8.000000000000000000e+00 1.700000000000000000e+01 3.000000000000000000e+00 0.000000000000000000e+00 1.600000000000000089e+00 -2.817100000000000160e-02 -1.766600000000000115e-02 -9.994469999999999743e-01 -7.128370000000000539e-01 -7.005770000000000053e-01 3.247599999999999792e-02 -7.007640000000000535e-01 7.133580000000000476e-01 7.143000000000000044e-03
2.300000000000000000e+01 1.010000000000000000e+02 7.000000000000000000e+00 0.000000000000000000e+00 1.600000000000000089e+00 -2.468000000000000142e-03 5.150000000000000498e-04 9.999970000000000248e-01 8.883219999999999450e-01 4.592169999999999863e-01 1.955999999999999839e-03 -4.592140000000000111e-01 8.883240000000000025e-01 -1.590999999999999966e-03
3.000000000000000000e+00 2.500000000000000000e+01 8.000000000000000000e+00 0.000000000000000000e+00 1.600000000000000089e+00 1.740999999999999926e-03 7.104000000000000072e-03 -9.999730000000000008e-01 4.389850000000000141e-01 8.984659999999999869e-01 7.146999999999999707e-03 8.984929999999999861e-01 -4.389850000000000141e-01 -1.554999999999999959e-03
6.000000000000000000e+00 2.500000000000000000e+01 8.000000000000000000e+00 0.000000000000000000e+00 1.600000000000000089e+00 6.400000000000000524e-04 8.659000000000000030e-03 -9.999620000000000175e-01 4.379140000000000255e-01 8.989810000000000301e-01 8.064999999999999253e-03 8.990169999999999551e-01 -4.379029999999999867e-01 -3.216999999999999808e-03
9.000000000000000000e+00 2.500000000000000000e+01 8.000000000000000000e+00 0.000000000000000000e+00 1.600000000000000089e+00 2.590000000000000071e-04 3.013000000000000053e-03 -9.999949999999999672e-01 4.375580000000000025e-01 8.991860000000000408e-01 2.821999999999999856e-03 8.991900000000000448e-01 -4.375569999999999737e-01 -1.085000000000000027e-03
1.700000000000000000e+01 2.500000000000000000e+01 8.000000000000000000e+00 0.000000000000000000e+00 1.600000000000000089e+00 -9.600000000000000243e-05 2.635000000000000189e-03 -9.999959999999999960e-01 4.378799999999999915e-01 8.990299999999999958e-01 2.327000000000000075e-03 8.990329999999999711e-01 -4.378779999999999895e-01 -1.240000000000000000e-03
2.100000000000000000e+01 2.500000000000000000e+01 8.000000000000000000e+00 0.000000000000000000e+00 1.600000000000000089e+00 8.499999999999999526e-04 4.441999999999999768e-03 -9.999900000000000455e-01 4.395930000000000115e-01 8.981869999999999576e-01 4.363999999999999824e-03 8.981970000000000232e-01 -4.395919999999999828e-01 -1.188999999999999953e-03
2.500000000000000000e+01 2.500000000000000000e+01 8.000000000000000000e+00 0.000000000000000000e+00 1.600000000000000089e+00 5.169999999999999899e-04 -1.895999999999999899e-03 -9.999980000000000535e-01 4.403349999999999764e-01 8.978319999999999634e-01 -1.474000000000000050e-03 8.978329999999999922e-01 -4.403329999999999744e-01 1.299000000000000024e-03
2.900000000000000000e+01 2.500000000000000000e+01 8.000000000000000000e+00 0.000000000000000000e+00 1.600000000000000089e+00 6.830000000000000134e-04 -4.094000000000000417e-03 -9.999909999999999632e-01 4.404170000000000029e-01 8.977870000000000017e-01 -3.374999999999999962e-03 8.977929999999999522e-01 -4.404109999999999969e-01 2.416999999999999878e-03
3.000000000000000000e+00 2.400000000000000000e+01 9.000000000000000000e+00 0.000000000000000000e+00 1.600000000000000089e+00 1.866000000000000037e-03 8.066999999999999518e-03 -9.999660000000000215e-01 4.453500000000000236e-01 8.953200000000000047e-01 8.052999999999999395e-03 8.953550000000000120e-01 -4.453500000000000236e-01 -1.922000000000000097e-03
1.000000000000000000e+01 2.400000000000000000e+01 9.000000000000000000e+00 0.000000000000000000e+00 1.600000000000000089e+00 2.059999999999999928e-04 9.330000000000000186e-04 -1.000000000000000000e+00 4.442639999999999922e-01 8.958960000000000257e-01 9.269999999999999811e-04 8.958960000000000257e-01 -4.442639999999999922e-01 -2.300000000000000070e-04
1.600000000000000000e+01 2.400000000000000000e+01 9.000000000000000000e+00 0.000000000000000000e+00 1.600000000000000089e+00 -2.590000000000000071e-04 4.000000000000000192e-04 -1.000000000000000000e+00 4.442869999999999875e-01 8.958850000000000424e-01 2.429999999999999977e-04 8.958850000000000424e-01 -4.442869999999999875e-01 -4.090000000000000211e-04
2.000000000000000000e+01 2.400000000000000000e+01 9.000000000000000000e+00 0.000000000000000000e+00 1.600000000000000089e+00 -3.609999999999999928e-04 5.645999999999999977e-03 -9.999839999999999840e-01 4.457050000000000178e-01 8.951670000000000460e-01 4.892999999999999780e-03 8.951799999999999757e-01 -4.456959999999999811e-01 -2.840000000000000076e-03
2.400000000000000000e+01 2.400000000000000000e+01 9.000000000000000000e+00 0.000000000000000000e+00 1.600000000000000089e+00 7.309999999999999875e-04 2.799999999999999958e-05 -1.000000000000000000e+00 4.478739999999999943e-01 8.940970000000000306e-01 3.519999999999999908e-04 8.940970000000000306e-01 -4.478739999999999943e-01 6.409999999999999682e-04
2.800000000000000000e+01 2.400000000000000000e+01 9.000000000000000000e+00 0.000000000000000000e+00 1.600000000000000089e+00 4.889999999999999599e-04 -4.538999999999999632e-03 -9.999900000000000455e-01 4.479549999999999921e-01 8.940479999999999539e-01 -3.838999999999999965e-03 8.940559999999999619e-01 -4.479489999999999861e-01 2.471000000000000106e-03
2.600000000000000000e+01 7.000000000000000000e+00 1.000000000000000000e+01 0.000000000000000000e+00 1.600000000000000089e+00 -1.327820000000000111e-01 -7.108799999999999841e-02 -9.885930000000000550e-01 -9.524639999999999773e-01 -2.667780000000000151e-01 1.471129999999999938e-01 -2.741930000000000200e-01 9.611330000000000151e-01 -3.228500000000000120e-02
1.700000000000000000e+01 8.000000000000000000e+00 1.000000000000000000e+01 0.000000000000000000e+00 1.600000000000000089e+00 -1.194080000000000003e-01 -4.020699999999999968e-02 -9.920309999999999961e-01 -9.869360000000000355e-01 -1.040500000000000036e-01 1.230119999999999963e-01 -1.081669999999999993e-01 9.937589999999999479e-01 -2.725800000000000098e-02
2.600000000000000000e+01 3.000000000000000000e+00 1.100000000000000000e+01 0.000000000000000000e+00 1.600000000000000089e+00 1.414299999999999932e-02 -1.440670000000000006e-01 9.894669999999999854e-01 1.964869999999999950e-01 -9.698710000000000386e-01 -1.440230000000000121e-01 9.804040000000000532e-01 1.964539999999999897e-01 1.459000000000000054e-02
2.300000000000000000e+01 3.100000000000000000e+01 1.200000000000000000e+01 0.000000000000000000e+00 1.600000000000000089e+00 -5.779999999999999548e-04 4.774999999999999731e-03 9.999879999999999880e-01 -3.064000000000000057e-02 9.995190000000000463e-01 -4.791000000000000120e-03 -9.995300000000000296e-01 -3.064199999999999910e-02 -4.319999999999999838e-04
5.000000000000000000e+00 3.500000000000000000e+01 1.200000000000000000e+01 0.000000000000000000e+00 1.600000000000000089e+00 -1.998999999999999909e-03 3.498999999999999940e-03 -9.999919999999999920e-01 4.223899999999999877e-01 -9.064050000000000162e-01 -4.015999999999999605e-03 -9.064119999999999955e-01 -4.223950000000000204e-01 3.339999999999999870e-04
1.400000000000000000e+01 3.500000000000000000e+01 1.200000000000000000e+01 0.000000000000000000e+00 1.600000000000000089e+00 -1.453000000000000081e-03 4.377999999999999947e-03 -9.999890000000000168e-01 4.564380000000000104e-01 -8.897439999999999793e-01 -4.558999999999999685e-03 -8.897540000000000449e-01 -4.564400000000000124e-01 -7.050000000000000060e-04
1.700000000000000000e+01 3.500000000000000000e+01 1.200000000000000000e+01 0.000000000000000000e+00 1.600000000000000089e+00 -2.537999999999999892e-03 4.557000000000000287e-03 -9.999860000000000415e-01 4.603079999999999949e-01 -8.877439999999999776e-01 -5.213999999999999885e-03 -8.877549999999999608e-01 -4.603149999999999742e-01 1.550000000000000000e-04
2.000000000000000000e+00 3.200000000000000000e+01 1.400000000000000000e+01 0.000000000000000000e+00 1.600000000000000089e+00 4.989999999999999861e-04 3.089999999999999865e-03 -9.999949999999999672e-01 1.238829999999999931e-01 9.922919999999999519e-01 3.128000000000000138e-03 9.922969999999999846e-01 -1.238839999999999941e-01 1.129999999999999955e-04
9.000000000000000000e+00 1.200000000000000000e+01 1.600000000000000000e+01 0.000000000000000000e+00 1.600000000000000089e+00 2.527999999999999865e-03 -9.494800000000000462e-02 9.954790000000000028e-01 2.060790000000000122e-01 -9.740649999999999586e-01 -9.342899999999999816e-02 9.785319999999999574e-01 2.053830000000000100e-01 1.710400000000000115e-02
3.000000000000000000e+00 1.300000000000000000e+01 1.600000000000000000e+01 0.000000000000000000e+00 1.600000000000000089e+00 6.851999999999999584e-03 -6.420800000000000118e-02 9.979130000000000500e-01 1.462420000000000109e-01 -9.871429999999999927e-01 -6.451900000000000690e-02 9.892250000000000210e-01 1.463780000000000081e-01 2.625999999999999862e-03
9.000000000000000000e+00 1.160000000000000000e+02 1.600000000000000000e+01 0.000000000000000000e+00 1.600000000000000089e+00 4.808999999999999907e-03 1.023999999999999954e-03 9.999879999999999880e-01 6.674090000000000300e-01 7.446810000000000374e-01 -3.971999999999999836e-03 -7.446760000000000046e-01 6.674200000000000133e-01 2.897999999999999968e-03
1.000000000000000000e+01 2.000000000000000000e+00 1.900000000000000000e+01 0.000000000000000000e+00 1.600000000000000089e+00 1.214299999999999928e-02 -5.182799999999999907e-02 -9.985819999999999697e-01 3.320159999999999778e-01 -9.417879999999999585e-01 5.291799999999999976e-02 -9.431960000000000344e-01 -3.321879999999999833e-01 5.772000000000000221e-03
1.800000000000000000e+01 2.000000000000000000e+00 1.900000000000000000e+01 0.000000000000000000e+00 1.600000000000000089e+00 1.285700000000000037e-02 -6.807499999999999662e-02 -9.975969999999999560e-01 3.630740000000000078e-01 -9.292690000000000117e-01 6.809199999999999975e-02 -9.316719999999999446e-01 -3.630769999999999831e-01 1.276900000000000084e-02
2.200000000000000000e+01 2.000000000000000000e+00 1.900000000000000000e+01 0.000000000000000000e+00 1.600000000000000089e+00 1.416199999999999924e-02 -5.644600000000000312e-02 -9.983049999999999979e-01 3.667030000000000012e-01 -9.285470000000000113e-01 5.770399999999999835e-02 -9.302300000000000013e-01 -3.668980000000000019e-01 7.549000000000000155e-03
2.800000000000000000e+01 2.000000000000000000e+00 1.900000000000000000e+01 0.000000000000000000e+00 1.600000000000000089e+00 4.474999999999999811e-03 -3.545700000000000240e-02 -9.993610000000000548e-01 3.561050000000000049e-01 -9.338009999999999922e-01 3.472499999999999892e-02 -9.344350000000000156e-01 -3.560329999999999884e-01 8.448000000000000648e-03
6.000000000000000000e+00 3.000000000000000000e+00 1.900000000000000000e+01 0.000000000000000000e+00 1.600000000000000089e+00 1.121100000000000048e-02 -3.277200000000000252e-02 -9.993999999999999551e-01 3.314099999999999824e-01 -9.428509999999999946e-01 3.463499999999999912e-02 -9.434200000000000363e-01 -3.315989999999999771e-01 2.910000000000000260e-04
1.200000000000000000e+01 3.000000000000000000e+00 1.900000000000000000e+01 0.000000000000000000e+00 1.600000000000000089e+00 1.344399999999999935e-02 -5.634700000000000125e-02 -9.983210000000000139e-01 3.421950000000000269e-01 -9.378649999999999487e-01 5.754299999999999693e-02 -9.395329999999999515e-01 -3.423939999999999761e-01 6.673000000000000112e-03
2.500000000000000000e+01 3.000000000000000000e+00 1.900000000000000000e+01 0.000000000000000000e+00 1.600000000000000089e+00 1.195899999999999914e-02 -3.015699999999999978e-02 -9.994739999999999736e-01 3.333030000000000159e-01 -9.422620000000000440e-01 3.241900000000000337e-02 -9.427440000000000264e-01 -3.335159999999999791e-01 -1.216999999999999983e-03
6.000000000000000000e+00 4.000000000000000000e+00 2.000000000000000000e+01 0.000000000000000000e+00 1.600000000000000089e+00 7.955000000000000265e-03 -3.386900000000000327e-02 -9.993950000000000333e-01 4.284430000000000183e-01 -9.029289999999999816e-01 3.400999999999999857e-02 -9.035339999999999483e-01 -4.284540000000000015e-01 7.328000000000000312e-03
1.300000000000000000e+01 4.000000000000000000e+00 2.000000000000000000e+01 0.000000000000000000e+00 1.600000000000000089e+00 9.440000000000000474e-03 -5.475200000000000206e-02 -9.984549999999999814e-01 4.097160000000000246e-01 -9.106250000000000178e-01 5.380999999999999672e-02 -9.121639999999999748e-01 -4.095909999999999829e-01 1.383599999999999934e-02
2.000000000000000000e+00 1.300000000000000000e+01 2.000000000000000000e+01 0.000000000000000000e+00 1.600000000000000089e+00 6.399999999999999710e-05 1.361599999999999963e-02 9.999069999999999903e-01 3.034410000000000163e-01 9.527619999999999978e-01 -1.299299999999999934e-02 -9.528499999999999748e-01 3.034140000000000170e-01 -4.070999999999999966e-03
1.000000000000000000e+01 1.300000000000000000e+01 2.000000000000000000e+01 0.000000000000000000e+00 1.600000000000000089e+00 4.452000000000000228e-03 -8.052000000000000129e-03 9.999580000000000135e-01 2.762229999999999963e-01 9.610720000000000374e-01 6.509000000000000029e-03 -9.610830000000000206e-01 2.761819999999999831e-01 6.503000000000000100e-03
1.500000000000000000e+01 1.300000000000000000e+01 2.000000000000000000e+01 0.000000000000000000e+00 1.600000000000000089e+00 5.959999999999999586e-04 6.920000000000000153e-04 1.000000000000000000e+00 2.627240000000000131e-01 9.648710000000000342e-01 -8.239999999999999712e-04 -9.648710000000000342e-01 2.627240000000000131e-01 3.930000000000000117e-04
1.900000000000000000e+01 1.300000000000000000e+01 2.000000000000000000e+01 0.000000000000000000e+00 1.600000000000000089e+00 -7.600000000000000418e-05 3.837000000000000133e-03 9.999930000000000208e-01 2.604330000000000256e-01 9.654850000000000376e-01 -3.684999999999999908e-03 -9.654920000000000169e-01 2.604310000000000236e-01 -1.072000000000000036e-03
2.400000000000000000e+01 1.300000000000000000e+01 2.000000000000000000e+01 0.000000000000000000e+00 1.600000000000000089e+00 -6.930000000000000396e-04 -2.609999999999999907e-03 9.999959999999999960e-01 2.595060000000000144e-01 9.657379999999999853e-01 2.700000000000000143e-03 -9.657409999999999606e-01 2.595069999999999877e-01 7.999999999999999638e-06
2.800000000000000000e+01 1.300000000000000000e+01 2.000000000000000000e+01 0.000000000000000000e+00 1.600000000000000089e+00 -2.380000000000000171e-03 -8.149999999999999259e-03 9.999639999999999640e-01 2.615129999999999955e-01 9.651629999999999932e-01 8.489000000000000018e-03 -9.651969999999999716e-01 2.615239999999999787e-01 -1.659999999999999963e-04
2.100000000000000000e+01 3.000000000000000000e+00 2.500000000000000000e+01 0.000000000000000000e+00 1.600000000000000089e+00 1.474800000000000069e-02 -3.979499999999999704e-02 9.990989999999999593e-01 -2.716999999999999797e-03 -9.992060000000000386e-01 -3.975900000000000267e-02 9.998879999999999990e-01 -2.128000000000000117e-03 -1.484500000000000056e-02
2.700000000000000000e+01 3.000000000000000000e+00 2.500000000000000000e+01 0.000000000000000000e+00 1.600000000000000089e+00 -5.135999999999999940e-03 5.709999999999999798e-03 9.999710000000000543e-01 -3.711899999999999922e-02 -9.992959999999999621e-01 5.514999999999999937e-03 9.992980000000000196e-01 -3.708999999999999797e-02 5.343999999999999792e-03
1.600000000000000000e+01 4.600000000000000000e+01 2.700000000000000000e+01 0.000000000000000000e+00 1.600000000000000089e+00 1.092000000000000089e-03 9.160000000000000390e-04 -9.999989999999999712e-01 6.777440000000000131e-01 7.352959999999999496e-01 1.413999999999999892e-03 7.352969999999999784e-01 -6.777450000000000419e-01 1.820000000000000057e-04
2.700000000000000000e+01 4.600000000000000000e+01 2.700000000000000000e+01 0.000000000000000000e+00 1.600000000000000089e+00 -1.306000000000000086e-03 -4.576000000000000206e-03 -9.999890000000000168e-01 6.796440000000000259e-01 7.335300000000000153e-01 -4.244999999999999642e-03 7.335409999999999986e-01 -6.796410000000000506e-01 2.151999999999999833e-03
1.300000000000000000e+01 4.600000000000000000e+01 3.000000000000000000e+01 0.000000000000000000e+00 1.600000000000000089e+00 5.209999999999999788e-04 7.439999999999999782e-04 -1.000000000000000000e+00 3.303189999999999737e-01 9.438689999999999580e-01 8.750000000000000182e-04 9.438689999999999580e-01 -3.303189999999999737e-01 2.460000000000000164e-04
5.000000000000000000e+00 5.800000000000000000e+01 3.100000000000000000e+01 0.000000000000000000e+00 1.600000000000000089e+00 4.144000000000000114e-03 -7.439999999999999782e-04 9.999909999999999632e-01 -8.006330000000000391e-01 -5.991469999999999851e-01 2.871999999999999987e-03 5.991400000000000059e-01 -8.006379999999999608e-01 -3.079000000000000140e-03
1.200000000000000000e+01 5.800000000000000000e+01 3.100000000000000000e+01 0.000000000000000000e+00 1.600000000000000089e+00 1.376000000000000053e-03 -1.129999999999999955e-04 9.999989999999999712e-01 -8.047840000000000549e-01 -5.935669999999999558e-01 1.039999999999999909e-03 5.935660000000000380e-01 -8.047849999999999726e-01 -9.079999999999999530e-04
1.700000000000000000e+01 5.800000000000000000e+01 3.100000000000000000e+01 0.000000000000000000e+00 1.600000000000000089e+00 -1.832999999999999994e-03 -1.466000000000000072e-03 9.999970000000000248e-01 -8.078689999999999483e-01 -5.893580000000000485e-01 -2.344999999999999862e-03 5.893589999999999662e-01 -8.078710000000000058e-01 -1.039999999999999936e-04
2.200000000000000000e+01 5.800000000000000000e+01 3.100000000000000000e+01 0.000000000000000000e+00 1.600000000000000089e+00 -5.126000000000000348e-03 -3.950000000000000386e-03 9.999789999999999512e-01 -8.117760000000000531e-01 -5.839330000000000354e-01 -6.467999999999999791e-03 5.839459999999999651e-01 -8.117929999999999868e-01 -2.139999999999999975e-04
2.600000000000000000e+01 5.800000000000000000e+01 3.100000000000000000e+01 0.000000000000000000e+00 1.600000000000000089e+00 3.119999999999999944e-04 8.999999999999999754e-04 1.000000000000000000e+00 -8.109650000000000469e-01 -5.850940000000000030e-01 7.799999999999999859e-04 5.850950000000000317e-01 -8.109650000000000469e-01 5.469999999999999602e-04
3.000000000000000000e+00 4.600000000000000000e+01 3.500000000000000000e+01 0.000000000000000000e+00 1.600000000000000089e+00 7.590000000000000175e-04 -4.542000000000000030e-03 -9.999890000000000168e-01 3.909369999999999790e-01 -9.204069999999999752e-01 4.477000000000000077e-03 -9.204170000000000407e-01 -3.909360000000000057e-01 1.077000000000000049e-03
9.000000000000000000e+00 4.600000000000000000e+01 3.500000000000000000e+01 0.000000000000000000e+00 1.600000000000000089e+00 1.940000000000000101e-03 2.612000000000000172e-03 -9.999949999999999672e-01 3.913179999999999992e-01 -9.202540000000000164e-01 -1.644999999999999978e-03 -9.202540000000000164e-01 -3.913119999999999932e-01 -2.807000000000000033e-03
1.400000000000000000e+01 4.600000000000000000e+01 3.500000000000000000e+01 0.000000000000000000e+00 1.600000000000000089e+00 -6.660000000000000338e-04 -2.288000000000000103e-03 -9.999970000000000248e-01 3.907959999999999767e-01 -9.204750000000000432e-01 1.845999999999999985e-03 -9.204769999999999897e-01 -3.907939999999999747e-01 1.507000000000000093e-03
1.800000000000000000e+01 4.600000000000000000e+01 3.500000000000000000e+01 0.000000000000000000e+00 1.600000000000000089e+00 -5.370000000000000424e-04 -2.418000000000000010e-03 -9.999970000000000248e-01 3.912720000000000087e-01 -9.202730000000000077e-01 2.014999999999999864e-03 -9.202749999999999542e-01 -3.912700000000000067e-01 1.441000000000000007e-03
2.500000000000000000e+01 4.600000000000000000e+01 3.500000000000000000e+01 0.000000000000000000e+00 1.600000000000000089e+00 4.139999999999999800e-04 -6.430000000000000169e-04 -1.000000000000000000e+00 3.919849999999999723e-01 -9.199709999999999832e-01 7.540000000000000044e-04 -9.199720000000000120e-01 -3.919849999999999723e-01 -1.289999999999999914e-04
2.700000000000000000e+01 4.600000000000000000e+01 3.500000000000000000e+01 0.000000000000000000e+00 1.600000000000000089e+00 3.919999999999999873e-04 2.400000000000000061e-05 -1.000000000000000000e+00 3.906379999999999852e-01 -9.205440000000000289e-01 1.310000000000000129e-04 -9.205440000000000289e-01 -3.906379999999999852e-01 -3.699999999999999947e-04
2.300000000000000000e+01 3.000000000000000000e+00 4.300000000000000000e+01 0.000000000000000000e+00 1.600000000000000089e+00 5.540000000000000219e-04 -8.373000000000000234e-03 -9.999649999999999928e-01 7.427420000000000133e-01 -6.695499999999999785e-01 6.017999999999999912e-03 -6.695769999999999778e-01 -7.427200000000000468e-01 5.847999999999999900e-03
1.000000000000000000e+00 2.900000000000000000e+01 4.400000000000000000e+01 0.000000000000000000e+00 1.600000000000000089e+00 8.050000000000000515e-04 5.760000000000000146e-04 -9.999989999999999712e-01 6.615560000000000329e-01 7.498960000000000070e-01 9.640000000000000131e-04 7.498960000000000070e-01 -6.615560000000000329e-01 2.220000000000000022e-04
5.000000000000000000e+00 2.900000000000000000e+01 4.400000000000000000e+01 0.000000000000000000e+00 1.600000000000000089e+00 1.637000000000000000e-03 -3.468999999999999861e-03 -9.999930000000000208e-01 6.598420000000000396e-01 7.514030000000000431e-01 -1.526999999999999929e-03 7.514030000000000431e-01 -6.598349999999999493e-01 3.518999999999999993e-03
1.100000000000000000e+01 2.900000000000000000e+01 4.400000000000000000e+01 0.000000000000000000e+00 1.600000000000000089e+00 2.889999999999999774e-04 -3.595999999999999804e-03 -9.999930000000000208e-01 6.637380000000000502e-01 7.479609999999999870e-01 -2.497999999999999787e-03 7.479649999999999910e-01 -6.637330000000000174e-01 2.602999999999999845e-03
1.900000000000000000e+01 2.900000000000000000e+01 4.400000000000000000e+01 0.000000000000000000e+00 1.600000000000000089e+00 3.923000000000000272e-03 6.729999999999999871e-04 -9.999919999999999920e-01 6.650620000000000420e-01 7.467819999999999458e-01 3.112000000000000183e-03 7.467780000000000529e-01 -6.650690000000000213e-01 2.481999999999999831e-03
2.800000000000000000e+01 2.900000000000000000e+01 4.400000000000000000e+01 0.000000000000000000e+00 1.600000000000000089e+00 -5.569999999999999864e-04 4.393000000000000203e-03 -9.999900000000000455e-01 6.634339999999999682e-01 7.482290000000000330e-01 2.916999999999999888e-03 7.482349999999999834e-01 -6.634259999999999602e-01 -3.331000000000000193e-03
2.000000000000000000e+01 5.000000000000000000e+00 5.100000000000000000e+01 0.000000000000000000e+00 1.600000000000000089e+00 1.240000000000000000e-03 -1.489500000000000025e-02 -9.998879999999999990e-01 4.828089999999999882e-01 -8.756190000000000362e-01 1.364300000000000061e-02 -8.757249999999999757e-01 -4.827719999999999789e-01 6.106000000000000316e-03
2.000000000000000000e+01 1.150000000000000000e+02 5.100000000000000000e+01 0.000000000000000000e+00 1.600000000000000089e+00 -2.295000000000000165e-03 3.380000000000000192e-03 9.999919999999999920e-01 8.457729999999999970e-01 -5.335299999999999487e-01 3.743999999999999932e-03 5.335379999999999567e-01 8.457740000000000258e-01 -1.634999999999999952e-03
2.000000000000000000e+00 7.000000000000000000e+00 5.200000000000000000e+01 0.000000000000000000e+00 1.600000000000000089e+00 -6.440999999999999677e-03 -4.307000000000000065e-03 -9.999700000000000255e-01 1.450629999999999975e-01 -9.894169999999999909e-01 3.327000000000000096e-03 -9.894009999999999749e-01 -1.450369999999999993e-01 6.997999999999999880e-03
2.000000000000000000e+00 1.600000000000000000e+01 5.200000000000000000e+01 0.000000000000000000e+00 1.600000000000000089e+00 2.975000000000000214e-03 8.200000000000000095e-05 -9.999959999999999960e-01 7.787549999999999750e-01 6.273239999999999927e-01 2.369000000000000012e-03 6.273210000000000175e-01 -7.787589999999999790e-01 1.801999999999999999e-03
2.000000000000000000e+00 6.300000000000000000e+01 5.400000000000000000e+01 0.000000000000000000e+00 1.600000000000000089e+00 1.650999999999999907e-03 3.066000000000000149e-03 9.999940000000000495e-01 -3.475940000000000141e-01 9.376419999999999755e-01 -2.301000000000000094e-03 -9.376440000000000330e-01 -3.475880000000000081e-01 2.614000000000000004e-03
8.000000000000000000e+00 6.300000000000000000e+01 5.400000000000000000e+01 0.000000000000000000e+00 1.600000000000000089e+00 -9.499999999999999981e-04 8.639999999999999677e-04 9.999989999999999712e-01 -3.489630000000000232e-01 9.371359999999999690e-01 -1.141000000000000087e-03 -9.371359999999999690e-01 -3.489630000000000232e-01 -5.879999999999999810e-04
1.300000000000000000e+01 6.300000000000000000e+01 5.400000000000000000e+01 0.000000000000000000e+00 1.600000000000000089e+00 1.918000000000000000e-03 7.870000000000000476e-04 9.999980000000000535e-01 -3.502419999999999978e-01 9.366590000000000193e-01 -6.499999999999999431e-05 -9.366569999999999618e-01 -3.502410000000000245e-01 2.073000000000000190e-03
1.800000000000000000e+01 6.300000000000000000e+01 5.400000000000000000e+01 0.000000000000000000e+00 1.600000000000000089e+00 -1.224000000000000045e-03 -3.504000000000000170e-03 9.999930000000000208e-01 -3.529900000000000260e-01 9.356229999999999825e-01 2.847000000000000138e-03 -9.356259999999999577e-01 -3.529840000000000200e-01 -2.382000000000000003e-03
2.300000000000000000e+01 6.300000000000000000e+01 5.400000000000000000e+01 0.000000000000000000e+00 1.600000000000000089e+00 -1.446000000000000020e-03 -1.533000000000000074e-03 9.999980000000000535e-01 -3.496609999999999996e-01 9.368760000000000421e-01 9.300000000000000541e-04 -9.368750000000000133e-01 -3.496589999999999976e-01 -1.891000000000000103e-03
2.900000000000000000e+01 6.300000000000000000e+01 5.400000000000000000e+01 0.000000000000000000e+00 1.600000000000000089e+00 2.706000000000000072e-03 7.538999999999999695e-03 9.999679999999999680e-01 -3.514900000000000246e-01 9.361720000000000041e-01 -6.106999999999999582e-03 -9.361880000000000202e-01 -3.514630000000000254e-01 5.183000000000000107e-03
3.000000000000000000e+00 2.500000000000000000e+01 5.500000000000000000e+01 0.000000000000000000e+00 1.600000000000000089e+00 2.095000000000000074e-03 -7.669999999999999951e-04 -9.999970000000000248e-01 -1.308999999999999921e-02 -9.999139999999999695e-01 7.399999999999999894e-04 -9.999120000000000230e-01 1.308800000000000067e-02 -2.105000000000000100e-03
9.000000000000000000e+00 2.500000000000000000e+01 5.500000000000000000e+01 0.000000000000000000e+00 1.600000000000000089e+00 1.667000000000000079e-03 -4.414000000000000389e-03 -9.999890000000000168e-01 -1.314199999999999917e-02 -9.999040000000000150e-01 4.392000000000000071e-03 -9.999120000000000230e-01 1.313399999999999984e-02 -1.724999999999999971e-03
1.200000000000000000e+01 2.500000000000000000e+01 5.500000000000000000e+01 0.000000000000000000e+00 1.600000000000000089e+00 2.895000000000000004e-03 -5.879999999999999810e-03 -9.999789999999999512e-01 -1.438299999999999995e-02 -9.998799999999999910e-01 5.838000000000000307e-03 -9.998920000000000030e-01 1.436600000000000030e-02 -2.978999999999999877e-03
2.500000000000000000e+01 2.500000000000000000e+01 5.500000000000000000e+01 0.000000000000000000e+00 1.600000000000000089e+00 -2.719999999999999979e-04 -3.144000000000000093e-03 -9.999949999999999672e-01 -1.474199999999999990e-02 -9.998860000000000525e-01 3.147000000000000058e-03 -9.998909999999999743e-01 1.474299999999999916e-02 2.259999999999999910e-04
2.800000000000000000e+01 2.500000000000000000e+01 5.500000000000000000e+01 0.000000000000000000e+00 1.600000000000000089e+00 1.126999999999999964e-03 3.510999999999999798e-03 -9.999930000000000208e-01 -1.499400000000000038e-02 -9.998810000000000198e-01 -3.527000000000000187e-03 -9.998869999999999703e-01 1.499799999999999918e-02 -1.075000000000000001e-03
2.200000000000000000e+01 5.800000000000000000e+01 5.900000000000000000e+01 0.000000000000000000e+00 1.600000000000000089e+00 -3.130000000000000187e-04 -4.216000000000000129e-03 -9.999909999999999632e-01 3.944670000000000121e-01 9.189009999999999678e-01 -3.996999999999999685e-03 9.189100000000000046e-01 -3.944650000000000101e-01 1.376000000000000053e-03
2.600000000000000000e+01 2.100000000000000000e+01 6.000000000000000000e+01 0.000000000000000000e+00 1.600000000000000089e+00 3.944999999999999722e-03 2.044999999999999943e-03 9.999900000000000455e-01 -9.674599999999999866e-02 9.953079999999999705e-01 -1.652999999999999955e-03 -9.953009999999999913e-01 -9.673800000000000454e-02 4.124000000000000062e-03
3.000000000000000000e+01 2.100000000000000000e+01 6.000000000000000000e+01 0.000000000000000000e+00 1.600000000000000089e+00 5.197000000000000230e-03 -1.305000000000000084e-02 9.999010000000000398e-01 -1.012429999999999997e-01 9.947700000000000431e-01 1.350900000000000017e-02 -9.948479999999999546e-01 -1.013040000000000052e-01 3.847999999999999858e-03
1.500000000000000000e+01 6.000000000000000000e+00 6.100000000000000000e+01 0.000000000000000000e+00 1.600000000000000089e+00 1.043000000000000090e-03 2.386999999999999799e-03 9.999970000000000248e-01 5.666010000000000213e-01 -8.239910000000000290e-01 1.374999999999999920e-03 8.239919999999999467e-01 5.665980000000000461e-01 -2.211999999999999991e-03
5.000000000000000000e+00 3.000000000000000000e+00 6.300000000000000000e+01 0.000000000000000000e+00 1.600000000000000089e+00 6.899999999999999667e-04 -1.453999999999999997e-03 9.999989999999999712e-01 -6.151929999999999898e-01 7.883750000000000480e-01 1.570999999999999914e-03 -7.883759999999999657e-01 -6.151929999999999898e-01 -3.510000000000000208e-04
3.000000000000000000e+00 2.700000000000000000e+01 6.300000000000000000e+01 0.000000000000000000e+00 1.600000000000000089e+00 1.299000000000000024e-03 1.168999999999999900e-03 9.999989999999999712e-01 -2.671029999999999793e-01 9.636679999999999691e-01 -7.789999999999999616e-04 -9.636670000000000513e-01 -2.671020000000000061e-01 1.562999999999999936e-03
6.000000000000000000e+00 2.700000000000000000e+01 6.300000000000000000e+01 0.000000000000000000e+00 1.600000000000000089e+00 1.642000000000000013e-03 7.413000000000000318e-03 9.999710000000000543e-01 -2.666979999999999906e-01 9.637569999999999748e-01 -6.707000000000000288e-03 -9.637790000000000523e-01 -2.666789999999999994e-01 3.559999999999999797e-03
1.100000000000000000e+01 2.700000000000000000e+01 6.300000000000000000e+01 0.000000000000000000e+00 1.600000000000000089e+00 1.910000000000000022e-03 1.113500000000000080e-02 9.999360000000000470e-01 -2.660460000000000047e-01 9.639060000000000406e-01 -1.022499999999999971e-02 -9.639579999999999815e-01 -2.660100000000000242e-01 4.804000000000000110e-03
1.600000000000000000e+01 2.700000000000000000e+01 6.300000000000000000e+01 0.000000000000000000e+00 1.600000000000000089e+00 -6.560000000000000076e-04 5.931999999999999773e-03 9.999820000000000375e-01 -2.663409999999999944e-01 9.638609999999999678e-01 -5.891999999999999668e-03 -9.638790000000000413e-01 -2.663400000000000212e-01 9.470000000000000336e-04
2.600000000000000000e+01 2.700000000000000000e+01 6.300000000000000000e+01 0.000000000000000000e+00 1.600000000000000089e+00 -5.399999999999999798e-05 -6.798000000000000223e-03 9.999770000000000048e-01 -2.729800000000000004e-01 9.619980000000000198e-01 6.525000000000000418e-03 -9.620199999999999863e-01 -2.729739999999999944e-01 -1.907999999999999974e-03
7.000000000000000000e+00 2.600000000000000000e+01 6.400000000000000000e+01 0.000000000000000000e+00 1.600000000000000089e+00 1.278000000000000056e-03 7.806999999999999704e-03 9.999689999999999968e-01 -3.504920000000000258e-01 9.365409999999999568e-01 -6.863000000000000177e-03 -9.365649999999999809e-01 -3.504720000000000057e-01 3.932999999999999864e-03
1.100000000000000000e+01 2.600000000000000000e+01 6.400000000000000000e+01 0.000000000000000000e+00 1.600000000000000089e+00 2.203999999999999796e-03 1.049199999999999959e-02 9.999430000000000263e-01 -3.481029999999999958e-01 9.374120000000000230e-01 -9.069000000000000672e-03 -9.374540000000000095e-01 -3.480630000000000113e-01 5.717999999999999992e-03
1.600000000000000000e+01 2.600000000000000000e+01 6.400000000000000000e+01 0.000000000000000000e+00 1.600000000000000089e+00 -1.471000000000000085e-03 8.352999999999999314e-03 9.999639999999999640e-01 -3.444240000000000079e-01 9.387769999999999726e-01 -8.347999999999999518e-03 -9.388130000000000086e-01 -3.444240000000000079e-01 1.495999999999999934e-03
2.700000000000000000e+01 2.600000000000000000e+01 6.400000000000000000e+01 0.000000000000000000e+00 1.600000000000000089e+00 1.033000000000000064e-03 -4.049999999999999781e-03 9.999909999999999632e-01 -3.545730000000000270e-01 9.350190000000000445e-01 4.152999999999999574e-03 -9.350279999999999703e-01 -3.545740000000000003e-01 -4.699999999999999859e-04
3.000000000000000000e+00 5.400000000000000000e+01 6.500000000000000000e+01 0.000000000000000000e+00 1.600000000000000089e+00 -3.795979999999999910e-01 -2.404219999999999968e-01 8.933659999999999934e-01 -1.457499999999999941e-02 -9.639689999999999648e-01 -2.656160000000000188e-01 9.250369999999999981e-01 -1.138480000000000047e-01 3.624169999999999892e-01
5.000000000000000000e+00 2.500000000000000000e+01 7.300000000000000000e+01 0.000000000000000000e+00 1.600000000000000089e+00 -7.330000000000000361e-04 -3.863000000000000114e-03 9.999919999999999920e-01 7.517960000000000198e-01 -6.593930000000000069e-01 -1.995999999999999944e-03 6.593959999999999821e-01 7.517880000000000118e-01 3.387999999999999953e-03
1.200000000000000000e+01 2.500000000000000000e+01 7.300000000000000000e+01 0.000000000000000000e+00 1.600000000000000089e+00 -4.679999999999999915e-04 2.556000000000000112e-03 9.999970000000000248e-01 7.469630000000000436e-01 -6.648629999999999818e-01 2.049000000000000040e-03 6.648659999999999570e-01 7.469609999999999861e-01 -1.598000000000000028e-03
1.500000000000000000e+01 2.500000000000000000e+01 7.300000000000000000e+01 0.000000000000000000e+00 1.600000000000000089e+00 -1.791000000000000057e-03 2.160000000000000028e-03 9.999959999999999960e-01 7.466749999999999776e-01 -6.651829999999999687e-01 2.773999999999999990e-03 6.651860000000000550e-01 7.466770000000000351e-01 -4.209999999999999875e-04
2.100000000000000000e+01 2.500000000000000000e+01 7.300000000000000000e+01 0.000000000000000000e+00 1.600000000000000089e+00 1.108999999999999960e-03 1.453000000000000081e-03 9.999980000000000535e-01 7.547110000000000207e-01 -6.560570000000000013e-01 1.160000000000000007e-04 6.560570000000000013e-01 7.547099999999999920e-01 -1.824000000000000100e-03
2.800000000000000000e+01 2.500000000000000000e+01 7.300000000000000000e+01 0.000000000000000000e+00 1.600000000000000089e+00 -8.469999999999999881e-04 1.227000000000000009e-03 9.999989999999999712e-01 7.514020000000000143e-01 -6.598429999999999573e-01 1.446000000000000020e-03 6.598439999999999861e-01 7.514020000000000143e-01 -3.629999999999999872e-04
1.500000000000000000e+01 4.400000000000000000e+01 7.300000000000000000e+01 0.000000000000000000e+00 1.600000000000000089e+00 -1.931999999999999907e-03 6.315000000000000301e-03 9.999780000000000335e-01 5.803599999999999731e-02 -9.982940000000000147e-01 6.415999999999999828e-03 9.983130000000000059e-01 5.804700000000000137e-02 1.562000000000000020e-03
1.900000000000000000e+01 4.400000000000000000e+01 7.300000000000000000e+01 0.000000000000000000e+00 1.600000000000000089e+00 -1.502999999999999996e-03 -3.997999999999999818e-03 9.999909999999999632e-01 5.639600000000000168e-02 -9.984009999999999829e-01 -3.906999999999999883e-03 9.984070000000000444e-01 5.639000000000000262e-02 1.726000000000000104e-03
2.600000000000000000e+01 4.400000000000000000e+01 7.300000000000000000e+01 0.000000000000000000e+00 1.600000000000000089e+00 -2.994000000000000133e-03 -1.671299999999999869e-02 9.998559999999999670e-01 5.420500000000000318e-02 -9.983929999999999749e-01 -1.652599999999999902e-02 9.985249999999999959e-01 5.414800000000000169e-02 3.895000000000000025e-03
2.200000000000000000e+01 5.100000000000000000e+01 7.600000000000000000e+01 0.000000000000000000e+00 1.600000000000000089e+00 -9.420000000000000205e-04 -5.398000000000000020e-03 -9.999850000000000128e-01 -3.925759999999999805e-01 -9.197039999999999660e-01 5.334000000000000200e-03 -9.197189999999999532e-01 3.925759999999999805e-01 -1.252999999999999991e-03
5.000000000000000000e+00 9.100000000000000000e+01 7.600000000000000000e+01 0.000000000000000000e+00 1.600000000000000089e+00 8.499999999999999526e-04 1.657999999999999969e-03 9.999980000000000535e-01 3.812650000000000206e-01 -9.244649999999999812e-01 1.209000000000000005e-03 9.244649999999999812e-01 3.812630000000000186e-01 -1.417000000000000074e-03
1.200000000000000000e+01 9.100000000000000000e+01 7.600000000000000000e+01 0.000000000000000000e+00 1.600000000000000089e+00 -3.009999999999999980e-04 3.640000000000000115e-04 1.000000000000000000e+00 3.817400000000000237e-01 -9.242700000000000360e-01 4.510000000000000120e-04 9.242700000000000360e-01 3.817400000000000237e-01 1.389999999999999905e-04
1.600000000000000000e+01 9.100000000000000000e+01 7.600000000000000000e+01 0.000000000000000000e+00 1.600000000000000089e+00 -3.119999999999999944e-04 -2.590000000000000071e-04 1.000000000000000000e+00 3.772240000000000038e-01 -9.261220000000000008e-01 -1.219999999999999974e-04 9.261220000000000008e-01 3.772229999999999750e-01 3.860000000000000041e-04
1.900000000000000000e+01 9.100000000000000000e+01 7.600000000000000000e+01 0.000000000000000000e+00 1.600000000000000089e+00 -1.297999999999999892e-03 -1.147999999999999932e-03 9.999980000000000535e-01 3.738130000000000064e-01 -9.275039999999999951e-01 -5.789999999999999791e-04 9.275029999999999664e-01 3.738119999999999776e-01 1.632999999999999903e-03
2.700000000000000000e+01 9.100000000000000000e+01 7.600000000000000000e+01 0.000000000000000000e+00 1.600000000000000089e+00 -1.869999999999999917e-04 1.871000000000000050e-03 9.999980000000000535e-01 3.920040000000000191e-01 -9.199619999999999465e-01 1.794999999999999938e-03 9.199640000000000040e-01 3.920029999999999903e-01 -5.609999999999999752e-04
2.000000000000000000e+01 6.300000000000000000e+01 8.100000000000000000e+01 0.000000000000000000e+00 1.600000000000000089e+00 -5.699000000000000073e-03 -2.556000000000000112e-03 9.999810000000000088e-01 1.398499999999999917e-02 -9.998989999999999823e-01 -2.475999999999999902e-03 9.998860000000000525e-01 1.397100000000000078e-02 5.734000000000000381e-03
1.800000000000000000e+01 4.400000000000000000e+01 8.300000000000000000e+01 0.000000000000000000e+00 1.600000000000000089e+00 -9.589999999999999566e-03 1.046500000000000069e-01 9.944629999999999859e-01 4.703649999999999776e-01 -8.771419999999999773e-01 9.683999999999999553e-02 8.824199999999999822e-01 4.686890000000000223e-01 -4.081200000000000105e-02
7.000000000000000000e+00 7.700000000000000000e+01 8.400000000000000000e+01 0.000000000000000000e+00 1.600000000000000089e+00 -3.513700000000000156e-02 -9.085500000000000520e-02 -9.952440000000000175e-01 9.830039999999999889e-01 -1.826959999999999973e-01 -1.802600000000000036e-02 -1.801889999999999881e-01 -9.789630000000000276e-01 9.573099999999999665e-02
1.700000000000000000e+01 7.700000000000000000e+01 8.400000000000000000e+01 0.000000000000000000e+00 1.600000000000000089e+00 1.226000000000000093e-03 -1.477999999999999930e-03 -9.999980000000000535e-01 9.818519999999999470e-01 -1.896440000000000070e-01 1.484000000000000076e-03 -1.896460000000000090e-01 -9.818519999999999470e-01 1.217999999999999899e-03
2.200000000000000000e+01 7.700000000000000000e+01 8.400000000000000000e+01 0.000000000000000000e+00 1.600000000000000089e+00 2.340000000000000066e-03 -2.213999999999999822e-03 -9.999949999999999672e-01 9.847320000000000517e-01 -1.740549999999999875e-01 2.690000000000000117e-03 -1.740599999999999925e-01 -9.847339999999999982e-01 1.773000000000000053e-03
