5.000000000000000000e+00 2.500000000000000000e+01 1.000000000000000000e+00 0.000000000000000000e+00 1.600000000000000089e+00 -8.580000000000000387e-04 -1.188000000000000037e-03 -9.999989999999999712e-01 -5.294959999999999667e-01 -8.483110000000000372e-01 1.463000000000000108e-03 -8.483119999999999550e-01 5.294969999999999954e-01 9.899999999999999404e-05
1.200000000000000000e+01 2.500000000000000000e+01 1.000000000000000000e+00 0.000000000000000000e+00 1.600000000000000089e+00 -1.699999999999999987e-05 -1.536000000000000039e-03 -9.999989999999999712e-01 -5.300829999999999709e-01 -8.479449999999999488e-01 1.312000000000000015e-03 -8.479459999999999775e-01 5.300829999999999709e-01 -8.000000000000000383e-04
1.900000000000000000e+01 2.500000000000000000e+01 1.000000000000000000e+00 0.000000000000000000e+00 1.600000000000000089e+00 -3.399999999999999973e-05 -1.201999999999999943e-03 -9.999989999999999712e-01 -5.304079999999999906e-01 -8.477419999999999956e-01 1.036999999999999944e-03 -8.477430000000000243e-01 5.304079999999999906e-01 -6.089999999999999494e-04
1.600000000000000000e+01 3.000000000000000000e+00 4.000000000000000000e+00 0.000000000000000000e+00 1.600000000000000089e+00 -1.215640000000000054e-01 -3.328699999999999715e-02 -9.920250000000000457e-01 -8.339860000000000051e-01 -5.385199999999999987e-01 1.202669999999999989e-01 -5.382280000000000397e-01 8.419550000000000090e-01 3.770400000000000140e-02
5.000000000000000000e+00 1.500000000000000000e+01 4.000000000000000000e+00 0.000000000000000000e+00 1.600000000000000089e+00 -3.824000000000000142e-03 -7.696999999999999849e-03 9.999630000000000463e-01 3.215729999999999977e-01 -9.468649999999999567e-01 -6.059000000000000150e-03 9.468769999999999687e-01 3.215379999999999905e-01 6.095999999999999856e-03
1.000000000000000000e+01 1.500000000000000000e+01 4.000000000000000000e+00 0.000000000000000000e+00 1.600000000000000089e+00 2.030000000000000012e-04 -1.015600000000000010e-02 9.999479999999999480e-01 3.156129999999999769e-01 -9.488379999999999592e-01 -9.700999999999999554e-03 9.488879999999999537e-01 3.155990000000000184e-01 3.011999999999999920e-03
2.200000000000000000e+01 1.500000000000000000e+01 4.000000000000000000e+00 0.000000000000000000e+00 1.600000000000000089e+00 -3.400000000000000244e-04 5.324999999999999872e-03 9.999860000000000415e-01 3.210089999999999888e-01 -9.470619999999999594e-01 5.152999999999999595e-03 9.470760000000000289e-01 3.210060000000000136e-01 -1.386999999999999995e-03
2.700000000000000000e+01 1.500000000000000000e+01 4.000000000000000000e+00 0.000000000000000000e+00 1.600000000000000089e+00 -3.543000000000000142e-03 -4.226999999999999855e-03 9.999850000000000128e-01 3.204310000000000214e-01 -9.472669999999999702e-01 -2.867999999999999890e-03 9.472650000000000237e-01 3.204159999999999786e-01 4.709999999999999777e-03
1.500000000000000000e+01 1.600000000000000000e+01 4.000000000000000000e+00 0.000000000000000000e+00 1.600000000000000089e+00 3.572999999999999787e-03 -2.494000000000000123e-03 9.999909999999999632e-01 3.951709999999999945e-01 -9.185999999999999721e-01 -3.703000000000000128e-03 9.186010000000000009e-01 3.951799999999999757e-01 -2.295999999999999864e-03
5.000000000000000000e+00 1.010000000000000000e+02 7.000000000000000000e+00 0.000000000000000000e+00 1.600000000000000089e+00 1.379999999999999933e-03 -1.504899999999999988e-02 9.998860000000000525e-01 8.887509999999999577e-01 4.583550000000000124e-01 5.671999999999999958e-03 -4.583880000000000177e-01 8.886420000000000430e-01 1.400700000000000035e-02
2.000000000000000000e+01 1.010000000000000000e+02 7.000000000000000000e+00 0.000000000000000000e+00 1.600000000000000089e+00 -6.139999999999999625e-04 4.112000000000000204e-03 9.999909999999999632e-01 8.895880000000000454e-01 4.567629999999999746e-01 -1.332000000000000068e-03 -4.567640000000000033e-01 8.895790000000000086e-01 -3.937999999999999660e-03
2.400000000000000000e+01 1.010000000000000000e+02 7.000000000000000000e+00 0.000000000000000000e+00 1.600000000000000089e+00 -1.930000000000000021e-04 4.464000000000000086e-03 9.999900000000000455e-01 8.893900000000000139e-01 4.571459999999999968e-01 -1.869000000000000002e-03 -4.571500000000000008e-01 8.893809999999999771e-01 -4.057999999999999975e-03
2.000000000000000000e+00 2.500000000000000000e+01 8.000000000000000000e+00 0.000000000000000000e+00 1.600000000000000089e+00 3.939999999999999926e-03 -1.168999999999999900e-03 -9.999919999999999920e-01 4.497039999999999926e-01 8.931780000000000275e-01 7.280000000000000230e-04 8.931689999999999907e-01 -4.497030000000000194e-01 4.044999999999999984e-03
8.000000000000000000e+00 2.500000000000000000e+01 8.000000000000000000e+00 0.000000000000000000e+00 1.600000000000000089e+00 -4.479999999999999933e-04 5.655999999999999570e-03 -9.999839999999999840e-01 4.445569999999999800e-01 8.957370000000000054e-01 4.866999999999999799e-03 8.957500000000000462e-01 -4.445479999999999987e-01 -2.916000000000000189e-03
1.500000000000000000e+01 2.500000000000000000e+01 8.000000000000000000e+00 0.000000000000000000e+00 1.600000000000000089e+00 1.049999999999999935e-03 -1.819000000000000087e-03 -9.999980000000000535e-01 4.449250000000000149e-01 8.955670000000000019e-01 -1.162000000000000055e-03 8.955670000000000019e-01 -4.449230000000000129e-01 1.750000000000000036e-03
1.700000000000000000e+01 2.500000000000000000e+01 8.000000000000000000e+00 0.000000000000000000e+00 1.600000000000000089e+00 3.559999999999999797e-04 1.299999999999999920e-05 -1.000000000000000000e+00 4.451109999999999789e-01 8.954760000000000497e-01 1.700000000000000122e-04 8.954750000000000210e-01 -4.451109999999999789e-01 3.130000000000000187e-04
2.800000000000000000e+01 2.500000000000000000e+01 8.000000000000000000e+00 0.000000000000000000e+00 1.600000000000000089e+00 8.499999999999999526e-04 -6.399999999999999710e-05 -1.000000000000000000e+00 4.479009999999999936e-01 8.940829999999999611e-01 3.229999999999999907e-04 8.940820000000000434e-01 -4.479020000000000223e-01 7.889999999999999878e-04
3.000000000000000000e+00 2.400000000000000000e+01 9.000000000000000000e+00 0.000000000000000000e+00 1.600000000000000089e+00 3.677000000000000147e-03 -7.690000000000000438e-04 -9.999930000000000208e-01 4.546990000000000198e-01 8.906450000000000200e-01 9.870000000000000301e-04 8.906380000000000408e-01 -4.546990000000000198e-01 3.625000000000000184e-03
9.000000000000000000e+00 2.400000000000000000e+01 9.000000000000000000e+00 0.000000000000000000e+00 1.600000000000000089e+00 -1.119999999999999983e-04 6.820999999999999806e-03 -9.999770000000000048e-01 4.498360000000000136e-01 8.930909999999999682e-01 6.041000000000000363e-03 8.931109999999999882e-01 -4.498249999999999749e-01 -3.168999999999999942e-03
1.400000000000000000e+01 2.400000000000000000e+01 9.000000000000000000e+00 0.000000000000000000e+00 1.600000000000000089e+00 9.110000000000000259e-04 -3.272000000000000169e-03 -9.999940000000000495e-01 4.509560000000000235e-01 8.925429999999999753e-01 -2.508999999999999946e-03 8.925459999999999505e-01 -4.509509999999999907e-01 2.288000000000000103e-03
1.800000000000000000e+01 2.400000000000000000e+01 9.000000000000000000e+00 0.000000000000000000e+00 1.600000000000000089e+00 -1.039999999999999936e-04 7.690000000000000438e-04 -1.000000000000000000e+00 4.511800000000000255e-01 8.924330000000000318e-01 6.400000000000000524e-04 8.924330000000000318e-01 -4.511800000000000255e-01 -4.400000000000000157e-04
2.500000000000000000e+01 2.400000000000000000e+01 9.000000000000000000e+00 0.000000000000000000e+00 1.600000000000000089e+00 -1.939999999999999993e-04 9.100000000000000016e-04 -1.000000000000000000e+00 4.519739999999999869e-01 8.920310000000000183e-01 7.230000000000000098e-04 8.920310000000000183e-01 -4.519739999999999869e-01 -5.839999999999999922e-04
1.100000000000000000e+01 3.100000000000000000e+01 1.200000000000000000e+01 0.000000000000000000e+00 1.600000000000000089e+00 2.347000000000000128e-03 -3.199000000000000021e-03 9.999919999999999920e-01 -5.801999999999999866e-03 9.999780000000000335e-01 3.212000000000000011e-03 -9.999799999999999800e-01 -5.808999999999999928e-03 2.328999999999999907e-03
2.100000000000000000e+01 3.100000000000000000e+01 1.200000000000000000e+01 0.000000000000000000e+00 1.600000000000000089e+00 -8.589999999999999546e-04 -1.955999999999999839e-03 9.999980000000000535e-01 5.730000000000000501e-04 9.999980000000000535e-01 1.955999999999999839e-03 -9.999989999999999712e-01 5.749999999999999903e-04 -8.580000000000000387e-04
2.800000000000000000e+01 3.100000000000000000e+01 1.200000000000000000e+01 0.000000000000000000e+00 1.600000000000000089e+00 9.640000000000000131e-04 6.449999999999999570e-04 9.999989999999999712e-01 -1.489999999999999897e-04 1.000000000000000000e+00 -6.449999999999999570e-04 -1.000000000000000000e+00 -1.489999999999999897e-04 9.640000000000000131e-04
2.000000000000000000e+00 3.500000000000000000e+01 1.200000000000000000e+01 0.000000000000000000e+00 1.600000000000000089e+00 -2.834999999999999847e-03 4.451000000000000095e-03 -9.999860000000000415e-01 5.133480000000000265e-01 -8.581640000000000379e-01 -5.276000000000000308e-03 -8.581760000000000499e-01 -5.133560000000000345e-01 1.479999999999999925e-04
6.000000000000000000e+00 3.500000000000000000e+01 1.200000000000000000e+01 0.000000000000000000e+00 1.600000000000000089e+00 -2.026000000000000023e-03 -1.179999999999999951e-04 -9.999980000000000535e-01 5.242299999999999738e-01 -8.515759999999999996e-01 -9.619999999999999645e-04 -8.515740000000000531e-01 -5.242310000000000025e-01 1.786999999999999960e-03
1.300000000000000000e+01 3.500000000000000000e+01 1.200000000000000000e+01 0.000000000000000000e+00 1.600000000000000089e+00 2.272999999999999847e-03 6.405000000000000103e-03 -9.999770000000000048e-01 5.385590000000000099e-01 -8.425780000000000491e-01 -4.172999999999999626e-03 -8.425850000000000284e-01 -5.385370000000000434e-01 -5.364999999999999977e-03
1.600000000000000000e+01 3.500000000000000000e+01 1.200000000000000000e+01 0.000000000000000000e+00 1.600000000000000089e+00 7.420000000000000380e-04 4.720000000000000237e-03 -9.999890000000000168e-01 5.482970000000000343e-01 -8.362760000000000193e-01 -3.540000000000000178e-03 -8.362829999999999986e-01 -5.482879999999999976e-01 -3.207999999999999914e-03
2.000000000000000000e+01 3.500000000000000000e+01 1.200000000000000000e+01 0.000000000000000000e+00 1.600000000000000089e+00 -4.335999999999999577e-03 4.873999999999999860e-03 -9.999789999999999512e-01 5.591089999999999671e-01 -8.290689999999999449e-01 -6.465000000000000260e-03 -8.290830000000000144e-01 -5.591249999999999831e-01 8.689999999999999808e-04
2.700000000000000000e+01 3.500000000000000000e+01 1.200000000000000000e+01 0.000000000000000000e+00 1.600000000000000089e+00 -1.172000000000000082e-03 6.801999999999999887e-03 -9.999759999999999760e-01 5.733909999999999840e-01 -8.192580000000000418e-01 -6.244999999999999683e-03 -8.192810000000000370e-01 -5.733850000000000335e-01 -2.939999999999999905e-03
1.600000000000000000e+01 3.200000000000000000e+01 1.400000000000000000e+01 0.000000000000000000e+00 1.600000000000000089e+00 -1.286000000000000034e-03 2.445000000000000125e-03 -9.999959999999999960e-01 9.983200000000000407e-02 9.950020000000000531e-01 2.304000000000000058e-03 9.950029999999999708e-01 -9.982900000000000107e-02 -1.523999999999999964e-03
2.200000000000000000e+01 3.200000000000000000e+01 1.400000000000000000e+01 0.000000000000000000e+00 1.600000000000000089e+00 2.135000000000000179e-03 -1.696000000000000025e-03 -9.999959999999999960e-01 1.027669999999999972e-01 9.947040000000000326e-01 -1.466999999999999988e-03 9.947030000000000038e-01 -1.027639999999999942e-01 2.298000000000000129e-03
6.000000000000000000e+00 1.200000000000000000e+01 1.500000000000000000e+01 0.000000000000000000e+00 1.600000000000000089e+00 -9.150000000000000147e-04 -2.629999999999999959e-03 -9.999959999999999960e-01 -4.663700000000000068e-01 -8.845849999999999547e-01 2.752999999999999805e-03 -8.845889999999999587e-01 4.663709999999999800e-01 -4.169999999999999987e-04
1.200000000000000000e+01 1.200000000000000000e+01 1.500000000000000000e+01 0.000000000000000000e+00 1.600000000000000089e+00 1.304000000000000038e-03 -1.685999999999999999e-03 -9.999980000000000535e-01 -4.669499999999999762e-01 -8.842839999999999590e-01 8.819999999999999715e-04 -8.842830000000000412e-01 4.669470000000000010e-01 -1.941000000000000017e-03
2.100000000000000000e+01 1.200000000000000000e+01 1.500000000000000000e+01 0.000000000000000000e+00 1.600000000000000089e+00 3.420000000000000188e-04 -6.860999999999999911e-03 -9.999759999999999760e-01 -4.732450000000000268e-01 -8.809109999999999996e-01 5.882000000000000076e-03 -8.809310000000000196e-01 4.732319999999999860e-01 -3.549000000000000071e-03
2.700000000000000000e+01 1.200000000000000000e+01 1.500000000000000000e+01 0.000000000000000000e+00 1.600000000000000089e+00 7.020000000000000415e-04 2.661000000000000171e-03 -9.999959999999999960e-01 -4.707419999999999938e-01 -8.822670000000000234e-01 -2.677999999999999825e-03 -8.822710000000000274e-01 4.707419999999999938e-01 6.329999999999999906e-04
6.000000000000000000e+00 1.100000000000000000e+01 1.600000000000000000e+01 0.000000000000000000e+00 1.600000000000000089e+00 -3.950000000000000061e-04 -3.475999999999999923e-03 -9.999940000000000495e-01 -4.077100000000000168e-01 -9.131050000000000555e-01 3.334999999999999857e-03 -9.131110000000000060e-01 4.077089999999999881e-01 -1.056999999999999997e-03
1.000000000000000000e+01 1.100000000000000000e+01 1.600000000000000000e+01 0.000000000000000000e+00 1.600000000000000089e+00 1.201000000000000028e-03 -4.794999999999999783e-03 -9.999879999999999880e-01 -4.086759999999999837e-01 -9.126710000000000100e-01 3.884999999999999998e-03 -9.126790000000000180e-01 4.086659999999999737e-01 -3.056000000000000123e-03
1.600000000000000000e+01 1.100000000000000000e+01 1.600000000000000000e+01 0.000000000000000000e+00 1.600000000000000089e+00 1.701000000000000038e-03 2.997999999999999797e-03 -9.999940000000000495e-01 -4.125130000000000186e-01 -9.109450000000000047e-01 -3.432999999999999854e-03 -9.109500000000000375e-01 4.125170000000000226e-01 -3.130000000000000187e-04
2.200000000000000000e+01 1.100000000000000000e+01 1.600000000000000000e+01 0.000000000000000000e+00 1.600000000000000089e+00 4.719999999999999803e-04 -6.092000000000000193e-03 -9.999810000000000088e-01 -4.158729999999999927e-01 -9.094069999999999654e-01 5.343999999999999792e-03 -9.094229999999999814e-01 4.158620000000000094e-01 -2.962999999999999922e-03
2.800000000000000000e+01 1.100000000000000000e+01 1.600000000000000000e+01 0.000000000000000000e+00 1.600000000000000089e+00 -2.799999999999999958e-05 7.690000000000000438e-04 -1.000000000000000000e+00 -4.160949999999999926e-01 -9.093210000000000459e-01 -6.880000000000000265e-04 -9.093210000000000459e-01 4.160940000000000194e-01 3.449999999999999833e-04
6.000000000000000000e+00 1.160000000000000000e+02 1.600000000000000000e+01 0.000000000000000000e+00 1.600000000000000089e+00 -3.699999999999999947e-04 4.530000000000000064e-04 1.000000000000000000e+00 7.607319999999999638e-01 6.490660000000000318e-01 -1.200000000000000030e-05 -6.490650000000000031e-01 7.607319999999999638e-01 -5.839999999999999922e-04
1.000000000000000000e+01 1.160000000000000000e+02 1.600000000000000000e+01 0.000000000000000000e+00 1.600000000000000089e+00 3.029999999999999924e-04 -1.016999999999999892e-03 9.999989999999999712e-01 7.617329999999999934e-01 6.478909999999999947e-01 4.279999999999999950e-04 -6.478909999999999947e-01 7.617319999999999647e-01 9.709999999999999664e-04
2.500000000000000000e+01 1.160000000000000000e+02 1.600000000000000000e+01 0.000000000000000000e+00 1.600000000000000089e+00 1.907000000000000058e-03 1.343999999999999926e-03 9.999970000000000248e-01 7.895370000000000443e-01 6.136989999999999945e-01 -2.330000000000000040e-03 -6.137000000000000233e-01 7.895389999999999908e-01 1.090000000000000067e-04
2.800000000000000000e+01 1.160000000000000000e+02 1.600000000000000000e+01 0.000000000000000000e+00 1.600000000000000089e+00 2.609999999999999907e-03 1.123999999999999999e-03 9.999959999999999960e-01 7.918589999999999796e-01 6.106970000000000454e-01 -2.752999999999999805e-03 -6.106979999999999631e-01 7.918629999999999836e-01 7.039999999999999817e-04
6.000000000000000000e+00 2.000000000000000000e+00 1.900000000000000000e+01 0.000000000000000000e+00 1.600000000000000089e+00 -6.499999999999999702e-03 -2.605499999999999830e-02 -9.996390000000000553e-01 2.709889999999999799e-01 -9.623000000000000442e-01 2.331899999999999945e-02 -9.625599999999999712e-01 -2.707399999999999807e-01 1.331500000000000045e-02
1.400000000000000000e+01 2.000000000000000000e+00 1.900000000000000000e+01 0.000000000000000000e+00 1.600000000000000089e+00 7.759000000000000272e-03 -2.960799999999999890e-02 -9.995319999999999760e-01 2.609460000000000113e-01 -9.648679999999999479e-01 3.060699999999999879e-02 -9.653220000000000134e-01 -2.610609999999999875e-01 2.390000000000000089e-04
1.700000000000000000e+01 2.000000000000000000e+00 1.900000000000000000e+01 0.000000000000000000e+00 1.600000000000000089e+00 1.367799999999999919e-02 -1.987600000000000131e-02 -9.997089999999999588e-01 2.544680000000000275e-01 -9.668149999999999800e-01 2.270300000000000096e-02 -9.669839999999999547e-01 -2.547039999999999860e-01 -8.167000000000000648e-03
2.100000000000000000e+01 2.000000000000000000e+00 1.900000000000000000e+01 0.000000000000000000e+00 1.600000000000000089e+00 1.396299999999999972e-02 4.327000000000000117e-03 -9.998930000000000318e-01 2.451389999999999958e-01 -9.694880000000000164e-01 -7.720000000000000083e-04 -9.693869999999999987e-01 -2.451019999999999865e-01 -1.459700000000000060e-02
2.200000000000000000e+01 3.000000000000000000e+00 1.900000000000000000e+01 0.000000000000000000e+00 1.600000000000000089e+00 1.442599999999999959e-02 8.373999999999999500e-03 -9.998609999999999998e-01 2.558570000000000011e-01 -9.667050000000000365e-01 -4.405000000000000061e-03 -9.666069999999999940e-01 -2.557570000000000121e-01 -1.608800000000000160e-02
2.400000000000000000e+01 3.000000000000000000e+00 1.900000000000000000e+01 0.000000000000000000e+00 1.600000000000000089e+00 9.426000000000000351e-03 1.143899999999999952e-02 -9.998899999999999455e-01 2.427239999999999953e-01 -9.700560000000000294e-01 -8.809000000000000857e-03 -9.700499999999999678e-01 -2.426139999999999963e-01 -1.192099999999999931e-02
2.100000000000000000e+01 4.000000000000000000e+00 2.000000000000000000e+01 0.000000000000000000e+00 1.600000000000000089e+00 7.577000000000000401e-03 1.073400000000000049e-02 -9.999139999999999695e-01 3.895649999999999946e-01 -9.209730000000000416e-01 -6.934000000000000059e-03 -9.209680000000000089e-01 -3.894790000000000196e-01 -1.115999999999999978e-02
2.400000000000000000e+01 4.000000000000000000e+00 2.000000000000000000e+01 0.000000000000000000e+00 1.600000000000000089e+00 1.069999999999999988e-03 1.569900000000000115e-02 -9.998759999999999870e-01 3.655849999999999933e-01 -9.306689999999999685e-01 -1.422099999999999927e-02 -9.307769999999999655e-01 -3.655249999999999888e-01 -6.734999999999999667e-03
2.000000000000000000e+00 1.300000000000000000e+01 2.000000000000000000e+01 0.000000000000000000e+00 1.600000000000000089e+00 3.300000000000000253e-05 2.043999999999999810e-03 9.999980000000000535e-01 2.588770000000000238e-01 9.659079999999999888e-01 -1.982999999999999954e-03 -9.659100000000000463e-01 2.588770000000000238e-01 -4.970000000000000459e-04
7.000000000000000000e+00 1.300000000000000000e+01 2.000000000000000000e+01 0.000000000000000000e+00 1.600000000000000089e+00 7.829999999999999504e-04 1.304000000000000038e-03 9.999989999999999712e-01 2.596399999999999819e-01 9.657040000000000068e-01 -1.463000000000000108e-03 -9.657050000000000356e-01 2.596410000000000107e-01 4.180000000000000230e-04
1.300000000000000000e+01 1.300000000000000000e+01 2.000000000000000000e+01 0.000000000000000000e+00 1.600000000000000089e+00 -6.800000000000000488e-04 -2.021999999999999926e-03 9.999980000000000535e-01 2.591840000000000255e-01 9.658259999999999623e-01 2.128999999999999816e-03 -9.658280000000000198e-01 2.591849999999999987e-01 -1.320000000000000101e-04
1.700000000000000000e+01 1.300000000000000000e+01 2.000000000000000000e+01 0.000000000000000000e+00 1.600000000000000089e+00 3.009999999999999980e-04 -2.096000000000000207e-03 9.999980000000000535e-01 2.608969999999999900e-01 9.653650000000000286e-01 1.943999999999999981e-03 -9.653669999999999751e-01 2.608960000000000168e-01 8.379999999999999862e-04
2.300000000000000000e+01 1.300000000000000000e+01 2.000000000000000000e+01 0.000000000000000000e+00 1.600000000000000089e+00 2.115000000000000126e-03 3.003000000000000027e-03 9.999930000000000208e-01 2.596169999999999867e-01 9.657059999999999533e-01 -3.448999999999999809e-03 -9.657090000000000396e-01 2.596220000000000194e-01 1.263000000000000017e-03
2.700000000000000000e+01 1.300000000000000000e+01 2.000000000000000000e+01 0.000000000000000000e+00 1.600000000000000089e+00 1.002999999999999985e-03 3.602000000000000167e-03 9.999930000000000208e-01 2.582570000000000143e-01 9.660689999999999555e-01 -3.739000000000000136e-03 -9.660760000000000458e-01 2.582590000000000163e-01 3.899999999999999929e-05
2.000000000000000000e+01 5.000000000000000000e+01 2.200000000000000000e+01 0.000000000000000000e+00 1.600000000000000089e+00 3.941000000000000059e-03 3.386000000000000121e-03 -9.999869999999999592e-01 -5.766289999999999472e-01 8.170060000000000100e-01 4.939999999999999730e-04 8.169960000000000555e-01 5.766200000000000214e-01 5.172000000000000382e-03
1.100000000000000000e+01 3.000000000000000000e+00 2.500000000000000000e+01 0.000000000000000000e+00 1.600000000000000089e+00 -9.060000000000000128e-04 -4.937999999999999681e-03 9.999869999999999592e-01 -4.791299999999999726e-02 -9.988390000000000324e-01 -4.976000000000000388e-03 9.988510000000000444e-01 -4.791700000000000126e-02 6.689999999999999983e-04
1.700000000000000000e+01 3.000000000000000000e+00 2.500000000000000000e+01 0.000000000000000000e+00 1.600000000000000089e+00 6.040000000000000447e-04 -1.706000000000000051e-03 9.999980000000000535e-01 -3.358799999999999980e-02 -9.994340000000000446e-01 -1.683999999999999950e-03 9.994359999999999911e-01 -3.358699999999999880e-02 -6.610000000000000207e-04
1.900000000000000000e+01 3.000000000000000000e+00 2.500000000000000000e+01 0.000000000000000000e+00 1.600000000000000089e+00 1.686999999999999915e-03 -1.289999999999999914e-04 9.999989999999999712e-01 -3.076999999999999874e-02 -9.995270000000000543e-01 -7.700000000000000139e-05 9.995249999999999968e-01 -3.076999999999999874e-02 -1.690000000000000096e-03
2.400000000000000000e+01 3.000000000000000000e+00 2.500000000000000000e+01 0.000000000000000000e+00 1.600000000000000089e+00 -1.149999999999999981e-03 7.015000000000000402e-03 9.999749999999999472e-01 -2.345799999999999969e-02 -9.997000000000000330e-01 6.986000000000000022e-03 9.997239999999999460e-01 -2.344900000000000109e-02 1.314000000000000064e-03
2.700000000000000000e+01 3.000000000000000000e+00 2.500000000000000000e+01 0.000000000000000000e+00 1.600000000000000089e+00 -6.072000000000000140e-03 1.992800000000000127e-02 9.997829999999999773e-01 -1.793000000000000149e-02 -9.996429999999999483e-01 1.981600000000000028e-02 9.998209999999999598e-01 -1.780599999999999891e-02 6.427999999999999686e-03
2.800000000000000000e+01 4.600000000000000000e+01 2.700000000000000000e+01 0.000000000000000000e+00 1.600000000000000089e+00 -2.954000000000000029e-03 1.253999999999999906e-03 -9.999949999999999672e-01 6.800079999999999458e-01 7.332039999999999669e-01 -1.088999999999999907e-03 7.331980000000000164e-01 -6.800079999999999458e-01 -3.018999999999999982e-03
5.000000000000000000e+00 4.600000000000000000e+01 3.000000000000000000e+01 0.000000000000000000e+00 1.600000000000000089e+00 -1.266999999999999897e-03 -1.579000000000000108e-03 -9.999980000000000535e-01 3.273840000000000083e-01 9.448889999999999789e-01 -1.907000000000000058e-03 9.448900000000000077e-01 -3.273860000000000103e-01 -6.800000000000000488e-04
1.100000000000000000e+01 4.600000000000000000e+01 3.000000000000000000e+01 0.000000000000000000e+00 1.600000000000000089e+00 2.171000000000000187e-03 1.355000000000000085e-03 -9.999970000000000248e-01 3.303780000000000050e-01 9.438469999999999915e-01 1.997000000000000077e-03 9.438459999999999628e-01 -3.303809999999999802e-01 1.601999999999999908e-03
6.000000000000000000e+00 5.800000000000000000e+01 3.100000000000000000e+01 0.000000000000000000e+00 1.600000000000000089e+00 -1.734999999999999997e-03 -3.468999999999999861e-03 9.999919999999999920e-01 -7.660949999999999704e-01 -6.427169999999999828e-01 -3.557999999999999965e-03 6.427249999999999908e-01 -7.660959999999999992e-01 -1.541999999999999968e-03
1.000000000000000000e+01 5.800000000000000000e+01 3.100000000000000000e+01 0.000000000000000000e+00 1.600000000000000089e+00 -1.613999999999999983e-03 -3.883999999999999866e-03 9.999909999999999632e-01 -7.688880000000000159e-01 -6.393729999999999691e-01 -3.723999999999999880e-03 6.393820000000000059e-01 -7.688869999999999871e-01 -1.955000000000000140e-03
1.200000000000000000e+01 5.800000000000000000e+01 3.100000000000000000e+01 0.000000000000000000e+00 1.600000000000000089e+00 -1.235999999999999903e-03 -3.808000000000000187e-03 9.999919999999999920e-01 -7.693630000000000191e-01 -6.388030000000000097e-01 -3.383000000000000156e-03 6.388110000000000177e-01 -7.693609999999999616e-01 -2.139999999999999975e-03
2.000000000000000000e+01 5.800000000000000000e+01 3.100000000000000000e+01 0.000000000000000000e+00 1.600000000000000089e+00 1.262000000000000101e-03 -1.301999999999999989e-03 9.999980000000000535e-01 -7.748850000000000460e-01 -6.321020000000000527e-01 1.550000000000000000e-04 6.321010000000000240e-01 -7.748840000000000172e-01 -1.806000000000000097e-03
2.800000000000000000e+01 5.800000000000000000e+01 3.100000000000000000e+01 0.000000000000000000e+00 1.600000000000000089e+00 -3.916000000000000210e-03 2.150000000000000001e-03 9.999900000000000455e-01 -7.749260000000000037e-01 -6.320500000000000007e-01 -1.675999999999999972e-03 6.320400000000000462e-01 -7.749239999999999462e-01 4.140999999999999716e-03
6.000000000000000000e+00 4.600000000000000000e+01 3.500000000000000000e+01 0.000000000000000000e+00 1.600000000000000089e+00 3.609999999999999928e-04 -1.128000000000000096e-03 -9.999989999999999712e-01 3.925850000000000173e-01 -9.197149999999999492e-01 1.178999999999999927e-03 -9.197159999999999780e-01 -3.925850000000000173e-01 1.100000000000000039e-04
1.000000000000000000e+01 4.600000000000000000e+01 3.500000000000000000e+01 0.000000000000000000e+00 1.600000000000000089e+00 -1.659999999999999963e-04 -1.041000000000000042e-03 -9.999989999999999712e-01 3.912479999999999847e-01 -9.202850000000000197e-01 8.930000000000000221e-04 -9.202850000000000197e-01 -3.912479999999999847e-01 5.599999999999999509e-04
1.700000000000000000e+01 4.600000000000000000e+01 3.500000000000000000e+01 0.000000000000000000e+00 1.600000000000000089e+00 -3.959999999999999762e-04 -2.436999999999999930e-03 -9.999970000000000248e-01 3.903030000000000110e-01 -9.206839999999999469e-01 2.089000000000000145e-03 -9.206860000000000044e-01 -3.903010000000000090e-01 1.315999999999999896e-03
2.300000000000000000e+01 4.600000000000000000e+01 3.500000000000000000e+01 0.000000000000000000e+00 1.600000000000000089e+00 -2.590000000000000071e-04 -7.810000000000000102e-04 -1.000000000000000000e+00 3.908570000000000100e-01 -9.204510000000000192e-01 6.179999999999999513e-04 -9.204510000000000192e-01 -3.908570000000000100e-01 5.439999999999999957e-04
2.600000000000000000e+01 4.600000000000000000e+01 3.500000000000000000e+01 0.000000000000000000e+00 1.600000000000000089e+00 -2.180000000000000134e-04 2.965999999999999887e-03 -9.999959999999999960e-01 3.909799999999999942e-01 -9.203949999999999632e-01 -2.814999999999999794e-03 -9.203989999999999672e-01 -3.909790000000000210e-01 -9.590000000000000000e-04
5.000000000000000000e+00 3.000000000000000000e+00 4.300000000000000000e+01 0.000000000000000000e+00 1.600000000000000089e+00 7.499999999999999343e-05 2.529299999999999951e-02 -9.996800000000000130e-01 7.539919999999999956e-01 -6.566739999999999799e-01 -1.655799999999999980e-02 -6.568829999999999947e-01 -7.537500000000000311e-01 -1.912000000000000158e-02
1.200000000000000000e+01 3.000000000000000000e+00 4.300000000000000000e+01 0.000000000000000000e+00 1.600000000000000089e+00 -4.840000000000000010e-04 6.575000000000000115e-03 -9.999780000000000335e-01 7.408869999999999623e-01 -6.716119999999999868e-01 -4.774999999999999731e-03 -6.716290000000000315e-01 -7.408740000000000325e-01 -4.545999999999999694e-03
5.000000000000000000e+00 8.000000000000000000e+00 4.400000000000000000e+01 0.000000000000000000e+00 1.600000000000000089e+00 2.524000000000000202e-03 5.786999999999999610e-03 9.999799999999999800e-01 -7.887330000000000174e-01 -6.147110000000000074e-01 5.549000000000000113e-03 6.147310000000000274e-01 -7.887309999999999599e-01 3.013000000000000053e-03
9.000000000000000000e+00 8.000000000000000000e+00 4.400000000000000000e+01 0.000000000000000000e+00 1.600000000000000089e+00 3.897999999999999989e-03 5.128999999999999879e-03 9.999789999999999512e-01 -7.897830000000000128e-01 -6.133539999999999548e-01 6.224999999999999631e-03 6.133739999999999748e-01 -7.897910000000000208e-01 1.660000000000000017e-03
1.300000000000000000e+01 8.000000000000000000e+00 4.400000000000000000e+01 0.000000000000000000e+00 1.600000000000000089e+00 2.116999999999999958e-03 3.811000000000000151e-03 9.999909999999999632e-01 -7.904290000000000482e-01 -6.125399999999999734e-01 4.008000000000000278e-03 6.125500000000000389e-01 -7.904299999999999660e-01 1.716000000000000077e-03
8.000000000000000000e+00 2.900000000000000000e+01 4.400000000000000000e+01 0.000000000000000000e+00 1.600000000000000089e+00 8.570000000000000144e-04 5.640000000000000482e-04 -1.000000000000000000e+00 6.568939999999999779e-01 7.539820000000000411e-01 9.890000000000000787e-04 7.539820000000000411e-01 -6.568950000000000067e-01 2.750000000000000166e-04
1.200000000000000000e+01 2.900000000000000000e+01 4.400000000000000000e+01 0.000000000000000000e+00 1.600000000000000089e+00 4.600000000000000004e-05 -9.129999999999999661e-04 -1.000000000000000000e+00 6.562170000000000503e-01 7.545720000000000205e-01 -6.589999999999999721e-04 7.545720000000000205e-01 -6.562170000000000503e-01 6.340000000000000149e-04
1.500000000000000000e+01 2.900000000000000000e+01 4.400000000000000000e+01 0.000000000000000000e+00 1.600000000000000089e+00 -1.101999999999999898e-03 -2.053000000000000137e-03 -9.999970000000000248e-01 6.550249999999999684e-01 7.556040000000000534e-01 -2.272999999999999847e-03 7.556070000000000286e-01 -6.550249999999999684e-01 5.119999999999999768e-04
2.100000000000000000e+01 2.900000000000000000e+01 4.400000000000000000e+01 0.000000000000000000e+00 1.600000000000000089e+00 1.502999999999999996e-03 8.850000000000000444e-04 -9.999989999999999712e-01 6.528549999999999631e-01 7.574809999999999599e-01 1.652000000000000040e-03 7.574809999999999599e-01 -6.528570000000000206e-01 5.599999999999999509e-04
2.400000000000000000e+01 2.900000000000000000e+01 4.400000000000000000e+01 0.000000000000000000e+00 1.600000000000000089e+00 -1.160999999999999923e-03 -1.314999999999999980e-03 -9.999989999999999712e-01 6.547020000000000062e-01 7.558850000000000291e-01 -1.753999999999999917e-03 7.558859999999999468e-01 -6.547030000000000349e-01 -1.699999999999999987e-05
2.800000000000000000e+01 2.900000000000000000e+01 4.400000000000000000e+01 0.000000000000000000e+00 1.600000000000000089e+00 -2.814000000000000095e-03 -1.190000000000000058e-04 -9.999959999999999960e-01 6.576070000000000526e-01 7.533590000000000009e-01 -1.940000000000000101e-03 7.533560000000000256e-01 -6.576089999999999991e-01 -2.040999999999999846e-03
1.800000000000000000e+01 6.500000000000000000e+01 4.600000000000000000e+01 0.000000000000000000e+00 1.600000000000000089e+00 3.213000000000000144e-03 -1.724999999999999971e-03 9.999930000000000208e-01 6.810589999999999700e-01 -7.322199999999999820e-01 -3.451000000000000074e-03 7.322210000000000107e-01 6.810659999999999492e-01 -1.177000000000000095e-03
1.000000000000000000e+00 7.000000000000000000e+01 4.700000000000000000e+01 0.000000000000000000e+00 1.600000000000000089e+00 1.005999999999999950e-03 -7.882000000000000117e-03 -9.999679999999999680e-01 -8.439389999999999947e-01 -5.364280000000000159e-01 3.379000000000000059e-03 -5.364379999999999704e-01 8.439090000000000202e-01 -7.191999999999999608e-03
2.000000000000000000e+00 5.000000000000000000e+00 5.100000000000000000e+01 0.000000000000000000e+00 1.600000000000000089e+00 3.530999999999999851e-03 8.300000000000000086e-03 -9.999590000000000423e-01 4.692919999999999869e-01 -8.830249999999999488e-01 -5.673000000000000091e-03 -8.830360000000000431e-01 -4.692529999999999757e-01 -7.013000000000000136e-03
1.300000000000000000e+01 5.000000000000000000e+00 5.100000000000000000e+01 0.000000000000000000e+00 1.600000000000000089e+00 6.710000000000000469e-04 8.592999999999999944e-03 -9.999630000000000463e-01 4.668459999999999832e-01 -8.843090000000000117e-01 -7.285999999999999942e-03 -8.843379999999999574e-01 -4.668240000000000167e-01 -4.604999999999999719e-03
2.900000000000000000e+01 5.000000000000000000e+00 5.100000000000000000e+01 0.000000000000000000e+00 1.600000000000000089e+00 7.341999999999999568e-03 -1.135199999999999924e-02 -9.999090000000000478e-01 4.662029999999999785e-01 -8.845750000000000002e-01 1.346600000000000054e-02 -8.846469999999999612e-01 -4.662589999999999790e-01 -1.201999999999999943e-03
2.000000000000000000e+01 6.000000000000000000e+00 5.100000000000000000e+01 0.000000000000000000e+00 1.600000000000000089e+00 -2.982999999999999974e-03 1.000999999999999980e-02 -9.999449999999999728e-01 2.874439999999999773e-01 -9.577400000000000357e-01 -1.044499999999999942e-02 -9.577930000000000055e-01 -2.874599999999999933e-01 -2.099999999999999884e-05
4.000000000000000000e+00 1.150000000000000000e+02 5.100000000000000000e+01 0.000000000000000000e+00 1.600000000000000089e+00 4.360000000000000269e-04 8.679999999999999565e-04 1.000000000000000000e+00 8.485080000000000400e-01 -5.291820000000000412e-01 9.000000000000000567e-05 5.291820000000000412e-01 8.485080000000000400e-01 -9.669999999999999776e-04
2.000000000000000000e+01 7.000000000000000000e+00 5.200000000000000000e+01 0.000000000000000000e+00 1.600000000000000089e+00 -1.221000000000000080e-03 8.706000000000000197e-03 -9.999609999999999888e-01 3.952800000000000064e-02 -9.991799999999999571e-01 -8.746999999999999567e-03 -9.992180000000000506e-01 -3.953700000000000270e-02 8.760000000000000425e-04
2.000000000000000000e+00 6.300000000000000000e+01 5.400000000000000000e+01 0.000000000000000000e+00 1.600000000000000089e+00 1.799999999999999951e-03 8.540000000000000499e-04 9.999980000000000535e-01 -3.440889999999999782e-01 9.389370000000000216e-01 -1.820000000000000057e-04 -9.389349999999999641e-01 -3.440880000000000050e-01 1.984000000000000086e-03
7.000000000000000000e+00 6.300000000000000000e+01 5.400000000000000000e+01 0.000000000000000000e+00 1.600000000000000089e+00 1.760000000000000063e-03 1.059999999999999961e-03 9.999980000000000535e-01 -3.466600000000000237e-01 9.379910000000000192e-01 -3.849999999999999798e-04 -9.379889999999999617e-01 -3.466589999999999949e-01 2.018999999999999961e-03
1.600000000000000000e+01 6.300000000000000000e+01 5.400000000000000000e+01 0.000000000000000000e+00 1.600000000000000089e+00 -8.880000000000000089e-04 -5.400000000000000069e-04 9.999989999999999712e-01 -3.469920000000000226e-01 9.378680000000000350e-01 1.979999999999999881e-04 -9.378680000000000350e-01 -3.469920000000000226e-01 -1.020999999999999989e-03
2.100000000000000000e+01 6.300000000000000000e+01 5.400000000000000000e+01 0.000000000000000000e+00 1.600000000000000089e+00 1.299999999999999886e-04 2.605999999999999810e-03 9.999970000000000248e-01 -3.486029999999999962e-01 9.372669999999999613e-01 -2.396999999999999825e-03 -9.372700000000000475e-01 -3.486020000000000230e-01 1.030000000000000100e-03
2.400000000000000000e+01 6.300000000000000000e+01 5.400000000000000000e+01 0.000000000000000000e+00 1.600000000000000089e+00 2.100000000000000087e-04 4.198999999999999608e-03 9.999909999999999632e-01 -3.531039999999999734e-01 9.355759999999999632e-01 -3.853999999999999787e-03 -9.355839999999999712e-01 -3.531000000000000250e-01 1.678999999999999937e-03
2.900000000000000000e+01 6.300000000000000000e+01 5.400000000000000000e+01 0.000000000000000000e+00 1.600000000000000089e+00 -1.507000000000000093e-03 -1.397000000000000021e-03 9.999980000000000535e-01 -3.569800000000000195e-01 9.341120000000000534e-01 7.669999999999999951e-04 -9.341110000000000246e-01 -3.569789999999999908e-01 -1.905999999999999925e-03
2.000000000000000000e+01 2.500000000000000000e+01 5.500000000000000000e+01 0.000000000000000000e+00 1.600000000000000089e+00 1.435999999999999993e-03 5.839999999999999705e-03 -9.999820000000000375e-01 -1.923199999999999910e-02 -9.997979999999999645e-01 -5.866999999999999819e-03 -9.998139999999999805e-01 1.924000000000000016e-02 -1.322999999999999957e-03
3.000000000000000000e+00 2.100000000000000000e+01 6.000000000000000000e+01 0.000000000000000000e+00 1.600000000000000089e+00 -1.348999999999999939e-03 2.203999999999999796e-03 9.999970000000000248e-01 -9.414100000000000246e-02 9.955559999999999965e-01 -2.321000000000000146e-03 -9.955580000000000540e-01 -9.414400000000000546e-02 -1.136000000000000074e-03
6.000000000000000000e+00 2.100000000000000000e+01 6.000000000000000000e+01 0.000000000000000000e+00 1.600000000000000089e+00 -1.804000000000000048e-03 -3.279999999999999930e-03 9.999930000000000208e-01 -9.535299999999999332e-02 9.954389999999999628e-01 3.092999999999999829e-03 -9.954420000000000490e-01 -9.534600000000000020e-02 -2.109000000000000197e-03
1.000000000000000000e+01 2.100000000000000000e+01 6.000000000000000000e+01 0.000000000000000000e+00 1.600000000000000089e+00 -3.420000000000000188e-04 2.150000000000000001e-03 9.999980000000000535e-01 -9.551900000000000668e-02 9.954250000000000043e-01 -2.173000000000000018e-03 -9.954279999999999795e-01 -9.551900000000000668e-02 -1.350000000000000017e-04
1.200000000000000000e+01 2.100000000000000000e+01 6.000000000000000000e+01 0.000000000000000000e+00 1.600000000000000089e+00 7.919999999999999523e-04 5.047000000000000271e-03 9.999869999999999592e-01 -9.461799999999999378e-02 9.955009999999999692e-01 -4.949000000000000274e-03 -9.955129999999999812e-01 -9.461300000000000265e-02 1.265999999999999981e-03
2.400000000000000000e+01 2.100000000000000000e+01 6.000000000000000000e+01 0.000000000000000000e+00 1.600000000000000089e+00 -6.600000000000000506e-05 5.459000000000000311e-03 9.999850000000000128e-01 -9.531199999999999395e-02 9.954330000000000123e-01 -5.440999999999999656e-03 -9.954469999999999708e-01 -9.531100000000000683e-02 4.550000000000000008e-04
2.800000000000000000e+01 2.100000000000000000e+01 6.000000000000000000e+01 0.000000000000000000e+00 1.600000000000000089e+00 1.541000000000000052e-03 7.757000000000000006e-03 9.999689999999999968e-01 -9.697600000000000664e-02 9.952579999999999760e-01 -7.570999999999999605e-03 -9.952860000000000040e-01 -9.696100000000000552e-02 2.285999999999999838e-03
1.800000000000000000e+01 6.700000000000000000e+01 6.000000000000000000e+01 0.000000000000000000e+00 1.600000000000000089e+00 -1.077000000000000049e-03 -2.635000000000000189e-03 9.999959999999999960e-01 1.749610000000000054e-01 -9.845720000000000027e-01 -2.406000000000000152e-03 9.845749999999999780e-01 1.749580000000000024e-01 1.521999999999999915e-03
