9.000000000000000000e+00 1.010000000000000000e+02 7.000000000000000000e+00 0.000000000000000000e+00 1.600000000000000089e+00 -1.248999999999999893e-03 -3.459999999999999968e-03 9.999930000000000208e-01 8.856009999999999716e-01 4.644389999999999907e-01 2.713999999999999833e-03 -4.644460000000000255e-01 8.855979999999999963e-01 2.484000000000000097e-03
1.900000000000000000e+01 1.010000000000000000e+02 7.000000000000000000e+00 0.000000000000000000e+00 1.600000000000000089e+00 -1.072000000000000036e-03 4.553999999999999888e-03 9.999890000000000168e-01 8.824140000000000317e-01 4.704729999999999746e-01 -1.196000000000000014e-03 -4.704729999999999746e-01 8.824030000000000484e-01 -4.523000000000000111e-03
2.500000000000000000e+01 1.010000000000000000e+02 7.000000000000000000e+00 0.000000000000000000e+00 1.600000000000000089e+00 2.464000000000000044e-03 1.131999999999999977e-03 9.999959999999999960e-01 8.815819999999999768e-01 4.720230000000000259e-01 -2.707000000000000205e-03 -4.720249999999999724e-01 8.815849999999999520e-01 1.659999999999999963e-04
1.700000000000000000e+01 1.500000000000000000e+01 8.000000000000000000e+00 0.000000000000000000e+00 1.600000000000000089e+00 -1.884000000000000041e-03 -1.262500000000000080e-02 -9.999179999999999735e-01 -6.279839999999999867e-01 -7.781479999999999508e-01 1.100800000000000042e-02 -7.782240000000000268e-01 6.279540000000000122e-01 -6.461999999999999862e-03
2.200000000000000000e+01 1.500000000000000000e+01 8.000000000000000000e+00 0.000000000000000000e+00 1.600000000000000089e+00 -2.579999999999999828e-04 1.009299999999999954e-02 -9.999489999999999768e-01 -6.287540000000000351e-01 -7.775659999999999794e-01 -7.686000000000000124e-03 -7.776039999999999619e-01 6.287199999999999456e-01 6.546999999999999868e-03
4.000000000000000000e+00 2.500000000000000000e+01 8.000000000000000000e+00 0.000000000000000000e+00 1.600000000000000089e+00 -1.830000000000000029e-04 1.172999999999999998e-03 -9.999989999999999712e-01 4.437150000000000261e-01 8.961670000000000469e-01 9.700000000000000505e-04 8.961679999999999646e-01 -4.437150000000000261e-01 -6.849999999999999535e-04
8.000000000000000000e+00 2.500000000000000000e+01 8.000000000000000000e+00 0.000000000000000000e+00 1.600000000000000089e+00 -9.120000000000000502e-04 -1.611000000000000019e-03 -9.999980000000000535e-01 4.457559999999999856e-01 8.951519999999999477e-01 -1.848999999999999949e-03 8.951540000000000052e-01 -4.457570000000000143e-01 -9.799999999999999684e-05
1.100000000000000000e+01 2.500000000000000000e+01 8.000000000000000000e+00 0.000000000000000000e+00 1.600000000000000089e+00 2.919999999999999961e-04 -2.798000000000000140e-03 -9.999959999999999960e-01 4.467220000000000080e-01 8.946690000000000476e-01 -2.371999999999999977e-03 8.946730000000000516e-01 -4.467200000000000060e-01 1.510999999999999973e-03
1.600000000000000000e+01 2.500000000000000000e+01 8.000000000000000000e+00 0.000000000000000000e+00 1.600000000000000089e+00 8.760000000000000425e-04 6.179999999999999513e-04 -9.999989999999999712e-01 4.452940000000000231e-01 8.953839999999999577e-01 9.439999999999999607e-04 8.953839999999999577e-01 -4.452949999999999964e-01 5.090000000000000123e-04
2.000000000000000000e+01 2.500000000000000000e+01 8.000000000000000000e+00 0.000000000000000000e+00 1.600000000000000089e+00 1.000999999999999937e-03 -5.002000000000000370e-03 -9.999869999999999592e-01 4.445290000000000075e-01 8.957549999999999679e-01 -4.035999999999999657e-03 8.957640000000000047e-01 -4.445189999999999975e-01 3.121000000000000076e-03
2.500000000000000000e+01 2.500000000000000000e+01 8.000000000000000000e+00 0.000000000000000000e+00 1.600000000000000089e+00 1.779999999999999898e-04 3.141999999999999828e-03 -9.999949999999999672e-01 4.457459999999999756e-01 8.951550000000000340e-01 2.892000000000000039e-03 8.951599999999999557e-01 -4.457439999999999736e-01 -1.240999999999999916e-03
3.000000000000000000e+01 2.500000000000000000e+01 8.000000000000000000e+00 0.000000000000000000e+00 1.600000000000000089e+00 1.863000000000000073e-03 -9.629999999999999888e-04 -9.999980000000000535e-01 4.470819999999999794e-01 8.944929999999999826e-01 -2.799999999999999958e-05 8.944910000000000361e-01 -4.470810000000000062e-01 2.096999999999999906e-03
1.000000000000000000e+00 9.000000000000000000e+00 9.000000000000000000e+00 0.000000000000000000e+00 1.600000000000000089e+00 -5.033000000000000147e-03 -9.806999999999999745e-03 -9.999390000000000223e-01 -9.446579999999999977e-01 -3.279610000000000025e-01 7.971000000000000654e-03 -3.280190000000000050e-01 9.446400000000000352e-01 -7.614000000000000108e-03
7.000000000000000000e+00 9.000000000000000000e+00 9.000000000000000000e+00 0.000000000000000000e+00 1.600000000000000089e+00 -2.078299999999999939e-02 -2.296399999999999830e-02 -9.995199999999999640e-01 -9.461770000000000458e-01 -3.225140000000000229e-01 2.708299999999999944e-02 -3.229810000000000181e-01 9.462859999999999605e-01 -1.502599999999999943e-02
2.000000000000000000e+00 2.400000000000000000e+01 9.000000000000000000e+00 0.000000000000000000e+00 1.600000000000000089e+00 4.000000000000000192e-04 1.364999999999999894e-03 -9.999989999999999712e-01 4.507740000000000080e-01 8.926370000000000138e-01 1.397999999999999937e-03 8.926380000000000425e-01 -4.507740000000000080e-01 -2.579999999999999828e-04
8.000000000000000000e+00 2.400000000000000000e+01 9.000000000000000000e+00 0.000000000000000000e+00 1.600000000000000089e+00 -1.219999999999999947e-03 -1.825000000000000016e-03 -9.999980000000000535e-01 4.534949999999999815e-01 8.912560000000000482e-01 -2.180000000000000080e-03 8.912579999999999947e-01 -4.534960000000000102e-01 -2.590000000000000071e-04
1.100000000000000000e+01 2.400000000000000000e+01 9.000000000000000000e+00 0.000000000000000000e+00 1.600000000000000089e+00 -6.200000000000000270e-05 -2.867000000000000191e-03 -9.999959999999999960e-01 4.547010000000000218e-01 8.906399999999999872e-01 -2.580999999999999961e-03 8.906439999999999912e-01 -4.546999999999999931e-01 1.247999999999999977e-03
1.700000000000000000e+01 2.400000000000000000e+01 9.000000000000000000e+00 0.000000000000000000e+00 1.600000000000000089e+00 1.026999999999999918e-03 -1.479999999999999979e-03 -9.999980000000000535e-01 4.532459999999999822e-01 8.913849999999999829e-01 -8.540000000000000499e-04 8.913849999999999829e-01 -4.532450000000000090e-01 1.585999999999999953e-03
2.400000000000000000e+01 2.400000000000000000e+01 9.000000000000000000e+00 0.000000000000000000e+00 1.600000000000000089e+00 -2.539999999999999940e-04 4.113000000000000336e-03 -9.999909999999999632e-01 4.536689999999999889e-01 8.911630000000000384e-01 3.550999999999999903e-03 8.911700000000000177e-01 -4.536640000000000117e-01 -2.092000000000000109e-03
3.000000000000000000e+01 2.400000000000000000e+01 9.000000000000000000e+00 0.000000000000000000e+00 1.600000000000000089e+00 2.314999999999999784e-03 -4.924000000000000425e-03 -9.999850000000000128e-01 4.548619999999999886e-01 8.905560000000000143e-01 -3.333000000000000025e-03 8.905589999999999895e-01 -4.548470000000000013e-01 4.301000000000000136e-03
2.000000000000000000e+00 3.500000000000000000e+01 1.200000000000000000e+01 0.000000000000000000e+00 1.600000000000000089e+00 -5.280000000000000405e-04 -2.021999999999999926e-03 -9.999980000000000535e-01 4.592189999999999883e-01 -8.883219999999999450e-01 1.554000000000000043e-03 -8.883229999999999738e-01 -4.592169999999999863e-01 1.397000000000000021e-03
5.000000000000000000e+00 3.500000000000000000e+01 1.200000000000000000e+01 0.000000000000000000e+00 1.600000000000000089e+00 6.250000000000000130e-04 -4.198999999999999608e-03 -9.999909999999999632e-01 4.643209999999999837e-01 -8.856579999999999453e-01 4.009000000000000410e-03 -8.856669999999999821e-01 -4.643189999999999817e-01 1.396000000000000105e-03
8.000000000000000000e+00 3.500000000000000000e+01 1.200000000000000000e+01 0.000000000000000000e+00 1.600000000000000089e+00 8.360000000000000460e-04 -1.095000000000000053e-03 -9.999989999999999712e-01 4.724619999999999931e-01 -8.813499999999999668e-01 1.360000000000000098e-03 -8.813509999999999955e-01 -4.724630000000000218e-01 -2.200000000000000078e-04
1.200000000000000000e+01 3.500000000000000000e+01 1.200000000000000000e+01 0.000000000000000000e+00 1.600000000000000089e+00 -2.445999999999999824e-03 1.734000000000000081e-03 -9.999959999999999960e-01 4.710340000000000082e-01 -8.821109999999999784e-01 -2.681999999999999922e-03 -8.821109999999999784e-01 -4.710389999999999855e-01 1.340999999999999961e-03
2.100000000000000000e+01 3.500000000000000000e+01 1.200000000000000000e+01 0.000000000000000000e+00 1.600000000000000089e+00 -4.910000000000000085e-04 6.769999999999999759e-04 -1.000000000000000000e+00 4.705739999999999923e-01 -8.823600000000000332e-01 -8.279999999999999600e-04 -8.823600000000000332e-01 -4.705750000000000210e-01 1.150000000000000035e-04
2.600000000000000000e+01 3.500000000000000000e+01 1.200000000000000000e+01 0.000000000000000000e+00 1.600000000000000089e+00 4.290999999999999676e-03 -4.858000000000000339e-03 -9.999789999999999512e-01 4.761130000000000084e-01 -8.793609999999999483e-01 6.315000000000000301e-03 -8.793729999999999603e-01 -4.761299999999999977e-01 -1.461000000000000059e-03
3.000000000000000000e+01 3.500000000000000000e+01 1.200000000000000000e+01 0.000000000000000000e+00 1.600000000000000089e+00 1.680999999999999986e-03 -1.881999999999999992e-03 -9.999970000000000248e-01 4.862650000000000028e-01 -8.738080000000000291e-01 2.462000000000000213e-03 -8.738099999999999756e-01 -4.862679999999999780e-01 -5.540000000000000219e-04
6.000000000000000000e+00 3.200000000000000000e+01 1.400000000000000000e+01 0.000000000000000000e+00 1.600000000000000089e+00 1.540000000000000028e-04 2.135999999999999878e-03 -9.999980000000000535e-01 1.029859999999999942e-01 9.946810000000000374e-01 2.139999999999999975e-03 9.946829999999999838e-01 -1.029859999999999942e-01 -6.600000000000000506e-05
1.300000000000000000e+01 3.200000000000000000e+01 1.400000000000000000e+01 0.000000000000000000e+00 1.600000000000000089e+00 8.880000000000000089e-04 -6.102999999999999918e-03 -9.999810000000000088e-01 1.034869999999999957e-01 9.946129999999999693e-01 -5.977999999999999807e-03 9.946300000000000141e-01 -1.034800000000000025e-01 1.515000000000000071e-03
2.000000000000000000e+01 3.200000000000000000e+01 1.400000000000000000e+01 0.000000000000000000e+00 1.600000000000000089e+00 1.180999999999999975e-03 1.284999999999999901e-03 -9.999989999999999712e-01 9.665799999999999392e-02 9.953170000000000073e-01 1.392999999999999924e-03 9.953170000000000073e-01 -9.665899999999999492e-02 1.051999999999999984e-03
3.000000000000000000e+00 1.160000000000000000e+02 1.600000000000000000e+01 0.000000000000000000e+00 1.600000000000000089e+00 1.147999999999999932e-03 1.958000000000000105e-03 9.999970000000000248e-01 7.122209999999999930e-01 7.019520000000000204e-01 -2.191999999999999938e-03 -7.019539999999999669e-01 7.122220000000000217e-01 -5.890000000000000053e-04
1.100000000000000000e+01 1.160000000000000000e+02 1.600000000000000000e+01 0.000000000000000000e+00 1.600000000000000089e+00 -1.435999999999999993e-03 4.479999999999999933e-04 9.999989999999999712e-01 7.577869999999999884e-01 6.525020000000000264e-01 7.960000000000000495e-04 -6.525009999999999977e-01 7.577869999999999884e-01 -1.276000000000000007e-03
2.500000000000000000e+01 1.160000000000000000e+02 1.600000000000000000e+01 0.000000000000000000e+00 1.600000000000000089e+00 1.348999999999999939e-03 -1.714000000000000029e-03 9.999980000000000535e-01 7.577720000000000011e-01 6.525189999999999602e-01 9.600000000000000243e-05 -6.525180000000000424e-01 7.577700000000000546e-01 2.178999999999999947e-03
3.000000000000000000e+00 2.000000000000000000e+00 1.900000000000000000e+01 0.000000000000000000e+00 1.600000000000000089e+00 1.892000000000000019e-03 5.112000000000000224e-03 -9.999850000000000128e-01 3.256970000000000143e-01 -9.454649999999999999e-01 -4.217000000000000262e-03 -9.454719999999999791e-01 -3.256839999999999735e-01 -3.454000000000000039e-03
8.000000000000000000e+00 2.000000000000000000e+00 1.900000000000000000e+01 0.000000000000000000e+00 1.600000000000000089e+00 -3.049999999999999868e-04 -4.912999999999999833e-03 -9.999879999999999880e-01 3.297260000000000191e-01 -9.440659999999999608e-01 4.538000000000000367e-03 -9.440770000000000550e-01 -3.297200000000000131e-01 1.907999999999999974e-03
1.400000000000000000e+01 2.000000000000000000e+00 1.900000000000000000e+01 0.000000000000000000e+00 1.600000000000000089e+00 -6.419999999999999925e-04 6.578999999999999779e-03 -9.999780000000000335e-01 3.351790000000000047e-01 -9.421329999999999982e-01 -6.413000000000000297e-03 -9.421540000000000470e-01 -3.351759999999999740e-01 -1.600000000000000077e-03
1.900000000000000000e+01 2.000000000000000000e+00 1.900000000000000000e+01 0.000000000000000000e+00 1.600000000000000089e+00 3.240000000000000150e-04 3.840999999999999796e-03 -9.999930000000000208e-01 3.429180000000000006e-01 -9.393590000000000551e-01 -3.497000000000000108e-03 -9.393650000000000055e-01 -3.429150000000000253e-01 -1.621000000000000045e-03
2.400000000000000000e+01 2.000000000000000000e+00 1.900000000000000000e+01 0.000000000000000000e+00 1.600000000000000089e+00 7.609999999999999577e-04 -4.676999999999999734e-03 -9.999890000000000168e-01 3.440659999999999830e-01 -9.389340000000000463e-01 4.653000000000000018e-03 -9.389450000000000296e-01 -3.440650000000000097e-01 8.949999999999999623e-04
2.000000000000000000e+00 1.300000000000000000e+01 2.000000000000000000e+01 0.000000000000000000e+00 1.600000000000000089e+00 1.275000000000000092e-03 8.120000000000000048e-04 9.999989999999999712e-01 2.620399999999999952e-01 9.650560000000000249e-01 -1.118000000000000070e-03 -9.650560000000000249e-01 2.620410000000000239e-01 1.016999999999999892e-03
7.000000000000000000e+00 1.300000000000000000e+01 2.000000000000000000e+01 0.000000000000000000e+00 1.600000000000000089e+00 -8.779999999999999827e-04 4.119999999999999856e-04 9.999989999999999712e-01 2.641589999999999772e-01 9.644789999999999752e-01 -1.649999999999999991e-04 -9.644789999999999752e-01 2.641580000000000039e-01 -9.560000000000000355e-04
1.000000000000000000e+01 1.300000000000000000e+01 2.000000000000000000e+01 0.000000000000000000e+00 1.600000000000000089e+00 -1.590000000000000050e-03 9.439999999999999607e-04 9.999980000000000535e-01 2.649590000000000001e-01 9.642600000000000060e-01 -4.889999999999999599e-04 -9.642579999999999485e-01 2.649569999999999981e-01 -1.783999999999999996e-03
1.500000000000000000e+01 1.300000000000000000e+01 2.000000000000000000e+01 0.000000000000000000e+00 1.600000000000000089e+00 1.185999999999999988e-03 -4.107999999999999673e-03 9.999909999999999632e-01 2.623989999999999934e-01 9.649529999999999497e-01 3.652999999999999997e-03 -9.649590000000000112e-01 2.623920000000000141e-01 2.222000000000000017e-03
1.800000000000000000e+01 1.300000000000000000e+01 2.000000000000000000e+01 0.000000000000000000e+00 1.600000000000000089e+00 2.047999999999999907e-03 -2.488000000000000194e-03 9.999949999999999672e-01 2.609670000000000045e-01 9.653460000000000374e-01 1.866999999999999953e-03 -9.653450000000000086e-01 2.609620000000000273e-01 2.626999999999999995e-03
4.000000000000000000e+00 3.000000000000000000e+00 2.500000000000000000e+01 0.000000000000000000e+00 1.600000000000000089e+00 -3.436999999999999951e-03 -3.800000000000000209e-05 9.999940000000000495e-01 9.324000000000000690e-03 -9.999569999999999848e-01 -6.000000000000000152e-06 9.999510000000000343e-01 9.324000000000000690e-03 3.436999999999999951e-03
2.800000000000000000e+01 3.000000000000000000e+00 2.500000000000000000e+01 0.000000000000000000e+00 1.600000000000000089e+00 8.140000000000000534e-04 -2.233999999999999875e-03 9.999970000000000248e-01 1.476599999999999961e-02 -9.998879999999999990e-01 -2.246000000000000166e-03 9.998909999999999743e-01 1.476700000000000061e-02 -7.810000000000000102e-04
2.100000000000000000e+01 4.600000000000000000e+01 2.700000000000000000e+01 0.000000000000000000e+00 1.600000000000000089e+00 -1.590000000000000050e-03 -1.340000000000000045e-03 -9.999980000000000535e-01 6.644269999999999898e-01 7.473509999999999875e-01 -2.057999999999999934e-03 7.473520000000000163e-01 -6.644290000000000473e-01 -2.979999999999999793e-04
2.100000000000000000e+01 4.600000000000000000e+01 3.000000000000000000e+01 0.000000000000000000e+00 1.600000000000000089e+00 -1.258999999999999920e-03 1.550000000000000000e-04 -9.999989999999999712e-01 3.282669999999999755e-01 9.445850000000000080e-01 -2.669999999999999847e-04 9.445839999999999792e-01 -3.282669999999999755e-01 -1.240000000000000000e-03
1.000000000000000000e+01 5.800000000000000000e+01 3.100000000000000000e+01 0.000000000000000000e+00 1.600000000000000089e+00 -7.386000000000000204e-03 -1.535500000000000059e-02 9.998550000000000493e-01 -7.597589999999999621e-01 -6.500179999999999847e-01 -1.559499999999999949e-02 6.501630000000000464e-01 -7.597639999999999949e-01 -6.865999999999999708e-03
2.000000000000000000e+01 5.800000000000000000e+01 3.100000000000000000e+01 0.000000000000000000e+00 1.600000000000000089e+00 3.595999999999999804e-03 4.199999999999999768e-05 9.999940000000000495e-01 -7.646249999999999991e-01 -6.444699999999999873e-01 2.776999999999999955e-03 6.444659999999999833e-01 -7.646300000000000319e-01 -2.285000000000000139e-03
2.900000000000000000e+01 5.800000000000000000e+01 3.100000000000000000e+01 0.000000000000000000e+00 1.600000000000000089e+00 1.291000000000000047e-03 1.022699999999999998e-02 9.999470000000000303e-01 -7.656410000000000160e-01 -6.432240000000000180e-01 7.566999999999999942e-03 6.432670000000000332e-01 -7.656100000000000128e-01 7.000000000000000146e-03
2.000000000000000000e+00 4.600000000000000000e+01 3.500000000000000000e+01 0.000000000000000000e+00 1.600000000000000089e+00 3.570000000000000040e-04 7.200000000000000182e-05 -1.000000000000000000e+00 3.889070000000000027e-01 -9.212770000000000126e-01 7.299999999999999903e-05 -9.212770000000000126e-01 -3.889070000000000027e-01 -3.570000000000000040e-04
5.000000000000000000e+00 4.600000000000000000e+01 3.500000000000000000e+01 0.000000000000000000e+00 1.600000000000000089e+00 -4.780000000000000178e-04 9.039999999999999642e-04 -9.999989999999999712e-01 3.893539999999999779e-01 -9.210869999999999891e-01 -1.018999999999999941e-03 -9.210880000000000178e-01 -3.893550000000000066e-01 8.899999999999999491e-05
1.000000000000000000e+01 4.600000000000000000e+01 3.500000000000000000e+01 0.000000000000000000e+00 1.600000000000000089e+00 -5.469999999999999602e-04 -2.386999999999999799e-03 -9.999970000000000248e-01 3.907640000000000002e-01 -9.204890000000000017e-01 1.982999999999999954e-03 -9.204909999999999481e-01 -3.907619999999999982e-01 1.435999999999999993e-03
1.700000000000000000e+01 4.600000000000000000e+01 3.500000000000000000e+01 0.000000000000000000e+00 1.600000000000000089e+00 1.050000000000000044e-04 -3.507000000000000135e-03 -9.999940000000000495e-01 3.914409999999999834e-01 -9.201970000000000427e-01 3.269000000000000204e-03 -9.202029999999999932e-01 -3.914389999999999814e-01 1.276000000000000007e-03
2.100000000000000000e+01 4.600000000000000000e+01 3.500000000000000000e+01 0.000000000000000000e+00 1.600000000000000089e+00 6.220000000000000485e-04 4.565999999999999746e-03 -9.999890000000000168e-01 3.911390000000000144e-01 -9.203230000000000022e-01 -3.958999999999999846e-03 -9.203310000000000102e-01 -3.911319999999999797e-01 -2.357999999999999853e-03
3.000000000000000000e+01 4.600000000000000000e+01 3.500000000000000000e+01 0.000000000000000000e+00 1.600000000000000089e+00 5.000000000000000409e-06 -1.838000000000000007e-03 -9.999980000000000535e-01 3.912539999999999907e-01 -9.202810000000000157e-01 1.693000000000000060e-03 -9.202829999999999622e-01 -3.912539999999999907e-01 7.140000000000000079e-04
4.000000000000000000e+00 2.900000000000000000e+01 4.400000000000000000e+01 0.000000000000000000e+00 1.600000000000000089e+00 -3.179999999999999776e-04 9.330000000000000186e-04 -1.000000000000000000e+00 6.588730000000000420e-01 7.522539999999999782e-01 4.929999999999999487e-04 7.522539999999999782e-01 -6.588720000000000132e-01 -8.540000000000000499e-04
1.000000000000000000e+01 2.900000000000000000e+01 4.400000000000000000e+01 0.000000000000000000e+00 1.600000000000000089e+00 2.037000000000000182e-03 -7.360000000000000006e-04 -9.999980000000000535e-01 6.621179999999999843e-01 7.493990000000000373e-01 7.969999999999999654e-04 7.493969999999999798e-01 -6.621179999999999843e-01 2.014000000000000165e-03
1.500000000000000000e+01 2.900000000000000000e+01 4.400000000000000000e+01 0.000000000000000000e+00 1.600000000000000089e+00 -1.753000000000000001e-03 4.530000000000000172e-03 -9.999879999999999880e-01 6.572820000000000329e-01 7.536410000000000053e-01 2.262000000000000122e-03 7.536429999999999518e-01 -6.572700000000000209e-01 -4.298999999999999870e-03
2.200000000000000000e+01 2.900000000000000000e+01 4.400000000000000000e+01 0.000000000000000000e+00 1.600000000000000089e+00 -4.199999999999999768e-05 -7.023999999999999862e-03 -9.999749999999999472e-01 6.685480000000000311e-01 7.436500000000000332e-01 -5.251999999999999724e-03 7.436690000000000245e-01 -6.685320000000000151e-01 4.663999999999999743e-03
2.900000000000000000e+01 2.900000000000000000e+01 4.400000000000000000e+01 0.000000000000000000e+00 1.600000000000000089e+00 1.359999999999999989e-04 2.706000000000000072e-03 -9.999959999999999960e-01 6.629319999999999657e-01 7.486770000000000369e-01 2.115999999999999825e-03 7.486800000000000122e-01 -6.629300000000000193e-01 -1.691999999999999928e-03
2.600000000000000000e+01 7.000000000000000000e+01 4.700000000000000000e+01 0.000000000000000000e+00 1.600000000000000089e+00 4.745000000000000086e-03 1.269999999999999970e-04 -9.999890000000000168e-01 -8.460649999999999560e-01 -5.330639999999999823e-01 -4.081999999999999691e-03 -5.330589999999999495e-01 8.460750000000000215e-01 -2.422000000000000108e-03
1.400000000000000000e+01 5.000000000000000000e+00 5.100000000000000000e+01 0.000000000000000000e+00 1.600000000000000089e+00 -3.327000000000000096e-03 -3.033000000000000106e-03 -9.999900000000000455e-01 4.926740000000000008e-01 -8.702140000000000430e-01 1.000000000000000021e-03 -8.702079999999999815e-01 -4.926650000000000196e-01 4.388999999999999672e-03
2.100000000000000000e+01 5.000000000000000000e+00 5.100000000000000000e+01 0.000000000000000000e+00 1.600000000000000089e+00 4.392000000000000071e-03 -6.276000000000000328e-03 -9.999710000000000543e-01 4.875320000000000209e-01 -8.730719999999999592e-01 7.621000000000000170e-03 -8.730940000000000367e-01 -4.875510000000000121e-01 -7.739999999999999485e-04
2.800000000000000000e+01 5.000000000000000000e+00 5.100000000000000000e+01 0.000000000000000000e+00 1.600000000000000089e+00 6.558999999999999726e-03 8.878000000000000475e-03 -9.999390000000000223e-01 4.789149999999999796e-01 -8.778489999999999904e-01 -4.653000000000000018e-03 -8.778369999999999784e-01 -4.788549999999999751e-01 -1.000999999999999980e-02
9.000000000000000000e+00 1.150000000000000000e+02 5.100000000000000000e+01 0.000000000000000000e+00 1.600000000000000089e+00 -1.515000000000000071e-03 -3.361999999999999971e-03 9.999930000000000208e-01 8.461600000000000232e-01 -5.329279999999999573e-01 -5.100000000000000366e-04 5.329260000000000108e-01 8.461539999999999617e-01 3.652999999999999997e-03
1.900000000000000000e+01 7.000000000000000000e+00 5.200000000000000000e+01 0.000000000000000000e+00 1.600000000000000089e+00 -1.812000000000000026e-03 -3.686000000000000040e-03 -9.999919999999999920e-01 1.088279999999999942e-01 -9.940550000000000219e-01 3.467000000000000030e-03 -9.940590000000000259e-01 -1.088210000000000011e-01 2.201999999999999964e-03
3.000000000000000000e+00 6.300000000000000000e+01 5.400000000000000000e+01 0.000000000000000000e+00 1.600000000000000089e+00 3.750000000000000078e-04 1.799999999999999951e-03 9.999980000000000535e-01 -3.408829999999999916e-01 9.401040000000000507e-01 -1.564000000000000069e-03 -9.401049999999999685e-01 -3.408820000000000183e-01 9.659999999999999533e-04
8.000000000000000000e+00 6.300000000000000000e+01 5.400000000000000000e+01 0.000000000000000000e+00 1.600000000000000089e+00 3.759999999999999779e-04 1.141000000000000087e-03 9.999989999999999712e-01 -3.413640000000000008e-01 9.399309999999999610e-01 -9.439999999999999607e-04 -9.399309999999999610e-01 -3.413630000000000275e-01 7.429999999999999539e-04
1.400000000000000000e+01 6.300000000000000000e+01 5.400000000000000000e+01 0.000000000000000000e+00 1.600000000000000089e+00 -2.919999999999999961e-04 1.520000000000000084e-04 1.000000000000000000e+00 -3.407800000000000273e-01 9.401429999999999509e-01 -2.420000000000000005e-04 -9.401429999999999509e-01 -3.407810000000000006e-01 -2.229999999999999994e-04
2.100000000000000000e+01 6.300000000000000000e+01 5.400000000000000000e+01 0.000000000000000000e+00 1.600000000000000089e+00 6.610000000000000207e-04 1.572000000000000047e-03 9.999989999999999712e-01 -3.452970000000000206e-01 9.384930000000000216e-01 -1.247000000000000062e-03 -9.384930000000000216e-01 -3.452959999999999918e-01 1.162999999999999971e-03
2.600000000000000000e+01 6.300000000000000000e+01 5.400000000000000000e+01 0.000000000000000000e+00 1.600000000000000089e+00 -1.678999999999999937e-03 1.620000000000000075e-04 9.999989999999999712e-01 -3.419740000000000002e-01 9.397090000000000165e-01 -7.269999999999999987e-04 -9.397079999999999878e-01 -3.419749999999999734e-01 -1.523000000000000048e-03
3.000000000000000000e+00 2.500000000000000000e+01 5.500000000000000000e+01 0.000000000000000000e+00 1.600000000000000089e+00 -1.686999999999999915e-03 -1.669999999999999935e-04 -9.999989999999999712e-01 -1.006899999999999983e-02 -9.999489999999999768e-01 1.840000000000000001e-04 -9.999479999999999480e-01 1.006899999999999983e-02 1.685000000000000083e-03
1.400000000000000000e+01 2.500000000000000000e+01 5.500000000000000000e+01 0.000000000000000000e+00 1.600000000000000089e+00 1.356999999999999916e-03 -4.270000000000000358e-03 -9.999900000000000455e-01 -1.266100000000000038e-02 -9.999109999999999943e-01 4.251999999999999703e-03 -9.999190000000000023e-01 1.265600000000000058e-02 -1.410999999999999928e-03
6.000000000000000000e+00 2.100000000000000000e+01 6.000000000000000000e+01 0.000000000000000000e+00 1.600000000000000089e+00 2.739999999999999923e-04 -7.493999999999999793e-03 9.999719999999999720e-01 -9.339500000000000579e-02 9.956009999999999582e-01 7.486999999999999732e-03 -9.956289999999999862e-01 -9.339400000000000479e-02 -4.270000000000000249e-04
1.300000000000000000e+01 2.100000000000000000e+01 6.000000000000000000e+01 0.000000000000000000e+00 1.600000000000000089e+00 -1.074000000000000085e-03 -2.180000000000000134e-04 9.999989999999999712e-01 -9.421499999999999320e-02 9.955519999999999925e-01 1.150000000000000035e-04 -9.955509999999999637e-01 -9.421499999999999320e-02 -1.090000000000000040e-03
2.200000000000000000e+01 2.100000000000000000e+01 6.000000000000000000e+01 0.000000000000000000e+00 1.600000000000000089e+00 7.640000000000000306e-04 3.481000000000000153e-03 9.999940000000000495e-01 -9.397300000000000098e-02 9.955690000000000373e-01 -3.393999999999999882e-03 -9.955739999999999590e-01 -9.396999999999999797e-02 1.087999999999999991e-03
4.000000000000000000e+00 2.700000000000000000e+01 6.300000000000000000e+01 0.000000000000000000e+00 1.600000000000000089e+00 2.528999999999999998e-03 3.798999999999999860e-03 9.999900000000000455e-01 -2.765929999999999778e-01 9.609830000000000316e-01 -2.951000000000000064e-03 -9.609839999999999494e-01 -2.765830000000000233e-01 3.481000000000000153e-03
1.100000000000000000e+01 2.700000000000000000e+01 6.300000000000000000e+01 0.000000000000000000e+00 1.600000000000000089e+00 -9.560000000000000355e-04 1.758999999999999930e-03 9.999980000000000535e-01 -2.729570000000000052e-01 9.620239999999999903e-01 -1.953000000000000092e-03 -9.620260000000000478e-01 -2.729590000000000072e-01 -4.400000000000000157e-04
1.600000000000000000e+01 2.700000000000000000e+01 6.300000000000000000e+01 0.000000000000000000e+00 1.600000000000000089e+00 8.329999999999999731e-04 -3.569000000000000124e-03 9.999930000000000208e-01 -2.720049999999999968e-01 9.622889999999999500e-01 3.661000000000000192e-03 -9.622960000000000402e-01 -2.720060000000000255e-01 -1.689999999999999879e-04
2.200000000000000000e+01 2.700000000000000000e+01 6.300000000000000000e+01 0.000000000000000000e+00 1.600000000000000089e+00 1.910000000000000022e-03 5.050999999999999934e-03 9.999850000000000128e-01 -2.714670000000000138e-01 9.624380000000000157e-01 -4.342999999999999639e-03 -9.624460000000000237e-01 -2.714550000000000018e-01 3.209000000000000047e-03
3.000000000000000000e+01 2.700000000000000000e+01 6.300000000000000000e+01 0.000000000000000000e+00 1.600000000000000089e+00 -1.739000000000000094e-03 -1.344399999999999935e-02 9.999080000000000190e-01 -2.718079999999999941e-01 9.622709999999999875e-01 1.246500000000000039e-02 -9.623500000000000387e-01 -2.717620000000000036e-01 -5.327000000000000138e-03
2.000000000000000000e+00 2.600000000000000000e+01 6.400000000000000000e+01 0.000000000000000000e+00 1.600000000000000089e+00 2.726000000000000124e-03 5.439999999999999957e-04 9.999959999999999960e-01 -3.687639999999999807e-01 9.295229999999999881e-01 5.000000000000000104e-04 -9.295189999999999841e-01 -3.687639999999999807e-01 2.733999999999999885e-03
5.000000000000000000e+00 2.600000000000000000e+01 6.400000000000000000e+01 0.000000000000000000e+00 1.600000000000000089e+00 1.853000000000000046e-03 5.407000000000000348e-03 9.999839999999999840e-01 -3.671050000000000146e-01 9.301690000000000236e-01 -4.348999999999999568e-03 -9.301779999999999493e-01 -3.670910000000000006e-01 3.709000000000000057e-03
1.600000000000000000e+01 2.600000000000000000e+01 6.400000000000000000e+01 0.000000000000000000e+00 1.600000000000000089e+00 1.010000000000000047e-03 -4.101999999999999744e-03 9.999909999999999632e-01 -3.611759999999999970e-01 9.324879999999999836e-01 4.190000000000000148e-03 -9.324970000000000203e-01 -3.611770000000000258e-01 -5.389999999999999826e-04
1.900000000000000000e+01 2.600000000000000000e+01 6.400000000000000000e+01 0.000000000000000000e+00 1.600000000000000089e+00 3.100000000000000135e-05 6.310000000000000504e-04 1.000000000000000000e+00 -3.618709999999999982e-01 9.322279999999999456e-01 -5.770000000000000389e-04 -9.322279999999999456e-01 -3.618709999999999982e-01 2.570000000000000127e-04
2.200000000000000000e+01 2.600000000000000000e+01 6.400000000000000000e+01 0.000000000000000000e+00 1.600000000000000089e+00 1.726000000000000104e-03 5.094999999999999703e-03 9.999860000000000415e-01 -3.605479999999999796e-01 9.327320000000000055e-01 -4.131000000000000123e-03 -9.327389999999999848e-01 -3.605349999999999944e-01 3.446999999999999977e-03
2.000000000000000000e+00 2.500000000000000000e+01 7.300000000000000000e+01 0.000000000000000000e+00 1.600000000000000089e+00 -1.294999999999999927e-03 3.106999999999999953e-03 9.999940000000000495e-01 7.509510000000000352e-01 -6.603510000000000213e-01 3.024000000000000212e-03 6.603569999999999718e-01 7.509500000000000064e-01 -1.479000000000000063e-03
5.000000000000000000e+00 2.500000000000000000e+01 7.300000000000000000e+01 0.000000000000000000e+00 1.600000000000000089e+00 -2.292999999999999899e-03 -3.180000000000000101e-03 9.999919999999999920e-01 7.516819999999999613e-01 -6.595259999999999456e-01 -3.739999999999999835e-04 6.595220000000000526e-01 7.516749999999999821e-01 3.902000000000000086e-03
8.000000000000000000e+00 2.500000000000000000e+01 7.300000000000000000e+01 0.000000000000000000e+00 1.600000000000000089e+00 -3.379000000000000059e-03 -7.439000000000000300e-03 9.999670000000000503e-01 7.522320000000000118e-01 -6.588939999999999797e-01 -2.360000000000000119e-03 6.588899999999999757e-01 7.521989999999999510e-01 7.822000000000000827e-03
1.300000000000000000e+01 2.500000000000000000e+01 7.300000000000000000e+01 0.000000000000000000e+00 1.600000000000000089e+00 -1.642999999999999929e-03 -2.438000000000000063e-03 9.999959999999999960e-01 7.542649999999999633e-01 -6.565699999999999870e-01 -3.620000000000000171e-04 6.565680000000000405e-01 7.542609999999999593e-01 2.918000000000000021e-03
1.900000000000000000e+01 2.500000000000000000e+01 7.300000000000000000e+01 0.000000000000000000e+00 1.600000000000000089e+00 -9.499999999999999981e-04 2.305000000000000191e-03 9.999970000000000248e-01 7.511980000000000324e-01 -6.600740000000000496e-01 2.235000000000000007e-03 6.600770000000000248e-01 7.511970000000000036e-01 -1.103999999999999947e-03
2.500000000000000000e+01 2.500000000000000000e+01 7.300000000000000000e+01 0.000000000000000000e+00 1.600000000000000089e+00 1.949999999999999965e-04 -6.989999999999999686e-04 1.000000000000000000e+00 7.559940000000000548e-01 -6.545790000000000219e-01 -6.059999999999999849e-04 6.545790000000000219e-01 7.559940000000000548e-01 4.009999999999999893e-04
2.800000000000000000e+01 2.500000000000000000e+01 7.300000000000000000e+01 0.000000000000000000e+00 1.600000000000000089e+00 -1.356000000000000000e-03 -9.200000000000000278e-04 9.999989999999999712e-01 7.556950000000000056e-01 -6.549239999999999506e-01 4.220000000000000118e-04 6.549220000000000041e-01 7.556950000000000056e-01 1.582999999999999989e-03
5.000000000000000000e+00 4.400000000000000000e+01 7.300000000000000000e+01 0.000000000000000000e+00 1.600000000000000089e+00 -1.057999999999999913e-03 -1.258999999999999920e-03 9.999989999999999712e-01 5.116799999999999821e-02 -9.986890000000000489e-01 -1.203000000000000076e-03 9.986890000000000489e-01 5.116699999999999721e-02 1.121000000000000035e-03
1.400000000000000000e+01 4.400000000000000000e+01 7.300000000000000000e+01 0.000000000000000000e+00 1.600000000000000089e+00 -1.030000000000000100e-03 -1.302999999999999905e-03 9.999989999999999712e-01 5.339800000000000102e-02 -9.985730000000000439e-01 -1.245999999999999929e-03 9.985730000000000439e-01 5.339700000000000002e-02 1.098000000000000018e-03
2.600000000000000000e+01 4.400000000000000000e+01 7.300000000000000000e+01 0.000000000000000000e+00 1.600000000000000089e+00 1.294999999999999927e-03 7.269999999999999987e-04 9.999989999999999712e-01 5.363699999999999718e-02 -9.985600000000000032e-01 6.560000000000000076e-04 9.985600000000000032e-01 5.363600000000000312e-02 -1.332999999999999984e-03
3.000000000000000000e+00 9.100000000000000000e+01 7.600000000000000000e+01 0.000000000000000000e+00 1.600000000000000089e+00 9.269999999999999811e-04 1.307999999999999918e-03 9.999989999999999712e-01 3.154159999999999742e-01 -9.489530000000000465e-01 9.489999999999999738e-04 9.489530000000000465e-01 3.154140000000000277e-01 -1.291999999999999963e-03
8.000000000000000000e+00 9.100000000000000000e+01 7.600000000000000000e+01 0.000000000000000000e+00 1.600000000000000089e+00 -3.820000000000000153e-04 -1.848999999999999949e-03 9.999980000000000535e-01 3.270609999999999906e-01 -9.450020000000000087e-01 -1.621999999999999961e-03 9.450030000000000374e-01 3.270600000000000174e-01 9.659999999999999533e-04
1.200000000000000000e+01 9.100000000000000000e+01 7.600000000000000000e+01 0.000000000000000000e+00 1.600000000000000089e+00 -2.090000000000000115e-04 -7.739999999999999485e-04 1.000000000000000000e+00 3.191039999999999988e-01 -9.477200000000000069e-01 -6.660000000000000338e-04 9.477200000000000069e-01 3.191039999999999988e-01 4.449999999999999746e-04
1.500000000000000000e+01 9.100000000000000000e+01 7.600000000000000000e+01 0.000000000000000000e+00 1.600000000000000089e+00 3.669999999999999760e-04 6.179999999999999513e-04 1.000000000000000000e+00 3.151129999999999765e-01 -9.490539999999999532e-01 4.710000000000000102e-04 9.490539999999999532e-01 3.151129999999999765e-01 -5.429999999999999714e-04
1.900000000000000000e+01 9.100000000000000000e+01 7.600000000000000000e+01 0.000000000000000000e+00 1.600000000000000089e+00 9.590000000000000000e-04 4.699999999999999724e-05 1.000000000000000000e+00 3.134640000000000204e-01 -9.495999999999999996e-01 -2.559999999999999884e-04 9.495999999999999996e-01 3.134640000000000204e-01 -9.250000000000000409e-04
2.400000000000000000e+01 9.100000000000000000e+01 7.600000000000000000e+01 0.000000000000000000e+00 1.600000000000000089e+00 -1.752000000000000085e-03 -1.387999999999999911e-03 9.999970000000000248e-01 3.091070000000000206e-01 -9.510269999999999557e-01 -7.780000000000000457e-04 9.510260000000000380e-01 3.091050000000000186e-01 2.096000000000000207e-03
4.000000000000000000e+00 4.400000000000000000e+01 8.300000000000000000e+01 0.000000000000000000e+00 1.600000000000000089e+00 -2.452000000000000186e-03 -2.439999999999999949e-04 9.999970000000000248e-01 5.726759999999999629e-01 -8.197809999999999819e-01 1.203999999999999992e-03 8.197780000000000067e-01 5.726769999999999916e-01 2.150000000000000001e-03
7.000000000000000000e+00 4.400000000000000000e+01 8.300000000000000000e+01 0.000000000000000000e+00 1.600000000000000089e+00 1.190000000000000058e-04 -3.121000000000000076e-03 9.999949999999999672e-01 5.732310000000000461e-01 -8.193899999999999517e-01 -2.625999999999999862e-03 8.193939999999999557e-01 5.732289999999999885e-01 1.691999999999999928e-03
1.000000000000000000e+01 4.400000000000000000e+01 8.300000000000000000e+01 0.000000000000000000e+00 1.600000000000000089e+00 9.309999999999999699e-04 -6.069999999999999875e-03 9.999810000000000088e-01 5.769790000000000196e-01 -8.167410000000000503e-01 -5.494999999999999885e-03 8.167590000000000128e-01 5.769729999999999581e-01 2.742000000000000080e-03
2.000000000000000000e+01 4.400000000000000000e+01 8.300000000000000000e+01 0.000000000000000000e+00 1.600000000000000089e+00 9.870000000000000301e-04 -1.642000000000000013e-03 9.999980000000000535e-01 5.847700000000000120e-01 -8.111969999999999459e-01 -1.909000000000000107e-03 8.111979999999999746e-01 5.847710000000000408e-01 1.600000000000000131e-04
5.000000000000000000e+00 4.800000000000000000e+01 8.400000000000000000e+01 0.000000000000000000e+00 1.600000000000000089e+00 -9.399999999999999448e-05 -2.164999999999999824e-03 -9.999980000000000535e-01 -9.474690000000000056e-01 -3.198469999999999924e-01 7.810000000000000102e-04 -3.198480000000000212e-01 9.474669999999999481e-01 -2.021999999999999926e-03
9.000000000000000000e+00 4.800000000000000000e+01 8.400000000000000000e+01 0.000000000000000000e+00 1.600000000000000089e+00 -5.947000000000000029e-03 -2.965000000000000187e-03 -9.999780000000000335e-01 -9.479060000000000263e-01 -3.184819999999999873e-01 6.582000000000000177e-03 -3.184939999999999993e-01 9.479239999999999888e-01 -9.160000000000000390e-04
1.300000000000000000e+01 4.800000000000000000e+01 8.400000000000000000e+01 0.000000000000000000e+00 1.600000000000000089e+00 -5.682000000000000418e-03 -4.531000000000000305e-03 -9.999740000000000295e-01 -9.474679999999999769e-01 -3.197769999999999779e-01 6.832999999999999664e-03 -3.197999999999999732e-01 9.474820000000000464e-01 -2.475999999999999902e-03
1.600000000000000000e+01 4.800000000000000000e+01 8.400000000000000000e+01 0.000000000000000000e+00 1.600000000000000089e+00 -3.062000000000000052e-03 -2.942000000000000171e-03 -9.999909999999999632e-01 -9.476360000000000339e-01 -3.193289999999999740e-01 3.840999999999999796e-03 -3.193380000000000107e-01 9.476390000000000091e-01 -1.809999999999999977e-03
2.100000000000000000e+01 4.800000000000000000e+01 8.400000000000000000e+01 0.000000000000000000e+00 1.600000000000000089e+00 -2.383999999999999835e-03 6.499999999999999431e-05 -9.999970000000000248e-01 -9.469619999999999704e-01 -3.213380000000000125e-01 2.236999999999999839e-03 -3.213369999999999838e-01 9.469649999999999457e-01 8.279999999999999600e-04
