7.000000000000000000e+00 1.500000000000000000e+01 4.000000000000000000e+00 0.000000000000000000e+00 1.600000000000000089e+00 -8.835000000000000839e-03 4.362599999999999811e-02 9.990090000000000359e-01 4.242859999999999965e-01 -9.044950000000000490e-01 4.325099999999999778e-02 9.054849999999999843e-01 4.242469999999999852e-01 -1.051900000000000057e-02
2.200000000000000000e+01 1.900000000000000000e+01 5.000000000000000000e+00 0.000000000000000000e+00 1.600000000000000089e+00 5.141999999999999869e-03 4.532999999999999703e-03 -9.999770000000000048e-01 -6.941129999999999800e-01 -7.198339999999999739e-01 -6.832000000000000399e-03 -7.198480000000000434e-01 6.941310000000000535e-01 -5.550000000000000462e-04
2.000000000000000000e+00 1.010000000000000000e+02 7.000000000000000000e+00 0.000000000000000000e+00 1.600000000000000089e+00 8.369999999999999619e-04 -8.940000000000000030e-03 9.999599999999999600e-01 8.859949999999999770e-01 4.636819999999999831e-01 3.403999999999999908e-03 -4.636939999999999951e-01 8.859569999999999945e-01 8.309000000000000413e-03
9.000000000000000000e+00 1.010000000000000000e+02 7.000000000000000000e+00 0.000000000000000000e+00 1.600000000000000089e+00 -1.742000000000000059e-03 7.045000000000000047e-03 9.999740000000000295e-01 8.867070000000000229e-01 4.623280000000000167e-01 -1.711999999999999980e-03 -4.623280000000000167e-01 8.866810000000000525e-01 -7.052000000000000109e-03
2.900000000000000000e+01 1.010000000000000000e+02 7.000000000000000000e+00 0.000000000000000000e+00 1.600000000000000089e+00 1.234000000000000071e-03 -1.507000000000000093e-03 9.999980000000000535e-01 8.857260000000000133e-01 4.642089999999999828e-01 -3.930000000000000117e-04 -4.642080000000000095e-01 8.857239999999999558e-01 1.907999999999999974e-03
5.000000000000000000e+00 2.500000000000000000e+01 8.000000000000000000e+00 0.000000000000000000e+00 1.600000000000000089e+00 2.260999999999999989e-03 6.485000000000000313e-03 -9.999759999999999760e-01 4.383799999999999919e-01 8.987640000000000073e-01 6.819999999999999674e-03 8.987870000000000026e-01 -4.383850000000000247e-01 -8.109999999999999805e-04
9.000000000000000000e+00 2.500000000000000000e+01 8.000000000000000000e+00 0.000000000000000000e+00 1.600000000000000089e+00 1.655000000000000004e-03 2.054999999999999969e-03 -9.999970000000000248e-01 4.380539999999999989e-01 8.989449999999999941e-01 2.573000000000000200e-03 8.989470000000000516e-01 -4.380569999999999742e-01 5.869999999999999567e-04
1.500000000000000000e+01 2.500000000000000000e+01 8.000000000000000000e+00 0.000000000000000000e+00 1.600000000000000089e+00 1.768999999999999956e-03 3.431000000000000022e-03 -9.999930000000000208e-01 4.363330000000000264e-01 8.997770000000000490e-01 3.857999999999999884e-03 8.997840000000000282e-01 -4.363360000000000016e-01 9.500000000000000523e-05
1.900000000000000000e+01 2.500000000000000000e+01 8.000000000000000000e+00 0.000000000000000000e+00 1.600000000000000089e+00 2.213000000000000123e-03 1.373000000000000088e-03 -9.999970000000000248e-01 4.360350000000000059e-01 8.999270000000000325e-01 2.200000000000000133e-03 8.999270000000000325e-01 -4.360379999999999812e-01 1.392999999999999924e-03
2.500000000000000000e+01 2.500000000000000000e+01 8.000000000000000000e+00 0.000000000000000000e+00 1.600000000000000089e+00 -1.894000000000000067e-03 1.231000000000000106e-03 -9.999970000000000248e-01 4.319390000000000174e-01 9.019030000000000102e-01 2.919999999999999961e-04 9.019009999999999527e-01 -4.319370000000000154e-01 -2.239999999999999804e-03
3.000000000000000000e+01 2.500000000000000000e+01 8.000000000000000000e+00 0.000000000000000000e+00 1.600000000000000089e+00 -2.207000000000000194e-03 -4.638999999999999894e-03 -9.999869999999999592e-01 4.309029999999999805e-01 9.023839999999999639e-01 -5.137000000000000073e-03 9.023959999999999759e-01 -4.309089999999999865e-01 6.999999999999999895e-06
6.000000000000000000e+00 2.400000000000000000e+01 9.000000000000000000e+00 0.000000000000000000e+00 1.600000000000000089e+00 2.309999999999999987e-03 4.160999999999999768e-03 -9.999890000000000168e-01 4.444319999999999937e-01 8.958000000000000407e-01 4.754000000000000413e-03 8.958099999999999952e-01 -4.444379999999999997e-01 2.200000000000000078e-04
1.500000000000000000e+01 2.400000000000000000e+01 9.000000000000000000e+00 0.000000000000000000e+00 1.600000000000000089e+00 1.497000000000000067e-03 4.300000000000000003e-03 -9.999900000000000455e-01 4.419310000000000183e-01 8.970380000000000020e-01 4.518999999999999580e-03 8.970479999999999565e-01 -4.419330000000000203e-01 -5.569999999999999864e-04
2.000000000000000000e+01 2.400000000000000000e+01 9.000000000000000000e+00 0.000000000000000000e+00 1.600000000000000089e+00 1.539999999999999919e-03 2.606999999999999942e-03 -9.999949999999999672e-01 4.419259999999999855e-01 8.970460000000000100e-01 3.018999999999999982e-03 8.970500000000000140e-01 -4.419290000000000163e-01 2.300000000000000070e-04
2.400000000000000000e+01 2.400000000000000000e+01 9.000000000000000000e+00 0.000000000000000000e+00 1.600000000000000089e+00 -3.150000000000000131e-04 2.301000000000000094e-03 -9.999970000000000248e-01 4.377240000000000020e-01 8.991069999999999895e-01 1.930000000000000075e-03 8.991090000000000471e-01 -4.377229999999999732e-01 -1.289999999999999914e-03
2.000000000000000000e+01 8.000000000000000000e+00 1.000000000000000000e+01 0.000000000000000000e+00 1.600000000000000089e+00 9.020999999999999852e-02 5.180499999999999688e-02 -9.945739999999999581e-01 -9.850039999999999907e-01 -1.428290000000000115e-01 -9.678200000000000691e-02 -1.470670000000000033e-01 9.883910000000000196e-01 3.814399999999999735e-02
9.000000000000000000e+00 3.000000000000000000e+00 1.100000000000000000e+01 0.000000000000000000e+00 1.600000000000000089e+00 -6.202000000000000048e-03 1.058950000000000030e-01 9.943579999999999641e-01 1.352810000000000124e-01 -9.851469999999999949e-01 1.057580000000000048e-01 9.907880000000000020e-01 1.351739999999999886e-01 -8.215999999999999345e-03
1.800000000000000000e+01 4.000000000000000000e+00 1.100000000000000000e+01 0.000000000000000000e+00 1.600000000000000089e+00 -1.191000000000000001e-03 1.156770000000000020e-01 9.932860000000000023e-01 1.541210000000000080e-01 -9.813979999999999926e-01 1.144769999999999954e-01 9.880510000000000126e-01 1.532219999999999971e-01 -1.665900000000000020e-02
2.600000000000000000e+01 1.200000000000000000e+01 1.600000000000000000e+01 0.000000000000000000e+00 1.600000000000000089e+00 1.173999999999999913e-03 8.300000000000000086e-04 9.999989999999999712e-01 2.631069999999999798e-01 -9.647670000000000412e-01 4.910000000000000085e-04 9.647660000000000124e-01 2.631060000000000065e-01 -1.350999999999999987e-03
6.000000000000000000e+00 1.160000000000000000e+02 1.600000000000000000e+01 0.000000000000000000e+00 1.600000000000000089e+00 -4.789999999999999879e-04 -2.030999999999999819e-03 9.999980000000000535e-01 7.538559999999999706e-01 6.570380000000000109e-01 1.696000000000000025e-03 -6.570399999999999574e-01 7.538550000000000528e-01 1.216000000000000067e-03
9.000000000000000000e+00 1.160000000000000000e+02 1.600000000000000000e+01 0.000000000000000000e+00 1.600000000000000089e+00 -3.420000000000000188e-04 -2.249999999999999830e-03 9.999970000000000248e-01 7.595610000000000417e-01 6.504339999999999566e-01 1.722999999999999922e-03 -6.504360000000000142e-01 7.595600000000000129e-01 1.487000000000000040e-03
1.500000000000000000e+01 1.160000000000000000e+02 1.600000000000000000e+01 0.000000000000000000e+00 1.600000000000000089e+00 -1.374999999999999920e-03 -9.169999999999999549e-04 9.999989999999999712e-01 7.415079999999999449e-01 6.709420000000000384e-01 1.634000000000000036e-03 -6.709429999999999561e-01 7.415089999999999737e-01 -2.420000000000000005e-04
2.000000000000000000e+01 1.160000000000000000e+02 1.600000000000000000e+01 0.000000000000000000e+00 1.600000000000000089e+00 -2.507999999999999813e-03 -7.280000000000000230e-04 9.999970000000000248e-01 7.501560000000000450e-01 6.612569999999999837e-01 2.363000000000000083e-03 -6.612569999999999837e-01 7.501590000000000202e-01 -1.113000000000000057e-03
2.300000000000000000e+01 1.160000000000000000e+02 1.600000000000000000e+01 0.000000000000000000e+00 1.600000000000000089e+00 -3.959999999999999978e-03 -2.292000000000000200e-03 9.999900000000000455e-01 7.517070000000000141e-01 6.594820000000000126e-01 4.488999999999999935e-03 -6.594860000000000166e-01 7.517169999999999686e-01 -8.880000000000000089e-04
4.000000000000000000e+00 2.000000000000000000e+00 1.900000000000000000e+01 0.000000000000000000e+00 1.600000000000000089e+00 -5.330000000000000536e-04 1.488500000000000066e-02 -9.998890000000000278e-01 3.633520000000000083e-01 -9.315459999999999852e-01 -1.406100000000000058e-02 -9.316520000000000357e-01 -3.633190000000000031e-01 -4.911999999999999700e-03
2.600000000000000000e+01 2.000000000000000000e+00 1.900000000000000000e+01 0.000000000000000000e+00 1.600000000000000089e+00 -3.669999999999999760e-04 -1.754100000000000104e-02 -9.998460000000000125e-01 3.564249999999999918e-01 -9.341819999999999569e-01 1.625800000000000162e-02 -9.343240000000000434e-01 -3.563649999999999873e-01 6.595000000000000168e-03
8.000000000000000000e+00 3.000000000000000000e+00 1.900000000000000000e+01 0.000000000000000000e+00 1.600000000000000089e+00 3.265999999999999806e-03 3.606899999999999690e-02 -9.993440000000000101e-01 3.407899999999999818e-01 -9.395670000000000410e-01 -3.279800000000000076e-02 -9.401340000000000252e-01 -3.404590000000000116e-01 -1.536099999999999965e-02
1.200000000000000000e+01 3.000000000000000000e+00 1.900000000000000000e+01 0.000000000000000000e+00 1.600000000000000089e+00 5.559999999999999621e-04 5.049100000000000116e-02 -9.987239999999999451e-01 3.483939999999999815e-01 -9.361620000000000497e-01 -4.713400000000000228e-02 -9.373479999999999590e-01 -3.479229999999999823e-01 -1.811099999999999863e-02
1.600000000000000000e+01 3.000000000000000000e+00 1.900000000000000000e+01 0.000000000000000000e+00 1.600000000000000089e+00 -4.081000000000000426e-03 4.698499999999999899e-02 -9.988869999999999694e-01 3.541070000000000051e-01 -9.341030000000000166e-01 -4.538400000000000073e-02 -9.351960000000000273e-01 -3.538979999999999904e-01 -1.282600000000000059e-02
2.000000000000000000e+01 3.000000000000000000e+00 1.900000000000000000e+01 0.000000000000000000e+00 1.600000000000000089e+00 -5.165000000000000320e-03 2.725800000000000098e-02 -9.996150000000000313e-01 3.512910000000000199e-01 -9.358670000000000044e-01 -2.733500000000000166e-02 -9.362519999999999731e-01 -3.512970000000000259e-01 -4.741999999999999688e-03
2.800000000000000000e+01 3.000000000000000000e+00 1.900000000000000000e+01 0.000000000000000000e+00 1.600000000000000089e+00 -1.049999999999999935e-03 -2.217200000000000074e-02 -9.997540000000000315e-01 3.380560000000000231e-01 -9.409020000000000161e-01 2.051199999999999898e-02 -9.411249999999999893e-01 -3.379519999999999746e-01 8.482999999999999222e-03
4.000000000000000000e+00 1.300000000000000000e+01 2.000000000000000000e+01 0.000000000000000000e+00 1.600000000000000089e+00 -1.000999999999999937e-03 -4.644999999999999823e-03 9.999890000000000168e-01 2.611720000000000153e-01 9.652809999999999446e-01 4.746000000000000218e-03 -9.652920000000000389e-01 2.611729999999999885e-01 2.469999999999999865e-04
1.700000000000000000e+01 1.300000000000000000e+01 2.000000000000000000e+01 0.000000000000000000e+00 1.600000000000000089e+00 1.119999999999999983e-04 -3.487000000000000082e-03 9.999940000000000495e-01 2.606740000000000168e-01 9.654209999999999736e-01 3.337000000000000122e-03 -9.654270000000000351e-01 2.606720000000000148e-01 1.016999999999999892e-03
2.400000000000000000e+01 1.300000000000000000e+01 2.000000000000000000e+01 0.000000000000000000e+00 1.600000000000000089e+00 5.169999999999999899e-04 1.476000000000000098e-03 9.999989999999999712e-01 2.632639999999999980e-01 9.647229999999999972e-01 -1.559999999999999972e-03 -9.647240000000000260e-01 2.632639999999999980e-01 1.100000000000000039e-04
2.800000000000000000e+01 1.300000000000000000e+01 2.000000000000000000e+01 0.000000000000000000e+00 1.600000000000000089e+00 8.059999999999999673e-04 3.501999999999999905e-03 9.999940000000000495e-01 2.634859999999999980e-01 9.646569999999999867e-01 -3.591000000000000008e-03 -9.646630000000000482e-01 2.634870000000000267e-01 -1.450000000000000009e-04
4.000000000000000000e+00 1.600000000000000000e+01 2.100000000000000000e+01 0.000000000000000000e+00 1.600000000000000089e+00 -2.491999999999999858e-03 -8.488000000000000753e-03 9.999609999999999888e-01 2.984870000000000023e-01 9.543730000000000269e-01 8.845000000000000431e-03 -9.544110000000000094e-01 2.984970000000000123e-01 1.550000000000000000e-04
2.400000000000000000e+01 1.600000000000000000e+01 2.100000000000000000e+01 0.000000000000000000e+00 1.600000000000000089e+00 5.299999999999999807e-04 2.033999999999999784e-03 9.999980000000000535e-01 3.001469999999999971e-01 9.538910000000000444e-01 -2.099000000000000171e-03 -9.538929999999999909e-01 3.001480000000000259e-01 -1.050000000000000044e-04
2.000000000000000000e+00 2.000000000000000000e+00 2.500000000000000000e+01 0.000000000000000000e+00 1.600000000000000089e+00 5.910000000000000539e-04 1.809000000000000061e-03 9.999980000000000535e-01 6.063999999999999946e-02 -9.981579999999999897e-01 1.768999999999999956e-03 9.981600000000000472e-01 6.063899999999999846e-02 -6.999999999999999929e-04
6.000000000000000000e+00 3.000000000000000000e+00 2.500000000000000000e+01 0.000000000000000000e+00 1.600000000000000089e+00 1.608000000000000054e-03 5.806000000000000397e-03 9.999820000000000375e-01 -1.817900000000000071e-02 -9.998179999999999845e-01 5.833999999999999776e-03 9.998329999999999718e-01 -1.818799999999999931e-02 -1.502999999999999996e-03
2.100000000000000000e+01 3.000000000000000000e+00 2.500000000000000000e+01 0.000000000000000000e+00 1.600000000000000089e+00 -4.640000000000000027e-04 8.942999999999999561e-03 9.999599999999999600e-01 3.563899999999999707e-02 -9.993250000000000188e-01 8.954000000000000153e-03 9.993649999999999478e-01 3.564200000000000007e-02 1.450000000000000009e-04
2.900000000000000000e+01 3.000000000000000000e+00 2.500000000000000000e+01 0.000000000000000000e+00 1.600000000000000089e+00 4.310999999999999728e-03 -2.618499999999999994e-02 9.996479999999999810e-01 6.316999999999999699e-03 -9.996359999999999690e-01 -2.621199999999999919e-02 9.999710000000000543e-01 6.427999999999999686e-03 -4.144000000000000114e-03
4.000000000000000000e+00 4.600000000000000000e+01 2.700000000000000000e+01 0.000000000000000000e+00 1.600000000000000089e+00 -1.169999999999999979e-04 -7.960000000000000495e-04 -1.000000000000000000e+00 6.783090000000000508e-01 7.347770000000000135e-01 -6.650000000000000095e-04 7.347770000000000135e-01 -6.783090000000000508e-01 4.539999999999999765e-04
2.000000000000000000e+00 4.600000000000000000e+01 3.500000000000000000e+01 0.000000000000000000e+00 1.600000000000000089e+00 -5.820000000000000520e-04 -5.403999999999999949e-03 -9.999850000000000128e-01 3.892809999999999881e-01 -9.211070000000000091e-01 4.752000000000000147e-03 -9.211190000000000211e-01 -3.892729999999999801e-01 2.639999999999999986e-03
6.000000000000000000e+00 4.600000000000000000e+01 3.500000000000000000e+01 0.000000000000000000e+00 1.600000000000000089e+00 -9.449999999999999850e-04 -1.595000000000000064e-03 -9.999980000000000535e-01 3.905330000000000190e-01 -9.205879999999999619e-01 1.098999999999999934e-03 -9.205879999999999619e-01 -3.905310000000000170e-01 1.492000000000000054e-03
1.000000000000000000e+01 4.600000000000000000e+01 3.500000000000000000e+01 0.000000000000000000e+00 1.600000000000000089e+00 -8.559999999999999901e-04 -3.681999999999999943e-03 -9.999930000000000208e-01 3.933159999999999989e-01 -9.193980000000000485e-01 3.049000000000000061e-03 -9.194029999999999703e-01 -3.933099999999999929e-01 2.235000000000000007e-03
1.500000000000000000e+01 4.600000000000000000e+01 3.500000000000000000e+01 0.000000000000000000e+00 1.600000000000000089e+00 -9.000000000000000228e-06 1.154000000000000078e-03 -9.999989999999999712e-01 3.936899999999999844e-01 -9.192430000000000323e-01 -1.064000000000000059e-03 -9.192430000000000323e-01 -3.936890000000000112e-01 -4.459999999999999989e-04
2.400000000000000000e+01 4.600000000000000000e+01 3.500000000000000000e+01 0.000000000000000000e+00 1.600000000000000089e+00 -8.499999999999999526e-04 -2.729999999999999788e-03 -9.999959999999999960e-01 3.922490000000000143e-01 -9.198560000000000070e-01 2.177999999999999815e-03 -9.198589999999999822e-01 -3.922459999999999836e-01 1.853000000000000046e-03
1.700000000000000000e+01 9.500000000000000000e+01 3.600000000000000000e+01 0.000000000000000000e+00 1.600000000000000089e+00 -6.322999999999999628e-03 -1.044800000000000069e-02 9.999249999999999527e-01 9.957570000000000032e-01 9.173499999999999710e-02 7.256000000000000297e-03 -9.180399999999999672e-02 9.957289999999999752e-01 9.823000000000000134e-03
2.700000000000000000e+01 9.500000000000000000e+01 3.700000000000000000e+01 0.000000000000000000e+00 1.600000000000000089e+00 -2.912000000000000092e-03 -1.326199999999999948e-02 9.999080000000000190e-01 9.948179999999999801e-01 1.015869999999999967e-01 4.244000000000000376e-03 -1.016340000000000021e-01 9.947380000000000111e-01 1.289700000000000048e-02
2.100000000000000000e+01 6.000000000000000000e+01 3.900000000000000000e+01 0.000000000000000000e+00 1.600000000000000089e+00 -1.340000000000000045e-03 -1.140299999999999994e-02 -9.999339999999999895e-01 2.963149999999999951e-01 -9.550330000000000208e-01 1.049399999999999986e-02 -9.550889999999999658e-01 -2.962810000000000166e-01 4.658999999999999947e-03
4.000000000000000000e+00 2.900000000000000000e+01 4.400000000000000000e+01 0.000000000000000000e+00 1.600000000000000089e+00 -3.458000000000000136e-03 1.913999999999999903e-03 -9.999919999999999920e-01 6.572489999999999721e-01 7.536730000000000373e-01 -8.300000000000000086e-04 7.536650000000000293e-01 -6.572470000000000256e-01 -3.863999999999999813e-03
1.500000000000000000e+01 2.900000000000000000e+01 4.400000000000000000e+01 0.000000000000000000e+00 1.600000000000000089e+00 -1.730999999999999900e-03 -1.874000000000000015e-03 -9.999970000000000248e-01 6.577979999999999938e-01 7.531900000000000261e-01 -2.550000000000000183e-03 7.531919999999999726e-01 -6.578000000000000513e-01 -7.100000000000000462e-05
2.300000000000000000e+01 2.900000000000000000e+01 4.400000000000000000e+01 0.000000000000000000e+00 1.600000000000000089e+00 -1.593999999999999931e-03 -3.161999999999999880e-03 -9.999940000000000495e-01 6.610430000000000472e-01 7.503410000000000357e-01 -3.425999999999999792e-03 7.503469999999999862e-01 -6.610439999999999650e-01 8.940000000000000464e-04
1.800000000000000000e+01 4.000000000000000000e+00 5.000000000000000000e+01 0.000000000000000000e+00 1.600000000000000089e+00 1.178999999999999927e-03 -3.275999999999999832e-03 -9.999940000000000495e-01 5.323999999999999844e-01 -8.464859999999999607e-01 3.400999999999999943e-03 -8.464920000000000222e-01 -5.324010000000000131e-01 7.460000000000000268e-04
2.200000000000000000e+01 1.150000000000000000e+02 5.100000000000000000e+01 0.000000000000000000e+00 1.600000000000000089e+00 -2.422999999999999807e-03 -4.467999999999999750e-03 9.999869999999999592e-01 8.471279999999999921e-01 -5.313890000000000002e-01 -3.209999999999999963e-04 5.313830000000000497e-01 8.471159999999999801e-01 5.073000000000000252e-03
2.600000000000000000e+01 1.150000000000000000e+02 5.100000000000000000e+01 0.000000000000000000e+00 1.600000000000000089e+00 1.150000000000000035e-04 5.220000000000000031e-04 1.000000000000000000e+00 8.468599999999999461e-01 -5.318159999999999554e-01 1.800000000000000113e-04 5.318159999999999554e-01 8.468599999999999461e-01 -5.039999999999999992e-04
5.000000000000000000e+00 6.300000000000000000e+01 5.400000000000000000e+01 0.000000000000000000e+00 1.600000000000000089e+00 1.508999999999999925e-03 3.660000000000000059e-04 9.999989999999999712e-01 -3.539990000000000081e-01 9.352460000000000218e-01 1.920000000000000049e-04 -9.352449999999999930e-01 -3.539990000000000081e-01 1.541000000000000052e-03
1.000000000000000000e+01 6.300000000000000000e+01 5.400000000000000000e+01 0.000000000000000000e+00 1.600000000000000089e+00 1.310000000000000129e-04 -3.204999999999999950e-03 9.999949999999999672e-01 -3.506650000000000045e-01 9.364959999999999951e-01 3.046999999999999795e-03 -9.365010000000000279e-01 -3.506630000000000025e-01 -1.000999999999999937e-03
1.500000000000000000e+01 6.300000000000000000e+01 5.400000000000000000e+01 0.000000000000000000e+00 1.600000000000000089e+00 -1.417000000000000074e-03 -4.225999999999999722e-03 9.999900000000000455e-01 -3.513049999999999784e-01 9.362549999999999484e-01 3.458999999999999835e-03 -9.362599999999999811e-01 -3.512959999999999972e-01 -2.811000000000000131e-03
2.900000000000000000e+01 6.300000000000000000e+01 5.400000000000000000e+01 0.000000000000000000e+00 1.600000000000000089e+00 9.409999999999999962e-04 -4.261000000000000031e-03 9.999900000000000455e-01 -3.488350000000000062e-01 9.371739999999999515e-01 4.322000000000000321e-03 -9.371840000000000170e-01 -3.488350000000000062e-01 -6.040000000000000447e-04
7.000000000000000000e+00 2.500000000000000000e+01 5.500000000000000000e+01 0.000000000000000000e+00 1.600000000000000089e+00 -1.820000000000000057e-04 4.789999999999999879e-04 -1.000000000000000000e+00 -1.393499999999999947e-02 -9.999029999999999863e-01 -4.769999999999999934e-04 -9.999029999999999863e-01 1.393499999999999947e-02 1.890000000000000133e-04
2.700000000000000000e+01 2.500000000000000000e+01 5.500000000000000000e+01 0.000000000000000000e+00 1.600000000000000089e+00 1.552999999999999910e-03 7.420000000000000380e-04 -9.999989999999999712e-01 -9.424000000000000085e-03 -9.999550000000000383e-01 -7.569999999999999689e-04 -9.999540000000000095e-01 9.424999999999999351e-03 -1.546000000000000065e-03
1.100000000000000000e+01 2.600000000000000000e+01 5.500000000000000000e+01 0.000000000000000000e+00 1.600000000000000089e+00 1.315999999999999896e-03 5.100999999999999632e-03 -9.999860000000000415e-01 -3.304499999999999799e-02 -9.994410000000000238e-01 -5.141999999999999869e-03 -9.994530000000000358e-01 3.305099999999999705e-02 -1.147000000000000016e-03
5.000000000000000000e+00 2.100000000000000000e+01 6.000000000000000000e+01 0.000000000000000000e+00 1.600000000000000089e+00 9.489999999999999738e-04 -7.590000000000000392e-03 9.999710000000000543e-01 -9.647100000000000120e-02 9.953060000000000240e-01 7.647000000000000151e-03 -9.953349999999999698e-01 -9.647500000000000520e-02 2.120000000000000031e-04
9.000000000000000000e+00 2.100000000000000000e+01 6.000000000000000000e+01 0.000000000000000000e+00 1.600000000000000089e+00 1.677000000000000105e-03 -1.175999999999999962e-03 9.999980000000000535e-01 -9.719999999999999474e-02 9.952640000000000375e-01 1.332999999999999984e-03 -9.952640000000000375e-01 -9.720199999999999674e-02 1.554999999999999959e-03
1.300000000000000000e+01 2.100000000000000000e+01 6.000000000000000000e+01 0.000000000000000000e+00 1.600000000000000089e+00 -1.601999999999999908e-03 6.786000000000000365e-03 9.999759999999999760e-01 -9.576999999999999402e-02 9.953800000000000425e-01 -6.908000000000000078e-03 -9.954020000000000090e-01 -9.577900000000000302e-02 -9.439999999999999607e-04
1.800000000000000000e+01 2.100000000000000000e+01 6.000000000000000000e+01 0.000000000000000000e+00 1.600000000000000089e+00 -7.540000000000000044e-04 1.760999999999999979e-03 9.999980000000000535e-01 -9.568899999999999628e-02 9.954100000000000170e-01 -1.825000000000000016e-03 -9.954110000000000458e-01 -9.568999999999999728e-02 -5.820000000000000520e-04
2.500000000000000000e+01 2.100000000000000000e+01 6.000000000000000000e+01 0.000000000000000000e+00 1.600000000000000089e+00 9.359999999999999831e-04 -1.825999999999999932e-03 9.999980000000000535e-01 -9.280199999999999561e-02 9.956829999999999847e-01 1.905000000000000009e-03 -9.956840000000000135e-01 -9.280399999999999761e-02 7.630000000000000063e-04
1.200000000000000000e+01 3.000000000000000000e+00 6.300000000000000000e+01 0.000000000000000000e+00 1.600000000000000089e+00 -1.121000000000000035e-03 -3.820000000000000045e-03 9.999919999999999920e-01 -6.132250000000000201e-01 7.899049999999999683e-01 2.330000000000000040e-03 -7.899080000000000545e-01 -6.132170000000000121e-01 -3.227999999999999967e-03
9.000000000000000000e+00 2.700000000000000000e+01 6.300000000000000000e+01 0.000000000000000000e+00 1.600000000000000089e+00 1.768000000000000040e-03 -5.450000000000000200e-04 9.999980000000000535e-01 -2.747550000000000270e-01 9.615139999999999798e-01 1.010000000000000047e-03 -9.615129999999999511e-01 -2.747560000000000002e-01 1.549999999999999946e-03
1.400000000000000000e+01 2.700000000000000000e+01 6.300000000000000000e+01 0.000000000000000000e+00 1.600000000000000089e+00 -1.544000000000000017e-03 1.642000000000000013e-03 9.999970000000000248e-01 -2.777229999999999976e-01 9.606590000000000407e-01 -2.005999999999999971e-03 -9.606599999999999584e-01 -2.777249999999999996e-01 -1.026999999999999918e-03
1.700000000000000000e+01 2.700000000000000000e+01 6.300000000000000000e+01 0.000000000000000000e+00 1.600000000000000089e+00 -2.869999999999999830e-04 4.325999999999999984e-03 9.999909999999999632e-01 -2.780309999999999726e-01 9.605629999999999447e-01 -4.235000000000000049e-03 -9.605719999999999814e-01 -2.780299999999999994e-01 9.269999999999999811e-04
2.000000000000000000e+01 2.700000000000000000e+01 6.300000000000000000e+01 0.000000000000000000e+00 1.600000000000000089e+00 2.625999999999999862e-03 6.368000000000000396e-03 9.999759999999999760e-01 -2.765420000000000100e-01 9.609870000000000356e-01 -5.393000000000000224e-03 -9.609980000000000189e-01 -2.765219999999999900e-01 4.284999999999999747e-03
2.500000000000000000e+01 2.700000000000000000e+01 6.300000000000000000e+01 0.000000000000000000e+00 1.600000000000000089e+00 -9.229999999999999923e-04 8.909999999999999518e-03 9.999599999999999600e-01 -2.704599999999999782e-01 9.626909999999999634e-01 -8.826999999999999777e-03 -9.627310000000000034e-01 -2.704570000000000030e-01 1.521000000000000000e-03
2.000000000000000000e+00 2.600000000000000000e+01 6.400000000000000000e+01 0.000000000000000000e+00 1.600000000000000089e+00 4.249999999999999763e-04 -2.598000000000000049e-03 9.999959999999999960e-01 -3.637940000000000063e-01 9.314759999999999707e-01 2.573999999999999899e-03 -9.314789999999999459e-01 -3.637940000000000063e-01 -5.490000000000000088e-04
9.000000000000000000e+00 2.600000000000000000e+01 6.400000000000000000e+01 0.000000000000000000e+00 1.600000000000000089e+00 2.351999999999999924e-03 1.849999999999999973e-04 9.999970000000000248e-01 -3.670669999999999766e-01 9.301939999999999653e-01 6.909999999999999910e-04 -9.301920000000000188e-01 -3.670669999999999766e-01 2.255000000000000060e-03
1.400000000000000000e+01 2.600000000000000000e+01 6.400000000000000000e+01 0.000000000000000000e+00 1.600000000000000089e+00 -1.978000000000000157e-03 2.317000000000000049e-03 9.999949999999999672e-01 -3.711459999999999759e-01 9.285700000000000065e-01 -2.886000000000000110e-03 -9.285719999999999530e-01 -3.711499999999999799e-01 -9.770000000000000039e-04
1.800000000000000000e+01 2.600000000000000000e+01 6.400000000000000000e+01 0.000000000000000000e+00 1.600000000000000089e+00 2.200000000000000078e-04 3.983000000000000429e-03 9.999919999999999920e-01 -3.717520000000000269e-01 9.283249999999999558e-01 -3.615999999999999857e-03 -9.283320000000000460e-01 -3.717489999999999961e-01 1.685000000000000083e-03
2.000000000000000000e+01 2.600000000000000000e+01 6.400000000000000000e+01 0.000000000000000000e+00 1.600000000000000089e+00 2.161000000000000160e-03 4.366000000000000089e-03 9.999879999999999880e-01 -3.702949999999999853e-01 9.289079999999999560e-01 -3.255000000000000081e-03 -9.289119999999999600e-01 -3.702840000000000020e-01 3.624000000000000051e-03
2.600000000000000000e+01 2.600000000000000000e+01 6.400000000000000000e+01 0.000000000000000000e+00 1.600000000000000089e+00 -3.442999999999999880e-03 7.053000000000000241e-03 9.999689999999999968e-01 -3.644319999999999782e-01 9.311970000000000525e-01 -7.823000000000000093e-03 -9.312240000000000517e-01 -3.644470000000000209e-01 -6.359999999999999551e-04
2.800000000000000000e+01 2.600000000000000000e+01 6.400000000000000000e+01 0.000000000000000000e+00 1.600000000000000089e+00 -5.807999999999999795e-03 7.477000000000000139e-03 9.999550000000000383e-01 -3.666179999999999994e-01 9.303270000000000151e-01 -9.086000000000000326e-03 -9.303540000000000143e-01 -3.666539999999999799e-01 -2.663000000000000003e-03
3.000000000000000000e+00 6.900000000000000000e+01 6.600000000000000000e+01 0.000000000000000000e+00 1.600000000000000089e+00 1.325999999999999922e-03 4.344999999999999904e-03 9.999900000000000455e-01 -9.534340000000000037e-01 3.016019999999999812e-01 -4.600000000000000004e-05 -3.015990000000000060e-01 -9.534240000000000492e-01 4.543000000000000163e-03
2.000000000000000000e+01 6.900000000000000000e+01 6.600000000000000000e+01 0.000000000000000000e+00 1.600000000000000089e+00 1.550000000000000000e-04 -4.198000000000000342e-03 9.999909999999999632e-01 -9.493099999999999872e-01 3.143380000000000063e-01 1.466999999999999988e-03 -3.143420000000000103e-01 -9.493019999999999792e-01 -3.937000000000000395e-03
2.000000000000000000e+00 2.500000000000000000e+01 7.300000000000000000e+01 0.000000000000000000e+00 1.600000000000000089e+00 1.572999999999999962e-03 -4.140999999999999716e-03 9.999900000000000455e-01 7.572879999999999612e-01 -6.530700000000000394e-01 -3.896000000000000157e-03 6.530799999999999939e-01 7.572860000000000147e-01 2.109000000000000197e-03
7.000000000000000000e+00 2.500000000000000000e+01 7.300000000000000000e+01 0.000000000000000000e+00 1.600000000000000089e+00 -4.180000000000000230e-04 3.449999999999999833e-04 1.000000000000000000e+00 7.584269999999999623e-01 -6.517570000000000308e-01 5.419999999999999471e-04 6.517570000000000308e-01 7.584279999999999911e-01 1.099999999999999971e-05
1.400000000000000000e+01 2.500000000000000000e+01 7.300000000000000000e+01 0.000000000000000000e+00 1.600000000000000089e+00 -4.550000000000000008e-04 1.464999999999999939e-03 9.999989999999999712e-01 7.541710000000000358e-01 -6.566769999999999552e-01 1.304999999999999953e-03 6.566779999999999839e-01 7.541700000000000070e-01 -8.059999999999999673e-04
1.800000000000000000e+01 2.500000000000000000e+01 7.300000000000000000e+01 0.000000000000000000e+00 1.600000000000000089e+00 -9.340000000000000429e-04 -4.539999999999999765e-04 9.999989999999999712e-01 7.565300000000000358e-01 -6.539589999999999570e-01 4.099999999999999912e-04 6.539589999999999570e-01 7.565300000000000358e-01 9.539999999999999869e-04
2.100000000000000000e+01 2.500000000000000000e+01 7.300000000000000000e+01 0.000000000000000000e+00 1.600000000000000089e+00 -1.574000000000000095e-03 -3.896000000000000157e-03 9.999909999999999632e-01 7.555020000000000069e-01 -6.551449999999999774e-01 -1.363000000000000062e-03 6.551439999999999486e-01 7.554929999999999701e-01 3.974000000000000102e-03
2.600000000000000000e+01 2.500000000000000000e+01 7.300000000000000000e+01 0.000000000000000000e+00 1.600000000000000089e+00 -2.500000000000000052e-04 -8.819999999999999715e-04 1.000000000000000000e+00 7.541259999999999630e-01 -6.567300000000000360e-01 -3.899999999999999929e-04 6.567300000000000360e-01 7.541250000000000453e-01 8.289999999999999843e-04
4.000000000000000000e+00 4.400000000000000000e+01 7.300000000000000000e+01 0.000000000000000000e+00 1.600000000000000089e+00 1.440000000000000036e-04 8.989999999999999511e-04 1.000000000000000000e+00 5.849399999999999739e-02 -9.982870000000000354e-01 8.890000000000000333e-04 9.982879999999999532e-01 5.849300000000000332e-02 -1.959999999999999937e-04
1.000000000000000000e+01 4.400000000000000000e+01 7.300000000000000000e+01 0.000000000000000000e+00 1.600000000000000089e+00 -6.459999999999999814e-04 -1.534999999999999906e-03 9.999989999999999712e-01 5.469500000000000056e-02 -9.985020000000000007e-01 -1.497999999999999983e-03 9.985030000000000294e-01 5.469399999999999956e-02 7.290000000000000473e-04
1.400000000000000000e+01 4.400000000000000000e+01 7.300000000000000000e+01 0.000000000000000000e+00 1.600000000000000089e+00 -2.460000000000000164e-04 -8.760000000000000425e-04 1.000000000000000000e+00 5.497300000000000103e-02 -9.984870000000000134e-01 -8.610000000000000032e-04 9.984880000000000422e-01 5.497300000000000103e-02 2.939999999999999905e-04
2.000000000000000000e+01 4.400000000000000000e+01 7.300000000000000000e+01 0.000000000000000000e+00 1.600000000000000089e+00 -6.700000000000000226e-05 -5.000000000000000104e-04 1.000000000000000000e+00 5.351399999999999907e-02 -9.985669999999999824e-01 -4.960000000000000216e-04 9.985669999999999824e-01 5.351399999999999907e-02 9.299999999999999727e-05
2.300000000000000000e+01 4.400000000000000000e+01 7.300000000000000000e+01 0.000000000000000000e+00 1.600000000000000089e+00 5.699999999999999772e-04 -1.608000000000000054e-03 9.999989999999999712e-01 5.311599999999999655e-02 -9.985870000000000024e-01 -1.636000000000000084e-03 9.985880000000000312e-01 5.311699999999999755e-02 -4.840000000000000010e-04
2.800000000000000000e+01 4.400000000000000000e+01 7.300000000000000000e+01 0.000000000000000000e+00 1.600000000000000089e+00 -1.110000000000000011e-04 4.270000000000000249e-04 1.000000000000000000e+00 5.519999999999999907e-02 -9.984750000000000014e-01 4.319999999999999838e-04 9.984750000000000014e-01 5.519999999999999907e-02 8.700000000000000051e-05
6.000000000000000000e+00 9.100000000000000000e+01 7.600000000000000000e+01 0.000000000000000000e+00 1.600000000000000089e+00 2.007000000000000103e-03 -9.899999999999999946e-04 9.999970000000000248e-01 3.202530000000000099e-01 -9.473310000000000342e-01 -1.580000000000000024e-03 9.473300000000000054e-01 3.202550000000000119e-01 -1.583999999999999905e-03
1.200000000000000000e+01 9.100000000000000000e+01 7.600000000000000000e+01 0.000000000000000000e+00 1.600000000000000089e+00 -2.139999999999999975e-03 -1.456000000000000046e-03 9.999970000000000248e-01 3.009669999999999845e-01 -9.536339999999999817e-01 -7.439999999999999782e-04 9.536320000000000352e-01 3.009640000000000093e-01 2.478999999999999867e-03
1.600000000000000000e+01 9.100000000000000000e+01 7.600000000000000000e+01 0.000000000000000000e+00 1.600000000000000089e+00 -4.099999999999999912e-04 2.930000000000000204e-04 1.000000000000000000e+00 2.920800000000000063e-01 -9.563939999999999664e-01 4.000000000000000192e-04 9.563939999999999664e-01 2.920800000000000063e-01 3.069999999999999812e-04
2.000000000000000000e+01 9.100000000000000000e+01 7.600000000000000000e+01 0.000000000000000000e+00 1.600000000000000089e+00 -8.750000000000000182e-04 2.700000000000000035e-04 1.000000000000000000e+00 2.983600000000000141e-01 -9.544529999999999959e-01 5.190000000000000386e-04 9.544529999999999959e-01 2.983600000000000141e-01 7.550000000000000287e-04
2.800000000000000000e+01 9.100000000000000000e+01 7.600000000000000000e+01 0.000000000000000000e+00 1.600000000000000089e+00 -1.170999999999999949e-03 -5.730000000000000501e-04 9.999989999999999712e-01 3.045350000000000001e-01 -9.525010000000000421e-01 -1.890000000000000133e-04 9.525000000000000133e-01 3.045340000000000269e-01 1.289999999999999914e-03
1.400000000000000000e+01 6.300000000000000000e+01 8.100000000000000000e+01 0.000000000000000000e+00 1.600000000000000089e+00 -1.599999999999999928e-05 7.040000000000000251e-03 9.999749999999999472e-01 3.079199999999999993e-02 -9.995009999999999728e-01 7.036999999999999852e-03 9.995260000000000256e-01 3.079099999999999893e-02 -2.000000000000000096e-04
3.000000000000000000e+01 6.300000000000000000e+01 8.100000000000000000e+01 0.000000000000000000e+00 1.600000000000000089e+00 -4.628000000000000169e-03 -1.864999999999999904e-03 9.999879999999999880e-01 3.133999999999999980e-02 -9.995070000000000343e-01 -1.719000000000000042e-03 9.994979999999999976e-01 3.133199999999999874e-02 4.683999999999999796e-03
1.000000000000000000e+00 1.020000000000000000e+02 8.200000000000000000e+01 0.000000000000000000e+00 1.600000000000000089e+00 -1.510999999999999973e-03 -2.298000000000000129e-03 -9.999959999999999960e-01 -6.387279999999999625e-01 7.694320000000000048e-01 -8.030000000000000028e-04 7.694309999999999761e-01 6.387249999999999872e-01 -2.629999999999999959e-03
1.000000000000000000e+00 4.400000000000000000e+01 8.300000000000000000e+01 0.000000000000000000e+00 1.600000000000000089e+00 -8.589999999999999546e-04 2.420000000000000005e-04 1.000000000000000000e+00 5.834040000000000337e-01 -8.121819999999999595e-01 6.980000000000000527e-04 8.121810000000000418e-01 5.834049999999999514e-01 5.569999999999999864e-04
8.000000000000000000e+00 4.400000000000000000e+01 8.300000000000000000e+01 0.000000000000000000e+00 1.600000000000000089e+00 -1.111999999999999924e-03 6.053000000000000221e-03 9.999810000000000088e-01 5.802089999999999748e-01 -8.144479999999999498e-01 5.575000000000000094e-03 8.144670000000000520e-01 5.802049999999999708e-01 -2.605999999999999810e-03
1.400000000000000000e+01 4.400000000000000000e+01 8.300000000000000000e+01 0.000000000000000000e+00 1.600000000000000089e+00 3.049999999999999868e-04 3.667000000000000121e-03 9.999930000000000208e-01 5.772209999999999841e-01 -8.165829999999999478e-01 2.818000000000000192e-03 8.165879999999999805e-01 5.772159999999999513e-01 -2.366000000000000048e-03
1.800000000000000000e+01 4.400000000000000000e+01 8.300000000000000000e+01 0.000000000000000000e+00 1.600000000000000089e+00 -4.879999999999999898e-04 -1.965000000000000167e-03 9.999980000000000535e-01 5.735179999999999723e-01 -8.191920000000000313e-01 -1.330000000000000019e-03 8.191929999999999490e-01 5.735160000000000258e-01 1.526999999999999929e-03
2.100000000000000000e+01 4.400000000000000000e+01 8.300000000000000000e+01 0.000000000000000000e+00 1.600000000000000089e+00 -1.028999999999999967e-03 -2.413000000000000214e-03 9.999970000000000248e-01 5.719899999999999984e-01 -8.202589999999999604e-01 -1.389999999999999960e-03 8.202599999999999891e-01 5.719870000000000232e-01 2.223999999999999849e-03
2.600000000000000000e+01 4.400000000000000000e+01 8.300000000000000000e+01 0.000000000000000000e+00 1.600000000000000089e+00 1.075999999999999917e-03 -3.426999999999999925e-03 9.999940000000000495e-01 5.787930000000000019e-01 -8.154670000000000529e-01 -3.416999999999999899e-03 8.154740000000000322e-01 5.787930000000000019e-01 1.105999999999999995e-03
4.000000000000000000e+00 4.800000000000000000e+01 8.400000000000000000e+01 0.000000000000000000e+00 1.600000000000000089e+00 3.292999999999999920e-03 2.229000000000000078e-03 -9.999919999999999920e-01 -9.471699999999999564e-01 -3.207090000000000218e-01 -3.834000000000000168e-03 -3.207149999999999723e-01 9.471749999999999892e-01 1.054999999999999948e-03
1.000000000000000000e+01 4.800000000000000000e+01 8.400000000000000000e+01 0.000000000000000000e+00 1.600000000000000089e+00 5.313000000000000014e-03 5.180999999999999842e-03 -9.999719999999999720e-01 -9.478050000000000086e-01 -3.187809999999999810e-01 -6.688000000000000368e-03 -3.188070000000000070e-01 9.478140000000000454e-01 3.216999999999999808e-03
1.500000000000000000e+01 4.800000000000000000e+01 8.400000000000000000e+01 0.000000000000000000e+00 1.600000000000000089e+00 2.397999999999999958e-03 2.001000000000000174e-03 -9.999949999999999672e-01 -9.487900000000000222e-01 -3.158940000000000081e-01 -2.906999999999999862e-03 -3.158989999999999854e-01 9.487919999999999687e-01 1.141000000000000087e-03
