4.000000000000000000e+00 1.500000000000000000e+01 4.000000000000000000e+00 0.000000000000000000e+00 1.600000000000000089e+00 3.609999999999999928e-03 9.031000000000000832e-03 9.999529999999999808e-01 2.710040000000000227e-01 -9.625470000000000415e-01 7.714999999999999636e-03 9.625709999999999544e-01 2.709639999999999826e-01 -5.923000000000000313e-03
8.000000000000000000e+00 1.500000000000000000e+01 4.000000000000000000e+00 0.000000000000000000e+00 1.600000000000000089e+00 -1.711999999999999980e-03 6.650999999999999794e-03 9.999759999999999760e-01 2.723369999999999957e-01 -9.621769999999999490e-01 6.865999999999999708e-03 9.622000000000000552e-01 2.723419999999999730e-01 -1.640000000000000019e-04
2.800000000000000000e+01 1.500000000000000000e+01 4.000000000000000000e+00 0.000000000000000000e+00 1.600000000000000089e+00 3.645999999999999935e-03 1.902799999999999978e-02 9.998120000000000340e-01 2.896239999999999926e-01 -9.569870000000000321e-01 1.715699999999999864e-02 9.571330000000000116e-01 2.895070000000000143e-01 -9.001000000000000320e-03
2.000000000000000000e+00 1.600000000000000000e+01 4.000000000000000000e+00 0.000000000000000000e+00 1.600000000000000089e+00 4.316000000000000392e-03 4.615000000000000178e-03 9.999799999999999800e-01 3.318969999999999976e-01 -9.433110000000000106e-01 2.920999999999999985e-03 9.433059999999999778e-01 3.318780000000000063e-01 -5.603000000000000341e-03
1.900000000000000000e+01 1.600000000000000000e+01 4.000000000000000000e+00 0.000000000000000000e+00 1.600000000000000089e+00 7.301000000000000198e-03 -1.187299999999999987e-02 9.999029999999999863e-01 3.410020000000000273e-01 -9.399640000000000217e-01 -1.365099999999999994e-02 9.400340000000000362e-01 3.410679999999999823e-01 -2.814000000000000095e-03
1.700000000000000000e+01 1.010000000000000000e+02 7.000000000000000000e+00 0.000000000000000000e+00 1.600000000000000089e+00 9.240000000000000166e-04 -1.286000000000000034e-03 9.999989999999999712e-01 8.838780000000000525e-01 4.677180000000000226e-01 -2.149999999999999947e-04 -4.677180000000000226e-01 8.838770000000000238e-01 1.569000000000000082e-03
2.800000000000000000e+01 1.010000000000000000e+02 7.000000000000000000e+00 0.000000000000000000e+00 1.600000000000000089e+00 5.220000000000000031e-04 -4.721999999999999635e-03 9.999890000000000168e-01 8.866150000000000420e-01 4.625059999999999727e-01 1.721000000000000090e-03 -4.625079999999999747e-01 8.866039999999999477e-01 4.427999999999999645e-03
4.000000000000000000e+00 1.500000000000000000e+01 8.000000000000000000e+00 0.000000000000000000e+00 1.600000000000000089e+00 -3.370000000000000057e-04 8.075000000000000580e-03 -9.999670000000000503e-01 -5.798480000000000301e-01 -8.146989999999999510e-01 -6.383999999999999918e-03 -8.147240000000000038e-01 5.798269999999999813e-01 4.956999999999999601e-03
7.000000000000000000e+00 1.500000000000000000e+01 8.000000000000000000e+00 0.000000000000000000e+00 1.600000000000000089e+00 1.492000000000000054e-03 6.074000000000000406e-03 -9.999799999999999800e-01 -5.793199999999999461e-01 -8.150800000000000267e-01 -5.814999999999999857e-03 -8.150990000000000180e-01 5.793169999999999709e-01 2.302999999999999926e-03
1.100000000000000000e+01 1.500000000000000000e+01 8.000000000000000000e+00 0.000000000000000000e+00 1.600000000000000089e+00 9.740000000000000394e-04 -4.961000000000000132e-03 -9.999869999999999592e-01 -5.776780000000000248e-01 -8.162570000000000103e-01 3.487000000000000082e-03 -8.162639999999999896e-01 5.776679999999999593e-01 -3.661000000000000192e-03
1.400000000000000000e+01 1.500000000000000000e+01 8.000000000000000000e+00 0.000000000000000000e+00 1.600000000000000089e+00 -2.981000000000000143e-03 -9.983999999999999819e-03 -9.999460000000000015e-01 -5.779680000000000373e-01 -8.159999999999999476e-01 9.870999999999999566e-03 -8.160539999999999461e-01 5.779659999999999798e-01 -3.337999999999999821e-03
1.900000000000000000e+01 1.500000000000000000e+01 8.000000000000000000e+00 0.000000000000000000e+00 1.600000000000000089e+00 -8.214000000000000815e-03 -1.331700000000000071e-02 -9.998780000000000445e-01 -5.828100000000000502e-01 -8.124580000000000135e-01 1.560899999999999961e-02 -8.125670000000000393e-01 5.828670000000000240e-01 -1.087999999999999991e-03
2.500000000000000000e+01 1.500000000000000000e+01 8.000000000000000000e+00 0.000000000000000000e+00 1.600000000000000089e+00 -2.131000000000000082e-03 1.038000000000000077e-03 -9.999970000000000248e-01 -5.851100000000000190e-01 -8.109539999999999527e-01 4.049999999999999781e-04 -8.109509999999999774e-01 5.851089999999999902e-01 2.334999999999999836e-03
3.000000000000000000e+00 2.600000000000000000e+01 8.000000000000000000e+00 0.000000000000000000e+00 1.600000000000000089e+00 -6.030000000000000204e-04 -3.557999999999999965e-03 -9.999930000000000208e-01 4.093919999999999781e-01 9.123520000000000518e-01 -3.493000000000000011e-03 9.123580000000000023e-01 -4.093910000000000049e-01 9.070000000000000371e-04
1.100000000000000000e+01 2.600000000000000000e+01 8.000000000000000000e+00 0.000000000000000000e+00 1.600000000000000089e+00 5.180000000000000143e-04 6.310000000000000504e-04 -1.000000000000000000e+00 4.106110000000000038e-01 9.118100000000000094e-01 7.879999999999999635e-04 9.118100000000000094e-01 -4.106119999999999770e-01 2.139999999999999975e-04
1.800000000000000000e+01 2.600000000000000000e+01 8.000000000000000000e+00 0.000000000000000000e+00 1.600000000000000089e+00 5.846999999999999767e-03 1.150699999999999987e-02 -9.999169999999999447e-01 4.085449999999999915e-01 9.126469999999999860e-01 1.289200000000000068e-02 9.127189999999999470e-01 -4.085860000000000047e-01 6.350000000000000392e-04
2.300000000000000000e+01 2.600000000000000000e+01 8.000000000000000000e+00 0.000000000000000000e+00 1.600000000000000089e+00 3.950999999999999651e-03 8.224999999999999672e-03 -9.999580000000000135e-01 4.068240000000000189e-01 9.134609999999999674e-01 9.121000000000000635e-03 9.134980000000000322e-01 -4.068430000000000102e-01 2.629999999999999959e-04
2.800000000000000000e+01 2.600000000000000000e+01 8.000000000000000000e+00 0.000000000000000000e+00 1.600000000000000089e+00 9.529999999999999626e-04 6.393000000000000245e-03 -9.999789999999999512e-01 4.046839999999999882e-01 9.144349999999999978e-01 6.231999999999999693e-03 9.144560000000000466e-01 -4.046810000000000129e-01 -1.716000000000000077e-03
3.000000000000000000e+00 2.400000000000000000e+01 9.000000000000000000e+00 0.000000000000000000e+00 1.600000000000000089e+00 -5.450000000000000200e-04 -1.928999999999999942e-03 -9.999980000000000535e-01 4.627029999999999754e-01 8.865110000000000490e-01 -1.962999999999999901e-03 8.865129999999999955e-01 -4.627029999999999754e-01 4.099999999999999912e-04
8.000000000000000000e+00 2.400000000000000000e+01 9.000000000000000000e+00 0.000000000000000000e+00 1.600000000000000089e+00 -5.220000000000000031e-04 -3.681999999999999943e-03 -9.999930000000000208e-01 4.623920000000000252e-01 8.866690000000000405e-01 -3.506000000000000002e-03 8.866749999999999909e-01 -4.623909999999999965e-01 1.240000000000000000e-03
1.100000000000000000e+01 2.400000000000000000e+01 9.000000000000000000e+00 0.000000000000000000e+00 1.600000000000000089e+00 5.140000000000000254e-04 2.003000000000000006e-03 -9.999980000000000535e-01 4.626720000000000277e-01 8.865269999999999539e-01 2.013000000000000032e-03 8.865290000000000115e-01 -4.626720000000000277e-01 -4.710000000000000102e-04
1.700000000000000000e+01 2.400000000000000000e+01 9.000000000000000000e+00 0.000000000000000000e+00 1.600000000000000089e+00 5.692000000000000011e-03 9.405999999999999431e-03 -9.999400000000000510e-01 4.599739999999999940e-01 8.878639999999999866e-01 1.097000000000000058e-02 8.879139999999999810e-01 -4.600090000000000012e-01 7.269999999999999987e-04
1.100000000000000000e+01 1.040000000000000000e+02 1.100000000000000000e+01 0.000000000000000000e+00 1.600000000000000089e+00 2.719999999999999979e-04 -3.995000000000000287e-03 9.999919999999999920e-01 -9.725530000000000008e-01 -2.326799999999999979e-01 -6.650000000000000095e-04 2.326809999999999989e-01 -9.725449999999999928e-01 -3.949000000000000253e-03
1.900000000000000000e+01 1.040000000000000000e+02 1.100000000000000000e+01 0.000000000000000000e+00 1.600000000000000089e+00 -2.190000000000000106e-03 4.527999999999999907e-03 9.999869999999999592e-01 -9.737930000000000197e-01 -2.274349999999999983e-01 -1.103000000000000031e-03 2.274269999999999903e-01 -9.737829999999999542e-01 4.908000000000000036e-03
4.000000000000000000e+00 3.100000000000000000e+01 1.200000000000000000e+01 0.000000000000000000e+00 1.600000000000000089e+00 -1.649999999999999991e-04 4.029999999999999837e-04 1.000000000000000000e+00 -6.021999999999999575e-03 9.999820000000000375e-01 -4.040000000000000080e-04 -9.999820000000000375e-01 -6.021999999999999575e-03 -1.630000000000000047e-04
8.000000000000000000e+00 3.100000000000000000e+01 1.200000000000000000e+01 0.000000000000000000e+00 1.600000000000000089e+00 1.949999999999999965e-04 2.658000000000000206e-03 9.999959999999999960e-01 -9.079999999999999530e-04 9.999959999999999960e-01 -2.658000000000000206e-03 -1.000000000000000000e+00 -9.079999999999999530e-04 1.969999999999999909e-04
1.500000000000000000e+01 3.100000000000000000e+01 1.200000000000000000e+01 0.000000000000000000e+00 1.600000000000000089e+00 -8.300000000000000086e-04 5.021000000000000289e-03 9.999869999999999592e-01 4.572999999999999808e-03 9.999770000000000048e-01 -5.017999999999999891e-03 -9.999890000000000168e-01 4.569000000000000145e-03 -8.530000000000000256e-04
2.200000000000000000e+01 3.100000000000000000e+01 1.200000000000000000e+01 0.000000000000000000e+00 1.600000000000000089e+00 4.350000000000000026e-04 5.899999999999999754e-05 1.000000000000000000e+00 7.295000000000000269e-03 9.999730000000000008e-01 -6.200000000000000270e-05 -9.999730000000000008e-01 7.295000000000000269e-03 4.339999999999999782e-04
2.700000000000000000e+01 3.100000000000000000e+01 1.200000000000000000e+01 0.000000000000000000e+00 1.600000000000000089e+00 2.154999999999999798e-03 2.495999999999999955e-03 9.999949999999999672e-01 8.188000000000000833e-03 9.999630000000000463e-01 -2.513000000000000043e-03 -9.999639999999999640e-01 8.193999999999999895e-03 2.135000000000000179e-03
3.000000000000000000e+00 1.200000000000000000e+01 1.500000000000000000e+01 0.000000000000000000e+00 1.600000000000000089e+00 -8.130000000000000291e-04 4.578999999999999737e-03 -9.999890000000000168e-01 -4.735820000000000030e-01 -8.807420000000000249e-01 -3.648000000000000201e-03 -8.807490000000000041e-01 4.735739999999999950e-01 2.884999999999999978e-03
9.000000000000000000e+00 1.200000000000000000e+01 1.500000000000000000e+01 0.000000000000000000e+00 1.600000000000000089e+00 1.291000000000000047e-03 4.091000000000000018e-03 -9.999909999999999632e-01 -4.739229999999999832e-01 -8.805560000000000054e-01 -4.213999999999999864e-03 -8.805650000000000421e-01 4.739240000000000119e-01 8.019999999999999785e-04
1.400000000000000000e+01 1.200000000000000000e+01 1.500000000000000000e+01 0.000000000000000000e+00 1.600000000000000089e+00 -2.227999999999999946e-03 -3.246000000000000187e-03 -9.999919999999999920e-01 -4.713430000000000120e-01 -8.819409999999999750e-01 3.912999999999999812e-03 -8.819470000000000365e-01 4.713479999999999892e-01 4.350000000000000026e-04
1.800000000000000000e+01 1.200000000000000000e+01 1.500000000000000000e+01 0.000000000000000000e+00 1.600000000000000089e+00 -5.890000000000000270e-03 -3.017000000000000150e-03 -9.999780000000000335e-01 -4.691270000000000162e-01 -8.831139999999999546e-01 5.427000000000000400e-03 -8.831109999999999793e-01 4.691489999999999827e-01 3.785999999999999869e-03
2.500000000000000000e+01 1.200000000000000000e+01 1.500000000000000000e+01 0.000000000000000000e+00 1.600000000000000089e+00 -1.804000000000000048e-03 -7.479999999999999670e-03 -9.999700000000000255e-01 -4.695540000000000269e-01 -8.828719999999999901e-01 7.451000000000000158e-03 -8.829019999999999646e-01 4.695529999999999982e-01 -1.920000000000000049e-03
2.000000000000000000e+00 2.000000000000000000e+00 1.900000000000000000e+01 0.000000000000000000e+00 1.600000000000000089e+00 -1.951999999999999959e-03 1.256299999999999951e-02 -9.999190000000000023e-01 1.654930000000000012e-01 -9.861290000000000333e-01 -1.271300000000000034e-02 -9.862090000000000023e-01 -1.655050000000000132e-01 -1.540000000000000028e-04
6.000000000000000000e+00 2.000000000000000000e+00 1.900000000000000000e+01 0.000000000000000000e+00 1.600000000000000089e+00 1.301999999999999989e-03 5.125000000000000215e-03 -9.999860000000000415e-01 1.652919999999999945e-01 -9.862330000000000263e-01 -4.839999999999999684e-03 -9.862440000000000095e-01 -1.652830000000000132e-01 -2.131000000000000082e-03
9.000000000000000000e+00 2.000000000000000000e+00 1.900000000000000000e+01 0.000000000000000000e+00 1.600000000000000089e+00 2.573999999999999899e-03 -7.010000000000000172e-04 -9.999959999999999960e-01 1.648439999999999905e-01 -9.863189999999999458e-01 1.116000000000000021e-03 -9.863159999999999705e-01 -1.648459999999999925e-01 -2.422999999999999807e-03
1.100000000000000000e+01 2.000000000000000000e+00 1.900000000000000000e+01 0.000000000000000000e+00 1.600000000000000089e+00 1.195000000000000099e-03 -1.041999999999999958e-03 -9.999989999999999712e-01 1.652470000000000050e-01 -9.862509999999999888e-01 1.224999999999999960e-03 -9.862509999999999888e-01 -1.652490000000000070e-01 -1.005999999999999950e-03
1.500000000000000000e+01 2.000000000000000000e+00 1.900000000000000000e+01 0.000000000000000000e+00 1.600000000000000089e+00 -1.863999999999999988e-03 -3.559000000000000098e-03 -9.999919999999999920e-01 1.695160000000000000e-01 -9.855220000000000091e-01 3.191999999999999959e-03 -9.855260000000000131e-01 -1.695089999999999930e-01 2.439999999999999895e-03
2.900000000000000000e+01 2.000000000000000000e+00 1.900000000000000000e+01 0.000000000000000000e+00 1.600000000000000089e+00 1.866000000000000037e-03 -3.178999999999999968e-03 -9.999930000000000208e-01 1.853140000000000065e-01 -9.826730000000000187e-01 3.469999999999999994e-03 -9.826780000000000515e-01 -1.853190000000000115e-01 -1.245000000000000013e-03
5.000000000000000000e+00 4.000000000000000000e+00 2.000000000000000000e+01 0.000000000000000000e+00 1.600000000000000089e+00 -1.340000000000000045e-04 5.892999999999999801e-03 -9.999829999999999552e-01 2.536729999999999818e-01 -9.672730000000000494e-01 -5.734999999999999647e-03 -9.672899999999999832e-01 -2.536700000000000066e-01 -1.364999999999999894e-03
1.000000000000000000e+01 4.000000000000000000e+00 2.000000000000000000e+01 0.000000000000000000e+00 1.600000000000000089e+00 2.625000000000000163e-03 1.887999999999999921e-03 -9.999949999999999672e-01 2.567590000000000150e-01 -9.664749999999999730e-01 -1.149999999999999981e-03 -9.664719999999999978e-01 -2.567550000000000110e-01 -3.021999999999999947e-03
1.700000000000000000e+01 4.000000000000000000e+00 2.000000000000000000e+01 0.000000000000000000e+00 1.600000000000000089e+00 1.126999999999999964e-03 -9.272999999999999993e-03 -9.999559999999999560e-01 2.678579999999999850e-01 -9.634139999999999926e-01 9.235999999999999419e-03 -9.634580000000000366e-01 -2.678570000000000118e-01 1.397999999999999937e-03
2.400000000000000000e+01 4.000000000000000000e+00 2.000000000000000000e+01 0.000000000000000000e+00 1.600000000000000089e+00 2.011999999999999900e-03 3.086999999999999900e-03 -9.999930000000000208e-01 2.742620000000000058e-01 -9.616519999999999513e-01 -2.416999999999999878e-03 -9.616529999999999800e-01 -2.742550000000000265e-01 -2.782000000000000185e-03
8.000000000000000000e+00 1.300000000000000000e+01 2.000000000000000000e+01 0.000000000000000000e+00 1.600000000000000089e+00 3.049999999999999868e-04 7.619999999999999820e-04 1.000000000000000000e+00 2.559330000000000216e-01 9.666940000000000532e-01 -8.149999999999999693e-04 -9.666940000000000532e-01 2.559330000000000216e-01 1.000000000000000048e-04
1.600000000000000000e+01 1.300000000000000000e+01 2.000000000000000000e+01 0.000000000000000000e+00 1.600000000000000089e+00 -1.019999999999999992e-04 8.307999999999999413e-03 9.999649999999999928e-01 2.590290000000000092e-01 9.658360000000000278e-01 -7.997999999999999901e-03 -9.658689999999999776e-01 2.590199999999999725e-01 -2.249999999999999830e-03
2.200000000000000000e+01 1.300000000000000000e+01 2.000000000000000000e+01 0.000000000000000000e+00 1.600000000000000089e+00 -1.730000000000000038e-04 3.373999999999999829e-03 9.999940000000000495e-01 2.597479999999999789e-01 9.656709999999999461e-01 -3.213000000000000144e-03 -9.656759999999999788e-01 2.597459999999999769e-01 -1.043000000000000090e-03
2.500000000000000000e+01 1.300000000000000000e+01 2.000000000000000000e+01 0.000000000000000000e+00 1.600000000000000089e+00 3.449999999999999833e-04 -4.314000000000000126e-03 9.999909999999999632e-01 2.596370000000000067e-01 9.656979999999999453e-01 4.076999999999999895e-03 -9.657059999999999533e-01 2.596330000000000027e-01 1.453000000000000081e-03
8.000000000000000000e+00 1.600000000000000000e+01 2.100000000000000000e+01 0.000000000000000000e+00 1.600000000000000089e+00 -1.069999999999999988e-04 2.350000000000000092e-03 9.999970000000000248e-01 2.976179999999999937e-01 9.546829999999999483e-01 -2.211999999999999991e-03 -9.546850000000000058e-01 2.976170000000000204e-01 -8.009999999999999542e-04
1.700000000000000000e+01 1.600000000000000000e+01 2.100000000000000000e+01 0.000000000000000000e+00 1.600000000000000089e+00 4.009999999999999893e-04 9.405000000000000165e-03 9.999559999999999560e-01 2.982739999999999836e-01 9.544369999999999798e-01 -9.095999999999999919e-03 -9.544799999999999951e-01 2.982650000000000023e-01 -2.422999999999999807e-03
2.200000000000000000e+01 1.600000000000000000e+01 2.100000000000000000e+01 0.000000000000000000e+00 1.600000000000000089e+00 1.420000000000000092e-04 4.369999999999999753e-03 9.999900000000000455e-01 2.991530000000000022e-01 9.541960000000000441e-01 -4.212999999999999731e-03 -9.542049999999999699e-01 2.991510000000000002e-01 -1.172000000000000082e-03
2.000000000000000000e+01 4.600000000000000000e+01 2.700000000000000000e+01 0.000000000000000000e+00 1.600000000000000089e+00 3.937000000000000395e-03 1.786000000000000044e-03 -9.999909999999999632e-01 6.768579999999999597e-01 7.361020000000000341e-01 3.980000000000000031e-03 7.361029999999999518e-01 -6.768680000000000252e-01 1.688999999999999963e-03
6.000000000000000000e+00 5.800000000000000000e+01 3.100000000000000000e+01 0.000000000000000000e+00 1.600000000000000089e+00 -2.410999999999999949e-03 1.019999999999999992e-04 9.999970000000000248e-01 -7.911350000000000326e-01 -6.116380000000000150e-01 -1.845000000000000069e-03 6.116359999999999575e-01 -7.911369999999999791e-01 1.554999999999999959e-03
1.000000000000000000e+01 5.800000000000000000e+01 3.100000000000000000e+01 0.000000000000000000e+00 1.600000000000000089e+00 2.079999999999999872e-04 -2.177000000000000116e-03 9.999980000000000535e-01 -7.926729999999999610e-01 -6.096460000000000212e-01 -1.162000000000000055e-03 6.096470000000000500e-01 -7.926710000000000145e-01 -1.851999999999999914e-03
1.400000000000000000e+01 5.800000000000000000e+01 3.100000000000000000e+01 0.000000000000000000e+00 1.600000000000000089e+00 -6.170000000000000354e-04 2.137000000000000011e-03 9.999970000000000248e-01 -7.961650000000000116e-01 -6.050790000000000335e-01 8.009999999999999542e-04 6.050790000000000335e-01 -7.961629999999999541e-01 2.075000000000000022e-03
1.800000000000000000e+01 5.800000000000000000e+01 3.100000000000000000e+01 0.000000000000000000e+00 1.600000000000000089e+00 -5.000000000000000240e-05 1.064999999999999974e-03 9.999989999999999712e-01 -7.988929999999999643e-01 -6.014730000000000354e-01 6.009999999999999717e-04 6.014730000000000354e-01 -7.988920000000000465e-01 8.800000000000000313e-04
2.600000000000000000e+01 5.800000000000000000e+01 3.100000000000000000e+01 0.000000000000000000e+00 1.600000000000000089e+00 -2.799999999999999755e-04 4.060000000000000241e-03 9.999919999999999920e-01 -8.005710000000000326e-01 -5.992340000000000444e-01 2.209000000000000026e-03 5.992380000000000484e-01 -8.005640000000000533e-01 3.418000000000000031e-03
2.900000000000000000e+01 5.800000000000000000e+01 3.100000000000000000e+01 0.000000000000000000e+00 1.600000000000000089e+00 7.910000000000000364e-04 4.839999999999999684e-03 9.999879999999999880e-01 -8.006649999999999601e-01 -5.991020000000000234e-01 3.533000000000000116e-03 5.991119999999999779e-01 -8.006579999999999808e-01 3.402000000000000076e-03
1.200000000000000000e+01 6.000000000000000000e+00 3.200000000000000000e+01 0.000000000000000000e+00 1.600000000000000089e+00 1.722000000000000006e-03 5.634000000000000119e-03 -9.999829999999999552e-01 1.816309999999999869e-01 9.833490000000000286e-01 5.852999999999999696e-03 9.833650000000000446e-01 -1.816379999999999939e-01 6.700000000000000226e-04
1.700000000000000000e+01 6.000000000000000000e+00 3.200000000000000000e+01 0.000000000000000000e+00 1.600000000000000089e+00 1.186999999999999904e-03 -1.253999999999999906e-03 -9.999989999999999712e-01 1.723870000000000124e-01 9.850290000000000434e-01 -1.031000000000000015e-03 9.850290000000000434e-01 -1.723860000000000114e-01 1.386000000000000079e-03
5.000000000000000000e+00 2.200000000000000000e+01 3.400000000000000000e+01 0.000000000000000000e+00 1.600000000000000089e+00 1.412000000000000061e-03 2.106999999999999932e-03 9.999970000000000248e-01 3.799989999999999757e-01 -9.249859999999999749e-01 1.412999999999999977e-03 9.249859999999999749e-01 3.799960000000000004e-01 -2.106999999999999932e-03
5.000000000000000000e+00 4.300000000000000000e+01 3.400000000000000000e+01 0.000000000000000000e+00 1.600000000000000089e+00 7.649999999999999465e-04 -3.354000000000000210e-03 -9.999940000000000495e-01 -3.312320000000000264e-01 9.435430000000000206e-01 -3.418000000000000031e-03 9.435489999999999711e-01 3.312329999999999997e-01 -3.890000000000000228e-04
7.000000000000000000e+00 4.600000000000000000e+01 3.500000000000000000e+01 0.000000000000000000e+00 1.600000000000000089e+00 -1.191999999999999917e-03 -1.959999999999999937e-04 -9.999989999999999712e-01 3.889589999999999992e-01 -9.212550000000000461e-01 -2.829999999999999942e-04 -9.212540000000000173e-01 -3.889589999999999992e-01 1.173999999999999913e-03
1.100000000000000000e+01 4.600000000000000000e+01 3.500000000000000000e+01 0.000000000000000000e+00 1.600000000000000089e+00 1.139000000000000038e-03 -3.399000000000000112e-03 -9.999940000000000495e-01 3.883610000000000118e-01 -9.214999999999999858e-01 3.575000000000000053e-03 -9.215069999999999650e-01 -3.883619999999999850e-01 2.709999999999999735e-04
1.500000000000000000e+01 4.600000000000000000e+01 3.500000000000000000e+01 0.000000000000000000e+00 1.600000000000000089e+00 -3.040000000000000167e-04 -1.529999999999999893e-03 -9.999989999999999712e-01 3.880830000000000113e-01 -9.216239999999999988e-01 1.293000000000000095e-03 -9.216239999999999988e-01 -3.880819999999999825e-01 8.739999999999999939e-04
1.800000000000000000e+01 4.600000000000000000e+01 3.500000000000000000e+01 0.000000000000000000e+00 1.600000000000000089e+00 -7.690000000000000438e-04 -3.420999999999999996e-03 -9.999940000000000495e-01 3.881009999999999738e-01 -9.216130000000000155e-01 2.854000000000000200e-03 -9.216170000000000195e-01 -3.880959999999999965e-01 2.037000000000000182e-03
2.300000000000000000e+01 4.600000000000000000e+01 3.500000000000000000e+01 0.000000000000000000e+00 1.600000000000000089e+00 6.170000000000000354e-04 -6.560000000000000076e-04 -1.000000000000000000e+00 3.863739999999999952e-01 -9.223419999999999952e-01 8.440000000000000236e-04 -9.223419999999999952e-01 -3.863739999999999952e-01 -3.159999999999999832e-04
2.600000000000000000e+01 4.600000000000000000e+01 3.500000000000000000e+01 0.000000000000000000e+00 1.600000000000000089e+00 4.920000000000000328e-04 3.132999999999999934e-03 -9.999949999999999672e-01 3.858829999999999760e-01 -9.225440000000000307e-01 -2.700000000000000143e-03 -9.225480000000000347e-01 -3.858790000000000275e-01 -1.662999999999999982e-03
3.000000000000000000e+01 4.600000000000000000e+01 3.500000000000000000e+01 0.000000000000000000e+00 1.600000000000000089e+00 4.769999999999999934e-04 4.061000000000000373e-03 -9.999919999999999920e-01 3.860689999999999955e-01 -9.224630000000000329e-01 -3.562000000000000062e-03 -9.224700000000000122e-01 -3.860649999999999915e-01 -2.007999999999999802e-03
3.000000000000000000e+00 9.500000000000000000e+01 3.600000000000000000e+01 0.000000000000000000e+00 1.600000000000000089e+00 -9.400000000000000369e-03 -2.031099999999999919e-02 9.997489999999999988e-01 9.967049999999999521e-01 8.036600000000000688e-02 1.100399999999999989e-02 -8.056900000000000173e-02 9.965580000000000549e-01 1.948899999999999938e-02
1.200000000000000000e+01 9.500000000000000000e+01 3.600000000000000000e+01 0.000000000000000000e+00 1.600000000000000089e+00 4.375999999999999682e-03 -1.428100000000000029e-02 9.998879999999999990e-01 9.967719999999999914e-01 8.022200000000000164e-02 -3.216000000000000109e-03 -8.016700000000000215e-02 9.966749999999999776e-01 1.458600000000000001e-02
2.000000000000000000e+01 9.500000000000000000e+01 3.600000000000000000e+01 0.000000000000000000e+00 1.600000000000000089e+00 2.213999999999999822e-03 -5.080999999999999579e-03 9.999850000000000128e-01 9.965699999999999559e-01 8.273500000000000298e-02 -1.786000000000000044e-03 -8.272400000000000586e-02 9.965589999999999726e-01 5.246999999999999928e-03
2.000000000000000000e+00 2.900000000000000000e+01 4.400000000000000000e+01 0.000000000000000000e+00 1.600000000000000089e+00 -9.489999999999999738e-04 3.315999999999999937e-03 -9.999940000000000495e-01 6.786060000000000425e-01 7.345000000000000417e-01 1.791999999999999973e-03 7.345009999999999595e-01 -6.786010000000000097e-01 -2.946999999999999967e-03
7.000000000000000000e+00 2.900000000000000000e+01 4.400000000000000000e+01 0.000000000000000000e+00 1.600000000000000089e+00 1.263999999999999933e-03 2.926999999999999914e-03 -9.999949999999999672e-01 6.737170000000000103e-01 7.389829999999999455e-01 3.014999999999999885e-03 7.389879999999999782e-01 -6.737180000000000391e-01 -1.038000000000000077e-03
1.100000000000000000e+01 2.900000000000000000e+01 4.400000000000000000e+01 0.000000000000000000e+00 1.600000000000000089e+00 -8.639999999999999677e-04 9.590000000000000000e-04 -9.999989999999999712e-01 6.757849999999999691e-01 7.370980000000000310e-01 1.230000000000000082e-04 7.370980000000000310e-01 -6.757849999999999691e-01 -1.283999999999999985e-03
1.400000000000000000e+01 2.900000000000000000e+01 4.400000000000000000e+01 0.000000000000000000e+00 1.600000000000000089e+00 -1.691000000000000012e-03 7.230000000000000098e-04 -9.999980000000000535e-01 6.840720000000000134e-01 7.294140000000000068e-01 -6.290000000000000018e-04 7.294119999999999493e-01 -6.840720000000000134e-01 -1.727999999999999935e-03
1.800000000000000000e+01 2.900000000000000000e+01 4.400000000000000000e+01 0.000000000000000000e+00 1.600000000000000089e+00 -5.800000000000000034e-05 -4.185999999999999617e-03 -9.999909999999999632e-01 6.882200000000000539e-01 7.254950000000000010e-01 -3.076999999999999874e-03 7.255019999999999802e-01 -6.882139999999999924e-01 2.838999999999999944e-03
2.400000000000000000e+01 2.900000000000000000e+01 4.400000000000000000e+01 0.000000000000000000e+00 1.600000000000000089e+00 1.931999999999999907e-03 -7.361000000000000355e-03 -9.999710000000000543e-01 6.822409999999999863e-01 7.311159999999999881e-01 -4.063999999999999904e-03 7.311250000000000249e-01 -6.822129999999999583e-01 6.434999999999999748e-03
1.400000000000000000e+01 6.500000000000000000e+01 4.600000000000000000e+01 0.000000000000000000e+00 1.600000000000000089e+00 2.259999999999999910e-04 -1.247000000000000062e-03 9.999989999999999712e-01 6.825160000000000116e-01 -7.308700000000000196e-01 -1.064999999999999974e-03 7.308700000000000196e-01 6.825160000000000116e-01 6.859999999999999779e-04
2.000000000000000000e+01 6.500000000000000000e+01 4.600000000000000000e+01 0.000000000000000000e+00 1.600000000000000089e+00 -1.500000000000000038e-05 5.450000000000000200e-04 1.000000000000000000e+00 6.818109999999999449e-01 -7.315279999999999561e-01 4.090000000000000211e-04 7.315279999999999561e-01 6.818109999999999449e-01 -3.600000000000000227e-04
8.000000000000000000e+00 7.000000000000000000e+01 4.700000000000000000e+01 0.000000000000000000e+00 1.600000000000000089e+00 -3.930000000000000117e-04 6.399999999999999710e-05 -1.000000000000000000e+00 -8.375230000000000175e-01 -5.464020000000000543e-01 2.939999999999999905e-04 -5.464020000000000543e-01 8.375230000000000175e-01 2.680000000000000090e-04
1.000000000000000000e+01 5.000000000000000000e+00 5.100000000000000000e+01 0.000000000000000000e+00 1.600000000000000089e+00 -1.172999999999999998e-03 2.069000000000000093e-03 -9.999970000000000248e-01 4.798609999999999820e-01 -8.773410000000000375e-01 -2.377999999999999906e-03 -8.773440000000000127e-01 -4.798629999999999840e-01 3.600000000000000091e-05
1.300000000000000000e+01 5.000000000000000000e+00 5.100000000000000000e+01 0.000000000000000000e+00 1.600000000000000089e+00 1.144000000000000052e-03 -9.690000000000000262e-04 -9.999989999999999712e-01 4.818000000000000060e-01 -8.762799999999999478e-01 1.399999999999999986e-03 -8.762799999999999478e-01 -4.818009999999999793e-01 -5.349999999999999938e-04
2.000000000000000000e+01 5.000000000000000000e+00 5.100000000000000000e+01 0.000000000000000000e+00 1.600000000000000089e+00 -2.400999999999999922e-03 3.233000000000000197e-03 -9.999919999999999920e-01 4.866170000000000218e-01 -8.736059999999999937e-01 -3.991999999999999889e-03 -8.736120000000000552e-01 -4.866219999999999990e-01 5.240000000000000517e-04
1.000000000000000000e+01 7.000000000000000000e+00 5.200000000000000000e+01 0.000000000000000000e+00 1.600000000000000089e+00 -1.484000000000000076e-03 2.409000000000000117e-03 -9.999959999999999960e-01 7.095700000000000618e-02 -9.974760000000000293e-01 -2.507999999999999813e-03 -9.974779999999999758e-01 -7.096099999999999630e-02 1.309999999999999967e-03
6.000000000000000000e+00 6.300000000000000000e+01 5.400000000000000000e+01 0.000000000000000000e+00 1.600000000000000089e+00 1.066000000000000107e-03 1.909000000000000107e-03 9.999980000000000535e-01 -3.513020000000000032e-01 9.362610000000000099e-01 -1.412999999999999977e-03 -9.362610000000000099e-01 -3.513000000000000012e-01 1.668999999999999911e-03
9.000000000000000000e+00 6.300000000000000000e+01 5.400000000000000000e+01 0.000000000000000000e+00 1.600000000000000089e+00 -1.557999999999999923e-03 1.699999999999999987e-05 9.999989999999999712e-01 -3.504419999999999757e-01 9.365839999999999721e-01 -5.609999999999999752e-04 -9.365830000000000544e-01 -3.504430000000000045e-01 -1.453000000000000081e-03
1.400000000000000000e+01 6.300000000000000000e+01 5.400000000000000000e+01 0.000000000000000000e+00 1.600000000000000089e+00 4.510000000000000120e-04 -3.359999999999999814e-04 1.000000000000000000e+00 -3.510920000000000152e-01 9.363409999999999789e-01 4.730000000000000046e-04 -9.363409999999999789e-01 -3.510920000000000152e-01 3.049999999999999868e-04
1.800000000000000000e+01 6.300000000000000000e+01 5.400000000000000000e+01 0.000000000000000000e+00 1.600000000000000089e+00 8.799999999999999771e-05 1.299999999999999886e-04 1.000000000000000000e+00 -3.493439999999999879e-01 9.369939999999999936e-01 -9.100000000000000287e-05 -9.369939999999999936e-01 -3.493439999999999879e-01 1.279999999999999942e-04
2.200000000000000000e+01 6.300000000000000000e+01 5.400000000000000000e+01 0.000000000000000000e+00 1.600000000000000089e+00 -5.019999999999999506e-04 7.630000000000000063e-04 1.000000000000000000e+00 -3.494039999999999924e-01 9.369720000000000271e-01 -8.909999999999999734e-04 -9.369720000000000271e-01 -3.494039999999999924e-01 -2.039999999999999984e-04
2.800000000000000000e+01 6.300000000000000000e+01 5.400000000000000000e+01 0.000000000000000000e+00 1.600000000000000089e+00 -2.011000000000000201e-03 -3.640000000000000006e-03 9.999909999999999632e-01 -3.551190000000000180e-01 9.348170000000000091e-01 2.688999999999999984e-03 -9.348189999999999555e-01 -3.551110000000000100e-01 -3.173000000000000039e-03
1.000000000000000000e+00 2.500000000000000000e+01 5.500000000000000000e+01 0.000000000000000000e+00 1.600000000000000089e+00 1.150000000000000035e-04 -8.310000000000000329e-04 -1.000000000000000000e+00 -1.063399999999999936e-02 -9.999430000000000263e-01 8.289999999999999843e-04 -9.999430000000000263e-01 1.063300000000000009e-02 -1.240000000000000054e-04
1.400000000000000000e+01 2.500000000000000000e+01 5.500000000000000000e+01 0.000000000000000000e+00 1.600000000000000089e+00 -1.479999999999999925e-04 5.730999999999999983e-03 -9.999839999999999840e-01 -1.229899999999999917e-02 -9.999080000000000190e-01 -5.728999999999999718e-03 -9.999240000000000350e-01 1.229799999999999990e-02 2.190000000000000106e-04
2.700000000000000000e+01 2.500000000000000000e+01 5.500000000000000000e+01 0.000000000000000000e+00 1.600000000000000089e+00 -3.989999999999999949e-04 -1.211000000000000054e-03 -9.999989999999999712e-01 -1.027800000000000068e-02 -9.999460000000000015e-01 1.214999999999999934e-03 -9.999470000000000303e-01 1.027899999999999994e-02 3.869999999999999742e-04
1.800000000000000000e+01 6.800000000000000000e+01 5.700000000000000000e+01 0.000000000000000000e+00 1.600000000000000089e+00 2.400000000000000061e-04 -2.203999999999999796e-03 -9.999980000000000535e-01 -2.444590000000000096e-01 -9.696569999999999911e-01 2.077999999999999986e-03 -9.696599999999999664e-01 2.444580000000000086e-01 -7.709999999999999840e-04
1.700000000000000000e+01 2.100000000000000000e+01 6.000000000000000000e+01 0.000000000000000000e+00 1.600000000000000089e+00 -4.159999999999999744e-04 8.115999999999999950e-03 9.999670000000000503e-01 -9.534099999999999520e-02 9.954119999999999635e-01 -8.118999999999999481e-03 -9.954450000000000243e-01 -9.534099999999999520e-02 3.600000000000000227e-04
2.600000000000000000e+01 2.100000000000000000e+01 6.000000000000000000e+01 0.000000000000000000e+00 1.600000000000000089e+00 2.037999999999999881e-03 -1.006400000000000003e-02 9.999470000000000303e-01 -9.288200000000000622e-02 9.956249999999999822e-01 1.021000000000000033e-02 -9.956749999999999767e-01 -9.289799999999999447e-02 1.093999999999999920e-03
1.000000000000000000e+00 6.000000000000000000e+00 6.100000000000000000e+01 0.000000000000000000e+00 1.600000000000000089e+00 1.417999999999999990e-03 -1.433999999999999945e-03 9.999980000000000535e-01 5.601420000000000288e-01 -8.283939999999999637e-01 -1.982999999999999954e-03 8.283960000000000212e-01 5.601429999999999465e-01 -3.710000000000000190e-04
5.000000000000000000e+00 3.000000000000000000e+00 6.300000000000000000e+01 0.000000000000000000e+00 1.600000000000000089e+00 1.090999999999999956e-03 -5.806999999999999662e-03 9.999829999999999552e-01 -6.149200000000000221e-01 7.885720000000000507e-01 5.250000000000000326e-03 -7.885889999999999844e-01 -6.149149999999999894e-01 -2.710000000000000169e-03
1.200000000000000000e+01 3.000000000000000000e+00 6.300000000000000000e+01 0.000000000000000000e+00 1.600000000000000089e+00 1.363999999999999978e-03 -1.201000000000000028e-03 9.999980000000000535e-01 -6.142379999999999507e-01 7.891190000000000149e-01 1.784999999999999911e-03 -7.891200000000000436e-01 -6.142400000000000082e-01 3.379999999999999758e-04
1.800000000000000000e+01 3.000000000000000000e+00 6.300000000000000000e+01 0.000000000000000000e+00 1.600000000000000089e+00 -5.969999999999999829e-04 -1.913999999999999903e-03 9.999980000000000535e-01 -6.142079999999999762e-01 7.891430000000000389e-01 1.144000000000000052e-03 -7.891439999999999566e-01 -6.142060000000000297e-01 -1.647000000000000026e-03
2.000000000000000000e+00 2.700000000000000000e+01 6.300000000000000000e+01 0.000000000000000000e+00 1.600000000000000089e+00 -6.880000000000000265e-04 -6.243000000000000285e-03 9.999799999999999800e-01 -2.779090000000000171e-01 9.605900000000000549e-01 5.806000000000000397e-03 -9.606069999999999887e-01 -2.778990000000000071e-01 -2.394999999999999993e-03
6.000000000000000000e+00 2.700000000000000000e+01 6.300000000000000000e+01 0.000000000000000000e+00 1.600000000000000089e+00 8.059999999999999673e-04 -2.521999999999999936e-03 9.999959999999999960e-01 -2.805250000000000243e-01 9.598430000000000017e-01 2.647000000000000047e-03 -9.598459999999999770e-01 -2.805259999999999976e-01 6.600000000000000506e-05
1.100000000000000000e+01 2.700000000000000000e+01 6.300000000000000000e+01 0.000000000000000000e+00 1.600000000000000089e+00 3.210000000000000180e-03 3.690000000000000138e-03 9.999879999999999880e-01 -2.785270000000000246e-01 9.604249999999999732e-01 -2.650000000000000012e-03 -9.604230000000000267e-01 -2.785150000000000126e-01 4.109999999999999938e-03
1.800000000000000000e+01 2.700000000000000000e+01 6.300000000000000000e+01 0.000000000000000000e+00 1.600000000000000089e+00 3.899999999999999929e-05 -1.330999999999999935e-03 9.999989999999999712e-01 -2.749519999999999742e-01 9.614570000000000061e-01 1.289999999999999914e-03 -9.614580000000000348e-01 -2.749519999999999742e-01 -3.280000000000000038e-04
2.100000000000000000e+01 2.700000000000000000e+01 6.300000000000000000e+01 0.000000000000000000e+00 1.600000000000000089e+00 -2.530000000000000239e-04 -1.871000000000000050e-03 9.999980000000000535e-01 -2.760319999999999996e-01 9.611469999999999736e-01 1.729000000000000068e-03 -9.611480000000000024e-01 -2.760310000000000263e-01 -7.600000000000000418e-04
2.700000000000000000e+01 2.700000000000000000e+01 6.300000000000000000e+01 0.000000000000000000e+00 1.600000000000000089e+00 3.521999999999999957e-03 -9.359999999999999831e-04 9.999930000000000208e-01 -2.794760000000000022e-01 9.601509999999999767e-01 1.882999999999999908e-03 -9.601460000000000550e-01 -2.794809999999999794e-01 3.119999999999999944e-03
2.000000000000000000e+00 2.600000000000000000e+01 6.400000000000000000e+01 0.000000000000000000e+00 1.600000000000000089e+00 9.539999999999999869e-04 -6.400999999999999572e-03 9.999789999999999512e-01 -3.602750000000000119e-01 9.328250000000000153e-01 6.315000000000000301e-03 -9.328459999999999530e-01 -3.602730000000000099e-01 -1.415999999999999941e-03
7.000000000000000000e+00 2.600000000000000000e+01 6.400000000000000000e+01 0.000000000000000000e+00 1.600000000000000089e+00 1.672000000000000092e-03 -2.090999999999999977e-03 9.999959999999999960e-01 -3.657299999999999995e-01 9.307170000000000165e-01 2.557999999999999944e-03 -9.307189999999999630e-01 -3.657329999999999748e-01 7.910000000000000364e-04
1.800000000000000000e+01 2.600000000000000000e+01 6.400000000000000000e+01 0.000000000000000000e+00 1.600000000000000089e+00 2.110000000000000059e-04 -1.804999999999999964e-03 9.999980000000000535e-01 -3.567549999999999888e-01 9.341960000000000264e-01 1.761999999999999894e-03 -9.341979999999999729e-01 -3.567549999999999888e-01 -4.470000000000000232e-04
2.200000000000000000e+01 2.600000000000000000e+01 6.400000000000000000e+01 0.000000000000000000e+00 1.600000000000000089e+00 7.860000000000000233e-04 -4.688999999999999592e-03 9.999890000000000168e-01 -3.589700000000000113e-01 9.333369999999999722e-01 4.657999999999999814e-03 -9.333489999999999842e-01 -3.589700000000000113e-01 -9.499999999999999981e-04
2.700000000000000000e+01 2.600000000000000000e+01 6.400000000000000000e+01 0.000000000000000000e+00 1.600000000000000089e+00 3.967000000000000040e-03 -1.528000000000000061e-03 9.999909999999999632e-01 -3.614450000000000163e-01 9.323890000000000233e-01 2.858999999999999996e-03 -9.323850000000000193e-01 -3.614530000000000243e-01 3.145999999999999925e-03
