1.400000000000000000e+01 3.000000000000000000e+00 4.000000000000000000e+00 0.000000000000000000e+00 1.600000000000000089e+00 -2.029489999999999905e-01 -1.010149999999999937e-01 -9.739649999999999697e-01 -8.797939999999999650e-01 -4.178370000000000140e-01 2.266620000000000024e-01 -4.298549999999999871e-01 9.028890000000000526e-01 -4.073000000000000231e-03
1.000000000000000000e+00 1.500000000000000000e+01 4.000000000000000000e+00 0.000000000000000000e+00 1.600000000000000089e+00 7.564000000000000411e-03 -3.335799999999999876e-02 9.994150000000000533e-01 3.332309999999999994e-01 -9.422329999999999872e-01 -3.397100000000000120e-02 9.428149999999999586e-01 3.332930000000000059e-01 3.989000000000000358e-03
8.000000000000000000e+00 1.500000000000000000e+01 4.000000000000000000e+00 0.000000000000000000e+00 1.600000000000000089e+00 -4.299999999999999894e-04 -2.427699999999999997e-02 9.997049999999999548e-01 3.162840000000000096e-01 -9.483880000000000088e-01 -2.289499999999999869e-02 9.486639999999999517e-01 3.161809999999999898e-01 8.087000000000000438e-03
1.600000000000000000e+01 1.500000000000000000e+01 4.000000000000000000e+00 0.000000000000000000e+00 1.600000000000000089e+00 -6.430000000000000169e-04 -6.068999999999999742e-03 9.999810000000000088e-01 3.099740000000000273e-01 -9.507290000000000463e-01 -5.571000000000000431e-03 9.507449999999999513e-01 3.099649999999999905e-01 2.492999999999999990e-03
2.200000000000000000e+01 1.500000000000000000e+01 4.000000000000000000e+00 0.000000000000000000e+00 1.600000000000000089e+00 -2.056000000000000102e-03 -2.773999999999999990e-03 9.999940000000000495e-01 3.079399999999999915e-01 -9.514040000000000274e-01 -2.005999999999999971e-03 9.514040000000000274e-01 3.079339999999999855e-01 2.811000000000000131e-03
2.800000000000000000e+01 1.500000000000000000e+01 4.000000000000000000e+00 0.000000000000000000e+00 1.600000000000000089e+00 2.970000000000000092e-04 -3.696000000000000067e-03 9.999930000000000208e-01 3.116789999999999838e-01 -9.501810000000000533e-01 -3.605000000000000131e-03 9.501870000000000038e-01 3.116780000000000106e-01 8.700000000000000051e-04
1.100000000000000000e+01 1.600000000000000000e+01 4.000000000000000000e+00 0.000000000000000000e+00 1.600000000000000089e+00 -6.700000000000000226e-04 -4.579999999999999870e-03 9.999890000000000168e-01 3.815290000000000070e-01 -9.243479999999999475e-01 -3.977999999999999765e-03 9.243569999999999842e-01 3.815219999999999723e-01 2.367000000000000180e-03
7.000000000000000000e+00 1.010000000000000000e+02 7.000000000000000000e+00 0.000000000000000000e+00 1.600000000000000089e+00 -2.580999999999999961e-03 -8.063999999999999987e-03 9.999639999999999640e-01 8.862100000000000533e-01 4.632439999999999891e-01 6.022999999999999708e-03 -4.632760000000000211e-01 8.861940000000000373e-01 5.950000000000000427e-03
1.500000000000000000e+01 1.010000000000000000e+02 7.000000000000000000e+00 0.000000000000000000e+00 1.600000000000000089e+00 3.797000000000000028e-03 1.595999999999999979e-03 9.999919999999999920e-01 8.850940000000000474e-01 4.653939999999999744e-01 -4.102999999999999876e-03 -4.653970000000000051e-01 8.851020000000000554e-01 3.539999999999999853e-04
2.100000000000000000e+01 1.010000000000000000e+02 7.000000000000000000e+00 0.000000000000000000e+00 1.600000000000000089e+00 3.902999999999999785e-03 -2.116499999999999979e-02 9.997679999999999900e-01 8.910470000000000335e-01 4.538710000000000244e-01 6.130000000000000032e-03 -4.538949999999999929e-01 8.908160000000000522e-01 2.062999999999999903e-02
2.700000000000000000e+01 1.010000000000000000e+02 7.000000000000000000e+00 0.000000000000000000e+00 1.600000000000000089e+00 -1.982999999999999954e-03 -8.845000000000000431e-03 9.999590000000000423e-01 8.912390000000000034e-01 4.534969999999999835e-01 5.779000000000000282e-03 -4.535299999999999887e-01 8.912139999999999507e-01 6.983999999999999757e-03
2.000000000000000000e+00 2.500000000000000000e+01 8.000000000000000000e+00 0.000000000000000000e+00 1.600000000000000089e+00 3.339999999999999870e-04 -7.630999999999999762e-03 -9.999710000000000543e-01 4.409819999999999851e-01 8.974910000000000387e-01 -6.701999999999999624e-03 8.975159999999999805e-01 -4.409669999999999979e-01 3.664999999999999855e-03
8.000000000000000000e+00 2.500000000000000000e+01 8.000000000000000000e+00 0.000000000000000000e+00 1.600000000000000089e+00 -2.126999999999999984e-03 -1.490999999999999921e-03 -9.999970000000000248e-01 4.406470000000000109e-01 8.976769999999999472e-01 -2.275999999999999811e-03 8.976779999999999760e-01 -4.406510000000000149e-01 -1.252999999999999991e-03
1.500000000000000000e+01 2.500000000000000000e+01 8.000000000000000000e+00 0.000000000000000000e+00 1.600000000000000089e+00 -1.268999999999999946e-03 -6.180999999999999862e-03 -9.999799999999999800e-01 4.438409999999999855e-01 8.960850000000000204e-01 -6.101999999999999785e-03 8.961050000000000404e-01 -4.438400000000000123e-01 1.606000000000000006e-03
2.300000000000000000e+01 2.500000000000000000e+01 8.000000000000000000e+00 0.000000000000000000e+00 1.600000000000000089e+00 -8.149999999999999693e-04 1.966999999999999998e-03 -9.999980000000000535e-01 4.444739999999999802e-01 8.957910000000000039e-01 1.399999999999999986e-03 8.957920000000000327e-01 -4.444719999999999782e-01 -1.603999999999999957e-03
2.700000000000000000e+01 2.500000000000000000e+01 8.000000000000000000e+00 0.000000000000000000e+00 1.600000000000000089e+00 -1.890000000000000133e-04 6.939999999999999555e-04 -1.000000000000000000e+00 4.433920000000000083e-01 8.963280000000000136e-01 5.379999999999999583e-04 8.963280000000000136e-01 -4.433920000000000083e-01 -4.769999999999999934e-04
8.000000000000000000e+00 2.400000000000000000e+01 9.000000000000000000e+00 0.000000000000000000e+00 1.600000000000000089e+00 -1.500000000000000031e-03 -2.726999999999999823e-03 -9.999949999999999672e-01 4.458960000000000146e-01 8.950789999999999580e-01 -3.109999999999999917e-03 8.950829999999999620e-01 -4.458989999999999898e-01 -1.259999999999999998e-04
1.600000000000000000e+01 2.400000000000000000e+01 9.000000000000000000e+00 0.000000000000000000e+00 1.600000000000000089e+00 -1.392000000000000008e-03 -7.394000000000000399e-03 -9.999719999999999720e-01 4.498130000000000184e-01 8.930940000000000545e-01 -7.230000000000000315e-03 8.931219999999999715e-01 -4.498099999999999876e-01 2.083000000000000216e-03
2.400000000000000000e+01 2.400000000000000000e+01 9.000000000000000000e+00 0.000000000000000000e+00 1.600000000000000089e+00 -2.200000000000000078e-04 2.147000000000000037e-03 -9.999980000000000535e-01 4.497550000000000159e-01 8.931499999999999995e-01 1.819000000000000087e-03 8.931519999999999460e-01 -4.497539999999999871e-01 -1.162999999999999971e-03
3.000000000000000000e+01 2.400000000000000000e+01 9.000000000000000000e+00 0.000000000000000000e+00 1.600000000000000089e+00 3.400000000000000244e-04 2.602999999999999845e-03 -9.999970000000000248e-01 4.485080000000000178e-01 8.937749999999999861e-01 2.478999999999999867e-03 8.937789999999999901e-01 -4.485069999999999890e-01 -8.630000000000000518e-04
1.800000000000000000e+01 3.100000000000000000e+01 1.200000000000000000e+01 0.000000000000000000e+00 1.600000000000000089e+00 -1.820000000000000057e-04 2.260999999999999989e-03 9.999970000000000248e-01 -5.082999999999999845e-03 9.999850000000000128e-01 -2.262000000000000122e-03 -9.999869999999999592e-01 -5.082999999999999845e-03 -1.710000000000000094e-04
5.000000000000000000e+00 3.200000000000000000e+01 1.400000000000000000e+01 0.000000000000000000e+00 1.600000000000000089e+00 -3.249999999999999851e-04 1.521999999999999915e-03 -9.999989999999999712e-01 1.154659999999999992e-01 9.933100000000000263e-01 1.474000000000000050e-03 9.933110000000000550e-01 -1.154649999999999982e-01 -4.989999999999999861e-04
9.000000000000000000e+00 3.200000000000000000e+01 1.400000000000000000e+01 0.000000000000000000e+00 1.600000000000000089e+00 -2.959999999999999849e-04 1.394999999999999973e-03 -9.999989999999999712e-01 1.171699999999999964e-01 9.931109999999999660e-01 1.350999999999999987e-03 9.931119999999999948e-01 -1.171699999999999964e-01 -4.580000000000000195e-04
1.500000000000000000e+01 3.200000000000000000e+01 1.400000000000000000e+01 0.000000000000000000e+00 1.600000000000000089e+00 7.339999999999999520e-04 2.468999999999999841e-03 -9.999970000000000248e-01 1.127760000000000012e-01 9.936169999999999725e-01 2.536000000000000060e-03 9.936199999999999477e-01 -1.127780000000000032e-01 4.510000000000000120e-04
2.000000000000000000e+00 1.200000000000000000e+01 1.500000000000000000e+01 0.000000000000000000e+00 1.600000000000000089e+00 4.312999999999999994e-03 -3.433999999999999986e-03 -9.999850000000000128e-01 -4.482510000000000105e-01 -8.939070000000000071e-01 1.136000000000000074e-03 -8.938970000000000526e-01 4.482389999999999985e-01 -5.394999999999999622e-03
1.200000000000000000e+01 1.200000000000000000e+01 1.500000000000000000e+01 0.000000000000000000e+00 1.600000000000000089e+00 -1.010000000000000020e-04 -2.951000000000000064e-03 -9.999959999999999960e-01 -4.612240000000000228e-01 -8.872799999999999576e-01 2.664999999999999834e-03 -8.872839999999999616e-01 4.612229999999999941e-01 -1.270999999999999994e-03
1.800000000000000000e+01 1.200000000000000000e+01 1.500000000000000000e+01 0.000000000000000000e+00 1.600000000000000089e+00 -1.164000000000000104e-03 -4.053000000000000179e-03 -9.999909999999999632e-01 -4.665199999999999902e-01 -8.845009999999999817e-01 4.127999999999999725e-03 -8.845100000000000184e-01 4.665210000000000190e-01 -8.620000000000000275e-04
2.300000000000000000e+01 1.200000000000000000e+01 1.500000000000000000e+01 0.000000000000000000e+00 1.600000000000000089e+00 -3.606999999999999963e-03 -2.936999999999999941e-03 -9.999890000000000168e-01 -4.692350000000000132e-01 -8.830630000000000424e-01 4.287000000000000012e-03 -8.830660000000000176e-01 4.692459999999999964e-01 1.807000000000000012e-03
2.700000000000000000e+01 1.200000000000000000e+01 1.500000000000000000e+01 0.000000000000000000e+00 1.600000000000000089e+00 -3.657999999999999793e-03 -1.500000000000000031e-03 -9.999919999999999920e-01 -4.666100000000000247e-01 -8.844579999999999664e-01 3.033000000000000106e-03 -8.844549999999999912e-01 4.666179999999999772e-01 2.534999999999999927e-03
1.100000000000000000e+01 1.160000000000000000e+02 1.600000000000000000e+01 0.000000000000000000e+00 1.600000000000000089e+00 4.719999999999999803e-04 4.040000000000000080e-04 1.000000000000000000e+00 7.101819999999999800e-01 7.040180000000000327e-01 -6.199999999999999999e-04 -7.040180000000000327e-01 7.101819999999999800e-01 4.500000000000000283e-05
1.500000000000000000e+01 1.160000000000000000e+02 1.600000000000000000e+01 0.000000000000000000e+00 1.600000000000000089e+00 1.446999999999999936e-03 -1.786999999999999960e-03 9.999970000000000248e-01 7.095129999999999493e-01 7.046919999999999851e-01 2.320000000000000014e-04 -7.046909999999999563e-01 7.095110000000000028e-01 2.288000000000000103e-03
2.000000000000000000e+01 1.160000000000000000e+02 1.600000000000000000e+01 0.000000000000000000e+00 1.600000000000000089e+00 3.499999999999999964e-04 1.056000000000000081e-03 9.999989999999999712e-01 7.249830000000000441e-01 6.887659999999999894e-01 -9.810000000000001011e-04 -6.887659999999999894e-01 7.249830000000000441e-01 -5.249999999999999676e-04
2.400000000000000000e+01 1.160000000000000000e+02 1.600000000000000000e+01 0.000000000000000000e+00 1.600000000000000089e+00 -1.366999999999999943e-03 -1.758999999999999930e-03 9.999970000000000248e-01 7.263009999999999744e-01 6.873730000000000118e-01 2.201999999999999964e-03 -6.873749999999999583e-01 7.263020000000000032e-01 3.379999999999999758e-04
2.800000000000000000e+01 1.160000000000000000e+02 1.600000000000000000e+01 0.000000000000000000e+00 1.600000000000000089e+00 -5.810000000000000277e-04 1.284999999999999901e-03 9.999989999999999712e-01 6.929739999999999789e-01 7.209619999999999918e-01 -5.240000000000000517e-04 -7.209619999999999918e-01 6.929729999999999501e-01 -1.309000000000000051e-03
3.000000000000000000e+00 2.000000000000000000e+00 1.900000000000000000e+01 0.000000000000000000e+00 1.600000000000000089e+00 -3.523400000000000143e-02 -6.662700000000000566e-02 -9.971560000000000423e-01 2.251859999999999973e-01 -9.726449999999999818e-01 5.703300000000000036e-02 -9.736780000000000435e-01 -2.225360000000000116e-01 4.927299999999999736e-02
7.000000000000000000e+00 2.000000000000000000e+00 1.900000000000000000e+01 0.000000000000000000e+00 1.600000000000000089e+00 -2.604899999999999924e-02 -5.999800000000000272e-02 -9.978590000000000515e-01 2.062589999999999979e-01 -9.770410000000000483e-01 5.336199999999999971e-02 -9.781509999999999927e-01 -2.044279999999999986e-01 3.782599999999999851e-02
1.600000000000000000e+01 2.000000000000000000e+00 1.900000000000000000e+01 0.000000000000000000e+00 1.600000000000000089e+00 1.522800000000000022e-02 -1.745899999999999883e-02 -9.997319999999999540e-01 2.331959999999999866e-01 -9.722129999999999939e-01 2.053100000000000064e-02 -9.723100000000000076e-01 -2.334459999999999869e-01 -1.073299999999999949e-02
2.000000000000000000e+01 2.000000000000000000e+00 1.900000000000000000e+01 0.000000000000000000e+00 1.600000000000000089e+00 1.233300000000000021e-02 -4.303999999999999666e-03 -9.999149999999999983e-01 2.342779999999999863e-01 -9.721440000000000081e-01 7.074999999999999692e-03 -9.720910000000000384e-01 -2.343449999999999978e-01 -1.098099999999999944e-02
2.400000000000000000e+01 2.000000000000000000e+00 1.900000000000000000e+01 0.000000000000000000e+00 1.600000000000000089e+00 6.688000000000000368e-03 -1.059399999999999925e-02 -9.999219999999999775e-01 2.261869999999999992e-01 -9.740119999999999889e-01 1.183200000000000050e-02 -9.740609999999999546e-01 -2.262490000000000057e-01 -4.118000000000000133e-03
4.000000000000000000e+00 1.300000000000000000e+01 2.000000000000000000e+01 0.000000000000000000e+00 1.600000000000000089e+00 2.079999999999999872e-04 -5.225999999999999743e-03 9.999860000000000415e-01 2.647100000000000009e-01 9.643150000000000333e-01 4.984999999999999848e-03 -9.643279999999999630e-01 2.647059999999999969e-01 1.583999999999999905e-03
9.000000000000000000e+00 1.300000000000000000e+01 2.000000000000000000e+01 0.000000000000000000e+00 1.600000000000000089e+00 -9.399999999999999448e-05 3.710000000000000190e-04 1.000000000000000000e+00 2.651390000000000136e-01 9.642100000000000115e-01 -3.330000000000000169e-04 -9.642100000000000115e-01 2.651390000000000136e-01 -1.890000000000000133e-04
1.800000000000000000e+01 1.300000000000000000e+01 2.000000000000000000e+01 0.000000000000000000e+00 1.600000000000000089e+00 1.734999999999999997e-03 1.379000000000000017e-03 9.999980000000000535e-01 2.633050000000000113e-01 9.647109999999999852e-01 -1.786999999999999960e-03 -9.647109999999999852e-01 2.633070000000000133e-01 1.311000000000000099e-03
2.700000000000000000e+01 1.300000000000000000e+01 2.000000000000000000e+01 0.000000000000000000e+00 1.600000000000000089e+00 -9.799999999999999684e-04 2.011000000000000201e-03 9.999970000000000248e-01 2.629909999999999748e-01 9.647970000000000157e-01 -1.681999999999999901e-03 -9.647980000000000445e-01 2.629889999999999728e-01 -1.474000000000000050e-03
9.000000000000000000e+00 3.000000000000000000e+00 2.500000000000000000e+01 0.000000000000000000e+00 1.600000000000000089e+00 -2.026000000000000023e-03 -8.234999999999999265e-03 9.999639999999999640e-01 -4.017199999999999938e-02 -9.991579999999999906e-01 -8.309000000000000413e-03 9.991910000000000514e-01 -4.018700000000000050e-02 1.693999999999999976e-03
1.600000000000000000e+01 3.000000000000000000e+00 2.500000000000000000e+01 0.000000000000000000e+00 1.600000000000000089e+00 -2.955000000000000161e-03 -4.086000000000000222e-03 9.999869999999999592e-01 -3.607599999999999696e-02 -9.993400000000000061e-01 -4.190000000000000148e-03 9.993450000000000388e-01 -3.608800000000000202e-02 2.805000000000000202e-03
1.900000000000000000e+01 3.000000000000000000e+00 2.500000000000000000e+01 0.000000000000000000e+00 1.600000000000000089e+00 -1.649000000000000075e-03 7.522000000000000040e-03 9.999700000000000255e-01 -3.702899999999999942e-02 -9.992860000000000076e-01 7.454999999999999821e-03 9.993130000000000068e-01 -3.701600000000000029e-02 1.925999999999999978e-03
2.800000000000000000e+01 3.000000000000000000e+00 2.500000000000000000e+01 0.000000000000000000e+00 1.600000000000000089e+00 2.324000000000000111e-03 4.699999999999999859e-04 9.999970000000000248e-01 -4.491200000000000053e-02 -9.989909999999999624e-01 5.739999999999999660e-04 9.989879999999999871e-01 -4.491300000000000153e-02 -2.301000000000000094e-03
3.000000000000000000e+00 4.600000000000000000e+01 2.700000000000000000e+01 0.000000000000000000e+00 1.600000000000000089e+00 -5.000000000000000104e-04 -1.884000000000000041e-03 -9.999980000000000535e-01 6.821260000000000101e-01 7.312330000000000219e-01 -1.719000000000000042e-03 7.312349999999999683e-01 -6.821249999999999813e-01 9.200000000000000278e-04
8.000000000000000000e+00 4.600000000000000000e+01 2.700000000000000000e+01 0.000000000000000000e+00 1.600000000000000089e+00 -1.990000000000000015e-03 -8.459999999999999638e-04 -9.999980000000000535e-01 6.774540000000000006e-01 7.355629999999999669e-01 -1.969999999999999963e-03 7.355629999999999669e-01 -6.774559999999999471e-01 -8.899999999999999491e-04
1.500000000000000000e+01 4.600000000000000000e+01 2.700000000000000000e+01 0.000000000000000000e+00 1.600000000000000089e+00 -3.159999999999999832e-04 1.480999999999999895e-03 -9.999989999999999712e-01 6.733540000000000081e-01 7.393189999999999484e-01 8.819999999999999715e-04 7.393199999999999772e-01 -6.733529999999999793e-01 -1.231000000000000106e-03
2.400000000000000000e+01 4.600000000000000000e+01 2.700000000000000000e+01 0.000000000000000000e+00 1.600000000000000089e+00 -5.019999999999999506e-04 2.246999999999999865e-03 -9.999970000000000248e-01 6.828600000000000225e-01 7.305479999999999752e-01 1.297999999999999892e-03 7.305490000000000039e-01 -6.828570000000000473e-01 -1.900999999999999912e-03
2.900000000000000000e+01 4.600000000000000000e+01 2.700000000000000000e+01 0.000000000000000000e+00 1.600000000000000089e+00 -1.330000000000000073e-04 1.330000000000000073e-04 -1.000000000000000000e+00 6.782869999999999733e-01 7.347970000000000335e-01 7.999999999999999638e-06 7.347970000000000335e-01 -6.782869999999999733e-01 -1.879999999999999890e-04
2.400000000000000000e+01 4.600000000000000000e+01 3.000000000000000000e+01 0.000000000000000000e+00 1.600000000000000089e+00 -7.050000000000000060e-04 -6.149999999999999868e-04 -1.000000000000000000e+00 3.330910000000000259e-01 9.428940000000000099e-01 -8.149999999999999693e-04 9.428940000000000099e-01 -3.330919999999999992e-01 -4.600000000000000139e-04
5.000000000000000000e+00 5.800000000000000000e+01 3.100000000000000000e+01 0.000000000000000000e+00 1.600000000000000089e+00 -1.412000000000000061e-03 -3.706000000000000093e-03 9.999919999999999920e-01 -8.141890000000000516e-01 -5.805909999999999682e-01 -3.301000000000000115e-03 5.805989999999999762e-01 -8.141869999999999941e-01 -2.197000000000000168e-03
1.200000000000000000e+01 5.800000000000000000e+01 3.100000000000000000e+01 0.000000000000000000e+00 1.600000000000000089e+00 4.558000000000000419e-03 5.714999999999999594e-03 9.999730000000000008e-01 -8.143029999999999990e-01 -5.803979999999999695e-01 7.028999999999999658e-03 5.804219999999999935e-01 -8.143129999999999535e-01 2.008999999999999935e-03
1.600000000000000000e+01 5.800000000000000000e+01 3.100000000000000000e+01 0.000000000000000000e+00 1.600000000000000089e+00 4.793000000000000385e-03 1.312600000000000051e-02 9.999019999999999575e-01 -8.154280000000000417e-01 -5.787440000000000362e-01 1.150600000000000060e-02 5.788389999999999924e-01 -8.154040000000000177e-01 7.929000000000000284e-03
2.300000000000000000e+01 5.800000000000000000e+01 3.100000000000000000e+01 0.000000000000000000e+00 1.600000000000000089e+00 -1.624999999999999925e-03 -3.668999999999999952e-03 9.999919999999999920e-01 -8.147240000000000038e-01 -5.798379999999999646e-01 -3.452000000000000207e-03 5.798459999999999726e-01 -8.147229999999999750e-01 -2.047000000000000208e-03
2.800000000000000000e+01 5.800000000000000000e+01 3.100000000000000000e+01 0.000000000000000000e+00 1.600000000000000089e+00 1.248999999999999893e-03 -4.296999999999999605e-03 9.999900000000000455e-01 -8.109429999999999694e-01 -5.851229999999999487e-01 -1.500999999999999947e-03 5.851239999999999775e-01 -8.109330000000000149e-01 -4.214999999999999997e-03
2.500000000000000000e+01 6.000000000000000000e+00 3.200000000000000000e+01 0.000000000000000000e+00 1.600000000000000089e+00 -3.939999999999999817e-04 -3.847000000000000159e-03 -9.999919999999999920e-01 9.605099999999999749e-02 9.953689999999999483e-01 -3.867000000000000211e-03 9.953760000000000385e-01 -9.605199999999999849e-02 -2.300000000000000002e-05
2.400000000000000000e+01 5.900000000000000000e+01 3.200000000000000000e+01 0.000000000000000000e+00 1.600000000000000089e+00 2.439999999999999949e-04 -2.979999999999999793e-04 1.000000000000000000e+00 -7.256639999999999757e-01 -6.880490000000000217e-01 -2.799999999999999958e-05 6.880490000000000217e-01 -7.256639999999999757e-01 -3.849999999999999798e-04
6.000000000000000000e+00 4.600000000000000000e+01 3.500000000000000000e+01 0.000000000000000000e+00 1.600000000000000089e+00 -1.240000000000000054e-04 -4.749999999999999990e-04 -1.000000000000000000e+00 3.925950000000000273e-01 -9.197109999999999452e-01 3.879999999999999985e-04 -9.197119999999999740e-01 -3.925950000000000273e-01 3.009999999999999980e-04
1.200000000000000000e+01 4.600000000000000000e+01 3.500000000000000000e+01 0.000000000000000000e+00 1.600000000000000089e+00 -2.020000000000000040e-04 3.319999999999999926e-04 -1.000000000000000000e+00 3.926490000000000258e-01 -9.196879999999999500e-01 -3.840000000000000097e-04 -9.196879999999999500e-01 -3.926499999999999990e-01 5.599999999999999916e-05
1.600000000000000000e+01 4.600000000000000000e+01 3.500000000000000000e+01 0.000000000000000000e+00 1.600000000000000089e+00 1.681999999999999901e-03 2.674999999999999861e-03 -9.999949999999999672e-01 3.924730000000000163e-01 -9.197619999999999685e-01 -1.799999999999999951e-03 -9.197619999999999685e-01 -3.924679999999999835e-01 -2.596999999999999916e-03
2.100000000000000000e+01 4.600000000000000000e+01 3.500000000000000000e+01 0.000000000000000000e+00 1.600000000000000089e+00 1.423000000000000003e-03 -7.820000000000000345e-04 -9.999989999999999712e-01 3.919309999999999738e-01 -9.199939999999999785e-01 1.276999999999999923e-03 -9.199929999999999497e-01 -3.919329999999999758e-01 -1.002000000000000069e-03
2.600000000000000000e+01 4.600000000000000000e+01 3.500000000000000000e+01 0.000000000000000000e+00 1.600000000000000089e+00 -7.579999999999999932e-04 3.810000000000000019e-03 -9.999919999999999920e-01 3.901089999999999836e-01 -9.207610000000000516e-01 -3.804000000000000090e-03 -9.207689999999999486e-01 -3.901080000000000103e-01 -7.889999999999999878e-04
2.800000000000000000e+01 4.600000000000000000e+01 3.500000000000000000e+01 0.000000000000000000e+00 1.600000000000000089e+00 -1.198000000000000063e-03 4.223000000000000191e-03 -9.999900000000000455e-01 3.886899999999999800e-01 -9.213580000000000103e-01 -4.356999999999999762e-03 -9.213679999999999648e-01 -3.886919999999999820e-01 -5.370000000000000424e-04
2.000000000000000000e+00 9.500000000000000000e+01 3.600000000000000000e+01 0.000000000000000000e+00 1.600000000000000089e+00 -4.249000000000000173e-03 -2.999399999999999983e-02 9.995410000000000128e-01 9.967730000000000201e-01 7.999299999999999466e-02 6.637999999999999803e-03 -8.015500000000000402e-02 9.963440000000000074e-01 2.955699999999999994e-02
1.200000000000000000e+01 9.500000000000000000e+01 3.600000000000000000e+01 0.000000000000000000e+00 1.600000000000000089e+00 6.368999999999999662e-03 1.936200000000000074e-02 9.997920000000000140e-01 9.968209999999999571e-01 7.927800000000000125e-02 -7.886000000000000648e-03 -7.941399999999999848e-02 9.966639999999999944e-01 -1.879600000000000021e-02
1.700000000000000000e+01 9.500000000000000000e+01 3.700000000000000000e+01 0.000000000000000000e+00 1.600000000000000089e+00 1.060499999999999984e-02 -4.399999999999999886e-05 9.999440000000000550e-01 9.947190000000000198e-01 1.020940000000000042e-01 -1.054500000000000055e-02 -1.020879999999999982e-01 9.947749999999999648e-01 1.126999999999999964e-03
1.100000000000000000e+01 2.900000000000000000e+01 4.400000000000000000e+01 0.000000000000000000e+00 1.600000000000000089e+00 -3.897999999999999989e-03 -3.314000000000000105e-03 -9.999869999999999592e-01 6.796699999999999964e-01 7.335009999999999586e-01 -5.080000000000000314e-03 7.335080000000000489e-01 -6.796809999999999796e-01 -6.070000000000000092e-04
1.800000000000000000e+01 2.900000000000000000e+01 4.400000000000000000e+01 0.000000000000000000e+00 1.600000000000000089e+00 -1.099999999999999971e-05 -1.405999999999999915e-03 -9.999989999999999712e-01 6.759739999999999638e-01 7.369250000000000522e-01 -1.043000000000000090e-03 7.369250000000000522e-01 -6.759730000000000461e-01 9.420000000000000205e-04
2.100000000000000000e+01 2.900000000000000000e+01 4.400000000000000000e+01 0.000000000000000000e+00 1.600000000000000089e+00 -2.699999999999999899e-05 1.905000000000000009e-03 -9.999980000000000535e-01 6.715400000000000258e-01 7.409670000000000423e-01 1.392999999999999924e-03 7.409679999999999600e-01 -6.715389999999999970e-01 -1.299000000000000024e-03
2.300000000000000000e+01 2.900000000000000000e+01 4.400000000000000000e+01 0.000000000000000000e+00 1.600000000000000089e+00 -6.769999999999999759e-04 3.027000000000000177e-03 -9.999949999999999672e-01 6.686379999999999546e-01 7.435859999999999692e-01 1.797999999999999902e-03 7.435869999999999980e-01 -6.686339999999999506e-01 -2.527000000000000166e-03
1.400000000000000000e+01 5.000000000000000000e+00 5.100000000000000000e+01 0.000000000000000000e+00 1.600000000000000089e+00 7.225999999999999784e-03 3.789999999999999966e-04 -9.999740000000000295e-01 4.823310000000000097e-01 -8.759839999999999849e-01 3.152999999999999987e-03 -8.759590000000000432e-01 -4.823410000000000197e-01 -6.512999999999999692e-03
2.200000000000000000e+01 5.000000000000000000e+00 5.100000000000000000e+01 0.000000000000000000e+00 1.600000000000000089e+00 -3.340000000000000087e-03 1.510999999999999973e-03 -9.999930000000000208e-01 4.840110000000000245e-01 -8.750569999999999737e-01 -2.939000000000000206e-03 -8.750550000000000272e-01 -4.840180000000000038e-01 2.191999999999999938e-03
2.700000000000000000e+01 5.000000000000000000e+00 5.100000000000000000e+01 0.000000000000000000e+00 1.600000000000000089e+00 -1.136000000000000074e-03 -2.249999999999999938e-04 -9.999989999999999712e-01 4.859390000000000098e-01 -8.739930000000000199e-01 -3.550000000000000096e-04 -8.739919999999999911e-01 -4.859390000000000098e-01 1.103000000000000031e-03
2.100000000000000000e+01 1.150000000000000000e+02 5.100000000000000000e+01 0.000000000000000000e+00 1.600000000000000089e+00 -2.239999999999999966e-04 -6.551000000000000399e-03 9.999780000000000335e-01 8.454099999999999948e-01 -5.341080000000000272e-01 -3.310000000000000008e-03 5.341179999999999817e-01 8.453910000000000036e-01 5.657999999999999835e-03
5.000000000000000000e+00 6.300000000000000000e+01 5.400000000000000000e+01 0.000000000000000000e+00 1.600000000000000089e+00 5.529999999999999976e-04 1.028000000000000051e-03 9.999989999999999712e-01 -3.491699999999999804e-01 9.370589999999999753e-01 -7.699999999999999597e-04 -9.370589999999999753e-01 -3.491690000000000071e-01 8.769999999999999584e-04
1.500000000000000000e+01 6.300000000000000000e+01 5.400000000000000000e+01 0.000000000000000000e+00 1.600000000000000089e+00 1.613999999999999983e-03 4.169999999999999987e-04 9.999989999999999712e-01 -3.400679999999999814e-01 9.404010000000000424e-01 1.569999999999999944e-04 -9.404000000000000137e-01 -3.400679999999999814e-01 1.660000000000000017e-03
2.200000000000000000e+01 6.300000000000000000e+01 5.400000000000000000e+01 0.000000000000000000e+00 1.600000000000000089e+00 2.759999999999999867e-04 -1.740000000000000010e-04 1.000000000000000000e+00 -3.530249999999999777e-01 9.356139999999999457e-01 2.599999999999999772e-04 -9.356139999999999457e-01 -3.530249999999999777e-01 1.969999999999999909e-04
4.000000000000000000e+00 2.500000000000000000e+01 5.500000000000000000e+01 0.000000000000000000e+00 1.600000000000000089e+00 -8.670000000000000406e-04 1.791999999999999973e-03 -9.999980000000000535e-01 -1.243499999999999987e-02 -9.999209999999999487e-01 -1.781000000000000031e-03 -9.999219999999999775e-01 1.243299999999999961e-02 8.890000000000000333e-04
1.100000000000000000e+01 2.500000000000000000e+01 5.500000000000000000e+01 0.000000000000000000e+00 1.600000000000000089e+00 1.559999999999999972e-04 2.095000000000000074e-03 -9.999980000000000535e-01 -1.022900000000000025e-02 -9.999449999999999728e-01 -2.096000000000000207e-03 -9.999479999999999480e-01 1.022900000000000025e-02 -1.350000000000000017e-04
2.000000000000000000e+01 2.500000000000000000e+01 5.500000000000000000e+01 0.000000000000000000e+00 1.600000000000000089e+00 7.309999999999999875e-04 7.600000000000000418e-05 -1.000000000000000000e+00 -1.385400000000000000e-02 -9.999040000000000150e-01 -8.600000000000000331e-05 -9.999040000000000150e-01 1.385400000000000000e-02 -7.299999999999999632e-04
2.500000000000000000e+01 2.500000000000000000e+01 5.500000000000000000e+01 0.000000000000000000e+00 1.600000000000000089e+00 1.536000000000000039e-03 2.932999999999999843e-03 -9.999949999999999672e-01 -1.219899999999999977e-02 -9.999209999999999487e-01 -2.951000000000000064e-03 -9.999240000000000350e-01 1.220300000000000031e-02 -1.500000000000000031e-03
1.800000000000000000e+01 2.100000000000000000e+01 6.000000000000000000e+01 0.000000000000000000e+00 1.600000000000000089e+00 8.319999999999999488e-04 7.558999999999999747e-03 9.999710000000000543e-01 -9.639399999999999358e-02 9.953149999999999498e-01 -7.444000000000000096e-03 -9.953429999999999778e-01 -9.638499999999999845e-02 1.557000000000000007e-03
2.700000000000000000e+01 2.100000000000000000e+01 6.000000000000000000e+01 0.000000000000000000e+00 1.600000000000000089e+00 -7.079999999999999705e-04 -1.433999999999999945e-03 9.999989999999999712e-01 -9.747000000000000108e-02 9.952379999999999560e-01 1.358000000000000049e-03 -9.952379999999999560e-01 -9.746799999999999908e-02 -8.440000000000000236e-04
2.000000000000000000e+00 6.000000000000000000e+00 6.100000000000000000e+01 0.000000000000000000e+00 1.600000000000000089e+00 8.409999999999999507e-04 3.612000000000000193e-03 9.999930000000000208e-01 5.667619999999999880e-01 -8.238779999999999992e-01 2.500000000000000052e-03 8.238809999999999745e-01 5.667560000000000375e-01 -2.739999999999999814e-03
2.500000000000000000e+01 3.000000000000000000e+00 6.300000000000000000e+01 0.000000000000000000e+00 1.600000000000000089e+00 -6.949999999999999798e-04 2.518999999999999972e-03 9.999970000000000248e-01 -6.151360000000000161e-01 7.884170000000000345e-01 -2.413000000000000214e-03 -7.884210000000000385e-01 -6.151360000000000161e-01 1.000999999999999937e-03
2.000000000000000000e+00 2.700000000000000000e+01 6.300000000000000000e+01 0.000000000000000000e+00 1.600000000000000089e+00 -2.870000000000000155e-03 -6.850000000000000186e-03 9.999719999999999720e-01 -2.713630000000000209e-01 9.624589999999999534e-01 5.813999999999999724e-03 -9.624730000000000230e-01 -2.713389999999999969e-01 -4.621000000000000107e-03
1.000000000000000000e+01 2.700000000000000000e+01 6.300000000000000000e+01 0.000000000000000000e+00 1.600000000000000089e+00 3.620000000000000171e-04 -3.435000000000000119e-03 9.999940000000000495e-01 -2.718119999999999981e-01 9.623439999999999772e-01 3.403999999999999908e-03 -9.623500000000000387e-01 -2.718119999999999981e-01 -5.860000000000000408e-04
1.400000000000000000e+01 2.700000000000000000e+01 6.300000000000000000e+01 0.000000000000000000e+00 1.600000000000000089e+00 -9.529999999999999626e-04 2.919999999999999961e-04 9.999989999999999712e-01 -2.742859999999999743e-01 9.616479999999999473e-01 -5.419999999999999471e-04 -9.616479999999999473e-01 -2.742870000000000030e-01 -8.360000000000000460e-04
2.200000000000000000e+01 2.700000000000000000e+01 6.300000000000000000e+01 0.000000000000000000e+00 1.600000000000000089e+00 5.640000000000000482e-04 -1.136999999999999990e-03 9.999989999999999712e-01 -2.713729999999999754e-01 9.624730000000000230e-01 1.247000000000000062e-03 -9.624740000000000517e-01 -2.713729999999999754e-01 2.339999999999999958e-04
2.700000000000000000e+01 2.700000000000000000e+01 6.300000000000000000e+01 0.000000000000000000e+00 1.600000000000000089e+00 -6.369999999999999794e-04 2.605999999999999810e-03 9.999959999999999960e-01 -2.696439999999999948e-01 9.629560000000000342e-01 -2.681999999999999922e-03 -9.629600000000000382e-01 -2.696450000000000236e-01 9.000000000000000567e-05
3.000000000000000000e+00 2.600000000000000000e+01 6.400000000000000000e+01 0.000000000000000000e+00 1.600000000000000089e+00 -4.101999999999999744e-03 -1.012099999999999979e-02 9.999400000000000510e-01 -3.542020000000000168e-01 9.351350000000000495e-01 8.012000000000000025e-03 -9.351599999999999913e-01 -3.541480000000000183e-01 -7.420999999999999645e-03
1.300000000000000000e+01 2.600000000000000000e+01 6.400000000000000000e+01 0.000000000000000000e+00 1.600000000000000089e+00 -2.959999999999999849e-04 1.070999999999999903e-03 9.999989999999999712e-01 -3.602600000000000247e-01 9.328509999999999858e-01 -1.105999999999999995e-03 -9.328520000000000145e-01 -3.602600000000000247e-01 1.100000000000000039e-04
1.800000000000000000e+01 2.600000000000000000e+01 6.400000000000000000e+01 0.000000000000000000e+00 1.600000000000000089e+00 4.739999999999999747e-04 5.150000000000000498e-04 1.000000000000000000e+00 -3.593000000000000083e-01 9.332219999999999960e-01 -3.099999999999999999e-04 -9.332219999999999960e-01 -3.593000000000000083e-01 6.269999999999999532e-04
2.100000000000000000e+01 2.600000000000000000e+01 6.400000000000000000e+01 0.000000000000000000e+00 1.600000000000000089e+00 6.329999999999999906e-04 -1.507000000000000093e-03 9.999989999999999712e-01 -3.559519999999999906e-01 9.345029999999999726e-01 1.634000000000000036e-03 -9.345040000000000013e-01 -3.559530000000000194e-01 5.500000000000000196e-05
2.400000000000000000e+01 2.600000000000000000e+01 6.400000000000000000e+01 0.000000000000000000e+00 1.600000000000000089e+00 -3.399999999999999973e-05 -1.848000000000000033e-03 9.999980000000000535e-01 -3.548740000000000228e-01 9.349119999999999653e-01 1.716000000000000077e-03 -9.349140000000000228e-01 -3.548740000000000228e-01 -6.870000000000000022e-04
1.700000000000000000e+01 6.900000000000000000e+01 6.600000000000000000e+01 0.000000000000000000e+00 1.600000000000000089e+00 -8.850000000000000444e-04 2.330000000000000040e-03 9.999970000000000248e-01 -9.517529999999999601e-01 3.068629999999999969e-01 -1.557999999999999923e-03 -3.068649999999999989e-01 -9.517510000000000137e-01 1.946000000000000030e-03
2.600000000000000000e+01 6.900000000000000000e+01 6.600000000000000000e+01 0.000000000000000000e+00 1.600000000000000089e+00 -1.528999999999999977e-03 7.420000000000000380e-04 9.999989999999999712e-01 -9.505799999999999805e-01 3.104759999999999742e-01 -1.683999999999999950e-03 -3.104770000000000030e-01 -9.505810000000000093e-01 2.310000000000000042e-04
1.700000000000000000e+01 2.500000000000000000e+01 7.300000000000000000e+01 0.000000000000000000e+00 1.600000000000000089e+00 -3.216999999999999808e-03 -7.207999999999999997e-03 9.999689999999999968e-01 7.380219999999999558e-01 -6.747720000000000384e-01 -2.488999999999999893e-03 6.747689999999999522e-01 7.379909999999999526e-01 7.490000000000000130e-03
2.300000000000000000e+01 2.500000000000000000e+01 7.300000000000000000e+01 0.000000000000000000e+00 1.600000000000000089e+00 -1.868000000000000086e-03 -4.422999999999999848e-03 9.999879999999999880e-01 7.349649999999999794e-01 -6.781030000000000113e-01 -1.626000000000000058e-03 6.781030000000000113e-01 7.349529999999999674e-01 4.518000000000000314e-03
2.000000000000000000e+00 4.400000000000000000e+01 7.300000000000000000e+01 0.000000000000000000e+00 1.600000000000000089e+00 3.820000000000000153e-04 3.586000000000000212e-03 9.999930000000000208e-01 5.681499999999999745e-02 -9.983779999999999877e-01 3.559000000000000098e-03 9.983849999999999669e-01 5.681400000000000339e-02 -5.860000000000000408e-04
9.000000000000000000e+00 4.400000000000000000e+01 7.300000000000000000e+01 0.000000000000000000e+00 1.600000000000000089e+00 2.863999999999999792e-03 3.442000000000000181e-03 9.999900000000000455e-01 5.422500000000000236e-02 -9.985230000000000494e-01 3.282000000000000195e-03 9.985249999999999959e-01 5.421499999999999930e-02 -3.046000000000000096e-03
1.200000000000000000e+01 4.400000000000000000e+01 7.300000000000000000e+01 0.000000000000000000e+00 1.600000000000000089e+00 1.665000000000000030e-03 2.507999999999999813e-03 9.999949999999999672e-01 5.442299999999999915e-02 -9.985150000000000414e-01 2.413999999999999913e-03 9.985169999999999879e-01 5.441900000000000209e-02 -1.799000000000000035e-03
1.700000000000000000e+01 4.400000000000000000e+01 7.300000000000000000e+01 0.000000000000000000e+00 1.600000000000000089e+00 -4.699999999999999859e-04 2.167000000000000089e-03 9.999980000000000535e-01 5.349799999999999695e-02 -9.985659999999999537e-01 2.188999999999999974e-03 9.985680000000000112e-01 5.349899999999999795e-02 3.530000000000000152e-04
2.100000000000000000e+01 4.400000000000000000e+01 7.300000000000000000e+01 0.000000000000000000e+00 1.600000000000000089e+00 -5.969999999999999829e-04 3.098000000000000059e-03 9.999949999999999672e-01 5.337299999999999683e-02 -9.985699999999999577e-01 3.125000000000000173e-03 9.985739999999999617e-01 5.337499999999999883e-02 4.299999999999999894e-04
2.400000000000000000e+01 4.400000000000000000e+01 7.300000000000000000e+01 0.000000000000000000e+00 1.600000000000000089e+00 -1.259999999999999998e-04 -1.793000000000000106e-03 9.999980000000000535e-01 5.440099999999999797e-02 -9.985180000000000167e-01 -1.783999999999999996e-03 9.985190000000000454e-01 5.440099999999999797e-02 2.229999999999999994e-04
3.000000000000000000e+01 4.400000000000000000e+01 7.300000000000000000e+01 0.000000000000000000e+00 1.600000000000000089e+00 -1.564999999999999985e-03 8.930000000000000221e-04 9.999980000000000535e-01 5.359200000000000075e-02 -9.985619999999999497e-01 9.759999999999999796e-04 9.985619999999999497e-01 5.359400000000000275e-02 1.515000000000000071e-03
9.000000000000000000e+00 2.500000000000000000e+01 7.400000000000000000e+01 0.000000000000000000e+00 1.600000000000000089e+00 2.040000000000000147e-03 1.340000000000000045e-04 9.999980000000000535e-01 8.346489999999999743e-01 -5.507800000000000473e-01 -1.629000000000000023e-03 5.507790000000000186e-01 8.346500000000000030e-01 -1.235999999999999903e-03
1.400000000000000000e+01 2.500000000000000000e+01 7.400000000000000000e+01 0.000000000000000000e+00 1.600000000000000089e+00 1.477999999999999930e-03 -6.029999999999999770e-03 9.999810000000000088e-01 8.276390000000000136e-01 -5.612420000000000186e-01 -4.608000000000000117e-03 5.612589999999999524e-01 8.276299999999999768e-01 4.160999999999999768e-03
1.800000000000000000e+01 2.500000000000000000e+01 7.400000000000000000e+01 0.000000000000000000e+00 1.600000000000000089e+00 -2.892000000000000039e-03 -7.137000000000000115e-03 9.999700000000000255e-01 8.222350000000000492e-01 -5.691460000000000408e-01 -1.683999999999999950e-03 5.691410000000000080e-01 8.222049999999999637e-01 7.513999999999999846e-03
