4.000000000000000000e+00 2.500000000000000000e+01 1.000000000000000000e+00 0.000000000000000000e+00 1.600000000000000089e+00 3.007000000000000124e-03 -2.102000000000000136e-03 -9.999930000000000208e-01 -5.187829999999999941e-01 -8.549060000000000548e-01 2.369999999999999874e-04 -8.549010000000000220e-01 5.187789999999999901e-01 -3.661000000000000192e-03
8.000000000000000000e+00 2.500000000000000000e+01 1.000000000000000000e+00 0.000000000000000000e+00 1.600000000000000089e+00 3.559999999999999797e-04 3.969999999999999571e-03 -9.999919999999999920e-01 -5.179970000000000407e-01 -8.553749999999999964e-01 -3.579999999999999849e-03 -8.553819999999999757e-01 5.179939999999999545e-01 1.752000000000000085e-03
2.600000000000000000e+01 4.200000000000000000e+01 2.000000000000000000e+00 0.000000000000000000e+00 1.600000000000000089e+00 6.231999999999999693e-03 -1.219499999999999924e-02 -9.999059999999999615e-01 9.829740000000000144e-01 -1.835519999999999929e-01 8.364999999999999172e-03 -1.836359999999999937e-01 -9.829339999999999744e-01 1.084300000000000021e-02
3.000000000000000000e+00 1.500000000000000000e+01 4.000000000000000000e+00 0.000000000000000000e+00 1.600000000000000089e+00 8.310000000000000329e-04 6.159999999999999677e-03 9.999810000000000088e-01 3.109720000000000262e-01 -9.504029999999999978e-01 5.597000000000000412e-03 9.504190000000000138e-01 3.109620000000000162e-01 -2.706000000000000072e-03
6.000000000000000000e+00 1.500000000000000000e+01 4.000000000000000000e+00 0.000000000000000000e+00 1.600000000000000089e+00 4.609999999999999840e-04 6.228000000000000029e-03 9.999810000000000088e-01 3.110450000000000159e-01 -9.503779999999999450e-01 5.774999999999999752e-03 9.503949999999999898e-01 3.110359999999999792e-01 -2.374999999999999941e-03
1.200000000000000000e+01 1.500000000000000000e+01 4.000000000000000000e+00 0.000000000000000000e+00 1.600000000000000089e+00 8.399999999999999535e-05 4.610999999999999648e-03 9.999890000000000168e-01 3.094520000000000048e-01 -9.509050000000000002e-01 4.359000000000000027e-03 9.509149999999999547e-01 3.094489999999999741e-01 -1.507000000000000093e-03
1.900000000000000000e+01 1.500000000000000000e+01 4.000000000000000000e+00 0.000000000000000000e+00 1.600000000000000089e+00 -2.377999999999999906e-03 -4.529000000000000040e-03 9.999869999999999592e-01 3.089990000000000236e-01 -9.510560000000000125e-01 -3.572999999999999787e-03 9.510589999999999877e-01 3.089859999999999829e-01 3.661000000000000192e-03
2.200000000000000000e+01 1.500000000000000000e+01 4.000000000000000000e+00 0.000000000000000000e+00 1.600000000000000089e+00 -3.116999999999999979e-03 -2.625000000000000163e-03 9.999919999999999920e-01 3.089919999999999889e-01 -9.510640000000000205e-01 -1.533999999999999990e-03 9.510600000000000165e-01 3.089839999999999809e-01 3.775999999999999843e-03
1.800000000000000000e+01 1.010000000000000000e+02 7.000000000000000000e+00 0.000000000000000000e+00 1.600000000000000089e+00 -1.730999999999999900e-03 -8.273000000000000839e-03 9.999639999999999640e-01 8.812200000000000033e-01 4.726750000000000118e-01 5.435999999999999860e-03 -4.727029999999999843e-01 8.811980000000000368e-01 6.472000000000000322e-03
2.300000000000000000e+01 1.500000000000000000e+01 8.000000000000000000e+00 0.000000000000000000e+00 1.600000000000000089e+00 1.209000000000000005e-03 5.789999999999999791e-04 -9.999989999999999712e-01 -5.990459999999999674e-01 -8.007140000000000368e-01 -1.188000000000000037e-03 -8.007140000000000368e-01 5.990469999999999962e-01 -6.210000000000000242e-04
4.000000000000000000e+00 2.500000000000000000e+01 8.000000000000000000e+00 0.000000000000000000e+00 1.600000000000000089e+00 -1.012000000000000096e-03 -7.713000000000000238e-03 -9.999700000000000255e-01 4.442420000000000258e-01 8.958770000000000344e-01 -7.360000000000000223e-03 8.959059999999999802e-01 -4.442360000000000197e-01 2.520000000000000104e-03
7.000000000000000000e+00 2.500000000000000000e+01 8.000000000000000000e+00 0.000000000000000000e+00 1.600000000000000089e+00 2.579999999999999828e-04 -4.575000000000000074e-03 -9.999900000000000455e-01 4.444110000000000005e-01 8.958139999999999992e-01 -3.983999999999999694e-03 8.958230000000000359e-01 -4.444060000000000232e-01 2.263999999999999953e-03
1.000000000000000000e+01 2.500000000000000000e+01 8.000000000000000000e+00 0.000000000000000000e+00 1.600000000000000089e+00 1.299999999999999920e-05 -5.150000000000000064e-03 -9.999869999999999592e-01 4.438219999999999943e-01 8.961029999999999829e-01 -4.609000000000000249e-03 8.961149999999999949e-01 -4.438159999999999883e-01 2.296999999999999997e-03
1.400000000000000000e+01 2.500000000000000000e+01 8.000000000000000000e+00 0.000000000000000000e+00 1.600000000000000089e+00 -1.961000000000000069e-03 -4.093000000000000284e-03 -9.999900000000000455e-01 4.445819999999999772e-01 8.957260000000000222e-01 -4.538000000000000367e-03 8.957359999999999767e-01 -4.445870000000000100e-01 6.299999999999999990e-05
2.000000000000000000e+01 2.500000000000000000e+01 8.000000000000000000e+00 0.000000000000000000e+00 1.600000000000000089e+00 -4.339999999999999782e-04 2.716000000000000098e-03 -9.999959999999999960e-01 4.449230000000000129e-01 8.955659999999999732e-01 2.239000000000000105e-03 8.955689999999999484e-01 -4.449199999999999822e-01 -1.596999999999999895e-03
2.300000000000000000e+01 2.500000000000000000e+01 8.000000000000000000e+00 0.000000000000000000e+00 1.600000000000000089e+00 -1.886000000000000090e-03 -1.239000000000000084e-03 -9.999970000000000248e-01 4.435239999999999738e-01 8.962599999999999456e-01 -1.946999999999999946e-03 8.962599999999999456e-01 -4.435270000000000046e-01 -1.141000000000000087e-03
2.600000000000000000e+01 2.500000000000000000e+01 8.000000000000000000e+00 0.000000000000000000e+00 1.600000000000000089e+00 -7.330000000000000361e-04 -7.112000000000000266e-03 -9.999740000000000295e-01 4.442510000000000070e-01 8.958770000000000344e-01 -6.696999999999999828e-03 8.959019999999999762e-01 -4.442440000000000278e-01 2.501999999999999884e-03
6.000000000000000000e+00 2.400000000000000000e+01 9.000000000000000000e+00 0.000000000000000000e+00 1.600000000000000089e+00 -2.799999999999999958e-05 -5.302000000000000289e-03 -9.999860000000000415e-01 4.479440000000000088e-01 8.940489999999999826e-01 -4.753000000000000280e-03 8.940620000000000234e-01 -4.479380000000000028e-01 2.350000000000000092e-03
1.000000000000000000e+01 2.400000000000000000e+01 9.000000000000000000e+00 0.000000000000000000e+00 1.600000000000000089e+00 1.939999999999999993e-04 -5.327000000000000138e-03 -9.999860000000000415e-01 4.481609999999999761e-01 8.939399999999999569e-01 -4.675000000000000336e-03 8.939529999999999976e-01 -4.481539999999999968e-01 2.560999999999999908e-03
1.300000000000000000e+01 2.400000000000000000e+01 9.000000000000000000e+00 0.000000000000000000e+00 1.600000000000000089e+00 -1.853999999999999962e-03 -5.074000000000000385e-03 -9.999850000000000128e-01 4.484879999999999978e-01 8.937730000000000397e-01 -5.366000000000000110e-03 8.937869999999999981e-01 -4.484920000000000018e-01 6.179999999999999513e-04
1.700000000000000000e+01 2.400000000000000000e+01 9.000000000000000000e+00 0.000000000000000000e+00 1.600000000000000089e+00 -5.429999999999999714e-04 -3.595000000000000105e-03 -9.999930000000000208e-01 4.496109999999999829e-01 8.932179999999999565e-01 -3.455000000000000172e-03 8.932240000000000180e-01 -4.496100000000000096e-01 1.131000000000000061e-03
2.300000000000000000e+01 2.400000000000000000e+01 9.000000000000000000e+00 0.000000000000000000e+00 1.600000000000000089e+00 -1.340000000000000045e-03 -1.386000000000000079e-03 -9.999980000000000535e-01 4.471200000000000174e-01 8.944720000000000448e-01 -1.838999999999999923e-03 8.944729999999999626e-01 -4.471220000000000194e-01 -5.789999999999999791e-04
2.700000000000000000e+01 2.400000000000000000e+01 9.000000000000000000e+00 0.000000000000000000e+00 1.600000000000000089e+00 -5.419999999999999471e-04 -6.607000000000000026e-03 -9.999780000000000335e-01 4.478019999999999778e-01 8.941120000000000179e-01 -6.150000000000000085e-03 8.941329999999999556e-01 -4.477960000000000274e-01 2.474000000000000071e-03
2.000000000000000000e+00 3.100000000000000000e+01 1.200000000000000000e+01 0.000000000000000000e+00 1.600000000000000089e+00 -3.959999999999999762e-04 1.748999999999999904e-03 9.999980000000000535e-01 1.740999999999999839e-02 9.998470000000000413e-01 -1.742000000000000059e-03 -9.998479999999999590e-01 1.740900000000000086e-02 -4.270000000000000249e-04
8.000000000000000000e+00 3.100000000000000000e+01 1.200000000000000000e+01 0.000000000000000000e+00 1.600000000000000089e+00 -1.784999999999999911e-03 1.203000000000000076e-03 9.999980000000000535e-01 1.934599999999999861e-02 9.998120000000000340e-01 -1.168999999999999900e-03 -9.998110000000000053e-01 1.934400000000000008e-02 -1.807999999999999928e-03
3.000000000000000000e+00 1.160000000000000000e+02 1.600000000000000000e+01 0.000000000000000000e+00 1.600000000000000089e+00 4.708999999999999644e-03 4.904999999999999638e-03 9.999770000000000048e-01 7.054730000000000167e-01 7.087040000000000006e-01 -6.799000000000000356e-03 -7.087210000000000454e-01 7.054890000000000327e-01 -1.230000000000000082e-04
9.000000000000000000e+00 1.160000000000000000e+02 1.600000000000000000e+01 0.000000000000000000e+00 1.600000000000000089e+00 -3.393000000000000183e-03 -3.412000000000000102e-03 9.999879999999999880e-01 6.803129999999999455e-01 7.329059999999999464e-01 4.808999999999999907e-03 -7.329130000000000367e-01 6.803219999999999823e-01 -1.649999999999999991e-04
2.000000000000000000e+01 1.160000000000000000e+02 1.600000000000000000e+01 0.000000000000000000e+00 1.600000000000000089e+00 4.530000000000000064e-04 -1.340999999999999961e-03 9.999989999999999712e-01 6.879899999999999904e-01 7.257200000000000317e-01 6.610000000000000207e-04 -7.257200000000000317e-01 6.879889999999999617e-01 1.250999999999999942e-03
5.000000000000000000e+00 2.000000000000000000e+00 1.900000000000000000e+01 0.000000000000000000e+00 1.600000000000000089e+00 2.550000000000000183e-03 1.693000000000000060e-03 -9.999949999999999672e-01 1.954970000000000041e-01 -9.807040000000000202e-01 -1.160999999999999923e-03 -9.807010000000000449e-01 -1.954940000000000011e-01 -2.831000000000000183e-03
1.000000000000000000e+01 2.000000000000000000e+00 1.900000000000000000e+01 0.000000000000000000e+00 1.600000000000000089e+00 -8.700000000000000051e-04 3.831000000000000204e-03 -9.999919999999999920e-01 1.914559999999999873e-01 -9.814929999999999488e-01 -3.925999999999999802e-03 -9.815009999999999568e-01 -1.914579999999999893e-01 1.200000000000000030e-04
1.300000000000000000e+01 2.000000000000000000e+00 1.900000000000000000e+01 0.000000000000000000e+00 1.600000000000000089e+00 -3.600000000000000227e-04 -1.358999999999999965e-03 -9.999989999999999712e-01 1.930219999999999991e-01 -9.811940000000000106e-01 1.263999999999999933e-03 -9.811940000000000106e-01 -1.930219999999999991e-01 6.149999999999999868e-04
1.600000000000000000e+01 2.000000000000000000e+00 1.900000000000000000e+01 0.000000000000000000e+00 1.600000000000000089e+00 -6.819999999999999890e-04 -2.382000000000000003e-03 -9.999970000000000248e-01 1.950909999999999866e-01 -9.807829999999999604e-01 2.203000000000000097e-03 -9.807850000000000179e-01 -1.950890000000000124e-01 1.134000000000000025e-03
1.900000000000000000e+01 2.000000000000000000e+00 1.900000000000000000e+01 0.000000000000000000e+00 1.600000000000000089e+00 -2.456999999999999983e-03 -2.517999999999999839e-03 -9.999940000000000495e-01 1.968350000000000100e-01 -9.804349999999999454e-01 1.985999999999999918e-03 -9.804340000000000277e-01 -1.968280000000000030e-01 2.905000000000000030e-03
2.400000000000000000e+01 2.000000000000000000e+00 1.900000000000000000e+01 0.000000000000000000e+00 1.600000000000000089e+00 -1.562999999999999936e-03 5.290999999999999696e-03 -9.999850000000000128e-01 1.979319999999999968e-01 -9.801999999999999602e-01 -5.494999999999999885e-03 -9.802149999999999475e-01 -1.979370000000000018e-01 4.850000000000000253e-04
2.800000000000000000e+01 2.000000000000000000e+00 1.900000000000000000e+01 0.000000000000000000e+00 1.600000000000000089e+00 -4.491000000000000200e-03 8.713000000000000259e-03 -9.999519999999999520e-01 1.976120000000000099e-01 -9.802349999999999675e-01 -9.428999999999999881e-03 -9.802699999999999747e-01 -1.976449999999999874e-01 2.680999999999999790e-03
5.000000000000000000e+00 4.000000000000000000e+00 2.000000000000000000e+01 0.000000000000000000e+00 1.600000000000000089e+00 2.062000000000000031e-03 2.269000000000000183e-03 -9.999949999999999672e-01 2.865059999999999829e-01 -9.580769999999999564e-01 -1.582999999999999989e-03 -9.580760000000000387e-01 -2.865019999999999789e-01 -2.625000000000000163e-03
2.000000000000000000e+01 4.000000000000000000e+00 2.000000000000000000e+01 0.000000000000000000e+00 1.600000000000000089e+00 -1.066000000000000107e-03 -2.132999999999999913e-03 -9.999970000000000248e-01 2.916560000000000263e-01 -9.565219999999999834e-01 1.729999999999999984e-03 -9.565230000000000121e-01 -2.916540000000000243e-01 1.641000000000000097e-03
2.000000000000000000e+00 1.300000000000000000e+01 2.000000000000000000e+01 0.000000000000000000e+00 1.600000000000000089e+00 4.654000000000000151e-03 1.863000000000000073e-03 9.999869999999999592e-01 2.493940000000000046e-01 9.683969999999999523e-01 -2.965000000000000187e-03 -9.683910000000000018e-01 2.494049999999999878e-01 4.041999999999999586e-03
7.000000000000000000e+00 1.300000000000000000e+01 2.000000000000000000e+01 0.000000000000000000e+00 1.600000000000000089e+00 -1.000000000000000048e-04 -1.410000000000000012e-03 9.999989999999999712e-01 2.520760000000000223e-01 9.677059999999999551e-01 1.389999999999999960e-03 -9.677069999999999839e-01 2.520760000000000223e-01 2.590000000000000071e-04
1.000000000000000000e+01 1.300000000000000000e+01 2.000000000000000000e+01 0.000000000000000000e+00 1.600000000000000089e+00 -1.614999999999999899e-03 -4.449999999999999746e-04 9.999989999999999712e-01 2.533020000000000271e-01 9.673869999999999969e-01 8.400000000000000348e-04 -9.673859999999999681e-01 2.533030000000000004e-01 -1.448999999999999984e-03
1.600000000000000000e+01 1.300000000000000000e+01 2.000000000000000000e+01 0.000000000000000000e+00 1.600000000000000089e+00 -3.629999999999999872e-04 1.730000000000000038e-04 1.000000000000000000e+00 2.532519999999999771e-01 9.674000000000000377e-01 -7.600000000000000418e-05 -9.674000000000000377e-01 2.532519999999999771e-01 -3.950000000000000061e-04
2.300000000000000000e+01 1.300000000000000000e+01 2.000000000000000000e+01 0.000000000000000000e+00 1.600000000000000089e+00 -7.349999999999999763e-04 -5.370000000000000424e-04 1.000000000000000000e+00 2.540799999999999725e-01 9.671830000000000149e-01 7.060000000000000303e-04 -9.671830000000000149e-01 2.540799999999999725e-01 -5.749999999999999903e-04
2.800000000000000000e+01 1.300000000000000000e+01 2.000000000000000000e+01 0.000000000000000000e+00 1.600000000000000089e+00 -3.173000000000000039e-03 -6.891000000000000424e-03 9.999710000000000543e-01 2.560459999999999958e-01 9.666360000000000507e-01 7.473999999999999741e-03 -9.666590000000000460e-01 2.560629999999999851e-01 -1.301999999999999989e-03
6.000000000000000000e+00 1.600000000000000000e+01 2.100000000000000000e+01 0.000000000000000000e+00 1.600000000000000089e+00 1.856000000000000011e-03 1.229999999999999974e-03 9.999980000000000535e-01 2.975180000000000047e-01 9.547149999999999803e-01 -1.726000000000000104e-03 -9.547139999999999516e-01 2.975200000000000067e-01 1.405999999999999915e-03
1.500000000000000000e+01 1.600000000000000000e+01 2.100000000000000000e+01 0.000000000000000000e+00 1.600000000000000089e+00 -6.430000000000000169e-04 1.418999999999999906e-03 9.999989999999999712e-01 2.972620000000000262e-01 9.547949999999999493e-01 -1.162999999999999971e-03 -9.547959999999999781e-01 2.972609999999999975e-01 -1.036000000000000029e-03
2.000000000000000000e+01 1.600000000000000000e+01 2.100000000000000000e+01 0.000000000000000000e+00 1.600000000000000089e+00 4.659999999999999971e-04 5.824000000000000184e-03 9.999829999999999552e-01 2.969069999999999765e-01 9.548900000000000166e-01 -5.700000000000000205e-03 -9.549060000000000326e-01 2.969040000000000012e-01 -1.283999999999999985e-03
2.300000000000000000e+01 1.600000000000000000e+01 2.100000000000000000e+01 0.000000000000000000e+00 1.600000000000000089e+00 -4.949999999999999973e-04 -7.609999999999999577e-04 1.000000000000000000e+00 2.967839999999999923e-01 9.549440000000000150e-01 8.739999999999999939e-04 -9.549440000000000150e-01 2.967850000000000210e-01 -2.469999999999999865e-04
2.800000000000000000e+01 1.600000000000000000e+01 2.100000000000000000e+01 0.000000000000000000e+00 1.600000000000000089e+00 -2.508999999999999946e-03 -7.053000000000000241e-03 9.999719999999999720e-01 2.981380000000000141e-01 9.544939999999999536e-01 7.479999999999999670e-03 -9.545200000000000351e-01 2.981480000000000241e-01 -2.919999999999999961e-04
4.000000000000000000e+00 3.000000000000000000e+00 2.500000000000000000e+01 0.000000000000000000e+00 1.600000000000000089e+00 -8.338999999999999191e-03 4.730000000000000046e-04 9.999649999999999928e-01 -5.074800000000000144e-02 -9.987110000000000154e-01 4.899999999999999842e-05 9.986770000000000369e-01 -5.074599999999999944e-02 8.352999999999999314e-03
1.100000000000000000e+01 3.000000000000000000e+00 2.500000000000000000e+01 0.000000000000000000e+00 1.600000000000000089e+00 3.148000000000000190e-03 3.657000000000000094e-03 9.999879999999999880e-01 -5.013900000000000301e-02 -9.987350000000000394e-01 3.810000000000000019e-03 9.987369999999999859e-01 -5.015000000000000013e-02 -2.961000000000000090e-03
1.800000000000000000e+01 3.000000000000000000e+00 2.500000000000000000e+01 0.000000000000000000e+00 1.600000000000000089e+00 -8.409999999999999507e-04 5.599999999999999509e-04 1.000000000000000000e+00 -5.672200000000000158e-02 -9.983899999999999997e-01 5.109999999999999525e-04 9.983899999999999997e-01 -5.672100000000000058e-02 8.720000000000000537e-04
2.700000000000000000e+01 3.000000000000000000e+00 2.500000000000000000e+01 0.000000000000000000e+00 1.600000000000000089e+00 5.549000000000000113e-03 9.818000000000000338e-03 9.999360000000000470e-01 -5.508500000000000202e-02 -9.984300000000000397e-01 1.010899999999999993e-02 9.984659999999999647e-01 -5.513799999999999951e-02 -5.000000000000000104e-03
5.000000000000000000e+00 4.600000000000000000e+01 2.700000000000000000e+01 0.000000000000000000e+00 1.600000000000000089e+00 -1.118999999999999986e-03 7.089999999999999948e-04 -9.999989999999999712e-01 6.482120000000000104e-01 7.614600000000000257e-01 -1.849999999999999973e-04 7.614589999999999970e-01 -6.482120000000000104e-01 -1.312000000000000015e-03
1.000000000000000000e+01 4.600000000000000000e+01 2.700000000000000000e+01 0.000000000000000000e+00 1.600000000000000089e+00 -1.314999999999999980e-03 -1.642999999999999929e-03 -9.999980000000000535e-01 6.433079999999999909e-01 7.656049999999999800e-01 -2.103999999999999967e-03 7.656070000000000375e-01 -6.433090000000000197e-01 5.000000000000000240e-05
2.000000000000000000e+01 4.600000000000000000e+01 2.700000000000000000e+01 0.000000000000000000e+00 1.600000000000000089e+00 -1.531999999999999942e-03 3.440000000000000132e-04 -9.999989999999999712e-01 6.426579999999999515e-01 7.661529999999999729e-01 -7.209999999999999612e-04 7.661520000000000552e-01 -6.426579999999999515e-01 -1.394999999999999973e-03
2.600000000000000000e+01 4.600000000000000000e+01 2.700000000000000000e+01 0.000000000000000000e+00 1.600000000000000089e+00 9.039999999999999642e-04 -3.460000000000000076e-04 -1.000000000000000000e+00 6.432750000000000412e-01 7.656349999999999545e-01 3.170000000000000075e-04 7.656349999999999545e-01 -6.432750000000000412e-01 9.150000000000000147e-04
5.000000000000000000e+00 5.800000000000000000e+01 3.100000000000000000e+01 0.000000000000000000e+00 1.600000000000000089e+00 -1.010999999999999963e-03 1.333999999999999899e-03 9.999989999999999712e-01 -8.004820000000000269e-01 -5.993570000000000286e-01 -9.000000000000000228e-06 5.993559999999999999e-01 -8.004809999999999981e-01 1.673999999999999924e-03
1.000000000000000000e+01 5.800000000000000000e+01 3.100000000000000000e+01 0.000000000000000000e+00 1.600000000000000089e+00 -6.459999999999999814e-04 -2.871999999999999987e-03 9.999959999999999960e-01 -8.008450000000000291e-01 -5.988670000000000382e-01 -2.236999999999999839e-03 5.988710000000000422e-01 -8.008429999999999715e-01 -1.912999999999999987e-03
1.500000000000000000e+01 5.800000000000000000e+01 3.100000000000000000e+01 0.000000000000000000e+00 1.600000000000000089e+00 -3.177000000000000136e-03 -6.067000000000000344e-03 9.999770000000000048e-01 -8.004550000000000276e-01 -5.993610000000000326e-01 -6.179999999999999730e-03 5.993849999999999456e-01 -8.004559999999999453e-01 -2.952000000000000197e-03
2.200000000000000000e+01 5.800000000000000000e+01 3.100000000000000000e+01 0.000000000000000000e+00 1.600000000000000089e+00 -3.719999999999999891e-04 -2.003000000000000006e-03 9.999980000000000535e-01 -8.017239999999999922e-01 -5.976920000000000011e-01 -1.495000000000000018e-03 5.976939999999999475e-01 -8.017229999999999634e-01 -1.382999999999999898e-03
3.000000000000000000e+01 6.000000000000000000e+00 3.200000000000000000e+01 0.000000000000000000e+00 1.600000000000000089e+00 4.538999999999999632e-03 1.616999999999999948e-03 -9.999879999999999880e-01 8.775499999999999967e-02 9.961400000000000254e-01 2.008999999999999935e-03 9.961320000000000174e-01 -8.776299999999999379e-02 4.379000000000000080e-03
1.000000000000000000e+01 4.600000000000000000e+01 3.500000000000000000e+01 0.000000000000000000e+00 1.600000000000000089e+00 1.350000000000000017e-04 -3.776999999999999975e-03 -9.999930000000000208e-01 3.870609999999999884e-01 -9.220469999999999500e-01 3.534999999999999948e-03 -9.220540000000000402e-01 -3.870589999999999864e-01 1.337999999999999997e-03
1.600000000000000000e+01 4.600000000000000000e+01 3.500000000000000000e+01 0.000000000000000000e+00 1.600000000000000089e+00 -5.800000000000000034e-04 -5.190000000000000386e-04 -1.000000000000000000e+00 3.862099999999999977e-01 -9.224109999999999809e-01 2.539999999999999940e-04 -9.224109999999999809e-01 -3.862099999999999977e-01 7.360000000000000006e-04
2.200000000000000000e+01 4.600000000000000000e+01 3.500000000000000000e+01 0.000000000000000000e+00 1.600000000000000089e+00 3.570000000000000040e-04 1.755000000000000050e-03 -9.999980000000000535e-01 3.848070000000000102e-01 -9.229960000000000386e-01 -1.482999999999999943e-03 -9.229969999999999564e-01 -3.848059999999999814e-01 -1.005000000000000034e-03
2.700000000000000000e+01 4.600000000000000000e+01 3.500000000000000000e+01 0.000000000000000000e+00 1.600000000000000089e+00 1.710000000000000094e-04 3.520999999999999824e-03 -9.999940000000000495e-01 3.848320000000000074e-01 -9.229810000000000514e-01 -3.184000000000000198e-03 -9.229870000000000019e-01 -3.848289999999999766e-01 -1.513000000000000022e-03
7.000000000000000000e+00 9.500000000000000000e+01 3.600000000000000000e+01 0.000000000000000000e+00 1.600000000000000089e+00 -7.529999999999999801e-04 4.683999999999999796e-03 9.999890000000000168e-01 9.983020000000000227e-01 5.824000000000000010e-02 4.789999999999999879e-04 -5.823699999999999710e-02 9.982919999999999572e-01 -4.720000000000000237e-03
1.000000000000000000e+01 9.500000000000000000e+01 3.600000000000000000e+01 0.000000000000000000e+00 1.600000000000000089e+00 4.110000000000000155e-04 7.125000000000000257e-03 9.999749999999999472e-01 9.982210000000000250e-01 5.962300000000000239e-02 -8.350000000000000217e-04 -5.962699999999999945e-02 9.981959999999999722e-01 -7.087999999999999683e-03
2.300000000000000000e+01 9.500000000000000000e+01 3.600000000000000000e+01 0.000000000000000000e+00 1.600000000000000089e+00 1.386999999999999995e-03 2.932999999999999843e-03 9.999949999999999672e-01 9.982670000000000154e-01 5.882500000000000229e-02 -1.557000000000000007e-03 -5.882899999999999935e-02 9.982640000000000402e-01 -2.846000000000000005e-03
2.800000000000000000e+01 9.500000000000000000e+01 3.600000000000000000e+01 0.000000000000000000e+00 1.600000000000000089e+00 9.655999999999999653e-03 4.518000000000000314e-03 9.999430000000000263e-01 9.975239999999999663e-01 6.961399999999999533e-02 -9.946999999999999245e-03 -6.965499999999999470e-02 9.975640000000000063e-01 -3.834999999999999867e-03
2.000000000000000000e+00 3.000000000000000000e+00 4.300000000000000000e+01 0.000000000000000000e+00 1.600000000000000089e+00 -1.794700000000000115e-02 -2.605800000000000130e-02 -9.994990000000000263e-01 7.374849999999999461e-01 -6.753500000000000059e-01 4.364999999999999956e-03 -6.751260000000000039e-01 -7.370370000000000532e-01 3.133799999999999780e-02
5.000000000000000000e+00 3.000000000000000000e+00 4.300000000000000000e+01 0.000000000000000000e+00 1.600000000000000089e+00 -1.687299999999999911e-02 -1.703299999999999953e-02 -9.997129999999999628e-01 7.375699999999999479e-01 -6.752700000000000369e-01 -9.439999999999999607e-04 -6.750599999999999934e-01 -7.373739999999999739e-01 2.395699999999999913e-02
9.000000000000000000e+00 3.000000000000000000e+00 4.300000000000000000e+01 0.000000000000000000e+00 1.600000000000000089e+00 -6.224000000000000365e-03 -1.000200000000000047e-02 -9.999310000000000143e-01 7.384579999999999478e-01 -6.742970000000000352e-01 2.148000000000000170e-03 -6.742709999999999537e-01 -7.383929999999999660e-01 1.158299999999999955e-02
1.700000000000000000e+01 3.000000000000000000e+00 4.300000000000000000e+01 0.000000000000000000e+00 1.600000000000000089e+00 -3.759999999999999779e-04 -7.872000000000000525e-03 -9.999689999999999968e-01 7.410999999999999810e-01 -6.713759999999999728e-01 5.007000000000000166e-03 -6.713949999999999640e-01 -7.410750000000000393e-01 6.086000000000000264e-03
2.400000000000000000e+01 3.000000000000000000e+00 4.300000000000000000e+01 0.000000000000000000e+00 1.600000000000000089e+00 1.982999999999999954e-03 -2.634000000000000057e-03 -9.999949999999999672e-01 7.381119999999999903e-01 -6.746699999999999919e-01 3.239999999999999825e-03 -6.746750000000000247e-01 -7.381149999999999656e-01 6.070000000000000092e-04
5.000000000000000000e+00 8.000000000000000000e+00 4.400000000000000000e+01 0.000000000000000000e+00 1.600000000000000089e+00 -3.281000000000000062e-03 -6.052000000000000088e-03 9.999759999999999760e-01 -7.810939999999999550e-01 -6.243809999999999638e-01 -6.342000000000000415e-03 6.244049999999999878e-01 -7.810960000000000125e-01 -2.678999999999999958e-03
2.000000000000000000e+01 8.000000000000000000e+00 4.400000000000000000e+01 0.000000000000000000e+00 1.600000000000000089e+00 -3.260000000000000094e-04 -6.213999999999999906e-03 9.999810000000000088e-01 -7.830799999999999983e-01 -6.219069999999999876e-01 -4.120000000000000398e-03 6.219209999999999461e-01 -7.830660000000000398e-01 -4.663999999999999743e-03
2.400000000000000000e+01 8.000000000000000000e+00 4.400000000000000000e+01 0.000000000000000000e+00 1.600000000000000089e+00 -9.319999999999999942e-04 4.610999999999999648e-03 9.999890000000000168e-01 -7.828159999999999563e-01 -6.222499999999999698e-01 2.139999999999999975e-03 6.222529999999999450e-01 -7.828049999999999731e-01 4.190000000000000148e-03
2.000000000000000000e+00 2.900000000000000000e+01 4.400000000000000000e+01 0.000000000000000000e+00 1.600000000000000089e+00 8.959999999999999866e-04 3.020999999999999814e-03 -9.999949999999999672e-01 6.630779999999999452e-01 7.485450000000000159e-01 2.854999999999999899e-03 7.485500000000000487e-01 -6.630770000000000275e-01 -1.332000000000000068e-03
7.000000000000000000e+00 2.900000000000000000e+01 4.400000000000000000e+01 0.000000000000000000e+00 1.600000000000000089e+00 6.679999999999999740e-04 -3.292999999999999920e-03 -9.999940000000000495e-01 6.658190000000000497e-01 7.461109999999999687e-01 -2.011999999999999900e-03 7.461130000000000262e-01 -6.658140000000000169e-01 2.690999999999999816e-03
1.300000000000000000e+01 2.900000000000000000e+01 4.400000000000000000e+01 0.000000000000000000e+00 1.600000000000000089e+00 1.430999999999999980e-03 -1.835000000000000043e-03 -9.999970000000000248e-01 6.689760000000000151e-01 7.432839999999999447e-01 -4.070000000000000267e-04 7.432830000000000270e-01 -6.689730000000000398e-01 2.291000000000000068e-03
1.900000000000000000e+01 2.900000000000000000e+01 4.400000000000000000e+01 0.000000000000000000e+00 1.600000000000000089e+00 2.197999999999999867e-03 -4.154999999999999839e-03 -9.999890000000000168e-01 6.709169999999999856e-01 7.415310000000000512e-01 -1.606000000000000006e-03 7.415289999999999937e-01 -6.709060000000000024e-01 4.416999999999999919e-03
2.400000000000000000e+01 2.900000000000000000e+01 4.400000000000000000e+01 0.000000000000000000e+00 1.600000000000000089e+00 1.464999999999999939e-03 -3.494000000000000144e-03 -9.999930000000000208e-01 6.769549999999999734e-01 7.360229999999999828e-01 -1.580000000000000024e-03 7.360229999999999828e-01 -6.769479999999999942e-01 3.444000000000000013e-03
9.000000000000000000e+00 5.000000000000000000e+00 5.100000000000000000e+01 0.000000000000000000e+00 1.600000000000000089e+00 7.709999999999999840e-04 -9.669000000000000511e-03 -9.999529999999999808e-01 4.865900000000000225e-01 -8.735859999999999737e-01 8.821999999999999981e-03 -8.736300000000000177e-01 -4.865740000000000065e-01 4.031999999999999994e-03
1.400000000000000000e+01 5.000000000000000000e+00 5.100000000000000000e+01 0.000000000000000000e+00 1.600000000000000089e+00 6.570000000000000319e-04 2.322999999999999978e-03 -9.999970000000000248e-01 4.902500000000000191e-01 -8.715800000000000214e-01 -1.701999999999999954e-03 -8.715819999999999679e-01 -4.902469999999999883e-01 -1.711999999999999980e-03
2.100000000000000000e+01 5.000000000000000000e+00 5.100000000000000000e+01 0.000000000000000000e+00 1.600000000000000089e+00 -2.334999999999999836e-03 1.688999999999999963e-03 -9.999959999999999960e-01 4.906139999999999946e-01 -8.713729999999999531e-01 -2.618000000000000101e-03 -8.713739999999999819e-01 -4.906179999999999986e-01 1.206000000000000041e-03
2.400000000000000000e+01 5.000000000000000000e+00 5.100000000000000000e+01 0.000000000000000000e+00 1.600000000000000089e+00 -2.566999999999999837e-03 3.135000000000000200e-03 -9.999919999999999920e-01 4.920970000000000066e-01 -8.705310000000000548e-01 -3.991999999999999889e-03 -8.705359999999999765e-01 -4.921039999999999859e-01 6.920000000000000153e-04
5.000000000000000000e+00 6.000000000000000000e+00 5.100000000000000000e+01 0.000000000000000000e+00 1.600000000000000089e+00 -3.490000000000000047e-03 -1.005600000000000070e-02 -9.999430000000000263e-01 3.109859999999999847e-01 -9.503770000000000273e-01 8.472000000000000364e-03 -9.504080000000000306e-01 -3.109390000000000209e-01 6.444000000000000075e-03
2.600000000000000000e+01 6.000000000000000000e+00 5.100000000000000000e+01 0.000000000000000000e+00 1.600000000000000089e+00 -1.079999999999999960e-04 7.899999999999999579e-05 -1.000000000000000000e+00 3.273429999999999951e-01 -9.449049999999999949e-01 -1.100000000000000039e-04 -9.449049999999999949e-01 -3.273429999999999951e-01 7.600000000000000418e-05
2.200000000000000000e+01 7.000000000000000000e+00 5.200000000000000000e+01 0.000000000000000000e+00 1.600000000000000089e+00 -8.570000000000000144e-04 4.730999999999999962e-03 -9.999879999999999880e-01 1.094299999999999995e-01 -9.939829999999999499e-01 -4.797000000000000049e-03 -9.939940000000000442e-01 -1.094330000000000025e-01 3.339999999999999870e-04
4.000000000000000000e+00 6.300000000000000000e+01 5.400000000000000000e+01 0.000000000000000000e+00 1.600000000000000089e+00 7.280000000000000230e-04 -9.290000000000000297e-04 9.999989999999999712e-01 -3.556309999999999749e-01 9.346259999999999568e-01 1.126999999999999964e-03 -9.346259999999999568e-01 -3.556320000000000037e-01 3.499999999999999964e-04
8.000000000000000000e+00 6.300000000000000000e+01 5.400000000000000000e+01 0.000000000000000000e+00 1.600000000000000089e+00 -9.179999999999999792e-04 -4.899999999999999842e-04 9.999989999999999712e-01 -3.517239999999999811e-01 9.361040000000000472e-01 1.359999999999999989e-04 -9.361030000000000184e-01 -3.517239999999999811e-01 -1.031999999999999931e-03
1.400000000000000000e+01 6.300000000000000000e+01 5.400000000000000000e+01 0.000000000000000000e+00 1.600000000000000089e+00 1.689999999999999879e-04 2.431000000000000001e-03 9.999970000000000248e-01 -3.491139999999999799e-01 9.370779999999999665e-01 -2.219000000000000052e-03 -9.370800000000000241e-01 -3.491119999999999779e-01 1.007000000000000083e-03
1.700000000000000000e+01 6.300000000000000000e+01 5.400000000000000000e+01 0.000000000000000000e+00 1.600000000000000089e+00 -8.399999999999999535e-05 2.556999999999999811e-03 9.999970000000000248e-01 -3.488470000000000182e-01 9.371770000000000378e-01 -2.426000000000000205e-03 -9.371800000000000130e-01 -3.488459999999999894e-01 8.130000000000000291e-04
2.200000000000000000e+01 6.300000000000000000e+01 5.400000000000000000e+01 0.000000000000000000e+00 1.600000000000000089e+00 -3.879999999999999985e-04 -4.539999999999999765e-04 1.000000000000000000e+00 -3.584260000000000224e-01 9.335579999999999989e-01 2.849999999999999886e-04 -9.335579999999999989e-01 -3.584260000000000224e-01 -5.249999999999999676e-04
2.700000000000000000e+01 6.300000000000000000e+01 5.400000000000000000e+01 0.000000000000000000e+00 1.600000000000000089e+00 1.451000000000000033e-03 -1.905000000000000009e-03 9.999970000000000248e-01 -3.547560000000000158e-01 9.349560000000000093e-01 2.295999999999999864e-03 -9.349579999999999558e-01 -3.547580000000000178e-01 6.809999999999999647e-04
3.000000000000000000e+01 2.500000000000000000e+01 5.500000000000000000e+01 0.000000000000000000e+00 1.600000000000000089e+00 -3.589999999999999984e-04 -1.649000000000000075e-03 -9.999989999999999712e-01 -1.315099999999999950e-02 -9.999120000000000230e-01 1.654000000000000088e-03 -9.999130000000000518e-01 1.315200000000000050e-02 3.370000000000000057e-04
2.000000000000000000e+01 6.800000000000000000e+01 5.700000000000000000e+01 0.000000000000000000e+00 1.600000000000000089e+00 -1.640000000000000019e-04 -8.574000000000000024e-03 -9.999630000000000463e-01 -2.456280000000000130e-01 -9.693279999999999674e-01 8.352000000000000049e-03 -9.693640000000000034e-01 2.456200000000000050e-01 -1.946999999999999946e-03
5.000000000000000000e+00 2.100000000000000000e+01 6.000000000000000000e+01 0.000000000000000000e+00 1.600000000000000089e+00 -9.000000000000000567e-05 6.340000000000000149e-03 9.999799999999999800e-01 -9.477399999999999713e-02 9.954790000000000028e-01 -6.320000000000000097e-03 -9.954990000000000228e-01 -9.477299999999999613e-02 5.119999999999999768e-04
8.000000000000000000e+00 2.100000000000000000e+01 6.000000000000000000e+01 0.000000000000000000e+00 1.600000000000000089e+00 7.410000000000000137e-04 6.027000000000000239e-03 9.999820000000000375e-01 -9.658799999999999331e-02 9.953070000000000528e-01 -5.928000000000000110e-03 -9.953239999999999865e-01 -9.658200000000000118e-02 1.319000000000000077e-03
1.200000000000000000e+01 2.100000000000000000e+01 6.000000000000000000e+01 0.000000000000000000e+00 1.600000000000000089e+00 6.899999999999999667e-05 -5.734999999999999647e-03 9.999839999999999840e-01 -9.636400000000000521e-02 9.953300000000000480e-01 5.714999999999999594e-03 -9.953459999999999530e-01 -9.636300000000000421e-02 -4.840000000000000010e-04
1.800000000000000000e+01 2.100000000000000000e+01 6.000000000000000000e+01 0.000000000000000000e+00 1.600000000000000089e+00 2.602000000000000146e-03 3.145999999999999925e-03 9.999919999999999920e-01 -9.131400000000000627e-02 9.958179999999999810e-01 -2.896000000000000137e-03 -9.958190000000000097e-01 -9.130599999999999827e-02 2.879000000000000049e-03
2.700000000000000000e+01 2.100000000000000000e+01 6.000000000000000000e+01 0.000000000000000000e+00 1.600000000000000089e+00 1.064000000000000059e-03 -3.879000000000000069e-03 9.999919999999999920e-01 -8.956500000000000572e-02 9.959729999999999972e-01 3.958999999999999846e-03 -9.959799999999999764e-01 -8.956799999999999484e-02 7.119999999999999593e-04
2.200000000000000000e+01 3.000000000000000000e+00 6.300000000000000000e+01 0.000000000000000000e+00 1.600000000000000089e+00 1.327999999999999970e-03 -2.416999999999999878e-03 9.999959999999999960e-01 -6.147359999999999491e-01 7.887290000000000134e-01 2.722000000000000027e-03 -7.887319999999999887e-01 -6.147369999999999779e-01 -4.380000000000000213e-04
3.000000000000000000e+00 2.700000000000000000e+01 6.300000000000000000e+01 0.000000000000000000e+00 1.600000000000000089e+00 -4.090000000000000211e-04 -3.651000000000000165e-03 9.999930000000000208e-01 -2.654799999999999938e-01 9.641100000000000225e-01 3.412000000000000102e-03 -9.641159999999999730e-01 -2.654770000000000185e-01 -1.363999999999999978e-03
1.000000000000000000e+01 2.700000000000000000e+01 6.300000000000000000e+01 0.000000000000000000e+00 1.600000000000000089e+00 7.879999999999999635e-04 4.558000000000000419e-03 9.999890000000000168e-01 -2.666000000000000036e-01 9.637980000000000436e-01 -4.183000000000000086e-03 -9.638069999999999693e-01 -2.665939999999999976e-01 1.975000000000000193e-03
1.800000000000000000e+01 2.700000000000000000e+01 6.300000000000000000e+01 0.000000000000000000e+00 1.600000000000000089e+00 -7.200000000000000182e-05 4.529000000000000040e-03 9.999900000000000455e-01 -2.696379999999999888e-01 9.629520000000000302e-01 -4.380000000000000213e-03 -9.629619999999999846e-01 -2.696359999999999868e-01 1.152000000000000029e-03
2.300000000000000000e+01 2.700000000000000000e+01 6.300000000000000000e+01 0.000000000000000000e+00 1.600000000000000089e+00 2.598000000000000049e-03 6.732000000000000137e-03 9.999740000000000295e-01 -2.753340000000000232e-01 9.613310000000000466e-01 -5.756999999999999965e-03 -9.613450000000000051e-01 -2.753120000000000012e-01 4.350999999999999833e-03
2.900000000000000000e+01 2.700000000000000000e+01 6.300000000000000000e+01 0.000000000000000000e+00 1.600000000000000089e+00 2.106999999999999932e-03 -1.745000000000000023e-03 9.999959999999999960e-01 -2.786910000000000220e-01 9.603779999999999539e-01 2.262999999999999821e-03 -9.603789999999999827e-01 -2.786950000000000260e-01 1.536999999999999955e-03
1.000000000000000000e+00 4.400000000000000000e+01 6.300000000000000000e+01 0.000000000000000000e+00 1.600000000000000089e+00 3.718199999999999977e-02 -1.477449999999999875e-01 -9.883260000000000378e-01 -7.601919999999999789e-01 -6.461320000000000396e-01 6.799099999999999588e-02 -6.486340000000000439e-01 7.487890000000000379e-01 -1.363389999999999880e-01
1.000000000000000000e+01 2.600000000000000000e+01 6.400000000000000000e+01 0.000000000000000000e+00 1.600000000000000089e+00 5.789999999999999791e-04 3.758000000000000056e-03 9.999930000000000208e-01 -3.478890000000000038e-01 9.375299999999999745e-01 -3.321999999999999866e-03 -9.375350000000000072e-01 -3.478849999999999998e-01 1.850000000000000082e-03
1.400000000000000000e+01 2.600000000000000000e+01 6.400000000000000000e+01 0.000000000000000000e+00 1.600000000000000089e+00 2.359999999999999902e-04 5.317999999999999811e-03 9.999860000000000415e-01 -3.470799999999999996e-01 9.378229999999999622e-01 -4.905999999999999771e-03 -9.378360000000000030e-01 -3.470739999999999936e-01 2.066999999999999827e-03
2.100000000000000000e+01 2.600000000000000000e+01 6.400000000000000000e+01 0.000000000000000000e+00 1.600000000000000089e+00 2.350999999999999791e-03 3.956999999999999580e-03 9.999890000000000168e-01 -3.513390000000000124e-01 9.362439999999999651e-01 -2.879000000000000049e-03 -9.362449999999999939e-01 -3.513290000000000024e-01 3.592000000000000141e-03
