9.000000000000000000e+00 2.500000000000000000e+01 1.000000000000000000e+00 0.000000000000000000e+00 1.600000000000000089e+00 5.599999999999999916e-05 -7.919000000000000691e-03 -9.999689999999999968e-01 -5.280319999999999458e-01 -8.491980000000000084e-01 6.695999999999999695e-03 -8.492239999999999789e-01 5.280150000000000121e-01 -4.229000000000000120e-03
7.000000000000000000e+00 1.500000000000000000e+01 4.000000000000000000e+00 0.000000000000000000e+00 1.600000000000000089e+00 -2.207000000000000194e-03 -7.559999999999999880e-03 9.999689999999999968e-01 3.107349999999999834e-01 -9.504740000000000411e-01 -6.499999999999999702e-03 9.504939999999999500e-01 3.107110000000000150e-01 4.447000000000000432e-03
1.200000000000000000e+01 1.500000000000000000e+01 4.000000000000000000e+00 0.000000000000000000e+00 1.600000000000000089e+00 1.679999999999999907e-04 -4.232999999999999784e-03 9.999909999999999632e-01 3.137469999999999981e-01 -9.494979999999999531e-01 -4.072000000000000099e-03 9.495059999999999611e-01 3.137449999999999961e-01 1.167999999999999984e-03
1.800000000000000000e+01 1.500000000000000000e+01 4.000000000000000000e+00 0.000000000000000000e+00 1.600000000000000089e+00 -4.255000000000000102e-03 -6.019999999999999961e-04 9.999909999999999632e-01 3.154939999999999967e-01 -9.489269999999999650e-01 7.709999999999999840e-04 9.489180000000000392e-01 3.154939999999999967e-01 4.227999999999999987e-03
2.500000000000000000e+01 1.500000000000000000e+01 4.000000000000000000e+00 0.000000000000000000e+00 1.600000000000000089e+00 -2.232000000000000043e-03 1.136000000000000074e-03 9.999970000000000248e-01 3.136889999999999956e-01 -9.495240000000000347e-01 1.778999999999999982e-03 9.495230000000000059e-01 3.136920000000000264e-01 1.763000000000000027e-03
3.000000000000000000e+01 1.500000000000000000e+01 4.000000000000000000e+00 0.000000000000000000e+00 1.600000000000000089e+00 -4.216000000000000129e-03 4.400000000000000265e-03 9.999810000000000088e-01 3.139000000000000123e-01 -9.494399999999999507e-01 5.500999999999999814e-03 9.494470000000000409e-01 3.139170000000000016e-01 2.622000000000000199e-03
6.000000000000000000e+00 2.500000000000000000e+01 8.000000000000000000e+00 0.000000000000000000e+00 1.600000000000000089e+00 -8.170000000000000179e-04 6.864999999999999575e-03 -9.999759999999999760e-01 4.447829999999999839e-01 8.956199999999999717e-01 5.785000000000000211e-03 8.956380000000000452e-01 -4.447670000000000234e-01 -3.785000000000000170e-03
1.200000000000000000e+01 2.500000000000000000e+01 8.000000000000000000e+00 0.000000000000000000e+00 1.600000000000000089e+00 1.598999999999999944e-03 5.440999999999999656e-03 -9.999839999999999840e-01 4.463429999999999898e-01 8.948450000000000015e-01 5.582000000000000156e-03 8.948610000000000175e-01 -4.463449999999999918e-01 -9.979999999999999722e-04
1.900000000000000000e+01 2.500000000000000000e+01 8.000000000000000000e+00 0.000000000000000000e+00 1.600000000000000089e+00 1.090000000000000067e-04 -4.879999999999999898e-04 -1.000000000000000000e+00 4.443320000000000047e-01 8.958620000000000472e-01 -3.879999999999999985e-04 8.958620000000000472e-01 -4.443320000000000047e-01 3.150000000000000131e-04
2.700000000000000000e+01 2.500000000000000000e+01 8.000000000000000000e+00 0.000000000000000000e+00 1.600000000000000089e+00 -2.360999999999999818e-03 -4.821999999999999897e-03 -9.999860000000000415e-01 4.450959999999999916e-01 8.954670000000000130e-01 -5.368999999999999641e-03 8.954800000000000537e-01 -4.451030000000000264e-01 3.199999999999999855e-05
3.000000000000000000e+01 2.500000000000000000e+01 8.000000000000000000e+00 0.000000000000000000e+00 1.600000000000000089e+00 -1.678999999999999937e-03 -6.944999999999999785e-03 -9.999740000000000295e-01 4.447760000000000047e-01 8.956150000000000500e-01 -6.967000000000000103e-03 8.956399999999999917e-01 -4.447760000000000047e-01 1.585999999999999953e-03
6.000000000000000000e+00 2.400000000000000000e+01 9.000000000000000000e+00 0.000000000000000000e+00 1.600000000000000089e+00 -1.162000000000000055e-03 7.395999999999999797e-03 -9.999719999999999720e-01 4.488280000000000047e-01 8.935969999999999747e-01 6.087999999999999662e-03 8.936169999999999947e-01 -4.488090000000000135e-01 -4.356999999999999762e-03
1.200000000000000000e+01 2.400000000000000000e+01 9.000000000000000000e+00 0.000000000000000000e+00 1.600000000000000089e+00 1.111000000000000008e-03 4.355999999999999629e-03 -9.999900000000000455e-01 4.509920000000000040e-01 8.925170000000000048e-01 4.388999999999999672e-03 8.925269999999999593e-01 -4.509929999999999772e-01 -9.730000000000000151e-04
2.000000000000000000e+01 2.400000000000000000e+01 9.000000000000000000e+00 0.000000000000000000e+00 1.600000000000000089e+00 -6.629999999999999609e-04 -4.403999999999999929e-03 -9.999900000000000455e-01 4.506310000000000038e-01 8.927000000000000490e-01 -4.230000000000000253e-03 8.927100000000000035e-01 -4.506299999999999750e-01 1.392999999999999924e-03
2.900000000000000000e+01 2.400000000000000000e+01 9.000000000000000000e+00 0.000000000000000000e+00 1.600000000000000089e+00 -1.283000000000000069e-03 -5.904999999999999659e-03 -9.999820000000000375e-01 4.502760000000000096e-01 8.928700000000000525e-01 -5.850000000000000165e-03 8.928880000000000150e-01 -4.502760000000000096e-01 1.513000000000000022e-03
1.200000000000000000e+01 5.000000000000000000e+00 1.200000000000000000e+01 0.000000000000000000e+00 1.600000000000000089e+00 1.290499999999999980e-02 -1.192140000000000005e-01 9.927850000000000286e-01 -2.325889999999999902e-01 9.652760000000000229e-01 1.189339999999999981e-01 -9.724890000000000478e-01 -2.324460000000000137e-01 -1.527099999999999985e-02
2.000000000000000000e+00 3.100000000000000000e+01 1.200000000000000000e+01 0.000000000000000000e+00 1.600000000000000089e+00 -2.563000000000000174e-03 4.242000000000000111e-03 9.999879999999999880e-01 6.484000000000000180e-03 9.999700000000000255e-01 -4.224999999999999589e-03 -9.999759999999999760e-01 6.472999999999999587e-03 -2.589999999999999854e-03
7.000000000000000000e+00 3.100000000000000000e+01 1.200000000000000000e+01 0.000000000000000000e+00 1.600000000000000089e+00 2.305999999999999890e-03 -7.910000000000000364e-03 9.999660000000000215e-01 4.579999999999999870e-03 9.999580000000000135e-01 7.900000000000000772e-03 -9.999869999999999592e-01 4.562000000000000083e-03 2.341999999999999898e-03
1.300000000000000000e+01 3.100000000000000000e+01 1.200000000000000000e+01 0.000000000000000000e+00 1.600000000000000089e+00 7.010000000000000172e-04 7.299999999999999903e-05 1.000000000000000000e+00 8.570000000000000144e-04 1.000000000000000000e+00 -7.299999999999999903e-05 -9.999989999999999712e-01 8.570000000000000144e-04 7.010000000000000172e-04
2.100000000000000000e+01 3.100000000000000000e+01 1.200000000000000000e+01 0.000000000000000000e+00 1.600000000000000089e+00 -1.224000000000000045e-03 -1.342000000000000094e-03 9.999980000000000535e-01 2.509999999999999753e-04 9.999989999999999712e-01 1.342000000000000094e-03 -9.999989999999999712e-01 2.519999999999999996e-04 -1.224000000000000045e-03
1.600000000000000000e+01 3.200000000000000000e+01 1.400000000000000000e+01 0.000000000000000000e+00 1.600000000000000089e+00 1.216999999999999983e-03 2.072000000000000057e-03 -9.999970000000000248e-01 1.033560000000000034e-01 9.946420000000000261e-01 2.187000000000000142e-03 9.946439999999999726e-01 -1.033590000000000064e-01 9.959999999999999236e-04
2.500000000000000000e+01 3.200000000000000000e+01 1.400000000000000000e+01 0.000000000000000000e+00 1.600000000000000089e+00 -1.575000000000000011e-03 -8.425000000000000197e-03 -9.999630000000000463e-01 1.038860000000000061e-01 9.945519999999999916e-01 -8.543999999999999512e-03 9.945880000000000276e-01 -1.038960000000000022e-01 -6.909999999999999910e-04
1.000000000000000000e+00 1.200000000000000000e+01 1.500000000000000000e+01 0.000000000000000000e+00 1.600000000000000089e+00 -9.499999999999999981e-04 4.229000000000000120e-03 -9.999909999999999632e-01 -4.684079999999999910e-01 -8.835060000000000136e-01 -3.291000000000000088e-03 -8.835119999999999640e-01 4.683999999999999830e-01 2.820000000000000024e-03
4.000000000000000000e+00 1.200000000000000000e+01 1.500000000000000000e+01 0.000000000000000000e+00 1.600000000000000089e+00 6.570000000000000319e-04 6.267000000000000001e-03 -9.999799999999999800e-01 -4.680150000000000143e-01 -8.837009999999999588e-01 -5.845999999999999634e-03 -8.837199999999999500e-01 4.680090000000000083e-01 2.353000000000000057e-03
1.000000000000000000e+01 1.200000000000000000e+01 1.500000000000000000e+01 0.000000000000000000e+00 1.600000000000000089e+00 8.909999999999999734e-04 1.845999999999999985e-03 -9.999980000000000535e-01 -4.726079999999999726e-01 -8.812699999999999978e-01 -2.047999999999999907e-03 -8.812720000000000553e-01 4.726090000000000013e-01 8.700000000000000051e-05
1.700000000000000000e+01 1.200000000000000000e+01 1.500000000000000000e+01 0.000000000000000000e+00 1.600000000000000089e+00 1.860000000000000108e-03 3.717999999999999951e-03 -9.999909999999999632e-01 -4.695889999999999787e-01 -8.828749999999999654e-01 -4.157000000000000105e-03 -8.828829999999999734e-01 4.695929999999999827e-01 1.039999999999999936e-04
2.300000000000000000e+01 1.200000000000000000e+01 1.500000000000000000e+01 0.000000000000000000e+00 1.600000000000000089e+00 8.419999999999999750e-04 4.353000000000000098e-03 -9.999900000000000455e-01 -4.696560000000000179e-01 -8.828399999999999581e-01 -4.238999999999999713e-03 -8.828489999999999949e-01 4.696549999999999891e-01 1.301000000000000073e-03
2.600000000000000000e+01 1.200000000000000000e+01 1.500000000000000000e+01 0.000000000000000000e+00 1.600000000000000089e+00 -1.266999999999999897e-03 7.453999999999999689e-03 -9.999710000000000543e-01 -4.656870000000000176e-01 -8.849289999999999656e-01 -6.007000000000000187e-03 -8.849489999999999856e-01 4.656660000000000244e-01 4.592999999999999861e-03
1.700000000000000000e+01 1.160000000000000000e+02 1.600000000000000000e+01 0.000000000000000000e+00 1.600000000000000089e+00 -2.722000000000000027e-03 -1.961000000000000069e-03 9.999940000000000495e-01 8.063470000000000359e-01 5.914329999999999865e-01 3.354999999999999909e-03 -5.914359999999999618e-01 8.063519999999999577e-01 -2.799999999999999958e-05
2.400000000000000000e+01 1.160000000000000000e+02 1.600000000000000000e+01 0.000000000000000000e+00 1.600000000000000089e+00 -1.600000000000000131e-04 2.840000000000000185e-04 1.000000000000000000e+00 7.430799999999999628e-01 6.692029999999999923e-01 -7.100000000000000462e-05 -6.692029999999999923e-01 7.430799999999999628e-01 -3.179999999999999776e-04
2.900000000000000000e+01 1.160000000000000000e+02 1.600000000000000000e+01 0.000000000000000000e+00 1.600000000000000089e+00 -1.712999999999999896e-03 1.825000000000000016e-03 9.999970000000000248e-01 7.483640000000000292e-01 6.632879999999999887e-01 7.100000000000000462e-05 -6.632860000000000422e-01 7.483619999999999717e-01 -2.501999999999999884e-03
1.000000000000000000e+00 2.000000000000000000e+00 1.900000000000000000e+01 0.000000000000000000e+00 1.600000000000000089e+00 -2.663000000000000003e-03 6.184000000000000261e-03 -9.999770000000000048e-01 2.166569999999999885e-01 -9.762250000000000094e-01 -6.614000000000000087e-03 -9.762440000000000007e-01 -2.166700000000000015e-01 1.260000000000000052e-03
1.000000000000000000e+01 2.000000000000000000e+00 1.900000000000000000e+01 0.000000000000000000e+00 1.600000000000000089e+00 -8.479000000000000425e-03 4.372000000000000018e-03 -9.999540000000000095e-01 2.186220000000000108e-01 -9.757900000000000462e-01 -6.119999999999999572e-03 -9.757730000000000015e-01 -2.186639999999999973e-01 7.317999999999999852e-03
1.600000000000000000e+01 2.000000000000000000e+00 1.900000000000000000e+01 0.000000000000000000e+00 1.600000000000000089e+00 -1.218299999999999939e-02 1.034400000000000076e-02 -9.998719999999999830e-01 2.356689999999999896e-01 -9.717470000000000274e-01 -1.292500000000000072e-02 -9.717569999999999819e-01 -2.357960000000000056e-01 9.400999999999999635e-03
2.000000000000000000e+01 2.000000000000000000e+00 1.900000000000000000e+01 0.000000000000000000e+00 1.600000000000000089e+00 -5.794999999999999804e-03 2.589100000000000082e-02 -9.996479999999999810e-01 2.404169999999999918e-01 -9.703070000000000306e-01 -2.652499999999999997e-02 -9.706519999999999593e-01 -2.404860000000000053e-01 -6.019999999999999961e-04
2.900000000000000000e+01 2.000000000000000000e+00 1.900000000000000000e+01 0.000000000000000000e+00 1.600000000000000089e+00 2.237300000000000053e-02 4.587200000000000305e-02 -9.986969999999999459e-01 2.244430000000000036e-01 -9.736780000000000435e-01 -3.969400000000000012e-02 -9.742300000000000404e-01 -2.232619999999999882e-01 -3.207999999999999741e-02
5.000000000000000000e+00 4.000000000000000000e+00 2.000000000000000000e+01 0.000000000000000000e+00 1.600000000000000089e+00 1.467999999999999904e-03 -2.707999999999999904e-03 -9.999949999999999672e-01 3.377669999999999839e-01 -9.412249999999999783e-01 3.043999999999999831e-03 -9.412289999999999823e-01 -3.377700000000000147e-01 -4.670000000000000214e-04
8.000000000000000000e+00 1.300000000000000000e+01 2.000000000000000000e+01 0.000000000000000000e+00 1.600000000000000089e+00 -1.531000000000000026e-03 -1.802999999999999915e-03 9.999970000000000248e-01 2.634690000000000087e-01 9.646649999999999947e-01 2.142999999999999940e-03 -9.646670000000000522e-01 2.634719999999999840e-01 -1.002000000000000069e-03
1.400000000000000000e+01 1.300000000000000000e+01 2.000000000000000000e+01 0.000000000000000000e+00 1.600000000000000089e+00 1.814999999999999990e-03 -1.770000000000000089e-03 9.999970000000000248e-01 2.640839999999999854e-01 9.644989999999999952e-01 1.227000000000000009e-03 -9.644979999999999665e-01 2.640810000000000102e-01 2.217999999999999920e-03
2.000000000000000000e+01 1.300000000000000000e+01 2.000000000000000000e+01 0.000000000000000000e+00 1.600000000000000089e+00 -8.180000000000000422e-04 -3.158999999999999916e-03 9.999949999999999672e-01 2.659210000000000185e-01 9.639889999999999848e-01 3.262999999999999842e-03 -9.639940000000000175e-01 2.659230000000000205e-01 5.099999999999999960e-05
2.900000000000000000e+01 1.300000000000000000e+01 2.000000000000000000e+01 0.000000000000000000e+00 1.600000000000000089e+00 -1.420000000000000038e-03 3.396000000000000147e-03 9.999930000000000208e-01 2.646859999999999769e-01 9.643300000000000205e-01 -2.899000000000000101e-03 -9.643340000000000245e-01 2.646800000000000264e-01 -2.268000000000000051e-03
2.000000000000000000e+00 3.000000000000000000e+00 2.500000000000000000e+01 0.000000000000000000e+00 1.600000000000000089e+00 1.260999999999999968e-03 -1.311000000000000099e-03 9.999980000000000535e-01 -2.025800000000000170e-02 -9.997939999999999605e-01 -1.284999999999999901e-03 9.997939999999999605e-01 -2.025700000000000070e-02 -1.286999999999999950e-03
1.000000000000000000e+01 3.000000000000000000e+00 2.500000000000000000e+01 0.000000000000000000e+00 1.600000000000000089e+00 -2.765999999999999796e-03 -3.817000000000000080e-03 9.999890000000000168e-01 -2.226799999999999960e-02 -9.997449999999999948e-01 -3.877999999999999937e-03 9.997479999999999700e-01 -2.227900000000000019e-02 2.680000000000000090e-03
1.600000000000000000e+01 3.000000000000000000e+00 2.500000000000000000e+01 0.000000000000000000e+00 1.600000000000000089e+00 -2.811000000000000131e-03 3.495999999999999976e-03 9.999900000000000455e-01 -1.741499999999999992e-02 -9.998420000000000085e-01 3.446999999999999977e-03 9.998439999999999550e-01 -1.740500000000000033e-02 2.870999999999999854e-03
2.000000000000000000e+01 3.000000000000000000e+00 2.500000000000000000e+01 0.000000000000000000e+00 1.600000000000000089e+00 2.750999999999999973e-03 8.869000000000000147e-03 9.999569999999999848e-01 -2.018199999999999855e-02 -9.997570000000000068e-01 8.921999999999999376e-03 9.997930000000000428e-01 -2.020500000000000074e-02 -2.572000000000000067e-03
9.000000000000000000e+00 4.600000000000000000e+01 2.700000000000000000e+01 0.000000000000000000e+00 1.600000000000000089e+00 -3.080999999999999971e-03 1.167999999999999984e-03 -9.999949999999999672e-01 6.668530000000000291e-01 7.451879999999999615e-01 -1.183999999999999940e-03 7.451830000000000398e-01 -6.668530000000000291e-01 -3.075000000000000042e-03
1.900000000000000000e+01 4.600000000000000000e+01 2.700000000000000000e+01 0.000000000000000000e+00 1.600000000000000089e+00 1.262000000000000101e-03 6.009999999999999717e-04 -9.999989999999999712e-01 6.718039999999999567e-01 7.407280000000000530e-01 1.293000000000000095e-03 7.407280000000000530e-01 -6.718049999999999855e-01 5.310000000000000050e-04
3.000000000000000000e+00 4.600000000000000000e+01 3.000000000000000000e+01 0.000000000000000000e+00 1.600000000000000089e+00 8.899999999999999491e-05 4.650000000000000270e-04 -1.000000000000000000e+00 3.140069999999999806e-01 9.494209999999999594e-01 4.690000000000000158e-04 9.494209999999999594e-01 -3.140069999999999806e-01 -6.099999999999999872e-05
8.000000000000000000e+00 4.600000000000000000e+01 3.000000000000000000e+01 0.000000000000000000e+00 1.600000000000000089e+00 -3.029000000000000008e-03 -1.147000000000000016e-03 -9.999949999999999672e-01 3.162900000000000156e-01 9.486599999999999477e-01 -2.046000000000000076e-03 9.486580000000000013e-01 -3.162940000000000196e-01 -2.510000000000000078e-03
1.200000000000000000e+01 4.600000000000000000e+01 3.000000000000000000e+01 0.000000000000000000e+00 1.600000000000000089e+00 -2.158999999999999895e-03 3.589999999999999984e-04 -9.999980000000000535e-01 3.160290000000000044e-01 9.487489999999999535e-01 -3.409999999999999945e-04 9.487470000000000070e-01 -3.160290000000000044e-01 -2.161999999999999859e-03
7.000000000000000000e+00 5.800000000000000000e+01 3.100000000000000000e+01 0.000000000000000000e+00 1.600000000000000089e+00 -4.589999999999999896e-04 3.299999999999999982e-04 1.000000000000000000e+00 -7.896549999999999958e-01 -6.135509999999999575e-01 -1.600000000000000131e-04 6.135509999999999575e-01 -7.896549999999999958e-01 5.419999999999999471e-04
1.200000000000000000e+01 5.800000000000000000e+01 3.100000000000000000e+01 0.000000000000000000e+00 1.600000000000000089e+00 1.448999999999999984e-03 1.794999999999999938e-03 9.999970000000000248e-01 -7.897420000000000551e-01 -6.134349999999999525e-01 2.245000000000000034e-03 6.134370000000000100e-01 -7.897429999999999728e-01 5.289999999999999564e-04
1.800000000000000000e+01 5.800000000000000000e+01 3.100000000000000000e+01 0.000000000000000000e+00 1.600000000000000089e+00 1.428000000000000016e-03 4.226999999999999855e-03 9.999900000000000455e-01 -7.872810000000000086e-01 -6.165829999999999922e-01 3.730999999999999941e-03 6.165920000000000289e-01 -7.872789999999999511e-01 2.446999999999999956e-03
2.400000000000000000e+01 5.800000000000000000e+01 3.100000000000000000e+01 0.000000000000000000e+00 1.600000000000000089e+00 1.769999999999999926e-04 -8.499999999999999526e-04 1.000000000000000000e+00 -7.831489999999999840e-01 -6.218339999999999979e-01 -3.899999999999999929e-04 6.218339999999999979e-01 -7.831489999999999840e-01 -7.759999999999999971e-04
5.000000000000000000e+00 4.600000000000000000e+01 3.500000000000000000e+01 0.000000000000000000e+00 1.600000000000000089e+00 -1.494000000000000102e-03 -4.899999999999999842e-04 -9.999989999999999712e-01 3.899969999999999826e-01 -9.208159999999999679e-01 -1.320000000000000101e-04 -9.208150000000000501e-01 -3.899960000000000093e-01 1.567000000000000033e-03
7.000000000000000000e+00 4.600000000000000000e+01 3.500000000000000000e+01 0.000000000000000000e+00 1.600000000000000089e+00 -1.368999999999999991e-03 2.507000000000000114e-03 -9.999959999999999960e-01 3.899449999999999861e-01 -9.208340000000000414e-01 -2.841999999999999908e-03 -9.208370000000000166e-01 -3.899469999999999881e-01 2.829999999999999942e-04
1.700000000000000000e+01 4.600000000000000000e+01 3.500000000000000000e+01 0.000000000000000000e+00 1.600000000000000089e+00 -3.770000000000000022e-04 2.255000000000000060e-03 -9.999970000000000248e-01 3.907880000000000242e-01 -9.204780000000000184e-01 -2.223000000000000149e-03 -9.204809999999999937e-01 -3.907869999999999955e-01 -5.339999999999999695e-04
2.000000000000000000e+01 4.600000000000000000e+01 3.500000000000000000e+01 0.000000000000000000e+00 1.600000000000000089e+00 -4.459999999999999989e-04 -1.472999999999999917e-03 -9.999989999999999712e-01 3.908300000000000107e-01 -9.204620000000000024e-01 1.182000000000000108e-03 -9.204630000000000312e-01 -3.908289999999999820e-01 9.859999999999998974e-04
2.500000000000000000e+01 4.600000000000000000e+01 3.500000000000000000e+01 0.000000000000000000e+00 1.600000000000000089e+00 6.130000000000000466e-04 9.730000000000000151e-04 -9.999989999999999712e-01 3.910509999999999819e-01 -9.203689999999999927e-01 -6.560000000000000076e-04 -9.203689999999999927e-01 -3.910500000000000087e-01 -9.449999999999999850e-04
2.800000000000000000e+01 4.600000000000000000e+01 3.500000000000000000e+01 0.000000000000000000e+00 1.600000000000000089e+00 -1.510000000000000112e-04 4.821999999999999897e-03 -9.999879999999999880e-01 3.905699999999999728e-01 -9.205619999999999914e-01 -4.498000000000000262e-03 -9.205729999999999746e-01 -3.905660000000000243e-01 -1.744000000000000107e-03
4.000000000000000000e+00 3.000000000000000000e+00 4.300000000000000000e+01 0.000000000000000000e+00 1.600000000000000089e+00 -6.229000000000000162e-03 -8.940999999999999295e-03 -9.999409999999999688e-01 7.374460000000000459e-01 -6.754050000000000331e-01 1.446000000000000020e-03 -6.753780000000000339e-01 -7.373929999999999652e-01 1.080099999999999984e-02
1.800000000000000000e+01 3.000000000000000000e+00 4.300000000000000000e+01 0.000000000000000000e+00 1.600000000000000089e+00 -1.210000000000000002e-04 -9.742000000000000659e-03 -9.999529999999999808e-01 7.408460000000000045e-01 -6.716440000000000188e-01 6.453999999999999668e-03 -6.716750000000000220e-01 -7.408099999999999685e-01 7.297999999999999800e-03
2.400000000000000000e+01 3.000000000000000000e+00 4.300000000000000000e+01 0.000000000000000000e+00 1.600000000000000089e+00 -1.080399999999999937e-02 -2.790199999999999972e-02 -9.995519999999999960e-01 7.362400000000000055e-01 -6.766320000000000112e-01 1.093000000000000048e-02 -6.766339999999999577e-01 -7.357920000000000016e-01 2.785299999999999929e-02
2.800000000000000000e+01 3.000000000000000000e+00 4.300000000000000000e+01 0.000000000000000000e+00 1.600000000000000089e+00 8.270000000000000441e-04 -3.855599999999999999e-02 -9.992560000000000331e-01 7.332959999999999479e-01 -6.793799999999999839e-01 2.682100000000000109e-02 -6.799089999999999856e-01 -7.327730000000000077e-01 2.771099999999999952e-02
5.000000000000000000e+00 8.000000000000000000e+00 4.400000000000000000e+01 0.000000000000000000e+00 1.600000000000000089e+00 8.530000000000000256e-04 -4.357999999999999895e-03 9.999900000000000455e-01 -7.837870000000000115e-01 -6.210259999999999669e-01 -2.037999999999999881e-03 6.210290000000000532e-01 -7.837779999999999747e-01 -3.944999999999999722e-03
6.000000000000000000e+00 2.900000000000000000e+01 4.400000000000000000e+01 0.000000000000000000e+00 1.600000000000000089e+00 6.200000000000000270e-05 6.660000000000000338e-04 -1.000000000000000000e+00 6.630099999999999882e-01 7.486110000000000264e-01 5.400000000000000069e-04 7.486110000000000264e-01 -6.630099999999999882e-01 -3.959999999999999762e-04
1.100000000000000000e+01 2.900000000000000000e+01 4.400000000000000000e+01 0.000000000000000000e+00 1.600000000000000089e+00 1.010000000000000047e-03 -3.809999999999999910e-04 -9.999989999999999712e-01 6.581839999999999913e-01 7.528569999999999984e-01 3.780000000000000265e-04 7.528559999999999697e-01 -6.581839999999999913e-01 1.012000000000000096e-03
1.600000000000000000e+01 2.900000000000000000e+01 4.400000000000000000e+01 0.000000000000000000e+00 1.600000000000000089e+00 6.880000000000000265e-04 -1.562999999999999936e-03 -9.999989999999999712e-01 6.513139999999999485e-01 7.588080000000000380e-01 -7.380000000000000492e-04 7.588080000000000380e-01 -6.513130000000000308e-01 1.539999999999999919e-03
2.300000000000000000e+01 2.900000000000000000e+01 4.400000000000000000e+01 0.000000000000000000e+00 1.600000000000000089e+00 -2.239999999999999966e-04 1.822999999999999968e-03 -9.999980000000000535e-01 6.481249999999999512e-01 7.615330000000000155e-01 1.242999999999999964e-03 7.615340000000000442e-01 -6.481230000000000047e-01 -1.351999999999999903e-03
1.100000000000000000e+01 6.500000000000000000e+01 4.600000000000000000e+01 0.000000000000000000e+00 1.600000000000000089e+00 -5.950000000000000427e-04 -2.150000000000000001e-03 9.999970000000000248e-01 6.807229999999999670e-01 -7.325399999999999689e-01 -1.168999999999999900e-03 7.325409999999999977e-01 6.807199999999999918e-01 1.899000000000000080e-03
2.100000000000000000e+01 6.500000000000000000e+01 4.600000000000000000e+01 0.000000000000000000e+00 1.600000000000000089e+00 8.670000000000000406e-04 -4.211000000000000333e-03 9.999909999999999632e-01 6.820349999999999469e-01 -7.313100000000000156e-01 -3.670999999999999784e-03 7.313190000000000524e-01 6.820319999999999716e-01 2.237999999999999972e-03
1.900000000000000000e+01 7.000000000000000000e+01 4.700000000000000000e+01 0.000000000000000000e+00 1.600000000000000089e+00 -5.320000000000000293e-04 5.339999999999999695e-04 -1.000000000000000000e+00 -8.428330000000000544e-01 -5.381749999999999590e-01 1.610000000000000103e-04 -5.381749999999999590e-01 8.428330000000000544e-01 7.360000000000000006e-04
9.000000000000000000e+00 5.000000000000000000e+00 5.100000000000000000e+01 0.000000000000000000e+00 1.600000000000000089e+00 2.820000000000000241e-04 -2.089999999999999844e-03 -9.999980000000000535e-01 4.787449999999999761e-01 -8.779519999999999547e-01 1.969999999999999963e-03 -8.779540000000000122e-01 -4.787449999999999761e-01 7.529999999999999801e-04
1.200000000000000000e+01 5.000000000000000000e+00 5.100000000000000000e+01 0.000000000000000000e+00 1.600000000000000089e+00 7.389999999999999651e-04 6.068999999999999742e-03 -9.999810000000000088e-01 4.794269999999999921e-01 -8.775680000000000147e-01 -4.971999999999999857e-03 -8.775810000000000555e-01 -4.794149999999999801e-01 -3.557999999999999965e-03
2.000000000000000000e+01 5.000000000000000000e+00 5.100000000000000000e+01 0.000000000000000000e+00 1.600000000000000089e+00 7.010000000000000172e-04 -3.183000000000000065e-03 -9.999949999999999672e-01 4.724249999999999838e-01 -8.813649999999999540e-01 3.135999999999999899e-03 -8.813710000000000155e-01 -4.724249999999999838e-01 8.859999999999999603e-04
2.600000000000000000e+01 5.000000000000000000e+00 5.100000000000000000e+01 0.000000000000000000e+00 1.600000000000000089e+00 -5.772000000000000221e-03 -1.403399999999999960e-02 -9.998850000000000238e-01 4.827119999999999744e-01 -8.757270000000000332e-01 9.504999999999999560e-03 -8.757599999999999829e-01 -4.826019999999999754e-01 1.182899999999999924e-02
4.000000000000000000e+00 1.150000000000000000e+02 5.100000000000000000e+01 0.000000000000000000e+00 1.600000000000000089e+00 1.443999999999999971e-03 2.129999999999999949e-03 9.999970000000000248e-01 8.449569999999999581e-01 -5.348349999999999493e-01 -8.100000000000000375e-05 5.348330000000000028e-01 8.449539999999999829e-01 -2.572000000000000067e-03
1.200000000000000000e+01 7.000000000000000000e+00 5.200000000000000000e+01 0.000000000000000000e+00 1.600000000000000089e+00 1.018000000000000025e-03 1.941000000000000017e-03 -9.999980000000000535e-01 1.179499999999999993e-01 -9.930179999999999563e-01 -1.807000000000000012e-03 -9.930189999999999850e-01 -1.179479999999999973e-01 -1.240000000000000000e-03
1.700000000000000000e+01 7.000000000000000000e+00 5.200000000000000000e+01 0.000000000000000000e+00 1.600000000000000089e+00 -6.080000000000000335e-04 3.000000000000000076e-05 -1.000000000000000000e+00 9.956199999999999772e-02 -9.950309999999999988e-01 -9.000000000000000567e-05 -9.950309999999999988e-01 -9.956199999999999772e-02 6.019999999999999961e-04
4.000000000000000000e+00 6.300000000000000000e+01 5.400000000000000000e+01 0.000000000000000000e+00 1.600000000000000089e+00 1.366000000000000027e-03 5.469999999999999602e-04 9.999989999999999712e-01 -3.527489999999999792e-01 9.357180000000000497e-01 -3.000000000000000076e-05 -9.357170000000000210e-01 -3.527489999999999792e-01 1.471000000000000085e-03
9.000000000000000000e+00 6.300000000000000000e+01 5.400000000000000000e+01 0.000000000000000000e+00 1.600000000000000089e+00 -8.790000000000000070e-04 -5.940000000000000184e-04 9.999989999999999712e-01 -3.450949999999999851e-01 9.385679999999999579e-01 2.539999999999999940e-04 -9.385679999999999579e-01 -3.450940000000000119e-01 -1.030000000000000100e-03
1.300000000000000000e+01 6.300000000000000000e+01 5.400000000000000000e+01 0.000000000000000000e+00 1.600000000000000089e+00 -1.103999999999999947e-03 2.900000000000000017e-04 9.999989999999999712e-01 -3.418829999999999925e-01 9.397419999999999662e-01 -6.499999999999999702e-04 -9.397419999999999662e-01 -3.418840000000000212e-01 -9.389999999999999476e-04
2.300000000000000000e+01 6.300000000000000000e+01 5.400000000000000000e+01 0.000000000000000000e+00 1.600000000000000089e+00 1.430999999999999980e-03 2.501000000000000185e-03 9.999959999999999960e-01 -3.310290000000000177e-01 9.436189999999999856e-01 -1.886000000000000090e-03 -9.436200000000000143e-01 -3.310250000000000137e-01 2.177999999999999815e-03
2.900000000000000000e+01 6.300000000000000000e+01 5.400000000000000000e+01 0.000000000000000000e+00 1.600000000000000089e+00 -1.402999999999999950e-03 3.618000000000000122e-03 9.999919999999999920e-01 -3.354199999999999959e-01 9.420610000000000372e-01 -3.879000000000000069e-03 -9.420680000000000165e-01 -3.354230000000000267e-01 -1.079999999999999960e-04
8.000000000000000000e+00 2.500000000000000000e+01 5.500000000000000000e+01 0.000000000000000000e+00 1.600000000000000089e+00 -9.940000000000000918e-04 -2.887999999999999942e-03 -9.999949999999999672e-01 -1.151399999999999993e-02 -9.999289999999999567e-01 2.899000000000000101e-03 -9.999329999999999607e-01 1.151699999999999946e-02 9.600000000000000243e-04
1.600000000000000000e+01 2.500000000000000000e+01 5.500000000000000000e+01 0.000000000000000000e+00 1.600000000000000089e+00 1.814999999999999990e-03 8.614000000000000129e-03 -9.999609999999999888e-01 -1.111799999999999941e-02 -9.999010000000000398e-01 -8.633000000000000049e-03 -9.999369999999999647e-01 1.113300000000000053e-02 -1.719999999999999958e-03
2.700000000000000000e+01 2.500000000000000000e+01 5.500000000000000000e+01 0.000000000000000000e+00 1.600000000000000089e+00 -1.211000000000000054e-03 -1.869999999999999917e-03 -9.999980000000000535e-01 -9.313999999999999363e-03 -9.999550000000000383e-01 1.881000000000000076e-03 -9.999559999999999560e-01 9.315999999999999628e-03 1.193000000000000050e-03
1.400000000000000000e+01 2.100000000000000000e+01 6.000000000000000000e+01 0.000000000000000000e+00 1.600000000000000089e+00 2.232000000000000043e-03 -1.621799999999999978e-02 9.998660000000000325e-01 -9.389400000000000523e-02 9.954479999999999995e-01 1.635599999999999901e-02 -9.955800000000000205e-01 -9.391800000000000148e-02 6.999999999999999929e-04
1.800000000000000000e+01 2.100000000000000000e+01 6.000000000000000000e+01 0.000000000000000000e+00 1.600000000000000089e+00 -2.530000000000000239e-04 -9.039999999999999425e-03 9.999590000000000423e-01 -9.060899999999999510e-02 9.958460000000000090e-01 8.978999999999999135e-03 -9.958869999999999667e-01 -9.060300000000000298e-02 -1.072000000000000036e-03
2.200000000000000000e+01 2.100000000000000000e+01 6.000000000000000000e+01 0.000000000000000000e+00 1.600000000000000089e+00 -1.721000000000000090e-03 -3.080000000000000055e-04 9.999980000000000535e-01 -8.935800000000000687e-02 9.959999999999999964e-01 1.530000000000000056e-04 -9.959980000000000500e-01 -8.935700000000000587e-02 -1.742000000000000059e-03
2.800000000000000000e+01 2.100000000000000000e+01 6.000000000000000000e+01 0.000000000000000000e+00 1.600000000000000089e+00 -2.631999999999999791e-03 1.457600000000000041e-02 9.998899999999999455e-01 -8.893399999999999916e-02 9.959280000000000355e-01 -1.475199999999999949e-02 -9.960339999999999749e-01 -8.896300000000000041e-02 -1.325000000000000006e-03
6.000000000000000000e+00 6.700000000000000000e+01 6.000000000000000000e+01 0.000000000000000000e+00 1.600000000000000089e+00 1.703000000000000087e-03 2.382000000000000003e-03 9.999959999999999960e-01 1.747650000000000037e-01 -9.846080000000000387e-01 2.047000000000000208e-03 9.846089999999999565e-01 1.747609999999999997e-01 -2.092999999999999809e-03
2.600000000000000000e+01 3.000000000000000000e+00 6.300000000000000000e+01 0.000000000000000000e+00 1.600000000000000089e+00 -1.154000000000000078e-03 -7.414999999999999716e-03 9.999719999999999720e-01 -6.136169999999999680e-01 7.895870000000000388e-01 5.146999999999999666e-03 -7.896030000000000548e-01 -6.135939999999999728e-01 -5.460999999999999709e-03
9.000000000000000000e+00 1.200000000000000000e+01 6.300000000000000000e+01 0.000000000000000000e+00 1.600000000000000089e+00 7.945999999999999938e-03 3.359999999999999814e-04 -9.999679999999999680e-01 -1.545980000000000132e-01 -9.879759999999999653e-01 -1.559999999999999972e-03 -9.879459999999999908e-01 1.546049999999999924e-01 -7.799000000000000377e-03
5.000000000000000000e+00 2.700000000000000000e+01 6.300000000000000000e+01 0.000000000000000000e+00 1.600000000000000089e+00 -6.089999999999999494e-04 1.610000000000000103e-04 1.000000000000000000e+00 -2.742479999999999918e-01 9.616590000000000416e-01 -3.220000000000000206e-04 -9.616590000000000416e-01 -2.742479999999999918e-01 -5.410000000000000312e-04
9.000000000000000000e+00 2.700000000000000000e+01 6.300000000000000000e+01 0.000000000000000000e+00 1.600000000000000089e+00 1.949999999999999965e-04 7.569999999999999689e-04 1.000000000000000000e+00 -2.729400000000000159e-01 9.620309999999999695e-01 -6.750000000000000357e-04 -9.620309999999999695e-01 -2.729400000000000159e-01 3.939999999999999817e-04
1.200000000000000000e+01 2.700000000000000000e+01 6.300000000000000000e+01 0.000000000000000000e+00 1.600000000000000089e+00 1.407000000000000048e-03 -8.599999999999999789e-04 9.999989999999999712e-01 -2.716759999999999731e-01 9.623880000000000212e-01 1.209999999999999921e-03 -9.623880000000000212e-01 -2.716770000000000018e-01 1.119999999999999902e-03
1.800000000000000000e+01 2.700000000000000000e+01 6.300000000000000000e+01 0.000000000000000000e+00 1.600000000000000089e+00 3.105999999999999820e-03 8.963000000000000481e-03 9.999550000000000383e-01 -2.679699999999999860e-01 9.633960000000000301e-01 -7.803000000000000040e-03 -9.634220000000000006e-01 -2.679340000000000055e-01 5.394000000000000357e-03
2.200000000000000000e+01 2.700000000000000000e+01 6.300000000000000000e+01 0.000000000000000000e+00 1.600000000000000089e+00 -2.321999999999999845e-03 -6.170000000000000137e-03 9.999780000000000335e-01 -2.658510000000000040e-01 9.639990000000000503e-01 5.330999999999999801e-03 -9.640109999999999513e-01 -2.658329999999999860e-01 -3.877999999999999937e-03
5.000000000000000000e+00 2.600000000000000000e+01 6.400000000000000000e+01 0.000000000000000000e+00 1.600000000000000089e+00 -5.029999999999999749e-04 -2.669999999999999847e-04 1.000000000000000000e+00 -3.536639999999999784e-01 9.353719999999999812e-01 7.200000000000000182e-05 -9.353719999999999812e-01 -3.536639999999999784e-01 -5.649999999999999641e-04
9.000000000000000000e+00 2.600000000000000000e+01 6.400000000000000000e+01 0.000000000000000000e+00 1.600000000000000089e+00 9.899999999999999404e-05 3.400000000000000244e-04 1.000000000000000000e+00 -3.530369999999999897e-01 9.356090000000000240e-01 -2.840000000000000185e-04 -9.356090000000000240e-01 -3.530369999999999897e-01 2.120000000000000031e-04
1.300000000000000000e+01 2.600000000000000000e+01 6.400000000000000000e+01 0.000000000000000000e+00 1.600000000000000089e+00 1.843999999999999936e-03 4.200000000000000174e-04 9.999980000000000535e-01 -3.514459999999999806e-01 9.362080000000000402e-01 2.550000000000000183e-04 -9.362059999999999826e-01 -3.514459999999999806e-01 1.874000000000000015e-03
1.700000000000000000e+01 2.600000000000000000e+01 6.400000000000000000e+01 0.000000000000000000e+00 1.600000000000000089e+00 1.451000000000000033e-03 6.433000000000000350e-03 9.999780000000000335e-01 -3.490570000000000062e-01 9.370849999999999458e-01 -5.520999999999999866e-03 -9.371000000000000441e-01 -3.490420000000000189e-01 3.605000000000000131e-03
2.100000000000000000e+01 2.600000000000000000e+01 6.400000000000000000e+01 0.000000000000000000e+00 1.600000000000000089e+00 -3.490000000000000263e-04 -4.714000000000000308e-03 9.999890000000000168e-01 -3.468860000000000277e-01 9.378969999999999807e-01 4.300000000000000003e-03 -9.379070000000000462e-01 -3.468809999999999949e-01 -1.962000000000000202e-03
2.600000000000000000e+01 2.600000000000000000e+01 6.400000000000000000e+01 0.000000000000000000e+00 1.600000000000000089e+00 3.519999999999999908e-04 -1.389199999999999983e-02 9.999029999999999863e-01 -3.537969999999999726e-01 9.352300000000000058e-01 1.311799999999999945e-02 -9.353219999999999867e-01 -3.537669999999999981e-01 -4.585999999999999799e-03
1.100000000000000000e+01 6.900000000000000000e+01 6.600000000000000000e+01 0.000000000000000000e+00 1.600000000000000089e+00 2.765999999999999796e-03 -4.001000000000000216e-03 9.999879999999999880e-01 -9.497409999999999464e-01 3.130140000000000144e-01 3.879000000000000069e-03 -3.130249999999999977e-01 -9.497400000000000286e-01 -2.933999999999999976e-03
1.100000000000000000e+01 2.500000000000000000e+01 7.300000000000000000e+01 0.000000000000000000e+00 1.600000000000000089e+00 -2.011999999999999900e-03 -3.082999999999999803e-03 9.999930000000000208e-01 7.452379999999999560e-01 -6.667990000000000306e-01 -5.569999999999999864e-04 6.667960000000000553e-01 7.452309999999999768e-01 3.638999999999999874e-03
1.700000000000000000e+01 2.500000000000000000e+01 7.300000000000000000e+01 0.000000000000000000e+00 1.600000000000000089e+00 3.951999999999999784e-03 1.508000000000000009e-03 9.999909999999999632e-01 7.503140000000000365e-01 -6.610789999999999722e-01 -1.968000000000000131e-03 6.610700000000000465e-01 7.503149999999999542e-01 -3.745000000000000065e-03
2.300000000000000000e+01 2.500000000000000000e+01 7.300000000000000000e+01 0.000000000000000000e+00 1.600000000000000089e+00 -3.442000000000000181e-03 8.026999999999999413e-03 9.999620000000000175e-01 7.535450000000000204e-01 -6.573489999999999611e-01 7.870000000000000259e-03 6.573870000000000546e-01 7.535429999999999628e-01 -3.785999999999999869e-03
2.800000000000000000e+01 2.500000000000000000e+01 7.300000000000000000e+01 0.000000000000000000e+00 1.600000000000000089e+00 -2.739999999999999814e-03 -9.598999999999999894e-03 9.999500000000000055e-01 7.450909999999999478e-01 -6.669479999999999853e-01 -4.361000000000000293e-03 6.669570000000000221e-01 7.450419999999999821e-01 8.978999999999999135e-03
5.000000000000000000e+00 4.400000000000000000e+01 7.300000000000000000e+01 0.000000000000000000e+00 1.600000000000000089e+00 6.769999999999999759e-04 3.073000000000000211e-03 9.999949999999999672e-01 4.550099999999999978e-02 -9.989599999999999591e-01 3.039000000000000035e-03 9.989639999999999631e-01 4.549899999999999778e-02 -8.159999999999999936e-04
1.200000000000000000e+01 4.400000000000000000e+01 7.300000000000000000e+01 0.000000000000000000e+00 1.600000000000000089e+00 4.589999999999999896e-04 -9.110000000000000259e-04 9.999989999999999712e-01 4.687100000000000294e-02 -9.989000000000000101e-01 -9.309999999999999699e-04 9.989010000000000389e-01 4.687199999999999700e-02 -4.159999999999999744e-04
