1.400000000000000000e+01 2.500000000000000000e+01 1.000000000000000000e+00 0.000000000000000000e+00 1.600000000000000089e+00 7.853000000000000605e-03 2.243900000000000061e-02 -9.997169999999999668e-01 -5.168340000000000156e-01 -8.557690000000000019e-01 -2.326800000000000049e-02 -8.560499999999999776e-01 5.168709999999999694e-01 4.877000000000000259e-03
1.000000000000000000e+01 1.700000000000000000e+01 3.000000000000000000e+00 0.000000000000000000e+00 1.600000000000000089e+00 2.466499999999999942e-02 2.242399999999999949e-02 -9.994439999999999991e-01 -7.069079999999999808e-01 -7.065209999999999546e-01 -3.329700000000000021e-02 -7.068750000000000311e-01 7.073369999999999935e-01 -1.575000000000000011e-03
2.400000000000000000e+01 1.800000000000000000e+01 3.000000000000000000e+00 0.000000000000000000e+00 1.600000000000000089e+00 9.272000000000000727e-03 7.985000000000000778e-03 -9.999249999999999527e-01 -7.769519999999999760e-01 -6.294410000000000283e-01 -1.223100000000000055e-02 -6.294920000000000515e-01 7.770070000000000032e-01 3.680000000000000003e-04
8.000000000000000000e+00 4.200000000000000000e+01 3.000000000000000000e+00 0.000000000000000000e+00 1.600000000000000089e+00 -5.517999999999999572e-01 -5.978919999999999790e-01 5.814139999999999864e-01 -7.233600000000000030e-01 6.900840000000000307e-01 2.312600000000000072e-02 -4.150510000000000033e-01 -4.078100000000000058e-01 -8.132789999999999742e-01
2.800000000000000000e+01 2.100000000000000000e+01 4.000000000000000000e+00 0.000000000000000000e+00 1.600000000000000089e+00 -8.360000000000000460e-04 -4.362000000000000426e-03 -9.999900000000000455e-01 -6.558270000000000488e-01 -7.549010000000000442e-01 3.840999999999999796e-03 -7.549099999999999699e-01 6.558239999999999625e-01 -2.230000000000000211e-03
3.000000000000000000e+00 1.900000000000000000e+01 5.000000000000000000e+00 0.000000000000000000e+00 1.600000000000000089e+00 -1.696999999999999941e-03 -5.348000000000000323e-03 -9.999839999999999840e-01 -7.031340000000000368e-01 -7.110400000000000054e-01 4.995999999999999573e-03 -7.110549999999999926e-01 7.031309999999999505e-01 -2.553999999999999847e-03
2.700000000000000000e+01 1.010000000000000000e+02 7.000000000000000000e+00 0.000000000000000000e+00 1.600000000000000089e+00 7.461999999999999883e-03 3.442200000000000121e-02 9.993800000000000461e-01 8.847140000000000004e-01 4.655839999999999979e-01 -2.264199999999999893e-02 -4.660750000000000171e-01 8.843339999999999534e-01 -2.697899999999999951e-02
2.000000000000000000e+00 2.500000000000000000e+01 8.000000000000000000e+00 0.000000000000000000e+00 1.600000000000000089e+00 9.139999999999999904e-04 2.478000000000000168e-03 -9.999970000000000248e-01 4.393909999999999760e-01 8.982919999999999794e-01 2.628000000000000128e-03 8.982959999999999834e-01 -4.393920000000000048e-01 -2.669999999999999847e-04
6.000000000000000000e+00 2.500000000000000000e+01 8.000000000000000000e+00 0.000000000000000000e+00 1.600000000000000089e+00 2.134000000000000046e-03 3.622999999999999918e-03 -9.999909999999999632e-01 4.388670000000000071e-01 8.985419999999999519e-01 4.192000000000000413e-03 8.985490000000000421e-01 -4.388719999999999843e-01 3.280000000000000038e-04
1.200000000000000000e+01 2.500000000000000000e+01 8.000000000000000000e+00 0.000000000000000000e+00 1.600000000000000089e+00 -1.397999999999999937e-03 4.734999999999999626e-03 -9.999879999999999880e-01 4.381349999999999967e-01 8.989019999999999788e-01 3.644000000000000104e-03 8.989080000000000403e-01 -4.381240000000000134e-01 -3.331000000000000193e-03
1.600000000000000000e+01 2.500000000000000000e+01 8.000000000000000000e+00 0.000000000000000000e+00 1.600000000000000089e+00 -5.785000000000000211e-03 1.375099999999999933e-02 -9.998890000000000278e-01 4.390780000000000238e-01 8.983950000000000546e-01 9.815000000000000807e-03 8.984299999999999509e-01 -4.389719999999999733e-01 -1.123500000000000019e-02
2.100000000000000000e+01 2.500000000000000000e+01 8.000000000000000000e+00 0.000000000000000000e+00 1.600000000000000089e+00 3.915000000000000077e-03 -2.024099999999999858e-02 -9.997869999999999813e-01 4.417460000000000275e-01 8.969899999999999540e-01 -1.643000000000000016e-02 8.971320000000000405e-01 -4.415870000000000073e-01 1.245300000000000053e-02
2.500000000000000000e+01 2.500000000000000000e+01 8.000000000000000000e+00 0.000000000000000000e+00 1.600000000000000089e+00 1.458000000000000095e-03 -2.098300000000000165e-02 -9.997789999999999733e-01 4.404520000000000102e-01 8.975919999999999455e-01 -1.819600000000000037e-02 8.977749999999999897e-01 -4.403279999999999972e-01 1.055099999999999962e-02
3.000000000000000000e+00 2.400000000000000000e+01 9.000000000000000000e+00 0.000000000000000000e+00 1.600000000000000089e+00 1.064999999999999974e-03 4.654000000000000151e-03 -9.999890000000000168e-01 4.458529999999999993e-01 8.950939999999999452e-01 4.641000000000000160e-03 8.951050000000000395e-01 -4.458529999999999993e-01 -1.121999999999999950e-03
7.000000000000000000e+00 2.400000000000000000e+01 9.000000000000000000e+00 0.000000000000000000e+00 1.600000000000000089e+00 1.974000000000000060e-03 6.002000000000000390e-03 -9.999799999999999800e-01 4.451749999999999874e-01 8.954220000000000512e-01 6.254000000000000010e-03 8.954410000000000425e-01 -4.451780000000000181e-01 -9.039999999999999642e-04
1.200000000000000000e+01 2.400000000000000000e+01 9.000000000000000000e+00 0.000000000000000000e+00 1.600000000000000089e+00 -7.230000000000000098e-04 3.788000000000000134e-03 -9.999930000000000208e-01 4.452610000000000179e-01 8.953959999999999697e-01 3.069999999999999812e-03 8.954010000000000025e-01 -4.452559999999999851e-01 -2.334000000000000137e-03
1.600000000000000000e+01 2.400000000000000000e+01 9.000000000000000000e+00 0.000000000000000000e+00 1.600000000000000089e+00 -3.338999999999999954e-03 3.595999999999999804e-03 -9.999879999999999880e-01 4.446160000000000112e-01 8.957199999999999607e-01 1.737000000000000046e-03 8.957150000000000389e-01 -4.446049999999999724e-01 -4.590000000000000330e-03
2.000000000000000000e+01 2.400000000000000000e+01 9.000000000000000000e+00 0.000000000000000000e+00 1.600000000000000089e+00 1.195000000000000099e-03 -4.859999999999999737e-03 -9.999869999999999592e-01 4.448799999999999977e-01 8.955819999999999892e-01 -3.821000000000000178e-03 8.955889999999999684e-01 -4.448699999999999877e-01 3.233000000000000197e-03
2.600000000000000000e+01 2.400000000000000000e+01 9.000000000000000000e+00 0.000000000000000000e+00 1.600000000000000089e+00 4.550000000000000008e-04 -1.392099999999999935e-02 -9.999029999999999863e-01 4.455569999999999808e-01 8.951700000000000212e-01 -1.226000000000000006e-02 8.952529999999999655e-01 -4.455080000000000151e-01 6.609000000000000291e-03
5.000000000000000000e+00 8.000000000000000000e+00 1.000000000000000000e+01 0.000000000000000000e+00 1.600000000000000089e+00 6.092999999999999805e-02 8.748999999999999833e-03 -9.981039999999999912e-01 -9.971719999999999473e-01 -4.354999999999999843e-02 -6.125400000000000289e-02 -4.400300000000000045e-02 9.990130000000000399e-01 6.071000000000000008e-03
1.100000000000000000e+01 4.900000000000000000e+01 1.000000000000000000e+01 0.000000000000000000e+00 1.600000000000000089e+00 8.165599999999999525e-01 -2.567519999999999802e-01 5.170179999999999776e-01 -4.229060000000000041e-01 -8.756920000000000259e-01 2.330530000000000102e-01 3.929119999999999835e-01 -4.089519999999999822e-01 -8.236369999999999525e-01
6.000000000000000000e+00 4.000000000000000000e+00 1.100000000000000000e+01 0.000000000000000000e+00 1.600000000000000089e+00 -2.752000000000000106e-03 5.753899999999999987e-02 9.983389999999999764e-01 1.732960000000000056e-01 -9.832109999999999461e-01 5.714500000000000135e-02 9.848660000000000192e-01 1.731650000000000134e-01 -7.264999999999999757e-03
1.000000000000000000e+01 4.000000000000000000e+00 1.100000000000000000e+01 0.000000000000000000e+00 1.600000000000000089e+00 -6.790000000000000245e-04 6.322300000000000142e-02 9.979989999999999695e-01 1.646420000000000106e-01 -9.843730000000000535e-01 6.247199999999999975e-02 9.863530000000000353e-01 1.643550000000000011e-01 -9.740999999999999659e-03
3.000000000000000000e+01 3.500000000000000000e+01 1.200000000000000000e+01 0.000000000000000000e+00 1.600000000000000089e+00 -4.147999999999999778e-03 -5.230000000000000274e-04 -9.999909999999999632e-01 4.046330000000000204e-01 -9.144780000000000131e-01 -1.199999999999999895e-03 -9.144700000000000051e-01 -4.046350000000000224e-01 4.004999999999999880e-03
1.500000000000000000e+01 3.200000000000000000e+01 1.300000000000000000e+01 0.000000000000000000e+00 1.600000000000000089e+00 1.803700000000000095e-02 1.129359999999999947e-01 9.934380000000000432e-01 6.099999999999999737e-04 9.935990000000000100e-01 -1.129649999999999960e-01 -9.998369999999999758e-01 2.644000000000000083e-03 1.785300000000000081e-02
9.000000000000000000e+00 4.800000000000000000e+01 1.300000000000000000e+01 0.000000000000000000e+00 1.600000000000000089e+00 8.632410000000000361e-01 -1.230910000000000060e-01 4.895539999999999892e-01 -2.380919999999999981e-01 -9.544449999999999878e-01 1.798520000000000119e-01 4.451140000000000096e-01 -2.718149999999999733e-01 -8.532229999999999537e-01
5.000000000000000000e+00 3.200000000000000000e+01 1.400000000000000000e+01 0.000000000000000000e+00 1.600000000000000089e+00 -1.900999999999999912e-03 7.870000000000000259e-03 -9.999670000000000503e-01 1.151039999999999980e-01 9.933239999999999847e-01 7.597999999999999719e-03 9.933520000000000127e-01 -1.150850000000000067e-01 -2.795000000000000175e-03
8.000000000000000000e+00 4.800000000000000000e+01 1.500000000000000000e+01 0.000000000000000000e+00 1.600000000000000089e+00 8.488050000000000317e-01 -2.177409999999999901e-01 4.817870000000000208e-01 -3.223960000000000159e-01 -9.353949999999999765e-01 1.452459999999999862e-01 4.190349999999999908e-01 -2.786120000000000263e-01 -8.641670000000000185e-01
1.200000000000000000e+01 1.200000000000000000e+01 1.600000000000000000e+01 0.000000000000000000e+00 1.600000000000000089e+00 -1.022799999999999924e-02 7.122699999999999865e-02 9.974079999999999613e-01 2.356520000000000004e-01 -9.691940000000000000e-01 7.162899999999999823e-02 9.717839999999999812e-01 2.357740000000000113e-01 -6.871999999999999637e-03
1.800000000000000000e+01 1.300000000000000000e+01 1.600000000000000000e+01 0.000000000000000000e+00 1.600000000000000089e+00 -3.252999999999999815e-03 7.283199999999999397e-02 9.973389999999999755e-01 1.560529999999999973e-01 -9.850879999999999637e-01 7.244599999999999651e-02 9.877430000000000376e-01 1.558740000000000125e-01 -8.160999999999999852e-03
2.300000000000000000e+01 1.300000000000000000e+01 1.600000000000000000e+01 0.000000000000000000e+00 1.600000000000000089e+00 7.470000000000000511e-04 5.345199999999999951e-02 9.985699999999999577e-01 1.223349999999999993e-01 -9.910750000000000393e-01 5.295899999999999913e-02 9.924889999999999546e-01 1.221200000000000063e-01 -7.280000000000000013e-03
2.700000000000000000e+01 1.300000000000000000e+01 1.600000000000000000e+01 0.000000000000000000e+00 1.600000000000000089e+00 8.249999999999999955e-04 3.898700000000000082e-02 9.992389999999999883e-01 1.098019999999999968e-01 -9.932010000000000005e-01 3.865999999999999992e-02 9.939529999999999754e-01 1.096870000000000067e-01 -5.100000000000000366e-03
1.400000000000000000e+01 4.800000000000000000e+01 1.600000000000000000e+01 0.000000000000000000e+00 1.600000000000000089e+00 -4.244330000000000047e-01 -7.804809999999999803e-01 -4.590279999999999916e-01 9.054069999999999618e-01 -3.712909999999999822e-01 -2.058669999999999944e-01 -9.757999999999999313e-03 -5.029839999999999867e-01 8.642410000000000370e-01
8.000000000000000000e+00 1.160000000000000000e+02 1.600000000000000000e+01 0.000000000000000000e+00 1.600000000000000089e+00 -2.425000000000000072e-03 1.090999999999999956e-03 9.999959999999999960e-01 8.290969999999999729e-01 5.591030000000000166e-01 1.400999999999999902e-03 -5.591000000000000414e-01 8.290969999999999729e-01 -2.259999999999999856e-03
8.000000000000000000e+00 3.500000000000000000e+01 1.700000000000000000e+01 0.000000000000000000e+00 1.600000000000000089e+00 -3.371739999999999737e-01 -1.870449999999999890e-01 -9.226739999999999942e-01 -8.599020000000000552e-01 -3.377870000000000039e-01 3.827110000000000234e-01 -3.832519999999999816e-01 9.224499999999999922e-01 -4.694799999999999668e-02
6.000000000000000000e+00 3.600000000000000000e+01 1.800000000000000000e+01 0.000000000000000000e+00 1.600000000000000089e+00 -4.494980000000000087e-01 2.287700000000000150e-02 -8.929890000000000327e-01 -8.828439999999999621e-01 -1.637510000000000077e-01 4.401959999999999762e-01 -1.361580000000000013e-01 9.862360000000000015e-01 9.380199999999999649e-02
1.700000000000000000e+01 2.000000000000000000e+00 1.900000000000000000e+01 0.000000000000000000e+00 1.600000000000000089e+00 -9.438999999999999474e-03 3.899099999999999788e-02 -9.991950000000000554e-01 3.151590000000000225e-01 -9.481960000000000388e-01 -3.997799999999999965e-02 -9.489919999999999467e-01 -3.152829999999999799e-01 -3.338999999999999954e-03
2.900000000000000000e+01 2.000000000000000000e+00 1.900000000000000000e+01 0.000000000000000000e+00 1.600000000000000089e+00 -5.793000000000000406e-03 8.000000000000000167e-03 -9.999510000000000343e-01 2.839180000000000037e-01 -9.588029999999999609e-01 -9.315999999999999628e-03 -9.588309999999999889e-01 -2.839590000000000169e-01 3.282999999999999894e-03
2.000000000000000000e+00 3.000000000000000000e+00 1.900000000000000000e+01 0.000000000000000000e+00 1.600000000000000089e+00 -8.918999999999999845e-03 3.694100000000000161e-02 -9.992779999999999996e-01 3.303280000000000105e-01 -9.431089999999999751e-01 -3.781199999999999839e-02 -9.438239999999999963e-01 -3.304259999999999975e-01 -3.791000000000000099e-03
6.000000000000000000e+00 3.000000000000000000e+00 1.900000000000000000e+01 0.000000000000000000e+00 1.600000000000000089e+00 -8.966000000000000011e-03 4.152399999999999841e-02 -9.990970000000000129e-01 3.342019999999999991e-01 -9.415590000000000348e-01 -4.213200000000000278e-02 -9.424590000000000467e-01 -3.342780000000000196e-01 -5.434999999999999727e-03
1.300000000000000000e+01 3.000000000000000000e+00 1.900000000000000000e+01 0.000000000000000000e+00 1.600000000000000089e+00 -1.195500000000000035e-02 4.592000000000000248e-02 -9.988740000000000396e-01 3.322330000000000005e-01 -9.420110000000000428e-01 -4.728299999999999864e-02 -9.431220000000000159e-01 -3.324239999999999973e-01 -3.994000000000000154e-03
1.600000000000000000e+01 3.000000000000000000e+00 1.900000000000000000e+01 0.000000000000000000e+00 1.600000000000000089e+00 -1.045699999999999928e-02 3.953500000000000070e-02 -9.991630000000000233e-01 3.281470000000000220e-01 -9.437459999999999738e-01 -4.077599999999999975e-02 -9.445689999999999920e-01 -3.282990000000000075e-01 -3.105000000000000121e-03
2.100000000000000000e+01 3.000000000000000000e+00 1.900000000000000000e+01 0.000000000000000000e+00 1.600000000000000089e+00 -7.512999999999999713e-03 2.442300000000000026e-02 -9.996730000000000338e-01 3.205359999999999876e-01 -9.468919999999999559e-01 -2.554299999999999973e-02 -9.472070000000000212e-01 -3.206229999999999913e-01 -7.150000000000000322e-04
2.400000000000000000e+01 3.000000000000000000e+00 1.900000000000000000e+01 0.000000000000000000e+00 1.600000000000000089e+00 -4.288000000000000145e-03 2.003500000000000072e-02 -9.997899999999999565e-01 3.132920000000000149e-01 -9.494380000000000042e-01 -2.036900000000000169e-02 -9.496470000000000189e-01 -3.133139999999999814e-01 -2.204999999999999929e-03
2.000000000000000000e+00 4.000000000000000000e+00 2.000000000000000000e+01 0.000000000000000000e+00 1.600000000000000089e+00 -4.333000000000000046e-03 3.209800000000000153e-02 -9.994750000000000023e-01 3.693489999999999829e-01 -9.287590000000000012e-01 -3.142799999999999760e-02 -9.292810000000000237e-01 -3.692909999999999804e-01 -7.830999999999999420e-03
7.000000000000000000e+00 4.000000000000000000e+00 2.000000000000000000e+01 0.000000000000000000e+00 1.600000000000000089e+00 -5.962000000000000285e-03 3.748800000000000049e-02 -9.992790000000000283e-01 3.868759999999999977e-01 -9.213940000000000463e-01 -3.687399999999999706e-02 -9.221129999999999605e-01 -3.868170000000000219e-01 -9.010000000000000647e-03
1.000000000000000000e+01 4.000000000000000000e+00 2.000000000000000000e+01 0.000000000000000000e+00 1.600000000000000089e+00 -8.295999999999999555e-03 3.952900000000000164e-02 -9.991839999999999611e-01 3.981810000000000072e-01 -9.164529999999999621e-01 -3.956199999999999994e-02 -9.172690000000000010e-01 -3.981839999999999824e-01 -8.137000000000000136e-03
1.300000000000000000e+01 4.000000000000000000e+00 2.000000000000000000e+01 0.000000000000000000e+00 1.600000000000000089e+00 -9.088999999999999857e-03 4.287699999999999845e-02 -9.990390000000000104e-01 4.091549999999999909e-01 -9.114579999999999904e-01 -4.284000000000000308e-02 -9.124189999999999801e-01 -4.091520000000000157e-01 -9.258999999999999869e-03
2.200000000000000000e+01 4.000000000000000000e+00 2.000000000000000000e+01 0.000000000000000000e+00 1.600000000000000089e+00 -6.163000000000000075e-03 2.223299999999999929e-02 -9.997340000000000115e-01 4.255860000000000198e-01 -9.046319999999999917e-01 -2.274199999999999833e-02 -9.048969999999999514e-01 -4.256130000000000191e-01 -3.886999999999999830e-03
2.500000000000000000e+01 4.000000000000000000e+00 2.000000000000000000e+01 0.000000000000000000e+00 1.600000000000000089e+00 -4.500999999999999793e-03 1.827900000000000011e-02 -9.998230000000000173e-01 4.238219999999999765e-01 -9.055569999999999453e-01 -1.846400000000000124e-02 -9.057340000000000391e-01 -4.238299999999999845e-01 -3.670999999999999784e-03
4.000000000000000000e+00 1.300000000000000000e+01 2.000000000000000000e+01 0.000000000000000000e+00 1.600000000000000089e+00 6.089999999999999494e-04 -1.050000000000000044e-04 1.000000000000000000e+00 2.611510000000000220e-01 9.652979999999999894e-01 -5.800000000000000034e-05 -9.652979999999999894e-01 2.611510000000000220e-01 6.160000000000000111e-04
1.000000000000000000e+01 1.300000000000000000e+01 2.000000000000000000e+01 0.000000000000000000e+00 1.600000000000000089e+00 1.499999999999999869e-04 -3.229000000000000099e-03 9.999949999999999672e-01 2.670310000000000183e-01 9.636829999999999563e-01 3.072000000000000078e-03 -9.636879999999999891e-01 2.670290000000000163e-01 1.007000000000000083e-03
1.600000000000000000e+01 1.300000000000000000e+01 2.000000000000000000e+01 0.000000000000000000e+00 1.600000000000000089e+00 -2.431000000000000001e-03 -3.860000000000000150e-03 9.999900000000000455e-01 2.827850000000000086e-01 9.591730000000000533e-01 4.389999999999999805e-03 -9.591800000000000326e-01 2.827930000000000166e-01 -1.240999999999999916e-03
2.000000000000000000e+01 1.300000000000000000e+01 2.000000000000000000e+01 0.000000000000000000e+00 1.600000000000000089e+00 -1.644999999999999978e-03 -4.290000000000000410e-03 9.999890000000000168e-01 2.953200000000000269e-01 9.553869999999999862e-01 4.584000000000000401e-03 -9.553970000000000518e-01 2.953250000000000042e-01 -3.049999999999999868e-04
2.400000000000000000e+01 1.300000000000000000e+01 2.000000000000000000e+01 0.000000000000000000e+00 1.600000000000000089e+00 -1.007000000000000083e-03 2.086999999999999880e-03 9.999970000000000248e-01 3.041940000000000199e-01 9.526090000000000391e-01 -1.681999999999999901e-03 -9.526099999999999568e-01 3.041920000000000179e-01 -1.593999999999999931e-03
2.800000000000000000e+01 1.400000000000000000e+01 2.000000000000000000e+01 0.000000000000000000e+00 1.600000000000000089e+00 -5.779999999999999548e-04 1.859999999999999945e-04 1.000000000000000000e+00 2.666529999999999734e-01 9.637930000000000108e-01 -2.500000000000000120e-05 -9.637919999999999821e-01 2.666529999999999734e-01 -6.070000000000000092e-04
2.800000000000000000e+01 1.600000000000000000e+01 2.100000000000000000e+01 0.000000000000000000e+00 1.600000000000000089e+00 -7.299999999999999903e-05 6.288000000000000186e-03 9.999799999999999800e-01 3.031789999999999763e-01 9.529149999999999565e-01 -5.969999999999999613e-03 -9.529339999999999478e-01 3.031719999999999970e-01 -1.975999999999999892e-03
7.000000000000000000e+00 3.900000000000000000e+01 2.300000000000000000e+01 0.000000000000000000e+00 1.600000000000000089e+00 -4.634829999999999783e-01 -8.059739999999999682e-01 3.682250000000000245e-01 -8.284230000000000205e-01 5.416079999999999783e-01 1.427440000000000098e-01 -3.144819999999999838e-01 -2.388859999999999872e-01 -9.187130000000000019e-01
1.800000000000000000e+01 4.200000000000000000e+01 2.300000000000000000e+01 0.000000000000000000e+00 1.600000000000000089e+00 -9.786989999999999856e-01 -1.833130000000000037e-01 9.243400000000000227e-02 -1.507149999999999879e-01 9.472620000000000484e-01 2.828049999999999731e-01 -1.394009999999999971e-01 2.628499999999999726e-01 -9.547130000000000338e-01
3.000000000000000000e+00 3.000000000000000000e+00 2.500000000000000000e+01 0.000000000000000000e+00 1.600000000000000089e+00 -8.805000000000000326e-03 2.907300000000000162e-02 9.995389999999999553e-01 3.294500000000000206e-02 -9.990259999999999696e-01 2.934799999999999909e-02 9.994180000000000286e-01 3.318800000000000222e-02 7.839000000000000482e-03
9.000000000000000000e+00 3.000000000000000000e+00 2.500000000000000000e+01 0.000000000000000000e+00 1.600000000000000089e+00 -1.161300000000000006e-02 3.404900000000000287e-02 9.993530000000000468e-01 3.291000000000000175e-02 -9.988660000000000316e-01 3.441500000000000115e-02 9.993910000000000293e-01 3.328799999999999815e-02 1.047900000000000047e-02
1.200000000000000000e+01 3.000000000000000000e+00 2.500000000000000000e+01 0.000000000000000000e+00 1.600000000000000089e+00 -8.959999999999999215e-03 3.976199999999999873e-02 9.991689999999999738e-01 2.266699999999999965e-02 -9.989440000000000541e-01 3.995599999999999846e-02 9.997030000000000083e-01 2.300699999999999967e-02 8.049999999999999864e-03
2.000000000000000000e+01 3.000000000000000000e+00 2.500000000000000000e+01 0.000000000000000000e+00 1.600000000000000089e+00 -6.190000000000000190e-03 2.615900000000000170e-02 9.996390000000000553e-01 -1.188400000000000047e-02 -9.995889999999999498e-01 2.608500000000000055e-02 9.999099999999999655e-01 -1.171900000000000025e-02 6.498000000000000304e-03
2.800000000000000000e+01 3.600000000000000000e+01 2.800000000000000000e+01 0.000000000000000000e+00 1.600000000000000089e+00 -3.861699999999999855e-02 -9.360920000000000352e-01 -3.496299999999999963e-01 -5.108120000000000438e-01 -2.822259999999999769e-01 8.120460000000000456e-01 -8.588240000000000318e-01 2.099550000000000027e-01 -4.672680000000000167e-01
6.000000000000000000e+00 3.800000000000000000e+01 2.900000000000000000e+01 0.000000000000000000e+00 1.600000000000000089e+00 3.345609999999999973e-01 2.649630000000000041e-01 -9.043579999999999952e-01 8.665540000000000465e-01 2.906369999999999787e-01 4.057279999999999776e-01 3.703429999999999778e-01 -9.194160000000000110e-01 -1.323680000000000134e-01
2.800000000000000000e+01 3.900000000000000000e+01 2.900000000000000000e+01 0.000000000000000000e+00 1.600000000000000089e+00 -2.188720000000000110e-01 -9.284080000000000110e-01 3.002569999999999961e-01 5.274799999999999489e-01 -3.714580000000000104e-01 -7.640580000000000149e-01 8.208900000000000086e-01 -8.852000000000000493e-03 5.710180000000000256e-01
4.000000000000000000e+00 5.800000000000000000e+01 3.100000000000000000e+01 0.000000000000000000e+00 1.600000000000000089e+00 2.640000000000000202e-04 -1.656499999999999986e-02 9.998629999999999463e-01 -7.957130000000000036e-01 -6.055939999999999657e-01 -9.823000000000000134e-03 6.056740000000000457e-01 -7.956010000000000026e-01 -1.333999999999999943e-02
9.000000000000000000e+00 5.800000000000000000e+01 3.100000000000000000e+01 0.000000000000000000e+00 1.600000000000000089e+00 1.494000000000000102e-03 1.765699999999999908e-02 9.998430000000000373e-01 -7.915520000000000334e-01 -6.109839999999999716e-01 1.197299999999999927e-02 6.110999999999999766e-01 -7.914459999999999829e-01 1.306399999999999922e-02
2.200000000000000000e+01 5.800000000000000000e+01 3.100000000000000000e+01 0.000000000000000000e+00 1.600000000000000089e+00 7.191999999999999608e-03 8.887000000000000802e-03 9.999350000000000183e-01 -7.970709999999999740e-01 -6.037839999999999874e-01 1.109899999999999949e-02 6.038430000000000186e-01 -7.970979999999999732e-01 2.740999999999999947e-03
2.900000000000000000e+01 5.800000000000000000e+01 3.100000000000000000e+01 0.000000000000000000e+00 1.600000000000000089e+00 2.086999999999999880e-03 1.301000000000000073e-02 9.999130000000000518e-01 -8.006039999999999823e-01 -5.991189999999999571e-01 9.466000000000000456e-03 5.991900000000000004e-01 -8.005539999999999878e-01 9.166000000000000536e-03
5.000000000000000000e+00 1.800000000000000000e+01 3.400000000000000000e+01 0.000000000000000000e+00 1.600000000000000089e+00 2.049999999999999956e-04 -2.994999999999999832e-03 -9.999949999999999672e-01 -3.111090000000000244e-01 -9.503700000000000481e-01 2.782999999999999884e-03 -9.503740000000000521e-01 3.111070000000000224e-01 -1.126999999999999964e-03
2.300000000000000000e+01 2.300000000000000000e+01 3.400000000000000000e+01 0.000000000000000000e+00 1.600000000000000089e+00 7.179999999999999967e-04 8.659000000000000030e-03 9.999620000000000175e-01 3.968650000000000233e-01 -9.178450000000000220e-01 7.662999999999999673e-03 9.178770000000000540e-01 3.968450000000000033e-01 -4.095999999999999815e-03
2.700000000000000000e+01 2.300000000000000000e+01 3.400000000000000000e+01 0.000000000000000000e+00 1.600000000000000089e+00 3.204999999999999950e-03 4.760000000000000234e-04 9.999949999999999672e-01 3.974210000000000242e-01 -9.176360000000000072e-01 -8.369999999999999619e-04 9.176309999999999745e-01 3.974219999999999975e-01 -3.129999999999999970e-03
4.000000000000000000e+00 3.800000000000000000e+01 3.400000000000000000e+01 0.000000000000000000e+00 1.600000000000000089e+00 4.558459999999999734e-01 -8.666749999999999732e-01 -2.026799999999999990e-01 8.727819999999999467e-01 4.799030000000000240e-01 -8.913000000000000089e-02 1.745140000000000025e-01 -1.362659999999999982e-01 9.751800000000000468e-01
2.900000000000000000e+01 4.600000000000000000e+01 3.500000000000000000e+01 0.000000000000000000e+00 1.600000000000000089e+00 -9.660000000000000184e-03 -2.336580000000000046e-01 -9.722709999999999964e-01 3.797719999999999985e-01 -9.003200000000000092e-01 2.125940000000000052e-01 -9.250300000000000189e-01 -3.671880000000000144e-01 9.743400000000000671e-02
8.000000000000000000e+00 2.900000000000000000e+01 3.600000000000000000e+01 0.000000000000000000e+00 1.600000000000000089e+00 5.163480000000000292e-01 5.296049999999999924e-01 -6.729800000000000226e-01 7.841489999999999849e-01 2.348899999999999946e-02 6.201280000000000125e-01 3.442299999999999804e-01 -8.479189999999999783e-01 -4.031609999999999916e-01
6.000000000000000000e+00 3.000000000000000000e+01 3.600000000000000000e+01 0.000000000000000000e+00 1.600000000000000089e+00 3.556239999999999957e-01 4.401439999999999797e-01 -8.245029999999999859e-01 8.201749999999999874e-01 2.760380000000000056e-01 5.011149999999999771e-01 4.481559999999999988e-01 -8.544450000000000101e-01 -2.628300000000000081e-01
2.000000000000000000e+00 3.200000000000000000e+01 3.600000000000000000e+01 0.000000000000000000e+00 1.600000000000000089e+00 8.735500000000000209e-02 5.439659999999999496e-01 -8.345479999999999565e-01 6.708220000000000294e-01 5.872119999999999562e-01 4.529679999999999818e-01 7.364559999999999995e-01 -5.994019999999999904e-01 -3.136090000000000266e-01
1.500000000000000000e+01 5.000000000000000000e+01 3.600000000000000000e+01 0.000000000000000000e+00 1.600000000000000089e+00 -9.993999999999999412e-03 -1.760539999999999883e-01 -9.843300000000000383e-01 1.764459999999999917e-01 -9.692429999999999657e-01 1.715649999999999953e-01 -9.842600000000000238e-01 -1.719670000000000087e-01 4.075100000000000250e-02
2.300000000000000000e+01 9.500000000000000000e+01 3.600000000000000000e+01 0.000000000000000000e+00 1.600000000000000089e+00 -2.370000000000000145e-03 -4.599600000000000216e-02 9.989390000000000214e-01 9.984380000000000477e-01 5.564600000000000102e-02 4.931999999999999752e-03 -5.581300000000000150e-02 9.973910000000000275e-01 4.579199999999999937e-02
1.800000000000000000e+01 3.100000000000000000e+01 3.700000000000000000e+01 0.000000000000000000e+00 1.600000000000000089e+00 1.764259999999999995e-01 -9.746540000000000203e-01 -1.375599999999999878e-01 6.615560000000000329e-01 2.208930000000000060e-01 -7.166240000000000387e-01 7.288459999999999939e-01 3.542800000000000116e-02 6.837600000000000344e-01
3.000000000000000000e+00 5.000000000000000000e+01 3.700000000000000000e+01 0.000000000000000000e+00 1.600000000000000089e+00 -6.294399999999999995e-02 -1.444630000000000081e-01 -9.875059999999999949e-01 2.256360000000000032e-01 -9.659090000000000176e-01 1.269210000000000060e-01 -9.721760000000000401e-01 -2.148279999999999912e-01 9.339400000000000479e-02
2.400000000000000000e+01 9.500000000000000000e+01 3.700000000000000000e+01 0.000000000000000000e+00 1.600000000000000089e+00 6.160000000000000111e-04 -2.527599999999999986e-02 9.996800000000000130e-01 9.972729999999999650e-01 7.378899999999999348e-02 1.250999999999999942e-03 -7.379700000000000149e-02 9.969540000000000068e-01 2.525300000000000114e-02
2.000000000000000000e+00 5.000000000000000000e+01 3.800000000000000000e+01 0.000000000000000000e+00 1.600000000000000089e+00 1.469900000000000026e-02 -1.646690000000000098e-01 9.862389999999999768e-01 -4.472470000000000057e-01 -8.832569999999999588e-01 -1.408089999999999897e-01 8.942900000000000293e-01 -4.390229999999999966e-01 -8.663099999999999967e-02
1.200000000000000000e+01 5.000000000000000000e+01 3.800000000000000000e+01 0.000000000000000000e+00 1.600000000000000089e+00 -1.906000000000000055e-02 -3.334849999999999759e-01 9.425630000000000397e-01 -3.292450000000000099e-01 -8.880580000000000140e-01 -3.208590000000000053e-01 9.440520000000000023e-01 -3.164500000000000091e-01 -9.287099999999999522e-02
8.000000000000000000e+00 2.000000000000000000e+01 3.900000000000000000e+01 0.000000000000000000e+00 1.600000000000000089e+00 9.091999999999999388e-03 -1.461800000000000078e-02 9.998519999999999630e-01 -4.799269999999999925e-01 8.771400000000000308e-01 1.718799999999999842e-02 -8.772609999999999575e-01 -4.800119999999999942e-01 9.590000000000000000e-04
1.700000000000000000e+01 2.800000000000000000e+01 4.000000000000000000e+01 0.000000000000000000e+00 1.600000000000000089e+00 -4.974800000000000055e-02 -8.643279999999999852e-01 -5.004619999999999624e-01 7.548270000000000257e-01 2.955940000000000234e-01 -5.855430000000000357e-01 6.540350000000000330e-01 -4.068919999999999759e-01 6.377119999999999456e-01
2.900000000000000000e+01 3.400000000000000000e+01 4.000000000000000000e+01 0.000000000000000000e+00 1.600000000000000089e+00 -5.150000000000000064e-03 9.829499999999999904e-01 1.838029999999999942e-01 6.800610000000000266e-01 -1.313139999999999863e-01 7.213000000000000522e-01 7.331379999999999564e-01 1.287119999999999931e-01 -6.677889999999999660e-01
3.000000000000000000e+00 3.700000000000000000e+01 4.000000000000000000e+01 0.000000000000000000e+00 1.600000000000000089e+00 -5.492559999999999665e-01 -5.164480000000000182e-01 -6.569620000000000459e-01 -8.275000000000000133e-01 2.265820000000000056e-01 5.137159999999999505e-01 -1.164520000000000000e-01 8.257980000000000320e-01 -5.518129999999999979e-01
2.000000000000000000e+00 3.800000000000000000e+01 4.000000000000000000e+01 0.000000000000000000e+00 1.600000000000000089e+00 -5.578309999999999658e-01 -5.751789999999999958e-01 -5.983260000000000245e-01 -8.223489999999999966e-01 2.856750000000000123e-01 4.920689999999999786e-01 -1.121010000000000062e-01 7.665239999999999831e-01 -6.323560000000000292e-01
1.500000000000000000e+01 2.400000000000000000e+01 4.100000000000000000e+01 0.000000000000000000e+00 1.600000000000000089e+00 -2.597000000000000003e-02 -5.360970000000000457e-01 8.437569999999999792e-01 -6.972599999999999909e-01 6.145450000000000079e-01 3.690019999999999967e-01 -7.163469999999999560e-01 -5.787349999999999994e-01 -3.897590000000000221e-01
1.700000000000000000e+01 2.700000000000000000e+01 4.100000000000000000e+01 0.000000000000000000e+00 1.600000000000000089e+00 -4.505800000000000083e-02 -6.286260000000000181e-01 -7.764010000000000078e-01 7.892940000000000511e-01 4.540020000000000167e-01 -4.133970000000000145e-01 6.123600000000000154e-01 -6.314359999999999973e-01 4.757149999999999990e-01
1.200000000000000000e+01 4.700000000000000000e+01 4.100000000000000000e+01 0.000000000000000000e+00 1.600000000000000089e+00 -1.392819999999999891e-01 6.513139999999999485e-01 -7.459160000000000235e-01 -5.861499999999999488e-01 5.528980000000000006e-01 5.922260000000000302e-01 7.981399999999999606e-01 5.197049999999999725e-01 3.047590000000000021e-01
1.600000000000000000e+01 2.600000000000000000e+01 4.200000000000000000e+01 0.000000000000000000e+00 1.600000000000000089e+00 -6.747300000000000519e-02 -4.118640000000000079e-01 -9.087439999999999962e-01 8.455209999999999670e-01 4.599239999999999995e-01 -2.712269999999999959e-01 5.296610000000000484e-01 -7.866630000000000011e-01 3.172070000000000167e-01
2.300000000000000000e+01 5.000000000000000000e+01 4.200000000000000000e+01 0.000000000000000000e+00 1.600000000000000089e+00 -3.984050000000000091e-01 8.527780000000000360e-01 -3.377029999999999754e-01 -5.363560000000000549e-01 8.206299999999999706e-02 8.399929999999999897e-01 7.440400000000000347e-01 5.157869999999999955e-01 4.246980000000000199e-01
6.000000000000000000e+00 2.500000000000000000e+01 4.300000000000000000e+01 0.000000000000000000e+00 1.600000000000000089e+00 1.118090000000000056e-01 1.789090000000000125e-01 -9.774920000000000275e-01 8.164489999999999803e-01 5.442090000000000538e-01 1.929939999999999989e-01 5.664890000000000203e-01 -8.196510000000000185e-01 -8.522299999999999320e-02
1.500000000000000000e+01 2.500000000000000000e+01 4.300000000000000000e+01 0.000000000000000000e+00 1.600000000000000089e+00 -8.930899999999999950e-02 -2.938370000000000148e-01 -9.516740000000000199e-01 8.844750000000000112e-01 4.159349999999999992e-01 -2.114260000000000028e-01 4.579599999999999782e-01 -8.606150000000000189e-01 2.227449999999999986e-01
5.000000000000000000e+00 5.100000000000000000e+01 4.300000000000000000e+01 0.000000000000000000e+00 1.600000000000000089e+00 -1.254859999999999864e-01 4.339080000000000159e-01 -8.921750000000000513e-01 -6.221970000000000001e-01 6.660270000000000357e-01 4.114349999999999952e-01 7.727380000000000360e-01 6.067379999999999995e-01 1.864000000000000101e-01
2.300000000000000000e+01 5.100000000000000000e+01 4.300000000000000000e+01 0.000000000000000000e+00 1.600000000000000089e+00 -2.998080000000000189e-01 8.435970000000000413e-01 -4.454879999999999951e-01 -5.033659999999999801e-01 2.567920000000000202e-01 8.250340000000000451e-01 8.103939999999999477e-01 4.715949999999999864e-01 3.476500000000000146e-01
4.000000000000000000e+00 5.200000000000000000e+01 4.300000000000000000e+01 0.000000000000000000e+00 1.600000000000000089e+00 -8.133899999999999464e-02 4.209820000000000229e-01 -9.034149999999999681e-01 -5.182719999999999549e-01 7.563689999999999580e-01 3.991230000000000055e-01 8.513389999999999569e-01 5.006789999999999852e-01 1.566609999999999947e-01
1.800000000000000000e+01 2.900000000000000000e+01 4.400000000000000000e+01 0.000000000000000000e+00 1.600000000000000089e+00 -4.750900000000000262e-02 -1.842000000000000104e-03 -9.988690000000000069e-01 7.656519999999999992e-01 6.421559999999999491e-01 -3.760000000000000148e-02 6.414990000000000414e-01 -7.665720000000000312e-01 -2.909799999999999887e-02
3.000000000000000000e+00 6.500000000000000000e+01 4.600000000000000000e+01 0.000000000000000000e+00 1.600000000000000089e+00 -5.343999999999999792e-03 4.062999999999999771e-03 9.999770000000000048e-01 6.794489999999999696e-01 -7.336930000000000396e-01 6.611999999999999822e-03 7.337029999999999941e-01 6.794689999999999896e-01 1.160000000000000007e-03
1.800000000000000000e+01 6.500000000000000000e+01 4.600000000000000000e+01 0.000000000000000000e+00 1.600000000000000089e+00 6.960000000000000041e-04 3.116999999999999979e-03 9.999949999999999672e-01 6.789129999999999887e-01 -7.342170000000000085e-01 1.815999999999999906e-03 7.342189999999999550e-01 6.789079999999999560e-01 -2.626999999999999995e-03
3.000000000000000000e+00 2.900000000000000000e+01 4.800000000000000000e+01 0.000000000000000000e+00 1.600000000000000089e+00 1.089799999999999970e-02 3.559649999999999759e-01 9.344360000000000444e-01 4.088740000000000152e-01 8.512110000000000509e-01 -3.290310000000000179e-01 -9.125259999999999483e-01 3.856519999999999948e-01 -1.362680000000000002e-01
2.100000000000000000e+01 2.900000000000000000e+01 4.800000000000000000e+01 0.000000000000000000e+00 1.600000000000000089e+00 1.222700000000000002e-02 5.530700000000000199e-02 9.983950000000000324e-01 3.553560000000000052e-01 9.330500000000000460e-01 -5.603899999999999854e-02 -9.346510000000000096e-01 3.554709999999999814e-01 -8.245000000000000592e-03
2.600000000000000000e+01 2.900000000000000000e+01 4.800000000000000000e+01 0.000000000000000000e+00 1.600000000000000089e+00 3.531999999999999983e-03 -6.917999999999999670e-03 9.999700000000000255e-01 3.741220000000000101e-01 9.273660000000000236e-01 5.093999999999999570e-03 -9.273730000000000029e-01 3.740930000000000089e-01 5.863000000000000156e-03
2.000000000000000000e+00 3.000000000000000000e+01 4.800000000000000000e+01 0.000000000000000000e+00 1.600000000000000089e+00 3.719100000000000183e-02 4.337429999999999897e-01 9.002689999999999859e-01 4.395970000000000155e-01 8.019420000000000437e-01 -4.045300000000000007e-01 -8.974250000000000282e-01 4.107999999999999985e-01 -1.608469999999999900e-01
1.800000000000000000e+01 4.800000000000000000e+01 4.900000000000000000e+01 0.000000000000000000e+00 1.600000000000000089e+00 6.906189999999999829e-01 -4.656040000000000179e-01 5.534059999999999535e-01 2.069269999999999998e-01 8.604220000000000201e-01 4.656770000000000076e-01 -6.929840000000000444e-01 -2.070909999999999973e-01 6.905689999999999884e-01
7.000000000000000000e+00 6.000000000000000000e+00 5.100000000000000000e+01 0.000000000000000000e+00 1.600000000000000089e+00 -8.899999999999999491e-04 -5.210000000000000221e-03 -9.999860000000000415e-01 2.974069999999999769e-01 -9.547390000000000043e-01 4.709999999999999777e-03 -9.547499999999999876e-01 -2.973990000000000244e-01 2.399000000000000091e-03
5.000000000000000000e+00 1.150000000000000000e+02 5.100000000000000000e+01 0.000000000000000000e+00 1.600000000000000089e+00 -6.838999999999999593e-03 -1.110000000000000049e-02 9.999149999999999983e-01 8.442229999999999457e-01 -5.359920000000000240e-01 -1.759999999999999954e-04 5.359490000000000087e-01 8.441499999999999559e-01 1.303699999999999998e-02
1.100000000000000000e+01 1.150000000000000000e+02 5.100000000000000000e+01 0.000000000000000000e+00 1.600000000000000089e+00 -6.267000000000000001e-03 1.118800000000000003e-02 9.999179999999999735e-01 8.537679999999999714e-01 -5.205340000000000522e-01 1.117499999999999917e-02 5.206169999999999964e-01 8.537670000000000536e-01 -6.289999999999999584e-03
1.700000000000000000e+01 1.150000000000000000e+02 5.100000000000000000e+01 0.000000000000000000e+00 1.600000000000000089e+00 -2.750999999999999973e-03 1.765900000000000108e-02 9.998399999999999510e-01 8.579090000000000327e-01 -5.136749999999999927e-01 1.143300000000000045e-02 5.137950000000000017e-01 8.578029999999999822e-01 -1.373699999999999921e-02
