8.000000000000000000e+00 1.600000000000000000e+01 4.000000000000000000e+00 0.000000000000000000e+00 1.600000000000000089e+00 -2.387999999999999932e-03 1.157000000000000042e-02 9.999299999999999855e-01 3.228559999999999763e-01 -9.463749999999999662e-01 1.172199999999999978e-02 9.464449999999999807e-01 3.228619999999999823e-01 -1.476000000000000098e-03
1.500000000000000000e+01 1.600000000000000000e+01 4.000000000000000000e+00 0.000000000000000000e+00 1.600000000000000089e+00 -1.030000000000000100e-03 1.474699999999999969e-02 9.998909999999999743e-01 3.159750000000000059e-01 -9.486599999999999477e-01 1.431699999999999987e-02 9.487670000000000270e-01 3.159549999999999859e-01 -3.681999999999999943e-03
2.100000000000000000e+01 1.600000000000000000e+01 4.000000000000000000e+00 0.000000000000000000e+00 1.600000000000000089e+00 -1.890000000000000133e-04 1.137999999999999906e-03 9.999989999999999712e-01 3.192579999999999862e-01 -9.476670000000000371e-01 1.139000000000000038e-03 9.476679999999999549e-01 3.192579999999999862e-01 -1.840000000000000001e-04
2.500000000000000000e+01 1.600000000000000000e+01 4.000000000000000000e+00 0.000000000000000000e+00 1.600000000000000089e+00 5.829999999999999679e-04 -1.295100000000000071e-02 9.999160000000000270e-01 3.186599999999999988e-01 -9.477870000000000461e-01 -1.246200000000000085e-02 9.478689999999999616e-01 3.186410000000000076e-01 3.573999999999999920e-03
3.000000000000000000e+01 1.600000000000000000e+01 4.000000000000000000e+00 0.000000000000000000e+00 1.600000000000000089e+00 -1.765999999999999992e-03 -2.066099999999999881e-02 9.997850000000000348e-01 3.158299999999999996e-01 -9.486250000000000515e-01 -1.904499999999999943e-02 9.488140000000000462e-01 3.157289999999999819e-01 8.200999999999999956e-03
1.200000000000000000e+01 1.010000000000000000e+02 7.000000000000000000e+00 0.000000000000000000e+00 1.600000000000000089e+00 2.079999999999999872e-04 1.655999999999999920e-03 9.999989999999999712e-01 8.899420000000000108e-01 4.560730000000000062e-01 -9.399999999999999719e-04 -4.560739999999999794e-01 8.899409999999999821e-01 -1.379000000000000017e-03
1.800000000000000000e+01 1.010000000000000000e+02 7.000000000000000000e+00 0.000000000000000000e+00 1.600000000000000089e+00 -9.200000000000000007e-05 -2.229999999999999994e-04 1.000000000000000000e+00 8.900249999999999551e-01 4.559110000000000107e-01 1.840000000000000001e-04 -4.559110000000000107e-01 8.900249999999999551e-01 1.559999999999999972e-04
2.800000000000000000e+01 1.010000000000000000e+02 7.000000000000000000e+00 0.000000000000000000e+00 1.600000000000000089e+00 3.553999999999999868e-03 2.142900000000000013e-02 9.997639999999999860e-01 8.894250000000000211e-01 4.568980000000000263e-01 -1.295499999999999950e-02 -4.570679999999999743e-01 8.892609999999999681e-01 -1.743600000000000011e-02
2.000000000000000000e+00 1.500000000000000000e+01 8.000000000000000000e+00 0.000000000000000000e+00 1.600000000000000089e+00 8.229000000000000203e-03 2.174900000000000097e-02 -9.997300000000000075e-01 -5.696769999999999889e-01 -8.215590000000000392e-01 -2.256199999999999872e-02 -8.218280000000000030e-01 5.697079999999999922e-01 5.629000000000000323e-03
6.000000000000000000e+00 1.500000000000000000e+01 8.000000000000000000e+00 0.000000000000000000e+00 1.600000000000000089e+00 6.224999999999999631e-03 1.668100000000000138e-02 -9.998409999999999798e-01 -5.676430000000000087e-01 -8.230939999999999923e-01 -1.726700000000000110e-02 -8.232509999999999550e-01 5.676609999999999712e-01 4.344999999999999904e-03
1.000000000000000000e+00 2.600000000000000000e+01 8.000000000000000000e+00 0.000000000000000000e+00 1.600000000000000089e+00 -5.629000000000000323e-03 -3.425999999999999792e-03 -9.999780000000000335e-01 4.228879999999999861e-01 9.061660000000000270e-01 -5.485000000000000292e-03 9.061649999999999983e-01 -4.229089999999999794e-01 -3.651999999999999864e-03
4.000000000000000000e+00 2.600000000000000000e+01 8.000000000000000000e+00 0.000000000000000000e+00 1.600000000000000089e+00 -5.735999999999999779e-03 -9.338000000000000814e-03 -9.999400000000000510e-01 4.225490000000000079e-01 9.062740000000000240e-01 -1.088700000000000084e-02 9.063219999999999610e-01 -4.225860000000000172e-01 -1.252999999999999991e-03
8.000000000000000000e+00 2.600000000000000000e+01 8.000000000000000000e+00 0.000000000000000000e+00 1.600000000000000089e+00 -4.915000000000000098e-03 -1.079899999999999957e-02 -9.999299999999999855e-01 4.235510000000000108e-01 9.057950000000000168e-01 -1.186399999999999955e-02 9.058589999999999698e-01 -4.235800000000000121e-01 1.219999999999999974e-04
1.300000000000000000e+01 2.600000000000000000e+01 8.000000000000000000e+00 0.000000000000000000e+00 1.600000000000000089e+00 -4.899999999999999842e-04 -6.603000000000000362e-03 -9.999780000000000335e-01 4.234669999999999823e-01 9.058910000000000018e-01 -6.189000000000000057e-03 9.059120000000000505e-01 -4.234600000000000031e-01 2.351999999999999924e-03
2.000000000000000000e+01 2.600000000000000000e+01 8.000000000000000000e+00 0.000000000000000000e+00 1.600000000000000089e+00 -2.066000000000000128e-03 6.689999999999999766e-03 -9.999749999999999472e-01 4.232920000000000016e-01 9.059789999999999788e-01 5.186999999999999771e-03 9.059909999999999908e-01 -4.232710000000000083e-01 -4.703999999999999848e-03
2.500000000000000000e+01 2.600000000000000000e+01 8.000000000000000000e+00 0.000000000000000000e+00 1.600000000000000089e+00 -2.124000000000000020e-03 1.489500000000000025e-02 -9.998869999999999703e-01 4.250419999999999754e-01 9.050859999999999461e-01 1.257899999999999990e-02 9.051709999999999479e-01 -4.249669999999999837e-01 -8.252999999999999919e-03
3.000000000000000000e+01 2.600000000000000000e+01 8.000000000000000000e+00 0.000000000000000000e+00 1.600000000000000089e+00 5.309999999999999616e-03 -1.317399999999999995e-02 -9.998989999999999823e-01 4.272329999999999739e-01 9.040899999999999492e-01 -9.643000000000000529e-03 9.041259999999999852e-01 -4.271389999999999909e-01 1.042900000000000077e-02
6.000000000000000000e+00 1.400000000000000000e+01 9.000000000000000000e+00 0.000000000000000000e+00 1.600000000000000089e+00 6.357999999999999936e-03 1.887399999999999842e-02 -9.998019999999999685e-01 -5.612620000000000386e-01 -8.274160000000000403e-01 -1.918900000000000119e-02 -8.276139999999999608e-01 5.612730000000000219e-01 5.331999999999999934e-03
1.200000000000000000e+01 1.400000000000000000e+01 9.000000000000000000e+00 0.000000000000000000e+00 1.600000000000000089e+00 4.662999999999999610e-03 1.200400000000000078e-02 -9.999169999999999447e-01 -5.595280000000000253e-01 -8.287170000000000369e-01 -1.255799999999999972e-02 -8.287989999999999524e-01 5.595400000000000373e-01 2.851999999999999934e-03
1.700000000000000000e+01 1.400000000000000000e+01 9.000000000000000000e+00 0.000000000000000000e+00 1.600000000000000089e+00 1.309000000000000051e-03 8.621000000000000191e-03 -9.999620000000000175e-01 -5.574719999999999676e-01 -8.301579999999999515e-01 -7.886999999999999914e-03 -8.301950000000000163e-01 5.574609999999999843e-01 3.719000000000000083e-03
2.000000000000000000e+01 1.400000000000000000e+01 9.000000000000000000e+00 0.000000000000000000e+00 1.600000000000000089e+00 8.459999999999999638e-04 -3.780000000000000265e-04 -1.000000000000000000e+00 -5.568440000000000056e-01 -8.306170000000000497e-01 -1.569999999999999944e-04 -8.306170000000000497e-01 5.568429999999999769e-01 -9.129999999999999661e-04
2.300000000000000000e+01 1.400000000000000000e+01 9.000000000000000000e+00 0.000000000000000000e+00 1.600000000000000089e+00 -9.799999999999999684e-05 -2.054999999999999969e-03 -9.999980000000000535e-01 -5.564179999999999682e-01 -8.308999999999999719e-01 1.761999999999999894e-03 -8.309020000000000294e-01 5.564170000000000504e-01 -1.062000000000000010e-03
2.900000000000000000e+01 1.400000000000000000e+01 9.000000000000000000e+00 0.000000000000000000e+00 1.600000000000000089e+00 -3.474000000000000091e-03 -1.240600000000000036e-02 -9.999169999999999447e-01 -5.582930000000000392e-01 -8.295540000000000136e-01 1.223300000000000082e-02 -8.296369999999999578e-01 5.582890000000000352e-01 -4.043999999999999852e-03
2.200000000000000000e+01 1.020000000000000000e+02 9.000000000000000000e+00 0.000000000000000000e+00 1.600000000000000089e+00 8.299999999999999815e-05 2.105000000000000100e-03 9.999980000000000535e-01 9.253379999999999939e-01 3.791419999999999790e-01 -8.750000000000000182e-04 -3.791430000000000078e-01 9.253360000000000474e-01 -1.917000000000000084e-03
2.400000000000000000e+01 1.040000000000000000e+02 1.100000000000000000e+01 0.000000000000000000e+00 1.600000000000000089e+00 -2.245000000000000034e-03 -4.279999999999999950e-04 9.999970000000000248e-01 -9.733169999999999877e-01 -2.294519999999999893e-01 -2.284000000000000006e-03 2.294519999999999893e-01 -9.733199999999999630e-01 9.799999999999999684e-05
8.000000000000000000e+00 3.500000000000000000e+01 1.200000000000000000e+01 0.000000000000000000e+00 1.600000000000000089e+00 2.945000000000000135e-03 8.140000000000000534e-04 -9.999949999999999672e-01 4.671319999999999917e-01 -8.841869999999999452e-01 6.560000000000000076e-04 -8.841830000000000522e-01 -4.671319999999999917e-01 -2.984000000000000107e-03
1.600000000000000000e+01 3.200000000000000000e+01 1.400000000000000000e+01 0.000000000000000000e+00 1.600000000000000089e+00 2.262000000000000122e-03 -4.139999999999999800e-04 -9.999970000000000248e-01 1.100890000000000063e-01 9.939219999999999722e-01 -1.630000000000000047e-04 9.939189999999999969e-01 -1.100880000000000053e-01 2.294000000000000032e-03
2.400000000000000000e+01 3.200000000000000000e+01 1.400000000000000000e+01 0.000000000000000000e+00 1.600000000000000089e+00 -1.789599999999999871e-02 4.928300000000000042e-02 -9.986239999999999561e-01 9.171600000000000585e-02 9.946540000000000381e-01 4.744299999999999906e-02 9.956239999999999535e-01 -9.074100000000000221e-02 -2.231999999999999956e-02
2.800000000000000000e+01 3.200000000000000000e+01 1.400000000000000000e+01 0.000000000000000000e+00 1.600000000000000089e+00 2.124500000000000000e-02 -4.544399999999999828e-02 -9.987409999999999899e-01 8.960100000000000009e-02 9.950329999999999453e-01 -4.336899999999999783e-02 9.957510000000000527e-01 -8.856700000000000683e-02 2.521100000000000077e-02
1.700000000000000000e+01 1.200000000000000000e+01 1.500000000000000000e+01 0.000000000000000000e+00 1.600000000000000089e+00 2.567999999999999970e-03 5.460000000000000443e-04 -9.999970000000000248e-01 -4.650349999999999762e-01 -8.852910000000000501e-01 -1.678000000000000021e-03 -8.852879999999999638e-01 4.650380000000000069e-01 -2.018999999999999961e-03
1.100000000000000000e+01 1.160000000000000000e+02 1.600000000000000000e+01 0.000000000000000000e+00 1.600000000000000089e+00 -2.037999999999999881e-03 -3.755000000000000091e-03 9.999909999999999632e-01 6.795639999999999459e-01 7.336049999999999516e-01 4.139999999999999583e-03 -7.336139999999999883e-01 6.795660000000000034e-01 1.056999999999999997e-03
4.000000000000000000e+00 2.000000000000000000e+00 1.900000000000000000e+01 0.000000000000000000e+00 1.600000000000000089e+00 3.181999999999999933e-03 1.335999999999999948e-03 -9.999940000000000495e-01 1.378379999999999883e-01 -9.904539999999999456e-01 -8.850000000000000444e-04 -9.904500000000000526e-01 -1.378350000000000131e-01 -3.335999999999999990e-03
1.500000000000000000e+01 2.000000000000000000e+00 1.900000000000000000e+01 0.000000000000000000e+00 1.600000000000000089e+00 3.322999999999999999e-03 -5.434999999999999727e-03 -9.999799999999999800e-01 1.290620000000000100e-01 -9.916190000000000282e-01 5.818000000000000255e-03 -9.916310000000000402e-01 -1.290789999999999993e-01 -2.592999999999999819e-03
1.900000000000000000e+01 2.000000000000000000e+00 1.900000000000000000e+01 0.000000000000000000e+00 1.600000000000000089e+00 -4.229999999999999819e-04 -1.660000000000000017e-03 -9.999980000000000535e-01 1.258680000000000077e-01 -9.920459999999999834e-01 1.593999999999999931e-03 -9.920470000000000121e-01 -1.258680000000000077e-01 6.290000000000000018e-04
2.500000000000000000e+01 2.000000000000000000e+00 1.900000000000000000e+01 0.000000000000000000e+00 1.600000000000000089e+00 -1.304000000000000038e-03 4.248000000000000040e-03 -9.999900000000000455e-01 1.323630000000000084e-01 -9.911919999999999620e-01 -4.382999999999999743e-03 -9.912009999999999987e-01 -1.323670000000000124e-01 7.299999999999999632e-04
2.800000000000000000e+01 2.000000000000000000e+00 1.900000000000000000e+01 0.000000000000000000e+00 1.600000000000000089e+00 -6.400000000000000524e-04 7.820999999999999827e-03 -9.999689999999999968e-01 1.328080000000000094e-01 -9.911109999999999642e-01 -7.837000000000000216e-03 -9.911410000000000498e-01 -1.328090000000000104e-01 -4.040000000000000080e-04
3.000000000000000000e+00 1.300000000000000000e+01 2.000000000000000000e+01 0.000000000000000000e+00 1.600000000000000089e+00 2.245000000000000034e-03 4.470000000000000015e-03 9.999869999999999592e-01 2.509899999999999909e-01 9.679769999999999763e-01 -4.890000000000000249e-03 -9.679870000000000418e-01 2.509979999999999989e-01 1.051000000000000068e-03
8.000000000000000000e+00 1.300000000000000000e+01 2.000000000000000000e+01 0.000000000000000000e+00 1.600000000000000089e+00 2.327000000000000075e-03 4.754999999999999678e-03 9.999860000000000415e-01 2.493750000000000133e-01 9.683929999999999483e-01 -5.185000000000000372e-03 -9.684040000000000425e-01 2.493829999999999936e-01 1.067000000000000023e-03
1.600000000000000000e+01 1.300000000000000000e+01 2.000000000000000000e+01 0.000000000000000000e+00 1.600000000000000089e+00 7.299999999999999903e-05 -5.681000000000000286e-03 9.999839999999999840e-01 2.480900000000000050e-01 9.687219999999999720e-01 5.485000000000000292e-03 -9.687369999999999592e-01 2.480850000000000000e-01 1.480999999999999895e-03
2.200000000000000000e+01 1.300000000000000000e+01 2.000000000000000000e+01 0.000000000000000000e+00 1.600000000000000089e+00 -4.699999999999999859e-04 7.140000000000000079e-04 1.000000000000000000e+00 2.488940000000000041e-01 9.685310000000000308e-01 -5.749999999999999903e-04 -9.685310000000000308e-01 2.488940000000000041e-01 -6.329999999999999906e-04
4.000000000000000000e+00 1.600000000000000000e+01 2.100000000000000000e+01 0.000000000000000000e+00 1.600000000000000089e+00 2.527000000000000166e-03 1.073799999999999928e-02 9.999390000000000223e-01 3.021989999999999954e-01 9.531809999999999450e-01 -1.099999999999999936e-02 -9.532420000000000337e-01 3.022079999999999766e-01 -8.369999999999999619e-04
7.000000000000000000e+00 4.600000000000000000e+01 2.700000000000000000e+01 0.000000000000000000e+00 1.600000000000000089e+00 -2.770000000000000110e-04 5.860000000000000408e-04 -1.000000000000000000e+00 6.627140000000000253e-01 7.488730000000000109e-01 2.550000000000000183e-04 7.488730000000000109e-01 -6.627129999999999965e-01 -5.959999999999999586e-04
1.500000000000000000e+01 4.600000000000000000e+01 2.700000000000000000e+01 0.000000000000000000e+00 1.600000000000000089e+00 7.479999999999999670e-04 1.645999999999999894e-03 -9.999980000000000535e-01 6.698159999999999670e-01 7.425249999999999906e-01 1.722999999999999922e-03 7.425270000000000481e-01 -6.698159999999999670e-01 -5.479999999999999845e-04
2.000000000000000000e+01 4.600000000000000000e+01 2.700000000000000000e+01 0.000000000000000000e+00 1.600000000000000089e+00 -2.959999999999999958e-03 -3.400000000000000244e-04 -9.999959999999999960e-01 6.703200000000000269e-01 7.420689999999999786e-01 -2.236999999999999839e-03 7.420660000000000034e-01 -6.703240000000000309e-01 -1.968999999999999830e-03
1.800000000000000000e+01 4.600000000000000000e+01 3.000000000000000000e+01 0.000000000000000000e+00 1.600000000000000089e+00 -1.132999999999999893e-03 -8.000000000000000383e-04 -9.999989999999999712e-01 3.303519999999999790e-01 9.438569999999999460e-01 -1.129000000000000012e-03 9.438569999999999460e-01 -3.303530000000000078e-01 -8.050000000000000515e-04
2.600000000000000000e+01 4.600000000000000000e+01 3.000000000000000000e+01 0.000000000000000000e+00 1.600000000000000089e+00 1.843999999999999936e-03 1.626000000000000058e-03 -9.999970000000000248e-01 3.265629999999999922e-01 9.451730000000000409e-01 2.138999999999999842e-03 9.451739999999999586e-01 -3.265660000000000229e-01 1.211999999999999970e-03
1.000000000000000000e+00 5.800000000000000000e+01 3.100000000000000000e+01 0.000000000000000000e+00 1.600000000000000089e+00 1.497000000000000067e-03 1.052100000000000084e-02 9.999430000000000263e-01 -7.561660000000000048e-01 -6.543309999999999960e-01 8.016000000000000555e-03 6.543780000000000152e-01 -7.561350000000000016e-01 6.976000000000000430e-03
7.000000000000000000e+00 5.800000000000000000e+01 3.100000000000000000e+01 0.000000000000000000e+00 1.600000000000000089e+00 -4.913999999999999965e-03 -3.730999999999999941e-03 9.999810000000000088e-01 -7.622139999999999471e-01 -6.472959999999999825e-01 -6.160999999999999810e-03 6.473069999999999657e-01 -7.622299999999999631e-01 3.370000000000000057e-04
1.000000000000000000e+01 5.800000000000000000e+01 3.100000000000000000e+01 0.000000000000000000e+00 1.600000000000000089e+00 -2.906999999999999862e-03 -9.550000000000000112e-04 9.999949999999999672e-01 -7.645690000000000541e-01 -6.445359999999999978e-01 -2.837999999999999811e-03 6.445349999999999691e-01 -7.645739999999999759e-01 1.144000000000000052e-03
1.800000000000000000e+01 5.800000000000000000e+01 3.100000000000000000e+01 0.000000000000000000e+00 1.600000000000000089e+00 2.905000000000000030e-03 -1.088999999999999907e-03 9.999949999999999672e-01 -7.603239999999999998e-01 -6.495429999999999815e-01 1.502000000000000080e-03 6.495379999999999487e-01 -7.603239999999999998e-01 -2.714999999999999965e-03
2.200000000000000000e+01 5.800000000000000000e+01 3.100000000000000000e+01 0.000000000000000000e+00 1.600000000000000089e+00 1.918000000000000000e-03 -1.879999999999999890e-04 9.999980000000000535e-01 -7.607019999999999893e-01 -6.491000000000000103e-01 1.337000000000000081e-03 6.490989999999999815e-01 -7.607030000000000181e-01 -1.387999999999999911e-03
1.000000000000000000e+01 6.000000000000000000e+00 3.200000000000000000e+01 0.000000000000000000e+00 1.600000000000000089e+00 -1.776000000000000018e-03 6.030000000000000204e-04 -9.999980000000000535e-01 2.200910000000000089e-01 9.754789999999999850e-01 1.969999999999999909e-04 9.754779999999999562e-01 -2.200900000000000079e-01 -1.866000000000000037e-03
1.800000000000000000e+01 6.000000000000000000e+00 3.200000000000000000e+01 0.000000000000000000e+00 1.600000000000000089e+00 2.066000000000000128e-03 -2.442999999999999859e-03 -9.999949999999999672e-01 2.435029999999999972e-01 9.698980000000000379e-01 -1.866000000000000037e-03 9.698980000000000379e-01 -2.434969999999999912e-01 2.599000000000000182e-03
2.100000000000000000e+01 6.000000000000000000e+00 3.200000000000000000e+01 0.000000000000000000e+00 1.600000000000000089e+00 8.589999999999999546e-04 -1.309000000000000051e-03 -9.999989999999999712e-01 2.445749999999999869e-01 9.696299999999999919e-01 -1.059000000000000045e-03 9.696299999999999919e-01 -2.445740000000000136e-01 1.152999999999999945e-03
3.000000000000000000e+01 6.000000000000000000e+00 3.200000000000000000e+01 0.000000000000000000e+00 1.600000000000000089e+00 -2.730000000000000222e-04 -6.033000000000000168e-03 -9.999820000000000375e-01 2.272550000000000125e-01 9.738170000000000437e-01 -5.936999999999999569e-03 9.738350000000000062e-01 -2.272530000000000105e-01 1.105999999999999995e-03
2.200000000000000000e+01 2.200000000000000000e+01 3.400000000000000000e+01 0.000000000000000000e+00 1.600000000000000089e+00 6.859999999999999779e-04 -1.745999999999999939e-03 9.999980000000000535e-01 3.787800000000000056e-01 -9.254850000000000021e-01 -1.876000000000000063e-03 9.254869999999999486e-01 3.787809999999999788e-01 2.599999999999999840e-05
4.000000000000000000e+00 4.600000000000000000e+01 3.500000000000000000e+01 0.000000000000000000e+00 1.600000000000000089e+00 2.492999999999999990e-03 -2.344000000000000163e-03 -9.999940000000000495e-01 3.857320000000000193e-01 -9.226060000000000372e-01 3.124000000000000041e-03 -9.226069999999999549e-01 -3.857380000000000253e-01 -1.396000000000000105e-03
9.000000000000000000e+00 4.600000000000000000e+01 3.500000000000000000e+01 0.000000000000000000e+00 1.600000000000000089e+00 6.300000000000000261e-04 -3.977999999999999765e-03 -9.999919999999999920e-01 3.853820000000000023e-01 -9.227490000000000414e-01 3.913999999999999944e-03 -9.227570000000000494e-01 -3.853809999999999736e-01 9.510000000000000224e-04
1.300000000000000000e+01 4.600000000000000000e+01 3.500000000000000000e+01 0.000000000000000000e+00 1.600000000000000089e+00 -4.850000000000000253e-04 1.038000000000000077e-03 -9.999989999999999712e-01 3.857220000000000093e-01 -9.226149999999999629e-01 -1.144999999999999967e-03 -9.226149999999999629e-01 -3.857220000000000093e-01 4.699999999999999724e-05
1.500000000000000000e+01 4.600000000000000000e+01 3.500000000000000000e+01 0.000000000000000000e+00 1.600000000000000089e+00 -2.269999999999999882e-04 -1.990000000000000124e-04 -1.000000000000000000e+00 3.857400000000000273e-01 -9.226069999999999549e-01 9.600000000000000243e-05 -9.226069999999999549e-01 -3.857400000000000273e-01 2.860000000000000129e-04
2.000000000000000000e+01 4.600000000000000000e+01 3.500000000000000000e+01 0.000000000000000000e+00 1.600000000000000089e+00 -1.613999999999999983e-03 4.902000000000000107e-03 -9.999869999999999592e-01 3.858050000000000090e-01 -9.225659999999999972e-01 -5.145000000000000268e-03 -9.225790000000000379e-01 -3.858079999999999843e-01 -4.020000000000000136e-04
3.000000000000000000e+01 4.600000000000000000e+01 3.500000000000000000e+01 0.000000000000000000e+00 1.600000000000000089e+00 -2.709999999999999735e-04 2.432000000000000134e-03 -9.999970000000000248e-01 3.873150000000000204e-01 -9.219439999999999857e-01 -2.347000000000000128e-03 -9.219469999999999610e-01 -3.873150000000000204e-01 -6.920000000000000153e-04
2.000000000000000000e+00 9.500000000000000000e+01 3.600000000000000000e+01 0.000000000000000000e+00 1.600000000000000089e+00 2.439000000000000196e-03 2.080900000000000111e-02 9.997800000000000020e-01 9.971689999999999721e-01 7.509100000000000497e-02 -3.995000000000000287e-03 -7.515700000000000158e-02 9.969599999999999573e-01 -2.056699999999999848e-02
8.000000000000000000e+00 9.500000000000000000e+01 3.600000000000000000e+01 0.000000000000000000e+00 1.600000000000000089e+00 2.944000000000000002e-03 -2.181699999999999959e-02 9.997580000000000355e-01 9.965089999999999781e-01 8.348200000000000065e-02 -1.113000000000000057e-03 -8.343699999999999728e-02 9.962699999999999889e-01 2.198599999999999860e-02
1.200000000000000000e+01 9.500000000000000000e+01 3.600000000000000000e+01 0.000000000000000000e+00 1.600000000000000089e+00 6.520000000000000188e-04 -1.125699999999999965e-02 9.999360000000000470e-01 9.960130000000000372e-01 8.920300000000000451e-02 3.550000000000000096e-04 -8.920100000000000251e-02 9.959500000000000020e-01 1.127000000000000050e-02
1.700000000000000000e+01 9.500000000000000000e+01 3.600000000000000000e+01 0.000000000000000000e+00 1.600000000000000089e+00 2.103999999999999967e-03 6.790000000000000029e-03 9.999749999999999472e-01 9.962060000000000359e-01 8.698000000000000176e-02 -2.687000000000000152e-03 -8.699600000000000388e-02 9.961870000000000447e-01 -6.581000000000000044e-03
2.100000000000000000e+01 9.500000000000000000e+01 3.600000000000000000e+01 0.000000000000000000e+00 1.600000000000000089e+00 -4.898999999999999709e-03 2.165999999999999957e-03 9.999860000000000415e-01 9.961769999999999792e-01 8.723300000000000498e-02 4.690999999999999857e-03 -8.722100000000000686e-02 9.961860000000000159e-01 -2.585000000000000058e-03
6.000000000000000000e+00 3.000000000000000000e+00 4.300000000000000000e+01 0.000000000000000000e+00 1.600000000000000089e+00 7.295000000000000269e-03 3.591500000000000248e-02 -9.993279999999999941e-01 7.427439999999999598e-01 -6.693170000000000508e-01 -1.863199999999999926e-02 -6.695360000000000200e-01 -7.421090000000000186e-01 -3.155800000000000272e-02
1.000000000000000000e+01 3.000000000000000000e+00 4.300000000000000000e+01 0.000000000000000000e+00 1.600000000000000089e+00 8.776000000000000814e-03 4.730999999999999789e-02 -9.988420000000000076e-01 7.405030000000000223e-01 -6.715769999999999795e-01 -2.530299999999999910e-02 -6.719960000000000377e-01 -7.394230000000000524e-01 -4.092699999999999810e-02
1.500000000000000000e+01 3.000000000000000000e+00 4.300000000000000000e+01 0.000000000000000000e+00 1.600000000000000089e+00 4.082999999999999824e-03 4.005600000000000133e-02 -9.991889999999999938e-01 7.354129999999999834e-01 -6.771890000000000409e-01 -2.414300000000000126e-02 -6.776069999999999593e-01 -7.347179999999999822e-01 -3.222200000000000064e-02
2.000000000000000000e+01 3.000000000000000000e+00 4.300000000000000000e+01 0.000000000000000000e+00 1.600000000000000089e+00 1.951000000000000043e-03 6.506999999999999763e-03 -9.999770000000000048e-01 7.372469999999999857e-01 -6.756170000000000231e-01 -2.958000000000000126e-03 -6.756210000000000271e-01 -7.372239999999999904e-01 -6.114999999999999776e-03
2.500000000000000000e+01 3.000000000000000000e+00 4.300000000000000000e+01 0.000000000000000000e+00 1.600000000000000089e+00 7.079999999999999705e-04 1.007500000000000062e-02 -9.999489999999999768e-01 7.386430000000000495e-01 -6.740669999999999717e-01 -6.269000000000000267e-03 -6.740960000000000285e-01 -7.386009999999999520e-01 -7.919000000000000691e-03
5.000000000000000000e+00 8.000000000000000000e+00 4.400000000000000000e+01 0.000000000000000000e+00 1.600000000000000089e+00 -2.739999999999999923e-04 7.039000000000000118e-03 9.999749999999999472e-01 -7.700169999999999515e-01 -6.380090000000000483e-01 4.278999999999999818e-03 6.380230000000000068e-01 -7.699970000000000425e-01 5.595000000000000147e-03
1.700000000000000000e+01 8.000000000000000000e+00 4.400000000000000000e+01 0.000000000000000000e+00 1.600000000000000089e+00 3.033999999999999805e-03 1.145299999999999964e-02 9.999299999999999855e-01 -7.717140000000000111e-01 -6.358970000000000455e-01 9.624999999999999875e-03 6.359629999999999450e-01 -7.716889999999999583e-01 6.909000000000000211e-03
2.100000000000000000e+01 8.000000000000000000e+00 4.400000000000000000e+01 0.000000000000000000e+00 1.600000000000000089e+00 1.144000000000000052e-03 5.431000000000000064e-03 9.999850000000000128e-01 -7.735670000000000046e-01 -6.337000000000000410e-01 4.325999999999999984e-03 6.337139999999999995e-01 -7.735600000000000254e-01 3.475999999999999923e-03
5.000000000000000000e+00 2.900000000000000000e+01 4.400000000000000000e+01 0.000000000000000000e+00 1.600000000000000089e+00 1.208000000000000089e-03 -2.794000000000000043e-03 -9.999949999999999672e-01 6.823559999999999626e-01 7.310189999999999744e-01 -1.217999999999999899e-03 7.310189999999999744e-01 -6.823510000000000408e-01 2.789999999999999945e-03
1.400000000000000000e+01 2.900000000000000000e+01 4.400000000000000000e+01 0.000000000000000000e+00 1.600000000000000089e+00 9.899999999999999404e-05 2.240999999999999936e-03 -9.999970000000000248e-01 6.725740000000000052e-01 7.400280000000000191e-01 1.724999999999999971e-03 7.400299999999999656e-01 -6.725729999999999764e-01 -1.433999999999999945e-03
2.100000000000000000e+01 2.900000000000000000e+01 4.400000000000000000e+01 0.000000000000000000e+00 1.600000000000000089e+00 -9.650000000000000374e-04 2.086999999999999880e-03 -9.999970000000000248e-01 6.579429999999999445e-01 7.530679999999999596e-01 9.370000000000000074e-04 7.530679999999999596e-01 -6.579399999999999693e-01 -2.099999999999999870e-03
2.400000000000000000e+01 2.900000000000000000e+01 4.400000000000000000e+01 0.000000000000000000e+00 1.600000000000000089e+00 -1.317000000000000028e-03 -1.972999999999999927e-03 -9.999970000000000248e-01 6.577060000000000128e-01 7.532710000000000239e-01 -2.353000000000000057e-03 7.532729999999999704e-01 -6.577079999999999593e-01 3.060000000000000111e-04
1.300000000000000000e+01 5.400000000000000000e+01 4.600000000000000000e+01 0.000000000000000000e+00 1.600000000000000089e+00 3.259999999999999877e-03 4.920000000000000328e-04 9.999949999999999672e-01 3.209299999999999931e-01 -9.471030000000000282e-01 -5.800000000000000034e-04 9.470969999999999667e-01 3.209299999999999931e-01 -3.245000000000000055e-03
2.000000000000000000e+01 5.400000000000000000e+01 4.600000000000000000e+01 0.000000000000000000e+00 1.600000000000000089e+00 1.051000000000000068e-03 -3.484999999999999817e-03 9.999930000000000208e-01 3.573000000000000065e-01 -9.339830000000000076e-01 -3.629999999999999980e-03 9.339889999999999581e-01 3.573009999999999797e-01 2.640000000000000202e-04
7.000000000000000000e+00 6.500000000000000000e+01 4.600000000000000000e+01 0.000000000000000000e+00 1.600000000000000089e+00 1.969999999999999963e-03 -1.330000000000000073e-04 9.999980000000000535e-01 6.807950000000000390e-01 -7.324730000000000407e-01 -1.438999999999999958e-03 7.324720000000000120e-01 6.807959999999999567e-01 -1.351999999999999903e-03
2.200000000000000000e+01 6.500000000000000000e+01 4.600000000000000000e+01 0.000000000000000000e+00 1.600000000000000089e+00 -2.549000000000000050e-03 3.714999999999999986e-03 9.999900000000000455e-01 6.818539999999999601e-01 -7.314749999999999863e-01 4.454999999999999759e-03 7.314840000000000231e-01 6.818589999999999929e-01 -6.679999999999999740e-04
2.800000000000000000e+01 6.500000000000000000e+01 4.600000000000000000e+01 0.000000000000000000e+00 1.600000000000000089e+00 2.860999999999999828e-03 -4.240000000000000062e-04 9.999959999999999960e-01 6.830420000000000380e-01 -7.303760000000000252e-01 -2.263999999999999953e-03 7.303739999999999677e-01 6.830460000000000420e-01 -1.799999999999999951e-03
1.700000000000000000e+01 5.000000000000000000e+00 5.100000000000000000e+01 0.000000000000000000e+00 1.600000000000000089e+00 3.373999999999999829e-03 1.114000000000000060e-02 -9.999320000000000430e-01 4.901780000000000026e-01 -8.715850000000000541e-01 -8.056000000000000660e-03 -8.716159999999999464e-01 -4.901170000000000249e-01 -8.401999999999999746e-03
3.000000000000000000e+00 1.150000000000000000e+02 5.100000000000000000e+01 0.000000000000000000e+00 1.600000000000000089e+00 -3.152999999999999987e-03 -8.606000000000000802e-03 9.999580000000000135e-01 8.419790000000000330e-01 -5.395069999999999588e-01 -1.988000000000000184e-03 5.395020000000000371e-01 8.419370000000000465e-01 8.947999999999999357e-03
4.000000000000000000e+00 6.300000000000000000e+01 5.400000000000000000e+01 0.000000000000000000e+00 1.600000000000000089e+00 -4.070000000000000267e-04 2.923999999999999950e-03 9.999959999999999960e-01 -3.562730000000000063e-01 9.343770000000000131e-01 -2.876999999999999783e-03 -9.343820000000000459e-01 -3.562730000000000063e-01 6.610000000000000207e-04
1.100000000000000000e+01 6.300000000000000000e+01 5.400000000000000000e+01 0.000000000000000000e+00 1.600000000000000089e+00 2.900000000000000017e-05 2.520000000000000104e-03 9.999970000000000248e-01 -3.468470000000000164e-01 9.379189999999999472e-01 -2.354000000000000190e-03 -9.379220000000000335e-01 -3.468459999999999877e-01 9.020000000000000240e-04
1.600000000000000000e+01 6.300000000000000000e+01 5.400000000000000000e+01 0.000000000000000000e+00 1.600000000000000089e+00 -1.360000000000000098e-03 -2.660000000000000146e-04 9.999989999999999712e-01 -3.420619999999999772e-01 9.396769999999999845e-01 -2.149999999999999947e-04 -9.396759999999999557e-01 -3.420619999999999772e-01 -1.368999999999999991e-03
2.100000000000000000e+01 6.300000000000000000e+01 5.400000000000000000e+01 0.000000000000000000e+00 1.600000000000000089e+00 5.270000000000000162e-04 -1.018999999999999941e-03 9.999989999999999712e-01 -3.423109999999999764e-01 9.395860000000000323e-01 1.137999999999999906e-03 -9.395869999999999500e-01 -3.423109999999999764e-01 1.459999999999999981e-04
3.000000000000000000e+00 2.500000000000000000e+01 5.500000000000000000e+01 0.000000000000000000e+00 1.600000000000000089e+00 3.072000000000000078e-03 1.979999999999999989e-03 -9.999930000000000208e-01 -8.437999999999999320e-03 -9.999620000000000175e-01 -2.005999999999999971e-03 -9.999599999999999600e-01 8.444000000000000117e-03 -3.054999999999999990e-03
1.500000000000000000e+01 2.500000000000000000e+01 5.500000000000000000e+01 0.000000000000000000e+00 1.600000000000000089e+00 -1.105000000000000079e-03 -2.681999999999999922e-03 -9.999959999999999960e-01 -9.525999999999999746e-03 -9.999510000000000343e-01 2.691999999999999948e-03 -9.999540000000000095e-01 9.528999999999999276e-03 1.079000000000000098e-03
1.800000000000000000e+01 2.500000000000000000e+01 5.500000000000000000e+01 0.000000000000000000e+00 1.600000000000000089e+00 -3.069999999999999812e-04 7.079999999999999705e-04 -1.000000000000000000e+00 -9.811999999999999542e-03 -9.999519999999999520e-01 -7.050000000000000060e-04 -9.999519999999999520e-01 9.811999999999999542e-03 3.139999999999999888e-04
2.300000000000000000e+01 2.500000000000000000e+01 5.500000000000000000e+01 0.000000000000000000e+00 1.600000000000000089e+00 7.320000000000000118e-04 1.998999999999999909e-03 -9.999980000000000535e-01 -1.000099999999999947e-02 -9.999479999999999480e-01 -2.005999999999999971e-03 -9.999500000000000055e-01 1.000200000000000047e-02 -7.119999999999999593e-04
2.700000000000000000e+01 2.500000000000000000e+01 5.500000000000000000e+01 0.000000000000000000e+00 1.600000000000000089e+00 -6.290000000000000018e-04 3.649999999999999816e-04 -1.000000000000000000e+00 -1.065999999999999934e-02 -9.999430000000000263e-01 -3.589999999999999984e-04 -9.999430000000000263e-01 1.065999999999999934e-02 6.329999999999999906e-04
7.000000000000000000e+00 7.000000000000000000e+00 6.000000000000000000e+01 0.000000000000000000e+00 1.600000000000000089e+00 -2.318000000000000182e-03 -1.077999999999999965e-02 9.999390000000000223e-01 5.695580000000000087e-01 -8.219170000000000087e-01 -7.539999999999999827e-03 8.219480000000000119e-01 5.695059999999999567e-01 8.045000000000000068e-03
2.200000000000000000e+01 7.000000000000000000e+00 6.000000000000000000e+01 0.000000000000000000e+00 1.600000000000000089e+00 1.459000000000000010e-03 7.154999999999999902e-03 9.999730000000000008e-01 5.663949999999999818e-01 -8.241180000000000172e-01 5.069999999999999854e-03 8.241319999999999757e-01 5.663730000000000153e-01 -5.255000000000000122e-03
2.800000000000000000e+01 7.000000000000000000e+00 6.000000000000000000e+01 0.000000000000000000e+00 1.600000000000000089e+00 -7.389999999999999651e-04 4.467999999999999750e-03 9.999900000000000455e-01 5.657489999999999464e-01 -8.245679999999999676e-01 4.101999999999999744e-03 8.245780000000000332e-01 5.657459999999999711e-01 -1.918000000000000000e-03
4.000000000000000000e+00 2.100000000000000000e+01 6.000000000000000000e+01 0.000000000000000000e+00 1.600000000000000089e+00 1.484999999999999992e-03 7.797000000000000111e-03 9.999679999999999680e-01 -9.443699999999999317e-02 9.955019999999999980e-01 -7.621000000000000170e-03 -9.955300000000000260e-01 -9.442300000000000693e-02 2.214999999999999955e-03
7.000000000000000000e+00 2.100000000000000000e+01 6.000000000000000000e+01 0.000000000000000000e+00 1.600000000000000089e+00 2.527000000000000166e-03 1.994000000000000113e-03 9.999949999999999672e-01 -9.476600000000000301e-02 9.954979999999999940e-01 -1.745999999999999939e-03 -9.954960000000000475e-01 -9.476099999999999801e-02 2.704999999999999939e-03
1.100000000000000000e+01 2.100000000000000000e+01 6.000000000000000000e+01 0.000000000000000000e+00 1.600000000000000089e+00 2.811999999999999830e-03 2.945999999999999834e-03 9.999919999999999920e-01 -9.590400000000000313e-02 9.953870000000000218e-01 -2.663000000000000003e-03 -9.953870000000000218e-01 -9.589599999999999513e-02 3.082000000000000104e-03
1.400000000000000000e+01 2.100000000000000000e+01 6.000000000000000000e+01 0.000000000000000000e+00 1.600000000000000089e+00 2.308000000000000156e-03 7.611999999999999843e-03 9.999679999999999680e-01 -9.714000000000000412e-02 9.952440000000000175e-01 -7.352000000000000028e-03 -9.952680000000000415e-01 -9.711999999999999800e-02 3.037000000000000203e-03
3.000000000000000000e+01 2.100000000000000000e+01 6.000000000000000000e+01 0.000000000000000000e+00 1.600000000000000089e+00 4.560000000000000251e-04 -2.815999999999999927e-03 9.999959999999999960e-01 -9.737500000000000322e-02 9.952440000000000175e-01 2.847000000000000138e-03 -9.952480000000000215e-01 -9.737600000000000422e-02 1.800000000000000113e-04
2.100000000000000000e+01 6.000000000000000000e+00 6.100000000000000000e+01 0.000000000000000000e+00 1.600000000000000089e+00 4.169999999999999987e-04 2.288000000000000103e-03 9.999970000000000248e-01 5.589490000000000292e-01 -8.292000000000000481e-01 1.663999999999999898e-03 8.292019999999999946e-01 5.589469999999999716e-01 -1.624000000000000010e-03
5.000000000000000000e+00 2.700000000000000000e+01 6.300000000000000000e+01 0.000000000000000000e+00 1.600000000000000089e+00 1.693000000000000060e-03 4.610999999999999648e-03 9.999879999999999880e-01 -2.731779999999999764e-01 9.619550000000000045e-01 -3.972999999999999969e-03 -9.619619999999999838e-01 -2.731680000000000219e-01 2.889000000000000075e-03
1.000000000000000000e+01 2.700000000000000000e+01 6.300000000000000000e+01 0.000000000000000000e+00 1.600000000000000089e+00 2.115000000000000126e-03 2.784000000000000016e-03 9.999940000000000495e-01 -2.755639999999999756e-01 9.612800000000000233e-01 -2.092999999999999809e-03 -9.612800000000000233e-01 -2.755580000000000251e-01 2.799999999999999972e-03
1.500000000000000000e+01 2.700000000000000000e+01 6.300000000000000000e+01 0.000000000000000000e+00 1.600000000000000089e+00 1.049000000000000019e-03 5.340000000000000129e-03 9.999850000000000128e-01 -2.777350000000000096e-01 9.606449999999999712e-01 -4.839000000000000419e-03 -9.606569999999999832e-01 -2.777259999999999729e-01 2.491000000000000159e-03
1.800000000000000000e+01 2.700000000000000000e+01 6.300000000000000000e+01 0.000000000000000000e+00 1.600000000000000089e+00 1.180000000000000059e-03 2.614000000000000004e-03 9.999959999999999960e-01 -2.772979999999999889e-01 9.607809999999999961e-01 -2.184999999999999876e-03 -9.607830000000000537e-01 -2.772950000000000137e-01 1.858000000000000059e-03
2.300000000000000000e+01 2.700000000000000000e+01 6.300000000000000000e+01 0.000000000000000000e+00 1.600000000000000089e+00 8.620000000000000275e-04 4.229000000000000120e-03 9.999909999999999632e-01 -2.798519999999999897e-01 9.600349999999999717e-01 -3.818000000000000213e-03 -9.600429999999999797e-01 -2.798470000000000124e-01 2.011000000000000201e-03
2.800000000000000000e+01 2.700000000000000000e+01 6.300000000000000000e+01 0.000000000000000000e+00 1.600000000000000089e+00 -2.307000000000000023e-03 3.899000000000000122e-03 9.999900000000000455e-01 -2.774760000000000004e-01 9.607229999999999936e-01 -4.386000000000000142e-03 -9.607299999999999729e-01 -2.774829999999999797e-01 -1.134999999999999941e-03
5.000000000000000000e+00 2.600000000000000000e+01 6.400000000000000000e+01 0.000000000000000000e+00 1.600000000000000089e+00 1.482000000000000027e-03 5.573999999999999962e-03 9.999829999999999552e-01 -3.482180000000000275e-01 9.374019999999999575e-01 -4.708999999999999644e-03 -9.374120000000000230e-01 -3.482060000000000155e-01 3.330000000000000061e-03
1.000000000000000000e+01 2.600000000000000000e+01 6.400000000000000000e+01 0.000000000000000000e+00 1.600000000000000089e+00 2.325999999999999943e-03 4.147999999999999778e-03 9.999890000000000168e-01 -3.496500000000000163e-01 9.368750000000000133e-01 -3.073000000000000211e-03 -9.368779999999999886e-01 -3.496389999999999776e-01 3.629999999999999980e-03
