2.300000000000000000e+01 2.500000000000000000e+01 1.000000000000000000e+00 0.000000000000000000e+00 1.600000000000000089e+00 -2.253999999999999927e-03 4.486999999999999669e-03 -9.999869999999999592e-01 -5.345199999999999951e-01 -8.451520000000000143e-01 -2.588000000000000023e-03 -8.451530000000000431e-01 5.345069999999999544e-01 4.303000000000000401e-03
2.900000000000000000e+01 2.500000000000000000e+01 1.000000000000000000e+00 0.000000000000000000e+00 1.600000000000000089e+00 -1.559999999999999972e-03 -1.351199999999999971e-02 -9.999069999999999903e-01 -5.340970000000000439e-01 -8.453340000000000298e-01 1.225700000000000053e-02 -8.454220000000000068e-01 5.340669999999999584e-01 -5.897999999999999597e-03
6.000000000000000000e+00 1.500000000000000000e+01 4.000000000000000000e+00 0.000000000000000000e+00 1.600000000000000089e+00 -6.139000000000000359e-03 -1.044400000000000016e-02 9.999270000000000103e-01 3.223799999999999999e-01 -9.465770000000000017e-01 -7.907000000000000833e-03 9.465900000000000425e-01 3.223079999999999834e-01 9.178000000000000394e-03
9.000000000000000000e+00 1.500000000000000000e+01 4.000000000000000000e+00 0.000000000000000000e+00 1.600000000000000089e+00 -4.256000000000000234e-03 -1.367100000000000086e-02 9.998970000000000358e-01 3.192849999999999855e-01 -9.475879999999999859e-01 -1.159600000000000040e-02 9.476489999999999636e-01 3.192030000000000145e-01 8.397999999999999216e-03
1.200000000000000000e+01 1.500000000000000000e+01 4.000000000000000000e+00 0.000000000000000000e+00 1.600000000000000089e+00 8.909999999999999734e-04 -9.391000000000000042e-03 9.999550000000000383e-01 3.202860000000000151e-01 -9.472760000000000069e-01 -9.181999999999999190e-03 9.473200000000000509e-01 3.202800000000000091e-01 2.164000000000000125e-03
2.100000000000000000e+01 1.500000000000000000e+01 4.000000000000000000e+00 0.000000000000000000e+00 1.600000000000000089e+00 -2.994000000000000133e-03 -1.296300000000000056e-02 9.999120000000000230e-01 3.248619999999999841e-01 -9.456940000000000346e-01 -1.128700000000000016e-02 9.457569999999999588e-01 3.247990000000000044e-01 7.041999999999999649e-03
2.400000000000000000e+01 1.500000000000000000e+01 4.000000000000000000e+00 0.000000000000000000e+00 1.600000000000000089e+00 8.729999999999999696e-04 -4.056999999999999842e-03 9.999909999999999632e-01 3.257800000000000140e-01 -9.454369999999999719e-01 -4.120000000000000398e-03 9.454449999999999799e-01 3.257809999999999873e-01 4.970000000000000459e-04
2.800000000000000000e+01 1.500000000000000000e+01 4.000000000000000000e+00 0.000000000000000000e+00 1.600000000000000089e+00 8.050000000000000515e-04 -4.070000000000000267e-04 1.000000000000000000e+00 3.291580000000000061e-01 -9.442749999999999755e-01 -6.489999999999999459e-04 9.442739999999999467e-01 3.291580000000000061e-01 -6.269999999999999532e-04
1.000000000000000000e+00 1.900000000000000000e+01 5.000000000000000000e+00 0.000000000000000000e+00 1.600000000000000089e+00 -5.010000000000000347e-04 -8.460000000000000506e-03 -9.999639999999999640e-01 -6.748709999999999987e-01 -7.379059999999999508e-01 6.581000000000000044e-03 -7.379350000000000076e-01 6.748499999999999499e-01 -5.340000000000000129e-03
2.300000000000000000e+01 8.700000000000000000e+01 6.000000000000000000e+00 0.000000000000000000e+00 1.600000000000000089e+00 -6.838370000000000282e-01 -6.258540000000000214e-01 -3.750649999999999817e-01 -7.278229999999999977e-01 6.213170000000000082e-01 2.902390000000000247e-01 5.138700000000000212e-02 4.714570000000000149e-01 -8.803900000000000059e-01
2.400000000000000000e+01 8.600000000000000000e+01 7.000000000000000000e+00 0.000000000000000000e+00 1.600000000000000089e+00 -6.874850000000000128e-01 -6.647870000000000168e-01 -2.922710000000000030e-01 -7.261009999999999964e-01 6.358690000000000175e-01 2.616249999999999964e-01 1.192099999999999931e-02 3.920810000000000128e-01 -9.198530000000000317e-01
3.000000000000000000e+00 1.010000000000000000e+02 7.000000000000000000e+00 0.000000000000000000e+00 1.600000000000000089e+00 -2.526000000000000034e-03 -5.829399999999999860e-02 9.982959999999999612e-01 8.807589999999999586e-01 4.726250000000000173e-01 2.982699999999999935e-02 -4.735590000000000077e-01 8.793330000000000313e-01 5.014899999999999913e-02
3.000000000000000000e+01 1.010000000000000000e+02 7.000000000000000000e+00 0.000000000000000000e+00 1.600000000000000089e+00 -4.258699999999999986e-02 1.425730000000000053e-01 9.888679999999999692e-01 8.998450000000000060e-01 4.355470000000000175e-01 -2.404299999999999840e-02 -4.341260000000000119e-01 8.888040000000000385e-01 -1.468420000000000003e-01
8.000000000000000000e+00 2.500000000000000000e+01 8.000000000000000000e+00 0.000000000000000000e+00 1.600000000000000089e+00 5.050000000000000235e-04 -1.145599999999999917e-02 -9.999339999999999895e-01 4.528949999999999920e-01 8.915079999999999671e-01 -9.985000000000000819e-03 8.915640000000000231e-01 -4.528610000000000135e-01 5.637999999999999783e-03
1.600000000000000000e+01 2.500000000000000000e+01 8.000000000000000000e+00 0.000000000000000000e+00 1.600000000000000089e+00 1.567999999999999949e-03 3.999999999999999819e-06 -9.999989999999999712e-01 4.528429999999999955e-01 8.915899999999999936e-01 7.140000000000000079e-04 8.915889999999999649e-01 -4.528440000000000243e-01 1.396000000000000105e-03
2.000000000000000000e+01 2.500000000000000000e+01 8.000000000000000000e+00 0.000000000000000000e+00 1.600000000000000089e+00 1.056000000000000081e-03 3.014000000000000186e-03 -9.999949999999999672e-01 4.519420000000000104e-01 8.920420000000000016e-01 3.165999999999999977e-03 8.920470000000000343e-01 -4.519429999999999836e-01 -4.200000000000000174e-04
2.500000000000000000e+01 2.500000000000000000e+01 8.000000000000000000e+00 0.000000000000000000e+00 1.600000000000000089e+00 2.329999999999999986e-04 -4.139999999999999800e-04 -1.000000000000000000e+00 4.530469999999999775e-01 8.914870000000000294e-01 -2.629999999999999959e-04 8.914870000000000294e-01 -4.530469999999999775e-01 3.950000000000000061e-04
3.000000000000000000e+00 2.400000000000000000e+01 9.000000000000000000e+00 0.000000000000000000e+00 1.600000000000000089e+00 1.216999999999999983e-03 -4.670000000000000214e-04 -9.999989999999999712e-01 4.578289999999999860e-01 8.890400000000000524e-01 1.420000000000000092e-04 8.890390000000000237e-01 -4.578289999999999860e-01 1.294999999999999927e-03
9.000000000000000000e+00 2.400000000000000000e+01 9.000000000000000000e+00 0.000000000000000000e+00 1.600000000000000089e+00 9.929999999999999591e-04 -6.394999999999999643e-03 -9.999789999999999512e-01 4.568710000000000271e-01 8.895180000000000309e-01 -5.235000000000000070e-03 8.895319999999999894e-01 -4.568559999999999843e-01 3.804999999999999789e-03
1.500000000000000000e+01 2.400000000000000000e+01 9.000000000000000000e+00 0.000000000000000000e+00 1.600000000000000089e+00 1.624000000000000010e-03 2.112000000000000162e-03 -9.999959999999999960e-01 4.564289999999999736e-01 8.897559999999999913e-01 2.621000000000000066e-03 8.897580000000000489e-01 -4.564320000000000044e-01 4.809999999999999823e-04
2.400000000000000000e+01 2.400000000000000000e+01 9.000000000000000000e+00 0.000000000000000000e+00 1.600000000000000089e+00 -1.210000000000000002e-04 1.167999999999999984e-03 -9.999989999999999712e-01 4.554360000000000075e-01 8.902679999999999483e-01 9.849999999999999815e-04 8.902689999999999770e-01 -4.554349999999999787e-01 -6.400000000000000524e-04
2.800000000000000000e+01 2.400000000000000000e+01 9.000000000000000000e+00 0.000000000000000000e+00 1.600000000000000089e+00 -8.459999999999999638e-04 5.609999999999999752e-04 -1.000000000000000000e+00 4.567860000000000253e-01 8.895769999999999511e-01 1.119999999999999983e-04 8.895760000000000334e-01 -4.567860000000000253e-01 -1.008999999999999914e-03
2.200000000000000000e+01 8.900000000000000000e+01 9.000000000000000000e+00 0.000000000000000000e+00 1.600000000000000089e+00 -9.305719999999999548e-01 1.338999999999999913e-03 -3.661059999999999870e-01 -1.043010000000000048e-01 9.575839999999999907e-01 2.686169999999999947e-01 3.509369999999999989e-01 2.881529999999999925e-01 -8.909610000000000030e-01
3.000000000000000000e+00 1.200000000000000000e+01 1.000000000000000000e+01 0.000000000000000000e+00 1.600000000000000089e+00 2.893999999999999871e-03 -3.379000000000000059e-03 -9.999900000000000455e-01 -5.507560000000000233e-01 -8.346649999999999903e-01 1.227000000000000009e-03 -8.346609999999999863e-01 5.507469999999999866e-01 -4.276000000000000287e-03
2.600000000000000000e+01 1.200000000000000000e+01 1.000000000000000000e+01 0.000000000000000000e+00 1.600000000000000089e+00 -2.944000000000000002e-03 2.100000000000000087e-04 -9.999959999999999960e-01 -5.518300000000000427e-01 -8.339550000000000018e-01 1.449999999999999900e-03 -8.339509999999999978e-01 5.518319999999999892e-01 2.570999999999999935e-03
1.800000000000000000e+01 3.500000000000000000e+01 1.200000000000000000e+01 0.000000000000000000e+00 1.600000000000000089e+00 -6.908000000000000078e-03 7.637999999999999824e-03 -9.999470000000000303e-01 4.442280000000000117e-01 -8.958589999999999609e-01 -9.912000000000000671e-03 -8.958869999999999889e-01 -4.442729999999999735e-01 2.795999999999999874e-03
2.500000000000000000e+01 8.400000000000000000e+01 1.200000000000000000e+01 0.000000000000000000e+00 1.600000000000000089e+00 -7.833719999999999573e-01 -5.937829999999999497e-01 -1.837129999999999874e-01 -6.215370000000000061e-01 7.462520000000000264e-01 2.383260000000000101e-01 -4.416999999999999919e-03 3.008819999999999828e-01 -9.536510000000000264e-01
3.000000000000000000e+01 9.600000000000000000e+01 1.300000000000000000e+01 0.000000000000000000e+00 1.600000000000000089e+00 -4.701099999999999723e-02 9.035720000000000418e-01 -4.258489999999999776e-01 -9.591769999999999463e-01 7.818700000000000649e-02 2.717840000000000256e-01 2.788720000000000088e-01 4.212409999999999766e-01 8.630100000000000549e-01
5.000000000000000000e+00 3.200000000000000000e+01 1.400000000000000000e+01 0.000000000000000000e+00 1.600000000000000089e+00 6.390000000000000280e-04 1.933999999999999955e-03 -9.999980000000000535e-01 1.051089999999999941e-01 9.944589999999999819e-01 1.991000000000000148e-03 9.944610000000000394e-01 -1.051099999999999951e-01 4.330000000000000081e-04
1.300000000000000000e+01 3.200000000000000000e+01 1.400000000000000000e+01 0.000000000000000000e+00 1.600000000000000089e+00 -3.869999999999999742e-04 -4.841999999999999950e-03 -9.999879999999999880e-01 1.055510000000000059e-01 9.944020000000000081e-01 -4.854999999999999941e-03 9.944140000000000201e-01 -1.055520000000000069e-01 1.259999999999999998e-04
2.800000000000000000e+01 7.600000000000000000e+01 1.600000000000000000e+01 0.000000000000000000e+00 1.600000000000000089e+00 -6.283940000000000081e-01 -4.811050000000000049e-01 6.112760000000000415e-01 -7.754010000000000069e-01 4.502709999999999768e-01 -4.427289999999999837e-01 -6.224099999999999772e-02 -7.521919999999999717e-01 -6.559970000000000523e-01
5.000000000000000000e+00 1.160000000000000000e+02 1.600000000000000000e+01 0.000000000000000000e+00 1.600000000000000089e+00 -3.217999999999999940e-03 -4.719999999999999803e-04 9.999949999999999672e-01 7.699540000000000273e-01 6.380930000000000213e-01 2.778999999999999786e-03 -6.380909999999999638e-01 7.699589999999999490e-01 -1.690000000000000096e-03
1.300000000000000000e+01 1.160000000000000000e+02 1.600000000000000000e+01 0.000000000000000000e+00 1.600000000000000089e+00 -4.120999999999999663e-03 -9.412000000000000227e-03 9.999470000000000303e-01 7.598759999999999959e-01 6.500019999999999687e-01 9.249000000000000277e-03 -6.500550000000000495e-01 7.598740000000000494e-01 4.473000000000000413e-03
1.900000000000000000e+01 1.160000000000000000e+02 1.600000000000000000e+01 0.000000000000000000e+00 1.600000000000000089e+00 -1.941000000000000017e-03 -6.903000000000000282e-03 9.999740000000000295e-01 6.598180000000000156e-01 7.513980000000000103e-01 6.467999999999999791e-03 -7.514229999999999521e-01 6.598129999999999828e-01 3.095999999999999794e-03
2.700000000000000000e+01 1.160000000000000000e+02 1.600000000000000000e+01 0.000000000000000000e+00 1.600000000000000089e+00 -7.608000000000000179e-03 -8.404999999999999277e-03 9.999360000000000470e-01 7.572370000000000489e-01 6.530430000000000401e-01 1.125100000000000058e-02 -6.530960000000000099e-01 7.572740000000000027e-01 1.396000000000000105e-03
4.000000000000000000e+00 2.000000000000000000e+00 1.900000000000000000e+01 0.000000000000000000e+00 1.600000000000000089e+00 3.690000000000000246e-04 2.958000000000000126e-03 -9.999959999999999960e-01 1.520309999999999995e-01 -9.883709999999999996e-01 -2.867999999999999890e-03 -9.883760000000000323e-01 -1.520299999999999985e-01 -8.140000000000000534e-04
7.000000000000000000e+00 2.000000000000000000e+00 1.900000000000000000e+01 0.000000000000000000e+00 1.600000000000000089e+00 1.474000000000000050e-03 8.047000000000000333e-03 -9.999670000000000503e-01 1.519310000000000105e-01 -9.883610000000000451e-01 -7.729999999999999892e-03 -9.883899999999999908e-01 -1.519139999999999935e-01 -2.678999999999999958e-03
1.500000000000000000e+01 2.000000000000000000e+00 1.900000000000000000e+01 0.000000000000000000e+00 1.600000000000000089e+00 3.420000000000000188e-04 7.894999999999999241e-03 -9.999689999999999968e-01 1.586720000000000075e-01 -9.873009999999999842e-01 -7.740999999999999617e-03 -9.873309999999999587e-01 -1.586650000000000005e-01 -1.590999999999999966e-03
1.800000000000000000e+01 2.000000000000000000e+00 1.900000000000000000e+01 0.000000000000000000e+00 1.600000000000000089e+00 1.760999999999999979e-03 1.236300000000000072e-02 -9.999219999999999775e-01 1.592749999999999999e-01 -9.871619999999999839e-01 -1.192400000000000057e-02 -9.872330000000000272e-01 -1.592419999999999947e-01 -3.706999999999999792e-03
2.000000000000000000e+01 2.000000000000000000e+00 1.900000000000000000e+01 0.000000000000000000e+00 1.600000000000000089e+00 1.776000000000000018e-03 7.668000000000000337e-03 -9.999689999999999968e-01 1.567709999999999937e-01 -9.876080000000000414e-01 -7.295000000000000269e-03 -9.876329999999999831e-01 -1.567530000000000034e-01 -2.955999999999999860e-03
2.600000000000000000e+01 2.000000000000000000e+00 1.900000000000000000e+01 0.000000000000000000e+00 1.600000000000000089e+00 1.961000000000000069e-03 3.493000000000000011e-03 -9.999919999999999920e-01 1.517370000000000108e-01 -9.884159999999999613e-01 -3.154999999999999818e-03 -9.884190000000000476e-01 -1.517300000000000038e-01 -2.468000000000000142e-03
3.000000000000000000e+01 2.000000000000000000e+00 1.900000000000000000e+01 0.000000000000000000e+00 1.600000000000000089e+00 3.295999999999999885e-03 1.623000000000000094e-03 -9.999930000000000208e-01 1.571369999999999989e-01 -9.875760000000000094e-01 -1.085000000000000027e-03 -9.875709999999999766e-01 -1.571319999999999939e-01 -3.510000000000000099e-03
8.000000000000000000e+00 1.300000000000000000e+01 2.000000000000000000e+01 0.000000000000000000e+00 1.600000000000000089e+00 1.734000000000000081e-03 -3.242999999999999789e-03 9.999930000000000208e-01 2.455499999999999905e-01 9.693800000000000194e-01 2.717999999999999930e-03 -9.693819999999999659e-01 2.455430000000000113e-01 2.477000000000000035e-03
1.700000000000000000e+01 1.300000000000000000e+01 2.000000000000000000e+01 0.000000000000000000e+00 1.600000000000000089e+00 -4.679999999999999915e-04 2.472999999999999938e-03 9.999970000000000248e-01 2.481530000000000125e-01 9.687179999999999680e-01 -2.279999999999999909e-03 -9.687210000000000543e-01 2.481520000000000115e-01 -1.067000000000000023e-03
2.300000000000000000e+01 1.300000000000000000e+01 2.000000000000000000e+01 0.000000000000000000e+00 1.600000000000000089e+00 -2.621000000000000066e-03 -8.089999999999999969e-03 9.999639999999999640e-01 2.491210000000000091e-01 9.684350000000000458e-01 8.488000000000000753e-03 -9.684690000000000243e-01 2.491349999999999953e-01 -5.230000000000000274e-04
2.500000000000000000e+01 1.300000000000000000e+01 2.000000000000000000e+01 0.000000000000000000e+00 1.600000000000000089e+00 -1.712999999999999896e-03 -8.991999999999999993e-03 9.999580000000000135e-01 2.492439999999999933e-01 9.683979999999999810e-01 9.135000000000000758e-03 -9.684390000000000498e-01 2.492489999999999983e-01 5.829999999999999679e-04
1.000000000000000000e+00 1.600000000000000000e+01 2.100000000000000000e+01 0.000000000000000000e+00 1.600000000000000089e+00 2.815999999999999927e-03 1.379499999999999997e-02 9.999010000000000398e-01 2.981360000000000121e-01 9.544209999999999638e-01 -1.400700000000000035e-02 -9.545190000000000063e-01 2.981460000000000221e-01 -1.425000000000000051e-03
4.000000000000000000e+00 1.600000000000000000e+01 2.100000000000000000e+01 0.000000000000000000e+00 1.600000000000000089e+00 1.981000000000000122e-03 1.221500000000000016e-02 9.999230000000000063e-01 2.968770000000000020e-01 9.548370000000000468e-01 -1.225200000000000074e-02 -9.549140000000000406e-01 2.968790000000000040e-01 -1.734000000000000081e-03
2.100000000000000000e+01 1.600000000000000000e+01 2.100000000000000000e+01 0.000000000000000000e+00 1.600000000000000089e+00 -2.694000000000000214e-03 -5.781999999999999813e-03 9.999799999999999800e-01 2.978000000000000091e-01 9.546069999999999833e-01 6.322000000000000362e-03 -9.546249999999999458e-01 2.978109999999999924e-01 -8.499999999999999526e-04
2.600000000000000000e+01 1.600000000000000000e+01 2.100000000000000000e+01 0.000000000000000000e+00 1.600000000000000089e+00 -1.389000000000000044e-03 -7.119000000000000328e-03 9.999740000000000295e-01 2.988169999999999993e-01 9.542829999999999924e-01 7.209000000000000130e-03 -9.543089999999999629e-01 2.988190000000000013e-01 8.019999999999999785e-04
2.900000000000000000e+01 1.600000000000000000e+01 2.100000000000000000e+01 0.000000000000000000e+00 1.600000000000000089e+00 2.416000000000000179e-03 5.919999999999999698e-04 9.999970000000000248e-01 2.987339999999999995e-01 9.543359999999999621e-01 -1.286000000000000034e-03 -9.543329999999999869e-01 2.987360000000000015e-01 2.128999999999999816e-03
5.000000000000000000e+00 3.000000000000000000e+00 2.500000000000000000e+01 0.000000000000000000e+00 1.600000000000000089e+00 -2.614000000000000004e-03 1.408300000000000003e-02 9.998970000000000358e-01 -4.170999999999999708e-02 -9.990320000000000311e-01 1.396200000000000045e-02 9.991259999999999586e-01 -4.166999999999999871e-02 3.199000000000000021e-03
9.000000000000000000e+00 4.900000000000000000e+01 2.500000000000000000e+01 0.000000000000000000e+00 1.600000000000000089e+00 8.914000000000000049e-03 7.065799999999999859e-02 9.974610000000000420e-01 6.695759999999999490e-01 7.404410000000000158e-01 -5.843500000000000083e-02 -7.426899999999999613e-01 6.683970000000000189e-01 -4.071099999999999719e-02
7.000000000000000000e+00 4.500000000000000000e+01 2.600000000000000000e+01 0.000000000000000000e+00 1.600000000000000089e+00 2.145999999999999991e-02 3.194400000000000017e-02 9.992590000000000083e-01 4.839570000000000261e-01 8.742510000000000003e-01 -3.834100000000000008e-02 -8.748280000000000500e-01 4.844220000000000192e-01 3.301999999999999814e-03
1.600000000000000000e+01 4.900000000000000000e+01 2.900000000000000000e+01 0.000000000000000000e+00 1.600000000000000089e+00 -2.606999999999999942e-03 9.782399999999999429e-02 -9.951999999999999735e-01 6.663320000000000354e-01 -7.419069999999999832e-01 -7.467100000000000126e-02 -7.456509999999999527e-01 -6.633280000000000287e-01 -6.324899999999999967e-02
5.000000000000000000e+00 5.000000000000000000e+01 3.000000000000000000e+01 0.000000000000000000e+00 1.600000000000000089e+00 -5.942800000000000166e-02 -3.453600000000000003e-01 -9.365869999999999473e-01 6.052790000000000115e-01 -7.585570000000000368e-01 2.413069999999999937e-01 -7.937920000000000531e-01 -5.525560000000000471e-01 2.541189999999999838e-01
1.700000000000000000e+01 5.000000000000000000e+01 3.000000000000000000e+01 0.000000000000000000e+00 1.600000000000000089e+00 -4.363999999999999824e-03 1.637790000000000079e-01 -9.864870000000000028e-01 6.597129999999999939e-01 -7.408919999999999950e-01 -1.259230000000000071e-01 -7.515049999999999786e-01 -6.513489999999999558e-01 -1.048140000000000044e-01
2.200000000000000000e+01 5.000000000000000000e+01 3.000000000000000000e+01 0.000000000000000000e+00 1.600000000000000089e+00 -9.388999999999999777e-03 2.725250000000000172e-01 -9.621030000000000415e-01 6.371269999999999989e-01 -7.399299999999999766e-01 -2.158100000000000018e-01 -7.707019999999999982e-01 -6.150079999999999991e-01 -1.666849999999999998e-01
2.600000000000000000e+01 5.100000000000000000e+01 3.100000000000000000e+01 0.000000000000000000e+00 1.600000000000000089e+00 1.604900000000000077e-02 3.807550000000000101e-01 -9.245370000000000532e-01 5.578130000000000033e-01 -7.707979999999999832e-01 -3.077570000000000028e-01 -8.298109999999999653e-01 -5.107789999999999830e-01 -2.247609999999999886e-01
2.600000000000000000e+01 5.200000000000000000e+01 3.200000000000000000e+01 0.000000000000000000e+00 1.600000000000000089e+00 2.609399999999999914e-02 3.990839999999999943e-01 -9.165429999999999966e-01 5.504839999999999733e-01 -7.710559999999999636e-01 -3.200629999999999864e-01 -8.344380000000000130e-01 -4.961909999999999932e-01 -2.398089999999999944e-01
1.700000000000000000e+01 9.500000000000000000e+01 3.600000000000000000e+01 0.000000000000000000e+00 1.600000000000000089e+00 -1.570500000000000021e-02 -5.879199999999999704e-02 9.981470000000000065e-01 9.973889999999999700e-01 6.945300000000000085e-02 1.978399999999999950e-02 -7.048699999999999410e-02 9.958510000000000417e-01 5.754700000000000093e-02
2.000000000000000000e+00 2.900000000000000000e+01 4.400000000000000000e+01 0.000000000000000000e+00 1.600000000000000089e+00 1.902000000000000045e-03 4.521999999999999978e-03 -9.999879999999999880e-01 6.559840000000000115e-01 7.547599999999999865e-01 4.661000000000000212e-03 7.547719999999999985e-01 -6.559850000000000403e-01 -1.531000000000000026e-03
6.000000000000000000e+00 2.900000000000000000e+01 4.400000000000000000e+01 0.000000000000000000e+00 1.600000000000000089e+00 6.769999999999999759e-04 5.730000000000000501e-04 -1.000000000000000000e+00 6.569460000000000299e-01 7.539369999999999683e-01 8.769999999999999584e-04 7.539379999999999971e-01 -6.569460000000000299e-01 1.340000000000000045e-04
1.000000000000000000e+01 2.900000000000000000e+01 4.400000000000000000e+01 0.000000000000000000e+00 1.600000000000000089e+00 1.299999999999999920e-05 -1.677000000000000105e-03 -9.999989999999999712e-01 6.610070000000000112e-01 7.503790000000000182e-01 -1.250000000000000026e-03 7.503800000000000470e-01 -6.610059999999999825e-01 1.118000000000000070e-03
1.700000000000000000e+01 2.900000000000000000e+01 4.400000000000000000e+01 0.000000000000000000e+00 1.600000000000000089e+00 -8.199999999999999824e-04 1.208000000000000089e-03 -9.999989999999999712e-01 6.557699999999999640e-01 7.549609999999999932e-01 3.739999999999999835e-04 7.549609999999999932e-01 -6.557690000000000463e-01 -1.412000000000000061e-03
2.200000000000000000e+01 2.900000000000000000e+01 4.400000000000000000e+01 0.000000000000000000e+00 1.600000000000000089e+00 9.299999999999999727e-05 -1.660000000000000017e-03 -9.999989999999999712e-01 6.553109999999999769e-01 7.553590000000000027e-01 -1.193000000000000050e-03 7.553590000000000027e-01 -6.553099999999999481e-01 1.157999999999999958e-03
2.500000000000000000e+01 2.900000000000000000e+01 4.400000000000000000e+01 0.000000000000000000e+00 1.600000000000000089e+00 7.749999999999999728e-04 -1.407999999999999963e-03 -9.999989999999999712e-01 6.564039999999999875e-01 7.544089999999999963e-01 -5.529999999999999976e-04 7.544089999999999963e-01 -6.564029999999999587e-01 1.508999999999999925e-03
1.400000000000000000e+01 6.500000000000000000e+01 4.600000000000000000e+01 0.000000000000000000e+00 1.600000000000000089e+00 1.753700000000000050e-02 1.600850000000000051e-01 9.869470000000000187e-01 6.483200000000000074e-01 -7.532830000000000359e-01 1.106639999999999985e-01 7.611660000000000093e-01 6.379169999999999563e-01 -1.169970000000000038e-01
2.600000000000000000e+01 5.800000000000000000e+01 4.900000000000000000e+01 0.000000000000000000e+00 1.600000000000000089e+00 3.687099999999999822e-01 2.591640000000000055e-01 -8.926849999999999508e-01 -9.174660000000000037e-01 2.557760000000000034e-01 -3.046889999999999876e-01 1.493629999999999958e-01 9.313500000000000112e-01 3.320810000000000151e-01
1.500000000000000000e+01 4.900000000000000000e+01 5.000000000000000000e+01 0.000000000000000000e+00 1.600000000000000089e+00 4.083269999999999955e-01 9.238000000000000378e-02 9.081489999999999840e-01 -8.106849999999999890e-01 -4.206010000000000026e-01 4.072899999999999854e-01 4.195929999999999938e-01 -9.025300000000000544e-01 -9.685199999999999365e-02
6.000000000000000000e+00 5.000000000000000000e+00 5.100000000000000000e+01 0.000000000000000000e+00 1.600000000000000089e+00 3.753999999999999958e-03 3.497000000000000108e-03 -9.999869999999999592e-01 4.894359999999999822e-01 -8.720390000000000086e-01 -1.211999999999999970e-03 -8.720310000000000006e-01 -4.894249999999999989e-01 -4.984999999999999848e-03
1.000000000000000000e+01 5.000000000000000000e+00 5.100000000000000000e+01 0.000000000000000000e+00 1.600000000000000089e+00 2.592999999999999819e-03 6.408999999999999767e-03 -9.999759999999999760e-01 4.853669999999999929e-01 -8.742999999999999661e-01 -4.344999999999999904e-03 -8.743069999999999453e-01 -4.853439999999999976e-01 -5.377999999999999968e-03
1.300000000000000000e+01 5.000000000000000000e+00 5.100000000000000000e+01 0.000000000000000000e+00 1.600000000000000089e+00 -5.291999999999999829e-03 -1.497999999999999983e-03 -9.999850000000000128e-01 4.887670000000000070e-01 -8.724140000000000228e-01 -1.278999999999999972e-03 -8.723980000000000068e-01 -4.887659999999999783e-01 5.348999999999999588e-03
2.400000000000000000e+01 5.000000000000000000e+00 5.100000000000000000e+01 0.000000000000000000e+00 1.600000000000000089e+00 1.528999999999999977e-03 -3.001999999999999894e-03 -9.999940000000000495e-01 4.893919999999999937e-01 -8.720579999999999998e-01 3.366000000000000068e-03 -8.720630000000000326e-01 -4.893939999999999957e-01 1.359999999999999989e-04
1.800000000000000000e+01 5.100000000000000000e+01 5.100000000000000000e+01 0.000000000000000000e+00 1.600000000000000089e+00 4.185690000000000244e-01 9.236600000000000366e-02 9.034759999999999458e-01 -7.902019999999999600e-01 -4.532979999999999787e-01 4.124329999999999941e-01 4.476390000000000091e-01 -8.865600000000000147e-01 -1.167490000000000056e-01
2.700000000000000000e+01 5.900000000000000000e+01 5.100000000000000000e+01 0.000000000000000000e+00 1.600000000000000089e+00 -3.182229999999999781e-01 3.718690000000000051e-01 8.720369999999999511e-01 9.478330000000000366e-01 1.428979999999999972e-01 2.849450000000000038e-01 -1.865100000000000091e-02 9.172209999999999530e-01 -3.979429999999999912e-01
1.000000000000000000e+00 6.400000000000000000e+01 5.100000000000000000e+01 0.000000000000000000e+00 1.600000000000000089e+00 2.371600000000000097e-02 -6.775899999999999979e-02 -9.974199999999999733e-01 7.508970000000000367e-01 6.598680000000000101e-01 -2.697400000000000145e-02 6.599930000000000518e-01 -7.483199999999999852e-01 6.653000000000000580e-02
2.000000000000000000e+01 1.150000000000000000e+02 5.100000000000000000e+01 0.000000000000000000e+00 1.600000000000000089e+00 -1.456999999999999962e-03 1.849800000000000055e-02 9.998280000000000500e-01 8.441830000000000167e-01 -5.359390000000000542e-01 1.114599999999999966e-02 5.360530000000000017e-01 8.440539999999999710e-01 -1.483499999999999923e-02
1.000000000000000000e+00 7.000000000000000000e+00 5.200000000000000000e+01 0.000000000000000000e+00 1.600000000000000089e+00 -3.550000000000000096e-04 -7.249000000000000235e-03 -9.999740000000000295e-01 1.064480000000000010e-01 -9.942919999999999536e-01 7.170000000000000158e-03 -9.943180000000000351e-01 -1.064419999999999950e-01 1.124999999999999915e-03
2.100000000000000000e+01 7.000000000000000000e+00 5.200000000000000000e+01 0.000000000000000000e+00 1.600000000000000089e+00 9.039999999999999642e-04 -7.526999999999999837e-03 -9.999710000000000543e-01 1.109269999999999978e-01 -9.938000000000000167e-01 7.581000000000000065e-03 -9.938280000000000447e-01 -1.109300000000000008e-01 -6.399999999999999710e-05
1.500000000000000000e+01 5.000000000000000000e+01 5.200000000000000000e+01 0.000000000000000000e+00 1.600000000000000089e+00 4.348690000000000055e-01 8.924100000000000088e-02 8.960609999999999964e-01 -8.012909999999999755e-01 -4.156880000000000019e-01 4.302759999999999918e-01 4.108800000000000230e-01 -9.051190000000000069e-01 -1.092619999999999980e-01
1.700000000000000000e+01 5.100000000000000000e+01 5.200000000000000000e+01 0.000000000000000000e+00 1.600000000000000089e+00 4.304749999999999965e-01 6.294000000000000115e-03 9.025800000000000489e-01 -7.981439999999999646e-01 -4.643100000000000005e-01 3.839029999999999943e-01 4.214939999999999798e-01 -8.856500000000000483e-01 -1.948499999999999954e-01
1.200000000000000000e+01 2.500000000000000000e+01 5.500000000000000000e+01 0.000000000000000000e+00 1.600000000000000089e+00 -2.099000000000000171e-03 -2.790000000000000054e-04 -9.999980000000000535e-01 -1.369300000000000031e-02 -9.999059999999999615e-01 3.069999999999999812e-04 -9.999040000000000150e-01 1.369300000000000031e-02 2.095000000000000074e-03
1.800000000000000000e+01 2.500000000000000000e+01 5.500000000000000000e+01 0.000000000000000000e+00 1.600000000000000089e+00 -6.070000000000000092e-04 4.620000000000000083e-04 -1.000000000000000000e+00 -1.043200000000000030e-02 -9.999449999999999728e-01 -4.550000000000000008e-04 -9.999449999999999728e-01 1.043099999999999930e-02 6.109999999999999980e-04
2.400000000000000000e+01 2.500000000000000000e+01 5.500000000000000000e+01 0.000000000000000000e+00 1.600000000000000089e+00 -7.230000000000000098e-04 -7.600000000000000418e-05 -1.000000000000000000e+00 -1.059200000000000072e-02 -9.999440000000000550e-01 8.299999999999999815e-05 -9.999440000000000550e-01 1.059200000000000072e-02 7.219999999999999855e-04
2.900000000000000000e+01 2.500000000000000000e+01 5.500000000000000000e+01 0.000000000000000000e+00 1.600000000000000089e+00 -4.879999999999999898e-04 3.952999999999999917e-03 -9.999919999999999920e-01 -9.459000000000000394e-03 -9.999470000000000303e-01 -3.949000000000000253e-03 -9.999550000000000383e-01 9.457000000000000128e-03 5.249999999999999676e-04
2.900000000000000000e+01 5.800000000000000000e+01 5.500000000000000000e+01 0.000000000000000000e+00 1.600000000000000089e+00 -5.549099999999999866e-02 -2.020899999999999919e-01 9.777940000000000520e-01 -1.788929999999999965e-01 9.654679999999999929e-01 1.893900000000000028e-01 -9.823020000000000085e-01 -1.644110000000000016e-01 -8.972700000000000120e-02
1.400000000000000000e+01 6.000000000000000000e+01 5.500000000000000000e+01 0.000000000000000000e+00 1.600000000000000089e+00 -4.557699999999999946e-02 -9.222500000000000142e-02 9.946949999999999958e-01 -3.076800000000000021e-02 9.953870000000000218e-01 9.087900000000000145e-02 -9.984870000000000134e-01 -2.646300000000000041e-02 -4.820399999999999685e-02
1.800000000000000000e+01 6.000000000000000000e+01 5.500000000000000000e+01 0.000000000000000000e+00 1.600000000000000089e+00 -2.038799999999999987e-02 -1.038170000000000065e-01 9.943880000000000496e-01 8.119800000000000628e-02 9.911370000000000458e-01 1.051419999999999993e-01 -9.964889999999999581e-01 8.288600000000000134e-02 -1.177699999999999927e-02
1.400000000000000000e+01 5.100000000000000000e+01 5.600000000000000000e+01 0.000000000000000000e+00 1.600000000000000089e+00 4.191079999999999806e-01 -1.610260000000000025e-01 8.935429999999999762e-01 -8.833710000000000173e-01 -2.997000000000000219e-01 3.603279999999999816e-01 2.097729999999999873e-01 -9.403460000000000152e-01 -2.678530000000000078e-01
2.100000000000000000e+01 6.800000000000000000e+01 5.700000000000000000e+01 0.000000000000000000e+00 1.600000000000000089e+00 -1.515999999999999986e-03 -4.308000000000000197e-03 -9.999900000000000455e-01 -2.497469999999999968e-01 -9.683000000000000496e-01 4.550000000000000225e-03 -9.683100000000000041e-01 2.497510000000000008e-01 3.919999999999999873e-04
2.700000000000000000e+01 5.800000000000000000e+01 5.900000000000000000e+01 0.000000000000000000e+00 1.600000000000000089e+00 -7.025000000000000688e-02 -1.511029999999999873e-01 -9.860189999999999788e-01 1.894959999999999978e-01 9.684399999999999675e-01 -1.619099999999999984e-01 9.793650000000000411e-01 -1.982210000000000083e-01 -3.939900000000000346e-02
1.000000000000000000e+00 2.100000000000000000e+01 6.000000000000000000e+01 0.000000000000000000e+00 1.600000000000000089e+00 -6.859999999999999779e-04 1.187200000000000061e-02 9.999289999999999567e-01 -9.551600000000000368e-02 9.953570000000000473e-01 -1.188299999999999947e-02 -9.954279999999999795e-01 -9.551700000000000468e-02 4.510000000000000120e-04
7.000000000000000000e+00 2.100000000000000000e+01 6.000000000000000000e+01 0.000000000000000000e+00 1.600000000000000089e+00 -5.159999999999999656e-04 -1.030599999999999919e-02 9.999470000000000303e-01 -9.777600000000000180e-02 9.951560000000000406e-01 1.020599999999999979e-02 -9.952079999999999815e-01 -9.776500000000000468e-02 -1.521000000000000000e-03
1.500000000000000000e+01 2.100000000000000000e+01 6.000000000000000000e+01 0.000000000000000000e+00 1.600000000000000089e+00 -5.959999999999999586e-04 4.621000000000000107e-03 9.999890000000000168e-01 -9.721200000000000674e-02 9.952530000000000543e-01 -4.656999999999999681e-03 -9.952630000000000088e-01 -9.721399999999999486e-02 -1.440000000000000036e-04
2.000000000000000000e+01 2.100000000000000000e+01 6.000000000000000000e+01 0.000000000000000000e+00 1.600000000000000089e+00 -8.649999999999999920e-04 1.740999999999999926e-03 9.999980000000000535e-01 -9.583800000000000652e-02 9.953950000000000298e-01 -1.815999999999999906e-03 -9.953969999999999763e-01 -9.583899999999999364e-02 -6.949999999999999798e-04
2.600000000000000000e+01 2.100000000000000000e+01 6.000000000000000000e+01 0.000000000000000000e+00 1.600000000000000089e+00 1.902000000000000045e-03 -7.299999999999999632e-04 9.999980000000000535e-01 -9.438699999999999868e-02 9.955349999999999477e-01 9.060000000000000128e-04 -9.955340000000000300e-01 -9.438799999999999968e-02 1.824000000000000100e-03
2.500000000000000000e+01 6.000000000000000000e+00 6.100000000000000000e+01 0.000000000000000000e+00 1.600000000000000089e+00 -5.224999999999999610e-03 -1.002899999999999972e-02 9.999360000000000470e-01 5.706529999999999658e-01 -8.211749999999999883e-01 -5.255000000000000122e-03 8.211749999999999883e-01 5.705890000000000128e-01 1.001400000000000033e-02
1.600000000000000000e+01 3.000000000000000000e+00 6.300000000000000000e+01 0.000000000000000000e+00 1.600000000000000089e+00 4.300000000000000165e-05 -2.309999999999999987e-03 9.999970000000000248e-01 -6.172180000000000444e-01 7.867899999999999894e-01 1.843999999999999936e-03 -7.867920000000000469e-01 -6.172159999999999869e-01 -1.392999999999999924e-03
4.000000000000000000e+00 2.700000000000000000e+01 6.300000000000000000e+01 0.000000000000000000e+00 1.600000000000000089e+00 -7.870000000000000476e-04 -1.670000000000000043e-03 9.999980000000000535e-01 -2.699309999999999765e-01 9.628790000000000404e-01 1.396000000000000105e-03 -9.628790000000000404e-01 -2.699300000000000033e-01 -1.209000000000000005e-03
1.000000000000000000e+01 2.700000000000000000e+01 6.300000000000000000e+01 0.000000000000000000e+00 1.600000000000000089e+00 7.240000000000000342e-04 -2.442999999999999859e-03 9.999970000000000248e-01 -2.656930000000000125e-01 9.640539999999999665e-01 2.547999999999999918e-03 -9.640570000000000528e-01 -2.656939999999999857e-01 4.899999999999999842e-05
1.500000000000000000e+01 2.700000000000000000e+01 6.300000000000000000e+01 0.000000000000000000e+00 1.600000000000000089e+00 3.879999999999999985e-04 7.550000000000000287e-03 9.999710000000000543e-01 -2.677919999999999745e-01 9.634500000000000286e-01 -7.170000000000000158e-03 -9.634770000000000278e-01 -2.677820000000000200e-01 2.396000000000000126e-03
2.100000000000000000e+01 2.700000000000000000e+01 6.300000000000000000e+01 0.000000000000000000e+00 1.600000000000000089e+00 -5.019999999999999506e-04 3.298999999999999849e-03 9.999940000000000495e-01 -2.695710000000000051e-01 9.629750000000000254e-01 -3.311999999999999840e-03 -9.629799999999999471e-01 -2.695710000000000051e-01 4.049999999999999781e-04
2.500000000000000000e+01 2.700000000000000000e+01 6.300000000000000000e+01 0.000000000000000000e+00 1.600000000000000089e+00 5.360000000000000181e-04 2.811999999999999830e-03 9.999959999999999960e-01 -2.678619999999999890e-01 9.634540000000000326e-01 -2.566000000000000138e-03 -9.634570000000000078e-01 -2.678590000000000138e-01 1.270000000000000078e-03
7.000000000000000000e+00 2.600000000000000000e+01 6.400000000000000000e+01 0.000000000000000000e+00 1.600000000000000089e+00 -4.760000000000000234e-04 -4.506999999999999722e-03 9.999900000000000455e-01 -3.461560000000000192e-01 9.381680000000000019e-01 4.063999999999999904e-03 -9.381770000000000387e-01 -3.461500000000000132e-01 -2.007000000000000103e-03
1.300000000000000000e+01 2.600000000000000000e+01 6.400000000000000000e+01 0.000000000000000000e+00 1.600000000000000089e+00 5.349999999999999938e-04 4.342000000000000373e-03 9.999900000000000455e-01 -3.464900000000000202e-01 9.380460000000000464e-01 -3.886999999999999830e-03 -9.380530000000000257e-01 -3.464849999999999874e-01 2.005999999999999971e-03
1.700000000000000000e+01 2.600000000000000000e+01 6.400000000000000000e+01 0.000000000000000000e+00 1.600000000000000089e+00 -1.520000000000000084e-04 6.866999999999999840e-03 9.999759999999999760e-01 -3.517060000000000186e-01 9.360880000000000312e-01 -6.481999999999999915e-03 -9.361110000000000264e-01 -3.516980000000000106e-01 2.272999999999999847e-03
2.100000000000000000e+01 2.600000000000000000e+01 6.400000000000000000e+01 0.000000000000000000e+00 1.600000000000000089e+00 -1.297999999999999892e-03 3.713999999999999854e-03 9.999919999999999920e-01 -3.517540000000000111e-01 9.360840000000000272e-01 -3.932999999999999864e-03 -9.360910000000000064e-01 -3.517569999999999864e-01 9.100000000000000287e-05
2.500000000000000000e+01 2.600000000000000000e+01 6.400000000000000000e+01 0.000000000000000000e+00 1.600000000000000089e+00 -8.799999999999999771e-05 3.004000000000000160e-03 9.999949999999999672e-01 -3.466389999999999749e-01 9.379939999999999944e-01 -2.848999999999999970e-03 -9.379990000000000272e-01 -3.466380000000000017e-01 9.590000000000000000e-04
7.000000000000000000e+00 5.400000000000000000e+01 6.400000000000000000e+01 0.000000000000000000e+00 1.600000000000000089e+00 3.938209999999999766e-01 -7.698800000000000088e-02 -9.159580000000000499e-01 -7.829110000000000236e-01 4.940249999999999919e-01 -3.781399999999999761e-01 4.816179999999999906e-01 8.660330000000000528e-01 1.342820000000000125e-01
1.200000000000000000e+01 5.000000000000000000e+01 6.500000000000000000e+01 0.000000000000000000e+00 1.600000000000000089e+00 -1.770670000000000022e-01 -2.647260000000000169e-01 -9.479279999999999928e-01 3.031909999999999883e-01 9.016349999999999643e-01 -3.084319999999999840e-01 9.363350000000000284e-01 -3.420159999999999867e-01 -7.938699999999999923e-02
5.000000000000000000e+00 5.300000000000000000e+01 6.500000000000000000e+01 0.000000000000000000e+00 1.600000000000000089e+00 4.596299999999999830e-01 -1.149059999999999943e-01 -8.806460000000000399e-01 -7.640759999999999774e-01 4.542749999999999844e-01 -4.580629999999999979e-01 4.526899999999999813e-01 8.834199999999999831e-01 1.210019999999999984e-01
