5.000000000000000000e+00 1.600000000000000000e+01 4.000000000000000000e+00 0.000000000000000000e+00 1.600000000000000089e+00 -1.209999999999999921e-03 1.409099999999999936e-02 9.999000000000000110e-01 3.173179999999999890e-01 -9.482190000000000341e-01 1.374700000000000054e-02 9.483179999999999943e-01 3.173030000000000017e-01 -3.324000000000000132e-03
1.100000000000000000e+01 1.600000000000000000e+01 4.000000000000000000e+00 0.000000000000000000e+00 1.600000000000000089e+00 -1.890000000000000133e-04 1.139000000000000038e-03 9.999989999999999712e-01 3.192579999999999862e-01 -9.476670000000000371e-01 1.139999999999999954e-03 9.476679999999999549e-01 3.192579999999999862e-01 -1.849999999999999973e-04
1.500000000000000000e+01 1.600000000000000000e+01 4.000000000000000000e+00 0.000000000000000000e+00 1.600000000000000089e+00 6.949999999999999798e-04 -1.270300000000000075e-02 9.999190000000000023e-01 3.175600000000000089e-01 -9.481589999999999741e-01 -1.226600000000000086e-02 9.482380000000000253e-01 3.175430000000000197e-01 3.374999999999999962e-03
1.900000000000000000e+01 1.600000000000000000e+01 4.000000000000000000e+00 0.000000000000000000e+00 1.600000000000000089e+00 1.630000000000000047e-04 -1.217799999999999959e-02 9.999259999999999815e-01 3.160729999999999928e-01 -9.486639999999999517e-01 -1.160500000000000073e-02 9.487349999999999950e-01 3.160519999999999996e-01 3.694999999999999934e-03
2.000000000000000000e+00 1.010000000000000000e+02 7.000000000000000000e+00 0.000000000000000000e+00 1.600000000000000089e+00 -1.446999999999999936e-03 -7.537000000000000297e-03 9.999710000000000543e-01 8.895579999999999599e-01 4.567979999999999818e-01 4.729999999999999830e-03 -4.568200000000000038e-01 8.895389999999999686e-01 6.043999999999999893e-03
8.000000000000000000e+00 1.010000000000000000e+02 7.000000000000000000e+00 0.000000000000000000e+00 1.600000000000000089e+00 -1.010000000000000020e-04 -2.849999999999999886e-04 1.000000000000000000e+00 8.900249999999999551e-01 4.559130000000000127e-01 2.200000000000000078e-04 -4.559130000000000127e-01 8.900240000000000373e-01 2.079999999999999872e-04
2.700000000000000000e+01 1.010000000000000000e+02 7.000000000000000000e+00 0.000000000000000000e+00 1.600000000000000089e+00 -3.429999999999999889e-04 -8.991000000000000728e-03 9.999599999999999600e-01 8.863290000000000335e-01 4.630349999999999744e-01 4.466999999999999617e-03 -4.630560000000000231e-01 8.862950000000000550e-01 7.810000000000000102e-03
2.900000000000000000e+01 1.500000000000000000e+01 8.000000000000000000e+00 0.000000000000000000e+00 1.600000000000000089e+00 -3.517999999999999860e-03 -9.091999999999999388e-03 -9.999519999999999520e-01 -5.668109999999999538e-01 -8.237929999999999975e-01 9.485000000000000375e-03 -8.238410000000000455e-01 5.668170000000000153e-01 -2.256000000000000193e-03
1.000000000000000000e+01 2.600000000000000000e+01 8.000000000000000000e+00 0.000000000000000000e+00 1.600000000000000089e+00 -2.066000000000000128e-03 6.689999999999999766e-03 -9.999749999999999472e-01 4.232920000000000016e-01 9.059789999999999788e-01 5.186999999999999771e-03 9.059909999999999908e-01 -4.232710000000000083e-01 -4.703999999999999848e-03
1.500000000000000000e+01 2.600000000000000000e+01 8.000000000000000000e+00 0.000000000000000000e+00 1.600000000000000089e+00 -2.096000000000000207e-03 1.470300000000000079e-02 -9.998899999999999455e-01 4.251650000000000151e-01 9.050300000000000011e-01 1.241699999999999922e-02 9.051129999999999454e-01 -4.250920000000000254e-01 -8.148000000000000728e-03
2.000000000000000000e+01 2.600000000000000000e+01 8.000000000000000000e+00 0.000000000000000000e+00 1.600000000000000089e+00 4.353000000000000098e-03 -1.047999999999999973e-02 -9.999360000000000470e-01 4.271949999999999914e-01 9.041280000000000427e-01 -7.616000000000000374e-03 9.041489999999999805e-01 -4.271340000000000137e-01 8.413000000000000339e-03
2.600000000000000000e+01 2.600000000000000000e+01 8.000000000000000000e+00 0.000000000000000000e+00 1.600000000000000089e+00 2.138999999999999842e-03 4.222000000000000058e-03 -9.999890000000000168e-01 4.251550000000000051e-01 9.051080000000000236e-01 4.730999999999999962e-03 9.051179999999999781e-01 -4.251599999999999824e-01 1.410000000000000120e-04
2.000000000000000000e+00 1.400000000000000000e+01 9.000000000000000000e+00 0.000000000000000000e+00 1.600000000000000089e+00 3.210000000000000180e-03 1.006100000000000050e-02 -9.999440000000000550e-01 -5.590199999999999614e-01 -8.290920000000000512e-01 -1.013700000000000018e-02 -8.291479999999999961e-01 5.590209999999999901e-01 2.962999999999999922e-03
7.000000000000000000e+00 1.400000000000000000e+01 9.000000000000000000e+00 0.000000000000000000e+00 1.600000000000000089e+00 1.273000000000000043e-03 8.552000000000000574e-03 -9.999630000000000463e-01 -5.574519999999999476e-01 -8.301720000000000210e-01 -7.810000000000000102e-03 -8.302079999999999460e-01 5.574419999999999931e-01 3.710999999999999889e-03
1.000000000000000000e+01 1.400000000000000000e+01 9.000000000000000000e+00 0.000000000000000000e+00 1.600000000000000089e+00 8.459999999999999638e-04 -3.780000000000000265e-04 -1.000000000000000000e+00 -5.568440000000000056e-01 -8.306170000000000497e-01 -1.569999999999999944e-04 -8.306170000000000497e-01 5.568429999999999769e-01 -9.129999999999999661e-04
1.300000000000000000e+01 1.400000000000000000e+01 9.000000000000000000e+00 0.000000000000000000e+00 1.600000000000000089e+00 -1.019999999999999992e-04 -2.076999999999999853e-03 -9.999980000000000535e-01 -5.564179999999999682e-01 -8.308999999999999719e-01 1.781999999999999947e-03 -8.309020000000000294e-01 5.564170000000000504e-01 -1.069999999999999988e-03
1.900000000000000000e+01 1.400000000000000000e+01 9.000000000000000000e+00 0.000000000000000000e+00 1.600000000000000089e+00 -3.063999999999999883e-03 -1.236399999999999999e-02 -9.999190000000000023e-01 -5.586609999999999632e-01 -8.293099999999999916e-01 1.196599999999999921e-02 -8.293899999999999606e-01 5.586529999999999552e-01 -4.366000000000000089e-03
2.700000000000000000e+01 1.400000000000000000e+01 9.000000000000000000e+00 0.000000000000000000e+00 1.600000000000000089e+00 -2.707000000000000205e-03 -4.590000000000000330e-03 -9.999860000000000415e-01 -5.606670000000000265e-01 -8.280250000000000110e-01 5.318999999999999943e-03 -8.280370000000000230e-01 5.606729999999999769e-01 -3.319999999999999926e-04
1.200000000000000000e+01 1.020000000000000000e+02 9.000000000000000000e+00 0.000000000000000000e+00 1.600000000000000089e+00 8.100000000000000375e-05 2.102000000000000136e-03 9.999980000000000535e-01 9.253379999999999939e-01 3.791419999999999790e-01 -8.720000000000000537e-04 -3.791430000000000078e-01 9.253360000000000474e-01 -1.913999999999999903e-03
1.400000000000000000e+01 1.040000000000000000e+02 1.100000000000000000e+01 0.000000000000000000e+00 1.600000000000000089e+00 -2.155999999999999930e-03 -5.529999999999999976e-04 9.999980000000000535e-01 -9.733070000000000332e-01 -2.294940000000000035e-01 -2.224999999999999981e-03 2.294950000000000045e-01 -9.733100000000000085e-01 -4.300000000000000165e-05
6.000000000000000000e+00 3.200000000000000000e+01 1.400000000000000000e+01 0.000000000000000000e+00 1.600000000000000089e+00 2.301999999999999793e-03 -2.280000000000000126e-04 -9.999970000000000248e-01 1.097879999999999967e-01 9.939550000000000329e-01 2.599999999999999840e-05 9.939519999999999467e-01 -1.097879999999999967e-01 2.312999999999999952e-03
1.400000000000000000e+01 3.200000000000000000e+01 1.400000000000000000e+01 0.000000000000000000e+00 1.600000000000000089e+00 -1.789400000000000018e-02 4.913599999999999912e-02 -9.986319999999999641e-01 9.186500000000000221e-02 9.946479999999999766e-01 4.729400000000000270e-02 9.956110000000000237e-01 -9.089300000000000157e-02 -2.231199999999999850e-02
1.800000000000000000e+01 3.200000000000000000e+01 1.400000000000000000e+01 0.000000000000000000e+00 1.600000000000000089e+00 1.870000000000000134e-02 -4.055700000000000277e-02 -9.990019999999999456e-01 9.216900000000000093e-02 9.949919999999999876e-01 -3.866900000000000198e-02 9.955680000000000085e-01 -9.135400000000000464e-02 2.234399999999999928e-02
7.000000000000000000e+00 1.200000000000000000e+01 1.500000000000000000e+01 0.000000000000000000e+00 1.600000000000000089e+00 2.531999999999999963e-03 4.970000000000000459e-04 -9.999970000000000248e-01 -4.649650000000000172e-01 -8.853280000000000038e-01 -1.616999999999999948e-03 -8.853250000000000286e-01 4.649670000000000192e-01 -2.010000000000000068e-03
3.000000000000000000e+01 1.200000000000000000e+01 1.500000000000000000e+01 0.000000000000000000e+00 1.600000000000000089e+00 -1.021999999999999905e-03 -8.736000000000000709e-03 -9.999609999999999888e-01 -4.640969999999999818e-01 -8.857460000000000333e-01 8.212999999999999814e-03 -8.857840000000000158e-01 4.640870000000000273e-01 -3.148999999999999889e-03
5.000000000000000000e+00 2.000000000000000000e+00 1.900000000000000000e+01 0.000000000000000000e+00 1.600000000000000089e+00 3.883999999999999866e-03 -6.760999999999999649e-03 -9.999700000000000255e-01 1.283990000000000131e-01 -9.916960000000000219e-01 7.204000000000000334e-03 -9.917150000000000132e-01 -1.284230000000000094e-01 -2.984000000000000107e-03
9.000000000000000000e+00 2.000000000000000000e+00 1.900000000000000000e+01 0.000000000000000000e+00 1.600000000000000089e+00 -4.209999999999999875e-04 -1.663999999999999898e-03 -9.999989999999999712e-01 1.258690000000000087e-01 -9.920459999999999834e-01 1.598000000000000028e-03 -9.920470000000000121e-01 -1.258680000000000077e-01 6.269999999999999532e-04
1.500000000000000000e+01 2.000000000000000000e+00 1.900000000000000000e+01 0.000000000000000000e+00 1.600000000000000089e+00 -1.356999999999999916e-03 4.174999999999999892e-03 -9.999900000000000455e-01 1.327830000000000121e-01 -9.911360000000000170e-01 -4.317999999999999790e-03 -9.911440000000000250e-01 -1.327879999999999894e-01 7.910000000000000364e-04
1.800000000000000000e+01 2.000000000000000000e+00 1.900000000000000000e+01 0.000000000000000000e+00 1.600000000000000089e+00 -7.209999999999999612e-04 5.075999999999999783e-03 -9.999869999999999592e-01 1.331789999999999918e-01 -9.910790000000000433e-01 -5.126000000000000348e-03 -9.910919999999999730e-01 -1.331809999999999938e-01 3.899999999999999929e-05
2.700000000000000000e+01 2.000000000000000000e+00 1.900000000000000000e+01 0.000000000000000000e+00 1.600000000000000089e+00 -5.479999999999999845e-04 9.740000000000000394e-04 -9.999989999999999712e-01 1.362659999999999982e-01 -9.906719999999999970e-01 -1.039999999999999909e-03 -9.906719999999999970e-01 -1.362659999999999982e-01 4.099999999999999912e-04
2.900000000000000000e+01 2.000000000000000000e+00 1.900000000000000000e+01 0.000000000000000000e+00 1.600000000000000089e+00 -1.804000000000000048e-03 4.115999999999999867e-03 -9.999900000000000455e-01 1.393629999999999869e-01 -9.902320000000000011e-01 -4.328000000000000250e-03 -9.902400000000000091e-01 -1.393689999999999929e-01 1.211999999999999970e-03
6.000000000000000000e+00 1.300000000000000000e+01 2.000000000000000000e+01 0.000000000000000000e+00 1.600000000000000089e+00 -2.300000000000000002e-05 -5.669999999999999693e-03 9.999839999999999840e-01 2.478970000000000062e-01 9.687710000000000488e-01 5.499000000000000415e-03 -9.687860000000000360e-01 2.478930000000000022e-01 1.382999999999999898e-03
1.200000000000000000e+01 1.300000000000000000e+01 2.000000000000000000e+01 0.000000000000000000e+00 1.600000000000000089e+00 -4.710000000000000102e-04 7.129999999999999836e-04 1.000000000000000000e+00 2.488940000000000041e-01 9.685310000000000308e-01 -5.739999999999999660e-04 -9.685310000000000308e-01 2.488940000000000041e-01 -6.329999999999999906e-04
2.400000000000000000e+01 1.300000000000000000e+01 2.000000000000000000e+01 0.000000000000000000e+00 1.600000000000000089e+00 -1.953000000000000092e-03 -3.748000000000000029e-03 9.999909999999999632e-01 2.518119999999999803e-01 9.677679999999999616e-01 4.119000000000000265e-03 -9.677740000000000231e-01 2.518170000000000130e-01 -9.460000000000000093e-04
3.000000000000000000e+01 1.300000000000000000e+01 2.000000000000000000e+01 0.000000000000000000e+00 1.600000000000000089e+00 1.152000000000000029e-03 -2.674000000000000161e-03 9.999959999999999960e-01 2.512389999999999901e-01 9.679219999999999491e-01 2.298999999999999828e-03 -9.679250000000000353e-01 2.512349999999999861e-01 1.786999999999999960e-03
2.700000000000000000e+01 1.600000000000000000e+01 2.100000000000000000e+01 0.000000000000000000e+00 1.600000000000000089e+00 -6.290000000000000018e-04 -4.614000000000000046e-03 9.999890000000000168e-01 2.993500000000000050e-01 9.541319999999999801e-01 4.590000000000000330e-03 -9.541429999999999634e-01 2.993489999999999762e-01 7.810000000000000102e-04
5.000000000000000000e+00 4.600000000000000000e+01 2.700000000000000000e+01 0.000000000000000000e+00 1.600000000000000089e+00 4.079999999999999968e-04 1.745999999999999939e-03 -9.999980000000000535e-01 6.690160000000000551e-01 7.432459999999999622e-01 1.569999999999999998e-03 7.432469999999999910e-01 -6.690160000000000551e-01 -8.649999999999999920e-04
1.000000000000000000e+01 4.600000000000000000e+01 2.700000000000000000e+01 0.000000000000000000e+00 1.600000000000000089e+00 -2.959999999999999958e-03 -3.400000000000000244e-04 -9.999959999999999960e-01 6.703200000000000269e-01 7.420689999999999786e-01 -2.236999999999999839e-03 7.420660000000000034e-01 -6.703240000000000309e-01 -1.968999999999999830e-03
8.000000000000000000e+00 4.600000000000000000e+01 3.000000000000000000e+01 0.000000000000000000e+00 1.600000000000000089e+00 -1.142000000000000003e-03 -8.059999999999999673e-04 -9.999989999999999712e-01 3.303519999999999790e-01 9.438569999999999460e-01 -1.137999999999999906e-03 9.438569999999999460e-01 -3.303530000000000078e-01 -8.120000000000000048e-04
1.600000000000000000e+01 4.600000000000000000e+01 3.000000000000000000e+01 0.000000000000000000e+00 1.600000000000000089e+00 1.753000000000000001e-03 1.183999999999999940e-03 -9.999980000000000535e-01 3.275230000000000086e-01 9.448419999999999597e-01 1.693000000000000060e-03 9.448419999999999597e-01 -3.275250000000000106e-01 1.268000000000000030e-03
2.300000000000000000e+01 4.600000000000000000e+01 3.000000000000000000e+01 0.000000000000000000e+00 1.600000000000000089e+00 -8.369999999999999619e-04 -1.469000000000000037e-03 -9.999989999999999712e-01 3.233750000000000235e-01 9.462699999999999445e-01 -1.660999999999999933e-03 9.462709999999999733e-01 -3.233750000000000235e-01 -3.159999999999999832e-04
8.000000000000000000e+00 5.800000000000000000e+01 3.100000000000000000e+01 0.000000000000000000e+00 1.600000000000000089e+00 2.932000000000000144e-03 -1.069000000000000072e-03 9.999949999999999672e-01 -7.603250000000000286e-01 -6.495400000000000063e-01 1.534999999999999906e-03 6.495360000000000023e-01 -7.603259999999999463e-01 -2.716999999999999797e-03
1.200000000000000000e+01 5.800000000000000000e+01 3.100000000000000000e+01 0.000000000000000000e+00 1.600000000000000089e+00 1.920000000000000049e-03 -1.859999999999999945e-04 9.999980000000000535e-01 -7.607019999999999893e-01 -6.491000000000000103e-01 1.340000000000000045e-03 6.490989999999999815e-01 -7.607030000000000181e-01 -1.387999999999999911e-03
2.000000000000000000e+01 5.800000000000000000e+01 3.100000000000000000e+01 0.000000000000000000e+00 1.600000000000000089e+00 -3.618999999999999821e-03 -4.954000000000000070e-03 9.999810000000000088e-01 -7.700960000000000027e-01 -6.379010000000000513e-01 -5.947000000000000029e-03 6.379179999999999851e-01 -7.701029999999999820e-01 -1.507000000000000093e-03
2.300000000000000000e+01 5.800000000000000000e+01 3.100000000000000000e+01 0.000000000000000000e+00 1.600000000000000089e+00 -3.903999999999999918e-03 -4.851000000000000277e-03 9.999810000000000088e-01 -7.709129999999999594e-01 -6.369120000000000337e-01 -6.099000000000000254e-03 6.369289999999999674e-01 -7.709209999999999674e-01 -1.252999999999999991e-03
2.600000000000000000e+01 5.800000000000000000e+01 3.100000000000000000e+01 0.000000000000000000e+00 1.600000000000000089e+00 -5.771000000000000088e-03 -4.760000000000000342e-03 9.999719999999999720e-01 -7.683090000000000197e-01 -6.400350000000000206e-01 -7.480999999999999803e-03 6.400529999999999831e-01 -7.683309999999999862e-01 3.600000000000000091e-05
3.000000000000000000e+01 5.800000000000000000e+01 3.100000000000000000e+01 0.000000000000000000e+00 1.600000000000000089e+00 -7.604999999999999781e-03 -9.395000000000000573e-03 9.999270000000000103e-01 -7.696300000000000363e-01 -6.383799999999999475e-01 -1.185199999999999969e-02 6.384450000000000403e-01 -7.696640000000000148e-01 -2.376000000000000074e-03
8.000000000000000000e+00 6.000000000000000000e+00 3.200000000000000000e+01 0.000000000000000000e+00 1.600000000000000089e+00 2.069999999999999792e-03 -2.446999999999999956e-03 -9.999949999999999672e-01 2.435049999999999992e-01 9.698980000000000379e-01 -1.869999999999999917e-03 9.698970000000000091e-01 -2.434999999999999942e-01 2.603999999999999978e-03
1.100000000000000000e+01 6.000000000000000000e+00 3.200000000000000000e+01 0.000000000000000000e+00 1.600000000000000089e+00 8.589999999999999546e-04 -1.307999999999999918e-03 -9.999989999999999712e-01 2.445749999999999869e-01 9.696299999999999919e-01 -1.057999999999999913e-03 9.696299999999999919e-01 -2.445740000000000136e-01 1.152999999999999945e-03
2.600000000000000000e+01 6.000000000000000000e+00 3.200000000000000000e+01 0.000000000000000000e+00 1.600000000000000089e+00 1.629999999999999939e-03 2.255000000000000060e-03 -9.999959999999999960e-01 2.278189999999999937e-01 9.737000000000000099e-01 2.566999999999999837e-03 9.737019999999999564e-01 -2.278219999999999967e-01 1.072999999999999952e-03
1.200000000000000000e+01 2.200000000000000000e+01 3.400000000000000000e+01 0.000000000000000000e+00 1.600000000000000089e+00 6.870000000000000022e-04 -1.744000000000000107e-03 9.999980000000000535e-01 3.787800000000000056e-01 -9.254850000000000021e-01 -1.874999999999999931e-03 9.254869999999999486e-01 3.787800000000000056e-01 2.500000000000000120e-05
3.000000000000000000e+00 4.600000000000000000e+01 3.500000000000000000e+01 0.000000000000000000e+00 1.600000000000000089e+00 -4.389999999999999914e-04 1.853999999999999962e-03 -9.999980000000000535e-01 3.849580000000000224e-01 -9.229319999999999746e-01 -1.879999999999999944e-03 -9.229340000000000321e-01 -3.849580000000000224e-01 -3.089999999999999756e-04
5.000000000000000000e+00 4.600000000000000000e+01 3.500000000000000000e+01 0.000000000000000000e+00 1.600000000000000089e+00 -1.800000000000000113e-04 -2.049999999999999956e-04 -1.000000000000000000e+00 3.853960000000000163e-01 -9.227509999999999879e-01 1.200000000000000030e-04 -9.227509999999999879e-01 -3.853960000000000163e-01 2.449999999999999921e-04
1.000000000000000000e+01 4.600000000000000000e+01 3.500000000000000000e+01 0.000000000000000000e+00 1.600000000000000089e+00 -1.613999999999999983e-03 4.902000000000000107e-03 -9.999869999999999592e-01 3.858050000000000090e-01 -9.225659999999999972e-01 -5.145000000000000268e-03 -9.225790000000000379e-01 -3.858079999999999843e-01 -4.020000000000000136e-04
1.800000000000000000e+01 4.600000000000000000e+01 3.500000000000000000e+01 0.000000000000000000e+00 1.600000000000000089e+00 -8.720000000000000537e-04 -9.899999999999999404e-05 -1.000000000000000000e+00 3.871859999999999746e-01 -9.220009999999999595e-01 -2.460000000000000164e-04 -9.220009999999999595e-01 -3.871859999999999746e-01 8.429999999999999993e-04
2.300000000000000000e+01 4.600000000000000000e+01 3.500000000000000000e+01 0.000000000000000000e+00 1.600000000000000089e+00 -1.659999999999999963e-04 -5.172000000000000382e-03 -9.999869999999999592e-01 3.853260000000000018e-01 -9.227680000000000327e-01 4.708999999999999644e-03 -9.227800000000000447e-01 -3.853210000000000246e-01 2.145999999999999904e-03
2.800000000000000000e+01 4.600000000000000000e+01 3.500000000000000000e+01 0.000000000000000000e+00 1.600000000000000089e+00 -7.339999999999999520e-04 2.001000000000000174e-03 -9.999980000000000535e-01 3.842490000000000072e-01 -9.232270000000000199e-01 -2.129999999999999949e-03 -9.232289999999999663e-01 -3.842499999999999805e-01 -9.100000000000000287e-05
2.000000000000000000e+00 9.500000000000000000e+01 3.600000000000000000e+01 0.000000000000000000e+00 1.600000000000000089e+00 1.010999999999999963e-03 1.078299999999999918e-02 9.999409999999999688e-01 9.959170000000000522e-01 9.025400000000000089e-02 -1.979999999999999989e-03 -9.027000000000000302e-02 9.958599999999999675e-01 -1.064700000000000021e-02
7.000000000000000000e+00 9.500000000000000000e+01 3.600000000000000000e+01 0.000000000000000000e+00 1.600000000000000089e+00 2.095000000000000074e-03 7.037999999999999985e-03 9.999730000000000008e-01 9.962069999999999537e-01 8.697499999999999676e-02 -2.699000000000000010e-03 -8.699099999999999888e-02 9.961860000000000159e-01 -6.829000000000000001e-03
1.100000000000000000e+01 9.500000000000000000e+01 3.600000000000000000e+01 0.000000000000000000e+00 1.600000000000000089e+00 -4.898999999999999709e-03 2.165999999999999957e-03 9.999860000000000415e-01 9.961769999999999792e-01 8.723300000000000498e-02 4.690999999999999857e-03 -8.722100000000000686e-02 9.961860000000000159e-01 -2.585000000000000058e-03
2.000000000000000000e+01 9.500000000000000000e+01 3.600000000000000000e+01 0.000000000000000000e+00 1.600000000000000089e+00 -3.648000000000000201e-03 -7.522000000000000040e-03 9.999649999999999928e-01 9.963199999999999834e-01 8.560600000000000154e-02 4.278999999999999818e-03 -8.563500000000000278e-02 9.963009999999999922e-01 7.182000000000000016e-03
2.500000000000000000e+01 9.500000000000000000e+01 3.600000000000000000e+01 0.000000000000000000e+00 1.600000000000000089e+00 -9.990000000000001049e-04 -3.569000000000000124e-03 9.999930000000000208e-01 9.963370000000000282e-01 8.550099999999999367e-02 1.301000000000000073e-03 -8.550499999999999767e-02 9.963319999999999954e-01 3.471000000000000127e-03
2.800000000000000000e+01 9.500000000000000000e+01 3.600000000000000000e+01 0.000000000000000000e+00 1.600000000000000089e+00 -1.299999999999999920e-05 -1.725300000000000097e-02 9.998510000000000453e-01 9.960139999999999549e-01 8.918600000000000139e-02 1.551999999999999994e-03 -8.919900000000000051e-02 9.958660000000000290e-01 1.718300000000000036e-02
5.000000000000000000e+00 3.000000000000000000e+00 4.300000000000000000e+01 0.000000000000000000e+00 1.600000000000000089e+00 3.212000000000000011e-03 3.880900000000000322e-02 -9.992410000000000458e-01 7.353849999999999554e-01 -6.772259999999999946e-01 -2.393899999999999847e-02 -6.776419999999999666e-01 -7.347500000000000142e-01 -3.071499999999999925e-02
1.000000000000000000e+01 3.000000000000000000e+00 4.300000000000000000e+01 0.000000000000000000e+00 1.600000000000000089e+00 1.951000000000000043e-03 6.505999999999999631e-03 -9.999770000000000048e-01 7.372469999999999857e-01 -6.756170000000000231e-01 -2.956999999999999993e-03 -6.756210000000000271e-01 -7.372239999999999904e-01 -6.113999999999999643e-03
1.500000000000000000e+01 3.000000000000000000e+00 4.300000000000000000e+01 0.000000000000000000e+00 1.600000000000000089e+00 8.850000000000000444e-04 1.059099999999999972e-02 -9.999430000000000263e-01 7.384619999999999518e-01 -6.742629999999999457e-01 -6.487999999999999844e-03 -6.742939999999999490e-01 -7.384150000000000436e-01 -8.418000000000000135e-03
2.200000000000000000e+01 3.000000000000000000e+00 4.300000000000000000e+01 0.000000000000000000e+00 1.600000000000000089e+00 -1.389999999999999905e-04 -1.556000000000000091e-03 -9.999989999999999712e-01 7.358660000000000201e-01 -6.771270000000000344e-01 9.510000000000000224e-04 -6.771279999999999522e-01 -7.358649999999999913e-01 1.239000000000000084e-03
3.000000000000000000e+01 3.000000000000000000e+00 4.300000000000000000e+01 0.000000000000000000e+00 1.600000000000000089e+00 3.950000000000000386e-03 8.430999999999999259e-03 -9.999569999999999848e-01 7.364680000000000115e-01 -6.764660000000000117e-01 -2.794000000000000043e-03 -6.764609999999999790e-01 -7.364249999999999963e-01 -8.881000000000000005e-03
7.000000000000000000e+00 8.000000000000000000e+00 4.400000000000000000e+01 0.000000000000000000e+00 1.600000000000000089e+00 3.043000000000000132e-03 1.145900000000000044e-02 9.999299999999999855e-01 -7.716520000000000046e-01 -6.359730000000000105e-01 9.636000000000000468e-03 6.360379999999999923e-01 -7.716269999999999518e-01 6.906999999999999945e-03
4.000000000000000000e+00 2.900000000000000000e+01 4.400000000000000000e+01 0.000000000000000000e+00 1.600000000000000089e+00 -2.900000000000000017e-05 2.282999999999999873e-03 -9.999970000000000248e-01 6.702050000000000507e-01 7.421740000000000004e-01 1.675000000000000057e-03 7.421759999999999469e-01 -6.702029999999999932e-01 -1.551000000000000078e-03
1.100000000000000000e+01 2.900000000000000000e+01 4.400000000000000000e+01 0.000000000000000000e+00 1.600000000000000089e+00 -9.650000000000000374e-04 2.086999999999999880e-03 -9.999970000000000248e-01 6.579420000000000268e-01 7.530679999999999596e-01 9.370000000000000074e-04 7.530679999999999596e-01 -6.579399999999999693e-01 -2.099999999999999870e-03
1.400000000000000000e+01 2.900000000000000000e+01 4.400000000000000000e+01 0.000000000000000000e+00 1.600000000000000089e+00 -1.283000000000000069e-03 -1.920999999999999965e-03 -9.999970000000000248e-01 6.579300000000000148e-01 7.530759999999999676e-01 -2.289999999999999935e-03 7.530780000000000252e-01 -6.579310000000000436e-01 2.979999999999999793e-04
2.200000000000000000e+01 2.900000000000000000e+01 4.400000000000000000e+01 0.000000000000000000e+00 1.600000000000000089e+00 -1.200000000000000030e-04 -4.257000000000000367e-03 -9.999909999999999632e-01 6.598840000000000261e-01 7.513600000000000279e-01 -3.278000000000000098e-03 7.513670000000000071e-01 -6.598779999999999646e-01 2.719000000000000063e-03
2.500000000000000000e+01 2.900000000000000000e+01 4.400000000000000000e+01 0.000000000000000000e+00 1.600000000000000089e+00 -1.234000000000000071e-03 -7.431000000000000105e-03 -9.999719999999999720e-01 6.590770000000000239e-01 7.520480000000000498e-01 -6.400999999999999572e-03 7.520740000000000203e-01 -6.590660000000000407e-01 3.969999999999999571e-03
2.900000000000000000e+01 2.900000000000000000e+01 4.400000000000000000e+01 0.000000000000000000e+00 1.600000000000000089e+00 1.152000000000000029e-03 -6.231999999999999693e-03 -9.999799999999999800e-01 6.574609999999999621e-01 7.534779999999999811e-01 -3.937999999999999660e-03 7.534880000000000466e-01 -6.574429999999999996e-01 4.964999999999999795e-03
3.000000000000000000e+00 5.400000000000000000e+01 4.600000000000000000e+01 0.000000000000000000e+00 1.600000000000000089e+00 3.129999999999999970e-03 2.259000000000000157e-03 9.999930000000000208e-01 3.206729999999999858e-01 -9.471889999999999477e-01 1.136000000000000074e-03 9.471850000000000547e-01 3.206669999999999798e-01 -3.689000000000000005e-03
1.000000000000000000e+01 5.400000000000000000e+01 4.600000000000000000e+01 0.000000000000000000e+00 1.600000000000000089e+00 1.051000000000000068e-03 -3.484999999999999817e-03 9.999930000000000208e-01 3.572989999999999777e-01 -9.339830000000000076e-01 -3.629999999999999980e-03 9.339889999999999581e-01 3.573009999999999797e-01 2.629999999999999959e-04
1.200000000000000000e+01 6.500000000000000000e+01 4.600000000000000000e+01 0.000000000000000000e+00 1.600000000000000089e+00 -2.549000000000000050e-03 3.713000000000000154e-03 9.999900000000000455e-01 6.818539999999999601e-01 -7.314749999999999863e-01 4.453999999999999626e-03 7.314840000000000231e-01 6.818579999999999641e-01 -6.669999999999999497e-04
2.500000000000000000e+01 7.000000000000000000e+01 4.700000000000000000e+01 0.000000000000000000e+00 1.600000000000000089e+00 -2.919999999999999961e-04 1.577000000000000060e-03 -9.999989999999999712e-01 -8.426919999999999966e-01 -5.383959999999999857e-01 -6.030000000000000204e-04 -5.383959999999999857e-01 8.426900000000000501e-01 1.485999999999999908e-03
7.000000000000000000e+00 5.000000000000000000e+00 5.100000000000000000e+01 0.000000000000000000e+00 1.600000000000000089e+00 3.363000000000000104e-03 1.101099999999999995e-02 -9.999339999999999895e-01 4.902639999999999776e-01 -8.715380000000000349e-01 -7.948000000000000204e-03 -8.715680000000000094e-01 -4.902039999999999731e-01 -8.328999999999999598e-03
2.300000000000000000e+01 1.500000000000000000e+01 5.300000000000000000e+01 0.000000000000000000e+00 1.600000000000000089e+00 2.237999999999999972e-03 3.923000000000000272e-03 -9.999900000000000455e-01 6.755719999999999503e-01 7.372809999999999642e-01 4.403999999999999929e-03 7.372910000000000297e-01 -6.755750000000000366e-01 -1.000000000000000021e-03
6.000000000000000000e+00 6.300000000000000000e+01 5.400000000000000000e+01 0.000000000000000000e+00 1.600000000000000089e+00 -1.466999999999999988e-03 -3.699999999999999947e-04 9.999989999999999712e-01 -3.430860000000000021e-01 9.393040000000000278e-01 -1.559999999999999972e-04 -9.393029999999999990e-01 -3.430860000000000021e-01 -1.505000000000000044e-03
1.100000000000000000e+01 6.300000000000000000e+01 5.400000000000000000e+01 0.000000000000000000e+00 1.600000000000000089e+00 5.270000000000000162e-04 -1.018999999999999941e-03 9.999989999999999712e-01 -3.423109999999999764e-01 9.395860000000000323e-01 1.137999999999999906e-03 -9.395869999999999500e-01 -3.423109999999999764e-01 1.459999999999999981e-04
2.200000000000000000e+01 6.300000000000000000e+01 5.400000000000000000e+01 0.000000000000000000e+00 1.600000000000000089e+00 1.108999999999999960e-03 -1.361000000000000014e-03 9.999989999999999712e-01 -3.572949999999999737e-01 9.339899999999999869e-01 1.667000000000000079e-03 -9.339910000000000156e-01 -3.572969999999999757e-01 5.500000000000000331e-04
2.800000000000000000e+01 6.300000000000000000e+01 5.400000000000000000e+01 0.000000000000000000e+00 1.600000000000000089e+00 -1.391000000000000092e-03 -3.079000000000000140e-03 9.999940000000000495e-01 -3.549959999999999782e-01 9.348649999999999460e-01 2.384999999999999967e-03 -9.348670000000000035e-01 -3.549900000000000277e-01 -2.393000000000000162e-03
5.000000000000000000e+00 2.500000000000000000e+01 5.500000000000000000e+01 0.000000000000000000e+00 1.600000000000000089e+00 -1.018999999999999941e-03 -2.549000000000000050e-03 -9.999959999999999960e-01 -9.381000000000000449e-03 -9.999529999999999808e-01 2.557999999999999944e-03 -9.999550000000000383e-01 9.383999999999999980e-03 9.950000000000000077e-04
8.000000000000000000e+00 2.500000000000000000e+01 5.500000000000000000e+01 0.000000000000000000e+00 1.600000000000000089e+00 -3.020000000000000223e-04 7.100000000000000191e-04 -1.000000000000000000e+00 -9.811999999999999542e-03 -9.999519999999999520e-01 -7.069999999999999462e-04 -9.999519999999999520e-01 9.811999999999999542e-03 3.089999999999999756e-04
1.300000000000000000e+01 2.500000000000000000e+01 5.500000000000000000e+01 0.000000000000000000e+00 1.600000000000000089e+00 7.370000000000000249e-04 1.998000000000000210e-03 -9.999980000000000535e-01 -1.000000000000000021e-02 -9.999479999999999480e-01 -2.004999999999999838e-03 -9.999500000000000055e-01 1.000200000000000047e-02 -7.169999999999999724e-04
1.700000000000000000e+01 2.500000000000000000e+01 5.500000000000000000e+01 0.000000000000000000e+00 1.600000000000000089e+00 -2.660000000000000146e-04 8.799999999999999771e-05 -1.000000000000000000e+00 -1.072999999999999995e-02 -9.999419999999999975e-01 -8.500000000000000611e-05 -9.999419999999999975e-01 1.072999999999999995e-02 2.669999999999999847e-04
2.400000000000000000e+01 2.500000000000000000e+01 5.500000000000000000e+01 0.000000000000000000e+00 1.600000000000000089e+00 9.899999999999999404e-05 2.477000000000000035e-03 -9.999970000000000248e-01 -9.443000000000000005e-03 -9.999519999999999520e-01 -2.477000000000000035e-03 -9.999550000000000383e-01 9.443000000000000005e-03 -7.499999999999999343e-05
1.200000000000000000e+01 7.000000000000000000e+00 6.000000000000000000e+01 0.000000000000000000e+00 1.600000000000000089e+00 1.459999999999999926e-03 7.156000000000000034e-03 9.999730000000000008e-01 5.663949999999999818e-01 -8.241180000000000172e-01 5.070999999999999987e-03 8.241319999999999757e-01 5.663730000000000153e-01 -5.256000000000000255e-03
1.800000000000000000e+01 7.000000000000000000e+00 6.000000000000000000e+01 0.000000000000000000e+00 1.600000000000000089e+00 1.759999999999999954e-04 5.572999999999999829e-03 9.999850000000000128e-01 5.655240000000000267e-01 -8.247189999999999799e-01 4.497000000000000129e-03 8.247320000000000206e-01 5.655149999999999899e-01 -3.295999999999999885e-03
2.200000000000000000e+01 7.000000000000000000e+00 6.000000000000000000e+01 0.000000000000000000e+00 1.600000000000000089e+00 4.065000000000000037e-03 3.827000000000000107e-03 9.999839999999999840e-01 5.622580000000000355e-01 -8.269609999999999461e-01 8.790000000000000070e-04 8.269520000000000204e-01 5.622460000000000235e-01 -5.512999999999999672e-03
4.000000000000000000e+00 2.100000000000000000e+01 6.000000000000000000e+01 0.000000000000000000e+00 1.600000000000000089e+00 2.345999999999999995e-03 9.594000000000000097e-03 9.999510000000000343e-01 -9.694300000000000139e-02 9.952459999999999640e-01 -9.320999999999999425e-03 -9.952870000000000328e-01 -9.691700000000000315e-02 3.265000000000000107e-03
2.000000000000000000e+01 2.100000000000000000e+01 6.000000000000000000e+01 0.000000000000000000e+00 1.600000000000000089e+00 -7.150000000000000322e-04 8.989999999999999511e-04 9.999989999999999712e-01 -9.750100000000000433e-02 9.952349999999999808e-01 -9.640000000000000131e-04 -9.952349999999999808e-01 -9.750200000000000533e-02 -6.239999999999999887e-04
2.400000000000000000e+01 2.100000000000000000e+01 6.000000000000000000e+01 0.000000000000000000e+00 1.600000000000000089e+00 -2.300000000000000070e-04 2.340000000000000066e-03 9.999970000000000248e-01 -9.703799999999999926e-02 9.952779999999999960e-01 -2.350999999999999791e-03 -9.952809999999999713e-01 -9.703799999999999926e-02 -1.999999999999999909e-06
1.100000000000000000e+01 6.000000000000000000e+00 6.100000000000000000e+01 0.000000000000000000e+00 1.600000000000000089e+00 4.169999999999999987e-04 2.288000000000000103e-03 9.999970000000000248e-01 5.589490000000000292e-01 -8.292000000000000481e-01 1.663999999999999898e-03 8.292019999999999946e-01 5.589469999999999716e-01 -1.624000000000000010e-03
1.800000000000000000e+01 4.000000000000000000e+00 6.200000000000000000e+01 0.000000000000000000e+00 1.600000000000000089e+00 -1.378000000000000102e-03 -5.689999999999999529e-04 9.999989999999999712e-01 -6.175749999999999851e-01 7.865119999999999889e-01 -4.029999999999999837e-04 -7.865109999999999602e-01 -6.175749999999999851e-01 -1.435000000000000078e-03
2.900000000000000000e+01 4.000000000000000000e+00 6.200000000000000000e+01 0.000000000000000000e+00 1.600000000000000089e+00 -3.465000000000000198e-03 5.256000000000000255e-03 9.999799999999999800e-01 -6.162809999999999677e-01 7.875020000000000353e-01 -6.275000000000000196e-03 -7.875189999999999690e-01 -6.162900000000000045e-01 5.100000000000000366e-04
5.000000000000000000e+00 2.700000000000000000e+01 6.300000000000000000e+01 0.000000000000000000e+00 1.600000000000000089e+00 9.510000000000000224e-04 5.837000000000000174e-03 9.999820000000000375e-01 -2.776379999999999959e-01 9.606710000000000527e-01 -5.343999999999999792e-03 -9.606850000000000112e-01 -2.776279999999999859e-01 2.533999999999999794e-03
8.000000000000000000e+00 2.700000000000000000e+01 6.300000000000000000e+01 0.000000000000000000e+00 1.600000000000000089e+00 1.175000000000000046e-03 2.619999999999999933e-03 9.999959999999999960e-01 -2.772990000000000177e-01 9.607809999999999961e-01 -2.190999999999999805e-03 -9.607830000000000537e-01 -2.772950000000000137e-01 1.855000000000000095e-03
1.300000000000000000e+01 2.700000000000000000e+01 6.300000000000000000e+01 0.000000000000000000e+00 1.600000000000000089e+00 8.620000000000000275e-04 4.185000000000000352e-03 9.999909999999999632e-01 -2.798519999999999897e-01 9.600360000000000005e-01 -3.775999999999999843e-03 -9.600429999999999797e-01 -2.798459999999999837e-01 1.998999999999999909e-03
1.800000000000000000e+01 2.700000000000000000e+01 6.300000000000000000e+01 0.000000000000000000e+00 1.600000000000000089e+00 -2.020000000000000094e-03 1.041999999999999958e-03 9.999970000000000248e-01 -2.772160000000000180e-01 9.608060000000000489e-01 -1.561000000000000104e-03 -9.608060000000000489e-01 -2.772180000000000200e-01 -1.652000000000000040e-03
2.400000000000000000e+01 2.700000000000000000e+01 6.300000000000000000e+01 0.000000000000000000e+00 1.600000000000000089e+00 2.152999999999999966e-03 -1.373000000000000088e-03 9.999970000000000248e-01 -2.713409999999999989e-01 9.624810000000000310e-01 1.905000000000000009e-03 -9.624810000000000310e-01 -2.713439999999999741e-01 1.698999999999999989e-03
3.000000000000000000e+01 2.700000000000000000e+01 6.300000000000000000e+01 0.000000000000000000e+00 1.600000000000000089e+00 -4.029999999999999837e-04 -1.031999999999999931e-02 9.999470000000000303e-01 -2.740560000000000218e-01 9.616639999999999633e-01 9.813999999999999807e-03 -9.617139999999999578e-01 -2.740380000000000038e-01 -3.216000000000000109e-03
3.000000000000000000e+00 2.600000000000000000e+01 6.400000000000000000e+01 0.000000000000000000e+00 1.600000000000000089e+00 9.970000000000000563e-04 1.186500000000000055e-02 9.999289999999999567e-01 -3.504490000000000105e-01 9.365200000000000191e-01 -1.076300000000000000e-02 -9.365809999999999969e-01 -3.504129999999999745e-01 5.092000000000000172e-03
9.000000000000000000e+00 2.600000000000000000e+01 6.400000000000000000e+01 0.000000000000000000e+00 1.600000000000000089e+00 1.459999999999999926e-03 3.926999999999999935e-03 9.999909999999999632e-01 -3.475179999999999936e-01 9.376679999999999460e-01 -3.174999999999999871e-03 -9.376719999999999500e-01 -3.475110000000000143e-01 2.733999999999999885e-03
1.400000000000000000e+01 2.600000000000000000e+01 6.400000000000000000e+01 0.000000000000000000e+00 1.600000000000000089e+00 3.910000000000000172e-04 3.059000000000000087e-03 9.999949999999999672e-01 -3.475119999999999876e-01 9.376710000000000322e-01 -2.732000000000000053e-03 -9.376750000000000362e-01 -3.475090000000000123e-01 1.428999999999999932e-03
1.800000000000000000e+01 2.600000000000000000e+01 6.400000000000000000e+01 0.000000000000000000e+00 1.600000000000000089e+00 -2.805999999999999901e-03 5.169999999999999899e-04 9.999959999999999960e-01 -3.438709999999999822e-01 9.390159999999999618e-01 -1.451000000000000033e-03 -9.390129999999999866e-01 -3.438740000000000130e-01 -2.458000000000000115e-03
2.400000000000000000e+01 2.600000000000000000e+01 6.400000000000000000e+01 0.000000000000000000e+00 1.600000000000000089e+00 1.855000000000000095e-03 -3.523999999999999789e-03 9.999919999999999920e-01 -3.404969999999999941e-01 9.402369999999999894e-01 3.944999999999999722e-03 -9.402439999999999687e-01 -3.405009999999999981e-01 5.439999999999999957e-04
3.000000000000000000e+01 2.600000000000000000e+01 6.400000000000000000e+01 0.000000000000000000e+00 1.600000000000000089e+00 1.675000000000000057e-03 -9.750999999999999251e-03 9.999510000000000343e-01 -3.427160000000000206e-01 9.393890000000000295e-01 9.735000000000000597e-03 -9.394379999999999953e-01 -3.427160000000000206e-01 -1.768000000000000040e-03
1.600000000000000000e+01 6.900000000000000000e+01 6.600000000000000000e+01 0.000000000000000000e+00 1.600000000000000089e+00 -1.012000000000000096e-03 3.978999999999999898e-03 9.999919999999999920e-01 -9.516590000000000327e-01 3.071490000000000054e-01 -2.184999999999999876e-03 -3.071550000000000114e-01 -9.516529999999999712e-01 3.475999999999999923e-03
