3.000000000000000000e+01 1.500000000000000000e+01 4.000000000000000000e+00 0.000000000000000000e+00 1.600000000000000089e+00 2.370000000000000145e-03 -1.039999999999999936e-04 9.999970000000000248e-01 2.691089999999999871e-01 -9.631089999999999929e-01 -7.380000000000000492e-04 9.631070000000000464e-01 2.691100000000000159e-01 -2.255000000000000060e-03
5.000000000000000000e+00 1.600000000000000000e+01 4.000000000000000000e+00 0.000000000000000000e+00 1.600000000000000089e+00 -2.233000000000000176e-03 -1.148399999999999942e-02 9.999320000000000430e-01 3.164939999999999976e-01 -9.485400000000000498e-01 -1.018699999999999987e-02 9.485919999999999908e-01 3.164489999999999803e-01 5.752000000000000168e-03
1.000000000000000000e+01 1.600000000000000000e+01 4.000000000000000000e+00 0.000000000000000000e+00 1.600000000000000089e+00 2.785000000000000149e-03 -1.399199999999999923e-02 9.998979999999999535e-01 3.130749999999999922e-01 -9.496229999999999949e-01 -1.416099999999999998e-02 9.497240000000000126e-01 3.130830000000000002e-01 1.735999999999999913e-03
1.300000000000000000e+01 1.600000000000000000e+01 4.000000000000000000e+00 0.000000000000000000e+00 1.600000000000000089e+00 2.570999999999999935e-03 -1.941299999999999970e-02 9.998080000000000300e-01 3.147380000000000178e-01 -9.489830000000000210e-01 -1.923599999999999963e-02 9.491749999999999909e-01 3.147280000000000078e-01 3.670999999999999784e-03
1.800000000000000000e+01 1.600000000000000000e+01 4.000000000000000000e+00 0.000000000000000000e+00 1.600000000000000089e+00 3.003000000000000027e-03 -2.052000000000000005e-02 9.997850000000000348e-01 3.214969999999999772e-01 -9.466909999999999492e-01 -2.039600000000000093e-02 9.469060000000000255e-01 3.214890000000000247e-01 3.753999999999999958e-03
2.700000000000000000e+01 1.600000000000000000e+01 4.000000000000000000e+00 0.000000000000000000e+00 1.600000000000000089e+00 2.262999999999999821e-03 -8.522000000000000061e-03 9.999609999999999888e-01 3.311080000000000134e-01 -9.435519999999999463e-01 -8.791000000000000203e-03 9.435900000000000398e-01 3.311149999999999927e-01 6.859999999999999779e-04
1.000000000000000000e+00 1.010000000000000000e+02 7.000000000000000000e+00 0.000000000000000000e+00 1.600000000000000089e+00 1.013999999999999927e-03 -7.908000000000000099e-03 9.999679999999999680e-01 8.859080000000000288e-01 4.638530000000000153e-01 2.769999999999999893e-03 -4.638599999999999945e-01 8.858770000000000255e-01 7.476000000000000006e-03
6.000000000000000000e+00 1.010000000000000000e+02 7.000000000000000000e+00 0.000000000000000000e+00 1.600000000000000089e+00 2.896000000000000137e-03 4.193999999999999811e-03 9.999869999999999592e-01 8.854549999999999921e-01 4.647040000000000060e-01 -4.512999999999999651e-03 -4.647160000000000180e-01 8.854560000000000208e-01 -2.367999999999999879e-03
2.400000000000000000e+01 1.010000000000000000e+02 7.000000000000000000e+00 0.000000000000000000e+00 1.600000000000000089e+00 -1.810000000000000085e-04 -4.659999999999999971e-04 1.000000000000000000e+00 8.848350000000000382e-01 4.659039999999999848e-01 3.770000000000000022e-04 -4.659039999999999848e-01 8.848350000000000382e-01 3.280000000000000038e-04
2.700000000000000000e+01 1.010000000000000000e+02 7.000000000000000000e+00 0.000000000000000000e+00 1.600000000000000089e+00 1.140000000000000063e-04 -3.831999999999999903e-03 9.999930000000000208e-01 8.841520000000000490e-01 4.671969999999999734e-01 1.690000000000000096e-03 -4.672000000000000042e-01 8.841449999999999587e-01 3.441000000000000048e-03
3.000000000000000000e+00 1.500000000000000000e+01 8.000000000000000000e+00 0.000000000000000000e+00 1.600000000000000089e+00 -3.475999999999999923e-03 -9.983000000000000554e-03 -9.999440000000000550e-01 -5.665780000000000260e-01 -8.239450000000000385e-01 1.019600000000000020e-02 -8.240009999999999835e-01 5.665820000000000300e-01 -2.792000000000000211e-03
7.000000000000000000e+00 1.500000000000000000e+01 8.000000000000000000e+00 0.000000000000000000e+00 1.600000000000000089e+00 -4.484000000000000138e-03 -9.294000000000000178e-03 -9.999470000000000303e-01 -5.655430000000000179e-01 -8.246550000000000269e-01 1.020100000000000000e-02 -8.247060000000000501e-01 5.655590000000000339e-01 -1.557999999999999923e-03
1.000000000000000000e+01 1.500000000000000000e+01 8.000000000000000000e+00 0.000000000000000000e+00 1.600000000000000089e+00 -7.599999999999999985e-03 -1.155100000000000050e-02 -9.999040000000000150e-01 -5.656400000000000317e-01 -8.245360000000000467e-01 1.382399999999999948e-02 -8.246170000000000444e-01 5.656910000000000549e-01 -2.669999999999999847e-04
1.400000000000000000e+01 1.500000000000000000e+01 8.000000000000000000e+00 0.000000000000000000e+00 1.600000000000000089e+00 -7.979999999999999247e-03 -1.845099999999999865e-02 -9.997979999999999645e-01 -5.680720000000000214e-01 -8.227430000000000021e-01 1.971799999999999942e-02 -8.229400000000000048e-01 5.681150000000000366e-01 -3.915000000000000077e-03
1.800000000000000000e+01 1.500000000000000000e+01 8.000000000000000000e+00 0.000000000000000000e+00 1.600000000000000089e+00 -7.542000000000000093e-03 -2.197999999999999954e-02 -9.997300000000000075e-01 -5.715820000000000345e-01 -8.202409999999999979e-01 2.234600000000000128e-02 -8.205099999999999616e-01 5.715959999999999930e-01 -6.377999999999999989e-03
2.100000000000000000e+01 1.500000000000000000e+01 8.000000000000000000e+00 0.000000000000000000e+00 1.600000000000000089e+00 -7.078000000000000090e-03 -2.132300000000000167e-02 -9.997479999999999700e-01 -5.750530000000000364e-01 -8.178330000000000322e-01 2.151399999999999840e-02 -8.180859999999999799e-01 5.750600000000000156e-01 -6.472999999999999587e-03
2.600000000000000000e+01 1.500000000000000000e+01 8.000000000000000000e+00 0.000000000000000000e+00 1.600000000000000089e+00 -2.856000000000000032e-03 -6.525000000000000418e-03 -9.999749999999999472e-01 -5.789729999999999599e-01 -8.153169999999999584e-01 6.974000000000000164e-03 -8.153420000000000112e-01 5.789779999999999927e-01 -1.448999999999999984e-03
7.000000000000000000e+00 2.600000000000000000e+01 8.000000000000000000e+00 0.000000000000000000e+00 1.600000000000000089e+00 1.894000000000000067e-03 8.163999999999999382e-03 -9.999649999999999928e-01 4.236670000000000158e-01 9.057809999999999473e-01 8.198000000000000426e-03 9.058159999999999545e-01 -4.236670000000000158e-01 -1.744000000000000107e-03
1.200000000000000000e+01 2.600000000000000000e+01 8.000000000000000000e+00 0.000000000000000000e+00 1.600000000000000089e+00 5.781999999999999813e-03 2.561199999999999935e-02 -9.996549999999999603e-01 4.206389999999999851e-01 9.068650000000000322e-01 2.566699999999999884e-02 9.072099999999999609e-01 -4.206420000000000159e-01 -5.530000000000000193e-03
1.500000000000000000e+01 2.600000000000000000e+01 8.000000000000000000e+00 0.000000000000000000e+00 1.600000000000000089e+00 6.945999999999999917e-03 2.131200000000000108e-02 -9.997489999999999988e-01 4.174390000000000045e-01 9.084320000000000173e-01 2.226600000000000107e-02 9.086779999999999857e-01 -4.174889999999999990e-01 -2.586999999999999890e-03
2.100000000000000000e+01 2.600000000000000000e+01 8.000000000000000000e+00 0.000000000000000000e+00 1.600000000000000089e+00 6.747999999999999658e-03 2.270600000000000049e-02 -9.997190000000000243e-01 4.125889999999999835e-01 9.106149999999999523e-01 2.346699999999999828e-02 9.108920000000000350e-01 -4.126319999999999988e-01 -3.223000000000000170e-03
2.900000000000000000e+01 2.600000000000000000e+01 8.000000000000000000e+00 0.000000000000000000e+00 1.600000000000000089e+00 2.262000000000000122e-03 3.043000000000000132e-03 -9.999930000000000208e-01 4.094119999999999981e-01 9.123419999999999863e-01 3.701999999999999996e-03 9.123470000000000191e-01 -4.094169999999999754e-01 8.180000000000000422e-04
7.000000000000000000e+00 1.400000000000000000e+01 9.000000000000000000e+00 0.000000000000000000e+00 1.600000000000000089e+00 -5.118000000000000153e-03 -1.139800000000000015e-02 -9.999219999999999775e-01 -5.615949999999999553e-01 -8.273209999999999731e-01 1.230599999999999923e-02 -8.273960000000000203e-01 5.616139999999999466e-01 -2.167000000000000089e-03
2.200000000000000000e+01 2.400000000000000000e+01 9.000000000000000000e+00 0.000000000000000000e+00 1.600000000000000089e+00 7.335000000000000374e-03 2.423799999999999913e-02 -9.996789999999999843e-01 4.667990000000000195e-01 8.840139999999999665e-01 2.485899999999999915e-02 8.843330000000000357e-01 -4.668309999999999960e-01 -4.830000000000000092e-03
2.600000000000000000e+01 2.400000000000000000e+01 9.000000000000000000e+00 0.000000000000000000e+00 1.600000000000000089e+00 4.739000000000000157e-03 1.402100000000000048e-02 -9.998909999999999743e-01 4.635500000000000176e-01 8.859500000000000153e-01 1.461999999999999932e-02 8.860580000000000123e-01 -4.635679999999999801e-01 -2.301000000000000094e-03
1.100000000000000000e+01 3.100000000000000000e+01 1.200000000000000000e+01 0.000000000000000000e+00 1.600000000000000089e+00 1.641000000000000097e-03 2.004999999999999838e-03 9.999970000000000248e-01 -1.483300000000000070e-02 9.998879999999999990e-01 -1.981000000000000122e-03 -9.998890000000000278e-01 -1.482999999999999943e-02 1.670000000000000043e-03
1.700000000000000000e+01 3.100000000000000000e+01 1.200000000000000000e+01 0.000000000000000000e+00 1.600000000000000089e+00 1.028999999999999967e-03 1.374000000000000004e-03 9.999989999999999712e-01 -1.338499999999999933e-02 9.999090000000000478e-01 -1.360000000000000098e-03 -9.999099999999999655e-01 -1.338400000000000006e-02 1.048000000000000103e-03
2.400000000000000000e+01 3.100000000000000000e+01 1.200000000000000000e+01 0.000000000000000000e+00 1.600000000000000089e+00 -5.159999999999999656e-04 5.143000000000000002e-03 9.999869999999999592e-01 -9.083000000000000795e-03 9.999460000000000015e-01 -5.147999999999999798e-03 -9.999590000000000423e-01 -9.084999999999999326e-03 -4.690000000000000158e-04
3.000000000000000000e+01 3.100000000000000000e+01 1.200000000000000000e+01 0.000000000000000000e+00 1.600000000000000089e+00 -6.130000000000000466e-04 -3.733000000000000207e-03 9.999930000000000208e-01 -8.682000000000000481e-03 9.999550000000000383e-01 3.727999999999999977e-03 -9.999620000000000175e-01 -8.678999999999999215e-03 -6.449999999999999570e-04
3.000000000000000000e+00 1.200000000000000000e+01 1.500000000000000000e+01 0.000000000000000000e+00 1.600000000000000089e+00 -1.729999999999999984e-03 -6.181999999999999995e-03 -9.999789999999999512e-01 -4.646210000000000062e-01 -8.854870000000000241e-01 6.277999999999999726e-03 -8.855079999999999618e-01 4.646219999999999795e-01 -1.340000000000000045e-03
9.000000000000000000e+00 1.200000000000000000e+01 1.500000000000000000e+01 0.000000000000000000e+00 1.600000000000000089e+00 -4.046000000000000117e-03 -6.620000000000000016e-03 -9.999700000000000255e-01 -4.690309999999999757e-01 -8.831480000000000441e-01 7.744000000000000015e-03 -8.831719999999999571e-01 4.690480000000000205e-01 4.679999999999999915e-04
1.900000000000000000e+01 1.200000000000000000e+01 1.500000000000000000e+01 0.000000000000000000e+00 1.600000000000000089e+00 -4.276000000000000287e-03 -6.048000000000000424e-03 -9.999730000000000008e-01 -4.737439999999999984e-01 -8.806319999999999704e-01 7.352000000000000028e-03 -8.806519999999999904e-01 4.737629999999999897e-01 8.999999999999999754e-04
2.400000000000000000e+01 1.200000000000000000e+01 1.500000000000000000e+01 0.000000000000000000e+00 1.600000000000000089e+00 -2.119999999999999923e-03 -4.303000000000000401e-03 -9.999879999999999880e-01 -4.732660000000000200e-01 -8.809069999999999956e-01 4.793999999999999651e-03 -8.809169999999999501e-01 4.732700000000000240e-01 -1.689999999999999879e-04
2.900000000000000000e+01 1.200000000000000000e+01 1.500000000000000000e+01 0.000000000000000000e+00 1.600000000000000089e+00 -1.922000000000000097e-03 1.562000000000000020e-03 -9.999970000000000248e-01 -4.731899999999999995e-01 -8.809599999999999653e-01 -4.670000000000000214e-04 -8.809580000000000188e-01 4.731870000000000243e-01 2.432999999999999833e-03
3.000000000000000000e+00 2.000000000000000000e+00 1.900000000000000000e+01 0.000000000000000000e+00 1.600000000000000089e+00 -1.771999999999999921e-03 -1.505000000000000044e-03 -9.999970000000000248e-01 1.421580000000000066e-01 -9.898430000000000284e-01 1.237999999999999951e-03 -9.898419999999999996e-01 -1.421550000000000036e-01 1.968000000000000131e-03
6.000000000000000000e+00 2.000000000000000000e+00 1.900000000000000000e+01 0.000000000000000000e+00 1.600000000000000089e+00 -1.523000000000000048e-03 -1.111999999999999924e-03 -9.999980000000000535e-01 1.454550000000000010e-01 -9.893640000000000212e-01 8.790000000000000070e-04 -9.893640000000000212e-01 -1.454540000000000000e-01 1.668999999999999911e-03
1.600000000000000000e+01 2.000000000000000000e+00 1.900000000000000000e+01 0.000000000000000000e+00 1.600000000000000089e+00 2.286999999999999970e-03 -3.569999999999999823e-03 -9.999909999999999632e-01 1.546269999999999867e-01 -9.879649999999999821e-01 3.880999999999999901e-03 -9.879700000000000149e-01 -1.546349999999999947e-01 -1.706999999999999967e-03
2.000000000000000000e+01 2.000000000000000000e+00 1.900000000000000000e+01 0.000000000000000000e+00 1.600000000000000089e+00 2.968999999999999851e-03 -1.206699999999999960e-02 -9.999230000000000063e-01 1.606539999999999913e-01 -9.869329999999999492e-01 1.238700000000000044e-02 -9.870060000000000500e-01 -1.606779999999999875e-01 -9.920000000000000432e-04
2.300000000000000000e+01 2.000000000000000000e+00 1.900000000000000000e+01 0.000000000000000000e+00 1.600000000000000089e+00 3.164000000000000146e-03 -4.995000000000000308e-03 -9.999829999999999552e-01 1.642520000000000091e-01 -9.864030000000000298e-01 5.446999999999999585e-03 -9.864129999999999843e-01 -1.642659999999999954e-01 -2.301000000000000094e-03
2.800000000000000000e+01 2.000000000000000000e+00 1.900000000000000000e+01 0.000000000000000000e+00 1.600000000000000089e+00 -1.355000000000000085e-03 1.142499999999999939e-02 -9.999339999999999895e-01 1.653949999999999865e-01 -9.861609999999999543e-01 -1.149200000000000048e-02 -9.862269999999999648e-01 -1.653989999999999905e-01 -5.529999999999999976e-04
2.300000000000000000e+01 4.000000000000000000e+00 2.000000000000000000e+01 0.000000000000000000e+00 1.600000000000000089e+00 4.531000000000000305e-03 -5.485000000000000292e-03 -9.999749999999999472e-01 2.569779999999999842e-01 -9.663960000000000328e-01 6.466000000000000393e-03 -9.664070000000000160e-01 -2.570009999999999795e-01 -2.968999999999999851e-03
4.000000000000000000e+00 1.300000000000000000e+01 2.000000000000000000e+01 0.000000000000000000e+00 1.600000000000000089e+00 4.400000000000000157e-04 -2.590000000000000071e-04 1.000000000000000000e+00 2.513110000000000066e-01 9.679060000000000441e-01 1.399999999999999877e-04 -9.679060000000000441e-01 2.513110000000000066e-01 4.910000000000000085e-04
1.000000000000000000e+01 1.300000000000000000e+01 2.000000000000000000e+01 0.000000000000000000e+00 1.600000000000000089e+00 1.142999999999999919e-03 5.124000000000000082e-03 9.999860000000000415e-01 2.531180000000000097e-01 9.674209999999999754e-01 -5.246999999999999928e-03 -9.674350000000000449e-01 2.531209999999999849e-01 -1.910000000000000077e-04
1.600000000000000000e+01 1.300000000000000000e+01 2.000000000000000000e+01 0.000000000000000000e+00 1.600000000000000089e+00 2.699999999999999899e-05 3.602000000000000167e-03 9.999940000000000495e-01 2.521510000000000140e-01 9.676820000000000421e-01 -3.493000000000000011e-03 -9.676879999999999926e-01 2.521490000000000120e-01 -8.819999999999999715e-04
2.300000000000000000e+01 1.300000000000000000e+01 2.000000000000000000e+01 0.000000000000000000e+00 1.600000000000000089e+00 -8.540000000000000499e-04 8.310000000000000329e-04 9.999989999999999712e-01 2.557599999999999874e-01 9.667400000000000437e-01 -5.850000000000000165e-04 -9.667400000000000437e-01 2.557590000000000141e-01 -1.038999999999999993e-03
2.600000000000000000e+01 1.300000000000000000e+01 2.000000000000000000e+01 0.000000000000000000e+00 1.600000000000000089e+00 -1.191000000000000001e-03 -1.178000000000000011e-03 9.999989999999999712e-01 2.566519999999999913e-01 9.665030000000000010e-01 1.445000000000000104e-03 -9.665030000000000010e-01 2.566539999999999933e-01 -8.490000000000000368e-04
3.000000000000000000e+01 1.300000000000000000e+01 2.000000000000000000e+01 0.000000000000000000e+00 1.600000000000000089e+00 -1.512000000000000106e-03 -9.030000000000000483e-04 9.999980000000000535e-01 2.574890000000000234e-01 9.662800000000000278e-01 1.262000000000000101e-03 -9.662800000000000278e-01 2.574910000000000254e-01 -1.227999999999999925e-03
1.600000000000000000e+01 1.600000000000000000e+01 2.100000000000000000e+01 0.000000000000000000e+00 1.600000000000000089e+00 -5.789999999999999791e-04 -1.126999999999999964e-03 9.999989999999999712e-01 2.979430000000000134e-01 9.545829999999999593e-01 1.247999999999999977e-03 -9.545829999999999593e-01 2.979439999999999866e-01 -2.169999999999999891e-04
2.800000000000000000e+01 1.600000000000000000e+01 2.100000000000000000e+01 0.000000000000000000e+00 1.600000000000000089e+00 -1.866000000000000037e-03 -3.275000000000000133e-03 9.999930000000000208e-01 2.996400000000000174e-01 9.540450000000000319e-01 3.684000000000000209e-03 -9.540499999999999536e-01 2.996449999999999947e-01 -7.990000000000000140e-04
5.000000000000000000e+00 4.600000000000000000e+01 2.700000000000000000e+01 0.000000000000000000e+00 1.600000000000000089e+00 2.103999999999999967e-03 6.009999999999999717e-04 -9.999980000000000535e-01 6.644039999999999946e-01 7.473710000000000075e-01 1.846999999999999901e-03 7.473699999999999788e-01 -6.644060000000000521e-01 1.173999999999999913e-03
1.200000000000000000e+01 4.600000000000000000e+01 2.700000000000000000e+01 0.000000000000000000e+00 1.600000000000000089e+00 1.226000000000000093e-03 2.150000000000000001e-03 -9.999970000000000248e-01 6.776269999999999794e-01 7.354020000000000001e-01 2.412000000000000081e-03 7.354039999999999466e-01 -6.776280000000000081e-01 -5.559999999999999621e-04
1.600000000000000000e+01 4.600000000000000000e+01 2.700000000000000000e+01 0.000000000000000000e+00 1.600000000000000089e+00 1.905000000000000009e-03 1.309000000000000051e-03 -9.999970000000000248e-01 6.852190000000000225e-01 7.283340000000000369e-01 2.259000000000000157e-03 7.283349999999999547e-01 -6.852209999999999690e-01 4.899999999999999842e-04
1.900000000000000000e+01 4.600000000000000000e+01 2.700000000000000000e+01 0.000000000000000000e+00 1.600000000000000089e+00 1.763000000000000027e-03 3.119999999999999944e-04 -9.999980000000000535e-01 6.846179999999999488e-01 7.289010000000000211e-01 1.435000000000000078e-03 7.288999999999999924e-01 -6.846189999999999776e-01 1.072000000000000036e-03
7.000000000000000000e+00 4.600000000000000000e+01 3.000000000000000000e+01 0.000000000000000000e+00 1.600000000000000089e+00 8.220000000000000310e-04 1.110000000000000011e-04 -1.000000000000000000e+00 3.238889999999999825e-01 9.460950000000000193e-01 3.719999999999999891e-04 9.460950000000000193e-01 -3.238889999999999825e-01 7.420000000000000380e-04
1.100000000000000000e+01 4.600000000000000000e+01 3.000000000000000000e+01 0.000000000000000000e+00 1.600000000000000089e+00 -6.030000000000000204e-04 6.589999999999999721e-04 -1.000000000000000000e+00 3.314810000000000256e-01 9.434620000000000228e-01 4.220000000000000118e-04 9.434620000000000228e-01 -3.314810000000000256e-01 -7.870000000000000476e-04
1.800000000000000000e+01 4.600000000000000000e+01 3.000000000000000000e+01 0.000000000000000000e+00 1.600000000000000089e+00 1.735999999999999913e-03 1.572999999999999962e-03 -9.999970000000000248e-01 3.372680000000000122e-01 9.414059999999999651e-01 2.066000000000000128e-03 9.414069999999999938e-01 -3.372709999999999875e-01 1.103999999999999947e-03
2.200000000000000000e+01 4.600000000000000000e+01 3.000000000000000000e+01 0.000000000000000000e+00 1.600000000000000089e+00 -4.650000000000000270e-04 2.900000000000000017e-05 -1.000000000000000000e+00 3.349869999999999792e-01 9.422230000000000327e-01 -1.289999999999999914e-04 9.422230000000000327e-01 -3.349869999999999792e-01 -4.470000000000000232e-04
4.000000000000000000e+00 5.800000000000000000e+01 3.100000000000000000e+01 0.000000000000000000e+00 1.600000000000000089e+00 -3.967000000000000040e-03 -6.132000000000000298e-03 9.999730000000000008e-01 -7.697490000000000165e-01 -6.383090000000000153e-01 -6.968000000000000235e-03 6.383349999999999858e-01 -7.697559999999999958e-01 -2.187999999999999841e-03
7.000000000000000000e+00 5.800000000000000000e+01 3.100000000000000000e+01 0.000000000000000000e+00 1.600000000000000089e+00 -2.171999999999999886e-03 -5.113999999999999622e-03 9.999850000000000128e-01 -7.725929999999999742e-01 -6.348819999999999464e-01 -4.924999999999999691e-03 6.348979999999999624e-01 -7.725919999999999455e-01 -2.572000000000000067e-03
1.500000000000000000e+01 5.800000000000000000e+01 3.100000000000000000e+01 0.000000000000000000e+00 1.600000000000000089e+00 -2.467000000000000009e-03 -5.320000000000000293e-04 9.999970000000000248e-01 -7.780679999999999819e-01 -6.281759999999999566e-01 -2.252999999999999794e-03 6.281750000000000389e-01 -7.780709999999999571e-01 1.136000000000000074e-03
2.100000000000000000e+01 5.800000000000000000e+01 3.100000000000000000e+01 0.000000000000000000e+00 1.600000000000000089e+00 -9.730000000000000151e-04 1.706000000000000051e-03 9.999980000000000535e-01 -7.848789999999999933e-01 -6.196490000000000054e-01 2.939999999999999905e-04 6.196479999999999766e-01 -7.848779999999999646e-01 1.941999999999999933e-03
2.600000000000000000e+01 5.800000000000000000e+01 3.100000000000000000e+01 0.000000000000000000e+00 1.600000000000000089e+00 -1.711999999999999980e-03 -2.825999999999999953e-03 9.999949999999999672e-01 -7.859800000000000120e-01 -6.182450000000000445e-01 -3.092999999999999829e-03 6.182499999999999662e-01 -7.859810000000000407e-01 -1.162999999999999971e-03
1.000000000000000000e+01 6.000000000000000000e+00 3.200000000000000000e+01 0.000000000000000000e+00 1.600000000000000089e+00 -3.150000000000000131e-04 3.911999999999999679e-03 -9.999919999999999920e-01 1.996729999999999894e-01 9.798550000000000315e-01 3.769999999999999914e-03 9.798630000000000395e-01 -1.996699999999999864e-01 -1.090000000000000040e-03
2.000000000000000000e+00 4.600000000000000000e+01 3.500000000000000000e+01 0.000000000000000000e+00 1.600000000000000089e+00 -7.399999999999999894e-04 -5.000000000000000409e-06 -1.000000000000000000e+00 3.853179999999999938e-01 -9.227840000000000487e-01 -2.799999999999999755e-04 -9.227840000000000487e-01 -3.853179999999999938e-01 6.840000000000000377e-04
5.000000000000000000e+00 4.600000000000000000e+01 3.500000000000000000e+01 0.000000000000000000e+00 1.600000000000000089e+00 6.660000000000000338e-04 -2.419999999999999842e-03 -9.999970000000000248e-01 3.866609999999999769e-01 -9.222190000000000110e-01 2.488999999999999893e-03 -9.222219999999999862e-01 -3.866609999999999769e-01 3.209999999999999963e-04
1.200000000000000000e+01 4.600000000000000000e+01 3.500000000000000000e+01 0.000000000000000000e+00 1.600000000000000089e+00 -1.810000000000000085e-04 5.141999999999999869e-03 -9.999869999999999592e-01 3.875549999999999828e-01 -9.218340000000000423e-01 -4.810000000000000039e-03 -9.218469999999999720e-01 -3.875509999999999788e-01 -1.825999999999999932e-03
1.700000000000000000e+01 4.600000000000000000e+01 3.500000000000000000e+01 0.000000000000000000e+00 1.600000000000000089e+00 -6.790000000000000245e-04 -6.220000000000000485e-04 -1.000000000000000000e+00 3.876749999999999918e-01 -9.217959999999999487e-01 3.099999999999999999e-04 -9.217959999999999487e-01 -3.876749999999999918e-01 8.670000000000000406e-04
2.200000000000000000e+01 4.600000000000000000e+01 3.500000000000000000e+01 0.000000000000000000e+00 1.600000000000000089e+00 1.160000000000000007e-04 -1.090000000000000067e-04 -1.000000000000000000e+00 3.877510000000000123e-01 -9.217640000000000278e-01 1.459999999999999981e-04 -9.217640000000000278e-01 -3.877510000000000123e-01 -6.499999999999999431e-05
2.700000000000000000e+01 4.600000000000000000e+01 3.500000000000000000e+01 0.000000000000000000e+00 1.600000000000000089e+00 9.420000000000000205e-04 1.572999999999999962e-03 -9.999980000000000535e-01 3.866029999999999744e-01 -9.222460000000000102e-01 -1.085999999999999943e-03 -9.222460000000000102e-01 -3.866009999999999724e-01 -1.477000000000000014e-03
2.000000000000000000e+00 9.500000000000000000e+01 3.600000000000000000e+01 0.000000000000000000e+00 1.600000000000000089e+00 -6.949999999999999798e-04 -1.948700000000000085e-02 9.998099999999999765e-01 9.960909999999999487e-01 8.830100000000000449e-02 2.413999999999999913e-03 -8.833199999999999386e-02 9.959029999999999827e-01 1.934900000000000161e-02
9.000000000000000000e+00 9.500000000000000000e+01 3.600000000000000000e+01 0.000000000000000000e+00 1.600000000000000089e+00 6.207999999999999977e-03 1.001499999999999960e-02 9.999310000000000143e-01 9.965509999999999646e-01 8.268100000000000449e-02 -7.015000000000000402e-03 -8.274499999999999911e-02 9.965260000000000229e-01 -9.466999999999999721e-03
1.200000000000000000e+01 9.500000000000000000e+01 3.600000000000000000e+01 0.000000000000000000e+00 1.600000000000000089e+00 3.556999999999999832e-03 2.776999999999999955e-03 9.999900000000000455e-01 9.961170000000000302e-01 8.795699999999999352e-02 -3.787000000000000002e-03 -8.796700000000000352e-02 9.961200000000000054e-01 -2.452999999999999885e-03
1.700000000000000000e+01 9.500000000000000000e+01 3.600000000000000000e+01 0.000000000000000000e+00 1.600000000000000089e+00 -2.491999999999999858e-03 -4.974000000000000123e-03 9.999850000000000128e-01 9.960550000000000237e-01 8.869199999999999307e-02 2.922999999999999817e-03 -8.870500000000000607e-02 9.960470000000000157e-01 4.734000000000000360e-03
2.500000000000000000e+01 9.500000000000000000e+01 3.600000000000000000e+01 0.000000000000000000e+00 1.600000000000000089e+00 -1.799999999999999951e-03 1.691000000000000012e-03 9.999970000000000248e-01 9.964030000000000387e-01 8.472999999999999976e-02 1.649999999999999991e-03 -8.472699999999999676e-02 9.964030000000000387e-01 -1.837000000000000091e-03
2.900000000000000000e+01 9.500000000000000000e+01 3.600000000000000000e+01 0.000000000000000000e+00 1.600000000000000089e+00 -7.766000000000000333e-03 -2.191999999999999851e-02 9.997300000000000075e-01 9.965990000000000126e-01 8.184400000000000008e-02 9.535999999999999338e-03 -8.203100000000000669e-02 9.964039999999999564e-01 2.120899999999999869e-02
4.000000000000000000e+00 3.000000000000000000e+00 4.300000000000000000e+01 0.000000000000000000e+00 1.600000000000000089e+00 6.499999999999999431e-05 1.041899999999999944e-02 -9.999460000000000015e-01 7.374399999999999844e-01 -6.753770000000000051e-01 -6.989000000000000420e-03 -6.754130000000000411e-01 -7.373990000000000267e-01 -7.727000000000000361e-03
1.100000000000000000e+01 3.000000000000000000e+00 4.300000000000000000e+01 0.000000000000000000e+00 1.600000000000000089e+00 3.880999999999999901e-03 1.363999999999999935e-02 -9.998989999999999823e-01 7.298350000000000115e-01 -6.835919999999999774e-01 -6.492999999999999640e-03 -6.836119999999999974e-01 -7.297360000000000513e-01 -1.260799999999999942e-02
1.400000000000000000e+01 3.000000000000000000e+00 4.300000000000000000e+01 0.000000000000000000e+00 1.600000000000000089e+00 -1.858000000000000059e-03 -7.440000000000000432e-03 -9.999710000000000543e-01 7.302939999999999987e-01 -6.831230000000000357e-01 3.726000000000000145e-03 -6.831300000000000150e-01 -7.302659999999999707e-01 6.702999999999999757e-03
2.700000000000000000e+01 3.000000000000000000e+00 4.300000000000000000e+01 0.000000000000000000e+00 1.600000000000000089e+00 1.846999999999999901e-03 1.410600000000000048e-02 -9.998989999999999823e-01 7.329299999999999704e-01 -6.802550000000000541e-01 -8.243000000000000327e-03 -6.803019999999999623e-01 -7.328400000000000469e-01 -1.159499999999999940e-02
4.000000000000000000e+00 8.000000000000000000e+00 4.400000000000000000e+01 0.000000000000000000e+00 1.600000000000000089e+00 5.590000000000000351e-04 3.396999999999999846e-03 9.999940000000000495e-01 -7.672179999999999556e-01 -6.413809999999999789e-01 2.606999999999999942e-03 6.413860000000000117e-01 -7.672149999999999803e-01 2.247999999999999998e-03
1.600000000000000000e+01 8.000000000000000000e+00 4.400000000000000000e+01 0.000000000000000000e+00 1.600000000000000089e+00 2.488000000000000194e-03 -2.790000000000000054e-04 9.999970000000000248e-01 -7.779730000000000256e-01 -6.282950000000000479e-01 1.760000000000000063e-03 6.282929999999999904e-01 -7.779749999999999721e-01 -1.779999999999999898e-03
1.300000000000000000e+01 2.900000000000000000e+01 4.400000000000000000e+01 0.000000000000000000e+00 1.600000000000000089e+00 3.861999999999999982e-03 3.572000000000000088e-03 -9.999860000000000415e-01 6.714409999999999545e-01 7.410390000000000033e-01 5.239999999999999866e-03 7.410480000000000400e-01 -6.714520000000000488e-01 4.629999999999999784e-04
1.900000000000000000e+01 2.900000000000000000e+01 4.400000000000000000e+01 0.000000000000000000e+00 1.600000000000000089e+00 8.099999999999999561e-04 5.394000000000000357e-03 -9.999850000000000128e-01 6.758950000000000236e-01 7.369839999999999725e-01 4.523000000000000111e-03 7.369970000000000132e-01 -6.758889999999999620e-01 -3.049000000000000061e-03
2.500000000000000000e+01 2.900000000000000000e+01 4.400000000000000000e+01 0.000000000000000000e+00 1.600000000000000089e+00 -2.501000000000000185e-03 8.000000000000000654e-05 -9.999970000000000248e-01 6.808199999999999807e-01 7.324490000000000167e-01 -1.644000000000000062e-03 7.324460000000000415e-01 -6.808220000000000383e-01 -1.886000000000000090e-03
2.900000000000000000e+01 2.900000000000000000e+01 4.400000000000000000e+01 0.000000000000000000e+00 1.600000000000000089e+00 -2.615000000000000137e-03 3.179999999999999776e-04 -9.999970000000000248e-01 6.802369999999999806e-01 7.329909999999999481e-01 -1.546000000000000065e-03 7.329879999999999729e-01 -6.802380000000000093e-01 -2.132999999999999913e-03
1.600000000000000000e+01 6.500000000000000000e+01 4.600000000000000000e+01 0.000000000000000000e+00 1.600000000000000089e+00 -2.407999999999999984e-03 1.788000000000000093e-03 9.999959999999999960e-01 6.843069999999999986e-01 -7.291879999999999473e-01 2.952000000000000197e-03 7.291900000000000048e-01 6.843110000000000026e-01 5.320000000000000293e-04
7.000000000000000000e+00 5.000000000000000000e+00 5.100000000000000000e+01 0.000000000000000000e+00 1.600000000000000089e+00 3.629999999999999872e-04 6.996999999999999748e-03 -9.999749999999999472e-01 4.736210000000000142e-01 -8.807080000000000464e-01 -5.989999999999999665e-03 -8.807289999999999841e-01 -4.736070000000000002e-01 -3.634000000000000077e-03
1.700000000000000000e+01 5.000000000000000000e+00 5.100000000000000000e+01 0.000000000000000000e+00 1.600000000000000089e+00 -2.171999999999999886e-03 8.838999999999999635e-03 -9.999590000000000423e-01 4.771730000000000138e-01 -8.787650000000000183e-01 -8.803999999999999326e-03 -8.788059999999999761e-01 -4.771730000000000138e-01 -2.308999999999999855e-03
2.700000000000000000e+01 5.000000000000000000e+00 5.100000000000000000e+01 0.000000000000000000e+00 1.600000000000000089e+00 2.413000000000000214e-03 1.869000000000000002e-03 -9.999949999999999672e-01 4.898629999999999929e-01 -8.717989999999999906e-01 -4.470000000000000232e-04 -8.717960000000000154e-01 -4.898600000000000176e-01 -3.018999999999999982e-03
2.000000000000000000e+00 6.300000000000000000e+01 5.400000000000000000e+01 0.000000000000000000e+00 1.600000000000000089e+00 -1.407999999999999963e-03 -2.668999999999999932e-03 9.999949999999999672e-01 -3.518220000000000236e-01 9.360650000000000359e-01 2.003000000000000006e-03 -9.360659999999999537e-01 -3.518169999999999908e-01 -2.256999999999999892e-03
7.000000000000000000e+00 6.300000000000000000e+01 5.400000000000000000e+01 0.000000000000000000e+00 1.600000000000000089e+00 -2.669999999999999847e-04 4.500000000000000283e-05 1.000000000000000000e+00 -3.527460000000000040e-01 9.357189999999999674e-01 -1.359999999999999989e-04 -9.357189999999999674e-01 -3.527460000000000040e-01 -2.339999999999999958e-04
1.100000000000000000e+01 6.300000000000000000e+01 5.400000000000000000e+01 0.000000000000000000e+00 1.600000000000000089e+00 -7.010000000000000172e-04 1.026000000000000002e-03 9.999989999999999712e-01 -3.516589999999999994e-01 9.361270000000000424e-01 -1.206999999999999957e-03 -9.361279999999999601e-01 -3.516599999999999726e-01 -2.950000000000000148e-04
1.600000000000000000e+01 6.300000000000000000e+01 5.400000000000000000e+01 0.000000000000000000e+00 1.600000000000000089e+00 2.359999999999999902e-04 -1.567999999999999949e-03 9.999989999999999712e-01 -3.490800000000000014e-01 9.370920000000000361e-01 1.551999999999999994e-03 -9.370929999999999538e-01 -3.490800000000000014e-01 -3.260000000000000094e-04
2.200000000000000000e+01 6.300000000000000000e+01 5.400000000000000000e+01 0.000000000000000000e+00 1.600000000000000089e+00 1.240999999999999916e-03 -1.407999999999999963e-03 9.999980000000000535e-01 -3.433740000000000125e-01 9.391969999999999485e-01 1.748999999999999904e-03 -9.391979999999999773e-01 -3.433749999999999858e-01 6.819999999999999890e-04
2.600000000000000000e+01 6.300000000000000000e+01 5.400000000000000000e+01 0.000000000000000000e+00 1.600000000000000089e+00 -3.321000000000000167e-03 -5.609999999999999752e-04 9.999940000000000495e-01 -3.464200000000000057e-01 9.380789999999999962e-01 -6.239999999999999887e-04 -9.380730000000000457e-01 -3.464209999999999789e-01 -3.310000000000000008e-03
1.000000000000000000e+00 2.500000000000000000e+01 5.500000000000000000e+01 0.000000000000000000e+00 1.600000000000000089e+00 -1.679999999999999907e-04 -4.622000000000000240e-03 -9.999890000000000168e-01 -1.011100000000000020e-02 -9.999379999999999935e-01 4.623000000000000373e-03 -9.999489999999999768e-01 1.011100000000000020e-02 1.210000000000000002e-04
5.000000000000000000e+00 2.500000000000000000e+01 5.500000000000000000e+01 0.000000000000000000e+00 1.600000000000000089e+00 -1.379999999999999933e-04 -4.041999999999999586e-03 -9.999919999999999920e-01 -1.110200000000000076e-02 -9.999299999999999855e-01 4.042999999999999719e-03 -9.999379999999999935e-01 1.110200000000000076e-02 9.299999999999999727e-05
9.000000000000000000e+00 2.500000000000000000e+01 5.500000000000000000e+01 0.000000000000000000e+00 1.600000000000000089e+00 -3.989999999999999949e-04 3.785000000000000170e-03 -9.999930000000000208e-01 -1.198100000000000033e-02 -9.999209999999999487e-01 -3.779999999999999940e-03 -9.999280000000000390e-01 1.197900000000000006e-02 4.440000000000000045e-04
1.200000000000000000e+01 2.500000000000000000e+01 5.500000000000000000e+01 0.000000000000000000e+00 1.600000000000000089e+00 -3.759999999999999779e-04 3.246999999999999886e-03 -9.999949999999999672e-01 -1.213499999999999995e-02 -9.999209999999999487e-01 -3.242000000000000090e-03 -9.999259999999999815e-01 1.213400000000000069e-02 4.150000000000000043e-04
1.800000000000000000e+01 2.500000000000000000e+01 5.500000000000000000e+01 0.000000000000000000e+00 1.600000000000000089e+00 1.415000000000000025e-03 -4.100000000000000047e-05 -9.999989999999999712e-01 -1.081499999999999996e-02 -9.999419999999999975e-01 2.500000000000000120e-05 -9.999409999999999688e-01 1.081499999999999996e-02 -1.415000000000000025e-03
2.500000000000000000e+01 2.500000000000000000e+01 5.500000000000000000e+01 0.000000000000000000e+00 1.600000000000000089e+00 1.169999999999999979e-04 -3.480000000000000020e-04 -1.000000000000000000e+00 -9.820000000000000603e-03 -9.999519999999999520e-01 3.469999999999999777e-04 -9.999519999999999520e-01 9.820000000000000603e-03 -1.200000000000000030e-04
2.700000000000000000e+01 2.500000000000000000e+01 5.500000000000000000e+01 0.000000000000000000e+00 1.600000000000000089e+00 3.510000000000000208e-04 1.286999999999999950e-03 -9.999989999999999712e-01 -1.022999999999999951e-02 -9.999470000000000303e-01 -1.289999999999999914e-03 -9.999479999999999480e-01 1.023100000000000051e-02 -3.379999999999999758e-04
1.900000000000000000e+01 5.800000000000000000e+01 5.900000000000000000e+01 0.000000000000000000e+00 1.600000000000000089e+00 1.008999999999999914e-03 4.989999999999999861e-04 -9.999989999999999712e-01 3.878469999999999973e-01 9.217229999999999590e-01 8.520000000000000013e-04 9.217229999999999590e-01 -3.878480000000000261e-01 7.370000000000000249e-04
1.500000000000000000e+01 7.000000000000000000e+00 6.000000000000000000e+01 0.000000000000000000e+00 1.600000000000000089e+00 -3.870999999999999875e-03 3.442000000000000181e-03 9.999869999999999592e-01 5.659560000000000146e-01 -8.244200000000000417e-01 5.028999999999999616e-03 8.244270000000000209e-01 5.659680000000000266e-01 1.242999999999999964e-03
1.400000000000000000e+01 2.100000000000000000e+01 6.000000000000000000e+01 0.000000000000000000e+00 1.600000000000000089e+00 -1.918000000000000000e-03 -1.477700000000000020e-02 9.998890000000000278e-01 -9.442300000000000693e-02 9.954260000000000330e-01 1.452900000000000025e-02 -9.955300000000000260e-01 -9.438499999999999668e-02 -3.304000000000000079e-03
2.000000000000000000e+01 2.100000000000000000e+01 6.000000000000000000e+01 0.000000000000000000e+00 1.600000000000000089e+00 4.270000000000000249e-04 6.464000000000000128e-03 9.999789999999999512e-01 -9.513900000000000134e-02 9.954429999999999668e-01 -6.394000000000000378e-03 -9.954640000000000155e-01 -9.513399999999999634e-02 1.039999999999999909e-03
2.500000000000000000e+01 2.100000000000000000e+01 6.000000000000000000e+01 0.000000000000000000e+00 1.600000000000000089e+00 2.730000000000000222e-04 -4.559999999999999817e-03 9.999900000000000455e-01 -9.672699999999999354e-02 9.952999999999999625e-01 4.564999999999999614e-03 -9.953109999999999458e-01 -9.672699999999999354e-02 -1.689999999999999879e-04
3.000000000000000000e+00 4.000000000000000000e+00 6.200000000000000000e+01 0.000000000000000000e+00 1.600000000000000089e+00 6.970000000000000284e-04 9.143000000000000085e-03 9.999580000000000135e-01 -6.168209999999999527e-01 7.870740000000000514e-01 -6.766999999999999578e-03 -7.871029999999999971e-01 -6.167909999999999782e-01 6.187999999999999924e-03
4.000000000000000000e+00 2.700000000000000000e+01 6.300000000000000000e+01 0.000000000000000000e+00 1.600000000000000089e+00 1.327999999999999970e-03 -8.862000000000000086e-03 9.999599999999999600e-01 -2.767680000000000140e-01 9.608959999999999724e-01 8.883000000000000271e-03 -9.609360000000000124e-01 -2.767689999999999872e-01 -1.177000000000000095e-03
9.000000000000000000e+00 2.700000000000000000e+01 6.300000000000000000e+01 0.000000000000000000e+00 1.600000000000000089e+00 -1.100000000000000039e-04 1.984999999999999785e-03 9.999980000000000535e-01 -2.748570000000000180e-01 9.614829999999999766e-01 -1.938999999999999968e-03 -9.614850000000000341e-01 -2.748570000000000180e-01 4.400000000000000157e-04
1.500000000000000000e+01 2.700000000000000000e+01 6.300000000000000000e+01 0.000000000000000000e+00 1.600000000000000089e+00 -1.273000000000000043e-03 -8.238000000000000531e-03 9.999649999999999928e-01 -2.717849999999999988e-01 9.623279999999999612e-01 7.582000000000000198e-03 -9.623570000000000180e-01 -2.717660000000000076e-01 -3.464000000000000065e-03
1.900000000000000000e+01 2.700000000000000000e+01 6.300000000000000000e+01 0.000000000000000000e+00 1.600000000000000089e+00 4.500000000000000283e-05 -8.184000000000000302e-03 9.999670000000000503e-01 -2.711939999999999906e-01 9.624920000000000142e-01 7.889000000000000179e-03 -9.625249999999999639e-01 -2.711859999999999826e-01 -2.175999999999999983e-03
