2.000000000000000000e+00 2.500000000000000000e+01 1.000000000000000000e+00 0.000000000000000000e+00 1.600000000000000089e+00 9.778000000000000233e-03 3.730900000000000188e-02 -9.992560000000000331e-01 -5.155809999999999560e-01 -8.560410000000000519e-01 -3.700699999999999823e-02 -8.567850000000000188e-01 5.155589999999999895e-01 1.086600000000000066e-02
1.500000000000000000e+01 2.500000000000000000e+01 1.000000000000000000e+00 0.000000000000000000e+00 1.600000000000000089e+00 -2.150000000000000001e-03 -7.908000000000000099e-03 -9.999660000000000215e-01 -5.211740000000000261e-01 -8.534140000000000059e-01 7.868999999999999259e-03 -8.534469999999999557e-01 5.211740000000000261e-01 -2.286999999999999970e-03
1.000000000000000000e+00 4.100000000000000000e+01 1.000000000000000000e+00 0.000000000000000000e+00 1.600000000000000089e+00 2.396540000000000059e-01 7.155639999999999779e-01 6.561510000000000398e-01 8.593250000000000055e-01 -4.708590000000000275e-01 1.996320000000000039e-01 4.518039999999999834e-01 5.160040000000000182e-01 -7.277449999999999752e-01
2.000000000000000000e+00 1.800000000000000000e+01 2.000000000000000000e+00 0.000000000000000000e+00 1.600000000000000089e+00 3.018500000000000003e-02 3.758500000000000035e-02 -9.988369999999999749e-01 -7.952909999999999702e-01 -6.044199999999999573e-01 -4.677800000000000014e-02 -6.054760000000000142e-01 7.957790000000000141e-01 1.164699999999999937e-02
1.200000000000000000e+01 1.800000000000000000e+01 3.000000000000000000e+00 0.000000000000000000e+00 1.600000000000000089e+00 9.282999999999999585e-03 7.988000000000000309e-03 -9.999249999999999527e-01 -7.769580000000000375e-01 -6.294330000000000203e-01 -1.224100000000000014e-02 -6.294840000000000435e-01 7.770129999999999537e-01 3.629999999999999872e-04
1.600000000000000000e+01 2.100000000000000000e+01 4.000000000000000000e+00 0.000000000000000000e+00 1.600000000000000089e+00 -1.046000000000000055e-03 -3.350000000000000113e-04 -9.999989999999999712e-01 -6.566290000000000182e-01 -7.542130000000000223e-01 9.389999999999999476e-04 -7.542130000000000223e-01 6.566290000000000182e-01 5.689999999999999529e-04
1.900000000000000000e+01 2.100000000000000000e+01 4.000000000000000000e+00 0.000000000000000000e+00 1.600000000000000089e+00 -2.005999999999999971e-03 2.773999999999999990e-03 -9.999940000000000495e-01 -6.573539999999999939e-01 -7.535809999999999453e-01 -7.720000000000000083e-04 -7.535789999999999988e-01 6.573489999999999611e-01 3.334999999999999857e-03
3.000000000000000000e+01 1.100000000000000000e+01 7.000000000000000000e+00 0.000000000000000000e+00 1.600000000000000089e+00 -3.717000000000000165e-02 -5.930999999999999640e-03 -9.992910000000000403e-01 -9.955509999999999637e-01 -8.642099999999999782e-02 3.754400000000000098e-02 -8.658200000000000618e-02 9.962410000000000432e-01 -2.693000000000000081e-03
1.500000000000000000e+01 1.010000000000000000e+02 7.000000000000000000e+00 0.000000000000000000e+00 1.600000000000000089e+00 6.459000000000000331e-03 2.935000000000000109e-02 9.995479999999999920e-01 8.854030000000000511e-01 4.644220000000000015e-01 -1.935900000000000121e-02 -4.647800000000000264e-01 8.851280000000000259e-01 -2.298700000000000049e-02
2.300000000000000000e+01 1.010000000000000000e+02 7.000000000000000000e+00 0.000000000000000000e+00 1.600000000000000089e+00 -8.520000000000000013e-04 2.455000000000000151e-03 9.999970000000000248e-01 8.905859999999999888e-01 4.548139999999999961e-01 -3.579999999999999741e-04 -4.548130000000000228e-01 8.905830000000000135e-01 -2.573999999999999899e-03
4.000000000000000000e+00 2.500000000000000000e+01 8.000000000000000000e+00 0.000000000000000000e+00 1.600000000000000089e+00 -5.958999999999999887e-03 1.343399999999999976e-02 -9.998920000000000030e-01 4.388159999999999838e-01 8.985269999999999646e-01 9.457000000000000128e-03 8.985570000000000501e-01 -4.387119999999999909e-01 -1.124900000000000032e-02
9.000000000000000000e+00 2.500000000000000000e+01 8.000000000000000000e+00 0.000000000000000000e+00 1.600000000000000089e+00 3.916000000000000210e-03 -2.024099999999999858e-02 -9.997869999999999813e-01 4.417460000000000275e-01 8.969899999999999540e-01 -1.643000000000000016e-02 8.971320000000000405e-01 -4.415870000000000073e-01 1.245399999999999979e-02
1.300000000000000000e+01 2.500000000000000000e+01 8.000000000000000000e+00 0.000000000000000000e+00 1.600000000000000089e+00 1.610000000000000103e-03 -2.084799999999999848e-02 -9.997810000000000308e-01 4.407059999999999866e-01 8.974710000000000187e-01 -1.800500000000000017e-02 8.976499999999999480e-01 -4.405800000000000272e-01 1.063300000000000009e-02
2.300000000000000000e+01 2.500000000000000000e+01 8.000000000000000000e+00 0.000000000000000000e+00 1.600000000000000089e+00 -6.399999999999999710e-05 1.747999999999999901e-02 -9.998470000000000413e-01 4.423889999999999767e-01 8.966859999999999831e-01 1.564799999999999872e-02 8.968230000000000368e-01 -4.423210000000000197e-01 -7.790000000000000049e-03
2.800000000000000000e+01 2.500000000000000000e+01 8.000000000000000000e+00 0.000000000000000000e+00 1.600000000000000089e+00 -1.660000000000000017e-03 8.838000000000000370e-03 -9.999599999999999600e-01 4.420290000000000052e-01 8.969719999999999915e-01 7.193999999999999874e-03 8.969989999999999908e-01 -4.419989999999999752e-01 -5.394999999999999622e-03
4.000000000000000000e+00 2.400000000000000000e+01 9.000000000000000000e+00 0.000000000000000000e+00 1.600000000000000089e+00 -3.399999999999999811e-03 2.201999999999999964e-03 -9.999919999999999920e-01 4.442099999999999937e-01 8.959230000000000249e-01 4.620000000000000083e-04 8.959160000000000457e-01 -4.442050000000000165e-01 -4.024999999999999932e-03
8.000000000000000000e+00 2.400000000000000000e+01 9.000000000000000000e+00 0.000000000000000000e+00 1.600000000000000089e+00 1.198000000000000063e-03 -4.874999999999999993e-03 -9.999869999999999592e-01 4.448799999999999977e-01 8.955819999999999892e-01 -3.833000000000000036e-03 8.955889999999999684e-01 -4.448699999999999877e-01 3.242000000000000090e-03
1.400000000000000000e+01 2.400000000000000000e+01 9.000000000000000000e+00 0.000000000000000000e+00 1.600000000000000089e+00 7.190000000000000210e-04 -1.375799999999999940e-02 -9.999050000000000438e-01 4.459420000000000051e-01 8.949810000000000265e-01 -1.199300000000000019e-02 8.950620000000000243e-01 -4.458909999999999818e-01 6.779000000000000303e-03
2.100000000000000000e+01 2.400000000000000000e+01 9.000000000000000000e+00 0.000000000000000000e+00 1.600000000000000089e+00 2.151999999999999833e-03 7.442999999999999963e-03 -9.999700000000000255e-01 4.497780000000000111e-01 8.931080000000000130e-01 7.616000000000000374e-03 8.931379999999999875e-01 -4.497809999999999864e-01 -1.425999999999999967e-03
2.500000000000000000e+01 2.400000000000000000e+01 9.000000000000000000e+00 0.000000000000000000e+00 1.600000000000000089e+00 -2.367000000000000180e-03 2.056200000000000042e-02 -9.997859999999999525e-01 4.487479999999999802e-01 8.934900000000000064e-01 1.731299999999999853e-02 8.936549999999999772e-01 -4.486109999999999820e-01 -1.134199999999999965e-02
2.100000000000000000e+01 3.500000000000000000e+01 1.200000000000000000e+01 0.000000000000000000e+00 1.600000000000000089e+00 1.459999999999999981e-04 -1.103000000000000031e-03 -9.999989999999999712e-01 4.042959999999999887e-01 -9.146279999999999966e-01 1.067999999999999939e-03 -9.146279999999999966e-01 -4.042959999999999887e-01 3.130000000000000187e-04
2.700000000000000000e+01 3.500000000000000000e+01 1.200000000000000000e+01 0.000000000000000000e+00 1.600000000000000089e+00 1.593000000000000015e-03 4.432000000000000176e-03 -9.999890000000000168e-01 3.976999999999999980e-01 -9.175090000000000190e-01 -3.432999999999999854e-03 -9.175140000000000517e-01 -3.976899999999999880e-01 -3.223999999999999869e-03
3.000000000000000000e+00 3.200000000000000000e+01 1.300000000000000000e+01 0.000000000000000000e+00 1.600000000000000089e+00 2.058300000000000060e-02 1.231109999999999982e-01 9.921790000000000331e-01 5.642999999999999579e-03 9.923600000000000199e-01 -1.232499999999999984e-01 -9.997719999999999940e-01 8.135999999999999135e-03 1.973099999999999854e-02
4.000000000000000000e+00 4.900000000000000000e+01 1.300000000000000000e+01 0.000000000000000000e+00 1.600000000000000089e+00 2.135899999999999951e-02 -8.164179999999999771e-01 -5.770669999999999966e-01 9.741379999999999484e-01 1.468609999999999915e-01 -1.717180000000000095e-01 2.249420000000000031e-01 -5.584750000000000547e-01 7.984400000000000386e-01
6.000000000000000000e+00 1.300000000000000000e+01 1.600000000000000000e+01 0.000000000000000000e+00 1.600000000000000089e+00 -3.096999999999999927e-03 7.190199999999999370e-02 9.974070000000000435e-01 1.552920000000000134e-01 -9.852769999999999584e-01 7.151000000000000412e-02 9.878639999999999644e-01 1.551109999999999989e-01 -8.113999999999999685e-03
1.100000000000000000e+01 1.300000000000000000e+01 1.600000000000000000e+01 0.000000000000000000e+00 1.600000000000000089e+00 7.470000000000000511e-04 5.346599999999999964e-02 9.985690000000000399e-01 1.223329999999999973e-01 -9.910740000000000105e-01 5.297299999999999925e-02 9.924889999999999546e-01 1.221190000000000053e-01 -7.281000000000000145e-03
1.500000000000000000e+01 1.300000000000000000e+01 1.600000000000000000e+01 0.000000000000000000e+00 1.600000000000000089e+00 9.200000000000000278e-04 3.732900000000000107e-02 9.993030000000000523e-01 1.115619999999999945e-01 -9.930689999999999795e-01 3.699299999999999811e-02 9.937570000000000014e-01 1.114509999999999945e-01 -5.078000000000000048e-03
2.500000000000000000e+01 1.300000000000000000e+01 1.600000000000000000e+01 0.000000000000000000e+00 1.600000000000000089e+00 2.093999999999999941e-03 -1.958599999999999924e-02 9.998059999999999725e-01 1.167559999999999987e-01 -9.929649999999999865e-01 -1.969699999999999923e-02 9.931579999999999853e-01 1.167750000000000038e-01 2.069999999999999900e-04
5.000000000000000000e+00 2.000000000000000000e+00 1.900000000000000000e+01 0.000000000000000000e+00 1.600000000000000089e+00 -8.654999999999999499e-03 3.749899999999999761e-02 -9.992590000000000083e-01 3.137420000000000209e-01 -9.487349999999999950e-01 -3.831999999999999990e-02 -9.494690000000000074e-01 -3.138409999999999811e-01 -3.553999999999999868e-03
1.700000000000000000e+01 2.000000000000000000e+00 1.900000000000000000e+01 0.000000000000000000e+00 1.600000000000000089e+00 -5.140999999999999737e-03 5.772000000000000221e-03 -9.999700000000000255e-01 2.841779999999999862e-01 -9.587459999999999871e-01 -6.995000000000000349e-03 -9.587579999999999991e-01 -2.842060000000000142e-01 3.288999999999999823e-03
2.700000000000000000e+01 2.000000000000000000e+00 1.900000000000000000e+01 0.000000000000000000e+00 1.600000000000000089e+00 8.000000000000000383e-04 -8.009999999999999759e-03 -9.999679999999999680e-01 2.887859999999999872e-01 -9.573610000000000175e-01 7.900000000000000772e-03 -9.573930000000000495e-01 -2.887830000000000119e-01 1.546999999999999981e-03
9.000000000000000000e+00 3.000000000000000000e+00 1.900000000000000000e+01 0.000000000000000000e+00 1.600000000000000089e+00 -7.510000000000000182e-03 2.442000000000000073e-02 -9.996739999999999515e-01 3.205359999999999876e-01 -9.468919999999999559e-01 -2.553800000000000167e-02 -9.472070000000000212e-01 -3.206229999999999913e-01 -7.159999999999999481e-04
1.200000000000000000e+01 3.000000000000000000e+00 1.900000000000000000e+01 0.000000000000000000e+00 1.600000000000000089e+00 -4.322999999999999586e-03 1.999899999999999942e-02 -9.997909999999999853e-01 3.133360000000000034e-01 -9.494240000000000457e-01 -2.034599999999999950e-02 -9.496329999999999494e-01 -3.133580000000000254e-01 -2.161999999999999859e-03
2.200000000000000000e+01 3.000000000000000000e+00 1.900000000000000000e+01 0.000000000000000000e+00 1.600000000000000089e+00 -8.700000000000000051e-05 4.820000000000000066e-04 -1.000000000000000000e+00 3.037509999999999932e-01 -9.527510000000000145e-01 -4.859999999999999954e-04 -9.527510000000000145e-01 -3.037509999999999932e-01 -6.399999999999999710e-05
1.000000000000000000e+00 4.000000000000000000e+00 2.000000000000000000e+01 0.000000000000000000e+00 1.600000000000000089e+00 -6.295000000000000248e-03 4.022699999999999887e-02 -9.991710000000000313e-01 4.142449999999999743e-01 -9.093200000000000172e-01 -3.921899999999999692e-02 -9.101439999999999531e-01 -4.141480000000000161e-01 -1.094000000000000007e-02
1.000000000000000000e+01 4.000000000000000000e+00 2.000000000000000000e+01 0.000000000000000000e+00 1.600000000000000089e+00 -6.163000000000000075e-03 2.223199999999999829e-02 -9.997340000000000115e-01 4.255860000000000198e-01 -9.046319999999999917e-01 -2.274100000000000080e-02 -9.048969999999999514e-01 -4.256130000000000191e-01 -3.886000000000000131e-03
1.300000000000000000e+01 4.000000000000000000e+00 2.000000000000000000e+01 0.000000000000000000e+00 1.600000000000000089e+00 -4.532999999999999703e-03 1.821499999999999855e-02 -9.998240000000000460e-01 4.246059999999999834e-01 -9.051909999999999679e-01 -1.841599999999999834e-02 -9.053670000000000329e-01 -4.246150000000000202e-01 -3.631000000000000113e-03
2.200000000000000000e+01 4.000000000000000000e+00 2.000000000000000000e+01 0.000000000000000000e+00 1.600000000000000089e+00 6.480000000000000300e-04 2.513000000000000043e-03 -9.999970000000000248e-01 4.280329999999999968e-01 -9.037610000000000365e-01 -1.992999999999999980e-03 -9.037629999999999830e-01 -4.280300000000000216e-01 -1.660999999999999933e-03
2.500000000000000000e+01 4.000000000000000000e+00 2.000000000000000000e+01 0.000000000000000000e+00 1.600000000000000089e+00 2.481000000000000132e-03 -4.736999999999999891e-03 -9.999860000000000415e-01 4.296499999999999764e-01 -9.029800000000000049e-01 5.343999999999999792e-03 -9.029920000000000169e-01 -4.296570000000000111e-01 -2.049999999999999956e-04
4.000000000000000000e+00 1.300000000000000000e+01 2.000000000000000000e+01 0.000000000000000000e+00 1.600000000000000089e+00 -2.083999999999999915e-03 -1.889000000000000054e-03 9.999959999999999960e-01 2.835929999999999840e-01 9.589419999999999611e-01 2.403000000000000188e-03 -9.589419999999999611e-01 2.835969999999999880e-01 -1.461999999999999975e-03
8.000000000000000000e+00 1.300000000000000000e+01 2.000000000000000000e+01 0.000000000000000000e+00 1.600000000000000089e+00 -1.634999999999999952e-03 -4.253999999999999969e-03 9.999900000000000455e-01 2.953210000000000002e-01 9.553869999999999862e-01 4.546999999999999827e-03 -9.553970000000000518e-01 2.953250000000000042e-01 -3.060000000000000111e-04
1.200000000000000000e+01 1.300000000000000000e+01 2.000000000000000000e+01 0.000000000000000000e+00 1.600000000000000089e+00 -9.820000000000000170e-04 2.134000000000000046e-03 9.999970000000000248e-01 3.042610000000000037e-01 9.525869999999999616e-01 -1.734000000000000081e-03 -9.525879999999999903e-01 3.042579999999999729e-01 -1.585000000000000037e-03
2.100000000000000000e+01 1.300000000000000000e+01 2.000000000000000000e+01 0.000000000000000000e+00 1.600000000000000089e+00 -5.559999999999999621e-04 1.364999999999999894e-03 9.999989999999999712e-01 3.126900000000000235e-01 9.498539999999999761e-01 -1.123000000000000083e-03 -9.498550000000000049e-01 3.126889999999999947e-01 -9.550000000000000112e-04
2.800000000000000000e+01 1.300000000000000000e+01 2.000000000000000000e+01 0.000000000000000000e+00 1.600000000000000089e+00 -4.739999999999999747e-04 2.526000000000000034e-03 9.999970000000000248e-01 3.101309999999999900e-01 9.506909999999999528e-01 -2.253999999999999927e-03 -9.506940000000000390e-01 3.101289999999999880e-01 -1.234000000000000071e-03
1.600000000000000000e+01 1.400000000000000000e+01 2.000000000000000000e+01 0.000000000000000000e+00 1.600000000000000089e+00 2.300000000000000002e-05 1.703000000000000087e-03 9.999989999999999712e-01 2.671819999999999751e-01 9.636449999999999738e-01 -1.647000000000000026e-03 -9.636460000000000026e-01 2.671819999999999751e-01 -4.330000000000000081e-04
1.600000000000000000e+01 1.600000000000000000e+01 2.100000000000000000e+01 0.000000000000000000e+00 1.600000000000000089e+00 4.910000000000000085e-04 7.257000000000000429e-03 9.999740000000000295e-01 3.035459999999999825e-01 9.527910000000000545e-01 -7.063999999999999967e-03 -9.528170000000000250e-01 3.035410000000000053e-01 -1.734999999999999997e-03
2.100000000000000000e+01 1.600000000000000000e+01 2.100000000000000000e+01 0.000000000000000000e+00 1.600000000000000089e+00 -1.124999999999999915e-03 1.610000000000000103e-04 9.999989999999999712e-01 3.043219999999999814e-01 9.525689999999999991e-01 1.890000000000000133e-04 -9.525689999999999991e-01 3.043219999999999814e-01 -1.121000000000000035e-03
2.800000000000000000e+01 1.600000000000000000e+01 2.100000000000000000e+01 0.000000000000000000e+00 1.600000000000000089e+00 1.259999999999999998e-04 -4.087000000000000355e-03 9.999919999999999920e-01 3.078239999999999865e-01 9.514350000000000307e-01 3.850000000000000124e-03 -9.514430000000000387e-01 3.078210000000000113e-01 1.378000000000000102e-03
6.000000000000000000e+00 4.200000000000000000e+01 2.300000000000000000e+01 0.000000000000000000e+00 1.600000000000000089e+00 -9.823840000000000350e-01 -1.626410000000000078e-01 9.203000000000000069e-02 -1.308070000000000066e-01 9.501859999999999751e-01 2.829070000000000196e-01 -1.334579999999999933e-01 2.658849999999999825e-01 -9.547219999999999596e-01
2.600000000000000000e+01 1.000000000000000000e+00 2.500000000000000000e+01 0.000000000000000000e+00 1.600000000000000089e+00 5.990000000000000316e-04 -2.635999999999999888e-03 9.999959999999999960e-01 -4.083599999999999730e-02 -9.991619999999999946e-01 -2.609999999999999907e-03 9.991659999999999986e-01 -4.083500000000000324e-02 -7.060000000000000303e-04
8.000000000000000000e+00 3.000000000000000000e+00 2.500000000000000000e+01 0.000000000000000000e+00 1.600000000000000089e+00 -6.183000000000000128e-03 2.612400000000000139e-02 9.996399999999999730e-01 -1.188400000000000047e-02 -9.995899999999999785e-01 2.604899999999999924e-02 9.999099999999999655e-01 -1.171900000000000025e-02 6.490000000000000109e-03
1.500000000000000000e+01 4.200000000000000000e+01 2.500000000000000000e+01 0.000000000000000000e+00 1.600000000000000089e+00 1.359800000000000071e-02 -6.688220000000000276e-01 7.432980000000000143e-01 -4.466129999999999822e-01 6.610329999999999817e-01 6.029689999999999772e-01 -8.946239999999999748e-01 -3.401660000000000239e-01 -2.897159999999999735e-01
2.100000000000000000e+01 4.600000000000000000e+01 2.700000000000000000e+01 0.000000000000000000e+00 1.600000000000000089e+00 -3.428000000000000057e-03 8.549999999999999658e-04 -9.999940000000000495e-01 6.811800000000000077e-01 7.321140000000000425e-01 -1.709000000000000016e-03 7.321079999999999810e-01 -6.811810000000000365e-01 -3.092000000000000130e-03
1.600000000000000000e+01 3.900000000000000000e+01 2.900000000000000000e+01 0.000000000000000000e+00 1.600000000000000089e+00 -1.621680000000000066e-01 -9.313320000000000487e-01 3.260700000000000265e-01 5.397769999999999513e-01 -3.603469999999999729e-01 -7.607829999999999870e-01 8.260399999999999965e-01 5.263000000000000317e-02 5.611490000000000089e-01
2.500000000000000000e+01 4.600000000000000000e+01 3.000000000000000000e+01 0.000000000000000000e+00 1.600000000000000089e+00 -1.440000000000000036e-04 4.929999999999999487e-04 -1.000000000000000000e+00 3.277050000000000241e-01 9.447799999999999532e-01 4.180000000000000230e-04 9.447799999999999532e-01 -3.277050000000000241e-01 -2.979999999999999793e-04
5.000000000000000000e+00 5.800000000000000000e+01 3.100000000000000000e+01 0.000000000000000000e+00 1.600000000000000089e+00 -9.879999999999999460e-04 -2.583999999999999925e-03 9.999959999999999960e-01 -7.969479999999999897e-01 -6.040429999999999966e-01 -2.347999999999999827e-03 6.040470000000000006e-01 -7.969479999999999897e-01 -1.461999999999999975e-03
1.000000000000000000e+01 5.800000000000000000e+01 3.100000000000000000e+01 0.000000000000000000e+00 1.600000000000000089e+00 7.190000000000000210e-03 8.887000000000000802e-03 9.999350000000000183e-01 -7.970709999999999740e-01 -6.037839999999999874e-01 1.109800000000000023e-02 6.038430000000000186e-01 -7.970979999999999732e-01 2.742000000000000080e-03
1.700000000000000000e+01 5.800000000000000000e+01 3.100000000000000000e+01 0.000000000000000000e+00 1.600000000000000089e+00 5.689999999999999529e-04 8.505999999999999672e-03 9.999639999999999640e-01 -8.015510000000000135e-01 -5.979010000000000158e-01 5.542000000000000051e-03 5.979259999999999575e-01 -8.015250000000000430e-01 6.478000000000000251e-03
2.000000000000000000e+01 5.800000000000000000e+01 3.100000000000000000e+01 0.000000000000000000e+00 1.600000000000000089e+00 -8.229999999999999469e-04 -4.699999999999999724e-05 1.000000000000000000e+00 -8.001160000000000494e-01 -5.998459999999999903e-01 -6.859999999999999779e-04 5.998449999999999616e-01 -8.001160000000000494e-01 4.560000000000000251e-04
2.700000000000000000e+01 5.800000000000000000e+01 3.100000000000000000e+01 0.000000000000000000e+00 1.600000000000000089e+00 -2.507999999999999813e-03 -4.294000000000000074e-03 9.999879999999999880e-01 -7.993400000000000505e-01 -6.008609999999999784e-01 -4.584999999999999666e-03 6.008740000000000192e-01 -7.993419999999999970e-01 -1.925000000000000062e-03
1.100000000000000000e+01 2.300000000000000000e+01 3.400000000000000000e+01 0.000000000000000000e+00 1.600000000000000089e+00 7.269999999999999987e-04 8.680000000000000215e-03 9.999620000000000175e-01 3.968670000000000253e-01 -9.178439999999999932e-01 7.677999999999999929e-03 9.178760000000000252e-01 3.968470000000000053e-01 -4.112000000000000204e-03
1.500000000000000000e+01 2.300000000000000000e+01 3.400000000000000000e+01 0.000000000000000000e+00 1.600000000000000089e+00 3.575000000000000053e-03 2.031999999999999952e-03 9.999919999999999920e-01 3.981169999999999987e-01 -9.173339999999999828e-01 4.409999999999999858e-04 9.173280000000000323e-01 3.981120000000000214e-01 -4.087999999999999620e-03
1.700000000000000000e+01 4.600000000000000000e+01 3.500000000000000000e+01 0.000000000000000000e+00 1.600000000000000089e+00 -6.413000000000000297e-03 -1.596069999999999989e-01 -9.871600000000000374e-01 3.834890000000000243e-01 -9.120949999999999891e-01 1.449789999999999968e-01 -9.235229999999999828e-01 -3.776349999999999985e-01 6.705600000000000449e-02
2.200000000000000000e+01 4.600000000000000000e+01 3.500000000000000000e+01 0.000000000000000000e+00 1.600000000000000089e+00 3.780000000000000265e-04 5.797000000000000069e-03 -9.999829999999999552e-01 3.907809999999999895e-01 -9.204689999999999817e-01 -5.189000000000000036e-03 -9.204839999999999689e-01 -3.907720000000000082e-01 -2.614000000000000004e-03
2.600000000000000000e+01 4.600000000000000000e+01 3.500000000000000000e+01 0.000000000000000000e+00 1.600000000000000089e+00 -1.464999999999999939e-03 7.901000000000000037e-03 -9.999679999999999680e-01 3.911009999999999764e-01 -9.203139999999999654e-01 -7.844000000000000278e-03 -9.203459999999999974e-01 -3.911000000000000032e-01 -1.740999999999999926e-03
3.000000000000000000e+00 5.000000000000000000e+01 3.600000000000000000e+01 0.000000000000000000e+00 1.600000000000000089e+00 -2.814999999999999794e-03 9.389999999999999736e-02 -9.955779999999999630e-01 1.844189999999999996e-01 -9.784559999999999924e-01 -9.280700000000000061e-02 -9.828440000000000509e-01 -1.838639999999999997e-01 -1.456299999999999956e-02
1.100000000000000000e+01 9.500000000000000000e+01 3.600000000000000000e+01 0.000000000000000000e+00 1.600000000000000089e+00 -2.286999999999999970e-03 -4.595599999999999685e-02 9.989409999999999679e-01 9.984380000000000477e-01 5.565599999999999714e-02 4.845999999999999613e-03 -5.581900000000000056e-02 9.973919999999999453e-01 4.575699999999999906e-02
6.000000000000000000e+00 3.100000000000000000e+01 3.700000000000000000e+01 0.000000000000000000e+00 1.600000000000000089e+00 1.780239999999999878e-01 -9.750659999999999883e-01 -1.324909999999999977e-01 6.602670000000000483e-01 2.181970000000000021e-01 -7.186360000000000525e-01 7.296270000000000255e-01 4.045499999999999791e-02 6.826480000000000325e-01
1.200000000000000000e+01 9.500000000000000000e+01 3.700000000000000000e+01 0.000000000000000000e+00 1.600000000000000089e+00 9.759999999999999796e-04 -2.521199999999999830e-02 9.996819999999999595e-01 9.972670000000000146e-01 7.387100000000000610e-02 8.899999999999999491e-04 -7.386900000000000410e-02 9.969489999999999741e-01 2.521599999999999883e-02
5.000000000000000000e+00 2.800000000000000000e+01 4.000000000000000000e+01 0.000000000000000000e+00 1.600000000000000089e+00 -4.820699999999999985e-02 -8.648470000000000324e-01 -4.997159999999999935e-01 7.534389999999999699e-01 2.969660000000000077e-01 -5.866360000000000463e-01 6.557490000000000263e-01 -4.047850000000000059e-01 6.372929999999999984e-01
3.000000000000000000e+00 2.400000000000000000e+01 4.100000000000000000e+01 0.000000000000000000e+00 1.600000000000000089e+00 -3.395600000000000007e-02 -5.114649999999999475e-01 8.586329999999999796e-01 -7.021030000000000326e-01 6.236279999999999601e-01 3.437129999999999908e-01 -7.112650000000000361e-01 -5.911779999999999813e-01 -3.802769999999999762e-01
5.000000000000000000e+00 2.700000000000000000e+01 4.100000000000000000e+01 0.000000000000000000e+00 1.600000000000000089e+00 -4.171699999999999714e-02 -6.154720000000000191e-01 -7.870540000000000314e-01 7.876950000000000340e-01 4.643479999999999830e-01 -4.048680000000000057e-01 6.146519999999999762e-01 -6.368479999999999697e-01 4.654329999999999856e-01
4.000000000000000000e+00 2.600000000000000000e+01 4.200000000000000000e+01 0.000000000000000000e+00 1.600000000000000089e+00 -5.531699999999999812e-02 -3.660559999999999925e-01 -9.289469999999999672e-01 8.396449999999999747e-01 4.864069999999999783e-01 -2.416699999999999959e-01 5.403109999999999857e-01 -7.933550000000000324e-01 2.804510000000000058e-01
1.100000000000000000e+01 5.000000000000000000e+01 4.200000000000000000e+01 0.000000000000000000e+00 1.600000000000000089e+00 -3.983990000000000031e-01 8.527789999999999537e-01 -3.377069999999999794e-01 -5.363580000000000014e-01 8.206800000000000206e-02 8.399910000000000432e-01 7.440419999999999812e-01 5.157829999999999915e-01 4.246989999999999932e-01
3.000000000000000000e+00 2.500000000000000000e+01 4.300000000000000000e+01 0.000000000000000000e+00 1.600000000000000089e+00 -5.683300000000000157e-02 -2.208739999999999870e-01 -9.736449999999999827e-01 8.687240000000000517e-01 4.696699999999999764e-01 -1.572550000000000059e-01 4.920260000000000189e-01 -8.547660000000000258e-01 1.651859999999999995e-01
1.100000000000000000e+01 5.100000000000000000e+01 4.300000000000000000e+01 0.000000000000000000e+00 1.600000000000000089e+00 -2.997949999999999782e-01 8.436000000000000165e-01 -4.454899999999999971e-01 -5.033670000000000089e-01 2.567999999999999727e-01 8.250309999999999588e-01 8.103979999999999517e-01 4.715849999999999764e-01 3.476529999999999898e-01
6.000000000000000000e+00 2.900000000000000000e+01 4.400000000000000000e+01 0.000000000000000000e+00 1.600000000000000089e+00 -4.756900000000000017e-02 3.249999999999999851e-04 -9.988679999999999781e-01 7.649880000000000013e-01 6.430249999999999577e-01 -3.622199999999999726e-02 6.422849999999999948e-01 -7.658449999999999980e-01 -3.083699999999999983e-02
1.900000000000000000e+01 2.900000000000000000e+01 4.400000000000000000e+01 0.000000000000000000e+00 1.600000000000000089e+00 5.807999999999999795e-03 1.019100000000000041e-02 -9.999310000000000143e-01 6.965160000000000240e-01 7.174509999999999499e-01 1.135800000000000004e-02 7.175179999999999891e-01 -6.965339999999999865e-01 -2.931000000000000012e-03
2.300000000000000000e+01 2.900000000000000000e+01 4.400000000000000000e+01 0.000000000000000000e+00 1.600000000000000089e+00 -7.470000000000000511e-04 4.712000000000000043e-03 -9.999890000000000168e-01 6.600030000000000063e-01 7.512569999999999526e-01 3.046999999999999795e-03 7.512630000000000141e-01 -6.599930000000000518e-01 -3.670999999999999784e-03
2.700000000000000000e+01 2.900000000000000000e+01 4.400000000000000000e+01 0.000000000000000000e+00 1.600000000000000089e+00 -1.732000000000000033e-03 1.716999999999999993e-03 -9.999970000000000248e-01 6.525410000000000377e-01 7.577530000000000099e-01 1.710000000000000094e-04 7.577509999999999524e-01 -6.525389999999999802e-01 -2.432999999999999833e-03
6.000000000000000000e+00 6.500000000000000000e+01 4.600000000000000000e+01 0.000000000000000000e+00 1.600000000000000089e+00 7.420000000000000380e-04 3.062000000000000052e-03 9.999949999999999672e-01 6.785759999999999570e-01 -7.345279999999999587e-01 1.745999999999999939e-03 7.345300000000000162e-01 6.785719999999999530e-01 -2.622999999999999898e-03
2.200000000000000000e+01 6.500000000000000000e+01 4.600000000000000000e+01 0.000000000000000000e+00 1.600000000000000089e+00 1.574000000000000095e-03 7.680000000000000195e-04 9.999980000000000535e-01 6.806159999999999988e-01 -7.326409999999999867e-01 -5.090000000000000123e-04 7.326390000000000402e-01 6.806149999999999700e-01 -1.675999999999999972e-03
2.100000000000000000e+01 7.000000000000000000e+01 4.700000000000000000e+01 0.000000000000000000e+00 1.600000000000000089e+00 1.899999999999999996e-03 5.416999999999999940e-03 -9.999839999999999840e-01 -8.362640000000000073e-01 -5.483090000000000463e-01 -4.558999999999999685e-03 -5.483240000000000336e-01 8.362579999999999458e-01 3.488000000000000215e-03
1.000000000000000000e+00 2.800000000000000000e+01 4.800000000000000000e+01 0.000000000000000000e+00 1.600000000000000089e+00 -1.580399999999999860e-02 2.706000000000000072e-02 -9.995089999999999808e-01 -3.532319999999999904e-01 9.350249999999999950e-01 3.089899999999999938e-02 9.354019999999999557e-01 3.535470000000000002e-01 -5.218999999999999681e-03
9.000000000000000000e+00 2.900000000000000000e+01 4.800000000000000000e+01 0.000000000000000000e+00 1.600000000000000089e+00 1.224100000000000014e-02 5.532900000000000318e-02 9.983929999999999749e-01 3.553569999999999784e-01 9.330479999999999885e-01 -5.606499999999999678e-02 -9.346510000000000096e-01 3.554720000000000102e-01 -8.240000000000000796e-03
1.400000000000000000e+01 2.900000000000000000e+01 4.800000000000000000e+01 0.000000000000000000e+00 1.600000000000000089e+00 3.288000000000000124e-03 -5.728999999999999718e-03 9.999780000000000335e-01 3.748859999999999970e-01 9.270620000000000527e-01 4.078000000000000028e-03 -9.270650000000000279e-01 3.748639999999999750e-01 5.196000000000000098e-03
1.900000000000000000e+01 2.900000000000000000e+01 4.800000000000000000e+01 0.000000000000000000e+00 1.600000000000000089e+00 -2.688999999999999984e-03 7.424000000000000044e-03 9.999689999999999968e-01 3.631369999999999876e-01 9.317170000000000174e-01 -5.941000000000000100e-03 -9.317320000000000046e-01 3.631099999999999883e-01 -5.202000000000000027e-03
6.000000000000000000e+00 4.800000000000000000e+01 4.900000000000000000e+01 0.000000000000000000e+00 1.600000000000000089e+00 6.900380000000000402e-01 -4.661359999999999948e-01 5.536820000000000075e-01 2.036939999999999862e-01 8.591459999999999653e-01 4.694429999999999992e-01 -6.945179999999999687e-01 -2.111510000000000054e-01 6.877929999999999877e-01
5.000000000000000000e+00 1.150000000000000000e+02 5.100000000000000000e+01 0.000000000000000000e+00 1.600000000000000089e+00 -2.549000000000000050e-03 1.729699999999999988e-02 9.998470000000000413e-01 8.580780000000000074e-01 -5.133999999999999675e-01 1.106900000000000071e-02 5.135119999999999685e-01 8.579750000000000432e-01 -1.353299999999999989e-02
3.000000000000000000e+00 7.000000000000000000e+00 5.200000000000000000e+01 0.000000000000000000e+00 1.600000000000000089e+00 5.494999999999999885e-03 4.734999999999999626e-03 -9.999740000000000295e-01 6.314799999999999580e-02 -9.979949999999999655e-01 -4.379000000000000080e-03 -9.979890000000000150e-01 -6.312199999999999755e-02 -5.782999999999999946e-03
1.100000000000000000e+01 7.000000000000000000e+00 5.200000000000000000e+01 0.000000000000000000e+00 1.600000000000000089e+00 6.509999999999999945e-04 -3.942000000000000191e-03 -9.999919999999999920e-01 7.401199999999999446e-02 -9.972490000000000521e-01 3.978999999999999898e-03 -9.972569999999999490e-01 -7.401399999999999646e-02 -3.570000000000000040e-04
2.300000000000000000e+01 4.500000000000000000e+01 5.300000000000000000e+01 0.000000000000000000e+00 1.600000000000000089e+00 -3.305799999999999711e-02 -4.096759999999999846e-01 9.116319999999999979e-01 6.218599999999999822e-02 9.095199999999999951e-01 4.109820000000000140e-01 -9.975169999999999870e-01 7.027700000000000613e-02 -4.590999999999999595e-03
4.000000000000000000e+00 6.300000000000000000e+01 5.400000000000000000e+01 0.000000000000000000e+00 1.600000000000000089e+00 1.417999999999999990e-03 3.145999999999999925e-03 9.999940000000000495e-01 -3.678540000000000143e-01 9.298800000000000399e-01 -2.403999999999999887e-03 -9.298819999999999864e-01 -3.678489999999999815e-01 2.475999999999999902e-03
9.000000000000000000e+00 6.300000000000000000e+01 5.400000000000000000e+01 0.000000000000000000e+00 1.600000000000000089e+00 -1.394000000000000057e-03 -1.884999999999999957e-03 9.999970000000000248e-01 -3.651039999999999841e-01 9.309659999999999602e-01 1.245999999999999929e-03 -9.309659999999999602e-01 -3.651010000000000089e-01 -1.985999999999999918e-03
1.300000000000000000e+01 6.300000000000000000e+01 5.400000000000000000e+01 0.000000000000000000e+00 1.600000000000000089e+00 -1.054999999999999948e-03 2.530999999999999830e-03 9.999959999999999960e-01 -3.570019999999999860e-01 9.341000000000000414e-01 -2.740999999999999947e-03 -9.341030000000000166e-01 -3.570030000000000148e-01 -8.100000000000000375e-05
2.300000000000000000e+01 6.300000000000000000e+01 5.400000000000000000e+01 0.000000000000000000e+00 1.600000000000000089e+00 4.490000000000000176e-04 1.807000000000000012e-03 9.999980000000000535e-01 -3.513939999999999841e-01 9.362260000000000026e-01 -1.533999999999999990e-03 -9.362279999999999491e-01 -3.513930000000000109e-01 1.056000000000000081e-03
2.800000000000000000e+01 6.300000000000000000e+01 5.400000000000000000e+01 0.000000000000000000e+00 1.600000000000000089e+00 8.500000000000000611e-05 -2.049000000000000040e-03 9.999980000000000535e-01 -3.542379999999999973e-01 9.351530000000000120e-01 1.946000000000000030e-03 -9.351549999999999585e-01 -3.542370000000000241e-01 -6.459999999999999814e-04
2.000000000000000000e+00 4.400000000000000000e+01 5.500000000000000000e+01 0.000000000000000000e+00 1.600000000000000089e+00 1.976009999999999989e-01 4.149800000000000155e-01 8.881130000000000413e-01 -9.566569999999999796e-01 2.793379999999999752e-01 8.232799999999999840e-02 -2.139189999999999980e-01 -8.658879999999999910e-01 4.521910000000000096e-01
2.300000000000000000e+01 6.800000000000000000e+01 5.700000000000000000e+01 0.000000000000000000e+00 1.600000000000000089e+00 -3.930000000000000117e-04 -4.577000000000000339e-03 -9.999890000000000168e-01 -2.404340000000000088e-01 -9.706550000000000455e-01 4.537000000000000234e-03 -9.706650000000000000e-01 2.404330000000000078e-01 -7.190000000000000210e-04
1.700000000000000000e+01 2.100000000000000000e+01 6.000000000000000000e+01 0.000000000000000000e+00 1.600000000000000089e+00 6.999999999999999387e-05 2.975000000000000214e-03 9.999959999999999960e-01 -9.697999999999999676e-02 9.952820000000000000e-01 -2.954000000000000029e-03 -9.952860000000000040e-01 -9.697899999999999576e-02 3.579999999999999741e-04
2.000000000000000000e+01 2.100000000000000000e+01 6.000000000000000000e+01 0.000000000000000000e+00 1.600000000000000089e+00 -3.390000000000000001e-04 4.840000000000000010e-04 1.000000000000000000e+00 -9.765000000000000069e-02 9.952210000000000223e-01 -5.150000000000000498e-04 -9.952210000000000223e-01 -9.765000000000000069e-02 -2.900000000000000017e-04
2.300000000000000000e+01 2.100000000000000000e+01 6.000000000000000000e+01 0.000000000000000000e+00 1.600000000000000089e+00 -2.649999999999999903e-04 3.539999999999999853e-04 1.000000000000000000e+00 -9.581000000000000627e-02 9.953999999999999515e-01 -3.780000000000000265e-04 -9.953999999999999515e-01 -9.581000000000000627e-02 -2.300000000000000070e-04
9.000000000000000000e+00 6.000000000000000000e+00 6.100000000000000000e+01 0.000000000000000000e+00 1.600000000000000089e+00 2.180000000000000134e-04 -1.262000000000000101e-03 9.999989999999999712e-01 5.682220000000000049e-01 -8.228739999999999943e-01 -1.162000000000000055e-03 8.228750000000000231e-01 5.682220000000000049e-01 5.379999999999999583e-04
1.700000000000000000e+01 4.400000000000000000e+01 6.100000000000000000e+01 0.000000000000000000e+00 1.600000000000000089e+00 -9.301390000000000491e-01 3.142690000000000206e-01 1.899399999999999977e-01 -3.569019999999999970e-01 -6.520169999999999577e-01 -6.689500000000000446e-01 -8.638600000000000445e-02 -6.900060000000000082e-01 7.186299999999999910e-01
1.000000000000000000e+01 2.900000000000000000e+01 6.200000000000000000e+01 0.000000000000000000e+00 1.600000000000000089e+00 9.131999999999999493e-03 2.061419999999999919e-01 9.784789999999999877e-01 -2.208819999999999950e-01 9.547649999999999748e-01 -1.990850000000000120e-01 -9.752579999999999583e-01 -2.143100000000000005e-01 5.425200000000000161e-02
5.000000000000000000e+00 2.700000000000000000e+01 6.300000000000000000e+01 0.000000000000000000e+00 1.600000000000000089e+00 -2.155980000000000119e-01 -5.679009999999999891e-01 7.943590000000000373e-01 -1.807279999999999998e-01 8.226430000000000131e-01 5.390700000000000491e-01 -9.596120000000000205e-01 -2.733999999999999972e-02 -2.799960000000000226e-01
1.100000000000000000e+01 2.700000000000000000e+01 6.300000000000000000e+01 0.000000000000000000e+00 1.600000000000000089e+00 2.531999999999999963e-03 7.568700000000000427e-02 9.971280000000000143e-01 -2.636979999999999880e-01 9.618889999999999940e-01 -7.234300000000000452e-02 -9.646019999999999595e-01 -2.627579999999999916e-01 2.239400000000000071e-02
1.600000000000000000e+01 2.700000000000000000e+01 6.300000000000000000e+01 0.000000000000000000e+00 1.600000000000000089e+00 -4.376999999999999814e-03 -3.366199999999999748e-02 9.994239999999999791e-01 -2.654139999999999833e-01 9.636270000000000113e-01 3.129400000000000237e-02 -9.641250000000000098e-01 -2.651240000000000263e-01 -1.315299999999999976e-02
2.600000000000000000e+01 2.700000000000000000e+01 6.300000000000000000e+01 0.000000000000000000e+00 1.600000000000000089e+00 -2.586999999999999890e-03 7.990000000000000140e-04 9.999959999999999960e-01 -2.726359999999999895e-01 9.621159999999999712e-01 -1.474000000000000050e-03 -9.621140000000000247e-01 -2.726390000000000202e-01 -2.271000000000000015e-03
3.000000000000000000e+01 2.700000000000000000e+01 6.300000000000000000e+01 0.000000000000000000e+00 1.600000000000000089e+00 -8.700000000000000051e-04 5.194999999999999965e-03 9.999860000000000415e-01 -2.748249999999999860e-01 9.614800000000000013e-01 -5.233999999999999937e-03 -9.614939999999999598e-01 -2.748260000000000147e-01 5.910000000000000539e-04
2.400000000000000000e+01 5.300000000000000000e+01 6.300000000000000000e+01 0.000000000000000000e+00 1.600000000000000089e+00 -1.281660000000000021e-01 7.045569999999999888e-01 6.979779999999999873e-01 4.430339999999999834e-01 -5.889820000000000055e-01 6.758849999999999580e-01 8.872959999999999736e-01 3.958530000000000104e-01 -2.366550000000000042e-01
4.000000000000000000e+00 2.600000000000000000e+01 6.400000000000000000e+01 0.000000000000000000e+00 1.600000000000000089e+00 -3.909949999999999815e-01 -4.671120000000000272e-01 7.930500000000000327e-01 -9.832899999999999974e-02 8.779120000000000257e-01 4.686170000000000058e-01 -9.151249999999999662e-01 1.052469999999999933e-01 -3.891899999999999804e-01
