2.900000000000000000e+01 2.500000000000000000e+01 1.000000000000000000e+00 0.000000000000000000e+00 1.600000000000000089e+00 -7.606999999999999873e-02 -1.116200000000000005e-02 -9.970400000000000373e-01 -5.416480000000000183e-01 -8.390739999999999865e-01 5.071900000000000019e-02 -8.371560000000000112e-01 5.439030000000000253e-01 5.778300000000000103e-02
8.000000000000000000e+00 1.600000000000000000e+01 4.000000000000000000e+00 0.000000000000000000e+00 1.600000000000000089e+00 -3.559999999999999797e-04 9.691999999999999227e-03 9.999529999999999808e-01 3.222409999999999997e-01 -9.466120000000000090e-01 9.289999999999999647e-03 9.466579999999999995e-01 3.222289999999999877e-01 -2.785999999999999848e-03
1.700000000000000000e+01 1.600000000000000000e+01 4.000000000000000000e+00 0.000000000000000000e+00 1.600000000000000089e+00 -2.271000000000000015e-03 5.465000000000000240e-03 9.999820000000000375e-01 3.230979999999999963e-01 -9.463470000000000493e-01 5.905999999999999792e-03 9.463629999999999542e-01 3.231060000000000043e-01 3.829999999999999854e-04
2.100000000000000000e+01 1.600000000000000000e+01 4.000000000000000000e+00 0.000000000000000000e+00 1.600000000000000089e+00 2.397999999999999958e-03 6.346000000000000078e-03 9.999770000000000048e-01 3.248019999999999796e-01 -9.457680000000000531e-01 5.223000000000000212e-03 9.457790000000000363e-01 3.247820000000000151e-01 -4.329000000000000382e-03
2.600000000000000000e+01 1.600000000000000000e+01 4.000000000000000000e+00 0.000000000000000000e+00 1.600000000000000089e+00 3.416899999999999799e-02 -1.053410000000000041e-01 9.938489999999999824e-01 3.397930000000000117e-01 -9.339659999999999629e-01 -1.106759999999999966e-01 9.398800000000000487e-01 3.414840000000000098e-01 3.882000000000000034e-03
2.300000000000000000e+01 1.010000000000000000e+02 7.000000000000000000e+00 0.000000000000000000e+00 1.600000000000000089e+00 2.808999999999999865e-03 1.237500000000000058e-02 9.999200000000000310e-01 8.902930000000000010e-01 4.553159999999999985e-01 -8.135999999999999135e-03 -4.553800000000000070e-01 8.902440000000000353e-01 -9.738999999999999393e-03
2.800000000000000000e+01 1.010000000000000000e+02 7.000000000000000000e+00 0.000000000000000000e+00 1.600000000000000089e+00 -1.662999999999999982e-03 4.888200000000000184e-02 9.988029999999999964e-01 8.877699999999999481e-01 4.598059999999999925e-01 -2.102499999999999855e-02 -4.602840000000000265e-01 8.866730000000000445e-01 -4.415999999999999787e-02
2.900000000000000000e+01 2.500000000000000000e+01 8.000000000000000000e+00 0.000000000000000000e+00 1.600000000000000089e+00 7.406100000000000183e-02 2.332490000000000119e-01 -9.695930000000000382e-01 4.576359999999999872e-01 8.558970000000000189e-01 2.408540000000000125e-01 8.860500000000000043e-01 -4.615580000000000238e-01 -4.335499999999999771e-02
2.000000000000000000e+00 2.600000000000000000e+01 8.000000000000000000e+00 0.000000000000000000e+00 1.600000000000000089e+00 -5.068999999999999721e-03 -2.273599999999999927e-02 -9.997289999999999788e-01 4.260590000000000210e-01 9.044100000000000472e-01 -2.272800000000000167e-02 9.046809999999999574e-01 -4.260579999999999923e-01 5.102999999999999897e-03
6.000000000000000000e+00 2.600000000000000000e+01 8.000000000000000000e+00 0.000000000000000000e+00 1.600000000000000089e+00 -3.892000000000000060e-03 -3.236000000000000161e-03 -9.999869999999999592e-01 4.282070000000000043e-01 9.036689999999999445e-01 -4.590999999999999595e-03 9.036720000000000308e-01 -4.282199999999999895e-01 -2.131000000000000082e-03
1.100000000000000000e+01 2.600000000000000000e+01 8.000000000000000000e+00 0.000000000000000000e+00 1.600000000000000089e+00 -2.273999999999999980e-03 -9.903000000000000344e-03 -9.999479999999999480e-01 4.272029999999999994e-01 9.041010000000000435e-01 -9.926000000000000795e-03 9.041529999999999845e-01 -4.272039999999999726e-01 2.174999999999999850e-03
1.500000000000000000e+01 2.600000000000000000e+01 8.000000000000000000e+00 0.000000000000000000e+00 1.600000000000000089e+00 -3.102000000000000157e-03 -1.488300000000000040e-02 -9.998839999999999950e-01 4.272699999999999831e-01 9.040030000000000010e-01 -1.478100000000000074e-02 9.041190000000000060e-01 -4.272670000000000079e-01 3.555000000000000000e-03
2.100000000000000000e+01 2.600000000000000000e+01 8.000000000000000000e+00 0.000000000000000000e+00 1.600000000000000089e+00 7.240000000000000342e-04 1.275000000000000092e-03 -9.999989999999999712e-01 4.289109999999999867e-01 9.033449999999999536e-01 1.463000000000000108e-03 9.033459999999999823e-01 -4.289120000000000155e-01 1.069999999999999988e-04
3.000000000000000000e+00 1.400000000000000000e+01 9.000000000000000000e+00 0.000000000000000000e+00 1.600000000000000089e+00 6.448999999999999871e-03 1.792200000000000043e-02 -9.998190000000000133e-01 -5.555170000000000385e-01 -8.313000000000000389e-01 -1.848500000000000143e-02 -8.314799999999999969e-01 5.555350000000000010e-01 4.595000000000000126e-03
7.000000000000000000e+00 1.400000000000000000e+01 9.000000000000000000e+00 0.000000000000000000e+00 1.600000000000000089e+00 5.396999999999999888e-03 1.182799999999999997e-02 -9.999149999999999983e-01 -5.546060000000000434e-01 -8.320140000000000313e-01 -1.283499999999999919e-02 -8.320959999999999468e-01 5.546280000000000099e-01 2.069000000000000093e-03
1.100000000000000000e+01 1.400000000000000000e+01 9.000000000000000000e+00 0.000000000000000000e+00 1.600000000000000089e+00 2.449999999999999921e-03 3.092999999999999829e-03 -9.999919999999999920e-01 -5.551300000000000123e-01 -8.317539999999999933e-01 -3.932999999999999864e-03 -8.317600000000000549e-01 5.551350000000000451e-01 -3.209999999999999963e-04
2.900000000000000000e+01 2.400000000000000000e+01 9.000000000000000000e+00 0.000000000000000000e+00 1.600000000000000089e+00 6.797899999999999776e-02 2.446919999999999928e-01 -9.672150000000000469e-01 4.634789999999999743e-01 8.507529999999999815e-01 2.478039999999999965e-01 8.834969999999999768e-01 -4.651290000000000147e-01 -5.557600000000000040e-02
2.600000000000000000e+01 4.000000000000000000e+00 1.100000000000000000e+01 0.000000000000000000e+00 1.600000000000000089e+00 -6.179899999999999977e-02 -6.790370000000000017e-01 -7.314979999999999816e-01 1.701189999999999924e-01 7.150079999999999769e-01 -6.781019999999999825e-01 9.834840000000000249e-01 -1.663479999999999959e-01 7.133000000000000451e-02
5.000000000000000000e+00 3.100000000000000000e+01 1.200000000000000000e+01 0.000000000000000000e+00 1.600000000000000089e+00 6.530000000000000431e-04 2.480000000000000108e-04 1.000000000000000000e+00 1.391200000000000075e-02 9.999029999999999863e-01 -2.570000000000000127e-04 -9.999029999999999863e-01 1.391300000000000002e-02 6.489999999999999459e-04
1.800000000000000000e+01 3.100000000000000000e+01 1.200000000000000000e+01 0.000000000000000000e+00 1.600000000000000089e+00 2.799999999999999755e-04 -4.100000000000000047e-05 1.000000000000000000e+00 1.740399999999999933e-02 9.998489999999999878e-01 3.600000000000000091e-05 -9.998479999999999590e-01 1.740399999999999933e-02 2.799999999999999755e-04
2.600000000000000000e+01 3.100000000000000000e+01 1.200000000000000000e+01 0.000000000000000000e+00 1.600000000000000089e+00 2.550000000000000183e-03 3.814999999999999815e-03 9.999900000000000455e-01 1.055999999999999994e-02 9.999369999999999647e-01 -3.841999999999999929e-03 -9.999409999999999688e-01 1.056900000000000027e-02 2.510000000000000078e-03
2.100000000000000000e+01 3.200000000000000000e+01 1.400000000000000000e+01 0.000000000000000000e+00 1.600000000000000089e+00 1.670999999999999959e-03 1.936999999999999920e-03 -9.999970000000000248e-01 1.270380000000000120e-01 9.918959999999999999e-01 2.134000000000000046e-03 9.918959999999999999e-01 -1.270409999999999873e-01 1.412000000000000061e-03
1.000000000000000000e+00 1.200000000000000000e+01 1.500000000000000000e+01 0.000000000000000000e+00 1.600000000000000089e+00 6.100999999999999653e-03 1.013999999999999927e-03 -9.999810000000000088e-01 -4.673200000000000132e-01 -8.840799999999999770e-01 -3.748000000000000029e-03 -8.840670000000000472e-01 4.673340000000000272e-01 -4.919999999999999894e-03
2.900000000000000000e+01 1.200000000000000000e+01 1.500000000000000000e+01 0.000000000000000000e+00 1.600000000000000089e+00 -5.681499999999999745e-02 -8.587899999999999701e-02 -9.946840000000000126e-01 -4.607519999999999949e-01 -8.815979999999999928e-01 1.024329999999999963e-01 -8.857080000000000508e-01 4.641230000000000078e-01 1.051900000000000057e-02
8.000000000000000000e+00 1.160000000000000000e+02 1.600000000000000000e+01 0.000000000000000000e+00 1.600000000000000089e+00 -1.701999999999999954e-03 -2.354999999999999889e-03 9.999959999999999960e-01 7.016240000000000254e-01 7.125420000000000087e-01 2.873000000000000120e-03 -7.125449999999999839e-01 7.016259999999999719e-01 4.389999999999999914e-04
1.200000000000000000e+01 1.160000000000000000e+02 1.600000000000000000e+01 0.000000000000000000e+00 1.600000000000000089e+00 -8.970000000000000109e-04 -6.639999999999999852e-04 9.999989999999999712e-01 6.774850000000000039e-01 7.355359999999999676e-01 1.095999999999999969e-03 -7.355359999999999676e-01 6.774850000000000039e-01 -2.100000000000000087e-04
1.500000000000000000e+01 1.160000000000000000e+02 1.600000000000000000e+01 0.000000000000000000e+00 1.600000000000000089e+00 7.169999999999999724e-04 8.940000000000000464e-04 9.999989999999999712e-01 6.721089999999999565e-01 7.404509999999999703e-01 -1.144000000000000052e-03 -7.404519999999999991e-01 6.721089999999999565e-01 -6.999999999999999387e-05
2.300000000000000000e+01 1.160000000000000000e+02 1.600000000000000000e+01 0.000000000000000000e+00 1.600000000000000089e+00 5.383999999999999897e-03 6.246999999999999949e-03 9.999660000000000215e-01 6.857509999999999994e-01 7.277900000000000480e-01 -8.238999999999999796e-03 -7.278160000000000185e-01 6.857720000000000482e-01 -3.660000000000000059e-04
2.600000000000000000e+01 1.160000000000000000e+02 1.600000000000000000e+01 0.000000000000000000e+00 1.600000000000000089e+00 1.643599999999999922e-02 2.667100000000000026e-02 9.995089999999999808e-01 7.039349999999999774e-01 7.096080000000000165e-01 -3.051099999999999993e-02 -7.100739999999999830e-01 7.040910000000000224e-01 -7.111000000000000133e-03
2.000000000000000000e+00 2.000000000000000000e+00 1.900000000000000000e+01 0.000000000000000000e+00 1.600000000000000089e+00 -9.179999999999999792e-04 -8.739000000000000240e-03 -9.999609999999999888e-01 1.675639999999999907e-01 -9.858249999999999513e-01 8.462000000000000771e-03 -9.858609999999999873e-01 -1.675500000000000045e-01 2.369000000000000012e-03
6.000000000000000000e+00 2.000000000000000000e+00 1.900000000000000000e+01 0.000000000000000000e+00 1.600000000000000089e+00 -9.250000000000000409e-04 3.987000000000000093e-03 -9.999919999999999920e-01 1.602739999999999998e-01 -9.870640000000000525e-01 -4.083999999999999957e-03 -9.870719999999999494e-01 -1.602760000000000018e-01 2.739999999999999923e-04
1.100000000000000000e+01 2.000000000000000000e+00 1.900000000000000000e+01 0.000000000000000000e+00 1.600000000000000089e+00 3.282999999999999894e-03 2.020000000000000040e-04 -9.999949999999999672e-01 1.601809999999999901e-01 -9.870879999999999654e-01 3.260000000000000094e-04 -9.870820000000000149e-01 -1.601819999999999911e-01 -3.272999999999999868e-03
1.400000000000000000e+01 2.000000000000000000e+00 1.900000000000000000e+01 0.000000000000000000e+00 1.600000000000000089e+00 2.910999999999999959e-03 -1.804999999999999964e-03 -9.999940000000000495e-01 1.613860000000000017e-01 -9.868890000000000162e-01 2.250999999999999963e-03 -9.868869999999999587e-01 -1.613920000000000077e-01 -2.580999999999999961e-03
1.900000000000000000e+01 2.000000000000000000e+00 1.900000000000000000e+01 0.000000000000000000e+00 1.600000000000000089e+00 -7.110000000000000434e-04 -8.770000000000000018e-03 -9.999609999999999888e-01 1.622190000000000021e-01 -9.867179999999999840e-01 8.538000000000000450e-03 -9.867550000000000487e-01 -1.622069999999999901e-01 2.124000000000000020e-03
2.600000000000000000e+01 2.000000000000000000e+00 1.900000000000000000e+01 0.000000000000000000e+00 1.600000000000000089e+00 -1.376499999999999946e-02 3.531800000000000217e-02 -9.992809999999999748e-01 1.807410000000000128e-01 -9.828259999999999774e-01 -3.722600000000000214e-02 -9.834340000000000304e-01 -1.811230000000000062e-01 7.145999999999999575e-03
7.000000000000000000e+00 1.300000000000000000e+01 2.000000000000000000e+01 0.000000000000000000e+00 1.600000000000000089e+00 1.000000000000000048e-04 -1.838999999999999923e-03 9.999980000000000535e-01 2.607180000000000053e-01 9.654139999999999944e-01 1.748999999999999904e-03 -9.654150000000000231e-01 2.607169999999999765e-01 5.760000000000000146e-04
1.300000000000000000e+01 1.300000000000000000e+01 2.000000000000000000e+01 0.000000000000000000e+00 1.600000000000000089e+00 1.077999999999999965e-03 -2.609000000000000208e-03 9.999959999999999960e-01 2.620580000000000132e-01 9.650499999999999634e-01 2.236000000000000140e-03 -9.650520000000000209e-01 2.620540000000000092e-01 1.724000000000000055e-03
1.800000000000000000e+01 1.300000000000000000e+01 2.000000000000000000e+01 0.000000000000000000e+00 1.600000000000000089e+00 9.759999999999999796e-04 9.340000000000000429e-04 9.999989999999999712e-01 2.622289999999999899e-01 9.650050000000000017e-01 -1.157000000000000042e-03 -9.650050000000000017e-01 2.622300000000000186e-01 6.970000000000000284e-04
2.200000000000000000e+01 1.300000000000000000e+01 2.000000000000000000e+01 0.000000000000000000e+00 1.600000000000000089e+00 1.129999999999999928e-03 1.087699999999999952e-02 9.999400000000000510e-01 2.614699999999999802e-01 9.651509999999999811e-01 -1.079399999999999978e-02 -9.652110000000000412e-01 2.614670000000000050e-01 -1.753000000000000001e-03
2.900000000000000000e+01 1.300000000000000000e+01 2.000000000000000000e+01 0.000000000000000000e+00 1.600000000000000089e+00 5.274000000000000042e-03 8.109199999999999742e-02 9.966930000000000511e-01 2.607419999999999738e-01 9.621159999999999712e-01 -7.965800000000000658e-02 -9.653939999999999744e-01 2.602999999999999758e-01 -1.607000000000000095e-02
7.000000000000000000e+00 1.600000000000000000e+01 2.100000000000000000e+01 0.000000000000000000e+00 1.600000000000000089e+00 6.560000000000000076e-04 4.560000000000000251e-04 1.000000000000000000e+00 2.989510000000000223e-01 9.542680000000000051e-01 -6.310000000000000504e-04 -9.542680000000000051e-01 2.989519999999999955e-01 4.889999999999999599e-04
1.500000000000000000e+01 1.600000000000000000e+01 2.100000000000000000e+01 0.000000000000000000e+00 1.600000000000000089e+00 6.359999999999999551e-04 -1.461999999999999975e-03 9.999989999999999712e-01 2.978390000000000204e-01 9.546160000000000201e-01 1.206000000000000041e-03 -9.546160000000000201e-01 2.978370000000000184e-01 1.043000000000000090e-03
1.900000000000000000e+01 1.600000000000000000e+01 2.100000000000000000e+01 0.000000000000000000e+00 1.600000000000000089e+00 2.030000000000000012e-04 2.027999999999999855e-03 9.999980000000000535e-01 2.956239999999999979e-01 9.553019999999999845e-01 -1.997000000000000077e-03 -9.553040000000000420e-01 2.956230000000000246e-01 -4.049999999999999781e-04
2.200000000000000000e+01 1.600000000000000000e+01 2.100000000000000000e+01 0.000000000000000000e+00 1.600000000000000089e+00 1.137999999999999906e-03 1.013299999999999965e-02 9.999479999999999480e-01 2.948620000000000130e-01 9.554869999999999752e-01 -1.001800000000000086e-02 -9.555390000000000272e-01 2.948580000000000090e-01 -1.899999999999999996e-03
1.900000000000000000e+01 4.600000000000000000e+01 2.700000000000000000e+01 0.000000000000000000e+00 1.600000000000000089e+00 1.152999999999999945e-03 1.619999999999999912e-03 -9.999980000000000535e-01 6.885750000000000481e-01 7.251630000000000020e-01 1.968999999999999830e-03 7.251640000000000308e-01 -6.885759999999999659e-01 -2.790000000000000054e-04
4.000000000000000000e+00 4.600000000000000000e+01 3.000000000000000000e+01 0.000000000000000000e+00 1.600000000000000089e+00 9.999999999999999547e-07 -6.269999999999999532e-04 -1.000000000000000000e+00 3.348220000000000085e-01 9.422810000000000352e-01 -5.910000000000000539e-04 9.422819999999999530e-01 -3.348209999999999797e-01 2.110000000000000059e-04
5.000000000000000000e+00 5.800000000000000000e+01 3.100000000000000000e+01 0.000000000000000000e+00 1.600000000000000089e+00 -2.041999999999999978e-03 1.979999999999999881e-04 9.999980000000000535e-01 -7.968830000000000080e-01 -6.041320000000000023e-01 -1.508000000000000009e-03 6.041299999999999448e-01 -7.968840000000000368e-01 1.391000000000000092e-03
1.000000000000000000e+01 5.800000000000000000e+01 3.100000000000000000e+01 0.000000000000000000e+00 1.600000000000000089e+00 1.420000000000000092e-04 5.770000000000000389e-04 1.000000000000000000e+00 -7.968410000000000215e-01 -6.041900000000000048e-01 4.620000000000000083e-04 6.041900000000000048e-01 -7.968399999999999928e-01 3.739999999999999835e-04
1.600000000000000000e+01 5.800000000000000000e+01 3.100000000000000000e+01 0.000000000000000000e+00 1.600000000000000089e+00 -1.023000000000000038e-03 -8.399999999999999535e-05 1.000000000000000000e+00 -7.980620000000000491e-01 -6.025749999999999718e-01 -8.670000000000000406e-04 6.025749999999999718e-01 -7.980620000000000491e-01 5.490000000000000088e-04
2.100000000000000000e+01 5.800000000000000000e+01 3.100000000000000000e+01 0.000000000000000000e+00 1.600000000000000089e+00 9.160000000000000390e-04 -1.502000000000000080e-03 9.999980000000000535e-01 -7.980570000000000164e-01 -6.025819999999999510e-01 -1.740000000000000010e-04 6.025810000000000333e-01 -7.980549999999999589e-01 -1.750000000000000036e-03
2.600000000000000000e+01 5.800000000000000000e+01 3.100000000000000000e+01 0.000000000000000000e+00 1.600000000000000089e+00 2.091000000000000150e-02 3.949799999999999839e-02 9.990010000000000279e-01 -7.887739999999999752e-01 -6.133300000000000418e-01 4.075899999999999662e-02 6.143269999999999564e-01 -7.888389999999999569e-01 1.832999999999999907e-02
1.200000000000000000e+01 3.200000000000000000e+01 3.300000000000000000e+01 0.000000000000000000e+00 1.600000000000000089e+00 2.000000000000000042e-03 1.997000000000000077e-03 9.999959999999999960e-01 -2.691890000000000116e-01 9.630859999999999976e-01 -1.384999999999999946e-03 -9.630849999999999689e-01 -2.691850000000000076e-01 2.462999999999999912e-03
1.000000000000000000e+00 4.600000000000000000e+01 3.500000000000000000e+01 0.000000000000000000e+00 1.600000000000000089e+00 -6.819999999999999890e-04 3.469999999999999777e-04 -1.000000000000000000e+00 3.903019999999999823e-01 -9.206870000000000331e-01 -5.860000000000000408e-04 -9.206870000000000331e-01 -3.903019999999999823e-01 4.929999999999999487e-04
5.000000000000000000e+00 4.600000000000000000e+01 3.500000000000000000e+01 0.000000000000000000e+00 1.600000000000000089e+00 3.390000000000000001e-04 3.001000000000000195e-03 -9.999949999999999672e-01 3.906270000000000020e-01 -9.205449999999999466e-01 -2.629999999999999959e-03 -9.205489999999999506e-01 -3.906240000000000268e-01 -1.484000000000000076e-03
1.300000000000000000e+01 4.600000000000000000e+01 3.500000000000000000e+01 0.000000000000000000e+00 1.600000000000000089e+00 9.179999999999999792e-04 -5.733000000000000249e-03 -9.999829999999999552e-01 3.901680000000000148e-01 -9.207269999999999621e-01 5.636000000000000384e-03 -9.207429999999999781e-01 -3.901660000000000128e-01 1.392000000000000008e-03
1.700000000000000000e+01 4.600000000000000000e+01 3.500000000000000000e+01 0.000000000000000000e+00 1.600000000000000089e+00 2.239999999999999966e-04 -6.710000000000000469e-04 -1.000000000000000000e+00 3.893880000000000119e-01 -9.210739999999999483e-01 7.050000000000000060e-04 -9.210739999999999483e-01 -3.893880000000000119e-01 5.500000000000000196e-05
2.600000000000000000e+01 4.600000000000000000e+01 3.500000000000000000e+01 0.000000000000000000e+00 1.600000000000000089e+00 -8.369999999999999619e-04 2.637499999999999914e-02 -9.996519999999999850e-01 3.894150000000000111e-01 -9.207330000000000236e-01 -2.461899999999999852e-02 -9.210620000000000474e-01 -3.892999999999999794e-01 -9.499999999999999764e-03
3.000000000000000000e+00 9.500000000000000000e+01 3.600000000000000000e+01 0.000000000000000000e+00 1.600000000000000089e+00 -1.221000000000000080e-03 -1.729800000000000088e-02 9.998500000000000165e-01 9.973469999999999835e-01 7.275800000000000323e-02 2.477000000000000035e-03 -7.278999999999999360e-02 9.971999999999999753e-01 1.716300000000000117e-02
6.000000000000000000e+00 9.500000000000000000e+01 3.600000000000000000e+01 0.000000000000000000e+00 1.600000000000000089e+00 -3.016000000000000018e-03 -2.572400000000000034e-02 9.996639999999999970e-01 9.972790000000000266e-01 7.355899999999999939e-02 4.902000000000000107e-03 -7.366000000000000325e-02 9.969590000000000396e-01 2.543199999999999975e-02
9.000000000000000000e+00 9.500000000000000000e+01 3.600000000000000000e+01 0.000000000000000000e+00 1.600000000000000089e+00 -2.138000000000000143e-03 -1.842299999999999841e-02 9.998280000000000500e-01 9.973090000000000011e-01 7.323300000000000642e-02 3.481999999999999852e-03 -7.328500000000000292e-02 9.971449999999999481e-01 1.821700000000000055e-02
1.400000000000000000e+01 9.500000000000000000e+01 3.600000000000000000e+01 0.000000000000000000e+00 1.600000000000000089e+00 -1.257000000000000088e-03 3.980000000000000031e-03 9.999909999999999632e-01 9.970390000000000086e-01 7.688599999999999601e-02 9.470000000000000336e-04 -7.688100000000000489e-02 9.970320000000000293e-01 -4.065000000000000037e-03
1.700000000000000000e+01 9.500000000000000000e+01 3.600000000000000000e+01 0.000000000000000000e+00 1.600000000000000089e+00 -2.099999999999999884e-05 6.598999999999999831e-03 9.999780000000000335e-01 9.968390000000000306e-01 7.945000000000000673e-02 -5.029999999999999749e-04 -7.945199999999999485e-02 9.968169999999999531e-01 -6.579999999999999911e-03
2.900000000000000000e+01 3.000000000000000000e+00 4.300000000000000000e+01 0.000000000000000000e+00 1.600000000000000089e+00 4.152100000000000235e-02 2.300510000000000055e-01 -9.722920000000000451e-01 7.309959999999999791e-01 -6.703839999999999799e-01 -1.274000000000000132e-01 -6.811169999999999725e-01 -7.054519999999999680e-01 -1.960020000000000095e-01
2.000000000000000000e+00 2.900000000000000000e+01 4.400000000000000000e+01 0.000000000000000000e+00 1.600000000000000089e+00 -8.620000000000000275e-04 -3.003000000000000027e-03 -9.999949999999999672e-01 6.747389999999999777e-01 7.380520000000000413e-01 -2.798000000000000140e-03 7.380560000000000453e-01 -6.747379999999999489e-01 1.389999999999999960e-03
6.000000000000000000e+00 2.900000000000000000e+01 4.400000000000000000e+01 0.000000000000000000e+00 1.600000000000000089e+00 -3.821999999999999877e-03 -2.975000000000000214e-03 -9.999879999999999880e-01 6.766790000000000305e-01 7.362630000000000008e-01 -4.776999999999999996e-03 7.362680000000000335e-01 -6.766889999999999850e-01 -8.009999999999999542e-04
1.700000000000000000e+01 2.900000000000000000e+01 4.400000000000000000e+01 0.000000000000000000e+00 1.600000000000000089e+00 -1.833999999999999910e-03 3.710000000000000190e-04 -9.999980000000000535e-01 6.561139999999999750e-01 7.546610000000000262e-01 -9.240000000000000166e-04 7.546599999999999975e-01 -6.561139999999999750e-01 -1.628000000000000107e-03
2.300000000000000000e+01 2.900000000000000000e+01 4.400000000000000000e+01 0.000000000000000000e+00 1.600000000000000089e+00 2.439999999999999949e-04 4.511000000000000253e-03 -9.999900000000000455e-01 6.544879999999999587e-01 7.560639999999999583e-01 3.570999999999999956e-03 7.560719999999999663e-01 -6.544820000000000082e-01 -2.768000000000000061e-03
2.900000000000000000e+01 2.900000000000000000e+01 4.400000000000000000e+01 0.000000000000000000e+00 1.600000000000000089e+00 2.123099999999999987e-02 3.625300000000000050e-02 -9.991170000000000329e-01 6.477739999999999609e-01 7.607089999999999685e-01 4.136700000000000099e-02 7.615370000000000195e-01 -6.480799999999999894e-01 -7.333000000000000108e-03
1.000000000000000000e+01 7.000000000000000000e+01 4.700000000000000000e+01 0.000000000000000000e+00 1.600000000000000089e+00 -4.859999999999999954e-04 -3.849999999999999798e-04 -1.000000000000000000e+00 -8.423040000000000527e-01 -5.390030000000000099e-01 6.170000000000000354e-04 -5.390030000000000099e-01 8.423040000000000527e-01 -6.200000000000000270e-05
1.100000000000000000e+01 6.000000000000000000e+00 5.100000000000000000e+01 0.000000000000000000e+00 1.600000000000000089e+00 -1.466000000000000072e-03 -2.269999999999999882e-04 -9.999989999999999712e-01 3.236010000000000275e-01 -9.461929999999999508e-01 -2.599999999999999772e-04 -9.461920000000000330e-01 -3.236010000000000275e-01 1.461000000000000059e-03
6.000000000000000000e+00 1.150000000000000000e+02 5.100000000000000000e+01 0.000000000000000000e+00 1.600000000000000089e+00 -1.765999999999999992e-03 -4.788999999999999854e-03 9.999869999999999592e-01 8.441260000000000430e-01 -5.361439999999999539e-01 -1.077000000000000049e-03 5.361420000000000075e-01 8.441130000000000022e-01 4.989999999999999644e-03
1.400000000000000000e+01 7.000000000000000000e+00 5.200000000000000000e+01 0.000000000000000000e+00 1.600000000000000089e+00 3.563000000000000195e-03 -2.521999999999999936e-03 -9.999900000000000455e-01 8.889099999999999779e-02 -9.960369999999999502e-01 2.827999999999999785e-03 -9.960350000000000037e-01 -8.890000000000000679e-02 -3.324999999999999831e-03
4.000000000000000000e+00 6.300000000000000000e+01 5.400000000000000000e+01 0.000000000000000000e+00 1.600000000000000089e+00 2.077999999999999986e-03 -9.389999999999999476e-04 9.999970000000000248e-01 -3.522370000000000223e-01 9.359089999999999909e-01 1.611000000000000019e-03 -9.359079999999999622e-01 -3.522399999999999975e-01 1.613999999999999983e-03
1.100000000000000000e+01 6.300000000000000000e+01 5.400000000000000000e+01 0.000000000000000000e+00 1.600000000000000089e+00 -6.980000000000000527e-04 -1.000000000000000048e-04 1.000000000000000000e+00 -3.534530000000000172e-01 9.354519999999999502e-01 -1.540000000000000028e-04 -9.354519999999999502e-01 -3.534530000000000172e-01 -6.890000000000000508e-04
1.700000000000000000e+01 6.300000000000000000e+01 5.400000000000000000e+01 0.000000000000000000e+00 1.600000000000000089e+00 4.789999999999999879e-04 3.930999999999999599e-03 9.999919999999999920e-01 -3.556400000000000117e-01 9.346170000000000311e-01 -3.504000000000000170e-03 -9.346229999999999816e-01 -3.556349999999999789e-01 1.845999999999999985e-03
2.000000000000000000e+01 6.300000000000000000e+01 5.400000000000000000e+01 0.000000000000000000e+00 1.600000000000000089e+00 -5.569999999999999864e-04 2.693000000000000081e-03 9.999959999999999960e-01 -3.553669999999999884e-01 9.347229999999999706e-01 -2.716000000000000098e-03 -9.347269999999999746e-01 -3.553680000000000172e-01 4.369999999999999970e-04
2.200000000000000000e+01 6.300000000000000000e+01 5.400000000000000000e+01 0.000000000000000000e+00 1.600000000000000089e+00 3.399999999999999973e-05 3.109999999999999917e-03 9.999949999999999672e-01 -3.548839999999999772e-01 9.349060000000000148e-01 -2.896000000000000137e-03 -9.349100000000000188e-01 -3.548819999999999752e-01 1.134999999999999941e-03
3.000000000000000000e+01 6.300000000000000000e+01 5.400000000000000000e+01 0.000000000000000000e+00 1.600000000000000089e+00 3.788000000000000134e-03 3.631999999999999812e-02 9.993330000000000268e-01 -3.518129999999999868e-01 9.354999999999999982e-01 -3.266700000000000159e-02 -9.360629999999999784e-01 -3.514539999999999886e-01 1.632199999999999970e-02
3.000000000000000000e+00 2.500000000000000000e+01 5.500000000000000000e+01 0.000000000000000000e+00 1.600000000000000089e+00 -6.000000000000000152e-05 3.540000000000000178e-03 -9.999940000000000495e-01 -1.066800000000000040e-02 -9.999369999999999647e-01 -3.539000000000000045e-03 -9.999430000000000263e-01 1.066699999999999940e-02 9.799999999999999684e-05
6.000000000000000000e+00 2.500000000000000000e+01 5.500000000000000000e+01 0.000000000000000000e+00 1.600000000000000089e+00 4.949999999999999973e-04 1.523999999999999964e-03 -9.999989999999999712e-01 -1.113699999999999933e-02 -9.999369999999999647e-01 -1.529999999999999893e-03 -9.999379999999999935e-01 1.113800000000000033e-02 -4.780000000000000178e-04
1.100000000000000000e+01 2.500000000000000000e+01 5.500000000000000000e+01 0.000000000000000000e+00 1.600000000000000089e+00 -4.510000000000000120e-04 -1.525000000000000097e-03 -9.999989999999999712e-01 -1.206499999999999934e-02 -9.999259999999999815e-01 1.529999999999999893e-03 -9.999270000000000103e-01 1.206600000000000034e-02 4.319999999999999838e-04
1.500000000000000000e+01 2.500000000000000000e+01 5.500000000000000000e+01 0.000000000000000000e+00 1.600000000000000089e+00 1.479000000000000063e-03 -2.329999999999999986e-04 -9.999989999999999712e-01 -1.240400000000000010e-02 -9.999230000000000063e-01 2.149999999999999947e-04 -9.999219999999999775e-01 1.240300000000000083e-02 -1.482000000000000027e-03
2.100000000000000000e+01 2.500000000000000000e+01 5.500000000000000000e+01 0.000000000000000000e+00 1.600000000000000089e+00 -3.370000000000000057e-04 -2.599999999999999840e-05 -1.000000000000000000e+00 -1.221399999999999916e-02 -9.999249999999999527e-01 3.000000000000000076e-05 -9.999249999999999527e-01 1.221399999999999916e-02 3.370000000000000057e-04
2.700000000000000000e+01 2.500000000000000000e+01 5.500000000000000000e+01 0.000000000000000000e+00 1.600000000000000089e+00 6.059999999999999849e-04 8.172999999999999710e-03 -9.999660000000000215e-01 -1.234599999999999934e-02 -9.998899999999999455e-01 -8.179999999999999771e-03 -9.999240000000000350e-01 1.234999999999999987e-02 -5.050000000000000235e-04
3.000000000000000000e+01 2.100000000000000000e+01 6.000000000000000000e+01 0.000000000000000000e+00 1.600000000000000089e+00 -4.885999999999999718e-03 5.450100000000000083e-02 9.985020000000000007e-01 -9.289000000000000035e-02 9.941719999999999446e-01 -5.471899999999999681e-02 -9.956639999999999935e-01 -9.301900000000000446e-02 2.049999999999999956e-04
4.000000000000000000e+00 2.700000000000000000e+01 6.300000000000000000e+01 0.000000000000000000e+00 1.600000000000000089e+00 2.893000000000000172e-03 3.408000000000000005e-03 9.999900000000000455e-01 -2.834940000000000238e-01 9.589710000000000178e-01 -2.448000000000000089e-03 -9.589699999999999891e-01 -2.834840000000000138e-01 3.740999999999999968e-03
8.000000000000000000e+00 2.700000000000000000e+01 6.300000000000000000e+01 0.000000000000000000e+00 1.600000000000000089e+00 2.076000000000000154e-03 2.429999999999999868e-03 9.999949999999999672e-01 -2.846130000000000049e-01 9.586409999999999654e-01 -1.739000000000000094e-03 -9.586400000000000476e-01 -2.846069999999999989e-01 2.681999999999999922e-03
1.600000000000000000e+01 2.700000000000000000e+01 6.300000000000000000e+01 0.000000000000000000e+00 1.600000000000000089e+00 1.817000000000000039e-03 -6.610000000000000207e-04 9.999980000000000535e-01 -2.876819999999999933e-01 9.577250000000000485e-01 1.155999999999999910e-03 -9.577240000000000197e-01 -2.876830000000000220e-01 1.549999999999999946e-03
2.000000000000000000e+01 2.700000000000000000e+01 6.300000000000000000e+01 0.000000000000000000e+00 1.600000000000000089e+00 -5.919999999999999698e-04 5.930000000000000375e-03 9.999820000000000375e-01 -2.908129999999999882e-01 9.567620000000000013e-01 -5.845999999999999634e-03 -9.567799999999999638e-01 -2.908109999999999862e-01 1.157999999999999958e-03
2.500000000000000000e+01 2.700000000000000000e+01 6.300000000000000000e+01 0.000000000000000000e+00 1.600000000000000089e+00 -3.099000000000000192e-03 2.621499999999999872e-02 9.996509999999999563e-01 -2.862450000000000272e-01 9.578039999999999887e-01 -2.600500000000000034e-02 -9.581520000000000037e-01 -2.862259999999999804e-01 4.536000000000000101e-03
3.000000000000000000e+00 2.600000000000000000e+01 6.400000000000000000e+01 0.000000000000000000e+00 1.600000000000000089e+00 2.863000000000000093e-03 3.495999999999999976e-03 9.999900000000000455e-01 -3.675769999999999871e-01 9.299910000000000121e-01 -2.199000000000000000e-03 -9.299889999999999546e-01 -3.675669999999999771e-01 3.946999999999999988e-03
8.000000000000000000e+00 2.600000000000000000e+01 6.400000000000000000e+01 0.000000000000000000e+00 1.600000000000000089e+00 2.344999999999999862e-03 1.972999999999999927e-03 9.999949999999999672e-01 -3.689350000000000129e-01 9.294550000000000312e-01 -9.690000000000000262e-04 -9.294519999999999449e-01 -3.689310000000000089e-01 2.906999999999999862e-03
1.600000000000000000e+01 2.600000000000000000e+01 6.400000000000000000e+01 0.000000000000000000e+00 1.600000000000000089e+00 3.720000000000000216e-03 1.356999999999999916e-03 9.999919999999999920e-01 -3.709180000000000255e-01 9.286659999999999915e-01 1.190000000000000058e-04 -9.286579999999999835e-01 -3.709149999999999947e-01 3.957999999999999713e-03
2.000000000000000000e+01 2.600000000000000000e+01 6.400000000000000000e+01 0.000000000000000000e+00 1.600000000000000089e+00 -9.139999999999999904e-04 8.439000000000000321e-03 9.999639999999999640e-01 -3.719259999999999788e-01 9.282270000000000243e-01 -8.174000000000000710e-03 -9.282620000000000315e-01 -3.719199999999999728e-01 2.289999999999999935e-03
2.400000000000000000e+01 2.600000000000000000e+01 6.400000000000000000e+01 0.000000000000000000e+00 1.600000000000000089e+00 -5.350999999999999854e-03 2.333199999999999857e-02 9.997129999999999628e-01 -3.685060000000000002e-01 9.293240000000000389e-01 -2.366199999999999901e-02 -9.296100000000000474e-01 -3.685269999999999935e-01 3.625000000000000184e-03
7.000000000000000000e+00 2.500000000000000000e+01 7.300000000000000000e+01 0.000000000000000000e+00 1.600000000000000089e+00 2.519999999999999996e-04 -1.672000000000000092e-03 9.999989999999999712e-01 7.502799999999999470e-01 -6.611190000000000122e-01 -1.294999999999999927e-03 6.611200000000000410e-01 7.502790000000000292e-01 1.087999999999999991e-03
1.100000000000000000e+01 2.500000000000000000e+01 7.300000000000000000e+01 0.000000000000000000e+00 1.600000000000000089e+00 -3.883000000000000167e-03 -2.592000000000000120e-03 9.999890000000000168e-01 7.518960000000000088e-01 -6.592799999999999772e-01 1.211000000000000054e-03 6.592700000000000227e-01 7.518930000000000335e-01 4.508999999999999987e-03
2.300000000000000000e+01 2.500000000000000000e+01 7.300000000000000000e+01 0.000000000000000000e+00 1.600000000000000089e+00 6.751000000000000056e-03 6.864999999999999575e-03 9.999540000000000095e-01 7.571670000000000345e-01 -6.532210000000000516e-01 -6.269999999999999532e-04 6.531869999999999621e-01 7.571360000000000312e-01 -9.608000000000000221e-03
2.900000000000000000e+01 2.500000000000000000e+01 7.300000000000000000e+01 0.000000000000000000e+00 1.600000000000000089e+00 1.457699999999999968e-02 9.513000000000000622e-03 9.998479999999999590e-01 7.489869999999999584e-01 -6.625680000000000458e-01 -4.616000000000000311e-03 6.624240000000000128e-01 7.489409999999999679e-01 -1.678400000000000031e-02
4.000000000000000000e+00 4.400000000000000000e+01 7.300000000000000000e+01 0.000000000000000000e+00 1.600000000000000089e+00 1.136999999999999990e-03 5.860000000000000408e-04 9.999989999999999712e-01 5.419800000000000312e-02 -9.985300000000000287e-01 5.240000000000000517e-04 9.985300000000000287e-01 5.419800000000000312e-02 -1.167000000000000069e-03
1.000000000000000000e+01 4.400000000000000000e+01 7.300000000000000000e+01 0.000000000000000000e+00 1.600000000000000089e+00 1.103000000000000031e-03 4.284999999999999747e-03 9.999900000000000455e-01 5.510999999999999927e-02 -9.984709999999999974e-01 4.218000000000000395e-03 9.984800000000000342e-01 5.510500000000000120e-02 -1.337000000000000081e-03
1.700000000000000000e+01 4.400000000000000000e+01 7.300000000000000000e+01 0.000000000000000000e+00 1.600000000000000089e+00 8.379999999999999862e-04 2.527000000000000166e-03 9.999959999999999960e-01 5.483699999999999686e-02 -9.984920000000000462e-01 2.478000000000000168e-03 9.984950000000000214e-01 5.483500000000000180e-02 -9.749999999999999552e-04
2.100000000000000000e+01 4.400000000000000000e+01 7.300000000000000000e+01 0.000000000000000000e+00 1.600000000000000089e+00 -2.351999999999999924e-03 -7.389999999999999651e-04 9.999970000000000248e-01 5.357499999999999762e-02 -9.985640000000000072e-01 -6.120000000000000223e-04 9.985610000000000319e-01 5.357300000000000256e-02 2.387999999999999932e-03
2.100000000000000000e+01 2.500000000000000000e+01 7.400000000000000000e+01 0.000000000000000000e+00 1.600000000000000089e+00 2.543000000000000121e-03 6.832999999999999664e-03 9.999730000000000008e-01 8.301570000000000338e-01 -5.575269999999999948e-01 1.698000000000000074e-03 5.575240000000000196e-01 8.301300000000000345e-01 -7.089999999999999948e-03
1.700000000000000000e+01 5.100000000000000000e+01 7.600000000000000000e+01 0.000000000000000000e+00 1.600000000000000089e+00 -7.200000000000000453e-04 -3.110000000000000243e-04 -1.000000000000000000e+00 -4.145690000000000208e-01 -9.100179999999999936e-01 5.810000000000000277e-04 -9.100179999999999936e-01 4.145690000000000208e-01 5.259999999999999919e-04
2.600000000000000000e+01 5.100000000000000000e+01 7.600000000000000000e+01 0.000000000000000000e+00 1.600000000000000089e+00 9.761000000000000579e-03 1.983199999999999893e-02 -9.997559999999999780e-01 -4.113180000000000169e-01 -9.112240000000000339e-01 -2.209099999999999953e-02 -9.114400000000000279e-01 4.114329999999999932e-01 -7.370000000000000249e-04
3.000000000000000000e+00 9.100000000000000000e+01 7.600000000000000000e+01 0.000000000000000000e+00 1.600000000000000089e+00 6.000000000000000152e-06 -8.570000000000000144e-04 1.000000000000000000e+00 3.332979999999999832e-01 -9.428210000000000202e-01 -8.099999999999999561e-04 9.428220000000000489e-01 3.332979999999999832e-01 2.809999999999999998e-04
8.000000000000000000e+00 9.100000000000000000e+01 7.600000000000000000e+01 0.000000000000000000e+00 1.600000000000000089e+00 7.849999999999999990e-04 -2.157000000000000063e-03 9.999970000000000248e-01 3.166220000000000145e-01 -9.485489999999999755e-01 -2.294000000000000032e-03 9.485510000000000330e-01 3.166229999999999878e-01 -6.200000000000000270e-05
1.500000000000000000e+01 9.100000000000000000e+01 7.600000000000000000e+01 0.000000000000000000e+00 1.600000000000000089e+00 -6.470000000000000057e-04 -3.849999999999999798e-04 1.000000000000000000e+00 3.103819999999999912e-01 -9.506120000000000125e-01 -1.649999999999999991e-04 9.506120000000000125e-01 3.103819999999999912e-01 7.339999999999999520e-04
2.000000000000000000e+01 9.100000000000000000e+01 7.600000000000000000e+01 0.000000000000000000e+00 1.600000000000000089e+00 6.170000000000000354e-04 5.500000000000000331e-04 1.000000000000000000e+00 3.135839999999999739e-01 -9.495599999999999596e-01 3.289999999999999739e-04 9.495599999999999596e-01 3.135839999999999739e-01 -7.579999999999999932e-04
2.400000000000000000e+01 9.100000000000000000e+01 7.600000000000000000e+01 0.000000000000000000e+00 1.600000000000000089e+00 9.478999999999999579e-03 9.738000000000000128e-03 9.999080000000000190e-01 3.197729999999999739e-01 -9.474740000000000384e-01 6.196000000000000119e-03 9.474470000000000391e-01 3.196840000000000237e-01 -1.209499999999999985e-02
2.900000000000000000e+01 9.100000000000000000e+01 7.600000000000000000e+01 0.000000000000000000e+00 1.600000000000000089e+00 2.338200000000000001e-02 1.669999999999999957e-02 9.995870000000000033e-01 3.268030000000000102e-01 -9.450579999999999536e-01 8.144999999999999463e-03 9.448029999999999484e-01 3.264770000000000172e-01 -2.755499999999999963e-02
