3.000000000000000000e+00 2.500000000000000000e+01 1.000000000000000000e+00 0.000000000000000000e+00 1.600000000000000089e+00 1.742999999999999975e-03 -5.163000000000000055e-03 -9.999850000000000128e-01 -5.248289999999999900e-01 -8.511999999999999567e-01 3.480000000000000020e-03 -8.512060000000000182e-01 5.248159999999999492e-01 -4.192999999999999679e-03
4.000000000000000000e+00 1.500000000000000000e+01 4.000000000000000000e+00 0.000000000000000000e+00 1.600000000000000089e+00 -1.257000000000000088e-03 -6.245999999999999816e-03 9.999799999999999800e-01 2.829619999999999913e-01 -9.591150000000000508e-01 -5.635000000000000252e-03 9.591300000000000381e-01 2.829490000000000061e-01 2.972999999999999948e-03
1.300000000000000000e+01 1.500000000000000000e+01 4.000000000000000000e+00 0.000000000000000000e+00 1.600000000000000089e+00 -1.879999999999999944e-03 1.010800000000000066e-02 9.999470000000000303e-01 2.924729999999999830e-01 -9.562190000000000412e-01 1.021599999999999939e-02 9.562720000000000109e-01 2.924769999999999870e-01 -1.159000000000000091e-03
1.900000000000000000e+01 1.500000000000000000e+01 4.000000000000000000e+00 0.000000000000000000e+00 1.600000000000000089e+00 2.461000000000000080e-03 2.421999999999999847e-02 9.997040000000000370e-01 2.904820000000000180e-01 -9.566170000000000506e-01 2.246099999999999833e-02 9.568769999999999776e-01 2.903399999999999870e-01 -9.390000000000000777e-03
2.400000000000000000e+01 1.500000000000000000e+01 4.000000000000000000e+00 0.000000000000000000e+00 1.600000000000000089e+00 4.585999999999999799e-03 3.162999999999999839e-02 9.994889999999999608e-01 2.949640000000000040e-01 -9.550720000000000320e-01 2.887100000000000083e-02 9.554970000000000407e-01 2.946810000000000263e-01 -1.370999999999999996e-02
3.000000000000000000e+01 1.500000000000000000e+01 4.000000000000000000e+00 0.000000000000000000e+00 1.600000000000000089e+00 -4.889000000000000117e-03 1.252400000000000041e-02 9.999099999999999655e-01 2.971059999999999812e-01 -9.547499999999999876e-01 1.341099999999999931e-02 9.548320000000000141e-01 2.971449999999999925e-01 9.460000000000000093e-04
6.000000000000000000e+00 1.010000000000000000e+02 7.000000000000000000e+00 0.000000000000000000e+00 1.600000000000000089e+00 -2.040999999999999846e-03 -4.434999999999999706e-03 9.999879999999999880e-01 8.839879999999999960e-01 4.674929999999999919e-01 3.877999999999999937e-03 -4.675050000000000039e-01 8.839850000000000207e-01 2.965999999999999887e-03
6.000000000000000000e+00 1.500000000000000000e+01 8.000000000000000000e+00 0.000000000000000000e+00 1.600000000000000089e+00 -3.884999999999999998e-03 -2.314000000000000085e-03 -9.999900000000000455e-01 -5.942849999999999522e-01 -8.042439999999999589e-01 4.170000000000000095e-03 -8.042449999999999877e-01 5.942950000000000177e-01 1.748999999999999904e-03
1.500000000000000000e+01 1.500000000000000000e+01 8.000000000000000000e+00 0.000000000000000000e+00 1.600000000000000089e+00 5.276000000000000308e-03 1.210800000000000071e-02 -9.999130000000000518e-01 -5.937200000000000255e-01 -8.045689999999999786e-01 -1.287600000000000029e-02 -8.046539999999999804e-01 5.937360000000000415e-01 2.944000000000000002e-03
1.900000000000000000e+01 1.500000000000000000e+01 8.000000000000000000e+00 0.000000000000000000e+00 1.600000000000000089e+00 4.022999999999999667e-03 2.272899999999999920e-02 -9.997340000000000115e-01 -5.910800000000000498e-01 -8.063470000000000359e-01 -2.071100000000000024e-02 -8.066029999999999589e-01 5.910060000000000313e-01 1.019100000000000041e-02
2.300000000000000000e+01 1.500000000000000000e+01 8.000000000000000000e+00 0.000000000000000000e+00 1.600000000000000089e+00 3.958999999999999846e-03 3.024800000000000058e-02 -9.995349999999999513e-01 -5.887510000000000243e-01 -8.078710000000000058e-01 -2.678000000000000172e-02 -8.083050000000000512e-01 5.885829999999999673e-01 1.460999999999999972e-02
2.700000000000000000e+01 1.500000000000000000e+01 8.000000000000000000e+00 0.000000000000000000e+00 1.600000000000000089e+00 6.624999999999999813e-03 1.902200000000000071e-02 -9.997970000000000468e-01 -5.863289999999999891e-01 -8.098429999999999795e-01 -1.929300000000000112e-02 -8.100460000000000438e-01 5.863380000000000258e-01 5.787999999999999742e-03
5.000000000000000000e+00 2.400000000000000000e+01 9.000000000000000000e+00 0.000000000000000000e+00 1.600000000000000089e+00 -3.300000000000000253e-05 -1.474000000000000050e-03 -9.999989999999999712e-01 4.540020000000000167e-01 8.910000000000000142e-01 -1.327999999999999970e-03 8.910010000000000430e-01 -4.540020000000000167e-01 6.400000000000000524e-04
1.900000000000000000e+01 2.400000000000000000e+01 9.000000000000000000e+00 0.000000000000000000e+00 1.600000000000000089e+00 -4.937000000000000416e-03 -8.035000000000000475e-03 -9.999559999999999560e-01 4.536850000000000049e-01 8.911130000000000440e-01 -9.400000000000000369e-03 8.911480000000000512e-01 -4.537109999999999754e-01 -7.540000000000000044e-04
2.700000000000000000e+01 2.400000000000000000e+01 9.000000000000000000e+00 0.000000000000000000e+00 1.600000000000000089e+00 -4.794999999999999783e-03 -1.367799999999999919e-02 -9.998949999999999783e-01 4.568559999999999843e-01 8.894250000000000211e-01 -1.435799999999999924e-02 8.895279999999999854e-01 -4.568769999999999776e-01 1.984000000000000086e-03
1.400000000000000000e+01 4.000000000000000000e+00 1.100000000000000000e+01 0.000000000000000000e+00 1.600000000000000089e+00 3.959999999999999762e-04 -9.294000000000000178e-03 -9.999569999999999848e-01 1.765599999999999947e-01 9.842480000000000118e-01 -9.077999999999999264e-03 9.842899999999999983e-01 -1.765490000000000115e-01 2.030999999999999819e-03
2.000000000000000000e+01 4.000000000000000000e+00 1.100000000000000000e+01 0.000000000000000000e+00 1.600000000000000089e+00 -1.402000000000000034e-03 -2.108900000000000011e-02 -9.997770000000000268e-01 1.821450000000000014e-01 9.830480000000000329e-01 -2.099099999999999924e-02 9.832710000000000061e-01 -1.821339999999999903e-01 2.462999999999999912e-03
3.000000000000000000e+01 4.000000000000000000e+00 1.100000000000000000e+01 0.000000000000000000e+00 1.600000000000000089e+00 -1.286999999999999950e-03 -4.680000000000000132e-03 -9.999879999999999880e-01 1.942020000000000135e-01 9.809499999999999886e-01 -4.840999999999999817e-03 9.809609999999999719e-01 -1.942059999999999897e-01 -3.539999999999999853e-04
1.900000000000000000e+01 3.100000000000000000e+01 1.200000000000000000e+01 0.000000000000000000e+00 1.600000000000000089e+00 1.859999999999999945e-04 -1.683999999999999950e-03 9.999989999999999712e-01 -2.021200000000000080e-02 9.997939999999999605e-01 1.686999999999999915e-03 -9.997960000000000180e-01 -2.021200000000000080e-02 1.520000000000000084e-04
2.900000000000000000e+01 3.100000000000000000e+01 1.200000000000000000e+01 0.000000000000000000e+00 1.600000000000000089e+00 -1.448999999999999984e-03 2.948000000000000100e-03 9.999949999999999672e-01 -1.991899999999999921e-02 9.997970000000000468e-01 -2.975999999999999913e-03 -9.998010000000000508e-01 -1.992299999999999974e-02 -1.389999999999999960e-03
3.000000000000000000e+00 3.000000000000000000e+00 1.300000000000000000e+01 0.000000000000000000e+00 1.600000000000000089e+00 -2.699999999999999899e-05 4.921000000000000027e-03 9.999879999999999880e-01 -1.673000000000000008e-03 9.999860000000000415e-01 -4.921000000000000027e-03 -9.999989999999999712e-01 -1.673000000000000008e-03 -1.900000000000000105e-05
1.300000000000000000e+01 3.000000000000000000e+00 1.300000000000000000e+01 0.000000000000000000e+00 1.600000000000000089e+00 -6.250000000000000130e-04 -6.209000000000000109e-03 9.999810000000000088e-01 -1.055500000000000015e-02 9.999249999999999527e-01 6.202000000000000048e-03 -9.999440000000000550e-01 -1.055099999999999962e-02 -6.899999999999999667e-04
2.000000000000000000e+01 3.000000000000000000e+00 1.300000000000000000e+01 0.000000000000000000e+00 1.600000000000000089e+00 -1.902999999999999961e-03 -2.257699999999999985e-02 9.997430000000000483e-01 -1.444999999999999930e-02 9.996410000000000018e-01 2.254700000000000107e-02 -9.998939999999999495e-01 -1.440299999999999914e-02 -2.229000000000000078e-03
2.200000000000000000e+01 3.200000000000000000e+01 1.400000000000000000e+01 0.000000000000000000e+00 1.600000000000000089e+00 -1.185000000000000072e-03 -2.824000000000000121e-03 -9.999949999999999672e-01 1.204250000000000043e-01 9.927179999999999893e-01 -2.945999999999999834e-03 9.927219999999999933e-01 -1.204279999999999934e-01 -8.360000000000000460e-04
2.400000000000000000e+01 3.200000000000000000e+01 1.400000000000000000e+01 0.000000000000000000e+00 1.600000000000000089e+00 -8.419999999999999750e-04 -3.181999999999999933e-03 -9.999949999999999672e-01 1.175339999999999996e-01 9.930639999999999468e-01 -3.259000000000000178e-03 9.930689999999999795e-01 -1.175360000000000016e-01 -4.620000000000000083e-04
5.000000000000000000e+00 1.200000000000000000e+01 1.500000000000000000e+01 0.000000000000000000e+00 1.600000000000000089e+00 -3.516000000000000028e-03 -2.771000000000000026e-03 -9.999900000000000455e-01 -4.684490000000000043e-01 -8.834809999999999608e-01 4.094999999999999682e-03 -8.834840000000000471e-01 4.684579999999999855e-01 1.807999999999999928e-03
1.300000000000000000e+01 1.200000000000000000e+01 1.500000000000000000e+01 0.000000000000000000e+00 1.600000000000000089e+00 8.310000000000000329e-04 3.739999999999999835e-03 -9.999930000000000208e-01 -4.701609999999999956e-01 -8.825730000000000519e-01 -3.690999999999999837e-03 -8.825800000000000312e-01 4.701609999999999956e-01 1.023999999999999954e-03
1.900000000000000000e+01 1.200000000000000000e+01 1.500000000000000000e+01 0.000000000000000000e+00 1.600000000000000089e+00 2.841000000000000209e-03 8.440000000000000236e-04 -9.999959999999999960e-01 -4.690059999999999785e-01 -8.831930000000000058e-01 -2.076999999999999853e-03 -8.831909999999999483e-01 4.690090000000000092e-01 -2.112999999999999861e-03
2.800000000000000000e+01 1.200000000000000000e+01 1.500000000000000000e+01 0.000000000000000000e+00 1.600000000000000089e+00 2.612999999999999871e-03 1.895999999999999899e-03 -9.999949999999999672e-01 -4.696560000000000179e-01 -8.828449999999999909e-01 -2.900999999999999933e-03 -8.828460000000000196e-01 4.696609999999999951e-01 -1.415999999999999941e-03
2.200000000000000000e+01 1.100000000000000000e+01 1.600000000000000000e+01 0.000000000000000000e+00 1.600000000000000089e+00 1.239000000000000084e-03 1.214999999999999934e-03 -9.999980000000000535e-01 -4.152930000000000232e-01 -9.096859999999999946e-01 -1.619999999999999912e-03 -9.096870000000000234e-01 4.152950000000000252e-01 -6.229999999999999644e-04
2.800000000000000000e+01 1.100000000000000000e+01 1.600000000000000000e+01 0.000000000000000000e+00 1.600000000000000089e+00 2.066999999999999827e-03 3.214999999999999976e-03 -9.999930000000000208e-01 -4.186349999999999794e-01 -9.081470000000000375e-01 -3.785000000000000170e-03 -9.081519999999999593e-01 4.186400000000000121e-01 -5.320000000000000293e-04
1.600000000000000000e+01 1.160000000000000000e+02 1.600000000000000000e+01 0.000000000000000000e+00 1.600000000000000089e+00 -6.381000000000000387e-03 -6.568000000000000053e-03 9.999580000000000135e-01 7.001089999999999813e-01 7.139769999999999728e-01 9.157000000000000209e-03 -7.140069999999999473e-01 7.001389999999999558e-01 4.199999999999999768e-05
3.000000000000000000e+00 2.000000000000000000e+00 1.900000000000000000e+01 0.000000000000000000e+00 1.600000000000000089e+00 1.111000000000000008e-03 -1.432699999999999946e-02 -9.998970000000000358e-01 2.135809999999999931e-01 -9.768219999999999681e-01 1.423400000000000012e-02 -9.769250000000000433e-01 -2.135749999999999871e-01 1.975000000000000193e-03
7.000000000000000000e+00 2.000000000000000000e+00 1.900000000000000000e+01 0.000000000000000000e+00 1.600000000000000089e+00 -1.340000000000000045e-04 -3.798000000000000161e-03 -9.999930000000000208e-01 2.113919999999999966e-01 -9.773939999999999850e-01 3.684000000000000209e-03 -9.774009999999999643e-01 -2.113899999999999946e-01 9.340000000000000429e-04
1.400000000000000000e+01 2.000000000000000000e+00 1.900000000000000000e+01 0.000000000000000000e+00 1.600000000000000089e+00 -1.154000000000000078e-03 -5.204000000000000292e-03 -9.999860000000000415e-01 2.059269999999999989e-01 -9.785549999999999526e-01 4.854999999999999941e-03 -9.785669999999999646e-01 -2.059179999999999899e-01 2.200999999999999832e-03
1.800000000000000000e+01 2.000000000000000000e+00 1.900000000000000000e+01 0.000000000000000000e+00 1.600000000000000089e+00 -1.806000000000000097e-03 7.460000000000000268e-04 -9.999980000000000535e-01 2.074749999999999928e-01 -9.782399999999999984e-01 -1.103999999999999947e-03 -9.782389999999999697e-01 -2.074769999999999948e-01 1.611999999999999935e-03
2.300000000000000000e+01 2.000000000000000000e+00 1.900000000000000000e+01 0.000000000000000000e+00 1.600000000000000089e+00 -4.035000000000000392e-03 8.413999999999999604e-03 -9.999559999999999560e-01 2.064690000000000136e-01 -9.784110000000000307e-01 -9.065999999999999406e-03 -9.784450000000000092e-01 -2.064970000000000139e-01 2.210999999999999858e-03
1.100000000000000000e+01 4.000000000000000000e+00 2.000000000000000000e+01 0.000000000000000000e+00 1.600000000000000089e+00 -3.640000000000000115e-04 -4.108999999999999805e-03 -9.999909999999999632e-01 2.917719999999999758e-01 -9.564799999999999969e-01 3.824000000000000142e-03 -9.564880000000000049e-01 -2.917680000000000273e-01 1.546999999999999981e-03
6.000000000000000000e+00 1.300000000000000000e+01 2.000000000000000000e+01 0.000000000000000000e+00 1.600000000000000089e+00 -1.710000000000000094e-04 8.310000000000000329e-04 1.000000000000000000e+00 2.638719999999999954e-01 9.645569999999999977e-01 -7.569999999999999689e-04 -9.645580000000000265e-01 2.638719999999999954e-01 -3.840000000000000097e-04
1.200000000000000000e+01 1.300000000000000000e+01 2.000000000000000000e+01 0.000000000000000000e+00 1.600000000000000089e+00 -2.635999999999999888e-03 4.629999999999999784e-04 9.999959999999999960e-01 2.638229999999999742e-01 9.645709999999999562e-01 2.489999999999999809e-04 -9.645669999999999522e-01 2.638229999999999742e-01 -2.664000000000000135e-03
2.000000000000000000e+01 1.300000000000000000e+01 2.000000000000000000e+01 0.000000000000000000e+00 1.600000000000000089e+00 2.896999999999999836e-03 1.435999999999999993e-03 9.999949999999999672e-01 2.627059999999999951e-01 9.648729999999999807e-01 -2.147000000000000037e-03 -9.648710000000000342e-01 2.627109999999999723e-01 2.418000000000000010e-03
2.300000000000000000e+01 1.300000000000000000e+01 2.000000000000000000e+01 0.000000000000000000e+00 1.600000000000000089e+00 1.217999999999999899e-03 -4.124000000000000062e-03 9.999909999999999632e-01 2.616330000000000044e-01 9.651610000000000467e-01 3.661000000000000192e-03 -9.651669999999999972e-01 2.616260000000000252e-01 2.253999999999999927e-03
2.800000000000000000e+01 1.300000000000000000e+01 2.000000000000000000e+01 0.000000000000000000e+00 1.600000000000000089e+00 -1.077999999999999965e-03 -1.040699999999999958e-02 9.999449999999999728e-01 2.607769999999999810e-01 9.653439999999999799e-01 1.032800000000000037e-02 -9.653979999999999784e-01 2.607740000000000058e-01 1.673000000000000008e-03
7.000000000000000000e+00 1.600000000000000000e+01 2.100000000000000000e+01 0.000000000000000000e+00 1.600000000000000089e+00 -1.100000000000000039e-04 2.713000000000000134e-03 9.999959999999999960e-01 3.029600000000000071e-01 9.529999999999999583e-01 -2.553000000000000148e-03 -9.530030000000000445e-01 3.029580000000000051e-01 -9.269999999999999811e-04
1.000000000000000000e+00 4.600000000000000000e+01 2.700000000000000000e+01 0.000000000000000000e+00 1.600000000000000089e+00 -4.220000000000000118e-04 1.325999999999999922e-03 -9.999989999999999712e-01 6.695689999999999698e-01 7.427489999999999926e-01 7.020000000000000415e-04 7.427500000000000213e-01 -6.695680000000000520e-01 -1.201999999999999943e-03
1.700000000000000000e+01 4.600000000000000000e+01 2.700000000000000000e+01 0.000000000000000000e+00 1.600000000000000089e+00 -4.369999999999999970e-04 -1.255000000000000039e-03 -9.999989999999999712e-01 6.659239999999999604e-01 7.460189999999999877e-01 -1.227000000000000009e-03 7.460189999999999877e-01 -6.659239999999999604e-01 5.100000000000000366e-04
2.400000000000000000e+01 4.600000000000000000e+01 2.700000000000000000e+01 0.000000000000000000e+00 1.600000000000000089e+00 -1.747999999999999988e-03 -1.116999999999999937e-03 -9.999980000000000535e-01 6.621839999999999948e-01 7.493389999999999773e-01 -1.994000000000000113e-03 7.493389999999999773e-01 -6.621860000000000523e-01 -5.699999999999999772e-04
8.000000000000000000e+00 4.600000000000000000e+01 3.000000000000000000e+01 0.000000000000000000e+00 1.600000000000000089e+00 -7.200000000000000182e-05 2.570000000000000127e-04 -1.000000000000000000e+00 3.171359999999999735e-01 9.483800000000000008e-01 2.210000000000000050e-04 9.483800000000000008e-01 -3.171359999999999735e-01 -1.499999999999999869e-04
1.200000000000000000e+01 4.600000000000000000e+01 3.000000000000000000e+01 0.000000000000000000e+00 1.600000000000000089e+00 7.309999999999999875e-04 2.240999999999999936e-03 -9.999970000000000248e-01 3.182599999999999874e-01 9.480009999999999826e-01 2.357000000000000154e-03 9.480030000000000401e-01 -3.182610000000000161e-01 -2.099999999999999884e-05
2.200000000000000000e+01 4.600000000000000000e+01 3.000000000000000000e+01 0.000000000000000000e+00 1.600000000000000089e+00 -1.433999999999999945e-03 -3.971999999999999836e-03 -9.999909999999999632e-01 3.199719999999999787e-01 9.474169999999999536e-01 -4.222000000000000058e-03 9.474259999999999904e-01 -3.199759999999999827e-01 -8.799999999999999771e-05
4.000000000000000000e+00 5.800000000000000000e+01 3.100000000000000000e+01 0.000000000000000000e+00 1.600000000000000089e+00 8.289999999999999843e-04 -2.053000000000000137e-03 9.999980000000000535e-01 -7.820000000000000284e-01 -6.232779999999999987e-01 -6.319999999999999663e-04 6.232779999999999987e-01 -7.819970000000000532e-01 -2.122000000000000188e-03
8.000000000000000000e+00 5.800000000000000000e+01 3.100000000000000000e+01 0.000000000000000000e+00 1.600000000000000089e+00 -1.554000000000000043e-03 -2.014000000000000165e-03 9.999970000000000248e-01 -7.841449999999999809e-01 -6.205730000000000413e-01 -2.468000000000000142e-03 6.205760000000000165e-01 -7.841460000000000097e-01 -6.149999999999999868e-04
1.500000000000000000e+01 5.800000000000000000e+01 3.100000000000000000e+01 0.000000000000000000e+00 1.600000000000000089e+00 4.499999999999999877e-04 1.701999999999999954e-03 9.999980000000000535e-01 -7.816910000000000247e-01 -6.236639999999999961e-01 1.412999999999999977e-03 6.236660000000000537e-01 -7.816899999999999959e-01 1.049999999999999935e-03
2.200000000000000000e+01 5.800000000000000000e+01 3.100000000000000000e+01 0.000000000000000000e+00 1.600000000000000089e+00 -5.130000000000000011e-03 -1.052699999999999990e-02 9.999310000000000143e-01 -7.699669999999999570e-01 -6.379939999999999500e-01 -1.066600000000000013e-02 6.380630000000000468e-01 -7.699690000000000145e-01 -4.832999999999999623e-03
1.700000000000000000e+01 4.200000000000000000e+01 3.400000000000000000e+01 0.000000000000000000e+00 1.600000000000000089e+00 1.912999999999999987e-03 -1.257000000000000088e-03 -9.999970000000000248e-01 -2.926190000000000180e-01 9.562279999999999669e-01 -1.761999999999999894e-03 9.562270000000000492e-01 2.926210000000000200e-01 1.461000000000000059e-03
6.000000000000000000e+00 4.600000000000000000e+01 3.500000000000000000e+01 0.000000000000000000e+00 1.600000000000000089e+00 2.200000000000000078e-04 -1.059000000000000045e-03 -9.999989999999999712e-01 3.860339999999999883e-01 -9.224839999999999707e-01 1.062000000000000010e-03 -9.224849999999999994e-01 -3.860339999999999883e-01 2.059999999999999928e-04
1.300000000000000000e+01 4.600000000000000000e+01 3.500000000000000000e+01 0.000000000000000000e+00 1.600000000000000089e+00 7.050000000000000060e-04 -3.079999999999999839e-03 -9.999949999999999672e-01 3.842570000000000152e-01 -9.232209999999999583e-01 3.115000000000000147e-03 -9.232259999999999911e-01 -3.842570000000000152e-01 5.320000000000000293e-04
1.800000000000000000e+01 4.600000000000000000e+01 3.500000000000000000e+01 0.000000000000000000e+00 1.600000000000000089e+00 -2.739999999999999923e-04 -1.229000000000000058e-03 -9.999989999999999712e-01 3.856220000000000203e-01 -9.226560000000000317e-01 1.028999999999999967e-03 -9.226569999999999494e-01 -3.856220000000000203e-01 7.269999999999999987e-04
2.500000000000000000e+01 4.600000000000000000e+01 3.500000000000000000e+01 0.000000000000000000e+00 1.600000000000000089e+00 -1.175000000000000046e-03 3.057999999999999954e-03 -9.999949999999999672e-01 3.861689999999999845e-01 -9.224219999999999642e-01 -3.274000000000000000e-03 -9.224269999999999969e-01 -3.861709999999999865e-01 -9.699999999999999963e-05
3.000000000000000000e+00 9.500000000000000000e+01 3.600000000000000000e+01 0.000000000000000000e+00 1.600000000000000089e+00 -1.087000000000000076e-03 -9.851999999999999647e-03 9.999510000000000343e-01 9.976140000000000008e-01 6.901400000000000590e-02 1.765000000000000076e-03 -6.902800000000000602e-02 9.975669999999999815e-01 9.754000000000000517e-03
1.000000000000000000e+01 9.500000000000000000e+01 3.600000000000000000e+01 0.000000000000000000e+00 1.600000000000000089e+00 1.276999999999999923e-03 -1.545999999999999978e-02 9.998799999999999910e-01 9.977169999999999650e-01 6.752600000000000269e-02 -2.300000000000000070e-04 -6.751500000000000556e-02 9.975979999999999848e-01 1.551100000000000048e-02
1.400000000000000000e+01 9.500000000000000000e+01 3.600000000000000000e+01 0.000000000000000000e+00 1.600000000000000089e+00 6.939999999999999555e-04 1.823200000000000168e-02 9.998340000000000005e-01 9.976479999999999793e-01 6.852300000000000058e-02 -1.941999999999999933e-03 -6.854699999999999682e-02 9.974830000000000085e-01 -1.814199999999999841e-02
2.100000000000000000e+01 9.500000000000000000e+01 3.600000000000000000e+01 0.000000000000000000e+00 1.600000000000000089e+00 1.689099999999999976e-02 4.330000000000000081e-04 9.998569999999999958e-01 9.972900000000000098e-01 7.160600000000000298e-02 -1.687800000000000064e-02 -7.160299999999999998e-02 9.974330000000000140e-01 7.780000000000000457e-04
2.700000000000000000e+01 9.500000000000000000e+01 3.600000000000000000e+01 0.000000000000000000e+00 1.600000000000000089e+00 -7.295000000000000269e-03 -2.057399999999999854e-02 9.997620000000000395e-01 9.974439999999999973e-01 7.091699999999999393e-02 8.736999999999999975e-03 -7.107900000000000329e-02 9.972699999999999898e-01 2.000499999999999848e-02
2.400000000000000000e+01 9.500000000000000000e+01 3.700000000000000000e+01 0.000000000000000000e+00 1.600000000000000089e+00 6.870000000000000238e-03 -1.685400000000000093e-02 9.998340000000000005e-01 9.959019999999999539e-01 9.027999999999999914e-02 -5.321000000000000209e-03 -9.017500000000000515e-02 9.957740000000000480e-01 1.740500000000000033e-02
3.000000000000000000e+00 3.000000000000000000e+00 4.300000000000000000e+01 0.000000000000000000e+00 1.600000000000000089e+00 -6.745000000000000127e-03 -1.737999999999999962e-03 -9.999759999999999760e-01 7.398219999999999796e-01 -6.727919999999999456e-01 -3.821000000000000178e-03 -6.727689999999999504e-01 -7.398299999999999876e-01 5.824000000000000184e-03
1.000000000000000000e+01 3.000000000000000000e+00 4.300000000000000000e+01 0.000000000000000000e+00 1.600000000000000089e+00 5.410000000000000312e-04 -1.434900000000000064e-02 -9.998970000000000358e-01 7.412539999999999685e-01 -6.711500000000000243e-01 1.003199999999999925e-02 -6.712249999999999606e-01 -7.411830000000000362e-01 1.027299999999999915e-02
1.300000000000000000e+01 3.000000000000000000e+00 4.300000000000000000e+01 0.000000000000000000e+00 1.600000000000000089e+00 7.410000000000000137e-04 -6.361999999999999600e-03 -9.999789999999999512e-01 7.413889999999999647e-01 -6.710580000000000434e-01 4.819000000000000367e-03 -6.710749999999999771e-01 -7.413769999999999527e-01 4.218999999999999660e-03
1.800000000000000000e+01 3.000000000000000000e+00 4.300000000000000000e+01 0.000000000000000000e+00 1.600000000000000089e+00 -1.139999999999999954e-03 -1.274699999999999965e-02 -9.999179999999999735e-01 7.417430000000000412e-01 -6.706400000000000139e-01 7.702999999999999778e-03 -6.706830000000000291e-01 -7.416730000000000267e-01 1.021900000000000065e-02
2.400000000000000000e+01 3.000000000000000000e+00 4.300000000000000000e+01 0.000000000000000000e+00 1.600000000000000089e+00 -2.609999999999999907e-03 -7.729999999999999892e-03 -9.999670000000000503e-01 7.380590000000000206e-01 -6.747279999999999944e-01 3.289999999999999956e-03 -6.747309999999999697e-01 -7.380259999999999598e-01 7.466000000000000414e-03
2.400000000000000000e+01 8.000000000000000000e+00 4.400000000000000000e+01 0.000000000000000000e+00 1.600000000000000089e+00 1.476000000000000098e-03 1.332000000000000068e-03 9.999980000000000535e-01 -7.735840000000000494e-01 -6.336899999999999755e-01 1.985999999999999918e-03 6.336920000000000330e-01 -7.735859999999999959e-01 9.500000000000000523e-05
1.200000000000000000e+01 2.900000000000000000e+01 4.400000000000000000e+01 0.000000000000000000e+00 1.600000000000000089e+00 3.159999999999999832e-04 2.066000000000000128e-03 -9.999980000000000535e-01 6.814139999999999642e-01 7.318970000000000198e-01 1.727999999999999935e-03 7.318989999999999663e-01 -6.814130000000000464e-01 -1.177000000000000095e-03
1.700000000000000000e+01 2.900000000000000000e+01 4.400000000000000000e+01 0.000000000000000000e+00 1.600000000000000089e+00 1.250000000000000026e-04 1.381000000000000066e-03 -9.999989999999999712e-01 6.783029999999999893e-01 7.347820000000000462e-01 1.100000000000000066e-03 7.347820000000000462e-01 -6.783019999999999605e-01 -8.450000000000000479e-04
2.300000000000000000e+01 2.900000000000000000e+01 4.400000000000000000e+01 0.000000000000000000e+00 1.600000000000000089e+00 -6.040000000000000447e-04 1.229000000000000058e-03 -9.999989999999999712e-01 6.629439999999999777e-01 7.486690000000000289e-01 5.199999999999999544e-04 7.486690000000000289e-01 -6.629429999999999490e-01 -1.265999999999999981e-03
5.000000000000000000e+00 6.000000000000000000e+00 5.100000000000000000e+01 0.000000000000000000e+00 1.600000000000000089e+00 1.856999999999999927e-03 -1.860000000000000108e-03 -9.999970000000000248e-01 3.316060000000000119e-01 -9.434150000000000036e-01 2.370000000000000145e-03 -9.434160000000000323e-01 -3.316089999999999871e-01 -1.134999999999999941e-03
1.000000000000000000e+01 6.000000000000000000e+00 5.100000000000000000e+01 0.000000000000000000e+00 1.600000000000000089e+00 -1.920000000000000049e-03 -4.762999999999999873e-03 -9.999869999999999592e-01 3.258050000000000113e-01 -9.454289999999999639e-01 3.876999999999999804e-03 -9.454350000000000254e-01 -3.257939999999999725e-01 3.367000000000000201e-03
1.900000000000000000e+01 1.150000000000000000e+02 5.100000000000000000e+01 0.000000000000000000e+00 1.600000000000000089e+00 -2.635999999999999888e-03 -7.379000000000000142e-03 9.999689999999999968e-01 8.449759999999999494e-01 -5.348009999999999708e-01 -1.719000000000000042e-03 5.347969999999999668e-01 8.449459999999999749e-01 7.643999999999999753e-03
8.000000000000000000e+00 7.000000000000000000e+00 5.200000000000000000e+01 0.000000000000000000e+00 1.600000000000000089e+00 -1.959999999999999937e-04 -3.014999999999999885e-03 -9.999949999999999672e-01 1.121830000000000049e-01 -9.936829999999999830e-01 2.974000000000000081e-03 -9.936880000000000157e-01 -1.121820000000000039e-01 5.330000000000000536e-04
2.400000000000000000e+01 7.000000000000000000e+00 5.200000000000000000e+01 0.000000000000000000e+00 1.600000000000000089e+00 -2.246999999999999865e-03 -5.849000000000000032e-03 -9.999799999999999800e-01 9.901899999999999591e-02 -9.950700000000000101e-01 5.597999999999999678e-03 -9.950830000000000508e-01 -9.900399999999999479e-02 2.815999999999999927e-03
3.000000000000000000e+00 1.600000000000000000e+01 5.200000000000000000e+01 0.000000000000000000e+00 1.600000000000000089e+00 8.590000000000000413e-03 1.315000000000000023e-02 -9.998770000000000158e-01 7.742919999999999803e-01 6.326519999999999921e-01 1.497199999999999920e-02 6.327709999999999724e-01 -7.743250000000000410e-01 -4.747000000000000351e-03
9.000000000000000000e+00 1.500000000000000000e+01 5.300000000000000000e+01 0.000000000000000000e+00 1.600000000000000089e+00 4.270999999999999623e-03 -5.688000000000000347e-03 -9.999749999999999472e-01 6.838739999999999819e-01 7.295989999999999975e-01 -1.229000000000000058e-03 7.295880000000000143e-01 -6.838509999999999867e-01 7.006000000000000075e-03
1.400000000000000000e+01 1.500000000000000000e+01 5.300000000000000000e+01 0.000000000000000000e+00 1.600000000000000089e+00 -1.940000000000000101e-03 -7.383999999999999939e-03 -9.999710000000000543e-01 6.835900000000000309e-01 7.298350000000000115e-01 -6.714999999999999615e-03 7.298639999999999572e-01 -6.835830000000000517e-01 3.631999999999999812e-03
2.000000000000000000e+00 6.300000000000000000e+01 5.400000000000000000e+01 0.000000000000000000e+00 1.600000000000000089e+00 -1.667999999999999995e-03 3.406000000000000173e-03 9.999930000000000208e-01 -3.498209999999999931e-01 9.368090000000000028e-01 -3.774000000000000011e-03 -9.368149999999999533e-01 -3.498249999999999971e-01 -3.710000000000000190e-04
8.000000000000000000e+00 6.300000000000000000e+01 5.400000000000000000e+01 0.000000000000000000e+00 1.600000000000000089e+00 8.580000000000000387e-04 1.482000000000000027e-03 9.999989999999999712e-01 -3.507629999999999915e-01 9.364639999999999631e-01 -1.087000000000000076e-03 -9.364639999999999631e-01 -3.507620000000000182e-01 1.324000000000000090e-03
1.100000000000000000e+01 6.300000000000000000e+01 5.400000000000000000e+01 0.000000000000000000e+00 1.600000000000000089e+00 1.242000000000000048e-03 -4.099999999999999912e-04 9.999989999999999712e-01 -3.519129999999999758e-01 9.360319999999999752e-01 8.199999999999999824e-04 -9.360319999999999752e-01 -3.519140000000000046e-01 1.018000000000000025e-03
1.700000000000000000e+01 6.300000000000000000e+01 5.400000000000000000e+01 0.000000000000000000e+00 1.600000000000000089e+00 -1.137999999999999906e-03 4.910000000000000085e-04 9.999989999999999712e-01 -3.515320000000000111e-01 9.361760000000000081e-01 -8.589999999999999546e-04 -9.361749999999999794e-01 -3.515320000000000111e-01 -8.919999999999999978e-04
2.300000000000000000e+01 6.300000000000000000e+01 5.400000000000000000e+01 0.000000000000000000e+00 1.600000000000000089e+00 -2.579999999999999828e-03 -1.464999999999999939e-03 9.999959999999999960e-01 -3.556190000000000184e-01 9.346309999999999896e-01 4.519999999999999821e-04 -9.346280000000000143e-01 -3.556159999999999877e-01 -2.932999999999999843e-03
1.100000000000000000e+01 2.500000000000000000e+01 5.500000000000000000e+01 0.000000000000000000e+00 1.600000000000000089e+00 -1.150999999999999896e-03 -1.642999999999999929e-03 -9.999980000000000535e-01 -1.122199999999999934e-02 -9.999360000000000470e-01 1.655999999999999920e-03 -9.999360000000000470e-01 1.122399999999999960e-02 1.131999999999999977e-03
1.500000000000000000e+01 2.500000000000000000e+01 5.500000000000000000e+01 0.000000000000000000e+00 1.600000000000000089e+00 -4.760000000000000234e-04 1.961000000000000069e-03 -9.999980000000000535e-01 -1.084800000000000000e-02 -9.999390000000000223e-01 -1.955999999999999839e-03 -9.999409999999999688e-01 1.084700000000000074e-02 4.979999999999999618e-04
1.900000000000000000e+01 2.500000000000000000e+01 5.500000000000000000e+01 0.000000000000000000e+00 1.600000000000000089e+00 1.701000000000000038e-03 2.115999999999999825e-03 -9.999959999999999960e-01 -1.080000000000000057e-02 -9.999390000000000223e-01 -2.134000000000000046e-03 -9.999400000000000510e-01 1.080399999999999937e-02 -1.678000000000000021e-03
2.400000000000000000e+01 2.500000000000000000e+01 5.500000000000000000e+01 0.000000000000000000e+00 1.600000000000000089e+00 -6.099999999999999872e-05 -1.172999999999999998e-03 -9.999989999999999712e-01 -1.160600000000000000e-02 -9.999320000000000430e-01 1.173999999999999913e-03 -9.999329999999999607e-01 1.160600000000000000e-02 4.800000000000000122e-05
6.000000000000000000e+00 6.800000000000000000e+01 5.700000000000000000e+01 0.000000000000000000e+00 1.600000000000000089e+00 3.800000000000000209e-04 -4.640000000000000027e-03 -9.999890000000000168e-01 -2.406270000000000076e-01 -9.706080000000000263e-01 4.412000000000000123e-03 -9.706169999999999520e-01 2.406230000000000036e-01 -1.484999999999999992e-03
3.000000000000000000e+00 2.100000000000000000e+01 6.000000000000000000e+01 0.000000000000000000e+00 1.600000000000000089e+00 -9.389999999999999476e-04 -5.126000000000000348e-03 9.999860000000000415e-01 -9.726700000000000623e-02 9.952459999999999640e-01 5.010999999999999829e-03 -9.952579999999999760e-01 -9.726100000000000023e-02 -1.433999999999999945e-03
8.000000000000000000e+00 2.100000000000000000e+01 6.000000000000000000e+01 0.000000000000000000e+00 1.600000000000000089e+00 -4.360000000000000269e-04 6.993000000000000084e-03 9.999759999999999760e-01 -9.754999999999999782e-02 9.952060000000000350e-01 -7.002999999999999677e-03 -9.952309999999999768e-01 -9.755099999999999882e-02 2.480000000000000108e-04
2.400000000000000000e+01 2.100000000000000000e+01 6.000000000000000000e+01 0.000000000000000000e+00 1.600000000000000089e+00 5.800000000000000034e-04 -3.948000000000000120e-03 9.999919999999999920e-01 -1.001299999999999968e-01 9.949660000000000171e-01 3.985999999999999960e-03 -9.949740000000000251e-01 -1.001309999999999978e-01 1.820000000000000057e-04
2.900000000000000000e+01 2.100000000000000000e+01 6.000000000000000000e+01 0.000000000000000000e+00 1.600000000000000089e+00 -4.100000000000000047e-05 -1.116900000000000011e-02 9.999379999999999935e-01 -1.007239999999999941e-01 9.948519999999999586e-01 1.110799999999999982e-02 -9.949139999999999651e-01 -1.007170000000000010e-01 -1.165000000000000020e-03
2.700000000000000000e+01 6.000000000000000000e+00 6.100000000000000000e+01 0.000000000000000000e+00 1.600000000000000089e+00 -1.616999999999999948e-03 4.441999999999999768e-03 9.999890000000000168e-01 5.612570000000000059e-01 -8.276289999999999480e-01 4.584000000000000401e-03 8.276400000000000423e-01 5.612580000000000346e-01 -1.154000000000000078e-03
1.500000000000000000e+01 3.000000000000000000e+00 6.300000000000000000e+01 0.000000000000000000e+00 1.600000000000000089e+00 -5.389999999999999826e-04 4.101999999999999744e-03 9.999909999999999632e-01 -6.150529999999999609e-01 7.884780000000000122e-01 -3.566000000000000159e-03 -7.884860000000000202e-01 -6.150489999999999569e-01 2.098000000000000038e-03
2.100000000000000000e+01 3.000000000000000000e+00 6.300000000000000000e+01 0.000000000000000000e+00 1.600000000000000089e+00 -5.199999999999999680e-05 -5.199999999999999544e-04 1.000000000000000000e+00 -6.135169999999999790e-01 7.896809999999999663e-01 3.789999999999999966e-04 -7.896809999999999663e-01 -6.135169999999999790e-01 -3.600000000000000227e-04
6.000000000000000000e+00 2.700000000000000000e+01 6.300000000000000000e+01 0.000000000000000000e+00 1.600000000000000089e+00 -1.108999999999999960e-03 -2.717999999999999930e-03 9.999959999999999960e-01 -2.735110000000000041e-01 9.618659999999999988e-01 2.311000000000000120e-03 -9.618679999999999453e-01 -2.735070000000000001e-01 -1.809999999999999977e-03
1.000000000000000000e+01 2.700000000000000000e+01 6.300000000000000000e+01 0.000000000000000000e+00 1.600000000000000089e+00 2.290000000000000098e-04 -4.838000000000000286e-03 9.999879999999999880e-01 -2.732859999999999734e-01 9.619210000000000260e-01 4.715999999999999706e-03 -9.619330000000000380e-01 -2.732840000000000269e-01 -1.101999999999999898e-03
1.500000000000000000e+01 2.700000000000000000e+01 6.300000000000000000e+01 0.000000000000000000e+00 1.600000000000000089e+00 3.780000000000000265e-04 -9.940000000000000918e-04 9.999989999999999712e-01 -2.735929999999999751e-01 9.618449999999999500e-01 1.059999999999999961e-03 -9.618459999999999788e-01 -2.735929999999999751e-01 9.100000000000000287e-05
2.000000000000000000e+01 2.700000000000000000e+01 6.300000000000000000e+01 0.000000000000000000e+00 1.600000000000000089e+00 -1.245000000000000013e-03 -1.955999999999999839e-03 9.999970000000000248e-01 -2.749489999999999990e-01 9.614570000000000061e-01 1.539000000000000003e-03 -9.614580000000000348e-01 -2.749469999999999970e-01 -1.734999999999999997e-03
2.400000000000000000e+01 2.700000000000000000e+01 6.300000000000000000e+01 0.000000000000000000e+00 1.600000000000000089e+00 -9.120000000000000502e-04 -6.700000000000000226e-05 1.000000000000000000e+00 -2.738019999999999898e-01 9.617860000000000298e-01 -1.849999999999999973e-04 -9.617860000000000298e-01 -2.738019999999999898e-01 -8.959999999999999866e-04
2.900000000000000000e+01 2.700000000000000000e+01 6.300000000000000000e+01 0.000000000000000000e+00 1.600000000000000089e+00 5.469999999999999602e-04 -4.910000000000000085e-04 1.000000000000000000e+00 -2.735070000000000001e-01 9.618700000000000028e-01 6.210000000000000242e-04 -9.618700000000000028e-01 -2.735079999999999734e-01 3.919999999999999873e-04
6.000000000000000000e+00 2.600000000000000000e+01 6.400000000000000000e+01 0.000000000000000000e+00 1.600000000000000089e+00 -1.296999999999999976e-03 -2.788000000000000114e-03 9.999949999999999672e-01 -3.584280000000000244e-01 9.335550000000000237e-01 2.138000000000000143e-03 -9.335560000000000525e-01 -3.584240000000000204e-01 -2.210999999999999858e-03
1.000000000000000000e+01 2.600000000000000000e+01 6.400000000000000000e+01 0.000000000000000000e+00 1.600000000000000089e+00 5.460000000000000443e-04 -2.704999999999999939e-03 9.999959999999999960e-01 -3.572529999999999872e-01 9.340039999999999454e-01 2.720999999999999894e-03 -9.340079999999999494e-01 -3.572529999999999872e-01 -4.560000000000000251e-04
1.500000000000000000e+01 2.600000000000000000e+01 6.400000000000000000e+01 0.000000000000000000e+00 1.600000000000000089e+00 8.989999999999999511e-04 -1.599999999999999928e-05 1.000000000000000000e+00 -3.564220000000000166e-01 9.343249999999999611e-01 3.350000000000000113e-04 -9.343249999999999611e-01 -3.564229999999999898e-01 8.350000000000000217e-04
2.000000000000000000e+01 2.600000000000000000e+01 6.400000000000000000e+01 0.000000000000000000e+00 1.600000000000000089e+00 -1.111999999999999924e-03 -2.021999999999999926e-03 9.999970000000000248e-01 -3.567119999999999735e-01 9.342129999999999601e-01 1.492999999999999969e-03 -9.342139999999999889e-01 -3.567089999999999983e-01 -1.760999999999999979e-03
2.500000000000000000e+01 2.600000000000000000e+01 6.400000000000000000e+01 0.000000000000000000e+00 1.600000000000000089e+00 -3.939999999999999817e-04 2.226000000000000114e-03 9.999970000000000248e-01 -3.533459999999999934e-01 9.354900000000000437e-01 -2.220999999999999884e-03 -9.354930000000000190e-01 -3.533459999999999934e-01 4.180000000000000230e-04
2.900000000000000000e+01 2.600000000000000000e+01 6.400000000000000000e+01 0.000000000000000000e+00 1.600000000000000089e+00 4.319999999999999838e-04 1.154000000000000078e-03 9.999989999999999712e-01 -3.523000000000000020e-01 9.358870000000000244e-01 -9.280000000000000054e-04 -9.358870000000000244e-01 -3.523000000000000020e-01 8.109999999999999805e-04
5.000000000000000000e+00 3.100000000000000000e+01 7.100000000000000000e+01 0.000000000000000000e+00 1.600000000000000089e+00 8.829999999999999958e-04 -6.709999999999999819e-03 -9.999770000000000048e-01 -7.096770000000000023e-01 -7.045150000000000023e-01 4.100999999999999611e-03 -7.045259999999999856e-01 7.096569999999999823e-01 -5.383999999999999897e-03
