5.000000000000000000e+00 2.500000000000000000e+01 1.000000000000000000e+00 0.000000000000000000e+00 1.600000000000000089e+00 -1.482000000000000027e-03 4.133000000000000389e-03 -9.999900000000000455e-01 -5.303649999999999753e-01 -8.477649999999999908e-01 -2.717999999999999930e-03 -8.477679999999999660e-01 5.303560000000000496e-01 3.448000000000000110e-03
1.200000000000000000e+01 2.500000000000000000e+01 1.000000000000000000e+00 0.000000000000000000e+00 1.600000000000000089e+00 -3.770000000000000022e-04 4.035999999999999657e-03 -9.999919999999999920e-01 -5.266699999999999715e-01 -8.500640000000000418e-01 -3.232000000000000064e-03 -8.500699999999999923e-01 5.266650000000000498e-01 2.445999999999999824e-03
2.300000000000000000e+01 2.500000000000000000e+01 1.000000000000000000e+00 0.000000000000000000e+00 1.600000000000000089e+00 -3.311999999999999840e-03 -5.931999999999999773e-03 -9.999770000000000048e-01 -5.233020000000000449e-01 -8.521199999999999886e-01 6.787999999999999763e-03 -8.521410000000000373e-01 5.233130000000000281e-01 -2.820000000000000241e-04
3.000000000000000000e+01 2.500000000000000000e+01 1.000000000000000000e+00 0.000000000000000000e+00 1.600000000000000089e+00 3.190999999999999826e-03 -6.795999999999999958e-03 -9.999719999999999720e-01 -5.234450000000000491e-01 -8.520499999999999741e-01 4.120999999999999663e-03 -8.520539999999999781e-01 5.234170000000000211e-01 -6.276000000000000328e-03
4.000000000000000000e+00 1.500000000000000000e+01 4.000000000000000000e+00 0.000000000000000000e+00 1.600000000000000089e+00 6.689999999999999983e-04 2.300000000000000002e-05 1.000000000000000000e+00 3.149959999999999982e-01 -9.490929999999999644e-01 -1.890000000000000133e-04 9.490929999999999644e-01 3.149959999999999982e-01 -6.419999999999999925e-04
1.400000000000000000e+01 1.500000000000000000e+01 4.000000000000000000e+00 0.000000000000000000e+00 1.600000000000000089e+00 -3.409999999999999945e-04 -5.814999999999999857e-03 9.999829999999999552e-01 3.105189999999999895e-01 -9.505519999999999525e-01 -5.421999999999999736e-03 9.505670000000000508e-01 3.105120000000000102e-01 2.128999999999999816e-03
2.100000000000000000e+01 1.500000000000000000e+01 4.000000000000000000e+00 0.000000000000000000e+00 1.600000000000000089e+00 3.105000000000000121e-03 -4.028000000000000330e-03 9.999869999999999592e-01 3.137360000000000149e-01 -9.494979999999999531e-01 -4.799000000000000314e-03 9.495050000000000434e-01 3.137469999999999981e-01 -1.685000000000000083e-03
2.600000000000000000e+01 1.500000000000000000e+01 4.000000000000000000e+00 0.000000000000000000e+00 1.600000000000000089e+00 -1.971000000000000096e-03 -8.142999999999999197e-03 9.999649999999999928e-01 3.121920000000000250e-01 -9.499919999999999476e-01 -7.120999999999999726e-03 9.500170000000000003e-01 3.121669999999999723e-01 4.414000000000000389e-03
1.000000000000000000e+01 1.600000000000000000e+01 4.000000000000000000e+00 0.000000000000000000e+00 1.600000000000000089e+00 -2.099999999999999870e-03 -5.747000000000000372e-03 9.999810000000000088e-01 3.864090000000000025e-01 -9.223160000000000247e-01 -4.488999999999999935e-03 9.223249999999999504e-01 3.863929999999999865e-01 4.157000000000000105e-03
1.200000000000000000e+01 1.010000000000000000e+02 7.000000000000000000e+00 0.000000000000000000e+00 1.600000000000000089e+00 -8.340000000000000191e-03 2.255400000000000113e-02 9.997110000000000163e-01 8.785079999999999556e-01 4.777150000000000007e-01 -3.448000000000000110e-03 -4.776549999999999963e-01 8.782250000000000334e-01 -2.379799999999999971e-02
1.900000000000000000e+01 1.010000000000000000e+02 7.000000000000000000e+00 0.000000000000000000e+00 1.600000000000000089e+00 3.570999999999999956e-03 -1.849999999999999973e-04 9.999940000000000495e-01 8.762940000000000174e-01 4.817670000000000008e-01 -3.040000000000000167e-03 -4.817640000000000255e-01 8.762990000000000501e-01 1.881999999999999992e-03
3.000000000000000000e+01 1.500000000000000000e+01 8.000000000000000000e+00 0.000000000000000000e+00 1.600000000000000089e+00 -1.198000000000000063e-03 -1.139599999999999988e-02 -9.999339999999999895e-01 -5.937639999999999585e-01 -8.045780000000000154e-01 9.880999999999999159e-03 -8.046379999999999644e-01 5.937369999999999592e-01 -5.801999999999999866e-03
6.000000000000000000e+00 2.500000000000000000e+01 8.000000000000000000e+00 0.000000000000000000e+00 1.600000000000000089e+00 2.229000000000000078e-03 -1.003999999999999901e-03 -9.999970000000000248e-01 4.500700000000000256e-01 8.929930000000000367e-01 1.060000000000000016e-04 8.929899999999999505e-01 -4.500689999999999968e-01 2.442000000000000160e-03
1.000000000000000000e+01 2.500000000000000000e+01 8.000000000000000000e+00 0.000000000000000000e+00 1.600000000000000089e+00 7.979999999999999897e-04 4.543000000000000163e-03 -9.999890000000000168e-01 4.493730000000000224e-01 8.933330000000000437e-01 4.416999999999999919e-03 8.933440000000000270e-01 -4.493719999999999937e-01 -1.327999999999999970e-03
1.300000000000000000e+01 2.500000000000000000e+01 8.000000000000000000e+00 0.000000000000000000e+00 1.600000000000000089e+00 8.679999999999999565e-04 6.491000000000000242e-03 -9.999789999999999512e-01 4.489139999999999797e-01 8.935530000000000417e-01 6.190000000000000190e-03 8.935739999999999794e-01 -4.489099999999999757e-01 -2.138000000000000143e-03
2.300000000000000000e+01 2.500000000000000000e+01 8.000000000000000000e+00 0.000000000000000000e+00 1.600000000000000089e+00 2.170000000000000054e-03 1.474400000000000016e-02 -9.998890000000000278e-01 4.486689999999999845e-01 8.935859999999999914e-01 1.414999999999999938e-02 8.936950000000000172e-01 -4.486499999999999932e-01 -4.675999999999999601e-03
3.000000000000000000e+00 2.400000000000000000e+01 9.000000000000000000e+00 0.000000000000000000e+00 1.600000000000000089e+00 1.327000000000000055e-03 5.305999999999999953e-03 -9.999850000000000128e-01 4.530449999999999755e-01 8.914720000000000422e-01 5.330999999999999801e-03 8.914870000000000294e-01 -4.530449999999999755e-01 -1.221000000000000080e-03
5.000000000000000000e+00 2.400000000000000000e+01 9.000000000000000000e+00 0.000000000000000000e+00 1.600000000000000089e+00 2.030999999999999819e-03 1.028000000000000051e-03 -9.999970000000000248e-01 4.530480000000000063e-01 8.914840000000000542e-01 1.835999999999999958e-03 8.914840000000000542e-01 -4.530500000000000083e-01 1.345000000000000058e-03
9.000000000000000000e+00 2.400000000000000000e+01 9.000000000000000000e+00 0.000000000000000000e+00 1.600000000000000089e+00 1.191000000000000001e-03 3.857999999999999884e-03 -9.999919999999999920e-01 4.525730000000000031e-01 8.917180000000000106e-01 3.978999999999999898e-03 8.917260000000000186e-01 -4.525739999999999763e-01 -6.830000000000000134e-04
1.300000000000000000e+01 2.400000000000000000e+01 9.000000000000000000e+00 0.000000000000000000e+00 1.600000000000000089e+00 6.589999999999999721e-04 7.444000000000000096e-03 -9.999719999999999720e-01 4.513559999999999794e-01 8.923170000000000268e-01 6.939999999999999988e-03 8.923440000000000261e-01 -4.513480000000000270e-01 -2.772000000000000158e-03
1.700000000000000000e+01 2.400000000000000000e+01 9.000000000000000000e+00 0.000000000000000000e+00 1.600000000000000089e+00 2.135999999999999878e-03 -1.010000000000000020e-04 -9.999980000000000535e-01 4.518519999999999759e-01 8.920919999999999961e-01 8.750000000000000182e-04 8.920900000000000496e-01 -4.518530000000000046e-01 1.951000000000000043e-03
2.300000000000000000e+01 2.400000000000000000e+01 9.000000000000000000e+00 0.000000000000000000e+00 1.600000000000000089e+00 2.196000000000000035e-03 1.301100000000000000e-02 -9.999130000000000518e-01 4.518130000000000202e-01 8.920240000000000391e-01 1.260000000000000009e-02 8.921099999999999586e-01 -4.518019999999999814e-01 -3.919999999999999873e-03
1.900000000000000000e+01 3.100000000000000000e+01 1.200000000000000000e+01 0.000000000000000000e+00 1.600000000000000089e+00 6.099999999999999872e-05 -1.703000000000000087e-03 9.999989999999999712e-01 -1.197400000000000027e-02 9.999270000000000103e-01 1.703000000000000087e-03 -9.999280000000000390e-01 -1.197400000000000027e-02 4.100000000000000047e-05
2.400000000000000000e+01 3.100000000000000000e+01 1.200000000000000000e+01 0.000000000000000000e+00 1.600000000000000089e+00 1.858999999999999975e-03 8.519000000000000530e-03 9.999620000000000175e-01 -1.153900000000000065e-02 9.998970000000000358e-01 -8.496999999999999345e-03 -9.999320000000000430e-01 -1.152199999999999926e-02 1.956999999999999972e-03
2.900000000000000000e+01 3.100000000000000000e+01 1.200000000000000000e+01 0.000000000000000000e+00 1.600000000000000089e+00 2.619999999999999933e-03 6.224999999999999631e-03 9.999770000000000048e-01 -7.886999999999999914e-03 9.999500000000000055e-01 -6.204000000000000313e-03 -9.999649999999999928e-01 -7.870000000000000259e-03 2.668999999999999932e-03
2.000000000000000000e+00 3.500000000000000000e+01 1.200000000000000000e+01 0.000000000000000000e+00 1.600000000000000089e+00 -4.070000000000000267e-04 1.187500000000000014e-02 -9.999289999999999567e-01 5.166840000000000321e-01 -8.561130000000000129e-01 -1.037800000000000007e-02 -8.561760000000000481e-01 -5.166520000000000001e-01 -5.786999999999999610e-03
3.000000000000000000e+00 3.200000000000000000e+01 1.400000000000000000e+01 0.000000000000000000e+00 1.600000000000000089e+00 -9.420000000000000205e-04 -4.040000000000000188e-03 -9.999909999999999632e-01 1.095939999999999970e-01 9.939679999999999627e-01 -4.119000000000000265e-03 9.939759999999999707e-01 -1.095970000000000000e-01 -4.929999999999999487e-04
7.000000000000000000e+00 3.200000000000000000e+01 1.400000000000000000e+01 0.000000000000000000e+00 1.600000000000000089e+00 4.004999999999999880e-03 -6.000000000000000125e-03 -9.999740000000000295e-01 1.106030000000000069e-01 9.938489999999999824e-01 -5.520999999999999866e-03 9.938569999999999904e-01 -1.105779999999999957e-01 4.643999999999999691e-03
4.000000000000000000e+00 2.000000000000000000e+00 1.900000000000000000e+01 0.000000000000000000e+00 1.600000000000000089e+00 3.164000000000000146e-03 -1.392700000000000014e-02 -9.998979999999999535e-01 1.815370000000000039e-01 -9.832809999999999606e-01 1.426999999999999970e-02 -9.833790000000000031e-01 -1.815640000000000032e-01 -5.829999999999999679e-04
1.100000000000000000e+01 2.000000000000000000e+00 1.900000000000000000e+01 0.000000000000000000e+00 1.600000000000000089e+00 -8.930000000000000221e-04 2.390000000000000089e-04 -1.000000000000000000e+00 1.782590000000000008e-01 -9.839839999999999698e-01 -3.939999999999999817e-04 -9.839830000000000521e-01 -1.782590000000000008e-01 8.369999999999999619e-04
1.800000000000000000e+01 2.000000000000000000e+00 1.900000000000000000e+01 0.000000000000000000e+00 1.600000000000000089e+00 -4.126999999999999592e-03 -4.943000000000000345e-03 -9.999789999999999512e-01 1.801470000000000016e-01 -9.836310000000000331e-01 4.118000000000000133e-03 -9.836310000000000331e-01 -1.801260000000000083e-01 4.950000000000000407e-03
2.500000000000000000e+01 2.000000000000000000e+00 1.900000000000000000e+01 0.000000000000000000e+00 1.600000000000000089e+00 -4.100000000000000047e-05 3.602999999999999866e-03 -9.999940000000000495e-01 1.805019999999999958e-01 -9.835679999999999978e-01 -3.552000000000000036e-03 -9.835749999999999771e-01 -1.805009999999999948e-01 -6.099999999999999737e-04
1.000000000000000000e+00 4.000000000000000000e+00 2.000000000000000000e+01 0.000000000000000000e+00 1.600000000000000089e+00 4.879999999999999789e-03 -1.257999999999999917e-02 -9.999090000000000478e-01 2.630939999999999945e-01 -9.646770000000000067e-01 1.342100000000000064e-02 -9.647580000000000044e-01 -2.631350000000000078e-01 -1.397999999999999937e-03
4.000000000000000000e+00 1.300000000000000000e+01 2.000000000000000000e+01 0.000000000000000000e+00 1.600000000000000089e+00 2.011999999999999900e-03 5.780000000000000415e-03 9.999810000000000088e-01 2.501160000000000050e-01 9.681969999999999743e-01 -6.100000000000000387e-03 -9.682140000000000191e-01 2.501229999999999842e-01 5.019999999999999506e-04
1.000000000000000000e+01 1.300000000000000000e+01 2.000000000000000000e+01 0.000000000000000000e+00 1.600000000000000089e+00 5.599999999999999916e-05 -1.392999999999999924e-03 9.999989999999999712e-01 2.511410000000000031e-01 9.679499999999999771e-01 1.333999999999999899e-03 -9.679510000000000058e-01 2.511399999999999744e-01 4.040000000000000080e-04
1.500000000000000000e+01 1.300000000000000000e+01 2.000000000000000000e+01 0.000000000000000000e+00 1.600000000000000089e+00 -5.540000000000000219e-04 1.981000000000000122e-03 9.999980000000000535e-01 2.503110000000000057e-01 9.681640000000000246e-01 -1.779999999999999898e-03 -9.681650000000000533e-01 2.503099999999999770e-01 -1.031999999999999931e-03
1.900000000000000000e+01 1.300000000000000000e+01 2.000000000000000000e+01 0.000000000000000000e+00 1.600000000000000089e+00 -6.176000000000000066e-03 -1.093200000000000074e-02 9.999209999999999487e-01 2.501970000000000027e-01 9.681189999999999518e-01 1.213000000000000016e-02 -9.681750000000000078e-01 2.502519999999999745e-01 -3.243999999999999922e-03
2.500000000000000000e+01 1.300000000000000000e+01 2.000000000000000000e+01 0.000000000000000000e+00 1.600000000000000089e+00 -1.219999999999999974e-04 2.663000000000000003e-03 9.999959999999999960e-01 2.536490000000000133e-01 9.672929999999999584e-01 -2.544999999999999953e-03 -9.672960000000000447e-01 2.536479999999999846e-01 -7.940000000000000009e-04
5.000000000000000000e+00 1.600000000000000000e+01 2.100000000000000000e+01 0.000000000000000000e+00 1.600000000000000089e+00 1.626000000000000058e-03 5.087000000000000376e-03 9.999860000000000415e-01 2.974709999999999854e-01 9.547160000000000091e-01 -5.341000000000000261e-03 -9.547299999999999676e-01 2.974749999999999894e-01 3.899999999999999929e-05
1.400000000000000000e+01 1.600000000000000000e+01 2.100000000000000000e+01 0.000000000000000000e+00 1.600000000000000089e+00 9.000000000000000228e-06 6.340000000000000149e-04 1.000000000000000000e+00 2.966860000000000053e-01 9.549750000000000183e-01 -6.080000000000000335e-04 -9.549750000000000183e-01 2.966860000000000053e-01 -1.800000000000000113e-04
1.900000000000000000e+01 1.600000000000000000e+01 2.100000000000000000e+01 0.000000000000000000e+00 1.600000000000000089e+00 -6.602000000000000229e-03 -1.034999999999999983e-02 9.999249999999999527e-01 2.973979999999999957e-01 9.546799999999999731e-01 1.184499999999999963e-02 -9.547309999999999963e-01 2.974539999999999962e-01 -3.225000000000000002e-03
2.400000000000000000e+01 1.600000000000000000e+01 2.100000000000000000e+01 0.000000000000000000e+00 1.600000000000000089e+00 -4.519999999999999821e-04 -2.550000000000000183e-04 1.000000000000000000e+00 2.993129999999999957e-01 9.541549999999999754e-01 3.789999999999999966e-04 -9.541549999999999754e-01 2.993129999999999957e-01 -3.550000000000000096e-04
8.000000000000000000e+00 3.000000000000000000e+00 2.500000000000000000e+01 0.000000000000000000e+00 1.600000000000000089e+00 -1.902999999999999961e-03 5.140999999999999737e-03 9.999850000000000128e-01 -2.945199999999999901e-02 -9.995530000000000248e-01 5.081999999999999712e-03 9.995640000000000081e-01 -2.944199999999999942e-02 2.053000000000000137e-03
2.100000000000000000e+01 3.000000000000000000e+00 2.500000000000000000e+01 0.000000000000000000e+00 1.600000000000000089e+00 8.812999999999999653e-03 -5.931999999999999773e-03 9.999440000000000550e-01 -3.450500000000000095e-02 -9.993889999999999718e-01 -5.624999999999999792e-03 9.993659999999999766e-01 -3.445299999999999752e-02 -9.013000000000000178e-03
1.100000000000000000e+01 4.600000000000000000e+01 2.700000000000000000e+01 0.000000000000000000e+00 1.600000000000000089e+00 8.099999999999999561e-04 -2.828999999999999918e-03 -9.999959999999999960e-01 6.762089999999999490e-01 7.367080000000000295e-01 -1.536000000000000039e-03 7.367089999999999472e-01 -6.762049999999999450e-01 2.508999999999999946e-03
8.000000000000000000e+00 4.600000000000000000e+01 3.000000000000000000e+01 0.000000000000000000e+00 1.600000000000000089e+00 9.619999999999999645e-04 -9.619999999999999645e-04 -9.999989999999999712e-01 3.424039999999999861e-01 9.395520000000000538e-01 -5.739999999999999660e-04 9.395520000000000538e-01 -3.424039999999999861e-01 1.234000000000000071e-03
2.300000000000000000e+01 4.600000000000000000e+01 3.000000000000000000e+01 0.000000000000000000e+00 1.600000000000000089e+00 8.499999999999999526e-04 3.179999999999999776e-04 -1.000000000000000000e+00 3.319949999999999846e-01 9.432810000000000361e-01 5.820000000000000520e-04 9.432810000000000361e-01 -3.319949999999999846e-01 6.970000000000000284e-04
2.800000000000000000e+01 4.600000000000000000e+01 3.000000000000000000e+01 0.000000000000000000e+00 1.600000000000000089e+00 -1.136000000000000074e-03 4.327000000000000117e-03 -9.999900000000000455e-01 3.324940000000000118e-01 9.430979999999999919e-01 3.703000000000000128e-03 9.431049999999999711e-01 -3.324860000000000038e-01 -2.510000000000000078e-03
4.000000000000000000e+00 5.800000000000000000e+01 3.100000000000000000e+01 0.000000000000000000e+00 1.600000000000000089e+00 -7.295000000000000269e-03 -7.379000000000000142e-03 9.999460000000000015e-01 -7.765990000000000393e-01 -6.299109999999999987e-01 -1.031400000000000025e-02 6.299529999999999852e-01 -7.766330000000000178e-01 -1.136000000000000074e-03
8.000000000000000000e+00 5.800000000000000000e+01 3.100000000000000000e+01 0.000000000000000000e+00 1.600000000000000089e+00 -7.633000000000000028e-03 -1.022900000000000025e-02 9.999190000000000023e-01 -7.830819999999999448e-01 -6.217960000000000154e-01 -1.233899999999999927e-02 6.218709999999999516e-01 -7.831129999999999480e-01 -3.263999999999999974e-03
1.200000000000000000e+01 5.800000000000000000e+01 3.100000000000000000e+01 0.000000000000000000e+00 1.600000000000000089e+00 -3.494000000000000144e-03 -3.579999999999999741e-04 9.999940000000000495e-01 -7.877880000000000438e-01 -6.159400000000000430e-01 -2.972999999999999948e-03 6.159369999999999568e-01 -7.877929999999999655e-01 1.869999999999999917e-03
2.200000000000000000e+01 5.800000000000000000e+01 3.100000000000000000e+01 0.000000000000000000e+00 1.600000000000000089e+00 1.469000000000000037e-03 3.203999999999999817e-03 9.999940000000000495e-01 -7.914940000000000309e-01 -6.111689999999999623e-01 3.121000000000000076e-03 6.111750000000000238e-01 -7.914940000000000309e-01 1.637999999999999916e-03
2.500000000000000000e+01 5.800000000000000000e+01 3.100000000000000000e+01 0.000000000000000000e+00 1.600000000000000089e+00 1.747999999999999988e-03 2.494000000000000123e-03 9.999949999999999672e-01 -7.900719999999999965e-01 -6.130069999999999686e-01 2.909999999999999826e-03 6.130120000000000013e-01 -7.900730000000000253e-01 8.989999999999999511e-04
3.000000000000000000e+01 5.800000000000000000e+01 3.100000000000000000e+01 0.000000000000000000e+00 1.600000000000000089e+00 -1.276000000000000007e-03 -2.190000000000000106e-04 9.999989999999999712e-01 -7.908749999999999947e-01 -6.119759999999999645e-01 -1.144000000000000052e-03 6.119759999999999645e-01 -7.908760000000000234e-01 6.080000000000000335e-04
2.000000000000000000e+00 4.600000000000000000e+01 3.500000000000000000e+01 0.000000000000000000e+00 1.600000000000000089e+00 1.654000000000000088e-03 3.099999999999999891e-03 -9.999940000000000495e-01 3.902970000000000050e-01 -9.206870000000000331e-01 -2.207999999999999893e-03 -9.206879999999999509e-01 -3.902909999999999990e-01 -2.732000000000000053e-03
7.000000000000000000e+00 4.600000000000000000e+01 3.500000000000000000e+01 0.000000000000000000e+00 1.600000000000000089e+00 -4.029999999999999837e-04 3.879999999999999985e-04 -1.000000000000000000e+00 3.917260000000000186e-01 -9.200819999999999554e-01 -5.150000000000000498e-04 -9.200819999999999554e-01 -3.917260000000000186e-01 2.190000000000000106e-04
1.600000000000000000e+01 4.600000000000000000e+01 3.500000000000000000e+01 0.000000000000000000e+00 1.600000000000000089e+00 3.000000000000000076e-05 3.052000000000000025e-03 -9.999949999999999672e-01 3.905219999999999803e-01 -9.205889999999999906e-01 -2.798000000000000140e-03 -9.205940000000000234e-01 -3.905199999999999783e-01 -1.219000000000000031e-03
2.000000000000000000e+01 4.600000000000000000e+01 3.500000000000000000e+01 0.000000000000000000e+00 1.600000000000000089e+00 -2.356000000000000021e-03 1.544999999999999932e-03 -9.999959999999999960e-01 3.894750000000000156e-01 -9.210340000000000193e-01 -2.340000000000000066e-03 -9.210340000000000193e-01 -3.894790000000000196e-01 1.569000000000000082e-03
1.000000000000000000e+01 9.500000000000000000e+01 3.600000000000000000e+01 0.000000000000000000e+00 1.600000000000000089e+00 -3.510800000000000032e-02 -4.830600000000000172e-02 9.982149999999999634e-01 9.973309999999999675e-01 6.229099999999999915e-02 3.809099999999999986e-02 -6.401999999999999358e-02 9.968879999999999963e-01 4.599000000000000310e-02
2.000000000000000000e+01 9.500000000000000000e+01 3.600000000000000000e+01 0.000000000000000000e+00 1.600000000000000089e+00 1.662800000000000042e-02 1.568500000000000102e-02 9.997390000000000443e-01 9.981809999999999850e-01 5.769699999999999829e-02 -1.750799999999999926e-02 -5.795700000000000157e-02 9.982109999999999594e-01 -1.469699999999999999e-02
2.800000000000000000e+01 9.500000000000000000e+01 3.600000000000000000e+01 0.000000000000000000e+00 1.600000000000000089e+00 1.967800000000000105e-02 4.770300000000000235e-02 9.986680000000000001e-01 9.967000000000000304e-01 7.774000000000000354e-02 -2.335200000000000123e-02 -7.875100000000000156e-02 9.958320000000000505e-01 -4.601500000000000035e-02
2.000000000000000000e+00 3.000000000000000000e+00 4.300000000000000000e+01 0.000000000000000000e+00 1.600000000000000089e+00 1.749999999999999982e-04 -9.853000000000000647e-03 -9.999510000000000343e-01 7.385500000000000398e-01 -6.741639999999999855e-01 6.772000000000000242e-03 -6.741979999999999640e-01 -7.385159999999999503e-01 7.159000000000000433e-03
2.200000000000000000e+01 3.000000000000000000e+00 4.300000000000000000e+01 0.000000000000000000e+00 1.600000000000000089e+00 -1.889000000000000054e-03 1.090000000000000067e-04 -9.999980000000000535e-01 7.420099999999999474e-01 -6.703879999999999839e-01 -1.474999999999999966e-03 -6.703869999999999552e-01 -7.420109999999999761e-01 1.185000000000000072e-03
1.100000000000000000e+01 6.500000000000000000e+01 4.600000000000000000e+01 0.000000000000000000e+00 1.600000000000000089e+00 1.631999999999999987e-03 1.013000000000000012e-03 9.999980000000000535e-01 6.797720000000000429e-01 -7.334230000000000471e-01 -3.669999999999999760e-04 7.334209999999999896e-01 6.797720000000000429e-01 -1.886000000000000090e-03
1.700000000000000000e+01 6.500000000000000000e+01 4.600000000000000000e+01 0.000000000000000000e+00 1.600000000000000089e+00 3.678999999999999979e-03 -1.209000000000000005e-03 9.999930000000000208e-01 6.798250000000000126e-01 -7.333669999999999911e-01 -3.386999999999999820e-03 7.333650000000000446e-01 6.798319999999999919e-01 -1.876000000000000063e-03
1.500000000000000000e+01 7.000000000000000000e+00 5.200000000000000000e+01 0.000000000000000000e+00 1.600000000000000089e+00 -3.526000000000000054e-03 -6.639999999999999852e-04 -9.999940000000000495e-01 8.307299999999999407e-02 -9.965429999999999566e-01 3.680000000000000003e-04 -9.965370000000000061e-01 -8.307100000000000595e-02 3.569000000000000124e-03
1.800000000000000000e+01 7.000000000000000000e+00 5.200000000000000000e+01 0.000000000000000000e+00 1.600000000000000089e+00 2.481999999999999831e-03 6.139999999999999625e-03 -9.999780000000000335e-01 8.252700000000000313e-02 -9.965709999999999846e-01 -5.915000000000000119e-03 -9.965859999999999719e-01 -8.251000000000000001e-02 -2.980000000000000010e-03
1.200000000000000000e+01 5.800000000000000000e+01 5.200000000000000000e+01 0.000000000000000000e+00 1.600000000000000089e+00 -2.799999999999999958e-05 -4.253999999999999969e-03 9.999909999999999632e-01 -6.253370000000000317e-01 7.803480000000000416e-01 3.302999999999999946e-03 -7.803550000000000209e-01 -6.253309999999999702e-01 -2.681999999999999922e-03
2.900000000000000000e+01 3.700000000000000000e+01 5.400000000000000000e+01 0.000000000000000000e+00 1.600000000000000089e+00 8.585000000000000617e-03 3.296859999999999791e-01 -9.440520000000000023e-01 6.754320000000000324e-01 -6.980809999999999516e-01 -2.376449999999999951e-01 -7.373720000000000274e-01 -6.356020000000000003e-01 -2.286729999999999874e-01
9.000000000000000000e+00 6.300000000000000000e+01 5.400000000000000000e+01 0.000000000000000000e+00 1.600000000000000089e+00 -3.980000000000000031e-03 -1.269400000000000042e-02 9.999109999999999943e-01 -3.927149999999999808e-01 9.196039999999999770e-01 1.011100000000000020e-02 -9.196509999999999962e-01 -3.926399999999999890e-01 -8.644999999999999907e-03
1.200000000000000000e+01 6.300000000000000000e+01 5.400000000000000000e+01 0.000000000000000000e+00 1.600000000000000089e+00 -3.710000000000000190e-03 -7.226999999999999917e-03 9.999670000000000503e-01 -3.758159999999999834e-01 9.266790000000000305e-01 5.303000000000000422e-03 -9.266870000000000385e-01 -3.757840000000000069e-01 -6.154999999999999881e-03
1.500000000000000000e+01 6.300000000000000000e+01 5.400000000000000000e+01 0.000000000000000000e+00 1.600000000000000089e+00 -1.291000000000000047e-03 2.233999999999999875e-03 9.999970000000000248e-01 -3.667730000000000157e-01 9.303069999999999951e-01 -2.552000000000000015e-03 -9.303099999999999703e-01 -3.667750000000000177e-01 -3.820000000000000153e-04
2.000000000000000000e+01 6.300000000000000000e+01 5.400000000000000000e+01 0.000000000000000000e+00 1.600000000000000089e+00 7.899999999999999579e-05 3.158000000000000217e-03 9.999949999999999672e-01 -3.642520000000000202e-01 9.312960000000000127e-01 -2.912000000000000092e-03 -9.313000000000000167e-01 -3.642500000000000182e-01 1.224000000000000045e-03
2.600000000000000000e+01 6.300000000000000000e+01 5.400000000000000000e+01 0.000000000000000000e+00 1.600000000000000089e+00 -7.600000000000000418e-04 1.209000000000000005e-03 9.999989999999999712e-01 -3.645519999999999872e-01 9.311819999999999542e-01 -1.402999999999999950e-03 -9.311829999999999830e-01 -3.645519999999999872e-01 -2.669999999999999847e-04
3.000000000000000000e+01 6.300000000000000000e+01 5.400000000000000000e+01 0.000000000000000000e+00 1.600000000000000089e+00 7.370000000000000249e-04 3.167999999999999809e-03 9.999949999999999672e-01 -3.677170000000000161e-01 9.299340000000000384e-01 -2.674999999999999861e-03 -9.299370000000000136e-01 -3.677130000000000121e-01 1.850000000000000082e-03
1.800000000000000000e+01 2.600000000000000000e+01 5.500000000000000000e+01 0.000000000000000000e+00 1.600000000000000089e+00 1.449999999999999900e-03 -1.248999999999999893e-03 -9.999980000000000535e-01 -4.309799999999999742e-02 -9.990700000000000136e-01 1.185000000000000072e-03 -9.990700000000000136e-01 4.309700000000000336e-02 -1.502999999999999996e-03
1.000000000000000000e+00 3.200000000000000000e+01 5.500000000000000000e+01 0.000000000000000000e+00 1.600000000000000089e+00 1.385800000000000087e-01 -3.162440000000000251e-01 -9.385019999999999474e-01 -6.263940000000000063e-01 7.060210000000000097e-01 -3.304000000000000270e-01 7.670890000000000208e-01 6.336589999999999723e-01 -1.002519999999999939e-01
3.000000000000000000e+00 3.600000000000000000e+01 5.900000000000000000e+01 0.000000000000000000e+00 1.600000000000000089e+00 1.138969999999999982e-01 1.368179999999999952e-01 9.840269999999999850e-01 -5.386769999999999614e-01 -8.237349999999999950e-01 1.768810000000000104e-01 8.347780000000000200e-01 -5.502190000000000136e-01 -2.011999999999999900e-02
6.000000000000000000e+00 2.100000000000000000e+01 6.000000000000000000e+01 0.000000000000000000e+00 1.600000000000000089e+00 -3.690000000000000246e-04 4.440000000000000045e-04 1.000000000000000000e+00 -9.295499999999999596e-02 9.956700000000000550e-01 -4.760000000000000234e-04 -9.956700000000000550e-01 -9.295499999999999596e-02 -3.260000000000000094e-04
1.000000000000000000e+01 2.100000000000000000e+01 6.000000000000000000e+01 0.000000000000000000e+00 1.600000000000000089e+00 -3.800000000000000209e-04 2.369999999999999874e-04 1.000000000000000000e+00 -9.413900000000000046e-02 9.955589999999999717e-01 -2.719999999999999979e-04 -9.955589999999999717e-01 -9.413900000000000046e-02 -3.559999999999999797e-04
1.500000000000000000e+01 2.100000000000000000e+01 6.000000000000000000e+01 0.000000000000000000e+00 1.600000000000000089e+00 -6.660000000000000338e-04 -2.236000000000000140e-03 9.999970000000000248e-01 -9.475799999999999501e-02 9.954979999999999940e-01 2.162999999999999992e-03 -9.955000000000000515e-01 -9.475600000000000689e-02 -8.750000000000000182e-04
2.000000000000000000e+01 2.100000000000000000e+01 6.000000000000000000e+01 0.000000000000000000e+00 1.600000000000000089e+00 -7.990000000000000140e-04 -1.417000000000000074e-03 9.999989999999999712e-01 -9.528100000000000458e-02 9.954499999999999460e-01 1.335000000000000032e-03 -9.954499999999999460e-01 -9.528000000000000358e-02 -9.309999999999999699e-04
2.500000000000000000e+01 2.100000000000000000e+01 6.000000000000000000e+01 0.000000000000000000e+00 1.600000000000000089e+00 -1.840000000000000001e-04 3.047999999999999928e-03 9.999949999999999672e-01 -9.551800000000000568e-02 9.954229999999999468e-01 -3.050999999999999893e-03 -9.954279999999999795e-01 -9.551800000000000568e-02 1.079999999999999960e-04
1.600000000000000000e+01 6.700000000000000000e+01 6.000000000000000000e+01 0.000000000000000000e+00 1.600000000000000089e+00 -6.909999999999999910e-04 -4.093000000000000284e-03 9.999909999999999632e-01 1.807709999999999873e-01 -9.835180000000000033e-01 -3.899999999999999821e-03 9.835249999999999826e-01 1.807660000000000100e-01 1.418999999999999906e-03
2.000000000000000000e+00 2.700000000000000000e+01 6.300000000000000000e+01 0.000000000000000000e+00 1.600000000000000089e+00 5.220000000000000031e-04 1.855000000000000095e-03 9.999980000000000535e-01 -2.800090000000000079e-01 9.599959999999999605e-01 -1.634999999999999952e-03 -9.599969999999999892e-01 -2.800079999999999791e-01 1.020000000000000073e-03
5.000000000000000000e+00 2.700000000000000000e+01 6.300000000000000000e+01 0.000000000000000000e+00 1.600000000000000089e+00 6.340000000000000149e-04 7.669999999999999951e-04 1.000000000000000000e+00 -2.800509999999999944e-01 9.599849999999999772e-01 -5.580000000000000107e-04 -9.599849999999999772e-01 -2.800509999999999944e-01 8.239999999999999712e-04
1.600000000000000000e+01 2.700000000000000000e+01 6.300000000000000000e+01 0.000000000000000000e+00 1.600000000000000089e+00 -1.515999999999999986e-03 -1.332000000000000068e-03 9.999980000000000535e-01 -2.790679999999999827e-01 9.602709999999999857e-01 8.549999999999999658e-04 -9.602699999999999569e-01 -2.790670000000000095e-01 -1.827999999999999981e-03
2.200000000000000000e+01 2.700000000000000000e+01 6.300000000000000000e+01 0.000000000000000000e+00 1.600000000000000089e+00 -3.899999999999999929e-05 2.102999999999999835e-03 9.999980000000000535e-01 -2.801029999999999909e-01 9.599680000000000435e-01 -2.030000000000000120e-03 -9.599699999999999900e-01 -2.801020000000000176e-01 5.519999999999999733e-04
5.000000000000000000e+00 4.400000000000000000e+01 6.300000000000000000e+01 0.000000000000000000e+00 1.600000000000000089e+00 1.783000000000000080e-03 2.556500000000000092e-02 -9.996720000000000050e-01 -6.358209999999999695e-01 -7.715549999999999908e-01 -2.086500000000000160e-02 -7.718350000000000488e-01 6.356490000000000196e-01 1.488000000000000086e-02
8.000000000000000000e+00 4.400000000000000000e+01 6.300000000000000000e+01 0.000000000000000000e+00 1.600000000000000089e+00 4.931999999999999752e-03 1.962600000000000108e-02 -9.997949999999999893e-01 -6.366239999999999677e-01 -7.709580000000000322e-01 -1.827399999999999858e-02 -7.711580000000000101e-01 6.365840000000000387e-01 8.692000000000000073e-03
1.400000000000000000e+01 4.400000000000000000e+01 6.300000000000000000e+01 0.000000000000000000e+00 1.600000000000000089e+00 -7.690000000000000438e-04 1.350000000000000071e-03 -9.999989999999999712e-01 -6.506579999999999586e-01 -7.593710000000000182e-01 -5.249999999999999676e-04 -7.593710000000000182e-01 6.506560000000000121e-01 1.461999999999999975e-03
1.900000000000000000e+01 4.400000000000000000e+01 6.300000000000000000e+01 0.000000000000000000e+00 1.600000000000000089e+00 3.089999999999999756e-04 1.238599999999999944e-02 -9.999230000000000063e-01 -6.599169999999999758e-01 -7.512790000000000301e-01 -9.509999999999999357e-03 -7.513389999999999791e-01 6.598690000000000389e-01 7.941999999999999407e-03
2.500000000000000000e+01 4.400000000000000000e+01 6.300000000000000000e+01 0.000000000000000000e+00 1.600000000000000089e+00 3.440000000000000132e-04 4.577000000000000339e-03 -9.999890000000000168e-01 -6.677400000000000002e-01 -7.443859999999999921e-01 -3.637000000000000042e-03 -7.443950000000000289e-01 6.677340000000000497e-01 2.799999999999999972e-03
2.900000000000000000e+01 4.400000000000000000e+01 6.300000000000000000e+01 0.000000000000000000e+00 1.600000000000000089e+00 4.291999999999999808e-03 1.805199999999999860e-02 -9.998280000000000500e-01 -6.692789999999999573e-01 -7.428329999999999655e-01 -1.628500000000000086e-02 -7.429989999999999650e-01 6.692339999999999955e-01 8.894000000000000863e-03
1.000000000000000000e+00 2.600000000000000000e+01 6.400000000000000000e+01 0.000000000000000000e+00 1.600000000000000089e+00 -2.229999999999999994e-04 1.340000000000000045e-03 9.999989999999999712e-01 -3.685890000000000000e-01 9.295909999999999451e-01 -1.327999999999999970e-03 -9.295919999999999739e-01 -3.685890000000000000e-01 2.869999999999999830e-04
5.000000000000000000e+00 2.600000000000000000e+01 6.400000000000000000e+01 0.000000000000000000e+00 1.600000000000000089e+00 7.179999999999999967e-04 9.169999999999999549e-04 9.999989999999999712e-01 -3.692449999999999899e-01 9.293320000000000469e-01 -5.869999999999999567e-04 -9.293320000000000469e-01 -3.692440000000000166e-01 1.005999999999999950e-03
1.100000000000000000e+01 2.600000000000000000e+01 6.400000000000000000e+01 0.000000000000000000e+00 1.600000000000000089e+00 -7.789999999999999616e-04 -3.311000000000000141e-03 9.999940000000000495e-01 -3.683739999999999792e-01 9.296740000000000004e-01 2.791000000000000078e-03 -9.296769999999999756e-01 -3.683690000000000020e-01 -1.943000000000000066e-03
1.800000000000000000e+01 2.600000000000000000e+01 6.400000000000000000e+01 0.000000000000000000e+00 1.600000000000000089e+00 -2.269999999999999882e-03 -1.660999999999999933e-03 9.999959999999999960e-01 -3.720379999999999798e-01 9.282169999999999588e-01 6.980000000000000527e-04 -9.282150000000000123e-01 -3.720350000000000046e-01 -2.724999999999999992e-03
2.200000000000000000e+01 2.600000000000000000e+01 6.400000000000000000e+01 0.000000000000000000e+00 1.600000000000000089e+00 -8.899999999999999491e-04 3.216000000000000109e-03 9.999940000000000495e-01 -3.738609999999999989e-01 9.274790000000000534e-01 -3.315999999999999937e-03 -9.274839999999999751e-01 -3.738620000000000276e-01 3.770000000000000022e-04
2.600000000000000000e+01 2.600000000000000000e+01 6.400000000000000000e+01 0.000000000000000000e+00 1.600000000000000089e+00 1.288999999999999998e-03 6.454999999999999800e-03 9.999780000000000335e-01 -3.682219999999999938e-01 9.297220000000000484e-01 -5.526999999999999795e-03 -9.297370000000000356e-01 -3.682070000000000065e-01 3.576000000000000185e-03
3.000000000000000000e+00 4.400000000000000000e+01 7.300000000000000000e+01 0.000000000000000000e+00 1.600000000000000089e+00 1.335999999999999948e-03 6.016999999999999779e-03 9.999810000000000088e-01 5.711900000000000310e-02 -9.983499999999999597e-01 5.930999999999999640e-03 9.983659999999999757e-01 5.711000000000000104e-02 -1.677000000000000105e-03
7.000000000000000000e+00 4.400000000000000000e+01 7.300000000000000000e+01 0.000000000000000000e+00 1.600000000000000089e+00 -3.730000000000000134e-04 1.685000000000000083e-03 9.999989999999999712e-01 5.686499999999999888e-02 -9.983800000000000452e-01 1.704000000000000003e-03 9.983819999999999917e-01 5.686499999999999888e-02 2.759999999999999867e-04
1.300000000000000000e+01 4.400000000000000000e+01 7.300000000000000000e+01 0.000000000000000000e+00 1.600000000000000089e+00 8.149999999999999693e-04 4.085000000000000089e-03 9.999909999999999632e-01 5.778799999999999909e-02 -9.983210000000000139e-01 4.030999999999999861e-03 9.983290000000000219e-01 5.778400000000000203e-02 -1.049999999999999935e-03
1.600000000000000000e+01 4.400000000000000000e+01 7.300000000000000000e+01 0.000000000000000000e+00 1.600000000000000089e+00 1.185999999999999988e-03 4.257999999999999632e-03 9.999900000000000455e-01 5.974999999999999756e-02 -9.982050000000000090e-01 4.179999999999999688e-03 9.982130000000000170e-01 5.974399999999999850e-02 -1.438000000000000042e-03
2.300000000000000000e+01 4.400000000000000000e+01 7.300000000000000000e+01 0.000000000000000000e+00 1.600000000000000089e+00 -1.306000000000000086e-03 -3.729999999999999809e-03 9.999919999999999920e-01 5.626599999999999657e-02 -9.984089999999999909e-01 -3.650000000000000033e-03 9.984150000000000524e-01 5.626099999999999851e-02 1.513999999999999938e-03
2.800000000000000000e+01 4.400000000000000000e+01 7.300000000000000000e+01 0.000000000000000000e+00 1.600000000000000089e+00 -1.539100000000000017e-02 -4.335100000000000064e-02 9.989409999999999679e-01 4.652400000000000285e-02 -9.980090000000000350e-01 -4.259399999999999992e-02 9.987989999999999924e-01 4.581899999999999862e-02 1.737700000000000009e-02
4.000000000000000000e+00 2.500000000000000000e+01 7.400000000000000000e+01 0.000000000000000000e+00 1.600000000000000089e+00 -1.644000000000000062e-03 -1.912000000000000071e-03 9.999970000000000248e-01 8.229499999999999593e-01 -5.681129999999999791e-01 2.669999999999999847e-04 5.681110000000000326e-01 8.229480000000000128e-01 2.507999999999999813e-03
8.000000000000000000e+00 2.500000000000000000e+01 7.400000000000000000e+01 0.000000000000000000e+00 1.600000000000000089e+00 9.699999999999999963e-05 1.853000000000000046e-03 9.999980000000000535e-01 8.232770000000000366e-01 -5.676390000000000047e-01 9.719999999999999907e-04 5.676400000000000334e-01 8.232749999999999790e-01 -1.580999999999999940e-03
1.200000000000000000e+01 2.500000000000000000e+01 7.400000000000000000e+01 0.000000000000000000e+00 1.600000000000000089e+00 -6.899999999999999667e-04 -5.169999999999999899e-04 1.000000000000000000e+00 8.258240000000000025e-01 -5.639279999999999848e-01 2.790000000000000054e-04 5.639269999999999561e-01 8.258240000000000025e-01 8.159999999999999936e-04
1.700000000000000000e+01 2.500000000000000000e+01 7.400000000000000000e+01 0.000000000000000000e+00 1.600000000000000089e+00 -1.659999999999999963e-04 -4.769999999999999934e-04 1.000000000000000000e+00 8.242509999999999559e-01 -5.662239999999999496e-01 -1.330000000000000073e-04 5.662239999999999496e-01 8.242509999999999559e-01 4.870000000000000197e-04
2.100000000000000000e+01 2.500000000000000000e+01 7.400000000000000000e+01 0.000000000000000000e+00 1.600000000000000089e+00 2.798999999999999839e-03 -4.870000000000000197e-04 9.999959999999999960e-01 8.225139999999999674e-01 -5.687379999999999658e-01 -2.579000000000000129e-03 5.687370000000000481e-01 8.225179999999999714e-01 -1.191000000000000001e-03
2.500000000000000000e+01 2.500000000000000000e+01 7.400000000000000000e+01 0.000000000000000000e+00 1.600000000000000089e+00 5.519999999999999733e-04 -5.300000000000000078e-05 1.000000000000000000e+00 8.230539999999999523e-01 -5.679629999999999956e-01 -4.840000000000000010e-04 5.679629999999999956e-01 8.230539999999999523e-01 -2.700000000000000035e-04
