1.000000000000000000e+01 1.500000000000000000e+01 4.000000000000000000e+00 0.000000000000000000e+00 1.600000000000000089e+00 2.219000000000000052e-03 9.320000000000000159e-03 9.999540000000000095e-01 3.183570000000000011e-01 -9.479360000000000008e-01 8.127999999999999808e-03 9.479680000000000328e-01 3.183250000000000246e-01 -5.069999999999999854e-03
2.300000000000000000e+01 1.500000000000000000e+01 4.000000000000000000e+00 0.000000000000000000e+00 1.600000000000000089e+00 1.430999999999999980e-03 3.913999999999999944e-03 9.999909999999999632e-01 3.195060000000000122e-01 -9.475789999999999491e-01 3.252000000000000116e-03 9.475829999999999531e-01 3.194989999999999775e-01 -2.606999999999999942e-03
2.800000000000000000e+01 1.500000000000000000e+01 4.000000000000000000e+00 0.000000000000000000e+00 1.600000000000000089e+00 3.709000000000000057e-03 1.043000000000000003e-02 9.999390000000000223e-01 3.250179999999999736e-01 -9.456679999999999531e-01 8.659000000000000030e-03 9.457010000000000138e-01 3.249659999999999771e-01 -6.897999999999999618e-03
8.000000000000000000e+00 7.400000000000000000e+01 4.000000000000000000e+00 0.000000000000000000e+00 1.600000000000000089e+00 -8.809109999999999996e-01 -3.781689999999999774e-01 2.845779999999999976e-01 -3.998809999999999865e-01 9.163459999999999939e-01 -2.011900000000000147e-02 -2.531640000000000001e-01 -1.315209999999999990e-01 -9.584420000000000162e-01
3.000000000000000000e+00 1.010000000000000000e+02 7.000000000000000000e+00 0.000000000000000000e+00 1.600000000000000089e+00 -1.175000000000000046e-03 -8.042000000000000537e-03 9.999670000000000503e-01 8.824699999999999767e-01 4.703439999999999843e-01 4.819999999999999632e-03 -4.703669999999999796e-01 8.824469999999999814e-01 6.544000000000000337e-03
1.000000000000000000e+01 1.010000000000000000e+02 7.000000000000000000e+00 0.000000000000000000e+00 1.600000000000000089e+00 2.830000000000000050e-03 -3.848599999999999938e-02 9.992550000000000043e-01 8.846960000000000379e-01 4.659130000000000216e-01 1.543899999999999960e-02 -4.661600000000000188e-01 8.839930000000000287e-01 3.536700000000000260e-02
1.500000000000000000e+01 1.010000000000000000e+02 7.000000000000000000e+00 0.000000000000000000e+00 1.600000000000000089e+00 5.000000000000000240e-05 -2.982699999999999935e-02 9.995549999999999713e-01 8.853799999999999448e-01 4.646629999999999927e-01 1.382199999999999922e-02 -4.648689999999999767e-01 8.849850000000000216e-01 2.643200000000000063e-02
1.000000000000000000e+00 2.500000000000000000e+01 8.000000000000000000e+00 0.000000000000000000e+00 1.600000000000000089e+00 3.080000000000000055e-04 -4.373000000000000151e-03 -9.999900000000000455e-01 4.493019999999999792e-01 8.933720000000000550e-01 -3.768000000000000082e-03 8.933799999999999519e-01 -4.492959999999999732e-01 2.239999999999999804e-03
6.000000000000000000e+00 2.500000000000000000e+01 8.000000000000000000e+00 0.000000000000000000e+00 1.600000000000000089e+00 -2.024000000000000191e-03 -8.540999999999999981e-03 -9.999609999999999888e-01 4.492820000000000147e-01 8.933489999999999487e-01 -8.540000000000000716e-03 8.933879999999999599e-01 -4.492820000000000147e-01 2.028999999999999988e-03
1.400000000000000000e+01 2.500000000000000000e+01 8.000000000000000000e+00 0.000000000000000000e+00 1.600000000000000089e+00 -2.700000000000000035e-04 -2.364000000000000216e-03 -9.999970000000000248e-01 4.533980000000000232e-01 8.913060000000000427e-01 -2.229000000000000078e-03 8.913079999999999892e-01 -4.533969999999999945e-01 8.310000000000000329e-04
2.000000000000000000e+01 2.500000000000000000e+01 8.000000000000000000e+00 0.000000000000000000e+00 1.600000000000000089e+00 -7.360000000000000006e-04 9.300000000000000541e-04 -9.999989999999999712e-01 4.523229999999999751e-01 8.918540000000000356e-01 4.970000000000000459e-04 8.918540000000000356e-01 -4.523220000000000018e-01 -1.077000000000000049e-03
2.500000000000000000e+01 2.500000000000000000e+01 8.000000000000000000e+00 0.000000000000000000e+00 1.600000000000000089e+00 -1.283000000000000069e-03 -1.381999999999999982e-03 -9.999980000000000535e-01 4.534449999999999870e-01 8.912820000000000187e-01 -1.812999999999999941e-03 8.912830000000000474e-01 -4.534469999999999890e-01 -5.169999999999999899e-04
2.000000000000000000e+00 2.400000000000000000e+01 9.000000000000000000e+00 0.000000000000000000e+00 1.600000000000000089e+00 -4.279999999999999950e-04 -4.823000000000000030e-03 -9.999879999999999880e-01 4.514889999999999737e-01 8.922649999999999748e-01 -4.497000000000000129e-03 8.922759999999999581e-01 -4.514859999999999984e-01 1.794999999999999938e-03
7.000000000000000000e+00 2.400000000000000000e+01 9.000000000000000000e+00 0.000000000000000000e+00 1.600000000000000089e+00 -1.990000000000000015e-03 -1.097399999999999938e-02 -9.999379999999999935e-01 4.516600000000000059e-01 8.921259999999999746e-01 -1.068900000000000058e-02 8.921879999999999811e-01 -4.516530000000000267e-01 3.180999999999999800e-03
1.100000000000000000e+01 2.400000000000000000e+01 9.000000000000000000e+00 0.000000000000000000e+00 1.600000000000000089e+00 -1.459000000000000010e-03 -8.115999999999999950e-03 -9.999660000000000215e-01 4.546850000000000058e-01 8.906180000000000208e-01 -7.891999999999999710e-03 8.906509999999999705e-01 -4.546810000000000018e-01 2.390000000000000197e-03
1.400000000000000000e+01 2.400000000000000000e+01 9.000000000000000000e+00 0.000000000000000000e+00 1.600000000000000089e+00 -1.659999999999999963e-04 -1.876999999999999979e-03 -9.999980000000000535e-01 4.562700000000000089e-01 8.898399999999999643e-01 -1.745999999999999939e-03 8.898409999999999931e-01 -4.562700000000000089e-01 7.089999999999999948e-04
2.500000000000000000e+01 2.400000000000000000e+01 9.000000000000000000e+00 0.000000000000000000e+00 1.600000000000000089e+00 -1.240000000000000000e-03 -2.341000000000000199e-03 -9.999970000000000248e-01 4.553170000000000273e-01 8.903259999999999508e-01 -2.648000000000000180e-03 8.903290000000000370e-01 -4.553180000000000005e-01 -3.800000000000000209e-05
5.000000000000000000e+00 3.100000000000000000e+01 1.200000000000000000e+01 0.000000000000000000e+00 1.600000000000000089e+00 6.200000000000000270e-05 -1.247999999999999977e-03 9.999989999999999712e-01 -1.374599999999999954e-02 9.999050000000000438e-01 1.248999999999999893e-03 -9.999059999999999615e-01 -1.374599999999999954e-02 4.500000000000000283e-05
2.100000000000000000e+01 3.100000000000000000e+01 1.200000000000000000e+01 0.000000000000000000e+00 1.600000000000000089e+00 -4.399999999999999886e-05 -2.789999999999999945e-03 9.999959999999999960e-01 -1.629699999999999899e-02 9.998629999999999463e-01 2.788999999999999813e-03 -9.998669999999999503e-01 -1.629699999999999899e-02 -9.000000000000000567e-05
3.000000000000000000e+00 3.500000000000000000e+01 1.200000000000000000e+01 0.000000000000000000e+00 1.600000000000000089e+00 -2.680000000000000090e-04 -5.941000000000000100e-03 -9.999820000000000375e-01 4.864890000000000048e-01 -8.736720000000000041e-01 5.060000000000000261e-03 -8.736869999999999914e-01 -4.864789999999999948e-01 3.125000000000000173e-03
9.000000000000000000e+00 3.500000000000000000e+01 1.200000000000000000e+01 0.000000000000000000e+00 1.600000000000000089e+00 1.835000000000000043e-03 -2.779999999999999919e-03 -9.999949999999999672e-01 4.802509999999999835e-01 -8.771250000000000435e-01 3.318999999999999902e-03 -8.771290000000000475e-01 -4.802540000000000142e-01 -2.750000000000000166e-04
1.300000000000000000e+01 3.500000000000000000e+01 1.200000000000000000e+01 0.000000000000000000e+00 1.600000000000000089e+00 1.543000000000000101e-03 -8.073000000000000315e-03 -9.999660000000000215e-01 4.710489999999999955e-01 -8.820719999999999672e-01 7.848000000000000809e-03 -8.821059999999999457e-01 -4.710449999999999915e-01 2.442000000000000160e-03
1.600000000000000000e+01 3.500000000000000000e+01 1.200000000000000000e+01 0.000000000000000000e+00 1.600000000000000089e+00 2.900000000000000017e-04 -5.680000000000000153e-03 -9.999839999999999840e-01 4.652470000000000216e-01 -8.851660000000000084e-01 5.163000000000000055e-03 -8.851809999999999956e-01 -4.652410000000000156e-01 2.386000000000000100e-03
2.000000000000000000e+01 3.500000000000000000e+01 1.200000000000000000e+01 0.000000000000000000e+00 1.600000000000000089e+00 -6.179999999999999513e-04 -2.000000000000000042e-03 -9.999980000000000535e-01 4.602060000000000040e-01 -8.878110000000000168e-01 1.490999999999999921e-03 -8.878120000000000456e-01 -4.602040000000000020e-01 1.469000000000000037e-03
2.500000000000000000e+01 3.500000000000000000e+01 1.200000000000000000e+01 0.000000000000000000e+00 1.600000000000000089e+00 1.660000000000000017e-03 6.499999999999999431e-05 -9.999989999999999712e-01 4.479710000000000081e-01 -8.940479999999999539e-01 6.859999999999999779e-04 -8.940470000000000361e-01 -4.479710000000000081e-01 -1.513999999999999938e-03
6.000000000000000000e+00 7.300000000000000000e+01 1.300000000000000000e+01 0.000000000000000000e+00 1.600000000000000089e+00 -9.144900000000000251e-01 -2.204230000000000078e-01 3.392970000000000153e-01 -3.350920000000000010e-01 8.825830000000000064e-01 -3.297889999999999988e-01 -2.267649999999999944e-01 -4.152839999999999865e-01 -8.809749999999999526e-01
1.200000000000000000e+01 3.200000000000000000e+01 1.400000000000000000e+01 0.000000000000000000e+00 1.600000000000000089e+00 2.635000000000000189e-03 2.524999999999999901e-03 -9.999930000000000208e-01 1.032560000000000006e-01 9.946509999999999518e-01 2.784000000000000016e-03 9.946509999999999518e-01 -1.032620000000000066e-01 2.360000000000000119e-03
1.500000000000000000e+01 3.200000000000000000e+01 1.400000000000000000e+01 0.000000000000000000e+00 1.600000000000000089e+00 6.049999999999999606e-04 5.140000000000000254e-04 -1.000000000000000000e+00 1.037190000000000056e-01 9.946070000000000189e-01 5.739999999999999660e-04 9.946059999999999901e-01 -1.037190000000000056e-01 5.490000000000000088e-04
2.500000000000000000e+01 1.200000000000000000e+01 1.500000000000000000e+01 0.000000000000000000e+00 1.600000000000000089e+00 4.199999999999999768e-05 -9.669999999999999776e-04 -1.000000000000000000e+00 -4.633869999999999933e-01 -8.861550000000000260e-01 8.379999999999999862e-04 -8.861560000000000548e-01 4.633869999999999933e-01 -4.850000000000000253e-04
2.300000000000000000e+01 1.160000000000000000e+02 1.600000000000000000e+01 0.000000000000000000e+00 1.600000000000000089e+00 2.730999999999999921e-03 7.218999999999999723e-03 9.999700000000000255e-01 7.360550000000000148e-01 6.768859999999999877e-01 -6.897000000000000353e-03 -6.769159999999999622e-01 7.360520000000000396e-01 -3.465000000000000198e-03
2.900000000000000000e+01 1.160000000000000000e+02 1.600000000000000000e+01 0.000000000000000000e+00 1.600000000000000089e+00 4.863000000000000135e-03 5.544999999999999582e-03 9.999730000000000008e-01 7.574680000000000302e-01 6.528310000000000501e-01 -7.303999999999999729e-03 -6.528540000000000454e-01 7.574830000000000174e-01 -1.026000000000000002e-03
1.000000000000000000e+00 2.000000000000000000e+00 1.900000000000000000e+01 0.000000000000000000e+00 1.600000000000000089e+00 -9.539999999999999869e-04 2.286499999999999991e-02 -9.997380000000000155e-01 1.936160000000000103e-01 -9.808170000000000499e-01 -2.261700000000000169e-02 -9.810769999999999769e-01 -1.935860000000000081e-01 -3.491000000000000179e-03
8.000000000000000000e+00 2.000000000000000000e+00 1.900000000000000000e+01 0.000000000000000000e+00 1.600000000000000089e+00 -3.154999999999999818e-03 1.514899999999999927e-02 -9.998799999999999910e-01 1.855360000000000065e-01 -9.825159999999999449e-01 -1.547100000000000038e-02 -9.826319999999999499e-01 -1.855620000000000047e-01 2.889999999999999774e-04
1.200000000000000000e+01 2.000000000000000000e+00 1.900000000000000000e+01 0.000000000000000000e+00 1.600000000000000089e+00 -2.886000000000000110e-03 1.641600000000000004e-02 -9.998609999999999998e-01 1.850600000000000023e-01 -9.825859999999999594e-01 -1.666700000000000126e-02 -9.827230000000000132e-01 -1.850819999999999965e-01 -2.030000000000000012e-04
1.900000000000000000e+01 2.000000000000000000e+00 1.900000000000000000e+01 0.000000000000000000e+00 1.600000000000000089e+00 -1.097000000000000102e-03 2.442000000000000160e-03 -9.999959999999999960e-01 1.753220000000000056e-01 -9.845080000000000497e-01 -2.596999999999999916e-03 -9.845099999999999962e-01 -1.753240000000000076e-01 6.509999999999999945e-04
2.400000000000000000e+01 2.000000000000000000e+00 1.900000000000000000e+01 0.000000000000000000e+00 1.600000000000000089e+00 -4.330000000000000081e-04 5.369999999999999774e-03 -9.999850000000000128e-01 1.689599999999999991e-01 -9.856080000000000396e-01 -5.366000000000000110e-03 -9.856230000000000269e-01 -1.689599999999999991e-01 -4.809999999999999823e-04
3.000000000000000000e+01 2.000000000000000000e+00 1.900000000000000000e+01 0.000000000000000000e+00 1.600000000000000089e+00 1.897000000000000032e-03 -3.093999999999999962e-03 -9.999930000000000208e-01 1.645860000000000101e-01 -9.863570000000000393e-01 3.363999999999999803e-03 -9.863610000000000433e-01 -1.645919999999999883e-01 -1.361999999999999929e-03
2.000000000000000000e+01 4.000000000000000000e+00 2.000000000000000000e+01 0.000000000000000000e+00 1.600000000000000089e+00 -1.562999999999999936e-03 3.040000000000000167e-03 -9.999940000000000495e-01 2.603190000000000226e-01 -9.655169999999999586e-01 -3.341999999999999919e-03 -9.655209999999999626e-01 -2.603230000000000266e-01 7.179999999999999967e-04
6.000000000000000000e+00 1.300000000000000000e+01 2.000000000000000000e+01 0.000000000000000000e+00 1.600000000000000089e+00 2.110000000000000059e-04 -3.119999999999999944e-03 9.999949999999999672e-01 2.603159999999999918e-01 9.655190000000000161e-01 2.956999999999999993e-03 -9.655230000000000201e-01 2.603139999999999898e-01 1.015999999999999976e-03
1.000000000000000000e+01 1.300000000000000000e+01 2.000000000000000000e+01 0.000000000000000000e+00 1.600000000000000089e+00 1.595999999999999979e-03 8.299999999999999815e-05 9.999989999999999712e-01 2.596729999999999872e-01 9.656970000000000276e-01 -4.939999999999999730e-04 -9.656949999999999701e-01 2.596729999999999872e-01 1.518999999999999951e-03
1.300000000000000000e+01 1.300000000000000000e+01 2.000000000000000000e+01 0.000000000000000000e+00 1.600000000000000089e+00 1.755000000000000050e-03 3.467000000000000030e-03 9.999919999999999920e-01 2.573059999999999792e-01 9.663230000000000430e-01 -3.801999999999999824e-03 -9.663279999999999648e-01 2.573110000000000119e-01 8.030000000000000028e-04
1.800000000000000000e+01 1.300000000000000000e+01 2.000000000000000000e+01 0.000000000000000000e+00 1.600000000000000089e+00 1.376999999999999969e-03 -5.399999999999999798e-05 9.999989999999999712e-01 2.555620000000000114e-01 9.667930000000000135e-01 -2.999999999999999737e-04 -9.667919999999999847e-01 2.555620000000000114e-01 1.345000000000000058e-03
2.400000000000000000e+01 1.300000000000000000e+01 2.000000000000000000e+01 0.000000000000000000e+00 1.600000000000000089e+00 1.350000000000000017e-04 1.041000000000000042e-03 9.999989999999999712e-01 2.519609999999999905e-01 9.677369999999999584e-01 -1.041000000000000042e-03 -9.677369999999999584e-01 2.519609999999999905e-01 -1.310000000000000129e-04
2.800000000000000000e+01 1.300000000000000000e+01 2.000000000000000000e+01 0.000000000000000000e+00 1.600000000000000089e+00 7.600000000000000418e-04 -7.219999999999999855e-04 9.999989999999999712e-01 2.497020000000000073e-01 9.683230000000000448e-01 5.090000000000000123e-04 -9.683220000000000161e-01 2.497010000000000063e-01 9.160000000000000390e-04
1.400000000000000000e+01 1.600000000000000000e+01 2.100000000000000000e+01 0.000000000000000000e+00 1.600000000000000089e+00 1.910000000000000022e-03 3.774000000000000011e-03 9.999909999999999632e-01 2.998279999999999834e-01 9.539840000000000542e-01 -4.172999999999999626e-03 -9.539910000000000334e-01 2.998339999999999894e-01 6.899999999999999667e-04
1.800000000000000000e+01 1.600000000000000000e+01 2.100000000000000000e+01 0.000000000000000000e+00 1.600000000000000089e+00 1.709000000000000016e-03 -4.899999999999999842e-04 9.999980000000000535e-01 2.994560000000000000e-01 9.541100000000000136e-01 -4.399999999999999886e-05 -9.541089999999999849e-01 2.994550000000000267e-01 1.776999999999999934e-03
2.600000000000000000e+01 1.600000000000000000e+01 2.100000000000000000e+01 0.000000000000000000e+00 1.600000000000000089e+00 6.499999999999999431e-05 -2.680000000000000090e-04 1.000000000000000000e+00 2.980149999999999744e-01 9.545609999999999928e-01 2.359999999999999902e-04 -9.545609999999999928e-01 2.980149999999999744e-01 1.420000000000000092e-04
1.000000000000000000e+00 3.000000000000000000e+00 2.500000000000000000e+01 0.000000000000000000e+00 1.600000000000000089e+00 3.781000000000000073e-03 1.135000000000000071e-02 9.999280000000000390e-01 -8.440400000000000680e-02 -9.963640000000000274e-01 1.162799999999999945e-02 9.964239999999999764e-01 -8.444200000000000317e-02 -2.808999999999999865e-03
7.000000000000000000e+00 3.000000000000000000e+00 2.500000000000000000e+01 0.000000000000000000e+00 1.600000000000000089e+00 3.850999999999999823e-03 1.858200000000000129e-02 9.998200000000000420e-01 -6.956099999999999783e-02 -9.973999999999999533e-01 1.880499999999999880e-02 9.975699999999999568e-01 -6.962100000000000233e-02 -2.547999999999999918e-03
1.000000000000000000e+01 3.000000000000000000e+00 2.500000000000000000e+01 0.000000000000000000e+00 1.600000000000000089e+00 4.270000000000000358e-03 1.907899999999999874e-02 9.998089999999999478e-01 -6.287099999999999633e-02 -9.978350000000000275e-01 1.931000000000000077e-02 9.980130000000000390e-01 -6.294099999999999695e-02 -3.060999999999999919e-03
1.400000000000000000e+01 3.000000000000000000e+00 2.500000000000000000e+01 0.000000000000000000e+00 1.600000000000000089e+00 3.413999999999999934e-03 1.137799999999999923e-02 9.999289999999999567e-01 -4.837700000000000333e-02 -9.987629999999999564e-01 1.153000000000000032e-02 9.988230000000000164e-01 -4.841299999999999770e-02 -2.860000000000000129e-03
9.000000000000000000e+00 4.600000000000000000e+01 2.700000000000000000e+01 0.000000000000000000e+00 1.600000000000000089e+00 -2.030000000000000012e-04 1.700000000000000122e-04 -1.000000000000000000e+00 6.637690000000000534e-01 7.479379999999999917e-01 -7.999999999999999638e-06 7.479379999999999917e-01 -6.637690000000000534e-01 -2.649999999999999903e-04
2.000000000000000000e+01 4.600000000000000000e+01 2.700000000000000000e+01 0.000000000000000000e+00 1.600000000000000089e+00 -7.789999999999999616e-04 9.709999999999999664e-04 -9.999989999999999712e-01 6.665229999999999766e-01 7.454849999999999532e-01 2.049999999999999956e-04 7.454840000000000355e-01 -6.665219999999999478e-01 -1.227999999999999925e-03
3.000000000000000000e+00 4.600000000000000000e+01 3.000000000000000000e+01 0.000000000000000000e+00 1.600000000000000089e+00 6.290000000000000018e-04 1.258999999999999920e-03 -9.999989999999999712e-01 3.181120000000000059e-01 9.480520000000000058e-01 1.394000000000000057e-03 9.480530000000000346e-01 -3.181129999999999791e-01 1.959999999999999937e-04
1.000000000000000000e+01 4.600000000000000000e+01 3.000000000000000000e+01 0.000000000000000000e+00 1.600000000000000089e+00 2.500000000000000120e-05 3.800000000000000209e-05 -1.000000000000000000e+00 3.209609999999999963e-01 9.470929999999999627e-01 4.399999999999999886e-05 9.470929999999999627e-01 -3.209609999999999963e-01 1.200000000000000030e-05
2.300000000000000000e+01 4.600000000000000000e+01 3.000000000000000000e+01 0.000000000000000000e+00 1.600000000000000089e+00 4.409999999999999858e-04 2.799999999999999958e-05 -1.000000000000000000e+00 3.295850000000000168e-01 9.441260000000000208e-01 1.710000000000000094e-04 9.441260000000000208e-01 -3.295850000000000168e-01 4.070000000000000267e-04
4.000000000000000000e+00 5.800000000000000000e+01 3.100000000000000000e+01 0.000000000000000000e+00 1.600000000000000089e+00 4.918999999999999762e-03 5.709999999999999798e-03 9.999719999999999720e-01 -7.832179999999999698e-01 -6.217030000000000056e-01 7.402999999999999858e-03 6.217270000000000296e-01 -7.832320000000000393e-01 1.413999999999999892e-03
1.000000000000000000e+01 5.800000000000000000e+01 3.100000000000000000e+01 0.000000000000000000e+00 1.600000000000000089e+00 1.516999999999999902e-03 9.529999999999999626e-04 9.999980000000000535e-01 -7.787889999999999535e-01 -6.272839999999999527e-01 1.778999999999999982e-03 6.272839999999999527e-01 -7.787899999999999823e-01 -2.090000000000000115e-04
1.400000000000000000e+01 5.800000000000000000e+01 3.100000000000000000e+01 0.000000000000000000e+00 1.600000000000000089e+00 5.466999999999999638e-03 6.648000000000000263e-03 9.999630000000000463e-01 -7.753470000000000084e-01 -6.314790000000000125e-01 8.437000000000000055e-03 6.315119999999999623e-01 -7.753640000000000532e-01 1.701999999999999954e-03
1.800000000000000000e+01 5.800000000000000000e+01 3.100000000000000000e+01 0.000000000000000000e+00 1.600000000000000089e+00 4.389999999999999805e-03 5.828999999999999980e-03 9.999730000000000008e-01 -7.720040000000000235e-01 -6.355779999999999763e-01 7.093999999999999612e-03 6.356020000000000003e-01 -7.720150000000000068e-01 1.709999999999999932e-03
2.300000000000000000e+01 5.800000000000000000e+01 3.100000000000000000e+01 0.000000000000000000e+00 1.600000000000000089e+00 1.209999999999999921e-03 2.579999999999999828e-04 9.999989999999999712e-01 -7.722160000000000135e-01 -6.353590000000000071e-01 1.098000000000000018e-03 6.353590000000000071e-01 -7.722170000000000423e-01 -5.699999999999999772e-04
5.000000000000000000e+00 4.600000000000000000e+01 3.500000000000000000e+01 0.000000000000000000e+00 1.600000000000000089e+00 4.040000000000000080e-04 -1.423000000000000003e-03 -9.999989999999999712e-01 3.906970000000000165e-01 -9.205179999999999474e-01 1.466999999999999988e-03 -9.205189999999999761e-01 -3.906970000000000165e-01 1.840000000000000001e-04
1.100000000000000000e+01 4.600000000000000000e+01 3.500000000000000000e+01 0.000000000000000000e+00 1.600000000000000089e+00 -7.600000000000000418e-04 1.724999999999999971e-03 -9.999980000000000535e-01 3.921009999999999773e-01 -9.199199999999999600e-01 -1.884999999999999957e-03 -9.199220000000000175e-01 -3.921020000000000061e-01 2.199999999999999943e-05
1.700000000000000000e+01 4.600000000000000000e+01 3.500000000000000000e+01 0.000000000000000000e+00 1.600000000000000089e+00 -6.939999999999999555e-04 2.141000000000000108e-03 -9.999970000000000248e-01 3.933039999999999869e-01 -9.194059999999999455e-01 -2.240999999999999936e-03 -9.194080000000000030e-01 -3.933050000000000157e-01 -2.039999999999999984e-04
2.000000000000000000e+01 4.600000000000000000e+01 3.500000000000000000e+01 0.000000000000000000e+00 1.600000000000000089e+00 -9.349999999999999587e-04 3.105000000000000121e-03 -9.999949999999999672e-01 3.925370000000000248e-01 -9.197309999999999652e-01 -3.223000000000000170e-03 -9.197359999999999980e-01 -3.925379999999999980e-01 -3.589999999999999984e-04
2.400000000000000000e+01 4.600000000000000000e+01 3.500000000000000000e+01 0.000000000000000000e+00 1.600000000000000089e+00 -8.829999999999999958e-04 3.762000000000000153e-03 -9.999930000000000208e-01 3.937169999999999837e-01 -9.192240000000000411e-01 -3.805999999999999921e-03 -9.192310000000000203e-01 -3.937169999999999837e-01 -6.689999999999999983e-04
2.700000000000000000e+01 4.600000000000000000e+01 3.500000000000000000e+01 0.000000000000000000e+00 1.600000000000000089e+00 4.189999999999999931e-04 -5.674000000000000224e-03 -9.999839999999999840e-01 3.950620000000000243e-01 -9.186389999999999834e-01 5.377999999999999968e-03 -9.186539999999999706e-01 -3.950580000000000203e-01 1.856999999999999927e-03
4.000000000000000000e+00 2.900000000000000000e+01 4.400000000000000000e+01 0.000000000000000000e+00 1.600000000000000089e+00 -1.007999999999999998e-03 -1.417999999999999990e-03 -9.999980000000000535e-01 6.488880000000000203e-01 7.608819999999999473e-01 -1.732999999999999948e-03 7.608829999999999760e-01 -6.488890000000000491e-01 1.530000000000000056e-04
1.200000000000000000e+01 2.900000000000000000e+01 4.400000000000000000e+01 0.000000000000000000e+00 1.600000000000000089e+00 3.570000000000000040e-04 1.062000000000000010e-03 -9.999989999999999712e-01 6.511069999999999913e-01 7.589850000000000207e-01 1.038999999999999993e-03 7.589850000000000207e-01 -6.511069999999999913e-01 -4.209999999999999875e-04
1.600000000000000000e+01 2.900000000000000000e+01 4.400000000000000000e+01 0.000000000000000000e+00 1.600000000000000089e+00 -2.559000000000000077e-03 -2.235000000000000007e-03 -9.999940000000000495e-01 6.620230000000000281e-01 7.494760000000000311e-01 -3.369000000000000033e-03 7.494790000000000063e-01 -6.620279999999999498e-01 -4.380000000000000213e-04
2.000000000000000000e+01 2.900000000000000000e+01 4.400000000000000000e+01 0.000000000000000000e+00 1.600000000000000089e+00 -3.327999999999999795e-03 -3.180999999999999800e-03 -9.999890000000000168e-01 6.695600000000000440e-01 7.427430000000000421e-01 -4.590999999999999595e-03 7.427500000000000213e-01 -6.695689999999999698e-01 -3.420000000000000188e-04
2.400000000000000000e+01 2.900000000000000000e+01 4.400000000000000000e+01 0.000000000000000000e+00 1.600000000000000089e+00 4.979999999999999618e-04 -5.810000000000000277e-04 -1.000000000000000000e+00 6.692289999999999628e-01 7.430560000000000498e-01 -9.799999999999999684e-05 7.430560000000000498e-01 -6.692289999999999628e-01 7.590000000000000175e-04
2.100000000000000000e+01 5.000000000000000000e+01 4.500000000000000000e+01 0.000000000000000000e+00 1.600000000000000089e+00 -5.616309999999999913e-01 1.140550000000000036e-01 -8.194890000000000230e-01 -2.971719999999999917e-01 -9.521699999999999608e-01 7.114299999999999791e-02 -7.721780000000000310e-01 2.834860000000000158e-01 5.686620000000000008e-01
2.000000000000000000e+01 7.000000000000000000e+01 4.700000000000000000e+01 0.000000000000000000e+00 1.600000000000000089e+00 -2.171999999999999972e-02 1.465600000000000062e-02 -9.996570000000000178e-01 -8.426470000000000349e-01 -5.383660000000000112e-01 1.041599999999999991e-02 -5.380289999999999795e-01 8.425839999999999996e-01 2.404299999999999840e-02
1.700000000000000000e+01 5.000000000000000000e+00 5.100000000000000000e+01 0.000000000000000000e+00 1.600000000000000089e+00 -1.796000000000000070e-03 -1.781999999999999947e-03 -9.999970000000000248e-01 4.895430000000000059e-01 -8.719789999999999486e-01 6.750000000000000357e-04 -8.719770000000000021e-01 -4.895399999999999752e-01 2.438000000000000063e-03
2.600000000000000000e+01 5.000000000000000000e+00 5.100000000000000000e+01 0.000000000000000000e+00 1.600000000000000089e+00 1.188000000000000037e-03 2.459999999999999947e-03 -9.999959999999999960e-01 4.901889999999999858e-01 -8.716150000000000286e-01 -1.561000000000000104e-03 -8.716150000000000286e-01 -4.901849999999999818e-01 -2.242000000000000069e-03
3.000000000000000000e+01 5.000000000000000000e+00 5.100000000000000000e+01 0.000000000000000000e+00 1.600000000000000089e+00 -5.079999999999999880e-04 5.270999999999999644e-03 -9.999860000000000415e-01 4.890189999999999815e-01 -8.722600000000000353e-01 -4.845999999999999613e-03 -8.722729999999999650e-01 -4.890140000000000042e-01 -2.134000000000000046e-03
5.000000000000000000e+00 7.000000000000000000e+00 5.200000000000000000e+01 0.000000000000000000e+00 1.600000000000000089e+00 6.153999999999999748e-03 9.520000000000000684e-03 -9.999360000000000470e-01 9.350200000000000178e-02 -9.955789999999999917e-01 -8.902999999999999456e-03 -9.956000000000000405e-01 -9.344099999999999628e-02 -7.016999999999999800e-03
2.000000000000000000e+01 7.000000000000000000e+00 5.200000000000000000e+01 0.000000000000000000e+00 1.600000000000000089e+00 -3.900999999999999954e-03 -7.945999999999999938e-03 -9.999609999999999888e-01 1.113790000000000058e-01 -9.937500000000000222e-01 7.461999999999999883e-03 -9.937700000000000422e-01 -1.113449999999999995e-01 4.760999999999999607e-03
1.100000000000000000e+01 6.300000000000000000e+01 5.400000000000000000e+01 0.000000000000000000e+00 1.600000000000000089e+00 -8.809999999999999472e-04 -5.249999999999999676e-04 1.000000000000000000e+00 -3.175640000000000129e-01 9.482369999999999965e-01 2.180000000000000134e-04 -9.482369999999999965e-01 -3.175629999999999842e-01 -1.002000000000000069e-03
1.700000000000000000e+01 6.300000000000000000e+01 5.400000000000000000e+01 0.000000000000000000e+00 1.600000000000000089e+00 -1.082699999999999982e-02 -8.168999999999999179e-03 9.999080000000000190e-01 -3.347749999999999893e-01 9.422890000000000432e-01 4.074000000000000364e-03 -9.422359999999999625e-01 -3.346999999999999975e-01 -1.293700000000000058e-02
2.500000000000000000e+01 6.300000000000000000e+01 5.400000000000000000e+01 0.000000000000000000e+00 1.600000000000000089e+00 -4.310000000000000137e-04 -4.065000000000000037e-03 9.999919999999999920e-01 -3.345150000000000068e-01 9.423829999999999707e-01 3.687000000000000173e-03 -9.423899999999999499e-01 -3.345099999999999740e-01 -1.765999999999999992e-03
1.000000000000000000e+01 2.500000000000000000e+01 5.500000000000000000e+01 0.000000000000000000e+00 1.600000000000000089e+00 2.120000000000000031e-04 -6.251999999999999745e-03 -9.999799999999999800e-01 -1.140599999999999947e-02 -9.999149999999999983e-01 6.249000000000000214e-03 -9.999350000000000183e-01 1.140399999999999921e-02 -2.840000000000000185e-04
1.400000000000000000e+01 2.500000000000000000e+01 5.500000000000000000e+01 0.000000000000000000e+00 1.600000000000000089e+00 5.339999999999999695e-04 -8.377000000000000765e-03 -9.999649999999999928e-01 -1.416199999999999924e-02 -9.998650000000000038e-01 8.368999999999999703e-03 -9.999000000000000110e-01 1.415699999999999945e-02 -6.520000000000000188e-04
2.300000000000000000e+01 2.500000000000000000e+01 5.500000000000000000e+01 0.000000000000000000e+00 1.600000000000000089e+00 1.373000000000000088e-03 5.087999999999999641e-03 -9.999860000000000415e-01 -1.251400000000000082e-02 -9.999090000000000478e-01 -5.105000000000000163e-03 -9.999209999999999487e-01 1.251999999999999988e-02 -1.309000000000000051e-03
2.900000000000000000e+01 5.200000000000000000e+01 5.700000000000000000e+01 0.000000000000000000e+00 1.600000000000000089e+00 1.241880000000000067e-01 4.685320000000000040e-01 8.746739999999999515e-01 2.977360000000000007e-01 -8.584749999999999881e-01 4.175820000000000087e-01 9.465360000000000440e-01 2.085629999999999984e-01 -2.461109999999999964e-01
3.000000000000000000e+00 6.600000000000000000e+01 5.700000000000000000e+01 0.000000000000000000e+00 1.600000000000000089e+00 3.275000000000000133e-03 2.826629999999999976e-01 9.592140000000000111e-01 -2.364459999999999895e-01 9.322380000000000111e-01 -2.739070000000000116e-01 -9.716390000000000304e-01 -2.259049999999999947e-01 6.988700000000000467e-02
5.000000000000000000e+00 2.100000000000000000e+01 6.000000000000000000e+01 0.000000000000000000e+00 1.600000000000000089e+00 1.549000000000000030e-03 1.059299999999999999e-02 9.999430000000000263e-01 -9.575500000000000678e-02 9.953509999999999858e-01 -1.039600000000000073e-02 -9.954039999999999555e-01 -9.573299999999999865e-02 2.556000000000000112e-03
9.000000000000000000e+00 2.100000000000000000e+01 6.000000000000000000e+01 0.000000000000000000e+00 1.600000000000000089e+00 2.769999999999999893e-03 -5.609999999999999752e-04 9.999959999999999960e-01 -9.439000000000000168e-02 9.955349999999999477e-01 8.199999999999999824e-04 -9.955310000000000548e-01 -9.439200000000000368e-02 2.704999999999999939e-03
1.600000000000000000e+01 2.100000000000000000e+01 6.000000000000000000e+01 0.000000000000000000e+00 1.600000000000000089e+00 5.779999999999999548e-04 1.505500000000000067e-02 9.998869999999999703e-01 -9.744600000000000484e-02 9.951290000000000413e-01 -1.492699999999999930e-02 -9.952410000000000423e-01 -9.742599999999999871e-02 2.041999999999999978e-03
2.000000000000000000e+01 2.100000000000000000e+01 6.000000000000000000e+01 0.000000000000000000e+00 1.600000000000000089e+00 -1.856000000000000011e-03 -2.703999999999999806e-03 9.999949999999999672e-01 -9.804699999999999527e-02 9.951790000000000358e-01 2.508999999999999946e-03 -9.951799999999999535e-01 -9.804100000000000315e-02 -2.112000000000000162e-03
2.900000000000000000e+01 2.100000000000000000e+01 6.000000000000000000e+01 0.000000000000000000e+00 1.600000000000000089e+00 6.970000000000000284e-04 -1.217200000000000053e-02 9.999259999999999815e-01 -9.606800000000000062e-02 9.952999999999999625e-01 1.218200000000000012e-02 -9.953750000000000098e-01 -9.606900000000000162e-02 -4.760000000000000234e-04
1.000000000000000000e+00 3.000000000000000000e+00 6.300000000000000000e+01 0.000000000000000000e+00 1.600000000000000089e+00 7.413000000000000318e-03 5.555000000000000042e-03 9.999569999999999848e-01 -6.214229999999999476e-01 7.834750000000000325e-01 2.539999999999999940e-04 -7.834400000000000253e-01 -6.213980000000000059e-01 9.259999999999999135e-03
7.000000000000000000e+00 3.000000000000000000e+00 6.300000000000000000e+01 0.000000000000000000e+00 1.600000000000000089e+00 8.329999999999999731e-04 2.480000000000000000e-03 9.999970000000000248e-01 -6.173330000000000206e-01 7.866999999999999549e-01 -1.436999999999999909e-03 -7.867009999999999836e-01 -6.173300000000000454e-01 2.186000000000000009e-03
1.500000000000000000e+01 3.000000000000000000e+00 6.300000000000000000e+01 0.000000000000000000e+00 1.600000000000000089e+00 5.649999999999999641e-04 1.095999999999999969e-03 9.999989999999999712e-01 -6.175640000000000018e-01 7.865210000000000257e-01 -5.130000000000000011e-04 -7.865210000000000257e-01 -6.175629999999999731e-01 1.121000000000000035e-03
3.000000000000000000e+01 3.000000000000000000e+00 6.300000000000000000e+01 0.000000000000000000e+00 1.600000000000000089e+00 -6.109999999999999980e-04 6.687000000000000235e-03 9.999770000000000048e-01 -6.151870000000000394e-01 7.883609999999999784e-01 -5.648000000000000242e-03 -7.883809999999999985e-01 -6.151759999999999451e-01 3.631999999999999812e-03
8.000000000000000000e+00 2.700000000000000000e+01 6.300000000000000000e+01 0.000000000000000000e+00 1.600000000000000089e+00 2.262999999999999821e-03 6.702999999999999757e-03 9.999749999999999472e-01 -2.728809999999999847e-01 9.620300000000000518e-01 -5.831000000000000245e-03 -9.620450000000000390e-01 -2.728610000000000202e-01 4.006000000000000012e-03
1.500000000000000000e+01 2.700000000000000000e+01 6.300000000000000000e+01 0.000000000000000000e+00 1.600000000000000089e+00 1.259999999999999998e-04 -1.698999999999999989e-03 9.999989999999999712e-01 -2.794209999999999749e-01 9.601669999999999927e-01 1.667000000000000079e-03 -9.601690000000000502e-01 -2.794209999999999749e-01 -3.539999999999999853e-04
2.200000000000000000e+01 2.700000000000000000e+01 6.300000000000000000e+01 0.000000000000000000e+00 1.600000000000000089e+00 -5.500000000000000331e-04 6.239999999999999887e-04 1.000000000000000000e+00 -2.788499999999999868e-01 9.603340000000000209e-01 -7.529999999999999801e-04 -9.603350000000000497e-01 -2.788499999999999868e-01 -3.539999999999999853e-04
2.700000000000000000e+01 2.700000000000000000e+01 6.300000000000000000e+01 0.000000000000000000e+00 1.600000000000000089e+00 1.069999999999999988e-03 -1.350000000000000071e-03 9.999989999999999712e-01 -2.790810000000000235e-01 9.602659999999999529e-01 1.595000000000000064e-03 -9.602669999999999817e-01 -2.790819999999999967e-01 6.499999999999999702e-04
2.900000000000000000e+01 2.700000000000000000e+01 6.300000000000000000e+01 0.000000000000000000e+00 1.600000000000000089e+00 6.070000000000000092e-04 -2.651999999999999844e-03 9.999959999999999960e-01 -2.786230000000000095e-01 9.603969999999999452e-01 2.716000000000000098e-03 -9.604000000000000314e-01 -2.786230000000000095e-01 -1.559999999999999972e-04
2.000000000000000000e+00 2.600000000000000000e+01 6.400000000000000000e+01 0.000000000000000000e+00 1.600000000000000089e+00 1.716000000000000077e-03 -2.599999999999999772e-04 9.999989999999999712e-01 -3.508609999999999784e-01 9.364270000000000094e-01 8.459999999999999638e-04 -9.364259999999999806e-01 -3.508620000000000072e-01 1.515999999999999986e-03
9.000000000000000000e+00 2.600000000000000000e+01 6.400000000000000000e+01 0.000000000000000000e+00 1.600000000000000089e+00 1.628000000000000107e-03 8.595999999999999475e-03 9.999620000000000175e-01 -3.590090000000000225e-01 9.333040000000000225e-01 -7.439000000000000300e-03 -9.333329999999999682e-01 -3.589829999999999965e-01 4.605999999999999851e-03
1.500000000000000000e+01 2.600000000000000000e+01 6.400000000000000000e+01 0.000000000000000000e+00 1.600000000000000089e+00 -7.299999999999999903e-05 -1.379000000000000017e-03 9.999989999999999712e-01 -3.647819999999999951e-01 9.310920000000000307e-01 1.258000000000000004e-03 -9.310929999999999485e-01 -3.647810000000000219e-01 -5.710000000000000015e-04
2.100000000000000000e+01 2.600000000000000000e+01 6.400000000000000000e+01 0.000000000000000000e+00 1.600000000000000089e+00 -8.769999999999999584e-04 -1.196000000000000014e-03 9.999989999999999712e-01 -3.639580000000000037e-01 9.314149999999999929e-01 7.950000000000000252e-04 -9.314149999999999929e-01 -3.639569999999999750e-01 -1.252000000000000075e-03
2.800000000000000000e+01 2.600000000000000000e+01 6.400000000000000000e+01 0.000000000000000000e+00 1.600000000000000089e+00 1.239000000000000084e-03 -2.291000000000000068e-03 9.999970000000000248e-01 -3.618739999999999735e-01 9.322230000000000238e-01 2.583999999999999925e-03 -9.322259999999999991e-01 -3.618759999999999755e-01 3.260000000000000094e-04
1.100000000000000000e+01 7.300000000000000000e+01 6.400000000000000000e+01 0.000000000000000000e+00 1.600000000000000089e+00 -9.697369999999999601e-01 1.568229999999999902e-01 -1.871259999999999868e-01 -1.486389999999999934e-01 -9.872429999999999817e-01 -5.708300000000000179e-02 -1.936910000000000021e-01 -2.754099999999999951e-02 9.806759999999999922e-01
2.300000000000000000e+01 6.900000000000000000e+01 6.600000000000000000e+01 0.000000000000000000e+00 1.600000000000000089e+00 -2.768000000000000061e-03 9.837999999999999523e-03 9.999479999999999480e-01 -9.565709999999999491e-01 2.914470000000000116e-01 -5.514999999999999937e-03 -2.914860000000000229e-01 -9.565360000000000529e-01 8.604000000000000536e-03
8.000000000000000000e+00 8.100000000000000000e+01 7.200000000000000000e+01 0.000000000000000000e+00 1.600000000000000089e+00 -6.801260000000000083e-01 -2.337789999999999868e-01 -6.948210000000000219e-01 -7.094730000000000203e-01 -2.876300000000000037e-02 7.041460000000000496e-01 -1.845990000000000131e-01 9.718639999999999501e-01 -1.462970000000000104e-01
1.900000000000000000e+01 2.500000000000000000e+01 7.300000000000000000e+01 0.000000000000000000e+00 1.600000000000000089e+00 -2.688999999999999984e-03 1.172999999999999998e-03 9.999959999999999960e-01 7.516040000000000498e-01 -6.596090000000000009e-01 2.795000000000000175e-03 6.596090000000000009e-01 7.516080000000000538e-01 8.919999999999999978e-04
2.600000000000000000e+01 2.500000000000000000e+01 7.300000000000000000e+01 0.000000000000000000e+00 1.600000000000000089e+00 -4.710000000000000102e-04 4.656000000000000416e-03 9.999890000000000168e-01 7.462999999999999634e-01 -6.656009999999999982e-01 3.451000000000000074e-03 6.656100000000000350e-01 7.462929999999999842e-01 -3.161000000000000181e-03
2.700000000000000000e+01 4.200000000000000000e+01 7.300000000000000000e+01 0.000000000000000000e+00 1.600000000000000089e+00 2.009420000000000095e-01 5.359599999999999781e-02 -9.781360000000000054e-01 -9.747050000000000436e-01 1.106700000000000045e-01 -1.941730000000000123e-01 9.784400000000000042e-02 9.924110000000000431e-01 7.447800000000000253e-02
