4.000000000000000000e+00 1.500000000000000000e+01 4.000000000000000000e+00 0.000000000000000000e+00 1.600000000000000089e+00 -9.034999999999999629e-03 4.196500000000000230e-02 9.990780000000000216e-01 4.295430000000000081e-01 -9.020799999999999930e-01 4.177499999999999963e-02 9.030010000000000536e-01 4.295240000000000169e-01 -9.875000000000000097e-03
1.900000000000000000e+01 1.900000000000000000e+01 5.000000000000000000e+00 0.000000000000000000e+00 1.600000000000000089e+00 5.139999999999999604e-03 4.525999999999999641e-03 -9.999770000000000048e-01 -6.941119999999999512e-01 -7.198339999999999739e-01 -6.825999999999999603e-03 -7.198480000000000434e-01 6.941310000000000535e-01 -5.590000000000000351e-04
6.000000000000000000e+00 1.010000000000000000e+02 7.000000000000000000e+00 0.000000000000000000e+00 1.600000000000000089e+00 -1.735999999999999913e-03 7.666000000000000071e-03 9.999689999999999968e-01 8.865439999999999987e-01 4.626399999999999957e-01 -2.007000000000000103e-03 -4.626410000000000244e-01 8.865129999999999955e-01 -7.598999999999999852e-03
2.600000000000000000e+01 1.010000000000000000e+02 7.000000000000000000e+00 0.000000000000000000e+00 1.600000000000000089e+00 1.077999999999999965e-03 1.379999999999999933e-04 9.999989999999999712e-01 8.858859999999999513e-01 4.639010000000000078e-01 -1.018999999999999941e-03 -4.639010000000000078e-01 8.858869999999999800e-01 3.770000000000000022e-04
2.900000000000000000e+01 1.010000000000000000e+02 7.000000000000000000e+00 0.000000000000000000e+00 1.600000000000000089e+00 6.239999999999999887e-04 -1.446999999999999936e-03 9.999989999999999712e-01 8.865030000000000410e-01 4.627229999999999954e-01 1.160000000000000007e-04 -4.627229999999999954e-01 8.865020000000000122e-01 1.572000000000000047e-03
3.000000000000000000e+00 2.500000000000000000e+01 8.000000000000000000e+00 0.000000000000000000e+00 1.600000000000000089e+00 3.041999999999999999e-03 1.405999999999999915e-03 -9.999940000000000495e-01 4.377960000000000185e-01 8.990709999999999535e-01 2.595000000000000084e-03 8.990690000000000071e-01 -4.378020000000000245e-01 2.118999999999999790e-03
6.000000000000000000e+00 2.500000000000000000e+01 8.000000000000000000e+00 0.000000000000000000e+00 1.600000000000000089e+00 1.649999999999999991e-03 1.583999999999999905e-03 -9.999970000000000248e-01 4.378349999999999742e-01 8.990529999999999911e-01 2.145999999999999904e-03 8.990540000000000198e-01 -4.378369999999999762e-01 7.900000000000000121e-04
1.200000000000000000e+01 2.500000000000000000e+01 8.000000000000000000e+00 0.000000000000000000e+00 1.600000000000000089e+00 1.768999999999999956e-03 3.431000000000000022e-03 -9.999930000000000208e-01 4.363330000000000264e-01 8.997770000000000490e-01 3.857999999999999884e-03 8.997840000000000282e-01 -4.363360000000000016e-01 9.500000000000000523e-05
1.600000000000000000e+01 2.500000000000000000e+01 8.000000000000000000e+00 0.000000000000000000e+00 1.600000000000000089e+00 2.213000000000000123e-03 1.373000000000000088e-03 -9.999970000000000248e-01 4.360350000000000059e-01 8.999270000000000325e-01 2.200000000000000133e-03 8.999270000000000325e-01 -4.360379999999999812e-01 1.392999999999999924e-03
2.200000000000000000e+01 2.500000000000000000e+01 8.000000000000000000e+00 0.000000000000000000e+00 1.600000000000000089e+00 -1.958000000000000105e-03 1.335999999999999948e-03 -9.999970000000000248e-01 4.321909999999999918e-01 9.017819999999999725e-01 3.589999999999999984e-04 9.017800000000000260e-01 -4.321889999999999898e-01 -2.343000000000000031e-03
2.600000000000000000e+01 2.500000000000000000e+01 8.000000000000000000e+00 0.000000000000000000e+00 1.600000000000000089e+00 -2.426000000000000205e-03 -1.925999999999999978e-03 -9.999949999999999672e-01 4.320229999999999904e-01 9.018580000000000485e-01 -2.785000000000000149e-03 9.018589999999999662e-01 -4.320280000000000231e-01 -1.356000000000000000e-03
3.000000000000000000e+00 2.400000000000000000e+01 9.000000000000000000e+00 0.000000000000000000e+00 1.600000000000000089e+00 2.890999999999999907e-03 -4.200000000000000174e-04 -9.999959999999999960e-01 4.439759999999999818e-01 8.960380000000000011e-01 9.070000000000000371e-04 8.960339999999999971e-01 -4.439770000000000105e-01 2.776999999999999955e-03
5.000000000000000000e+00 2.400000000000000000e+01 9.000000000000000000e+00 0.000000000000000000e+00 1.600000000000000089e+00 1.812999999999999941e-03 7.899999999999999579e-05 -9.999980000000000535e-01 4.436450000000000116e-01 8.962020000000000541e-01 8.750000000000000182e-04 8.962010000000000254e-01 -4.436459999999999848e-01 1.590000000000000050e-03
1.200000000000000000e+01 2.400000000000000000e+01 9.000000000000000000e+00 0.000000000000000000e+00 1.600000000000000089e+00 1.497000000000000067e-03 4.300000000000000003e-03 -9.999900000000000455e-01 4.419310000000000183e-01 8.970380000000000020e-01 4.518999999999999580e-03 8.970479999999999565e-01 -4.419330000000000203e-01 -5.569999999999999864e-04
1.700000000000000000e+01 2.400000000000000000e+01 9.000000000000000000e+00 0.000000000000000000e+00 1.600000000000000089e+00 1.539999999999999919e-03 2.606999999999999942e-03 -9.999949999999999672e-01 4.419259999999999855e-01 8.970460000000000100e-01 3.018999999999999982e-03 8.970500000000000140e-01 -4.419290000000000163e-01 2.300000000000000070e-04
2.100000000000000000e+01 2.400000000000000000e+01 9.000000000000000000e+00 0.000000000000000000e+00 1.600000000000000089e+00 -3.519999999999999908e-04 2.334000000000000137e-03 -9.999970000000000248e-01 4.377869999999999817e-01 8.990770000000000151e-01 1.943999999999999981e-03 8.990789999999999615e-01 -4.377849999999999797e-01 -1.337999999999999997e-03
2.900000000000000000e+01 2.400000000000000000e+01 9.000000000000000000e+00 0.000000000000000000e+00 1.600000000000000089e+00 -2.655999999999999941e-03 -1.975999999999999892e-03 -9.999949999999999672e-01 4.395120000000000138e-01 8.982320000000000304e-01 -2.942000000000000171e-03 8.982329999999999481e-01 -4.395180000000000198e-01 -1.516999999999999902e-03
1.700000000000000000e+01 8.000000000000000000e+00 1.000000000000000000e+01 0.000000000000000000e+00 1.600000000000000089e+00 9.020999999999999852e-02 5.180499999999999688e-02 -9.945739999999999581e-01 -9.850039999999999907e-01 -1.428290000000000115e-01 -9.678200000000000691e-02 -1.470670000000000033e-01 9.883910000000000196e-01 3.814399999999999735e-02
6.000000000000000000e+00 3.000000000000000000e+00 1.100000000000000000e+01 0.000000000000000000e+00 1.600000000000000089e+00 -6.082999999999999866e-03 1.066170000000000034e-01 9.942819999999999991e-01 1.345349999999999879e-01 -9.851729999999999654e-01 1.064630000000000021e-01 9.908900000000000485e-01 1.344130000000000047e-01 -8.349999999999999784e-03
1.500000000000000000e+01 4.000000000000000000e+00 1.100000000000000000e+01 0.000000000000000000e+00 1.600000000000000089e+00 -1.191000000000000001e-03 1.156770000000000020e-01 9.932860000000000023e-01 1.541210000000000080e-01 -9.813979999999999926e-01 1.144769999999999954e-01 9.880510000000000126e-01 1.532219999999999971e-01 -1.665900000000000020e-02
2.300000000000000000e+01 1.200000000000000000e+01 1.600000000000000000e+01 0.000000000000000000e+00 1.600000000000000089e+00 1.428000000000000016e-03 -1.659999999999999963e-04 9.999989999999999712e-01 2.640810000000000102e-01 -9.645000000000000240e-01 -5.370000000000000424e-04 9.645000000000000240e-01 2.640810000000000102e-01 -1.332999999999999984e-03
3.000000000000000000e+00 1.160000000000000000e+02 1.600000000000000000e+01 0.000000000000000000e+00 1.600000000000000089e+00 -5.330000000000000536e-04 -2.893999999999999871e-03 9.999959999999999960e-01 7.576279999999999681e-01 6.526830000000000132e-01 2.292999999999999899e-03 -6.526870000000000172e-01 7.576260000000000217e-01 1.845000000000000069e-03
6.000000000000000000e+00 1.160000000000000000e+02 1.600000000000000000e+01 0.000000000000000000e+00 1.600000000000000089e+00 -3.570000000000000040e-04 -2.334999999999999836e-03 9.999970000000000248e-01 7.598200000000000509e-01 6.501320000000000432e-01 1.789000000000000009e-03 -6.501339999999999897e-01 7.598179999999999934e-01 1.543000000000000101e-03
1.200000000000000000e+01 1.160000000000000000e+02 1.600000000000000000e+01 0.000000000000000000e+00 1.600000000000000089e+00 -1.374999999999999920e-03 -9.169999999999999549e-04 9.999989999999999712e-01 7.415079999999999449e-01 6.709420000000000384e-01 1.634000000000000036e-03 -6.709429999999999561e-01 7.415089999999999737e-01 -2.420000000000000005e-04
1.700000000000000000e+01 1.160000000000000000e+02 1.600000000000000000e+01 0.000000000000000000e+00 1.600000000000000089e+00 -2.507999999999999813e-03 -7.280000000000000230e-04 9.999970000000000248e-01 7.501560000000000450e-01 6.612569999999999837e-01 2.363000000000000083e-03 -6.612569999999999837e-01 7.501590000000000202e-01 -1.113000000000000057e-03
2.000000000000000000e+01 1.160000000000000000e+02 1.600000000000000000e+01 0.000000000000000000e+00 1.600000000000000089e+00 -3.954000000000000049e-03 -2.294000000000000032e-03 9.999900000000000455e-01 7.517160000000000508e-01 6.594719999999999471e-01 4.485000000000000271e-03 -6.594750000000000334e-01 7.517260000000000053e-01 -8.829999999999999958e-04
1.000000000000000000e+00 2.000000000000000000e+00 1.900000000000000000e+01 0.000000000000000000e+00 1.600000000000000089e+00 1.530000000000000056e-04 1.760700000000000112e-02 -9.998449999999999838e-01 3.635499999999999843e-01 -9.314310000000000089e-01 -1.634599999999999942e-02 -9.315750000000000419e-01 -3.634910000000000085e-01 -6.544000000000000337e-03
2.300000000000000000e+01 2.000000000000000000e+00 1.900000000000000000e+01 0.000000000000000000e+00 1.600000000000000089e+00 2.400000000000000061e-05 -1.953399999999999928e-02 -9.998089999999999478e-01 3.573830000000000062e-01 -9.337790000000000257e-01 1.825299999999999839e-02 -9.339579999999999549e-01 -3.573160000000000225e-01 6.958999999999999908e-03
5.000000000000000000e+00 3.000000000000000000e+00 1.900000000000000000e+01 0.000000000000000000e+00 1.600000000000000089e+00 3.511999999999999931e-03 3.599100000000000216e-02 -9.993459999999999566e-01 3.402339999999999809e-01 -9.397739999999999982e-01 -3.264999999999999847e-02 -9.403340000000000032e-01 -3.398970000000000047e-01 -1.554499999999999979e-02
9.000000000000000000e+00 3.000000000000000000e+00 1.900000000000000000e+01 0.000000000000000000e+00 1.600000000000000089e+00 5.569999999999999864e-04 5.048899999999999916e-02 -9.987239999999999451e-01 3.483939999999999815e-01 -9.361620000000000497e-01 -4.713200000000000028e-02 -9.373479999999999590e-01 -3.479229999999999823e-01 -1.811099999999999863e-02
1.300000000000000000e+01 3.000000000000000000e+00 1.900000000000000000e+01 0.000000000000000000e+00 1.600000000000000089e+00 -4.081000000000000426e-03 4.698499999999999899e-02 -9.988869999999999694e-01 3.541070000000000051e-01 -9.341030000000000166e-01 -4.538400000000000073e-02 -9.351960000000000273e-01 -3.538979999999999904e-01 -1.282600000000000059e-02
1.700000000000000000e+01 3.000000000000000000e+00 1.900000000000000000e+01 0.000000000000000000e+00 1.600000000000000089e+00 -5.165000000000000320e-03 2.725800000000000098e-02 -9.996150000000000313e-01 3.512910000000000199e-01 -9.358670000000000044e-01 -2.733500000000000166e-02 -9.362519999999999731e-01 -3.512970000000000259e-01 -4.741999999999999688e-03
2.400000000000000000e+01 3.000000000000000000e+00 1.900000000000000000e+01 0.000000000000000000e+00 1.600000000000000089e+00 -6.920000000000000153e-04 -2.132699999999999874e-02 -9.997719999999999940e-01 3.391859999999999875e-01 -9.405099999999999572e-01 1.982799999999999840e-02 -9.407189999999999719e-01 -3.390949999999999798e-01 7.884999999999999648e-03
1.400000000000000000e+01 1.300000000000000000e+01 2.000000000000000000e+01 0.000000000000000000e+00 1.600000000000000089e+00 1.119999999999999983e-04 -3.487000000000000082e-03 9.999940000000000495e-01 2.606740000000000168e-01 9.654209999999999736e-01 3.337000000000000122e-03 -9.654270000000000351e-01 2.606720000000000148e-01 1.016999999999999892e-03
2.100000000000000000e+01 1.300000000000000000e+01 2.000000000000000000e+01 0.000000000000000000e+00 1.600000000000000089e+00 5.240000000000000517e-04 1.582000000000000073e-03 9.999989999999999712e-01 2.633460000000000245e-01 9.647000000000000020e-01 -1.663999999999999898e-03 -9.647010000000000307e-01 2.633460000000000245e-01 8.899999999999999491e-05
2.500000000000000000e+01 1.300000000000000000e+01 2.000000000000000000e+01 0.000000000000000000e+00 1.600000000000000089e+00 7.100000000000000191e-04 5.164000000000000187e-03 9.999860000000000415e-01 2.634859999999999980e-01 9.646489999999999787e-01 -5.167999999999999851e-03 -9.646630000000000482e-01 2.634859999999999980e-01 -6.759999999999999516e-04
2.900000000000000000e+01 1.300000000000000000e+01 2.000000000000000000e+01 0.000000000000000000e+00 1.600000000000000089e+00 1.160000000000000007e-04 4.804000000000000110e-03 9.999879999999999880e-01 2.619500000000000162e-01 9.650699999999999834e-01 -4.666000000000000009e-03 -9.650809999999999667e-01 2.619480000000000142e-01 -1.146000000000000100e-03
2.100000000000000000e+01 1.600000000000000000e+01 2.100000000000000000e+01 0.000000000000000000e+00 1.600000000000000089e+00 5.320000000000000293e-04 2.079000000000000119e-03 9.999980000000000535e-01 3.002130000000000076e-01 9.538699999999999957e-01 -2.142999999999999940e-03 -9.538720000000000532e-01 3.002130000000000076e-01 -1.160000000000000007e-04
2.800000000000000000e+01 1.600000000000000000e+01 2.100000000000000000e+01 0.000000000000000000e+00 1.600000000000000089e+00 1.299999999999999886e-04 4.205999999999999669e-03 9.999909999999999632e-01 2.988569999999999838e-01 9.542890000000000539e-01 -4.052000000000000046e-03 -9.542979999999999796e-01 2.988549999999999818e-01 -1.131999999999999977e-03
2.700000000000000000e+01 2.000000000000000000e+00 2.500000000000000000e+01 0.000000000000000000e+00 1.600000000000000089e+00 9.813000000000000542e-03 -3.451699999999999907e-02 9.993560000000000221e-01 8.649800000000000544e-02 -9.956289999999999862e-01 -3.523699999999999749e-02 9.962039999999999784e-01 8.678800000000000403e-02 -6.784000000000000100e-03
3.000000000000000000e+00 3.000000000000000000e+00 2.500000000000000000e+01 0.000000000000000000e+00 1.600000000000000089e+00 1.737000000000000046e-03 3.916000000000000210e-03 9.999909999999999632e-01 -1.760099999999999859e-02 -9.998369999999999758e-01 3.945999999999999855e-03 9.998439999999999550e-01 -1.760799999999999865e-02 -1.667999999999999995e-03
1.800000000000000000e+01 3.000000000000000000e+00 2.500000000000000000e+01 0.000000000000000000e+00 1.600000000000000089e+00 -4.640000000000000027e-04 8.942000000000000295e-03 9.999599999999999600e-01 3.563899999999999707e-02 -9.993250000000000188e-01 8.952999999999999153e-03 9.993649999999999478e-01 3.564200000000000007e-02 1.450000000000000009e-04
2.600000000000000000e+01 3.000000000000000000e+00 2.500000000000000000e+01 0.000000000000000000e+00 1.600000000000000089e+00 5.766000000000000292e-03 -3.093399999999999969e-02 9.995049999999999768e-01 4.701999999999999583e-03 -9.995100000000000096e-01 -3.096099999999999894e-02 9.999719999999999720e-01 4.878999999999999657e-03 -5.617999999999999730e-03
3.000000000000000000e+00 4.600000000000000000e+01 3.500000000000000000e+01 0.000000000000000000e+00 1.600000000000000089e+00 -1.320999999999999909e-03 -2.329999999999999986e-04 -9.999989999999999712e-01 3.898199999999999998e-01 -9.208910000000000151e-01 -2.999999999999999737e-04 -9.208899999999999864e-01 -3.898199999999999998e-01 1.307000000000000002e-03
7.000000000000000000e+00 4.600000000000000000e+01 3.500000000000000000e+01 0.000000000000000000e+00 1.600000000000000089e+00 -8.710000000000000294e-04 -3.655999999999999962e-03 -9.999930000000000208e-01 3.933320000000000149e-01 -9.193919999999999870e-01 3.018999999999999982e-03 -9.193959999999999910e-01 -3.933260000000000089e-01 2.239000000000000105e-03
1.200000000000000000e+01 4.600000000000000000e+01 3.500000000000000000e+01 0.000000000000000000e+00 1.600000000000000089e+00 -9.000000000000000228e-06 1.154000000000000078e-03 -9.999989999999999712e-01 3.936899999999999844e-01 -9.192430000000000323e-01 -1.064000000000000059e-03 -9.192430000000000323e-01 -3.936890000000000112e-01 -4.459999999999999989e-04
2.100000000000000000e+01 4.600000000000000000e+01 3.500000000000000000e+01 0.000000000000000000e+00 1.600000000000000089e+00 -8.630000000000000518e-04 -2.778000000000000087e-03 -9.999959999999999960e-01 3.922399999999999776e-01 -9.198600000000000110e-01 2.216999999999999787e-03 -9.198629999999999862e-01 -3.922359999999999736e-01 1.882999999999999908e-03
2.900000000000000000e+01 4.600000000000000000e+01 3.500000000000000000e+01 0.000000000000000000e+00 1.600000000000000089e+00 -5.959999999999999586e-04 -1.626000000000000058e-03 -9.999980000000000535e-01 3.912599999999999967e-01 -9.202789999999999582e-01 1.263000000000000017e-03 -9.202799999999999869e-01 -3.912579999999999947e-01 1.183999999999999940e-03
1.400000000000000000e+01 9.500000000000000000e+01 3.600000000000000000e+01 0.000000000000000000e+00 1.600000000000000089e+00 -6.322999999999999628e-03 -1.044800000000000069e-02 9.999249999999999527e-01 9.957570000000000032e-01 9.173499999999999710e-02 7.256000000000000297e-03 -9.180399999999999672e-02 9.957289999999999752e-01 9.823000000000000134e-03
2.400000000000000000e+01 9.500000000000000000e+01 3.700000000000000000e+01 0.000000000000000000e+00 1.600000000000000089e+00 -1.655999999999999920e-03 -1.166900000000000055e-02 9.999310000000000143e-01 9.948329999999999673e-01 1.014879999999999949e-01 2.831999999999999882e-03 -1.015139999999999931e-01 9.947679999999999856e-01 1.144000000000000052e-02
1.800000000000000000e+01 6.000000000000000000e+01 3.900000000000000000e+01 0.000000000000000000e+00 1.600000000000000089e+00 -1.340999999999999961e-03 -1.140399999999999921e-02 -9.999339999999999895e-01 2.963149999999999951e-01 -9.550330000000000208e-01 1.049399999999999986e-02 -9.550889999999999658e-01 -2.962810000000000166e-01 4.658999999999999947e-03
1.200000000000000000e+01 2.900000000000000000e+01 4.400000000000000000e+01 0.000000000000000000e+00 1.600000000000000089e+00 -1.730999999999999900e-03 -1.874000000000000015e-03 -9.999970000000000248e-01 6.577979999999999938e-01 7.531900000000000261e-01 -2.550000000000000183e-03 7.531919999999999726e-01 -6.578000000000000513e-01 -7.100000000000000462e-05
2.000000000000000000e+01 2.900000000000000000e+01 4.400000000000000000e+01 0.000000000000000000e+00 1.600000000000000089e+00 -1.590999999999999966e-03 -3.154000000000000119e-03 -9.999940000000000495e-01 6.610430000000000472e-01 7.503400000000000070e-01 -3.419000000000000164e-03 7.503459999999999575e-01 -6.610449999999999937e-01 8.909999999999999734e-04
2.900000000000000000e+01 2.900000000000000000e+01 4.400000000000000000e+01 0.000000000000000000e+00 1.600000000000000089e+00 -2.910000000000000260e-04 8.100000000000000375e-05 -1.000000000000000000e+00 6.590030000000000054e-01 7.521400000000000308e-01 -1.310000000000000129e-04 7.521400000000000308e-01 -6.590030000000000054e-01 -2.730000000000000222e-04
1.500000000000000000e+01 4.000000000000000000e+00 5.000000000000000000e+01 0.000000000000000000e+00 1.600000000000000089e+00 1.178999999999999927e-03 -3.275999999999999832e-03 -9.999940000000000495e-01 5.323999999999999844e-01 -8.464859999999999607e-01 3.400999999999999943e-03 -8.464920000000000222e-01 -5.324010000000000131e-01 7.460000000000000268e-04
1.900000000000000000e+01 1.150000000000000000e+02 5.100000000000000000e+01 0.000000000000000000e+00 1.600000000000000089e+00 -2.425000000000000072e-03 -4.471000000000000148e-03 9.999869999999999592e-01 8.471279999999999921e-01 -5.313890000000000002e-01 -3.220000000000000206e-04 5.313839999999999675e-01 8.471159999999999801e-01 5.075999999999999783e-03
2.300000000000000000e+01 1.150000000000000000e+02 5.100000000000000000e+01 0.000000000000000000e+00 1.600000000000000089e+00 4.699999999999999724e-05 4.319999999999999838e-04 1.000000000000000000e+00 8.466890000000000249e-01 -5.320869999999999767e-01 1.900000000000000105e-04 5.320869999999999767e-01 8.466890000000000249e-01 -3.910000000000000172e-04
2.000000000000000000e+00 6.300000000000000000e+01 5.400000000000000000e+01 0.000000000000000000e+00 1.600000000000000089e+00 4.369999999999999970e-04 -8.710000000000000294e-04 9.999989999999999712e-01 -3.561429999999999874e-01 9.344310000000000116e-01 9.690000000000000262e-04 -9.344310000000000116e-01 -3.561440000000000161e-01 9.799999999999999684e-05
7.000000000000000000e+00 6.300000000000000000e+01 5.400000000000000000e+01 0.000000000000000000e+00 1.600000000000000089e+00 9.000000000000000567e-05 -3.253999999999999948e-03 9.999949999999999672e-01 -3.509950000000000014e-01 9.363719999999999821e-01 3.079000000000000140e-03 -9.363770000000000149e-01 -3.509929999999999994e-01 -1.057999999999999913e-03
1.200000000000000000e+01 6.300000000000000000e+01 5.400000000000000000e+01 0.000000000000000000e+00 1.600000000000000089e+00 -1.417000000000000074e-03 -4.225999999999999722e-03 9.999900000000000455e-01 -3.513049999999999784e-01 9.362549999999999484e-01 3.458999999999999835e-03 -9.362599999999999811e-01 -3.512959999999999972e-01 -2.811000000000000131e-03
2.500000000000000000e+01 6.300000000000000000e+01 5.400000000000000000e+01 0.000000000000000000e+00 1.600000000000000089e+00 1.471000000000000085e-03 -2.040999999999999846e-03 9.999970000000000248e-01 -3.473029999999999728e-01 9.377499999999999725e-01 2.425000000000000072e-03 -9.377520000000000300e-01 -3.473049999999999748e-01 6.710000000000000469e-04
2.900000000000000000e+01 6.300000000000000000e+01 5.400000000000000000e+01 0.000000000000000000e+00 1.600000000000000089e+00 4.100000000000000047e-05 1.240000000000000000e-03 9.999989999999999712e-01 -3.435119999999999840e-01 9.391469999999999541e-01 -1.150999999999999896e-03 -9.391479999999999828e-01 -3.435119999999999840e-01 4.650000000000000270e-04
4.000000000000000000e+00 2.500000000000000000e+01 5.500000000000000000e+01 0.000000000000000000e+00 1.600000000000000089e+00 7.600000000000000418e-05 1.118000000000000070e-03 -9.999989999999999712e-01 -1.393800000000000074e-02 -9.999019999999999575e-01 -1.118999999999999986e-03 -9.999029999999999863e-01 1.393800000000000074e-02 -6.099999999999999872e-05
8.000000000000000000e+00 2.600000000000000000e+01 5.500000000000000000e+01 0.000000000000000000e+00 1.600000000000000089e+00 1.319999999999999993e-03 5.096999999999999968e-03 -9.999860000000000415e-01 -3.304399999999999699e-02 -9.994410000000000238e-01 -5.137000000000000073e-03 -9.994530000000000358e-01 3.305099999999999705e-02 -1.150999999999999896e-03
2.000000000000000000e+00 2.100000000000000000e+01 6.000000000000000000e+01 0.000000000000000000e+00 1.600000000000000089e+00 1.889000000000000054e-03 -7.839999999999999747e-03 9.999670000000000503e-01 -9.684700000000000253e-02 9.952670000000000128e-01 7.986999999999999308e-03 -9.952969999999999873e-01 -9.685900000000000065e-02 1.121000000000000035e-03
6.000000000000000000e+00 2.100000000000000000e+01 6.000000000000000000e+01 0.000000000000000000e+00 1.600000000000000089e+00 1.706999999999999967e-03 -1.075999999999999917e-03 9.999980000000000535e-01 -9.708500000000000463e-02 9.952750000000000208e-01 1.235999999999999903e-03 -9.952750000000000208e-01 -9.708700000000000663e-02 1.595000000000000064e-03
1.000000000000000000e+01 2.100000000000000000e+01 6.000000000000000000e+01 0.000000000000000000e+00 1.600000000000000089e+00 -1.601999999999999908e-03 6.786000000000000365e-03 9.999759999999999760e-01 -9.576999999999999402e-02 9.953800000000000425e-01 -6.908000000000000078e-03 -9.954020000000000090e-01 -9.577900000000000302e-02 -9.439999999999999607e-04
1.500000000000000000e+01 2.100000000000000000e+01 6.000000000000000000e+01 0.000000000000000000e+00 1.600000000000000089e+00 -7.540000000000000044e-04 1.760999999999999979e-03 9.999980000000000535e-01 -9.568899999999999628e-02 9.954100000000000170e-01 -1.825000000000000016e-03 -9.954110000000000458e-01 -9.568999999999999728e-02 -5.820000000000000520e-04
2.200000000000000000e+01 2.100000000000000000e+01 6.000000000000000000e+01 0.000000000000000000e+00 1.600000000000000089e+00 8.580000000000000387e-04 -1.652999999999999955e-03 9.999980000000000535e-01 -9.297999999999999321e-02 9.956660000000000510e-01 1.724999999999999971e-03 -9.956679999999999975e-01 -9.298199999999999521e-02 7.010000000000000172e-04
2.900000000000000000e+01 2.100000000000000000e+01 6.000000000000000000e+01 0.000000000000000000e+00 1.600000000000000089e+00 -2.211999999999999991e-03 6.346000000000000078e-03 9.999770000000000048e-01 -9.636400000000000521e-02 9.953250000000000153e-01 -6.530000000000000214e-03 -9.953440000000000065e-01 -9.637600000000000333e-02 -1.590000000000000050e-03
9.000000000000000000e+00 3.000000000000000000e+00 6.300000000000000000e+01 0.000000000000000000e+00 1.600000000000000089e+00 -1.121999999999999950e-03 -3.818999999999999912e-03 9.999919999999999920e-01 -6.132250000000000201e-01 7.899049999999999683e-01 2.328999999999999907e-03 -7.899080000000000545e-01 -6.132170000000000121e-01 -3.227999999999999967e-03
6.000000000000000000e+00 2.700000000000000000e+01 6.300000000000000000e+01 0.000000000000000000e+00 1.600000000000000089e+00 1.783999999999999996e-03 -6.130000000000000466e-04 9.999980000000000535e-01 -2.746919999999999917e-01 9.615320000000000533e-01 1.079000000000000098e-03 -9.615310000000000246e-01 -2.746930000000000205e-01 1.546999999999999981e-03
1.100000000000000000e+01 2.700000000000000000e+01 6.300000000000000000e+01 0.000000000000000000e+00 1.600000000000000089e+00 -1.544000000000000017e-03 1.642000000000000013e-03 9.999970000000000248e-01 -2.777229999999999976e-01 9.606590000000000407e-01 -2.005999999999999971e-03 -9.606599999999999584e-01 -2.777249999999999996e-01 -1.026999999999999918e-03
1.400000000000000000e+01 2.700000000000000000e+01 6.300000000000000000e+01 0.000000000000000000e+00 1.600000000000000089e+00 -2.869999999999999830e-04 4.325999999999999984e-03 9.999909999999999632e-01 -2.780309999999999726e-01 9.605629999999999447e-01 -4.235000000000000049e-03 -9.605719999999999814e-01 -2.780299999999999994e-01 9.269999999999999811e-04
1.700000000000000000e+01 2.700000000000000000e+01 6.300000000000000000e+01 0.000000000000000000e+00 1.600000000000000089e+00 2.625999999999999862e-03 6.368000000000000396e-03 9.999759999999999760e-01 -2.765420000000000100e-01 9.609870000000000356e-01 -5.393000000000000224e-03 -9.609980000000000189e-01 -2.765219999999999900e-01 4.284999999999999747e-03
2.200000000000000000e+01 2.700000000000000000e+01 6.300000000000000000e+01 0.000000000000000000e+00 1.600000000000000089e+00 -9.110000000000000259e-04 8.323000000000000537e-03 9.999649999999999928e-01 -2.705469999999999819e-01 9.626710000000000544e-01 -8.259000000000000716e-03 -9.627059999999999507e-01 -2.705449999999999799e-01 1.374999999999999920e-03
2.900000000000000000e+01 2.700000000000000000e+01 6.300000000000000000e+01 0.000000000000000000e+00 1.600000000000000089e+00 -1.275000000000000092e-03 -8.618999999999999925e-03 9.999620000000000175e-01 -2.746359999999999912e-01 9.615150000000000086e-01 7.938000000000000611e-03 -9.615470000000000406e-01 -2.746160000000000267e-01 -3.592999999999999840e-03
6.000000000000000000e+00 2.600000000000000000e+01 6.400000000000000000e+01 0.000000000000000000e+00 1.600000000000000089e+00 2.376000000000000074e-03 1.720000000000000066e-04 9.999970000000000248e-01 -3.668609999999999927e-01 9.302749999999999631e-01 7.110000000000000434e-04 -9.302730000000000166e-01 -3.668620000000000214e-01 2.272999999999999847e-03
1.100000000000000000e+01 2.600000000000000000e+01 6.400000000000000000e+01 0.000000000000000000e+00 1.600000000000000089e+00 -1.978000000000000157e-03 2.317000000000000049e-03 9.999949999999999672e-01 -3.711459999999999759e-01 9.285700000000000065e-01 -2.886000000000000110e-03 -9.285719999999999530e-01 -3.711499999999999799e-01 -9.770000000000000039e-04
1.500000000000000000e+01 2.600000000000000000e+01 6.400000000000000000e+01 0.000000000000000000e+00 1.600000000000000089e+00 2.200000000000000078e-04 3.983000000000000429e-03 9.999919999999999920e-01 -3.717520000000000269e-01 9.283249999999999558e-01 -3.615999999999999857e-03 -9.283320000000000460e-01 -3.717489999999999961e-01 1.685000000000000083e-03
1.700000000000000000e+01 2.600000000000000000e+01 6.400000000000000000e+01 0.000000000000000000e+00 1.600000000000000089e+00 2.161000000000000160e-03 4.366000000000000089e-03 9.999879999999999880e-01 -3.702949999999999853e-01 9.289079999999999560e-01 -3.255000000000000081e-03 -9.289119999999999600e-01 -3.702840000000000020e-01 3.624000000000000051e-03
2.300000000000000000e+01 2.600000000000000000e+01 6.400000000000000000e+01 0.000000000000000000e+00 1.600000000000000089e+00 -3.298000000000000150e-03 6.092000000000000193e-03 9.999759999999999760e-01 -3.650180000000000091e-01 9.309749999999999970e-01 -6.876000000000000167e-03 -9.309950000000000170e-01 -3.650320000000000231e-01 -8.459999999999999638e-04
1.700000000000000000e+01 6.900000000000000000e+01 6.600000000000000000e+01 0.000000000000000000e+00 1.600000000000000089e+00 1.550000000000000000e-04 -4.198000000000000342e-03 9.999909999999999632e-01 -9.493099999999999872e-01 3.143380000000000063e-01 1.466999999999999988e-03 -3.143420000000000103e-01 -9.493019999999999792e-01 -3.937000000000000395e-03
3.000000000000000000e+00 2.500000000000000000e+01 7.300000000000000000e+01 0.000000000000000000e+00 1.600000000000000089e+00 2.390000000000000089e-04 3.618000000000000122e-03 9.999930000000000208e-01 7.592529999999999557e-01 -6.507920000000000371e-01 2.173000000000000018e-03 6.507950000000000124e-01 7.592480000000000340e-01 -2.902000000000000066e-03
1.100000000000000000e+01 2.500000000000000000e+01 7.300000000000000000e+01 0.000000000000000000e+00 1.600000000000000089e+00 -4.550000000000000008e-04 1.464999999999999939e-03 9.999989999999999712e-01 7.541710000000000358e-01 -6.566769999999999552e-01 1.304999999999999953e-03 6.566779999999999839e-01 7.541700000000000070e-01 -8.059999999999999673e-04
1.500000000000000000e+01 2.500000000000000000e+01 7.300000000000000000e+01 0.000000000000000000e+00 1.600000000000000089e+00 -9.340000000000000429e-04 -4.539999999999999765e-04 9.999989999999999712e-01 7.565300000000000358e-01 -6.539589999999999570e-01 4.099999999999999912e-04 6.539589999999999570e-01 7.565300000000000358e-01 9.539999999999999869e-04
1.800000000000000000e+01 2.500000000000000000e+01 7.300000000000000000e+01 0.000000000000000000e+00 1.600000000000000089e+00 -1.572999999999999962e-03 -3.896000000000000157e-03 9.999909999999999632e-01 7.555020000000000069e-01 -6.551449999999999774e-01 -1.363999999999999978e-03 6.551439999999999486e-01 7.554929999999999701e-01 3.974000000000000102e-03
2.300000000000000000e+01 2.500000000000000000e+01 7.300000000000000000e+01 0.000000000000000000e+00 1.600000000000000089e+00 3.860000000000000041e-04 -5.550000000000000462e-04 1.000000000000000000e+00 7.538650000000000073e-01 -6.570289999999999742e-01 -6.549999999999999833e-04 6.570289999999999742e-01 7.538650000000000073e-01 1.649999999999999991e-04
7.000000000000000000e+00 4.400000000000000000e+01 7.300000000000000000e+01 0.000000000000000000e+00 1.600000000000000089e+00 -6.459999999999999814e-04 -1.590000000000000050e-03 9.999989999999999712e-01 5.474799999999999806e-02 -9.984990000000000254e-01 -1.551999999999999994e-03 9.985000000000000542e-01 5.474699999999999706e-02 7.320000000000000118e-04
1.100000000000000000e+01 4.400000000000000000e+01 7.300000000000000000e+01 0.000000000000000000e+00 1.600000000000000089e+00 -2.460000000000000164e-04 -8.760000000000000425e-04 1.000000000000000000e+00 5.497300000000000103e-02 -9.984870000000000134e-01 -8.610000000000000032e-04 9.984880000000000422e-01 5.497300000000000103e-02 2.939999999999999905e-04
1.700000000000000000e+01 4.400000000000000000e+01 7.300000000000000000e+01 0.000000000000000000e+00 1.600000000000000089e+00 -6.700000000000000226e-05 -5.000000000000000104e-04 1.000000000000000000e+00 5.351399999999999907e-02 -9.985669999999999824e-01 -4.960000000000000216e-04 9.985669999999999824e-01 5.351399999999999907e-02 9.299999999999999727e-05
2.000000000000000000e+01 4.400000000000000000e+01 7.300000000000000000e+01 0.000000000000000000e+00 1.600000000000000089e+00 5.749999999999999903e-04 -1.598999999999999944e-03 9.999989999999999712e-01 5.311799999999999855e-02 -9.985870000000000024e-01 -1.626999999999999974e-03 9.985880000000000312e-01 5.311899999999999955e-02 -4.889999999999999599e-04
2.500000000000000000e+01 4.400000000000000000e+01 7.300000000000000000e+01 0.000000000000000000e+00 1.600000000000000089e+00 4.500000000000000283e-05 1.418999999999999906e-03 9.999989999999999712e-01 5.526699999999999668e-02 -9.984709999999999974e-01 1.415000000000000025e-03 9.984720000000000262e-01 5.526699999999999668e-02 -1.240000000000000054e-04
2.700000000000000000e+01 2.500000000000000000e+01 7.400000000000000000e+01 0.000000000000000000e+00 1.600000000000000089e+00 8.440000000000000236e-04 3.256999999999999913e-03 9.999940000000000495e-01 8.305529999999999857e-01 -5.569380000000000441e-01 1.113000000000000057e-03 5.569389999999999619e-01 8.305479999999999530e-01 -3.174999999999999871e-03
3.000000000000000000e+00 9.100000000000000000e+01 7.600000000000000000e+01 0.000000000000000000e+00 1.600000000000000089e+00 1.503999999999999912e-03 -5.270000000000000162e-04 9.999989999999999712e-01 3.189190000000000080e-01 -9.477809999999999846e-01 -9.790000000000000525e-04 9.477809999999999846e-01 3.189199999999999813e-01 -1.257000000000000088e-03
9.000000000000000000e+00 9.100000000000000000e+01 7.600000000000000000e+01 0.000000000000000000e+00 1.600000000000000089e+00 -2.141000000000000108e-03 -1.456000000000000046e-03 9.999970000000000248e-01 3.009669999999999845e-01 -9.536339999999999817e-01 -7.439999999999999782e-04 9.536320000000000352e-01 3.009640000000000093e-01 2.480000000000000000e-03
1.300000000000000000e+01 9.100000000000000000e+01 7.600000000000000000e+01 0.000000000000000000e+00 1.600000000000000089e+00 -4.099999999999999912e-04 2.930000000000000204e-04 1.000000000000000000e+00 2.920800000000000063e-01 -9.563939999999999664e-01 4.000000000000000192e-04 9.563939999999999664e-01 2.920800000000000063e-01 3.069999999999999812e-04
1.700000000000000000e+01 9.100000000000000000e+01 7.600000000000000000e+01 0.000000000000000000e+00 1.600000000000000089e+00 -8.750000000000000182e-04 2.700000000000000035e-04 1.000000000000000000e+00 2.983600000000000141e-01 -9.544529999999999959e-01 5.190000000000000386e-04 9.544529999999999959e-01 2.983600000000000141e-01 7.550000000000000287e-04
2.500000000000000000e+01 9.100000000000000000e+01 7.600000000000000000e+01 0.000000000000000000e+00 1.600000000000000089e+00 -4.719999999999999803e-04 -1.087000000000000076e-03 9.999989999999999712e-01 3.029390000000000138e-01 -9.530100000000000238e-01 -8.930000000000000221e-04 9.530100000000000238e-01 3.029379999999999851e-01 7.799999999999999859e-04
1.100000000000000000e+01 6.300000000000000000e+01 8.100000000000000000e+01 0.000000000000000000e+00 1.600000000000000089e+00 -1.599999999999999928e-05 7.040000000000000251e-03 9.999749999999999472e-01 3.079199999999999993e-02 -9.995009999999999728e-01 7.036999999999999852e-03 9.995260000000000256e-01 3.079099999999999893e-02 -2.000000000000000096e-04
2.700000000000000000e+01 6.300000000000000000e+01 8.100000000000000000e+01 0.000000000000000000e+00 1.600000000000000089e+00 -5.080999999999999579e-03 -1.049600000000000012e-02 9.999320000000000430e-01 3.386399999999999827e-02 -9.993729999999999558e-01 -1.031800000000000078e-02 9.994140000000000246e-01 3.380899999999999878e-02 5.433000000000000329e-03
5.000000000000000000e+00 4.400000000000000000e+01 8.300000000000000000e+01 0.000000000000000000e+00 1.600000000000000089e+00 -8.679999999999999565e-04 6.171000000000000270e-03 9.999810000000000088e-01 5.812819999999999654e-01 -8.136839999999999629e-01 5.525999999999999662e-03 8.137020000000000364e-01 5.812749999999999861e-01 -2.880999999999999880e-03
1.100000000000000000e+01 4.400000000000000000e+01 8.300000000000000000e+01 0.000000000000000000e+00 1.600000000000000089e+00 3.049999999999999868e-04 3.667000000000000121e-03 9.999930000000000208e-01 5.772209999999999841e-01 -8.165829999999999478e-01 2.818000000000000192e-03 8.165879999999999805e-01 5.772159999999999513e-01 -2.366000000000000048e-03
1.500000000000000000e+01 4.400000000000000000e+01 8.300000000000000000e+01 0.000000000000000000e+00 1.600000000000000089e+00 -4.879999999999999898e-04 -1.965000000000000167e-03 9.999980000000000535e-01 5.735179999999999723e-01 -8.191920000000000313e-01 -1.330000000000000019e-03 8.191929999999999490e-01 5.735160000000000258e-01 1.526999999999999929e-03
1.800000000000000000e+01 4.400000000000000000e+01 8.300000000000000000e+01 0.000000000000000000e+00 1.600000000000000089e+00 -1.028999999999999967e-03 -2.413000000000000214e-03 9.999970000000000248e-01 5.719899999999999984e-01 -8.202589999999999604e-01 -1.389999999999999960e-03 8.202599999999999891e-01 5.719870000000000232e-01 2.223999999999999849e-03
2.300000000000000000e+01 4.400000000000000000e+01 8.300000000000000000e+01 0.000000000000000000e+00 1.600000000000000089e+00 1.250999999999999942e-03 -3.341999999999999919e-03 9.999940000000000495e-01 5.776989999999999625e-01 -8.162430000000000518e-01 -3.449999999999999942e-03 8.162490000000000023e-01 5.776999999999999913e-01 9.089999999999999773e-04
2.400000000000000000e+01 1.010000000000000000e+02 8.300000000000000000e+01 0.000000000000000000e+00 1.600000000000000089e+00 -2.867999999999999890e-03 -1.010400000000000013e-02 9.999449999999999728e-01 9.932450000000000445e-01 1.159649999999999986e-01 4.020000000000000136e-03 -1.159990000000000049e-01 9.932020000000000293e-01 9.704000000000000820e-03
1.000000000000000000e+00 4.800000000000000000e+01 8.400000000000000000e+01 0.000000000000000000e+00 1.600000000000000089e+00 3.467000000000000030e-03 3.459999999999999968e-03 -9.999879999999999880e-01 -9.474339999999999984e-01 -3.199199999999999822e-01 -4.390999999999999938e-03 -3.199310000000000209e-01 9.474380000000000024e-01 2.168999999999999921e-03
7.000000000000000000e+00 4.800000000000000000e+01 8.400000000000000000e+01 0.000000000000000000e+00 1.600000000000000089e+00 5.287000000000000033e-03 5.165999999999999585e-03 -9.999730000000000008e-01 -9.478109999999999591e-01 -3.187650000000000206e-01 -6.657999999999999856e-03 -3.187900000000000178e-01 9.478199999999999958e-01 3.210999999999999879e-03
1.200000000000000000e+01 4.800000000000000000e+01 8.400000000000000000e+01 0.000000000000000000e+00 1.600000000000000089e+00 2.397999999999999958e-03 2.001000000000000174e-03 -9.999949999999999672e-01 -9.487900000000000222e-01 -3.158940000000000081e-01 -2.906999999999999862e-03 -3.158989999999999854e-01 9.487919999999999687e-01 1.141000000000000087e-03
1.600000000000000000e+01 4.800000000000000000e+01 8.400000000000000000e+01 0.000000000000000000e+00 1.600000000000000089e+00 -1.036000000000000029e-03 -1.734000000000000081e-03 -9.999980000000000535e-01 -9.476329999999999476e-01 -3.193570000000000020e-01 1.536000000000000039e-03 -3.193590000000000040e-01 9.476329999999999476e-01 -1.312999999999999931e-03
2.000000000000000000e+01 4.800000000000000000e+01 8.400000000000000000e+01 0.000000000000000000e+00 1.600000000000000089e+00 -2.317000000000000049e-03 -1.641000000000000097e-03 -9.999959999999999960e-01 -9.467590000000000172e-01 -3.219299999999999939e-01 2.722000000000000027e-03 -3.219339999999999979e-01 9.467619999999999925e-01 -8.080000000000000160e-04
