1.000000000000000000e+01 2.500000000000000000e+01 1.000000000000000000e+00 0.000000000000000000e+00 1.600000000000000089e+00 3.926999999999999935e-03 -4.477000000000000077e-03 -9.999820000000000375e-01 -5.219979999999999620e-01 -8.529449999999999532e-01 1.768999999999999956e-03 -8.529379999999999740e-01 5.219819999999999460e-01 -5.687000000000000215e-03
1.800000000000000000e+01 2.500000000000000000e+01 1.000000000000000000e+00 0.000000000000000000e+00 1.600000000000000089e+00 2.795000000000000175e-03 4.634000000000000098e-03 -9.999850000000000128e-01 -5.249620000000000397e-01 -8.511079999999999757e-01 -5.411000000000000011e-03 -8.511210000000000164e-01 5.249700000000000477e-01 5.300000000000000078e-05
4.000000000000000000e+00 4.200000000000000000e+01 2.000000000000000000e+00 0.000000000000000000e+00 1.600000000000000089e+00 8.562000000000000166e-03 -1.632499999999999923e-02 -9.998299999999999965e-01 9.826770000000000227e-01 -1.849750000000000005e-01 1.143500000000000072e-02 -1.851309999999999900e-01 -9.826080000000000370e-01 1.445899999999999963e-02
9.000000000000000000e+00 1.500000000000000000e+01 4.000000000000000000e+00 0.000000000000000000e+00 1.600000000000000089e+00 1.987000000000000051e-03 3.278999999999999797e-03 9.999930000000000208e-01 3.055999999999999828e-01 -9.521570000000000311e-01 2.514999999999999875e-03 9.521579999999999488e-01 3.055930000000000035e-01 -2.893999999999999871e-03
1.900000000000000000e+01 1.500000000000000000e+01 4.000000000000000000e+00 0.000000000000000000e+00 1.600000000000000089e+00 -8.123999999999999277e-03 -3.353000000000000078e-03 9.999609999999999888e-01 2.994569999999999732e-01 -9.541089999999999849e-01 -7.659999999999999708e-04 9.540750000000000064e-01 2.994390000000000107e-01 8.755000000000000629e-03
2.300000000000000000e+01 1.500000000000000000e+01 4.000000000000000000e+00 0.000000000000000000e+00 1.600000000000000089e+00 -5.120999999999999684e-03 -2.739999999999999814e-03 9.999829999999999552e-01 2.966280000000000028e-01 -9.549919999999999520e-01 -1.098000000000000018e-03 9.549790000000000223e-01 2.966179999999999928e-01 5.702999999999999736e-03
3.000000000000000000e+01 1.600000000000000000e+01 4.000000000000000000e+00 0.000000000000000000e+00 1.600000000000000089e+00 -3.765000000000000117e-03 -1.603000000000000041e-03 9.999919999999999920e-01 3.722480000000000233e-01 -9.281329999999999858e-01 -8.600000000000000331e-05 9.281260000000000066e-01 3.722440000000000193e-01 4.091000000000000018e-03
1.000000000000000000e+00 1.010000000000000000e+02 7.000000000000000000e+00 0.000000000000000000e+00 1.600000000000000089e+00 -2.085000000000000048e-03 1.072000000000000036e-02 9.999400000000000510e-01 8.797030000000000127e-01 4.755119999999999902e-01 -3.263999999999999974e-03 -4.755190000000000250e-01 8.796439999999999815e-01 -1.042099999999999971e-02
2.200000000000000000e+01 1.010000000000000000e+02 7.000000000000000000e+00 0.000000000000000000e+00 1.600000000000000089e+00 -3.620000000000000171e-04 1.501100000000000004e-02 9.998869999999999703e-01 8.844929999999999737e-01 4.665059999999999762e-01 -6.682999999999999705e-03 -4.665540000000000243e-01 8.843910000000000382e-01 -1.344599999999999962e-02
2.800000000000000000e+01 1.010000000000000000e+02 7.000000000000000000e+00 0.000000000000000000e+00 1.600000000000000089e+00 -1.978999999999999856e-03 1.185399999999999995e-02 9.999280000000000390e-01 8.834670000000000023e-01 4.684769999999999768e-01 -3.804999999999999789e-03 -4.684880000000000155e-01 8.833959999999999591e-01 -1.140000000000000041e-02
1.000000000000000000e+00 1.500000000000000000e+01 8.000000000000000000e+00 0.000000000000000000e+00 1.600000000000000089e+00 9.520000000000000467e-04 7.317999999999999852e-03 -9.999730000000000008e-01 -5.980929999999999858e-01 -8.014010000000000300e-01 -6.433999999999999615e-03 -8.014259999999999717e-01 5.980830000000000313e-01 3.612999999999999892e-03
4.000000000000000000e+00 2.500000000000000000e+01 8.000000000000000000e+00 0.000000000000000000e+00 1.600000000000000089e+00 -8.769999999999999584e-04 -9.036000000000000629e-03 -9.999590000000000423e-01 4.444270000000000165e-01 8.957749999999999879e-01 -8.484999999999999487e-03 8.958150000000000279e-01 -4.444159999999999777e-01 3.229999999999999798e-03
8.000000000000000000e+00 2.500000000000000000e+01 8.000000000000000000e+00 0.000000000000000000e+00 1.600000000000000089e+00 -1.605000000000000090e-03 -5.921000000000000048e-03 -9.999810000000000088e-01 4.471700000000000119e-01 8.944290000000000296e-01 -6.013000000000000116e-03 8.944469999999999921e-01 -4.471720000000000139e-01 1.211999999999999970e-03
1.100000000000000000e+01 2.500000000000000000e+01 8.000000000000000000e+00 0.000000000000000000e+00 1.600000000000000089e+00 -3.350999999999999812e-03 -4.682999999999999663e-03 -9.999829999999999552e-01 4.487349999999999950e-01 8.936469999999999692e-01 -5.688999999999999613e-03 8.936579999999999524e-01 -4.487470000000000070e-01 -8.930000000000000221e-04
1.000000000000000000e+00 2.400000000000000000e+01 9.000000000000000000e+00 0.000000000000000000e+00 1.600000000000000089e+00 -2.284000000000000006e-03 -7.983999999999999778e-03 -9.999660000000000215e-01 4.464020000000000210e-01 8.947950000000000070e-01 -8.163999999999999382e-03 8.948289999999999855e-01 -4.464060000000000250e-01 1.520000000000000084e-03
5.000000000000000000e+00 2.400000000000000000e+01 9.000000000000000000e+00 0.000000000000000000e+00 1.600000000000000089e+00 -9.849999999999999815e-04 -7.023999999999999862e-03 -9.999749999999999472e-01 4.479710000000000081e-01 8.940230000000000121e-01 -6.721000000000000411e-03 8.940470000000000361e-01 -4.479670000000000041e-01 2.265999999999999785e-03
1.200000000000000000e+01 2.400000000000000000e+01 9.000000000000000000e+00 0.000000000000000000e+00 1.600000000000000089e+00 -3.072000000000000078e-03 -1.763999999999999943e-03 -9.999940000000000495e-01 4.510199999999999765e-01 8.925089999999999968e-01 -2.959999999999999958e-03 8.925079999999999680e-01 -4.510270000000000112e-01 -1.946000000000000030e-03
1.600000000000000000e+01 2.400000000000000000e+01 9.000000000000000000e+00 0.000000000000000000e+00 1.600000000000000089e+00 -2.187000000000000142e-03 -6.697999999999999961e-03 -9.999749999999999472e-01 4.519960000000000089e-01 8.919930000000000359e-01 -6.962999999999999572e-03 8.920169999999999488e-01 -4.520000000000000129e-01 1.077000000000000049e-03
1.900000000000000000e+01 2.400000000000000000e+01 9.000000000000000000e+00 0.000000000000000000e+00 1.600000000000000089e+00 -2.628000000000000128e-03 -5.917999999999999650e-03 -9.999789999999999512e-01 4.524599999999999733e-01 8.917610000000000259e-01 -6.466999999999999658e-03 8.917810000000000459e-01 -4.524679999999999813e-01 3.339999999999999870e-04
2.500000000000000000e+01 2.400000000000000000e+01 9.000000000000000000e+00 0.000000000000000000e+00 1.600000000000000089e+00 -1.296999999999999976e-03 -1.270000000000000078e-03 -9.999980000000000535e-01 4.531830000000000025e-01 8.914159999999999862e-01 -1.719999999999999958e-03 8.914170000000000149e-01 -4.531839999999999757e-01 -5.800000000000000034e-04
2.600000000000000000e+01 3.100000000000000000e+01 1.200000000000000000e+01 0.000000000000000000e+00 1.600000000000000089e+00 1.281999999999999936e-03 -3.011999999999999920e-03 9.999949999999999672e-01 3.867999999999999911e-03 9.999879999999999880e-01 3.007000000000000124e-03 -9.999919999999999920e-01 3.863999999999999813e-03 1.294000000000000011e-03
1.300000000000000000e+01 3.200000000000000000e+01 1.400000000000000000e+01 0.000000000000000000e+00 1.600000000000000089e+00 3.589999999999999984e-04 6.409999999999999682e-04 -1.000000000000000000e+00 1.064260000000000067e-01 9.943199999999999816e-01 6.759999999999999516e-04 9.943210000000000104e-01 -1.064269999999999938e-01 2.889999999999999774e-04
2.000000000000000000e+01 1.200000000000000000e+01 1.500000000000000000e+01 0.000000000000000000e+00 1.600000000000000089e+00 2.732000000000000053e-03 4.435999999999999839e-03 -9.999860000000000415e-01 -4.695750000000000202e-01 -8.828770000000000229e-01 -5.198999999999999629e-03 -8.828890000000000349e-01 4.695819999999999994e-01 -3.289999999999999739e-04
2.700000000000000000e+01 1.200000000000000000e+01 1.500000000000000000e+01 0.000000000000000000e+00 1.600000000000000089e+00 5.113999999999999622e-03 4.373000000000000151e-03 -9.999770000000000048e-01 -4.682200000000000251e-01 -8.835899999999999865e-01 -6.258999999999999807e-03 -8.835969999999999658e-01 4.682410000000000183e-01 -2.471000000000000106e-03
1.600000000000000000e+01 1.100000000000000000e+01 1.600000000000000000e+01 0.000000000000000000e+00 1.600000000000000089e+00 1.028000000000000051e-03 8.499999999999999526e-04 -9.999989999999999712e-01 -4.169689999999999785e-01 -9.089199999999999502e-01 -1.201000000000000028e-03 -9.089199999999999502e-01 4.169700000000000073e-01 -5.800000000000000034e-04
2.800000000000000000e+01 1.100000000000000000e+01 1.600000000000000000e+01 0.000000000000000000e+00 1.600000000000000089e+00 4.202000000000000006e-03 4.447000000000000432e-03 -9.999810000000000088e-01 -4.154169999999999807e-01 -9.096130000000000049e-01 -5.791000000000000140e-03 -9.096210000000000129e-01 4.154340000000000255e-01 -1.975000000000000193e-03
2.000000000000000000e+00 1.160000000000000000e+02 1.600000000000000000e+01 0.000000000000000000e+00 1.600000000000000089e+00 -9.950000000000000077e-04 2.178999999999999947e-03 9.999970000000000248e-01 6.776980000000000226e-01 7.353399999999999936e-01 -9.280000000000000054e-04 -7.353389999999999649e-01 6.776950000000000474e-01 -2.207999999999999893e-03
9.000000000000000000e+00 1.160000000000000000e+02 1.600000000000000000e+01 0.000000000000000000e+00 1.600000000000000089e+00 2.024000000000000191e-03 9.610000000000000486e-04 9.999970000000000248e-01 6.791369999999999907e-01 7.340079999999999938e-01 -2.079999999999999818e-03 -7.340079999999999938e-01 6.791399999999999659e-01 8.329999999999999731e-04
1.400000000000000000e+01 1.160000000000000000e+02 1.600000000000000000e+01 0.000000000000000000e+00 1.600000000000000089e+00 -1.730000000000000038e-04 1.740000000000000010e-03 9.999980000000000535e-01 6.958950000000000413e-01 7.181429999999999758e-01 -1.129000000000000012e-03 -7.181440000000000046e-01 6.958929999999999838e-01 -1.335000000000000032e-03
1.900000000000000000e+01 1.160000000000000000e+02 1.600000000000000000e+01 0.000000000000000000e+00 1.600000000000000089e+00 1.598999999999999944e-03 -1.595000000000000064e-03 9.999970000000000248e-01 6.769060000000000077e-01 7.360689999999999733e-01 9.100000000000000287e-05 -7.360670000000000268e-01 6.769039999999999502e-01 2.256999999999999892e-03
2.700000000000000000e+01 1.160000000000000000e+02 1.600000000000000000e+01 0.000000000000000000e+00 1.600000000000000089e+00 -9.240000000000000166e-04 2.062000000000000031e-03 9.999970000000000248e-01 7.224620000000000486e-01 6.914099999999999691e-01 -7.590000000000000175e-04 -6.914099999999999691e-01 7.224599999999999911e-01 -2.128999999999999816e-03
1.000000000000000000e+00 2.000000000000000000e+00 1.900000000000000000e+01 0.000000000000000000e+00 1.600000000000000089e+00 -1.245999999999999929e-03 1.108600000000000037e-02 -9.999379999999999935e-01 1.970330000000000137e-01 -9.803340000000000387e-01 -1.111499999999999988e-02 -9.803960000000000452e-01 -1.970349999999999879e-01 -9.629999999999999888e-04
6.000000000000000000e+00 2.000000000000000000e+00 1.900000000000000000e+01 0.000000000000000000e+00 1.600000000000000089e+00 -3.961000000000000111e-03 6.649999999999999661e-03 -9.999700000000000255e-01 1.975540000000000074e-01 -9.802650000000000530e-01 -7.302000000000000331e-03 -9.802840000000000442e-01 -1.975770000000000026e-01 2.569000000000000103e-03
9.000000000000000000e+00 2.000000000000000000e+00 1.900000000000000000e+01 0.000000000000000000e+00 1.600000000000000089e+00 -2.295999999999999864e-03 7.749999999999999728e-04 -9.999970000000000248e-01 1.966189999999999882e-01 -9.804789999999999894e-01 -1.211999999999999970e-03 -9.804770000000000429e-01 -1.966209999999999902e-01 2.099000000000000171e-03
1.500000000000000000e+01 2.000000000000000000e+00 1.900000000000000000e+01 0.000000000000000000e+00 1.600000000000000089e+00 4.169999999999999987e-04 -5.150000000000000064e-03 -9.999869999999999592e-01 1.935060000000000113e-01 -9.810860000000000136e-01 5.133999999999999675e-03 -9.810990000000000544e-01 -1.935060000000000113e-01 5.869999999999999567e-04
2.000000000000000000e+01 2.000000000000000000e+00 1.900000000000000000e+01 0.000000000000000000e+00 1.600000000000000089e+00 5.360000000000000181e-04 -5.000000000000000240e-05 -1.000000000000000000e+00 1.966539999999999955e-01 -9.804730000000000389e-01 1.540000000000000028e-04 -9.804730000000000389e-01 -1.966539999999999955e-01 -5.159999999999999656e-04
2.800000000000000000e+01 2.000000000000000000e+00 1.900000000000000000e+01 0.000000000000000000e+00 1.600000000000000089e+00 2.497999999999999787e-03 7.721999999999999698e-03 -9.999670000000000503e-01 1.910630000000000106e-01 -9.815519999999999801e-01 -7.101999999999999806e-03 -9.815749999999999753e-01 -1.910389999999999866e-01 -3.926999999999999935e-03
9.000000000000000000e+00 4.000000000000000000e+00 2.000000000000000000e+01 0.000000000000000000e+00 1.600000000000000089e+00 -4.336999999999999710e-03 -1.992999999999999980e-03 -9.999890000000000168e-01 2.908359999999999834e-01 -9.567729999999999846e-01 6.449999999999999570e-04 -9.567630000000000301e-01 -2.908299999999999774e-01 4.728999999999999697e-03
1.200000000000000000e+01 4.000000000000000000e+00 2.000000000000000000e+01 0.000000000000000000e+00 1.600000000000000089e+00 -4.539999999999999765e-04 -3.318999999999999902e-03 -9.999940000000000495e-01 2.881150000000000100e-01 -9.575909999999999700e-01 3.047999999999999928e-03 -9.575960000000000027e-01 -2.881119999999999792e-01 1.391000000000000092e-03
1.800000000000000000e+01 4.000000000000000000e+00 2.000000000000000000e+01 0.000000000000000000e+00 1.600000000000000089e+00 7.889999999999999878e-04 -2.560000000000000209e-03 -9.999959999999999960e-01 2.929640000000000022e-01 -9.561199999999999699e-01 2.678999999999999958e-03 -9.561229999999999452e-01 -2.929649999999999754e-01 -5.000000000000000409e-06
2.400000000000000000e+01 4.000000000000000000e+00 2.000000000000000000e+01 0.000000000000000000e+00 1.600000000000000089e+00 1.250000000000000026e-03 8.262999999999999512e-03 -9.999649999999999928e-01 2.927890000000000215e-01 -9.561469999999999692e-01 -7.535000000000000031e-03 -9.561760000000000259e-01 -2.927690000000000015e-01 -3.614000000000000025e-03
6.000000000000000000e+00 1.300000000000000000e+01 2.000000000000000000e+01 0.000000000000000000e+00 1.600000000000000089e+00 -2.495999999999999955e-03 -6.882000000000000096e-03 9.999730000000000008e-01 2.565419999999999923e-01 9.665059999999999762e-01 7.291999999999999871e-03 -9.665300000000000002e-01 2.565540000000000043e-01 -6.470000000000000057e-04
1.100000000000000000e+01 1.300000000000000000e+01 2.000000000000000000e+01 0.000000000000000000e+00 1.600000000000000089e+00 -1.129999999999999955e-04 -6.089999999999999494e-04 1.000000000000000000e+00 2.568989999999999885e-01 9.664380000000000193e-01 6.179999999999999513e-04 -9.664380000000000193e-01 2.568989999999999885e-01 4.699999999999999724e-05
1.300000000000000000e+01 1.300000000000000000e+01 2.000000000000000000e+01 0.000000000000000000e+00 1.600000000000000089e+00 4.350000000000000026e-04 8.899999999999999491e-05 1.000000000000000000e+00 2.562329999999999885e-01 9.666150000000000020e-01 -1.979999999999999881e-04 -9.666150000000000020e-01 2.562329999999999885e-01 3.980000000000000248e-04
1.800000000000000000e+01 1.300000000000000000e+01 2.000000000000000000e+01 0.000000000000000000e+00 1.600000000000000089e+00 1.608000000000000054e-03 1.190000000000000085e-03 9.999980000000000535e-01 2.555509999999999726e-01 9.667940000000000422e-01 -1.562000000000000020e-03 -9.667940000000000422e-01 2.555529999999999746e-01 1.250000000000000026e-03
2.400000000000000000e+01 1.300000000000000000e+01 2.000000000000000000e+01 0.000000000000000000e+00 1.600000000000000089e+00 9.240000000000000166e-04 8.779999999999999827e-04 9.999989999999999712e-01 2.544109999999999983e-01 9.670959999999999557e-01 -1.083999999999999894e-03 -9.670959999999999557e-01 2.544120000000000270e-01 6.700000000000000226e-04
2.900000000000000000e+01 1.300000000000000000e+01 2.000000000000000000e+01 0.000000000000000000e+00 1.600000000000000089e+00 2.899000000000000101e-03 -1.621999999999999961e-03 9.999940000000000495e-01 2.543989999999999863e-01 9.670990000000000419e-01 8.310000000000000329e-04 -9.670950000000000379e-01 2.543949999999999823e-01 3.216000000000000109e-03
6.000000000000000000e+00 1.600000000000000000e+01 2.100000000000000000e+01 0.000000000000000000e+00 1.600000000000000089e+00 -2.049000000000000040e-03 -6.871000000000000371e-03 9.999740000000000295e-01 2.983660000000000201e-01 9.544240000000000501e-01 7.169000000000000025e-03 -9.544489999999999919e-01 2.983739999999999726e-01 9.399999999999999448e-05
1.800000000000000000e+01 1.600000000000000000e+01 2.100000000000000000e+01 0.000000000000000000e+00 1.600000000000000089e+00 1.371000000000000040e-03 1.510999999999999973e-03 9.999980000000000535e-01 2.994890000000000052e-01 9.540980000000000016e-01 -1.851999999999999914e-03 -9.540990000000000304e-01 2.994910000000000072e-01 8.549999999999999658e-04
2.100000000000000000e+01 1.600000000000000000e+01 2.100000000000000000e+01 0.000000000000000000e+00 1.600000000000000089e+00 3.699999999999999947e-04 5.210000000000000221e-03 9.999860000000000415e-01 2.988430000000000253e-01 9.542890000000000539e-01 -5.081999999999999712e-03 -9.543019999999999836e-01 2.988410000000000233e-01 -1.203000000000000076e-03
2.500000000000000000e+01 1.600000000000000000e+01 2.100000000000000000e+01 0.000000000000000000e+00 1.600000000000000089e+00 1.474000000000000050e-03 3.801999999999999824e-03 9.999919999999999920e-01 2.972020000000000217e-01 9.548060000000000436e-01 -4.067999999999999568e-03 -9.548140000000000516e-01 2.972049999999999970e-01 2.770000000000000110e-04
5.000000000000000000e+00 3.000000000000000000e+00 2.500000000000000000e+01 0.000000000000000000e+00 1.600000000000000089e+00 5.975000000000000276e-03 6.486999999999999711e-03 9.999609999999999888e-01 -5.480399999999999855e-02 -9.984739999999999727e-01 6.804000000000000152e-03 9.984790000000000054e-01 -5.484300000000000286e-02 -5.610000000000000403e-03
1.000000000000000000e+01 3.000000000000000000e+00 2.500000000000000000e+01 0.000000000000000000e+00 1.600000000000000089e+00 2.092000000000000109e-03 -4.030999999999999861e-03 9.999900000000000455e-01 -5.534700000000000036e-02 -9.984600000000000142e-01 -3.909000000000000148e-03 9.984650000000000469e-01 -5.533799999999999830e-02 -2.311999999999999819e-03
2.200000000000000000e+01 3.000000000000000000e+00 2.500000000000000000e+01 0.000000000000000000e+00 1.600000000000000089e+00 -2.282999999999999873e-03 3.781000000000000073e-03 9.999900000000000455e-01 -6.289500000000000646e-02 -9.980130000000000390e-01 3.629999999999999980e-03 9.980170000000000430e-01 -6.288699999999999846e-02 2.516000000000000007e-03
4.000000000000000000e+00 4.600000000000000000e+01 2.700000000000000000e+01 0.000000000000000000e+00 1.600000000000000089e+00 1.920000000000000049e-03 -1.599999999999999928e-05 -9.999980000000000535e-01 6.428789999999999782e-01 7.659669999999999535e-01 1.222999999999999912e-03 7.659660000000000357e-01 -6.428800000000000070e-01 1.480999999999999895e-03
7.000000000000000000e+00 4.600000000000000000e+01 2.700000000000000000e+01 0.000000000000000000e+00 1.600000000000000089e+00 3.226999999999999834e-03 -5.800000000000000034e-04 -9.999949999999999672e-01 6.457359999999999767e-01 7.635589999999999877e-01 1.641000000000000097e-03 7.635539999999999550e-01 -6.457380000000000342e-01 2.837999999999999811e-03
1.700000000000000000e+01 4.600000000000000000e+01 2.700000000000000000e+01 0.000000000000000000e+00 1.600000000000000089e+00 -1.131000000000000061e-03 2.354000000000000190e-03 -9.999970000000000248e-01 6.550080000000000346e-01 7.556209999999999871e-01 1.038000000000000077e-03 7.556209999999999871e-01 -6.550049999999999484e-01 -2.396999999999999825e-03
2.900000000000000000e+01 4.600000000000000000e+01 2.700000000000000000e+01 0.000000000000000000e+00 1.600000000000000089e+00 1.307000000000000002e-03 2.292000000000000200e-03 -9.999959999999999960e-01 6.559939999999999660e-01 7.547610000000000152e-01 2.586999999999999890e-03 7.547650000000000192e-01 -6.559960000000000235e-01 -5.169999999999999899e-04
1.000000000000000000e+01 4.600000000000000000e+01 3.000000000000000000e+01 0.000000000000000000e+00 1.600000000000000089e+00 1.539999999999999919e-03 1.853999999999999962e-03 -9.999970000000000248e-01 3.261560000000000015e-01 9.453129999999999589e-01 2.255000000000000060e-03 9.453150000000000164e-01 -3.261589999999999767e-01 8.509999999999999769e-04
1.300000000000000000e+01 5.800000000000000000e+01 3.100000000000000000e+01 0.000000000000000000e+00 1.600000000000000089e+00 -7.619999999999999820e-04 -1.969999999999999963e-03 9.999980000000000535e-01 -8.028300000000000436e-01 -5.962060000000000137e-01 -1.786000000000000044e-03 5.962079999999999602e-01 -8.028290000000000148e-01 -1.128000000000000096e-03
1.800000000000000000e+01 5.800000000000000000e+01 3.100000000000000000e+01 0.000000000000000000e+00 1.600000000000000089e+00 5.300000000000000078e-05 -5.081999999999999712e-03 9.999869999999999592e-01 -8.010450000000000070e-01 -5.985970000000000457e-01 -3.000000000000000062e-03 5.986050000000000537e-01 -8.010340000000000238e-01 -4.101999999999999744e-03
2.200000000000000000e+01 5.800000000000000000e+01 3.100000000000000000e+01 0.000000000000000000e+00 1.600000000000000089e+00 3.052000000000000025e-03 -3.455000000000000172e-03 9.999890000000000168e-01 -7.968509999999999760e-01 -6.041760000000000463e-01 3.449999999999999833e-04 6.041680000000000383e-01 -7.968439999999999968e-01 -4.597000000000000391e-03
2.800000000000000000e+01 5.800000000000000000e+01 3.100000000000000000e+01 0.000000000000000000e+00 1.600000000000000089e+00 1.701000000000000038e-03 4.094999999999999682e-03 9.999900000000000455e-01 -7.920589999999999575e-01 -6.104330000000000034e-01 3.847000000000000159e-03 6.104429999999999579e-01 -7.920570000000000110e-01 2.206000000000000062e-03
8.000000000000000000e+00 6.000000000000000000e+00 3.200000000000000000e+01 0.000000000000000000e+00 1.600000000000000089e+00 3.546000000000000107e-03 2.879000000000000049e-03 -9.999900000000000455e-01 9.382200000000000262e-02 9.955840000000000245e-01 3.199000000000000021e-03 9.955829999999999957e-01 -9.383199999999999874e-02 3.259999999999999877e-03
2.600000000000000000e+01 5.900000000000000000e+01 3.200000000000000000e+01 0.000000000000000000e+00 1.600000000000000089e+00 1.824000000000000100e-03 4.117000000000000000e-03 9.999900000000000455e-01 -6.914540000000000131e-01 -7.224080000000000501e-01 4.235000000000000049e-03 7.224180000000000046e-01 -6.914540000000000131e-01 1.529999999999999893e-03
5.000000000000000000e+00 4.600000000000000000e+01 3.500000000000000000e+01 0.000000000000000000e+00 1.600000000000000089e+00 -1.060000000000000016e-04 3.060999999999999919e-03 -9.999949999999999672e-01 3.852829999999999866e-01 -9.227940000000000031e-01 -2.866000000000000058e-03 -9.227990000000000359e-01 -3.852809999999999846e-01 -1.080999999999999930e-03
1.100000000000000000e+01 4.600000000000000000e+01 3.500000000000000000e+01 0.000000000000000000e+00 1.600000000000000089e+00 2.979999999999999793e-04 -1.827000000000000065e-03 -9.999980000000000535e-01 3.849890000000000256e-01 -9.229190000000000449e-01 1.801000000000000083e-03 -9.229209999999999914e-01 -3.849890000000000256e-01 4.290000000000000193e-04
1.600000000000000000e+01 4.600000000000000000e+01 3.500000000000000000e+01 0.000000000000000000e+00 1.600000000000000089e+00 8.429999999999999993e-04 -1.310000000000000129e-04 -1.000000000000000000e+00 3.849969999999999781e-01 -9.229180000000000161e-01 4.459999999999999989e-04 -9.229169999999999874e-01 -3.849980000000000069e-01 -7.280000000000000230e-04
2.200000000000000000e+01 4.600000000000000000e+01 3.500000000000000000e+01 0.000000000000000000e+00 1.600000000000000089e+00 -3.770000000000000022e-04 -1.693999999999999976e-03 -9.999980000000000535e-01 3.852430000000000021e-01 -9.228140000000000231e-01 1.417999999999999990e-03 -9.228150000000000519e-01 -3.852419999999999733e-01 1.000000000000000021e-03
2.600000000000000000e+01 4.600000000000000000e+01 3.500000000000000000e+01 0.000000000000000000e+00 1.600000000000000089e+00 8.390000000000000105e-04 -8.229999999999999469e-04 -9.999989999999999712e-01 3.845370000000000177e-01 -9.231089999999999574e-01 1.082000000000000062e-03 -9.231089999999999574e-01 -3.845379999999999909e-01 -4.580000000000000195e-04
6.000000000000000000e+00 9.500000000000000000e+01 3.600000000000000000e+01 0.000000000000000000e+00 1.600000000000000089e+00 8.021999999999999617e-03 9.388999999999999777e-03 9.999240000000000350e-01 9.976040000000000463e-01 6.863299999999999956e-02 -8.647999999999999438e-03 -6.870900000000000618e-02 9.975979999999999848e-01 -8.815999999999999184e-03
1.000000000000000000e+01 9.500000000000000000e+01 3.600000000000000000e+01 0.000000000000000000e+00 1.600000000000000089e+00 7.962000000000000327e-03 1.105300000000000032e-02 9.999069999999999903e-01 9.975730000000000430e-01 6.908699999999999564e-02 -8.706999999999999462e-03 -6.917700000000000238e-02 9.975490000000000190e-01 -1.047599999999999920e-02
1.800000000000000000e+01 9.500000000000000000e+01 3.600000000000000000e+01 0.000000000000000000e+00 1.600000000000000089e+00 -2.357000000000000154e-03 2.057999999999999934e-03 9.999949999999999672e-01 9.967449999999999921e-01 8.058800000000000685e-02 2.183000000000000045e-03 -8.058300000000000185e-02 9.967449999999999921e-01 -2.240999999999999936e-03
2.300000000000000000e+01 9.500000000000000000e+01 3.600000000000000000e+01 0.000000000000000000e+00 1.600000000000000089e+00 -2.655999999999999941e-03 7.381000000000000408e-03 9.999689999999999968e-01 9.971929999999999961e-01 7.484499999999999487e-02 2.096000000000000207e-03 -7.482800000000000562e-02 9.971680000000000543e-01 -7.558999999999999747e-03
2.800000000000000000e+01 9.500000000000000000e+01 3.600000000000000000e+01 0.000000000000000000e+00 1.600000000000000089e+00 -7.934999999999999346e-03 5.942000000000000233e-03 9.999510000000000343e-01 9.972889999999999810e-01 7.320300000000000418e-02 7.479000000000000405e-03 -7.315499999999999781e-02 9.972990000000000466e-01 -6.506999999999999763e-03
2.000000000000000000e+00 3.000000000000000000e+00 4.300000000000000000e+01 0.000000000000000000e+00 1.600000000000000089e+00 1.448000000000000068e-03 -4.697999999999999919e-03 -9.999879999999999880e-01 7.384800000000000253e-01 -6.742620000000000280e-01 4.237000000000000315e-03 -6.742740000000000400e-01 -7.384770000000000501e-01 2.492999999999999990e-03
9.000000000000000000e+00 3.000000000000000000e+00 4.300000000000000000e+01 0.000000000000000000e+00 1.600000000000000089e+00 -4.429999999999999802e-04 2.339600000000000013e-02 -9.997260000000000035e-01 7.396540000000000337e-01 -6.727950000000000319e-01 -1.607300000000000048e-02 -6.729870000000000019e-01 -7.394589999999999774e-01 -1.700700000000000128e-02
1.600000000000000000e+01 3.000000000000000000e+00 4.300000000000000000e+01 0.000000000000000000e+00 1.600000000000000089e+00 1.613999999999999983e-03 4.399000000000000132e-03 -9.999890000000000168e-01 7.366570000000000062e-01 -6.762639999999999763e-01 -1.786000000000000044e-03 -6.762639999999999763e-01 -7.366460000000000230e-01 -4.331999999999999913e-03
2.300000000000000000e+01 3.000000000000000000e+00 4.300000000000000000e+01 0.000000000000000000e+00 1.600000000000000089e+00 1.196000000000000014e-03 -2.153800000000000159e-02 -9.997669999999999613e-01 7.339590000000000281e-01 -6.790169999999999817e-01 1.550600000000000069e-02 -6.791930000000000467e-01 -7.338069999999999871e-01 1.499600000000000065e-02
2.000000000000000000e+00 8.000000000000000000e+00 4.400000000000000000e+01 0.000000000000000000e+00 1.600000000000000089e+00 9.470000000000000336e-04 9.209000000000000172e-03 9.999569999999999848e-01 -7.819350000000000467e-01 -6.233260000000000467e-01 6.479999999999999649e-03 6.233589999999999964e-01 -7.819080000000000474e-01 6.610000000000000424e-03
1.200000000000000000e+01 8.000000000000000000e+00 4.400000000000000000e+01 0.000000000000000000e+00 1.600000000000000089e+00 1.337999999999999997e-03 2.889000000000000075e-03 9.999949999999999672e-01 -7.852510000000000323e-01 -6.191710000000000269e-01 2.840000000000000076e-03 6.191759999999999486e-01 -7.852510000000000323e-01 1.440000000000000091e-03
2.000000000000000000e+00 2.900000000000000000e+01 4.400000000000000000e+01 0.000000000000000000e+00 1.600000000000000089e+00 2.595000000000000084e-03 -3.275000000000000133e-03 -9.999909999999999632e-01 6.791989999999999972e-01 7.339539999999999953e-01 -6.409999999999999682e-04 7.339489999999999625e-01 -6.791920000000000179e-01 4.128999999999999858e-03
1.000000000000000000e+01 2.900000000000000000e+01 4.400000000000000000e+01 0.000000000000000000e+00 1.600000000000000089e+00 1.974000000000000060e-03 -5.659999999999999884e-04 -9.999980000000000535e-01 6.843900000000000539e-01 7.291149999999999576e-01 9.389999999999999476e-04 7.291130000000000111e-01 -6.843909999999999716e-01 1.827000000000000065e-03
1.400000000000000000e+01 2.900000000000000000e+01 4.400000000000000000e+01 0.000000000000000000e+00 1.600000000000000089e+00 1.337999999999999997e-03 -1.464999999999999939e-03 -9.999980000000000535e-01 6.873209999999999598e-01 7.263540000000000552e-01 -1.440000000000000036e-04 7.263530000000000264e-01 -6.873190000000000133e-01 1.978999999999999856e-03
1.800000000000000000e+01 2.900000000000000000e+01 4.400000000000000000e+01 0.000000000000000000e+00 1.600000000000000089e+00 -3.579999999999999741e-04 3.660000000000000059e-04 -1.000000000000000000e+00 6.870129999999999848e-01 7.266449999999999854e-01 2.000000000000000164e-05 7.266449999999999854e-01 -6.870129999999999848e-01 -5.109999999999999525e-04
2.400000000000000000e+01 2.900000000000000000e+01 4.400000000000000000e+01 0.000000000000000000e+00 1.600000000000000089e+00 -2.553999999999999847e-03 1.670999999999999959e-03 -9.999949999999999672e-01 6.844489999999999741e-01 7.290600000000000414e-01 -5.299999999999999807e-04 7.290560000000000374e-01 -6.844470000000000276e-01 -3.004999999999999859e-03
2.300000000000000000e+01 5.400000000000000000e+01 4.600000000000000000e+01 0.000000000000000000e+00 1.600000000000000089e+00 -2.072000000000000057e-03 1.154000000000000078e-03 9.999970000000000248e-01 3.112179999999999946e-01 -9.503369999999999873e-01 1.740999999999999926e-03 9.503359999999999586e-01 3.112199999999999966e-01 1.610000000000000103e-03
2.500000000000000000e+01 6.500000000000000000e+01 4.600000000000000000e+01 0.000000000000000000e+00 1.600000000000000089e+00 1.407999999999999963e-03 -9.550000000000000112e-04 9.999989999999999712e-01 6.799180000000000224e-01 -7.332859999999999934e-01 -1.657999999999999969e-03 7.332870000000000221e-01 6.799199999999999688e-01 -3.829999999999999854e-04
2.000000000000000000e+00 5.000000000000000000e+00 5.100000000000000000e+01 0.000000000000000000e+00 1.600000000000000089e+00 -2.540999999999999856e-03 6.565999999999999788e-03 -9.999749999999999472e-01 4.917819999999999969e-01 -8.706909999999999927e-01 -6.967000000000000103e-03 -8.707150000000000167e-01 -4.917869999999999742e-01 -1.015999999999999976e-03
2.000000000000000000e+01 7.000000000000000000e+00 5.200000000000000000e+01 0.000000000000000000e+00 1.600000000000000089e+00 -4.846999999999999746e-03 -7.797000000000000111e-03 -9.999580000000000135e-01 1.056070000000000064e-01 -9.943819999999999881e-01 7.241000000000000041e-03 -9.943959999999999466e-01 -1.055669999999999942e-01 5.643999999999999712e-03
2.200000000000000000e+01 7.000000000000000000e+00 5.200000000000000000e+01 0.000000000000000000e+00 1.600000000000000089e+00 -3.955000000000000182e-03 -4.357999999999999895e-03 -9.999829999999999552e-01 1.056700000000000000e-01 -9.943940000000000001e-01 3.916000000000000210e-03 -9.943929999999999714e-01 -1.056519999999999959e-01 4.393000000000000203e-03
5.000000000000000000e+00 6.300000000000000000e+01 5.400000000000000000e+01 0.000000000000000000e+00 1.600000000000000089e+00 9.439999999999999607e-04 -1.301000000000000073e-03 9.999989999999999712e-01 -3.535969999999999946e-01 9.353970000000000340e-01 1.549999999999999946e-03 -9.353970000000000340e-01 -3.535980000000000234e-01 4.229999999999999819e-04
1.400000000000000000e+01 6.300000000000000000e+01 5.400000000000000000e+01 0.000000000000000000e+00 1.600000000000000089e+00 1.200000000000000030e-04 -3.190999999999999826e-03 9.999949999999999672e-01 -3.502190000000000025e-01 9.366630000000000233e-01 3.030999999999999840e-03 -9.366679999999999451e-01 -3.502179999999999738e-01 -1.005000000000000034e-03
2.300000000000000000e+01 6.300000000000000000e+01 5.400000000000000000e+01 0.000000000000000000e+00 1.600000000000000089e+00 1.440000000000000091e-03 1.231000000000000106e-03 9.999980000000000535e-01 -3.592949999999999755e-01 9.332240000000000535e-01 -6.310000000000000504e-04 -9.332230000000000247e-01 -3.592940000000000023e-01 1.786000000000000044e-03
2.600000000000000000e+01 6.300000000000000000e+01 5.400000000000000000e+01 0.000000000000000000e+00 1.600000000000000089e+00 8.660000000000000163e-04 2.321999999999999845e-03 9.999970000000000248e-01 -3.621659999999999879e-01 9.321120000000000516e-01 -1.850999999999999998e-03 -9.321129999999999693e-01 -3.621630000000000127e-01 1.647999999999999942e-03
8.000000000000000000e+00 2.500000000000000000e+01 5.500000000000000000e+01 0.000000000000000000e+00 1.600000000000000089e+00 9.829999999999999329e-04 -1.360000000000000098e-03 -9.999989999999999712e-01 -1.351499999999999924e-02 -9.999080000000000190e-01 1.347000000000000107e-03 -9.999080000000000190e-01 1.351399999999999997e-02 -1.002000000000000069e-03
1.700000000000000000e+01 2.500000000000000000e+01 5.500000000000000000e+01 0.000000000000000000e+00 1.600000000000000089e+00 2.790000000000000054e-04 1.492000000000000054e-03 -9.999989999999999712e-01 -1.484399999999999956e-02 -9.998890000000000278e-01 -1.495999999999999934e-03 -9.998899999999999455e-01 1.484500000000000056e-02 -2.570000000000000127e-04
2.700000000000000000e+01 2.500000000000000000e+01 5.500000000000000000e+01 0.000000000000000000e+00 1.600000000000000089e+00 -2.790000000000000054e-04 -1.193000000000000050e-03 -9.999989999999999712e-01 -1.121699999999999954e-02 -9.999360000000000470e-01 1.196000000000000014e-03 -9.999369999999999647e-01 1.121800000000000054e-02 2.660000000000000146e-04
1.100000000000000000e+01 6.800000000000000000e+01 5.700000000000000000e+01 0.000000000000000000e+00 1.600000000000000089e+00 -2.005999999999999971e-03 6.595000000000000168e-03 -9.999759999999999760e-01 -2.455120000000000080e-01 -9.693760000000000154e-01 -5.899999999999999863e-03 -9.693920000000000314e-01 2.454939999999999900e-01 3.563999999999999894e-03
1.600000000000000000e+01 6.800000000000000000e+01 5.700000000000000000e+01 0.000000000000000000e+00 1.600000000000000089e+00 -4.580000000000000195e-04 -1.203000000000000076e-03 -9.999989999999999712e-01 -2.440730000000000122e-01 -9.697559999999999514e-01 1.278999999999999972e-03 -9.697569999999999801e-01 2.440740000000000132e-01 1.510000000000000112e-04
5.000000000000000000e+00 2.100000000000000000e+01 6.000000000000000000e+01 0.000000000000000000e+00 1.600000000000000089e+00 7.950000000000000252e-04 -2.759000000000000168e-03 9.999959999999999960e-01 -8.979600000000000082e-02 9.959559999999999524e-01 2.820000000000000024e-03 -9.959599999999999564e-01 -8.979800000000000282e-02 5.439999999999999957e-04
2.300000000000000000e+01 2.100000000000000000e+01 6.000000000000000000e+01 0.000000000000000000e+00 1.600000000000000089e+00 -1.350000000000000017e-04 -9.742999999999999924e-03 9.999529999999999808e-01 -9.301299999999999846e-02 9.956180000000000030e-01 9.688000000000000431e-03 -9.956650000000000222e-01 -9.300799999999999346e-02 -1.041000000000000042e-03
2.600000000000000000e+01 2.100000000000000000e+01 6.000000000000000000e+01 0.000000000000000000e+00 1.600000000000000089e+00 -1.946000000000000030e-03 1.647999999999999942e-03 9.999970000000000248e-01 -9.365900000000000614e-02 9.956030000000000157e-01 -1.822999999999999968e-03 -9.956019999999999870e-01 -9.366199999999999526e-02 -1.783000000000000080e-03
7.000000000000000000e+00 2.700000000000000000e+01 6.300000000000000000e+01 0.000000000000000000e+00 1.600000000000000089e+00 1.459999999999999981e-04 -1.753000000000000001e-03 9.999980000000000535e-01 -2.789159999999999973e-01 9.603140000000000009e-01 1.724999999999999971e-03 -9.603150000000000297e-01 -2.789159999999999973e-01 -3.480000000000000020e-04
1.300000000000000000e+01 2.700000000000000000e+01 6.300000000000000000e+01 0.000000000000000000e+00 1.600000000000000089e+00 -1.971999999999999795e-03 -1.709999999999999932e-03 9.999970000000000248e-01 -2.769789999999999752e-01 9.608750000000000346e-01 1.097000000000000102e-03 -9.608740000000000059e-01 -2.769750000000000267e-01 -2.369000000000000012e-03
1.800000000000000000e+01 2.700000000000000000e+01 6.300000000000000000e+01 0.000000000000000000e+00 1.600000000000000089e+00 -9.510000000000000224e-04 -2.991000000000000169e-03 9.999949999999999672e-01 -2.776060000000000194e-01 9.606909999999999616e-01 2.609999999999999907e-03 -9.606940000000000479e-01 -2.776029999999999887e-01 -1.744000000000000107e-03
2.500000000000000000e+01 2.700000000000000000e+01 6.300000000000000000e+01 0.000000000000000000e+00 1.600000000000000089e+00 -2.252000000000000095e-03 -1.044999999999999922e-02 9.999430000000000263e-01 -2.777290000000000036e-01 9.606130000000000502e-01 9.414000000000000493e-03 -9.606569999999999832e-01 -2.776919999999999944e-01 -5.066000000000000190e-03
2.800000000000000000e+01 2.700000000000000000e+01 6.300000000000000000e+01 0.000000000000000000e+00 1.600000000000000089e+00 -1.699999999999999905e-03 -6.509000000000000029e-03 9.999770000000000048e-01 -2.765420000000000100e-01 9.609839999999999494e-01 5.785000000000000211e-03 -9.609999999999999654e-01 -2.765259999999999940e-01 -3.433999999999999986e-03
1.200000000000000000e+01 2.600000000000000000e+01 6.400000000000000000e+01 0.000000000000000000e+00 1.600000000000000089e+00 -2.956999999999999993e-03 -3.060000000000000111e-04 9.999959999999999960e-01 -3.538979999999999904e-01 9.352840000000000042e-01 -7.609999999999999577e-04 -9.352789999999999715e-01 -3.538990000000000191e-01 -2.873999999999999819e-03
2.000000000000000000e+01 2.600000000000000000e+01 6.400000000000000000e+01 0.000000000000000000e+00 1.600000000000000089e+00 -7.339999999999999520e-04 -3.197000000000000189e-03 9.999949999999999672e-01 -3.590240000000000098e-01 9.333249999999999602e-01 2.720000000000000195e-03 -9.333280000000000465e-01 -3.590200000000000058e-01 -1.832999999999999994e-03
2.600000000000000000e+01 2.600000000000000000e+01 6.400000000000000000e+01 0.000000000000000000e+00 1.600000000000000089e+00 -2.243000000000000202e-03 -9.794000000000000622e-03 9.999500000000000055e-01 -3.615579999999999905e-01 9.323129999999999473e-01 8.321000000000000271e-03 -9.323470000000000368e-01 -3.615209999999999813e-01 -5.631999999999999854e-03
9.000000000000000000e+00 4.400000000000000000e+01 7.300000000000000000e+01 0.000000000000000000e+00 1.600000000000000089e+00 6.558999999999999726e-03 -2.464200000000000071e-02 9.996749999999999803e-01 4.693699999999999956e-02 -9.985870000000000024e-01 -2.492300000000000071e-02 9.988759999999999861e-01 4.708500000000000185e-02 -5.393000000000000224e-03
