4.000000000000000000e+00 2.500000000000000000e+01 1.000000000000000000e+00 0.000000000000000000e+00 1.600000000000000089e+00 -1.291000000000000047e-03 1.440000000000000091e-03 -9.999980000000000535e-01 -5.310979999999999590e-01 -8.473100000000000076e-01 -5.349999999999999938e-04 -8.473089999999999788e-01 5.310970000000000413e-01 1.858000000000000059e-03
1.400000000000000000e+01 2.500000000000000000e+01 1.000000000000000000e+00 0.000000000000000000e+00 1.600000000000000089e+00 5.399999999999999798e-05 -7.922000000000000222e-03 -9.999689999999999968e-01 -5.280319999999999458e-01 -8.491980000000000084e-01 6.699000000000000093e-03 -8.492239999999999789e-01 5.280150000000000121e-01 -4.229000000000000120e-03
2.900000000000000000e+01 3.000000000000000000e+00 4.000000000000000000e+00 0.000000000000000000e+00 1.600000000000000089e+00 1.254540000000000100e-01 4.961299999999999738e-02 -9.908580000000000165e-01 -9.019089999999999607e-01 -4.103720000000000145e-01 -1.347389999999999977e-01 -4.133049999999999780e-01 9.105680000000000440e-01 -6.736999999999999933e-03
2.000000000000000000e+00 1.500000000000000000e+01 4.000000000000000000e+00 0.000000000000000000e+00 1.600000000000000089e+00 -1.410999999999999928e-03 -3.438000000000000084e-03 9.999930000000000208e-01 3.279460000000000153e-01 -9.446919999999999762e-01 -2.785000000000000149e-03 9.446949999999999514e-01 3.279400000000000093e-01 2.461000000000000080e-03
5.000000000000000000e+00 1.500000000000000000e+01 4.000000000000000000e+00 0.000000000000000000e+00 1.600000000000000089e+00 -7.910000000000000364e-04 -3.739999999999999835e-03 9.999930000000000208e-01 3.195850000000000080e-01 -9.475519999999999499e-01 -3.291000000000000088e-03 9.475569999999999826e-01 3.195799999999999752e-01 1.944999999999999897e-03
1.200000000000000000e+01 1.500000000000000000e+01 4.000000000000000000e+00 0.000000000000000000e+00 1.600000000000000089e+00 -2.203999999999999796e-03 -7.585999999999999861e-03 9.999689999999999968e-01 3.106389999999999985e-01 -9.505059999999999620e-01 -6.525999999999999683e-03 9.505249999999999533e-01 3.106149999999999745e-01 4.451000000000000095e-03
1.700000000000000000e+01 1.500000000000000000e+01 4.000000000000000000e+00 0.000000000000000000e+00 1.600000000000000089e+00 1.679999999999999907e-04 -4.232999999999999784e-03 9.999909999999999632e-01 3.137469999999999981e-01 -9.494979999999999531e-01 -4.072000000000000099e-03 9.495059999999999611e-01 3.137449999999999961e-01 1.167999999999999984e-03
2.300000000000000000e+01 1.500000000000000000e+01 4.000000000000000000e+00 0.000000000000000000e+00 1.600000000000000089e+00 -4.253999999999999969e-03 -5.990000000000000316e-04 9.999909999999999632e-01 3.154950000000000254e-01 -9.489269999999999650e-01 7.739999999999999485e-04 9.489180000000000392e-01 3.154950000000000254e-01 4.224999999999999589e-03
3.000000000000000000e+01 1.500000000000000000e+01 4.000000000000000000e+00 0.000000000000000000e+00 1.600000000000000089e+00 -3.147000000000000058e-03 -2.654000000000000109e-03 9.999919999999999920e-01 3.139100000000000223e-01 -9.494510000000000449e-01 -1.531999999999999942e-03 9.494470000000000409e-01 3.139029999999999876e-01 3.821000000000000178e-03
5.000000000000000000e+00 2.500000000000000000e+01 8.000000000000000000e+00 0.000000000000000000e+00 1.600000000000000089e+00 2.590999999999999987e-03 8.812000000000000388e-03 -9.999580000000000135e-01 4.477909999999999946e-01 8.940919999999999979e-01 9.039000000000000160e-03 8.941339999999999844e-01 -4.477960000000000274e-01 -1.629999999999999939e-03
1.100000000000000000e+01 2.500000000000000000e+01 8.000000000000000000e+00 0.000000000000000000e+00 1.600000000000000089e+00 -6.790000000000000245e-04 7.196000000000000139e-03 -9.999740000000000295e-01 4.450049999999999839e-01 8.955070000000000530e-01 6.141999999999999890e-03 8.955279999999999907e-01 -4.449890000000000234e-01 -3.811000000000000151e-03
1.700000000000000000e+01 2.500000000000000000e+01 8.000000000000000000e+00 0.000000000000000000e+00 1.600000000000000089e+00 1.598999999999999944e-03 5.440999999999999656e-03 -9.999839999999999840e-01 4.463429999999999898e-01 8.948450000000000015e-01 5.582000000000000156e-03 8.948610000000000175e-01 -4.463449999999999918e-01 -9.979999999999999722e-04
2.400000000000000000e+01 2.500000000000000000e+01 8.000000000000000000e+00 0.000000000000000000e+00 1.600000000000000089e+00 1.279999999999999942e-04 -6.890000000000000508e-04 -1.000000000000000000e+00 4.442720000000000002e-01 8.958920000000000217e-01 -5.609999999999999752e-04 8.958920000000000217e-01 -4.442720000000000002e-01 4.200000000000000174e-04
2.000000000000000000e+00 2.400000000000000000e+01 9.000000000000000000e+00 0.000000000000000000e+00 1.600000000000000089e+00 7.690000000000000438e-04 2.573999999999999899e-03 -9.999959999999999960e-01 4.549130000000000118e-01 8.905319999999999903e-01 2.641999999999999817e-03 8.905359999999999943e-01 -4.549130000000000118e-01 -4.859999999999999954e-04
5.000000000000000000e+00 2.400000000000000000e+01 9.000000000000000000e+00 0.000000000000000000e+00 1.600000000000000089e+00 3.023000000000000079e-03 9.662000000000000449e-03 -9.999489999999999768e-01 4.519239999999999924e-01 8.920010000000000439e-01 9.985000000000000819e-03 8.920510000000000383e-01 -4.519310000000000271e-01 -1.670000000000000043e-03
1.100000000000000000e+01 2.400000000000000000e+01 9.000000000000000000e+00 0.000000000000000000e+00 1.600000000000000089e+00 -1.000999999999999937e-03 7.719000000000000167e-03 -9.999700000000000255e-01 4.489989999999999815e-01 8.935089999999999977e-01 6.447999999999999739e-03 8.935319999999999929e-01 -4.489790000000000170e-01 -4.360000000000000160e-03
1.700000000000000000e+01 2.400000000000000000e+01 9.000000000000000000e+00 0.000000000000000000e+00 1.600000000000000089e+00 1.111000000000000008e-03 4.355999999999999629e-03 -9.999900000000000455e-01 4.509920000000000040e-01 8.925170000000000048e-01 4.388999999999999672e-03 8.925269999999999593e-01 -4.509929999999999772e-01 -9.730000000000000151e-04
2.500000000000000000e+01 2.400000000000000000e+01 9.000000000000000000e+00 0.000000000000000000e+00 1.600000000000000089e+00 -6.179999999999999513e-04 -5.023999999999999820e-03 -9.999869999999999592e-01 4.505049999999999888e-01 8.927610000000000268e-01 -4.762999999999999873e-03 8.927739999999999565e-01 -4.505020000000000135e-01 1.711999999999999980e-03
5.000000000000000000e+00 4.000000000000000000e+00 1.100000000000000000e+01 0.000000000000000000e+00 1.600000000000000089e+00 -5.348000000000000323e-03 -3.163200000000000039e-02 -9.994849999999999568e-01 2.365369999999999973e-01 9.710950000000000415e-01 -3.199899999999999967e-02 9.716080000000000272e-01 -2.365859999999999908e-01 2.288000000000000103e-03
3.000000000000000000e+00 1.040000000000000000e+02 1.100000000000000000e+01 0.000000000000000000e+00 1.600000000000000089e+00 -5.860000000000000408e-04 1.025000000000000086e-03 9.999989999999999712e-01 -9.771300000000000541e-01 -2.126429999999999987e-01 -3.550000000000000096e-04 2.126419999999999977e-01 -9.771290000000000253e-01 1.126000000000000048e-03
1.700000000000000000e+01 5.000000000000000000e+00 1.200000000000000000e+01 0.000000000000000000e+00 1.600000000000000089e+00 1.290499999999999980e-02 -1.192140000000000005e-01 9.927850000000000286e-01 -2.325889999999999902e-01 9.652760000000000229e-01 1.189339999999999981e-01 -9.724890000000000478e-01 -2.324460000000000137e-01 -1.527099999999999985e-02
3.000000000000000000e+00 3.100000000000000000e+01 1.200000000000000000e+01 0.000000000000000000e+00 1.600000000000000089e+00 -7.940000000000000009e-04 1.159000000000000091e-03 9.999989999999999712e-01 5.453999999999999647e-03 9.999839999999999840e-01 -1.154999999999999994e-03 -9.999850000000000128e-01 5.453000000000000382e-03 -8.000000000000000383e-04
7.000000000000000000e+00 3.100000000000000000e+01 1.200000000000000000e+01 0.000000000000000000e+00 1.600000000000000089e+00 -4.049999999999999781e-04 4.781999999999999792e-03 9.999879999999999880e-01 6.276000000000000328e-03 9.999689999999999968e-01 -4.780000000000000394e-03 -9.999799999999999800e-01 6.274000000000000063e-03 -4.350000000000000026e-04
1.200000000000000000e+01 3.100000000000000000e+01 1.200000000000000000e+01 0.000000000000000000e+00 1.600000000000000089e+00 2.351999999999999924e-03 -7.839999999999999747e-03 9.999670000000000503e-01 4.709999999999999777e-03 9.999580000000000135e-01 7.828999999999999154e-03 -9.999860000000000415e-01 4.691999999999999990e-03 2.389000000000000064e-03
1.800000000000000000e+01 3.100000000000000000e+01 1.200000000000000000e+01 0.000000000000000000e+00 1.600000000000000089e+00 7.010000000000000172e-04 7.299999999999999903e-05 1.000000000000000000e+00 8.570000000000000144e-04 1.000000000000000000e+00 -7.299999999999999903e-05 -9.999989999999999712e-01 8.570000000000000144e-04 7.010000000000000172e-04
2.600000000000000000e+01 3.100000000000000000e+01 1.200000000000000000e+01 0.000000000000000000e+00 1.600000000000000089e+00 -1.428999999999999932e-03 -7.399999999999999894e-04 9.999989999999999712e-01 -1.550000000000000000e-04 1.000000000000000000e+00 7.389999999999999651e-04 -9.999989999999999712e-01 -1.540000000000000028e-04 -1.428999999999999932e-03
2.100000000000000000e+01 3.200000000000000000e+01 1.400000000000000000e+01 0.000000000000000000e+00 1.600000000000000089e+00 1.216999999999999983e-03 2.072000000000000057e-03 -9.999970000000000248e-01 1.033560000000000034e-01 9.946420000000000261e-01 2.187000000000000142e-03 9.946439999999999726e-01 -1.033590000000000064e-01 9.959999999999999236e-04
3.000000000000000000e+01 3.200000000000000000e+01 1.400000000000000000e+01 0.000000000000000000e+00 1.600000000000000089e+00 -3.176000000000000004e-03 -8.501999999999999141e-03 -9.999590000000000423e-01 1.064329999999999998e-01 9.942809999999999704e-01 -8.791999999999999468e-03 9.943149999999999489e-01 -1.064559999999999951e-01 -2.252999999999999794e-03
2.000000000000000000e+00 1.200000000000000000e+01 1.500000000000000000e+01 0.000000000000000000e+00 1.600000000000000089e+00 1.708000000000000100e-03 -2.809999999999999998e-04 -9.999989999999999712e-01 -4.709090000000000220e-01 -8.821820000000000217e-01 -5.559999999999999621e-04 -8.821799999999999642e-01 4.709090000000000220e-01 -1.639000000000000049e-03
9.000000000000000000e+00 1.200000000000000000e+01 1.500000000000000000e+01 0.000000000000000000e+00 1.600000000000000089e+00 8.729999999999999696e-04 5.636999999999999650e-03 -9.999839999999999840e-01 -4.693269999999999942e-01 -8.830080000000000151e-01 -5.387000000000000295e-03 -8.830240000000000311e-01 4.693240000000000189e-01 1.874000000000000015e-03
1.500000000000000000e+01 1.200000000000000000e+01 1.500000000000000000e+01 0.000000000000000000e+00 1.600000000000000089e+00 8.909999999999999734e-04 1.845999999999999985e-03 -9.999980000000000535e-01 -4.726079999999999726e-01 -8.812699999999999978e-01 -2.047999999999999907e-03 -8.812720000000000553e-01 4.726090000000000013e-01 8.700000000000000051e-05
2.200000000000000000e+01 1.200000000000000000e+01 1.500000000000000000e+01 0.000000000000000000e+00 1.600000000000000089e+00 1.861999999999999940e-03 3.720000000000000216e-03 -9.999909999999999632e-01 -4.695900000000000074e-01 -8.828749999999999654e-01 -4.159000000000000370e-03 -8.828829999999999734e-01 4.695929999999999827e-01 1.029999999999999964e-04
2.800000000000000000e+01 1.200000000000000000e+01 1.500000000000000000e+01 0.000000000000000000e+00 1.600000000000000089e+00 2.291000000000000068e-03 2.867999999999999890e-03 -9.999930000000000208e-01 -4.694409999999999972e-01 -8.829569999999999919e-01 -3.608000000000000096e-03 -8.829609999999999959e-01 4.694459999999999744e-01 -6.769999999999999759e-04
2.200000000000000000e+01 1.160000000000000000e+02 1.600000000000000000e+01 0.000000000000000000e+00 1.600000000000000089e+00 -2.722000000000000027e-03 -1.962000000000000202e-03 9.999940000000000495e-01 8.063460000000000072e-01 5.914350000000000440e-01 3.354999999999999909e-03 -5.914380000000000193e-01 8.063510000000000399e-01 -2.799999999999999958e-05
6.000000000000000000e+00 2.000000000000000000e+00 1.900000000000000000e+01 0.000000000000000000e+00 1.600000000000000089e+00 -3.256000000000000213e-03 1.757000000000000098e-03 -9.999930000000000208e-01 2.155799999999999939e-01 -9.764829999999999899e-01 -2.416999999999999878e-03 -9.764810000000000434e-01 -2.155859999999999999e-01 2.801000000000000104e-03
1.500000000000000000e+01 2.000000000000000000e+00 1.900000000000000000e+01 0.000000000000000000e+00 1.600000000000000089e+00 -8.479000000000000425e-03 4.372000000000000018e-03 -9.999540000000000095e-01 2.186220000000000108e-01 -9.757900000000000462e-01 -6.119999999999999572e-03 -9.757730000000000015e-01 -2.186639999999999973e-01 7.317999999999999852e-03
2.100000000000000000e+01 2.000000000000000000e+00 1.900000000000000000e+01 0.000000000000000000e+00 1.600000000000000089e+00 -1.218299999999999939e-02 1.034400000000000076e-02 -9.998719999999999830e-01 2.356689999999999896e-01 -9.717470000000000274e-01 -1.292399999999999972e-02 -9.717569999999999819e-01 -2.357960000000000056e-01 9.400999999999999635e-03
2.500000000000000000e+01 2.000000000000000000e+00 1.900000000000000000e+01 0.000000000000000000e+00 1.600000000000000089e+00 -6.119000000000000307e-03 2.523900000000000102e-02 -9.996629999999999683e-01 2.400650000000000006e-01 -9.704099999999999948e-01 -2.597000000000000003e-02 -9.707379999999999898e-01 -2.401429999999999954e-01 -1.210000000000000002e-04
1.000000000000000000e+01 4.000000000000000000e+00 2.000000000000000000e+01 0.000000000000000000e+00 1.600000000000000089e+00 1.472000000000000001e-03 -2.858999999999999996e-03 -9.999949999999999672e-01 3.390850000000000253e-01 -9.407499999999999751e-01 3.188999999999999994e-03 -9.407550000000000079e-01 -3.390880000000000005e-01 -4.150000000000000043e-04
3.000000000000000000e+00 1.300000000000000000e+01 2.000000000000000000e+01 0.000000000000000000e+00 1.600000000000000089e+00 -1.190000000000000085e-03 -4.799999999999999580e-03 9.999879999999999880e-01 2.585259999999999780e-01 9.659919999999999618e-01 4.943999999999999610e-03 -9.660039999999999738e-01 2.585290000000000088e-01 9.100000000000000287e-05
1.300000000000000000e+01 1.300000000000000000e+01 2.000000000000000000e+01 0.000000000000000000e+00 1.600000000000000089e+00 -1.528999999999999977e-03 -1.807000000000000012e-03 9.999970000000000248e-01 2.634690000000000087e-01 9.646649999999999947e-01 2.145000000000000205e-03 -9.646670000000000522e-01 2.634719999999999840e-01 -9.990000000000001049e-04
1.900000000000000000e+01 1.300000000000000000e+01 2.000000000000000000e+01 0.000000000000000000e+00 1.600000000000000089e+00 1.814999999999999990e-03 -1.770000000000000089e-03 9.999970000000000248e-01 2.640839999999999854e-01 9.644989999999999952e-01 1.227000000000000009e-03 -9.644979999999999665e-01 2.640810000000000102e-01 2.217999999999999920e-03
2.500000000000000000e+01 1.300000000000000000e+01 2.000000000000000000e+01 0.000000000000000000e+00 1.600000000000000089e+00 -7.569999999999999689e-04 -3.595999999999999804e-03 9.999930000000000208e-01 2.658090000000000175e-01 9.640189999999999593e-01 3.667999999999999820e-03 -9.640250000000000208e-01 2.658099999999999907e-01 2.269999999999999882e-04
7.000000000000000000e+00 3.000000000000000000e+00 2.500000000000000000e+01 0.000000000000000000e+00 1.600000000000000089e+00 -2.497999999999999787e-03 -5.493999999999999752e-03 9.999820000000000375e-01 -2.011299999999999893e-02 -9.997819999999999485e-01 -5.543000000000000184e-03 9.997949999999999893e-01 -2.012699999999999906e-02 2.386999999999999799e-03
1.500000000000000000e+01 3.000000000000000000e+00 2.500000000000000000e+01 0.000000000000000000e+00 1.600000000000000089e+00 -2.765999999999999796e-03 -3.817000000000000080e-03 9.999890000000000168e-01 -2.226799999999999960e-02 -9.997449999999999948e-01 -3.877999999999999937e-03 9.997479999999999700e-01 -2.227900000000000019e-02 2.680999999999999790e-03
2.100000000000000000e+01 3.000000000000000000e+00 2.500000000000000000e+01 0.000000000000000000e+00 1.600000000000000089e+00 -2.811000000000000131e-03 3.497000000000000108e-03 9.999900000000000455e-01 -1.741499999999999992e-02 -9.998420000000000085e-01 3.446999999999999977e-03 9.998439999999999550e-01 -1.740500000000000033e-02 2.870999999999999854e-03
2.500000000000000000e+01 3.000000000000000000e+00 2.500000000000000000e+01 0.000000000000000000e+00 1.600000000000000089e+00 2.906000000000000163e-03 8.996999999999999789e-03 9.999550000000000383e-01 -2.030399999999999913e-02 -9.997530000000000028e-01 9.053999999999999548e-03 9.997899999999999565e-01 -2.032899999999999985e-02 -2.723000000000000160e-03
1.400000000000000000e+01 4.600000000000000000e+01 2.700000000000000000e+01 0.000000000000000000e+00 1.600000000000000089e+00 -3.079999999999999839e-03 1.168999999999999900e-03 -9.999949999999999672e-01 6.668530000000000291e-01 7.451879999999999615e-01 -1.182000000000000108e-03 7.451830000000000398e-01 -6.668530000000000291e-01 -3.075000000000000042e-03
2.400000000000000000e+01 4.600000000000000000e+01 2.700000000000000000e+01 0.000000000000000000e+00 1.600000000000000089e+00 1.304999999999999953e-03 6.530000000000000431e-04 -9.999989999999999712e-01 6.717629999999999990e-01 7.407650000000000068e-01 1.360000000000000098e-03 7.407650000000000068e-01 -6.717640000000000278e-01 5.280000000000000405e-04
8.000000000000000000e+00 4.600000000000000000e+01 3.000000000000000000e+01 0.000000000000000000e+00 1.600000000000000089e+00 8.239999999999999712e-04 6.000000000000000152e-06 -1.000000000000000000e+00 3.153650000000000064e-01 9.489699999999999802e-01 2.649999999999999903e-04 9.489699999999999802e-01 -3.153659999999999797e-01 7.799999999999999859e-04
1.300000000000000000e+01 4.600000000000000000e+01 3.000000000000000000e+01 0.000000000000000000e+00 1.600000000000000089e+00 -3.024999999999999911e-03 -1.149999999999999981e-03 -9.999949999999999672e-01 3.162909999999999888e-01 9.486599999999999477e-01 -2.047999999999999907e-03 9.486580000000000013e-01 -3.162949999999999928e-01 -2.505999999999999981e-03
1.700000000000000000e+01 4.600000000000000000e+01 3.000000000000000000e+01 0.000000000000000000e+00 1.600000000000000089e+00 -2.158999999999999895e-03 3.589999999999999984e-04 -9.999980000000000535e-01 3.160290000000000044e-01 9.487489999999999535e-01 -3.409999999999999945e-04 9.487470000000000070e-01 -3.160290000000000044e-01 -2.161999999999999859e-03
4.000000000000000000e+00 5.800000000000000000e+01 3.100000000000000000e+01 0.000000000000000000e+00 1.600000000000000089e+00 -2.020000000000000094e-03 -3.477000000000000056e-03 9.999919999999999920e-01 -7.815560000000000285e-01 -6.238240000000000451e-01 -3.748000000000000029e-03 6.238320000000000531e-01 -7.815569999999999462e-01 -1.456999999999999962e-03
1.200000000000000000e+01 5.800000000000000000e+01 3.100000000000000000e+01 0.000000000000000000e+00 1.600000000000000089e+00 -4.840000000000000010e-04 3.390000000000000001e-04 1.000000000000000000e+00 -7.897509999999999808e-01 -6.134269999999999445e-01 -1.740000000000000010e-04 6.134269999999999445e-01 -7.897509999999999808e-01 5.649999999999999641e-04
1.700000000000000000e+01 5.800000000000000000e+01 3.100000000000000000e+01 0.000000000000000000e+00 1.600000000000000089e+00 1.448999999999999984e-03 1.794999999999999938e-03 9.999970000000000248e-01 -7.897420000000000551e-01 -6.134349999999999525e-01 2.245000000000000034e-03 6.134370000000000100e-01 -7.897429999999999728e-01 5.289999999999999564e-04
2.300000000000000000e+01 5.800000000000000000e+01 3.100000000000000000e+01 0.000000000000000000e+00 1.600000000000000089e+00 1.417999999999999990e-03 4.200999999999999873e-03 9.999900000000000455e-01 -7.872820000000000373e-01 -6.165819999999999634e-01 3.706000000000000093e-03 6.165910000000000002e-01 -7.872799999999999798e-01 2.432999999999999833e-03
2.900000000000000000e+01 5.800000000000000000e+01 3.100000000000000000e+01 0.000000000000000000e+00 1.600000000000000089e+00 1.340000000000000045e-04 -6.003999999999999788e-03 9.999820000000000375e-01 -7.825860000000000039e-01 -6.225330000000000030e-01 -3.632999999999999945e-03 6.225429999999999575e-01 -7.825710000000000166e-01 -4.781999999999999792e-03
1.000000000000000000e+01 4.600000000000000000e+01 3.500000000000000000e+01 0.000000000000000000e+00 1.600000000000000089e+00 -1.505999999999999960e-03 -4.350000000000000026e-04 -9.999989999999999712e-01 3.903340000000000143e-01 -9.206729999999999636e-01 -1.879999999999999890e-04 -9.206720000000000459e-01 -3.903340000000000143e-01 1.556000000000000091e-03
1.200000000000000000e+01 4.600000000000000000e+01 3.500000000000000000e+01 0.000000000000000000e+00 1.600000000000000089e+00 -1.378000000000000102e-03 2.528999999999999998e-03 -9.999959999999999960e-01 3.899299999999999988e-01 -9.208399999999999919e-01 -2.866000000000000058e-03 -9.208439999999999959e-01 -3.899320000000000008e-01 2.820000000000000241e-04
2.200000000000000000e+01 4.600000000000000000e+01 3.500000000000000000e+01 0.000000000000000000e+00 1.600000000000000089e+00 -3.770000000000000022e-04 2.252000000000000095e-03 -9.999970000000000248e-01 3.907880000000000242e-01 -9.204780000000000184e-01 -2.220000000000000185e-03 -9.204809999999999937e-01 -3.907869999999999955e-01 -5.330000000000000536e-04
2.500000000000000000e+01 4.600000000000000000e+01 3.500000000000000000e+01 0.000000000000000000e+00 1.600000000000000089e+00 -4.949999999999999973e-04 -1.613999999999999983e-03 -9.999989999999999712e-01 3.907149999999999790e-01 -9.205109999999999681e-01 1.293000000000000095e-03 -9.205119999999999969e-01 -3.907140000000000057e-01 1.085999999999999943e-03
9.000000000000000000e+00 3.000000000000000000e+00 4.300000000000000000e+01 0.000000000000000000e+00 1.600000000000000089e+00 -5.229000000000000141e-03 -6.493999999999999773e-03 -9.999649999999999928e-01 7.374370000000000092e-01 -6.754160000000000164e-01 5.299999999999999807e-04 -6.753959999999999964e-01 -7.374089999999999812e-01 8.319999999999999271e-03
2.300000000000000000e+01 3.000000000000000000e+00 4.300000000000000000e+01 0.000000000000000000e+00 1.600000000000000089e+00 -9.500000000000000523e-05 -9.660000000000000184e-03 -9.999529999999999808e-01 7.408449999999999758e-01 -6.716459999999999653e-01 6.418000000000000094e-03 -6.716769999999999685e-01 -7.408090000000000508e-01 7.220999999999999988e-03
2.900000000000000000e+01 3.000000000000000000e+00 4.300000000000000000e+01 0.000000000000000000e+00 1.600000000000000089e+00 -1.124700000000000005e-02 -1.530499999999999916e-02 -9.998200000000000420e-01 7.371720000000000494e-01 -6.757030000000000536e-01 2.050999999999999872e-03 -6.756119999999999903e-01 -7.370149999999999757e-01 1.888199999999999948e-02
1.000000000000000000e+01 8.000000000000000000e+00 4.400000000000000000e+01 0.000000000000000000e+00 1.600000000000000089e+00 7.529999999999999801e-04 -4.081999999999999691e-03 9.999909999999999632e-01 -7.845689999999999609e-01 -6.200390000000000068e-01 -1.941000000000000017e-03 6.200409999999999533e-01 -7.845609999999999529e-01 -3.668999999999999952e-03
3.000000000000000000e+00 2.900000000000000000e+01 4.400000000000000000e+01 0.000000000000000000e+00 1.600000000000000089e+00 -9.359999999999999831e-04 2.282000000000000174e-03 -9.999970000000000248e-01 6.529209999999999736e-01 7.574250000000000149e-01 1.116999999999999937e-03 7.574250000000000149e-01 -6.529179999999999984e-01 -2.199000000000000000e-03
6.000000000000000000e+00 2.900000000000000000e+01 4.400000000000000000e+01 0.000000000000000000e+00 1.600000000000000089e+00 4.360000000000000269e-04 1.797999999999999902e-03 -9.999980000000000535e-01 6.562769999999999992e-01 7.545190000000000508e-01 1.642000000000000013e-03 7.545199999999999685e-01 -6.562759999999999705e-01 -8.509999999999999769e-04
1.100000000000000000e+01 2.900000000000000000e+01 4.400000000000000000e+01 0.000000000000000000e+00 1.600000000000000089e+00 1.320000000000000101e-04 8.170000000000000179e-04 -1.000000000000000000e+00 6.635240000000000027e-01 7.481550000000000145e-01 6.989999999999999686e-04 7.481550000000000145e-01 -6.635229999999999739e-01 -4.429999999999999802e-04
1.600000000000000000e+01 2.900000000000000000e+01 4.400000000000000000e+01 0.000000000000000000e+00 1.600000000000000089e+00 1.010000000000000047e-03 -3.809999999999999910e-04 -9.999989999999999712e-01 6.581839999999999913e-01 7.528569999999999984e-01 3.780000000000000265e-04 7.528559999999999697e-01 -6.581839999999999913e-01 1.012000000000000096e-03
2.100000000000000000e+01 2.900000000000000000e+01 4.400000000000000000e+01 0.000000000000000000e+00 1.600000000000000089e+00 6.880000000000000265e-04 -1.562999999999999936e-03 -9.999989999999999712e-01 6.513139999999999485e-01 7.588080000000000380e-01 -7.380000000000000492e-04 7.588080000000000380e-01 -6.513130000000000308e-01 1.539999999999999919e-03
2.800000000000000000e+01 2.900000000000000000e+01 4.400000000000000000e+01 0.000000000000000000e+00 1.600000000000000089e+00 1.240000000000000054e-04 6.369999999999999794e-04 -1.000000000000000000e+00 6.475790000000000157e-01 7.619979999999999531e-01 5.659999999999999884e-04 7.619979999999999531e-01 -6.475790000000000157e-01 -3.179999999999999776e-04
1.600000000000000000e+01 6.500000000000000000e+01 4.600000000000000000e+01 0.000000000000000000e+00 1.600000000000000089e+00 -5.950000000000000427e-04 -2.150000000000000001e-03 9.999970000000000248e-01 6.807229999999999670e-01 -7.325399999999999689e-01 -1.168999999999999900e-03 7.325409999999999977e-01 6.807199999999999918e-01 1.899000000000000080e-03
2.600000000000000000e+01 6.500000000000000000e+01 4.600000000000000000e+01 0.000000000000000000e+00 1.600000000000000089e+00 7.540000000000000044e-04 -4.035999999999999657e-03 9.999919999999999920e-01 6.817539999999999711e-01 -7.315739999999999466e-01 -3.467000000000000030e-03 7.315819999999999546e-01 6.817499999999999671e-01 2.200000000000000133e-03
2.400000000000000000e+01 7.000000000000000000e+01 4.700000000000000000e+01 0.000000000000000000e+00 1.600000000000000089e+00 -4.699999999999999859e-04 6.840000000000000377e-04 -1.000000000000000000e+00 -8.428229999999999889e-01 -5.381899999999999462e-01 2.799999999999999958e-05 -5.381899999999999462e-01 8.428229999999999889e-01 8.289999999999999843e-04
1.400000000000000000e+01 5.000000000000000000e+00 5.100000000000000000e+01 0.000000000000000000e+00 1.600000000000000089e+00 2.820000000000000241e-04 -2.090999999999999977e-03 -9.999980000000000535e-01 4.787449999999999761e-01 -8.779519999999999547e-01 1.971000000000000096e-03 -8.779540000000000122e-01 -4.787449999999999761e-01 7.529999999999999801e-04
1.700000000000000000e+01 5.000000000000000000e+00 5.100000000000000000e+01 0.000000000000000000e+00 1.600000000000000089e+00 7.389999999999999651e-04 6.068999999999999742e-03 -9.999810000000000088e-01 4.794269999999999921e-01 -8.775680000000000147e-01 -4.971999999999999857e-03 -8.775810000000000555e-01 -4.794149999999999801e-01 -3.557999999999999965e-03
2.500000000000000000e+01 5.000000000000000000e+00 5.100000000000000000e+01 0.000000000000000000e+00 1.600000000000000089e+00 1.067000000000000023e-03 -2.866000000000000058e-03 -9.999949999999999672e-01 4.725449999999999928e-01 -8.813010000000000010e-01 3.030000000000000141e-03 -8.813060000000000338e-01 -4.725460000000000216e-01 4.139999999999999800e-04
9.000000000000000000e+00 1.150000000000000000e+02 5.100000000000000000e+01 0.000000000000000000e+00 1.600000000000000089e+00 1.632999999999999903e-03 6.819999999999999890e-04 9.999980000000000535e-01 8.447900000000000409e-01 -5.350970000000000448e-01 -1.015000000000000060e-03 5.350960000000000161e-01 8.447900000000000409e-01 -1.449999999999999900e-03
1.700000000000000000e+01 7.000000000000000000e+00 5.200000000000000000e+01 0.000000000000000000e+00 1.600000000000000089e+00 1.018000000000000025e-03 1.941000000000000017e-03 -9.999980000000000535e-01 1.179499999999999993e-01 -9.930179999999999563e-01 -1.807000000000000012e-03 -9.930189999999999850e-01 -1.179479999999999973e-01 -1.240000000000000000e-03
2.200000000000000000e+01 7.000000000000000000e+00 5.200000000000000000e+01 0.000000000000000000e+00 1.600000000000000089e+00 -6.019999999999999961e-04 3.000000000000000076e-05 -1.000000000000000000e+00 9.956199999999999772e-02 -9.950309999999999988e-01 -9.000000000000000567e-05 -9.950309999999999988e-01 -9.956199999999999772e-02 5.959999999999999586e-04
5.000000000000000000e+00 6.300000000000000000e+01 5.400000000000000000e+01 0.000000000000000000e+00 1.600000000000000089e+00 4.339999999999999782e-04 -2.268000000000000051e-03 9.999970000000000248e-01 -3.500110000000000166e-01 9.367429999999999923e-01 2.275999999999999811e-03 -9.367459999999999676e-01 -3.500110000000000166e-01 -3.869999999999999742e-04
9.000000000000000000e+00 6.300000000000000000e+01 5.400000000000000000e+01 0.000000000000000000e+00 1.600000000000000089e+00 1.348999999999999939e-03 -8.559999999999999901e-04 9.999989999999999712e-01 -3.504410000000000025e-01 9.365839999999999721e-01 1.275000000000000092e-03 -9.365839999999999721e-01 -3.504419999999999757e-01 9.640000000000000131e-04
1.400000000000000000e+01 6.300000000000000000e+01 5.400000000000000000e+01 0.000000000000000000e+00 1.600000000000000089e+00 -8.790000000000000070e-04 -5.969999999999999829e-04 9.999989999999999712e-01 -3.450940000000000119e-01 9.385679999999999579e-01 2.570000000000000127e-04 -9.385679999999999579e-01 -3.450940000000000119e-01 -1.031000000000000015e-03
1.800000000000000000e+01 6.300000000000000000e+01 5.400000000000000000e+01 0.000000000000000000e+00 1.600000000000000089e+00 -1.103999999999999947e-03 2.900000000000000017e-04 9.999989999999999712e-01 -3.418829999999999925e-01 9.397419999999999662e-01 -6.499999999999999702e-04 -9.397419999999999662e-01 -3.418840000000000212e-01 -9.389999999999999476e-04
2.800000000000000000e+01 6.300000000000000000e+01 5.400000000000000000e+01 0.000000000000000000e+00 1.600000000000000089e+00 1.165000000000000020e-03 5.950000000000000427e-04 9.999989999999999712e-01 -3.331629999999999869e-01 9.428689999999999571e-01 -1.730000000000000038e-04 -9.428689999999999571e-01 -3.331620000000000137e-01 1.296999999999999976e-03
2.000000000000000000e+00 2.500000000000000000e+01 5.500000000000000000e+01 0.000000000000000000e+00 1.600000000000000089e+00 1.550000000000000000e-04 -7.950000000000000252e-04 -1.000000000000000000e+00 -1.246000000000000059e-02 -9.999219999999999775e-01 7.929999999999999766e-04 -9.999219999999999775e-01 1.246000000000000059e-02 -1.649999999999999991e-04
1.300000000000000000e+01 2.500000000000000000e+01 5.500000000000000000e+01 0.000000000000000000e+00 1.600000000000000089e+00 -9.870000000000000301e-04 -2.883000000000000146e-03 -9.999949999999999672e-01 -1.151399999999999993e-02 -9.999299999999999855e-01 2.893999999999999871e-03 -9.999329999999999607e-01 1.151699999999999946e-02 9.539999999999999869e-04
2.100000000000000000e+01 2.500000000000000000e+01 5.500000000000000000e+01 0.000000000000000000e+00 1.600000000000000089e+00 1.814999999999999990e-03 8.614000000000000129e-03 -9.999609999999999888e-01 -1.111799999999999941e-02 -9.999010000000000398e-01 -8.633999999999999314e-03 -9.999369999999999647e-01 1.113300000000000053e-02 -1.719000000000000042e-03
5.000000000000000000e+00 2.100000000000000000e+01 6.000000000000000000e+01 0.000000000000000000e+00 1.600000000000000089e+00 3.319999999999999926e-04 1.183000000000000024e-03 9.999989999999999712e-01 -9.425600000000000644e-02 9.955469999999999597e-01 -1.147000000000000016e-03 -9.955479999999999885e-01 -9.425600000000000644e-02 4.420000000000000101e-04
1.900000000000000000e+01 2.100000000000000000e+01 6.000000000000000000e+01 0.000000000000000000e+00 1.600000000000000089e+00 2.232000000000000043e-03 -1.621799999999999978e-02 9.998660000000000325e-01 -9.389400000000000523e-02 9.954479999999999995e-01 1.635599999999999901e-02 -9.955800000000000205e-01 -9.391800000000000148e-02 6.999999999999999929e-04
2.300000000000000000e+01 2.100000000000000000e+01 6.000000000000000000e+01 0.000000000000000000e+00 1.600000000000000089e+00 -2.489999999999999809e-04 -9.058000000000000079e-03 9.999590000000000423e-01 -9.060899999999999510e-02 9.958460000000000090e-01 8.998000000000000789e-03 -9.958869999999999667e-01 -9.060300000000000298e-02 -1.069000000000000072e-03
2.700000000000000000e+01 2.100000000000000000e+01 6.000000000000000000e+01 0.000000000000000000e+00 1.600000000000000089e+00 -1.420999999999999954e-03 -2.214999999999999955e-03 9.999959999999999960e-01 -8.896900000000000641e-02 9.960320000000000285e-01 2.079999999999999818e-03 -9.960329999999999462e-01 -8.896600000000000341e-02 -1.613000000000000067e-03
5.000000000000000000e+00 6.700000000000000000e+01 6.000000000000000000e+01 0.000000000000000000e+00 1.600000000000000089e+00 3.009999999999999980e-04 3.720999999999999915e-03 9.999930000000000208e-01 1.788669999999999982e-01 -9.838670000000000471e-01 3.606999999999999963e-03 9.838729999999999976e-01 1.788649999999999962e-01 -9.610000000000000486e-04
1.100000000000000000e+01 6.700000000000000000e+01 6.000000000000000000e+01 0.000000000000000000e+00 1.600000000000000089e+00 1.719999999999999958e-03 2.552000000000000015e-03 9.999949999999999672e-01 1.742829999999999935e-01 -9.846930000000000405e-01 2.213000000000000123e-03 9.846939999999999582e-01 1.742779999999999885e-01 -2.138999999999999842e-03
1.400000000000000000e+01 1.200000000000000000e+01 6.300000000000000000e+01 0.000000000000000000e+00 1.600000000000000089e+00 7.945999999999999938e-03 3.330000000000000169e-04 -9.999679999999999680e-01 -1.545980000000000132e-01 -9.879759999999999653e-01 -1.557999999999999923e-03 -9.879459999999999908e-01 1.546049999999999924e-01 -7.798000000000000244e-03
6.000000000000000000e+00 2.700000000000000000e+01 6.300000000000000000e+01 0.000000000000000000e+00 1.600000000000000089e+00 -7.600000000000000418e-05 -1.575999999999999927e-03 9.999989999999999712e-01 -2.722950000000000093e-01 9.622129999999999850e-01 1.495999999999999934e-03 -9.622140000000000137e-01 -2.722950000000000093e-01 -5.029999999999999749e-04
1.000000000000000000e+01 2.700000000000000000e+01 6.300000000000000000e+01 0.000000000000000000e+00 1.600000000000000089e+00 -4.979999999999999618e-04 -2.700000000000000035e-04 1.000000000000000000e+00 -2.743579999999999908e-01 9.616270000000000095e-01 1.230000000000000082e-04 -9.616270000000000095e-01 -2.743579999999999908e-01 -5.529999999999999976e-04
1.400000000000000000e+01 2.700000000000000000e+01 6.300000000000000000e+01 0.000000000000000000e+00 1.600000000000000089e+00 1.949999999999999965e-04 7.550000000000000287e-04 1.000000000000000000e+00 -2.729400000000000159e-01 9.620309999999999695e-01 -6.729999999999999871e-04 -9.620309999999999695e-01 -2.729400000000000159e-01 3.939999999999999817e-04
1.700000000000000000e+01 2.700000000000000000e+01 6.300000000000000000e+01 0.000000000000000000e+00 1.600000000000000089e+00 1.407000000000000048e-03 -8.599999999999999789e-04 9.999989999999999712e-01 -2.716759999999999731e-01 9.623880000000000212e-01 1.209999999999999921e-03 -9.623880000000000212e-01 -2.716770000000000018e-01 1.119999999999999902e-03
2.300000000000000000e+01 2.700000000000000000e+01 6.300000000000000000e+01 0.000000000000000000e+00 1.600000000000000089e+00 3.103999999999999988e-03 8.998000000000000789e-03 9.999550000000000383e-01 -2.679710000000000147e-01 9.633950000000000014e-01 -7.837000000000000216e-03 -9.634220000000000006e-01 -2.679349999999999787e-01 5.401999999999999684e-03
2.700000000000000000e+01 2.700000000000000000e+01 6.300000000000000000e+01 0.000000000000000000e+00 1.600000000000000089e+00 -2.586000000000000191e-03 -4.589000000000000197e-03 9.999860000000000415e-01 -2.649139999999999828e-01 9.642650000000000388e-01 3.739999999999999835e-03 -9.642690000000000428e-01 -2.649009999999999976e-01 -3.709000000000000057e-03
5.000000000000000000e+00 2.600000000000000000e+01 6.400000000000000000e+01 0.000000000000000000e+00 1.600000000000000089e+00 7.839999999999999747e-04 9.979999999999999722e-04 9.999989999999999712e-01 -3.515289999999999804e-01 9.361770000000000369e-01 -6.589999999999999721e-04 -9.361760000000000081e-01 -3.515289999999999804e-01 1.085000000000000027e-03
1.000000000000000000e+01 2.600000000000000000e+01 6.400000000000000000e+01 0.000000000000000000e+00 1.600000000000000089e+00 -3.620000000000000171e-04 -6.250000000000000130e-04 1.000000000000000000e+00 -3.539439999999999809e-01 9.352669999999999595e-01 4.560000000000000251e-04 -9.352669999999999595e-01 -3.539430000000000076e-01 -5.599999999999999509e-04
1.400000000000000000e+01 2.600000000000000000e+01 6.400000000000000000e+01 0.000000000000000000e+00 1.600000000000000089e+00 9.899999999999999404e-05 3.390000000000000001e-04 1.000000000000000000e+00 -3.530369999999999897e-01 9.356090000000000240e-01 -2.820000000000000241e-04 -9.356090000000000240e-01 -3.530369999999999897e-01 2.120000000000000031e-04
1.800000000000000000e+01 2.600000000000000000e+01 6.400000000000000000e+01 0.000000000000000000e+00 1.600000000000000089e+00 1.843999999999999936e-03 4.200000000000000174e-04 9.999980000000000535e-01 -3.514459999999999806e-01 9.362080000000000402e-01 2.550000000000000183e-04 -9.362059999999999826e-01 -3.514459999999999806e-01 1.874000000000000015e-03
2.200000000000000000e+01 2.600000000000000000e+01 6.400000000000000000e+01 0.000000000000000000e+00 1.600000000000000089e+00 1.451000000000000033e-03 6.439000000000000279e-03 9.999780000000000335e-01 -3.490570000000000062e-01 9.370849999999999458e-01 -5.527999999999999928e-03 -9.371000000000000441e-01 -3.490420000000000189e-01 3.606999999999999963e-03
2.600000000000000000e+01 2.600000000000000000e+01 6.400000000000000000e+01 0.000000000000000000e+00 1.600000000000000089e+00 -5.039999999999999992e-04 -3.884999999999999998e-03 9.999919999999999920e-01 -3.462850000000000095e-01 9.381230000000000402e-01 3.469999999999999994e-03 -9.381289999999999907e-01 -3.462810000000000055e-01 -1.817999999999999955e-03
5.000000000000000000e+00 6.900000000000000000e+01 6.600000000000000000e+01 0.000000000000000000e+00 1.600000000000000089e+00 4.623000000000000373e-03 -4.998999999999999971e-03 9.999770000000000048e-01 -9.496160000000000156e-01 3.133589999999999987e-01 5.956999999999999622e-03 -3.133810000000000207e-01 -9.496219999999999661e-01 -3.298000000000000150e-03
1.600000000000000000e+01 6.900000000000000000e+01 6.600000000000000000e+01 0.000000000000000000e+00 1.600000000000000089e+00 2.765999999999999796e-03 -4.001000000000000216e-03 9.999879999999999880e-01 -9.497409999999999464e-01 3.130140000000000144e-01 3.879000000000000069e-03 -3.130249999999999977e-01 -9.497400000000000286e-01 -2.933999999999999976e-03
2.000000000000000000e+00 2.500000000000000000e+01 7.300000000000000000e+01 0.000000000000000000e+00 1.600000000000000089e+00 -5.739999999999999660e-04 4.189999999999999931e-04 1.000000000000000000e+00 7.473899999999999988e-01 -6.643850000000000033e-01 7.069999999999999462e-04 6.643850000000000033e-01 7.473899999999999988e-01 6.799999999999999946e-05
1.600000000000000000e+01 2.500000000000000000e+01 7.300000000000000000e+01 0.000000000000000000e+00 1.600000000000000089e+00 -2.011999999999999900e-03 -3.082999999999999803e-03 9.999930000000000208e-01 7.452379999999999560e-01 -6.667990000000000306e-01 -5.569999999999999864e-04 6.667960000000000553e-01 7.452309999999999768e-01 3.638999999999999874e-03
2.200000000000000000e+01 2.500000000000000000e+01 7.300000000000000000e+01 0.000000000000000000e+00 1.600000000000000089e+00 3.950999999999999651e-03 1.513000000000000022e-03 9.999909999999999632e-01 7.503140000000000365e-01 -6.610789999999999722e-01 -1.964000000000000034e-03 6.610700000000000465e-01 7.503149999999999542e-01 -3.748000000000000029e-03
