2.000000000000000000e+00 1.500000000000000000e+01 4.000000000000000000e+00 0.000000000000000000e+00 1.600000000000000089e+00 -4.401999999999999663e-03 6.962000000000000306e-03 9.999660000000000215e-01 2.945539999999999825e-01 -9.556019999999999515e-01 7.950000000000000469e-03 9.556249999999999467e-01 2.945789999999999798e-01 2.155999999999999930e-03
5.000000000000000000e+00 1.500000000000000000e+01 4.000000000000000000e+00 0.000000000000000000e+00 1.600000000000000089e+00 -3.994000000000000154e-03 8.389999999999999888e-03 9.999569999999999848e-01 2.911230000000000206e-01 -9.566419999999999924e-01 9.190000000000000252e-03 9.566769999999999996e-01 2.911469999999999891e-01 1.378000000000000102e-03
7.000000000000000000e+00 1.600000000000000000e+01 4.000000000000000000e+00 0.000000000000000000e+00 1.600000000000000089e+00 -4.009999999999999676e-03 1.431100000000000080e-02 9.998890000000000278e-01 3.501000000000000223e-01 -9.365949999999999553e-01 1.480899999999999925e-02 9.367039999999999811e-01 3.501199999999999868e-01 -1.255000000000000039e-03
1.500000000000000000e+01 1.600000000000000000e+01 4.000000000000000000e+00 0.000000000000000000e+00 1.600000000000000089e+00 -3.383999999999999855e-03 2.837599999999999845e-02 9.995920000000000361e-01 3.390070000000000028e-01 -9.403719999999999857e-01 2.784299999999999969e-02 9.407780000000000031e-01 3.389619999999999855e-01 -6.437000000000000013e-03
1.800000000000000000e+01 1.600000000000000000e+01 4.000000000000000000e+00 0.000000000000000000e+00 1.600000000000000089e+00 -1.449999999999999900e-03 3.093500000000000069e-02 9.995199999999999640e-01 3.373860000000000192e-01 -9.409009999999999874e-01 2.961000000000000090e-02 9.413650000000000073e-01 3.372669999999999835e-01 -9.072999999999999468e-03
2.200000000000000000e+01 1.600000000000000000e+01 4.000000000000000000e+00 0.000000000000000000e+00 1.600000000000000089e+00 -2.769999999999999893e-03 2.637099999999999861e-02 9.996479999999999810e-01 3.349989999999999912e-01 -9.418659999999999810e-01 2.577499999999999930e-02 9.422150000000000247e-01 3.349520000000000275e-01 -6.225999999999999764e-03
2.900000000000000000e+01 1.600000000000000000e+01 4.000000000000000000e+00 0.000000000000000000e+00 1.600000000000000089e+00 -3.539000000000000045e-03 8.269999999999999574e-03 9.999599999999999600e-01 3.249130000000000074e-01 -9.457010000000000138e-01 8.972000000000000808e-03 9.457370000000000498e-01 3.249319999999999986e-01 6.599999999999999964e-04
1.100000000000000000e+01 1.010000000000000000e+02 7.000000000000000000e+00 0.000000000000000000e+00 1.600000000000000089e+00 2.292000000000000200e-03 6.534500000000000031e-02 9.978599999999999692e-01 8.879209999999999603e-01 4.588749999999999774e-01 -3.208899999999999947e-02 -4.599900000000000100e-01 8.860949999999999660e-01 -5.696899999999999881e-02
1.800000000000000000e+01 1.010000000000000000e+02 7.000000000000000000e+00 0.000000000000000000e+00 1.600000000000000089e+00 1.640000000000000019e-04 1.829400000000000123e-02 9.998329999999999718e-01 8.874279999999999946e-01 4.608670000000000266e-01 -8.578000000000000555e-03 -4.609469999999999956e-01 8.872809999999999864e-01 -1.615899999999999975e-02
4.000000000000000000e+00 1.500000000000000000e+01 8.000000000000000000e+00 0.000000000000000000e+00 1.600000000000000089e+00 9.008000000000000382e-03 9.289999999999999647e-03 -9.999160000000000270e-01 -5.820039999999999658e-01 -8.130849999999999467e-01 -1.279800000000000035e-02 -8.131359999999999699e-01 5.820710000000000051e-01 -1.917000000000000084e-03
8.000000000000000000e+00 1.500000000000000000e+01 8.000000000000000000e+00 0.000000000000000000e+00 1.600000000000000089e+00 9.782000000000000764e-03 1.684000000000000080e-02 -9.998099999999999765e-01 -5.799929999999999808e-01 -8.143909999999999760e-01 -1.939099999999999852e-02 -8.145630000000000370e-01 5.800729999999999498e-01 1.799999999999999951e-03
1.000000000000000000e+01 1.500000000000000000e+01 8.000000000000000000e+00 0.000000000000000000e+00 1.600000000000000089e+00 1.092300000000000042e-02 1.895399999999999863e-02 -9.997610000000000108e-01 -5.786639999999999562e-01 -8.152749999999999719e-01 -2.177899999999999975e-02 -8.154930000000000234e-01 5.787630000000000274e-01 2.063000000000000164e-03
1.700000000000000000e+01 1.500000000000000000e+01 8.000000000000000000e+00 0.000000000000000000e+00 1.600000000000000089e+00 9.931000000000000591e-03 2.637799999999999867e-02 -9.996030000000000193e-01 -5.736329999999999485e-01 -8.186569999999999681e-01 -2.730199999999999988e-02 -8.190520000000000023e-01 5.736759999999999637e-01 7.001000000000000278e-03
2.200000000000000000e+01 1.500000000000000000e+01 8.000000000000000000e+00 0.000000000000000000e+00 1.600000000000000089e+00 1.056799999999999927e-02 2.616100000000000023e-02 -9.996019999999999905e-01 -5.711850000000000538e-01 -8.203599999999999781e-01 -2.750899999999999873e-02 -8.207529999999999548e-01 5.712490000000000068e-01 6.274000000000000063e-03
2.700000000000000000e+01 1.500000000000000000e+01 8.000000000000000000e+00 0.000000000000000000e+00 1.600000000000000089e+00 6.137000000000000094e-03 1.637200000000000114e-02 -9.998470000000000413e-01 -5.677940000000000209e-01 -8.229959999999999498e-01 -1.696200000000000138e-02 -8.231479999999999908e-01 5.678109999999999546e-01 4.244999999999999642e-03
5.000000000000000000e+00 2.600000000000000000e+01 8.000000000000000000e+00 0.000000000000000000e+00 1.600000000000000089e+00 -8.640999999999999376e-03 -1.334199999999999969e-02 -9.998740000000000405e-01 4.047499999999999987e-01 9.142930000000000224e-01 -1.569800000000000015e-02 9.143869999999999498e-01 -4.048340000000000272e-01 -2.500000000000000052e-03
1.100000000000000000e+01 2.600000000000000000e+01 8.000000000000000000e+00 0.000000000000000000e+00 1.600000000000000089e+00 -6.570000000000000319e-03 -1.523399999999999928e-02 -9.998620000000000285e-01 4.110179999999999945e-01 9.114759999999999529e-01 -1.658799999999999858e-02 9.116039999999999699e-01 -4.110710000000000197e-01 2.730000000000000222e-04
1.600000000000000000e+01 2.600000000000000000e+01 8.000000000000000000e+00 0.000000000000000000e+00 1.600000000000000089e+00 -7.773000000000000395e-03 -2.994700000000000140e-02 -9.995209999999999928e-01 4.156690000000000107e-01 9.090049999999999519e-01 -3.046799999999999856e-02 9.094830000000000414e-01 -4.157069999999999932e-01 5.381999999999999632e-03
2.500000000000000000e+01 2.600000000000000000e+01 8.000000000000000000e+00 0.000000000000000000e+00 1.600000000000000089e+00 -6.203000000000000180e-03 -1.143300000000000045e-02 -9.999149999999999983e-01 4.225619999999999932e-01 9.062409999999999632e-01 -1.298299999999999975e-02 9.063130000000000353e-01 -4.226070000000000104e-01 -7.910000000000000364e-04
2.900000000000000000e+01 2.600000000000000000e+01 8.000000000000000000e+00 0.000000000000000000e+00 1.600000000000000089e+00 -5.228000000000000008e-03 -1.139100000000000008e-02 -9.999209999999999487e-01 4.233020000000000116e-01 9.059019999999999850e-01 -1.253300000000000074e-02 9.059739999999999460e-01 -4.233339999999999881e-01 8.600000000000000331e-05
2.700000000000000000e+01 1.400000000000000000e+01 9.000000000000000000e+00 0.000000000000000000e+00 1.600000000000000089e+00 6.204999999999999578e-03 1.907000000000000015e-02 -9.997989999999999933e-01 -5.613299999999999956e-01 -8.273679999999999923e-01 -1.926500000000000087e-02 -8.275689999999999991e-01 5.613369999999999749e-01 5.571000000000000431e-03
9.000000000000000000e+00 2.400000000000000000e+01 9.000000000000000000e+00 0.000000000000000000e+00 1.600000000000000089e+00 -7.786000000000000386e-03 -1.406699999999999964e-02 -9.998709999999999543e-01 4.641609999999999903e-01 8.856049999999999756e-01 -1.607300000000000048e-02 8.857169999999999765e-01 -4.642260000000000275e-01 -3.660000000000000059e-04
1.500000000000000000e+01 2.400000000000000000e+01 9.000000000000000000e+00 0.000000000000000000e+00 1.600000000000000089e+00 -8.361000000000000376e-03 -3.056000000000000036e-02 -9.994979999999999976e-01 4.695730000000000182e-01 8.823530000000000539e-01 -3.090599999999999944e-02 8.828540000000000276e-01 -4.695960000000000134e-01 6.973000000000000032e-03
2.100000000000000000e+01 2.400000000000000000e+01 9.000000000000000000e+00 0.000000000000000000e+00 1.600000000000000089e+00 -9.332999999999999283e-03 -2.466300000000000089e-02 -9.996519999999999850e-01 4.762859999999999872e-01 8.789019999999999611e-01 -2.613100000000000145e-02 8.792410000000000503e-01 -4.763649999999999829e-01 3.543999999999999841e-03
5.000000000000000000e+00 4.000000000000000000e+00 1.100000000000000000e+01 0.000000000000000000e+00 1.600000000000000089e+00 4.970000000000000459e-04 5.662000000000000366e-03 -9.999839999999999840e-01 1.909059999999999924e-01 9.815920000000000201e-01 5.651999999999999906e-03 9.816080000000000361e-01 -1.909059999999999924e-01 -5.929999999999999941e-04
9.000000000000000000e+00 4.000000000000000000e+00 1.100000000000000000e+01 0.000000000000000000e+00 1.600000000000000089e+00 2.249999999999999830e-03 2.270499999999999949e-02 -9.997399999999999620e-01 1.799419999999999908e-01 9.834140000000000104e-01 2.273899999999999880e-02 9.836749999999999661e-01 -1.799459999999999948e-01 -1.873000000000000099e-03
5.000000000000000000e+00 1.040000000000000000e+02 1.100000000000000000e+01 0.000000000000000000e+00 1.600000000000000089e+00 4.413000000000000256e-03 6.710000000000000469e-04 9.999900000000000455e-01 -9.749430000000000041e-01 -2.224109999999999976e-01 4.452000000000000228e-03 2.224119999999999986e-01 -9.749529999999999585e-01 -3.269999999999999795e-04
1.000000000000000000e+01 1.040000000000000000e+02 1.100000000000000000e+01 0.000000000000000000e+00 1.600000000000000089e+00 9.286000000000000851e-03 9.967000000000000165e-03 9.999069999999999903e-01 -9.737000000000000099e-01 -2.275520000000000043e-01 1.131099999999999987e-02 2.276430000000000120e-01 -9.737149999999999972e-01 7.591999999999999790e-03
8.000000000000000000e+00 3.100000000000000000e+01 1.200000000000000000e+01 0.000000000000000000e+00 1.600000000000000089e+00 2.650000000000000012e-03 3.376999999999999794e-03 9.999909999999999632e-01 -2.284600000000000172e-02 9.997340000000000115e-01 -3.315999999999999937e-03 -9.997350000000000403e-01 -2.283699999999999966e-02 2.726999999999999823e-03
1.800000000000000000e+01 3.100000000000000000e+01 1.200000000000000000e+01 0.000000000000000000e+00 1.600000000000000089e+00 -1.111999999999999924e-03 -6.492999999999999640e-03 9.999780000000000335e-01 -2.345399999999999915e-02 9.997040000000000370e-01 6.465000000000000260e-03 -9.997239999999999460e-01 -2.344699999999999909e-02 -1.263999999999999933e-03
8.000000000000000000e+00 3.500000000000000000e+01 1.200000000000000000e+01 0.000000000000000000e+00 1.600000000000000089e+00 3.204999999999999950e-03 2.171000000000000187e-03 -9.999919999999999920e-01 4.938520000000000132e-01 -8.695460000000000411e-01 -3.049999999999999868e-04 -8.695399999999999796e-01 -4.938469999999999804e-01 -3.859000000000000017e-03
1.100000000000000000e+01 3.500000000000000000e+01 1.200000000000000000e+01 0.000000000000000000e+00 1.600000000000000089e+00 2.380999999999999870e-03 -1.123999999999999999e-03 -9.999970000000000248e-01 4.992090000000000138e-01 -8.664789999999999992e-01 2.161999999999999859e-03 -8.664779999999999704e-01 -4.992119999999999891e-01 -1.502000000000000080e-03
1.500000000000000000e+01 3.500000000000000000e+01 1.200000000000000000e+01 0.000000000000000000e+00 1.600000000000000089e+00 -2.171000000000000187e-03 -2.259999999999999856e-03 -9.999949999999999672e-01 4.935390000000000055e-01 -8.697230000000000238e-01 8.940000000000000464e-04 -8.697209999999999663e-01 -4.935350000000000015e-01 3.003000000000000027e-03
2.000000000000000000e+01 3.500000000000000000e+01 1.200000000000000000e+01 0.000000000000000000e+00 1.600000000000000089e+00 -2.432000000000000134e-03 -2.611000000000000040e-03 -9.999940000000000495e-01 4.829709999999999837e-01 -8.756359999999999699e-01 1.111000000000000008e-03 -8.756329999999999947e-01 -4.829649999999999777e-01 3.390999999999999917e-03
2.900000000000000000e+01 3.500000000000000000e+01 1.200000000000000000e+01 0.000000000000000000e+00 1.600000000000000089e+00 4.714000000000000308e-03 2.076000000000000154e-03 -9.999869999999999592e-01 4.651680000000000259e-01 -8.852219999999999533e-01 3.550000000000000096e-04 -8.852100000000000524e-01 -4.651629999999999932e-01 -5.138000000000000206e-03
1.400000000000000000e+01 3.000000000000000000e+00 1.300000000000000000e+01 0.000000000000000000e+00 1.600000000000000089e+00 2.436999999999999930e-03 4.561599999999999683e-02 9.989559999999999551e-01 -1.947099999999999873e-02 9.987719999999999931e-01 -4.556000000000000327e-02 -9.998070000000000013e-01 -1.933999999999999955e-02 3.321999999999999866e-03
6.000000000000000000e+00 3.200000000000000000e+01 1.400000000000000000e+01 0.000000000000000000e+00 1.600000000000000089e+00 -1.490000000000000005e-03 -1.330000000000000073e-04 -9.999989999999999712e-01 1.130590000000000067e-01 9.935880000000000267e-01 -3.009999999999999980e-04 9.935869999999999980e-01 -1.130599999999999938e-01 -1.466000000000000072e-03
1.200000000000000000e+01 3.200000000000000000e+01 1.400000000000000000e+01 0.000000000000000000e+00 1.600000000000000089e+00 6.170000000000000354e-04 4.525000000000000376e-03 -9.999900000000000455e-01 1.119939999999999963e-01 9.936979999999999702e-01 4.564999999999999614e-03 9.937089999999999534e-01 -1.119949999999999973e-01 1.060000000000000016e-04
1.200000000000000000e+01 1.200000000000000000e+01 1.500000000000000000e+01 0.000000000000000000e+00 1.600000000000000089e+00 8.410000000000000808e-03 1.721599999999999867e-02 -9.998160000000000380e-01 -4.691640000000000255e-01 -8.829029999999999934e-01 -1.914899999999999936e-02 -8.830710000000000504e-01 4.692390000000000172e-01 6.520000000000000188e-04
1.800000000000000000e+01 1.200000000000000000e+01 1.500000000000000000e+01 0.000000000000000000e+00 1.600000000000000089e+00 7.337999999999999905e-03 1.682700000000000168e-02 -9.998310000000000253e-01 -4.693620000000000014e-01 -8.828160000000000451e-01 -1.830299999999999983e-02 -8.829749999999999543e-01 4.694169999999999732e-01 1.420000000000000038e-03
2.200000000000000000e+01 1.200000000000000000e+01 1.500000000000000000e+01 0.000000000000000000e+00 1.600000000000000089e+00 7.491000000000000263e-03 1.383299999999999981e-02 -9.998759999999999870e-01 -4.686270000000000158e-01 -8.832560000000000411e-01 -1.573000000000000093e-02 -8.833640000000000381e-01 4.686870000000000203e-01 -1.340000000000000045e-04
7.000000000000000000e+00 1.100000000000000000e+01 1.600000000000000000e+01 0.000000000000000000e+00 1.600000000000000089e+00 4.305999999999999932e-03 3.027999999999999876e-03 -9.999860000000000415e-01 -4.212629999999999986e-01 -9.069270000000000387e-01 -4.559999999999999817e-03 -9.069279999999999564e-01 4.212770000000000126e-01 -2.629999999999999959e-03
9.000000000000000000e+00 1.160000000000000000e+02 1.600000000000000000e+01 0.000000000000000000e+00 1.600000000000000089e+00 5.975000000000000276e-03 4.870000000000000197e-03 9.999700000000000255e-01 7.285209999999999742e-01 6.849809999999999510e-01 -7.688999999999999654e-03 -6.849979999999999958e-01 7.285449999999999982e-01 5.450000000000000200e-04
4.000000000000000000e+00 2.000000000000000000e+00 1.900000000000000000e+01 0.000000000000000000e+00 1.600000000000000089e+00 3.983000000000000429e-03 -2.014499999999999971e-02 -9.997890000000000388e-01 1.875199999999999922e-01 -9.820459999999999745e-01 2.053500000000000117e-02 -9.822530000000000427e-01 -1.875620000000000065e-01 -1.340000000000000045e-04
8.000000000000000000e+00 2.000000000000000000e+00 1.900000000000000000e+01 0.000000000000000000e+00 1.600000000000000089e+00 -2.229999999999999994e-04 -9.435999999999999943e-03 -9.999559999999999560e-01 1.859020000000000117e-01 -9.825249999999999817e-01 9.230000000000000357e-03 -9.825679999999999970e-01 -1.858910000000000007e-01 1.972999999999999927e-03
1.800000000000000000e+01 2.000000000000000000e+00 1.900000000000000000e+01 0.000000000000000000e+00 1.600000000000000089e+00 1.062999999999999926e-03 1.899599999999999900e-02 -9.998190000000000133e-01 1.617329999999999879e-01 -9.866599999999999815e-01 -1.857400000000000023e-02 -9.868339999999999890e-01 -1.616839999999999944e-01 -4.120999999999999663e-03
2.500000000000000000e+01 2.000000000000000000e+00 1.900000000000000000e+01 0.000000000000000000e+00 1.600000000000000089e+00 3.089000000000000166e-03 1.719999999999999958e-03 -9.999940000000000495e-01 1.393419999999999936e-01 -9.902440000000000131e-01 -1.273000000000000043e-03 -9.902400000000000091e-01 -1.393369999999999886e-01 -3.298999999999999849e-03
4.000000000000000000e+00 1.300000000000000000e+01 2.000000000000000000e+01 0.000000000000000000e+00 1.600000000000000089e+00 3.070999999999999945e-03 5.950000000000000427e-04 9.999949999999999672e-01 2.572510000000000074e-01 9.663439999999999808e-01 -1.364999999999999894e-03 -9.663399999999999768e-01 2.572539999999999827e-01 2.814999999999999794e-03
1.200000000000000000e+01 1.300000000000000000e+01 2.000000000000000000e+01 0.000000000000000000e+00 1.600000000000000089e+00 -2.341999999999999898e-03 -8.260999999999999246e-03 9.999630000000000463e-01 2.541829999999999923e-01 9.671180000000000332e-01 8.585000000000000617e-03 -9.671530000000000404e-01 2.541939999999999755e-01 -1.659999999999999963e-04
1.600000000000000000e+01 1.300000000000000000e+01 2.000000000000000000e+01 0.000000000000000000e+00 1.600000000000000089e+00 -2.384999999999999967e-03 -9.093999999999999653e-03 9.999559999999999560e-01 2.545640000000000125e-01 9.670100000000000362e-01 9.402000000000000635e-03 -9.670530000000000515e-01 2.545749999999999957e-01 9.000000000000000228e-06
1.900000000000000000e+01 1.300000000000000000e+01 2.000000000000000000e+01 0.000000000000000000e+00 1.600000000000000089e+00 -1.376000000000000053e-03 -8.236000000000000265e-03 9.999649999999999928e-01 2.547240000000000060e-01 9.669780000000000042e-01 8.314999999999999475e-03 -9.670130000000000114e-01 2.547260000000000080e-01 7.680000000000000195e-04
2.400000000000000000e+01 1.300000000000000000e+01 2.000000000000000000e+01 0.000000000000000000e+00 1.600000000000000089e+00 1.667000000000000079e-03 2.390000000000000089e-04 9.999989999999999712e-01 2.520660000000000123e-01 9.677099999999999591e-01 -6.520000000000000188e-04 -9.677090000000000414e-01 2.520669999999999855e-01 1.552999999999999910e-03
3.000000000000000000e+01 1.300000000000000000e+01 2.000000000000000000e+01 0.000000000000000000e+00 1.600000000000000089e+00 1.469000000000000037e-03 7.901000000000000037e-03 9.999679999999999680e-01 2.490010000000000001e-01 9.684700000000000530e-01 -8.018000000000000821e-03 -9.685019999999999740e-01 2.490050000000000041e-01 -5.450000000000000200e-04
1.500000000000000000e+01 1.600000000000000000e+01 2.100000000000000000e+01 0.000000000000000000e+00 1.600000000000000089e+00 -2.802999999999999936e-03 -8.099000000000000296e-03 9.999630000000000463e-01 3.014660000000000117e-01 9.534380000000000077e-01 8.566999999999999962e-03 -9.534730000000000150e-01 3.014789999999999970e-01 -2.310000000000000042e-04
2.100000000000000000e+01 1.600000000000000000e+01 2.100000000000000000e+01 0.000000000000000000e+00 1.600000000000000089e+00 -6.610000000000000207e-04 -4.269000000000000225e-03 9.999909999999999632e-01 3.026429999999999954e-01 9.530939999999999968e-01 4.268000000000000092e-03 -9.531039999999999512e-01 3.026429999999999954e-01 6.620000000000000450e-04
2.500000000000000000e+01 1.600000000000000000e+01 2.100000000000000000e+01 0.000000000000000000e+00 1.600000000000000089e+00 2.102000000000000136e-03 9.362000000000000530e-03 9.999540000000000095e-01 3.022869999999999724e-01 9.531690000000000440e-01 -9.558999999999999789e-03 -9.532150000000000345e-01 3.022929999999999784e-01 -8.270000000000000441e-04
9.000000000000000000e+00 3.000000000000000000e+00 2.500000000000000000e+01 0.000000000000000000e+00 1.600000000000000089e+00 -3.600000000000000091e-05 4.497000000000000129e-03 9.999900000000000455e-01 2.057700000000000154e-02 -9.997779999999999445e-01 4.495999999999999996e-03 9.997880000000000100e-01 2.057600000000000054e-02 -5.599999999999999916e-05
4.000000000000000000e+00 4.600000000000000000e+01 2.700000000000000000e+01 0.000000000000000000e+00 1.600000000000000089e+00 3.784000000000000037e-03 3.958999999999999846e-03 -9.999850000000000128e-01 6.668929999999999580e-01 7.451339999999999630e-01 5.473999999999999699e-03 7.451440000000000285e-01 -6.669040000000000523e-01 1.800000000000000113e-04
1.400000000000000000e+01 4.600000000000000000e+01 2.700000000000000000e+01 0.000000000000000000e+00 1.600000000000000089e+00 -7.649999999999999465e-04 -2.689999999999999791e-04 -1.000000000000000000e+00 6.697800000000000420e-01 7.425589999999999691e-01 -7.119999999999999593e-04 7.425589999999999691e-01 -6.697809999999999597e-01 -3.879999999999999985e-04
2.200000000000000000e+01 4.600000000000000000e+01 2.700000000000000000e+01 0.000000000000000000e+00 1.600000000000000089e+00 -2.703999999999999806e-03 -1.418999999999999906e-03 -9.999949999999999672e-01 6.670009999999999550e-01 7.450510000000000188e-01 -2.860999999999999828e-03 7.450520000000000476e-01 -6.670059999999999878e-01 -1.067999999999999939e-03
2.800000000000000000e+01 4.600000000000000000e+01 2.700000000000000000e+01 0.000000000000000000e+00 1.600000000000000089e+00 -1.716000000000000077e-03 8.520000000000000013e-04 -9.999980000000000535e-01 6.607739999999999725e-01 7.505840000000000289e-01 -4.949999999999999973e-04 7.505830000000000002e-01 -6.607739999999999725e-01 -1.850999999999999998e-03
2.100000000000000000e+01 4.600000000000000000e+01 3.000000000000000000e+01 0.000000000000000000e+00 1.600000000000000089e+00 -1.569999999999999998e-03 -2.469999999999999973e-03 -9.999959999999999960e-01 3.280109999999999970e-01 9.446700000000000097e-01 -2.848999999999999970e-03 9.446729999999999849e-01 -3.280139999999999723e-01 -6.729999999999999871e-04
2.400000000000000000e+01 4.600000000000000000e+01 3.000000000000000000e+01 0.000000000000000000e+00 1.600000000000000089e+00 -2.929999999999999879e-03 -1.628000000000000107e-03 -9.999940000000000495e-01 3.263759999999999994e-01 9.452369999999999939e-01 -2.494999999999999822e-03 9.452350000000000474e-01 -3.263820000000000054e-01 -2.239000000000000105e-03
5.000000000000000000e+00 5.800000000000000000e+01 3.100000000000000000e+01 0.000000000000000000e+00 1.600000000000000089e+00 8.044000000000000802e-03 1.619999999999999912e-02 9.998359999999999470e-01 -7.649059999999999748e-01 -6.439289999999999736e-01 1.658700000000000105e-02 6.440919999999999979e-01 -7.649139999999999828e-01 7.211999999999999661e-03
1.100000000000000000e+01 5.800000000000000000e+01 3.100000000000000000e+01 0.000000000000000000e+00 1.600000000000000089e+00 1.534999999999999906e-03 6.067000000000000344e-03 9.999799999999999800e-01 -7.673060000000000436e-01 -6.412609999999999699e-01 5.068999999999999721e-03 6.412799999999999612e-01 -7.672989999999999533e-01 3.670999999999999784e-03
1.900000000000000000e+01 5.800000000000000000e+01 3.100000000000000000e+01 0.000000000000000000e+00 1.600000000000000089e+00 7.604999999999999781e-03 -2.100000000000000087e-04 9.999710000000000543e-01 -7.612590000000000190e-01 -6.484229999999999716e-01 5.653000000000000039e-03 6.484029999999999516e-01 -7.612799999999999567e-01 -5.091000000000000039e-03
2.300000000000000000e+01 5.800000000000000000e+01 3.100000000000000000e+01 0.000000000000000000e+00 1.600000000000000089e+00 4.284999999999999747e-03 9.062000000000000610e-03 9.999500000000000055e-01 -7.580449999999999688e-01 -6.521369999999999667e-01 9.159000000000000474e-03 6.521879999999999900e-01 -7.580470000000000264e-01 4.074999999999999629e-03
2.800000000000000000e+01 5.800000000000000000e+01 3.100000000000000000e+01 0.000000000000000000e+00 1.600000000000000089e+00 -2.785000000000000149e-03 -2.854000000000000200e-03 9.999919999999999920e-01 -7.598899999999999544e-01 -6.500399999999999512e-01 -3.971999999999999836e-03 6.500460000000000127e-01 -7.598949999999999871e-01 -3.589999999999999984e-04
6.000000000000000000e+00 6.000000000000000000e+00 3.200000000000000000e+01 0.000000000000000000e+00 1.600000000000000089e+00 -5.374000000000000304e-03 -6.139999999999999625e-04 -9.999850000000000128e-01 1.757569999999999966e-01 9.844319999999999737e-01 -1.549000000000000030e-03 9.844190000000000440e-01 -1.757630000000000026e-01 -5.181999999999999974e-03
2.200000000000000000e+01 6.000000000000000000e+00 3.200000000000000000e+01 0.000000000000000000e+00 1.600000000000000089e+00 3.383999999999999855e-03 -1.549000000000000030e-03 -9.999930000000000208e-01 2.068450000000000011e-01 9.783730000000000482e-01 -8.149999999999999693e-04 9.783680000000000154e-01 -2.068409999999999971e-01 3.631000000000000113e-03
5.000000000000000000e+00 4.600000000000000000e+01 3.500000000000000000e+01 0.000000000000000000e+00 1.600000000000000089e+00 2.181000000000000213e-03 5.300000000000000078e-05 -9.999980000000000535e-01 3.865370000000000195e-01 -9.222740000000000382e-01 7.940000000000000009e-04 -9.222709999999999519e-01 -3.865379999999999927e-01 -2.031999999999999952e-03
9.000000000000000000e+00 4.600000000000000000e+01 3.500000000000000000e+01 0.000000000000000000e+00 1.600000000000000089e+00 -9.070000000000000371e-04 1.520000000000000084e-03 -9.999980000000000535e-01 3.862479999999999802e-01 -9.223930000000000184e-01 -1.752000000000000085e-03 -9.223949999999999649e-01 -3.862490000000000090e-01 2.500000000000000052e-04
1.700000000000000000e+01 4.600000000000000000e+01 3.500000000000000000e+01 0.000000000000000000e+00 1.600000000000000089e+00 -8.149999999999999693e-04 4.151000000000000176e-03 -9.999909999999999632e-01 3.848539999999999739e-01 -9.229680000000000106e-01 -4.145000000000000247e-03 -9.229770000000000474e-01 -3.848539999999999739e-01 -8.459999999999999638e-04
2.500000000000000000e+01 4.600000000000000000e+01 3.500000000000000000e+01 0.000000000000000000e+00 1.600000000000000089e+00 2.063999999999999863e-03 -1.183999999999999940e-03 -9.999970000000000248e-01 3.863840000000000052e-01 -9.223360000000000447e-01 1.889999999999999970e-03 -9.223360000000000447e-01 -3.863869999999999805e-01 -1.446000000000000020e-03
3.000000000000000000e+01 4.600000000000000000e+01 3.500000000000000000e+01 0.000000000000000000e+00 1.600000000000000089e+00 2.020000000000000094e-03 -7.903999999999999568e-03 -9.999670000000000503e-01 3.848570000000000046e-01 -9.229410000000000114e-01 8.073000000000000315e-03 -9.229739999999999611e-01 -3.848599999999999799e-01 1.177000000000000095e-03
5.000000000000000000e+00 9.500000000000000000e+01 3.600000000000000000e+01 0.000000000000000000e+00 1.600000000000000089e+00 -7.477000000000000139e-03 -6.820800000000000474e-02 9.976429999999999465e-01 9.979989999999999695e-01 6.213099999999999873e-02 1.172800000000000058e-02 -6.278499999999999359e-02 9.957350000000000367e-01 6.760700000000000043e-02
1.000000000000000000e+01 9.500000000000000000e+01 3.600000000000000000e+01 0.000000000000000000e+00 1.600000000000000089e+00 -3.976000000000000367e-03 -7.033000000000000189e-03 9.999670000000000503e-01 9.984690000000000509e-01 5.514399999999999857e-02 4.357999999999999895e-03 -5.517299999999999982e-02 9.984539999999999527e-01 6.803000000000000019e-03
1.400000000000000000e+01 9.500000000000000000e+01 3.600000000000000000e+01 0.000000000000000000e+00 1.600000000000000089e+00 2.076999999999999853e-03 9.057800000000000573e-02 9.958869999999999667e-01 9.978470000000000395e-01 6.509299999999999808e-02 -8.002000000000000432e-03 -6.554999999999999716e-02 9.937599999999999767e-01 -9.024799999999999489e-02
1.800000000000000000e+01 9.500000000000000000e+01 3.600000000000000000e+01 0.000000000000000000e+00 1.600000000000000089e+00 3.996000000000000420e-03 8.733000000000000485e-02 9.961710000000000287e-01 9.970029999999999726e-01 7.661999999999999367e-02 -1.071599999999999983e-02 -7.726299999999999835e-02 9.932279999999999998e-01 -8.676200000000000578e-02
2.300000000000000000e+01 9.500000000000000000e+01 3.600000000000000000e+01 0.000000000000000000e+00 1.600000000000000089e+00 2.000000000000000042e-03 2.982900000000000135e-02 9.995530000000000248e-01 9.970290000000000541e-01 7.690299999999999914e-02 -4.289000000000000278e-03 -7.699599999999999500e-02 9.965920000000000334e-01 -2.958600000000000119e-02
2.900000000000000000e+01 9.500000000000000000e+01 3.600000000000000000e+01 0.000000000000000000e+00 1.600000000000000089e+00 4.446000000000000299e-03 -8.141000000000000666e-03 9.999569999999999848e-01 9.968399999999999483e-01 7.933900000000000674e-02 -3.785999999999999869e-03 -7.930500000000000049e-02 9.968139999999999779e-01 8.467999999999999833e-03
1.100000000000000000e+01 3.000000000000000000e+00 4.300000000000000000e+01 0.000000000000000000e+00 1.600000000000000089e+00 3.088000000000000033e-03 -3.288999999999999823e-03 -9.999900000000000455e-01 7.417270000000000252e-01 -6.706870000000000331e-01 4.497000000000000129e-03 -6.706950000000000411e-01 -7.417329999999999757e-01 3.690000000000000246e-04
1.600000000000000000e+01 3.000000000000000000e+00 4.300000000000000000e+01 0.000000000000000000e+00 1.600000000000000089e+00 -6.049999999999999606e-04 -2.701699999999999935e-02 -9.996350000000000513e-01 7.393999999999999462e-01 -6.730319999999999636e-01 1.774299999999999836e-02 -6.732660000000000311e-01 -7.391199999999999992e-01 2.038299999999999834e-02
2.700000000000000000e+01 3.000000000000000000e+00 4.300000000000000000e+01 0.000000000000000000e+00 1.600000000000000089e+00 6.176000000000000066e-03 3.438599999999999990e-02 -9.993900000000000006e-01 7.425450000000000106e-01 -6.695419999999999705e-01 -1.844900000000000012e-02 -6.697680000000000300e-01 -7.419780000000000264e-01 -2.966799999999999993e-02
4.000000000000000000e+00 8.000000000000000000e+00 4.400000000000000000e+01 0.000000000000000000e+00 1.600000000000000089e+00 -5.438000000000000125e-03 -9.627999999999999406e-03 9.999390000000000223e-01 -7.634490000000000443e-01 -6.457850000000000534e-01 -1.037000000000000074e-02 6.458460000000000312e-01 -7.634579999999999700e-01 -3.837999999999999832e-03
1.000000000000000000e+01 8.000000000000000000e+00 4.400000000000000000e+01 0.000000000000000000e+00 1.600000000000000089e+00 -1.116000000000000021e-03 -4.590999999999999595e-03 9.999890000000000168e-01 -7.686009999999999787e-01 -6.397180000000000089e-01 -3.794000000000000063e-03 6.397279999999999633e-01 -7.685959999999999459e-01 -2.814000000000000095e-03
2.000000000000000000e+01 8.000000000000000000e+00 4.400000000000000000e+01 0.000000000000000000e+00 1.600000000000000089e+00 -1.712999999999999896e-03 -1.763999999999999943e-03 9.999970000000000248e-01 -7.647059999999999969e-01 -6.443740000000000023e-01 -2.446999999999999956e-03 6.443769999999999776e-01 -7.647080000000000544e-01 -2.449999999999999921e-04
2.600000000000000000e+01 8.000000000000000000e+00 4.400000000000000000e+01 0.000000000000000000e+00 1.600000000000000089e+00 5.599999999999999916e-05 7.261000000000000093e-03 9.999740000000000295e-01 -7.696800000000000308e-01 -6.384119999999999795e-01 4.677999999999999867e-03 6.384290000000000243e-01 -7.696600000000000108e-01 5.552999999999999776e-03
6.000000000000000000e+00 2.900000000000000000e+01 4.400000000000000000e+01 0.000000000000000000e+00 1.600000000000000089e+00 3.060000000000000111e-04 6.960000000000000041e-04 -1.000000000000000000e+00 6.575830000000000286e-01 7.533819999999999961e-01 7.259999999999999743e-04 7.533819999999999961e-01 -6.575830000000000286e-01 -2.269999999999999882e-04
1.000000000000000000e+01 2.900000000000000000e+01 4.400000000000000000e+01 0.000000000000000000e+00 1.600000000000000089e+00 -2.481000000000000132e-03 -3.890999999999999927e-03 -9.999890000000000168e-01 6.589629999999999654e-01 7.521619999999999973e-01 -4.562000000000000083e-03 7.521710000000000340e-01 -6.589669999999999694e-01 6.980000000000000527e-04
1.700000000000000000e+01 2.900000000000000000e+01 4.400000000000000000e+01 0.000000000000000000e+00 1.600000000000000089e+00 6.279999999999999775e-04 1.874000000000000015e-03 -9.999980000000000535e-01 6.706879999999999509e-01 7.417380000000000084e-01 1.810999999999999893e-03 7.417399999999999549e-01 -6.706870000000000331e-01 -7.910000000000000364e-04
2.100000000000000000e+01 2.900000000000000000e+01 4.400000000000000000e+01 0.000000000000000000e+00 1.600000000000000089e+00 1.366000000000000027e-03 2.550999999999999882e-03 -9.999959999999999960e-01 6.783639999999999670e-01 7.347209999999999575e-01 2.799999999999999972e-03 7.347249999999999615e-01 -6.783649999999999958e-01 -7.269999999999999987e-04
2.600000000000000000e+01 2.900000000000000000e+01 4.400000000000000000e+01 0.000000000000000000e+00 1.600000000000000089e+00 1.358999999999999965e-03 -2.428000000000000037e-03 -9.999959999999999960e-01 6.823200000000000376e-01 7.310529999999999529e-01 -8.480000000000000124e-04 7.310520000000000351e-01 -6.823160000000000336e-01 2.650000000000000012e-03
1.300000000000000000e+01 5.400000000000000000e+01 4.600000000000000000e+01 0.000000000000000000e+00 1.600000000000000089e+00 -9.120000000000000502e-04 -2.674000000000000161e-03 9.999959999999999960e-01 3.034149999999999903e-01 -9.528560000000000363e-01 -2.271000000000000015e-03 9.528579999999999828e-01 3.034120000000000150e-01 1.680000000000000070e-03
3.000000000000000000e+01 5.400000000000000000e+01 4.600000000000000000e+01 0.000000000000000000e+00 1.600000000000000089e+00 6.970000000000000284e-04 -5.230000000000000274e-03 9.999860000000000415e-01 3.230489999999999751e-01 -9.463679999999999870e-01 -5.174999999999999913e-03 9.463819999999999455e-01 3.230480000000000018e-01 1.030000000000000100e-03
1.900000000000000000e+01 6.500000000000000000e+01 4.600000000000000000e+01 0.000000000000000000e+00 1.600000000000000089e+00 3.212000000000000011e-03 -2.693000000000000081e-03 9.999909999999999632e-01 6.826630000000000198e-01 -7.307209999999999539e-01 -4.160999999999999768e-03 7.307259999999999867e-01 6.826710000000000278e-01 -5.090000000000000123e-04
2.800000000000000000e+01 6.500000000000000000e+01 4.600000000000000000e+01 0.000000000000000000e+00 1.600000000000000089e+00 1.871999999999999966e-03 3.780000000000000265e-04 9.999980000000000535e-01 6.808980000000000032e-01 -7.323779999999999735e-01 -9.979999999999999722e-04 7.323760000000000270e-01 6.808990000000000320e-01 -1.628000000000000107e-03
1.600000000000000000e+01 7.000000000000000000e+01 4.700000000000000000e+01 0.000000000000000000e+00 1.600000000000000089e+00 -3.840000000000000097e-04 2.077999999999999986e-03 -9.999980000000000535e-01 -8.388809999999999878e-01 -5.443149999999999933e-01 -8.090000000000000403e-04 -5.443149999999999933e-01 8.388790000000000413e-01 1.951999999999999959e-03
1.900000000000000000e+01 7.000000000000000000e+01 4.700000000000000000e+01 0.000000000000000000e+00 1.600000000000000089e+00 -2.273999999999999980e-03 -2.024000000000000191e-03 -9.999949999999999672e-01 -8.409839999999999538e-01 -5.410509999999999486e-01 3.007000000000000124e-03 -5.410549999999999526e-01 8.409870000000000401e-01 -4.719999999999999803e-04
2.400000000000000000e+01 1.150000000000000000e+02 5.100000000000000000e+01 0.000000000000000000e+00 1.600000000000000089e+00 -2.363000000000000083e-03 -6.575000000000000115e-03 9.999759999999999760e-01 8.420889999999999764e-01 -5.393369999999999553e-01 -1.556000000000000091e-03 5.393339999999999801e-01 8.420640000000000347e-01 6.811000000000000214e-03
3.000000000000000000e+00 7.000000000000000000e+00 5.200000000000000000e+01 0.000000000000000000e+00 1.600000000000000089e+00 1.165999999999999936e-03 -4.216000000000000129e-03 -9.999900000000000455e-01 9.412500000000000033e-02 -9.955509999999999637e-01 4.307000000000000065e-03 -9.955600000000000005e-01 -9.412900000000000433e-02 -7.640000000000000306e-04
1.400000000000000000e+01 7.000000000000000000e+00 5.200000000000000000e+01 0.000000000000000000e+00 1.600000000000000089e+00 -1.248400000000000030e-02 -7.618999999999999904e-03 -9.998930000000000318e-01 1.131510000000000016e-01 -9.935589999999999700e-01 6.158000000000000279e-03 -9.934990000000000210e-01 -1.130619999999999958e-01 1.326500000000000075e-02
1.000000000000000000e+01 1.500000000000000000e+01 5.300000000000000000e+01 0.000000000000000000e+00 1.600000000000000089e+00 -3.930000000000000117e-04 5.410000000000000312e-04 -1.000000000000000000e+00 6.799760000000000248e-01 7.332349999999999701e-01 1.299999999999999886e-04 7.332349999999999701e-01 -6.799760000000000248e-01 -6.560000000000000076e-04
4.000000000000000000e+00 6.300000000000000000e+01 5.400000000000000000e+01 0.000000000000000000e+00 1.600000000000000089e+00 3.579999999999999741e-04 -2.377000000000000206e-03 9.999970000000000248e-01 -3.522210000000000063e-01 9.359140000000000237e-01 2.350000000000000092e-03 -9.359169999999999989e-01 -3.522210000000000063e-01 -5.019999999999999506e-04
8.000000000000000000e+00 6.300000000000000000e+01 5.400000000000000000e+01 0.000000000000000000e+00 1.600000000000000089e+00 2.199000000000000000e-03 2.883000000000000146e-03 9.999930000000000208e-01 -3.501429999999999820e-01 9.366940000000000266e-01 -1.930999999999999991e-03 -9.366940000000000266e-01 -3.501369999999999760e-01 3.069000000000000113e-03
1.400000000000000000e+01 6.300000000000000000e+01 5.400000000000000000e+01 0.000000000000000000e+00 1.600000000000000089e+00 -9.380000000000000317e-04 -8.790000000000000070e-04 9.999989999999999712e-01 -3.559649999999999759e-01 9.344989999999999686e-01 4.879999999999999898e-04 -9.344989999999999686e-01 -3.559640000000000026e-01 -1.188999999999999953e-03
2.000000000000000000e+01 6.300000000000000000e+01 5.400000000000000000e+01 0.000000000000000000e+00 1.600000000000000089e+00 -1.969999999999999909e-04 -3.570000000000000040e-04 1.000000000000000000e+00 -3.540360000000000174e-01 9.352319999999999522e-01 2.640000000000000202e-04 -9.352319999999999522e-01 -3.540360000000000174e-01 -3.099999999999999999e-04
2.500000000000000000e+01 6.300000000000000000e+01 5.400000000000000000e+01 0.000000000000000000e+00 1.600000000000000089e+00 -2.799999999999999755e-04 1.863999999999999988e-03 9.999980000000000535e-01 -3.554160000000000097e-01 9.347060000000000368e-01 -1.842000000000000104e-03 -9.347079999999999833e-01 -3.554160000000000097e-01 4.009999999999999893e-04
6.000000000000000000e+00 2.500000000000000000e+01 5.500000000000000000e+01 0.000000000000000000e+00 1.600000000000000089e+00 -7.700000000000000139e-05 3.138999999999999863e-03 -9.999949999999999672e-01 -1.356800000000000020e-02 -9.999029999999999863e-01 -3.137000000000000031e-03 -9.999080000000000190e-01 1.356800000000000020e-02 1.200000000000000030e-04
1.000000000000000000e+01 2.500000000000000000e+01 5.500000000000000000e+01 0.000000000000000000e+00 1.600000000000000089e+00 -1.425999999999999967e-03 3.105000000000000121e-03 -9.999940000000000495e-01 -1.192700000000000010e-02 -9.999240000000000350e-01 -3.086999999999999900e-03 -9.999280000000000390e-01 1.192299999999999957e-02 1.463000000000000108e-03
1.400000000000000000e+01 2.500000000000000000e+01 5.500000000000000000e+01 0.000000000000000000e+00 1.600000000000000089e+00 -2.439000000000000196e-03 2.720000000000000195e-03 -9.999930000000000208e-01 -1.026700000000000008e-02 -9.999440000000000550e-01 -2.694999999999999913e-03 -9.999440000000000550e-01 1.026099999999999929e-02 2.467000000000000009e-03
1.900000000000000000e+01 2.500000000000000000e+01 5.500000000000000000e+01 0.000000000000000000e+00 1.600000000000000089e+00 -6.589999999999999721e-04 -2.709999999999999735e-04 -1.000000000000000000e+00 -1.062899999999999956e-02 -9.999430000000000263e-01 2.779999999999999811e-04 -9.999430000000000263e-01 1.062899999999999956e-02 6.570000000000000319e-04
