6.000000000000000000e+00 2.500000000000000000e+01 1.000000000000000000e+00 0.000000000000000000e+00 1.600000000000000089e+00 3.944999999999999722e-03 -1.474000000000000050e-03 -9.999909999999999632e-01 -5.187450000000000117e-01 -8.549290000000000500e-01 -7.860000000000000233e-04 -8.549200000000000133e-01 5.187429999999999541e-01 -4.137000000000000052e-03
1.000000000000000000e+01 2.500000000000000000e+01 1.000000000000000000e+00 0.000000000000000000e+00 1.600000000000000089e+00 3.680000000000000003e-04 3.988000000000000225e-03 -9.999919999999999920e-01 -5.179970000000000407e-01 -8.553749999999999964e-01 -3.602000000000000167e-03 -8.553819999999999757e-01 5.179939999999999545e-01 1.750000000000000036e-03
2.800000000000000000e+01 4.200000000000000000e+01 2.000000000000000000e+00 0.000000000000000000e+00 1.600000000000000089e+00 3.439000000000000216e-03 9.405999999999999431e-03 -9.999500000000000055e-01 9.832239999999999869e-01 -1.823940000000000006e-01 1.665999999999999946e-03 -1.823690000000000033e-01 -9.831809999999999716e-01 -9.875000000000000097e-03
5.000000000000000000e+00 1.500000000000000000e+01 4.000000000000000000e+00 0.000000000000000000e+00 1.600000000000000089e+00 1.103000000000000031e-03 3.742000000000000100e-03 9.999919999999999920e-01 3.103940000000000032e-01 -9.506029999999999758e-01 3.214999999999999976e-03 9.506069999999999798e-01 3.103879999999999972e-01 -2.210000000000000159e-03
8.000000000000000000e+00 1.500000000000000000e+01 4.000000000000000000e+00 0.000000000000000000e+00 1.600000000000000089e+00 4.960000000000000216e-04 6.078000000000000069e-03 9.999810000000000088e-01 3.098489999999999855e-01 -9.507689999999999753e-01 5.624999999999999792e-03 9.507860000000000200e-01 3.098409999999999775e-01 -2.354999999999999889e-03
1.400000000000000000e+01 1.500000000000000000e+01 4.000000000000000000e+00 0.000000000000000000e+00 1.600000000000000089e+00 8.399999999999999535e-05 4.610999999999999648e-03 9.999890000000000168e-01 3.094520000000000048e-01 -9.509050000000000002e-01 4.359000000000000027e-03 9.509149999999999547e-01 3.094489999999999741e-01 -1.507000000000000093e-03
2.100000000000000000e+01 1.500000000000000000e+01 4.000000000000000000e+00 0.000000000000000000e+00 1.600000000000000089e+00 -2.377999999999999906e-03 -4.530000000000000172e-03 9.999869999999999592e-01 3.089990000000000236e-01 -9.510560000000000125e-01 -3.572999999999999787e-03 9.510589999999999877e-01 3.089859999999999829e-01 3.661000000000000192e-03
2.400000000000000000e+01 1.500000000000000000e+01 4.000000000000000000e+00 0.000000000000000000e+00 1.600000000000000089e+00 -3.092000000000000130e-03 -2.638999999999999853e-03 9.999919999999999920e-01 3.091260000000000119e-01 -9.510199999999999765e-01 -1.554000000000000043e-03 9.510159999999999725e-01 3.091180000000000039e-01 3.755999999999999790e-03
2.000000000000000000e+01 1.010000000000000000e+02 7.000000000000000000e+00 0.000000000000000000e+00 1.600000000000000089e+00 -1.730999999999999900e-03 -8.273000000000000839e-03 9.999639999999999640e-01 8.812200000000000033e-01 4.726750000000000118e-01 5.435999999999999860e-03 -4.727029999999999843e-01 8.811980000000000368e-01 6.472000000000000322e-03
2.500000000000000000e+01 1.500000000000000000e+01 8.000000000000000000e+00 0.000000000000000000e+00 1.600000000000000089e+00 1.240000000000000000e-03 6.250000000000000130e-04 -9.999989999999999712e-01 -5.989379999999999704e-01 -8.007940000000000058e-01 -1.242999999999999964e-03 -8.007940000000000058e-01 5.989389999999999992e-01 -6.189999999999999756e-04
3.000000000000000000e+00 2.500000000000000000e+01 8.000000000000000000e+00 0.000000000000000000e+00 1.600000000000000089e+00 -4.415999999999999787e-03 -3.811000000000000151e-03 -9.999829999999999552e-01 4.431220000000000159e-01 8.964450000000000474e-01 -5.373000000000000172e-03 8.964499999999999691e-01 -4.431379999999999764e-01 -2.269999999999999882e-03
6.000000000000000000e+00 2.500000000000000000e+01 8.000000000000000000e+00 0.000000000000000000e+00 1.600000000000000089e+00 -1.887999999999999921e-03 -6.291999999999999850e-03 -9.999780000000000335e-01 4.441599999999999993e-01 8.959240000000000537e-01 -6.475999999999999986e-03 8.959449999999999914e-01 -4.441629999999999745e-01 1.103000000000000031e-03
9.000000000000000000e+00 2.500000000000000000e+01 8.000000000000000000e+00 0.000000000000000000e+00 1.600000000000000089e+00 1.969999999999999909e-04 -4.517000000000000182e-03 -9.999900000000000455e-01 4.444609999999999950e-01 8.957889999999999464e-01 -3.957999999999999713e-03 8.957979999999999832e-01 -4.444560000000000177e-01 2.184000000000000177e-03
1.200000000000000000e+01 2.500000000000000000e+01 8.000000000000000000e+00 0.000000000000000000e+00 1.600000000000000089e+00 1.299999999999999920e-05 -5.150000000000000064e-03 -9.999869999999999592e-01 4.438219999999999943e-01 8.961029999999999829e-01 -4.609000000000000249e-03 8.961149999999999949e-01 -4.438159999999999883e-01 2.296999999999999997e-03
1.600000000000000000e+01 2.500000000000000000e+01 8.000000000000000000e+00 0.000000000000000000e+00 1.600000000000000089e+00 -1.961000000000000069e-03 -4.093000000000000284e-03 -9.999900000000000455e-01 4.445819999999999772e-01 8.957260000000000222e-01 -4.538000000000000367e-03 8.957359999999999767e-01 -4.445870000000000100e-01 6.399999999999999710e-05
2.200000000000000000e+01 2.500000000000000000e+01 8.000000000000000000e+00 0.000000000000000000e+00 1.600000000000000089e+00 -4.339999999999999782e-04 2.716000000000000098e-03 -9.999959999999999960e-01 4.449230000000000129e-01 8.955659999999999732e-01 2.239000000000000105e-03 8.955689999999999484e-01 -4.449199999999999822e-01 -1.596999999999999895e-03
2.500000000000000000e+01 2.500000000000000000e+01 8.000000000000000000e+00 0.000000000000000000e+00 1.600000000000000089e+00 -1.938000000000000052e-03 -1.162000000000000055e-03 -9.999970000000000248e-01 4.433279999999999998e-01 8.963579999999999881e-01 -1.900999999999999912e-03 8.963569999999999593e-01 -4.433300000000000018e-01 -1.221999999999999996e-03
2.800000000000000000e+01 2.500000000000000000e+01 8.000000000000000000e+00 0.000000000000000000e+00 1.600000000000000089e+00 -1.245999999999999929e-03 -7.356999999999999824e-03 -9.999719999999999720e-01 4.438630000000000075e-01 8.960660000000000291e-01 -7.145999999999999575e-03 8.960939999999999461e-01 -4.438599999999999768e-01 2.148999999999999869e-03
2.000000000000000000e+00 2.400000000000000000e+01 9.000000000000000000e+00 0.000000000000000000e+00 1.600000000000000089e+00 -4.611999999999999780e-03 -3.167000000000000110e-03 -9.999839999999999840e-01 4.456959999999999811e-01 8.951710000000000500e-01 -4.890000000000000249e-03 8.951729999999999965e-01 -4.457110000000000238e-01 -2.716999999999999797e-03
8.000000000000000000e+00 2.400000000000000000e+01 9.000000000000000000e+00 0.000000000000000000e+00 1.600000000000000089e+00 -1.949999999999999965e-04 -5.140999999999999737e-03 -9.999869999999999592e-01 4.480529999999999791e-01 8.939949999999999841e-01 -4.683999999999999796e-03 8.940069999999999961e-01 -4.480480000000000018e-01 2.128999999999999816e-03
1.200000000000000000e+01 2.400000000000000000e+01 9.000000000000000000e+00 0.000000000000000000e+00 1.600000000000000089e+00 1.939999999999999993e-04 -5.326000000000000005e-03 -9.999860000000000415e-01 4.481609999999999761e-01 8.939399999999999569e-01 -4.675000000000000336e-03 8.939529999999999976e-01 -4.481539999999999968e-01 2.560000000000000209e-03
1.500000000000000000e+01 2.400000000000000000e+01 9.000000000000000000e+00 0.000000000000000000e+00 1.600000000000000089e+00 -1.853999999999999962e-03 -5.074000000000000385e-03 -9.999850000000000128e-01 4.484879999999999978e-01 8.937730000000000397e-01 -5.367000000000000243e-03 8.937869999999999981e-01 -4.484920000000000018e-01 6.189999999999999756e-04
1.900000000000000000e+01 2.400000000000000000e+01 9.000000000000000000e+00 0.000000000000000000e+00 1.600000000000000089e+00 -5.429999999999999714e-04 -3.595000000000000105e-03 -9.999930000000000208e-01 4.496109999999999829e-01 8.932179999999999565e-01 -3.455000000000000172e-03 8.932240000000000180e-01 -4.496100000000000096e-01 1.131000000000000061e-03
2.500000000000000000e+01 2.400000000000000000e+01 9.000000000000000000e+00 0.000000000000000000e+00 1.600000000000000089e+00 -1.364999999999999894e-03 -1.280000000000000105e-03 -9.999980000000000535e-01 4.469710000000000072e-01 8.945469999999999811e-01 -1.755000000000000050e-03 8.945469999999999811e-01 -4.469730000000000092e-01 -6.489999999999999459e-04
2.900000000000000000e+01 2.400000000000000000e+01 9.000000000000000000e+00 0.000000000000000000e+00 1.600000000000000089e+00 -1.090999999999999956e-03 -7.353000000000000161e-03 -9.999719999999999720e-01 4.472769999999999802e-01 8.943680000000000518e-01 -7.063999999999999967e-03 8.943950000000000511e-01 -4.472720000000000029e-01 2.311999999999999819e-03
4.000000000000000000e+00 3.100000000000000000e+01 1.200000000000000000e+01 0.000000000000000000e+00 1.600000000000000089e+00 1.209999999999999921e-03 7.240000000000000342e-04 9.999989999999999712e-01 1.804000000000000048e-02 9.998369999999999758e-01 -7.460000000000000268e-04 -9.998369999999999758e-01 1.804100000000000148e-02 1.196000000000000014e-03
1.000000000000000000e+01 3.100000000000000000e+01 1.200000000000000000e+01 0.000000000000000000e+00 1.600000000000000089e+00 -1.778999999999999982e-03 1.201999999999999943e-03 9.999980000000000535e-01 1.934900000000000161e-02 9.998120000000000340e-01 -1.167000000000000069e-03 -9.998110000000000053e-01 1.934699999999999961e-02 -1.801999999999999999e-03
2.000000000000000000e+00 1.160000000000000000e+02 1.600000000000000000e+01 0.000000000000000000e+00 1.600000000000000089e+00 3.320000000000000034e-03 -3.420000000000000188e-04 9.999940000000000495e-01 6.974270000000000191e-01 7.166529999999999845e-01 -2.069999999999999792e-03 -7.166479999999999517e-01 6.974299999999999944e-01 2.618000000000000101e-03
5.000000000000000000e+00 1.160000000000000000e+02 1.600000000000000000e+01 0.000000000000000000e+00 1.600000000000000089e+00 4.596000000000000259e-03 3.553000000000000169e-03 9.999829999999999552e-01 6.996890000000000054e-01 7.144239999999999480e-01 -5.753999999999999566e-03 -7.144319999999999560e-01 6.997039999999999926e-01 7.979999999999999897e-04
1.100000000000000000e+01 1.160000000000000000e+02 1.600000000000000000e+01 0.000000000000000000e+00 1.600000000000000089e+00 -3.392000000000000050e-03 -3.412999999999999801e-03 9.999879999999999880e-01 6.803120000000000278e-01 7.329069999999999752e-01 4.808999999999999907e-03 -7.329149999999999832e-01 6.803200000000000358e-01 -1.640000000000000019e-04
2.200000000000000000e+01 1.160000000000000000e+02 1.600000000000000000e+01 0.000000000000000000e+00 1.600000000000000089e+00 4.539999999999999765e-04 -1.340999999999999961e-03 9.999989999999999712e-01 6.879880000000000440e-01 7.257219999999999782e-01 6.610000000000000207e-04 -7.257219999999999782e-01 6.879870000000000152e-01 1.252000000000000075e-03
3.000000000000000000e+00 2.000000000000000000e+00 1.900000000000000000e+01 0.000000000000000000e+00 1.600000000000000089e+00 2.485999999999999929e-03 -2.922000000000000118e-03 -9.999930000000000208e-01 1.967969999999999997e-01 -9.804389999999999494e-01 3.354000000000000210e-03 -9.804410000000000069e-01 -1.968040000000000067e-01 -1.863000000000000073e-03
7.000000000000000000e+00 2.000000000000000000e+00 1.900000000000000000e+01 0.000000000000000000e+00 1.600000000000000089e+00 2.746000000000000177e-03 1.273000000000000043e-03 -9.999949999999999672e-01 1.963610000000000078e-01 -9.805310000000000414e-01 -7.089999999999999948e-04 -9.805279999999999552e-01 -1.963590000000000058e-01 -2.942999999999999870e-03
1.200000000000000000e+01 2.000000000000000000e+00 1.900000000000000000e+01 0.000000000000000000e+00 1.600000000000000089e+00 -8.700000000000000051e-04 3.830000000000000071e-03 -9.999919999999999920e-01 1.914549999999999863e-01 -9.814929999999999488e-01 -3.925999999999999802e-03 -9.815009999999999568e-01 -1.914569999999999883e-01 1.200000000000000030e-04
1.500000000000000000e+01 2.000000000000000000e+00 1.900000000000000000e+01 0.000000000000000000e+00 1.600000000000000089e+00 -3.600000000000000227e-04 -1.358999999999999965e-03 -9.999989999999999712e-01 1.930219999999999991e-01 -9.811940000000000106e-01 1.263999999999999933e-03 -9.811940000000000106e-01 -1.930219999999999991e-01 6.149999999999999868e-04
1.800000000000000000e+01 2.000000000000000000e+00 1.900000000000000000e+01 0.000000000000000000e+00 1.600000000000000089e+00 -6.819999999999999890e-04 -2.382000000000000003e-03 -9.999970000000000248e-01 1.950909999999999866e-01 -9.807829999999999604e-01 2.203000000000000097e-03 -9.807850000000000179e-01 -1.950890000000000124e-01 1.134000000000000025e-03
2.100000000000000000e+01 2.000000000000000000e+00 1.900000000000000000e+01 0.000000000000000000e+00 1.600000000000000089e+00 -2.456999999999999983e-03 -2.518999999999999972e-03 -9.999940000000000495e-01 1.968350000000000100e-01 -9.804349999999999454e-01 1.985999999999999918e-03 -9.804340000000000277e-01 -1.968280000000000030e-01 2.905000000000000030e-03
2.600000000000000000e+01 2.000000000000000000e+00 1.900000000000000000e+01 0.000000000000000000e+00 1.600000000000000089e+00 -1.170000000000000033e-03 4.845000000000000348e-03 -9.999879999999999880e-01 1.970870000000000122e-01 -9.803730000000000500e-01 -4.981000000000000184e-03 -9.803849999999999509e-01 -1.970899999999999874e-01 1.920000000000000049e-04
3.000000000000000000e+01 2.000000000000000000e+00 1.900000000000000000e+01 0.000000000000000000e+00 1.600000000000000089e+00 -2.154999999999999798e-03 6.787999999999999763e-03 -9.999749999999999472e-01 1.975339999999999874e-01 -9.802710000000000035e-01 -7.080000000000000356e-03 -9.802939999999999987e-01 -1.975439999999999974e-01 7.720000000000000083e-04
7.000000000000000000e+00 4.000000000000000000e+00 2.000000000000000000e+01 0.000000000000000000e+00 1.600000000000000089e+00 2.308000000000000156e-03 1.796999999999999986e-03 -9.999959999999999960e-01 2.878510000000000235e-01 -9.576750000000000540e-01 -1.056999999999999997e-03 -9.576729999999999965e-01 -2.878470000000000195e-01 -2.727999999999999956e-03
2.200000000000000000e+01 4.000000000000000000e+00 2.000000000000000000e+01 0.000000000000000000e+00 1.600000000000000089e+00 -1.064000000000000059e-03 -2.129999999999999949e-03 -9.999970000000000248e-01 2.916560000000000263e-01 -9.565219999999999834e-01 1.727000000000000019e-03 -9.565230000000000121e-01 -2.916529999999999956e-01 1.639000000000000049e-03
9.000000000000000000e+00 1.300000000000000000e+01 2.000000000000000000e+01 0.000000000000000000e+00 1.600000000000000089e+00 -6.999999999999999387e-05 -1.402000000000000034e-03 9.999989999999999712e-01 2.521660000000000013e-01 9.676829999999999599e-01 1.374000000000000004e-03 -9.676839999999999886e-01 2.521660000000000013e-01 2.860000000000000129e-04
1.200000000000000000e+01 1.300000000000000000e+01 2.000000000000000000e+01 0.000000000000000000e+00 1.600000000000000089e+00 -1.614999999999999899e-03 -4.449999999999999746e-04 9.999989999999999712e-01 2.533020000000000271e-01 9.673869999999999969e-01 8.400000000000000348e-04 -9.673859999999999681e-01 2.533030000000000004e-01 -1.448999999999999984e-03
1.800000000000000000e+01 1.300000000000000000e+01 2.000000000000000000e+01 0.000000000000000000e+00 1.600000000000000089e+00 -3.629999999999999872e-04 1.730000000000000038e-04 1.000000000000000000e+00 2.532519999999999771e-01 9.674000000000000377e-01 -7.600000000000000418e-05 -9.674000000000000377e-01 2.532519999999999771e-01 -3.950000000000000061e-04
2.500000000000000000e+01 1.300000000000000000e+01 2.000000000000000000e+01 0.000000000000000000e+00 1.600000000000000089e+00 -6.019999999999999961e-04 -3.759999999999999779e-04 1.000000000000000000e+00 2.539179999999999771e-01 9.672260000000000302e-01 5.159999999999999656e-04 -9.672260000000000302e-01 2.539179999999999771e-01 -4.870000000000000197e-04
3.000000000000000000e+01 1.300000000000000000e+01 2.000000000000000000e+01 0.000000000000000000e+00 1.600000000000000089e+00 -2.203000000000000097e-03 -5.596000000000000280e-03 9.999820000000000375e-01 2.550890000000000102e-01 9.668989999999999529e-01 5.973000000000000011e-03 -9.669149999999999689e-01 2.550970000000000182e-01 -7.020000000000000415e-04
8.000000000000000000e+00 1.600000000000000000e+01 2.100000000000000000e+01 0.000000000000000000e+00 1.600000000000000089e+00 1.922000000000000097e-03 1.315999999999999896e-03 9.999970000000000248e-01 2.978089999999999904e-01 9.546240000000000281e-01 -1.828999999999999897e-03 -9.546240000000000281e-01 2.978120000000000211e-01 1.441999999999999922e-03
1.700000000000000000e+01 1.600000000000000000e+01 2.100000000000000000e+01 0.000000000000000000e+00 1.600000000000000089e+00 -6.430000000000000169e-04 1.418999999999999906e-03 9.999989999999999712e-01 2.972620000000000262e-01 9.547949999999999493e-01 -1.162999999999999971e-03 -9.547959999999999781e-01 2.972609999999999975e-01 -1.036000000000000029e-03
2.200000000000000000e+01 1.600000000000000000e+01 2.100000000000000000e+01 0.000000000000000000e+00 1.600000000000000089e+00 4.679999999999999915e-04 5.826999999999999715e-03 9.999829999999999552e-01 2.969069999999999765e-01 9.548900000000000166e-01 -5.703999999999999869e-03 -9.549060000000000326e-01 2.969040000000000012e-01 -1.283000000000000069e-03
2.500000000000000000e+01 1.600000000000000000e+01 2.100000000000000000e+01 0.000000000000000000e+00 1.600000000000000089e+00 -3.809999999999999910e-04 -4.889999999999999599e-04 1.000000000000000000e+00 2.964800000000000213e-01 9.550389999999999713e-01 5.800000000000000034e-04 -9.550389999999999713e-01 2.964800000000000213e-01 -2.190000000000000106e-04
3.000000000000000000e+01 1.600000000000000000e+01 2.100000000000000000e+01 0.000000000000000000e+00 1.600000000000000089e+00 -1.732000000000000033e-03 -3.658999999999999926e-03 9.999919999999999920e-01 2.975920000000000232e-01 9.546850000000000058e-01 4.009000000000000410e-03 -9.546909999999999563e-01 2.975970000000000004e-01 -5.649999999999999641e-04
3.000000000000000000e+00 3.000000000000000000e+00 2.500000000000000000e+01 0.000000000000000000e+00 1.600000000000000089e+00 -1.450500000000000053e-02 -5.191999999999999567e-03 9.998810000000000198e-01 -5.626099999999999851e-02 -9.983980000000000077e-01 -6.001000000000000258e-03 9.983109999999999484e-01 -5.634200000000000319e-02 1.418999999999999949e-02
6.000000000000000000e+00 3.000000000000000000e+00 2.500000000000000000e+01 0.000000000000000000e+00 1.600000000000000089e+00 -9.367000000000000326e-03 -1.111000000000000008e-03 9.999550000000000383e-01 -5.166599999999999665e-02 -9.986629999999999674e-01 -1.593000000000000015e-03 9.986209999999999809e-01 -5.167900000000000271e-02 9.296999999999999709e-03
1.300000000000000000e+01 3.000000000000000000e+00 2.500000000000000000e+01 0.000000000000000000e+00 1.600000000000000089e+00 3.148000000000000190e-03 3.657000000000000094e-03 9.999879999999999880e-01 -5.013900000000000301e-02 -9.987350000000000394e-01 3.810000000000000019e-03 9.987369999999999859e-01 -5.015000000000000013e-02 -2.961000000000000090e-03
2.000000000000000000e+01 3.000000000000000000e+00 2.500000000000000000e+01 0.000000000000000000e+00 1.600000000000000089e+00 -8.409999999999999507e-04 5.599999999999999509e-04 1.000000000000000000e+00 -5.672200000000000158e-02 -9.983899999999999997e-01 5.109999999999999525e-04 9.983899999999999997e-01 -5.672100000000000058e-02 8.720000000000000537e-04
2.900000000000000000e+01 3.000000000000000000e+00 2.500000000000000000e+01 0.000000000000000000e+00 1.600000000000000089e+00 4.394000000000000336e-03 9.334000000000000283e-03 9.999470000000000303e-01 -5.547900000000000054e-02 -9.984140000000000237e-01 9.563000000000000320e-03 9.984499999999999487e-01 -5.551799999999999791e-02 -3.869000000000000043e-03
3.000000000000000000e+00 4.600000000000000000e+01 2.700000000000000000e+01 0.000000000000000000e+00 1.600000000000000089e+00 -1.322000000000000041e-03 2.131000000000000082e-03 -9.999970000000000248e-01 6.493499999999999828e-01 7.604899999999999993e-01 7.619999999999999820e-04 7.604889999999999706e-01 -6.493470000000000075e-01 -2.389000000000000064e-03
7.000000000000000000e+00 4.600000000000000000e+01 2.700000000000000000e+01 0.000000000000000000e+00 1.600000000000000089e+00 -1.172999999999999998e-03 6.949999999999999798e-04 -9.999989999999999712e-01 6.491580000000000128e-01 7.606530000000000236e-01 -2.329999999999999986e-04 7.606519999999999948e-01 -6.491580000000000128e-01 -1.343000000000000010e-03
1.200000000000000000e+01 4.600000000000000000e+01 2.700000000000000000e+01 0.000000000000000000e+00 1.600000000000000089e+00 -1.314999999999999980e-03 -1.642999999999999929e-03 -9.999980000000000535e-01 6.433079999999999909e-01 7.656049999999999800e-01 -2.103999999999999967e-03 7.656070000000000375e-01 -6.433090000000000197e-01 5.000000000000000240e-05
2.200000000000000000e+01 4.600000000000000000e+01 2.700000000000000000e+01 0.000000000000000000e+00 1.600000000000000089e+00 -1.531999999999999942e-03 3.449999999999999833e-04 -9.999989999999999712e-01 6.426579999999999515e-01 7.661529999999999729e-01 -7.209999999999999612e-04 7.661520000000000552e-01 -6.426579999999999515e-01 -1.394999999999999973e-03
2.800000000000000000e+01 4.600000000000000000e+01 2.700000000000000000e+01 0.000000000000000000e+00 1.600000000000000089e+00 6.200000000000000270e-05 2.719999999999999979e-04 -1.000000000000000000e+00 6.421219999999999706e-01 7.666020000000000056e-01 2.489999999999999809e-04 7.666020000000000056e-01 -6.421219999999999706e-01 -1.269999999999999970e-04
7.000000000000000000e+00 5.800000000000000000e+01 3.100000000000000000e+01 0.000000000000000000e+00 1.600000000000000089e+00 -8.180000000000000422e-04 1.902999999999999961e-03 9.999980000000000535e-01 -8.016069999999999585e-01 -5.978510000000000213e-01 4.820000000000000066e-04 5.978510000000000213e-01 -8.016050000000000120e-01 2.014999999999999864e-03
1.200000000000000000e+01 5.800000000000000000e+01 3.100000000000000000e+01 0.000000000000000000e+00 1.600000000000000089e+00 -6.459999999999999814e-04 -2.871999999999999987e-03 9.999959999999999960e-01 -8.008450000000000291e-01 -5.988670000000000382e-01 -2.236999999999999839e-03 5.988710000000000422e-01 -8.008429999999999715e-01 -1.912999999999999987e-03
1.700000000000000000e+01 5.800000000000000000e+01 3.100000000000000000e+01 0.000000000000000000e+00 1.600000000000000089e+00 -3.177000000000000136e-03 -6.067000000000000344e-03 9.999770000000000048e-01 -8.004550000000000276e-01 -5.993610000000000326e-01 -6.179999999999999730e-03 5.993849999999999456e-01 -8.004559999999999453e-01 -2.952000000000000197e-03
2.400000000000000000e+01 5.800000000000000000e+01 3.100000000000000000e+01 0.000000000000000000e+00 1.600000000000000089e+00 -3.260000000000000094e-04 -1.949999999999999910e-03 9.999980000000000535e-01 -8.016119999999999912e-01 -5.978430000000000133e-01 -1.427000000000000100e-03 5.978440000000000420e-01 -8.016109999999999625e-01 -1.368000000000000075e-03
2.000000000000000000e+00 4.600000000000000000e+01 3.500000000000000000e+01 0.000000000000000000e+00 1.600000000000000089e+00 1.160000000000000007e-03 5.922000000000000181e-03 -9.999820000000000375e-01 3.846490000000000187e-01 -9.230490000000000084e-01 -5.020000000000000157e-03 -9.230620000000000491e-01 -3.846359999999999779e-01 -3.348999999999999980e-03
1.200000000000000000e+01 4.600000000000000000e+01 3.500000000000000000e+01 0.000000000000000000e+00 1.600000000000000089e+00 1.340000000000000045e-04 -3.776999999999999975e-03 -9.999930000000000208e-01 3.870609999999999884e-01 -9.220469999999999500e-01 3.534999999999999948e-03 -9.220540000000000402e-01 -3.870589999999999864e-01 1.337999999999999997e-03
1.800000000000000000e+01 4.600000000000000000e+01 3.500000000000000000e+01 0.000000000000000000e+00 1.600000000000000089e+00 -5.800000000000000034e-04 -5.190000000000000386e-04 -1.000000000000000000e+00 3.862099999999999977e-01 -9.224109999999999809e-01 2.539999999999999940e-04 -9.224109999999999809e-01 -3.862099999999999977e-01 7.360000000000000006e-04
2.400000000000000000e+01 4.600000000000000000e+01 3.500000000000000000e+01 0.000000000000000000e+00 1.600000000000000089e+00 3.429999999999999889e-04 1.704000000000000003e-03 -9.999989999999999712e-01 3.848230000000000262e-01 -9.229889999999999484e-01 -1.441000000000000007e-03 -9.229899999999999771e-01 -3.848219999999999974e-01 -9.719999999999999907e-04
2.900000000000000000e+01 4.600000000000000000e+01 3.500000000000000000e+01 0.000000000000000000e+00 1.600000000000000089e+00 -2.509999999999999753e-04 2.654999999999999808e-03 -9.999959999999999960e-01 3.846840000000000259e-01 -9.230450000000000044e-01 -2.546999999999999785e-03 -9.230479999999999796e-01 -3.846840000000000259e-01 -7.900000000000000121e-04
2.000000000000000000e+00 9.500000000000000000e+01 3.600000000000000000e+01 0.000000000000000000e+00 1.600000000000000089e+00 2.570999999999999935e-03 5.860000000000000408e-04 9.999970000000000248e-01 9.984039999999999582e-01 5.641999999999999793e-02 -2.599999999999999881e-03 -5.642099999999999893e-02 9.984070000000000444e-01 -4.400000000000000157e-04
9.000000000000000000e+00 9.500000000000000000e+01 3.600000000000000000e+01 0.000000000000000000e+00 1.600000000000000089e+00 -7.029999999999999574e-04 4.845999999999999613e-03 9.999879999999999880e-01 9.983009999999999939e-01 5.826599999999999835e-02 4.200000000000000174e-04 -5.826300000000000229e-02 9.982889999999999819e-01 -4.878999999999999657e-03
1.200000000000000000e+01 9.500000000000000000e+01 3.600000000000000000e+01 0.000000000000000000e+00 1.600000000000000089e+00 4.110000000000000155e-04 7.126000000000000389e-03 9.999749999999999472e-01 9.982210000000000250e-01 5.962200000000000139e-02 -8.350000000000000217e-04 -5.962699999999999945e-02 9.981959999999999722e-01 -7.087999999999999683e-03
2.500000000000000000e+01 9.500000000000000000e+01 3.600000000000000000e+01 0.000000000000000000e+00 1.600000000000000089e+00 1.368999999999999991e-03 3.902000000000000086e-03 9.999909999999999632e-01 9.982670000000000154e-01 5.883000000000000035e-02 -1.596999999999999895e-03 -5.883599999999999941e-02 9.982600000000000362e-01 -3.814999999999999815e-03
2.600000000000000000e+01 3.000000000000000000e+00 4.300000000000000000e+01 0.000000000000000000e+00 1.600000000000000089e+00 2.650000000000000012e-03 -4.063999999999999904e-03 -9.999879999999999880e-01 7.379320000000000324e-01 -6.748579999999999579e-01 4.697999999999999919e-03 -6.748690000000000522e-01 -7.379360000000000364e-01 1.209999999999999921e-03
4.000000000000000000e+00 2.900000000000000000e+01 4.400000000000000000e+01 0.000000000000000000e+00 1.600000000000000089e+00 -4.369999999999999970e-04 -2.063999999999999863e-03 -9.999980000000000535e-01 6.638990000000000169e-01 7.478200000000000403e-01 -1.832999999999999994e-03 7.478230000000000155e-01 -6.638979999999999881e-01 1.044000000000000006e-03
9.000000000000000000e+00 2.900000000000000000e+01 4.400000000000000000e+01 0.000000000000000000e+00 1.600000000000000089e+00 6.310000000000000504e-04 -3.393000000000000183e-03 -9.999940000000000495e-01 6.660700000000000509e-01 7.458869999999999667e-01 -2.111000000000000029e-03 7.458890000000000242e-01 -6.660639999999999894e-01 2.729999999999999788e-03
1.500000000000000000e+01 2.900000000000000000e+01 4.400000000000000000e+01 0.000000000000000000e+00 1.600000000000000089e+00 1.430999999999999980e-03 -1.835000000000000043e-03 -9.999970000000000248e-01 6.689760000000000151e-01 7.432839999999999447e-01 -4.070000000000000267e-04 7.432830000000000270e-01 -6.689730000000000398e-01 2.291000000000000068e-03
2.100000000000000000e+01 2.900000000000000000e+01 4.400000000000000000e+01 0.000000000000000000e+00 1.600000000000000089e+00 2.197999999999999867e-03 -4.154999999999999839e-03 -9.999890000000000168e-01 6.709169999999999856e-01 7.415310000000000512e-01 -1.606000000000000006e-03 7.415289999999999937e-01 -6.709060000000000024e-01 4.416999999999999919e-03
2.600000000000000000e+01 2.900000000000000000e+01 4.400000000000000000e+01 0.000000000000000000e+00 1.600000000000000089e+00 9.759999999999999796e-04 -3.902999999999999785e-03 -9.999919999999999920e-01 6.758819999999999828e-01 7.370069999999999677e-01 -2.216999999999999787e-03 7.370090000000000252e-01 -6.758739999999999748e-01 3.357000000000000175e-03
3.000000000000000000e+00 5.000000000000000000e+00 5.100000000000000000e+01 0.000000000000000000e+00 1.600000000000000089e+00 -2.675999999999999993e-03 -5.609000000000000270e-03 -9.999810000000000088e-01 4.844930000000000070e-01 -8.747869999999999813e-01 3.611000000000000060e-03 -8.747909999999999853e-01 -4.844740000000000157e-01 5.059000000000000129e-03
1.100000000000000000e+01 5.000000000000000000e+00 5.100000000000000000e+01 0.000000000000000000e+00 1.600000000000000089e+00 7.699999999999999597e-04 -9.671000000000000776e-03 -9.999529999999999808e-01 4.865900000000000225e-01 -8.735859999999999737e-01 8.824000000000000246e-03 -8.736300000000000177e-01 -4.865740000000000065e-01 4.033000000000000126e-03
1.600000000000000000e+01 5.000000000000000000e+00 5.100000000000000000e+01 0.000000000000000000e+00 1.600000000000000089e+00 6.570000000000000319e-04 2.322999999999999978e-03 -9.999970000000000248e-01 4.902500000000000191e-01 -8.715800000000000214e-01 -1.701999999999999954e-03 -8.715819999999999679e-01 -4.902469999999999883e-01 -1.711999999999999980e-03
2.300000000000000000e+01 5.000000000000000000e+00 5.100000000000000000e+01 0.000000000000000000e+00 1.600000000000000089e+00 -2.340000000000000066e-03 1.688999999999999963e-03 -9.999959999999999960e-01 4.906139999999999946e-01 -8.713729999999999531e-01 -2.619999999999999933e-03 -8.713739999999999819e-01 -4.906179999999999986e-01 1.209999999999999921e-03
2.600000000000000000e+01 5.000000000000000000e+00 5.100000000000000000e+01 0.000000000000000000e+00 1.600000000000000089e+00 -2.778000000000000087e-03 3.222000000000000038e-03 -9.999909999999999632e-01 4.918529999999999847e-01 -8.706679999999999975e-01 -4.172000000000000361e-03 -8.706739999999999480e-01 -4.918600000000000194e-01 8.339999999999999974e-04
7.000000000000000000e+00 6.000000000000000000e+00 5.100000000000000000e+01 0.000000000000000000e+00 1.600000000000000089e+00 -3.634000000000000077e-03 -9.877000000000000363e-03 -9.999449999999999728e-01 3.113250000000000184e-01 -9.502680000000000016e-01 8.253999999999999185e-03 -9.502969999999999473e-01 -3.112770000000000259e-01 6.527999999999999949e-03
2.800000000000000000e+01 6.000000000000000000e+00 5.100000000000000000e+01 0.000000000000000000e+00 1.600000000000000089e+00 -6.800000000000000488e-04 5.450000000000000200e-04 -1.000000000000000000e+00 3.254130000000000078e-01 -9.455719999999999681e-01 -7.360000000000000006e-04 -9.455719999999999681e-01 -3.254130000000000078e-01 4.650000000000000270e-04
2.400000000000000000e+01 7.000000000000000000e+00 5.200000000000000000e+01 0.000000000000000000e+00 1.600000000000000089e+00 -8.959999999999999866e-04 4.754999999999999678e-03 -9.999879999999999880e-01 1.094640000000000057e-01 -9.939789999999999459e-01 -4.825000000000000296e-03 -9.939900000000000402e-01 -1.094669999999999949e-01 3.699999999999999947e-04
2.000000000000000000e+00 6.300000000000000000e+01 5.400000000000000000e+01 0.000000000000000000e+00 1.600000000000000089e+00 3.428000000000000057e-03 6.499999999999999702e-04 9.999940000000000495e-01 -3.547770000000000090e-01 9.349509999999999765e-01 6.080000000000000335e-04 -9.349450000000000260e-01 -3.547770000000000090e-01 3.435999999999999818e-03
6.000000000000000000e+00 6.300000000000000000e+01 5.400000000000000000e+01 0.000000000000000000e+00 1.600000000000000089e+00 1.190000000000000085e-03 -1.180000000000000059e-03 9.999989999999999712e-01 -3.547429999999999750e-01 9.349629999999999885e-01 1.525000000000000097e-03 -9.349629999999999885e-01 -3.547440000000000038e-01 6.939999999999999555e-04
1.000000000000000000e+01 6.300000000000000000e+01 5.400000000000000000e+01 0.000000000000000000e+00 1.600000000000000089e+00 -9.129999999999999661e-04 -4.960000000000000216e-04 9.999989999999999712e-01 -3.517239999999999811e-01 9.361040000000000472e-01 1.430000000000000064e-04 -9.361030000000000184e-01 -3.517239999999999811e-01 -1.028999999999999967e-03
1.600000000000000000e+01 6.300000000000000000e+01 5.400000000000000000e+01 0.000000000000000000e+00 1.600000000000000089e+00 1.689999999999999879e-04 2.431000000000000001e-03 9.999970000000000248e-01 -3.491139999999999799e-01 9.370779999999999665e-01 -2.219000000000000052e-03 -9.370800000000000241e-01 -3.491119999999999779e-01 1.007000000000000083e-03
1.900000000000000000e+01 6.300000000000000000e+01 5.400000000000000000e+01 0.000000000000000000e+00 1.600000000000000089e+00 -8.399999999999999535e-05 2.556999999999999811e-03 9.999970000000000248e-01 -3.488470000000000182e-01 9.371770000000000378e-01 -2.426000000000000205e-03 -9.371800000000000130e-01 -3.488459999999999894e-01 8.130000000000000291e-04
2.400000000000000000e+01 6.300000000000000000e+01 5.400000000000000000e+01 0.000000000000000000e+00 1.600000000000000089e+00 -4.420000000000000101e-04 -4.369999999999999970e-04 1.000000000000000000e+00 -3.587449999999999806e-01 9.334360000000000435e-01 2.489999999999999809e-04 -9.334350000000000147e-01 -3.587449999999999806e-01 -5.689999999999999529e-04
2.800000000000000000e+01 6.300000000000000000e+01 5.400000000000000000e+01 0.000000000000000000e+00 1.600000000000000089e+00 -4.380000000000000213e-04 -1.083999999999999894e-03 9.999989999999999712e-01 -3.566799999999999971e-01 9.342260000000000009e-01 8.559999999999999901e-04 -9.342270000000000296e-01 -3.566790000000000238e-01 -7.960000000000000495e-04
2.200000000000000000e+01 6.800000000000000000e+01 5.700000000000000000e+01 0.000000000000000000e+00 1.600000000000000089e+00 -1.649999999999999991e-04 -8.580000000000000820e-03 -9.999630000000000463e-01 -2.456280000000000130e-01 -9.693279999999999674e-01 8.356999999999999845e-03 -9.693640000000000034e-01 2.456200000000000050e-01 -1.948000000000000079e-03
2.000000000000000000e+00 2.000000000000000000e+01 6.000000000000000000e+01 0.000000000000000000e+00 1.600000000000000089e+00 -1.477000000000000014e-03 3.560999999999999929e-03 9.999930000000000208e-01 -6.315099999999999880e-02 9.979970000000000230e-01 -3.647000000000000068e-03 -9.980029999999999735e-01 -6.315600000000000380e-02 -1.248999999999999893e-03
7.000000000000000000e+00 2.100000000000000000e+01 6.000000000000000000e+01 0.000000000000000000e+00 1.600000000000000089e+00 -1.779999999999999898e-04 7.225999999999999784e-03 9.999740000000000295e-01 -9.501999999999999336e-02 9.954490000000000283e-01 -7.210000000000000263e-03 -9.954749999999999988e-01 -9.501900000000000623e-02 5.090000000000000123e-04
1.000000000000000000e+01 2.100000000000000000e+01 6.000000000000000000e+01 0.000000000000000000e+00 1.600000000000000089e+00 7.370000000000000249e-04 6.047000000000000292e-03 9.999810000000000088e-01 -9.658899999999999431e-02 9.953070000000000528e-01 -5.947000000000000029e-03 -9.953239999999999865e-01 -9.658300000000000218e-02 1.317999999999999944e-03
1.400000000000000000e+01 2.100000000000000000e+01 6.000000000000000000e+01 0.000000000000000000e+00 1.600000000000000089e+00 6.899999999999999667e-05 -5.734999999999999647e-03 9.999839999999999840e-01 -9.636400000000000521e-02 9.953300000000000480e-01 5.714999999999999594e-03 -9.953459999999999530e-01 -9.636300000000000421e-02 -4.840000000000000010e-04
2.000000000000000000e+01 2.100000000000000000e+01 6.000000000000000000e+01 0.000000000000000000e+00 1.600000000000000089e+00 2.602999999999999845e-03 3.145999999999999925e-03 9.999919999999999920e-01 -9.131400000000000627e-02 9.958179999999999810e-01 -2.896000000000000137e-03 -9.958190000000000097e-01 -9.130599999999999827e-02 2.879000000000000049e-03
2.900000000000000000e+01 2.100000000000000000e+01 6.000000000000000000e+01 0.000000000000000000e+00 1.600000000000000089e+00 8.069999999999999916e-04 -9.568999999999999381e-03 9.999540000000000095e-01 -8.971400000000000208e-02 9.959209999999999452e-01 9.603000000000000425e-03 -9.959670000000000467e-01 -8.971800000000000608e-02 -5.500000000000000196e-05
2.400000000000000000e+01 3.000000000000000000e+00 6.300000000000000000e+01 0.000000000000000000e+00 1.600000000000000089e+00 1.319000000000000077e-03 -2.416999999999999878e-03 9.999959999999999960e-01 -6.146599999999999842e-01 7.887880000000000447e-01 2.716999999999999797e-03 -7.887910000000000199e-01 -6.146610000000000129e-01 -4.449999999999999746e-04
2.000000000000000000e+00 2.700000000000000000e+01 6.300000000000000000e+01 0.000000000000000000e+00 1.600000000000000089e+00 4.725000000000000033e-03 -6.517000000000000223e-03 9.999679999999999680e-01 -2.679340000000000055e-01 9.634080000000000421e-01 7.544999999999999624e-03 -9.634260000000000046e-01 -2.679610000000000047e-01 2.805999999999999901e-03
5.000000000000000000e+00 2.700000000000000000e+01 6.300000000000000000e+01 0.000000000000000000e+00 1.600000000000000089e+00 1.598999999999999944e-03 -3.194999999999999923e-03 9.999940000000000495e-01 -2.661830000000000029e-01 9.639159999999999950e-01 3.504999999999999869e-03 -9.639210000000000278e-01 -2.661859999999999782e-01 6.909999999999999910e-04
1.200000000000000000e+01 2.700000000000000000e+01 6.300000000000000000e+01 0.000000000000000000e+00 1.600000000000000089e+00 7.879999999999999635e-04 4.558999999999999685e-03 9.999890000000000168e-01 -2.666000000000000036e-01 9.637980000000000436e-01 -4.184000000000000219e-03 -9.638069999999999693e-01 -2.665939999999999976e-01 1.975000000000000193e-03
2.000000000000000000e+01 2.700000000000000000e+01 6.300000000000000000e+01 0.000000000000000000e+00 1.600000000000000089e+00 -7.200000000000000182e-05 4.529000000000000040e-03 9.999900000000000455e-01 -2.696379999999999888e-01 9.629520000000000302e-01 -4.380000000000000213e-03 -9.629619999999999846e-01 -2.696359999999999868e-01 1.152000000000000029e-03
2.500000000000000000e+01 2.700000000000000000e+01 6.300000000000000000e+01 0.000000000000000000e+00 1.600000000000000089e+00 2.423999999999999939e-03 6.870000000000000238e-03 9.999730000000000008e-01 -2.752390000000000114e-01 9.613570000000000171e-01 -5.937999999999999702e-03 -9.613730000000000331e-01 -2.752180000000000182e-01 4.220999999999999926e-03
3.000000000000000000e+00 4.400000000000000000e+01 6.300000000000000000e+01 0.000000000000000000e+00 1.600000000000000089e+00 2.791700000000000084e-02 -1.377629999999999966e-01 -9.900719999999999521e-01 -7.430369999999999475e-01 -6.654050000000000242e-01 7.163600000000000523e-02 -6.686670000000000114e-01 7.336599999999999788e-01 -1.209400000000000058e-01
2.000000000000000000e+00 2.600000000000000000e+01 6.400000000000000000e+01 0.000000000000000000e+00 1.600000000000000089e+00 5.039000000000000076e-03 -2.938000000000000073e-03 9.999829999999999552e-01 -3.517989999999999728e-01 9.360650000000000359e-01 4.523000000000000111e-03 -9.360619999999999497e-01 -3.518160000000000176e-01 3.683000000000000076e-03
1.200000000000000000e+01 2.600000000000000000e+01 6.400000000000000000e+01 0.000000000000000000e+00 1.600000000000000089e+00 5.789999999999999791e-04 3.758000000000000056e-03 9.999930000000000208e-01 -3.478890000000000038e-01 9.375299999999999745e-01 -3.321999999999999866e-03 -9.375350000000000072e-01 -3.478849999999999998e-01 1.850000000000000082e-03
1.600000000000000000e+01 2.600000000000000000e+01 6.400000000000000000e+01 0.000000000000000000e+00 1.600000000000000089e+00 2.359999999999999902e-04 5.317999999999999811e-03 9.999860000000000415e-01 -3.470799999999999996e-01 9.378229999999999622e-01 -4.905999999999999771e-03 -9.378360000000000030e-01 -3.470739999999999936e-01 2.066999999999999827e-03
