1.400000000000000000e+01 2.500000000000000000e+01 1.000000000000000000e+00 0.000000000000000000e+00 1.600000000000000089e+00 3.926999999999999935e-03 -4.477000000000000077e-03 -9.999820000000000375e-01 -5.219979999999999620e-01 -8.529449999999999532e-01 1.768999999999999956e-03 -8.529379999999999740e-01 5.219810000000000283e-01 -5.687000000000000215e-03
2.200000000000000000e+01 2.500000000000000000e+01 1.000000000000000000e+00 0.000000000000000000e+00 1.600000000000000089e+00 2.794000000000000043e-03 4.636000000000000364e-03 -9.999850000000000128e-01 -5.249620000000000397e-01 -8.511079999999999757e-01 -5.412000000000000144e-03 -8.511210000000000164e-01 5.249690000000000190e-01 5.500000000000000196e-05
8.000000000000000000e+00 4.200000000000000000e+01 2.000000000000000000e+00 0.000000000000000000e+00 1.600000000000000089e+00 6.568000000000000053e-03 -1.310700000000000059e-02 -9.998930000000000318e-01 9.829890000000000017e-01 -1.834530000000000050e-01 8.861000000000000820e-03 -1.835489999999999899e-01 -9.829409999999999537e-01 1.167900000000000015e-02
4.000000000000000000e+00 1.500000000000000000e+01 4.000000000000000000e+00 0.000000000000000000e+00 1.600000000000000089e+00 -3.341999999999999919e-03 -3.458999999999999835e-03 9.999879999999999880e-01 3.112269999999999759e-01 -9.503329999999999833e-01 -2.247999999999999998e-03 9.503300000000000081e-01 3.112159999999999926e-01 4.252999999999999836e-03
1.300000000000000000e+01 1.500000000000000000e+01 4.000000000000000000e+00 0.000000000000000000e+00 1.600000000000000089e+00 1.985999999999999918e-03 3.278000000000000098e-03 9.999930000000000208e-01 3.055999999999999828e-01 -9.521570000000000311e-01 2.514000000000000175e-03 9.521579999999999488e-01 3.055930000000000035e-01 -2.893000000000000172e-03
2.300000000000000000e+01 1.500000000000000000e+01 4.000000000000000000e+00 0.000000000000000000e+00 1.600000000000000089e+00 -8.137000000000000136e-03 -3.384999999999999988e-03 9.999609999999999888e-01 2.994550000000000267e-01 -9.541100000000000136e-01 -7.929999999999999766e-04 9.540760000000000352e-01 2.994370000000000087e-01 8.777000000000000079e-03
2.700000000000000000e+01 1.500000000000000000e+01 4.000000000000000000e+00 0.000000000000000000e+00 1.600000000000000089e+00 -5.571999999999999696e-03 -4.761999999999999740e-03 9.999730000000000008e-01 2.985610000000000208e-01 -9.543859999999999566e-01 -2.882000000000000013e-03 9.543739999999999446e-01 2.985369999999999968e-01 6.739000000000000198e-03
2.600000000000000000e+01 1.010000000000000000e+02 7.000000000000000000e+00 0.000000000000000000e+00 1.600000000000000089e+00 -4.049999999999999781e-04 1.416199999999999924e-02 9.999000000000000110e-01 8.841560000000000530e-01 4.671489999999999809e-01 -6.257999999999999674e-03 -4.671910000000000229e-01 8.840649999999999897e-01 -1.271000000000000081e-02
5.000000000000000000e+00 1.500000000000000000e+01 8.000000000000000000e+00 0.000000000000000000e+00 1.600000000000000089e+00 1.224999999999999960e-03 1.599999999999999928e-05 -9.999989999999999712e-01 -5.988299999999999734e-01 -8.008760000000000323e-01 -7.460000000000000268e-04 -8.008750000000000036e-01 5.988299999999999734e-01 -9.719999999999999907e-04
2.000000000000000000e+00 2.500000000000000000e+01 8.000000000000000000e+00 0.000000000000000000e+00 1.600000000000000089e+00 -1.912999999999999987e-03 5.693000000000000144e-03 -9.999820000000000375e-01 4.440609999999999835e-01 8.959869999999999779e-01 4.251999999999999703e-03 8.959949999999999859e-01 -4.440450000000000230e-01 -4.242000000000000111e-03
5.000000000000000000e+00 2.500000000000000000e+01 8.000000000000000000e+00 0.000000000000000000e+00 1.600000000000000089e+00 -2.223000000000000149e-03 -1.051000000000000068e-03 -9.999970000000000248e-01 4.432110000000000216e-01 8.964149999999999618e-01 -1.928000000000000026e-03 8.964140000000000441e-01 -4.432139999999999969e-01 -1.526999999999999929e-03
8.000000000000000000e+00 2.500000000000000000e+01 8.000000000000000000e+00 0.000000000000000000e+00 1.600000000000000089e+00 -1.015999999999999976e-03 -7.296000000000000402e-03 -9.999730000000000008e-01 4.445470000000000255e-01 8.957279999999999687e-01 -6.987000000000000155e-03 8.957549999999999679e-01 -4.445419999999999927e-01 2.334000000000000137e-03
1.200000000000000000e+01 2.500000000000000000e+01 8.000000000000000000e+00 0.000000000000000000e+00 1.600000000000000089e+00 -1.603999999999999957e-03 -5.899999999999999863e-03 -9.999810000000000088e-01 4.471700000000000119e-01 8.944290000000000296e-01 -5.995000000000000329e-03 8.944469999999999921e-01 -4.471720000000000139e-01 1.203999999999999992e-03
1.500000000000000000e+01 2.500000000000000000e+01 8.000000000000000000e+00 0.000000000000000000e+00 1.600000000000000089e+00 -3.350999999999999812e-03 -4.682999999999999663e-03 -9.999829999999999552e-01 4.487349999999999950e-01 8.936469999999999692e-01 -5.688999999999999613e-03 8.936579999999999524e-01 -4.487470000000000070e-01 -8.930000000000000221e-04
2.000000000000000000e+00 2.400000000000000000e+01 9.000000000000000000e+00 0.000000000000000000e+00 1.600000000000000089e+00 -8.189999999999999581e-04 5.438000000000000125e-03 -9.999850000000000128e-01 4.476760000000000184e-01 8.941839999999999788e-01 4.495999999999999996e-03 8.941949999999999621e-01 -4.476660000000000084e-01 -3.167000000000000110e-03
5.000000000000000000e+00 2.400000000000000000e+01 9.000000000000000000e+00 0.000000000000000000e+00 1.600000000000000089e+00 -1.626000000000000058e-03 -8.300000000000000086e-04 -9.999980000000000535e-01 4.468840000000000034e-01 8.945910000000000251e-01 -1.469000000000000037e-03 8.945910000000000251e-01 -4.468849999999999767e-01 -1.083999999999999894e-03
9.000000000000000000e+00 2.400000000000000000e+01 9.000000000000000000e+00 0.000000000000000000e+00 1.600000000000000089e+00 -9.870000000000000301e-04 -6.316999999999999699e-03 -9.999799999999999800e-01 4.480999999999999983e-01 8.939629999999999521e-01 -6.089999999999999927e-03 8.939829999999999721e-01 -4.480970000000000231e-01 1.948000000000000079e-03
1.600000000000000000e+01 2.400000000000000000e+01 9.000000000000000000e+00 0.000000000000000000e+00 1.600000000000000089e+00 -3.072000000000000078e-03 -1.763999999999999943e-03 -9.999940000000000495e-01 4.510199999999999765e-01 8.925089999999999968e-01 -2.959999999999999958e-03 8.925079999999999680e-01 -4.510270000000000112e-01 -1.946000000000000030e-03
2.000000000000000000e+01 2.400000000000000000e+01 9.000000000000000000e+00 0.000000000000000000e+00 1.600000000000000089e+00 -2.187000000000000142e-03 -6.697999999999999961e-03 -9.999749999999999472e-01 4.519960000000000089e-01 8.919930000000000359e-01 -6.962999999999999572e-03 8.920169999999999488e-01 -4.520000000000000129e-01 1.077000000000000049e-03
2.300000000000000000e+01 2.400000000000000000e+01 9.000000000000000000e+00 0.000000000000000000e+00 1.600000000000000089e+00 -2.632999999999999924e-03 -5.908000000000000057e-03 -9.999789999999999512e-01 4.524599999999999733e-01 8.917610000000000259e-01 -6.459999999999999597e-03 8.917810000000000459e-01 -4.524679999999999813e-01 3.249999999999999851e-04
2.900000000000000000e+01 2.400000000000000000e+01 9.000000000000000000e+00 0.000000000000000000e+00 1.600000000000000089e+00 -1.502000000000000080e-03 3.285999999999999859e-03 -9.999940000000000495e-01 4.532880000000000242e-01 8.913609999999999589e-01 2.249000000000000131e-03 8.913630000000000164e-01 -4.532820000000000182e-01 -2.827999999999999785e-03
1.700000000000000000e+01 3.200000000000000000e+01 1.400000000000000000e+01 0.000000000000000000e+00 1.600000000000000089e+00 3.589999999999999984e-04 6.409999999999999682e-04 -1.000000000000000000e+00 1.064260000000000067e-01 9.943199999999999816e-01 6.759999999999999516e-04 9.943210000000000104e-01 -1.064269999999999938e-01 2.889999999999999774e-04
2.400000000000000000e+01 1.200000000000000000e+01 1.500000000000000000e+01 0.000000000000000000e+00 1.600000000000000089e+00 2.661000000000000171e-03 4.422999999999999848e-03 -9.999869999999999592e-01 -4.695320000000000049e-01 -8.829010000000000469e-01 -5.154999999999999860e-03 -8.829120000000000301e-01 4.695389999999999842e-01 -2.730000000000000222e-04
2.000000000000000000e+01 1.100000000000000000e+01 1.600000000000000000e+01 0.000000000000000000e+00 1.600000000000000089e+00 1.028000000000000051e-03 8.499999999999999526e-04 -9.999989999999999712e-01 -4.169689999999999785e-01 -9.089199999999999502e-01 -1.201000000000000028e-03 -9.089199999999999502e-01 4.169700000000000073e-01 -5.800000000000000034e-04
2.000000000000000000e+00 1.160000000000000000e+02 1.600000000000000000e+01 0.000000000000000000e+00 1.600000000000000089e+00 2.443999999999999992e-03 1.869000000000000002e-03 9.999949999999999672e-01 7.001810000000000533e-01 7.139590000000000103e-01 -3.046000000000000096e-03 -7.139609999999999568e-01 7.001849999999999463e-01 4.369999999999999970e-04
1.300000000000000000e+01 1.160000000000000000e+02 1.600000000000000000e+01 0.000000000000000000e+00 1.600000000000000089e+00 2.026000000000000023e-03 9.619999999999999645e-04 9.999970000000000248e-01 6.791369999999999907e-01 7.340090000000000225e-01 -2.082000000000000083e-03 -7.340090000000000225e-01 6.791390000000000482e-01 8.339999999999999974e-04
1.800000000000000000e+01 1.160000000000000000e+02 1.600000000000000000e+01 0.000000000000000000e+00 1.600000000000000089e+00 -1.730000000000000038e-04 1.740000000000000010e-03 9.999980000000000535e-01 6.958950000000000413e-01 7.181429999999999758e-01 -1.129000000000000012e-03 -7.181440000000000046e-01 6.958929999999999838e-01 -1.335000000000000032e-03
2.300000000000000000e+01 1.160000000000000000e+02 1.600000000000000000e+01 0.000000000000000000e+00 1.600000000000000089e+00 1.603999999999999957e-03 -1.587000000000000086e-03 9.999970000000000248e-01 6.768769999999999509e-01 7.360959999999999726e-01 8.299999999999999815e-05 -7.360950000000000548e-01 6.768750000000000044e-01 2.255000000000000060e-03
6.000000000000000000e+00 2.000000000000000000e+00 1.900000000000000000e+01 0.000000000000000000e+00 1.600000000000000089e+00 -1.487000000000000040e-03 5.582000000000000156e-03 -9.999829999999999552e-01 1.975089999999999901e-01 -9.802840000000000442e-01 -5.765000000000000159e-03 -9.802999999999999492e-01 -1.975139999999999951e-01 3.550000000000000096e-04
1.000000000000000000e+01 2.000000000000000000e+00 1.900000000000000000e+01 0.000000000000000000e+00 1.600000000000000089e+00 -3.941000000000000059e-03 6.295000000000000248e-03 -9.999719999999999720e-01 1.980959999999999943e-01 -9.801579999999999737e-01 -6.950999999999999714e-03 -9.801750000000000185e-01 -1.981179999999999886e-01 2.615000000000000137e-03
1.300000000000000000e+01 2.000000000000000000e+00 1.900000000000000000e+01 0.000000000000000000e+00 1.600000000000000089e+00 -2.295000000000000165e-03 7.709999999999999840e-04 -9.999970000000000248e-01 1.966189999999999882e-01 -9.804789999999999894e-01 -1.206999999999999957e-03 -9.804770000000000429e-01 -1.966209999999999902e-01 2.099000000000000171e-03
1.900000000000000000e+01 2.000000000000000000e+00 1.900000000000000000e+01 0.000000000000000000e+00 1.600000000000000089e+00 4.169999999999999987e-04 -5.150000000000000064e-03 -9.999869999999999592e-01 1.935060000000000113e-01 -9.810860000000000136e-01 5.133999999999999675e-03 -9.810990000000000544e-01 -1.935060000000000113e-01 5.869999999999999567e-04
2.400000000000000000e+01 2.000000000000000000e+00 1.900000000000000000e+01 0.000000000000000000e+00 1.600000000000000089e+00 5.360000000000000181e-04 -6.000000000000000152e-05 -1.000000000000000000e+00 1.965959999999999930e-01 -9.804850000000000509e-01 1.640000000000000019e-04 -9.804840000000000222e-01 -1.965959999999999930e-01 -5.140000000000000254e-04
2.900000000000000000e+01 2.000000000000000000e+00 1.900000000000000000e+01 0.000000000000000000e+00 1.600000000000000089e+00 1.077999999999999965e-03 9.063999999999999141e-03 -9.999580000000000135e-01 1.952919999999999934e-01 -9.807069999999999954e-01 -8.678999999999999215e-03 -9.807439999999999491e-01 -1.952750000000000041e-01 -2.827000000000000086e-03
3.000000000000000000e+00 4.000000000000000000e+00 2.000000000000000000e+01 0.000000000000000000e+00 1.600000000000000089e+00 -6.999999999999999387e-05 1.998999999999999909e-03 -9.999980000000000535e-01 2.920510000000000050e-01 -9.564009999999999456e-01 -1.931999999999999907e-03 -9.564030000000000031e-01 -2.920510000000000050e-01 -5.159999999999999656e-04
1.300000000000000000e+01 4.000000000000000000e+00 2.000000000000000000e+01 0.000000000000000000e+00 1.600000000000000089e+00 -4.335999999999999577e-03 -1.994999999999999812e-03 -9.999890000000000168e-01 2.908359999999999834e-01 -9.567729999999999846e-01 6.470000000000000057e-04 -9.567630000000000301e-01 -2.908299999999999774e-01 4.728999999999999697e-03
1.600000000000000000e+01 4.000000000000000000e+00 2.000000000000000000e+01 0.000000000000000000e+00 1.600000000000000089e+00 -4.539999999999999765e-04 -3.318999999999999902e-03 -9.999940000000000495e-01 2.881150000000000100e-01 -9.575909999999999700e-01 3.047999999999999928e-03 -9.575960000000000027e-01 -2.881119999999999792e-01 1.391000000000000092e-03
2.200000000000000000e+01 4.000000000000000000e+00 2.000000000000000000e+01 0.000000000000000000e+00 1.600000000000000089e+00 7.889999999999999878e-04 -2.560000000000000209e-03 -9.999959999999999960e-01 2.929640000000000022e-01 -9.561199999999999699e-01 2.678999999999999958e-03 -9.561229999999999452e-01 -2.929649999999999754e-01 -5.000000000000000409e-06
2.800000000000000000e+01 4.000000000000000000e+00 2.000000000000000000e+01 0.000000000000000000e+00 1.600000000000000089e+00 7.169999999999999724e-04 8.092999999999999500e-03 -9.999670000000000503e-01 2.910440000000000249e-01 -9.566799999999999748e-01 -7.533999999999999898e-03 -9.567090000000000316e-01 -2.910289999999999822e-01 -3.041999999999999999e-03
5.000000000000000000e+00 1.300000000000000000e+01 2.000000000000000000e+01 0.000000000000000000e+00 1.600000000000000089e+00 -6.639999999999999852e-04 -5.330000000000000536e-04 1.000000000000000000e+00 2.539170000000000038e-01 9.672260000000000302e-01 6.849999999999999535e-04 -9.672260000000000302e-01 2.539170000000000038e-01 -5.069999999999999637e-04
1.000000000000000000e+01 1.300000000000000000e+01 2.000000000000000000e+01 0.000000000000000000e+00 1.600000000000000089e+00 -2.484999999999999796e-03 -6.591999999999999769e-03 9.999749999999999472e-01 2.566499999999999893e-01 9.664789999999999770e-01 7.008999999999999606e-03 -9.665010000000000545e-01 2.566609999999999725e-01 -7.100000000000000191e-04
1.500000000000000000e+01 1.300000000000000000e+01 2.000000000000000000e+01 0.000000000000000000e+00 1.600000000000000089e+00 -1.129999999999999955e-04 -6.089999999999999494e-04 1.000000000000000000e+00 2.568989999999999885e-01 9.664380000000000193e-01 6.179999999999999513e-04 -9.664380000000000193e-01 2.568989999999999885e-01 4.699999999999999724e-05
1.700000000000000000e+01 1.300000000000000000e+01 2.000000000000000000e+01 0.000000000000000000e+00 1.600000000000000089e+00 4.350000000000000026e-04 8.899999999999999491e-05 1.000000000000000000e+00 2.562329999999999885e-01 9.666150000000000020e-01 -1.979999999999999881e-04 -9.666150000000000020e-01 2.562329999999999885e-01 3.980000000000000248e-04
2.200000000000000000e+01 1.300000000000000000e+01 2.000000000000000000e+01 0.000000000000000000e+00 1.600000000000000089e+00 1.606999999999999922e-03 1.185999999999999988e-03 9.999980000000000535e-01 2.555509999999999726e-01 9.667940000000000422e-01 -1.557999999999999923e-03 -9.667940000000000422e-01 2.555529999999999746e-01 1.250000000000000026e-03
2.800000000000000000e+01 1.300000000000000000e+01 2.000000000000000000e+01 0.000000000000000000e+00 1.600000000000000089e+00 -4.139999999999999800e-04 6.239999999999999887e-04 1.000000000000000000e+00 2.543960000000000110e-01 9.670999999999999597e-01 -4.979999999999999618e-04 -9.670999999999999597e-01 2.543960000000000110e-01 -5.590000000000000351e-04
2.000000000000000000e+00 1.600000000000000000e+01 2.100000000000000000e+01 0.000000000000000000e+00 1.600000000000000089e+00 1.191999999999999917e-03 7.766999999999999599e-03 9.999689999999999968e-01 2.964319999999999733e-01 9.550220000000000375e-01 -7.771000000000000130e-03 -9.550530000000000408e-01 2.964319999999999733e-01 -1.164000000000000104e-03
5.000000000000000000e+00 1.600000000000000000e+01 2.100000000000000000e+01 0.000000000000000000e+00 1.600000000000000089e+00 -4.449999999999999746e-04 -9.060000000000000128e-04 1.000000000000000000e+00 2.963939999999999908e-01 9.550650000000000528e-01 9.970000000000000563e-04 -9.550659999999999705e-01 2.963939999999999908e-01 -1.569999999999999944e-04
1.000000000000000000e+01 1.600000000000000000e+01 2.100000000000000000e+01 0.000000000000000000e+00 1.600000000000000089e+00 -2.070999999999999924e-03 -6.773000000000000374e-03 9.999749999999999472e-01 2.986289999999999778e-01 9.543430000000000524e-01 7.082999999999999886e-03 -9.543669999999999654e-01 2.986360000000000126e-01 4.699999999999999724e-05
2.200000000000000000e+01 1.600000000000000000e+01 2.100000000000000000e+01 0.000000000000000000e+00 1.600000000000000089e+00 1.371000000000000040e-03 1.510000000000000057e-03 9.999980000000000535e-01 2.994890000000000052e-01 9.540980000000000016e-01 -1.850999999999999998e-03 -9.540990000000000304e-01 2.994910000000000072e-01 8.559999999999999901e-04
2.500000000000000000e+01 1.600000000000000000e+01 2.100000000000000000e+01 0.000000000000000000e+00 1.600000000000000089e+00 2.829999999999999942e-04 5.329000000000000403e-03 9.999860000000000415e-01 2.985889999999999933e-01 9.543679999999999941e-01 -5.171000000000000249e-03 -9.543819999999999526e-01 2.985860000000000181e-01 -1.322000000000000041e-03
2.900000000000000000e+01 1.600000000000000000e+01 2.100000000000000000e+01 0.000000000000000000e+00 1.600000000000000089e+00 -5.379999999999999583e-04 6.781999999999999834e-03 9.999770000000000048e-01 2.980010000000000159e-01 9.545449999999999768e-01 -6.313000000000000035e-03 -9.545649999999999968e-01 2.979910000000000059e-01 -2.533999999999999794e-03
9.000000000000000000e+00 3.000000000000000000e+00 2.500000000000000000e+01 0.000000000000000000e+00 1.600000000000000089e+00 5.866999999999999819e-03 6.708999999999999686e-03 9.999599999999999600e-01 -5.480499999999999955e-02 -9.984720000000000262e-01 7.021000000000000331e-03 9.984800000000000342e-01 -5.484399999999999692e-02 -5.491000000000000221e-03
1.400000000000000000e+01 3.000000000000000000e+00 2.500000000000000000e+01 0.000000000000000000e+00 1.600000000000000089e+00 2.092000000000000109e-03 -4.030999999999999861e-03 9.999900000000000455e-01 -5.534700000000000036e-02 -9.984600000000000142e-01 -3.909000000000000148e-03 9.984650000000000469e-01 -5.533799999999999830e-02 -2.311999999999999819e-03
2.600000000000000000e+01 3.000000000000000000e+00 2.500000000000000000e+01 0.000000000000000000e+00 1.600000000000000089e+00 -2.451000000000000054e-03 3.896999999999999856e-03 9.999890000000000168e-01 -6.294700000000000295e-02 -9.980099999999999527e-01 3.735000000000000039e-03 9.980139999999999567e-01 -6.293700000000000683e-02 2.691999999999999948e-03
1.000000000000000000e+00 4.600000000000000000e+01 2.700000000000000000e+01 0.000000000000000000e+00 1.600000000000000089e+00 -5.020000000000000157e-03 2.020000000000000040e-04 -9.999869999999999592e-01 6.416300000000000336e-01 7.670080000000000231e-01 -3.066000000000000149e-03 7.669979999999999576e-01 -6.416370000000000129e-01 -3.980000000000000031e-03
8.000000000000000000e+00 4.600000000000000000e+01 2.700000000000000000e+01 0.000000000000000000e+00 1.600000000000000089e+00 1.123999999999999999e-03 -2.120000000000000031e-04 -9.999989999999999712e-01 6.442400000000000349e-01 7.648230000000000306e-01 5.609999999999999752e-04 7.648230000000000306e-01 -6.442400000000000349e-01 9.959999999999999236e-04
1.100000000000000000e+01 4.600000000000000000e+01 2.700000000000000000e+01 0.000000000000000000e+00 1.600000000000000089e+00 3.187999999999999862e-03 -5.969999999999999829e-04 -9.999949999999999672e-01 6.457720000000000127e-01 7.635290000000000132e-01 1.603000000000000041e-03 7.635239999999999805e-01 -6.457730000000000414e-01 2.818999999999999891e-03
2.100000000000000000e+01 4.600000000000000000e+01 2.700000000000000000e+01 0.000000000000000000e+00 1.600000000000000089e+00 -1.131000000000000061e-03 2.354000000000000190e-03 -9.999970000000000248e-01 6.550080000000000346e-01 7.556209999999999871e-01 1.038000000000000077e-03 7.556209999999999871e-01 -6.550049999999999484e-01 -2.396999999999999825e-03
1.400000000000000000e+01 4.600000000000000000e+01 3.000000000000000000e+01 0.000000000000000000e+00 1.600000000000000089e+00 1.539999999999999919e-03 1.853999999999999962e-03 -9.999970000000000248e-01 3.261560000000000015e-01 9.453129999999999589e-01 2.255000000000000060e-03 9.453150000000000164e-01 -3.261589999999999767e-01 8.509999999999999769e-04
4.000000000000000000e+00 5.800000000000000000e+01 3.100000000000000000e+01 0.000000000000000000e+00 1.600000000000000089e+00 3.770000000000000022e-04 -3.299999999999999982e-04 1.000000000000000000e+00 -8.000509999999999566e-01 -5.999320000000000208e-01 1.039999999999999936e-04 5.999320000000000208e-01 -8.000509999999999566e-01 -4.899999999999999842e-04
1.700000000000000000e+01 5.800000000000000000e+01 3.100000000000000000e+01 0.000000000000000000e+00 1.600000000000000089e+00 -7.619999999999999820e-04 -1.969999999999999963e-03 9.999980000000000535e-01 -8.028300000000000436e-01 -5.962060000000000137e-01 -1.786000000000000044e-03 5.962079999999999602e-01 -8.028290000000000148e-01 -1.128000000000000096e-03
2.200000000000000000e+01 5.800000000000000000e+01 3.100000000000000000e+01 0.000000000000000000e+00 1.600000000000000089e+00 5.199999999999999680e-05 -5.083999999999999977e-03 9.999869999999999592e-01 -8.010439999999999783e-01 -5.985979999999999634e-01 -3.001999999999999894e-03 5.986050000000000537e-01 -8.010340000000000238e-01 -4.102999999999999876e-03
2.600000000000000000e+01 5.800000000000000000e+01 3.100000000000000000e+01 0.000000000000000000e+00 1.600000000000000089e+00 3.024000000000000212e-03 -3.644000000000000104e-03 9.999890000000000168e-01 -7.955900000000000194e-01 -6.058360000000000412e-01 1.979999999999999881e-04 6.058280000000000332e-01 -7.955809999999999826e-01 -4.730999999999999962e-03
3.000000000000000000e+01 5.800000000000000000e+01 3.100000000000000000e+01 0.000000000000000000e+00 1.600000000000000089e+00 8.610000000000000032e-04 -4.244000000000000376e-03 9.999909999999999632e-01 -7.948100000000000165e-01 -6.068550000000000333e-01 -1.891000000000000103e-03 6.068569999999999798e-01 -7.948009999999999797e-01 -3.896000000000000157e-03
1.200000000000000000e+01 6.000000000000000000e+00 3.200000000000000000e+01 0.000000000000000000e+00 1.600000000000000089e+00 3.549000000000000071e-03 2.870999999999999854e-03 -9.999900000000000455e-01 9.382200000000000262e-02 9.955840000000000245e-01 3.190999999999999826e-03 9.955829999999999957e-01 -9.383299999999999974e-02 3.263999999999999974e-03
3.000000000000000000e+01 5.900000000000000000e+01 3.200000000000000000e+01 0.000000000000000000e+00 1.600000000000000089e+00 5.580000000000000107e-04 6.660000000000000338e-04 1.000000000000000000e+00 -6.944730000000000070e-01 -7.195179999999999909e-01 8.670000000000000406e-04 7.195179999999999909e-01 -6.944740000000000357e-01 6.099999999999999872e-05
4.000000000000000000e+00 4.600000000000000000e+01 3.500000000000000000e+01 0.000000000000000000e+00 1.600000000000000089e+00 2.030000000000000012e-04 2.076999999999999853e-03 -9.999980000000000535e-01 3.837940000000000240e-01 -9.234170000000000433e-01 -1.840000000000000056e-03 -9.234189999999999898e-01 -3.837929999999999953e-01 -9.849999999999999815e-04
9.000000000000000000e+00 4.600000000000000000e+01 3.500000000000000000e+01 0.000000000000000000e+00 1.600000000000000089e+00 -1.320000000000000101e-04 3.285000000000000159e-03 -9.999949999999999672e-01 3.856200000000000183e-01 -9.226529999999999454e-01 -3.082000000000000104e-03 -9.226579999999999782e-01 -3.856180000000000163e-01 -1.144999999999999967e-03
1.500000000000000000e+01 4.600000000000000000e+01 3.500000000000000000e+01 0.000000000000000000e+00 1.600000000000000089e+00 2.979999999999999793e-04 -1.827000000000000065e-03 -9.999980000000000535e-01 3.849890000000000256e-01 -9.229190000000000449e-01 1.801000000000000083e-03 -9.229209999999999914e-01 -3.849890000000000256e-01 4.290000000000000193e-04
2.000000000000000000e+01 4.600000000000000000e+01 3.500000000000000000e+01 0.000000000000000000e+00 1.600000000000000089e+00 8.429999999999999993e-04 -1.310000000000000129e-04 -1.000000000000000000e+00 3.849969999999999781e-01 -9.229180000000000161e-01 4.459999999999999989e-04 -9.229169999999999874e-01 -3.849980000000000069e-01 -7.280000000000000230e-04
2.600000000000000000e+01 4.600000000000000000e+01 3.500000000000000000e+01 0.000000000000000000e+00 1.600000000000000089e+00 -3.959999999999999762e-04 -1.729999999999999984e-03 -9.999980000000000535e-01 3.848699999999999899e-01 -9.229699999999999571e-01 1.445000000000000104e-03 -9.229709999999999859e-01 -3.848679999999999879e-01 1.031000000000000015e-03
5.000000000000000000e+00 9.500000000000000000e+01 3.600000000000000000e+01 0.000000000000000000e+00 1.600000000000000089e+00 1.250000000000000026e-03 1.900999999999999912e-03 9.999970000000000248e-01 9.982779999999999987e-01 5.864599999999999674e-02 -1.358999999999999965e-03 -5.864799999999999874e-02 9.982769999999999699e-01 -1.824000000000000100e-03
1.000000000000000000e+01 9.500000000000000000e+01 3.600000000000000000e+01 0.000000000000000000e+00 1.600000000000000089e+00 8.071000000000000049e-03 9.339000000000000079e-03 9.999240000000000350e-01 9.976110000000000255e-01 6.852900000000000658e-02 -8.692000000000000073e-03 -6.860499999999999932e-02 9.976049999999999640e-01 -8.763999999999999221e-03
1.400000000000000000e+01 9.500000000000000000e+01 3.600000000000000000e+01 0.000000000000000000e+00 1.600000000000000089e+00 7.962000000000000327e-03 1.105300000000000032e-02 9.999069999999999903e-01 9.975730000000000430e-01 6.908699999999999564e-02 -8.706999999999999462e-03 -6.917700000000000238e-02 9.975490000000000190e-01 -1.047599999999999920e-02
2.200000000000000000e+01 9.500000000000000000e+01 3.600000000000000000e+01 0.000000000000000000e+00 1.600000000000000089e+00 -2.360000000000000119e-03 2.060999999999999898e-03 9.999949999999999672e-01 9.967449999999999921e-01 8.058800000000000685e-02 2.186000000000000009e-03 -8.058300000000000185e-02 9.967449999999999921e-01 -2.245000000000000034e-03
3.000000000000000000e+01 9.500000000000000000e+01 3.600000000000000000e+01 0.000000000000000000e+00 1.600000000000000089e+00 -2.357999999999999853e-03 1.871199999999999947e-02 9.998219999999999885e-01 9.973710000000000075e-01 7.245400000000000451e-02 9.959999999999999236e-04 -7.242300000000000126e-02 9.971959999999999713e-01 -1.883299999999999905e-02
6.000000000000000000e+00 3.000000000000000000e+00 4.300000000000000000e+01 0.000000000000000000e+00 1.600000000000000089e+00 2.173000000000000018e-03 -1.098000000000000018e-03 -9.999970000000000248e-01 7.382140000000000368e-01 -6.745619999999999949e-01 2.344999999999999862e-03 -6.745630000000000237e-01 -7.382170000000000121e-01 -6.549999999999999833e-04
1.300000000000000000e+01 3.000000000000000000e+00 4.300000000000000000e+01 0.000000000000000000e+00 1.600000000000000089e+00 -4.429999999999999802e-04 2.339700000000000113e-02 -9.997260000000000035e-01 7.396540000000000337e-01 -6.727950000000000319e-01 -1.607300000000000048e-02 -6.729870000000000019e-01 -7.394589999999999774e-01 -1.700799999999999881e-02
2.000000000000000000e+01 3.000000000000000000e+00 4.300000000000000000e+01 0.000000000000000000e+00 1.600000000000000089e+00 1.613999999999999983e-03 4.399000000000000132e-03 -9.999890000000000168e-01 7.366570000000000062e-01 -6.762639999999999763e-01 -1.786000000000000044e-03 -6.762639999999999763e-01 -7.366460000000000230e-01 -4.331999999999999913e-03
2.700000000000000000e+01 3.000000000000000000e+00 4.300000000000000000e+01 0.000000000000000000e+00 1.600000000000000089e+00 8.450000000000000479e-04 -2.549399999999999930e-02 -9.996749999999999803e-01 7.332579999999999654e-01 -6.797130000000000116e-01 1.795400000000000121e-02 -6.799500000000000544e-01 -7.330339999999999634e-01 1.812000000000000069e-02
2.000000000000000000e+00 8.000000000000000000e+00 4.400000000000000000e+01 0.000000000000000000e+00 1.600000000000000089e+00 -6.359999999999999551e-04 -4.910999999999999567e-03 9.999879999999999880e-01 -7.811169999999999503e-01 -6.243750000000000133e-01 -3.563999999999999894e-03 6.243849999999999678e-01 -7.811090000000000533e-01 -3.439000000000000216e-03
6.000000000000000000e+00 8.000000000000000000e+00 4.400000000000000000e+01 0.000000000000000000e+00 1.600000000000000089e+00 -8.610000000000000032e-04 4.884999999999999586e-03 9.999879999999999880e-01 -7.824039999999999884e-01 -6.227669999999999595e-01 2.367999999999999879e-03 6.227709999999999635e-01 -7.823919999999999764e-01 4.357999999999999895e-03
1.600000000000000000e+01 8.000000000000000000e+00 4.400000000000000000e+01 0.000000000000000000e+00 1.600000000000000089e+00 1.337999999999999997e-03 2.889000000000000075e-03 9.999949999999999672e-01 -7.852510000000000323e-01 -6.191710000000000269e-01 2.840000000000000076e-03 6.191759999999999486e-01 -7.852510000000000323e-01 1.440000000000000091e-03
1.000000000000000000e+00 2.900000000000000000e+01 4.400000000000000000e+01 0.000000000000000000e+00 1.600000000000000089e+00 -2.161999999999999859e-03 -4.800999999999999712e-03 -9.999860000000000415e-01 6.702519999999999589e-01 7.421170000000000266e-01 -5.011999999999999962e-03 7.421309999999999851e-01 -6.702529999999999877e-01 1.613000000000000067e-03
6.000000000000000000e+00 2.900000000000000000e+01 4.400000000000000000e+01 0.000000000000000000e+00 1.600000000000000089e+00 1.211000000000000054e-03 -3.472999999999999959e-03 -9.999930000000000208e-01 6.766649999999999610e-01 7.362889999999999713e-01 -1.737999999999999962e-03 7.362900000000000000e-01 -6.766590000000000105e-01 3.242000000000000090e-03
1.400000000000000000e+01 2.900000000000000000e+01 4.400000000000000000e+01 0.000000000000000000e+00 1.600000000000000089e+00 1.974000000000000060e-03 -5.659999999999999884e-04 -9.999980000000000535e-01 6.843900000000000539e-01 7.291149999999999576e-01 9.389999999999999476e-04 7.291130000000000111e-01 -6.843909999999999716e-01 1.827000000000000065e-03
1.800000000000000000e+01 2.900000000000000000e+01 4.400000000000000000e+01 0.000000000000000000e+00 1.600000000000000089e+00 1.337999999999999997e-03 -1.464999999999999939e-03 -9.999980000000000535e-01 6.873209999999999598e-01 7.263540000000000552e-01 -1.440000000000000036e-04 7.263530000000000264e-01 -6.873190000000000133e-01 1.978999999999999856e-03
2.200000000000000000e+01 2.900000000000000000e+01 4.400000000000000000e+01 0.000000000000000000e+00 1.600000000000000089e+00 -3.589999999999999984e-04 3.649999999999999816e-04 -1.000000000000000000e+00 6.870129999999999848e-01 7.266449999999999854e-01 1.900000000000000105e-05 7.266449999999999854e-01 -6.870129999999999848e-01 -5.109999999999999525e-04
2.800000000000000000e+01 2.900000000000000000e+01 4.400000000000000000e+01 0.000000000000000000e+00 1.600000000000000089e+00 -2.922999999999999817e-03 1.147000000000000016e-03 -9.999949999999999672e-01 6.850650000000000350e-01 7.284810000000000452e-01 -1.167000000000000069e-03 7.284760000000000124e-01 -6.850650000000000350e-01 -2.916000000000000189e-03
2.700000000000000000e+01 5.400000000000000000e+01 4.600000000000000000e+01 0.000000000000000000e+00 1.600000000000000089e+00 -2.773999999999999990e-03 -1.428999999999999932e-03 9.999949999999999672e-01 3.120640000000000081e-01 -9.500610000000000444e-01 -4.920000000000000328e-04 9.500570000000000404e-01 3.120609999999999773e-01 3.080999999999999971e-03
2.900000000000000000e+01 6.500000000000000000e+01 4.600000000000000000e+01 0.000000000000000000e+00 1.600000000000000089e+00 1.812999999999999941e-03 6.200000000000000270e-05 9.999980000000000535e-01 6.793590000000000462e-01 -7.338050000000000406e-01 -1.185999999999999988e-03 7.338040000000000118e-01 6.793599999999999639e-01 -1.371999999999999956e-03
3.000000000000000000e+00 5.000000000000000000e+00 5.100000000000000000e+01 0.000000000000000000e+00 1.600000000000000089e+00 -2.200000000000000133e-03 2.827999999999999785e-03 -9.999940000000000495e-01 4.905669999999999753e-01 -8.713959999999999484e-01 -3.543999999999999841e-03 -8.714009999999999811e-01 -4.905709999999999793e-01 5.299999999999999807e-04
6.000000000000000000e+00 5.000000000000000000e+00 5.100000000000000000e+01 0.000000000000000000e+00 1.600000000000000089e+00 -2.540000000000000157e-03 3.422999999999999828e-03 -9.999909999999999632e-01 4.922389999999999821e-01 -8.704499999999999460e-01 -4.230000000000000253e-03 -8.704570000000000363e-01 -4.922449999999999881e-01 5.259999999999999919e-04
8.000000000000000000e+00 6.000000000000000000e+00 5.100000000000000000e+01 0.000000000000000000e+00 1.600000000000000089e+00 -2.590000000000000071e-04 1.396000000000000105e-03 -9.999989999999999712e-01 3.276140000000000163e-01 -9.448109999999999564e-01 -1.402999999999999950e-03 -9.448119999999999852e-01 -3.276140000000000163e-01 -2.130000000000000003e-04
4.000000000000000000e+00 7.000000000000000000e+00 5.200000000000000000e+01 0.000000000000000000e+00 1.600000000000000089e+00 1.469999999999999953e-04 5.348000000000000323e-03 -9.999860000000000415e-01 1.082449999999999940e-01 -9.941100000000000492e-01 -5.301000000000000156e-03 -9.941240000000000077e-01 -1.082420000000000049e-01 -7.249999999999999500e-04
2.400000000000000000e+01 7.000000000000000000e+00 5.200000000000000000e+01 0.000000000000000000e+00 1.600000000000000089e+00 -4.810000000000000039e-03 -7.849000000000000074e-03 -9.999580000000000135e-01 1.056259999999999977e-01 -9.943790000000000129e-01 7.296999999999999667e-03 -9.943940000000000001e-01 -1.055870000000000003e-01 5.611999999999999801e-03
2.600000000000000000e+01 7.000000000000000000e+00 5.200000000000000000e+01 0.000000000000000000e+00 1.600000000000000089e+00 -3.893000000000000193e-03 -4.945999999999999876e-03 -9.999799999999999800e-01 1.051089999999999941e-01 -9.944499999999999451e-01 4.510000000000000120e-03 -9.944530000000000314e-01 -1.050900000000000029e-01 4.392000000000000071e-03
4.000000000000000000e+00 6.300000000000000000e+01 5.400000000000000000e+01 0.000000000000000000e+00 1.600000000000000089e+00 -3.530000000000000152e-04 5.130000000000000011e-04 1.000000000000000000e+00 -3.614729999999999888e-01 9.323820000000000441e-01 -6.059999999999999849e-04 -9.323820000000000441e-01 -3.614729999999999888e-01 -1.440000000000000036e-04
9.000000000000000000e+00 6.300000000000000000e+01 5.400000000000000000e+01 0.000000000000000000e+00 1.600000000000000089e+00 6.809999999999999647e-04 -1.448999999999999984e-03 9.999989999999999712e-01 -3.525079999999999880e-01 9.358079999999999732e-01 1.595999999999999979e-03 -9.358090000000000019e-01 -3.525079999999999880e-01 1.259999999999999998e-04
1.800000000000000000e+01 6.300000000000000000e+01 5.400000000000000000e+01 0.000000000000000000e+00 1.600000000000000089e+00 1.200000000000000030e-04 -3.190999999999999826e-03 9.999949999999999672e-01 -3.502190000000000025e-01 9.366630000000000233e-01 3.030999999999999840e-03 -9.366679999999999451e-01 -3.502179999999999738e-01 -1.005000000000000034e-03
2.700000000000000000e+01 6.300000000000000000e+01 5.400000000000000000e+01 0.000000000000000000e+00 1.600000000000000089e+00 1.263000000000000017e-03 9.349999999999999587e-04 9.999989999999999712e-01 -3.613620000000000165e-01 9.324249999999999483e-01 -4.150000000000000043e-04 -9.324249999999999483e-01 -3.613609999999999878e-01 1.515000000000000071e-03
1.200000000000000000e+01 2.500000000000000000e+01 5.500000000000000000e+01 0.000000000000000000e+00 1.600000000000000089e+00 9.810000000000001011e-04 -1.350000000000000071e-03 -9.999989999999999712e-01 -1.351600000000000024e-02 -9.999080000000000190e-01 1.337000000000000081e-03 -9.999080000000000190e-01 1.351499999999999924e-02 -1.000000000000000021e-03
2.100000000000000000e+01 2.500000000000000000e+01 5.500000000000000000e+01 0.000000000000000000e+00 1.600000000000000089e+00 2.790000000000000054e-04 1.492000000000000054e-03 -9.999989999999999712e-01 -1.484399999999999956e-02 -9.998890000000000278e-01 -1.495999999999999934e-03 -9.998899999999999455e-01 1.484500000000000056e-02 -2.570000000000000127e-04
2.000000000000000000e+00 6.800000000000000000e+01 5.700000000000000000e+01 0.000000000000000000e+00 1.600000000000000089e+00 -2.500000000000000052e-03 -7.815000000000000765e-03 -9.999660000000000215e-01 -2.455370000000000053e-01 -9.693530000000000202e-01 8.189000000000000098e-03 -9.693840000000000234e-01 2.455489999999999895e-01 5.039999999999999992e-04
1.500000000000000000e+01 6.800000000000000000e+01 5.700000000000000000e+01 0.000000000000000000e+00 1.600000000000000089e+00 -2.005999999999999971e-03 6.595000000000000168e-03 -9.999759999999999760e-01 -2.455120000000000080e-01 -9.693760000000000154e-01 -5.899999999999999863e-03 -9.693920000000000314e-01 2.454939999999999900e-01 3.563999999999999894e-03
2.000000000000000000e+01 6.800000000000000000e+01 5.700000000000000000e+01 0.000000000000000000e+00 1.600000000000000089e+00 -4.580000000000000195e-04 -1.203000000000000076e-03 -9.999989999999999712e-01 -2.440730000000000122e-01 -9.697559999999999514e-01 1.278999999999999972e-03 -9.697569999999999801e-01 2.440740000000000132e-01 1.510000000000000112e-04
9.000000000000000000e+00 2.100000000000000000e+01 6.000000000000000000e+01 0.000000000000000000e+00 1.600000000000000089e+00 7.619999999999999820e-04 -2.817000000000000060e-03 9.999959999999999960e-01 -9.009599999999999553e-02 9.959289999999999532e-01 2.873999999999999819e-03 -9.959329999999999572e-01 -9.009699999999999653e-02 5.050000000000000235e-04
2.700000000000000000e+01 2.100000000000000000e+01 6.000000000000000000e+01 0.000000000000000000e+00 1.600000000000000089e+00 4.400000000000000157e-04 -1.135300000000000024e-02 9.999350000000000183e-01 -9.253300000000000414e-02 9.956450000000000022e-01 1.134499999999999918e-02 -9.957099999999999840e-01 -9.253200000000000314e-02 -6.130000000000000466e-04
4.000000000000000000e+00 3.000000000000000000e+00 6.300000000000000000e+01 0.000000000000000000e+00 1.600000000000000089e+00 1.806000000000000097e-03 -2.088000000000000012e-03 9.999959999999999960e-01 -6.133399999999999963e-01 7.898140000000000160e-01 2.756999999999999902e-03 -7.898169999999999913e-01 -6.133429999999999715e-01 1.459999999999999981e-04
5.000000000000000000e+00 2.700000000000000000e+01 6.300000000000000000e+01 0.000000000000000000e+00 1.600000000000000089e+00 2.539000000000000024e-03 6.680000000000000174e-03 9.999740000000000295e-01 -2.752700000000000147e-01 9.613500000000000378e-01 -5.722999999999999789e-03 -9.613629999999999676e-01 -2.752490000000000214e-01 4.279999999999999950e-03
1.100000000000000000e+01 2.700000000000000000e+01 6.300000000000000000e+01 0.000000000000000000e+00 1.600000000000000089e+00 1.310000000000000129e-04 -1.789000000000000009e-03 9.999980000000000535e-01 -2.788789999999999880e-01 9.603249999999999842e-01 1.753999999999999917e-03 -9.603260000000000129e-01 -2.788789999999999880e-01 -3.730000000000000134e-04
1.700000000000000000e+01 2.700000000000000000e+01 6.300000000000000000e+01 0.000000000000000000e+00 1.600000000000000089e+00 -1.971999999999999795e-03 -1.709999999999999932e-03 9.999970000000000248e-01 -2.769789999999999752e-01 9.608750000000000346e-01 1.097000000000000102e-03 -9.608740000000000059e-01 -2.769750000000000267e-01 -2.369000000000000012e-03
