2.200000000000000000e+01 1.500000000000000000e+01 4.000000000000000000e+00 0.000000000000000000e+00 1.600000000000000089e+00 -1.039999999999999909e-03 2.952400000000000163e-02 9.995640000000000081e-01 3.826629999999999754e-01 -9.234729999999999883e-01 2.767400000000000068e-02 9.238870000000000138e-01 3.825250000000000039e-01 -1.033700000000000070e-02
4.000000000000000000e+00 1.300000000000000000e+01 5.000000000000000000e+00 0.000000000000000000e+00 1.600000000000000089e+00 -5.787999999999999742e-03 6.202300000000000174e-02 9.980580000000000007e-01 3.356089999999999907e-01 -9.400650000000000395e-01 6.036600000000000299e-02 9.419840000000000435e-01 3.353059999999999929e-01 -1.537499999999999978e-02
1.000000000000000000e+01 1.000000000000000000e+00 6.000000000000000000e+00 0.000000000000000000e+00 1.600000000000000089e+00 -1.780800000000000091e-02 1.145349999999999979e-01 -9.932590000000000030e-01 -1.817749999999999921e-01 -9.772319999999999895e-01 -1.094279999999999975e-01 -9.831790000000000251e-01 1.786010000000000097e-01 3.822199999999999903e-02
6.000000000000000000e+00 1.010000000000000000e+02 7.000000000000000000e+00 0.000000000000000000e+00 1.600000000000000089e+00 3.440000000000000132e-04 1.773699999999999929e-02 9.998430000000000373e-01 8.892020000000000479e-01 4.574369999999999825e-01 -8.420999999999999666e-03 -4.575139999999999763e-01 8.890649999999999942e-01 -1.561500000000000041e-02
1.500000000000000000e+01 1.010000000000000000e+02 7.000000000000000000e+00 0.000000000000000000e+00 1.600000000000000089e+00 -1.154999999999999994e-03 -5.424000000000000002e-03 9.999850000000000128e-01 8.882970000000000033e-01 4.592559999999999976e-01 3.517000000000000161e-03 -4.592680000000000096e-01 8.882870000000000488e-01 4.287000000000000012e-03
2.000000000000000000e+01 1.010000000000000000e+02 7.000000000000000000e+00 0.000000000000000000e+00 1.600000000000000089e+00 -8.490000000000000368e-04 1.194800000000000029e-02 9.999280000000000390e-01 8.861780000000000213e-01 4.633209999999999829e-01 -4.784000000000000058e-03 -4.633450000000000069e-01 8.861099999999999532e-01 -1.098200000000000044e-02
2.300000000000000000e+01 1.500000000000000000e+01 8.000000000000000000e+00 0.000000000000000000e+00 1.600000000000000089e+00 9.979999999999999722e-04 1.793099999999999902e-02 -9.998390000000000333e-01 -6.145059999999999967e-01 -7.887739999999999752e-01 -1.475899999999999955e-02 -7.889119999999999466e-01 6.144220000000000237e-01 1.023199999999999978e-02
7.000000000000000000e+00 2.500000000000000000e+01 8.000000000000000000e+00 0.000000000000000000e+00 1.600000000000000089e+00 -1.784999999999999911e-03 -2.386999999999999799e-03 -9.999959999999999960e-01 4.467619999999999925e-01 8.946479999999999988e-01 -2.932999999999999843e-03 8.946509999999999740e-01 -4.467659999999999965e-01 -5.310000000000000050e-04
1.400000000000000000e+01 2.500000000000000000e+01 8.000000000000000000e+00 0.000000000000000000e+00 1.600000000000000089e+00 -3.420000000000000188e-04 2.769000000000000194e-03 -9.999959999999999960e-01 4.468960000000000155e-01 8.945830000000000171e-01 2.324000000000000111e-03 8.945859999999999923e-01 -4.468940000000000135e-01 -1.543000000000000101e-03
1.700000000000000000e+01 2.500000000000000000e+01 8.000000000000000000e+00 0.000000000000000000e+00 1.600000000000000089e+00 -1.258000000000000004e-03 4.669000000000000407e-03 -9.999879999999999880e-01 4.474040000000000239e-01 8.943250000000000366e-01 3.612999999999999892e-03 8.943309999999999871e-01 -4.473940000000000139e-01 -3.213999999999999843e-03
2.200000000000000000e+01 2.500000000000000000e+01 8.000000000000000000e+00 0.000000000000000000e+00 1.600000000000000089e+00 -6.560000000000000076e-04 -1.113999999999999973e-03 -9.999989999999999712e-01 4.486809999999999965e-01 8.936910000000000132e-01 -1.289999999999999914e-03 8.936920000000000419e-01 -4.486809999999999965e-01 -8.600000000000000331e-05
2.400000000000000000e+01 2.500000000000000000e+01 8.000000000000000000e+00 0.000000000000000000e+00 1.600000000000000089e+00 -2.599999999999999840e-05 -1.688000000000000047e-03 -9.999989999999999712e-01 4.484719999999999818e-01 8.937960000000000349e-01 -1.521000000000000000e-03 8.937969999999999526e-01 -4.484710000000000085e-01 7.339999999999999520e-04
2.000000000000000000e+00 2.400000000000000000e+01 9.000000000000000000e+00 0.000000000000000000e+00 1.600000000000000089e+00 -1.523999999999999964e-03 -2.443999999999999992e-03 -9.999959999999999960e-01 4.515710000000000002e-01 8.922299999999999676e-01 -2.869000000000000022e-03 8.922339999999999716e-01 -4.515739999999999754e-01 -2.570000000000000127e-04
7.000000000000000000e+00 2.400000000000000000e+01 9.000000000000000000e+00 0.000000000000000000e+00 1.600000000000000089e+00 -9.899999999999999946e-04 -9.749999999999999552e-04 -9.999989999999999712e-01 4.529179999999999873e-01 8.915509999999999824e-01 -1.317000000000000028e-03 8.915520000000000111e-01 -4.529190000000000160e-01 -4.409999999999999858e-04
1.100000000000000000e+01 2.400000000000000000e+01 9.000000000000000000e+00 0.000000000000000000e+00 1.600000000000000089e+00 -5.100000000000000366e-04 -4.765000000000000138e-03 -9.999879999999999880e-01 4.522410000000000041e-01 8.918840000000000101e-01 -4.480999999999999740e-03 8.918949999999999934e-01 -4.522379999999999733e-01 1.699999999999999905e-03
1.700000000000000000e+01 2.400000000000000000e+01 9.000000000000000000e+00 0.000000000000000000e+00 1.600000000000000089e+00 -1.765000000000000076e-03 4.017999999999999870e-03 -9.999900000000000455e-01 4.546540000000000026e-01 8.906640000000000112e-01 2.775999999999999822e-03 8.906659999999999577e-01 -4.546450000000000213e-01 -3.399000000000000112e-03
2.400000000000000000e+01 2.400000000000000000e+01 9.000000000000000000e+00 0.000000000000000000e+00 1.600000000000000089e+00 -6.099999999999999872e-05 -3.013000000000000053e-03 -9.999949999999999672e-01 4.560429999999999762e-01 8.899540000000000228e-01 -2.709000000000000036e-03 8.899580000000000268e-01 -4.560409999999999742e-01 1.319999999999999993e-03
3.000000000000000000e+01 2.400000000000000000e+01 9.000000000000000000e+00 0.000000000000000000e+00 1.600000000000000089e+00 -6.629999999999999609e-04 -2.041999999999999978e-03 -9.999980000000000535e-01 4.540170000000000039e-01 8.909909999999999775e-01 -2.121000000000000055e-03 8.909930000000000350e-01 -4.540170000000000039e-01 3.370000000000000057e-04
1.600000000000000000e+01 7.000000000000000000e+00 1.000000000000000000e+01 0.000000000000000000e+00 1.600000000000000089e+00 1.077380000000000004e-01 1.002699999999999980e-01 -9.891100000000000447e-01 -9.339300000000000379e-01 -3.308740000000000014e-01 -1.352690000000000003e-01 -3.408349999999999991e-01 9.383329999999999727e-01 5.799800000000000094e-02
3.000000000000000000e+00 1.040000000000000000e+02 1.100000000000000000e+01 0.000000000000000000e+00 1.600000000000000089e+00 1.072000000000000036e-03 -3.179999999999999776e-04 9.999989999999999712e-01 -9.773079999999999545e-01 -2.118190000000000073e-01 9.799999999999999684e-04 2.118180000000000063e-01 -9.773089999999999833e-01 -5.379999999999999583e-04
4.000000000000000000e+00 3.500000000000000000e+01 1.200000000000000000e+01 0.000000000000000000e+00 1.600000000000000089e+00 1.711000000000000064e-03 -7.195000000000000007e-03 -9.999730000000000008e-01 5.270319999999999450e-01 -8.498160000000000158e-01 7.016999999999999800e-03 -8.498440000000000438e-01 -5.270299999999999985e-01 2.337999999999999801e-03
8.000000000000000000e+00 3.500000000000000000e+01 1.200000000000000000e+01 0.000000000000000000e+00 1.600000000000000089e+00 -9.650000000000000374e-04 -6.454999999999999800e-03 -9.999789999999999512e-01 5.146810000000000551e-01 -8.573669999999999902e-01 5.037999999999999944e-03 -8.573809999999999487e-01 -5.146650000000000391e-01 4.150000000000000043e-03
1.300000000000000000e+01 3.500000000000000000e+01 1.200000000000000000e+01 0.000000000000000000e+00 1.600000000000000089e+00 9.759999999999999796e-04 -4.563000000000000216e-03 -9.999890000000000168e-01 4.942340000000000066e-01 -8.693180000000000351e-01 4.448999999999999830e-03 -8.693290000000000184e-01 -4.942329999999999779e-01 1.407000000000000048e-03
1.900000000000000000e+01 3.500000000000000000e+01 1.200000000000000000e+01 0.000000000000000000e+00 1.600000000000000089e+00 1.175999999999999962e-03 -4.832000000000000357e-03 -9.999879999999999880e-01 4.657999999999999918e-01 -8.848770000000000246e-01 4.823000000000000030e-03 -8.848890000000000366e-01 -4.657999999999999918e-01 1.209999999999999921e-03
2.300000000000000000e+01 3.500000000000000000e+01 1.200000000000000000e+01 0.000000000000000000e+00 1.600000000000000089e+00 4.479999999999999933e-04 -5.347000000000000190e-03 -9.999860000000000415e-01 4.530410000000000270e-01 -8.914760000000000462e-01 4.969999999999999592e-03 -8.914900000000000047e-01 -4.530370000000000230e-01 2.023000000000000059e-03
2.800000000000000000e+01 3.500000000000000000e+01 1.200000000000000000e+01 0.000000000000000000e+00 1.600000000000000089e+00 -8.890000000000000333e-04 -5.557999999999999573e-03 -9.999839999999999840e-01 4.488710000000000200e-01 -8.935849999999999627e-01 4.568000000000000012e-03 -8.935959999999999459e-01 -4.488599999999999812e-01 3.288999999999999823e-03
1.500000000000000000e+01 3.200000000000000000e+01 1.400000000000000000e+01 0.000000000000000000e+00 1.600000000000000089e+00 -3.359999999999999814e-04 -8.869999999999999846e-04 -1.000000000000000000e+00 9.469800000000000439e-02 9.955060000000000020e-01 -9.150000000000000147e-04 9.955060000000000020e-01 -9.469800000000000439e-02 -2.500000000000000052e-04
3.000000000000000000e+00 1.200000000000000000e+01 1.500000000000000000e+01 0.000000000000000000e+00 1.600000000000000089e+00 -6.454999999999999800e-03 2.099000000000000171e-03 -9.999770000000000048e-01 -4.211550000000000016e-01 -9.069880000000000164e-01 8.149999999999999693e-04 -9.069660000000000499e-01 4.211500000000000243e-01 6.739000000000000198e-03
6.000000000000000000e+00 1.160000000000000000e+02 1.600000000000000000e+01 0.000000000000000000e+00 1.600000000000000089e+00 1.062999999999999926e-03 -8.729999999999999696e-04 9.999989999999999712e-01 7.566599999999999993e-01 6.538079999999999448e-01 -2.329999999999999986e-04 -6.538070000000000270e-01 7.566599999999999993e-01 1.356000000000000000e-03
1.300000000000000000e+01 2.000000000000000000e+00 1.900000000000000000e+01 0.000000000000000000e+00 1.600000000000000089e+00 9.349999999999999587e-04 5.109899999999999859e-02 -9.986930000000000529e-01 3.490170000000000217e-01 -9.359089999999999909e-01 -4.755999999999999811e-02 -9.371159999999999490e-01 -3.485159999999999925e-01 -1.871000000000000094e-02
1.900000000000000000e+01 2.000000000000000000e+00 1.900000000000000000e+01 0.000000000000000000e+00 1.600000000000000089e+00 3.282999999999999894e-03 2.061699999999999991e-02 -9.997819999999999485e-01 3.467149999999999954e-01 -9.377940000000000165e-01 -1.820000000000000090e-02 -9.379650000000000487e-01 -3.465790000000000259e-01 -1.022699999999999998e-02
2.200000000000000000e+01 2.000000000000000000e+00 1.900000000000000000e+01 0.000000000000000000e+00 1.600000000000000089e+00 3.155999999999999951e-03 3.161999999999999880e-03 -9.999900000000000455e-01 3.401159999999999739e-01 -9.403820000000000512e-01 -1.899999999999999996e-03 -9.403780000000000472e-01 -3.401060000000000194e-01 -4.042999999999999719e-03
2.900000000000000000e+01 2.000000000000000000e+00 1.900000000000000000e+01 0.000000000000000000e+00 1.600000000000000089e+00 -1.752000000000000085e-03 1.373500000000000068e-02 -9.999040000000000150e-01 3.255580000000000140e-01 -9.454249999999999599e-01 -1.355699999999999961e-02 -9.455200000000000271e-01 -3.255509999999999793e-01 -2.814999999999999794e-03
1.000000000000000000e+01 3.000000000000000000e+00 1.900000000000000000e+01 0.000000000000000000e+00 1.600000000000000089e+00 -4.664999999999999876e-03 3.241499999999999937e-02 -9.994640000000000191e-01 3.321129999999999916e-01 -9.426919999999999744e-01 -3.212399999999999978e-02 -9.432279999999999553e-01 -3.320850000000000191e-01 -6.368000000000000396e-03
2.400000000000000000e+01 3.000000000000000000e+00 1.900000000000000000e+01 0.000000000000000000e+00 1.600000000000000089e+00 6.949999999999999798e-04 4.473000000000000413e-03 -9.999900000000000455e-01 3.084100000000000175e-01 -9.512450000000000072e-01 -4.041000000000000321e-03 -9.512530000000000152e-01 -3.084040000000000115e-01 -2.040999999999999846e-03
2.000000000000000000e+00 4.000000000000000000e+00 2.000000000000000000e+01 0.000000000000000000e+00 1.600000000000000089e+00 1.404900000000000072e-02 1.805899999999999866e-02 -9.997380000000000155e-01 3.557179999999999787e-01 -9.345179999999999598e-01 -1.188200000000000020e-02 -9.344879999999999853e-01 -3.554579999999999962e-01 -1.955300000000000094e-02
5.000000000000000000e+00 4.000000000000000000e+00 2.000000000000000000e+01 0.000000000000000000e+00 1.600000000000000089e+00 4.237999999999999580e-03 9.936999999999999653e-03 -9.999419999999999975e-01 3.570980000000000265e-01 -9.340349999999999486e-01 -7.767999999999999731e-03 -9.340570000000000261e-01 -3.570439999999999725e-01 -7.506999999999999784e-03
6.000000000000000000e+00 1.300000000000000000e+01 2.000000000000000000e+01 0.000000000000000000e+00 1.600000000000000089e+00 -5.900000000000000296e-04 -3.301999999999999814e-03 9.999940000000000495e-01 2.639150000000000107e-01 9.645399999999999530e-01 3.340999999999999786e-03 -9.645460000000000145e-01 2.639150000000000107e-01 3.020000000000000223e-04
1.200000000000000000e+01 1.300000000000000000e+01 2.000000000000000000e+01 0.000000000000000000e+00 1.600000000000000089e+00 -5.109999999999999525e-04 3.010000000000000089e-03 9.999949999999999672e-01 2.637419999999999765e-01 9.645890000000000297e-01 -2.768000000000000061e-03 -9.645930000000000337e-01 2.637390000000000012e-01 -1.286999999999999950e-03
1.600000000000000000e+01 1.300000000000000000e+01 2.000000000000000000e+01 0.000000000000000000e+00 1.600000000000000089e+00 9.759999999999999796e-04 3.655999999999999962e-03 9.999930000000000208e-01 2.601919999999999789e-01 9.655489999999999906e-01 -3.784000000000000037e-03 -9.655559999999999699e-01 2.601939999999999809e-01 -9.000000000000000228e-06
1.900000000000000000e+01 1.300000000000000000e+01 2.000000000000000000e+01 0.000000000000000000e+00 1.600000000000000089e+00 1.549000000000000030e-03 -8.800000000000000313e-04 9.999980000000000535e-01 2.587289999999999868e-01 9.659499999999999753e-01 4.499999999999999877e-04 -9.659489999999999466e-01 2.587280000000000135e-01 1.724000000000000055e-03
2.300000000000000000e+01 1.300000000000000000e+01 2.000000000000000000e+01 0.000000000000000000e+00 1.600000000000000089e+00 4.249999999999999763e-04 8.409999999999999507e-04 1.000000000000000000e+00 2.589750000000000107e-01 9.658839999999999648e-01 -9.219999999999999680e-04 -9.658839999999999648e-01 2.589750000000000107e-01 1.930000000000000021e-04
2.700000000000000000e+01 1.300000000000000000e+01 2.000000000000000000e+01 0.000000000000000000e+00 1.600000000000000089e+00 -3.260000000000000094e-04 1.482999999999999943e-03 9.999989999999999712e-01 2.601919999999999789e-01 9.655559999999999699e-01 -1.347000000000000107e-03 -9.655569999999999986e-01 2.601910000000000056e-01 -6.999999999999999929e-04
1.200000000000000000e+01 1.600000000000000000e+01 2.100000000000000000e+01 0.000000000000000000e+00 1.600000000000000089e+00 -1.116999999999999937e-03 1.856000000000000011e-03 9.999980000000000535e-01 2.998190000000000022e-01 9.539950000000000374e-01 -1.435999999999999993e-03 -9.539950000000000374e-01 2.998170000000000002e-01 -1.621999999999999961e-03
2.000000000000000000e+01 2.000000000000000000e+00 2.500000000000000000e+01 0.000000000000000000e+00 1.600000000000000089e+00 -9.359999999999999831e-04 -2.320000000000000014e-04 1.000000000000000000e+00 7.935000000000000386e-02 -9.968470000000000386e-01 -1.569999999999999944e-04 9.968460000000000099e-01 7.935000000000000386e-02 9.510000000000000224e-04
2.400000000000000000e+01 2.000000000000000000e+00 2.500000000000000000e+01 0.000000000000000000e+00 1.600000000000000089e+00 -5.199999999999999544e-04 -6.876000000000000167e-03 9.999759999999999760e-01 6.744200000000000195e-02 -9.977000000000000313e-01 -6.825999999999999603e-03 9.977230000000000265e-01 6.743699999999999695e-02 9.820000000000000170e-04
4.000000000000000000e+00 3.000000000000000000e+00 2.500000000000000000e+01 0.000000000000000000e+00 1.600000000000000089e+00 2.358999999999999986e-03 -1.521999999999999915e-03 9.999959999999999960e-01 -4.942699999999999871e-02 -9.987770000000000259e-01 -1.404000000000000083e-03 9.987749999999999684e-01 -4.942400000000000265e-02 -2.431000000000000001e-03
1.000000000000000000e+01 3.000000000000000000e+00 2.500000000000000000e+01 0.000000000000000000e+00 1.600000000000000089e+00 2.582999999999999793e-03 2.448000000000000089e-03 9.999940000000000495e-01 -4.359199999999999880e-02 -9.990459999999999896e-01 2.557999999999999944e-03 9.990459999999999896e-01 -4.359799999999999787e-02 -2.474000000000000071e-03
1.500000000000000000e+01 3.000000000000000000e+00 2.500000000000000000e+01 0.000000000000000000e+00 1.600000000000000089e+00 -6.769999999999999759e-04 1.503200000000000022e-02 9.998869999999999703e-01 -2.178400000000000128e-02 -9.996500000000000385e-01 1.501399999999999957e-02 9.997620000000000395e-01 -2.177099999999999869e-02 1.003999999999999901e-03
2.500000000000000000e+01 3.000000000000000000e+00 2.500000000000000000e+01 0.000000000000000000e+00 1.600000000000000089e+00 -1.124999999999999915e-03 -4.107999999999999673e-03 9.999909999999999632e-01 -1.746100000000000083e-02 -9.998390000000000333e-01 -4.126999999999999592e-03 9.998470000000000413e-01 -1.746599999999999889e-02 1.052999999999999900e-03
8.000000000000000000e+00 4.600000000000000000e+01 2.700000000000000000e+01 0.000000000000000000e+00 1.600000000000000089e+00 -1.123000000000000083e-03 -1.843999999999999936e-03 -9.999980000000000535e-01 6.645189999999999708e-01 7.472689999999999610e-01 -2.124000000000000020e-03 7.472710000000000186e-01 -6.645189999999999708e-01 3.860000000000000041e-04
1.200000000000000000e+01 4.600000000000000000e+01 2.700000000000000000e+01 0.000000000000000000e+00 1.600000000000000089e+00 -1.248999999999999893e-03 1.417000000000000074e-03 -9.999980000000000535e-01 6.615360000000000129e-01 7.499130000000000518e-01 2.359999999999999902e-04 7.499120000000000230e-01 -6.615349999999999842e-01 -1.874000000000000015e-03
1.100000000000000000e+01 4.600000000000000000e+01 3.000000000000000000e+01 0.000000000000000000e+00 1.600000000000000089e+00 -1.629000000000000023e-03 -1.177000000000000095e-03 -9.999980000000000535e-01 3.255730000000000013e-01 9.455149999999999944e-01 -1.642999999999999929e-03 9.455149999999999944e-01 -3.255750000000000033e-01 -1.157000000000000042e-03
2.700000000000000000e+01 4.600000000000000000e+01 3.000000000000000000e+01 0.000000000000000000e+00 1.600000000000000089e+00 -1.884000000000000041e-03 -2.511000000000000211e-03 -9.999949999999999672e-01 3.307820000000000205e-01 9.437020000000000408e-01 -2.993000000000000001e-03 9.437050000000000161e-01 -3.307860000000000245e-01 -9.470000000000000336e-04
2.000000000000000000e+00 5.800000000000000000e+01 3.100000000000000000e+01 0.000000000000000000e+00 1.600000000000000089e+00 2.269999999999999882e-04 -6.229999999999999644e-04 1.000000000000000000e+00 -7.705170000000000075e-01 -6.374189999999999579e-01 -2.220000000000000022e-04 6.374189999999999579e-01 -7.705170000000000075e-01 -6.250000000000000130e-04
6.000000000000000000e+00 5.800000000000000000e+01 3.100000000000000000e+01 0.000000000000000000e+00 1.600000000000000089e+00 9.280000000000000054e-04 -5.119999999999999768e-04 9.999989999999999712e-01 -7.685490000000000377e-01 -6.397909999999999986e-01 3.860000000000000041e-04 6.397909999999999986e-01 -7.685480000000000089e-01 -9.879999999999999460e-04
1.300000000000000000e+01 5.800000000000000000e+01 3.100000000000000000e+01 0.000000000000000000e+00 1.600000000000000089e+00 -4.290000000000000193e-04 1.655999999999999920e-03 9.999989999999999712e-01 -7.664260000000000517e-01 -6.423320000000000141e-01 7.349999999999999763e-04 6.423320000000000141e-01 -7.664250000000000229e-01 1.544999999999999932e-03
1.700000000000000000e+01 5.800000000000000000e+01 3.100000000000000000e+01 0.000000000000000000e+00 1.600000000000000089e+00 -8.310000000000000329e-04 -5.969999999999999829e-04 1.000000000000000000e+00 -7.621149999999999869e-01 -6.474410000000000442e-01 -1.020000000000000073e-03 6.474410000000000442e-01 -7.621160000000000156e-01 8.299999999999999815e-05
2.300000000000000000e+01 5.800000000000000000e+01 3.100000000000000000e+01 0.000000000000000000e+00 1.600000000000000089e+00 -4.409999999999999858e-04 1.843000000000000020e-03 9.999980000000000535e-01 -7.596640000000000059e-01 -6.503160000000000052e-01 8.639999999999999677e-04 6.503160000000000052e-01 -7.596619999999999484e-01 1.686999999999999915e-03
2.600000000000000000e+01 5.800000000000000000e+01 3.100000000000000000e+01 0.000000000000000000e+00 1.600000000000000089e+00 5.428999999999999798e-03 6.989000000000000420e-03 9.999609999999999888e-01 -7.587979999999999725e-01 -6.512679999999999580e-01 8.670999999999999888e-03 6.513029999999999653e-01 -7.588160000000000460e-01 1.766999999999999908e-03
1.000000000000000000e+00 4.600000000000000000e+01 3.500000000000000000e+01 0.000000000000000000e+00 1.600000000000000089e+00 1.712999999999999896e-03 4.690000000000000158e-04 -9.999980000000000535e-01 3.942720000000000113e-01 -9.189939999999999776e-01 2.439999999999999949e-04 -9.189920000000000311e-01 -3.942709999999999826e-01 -1.758999999999999930e-03
7.000000000000000000e+00 4.600000000000000000e+01 3.500000000000000000e+01 0.000000000000000000e+00 1.600000000000000089e+00 4.040000000000000080e-04 -4.380000000000000213e-04 -1.000000000000000000e+00 3.944869999999999766e-01 -9.189009999999999678e-01 5.619999999999999996e-04 -9.189009999999999678e-01 -3.944880000000000053e-01 -1.979999999999999881e-04
1.100000000000000000e+01 4.600000000000000000e+01 3.500000000000000000e+01 0.000000000000000000e+00 1.600000000000000089e+00 -2.400000000000000061e-05 4.814999999999999836e-03 -9.999879999999999880e-01 3.930069999999999952e-01 -9.195250000000000368e-01 -4.436999999999999972e-03 -9.195360000000000200e-01 -3.930020000000000180e-01 -1.871000000000000050e-03
2.000000000000000000e+01 4.600000000000000000e+01 3.500000000000000000e+01 0.000000000000000000e+00 1.600000000000000089e+00 4.789999999999999879e-04 -5.035000000000000413e-03 -9.999869999999999592e-01 3.895799999999999819e-01 -9.209800000000000209e-01 4.824000000000000163e-03 -9.209920000000000329e-01 -3.895770000000000066e-01 1.520000000000000084e-03
2.800000000000000000e+01 4.600000000000000000e+01 3.500000000000000000e+01 0.000000000000000000e+00 1.600000000000000089e+00 4.319999999999999838e-04 1.874999999999999931e-03 -9.999980000000000535e-01 3.932700000000000085e-01 -9.194219999999999615e-01 -1.554000000000000043e-03 -9.194229999999999903e-01 -3.932689999999999797e-01 -1.134000000000000025e-03
5.000000000000000000e+00 3.000000000000000000e+00 4.300000000000000000e+01 0.000000000000000000e+00 1.600000000000000089e+00 2.177999999999999815e-03 3.283500000000000307e-02 -9.994579999999999576e-01 7.351860000000000062e-01 -6.775499999999999856e-01 -2.065699999999999828e-02 -6.778619999999999646e-01 -7.347430000000000350e-01 -2.561599999999999988e-02
1.100000000000000000e+01 3.000000000000000000e+00 4.300000000000000000e+01 0.000000000000000000e+00 1.600000000000000089e+00 2.936999999999999941e-03 6.294000000000000115e-03 -9.999759999999999760e-01 7.342840000000000478e-01 -6.788389999999999702e-01 -2.115999999999999825e-03 -6.788359999999999950e-01 -7.342600000000000238e-01 -6.615000000000000220e-03
1.500000000000000000e+01 3.000000000000000000e+00 4.300000000000000000e+01 0.000000000000000000e+00 1.600000000000000089e+00 1.784999999999999911e-03 -8.880000000000000740e-03 -9.999590000000000423e-01 7.364479999999999915e-01 -6.764539999999999997e-01 7.322000000000000383e-03 -6.764919999999999822e-01 -7.364309999999999468e-01 5.331999999999999934e-03
1.800000000000000000e+01 3.000000000000000000e+00 4.300000000000000000e+01 0.000000000000000000e+00 1.600000000000000089e+00 1.124999999999999915e-03 4.629000000000000302e-03 -9.999890000000000168e-01 7.399540000000000006e-01 -6.726529999999999454e-01 -2.281000000000000041e-03 -6.726560000000000317e-01 -7.399430000000000174e-01 -4.181999999999999953e-03
2.600000000000000000e+01 3.000000000000000000e+00 4.300000000000000000e+01 0.000000000000000000e+00 1.600000000000000089e+00 -3.471000000000000127e-03 -5.075999999999999783e-03 -9.999810000000000088e-01 7.408099999999999685e-01 -6.717149999999999510e-01 8.379999999999999862e-04 -6.717060000000000253e-01 -7.407930000000000348e-01 6.092000000000000193e-03
1.800000000000000000e+01 8.000000000000000000e+00 4.400000000000000000e+01 0.000000000000000000e+00 1.600000000000000089e+00 4.400000000000000157e-04 -8.419999999999999750e-04 1.000000000000000000e+00 -7.869810000000000416e-01 -6.169769999999999976e-01 -1.730000000000000038e-04 6.169769999999999976e-01 -7.869810000000000416e-01 -9.340000000000000429e-04
2.200000000000000000e+01 8.000000000000000000e+00 4.400000000000000000e+01 0.000000000000000000e+00 1.600000000000000089e+00 4.420000000000000101e-04 2.337999999999999801e-03 9.999970000000000248e-01 -7.891460000000000141e-01 -6.142030000000000545e-01 1.783999999999999996e-03 6.142050000000000010e-01 -7.891449999999999854e-01 1.574000000000000095e-03
3.000000000000000000e+00 2.900000000000000000e+01 4.400000000000000000e+01 0.000000000000000000e+00 1.600000000000000089e+00 2.266999999999999918e-03 -1.838000000000000007e-03 -9.999959999999999960e-01 6.562740000000000240e-01 7.545230000000000548e-01 1.010000000000000020e-04 7.545190000000000508e-01 -6.562710000000000488e-01 2.916999999999999888e-03
7.000000000000000000e+00 2.900000000000000000e+01 4.400000000000000000e+01 0.000000000000000000e+00 1.600000000000000089e+00 9.920000000000000432e-04 -3.850000000000000124e-03 -9.999919999999999920e-01 6.535999999999999588e-01 7.568369999999999820e-01 -2.265000000000000086e-03 7.568399999999999572e-01 -6.535929999999999795e-01 3.266999999999999939e-03
1.400000000000000000e+01 2.900000000000000000e+01 4.400000000000000000e+01 0.000000000000000000e+00 1.600000000000000089e+00 -6.639999999999999852e-04 -2.612000000000000172e-03 -9.999959999999999960e-01 6.576319999999999943e-01 7.533360000000000056e-01 -2.403999999999999887e-03 7.533389999999999809e-01 -6.576309999999999656e-01 1.217999999999999899e-03
1.900000000000000000e+01 2.900000000000000000e+01 4.400000000000000000e+01 0.000000000000000000e+00 1.600000000000000089e+00 5.289999999999999564e-04 -1.951000000000000043e-03 -9.999980000000000535e-01 6.606210000000000138e-01 7.507190000000000252e-01 -1.115000000000000106e-03 7.507200000000000539e-01 -6.606189999999999563e-01 1.685999999999999999e-03
2.200000000000000000e+01 2.900000000000000000e+01 4.400000000000000000e+01 0.000000000000000000e+00 1.600000000000000089e+00 -1.399999999999999979e-05 -3.527000000000000187e-03 -9.999940000000000495e-01 6.602050000000000418e-01 7.510809999999999986e-01 -2.658000000000000206e-03 7.510860000000000314e-01 -6.602010000000000378e-01 2.318000000000000182e-03
2.600000000000000000e+01 2.900000000000000000e+01 4.400000000000000000e+01 0.000000000000000000e+00 1.600000000000000089e+00 -1.146000000000000100e-03 -1.748999999999999904e-03 -9.999980000000000535e-01 6.579720000000000013e-01 7.530390000000000139e-01 -2.070999999999999924e-03 7.530409999999999604e-01 -6.579730000000000301e-01 2.869999999999999830e-04
5.000000000000000000e+00 6.500000000000000000e+01 4.600000000000000000e+01 0.000000000000000000e+00 1.600000000000000089e+00 -1.750000000000000036e-03 2.589000000000000155e-03 9.999949999999999672e-01 6.778089999999999948e-01 -7.352319999999999967e-01 3.089999999999999865e-03 7.352360000000000007e-01 6.778110000000000523e-01 -4.679999999999999915e-04
2.600000000000000000e+01 6.500000000000000000e+01 4.600000000000000000e+01 0.000000000000000000e+00 1.600000000000000089e+00 1.404000000000000083e-03 -1.931999999999999907e-03 9.999970000000000248e-01 6.775999999999999801e-01 -7.354270000000000529e-01 -2.373000000000000109e-03 7.354289999999999994e-01 6.776010000000000089e-01 2.770000000000000110e-04
2.100000000000000000e+01 7.000000000000000000e+01 4.700000000000000000e+01 0.000000000000000000e+00 1.600000000000000089e+00 -8.159999999999999936e-04 -1.456999999999999962e-03 -9.999989999999999712e-01 -8.421469999999999789e-01 -5.392460000000000031e-01 1.472999999999999917e-03 -5.392470000000000319e-01 8.421469999999999789e-01 -7.870000000000000476e-04
5.000000000000000000e+00 5.000000000000000000e+00 5.100000000000000000e+01 0.000000000000000000e+00 1.600000000000000089e+00 2.795000000000000175e-03 1.822299999999999962e-02 -9.998299999999999965e-01 4.826210000000000222e-01 -8.757080000000000419e-01 -1.461100000000000072e-02 -8.758249999999999647e-01 -4.824979999999999825e-01 -1.124200000000000026e-02
1.000000000000000000e+01 5.000000000000000000e+00 5.100000000000000000e+01 0.000000000000000000e+00 1.600000000000000089e+00 -1.454999999999999913e-03 1.048600000000000053e-02 -9.999440000000000550e-01 4.816119999999999846e-01 -8.763290000000000246e-01 -9.891000000000000486e-03 -8.763830000000000231e-01 -4.815989999999999993e-01 -3.775999999999999843e-03
2.500000000000000000e+01 5.000000000000000000e+00 5.100000000000000000e+01 0.000000000000000000e+00 1.600000000000000089e+00 -1.216999999999999983e-03 -1.095999999999999969e-03 -9.999989999999999712e-01 4.858990000000000253e-01 -8.740149999999999864e-01 3.660000000000000059e-04 -8.740139999999999576e-01 -4.858979999999999966e-01 1.596999999999999895e-03
2.800000000000000000e+01 5.000000000000000000e+00 5.100000000000000000e+01 0.000000000000000000e+00 1.600000000000000089e+00 -7.640000000000000306e-04 2.739999999999999923e-04 -1.000000000000000000e+00 4.936090000000000200e-01 -8.696840000000000126e-01 -6.149999999999999868e-04 -8.696840000000000126e-01 -4.936090000000000200e-01 5.289999999999999564e-04
2.000000000000000000e+00 1.150000000000000000e+02 5.100000000000000000e+01 0.000000000000000000e+00 1.600000000000000089e+00 9.560000000000000355e-04 2.616999999999999969e-03 9.999959999999999960e-01 8.474880000000000191e-01 -5.308140000000000081e-01 5.789999999999999791e-04 5.308140000000000081e-01 8.474840000000000151e-01 -2.724999999999999992e-03
1.600000000000000000e+01 7.000000000000000000e+00 5.200000000000000000e+01 0.000000000000000000e+00 1.600000000000000089e+00 -1.550000000000000000e-04 -1.247999999999999977e-03 -9.999989999999999712e-01 9.566700000000000204e-02 -9.954129999999999923e-01 1.227999999999999925e-03 -9.954129999999999923e-01 -9.566700000000000204e-02 2.739999999999999923e-04
5.000000000000000000e+00 6.300000000000000000e+01 5.400000000000000000e+01 0.000000000000000000e+00 1.600000000000000089e+00 1.850000000000000082e-03 6.809999999999999647e-04 9.999980000000000535e-01 -3.339210000000000234e-01 9.426010000000000222e-01 -2.400000000000000061e-05 -9.425989999999999647e-01 -3.339199999999999946e-01 1.971000000000000096e-03
1.000000000000000000e+01 6.300000000000000000e+01 5.400000000000000000e+01 0.000000000000000000e+00 1.600000000000000089e+00 2.939000000000000206e-03 -1.680999999999999986e-03 9.999940000000000495e-01 -3.464119999999999977e-01 9.380789999999999962e-01 2.595000000000000084e-03 -9.380779999999999674e-01 -3.464180000000000037e-01 2.174999999999999850e-03
1.900000000000000000e+01 6.300000000000000000e+01 5.400000000000000000e+01 0.000000000000000000e+00 1.600000000000000089e+00 -1.226000000000000093e-03 1.546000000000000065e-03 9.999980000000000535e-01 -3.405969999999999831e-01 9.402070000000000149e-01 -1.871999999999999966e-03 -9.402080000000000437e-01 -3.405989999999999851e-01 -6.260000000000000373e-04
2.400000000000000000e+01 6.300000000000000000e+01 5.400000000000000000e+01 0.000000000000000000e+00 1.600000000000000089e+00 -1.137999999999999906e-03 1.443000000000000055e-03 9.999980000000000535e-01 -3.385170000000000123e-01 9.409589999999999899e-01 -1.742999999999999975e-03 -9.409600000000000186e-01 -3.385179999999999856e-01 -5.820000000000000520e-04
1.500000000000000000e+01 2.500000000000000000e+01 5.500000000000000000e+01 0.000000000000000000e+00 1.600000000000000089e+00 7.410000000000000137e-04 -2.603999999999999978e-03 -9.999959999999999960e-01 -1.401999999999999948e-02 -9.998979999999999535e-01 2.593999999999999952e-03 -9.999010000000000398e-01 1.401799999999999921e-02 -7.770000000000000214e-04
2.100000000000000000e+01 2.500000000000000000e+01 5.500000000000000000e+01 0.000000000000000000e+00 1.600000000000000089e+00 9.529999999999999626e-04 3.184999999999999897e-03 -9.999949999999999672e-01 -1.305899999999999943e-02 -9.999099999999999655e-01 -3.197000000000000189e-03 -9.999139999999999695e-01 1.306200000000000069e-02 -9.110000000000000259e-04
2.900000000000000000e+01 2.500000000000000000e+01 5.500000000000000000e+01 0.000000000000000000e+00 1.600000000000000089e+00 -2.183000000000000045e-03 -1.629999999999999939e-03 -9.999959999999999960e-01 -1.355600000000000034e-02 -9.999069999999999903e-01 1.659000000000000101e-03 -9.999059999999999615e-01 1.355899999999999987e-02 2.161000000000000160e-03
8.000000000000000000e+00 2.100000000000000000e+01 6.000000000000000000e+01 0.000000000000000000e+00 1.600000000000000089e+00 1.185000000000000072e-03 2.335999999999999969e-03 9.999970000000000248e-01 -9.575899999999999690e-02 9.954020000000000090e-01 -2.211999999999999991e-03 -9.954039999999999555e-01 -9.575599999999999390e-02 1.402999999999999950e-03
1.100000000000000000e+01 2.100000000000000000e+01 6.000000000000000000e+01 0.000000000000000000e+00 1.600000000000000089e+00 1.472000000000000001e-03 -6.590000000000000371e-03 9.999770000000000048e-01 -9.600000000000000200e-02 9.953589999999999938e-01 6.701000000000000359e-03 -9.953800000000000425e-01 -9.600799999999999612e-02 8.319999999999999488e-04
1.900000000000000000e+01 2.100000000000000000e+01 6.000000000000000000e+01 0.000000000000000000e+00 1.600000000000000089e+00 -1.227000000000000009e-03 3.399000000000000112e-03 9.999930000000000208e-01 -9.413900000000000046e-02 9.955530000000000213e-01 -3.498999999999999940e-03 -9.955580000000000540e-01 -9.414300000000000446e-02 -9.009999999999999997e-04
2.800000000000000000e+01 2.100000000000000000e+01 6.000000000000000000e+01 0.000000000000000000e+00 1.600000000000000089e+00 9.600000000000000243e-04 -6.163000000000000075e-03 9.999810000000000088e-01 -9.252499999999999614e-02 9.956909999999999927e-01 6.225999999999999764e-03 -9.957099999999999840e-01 -9.252900000000000014e-02 3.860000000000000041e-04
1.000000000000000000e+00 3.000000000000000000e+00 6.300000000000000000e+01 0.000000000000000000e+00 1.600000000000000089e+00 7.269999999999999987e-04 2.113999999999999994e-03 9.999970000000000248e-01 -6.136030000000000095e-01 7.896140000000000381e-01 -1.222999999999999912e-03 -7.896149999999999558e-01 -6.136000000000000343e-01 1.871000000000000050e-03
2.700000000000000000e+01 3.000000000000000000e+00 6.300000000000000000e+01 0.000000000000000000e+00 1.600000000000000089e+00 -1.757000000000000098e-03 6.431000000000000084e-03 9.999780000000000335e-01 -6.098630000000000440e-01 7.924830000000000485e-01 -6.167999999999999872e-03 -7.925050000000000150e-01 -6.098599999999999577e-01 2.528999999999999998e-03
2.000000000000000000e+00 2.700000000000000000e+01 6.300000000000000000e+01 0.000000000000000000e+00 1.600000000000000089e+00 8.009999999999999542e-04 -4.962000000000000265e-03 9.999869999999999592e-01 -2.747450000000000170e-01 9.615040000000000253e-01 4.991999999999999910e-03 -9.615169999999999551e-01 -2.747450000000000170e-01 -5.929999999999999941e-04
5.000000000000000000e+00 2.700000000000000000e+01 6.300000000000000000e+01 0.000000000000000000e+00 1.600000000000000089e+00 -2.739999999999999923e-04 -4.232999999999999784e-03 9.999909999999999632e-01 -2.732990000000000141e-01 9.619210000000000260e-01 3.996999999999999685e-03 -9.619290000000000340e-01 -2.732959999999999834e-01 -1.420000000000000038e-03
1.200000000000000000e+01 2.700000000000000000e+01 6.300000000000000000e+01 0.000000000000000000e+00 1.600000000000000089e+00 1.998000000000000210e-03 5.389999999999999826e-04 9.999980000000000535e-01 -2.775110000000000077e-01 9.607229999999999936e-01 3.600000000000000091e-05 -9.607200000000000184e-01 -2.775099999999999789e-01 2.069000000000000093e-03
2.000000000000000000e+01 2.700000000000000000e+01 6.300000000000000000e+01 0.000000000000000000e+00 1.600000000000000089e+00 -2.276999999999999944e-03 -2.063999999999999863e-03 9.999949999999999672e-01 -2.779190000000000271e-01 9.606029999999999847e-01 1.350000000000000071e-03 -9.606019999999999559e-01 -2.779150000000000231e-01 -2.760999999999999999e-03
2.400000000000000000e+01 2.700000000000000000e+01 6.300000000000000000e+01 0.000000000000000000e+00 1.600000000000000089e+00 1.095000000000000053e-03 -6.053000000000000221e-03 9.999810000000000088e-01 -2.804740000000000011e-01 9.598419999999999730e-01 6.117000000000000041e-03 -9.598609999999999642e-01 -2.804760000000000031e-01 -6.470000000000000057e-04
1.000000000000000000e+00 2.600000000000000000e+01 6.400000000000000000e+01 0.000000000000000000e+00 1.600000000000000089e+00 1.382999999999999898e-03 -9.348999999999999672e-03 9.999550000000000383e-01 -3.603689999999999949e-01 9.327640000000000375e-01 9.218999999999999764e-03 -9.328089999999999993e-01 -3.603649999999999909e-01 -2.079000000000000119e-03
9.000000000000000000e+00 2.600000000000000000e+01 6.400000000000000000e+01 0.000000000000000000e+00 1.600000000000000089e+00 -2.570000000000000127e-04 -2.994999999999999832e-03 9.999949999999999672e-01 -3.644410000000000149e-01 9.312230000000000230e-01 2.694999999999999913e-03 -9.312259999999999982e-01 -3.644390000000000129e-01 -1.330999999999999935e-03
1.200000000000000000e+01 2.600000000000000000e+01 6.400000000000000000e+01 0.000000000000000000e+00 1.600000000000000089e+00 2.343000000000000031e-03 -1.010000000000000020e-04 9.999970000000000248e-01 -3.666329999999999867e-01 9.303649999999999975e-01 9.529999999999999626e-04 -9.303630000000000511e-01 -3.666349999999999887e-01 2.142999999999999940e-03
1.800000000000000000e+01 2.600000000000000000e+01 6.400000000000000000e+01 0.000000000000000000e+00 1.600000000000000089e+00 -2.640000000000000202e-04 -5.469999999999999602e-04 1.000000000000000000e+00 -3.651030000000000109e-01 9.309669999999999890e-01 4.130000000000000099e-04 -9.309669999999999890e-01 -3.651030000000000109e-01 -4.459999999999999989e-04
2.600000000000000000e+01 2.600000000000000000e+01 6.400000000000000000e+01 0.000000000000000000e+00 1.600000000000000089e+00 4.250999999999999571e-03 -7.663999999999999806e-03 9.999620000000000175e-01 -3.722039999999999793e-01 9.281099999999999905e-01 8.694999999999999604e-03 -9.281409999999999938e-01 -3.722269999999999746e-01 1.093000000000000005e-03
2.000000000000000000e+00 6.900000000000000000e+01 6.600000000000000000e+01 0.000000000000000000e+00 1.600000000000000089e+00 7.341000000000000303e-03 -4.817000000000000101e-03 9.999609999999999888e-01 -9.433820000000000539e-01 3.315980000000000039e-01 8.522999999999999327e-03 -3.316259999999999764e-01 -9.434090000000000531e-01 -2.111000000000000029e-03
9.000000000000000000e+00 6.900000000000000000e+01 6.600000000000000000e+01 0.000000000000000000e+00 1.600000000000000089e+00 6.689999999999999983e-04 -1.953000000000000092e-03 9.999980000000000535e-01 -9.488490000000000535e-01 3.157289999999999819e-01 1.250999999999999942e-03 -3.157309999999999839e-01 -9.488469999999999960e-01 -1.642000000000000013e-03
