1.800000000000000000e+01 2.500000000000000000e+01 1.000000000000000000e+00 0.000000000000000000e+00 1.600000000000000089e+00 1.621000000000000045e-03 -2.100000000000000087e-04 -9.999989999999999712e-01 -5.172020000000000506e-01 -8.558630000000000404e-01 -6.589999999999999721e-04 -8.558620000000000116e-01 5.172020000000000506e-01 -1.495999999999999934e-03
5.000000000000000000e+00 1.500000000000000000e+01 4.000000000000000000e+00 0.000000000000000000e+00 1.600000000000000089e+00 4.360000000000000269e-04 -7.290000000000000473e-04 1.000000000000000000e+00 3.110600000000000032e-01 -9.503899999999999570e-01 -8.279999999999999600e-04 9.503899999999999570e-01 3.110609999999999764e-01 -1.879999999999999890e-04
1.200000000000000000e+01 1.500000000000000000e+01 4.000000000000000000e+00 0.000000000000000000e+00 1.600000000000000089e+00 2.007999999999999802e-03 -4.500999999999999793e-03 9.999879999999999880e-01 3.109439999999999982e-01 -9.504160000000000386e-01 -4.902000000000000107e-03 9.504259999999999931e-01 3.109500000000000042e-01 -5.090000000000000123e-04
1.600000000000000000e+01 1.500000000000000000e+01 4.000000000000000000e+00 0.000000000000000000e+00 1.600000000000000089e+00 1.214999999999999934e-03 -1.039999999999999936e-04 9.999989999999999712e-01 3.106320000000000192e-01 -9.505299999999999860e-01 -4.760000000000000234e-04 9.505299999999999860e-01 3.106320000000000192e-01 -1.121999999999999950e-03
2.300000000000000000e+01 1.500000000000000000e+01 4.000000000000000000e+00 0.000000000000000000e+00 1.600000000000000089e+00 -3.130000000000000187e-04 6.152999999999999615e-03 9.999810000000000088e-01 3.133900000000000019e-01 -9.496059999999999501e-01 5.941000000000000100e-03 9.496240000000000236e-01 3.133859999999999979e-01 -1.631000000000000071e-03
3.000000000000000000e+01 1.500000000000000000e+01 4.000000000000000000e+00 0.000000000000000000e+00 1.600000000000000089e+00 -3.454000000000000039e-03 -5.079000000000000181e-03 9.999810000000000088e-01 3.132499999999999729e-01 -9.496630000000000349e-01 -3.740999999999999968e-03 9.496649999999999814e-01 3.132309999999999817e-01 4.871000000000000330e-03
4.000000000000000000e+00 1.010000000000000000e+02 7.000000000000000000e+00 0.000000000000000000e+00 1.600000000000000089e+00 -5.220000000000000031e-04 -6.030000000000000204e-04 1.000000000000000000e+00 8.911390000000000144e-01 4.537289999999999934e-01 7.380000000000000492e-04 -4.537289999999999934e-01 8.911400000000000432e-01 2.999999999999999737e-04
2.200000000000000000e+01 1.010000000000000000e+02 7.000000000000000000e+00 0.000000000000000000e+00 1.600000000000000089e+00 4.499999999999999877e-04 -1.890000000000000133e-04 1.000000000000000000e+00 8.863189999999999680e-01 4.630750000000000144e-01 -3.119999999999999944e-04 -4.630750000000000144e-01 8.863189999999999680e-01 3.759999999999999779e-04
2.600000000000000000e+01 1.010000000000000000e+02 7.000000000000000000e+00 0.000000000000000000e+00 1.600000000000000089e+00 3.893000000000000193e-03 1.130899999999999961e-02 9.999280000000000390e-01 8.873539999999999761e-01 4.610079999999999734e-01 -8.668999999999999623e-03 -4.610730000000000106e-01 8.873240000000000016e-01 -8.241000000000000061e-03
3.000000000000000000e+01 1.010000000000000000e+02 7.000000000000000000e+00 0.000000000000000000e+00 1.600000000000000089e+00 3.549000000000000071e-03 1.004599999999999937e-02 9.999430000000000263e-01 8.885849999999999582e-01 4.586470000000000269e-01 -7.760999999999999670e-03 -4.586990000000000234e-01 8.885619999999999630e-01 -7.298999999999999932e-03
4.000000000000000000e+00 2.500000000000000000e+01 8.000000000000000000e+00 0.000000000000000000e+00 1.600000000000000089e+00 8.600000000000000331e-05 2.449999999999999921e-04 -1.000000000000000000e+00 4.433630000000000071e-01 8.963419999999999721e-01 2.579999999999999828e-04 8.963419999999999721e-01 -4.433630000000000071e-01 -3.100000000000000135e-05
1.100000000000000000e+01 2.500000000000000000e+01 8.000000000000000000e+00 0.000000000000000000e+00 1.600000000000000089e+00 1.789999999999999870e-04 -2.226999999999999813e-03 -9.999980000000000535e-01 4.451669999999999794e-01 8.954450000000000465e-01 -1.915000000000000036e-03 8.954469999999999930e-01 -4.451660000000000061e-01 1.152000000000000029e-03
1.400000000000000000e+01 2.500000000000000000e+01 8.000000000000000000e+00 0.000000000000000000e+00 1.600000000000000089e+00 -4.859999999999999954e-04 -7.476000000000000006e-03 -9.999719999999999720e-01 4.471640000000000059e-01 8.944260000000000543e-01 -6.904999999999999680e-03 8.944520000000000248e-01 -4.471539999999999959e-01 2.907999999999999995e-03
1.800000000000000000e+01 2.500000000000000000e+01 8.000000000000000000e+00 0.000000000000000000e+00 1.600000000000000089e+00 -2.099999999999999870e-03 -5.506999999999999743e-03 -9.999829999999999552e-01 4.481550000000000256e-01 8.939369999999999816e-01 -5.864000000000000289e-03 8.939540000000000264e-01 -4.481589999999999741e-01 5.910000000000000539e-04
2.200000000000000000e+01 2.500000000000000000e+01 8.000000000000000000e+00 0.000000000000000000e+00 1.600000000000000089e+00 -1.502000000000000080e-03 -6.480000000000000300e-04 -9.999989999999999712e-01 4.490879999999999872e-01 8.934870000000000312e-01 -1.253999999999999906e-03 8.934860000000000024e-01 -4.490890000000000160e-01 -1.051000000000000068e-03
3.000000000000000000e+01 2.500000000000000000e+01 8.000000000000000000e+00 0.000000000000000000e+00 1.600000000000000089e+00 9.920000000000000432e-04 1.327500000000000034e-02 -9.999109999999999943e-01 4.491539999999999977e-01 8.933689999999999687e-01 1.230599999999999923e-02 8.934539999999999704e-01 -4.491269999999999984e-01 -5.076999999999999916e-03
1.000000000000000000e+00 2.400000000000000000e+01 9.000000000000000000e+00 0.000000000000000000e+00 1.600000000000000089e+00 5.700000000000000314e-05 -3.510000000000000208e-04 -1.000000000000000000e+00 4.492869999999999919e-01 8.933870000000000422e-01 -2.880000000000000073e-04 8.933879999999999599e-01 -4.492869999999999919e-01 2.090000000000000115e-04
7.000000000000000000e+00 2.400000000000000000e+01 9.000000000000000000e+00 0.000000000000000000e+00 1.600000000000000089e+00 1.279999999999999942e-04 2.085000000000000048e-03 -9.999980000000000535e-01 4.490060000000000162e-01 8.935269999999999602e-01 1.920999999999999965e-03 8.935290000000000177e-01 -4.490049999999999875e-01 -8.210000000000000067e-04
1.100000000000000000e+01 2.400000000000000000e+01 9.000000000000000000e+00 0.000000000000000000e+00 1.600000000000000089e+00 -2.439999999999999949e-04 -2.870999999999999854e-03 -9.999959999999999960e-01 4.507669999999999733e-01 8.926370000000000138e-01 -2.671999999999999896e-03 8.926410000000000178e-01 -4.507660000000000000e-01 1.075999999999999917e-03
1.400000000000000000e+01 2.400000000000000000e+01 9.000000000000000000e+00 0.000000000000000000e+00 1.600000000000000089e+00 -6.999999999999999929e-04 -7.706000000000000176e-03 -9.999700000000000255e-01 4.526160000000000183e-01 8.916770000000000529e-01 -7.189000000000000078e-03 8.917049999999999699e-01 -4.526069999999999816e-01 2.863999999999999792e-03
1.800000000000000000e+01 2.400000000000000000e+01 9.000000000000000000e+00 0.000000000000000000e+00 1.600000000000000089e+00 -1.760000000000000063e-03 -4.196000000000000077e-03 -9.999900000000000455e-01 4.536410000000000164e-01 8.911729999999999929e-01 -4.538000000000000367e-03 8.911829999999999474e-01 -4.536439999999999917e-01 3.350000000000000113e-04
2.300000000000000000e+01 2.400000000000000000e+01 9.000000000000000000e+00 0.000000000000000000e+00 1.600000000000000089e+00 -1.294000000000000011e-03 3.474000000000000091e-03 -9.999930000000000208e-01 4.548139999999999961e-01 8.905830000000000135e-01 2.504999999999999848e-03 8.905859999999999888e-01 -4.548079999999999901e-01 -2.732000000000000053e-03
2.000000000000000000e+01 3.100000000000000000e+01 1.200000000000000000e+01 0.000000000000000000e+00 1.600000000000000089e+00 1.900000000000000105e-04 -2.651999999999999844e-03 9.999959999999999960e-01 -7.050000000000000060e-04 9.999959999999999960e-01 2.651999999999999844e-03 -1.000000000000000000e+00 -7.060000000000000303e-04 1.879999999999999890e-04
5.000000000000000000e+00 3.000000000000000000e+00 1.300000000000000000e+01 0.000000000000000000e+00 1.600000000000000089e+00 2.631999999999999791e-03 1.311460000000000126e-01 9.913600000000000190e-01 -2.204100000000000156e-02 9.911299999999999555e-01 -1.310570000000000068e-01 -9.997540000000000315e-01 -2.150600000000000081e-02 5.499000000000000415e-03
1.500000000000000000e+01 3.200000000000000000e+01 1.400000000000000000e+01 0.000000000000000000e+00 1.600000000000000089e+00 1.990000000000000124e-04 -3.499999999999999693e-05 -1.000000000000000000e+00 1.084350000000000036e-01 9.941029999999999589e-01 -1.299999999999999920e-05 9.941029999999999589e-01 -1.084350000000000036e-01 2.020000000000000040e-04
2.600000000000000000e+01 3.200000000000000000e+01 1.400000000000000000e+01 0.000000000000000000e+00 1.600000000000000089e+00 1.250000000000000026e-04 4.530000000000000172e-03 -9.999900000000000455e-01 1.058530000000000026e-01 9.943720000000000336e-01 4.518000000000000314e-03 9.943819999999999881e-01 -1.058520000000000016e-01 -3.550000000000000096e-04
4.000000000000000000e+00 1.200000000000000000e+01 1.500000000000000000e+01 0.000000000000000000e+00 1.600000000000000089e+00 -3.105000000000000121e-03 -2.137000000000000011e-03 -9.999930000000000208e-01 -4.663410000000000055e-01 -8.845990000000000242e-01 3.338999999999999954e-03 -8.846000000000000529e-01 4.663479999999999848e-01 1.750000000000000036e-03
8.000000000000000000e+00 1.200000000000000000e+01 1.500000000000000000e+01 0.000000000000000000e+00 1.600000000000000089e+00 -1.219999999999999947e-03 -8.562999999999999431e-03 -9.999630000000000463e-01 -4.662890000000000090e-01 -8.845950000000000202e-01 8.144000000000000197e-03 -8.846309999999999452e-01 4.662819999999999743e-01 -2.912999999999999791e-03
1.200000000000000000e+01 1.200000000000000000e+01 1.500000000000000000e+01 0.000000000000000000e+00 1.600000000000000089e+00 -2.079999999999999818e-03 -5.834999999999999909e-03 -9.999810000000000088e-01 -4.671529999999999849e-01 -8.841550000000000242e-01 6.131000000000000165e-03 -8.841740000000000155e-01 4.671560000000000157e-01 -8.869999999999999846e-04
1.500000000000000000e+01 1.200000000000000000e+01 1.500000000000000000e+01 0.000000000000000000e+00 1.600000000000000089e+00 -1.203999999999999992e-03 3.280000000000000038e-04 -9.999989999999999712e-01 -4.707540000000000058e-01 -8.822649999999999659e-01 2.770000000000000110e-04 -8.822640000000000482e-01 4.707540000000000058e-01 1.216000000000000067e-03
1.900000000000000000e+01 1.200000000000000000e+01 1.500000000000000000e+01 0.000000000000000000e+00 1.600000000000000089e+00 -6.819999999999999890e-04 -2.455000000000000151e-03 -9.999970000000000248e-01 -4.724160000000000026e-01 -8.813720000000000443e-01 2.485999999999999929e-03 -8.813760000000000483e-01 4.724160000000000026e-01 -5.590000000000000351e-04
4.000000000000000000e+00 1.160000000000000000e+02 1.600000000000000000e+01 0.000000000000000000e+00 1.600000000000000089e+00 -1.340999999999999961e-03 5.599999999999999916e-05 9.999989999999999712e-01 6.968159999999999910e-01 7.172500000000000542e-01 8.940000000000000464e-04 -7.172490000000000254e-01 6.968159999999999910e-01 -1.000999999999999937e-03
2.100000000000000000e+01 1.160000000000000000e+02 1.600000000000000000e+01 0.000000000000000000e+00 1.600000000000000089e+00 4.879999999999999898e-04 2.416000000000000179e-03 9.999970000000000248e-01 6.948490000000000499e-01 7.191530000000000422e-01 -2.076999999999999853e-03 -7.191560000000000175e-01 6.948480000000000212e-01 -1.327999999999999970e-03
1.600000000000000000e+01 2.000000000000000000e+00 1.900000000000000000e+01 0.000000000000000000e+00 1.600000000000000089e+00 7.439999999999999782e-04 1.933999999999999955e-03 -9.999980000000000535e-01 1.901919999999999999e-01 -9.817449999999999788e-01 -1.757000000000000098e-03 -9.817470000000000363e-01 -1.901899999999999979e-01 -1.098000000000000018e-03
2.300000000000000000e+01 2.000000000000000000e+00 1.900000000000000000e+01 0.000000000000000000e+00 1.600000000000000089e+00 2.007999999999999802e-03 5.130000000000000011e-04 -9.999980000000000535e-01 1.910650000000000126e-01 -9.815770000000000328e-01 -1.200000000000000030e-04 -9.815749999999999753e-01 -1.910650000000000126e-01 -2.069000000000000093e-03
2.700000000000000000e+01 2.000000000000000000e+00 1.900000000000000000e+01 0.000000000000000000e+00 1.600000000000000089e+00 7.600000000000000418e-05 -3.811999999999999850e-03 -9.999930000000000208e-01 1.917820000000000080e-01 -9.814300000000000246e-01 3.755999999999999790e-03 -9.814380000000000326e-01 -1.917810000000000070e-01 6.560000000000000076e-04
3.000000000000000000e+01 4.000000000000000000e+00 2.000000000000000000e+01 0.000000000000000000e+00 1.600000000000000089e+00 -1.327000000000000055e-03 -6.219999999999999835e-03 -9.999799999999999800e-01 3.053330000000000211e-01 -9.522300000000000209e-01 5.517000000000000202e-03 -9.522450000000000081e-01 -3.053199999999999803e-01 3.163000000000000013e-03
4.000000000000000000e+00 1.300000000000000000e+01 2.000000000000000000e+01 0.000000000000000000e+00 1.600000000000000089e+00 -8.459999999999999638e-04 2.402000000000000055e-03 9.999970000000000248e-01 2.630029999999999868e-01 9.647930000000000117e-01 -2.095000000000000074e-03 -9.647949999999999582e-01 2.630000000000000115e-01 -1.448000000000000068e-03
1.100000000000000000e+01 1.300000000000000000e+01 2.000000000000000000e+01 0.000000000000000000e+00 1.600000000000000089e+00 -1.269999999999999970e-04 -2.988000000000000204e-03 9.999959999999999960e-01 2.600390000000000201e-01 9.655939999999999523e-01 2.919000000000000154e-03 -9.655979999999999563e-01 2.600379999999999914e-01 6.539999999999999590e-04
1.700000000000000000e+01 1.300000000000000000e+01 2.000000000000000000e+01 0.000000000000000000e+00 1.600000000000000089e+00 -5.419999999999999471e-04 -3.527999999999999886e-03 9.999940000000000495e-01 2.609239999999999893e-01 9.653530000000000166e-01 3.546999999999999806e-03 -9.653589999999999671e-01 2.609250000000000180e-01 3.970000000000000005e-04
1.900000000000000000e+01 1.300000000000000000e+01 2.000000000000000000e+01 0.000000000000000000e+00 1.600000000000000089e+00 2.220000000000000022e-04 -1.098999999999999934e-03 9.999989999999999712e-01 2.608210000000000250e-01 9.653869999999999951e-01 1.002999999999999985e-03 -9.653869999999999951e-01 2.608210000000000250e-01 5.010000000000000347e-04
2.400000000000000000e+01 1.300000000000000000e+01 2.000000000000000000e+01 0.000000000000000000e+00 1.600000000000000089e+00 3.339999999999999870e-04 5.180000000000000143e-04 1.000000000000000000e+00 2.595819999999999794e-01 9.657210000000000516e-01 -5.869999999999999567e-04 -9.657210000000000516e-01 2.595819999999999794e-01 1.879999999999999890e-04
2.900000000000000000e+01 1.300000000000000000e+01 2.000000000000000000e+01 0.000000000000000000e+00 1.600000000000000089e+00 1.087999999999999991e-03 -4.296000000000000339e-03 9.999900000000000455e-01 2.583619999999999806e-01 9.660400000000000098e-01 3.869000000000000043e-03 -9.660480000000000178e-01 2.583550000000000013e-01 2.161000000000000160e-03
5.000000000000000000e+00 3.000000000000000000e+00 2.500000000000000000e+01 0.000000000000000000e+00 1.600000000000000089e+00 3.031999999999999973e-03 2.120000000000000031e-04 9.999949999999999672e-01 -4.546300000000000341e-02 -9.989660000000000206e-01 3.499999999999999964e-04 9.989609999999999879e-01 -4.546399999999999747e-02 -3.018999999999999982e-03
8.000000000000000000e+00 3.000000000000000000e+00 2.500000000000000000e+01 0.000000000000000000e+00 1.600000000000000089e+00 3.161000000000000181e-03 -2.620000000000000258e-04 9.999949999999999672e-01 -4.896699999999999664e-02 -9.988000000000000211e-01 -1.069999999999999988e-04 9.987949999999999884e-01 -4.896600000000000258e-02 -3.170000000000000075e-03
1.200000000000000000e+01 3.000000000000000000e+00 2.500000000000000000e+01 0.000000000000000000e+00 1.600000000000000089e+00 4.490000000000000176e-04 -4.243000000000000244e-03 9.999909999999999632e-01 -5.465300000000000019e-02 -9.984960000000000502e-01 -4.211999999999999598e-03 9.985049999999999759e-01 -5.465099999999999819e-02 -6.809999999999999647e-04
1.600000000000000000e+01 3.000000000000000000e+00 2.500000000000000000e+01 0.000000000000000000e+00 1.600000000000000089e+00 -8.850000000000000444e-04 2.639999999999999986e-03 9.999959999999999960e-01 -5.757999999999999924e-02 -9.983379999999999477e-01 2.583999999999999925e-03 9.983400000000000052e-01 -5.757700000000000318e-02 1.034999999999999896e-03
2.100000000000000000e+01 3.000000000000000000e+00 2.500000000000000000e+01 0.000000000000000000e+00 1.600000000000000089e+00 1.051999999999999984e-03 5.471000000000000169e-03 9.999850000000000128e-01 -5.866299999999999987e-02 -9.982630000000000114e-01 5.524000000000000264e-03 9.982769999999999699e-01 -5.866799999999999793e-02 -7.290000000000000473e-04
2.900000000000000000e+01 3.000000000000000000e+00 2.500000000000000000e+01 0.000000000000000000e+00 1.600000000000000089e+00 8.720000000000000537e-04 -5.445000000000000187e-03 9.999850000000000128e-01 -7.056800000000000572e-02 -9.974929999999999630e-01 -5.369999999999999774e-03 9.975070000000000325e-01 -7.056199999999999972e-02 -1.255000000000000039e-03
1.000000000000000000e+00 4.600000000000000000e+01 2.700000000000000000e+01 0.000000000000000000e+00 1.600000000000000089e+00 -9.700000000000000505e-04 7.240000000000000342e-04 -9.999989999999999712e-01 6.826339999999999630e-01 7.307599999999999651e-01 -1.330000000000000073e-04 7.307590000000000474e-01 -6.826339999999999630e-01 -1.203000000000000076e-03
6.000000000000000000e+00 4.600000000000000000e+01 2.700000000000000000e+01 0.000000000000000000e+00 1.600000000000000089e+00 -1.250000000000000026e-04 -9.810000000000001011e-04 -1.000000000000000000e+00 6.790030000000000232e-01 7.341349999999999820e-01 -8.050000000000000515e-04 7.341349999999999820e-01 -6.790030000000000232e-01 5.739999999999999660e-04
1.600000000000000000e+01 4.600000000000000000e+01 2.700000000000000000e+01 0.000000000000000000e+00 1.600000000000000089e+00 -4.369999999999999970e-04 -5.100000000000000366e-04 -1.000000000000000000e+00 6.787549999999999972e-01 7.343640000000000168e-01 -6.710000000000000469e-04 7.343640000000000168e-01 -6.787560000000000260e-01 2.500000000000000120e-05
2.000000000000000000e+01 4.600000000000000000e+01 2.700000000000000000e+01 0.000000000000000000e+00 1.600000000000000089e+00 8.149999999999999693e-04 4.000000000000000327e-05 -1.000000000000000000e+00 6.782040000000000290e-01 7.348740000000000272e-01 5.829999999999999679e-04 7.348729999999999984e-01 -6.782040000000000290e-01 5.720000000000000258e-04
2.400000000000000000e+01 4.600000000000000000e+01 2.700000000000000000e+01 0.000000000000000000e+00 1.600000000000000089e+00 1.283999999999999985e-03 -5.779999999999999548e-04 -9.999989999999999712e-01 6.784510000000000263e-01 7.346449999999999925e-01 4.470000000000000232e-04 7.346439999999999637e-01 -6.784510000000000263e-01 1.335000000000000032e-03
1.000000000000000000e+01 4.600000000000000000e+01 3.000000000000000000e+01 0.000000000000000000e+00 1.600000000000000089e+00 1.320000000000000101e-04 -9.399999999999999719e-04 -1.000000000000000000e+00 3.317330000000000001e-01 9.433730000000000171e-01 -8.429999999999999993e-04 9.433730000000000171e-01 -3.317330000000000001e-01 4.360000000000000269e-04
5.000000000000000000e+00 5.800000000000000000e+01 3.100000000000000000e+01 0.000000000000000000e+00 1.600000000000000089e+00 4.760000000000000234e-04 -6.559999999999999859e-03 9.999780000000000335e-01 -8.106750000000000345e-01 -5.854869999999999797e-01 -3.455000000000000172e-03 5.854970000000000452e-01 -8.106550000000000145e-01 -5.597000000000000412e-03
1.000000000000000000e+01 5.800000000000000000e+01 3.100000000000000000e+01 0.000000000000000000e+00 1.600000000000000089e+00 -2.526000000000000034e-03 -1.170000000000000033e-03 9.999959999999999960e-01 -8.092510000000000536e-01 -5.874559999999999782e-01 -2.730999999999999921e-03 5.874570000000000070e-01 -8.092549999999999466e-01 5.379999999999999583e-04
1.400000000000000000e+01 5.800000000000000000e+01 3.100000000000000000e+01 0.000000000000000000e+00 1.600000000000000089e+00 -2.638000000000000154e-03 -8.289999999999999843e-04 9.999959999999999960e-01 -8.102209999999999690e-01 -5.861189999999999456e-01 -2.622999999999999898e-03 5.861189999999999456e-01 -8.102249999999999730e-01 8.739999999999999939e-04
1.800000000000000000e+01 5.800000000000000000e+01 3.100000000000000000e+01 0.000000000000000000e+00 1.600000000000000089e+00 6.380000000000000037e-04 -3.039000000000000035e-03 9.999949999999999672e-01 -8.102190000000000225e-01 -5.861269999999999536e-01 -1.263999999999999933e-03 5.861279999999999824e-01 -8.102139999999999898e-01 -2.835999999999999979e-03
2.200000000000000000e+01 5.800000000000000000e+01 3.100000000000000000e+01 0.000000000000000000e+00 1.600000000000000089e+00 -2.018999999999999961e-03 -4.319999999999999838e-04 9.999980000000000535e-01 -8.101800000000000113e-01 -5.861779999999999768e-01 -1.889000000000000054e-03 5.861779999999999768e-01 -8.101819999999999578e-01 8.339999999999999974e-04
2.900000000000000000e+01 5.800000000000000000e+01 3.100000000000000000e+01 0.000000000000000000e+00 1.600000000000000089e+00 -1.382999999999999898e-03 3.308999999999999875e-03 9.999940000000000495e-01 -8.115130000000000399e-01 -5.843340000000000201e-01 8.109999999999999805e-04 5.843329999999999913e-01 -8.115069999999999784e-01 3.494000000000000144e-03
3.000000000000000000e+00 4.600000000000000000e+01 3.500000000000000000e+01 0.000000000000000000e+00 1.600000000000000089e+00 -1.863000000000000073e-03 3.762999999999999852e-03 -9.999909999999999632e-01 3.894429999999999836e-01 -9.210409999999999986e-01 -4.192000000000000413e-03 -9.210490000000000066e-01 -3.894469999999999876e-01 2.500000000000000052e-04
1.100000000000000000e+01 4.600000000000000000e+01 3.500000000000000000e+01 0.000000000000000000e+00 1.600000000000000089e+00 -4.870000000000000197e-04 -2.455000000000000151e-03 -9.999970000000000248e-01 3.902470000000000105e-01 -9.207079999999999709e-01 2.069999999999999792e-03 -9.207100000000000284e-01 -3.902450000000000085e-01 1.405999999999999915e-03
1.700000000000000000e+01 4.600000000000000000e+01 3.500000000000000000e+01 0.000000000000000000e+00 1.600000000000000089e+00 1.369999999999999961e-04 1.958000000000000105e-03 -9.999980000000000535e-01 3.922539999999999916e-01 -9.198549999999999782e-01 -1.747999999999999988e-03 -9.198570000000000357e-01 -3.922530000000000183e-01 -8.940000000000000464e-04
2.300000000000000000e+01 4.600000000000000000e+01 3.500000000000000000e+01 0.000000000000000000e+00 1.600000000000000089e+00 -5.310000000000000050e-04 -8.940000000000000464e-04 -9.999989999999999712e-01 3.923459999999999726e-01 -9.198169999999999957e-01 6.130000000000000466e-04 -9.198169999999999957e-01 -3.923459999999999726e-01 8.390000000000000105e-04
2.900000000000000000e+01 4.600000000000000000e+01 3.500000000000000000e+01 0.000000000000000000e+00 1.600000000000000089e+00 -1.749999999999999982e-04 8.120000000000000048e-04 -1.000000000000000000e+00 3.908300000000000107e-01 -9.204620000000000024e-01 -8.159999999999999936e-04 -9.204630000000000312e-01 -3.908300000000000107e-01 -1.559999999999999972e-04
1.800000000000000000e+01 9.500000000000000000e+01 3.600000000000000000e+01 0.000000000000000000e+00 1.600000000000000089e+00 -8.109999999999999154e-03 -1.446000000000000020e-03 9.999660000000000215e-01 9.970750000000000446e-01 7.599499999999999311e-02 8.196000000000000160e-03 -7.600400000000000211e-02 9.971069999999999656e-01 8.249999999999999955e-04
2.400000000000000000e+01 9.500000000000000000e+01 3.600000000000000000e+01 0.000000000000000000e+00 1.600000000000000089e+00 1.940000000000000101e-03 -2.054399999999999976e-02 9.997869999999999813e-01 9.969829999999999526e-01 7.762199999999999656e-02 -3.400000000000000244e-04 -7.759800000000000031e-02 9.967709999999999626e-01 2.063200000000000103e-02
5.000000000000000000e+00 3.000000000000000000e+00 4.300000000000000000e+01 0.000000000000000000e+00 1.600000000000000089e+00 -1.874999999999999931e-03 2.178999999999999947e-03 -9.999959999999999960e-01 7.343950000000000200e-01 -6.787159999999999860e-01 -2.856000000000000032e-03 -6.787199999999999900e-01 -7.343969999999999665e-01 -3.280000000000000038e-04
1.100000000000000000e+01 3.000000000000000000e+00 4.300000000000000000e+01 0.000000000000000000e+00 1.600000000000000089e+00 2.481000000000000132e-03 -1.527500000000000038e-02 -9.998799999999999910e-01 7.319470000000000143e-01 -6.812519999999999687e-01 1.222400000000000049e-02 -6.813580000000000192e-01 -7.318890000000000118e-01 9.490999999999999437e-03
1.400000000000000000e+01 3.000000000000000000e+00 4.300000000000000000e+01 0.000000000000000000e+00 1.600000000000000089e+00 4.600000000000000004e-05 -8.038000000000000006e-03 -9.999679999999999680e-01 7.353990000000000249e-01 -6.776119999999999921e-01 5.480999999999999761e-03 -6.776339999999999586e-01 -7.353750000000000009e-01 5.879999999999999810e-03
1.800000000000000000e+01 3.000000000000000000e+00 4.300000000000000000e+01 0.000000000000000000e+00 1.600000000000000089e+00 -1.861000000000000024e-03 1.104499999999999926e-02 -9.999369999999999647e-01 7.352520000000000167e-01 -6.777360000000000051e-01 -8.854000000000000759e-03 -6.777910000000000323e-01 -7.352220000000000422e-01 -6.858999999999999646e-03
2.000000000000000000e+01 3.000000000000000000e+00 4.300000000000000000e+01 0.000000000000000000e+00 1.600000000000000089e+00 -4.260000000000000006e-04 7.656999999999999744e-03 -9.999710000000000543e-01 7.364319999999999755e-01 -6.764890000000000070e-01 -5.493999999999999752e-03 -6.765109999999999735e-01 -7.364129999999999843e-01 -5.350999999999999854e-03
2.500000000000000000e+01 3.000000000000000000e+00 4.300000000000000000e+01 0.000000000000000000e+00 1.600000000000000089e+00 1.672000000000000092e-03 -5.609999999999999752e-04 -9.999989999999999712e-01 7.399799999999999711e-01 -6.726269999999999749e-01 1.614999999999999899e-03 -6.726269999999999749e-01 -7.399820000000000286e-01 -7.089999999999999948e-04
2.800000000000000000e+01 3.000000000000000000e+00 4.300000000000000000e+01 0.000000000000000000e+00 1.600000000000000089e+00 1.709999999999999932e-03 -1.406199999999999985e-02 -9.999000000000000110e-01 7.409400000000000430e-01 -6.714860000000000273e-01 1.071100000000000003e-02 -6.715689999999999715e-01 -7.408839999999999870e-01 9.270000000000000462e-03
2.000000000000000000e+00 8.000000000000000000e+00 4.400000000000000000e+01 0.000000000000000000e+00 1.600000000000000089e+00 -2.393999999999999861e-03 -1.059999999999999961e-03 9.999970000000000248e-01 -7.848110000000000364e-01 -6.197300000000000031e-01 -2.536000000000000060e-03 6.197300000000000031e-01 -7.848140000000000116e-01 6.509999999999999945e-04
1.100000000000000000e+01 2.900000000000000000e+01 4.400000000000000000e+01 0.000000000000000000e+00 1.600000000000000089e+00 -2.629999999999999959e-04 -3.950000000000000061e-04 -1.000000000000000000e+00 6.678290000000000060e-01 7.443140000000000311e-01 -4.699999999999999859e-04 7.443149999999999489e-01 -6.678290000000000060e-01 6.799999999999999946e-05
1.700000000000000000e+01 2.900000000000000000e+01 4.400000000000000000e+01 0.000000000000000000e+00 1.600000000000000089e+00 2.484999999999999796e-03 -2.753999999999999938e-03 -9.999930000000000208e-01 6.752820000000000489e-01 7.375589999999999646e-01 -3.530000000000000152e-04 7.375549999999999606e-01 -6.752770000000000161e-01 3.693000000000000102e-03
2.000000000000000000e+01 2.900000000000000000e+01 4.400000000000000000e+01 0.000000000000000000e+00 1.600000000000000089e+00 1.252999999999999991e-03 -3.938999999999999793e-03 -9.999909999999999632e-01 6.719019999999999992e-01 7.406369999999999898e-01 -2.075000000000000022e-03 7.406390000000000473e-01 -6.718939999999999912e-01 3.573999999999999920e-03
2.600000000000000000e+01 2.900000000000000000e+01 4.400000000000000000e+01 0.000000000000000000e+00 1.600000000000000089e+00 -8.429999999999999993e-04 -4.897999999999999576e-03 -9.999879999999999880e-01 6.655609999999999582e-01 7.463309999999999667e-01 -4.216000000000000129e-03 7.463429999999999787e-01 -6.655560000000000365e-01 2.631000000000000092e-03
2.900000000000000000e+01 2.900000000000000000e+01 4.400000000000000000e+01 0.000000000000000000e+00 1.600000000000000089e+00 -5.590000000000000351e-04 -5.459000000000000311e-03 -9.999850000000000128e-01 6.643790000000000529e-01 7.473819999999999908e-01 -4.451000000000000095e-03 7.473950000000000315e-01 -6.643719999999999626e-01 3.210000000000000180e-03
4.000000000000000000e+00 5.000000000000000000e+00 5.100000000000000000e+01 0.000000000000000000e+00 1.600000000000000089e+00 2.699999999999999899e-05 -9.539999999999999869e-04 -1.000000000000000000e+00 4.862339999999999995e-01 -8.738280000000000491e-01 8.469999999999999881e-04 -8.738289999999999669e-01 -4.862339999999999995e-01 4.400000000000000157e-04
1.400000000000000000e+01 5.000000000000000000e+00 5.100000000000000000e+01 0.000000000000000000e+00 1.600000000000000089e+00 -1.108999999999999960e-03 -2.533999999999999794e-03 -9.999959999999999960e-01 4.835820000000000118e-01 -8.752980000000000205e-01 1.681999999999999901e-03 -8.752980000000000205e-01 -4.835780000000000078e-01 2.196000000000000035e-03
2.200000000000000000e+01 5.000000000000000000e+00 5.100000000000000000e+01 0.000000000000000000e+00 1.600000000000000089e+00 7.519999999999999558e-04 1.082999999999999978e-03 -9.999989999999999712e-01 4.862810000000000188e-01 -8.738019999999999676e-01 -5.800000000000000034e-04 -8.738019999999999676e-01 -4.862810000000000188e-01 -1.183999999999999940e-03
2.700000000000000000e+01 5.000000000000000000e+00 5.100000000000000000e+01 0.000000000000000000e+00 1.600000000000000089e+00 -8.170000000000000179e-04 -2.808999999999999865e-03 -9.999959999999999960e-01 4.830030000000000157e-01 -8.756159999999999499e-01 2.064999999999999995e-03 -8.756190000000000362e-01 -4.829990000000000117e-01 2.073000000000000190e-03
3.000000000000000000e+01 5.000000000000000000e+00 5.100000000000000000e+01 0.000000000000000000e+00 1.600000000000000089e+00 6.019999999999999961e-04 -6.928000000000000130e-03 -9.999759999999999760e-01 4.805440000000000267e-01 -8.769470000000000320e-01 6.364999999999999998e-03 -8.769700000000000273e-01 -4.805369999999999919e-01 2.801000000000000104e-03
7.000000000000000000e+00 6.000000000000000000e+00 5.100000000000000000e+01 0.000000000000000000e+00 1.600000000000000089e+00 5.929999999999999941e-04 -3.249999999999999851e-04 -1.000000000000000000e+00 3.200149999999999939e-01 -9.474120000000000319e-01 4.979999999999999618e-04 -9.474120000000000319e-01 -3.200160000000000227e-01 -4.580000000000000195e-04
9.000000000000000000e+00 1.600000000000000000e+01 5.200000000000000000e+01 0.000000000000000000e+00 1.600000000000000089e+00 -1.640799999999999897e-02 -1.592999999999999972e-02 -9.997380000000000155e-01 7.812700000000000200e-01 6.237780000000000546e-01 -2.276200000000000098e-02 6.239780000000000326e-01 -7.814389999999999947e-01 2.210999999999999858e-03
1.100000000000000000e+01 1.600000000000000000e+01 5.200000000000000000e+01 0.000000000000000000e+00 1.600000000000000089e+00 -1.545799999999999952e-02 -2.322899999999999965e-02 -9.996110000000000273e-01 7.902949999999999697e-01 6.121560000000000334e-01 -2.644699999999999829e-02 6.125319999999999654e-01 -7.903959999999999875e-01 8.895000000000000129e-03
1.000000000000000000e+01 6.300000000000000000e+01 5.400000000000000000e+01 0.000000000000000000e+00 1.600000000000000089e+00 -4.949999999999999973e-04 -1.778000000000000067e-03 9.999980000000000535e-01 -3.475880000000000081e-01 9.376459999999999795e-01 1.495000000000000018e-03 -9.376470000000000082e-01 -3.475860000000000061e-01 -1.082000000000000062e-03
1.500000000000000000e+01 6.300000000000000000e+01 5.400000000000000000e+01 0.000000000000000000e+00 1.600000000000000089e+00 1.123000000000000083e-03 -4.510000000000000120e-04 9.999989999999999712e-01 -3.416620000000000212e-01 9.398229999999999640e-01 8.080000000000000160e-04 -9.398220000000000462e-01 -3.416620000000000212e-01 9.009999999999999997e-04
2.000000000000000000e+01 6.300000000000000000e+01 5.400000000000000000e+01 0.000000000000000000e+00 1.600000000000000089e+00 2.349999999999999930e-04 4.820000000000000066e-04 1.000000000000000000e+00 -3.456830000000000180e-01 9.383510000000000462e-01 -3.710000000000000190e-04 -9.383510000000000462e-01 -3.456830000000000180e-01 3.869999999999999742e-04
2.500000000000000000e+01 6.300000000000000000e+01 5.400000000000000000e+01 0.000000000000000000e+00 1.600000000000000089e+00 -5.209999999999999788e-04 1.376000000000000053e-03 9.999989999999999712e-01 -3.496619999999999728e-01 9.368750000000000133e-01 -1.471000000000000085e-03 -9.368760000000000421e-01 -3.496619999999999728e-01 -6.999999999999999895e-06
2.000000000000000000e+00 2.500000000000000000e+01 5.500000000000000000e+01 0.000000000000000000e+00 1.600000000000000089e+00 1.719000000000000042e-03 2.745000000000000044e-03 -9.999949999999999672e-01 -1.146499999999999950e-02 -9.999299999999999855e-01 -2.765000000000000097e-03 -9.999329999999999607e-01 1.146999999999999929e-02 -1.688000000000000047e-03
1.800000000000000000e+01 2.500000000000000000e+01 5.500000000000000000e+01 0.000000000000000000e+00 1.600000000000000089e+00 1.240999999999999916e-03 2.066999999999999827e-03 -9.999970000000000248e-01 -8.661000000000000296e-03 -9.999599999999999600e-01 -2.077999999999999986e-03 -9.999620000000000175e-01 8.663999999999999826e-03 -1.222999999999999912e-03
1.600000000000000000e+01 6.800000000000000000e+01 5.700000000000000000e+01 0.000000000000000000e+00 1.600000000000000089e+00 6.040000000000000447e-04 3.627000000000000016e-03 -9.999930000000000208e-01 -2.426560000000000106e-01 -9.701060000000000239e-01 -3.664999999999999855e-03 -9.701119999999999743e-01 2.426560000000000106e-01 2.939999999999999905e-04
2.200000000000000000e+01 2.000000000000000000e+01 6.000000000000000000e+01 0.000000000000000000e+00 1.600000000000000089e+00 8.715000000000000524e-03 -1.753800000000000150e-02 9.998080000000000300e-01 -6.167500000000000066e-02 9.979329999999999590e-01 1.804300000000000001e-02 -9.980580000000000007e-01 -6.181999999999999995e-02 7.616000000000000374e-03
4.000000000000000000e+00 2.100000000000000000e+01 6.000000000000000000e+01 0.000000000000000000e+00 1.600000000000000089e+00 -1.119999999999999902e-03 2.099000000000000171e-03 9.999970000000000248e-01 -9.763099999999999556e-02 9.952199999999999935e-01 -2.197999999999999867e-03 -9.952220000000000510e-01 -9.763299999999999756e-02 -9.100000000000000016e-04
9.000000000000000000e+00 2.100000000000000000e+01 6.000000000000000000e+01 0.000000000000000000e+00 1.600000000000000089e+00 -2.935999999999999808e-03 -2.066000000000000128e-03 9.999940000000000495e-01 -9.673099999999999754e-02 9.953089999999999993e-01 1.771999999999999921e-03 -9.953060000000000240e-01 -9.672500000000000542e-02 -3.122000000000000209e-03
2.800000000000000000e+01 2.100000000000000000e+01 6.000000000000000000e+01 0.000000000000000000e+00 1.600000000000000089e+00 7.060000000000000303e-03 9.407000000000000431e-03 9.999310000000000143e-01 -9.031799999999999551e-02 9.958749999999999547e-01 -8.730999999999999178e-03 -9.958879999999999955e-01 -9.024999999999999689e-02 7.879999999999999852e-03
1.400000000000000000e+01 6.000000000000000000e+00 6.100000000000000000e+01 0.000000000000000000e+00 1.600000000000000089e+00 2.877999999999999916e-03 -6.568000000000000053e-03 9.999740000000000295e-01 5.688739999999999908e-01 -8.223949999999999871e-01 -7.039000000000000118e-03 8.224200000000000399e-01 5.688790000000000235e-01 1.368999999999999991e-03
2.000000000000000000e+00 3.000000000000000000e+00 6.300000000000000000e+01 0.000000000000000000e+00 1.600000000000000089e+00 -3.955000000000000182e-03 3.497000000000000108e-03 9.999860000000000415e-01 -6.133560000000000123e-01 7.897889999999999633e-01 -5.187999999999999903e-03 -7.897960000000000536e-01 -6.133680000000000243e-01 -9.779999999999999197e-04
2.200000000000000000e+01 3.000000000000000000e+00 6.300000000000000000e+01 0.000000000000000000e+00 1.600000000000000089e+00 1.275000000000000092e-03 -2.010000000000000068e-03 9.999970000000000248e-01 -6.167550000000000532e-01 7.871519999999999628e-01 2.369000000000000012e-03 -7.871540000000000203e-01 -6.167559999999999709e-01 -2.359999999999999902e-04
4.000000000000000000e+00 2.700000000000000000e+01 6.300000000000000000e+01 0.000000000000000000e+00 1.600000000000000089e+00 -9.340000000000000429e-04 8.890000000000000333e-04 9.999989999999999712e-01 -2.699050000000000060e-01 9.628860000000000197e-01 -1.108000000000000044e-03 -9.628870000000000484e-01 -2.699059999999999793e-01 -6.589999999999999721e-04
9.000000000000000000e+00 2.700000000000000000e+01 6.300000000000000000e+01 0.000000000000000000e+00 1.600000000000000089e+00 -2.475999999999999902e-03 -4.184000000000000219e-03 9.999879999999999880e-01 -2.708740000000000037e-01 9.626090000000000479e-01 3.357000000000000175e-03 -9.626120000000000232e-01 -2.708619999999999917e-01 -3.517000000000000161e-03
1.300000000000000000e+01 2.700000000000000000e+01 6.300000000000000000e+01 0.000000000000000000e+00 1.600000000000000089e+00 -3.229999999999999907e-04 -5.869999999999999567e-04 1.000000000000000000e+00 -2.737169999999999881e-01 9.618100000000000538e-01 4.769999999999999934e-04 -9.618100000000000538e-01 -2.737169999999999881e-01 -4.719999999999999803e-04
1.900000000000000000e+01 2.700000000000000000e+01 6.300000000000000000e+01 0.000000000000000000e+00 1.600000000000000089e+00 -3.759999999999999779e-04 7.086000000000000285e-03 9.999749999999999472e-01 -2.704239999999999977e-01 9.627170000000000449e-01 -6.923999999999999599e-03 -9.627409999999999579e-01 -2.704190000000000205e-01 1.554000000000000043e-03
2.600000000000000000e+01 2.700000000000000000e+01 6.300000000000000000e+01 0.000000000000000000e+00 1.600000000000000089e+00 6.407000000000000368e-03 9.680000000000000019e-04 9.999789999999999512e-01 -2.844249999999999834e-01 9.586980000000000501e-01 8.940000000000000464e-04 -9.586770000000000014e-01 -2.844240000000000101e-01 6.416999999999999961e-03
2.900000000000000000e+01 2.700000000000000000e+01 6.300000000000000000e+01 0.000000000000000000e+00 1.600000000000000089e+00 8.314000000000000209e-03 1.645999999999999894e-03 9.999639999999999640e-01 -2.900780000000000025e-01 9.570030000000000481e-01 8.360000000000000460e-04 -9.569670000000000121e-01 -2.900750000000000273e-01 8.434000000000000524e-03
1.000000000000000000e+00 2.600000000000000000e+01 6.400000000000000000e+01 0.000000000000000000e+00 1.600000000000000089e+00 -3.600000000000000091e-05 -8.019999999999999785e-04 1.000000000000000000e+00 -3.555869999999999864e-01 9.346430000000000016e-01 7.370000000000000249e-04 -9.346430000000000016e-01 -3.555869999999999864e-01 -3.179999999999999776e-04
9.000000000000000000e+00 2.600000000000000000e+01 6.400000000000000000e+01 0.000000000000000000e+00 1.600000000000000089e+00 -1.918000000000000000e-03 -3.399999999999999811e-03 9.999919999999999920e-01 -3.549990000000000090e-01 9.348629999999999995e-01 2.497999999999999787e-03 -9.348649999999999460e-01 -3.549910000000000010e-01 -3.000000000000000062e-03
1.400000000000000000e+01 2.600000000000000000e+01 6.400000000000000000e+01 0.000000000000000000e+00 1.600000000000000089e+00 3.750000000000000078e-04 1.003999999999999901e-03 9.999989999999999712e-01 -3.573549999999999782e-01 9.339680000000000204e-01 -8.040000000000000271e-04 -9.339690000000000492e-01 -3.573540000000000050e-01 7.089999999999999948e-04
