1.500000000000000000e+01 2.500000000000000000e+01 1.000000000000000000e+00 0.000000000000000000e+00 1.600000000000000089e+00 3.591000000000000008e-03 3.348999999999999980e-03 -9.999879999999999880e-01 -5.434870000000000534e-01 -8.394040000000000390e-01 -4.762999999999999873e-03 -8.394099999999999895e-01 5.434970000000000079e-01 -1.193999999999999966e-03
1.100000000000000000e+01 1.500000000000000000e+01 4.000000000000000000e+00 0.000000000000000000e+00 1.600000000000000089e+00 -8.689999999999999808e-04 3.599000000000000202e-03 9.999930000000000208e-01 2.862569999999999837e-01 -9.581460000000000532e-01 3.697000000000000199e-03 9.581530000000000324e-01 2.862580000000000124e-01 -1.969999999999999909e-04
2.300000000000000000e+01 1.500000000000000000e+01 4.000000000000000000e+00 0.000000000000000000e+00 1.600000000000000089e+00 2.184999999999999876e-03 4.715999999999999706e-03 9.999869999999999592e-01 2.902250000000000107e-01 -9.569509999999999961e-01 3.879000000000000069e-03 9.569560000000000288e-01 2.902129999999999987e-01 -3.459999999999999968e-03
3.000000000000000000e+01 1.500000000000000000e+01 4.000000000000000000e+00 0.000000000000000000e+00 1.600000000000000089e+00 2.171999999999999886e-03 9.195000000000000048e-03 9.999550000000000383e-01 2.936289999999999734e-01 -9.558849999999999847e-01 8.151999999999999524e-03 9.559170000000000167e-01 2.935980000000000256e-01 -4.775999999999999863e-03
8.000000000000000000e+00 1.600000000000000000e+01 4.000000000000000000e+00 0.000000000000000000e+00 1.600000000000000089e+00 -5.054000000000000332e-03 -8.050000000000000515e-04 9.999869999999999592e-01 3.550940000000000207e-01 -9.348300000000000498e-01 1.041999999999999958e-03 9.348170000000000091e-01 3.550949999999999940e-01 5.009999999999999697e-03
1.300000000000000000e+01 1.600000000000000000e+01 4.000000000000000000e+00 0.000000000000000000e+00 1.600000000000000089e+00 -4.840000000000000010e-04 5.616000000000000332e-03 9.999839999999999840e-01 3.520690000000000208e-01 -9.359589999999999854e-01 5.427000000000000400e-03 9.359739999999999727e-01 3.520659999999999901e-01 -1.523999999999999964e-03
1.700000000000000000e+01 1.600000000000000000e+01 4.000000000000000000e+00 0.000000000000000000e+00 1.600000000000000089e+00 -8.059999999999999673e-04 4.466000000000000351e-03 9.999900000000000455e-01 3.529519999999999880e-01 -9.356309999999999905e-01 4.462999999999999953e-03 9.356409999999999449e-01 3.529519999999999880e-01 -8.220000000000000310e-04
2.600000000000000000e+01 1.600000000000000000e+01 4.000000000000000000e+00 0.000000000000000000e+00 1.600000000000000089e+00 7.339999999999999520e-04 9.263999999999999665e-03 9.999569999999999848e-01 3.578669999999999907e-01 -9.337349999999999817e-01 8.387000000000000358e-03 9.337720000000000464e-01 3.578450000000000242e-01 -4.001000000000000216e-03
9.000000000000000000e+00 1.010000000000000000e+02 7.000000000000000000e+00 0.000000000000000000e+00 1.600000000000000089e+00 7.560000000000000530e-04 -8.042999999999999802e-03 9.999670000000000503e-01 8.874410000000000354e-01 4.609110000000000151e-01 3.036000000000000070e-03 -4.609199999999999964e-01 8.874100000000000321e-01 7.485999999999999599e-03
1.400000000000000000e+01 1.010000000000000000e+02 7.000000000000000000e+00 0.000000000000000000e+00 1.600000000000000089e+00 -8.069999999999999916e-04 7.237000000000000377e-03 9.999740000000000295e-01 8.881470000000000198e-01 4.595520000000000160e-01 -2.609000000000000208e-03 -4.595580000000000220e-01 8.881219999999999670e-01 -6.798000000000000223e-03
1.900000000000000000e+01 1.010000000000000000e+02 7.000000000000000000e+00 0.000000000000000000e+00 1.600000000000000089e+00 -2.073999999999999889e-03 -5.165999999999999585e-03 9.999850000000000128e-01 8.890519999999999534e-01 4.577869999999999995e-01 4.209000000000000068e-03 -4.578019999999999867e-01 8.890470000000000317e-01 3.642999999999999971e-03
2.400000000000000000e+01 1.010000000000000000e+02 7.000000000000000000e+00 0.000000000000000000e+00 1.600000000000000089e+00 1.312000000000000015e-03 -7.582000000000000198e-03 9.999700000000000255e-01 8.865070000000000450e-01 4.627100000000000102e-01 2.344999999999999862e-03 -4.627140000000000142e-01 8.864769999999999595e-01 7.328999999999999578e-03
1.000000000000000000e+00 1.500000000000000000e+01 8.000000000000000000e+00 0.000000000000000000e+00 1.600000000000000089e+00 2.954000000000000029e-03 -3.204999999999999950e-03 -9.999900000000000455e-01 -5.882249999999999979e-01 -8.086969999999999992e-01 8.549999999999999658e-04 -8.086919999999999664e-01 5.882169999999999899e-01 -4.274000000000000021e-03
5.000000000000000000e+00 1.500000000000000000e+01 8.000000000000000000e+00 0.000000000000000000e+00 1.600000000000000089e+00 2.941000000000000038e-03 -3.477000000000000056e-03 -9.999900000000000455e-01 -5.874310000000000365e-01 -8.092730000000000201e-01 1.085999999999999943e-03 -8.092690000000000161e-01 5.874219999999999997e-01 -4.422999999999999848e-03
1.100000000000000000e+01 1.500000000000000000e+01 8.000000000000000000e+00 0.000000000000000000e+00 1.600000000000000089e+00 2.583999999999999925e-03 7.147999999999999840e-03 -9.999710000000000543e-01 -5.839480000000000226e-01 -8.117579999999999796e-01 -7.311999999999999923e-03 -8.117870000000000363e-01 5.839499999999999691e-01 2.076999999999999853e-03
1.800000000000000000e+01 1.500000000000000000e+01 8.000000000000000000e+00 0.000000000000000000e+00 1.600000000000000089e+00 1.886000000000000090e-03 2.756999999999999902e-03 -9.999940000000000495e-01 -5.842509999999999648e-01 -8.115660000000000096e-01 -3.338999999999999954e-03 -8.115710000000000424e-01 5.842540000000000511e-01 8.000000000000000654e-05
2.100000000000000000e+01 1.500000000000000000e+01 8.000000000000000000e+00 0.000000000000000000e+00 1.600000000000000089e+00 -5.760000000000000146e-04 1.760999999999999979e-03 -9.999980000000000535e-01 -5.849499999999999700e-01 -8.110680000000000112e-01 -1.090999999999999956e-03 -8.110690000000000399e-01 5.849490000000000522e-01 1.497000000000000067e-03
2.600000000000000000e+01 1.500000000000000000e+01 8.000000000000000000e+00 0.000000000000000000e+00 1.600000000000000089e+00 1.696999999999999941e-03 9.551000000000000462e-03 -9.999529999999999808e-01 -5.856390000000000207e-01 -8.105250000000000510e-01 -8.734999999999999709e-03 -8.105700000000000127e-01 5.856259999999999799e-01 4.218000000000000395e-03
3.000000000000000000e+01 1.500000000000000000e+01 8.000000000000000000e+00 0.000000000000000000e+00 1.600000000000000089e+00 -5.330000000000000536e-04 1.022499999999999971e-02 -9.999479999999999480e-01 -5.851760000000000295e-01 -8.108670000000000044e-01 -7.979999999999999247e-03 -8.109060000000000157e-01 5.851410000000000222e-01 6.414999999999999696e-03
1.200000000000000000e+01 2.600000000000000000e+01 8.000000000000000000e+00 0.000000000000000000e+00 1.600000000000000089e+00 -3.833000000000000036e-03 -1.408099999999999977e-02 -9.998930000000000318e-01 4.076159999999999783e-01 9.130399999999999627e-01 -1.442000000000000053e-02 9.131460000000000132e-01 -4.076279999999999903e-01 2.239999999999999804e-03
1.600000000000000000e+01 2.600000000000000000e+01 8.000000000000000000e+00 0.000000000000000000e+00 1.600000000000000089e+00 -2.164000000000000125e-03 -6.991999999999999951e-03 -9.999730000000000008e-01 4.087939999999999907e-01 9.125980000000000203e-01 -7.265999999999999889e-03 9.126239999999999908e-01 -4.087979999999999947e-01 8.829999999999999958e-04
2.200000000000000000e+01 2.600000000000000000e+01 8.000000000000000000e+00 0.000000000000000000e+00 1.600000000000000089e+00 -8.310000000000000329e-04 3.275999999999999832e-03 -9.999940000000000495e-01 4.090550000000000019e-01 9.125060000000000393e-01 2.648999999999999879e-03 9.125090000000000146e-01 -4.090509999999999979e-01 -2.099000000000000171e-03
6.000000000000000000e+00 2.400000000000000000e+01 9.000000000000000000e+00 0.000000000000000000e+00 1.600000000000000089e+00 -2.210999999999999858e-03 -3.468000000000000162e-03 -9.999919999999999920e-01 4.593519999999999825e-01 8.882449999999999513e-01 -4.095999999999999815e-03 8.882520000000000415e-01 -4.593570000000000153e-01 -3.710000000000000190e-04
1.100000000000000000e+01 2.400000000000000000e+01 9.000000000000000000e+00 0.000000000000000000e+00 1.600000000000000089e+00 -4.176000000000000024e-03 -1.633000000000000076e-02 -9.998580000000000245e-01 4.590239999999999876e-01 8.882719999999999505e-01 -1.642400000000000110e-02 8.884140000000000370e-01 -4.590270000000000183e-01 3.787000000000000002e-03
1.800000000000000000e+01 2.400000000000000000e+01 9.000000000000000000e+00 0.000000000000000000e+00 1.600000000000000089e+00 -1.855000000000000095e-03 -2.651000000000000145e-03 -9.999949999999999672e-01 4.619779999999999998e-01 8.868859999999999522e-01 -3.207999999999999914e-03 8.868890000000000384e-01 -4.619820000000000038e-01 -4.200000000000000174e-04
2.700000000000000000e+01 2.400000000000000000e+01 9.000000000000000000e+00 0.000000000000000000e+00 1.600000000000000089e+00 -1.129000000000000012e-03 -6.679999999999999740e-04 -9.999989999999999712e-01 4.627749999999999919e-01 8.864750000000000130e-01 -1.115000000000000106e-03 8.864750000000000130e-01 -4.627760000000000207e-01 -6.909999999999999910e-04
2.900000000000000000e+01 1.020000000000000000e+02 9.000000000000000000e+00 0.000000000000000000e+00 1.600000000000000089e+00 -2.214999999999999955e-03 9.250000000000000409e-04 9.999970000000000248e-01 9.217800000000000438e-01 3.877099999999999991e-01 1.683000000000000034e-03 -3.877079999999999971e-01 9.217809999999999615e-01 -1.711000000000000064e-03
1.500000000000000000e+01 3.100000000000000000e+01 1.200000000000000000e+01 0.000000000000000000e+00 1.600000000000000089e+00 -8.400000000000000348e-04 -1.851999999999999914e-03 9.999980000000000535e-01 -2.348700000000000093e-02 9.997219999999999995e-01 1.832000000000000078e-03 -9.997239999999999460e-01 -2.348599999999999993e-02 -8.829999999999999958e-04
2.000000000000000000e+01 3.500000000000000000e+01 1.200000000000000000e+01 0.000000000000000000e+00 1.600000000000000089e+00 1.299000000000000024e-03 -5.224999999999999610e-03 -9.999850000000000128e-01 4.695489999999999942e-01 -8.828909999999999814e-01 5.224000000000000345e-03 -8.829059999999999686e-01 -4.695489999999999942e-01 1.306000000000000086e-03
2.600000000000000000e+01 3.500000000000000000e+01 1.200000000000000000e+01 0.000000000000000000e+00 1.600000000000000089e+00 1.392999999999999924e-03 -6.686000000000000103e-03 -9.999770000000000048e-01 4.466780000000000195e-01 -8.946699999999999653e-01 6.603999999999999627e-03 -8.946929999999999605e-01 -4.466769999999999907e-01 1.740999999999999926e-03
2.300000000000000000e+01 4.000000000000000000e+00 1.300000000000000000e+01 0.000000000000000000e+00 1.600000000000000089e+00 3.890000000000000228e-04 -2.201150000000000051e-01 9.754739999999999522e-01 -1.021549999999999958e-01 9.703619999999999468e-01 2.190020000000000022e-01 -9.947679999999999856e-01 -9.973500000000000421e-02 -2.210799999999999918e-02
8.000000000000000000e+00 3.200000000000000000e+01 1.400000000000000000e+01 0.000000000000000000e+00 1.600000000000000089e+00 -2.409000000000000117e-03 -4.878999999999999657e-03 -9.999850000000000128e-01 1.121690000000000048e-01 9.936760000000000037e-01 -5.119000000000000286e-03 9.936859999999999582e-01 -1.121800000000000019e-01 -1.846999999999999901e-03
5.000000000000000000e+00 1.200000000000000000e+01 1.500000000000000000e+01 0.000000000000000000e+00 1.600000000000000089e+00 2.149999999999999947e-04 -2.057999999999999934e-03 -9.999980000000000535e-01 -4.683200000000000141e-01 -8.835570000000000368e-01 1.717999999999999909e-03 -8.835589999999999833e-01 4.683189999999999853e-01 -1.152999999999999945e-03
9.000000000000000000e+00 1.200000000000000000e+01 1.500000000000000000e+01 0.000000000000000000e+00 1.600000000000000089e+00 3.559999999999999797e-04 -1.459999999999999981e-04 -1.000000000000000000e+00 -4.679220000000000046e-01 -8.837699999999999445e-01 -3.699999999999999811e-05 -8.837699999999999445e-01 4.679220000000000046e-01 -3.829999999999999854e-04
1.600000000000000000e+01 1.200000000000000000e+01 1.500000000000000000e+01 0.000000000000000000e+00 1.600000000000000089e+00 2.712000000000000001e-03 -9.060000000000000128e-04 -9.999959999999999960e-01 -4.677020000000000066e-01 -8.838859999999999495e-01 -4.679999999999999915e-04 -8.838819999999999455e-01 4.677009999999999779e-01 -2.821000000000000157e-03
1.900000000000000000e+01 1.200000000000000000e+01 1.500000000000000000e+01 0.000000000000000000e+00 1.600000000000000089e+00 2.475999999999999902e-03 -4.260000000000000006e-04 -9.999970000000000248e-01 -4.680219999999999936e-01 -8.837169999999999748e-01 -7.829999999999999504e-04 -8.837129999999999708e-01 4.680219999999999936e-01 -2.386999999999999799e-03
2.100000000000000000e+01 1.200000000000000000e+01 1.500000000000000000e+01 0.000000000000000000e+00 1.600000000000000089e+00 1.497000000000000067e-03 -4.290000000000000193e-04 -9.999989999999999712e-01 -4.682520000000000016e-01 -8.835950000000000193e-01 -3.220000000000000206e-04 -8.835939999999999905e-01 4.682509999999999728e-01 -1.523999999999999964e-03
2.800000000000000000e+01 1.200000000000000000e+01 1.500000000000000000e+01 0.000000000000000000e+00 1.600000000000000089e+00 -9.399999999999999448e-05 5.380000000000000233e-03 -9.999860000000000415e-01 -4.678249999999999909e-01 -8.838089999999999558e-01 -4.710999999999999910e-03 -8.838209999999999678e-01 4.678180000000000116e-01 2.599999999999999881e-03
5.000000000000000000e+00 1.100000000000000000e+01 1.600000000000000000e+01 0.000000000000000000e+00 1.600000000000000089e+00 -1.659999999999999963e-04 -4.200000000000000174e-04 -1.000000000000000000e+00 -4.204049999999999732e-01 -9.073360000000000314e-01 4.510000000000000120e-04 -9.073369999999999491e-01 4.204049999999999732e-01 -2.599999999999999840e-05
9.000000000000000000e+00 1.100000000000000000e+01 1.600000000000000000e+01 0.000000000000000000e+00 1.600000000000000089e+00 9.600000000000000243e-05 4.189999999999999931e-04 -1.000000000000000000e+00 -4.202779999999999849e-01 -9.073949999999999516e-01 -4.209999999999999875e-04 -9.073949999999999516e-01 4.202779999999999849e-01 8.899999999999999491e-05
1.200000000000000000e+01 1.100000000000000000e+01 1.600000000000000000e+01 0.000000000000000000e+00 1.600000000000000089e+00 1.642999999999999929e-03 -1.659999999999999963e-04 -9.999989999999999712e-01 -4.194330000000000003e-01 -9.077859999999999818e-01 -5.379999999999999583e-04 -9.077849999999999531e-01 4.194330000000000003e-01 -1.561000000000000104e-03
1.800000000000000000e+01 1.100000000000000000e+01 1.600000000000000000e+01 0.000000000000000000e+00 1.600000000000000089e+00 2.284000000000000006e-03 5.630000000000000239e-04 -9.999970000000000248e-01 -4.203509999999999747e-01 -9.073600000000000554e-01 -1.471000000000000085e-03 -9.073590000000000266e-01 4.203529999999999767e-01 -1.835999999999999958e-03
2.000000000000000000e+00 1.160000000000000000e+02 1.600000000000000000e+01 0.000000000000000000e+00 1.600000000000000089e+00 -7.489999999999999913e-04 -1.737999999999999962e-03 9.999980000000000535e-01 7.106000000000000094e-01 7.035940000000000527e-01 1.755000000000000050e-03 -7.035959999999999992e-01 7.106000000000000094e-01 7.079999999999999705e-04
6.000000000000000000e+00 1.160000000000000000e+02 1.600000000000000000e+01 0.000000000000000000e+00 1.600000000000000089e+00 -1.910999999999999938e-03 -2.079000000000000119e-03 9.999959999999999960e-01 6.977119999999999989e-01 7.163720000000000088e-01 2.822999999999999989e-03 -7.163749999999999840e-01 6.977149999999999741e-01 8.200000000000000095e-05
1.500000000000000000e+01 1.160000000000000000e+02 1.600000000000000000e+01 0.000000000000000000e+00 1.600000000000000089e+00 9.810000000000001011e-04 1.525000000000000097e-03 9.999980000000000535e-01 7.343460000000000543e-01 6.787729999999999597e-01 -1.755999999999999965e-03 -6.787739999999999885e-01 7.343469999999999720e-01 -4.539999999999999765e-04
2.700000000000000000e+01 1.160000000000000000e+02 1.600000000000000000e+01 0.000000000000000000e+00 1.600000000000000089e+00 -2.410999999999999949e-03 -3.589999999999999875e-03 9.999909999999999632e-01 7.005759999999999765e-01 7.135650000000000048e-01 4.250999999999999571e-03 -7.135740000000000416e-01 7.005789999999999518e-01 7.940000000000000009e-04
4.000000000000000000e+00 2.000000000000000000e+00 1.900000000000000000e+01 0.000000000000000000e+00 1.600000000000000089e+00 -2.403999999999999887e-03 6.877000000000000300e-03 -9.999730000000000008e-01 1.785809999999999897e-01 -9.838989999999999680e-01 -7.195000000000000007e-03 -9.839219999999999633e-01 -1.785930000000000017e-01 1.137999999999999906e-03
8.000000000000000000e+00 2.000000000000000000e+00 1.900000000000000000e+01 0.000000000000000000e+00 1.600000000000000089e+00 -2.912000000000000092e-03 4.360000000000000160e-03 -9.999860000000000415e-01 1.735530000000000128e-01 -9.848130000000000495e-01 -4.799000000000000314e-03 -9.848200000000000287e-01 -1.735649999999999971e-01 2.111000000000000029e-03
1.400000000000000000e+01 2.000000000000000000e+00 1.900000000000000000e+01 0.000000000000000000e+00 1.600000000000000089e+00 -1.959999999999999937e-03 9.190000000000000252e-03 -9.999559999999999560e-01 1.750960000000000016e-01 -9.845070000000000210e-01 -9.391000000000000042e-03 -9.845490000000000075e-01 -1.751070000000000126e-01 3.200000000000000262e-04
1.900000000000000000e+01 2.000000000000000000e+00 1.900000000000000000e+01 0.000000000000000000e+00 1.600000000000000089e+00 -8.633999999999999314e-03 2.396600000000000119e-02 -9.996760000000000090e-01 1.850580000000000003e-01 -9.824060000000000015e-01 -2.514999999999999875e-02 -9.826899999999999524e-01 -1.852149999999999908e-01 4.047000000000000250e-03
2.900000000000000000e+01 2.000000000000000000e+00 1.900000000000000000e+01 0.000000000000000000e+00 1.600000000000000089e+00 -1.109300000000000043e-02 1.064700000000000021e-02 -9.998820000000000485e-01 2.090750000000000108e-01 -9.778170000000000472e-01 -1.273200000000000026e-02 -9.778369999999999562e-01 -2.091909999999999881e-01 8.621000000000000191e-03
3.000000000000000000e+00 4.000000000000000000e+00 2.000000000000000000e+01 0.000000000000000000e+00 1.600000000000000089e+00 -2.072000000000000057e-03 3.863999999999999813e-03 -9.999900000000000455e-01 2.701709999999999945e-01 -9.628029999999999644e-01 -4.279999999999999950e-03 -9.628100000000000547e-01 -2.701770000000000005e-01 9.510000000000000224e-04
7.000000000000000000e+00 4.000000000000000000e+00 2.000000000000000000e+01 0.000000000000000000e+00 1.600000000000000089e+00 -2.965000000000000187e-03 4.799999999999999580e-03 -9.999839999999999840e-01 2.613889999999999825e-01 -9.652180000000000204e-01 -5.408999999999999746e-03 -9.652290000000000036e-01 -2.614009999999999945e-01 1.606999999999999922e-03
1.100000000000000000e+01 4.000000000000000000e+00 2.000000000000000000e+01 0.000000000000000000e+00 1.600000000000000089e+00 5.349999999999999938e-04 1.669999999999999935e-04 -1.000000000000000000e+00 2.533929999999999794e-01 -9.673629999999999729e-01 -2.599999999999999840e-05 -9.673629999999999729e-01 -2.533929999999999794e-01 -5.599999999999999509e-04
4.000000000000000000e+00 1.300000000000000000e+01 2.000000000000000000e+01 0.000000000000000000e+00 1.600000000000000089e+00 -2.030000000000000012e-04 -2.824000000000000121e-03 9.999959999999999960e-01 2.517639999999999878e-01 9.677850000000000064e-01 2.784000000000000016e-03 -9.677890000000000104e-01 2.517630000000000146e-01 5.140000000000000254e-04
8.000000000000000000e+00 1.300000000000000000e+01 2.000000000000000000e+01 0.000000000000000000e+00 1.600000000000000089e+00 -2.069999999999999900e-04 -1.868000000000000086e-03 9.999980000000000535e-01 2.531120000000000037e-01 9.674350000000000449e-01 1.860000000000000108e-03 -9.674369999999999914e-01 2.531120000000000037e-01 2.719999999999999979e-04
1.200000000000000000e+01 1.300000000000000000e+01 2.000000000000000000e+01 0.000000000000000000e+00 1.600000000000000089e+00 -2.840000000000000185e-04 -3.118999999999999811e-03 9.999949999999999672e-01 2.536849999999999938e-01 9.672819999999999752e-01 3.089000000000000166e-03 -9.672870000000000079e-01 2.536840000000000206e-01 5.159999999999999656e-04
1.800000000000000000e+01 1.300000000000000000e+01 2.000000000000000000e+01 0.000000000000000000e+00 1.600000000000000089e+00 -6.200000000000000270e-05 -6.093999999999999591e-03 9.999810000000000088e-01 2.506419999999999759e-01 9.680619999999999781e-01 5.915000000000000119e-03 -9.680800000000000516e-01 2.506380000000000274e-01 1.466999999999999988e-03
2.400000000000000000e+01 1.300000000000000000e+01 2.000000000000000000e+01 0.000000000000000000e+00 1.600000000000000089e+00 -7.860000000000000233e-04 -5.218000000000000416e-03 9.999860000000000415e-01 2.478879999999999972e-01 9.687740000000000240e-01 5.250000000000000326e-03 -9.687879999999999825e-01 2.478889999999999982e-01 5.320000000000000293e-04
9.000000000000000000e+00 1.600000000000000000e+01 2.100000000000000000e+01 0.000000000000000000e+00 1.600000000000000089e+00 4.229999999999999819e-04 6.599999999999999964e-04 1.000000000000000000e+00 3.003520000000000079e-01 9.538280000000000092e-01 -7.560000000000000530e-04 -9.538280000000000092e-01 3.003529999999999811e-01 2.049999999999999956e-04
1.500000000000000000e+01 1.600000000000000000e+01 2.100000000000000000e+01 0.000000000000000000e+00 1.600000000000000089e+00 -4.800000000000000122e-04 -4.015999999999999605e-03 9.999919999999999920e-01 2.993739999999999735e-01 9.541269999999999474e-01 3.976000000000000367e-03 -9.541359999999999841e-01 2.993739999999999735e-01 7.450000000000000025e-04
1.800000000000000000e+01 1.600000000000000000e+01 2.100000000000000000e+01 0.000000000000000000e+00 1.600000000000000089e+00 -6.139999999999999625e-04 -9.192000000000000517e-03 9.999580000000000135e-01 2.994390000000000107e-01 9.540739999999999776e-01 8.954000000000000153e-03 -9.541150000000000464e-01 2.994310000000000027e-01 2.167000000000000089e-03
2.300000000000000000e+01 1.600000000000000000e+01 2.100000000000000000e+01 0.000000000000000000e+00 1.600000000000000089e+00 -1.307000000000000002e-03 -6.428999999999999819e-03 9.999780000000000335e-01 2.989959999999999840e-01 9.542319999999999691e-01 6.525999999999999683e-03 -9.542530000000000179e-01 2.989979999999999860e-01 6.750000000000000357e-04
2.100000000000000000e+01 5.000000000000000000e+01 2.200000000000000000e+01 0.000000000000000000e+00 1.600000000000000089e+00 -4.000000000000000192e-04 -3.203000000000000118e-03 -9.999949999999999672e-01 -5.800149999999999473e-01 8.146020000000000483e-01 -2.377000000000000206e-03 8.146060000000000523e-01 5.800110000000000543e-01 -2.183000000000000045e-03
3.000000000000000000e+00 3.000000000000000000e+00 2.500000000000000000e+01 0.000000000000000000e+00 1.600000000000000089e+00 1.824000000000000100e-03 1.079500000000000078e-02 9.999400000000000510e-01 -2.113299999999999901e-02 -9.997179999999999955e-01 1.083100000000000035e-02 9.997749999999999693e-01 -2.115099999999999966e-02 -1.595000000000000064e-03
2.000000000000000000e+00 4.600000000000000000e+01 2.700000000000000000e+01 0.000000000000000000e+00 1.600000000000000089e+00 3.807000000000000054e-03 1.338999999999999913e-03 -9.999919999999999920e-01 6.607499999999999485e-01 7.505979999999999874e-01 3.520999999999999824e-03 7.505969999999999587e-01 -6.607579999999999565e-01 1.972999999999999927e-03
1.000000000000000000e+01 4.600000000000000000e+01 2.700000000000000000e+01 0.000000000000000000e+00 1.600000000000000089e+00 -1.413999999999999892e-03 -2.709999999999999735e-04 -9.999989999999999712e-01 6.632890000000000175e-01 7.483619999999999717e-01 -1.141000000000000087e-03 7.483619999999999717e-01 -6.632900000000000462e-01 -8.779999999999999827e-04
1.600000000000000000e+01 4.600000000000000000e+01 2.700000000000000000e+01 0.000000000000000000e+00 1.600000000000000089e+00 1.464000000000000024e-03 -2.579999999999999828e-04 -9.999989999999999712e-01 6.589159999999999462e-01 7.522159999999999958e-01 7.709999999999999840e-04 7.522149999999999670e-01 -6.589159999999999462e-01 1.270999999999999994e-03
2.000000000000000000e+01 4.600000000000000000e+01 2.700000000000000000e+01 0.000000000000000000e+00 1.600000000000000089e+00 -1.132999999999999893e-03 -1.041999999999999958e-03 -9.999989999999999712e-01 6.617199999999999749e-01 7.497500000000000275e-01 -1.531000000000000026e-03 7.497500000000000275e-01 -6.617210000000000036e-01 -1.589999999999999888e-04
2.700000000000000000e+01 4.600000000000000000e+01 2.700000000000000000e+01 0.000000000000000000e+00 1.600000000000000089e+00 -1.601999999999999908e-03 -1.559999999999999972e-04 -9.999989999999999712e-01 6.571019999999999639e-01 7.538010000000000543e-01 -1.170000000000000033e-03 7.538000000000000256e-01 -6.571029999999999927e-01 -1.105000000000000079e-03
3.000000000000000000e+00 5.800000000000000000e+01 3.100000000000000000e+01 0.000000000000000000e+00 1.600000000000000089e+00 7.387000000000000337e-03 1.136999999999999990e-03 9.999719999999999720e-01 -7.812470000000000248e-01 -6.241889999999999938e-01 6.480999999999999782e-03 6.241790000000000393e-01 -7.812729999999999952e-01 -3.723000000000000181e-03
1.100000000000000000e+01 5.800000000000000000e+01 3.100000000000000000e+01 0.000000000000000000e+00 1.600000000000000089e+00 1.554999999999999959e-03 3.354000000000000210e-03 9.999930000000000208e-01 -7.760629999999999473e-01 -6.306469999999999576e-01 3.321999999999999866e-03 6.306540000000000479e-01 -7.760629999999999473e-01 1.621999999999999961e-03
1.600000000000000000e+01 5.800000000000000000e+01 3.100000000000000000e+01 0.000000000000000000e+00 1.600000000000000089e+00 2.769000000000000194e-03 5.091000000000000039e-03 9.999829999999999552e-01 -7.699850000000000305e-01 -6.380400000000000515e-01 5.380000000000000233e-03 6.380559999999999565e-01 -7.699869999999999770e-01 2.152999999999999966e-03
2.100000000000000000e+01 5.800000000000000000e+01 3.100000000000000000e+01 0.000000000000000000e+00 1.600000000000000089e+00 1.485999999999999908e-03 2.285999999999999838e-03 9.999959999999999960e-01 -7.672900000000000276e-01 -6.412949999999999484e-01 2.605999999999999810e-03 6.412980000000000347e-01 -7.672909999999999453e-01 8.009999999999999542e-04
2.400000000000000000e+01 5.800000000000000000e+01 3.100000000000000000e+01 0.000000000000000000e+00 1.600000000000000089e+00 6.049999999999999606e-04 3.089999999999999756e-04 1.000000000000000000e+00 -7.641289999999999472e-01 -6.450639999999999707e-01 6.610000000000000207e-04 6.450639999999999707e-01 -7.641289999999999472e-01 -1.540000000000000028e-04
3.000000000000000000e+00 6.000000000000000000e+00 3.200000000000000000e+01 0.000000000000000000e+00 1.600000000000000089e+00 -6.499999999999999702e-04 -1.153000000000000032e-02 -9.999329999999999607e-01 1.533650000000000013e-01 9.881029999999999536e-01 -1.149299999999999974e-02 9.881689999999999641e-01 -1.533619999999999983e-01 1.126000000000000048e-03
4.000000000000000000e+00 4.600000000000000000e+01 3.500000000000000000e+01 0.000000000000000000e+00 1.600000000000000089e+00 -1.410999999999999928e-03 -1.002999999999999985e-03 -9.999989999999999712e-01 3.857820000000000138e-01 -9.225900000000000212e-01 3.809999999999999910e-04 -9.225889999999999924e-01 -3.857809999999999850e-01 1.688000000000000047e-03
8.000000000000000000e+00 4.600000000000000000e+01 3.500000000000000000e+01 0.000000000000000000e+00 1.600000000000000089e+00 -1.538000000000000088e-03 3.240000000000000150e-04 -9.999989999999999712e-01 3.858550000000000035e-01 -9.225590000000000179e-01 -8.919999999999999978e-04 -9.225579999999999892e-01 -3.858559999999999768e-01 1.294000000000000011e-03
1.400000000000000000e+01 4.600000000000000000e+01 3.500000000000000000e+01 0.000000000000000000e+00 1.600000000000000089e+00 4.640000000000000027e-04 -3.896000000000000157e-03 -9.999919999999999920e-01 3.865669999999999940e-01 -9.222540000000000182e-01 3.772999999999999878e-03 -9.222609999999999975e-01 -3.865660000000000207e-01 1.077999999999999965e-03
1.800000000000000000e+01 4.600000000000000000e+01 3.500000000000000000e+01 0.000000000000000000e+00 1.600000000000000089e+00 2.950000000000000148e-04 5.860000000000000408e-04 -1.000000000000000000e+00 3.865999999999999992e-01 -9.222470000000000390e-01 -4.270000000000000249e-04 -9.222470000000000390e-01 -3.865999999999999992e-01 -4.989999999999999861e-04
2.700000000000000000e+01 4.600000000000000000e+01 3.500000000000000000e+01 0.000000000000000000e+00 1.600000000000000089e+00 8.769999999999999584e-04 -8.159999999999999936e-04 -9.999989999999999712e-01 3.850299999999999834e-01 -9.229039999999999466e-01 1.090999999999999956e-03 -9.229039999999999466e-01 -3.850299999999999834e-01 -4.960000000000000216e-04
2.000000000000000000e+00 9.500000000000000000e+01 3.600000000000000000e+01 0.000000000000000000e+00 1.600000000000000089e+00 7.489999999999999913e-04 1.780800000000000091e-02 9.998409999999999798e-01 9.967089999999999561e-01 8.103499999999999592e-02 -2.190000000000000106e-03 -8.106099999999999417e-02 9.965519999999999934e-01 -1.768899999999999986e-02
8.000000000000000000e+00 9.500000000000000000e+01 3.600000000000000000e+01 0.000000000000000000e+00 1.600000000000000089e+00 3.980000000000000031e-03 -5.338999999999999996e-03 9.999780000000000335e-01 9.970630000000000326e-01 7.650800000000000656e-02 -3.559999999999999797e-03 -7.648699999999999943e-02 9.970550000000000246e-01 5.628000000000000190e-03
1.700000000000000000e+01 9.500000000000000000e+01 3.600000000000000000e+01 0.000000000000000000e+00 1.600000000000000089e+00 -4.119999999999999856e-04 9.074000000000000468e-03 9.999590000000000423e-01 9.966009999999999591e-01 8.238199999999999690e-02 -3.370000000000000057e-04 -8.238199999999999690e-02 9.965600000000000014e-01 -9.076999999999999999e-03
2.000000000000000000e+01 9.500000000000000000e+01 3.600000000000000000e+01 0.000000000000000000e+00 1.600000000000000089e+00 -9.079999999999999530e-04 1.562699999999999853e-02 9.998770000000000158e-01 9.970379999999999798e-01 7.691599999999999826e-02 -2.970000000000000092e-04 -7.691099999999999326e-02 9.969149999999999956e-01 -1.565100000000000172e-02
8.000000000000000000e+00 3.000000000000000000e+00 4.300000000000000000e+01 0.000000000000000000e+00 1.600000000000000089e+00 9.100000000000000287e-05 1.413099999999999946e-02 -9.999000000000000110e-01 7.397019999999999706e-01 -6.728690000000000504e-01 -9.442000000000000740e-03 -6.729349999999999499e-01 -7.396270000000000344e-01 -1.051400000000000078e-02
2.500000000000000000e+01 3.000000000000000000e+00 4.300000000000000000e+01 0.000000000000000000e+00 1.600000000000000089e+00 -6.930000000000000396e-04 6.219999999999999835e-03 -9.999799999999999800e-01 7.387139999999999818e-01 -6.740019999999999900e-01 -4.703999999999999848e-03 -6.740190000000000348e-01 -7.387029999999999985e-01 -4.127999999999999725e-03
5.000000000000000000e+00 8.000000000000000000e+00 4.400000000000000000e+01 0.000000000000000000e+00 1.600000000000000089e+00 3.923000000000000272e-03 1.444900000000000004e-02 9.998879999999999990e-01 -7.740890000000000271e-01 -6.329599999999999671e-01 1.218400000000000039e-02 6.330649999999999888e-01 -7.740500000000000158e-01 8.701000000000000401e-03
1.200000000000000000e+01 8.000000000000000000e+00 4.400000000000000000e+01 0.000000000000000000e+00 1.600000000000000089e+00 3.510000000000000208e-04 5.654000000000000171e-03 9.999839999999999840e-01 -7.793379999999999752e-01 -6.265920000000000378e-01 3.815999999999999948e-03 6.266040000000000498e-01 -7.793269999999999920e-01 4.185999999999999617e-03
1.900000000000000000e+01 8.000000000000000000e+00 4.400000000000000000e+01 0.000000000000000000e+00 1.600000000000000089e+00 3.499999999999999693e-05 -1.611000000000000019e-03 9.999989999999999712e-01 -7.819920000000000204e-01 -6.232879999999999532e-01 -9.759999999999999796e-04 6.232889999999999819e-01 -7.819909999999999917e-01 -1.281999999999999936e-03
2.300000000000000000e+01 8.000000000000000000e+00 4.400000000000000000e+01 0.000000000000000000e+00 1.600000000000000089e+00 1.003999999999999901e-03 2.272999999999999847e-03 9.999970000000000248e-01 -7.821270000000000167e-01 -6.231149999999999745e-01 2.201999999999999964e-03 6.231179999999999497e-01 -7.821270000000000167e-01 1.152999999999999945e-03
2.700000000000000000e+01 8.000000000000000000e+00 4.400000000000000000e+01 0.000000000000000000e+00 1.600000000000000089e+00 2.882000000000000013e-03 3.112000000000000183e-03 9.999909999999999632e-01 -7.824560000000000404e-01 -6.226909999999999945e-01 4.192999999999999679e-03 6.226990000000000025e-01 -7.824609999999999621e-01 6.409999999999999682e-04
2.900000000000000000e+01 8.000000000000000000e+00 4.400000000000000000e+01 0.000000000000000000e+00 1.600000000000000089e+00 3.078000000000000007e-03 2.377000000000000206e-03 9.999919999999999920e-01 -7.818929999999999492e-01 -6.234009999999999829e-01 3.887999999999999963e-03 6.234060000000000157e-01 -7.818990000000000107e-01 -6.000000000000000152e-05
4.000000000000000000e+00 2.900000000000000000e+01 4.400000000000000000e+01 0.000000000000000000e+00 1.600000000000000089e+00 -2.333000000000000004e-03 4.184000000000000219e-03 -9.999879999999999880e-01 6.746220000000000550e-01 7.381619999999999848e-01 1.515000000000000071e-03 7.381600000000000383e-01 -6.746100000000000430e-01 -4.545000000000000429e-03
1.200000000000000000e+01 2.900000000000000000e+01 4.400000000000000000e+01 0.000000000000000000e+00 1.600000000000000089e+00 -4.099999999999999912e-04 2.517999999999999839e-03 -9.999970000000000248e-01 6.742369999999999752e-01 7.385140000000000038e-01 1.582999999999999989e-03 7.385150000000000325e-01 -6.742340000000000000e-01 -2.001000000000000174e-03
1.700000000000000000e+01 2.900000000000000000e+01 4.400000000000000000e+01 0.000000000000000000e+00 1.600000000000000089e+00 -7.370000000000000249e-04 2.075000000000000022e-03 -9.999980000000000535e-01 6.703729999999999967e-01 7.420240000000000169e-01 1.046000000000000055e-03 7.420240000000000169e-01 -6.703700000000000214e-01 -1.938000000000000052e-03
2.200000000000000000e+01 2.900000000000000000e+01 4.400000000000000000e+01 0.000000000000000000e+00 1.600000000000000089e+00 -3.390000000000000001e-04 -5.419999999999999471e-04 -1.000000000000000000e+00 6.729779999999999651e-01 7.396620000000000417e-01 -6.290000000000000018e-04 7.396620000000000417e-01 -6.729779999999999651e-01 1.140000000000000063e-04
1.700000000000000000e+01 5.400000000000000000e+01 4.600000000000000000e+01 0.000000000000000000e+00 1.600000000000000089e+00 -1.650999999999999907e-03 7.709999999999999840e-04 9.999980000000000535e-01 3.291040000000000076e-01 -9.442930000000000490e-01 1.270999999999999994e-03 9.442920000000000202e-01 3.291060000000000096e-01 1.304999999999999953e-03
3.000000000000000000e+00 6.500000000000000000e+01 4.600000000000000000e+01 0.000000000000000000e+00 1.600000000000000089e+00 1.564999999999999985e-03 -7.389999999999999651e-04 9.999980000000000535e-01 6.802650000000000086e-01 -7.329639999999999489e-01 -1.606999999999999922e-03 7.329639999999999489e-01 6.802669999999999551e-01 -6.449999999999999570e-04
3.000000000000000000e+00 6.000000000000000000e+00 5.100000000000000000e+01 0.000000000000000000e+00 1.600000000000000089e+00 4.663999999999999743e-03 8.344000000000000722e-03 -9.999540000000000095e-01 3.250299999999999856e-01 -9.456820000000000226e-01 -6.374999999999999591e-03 -9.456919999999999771e-01 -3.249859999999999971e-01 -7.122999999999999991e-03
7.000000000000000000e+00 6.000000000000000000e+00 5.100000000000000000e+01 0.000000000000000000e+00 1.600000000000000089e+00 5.050999999999999934e-03 8.094999999999999765e-03 -9.999540000000000095e-01 3.236850000000000005e-01 -9.461460000000000425e-01 -6.024999999999999974e-03 -9.461519999999999930e-01 -3.236390000000000100e-01 -7.399000000000000195e-03
2.100000000000000000e+01 6.000000000000000000e+00 5.100000000000000000e+01 0.000000000000000000e+00 1.600000000000000089e+00 -3.119999999999999944e-04 -4.000000000000000192e-04 -1.000000000000000000e+00 3.301709999999999923e-01 -9.439210000000000100e-01 2.739999999999999923e-04 -9.439210000000000100e-01 -3.301709999999999923e-01 4.270000000000000249e-04
3.000000000000000000e+00 7.000000000000000000e+00 5.200000000000000000e+01 0.000000000000000000e+00 1.600000000000000089e+00 6.288000000000000186e-03 6.212999999999999773e-03 -9.999609999999999888e-01 1.176640000000000047e-01 -9.930390000000000050e-01 -5.429999999999999931e-03 -9.930339999999999723e-01 -1.176249999999999934e-01 -6.975000000000000297e-03
6.000000000000000000e+00 6.300000000000000000e+01 5.400000000000000000e+01 0.000000000000000000e+00 1.600000000000000089e+00 0.000000000000000000e+00 8.419999999999999750e-04 1.000000000000000000e+00 -3.533290000000000042e-01 9.354989999999999695e-01 -7.870000000000000476e-04 -9.354989999999999695e-01 -3.533279999999999754e-01 2.979999999999999793e-04
1.000000000000000000e+01 6.300000000000000000e+01 5.400000000000000000e+01 0.000000000000000000e+00 1.600000000000000089e+00 -2.420000000000000005e-04 1.046999999999999971e-03 9.999989999999999712e-01 -3.482660000000000200e-01 9.373949999999999783e-01 -1.064999999999999974e-03 -9.373960000000000070e-01 -3.482660000000000200e-01 1.379999999999999933e-04
1.500000000000000000e+01 6.300000000000000000e+01 5.400000000000000000e+01 0.000000000000000000e+00 1.600000000000000089e+00 -1.119999999999999983e-04 1.355000000000000085e-03 9.999989999999999712e-01 -3.531770000000000187e-01 9.355550000000000255e-01 -1.307000000000000002e-03 -9.355560000000000542e-01 -3.531770000000000187e-01 3.739999999999999835e-04
2.100000000000000000e+01 6.300000000000000000e+01 5.400000000000000000e+01 0.000000000000000000e+00 1.600000000000000089e+00 4.859999999999999954e-04 -4.279999999999999950e-04 1.000000000000000000e+00 -3.491630000000000011e-01 9.370619999999999505e-01 5.699999999999999772e-04 -9.370619999999999505e-01 -3.491630000000000011e-01 3.060000000000000111e-04
2.300000000000000000e+01 6.300000000000000000e+01 5.400000000000000000e+01 0.000000000000000000e+00 1.600000000000000089e+00 1.191999999999999917e-03 -1.489999999999999897e-04 9.999989999999999712e-01 -3.468180000000000152e-01 9.379319999999999879e-01 5.529999999999999976e-04 -9.379319999999999879e-01 -3.468189999999999884e-01 1.066000000000000107e-03
2.700000000000000000e+01 6.300000000000000000e+01 5.400000000000000000e+01 0.000000000000000000e+00 1.600000000000000089e+00 3.849999999999999798e-04 -1.789999999999999870e-04 1.000000000000000000e+00 -3.492000000000000104e-01 9.370479999999999920e-01 3.020000000000000223e-04 -9.370479999999999920e-01 -3.492000000000000104e-01 2.979999999999999793e-04
7.000000000000000000e+00 2.500000000000000000e+01 5.500000000000000000e+01 0.000000000000000000e+00 1.600000000000000089e+00 -6.859999999999999779e-04 4.749999999999999990e-04 -1.000000000000000000e+00 -1.135199999999999924e-02 -9.999350000000000183e-01 -4.670000000000000214e-04 -9.999350000000000183e-01 1.135199999999999924e-02 6.920000000000000153e-04
1.100000000000000000e+01 2.500000000000000000e+01 5.500000000000000000e+01 0.000000000000000000e+00 1.600000000000000089e+00 2.919999999999999961e-04 5.578999999999999758e-03 -9.999839999999999840e-01 -1.194800000000000029e-02 -9.999130000000000518e-01 -5.582000000000000156e-03 -9.999289999999999567e-01 1.194899999999999955e-02 -2.259999999999999910e-04
2.200000000000000000e+01 2.500000000000000000e+01 5.500000000000000000e+01 0.000000000000000000e+00 1.600000000000000089e+00 1.382999999999999898e-03 -4.279999999999999950e-03 -9.999900000000000455e-01 -1.124299999999999952e-02 -9.999280000000000390e-01 4.264999999999999694e-03 -9.999360000000000470e-01 1.123700000000000046e-02 -1.430999999999999980e-03
