3.000000000000000000e+00 2.500000000000000000e+01 1.000000000000000000e+00 0.000000000000000000e+00 1.600000000000000089e+00 -5.286899999999999933e-02 -1.425700000000000058e-02 -9.985000000000000542e-01 -5.343769999999999909e-01 -8.442830000000000057e-01 4.034900000000000292e-02 -8.435909999999999798e-01 5.357079999999999620e-01 3.701800000000000229e-02
1.500000000000000000e+01 2.500000000000000000e+01 1.000000000000000000e+00 0.000000000000000000e+00 1.600000000000000089e+00 2.314000000000000085e-03 7.910000000000000364e-04 -9.999970000000000248e-01 -5.367520000000000069e-01 -8.437379999999999880e-01 -1.910000000000000022e-03 -8.437369999999999592e-01 5.367549999999999821e-01 -1.526999999999999929e-03
2.200000000000000000e+01 2.500000000000000000e+01 1.000000000000000000e+00 0.000000000000000000e+00 1.600000000000000089e+00 -1.280000000000000105e-03 -1.554999999999999959e-03 -9.999980000000000535e-01 -5.350470000000000503e-01 -8.448200000000000154e-01 1.998000000000000210e-03 -8.448219999999999619e-01 5.350479999999999681e-01 2.500000000000000052e-04
2.800000000000000000e+01 2.500000000000000000e+01 1.000000000000000000e+00 0.000000000000000000e+00 1.600000000000000089e+00 -1.366999999999999943e-03 1.975000000000000193e-03 -9.999970000000000248e-01 -5.298100000000000032e-01 -8.481159999999999810e-01 -9.510000000000000224e-04 -8.481149999999999523e-01 5.298070000000000279e-01 2.206000000000000062e-03
9.000000000000000000e+00 1.500000000000000000e+01 4.000000000000000000e+00 0.000000000000000000e+00 1.600000000000000089e+00 2.469999999999999865e-04 6.930000000000000396e-03 9.999759999999999760e-01 3.243969999999999909e-01 -9.458990000000000453e-01 6.474999999999999853e-03 9.459210000000000118e-01 3.243880000000000097e-01 -2.481999999999999831e-03
1.400000000000000000e+01 1.500000000000000000e+01 4.000000000000000000e+00 0.000000000000000000e+00 1.600000000000000089e+00 -2.621000000000000066e-03 -2.603999999999999978e-03 9.999930000000000208e-01 3.226879999999999749e-01 -9.465040000000000120e-01 -1.618999999999999996e-03 9.465019999999999545e-01 3.226820000000000244e-01 3.321000000000000167e-03
2.000000000000000000e+01 1.500000000000000000e+01 4.000000000000000000e+00 0.000000000000000000e+00 1.600000000000000089e+00 2.442000000000000160e-03 7.015999999999999667e-03 9.999719999999999720e-01 3.214469999999999827e-01 -9.469100000000000295e-01 5.858999999999999625e-03 9.469250000000000167e-01 3.214230000000000143e-01 -4.568000000000000012e-03
2.800000000000000000e+01 1.500000000000000000e+01 4.000000000000000000e+00 0.000000000000000000e+00 1.600000000000000089e+00 -3.640000000000000006e-03 -6.650999999999999794e-03 9.999710000000000543e-01 3.230319999999999858e-01 -9.463740000000000485e-01 -5.119000000000000286e-03 9.463810000000000278e-01 3.230040000000000133e-01 5.594000000000000014e-03
1.300000000000000000e+01 1.600000000000000000e+01 4.000000000000000000e+00 0.000000000000000000e+00 1.600000000000000089e+00 -2.598000000000000049e-03 -2.967000000000000019e-03 9.999919999999999920e-01 3.960679999999999756e-01 -9.182200000000000362e-01 -1.696000000000000025e-03 9.182179999999999787e-01 3.960600000000000231e-01 3.560999999999999929e-03
1.900000000000000000e+01 1.600000000000000000e+01 4.000000000000000000e+00 0.000000000000000000e+00 1.600000000000000089e+00 1.307999999999999918e-03 5.734000000000000381e-03 9.999829999999999552e-01 3.936459999999999959e-01 -9.192500000000000115e-01 4.755999999999999811e-03 9.192609999999999948e-01 3.936330000000000107e-01 -3.459999999999999968e-03
2.000000000000000000e+00 1.010000000000000000e+02 7.000000000000000000e+00 0.000000000000000000e+00 1.600000000000000089e+00 -1.079999999999999960e-04 5.333700000000000246e-02 9.985770000000000479e-01 8.862719999999999487e-01 4.625110000000000054e-01 -2.460800000000000140e-02 -4.631649999999999934e-01 8.850080000000000169e-01 -4.732100000000000195e-02
7.000000000000000000e+00 1.010000000000000000e+02 7.000000000000000000e+00 0.000000000000000000e+00 1.600000000000000089e+00 3.641999999999999838e-03 6.297999999999999779e-03 9.999740000000000295e-01 8.852229999999999821e-01 4.651259999999999839e-01 -6.152999999999999615e-03 -4.651520000000000099e-01 8.852219999999999533e-01 -3.880999999999999901e-03
1.300000000000000000e+01 1.010000000000000000e+02 7.000000000000000000e+00 0.000000000000000000e+00 1.600000000000000089e+00 2.138999999999999842e-03 8.899999999999999491e-04 9.999970000000000248e-01 8.861860000000000293e-01 4.633240000000000136e-01 -2.308000000000000156e-03 -4.633240000000000136e-01 8.861890000000000045e-01 2.020000000000000040e-04
1.800000000000000000e+01 1.010000000000000000e+02 7.000000000000000000e+00 0.000000000000000000e+00 1.600000000000000089e+00 2.540999999999999856e-03 -1.531300000000000022e-02 9.998799999999999910e-01 8.866380000000000372e-01 4.624400000000000177e-01 4.828999999999999959e-03 -4.624579999999999802e-01 8.865189999999999459e-01 1.475199999999999949e-02
2.400000000000000000e+01 1.010000000000000000e+02 7.000000000000000000e+00 0.000000000000000000e+00 1.600000000000000089e+00 -5.699999999999999772e-04 -1.470600000000000032e-02 9.998920000000000030e-01 8.894180000000000419e-01 4.570389999999999731e-01 7.229000000000000183e-03 -4.570949999999999736e-01 8.893250000000000322e-01 1.281900000000000053e-02
2.800000000000000000e+01 1.010000000000000000e+02 7.000000000000000000e+00 0.000000000000000000e+00 1.600000000000000089e+00 2.730999999999999921e-03 -1.384799999999999920e-02 9.999000000000000110e-01 8.886699999999999600e-01 4.585310000000000219e-01 3.923000000000000272e-03 -4.585400000000000031e-01 8.885699999999999710e-01 1.355800000000000061e-02
3.000000000000000000e+00 2.500000000000000000e+01 8.000000000000000000e+00 0.000000000000000000e+00 1.600000000000000089e+00 5.251600000000000018e-02 1.774930000000000119e-01 -9.827200000000000379e-01 4.519310000000000271e-01 8.733140000000000347e-01 1.818839999999999901e-01 8.905060000000000198e-01 -4.536729999999999929e-01 -3.435200000000000059e-02
8.000000000000000000e+00 2.500000000000000000e+01 8.000000000000000000e+00 0.000000000000000000e+00 1.600000000000000089e+00 1.936000000000000004e-03 4.556000000000000154e-03 -9.999879999999999880e-01 4.482630000000000225e-01 8.938880000000000159e-01 4.939999999999999947e-03 8.939000000000000279e-01 -4.482670000000000265e-01 -3.119999999999999944e-04
1.200000000000000000e+01 2.500000000000000000e+01 8.000000000000000000e+00 0.000000000000000000e+00 1.600000000000000089e+00 -1.203999999999999992e-03 -5.121999999999999817e-03 -9.999860000000000415e-01 4.485339999999999883e-01 8.937509999999999621e-01 -5.118000000000000153e-03 8.937650000000000317e-01 -4.485339999999999883e-01 1.221000000000000080e-03
2.000000000000000000e+01 2.500000000000000000e+01 8.000000000000000000e+00 0.000000000000000000e+00 1.600000000000000089e+00 2.669999999999999847e-04 1.342000000000000094e-03 -9.999989999999999712e-01 4.499489999999999879e-01 8.930529999999999857e-01 1.319000000000000077e-03 8.930540000000000145e-01 -4.499489999999999879e-01 -3.649999999999999816e-04
2.500000000000000000e+01 2.500000000000000000e+01 8.000000000000000000e+00 0.000000000000000000e+00 1.600000000000000089e+00 2.822999999999999989e-03 8.429999999999999993e-04 -9.999959999999999960e-01 4.498559999999999781e-01 8.930989999999999762e-01 2.023000000000000059e-03 8.930960000000000010e-01 -4.498599999999999821e-01 2.141999999999999807e-03
3.000000000000000000e+00 2.400000000000000000e+01 9.000000000000000000e+00 0.000000000000000000e+00 1.600000000000000089e+00 4.791600000000000026e-02 1.874510000000000065e-01 -9.811050000000000049e-01 4.568369999999999931e-01 8.693670000000000009e-01 1.884139999999999981e-01 8.882590000000000208e-01 -4.572330000000000005e-01 -4.397800000000000320e-02
1.200000000000000000e+01 2.400000000000000000e+01 9.000000000000000000e+00 0.000000000000000000e+00 1.600000000000000089e+00 -1.164000000000000104e-03 -5.858000000000000360e-03 -9.999820000000000375e-01 4.544839999999999991e-01 8.907359999999999722e-01 -5.747000000000000372e-03 8.907540000000000457e-01 -4.544819999999999971e-01 1.626000000000000058e-03
2.000000000000000000e+01 2.400000000000000000e+01 9.000000000000000000e+00 0.000000000000000000e+00 1.600000000000000089e+00 3.029999999999999924e-04 4.600000000000000139e-04 -1.000000000000000000e+00 4.548280000000000101e-01 8.905790000000000095e-01 5.469999999999999602e-04 8.905790000000000095e-01 -4.548280000000000101e-01 6.099999999999999872e-05
2.300000000000000000e+01 2.400000000000000000e+01 9.000000000000000000e+00 0.000000000000000000e+00 1.600000000000000089e+00 1.196999999999999930e-03 1.882999999999999908e-03 -9.999970000000000248e-01 4.554300000000000015e-01 8.902689999999999770e-01 2.222000000000000017e-03 8.902710000000000345e-01 -4.554320000000000035e-01 2.079999999999999872e-04
2.600000000000000000e+01 2.400000000000000000e+01 9.000000000000000000e+00 0.000000000000000000e+00 1.600000000000000089e+00 2.785000000000000149e-03 -4.429999999999999802e-04 -9.999959999999999960e-01 4.550279999999999880e-01 8.904769999999999630e-01 8.720000000000000537e-04 8.904729999999999590e-01 -4.550290000000000168e-01 2.680999999999999790e-03
7.000000000000000000e+00 1.020000000000000000e+02 9.000000000000000000e+00 0.000000000000000000e+00 1.600000000000000089e+00 3.134000000000000067e-03 4.974000000000000123e-03 9.999829999999999552e-01 9.229690000000000394e-01 3.848449999999999926e-01 -4.806999999999999641e-03 -3.848619999999999819e-01 9.229680000000000106e-01 -3.384999999999999988e-03
8.000000000000000000e+00 3.100000000000000000e+01 1.200000000000000000e+01 0.000000000000000000e+00 1.600000000000000089e+00 -9.510000000000000224e-04 8.549999999999999658e-04 9.999989999999999712e-01 -7.501999999999999988e-03 9.999719999999999720e-01 -8.620000000000000275e-04 -9.999710000000000543e-01 -7.503000000000000121e-03 -9.439999999999999607e-04
1.700000000000000000e+01 3.100000000000000000e+01 1.200000000000000000e+01 0.000000000000000000e+00 1.600000000000000089e+00 4.319999999999999838e-04 -1.010000000000000047e-03 9.999989999999999712e-01 -1.037599999999999981e-02 9.999460000000000015e-01 1.013999999999999927e-03 -9.999460000000000015e-01 -1.037599999999999981e-02 4.220000000000000118e-04
5.000000000000000000e+00 3.500000000000000000e+01 1.200000000000000000e+01 0.000000000000000000e+00 1.600000000000000089e+00 7.072000000000000161e-03 -2.598599999999999868e-02 -9.996369999999999978e-01 5.273670000000000302e-01 -8.492459999999999454e-01 2.580800000000000108e-02 -8.496080000000000298e-01 -5.273579999999999934e-01 7.699000000000000114e-03
1.200000000000000000e+01 3.500000000000000000e+01 1.200000000000000000e+01 0.000000000000000000e+00 1.600000000000000089e+00 -8.829999999999999958e-04 8.350000000000000217e-04 -9.999989999999999712e-01 5.147650000000000281e-01 -8.573309999999999542e-01 -1.170000000000000033e-03 -8.573309999999999542e-01 -5.147650000000000281e-01 3.280000000000000038e-04
1.600000000000000000e+01 3.500000000000000000e+01 1.200000000000000000e+01 0.000000000000000000e+00 1.600000000000000089e+00 -4.420000000000000101e-04 -1.886000000000000090e-03 -9.999980000000000535e-01 5.036739999999999551e-01 -8.638919999999999932e-01 1.405999999999999915e-03 -8.638930000000000220e-01 -5.036730000000000373e-01 1.332000000000000068e-03
2.000000000000000000e+01 3.500000000000000000e+01 1.200000000000000000e+01 0.000000000000000000e+00 1.600000000000000089e+00 6.067999999999999609e-03 -4.834999999999999888e-03 -9.999700000000000255e-01 4.968790000000000151e-01 -8.677899999999999503e-01 7.211000000000000396e-03 -8.677989999999999871e-01 -4.969080000000000163e-01 -2.863999999999999792e-03
2.500000000000000000e+01 3.500000000000000000e+01 1.200000000000000000e+01 0.000000000000000000e+00 1.600000000000000089e+00 6.620000000000000450e-04 -9.899999999999999404e-05 -1.000000000000000000e+00 5.079930000000000279e-01 -8.613610000000000433e-01 4.220000000000000118e-04 -8.613610000000000433e-01 -5.079930000000000279e-01 -5.199999999999999544e-04
2.900000000000000000e+01 3.500000000000000000e+01 1.200000000000000000e+01 0.000000000000000000e+00 1.600000000000000089e+00 -1.688000000000000047e-03 -2.004000000000000139e-03 -9.999970000000000248e-01 5.211230000000000029e-01 -8.534810000000000452e-01 8.310000000000000329e-04 -8.534800000000000164e-01 -5.211200000000000276e-01 2.484999999999999796e-03
3.000000000000000000e+00 1.200000000000000000e+01 1.500000000000000000e+01 0.000000000000000000e+00 1.600000000000000089e+00 -4.183100000000000013e-02 -5.720399999999999791e-02 -9.974859999999999838e-01 -4.637689999999999868e-01 -8.831790000000000473e-01 7.009700000000000653e-02 -8.849679999999999769e-01 4.655349999999999766e-01 1.041500000000000065e-02
1.100000000000000000e+01 1.200000000000000000e+01 1.500000000000000000e+01 0.000000000000000000e+00 1.600000000000000089e+00 -1.769999999999999926e-04 6.932999999999999927e-03 -9.999759999999999760e-01 -4.700179999999999914e-01 -8.826359999999999761e-01 -6.035999999999999699e-03 -8.826570000000000249e-01 4.700059999999999794e-01 3.415000000000000067e-03
1.800000000000000000e+01 1.200000000000000000e+01 1.500000000000000000e+01 0.000000000000000000e+00 1.600000000000000089e+00 3.620000000000000171e-04 2.775000000000000123e-03 -9.999959999999999960e-01 -4.688459999999999850e-01 -8.832759999999999501e-01 -2.621000000000000066e-03 -8.832799999999999541e-01 4.688450000000000117e-01 9.810000000000001011e-04
2.400000000000000000e+01 1.200000000000000000e+01 1.500000000000000000e+01 0.000000000000000000e+00 1.600000000000000089e+00 3.080000000000000055e-04 -4.721000000000000370e-03 -9.999890000000000168e-01 -4.678629999999999733e-01 -8.837920000000000220e-01 4.028000000000000330e-03 -8.838009999999999478e-01 4.678559999999999941e-01 -2.481000000000000132e-03
3.000000000000000000e+01 1.200000000000000000e+01 1.500000000000000000e+01 0.000000000000000000e+00 1.600000000000000089e+00 -2.188999999999999974e-03 -1.551000000000000078e-03 -9.999959999999999960e-01 -4.665679999999999827e-01 -8.844819999999999904e-01 2.393000000000000162e-03 -8.844830000000000192e-01 4.665719999999999867e-01 1.211999999999999970e-03
1.000000000000000000e+01 1.100000000000000000e+01 1.600000000000000000e+01 0.000000000000000000e+00 1.600000000000000089e+00 -5.000000000000000240e-05 4.749999999999999882e-03 -9.999890000000000168e-01 -4.126639999999999753e-01 -9.108730000000000437e-01 -4.305999999999999932e-03 -9.108829999999999982e-01 4.126589999999999980e-01 2.004999999999999838e-03
2.900000000000000000e+01 1.100000000000000000e+01 1.600000000000000000e+01 0.000000000000000000e+00 1.600000000000000089e+00 -1.463000000000000108e-03 -2.406999999999999851e-03 -9.999959999999999960e-01 -4.073780000000000179e-01 -9.132550000000000390e-01 2.794000000000000043e-03 -9.132580000000000142e-01 4.073809999999999931e-01 3.550000000000000096e-04
6.000000000000000000e+00 1.160000000000000000e+02 1.600000000000000000e+01 0.000000000000000000e+00 1.600000000000000089e+00 2.575000000000000032e-03 3.936000000000000262e-03 9.999890000000000168e-01 7.574530000000000429e-01 6.528739999999999544e-01 -4.519999999999999712e-03 -6.528840000000000199e-01 7.574560000000000182e-01 -1.299999999999999940e-03
1.100000000000000000e+01 1.160000000000000000e+02 1.600000000000000000e+01 0.000000000000000000e+00 1.600000000000000089e+00 -8.559999999999999901e-04 -2.126999999999999984e-03 9.999970000000000248e-01 7.523279999999999967e-01 6.587859999999999827e-01 2.044999999999999943e-03 -6.587889999999999580e-01 7.523279999999999967e-01 1.036000000000000029e-03
1.800000000000000000e+01 1.160000000000000000e+02 1.600000000000000000e+01 0.000000000000000000e+00 1.600000000000000089e+00 -2.157000000000000063e-03 -5.839999999999999922e-04 9.999970000000000248e-01 7.059940000000000104e-01 7.082150000000000389e-01 1.936000000000000004e-03 -7.082140000000000102e-01 7.059969999999999857e-01 -1.116000000000000021e-03
2.900000000000000000e+01 1.160000000000000000e+02 1.600000000000000000e+01 0.000000000000000000e+00 1.600000000000000089e+00 -2.969999999999999984e-03 1.528999999999999977e-03 9.999940000000000495e-01 7.667079999999999451e-01 6.419949999999999823e-01 1.294999999999999927e-03 -6.419899999999999496e-01 7.667070000000000274e-01 -3.079000000000000140e-03
9.000000000000000000e+00 2.000000000000000000e+00 1.900000000000000000e+01 0.000000000000000000e+00 1.600000000000000089e+00 -5.230000000000000274e-04 1.608599999999999960e-02 -9.998700000000000365e-01 2.582550000000000123e-01 -9.659499999999999753e-01 -1.567500000000000143e-02 -9.660769999999999635e-01 -2.582300000000000151e-01 -3.648999999999999900e-03
1.200000000000000000e+01 2.000000000000000000e+00 1.900000000000000000e+01 0.000000000000000000e+00 1.600000000000000089e+00 3.938999999999999793e-03 1.806999999999999926e-02 -9.998289999999999678e-01 2.533929999999999794e-01 -9.672230000000000549e-01 -1.648200000000000012e-02 -9.673549999999999649e-01 -2.532849999999999824e-01 -8.387999999999999623e-03
2.100000000000000000e+01 2.000000000000000000e+00 1.900000000000000000e+01 0.000000000000000000e+00 1.600000000000000089e+00 5.399000000000000153e-03 1.605499999999999983e-02 -9.998559999999999670e-01 2.537650000000000183e-01 -9.671619999999999662e-01 -1.415899999999999971e-02 -9.672509999999999719e-01 -2.536519999999999886e-01 -9.296000000000000443e-03
2.900000000000000000e+01 2.000000000000000000e+00 1.900000000000000000e+01 0.000000000000000000e+00 1.600000000000000089e+00 -7.010999999999999871e-03 -2.100799999999999890e-02 -9.997549999999999493e-01 2.721270000000000078e-01 -9.620870000000000255e-01 1.830800000000000136e-02 -9.622359999999999802e-01 -2.719320000000000070e-01 1.246200000000000085e-02
1.500000000000000000e+01 4.000000000000000000e+00 2.000000000000000000e+01 0.000000000000000000e+00 1.600000000000000089e+00 9.759999999999999796e-04 6.118000000000000174e-03 -9.999810000000000088e-01 4.535049999999999915e-01 -8.912400000000000322e-01 -5.009999999999999697e-03 -8.912529999999999619e-01 -4.534909999999999775e-01 -3.644999999999999803e-03
3.000000000000000000e+00 1.300000000000000000e+01 2.000000000000000000e+01 0.000000000000000000e+00 1.600000000000000089e+00 3.850000000000000124e-03 6.035299999999999693e-02 9.981700000000000017e-01 2.596780000000000199e-01 9.638740000000000085e-01 -5.928100000000000036e-02 -9.656879999999999908e-01 2.594310000000000227e-01 -1.196099999999999941e-02
9.000000000000000000e+00 1.300000000000000000e+01 2.000000000000000000e+01 0.000000000000000000e+00 1.600000000000000089e+00 5.060000000000000478e-04 1.897999999999999948e-03 9.999980000000000535e-01 2.575830000000000064e-01 9.662539999999999463e-01 -1.964000000000000034e-03 -9.662560000000000038e-01 2.575830000000000064e-01 0.000000000000000000e+00
1.400000000000000000e+01 1.300000000000000000e+01 2.000000000000000000e+01 0.000000000000000000e+00 1.600000000000000089e+00 -6.819999999999999890e-04 5.354000000000000252e-03 9.999850000000000128e-01 2.589029999999999943e-01 9.658900000000000263e-01 -4.995000000000000308e-03 -9.659029999999999561e-01 2.588960000000000150e-01 -2.044999999999999943e-03
1.800000000000000000e+01 1.300000000000000000e+01 2.000000000000000000e+01 0.000000000000000000e+00 1.600000000000000089e+00 -2.979999999999999793e-04 -1.417999999999999990e-03 9.999989999999999712e-01 2.617650000000000254e-01 9.651309999999999611e-01 1.446000000000000020e-03 -9.651319999999999899e-01 2.617650000000000254e-01 8.399999999999999535e-05
2.500000000000000000e+01 1.300000000000000000e+01 2.000000000000000000e+01 0.000000000000000000e+00 1.600000000000000089e+00 5.590000000000000351e-04 -4.470000000000000232e-04 1.000000000000000000e+00 2.589080000000000270e-01 9.659020000000000383e-01 2.869999999999999830e-04 -9.659020000000000383e-01 2.589069999999999983e-01 6.560000000000000076e-04
3.000000000000000000e+00 1.600000000000000000e+01 2.100000000000000000e+01 0.000000000000000000e+00 1.600000000000000089e+00 6.244000000000000418e-03 6.292599999999999583e-02 9.979989999999999695e-01 2.981730000000000214e-01 9.525010000000000421e-01 -6.192299999999999888e-02 -9.544909999999999783e-01 2.979629999999999779e-01 -1.281599999999999927e-02
8.000000000000000000e+00 1.600000000000000000e+01 2.100000000000000000e+01 0.000000000000000000e+00 1.600000000000000089e+00 3.510000000000000208e-04 3.723999999999999880e-03 9.999930000000000208e-01 2.997830000000000217e-01 9.539999999999999591e-01 -3.657999999999999793e-03 -9.540070000000000494e-01 2.997819999999999929e-01 -7.810000000000000102e-04
9.000000000000000000e+00 3.000000000000000000e+00 2.500000000000000000e+01 0.000000000000000000e+00 1.600000000000000089e+00 -2.500000000000000120e-05 4.755999999999999811e-03 9.999890000000000168e-01 -3.108299999999999952e-02 -9.995060000000000056e-01 4.753000000000000280e-03 9.995169999999999888e-01 -3.108199999999999852e-02 1.730000000000000038e-04
1.800000000000000000e+01 3.000000000000000000e+00 2.500000000000000000e+01 0.000000000000000000e+00 1.600000000000000089e+00 -9.350000000000000672e-03 -2.534999999999999927e-03 9.999529999999999808e-01 -3.682799999999999963e-02 -9.993170000000000108e-01 -2.876999999999999783e-03 9.992779999999999996e-01 -3.685299999999999687e-02 9.249999999999999542e-03
2.400000000000000000e+01 3.000000000000000000e+00 2.500000000000000000e+01 0.000000000000000000e+00 1.600000000000000089e+00 -2.790000000000000054e-04 6.649999999999999661e-03 9.999780000000000335e-01 -3.326599999999999696e-02 -9.994250000000000078e-01 6.636999999999999671e-03 9.994469999999999743e-01 -3.326400000000000190e-02 5.000000000000000104e-04
3.000000000000000000e+00 4.600000000000000000e+01 3.000000000000000000e+01 0.000000000000000000e+00 1.600000000000000089e+00 5.526999999999999795e-03 1.981099999999999875e-02 -9.997880000000000100e-01 3.258730000000000238e-01 9.451910000000000034e-01 2.052999999999999964e-02 9.453979999999999606e-01 -3.259170000000000122e-01 -1.232000000000000022e-03
2.800000000000000000e+01 4.600000000000000000e+01 3.000000000000000000e+01 0.000000000000000000e+00 1.600000000000000089e+00 -1.118999999999999986e-03 -2.141000000000000108e-03 -9.999970000000000248e-01 3.270799999999999819e-01 9.449929999999999719e-01 -2.389000000000000064e-03 9.449959999999999471e-01 -3.270819999999999839e-01 -3.570000000000000040e-04
6.000000000000000000e+00 5.800000000000000000e+01 3.100000000000000000e+01 0.000000000000000000e+00 1.600000000000000089e+00 2.778999999999999786e-03 9.051999999999999283e-03 9.999550000000000383e-01 -7.696420000000000483e-01 -6.384269999999999667e-01 7.919000000000000691e-03 6.384699999999999820e-01 -7.696290000000000076e-01 5.191999999999999567e-03
1.100000000000000000e+01 5.800000000000000000e+01 3.100000000000000000e+01 0.000000000000000000e+00 1.600000000000000089e+00 -3.890999999999999927e-03 -1.899000000000000080e-03 9.999909999999999632e-01 -7.698859999999999593e-01 -6.381679999999999575e-01 -4.206999999999999802e-03 6.381700000000000150e-01 -7.698949999999999960e-01 1.021999999999999905e-03
2.100000000000000000e+01 5.800000000000000000e+01 3.100000000000000000e+01 0.000000000000000000e+00 1.600000000000000089e+00 4.310000000000000137e-04 4.921000000000000027e-03 9.999879999999999880e-01 -7.706349999999999589e-01 -6.372679999999999456e-01 3.468000000000000162e-03 6.372769999999999824e-01 -7.706269999999999509e-01 3.517999999999999860e-03
2.900000000000000000e+01 5.800000000000000000e+01 3.100000000000000000e+01 0.000000000000000000e+00 1.600000000000000089e+00 -1.110000000000000092e-03 -4.454999999999999759e-03 9.999890000000000168e-01 -7.649160000000000403e-01 -6.441189999999999971e-01 -3.717999999999999951e-03 6.441289999999999516e-01 -7.649129999999999541e-01 -2.693000000000000081e-03
5.000000000000000000e+00 4.600000000000000000e+01 3.500000000000000000e+01 0.000000000000000000e+00 1.600000000000000089e+00 -6.359999999999999551e-04 1.324400000000000056e-02 -9.999120000000000230e-01 3.947160000000000113e-01 -9.187189999999999523e-01 -1.241899999999999948e-02 -9.188030000000000364e-01 -3.946899999999999853e-01 -4.643000000000000425e-03
8.000000000000000000e+00 4.600000000000000000e+01 3.500000000000000000e+01 0.000000000000000000e+00 1.600000000000000089e+00 -7.330000000000000361e-04 1.067000000000000023e-03 -9.999989999999999712e-01 3.948240000000000083e-01 -9.187560000000000171e-01 -1.270000000000000078e-03 -9.187560000000000171e-01 -3.948249999999999815e-01 2.530000000000000239e-04
1.200000000000000000e+01 4.600000000000000000e+01 3.500000000000000000e+01 0.000000000000000000e+00 1.600000000000000089e+00 -4.079999999999999968e-04 -1.513000000000000022e-03 -9.999989999999999712e-01 3.929239999999999955e-01 -9.195699999999999985e-01 1.231000000000000106e-03 -9.195710000000000273e-01 -3.929230000000000222e-01 9.690000000000000262e-04
1.500000000000000000e+01 4.600000000000000000e+01 3.500000000000000000e+01 0.000000000000000000e+00 1.600000000000000089e+00 3.099999999999999999e-04 -3.036000000000000070e-03 -9.999949999999999672e-01 3.928400000000000225e-01 -9.196020000000000305e-01 2.913999999999999924e-03 -9.196069999999999522e-01 -3.928389999999999938e-01 9.079999999999999530e-04
2.100000000000000000e+01 4.600000000000000000e+01 3.500000000000000000e+01 0.000000000000000000e+00 1.600000000000000089e+00 1.824000000000000100e-03 -1.224000000000000045e-03 -9.999980000000000535e-01 3.933530000000000082e-01 -9.193860000000000365e-01 1.843000000000000020e-03 -9.193860000000000365e-01 -3.933550000000000102e-01 -1.196000000000000014e-03
2.900000000000000000e+01 4.600000000000000000e+01 3.500000000000000000e+01 0.000000000000000000e+00 1.600000000000000089e+00 -1.399999999999999979e-05 -2.624000000000000030e-03 -9.999970000000000248e-01 3.922120000000000051e-01 -9.198720000000000230e-01 2.407999999999999984e-03 -9.198749999999999982e-01 -3.922100000000000031e-01 1.041999999999999958e-03
6.000000000000000000e+00 9.500000000000000000e+01 3.600000000000000000e+01 0.000000000000000000e+00 1.600000000000000089e+00 6.544999999999999603e-03 5.354400000000000132e-02 9.985439999999999872e-01 9.971160000000000023e-01 7.514899999999999358e-02 -1.056499999999999974e-02 -7.560500000000000553e-02 9.957340000000000080e-01 -5.289800000000000058e-02
1.300000000000000000e+01 9.500000000000000000e+01 3.600000000000000000e+01 0.000000000000000000e+00 1.600000000000000089e+00 8.499999999999999526e-04 -7.464000000000000148e-03 9.999719999999999720e-01 9.971649999999999681e-01 7.524400000000000532e-02 -2.860000000000000129e-04 -7.524000000000000132e-02 9.971370000000000511e-01 7.506999999999999784e-03
3.000000000000000000e+00 3.000000000000000000e+00 4.300000000000000000e+01 0.000000000000000000e+00 1.600000000000000089e+00 3.109900000000000164e-02 1.676630000000000065e-01 -9.853539999999999521e-01 7.309280000000000221e-01 -6.762249999999999650e-01 -9.199400000000000632e-02 -6.817450000000000454e-01 -7.173620000000000552e-01 -1.435790000000000122e-01
3.000000000000000000e+00 2.900000000000000000e+01 4.400000000000000000e+01 0.000000000000000000e+00 1.600000000000000089e+00 1.496199999999999961e-02 2.247800000000000145e-02 -9.996350000000000513e-01 6.479589999999999517e-01 7.612029999999999630e-01 2.681499999999999856e-02 7.615279999999999827e-01 -6.481240000000000334e-01 -3.176000000000000004e-03
9.000000000000000000e+00 2.900000000000000000e+01 4.400000000000000000e+01 0.000000000000000000e+00 1.600000000000000089e+00 2.296999999999999997e-03 2.203999999999999796e-03 -9.999949999999999672e-01 6.505549999999999944e-01 7.594530000000000447e-01 3.168999999999999942e-03 7.594560000000000199e-01 -6.505589999999999984e-01 3.110000000000000243e-04
1.100000000000000000e+01 2.900000000000000000e+01 4.400000000000000000e+01 0.000000000000000000e+00 1.600000000000000089e+00 1.139999999999999954e-03 1.662000000000000066e-03 -9.999980000000000535e-01 6.505300000000000527e-01 7.594769999999999577e-01 2.004000000000000139e-03 7.594790000000000152e-01 -6.505309999999999704e-01 -2.159999999999999919e-04
1.700000000000000000e+01 2.900000000000000000e+01 4.400000000000000000e+01 0.000000000000000000e+00 1.600000000000000089e+00 -2.357000000000000154e-03 3.269999999999999795e-04 -9.999970000000000248e-01 6.486070000000000446e-01 7.611219999999999652e-01 -1.280000000000000105e-03 7.611200000000000188e-01 -6.486079999999999623e-01 -2.005999999999999971e-03
2.200000000000000000e+01 2.900000000000000000e+01 4.400000000000000000e+01 0.000000000000000000e+00 1.600000000000000089e+00 1.054999999999999948e-03 -4.530000000000000064e-04 -9.999989999999999712e-01 6.517060000000000075e-01 7.584720000000000351e-01 3.440000000000000132e-04 7.584710000000000063e-01 -6.517060000000000075e-01 1.095000000000000053e-03
1.000000000000000000e+01 6.500000000000000000e+01 4.600000000000000000e+01 0.000000000000000000e+00 1.600000000000000089e+00 -2.509999999999999753e-04 -5.910000000000000539e-04 1.000000000000000000e+00 6.815830000000000499e-01 -7.317399999999999460e-01 -2.610000000000000015e-04 7.317399999999999460e-01 6.815830000000000499e-01 5.869999999999999567e-04
2.400000000000000000e+01 7.000000000000000000e+01 4.700000000000000000e+01 0.000000000000000000e+00 1.600000000000000089e+00 1.840000000000000056e-03 -6.004999999999999921e-03 -9.999799999999999800e-01 -8.427649999999999864e-01 -5.382799999999999807e-01 1.680999999999999986e-03 -5.382789999999999520e-01 8.427449999999999664e-01 -6.050999999999999955e-03
6.000000000000000000e+00 5.000000000000000000e+00 5.100000000000000000e+01 0.000000000000000000e+00 1.600000000000000089e+00 2.585000000000000058e-03 1.553200000000000067e-02 -9.998759999999999870e-01 4.834240000000000204e-01 -8.752990000000000492e-01 -1.234700000000000034e-02 -8.753830000000000222e-01 -4.833319999999999839e-01 -9.771999999999999437e-03
1.500000000000000000e+01 5.000000000000000000e+00 5.100000000000000000e+01 0.000000000000000000e+00 1.600000000000000089e+00 3.462999999999999932e-03 -2.677999999999999825e-03 -9.999900000000000455e-01 4.794869999999999965e-01 -8.775399999999999867e-01 4.009999999999999676e-03 -8.775420000000000442e-01 -4.794970000000000065e-01 -1.755000000000000050e-03
1.900000000000000000e+01 5.000000000000000000e+00 5.100000000000000000e+01 0.000000000000000000e+00 1.600000000000000089e+00 -2.602999999999999845e-03 -1.465499999999999962e-02 -9.998890000000000278e-01 4.785690000000000222e-01 -8.779730000000000034e-01 1.162200000000000039e-02 -8.780459999999999932e-01 -4.784860000000000224e-01 9.298999999999999974e-03
2.500000000000000000e+01 5.000000000000000000e+00 5.100000000000000000e+01 0.000000000000000000e+00 1.600000000000000089e+00 2.063999999999999863e-03 5.560999999999999971e-03 -9.999820000000000375e-01 4.730900000000000105e-01 -8.810050000000000381e-01 -3.923000000000000272e-03 -8.810120000000000173e-01 -4.730739999999999945e-01 -4.448999999999999830e-03
2.700000000000000000e+01 1.150000000000000000e+02 5.100000000000000000e+01 0.000000000000000000e+00 1.600000000000000089e+00 2.509999999999999753e-04 8.149999999999999693e-04 1.000000000000000000e+00 8.483129999999999837e-01 -5.294950000000000490e-01 2.180000000000000134e-04 5.294950000000000490e-01 8.483129999999999837e-01 -8.249999999999999955e-04
3.000000000000000000e+00 6.300000000000000000e+01 5.400000000000000000e+01 0.000000000000000000e+00 1.600000000000000089e+00 4.232999999999999784e-03 2.547599999999999865e-02 9.996660000000000545e-01 -3.525019999999999820e-01 9.355440000000000422e-01 -2.234999999999999834e-02 -9.358020000000000227e-01 -3.522899999999999920e-01 1.294099999999999938e-02
7.000000000000000000e+00 6.300000000000000000e+01 5.400000000000000000e+01 0.000000000000000000e+00 1.600000000000000089e+00 5.590000000000000351e-04 1.099999999999999971e-05 1.000000000000000000e+00 -3.478999999999999870e-01 9.375320000000000320e-01 1.840000000000000001e-04 -9.375310000000000032e-01 -3.478999999999999870e-01 5.280000000000000405e-04
1.300000000000000000e+01 6.300000000000000000e+01 5.400000000000000000e+01 0.000000000000000000e+00 1.600000000000000089e+00 -1.191000000000000001e-03 4.213999999999999864e-03 9.999900000000000455e-01 -3.408900000000000263e-01 9.400929999999999565e-01 -4.368000000000000355e-03 -9.401019999999999932e-01 -3.408919999999999728e-01 3.170000000000000075e-04
2.000000000000000000e+01 6.300000000000000000e+01 5.400000000000000000e+01 0.000000000000000000e+00 1.600000000000000089e+00 9.849999999999999815e-04 -4.719999999999999803e-04 9.999989999999999712e-01 -3.351790000000000047e-01 9.421540000000000470e-01 7.749999999999999728e-04 -9.421540000000000470e-01 -3.351799999999999780e-01 7.699999999999999597e-04
2.500000000000000000e+01 6.300000000000000000e+01 5.400000000000000000e+01 0.000000000000000000e+00 1.600000000000000089e+00 1.685000000000000083e-03 -9.060000000000000128e-04 9.999980000000000535e-01 -3.410400000000000098e-01 9.400479999999999947e-01 1.425999999999999967e-03 -9.400469999999999660e-01 -3.410420000000000118e-01 1.275000000000000092e-03
3.000000000000000000e+01 6.300000000000000000e+01 5.400000000000000000e+01 0.000000000000000000e+00 1.600000000000000089e+00 2.321000000000000146e-03 3.334000000000000158e-03 9.999919999999999920e-01 -3.453030000000000266e-01 9.384879999999999889e-01 -2.327000000000000075e-03 -9.384879999999999889e-01 -3.452950000000000186e-01 3.328999999999999928e-03
4.000000000000000000e+00 2.500000000000000000e+01 5.500000000000000000e+01 0.000000000000000000e+00 1.600000000000000089e+00 2.394999999999999993e-03 5.174999999999999913e-03 -9.999839999999999840e-01 -1.292399999999999972e-02 -9.999029999999999863e-01 -5.205999999999999690e-03 -9.999139999999999695e-01 1.293599999999999958e-02 -2.328000000000000208e-03
1.100000000000000000e+01 2.500000000000000000e+01 5.500000000000000000e+01 0.000000000000000000e+00 1.600000000000000089e+00 -3.260000000000000094e-04 1.060000000000000016e-04 -1.000000000000000000e+00 -1.187900000000000067e-02 -9.999289999999999567e-01 -1.019999999999999992e-04 -9.999289999999999567e-01 1.187900000000000067e-02 3.269999999999999795e-04
1.500000000000000000e+01 2.500000000000000000e+01 5.500000000000000000e+01 0.000000000000000000e+00 1.600000000000000089e+00 1.528999999999999977e-03 -2.101000000000000003e-03 -9.999970000000000248e-01 -1.194600000000000002e-02 -9.999259999999999815e-01 2.083000000000000216e-03 -9.999270000000000103e-01 1.194300000000000049e-02 -1.554000000000000043e-03
1.800000000000000000e+01 2.500000000000000000e+01 5.500000000000000000e+01 0.000000000000000000e+00 1.600000000000000089e+00 1.631999999999999987e-03 6.930000000000000396e-04 -9.999980000000000535e-01 -1.269400000000000042e-02 -9.999190000000000023e-01 -7.140000000000000079e-04 -9.999179999999999735e-01 1.269499999999999969e-02 -1.623000000000000094e-03
2.400000000000000000e+01 2.500000000000000000e+01 5.500000000000000000e+01 0.000000000000000000e+00 1.600000000000000089e+00 9.790000000000000525e-04 4.468999999999999882e-03 -9.999900000000000455e-01 -9.993000000000000146e-03 -9.999400000000000510e-01 -4.478000000000000209e-03 -9.999500000000000055e-01 9.997000000000000677e-03 -9.340000000000000429e-04
4.000000000000000000e+00 2.100000000000000000e+01 6.000000000000000000e+01 0.000000000000000000e+00 1.600000000000000089e+00 -2.500000000000000052e-03 3.801999999999999824e-02 9.992739999999999956e-01 -9.340600000000000291e-02 9.948989999999999778e-01 -3.808799999999999686e-02 -9.956249999999999822e-01 -9.343400000000000316e-02 1.064000000000000059e-03
1.300000000000000000e+01 2.100000000000000000e+01 6.000000000000000000e+01 0.000000000000000000e+00 1.600000000000000089e+00 9.250000000000000409e-04 -7.667000000000000204e-03 9.999700000000000255e-01 -9.451900000000000579e-02 9.954929999999999612e-01 7.720000000000000299e-03 -9.955230000000000468e-01 -9.452299999999999591e-02 1.959999999999999937e-04
2.200000000000000000e+01 2.100000000000000000e+01 6.000000000000000000e+01 0.000000000000000000e+00 1.600000000000000089e+00 1.930000000000000021e-04 -1.623000000000000094e-03 9.999989999999999712e-01 -9.524100000000000621e-02 9.954530000000000323e-01 1.634000000000000036e-03 -9.954539999999999500e-01 -9.524100000000000621e-02 3.699999999999999811e-05
2.600000000000000000e+01 2.100000000000000000e+01 6.000000000000000000e+01 0.000000000000000000e+00 1.600000000000000089e+00 -7.439999999999999782e-04 2.979999999999999793e-04 1.000000000000000000e+00 -9.439599999999999380e-02 9.955349999999999477e-01 -3.669999999999999760e-04 -9.955340000000000300e-01 -9.439599999999999380e-02 -7.119999999999999593e-04
2.900000000000000000e+01 2.100000000000000000e+01 6.000000000000000000e+01 0.000000000000000000e+00 1.600000000000000089e+00 -2.001999999999999873e-03 -1.910999999999999938e-03 9.999959999999999960e-01 -9.467100000000000515e-02 9.955070000000000308e-01 1.712999999999999896e-03 -9.955070000000000308e-01 -9.466700000000000115e-02 -2.174000000000000151e-03
1.800000000000000000e+01 6.700000000000000000e+01 6.000000000000000000e+01 0.000000000000000000e+00 1.600000000000000089e+00 -1.396000000000000105e-03 -3.168999999999999942e-03 9.999940000000000495e-01 1.744650000000000090e-01 -9.846589999999999510e-01 -2.876999999999999783e-03 9.846620000000000372e-01 1.744600000000000040e-01 1.928000000000000026e-03
2.300000000000000000e+01 6.000000000000000000e+00 6.100000000000000000e+01 0.000000000000000000e+00 1.600000000000000089e+00 1.624000000000000010e-03 -9.506999999999999826e-03 9.999540000000000095e-01 5.661869999999999958e-01 -8.242310000000000469e-01 -8.755999999999999894e-03 8.242760000000000087e-01 5.661739999999999551e-01 4.043999999999999852e-03
6.000000000000000000e+00 3.000000000000000000e+00 6.300000000000000000e+01 0.000000000000000000e+00 1.600000000000000089e+00 8.999999999999999754e-04 2.271700000000000108e-02 9.997420000000000195e-01 -6.170499999999999874e-01 7.867330000000000156e-01 -1.732200000000000059e-02 -7.869239999999999569e-01 -6.168749999999999512e-01 1.472599999999999951e-02
1.000000000000000000e+01 3.000000000000000000e+00 6.300000000000000000e+01 0.000000000000000000e+00 1.600000000000000089e+00 9.359999999999999831e-04 4.683999999999999796e-03 9.999890000000000168e-01 -6.154910000000000103e-01 7.881380000000000052e-01 -3.115000000000000147e-03 -7.881430000000000380e-01 -6.154809999999999448e-01 3.619999999999999954e-03
5.000000000000000000e+00 2.700000000000000000e+01 6.300000000000000000e+01 0.000000000000000000e+00 1.600000000000000089e+00 -1.449999999999999900e-03 1.227999999999999925e-02 9.999240000000000350e-01 -2.798289999999999944e-01 9.599729999999999652e-01 -1.219499999999999924e-02 -9.600490000000000412e-01 -2.798249999999999904e-01 2.043999999999999810e-03
9.000000000000000000e+00 2.700000000000000000e+01 6.300000000000000000e+01 0.000000000000000000e+00 1.600000000000000089e+00 2.468000000000000142e-03 2.481000000000000132e-03 9.999940000000000495e-01 -2.774960000000000204e-01 9.607250000000000512e-01 -1.698000000000000074e-03 -9.607240000000000224e-01 -2.774900000000000144e-01 3.059999999999999786e-03
1.400000000000000000e+01 2.700000000000000000e+01 6.300000000000000000e+01 0.000000000000000000e+00 1.600000000000000089e+00 -5.890000000000000053e-04 7.209999999999999612e-04 1.000000000000000000e+00 -2.750299999999999967e-01 9.614350000000000396e-01 -8.549999999999999658e-04 -9.614359999999999573e-01 -2.750299999999999967e-01 -3.680000000000000003e-04
1.900000000000000000e+01 2.700000000000000000e+01 6.300000000000000000e+01 0.000000000000000000e+00 1.600000000000000089e+00 -6.089999999999999494e-04 4.800000000000000122e-05 1.000000000000000000e+00 -2.788379999999999748e-01 9.603380000000000249e-01 -2.159999999999999919e-04 -9.603380000000000249e-01 -2.788390000000000035e-01 -5.720000000000000258e-04
