5.000000000000000000e+00 2.500000000000000000e+01 1.000000000000000000e+00 0.000000000000000000e+00 1.600000000000000089e+00 -5.521800000000000319e-02 -1.178000000000000054e-02 -9.984049999999999869e-01 -5.380420000000000202e-01 -8.419830000000000370e-01 3.969099999999999712e-02 -8.411070000000000491e-01 5.393759999999999666e-01 4.015400000000000219e-02
1.700000000000000000e+01 2.500000000000000000e+01 1.000000000000000000e+00 0.000000000000000000e+00 1.600000000000000089e+00 2.314000000000000085e-03 7.910000000000000364e-04 -9.999970000000000248e-01 -5.367520000000000069e-01 -8.437379999999999880e-01 -1.910000000000000022e-03 -8.437369999999999592e-01 5.367549999999999821e-01 -1.526999999999999929e-03
2.400000000000000000e+01 2.500000000000000000e+01 1.000000000000000000e+00 0.000000000000000000e+00 1.600000000000000089e+00 -1.260000000000000052e-03 -1.621000000000000045e-03 -9.999980000000000535e-01 -5.350399999999999601e-01 -8.448240000000000194e-01 2.043999999999999810e-03 -8.448259999999999659e-01 5.350409999999999888e-01 1.969999999999999909e-04
3.000000000000000000e+01 2.500000000000000000e+01 1.000000000000000000e+00 0.000000000000000000e+00 1.600000000000000089e+00 -4.510000000000000120e-04 9.549000000000000196e-03 -9.999540000000000095e-01 -5.309669999999999668e-01 -8.473559999999999981e-01 -7.851999999999999605e-03 -8.473920000000000341e-01 5.309399999999999675e-01 5.452000000000000249e-03
1.100000000000000000e+01 1.500000000000000000e+01 4.000000000000000000e+00 0.000000000000000000e+00 1.600000000000000089e+00 2.460000000000000164e-04 6.929000000000000263e-03 9.999759999999999760e-01 3.243969999999999909e-01 -9.458990000000000453e-01 6.473999999999999720e-03 9.459210000000000118e-01 3.243880000000000097e-01 -2.481000000000000132e-03
1.600000000000000000e+01 1.500000000000000000e+01 4.000000000000000000e+00 0.000000000000000000e+00 1.600000000000000089e+00 -2.621000000000000066e-03 -2.603999999999999978e-03 9.999930000000000208e-01 3.226879999999999749e-01 -9.465040000000000120e-01 -1.618999999999999996e-03 9.465019999999999545e-01 3.226820000000000244e-01 3.321000000000000167e-03
2.200000000000000000e+01 1.500000000000000000e+01 4.000000000000000000e+00 0.000000000000000000e+00 1.600000000000000089e+00 2.443999999999999992e-03 7.020000000000000198e-03 9.999719999999999720e-01 3.214469999999999827e-01 -9.469100000000000295e-01 5.862000000000000023e-03 9.469250000000000167e-01 3.214230000000000143e-01 -4.571000000000000410e-03
2.000000000000000000e+00 1.600000000000000000e+01 4.000000000000000000e+00 0.000000000000000000e+00 1.600000000000000089e+00 4.671100000000000252e-02 -1.359799999999999898e-01 9.896099999999999897e-01 3.463879999999999737e-01 -9.270150000000000334e-01 -1.437289999999999957e-01 9.369279999999999831e-01 3.495030000000000081e-01 3.799999999999999992e-03
1.500000000000000000e+01 1.600000000000000000e+01 4.000000000000000000e+00 0.000000000000000000e+00 1.600000000000000089e+00 -2.598000000000000049e-03 -2.967000000000000019e-03 9.999919999999999920e-01 3.960679999999999756e-01 -9.182200000000000362e-01 -1.696000000000000025e-03 9.182179999999999787e-01 3.960600000000000231e-01 3.560999999999999929e-03
2.100000000000000000e+01 1.600000000000000000e+01 4.000000000000000000e+00 0.000000000000000000e+00 1.600000000000000089e+00 1.307999999999999918e-03 5.734999999999999647e-03 9.999829999999999552e-01 3.936459999999999959e-01 -9.192500000000000115e-01 4.756999999999999944e-03 9.192609999999999948e-01 3.936330000000000107e-01 -3.459999999999999968e-03
4.000000000000000000e+00 1.010000000000000000e+02 7.000000000000000000e+00 0.000000000000000000e+00 1.600000000000000089e+00 -4.060000000000000024e-04 4.407500000000000306e-02 9.990280000000000271e-01 8.870019999999999571e-01 4.613329999999999931e-01 -1.999300000000000035e-02 -4.617660000000000098e-01 8.861320000000000308e-01 -3.928199999999999747e-02
9.000000000000000000e+00 1.010000000000000000e+02 7.000000000000000000e+00 0.000000000000000000e+00 1.600000000000000089e+00 3.647000000000000068e-03 6.200999999999999915e-03 9.999740000000000295e-01 8.852539999999999853e-01 4.650679999999999814e-01 -6.112000000000000245e-03 -4.650940000000000074e-01 8.852529999999999566e-01 -3.792999999999999931e-03
1.500000000000000000e+01 1.010000000000000000e+02 7.000000000000000000e+00 0.000000000000000000e+00 1.600000000000000089e+00 2.138999999999999842e-03 8.899999999999999491e-04 9.999970000000000248e-01 8.861860000000000293e-01 4.633240000000000136e-01 -2.308000000000000156e-03 -4.633240000000000136e-01 8.861890000000000045e-01 2.020000000000000040e-04
2.000000000000000000e+01 1.010000000000000000e+02 7.000000000000000000e+00 0.000000000000000000e+00 1.600000000000000089e+00 2.540999999999999856e-03 -1.531300000000000022e-02 9.998799999999999910e-01 8.866380000000000372e-01 4.624400000000000177e-01 4.828999999999999959e-03 -4.624579999999999802e-01 8.865189999999999459e-01 1.475199999999999949e-02
2.600000000000000000e+01 1.010000000000000000e+02 7.000000000000000000e+00 0.000000000000000000e+00 1.600000000000000089e+00 -8.700000000000000051e-04 -1.457199999999999988e-02 9.998930000000000318e-01 8.891689999999999872e-01 4.575190000000000090e-01 7.440999999999999698e-03 -4.575790000000000135e-01 8.890799999999999814e-01 1.255900000000000072e-02
3.000000000000000000e+01 1.010000000000000000e+02 7.000000000000000000e+00 0.000000000000000000e+00 1.600000000000000089e+00 8.469999999999999881e-04 -1.264400000000000072e-02 9.999200000000000310e-01 8.893510000000000026e-01 4.571970000000000200e-01 5.028000000000000351e-03 -4.572240000000000193e-01 8.892759999999999554e-01 1.163199999999999998e-02
5.000000000000000000e+00 2.500000000000000000e+01 8.000000000000000000e+00 0.000000000000000000e+00 1.600000000000000089e+00 5.516599999999999976e-02 1.800410000000000066e-01 -9.821109999999999562e-01 4.546879999999999811e-01 8.711740000000000039e-01 1.852439999999999920e-01 8.889409999999999812e-01 -4.567729999999999846e-01 -3.380400000000000071e-02
1.000000000000000000e+01 2.500000000000000000e+01 8.000000000000000000e+00 0.000000000000000000e+00 1.600000000000000089e+00 1.974000000000000060e-03 4.643999999999999691e-03 -9.999869999999999592e-01 4.482630000000000225e-01 8.938880000000000159e-01 5.035999999999999678e-03 8.939000000000000279e-01 -4.482670000000000265e-01 -3.170000000000000075e-04
1.400000000000000000e+01 2.500000000000000000e+01 8.000000000000000000e+00 0.000000000000000000e+00 1.600000000000000089e+00 -1.203999999999999992e-03 -5.121999999999999817e-03 -9.999860000000000415e-01 4.485339999999999883e-01 8.937509999999999621e-01 -5.118000000000000153e-03 8.937650000000000317e-01 -4.485339999999999883e-01 1.221000000000000080e-03
2.200000000000000000e+01 2.500000000000000000e+01 8.000000000000000000e+00 0.000000000000000000e+00 1.600000000000000089e+00 2.660000000000000146e-04 1.337000000000000081e-03 -9.999989999999999712e-01 4.499489999999999879e-01 8.930529999999999857e-01 1.314000000000000064e-03 8.930540000000000145e-01 -4.499489999999999879e-01 -3.640000000000000115e-04
2.700000000000000000e+01 2.500000000000000000e+01 8.000000000000000000e+00 0.000000000000000000e+00 1.600000000000000089e+00 2.769000000000000194e-03 4.889999999999999599e-04 -9.999959999999999960e-01 4.500819999999999821e-01 8.929850000000000287e-01 1.683000000000000034e-03 8.929829999999999712e-01 -4.500850000000000128e-01 2.252999999999999794e-03
5.000000000000000000e+00 2.400000000000000000e+01 9.000000000000000000e+00 0.000000000000000000e+00 1.600000000000000089e+00 5.037799999999999917e-02 1.885529999999999984e-01 -9.807700000000000307e-01 4.599840000000000040e-01 8.672809999999999686e-01 1.903620000000000034e-01 8.864969999999999795e-01 -4.607280000000000264e-01 -4.304000000000000187e-02
1.400000000000000000e+01 2.400000000000000000e+01 9.000000000000000000e+00 0.000000000000000000e+00 1.600000000000000089e+00 -1.164000000000000104e-03 -5.858000000000000360e-03 -9.999820000000000375e-01 4.544839999999999991e-01 8.907359999999999722e-01 -5.747000000000000372e-03 8.907540000000000457e-01 -4.544819999999999971e-01 1.626000000000000058e-03
2.200000000000000000e+01 2.400000000000000000e+01 9.000000000000000000e+00 0.000000000000000000e+00 1.600000000000000089e+00 3.020000000000000223e-04 4.569999999999999952e-04 -1.000000000000000000e+00 4.548280000000000101e-01 8.905790000000000095e-01 5.450000000000000200e-04 8.905790000000000095e-01 -4.548280000000000101e-01 6.099999999999999872e-05
2.500000000000000000e+01 2.400000000000000000e+01 9.000000000000000000e+00 0.000000000000000000e+00 1.600000000000000089e+00 1.136000000000000074e-03 1.824000000000000100e-03 -9.999980000000000535e-01 4.553090000000000193e-01 8.903309999999999835e-01 2.141000000000000108e-03 8.903330000000000410e-01 -4.553099999999999925e-01 1.810000000000000085e-04
2.800000000000000000e+01 2.400000000000000000e+01 9.000000000000000000e+00 0.000000000000000000e+00 1.600000000000000089e+00 2.508999999999999946e-03 -9.259999999999999568e-04 -9.999959999999999960e-01 4.552350000000000008e-01 8.903710000000000235e-01 3.179999999999999776e-04 8.903680000000000483e-01 -4.552340000000000275e-01 2.654999999999999808e-03
9.000000000000000000e+00 1.020000000000000000e+02 9.000000000000000000e+00 0.000000000000000000e+00 1.600000000000000089e+00 3.154000000000000119e-03 4.969999999999999592e-03 9.999829999999999552e-01 9.230009999999999604e-01 3.847670000000000257e-01 -4.823000000000000030e-03 -3.847840000000000149e-01 9.230009999999999604e-01 -3.373999999999999829e-03
2.000000000000000000e+00 4.000000000000000000e+00 1.100000000000000000e+01 0.000000000000000000e+00 1.600000000000000089e+00 -1.018609999999999932e-01 -7.290219999999999478e-01 -6.768690000000000540e-01 1.953950000000000131e-01 6.524919999999999609e-01 -7.321710000000000163e-01 9.754199999999999537e-01 -2.068359999999999921e-01 7.598399999999999599e-02
3.000000000000000000e+00 3.100000000000000000e+01 1.200000000000000000e+01 0.000000000000000000e+00 1.600000000000000089e+00 4.222000000000000058e-03 3.593999999999999972e-03 9.999850000000000128e-01 5.023999999999999820e-03 9.999810000000000088e-01 -3.615999999999999857e-03 -9.999780000000000335e-01 5.040000000000000209e-03 4.204000000000000271e-03
1.000000000000000000e+01 3.100000000000000000e+01 1.200000000000000000e+01 0.000000000000000000e+00 1.600000000000000089e+00 -9.460000000000000093e-04 8.329999999999999731e-04 9.999989999999999712e-01 -7.500999999999999855e-03 9.999719999999999720e-01 -8.400000000000000348e-04 -9.999710000000000543e-01 -7.501999999999999988e-03 -9.389999999999999476e-04
1.900000000000000000e+01 3.100000000000000000e+01 1.200000000000000000e+01 0.000000000000000000e+00 1.600000000000000089e+00 4.319999999999999838e-04 -1.010000000000000047e-03 9.999989999999999712e-01 -1.037599999999999981e-02 9.999460000000000015e-01 1.013999999999999927e-03 -9.999460000000000015e-01 -1.037599999999999981e-02 4.220000000000000118e-04
7.000000000000000000e+00 3.500000000000000000e+01 1.200000000000000000e+01 0.000000000000000000e+00 1.600000000000000089e+00 7.258999999999999828e-03 -2.638499999999999873e-02 -9.996260000000000145e-01 5.368779999999999664e-01 -8.432539999999999480e-01 2.615699999999999970e-02 -8.436289999999999623e-01 -5.368669999999999831e-01 8.044000000000000802e-03
1.400000000000000000e+01 3.500000000000000000e+01 1.200000000000000000e+01 0.000000000000000000e+00 1.600000000000000089e+00 -8.829999999999999958e-04 8.350000000000000217e-04 -9.999989999999999712e-01 5.147650000000000281e-01 -8.573309999999999542e-01 -1.170000000000000033e-03 -8.573309999999999542e-01 -5.147650000000000281e-01 3.280000000000000038e-04
1.800000000000000000e+01 3.500000000000000000e+01 1.200000000000000000e+01 0.000000000000000000e+00 1.600000000000000089e+00 -4.420000000000000101e-04 -1.886000000000000090e-03 -9.999980000000000535e-01 5.036739999999999551e-01 -8.638919999999999932e-01 1.405999999999999915e-03 -8.638930000000000220e-01 -5.036730000000000373e-01 1.332000000000000068e-03
2.200000000000000000e+01 3.500000000000000000e+01 1.200000000000000000e+01 0.000000000000000000e+00 1.600000000000000089e+00 6.067000000000000344e-03 -4.834999999999999888e-03 -9.999700000000000255e-01 4.968790000000000151e-01 -8.677899999999999503e-01 7.211000000000000396e-03 -8.677989999999999871e-01 -4.969080000000000163e-01 -2.863000000000000093e-03
2.700000000000000000e+01 3.500000000000000000e+01 1.200000000000000000e+01 0.000000000000000000e+00 1.600000000000000089e+00 5.039999999999999992e-04 1.061000000000000094e-03 -9.999989999999999712e-01 5.040350000000000108e-01 -8.636829999999999785e-01 -6.629999999999999609e-04 -8.636829999999999785e-01 -5.040350000000000108e-01 -9.700000000000000505e-04
5.000000000000000000e+00 1.200000000000000000e+01 1.500000000000000000e+01 0.000000000000000000e+00 1.600000000000000089e+00 -4.264699999999999741e-02 -6.028200000000000225e-02 -9.972699999999999898e-01 -4.636109999999999953e-01 -8.830099999999999616e-01 7.320100000000000218e-02 -8.850120000000000209e-01 4.654670000000000196e-01 9.709999999999999881e-03
1.300000000000000000e+01 1.200000000000000000e+01 1.500000000000000000e+01 0.000000000000000000e+00 1.600000000000000089e+00 -1.769999999999999926e-04 6.932999999999999927e-03 -9.999759999999999760e-01 -4.700179999999999914e-01 -8.826359999999999761e-01 -6.035999999999999699e-03 -8.826570000000000249e-01 4.700059999999999794e-01 3.415000000000000067e-03
2.000000000000000000e+01 1.200000000000000000e+01 1.500000000000000000e+01 0.000000000000000000e+00 1.600000000000000089e+00 3.620000000000000171e-04 2.775000000000000123e-03 -9.999959999999999960e-01 -4.688459999999999850e-01 -8.832759999999999501e-01 -2.621000000000000066e-03 -8.832799999999999541e-01 4.688450000000000117e-01 9.810000000000001011e-04
2.600000000000000000e+01 1.200000000000000000e+01 1.500000000000000000e+01 0.000000000000000000e+00 1.600000000000000089e+00 7.680000000000000195e-04 -4.432000000000000176e-03 -9.999900000000000455e-01 -4.673340000000000272e-01 -8.840740000000000265e-01 3.559999999999999797e-03 -8.840810000000000057e-01 4.673260000000000192e-01 -2.749999999999999840e-03
1.200000000000000000e+01 1.100000000000000000e+01 1.600000000000000000e+01 0.000000000000000000e+00 1.600000000000000089e+00 -5.000000000000000240e-05 4.749999999999999882e-03 -9.999890000000000168e-01 -4.126639999999999753e-01 -9.108730000000000437e-01 -4.305999999999999932e-03 -9.108829999999999982e-01 4.126589999999999980e-01 2.004999999999999838e-03
2.000000000000000000e+00 1.160000000000000000e+02 1.600000000000000000e+01 0.000000000000000000e+00 1.600000000000000089e+00 2.077299999999999980e-02 3.396600000000000313e-02 9.992069999999999563e-01 7.251849999999999685e-01 6.874799999999999800e-01 -3.844500000000000001e-02 -6.882409999999999917e-01 7.254080000000000528e-01 -1.034999999999999983e-02
8.000000000000000000e+00 1.160000000000000000e+02 1.600000000000000000e+01 0.000000000000000000e+00 1.600000000000000089e+00 2.778999999999999786e-03 4.307000000000000065e-03 9.999869999999999592e-01 7.565180000000000238e-01 6.539540000000000353e-01 -4.918999999999999762e-03 -6.539669999999999650e-01 7.565220000000000278e-01 -1.441000000000000007e-03
1.300000000000000000e+01 1.160000000000000000e+02 1.600000000000000000e+01 0.000000000000000000e+00 1.600000000000000089e+00 -8.559999999999999901e-04 -2.126999999999999984e-03 9.999970000000000248e-01 7.523279999999999967e-01 6.587859999999999827e-01 2.044999999999999943e-03 -6.587889999999999580e-01 7.523279999999999967e-01 1.036000000000000029e-03
2.000000000000000000e+01 1.160000000000000000e+02 1.600000000000000000e+01 0.000000000000000000e+00 1.600000000000000089e+00 -2.157000000000000063e-03 -5.839999999999999922e-04 9.999970000000000248e-01 7.059940000000000104e-01 7.082150000000000389e-01 1.936000000000000004e-03 -7.082140000000000102e-01 7.059969999999999857e-01 -1.116000000000000021e-03
2.900000000000000000e+01 1.160000000000000000e+02 1.600000000000000000e+01 0.000000000000000000e+00 1.600000000000000089e+00 -7.969999999999999654e-04 -2.420000000000000005e-04 1.000000000000000000e+00 7.746159999999999712e-01 6.324319999999999942e-01 7.709999999999999840e-04 -6.324319999999999942e-01 7.746159999999999712e-01 -3.170000000000000075e-04
2.000000000000000000e+00 2.000000000000000000e+00 1.900000000000000000e+01 0.000000000000000000e+00 1.600000000000000089e+00 -1.828700000000000117e-02 5.143099999999999755e-02 -9.985089999999999799e-01 1.899949999999999972e-01 -9.802999999999999492e-01 -5.397300000000000014e-02 -9.816150000000000153e-01 -1.906990000000000074e-01 8.156000000000000055e-03
1.100000000000000000e+01 2.000000000000000000e+00 1.900000000000000000e+01 0.000000000000000000e+00 1.600000000000000089e+00 -5.249999999999999676e-04 1.609000000000000014e-02 -9.998700000000000365e-01 2.582550000000000123e-01 -9.659499999999999753e-01 -1.567999999999999949e-02 -9.660769999999999635e-01 -2.582300000000000151e-01 -3.648000000000000201e-03
1.400000000000000000e+01 2.000000000000000000e+00 1.900000000000000000e+01 0.000000000000000000e+00 1.600000000000000089e+00 3.938999999999999793e-03 1.806999999999999926e-02 -9.998289999999999678e-01 2.533929999999999794e-01 -9.672230000000000549e-01 -1.648200000000000012e-02 -9.673549999999999649e-01 -2.532849999999999824e-01 -8.387999999999999623e-03
2.300000000000000000e+01 2.000000000000000000e+00 1.900000000000000000e+01 0.000000000000000000e+00 1.600000000000000089e+00 5.418000000000000073e-03 1.610699999999999979e-02 -9.998559999999999670e-01 2.537639999999999896e-01 -9.671619999999999662e-01 -1.420500000000000061e-02 -9.672509999999999719e-01 -2.536510000000000153e-01 -9.327999999999999486e-03
1.700000000000000000e+01 4.000000000000000000e+00 2.000000000000000000e+01 0.000000000000000000e+00 1.600000000000000089e+00 9.759999999999999796e-04 6.118000000000000174e-03 -9.999810000000000088e-01 4.535049999999999915e-01 -8.912400000000000322e-01 -5.009999999999999697e-03 -8.912529999999999619e-01 -4.534909999999999775e-01 -3.644999999999999803e-03
5.000000000000000000e+00 1.300000000000000000e+01 2.000000000000000000e+01 0.000000000000000000e+00 1.600000000000000089e+00 4.009000000000000410e-03 6.018099999999999838e-02 9.981790000000000385e-01 2.599279999999999924e-01 9.638139999999999485e-01 -5.915299999999999725e-02 -9.656200000000000339e-01 2.596919999999999784e-01 -1.177899999999999954e-02
1.100000000000000000e+01 1.300000000000000000e+01 2.000000000000000000e+01 0.000000000000000000e+00 1.600000000000000089e+00 5.060000000000000478e-04 1.895999999999999899e-03 9.999980000000000535e-01 2.575830000000000064e-01 9.662539999999999463e-01 -1.962999999999999901e-03 -9.662560000000000038e-01 2.575830000000000064e-01 9.999999999999999547e-07
1.600000000000000000e+01 1.300000000000000000e+01 2.000000000000000000e+01 0.000000000000000000e+00 1.600000000000000089e+00 -6.819999999999999890e-04 5.354000000000000252e-03 9.999850000000000128e-01 2.589029999999999943e-01 9.658900000000000263e-01 -4.995000000000000308e-03 -9.659029999999999561e-01 2.588960000000000150e-01 -2.044999999999999943e-03
2.000000000000000000e+01 1.300000000000000000e+01 2.000000000000000000e+01 0.000000000000000000e+00 1.600000000000000089e+00 -2.979999999999999793e-04 -1.417999999999999990e-03 9.999989999999999712e-01 2.617650000000000254e-01 9.651309999999999611e-01 1.446000000000000020e-03 -9.651319999999999899e-01 2.617650000000000254e-01 8.399999999999999535e-05
2.700000000000000000e+01 1.300000000000000000e+01 2.000000000000000000e+01 0.000000000000000000e+00 1.600000000000000089e+00 2.999999999999999737e-04 -1.066000000000000107e-03 9.999989999999999712e-01 2.585439999999999960e-01 9.659990000000000521e-01 9.529999999999999626e-04 -9.659990000000000521e-01 2.585439999999999960e-01 5.649999999999999641e-04
5.000000000000000000e+00 1.600000000000000000e+01 2.100000000000000000e+01 0.000000000000000000e+00 1.600000000000000089e+00 7.012000000000000004e-03 6.466299999999999826e-02 9.978829999999999645e-01 2.977170000000000094e-01 9.525190000000000046e-01 -6.381499999999999673e-02 -9.546280000000000321e-01 2.975340000000000207e-01 -1.257300000000000084e-02
1.000000000000000000e+01 1.600000000000000000e+01 2.100000000000000000e+01 0.000000000000000000e+00 1.600000000000000089e+00 3.629999999999999872e-04 3.745000000000000065e-03 9.999930000000000208e-01 2.997830000000000217e-01 9.539999999999999591e-01 -3.680999999999999810e-03 -9.540079999999999671e-01 2.997819999999999929e-01 -7.770000000000000214e-04
1.100000000000000000e+01 3.000000000000000000e+00 2.500000000000000000e+01 0.000000000000000000e+00 1.600000000000000089e+00 -2.500000000000000120e-05 4.760999999999999607e-03 9.999890000000000168e-01 -3.108299999999999952e-02 -9.995049999999999768e-01 4.758000000000000076e-03 9.995169999999999888e-01 -3.108199999999999852e-02 1.730000000000000038e-04
2.000000000000000000e+01 3.000000000000000000e+00 2.500000000000000000e+01 0.000000000000000000e+00 1.600000000000000089e+00 -9.350000000000000672e-03 -2.534999999999999927e-03 9.999529999999999808e-01 -3.682799999999999963e-02 -9.993170000000000108e-01 -2.876999999999999783e-03 9.992779999999999996e-01 -3.685299999999999687e-02 9.249999999999999542e-03
2.600000000000000000e+01 3.000000000000000000e+00 2.500000000000000000e+01 0.000000000000000000e+00 1.600000000000000089e+00 -6.980000000000000527e-04 7.585999999999999861e-03 9.999710000000000543e-01 -3.301500000000000268e-02 -9.994260000000000366e-01 7.558999999999999747e-03 9.994549999999999823e-01 -3.300899999999999668e-02 9.479999999999999495e-04
2.800000000000000000e+01 4.600000000000000000e+01 2.700000000000000000e+01 0.000000000000000000e+00 1.600000000000000089e+00 1.005999999999999950e-03 3.838999999999999965e-03 -9.999919999999999920e-01 6.732960000000000056e-01 7.393650000000000500e-01 3.516000000000000028e-03 7.393729999999999469e-01 -6.732939999999999481e-01 -1.840999999999999972e-03
3.000000000000000000e+01 4.600000000000000000e+01 3.000000000000000000e+01 0.000000000000000000e+00 1.600000000000000089e+00 -1.456999999999999962e-03 4.662000000000000345e-03 -9.999879999999999880e-01 3.261780000000000235e-01 9.453000000000000291e-01 3.930999999999999599e-03 9.453070000000000084e-01 -3.261680000000000135e-01 -2.897999999999999968e-03
2.000000000000000000e+00 5.800000000000000000e+01 3.100000000000000000e+01 0.000000000000000000e+00 1.600000000000000089e+00 2.673000000000000029e-02 5.180699999999999888e-02 9.982990000000000475e-01 -7.850209999999999688e-01 -6.171940000000000204e-01 5.304899999999999893e-02 6.188919999999999977e-01 -7.851040000000000241e-01 2.417199999999999904e-02
8.000000000000000000e+00 5.800000000000000000e+01 3.100000000000000000e+01 0.000000000000000000e+00 1.600000000000000089e+00 2.965999999999999887e-03 9.220000000000000764e-03 9.999529999999999808e-01 -7.707089999999999774e-01 -6.371350000000000069e-01 8.160999999999999852e-03 6.371799999999999686e-01 -7.706969999999999654e-01 5.216000000000000150e-03
1.300000000000000000e+01 5.800000000000000000e+01 3.100000000000000000e+01 0.000000000000000000e+00 1.600000000000000089e+00 -3.890999999999999927e-03 -1.899000000000000080e-03 9.999909999999999632e-01 -7.698859999999999593e-01 -6.381679999999999575e-01 -4.206999999999999802e-03 6.381700000000000150e-01 -7.698949999999999960e-01 1.021999999999999905e-03
2.300000000000000000e+01 5.800000000000000000e+01 3.100000000000000000e+01 0.000000000000000000e+00 1.600000000000000089e+00 4.290000000000000193e-04 4.924999999999999691e-03 9.999879999999999880e-01 -7.706330000000000124e-01 -6.372700000000000031e-01 3.468999999999999861e-03 6.372790000000000399e-01 -7.706250000000000044e-01 3.521999999999999957e-03
2.000000000000000000e+00 4.600000000000000000e+01 3.500000000000000000e+01 0.000000000000000000e+00 1.600000000000000089e+00 -2.358999999999999986e-03 3.758500000000000035e-02 -9.992910000000000403e-01 3.899909999999999766e-01 -9.201329999999999787e-01 -3.552799999999999708e-02 -9.208159999999999679e-01 -3.897979999999999778e-01 -1.248699999999999984e-02
7.000000000000000000e+00 4.600000000000000000e+01 3.500000000000000000e+01 0.000000000000000000e+00 1.600000000000000089e+00 -8.149999999999999693e-04 1.411600000000000008e-02 -9.999000000000000110e-01 3.949119999999999853e-01 -9.186229999999999674e-01 -1.329100000000000073e-02 -9.187189999999999523e-01 -3.948829999999999840e-01 -4.826000000000000428e-03
1.000000000000000000e+01 4.600000000000000000e+01 3.500000000000000000e+01 0.000000000000000000e+00 1.600000000000000089e+00 -7.370000000000000249e-04 1.074000000000000085e-03 -9.999989999999999712e-01 3.948240000000000083e-01 -9.187560000000000171e-01 -1.278000000000000056e-03 -9.187560000000000171e-01 -3.948249999999999815e-01 2.530000000000000239e-04
1.400000000000000000e+01 4.600000000000000000e+01 3.500000000000000000e+01 0.000000000000000000e+00 1.600000000000000089e+00 -4.079999999999999968e-04 -1.513000000000000022e-03 -9.999989999999999712e-01 3.929239999999999955e-01 -9.195699999999999985e-01 1.231000000000000106e-03 -9.195710000000000273e-01 -3.929230000000000222e-01 9.690000000000000262e-04
1.700000000000000000e+01 4.600000000000000000e+01 3.500000000000000000e+01 0.000000000000000000e+00 1.600000000000000089e+00 3.099999999999999999e-04 -3.036000000000000070e-03 -9.999949999999999672e-01 3.928400000000000225e-01 -9.196020000000000305e-01 2.913999999999999924e-03 -9.196069999999999522e-01 -3.928389999999999938e-01 9.079999999999999530e-04
2.300000000000000000e+01 4.600000000000000000e+01 3.500000000000000000e+01 0.000000000000000000e+00 1.600000000000000089e+00 1.833999999999999910e-03 -1.191999999999999917e-03 -9.999980000000000535e-01 3.933530000000000082e-01 -9.193860000000000365e-01 1.817999999999999955e-03 -9.193860000000000365e-01 -3.933559999999999834e-01 -1.216999999999999983e-03
8.000000000000000000e+00 9.500000000000000000e+01 3.600000000000000000e+01 0.000000000000000000e+00 1.600000000000000089e+00 6.655999999999999590e-03 5.559000000000000052e-02 9.984319999999999862e-01 9.971130000000000271e-01 7.515299999999999758e-02 -1.083199999999999961e-02 -7.563799999999999690e-02 9.956209999999999782e-01 -5.492999999999999966e-02
1.500000000000000000e+01 9.500000000000000000e+01 3.600000000000000000e+01 0.000000000000000000e+00 1.600000000000000089e+00 8.499999999999999526e-04 -7.464000000000000148e-03 9.999719999999999720e-01 9.971649999999999681e-01 7.524400000000000532e-02 -2.860000000000000129e-04 -7.524000000000000132e-02 9.971370000000000511e-01 7.506999999999999784e-03
5.000000000000000000e+00 3.000000000000000000e+00 4.300000000000000000e+01 0.000000000000000000e+00 1.600000000000000089e+00 3.242799999999999849e-02 1.797479999999999911e-01 -9.831779999999999964e-01 7.314699999999999536e-01 -6.746180000000000510e-01 -9.920900000000000551e-02 -6.811019999999999852e-01 -7.159480000000000288e-01 -1.533569999999999933e-01
5.000000000000000000e+00 2.900000000000000000e+01 4.400000000000000000e+01 0.000000000000000000e+00 1.600000000000000089e+00 1.615799999999999875e-02 2.623100000000000084e-02 -9.995249999999999968e-01 6.484910000000000396e-01 7.606129999999999836e-01 3.044399999999999884e-02 7.610510000000000330e-01 -6.486750000000000016e-01 -4.721000000000000370e-03
1.100000000000000000e+01 2.900000000000000000e+01 4.400000000000000000e+01 0.000000000000000000e+00 1.600000000000000089e+00 2.298999999999999828e-03 2.209000000000000026e-03 -9.999949999999999672e-01 6.505549999999999944e-01 7.594530000000000447e-01 3.173000000000000039e-03 7.594560000000000199e-01 -6.505589999999999984e-01 3.089999999999999756e-04
1.300000000000000000e+01 2.900000000000000000e+01 4.400000000000000000e+01 0.000000000000000000e+00 1.600000000000000089e+00 1.139999999999999954e-03 1.662000000000000066e-03 -9.999980000000000535e-01 6.505300000000000527e-01 7.594769999999999577e-01 2.004000000000000139e-03 7.594790000000000152e-01 -6.505309999999999704e-01 -2.159999999999999919e-04
1.900000000000000000e+01 2.900000000000000000e+01 4.400000000000000000e+01 0.000000000000000000e+00 1.600000000000000089e+00 -2.357000000000000154e-03 3.269999999999999795e-04 -9.999970000000000248e-01 6.486070000000000446e-01 7.611219999999999652e-01 -1.280000000000000105e-03 7.611200000000000188e-01 -6.486079999999999623e-01 -2.005999999999999971e-03
2.400000000000000000e+01 2.900000000000000000e+01 4.400000000000000000e+01 0.000000000000000000e+00 1.600000000000000089e+00 1.082999999999999978e-03 -4.209999999999999875e-04 -9.999989999999999712e-01 6.514480000000000270e-01 7.586929999999999508e-01 3.860000000000000041e-04 7.586929999999999508e-01 -6.514480000000000270e-01 1.095999999999999969e-03
1.200000000000000000e+01 6.500000000000000000e+01 4.600000000000000000e+01 0.000000000000000000e+00 1.600000000000000089e+00 -2.509999999999999753e-04 -5.910000000000000539e-04 1.000000000000000000e+00 6.815830000000000499e-01 -7.317399999999999460e-01 -2.610000000000000015e-04 7.317399999999999460e-01 6.815830000000000499e-01 5.869999999999999567e-04
2.600000000000000000e+01 7.000000000000000000e+01 4.700000000000000000e+01 0.000000000000000000e+00 1.600000000000000089e+00 1.894000000000000067e-03 -6.080000000000000335e-03 -9.999799999999999800e-01 -8.424930000000000474e-01 -5.387039999999999607e-01 1.678999999999999937e-03 -5.387030000000000429e-01 8.424730000000000274e-01 -6.143000000000000023e-03
2.000000000000000000e+00 5.000000000000000000e+00 5.100000000000000000e+01 0.000000000000000000e+00 1.600000000000000089e+00 2.203499999999999903e-02 6.726400000000000434e-02 -9.974920000000000453e-01 4.900510000000000144e-01 -8.703790000000000138e-01 -4.786699999999999983e-02 -8.714150000000000507e-01 -4.877670000000000061e-01 -5.214200000000000085e-02
8.000000000000000000e+00 5.000000000000000000e+00 5.100000000000000000e+01 0.000000000000000000e+00 1.600000000000000089e+00 2.929000000000000180e-03 1.608300000000000007e-02 -9.998660000000000325e-01 4.833669999999999911e-01 -8.753260000000000485e-01 -1.266300000000000064e-02 -8.754129999999999967e-01 -4.832659999999999734e-01 -1.033799999999999997e-02
1.700000000000000000e+01 5.000000000000000000e+00 5.100000000000000000e+01 0.000000000000000000e+00 1.600000000000000089e+00 3.462999999999999932e-03 -2.677999999999999825e-03 -9.999900000000000455e-01 4.794869999999999965e-01 -8.775399999999999867e-01 4.009999999999999676e-03 -8.775420000000000442e-01 -4.794970000000000065e-01 -1.755000000000000050e-03
2.100000000000000000e+01 5.000000000000000000e+00 5.100000000000000000e+01 0.000000000000000000e+00 1.600000000000000089e+00 -2.602999999999999845e-03 -1.465499999999999962e-02 -9.998890000000000278e-01 4.785690000000000222e-01 -8.779730000000000034e-01 1.162200000000000039e-02 -8.780459999999999932e-01 -4.784860000000000224e-01 9.298999999999999974e-03
2.700000000000000000e+01 5.000000000000000000e+00 5.100000000000000000e+01 0.000000000000000000e+00 1.600000000000000089e+00 1.835000000000000043e-03 5.497000000000000150e-03 -9.999829999999999552e-01 4.739940000000000264e-01 -8.805190000000000516e-01 -3.970999999999999704e-03 -8.805260000000000309e-01 -4.739789999999999837e-01 -4.220999999999999926e-03
2.900000000000000000e+01 1.150000000000000000e+02 5.100000000000000000e+01 0.000000000000000000e+00 1.600000000000000089e+00 1.538000000000000088e-03 1.776000000000000018e-03 9.999970000000000248e-01 8.483309999999999462e-01 -5.294670000000000210e-01 -3.640000000000000115e-04 5.294649999999999634e-01 8.483289999999999997e-01 -2.321000000000000146e-03
5.000000000000000000e+00 6.300000000000000000e+01 5.400000000000000000e+01 0.000000000000000000e+00 1.600000000000000089e+00 4.924999999999999691e-03 2.622400000000000078e-02 9.996439999999999770e-01 -3.523899999999999810e-01 9.355750000000000455e-01 -2.280700000000000088e-02 -9.358400000000000052e-01 -3.521529999999999938e-01 1.384900000000000020e-02
9.000000000000000000e+00 6.300000000000000000e+01 5.400000000000000000e+01 0.000000000000000000e+00 1.600000000000000089e+00 6.070000000000000092e-04 9.299999999999999727e-05 1.000000000000000000e+00 -3.475730000000000208e-01 9.376529999999999587e-01 1.240000000000000054e-04 -9.376529999999999587e-01 -3.475730000000000208e-01 6.009999999999999717e-04
1.500000000000000000e+01 6.300000000000000000e+01 5.400000000000000000e+01 0.000000000000000000e+00 1.600000000000000089e+00 -1.191000000000000001e-03 4.213999999999999864e-03 9.999900000000000455e-01 -3.408900000000000263e-01 9.400929999999999565e-01 -4.368000000000000355e-03 -9.401019999999999932e-01 -3.408919999999999728e-01 3.170000000000000075e-04
2.200000000000000000e+01 6.300000000000000000e+01 5.400000000000000000e+01 0.000000000000000000e+00 1.600000000000000089e+00 9.840000000000000656e-04 -4.800000000000000122e-04 9.999989999999999712e-01 -3.351790000000000047e-01 9.421540000000000470e-01 7.820000000000000345e-04 -9.421540000000000470e-01 -3.351790000000000047e-01 7.659999999999999708e-04
2.700000000000000000e+01 6.300000000000000000e+01 5.400000000000000000e+01 0.000000000000000000e+00 1.600000000000000089e+00 1.340000000000000045e-03 -2.292999999999999899e-03 9.999959999999999960e-01 -3.415329999999999755e-01 9.398659999999999792e-01 2.612999999999999871e-03 -9.398689999999999545e-01 -3.415349999999999775e-01 4.760000000000000234e-04
3.000000000000000000e+00 2.500000000000000000e+01 5.500000000000000000e+01 0.000000000000000000e+00 1.600000000000000089e+00 1.214000000000000018e-03 8.744000000000000036e-03 -9.999609999999999888e-01 -1.244900000000000000e-02 -9.998839999999999950e-01 -8.758000000000000160e-03 -9.999219999999999775e-01 1.246000000000000059e-02 -1.105000000000000079e-03
6.000000000000000000e+00 2.500000000000000000e+01 5.500000000000000000e+01 0.000000000000000000e+00 1.600000000000000089e+00 2.141000000000000108e-03 6.071000000000000008e-03 -9.999789999999999512e-01 -1.277200000000000037e-02 -9.999000000000000110e-01 -6.098000000000000122e-03 -9.999160000000000270e-01 1.278499999999999949e-02 -2.063000000000000164e-03
1.300000000000000000e+01 2.500000000000000000e+01 5.500000000000000000e+01 0.000000000000000000e+00 1.600000000000000089e+00 -3.260000000000000094e-04 1.060000000000000016e-04 -1.000000000000000000e+00 -1.187900000000000067e-02 -9.999289999999999567e-01 -1.019999999999999992e-04 -9.999289999999999567e-01 1.187900000000000067e-02 3.269999999999999795e-04
1.700000000000000000e+01 2.500000000000000000e+01 5.500000000000000000e+01 0.000000000000000000e+00 1.600000000000000089e+00 1.528999999999999977e-03 -2.101000000000000003e-03 -9.999970000000000248e-01 -1.194600000000000002e-02 -9.999259999999999815e-01 2.083000000000000216e-03 -9.999270000000000103e-01 1.194300000000000049e-02 -1.554000000000000043e-03
2.000000000000000000e+01 2.500000000000000000e+01 5.500000000000000000e+01 0.000000000000000000e+00 1.600000000000000089e+00 1.631999999999999987e-03 6.930000000000000396e-04 -9.999980000000000535e-01 -1.269400000000000042e-02 -9.999190000000000023e-01 -7.140000000000000079e-04 -9.999179999999999735e-01 1.269499999999999969e-02 -1.623000000000000094e-03
2.600000000000000000e+01 2.500000000000000000e+01 5.500000000000000000e+01 0.000000000000000000e+00 1.600000000000000089e+00 1.209000000000000005e-03 4.993000000000000042e-03 -9.999869999999999592e-01 -9.815000000000000807e-03 -9.999390000000000223e-01 -5.003999999999999768e-03 -9.999510000000000343e-01 9.820999999999999869e-03 -1.160000000000000007e-03
6.000000000000000000e+00 2.100000000000000000e+01 6.000000000000000000e+01 0.000000000000000000e+00 1.600000000000000089e+00 -2.985999999999999939e-03 3.626800000000000163e-02 9.993379999999999486e-01 -9.351700000000000290e-02 9.949519999999999476e-01 -3.638799999999999674e-02 -9.956129999999999702e-01 -9.356399999999999439e-02 4.209999999999999875e-04
1.500000000000000000e+01 2.100000000000000000e+01 6.000000000000000000e+01 0.000000000000000000e+00 1.600000000000000089e+00 9.250000000000000409e-04 -7.667000000000000204e-03 9.999700000000000255e-01 -9.451900000000000579e-02 9.954929999999999612e-01 7.720000000000000299e-03 -9.955230000000000468e-01 -9.452299999999999591e-02 1.959999999999999937e-04
2.400000000000000000e+01 2.100000000000000000e+01 6.000000000000000000e+01 0.000000000000000000e+00 1.600000000000000089e+00 2.149999999999999947e-04 -1.665999999999999946e-03 9.999989999999999712e-01 -9.521599999999999508e-02 9.954549999999999788e-01 1.678999999999999937e-03 -9.954570000000000363e-01 -9.521699999999999608e-02 5.599999999999999916e-05
2.800000000000000000e+01 2.100000000000000000e+01 6.000000000000000000e+01 0.000000000000000000e+00 1.600000000000000089e+00 -1.399999999999999877e-04 6.759999999999999516e-04 1.000000000000000000e+00 -9.399299999999999322e-02 9.955730000000000413e-01 -6.859999999999999779e-04 -9.955730000000000413e-01 -9.399299999999999322e-02 -7.499999999999999343e-05
2.000000000000000000e+01 6.700000000000000000e+01 6.000000000000000000e+01 0.000000000000000000e+00 1.600000000000000089e+00 -1.396000000000000105e-03 -3.168999999999999942e-03 9.999940000000000495e-01 1.744650000000000090e-01 -9.846589999999999510e-01 -2.876999999999999783e-03 9.846620000000000372e-01 1.744600000000000040e-01 1.928000000000000026e-03
2.500000000000000000e+01 6.000000000000000000e+00 6.100000000000000000e+01 0.000000000000000000e+00 1.600000000000000089e+00 1.735999999999999913e-03 -9.449000000000000801e-03 9.999540000000000095e-01 5.662209999999999743e-01 -8.242070000000000229e-01 -8.770999999999999283e-03 8.242519999999999847e-01 5.662099999999999911e-01 3.918999999999999741e-03
8.000000000000000000e+00 3.000000000000000000e+00 6.300000000000000000e+01 0.000000000000000000e+00 1.600000000000000089e+00 9.439999999999999607e-04 2.377399999999999999e-02 9.997169999999999668e-01 -6.175540000000000473e-01 7.863200000000000189e-01 -1.811700000000000116e-02 -7.865280000000000049e-01 -6.173619999999999663e-01 1.542400000000000021e-02
1.200000000000000000e+01 3.000000000000000000e+00 6.300000000000000000e+01 0.000000000000000000e+00 1.600000000000000089e+00 9.359999999999999831e-04 4.683999999999999796e-03 9.999890000000000168e-01 -6.154910000000000103e-01 7.881380000000000052e-01 -3.115999999999999846e-03 -7.881430000000000380e-01 -6.154809999999999448e-01 3.619999999999999954e-03
1.000000000000000000e+00 2.700000000000000000e+01 6.300000000000000000e+01 0.000000000000000000e+00 1.600000000000000089e+00 -4.570000000000000277e-03 4.269499999999999684e-02 9.990780000000000216e-01 -2.841710000000000069e-01 9.578430000000000000e-01 -4.223199999999999871e-02 -9.587630000000000319e-01 -2.841009999999999924e-01 7.754999999999999741e-03
7.000000000000000000e+00 2.700000000000000000e+01 6.300000000000000000e+01 0.000000000000000000e+00 1.600000000000000089e+00 -1.652999999999999955e-03 1.366999999999999986e-02 9.999050000000000438e-01 -2.801960000000000006e-01 9.598470000000000057e-01 -1.358499999999999985e-02 -9.599410000000000442e-01 -2.801919999999999966e-01 2.243999999999999901e-03
1.100000000000000000e+01 2.700000000000000000e+01 6.300000000000000000e+01 0.000000000000000000e+00 1.600000000000000089e+00 2.468000000000000142e-03 2.485999999999999929e-03 9.999940000000000495e-01 -2.774960000000000204e-01 9.607250000000000512e-01 -1.703000000000000087e-03 -9.607240000000000224e-01 -2.774900000000000144e-01 3.060999999999999919e-03
1.600000000000000000e+01 2.700000000000000000e+01 6.300000000000000000e+01 0.000000000000000000e+00 1.600000000000000089e+00 -5.890000000000000053e-04 7.209999999999999612e-04 1.000000000000000000e+00 -2.750299999999999967e-01 9.614350000000000396e-01 -8.549999999999999658e-04 -9.614359999999999573e-01 -2.750299999999999967e-01 -3.680000000000000003e-04
