9.000000000000000000e+00 1.500000000000000000e+01 4.000000000000000000e+00 0.000000000000000000e+00 1.600000000000000089e+00 1.461000000000000059e-03 -9.116000000000000839e-03 9.999569999999999848e-01 2.998890000000000167e-01 -9.539299999999999446e-01 -9.135000000000000758e-03 9.539729999999999599e-01 2.998890000000000167e-01 1.340000000000000045e-03
1.400000000000000000e+01 1.500000000000000000e+01 4.000000000000000000e+00 0.000000000000000000e+00 1.600000000000000089e+00 -1.423999999999999919e-03 -1.652500000000000149e-02 9.998620000000000285e-01 2.913799999999999724e-01 -9.564840000000000009e-01 -1.539300000000000043e-02 9.566059999999999564e-01 2.913180000000000214e-01 6.177000000000000199e-03
1.800000000000000000e+01 1.500000000000000000e+01 4.000000000000000000e+00 0.000000000000000000e+00 1.600000000000000089e+00 -2.246999999999999865e-03 -1.603399999999999964e-02 9.998690000000000078e-01 2.817219999999999724e-01 -9.593829999999999858e-01 -1.475100000000000022e-02 9.594930000000000403e-01 2.816520000000000135e-01 6.673000000000000112e-03
2.700000000000000000e+01 1.500000000000000000e+01 4.000000000000000000e+00 0.000000000000000000e+00 1.600000000000000089e+00 2.955000000000000161e-03 5.469999999999999602e-04 9.999949999999999672e-01 2.825989999999999891e-01 -9.592380000000000351e-01 -3.099999999999999999e-04 9.592340000000000311e-01 2.825980000000000159e-01 -2.990000000000000036e-03
5.000000000000000000e+00 1.010000000000000000e+02 7.000000000000000000e+00 0.000000000000000000e+00 1.600000000000000089e+00 -4.342999999999999639e-03 -1.930499999999999924e-02 9.998040000000000260e-01 8.854880000000000528e-01 4.644860000000000100e-01 1.281500000000000000e-02 -4.646419999999999995e-01 8.853699999999999903e-01 1.507700000000000012e-02
1.400000000000000000e+01 1.010000000000000000e+02 7.000000000000000000e+00 0.000000000000000000e+00 1.600000000000000089e+00 1.379999999999999933e-03 1.835600000000000079e-02 9.998310000000000253e-01 8.856190000000000451e-01 4.643090000000000273e-01 -9.747000000000000455e-03 -4.644099999999999895e-01 8.854830000000000201e-01 -1.561500000000000041e-02
2.700000000000000000e+01 1.010000000000000000e+02 7.000000000000000000e+00 0.000000000000000000e+00 1.600000000000000089e+00 -1.900999999999999912e-03 -8.788999999999999937e-03 9.999599999999999600e-01 8.852240000000000109e-01 4.651290000000000147e-01 5.771000000000000088e-03 -4.651600000000000179e-01 8.851999999999999869e-01 6.896000000000000220e-03
1.000000000000000000e+00 1.500000000000000000e+01 8.000000000000000000e+00 0.000000000000000000e+00 1.600000000000000089e+00 -4.264999999999999694e-03 1.499999999999999869e-04 -9.999909999999999632e-01 -5.832850000000000534e-01 -8.122639999999999860e-01 2.366000000000000048e-03 -8.122559999999999780e-01 5.832899999999999752e-01 3.552000000000000036e-03
5.000000000000000000e+00 1.500000000000000000e+01 8.000000000000000000e+00 0.000000000000000000e+00 1.600000000000000089e+00 -3.652999999999999997e-03 2.005999999999999971e-03 -9.999909999999999632e-01 -5.838959999999999706e-01 -8.118279999999999941e-01 5.039999999999999992e-04 -8.118199999999999861e-01 5.838929999999999954e-01 4.137000000000000052e-03
1.600000000000000000e+01 1.500000000000000000e+01 8.000000000000000000e+00 0.000000000000000000e+00 1.600000000000000089e+00 -2.098000000000000038e-03 -1.167100000000000082e-02 -9.999299999999999855e-01 -5.875609999999999999e-01 -8.091089999999999671e-01 1.067700000000000073e-02 -8.091770000000000351e-01 5.875420000000000087e-01 -5.159999999999999656e-03
2.500000000000000000e+01 1.500000000000000000e+01 8.000000000000000000e+00 0.000000000000000000e+00 1.600000000000000089e+00 -4.028000000000000330e-03 -6.854999999999999982e-03 -9.999679999999999680e-01 -5.899750000000000272e-01 -8.073829999999999618e-01 7.912000000000000630e-03 -8.074109999999999898e-01 5.899879999999999569e-01 -7.919999999999999523e-04
3.000000000000000000e+01 1.500000000000000000e+01 8.000000000000000000e+00 0.000000000000000000e+00 1.600000000000000089e+00 -2.441000000000000027e-03 2.877999999999999916e-03 -9.999930000000000208e-01 -5.914869999999999850e-01 -8.063139999999999752e-01 -8.769999999999999584e-04 -8.063109999999999999e-01 5.914810000000000345e-01 3.670999999999999784e-03
1.000000000000000000e+00 2.600000000000000000e+01 8.000000000000000000e+00 0.000000000000000000e+00 1.600000000000000089e+00 2.713000000000000134e-03 6.033000000000000168e-03 -9.999780000000000335e-01 4.071170000000000067e-01 9.133520000000000527e-01 6.615000000000000220e-03 9.133719999999999617e-01 -4.071259999999999879e-01 2.199999999999999943e-05
8.000000000000000000e+00 2.600000000000000000e+01 8.000000000000000000e+00 0.000000000000000000e+00 1.600000000000000089e+00 1.574000000000000095e-03 4.910999999999999567e-03 -9.999869999999999592e-01 4.059360000000000190e-01 9.138870000000000049e-01 5.126999999999999613e-03 9.139000000000000457e-01 -4.059389999999999943e-01 -5.550000000000000462e-04
2.100000000000000000e+01 2.600000000000000000e+01 8.000000000000000000e+00 0.000000000000000000e+00 1.600000000000000089e+00 3.650000000000000033e-03 9.306000000000000036e-03 -9.999500000000000055e-01 4.022390000000000132e-01 9.154799999999999605e-01 9.988000000000000350e-03 9.155269999999999797e-01 -4.022549999999999737e-01 -4.020000000000000136e-04
3.000000000000000000e+00 2.400000000000000000e+01 9.000000000000000000e+00 0.000000000000000000e+00 1.600000000000000089e+00 2.292999999999999899e-03 6.327000000000000159e-03 -9.999770000000000048e-01 4.624949999999999894e-01 8.865969999999999684e-01 6.670999999999999847e-03 8.866190000000000460e-01 -4.625000000000000222e-01 -8.930000000000000221e-04
9.000000000000000000e+00 2.400000000000000000e+01 9.000000000000000000e+00 0.000000000000000000e+00 1.600000000000000089e+00 1.691000000000000012e-03 3.076000000000000175e-03 -9.999940000000000495e-01 4.619210000000000260e-01 8.869139999999999802e-01 3.510000000000000099e-03 8.869190000000000129e-01 -4.619240000000000013e-01 7.899999999999999579e-05
1.800000000000000000e+01 2.400000000000000000e+01 9.000000000000000000e+00 0.000000000000000000e+00 1.600000000000000089e+00 2.413000000000000214e-03 3.860000000000000150e-03 -9.999900000000000455e-01 4.598920000000000230e-01 8.879629999999999468e-01 4.537000000000000234e-03 8.879719999999999835e-01 -4.598979999999999735e-01 3.669999999999999760e-04
2.500000000000000000e+01 2.400000000000000000e+01 9.000000000000000000e+00 0.000000000000000000e+00 1.600000000000000089e+00 2.837999999999999811e-03 5.449999999999999983e-03 -9.999810000000000088e-01 4.592479999999999896e-01 8.882870000000000488e-01 6.144000000000000156e-03 8.883039999999999825e-01 -4.592559999999999976e-01 1.800000000000000046e-05
6.000000000000000000e+00 4.000000000000000000e+00 1.100000000000000000e+01 0.000000000000000000e+00 1.600000000000000089e+00 8.769999999999999584e-04 1.993100000000000080e-02 -9.998010000000000508e-01 2.240449999999999942e-01 9.743810000000000526e-01 1.962099999999999955e-02 9.745780000000000554e-01 -2.240169999999999939e-01 -3.611000000000000060e-03
1.000000000000000000e+01 4.000000000000000000e+00 1.100000000000000000e+01 0.000000000000000000e+00 1.600000000000000089e+00 1.015999999999999976e-03 6.858000000000000380e-03 -9.999759999999999760e-01 2.214800000000000102e-01 9.751410000000000355e-01 6.912999999999999874e-03 9.751640000000000308e-01 -2.214810000000000112e-01 -5.289999999999999564e-04
1.300000000000000000e+01 4.000000000000000000e+00 1.100000000000000000e+01 0.000000000000000000e+00 1.600000000000000089e+00 3.820000000000000153e-04 -1.407000000000000048e-03 -9.999989999999999712e-01 2.196200000000000097e-01 9.755850000000000355e-01 -1.288999999999999998e-03 9.755850000000000355e-01 -2.196190000000000087e-01 6.819999999999999890e-04
1.200000000000000000e+01 3.100000000000000000e+01 1.200000000000000000e+01 0.000000000000000000e+00 1.600000000000000089e+00 -8.980000000000000352e-04 9.039999999999999642e-04 9.999989999999999712e-01 -2.052700000000000011e-02 9.997890000000000388e-01 -9.219999999999999680e-04 -9.997890000000000388e-01 -2.052800000000000111e-02 -8.790000000000000070e-04
2.200000000000000000e+01 3.100000000000000000e+01 1.200000000000000000e+01 0.000000000000000000e+00 1.600000000000000089e+00 -1.587000000000000086e-03 1.436999999999999909e-03 9.999980000000000535e-01 -2.453500000000000125e-02 9.996979999999999755e-01 -1.474999999999999966e-03 -9.996979999999999755e-01 -2.453699999999999978e-02 -1.551000000000000078e-03
2.700000000000000000e+01 3.100000000000000000e+01 1.200000000000000000e+01 0.000000000000000000e+00 1.600000000000000089e+00 -5.469999999999999602e-04 3.690000000000000246e-04 1.000000000000000000e+00 -2.210900000000000018e-02 9.997559999999999780e-01 -3.809999999999999910e-04 -9.997549999999999493e-01 -2.211000000000000118e-02 -5.389999999999999826e-04
8.000000000000000000e+00 3.200000000000000000e+01 1.400000000000000000e+01 0.000000000000000000e+00 1.600000000000000089e+00 -1.178000000000000011e-03 1.013999999999999927e-03 -9.999989999999999712e-01 1.106739999999999946e-01 9.938559999999999617e-01 8.779999999999999827e-04 9.938559999999999617e-01 -1.106729999999999936e-01 -1.283000000000000069e-03
1.600000000000000000e+01 3.200000000000000000e+01 1.400000000000000000e+01 0.000000000000000000e+00 1.600000000000000089e+00 1.100000000000000039e-04 -4.055999999999999710e-03 -9.999919999999999920e-01 1.179230000000000000e-01 9.930149999999999810e-01 -4.014000000000000207e-03 9.930229999999999890e-01 -1.179209999999999980e-01 5.879999999999999810e-04
1.900000000000000000e+01 3.200000000000000000e+01 1.400000000000000000e+01 0.000000000000000000e+00 1.600000000000000089e+00 2.775999999999999822e-03 -2.062000000000000031e-03 -9.999940000000000495e-01 1.190620000000000012e-01 9.928850000000000176e-01 -1.716999999999999993e-03 9.928829999999999600e-01 -1.190569999999999962e-01 3.001000000000000195e-03
2.000000000000000000e+00 1.200000000000000000e+01 1.500000000000000000e+01 0.000000000000000000e+00 1.600000000000000089e+00 -1.518000000000000035e-03 -5.599999999999999943e-03 -9.999829999999999552e-01 -4.718499999999999917e-01 -8.816610000000000280e-01 5.654000000000000171e-03 -8.816779999999999617e-01 4.718499999999999917e-01 -1.304000000000000038e-03
1.000000000000000000e+01 1.200000000000000000e+01 1.500000000000000000e+01 0.000000000000000000e+00 1.600000000000000089e+00 -1.118999999999999986e-03 -1.149000000000000065e-03 -9.999989999999999712e-01 -4.712660000000000182e-01 -8.819900000000000517e-01 1.541000000000000052e-03 -8.819900000000000517e-01 4.712680000000000202e-01 4.449999999999999746e-04
1.600000000000000000e+01 1.200000000000000000e+01 1.500000000000000000e+01 0.000000000000000000e+00 1.600000000000000089e+00 2.970000000000000092e-04 -6.549999999999999833e-04 -1.000000000000000000e+00 -4.716670000000000029e-01 -8.817770000000000330e-01 4.369999999999999970e-04 -8.817770000000000330e-01 4.716659999999999742e-01 -5.710000000000000015e-04
1.900000000000000000e+01 1.200000000000000000e+01 1.500000000000000000e+01 0.000000000000000000e+00 1.600000000000000089e+00 -1.054000000000000032e-03 -5.599999999999999916e-05 -9.999989999999999712e-01 -4.724439999999999751e-01 -8.813609999999999500e-01 5.469999999999999602e-04 -8.813600000000000323e-01 4.724439999999999751e-01 9.030000000000000483e-04
2.500000000000000000e+01 1.200000000000000000e+01 1.500000000000000000e+01 0.000000000000000000e+00 1.600000000000000089e+00 -2.004000000000000139e-03 -1.549000000000000030e-03 -9.999970000000000248e-01 -4.734389999999999987e-01 -8.808230000000000226e-01 2.312999999999999952e-03 -8.808240000000000514e-01 4.734419999999999740e-01 1.031999999999999931e-03
2.900000000000000000e+01 1.200000000000000000e+01 1.500000000000000000e+01 0.000000000000000000e+00 1.600000000000000089e+00 1.649000000000000075e-03 -1.876000000000000063e-03 -9.999970000000000248e-01 -4.730989999999999918e-01 -8.810090000000000421e-01 8.729999999999999696e-04 -8.810080000000000133e-01 4.730960000000000165e-01 -2.340000000000000066e-03
2.500000000000000000e+01 1.100000000000000000e+01 1.600000000000000000e+01 0.000000000000000000e+00 1.600000000000000089e+00 -1.507000000000000093e-03 -1.977000000000000025e-03 -9.999970000000000248e-01 -4.211989999999999901e-01 -9.069650000000000212e-01 2.428000000000000037e-03 -9.069669999999999677e-01 4.212009999999999921e-01 5.339999999999999695e-04
4.000000000000000000e+00 1.160000000000000000e+02 1.600000000000000000e+01 0.000000000000000000e+00 1.600000000000000089e+00 -2.024000000000000191e-03 -5.339999999999999695e-04 9.999980000000000535e-01 6.537690000000000445e-01 7.566920000000000313e-01 1.727000000000000019e-03 -7.566910000000000025e-01 6.537709999999999910e-01 -1.182000000000000108e-03
1.300000000000000000e+01 1.160000000000000000e+02 1.600000000000000000e+01 0.000000000000000000e+00 1.600000000000000089e+00 9.700000000000000505e-04 -4.366000000000000089e-03 9.999900000000000455e-01 6.645469999999999988e-01 7.472419999999999618e-01 2.618000000000000101e-03 -7.472459999999999658e-01 6.645379999999999621e-01 3.627000000000000016e-03
2.300000000000000000e+01 1.160000000000000000e+02 1.600000000000000000e+01 0.000000000000000000e+00 1.600000000000000089e+00 -2.015999999999999997e-03 3.849999999999999798e-04 9.999980000000000535e-01 6.704609999999999737e-01 7.419440000000000479e-01 1.066000000000000107e-03 -7.419419999999999904e-01 6.704620000000000024e-01 -1.753999999999999917e-03
6.000000000000000000e+00 2.000000000000000000e+00 1.900000000000000000e+01 0.000000000000000000e+00 1.600000000000000089e+00 4.852000000000000410e-03 -6.011999999999999983e-03 -9.999700000000000255e-01 2.079400000000000137e-01 -9.781170000000000142e-01 6.890000000000000291e-03 -9.781300000000000550e-01 -2.079670000000000130e-01 -3.495999999999999976e-03
9.000000000000000000e+00 2.000000000000000000e+00 1.900000000000000000e+01 0.000000000000000000e+00 1.600000000000000089e+00 7.529999999999999801e-04 -5.068999999999999721e-03 -9.999869999999999592e-01 2.093019999999999881e-01 -9.778379999999999850e-01 5.113999999999999622e-03 -9.778510000000000257e-01 -2.093029999999999891e-01 3.249999999999999851e-04
1.800000000000000000e+01 2.000000000000000000e+00 1.900000000000000000e+01 0.000000000000000000e+00 1.600000000000000089e+00 -1.330000000000000073e-04 -1.776999999999999934e-03 -9.999980000000000535e-01 2.109580000000000066e-01 -9.774939999999999740e-01 1.709000000000000016e-03 -9.774950000000000028e-01 -2.109580000000000066e-01 5.050000000000000235e-04
2.200000000000000000e+01 2.000000000000000000e+00 1.900000000000000000e+01 0.000000000000000000e+00 1.600000000000000089e+00 4.979999999999999618e-04 -4.995999999999999573e-03 -9.999869999999999592e-01 2.152030000000000054e-01 -9.765570000000000084e-01 4.985999999999999981e-03 -9.765690000000000204e-01 -2.152030000000000054e-01 5.890000000000000053e-04
2.600000000000000000e+01 2.000000000000000000e+00 1.900000000000000000e+01 0.000000000000000000e+00 1.600000000000000089e+00 1.409000000000000096e-03 -1.423999999999999919e-02 -9.998979999999999535e-01 2.189780000000000060e-01 -9.756259999999999932e-01 1.420199999999999935e-02 -9.757289999999999575e-01 -2.189760000000000040e-01 1.744000000000000107e-03
2.900000000000000000e+01 2.000000000000000000e+00 1.900000000000000000e+01 0.000000000000000000e+00 1.600000000000000089e+00 2.431000000000000001e-03 -1.415499999999999918e-02 -9.998970000000000358e-01 2.203360000000000041e-01 -9.753190000000000470e-01 1.434299999999999985e-02 -9.754209999999999825e-01 -2.203479999999999883e-01 7.479999999999999670e-04
8.000000000000000000e+00 1.300000000000000000e+01 2.000000000000000000e+01 0.000000000000000000e+00 1.600000000000000089e+00 5.500000000000000331e-04 1.610000000000000103e-04 1.000000000000000000e+00 2.562869999999999870e-01 9.666010000000000435e-01 -2.959999999999999849e-04 -9.666000000000000147e-01 2.562880000000000158e-01 4.910000000000000085e-04
1.200000000000000000e+01 1.300000000000000000e+01 2.000000000000000000e+01 0.000000000000000000e+00 1.600000000000000089e+00 -1.575000000000000011e-03 -4.342999999999999639e-03 9.999890000000000168e-01 2.576550000000000229e-01 9.662260000000000293e-01 4.602000000000000188e-03 -9.662359999999999838e-01 2.576590000000000269e-01 -4.029999999999999837e-04
1.900000000000000000e+01 1.300000000000000000e+01 2.000000000000000000e+01 0.000000000000000000e+00 1.600000000000000089e+00 7.700000000000000139e-05 1.520000000000000084e-04 1.000000000000000000e+00 2.591040000000000010e-01 9.658489999999999576e-01 -1.669999999999999935e-04 -9.658489999999999576e-01 2.591040000000000010e-01 3.499999999999999693e-05
2.300000000000000000e+01 1.300000000000000000e+01 2.000000000000000000e+01 0.000000000000000000e+00 1.600000000000000089e+00 -8.769999999999999584e-04 2.805000000000000202e-03 9.999959999999999960e-01 2.608880000000000088e-01 9.653659999999999464e-01 -2.478999999999999867e-03 -9.653690000000000326e-01 2.608849999999999780e-01 -1.579000000000000108e-03
2.700000000000000000e+01 1.300000000000000000e+01 2.000000000000000000e+01 0.000000000000000000e+00 1.600000000000000089e+00 -7.179999999999999967e-04 1.647000000000000026e-03 9.999980000000000535e-01 2.603409999999999891e-01 9.655160000000000409e-01 -1.404000000000000083e-03 -9.655169999999999586e-01 2.603389999999999871e-01 -1.121999999999999950e-03
1.100000000000000000e+01 1.600000000000000000e+01 2.100000000000000000e+01 0.000000000000000000e+00 1.600000000000000089e+00 -8.689999999999999808e-04 -4.452000000000000228e-03 9.999900000000000455e-01 3.007659999999999778e-01 9.536869999999999514e-01 4.507999999999999854e-03 -9.536980000000000457e-01 3.007659999999999778e-01 5.100000000000000366e-04
1.600000000000000000e+01 1.600000000000000000e+01 2.100000000000000000e+01 0.000000000000000000e+00 1.600000000000000089e+00 -6.390000000000000280e-04 -2.631000000000000092e-03 9.999959999999999960e-01 3.019669999999999854e-01 9.533150000000000235e-01 2.700999999999999842e-03 -9.533179999999999987e-01 3.019669999999999854e-01 1.849999999999999973e-04
2.700000000000000000e+01 1.600000000000000000e+01 2.100000000000000000e+01 0.000000000000000000e+00 1.600000000000000089e+00 -1.356000000000000000e-03 4.070000000000000267e-04 9.999989999999999712e-01 3.016510000000000025e-01 9.534179999999999877e-01 2.099999999999999884e-05 -9.534169999999999590e-01 3.016510000000000025e-01 -1.415999999999999941e-03
1.900000000000000000e+01 4.600000000000000000e+01 2.700000000000000000e+01 0.000000000000000000e+00 1.600000000000000089e+00 1.440000000000000091e-03 2.762999999999999831e-03 -9.999949999999999672e-01 6.618779999999999664e-01 7.496049999999999658e-01 3.024000000000000212e-03 7.496099999999999985e-01 -6.618789999999999951e-01 -7.489999999999999913e-04
2.600000000000000000e+01 4.600000000000000000e+01 2.700000000000000000e+01 0.000000000000000000e+00 1.600000000000000089e+00 -4.133000000000000389e-03 -3.533999999999999815e-03 -9.999850000000000128e-01 6.582040000000000113e-01 7.528200000000000447e-01 -5.380000000000000233e-03 7.528280000000000527e-01 -6.582170000000000520e-01 -7.849999999999999990e-04
2.000000000000000000e+01 4.600000000000000000e+01 3.000000000000000000e+01 0.000000000000000000e+00 1.600000000000000089e+00 9.470000000000000336e-04 1.015999999999999976e-03 -9.999989999999999712e-01 3.218230000000000257e-01 9.467989999999999462e-01 1.265999999999999981e-03 9.467989999999999462e-01 -3.218239999999999990e-01 5.689999999999999529e-04
2.400000000000000000e+01 4.600000000000000000e+01 3.000000000000000000e+01 0.000000000000000000e+00 1.600000000000000089e+00 -1.281000000000000021e-03 -3.677999999999999846e-03 -9.999919999999999920e-01 3.177519999999999789e-01 9.481659999999999533e-01 -3.893999999999999892e-03 9.481730000000000436e-01 -3.177550000000000097e-01 -4.600000000000000004e-05
4.000000000000000000e+00 5.800000000000000000e+01 3.100000000000000000e+01 0.000000000000000000e+00 1.600000000000000089e+00 7.041999999999999649e-03 6.361000000000000335e-03 9.999550000000000383e-01 -7.732149999999999856e-01 -6.340740000000000265e-01 9.478999999999999579e-03 6.341050000000000297e-01 -7.732470000000000176e-01 4.530000000000000064e-04
6.000000000000000000e+00 5.800000000000000000e+01 3.100000000000000000e+01 0.000000000000000000e+00 1.600000000000000089e+00 7.108999999999999868e-03 8.429000000000000728e-03 9.999390000000000223e-01 -7.737690000000000401e-01 -6.333750000000000213e-01 1.084000000000000068e-02 6.334279999999999911e-01 -7.737990000000000146e-01 2.018999999999999961e-03
1.400000000000000000e+01 5.800000000000000000e+01 3.100000000000000000e+01 0.000000000000000000e+00 1.600000000000000089e+00 -3.014000000000000186e-03 -6.231999999999999693e-03 9.999759999999999760e-01 -7.757849999999999469e-01 -6.309669999999999446e-01 -6.270999999999999665e-03 6.309909999999999686e-01 -7.757849999999999469e-01 -2.932000000000000144e-03
1.800000000000000000e+01 5.800000000000000000e+01 3.100000000000000000e+01 0.000000000000000000e+00 1.600000000000000089e+00 2.039000000000000014e-03 -4.409999999999999858e-04 9.999980000000000535e-01 -7.767730000000000468e-01 -6.297800000000000065e-01 1.307000000000000002e-03 6.297779999999999490e-01 -7.767739999999999645e-01 -1.626999999999999974e-03
2.600000000000000000e+01 5.800000000000000000e+01 3.100000000000000000e+01 0.000000000000000000e+00 1.600000000000000089e+00 -1.036000000000000029e-03 -1.211000000000000054e-03 9.999989999999999712e-01 -7.776920000000000499e-01 -6.286439999999999806e-01 -1.567000000000000033e-03 6.286450000000000093e-01 -7.776920000000000499e-01 -2.910000000000000260e-04
3.000000000000000000e+00 4.600000000000000000e+01 3.500000000000000000e+01 0.000000000000000000e+00 1.600000000000000089e+00 -1.119999999999999983e-04 3.013000000000000053e-03 -9.999949999999999672e-01 3.844029999999999947e-01 -9.231610000000000094e-01 -2.824999999999999820e-03 -9.231650000000000134e-01 -3.844020000000000215e-01 -1.054999999999999948e-03
1.000000000000000000e+01 4.600000000000000000e+01 3.500000000000000000e+01 0.000000000000000000e+00 1.600000000000000089e+00 7.399999999999999894e-04 -2.333000000000000004e-03 -9.999970000000000248e-01 3.853269999999999751e-01 -9.227769999999999584e-01 2.438000000000000063e-03 -9.227800000000000447e-01 -3.853280000000000038e-01 2.159999999999999919e-04
1.300000000000000000e+01 4.600000000000000000e+01 3.500000000000000000e+01 0.000000000000000000e+00 1.600000000000000089e+00 6.130000000000000466e-04 -2.467000000000000009e-03 -9.999970000000000248e-01 3.847289999999999877e-01 -9.230260000000000131e-01 2.513000000000000043e-03 -9.230300000000000171e-01 -3.847289999999999877e-01 3.829999999999999854e-04
1.700000000000000000e+01 4.600000000000000000e+01 3.500000000000000000e+01 0.000000000000000000e+00 1.600000000000000089e+00 -4.300000000000000165e-05 -3.838999999999999965e-03 -9.999930000000000208e-01 3.853690000000000171e-01 -9.227560000000000207e-01 3.526000000000000054e-03 -9.227629999999999999e-01 -3.853659999999999863e-01 1.520000000000000084e-03
2.100000000000000000e+01 4.600000000000000000e+01 3.500000000000000000e+01 0.000000000000000000e+00 1.600000000000000089e+00 3.890000000000000228e-04 -5.769999999999999955e-03 -9.999829999999999552e-01 3.854779999999999873e-01 -9.227009999999999934e-01 5.473999999999999699e-03 -9.227170000000000094e-01 -3.854730000000000101e-01 1.864999999999999904e-03
2.400000000000000000e+01 4.600000000000000000e+01 3.500000000000000000e+01 0.000000000000000000e+00 1.600000000000000089e+00 5.800000000000000034e-05 -1.248999999999999893e-03 -9.999989999999999712e-01 3.851180000000000159e-01 -9.228669999999999929e-01 1.175000000000000046e-03 -9.228680000000000216e-01 -3.851169999999999871e-01 4.279999999999999950e-04
3.000000000000000000e+01 4.600000000000000000e+01 3.500000000000000000e+01 0.000000000000000000e+00 1.600000000000000089e+00 -1.018000000000000025e-03 -3.021999999999999947e-03 -9.999949999999999672e-01 3.859489999999999865e-01 -9.225170000000000314e-01 2.394999999999999993e-03 -9.225189999999999779e-01 -3.859449999999999825e-01 2.105000000000000100e-03
7.000000000000000000e+00 9.500000000000000000e+01 3.600000000000000000e+01 0.000000000000000000e+00 1.600000000000000089e+00 5.699999999999999772e-04 3.524700000000000055e-02 9.993779999999999886e-01 9.980869999999999465e-01 6.176800000000000346e-02 -2.746999999999999876e-03 -6.182599999999999901e-02 9.974680000000000213e-01 -3.514400000000000163e-02
1.400000000000000000e+01 9.500000000000000000e+01 3.600000000000000000e+01 0.000000000000000000e+00 1.600000000000000089e+00 -5.452000000000000249e-03 -1.765900000000000108e-02 9.998289999999999678e-01 9.973400000000000043e-01 7.258199999999999374e-02 6.720000000000000279e-03 -7.268800000000000261e-02 9.972060000000000368e-01 1.721599999999999867e-02
1.900000000000000000e+01 9.500000000000000000e+01 3.600000000000000000e+01 0.000000000000000000e+00 1.600000000000000089e+00 3.582999999999999814e-03 1.494499999999999995e-02 9.998820000000000485e-01 9.975180000000000158e-01 7.026399999999999313e-02 -4.624999999999999771e-03 -7.032499999999999862e-02 9.974159999999999693e-01 -1.465600000000000062e-02
2.400000000000000000e+01 9.500000000000000000e+01 3.600000000000000000e+01 0.000000000000000000e+00 1.600000000000000089e+00 -1.550000000000000000e-04 -9.280000000000000054e-04 1.000000000000000000e+00 9.975969999999999560e-01 6.927700000000000524e-02 2.190000000000000106e-04 -6.927800000000000624e-02 9.975969999999999560e-01 9.150000000000000147e-04
2.900000000000000000e+01 9.500000000000000000e+01 3.600000000000000000e+01 0.000000000000000000e+00 1.600000000000000089e+00 3.041999999999999999e-03 -2.912299999999999958e-02 9.995709999999999873e-01 9.975019999999999998e-01 7.063300000000000134e-02 -9.779999999999999197e-04 -7.057399999999999785e-02 9.970769999999999911e-01 2.926499999999999935e-02
7.000000000000000000e+00 3.000000000000000000e+00 4.300000000000000000e+01 0.000000000000000000e+00 1.600000000000000089e+00 5.584999999999999687e-03 2.225399999999999948e-02 -9.997369999999999868e-01 7.414389999999999592e-01 -6.709340000000000304e-01 -1.079300000000000051e-02 -6.709979999999999833e-01 -7.411830000000000362e-01 -2.024700000000000111e-02
1.100000000000000000e+01 3.000000000000000000e+00 4.300000000000000000e+01 0.000000000000000000e+00 1.600000000000000089e+00 -8.339999999999999974e-04 1.003700000000000078e-02 -9.999489999999999768e-01 7.410400000000000320e-01 -6.714200000000000168e-01 -7.357999999999999957e-03 -6.714599999999999458e-01 -7.410090000000000288e-01 -6.878000000000000433e-03
1.600000000000000000e+01 3.000000000000000000e+00 4.300000000000000000e+01 0.000000000000000000e+00 1.600000000000000089e+00 -3.429999999999999889e-04 5.630000000000000239e-04 -1.000000000000000000e+00 7.365939999999999710e-01 -6.763350000000000195e-01 -6.329999999999999906e-04 -6.763350000000000195e-01 -7.365939999999999710e-01 -1.820000000000000057e-04
1.900000000000000000e+01 3.000000000000000000e+00 4.300000000000000000e+01 0.000000000000000000e+00 1.600000000000000089e+00 -2.066999999999999827e-03 -4.551999999999999623e-03 -9.999869999999999592e-01 7.346960000000000157e-01 -6.783949999999999703e-01 1.569000000000000082e-03 -6.783930000000000238e-01 -7.346840000000000037e-01 4.746000000000000218e-03
2.400000000000000000e+01 3.000000000000000000e+00 4.300000000000000000e+01 0.000000000000000000e+00 1.600000000000000089e+00 -1.593000000000000015e-03 -1.144900000000000084e-02 -9.999329999999999607e-01 7.379440000000000444e-01 -6.748309999999999587e-01 6.551000000000000399e-03 -6.748600000000000154e-01 -7.378839999999999844e-01 9.523000000000000215e-03
2.600000000000000000e+01 3.000000000000000000e+00 4.300000000000000000e+01 0.000000000000000000e+00 1.600000000000000089e+00 -2.759999999999999867e-03 -2.201200000000000032e-02 -9.997540000000000315e-01 7.388599999999999612e-01 -6.737370000000000303e-01 1.279500000000000082e-02 -6.738530000000000353e-01 -7.386430000000000495e-01 1.812300000000000022e-02
3.000000000000000000e+00 8.000000000000000000e+00 4.400000000000000000e+01 0.000000000000000000e+00 1.600000000000000089e+00 -3.722000000000000048e-03 1.838999999999999923e-03 9.999909999999999632e-01 -7.756180000000000296e-01 -6.311999999999999833e-01 -1.726000000000000104e-03 6.311909999999999465e-01 -7.756180000000000296e-01 3.775000000000000144e-03
1.200000000000000000e+01 8.000000000000000000e+00 4.400000000000000000e+01 0.000000000000000000e+00 1.600000000000000089e+00 3.530000000000000152e-03 9.964999999999999900e-03 9.999440000000000550e-01 -7.792869999999999520e-01 -6.266030000000000211e-01 8.994999999999999524e-03 6.266580000000000483e-01 -7.792750000000000510e-01 5.552999999999999776e-03
2.600000000000000000e+01 8.000000000000000000e+00 4.400000000000000000e+01 0.000000000000000000e+00 1.600000000000000089e+00 -3.256999999999999913e-03 -7.368000000000000417e-03 9.999679999999999680e-01 -7.749080000000000412e-01 -6.320329999999999560e-01 -7.180999999999999883e-03 6.320649999999999880e-01 -7.749059999999999837e-01 -3.651000000000000165e-03
2.000000000000000000e+00 2.900000000000000000e+01 4.400000000000000000e+01 0.000000000000000000e+00 1.600000000000000089e+00 1.131999999999999977e-03 -7.500000000000000156e-04 -9.999989999999999712e-01 6.791420000000000234e-01 7.340069999999999650e-01 2.180000000000000134e-04 7.340060000000000473e-01 -6.791420000000000234e-01 1.340000000000000045e-03
7.000000000000000000e+00 2.900000000000000000e+01 4.400000000000000000e+01 0.000000000000000000e+00 1.600000000000000089e+00 2.082000000000000083e-03 1.379000000000000017e-03 -9.999970000000000248e-01 6.754120000000000124e-01 7.374370000000000092e-01 2.422999999999999807e-03 7.374380000000000379e-01 -6.754149999999999876e-01 6.040000000000000447e-04
1.100000000000000000e+01 2.900000000000000000e+01 4.400000000000000000e+01 0.000000000000000000e+00 1.600000000000000089e+00 -5.919999999999999698e-04 2.199999999999999943e-05 -1.000000000000000000e+00 6.699140000000000095e-01 7.424389999999999601e-01 -3.800000000000000209e-04 7.424389999999999601e-01 -6.699140000000000095e-01 -4.539999999999999765e-04
1.700000000000000000e+01 2.900000000000000000e+01 4.400000000000000000e+01 0.000000000000000000e+00 1.600000000000000089e+00 -1.649999999999999991e-03 -1.550000000000000000e-04 -9.999989999999999712e-01 6.756429999999999936e-01 7.372279999999999944e-01 -1.229000000000000058e-03 7.372269999999999657e-01 -6.756440000000000223e-01 -1.111000000000000008e-03
2.100000000000000000e+01 2.900000000000000000e+01 4.400000000000000000e+01 0.000000000000000000e+00 1.600000000000000089e+00 -2.367999999999999879e-03 -2.151000000000000134e-03 -9.999949999999999672e-01 6.795269999999999921e-01 7.336430000000000451e-01 -3.187000000000000163e-03 7.336460000000000203e-01 -6.795309999999999961e-01 -2.759999999999999867e-04
2.300000000000000000e+01 5.400000000000000000e+01 4.600000000000000000e+01 0.000000000000000000e+00 1.600000000000000089e+00 -5.330000000000000536e-04 -3.616999999999999989e-03 9.999930000000000208e-01 3.289150000000000129e-01 -9.443540000000000267e-01 -3.239999999999999825e-03 9.443589999999999485e-01 3.289119999999999822e-01 1.693000000000000060e-03
2.000000000000000000e+01 7.400000000000000000e+01 4.900000000000000000e+01 0.000000000000000000e+00 1.600000000000000089e+00 -3.154000000000000119e-03 -3.249999999999999851e-04 9.999949999999999672e-01 -9.798940000000000428e-01 1.994970000000000077e-01 -3.026000000000000044e-03 -1.994950000000000057e-01 -9.798980000000000468e-01 -9.470000000000000336e-04
8.000000000000000000e+00 7.000000000000000000e+00 5.200000000000000000e+01 0.000000000000000000e+00 1.600000000000000089e+00 4.723999999999999901e-03 2.837000000000000112e-03 -9.999850000000000128e-01 7.541299999999999393e-02 -9.971489999999999521e-01 -2.472999999999999938e-03 -9.971410000000000551e-01 -7.539999999999999480e-02 -4.924999999999999691e-03
2.000000000000000000e+00 6.300000000000000000e+01 5.400000000000000000e+01 0.000000000000000000e+00 1.600000000000000089e+00 3.882000000000000034e-03 -3.510000000000000208e-04 9.999919999999999920e-01 -3.494039999999999924e-01 9.369699999999999696e-01 1.685999999999999999e-03 -9.369640000000000191e-01 -3.494079999999999964e-01 3.514999999999999895e-03
1.100000000000000000e+01 6.300000000000000000e+01 5.400000000000000000e+01 0.000000000000000000e+00 1.600000000000000089e+00 1.686999999999999915e-03 -5.389999999999999826e-04 9.999980000000000535e-01 -3.497560000000000113e-01 9.368400000000000061e-01 1.095000000000000053e-03 -9.368389999999999773e-01 -3.497580000000000133e-01 1.392000000000000008e-03
1.600000000000000000e+01 6.300000000000000000e+01 5.400000000000000000e+01 0.000000000000000000e+00 1.600000000000000089e+00 -5.069999999999999637e-04 -2.418000000000000010e-03 9.999970000000000248e-01 -3.567969999999999753e-01 9.341800000000000104e-01 2.077999999999999986e-03 -9.341819999999999569e-01 -3.567949999999999733e-01 -1.335999999999999948e-03
2.400000000000000000e+01 6.300000000000000000e+01 5.400000000000000000e+01 0.000000000000000000e+00 1.600000000000000089e+00 1.720000000000000066e-04 2.704999999999999939e-03 9.999959999999999960e-01 -3.527580000000000160e-01 9.357109999999999594e-01 -2.469999999999999973e-03 -9.357140000000000457e-01 -3.527569999999999872e-01 1.115000000000000106e-03
2.800000000000000000e+01 6.300000000000000000e+01 5.400000000000000000e+01 0.000000000000000000e+00 1.600000000000000089e+00 -8.329999999999999731e-04 2.746000000000000177e-03 9.999959999999999960e-01 -3.535499999999999754e-01 9.354109999999999925e-01 -2.863000000000000093e-03 -9.354149999999999965e-01 -3.535510000000000042e-01 1.920000000000000049e-04
1.000000000000000000e+00 2.500000000000000000e+01 5.500000000000000000e+01 0.000000000000000000e+00 1.600000000000000089e+00 -1.640000000000000019e-04 -6.009999999999999717e-04 -1.000000000000000000e+00 -1.162799999999999945e-02 -9.999320000000000430e-01 6.030000000000000204e-04 -9.999320000000000430e-01 1.162799999999999945e-02 1.569999999999999944e-04
6.000000000000000000e+00 2.500000000000000000e+01 5.500000000000000000e+01 0.000000000000000000e+00 1.600000000000000089e+00 -1.322000000000000041e-03 -2.174999999999999850e-03 -9.999970000000000248e-01 -1.222999999999999955e-02 -9.999230000000000063e-01 2.191999999999999938e-03 -9.999240000000000350e-01 1.223300000000000082e-02 1.296000000000000060e-03
1.800000000000000000e+01 2.500000000000000000e+01 5.500000000000000000e+01 0.000000000000000000e+00 1.600000000000000089e+00 1.002999999999999985e-03 -1.263999999999999933e-03 -9.999989999999999712e-01 -1.071599999999999983e-02 -9.999419999999999975e-01 1.253999999999999906e-03 -9.999419999999999975e-01 1.071500000000000057e-02 -1.015999999999999976e-03
2.200000000000000000e+01 6.800000000000000000e+01 5.700000000000000000e+01 0.000000000000000000e+00 1.600000000000000089e+00 1.827999999999999981e-03 -2.426999999999999904e-03 -9.999949999999999672e-01 -2.438140000000000029e-01 -9.698200000000000154e-01 1.907999999999999974e-03 -9.698200000000000154e-01 2.438099999999999989e-01 -2.364999999999999915e-03
9.000000000000000000e+00 5.800000000000000000e+01 5.900000000000000000e+01 0.000000000000000000e+00 1.600000000000000089e+00 1.840999999999999972e-03 4.420999999999999583e-03 -9.999890000000000168e-01 3.931529999999999747e-01 9.194609999999999728e-01 4.788999999999999854e-03 9.194710000000000383e-01 -3.931569999999999787e-01 -4.500000000000000283e-05
1.000000000000000000e+00 2.100000000000000000e+01 6.000000000000000000e+01 0.000000000000000000e+00 1.600000000000000089e+00 6.980000000000000527e-04 -1.005999999999999950e-02 9.999489999999999768e-01 -9.691199999999999815e-02 9.952419999999999600e-01 1.008000000000000042e-02 -9.952929999999999833e-01 -9.691400000000000015e-02 -2.799999999999999755e-04
1.300000000000000000e+01 2.100000000000000000e+01 6.000000000000000000e+01 0.000000000000000000e+00 1.600000000000000089e+00 1.679999999999999907e-04 1.593000000000000015e-03 9.999989999999999712e-01 -9.636599999999999333e-02 9.953450000000000353e-01 -1.569000000000000082e-03 -9.953459999999999530e-01 -9.636500000000000621e-02 3.209999999999999963e-04
1.700000000000000000e+01 2.100000000000000000e+01 6.000000000000000000e+01 0.000000000000000000e+00 1.600000000000000089e+00 -1.191000000000000001e-03 7.540000000000000044e-04 9.999989999999999712e-01 -9.502299999999999636e-02 9.954749999999999988e-01 -8.639999999999999677e-04 -9.954739999999999700e-01 -9.502399999999999736e-02 -1.113999999999999973e-03
2.400000000000000000e+01 2.100000000000000000e+01 6.000000000000000000e+01 0.000000000000000000e+00 1.600000000000000089e+00 -3.959999999999999762e-04 -5.727999999999999585e-03 9.999839999999999840e-01 -9.564799999999999691e-02 9.953990000000000338e-01 5.663999999999999764e-03 -9.954150000000000498e-01 -9.564400000000000679e-02 -9.420000000000000205e-04
1.200000000000000000e+01 6.000000000000000000e+00 6.100000000000000000e+01 0.000000000000000000e+00 1.600000000000000089e+00 -6.960000000000000041e-04 9.659999999999999533e-04 9.999989999999999712e-01 5.604219999999999757e-01 -8.282059999999999977e-01 1.190000000000000085e-03 8.282070000000000265e-01 5.604230000000000045e-01 3.499999999999999693e-05
2.600000000000000000e+01 6.000000000000000000e+00 6.100000000000000000e+01 0.000000000000000000e+00 1.600000000000000089e+00 1.191000000000000001e-03 7.098000000000000143e-03 9.999740000000000295e-01 5.591390000000000526e-01 -8.290579999999999616e-01 5.218999999999999681e-03 8.290729999999999489e-01 5.591180000000000039e-01 -4.956000000000000336e-03
2.000000000000000000e+00 3.000000000000000000e+00 6.300000000000000000e+01 0.000000000000000000e+00 1.600000000000000089e+00 -1.887999999999999921e-03 6.229999999999999644e-04 9.999980000000000535e-01 -6.110659999999999981e-01 7.915780000000000038e-01 -1.647000000000000026e-03 -7.915780000000000038e-01 -6.110679999999999445e-01 -1.113999999999999973e-03
1.900000000000000000e+01 3.000000000000000000e+00 6.300000000000000000e+01 0.000000000000000000e+00 1.600000000000000089e+00 2.919999999999999961e-04 -3.739999999999999835e-03 9.999930000000000208e-01 -6.109029999999999738e-01 7.916999999999999593e-01 3.139999999999999996e-03 -7.917060000000000208e-01 -6.108989999999999698e-01 -2.053999999999999836e-03
4.000000000000000000e+00 2.700000000000000000e+01 6.300000000000000000e+01 0.000000000000000000e+00 1.600000000000000089e+00 -1.770000000000000089e-03 3.435000000000000119e-03 9.999919999999999920e-01 -2.790070000000000050e-01 9.602819999999999689e-01 -3.791999999999999798e-03 -9.602870000000000017e-01 -2.790119999999999822e-01 -7.420000000000000380e-04
8.000000000000000000e+00 2.700000000000000000e+01 6.300000000000000000e+01 0.000000000000000000e+00 1.600000000000000089e+00 -9.999999999999999547e-07 -2.315999999999999916e-03 9.999970000000000248e-01 -2.794340000000000157e-01 9.601619999999999600e-01 2.223000000000000149e-03 -9.601650000000000462e-01 -2.794329999999999870e-01 -6.489999999999999459e-04
1.500000000000000000e+01 2.700000000000000000e+01 6.300000000000000000e+01 0.000000000000000000e+00 1.600000000000000089e+00 -5.280000000000000405e-04 -1.062000000000000010e-03 9.999989999999999712e-01 -2.786069999999999935e-01 9.604049999999999532e-01 8.729999999999999696e-04 -9.604049999999999532e-01 -2.786069999999999935e-01 -8.030000000000000028e-04
2.100000000000000000e+01 2.700000000000000000e+01 6.300000000000000000e+01 0.000000000000000000e+00 1.600000000000000089e+00 1.320000000000000101e-04 -5.328000000000000271e-03 9.999860000000000415e-01 -2.790239999999999942e-01 9.602699999999999569e-01 5.153999999999999727e-03 -9.602840000000000265e-01 -2.790210000000000190e-01 -1.360000000000000098e-03
