9.000000000000000000e+00 2.500000000000000000e+01 1.000000000000000000e+00 0.000000000000000000e+00 1.600000000000000089e+00 -2.177999999999999815e-03 -1.050799999999999998e-02 -9.999419999999999975e-01 -5.182149999999999812e-01 -8.551910000000000345e-01 1.011500000000000073e-02 -8.552480000000000082e-01 5.182069999999999732e-01 -3.582999999999999814e-03
2.000000000000000000e+01 2.500000000000000000e+01 1.000000000000000000e+00 0.000000000000000000e+00 1.600000000000000089e+00 -2.304000000000000058e-03 -5.408999999999999746e-03 -9.999829999999999552e-01 -5.208270000000000399e-01 -8.536420000000000119e-01 5.818000000000000255e-03 -8.536589999999999456e-01 5.208310000000000439e-01 -8.509999999999999769e-04
2.800000000000000000e+01 1.700000000000000000e+01 3.000000000000000000e+00 0.000000000000000000e+00 1.600000000000000089e+00 2.244900000000000020e-02 1.369399999999999958e-02 -9.996540000000000425e-01 -7.014719999999999844e-01 -7.122399999999999842e-01 -2.551000000000000142e-02 -7.123429999999999485e-01 7.018020000000000369e-01 -6.382999999999999785e-03
2.600000000000000000e+01 4.200000000000000000e+01 3.000000000000000000e+00 0.000000000000000000e+00 1.600000000000000089e+00 -5.390779999999999461e-01 -6.071579999999999755e-01 5.837419999999999831e-01 -7.366949999999999887e-01 6.758459999999999468e-01 2.262899999999999981e-02 -4.082589999999999830e-01 -4.178410000000000180e-01 -8.116240000000000121e-01
8.000000000000000000e+00 1.900000000000000000e+01 5.000000000000000000e+00 0.000000000000000000e+00 1.600000000000000089e+00 8.100000000000000375e-05 -8.347000000000000253e-03 -9.999649999999999928e-01 -6.927910000000000457e-01 -7.211140000000000327e-01 5.963999999999999684e-03 -7.211379999999999457e-01 6.927670000000000217e-01 -5.840999999999999838e-03
1.200000000000000000e+01 1.900000000000000000e+01 5.000000000000000000e+00 0.000000000000000000e+00 1.600000000000000089e+00 8.809999999999999472e-04 -3.412999999999999801e-03 -9.999940000000000495e-01 -6.946409999999999529e-01 -7.193540000000000489e-01 1.843000000000000020e-03 -7.193559999999999954e-01 6.946350000000000025e-01 -3.004000000000000160e-03
2.100000000000000000e+01 1.900000000000000000e+01 5.000000000000000000e+00 0.000000000000000000e+00 1.600000000000000089e+00 -1.492000000000000054e-03 -3.664000000000000156e-03 -9.999919999999999920e-01 -7.026019999999999488e-01 -7.115730000000000111e-01 3.655999999999999962e-03 -7.115810000000000191e-01 7.026019999999999488e-01 -1.513000000000000022e-03
1.100000000000000000e+01 1.010000000000000000e+02 7.000000000000000000e+00 0.000000000000000000e+00 1.600000000000000089e+00 1.482000000000000027e-03 -1.545599999999999925e-02 9.998789999999999623e-01 8.829270000000000174e-01 4.694729999999999737e-01 5.948000000000000162e-03 -4.695079999999999809e-01 8.828120000000000411e-01 1.434200000000000058e-02
3.000000000000000000e+00 2.500000000000000000e+01 8.000000000000000000e+00 0.000000000000000000e+00 1.600000000000000089e+00 -3.677999999999999846e-03 -2.697999999999999877e-03 -9.999900000000000455e-01 4.402139999999999942e-01 8.978840000000000154e-01 -4.041999999999999586e-03 8.978850000000000442e-01 -4.402240000000000042e-01 -2.113999999999999994e-03
6.000000000000000000e+00 2.500000000000000000e+01 8.000000000000000000e+00 0.000000000000000000e+00 1.600000000000000089e+00 -1.500000000000000031e-03 -7.933000000000000815e-03 -9.999670000000000503e-01 4.394410000000000260e-01 8.982379999999999809e-01 -7.785000000000000253e-03 8.982700000000000129e-01 -4.394379999999999953e-01 2.138000000000000143e-03
1.100000000000000000e+01 2.500000000000000000e+01 8.000000000000000000e+00 0.000000000000000000e+00 1.600000000000000089e+00 1.033999999999999980e-03 -8.021999999999999617e-03 -9.999670000000000503e-01 4.379709999999999992e-01 8.989639999999999853e-01 -6.758000000000000118e-03 8.989890000000000381e-01 -4.379489999999999772e-01 4.442999999999999901e-03
1.500000000000000000e+01 2.500000000000000000e+01 8.000000000000000000e+00 0.000000000000000000e+00 1.600000000000000089e+00 9.000000000000000567e-05 1.031000000000000015e-03 -1.000000000000000000e+00 4.390189999999999926e-01 8.984769999999999701e-01 9.659999999999999533e-04 8.984779999999999989e-01 -4.390189999999999926e-01 -3.719999999999999891e-04
2.000000000000000000e+01 2.500000000000000000e+01 8.000000000000000000e+00 0.000000000000000000e+00 1.600000000000000089e+00 1.315999999999999896e-03 4.349999999999999700e-03 -9.999900000000000455e-01 4.394879999999999898e-01 8.982369999999999521e-01 4.486000000000000404e-03 8.982480000000000464e-01 -4.394890000000000185e-01 -7.290000000000000473e-04
2.400000000000000000e+01 2.500000000000000000e+01 8.000000000000000000e+00 0.000000000000000000e+00 1.600000000000000089e+00 2.239000000000000105e-03 3.890999999999999927e-03 -9.999900000000000455e-01 4.390089999999999826e-01 8.984710000000000196e-01 4.479000000000000342e-03 8.984799999999999454e-01 -4.390149999999999886e-01 3.029999999999999924e-04
3.000000000000000000e+00 2.400000000000000000e+01 9.000000000000000000e+00 0.000000000000000000e+00 1.600000000000000089e+00 -3.034999999999999937e-03 -3.890999999999999927e-03 -9.999879999999999880e-01 4.465089999999999892e-01 8.947659999999999503e-01 -4.837000000000000154e-03 8.947739999999999583e-01 -4.465180000000000260e-01 -9.790000000000000525e-04
6.000000000000000000e+00 2.400000000000000000e+01 9.000000000000000000e+00 0.000000000000000000e+00 1.600000000000000089e+00 -5.710000000000000015e-04 -9.367000000000000326e-03 -9.999559999999999560e-01 4.458779999999999966e-01 8.950519999999999587e-01 -8.639000000000000845e-03 8.950930000000000275e-01 -4.458639999999999826e-01 3.664999999999999855e-03
1.000000000000000000e+01 2.400000000000000000e+01 9.000000000000000000e+00 0.000000000000000000e+00 1.600000000000000089e+00 1.381999999999999982e-03 -1.025700000000000049e-02 -9.999460000000000015e-01 4.446970000000000089e-01 8.956399999999999917e-01 -8.571999999999999759e-03 8.956800000000000317e-01 -4.446609999999999729e-01 5.799000000000000335e-03
1.600000000000000000e+01 2.400000000000000000e+01 9.000000000000000000e+00 0.000000000000000000e+00 1.600000000000000089e+00 3.020000000000000223e-04 3.578000000000000017e-03 -9.999940000000000495e-01 4.447070000000000189e-01 8.956699999999999662e-01 3.338999999999999954e-03 8.956760000000000277e-01 -4.447050000000000169e-01 -1.320999999999999909e-03
2.100000000000000000e+01 2.400000000000000000e+01 9.000000000000000000e+00 0.000000000000000000e+00 1.600000000000000089e+00 1.239000000000000084e-03 5.386000000000000162e-03 -9.999850000000000128e-01 4.458579999999999766e-01 8.950879999999999947e-01 5.374000000000000304e-03 8.951029999999999820e-01 -4.458570000000000033e-01 -1.293000000000000095e-03
2.500000000000000000e+01 2.400000000000000000e+01 9.000000000000000000e+00 0.000000000000000000e+00 1.600000000000000089e+00 2.027999999999999855e-03 6.233999999999999958e-03 -9.999789999999999512e-01 4.450779999999999736e-01 8.954689999999999594e-01 6.485000000000000313e-03 8.954900000000000082e-01 -4.450810000000000044e-01 -9.590000000000000000e-04
3.000000000000000000e+00 7.000000000000000000e+00 1.000000000000000000e+01 0.000000000000000000e+00 1.600000000000000089e+00 -2.564599999999999866e-02 -2.318999999999999881e-02 -9.994020000000000126e-01 -9.860719999999999485e-01 -1.637500000000000067e-01 2.910400000000000140e-02 -1.643270000000000008e-01 9.862290000000000223e-01 -1.866800000000000057e-02
6.000000000000000000e+00 7.000000000000000000e+00 1.000000000000000000e+01 0.000000000000000000e+00 1.600000000000000089e+00 7.389999999999999868e-03 -5.609000000000000270e-03 -9.999569999999999848e-01 -9.905180000000000096e-01 -1.372230000000000116e-01 -6.551000000000000399e-03 -1.371809999999999974e-01 9.905239999999999601e-01 -6.570000000000000319e-03
1.800000000000000000e+01 8.000000000000000000e+00 1.000000000000000000e+01 0.000000000000000000e+00 1.600000000000000089e+00 6.467499999999999638e-02 2.523800000000000002e-02 -9.975870000000000015e-01 -9.883520000000000083e-01 -1.363870000000000082e-01 -6.752700000000000369e-02 -1.377619999999999956e-01 9.903340000000000476e-01 1.612299999999999844e-02
2.300000000000000000e+01 8.000000000000000000e+00 1.000000000000000000e+01 0.000000000000000000e+00 1.600000000000000089e+00 6.287900000000000433e-02 9.690999999999999961e-03 -9.979740000000000277e-01 -9.971060000000000478e-01 -4.221099999999999852e-02 -6.323499999999999954e-02 -4.273799999999999821e-02 9.990620000000000056e-01 7.008999999999999606e-03
7.000000000000000000e+00 3.000000000000000000e+00 1.100000000000000000e+01 0.000000000000000000e+00 1.600000000000000089e+00 -1.446999999999999936e-03 1.913499999999999923e-02 9.998160000000000380e-01 1.208729999999999943e-01 -9.924830000000000041e-01 1.916999999999999954e-02 9.926669999999999661e-01 1.208779999999999993e-01 -8.769999999999999584e-04
2.400000000000000000e+01 4.000000000000000000e+00 1.100000000000000000e+01 0.000000000000000000e+00 1.600000000000000089e+00 -2.608000000000000075e-03 5.819699999999999873e-02 9.983020000000000227e-01 1.735690000000000011e-01 -9.831260000000000554e-01 5.776599999999999790e-02 9.848179999999999712e-01 1.734249999999999958e-01 -7.537000000000000297e-03
2.800000000000000000e+01 4.000000000000000000e+00 1.100000000000000000e+01 0.000000000000000000e+00 1.600000000000000089e+00 2.480000000000000108e-04 5.824000000000000010e-02 9.983030000000000515e-01 1.652929999999999955e-01 -9.845730000000000315e-01 5.739799999999999763e-02 9.862450000000000383e-01 1.649980000000000058e-01 -9.870999999999999566e-03
2.700000000000000000e+01 4.800000000000000000e+01 1.300000000000000000e+01 0.000000000000000000e+00 1.600000000000000089e+00 8.486989999999999812e-01 -1.745669999999999999e-01 4.992349999999999843e-01 -2.983120000000000216e-01 -9.374719999999999720e-01 1.793240000000000112e-01 4.367150000000000198e-01 -3.011199999999999988e-01 -8.477069999999999883e-01
5.000000000000000000e+00 3.200000000000000000e+01 1.400000000000000000e+01 0.000000000000000000e+00 1.600000000000000089e+00 6.139999999999999625e-04 2.635000000000000189e-03 -9.999959999999999960e-01 1.192030000000000034e-01 9.928660000000000263e-01 2.688999999999999984e-03 9.928700000000000303e-01 -1.192040000000000044e-01 2.959999999999999849e-04
8.000000000000000000e+00 3.200000000000000000e+01 1.400000000000000000e+01 0.000000000000000000e+00 1.600000000000000089e+00 3.116999999999999979e-03 -2.592999999999999819e-03 -9.999919999999999920e-01 1.200959999999999944e-01 9.927599999999999758e-01 -2.200000000000000133e-03 9.927570000000000006e-01 -1.200880000000000003e-01 3.406000000000000173e-03
1.200000000000000000e+01 3.200000000000000000e+01 1.400000000000000000e+01 0.000000000000000000e+00 1.600000000000000089e+00 1.544999999999999932e-03 -5.740000000000000310e-03 -9.999820000000000375e-01 1.197389999999999982e-01 9.927899999999999503e-01 -5.512999999999999672e-03 9.928040000000000198e-01 -1.197280000000000011e-01 2.222000000000000017e-03
2.300000000000000000e+01 3.200000000000000000e+01 1.400000000000000000e+01 0.000000000000000000e+00 1.600000000000000089e+00 -1.672000000000000092e-03 7.594000000000000056e-03 -9.999700000000000255e-01 1.156869999999999982e-01 9.932590000000000030e-01 7.348999999999999630e-03 9.932839999999999447e-01 -1.156709999999999960e-01 -2.539000000000000024e-03
2.600000000000000000e+01 4.800000000000000000e+01 1.500000000000000000e+01 0.000000000000000000e+00 1.600000000000000089e+00 8.396649999999999947e-01 -2.361640000000000128e-01 4.890700000000000047e-01 -3.446509999999999851e-01 -9.276569999999999538e-01 1.437670000000000059e-01 4.197370000000000267e-01 -2.892750000000000044e-01 -8.603150000000000519e-01
3.000000000000000000e+01 1.200000000000000000e+01 1.600000000000000000e+01 0.000000000000000000e+00 1.600000000000000089e+00 -8.765000000000000221e-03 4.776099999999999790e-02 9.988200000000000411e-01 2.449060000000000126e-01 -9.683359999999999745e-01 4.845200000000000201e-02 9.695070000000000077e-01 2.450410000000000088e-01 -3.210000000000000180e-03
4.000000000000000000e+00 1.160000000000000000e+02 1.600000000000000000e+01 0.000000000000000000e+00 1.600000000000000089e+00 -4.333000000000000046e-03 -4.571999999999999675e-03 9.999799999999999800e-01 7.435530000000000195e-01 6.686469999999999914e-01 6.278999999999999859e-03 -6.686630000000000074e-01 7.435659999999999492e-01 5.019999999999999506e-04
2.600000000000000000e+01 1.160000000000000000e+02 1.600000000000000000e+01 0.000000000000000000e+00 1.600000000000000089e+00 -3.017999999999999849e-03 1.505000000000000044e-03 9.999940000000000495e-01 8.296120000000000161e-01 5.583380000000000010e-01 1.662999999999999982e-03 -5.583320000000000505e-01 8.296120000000000161e-01 -2.933999999999999976e-03
2.600000000000000000e+01 3.500000000000000000e+01 1.700000000000000000e+01 0.000000000000000000e+00 1.600000000000000089e+00 -3.361140000000000239e-01 -1.892639999999999878e-01 -9.226090000000000124e-01 -8.571940000000000115e-01 -3.443629999999999747e-01 3.829250000000000154e-01 -3.901870000000000061e-01 9.195609999999999618e-01 -4.649099999999999761e-02
2.400000000000000000e+01 3.600000000000000000e+01 1.800000000000000000e+01 0.000000000000000000e+00 1.600000000000000089e+00 -4.479810000000000181e-01 2.631899999999999865e-02 -8.936560000000000059e-01 -8.840080000000000160e-01 -1.623819999999999986e-01 4.383619999999999739e-01 -1.335760000000000003e-01 9.863769999999999483e-01 9.600999999999999812e-02
6.000000000000000000e+00 2.000000000000000000e+00 1.900000000000000000e+01 0.000000000000000000e+00 1.600000000000000089e+00 -4.486000000000000404e-03 -9.497999999999999499e-03 -9.999449999999999728e-01 3.450799999999999979e-01 -9.385440000000000449e-01 7.367000000000000284e-03 -9.385620000000000074e-01 -3.450280000000000014e-01 7.487999999999999864e-03
9.000000000000000000e+00 3.000000000000000000e+00 1.900000000000000000e+01 0.000000000000000000e+00 1.600000000000000089e+00 -7.760999999999999670e-03 1.266499999999999918e-02 -9.998899999999999455e-01 3.125279999999999725e-01 -9.497980000000000311e-01 -1.445600000000000010e-02 -9.498769999999999714e-01 -3.126059999999999950e-01 3.412999999999999801e-03
1.200000000000000000e+01 3.000000000000000000e+00 1.900000000000000000e+01 0.000000000000000000e+00 1.600000000000000089e+00 -5.697999999999999940e-03 2.588299999999999976e-02 -9.996490000000000098e-01 3.198520000000000252e-01 -9.471009999999999707e-01 -2.634600000000000136e-02 -9.474500000000000144e-01 -3.198900000000000077e-01 -2.882000000000000013e-03
1.700000000000000000e+01 3.000000000000000000e+00 1.900000000000000000e+01 0.000000000000000000e+00 1.600000000000000089e+00 -5.971999999999999878e-03 3.496599999999999708e-02 -9.993710000000000093e-01 3.257450000000000068e-01 -9.448090000000000099e-01 -3.500299999999999939e-02 -9.454390000000000294e-01 -3.257490000000000108e-01 -5.747999999999999637e-03
2.400000000000000000e+01 3.000000000000000000e+00 1.900000000000000000e+01 0.000000000000000000e+00 1.600000000000000089e+00 -8.951999999999999888e-03 4.148400000000000004e-02 -9.990989999999999593e-01 3.347010000000000263e-01 -9.413839999999999986e-01 -4.208699999999999941e-02 -9.422819999999999530e-01 -3.347769999999999913e-01 -5.457000000000000045e-03
3.000000000000000000e+00 4.000000000000000000e+00 2.000000000000000000e+01 0.000000000000000000e+00 1.600000000000000089e+00 -1.946000000000000030e-03 -1.519099999999999964e-02 -9.998829999999999663e-01 3.257669999999999733e-01 -9.453500000000000236e-01 1.372899999999999988e-02 -9.454479999999999551e-01 -3.257019999999999915e-01 6.787999999999999763e-03
2.000000000000000000e+01 4.000000000000000000e+00 2.000000000000000000e+01 0.000000000000000000e+00 1.600000000000000089e+00 -4.094000000000000417e-03 3.126799999999999718e-02 -9.995030000000000303e-01 3.645090000000000274e-01 -9.306969999999999965e-01 -3.060900000000000079e-02 -9.311909999999999910e-01 -3.644530000000000269e-01 -7.586999999999999994e-03
2.500000000000000000e+01 4.000000000000000000e+00 2.000000000000000000e+01 0.000000000000000000e+00 1.600000000000000089e+00 -5.745000000000000107e-03 3.696900000000000186e-02 -9.992999999999999661e-01 3.859779999999999878e-01 -9.217929999999999735e-01 -3.632099999999999912e-02 -9.224900000000000322e-01 -3.859170000000000100e-01 -8.973000000000000073e-03
2.800000000000000000e+01 4.000000000000000000e+00 2.000000000000000000e+01 0.000000000000000000e+00 1.600000000000000089e+00 -7.219999999999999855e-03 3.533200000000000229e-02 -9.993499999999999606e-01 3.937660000000000049e-01 -9.185320000000000151e-01 -3.531900000000000317e-02 -9.191820000000000546e-01 -3.937649999999999761e-01 -7.281000000000000145e-03
4.000000000000000000e+00 1.300000000000000000e+01 2.000000000000000000e+01 0.000000000000000000e+00 1.600000000000000089e+00 -2.462999999999999912e-03 -2.919999999999999853e-03 9.999930000000000208e-01 2.626379999999999826e-01 9.648879999999999679e-01 3.465000000000000198e-03 -9.648910000000000542e-01 2.626450000000000173e-01 -1.610000000000000103e-03
9.000000000000000000e+00 1.300000000000000000e+01 2.000000000000000000e+01 0.000000000000000000e+00 1.600000000000000089e+00 -9.929999999999999591e-04 -3.739999999999999835e-04 9.999989999999999712e-01 2.618750000000000244e-01 9.651020000000000154e-01 6.210000000000000242e-04 -9.651009999999999867e-01 2.618750000000000244e-01 -8.599999999999999789e-04
1.300000000000000000e+01 1.300000000000000000e+01 2.000000000000000000e+01 0.000000000000000000e+00 1.600000000000000089e+00 4.060000000000000024e-04 4.087999999999999620e-03 9.999919999999999920e-01 2.594330000000000247e-01 9.657520000000000548e-01 -4.053000000000000179e-03 -9.657609999999999806e-01 2.594330000000000247e-01 -6.689999999999999983e-04
1.600000000000000000e+01 1.300000000000000000e+01 2.000000000000000000e+01 0.000000000000000000e+00 1.600000000000000089e+00 -5.330000000000000536e-04 -8.189999999999999581e-04 9.999989999999999712e-01 2.596330000000000027e-01 9.657069999999999821e-01 9.300000000000000541e-04 -9.657069999999999821e-01 2.596330000000000027e-01 -3.020000000000000223e-04
2.200000000000000000e+01 1.300000000000000000e+01 2.000000000000000000e+01 0.000000000000000000e+00 1.600000000000000089e+00 4.560000000000000251e-04 -3.249999999999999851e-04 1.000000000000000000e+00 2.613960000000000172e-01 9.652319999999999789e-01 1.949999999999999965e-04 -9.652309999999999501e-01 2.613960000000000172e-01 5.249999999999999676e-04
2.800000000000000000e+01 1.300000000000000000e+01 2.000000000000000000e+01 0.000000000000000000e+00 1.600000000000000089e+00 5.140000000000000254e-04 -3.736000000000000171e-03 9.999930000000000208e-01 2.652639999999999998e-01 9.641699999999999715e-01 3.465999999999999897e-03 -9.641760000000000330e-01 2.652599999999999958e-01 1.485999999999999908e-03
5.000000000000000000e+00 1.600000000000000000e+01 2.100000000000000000e+01 0.000000000000000000e+00 1.600000000000000089e+00 -2.670000000000000064e-03 -5.203000000000000159e-03 9.999829999999999552e-01 2.985349999999999948e-01 9.543810000000000349e-01 5.762999999999999894e-03 -9.543949999999999934e-01 2.985450000000000048e-01 -9.950000000000000077e-04
2.500000000000000000e+01 3.900000000000000000e+01 2.300000000000000000e+01 0.000000000000000000e+00 1.600000000000000089e+00 -4.623260000000000147e-01 -8.111819999999999586e-01 3.581039999999999779e-01 -8.287729999999999819e-01 5.388990000000000169e-01 1.507429999999999881e-01 -3.152610000000000134e-01 -2.270939999999999903e-01 -9.214329999999999465e-01
2.800000000000000000e+01 4.700000000000000000e+01 2.300000000000000000e+01 0.000000000000000000e+00 1.600000000000000089e+00 -5.699800000000000005e-02 -8.455030000000000046e-01 -5.309190000000000298e-01 9.737419999999999964e-01 7.031900000000000650e-02 -2.165239999999999942e-01 2.204059999999999908e-01 -5.293200000000000127e-01 8.192939999999999667e-01
1.800000000000000000e+01 2.000000000000000000e+00 2.500000000000000000e+01 0.000000000000000000e+00 1.600000000000000089e+00 -8.498999999999999611e-03 2.290100000000000122e-02 9.997019999999999795e-01 8.965599999999999958e-02 -9.956939999999999680e-01 2.357100000000000167e-02 9.959369999999999612e-01 8.982999999999999319e-02 6.408999999999999767e-03
9.000000000000000000e+00 3.000000000000000000e+00 2.500000000000000000e+01 0.000000000000000000e+00 1.600000000000000089e+00 -2.608000000000000075e-03 5.531999999999999591e-03 9.999810000000000088e-01 -4.047599999999999809e-02 -9.991659999999999986e-01 5.421999999999999736e-03 9.991769999999999818e-01 -4.046099999999999697e-02 2.830000000000000050e-03
2.100000000000000000e+01 3.000000000000000000e+00 2.500000000000000000e+01 0.000000000000000000e+00 1.600000000000000089e+00 -8.982999999999999666e-03 2.840099999999999916e-02 9.995560000000000000e-01 2.729799999999999935e-02 -9.992170000000000218e-01 2.863600000000000173e-02 9.995870000000000033e-01 2.754300000000000151e-02 8.200000000000000691e-03
2.700000000000000000e+01 3.000000000000000000e+00 2.500000000000000000e+01 0.000000000000000000e+00 1.600000000000000089e+00 -1.137999999999999949e-02 3.110800000000000023e-02 9.994509999999999783e-01 3.333400000000000252e-02 -9.989489999999999759e-01 3.147199999999999998e-02 9.993800000000000461e-01 3.367400000000000254e-02 1.033099999999999991e-02
3.000000000000000000e+01 3.000000000000000000e+00 2.500000000000000000e+01 0.000000000000000000e+00 1.600000000000000089e+00 -7.870999999999999525e-03 2.979199999999999904e-02 9.995249999999999968e-01 2.890799999999999967e-02 -9.991320000000000201e-01 3.000799999999999995e-02 9.995509999999999673e-01 2.913100000000000064e-02 7.002999999999999677e-03
6.000000000000000000e+00 4.300000000000000000e+01 2.600000000000000000e+01 0.000000000000000000e+00 1.600000000000000089e+00 -8.957199999999999884e-02 2.314749999999999863e-01 -9.687090000000000423e-01 9.843979999999999952e-01 -1.273259999999999947e-01 -1.214469999999999994e-01 -1.514540000000000053e-01 -9.644730000000000247e-01 -2.164580000000000115e-01
2.400000000000000000e+01 3.800000000000000000e+01 2.900000000000000000e+01 0.000000000000000000e+00 1.600000000000000089e+00 3.398070000000000257e-01 3.133170000000000122e-01 -8.867720000000000047e-01 8.639480000000000492e-01 2.686040000000000094e-01 4.259649999999999825e-01 3.716519999999999824e-01 -9.108699999999999575e-01 -1.794159999999999922e-01
2.000000000000000000e+01 4.400000000000000000e+01 3.100000000000000000e+01 0.000000000000000000e+00 1.600000000000000089e+00 9.117450000000000276e-01 -2.000290000000000123e-01 -3.587600000000000233e-01 2.169310000000000127e-01 9.761619999999999742e-01 7.037999999999999985e-03 3.487999999999999989e-01 -8.424299999999999844e-02 9.334029999999999827e-01
2.000000000000000000e+00 5.800000000000000000e+01 3.100000000000000000e+01 0.000000000000000000e+00 1.600000000000000089e+00 1.371000000000000040e-03 -3.874999999999999972e-03 9.999919999999999920e-01 -8.069460000000000521e-01 -5.906240000000000379e-01 -1.182000000000000108e-03 5.906230000000000091e-01 -8.069380000000000441e-01 -3.937000000000000395e-03
1.000000000000000000e+01 5.800000000000000000e+01 3.100000000000000000e+01 0.000000000000000000e+00 1.600000000000000089e+00 -5.146000000000000400e-03 1.407000000000000048e-03 9.999860000000000415e-01 -8.082139999999999880e-01 -5.888799999999999590e-01 -3.330000000000000061e-03 5.888670000000000293e-01 -8.082190000000000207e-01 4.167999999999999830e-03
1.600000000000000000e+01 5.800000000000000000e+01 3.100000000000000000e+01 0.000000000000000000e+00 1.600000000000000089e+00 -5.789999999999999791e-04 -1.050599999999999971e-02 9.999449999999999728e-01 -8.067029999999999479e-01 -5.909189999999999721e-01 -6.675999999999999643e-03 5.909569999999999546e-01 -8.066619999999999902e-01 -8.132999999999999605e-03
2.200000000000000000e+01 5.800000000000000000e+01 3.100000000000000000e+01 0.000000000000000000e+00 1.600000000000000089e+00 1.038000000000000077e-03 -1.593699999999999978e-02 9.998719999999999830e-01 -7.979300000000000281e-01 -6.026860000000000550e-01 -8.777999999999999345e-03 6.027489999999999792e-01 -7.978189999999999449e-01 -1.334199999999999969e-02
2.700000000000000000e+01 5.800000000000000000e+01 3.100000000000000000e+01 0.000000000000000000e+00 1.600000000000000089e+00 3.108000000000000086e-03 1.900699999999999959e-02 9.998150000000000093e-01 -7.891810000000000214e-01 -6.139980000000000437e-01 1.412599999999999967e-02 6.141529999999999490e-01 -7.890789999999999749e-01 1.309100000000000021e-02
2.200000000000000000e+01 3.800000000000000000e+01 3.400000000000000000e+01 0.000000000000000000e+00 1.600000000000000089e+00 4.848129999999999939e-01 -8.527569999999999872e-01 -1.943219999999999947e-01 8.547369999999999690e-01 5.090540000000000065e-01 -1.014359999999999984e-01 1.854210000000000025e-01 -1.169169999999999932e-01 9.756789999999999630e-01
8.000000000000000000e+00 3.700000000000000000e+01 3.500000000000000000e+01 0.000000000000000000e+00 1.600000000000000089e+00 2.129489999999999994e-01 2.371959999999999902e-01 -9.478349999999999831e-01 -4.393290000000000251e-01 -8.432439999999999936e-01 -3.097260000000000013e-01 -8.727209999999999690e-01 4.823669999999999902e-01 -7.536099999999999743e-02
2.600000000000000000e+01 2.900000000000000000e+01 3.600000000000000000e+01 0.000000000000000000e+00 1.600000000000000089e+00 5.202849999999999975e-01 5.205060000000000242e-01 -6.770350000000000534e-01 7.811010000000000453e-01 3.044399999999999884e-02 6.236620000000000497e-01 3.452319999999999833e-01 -8.533150000000000457e-01 -3.907280000000000197e-01
2.400000000000000000e+01 3.000000000000000000e+01 3.600000000000000000e+01 0.000000000000000000e+00 1.600000000000000089e+00 3.517159999999999731e-01 4.428710000000000147e-01 -8.247189999999999799e-01 8.186870000000000536e-01 2.816819999999999879e-01 5.004060000000000175e-01 4.539239999999999942e-01 -8.511879999999999447e-01 -2.635009999999999852e-01
9.000000000000000000e+00 9.500000000000000000e+01 3.600000000000000000e+01 0.000000000000000000e+00 1.600000000000000089e+00 8.548000000000000043e-03 -1.417609999999999981e-01 9.898639999999999661e-01 9.974680000000000213e-01 7.109400000000000441e-02 1.567999999999999949e-03 -7.059500000000000497e-02 9.873450000000000282e-01 1.420099999999999973e-01
2.600000000000000000e+01 2.000000000000000000e+01 3.900000000000000000e+01 0.000000000000000000e+00 1.600000000000000089e+00 1.112800000000000074e-02 -1.317699999999999948e-02 9.998510000000000453e-01 -4.812179999999999791e-01 8.764380000000000503e-01 1.690600000000000089e-02 -8.765309999999999491e-01 -4.813339999999999841e-01 3.412000000000000102e-03
1.800000000000000000e+01 3.400000000000000000e+01 4.000000000000000000e+01 0.000000000000000000e+00 1.600000000000000089e+00 6.529300000000000381e-02 -7.121880000000000432e-01 6.989459999999999562e-01 7.617920000000000247e-01 -4.168390000000000151e-01 -4.959009999999999807e-01 6.445220000000000393e-01 5.648300000000000542e-01 5.153229999999999755e-01
2.000000000000000000e+01 3.800000000000000000e+01 4.000000000000000000e+01 0.000000000000000000e+00 1.600000000000000089e+00 -5.531840000000000090e-01 -7.587030000000000163e-01 -3.440300000000000025e-01 -8.207069999999999643e-01 4.254870000000000041e-01 3.813150000000000150e-01 -1.429249999999999965e-01 4.932849999999999735e-01 -8.580459999999999754e-01
7.000000000000000000e+00 4.800000000000000000e+01 4.100000000000000000e+01 0.000000000000000000e+00 1.600000000000000089e+00 1.235300000000000009e-01 6.027000000000000239e-03 9.923229999999999551e-01 8.258370000000000433e-01 5.538239999999999830e-01 -1.061679999999999985e-01 -5.502120000000000344e-01 8.326120000000000188e-01 6.343699999999999339e-02
9.000000000000000000e+00 4.800000000000000000e+01 4.200000000000000000e+01 0.000000000000000000e+00 1.600000000000000089e+00 1.240870000000000029e-01 -9.379600000000000437e-02 9.878280000000000394e-01 8.785370000000000124e-01 4.731710000000000083e-01 -6.543000000000000205e-02 -4.612749999999999906e-01 8.759630000000000472e-01 1.411169999999999924e-01
2.400000000000000000e+01 2.500000000000000000e+01 4.300000000000000000e+01 0.000000000000000000e+00 1.600000000000000089e+00 1.120140000000000025e-01 1.894339999999999913e-01 -9.754829999999999890e-01 8.168879999999999475e-01 5.414020000000000499e-01 1.989400000000000057e-01 5.658149999999999569e-01 -8.191450000000000120e-01 -9.410200000000000509e-02
2.300000000000000000e+01 5.100000000000000000e+01 4.300000000000000000e+01 0.000000000000000000e+00 1.600000000000000089e+00 -1.160830000000000056e-01 4.347079999999999833e-01 -8.930590000000000472e-01 -6.146850000000000369e-01 6.748250000000000082e-01 4.083789999999999920e-01 7.801839999999999886e-01 5.963559999999999972e-01 1.888720000000000121e-01
2.200000000000000000e+01 5.200000000000000000e+01 4.300000000000000000e+01 0.000000000000000000e+00 1.600000000000000089e+00 -6.560499999999999665e-02 4.185670000000000224e-01 -9.058129999999999793e-01 -5.073060000000000347e-01 7.677070000000000283e-01 3.914920000000000067e-01 8.592649999999999455e-01 4.852090000000000014e-01 1.619760000000000089e-01
8.000000000000000000e+00 8.000000000000000000e+00 4.400000000000000000e+01 0.000000000000000000e+00 1.600000000000000089e+00 -1.665999999999999946e-03 2.765999999999999796e-03 9.999949999999999672e-01 -8.027419999999999556e-01 -5.963270000000000515e-01 3.130000000000000187e-04 5.963239999999999652e-01 -8.027370000000000339e-01 3.213999999999999843e-03
2.000000000000000000e+01 8.000000000000000000e+00 4.400000000000000000e+01 0.000000000000000000e+00 1.600000000000000089e+00 -2.452000000000000186e-03 -5.172999999999999647e-03 9.999839999999999840e-01 -7.857990000000000252e-01 -6.184610000000000385e-01 -5.126000000000000348e-03 6.184770000000000545e-01 -7.857990000000000252e-01 -2.549000000000000050e-03
2.900000000000000000e+01 3.100000000000000000e+01 4.500000000000000000e+01 0.000000000000000000e+00 1.600000000000000089e+00 -7.801700000000000301e-02 -5.118030000000000079e-01 8.555530000000000079e-01 -9.960259999999999669e-01 3.043000000000000132e-03 -8.900600000000000178e-02 4.295000000000000207e-02 -8.590980000000000283e-01 -5.100059999999999594e-01
1.000000000000000000e+01 5.400000000000000000e+01 4.600000000000000000e+01 0.000000000000000000e+00 1.600000000000000089e+00 -1.277700000000000016e-02 -4.134999999999999787e-02 9.990630000000000344e-01 2.684480000000000199e-01 -9.626059999999999617e-01 -3.640700000000000186e-02 9.632089999999999819e-01 2.677309999999999968e-01 2.339899999999999966e-02
2.100000000000000000e+01 6.500000000000000000e+01 4.600000000000000000e+01 0.000000000000000000e+00 1.600000000000000089e+00 -3.128999999999999837e-03 2.602999999999999845e-03 9.999919999999999920e-01 6.790929999999999467e-01 -7.340419999999999723e-01 4.035999999999999657e-03 7.340459999999999763e-01 6.791000000000000369e-01 5.289999999999999564e-04
6.000000000000000000e+00 2.900000000000000000e+01 4.800000000000000000e+01 0.000000000000000000e+00 1.600000000000000089e+00 4.924000000000000425e-03 -1.063100000000000017e-01 9.943210000000000104e-01 3.580409999999999981e-01 9.285999999999999810e-01 9.750999999999999945e-02 -9.336929999999999952e-01 3.555280000000000107e-01 4.263600000000000029e-02
1.600000000000000000e+01 2.900000000000000000e+01 4.800000000000000000e+01 0.000000000000000000e+00 1.600000000000000089e+00 1.884999999999999957e-03 7.565999999999999809e-03 9.999700000000000255e-01 3.597279999999999922e-01 9.330249999999999932e-01 -7.738000000000000086e-03 -9.330549999999999677e-01 3.597310000000000230e-01 -9.629999999999999888e-04
2.100000000000000000e+01 2.900000000000000000e+01 4.800000000000000000e+01 0.000000000000000000e+00 1.600000000000000089e+00 9.072999999999999468e-03 3.183219999999999938e-01 9.479389999999999761e-01 3.989929999999999866e-01 8.680940000000000323e-01 -2.953279999999999794e-01 -9.169089999999999741e-01 3.809000000000000163e-01 -1.191320000000000018e-01
2.500000000000000000e+01 6.000000000000000000e+00 5.100000000000000000e+01 0.000000000000000000e+00 1.600000000000000089e+00 -1.012000000000000096e-03 -5.492000000000000354e-03 -9.999839999999999840e-01 2.975450000000000039e-01 -9.546949999999999603e-01 4.943000000000000345e-03 -9.547069999999999723e-01 -2.975360000000000227e-01 2.599999999999999881e-03
1.600000000000000000e+01 4.500000000000000000e+01 5.100000000000000000e+01 0.000000000000000000e+00 1.600000000000000089e+00 9.340049999999999741e-01 -1.937129999999999963e-01 -3.001820000000000044e-01 3.243659999999999877e-01 8.119709999999999983e-01 4.852719999999999811e-01 1.497360000000000080e-01 -5.506159999999999943e-01 8.212190000000000323e-01
1.800000000000000000e+01 1.150000000000000000e+02 5.100000000000000000e+01 0.000000000000000000e+00 1.600000000000000089e+00 -1.603000000000000041e-03 -2.577199999999999977e-02 9.996669999999999723e-01 8.386259999999999826e-01 -5.445600000000000440e-01 -1.269400000000000042e-02 5.447049999999999947e-01 8.383260000000000156e-01 2.248599999999999904e-02
2.300000000000000000e+01 1.150000000000000000e+02 5.100000000000000000e+01 0.000000000000000000e+00 1.600000000000000089e+00 -6.831000000000000266e-03 -1.248600000000000057e-02 9.998989999999999823e-01 8.439720000000000555e-01 -5.363860000000000294e-01 -9.319999999999999942e-04 5.363430000000000142e-01 8.438809999999999922e-01 1.420199999999999935e-02
2.900000000000000000e+01 1.150000000000000000e+02 5.100000000000000000e+01 0.000000000000000000e+00 1.600000000000000089e+00 -5.810000000000000060e-03 4.145000000000000247e-03 9.999740000000000295e-01 8.527099999999999680e-01 -5.223370000000000513e-01 7.119999999999999593e-03 5.223529999999999562e-01 8.527289999999999592e-01 -5.000000000000000104e-04
6.000000000000000000e+00 5.800000000000000000e+01 5.200000000000000000e+01 0.000000000000000000e+00 1.600000000000000089e+00 -6.329999999999999689e-03 -3.154099999999999959e-02 9.994819999999999816e-01 -6.174079999999999568e-01 7.863649999999999807e-01 2.090600000000000097e-02 -7.866180000000000394e-01 -6.169559999999999489e-01 -2.445100000000000051e-02
3.000000000000000000e+00 6.300000000000000000e+01 5.400000000000000000e+01 0.000000000000000000e+00 1.600000000000000089e+00 -2.642999999999999950e-03 -4.904000000000000373e-03 9.999850000000000128e-01 -3.708469999999999822e-01 9.286870000000000402e-01 3.573999999999999920e-03 -9.286900000000000155e-01 -3.708319999999999950e-01 -4.272999999999999889e-03
8.000000000000000000e+00 6.300000000000000000e+01 5.400000000000000000e+01 0.000000000000000000e+00 1.600000000000000089e+00 -2.759000000000000168e-03 -1.070100000000000044e-02 9.999390000000000223e-01 -3.687659999999999827e-01 9.294790000000000552e-01 8.930000000000000437e-03 -9.295179999999999554e-01 -3.687190000000000190e-01 -6.511000000000000294e-03
1.300000000000000000e+01 6.300000000000000000e+01 5.400000000000000000e+01 0.000000000000000000e+00 1.600000000000000089e+00 1.005999999999999950e-03 -7.669999999999999951e-04 9.999989999999999712e-01 -3.815549999999999775e-01 9.243449999999999722e-01 1.092000000000000089e-03 -9.243460000000000010e-01 -3.815560000000000063e-01 6.369999999999999794e-04
1.800000000000000000e+01 6.300000000000000000e+01 5.400000000000000000e+01 0.000000000000000000e+00 1.600000000000000089e+00 -1.111000000000000008e-03 1.691999999999999928e-03 9.999980000000000535e-01 -3.804270000000000151e-01 9.248089999999999922e-01 -1.987000000000000051e-03 -9.248100000000000209e-01 -3.804279999999999884e-01 -3.829999999999999854e-04
2.000000000000000000e+01 6.300000000000000000e+01 5.400000000000000000e+01 0.000000000000000000e+00 1.600000000000000089e+00 6.819999999999999890e-04 1.551999999999999994e-03 9.999989999999999712e-01 -3.733989999999999809e-01 9.276699999999999946e-01 -1.185000000000000072e-03 -9.276699999999999946e-01 -3.733980000000000077e-01 1.211999999999999970e-03
2.400000000000000000e+01 6.300000000000000000e+01 5.400000000000000000e+01 0.000000000000000000e+00 1.600000000000000089e+00 7.770000000000000214e-04 5.021000000000000289e-03 9.999869999999999592e-01 -3.644419999999999882e-01 9.312160000000000437e-01 -4.392000000000000071e-03 -9.312259999999999982e-01 -3.644339999999999802e-01 2.553000000000000148e-03
2.800000000000000000e+01 6.300000000000000000e+01 5.400000000000000000e+01 0.000000000000000000e+00 1.600000000000000089e+00 1.699999999999999987e-05 1.853999999999999962e-03 9.999980000000000535e-01 -3.601400000000000157e-01 9.328969999999999763e-01 -1.722999999999999922e-03 -9.328980000000000050e-01 -3.601389999999999869e-01 6.840000000000000377e-04
2.100000000000000000e+01 2.500000000000000000e+01 5.500000000000000000e+01 0.000000000000000000e+00 1.600000000000000089e+00 7.799999999999999859e-05 1.186429999999999985e-01 9.929369999999999585e-01 3.461000000000000101e-03 9.929310000000000080e-01 -1.186429999999999985e-01 -9.999940000000000495e-01 3.445999999999999844e-03 -3.330000000000000169e-04
2.500000000000000000e+01 2.500000000000000000e+01 5.500000000000000000e+01 0.000000000000000000e+00 1.600000000000000089e+00 -3.262999999999999842e-03 -5.978800000000000087e-02 9.982060000000000377e-01 7.919999999999999957e-03 9.981780000000000097e-01 5.981299999999999811e-02 -9.999630000000000463e-01 8.101000000000000562e-03 -2.782999999999999884e-03
4.000000000000000000e+00 2.600000000000000000e+01 5.500000000000000000e+01 0.000000000000000000e+00 1.600000000000000089e+00 -2.709999999999999735e-04 -3.416999999999999899e-03 -9.999940000000000495e-01 -2.827400000000000052e-02 -9.995939999999999825e-01 3.422999999999999828e-03 -9.996000000000000441e-01 2.827500000000000152e-02 1.740000000000000010e-04
2.900000000000000000e+01 2.600000000000000000e+01 5.500000000000000000e+01 0.000000000000000000e+00 1.600000000000000089e+00 3.278999999999999797e-03 8.545000000000000512e-03 -9.999580000000000135e-01 -2.116099999999999925e-02 -9.997390000000000443e-01 -8.613000000000000864e-03 -9.997709999999999653e-01 2.118799999999999850e-02 -3.098000000000000059e-03
5.000000000000000000e+00 2.900000000000000000e+01 5.500000000000000000e+01 0.000000000000000000e+00 1.600000000000000089e+00 2.889000000000000075e-03 4.470199999999999868e-02 9.989959999999999951e-01 7.030599999999999350e-02 -9.965370000000000061e-01 4.438899999999999790e-02 9.975209999999999910e-01 7.010700000000000265e-02 -6.021999999999999575e-03
1.800000000000000000e+01 3.100000000000000000e+01 5.500000000000000000e+01 0.000000000000000000e+00 1.600000000000000089e+00 1.184869999999999951e-01 4.032479999999999953e-01 -9.073870000000000546e-01 3.358999999999999764e-01 8.436719999999999775e-01 4.187939999999999996e-01 9.344149999999999956e-01 -3.544129999999999781e-01 -3.548699999999999771e-02
3.000000000000000000e+01 4.300000000000000000e+01 5.500000000000000000e+01 0.000000000000000000e+00 1.600000000000000089e+00 -6.418979999999999686e-01 -5.830199999999999827e-01 4.980519999999999947e-01 -6.336199999999999610e-01 7.691040000000000099e-01 8.369300000000000350e-02 -4.318480000000000096e-01 -2.618530000000000024e-01 -8.630989999999999496e-01
1.300000000000000000e+01 5.600000000000000000e+01 5.500000000000000000e+01 0.000000000000000000e+00 1.600000000000000089e+00 -1.532429999999999903e-01 2.494220000000000048e-01 -9.561929999999999596e-01 -8.803339999999999499e-01 -4.740340000000000109e-01 1.743400000000000158e-02 -4.489190000000000125e-01 8.444409999999999972e-01 2.922170000000000045e-01
2.800000000000000000e+01 4.500000000000000000e+01 5.600000000000000000e+01 0.000000000000000000e+00 1.600000000000000089e+00 -7.900869999999999838e-01 -2.046219999999999983e-01 5.778339999999999588e-01 -2.600779999999999759e-01 9.654899999999999594e-01 -1.371299999999999950e-02 -5.550869999999999971e-01 -1.611170000000000102e-01 -8.160389999999999588e-01
