1.500000000000000000e+01 2.500000000000000000e+01 1.000000000000000000e+00 0.000000000000000000e+00 1.600000000000000089e+00 -2.266999999999999918e-03 4.571000000000000410e-03 -9.999869999999999592e-01 -5.345189999999999664e-01 -8.451520000000000143e-01 -2.651000000000000145e-03 -8.451530000000000431e-01 5.345060000000000366e-01 4.359000000000000027e-03
2.100000000000000000e+01 2.500000000000000000e+01 1.000000000000000000e+00 0.000000000000000000e+00 1.600000000000000089e+00 -1.358999999999999965e-03 -2.694999999999999913e-03 -9.999949999999999672e-01 -5.345600000000000351e-01 -8.451250000000000151e-01 3.004000000000000160e-03 -8.451290000000000191e-01 5.345619999999999816e-01 -2.919999999999999961e-04
2.800000000000000000e+01 2.500000000000000000e+01 1.000000000000000000e+00 0.000000000000000000e+00 1.600000000000000089e+00 -2.730000000000000222e-04 -1.507900000000000039e-02 -9.998860000000000525e-01 -5.356210000000000138e-01 -8.443599999999999994e-01 1.288000000000000082e-02 -8.444580000000000419e-01 5.355640000000000400e-01 -7.846000000000000543e-03
1.000000000000000000e+00 1.500000000000000000e+01 4.000000000000000000e+00 0.000000000000000000e+00 1.600000000000000089e+00 7.749999999999999728e-04 -5.798000000000000202e-03 9.999829999999999552e-01 3.198420000000000152e-01 -9.474529999999999896e-01 -5.741999999999999708e-03 9.474700000000000344e-01 3.198409999999999864e-01 1.119999999999999902e-03
4.000000000000000000e+00 1.500000000000000000e+01 4.000000000000000000e+00 0.000000000000000000e+00 1.600000000000000089e+00 2.387999999999999932e-03 -6.258999999999999807e-03 9.999780000000000335e-01 3.224190000000000111e-01 -9.465740000000000265e-01 -6.695000000000000430e-03 9.465940000000000465e-01 3.224270000000000191e-01 -2.420000000000000005e-04
1.300000000000000000e+01 1.500000000000000000e+01 4.000000000000000000e+00 0.000000000000000000e+00 1.600000000000000089e+00 -2.993000000000000001e-03 -1.296199999999999956e-02 9.999120000000000230e-01 3.248619999999999841e-01 -9.456940000000000346e-01 -1.128700000000000016e-02 9.457569999999999588e-01 3.247990000000000044e-01 7.041999999999999649e-03
1.600000000000000000e+01 1.500000000000000000e+01 4.000000000000000000e+00 0.000000000000000000e+00 1.600000000000000089e+00 8.999999999999999754e-04 -4.039000000000000055e-03 9.999909999999999632e-01 3.256600000000000050e-01 -9.454780000000000406e-01 -4.112000000000000204e-03 9.454869999999999663e-01 3.256609999999999783e-01 4.650000000000000270e-04
2.000000000000000000e+01 1.500000000000000000e+01 4.000000000000000000e+00 0.000000000000000000e+00 1.600000000000000089e+00 1.191999999999999917e-03 -6.019999999999999961e-04 9.999989999999999712e-01 3.270270000000000121e-01 -9.450150000000000494e-01 -9.590000000000000000e-04 9.450140000000000207e-01 3.270279999999999854e-01 -9.290000000000000297e-04
2.400000000000000000e+01 1.500000000000000000e+01 4.000000000000000000e+00 0.000000000000000000e+00 1.600000000000000089e+00 3.170000000000000075e-04 -9.669999999999999776e-04 9.999989999999999712e-01 3.251069999999999793e-01 -9.456769999999999898e-01 -1.018000000000000025e-03 9.456769999999999898e-01 3.251069999999999793e-01 1.500000000000000038e-05
2.500000000000000000e+01 9.000000000000000000e+01 4.000000000000000000e+00 0.000000000000000000e+00 1.600000000000000089e+00 2.147280000000000022e-01 5.856569999999999832e-01 -7.815999999999999615e-01 -3.045289999999999941e-01 8.005189999999999806e-01 5.161700000000000177e-01 9.279840000000000311e-01 1.271839999999999915e-01 3.502430000000000265e-01
1.500000000000000000e+01 8.700000000000000000e+01 6.000000000000000000e+00 0.000000000000000000e+00 1.600000000000000089e+00 -6.835660000000000069e-01 -6.258759999999999879e-01 -3.755220000000000224e-01 -7.280769999999999742e-01 6.209240000000000315e-01 2.904419999999999780e-01 5.138999999999999818e-02 4.719450000000000034e-01 -8.801290000000000502e-01
1.600000000000000000e+01 8.600000000000000000e+01 7.000000000000000000e+00 0.000000000000000000e+00 1.600000000000000089e+00 -6.872030000000000083e-01 -6.648570000000000313e-01 -2.927750000000000075e-01 -7.263669999999999849e-01 6.354720000000000368e-01 2.618510000000000004e-01 1.195700000000000061e-02 3.926060000000000105e-01 -9.196290000000000298e-01
8.000000000000000000e+00 2.500000000000000000e+01 8.000000000000000000e+00 0.000000000000000000e+00 1.600000000000000089e+00 1.567000000000000033e-03 1.800000000000000046e-05 -9.999989999999999712e-01 4.528429999999999955e-01 8.915899999999999936e-01 7.259999999999999743e-04 8.915889999999999649e-01 -4.528440000000000243e-01 1.389000000000000044e-03
1.200000000000000000e+01 2.500000000000000000e+01 8.000000000000000000e+00 0.000000000000000000e+00 1.600000000000000089e+00 1.056000000000000081e-03 3.014000000000000186e-03 -9.999949999999999672e-01 4.519420000000000104e-01 8.920420000000000016e-01 3.165999999999999977e-03 8.920470000000000343e-01 -4.519429999999999836e-01 -4.200000000000000174e-04
1.700000000000000000e+01 2.500000000000000000e+01 8.000000000000000000e+00 0.000000000000000000e+00 1.600000000000000089e+00 2.369999999999999874e-04 -2.400000000000000061e-04 -1.000000000000000000e+00 4.532169999999999810e-01 8.913999999999999702e-01 -1.060000000000000016e-04 8.913999999999999702e-01 -4.532169999999999810e-01 3.200000000000000262e-04
2.600000000000000000e+01 2.500000000000000000e+01 8.000000000000000000e+00 0.000000000000000000e+00 1.600000000000000089e+00 1.378000000000000102e-03 5.374999999999999570e-03 -9.999850000000000128e-01 4.526919999999999833e-01 8.916500000000000536e-01 5.415999999999999807e-03 8.916659999999999586e-01 -4.526930000000000121e-01 -1.203999999999999992e-03
2.800000000000000000e+01 2.500000000000000000e+01 8.000000000000000000e+00 0.000000000000000000e+00 1.600000000000000089e+00 2.126999999999999984e-03 2.565000000000000006e-03 -9.999940000000000495e-01 4.512430000000000052e-01 8.923950000000000493e-01 3.249000000000000152e-03 8.923990000000000533e-01 -4.512470000000000092e-01 7.410000000000000137e-04
7.000000000000000000e+00 2.400000000000000000e+01 9.000000000000000000e+00 0.000000000000000000e+00 1.600000000000000089e+00 1.613999999999999983e-03 2.178999999999999947e-03 -9.999959999999999960e-01 4.563789999999999791e-01 8.897810000000000441e-01 2.675999999999999993e-03 8.897840000000000193e-01 -4.563820000000000099e-01 4.409999999999999858e-04
1.600000000000000000e+01 2.400000000000000000e+01 9.000000000000000000e+00 0.000000000000000000e+00 1.600000000000000089e+00 -1.100000000000000039e-04 1.262000000000000101e-03 -9.999989999999999712e-01 4.554830000000000267e-01 8.902440000000000353e-01 1.074000000000000085e-03 8.902440000000000353e-01 -4.554830000000000267e-01 -6.729999999999999871e-04
2.000000000000000000e+01 2.400000000000000000e+01 9.000000000000000000e+00 0.000000000000000000e+00 1.600000000000000089e+00 -6.049999999999999606e-04 2.175999999999999983e-03 -9.999970000000000248e-01 4.568720000000000003e-01 8.895309999999999606e-01 1.659000000000000101e-03 8.895319999999999894e-01 -4.568699999999999983e-01 -1.533000000000000074e-03
2.400000000000000000e+01 2.400000000000000000e+01 9.000000000000000000e+00 0.000000000000000000e+00 1.600000000000000089e+00 6.419999999999999925e-04 4.837000000000000154e-03 -9.999879999999999880e-01 4.558860000000000134e-01 8.900259999999999838e-01 4.597000000000000391e-03 8.900379999999999958e-01 -4.558840000000000114e-01 -1.634000000000000036e-03
2.800000000000000000e+01 2.400000000000000000e+01 9.000000000000000000e+00 0.000000000000000000e+00 1.600000000000000089e+00 2.478999999999999867e-03 1.477000000000000014e-03 -9.999959999999999960e-01 4.538949999999999929e-01 8.910519999999999552e-01 2.442000000000000160e-03 8.910519999999999552e-01 -4.539000000000000257e-01 1.539000000000000003e-03
1.400000000000000000e+01 8.900000000000000000e+01 9.000000000000000000e+00 0.000000000000000000e+00 1.600000000000000089e+00 -9.305149999999999810e-01 1.296000000000000060e-03 -3.662520000000000220e-01 -1.044029999999999958e-01 9.575660000000000283e-01 2.686379999999999879e-01 3.510579999999999812e-01 2.882100000000000217e-01 -8.908949999999999925e-01
1.800000000000000000e+01 1.200000000000000000e+01 1.000000000000000000e+01 0.000000000000000000e+00 1.600000000000000089e+00 -2.651000000000000145e-03 7.500000000000000156e-04 -9.999959999999999960e-01 -5.520479999999999832e-01 -8.338119999999999976e-01 8.379999999999999862e-04 -8.338079999999999936e-01 5.520490000000000119e-01 2.624000000000000030e-03
2.800000000000000000e+01 9.900000000000000000e+01 1.000000000000000000e+01 0.000000000000000000e+00 1.600000000000000089e+00 2.790300000000000072e-02 9.319900000000000406e-02 -9.952569999999999473e-01 -9.050639999999999796e-01 4.250309999999999921e-01 1.442700000000000059e-02 4.243589999999999862e-01 9.003679999999999461e-01 9.621000000000000385e-02
1.000000000000000000e+01 3.500000000000000000e+01 1.200000000000000000e+01 0.000000000000000000e+00 1.600000000000000089e+00 -6.908000000000000078e-03 7.637999999999999824e-03 -9.999470000000000303e-01 4.442280000000000117e-01 -8.958589999999999609e-01 -9.912000000000000671e-03 -8.958869999999999889e-01 -4.442729999999999735e-01 2.795999999999999874e-03
1.700000000000000000e+01 8.400000000000000000e+01 1.200000000000000000e+01 0.000000000000000000e+00 1.600000000000000089e+00 -7.831310000000000215e-01 -5.940290000000000292e-01 -1.839419999999999944e-01 -6.218399999999999483e-01 7.458970000000000322e-01 2.386490000000000000e-01 -4.563000000000000216e-03 3.012759999999999883e-01 -9.535259999999999847e-01
2.200000000000000000e+01 9.600000000000000000e+01 1.200000000000000000e+01 0.000000000000000000e+00 1.600000000000000089e+00 -1.384900000000000020e-02 8.394540000000000335e-01 -5.432540000000000147e-01 -9.146020000000000261e-01 2.089459999999999928e-01 3.461850000000000205e-01 4.041170000000000040e-01 5.016559999999999908e-01 7.648730000000000251e-01
5.000000000000000000e+00 3.200000000000000000e+01 1.400000000000000000e+01 0.000000000000000000e+00 1.600000000000000089e+00 -6.059999999999999849e-04 -5.157000000000000126e-03 -9.999869999999999592e-01 1.052010000000000028e-01 9.944370000000000154e-01 -5.191999999999999567e-03 9.944509999999999739e-01 -1.052020000000000038e-01 -6.000000000000000152e-05
3.000000000000000000e+00 1.200000000000000000e+01 1.500000000000000000e+01 0.000000000000000000e+00 1.600000000000000089e+00 -1.490999999999999921e-03 -5.768999999999999823e-03 -9.999820000000000375e-01 -4.609909999999999841e-01 -8.873860000000000081e-01 5.806000000000000397e-03 -8.874039999999999706e-01 4.609909999999999841e-01 -1.335999999999999948e-03
5.000000000000000000e+00 1.160000000000000000e+02 1.600000000000000000e+01 0.000000000000000000e+00 1.600000000000000089e+00 -4.179000000000000423e-03 -9.627000000000000141e-03 9.999449999999999728e-01 7.626650000000000373e-01 6.467249999999999943e-01 9.414000000000000493e-03 -6.467800000000000216e-01 7.626619999999999511e-01 4.640000000000000027e-03
1.100000000000000000e+01 1.160000000000000000e+02 1.600000000000000000e+01 0.000000000000000000e+00 1.600000000000000089e+00 -1.941000000000000017e-03 -6.903000000000000282e-03 9.999740000000000295e-01 6.598180000000000156e-01 7.513980000000000103e-01 6.467999999999999791e-03 -7.514229999999999521e-01 6.598129999999999828e-01 3.095999999999999794e-03
1.900000000000000000e+01 1.160000000000000000e+02 1.600000000000000000e+01 0.000000000000000000e+00 1.600000000000000089e+00 -8.602999999999999536e-03 -8.474999999999999895e-03 9.999270000000000103e-01 7.502220000000000555e-01 6.610759999999999970e-01 1.205799999999999927e-02 -6.611299999999999955e-01 7.502710000000000212e-01 6.710000000000000469e-04
7.000000000000000000e+00 2.000000000000000000e+00 1.900000000000000000e+01 0.000000000000000000e+00 1.600000000000000089e+00 3.150000000000000131e-04 7.797000000000000111e-03 -9.999700000000000255e-01 1.586090000000000000e-01 -9.873119999999999674e-01 -7.648000000000000284e-03 -9.873410000000000242e-01 -1.586019999999999930e-01 -1.547999999999999897e-03
1.000000000000000000e+01 2.000000000000000000e+00 1.900000000000000000e+01 0.000000000000000000e+00 1.600000000000000089e+00 1.760999999999999979e-03 1.236199999999999972e-02 -9.999219999999999775e-01 1.592749999999999999e-01 -9.871619999999999839e-01 -1.192400000000000057e-02 -9.872330000000000272e-01 -1.592419999999999947e-01 -3.706999999999999792e-03
1.200000000000000000e+01 2.000000000000000000e+00 1.900000000000000000e+01 0.000000000000000000e+00 1.600000000000000089e+00 1.776000000000000018e-03 7.668000000000000337e-03 -9.999689999999999968e-01 1.567709999999999937e-01 -9.876080000000000414e-01 -7.295000000000000269e-03 -9.876329999999999831e-01 -1.567530000000000034e-01 -2.955999999999999860e-03
1.800000000000000000e+01 2.000000000000000000e+00 1.900000000000000000e+01 0.000000000000000000e+00 1.600000000000000089e+00 1.843999999999999936e-03 2.768000000000000061e-03 -9.999940000000000495e-01 1.527429999999999899e-01 -9.882630000000000026e-01 -2.454000000000000018e-03 -9.882640000000000313e-01 -1.527380000000000126e-01 -2.245000000000000034e-03
2.100000000000000000e+01 2.000000000000000000e+00 1.900000000000000000e+01 0.000000000000000000e+00 1.600000000000000089e+00 2.439000000000000196e-03 -7.069999999999999462e-04 -9.999970000000000248e-01 1.573219999999999896e-01 -9.875469999999999526e-01 1.082000000000000062e-03 -9.875439999999999774e-01 -1.573239999999999916e-01 -2.296999999999999997e-03
2.700000000000000000e+01 2.000000000000000000e+00 1.900000000000000000e+01 0.000000000000000000e+00 1.600000000000000089e+00 3.393999999999999882e-03 -2.316299999999999956e-02 -9.997260000000000035e-01 1.543309999999999960e-01 -9.877420000000000089e-01 2.340899999999999925e-02 -9.880130000000000301e-01 -1.543680000000000052e-01 2.220000000000000022e-04
9.000000000000000000e+00 1.300000000000000000e+01 2.000000000000000000e+01 0.000000000000000000e+00 1.600000000000000089e+00 -4.679999999999999915e-04 2.471000000000000106e-03 9.999970000000000248e-01 2.481530000000000125e-01 9.687179999999999680e-01 -2.278000000000000077e-03 -9.687210000000000543e-01 2.481520000000000115e-01 -1.067000000000000023e-03
1.500000000000000000e+01 1.300000000000000000e+01 2.000000000000000000e+01 0.000000000000000000e+00 1.600000000000000089e+00 -2.608000000000000075e-03 -8.085000000000000173e-03 9.999639999999999640e-01 2.491210000000000091e-01 9.684350000000000458e-01 8.479999999999999691e-03 -9.684690000000000243e-01 2.491339999999999943e-01 -5.119999999999999768e-04
1.700000000000000000e+01 1.300000000000000000e+01 2.000000000000000000e+01 0.000000000000000000e+00 1.600000000000000089e+00 -1.505999999999999960e-03 -8.791999999999999468e-03 9.999599999999999600e-01 2.493630000000000013e-01 9.683690000000000353e-01 8.890000000000000333e-03 -9.684089999999999643e-01 2.493670000000000053e-01 7.339999999999999520e-04
2.300000000000000000e+01 1.300000000000000000e+01 2.000000000000000000e+01 0.000000000000000000e+00 1.600000000000000089e+00 4.989999999999999644e-03 7.186999999999999812e-03 9.999620000000000175e-01 2.478180000000000105e-01 9.687719999999999665e-01 -8.200000000000000691e-03 -9.687940000000000440e-01 2.478490000000000137e-01 3.053000000000000158e-03
2.800000000000000000e+01 1.300000000000000000e+01 2.000000000000000000e+01 0.000000000000000000e+00 1.600000000000000089e+00 -1.376000000000000053e-03 -1.247999999999999977e-03 9.999980000000000535e-01 2.456440000000000012e-01 9.693589999999999707e-01 1.547999999999999897e-03 -9.693589999999999707e-01 2.456450000000000022e-01 -1.026999999999999918e-03
1.300000000000000000e+01 1.600000000000000000e+01 2.100000000000000000e+01 0.000000000000000000e+00 1.600000000000000089e+00 -2.694000000000000214e-03 -5.781999999999999813e-03 9.999799999999999800e-01 2.978000000000000091e-01 9.546069999999999833e-01 6.322000000000000362e-03 -9.546249999999999458e-01 2.978109999999999924e-01 -8.499999999999999526e-04
1.800000000000000000e+01 1.600000000000000000e+01 2.100000000000000000e+01 0.000000000000000000e+00 1.600000000000000089e+00 -6.819999999999999890e-04 -5.897999999999999597e-03 9.999820000000000375e-01 2.991659999999999875e-01 9.541830000000000034e-01 5.832000000000000378e-03 -9.542009999999999659e-01 2.991639999999999855e-01 1.113999999999999973e-03
2.100000000000000000e+01 1.600000000000000000e+01 2.100000000000000000e+01 0.000000000000000000e+00 1.600000000000000089e+00 4.871000000000000330e-03 5.806000000000000397e-03 9.999710000000000543e-01 2.984479999999999911e-01 9.544000000000000261e-01 -6.995000000000000349e-03 -9.544129999999999558e-01 2.984740000000000171e-01 2.916000000000000189e-03
2.000000000000000000e+00 4.900000000000000000e+01 2.500000000000000000e+01 0.000000000000000000e+00 1.600000000000000089e+00 9.398999999999999369e-03 5.463500000000000301e-02 9.984619999999999607e-01 6.598859999999999726e-01 7.498789999999999623e-01 -4.724500000000000227e-02 -7.513069999999999471e-01 6.593149999999999844e-01 -2.900499999999999953e-02
2.600000000000000000e+01 4.600000000000000000e+01 2.700000000000000000e+01 0.000000000000000000e+00 1.600000000000000089e+00 1.216500000000000047e-02 1.826300000000000145e-02 -9.997589999999999533e-01 6.320289999999999520e-01 7.746370000000000200e-01 2.184200000000000030e-02 7.748490000000000100e-01 -6.321430000000000105e-01 -2.118999999999999790e-03
3.000000000000000000e+01 4.600000000000000000e+01 2.700000000000000000e+01 0.000000000000000000e+00 1.600000000000000089e+00 9.598999999999999894e-03 1.313800000000000037e-02 -9.998679999999999790e-01 6.699629999999999752e-01 7.422180000000000444e-01 1.618400000000000047e-02 7.423319999999999919e-01 -6.700300000000000145e-01 -1.677000000000000105e-03
8.000000000000000000e+00 4.900000000000000000e+01 2.900000000000000000e+01 0.000000000000000000e+00 1.600000000000000089e+00 -2.680999999999999790e-03 9.799800000000000177e-02 -9.951830000000000398e-01 6.663339999999999819e-01 -7.418869999999999632e-01 -7.485100000000000087e-02 -7.456490000000000062e-01 -6.633250000000000535e-01 -6.331000000000000516e-02
9.000000000000000000e+00 5.000000000000000000e+01 3.000000000000000000e+01 0.000000000000000000e+00 1.600000000000000089e+00 -4.376999999999999814e-03 1.637949999999999962e-01 -9.864849999999999453e-01 6.597140000000000226e-01 -7.408879999999999910e-01 -1.259440000000000004e-01 -7.515039999999999498e-01 -6.513489999999999558e-01 -1.048150000000000054e-01
1.400000000000000000e+01 5.000000000000000000e+01 3.000000000000000000e+01 0.000000000000000000e+00 1.600000000000000089e+00 -9.379000000000000184e-03 2.726750000000000007e-01 -9.620610000000000550e-01 6.371250000000000524e-01 -7.398989999999999734e-01 -2.159200000000000008e-01 -7.707039999999999447e-01 -6.149780000000000246e-01 -1.667879999999999918e-01
2.000000000000000000e+01 8.000000000000000000e+01 3.000000000000000000e+01 0.000000000000000000e+00 1.600000000000000089e+00 -9.172949999999999715e-01 -3.903530000000000055e-01 -7.870399999999999618e-02 -3.982029999999999736e-01 8.981710000000000527e-01 1.863400000000000056e-01 -2.049000000000000040e-03 2.022690000000000043e-01 -9.793279999999999763e-01
2.100000000000000000e+01 9.000000000000000000e+01 3.000000000000000000e+01 0.000000000000000000e+00 1.600000000000000089e+00 -9.294350000000000112e-01 3.247800000000000131e-01 -1.751209999999999989e-01 2.585529999999999773e-01 9.118490000000000206e-01 3.188759999999999928e-01 2.632490000000000108e-01 2.510970000000000146e-01 -9.314769999999999994e-01
1.800000000000000000e+01 5.100000000000000000e+01 3.100000000000000000e+01 0.000000000000000000e+00 1.600000000000000089e+00 2.522900000000000142e-02 3.988579999999999903e-01 -9.166649999999999521e-01 5.482639999999999736e-01 -7.722719999999999585e-01 -3.209400000000000031e-01 -8.359250000000000291e-01 -4.944779999999999731e-01 -2.381630000000000136e-01
1.800000000000000000e+01 5.200000000000000000e+01 3.200000000000000000e+01 0.000000000000000000e+00 1.600000000000000089e+00 3.796700000000000075e-02 4.218109999999999915e-01 -9.058890000000000553e-01 5.385940000000000172e-01 -7.722339999999999760e-01 -3.370029999999999970e-01 -8.417090000000000405e-01 -4.751119999999999788e-01 -2.565040000000000098e-01
2.900000000000000000e+01 5.600000000000000000e+01 3.300000000000000000e+01 0.000000000000000000e+00 1.600000000000000089e+00 1.526969999999999994e-01 1.936819999999999931e-01 -9.691079999999999695e-01 2.751390000000000224e-01 -9.501699999999999591e-01 -1.465450000000000086e-01 -9.492009999999999614e-01 -2.442630000000000079e-01 -1.983769999999999978e-01
2.700000000000000000e+01 4.600000000000000000e+01 3.500000000000000000e+01 0.000000000000000000e+00 1.600000000000000089e+00 1.430999999999999980e-02 8.209400000000000031e-02 -9.965220000000000189e-01 3.787840000000000096e-01 -9.227899999999999991e-01 -7.058100000000000485e-02 -9.253749999999999476e-01 -3.764560000000000128e-01 -4.430100000000000010e-02
2.100000000000000000e+01 7.900000000000000000e+01 3.500000000000000000e+01 0.000000000000000000e+00 1.600000000000000089e+00 -9.399720000000000297e-01 -3.375020000000000242e-01 -5.044799999999999979e-02 -3.411520000000000108e-01 9.257969999999999811e-01 1.628340000000000065e-01 -8.252000000000000654e-03 1.702700000000000047e-01 -9.853629999999999889e-01
2.200000000000000000e+01 8.900000000000000000e+01 3.500000000000000000e+01 0.000000000000000000e+00 1.600000000000000089e+00 -6.058519999999999461e-01 7.671790000000000553e-01 -2.106669999999999932e-01 7.195190000000000197e-01 6.413579999999999837e-01 2.663679999999999937e-01 3.394650000000000167e-01 9.801000000000000684e-03 -9.405679999999999596e-01
2.900000000000000000e+01 5.000000000000000000e+01 3.600000000000000000e+01 0.000000000000000000e+00 1.600000000000000089e+00 4.404199999999999782e-02 1.885680000000000134e-01 -9.810720000000000551e-01 1.972679999999999989e-01 -9.643319999999999670e-01 -1.764940000000000120e-01 -9.793600000000000083e-01 -1.857610000000000094e-01 -7.967000000000000470e-02
2.200000000000000000e+01 7.800000000000000000e+01 3.600000000000000000e+01 0.000000000000000000e+00 1.600000000000000089e+00 -7.865729999999999666e-01 -6.135840000000000183e-01 -6.941400000000000348e-02 -6.158200000000000340e-01 7.711810000000000054e-01 1.613870000000000027e-01 -4.549299999999999872e-02 1.696890000000000065e-01 -9.844469999999999610e-01
9.000000000000000000e+00 9.500000000000000000e+01 3.600000000000000000e+01 0.000000000000000000e+00 1.600000000000000089e+00 -1.570699999999999874e-02 -5.880500000000000310e-02 9.981459999999999777e-01 9.973889999999999700e-01 6.945300000000000085e-02 1.978699999999999903e-02 -7.048699999999999410e-02 9.958510000000000417e-01 5.756100000000000105e-02
2.000000000000000000e+00 2.900000000000000000e+01 4.400000000000000000e+01 0.000000000000000000e+00 1.600000000000000089e+00 5.699999999999999772e-04 -1.562000000000000020e-03 -9.999989999999999712e-01 6.608180000000000165e-01 7.505460000000000464e-01 -7.960000000000000495e-04 7.505460000000000464e-01 -6.608159999999999590e-01 1.459999999999999926e-03
9.000000000000000000e+00 2.900000000000000000e+01 4.400000000000000000e+01 0.000000000000000000e+00 1.600000000000000089e+00 -8.199999999999999824e-04 1.208000000000000089e-03 -9.999989999999999712e-01 6.557699999999999640e-01 7.549609999999999932e-01 3.739999999999999835e-04 7.549599999999999644e-01 -6.557690000000000463e-01 -1.412000000000000061e-03
1.400000000000000000e+01 2.900000000000000000e+01 4.400000000000000000e+01 0.000000000000000000e+00 1.600000000000000089e+00 9.399999999999999448e-05 -1.662999999999999982e-03 -9.999989999999999712e-01 6.553099999999999481e-01 7.553590000000000027e-01 -1.193999999999999966e-03 7.553600000000000314e-01 -6.553090000000000304e-01 1.160000000000000007e-03
1.700000000000000000e+01 2.900000000000000000e+01 4.400000000000000000e+01 0.000000000000000000e+00 1.600000000000000089e+00 8.649999999999999920e-04 -1.559000000000000056e-03 -9.999980000000000535e-01 6.569650000000000212e-01 7.539200000000000346e-01 -6.070000000000000092e-04 7.539200000000000346e-01 -6.569639999999999924e-01 1.677000000000000105e-03
2.800000000000000000e+01 2.900000000000000000e+01 4.400000000000000000e+01 0.000000000000000000e+00 1.600000000000000089e+00 -1.667999999999999995e-03 3.085000000000000069e-03 -9.999940000000000495e-01 6.553299999999999681e-01 7.553419999999999579e-01 1.237000000000000035e-03 7.553410000000000402e-01 -6.553240000000000176e-01 -3.281000000000000062e-03
6.000000000000000000e+00 6.500000000000000000e+01 4.600000000000000000e+01 0.000000000000000000e+00 1.600000000000000089e+00 1.504600000000000035e-02 1.525849999999999984e-01 9.881760000000000543e-01 6.499700000000000477e-01 -7.524889999999999635e-01 1.062960000000000016e-01 7.598110000000000142e-01 6.406859999999999777e-01 -1.104969999999999980e-01
2.100000000000000000e+01 5.900000000000000000e+01 4.800000000000000000e+01 0.000000000000000000e+00 1.600000000000000089e+00 4.849379999999999802e-01 3.321649999999999880e-01 -8.090129999999999821e-01 -8.352410000000000112e-01 4.501260000000000261e-01 -3.158460000000000156e-01 2.592450000000000032e-01 8.288860000000000117e-01 4.957219999999999960e-01
2.800000000000000000e+01 6.900000000000000000e+01 4.900000000000000000e+01 0.000000000000000000e+00 1.600000000000000089e+00 -2.526340000000000252e-01 -2.187080000000000135e-01 -9.425189999999999957e-01 -8.910590000000000455e-01 -3.270460000000000034e-01 3.147300000000000098e-01 -3.770809999999999995e-01 9.193519999999999470e-01 -1.122589999999999977e-01
2.100000000000000000e+01 7.400000000000000000e+01 4.900000000000000000e+01 0.000000000000000000e+00 1.600000000000000089e+00 4.304899999999999699e-02 5.813540000000000374e-01 8.125109999999999832e-01 -9.658839999999999648e-01 2.320959999999999968e-01 -1.148909999999999931e-01 -2.553730000000000167e-01 -7.798460000000000392e-01 5.715120000000000200e-01
7.000000000000000000e+00 4.900000000000000000e+01 5.000000000000000000e+01 0.000000000000000000e+00 1.600000000000000089e+00 4.078260000000000218e-01 9.200899999999999357e-02 9.084119999999999973e-01 -8.106649999999999689e-01 -4.212919999999999998e-01 4.066139999999999755e-01 4.201190000000000202e-01 -9.022459999999999924e-01 -9.722500000000000586e-02
5.000000000000000000e+00 5.000000000000000000e+00 5.100000000000000000e+01 0.000000000000000000e+00 1.600000000000000089e+00 -5.771000000000000088e-03 -2.482999999999999964e-03 -9.999799999999999800e-01 4.891460000000000252e-01 -8.722020000000000328e-01 -6.570000000000000319e-04 -8.721830000000000416e-01 -4.891400000000000192e-01 6.248000000000000081e-03
1.600000000000000000e+01 5.000000000000000000e+00 5.100000000000000000e+01 0.000000000000000000e+00 1.600000000000000089e+00 1.472999999999999917e-03 -3.041999999999999999e-03 -9.999940000000000495e-01 4.892790000000000195e-01 -8.721210000000000351e-01 3.373999999999999829e-03 -8.721259999999999568e-01 -4.892810000000000215e-01 2.039999999999999984e-04
2.300000000000000000e+01 5.000000000000000000e+00 5.100000000000000000e+01 0.000000000000000000e+00 1.600000000000000089e+00 2.305000000000000191e-03 0.000000000000000000e+00 -9.999970000000000248e-01 4.846449999999999925e-01 -8.747099999999999875e-01 1.116999999999999937e-03 -8.747080000000000410e-01 -4.846460000000000212e-01 -2.015999999999999997e-03
1.000000000000000000e+01 5.100000000000000000e+01 5.100000000000000000e+01 0.000000000000000000e+00 1.600000000000000089e+00 4.185690000000000244e-01 9.236600000000000366e-02 9.034759999999999458e-01 -7.902019999999999600e-01 -4.532990000000000075e-01 4.124329999999999941e-01 4.476390000000000091e-01 -8.865600000000000147e-01 -1.167490000000000056e-01
2.200000000000000000e+01 6.400000000000000000e+01 5.100000000000000000e+01 0.000000000000000000e+00 1.600000000000000089e+00 1.269619999999999915e-01 -3.708810000000000162e-01 -9.199610000000000287e-01 5.311160000000000325e-01 8.087269999999999737e-01 -2.527389999999999914e-01 8.377329999999999499e-01 -4.565179999999999794e-01 2.996579999999999799e-01
1.200000000000000000e+01 1.150000000000000000e+02 5.100000000000000000e+01 0.000000000000000000e+00 1.600000000000000089e+00 -1.456999999999999962e-03 1.849800000000000055e-02 9.998280000000000500e-01 8.441830000000000167e-01 -5.359390000000000542e-01 1.114599999999999966e-02 5.360530000000000017e-01 8.440539999999999710e-01 -1.483499999999999923e-02
2.800000000000000000e+01 1.150000000000000000e+02 5.100000000000000000e+01 0.000000000000000000e+00 1.600000000000000089e+00 -1.048200000000000000e-02 7.219999999999999855e-03 9.999190000000000023e-01 8.512790000000000079e-01 -5.245600000000000263e-01 1.271199999999999934e-02 5.246089999999999920e-01 8.513429999999999609e-01 -6.470000000000000057e-04
1.300000000000000000e+01 7.000000000000000000e+00 5.200000000000000000e+01 0.000000000000000000e+00 1.600000000000000089e+00 9.039999999999999642e-04 -7.526999999999999837e-03 -9.999710000000000543e-01 1.109269999999999978e-01 -9.938000000000000167e-01 7.581000000000000065e-03 -9.938280000000000447e-01 -1.109300000000000008e-01 -6.299999999999999990e-05
7.000000000000000000e+00 5.000000000000000000e+01 5.200000000000000000e+01 0.000000000000000000e+00 1.600000000000000089e+00 4.343060000000000254e-01 8.911399999999999877e-02 8.963470000000000049e-01 -8.014930000000000110e-01 -4.158990000000000187e-01 4.296949999999999936e-01 4.110820000000000030e-01 -9.050340000000000051e-01 -1.092029999999999945e-01
9.000000000000000000e+00 5.100000000000000000e+01 5.200000000000000000e+01 0.000000000000000000e+00 1.600000000000000089e+00 4.304640000000000133e-01 6.295000000000000248e-03 9.025859999999999994e-01 -7.981489999999999974e-01 -4.643100000000000005e-01 3.838940000000000130e-01 4.214959999999999818e-01 -8.856500000000000483e-01 -1.948439999999999894e-01
1.900000000000000000e+01 8.000000000000000000e+01 5.200000000000000000e+01 0.000000000000000000e+00 1.600000000000000089e+00 5.966099999999999876e-02 -1.797519999999999951e-01 9.819010000000000238e-01 1.069910000000000028e-01 9.791379999999999528e-01 1.727460000000000107e-01 -9.924680000000000168e-01 9.474799999999999889e-02 7.764799999999999480e-02
4.000000000000000000e+00 2.500000000000000000e+01 5.500000000000000000e+01 0.000000000000000000e+00 1.600000000000000089e+00 -2.295000000000000165e-03 8.600000000000000331e-05 -9.999970000000000248e-01 -1.369300000000000031e-02 -9.999059999999999615e-01 -5.500000000000000196e-05 -9.999040000000000150e-01 1.369300000000000031e-02 2.295999999999999864e-03
1.000000000000000000e+01 2.500000000000000000e+01 5.500000000000000000e+01 0.000000000000000000e+00 1.600000000000000089e+00 -6.070000000000000092e-04 4.620000000000000083e-04 -1.000000000000000000e+00 -1.043200000000000030e-02 -9.999449999999999728e-01 -4.550000000000000008e-04 -9.999449999999999728e-01 1.043099999999999930e-02 6.109999999999999980e-04
1.600000000000000000e+01 2.500000000000000000e+01 5.500000000000000000e+01 0.000000000000000000e+00 1.600000000000000089e+00 -7.649999999999999465e-04 -3.699999999999999811e-05 -1.000000000000000000e+00 -1.058199999999999939e-02 -9.999440000000000550e-01 4.500000000000000283e-05 -9.999440000000000550e-01 1.058199999999999939e-02 7.640000000000000306e-04
2.100000000000000000e+01 2.500000000000000000e+01 5.500000000000000000e+01 0.000000000000000000e+00 1.600000000000000089e+00 -1.255000000000000039e-03 4.131000000000000123e-03 -9.999909999999999632e-01 -8.803000000000000061e-03 -9.999529999999999808e-01 -4.120000000000000398e-03 -9.999599999999999600e-01 8.796999999999999265e-03 1.291000000000000047e-03
2.500000000000000000e+01 2.500000000000000000e+01 5.500000000000000000e+01 0.000000000000000000e+00 1.600000000000000089e+00 -8.180000000000000422e-04 2.494000000000000123e-03 -9.999970000000000248e-01 -7.544999999999999624e-03 -9.999679999999999680e-01 -2.488000000000000194e-03 -9.999710000000000543e-01 7.543000000000000226e-03 8.369999999999999619e-04
2.900000000000000000e+01 2.500000000000000000e+01 5.500000000000000000e+01 0.000000000000000000e+00 1.600000000000000089e+00 -2.169999999999999891e-04 2.942000000000000171e-03 -9.999959999999999960e-01 -7.745000000000000148e-03 -9.999660000000000215e-01 -2.939999999999999905e-03 -9.999700000000000255e-01 7.745000000000000148e-03 2.400000000000000061e-04
2.100000000000000000e+01 5.800000000000000000e+01 5.500000000000000000e+01 0.000000000000000000e+00 1.600000000000000089e+00 -8.557299999999999629e-02 -3.062909999999999799e-01 9.480840000000000378e-01 -1.588430000000000120e-01 9.435970000000000191e-01 2.905039999999999845e-01 -9.835880000000000178e-01 -1.257369999999999877e-01 -1.293989999999999863e-01
6.000000000000000000e+00 6.000000000000000000e+01 5.500000000000000000e+01 0.000000000000000000e+00 1.600000000000000089e+00 -4.836599999999999927e-02 -1.033329999999999943e-01 9.934699999999999642e-01 -3.168699999999999989e-02 9.942919999999999536e-01 1.018759999999999943e-01 -9.983269999999999644e-01 -2.655300000000000021e-02 -5.136399999999999993e-02
1.000000000000000000e+01 6.000000000000000000e+01 5.500000000000000000e+01 0.000000000000000000e+00 1.600000000000000089e+00 -2.039200000000000040e-02 -1.038209999999999966e-01 9.943870000000000209e-01 8.119800000000000628e-02 9.911360000000000170e-01 1.051470000000000043e-01 -9.964889999999999581e-01 8.288700000000000234e-02 -1.178099999999999981e-02
6.000000000000000000e+00 5.100000000000000000e+01 5.600000000000000000e+01 0.000000000000000000e+00 1.600000000000000089e+00 4.147939999999999960e-01 -1.610689999999999900e-01 8.955459999999999532e-01 -8.858099999999999863e-01 -2.965209999999999790e-01 3.569539999999999935e-01 2.080539999999999889e-01 -9.413460000000000161e-01 -2.656720000000000192e-01
1.300000000000000000e+01 6.800000000000000000e+01 5.700000000000000000e+01 0.000000000000000000e+00 1.600000000000000089e+00 -1.515999999999999986e-03 -4.308000000000000197e-03 -9.999900000000000455e-01 -2.497469999999999968e-01 -9.683000000000000496e-01 4.550000000000000225e-03 -9.683100000000000041e-01 2.497510000000000008e-01 3.919999999999999873e-04
1.900000000000000000e+01 5.800000000000000000e+01 5.900000000000000000e+01 0.000000000000000000e+00 1.600000000000000089e+00 -6.412299999999999944e-02 -1.772950000000000081e-01 -9.820670000000000233e-01 1.940900000000000125e-01 9.630840000000000511e-01 -1.865410000000000124e-01 9.788860000000000339e-01 -2.025710000000000011e-01 -2.734500000000000125e-02
7.000000000000000000e+00 2.100000000000000000e+01 6.000000000000000000e+01 0.000000000000000000e+00 1.600000000000000089e+00 -6.189999999999999756e-04 4.832000000000000357e-03 9.999879999999999880e-01 -9.719899999999999374e-02 9.952530000000000543e-01 -4.870000000000000197e-03 -9.952649999999999553e-01 -9.720099999999999574e-02 -1.469999999999999953e-04
1.200000000000000000e+01 2.100000000000000000e+01 6.000000000000000000e+01 0.000000000000000000e+00 1.600000000000000089e+00 -8.649999999999999920e-04 1.740999999999999926e-03 9.999980000000000535e-01 -9.583800000000000652e-02 9.953950000000000298e-01 -1.815999999999999906e-03 -9.953969999999999763e-01 -9.583899999999999364e-02 -6.949999999999999798e-04
1.800000000000000000e+01 2.100000000000000000e+01 6.000000000000000000e+01 0.000000000000000000e+00 1.600000000000000089e+00 1.889999999999999970e-03 -2.149999999999999947e-04 9.999980000000000535e-01 -9.468999999999999639e-02 9.955070000000000308e-01 3.930000000000000117e-04 -9.955049999999999732e-01 -9.468999999999999639e-02 1.861000000000000024e-03
2.600000000000000000e+01 2.100000000000000000e+01 6.000000000000000000e+01 0.000000000000000000e+00 1.600000000000000089e+00 -2.709000000000000036e-03 -6.923000000000000334e-03 9.999719999999999720e-01 -9.692199999999999427e-02 9.952699999999999880e-01 6.628000000000000211e-03 -9.952879999999999505e-01 -9.690100000000000102e-02 -3.367000000000000201e-03
1.700000000000000000e+01 6.000000000000000000e+00 6.100000000000000000e+01 0.000000000000000000e+00 1.600000000000000089e+00 -5.191999999999999567e-03 -1.015300000000000057e-02 9.999350000000000183e-01 5.706809999999999938e-01 -8.211540000000000505e-01 -5.374000000000000304e-03 8.211549999999999683e-01 5.706160000000000121e-01 1.005799999999999923e-02
8.000000000000000000e+00 3.000000000000000000e+00 6.300000000000000000e+01 0.000000000000000000e+00 1.600000000000000089e+00 4.500000000000000283e-05 -2.311000000000000120e-03 9.999970000000000248e-01 -6.172180000000000444e-01 7.867899999999999894e-01 1.845999999999999985e-03 -7.867920000000000469e-01 -6.172159999999999869e-01 -1.391000000000000092e-03
2.000000000000000000e+00 2.700000000000000000e+01 6.300000000000000000e+01 0.000000000000000000e+00 1.600000000000000089e+00 1.422000000000000087e-03 1.196999999999999930e-03 9.999980000000000535e-01 -2.652289999999999925e-01 9.641849999999999588e-01 -7.770000000000000214e-04 -9.641840000000000410e-01 -2.652280000000000193e-01 1.688000000000000047e-03
7.000000000000000000e+00 2.700000000000000000e+01 6.300000000000000000e+01 0.000000000000000000e+00 1.600000000000000089e+00 4.000000000000000192e-04 7.641000000000000222e-03 9.999710000000000543e-01 -2.678249999999999797e-01 9.634399999999999631e-01 -7.255000000000000164e-03 -9.634669999999999623e-01 -2.678150000000000253e-01 2.432000000000000134e-03
1.300000000000000000e+01 2.700000000000000000e+01 6.300000000000000000e+01 0.000000000000000000e+00 1.600000000000000089e+00 -5.019999999999999506e-04 3.298999999999999849e-03 9.999940000000000495e-01 -2.695710000000000051e-01 9.629750000000000254e-01 -3.311999999999999840e-03 -9.629799999999999471e-01 -2.695710000000000051e-01 4.049999999999999781e-04
1.700000000000000000e+01 2.700000000000000000e+01 6.300000000000000000e+01 0.000000000000000000e+00 1.600000000000000089e+00 6.319999999999999663e-04 2.781000000000000052e-03 9.999959999999999960e-01 -2.679509999999999947e-01 9.634289999999999798e-01 -2.510000000000000078e-03 -9.634319999999999551e-01 -2.679489999999999927e-01 1.353999999999999952e-03
2.800000000000000000e+01 2.700000000000000000e+01 6.300000000000000000e+01 0.000000000000000000e+00 1.600000000000000089e+00 -2.854999999999999899e-03 -2.180000000000000080e-03 9.999940000000000495e-01 -2.679989999999999872e-01 9.634179999999999966e-01 1.335000000000000032e-03 -9.634150000000000214e-01 -2.679929999999999812e-01 -3.334999999999999857e-03
5.000000000000000000e+00 2.600000000000000000e+01 6.400000000000000000e+01 0.000000000000000000e+00 1.600000000000000089e+00 5.590000000000000351e-04 5.027000000000000218e-03 9.999869999999999592e-01 -3.462480000000000002e-01 9.381319999999999659e-01 -4.523000000000000111e-03 -9.381429999999999492e-01 -3.462410000000000210e-01 2.265000000000000086e-03
9.000000000000000000e+00 2.600000000000000000e+01 6.400000000000000000e+01 0.000000000000000000e+00 1.600000000000000089e+00 -1.520000000000000084e-04 6.870000000000000238e-03 9.999759999999999760e-01 -3.517060000000000186e-01 9.360880000000000312e-01 -6.484000000000000180e-03 -9.361110000000000264e-01 -3.516980000000000106e-01 2.273999999999999980e-03
1.300000000000000000e+01 2.600000000000000000e+01 6.400000000000000000e+01 0.000000000000000000e+00 1.600000000000000089e+00 -1.297999999999999892e-03 3.713999999999999854e-03 9.999919999999999920e-01 -3.517540000000000111e-01 9.360840000000000272e-01 -3.932999999999999864e-03 -9.360910000000000064e-01 -3.517569999999999864e-01 9.100000000000000287e-05
1.700000000000000000e+01 2.600000000000000000e+01 6.400000000000000000e+01 0.000000000000000000e+00 1.600000000000000089e+00 3.600000000000000091e-05 2.975999999999999913e-03 9.999959999999999960e-01 -3.468470000000000164e-01 9.379180000000000295e-01 -2.778999999999999786e-03 -9.379220000000000335e-01 -3.468450000000000144e-01 1.066000000000000107e-03
