1.600000000000000000e+01 1.700000000000000000e+01 3.000000000000000000e+00 0.000000000000000000e+00 1.600000000000000089e+00 -2.818400000000000072e-02 -1.768899999999999986e-02 -9.994459999999999456e-01 -7.128360000000000252e-01 -7.005770000000000053e-01 3.250100000000000211e-02 -7.007640000000000535e-01 7.133570000000000189e-01 7.135999999999999982e-03
2.000000000000000000e+00 1.010000000000000000e+02 7.000000000000000000e+00 0.000000000000000000e+00 1.600000000000000089e+00 -3.694999999999999934e-03 -3.867000000000000211e-03 9.999860000000000415e-01 8.910069999999999935e-01 4.539610000000000034e-01 5.048000000000000403e-03 -4.539739999999999887e-01 8.910130000000000550e-01 1.768000000000000040e-03
1.000000000000000000e+01 1.010000000000000000e+02 7.000000000000000000e+00 0.000000000000000000e+00 1.600000000000000089e+00 4.119999999999999856e-04 2.187499999999999861e-02 9.997610000000000108e-01 8.880590000000000428e-01 4.596109999999999918e-01 -1.042200000000000071e-02 -4.597289999999999988e-01 8.878509999999999458e-01 -1.923700000000000063e-02
1.000000000000000000e+00 2.500000000000000000e+01 8.000000000000000000e+00 0.000000000000000000e+00 1.600000000000000089e+00 -3.115999999999999846e-03 2.434000000000000052e-02 -9.996990000000000043e-01 4.413869999999999738e-01 8.970829999999999638e-01 2.046600000000000155e-02 8.973109999999999697e-01 -4.411900000000000266e-01 -1.353799999999999969e-02
6.000000000000000000e+00 2.500000000000000000e+01 8.000000000000000000e+00 0.000000000000000000e+00 1.600000000000000089e+00 -4.440000000000000045e-04 5.261000000000000051e-03 -9.999860000000000415e-01 4.419719999999999760e-01 8.970169999999999533e-01 4.523000000000000111e-03 8.970289999999999653e-01 -4.419640000000000235e-01 -2.723999999999999859e-03
1.100000000000000000e+01 2.500000000000000000e+01 8.000000000000000000e+00 0.000000000000000000e+00 1.600000000000000089e+00 1.724999999999999971e-03 4.472000000000000280e-03 -9.999879999999999880e-01 4.397780000000000022e-01 8.980939999999999479e-01 4.774999999999999731e-03 8.981050000000000422e-01 -4.397809999999999775e-01 -4.180000000000000230e-04
1.400000000000000000e+01 2.500000000000000000e+01 8.000000000000000000e+00 0.000000000000000000e+00 1.600000000000000089e+00 6.679999999999999740e-04 8.533000000000000654e-03 -9.999630000000000463e-01 4.381530000000000147e-01 8.988650000000000251e-01 7.962999999999999592e-03 8.989000000000000323e-01 -4.381430000000000047e-01 -3.138000000000000164e-03
1.700000000000000000e+01 2.500000000000000000e+01 8.000000000000000000e+00 0.000000000000000000e+00 1.600000000000000089e+00 2.590000000000000071e-04 3.014000000000000186e-03 -9.999949999999999672e-01 4.375580000000000025e-01 8.991860000000000408e-01 2.824000000000000121e-03 8.991900000000000448e-01 -4.375569999999999737e-01 -1.085999999999999943e-03
2.500000000000000000e+01 2.500000000000000000e+01 8.000000000000000000e+00 0.000000000000000000e+00 1.600000000000000089e+00 -1.610000000000000103e-04 2.312999999999999952e-03 -9.999970000000000248e-01 4.376510000000000122e-01 8.991419999999999968e-01 2.010000000000000068e-03 8.991449999999999720e-01 -4.376499999999999835e-01 -1.157000000000000042e-03
2.900000000000000000e+01 2.500000000000000000e+01 8.000000000000000000e+00 0.000000000000000000e+00 1.600000000000000089e+00 1.100000000000000039e-04 3.824999999999999841e-03 -9.999930000000000208e-01 4.388859999999999983e-01 8.985360000000000014e-01 3.484999999999999817e-03 8.985429999999999806e-01 -4.388830000000000231e-01 -1.580000000000000024e-03
3.000000000000000000e+00 2.400000000000000000e+01 9.000000000000000000e+00 0.000000000000000000e+00 1.600000000000000089e+00 -3.331000000000000193e-03 2.266400000000000012e-02 -9.997380000000000155e-01 4.482590000000000185e-01 8.937070000000000292e-01 1.876699999999999896e-02 8.938970000000000526e-01 -4.480790000000000051e-01 -1.313600000000000011e-02
1.100000000000000000e+01 2.400000000000000000e+01 9.000000000000000000e+00 0.000000000000000000e+00 1.600000000000000089e+00 2.112000000000000162e-03 5.368000000000000375e-03 -9.999829999999999552e-01 4.462470000000000048e-01 8.948909999999999920e-01 5.746000000000000239e-03 8.949070000000000080e-01 -4.462519999999999820e-01 -5.060000000000000478e-04
1.800000000000000000e+01 2.400000000000000000e+01 9.000000000000000000e+00 0.000000000000000000e+00 1.600000000000000089e+00 2.059999999999999928e-04 9.330000000000000186e-04 -1.000000000000000000e+00 4.442639999999999922e-01 8.958960000000000257e-01 9.280000000000000054e-04 8.958960000000000257e-01 -4.442639999999999922e-01 -2.300000000000000070e-04
2.400000000000000000e+01 2.400000000000000000e+01 9.000000000000000000e+00 0.000000000000000000e+00 1.600000000000000089e+00 -2.799999999999999755e-04 2.840000000000000185e-04 -1.000000000000000000e+00 4.442360000000000197e-01 8.959099999999999842e-01 1.299999999999999886e-04 8.959099999999999842e-01 -4.442360000000000197e-01 -3.770000000000000022e-04
2.800000000000000000e+01 2.400000000000000000e+01 9.000000000000000000e+00 0.000000000000000000e+00 1.600000000000000089e+00 -1.054000000000000032e-03 5.295000000000000227e-03 -9.999850000000000128e-01 4.448759999999999937e-01 8.955819999999999892e-01 4.272999999999999889e-03 8.955910000000000259e-01 -4.448650000000000104e-01 -3.299999999999999982e-03
2.500000000000000000e+01 8.000000000000000000e+00 1.000000000000000000e+01 0.000000000000000000e+00 1.600000000000000089e+00 -1.177409999999999984e-01 -4.013100000000000001e-02 -9.922330000000000316e-01 -9.870860000000000190e-01 -1.045569999999999972e-01 1.213599999999999957e-01 -1.086150000000000032e-01 9.937089999999999534e-01 -2.730300000000000088e-02
5.000000000000000000e+00 3.500000000000000000e+01 1.200000000000000000e+01 0.000000000000000000e+00 1.600000000000000089e+00 1.247000000000000062e-03 4.801999999999999845e-03 -9.999879999999999880e-01 3.995070000000000010e-01 -9.167220000000000368e-01 -3.903999999999999918e-03 -9.167290000000000161e-01 -3.994969999999999910e-01 -3.062000000000000052e-03
8.000000000000000000e+00 3.500000000000000000e+01 1.200000000000000000e+01 0.000000000000000000e+00 1.600000000000000089e+00 -1.918999999999999916e-03 3.687000000000000173e-03 -9.999909999999999632e-01 4.109720000000000040e-01 -9.116379999999999484e-01 -4.148999999999999910e-03 -9.116459999999999564e-01 -4.109769999999999812e-01 2.339999999999999958e-04
1.300000000000000000e+01 3.500000000000000000e+01 1.200000000000000000e+01 0.000000000000000000e+00 1.600000000000000089e+00 -2.356000000000000021e-03 3.624000000000000051e-03 -9.999909999999999632e-01 4.254700000000000149e-01 -9.049620000000000442e-01 -4.283000000000000348e-03 -9.049690000000000234e-01 -4.254760000000000209e-01 5.900000000000000296e-04
2.200000000000000000e+01 3.500000000000000000e+01 1.200000000000000000e+01 0.000000000000000000e+00 1.600000000000000089e+00 -1.451999999999999949e-03 4.375999999999999682e-03 -9.999890000000000168e-01 4.564380000000000104e-01 -8.897429999999999506e-01 -4.557000000000000287e-03 -8.897540000000000449e-01 -4.564400000000000124e-01 -7.050000000000000060e-04
2.500000000000000000e+01 3.500000000000000000e+01 1.200000000000000000e+01 0.000000000000000000e+00 1.600000000000000089e+00 -2.524999999999999901e-03 4.494999999999999864e-03 -9.999869999999999592e-01 4.576919999999999877e-01 -8.890959999999999974e-01 -5.152000000000000329e-03 -8.891069999999999807e-01 -4.576990000000000225e-01 1.879999999999999890e-04
1.000000000000000000e+01 3.200000000000000000e+01 1.400000000000000000e+01 0.000000000000000000e+00 1.600000000000000089e+00 5.789999999999999791e-04 9.699999999999999963e-05 -1.000000000000000000e+00 1.238439999999999958e-01 9.923020000000000174e-01 1.679999999999999907e-04 9.923009999999999886e-01 -1.238439999999999958e-01 5.619999999999999996e-04
1.700000000000000000e+01 1.200000000000000000e+01 1.600000000000000000e+01 0.000000000000000000e+00 1.600000000000000089e+00 2.527999999999999865e-03 -9.495800000000000074e-02 9.954779999999999740e-01 2.060790000000000122e-01 -9.740640000000000409e-01 -9.343899999999999428e-02 9.785319999999999574e-01 2.053830000000000100e-01 1.710599999999999968e-02
3.000000000000000000e+00 1.300000000000000000e+01 1.600000000000000000e+01 0.000000000000000000e+00 1.600000000000000089e+00 2.275999999999999811e-03 -2.321499999999999952e-02 9.997279999999999500e-01 1.168010000000000020e-01 -9.928820000000000423e-01 -2.332199999999999898e-02 9.931529999999999525e-01 1.168219999999999953e-01 4.510000000000000120e-04
1.000000000000000000e+01 1.300000000000000000e+01 1.600000000000000000e+01 0.000000000000000000e+00 1.600000000000000089e+00 6.087000000000000396e-03 -5.912400000000000294e-02 9.982320000000000082e-01 1.403979999999999950e-01 -9.883119999999999683e-01 -5.939200000000000035e-02 9.900759999999999561e-01 1.405109999999999970e-01 2.285000000000000139e-03
1.700000000000000000e+01 1.160000000000000000e+02 1.600000000000000000e+01 0.000000000000000000e+00 1.600000000000000089e+00 4.810000000000000039e-03 1.023999999999999954e-03 9.999879999999999880e-01 6.674080000000000013e-01 7.446810000000000374e-01 -3.972999999999999969e-03 -7.446760000000000046e-01 6.674189999999999845e-01 2.897999999999999968e-03
5.000000000000000000e+00 2.000000000000000000e+00 1.900000000000000000e+01 0.000000000000000000e+00 1.600000000000000089e+00 2.126999999999999984e-03 -9.355999999999999733e-03 -9.999540000000000095e-01 2.900289999999999813e-01 -9.569699999999999873e-01 9.570000000000000381e-03 -9.570149999999999491e-01 -2.900360000000000160e-01 6.780000000000000002e-04
1.800000000000000000e+01 2.000000000000000000e+00 1.900000000000000000e+01 0.000000000000000000e+00 1.600000000000000089e+00 1.214299999999999928e-02 -5.182799999999999907e-02 -9.985819999999999697e-01 3.320159999999999778e-01 -9.417879999999999585e-01 5.291799999999999976e-02 -9.431960000000000344e-01 -3.321879999999999833e-01 5.772000000000000221e-03
2.600000000000000000e+01 2.000000000000000000e+00 1.900000000000000000e+01 0.000000000000000000e+00 1.600000000000000089e+00 1.244299999999999920e-02 -6.765999999999999792e-02 -9.976310000000000455e-01 3.622639999999999749e-01 -9.296229999999999771e-01 6.756600000000000106e-02 -9.319929999999999604e-01 -3.622460000000000124e-01 1.294400000000000064e-02
3.000000000000000000e+01 2.000000000000000000e+00 1.900000000000000000e+01 0.000000000000000000e+00 1.600000000000000089e+00 1.189800000000000059e-02 -6.057799999999999990e-02 -9.980930000000000080e-01 3.677119999999999833e-01 -9.279560000000000031e-01 6.070500000000000201e-02 -9.298640000000000239e-01 -3.677329999999999766e-01 1.123500000000000019e-02
9.000000000000000000e+00 3.000000000000000000e+00 1.900000000000000000e+01 0.000000000000000000e+00 1.600000000000000089e+00 8.311999999999999944e-03 -1.720500000000000154e-02 -9.998169999999999558e-01 3.233509999999999995e-01 -9.460889999999999578e-01 1.896899999999999975e-02 -9.462429999999999453e-01 -3.234500000000000153e-01 -2.301000000000000094e-03
1.400000000000000000e+01 3.000000000000000000e+00 1.900000000000000000e+01 0.000000000000000000e+00 1.600000000000000089e+00 1.117499999999999917e-02 -3.291199999999999681e-02 -9.993959999999999511e-01 3.319699999999999873e-01 -9.426489999999999592e-01 3.475500000000000117e-02 -9.432239999999999513e-01 -3.321580000000000088e-01 3.910000000000000172e-04
2.000000000000000000e+01 3.000000000000000000e+00 1.900000000000000000e+01 0.000000000000000000e+00 1.600000000000000089e+00 1.344399999999999935e-02 -5.634700000000000125e-02 -9.983210000000000139e-01 3.421950000000000269e-01 -9.378649999999999487e-01 5.754299999999999693e-02 -9.395329999999999515e-01 -3.423939999999999761e-01 6.673000000000000112e-03
3.000000000000000000e+00 4.000000000000000000e+00 2.000000000000000000e+01 0.000000000000000000e+00 1.600000000000000089e+00 2.249999999999999830e-03 -7.480999999999999803e-03 -9.999700000000000255e-01 4.289419999999999900e-01 -9.032989999999999631e-01 7.722999999999999830e-03 -9.033290000000000486e-01 -4.289470000000000227e-01 1.177000000000000095e-03
9.000000000000000000e+00 4.000000000000000000e+00 2.000000000000000000e+01 0.000000000000000000e+00 1.600000000000000089e+00 7.295000000000000269e-03 -1.839299999999999963e-02 -9.998040000000000260e-01 4.357059999999999822e-01 -8.998730000000000340e-01 1.973300000000000054e-02 -9.000599999999999712e-01 -4.357639999999999847e-01 1.449999999999999900e-03
1.400000000000000000e+01 4.000000000000000000e+00 2.000000000000000000e+01 0.000000000000000000e+00 1.600000000000000089e+00 7.992000000000000839e-03 -3.407500000000000112e-02 -9.993870000000000253e-01 4.292529999999999957e-01 -9.025360000000000049e-01 3.420499999999999929e-02 -9.031489999999999796e-01 -4.292639999999999789e-01 7.413999999999999584e-03
2.100000000000000000e+01 4.000000000000000000e+00 2.000000000000000000e+01 0.000000000000000000e+00 1.600000000000000089e+00 9.440000000000000474e-03 -5.475200000000000206e-02 -9.984549999999999814e-01 4.097160000000000246e-01 -9.106250000000000178e-01 5.380999999999999672e-02 -9.121639999999999748e-01 -4.095909999999999829e-01 1.383599999999999934e-02
5.000000000000000000e+00 1.300000000000000000e+01 2.000000000000000000e+01 0.000000000000000000e+00 1.600000000000000089e+00 2.599999999999999772e-04 5.223000000000000212e-03 9.999860000000000415e-01 3.099720000000000253e-01 9.507320000000000215e-01 -5.046000000000000138e-03 -9.507459999999999800e-01 3.099689999999999945e-01 -1.371999999999999956e-03
1.000000000000000000e+01 1.300000000000000000e+01 2.000000000000000000e+01 0.000000000000000000e+00 1.600000000000000089e+00 3.359999999999999814e-04 1.115599999999999925e-02 9.999379999999999935e-01 3.051769999999999761e-01 9.522350000000000536e-01 -1.072599999999999942e-02 -9.522960000000000313e-01 3.051619999999999888e-01 -3.085000000000000069e-03
1.800000000000000000e+01 1.300000000000000000e+01 2.000000000000000000e+01 0.000000000000000000e+00 1.600000000000000089e+00 4.452000000000000228e-03 -8.052000000000000129e-03 9.999580000000000135e-01 2.762229999999999963e-01 9.610720000000000374e-01 6.509000000000000029e-03 -9.610830000000000206e-01 2.761819999999999831e-01 6.503000000000000100e-03
2.300000000000000000e+01 1.300000000000000000e+01 2.000000000000000000e+01 0.000000000000000000e+00 1.600000000000000089e+00 5.869999999999999567e-04 6.530000000000000431e-04 1.000000000000000000e+00 2.627249999999999863e-01 9.648700000000000054e-01 -7.839999999999999747e-04 -9.648710000000000342e-01 2.627260000000000151e-01 3.950000000000000061e-04
2.700000000000000000e+01 1.300000000000000000e+01 2.000000000000000000e+01 0.000000000000000000e+00 1.600000000000000089e+00 -4.299999999999999894e-04 2.309999999999999987e-03 9.999970000000000248e-01 2.603809999999999736e-01 9.655040000000000289e-01 -2.118000000000000091e-03 -9.655059999999999754e-01 2.603790000000000271e-01 -1.015999999999999976e-03
3.000000000000000000e+01 1.300000000000000000e+01 2.000000000000000000e+01 0.000000000000000000e+00 1.600000000000000089e+00 -8.819999999999999715e-04 5.209999999999999788e-04 9.999989999999999712e-01 2.602200000000000069e-01 9.655489999999999906e-01 -2.739999999999999923e-04 -9.655489999999999906e-01 2.602200000000000069e-01 -9.879999999999999460e-04
6.000000000000000000e+00 1.600000000000000000e+01 2.100000000000000000e+01 0.000000000000000000e+00 1.600000000000000089e+00 6.239999999999999887e-04 -2.131000000000000082e-03 9.999980000000000535e-01 3.079100000000000170e-01 9.514139999999999819e-01 1.835999999999999958e-03 -9.514150000000000107e-01 3.079080000000000150e-01 1.250000000000000026e-03
6.000000000000000000e+00 5.000000000000000000e+01 2.200000000000000000e+01 0.000000000000000000e+00 1.600000000000000089e+00 -2.111000000000000029e-03 -4.290000000000000410e-03 -9.999890000000000168e-01 -5.808170000000000277e-01 8.140309999999999491e-01 -2.265999999999999785e-03 8.140309999999999491e-01 5.808060000000000445e-01 -4.210000000000000200e-03
4.000000000000000000e+00 1.000000000000000000e+00 2.500000000000000000e+01 0.000000000000000000e+00 1.600000000000000089e+00 6.440000000000000412e-04 -4.730999999999999962e-03 9.999890000000000168e-01 -3.959300000000000319e-02 -9.992050000000000098e-01 -4.701999999999999583e-03 9.992159999999999931e-01 -3.959000000000000019e-02 -8.310000000000000329e-04
2.900000000000000000e+01 3.000000000000000000e+00 2.500000000000000000e+01 0.000000000000000000e+00 1.600000000000000089e+00 1.581499999999999920e-02 -5.227899999999999908e-02 9.985070000000000334e-01 3.190999999999999826e-03 -9.986239999999999561e-01 -5.233600000000000058e-02 9.998700000000000365e-01 4.014000000000000207e-03 -1.562699999999999853e-02
2.400000000000000000e+01 4.600000000000000000e+01 2.700000000000000000e+01 0.000000000000000000e+00 1.600000000000000089e+00 1.069999999999999988e-03 9.399999999999999719e-04 -9.999989999999999712e-01 6.776910000000000434e-01 7.353450000000000264e-01 1.417000000000000074e-03 7.353460000000000552e-01 -6.776919999999999611e-01 1.499999999999999869e-04
3.000000000000000000e+00 4.600000000000000000e+01 3.000000000000000000e+01 0.000000000000000000e+00 1.600000000000000089e+00 3.570000000000000040e-04 -7.979999999999999897e-04 -1.000000000000000000e+00 3.270100000000000229e-01 9.450209999999999999e-01 -6.369999999999999794e-04 9.450209999999999999e-01 -3.270100000000000229e-01 5.990000000000000316e-04
8.000000000000000000e+00 4.600000000000000000e+01 3.000000000000000000e+01 0.000000000000000000e+00 1.600000000000000089e+00 -2.079999999999999872e-04 -1.783000000000000080e-03 -9.999980000000000535e-01 3.304469999999999907e-01 9.438229999999999675e-01 -1.750999999999999952e-03 9.438239999999999963e-01 -3.304469999999999907e-01 3.930000000000000117e-04
2.100000000000000000e+01 4.600000000000000000e+01 3.000000000000000000e+01 0.000000000000000000e+00 1.600000000000000089e+00 5.209999999999999788e-04 7.439999999999999782e-04 -1.000000000000000000e+00 3.303189999999999737e-01 9.438689999999999580e-01 8.739999999999999939e-04 9.438689999999999580e-01 -3.303189999999999737e-01 2.460000000000000164e-04
5.000000000000000000e+00 5.800000000000000000e+01 3.100000000000000000e+01 0.000000000000000000e+00 1.600000000000000089e+00 -1.708000000000000100e-03 -1.737000000000000046e-03 9.999970000000000248e-01 -7.998330000000000162e-01 -6.002180000000000293e-01 -2.409000000000000117e-03 6.002199999999999758e-01 -7.998349999999999627e-01 -3.640000000000000115e-04
8.000000000000000000e+00 5.800000000000000000e+01 3.100000000000000000e+01 0.000000000000000000e+00 1.600000000000000089e+00 -1.526000000000000013e-03 -3.860000000000000041e-04 9.999989999999999712e-01 -8.017609999999999459e-01 -5.976420000000000066e-01 -1.453999999999999997e-03 5.976420000000000066e-01 -8.017630000000000035e-01 6.030000000000000204e-04
1.300000000000000000e+01 5.800000000000000000e+01 3.100000000000000000e+01 0.000000000000000000e+00 1.600000000000000089e+00 3.562000000000000062e-03 -3.449999999999999833e-04 9.999940000000000495e-01 -8.019089999999999829e-01 -5.974409999999999998e-01 2.650000000000000012e-03 5.974359999999999671e-01 -8.019129999999999869e-01 -2.405000000000000020e-03
2.000000000000000000e+01 5.800000000000000000e+01 3.100000000000000000e+01 0.000000000000000000e+00 1.600000000000000089e+00 1.376000000000000053e-03 -1.129999999999999955e-04 9.999989999999999712e-01 -8.047840000000000549e-01 -5.935669999999999558e-01 1.039999999999999909e-03 5.935660000000000380e-01 -8.047849999999999726e-01 -9.079999999999999530e-04
2.500000000000000000e+01 5.800000000000000000e+01 3.100000000000000000e+01 0.000000000000000000e+00 1.600000000000000089e+00 -1.750000000000000036e-03 -1.322999999999999957e-03 9.999980000000000535e-01 -8.070300000000000251e-01 -5.905059999999999754e-01 -2.193000000000000071e-03 5.905080000000000329e-01 -8.070319999999999716e-01 -3.399999999999999973e-05
4.000000000000000000e+00 4.600000000000000000e+01 3.500000000000000000e+01 0.000000000000000000e+00 1.600000000000000089e+00 -2.053000000000000137e-03 6.787999999999999763e-03 -9.999749999999999472e-01 3.908119999999999927e-01 -9.204430000000000112e-01 -7.050999999999999976e-03 -9.204679999999999529e-01 -3.908170000000000255e-01 -7.630000000000000063e-04
1.100000000000000000e+01 4.600000000000000000e+01 3.500000000000000000e+01 0.000000000000000000e+00 1.600000000000000089e+00 4.850000000000000253e-04 -5.115999999999999888e-03 -9.999869999999999592e-01 3.914119999999999822e-01 -9.202029999999999932e-01 4.897999999999999576e-03 -9.202150000000000052e-01 -3.914090000000000069e-01 1.556000000000000091e-03
1.700000000000000000e+01 4.600000000000000000e+01 3.500000000000000000e+01 0.000000000000000000e+00 1.600000000000000089e+00 1.940000000000000101e-03 2.609000000000000208e-03 -9.999949999999999672e-01 3.913170000000000259e-01 -9.202540000000000164e-01 -1.642000000000000013e-03 -9.202540000000000164e-01 -3.913119999999999932e-01 -2.805999999999999901e-03
2.200000000000000000e+01 4.600000000000000000e+01 3.500000000000000000e+01 0.000000000000000000e+00 1.600000000000000089e+00 -6.679999999999999740e-04 -2.286999999999999970e-03 -9.999970000000000248e-01 3.907959999999999767e-01 -9.204750000000000432e-01 1.843999999999999936e-03 -9.204769999999999897e-01 -3.907939999999999747e-01 1.508000000000000009e-03
2.600000000000000000e+01 4.600000000000000000e+01 3.500000000000000000e+01 0.000000000000000000e+00 1.600000000000000089e+00 -7.969999999999999654e-04 -2.118999999999999790e-03 -9.999970000000000248e-01 3.908539999999999792e-01 -9.204510000000000192e-01 1.639000000000000049e-03 -9.204520000000000479e-01 -3.908519999999999772e-01 1.562000000000000020e-03
1.000000000000000000e+00 2.900000000000000000e+01 4.400000000000000000e+01 0.000000000000000000e+00 1.600000000000000089e+00 -4.414000000000000389e-03 2.913999999999999924e-03 -9.999860000000000415e-01 6.521909999999999652e-01 7.580540000000000056e-01 -6.700000000000000226e-04 7.580419999999999936e-01 -6.521850000000000147e-01 -5.246999999999999928e-03
5.000000000000000000e+00 2.900000000000000000e+01 4.400000000000000000e+01 0.000000000000000000e+00 1.600000000000000089e+00 -1.686999999999999915e-03 1.753999999999999917e-03 -9.999970000000000248e-01 6.531679999999999708e-01 7.572130000000000249e-01 2.259999999999999910e-04 7.572109999999999674e-01 -6.531660000000000244e-01 -2.422999999999999807e-03
9.000000000000000000e+00 2.900000000000000000e+01 4.400000000000000000e+01 0.000000000000000000e+00 1.600000000000000089e+00 1.342000000000000094e-03 1.023000000000000038e-03 -9.999989999999999712e-01 6.601519999999999611e-01 7.511299999999999644e-01 1.654000000000000088e-03 7.511309999999999931e-01 -6.601540000000000186e-01 3.330000000000000169e-04
1.300000000000000000e+01 2.900000000000000000e+01 4.400000000000000000e+01 0.000000000000000000e+00 1.600000000000000089e+00 1.832999999999999994e-03 -3.144000000000000093e-03 -9.999930000000000208e-01 6.607680000000000220e-01 7.505899999999999794e-01 -1.149000000000000065e-03 7.505880000000000329e-01 -6.607610000000000428e-01 3.452999999999999906e-03
1.900000000000000000e+01 2.900000000000000000e+01 4.400000000000000000e+01 0.000000000000000000e+00 1.600000000000000089e+00 2.889999999999999774e-04 -3.595999999999999804e-03 -9.999930000000000208e-01 6.637380000000000502e-01 7.479609999999999870e-01 -2.497999999999999787e-03 7.479649999999999910e-01 -6.637330000000000174e-01 2.602999999999999845e-03
2.700000000000000000e+01 2.900000000000000000e+01 4.400000000000000000e+01 0.000000000000000000e+00 1.600000000000000089e+00 4.353000000000000098e-03 9.160000000000000390e-04 -9.999900000000000455e-01 6.638789999999999969e-01 7.478320000000000523e-01 3.575000000000000053e-03 7.478280000000000483e-01 -6.638880000000000337e-01 2.647000000000000047e-03
2.800000000000000000e+01 5.000000000000000000e+00 5.100000000000000000e+01 0.000000000000000000e+00 1.600000000000000089e+00 2.655999999999999941e-03 -1.663200000000000095e-02 -9.998580000000000245e-01 4.825880000000000170e-01 -8.757040000000000379e-01 1.584899999999999851e-02 -8.758430000000000382e-01 -4.825619999999999910e-01 5.701000000000000338e-03
1.000000000000000000e+01 7.000000000000000000e+00 5.200000000000000000e+01 0.000000000000000000e+00 1.600000000000000089e+00 -7.479000000000000405e-03 -3.870999999999999875e-03 -9.999649999999999928e-01 1.392500000000000127e-01 -9.902530000000000499e-01 2.792000000000000211e-03 -9.902290000000000258e-01 -1.392239999999999867e-01 7.945999999999999938e-03
2.000000000000000000e+00 6.300000000000000000e+01 5.400000000000000000e+01 0.000000000000000000e+00 1.600000000000000089e+00 -7.999999999999999638e-06 -8.959999999999999866e-04 1.000000000000000000e+00 -3.541719999999999868e-01 9.351800000000000113e-01 8.350000000000000217e-04 -9.351800000000000113e-01 -3.541719999999999868e-01 -3.249999999999999851e-04
6.000000000000000000e+00 6.300000000000000000e+01 5.400000000000000000e+01 0.000000000000000000e+00 1.600000000000000089e+00 3.289999999999999739e-04 -1.064000000000000059e-03 9.999989999999999712e-01 -3.521130000000000093e-01 9.359570000000000389e-01 1.111999999999999924e-03 -9.359570000000000389e-01 -3.521139999999999826e-01 -6.700000000000000226e-05
1.000000000000000000e+01 6.300000000000000000e+01 5.400000000000000000e+01 0.000000000000000000e+00 1.600000000000000089e+00 1.126999999999999964e-03 3.226999999999999834e-03 9.999940000000000495e-01 -3.470980000000000176e-01 9.378250000000000197e-01 -2.635000000000000189e-03 -9.378279999999999950e-01 -3.470929999999999849e-01 2.177000000000000116e-03
1.600000000000000000e+01 6.300000000000000000e+01 5.400000000000000000e+01 0.000000000000000000e+00 1.600000000000000089e+00 -9.510000000000000224e-04 8.729999999999999696e-04 9.999989999999999712e-01 -3.489630000000000232e-01 9.371359999999999690e-01 -1.149999999999999981e-03 -9.371359999999999690e-01 -3.489639999999999964e-01 -5.860000000000000408e-04
2.100000000000000000e+01 6.300000000000000000e+01 5.400000000000000000e+01 0.000000000000000000e+00 1.600000000000000089e+00 1.918000000000000000e-03 7.870000000000000476e-04 9.999980000000000535e-01 -3.502419999999999978e-01 9.366590000000000193e-01 -6.499999999999999431e-05 -9.366569999999999618e-01 -3.502410000000000245e-01 2.073000000000000190e-03
2.600000000000000000e+01 6.300000000000000000e+01 5.400000000000000000e+01 0.000000000000000000e+00 1.600000000000000089e+00 -1.134999999999999941e-03 -3.197000000000000189e-03 9.999940000000000495e-01 -3.543850000000000056e-01 9.350960000000000383e-01 2.588000000000000023e-03 -9.350990000000000135e-01 -3.543799999999999728e-01 -2.194000000000000204e-03
1.100000000000000000e+01 2.500000000000000000e+01 5.500000000000000000e+01 0.000000000000000000e+00 1.600000000000000089e+00 8.769999999999999584e-04 -2.614000000000000004e-03 -9.999959999999999960e-01 -1.315299999999999976e-02 -9.999099999999999655e-01 2.602000000000000146e-03 -9.999130000000000518e-01 1.315000000000000023e-02 -9.120000000000000502e-04
1.700000000000000000e+01 2.500000000000000000e+01 5.500000000000000000e+01 0.000000000000000000e+00 1.600000000000000089e+00 1.665999999999999946e-03 -4.414999999999999654e-03 -9.999890000000000168e-01 -1.314199999999999917e-02 -9.999040000000000150e-01 4.393000000000000203e-03 -9.999120000000000230e-01 1.313399999999999984e-02 -1.724000000000000055e-03
2.000000000000000000e+01 2.500000000000000000e+01 5.500000000000000000e+01 0.000000000000000000e+00 1.600000000000000089e+00 2.895000000000000004e-03 -5.879999999999999810e-03 -9.999789999999999512e-01 -1.438299999999999995e-02 -9.998799999999999910e-01 5.838000000000000307e-03 -9.998920000000000030e-01 1.436600000000000030e-02 -2.978999999999999877e-03
1.000000000000000000e+00 6.800000000000000000e+01 5.700000000000000000e+01 0.000000000000000000e+00 1.600000000000000089e+00 -2.122999999999999887e-03 9.551999999999999727e-03 -9.999519999999999520e-01 -2.404270000000000018e-01 -9.706280000000000463e-01 -8.762000000000000691e-03 -9.706650000000000000e-01 2.403969999999999996e-01 4.357999999999999895e-03
9.000000000000000000e+00 2.100000000000000000e+01 6.000000000000000000e+01 0.000000000000000000e+00 1.600000000000000089e+00 -7.950000000000000252e-04 2.399999999999999790e-03 9.999970000000000248e-01 -9.768300000000000594e-02 9.952149999999999608e-01 -2.465999999999999876e-03 -9.952170000000000183e-01 -9.768499999999999406e-02 -5.559999999999999621e-04
2.300000000000000000e+01 6.000000000000000000e+00 6.100000000000000000e+01 0.000000000000000000e+00 1.600000000000000089e+00 1.059999999999999961e-03 2.377999999999999906e-03 9.999970000000000248e-01 5.666010000000000213e-01 -8.239910000000000290e-01 1.358999999999999965e-03 8.239919999999999467e-01 5.665980000000000461e-01 -2.220000000000000185e-03
1.300000000000000000e+01 3.000000000000000000e+00 6.300000000000000000e+01 0.000000000000000000e+00 1.600000000000000089e+00 6.449999999999999570e-04 -1.338999999999999913e-03 9.999989999999999712e-01 -6.159160000000000190e-01 7.878110000000000390e-01 1.451999999999999949e-03 -7.878119999999999568e-01 -6.159160000000000190e-01 -3.159999999999999832e-04
4.000000000000000000e+00 2.700000000000000000e+01 6.300000000000000000e+01 0.000000000000000000e+00 1.600000000000000089e+00 -2.965000000000000187e-03 2.265999999999999785e-03 9.999930000000000208e-01 -2.726729999999999987e-01 9.621020000000000127e-01 -2.988999999999999903e-03 -9.621020000000000127e-01 -2.726799999999999780e-01 -2.235000000000000007e-03
8.000000000000000000e+00 2.700000000000000000e+01 6.300000000000000000e+01 0.000000000000000000e+00 1.600000000000000089e+00 7.540000000000000044e-04 3.325999999999999963e-03 9.999940000000000495e-01 -2.720500000000000140e-01 9.622779999999999667e-01 -2.994999999999999832e-03 -9.622829999999999995e-01 -2.720460000000000100e-01 1.631000000000000071e-03
1.100000000000000000e+01 2.700000000000000000e+01 6.300000000000000000e+01 0.000000000000000000e+00 1.600000000000000089e+00 1.920999999999999965e-03 3.652999999999999997e-03 9.999909999999999632e-01 -2.685589999999999922e-01 9.632579999999999476e-01 -3.003000000000000027e-03 -9.632610000000000339e-01 -2.685509999999999842e-01 2.831000000000000183e-03
1.400000000000000000e+01 2.700000000000000000e+01 6.300000000000000000e+01 0.000000000000000000e+00 1.600000000000000089e+00 1.778000000000000067e-03 7.689999999999999787e-03 9.999689999999999968e-01 -2.668079999999999896e-01 9.637250000000000538e-01 -6.936999999999999590e-03 -9.637480000000000491e-01 -2.667869999999999964e-01 3.765999999999999816e-03
1.900000000000000000e+01 2.700000000000000000e+01 6.300000000000000000e+01 0.000000000000000000e+00 1.600000000000000089e+00 1.910000000000000022e-03 1.113500000000000080e-02 9.999360000000000470e-01 -2.660460000000000047e-01 9.639060000000000406e-01 -1.022600000000000071e-02 -9.639579999999999815e-01 -2.660100000000000242e-01 4.804000000000000110e-03
2.400000000000000000e+01 2.700000000000000000e+01 6.300000000000000000e+01 0.000000000000000000e+00 1.600000000000000089e+00 -5.950000000000000427e-04 6.087999999999999662e-03 9.999810000000000088e-01 -2.663579999999999837e-01 9.638550000000000173e-01 -6.027000000000000239e-03 -9.638740000000000085e-01 -2.663570000000000104e-01 1.049000000000000019e-03
2.000000000000000000e+00 2.600000000000000000e+01 6.400000000000000000e+01 0.000000000000000000e+00 1.600000000000000089e+00 -2.451000000000000054e-03 3.720000000000000216e-03 9.999900000000000455e-01 -3.583609999999999851e-01 9.335729999999999862e-01 -4.350999999999999833e-03 -9.335799999999999654e-01 -3.583680000000000199e-01 -9.550000000000000112e-04
5.000000000000000000e+00 2.600000000000000000e+01 6.400000000000000000e+01 0.000000000000000000e+00 1.600000000000000089e+00 -2.314999999999999784e-03 4.676999999999999734e-03 9.999860000000000415e-01 -3.605860000000000176e-01 9.327109999999999568e-01 -5.197000000000000230e-03 -9.327229999999999688e-01 -3.605940000000000256e-01 -4.730000000000000046e-04
1.500000000000000000e+01 2.600000000000000000e+01 6.400000000000000000e+01 0.000000000000000000e+00 1.600000000000000089e+00 1.301999999999999989e-03 7.933000000000000815e-03 9.999679999999999680e-01 -3.505829999999999780e-01 9.365059999999999496e-01 -6.973000000000000032e-03 -9.365310000000000024e-01 -3.505619999999999847e-01 4.001000000000000216e-03
1.900000000000000000e+01 2.600000000000000000e+01 6.400000000000000000e+01 0.000000000000000000e+00 1.600000000000000089e+00 2.203999999999999796e-03 1.049199999999999959e-02 9.999430000000000263e-01 -3.481029999999999958e-01 9.374120000000000230e-01 -9.069000000000000672e-03 -9.374540000000000095e-01 -3.480630000000000113e-01 5.717999999999999992e-03
2.400000000000000000e+01 2.600000000000000000e+01 6.400000000000000000e+01 0.000000000000000000e+00 1.600000000000000089e+00 -1.430000000000000064e-03 8.505999999999999672e-03 9.999630000000000463e-01 -3.443350000000000022e-01 9.388090000000000046e-01 -8.477999999999999425e-03 -9.388459999999999583e-01 -3.443339999999999734e-01 1.587000000000000086e-03
1.100000000000000000e+01 5.400000000000000000e+01 6.500000000000000000e+01 0.000000000000000000e+00 1.600000000000000089e+00 -3.590110000000000245e-01 -2.913049999999999806e-01 8.867089999999999694e-01 3.239999999999999825e-02 -9.533620000000000427e-01 -3.000840000000000174e-01 9.327710000000000168e-01 -7.900500000000000578e-02 3.517060000000000186e-01
4.000000000000000000e+00 6.900000000000000000e+01 6.600000000000000000e+01 0.000000000000000000e+00 1.600000000000000089e+00 1.299999999999999886e-04 8.300000000000000086e-04 1.000000000000000000e+00 -9.636730000000000018e-01 2.670850000000000168e-01 -9.600000000000000243e-05 -2.670850000000000168e-01 -9.636730000000000018e-01 8.339999999999999974e-04
8.000000000000000000e+00 6.900000000000000000e+01 6.600000000000000000e+01 0.000000000000000000e+00 1.600000000000000089e+00 -3.804000000000000090e-03 -5.376999999999999835e-03 9.999780000000000335e-01 -9.536099999999999577e-01 3.010369999999999990e-01 -2.008999999999999935e-03 -3.010200000000000098e-01 -9.535970000000000280e-01 -6.271999999999999797e-03
2.000000000000000000e+00 7.000000000000000000e+01 7.200000000000000000e+01 0.000000000000000000e+00 1.600000000000000089e+00 1.916879999999999973e-01 8.369250000000000300e-01 5.126519999999999966e-01 -1.855539999999999967e-01 -4.820150000000000268e-01 8.562889999999999668e-01 9.637559999999999460e-01 -2.592650000000000232e-01 6.289799999999999558e-02
6.000000000000000000e+00 7.000000000000000000e+01 7.200000000000000000e+01 0.000000000000000000e+00 1.600000000000000089e+00 -2.914010000000000211e-01 -9.163740000000000219e-01 2.744889999999999830e-01 -2.530699999999999963e-02 -2.794570000000000110e-01 -9.598250000000000393e-01 9.562659999999999494e-01 -2.866400000000000059e-01 5.824300000000000310e-02
4.000000000000000000e+00 7.700000000000000000e+01 7.200000000000000000e+01 0.000000000000000000e+00 1.600000000000000089e+00 2.906200000000000103e-02 1.614089999999999969e-01 9.864600000000000035e-01 7.730599999999999972e-02 -9.842840000000000478e-01 1.587760000000000005e-01 9.965840000000000254e-01 7.164399999999999935e-02 -4.108300000000000146e-02
5.000000000000000000e+00 2.500000000000000000e+01 7.300000000000000000e+01 0.000000000000000000e+00 1.600000000000000089e+00 1.270999999999999994e-03 -6.834999999999999930e-03 9.999759999999999760e-01 7.554990000000000316e-01 -6.551280000000000436e-01 -5.438000000000000125e-03 6.551489999999999814e-01 7.554870000000000196e-01 4.330999999999999781e-03
1.300000000000000000e+01 2.500000000000000000e+01 7.300000000000000000e+01 0.000000000000000000e+00 1.600000000000000089e+00 -5.360000000000000181e-04 -3.544999999999999974e-03 9.999940000000000495e-01 7.513539999999999663e-01 -6.598969999999999558e-01 -1.936000000000000004e-03 6.598990000000000133e-01 7.513480000000000159e-01 3.017000000000000150e-03
2.000000000000000000e+01 2.500000000000000000e+01 7.300000000000000000e+01 0.000000000000000000e+00 1.600000000000000089e+00 -4.679999999999999915e-04 2.556000000000000112e-03 9.999970000000000248e-01 7.469630000000000436e-01 -6.648629999999999818e-01 2.049000000000000040e-03 6.648659999999999570e-01 7.469609999999999861e-01 -1.598000000000000028e-03
2.300000000000000000e+01 2.500000000000000000e+01 7.300000000000000000e+01 0.000000000000000000e+00 1.600000000000000089e+00 -1.794999999999999938e-03 2.155999999999999930e-03 9.999959999999999960e-01 7.466739999999999489e-01 -6.651839999999999975e-01 2.773999999999999990e-03 6.651869999999999727e-01 7.466760000000000064e-01 -4.159999999999999744e-04
2.900000000000000000e+01 2.500000000000000000e+01 7.300000000000000000e+01 0.000000000000000000e+00 1.600000000000000089e+00 1.244000000000000097e-03 5.029999999999999749e-04 9.999989999999999712e-01 7.540609999999999813e-01 -6.568040000000000544e-01 -6.070000000000000092e-04 6.568030000000000257e-01 7.540609999999999813e-01 -1.196000000000000014e-03
2.300000000000000000e+01 4.400000000000000000e+01 7.300000000000000000e+01 0.000000000000000000e+00 1.600000000000000089e+00 -1.923000000000000013e-03 6.322999999999999628e-03 9.999780000000000335e-01 5.803699999999999831e-02 -9.982940000000000147e-01 6.424000000000000023e-03 9.983130000000000059e-01 5.804800000000000237e-02 1.552999999999999910e-03
2.700000000000000000e+01 4.400000000000000000e+01 7.300000000000000000e+01 0.000000000000000000e+00 1.600000000000000089e+00 -8.909999999999999734e-04 -3.824000000000000142e-03 9.999919999999999920e-01 5.745900000000000313e-02 -9.983410000000000339e-01 -3.766999999999999949e-03 9.983469999999999844e-01 5.745499999999999913e-02 1.110000000000000092e-03
8.000000000000000000e+00 6.400000000000000000e+01 7.300000000000000000e+01 0.000000000000000000e+00 1.600000000000000089e+00 -7.511550000000000171e-01 -5.750950000000000228e-01 3.240859999999999852e-01 -9.980500000000000482e-02 -3.863639999999999852e-01 -9.169310000000000516e-01 6.525370000000000337e-01 -7.211030000000000495e-01 2.328220000000000012e-01
7.000000000000000000e+00 7.000000000000000000e+01 7.300000000000000000e+01 0.000000000000000000e+00 1.600000000000000089e+00 -4.699809999999999821e-01 -8.440839999999999455e-01 2.581450000000000133e-01 1.211199999999999950e-02 -2.985970000000000013e-01 -9.543019999999999836e-01 8.825929999999999609e-01 -4.453779999999999961e-01 1.505589999999999984e-01
5.000000000000000000e+00 5.600000000000000000e+01 7.500000000000000000e+01 0.000000000000000000e+00 1.600000000000000089e+00 3.972799999999999943e-02 2.783649999999999736e-01 9.596529999999999783e-01 -7.330100000000000504e-02 9.586360000000000436e-01 -2.750349999999999739e-01 -9.965180000000000149e-01 -5.941699999999999759e-02 5.848899999999999932e-02
7.000000000000000000e+00 5.600000000000000000e+01 7.500000000000000000e+01 0.000000000000000000e+00 1.600000000000000089e+00 5.887499999999999678e-02 3.716200000000000059e-02 9.975730000000000430e-01 -1.709410000000000096e-01 9.849219999999999642e-01 -2.660200000000000065e-02 -9.835209999999999786e-01 -1.689599999999999991e-01 6.433999999999999442e-02
3.000000000000000000e+01 5.100000000000000000e+01 7.600000000000000000e+01 0.000000000000000000e+00 1.600000000000000089e+00 5.913999999999999986e-03 6.604999999999999760e-03 -9.999609999999999888e-01 -3.901240000000000263e-01 -9.207239999999999869e-01 -8.389000000000000623e-03 -9.207429999999999781e-01 3.901589999999999780e-01 -2.867999999999999890e-03
1.000000000000000000e+01 5.900000000000000000e+01 7.600000000000000000e+01 0.000000000000000000e+00 1.600000000000000089e+00 -3.781149999999999789e-01 -9.208129999999999926e-01 -9.556599999999999817e-02 2.563500000000000223e-01 -4.950999999999999672e-03 -9.665709999999999580e-01 8.895579999999999599e-01 -3.899730000000000141e-01 2.379229999999999956e-01
