2.000000000000000000e+00 1.500000000000000000e+01 4.000000000000000000e+00 0.000000000000000000e+00 1.600000000000000089e+00 1.933000000000000039e-03 1.172199999999999978e-02 9.999289999999999567e-01 3.198199999999999932e-01 -9.474200000000000399e-01 1.048800000000000079e-02 9.474759999999999849e-01 3.197769999999999779e-01 -5.581000000000000023e-03
1.100000000000000000e+01 1.500000000000000000e+01 4.000000000000000000e+00 0.000000000000000000e+00 1.600000000000000089e+00 2.219000000000000052e-03 9.318999999999999159e-03 9.999540000000000095e-01 3.183570000000000011e-01 -9.479360000000000008e-01 8.127999999999999808e-03 9.479680000000000328e-01 3.183250000000000246e-01 -5.069999999999999854e-03
2.400000000000000000e+01 1.500000000000000000e+01 4.000000000000000000e+00 0.000000000000000000e+00 1.600000000000000089e+00 1.443000000000000055e-03 4.035999999999999657e-03 9.999909999999999632e-01 3.196169999999999844e-01 -9.475409999999999666e-01 3.363999999999999803e-03 9.475459999999999994e-01 3.196100000000000052e-01 -2.657000000000000074e-03
2.900000000000000000e+01 1.500000000000000000e+01 4.000000000000000000e+00 0.000000000000000000e+00 1.600000000000000089e+00 4.037999999999999923e-03 1.561500000000000041e-02 9.998700000000000365e-01 3.246859999999999746e-01 -9.457259999999999556e-01 1.345900000000000048e-02 9.458130000000000148e-01 3.245890000000000164e-01 -8.888999999999999332e-03
9.000000000000000000e+00 7.400000000000000000e+01 4.000000000000000000e+00 0.000000000000000000e+00 1.600000000000000089e+00 -8.809040000000000203e-01 -3.781840000000000201e-01 2.845770000000000244e-01 -3.999010000000000065e-01 9.163369999999999571e-01 -2.013600000000000112e-02 -2.531530000000000169e-01 -1.315399999999999903e-01 -9.584420000000000162e-01
4.000000000000000000e+00 1.010000000000000000e+02 7.000000000000000000e+00 0.000000000000000000e+00 1.600000000000000089e+00 -1.678999999999999937e-03 -8.125999999999999543e-03 9.999660000000000215e-01 8.824459999999999527e-01 4.703840000000000243e-01 5.303999999999999687e-03 -4.704110000000000236e-01 8.824239999999999862e-01 6.381000000000000387e-03
1.100000000000000000e+01 1.010000000000000000e+02 7.000000000000000000e+00 0.000000000000000000e+00 1.600000000000000089e+00 2.830000000000000050e-03 -3.848599999999999938e-02 9.992550000000000043e-01 8.846960000000000379e-01 4.659130000000000216e-01 1.543899999999999960e-02 -4.661600000000000188e-01 8.839930000000000287e-01 3.536700000000000260e-02
1.600000000000000000e+01 1.010000000000000000e+02 7.000000000000000000e+00 0.000000000000000000e+00 1.600000000000000089e+00 5.000000000000000240e-05 -2.982699999999999935e-02 9.995549999999999713e-01 8.853799999999999448e-01 4.646629999999999927e-01 1.382199999999999922e-02 -4.648689999999999767e-01 8.849850000000000216e-01 2.643200000000000063e-02
2.000000000000000000e+00 2.500000000000000000e+01 8.000000000000000000e+00 0.000000000000000000e+00 1.600000000000000089e+00 -4.350000000000000026e-04 5.140000000000000254e-04 -1.000000000000000000e+00 4.492720000000000047e-01 8.933950000000000502e-01 2.640000000000000202e-04 8.933950000000000502e-01 -4.492709999999999759e-01 -6.199999999999999999e-04
7.000000000000000000e+00 2.500000000000000000e+01 8.000000000000000000e+00 0.000000000000000000e+00 1.600000000000000089e+00 -2.069000000000000093e-03 -8.193000000000000629e-03 -9.999639999999999640e-01 4.493920000000000137e-01 8.932970000000000077e-01 -8.248999999999999388e-03 8.933320000000000149e-01 -4.493929999999999869e-01 1.832999999999999994e-03
1.500000000000000000e+01 2.500000000000000000e+01 8.000000000000000000e+00 0.000000000000000000e+00 1.600000000000000089e+00 -2.700000000000000035e-04 -2.364000000000000216e-03 -9.999970000000000248e-01 4.533980000000000232e-01 8.913060000000000427e-01 -2.229000000000000078e-03 8.913079999999999892e-01 -4.533969999999999945e-01 8.310000000000000329e-04
2.100000000000000000e+01 2.500000000000000000e+01 8.000000000000000000e+00 0.000000000000000000e+00 1.600000000000000089e+00 -7.360000000000000006e-04 9.290000000000000297e-04 -9.999989999999999712e-01 4.523229999999999751e-01 8.918540000000000356e-01 4.960000000000000216e-04 8.918540000000000356e-01 -4.523220000000000018e-01 -1.077000000000000049e-03
2.600000000000000000e+01 2.500000000000000000e+01 8.000000000000000000e+00 0.000000000000000000e+00 1.600000000000000089e+00 -1.278999999999999972e-03 -2.062000000000000031e-03 -9.999970000000000248e-01 4.534210000000000185e-01 8.912930000000000019e-01 -2.416999999999999878e-03 8.912949999999999484e-01 -4.534230000000000205e-01 -2.049999999999999956e-04
3.000000000000000000e+00 2.400000000000000000e+01 9.000000000000000000e+00 0.000000000000000000e+00 1.600000000000000089e+00 -5.810000000000000277e-04 -1.869000000000000002e-03 -9.999980000000000535e-01 4.517010000000000192e-01 8.921670000000000433e-01 -1.930000000000000075e-03 8.921689999999999898e-01 -4.517019999999999924e-01 3.260000000000000094e-04
8.000000000000000000e+00 2.400000000000000000e+01 9.000000000000000000e+00 0.000000000000000000e+00 1.600000000000000089e+00 -1.994999999999999812e-03 -1.088100000000000005e-02 -9.999390000000000223e-01 4.517129999999999757e-01 8.921000000000000041e-01 -1.060900000000000037e-02 8.921609999999999818e-01 -4.517059999999999964e-01 3.135999999999999899e-03
1.200000000000000000e+01 2.400000000000000000e+01 9.000000000000000000e+00 0.000000000000000000e+00 1.600000000000000089e+00 -1.459000000000000010e-03 -8.115999999999999950e-03 -9.999660000000000215e-01 4.546850000000000058e-01 8.906180000000000208e-01 -7.891999999999999710e-03 8.906509999999999705e-01 -4.546810000000000018e-01 2.390000000000000197e-03
1.500000000000000000e+01 2.400000000000000000e+01 9.000000000000000000e+00 0.000000000000000000e+00 1.600000000000000089e+00 -1.659999999999999963e-04 -1.876999999999999979e-03 -9.999980000000000535e-01 4.562700000000000089e-01 8.898399999999999643e-01 -1.745999999999999939e-03 8.898409999999999931e-01 -4.562700000000000089e-01 7.089999999999999948e-04
2.600000000000000000e+01 2.400000000000000000e+01 9.000000000000000000e+00 0.000000000000000000e+00 1.600000000000000089e+00 -1.178999999999999927e-03 -2.945000000000000135e-03 -9.999949999999999672e-01 4.553159999999999985e-01 8.903240000000000043e-01 -3.158999999999999916e-03 8.903290000000000370e-01 -4.553180000000000005e-01 2.910000000000000260e-04
6.000000000000000000e+00 3.100000000000000000e+01 1.200000000000000000e+01 0.000000000000000000e+00 1.600000000000000089e+00 3.300000000000000253e-05 -1.783999999999999996e-03 9.999980000000000535e-01 -1.363699999999999982e-02 9.999050000000000438e-01 1.783999999999999996e-03 -9.999069999999999903e-01 -1.363699999999999982e-02 9.000000000000000228e-06
2.200000000000000000e+01 3.100000000000000000e+01 1.200000000000000000e+01 0.000000000000000000e+00 1.600000000000000089e+00 -4.600000000000000004e-05 -2.788999999999999813e-03 9.999959999999999960e-01 -1.629699999999999899e-02 9.998629999999999463e-01 2.788000000000000114e-03 -9.998669999999999503e-01 -1.629699999999999899e-02 -9.200000000000000007e-05
1.000000000000000000e+00 3.500000000000000000e+01 1.200000000000000000e+01 0.000000000000000000e+00 1.600000000000000089e+00 -1.879999999999999944e-03 -1.051299999999999978e-02 -9.999430000000000263e-01 4.989720000000000266e-01 -8.665789999999999882e-01 8.172999999999999710e-03 -8.666160000000000529e-01 -4.989290000000000114e-01 6.875000000000000035e-03
4.000000000000000000e+00 3.500000000000000000e+01 1.200000000000000000e+01 0.000000000000000000e+00 1.600000000000000089e+00 -6.390000000000000280e-04 -6.544000000000000337e-03 -9.999780000000000335e-01 4.876849999999999796e-01 -8.730029999999999735e-01 5.401000000000000419e-03 -8.730200000000000182e-01 -4.876710000000000211e-01 3.749000000000000162e-03
1.000000000000000000e+01 3.500000000000000000e+01 1.200000000000000000e+01 0.000000000000000000e+00 1.600000000000000089e+00 1.833999999999999910e-03 -2.781000000000000052e-03 -9.999940000000000495e-01 4.802500000000000102e-01 -8.771250000000000435e-01 3.320000000000000034e-03 -8.771299999999999653e-01 -4.802540000000000142e-01 -2.739999999999999923e-04
1.400000000000000000e+01 3.500000000000000000e+01 1.200000000000000000e+01 0.000000000000000000e+00 1.600000000000000089e+00 1.543000000000000101e-03 -8.073000000000000315e-03 -9.999660000000000215e-01 4.710489999999999955e-01 -8.820719999999999672e-01 7.848000000000000809e-03 -8.821059999999999457e-01 -4.710449999999999915e-01 2.442000000000000160e-03
1.700000000000000000e+01 3.500000000000000000e+01 1.200000000000000000e+01 0.000000000000000000e+00 1.600000000000000089e+00 2.900000000000000017e-04 -5.680000000000000153e-03 -9.999839999999999840e-01 4.652470000000000216e-01 -8.851660000000000084e-01 5.163000000000000055e-03 -8.851809999999999956e-01 -4.652410000000000156e-01 2.386000000000000100e-03
2.100000000000000000e+01 3.500000000000000000e+01 1.200000000000000000e+01 0.000000000000000000e+00 1.600000000000000089e+00 -6.179999999999999513e-04 -2.000000000000000042e-03 -9.999980000000000535e-01 4.602060000000000040e-01 -8.878110000000000168e-01 1.490999999999999921e-03 -8.878120000000000456e-01 -4.602040000000000020e-01 1.469000000000000037e-03
2.600000000000000000e+01 3.500000000000000000e+01 1.200000000000000000e+01 0.000000000000000000e+00 1.600000000000000089e+00 1.618999999999999996e-03 4.739999999999999747e-04 -9.999989999999999712e-01 4.476189999999999891e-01 -8.942240000000000189e-01 3.009999999999999980e-04 -8.942229999999999901e-01 -4.476189999999999891e-01 -1.660000000000000017e-03
7.000000000000000000e+00 7.300000000000000000e+01 1.300000000000000000e+01 0.000000000000000000e+00 1.600000000000000089e+00 -9.140709999999999669e-01 -2.216029999999999944e-01 3.396569999999999867e-01 -3.367930000000000090e-01 8.813539999999999708e-01 -3.313389999999999946e-01 -2.259319999999999939e-01 -4.172609999999999930e-01 -8.802539999999999809e-01
1.300000000000000000e+01 3.200000000000000000e+01 1.400000000000000000e+01 0.000000000000000000e+00 1.600000000000000089e+00 2.635000000000000189e-03 2.524999999999999901e-03 -9.999930000000000208e-01 1.032560000000000006e-01 9.946509999999999518e-01 2.784000000000000016e-03 9.946509999999999518e-01 -1.032620000000000066e-01 2.360000000000000119e-03
1.600000000000000000e+01 3.200000000000000000e+01 1.400000000000000000e+01 0.000000000000000000e+00 1.600000000000000089e+00 6.049999999999999606e-04 5.140000000000000254e-04 -1.000000000000000000e+00 1.037190000000000056e-01 9.946070000000000189e-01 5.739999999999999660e-04 9.946059999999999901e-01 -1.037190000000000056e-01 5.490000000000000088e-04
2.400000000000000000e+01 1.160000000000000000e+02 1.600000000000000000e+01 0.000000000000000000e+00 1.600000000000000089e+00 2.667000000000000100e-03 7.120999999999999726e-03 9.999710000000000543e-01 7.356920000000000126e-01 6.772820000000000507e-01 -6.786000000000000365e-03 -6.773109999999999964e-01 7.356890000000000374e-01 -3.432999999999999854e-03
3.000000000000000000e+01 1.160000000000000000e+02 1.600000000000000000e+01 0.000000000000000000e+00 1.600000000000000089e+00 3.037999999999999902e-03 3.056000000000000123e-03 9.999909999999999632e-01 7.556140000000000079e-01 6.550030000000000019e-01 -4.296999999999999605e-03 -6.550099999999999811e-01 7.556199999999999584e-01 -3.200000000000000262e-04
2.000000000000000000e+00 2.000000000000000000e+00 1.900000000000000000e+01 0.000000000000000000e+00 1.600000000000000089e+00 -1.749999999999999982e-04 2.525000000000000161e-02 -9.996810000000000418e-01 1.954490000000000116e-01 -9.804000000000000492e-01 -2.479699999999999960e-02 -9.807139999999999747e-01 -1.953910000000000091e-01 -4.762999999999999873e-03
9.000000000000000000e+00 2.000000000000000000e+00 1.900000000000000000e+01 0.000000000000000000e+00 1.600000000000000089e+00 -3.155999999999999951e-03 1.517399999999999999e-02 -9.998799999999999910e-01 1.855360000000000065e-01 -9.825150000000000272e-01 -1.549599999999999936e-02 -9.826319999999999499e-01 -1.855630000000000057e-01 2.860000000000000129e-04
1.300000000000000000e+01 2.000000000000000000e+00 1.900000000000000000e+01 0.000000000000000000e+00 1.600000000000000089e+00 -2.886000000000000110e-03 1.641600000000000004e-02 -9.998609999999999998e-01 1.850600000000000023e-01 -9.825859999999999594e-01 -1.666700000000000126e-02 -9.827230000000000132e-01 -1.850819999999999965e-01 -2.030000000000000012e-04
2.000000000000000000e+01 2.000000000000000000e+00 1.900000000000000000e+01 0.000000000000000000e+00 1.600000000000000089e+00 -1.097000000000000102e-03 2.442000000000000160e-03 -9.999959999999999960e-01 1.753220000000000056e-01 -9.845080000000000497e-01 -2.596999999999999916e-03 -9.845099999999999962e-01 -1.753240000000000076e-01 6.509999999999999945e-04
2.500000000000000000e+01 2.000000000000000000e+00 1.900000000000000000e+01 0.000000000000000000e+00 1.600000000000000089e+00 -5.270000000000000162e-04 5.778000000000000150e-03 -9.999829999999999552e-01 1.685999999999999999e-01 -9.856679999999999886e-01 -5.784000000000000079e-03 -9.856840000000000046e-01 -1.686010000000000009e-01 -4.550000000000000008e-04
2.100000000000000000e+01 4.000000000000000000e+00 2.000000000000000000e+01 0.000000000000000000e+00 1.600000000000000089e+00 -1.562999999999999936e-03 3.040999999999999866e-03 -9.999940000000000495e-01 2.603190000000000226e-01 -9.655169999999999586e-01 -3.343000000000000051e-03 -9.655209999999999626e-01 -2.603230000000000266e-01 7.179999999999999967e-04
1.000000000000000000e+00 1.300000000000000000e+01 2.000000000000000000e+01 0.000000000000000000e+00 1.600000000000000089e+00 1.598000000000000028e-03 8.035000000000000475e-03 9.999660000000000215e-01 2.625549999999999828e-01 9.648820000000000174e-01 -8.172999999999999710e-03 -9.649159999999999959e-01 2.625589999999999868e-01 -5.670000000000000127e-04
7.000000000000000000e+00 1.300000000000000000e+01 2.000000000000000000e+01 0.000000000000000000e+00 1.600000000000000089e+00 2.750000000000000166e-04 -2.890000000000000208e-03 9.999959999999999960e-01 2.603759999999999963e-01 9.655030000000000001e-01 2.717999999999999930e-03 -9.655070000000000041e-01 2.603739999999999943e-01 1.016999999999999892e-03
1.100000000000000000e+01 1.300000000000000000e+01 2.000000000000000000e+01 0.000000000000000000e+00 1.600000000000000089e+00 1.595999999999999979e-03 8.299999999999999815e-05 9.999989999999999712e-01 2.596729999999999872e-01 9.656970000000000276e-01 -4.939999999999999730e-04 -9.656949999999999701e-01 2.596729999999999872e-01 1.520000000000000084e-03
1.400000000000000000e+01 1.300000000000000000e+01 2.000000000000000000e+01 0.000000000000000000e+00 1.600000000000000089e+00 1.755000000000000050e-03 3.467000000000000030e-03 9.999919999999999920e-01 2.573059999999999792e-01 9.663230000000000430e-01 -3.801999999999999824e-03 -9.663279999999999648e-01 2.573110000000000119e-01 8.030000000000000028e-04
1.900000000000000000e+01 1.300000000000000000e+01 2.000000000000000000e+01 0.000000000000000000e+00 1.600000000000000089e+00 1.376999999999999969e-03 -5.399999999999999798e-05 9.999989999999999712e-01 2.555620000000000114e-01 9.667930000000000135e-01 -2.999999999999999737e-04 -9.667919999999999847e-01 2.555620000000000114e-01 1.345000000000000058e-03
2.500000000000000000e+01 1.300000000000000000e+01 2.000000000000000000e+01 0.000000000000000000e+00 1.600000000000000089e+00 1.259999999999999998e-04 1.100999999999999982e-03 9.999989999999999712e-01 2.519390000000000240e-01 9.677430000000000199e-01 -1.097000000000000102e-03 -9.677430000000000199e-01 2.519390000000000240e-01 -1.550000000000000000e-04
2.900000000000000000e+01 1.300000000000000000e+01 2.000000000000000000e+01 0.000000000000000000e+00 1.600000000000000089e+00 8.220000000000000310e-04 -3.710000000000000190e-04 1.000000000000000000e+00 2.499740000000000018e-01 9.682530000000000303e-01 1.540000000000000028e-04 -9.682520000000000016e-01 2.499730000000000008e-01 8.890000000000000333e-04
1.500000000000000000e+01 1.600000000000000000e+01 2.100000000000000000e+01 0.000000000000000000e+00 1.600000000000000089e+00 1.910000000000000022e-03 3.774000000000000011e-03 9.999909999999999632e-01 2.998279999999999834e-01 9.539840000000000542e-01 -4.172999999999999626e-03 -9.539910000000000334e-01 2.998339999999999894e-01 6.899999999999999667e-04
1.900000000000000000e+01 1.600000000000000000e+01 2.100000000000000000e+01 0.000000000000000000e+00 1.600000000000000089e+00 1.709000000000000016e-03 -4.899999999999999842e-04 9.999980000000000535e-01 2.994560000000000000e-01 9.541100000000000136e-01 -4.399999999999999886e-05 -9.541089999999999849e-01 2.994550000000000267e-01 1.776999999999999934e-03
2.700000000000000000e+01 1.600000000000000000e+01 2.100000000000000000e+01 0.000000000000000000e+00 1.600000000000000089e+00 2.000000000000000164e-05 -8.880000000000000089e-04 1.000000000000000000e+00 2.980860000000000176e-01 9.545390000000000263e-01 8.409999999999999507e-04 -9.545390000000000263e-01 2.980860000000000176e-01 2.829999999999999942e-04
2.000000000000000000e+00 3.000000000000000000e+00 2.500000000000000000e+01 0.000000000000000000e+00 1.600000000000000089e+00 3.951999999999999784e-03 1.456400000000000056e-02 9.998860000000000525e-01 -8.661000000000000643e-02 -9.961320000000000174e-01 1.485200000000000062e-02 9.962339999999999529e-01 -8.665899999999999992e-02 -2.675999999999999993e-03
8.000000000000000000e+00 3.000000000000000000e+00 2.500000000000000000e+01 0.000000000000000000e+00 1.600000000000000089e+00 3.860999999999999849e-03 1.870499999999999940e-02 9.998179999999999845e-01 -6.959400000000000308e-02 -9.973959999999999493e-01 1.892900000000000138e-02 9.975680000000000103e-01 -6.965499999999999470e-02 -2.549000000000000050e-03
1.100000000000000000e+01 3.000000000000000000e+00 2.500000000000000000e+01 0.000000000000000000e+00 1.600000000000000089e+00 4.270000000000000358e-03 1.907999999999999974e-02 9.998089999999999478e-01 -6.287099999999999633e-02 -9.978350000000000275e-01 1.931099999999999831e-02 9.980130000000000390e-01 -6.294099999999999695e-02 -3.060999999999999919e-03
1.500000000000000000e+01 3.000000000000000000e+00 2.500000000000000000e+01 0.000000000000000000e+00 1.600000000000000089e+00 3.413999999999999934e-03 1.137799999999999923e-02 9.999289999999999567e-01 -4.837700000000000333e-02 -9.987629999999999564e-01 1.153000000000000032e-02 9.988230000000000164e-01 -4.841299999999999770e-02 -2.860000000000000129e-03
2.000000000000000000e+00 4.600000000000000000e+01 2.700000000000000000e+01 0.000000000000000000e+00 1.600000000000000089e+00 2.089999999999999844e-03 2.566999999999999837e-03 -9.999949999999999672e-01 6.646509999999999918e-01 7.471459999999999768e-01 3.307000000000000044e-03 7.471510000000000096e-01 -6.646549999999999958e-01 -1.450000000000000009e-04
1.000000000000000000e+01 4.600000000000000000e+01 2.700000000000000000e+01 0.000000000000000000e+00 1.600000000000000089e+00 -2.030000000000000012e-04 1.679999999999999907e-04 -1.000000000000000000e+00 6.637690000000000534e-01 7.479369999999999630e-01 -9.000000000000000228e-06 7.479369999999999630e-01 -6.637690000000000534e-01 -2.640000000000000202e-04
2.100000000000000000e+01 4.600000000000000000e+01 2.700000000000000000e+01 0.000000000000000000e+00 1.600000000000000089e+00 -7.789999999999999616e-04 9.719999999999999907e-04 -9.999989999999999712e-01 6.665229999999999766e-01 7.454849999999999532e-01 2.049999999999999956e-04 7.454840000000000355e-01 -6.665219999999999478e-01 -1.227999999999999925e-03
4.000000000000000000e+00 4.600000000000000000e+01 3.000000000000000000e+01 0.000000000000000000e+00 1.600000000000000089e+00 1.018000000000000025e-03 1.193999999999999966e-03 -9.999989999999999712e-01 3.185290000000000066e-01 9.479119999999999768e-01 1.456000000000000046e-03 9.479119999999999768e-01 -3.185299999999999798e-01 5.850000000000000165e-04
1.100000000000000000e+01 4.600000000000000000e+01 3.000000000000000000e+01 0.000000000000000000e+00 1.600000000000000089e+00 2.500000000000000120e-05 3.800000000000000209e-05 -1.000000000000000000e+00 3.209609999999999963e-01 9.470929999999999627e-01 4.399999999999999886e-05 9.470929999999999627e-01 -3.209609999999999963e-01 1.200000000000000030e-05
2.400000000000000000e+01 4.600000000000000000e+01 3.000000000000000000e+01 0.000000000000000000e+00 1.600000000000000089e+00 4.499999999999999877e-04 -2.300000000000000002e-05 -1.000000000000000000e+00 3.293650000000000189e-01 9.442030000000000145e-01 1.259999999999999998e-04 9.442030000000000145e-01 -3.293650000000000189e-01 4.319999999999999838e-04
5.000000000000000000e+00 5.800000000000000000e+01 3.100000000000000000e+01 0.000000000000000000e+00 1.600000000000000089e+00 5.198999999999999629e-03 5.086000000000000243e-03 9.999740000000000295e-01 -7.840350000000000374e-01 -6.206739999999999480e-01 7.232999999999999846e-03 6.206939999999999680e-01 -7.840519999999999712e-01 7.609999999999999577e-04
1.100000000000000000e+01 5.800000000000000000e+01 3.100000000000000000e+01 0.000000000000000000e+00 1.600000000000000089e+00 1.516999999999999902e-03 9.529999999999999626e-04 9.999980000000000535e-01 -7.787889999999999535e-01 -6.272839999999999527e-01 1.778999999999999982e-03 6.272839999999999527e-01 -7.787899999999999823e-01 -2.090000000000000115e-04
1.500000000000000000e+01 5.800000000000000000e+01 3.100000000000000000e+01 0.000000000000000000e+00 1.600000000000000089e+00 5.466999999999999638e-03 6.648000000000000263e-03 9.999630000000000463e-01 -7.753470000000000084e-01 -6.314790000000000125e-01 8.437000000000000055e-03 6.315119999999999623e-01 -7.753640000000000532e-01 1.701999999999999954e-03
1.900000000000000000e+01 5.800000000000000000e+01 3.100000000000000000e+01 0.000000000000000000e+00 1.600000000000000089e+00 4.389999999999999805e-03 5.828999999999999980e-03 9.999730000000000008e-01 -7.720040000000000235e-01 -6.355779999999999763e-01 7.093999999999999612e-03 6.356020000000000003e-01 -7.720150000000000068e-01 1.709999999999999932e-03
2.400000000000000000e+01 5.800000000000000000e+01 3.100000000000000000e+01 0.000000000000000000e+00 1.600000000000000089e+00 1.132999999999999893e-03 1.949999999999999965e-04 9.999989999999999712e-01 -7.721069999999999878e-01 -6.354919999999999458e-01 9.990000000000001049e-04 6.354919999999999458e-01 -7.721069999999999878e-01 -5.689999999999999529e-04
6.000000000000000000e+00 4.600000000000000000e+01 3.500000000000000000e+01 0.000000000000000000e+00 1.600000000000000089e+00 4.499999999999999877e-04 -1.742000000000000059e-03 -9.999980000000000535e-01 3.909299999999999997e-01 -9.204189999999999872e-01 1.778999999999999982e-03 -9.204200000000000159e-01 -3.909309999999999730e-01 2.669999999999999847e-04
1.200000000000000000e+01 4.600000000000000000e+01 3.500000000000000000e+01 0.000000000000000000e+00 1.600000000000000089e+00 -7.600000000000000418e-04 1.724999999999999971e-03 -9.999980000000000535e-01 3.921009999999999773e-01 -9.199199999999999600e-01 -1.884999999999999957e-03 -9.199220000000000175e-01 -3.921020000000000061e-01 2.199999999999999943e-05
1.800000000000000000e+01 4.600000000000000000e+01 3.500000000000000000e+01 0.000000000000000000e+00 1.600000000000000089e+00 -6.939999999999999555e-04 2.141000000000000108e-03 -9.999970000000000248e-01 3.933039999999999869e-01 -9.194059999999999455e-01 -2.240999999999999936e-03 -9.194080000000000030e-01 -3.933050000000000157e-01 -2.039999999999999984e-04
2.100000000000000000e+01 4.600000000000000000e+01 3.500000000000000000e+01 0.000000000000000000e+00 1.600000000000000089e+00 -9.349999999999999587e-04 3.105000000000000121e-03 -9.999949999999999672e-01 3.925370000000000248e-01 -9.197309999999999652e-01 -3.223000000000000170e-03 -9.197359999999999980e-01 -3.925379999999999980e-01 -3.589999999999999984e-04
2.500000000000000000e+01 4.600000000000000000e+01 3.500000000000000000e+01 0.000000000000000000e+00 1.600000000000000089e+00 -9.600000000000000243e-04 4.028999999999999596e-03 -9.999909999999999632e-01 3.936020000000000074e-01 -9.192719999999999780e-01 -4.081999999999999691e-03 -9.192810000000000148e-01 -3.936020000000000074e-01 -7.029999999999999574e-04
2.800000000000000000e+01 4.600000000000000000e+01 3.500000000000000000e+01 0.000000000000000000e+00 1.600000000000000089e+00 -1.700000000000000122e-04 -3.144999999999999792e-03 -9.999949999999999672e-01 3.951310000000000100e-01 -9.186210000000000209e-01 2.821999999999999856e-03 -9.186250000000000249e-01 -3.951279999999999792e-01 1.399000000000000070e-03
1.000000000000000000e+00 2.900000000000000000e+01 4.400000000000000000e+01 0.000000000000000000e+00 1.600000000000000089e+00 -3.029999999999999924e-04 -1.688000000000000047e-03 -9.999989999999999712e-01 6.504490000000000549e-01 7.595490000000000297e-01 -1.479000000000000063e-03 7.595499999999999474e-01 -6.504480000000000262e-01 8.679999999999999565e-04
5.000000000000000000e+00 2.900000000000000000e+01 4.400000000000000000e+01 0.000000000000000000e+00 1.600000000000000089e+00 -9.330000000000000186e-04 -1.662000000000000066e-03 -9.999980000000000535e-01 6.494849999999999790e-01 7.603720000000000478e-01 -1.869999999999999917e-03 7.603739999999999943e-01 -6.494860000000000078e-01 3.699999999999999947e-04
1.300000000000000000e+01 2.900000000000000000e+01 4.400000000000000000e+01 0.000000000000000000e+00 1.600000000000000089e+00 3.570000000000000040e-04 1.062000000000000010e-03 -9.999989999999999712e-01 6.511069999999999913e-01 7.589850000000000207e-01 1.038999999999999993e-03 7.589850000000000207e-01 -6.511069999999999913e-01 -4.209999999999999875e-04
1.700000000000000000e+01 2.900000000000000000e+01 4.400000000000000000e+01 0.000000000000000000e+00 1.600000000000000089e+00 -2.559000000000000077e-03 -2.235000000000000007e-03 -9.999940000000000495e-01 6.620230000000000281e-01 7.494760000000000311e-01 -3.369000000000000033e-03 7.494790000000000063e-01 -6.620279999999999498e-01 -4.380000000000000213e-04
2.100000000000000000e+01 2.900000000000000000e+01 4.400000000000000000e+01 0.000000000000000000e+00 1.600000000000000089e+00 -3.327999999999999795e-03 -3.180999999999999800e-03 -9.999890000000000168e-01 6.695600000000000440e-01 7.427430000000000421e-01 -4.590999999999999595e-03 7.427500000000000213e-01 -6.695689999999999698e-01 -3.420000000000000188e-04
2.500000000000000000e+01 2.900000000000000000e+01 4.400000000000000000e+01 0.000000000000000000e+00 1.600000000000000089e+00 4.670000000000000214e-04 -6.329999999999999906e-04 -1.000000000000000000e+00 6.689490000000000158e-01 7.433079999999999687e-01 -1.579999999999999916e-04 7.433079999999999687e-01 -6.689490000000000158e-01 7.709999999999999840e-04
2.200000000000000000e+01 5.000000000000000000e+01 4.500000000000000000e+01 0.000000000000000000e+00 1.600000000000000089e+00 -5.615839999999999721e-01 1.140840000000000048e-01 -8.195170000000000510e-01 -2.971809999999999730e-01 -9.521699999999999608e-01 7.109699999999999354e-02 -7.722090000000000343e-01 2.834720000000000018e-01 5.686269999999999936e-01
2.100000000000000000e+01 7.000000000000000000e+01 4.700000000000000000e+01 0.000000000000000000e+00 1.600000000000000089e+00 -2.171999999999999972e-02 1.465600000000000062e-02 -9.996570000000000178e-01 -8.426470000000000349e-01 -5.383660000000000112e-01 1.041599999999999991e-02 -5.380289999999999795e-01 8.425839999999999996e-01 2.404299999999999840e-02
1.800000000000000000e+01 5.000000000000000000e+00 5.100000000000000000e+01 0.000000000000000000e+00 1.600000000000000089e+00 -1.796000000000000070e-03 -1.781999999999999947e-03 -9.999970000000000248e-01 4.895430000000000059e-01 -8.719789999999999486e-01 6.750000000000000357e-04 -8.719770000000000021e-01 -4.895399999999999752e-01 2.438000000000000063e-03
2.700000000000000000e+01 5.000000000000000000e+00 5.100000000000000000e+01 0.000000000000000000e+00 1.600000000000000089e+00 1.923999999999999929e-03 1.529999999999999893e-03 -9.999970000000000248e-01 4.901570000000000094e-01 -8.716340000000000199e-01 -3.910000000000000172e-04 -8.716319999999999624e-01 -4.901550000000000074e-01 -2.426999999999999904e-03
1.000000000000000000e+00 6.000000000000000000e+00 5.100000000000000000e+01 0.000000000000000000e+00 1.600000000000000089e+00 1.356300000000000040e-02 1.728299999999999975e-02 -9.997589999999999533e-01 3.158179999999999876e-01 -9.487419999999999742e-01 -1.211600000000000003e-02 -9.487229999999999830e-01 -3.155769999999999964e-01 -1.832599999999999854e-02
2.000000000000000000e+00 7.000000000000000000e+00 5.200000000000000000e+01 0.000000000000000000e+00 1.600000000000000089e+00 1.481200000000000051e-02 1.243400000000000061e-02 -9.998129999999999518e-01 1.058639999999999998e-01 -9.943220000000000391e-01 -1.079699999999999931e-02 -9.942699999999999871e-01 -1.056840000000000002e-01 -1.604399999999999923e-02
6.000000000000000000e+00 7.000000000000000000e+00 5.200000000000000000e+01 0.000000000000000000e+00 1.600000000000000089e+00 6.688000000000000368e-03 9.140999999999999820e-03 -9.999360000000000470e-01 9.391499999999999848e-02 -9.955439999999999845e-01 -8.472999999999999629e-03 -9.955580000000000540e-01 -9.385200000000000486e-02 -7.517000000000000244e-03
2.100000000000000000e+01 7.000000000000000000e+00 5.200000000000000000e+01 0.000000000000000000e+00 1.600000000000000089e+00 -3.900999999999999954e-03 -7.945999999999999938e-03 -9.999609999999999888e-01 1.113790000000000058e-01 -9.937500000000000222e-01 7.463000000000000016e-03 -9.937700000000000422e-01 -1.113449999999999995e-01 4.760999999999999607e-03
1.000000000000000000e+00 6.300000000000000000e+01 5.400000000000000000e+01 0.000000000000000000e+00 1.600000000000000089e+00 8.701999999999999666e-03 5.014000000000000228e-03 9.999500000000000055e-01 -3.355770000000000142e-01 9.420110000000000428e-01 -1.802999999999999915e-03 -9.419729999999999492e-01 -3.355440000000000089e-01 9.879999999999999893e-03
1.200000000000000000e+01 6.300000000000000000e+01 5.400000000000000000e+01 0.000000000000000000e+00 1.600000000000000089e+00 -8.809999999999999472e-04 -5.249999999999999676e-04 1.000000000000000000e+00 -3.175640000000000129e-01 9.482369999999999965e-01 2.180000000000000134e-04 -9.482369999999999965e-01 -3.175629999999999842e-01 -1.002000000000000069e-03
1.800000000000000000e+01 6.300000000000000000e+01 5.400000000000000000e+01 0.000000000000000000e+00 1.600000000000000089e+00 -1.082699999999999982e-02 -8.168999999999999179e-03 9.999080000000000190e-01 -3.347749999999999893e-01 9.422890000000000432e-01 4.074000000000000364e-03 -9.422359999999999625e-01 -3.346999999999999975e-01 -1.293700000000000058e-02
2.600000000000000000e+01 6.300000000000000000e+01 5.400000000000000000e+01 0.000000000000000000e+00 1.600000000000000089e+00 -3.119999999999999944e-04 -4.354000000000000231e-03 9.999900000000000455e-01 -3.353940000000000254e-01 9.420690000000000452e-01 3.997999999999999818e-03 -9.420779999999999710e-01 -3.353900000000000214e-01 -1.753999999999999917e-03
1.100000000000000000e+01 2.500000000000000000e+01 5.500000000000000000e+01 0.000000000000000000e+00 1.600000000000000089e+00 2.120000000000000031e-04 -6.251999999999999745e-03 -9.999799999999999800e-01 -1.140599999999999947e-02 -9.999149999999999983e-01 6.250000000000000347e-03 -9.999350000000000183e-01 1.140399999999999921e-02 -2.840000000000000185e-04
1.500000000000000000e+01 2.500000000000000000e+01 5.500000000000000000e+01 0.000000000000000000e+00 1.600000000000000089e+00 5.339999999999999695e-04 -8.377000000000000765e-03 -9.999649999999999928e-01 -1.416199999999999924e-02 -9.998650000000000038e-01 8.368999999999999703e-03 -9.999000000000000110e-01 1.415699999999999945e-02 -6.520000000000000188e-04
2.400000000000000000e+01 2.500000000000000000e+01 5.500000000000000000e+01 0.000000000000000000e+00 1.600000000000000089e+00 1.351999999999999903e-03 5.131000000000000144e-03 -9.999860000000000415e-01 -1.250899999999999929e-02 -9.999090000000000478e-01 -5.146999999999999666e-03 -9.999209999999999487e-01 1.251599999999999935e-02 -1.288000000000000082e-03
6.000000000000000000e+00 2.100000000000000000e+01 6.000000000000000000e+01 0.000000000000000000e+00 1.600000000000000089e+00 1.379000000000000017e-03 1.066199999999999960e-02 9.999419999999999975e-01 -9.587400000000000089e-02 9.953379999999999450e-01 -1.048100000000000073e-02 -9.953929999999999723e-01 -9.585499999999999576e-02 2.394999999999999993e-03
1.000000000000000000e+01 2.100000000000000000e+01 6.000000000000000000e+01 0.000000000000000000e+00 1.600000000000000089e+00 2.769999999999999893e-03 -5.599999999999999509e-04 9.999959999999999960e-01 -9.439000000000000168e-02 9.955349999999999477e-01 8.189999999999999581e-04 -9.955310000000000548e-01 -9.439200000000000368e-02 2.704999999999999939e-03
1.700000000000000000e+01 2.100000000000000000e+01 6.000000000000000000e+01 0.000000000000000000e+00 1.600000000000000089e+00 5.779999999999999548e-04 1.505500000000000067e-02 9.998869999999999703e-01 -9.744600000000000484e-02 9.951290000000000413e-01 -1.492699999999999930e-02 -9.952410000000000423e-01 -9.742599999999999871e-02 2.041999999999999978e-03
2.100000000000000000e+01 2.100000000000000000e+01 6.000000000000000000e+01 0.000000000000000000e+00 1.600000000000000089e+00 -1.856000000000000011e-03 -2.703000000000000107e-03 9.999949999999999672e-01 -9.804699999999999527e-02 9.951790000000000358e-01 2.507999999999999813e-03 -9.951799999999999535e-01 -9.804100000000000315e-02 -2.112000000000000162e-03
1.000000000000000000e+00 3.000000000000000000e+00 6.300000000000000000e+01 0.000000000000000000e+00 1.600000000000000089e+00 3.397999999999999979e-03 3.539799999999999891e-02 9.993670000000000053e-01 -6.220869999999999456e-01 7.825290000000000301e-01 -2.560199999999999976e-02 -7.829409999999999981e-01 -6.216070000000000206e-01 2.468000000000000055e-02
8.000000000000000000e+00 3.000000000000000000e+00 6.300000000000000000e+01 0.000000000000000000e+00 1.600000000000000089e+00 7.489999999999999913e-04 2.281000000000000041e-03 9.999970000000000248e-01 -6.174079999999999568e-01 7.866419999999999524e-01 -1.332000000000000068e-03 -7.866429999999999811e-01 -6.174049999999999816e-01 1.997000000000000077e-03
1.600000000000000000e+01 3.000000000000000000e+00 6.300000000000000000e+01 0.000000000000000000e+00 1.600000000000000089e+00 5.649999999999999641e-04 1.095999999999999969e-03 9.999989999999999712e-01 -6.175640000000000018e-01 7.865210000000000257e-01 -5.130000000000000011e-04 -7.865210000000000257e-01 -6.175629999999999731e-01 1.121000000000000035e-03
2.000000000000000000e+00 2.700000000000000000e+01 6.300000000000000000e+01 0.000000000000000000e+00 1.600000000000000089e+00 1.644999999999999978e-03 7.720000000000000083e-04 9.999980000000000535e-01 -2.687729999999999841e-01 9.632039999999999491e-01 -3.009999999999999980e-04 -9.632020000000000026e-01 -2.687720000000000109e-01 1.791999999999999973e-03
9.000000000000000000e+00 2.700000000000000000e+01 6.300000000000000000e+01 0.000000000000000000e+00 1.600000000000000089e+00 2.259999999999999856e-03 6.700000000000000226e-03 9.999749999999999472e-01 -2.728809999999999847e-01 9.620300000000000518e-01 -5.828999999999999980e-03 -9.620450000000000390e-01 -2.728610000000000202e-01 4.002999999999999614e-03
1.600000000000000000e+01 2.700000000000000000e+01 6.300000000000000000e+01 0.000000000000000000e+00 1.600000000000000089e+00 1.259999999999999998e-04 -1.698999999999999989e-03 9.999989999999999712e-01 -2.794209999999999749e-01 9.601669999999999927e-01 1.667000000000000079e-03 -9.601690000000000502e-01 -2.794209999999999749e-01 -3.539999999999999853e-04
2.300000000000000000e+01 2.700000000000000000e+01 6.300000000000000000e+01 0.000000000000000000e+00 1.600000000000000089e+00 -5.469999999999999602e-04 6.080000000000000335e-04 1.000000000000000000e+00 -2.788499999999999868e-01 9.603340000000000209e-01 -7.360000000000000006e-04 -9.603340000000000209e-01 -2.788510000000000155e-01 -3.559999999999999797e-04
2.800000000000000000e+01 2.700000000000000000e+01 6.300000000000000000e+01 0.000000000000000000e+00 1.600000000000000089e+00 1.551000000000000078e-03 -2.448999999999999788e-03 9.999959999999999960e-01 -2.793280000000000207e-01 9.601920000000000455e-01 2.784000000000000016e-03 -9.601950000000000207e-01 -2.793309999999999960e-01 8.050000000000000515e-04
3.000000000000000000e+00 2.600000000000000000e+01 6.400000000000000000e+01 0.000000000000000000e+00 1.600000000000000089e+00 1.485999999999999908e-03 -6.539999999999999590e-04 9.999989999999999712e-01 -3.511969999999999814e-01 9.363010000000000499e-01 1.134999999999999941e-03 -9.363010000000000499e-01 -3.511980000000000102e-01 1.162000000000000055e-03
1.000000000000000000e+01 2.600000000000000000e+01 6.400000000000000000e+01 0.000000000000000000e+00 1.600000000000000089e+00 1.628000000000000107e-03 8.595000000000000209e-03 9.999620000000000175e-01 -3.590090000000000225e-01 9.333040000000000225e-01 -7.438000000000000167e-03 -9.333329999999999682e-01 -3.589829999999999965e-01 4.604999999999999719e-03
1.600000000000000000e+01 2.600000000000000000e+01 6.400000000000000000e+01 0.000000000000000000e+00 1.600000000000000089e+00 -7.299999999999999903e-05 -1.379000000000000017e-03 9.999989999999999712e-01 -3.647819999999999951e-01 9.310920000000000307e-01 1.258000000000000004e-03 -9.310929999999999485e-01 -3.647810000000000219e-01 -5.710000000000000015e-04
2.200000000000000000e+01 2.600000000000000000e+01 6.400000000000000000e+01 0.000000000000000000e+00 1.600000000000000089e+00 -8.760000000000000425e-04 -1.199999999999999895e-03 9.999989999999999712e-01 -3.639580000000000037e-01 9.314149999999999929e-01 7.990000000000000140e-04 -9.314149999999999929e-01 -3.639569999999999750e-01 -1.252999999999999991e-03
2.800000000000000000e+01 2.600000000000000000e+01 6.400000000000000000e+01 0.000000000000000000e+00 1.600000000000000089e+00 1.848999999999999949e-03 -2.040999999999999846e-03 9.999959999999999960e-01 -3.626030000000000086e-01 9.319399999999999906e-01 2.572000000000000067e-03 -9.319420000000000481e-01 -3.626070000000000126e-01 9.829999999999999329e-04
1.200000000000000000e+01 7.300000000000000000e+01 6.400000000000000000e+01 0.000000000000000000e+00 1.600000000000000089e+00 -9.697369999999999601e-01 1.568229999999999902e-01 -1.871269999999999878e-01 -1.486389999999999934e-01 -9.872429999999999817e-01 -5.708300000000000179e-02 -1.936910000000000021e-01 -2.754099999999999951e-02 9.806759999999999922e-01
2.400000000000000000e+01 6.900000000000000000e+01 6.600000000000000000e+01 0.000000000000000000e+00 1.600000000000000089e+00 -2.746999999999999876e-03 9.924000000000000529e-03 9.999470000000000303e-01 -9.565310000000000201e-01 2.915800000000000058e-01 -5.520999999999999866e-03 -2.916190000000000171e-01 -9.564949999999999841e-01 8.692000000000000073e-03
9.000000000000000000e+00 8.100000000000000000e+01 7.200000000000000000e+01 0.000000000000000000e+00 1.600000000000000089e+00 -6.799859999999999793e-01 -2.337559999999999916e-01 -6.949659999999999727e-01 -7.095860000000000500e-01 -2.893799999999999845e-02 7.040250000000000119e-01 -1.846810000000000118e-01 9.718649999999999789e-01 -1.461919999999999886e-01
2.000000000000000000e+01 2.500000000000000000e+01 7.300000000000000000e+01 0.000000000000000000e+00 1.600000000000000089e+00 -2.688999999999999984e-03 1.172999999999999998e-03 9.999959999999999960e-01 7.516040000000000498e-01 -6.596090000000000009e-01 2.795000000000000175e-03 6.596090000000000009e-01 7.516080000000000538e-01 8.919999999999999978e-04
2.700000000000000000e+01 2.500000000000000000e+01 7.300000000000000000e+01 0.000000000000000000e+00 1.600000000000000089e+00 -8.409999999999999507e-04 5.451000000000000116e-03 9.999850000000000128e-01 7.467080000000000384e-01 -6.651390000000000358e-01 4.252999999999999836e-03 6.651519999999999655e-01 7.467000000000000304e-01 -3.510999999999999798e-03
