1.000000000000000000e+01 2.500000000000000000e+01 1.000000000000000000e+00 0.000000000000000000e+00 1.600000000000000089e+00 2.314000000000000085e-03 7.919999999999999523e-04 -9.999970000000000248e-01 -5.367520000000000069e-01 -8.437379999999999880e-01 -1.910000000000000022e-03 -8.437369999999999592e-01 5.367549999999999821e-01 -1.526999999999999929e-03
1.700000000000000000e+01 2.500000000000000000e+01 1.000000000000000000e+00 0.000000000000000000e+00 1.600000000000000089e+00 -1.281999999999999936e-03 -1.557999999999999923e-03 -9.999980000000000535e-01 -5.350470000000000503e-01 -8.448200000000000154e-01 2.001999999999999873e-03 -8.448219999999999619e-01 5.350479999999999681e-01 2.489999999999999809e-04
2.300000000000000000e+01 2.500000000000000000e+01 1.000000000000000000e+00 0.000000000000000000e+00 1.600000000000000089e+00 -9.259999999999999568e-04 -1.523000000000000048e-03 -9.999980000000000535e-01 -5.301280000000000436e-01 -8.479160000000000030e-01 1.781999999999999947e-03 -8.479170000000000318e-01 5.301280000000000436e-01 -2.199999999999999943e-05
3.000000000000000000e+00 3.000000000000000000e+00 4.000000000000000000e+00 0.000000000000000000e+00 1.600000000000000089e+00 7.011000000000000565e-02 9.794000000000000622e-03 -9.974910000000000165e-01 -8.946009999999999796e-01 -4.417820000000000080e-01 -6.721699999999999897e-02 -4.413320000000000021e-01 8.970690000000000053e-01 -2.221100000000000158e-02
4.000000000000000000e+00 1.500000000000000000e+01 4.000000000000000000e+00 0.000000000000000000e+00 1.600000000000000089e+00 -6.239999999999999887e-04 6.523000000000000152e-03 9.999789999999999512e-01 3.270509999999999806e-01 -9.449849999999999639e-01 6.368000000000000396e-03 9.450060000000000127e-01 3.270480000000000054e-01 -1.544000000000000017e-03
9.000000000000000000e+00 1.500000000000000000e+01 4.000000000000000000e+00 0.000000000000000000e+00 1.600000000000000089e+00 -2.622000000000000199e-03 -2.605999999999999810e-03 9.999930000000000208e-01 3.226879999999999749e-01 -9.465040000000000120e-01 -1.619999999999999912e-03 9.465019999999999545e-01 3.226820000000000244e-01 3.322999999999999999e-03
1.500000000000000000e+01 1.500000000000000000e+01 4.000000000000000000e+00 0.000000000000000000e+00 1.600000000000000089e+00 2.442000000000000160e-03 7.015999999999999667e-03 9.999719999999999720e-01 3.214469999999999827e-01 -9.469100000000000295e-01 5.858999999999999625e-03 9.469250000000000167e-01 3.214230000000000143e-01 -4.568000000000000012e-03
2.300000000000000000e+01 1.500000000000000000e+01 4.000000000000000000e+00 0.000000000000000000e+00 1.600000000000000089e+00 -4.270000000000000358e-03 -9.620999999999999344e-03 9.999449999999999728e-01 3.200799999999999756e-01 -9.473589999999999511e-01 -7.748999999999999812e-03 9.473810000000000286e-01 3.200290000000000079e-01 7.125000000000000257e-03
2.800000000000000000e+01 1.500000000000000000e+01 4.000000000000000000e+00 0.000000000000000000e+00 1.600000000000000089e+00 -2.269999999999999882e-04 -8.042999999999999802e-03 9.999679999999999680e-01 3.172289999999999832e-01 -9.483190000000000230e-01 -7.555000000000000084e-03 9.483489999999999975e-01 3.172170000000000267e-01 2.766999999999999928e-03
8.000000000000000000e+00 1.600000000000000000e+01 4.000000000000000000e+00 0.000000000000000000e+00 1.600000000000000089e+00 -2.608000000000000075e-03 -2.981999999999999842e-03 9.999919999999999920e-01 3.960690000000000044e-01 -9.182190000000000074e-01 -1.704999999999999918e-03 9.182169999999999499e-01 3.960620000000000251e-01 3.576000000000000185e-03
1.400000000000000000e+01 1.600000000000000000e+01 4.000000000000000000e+00 0.000000000000000000e+00 1.600000000000000089e+00 1.307999999999999918e-03 5.734000000000000381e-03 9.999829999999999552e-01 3.936459999999999959e-01 -9.192500000000000115e-01 4.755999999999999811e-03 9.192609999999999948e-01 3.936330000000000107e-01 -3.459999999999999968e-03
2.000000000000000000e+00 1.010000000000000000e+02 7.000000000000000000e+00 0.000000000000000000e+00 1.600000000000000089e+00 3.337000000000000122e-03 4.183000000000000086e-03 9.999860000000000415e-01 8.846699999999999564e-01 4.661910000000000220e-01 -4.902000000000000107e-03 -4.662049999999999805e-01 8.846739999999999604e-01 -2.144000000000000072e-03
8.000000000000000000e+00 1.010000000000000000e+02 7.000000000000000000e+00 0.000000000000000000e+00 1.600000000000000089e+00 2.125000000000000153e-03 8.930000000000000221e-04 9.999970000000000248e-01 8.861860000000000293e-01 4.633249999999999869e-01 -2.296999999999999997e-03 -4.633260000000000156e-01 8.861879999999999757e-01 1.930000000000000021e-04
1.300000000000000000e+01 1.010000000000000000e+02 7.000000000000000000e+00 0.000000000000000000e+00 1.600000000000000089e+00 2.540999999999999856e-03 -1.531300000000000022e-02 9.998799999999999910e-01 8.866380000000000372e-01 4.624400000000000177e-01 4.828999999999999959e-03 -4.624579999999999802e-01 8.865189999999999459e-01 1.475199999999999949e-02
1.900000000000000000e+01 1.010000000000000000e+02 7.000000000000000000e+00 0.000000000000000000e+00 1.600000000000000089e+00 -6.170000000000000354e-04 -1.479899999999999965e-02 9.998899999999999455e-01 8.894440000000000124e-01 4.569860000000000033e-01 7.313000000000000056e-03 -4.570449999999999791e-01 8.893510000000000026e-01 1.288100000000000009e-02
2.300000000000000000e+01 1.010000000000000000e+02 7.000000000000000000e+00 0.000000000000000000e+00 1.600000000000000089e+00 1.142000000000000003e-03 -1.460999999999999972e-02 9.998930000000000318e-01 8.890400000000000524e-01 4.577950000000000075e-01 5.674000000000000224e-03 -4.578289999999999860e-01 8.889380000000000059e-01 1.351199999999999971e-02
3.000000000000000000e+00 2.500000000000000000e+01 8.000000000000000000e+00 0.000000000000000000e+00 1.600000000000000089e+00 -7.730000000000000326e-04 -1.110000000000000092e-03 -9.999989999999999712e-01 4.479020000000000223e-01 8.940820000000000434e-01 -1.337999999999999997e-03 8.940820000000000434e-01 -4.479029999999999956e-01 -1.939999999999999993e-04
7.000000000000000000e+00 2.500000000000000000e+01 8.000000000000000000e+00 0.000000000000000000e+00 1.600000000000000089e+00 -1.198000000000000063e-03 -5.010999999999999829e-03 -9.999869999999999592e-01 4.484739999999999838e-01 8.937819999999999654e-01 -5.015999999999999626e-03 8.937950000000000061e-01 -4.484750000000000125e-01 1.175999999999999962e-03
1.500000000000000000e+01 2.500000000000000000e+01 8.000000000000000000e+00 0.000000000000000000e+00 1.600000000000000089e+00 2.669999999999999847e-04 1.342000000000000094e-03 -9.999989999999999712e-01 4.499489999999999879e-01 8.930529999999999857e-01 1.319000000000000077e-03 8.930540000000000145e-01 -4.499489999999999879e-01 -3.649999999999999816e-04
2.000000000000000000e+01 2.500000000000000000e+01 8.000000000000000000e+00 0.000000000000000000e+00 1.600000000000000089e+00 2.760999999999999999e-03 1.108000000000000044e-03 -9.999959999999999960e-01 4.499750000000000139e-01 8.930390000000000272e-01 2.232000000000000043e-03 8.930369999999999697e-01 -4.499790000000000179e-01 1.966999999999999998e-03
2.600000000000000000e+01 2.500000000000000000e+01 8.000000000000000000e+00 0.000000000000000000e+00 1.600000000000000089e+00 -5.209999999999999788e-04 6.569000000000000186e-03 -9.999780000000000335e-01 4.443070000000000075e-01 8.958570000000000144e-01 5.654000000000000171e-03 8.958739999999999482e-01 -4.442949999999999955e-01 -3.384999999999999988e-03
3.000000000000000000e+01 2.500000000000000000e+01 8.000000000000000000e+00 0.000000000000000000e+00 1.600000000000000089e+00 -8.970000000000000109e-04 1.034799999999999956e-02 -9.999460000000000015e-01 4.430339999999999834e-01 8.964609999999999523e-01 8.880000000000000740e-03 8.965039999999999676e-01 -4.430020000000000069e-01 -5.388999999999999693e-03
7.000000000000000000e+00 2.400000000000000000e+01 9.000000000000000000e+00 0.000000000000000000e+00 1.600000000000000089e+00 -1.154000000000000078e-03 -5.693000000000000144e-03 -9.999829999999999552e-01 4.544329999999999758e-01 8.907629999999999715e-01 -5.595000000000000147e-03 8.907800000000000162e-01 -4.544320000000000026e-01 1.559000000000000056e-03
1.500000000000000000e+01 2.400000000000000000e+01 9.000000000000000000e+00 0.000000000000000000e+00 1.600000000000000089e+00 3.029999999999999924e-04 4.600000000000000139e-04 -1.000000000000000000e+00 4.548280000000000101e-01 8.905790000000000095e-01 5.479999999999999845e-04 8.905790000000000095e-01 -4.548280000000000101e-01 6.099999999999999872e-05
1.800000000000000000e+01 2.400000000000000000e+01 9.000000000000000000e+00 0.000000000000000000e+00 1.600000000000000089e+00 1.199999999999999895e-03 1.923999999999999929e-03 -9.999970000000000248e-01 4.554279999999999995e-01 8.902700000000000058e-01 2.259999999999999856e-03 8.902719999999999523e-01 -4.554300000000000015e-01 1.920000000000000049e-04
2.100000000000000000e+01 2.400000000000000000e+01 9.000000000000000000e+00 0.000000000000000000e+00 1.600000000000000089e+00 2.736000000000000151e-03 4.910000000000000085e-04 -9.999959999999999960e-01 4.550150000000000028e-01 8.904819999999999958e-01 1.681999999999999901e-03 8.904790000000000205e-01 -4.550179999999999780e-01 2.213999999999999822e-03
2.700000000000000000e+01 2.400000000000000000e+01 9.000000000000000000e+00 0.000000000000000000e+00 1.600000000000000089e+00 -3.460000000000000076e-04 9.197999999999999579e-03 -9.999580000000000135e-01 4.494890000000000274e-01 8.932489999999999597e-01 8.061000000000000457e-03 8.932860000000000245e-01 -4.494679999999999787e-01 -4.442999999999999901e-03
2.000000000000000000e+00 1.020000000000000000e+02 9.000000000000000000e+00 0.000000000000000000e+00 1.600000000000000089e+00 3.670999999999999784e-03 4.531999999999999570e-03 9.999829999999999552e-01 9.220789999999999820e-01 3.869679999999999787e-01 -5.139000000000000339e-03 -3.869850000000000234e-01 9.220819999999999572e-01 -2.758000000000000035e-03
3.000000000000000000e+00 3.100000000000000000e+01 1.200000000000000000e+01 0.000000000000000000e+00 1.600000000000000089e+00 -1.469999999999999953e-03 5.839999999999999922e-04 9.999989999999999712e-01 -8.906000000000000721e-03 9.999599999999999600e-01 -5.969999999999999829e-04 -9.999590000000000423e-01 -8.906999999999999987e-03 -1.464999999999999939e-03
1.200000000000000000e+01 3.100000000000000000e+01 1.200000000000000000e+01 0.000000000000000000e+00 1.600000000000000089e+00 4.319999999999999838e-04 -1.010000000000000047e-03 9.999989999999999712e-01 -1.037599999999999981e-02 9.999460000000000015e-01 1.013999999999999927e-03 -9.999460000000000015e-01 -1.037599999999999981e-02 4.220000000000000118e-04
2.900000000000000000e+01 3.100000000000000000e+01 1.200000000000000000e+01 0.000000000000000000e+00 1.600000000000000089e+00 3.444000000000000013e-03 -7.760999999999999670e-03 9.999639999999999640e-01 -7.655999999999999611e-03 9.999400000000000510e-01 7.786999999999999651e-03 -9.999649999999999928e-01 -7.681999999999999593e-03 3.384999999999999988e-03
7.000000000000000000e+00 3.500000000000000000e+01 1.200000000000000000e+01 0.000000000000000000e+00 1.600000000000000089e+00 -8.829999999999999958e-04 8.890000000000000333e-04 -9.999989999999999712e-01 5.144619999999999749e-01 -8.575120000000000520e-01 -1.216999999999999983e-03 -8.575120000000000520e-01 -5.144630000000000036e-01 2.999999999999999737e-04
1.100000000000000000e+01 3.500000000000000000e+01 1.200000000000000000e+01 0.000000000000000000e+00 1.600000000000000089e+00 -4.420000000000000101e-04 -1.886000000000000090e-03 -9.999980000000000535e-01 5.036739999999999551e-01 -8.638919999999999932e-01 1.405999999999999915e-03 -8.638930000000000220e-01 -5.036730000000000373e-01 1.332000000000000068e-03
1.500000000000000000e+01 3.500000000000000000e+01 1.200000000000000000e+01 0.000000000000000000e+00 1.600000000000000089e+00 6.068999999999999742e-03 -4.834999999999999888e-03 -9.999700000000000255e-01 4.968790000000000151e-01 -8.677899999999999503e-01 7.211000000000000396e-03 -8.677989999999999871e-01 -4.969080000000000163e-01 -2.863999999999999792e-03
2.000000000000000000e+01 3.500000000000000000e+01 1.200000000000000000e+01 0.000000000000000000e+00 1.600000000000000089e+00 6.650000000000000095e-04 -1.810000000000000085e-04 -1.000000000000000000e+00 5.104239999999999888e-01 -8.599229999999999929e-01 4.949999999999999973e-04 -8.599229999999999929e-01 -5.104239999999999888e-01 -4.789999999999999879e-04
2.400000000000000000e+01 3.500000000000000000e+01 1.200000000000000000e+01 0.000000000000000000e+00 1.600000000000000089e+00 -1.882999999999999908e-03 -3.530000000000000152e-04 -9.999980000000000535e-01 5.259700000000000486e-01 -8.505030000000000090e-01 -6.899999999999999667e-04 -8.505009999999999515e-01 -5.259709999999999663e-01 1.786999999999999960e-03
6.000000000000000000e+00 1.200000000000000000e+01 1.500000000000000000e+01 0.000000000000000000e+00 1.600000000000000089e+00 -1.800000000000000113e-04 6.799000000000000356e-03 -9.999770000000000048e-01 -4.697870000000000101e-01 -8.827599999999999891e-01 -5.917999999999999650e-03 -8.827800000000000091e-01 4.697749999999999981e-01 3.353000000000000078e-03
1.300000000000000000e+01 1.200000000000000000e+01 1.500000000000000000e+01 0.000000000000000000e+00 1.600000000000000089e+00 3.620000000000000171e-04 2.775000000000000123e-03 -9.999959999999999960e-01 -4.688459999999999850e-01 -8.832759999999999501e-01 -2.621000000000000066e-03 -8.832799999999999541e-01 4.688450000000000117e-01 9.810000000000001011e-04
1.900000000000000000e+01 1.200000000000000000e+01 1.500000000000000000e+01 0.000000000000000000e+00 1.600000000000000089e+00 3.440000000000000132e-04 -4.670999999999999805e-03 -9.999890000000000168e-01 -4.679099999999999926e-01 -8.837669999999999693e-01 3.967000000000000040e-03 -8.837760000000000060e-01 4.679030000000000133e-01 -2.488999999999999893e-03
2.400000000000000000e+01 1.200000000000000000e+01 1.500000000000000000e+01 0.000000000000000000e+00 1.600000000000000089e+00 -9.479999999999999495e-04 -2.802999999999999936e-03 -9.999959999999999960e-01 -4.666100000000000247e-01 -8.844589999999999952e-01 2.920999999999999985e-03 -8.844629999999999992e-01 4.666100000000000247e-01 -4.690000000000000158e-04
5.000000000000000000e+00 1.100000000000000000e+01 1.600000000000000000e+01 0.000000000000000000e+00 1.600000000000000089e+00 -5.199999999999999680e-05 4.589000000000000197e-03 -9.999900000000000455e-01 -4.116870000000000251e-01 -9.113160000000000149e-01 -4.159999999999999636e-03 -9.113250000000000517e-01 4.116830000000000211e-01 1.936999999999999920e-03
2.400000000000000000e+01 1.100000000000000000e+01 1.600000000000000000e+01 0.000000000000000000e+00 1.600000000000000089e+00 -4.539999999999999765e-04 -3.490000000000000047e-03 -9.999940000000000495e-01 -4.082839999999999803e-01 -9.128490000000000215e-01 3.370999999999999865e-03 -9.128549999999999720e-01 4.082830000000000070e-01 -1.010000000000000047e-03
2.800000000000000000e+01 1.100000000000000000e+01 1.600000000000000000e+01 0.000000000000000000e+00 1.600000000000000089e+00 6.019999999999999961e-04 -5.130000000000000011e-03 -9.999869999999999592e-01 -4.068729999999999847e-01 -9.134740000000000082e-01 4.440999999999999635e-03 -9.134839999999999627e-01 4.068649999999999767e-01 -2.638000000000000154e-03
2.000000000000000000e+00 1.160000000000000000e+02 1.600000000000000000e+01 0.000000000000000000e+00 1.600000000000000089e+00 5.969999999999999829e-04 -1.559999999999999972e-03 9.999989999999999712e-01 7.631139999999999590e-01 6.462630000000000319e-01 5.529999999999999976e-04 -6.462630000000000319e-01 7.631130000000000413e-01 1.575999999999999927e-03
6.000000000000000000e+00 1.160000000000000000e+02 1.600000000000000000e+01 0.000000000000000000e+00 1.600000000000000089e+00 -7.020000000000000415e-04 -2.015999999999999997e-03 9.999980000000000535e-01 7.524309999999999610e-01 6.586680000000000312e-01 1.856000000000000011e-03 -6.586699999999999777e-01 7.524309999999999610e-01 1.054999999999999948e-03
1.300000000000000000e+01 1.160000000000000000e+02 1.600000000000000000e+01 0.000000000000000000e+00 1.600000000000000089e+00 -2.157000000000000063e-03 -5.839999999999999922e-04 9.999970000000000248e-01 7.059940000000000104e-01 7.082150000000000389e-01 1.936000000000000004e-03 -7.082140000000000102e-01 7.059969999999999857e-01 -1.116000000000000021e-03
2.400000000000000000e+01 1.160000000000000000e+02 1.600000000000000000e+01 0.000000000000000000e+00 1.600000000000000089e+00 -2.869999999999999830e-04 4.539999999999999765e-04 1.000000000000000000e+00 7.595790000000000042e-01 6.504159999999999942e-01 -7.700000000000000139e-05 -6.504159999999999942e-01 7.595779999999999754e-01 -5.320000000000000293e-04
2.800000000000000000e+01 1.160000000000000000e+02 1.600000000000000000e+01 0.000000000000000000e+00 1.600000000000000089e+00 1.920000000000000049e-04 -2.200000000000000133e-03 9.999980000000000535e-01 7.689660000000000384e-01 6.392879999999999674e-01 1.258999999999999920e-03 -6.392889999999999961e-01 7.689639999999999809e-01 1.814999999999999990e-03
4.000000000000000000e+00 2.000000000000000000e+00 1.900000000000000000e+01 0.000000000000000000e+00 1.600000000000000089e+00 -6.319999999999999663e-04 1.546299999999999931e-02 -9.998799999999999910e-01 2.574569999999999914e-01 -9.661720000000000308e-01 -1.510399999999999937e-02 -9.662899999999999823e-01 -2.574359999999999982e-01 -3.370000000000000166e-03
7.000000000000000000e+00 2.000000000000000000e+00 1.900000000000000000e+01 0.000000000000000000e+00 1.600000000000000089e+00 3.902999999999999785e-03 1.802099999999999883e-02 -9.998299999999999965e-01 2.532949999999999924e-01 -9.672490000000000254e-01 -1.644500000000000128e-02 -9.673810000000000464e-01 -2.531869999999999954e-01 -8.340000000000000191e-03
1.600000000000000000e+01 2.000000000000000000e+00 1.900000000000000000e+01 0.000000000000000000e+00 1.600000000000000089e+00 5.399000000000000153e-03 1.605399999999999883e-02 -9.998569999999999958e-01 2.537650000000000183e-01 -9.671619999999999662e-01 -1.415899999999999971e-02 -9.672509999999999719e-01 -2.536519999999999886e-01 -9.296000000000000443e-03
2.400000000000000000e+01 2.000000000000000000e+00 1.900000000000000000e+01 0.000000000000000000e+00 1.600000000000000089e+00 -6.372000000000000060e-03 -2.539200000000000138e-02 -9.996570000000000178e-01 2.712339999999999751e-01 -9.622450000000000170e-01 2.271300000000000055e-02 -9.624920000000000142e-01 -2.709969999999999879e-01 1.301899999999999932e-02
1.000000000000000000e+01 4.000000000000000000e+00 2.000000000000000000e+01 0.000000000000000000e+00 1.600000000000000089e+00 9.759999999999999796e-04 6.118000000000000174e-03 -9.999810000000000088e-01 4.535049999999999915e-01 -8.912400000000000322e-01 -5.009999999999999697e-03 -8.912529999999999619e-01 -4.534909999999999775e-01 -3.644999999999999803e-03
4.000000000000000000e+00 1.300000000000000000e+01 2.000000000000000000e+01 0.000000000000000000e+00 1.600000000000000089e+00 5.000000000000000104e-04 2.196000000000000035e-03 9.999970000000000248e-01 2.571010000000000240e-01 9.663819999999999633e-01 -2.250999999999999963e-03 -9.663850000000000495e-01 2.571010000000000240e-01 -8.100000000000000375e-05
9.000000000000000000e+00 1.300000000000000000e+01 2.000000000000000000e+01 0.000000000000000000e+00 1.600000000000000089e+00 -6.819999999999999890e-04 5.357999999999999916e-03 9.999850000000000128e-01 2.589029999999999943e-01 9.658900000000000263e-01 -4.998999999999999971e-03 -9.659029999999999561e-01 2.588960000000000150e-01 -2.046000000000000076e-03
1.300000000000000000e+01 1.300000000000000000e+01 2.000000000000000000e+01 0.000000000000000000e+00 1.600000000000000089e+00 -2.979999999999999793e-04 -1.417999999999999990e-03 9.999989999999999712e-01 2.617650000000000254e-01 9.651309999999999611e-01 1.446000000000000020e-03 -9.651319999999999899e-01 2.617650000000000254e-01 8.399999999999999535e-05
2.000000000000000000e+01 1.300000000000000000e+01 2.000000000000000000e+01 0.000000000000000000e+00 1.600000000000000089e+00 5.699999999999999772e-04 -4.910000000000000085e-04 1.000000000000000000e+00 2.590439999999999965e-01 9.658649999999999736e-01 3.269999999999999795e-04 -9.658649999999999736e-01 2.590439999999999965e-01 6.780000000000000002e-04
2.500000000000000000e+01 1.300000000000000000e+01 2.000000000000000000e+01 0.000000000000000000e+00 1.600000000000000089e+00 7.039999999999999817e-04 1.245000000000000013e-03 9.999989999999999712e-01 2.596169999999999867e-01 9.657109999999999861e-01 -1.384999999999999946e-03 -9.657109999999999861e-01 2.596169999999999867e-01 3.570000000000000040e-04
3.000000000000000000e+00 1.600000000000000000e+01 2.100000000000000000e+01 0.000000000000000000e+00 1.600000000000000089e+00 2.930000000000000204e-04 2.897999999999999968e-03 9.999959999999999960e-01 2.995639999999999969e-01 9.540720000000000312e-01 -2.851999999999999934e-03 -9.540760000000000352e-01 2.995639999999999969e-01 -5.890000000000000053e-04
4.000000000000000000e+00 3.000000000000000000e+00 2.500000000000000000e+01 0.000000000000000000e+00 1.600000000000000089e+00 -1.510000000000000112e-04 5.869000000000000085e-03 9.999829999999999552e-01 -3.082700000000000023e-02 -9.995079999999999520e-01 5.862000000000000023e-03 9.995249999999999968e-01 -3.082599999999999923e-02 3.319999999999999926e-04
1.300000000000000000e+01 3.000000000000000000e+00 2.500000000000000000e+01 0.000000000000000000e+00 1.600000000000000089e+00 -9.350000000000000672e-03 -2.534999999999999927e-03 9.999529999999999808e-01 -3.682799999999999963e-02 -9.993170000000000108e-01 -2.876999999999999783e-03 9.992779999999999996e-01 -3.685299999999999687e-02 9.249999999999999542e-03
1.900000000000000000e+01 3.000000000000000000e+00 2.500000000000000000e+01 0.000000000000000000e+00 1.600000000000000089e+00 -2.380000000000000117e-04 6.616000000000000353e-03 9.999780000000000335e-01 -3.330500000000000127e-02 -9.994229999999999503e-01 6.603999999999999627e-03 9.994450000000000278e-01 -3.330299999999999927e-02 4.580000000000000195e-04
2.900000000000000000e+01 3.000000000000000000e+00 2.500000000000000000e+01 0.000000000000000000e+00 1.600000000000000089e+00 -1.949999999999999910e-03 -2.422999999999999807e-03 9.999949999999999672e-01 -5.069499999999999701e-02 -9.987110000000000154e-01 -2.518999999999999972e-03 9.987120000000000442e-01 -5.070000000000000201e-02 1.825000000000000016e-03
2.300000000000000000e+01 4.600000000000000000e+01 3.000000000000000000e+01 0.000000000000000000e+00 1.600000000000000089e+00 -9.330000000000000186e-04 -1.054999999999999948e-03 -9.999989999999999712e-01 3.285170000000000035e-01 9.444970000000000310e-01 -1.302999999999999905e-03 9.444979999999999487e-01 -3.285179999999999767e-01 -5.349999999999999938e-04
2.900000000000000000e+01 4.600000000000000000e+01 3.000000000000000000e+01 0.000000000000000000e+00 1.600000000000000089e+00 4.002000000000000349e-03 4.357999999999999895e-03 -9.999829999999999552e-01 3.278139999999999943e-01 9.447269999999999834e-01 5.429999999999999931e-03 9.447339999999999627e-01 -3.278300000000000103e-01 2.351999999999999924e-03
6.000000000000000000e+00 5.800000000000000000e+01 3.100000000000000000e+01 0.000000000000000000e+00 1.600000000000000089e+00 -3.814000000000000116e-03 -1.755000000000000050e-03 9.999909999999999632e-01 -7.690339999999999954e-01 -6.391949999999999577e-01 -4.054999999999999577e-03 6.391959999999999864e-01 -7.690430000000000321e-01 1.087999999999999991e-03
1.600000000000000000e+01 5.800000000000000000e+01 3.100000000000000000e+01 0.000000000000000000e+00 1.600000000000000089e+00 4.310000000000000137e-04 4.921000000000000027e-03 9.999879999999999880e-01 -7.706349999999999589e-01 -6.372679999999999456e-01 3.468000000000000162e-03 6.372769999999999824e-01 -7.706269999999999509e-01 3.517999999999999860e-03
2.400000000000000000e+01 5.800000000000000000e+01 3.100000000000000000e+01 0.000000000000000000e+00 1.600000000000000089e+00 -1.526000000000000013e-03 -3.275999999999999832e-03 9.999930000000000208e-01 -7.668430000000000524e-01 -6.418270000000000364e-01 -3.272999999999999868e-03 6.418329999999999869e-01 -7.668430000000000524e-01 -1.533000000000000074e-03
2.800000000000000000e+01 5.800000000000000000e+01 3.100000000000000000e+01 0.000000000000000000e+00 1.600000000000000089e+00 -1.619999999999999912e-03 -3.373000000000000130e-03 9.999930000000000208e-01 -7.672550000000000203e-01 -6.413330000000000419e-01 -3.406000000000000173e-03 6.413400000000000212e-01 -7.672550000000000203e-01 -1.549000000000000030e-03
3.000000000000000000e+00 4.600000000000000000e+01 3.500000000000000000e+01 0.000000000000000000e+00 1.600000000000000089e+00 -8.199999999999999824e-04 -1.463000000000000108e-03 -9.999989999999999712e-01 3.938719999999999999e-01 -9.191650000000000098e-01 1.021999999999999905e-03 -9.191650000000000098e-01 -3.938699999999999979e-01 1.330000000000000019e-03
7.000000000000000000e+00 4.600000000000000000e+01 3.500000000000000000e+01 0.000000000000000000e+00 1.600000000000000089e+00 -4.009999999999999893e-04 -1.549999999999999946e-03 -9.999989999999999712e-01 3.929369999999999807e-01 -9.195640000000000480e-01 1.268000000000000030e-03 -9.195649999999999658e-01 -3.929360000000000075e-01 9.779999999999999197e-04
1.000000000000000000e+01 4.600000000000000000e+01 3.500000000000000000e+01 0.000000000000000000e+00 1.600000000000000089e+00 3.099999999999999999e-04 -3.036000000000000070e-03 -9.999949999999999672e-01 3.928400000000000225e-01 -9.196020000000000305e-01 2.913999999999999924e-03 -9.196069999999999522e-01 -3.928389999999999938e-01 9.079999999999999530e-04
1.600000000000000000e+01 4.600000000000000000e+01 3.500000000000000000e+01 0.000000000000000000e+00 1.600000000000000089e+00 1.825000000000000016e-03 -1.222999999999999912e-03 -9.999980000000000535e-01 3.933530000000000082e-01 -9.193860000000000365e-01 1.842000000000000104e-03 -9.193860000000000365e-01 -3.933550000000000102e-01 -1.196000000000000014e-03
2.400000000000000000e+01 4.600000000000000000e+01 3.500000000000000000e+01 0.000000000000000000e+00 1.600000000000000089e+00 3.800000000000000209e-04 -1.036000000000000029e-03 -9.999989999999999712e-01 3.927120000000000055e-01 -9.196609999999999507e-01 1.101999999999999898e-03 -9.196609999999999507e-01 -3.927129999999999788e-01 5.700000000000000314e-05
2.800000000000000000e+01 4.600000000000000000e+01 3.500000000000000000e+01 0.000000000000000000e+00 1.600000000000000089e+00 7.499999999999999343e-05 4.690000000000000158e-04 -1.000000000000000000e+00 3.905420000000000003e-01 -9.205849999999999866e-01 -4.029999999999999837e-04 -9.205849999999999866e-01 -3.905420000000000003e-01 -2.519999999999999996e-04
1.000000000000000000e+00 9.500000000000000000e+01 3.600000000000000000e+01 0.000000000000000000e+00 1.600000000000000089e+00 1.057999999999999913e-03 -8.479000000000000425e-03 9.999630000000000463e-01 9.970480000000000453e-01 7.678000000000000103e-02 -4.040000000000000080e-04 -7.677399999999999503e-02 9.970120000000000093e-01 8.536000000000000185e-03
8.000000000000000000e+00 9.500000000000000000e+01 3.600000000000000000e+01 0.000000000000000000e+00 1.600000000000000089e+00 8.429999999999999993e-04 -7.485000000000000334e-03 9.999719999999999720e-01 9.971649999999999681e-01 7.524599999999999345e-02 -2.779999999999999811e-04 -7.524200000000000332e-02 9.971370000000000511e-01 7.526999999999999837e-03
2.000000000000000000e+00 3.000000000000000000e+00 4.300000000000000000e+01 0.000000000000000000e+00 1.600000000000000089e+00 3.886000000000000131e-03 -3.710000000000000190e-03 -9.999850000000000128e-01 7.310630000000000184e-01 -6.822890000000000343e-01 5.372000000000000039e-03 -6.822989999999999888e-01 -7.310729999999999729e-01 6.099999999999999872e-05
6.000000000000000000e+00 3.000000000000000000e+00 4.300000000000000000e+01 0.000000000000000000e+00 1.600000000000000089e+00 2.403999999999999887e-03 -1.466999999999999988e-03 -9.999959999999999960e-01 7.303650000000000420e-01 -6.830519999999999925e-01 2.756999999999999902e-03 -6.830530000000000213e-01 -7.303690000000000460e-01 -5.710000000000000015e-04
1.000000000000000000e+01 3.000000000000000000e+00 4.300000000000000000e+01 0.000000000000000000e+00 1.600000000000000089e+00 2.393000000000000162e-03 -1.073999999999999955e-02 -9.999390000000000223e-01 7.355570000000000164e-01 -6.774019999999999486e-01 9.036000000000000629e-03 -6.774580000000000046e-01 -7.355340000000000211e-01 6.278999999999999859e-03
1.400000000000000000e+01 3.000000000000000000e+00 4.300000000000000000e+01 0.000000000000000000e+00 1.600000000000000089e+00 -1.190000000000000058e-04 -3.179400000000000281e-02 -9.994939999999999936e-01 7.441429999999999989e-01 -6.676860000000000017e-01 2.115099999999999966e-02 -6.680209999999999759e-01 -7.437639999999999807e-01 2.373899999999999968e-02
1.600000000000000000e+01 3.000000000000000000e+00 4.300000000000000000e+01 0.000000000000000000e+00 1.600000000000000089e+00 -4.031999999999999994e-03 -2.844500000000000153e-02 -9.995870000000000033e-01 7.481179999999999497e-01 -6.633759999999999657e-01 1.585999999999999910e-02 -6.635539999999999772e-01 -7.477449999999999930e-01 2.395500000000000060e-02
2.300000000000000000e+01 3.000000000000000000e+00 4.300000000000000000e+01 0.000000000000000000e+00 1.600000000000000089e+00 -1.012000000000000096e-03 2.319099999999999981e-02 -9.997310000000000363e-01 7.539280000000000426e-01 -6.567619999999999569e-01 -1.599799999999999833e-02 -6.569559999999999844e-01 -7.537409999999999943e-01 -1.682000000000000162e-02
5.000000000000000000e+00 8.000000000000000000e+00 4.400000000000000000e+01 0.000000000000000000e+00 1.600000000000000089e+00 -2.239999999999999804e-03 5.513999999999999804e-03 9.999820000000000375e-01 -7.820989999999999887e-01 -6.231520000000000392e-01 1.683999999999999950e-03 6.231499999999999817e-01 -7.820810000000000262e-01 5.708000000000000400e-03
1.600000000000000000e+01 8.000000000000000000e+00 4.400000000000000000e+01 0.000000000000000000e+00 1.600000000000000089e+00 -4.976999999999999653e-03 -1.159999999999999920e-02 9.999200000000000310e-01 -7.839850000000000430e-01 -6.206810000000000382e-01 -1.110300000000000002e-02 6.207599999999999785e-01 -7.839770000000000350e-01 -6.004999999999999921e-03
2.300000000000000000e+01 8.000000000000000000e+00 4.400000000000000000e+01 0.000000000000000000e+00 1.600000000000000089e+00 2.361999999999999950e-03 5.316000000000000413e-03 9.999829999999999552e-01 -7.894010000000000193e-01 -6.138559999999999572e-01 5.127999999999999746e-03 6.138730000000000020e-01 -7.893999999999999906e-01 2.746999999999999876e-03
2.700000000000000000e+01 8.000000000000000000e+00 4.400000000000000000e+01 0.000000000000000000e+00 1.600000000000000089e+00 4.281000000000000083e-03 5.751000000000000036e-03 9.999740000000000295e-01 -7.880890000000000395e-01 -6.155220000000000136e-01 6.912999999999999874e-03 6.155460000000000376e-01 -7.880989999999999940e-01 1.897000000000000032e-03
4.000000000000000000e+00 2.900000000000000000e+01 4.400000000000000000e+01 0.000000000000000000e+00 1.600000000000000089e+00 2.465000000000000177e-03 2.413999999999999913e-03 -9.999940000000000495e-01 6.495349999999999735e-01 7.603239999999999998e-01 3.436999999999999951e-03 7.603280000000000038e-01 -6.495400000000000063e-01 3.060000000000000111e-04
6.000000000000000000e+00 2.900000000000000000e+01 4.400000000000000000e+01 0.000000000000000000e+00 1.600000000000000089e+00 1.198000000000000063e-03 1.768000000000000040e-03 -9.999980000000000535e-01 6.500080000000000302e-01 7.599240000000000439e-01 2.122000000000000188e-03 7.599259999999999904e-01 -6.500099999999999767e-01 -2.390000000000000089e-04
1.200000000000000000e+01 2.900000000000000000e+01 4.400000000000000000e+01 0.000000000000000000e+00 1.600000000000000089e+00 -2.357000000000000154e-03 3.269999999999999795e-04 -9.999970000000000248e-01 6.486070000000000446e-01 7.611219999999999652e-01 -1.280000000000000105e-03 7.611200000000000188e-01 -6.486079999999999623e-01 -2.005999999999999971e-03
1.700000000000000000e+01 2.900000000000000000e+01 4.400000000000000000e+01 0.000000000000000000e+00 1.600000000000000089e+00 1.056999999999999997e-03 -4.490000000000000176e-04 -9.999989999999999712e-01 6.517060000000000075e-01 7.584720000000000351e-01 3.480000000000000020e-04 7.584710000000000063e-01 -6.517049999999999788e-01 1.093999999999999920e-03
2.600000000000000000e+01 2.900000000000000000e+01 4.400000000000000000e+01 0.000000000000000000e+00 1.600000000000000089e+00 6.390000000000000280e-04 6.179999999999999513e-04 -1.000000000000000000e+00 6.559049999999999603e-01 7.548430000000000417e-01 8.850000000000000444e-04 7.548430000000000417e-01 -6.559059999999999890e-01 7.700000000000000139e-05
3.000000000000000000e+01 2.900000000000000000e+01 4.400000000000000000e+01 0.000000000000000000e+00 1.600000000000000089e+00 -9.439999999999999607e-04 -4.330000000000000081e-04 -9.999989999999999712e-01 6.563020000000000520e-01 7.544969999999999732e-01 -9.470000000000000336e-04 7.544969999999999732e-01 -6.563029999999999697e-01 -4.279999999999999950e-04
5.000000000000000000e+00 6.500000000000000000e+01 4.600000000000000000e+01 0.000000000000000000e+00 1.600000000000000089e+00 -2.149999999999999947e-04 -4.600000000000000139e-04 1.000000000000000000e+00 6.812099999999999822e-01 -7.320879999999999610e-01 -1.900000000000000105e-04 7.320879999999999610e-01 6.812099999999999822e-01 4.710000000000000102e-04
1.900000000000000000e+01 7.000000000000000000e+01 4.700000000000000000e+01 0.000000000000000000e+00 1.600000000000000089e+00 1.843999999999999936e-03 -5.932999999999999906e-03 -9.999810000000000088e-01 -8.427639999999999576e-01 -5.382810000000000095e-01 1.639999999999999965e-03 -5.382799999999999807e-01 8.427449999999999664e-01 -5.993000000000000063e-03
1.000000000000000000e+01 5.000000000000000000e+00 5.100000000000000000e+01 0.000000000000000000e+00 1.600000000000000089e+00 3.462999999999999932e-03 -2.677999999999999825e-03 -9.999900000000000455e-01 4.794869999999999965e-01 -8.775399999999999867e-01 4.009999999999999676e-03 -8.775420000000000442e-01 -4.794970000000000065e-01 -1.755000000000000050e-03
1.400000000000000000e+01 5.000000000000000000e+00 5.100000000000000000e+01 0.000000000000000000e+00 1.600000000000000089e+00 -2.602999999999999845e-03 -1.465499999999999962e-02 -9.998890000000000278e-01 4.785690000000000222e-01 -8.779730000000000034e-01 1.162200000000000039e-02 -8.780459999999999932e-01 -4.784860000000000224e-01 9.298999999999999974e-03
2.000000000000000000e+01 5.000000000000000000e+00 5.100000000000000000e+01 0.000000000000000000e+00 1.600000000000000089e+00 1.925999999999999978e-03 5.087000000000000376e-03 -9.999850000000000128e-01 4.727899999999999880e-01 -8.811679999999999513e-01 -3.570999999999999956e-03 -8.811729999999999841e-01 -4.727759999999999740e-01 -4.101999999999999744e-03
2.200000000000000000e+01 1.150000000000000000e+02 5.100000000000000000e+01 0.000000000000000000e+00 1.600000000000000089e+00 6.579999999999999478e-04 2.329999999999999986e-04 1.000000000000000000e+00 8.484099999999999975e-01 -5.293390000000000040e-01 -4.350000000000000026e-04 5.293390000000000040e-01 8.484099999999999975e-01 -5.460000000000000443e-04
2.000000000000000000e+00 6.300000000000000000e+01 5.400000000000000000e+01 0.000000000000000000e+00 1.600000000000000089e+00 -1.900999999999999912e-03 -4.035000000000000392e-03 9.999900000000000455e-01 -3.486759999999999859e-01 9.372380000000000155e-01 3.118999999999999811e-03 -9.372409999999999908e-01 -3.486670000000000047e-01 -3.188999999999999994e-03
8.000000000000000000e+00 6.300000000000000000e+01 5.400000000000000000e+01 0.000000000000000000e+00 1.600000000000000089e+00 -1.199999999999999895e-03 4.219999999999999793e-03 9.999900000000000455e-01 -3.408909999999999996e-01 9.400929999999999565e-01 -4.375999999999999682e-03 -9.401019999999999932e-01 -3.408930000000000016e-01 3.110000000000000243e-04
1.500000000000000000e+01 6.300000000000000000e+01 5.400000000000000000e+01 0.000000000000000000e+00 1.600000000000000089e+00 9.849999999999999815e-04 -4.719999999999999803e-04 9.999989999999999712e-01 -3.351790000000000047e-01 9.421540000000000470e-01 7.749999999999999728e-04 -9.421540000000000470e-01 -3.351799999999999780e-01 7.699999999999999597e-04
2.000000000000000000e+01 6.300000000000000000e+01 5.400000000000000000e+01 0.000000000000000000e+00 1.600000000000000089e+00 1.698000000000000074e-03 -9.049999999999999885e-04 9.999980000000000535e-01 -3.400460000000000149e-01 9.404080000000000217e-01 1.428999999999999932e-03 -9.404069999999999929e-01 -3.400480000000000169e-01 1.288999999999999998e-03
2.500000000000000000e+01 6.300000000000000000e+01 5.400000000000000000e+01 0.000000000000000000e+00 1.600000000000000089e+00 1.786000000000000044e-03 1.191000000000000001e-03 9.999980000000000535e-01 -3.473490000000000189e-01 9.377360000000000140e-01 -4.970000000000000459e-04 -9.377339999999999565e-01 -3.473470000000000169e-01 2.088000000000000012e-03
6.000000000000000000e+00 2.500000000000000000e+01 5.500000000000000000e+01 0.000000000000000000e+00 1.600000000000000089e+00 -4.020000000000000136e-04 -8.399999999999999535e-05 -1.000000000000000000e+00 -1.171600000000000072e-02 -9.999310000000000143e-01 8.899999999999999491e-05 -9.999310000000000143e-01 1.171600000000000072e-02 4.009999999999999893e-04
1.000000000000000000e+01 2.500000000000000000e+01 5.500000000000000000e+01 0.000000000000000000e+00 1.600000000000000089e+00 1.528999999999999977e-03 -2.102000000000000136e-03 -9.999970000000000248e-01 -1.194600000000000002e-02 -9.999259999999999815e-01 2.083000000000000216e-03 -9.999270000000000103e-01 1.194300000000000049e-02 -1.554000000000000043e-03
1.300000000000000000e+01 2.500000000000000000e+01 5.500000000000000000e+01 0.000000000000000000e+00 1.600000000000000089e+00 1.631999999999999987e-03 6.930000000000000396e-04 -9.999980000000000535e-01 -1.269400000000000042e-02 -9.999190000000000023e-01 -7.140000000000000079e-04 -9.999179999999999735e-01 1.269499999999999969e-02 -1.623000000000000094e-03
1.900000000000000000e+01 2.500000000000000000e+01 5.500000000000000000e+01 0.000000000000000000e+00 1.600000000000000089e+00 9.950000000000000077e-04 4.457000000000000024e-03 -9.999900000000000455e-01 -9.990999999999999881e-03 -9.999400000000000510e-01 -4.466999999999999617e-03 -9.999500000000000055e-01 9.995000000000000412e-03 -9.510000000000000224e-04
8.000000000000000000e+00 2.100000000000000000e+01 6.000000000000000000e+01 0.000000000000000000e+00 1.600000000000000089e+00 9.250000000000000409e-04 -7.682999999999999725e-03 9.999700000000000255e-01 -9.451900000000000579e-02 9.954929999999999612e-01 7.735999999999999821e-03 -9.955230000000000468e-01 -9.452399999999999691e-02 1.949999999999999965e-04
1.700000000000000000e+01 2.100000000000000000e+01 6.000000000000000000e+01 0.000000000000000000e+00 1.600000000000000089e+00 1.930000000000000021e-04 -1.628000000000000107e-03 9.999989999999999712e-01 -9.524100000000000621e-02 9.954530000000000323e-01 1.639000000000000049e-03 -9.954539999999999500e-01 -9.524100000000000621e-02 3.699999999999999811e-05
2.100000000000000000e+01 2.100000000000000000e+01 6.000000000000000000e+01 0.000000000000000000e+00 1.600000000000000089e+00 -7.720000000000000083e-04 -5.739999999999999660e-04 1.000000000000000000e+00 -9.469500000000000139e-02 9.955060000000000020e-01 4.979999999999999618e-04 -9.955060000000000020e-01 -9.469400000000000039e-02 -8.229999999999999469e-04
2.400000000000000000e+01 2.100000000000000000e+01 6.000000000000000000e+01 0.000000000000000000e+00 1.600000000000000089e+00 -1.735999999999999913e-03 -3.575000000000000053e-03 9.999919999999999920e-01 -9.548600000000000143e-02 9.954250000000000043e-01 3.393000000000000183e-03 -9.954290000000000083e-01 -9.547899999999999443e-02 -2.069999999999999792e-03
