5.000000000000000000e+00 2.500000000000000000e+01 1.000000000000000000e+00 0.000000000000000000e+00 1.600000000000000089e+00 1.097000000000000102e-03 -9.291999999999999912e-03 -9.999559999999999560e-01 -5.264720000000000510e-01 -8.501609999999999445e-01 7.322000000000000383e-03 -8.501919999999999478e-01 5.264410000000000478e-01 -5.825000000000000316e-03
2.700000000000000000e+01 2.500000000000000000e+01 1.000000000000000000e+00 0.000000000000000000e+00 1.600000000000000089e+00 -2.827000000000000086e-03 -1.271100000000000008e-02 -9.999149999999999983e-01 -5.293120000000000047e-01 -8.483380000000000365e-01 1.228100000000000025e-02 -8.484220000000000095e-01 5.293020000000000502e-01 -4.329999999999999648e-03
8.000000000000000000e+00 1.500000000000000000e+01 4.000000000000000000e+00 0.000000000000000000e+00 1.600000000000000089e+00 2.622999999999999898e-03 1.076399999999999926e-02 9.999390000000000223e-01 3.200709999999999944e-01 -9.473470000000000502e-01 9.357999999999999999e-03 9.473899999999999544e-01 3.200270000000000059e-01 -5.930000000000000375e-03
1.500000000000000000e+01 1.500000000000000000e+01 4.000000000000000000e+00 0.000000000000000000e+00 1.600000000000000089e+00 -6.780000000000000002e-04 -2.722000000000000027e-03 9.999959999999999960e-01 3.266169999999999907e-01 -9.451540000000000497e-01 -2.350999999999999791e-03 9.451570000000000249e-01 3.266140000000000154e-01 1.529999999999999893e-03
2.000000000000000000e+01 1.500000000000000000e+01 4.000000000000000000e+00 0.000000000000000000e+00 1.600000000000000089e+00 -1.050000000000000044e-04 -6.583999999999999575e-03 9.999780000000000335e-01 3.198170000000000179e-01 -9.474590000000000511e-01 -6.204999999999999578e-03 9.474789999999999601e-01 3.198090000000000099e-01 2.204999999999999929e-03
2.500000000000000000e+01 1.500000000000000000e+01 4.000000000000000000e+00 0.000000000000000000e+00 1.600000000000000089e+00 1.322000000000000041e-03 -3.327999999999999795e-03 9.999940000000000495e-01 3.133299999999999974e-01 -9.496369999999999534e-01 -3.575000000000000053e-03 9.496430000000000149e-01 3.133329999999999727e-01 -2.120000000000000031e-04
2.700000000000000000e+01 1.600000000000000000e+01 4.000000000000000000e+00 0.000000000000000000e+00 1.600000000000000089e+00 1.131999999999999977e-03 -2.893000000000000172e-03 9.999949999999999672e-01 3.896089999999999831e-01 -9.209749999999999881e-01 -3.105999999999999820e-03 9.209800000000000209e-01 3.896100000000000119e-01 8.500000000000000611e-05
7.000000000000000000e+00 1.010000000000000000e+02 7.000000000000000000e+00 0.000000000000000000e+00 1.600000000000000089e+00 -1.284999999999999901e-03 1.387999999999999998e-02 9.999029999999999863e-01 8.918869999999999854e-01 4.522289999999999921e-01 -5.131000000000000144e-03 -4.522570000000000201e-01 8.917939999999999756e-01 -1.296100000000000030e-02
2.200000000000000000e+01 1.010000000000000000e+02 7.000000000000000000e+00 0.000000000000000000e+00 1.600000000000000089e+00 1.268500000000000009e-02 -1.552199999999999934e-02 9.997989999999999933e-01 8.710520000000000485e-01 4.911789999999999767e-01 -3.425999999999999792e-03 -4.910269999999999913e-01 8.709200000000000275e-01 1.975100000000000119e-02
2.000000000000000000e+00 2.500000000000000000e+01 8.000000000000000000e+00 0.000000000000000000e+00 1.600000000000000089e+00 -2.539000000000000024e-03 -5.614000000000000067e-03 -9.999810000000000088e-01 4.487430000000000030e-01 8.936399999999999899e-01 -6.156000000000000014e-03 8.936570000000000347e-01 -4.487499999999999822e-01 2.500000000000000052e-04
9.000000000000000000e+00 2.500000000000000000e+01 8.000000000000000000e+00 0.000000000000000000e+00 1.600000000000000089e+00 -1.647999999999999942e-03 -3.399000000000000112e-03 -9.999930000000000208e-01 4.514460000000000139e-01 8.922909999999999453e-01 -3.776999999999999975e-03 8.922970000000000068e-01 -4.514489999999999892e-01 6.399999999999999710e-05
1.700000000000000000e+01 2.500000000000000000e+01 8.000000000000000000e+00 0.000000000000000000e+00 1.600000000000000089e+00 2.086999999999999880e-03 8.640999999999999376e-03 -9.999599999999999600e-01 4.512880000000000225e-01 8.923360000000000181e-01 8.652999999999999234e-03 8.923759999999999470e-01 -4.512880000000000225e-01 -2.037999999999999881e-03
2.700000000000000000e+01 2.500000000000000000e+01 8.000000000000000000e+00 0.000000000000000000e+00 1.600000000000000089e+00 -3.609999999999999928e-04 4.229000000000000120e-03 -9.999909999999999632e-01 4.525930000000000231e-01 8.917100000000000026e-01 3.608000000000000096e-03 8.917169999999999819e-01 -4.525879999999999903e-01 -2.236000000000000140e-03
3.000000000000000000e+01 2.500000000000000000e+01 8.000000000000000000e+00 0.000000000000000000e+00 1.600000000000000089e+00 5.739999999999999660e-04 -5.043999999999999873e-03 -9.999869999999999592e-01 4.525719999999999743e-01 8.917180000000000106e-01 -4.237999999999999580e-03 8.917279999999999651e-01 -4.525640000000000218e-01 2.794000000000000043e-03
2.000000000000000000e+00 2.400000000000000000e+01 9.000000000000000000e+00 0.000000000000000000e+00 1.600000000000000089e+00 -2.282999999999999873e-03 -9.896999999999999548e-03 -9.999479999999999480e-01 4.524929999999999786e-01 8.917140000000000066e-01 -9.858999999999999708e-03 8.917650000000000299e-01 -4.524920000000000053e-01 2.442999999999999859e-03
8.000000000000000000e+00 2.400000000000000000e+01 9.000000000000000000e+00 0.000000000000000000e+00 1.600000000000000089e+00 -1.776000000000000018e-03 -3.600000000000000227e-04 -9.999980000000000535e-01 4.547950000000000048e-01 8.905950000000000255e-01 -1.129000000000000012e-03 8.905939999999999968e-01 -4.547959999999999781e-01 -1.417999999999999990e-03
1.700000000000000000e+01 2.400000000000000000e+01 9.000000000000000000e+00 0.000000000000000000e+00 1.600000000000000089e+00 1.935000000000000088e-03 7.400000000000000328e-03 -9.999710000000000543e-01 4.551709999999999923e-01 8.903729999999999700e-01 7.470000000000000077e-03 8.904020000000000268e-01 -4.551720000000000210e-01 -1.644999999999999978e-03
2.100000000000000000e+01 2.400000000000000000e+01 9.000000000000000000e+00 0.000000000000000000e+00 1.600000000000000089e+00 1.479999999999999925e-04 7.784000000000000120e-03 -9.999700000000000255e-01 4.551439999999999930e-01 8.903900000000000148e-01 6.997999999999999880e-03 8.904180000000000428e-01 -4.551310000000000078e-01 -3.412000000000000102e-03
2.700000000000000000e+01 2.400000000000000000e+01 9.000000000000000000e+00 0.000000000000000000e+00 1.600000000000000089e+00 -2.570000000000000127e-04 3.382000000000000024e-03 -9.999940000000000495e-01 4.565620000000000234e-01 8.896870000000000056e-01 2.890999999999999907e-03 8.896920000000000384e-01 -4.565589999999999926e-01 -1.773000000000000053e-03
7.000000000000000000e+00 4.000000000000000000e+00 1.100000000000000000e+01 0.000000000000000000e+00 1.600000000000000089e+00 -4.307099999999999818e-02 8.117399999999999616e-02 -9.957690000000000152e-01 1.549689999999999956e-01 9.851729999999999654e-01 7.360700000000000576e-02 9.869799999999999685e-01 -1.511429999999999996e-01 -5.501199999999999840e-02
1.300000000000000000e+01 4.000000000000000000e+00 1.100000000000000000e+01 0.000000000000000000e+00 1.600000000000000089e+00 -6.235000000000000091e-03 -2.462500000000000105e-02 -9.996770000000000378e-01 2.400380000000000014e-01 9.704310000000000436e-01 -2.540099999999999997e-02 9.707440000000000513e-01 -2.401189999999999991e-01 -1.399999999999999877e-04
2.000000000000000000e+01 4.000000000000000000e+00 1.100000000000000000e+01 0.000000000000000000e+00 1.600000000000000089e+00 7.367000000000000284e-03 3.798599999999999893e-02 -9.992510000000000003e-01 2.370420000000000027e-01 9.707299999999999818e-01 3.864900000000000280e-02 9.714709999999999734e-01 -2.371499999999999997e-01 -1.853000000000000046e-03
2.600000000000000000e+01 4.000000000000000000e+00 1.100000000000000000e+01 0.000000000000000000e+00 1.600000000000000089e+00 7.905000000000000568e-03 6.900000000000000577e-02 -9.975850000000000550e-01 1.994579999999999964e-01 9.774610000000000243e-01 6.918900000000000050e-02 9.798750000000000515e-01 -1.995230000000000059e-01 -6.035999999999999699e-03
7.000000000000000000e+00 3.100000000000000000e+01 1.200000000000000000e+01 0.000000000000000000e+00 1.600000000000000089e+00 -2.527999999999999865e-03 -1.520799999999999930e-02 9.998810000000000198e-01 -1.259599999999999956e-02 9.998059999999999725e-01 1.517499999999999925e-02 -9.999169999999999447e-01 -1.255700000000000045e-02 -2.719000000000000063e-03
5.000000000000000000e+00 3.500000000000000000e+01 1.200000000000000000e+01 0.000000000000000000e+00 1.600000000000000089e+00 5.458000000000000178e-03 -6.190000000000000190e-03 -9.999660000000000215e-01 4.979669999999999930e-01 -8.671579999999999844e-01 8.085999999999999438e-03 -8.671790000000000331e-01 -4.979939999999999922e-01 -1.649999999999999991e-03
1.900000000000000000e+01 3.500000000000000000e+01 1.200000000000000000e+01 0.000000000000000000e+00 1.600000000000000089e+00 -8.120000000000000048e-04 6.882000000000000096e-03 -9.999759999999999760e-01 4.488099999999999867e-01 -8.936030000000000362e-01 -6.513999999999999825e-03 -8.936269999999999492e-01 -4.488050000000000095e-01 -2.364000000000000216e-03
2.000000000000000000e+00 3.200000000000000000e+01 1.400000000000000000e+01 0.000000000000000000e+00 1.600000000000000089e+00 8.880000000000000089e-04 4.220999999999999752e-02 -9.991079999999999961e-01 1.044989999999999947e-01 9.936350000000000460e-01 4.207199999999999829e-02 9.945249999999999924e-01 -1.044439999999999952e-01 -3.527999999999999886e-03
8.000000000000000000e+00 3.200000000000000000e+01 1.400000000000000000e+01 0.000000000000000000e+00 1.600000000000000089e+00 -6.689999999999999983e-04 -2.244300000000000114e-02 -9.997479999999999700e-01 1.067469999999999947e-01 9.940339999999999732e-01 -2.238599999999999965e-02 9.942860000000000031e-01 -1.067349999999999965e-01 1.730999999999999900e-03
8.000000000000000000e+00 1.200000000000000000e+01 1.500000000000000000e+01 0.000000000000000000e+00 1.600000000000000089e+00 1.856999999999999927e-03 6.616000000000000353e-03 -9.999759999999999760e-01 -4.798450000000000215e-01 -8.773279999999999967e-01 -6.695999999999999695e-03 -8.773520000000000207e-01 4.798459999999999948e-01 1.544999999999999932e-03
1.000000000000000000e+01 2.000000000000000000e+00 1.900000000000000000e+01 0.000000000000000000e+00 1.600000000000000089e+00 -1.631099999999999911e-02 2.570199999999999915e-02 -9.995370000000000088e-01 2.316410000000000136e-01 -9.723749999999999893e-01 -2.878400000000000056e-02 -9.726650000000000018e-01 -2.320029999999999870e-01 9.905999999999999875e-03
1.500000000000000000e+01 2.000000000000000000e+00 1.900000000000000000e+01 0.000000000000000000e+00 1.600000000000000089e+00 -3.233999999999999896e-03 2.835999999999999979e-03 -9.999909999999999632e-01 2.155030000000000001e-01 -9.764969999999999484e-01 -3.467000000000000030e-03 -9.764979999999999771e-01 -2.155120000000000091e-01 2.546999999999999785e-03
1.800000000000000000e+01 2.000000000000000000e+00 1.900000000000000000e+01 0.000000000000000000e+00 1.600000000000000089e+00 -7.200000000000000182e-05 5.206999999999999823e-03 -9.999860000000000415e-01 2.146260000000000112e-01 -9.766829999999999679e-01 -5.100999999999999632e-03 -9.766960000000000086e-01 -2.146240000000000092e-01 -1.046999999999999971e-03
2.600000000000000000e+01 2.000000000000000000e+00 1.900000000000000000e+01 0.000000000000000000e+00 1.600000000000000089e+00 5.942000000000000233e-03 -1.609199999999999867e-02 -9.998529999999999918e-01 1.986439999999999872e-01 -9.799250000000000460e-01 1.695199999999999832e-02 -9.800539999999999807e-01 -1.987150000000000027e-01 -2.625999999999999862e-03
6.000000000000000000e+00 3.000000000000000000e+00 1.900000000000000000e+01 0.000000000000000000e+00 1.600000000000000089e+00 2.105200000000000127e-02 3.985999999999999960e-02 -9.989839999999999831e-01 2.492610000000000103e-01 -9.678620000000000001e-01 -3.336499999999999883e-02 -9.682079999999999576e-01 -2.483049999999999979e-01 -3.031100000000000114e-02
7.000000000000000000e+00 4.000000000000000000e+00 2.000000000000000000e+01 0.000000000000000000e+00 1.600000000000000089e+00 -4.664999999999999876e-03 2.860800000000000148e-02 -9.995800000000000241e-01 2.953459999999999974e-01 -9.549590000000000023e-01 -2.870899999999999841e-02 -9.553789999999999782e-01 -2.953549999999999787e-01 -3.994000000000000154e-03
2.000000000000000000e+01 4.000000000000000000e+00 2.000000000000000000e+01 0.000000000000000000e+00 1.600000000000000089e+00 -2.321000000000000146e-03 3.552000000000000036e-03 -9.999909999999999632e-01 2.775279999999999969e-01 -9.607090000000000352e-01 -4.056999999999999842e-03 -9.607149999999999856e-01 -2.775349999999999762e-01 1.244000000000000097e-03
2.500000000000000000e+01 4.000000000000000000e+00 2.000000000000000000e+01 0.000000000000000000e+00 1.600000000000000089e+00 3.200999999999999852e-03 -5.774999999999999752e-03 -9.999780000000000335e-01 2.689110000000000111e-01 -9.631440000000000001e-01 6.422999999999999890e-03 -9.631600000000000161e-01 -2.689259999999999984e-01 -1.529999999999999893e-03
1.000000000000000000e+00 1.300000000000000000e+01 2.000000000000000000e+01 0.000000000000000000e+00 1.600000000000000089e+00 5.969999999999999829e-04 -7.505999999999999651e-03 9.999719999999999720e-01 2.508020000000000249e-01 9.680119999999999836e-01 7.115999999999999930e-03 -9.680379999999999541e-01 2.507900000000000129e-01 2.461000000000000080e-03
8.000000000000000000e+00 1.300000000000000000e+01 2.000000000000000000e+01 0.000000000000000000e+00 1.600000000000000089e+00 -2.102000000000000136e-03 -1.961900000000000102e-02 9.998050000000000548e-01 2.564409999999999745e-01 9.663629999999999720e-01 1.950199999999999850e-02 -9.665580000000000283e-01 2.564319999999999933e-01 3.000000000000000062e-03
1.700000000000000000e+01 1.300000000000000000e+01 2.000000000000000000e+01 0.000000000000000000e+00 1.600000000000000089e+00 1.644000000000000062e-03 1.872800000000000159e-02 9.998230000000000173e-01 2.564069999999999960e-01 9.663920000000000288e-01 -1.852399999999999880e-02 -9.665679999999999827e-01 2.563920000000000088e-01 -3.213000000000000144e-03
2.300000000000000000e+01 1.300000000000000000e+01 2.000000000000000000e+01 0.000000000000000000e+00 1.600000000000000089e+00 1.474999999999999966e-03 2.773999999999999990e-03 9.999949999999999672e-01 2.520069999999999810e-01 9.677210000000000534e-01 -3.056999999999999822e-03 -9.677240000000000286e-01 2.520100000000000118e-01 7.290000000000000473e-04
2.800000000000000000e+01 1.300000000000000000e+01 2.000000000000000000e+01 0.000000000000000000e+00 1.600000000000000089e+00 9.489999999999999738e-04 -1.041999999999999958e-03 9.999989999999999712e-01 2.505209999999999937e-01 9.681110000000000548e-01 7.709999999999999840e-04 -9.681110000000000548e-01 2.505200000000000204e-01 1.180000000000000059e-03
2.000000000000000000e+00 1.600000000000000000e+01 2.100000000000000000e+01 0.000000000000000000e+00 1.600000000000000089e+00 1.234999999999999987e-03 -3.026000000000000044e-03 9.999949999999999672e-01 2.978180000000000271e-01 9.546189999999999953e-01 2.520999999999999804e-03 -9.546219999999999706e-01 2.978140000000000231e-01 2.079999999999999818e-03
1.300000000000000000e+01 1.600000000000000000e+01 2.100000000000000000e+01 0.000000000000000000e+00 1.600000000000000089e+00 -6.440000000000000412e-04 -4.832999999999999623e-03 9.999879999999999880e-01 3.026739999999999986e-01 9.530819999999999848e-01 4.800999999999999712e-03 -9.530939999999999968e-01 3.026730000000000254e-01 8.490000000000000368e-04
1.700000000000000000e+01 1.600000000000000000e+01 2.100000000000000000e+01 0.000000000000000000e+00 1.600000000000000089e+00 -1.213000000000000102e-03 4.229000000000000120e-03 9.999900000000000455e-01 3.009080000000000088e-01 9.536459999999999937e-01 -3.667999999999999820e-03 -9.536520000000000552e-01 3.009009999999999740e-01 -2.429000000000000169e-03
2.400000000000000000e+01 1.600000000000000000e+01 2.100000000000000000e+01 0.000000000000000000e+00 1.600000000000000089e+00 1.636000000000000084e-03 9.859999999999998974e-04 9.999980000000000535e-01 2.984859999999999736e-01 9.544129999999999558e-01 -1.430000000000000064e-03 -9.544129999999999558e-01 2.984879999999999756e-01 1.266999999999999897e-03
2.900000000000000000e+01 1.600000000000000000e+01 2.100000000000000000e+01 0.000000000000000000e+00 1.600000000000000089e+00 1.234000000000000071e-03 -1.639999999999999965e-03 9.999980000000000535e-01 2.982909999999999728e-01 9.544740000000000446e-01 1.196999999999999930e-03 -9.544740000000000446e-01 2.982890000000000263e-01 1.667000000000000079e-03
1.400000000000000000e+01 3.000000000000000000e+00 2.500000000000000000e+01 0.000000000000000000e+00 1.600000000000000089e+00 3.095799999999999941e-02 9.709000000000000616e-03 9.994739999999999736e-01 -3.108299999999999952e-02 -9.994600000000000151e-01 1.067199999999999920e-02 9.990369999999999528e-01 -3.139700000000000130e-02 -3.064000000000000057e-02
2.100000000000000000e+01 3.000000000000000000e+00 2.500000000000000000e+01 0.000000000000000000e+00 1.600000000000000089e+00 1.564499999999999919e-02 3.703999999999999827e-03 9.998709999999999543e-01 -1.869200000000000028e-02 -9.998169999999999558e-01 3.996999999999999685e-03 9.997030000000000083e-01 -1.875200000000000131e-02 -1.557300000000000004e-02
3.000000000000000000e+00 4.000000000000000000e+00 2.500000000000000000e+01 0.000000000000000000e+00 1.600000000000000089e+00 4.222499999999999865e-02 4.618599999999999789e-02 9.980400000000000382e-01 -5.470359999999999667e-01 -8.348269999999999857e-01 6.177699999999999858e-02 8.360440000000000094e-01 -5.485719999999999485e-01 -9.985000000000000819e-03
1.900000000000000000e+01 4.600000000000000000e+01 2.700000000000000000e+01 0.000000000000000000e+00 1.600000000000000089e+00 -2.086999999999999880e-03 -2.413999999999999913e-03 -9.999949999999999672e-01 6.584349999999999925e-01 7.526310000000000500e-01 -3.190999999999999826e-03 7.526350000000000540e-01 -6.584379999999999677e-01 1.800000000000000046e-05
2.500000000000000000e+01 4.600000000000000000e+01 2.700000000000000000e+01 0.000000000000000000e+00 1.600000000000000089e+00 1.165999999999999936e-03 5.676999999999999755e-03 -9.999829999999999552e-01 6.597579999999999556e-01 7.514619999999999633e-01 5.035000000000000413e-03 7.514769999999999506e-01 -6.597530000000000339e-01 -2.869000000000000022e-03
1.400000000000000000e+01 1.100000000000000000e+01 3.000000000000000000e+01 0.000000000000000000e+00 1.600000000000000089e+00 6.747200000000000419e-02 8.324529999999999985e-01 5.499730000000000452e-01 -2.730409999999999782e-01 -5.147800000000000153e-01 8.126809999999999867e-01 9.596329999999999583e-01 -2.049980000000000135e-01 1.925600000000000089e-01
3.000000000000000000e+00 4.600000000000000000e+01 3.000000000000000000e+01 0.000000000000000000e+00 1.600000000000000089e+00 1.348999999999999939e-03 8.796999999999999265e-03 -9.999599999999999600e-01 3.244420000000000082e-01 9.458649999999999558e-01 8.758999999999999425e-03 9.459049999999999958e-01 -3.244409999999999794e-01 -1.577999999999999976e-03
2.000000000000000000e+00 5.800000000000000000e+01 3.100000000000000000e+01 0.000000000000000000e+00 1.600000000000000089e+00 7.919999999999999957e-03 1.787300000000000000e-02 9.998089999999999478e-01 -7.771770000000000067e-01 -6.290419999999999900e-01 1.740200000000000080e-02 6.292320000000000135e-01 -7.771660000000000235e-01 8.907999999999999252e-03
7.000000000000000000e+00 5.800000000000000000e+01 3.100000000000000000e+01 0.000000000000000000e+00 1.600000000000000089e+00 2.994999999999999832e-03 1.653699999999999962e-02 9.998590000000000533e-01 -7.743520000000000403e-01 -6.326260000000000217e-01 1.278299999999999922e-02 6.327479999999999771e-01 -7.742809999999999970e-01 1.091100000000000056e-02
1.100000000000000000e+01 5.800000000000000000e+01 3.100000000000000000e+01 0.000000000000000000e+00 1.600000000000000089e+00 -5.784000000000000079e-03 -7.828999999999999154e-03 9.999529999999999808e-01 -7.719359999999999555e-01 -6.356300000000000283e-01 -9.442000000000000740e-03 6.356739999999999613e-01 -7.719540000000000290e-01 -2.367000000000000180e-03
1.500000000000000000e+01 5.800000000000000000e+01 3.100000000000000000e+01 0.000000000000000000e+00 1.600000000000000089e+00 -3.690999999999999837e-03 -3.200000000000000153e-03 9.999879999999999880e-01 -7.708460000000000312e-01 -6.370029999999999859e-01 -4.883000000000000188e-03 6.370109999999999939e-01 -7.708549999999999569e-01 -1.160000000000000007e-04
2.200000000000000000e+01 5.800000000000000000e+01 3.100000000000000000e+01 0.000000000000000000e+00 1.600000000000000089e+00 5.263999999999999582e-03 3.274000000000000000e-03 9.999810000000000088e-01 -7.731550000000000367e-01 -6.341869999999999452e-01 6.146000000000000421e-03 6.341949999999999532e-01 -7.731729999999999992e-01 -8.069999999999999916e-04
2.700000000000000000e+01 5.800000000000000000e+01 3.100000000000000000e+01 0.000000000000000000e+00 1.600000000000000089e+00 2.412000000000000081e-03 3.828999999999999938e-03 9.999900000000000455e-01 -7.709129999999999594e-01 -6.369270000000000209e-01 4.297999999999999737e-03 6.369359999999999467e-01 -7.709150000000000169e-01 1.415000000000000025e-03
1.800000000000000000e+01 1.800000000000000000e+01 3.200000000000000000e+01 0.000000000000000000e+00 1.600000000000000089e+00 -8.790299999999999503e-02 6.698720000000000230e-01 7.372539999999999649e-01 -3.894199999999999884e-01 -7.043289999999999829e-01 5.935259999999999980e-01 9.168560000000000043e-01 -2.349289999999999989e-01 3.227749999999999786e-01
1.900000000000000000e+01 1.900000000000000000e+01 3.300000000000000000e+01 0.000000000000000000e+00 1.600000000000000089e+00 -1.275409999999999877e-01 6.351560000000000539e-01 7.617810000000000414e-01 -5.165830000000000144e-01 -6.981929999999999525e-01 4.956490000000000062e-01 8.466850000000000209e-01 -3.303079999999999905e-01 4.171590000000000020e-01
4.000000000000000000e+00 4.200000000000000000e+01 3.400000000000000000e+01 0.000000000000000000e+00 1.600000000000000089e+00 -4.249000000000000173e-03 -1.998999999999999909e-03 -9.999890000000000168e-01 -3.007029999999999981e-01 9.537179999999999547e-01 -6.290000000000000018e-04 9.537080000000000002e-01 3.006969999999999921e-01 -4.653000000000000018e-03
9.000000000000000000e+00 4.200000000000000000e+01 3.400000000000000000e+01 0.000000000000000000e+00 1.600000000000000089e+00 4.027000000000000197e-03 1.479999999999999979e-03 -9.999909999999999632e-01 -2.948120000000000185e-01 9.555550000000000432e-01 2.269999999999999882e-04 9.555470000000000352e-01 2.948080000000000145e-01 4.283999999999999614e-03
4.000000000000000000e+00 4.600000000000000000e+01 3.500000000000000000e+01 0.000000000000000000e+00 1.600000000000000089e+00 4.264999999999999694e-03 5.285999999999999900e-03 -9.999770000000000048e-01 3.876809999999999978e-01 -9.217880000000000518e-01 -3.220000000000000206e-03 -9.217840000000000478e-01 -3.876580000000000026e-01 -5.981000000000000205e-03
8.000000000000000000e+00 4.600000000000000000e+01 3.500000000000000000e+01 0.000000000000000000e+00 1.600000000000000089e+00 -1.085999999999999943e-03 1.110700000000000055e-02 -9.999379999999999935e-01 3.870020000000000127e-01 -9.220169999999999755e-01 -1.066199999999999960e-02 -9.220779999999999532e-01 -3.869890000000000274e-01 -3.297000000000000017e-03
1.400000000000000000e+01 4.600000000000000000e+01 3.500000000000000000e+01 0.000000000000000000e+00 1.600000000000000089e+00 -6.300000000000000261e-04 3.944999999999999722e-03 -9.999919999999999920e-01 3.891560000000000019e-01 -9.211629999999999541e-01 -3.879000000000000069e-03 -9.211709999999999621e-01 -3.891560000000000019e-01 -9.550000000000000112e-04
2.200000000000000000e+01 4.600000000000000000e+01 3.500000000000000000e+01 0.000000000000000000e+00 1.600000000000000089e+00 4.960000000000000216e-04 8.350000000000000217e-04 -1.000000000000000000e+00 3.903499999999999748e-01 -9.206659999999999844e-01 -5.749999999999999903e-04 -9.206659999999999844e-01 -3.903499999999999748e-01 -7.829999999999999504e-04
2.600000000000000000e+01 4.600000000000000000e+01 3.500000000000000000e+01 0.000000000000000000e+00 1.600000000000000089e+00 2.103999999999999967e-03 3.469999999999999777e-04 -9.999980000000000535e-01 3.895419999999999994e-01 -9.210089999999999666e-01 5.000000000000000104e-04 -9.210059999999999913e-01 -3.895419999999999994e-01 -2.073000000000000190e-03
1.400000000000000000e+01 9.500000000000000000e+01 3.600000000000000000e+01 0.000000000000000000e+00 1.600000000000000089e+00 -5.969499999999999806e-02 5.102700000000000291e-02 9.969120000000000203e-01 9.958019999999999650e-01 7.247099999999999376e-02 5.591900000000000343e-02 -6.939399999999999735e-02 9.960639999999999494e-01 -5.513900000000000051e-02
2.900000000000000000e+01 9.500000000000000000e+01 3.600000000000000000e+01 0.000000000000000000e+00 1.600000000000000089e+00 2.060899999999999885e-02 2.860499999999999848e-02 9.993779999999999886e-01 9.968360000000000554e-01 7.616699999999999859e-02 -2.273700000000000027e-02 -7.677000000000000490e-02 9.966850000000000431e-01 -2.694500000000000020e-02
1.500000000000000000e+01 2.200000000000000000e+01 3.700000000000000000e+01 0.000000000000000000e+00 1.600000000000000089e+00 -1.559299999999999922e-02 6.317559999999999842e-01 -7.750099999999999767e-01 6.674790000000000445e-01 -5.705320000000000391e-01 -4.785030000000000117e-01 -7.444659999999999611e-01 -5.247640000000000082e-01 -4.127870000000000150e-01
2.000000000000000000e+00 2.300000000000000000e+01 3.700000000000000000e+01 0.000000000000000000e+00 1.600000000000000089e+00 -1.840829999999999966e-01 -7.249409999999999465e-01 6.637570000000000414e-01 7.391520000000000312e-01 3.430300000000000016e-01 5.796419999999999906e-01 -6.478949999999999987e-01 5.973190000000000444e-01 4.726960000000000051e-01
2.000000000000000000e+01 2.800000000000000000e+01 3.700000000000000000e+01 0.000000000000000000e+00 1.600000000000000089e+00 -2.416199999999999945e-02 -1.672240000000000115e-01 -9.856230000000000269e-01 -7.197329999999999561e-01 -6.813449999999999784e-01 1.332430000000000003e-01 -6.938299999999999468e-01 7.126050000000000439e-01 -1.038940000000000002e-01
7.000000000000000000e+00 3.700000000000000000e+01 3.800000000000000000e+01 0.000000000000000000e+00 1.600000000000000089e+00 4.782399999999999846e-02 -7.381999999999999673e-03 9.988280000000000491e-01 6.521200000000000330e-01 7.576829999999999954e-01 -2.562400000000000094e-02 -7.566060000000000008e-01 6.525809999999999667e-01 4.104900000000000215e-02
5.000000000000000000e+00 2.600000000000000000e+01 3.900000000000000000e+01 0.000000000000000000e+00 1.600000000000000089e+00 -1.540999999999999870e-01 -7.553299999999999459e-01 6.369690000000000074e-01 7.151619999999999644e-01 3.595559999999999867e-01 5.993849999999999456e-01 -6.817600000000000326e-01 5.479009999999999714e-01 4.847759999999999847e-01
6.000000000000000000e+00 2.700000000000000000e+01 4.000000000000000000e+01 0.000000000000000000e+00 1.600000000000000089e+00 -1.421060000000000101e-01 -7.911340000000000039e-01 5.949060000000000459e-01 7.120720000000000383e-01 3.357680000000000109e-01 6.166150000000000242e-01 -6.875750000000000473e-01 5.112400000000000277e-01 5.156290000000000040e-01
1.700000000000000000e+01 3.400000000000000000e+01 4.000000000000000000e+01 0.000000000000000000e+00 1.600000000000000089e+00 -1.393870000000000109e-01 3.820180000000000242e-01 -9.135830000000000339e-01 5.409890000000000532e-01 8.021150000000000224e-01 2.528670000000000084e-01 8.293989999999999974e-01 -4.589920000000000111e-01 -3.184719999999999773e-01
2.200000000000000000e+01 1.300000000000000000e+01 4.100000000000000000e+01 0.000000000000000000e+00 1.600000000000000089e+00 -4.605499999999999872e-02 1.380190000000000028e-01 9.893579999999999597e-01 -7.061910000000000132e-01 -7.049879999999999480e-01 6.547500000000000542e-02 7.065219999999999834e-01 -6.956599999999999451e-01 1.299359999999999959e-01
2.300000000000000000e+01 1.400000000000000000e+01 4.200000000000000000e+01 0.000000000000000000e+00 1.600000000000000089e+00 -5.940499999999999947e-02 1.249750000000000028e-01 9.903800000000000381e-01 -6.229510000000000325e-01 -7.798749999999999849e-01 6.104600000000000304e-02 7.800019999999999731e-01 -6.133319999999999883e-01 1.241809999999999997e-01
2.700000000000000000e+01 1.400000000000000000e+01 4.200000000000000000e+01 0.000000000000000000e+00 1.600000000000000089e+00 -2.101799999999999849e-02 7.764200000000000268e-02 9.967599999999999794e-01 -6.878020000000000245e-01 -7.246860000000000523e-01 4.194599999999999718e-02 7.255939999999999612e-01 -6.846919999999999673e-01 6.863400000000000056e-02
5.000000000000000000e+00 3.000000000000000000e+00 4.300000000000000000e+01 0.000000000000000000e+00 1.600000000000000089e+00 -2.125999999999999852e-03 2.599299999999999874e-02 -9.996599999999999930e-01 7.498700000000000365e-01 -6.613179999999999614e-01 -1.879099999999999868e-02 -6.615809999999999746e-01 -7.496549999999999603e-01 -1.808500000000000038e-02
1.000000000000000000e+01 3.000000000000000000e+00 4.300000000000000000e+01 0.000000000000000000e+00 1.600000000000000089e+00 4.279999999999999950e-04 2.769000000000000194e-03 -9.999959999999999960e-01 7.439710000000000489e-01 -6.682099999999999707e-01 -1.531000000000000026e-03 -6.682109999999999994e-01 -7.439679999999999627e-01 -2.345999999999999995e-03
2.400000000000000000e+01 3.000000000000000000e+00 4.300000000000000000e+01 0.000000000000000000e+00 1.600000000000000089e+00 4.979999999999999618e-04 1.020899999999999933e-02 -9.999479999999999480e-01 7.436530000000000085e-01 -6.685349999999999904e-01 -6.454999999999999800e-03 -6.685659999999999936e-01 -7.436110000000000220e-01 -7.924999999999999753e-03
2.800000000000000000e+01 3.000000000000000000e+00 4.300000000000000000e+01 0.000000000000000000e+00 1.600000000000000089e+00 6.819999999999999890e-04 2.125999999999999852e-03 -9.999970000000000248e-01 7.414809999999999457e-01 -6.709730000000000416e-01 -9.200000000000000278e-04 -6.709739999999999593e-01 -7.414779999999999704e-01 -2.033999999999999784e-03
1.400000000000000000e+01 8.000000000000000000e+00 4.400000000000000000e+01 0.000000000000000000e+00 1.600000000000000089e+00 3.344000000000000184e-03 3.779999999999999940e-03 9.999869999999999592e-01 -7.923350000000000115e-01 -6.100659999999999972e-01 4.956000000000000336e-03 6.100769999999999804e-01 -7.923409999999999620e-01 9.550000000000000112e-04
1.900000000000000000e+01 8.000000000000000000e+00 4.400000000000000000e+01 0.000000000000000000e+00 1.600000000000000089e+00 6.145000000000000288e-03 1.257199999999999984e-02 9.999019999999999575e-01 -7.901129999999999542e-01 -6.128320000000000434e-01 1.256099999999999925e-02 6.129299999999999748e-01 -7.901129999999999542e-01 6.166999999999999739e-03
9.000000000000000000e+00 2.400000000000000000e+01 4.500000000000000000e+01 0.000000000000000000e+00 1.600000000000000089e+00 1.228960000000000052e-01 -3.021360000000000157e-01 -9.453099999999999836e-01 -5.978120000000000100e-01 7.377820000000000489e-01 -3.135260000000000269e-01 7.921599999999999753e-01 6.036479999999999624e-01 -8.994900000000000118e-02
6.000000000000000000e+00 6.500000000000000000e+01 4.600000000000000000e+01 0.000000000000000000e+00 1.600000000000000089e+00 -9.266999999999999196e-03 -1.633300000000000030e-01 9.865279999999999605e-01 6.621909999999999741e-01 -7.402499999999999636e-01 -1.163359999999999950e-01 7.492779999999999996e-01 6.521919999999999940e-01 1.150150000000000061e-01
2.700000000000000000e+01 6.500000000000000000e+01 4.600000000000000000e+01 0.000000000000000000e+00 1.600000000000000089e+00 -2.073999999999999889e-03 -1.183999999999999940e-03 9.999970000000000248e-01 6.794130000000000447e-01 -7.337559999999999638e-01 5.410000000000000312e-04 7.337529999999999886e-01 6.794120000000000159e-01 2.325999999999999943e-03
8.000000000000000000e+00 4.500000000000000000e+01 5.000000000000000000e+01 0.000000000000000000e+00 1.600000000000000089e+00 -2.331749999999999934e-01 6.424860000000000015e-01 7.299600000000000533e-01 5.330270000000000286e-01 7.122819999999999707e-01 -4.566589999999999816e-01 -8.133340000000000014e-01 2.826069999999999971e-01 -5.085490000000000288e-01
2.000000000000000000e+00 7.400000000000000000e+01 5.000000000000000000e+01 0.000000000000000000e+00 1.600000000000000089e+00 3.645999999999999935e-03 -6.507169999999999899e-01 -7.593109999999999582e-01 -9.959599999999999564e-01 -7.048799999999999510e-02 5.562500000000000083e-02 -8.971899999999999320e-02 7.560409999999999631e-01 -6.483459999999999779e-01
1.000000000000000000e+00 5.000000000000000000e+00 5.100000000000000000e+01 0.000000000000000000e+00 1.600000000000000089e+00 -1.721000000000000090e-03 1.621500000000000025e-02 -9.998669999999999503e-01 4.799209999999999865e-01 -8.771830000000000460e-01 -1.505199999999999941e-02 -8.773100000000000342e-01 -4.798830000000000040e-01 -6.272999999999999930e-03
1.900000000000000000e+01 6.000000000000000000e+00 5.100000000000000000e+01 0.000000000000000000e+00 1.600000000000000089e+00 1.689999999999999879e-04 4.244000000000000376e-03 -9.999909999999999632e-01 3.186450000000000116e-01 -9.478659999999999863e-01 -3.969000000000000306e-03 -9.478739999999999943e-01 -3.186419999999999808e-01 -1.512000000000000106e-03
1.300000000000000000e+01 4.800000000000000000e+01 5.100000000000000000e+01 0.000000000000000000e+00 1.600000000000000089e+00 1.691600000000000048e-02 -9.432120000000000504e-01 3.317590000000000261e-01 6.282450000000000534e-01 2.681529999999999747e-01 7.303439999999999932e-01 -7.778319999999999679e-01 1.960719999999999963e-01 5.971049999999999969e-01
4.000000000000000000e+00 7.000000000000000000e+00 5.200000000000000000e+01 0.000000000000000000e+00 1.600000000000000089e+00 3.799999999999999992e-03 9.263000000000000400e-03 -9.999500000000000055e-01 6.982399999999999718e-02 -9.975190000000000445e-01 -8.975000000000000339e-03 -9.975519999999999943e-01 -6.978700000000000181e-02 -4.436999999999999972e-03
2.500000000000000000e+01 7.000000000000000000e+00 5.200000000000000000e+01 0.000000000000000000e+00 1.600000000000000089e+00 6.849999999999999535e-04 -3.869999999999999742e-04 -1.000000000000000000e+00 9.330499999999999905e-02 -9.956369999999999942e-01 4.499999999999999877e-04 -9.956369999999999942e-01 -9.330499999999999905e-02 -6.459999999999999814e-04
1.400000000000000000e+01 4.900000000000000000e+01 5.200000000000000000e+01 0.000000000000000000e+00 1.600000000000000089e+00 -2.736900000000000097e-02 -9.574409999999999865e-01 2.873279999999999723e-01 6.379839999999999955e-01 2.045520000000000116e-01 7.423840000000000439e-01 -7.695629999999999971e-01 2.036290000000000044e-01 6.052340000000000497e-01
7.000000000000000000e+00 6.300000000000000000e+01 5.200000000000000000e+01 0.000000000000000000e+00 1.600000000000000089e+00 -3.926600000000000229e-02 2.083800000000000097e-01 -9.772589999999999888e-01 4.692200000000000260e-01 8.673229999999999551e-01 1.660850000000000104e-01 8.822079999999999922e-01 -4.520279999999999854e-01 -1.318320000000000047e-01
1.400000000000000000e+01 5.000000000000000000e+01 5.300000000000000000e+01 0.000000000000000000e+00 1.600000000000000089e+00 -8.444100000000000217e-02 -9.560969999999999747e-01 2.806210000000000093e-01 6.266890000000000516e-01 1.679940000000000044e-01 7.609460000000000113e-01 -7.746809999999999530e-01 2.401169999999999971e-01 5.849900000000000100e-01
4.000000000000000000e+00 1.400000000000000000e+01 5.400000000000000000e+01 0.000000000000000000e+00 1.600000000000000089e+00 -5.682999999999999684e-03 -8.999999999999999754e-04 -9.999829999999999552e-01 5.804519999999999680e-01 8.142840000000000078e-01 -4.030999999999999861e-03 8.142740000000000533e-01 -5.804650000000000087e-01 -4.105000000000000142e-03
1.800000000000000000e+01 6.300000000000000000e+01 5.400000000000000000e+01 0.000000000000000000e+00 1.600000000000000089e+00 1.221999999999999996e-03 2.056300000000000142e-02 9.997880000000000100e-01 -3.580630000000000202e-01 9.335090000000000332e-01 -1.876200000000000090e-02 -9.336969999999999992e-01 -3.579640000000000044e-01 8.503000000000000141e-03
2.900000000000000000e+01 6.300000000000000000e+01 5.400000000000000000e+01 0.000000000000000000e+00 1.600000000000000089e+00 3.703999999999999827e-03 -6.995000000000000349e-03 9.999689999999999968e-01 -3.822130000000000249e-01 9.240399999999999725e-01 7.879999999999999852e-03 -9.240669999999999717e-01 -3.822309999999999874e-01 7.489999999999999913e-04
5.000000000000000000e+00 7.200000000000000000e+01 5.400000000000000000e+01 0.000000000000000000e+00 1.600000000000000089e+00 -8.855690000000000506e-01 3.044209999999999972e-01 3.508479999999999932e-01 -3.542150000000000021e-01 -9.311920000000000197e-01 -8.609799999999999398e-02 3.004970000000000141e-01 -2.005220000000000058e-01 9.324660000000000171e-01
1.600000000000000000e+01 2.400000000000000000e+01 5.500000000000000000e+01 0.000000000000000000e+00 1.600000000000000089e+00 -3.821999999999999703e-02 1.407049999999999967e-01 -9.893140000000000267e-01 1.832400000000000001e-02 9.899689999999999879e-01 1.400899999999999923e-01 9.991010000000000169e-01 -1.277400000000000063e-02 -4.041499999999999954e-02
2.700000000000000000e+01 2.500000000000000000e+01 5.500000000000000000e+01 0.000000000000000000e+00 1.600000000000000089e+00 -1.626999999999999974e-02 -2.106679999999999942e-01 9.774220000000000130e-01 4.752900000000000180e-02 9.762840000000000407e-01 2.112140000000000128e-01 -9.987369999999999859e-01 4.989199999999999885e-02 -5.871000000000000350e-03
7.000000000000000000e+00 2.600000000000000000e+01 5.500000000000000000e+01 0.000000000000000000e+00 1.600000000000000089e+00 1.342699999999999970e-02 1.834500000000000020e-02 -9.997420000000000195e-01 -1.032450000000000034e-01 9.945129999999999804e-01 1.686299999999999952e-02 9.945650000000000324e-01 1.029920000000000002e-01 1.524700000000000014e-02
9.000000000000000000e+00 2.600000000000000000e+01 5.500000000000000000e+01 0.000000000000000000e+00 1.600000000000000089e+00 2.501899999999999957e-02 2.332000000000000045e-02 -9.994150000000000533e-01 -1.083849999999999952e-01 9.938979999999999482e-01 2.047799999999999968e-02 9.937939999999999552e-01 1.078090000000000021e-01 2.739400000000000168e-02
1.700000000000000000e+01 5.300000000000000000e+01 5.500000000000000000e+01 0.000000000000000000e+00 1.600000000000000089e+00 4.996300000000000047e-02 -5.964990000000000014e-01 8.010570000000000190e-01 9.445999999999999536e-03 8.023050000000000459e-01 5.968390000000000084e-01 -9.987059999999999826e-01 -2.225399999999999948e-02 4.571999999999999675e-02
1.600000000000000000e+01 2.600000000000000000e+01 5.600000000000000000e+01 0.000000000000000000e+00 1.600000000000000089e+00 -1.220199999999999931e-02 1.112439999999999957e-01 -9.937179999999999902e-01 8.186999999999999833e-03 9.937700000000000422e-01 1.111489999999999978e-01 9.998920000000000030e-01 -6.779000000000000303e-03 -1.303600000000000071e-02
1.300000000000000000e+01 4.200000000000000000e+01 5.800000000000000000e+01 0.000000000000000000e+00 1.600000000000000089e+00 -5.129749999999999588e-01 -4.639300000000000090e-01 7.222370000000000179e-01 -3.651100000000000179e-02 -8.288189999999999724e-01 -5.583249999999999602e-01 8.576270000000000282e-01 -3.127759999999999985e-01 4.082250000000000045e-01
7.000000000000000000e+00 6.500000000000000000e+01 5.800000000000000000e+01 0.000000000000000000e+00 1.600000000000000089e+00 -5.517490000000000450e-01 -8.254970000000000363e-01 1.188629999999999964e-01 1.102080000000000004e-01 -2.134350000000000136e-01 -9.707209999999999450e-01 8.266970000000000152e-01 -5.224950000000000427e-01 2.087380000000000069e-01
