1.000000000000000000e+01 1.900000000000000000e+01 5.000000000000000000e+00 0.000000000000000000e+00 1.600000000000000089e+00 2.849999999999999886e-04 -1.800000000000000113e-04 -1.000000000000000000e+00 -7.075190000000000090e-01 -7.066940000000000444e-01 -7.499999999999999343e-05 -7.066940000000000444e-01 7.075190000000000090e-01 -3.280000000000000038e-04
2.000000000000000000e+00 1.010000000000000000e+02 7.000000000000000000e+00 0.000000000000000000e+00 1.600000000000000089e+00 -1.482000000000000027e-03 -2.413099999999999967e-02 9.997080000000000410e-01 8.892229999999999857e-01 4.573079999999999923e-01 1.235600000000000066e-02 -4.574719999999999898e-01 8.889810000000000212e-01 2.077999999999999986e-02
1.300000000000000000e+01 1.010000000000000000e+02 7.000000000000000000e+00 0.000000000000000000e+00 1.600000000000000089e+00 6.989999999999999686e-04 -7.131000000000000186e-03 9.999740000000000295e-01 8.886469999999999647e-01 4.585850000000000204e-01 2.648999999999999879e-03 -4.585919999999999996e-01 8.886220000000000230e-01 6.657999999999999856e-03
2.000000000000000000e+01 1.010000000000000000e+02 7.000000000000000000e+00 0.000000000000000000e+00 1.600000000000000089e+00 1.240999999999999916e-03 9.641000000000000264e-03 9.999529999999999808e-01 8.891430000000000167e-01 4.575949999999999740e-01 -5.516000000000000070e-03 -4.576270000000000060e-01 8.891080000000000094e-01 -8.004000000000000697e-03
2.900000000000000000e+01 1.010000000000000000e+02 7.000000000000000000e+00 0.000000000000000000e+00 1.600000000000000089e+00 -2.187999999999999841e-03 -4.211000000000000333e-03 9.999890000000000168e-01 8.893100000000000449e-01 4.572890000000000010e-01 3.870999999999999875e-03 -4.572999999999999843e-01 8.893079999999999874e-01 2.745000000000000044e-03
1.000000000000000000e+00 2.500000000000000000e+01 8.000000000000000000e+00 0.000000000000000000e+00 1.600000000000000089e+00 -1.435000000000000078e-03 -7.908000000000000099e-03 -9.999679999999999680e-01 4.365220000000000211e-01 8.996600000000000152e-01 -7.740999999999999617e-03 8.996920000000000472e-01 -4.365189999999999904e-01 2.161000000000000160e-03
1.000000000000000000e+01 2.500000000000000000e+01 8.000000000000000000e+00 0.000000000000000000e+00 1.600000000000000089e+00 -1.909000000000000107e-03 8.385000000000000092e-03 -9.999630000000000463e-01 4.364080000000000181e-01 8.997239999999999682e-01 6.710999999999999951e-03 8.997469999999999635e-01 -4.363790000000000169e-01 -5.376999999999999835e-03
1.600000000000000000e+01 2.500000000000000000e+01 8.000000000000000000e+00 0.000000000000000000e+00 1.600000000000000089e+00 -6.530000000000000431e-04 3.274000000000000000e-03 -9.999940000000000495e-01 4.366780000000000106e-01 8.996140000000000247e-01 2.660000000000000038e-03 8.996170000000000000e-01 -4.366740000000000066e-01 -2.017000000000000130e-03
1.900000000000000000e+01 2.500000000000000000e+01 8.000000000000000000e+00 0.000000000000000000e+00 1.600000000000000089e+00 -3.759999999999999779e-04 -1.194699999999999929e-02 -9.999289999999999567e-01 4.374120000000000230e-01 8.991949999999999665e-01 -1.090799999999999929e-02 8.992609999999999770e-01 -4.373850000000000238e-01 4.886999999999999851e-03
2.700000000000000000e+01 2.500000000000000000e+01 8.000000000000000000e+00 0.000000000000000000e+00 1.600000000000000089e+00 2.432000000000000134e-03 3.713000000000000154e-03 -9.999900000000000455e-01 4.376240000000000130e-01 8.991470000000000296e-01 4.402999999999999796e-03 8.991550000000000376e-01 -4.376300000000000190e-01 5.619999999999999996e-04
4.000000000000000000e+00 9.000000000000000000e+00 9.000000000000000000e+00 0.000000000000000000e+00 1.600000000000000089e+00 1.516799999999999919e-02 7.479000000000000405e-03 -9.998569999999999958e-01 -9.689229999999999787e-01 -2.468079999999999996e-01 -1.654500000000000068e-02 -2.468970000000000053e-01 9.690349999999999797e-01 3.503000000000000037e-03
1.000000000000000000e+01 9.000000000000000000e+00 9.000000000000000000e+00 0.000000000000000000e+00 1.600000000000000089e+00 2.599200000000000121e-02 1.519900000000000070e-02 -9.995469999999999633e-01 -9.741260000000000474e-01 -2.241700000000000081e-01 -2.873900000000000066e-02 -2.245050000000000101e-01 9.744310000000000471e-01 8.978999999999999135e-03
1.500000000000000000e+01 9.000000000000000000e+00 9.000000000000000000e+00 0.000000000000000000e+00 1.600000000000000089e+00 2.815300000000000094e-02 7.020000000000000198e-03 -9.995789999999999953e-01 -9.868529999999999802e-01 -1.590110000000000134e-01 -2.891099999999999920e-02 -1.591470000000000107e-01 9.872520000000000184e-01 2.451000000000000054e-03
1.000000000000000000e+00 2.400000000000000000e+01 9.000000000000000000e+00 0.000000000000000000e+00 1.600000000000000089e+00 -1.747999999999999988e-03 -8.489999999999999283e-03 -9.999620000000000175e-01 4.433210000000000206e-01 8.963240000000000096e-01 -8.385000000000000092e-03 8.963609999999999634e-01 -4.433190000000000186e-01 2.197000000000000168e-03
7.000000000000000000e+00 2.400000000000000000e+01 9.000000000000000000e+00 0.000000000000000000e+00 1.600000000000000089e+00 -1.520000000000000084e-03 1.056000000000000081e-03 -9.999980000000000535e-01 4.438329999999999775e-01 8.961090000000000444e-01 2.719999999999999979e-04 8.961080000000000156e-01 -4.438320000000000043e-01 -1.830999999999999945e-03
1.000000000000000000e+01 2.400000000000000000e+01 9.000000000000000000e+00 0.000000000000000000e+00 1.600000000000000089e+00 -1.025000000000000086e-03 2.461000000000000080e-03 -9.999959999999999960e-01 4.426470000000000127e-01 8.966939999999999911e-01 1.753000000000000001e-03 8.966950000000000198e-01 -4.426439999999999819e-01 -2.007999999999999802e-03
1.600000000000000000e+01 2.400000000000000000e+01 9.000000000000000000e+00 0.000000000000000000e+00 1.600000000000000089e+00 -6.909999999999999910e-04 2.752000000000000106e-03 -9.999959999999999960e-01 4.416930000000000023e-01 8.971639999999999615e-01 2.164000000000000125e-03 8.971660000000000190e-01 -4.416900000000000270e-01 -1.835000000000000043e-03
1.900000000000000000e+01 2.400000000000000000e+01 9.000000000000000000e+00 0.000000000000000000e+00 1.600000000000000089e+00 -8.009999999999999542e-04 -9.003999999999999851e-03 -9.999590000000000423e-01 4.425780000000000269e-01 8.966910000000000158e-01 -8.429000000000000728e-03 8.967300000000000271e-01 -4.425660000000000149e-01 3.266999999999999939e-03
2.300000000000000000e+01 2.400000000000000000e+01 9.000000000000000000e+00 0.000000000000000000e+00 1.600000000000000089e+00 6.589999999999999721e-04 -6.594000000000000035e-03 -9.999780000000000335e-01 4.443409999999999860e-01 8.958399999999999697e-01 -5.615000000000000199e-03 8.958580000000000432e-01 -4.443270000000000275e-01 3.520999999999999824e-03
2.600000000000000000e+01 2.400000000000000000e+01 9.000000000000000000e+00 0.000000000000000000e+00 1.600000000000000089e+00 1.940000000000000101e-03 4.028000000000000330e-03 -9.999900000000000455e-01 4.440209999999999990e-01 8.960050000000000514e-01 4.471000000000000148e-03 8.960139999999999771e-01 -4.440259999999999763e-01 -5.099999999999999960e-05
2.000000000000000000e+00 4.000000000000000000e+00 1.100000000000000000e+01 0.000000000000000000e+00 1.600000000000000089e+00 -4.087999999999999620e-03 1.040699999999999958e-02 9.999369999999999647e-01 1.327059999999999906e-01 -9.910959999999999770e-01 1.085700000000000033e-02 9.911470000000000002e-01 1.327419999999999989e-01 2.671000000000000197e-03
5.000000000000000000e+00 4.000000000000000000e+00 1.100000000000000000e+01 0.000000000000000000e+00 1.600000000000000089e+00 -3.458000000000000136e-03 1.336700000000000041e-02 9.999050000000000438e-01 1.355570000000000108e-01 -9.906749999999999723e-01 1.371200000000000023e-02 9.907629999999999493e-01 1.355919999999999903e-01 1.613000000000000067e-03
1.600000000000000000e+01 2.800000000000000000e+01 1.300000000000000000e+01 0.000000000000000000e+00 1.600000000000000089e+00 -7.810000000000000102e-04 3.531900000000000317e-02 9.993760000000000421e-01 -4.768700000000000022e-02 9.982379999999999587e-01 -3.531600000000000017e-02 -9.988620000000000276e-01 -4.768499999999999822e-02 9.039999999999999642e-04
1.800000000000000000e+01 2.800000000000000000e+01 1.300000000000000000e+01 0.000000000000000000e+00 1.600000000000000089e+00 -4.853999999999999808e-03 -5.755699999999999705e-02 9.983300000000000507e-01 -6.081600000000000200e-02 9.965110000000000356e-01 5.715599999999999847e-02 -9.981370000000000520e-01 -6.043699999999999767e-02 -8.337000000000000660e-03
1.000000000000000000e+01 2.900000000000000000e+01 1.300000000000000000e+01 0.000000000000000000e+00 1.600000000000000089e+00 1.799699999999999911e-02 2.696839999999999793e-01 9.627809999999999979e-01 -1.621500000000000025e-02 9.628889999999999949e-01 -2.694110000000000116e-01 -9.997070000000000123e-01 -1.076300000000000000e-02 2.170199999999999907e-02
1.600000000000000000e+01 1.200000000000000000e+01 1.600000000000000000e+01 0.000000000000000000e+00 1.600000000000000089e+00 -3.784000000000000037e-03 2.594000000000000125e-02 9.996559999999999890e-01 2.826670000000000016e-01 -9.588670000000000249e-01 2.595199999999999937e-02 9.592110000000000358e-01 2.826679999999999748e-01 -3.703999999999999827e-03
2.200000000000000000e+01 1.200000000000000000e+01 1.600000000000000000e+01 0.000000000000000000e+00 1.600000000000000089e+00 -5.789999999999999791e-04 -4.539999999999999765e-04 1.000000000000000000e+00 2.733610000000000206e-01 -9.619109999999999605e-01 -2.779999999999999811e-04 9.619109999999999605e-01 2.733610000000000206e-01 6.809999999999999647e-04
2.600000000000000000e+01 1.200000000000000000e+01 1.600000000000000000e+01 0.000000000000000000e+00 1.600000000000000089e+00 3.807000000000000054e-03 -1.269499999999999969e-02 9.999120000000000230e-01 2.685270000000000157e-01 -9.631809999999999539e-01 -1.325100000000000063e-02 9.632650000000000379e-01 2.685540000000000149e-01 -2.579999999999999828e-04
2.900000000000000000e+01 1.200000000000000000e+01 1.600000000000000000e+01 0.000000000000000000e+00 1.600000000000000089e+00 4.601000000000000055e-03 -1.472399999999999924e-02 9.998810000000000198e-01 2.687399999999999789e-01 -9.630889999999999729e-01 -1.541799999999999941e-02 9.632020000000000026e-01 2.687789999999999901e-01 -4.739999999999999747e-04
1.200000000000000000e+01 1.160000000000000000e+02 1.600000000000000000e+01 0.000000000000000000e+00 1.600000000000000089e+00 8.409999999999999507e-04 2.843000000000000041e-03 9.999959999999999960e-01 7.743430000000000035e-01 6.327620000000000466e-01 -2.449999999999999921e-03 -6.327660000000000506e-01 7.743409999999999460e-01 -1.668999999999999911e-03
2.200000000000000000e+01 1.160000000000000000e+02 1.600000000000000000e+01 0.000000000000000000e+00 1.600000000000000089e+00 1.188999999999999953e-03 1.789999999999999870e-04 9.999989999999999712e-01 7.659740000000000437e-01 6.428709999999999702e-01 -1.026000000000000002e-03 -6.428700000000000525e-01 7.659749999999999615e-01 6.269999999999999532e-04
2.600000000000000000e+01 1.160000000000000000e+02 1.600000000000000000e+01 0.000000000000000000e+00 1.600000000000000089e+00 2.441000000000000027e-03 3.141000000000000129e-03 9.999919999999999920e-01 7.696859999999999813e-01 6.384109999999999507e-01 -3.883999999999999866e-03 -6.384180000000000410e-01 7.696889999999999565e-01 -8.589999999999999546e-04
3.000000000000000000e+01 1.160000000000000000e+02 1.600000000000000000e+01 0.000000000000000000e+00 1.600000000000000089e+00 -3.111000000000000050e-03 1.314000000000000064e-03 9.999940000000000495e-01 7.870310000000000361e-01 6.169109999999999872e-01 1.637999999999999916e-03 -6.169050000000000367e-01 7.870319999999999538e-01 -2.952999999999999896e-03
2.700000000000000000e+01 3.400000000000000000e+01 1.800000000000000000e+01 0.000000000000000000e+00 1.600000000000000089e+00 1.499659999999999882e-01 2.457890000000000075e-01 9.576519999999999477e-01 -9.866230000000000278e-01 9.982000000000000595e-02 1.288829999999999976e-01 -6.391499999999999959e-02 -9.641699999999999715e-01 2.574710000000000054e-01
1.500000000000000000e+01 2.000000000000000000e+00 1.900000000000000000e+01 0.000000000000000000e+00 1.600000000000000089e+00 -3.093999999999999962e-03 2.865799999999999945e-02 -9.995840000000000281e-01 3.474740000000000051e-01 -9.372730000000000228e-01 -2.794699999999999962e-02 -9.376849999999999907e-01 -3.474160000000000026e-01 -7.058000000000000038e-03
2.400000000000000000e+01 2.000000000000000000e+00 1.900000000000000000e+01 0.000000000000000000e+00 1.600000000000000089e+00 -4.180000000000000230e-04 2.141000000000000108e-03 -9.999980000000000535e-01 3.388920000000000265e-01 -9.408229999999999649e-01 -2.155999999999999930e-03 -9.408250000000000224e-01 -3.388920000000000265e-01 -3.319999999999999926e-04
4.000000000000000000e+00 3.000000000000000000e+00 1.900000000000000000e+01 0.000000000000000000e+00 1.600000000000000089e+00 -1.306000000000000086e-03 1.419300000000000075e-02 -9.998979999999999535e-01 3.449400000000000244e-01 -9.385240000000000249e-01 -1.377300000000000052e-02 -9.386240000000000139e-01 -3.449229999999999796e-01 -3.670000000000000085e-03
9.000000000000000000e+00 3.000000000000000000e+00 1.900000000000000000e+01 0.000000000000000000e+00 1.600000000000000089e+00 -3.648000000000000201e-03 1.714299999999999852e-02 -9.998460000000000125e-01 3.443780000000000174e-01 -9.386710000000000331e-01 -1.735000000000000084e-02 -9.388239999999999919e-01 -3.443880000000000274e-01 -2.478999999999999867e-03
1.200000000000000000e+01 3.000000000000000000e+00 1.900000000000000000e+01 0.000000000000000000e+00 1.600000000000000089e+00 -4.186999999999999750e-03 2.256800000000000125e-02 -9.997369999999999868e-01 3.420790000000000219e-01 -9.393979999999999553e-01 -2.263899999999999940e-02 -9.396619999999999973e-01 -3.420839999999999992e-01 -3.787000000000000002e-03
1.700000000000000000e+01 3.000000000000000000e+00 1.900000000000000000e+01 0.000000000000000000e+00 1.600000000000000089e+00 -1.760000000000000063e-03 2.304900000000000004e-02 -9.997329999999999828e-01 3.368050000000000210e-01 -9.413099999999999801e-01 -2.229499999999999885e-02 -9.415729999999999933e-01 -3.367539999999999978e-01 -6.106000000000000316e-03
2.800000000000000000e+01 3.000000000000000000e+00 1.900000000000000000e+01 0.000000000000000000e+00 1.600000000000000089e+00 8.379999999999999862e-04 -7.712000000000000105e-03 -9.999700000000000255e-01 3.309259999999999979e-01 -9.436269999999999936e-01 7.555000000000000084e-03 -9.436560000000000503e-01 -3.309219999999999939e-01 1.760999999999999979e-03
5.000000000000000000e+00 4.000000000000000000e+00 2.000000000000000000e+01 0.000000000000000000e+00 1.600000000000000089e+00 -7.699999999999999597e-04 1.311200000000000039e-02 -9.999139999999999695e-01 3.788839999999999986e-01 -9.253609999999999891e-01 -1.242599999999999955e-02 -9.254440000000000444e-01 -3.788610000000000033e-01 -4.255000000000000102e-03
1.100000000000000000e+01 4.000000000000000000e+00 2.000000000000000000e+01 0.000000000000000000e+00 1.600000000000000089e+00 -3.432999999999999854e-03 1.894399999999999903e-02 -9.998150000000000093e-01 3.849230000000000151e-01 -9.227570000000000494e-01 -1.880599999999999980e-02 -9.229420000000000401e-01 -3.849170000000000091e-01 -4.124000000000000062e-03
1.800000000000000000e+01 4.000000000000000000e+00 2.000000000000000000e+01 0.000000000000000000e+00 1.600000000000000089e+00 -1.002000000000000069e-03 2.142300000000000107e-02 -9.997700000000000475e-01 3.872590000000000199e-01 -9.217509999999999870e-01 -2.014000000000000165e-02 -9.219699999999999562e-01 -3.871899999999999786e-01 -7.373000000000000213e-03
2.200000000000000000e+01 4.000000000000000000e+00 2.000000000000000000e+01 0.000000000000000000e+00 1.600000000000000089e+00 -1.840000000000000001e-04 1.017400000000000075e-02 -9.999479999999999480e-01 3.877269999999999883e-01 -9.217260000000000453e-01 -9.449000000000000801e-03 -9.217739999999999823e-01 -3.877090000000000258e-01 -3.775000000000000144e-03
3.000000000000000000e+00 1.300000000000000000e+01 2.000000000000000000e+01 0.000000000000000000e+00 1.600000000000000089e+00 3.330000000000000169e-04 -2.406000000000000152e-03 9.999970000000000248e-01 2.606149999999999856e-01 9.654399999999999649e-01 2.236000000000000140e-03 -9.654430000000000511e-01 2.606140000000000123e-01 9.489999999999999738e-04
7.000000000000000000e+00 1.300000000000000000e+01 2.000000000000000000e+01 0.000000000000000000e+00 1.600000000000000089e+00 1.201000000000000028e-03 -4.274000000000000021e-03 9.999900000000000455e-01 2.606939999999999813e-01 9.654139999999999944e-01 3.812999999999999983e-03 -9.654209999999999736e-01 2.606870000000000021e-01 2.273999999999999980e-03
1.100000000000000000e+01 1.300000000000000000e+01 2.000000000000000000e+01 0.000000000000000000e+00 1.600000000000000089e+00 1.815999999999999906e-03 -1.384999999999999946e-03 9.999970000000000248e-01 2.601280000000000259e-01 9.655740000000000434e-01 8.649999999999999920e-04 -9.655719999999999859e-01 2.601260000000000239e-01 2.112999999999999861e-03
1.700000000000000000e+01 1.300000000000000000e+01 2.000000000000000000e+01 0.000000000000000000e+00 1.600000000000000089e+00 1.240000000000000054e-04 1.510999999999999973e-03 9.999989999999999712e-01 2.623050000000000104e-01 9.649839999999999529e-01 -1.490000000000000005e-03 -9.649849999999999817e-01 2.623050000000000104e-01 -2.759999999999999867e-04
2.400000000000000000e+01 1.300000000000000000e+01 2.000000000000000000e+01 0.000000000000000000e+00 1.600000000000000089e+00 -5.710000000000000015e-04 1.051999999999999984e-03 9.999989999999999712e-01 2.636220000000000230e-01 9.646259999999999835e-01 -8.649999999999999920e-04 -9.646259999999999835e-01 2.636209999999999942e-01 -8.279999999999999600e-04
3.000000000000000000e+00 1.600000000000000000e+01 2.100000000000000000e+01 0.000000000000000000e+00 1.600000000000000089e+00 7.230000000000000098e-04 -2.821000000000000157e-03 9.999959999999999960e-01 2.970760000000000067e-01 9.548510000000000053e-01 2.478999999999999867e-03 -9.548539999999999806e-01 2.970729999999999760e-01 1.528000000000000061e-03
2.700000000000000000e+01 1.600000000000000000e+01 2.100000000000000000e+01 0.000000000000000000e+00 1.600000000000000089e+00 5.000000000000000240e-05 5.845000000000000369e-03 9.999829999999999552e-01 2.952339999999999964e-01 9.554089999999999527e-01 -5.599999999999999943e-03 -9.554249999999999687e-01 2.952290000000000192e-01 -1.678000000000000021e-03
4.000000000000000000e+00 2.000000000000000000e+00 2.500000000000000000e+01 0.000000000000000000e+00 1.600000000000000089e+00 -7.153999999999999769e-03 1.490900000000000038e-02 9.998629999999999463e-01 8.493299999999999461e-02 -9.962670000000000137e-01 1.546400000000000031e-02 9.963610000000000522e-01 8.503199999999999648e-02 5.860999999999999890e-03
1.100000000000000000e+01 3.000000000000000000e+00 2.500000000000000000e+01 0.000000000000000000e+00 1.600000000000000089e+00 -5.069999999999999854e-03 1.709099999999999855e-02 9.998409999999999798e-01 1.021700000000000039e-02 -9.998010000000000508e-01 1.714200000000000099e-02 9.999350000000000183e-01 1.030200000000000039e-02 4.893999999999999913e-03
1.500000000000000000e+01 3.000000000000000000e+00 2.500000000000000000e+01 0.000000000000000000e+00 1.600000000000000089e+00 -6.093999999999999591e-03 2.290299999999999975e-02 9.997190000000000243e-01 1.580700000000000160e-02 -9.996110000000000273e-01 2.299700000000000008e-02 9.998559999999999670e-01 1.594299999999999884e-02 5.729999999999999850e-03
2.200000000000000000e+01 3.000000000000000000e+00 2.500000000000000000e+01 0.000000000000000000e+00 1.600000000000000089e+00 -3.601000000000000034e-03 6.330999999999999822e-03 9.999730000000000008e-01 2.033099999999999838e-02 -9.997730000000000228e-01 6.402999999999999838e-03 9.997869999999999813e-01 2.035400000000000056e-02 3.471999999999999826e-03
2.600000000000000000e+01 3.000000000000000000e+00 2.500000000000000000e+01 0.000000000000000000e+00 1.600000000000000089e+00 3.758000000000000056e-03 -4.539999999999999765e-03 9.999829999999999552e-01 3.297900000000000137e-02 -9.994450000000000278e-01 -4.661000000000000212e-03 9.994490000000000318e-01 3.299599999999999755e-02 -3.605999999999999830e-03
1.700000000000000000e+01 3.000000000000000000e+01 2.500000000000000000e+01 0.000000000000000000e+00 1.600000000000000089e+00 -2.234800000000000120e-01 -8.220999999999999142e-03 9.746740000000000403e-01 -9.741570000000000507e-01 -3.174300000000000038e-02 -2.236289999999999945e-01 3.277700000000000058e-02 -9.994619999999999616e-01 -9.150000000000000147e-04
1.500000000000000000e+01 3.100000000000000000e+01 2.500000000000000000e+01 0.000000000000000000e+00 1.600000000000000089e+00 -3.081280000000000130e-01 5.639299999999999868e-02 9.496719999999999606e-01 -9.476639999999999509e-01 6.953800000000000259e-02 -3.116050000000000209e-01 -8.361100000000000476e-02 -9.959839999999999804e-01 3.201500000000000179e-02
2.600000000000000000e+01 2.900000000000000000e+01 2.600000000000000000e+01 0.000000000000000000e+00 1.600000000000000089e+00 4.337999999999999842e-03 3.213699999999999890e-02 -9.994739999999999736e-01 1.354180000000000106e-01 -9.902950000000000363e-01 -3.125399999999999706e-02 -9.907789999999999653e-01 -1.352109999999999979e-01 -8.647999999999999438e-03
1.000000000000000000e+01 4.600000000000000000e+01 2.700000000000000000e+01 0.000000000000000000e+00 1.600000000000000089e+00 -4.676999999999999734e-03 -2.500000000000000052e-03 -9.999860000000000415e-01 6.788910000000000222e-01 7.342220000000000413e-01 -5.009999999999999697e-03 7.342239999999999878e-01 -6.789049999999999807e-01 -1.737000000000000046e-03
2.000000000000000000e+00 4.600000000000000000e+01 3.000000000000000000e+01 0.000000000000000000e+00 1.600000000000000089e+00 -2.699000000000000010e-03 -1.926999999999999894e-03 -9.999949999999999672e-01 3.333820000000000117e-01 9.427879999999999594e-01 -2.716000000000000098e-03 9.427879999999999594e-01 -3.333869999999999889e-01 -1.902000000000000045e-03
2.700000000000000000e+01 4.700000000000000000e+01 3.100000000000000000e+01 0.000000000000000000e+00 1.600000000000000089e+00 -1.732900000000000065e-02 -1.779060000000000086e-01 9.838949999999999640e-01 3.100669999999999815e-01 9.345729999999999871e-01 1.744489999999999930e-01 -9.505569999999999853e-01 3.080959999999999810e-01 3.896800000000000264e-02
1.000000000000000000e+00 5.800000000000000000e+01 3.100000000000000000e+01 0.000000000000000000e+00 1.600000000000000089e+00 2.096999999999999906e-03 8.210000000000000067e-04 9.999970000000000248e-01 -8.123230000000000173e-01 -5.832039999999999447e-01 2.181999999999999912e-03 5.832039999999999447e-01 -8.123259999999999925e-01 -5.559999999999999621e-04
5.000000000000000000e+00 5.800000000000000000e+01 3.100000000000000000e+01 0.000000000000000000e+00 1.600000000000000089e+00 5.689999999999999745e-03 4.192999999999999679e-03 9.999749999999999472e-01 -8.110079999999999512e-01 -5.849919999999999565e-01 7.067999999999999630e-03 5.850070000000000547e-01 -8.110279999999999712e-01 7.200000000000000182e-05
2.400000000000000000e+01 3.200000000000000000e+01 3.300000000000000000e+01 0.000000000000000000e+00 1.600000000000000089e+00 8.062999999999999334e-02 -8.672199999999999354e-02 -9.929639999999999578e-01 1.396799999999999986e-01 -9.853939999999999921e-01 9.740300000000000347e-02 -9.869080000000000075e-01 -1.465509999999999868e-01 -6.733899999999999608e-02
8.000000000000000000e+00 4.300000000000000000e+01 3.400000000000000000e+01 0.000000000000000000e+00 1.600000000000000089e+00 -1.160000000000000007e-04 -1.884000000000000041e-03 -9.999980000000000535e-01 -3.259279999999999955e-01 9.453930000000000389e-01 -1.744000000000000107e-03 9.453949999999999854e-01 3.259270000000000223e-01 -7.240000000000000342e-04
6.000000000000000000e+00 4.600000000000000000e+01 3.500000000000000000e+01 0.000000000000000000e+00 1.600000000000000089e+00 3.620000000000000171e-04 7.427999999999999707e-03 -9.999719999999999720e-01 3.895719999999999739e-01 -9.209720000000000129e-01 -6.700000000000000226e-03 -9.209960000000000369e-01 -3.895589999999999886e-01 -3.226999999999999834e-03
1.100000000000000000e+01 4.600000000000000000e+01 3.500000000000000000e+01 0.000000000000000000e+00 1.600000000000000089e+00 -1.118000000000000070e-03 -2.959999999999999958e-03 -9.999949999999999672e-01 3.908820000000000072e-01 -9.204379999999999784e-01 2.288000000000000103e-03 -9.204400000000000359e-01 -3.908780000000000032e-01 2.186000000000000009e-03
1.400000000000000000e+01 4.600000000000000000e+01 3.500000000000000000e+01 0.000000000000000000e+00 1.600000000000000089e+00 -1.810000000000000085e-04 -4.512000000000000385e-03 -9.999900000000000455e-01 3.919690000000000119e-01 -9.199690000000000367e-01 4.080000000000000293e-03 -9.199779999999999625e-01 -3.919639999999999791e-01 1.935000000000000088e-03
2.000000000000000000e+01 4.600000000000000000e+01 3.500000000000000000e+01 0.000000000000000000e+00 1.600000000000000089e+00 4.360000000000000269e-04 6.628499999999999670e-02 -9.978010000000000490e-01 3.951569999999999805e-01 -9.166050000000000031e-01 -6.071900000000000214e-02 -9.186130000000000129e-01 -3.942620000000000013e-01 -2.659299999999999858e-02
1.800000000000000000e+01 9.500000000000000000e+01 3.600000000000000000e+01 0.000000000000000000e+00 1.600000000000000089e+00 3.409000000000000138e-03 7.842999999999999278e-03 9.999630000000000463e-01 9.970830000000000526e-01 7.622299999999999909e-02 -3.996999999999999685e-03 -7.625200000000000033e-02 9.970599999999999463e-01 -7.559999999999999880e-03
2.800000000000000000e+01 4.400000000000000000e+01 3.900000000000000000e+01 0.000000000000000000e+00 1.600000000000000089e+00 -3.158460000000000156e-01 1.649999999999999991e-04 9.488100000000000422e-01 6.752190000000000136e-01 -7.024970000000000381e-01 2.248940000000000106e-01 6.665729999999999711e-01 7.116869999999999585e-01 2.217689999999999939e-01
1.000000000000000000e+01 2.000000000000000000e+00 4.200000000000000000e+01 0.000000000000000000e+00 1.600000000000000089e+00 3.713999999999999854e-03 -4.134999999999999787e-03 -9.999850000000000128e-01 7.349719999999999587e-01 -6.780749999999999833e-01 5.533999999999999857e-03 -6.780869999999999953e-01 -7.349809999999999954e-01 5.209999999999999788e-04
8.000000000000000000e+00 3.000000000000000000e+00 4.300000000000000000e+01 0.000000000000000000e+00 1.600000000000000089e+00 4.401000000000000398e-03 1.575700000000000017e-02 -9.998660000000000325e-01 7.336340000000000083e-01 -6.795039999999999969e-01 -7.479000000000000405e-03 -6.795309999999999961e-01 -7.335030000000000161e-01 -1.455000000000000043e-02
1.100000000000000000e+01 3.000000000000000000e+00 4.300000000000000000e+01 0.000000000000000000e+00 1.600000000000000089e+00 1.098999999999999934e-03 -5.793000000000000406e-03 -9.999829999999999552e-01 7.332079999999999709e-01 -6.799880000000000368e-01 4.745000000000000086e-03 -6.800040000000000529e-01 -7.331999999999999629e-01 3.500000000000000073e-03
1.700000000000000000e+01 3.000000000000000000e+00 4.300000000000000000e+01 0.000000000000000000e+00 1.600000000000000089e+00 -5.897000000000000332e-03 -9.017999999999999974e-03 -9.999419999999999975e-01 7.347129999999999495e-01 -6.783759999999999790e-01 1.784999999999999911e-03 -6.783529999999999838e-01 -7.346589999999999510e-01 1.062600000000000003e-02
2.600000000000000000e+01 3.000000000000000000e+00 4.300000000000000000e+01 0.000000000000000000e+00 1.600000000000000089e+00 -7.519999999999999558e-04 -2.474000000000000071e-03 -9.999970000000000248e-01 7.321579999999999755e-01 -6.811340000000000172e-01 1.134000000000000025e-03 -6.811340000000000172e-01 -7.321550000000000002e-01 2.324000000000000111e-03
1.000000000000000000e+00 2.900000000000000000e+01 4.400000000000000000e+01 0.000000000000000000e+00 1.600000000000000089e+00 -2.883000000000000146e-03 -2.749999999999999840e-03 -9.999919999999999920e-01 6.576899999999999968e-01 7.532780000000000031e-01 -3.967000000000000040e-03 7.532830000000000359e-01 -6.576969999999999761e-01 -3.629999999999999872e-04
7.000000000000000000e+00 2.900000000000000000e+01 4.400000000000000000e+01 0.000000000000000000e+00 1.600000000000000089e+00 -2.324000000000000111e-03 1.095000000000000053e-03 -9.999970000000000248e-01 6.589540000000000397e-01 7.521830000000000460e-01 -7.079999999999999705e-04 7.521799999999999597e-01 -6.589530000000000109e-01 -2.469999999999999973e-03
9.000000000000000000e+00 2.900000000000000000e+01 4.400000000000000000e+01 0.000000000000000000e+00 1.600000000000000089e+00 -1.115000000000000106e-03 8.890000000000000333e-04 -9.999989999999999712e-01 6.598490000000000189e-01 7.513980000000000103e-01 -6.799999999999999946e-05 7.513969999999999816e-01 -6.598479999999999901e-01 -1.423999999999999919e-03
1.500000000000000000e+01 2.900000000000000000e+01 4.400000000000000000e+01 0.000000000000000000e+00 1.600000000000000089e+00 2.322999999999999978e-03 4.101999999999999744e-03 -9.999890000000000168e-01 6.491350000000000176e-01 7.606589999999999741e-01 4.629000000000000302e-03 7.606699999999999573e-01 -6.491390000000000216e-01 -8.949999999999999623e-04
1.900000000000000000e+01 2.900000000000000000e+01 4.400000000000000000e+01 0.000000000000000000e+00 1.600000000000000089e+00 -4.823000000000000030e-03 7.200000000000000453e-04 -9.999879999999999880e-01 6.384640000000000315e-01 7.696469999999999700e-01 -2.524999999999999901e-03 7.696370000000000156e-01 -6.384689999999999532e-01 -4.171000000000000228e-03
1.500000000000000000e+01 6.000000000000000000e+00 5.100000000000000000e+01 0.000000000000000000e+00 1.600000000000000089e+00 3.936000000000000262e-03 2.994000000000000133e-03 -9.999879999999999880e-01 3.150760000000000227e-01 -9.490650000000000475e-01 -1.601999999999999908e-03 -9.490579999999999572e-01 -3.150660000000000127e-01 -4.678999999999999999e-03
9.000000000000000000e+00 1.150000000000000000e+02 5.100000000000000000e+01 0.000000000000000000e+00 1.600000000000000089e+00 -9.269999999999999811e-04 2.550000000000000183e-04 1.000000000000000000e+00 8.467540000000000067e-01 -5.319829999999999837e-01 9.200000000000000278e-04 5.319829999999999837e-01 8.467550000000000354e-01 2.779999999999999811e-04
1.400000000000000000e+01 1.150000000000000000e+02 5.100000000000000000e+01 0.000000000000000000e+00 1.600000000000000089e+00 2.449999999999999921e-04 1.297999999999999892e-03 9.999989999999999712e-01 8.475819999999999466e-01 -5.306640000000000246e-01 4.809999999999999823e-04 5.306640000000000246e-01 8.475810000000000288e-01 -1.229999999999999974e-03
9.000000000000000000e+00 7.000000000000000000e+00 5.200000000000000000e+01 0.000000000000000000e+00 1.600000000000000089e+00 -6.250000000000000130e-04 -8.379999999999999862e-04 -9.999989999999999712e-01 8.552700000000000580e-02 -9.963359999999999994e-01 7.810000000000000102e-04 -9.963359999999999994e-01 -8.552700000000000580e-02 6.949999999999999798e-04
1.800000000000000000e+01 7.000000000000000000e+00 5.200000000000000000e+01 0.000000000000000000e+00 1.600000000000000089e+00 5.505999999999999610e-03 -2.103999999999999967e-03 -9.999829999999999552e-01 9.636200000000000321e-02 -9.953429999999999778e-01 2.625000000000000163e-03 -9.953309999999999658e-01 -9.637500000000000233e-02 -5.277999999999999706e-03
2.000000000000000000e+00 1.600000000000000000e+01 5.200000000000000000e+01 0.000000000000000000e+00 1.600000000000000089e+00 -2.510000000000000078e-03 -5.119999999999999768e-04 -9.999970000000000248e-01 7.751909999999999634e-01 6.317230000000000345e-01 -2.269000000000000183e-03 6.317220000000000057e-01 -7.751940000000000497e-01 -1.188999999999999953e-03
3.000000000000000000e+00 6.300000000000000000e+01 5.400000000000000000e+01 0.000000000000000000e+00 1.600000000000000089e+00 1.129000000000000012e-03 -5.035999999999999678e-03 9.999869999999999592e-01 -3.553910000000000124e-01 9.347039999999999793e-01 5.108999999999999826e-03 -9.347170000000000201e-01 -3.553919999999999857e-01 -7.339999999999999520e-04
7.000000000000000000e+00 6.300000000000000000e+01 5.400000000000000000e+01 0.000000000000000000e+00 1.600000000000000089e+00 3.269999999999999795e-04 -1.077000000000000049e-03 9.999989999999999712e-01 -3.545320000000000138e-01 9.350429999999999575e-01 1.123000000000000083e-03 -9.350439999999999863e-01 -3.545320000000000138e-01 -7.600000000000000418e-05
1.100000000000000000e+01 6.300000000000000000e+01 5.400000000000000000e+01 0.000000000000000000e+00 1.600000000000000089e+00 -2.480000000000000000e-03 6.220000000000000485e-04 9.999970000000000248e-01 -3.520929999999999893e-01 9.359640000000000182e-01 -1.454999999999999913e-03 -9.359619999999999607e-01 -3.520949999999999913e-01 -2.102000000000000136e-03
2.000000000000000000e+01 6.300000000000000000e+01 5.400000000000000000e+01 0.000000000000000000e+00 1.600000000000000089e+00 -4.040000000000000080e-04 2.622999999999999898e-03 9.999959999999999960e-01 -3.461980000000000057e-01 9.381580000000000474e-01 -2.601000000000000013e-03 -9.381610000000000227e-01 -3.461969999999999770e-01 5.289999999999999564e-04
2.200000000000000000e+01 6.300000000000000000e+01 5.400000000000000000e+01 0.000000000000000000e+00 1.600000000000000089e+00 7.179999999999999967e-04 3.968000000000000173e-03 9.999919999999999920e-01 -3.493649999999999811e-01 9.369800000000000351e-01 -3.468000000000000162e-03 -9.369859999999999856e-01 -3.493600000000000039e-01 2.059000000000000066e-03
3.000000000000000000e+01 6.300000000000000000e+01 5.400000000000000000e+01 0.000000000000000000e+00 1.600000000000000089e+00 -2.203000000000000097e-03 -4.256000000000000234e-03 9.999879999999999880e-01 -3.568370000000000153e-01 9.341610000000000191e-01 3.190000000000000127e-03 -9.341639999999999944e-01 -3.568259999999999765e-01 -3.576999999999999885e-03
2.000000000000000000e+00 2.500000000000000000e+01 5.500000000000000000e+01 0.000000000000000000e+00 1.600000000000000089e+00 1.561000000000000104e-03 1.778999999999999982e-03 -9.999970000000000248e-01 -1.286699999999999997e-02 -9.999160000000000270e-01 -1.799000000000000035e-03 -9.999160000000000270e-01 1.286999999999999950e-02 -1.538000000000000088e-03
1.500000000000000000e+01 2.500000000000000000e+01 5.500000000000000000e+01 0.000000000000000000e+00 1.600000000000000089e+00 -2.069999999999999900e-04 2.412000000000000081e-03 -9.999970000000000248e-01 -1.138899999999999982e-02 -9.999320000000000430e-01 -2.409000000000000117e-03 -9.999350000000000183e-01 1.138899999999999982e-02 2.339999999999999958e-04
3.000000000000000000e+00 2.100000000000000000e+01 6.000000000000000000e+01 0.000000000000000000e+00 1.600000000000000089e+00 -1.157999999999999958e-03 4.576000000000000206e-03 9.999890000000000168e-01 -9.572400000000000353e-02 9.953969999999999763e-01 -4.666000000000000009e-03 -9.954070000000000418e-01 -9.572899999999999465e-02 -7.150000000000000322e-04
7.000000000000000000e+00 2.100000000000000000e+01 6.000000000000000000e+01 0.000000000000000000e+00 1.600000000000000089e+00 -5.569999999999999864e-04 2.691999999999999948e-03 9.999959999999999960e-01 -9.377499999999999725e-02 9.955899999999999750e-01 -2.732000000000000053e-03 -9.955929999999999502e-01 -9.377599999999999825e-02 -3.020000000000000223e-04
1.500000000000000000e+01 2.100000000000000000e+01 6.000000000000000000e+01 0.000000000000000000e+00 1.600000000000000089e+00 1.423000000000000003e-03 -8.954000000000000153e-03 9.999590000000000423e-01 -9.824600000000000000e-02 9.951210000000000333e-01 9.050000000000000752e-03 -9.951609999999999623e-01 -9.825499999999999512e-02 5.360000000000000181e-04
2.100000000000000000e+01 2.100000000000000000e+01 6.000000000000000000e+01 0.000000000000000000e+00 1.600000000000000089e+00 -8.120000000000000048e-04 5.780999999999999681e-03 9.999829999999999552e-01 -9.819999999999999563e-02 9.951499999999999790e-01 -5.832000000000000378e-03 -9.951659999999999950e-01 -9.820399999999999963e-02 -2.410000000000000033e-04
2.800000000000000000e+01 2.100000000000000000e+01 6.000000000000000000e+01 0.000000000000000000e+00 1.600000000000000089e+00 -8.620000000000000275e-04 -7.823000000000000093e-03 9.999689999999999968e-01 -9.581900000000000139e-02 9.953689999999999483e-01 7.703999999999999911e-03 -9.953980000000000050e-01 -9.581000000000000627e-02 -1.608000000000000054e-03
2.000000000000000000e+01 6.700000000000000000e+01 6.000000000000000000e+01 0.000000000000000000e+00 1.600000000000000089e+00 2.739999999999999814e-03 5.080000000000000314e-03 9.999829999999999552e-01 1.795549999999999924e-01 -9.837380000000000013e-01 4.505999999999999589e-03 9.837439999999999518e-01 1.795390000000000041e-01 -3.608000000000000096e-03
2.000000000000000000e+00 3.000000000000000000e+00 6.300000000000000000e+01 0.000000000000000000e+00 1.600000000000000089e+00 -2.350999999999999791e-03 -5.080000000000000314e-03 9.999839999999999840e-01 -6.143079999999999652e-01 7.890620000000000411e-01 2.563999999999999873e-03 -7.890629999999999589e-01 -6.142919999999999492e-01 -4.976000000000000388e-03
1.000000000000000000e+01 3.000000000000000000e+00 6.300000000000000000e+01 0.000000000000000000e+00 1.600000000000000089e+00 2.317000000000000049e-03 -5.271999999999999777e-03 9.999829999999999552e-01 -6.154079999999999551e-01 7.881890000000000285e-01 5.581000000000000023e-03 -7.882050000000000445e-01 -6.154110000000000413e-01 -1.417999999999999990e-03
5.000000000000000000e+00 2.700000000000000000e+01 6.300000000000000000e+01 0.000000000000000000e+00 1.600000000000000089e+00 1.222999999999999912e-03 2.076999999999999853e-03 9.999970000000000248e-01 -2.747209999999999930e-01 9.615230000000000166e-01 -1.660999999999999933e-03 -9.615230000000000166e-01 -2.747180000000000177e-01 1.747000000000000072e-03
1.000000000000000000e+01 2.700000000000000000e+01 6.300000000000000000e+01 0.000000000000000000e+00 1.600000000000000089e+00 9.849999999999999815e-04 5.186999999999999771e-03 9.999860000000000415e-01 -2.747800000000000242e-01 9.614960000000000173e-01 -4.716999999999999839e-03 -9.615070000000000006e-01 -2.747709999999999875e-01 2.371999999999999977e-03
1.400000000000000000e+01 2.700000000000000000e+01 6.300000000000000000e+01 0.000000000000000000e+00 1.600000000000000089e+00 -1.461000000000000059e-03 -3.367999999999999900e-03 9.999930000000000208e-01 -2.706089999999999884e-01 9.626850000000000129e-01 2.847000000000000138e-03 -9.626879999999999882e-01 -2.706029999999999824e-01 -2.318000000000000182e-03
2.700000000000000000e+01 2.700000000000000000e+01 6.300000000000000000e+01 0.000000000000000000e+00 1.600000000000000089e+00 2.380999999999999870e-03 -6.936000000000000325e-03 9.999730000000000008e-01 -2.746600000000000152e-01 9.615139999999999798e-01 7.322999999999999649e-03 -9.615390000000000326e-01 -2.746700000000000252e-01 3.840000000000000097e-04
2.000000000000000000e+00 2.600000000000000000e+01 6.400000000000000000e+01 0.000000000000000000e+00 1.600000000000000089e+00 1.119999999999999902e-03 -3.759999999999999779e-04 9.999989999999999712e-01 -3.681400000000000228e-01 9.297699999999999854e-01 7.619999999999999820e-04 -9.297699999999999854e-01 -3.681409999999999960e-01 9.030000000000000483e-04
9.000000000000000000e+00 2.600000000000000000e+01 6.400000000000000000e+01 0.000000000000000000e+00 1.600000000000000089e+00 1.284999999999999901e-03 6.702999999999999757e-03 9.999770000000000048e-01 -3.662759999999999905e-01 9.304879999999999818e-01 -5.767000000000000424e-03 -9.305050000000000265e-01 -3.662599999999999745e-01 3.650000000000000033e-03
1.700000000000000000e+01 2.600000000000000000e+01 6.400000000000000000e+01 0.000000000000000000e+00 1.600000000000000089e+00 -8.289999999999999843e-04 -4.317999999999999790e-03 9.999900000000000455e-01 -3.646829999999999794e-01 9.311239999999999517e-01 3.717999999999999951e-03 -9.311310000000000420e-01 -3.646760000000000002e-01 -2.347000000000000128e-03
