1.100000000000000000e+01 2.500000000000000000e+01 1.000000000000000000e+00 0.000000000000000000e+00 1.600000000000000089e+00 -4.063999999999999904e-03 -4.662000000000000345e-03 -9.999810000000000088e-01 -5.310570000000000013e-01 -8.473140000000000116e-01 6.107999999999999714e-03 -8.473270000000000524e-01 5.310709999999999598e-01 9.669999999999999776e-04
2.000000000000000000e+01 2.500000000000000000e+01 1.000000000000000000e+00 0.000000000000000000e+00 1.600000000000000089e+00 -7.590000000000000175e-04 -3.134000000000000067e-03 -9.999949999999999672e-01 -5.252259999999999707e-01 -8.509569999999999634e-01 3.065000000000000016e-03 -8.509619999999999962e-01 5.252259999999999707e-01 -1.000999999999999937e-03
5.000000000000000000e+00 1.500000000000000000e+01 4.000000000000000000e+00 0.000000000000000000e+00 1.600000000000000089e+00 5.640000000000000482e-04 -2.884999999999999978e-03 9.999959999999999960e-01 2.955130000000000257e-01 -9.553340000000000165e-01 -2.922999999999999817e-03 9.553390000000000493e-01 2.955130000000000257e-01 3.130000000000000187e-04
1.100000000000000000e+01 1.500000000000000000e+01 4.000000000000000000e+00 0.000000000000000000e+00 1.600000000000000089e+00 2.750000000000000166e-04 -1.964700000000000127e-02 9.998070000000000013e-01 2.903589999999999782e-01 -9.567320000000000269e-01 -1.888000000000000095e-02 9.569180000000000463e-01 2.903080000000000105e-01 5.441999999999999789e-03
2.100000000000000000e+01 1.500000000000000000e+01 4.000000000000000000e+00 0.000000000000000000e+00 1.600000000000000089e+00 -2.340000000000000066e-03 -1.002800000000000046e-02 9.999470000000000303e-01 2.810360000000000080e-01 -9.596550000000000358e-01 -8.966000000000000011e-03 9.596940000000000470e-01 2.810000000000000275e-01 5.063999999999999925e-03
2.000000000000000000e+00 1.010000000000000000e+02 7.000000000000000000e+00 0.000000000000000000e+00 1.600000000000000089e+00 7.969999999999999654e-04 -5.930999999999999640e-03 9.999820000000000375e-01 8.842149999999999732e-01 4.670750000000000179e-01 2.064999999999999995e-03 -4.670790000000000219e-01 8.841980000000000395e-01 5.616000000000000332e-03
7.000000000000000000e+00 1.010000000000000000e+02 7.000000000000000000e+00 0.000000000000000000e+00 1.600000000000000089e+00 -2.063999999999999863e-03 -1.558700000000000016e-02 9.998759999999999870e-01 8.867350000000000509e-01 4.621890000000000165e-01 9.034999999999999629e-03 -4.622729999999999895e-01 8.866439999999999877e-01 1.286699999999999997e-02
1.700000000000000000e+01 1.010000000000000000e+02 7.000000000000000000e+00 0.000000000000000000e+00 1.600000000000000089e+00 -1.092000000000000089e-03 -3.154000000000000119e-03 9.999940000000000495e-01 8.859489999999999865e-01 4.637760000000000216e-01 2.429999999999999868e-03 -4.637809999999999988e-01 8.859470000000000400e-01 2.288000000000000103e-03
2.300000000000000000e+01 1.010000000000000000e+02 7.000000000000000000e+00 0.000000000000000000e+00 1.600000000000000089e+00 -2.034999999999999917e-03 -4.545000000000000429e-03 9.999879999999999880e-01 8.842269999999999852e-01 4.670409999999999839e-01 3.923000000000000272e-03 -4.670529999999999959e-01 8.842240000000000100e-01 3.069000000000000113e-03
9.000000000000000000e+00 1.500000000000000000e+01 8.000000000000000000e+00 0.000000000000000000e+00 1.600000000000000089e+00 -2.096000000000000207e-03 -6.571999999999999717e-03 -9.999759999999999760e-01 -5.911969999999999725e-01 -8.065010000000000234e-01 6.539999999999999807e-03 -8.065250000000000474e-01 5.911960000000000548e-01 -2.194999999999999903e-03
1.300000000000000000e+01 1.500000000000000000e+01 8.000000000000000000e+00 0.000000000000000000e+00 1.600000000000000089e+00 -3.115000000000000147e-03 -2.016199999999999937e-02 -9.997920000000000140e-01 -5.937989999999999657e-01 -8.044099999999999584e-01 1.807200000000000126e-02 -8.046069999999999611e-01 5.937320000000000375e-01 -9.466999999999999721e-03
2.300000000000000000e+01 1.500000000000000000e+01 8.000000000000000000e+00 0.000000000000000000e+00 1.600000000000000089e+00 -3.897999999999999989e-03 -3.052000000000000025e-03 -9.999879999999999880e-01 -5.944049999999999612e-01 -8.041519999999999779e-01 4.771000000000000067e-03 -8.041570000000000107e-01 5.944160000000000554e-01 1.319999999999999993e-03
3.000000000000000000e+00 2.400000000000000000e+01 9.000000000000000000e+00 0.000000000000000000e+00 1.600000000000000089e+00 5.730000000000000501e-04 6.070000000000000092e-04 -1.000000000000000000e+00 4.595239999999999880e-01 8.881649999999999823e-01 8.030000000000000028e-04 8.881649999999999823e-01 -4.595239999999999880e-01 2.300000000000000070e-04
8.000000000000000000e+00 2.400000000000000000e+01 9.000000000000000000e+00 0.000000000000000000e+00 1.600000000000000089e+00 2.367999999999999879e-03 8.413000000000000339e-03 -9.999620000000000175e-01 4.585890000000000244e-01 8.886070000000000357e-01 8.562000000000000166e-03 8.886460000000000470e-01 -4.585910000000000264e-01 -1.753999999999999917e-03
1.300000000000000000e+01 2.400000000000000000e+01 9.000000000000000000e+00 0.000000000000000000e+00 1.600000000000000089e+00 4.266999999999999960e-03 1.063300000000000009e-02 -9.999339999999999895e-01 4.581990000000000229e-01 8.887760000000000105e-01 1.140599999999999947e-02 8.888390000000000457e-01 -4.582180000000000142e-01 -1.080000000000000014e-03
1.500000000000000000e+01 2.400000000000000000e+01 9.000000000000000000e+00 0.000000000000000000e+00 1.600000000000000089e+00 4.536000000000000101e-03 1.042200000000000071e-02 -9.999350000000000183e-01 4.574650000000000105e-01 8.891550000000000287e-01 1.134199999999999965e-02 8.892160000000000064e-01 -4.574869999999999770e-01 -7.349999999999999763e-04
1.800000000000000000e+01 2.400000000000000000e+01 9.000000000000000000e+00 0.000000000000000000e+00 1.600000000000000089e+00 3.844999999999999894e-03 7.435999999999999902e-03 -9.999649999999999928e-01 4.560750000000000082e-01 8.899019999999999708e-01 8.370999999999999969e-03 8.899329999999999741e-01 -4.560910000000000242e-01 3.000000000000000076e-05
2.200000000000000000e+01 2.400000000000000000e+01 9.000000000000000000e+00 0.000000000000000000e+00 1.600000000000000089e+00 3.269999999999999795e-04 -4.659999999999999971e-04 -1.000000000000000000e+00 4.542209999999999859e-01 8.908890000000000420e-01 -2.660000000000000146e-04 8.908890000000000420e-01 -4.542209999999999859e-01 5.029999999999999749e-04
5.000000000000000000e+00 4.000000000000000000e+00 1.100000000000000000e+01 0.000000000000000000e+00 1.600000000000000089e+00 3.010999999999999788e-03 2.089200000000000085e-02 -9.997770000000000268e-01 2.014519999999999922e-01 9.792720000000000313e-01 2.106999999999999845e-02 9.794939999999999758e-01 -2.014700000000000102e-01 -1.260000000000000052e-03
1.500000000000000000e+01 4.000000000000000000e+00 1.100000000000000000e+01 0.000000000000000000e+00 1.600000000000000089e+00 8.750000000000000182e-04 2.206299999999999928e-02 -9.997559999999999780e-01 1.752279999999999949e-01 9.842849999999999655e-01 2.187499999999999861e-02 9.845270000000000410e-01 -1.752049999999999996e-01 -3.004999999999999859e-03
2.000000000000000000e+00 3.100000000000000000e+01 1.200000000000000000e+01 0.000000000000000000e+00 1.600000000000000089e+00 1.296000000000000060e-03 8.750000000000000182e-04 9.999989999999999712e-01 -1.617800000000000141e-02 9.998690000000000078e-01 -8.540000000000000499e-04 -9.998679999999999790e-01 -1.617700000000000041e-02 1.309999999999999967e-03
6.000000000000000000e+00 3.100000000000000000e+01 1.200000000000000000e+01 0.000000000000000000e+00 1.600000000000000089e+00 3.269999999999999795e-04 2.382000000000000003e-03 9.999970000000000248e-01 -1.690900000000000042e-02 9.998540000000000205e-01 -2.376000000000000074e-03 -9.998569999999999958e-01 -1.690900000000000042e-02 3.669999999999999760e-04
1.500000000000000000e+01 3.000000000000000000e+00 1.300000000000000000e+01 0.000000000000000000e+00 1.600000000000000089e+00 6.520000000000000188e-04 2.221800000000000164e-02 9.997530000000000028e-01 -2.867000000000000191e-03 9.997489999999999988e-01 -2.221599999999999964e-02 -9.999959999999999960e-01 -2.851999999999999934e-03 7.150000000000000322e-04
1.700000000000000000e+01 3.000000000000000000e+00 1.300000000000000000e+01 0.000000000000000000e+00 1.600000000000000089e+00 4.929999999999999487e-04 1.635899999999999854e-02 9.998660000000000325e-01 -1.585999999999999953e-03 9.998650000000000038e-01 -1.635800000000000101e-02 -9.999989999999999712e-01 -1.577999999999999976e-03 5.190000000000000386e-04
2.000000000000000000e+01 3.000000000000000000e+00 1.300000000000000000e+01 0.000000000000000000e+00 1.600000000000000089e+00 1.190000000000000058e-04 7.400000000000000328e-03 9.999730000000000008e-01 -1.093999999999999920e-03 9.999719999999999720e-01 -7.400000000000000328e-03 -9.999989999999999712e-01 -1.093999999999999920e-03 1.269999999999999970e-04
3.000000000000000000e+01 3.000000000000000000e+00 1.300000000000000000e+01 0.000000000000000000e+00 1.600000000000000089e+00 1.701000000000000038e-03 1.132999999999999893e-03 9.999980000000000535e-01 -8.970000000000000542e-03 9.999590000000000423e-01 -1.118000000000000070e-03 -9.999580000000000135e-01 -8.968000000000000277e-03 1.711000000000000064e-03
1.000000000000000000e+00 1.200000000000000000e+01 1.500000000000000000e+01 0.000000000000000000e+00 1.600000000000000089e+00 -8.040000000000000271e-04 -7.069999999999999462e-04 -9.999989999999999712e-01 -4.721650000000000014e-01 -8.815100000000000158e-01 1.002999999999999985e-03 -8.815100000000000158e-01 4.721650000000000014e-01 3.750000000000000078e-04
1.000000000000000000e+01 1.200000000000000000e+01 1.500000000000000000e+01 0.000000000000000000e+00 1.600000000000000089e+00 -1.008999999999999914e-03 -2.772999999999999857e-03 -9.999959999999999960e-01 -4.731009999999999938e-01 -8.810040000000000093e-01 2.919999999999999853e-03 -8.810080000000000133e-01 4.731009999999999938e-01 -4.229999999999999819e-04
1.700000000000000000e+01 1.200000000000000000e+01 1.500000000000000000e+01 0.000000000000000000e+00 1.600000000000000089e+00 -1.366999999999999943e-03 -9.726999999999999535e-03 -9.999519999999999520e-01 -4.710690000000000155e-01 -8.820480000000000542e-01 9.223999999999999561e-03 -8.820959999999999912e-01 4.710579999999999767e-01 -3.376000000000000095e-03
2.200000000000000000e+01 1.200000000000000000e+01 1.500000000000000000e+01 0.000000000000000000e+00 1.600000000000000089e+00 -3.350000000000000113e-03 -3.348999999999999980e-03 -9.999890000000000168e-01 -4.691060000000000230e-01 -8.831299999999999706e-01 4.529000000000000040e-03 -8.831360000000000321e-01 4.691159999999999775e-01 1.387999999999999911e-03
6.000000000000000000e+00 1.160000000000000000e+02 1.600000000000000000e+01 0.000000000000000000e+00 1.600000000000000089e+00 -1.647000000000000026e-03 -2.017999999999999829e-03 9.999970000000000248e-01 6.689540000000000486e-01 7.432990000000000430e-01 2.601000000000000013e-03 -7.433020000000000183e-01 6.689559999999999951e-01 1.259999999999999998e-04
7.000000000000000000e+00 2.000000000000000000e+00 1.900000000000000000e+01 0.000000000000000000e+00 1.600000000000000089e+00 4.028999999999999596e-03 4.122999999999999929e-03 -9.999829999999999552e-01 2.148889999999999967e-01 -9.766329999999999734e-01 -3.161000000000000181e-03 -9.766299999999999981e-01 -2.148720000000000074e-01 -4.820999999999999765e-03
1.400000000000000000e+01 2.000000000000000000e+00 1.900000000000000000e+01 0.000000000000000000e+00 1.600000000000000089e+00 -5.900000000000000296e-04 -6.229000000000000162e-03 -9.999799999999999800e-01 2.100450000000000095e-01 -9.776730000000000143e-01 5.967000000000000082e-03 -9.776909999999999767e-01 -2.100380000000000025e-01 1.884999999999999957e-03
2.000000000000000000e+01 2.000000000000000000e+00 1.900000000000000000e+01 0.000000000000000000e+00 1.600000000000000089e+00 1.526000000000000013e-03 -1.436600000000000030e-02 -9.998960000000000070e-01 2.143039999999999945e-01 -9.766610000000000014e-01 1.435900000000000024e-02 -9.767660000000000231e-01 -2.143039999999999945e-01 1.588999999999999918e-03
2.400000000000000000e+01 2.000000000000000000e+00 1.900000000000000000e+01 0.000000000000000000e+00 1.600000000000000089e+00 -4.500000000000000283e-05 -3.869000000000000043e-03 -9.999930000000000208e-01 2.114000000000000046e-01 -9.773920000000000385e-01 3.772000000000000179e-03 -9.774000000000000465e-01 -2.113980000000000026e-01 8.620000000000000275e-04
1.600000000000000000e+01 4.000000000000000000e+00 2.000000000000000000e+01 0.000000000000000000e+00 1.600000000000000089e+00 1.100000000000000066e-03 -7.683999999999999858e-03 -9.999700000000000255e-01 2.981260000000000021e-01 -9.544960000000000111e-01 7.662000000000000408e-03 -9.545259999999999856e-01 -2.981249999999999734e-01 1.240000000000000000e-03
2.800000000000000000e+01 4.000000000000000000e+00 2.000000000000000000e+01 0.000000000000000000e+00 1.600000000000000089e+00 1.087999999999999991e-03 -2.230999999999999910e-03 -9.999970000000000248e-01 2.889459999999999806e-01 -9.573420000000000263e-01 2.449999999999999921e-03 -9.573450000000000015e-01 -2.889470000000000094e-01 -3.970000000000000005e-04
7.000000000000000000e+00 1.300000000000000000e+01 2.000000000000000000e+01 0.000000000000000000e+00 1.600000000000000089e+00 -2.480000000000000108e-04 1.126999999999999964e-03 9.999989999999999712e-01 2.617430000000000034e-01 9.651370000000000227e-01 -1.023000000000000038e-03 -9.651380000000000514e-01 2.617430000000000034e-01 -5.339999999999999695e-04
1.000000000000000000e+01 1.300000000000000000e+01 2.000000000000000000e+01 0.000000000000000000e+00 1.600000000000000089e+00 -9.139999999999999904e-04 -6.173999999999999801e-03 9.999810000000000088e-01 2.623610000000000109e-01 9.649499999999999744e-01 6.198000000000000384e-03 -9.649689999999999657e-01 2.623610000000000109e-01 7.380000000000000492e-04
1.800000000000000000e+01 1.300000000000000000e+01 2.000000000000000000e+01 0.000000000000000000e+00 1.600000000000000089e+00 4.690000000000000158e-04 7.129999999999999836e-04 1.000000000000000000e+00 2.645390000000000241e-01 9.643749999999999822e-01 -8.120000000000000048e-04 -9.643749999999999822e-01 2.645390000000000241e-01 2.629999999999999959e-04
2.300000000000000000e+01 1.300000000000000000e+01 2.000000000000000000e+01 0.000000000000000000e+00 1.600000000000000089e+00 -1.530000000000000056e-04 6.750000000000000357e-04 1.000000000000000000e+00 2.640060000000000184e-01 9.645209999999999617e-01 -6.099999999999999737e-04 -9.645209999999999617e-01 2.640060000000000184e-01 -3.260000000000000094e-04
2.900000000000000000e+01 1.300000000000000000e+01 2.000000000000000000e+01 0.000000000000000000e+00 1.600000000000000089e+00 -2.360000000000000119e-03 4.993000000000000042e-03 9.999850000000000128e-01 2.633960000000000190e-01 9.646789999999999532e-01 -4.194999999999999944e-03 -9.646850000000000147e-01 2.633820000000000050e-01 -3.591000000000000008e-03
7.000000000000000000e+00 1.600000000000000000e+01 2.100000000000000000e+01 0.000000000000000000e+00 1.600000000000000089e+00 -3.750000000000000078e-04 3.298000000000000150e-03 9.999940000000000495e-01 2.997859999999999969e-01 9.540020000000000167e-01 -3.033999999999999805e-03 -9.540060000000000207e-01 2.997830000000000217e-01 -1.345999999999999974e-03
1.000000000000000000e+01 1.600000000000000000e+01 2.100000000000000000e+01 0.000000000000000000e+00 1.600000000000000089e+00 -2.149999999999999947e-04 -8.184000000000000302e-03 9.999670000000000503e-01 3.005329999999999946e-01 9.537390000000000034e-01 7.870000000000000259e-03 -9.537710000000000354e-01 3.005249999999999866e-01 2.255000000000000060e-03
1.400000000000000000e+01 1.600000000000000000e+01 2.100000000000000000e+01 0.000000000000000000e+00 1.600000000000000089e+00 1.281999999999999936e-03 -7.832999999999999685e-03 9.999679999999999680e-01 3.034080000000000110e-01 9.528339999999999588e-01 7.074999999999999692e-03 -9.528600000000000403e-01 3.033899999999999930e-01 3.598000000000000070e-03
1.800000000000000000e+01 1.600000000000000000e+01 2.100000000000000000e+01 0.000000000000000000e+00 1.600000000000000089e+00 -3.289999999999999739e-04 -3.495999999999999976e-03 9.999940000000000495e-01 3.029510000000000258e-01 9.529999999999999583e-01 3.431000000000000022e-03 -9.530060000000000198e-01 3.029499999999999971e-01 7.450000000000000025e-04
2.400000000000000000e+01 1.600000000000000000e+01 2.100000000000000000e+01 0.000000000000000000e+00 1.600000000000000089e+00 -6.700000000000000226e-05 2.765999999999999796e-03 9.999959999999999960e-01 3.029470000000000218e-01 9.530039999999999623e-01 -2.615999999999999836e-03 -9.530070000000000485e-01 3.029450000000000198e-01 -9.020000000000000240e-04
1.800000000000000000e+01 4.600000000000000000e+01 2.700000000000000000e+01 0.000000000000000000e+00 1.600000000000000089e+00 -1.340000000000000045e-03 5.039999999999999992e-04 -9.999989999999999712e-01 6.685459999999999736e-01 7.436709999999999710e-01 -5.209999999999999788e-04 7.436700000000000532e-01 -6.685459999999999736e-01 -1.333999999999999899e-03
2.000000000000000000e+00 4.600000000000000000e+01 3.000000000000000000e+01 0.000000000000000000e+00 1.600000000000000089e+00 1.606000000000000006e-03 -2.851999999999999934e-03 -9.999949999999999672e-01 3.244029999999999969e-01 9.459159999999999791e-01 -2.177000000000000116e-03 9.459180000000000366e-01 -3.243980000000000197e-01 2.443999999999999992e-03
1.000000000000000000e+01 4.600000000000000000e+01 3.000000000000000000e+01 0.000000000000000000e+00 1.600000000000000089e+00 1.183999999999999940e-03 2.079000000000000119e-03 -9.999970000000000248e-01 3.256339999999999790e-01 9.454930000000000279e-01 2.350999999999999791e-03 9.454949999999999743e-01 -3.256359999999999810e-01 4.420000000000000101e-04
1.500000000000000000e+01 4.600000000000000000e+01 3.000000000000000000e+01 0.000000000000000000e+00 1.600000000000000089e+00 -3.609999999999999928e-04 -1.681999999999999901e-03 -9.999989999999999712e-01 3.238199999999999967e-01 9.461169999999999858e-01 -1.708000000000000100e-03 9.461190000000000433e-01 -3.238199999999999967e-01 2.030000000000000012e-04
2.500000000000000000e+01 4.600000000000000000e+01 3.000000000000000000e+01 0.000000000000000000e+00 1.600000000000000089e+00 -4.000000000000000327e-05 2.429999999999999977e-04 -1.000000000000000000e+00 3.164020000000000166e-01 9.486250000000000515e-01 2.169999999999999891e-04 9.486250000000000515e-01 -3.164020000000000166e-01 -1.150000000000000035e-04
2.900000000000000000e+01 4.600000000000000000e+01 3.000000000000000000e+01 0.000000000000000000e+00 1.600000000000000089e+00 8.909999999999999734e-04 1.681999999999999901e-03 -9.999980000000000535e-01 3.172789999999999777e-01 9.483300000000000063e-01 1.876999999999999979e-03 9.483319999999999528e-01 -3.172809999999999797e-01 3.119999999999999944e-04
2.000000000000000000e+00 5.800000000000000000e+01 3.100000000000000000e+01 0.000000000000000000e+00 1.600000000000000089e+00 2.699999999999999899e-05 2.530000000000000131e-03 9.999970000000000248e-01 -7.806790000000000118e-01 -6.249310000000000143e-01 1.601999999999999908e-03 6.249329999999999607e-01 -7.806760000000000366e-01 1.958000000000000105e-03
1.400000000000000000e+01 5.800000000000000000e+01 3.100000000000000000e+01 0.000000000000000000e+00 1.600000000000000089e+00 -2.325999999999999943e-03 -4.074999999999999629e-03 9.999890000000000168e-01 -7.858300000000000285e-01 -6.184279999999999777e-01 -4.348000000000000302e-03 6.184389999999999610e-01 -7.858309999999999462e-01 -1.763999999999999943e-03
2.100000000000000000e+01 5.800000000000000000e+01 3.100000000000000000e+01 0.000000000000000000e+00 1.600000000000000089e+00 1.049000000000000019e-03 -2.027000000000000156e-03 9.999970000000000248e-01 -7.838699999999999557e-01 -6.209249999999999492e-01 -4.360000000000000269e-04 6.209240000000000315e-01 -7.838680000000000092e-01 -2.240999999999999936e-03
2.500000000000000000e+01 5.800000000000000000e+01 3.100000000000000000e+01 0.000000000000000000e+00 1.600000000000000089e+00 -1.307999999999999918e-03 -1.673000000000000008e-03 9.999980000000000535e-01 -7.832200000000000273e-01 -6.217409999999999881e-01 -2.063999999999999863e-03 6.217430000000000456e-01 -7.832209999999999450e-01 -4.970000000000000459e-04
1.000000000000000000e+00 4.600000000000000000e+01 3.500000000000000000e+01 0.000000000000000000e+00 1.600000000000000089e+00 -2.155999999999999930e-03 -1.451000000000000033e-03 -9.999970000000000248e-01 3.842800000000000105e-01 -9.232169999999999543e-01 5.109999999999999525e-04 -9.232139999999999791e-01 -3.842769999999999797e-01 2.547999999999999918e-03
7.000000000000000000e+00 4.600000000000000000e+01 3.500000000000000000e+01 0.000000000000000000e+00 1.600000000000000089e+00 -1.162000000000000055e-03 3.331999999999999892e-03 -9.999940000000000495e-01 3.860160000000000258e-01 -9.224849999999999994e-01 -3.521999999999999957e-03 -9.224909999999999499e-01 -3.860179999999999723e-01 -2.139999999999999975e-04
1.300000000000000000e+01 4.600000000000000000e+01 3.500000000000000000e+01 0.000000000000000000e+00 1.600000000000000089e+00 -7.600000000000000418e-05 -2.465000000000000177e-03 -9.999970000000000248e-01 3.860850000000000115e-01 -9.224609999999999754e-01 2.245000000000000034e-03 -9.224630000000000329e-01 -3.860830000000000095e-01 1.021999999999999905e-03
1.700000000000000000e+01 4.600000000000000000e+01 3.500000000000000000e+01 0.000000000000000000e+00 1.600000000000000089e+00 -4.920000000000000328e-04 4.229999999999999819e-04 -1.000000000000000000e+00 3.869790000000000174e-01 -9.220880000000000187e-01 -5.800000000000000034e-04 -9.220880000000000187e-01 -3.869799999999999907e-01 2.900000000000000017e-04
2.300000000000000000e+01 4.600000000000000000e+01 3.500000000000000000e+01 0.000000000000000000e+00 1.600000000000000089e+00 2.030000000000000012e-04 -8.779999999999999827e-04 -1.000000000000000000e+00 3.861720000000000153e-01 -9.224259999999999682e-01 8.880000000000000089e-04 -9.224269999999999969e-01 -3.861720000000000153e-01 1.510000000000000112e-04
2.000000000000000000e+00 9.500000000000000000e+01 3.600000000000000000e+01 0.000000000000000000e+00 1.600000000000000089e+00 1.139000000000000038e-03 -7.063999999999999967e-03 9.999740000000000295e-01 9.966239999999999544e-01 8.209700000000000331e-02 -5.550000000000000462e-04 -8.209099999999999731e-02 9.965990000000000126e-01 7.132999999999999584e-03
7.000000000000000000e+00 9.500000000000000000e+01 3.600000000000000000e+01 0.000000000000000000e+00 1.600000000000000089e+00 -2.763999999999999964e-03 -3.523999999999999789e-03 9.999900000000000455e-01 9.965739999999999599e-01 8.264900000000000024e-02 3.046000000000000096e-03 -8.265899999999999637e-02 9.965720000000000134e-01 3.282999999999999894e-03
1.500000000000000000e+01 9.500000000000000000e+01 3.600000000000000000e+01 0.000000000000000000e+00 1.600000000000000089e+00 -4.329999999999999648e-03 -2.439099999999999949e-02 9.996930000000000538e-01 9.972579999999999778e-01 7.375600000000000211e-02 6.119000000000000307e-03 -7.388300000000000423e-02 9.969780000000000308e-01 2.400400000000000103e-02
2.000000000000000000e+01 9.500000000000000000e+01 3.600000000000000000e+01 0.000000000000000000e+00 1.600000000000000089e+00 -2.547999999999999918e-03 -1.466899999999999975e-02 9.998890000000000278e-01 9.975979999999999848e-01 6.917600000000000138e-02 3.556999999999999832e-03 -6.922000000000000375e-02 9.974969999999999670e-01 1.445800000000000037e-02
2.700000000000000000e+01 9.500000000000000000e+01 3.600000000000000000e+01 0.000000000000000000e+00 1.600000000000000089e+00 1.928999999999999942e-03 -1.842500000000000041e-02 9.998280000000000500e-01 9.977009999999999490e-01 6.776899999999999591e-02 -6.759999999999999516e-04 -6.774499999999999966e-02 9.975309999999999455e-01 1.851300000000000168e-02
5.000000000000000000e+00 3.000000000000000000e+00 4.300000000000000000e+01 0.000000000000000000e+00 1.600000000000000089e+00 -3.609999999999999928e-04 1.209900000000000038e-02 -9.999270000000000103e-01 7.410200000000000120e-01 -6.714310000000000000e-01 -8.392000000000000154e-03 -6.714830000000000521e-01 -7.409689999999999888e-01 -8.722999999999999851e-03
1.100000000000000000e+01 3.000000000000000000e+00 4.300000000000000000e+01 0.000000000000000000e+00 1.600000000000000089e+00 -1.724000000000000055e-03 3.201999999999999985e-03 -9.999930000000000208e-01 7.382830000000000226e-01 -6.744830000000000547e-01 -3.432000000000000155e-03 -6.744890000000000052e-01 -7.382840000000000513e-01 -1.201000000000000028e-03
1.400000000000000000e+01 3.000000000000000000e+00 4.300000000000000000e+01 0.000000000000000000e+00 1.600000000000000089e+00 3.805999999999999921e-03 -7.291999999999999871e-03 -9.999660000000000215e-01 7.378770000000000051e-01 -6.748910000000000187e-01 7.729999999999999892e-03 -6.749239999999999684e-01 -7.378820000000000379e-01 2.811999999999999830e-03
2.000000000000000000e+01 3.000000000000000000e+00 4.300000000000000000e+01 0.000000000000000000e+00 1.600000000000000089e+00 -2.446999999999999956e-03 -9.510000000000000224e-04 -9.999970000000000248e-01 7.398190000000000044e-01 -6.728049999999999864e-01 -1.170999999999999949e-03 -6.728020000000000111e-01 -7.398190000000000044e-01 2.350000000000000092e-03
2.700000000000000000e+01 3.000000000000000000e+00 4.300000000000000000e+01 0.000000000000000000e+00 1.600000000000000089e+00 1.103999999999999947e-03 -1.315299999999999976e-02 -9.999130000000000518e-01 7.410700000000000065e-01 -6.713590000000000391e-01 9.648999999999999591e-03 -6.714269999999999960e-01 -7.410160000000000080e-01 9.006000000000000116e-03
1.300000000000000000e+01 2.900000000000000000e+01 4.400000000000000000e+01 0.000000000000000000e+00 1.600000000000000089e+00 2.088000000000000012e-03 -4.600000000000000139e-04 -9.999980000000000535e-01 6.626319999999999988e-01 7.489440000000000541e-01 1.038999999999999993e-03 7.489419999999999966e-01 -6.626330000000000275e-01 1.869000000000000002e-03
1.700000000000000000e+01 2.900000000000000000e+01 4.400000000000000000e+01 0.000000000000000000e+00 1.600000000000000089e+00 -3.339999999999999870e-04 -5.190000000000000386e-04 -1.000000000000000000e+00 6.718199999999999728e-01 7.407139999999999835e-01 -6.080000000000000335e-04 7.407139999999999835e-01 -6.718199999999999728e-01 1.019999999999999992e-04
2.900000000000000000e+01 2.900000000000000000e+01 4.400000000000000000e+01 0.000000000000000000e+00 1.600000000000000089e+00 8.720000000000000537e-04 1.765999999999999992e-03 -9.999980000000000535e-01 6.810570000000000235e-01 7.322279999999999900e-01 1.887000000000000005e-03 7.322300000000000475e-01 -6.810580000000000522e-01 -5.649999999999999641e-04
2.200000000000000000e+01 6.000000000000000000e+00 5.100000000000000000e+01 0.000000000000000000e+00 1.600000000000000089e+00 1.673999999999999924e-03 -2.132999999999999913e-03 -9.999959999999999960e-01 3.316080000000000139e-01 -9.434139999999999748e-01 2.566999999999999837e-03 -9.434160000000000323e-01 -3.316109999999999891e-01 -8.720000000000000537e-04
2.700000000000000000e+01 6.000000000000000000e+00 5.100000000000000000e+01 0.000000000000000000e+00 1.600000000000000089e+00 -2.227999999999999946e-03 -6.838000000000000328e-03 -9.999740000000000295e-01 3.254210000000000158e-01 -9.455519999999999481e-01 5.740999999999999576e-03 -9.455670000000000464e-01 -3.254000000000000226e-01 4.331999999999999913e-03
1.400000000000000000e+01 7.000000000000000000e+00 5.200000000000000000e+01 0.000000000000000000e+00 1.600000000000000089e+00 -5.656999999999999702e-03 -3.791000000000000099e-03 -9.999770000000000048e-01 1.232950000000000018e-01 -9.923650000000000526e-01 3.063999999999999883e-03 -9.923539999999999583e-01 -1.232749999999999957e-01 6.080999999999999600e-03
2.500000000000000000e+01 7.000000000000000000e+00 5.200000000000000000e+01 0.000000000000000000e+00 1.600000000000000089e+00 -2.489999999999999809e-04 -3.233000000000000197e-03 -9.999949999999999672e-01 1.118640000000000051e-01 -9.937179999999999902e-01 3.184999999999999897e-03 -9.937230000000000230e-01 -1.118630000000000041e-01 6.089999999999999494e-04
2.000000000000000000e+01 1.600000000000000000e+01 5.200000000000000000e+01 0.000000000000000000e+00 1.600000000000000089e+00 8.470999999999999364e-03 1.108199999999999984e-02 -9.999029999999999863e-01 7.780030000000000001e-01 6.281149999999999789e-01 1.355199999999999981e-02 6.282039999999999846e-01 -7.780420000000000114e-01 -3.301000000000000115e-03
2.600000000000000000e+01 1.500000000000000000e+01 5.300000000000000000e+01 0.000000000000000000e+00 1.600000000000000089e+00 4.460000000000000422e-03 -5.597999999999999678e-03 -9.999740000000000295e-01 6.837800000000000544e-01 7.296880000000000033e-01 -1.034999999999999896e-03 7.296749999999999625e-01 -6.837579999999999769e-01 7.081999999999999754e-03
4.000000000000000000e+00 6.300000000000000000e+01 5.400000000000000000e+01 0.000000000000000000e+00 1.600000000000000089e+00 2.930000000000000204e-04 -1.685999999999999999e-03 9.999989999999999712e-01 -3.501580000000000248e-01 9.366889999999999938e-01 1.681999999999999901e-03 -9.366910000000000514e-01 -3.501580000000000248e-01 -3.159999999999999832e-04
8.000000000000000000e+00 6.300000000000000000e+01 5.400000000000000000e+01 0.000000000000000000e+00 1.600000000000000089e+00 8.059999999999999673e-04 7.659999999999999708e-04 9.999989999999999712e-01 -3.529610000000000247e-01 9.356379999999999697e-01 -4.319999999999999838e-04 -9.356379999999999697e-01 -3.529610000000000247e-01 1.025000000000000086e-03
1.200000000000000000e+01 6.300000000000000000e+01 5.400000000000000000e+01 0.000000000000000000e+00 1.600000000000000089e+00 6.970000000000000284e-04 2.197000000000000168e-03 9.999970000000000248e-01 -3.552130000000000010e-01 9.347839999999999483e-01 -1.806000000000000097e-03 -9.347849999999999770e-01 -3.552109999999999990e-01 1.431999999999999896e-03
1.600000000000000000e+01 6.300000000000000000e+01 5.400000000000000000e+01 0.000000000000000000e+00 1.600000000000000089e+00 1.121999999999999950e-03 -3.681999999999999943e-03 9.999930000000000208e-01 -3.554479999999999862e-01 9.346879999999999633e-01 3.840000000000000097e-03 -9.346950000000000536e-01 -3.554490000000000149e-01 -2.599999999999999772e-04
2.000000000000000000e+01 6.300000000000000000e+01 5.400000000000000000e+01 0.000000000000000000e+00 1.600000000000000089e+00 -1.136000000000000074e-03 -1.779999999999999898e-04 9.999989999999999712e-01 -3.497390000000000221e-01 9.368469999999999853e-01 -2.310000000000000042e-04 -9.368469999999999853e-01 -3.497390000000000221e-01 -1.126999999999999964e-03
2.500000000000000000e+01 6.300000000000000000e+01 5.400000000000000000e+01 0.000000000000000000e+00 1.600000000000000089e+00 9.790000000000000525e-04 1.466000000000000072e-03 9.999980000000000535e-01 -3.516980000000000106e-01 9.361129999999999729e-01 -1.028000000000000051e-03 -9.361129999999999729e-01 -3.516960000000000086e-01 1.431999999999999896e-03
2.800000000000000000e+01 6.300000000000000000e+01 5.400000000000000000e+01 0.000000000000000000e+00 1.600000000000000089e+00 2.530999999999999830e-03 -2.779999999999999811e-04 9.999970000000000248e-01 -3.535059999999999869e-01 9.354320000000000412e-01 1.154999999999999994e-03 -9.354289999999999550e-01 -3.535070000000000157e-01 2.269000000000000183e-03
6.000000000000000000e+00 2.500000000000000000e+01 5.500000000000000000e+01 0.000000000000000000e+00 1.600000000000000089e+00 -1.474000000000000050e-03 -1.059000000000000045e-03 -9.999980000000000535e-01 -9.381999999999999715e-03 -9.999550000000000383e-01 1.072999999999999952e-03 -9.999550000000000383e-01 9.383999999999999980e-03 1.464000000000000024e-03
1.200000000000000000e+01 2.500000000000000000e+01 5.500000000000000000e+01 0.000000000000000000e+00 1.600000000000000089e+00 1.430000000000000064e-04 -5.980000000000000072e-04 -1.000000000000000000e+00 -1.068599999999999932e-02 -9.999430000000000263e-01 5.959999999999999586e-04 -9.999430000000000263e-01 1.068599999999999932e-02 -1.499999999999999869e-04
1.500000000000000000e+01 2.500000000000000000e+01 5.500000000000000000e+01 0.000000000000000000e+00 1.600000000000000089e+00 1.552999999999999910e-03 1.371000000000000040e-03 -9.999980000000000535e-01 -1.174799999999999976e-02 -9.999299999999999855e-01 -1.389999999999999960e-03 -9.999299999999999855e-01 1.175000000000000003e-02 -1.536999999999999955e-03
1.800000000000000000e+01 2.500000000000000000e+01 5.500000000000000000e+01 0.000000000000000000e+00 1.600000000000000089e+00 7.770000000000000214e-04 -1.583999999999999905e-03 -9.999980000000000535e-01 -1.187900000000000067e-02 -9.999280000000000390e-01 1.575000000000000011e-03 -9.999289999999999567e-01 1.187799999999999967e-02 -7.960000000000000495e-04
2.800000000000000000e+01 2.500000000000000000e+01 5.500000000000000000e+01 0.000000000000000000e+00 1.600000000000000089e+00 -8.350000000000000217e-04 -2.139999999999999975e-03 -9.999970000000000248e-01 -1.114300000000000013e-02 -9.999360000000000470e-01 2.148999999999999869e-03 -9.999379999999999935e-01 1.114500000000000039e-02 8.120000000000000048e-04
2.300000000000000000e+01 6.800000000000000000e+01 5.700000000000000000e+01 0.000000000000000000e+00 1.600000000000000089e+00 4.690000000000000158e-04 -4.407999999999999592e-03 -9.999900000000000455e-01 -2.404119999999999868e-01 -9.706620000000000248e-01 4.166000000000000432e-03 -9.706709999999999505e-01 2.404080000000000106e-01 -1.515000000000000071e-03
2.000000000000000000e+00 2.100000000000000000e+01 6.000000000000000000e+01 0.000000000000000000e+00 1.600000000000000089e+00 8.100000000000000375e-05 -7.165999999999999627e-03 9.999740000000000295e-01 -9.685100000000000653e-02 9.952729999999999633e-01 7.139999999999999646e-03 -9.952990000000000448e-01 -9.684900000000000453e-02 -6.130000000000000466e-04
9.000000000000000000e+00 2.100000000000000000e+01 6.000000000000000000e+01 0.000000000000000000e+00 1.600000000000000089e+00 -1.930000000000000021e-04 -2.925000000000000083e-03 9.999959999999999960e-01 -9.734199999999999797e-02 9.952469999999999928e-01 2.892000000000000039e-03 -9.952509999999999968e-01 -9.734099999999999697e-02 -4.769999999999999934e-04
1.400000000000000000e+01 2.100000000000000000e+01 6.000000000000000000e+01 0.000000000000000000e+00 1.600000000000000089e+00 1.007000000000000083e-03 -1.562999999999999936e-03 9.999980000000000535e-01 -9.680700000000000416e-02 9.953020000000000200e-01 1.652999999999999955e-03 -9.953030000000000488e-01 -9.680900000000000616e-02 8.509999999999999769e-04
2.000000000000000000e+01 2.100000000000000000e+01 6.000000000000000000e+01 0.000000000000000000e+00 1.600000000000000089e+00 -9.879999999999999460e-04 -3.583999999999999946e-03 9.999930000000000208e-01 -9.755300000000000082e-02 9.952239999999999975e-01 3.469999999999999994e-03 -9.952299999999999480e-01 -9.754899999999999682e-02 -1.332999999999999984e-03
2.500000000000000000e+01 2.100000000000000000e+01 6.000000000000000000e+01 0.000000000000000000e+00 1.600000000000000089e+00 -4.029999999999999837e-04 6.137000000000000094e-03 9.999810000000000088e-01 -9.741900000000000559e-02 9.952239999999999975e-01 -6.146999999999999686e-03 -9.952429999999999888e-01 -9.742000000000000659e-02 1.969999999999999909e-04
7.000000000000000000e+00 3.000000000000000000e+00 6.300000000000000000e+01 0.000000000000000000e+00 1.600000000000000089e+00 6.920000000000000153e-04 4.327000000000000117e-03 9.999900000000000455e-01 -6.122840000000000504e-01 7.906320000000000014e-01 -2.997000000000000098e-03 -7.906379999999999519e-01 -6.122760000000000424e-01 3.196000000000000056e-03
3.000000000000000000e+00 2.700000000000000000e+01 6.300000000000000000e+01 0.000000000000000000e+00 1.600000000000000089e+00 -9.060000000000000128e-04 -8.040000000000000271e-04 9.999989999999999712e-01 -2.771750000000000047e-01 9.608189999999999786e-01 5.209999999999999788e-04 -9.608189999999999786e-01 -2.771739999999999760e-01 -1.093999999999999920e-03
8.000000000000000000e+00 2.700000000000000000e+01 6.300000000000000000e+01 0.000000000000000000e+00 1.600000000000000089e+00 4.360000000000000269e-04 2.622999999999999898e-03 9.999959999999999960e-01 -2.755750000000000144e-01 9.612760000000000193e-01 -2.402000000000000055e-03 -9.612789999999999946e-01 -2.755730000000000124e-01 1.142000000000000003e-03
1.400000000000000000e+01 2.700000000000000000e+01 6.300000000000000000e+01 0.000000000000000000e+00 1.600000000000000089e+00 -1.077000000000000049e-03 4.826000000000000428e-03 9.999879999999999880e-01 -2.731819999999999804e-01 9.619499999999999718e-01 -4.937000000000000416e-03 -9.619619999999999838e-01 -2.731839999999999824e-01 2.829999999999999942e-04
1.700000000000000000e+01 2.700000000000000000e+01 6.300000000000000000e+01 0.000000000000000000e+00 1.600000000000000089e+00 3.860000000000000041e-04 -8.270000000000000441e-04 1.000000000000000000e+00 -2.742559999999999998e-01 9.616559999999999553e-01 9.009999999999999997e-04 -9.616569999999999840e-01 -2.742559999999999998e-01 1.450000000000000009e-04
2.300000000000000000e+01 2.700000000000000000e+01 6.300000000000000000e+01 0.000000000000000000e+00 1.600000000000000089e+00 -9.829999999999999329e-04 -2.639999999999999986e-03 9.999959999999999960e-01 -2.735819999999999919e-01 9.618459999999999788e-01 2.269999999999999882e-03 -9.618480000000000363e-01 -2.735790000000000166e-01 -1.667999999999999995e-03
2.800000000000000000e+01 2.700000000000000000e+01 6.300000000000000000e+01 0.000000000000000000e+00 1.600000000000000089e+00 6.870000000000000022e-04 -4.928000000000000089e-03 9.999879999999999880e-01 -2.729610000000000092e-01 9.620130000000000070e-01 4.928000000000000089e-03 -9.620250000000000190e-01 -2.729610000000000092e-01 -6.840000000000000377e-04
6.000000000000000000e+00 2.600000000000000000e+01 6.400000000000000000e+01 0.000000000000000000e+00 1.600000000000000089e+00 -1.399999999999999877e-04 -7.100000000000000462e-05 1.000000000000000000e+00 -3.609910000000000063e-01 9.325689999999999813e-01 1.500000000000000038e-05 -9.325689999999999813e-01 -3.609910000000000063e-01 -1.559999999999999972e-04
1.100000000000000000e+01 2.600000000000000000e+01 6.400000000000000000e+01 0.000000000000000000e+00 1.600000000000000089e+00 -1.033000000000000064e-03 6.341000000000000282e-03 9.999789999999999512e-01 -3.581849999999999756e-01 9.336290000000000422e-01 -6.289999999999999584e-03 -9.336499999999999799e-01 -3.581840000000000024e-01 1.307000000000000002e-03
1.600000000000000000e+01 2.600000000000000000e+01 6.400000000000000000e+01 0.000000000000000000e+00 1.600000000000000089e+00 3.310000000000000225e-04 1.732000000000000033e-03 9.999980000000000535e-01 -3.591440000000000188e-01 9.332810000000000272e-01 -1.497000000000000067e-03 -9.332819999999999450e-01 -3.591429999999999900e-01 9.309999999999999699e-04
2.300000000000000000e+01 2.600000000000000000e+01 6.400000000000000000e+01 0.000000000000000000e+00 1.600000000000000089e+00 -1.170999999999999949e-03 -2.631999999999999791e-03 9.999959999999999960e-01 -3.586509999999999976e-01 9.334700000000000220e-01 2.037000000000000182e-03 -9.334710000000000507e-01 -3.586469999999999936e-01 -2.037000000000000182e-03
2.700000000000000000e+01 2.600000000000000000e+01 6.400000000000000000e+01 0.000000000000000000e+00 1.600000000000000089e+00 9.330000000000000186e-04 -2.273999999999999980e-03 9.999970000000000248e-01 -3.568450000000000233e-01 9.341599999999999904e-01 2.456999999999999983e-03 -9.341629999999999656e-01 -3.568470000000000253e-01 6.000000000000000152e-05
9.000000000000000000e+00 8.500000000000000000e+01 6.600000000000000000e+01 0.000000000000000000e+00 1.600000000000000089e+00 -8.325000000000000802e-03 1.202499999999999923e-02 9.998930000000000318e-01 1.499179999999999957e-01 -9.886110000000000175e-01 1.313800000000000037e-02 9.886629999999999585e-01 1.500110000000000054e-01 6.427000000000000421e-03
