7.000000000000000000e+00 1.500000000000000000e+01 4.000000000000000000e+00 0.000000000000000000e+00 1.600000000000000089e+00 -2.693000000000000081e-03 2.806300000000000114e-02 9.996019999999999905e-01 3.231809999999999961e-01 -9.459400000000000031e-01 2.742699999999999999e-02 9.463329999999999798e-01 3.231260000000000243e-01 -6.522000000000000020e-03
2.900000000000000000e+01 1.500000000000000000e+01 4.000000000000000000e+00 0.000000000000000000e+00 1.600000000000000089e+00 -5.599999999999999916e-05 2.536199999999999913e-02 9.996779999999999555e-01 3.822189999999999754e-01 -9.237739999999999840e-01 2.345799999999999969e-02 9.240720000000000045e-01 3.820979999999999932e-01 -9.641999999999999529e-03
1.100000000000000000e+01 1.300000000000000000e+01 5.000000000000000000e+00 0.000000000000000000e+00 1.600000000000000089e+00 -6.285999999999999921e-03 6.377599999999999936e-02 9.979440000000000532e-01 3.310119999999999729e-01 -9.415710000000000468e-01 6.225900000000000184e-02 9.436059999999999448e-01 3.307229999999999892e-01 -1.519200000000000064e-02
1.700000000000000000e+01 1.000000000000000000e+00 6.000000000000000000e+00 0.000000000000000000e+00 1.600000000000000089e+00 -1.780800000000000091e-02 1.145369999999999999e-01 -9.932590000000000030e-01 -1.817749999999999921e-01 -9.772319999999999895e-01 -1.094289999999999985e-01 -9.831790000000000251e-01 1.786010000000000097e-01 3.822199999999999903e-02
6.000000000000000000e+00 1.010000000000000000e+02 7.000000000000000000e+00 0.000000000000000000e+00 1.600000000000000089e+00 -1.105999999999999995e-03 -5.930000000000000375e-03 9.999820000000000375e-01 8.879479999999999595e-01 4.599300000000000055e-01 3.709000000000000057e-03 -4.599429999999999907e-01 8.879359999999999475e-01 4.755999999999999811e-03
1.300000000000000000e+01 1.010000000000000000e+02 7.000000000000000000e+00 0.000000000000000000e+00 1.600000000000000089e+00 2.020000000000000040e-04 1.673499999999999988e-02 9.998599999999999710e-01 8.893760000000000554e-01 4.571089999999999876e-01 -7.830999999999999420e-03 -4.571760000000000268e-01 8.892529999999999601e-01 -1.479100000000000033e-02
2.200000000000000000e+01 1.010000000000000000e+02 7.000000000000000000e+00 0.000000000000000000e+00 1.600000000000000089e+00 -1.154999999999999994e-03 -5.425000000000000135e-03 9.999850000000000128e-01 8.882970000000000033e-01 4.592559999999999976e-01 3.517000000000000161e-03 -4.592680000000000096e-01 8.882870000000000488e-01 4.289000000000000278e-03
2.700000000000000000e+01 1.010000000000000000e+02 7.000000000000000000e+00 0.000000000000000000e+00 1.600000000000000089e+00 -7.550000000000000287e-04 1.252799999999999921e-02 9.999209999999999487e-01 8.858660000000000423e-01 4.639130000000000198e-01 -5.143000000000000002e-03 -4.639400000000000190e-01 8.857920000000000238e-01 -1.144799999999999984e-02
4.000000000000000000e+00 2.500000000000000000e+01 8.000000000000000000e+00 0.000000000000000000e+00 1.600000000000000089e+00 -1.451999999999999949e-03 -6.434999999999999748e-03 -9.999780000000000335e-01 4.458670000000000133e-01 8.950759999999999827e-01 -6.407999999999999634e-03 8.950979999999999492e-01 -4.458659999999999846e-01 1.569000000000000082e-03
1.400000000000000000e+01 2.500000000000000000e+01 8.000000000000000000e+00 0.000000000000000000e+00 1.600000000000000089e+00 -1.801000000000000083e-03 -2.393999999999999861e-03 -9.999949999999999672e-01 4.468269999999999742e-01 8.946159999999999668e-01 -2.946999999999999967e-03 8.946190000000000531e-01 -4.468300000000000050e-01 -5.419999999999999471e-04
2.100000000000000000e+01 2.500000000000000000e+01 8.000000000000000000e+00 0.000000000000000000e+00 1.600000000000000089e+00 -3.420000000000000188e-04 2.768000000000000061e-03 -9.999959999999999960e-01 4.468960000000000155e-01 8.945830000000000171e-01 2.324000000000000111e-03 8.945859999999999923e-01 -4.468940000000000135e-01 -1.543000000000000101e-03
2.400000000000000000e+01 2.500000000000000000e+01 8.000000000000000000e+00 0.000000000000000000e+00 1.600000000000000089e+00 -1.286000000000000034e-03 4.581000000000000003e-03 -9.999890000000000168e-01 4.473380000000000134e-01 8.943579999999999863e-01 3.521999999999999957e-03 8.943640000000000478e-01 -4.473289999999999766e-01 -3.199000000000000021e-03
2.900000000000000000e+01 2.500000000000000000e+01 8.000000000000000000e+00 0.000000000000000000e+00 1.600000000000000089e+00 -1.704000000000000003e-03 -2.092999999999999809e-03 -9.999959999999999960e-01 4.485029999999999850e-01 8.937770000000000437e-01 -2.635000000000000189e-03 8.937800000000000189e-01 -4.485060000000000158e-01 -5.839999999999999922e-04
5.000000000000000000e+00 2.400000000000000000e+01 9.000000000000000000e+00 0.000000000000000000e+00 1.600000000000000089e+00 -1.701999999999999954e-03 -8.281000000000000166e-03 -9.999639999999999640e-01 4.512610000000000232e-01 8.923550000000000093e-01 -8.158000000000000321e-03 8.923900000000000166e-01 -4.512590000000000212e-01 2.217999999999999920e-03
9.000000000000000000e+00 2.400000000000000000e+01 9.000000000000000000e+00 0.000000000000000000e+00 1.600000000000000089e+00 -1.796000000000000070e-03 -4.642000000000000293e-03 -9.999879999999999880e-01 4.518289999999999806e-01 8.920909999999999673e-01 -4.952999999999999937e-03 8.921029999999999793e-01 -4.518329999999999846e-01 4.949999999999999973e-04
1.400000000000000000e+01 2.400000000000000000e+01 9.000000000000000000e+00 0.000000000000000000e+00 1.600000000000000089e+00 -9.970000000000000563e-04 -9.990000000000001049e-04 -9.999989999999999712e-01 4.529719999999999858e-01 8.915239999999999831e-01 -1.342000000000000094e-03 8.915239999999999831e-01 -4.529730000000000145e-01 -4.369999999999999970e-04
1.800000000000000000e+01 2.400000000000000000e+01 9.000000000000000000e+00 0.000000000000000000e+00 1.600000000000000089e+00 -5.100000000000000366e-04 -4.765000000000000138e-03 -9.999890000000000168e-01 4.522410000000000041e-01 8.918840000000000101e-01 -4.480999999999999740e-03 8.918949999999999934e-01 -4.522390000000000021e-01 1.699999999999999905e-03
2.400000000000000000e+01 2.400000000000000000e+01 9.000000000000000000e+00 0.000000000000000000e+00 1.600000000000000089e+00 -1.778000000000000067e-03 3.941000000000000059e-03 -9.999909999999999632e-01 4.545919999999999961e-01 8.906960000000000433e-01 2.701999999999999975e-03 8.906979999999999897e-01 -4.545830000000000148e-01 -3.374999999999999962e-03
2.300000000000000000e+01 7.000000000000000000e+00 1.000000000000000000e+01 0.000000000000000000e+00 1.600000000000000089e+00 1.076280000000000014e-01 1.001790000000000042e-01 -9.891309999999999825e-01 -9.339290000000000092e-01 -3.309300000000000019e-01 -1.351370000000000071e-01 -3.408709999999999796e-01 9.383230000000000182e-01 5.794300000000000145e-02
6.000000000000000000e+00 3.100000000000000000e+01 1.200000000000000000e+01 0.000000000000000000e+00 1.600000000000000089e+00 -2.000000000000000096e-04 -3.730999999999999941e-03 9.999930000000000208e-01 -3.677000000000000147e-03 9.999860000000000415e-01 3.729999999999999809e-03 -9.999930000000000208e-01 -3.676000000000000014e-03 -2.139999999999999975e-04
5.000000000000000000e+00 3.500000000000000000e+01 1.200000000000000000e+01 0.000000000000000000e+00 1.600000000000000089e+00 -7.899999999999999579e-05 -4.780999999999999660e-03 -9.999890000000000168e-01 5.494050000000000322e-01 -8.355470000000000397e-01 3.950999999999999651e-03 -8.355559999999999654e-01 -5.493989999999999707e-01 2.693000000000000081e-03
1.100000000000000000e+01 3.500000000000000000e+01 1.200000000000000000e+01 0.000000000000000000e+00 1.600000000000000089e+00 1.902000000000000045e-03 -7.387999999999999602e-03 -9.999710000000000543e-01 5.328869999999999996e-01 -8.461549999999999905e-01 7.264999999999999757e-03 -8.461840000000000472e-01 -5.328850000000000531e-01 2.328000000000000208e-03
1.500000000000000000e+01 3.500000000000000000e+01 1.200000000000000000e+01 0.000000000000000000e+00 1.600000000000000089e+00 -9.640000000000000131e-04 -6.466000000000000393e-03 -9.999789999999999512e-01 5.146849999999999481e-01 -8.573650000000000437e-01 5.048000000000000403e-03 -8.573790000000000022e-01 -5.146690000000000431e-01 4.153999999999999707e-03
2.000000000000000000e+01 3.500000000000000000e+01 1.200000000000000000e+01 0.000000000000000000e+00 1.600000000000000089e+00 9.759999999999999796e-04 -4.563000000000000216e-03 -9.999890000000000168e-01 4.942340000000000066e-01 -8.693180000000000351e-01 4.448999999999999830e-03 -8.693279999999999896e-01 -4.942329999999999779e-01 1.407000000000000048e-03
2.600000000000000000e+01 3.500000000000000000e+01 1.200000000000000000e+01 0.000000000000000000e+00 1.600000000000000089e+00 1.464999999999999939e-03 -4.369999999999999753e-03 -9.999890000000000168e-01 4.627169999999999894e-01 -8.864940000000000042e-01 4.551999999999999623e-03 -8.865049999999999875e-01 -4.627189999999999914e-01 7.240000000000000342e-04
2.200000000000000000e+01 3.200000000000000000e+01 1.400000000000000000e+01 0.000000000000000000e+00 1.600000000000000089e+00 -3.370000000000000057e-04 -8.880000000000000089e-04 -1.000000000000000000e+00 9.469800000000000439e-02 9.955060000000000020e-01 -9.160000000000000390e-04 9.955060000000000020e-01 -9.469800000000000439e-02 -2.519999999999999996e-04
4.000000000000000000e+00 1.200000000000000000e+01 1.500000000000000000e+01 0.000000000000000000e+00 1.600000000000000089e+00 -1.049000000000000019e-03 1.097000000000000058e-02 -9.999390000000000223e-01 -4.499670000000000059e-01 -8.929970000000000407e-01 -9.324999999999999956e-03 -8.930449999999999777e-01 4.499290000000000234e-01 5.872999999999999748e-03
1.000000000000000000e+01 1.200000000000000000e+01 1.500000000000000000e+01 0.000000000000000000e+00 1.600000000000000089e+00 -6.400000000000000307e-03 5.849000000000000032e-03 -9.999620000000000175e-01 -4.260249999999999870e-01 -9.047079999999999567e-01 -2.565000000000000006e-03 -9.046889999999999654e-01 4.259930000000000105e-01 8.281999999999999432e-03
1.300000000000000000e+01 1.160000000000000000e+02 1.600000000000000000e+01 0.000000000000000000e+00 1.600000000000000089e+00 1.031000000000000015e-03 -5.599999999999999509e-04 9.999989999999999712e-01 7.561670000000000336e-01 6.543790000000000440e-01 -4.130000000000000099e-04 -6.543780000000000152e-01 7.561670000000000336e-01 1.098000000000000018e-03
2.000000000000000000e+00 2.000000000000000000e+00 1.900000000000000000e+01 0.000000000000000000e+00 1.600000000000000089e+00 2.566999999999999837e-02 6.831199999999999772e-02 -9.973340000000000538e-01 2.895840000000000081e-01 -9.553949999999999942e-01 -5.798600000000000282e-02 -9.568079999999999918e-01 -2.873229999999999951e-01 -4.430699999999999916e-02
8.000000000000000000e+00 2.000000000000000000e+00 1.900000000000000000e+01 0.000000000000000000e+00 1.600000000000000089e+00 2.319999999999999840e-02 5.626099999999999851e-02 -9.981470000000000065e-01 3.258010000000000073e-01 -9.443359999999999532e-01 -4.565500000000000114e-02 -9.451540000000000497e-01 -3.241370000000000084e-01 -4.023899999999999699e-02
2.000000000000000000e+01 2.000000000000000000e+00 1.900000000000000000e+01 0.000000000000000000e+00 1.600000000000000089e+00 9.349999999999999587e-04 5.109899999999999859e-02 -9.986930000000000529e-01 3.490170000000000217e-01 -9.359089999999999909e-01 -4.755999999999999811e-02 -9.371159999999999490e-01 -3.485159999999999925e-01 -1.871000000000000094e-02
2.600000000000000000e+01 2.000000000000000000e+00 1.900000000000000000e+01 0.000000000000000000e+00 1.600000000000000089e+00 3.344000000000000184e-03 2.114200000000000107e-02 -9.997709999999999653e-01 3.460570000000000035e-01 -9.380279999999999729e-01 -1.867900000000000116e-02 -9.382080000000000419e-01 -3.459149999999999725e-01 -1.045300000000000049e-02
2.900000000000000000e+01 2.000000000000000000e+00 1.900000000000000000e+01 0.000000000000000000e+00 1.600000000000000089e+00 3.919999999999999873e-03 3.393000000000000183e-03 -9.999869999999999592e-01 3.428680000000000061e-01 -9.393820000000000503e-01 -1.843999999999999936e-03 -9.393749999999999600e-01 -3.428559999999999941e-01 -4.845000000000000348e-03
1.700000000000000000e+01 3.000000000000000000e+00 1.900000000000000000e+01 0.000000000000000000e+00 1.600000000000000089e+00 -4.664999999999999876e-03 3.241499999999999937e-02 -9.994640000000000191e-01 3.321129999999999916e-01 -9.426919999999999744e-01 -3.212399999999999978e-02 -9.432279999999999553e-01 -3.320850000000000191e-01 -6.368000000000000396e-03
6.000000000000000000e+00 4.000000000000000000e+00 2.000000000000000000e+01 0.000000000000000000e+00 1.600000000000000089e+00 2.474499999999999963e-02 2.231899999999999856e-02 -9.994450000000000278e-01 3.658950000000000258e-01 -9.305820000000000203e-01 -1.172199999999999978e-02 -9.303270000000000151e-01 -3.654020000000000046e-01 -3.119299999999999851e-02
9.000000000000000000e+00 4.000000000000000000e+00 2.000000000000000000e+01 0.000000000000000000e+00 1.600000000000000089e+00 2.090900000000000050e-02 1.898199999999999887e-02 -9.996009999999999618e-01 3.587509999999999866e-01 -9.333770000000000122e-01 -1.021999999999999992e-02 -9.331990000000000007e-01 -3.583939999999999904e-01 -2.632599999999999871e-02
1.200000000000000000e+01 4.000000000000000000e+00 2.000000000000000000e+01 0.000000000000000000e+00 1.600000000000000089e+00 5.807999999999999795e-03 1.026200000000000029e-02 -9.999310000000000143e-01 3.574120000000000075e-01 -9.339169999999999972e-01 -7.509000000000000050e-03 -9.339290000000000092e-01 -3.573439999999999950e-01 -9.091999999999999388e-03
3.000000000000000000e+00 1.300000000000000000e+01 2.000000000000000000e+01 0.000000000000000000e+00 1.600000000000000089e+00 -9.709999999999999664e-04 9.000000000000000567e-05 9.999989999999999712e-01 2.619980000000000087e-01 9.650680000000000369e-01 1.679999999999999907e-04 -9.650680000000000369e-01 2.619980000000000087e-01 -9.600000000000000243e-04
8.000000000000000000e+00 1.300000000000000000e+01 2.000000000000000000e+01 0.000000000000000000e+00 1.600000000000000089e+00 2.139999999999999975e-04 1.188000000000000037e-03 9.999989999999999712e-01 2.612949999999999995e-01 9.652579999999999494e-01 -1.201999999999999943e-03 -9.652589999999999781e-01 2.612949999999999995e-01 -1.039999999999999936e-04
1.300000000000000000e+01 1.300000000000000000e+01 2.000000000000000000e+01 0.000000000000000000e+00 1.600000000000000089e+00 -5.400000000000000069e-04 -2.714999999999999965e-03 9.999959999999999960e-01 2.640159999999999729e-01 9.645139999999999825e-01 2.760999999999999999e-03 -9.645179999999999865e-01 2.640170000000000017e-01 1.959999999999999937e-04
1.900000000000000000e+01 1.300000000000000000e+01 2.000000000000000000e+01 0.000000000000000000e+00 1.600000000000000089e+00 -5.109999999999999525e-04 3.010000000000000089e-03 9.999949999999999672e-01 2.637419999999999765e-01 9.645890000000000297e-01 -2.768000000000000061e-03 -9.645930000000000337e-01 2.637390000000000012e-01 -1.286999999999999950e-03
2.300000000000000000e+01 1.300000000000000000e+01 2.000000000000000000e+01 0.000000000000000000e+00 1.600000000000000089e+00 9.759999999999999796e-04 3.657000000000000094e-03 9.999930000000000208e-01 2.601910000000000056e-01 9.655500000000000194e-01 -3.785000000000000170e-03 -9.655569999999999986e-01 2.601930000000000076e-01 -9.000000000000000228e-06
2.600000000000000000e+01 1.300000000000000000e+01 2.000000000000000000e+01 0.000000000000000000e+00 1.600000000000000089e+00 1.559999999999999972e-03 -9.030000000000000483e-04 9.999980000000000535e-01 2.584850000000000203e-01 9.660149999999999570e-01 4.690000000000000158e-04 -9.660140000000000393e-01 2.584830000000000183e-01 1.740000000000000010e-03
1.900000000000000000e+01 1.600000000000000000e+01 2.100000000000000000e+01 0.000000000000000000e+00 1.600000000000000089e+00 -1.116999999999999937e-03 1.856000000000000011e-03 9.999980000000000535e-01 2.998190000000000022e-01 9.539950000000000374e-01 -1.435999999999999993e-03 -9.539950000000000374e-01 2.998170000000000002e-01 -1.621999999999999961e-03
2.700000000000000000e+01 2.000000000000000000e+00 2.500000000000000000e+01 0.000000000000000000e+00 1.600000000000000089e+00 -9.409999999999999962e-04 1.325000000000000006e-03 9.999989999999999712e-01 7.994300000000000017e-02 -9.967979999999999619e-01 1.396000000000000105e-03 9.967989999999999906e-01 7.994400000000000117e-02 8.319999999999999488e-04
3.000000000000000000e+00 3.000000000000000000e+00 2.500000000000000000e+01 0.000000000000000000e+00 1.600000000000000089e+00 -7.619999999999999820e-04 8.963999999999999746e-03 9.999599999999999600e-01 -3.280500000000000083e-02 -9.994220000000000326e-01 8.933999999999999234e-03 9.994610000000000438e-01 -3.279699999999999976e-02 1.056000000000000081e-03
1.100000000000000000e+01 3.000000000000000000e+00 2.500000000000000000e+01 0.000000000000000000e+00 1.600000000000000089e+00 3.335999999999999990e-03 -3.720000000000000216e-03 9.999879999999999880e-01 -4.912400000000000100e-02 -9.987859999999999516e-01 -3.552000000000000036e-03 9.987869999999999804e-01 -4.911100000000000187e-02 -3.514000000000000196e-03
1.700000000000000000e+01 3.000000000000000000e+00 2.500000000000000000e+01 0.000000000000000000e+00 1.600000000000000089e+00 2.582999999999999793e-03 2.446999999999999956e-03 9.999940000000000495e-01 -4.359199999999999880e-02 -9.990459999999999896e-01 2.557999999999999944e-03 9.990459999999999896e-01 -4.359799999999999787e-02 -2.474000000000000071e-03
2.200000000000000000e+01 3.000000000000000000e+00 2.500000000000000000e+01 0.000000000000000000e+00 1.600000000000000089e+00 -6.780000000000000002e-04 1.503900000000000028e-02 9.998869999999999703e-01 -2.178400000000000128e-02 -9.996500000000000385e-01 1.502000000000000036e-02 9.997620000000000395e-01 -2.177099999999999869e-02 1.005000000000000034e-03
8.000000000000000000e+00 4.600000000000000000e+01 2.700000000000000000e+01 0.000000000000000000e+00 1.600000000000000089e+00 -1.606999999999999922e-03 -1.399999999999999877e-04 -9.999989999999999712e-01 6.699549999999999672e-01 7.424009999999999776e-01 -1.180999999999999975e-03 7.423999999999999488e-01 -6.699559999999999960e-01 -1.098999999999999934e-03
1.500000000000000000e+01 4.600000000000000000e+01 2.700000000000000000e+01 0.000000000000000000e+00 1.600000000000000089e+00 -1.139999999999999954e-03 -1.856999999999999927e-03 -9.999980000000000535e-01 6.645189999999999708e-01 7.472680000000000433e-01 -2.145000000000000205e-03 7.472710000000000186e-01 -6.645199999999999996e-01 3.820000000000000153e-04
1.900000000000000000e+01 4.600000000000000000e+01 2.700000000000000000e+01 0.000000000000000000e+00 1.600000000000000089e+00 -1.248999999999999893e-03 1.417000000000000074e-03 -9.999980000000000535e-01 6.615360000000000129e-01 7.499130000000000518e-01 2.359999999999999902e-04 7.499120000000000230e-01 -6.615349999999999842e-01 -1.874000000000000015e-03
5.000000000000000000e+00 4.600000000000000000e+01 3.000000000000000000e+01 0.000000000000000000e+00 1.600000000000000089e+00 -1.446999999999999936e-03 -1.955999999999999839e-03 -9.999970000000000248e-01 3.240330000000000155e-01 9.460429999999999673e-01 -2.318999999999999881e-03 9.460450000000000248e-01 -3.240350000000000175e-01 -7.349999999999999763e-04
1.800000000000000000e+01 4.600000000000000000e+01 3.000000000000000000e+01 0.000000000000000000e+00 1.600000000000000089e+00 -1.629000000000000023e-03 -1.177000000000000095e-03 -9.999980000000000535e-01 3.255730000000000013e-01 9.455149999999999944e-01 -1.642999999999999929e-03 9.455149999999999944e-01 -3.255750000000000033e-01 -1.157000000000000042e-03
9.000000000000000000e+00 5.800000000000000000e+01 3.100000000000000000e+01 0.000000000000000000e+00 1.600000000000000089e+00 -3.570999999999999956e-03 -1.724000000000000055e-03 9.999919999999999920e-01 -7.719510000000000538e-01 -6.356709999999999861e-01 -3.853000000000000088e-03 6.356720000000000148e-01 -7.719580000000000330e-01 9.389999999999999476e-04
1.300000000000000000e+01 5.800000000000000000e+01 3.100000000000000000e+01 0.000000000000000000e+00 1.600000000000000089e+00 6.089999999999999494e-04 -6.340000000000000149e-04 1.000000000000000000e+00 -7.693929999999999936e-01 -6.387760000000000105e-01 6.299999999999999990e-05 6.387749999999999817e-01 -7.693929999999999936e-01 -8.769999999999999584e-04
2.000000000000000000e+01 5.800000000000000000e+01 3.100000000000000000e+01 0.000000000000000000e+00 1.600000000000000089e+00 -4.290000000000000193e-04 1.655999999999999920e-03 9.999989999999999712e-01 -7.664260000000000517e-01 -6.423320000000000141e-01 7.349999999999999763e-04 6.423320000000000141e-01 -7.664250000000000229e-01 1.544999999999999932e-03
2.400000000000000000e+01 5.800000000000000000e+01 3.100000000000000000e+01 0.000000000000000000e+00 1.600000000000000089e+00 -8.090000000000000403e-04 -5.999999999999999474e-04 1.000000000000000000e+00 -7.620230000000000059e-01 -6.475499999999999590e-01 -1.005000000000000034e-03 6.475499999999999590e-01 -7.620230000000000059e-01 6.700000000000000226e-05
5.000000000000000000e+00 4.600000000000000000e+01 3.500000000000000000e+01 0.000000000000000000e+00 1.600000000000000089e+00 1.019999999999999992e-04 6.570000000000000319e-04 -1.000000000000000000e+00 3.935259999999999869e-01 -9.193130000000000468e-01 -5.640000000000000482e-04 -9.193130000000000468e-01 -3.935259999999999869e-01 -3.519999999999999908e-04
8.000000000000000000e+00 4.600000000000000000e+01 3.500000000000000000e+01 0.000000000000000000e+00 1.600000000000000089e+00 7.039999999999999817e-04 9.999999999999999547e-07 -1.000000000000000000e+00 3.945100000000000273e-01 -9.188920000000000421e-01 2.770000000000000110e-04 -9.188920000000000421e-01 -3.945100000000000273e-01 -6.470000000000000057e-04
1.400000000000000000e+01 4.600000000000000000e+01 3.500000000000000000e+01 0.000000000000000000e+00 1.600000000000000089e+00 4.000000000000000192e-04 -4.789999999999999879e-04 -1.000000000000000000e+00 3.944730000000000181e-01 -9.189070000000000293e-01 5.969999999999999829e-04 -9.189070000000000293e-01 -3.944730000000000181e-01 -1.789999999999999870e-04
1.800000000000000000e+01 4.600000000000000000e+01 3.500000000000000000e+01 0.000000000000000000e+00 1.600000000000000089e+00 -2.400000000000000061e-05 4.814999999999999836e-03 -9.999879999999999880e-01 3.930069999999999952e-01 -9.195250000000000368e-01 -4.436999999999999972e-03 -9.195360000000000200e-01 -3.930020000000000180e-01 -1.871000000000000050e-03
2.800000000000000000e+01 4.600000000000000000e+01 3.500000000000000000e+01 0.000000000000000000e+00 1.600000000000000089e+00 8.959999999999999866e-04 -2.768000000000000061e-03 -9.999959999999999960e-01 3.884589999999999987e-01 -9.214609999999999745e-01 2.899000000000000101e-03 -9.214649999999999785e-01 -3.884600000000000275e-01 2.500000000000000052e-04
2.000000000000000000e+00 3.000000000000000000e+00 4.300000000000000000e+01 0.000000000000000000e+00 1.600000000000000089e+00 -3.690000000000000138e-03 2.770000000000000110e-04 -9.999930000000000208e-01 7.371469999999999967e-01 -6.757260000000000488e-01 -2.906999999999999862e-03 -6.757229999999999626e-01 -7.371529999999999472e-01 2.288999999999999802e-03
7.000000000000000000e+00 3.000000000000000000e+00 4.300000000000000000e+01 0.000000000000000000e+00 1.600000000000000089e+00 1.266999999999999897e-03 5.692000000000000011e-03 -9.999829999999999552e-01 7.358329999999999593e-01 -6.771559999999999802e-01 -2.922000000000000118e-03 -6.771610000000000129e-01 -7.358170000000000543e-01 -5.047000000000000271e-03
1.200000000000000000e+01 3.000000000000000000e+00 4.300000000000000000e+01 0.000000000000000000e+00 1.600000000000000089e+00 2.464000000000000044e-03 3.268999999999999684e-02 -9.994619999999999616e-01 7.350809999999999844e-01 -6.776739999999999986e-01 -2.035299999999999956e-02 -6.779749999999999943e-01 -7.346359999999999557e-01 -2.569899999999999962e-02
1.800000000000000000e+01 3.000000000000000000e+00 4.300000000000000000e+01 0.000000000000000000e+00 1.600000000000000089e+00 2.936999999999999941e-03 6.294000000000000115e-03 -9.999759999999999760e-01 7.342840000000000478e-01 -6.788389999999999702e-01 -2.115999999999999825e-03 -6.788359999999999950e-01 -7.342600000000000238e-01 -6.615000000000000220e-03
2.200000000000000000e+01 3.000000000000000000e+00 4.300000000000000000e+01 0.000000000000000000e+00 1.600000000000000089e+00 1.781999999999999947e-03 -8.878999999999999740e-03 -9.999590000000000423e-01 7.364479999999999915e-01 -6.764550000000000285e-01 7.318999999999999985e-03 -6.764919999999999822e-01 -7.364309999999999468e-01 5.333000000000000067e-03
2.500000000000000000e+01 3.000000000000000000e+00 4.300000000000000000e+01 0.000000000000000000e+00 1.600000000000000089e+00 9.139999999999999904e-04 4.961000000000000132e-03 -9.999869999999999592e-01 7.401069999999999593e-01 -6.724839999999999707e-01 -2.660000000000000038e-03 -6.724890000000000034e-01 -7.400949999999999473e-01 -4.285999999999999879e-03
2.800000000000000000e+01 3.000000000000000000e+00 4.300000000000000000e+01 0.000000000000000000e+00 1.600000000000000089e+00 3.780000000000000265e-04 7.409999999999999920e-03 -9.999719999999999720e-01 7.428820000000000423e-01 -6.694059999999999455e-01 -4.680000000000000132e-03 -6.694219999999999615e-01 -7.428599999999999648e-01 -5.758000000000000097e-03
2.500000000000000000e+01 8.000000000000000000e+00 4.400000000000000000e+01 0.000000000000000000e+00 1.600000000000000089e+00 6.859999999999999779e-04 -1.159000000000000091e-03 9.999989999999999712e-01 -7.865520000000000289e-01 -6.175239999999999618e-01 -1.759999999999999954e-04 6.175239999999999618e-01 -7.865510000000000002e-01 -1.335999999999999948e-03
2.900000000000000000e+01 8.000000000000000000e+00 4.400000000000000000e+01 0.000000000000000000e+00 1.600000000000000089e+00 3.772999999999999878e-03 -1.108999999999999960e-03 9.999919999999999920e-01 -7.885710000000000219e-01 -6.149390000000000134e-01 2.292999999999999899e-03 6.149320000000000341e-01 -7.885739999999999972e-01 -3.193999999999999791e-03
5.000000000000000000e+00 2.900000000000000000e+01 4.400000000000000000e+01 0.000000000000000000e+00 1.600000000000000089e+00 -1.672000000000000092e-03 2.288000000000000103e-03 -9.999959999999999960e-01 6.590120000000000422e-01 7.521320000000000228e-01 6.189999999999999756e-04 7.521299999999999653e-01 -6.590089999999999559e-01 -2.765000000000000097e-03
1.000000000000000000e+01 2.900000000000000000e+01 4.400000000000000000e+01 0.000000000000000000e+00 1.600000000000000089e+00 1.588000000000000002e-03 -1.224999999999999960e-03 -9.999980000000000535e-01 6.583719999999999573e-01 7.526920000000000277e-01 1.240000000000000054e-04 7.526909999999999989e-01 -6.583710000000000395e-01 2.001999999999999873e-03
1.400000000000000000e+01 2.900000000000000000e+01 4.400000000000000000e+01 0.000000000000000000e+00 1.600000000000000089e+00 9.920000000000000432e-04 -3.836000000000000000e-03 -9.999919999999999920e-01 6.538389999999999480e-01 7.566300000000000248e-01 -2.252999999999999794e-03 7.566330000000000000e-01 -6.538319999999999688e-01 3.259000000000000178e-03
2.100000000000000000e+01 2.900000000000000000e+01 4.400000000000000000e+01 0.000000000000000000e+00 1.600000000000000089e+00 -6.629999999999999609e-04 -2.611000000000000040e-03 -9.999959999999999960e-01 6.576319999999999943e-01 7.533360000000000056e-01 -2.403000000000000188e-03 7.533389999999999809e-01 -6.576309999999999656e-01 1.216999999999999983e-03
2.600000000000000000e+01 2.900000000000000000e+01 4.400000000000000000e+01 0.000000000000000000e+00 1.600000000000000089e+00 7.489999999999999913e-04 -1.463000000000000108e-03 -9.999989999999999712e-01 6.597079999999999611e-01 7.515209999999999946e-01 -6.049999999999999606e-04 7.515209999999999946e-01 -6.597070000000000434e-01 1.528000000000000061e-03
2.900000000000000000e+01 2.900000000000000000e+01 4.400000000000000000e+01 0.000000000000000000e+00 1.600000000000000089e+00 1.539999999999999919e-03 -1.574000000000000095e-03 -9.999980000000000535e-01 6.593599999999999461e-01 7.518270000000000231e-01 -1.669999999999999935e-04 7.518249999999999655e-01 -6.593590000000000284e-01 2.196000000000000035e-03
1.200000000000000000e+01 6.500000000000000000e+01 4.600000000000000000e+01 0.000000000000000000e+00 1.600000000000000089e+00 -1.685999999999999999e-03 2.700999999999999842e-03 9.999949999999999672e-01 6.782439999999999580e-01 -7.348299999999999832e-01 3.128999999999999837e-03 7.348339999999999872e-01 6.782460000000000155e-01 -5.929999999999999941e-04
2.800000000000000000e+01 7.000000000000000000e+01 4.700000000000000000e+01 0.000000000000000000e+00 1.600000000000000089e+00 -2.782999999999999884e-03 -4.394999999999999601e-03 -9.999860000000000415e-01 -8.418970000000000065e-01 -5.396170000000000133e-01 4.714000000000000308e-03 -5.396300000000000541e-01 8.418989999999999529e-01 -2.197999999999999867e-03
3.000000000000000000e+00 5.000000000000000000e+00 5.100000000000000000e+01 0.000000000000000000e+00 1.600000000000000089e+00 -8.559999999999999901e-04 2.222000000000000017e-03 -9.999970000000000248e-01 4.905320000000000236e-01 -8.714199999999999724e-01 -2.356000000000000021e-03 -8.714229999999999476e-01 -4.905320000000000236e-01 -3.440000000000000132e-04
1.200000000000000000e+01 5.000000000000000000e+00 5.100000000000000000e+01 0.000000000000000000e+00 1.600000000000000089e+00 2.593999999999999952e-03 1.709400000000000155e-02 -9.998510000000000453e-01 4.828270000000000062e-01 -8.756080000000000529e-01 -1.371700000000000003e-02 -8.757120000000000459e-01 -4.827199999999999824e-01 -1.052400000000000037e-02
1.700000000000000000e+01 5.000000000000000000e+00 5.100000000000000000e+01 0.000000000000000000e+00 1.600000000000000089e+00 -1.454999999999999913e-03 1.048600000000000053e-02 -9.999440000000000550e-01 4.816119999999999846e-01 -8.763290000000000246e-01 -9.891000000000000486e-03 -8.763830000000000231e-01 -4.815999999999999726e-01 -3.775000000000000144e-03
9.000000000000000000e+00 1.150000000000000000e+02 5.100000000000000000e+01 0.000000000000000000e+00 1.600000000000000089e+00 8.229999999999999469e-04 6.390000000000000280e-04 9.999989999999999712e-01 8.472260000000000346e-01 -5.312320000000000375e-01 -3.570000000000000040e-04 5.312320000000000375e-01 8.472260000000000346e-01 -9.790000000000000525e-04
2.300000000000000000e+01 7.000000000000000000e+00 5.200000000000000000e+01 0.000000000000000000e+00 1.600000000000000089e+00 -1.610000000000000103e-04 -1.237999999999999951e-03 -9.999989999999999712e-01 9.565800000000000691e-02 -9.954140000000000210e-01 1.216000000000000067e-03 -9.954140000000000210e-01 -9.565700000000000591e-02 2.790000000000000054e-04
2.000000000000000000e+00 6.300000000000000000e+01 5.400000000000000000e+01 0.000000000000000000e+00 1.600000000000000089e+00 -1.255000000000000039e-03 -3.648000000000000201e-03 9.999930000000000208e-01 -3.492629999999999901e-01 9.370199999999999640e-01 2.980000000000000010e-03 -9.370239999999999680e-01 -3.492560000000000109e-01 -2.449999999999999921e-03
1.200000000000000000e+01 6.300000000000000000e+01 5.400000000000000000e+01 0.000000000000000000e+00 1.600000000000000089e+00 1.513999999999999938e-03 6.089999999999999494e-04 9.999989999999999712e-01 -3.325429999999999775e-01 9.430880000000000374e-01 -7.100000000000000462e-05 -9.430870000000000086e-01 -3.325429999999999775e-01 1.629999999999999939e-03
1.700000000000000000e+01 6.300000000000000000e+01 5.400000000000000000e+01 0.000000000000000000e+00 1.600000000000000089e+00 2.939000000000000206e-03 -1.680999999999999986e-03 9.999940000000000495e-01 -3.464119999999999977e-01 9.380789999999999962e-01 2.595000000000000084e-03 -9.380779999999999674e-01 -3.464169999999999749e-01 2.174000000000000151e-03
2.600000000000000000e+01 6.300000000000000000e+01 5.400000000000000000e+01 0.000000000000000000e+00 1.600000000000000089e+00 -1.284999999999999901e-03 1.539999999999999919e-03 9.999980000000000535e-01 -3.422089999999999854e-01 9.396219999999999573e-01 -1.887000000000000005e-03 -9.396229999999999860e-01 -3.422109999999999874e-01 -6.809999999999999647e-04
2.200000000000000000e+01 2.500000000000000000e+01 5.500000000000000000e+01 0.000000000000000000e+00 1.600000000000000089e+00 7.420000000000000380e-04 -2.602000000000000146e-03 -9.999959999999999960e-01 -1.401999999999999948e-02 -9.998979999999999535e-01 2.592000000000000120e-03 -9.999010000000000398e-01 1.401799999999999921e-02 -7.780000000000000457e-04
2.800000000000000000e+01 2.500000000000000000e+01 5.500000000000000000e+01 0.000000000000000000e+00 1.600000000000000089e+00 2.122000000000000188e-03 6.331999999999999955e-03 -9.999780000000000335e-01 -1.309500000000000074e-02 -9.998939999999999495e-01 -6.360000000000000202e-03 -9.999120000000000230e-01 1.310900000000000086e-02 -2.039000000000000014e-03
7.000000000000000000e+00 6.800000000000000000e+01 5.700000000000000000e+01 0.000000000000000000e+00 1.600000000000000089e+00 -3.699999999999999947e-04 5.739000000000000178e-03 -9.999829999999999552e-01 -2.418740000000000057e-01 -9.702920000000000433e-01 -5.479999999999999628e-03 -9.703079999999999483e-01 2.418679999999999997e-01 1.747000000000000072e-03
7.000000000000000000e+00 2.100000000000000000e+01 6.000000000000000000e+01 0.000000000000000000e+00 1.600000000000000089e+00 -4.919999999999999894e-03 3.778000000000000108e-03 9.999810000000000088e-01 -9.463900000000000090e-02 9.955030000000000268e-01 -4.226999999999999855e-03 -9.954990000000000228e-01 -9.465800000000000602e-02 -4.539999999999999765e-03
1.500000000000000000e+01 2.100000000000000000e+01 6.000000000000000000e+01 0.000000000000000000e+00 1.600000000000000089e+00 1.185999999999999988e-03 2.322999999999999978e-03 9.999970000000000248e-01 -9.575899999999999690e-02 9.954020000000000090e-01 -2.199000000000000000e-03 -9.954039999999999555e-01 -9.575599999999999390e-02 1.402999999999999950e-03
1.800000000000000000e+01 2.100000000000000000e+01 6.000000000000000000e+01 0.000000000000000000e+00 1.600000000000000089e+00 1.472000000000000001e-03 -6.590000000000000371e-03 9.999770000000000048e-01 -9.600000000000000200e-02 9.953589999999999938e-01 6.701000000000000359e-03 -9.953800000000000425e-01 -9.600799999999999612e-02 8.319999999999999488e-04
2.600000000000000000e+01 2.100000000000000000e+01 6.000000000000000000e+01 0.000000000000000000e+00 1.600000000000000089e+00 -1.325999999999999922e-03 2.746999999999999876e-03 9.999949999999999672e-01 -9.396100000000000285e-02 9.955720000000000125e-01 -2.860000000000000129e-03 -9.955749999999999877e-01 -9.396500000000000685e-02 -1.062000000000000010e-03
1.000000000000000000e+00 3.000000000000000000e+00 6.300000000000000000e+01 0.000000000000000000e+00 1.600000000000000089e+00 2.889999999999999774e-04 -3.631999999999999812e-03 9.999930000000000208e-01 -6.176049999999999596e-01 7.864830000000000432e-01 3.034999999999999937e-03 -7.864889999999999937e-01 -6.176009999999999556e-01 -2.015999999999999997e-03
3.000000000000000000e+00 2.700000000000000000e+01 6.300000000000000000e+01 0.000000000000000000e+00 1.600000000000000089e+00 -1.150999999999999896e-03 -4.189999999999999931e-04 9.999989999999999712e-01 -2.840529999999999999e-01 9.588090000000000224e-01 7.499999999999999343e-05 -9.588079999999999936e-01 -2.840520000000000267e-01 -1.221999999999999996e-03
9.000000000000000000e+00 2.700000000000000000e+01 6.300000000000000000e+01 0.000000000000000000e+00 1.600000000000000089e+00 3.899999999999999929e-04 -4.270000000000000358e-03 9.999909999999999632e-01 -2.760319999999999996e-01 9.611389999999999656e-01 4.211999999999999598e-03 -9.611480000000000024e-01 -2.760310000000000263e-01 -8.040000000000000271e-04
1.200000000000000000e+01 2.700000000000000000e+01 6.300000000000000000e+01 0.000000000000000000e+00 1.600000000000000089e+00 -1.879999999999999890e-04 -4.426000000000000247e-03 9.999900000000000455e-01 -2.735810000000000186e-01 9.618400000000000283e-01 4.205999999999999669e-03 -9.618489999999999540e-01 -2.735770000000000146e-01 -1.392000000000000008e-03
1.900000000000000000e+01 2.700000000000000000e+01 6.300000000000000000e+01 0.000000000000000000e+00 1.600000000000000089e+00 1.998000000000000210e-03 5.389999999999999826e-04 9.999980000000000535e-01 -2.775110000000000077e-01 9.607229999999999936e-01 3.600000000000000091e-05 -9.607200000000000184e-01 -2.775099999999999789e-01 2.069000000000000093e-03
2.700000000000000000e+01 2.700000000000000000e+01 6.300000000000000000e+01 0.000000000000000000e+00 1.600000000000000089e+00 -2.654000000000000109e-03 -1.185999999999999988e-03 9.999959999999999960e-01 -2.772169999999999912e-01 9.608069999999999666e-01 4.040000000000000080e-04 -9.608039999999999914e-01 -2.772149999999999892e-01 -2.879000000000000049e-03
3.000000000000000000e+00 2.600000000000000000e+01 6.400000000000000000e+01 0.000000000000000000e+00 1.600000000000000089e+00 -1.319000000000000077e-03 1.541999999999999968e-03 9.999980000000000535e-01 -3.685869999999999980e-01 9.295909999999999451e-01 -1.920000000000000049e-03 -9.295919999999999739e-01 -3.685880000000000267e-01 -6.579999999999999478e-04
8.000000000000000000e+00 2.600000000000000000e+01 6.400000000000000000e+01 0.000000000000000000e+00 1.600000000000000089e+00 -8.279999999999999600e-04 -6.895000000000000087e-03 9.999759999999999760e-01 -3.614370000000000083e-01 9.323759999999999826e-01 6.128999999999999899e-03 -9.323960000000000026e-01 -3.614240000000000230e-01 -3.263999999999999974e-03
1.600000000000000000e+01 2.600000000000000000e+01 6.400000000000000000e+01 0.000000000000000000e+00 1.600000000000000089e+00 -2.559999999999999884e-04 -2.997999999999999797e-03 9.999949999999999672e-01 -3.644410000000000149e-01 9.312230000000000230e-01 2.697999999999999877e-03 -9.312259999999999982e-01 -3.644390000000000129e-01 -1.330999999999999935e-03
1.900000000000000000e+01 2.600000000000000000e+01 6.400000000000000000e+01 0.000000000000000000e+00 1.600000000000000089e+00 2.343000000000000031e-03 -1.010000000000000020e-04 9.999970000000000248e-01 -3.666329999999999867e-01 9.303649999999999975e-01 9.529999999999999626e-04 -9.303630000000000511e-01 -3.666349999999999887e-01 2.142999999999999940e-03
2.500000000000000000e+01 2.600000000000000000e+01 6.400000000000000000e+01 0.000000000000000000e+00 1.600000000000000089e+00 -3.209999999999999963e-04 -3.310000000000000225e-04 1.000000000000000000e+00 -3.648170000000000024e-01 9.310789999999999900e-01 1.910000000000000077e-04 -9.310789999999999900e-01 -3.648170000000000024e-01 -4.200000000000000174e-04
9.000000000000000000e+00 6.900000000000000000e+01 6.600000000000000000e+01 0.000000000000000000e+00 1.600000000000000089e+00 7.172000000000000423e-03 -2.135999999999999878e-03 9.999719999999999720e-01 -9.443759999999999932e-01 3.287829999999999919e-01 7.474999999999999874e-03 -3.287889999999999979e-01 -9.444029999999999925e-01 3.409999999999999945e-04
1.600000000000000000e+01 6.900000000000000000e+01 6.600000000000000000e+01 0.000000000000000000e+00 1.600000000000000089e+00 6.700000000000000226e-04 -1.951999999999999959e-03 9.999980000000000535e-01 -9.488480000000000247e-01 3.157300000000000106e-01 1.252000000000000075e-03 -3.157309999999999839e-01 -9.488469999999999960e-01 -1.641000000000000097e-03
2.800000000000000000e+01 6.900000000000000000e+01 6.600000000000000000e+01 0.000000000000000000e+00 1.600000000000000089e+00 -2.667999999999999799e-03 1.378000000000000102e-03 9.999949999999999672e-01 -9.474740000000000384e-01 3.198199999999999932e-01 -2.968000000000000152e-03 -3.198230000000000239e-01 -9.474770000000000136e-01 4.519999999999999821e-04
1.700000000000000000e+01 3.100000000000000000e+01 7.100000000000000000e+01 0.000000000000000000e+00 1.600000000000000089e+00 -2.580999999999999961e-03 8.469999999999999881e-04 -9.999959999999999960e-01 -7.307230000000000114e-01 -6.826719999999999455e-01 1.307999999999999918e-03 -6.826689999999999703e-01 7.307240000000000402e-01 2.380999999999999870e-03
