3.000000000000000000e+00 1.500000000000000000e+01 4.000000000000000000e+00 0.000000000000000000e+00 1.600000000000000089e+00 -3.229000000000000099e-03 3.709000000000000057e-03 9.999879999999999880e-01 2.752490000000000214e-01 -9.613629999999999676e-01 4.453999999999999626e-03 9.613680000000000003e-01 2.752600000000000047e-01 2.083000000000000216e-03
2.300000000000000000e+01 1.500000000000000000e+01 4.000000000000000000e+00 0.000000000000000000e+00 1.600000000000000089e+00 2.142999999999999940e-03 8.437999999999999320e-03 9.999620000000000175e-01 2.869599999999999929e-01 -9.579140000000000432e-01 7.467999999999999812e-03 9.579400000000000137e-01 2.869329999999999936e-01 -4.474999999999999811e-03
2.800000000000000000e+01 1.500000000000000000e+01 4.000000000000000000e+00 0.000000000000000000e+00 1.600000000000000089e+00 -6.579999999999999478e-04 -8.966999999999999277e-03 9.999599999999999600e-01 2.879289999999999905e-01 -9.576149999999999940e-01 -8.396999999999999950e-03 9.576510000000000300e-01 2.879120000000000013e-01 3.212000000000000011e-03
1.400000000000000000e+01 1.600000000000000000e+01 4.000000000000000000e+00 0.000000000000000000e+00 1.600000000000000089e+00 7.301000000000000198e-03 -1.187299999999999987e-02 9.999029999999999863e-01 3.410020000000000273e-01 -9.399640000000000217e-01 -1.365099999999999994e-02 9.400340000000000362e-01 3.410679999999999823e-01 -2.814000000000000095e-03
1.200000000000000000e+01 1.010000000000000000e+02 7.000000000000000000e+00 0.000000000000000000e+00 1.600000000000000089e+00 9.240000000000000166e-04 -1.286000000000000034e-03 9.999989999999999712e-01 8.838780000000000525e-01 4.677180000000000226e-01 -2.149999999999999947e-04 -4.677180000000000226e-01 8.838770000000000238e-01 1.569000000000000082e-03
2.400000000000000000e+01 1.010000000000000000e+02 7.000000000000000000e+00 0.000000000000000000e+00 1.600000000000000089e+00 -1.075000000000000001e-03 -1.020899999999999933e-02 9.999470000000000303e-01 8.866519999999999957e-01 4.624030000000000085e-01 5.674000000000000224e-03 -4.624369999999999870e-01 8.866110000000000380e-01 8.555000000000000104e-03
2.000000000000000000e+00 1.500000000000000000e+01 8.000000000000000000e+00 0.000000000000000000e+00 1.600000000000000089e+00 2.396999999999999825e-03 2.694999999999999913e-03 -9.999930000000000208e-01 -5.788999999999999702e-01 -8.153899999999999482e-01 -3.585000000000000079e-03 -8.153949999999999809e-01 5.789050000000000029e-01 -3.950000000000000061e-04
6.000000000000000000e+00 1.500000000000000000e+01 8.000000000000000000e+00 0.000000000000000000e+00 1.600000000000000089e+00 1.005000000000000034e-03 -5.277999999999999706e-03 -9.999860000000000415e-01 -5.776000000000000023e-01 -8.163110000000000088e-01 3.727999999999999977e-03 -8.163190000000000168e-01 5.775879999999999903e-01 -3.867999999999999911e-03
9.000000000000000000e+00 1.500000000000000000e+01 8.000000000000000000e+00 0.000000000000000000e+00 1.600000000000000089e+00 -2.981000000000000143e-03 -9.985000000000000819e-03 -9.999460000000000015e-01 -5.779680000000000373e-01 -8.159999999999999476e-01 9.870999999999999566e-03 -8.160539999999999461e-01 5.779659999999999798e-01 -3.338999999999999954e-03
1.400000000000000000e+01 1.500000000000000000e+01 8.000000000000000000e+00 0.000000000000000000e+00 1.600000000000000089e+00 -8.214000000000000815e-03 -1.331700000000000071e-02 -9.998780000000000445e-01 -5.828100000000000502e-01 -8.124580000000000135e-01 1.560899999999999961e-02 -8.125670000000000393e-01 5.828670000000000240e-01 -1.087999999999999991e-03
2.000000000000000000e+01 1.500000000000000000e+01 8.000000000000000000e+00 0.000000000000000000e+00 1.600000000000000089e+00 -2.165999999999999957e-03 2.149999999999999947e-04 -9.999980000000000535e-01 -5.852199999999999624e-01 -8.108739999999999837e-01 1.093000000000000005e-03 -8.108720000000000372e-01 5.852209999999999912e-01 1.881999999999999992e-03
2.500000000000000000e+01 1.500000000000000000e+01 8.000000000000000000e+00 0.000000000000000000e+00 1.600000000000000089e+00 1.019999999999999992e-04 2.690000000000000117e-03 -9.999959999999999960e-01 -5.843359999999999665e-01 -8.115090000000000359e-01 -2.243000000000000202e-03 -8.115120000000000111e-01 5.843340000000000201e-01 1.489000000000000089e-03
6.000000000000000000e+00 2.600000000000000000e+01 8.000000000000000000e+00 0.000000000000000000e+00 1.600000000000000089e+00 6.120000000000000223e-04 8.790000000000000070e-04 -9.999989999999999712e-01 4.105260000000000020e-01 9.118479999999999919e-01 1.052999999999999900e-03 9.118490000000000206e-01 -4.105260000000000020e-01 1.969999999999999909e-04
1.300000000000000000e+01 2.600000000000000000e+01 8.000000000000000000e+00 0.000000000000000000e+00 1.600000000000000089e+00 5.846999999999999767e-03 1.150699999999999987e-02 -9.999169999999999447e-01 4.085449999999999915e-01 9.126469999999999860e-01 1.289200000000000068e-02 9.127189999999999470e-01 -4.085860000000000047e-01 6.350000000000000392e-04
1.800000000000000000e+01 2.600000000000000000e+01 8.000000000000000000e+00 0.000000000000000000e+00 1.600000000000000089e+00 3.959999999999999978e-03 8.229000000000000203e-03 -9.999580000000000135e-01 4.068240000000000189e-01 9.134609999999999674e-01 9.128000000000000697e-03 9.134980000000000322e-01 -4.068430000000000102e-01 2.689999999999999791e-04
2.300000000000000000e+01 2.600000000000000000e+01 8.000000000000000000e+00 0.000000000000000000e+00 1.600000000000000089e+00 1.449999999999999900e-03 5.779000000000000282e-03 -9.999820000000000375e-01 4.047339999999999827e-01 9.144160000000000066e-01 5.871000000000000350e-03 9.144330000000000513e-01 -4.047350000000000114e-01 -1.013000000000000012e-03
2.700000000000000000e+01 2.600000000000000000e+01 8.000000000000000000e+00 0.000000000000000000e+00 1.600000000000000089e+00 9.070000000000000371e-04 3.609999999999999928e-04 -1.000000000000000000e+00 4.044550000000000090e-01 9.145579999999999821e-01 6.970000000000000284e-04 9.145569999999999533e-01 -4.044559999999999822e-01 6.830000000000000134e-04
3.000000000000000000e+00 2.400000000000000000e+01 9.000000000000000000e+00 0.000000000000000000e+00 1.600000000000000089e+00 -2.770000000000000110e-04 -3.069000000000000113e-03 -9.999949999999999672e-01 4.619150000000000200e-01 8.869190000000000129e-01 -2.850000000000000103e-03 8.869240000000000457e-01 -4.619139999999999913e-01 1.172000000000000082e-03
6.000000000000000000e+00 2.400000000000000000e+01 9.000000000000000000e+00 0.000000000000000000e+00 1.600000000000000089e+00 5.410000000000000312e-04 2.144000000000000072e-03 -9.999980000000000535e-01 4.625170000000000115e-01 8.866079999999999517e-01 2.151000000000000134e-03 8.866100000000000092e-01 -4.625170000000000115e-01 -5.119999999999999768e-04
1.200000000000000000e+01 2.400000000000000000e+01 9.000000000000000000e+00 0.000000000000000000e+00 1.600000000000000089e+00 5.692000000000000011e-03 9.405999999999999431e-03 -9.999400000000000510e-01 4.599739999999999940e-01 8.878639999999999866e-01 1.097000000000000058e-02 8.879139999999999810e-01 -4.600090000000000012e-01 7.269999999999999987e-04
6.000000000000000000e+00 1.040000000000000000e+02 1.100000000000000000e+01 0.000000000000000000e+00 1.600000000000000089e+00 3.449999999999999833e-04 -3.943999999999999589e-03 9.999919999999999920e-01 -9.724829999999999863e-01 -2.329739999999999867e-01 -5.839999999999999922e-04 2.329749999999999877e-01 -9.724749999999999783e-01 -3.916000000000000210e-03
1.400000000000000000e+01 1.040000000000000000e+02 1.100000000000000000e+01 0.000000000000000000e+00 1.600000000000000089e+00 -2.190000000000000106e-03 4.527999999999999907e-03 9.999869999999999592e-01 -9.737930000000000197e-01 -2.274349999999999983e-01 -1.103000000000000031e-03 2.274269999999999903e-01 -9.737829999999999542e-01 4.908000000000000036e-03
3.000000000000000000e+00 3.100000000000000000e+01 1.200000000000000000e+01 0.000000000000000000e+00 1.600000000000000089e+00 -1.299999999999999886e-04 2.057999999999999934e-03 9.999980000000000535e-01 -7.839999999999999747e-04 9.999980000000000535e-01 -2.057999999999999934e-03 -1.000000000000000000e+00 -7.839999999999999747e-04 -1.279999999999999942e-04
1.000000000000000000e+01 3.100000000000000000e+01 1.200000000000000000e+01 0.000000000000000000e+00 1.600000000000000089e+00 -8.310000000000000329e-04 5.021000000000000289e-03 9.999869999999999592e-01 4.572999999999999808e-03 9.999770000000000048e-01 -5.016999999999999758e-03 -9.999890000000000168e-01 4.569000000000000145e-03 -8.540000000000000499e-04
1.700000000000000000e+01 3.100000000000000000e+01 1.200000000000000000e+01 0.000000000000000000e+00 1.600000000000000089e+00 4.350000000000000026e-04 6.000000000000000152e-05 1.000000000000000000e+00 7.296000000000000402e-03 9.999730000000000008e-01 -6.299999999999999990e-05 -9.999730000000000008e-01 7.296000000000000402e-03 4.339999999999999782e-04
2.200000000000000000e+01 3.100000000000000000e+01 1.200000000000000000e+01 0.000000000000000000e+00 1.600000000000000089e+00 2.128999999999999816e-03 2.467000000000000009e-03 9.999949999999999672e-01 9.405000000000000165e-03 9.999529999999999808e-01 -2.487000000000000061e-03 -9.999540000000000095e-01 9.409999999999999962e-03 2.105000000000000100e-03
4.000000000000000000e+00 1.200000000000000000e+01 1.500000000000000000e+01 0.000000000000000000e+00 1.600000000000000089e+00 1.276000000000000007e-03 3.338999999999999954e-03 -9.999940000000000495e-01 -4.727740000000000276e-01 -8.811759999999999593e-01 -3.544999999999999974e-03 -8.811830000000000496e-01 4.727759999999999740e-01 4.539999999999999765e-04
9.000000000000000000e+00 1.200000000000000000e+01 1.500000000000000000e+01 0.000000000000000000e+00 1.600000000000000089e+00 -2.227999999999999946e-03 -3.248000000000000019e-03 -9.999919999999999920e-01 -4.713430000000000120e-01 -8.819409999999999750e-01 3.915000000000000077e-03 -8.819470000000000365e-01 4.713479999999999892e-01 4.339999999999999782e-04
1.300000000000000000e+01 1.200000000000000000e+01 1.500000000000000000e+01 0.000000000000000000e+00 1.600000000000000089e+00 -5.890000000000000270e-03 -3.017000000000000150e-03 -9.999780000000000335e-01 -4.691270000000000162e-01 -8.831139999999999546e-01 5.427000000000000400e-03 -8.831109999999999793e-01 4.691489999999999827e-01 3.785999999999999869e-03
2.000000000000000000e+01 1.200000000000000000e+01 1.500000000000000000e+01 0.000000000000000000e+00 1.600000000000000089e+00 -1.680999999999999986e-03 -7.280000000000000013e-03 -9.999719999999999720e-01 -4.698249999999999926e-01 -8.827300000000000146e-01 7.216000000000000192e-03 -8.827580000000000426e-01 4.698240000000000194e-01 -1.936000000000000004e-03
2.900000000000000000e+01 1.200000000000000000e+01 1.500000000000000000e+01 0.000000000000000000e+00 1.600000000000000089e+00 -1.088999999999999907e-03 -1.294000000000000011e-03 -9.999989999999999712e-01 -4.674869999999999859e-01 -8.839979999999999505e-01 1.652999999999999955e-03 -8.839989999999999792e-01 4.674880000000000146e-01 3.579999999999999741e-04
2.600000000000000000e+01 1.160000000000000000e+02 1.600000000000000000e+01 0.000000000000000000e+00 1.600000000000000089e+00 9.439999999999999607e-04 -8.899999999999999491e-05 1.000000000000000000e+00 6.854700000000000237e-01 7.281009999999999982e-01 -5.820000000000000520e-04 -7.281009999999999982e-01 6.854700000000000237e-01 7.489999999999999913e-04
4.000000000000000000e+00 2.000000000000000000e+00 1.900000000000000000e+01 0.000000000000000000e+00 1.600000000000000089e+00 2.667999999999999799e-03 -5.699999999999999772e-04 -9.999959999999999960e-01 1.639460000000000084e-01 -9.864690000000000403e-01 9.990000000000001049e-04 -9.864659999999999540e-01 -1.639480000000000104e-01 -2.537999999999999892e-03
6.000000000000000000e+00 2.000000000000000000e+00 1.900000000000000000e+01 0.000000000000000000e+00 1.600000000000000089e+00 1.154999999999999994e-03 -8.739999999999999939e-04 -9.999989999999999712e-01 1.647990000000000010e-01 -9.863269999999999538e-01 1.051999999999999984e-03 -9.863260000000000360e-01 -1.648000000000000020e-01 -9.959999999999999236e-04
1.000000000000000000e+01 2.000000000000000000e+00 1.900000000000000000e+01 0.000000000000000000e+00 1.600000000000000089e+00 -1.863999999999999988e-03 -3.559000000000000098e-03 -9.999919999999999920e-01 1.695160000000000000e-01 -9.855220000000000091e-01 3.191999999999999959e-03 -9.855260000000000131e-01 -1.695089999999999930e-01 2.439999999999999895e-03
2.400000000000000000e+01 2.000000000000000000e+00 1.900000000000000000e+01 0.000000000000000000e+00 1.600000000000000089e+00 8.509999999999999769e-04 1.962000000000000202e-03 -9.999980000000000535e-01 1.839330000000000132e-01 -9.829369999999999497e-01 -1.771999999999999921e-03 -9.829379999999999784e-01 -1.839310000000000112e-01 -1.196999999999999930e-03
5.000000000000000000e+00 4.000000000000000000e+00 2.000000000000000000e+01 0.000000000000000000e+00 1.600000000000000089e+00 2.514999999999999875e-03 1.928000000000000026e-03 -9.999949999999999672e-01 2.551490000000000147e-01 -9.669010000000000105e-01 -1.222999999999999912e-03 -9.668980000000000352e-01 -2.551450000000000107e-01 -2.923999999999999950e-03
1.200000000000000000e+01 4.000000000000000000e+00 2.000000000000000000e+01 0.000000000000000000e+00 1.600000000000000089e+00 1.126999999999999964e-03 -9.272999999999999993e-03 -9.999559999999999560e-01 2.678579999999999850e-01 -9.634139999999999926e-01 9.235999999999999419e-03 -9.634580000000000366e-01 -2.678570000000000118e-01 1.397999999999999937e-03
1.900000000000000000e+01 4.000000000000000000e+00 2.000000000000000000e+01 0.000000000000000000e+00 1.600000000000000089e+00 2.050999999999999872e-03 3.105999999999999820e-03 -9.999930000000000208e-01 2.744079999999999853e-01 -9.616099999999999648e-01 -2.423999999999999939e-03 -9.616109999999999935e-01 -2.744010000000000060e-01 -2.824000000000000121e-03
3.000000000000000000e+00 1.300000000000000000e+01 2.000000000000000000e+01 0.000000000000000000e+00 1.600000000000000089e+00 5.680000000000000370e-04 -7.910000000000000364e-04 1.000000000000000000e+00 2.550790000000000002e-01 9.669200000000000017e-01 6.199999999999999999e-04 -9.669200000000000017e-01 2.550790000000000002e-01 7.510000000000000399e-04
1.100000000000000000e+01 1.300000000000000000e+01 2.000000000000000000e+01 0.000000000000000000e+00 1.600000000000000089e+00 -1.010000000000000020e-04 8.307999999999999413e-03 9.999649999999999928e-01 2.590290000000000092e-01 9.658360000000000278e-01 -7.997999999999999901e-03 -9.658689999999999776e-01 2.590199999999999725e-01 -2.249999999999999830e-03
1.700000000000000000e+01 1.300000000000000000e+01 2.000000000000000000e+01 0.000000000000000000e+00 1.600000000000000089e+00 -1.730000000000000038e-04 3.373999999999999829e-03 9.999940000000000495e-01 2.597479999999999789e-01 9.656709999999999461e-01 -3.213000000000000144e-03 -9.656759999999999788e-01 2.597459999999999769e-01 -1.044000000000000006e-03
2.000000000000000000e+01 1.300000000000000000e+01 2.000000000000000000e+01 0.000000000000000000e+00 1.600000000000000089e+00 3.099999999999999999e-04 -4.226999999999999855e-03 9.999909999999999632e-01 2.598030000000000062e-01 9.656529999999999836e-01 4.002000000000000349e-03 -9.656620000000000203e-01 2.597990000000000022e-01 1.397000000000000021e-03
2.900000000000000000e+01 1.300000000000000000e+01 2.000000000000000000e+01 0.000000000000000000e+00 1.600000000000000089e+00 -4.760000000000000234e-04 3.563999999999999894e-03 9.999940000000000495e-01 2.597070000000000212e-01 9.656820000000000404e-01 -3.318000000000000203e-03 -9.656869999999999621e-01 2.597039999999999904e-01 -1.386000000000000079e-03
3.000000000000000000e+00 1.600000000000000000e+01 2.100000000000000000e+01 0.000000000000000000e+00 1.600000000000000089e+00 4.060000000000000024e-04 1.526000000000000013e-03 9.999989999999999712e-01 2.968970000000000220e-01 9.549079999999999790e-01 -1.577000000000000060e-03 -9.549100000000000366e-01 2.968970000000000220e-01 -6.499999999999999431e-05
1.200000000000000000e+01 1.600000000000000000e+01 2.100000000000000000e+01 0.000000000000000000e+00 1.600000000000000089e+00 4.009999999999999893e-04 9.405000000000000165e-03 9.999559999999999560e-01 2.982739999999999836e-01 9.544369999999999798e-01 -9.095999999999999919e-03 -9.544799999999999951e-01 2.982650000000000023e-01 -2.422999999999999807e-03
1.700000000000000000e+01 1.600000000000000000e+01 2.100000000000000000e+01 0.000000000000000000e+00 1.600000000000000089e+00 1.420000000000000092e-04 4.373000000000000151e-03 9.999900000000000455e-01 2.991530000000000022e-01 9.541960000000000441e-01 -4.214999999999999997e-03 -9.542049999999999699e-01 2.991510000000000002e-01 -1.172999999999999998e-03
2.600000000000000000e+01 1.600000000000000000e+01 2.100000000000000000e+01 0.000000000000000000e+00 1.600000000000000089e+00 -1.008999999999999914e-03 7.799999999999999859e-04 9.999989999999999712e-01 2.981269999999999754e-01 9.545259999999999856e-01 -4.440000000000000045e-04 -9.545259999999999856e-01 2.981260000000000021e-01 -1.196000000000000014e-03
1.500000000000000000e+01 4.600000000000000000e+01 2.700000000000000000e+01 0.000000000000000000e+00 1.600000000000000089e+00 3.937000000000000395e-03 1.786000000000000044e-03 -9.999909999999999632e-01 6.768579999999999597e-01 7.361020000000000341e-01 3.980000000000000031e-03 7.361029999999999518e-01 -6.768680000000000252e-01 1.688999999999999963e-03
2.800000000000000000e+01 4.600000000000000000e+01 2.700000000000000000e+01 0.000000000000000000e+00 1.600000000000000089e+00 -1.624999999999999925e-03 -3.319999999999999926e-04 -9.999989999999999712e-01 6.824770000000000003e-01 7.309059999999999446e-01 -1.351999999999999903e-03 7.309050000000000269e-01 -6.824780000000000291e-01 -9.610000000000000486e-04
1.000000000000000000e+00 5.800000000000000000e+01 3.100000000000000000e+01 0.000000000000000000e+00 1.600000000000000089e+00 3.870000000000000176e-03 -1.083999999999999894e-03 9.999919999999999920e-01 -7.911869999999999736e-01 -6.115699999999999470e-01 2.399000000000000091e-03 6.115620000000000500e-01 -7.911899999999999489e-01 -3.223999999999999869e-03
5.000000000000000000e+00 5.800000000000000000e+01 3.100000000000000000e+01 0.000000000000000000e+00 1.600000000000000089e+00 8.959999999999999866e-04 -2.616999999999999969e-03 9.999959999999999960e-01 -7.913639999999999564e-01 -6.113439999999999985e-01 -8.909999999999999734e-04 6.113439999999999985e-01 -7.913599999999999524e-01 -2.618999999999999800e-03
1.300000000000000000e+01 5.800000000000000000e+01 3.100000000000000000e+01 0.000000000000000000e+00 1.600000000000000089e+00 -5.000000000000000240e-05 1.064999999999999974e-03 9.999989999999999712e-01 -7.988929999999999643e-01 -6.014730000000000354e-01 6.009999999999999717e-04 6.014730000000000354e-01 -7.988920000000000465e-01 8.800000000000000313e-04
7.000000000000000000e+00 6.000000000000000000e+00 3.200000000000000000e+01 0.000000000000000000e+00 1.600000000000000089e+00 1.721000000000000090e-03 5.622000000000000261e-03 -9.999829999999999552e-01 1.814900000000000124e-01 9.833749999999999991e-01 5.840999999999999838e-03 9.833910000000000151e-01 -1.814969999999999917e-01 6.719999999999999628e-04
1.200000000000000000e+01 6.000000000000000000e+00 3.200000000000000000e+01 0.000000000000000000e+00 1.600000000000000089e+00 1.186999999999999904e-03 -1.253999999999999906e-03 -9.999989999999999712e-01 1.723870000000000124e-01 9.850290000000000434e-01 -1.031000000000000015e-03 9.850290000000000434e-01 -1.723860000000000114e-01 1.386000000000000079e-03
3.000000000000000000e+00 4.600000000000000000e+01 3.500000000000000000e+01 0.000000000000000000e+00 1.600000000000000089e+00 -1.820000000000000057e-04 -1.698999999999999989e-03 -9.999989999999999712e-01 3.881660000000000110e-01 -9.215879999999999628e-01 1.495000000000000018e-03 -9.215900000000000203e-01 -3.881649999999999823e-01 8.270000000000000441e-04
6.000000000000000000e+00 4.600000000000000000e+01 3.500000000000000000e+01 0.000000000000000000e+00 1.600000000000000089e+00 1.219000000000000031e-03 -3.409000000000000138e-03 -9.999930000000000208e-01 3.882419999999999760e-01 -9.215499999999999803e-01 3.615000000000000158e-03 -9.215560000000000418e-01 -3.882439999999999780e-01 2.000000000000000096e-04
1.000000000000000000e+01 4.600000000000000000e+01 3.500000000000000000e+01 0.000000000000000000e+00 1.600000000000000089e+00 -3.029999999999999924e-04 -1.529999999999999893e-03 -9.999989999999999712e-01 3.880830000000000113e-01 -9.216239999999999988e-01 1.293000000000000095e-03 -9.216239999999999988e-01 -3.880819999999999825e-01 8.739999999999999939e-04
1.300000000000000000e+01 4.600000000000000000e+01 3.500000000000000000e+01 0.000000000000000000e+00 1.600000000000000089e+00 -7.690000000000000438e-04 -3.420999999999999996e-03 -9.999940000000000495e-01 3.881009999999999738e-01 -9.216130000000000155e-01 2.854000000000000200e-03 -9.216170000000000195e-01 -3.880959999999999965e-01 2.037000000000000182e-03
1.800000000000000000e+01 4.600000000000000000e+01 3.500000000000000000e+01 0.000000000000000000e+00 1.600000000000000089e+00 6.160000000000000111e-04 -6.430000000000000169e-04 -1.000000000000000000e+00 3.863739999999999952e-01 -9.223419999999999952e-01 8.310000000000000329e-04 -9.223419999999999952e-01 -3.863739999999999952e-01 -3.200000000000000262e-04
2.100000000000000000e+01 4.600000000000000000e+01 3.500000000000000000e+01 0.000000000000000000e+00 1.600000000000000089e+00 5.299999999999999807e-04 3.350000000000000113e-03 -9.999940000000000495e-01 3.862639999999999962e-01 -9.223839999999999817e-01 -2.884999999999999978e-03 -9.223879999999999857e-01 -3.862599999999999922e-01 -1.781999999999999947e-03
2.500000000000000000e+01 4.600000000000000000e+01 3.500000000000000000e+01 0.000000000000000000e+00 1.600000000000000089e+00 1.539999999999999919e-03 3.663000000000000023e-03 -9.999919999999999920e-01 3.861609999999999765e-01 -9.224269999999999969e-01 -2.784000000000000016e-03 -9.224299999999999722e-01 -3.861530000000000240e-01 -2.834999999999999847e-03
2.800000000000000000e+01 4.600000000000000000e+01 3.500000000000000000e+01 0.000000000000000000e+00 1.600000000000000089e+00 2.661999999999999870e-03 2.753999999999999938e-03 -9.999930000000000208e-01 3.845999999999999974e-01 -9.230819999999999581e-01 -1.518000000000000035e-03 -9.230789999999999829e-01 -3.845930000000000182e-01 -3.516000000000000028e-03
7.000000000000000000e+00 9.500000000000000000e+01 3.600000000000000000e+01 0.000000000000000000e+00 1.600000000000000089e+00 4.486000000000000404e-03 -1.443599999999999918e-02 9.998860000000000525e-01 9.967740000000000489e-01 8.018999999999999739e-02 -3.314999999999999804e-03 -8.013299999999999590e-02 9.966749999999999776e-01 1.474899999999999996e-02
1.500000000000000000e+01 9.500000000000000000e+01 3.600000000000000000e+01 0.000000000000000000e+00 1.600000000000000089e+00 2.213999999999999822e-03 -5.080999999999999579e-03 9.999850000000000128e-01 9.965699999999999559e-01 8.273500000000000298e-02 -1.786000000000000044e-03 -8.272400000000000586e-02 9.965589999999999726e-01 5.246999999999999928e-03
2.000000000000000000e+00 2.900000000000000000e+01 4.400000000000000000e+01 0.000000000000000000e+00 1.600000000000000089e+00 9.290000000000000297e-04 1.332999999999999984e-03 -9.999989999999999712e-01 6.705349999999999921e-01 7.418759999999999799e-01 1.611999999999999935e-03 7.418780000000000374e-01 -6.705349999999999921e-01 -2.039999999999999984e-04
6.000000000000000000e+00 2.900000000000000000e+01 4.400000000000000000e+01 0.000000000000000000e+00 1.600000000000000089e+00 -9.529999999999999626e-04 8.090000000000000403e-04 -9.999989999999999712e-01 6.751049999999999551e-01 7.377209999999999601e-01 -4.600000000000000004e-05 7.377209999999999601e-01 -6.751049999999999551e-01 -1.248999999999999893e-03
9.000000000000000000e+00 2.900000000000000000e+01 4.400000000000000000e+01 0.000000000000000000e+00 1.600000000000000089e+00 -1.691999999999999928e-03 7.219999999999999855e-04 -9.999980000000000535e-01 6.840720000000000134e-01 7.294140000000000068e-01 -6.310000000000000504e-04 7.294119999999999493e-01 -6.840720000000000134e-01 -1.727999999999999935e-03
1.300000000000000000e+01 2.900000000000000000e+01 4.400000000000000000e+01 0.000000000000000000e+00 1.600000000000000089e+00 -5.800000000000000034e-05 -4.185999999999999617e-03 -9.999909999999999632e-01 6.882200000000000539e-01 7.254950000000000010e-01 -3.076999999999999874e-03 7.255019999999999802e-01 -6.882139999999999924e-01 2.838999999999999944e-03
1.900000000000000000e+01 2.900000000000000000e+01 4.400000000000000000e+01 0.000000000000000000e+00 1.600000000000000089e+00 1.876999999999999979e-03 -7.370999999999999948e-03 -9.999710000000000543e-01 6.824829999999999508e-01 7.308900000000000396e-01 -4.107000000000000407e-03 7.308989999999999654e-01 -6.824559999999999516e-01 6.401999999999999705e-03
2.600000000000000000e+01 5.400000000000000000e+01 4.600000000000000000e+01 0.000000000000000000e+00 1.600000000000000089e+00 -2.139999999999999975e-04 8.087999999999999703e-03 9.999670000000000503e-01 3.425239999999999951e-01 -9.394780000000000353e-01 7.672000000000000000e-03 9.395090000000000385e-01 3.425150000000000139e-01 -2.569000000000000103e-03
9.000000000000000000e+00 6.500000000000000000e+01 4.600000000000000000e+01 0.000000000000000000e+00 1.600000000000000089e+00 2.259999999999999910e-04 -1.247999999999999977e-03 9.999989999999999712e-01 6.825160000000000116e-01 -7.308700000000000196e-01 -1.066000000000000107e-03 7.308700000000000196e-01 6.825160000000000116e-01 6.859999999999999779e-04
1.500000000000000000e+01 6.500000000000000000e+01 4.600000000000000000e+01 0.000000000000000000e+00 1.600000000000000089e+00 -1.500000000000000038e-05 5.450000000000000200e-04 1.000000000000000000e+00 6.818109999999999449e-01 -7.315279999999999561e-01 4.090000000000000211e-04 7.315279999999999561e-01 6.818109999999999449e-01 -3.600000000000000227e-04
2.800000000000000000e+01 6.500000000000000000e+01 4.600000000000000000e+01 0.000000000000000000e+00 1.600000000000000089e+00 -2.148999999999999869e-03 1.832999999999999994e-03 9.999959999999999960e-01 6.813730000000000064e-01 -7.319309999999999983e-01 2.805999999999999901e-03 7.319329999999999448e-01 6.813759999999999817e-01 3.240000000000000150e-04
3.000000000000000000e+00 7.000000000000000000e+01 4.700000000000000000e+01 0.000000000000000000e+00 1.600000000000000089e+00 6.999999999999999895e-06 1.810999999999999893e-03 -9.999980000000000535e-01 -8.369539999999999758e-01 -5.472719999999999807e-01 -9.970000000000000563e-04 -5.472730000000000095e-01 8.369529999999999470e-01 1.512000000000000106e-03
5.000000000000000000e+00 5.000000000000000000e+00 5.100000000000000000e+01 0.000000000000000000e+00 1.600000000000000089e+00 -9.120000000000000502e-04 2.129999999999999949e-03 -9.999970000000000248e-01 4.796759999999999913e-01 -8.774420000000000552e-01 -2.305999999999999890e-03 -8.774450000000000305e-01 -4.796770000000000200e-01 -2.220000000000000022e-04
8.000000000000000000e+00 5.000000000000000000e+00 5.100000000000000000e+01 0.000000000000000000e+00 1.600000000000000089e+00 1.150999999999999896e-03 -9.690000000000000262e-04 -9.999989999999999712e-01 4.817980000000000040e-01 -8.762809999999999766e-01 1.404000000000000083e-03 -8.762809999999999766e-01 -4.817989999999999773e-01 -5.410000000000000312e-04
1.500000000000000000e+01 5.000000000000000000e+00 5.100000000000000000e+01 0.000000000000000000e+00 1.600000000000000089e+00 -2.400999999999999922e-03 3.233000000000000197e-03 -9.999919999999999920e-01 4.866170000000000218e-01 -8.736059999999999937e-01 -3.991999999999999889e-03 -8.736120000000000552e-01 -4.866219999999999990e-01 5.240000000000000517e-04
5.000000000000000000e+00 7.000000000000000000e+00 5.200000000000000000e+01 0.000000000000000000e+00 1.600000000000000089e+00 -8.750000000000000182e-04 2.086000000000000180e-03 -9.999970000000000248e-01 6.975099999999999356e-02 -9.975619999999999488e-01 -2.141999999999999807e-03 -9.975640000000000063e-01 -6.975299999999999556e-02 7.269999999999999987e-04
2.900000000000000000e+01 7.000000000000000000e+00 5.200000000000000000e+01 0.000000000000000000e+00 1.600000000000000089e+00 -2.645999999999999915e-03 8.101000000000000562e-03 -9.999639999999999640e-01 7.692799999999999638e-02 -9.970020000000000548e-01 -8.281000000000000166e-03 -9.970329999999999471e-01 -7.694800000000000251e-02 2.014999999999999864e-03
4.000000000000000000e+00 6.300000000000000000e+01 5.400000000000000000e+01 0.000000000000000000e+00 1.600000000000000089e+00 -2.433999999999999966e-03 -9.300000000000000541e-04 9.999970000000000248e-01 -3.523580000000000045e-01 9.358649999999999469e-01 1.200000000000000030e-05 -9.358619999999999717e-01 -3.523569999999999758e-01 -2.605999999999999810e-03
9.000000000000000000e+00 6.300000000000000000e+01 5.400000000000000000e+01 0.000000000000000000e+00 1.600000000000000089e+00 4.490000000000000176e-04 -3.400000000000000244e-04 1.000000000000000000e+00 -3.510920000000000152e-01 9.363409999999999789e-01 4.760000000000000234e-04 -9.363409999999999789e-01 -3.510920000000000152e-01 3.009999999999999980e-04
1.300000000000000000e+01 6.300000000000000000e+01 5.400000000000000000e+01 0.000000000000000000e+00 1.600000000000000089e+00 8.799999999999999771e-05 1.299999999999999886e-04 1.000000000000000000e+00 -3.493439999999999879e-01 9.369939999999999936e-01 -9.100000000000000287e-05 -9.369939999999999936e-01 -3.493439999999999879e-01 1.279999999999999942e-04
1.700000000000000000e+01 6.300000000000000000e+01 5.400000000000000000e+01 0.000000000000000000e+00 1.600000000000000089e+00 -4.989999999999999861e-04 7.690000000000000438e-04 1.000000000000000000e+00 -3.494030000000000191e-01 9.369720000000000271e-01 -8.949999999999999623e-04 -9.369720000000000271e-01 -3.494039999999999924e-01 -1.990000000000000124e-04
2.300000000000000000e+01 6.300000000000000000e+01 5.400000000000000000e+01 0.000000000000000000e+00 1.600000000000000089e+00 -6.359999999999999551e-04 -1.663999999999999898e-03 9.999980000000000535e-01 -3.521670000000000078e-01 9.359359999999999902e-01 1.333999999999999899e-03 -9.359370000000000189e-01 -3.521659999999999791e-01 -1.180999999999999975e-03
2.700000000000000000e+01 6.300000000000000000e+01 5.400000000000000000e+01 0.000000000000000000e+00 1.600000000000000089e+00 8.030000000000000028e-04 -1.886000000000000090e-03 9.999980000000000535e-01 -3.513549999999999729e-01 9.362399999999999611e-01 2.047999999999999907e-03 -9.362420000000000186e-01 -3.513560000000000016e-01 9.000000000000000567e-05
9.000000000000000000e+00 2.500000000000000000e+01 5.500000000000000000e+01 0.000000000000000000e+00 1.600000000000000089e+00 -1.479999999999999925e-04 5.733000000000000249e-03 -9.999839999999999840e-01 -1.229899999999999917e-02 -9.999080000000000190e-01 -5.729999999999999850e-03 -9.999240000000000350e-01 1.229799999999999990e-02 2.190000000000000106e-04
2.200000000000000000e+01 2.500000000000000000e+01 5.500000000000000000e+01 0.000000000000000000e+00 1.600000000000000089e+00 -2.059999999999999928e-04 -1.134999999999999941e-03 -9.999989999999999712e-01 -1.045100000000000022e-02 -9.999449999999999728e-01 1.136999999999999990e-03 -9.999449999999999728e-01 1.045100000000000022e-02 1.939999999999999993e-04
1.300000000000000000e+01 6.800000000000000000e+01 5.700000000000000000e+01 0.000000000000000000e+00 1.600000000000000089e+00 2.400000000000000061e-04 -2.203999999999999796e-03 -9.999980000000000535e-01 -2.444590000000000096e-01 -9.696569999999999911e-01 2.077999999999999986e-03 -9.696599999999999664e-01 2.444580000000000086e-01 -7.709999999999999840e-04
1.200000000000000000e+01 2.100000000000000000e+01 6.000000000000000000e+01 0.000000000000000000e+00 1.600000000000000089e+00 -4.159999999999999744e-04 8.115999999999999950e-03 9.999670000000000503e-01 -9.534099999999999520e-02 9.954119999999999635e-01 -8.118999999999999481e-03 -9.954450000000000243e-01 -9.534099999999999520e-02 3.600000000000000227e-04
2.100000000000000000e+01 2.100000000000000000e+01 6.000000000000000000e+01 0.000000000000000000e+00 1.600000000000000089e+00 2.076999999999999853e-03 -9.188999999999999252e-03 9.999559999999999560e-01 -9.307100000000000095e-02 9.956159999999999455e-01 9.341999999999999610e-03 -9.956570000000000142e-01 -9.308600000000000207e-02 1.213000000000000102e-03
7.000000000000000000e+00 3.000000000000000000e+00 6.300000000000000000e+01 0.000000000000000000e+00 1.600000000000000089e+00 1.356000000000000000e-03 -1.132999999999999893e-03 9.999980000000000535e-01 -6.141370000000000440e-01 7.891979999999999551e-01 1.727000000000000019e-03 -7.891989999999999839e-01 -6.141379999999999617e-01 3.739999999999999835e-04
1.300000000000000000e+01 3.000000000000000000e+00 6.300000000000000000e+01 0.000000000000000000e+00 1.600000000000000089e+00 -5.969999999999999829e-04 -1.913999999999999903e-03 9.999980000000000535e-01 -6.142079999999999762e-01 7.891430000000000389e-01 1.144000000000000052e-03 -7.891439999999999566e-01 -6.142060000000000297e-01 -1.647000000000000026e-03
1.000000000000000000e+00 2.700000000000000000e+01 6.300000000000000000e+01 0.000000000000000000e+00 1.600000000000000089e+00 4.760000000000000234e-04 2.709999999999999735e-04 1.000000000000000000e+00 -2.819599999999999884e-01 9.594260000000000010e-01 -1.259999999999999998e-04 -9.594260000000000010e-01 -2.819599999999999884e-01 5.330000000000000536e-04
6.000000000000000000e+00 2.700000000000000000e+01 6.300000000000000000e+01 0.000000000000000000e+00 1.600000000000000089e+00 3.219000000000000073e-03 3.713999999999999854e-03 9.999879999999999880e-01 -2.784809999999999786e-01 9.604380000000000139e-01 -2.670000000000000064e-03 -9.604359999999999564e-01 -2.784690000000000221e-01 4.126000000000000327e-03
1.300000000000000000e+01 2.700000000000000000e+01 6.300000000000000000e+01 0.000000000000000000e+00 1.600000000000000089e+00 3.899999999999999929e-05 -1.330999999999999935e-03 9.999989999999999712e-01 -2.749519999999999742e-01 9.614570000000000061e-01 1.289999999999999914e-03 -9.614580000000000348e-01 -2.749519999999999742e-01 -3.280000000000000038e-04
1.600000000000000000e+01 2.700000000000000000e+01 6.300000000000000000e+01 0.000000000000000000e+00 1.600000000000000089e+00 -2.530000000000000239e-04 -1.871000000000000050e-03 9.999980000000000535e-01 -2.760319999999999996e-01 9.611469999999999736e-01 1.729000000000000068e-03 -9.611480000000000024e-01 -2.760310000000000263e-01 -7.600000000000000418e-04
2.200000000000000000e+01 2.700000000000000000e+01 6.300000000000000000e+01 0.000000000000000000e+00 1.600000000000000089e+00 3.739000000000000136e-03 8.100000000000000375e-05 9.999930000000000208e-01 -2.793350000000000000e-01 9.601929999999999632e-01 9.669999999999999776e-04 -9.601859999999999840e-01 -2.793370000000000020e-01 3.612999999999999892e-03
2.600000000000000000e+01 2.700000000000000000e+01 6.300000000000000000e+01 0.000000000000000000e+00 1.600000000000000089e+00 3.199000000000000021e-03 8.047999999999999599e-03 9.999630000000000463e-01 -2.737660000000000093e-01 9.617719999999999603e-01 -6.864999999999999575e-03 -9.617909999999999515e-01 -2.737339999999999773e-01 5.279999999999999971e-03
3.000000000000000000e+00 2.600000000000000000e+01 6.400000000000000000e+01 0.000000000000000000e+00 1.600000000000000089e+00 1.902000000000000045e-03 8.040000000000000271e-04 9.999980000000000535e-01 -3.661820000000000075e-01 9.305430000000000090e-01 -5.099999999999999960e-05 -9.305409999999999515e-01 -3.661809999999999787e-01 2.063999999999999863e-03
1.300000000000000000e+01 2.600000000000000000e+01 6.400000000000000000e+01 0.000000000000000000e+00 1.600000000000000089e+00 2.110000000000000059e-04 -1.804999999999999964e-03 9.999980000000000535e-01 -3.567549999999999888e-01 9.341960000000000264e-01 1.761999999999999894e-03 -9.341979999999999729e-01 -3.567549999999999888e-01 -4.470000000000000232e-04
1.700000000000000000e+01 2.600000000000000000e+01 6.400000000000000000e+01 0.000000000000000000e+00 1.600000000000000089e+00 7.860000000000000233e-04 -4.687000000000000194e-03 9.999890000000000168e-01 -3.589700000000000113e-01 9.333380000000000010e-01 4.656999999999999681e-03 -9.333489999999999842e-01 -3.589700000000000113e-01 -9.489999999999999738e-04
2.200000000000000000e+01 2.600000000000000000e+01 6.400000000000000000e+01 0.000000000000000000e+00 1.600000000000000089e+00 4.017999999999999870e-03 -2.030000000000000012e-04 9.999919999999999920e-01 -3.613569999999999838e-01 9.324259999999999771e-01 1.642000000000000013e-03 -9.324189999999999978e-01 -3.613600000000000145e-01 3.673000000000000050e-03
2.800000000000000000e+01 2.600000000000000000e+01 6.400000000000000000e+01 0.000000000000000000e+00 1.600000000000000089e+00 -1.900000000000000105e-05 8.753000000000000363e-03 9.999620000000000175e-01 -3.492100000000000204e-01 9.370089999999999808e-01 -8.208000000000000018e-03 -9.370439999999999880e-01 -3.491969999999999796e-01 3.037999999999999902e-03
4.000000000000000000e+00 2.500000000000000000e+01 7.300000000000000000e+01 0.000000000000000000e+00 1.600000000000000089e+00 1.031000000000000015e-03 2.658000000000000206e-03 9.999959999999999960e-01 7.491120000000000001e-01 -6.624430000000000041e-01 9.879999999999999460e-04 6.624419999999999753e-01 7.491079999999999961e-01 -2.674999999999999861e-03
1.400000000000000000e+01 2.500000000000000000e+01 7.300000000000000000e+01 0.000000000000000000e+00 1.600000000000000089e+00 1.211000000000000054e-03 2.415000000000000046e-03 9.999959999999999960e-01 7.491560000000000441e-01 -6.623940000000000383e-01 6.920000000000000153e-04 6.623930000000000096e-01 7.491520000000000401e-01 -2.611000000000000040e-03
1.700000000000000000e+01 2.500000000000000000e+01 7.300000000000000000e+01 0.000000000000000000e+00 1.600000000000000089e+00 8.880000000000000089e-04 2.079999999999999818e-03 9.999970000000000248e-01 7.508040000000000269e-01 -6.605250000000000288e-01 7.069999999999999462e-04 6.605250000000000288e-01 7.508010000000000517e-01 -2.148000000000000170e-03
2.300000000000000000e+01 2.500000000000000000e+01 7.300000000000000000e+01 0.000000000000000000e+00 1.600000000000000089e+00 6.359999999999999551e-04 -7.720000000000000083e-04 9.999989999999999712e-01 7.496749999999999803e-01 -6.618049999999999766e-01 -9.879999999999999460e-04 6.618049999999999766e-01 7.496760000000000090e-01 1.579999999999999916e-04
2.700000000000000000e+01 2.500000000000000000e+01 7.300000000000000000e+01 0.000000000000000000e+00 1.600000000000000089e+00 1.219999999999999974e-04 -1.827000000000000065e-03 9.999980000000000535e-01 7.481430000000000025e-01 -6.635360000000000147e-01 -1.304000000000000038e-03 6.635370000000000434e-01 7.481419999999999737e-01 1.286000000000000034e-03
2.000000000000000000e+00 4.400000000000000000e+01 7.300000000000000000e+01 0.000000000000000000e+00 1.600000000000000089e+00 5.249000000000000193e-03 4.010999999999999809e-03 9.999780000000000335e-01 4.706699999999999773e-02 -9.988850000000000229e-01 3.759999999999999887e-03 9.988780000000000436e-01 4.704599999999999754e-02 -5.432000000000000196e-03
6.000000000000000000e+00 4.400000000000000000e+01 7.300000000000000000e+01 0.000000000000000000e+00 1.600000000000000089e+00 2.884999999999999978e-03 1.201000000000000028e-03 9.999949999999999672e-01 4.676600000000000201e-02 -9.989050000000000429e-01 1.064000000000000059e-03 9.989019999999999566e-01 4.676299999999999901e-02 -2.938000000000000073e-03
1.100000000000000000e+01 4.400000000000000000e+01 7.300000000000000000e+01 0.000000000000000000e+00 1.600000000000000089e+00 1.137999999999999906e-03 9.899999999999999946e-04 9.999989999999999712e-01 4.648800000000000154e-02 -9.989179999999999726e-01 9.359999999999999831e-04 9.989179999999999726e-01 4.648700000000000054e-02 -1.183000000000000024e-03
