3.000000000000000000e+00 2.500000000000000000e+01 1.000000000000000000e+00 0.000000000000000000e+00 1.600000000000000089e+00 -5.330000000000000536e-04 2.435000000000000098e-03 -9.999970000000000248e-01 -5.244699999999999918e-01 -8.514270000000000449e-01 -1.794000000000000022e-03 -8.514289999999999914e-01 5.244670000000000165e-01 1.730999999999999900e-03
1.800000000000000000e+01 2.500000000000000000e+01 1.000000000000000000e+00 0.000000000000000000e+00 1.600000000000000089e+00 -7.010000000000000172e-04 1.874999999999999931e-03 -9.999980000000000535e-01 -5.220059999999999700e-01 -8.529409999999999492e-01 -1.232999999999999938e-03 -8.529419999999999780e-01 5.220040000000000235e-01 1.577000000000000060e-03
1.100000000000000000e+01 1.500000000000000000e+01 4.000000000000000000e+00 0.000000000000000000e+00 1.600000000000000089e+00 7.269999999999999987e-04 -1.382800000000000001e-02 9.999040000000000150e-01 3.803599999999999759e-01 -9.247459999999999569e-01 -1.306500000000000022e-02 9.248380000000000489e-01 3.803329999999999766e-01 4.588000000000000064e-03
2.000000000000000000e+01 1.500000000000000000e+01 4.000000000000000000e+00 0.000000000000000000e+00 1.600000000000000089e+00 -8.838999999999999635e-03 4.364200000000000024e-02 9.990080000000000071e-01 4.240639999999999965e-01 -9.045980000000000132e-01 4.327000000000000290e-02 9.055889999999999773e-01 4.240249999999999853e-01 -1.051099999999999951e-02
1.500000000000000000e+01 1.010000000000000000e+02 7.000000000000000000e+00 0.000000000000000000e+00 1.600000000000000089e+00 2.393999999999999861e-03 -9.771999999999999437e-03 9.999489999999999768e-01 8.864549999999999930e-01 4.628079999999999972e-01 2.399999999999999790e-03 -4.628079999999999972e-01 8.864049999999999985e-01 9.771000000000000171e-03
2.200000000000000000e+01 1.010000000000000000e+02 7.000000000000000000e+00 0.000000000000000000e+00 1.600000000000000089e+00 -1.742999999999999975e-03 7.034999999999999587e-03 9.999740000000000295e-01 8.867080000000000517e-01 4.623269999999999880e-01 -1.706999999999999967e-03 -4.623269999999999880e-01 8.866810000000000525e-01 -7.042999999999999781e-03
8.000000000000000000e+00 1.500000000000000000e+01 8.000000000000000000e+00 0.000000000000000000e+00 1.600000000000000089e+00 -4.229999999999999819e-04 -2.431600000000000081e-02 -9.997040000000000370e-01 -6.186439999999999717e-01 -7.854320000000000190e-01 1.936600000000000127e-02 -7.856710000000000083e-01 6.184699999999999642e-01 -1.471000000000000085e-02
1.000000000000000000e+00 2.500000000000000000e+01 8.000000000000000000e+00 0.000000000000000000e+00 1.600000000000000089e+00 8.549999999999999658e-04 -5.959999999999999586e-04 -9.999989999999999712e-01 4.438369999999999815e-01 8.961069999999999869e-01 -1.550000000000000000e-04 8.961069999999999869e-01 -4.438369999999999815e-01 1.031000000000000015e-03
5.000000000000000000e+00 2.500000000000000000e+01 8.000000000000000000e+00 0.000000000000000000e+00 1.600000000000000089e+00 1.621999999999999961e-03 5.308000000000000218e-03 -9.999850000000000128e-01 4.426069999999999727e-01 8.966990000000000238e-01 5.478000000000000230e-03 8.967140000000000111e-01 -4.426089999999999747e-01 -8.949999999999999623e-04
9.000000000000000000e+00 2.500000000000000000e+01 8.000000000000000000e+00 0.000000000000000000e+00 1.600000000000000089e+00 1.477999999999999930e-03 -2.229999999999999994e-04 -9.999989999999999712e-01 4.415410000000000168e-01 8.972409999999999553e-01 4.519999999999999821e-04 8.972400000000000375e-01 -4.415419999999999900e-01 1.423999999999999919e-03
1.300000000000000000e+01 2.500000000000000000e+01 8.000000000000000000e+00 0.000000000000000000e+00 1.600000000000000089e+00 -5.230000000000000274e-04 -2.460000000000000164e-04 -1.000000000000000000e+00 4.404390000000000249e-01 8.977829999999999977e-01 -4.510000000000000120e-04 8.977819999999999689e-01 -4.404390000000000249e-01 -3.620000000000000171e-04
1.800000000000000000e+01 2.500000000000000000e+01 8.000000000000000000e+00 0.000000000000000000e+00 1.600000000000000089e+00 2.315999999999999916e-03 6.152999999999999615e-03 -9.999780000000000335e-01 4.386889999999999956e-01 8.986150000000000526e-01 6.544999999999999603e-03 8.986359999999999904e-01 -4.386939999999999729e-01 -6.179999999999999513e-04
2.200000000000000000e+01 2.500000000000000000e+01 8.000000000000000000e+00 0.000000000000000000e+00 1.600000000000000089e+00 1.655999999999999920e-03 2.059000000000000066e-03 -9.999970000000000248e-01 4.380539999999999989e-01 8.989449999999999941e-01 2.576000000000000165e-03 8.989470000000000516e-01 -4.380560000000000009e-01 5.860000000000000408e-04
2.800000000000000000e+01 2.500000000000000000e+01 8.000000000000000000e+00 0.000000000000000000e+00 1.600000000000000089e+00 1.180999999999999975e-03 4.314000000000000126e-03 -9.999900000000000455e-01 4.359100000000000197e-01 8.999800000000000022e-01 4.396999999999999867e-03 8.999899999999999567e-01 -4.359109999999999929e-01 -8.170000000000000179e-04
2.000000000000000000e+00 9.000000000000000000e+00 9.000000000000000000e+00 0.000000000000000000e+00 1.600000000000000089e+00 -1.219559999999999950e-01 -1.170820000000000055e-01 -9.856059999999999821e-01 -9.249340000000000339e-01 -3.468029999999999724e-01 1.556460000000000066e-01 -3.600340000000000207e-01 9.306020000000000403e-01 -6.599800000000000111e-02
7.000000000000000000e+00 2.400000000000000000e+01 9.000000000000000000e+00 0.000000000000000000e+00 1.600000000000000089e+00 2.102999999999999835e-03 4.537000000000000234e-03 -9.999869999999999592e-01 4.486899999999999777e-01 8.936730000000000507e-01 4.997999999999999839e-03 8.936849999999999516e-01 -4.486950000000000105e-01 -1.559999999999999972e-04
1.300000000000000000e+01 2.400000000000000000e+01 9.000000000000000000e+00 0.000000000000000000e+00 1.600000000000000089e+00 -2.020000000000000040e-04 -4.870000000000000197e-04 -1.000000000000000000e+00 4.468360000000000110e-01 8.946159999999999668e-01 -5.259999999999999919e-04 8.946159999999999668e-01 -4.468360000000000110e-01 3.699999999999999811e-05
1.900000000000000000e+01 2.400000000000000000e+01 9.000000000000000000e+00 0.000000000000000000e+00 1.600000000000000089e+00 2.344000000000000163e-03 3.991999999999999889e-03 -9.999890000000000168e-01 4.445819999999999772e-01 8.957260000000000222e-01 4.617999999999999709e-03 8.957349999999999479e-01 -4.445879999999999832e-01 3.249999999999999851e-04
2.800000000000000000e+01 2.400000000000000000e+01 9.000000000000000000e+00 0.000000000000000000e+00 1.600000000000000089e+00 1.087000000000000076e-03 5.630999999999999721e-03 -9.999839999999999840e-01 4.414159999999999751e-01 8.972860000000000280e-01 5.531999999999999591e-03 8.973020000000000440e-01 -4.414150000000000018e-01 -1.510000000000000057e-03
5.000000000000000000e+00 8.000000000000000000e+00 1.000000000000000000e+01 0.000000000000000000e+00 1.600000000000000089e+00 -1.565050000000000052e-01 -1.150759999999999977e-01 -9.809499999999999886e-01 -9.472559999999999869e-01 -2.637379999999999725e-01 1.820680000000000076e-01 -2.796649999999999969e-01 9.577059999999999462e-01 -6.772999999999999854e-02
3.000000000000000000e+01 8.000000000000000000e+00 1.000000000000000000e+01 0.000000000000000000e+00 1.600000000000000089e+00 8.890900000000000192e-02 6.525999999999999857e-02 -9.939000000000000057e-01 -9.695740000000000469e-01 -2.228279999999999983e-01 -1.013639999999999958e-01 -2.280840000000000090e-01 9.726709999999999523e-01 4.346300000000000163e-02
2.200000000000000000e+01 3.000000000000000000e+00 1.100000000000000000e+01 0.000000000000000000e+00 1.600000000000000089e+00 -6.204000000000000313e-03 1.058670000000000028e-01 9.943610000000000504e-01 1.352810000000000124e-01 -9.851499999999999702e-01 1.057300000000000045e-01 9.907880000000000020e-01 1.351739999999999886e-01 -8.210000000000000284e-03
1.100000000000000000e+01 3.100000000000000000e+01 1.200000000000000000e+01 0.000000000000000000e+00 1.600000000000000089e+00 -8.159999999999999936e-04 6.159999999999999677e-03 9.999810000000000088e-01 -4.562000000000000083e-03 9.999710000000000543e-01 -6.163000000000000075e-03 -9.999890000000000168e-01 -4.566999999999999879e-03 -7.879999999999999635e-04
3.000000000000000000e+00 3.500000000000000000e+01 1.200000000000000000e+01 0.000000000000000000e+00 1.600000000000000089e+00 -3.664000000000000156e-03 1.447599999999999928e-02 -9.998890000000000278e-01 5.608159999999999812e-01 -8.278210000000000290e-01 -1.404000000000000040e-02 -8.279320000000000013e-01 -5.608049999999999979e-01 -5.085000000000000110e-03
1.000000000000000000e+01 1.160000000000000000e+02 1.600000000000000000e+01 0.000000000000000000e+00 1.600000000000000089e+00 3.899999999999999929e-04 4.929999999999999487e-04 1.000000000000000000e+00 7.620310000000000139e-01 6.475410000000000332e-01 -6.170000000000000354e-04 -6.475410000000000332e-01 7.620310000000000139e-01 -1.240000000000000054e-04
1.500000000000000000e+01 1.160000000000000000e+02 1.600000000000000000e+01 0.000000000000000000e+00 1.600000000000000089e+00 6.700000000000000226e-05 3.249999999999999851e-04 1.000000000000000000e+00 7.525659999999999572e-01 6.585170000000000190e-01 -2.649999999999999903e-04 -6.585170000000000190e-01 7.525659999999999572e-01 -2.000000000000000096e-04
1.900000000000000000e+01 1.160000000000000000e+02 1.600000000000000000e+01 0.000000000000000000e+00 1.600000000000000089e+00 -4.889999999999999599e-04 -1.936000000000000004e-03 9.999980000000000535e-01 7.533480000000000176e-01 6.576199999999999823e-01 1.642000000000000013e-03 -6.576220000000000399e-01 7.533480000000000176e-01 1.136999999999999990e-03
2.200000000000000000e+01 1.160000000000000000e+02 1.600000000000000000e+01 0.000000000000000000e+00 1.600000000000000089e+00 -3.420000000000000188e-04 -2.249999999999999830e-03 9.999970000000000248e-01 7.595579999999999554e-01 6.504370000000000429e-01 1.722999999999999922e-03 -6.504389999999999894e-01 7.595570000000000377e-01 1.487000000000000040e-03
2.800000000000000000e+01 1.160000000000000000e+02 1.600000000000000000e+01 0.000000000000000000e+00 1.600000000000000089e+00 -7.119999999999999593e-04 -8.490000000000000368e-04 9.999989999999999712e-01 7.442699999999999871e-01 6.678779999999999717e-01 1.097000000000000102e-03 -6.678790000000000004e-01 7.442699999999999871e-01 1.559999999999999972e-04
3.000000000000000000e+00 2.000000000000000000e+00 1.900000000000000000e+01 0.000000000000000000e+00 1.600000000000000089e+00 7.500999999999999855e-03 -6.267499999999999460e-02 -9.980059999999999487e-01 3.429880000000000151e-01 -9.373280000000000500e-01 6.144199999999999662e-02 -9.393099999999999783e-01 -3.427649999999999864e-01 1.446500000000000043e-02
1.000000000000000000e+01 2.000000000000000000e+00 1.900000000000000000e+01 0.000000000000000000e+00 1.600000000000000089e+00 7.212999999999999794e-03 -6.456900000000000139e-02 -9.978869999999999685e-01 3.677000000000000268e-01 -9.278290000000000148e-01 6.269299999999999873e-02 -9.299169999999999936e-01 -3.673750000000000071e-01 1.704900000000000165e-02
1.700000000000000000e+01 2.000000000000000000e+00 1.900000000000000000e+01 0.000000000000000000e+00 1.600000000000000089e+00 5.779999999999999548e-04 1.107299999999999951e-02 -9.999390000000000223e-01 3.648210000000000064e-01 -9.310230000000000450e-01 -1.009900000000000034e-02 -9.310779999999999612e-01 -3.647929999999999784e-01 -4.577999999999999604e-03
2.100000000000000000e+01 3.000000000000000000e+00 1.900000000000000000e+01 0.000000000000000000e+00 1.600000000000000089e+00 3.275999999999999832e-03 3.605599999999999777e-02 -9.993440000000000101e-01 3.407919999999999838e-01 -9.395670000000000410e-01 -3.278199999999999864e-02 -9.401329999999999965e-01 -3.404610000000000136e-01 -1.536599999999999945e-02
2.500000000000000000e+01 3.000000000000000000e+00 1.900000000000000000e+01 0.000000000000000000e+00 1.600000000000000089e+00 7.519999999999999558e-04 5.014699999999999713e-02 -9.987420000000000186e-01 3.476540000000000186e-01 -9.364559999999999551e-01 -4.675800000000000095e-02 -9.376229999999999842e-01 -3.471819999999999906e-01 -1.813800000000000134e-02
2.900000000000000000e+01 3.000000000000000000e+00 1.900000000000000000e+01 0.000000000000000000e+00 1.600000000000000089e+00 -2.275999999999999811e-03 4.545699999999999741e-02 -9.989639999999999631e-01 3.539260000000000184e-01 -9.342700000000000449e-01 -4.331900000000000334e-02 -9.352709999999999635e-01 -3.536579999999999724e-01 -1.396200000000000045e-02
5.000000000000000000e+00 1.300000000000000000e+01 2.000000000000000000e+01 0.000000000000000000e+00 1.600000000000000089e+00 3.550000000000000096e-04 2.406999999999999851e-03 9.999970000000000248e-01 2.590600000000000125e-01 9.658579999999999943e-01 -2.416999999999999878e-03 -9.658609999999999696e-01 2.590600000000000125e-01 -2.809999999999999998e-04
1.300000000000000000e+01 1.300000000000000000e+01 2.000000000000000000e+01 0.000000000000000000e+00 1.600000000000000089e+00 6.009999999999999717e-04 8.245999999999999858e-03 9.999660000000000215e-01 2.610689999999999955e-01 9.652859999999999774e-01 -8.116999999999999216e-03 -9.653199999999999559e-01 2.610649999999999915e-01 -1.572999999999999962e-03
1.700000000000000000e+01 1.300000000000000000e+01 2.000000000000000000e+01 0.000000000000000000e+00 1.600000000000000089e+00 -8.450000000000000479e-04 -2.534999999999999927e-03 9.999959999999999960e-01 2.614469999999999850e-01 9.652140000000000164e-01 2.667999999999999799e-03 -9.652180000000000204e-01 2.614480000000000137e-01 -1.530000000000000056e-04
1.700000000000000000e+01 1.600000000000000000e+01 2.100000000000000000e+01 0.000000000000000000e+00 1.600000000000000089e+00 -1.822999999999999968e-03 -5.193999999999999832e-03 9.999850000000000128e-01 2.990160000000000040e-01 9.542319999999999691e-01 5.501999999999999946e-03 -9.542460000000000386e-01 2.990220000000000100e-01 -1.869999999999999917e-04
1.400000000000000000e+01 2.000000000000000000e+00 2.500000000000000000e+01 0.000000000000000000e+00 1.600000000000000089e+00 2.337999999999999801e-03 -9.209999999999999437e-03 9.999550000000000383e-01 6.821399999999999686e-02 -9.976270000000000415e-01 -9.348000000000000406e-03 9.976679999999999993e-01 6.823300000000000198e-02 -1.704000000000000003e-03
5.000000000000000000e+00 3.000000000000000000e+00 2.500000000000000000e+01 0.000000000000000000e+00 1.600000000000000089e+00 9.011999999999999178e-03 -5.000399999999999984e-02 9.987080000000000402e-01 2.819299999999999931e-02 -9.983389999999999764e-01 -5.023999999999999994e-02 9.995619999999999505e-01 2.860899999999999901e-02 -7.586999999999999994e-03
1.300000000000000000e+01 3.000000000000000000e+00 2.500000000000000000e+01 0.000000000000000000e+00 1.600000000000000089e+00 1.958000000000000105e-03 -1.299900000000000014e-02 9.999139999999999695e-01 -1.321300000000000079e-02 -9.998289999999999678e-01 -1.297199999999999916e-02 9.999109999999999943e-01 -1.318700000000000080e-02 -2.128999999999999816e-03
1.900000000000000000e+01 3.000000000000000000e+00 2.500000000000000000e+01 0.000000000000000000e+00 1.600000000000000089e+00 1.598000000000000028e-03 5.832999999999999644e-03 9.999820000000000375e-01 -1.788000000000000006e-02 -9.998230000000000173e-01 5.860999999999999890e-03 9.998390000000000333e-01 -1.788899999999999865e-02 -1.494000000000000102e-03
8.000000000000000000e+00 4.600000000000000000e+01 2.700000000000000000e+01 0.000000000000000000e+00 1.600000000000000089e+00 3.359999999999999814e-04 2.501999999999999884e-03 -9.999970000000000248e-01 6.728939999999999921e-01 7.397359999999999491e-01 2.076999999999999853e-03 7.397390000000000354e-01 -6.728920000000000456e-01 -1.435000000000000078e-03
1.700000000000000000e+01 4.600000000000000000e+01 2.700000000000000000e+01 0.000000000000000000e+00 1.600000000000000089e+00 -1.479999999999999925e-04 -5.090000000000000123e-04 -1.000000000000000000e+00 6.799619999999999553e-01 7.332469999999999821e-01 -4.739999999999999747e-04 7.332480000000000109e-01 -6.799619999999999553e-01 2.380000000000000117e-04
2.800000000000000000e+01 4.600000000000000000e+01 2.700000000000000000e+01 0.000000000000000000e+00 1.600000000000000089e+00 -1.044999999999999922e-03 2.000000000000000164e-05 -9.999989999999999712e-01 6.817659999999999831e-01 7.315700000000000536e-01 -6.980000000000000527e-04 7.315690000000000248e-01 -6.817670000000000119e-01 -7.780000000000000457e-04
1.600000000000000000e+01 5.800000000000000000e+01 3.100000000000000000e+01 0.000000000000000000e+00 1.600000000000000089e+00 -3.938999999999999793e-03 -8.883000000000000271e-03 9.999529999999999808e-01 -7.971310000000000340e-01 -6.037470000000000336e-01 -8.503999999999999407e-03 6.037940000000000529e-01 -7.971270000000000300e-01 -4.702999999999999715e-03
2.500000000000000000e+01 5.800000000000000000e+01 3.100000000000000000e+01 0.000000000000000000e+00 1.600000000000000089e+00 -2.650000000000000012e-03 -4.085000000000000089e-03 9.999879999999999880e-01 -8.046720000000000539e-01 -5.937019999999999520e-01 -4.558000000000000419e-03 5.937139999999999640e-01 -8.046740000000000004e-01 -1.714000000000000029e-03
5.000000000000000000e+00 2.300000000000000000e+01 3.400000000000000000e+01 0.000000000000000000e+00 1.600000000000000089e+00 -1.577999999999999976e-03 5.335999999999999598e-03 9.999850000000000128e-01 4.078800000000000203e-01 -9.130190000000000250e-01 5.516000000000000070e-03 9.130340000000000122e-01 4.078829999999999956e-01 -7.360000000000000006e-04
4.000000000000000000e+00 4.600000000000000000e+01 3.500000000000000000e+01 0.000000000000000000e+00 1.600000000000000089e+00 5.119999999999999768e-04 -4.300000000000000165e-05 -1.000000000000000000e+00 3.893920000000000159e-01 -9.210720000000000018e-01 2.390000000000000089e-04 -9.210720000000000018e-01 -3.893920000000000159e-01 -4.550000000000000008e-04
1.000000000000000000e+01 4.600000000000000000e+01 3.500000000000000000e+01 0.000000000000000000e+00 1.600000000000000089e+00 2.018999999999999961e-03 2.933999999999999976e-03 -9.999940000000000495e-01 3.894299999999999984e-01 -9.210540000000000393e-01 -1.915999999999999951e-03 -9.210540000000000393e-01 -3.894230000000000191e-01 -3.003000000000000027e-03
1.500000000000000000e+01 4.600000000000000000e+01 3.500000000000000000e+01 0.000000000000000000e+00 1.600000000000000089e+00 -1.296999999999999976e-03 -2.158000000000000196e-03 -9.999970000000000248e-01 3.898389999999999911e-01 -9.208819999999999784e-01 1.482000000000000027e-03 -9.208819999999999784e-01 -3.898349999999999871e-01 2.034999999999999917e-03
1.900000000000000000e+01 4.600000000000000000e+01 3.500000000000000000e+01 0.000000000000000000e+00 1.600000000000000089e+00 -1.101999999999999898e-03 -1.528000000000000061e-03 -9.999980000000000535e-01 3.906330000000000080e-01 -9.205459999999999754e-01 9.759999999999999796e-04 -9.205459999999999754e-01 -3.906310000000000060e-01 1.611000000000000019e-03
2.300000000000000000e+01 4.600000000000000000e+01 3.500000000000000000e+01 0.000000000000000000e+00 1.600000000000000089e+00 -8.610000000000000032e-04 -3.683000000000000076e-03 -9.999930000000000208e-01 3.933159999999999989e-01 -9.193980000000000485e-01 3.047999999999999928e-03 -9.194029999999999703e-01 -3.933110000000000217e-01 2.239999999999999804e-03
2.800000000000000000e+01 4.600000000000000000e+01 3.500000000000000000e+01 0.000000000000000000e+00 1.600000000000000089e+00 -7.060000000000000303e-04 1.842000000000000104e-03 -9.999980000000000535e-01 3.930339999999999945e-01 -9.195219999999999505e-01 -1.971999999999999795e-03 -9.195240000000000080e-01 -3.930350000000000232e-01 -7.499999999999999343e-05
1.000000000000000000e+00 9.500000000000000000e+01 3.600000000000000000e+01 0.000000000000000000e+00 1.600000000000000089e+00 7.460000000000000268e-04 -3.440000000000000132e-04 1.000000000000000000e+00 9.973450000000000371e-01 7.282099999999999684e-02 -7.190000000000000210e-04 -7.282099999999999684e-02 9.973450000000000371e-01 3.970000000000000005e-04
3.000000000000000000e+01 9.500000000000000000e+01 3.600000000000000000e+01 0.000000000000000000e+00 1.600000000000000089e+00 -1.211100000000000024e-02 -1.933100000000000096e-02 9.997399999999999620e-01 9.956509999999999527e-01 9.213300000000000656e-02 1.384299999999999940e-02 -9.237599999999999978e-02 9.955589999999999717e-01 1.813100000000000128e-02
6.000000000000000000e+00 2.900000000000000000e+01 4.400000000000000000e+01 0.000000000000000000e+00 1.600000000000000089e+00 4.310000000000000137e-04 5.169999999999999899e-04 -1.000000000000000000e+00 6.555180000000000451e-01 7.551790000000000447e-01 6.729999999999999871e-04 7.551799999999999624e-01 -6.555180000000000451e-01 -1.399999999999999979e-05
1.200000000000000000e+01 2.900000000000000000e+01 4.400000000000000000e+01 0.000000000000000000e+00 1.600000000000000089e+00 4.972999999999999990e-03 4.547999999999999959e-03 -9.999770000000000048e-01 6.603919999999999790e-01 7.508920000000000039e-01 6.700000000000000226e-03 7.509050000000000447e-01 -6.604100000000000525e-01 7.299999999999999632e-04
1.700000000000000000e+01 2.900000000000000000e+01 4.400000000000000000e+01 0.000000000000000000e+00 1.600000000000000089e+00 -2.273999999999999980e-03 2.458000000000000115e-03 -9.999940000000000495e-01 6.591200000000000392e-01 7.520379999999999843e-01 3.490000000000000263e-04 7.520350000000000090e-01 -6.591150000000000064e-01 -3.330000000000000061e-03
2.800000000000000000e+01 2.900000000000000000e+01 4.400000000000000000e+01 0.000000000000000000e+00 1.600000000000000089e+00 -2.011000000000000201e-03 -3.589000000000000176e-03 -9.999919999999999920e-01 6.555689999999999573e-01 7.551250000000000462e-01 -4.028000000000000330e-03 7.551330000000000542e-01 -6.555720000000000436e-01 8.350000000000000217e-04
1.000000000000000000e+00 7.000000000000000000e+01 4.700000000000000000e+01 0.000000000000000000e+00 1.600000000000000089e+00 -1.771999999999999921e-03 -3.229999999999999798e-03 -9.999930000000000208e-01 -8.485899999999999554e-01 -5.290409999999999835e-01 3.213000000000000144e-03 -5.290479999999999627e-01 8.485899999999999554e-01 -1.804000000000000048e-03
2.000000000000000000e+00 5.000000000000000000e+00 5.100000000000000000e+01 0.000000000000000000e+00 1.600000000000000089e+00 1.894999999999999983e-03 5.429999999999999714e-04 -9.999980000000000535e-01 4.866159999999999930e-01 -8.736159999999999481e-01 4.479999999999999933e-04 -8.736140000000000017e-01 -4.866159999999999930e-01 -1.918999999999999916e-03
9.000000000000000000e+00 1.150000000000000000e+02 5.100000000000000000e+01 0.000000000000000000e+00 1.600000000000000089e+00 -2.930000000000000204e-04 -4.356999999999999762e-03 9.999900000000000455e-01 8.443789999999999907e-01 -5.357420000000000515e-01 -2.086999999999999880e-03 5.357460000000000555e-01 8.443709999999999827e-01 3.836000000000000000e-03
3.000000000000000000e+00 6.300000000000000000e+01 5.400000000000000000e+01 0.000000000000000000e+00 1.600000000000000089e+00 -4.879999999999999898e-04 -1.979999999999999989e-03 9.999980000000000535e-01 -3.502970000000000250e-01 9.366370000000000529e-01 1.683000000000000034e-03 -9.366379999999999706e-01 -3.502959999999999963e-01 -1.150999999999999896e-03
7.000000000000000000e+00 6.300000000000000000e+01 5.400000000000000000e+01 0.000000000000000000e+00 1.600000000000000089e+00 -1.237999999999999951e-03 1.579999999999999916e-04 9.999989999999999712e-01 -3.500710000000000210e-01 9.367229999999999723e-01 -5.810000000000000277e-04 -9.367220000000000546e-01 -3.500710000000000210e-01 -1.103999999999999947e-03
1.200000000000000000e+01 6.300000000000000000e+01 5.400000000000000000e+01 0.000000000000000000e+00 1.600000000000000089e+00 1.310000000000000129e-04 2.786999999999999981e-03 9.999959999999999960e-01 -3.496770000000000156e-01 9.368670000000000053e-01 -2.565000000000000006e-03 -9.368699999999999806e-01 -3.496750000000000136e-01 1.098000000000000018e-03
1.800000000000000000e+01 6.300000000000000000e+01 5.400000000000000000e+01 0.000000000000000000e+00 1.600000000000000089e+00 1.505000000000000044e-03 5.550000000000000462e-04 9.999989999999999712e-01 -3.525889999999999858e-01 9.357779999999999987e-01 1.200000000000000030e-05 -9.357769999999999699e-01 -3.525889999999999858e-01 1.603999999999999957e-03
2.300000000000000000e+01 6.300000000000000000e+01 5.400000000000000000e+01 0.000000000000000000e+00 1.600000000000000089e+00 1.299999999999999886e-04 -3.194999999999999923e-03 9.999949999999999672e-01 -3.506670000000000065e-01 9.364949999999999664e-01 3.037999999999999902e-03 -9.364999999999999991e-01 -3.506650000000000045e-01 -9.990000000000001049e-04
2.800000000000000000e+01 6.300000000000000000e+01 5.400000000000000000e+01 0.000000000000000000e+00 1.600000000000000089e+00 -1.891000000000000103e-03 -5.185999999999999638e-03 9.999850000000000128e-01 -3.539450000000000096e-01 9.352570000000000050e-01 4.180999999999999821e-03 -9.352639999999999842e-01 -3.539320000000000244e-01 -3.603999999999999999e-03
5.000000000000000000e+00 2.500000000000000000e+01 5.500000000000000000e+01 0.000000000000000000e+00 1.600000000000000089e+00 -4.400000000000000157e-04 2.105000000000000100e-03 -9.999980000000000535e-01 -1.170700000000000039e-02 -9.999289999999999567e-01 -2.099999999999999870e-03 -9.999310000000000143e-01 1.170599999999999939e-02 4.650000000000000270e-04
2.000000000000000000e+01 2.500000000000000000e+01 5.500000000000000000e+01 0.000000000000000000e+00 1.600000000000000089e+00 -1.689999999999999879e-04 4.699999999999999859e-04 -1.000000000000000000e+00 -1.393199999999999994e-02 -9.999029999999999863e-01 -4.670000000000000214e-04 -9.999029999999999863e-01 1.393199999999999994e-02 1.749999999999999982e-04
2.400000000000000000e+01 2.600000000000000000e+01 5.500000000000000000e+01 0.000000000000000000e+00 1.600000000000000089e+00 1.340999999999999961e-03 5.196000000000000098e-03 -9.999860000000000415e-01 -3.304499999999999799e-02 -9.994399999999999951e-01 -5.237000000000000335e-03 -9.994530000000000358e-01 3.305099999999999705e-02 -1.167999999999999984e-03
1.100000000000000000e+01 6.800000000000000000e+01 5.700000000000000000e+01 0.000000000000000000e+00 1.600000000000000089e+00 2.420000000000000005e-04 -4.954000000000000070e-03 -9.999879999999999880e-01 -2.416850000000000109e-01 -9.703429999999999556e-01 4.748999999999999749e-03 -9.703549999999999676e-01 2.416800000000000059e-01 -1.431999999999999896e-03
5.000000000000000000e+00 2.000000000000000000e+01 6.000000000000000000e+01 0.000000000000000000e+00 1.600000000000000089e+00 5.320000000000000293e-04 -8.760000000000000425e-03 9.999609999999999888e-01 -6.322800000000000642e-02 9.979609999999999870e-01 8.776000000000000814e-03 -9.979989999999999695e-01 -6.322999999999999454e-02 -2.300000000000000002e-05
1.200000000000000000e+01 2.100000000000000000e+01 6.000000000000000000e+01 0.000000000000000000e+00 1.600000000000000089e+00 -7.200000000000000453e-04 5.506999999999999743e-03 9.999850000000000128e-01 -9.526300000000000046e-02 9.954370000000000163e-01 -5.551000000000000378e-03 -9.954520000000000035e-01 -9.526600000000000346e-02 -1.930000000000000021e-04
1.800000000000000000e+01 2.100000000000000000e+01 6.000000000000000000e+01 0.000000000000000000e+00 1.600000000000000089e+00 7.190000000000000210e-04 -7.396999999999999929e-03 9.999719999999999720e-01 -9.669099999999999917e-02 9.952870000000000328e-01 7.432000000000000238e-03 -9.953140000000000320e-01 -9.669300000000000117e-02 0.000000000000000000e+00
2.200000000000000000e+01 2.100000000000000000e+01 6.000000000000000000e+01 0.000000000000000000e+00 1.600000000000000089e+00 1.675000000000000057e-03 -1.185999999999999988e-03 9.999980000000000535e-01 -9.719999999999999474e-02 9.952640000000000375e-01 1.343999999999999926e-03 -9.952640000000000375e-01 -9.720199999999999674e-02 1.551999999999999994e-03
2.600000000000000000e+01 2.100000000000000000e+01 6.000000000000000000e+01 0.000000000000000000e+00 1.600000000000000089e+00 -1.729999999999999984e-03 6.872999999999999769e-03 9.999749999999999472e-01 -9.548600000000000143e-02 9.954060000000000130e-01 -7.007000000000000207e-03 -9.954290000000000083e-01 -9.549499999999999655e-02 -1.066000000000000107e-03
5.000000000000000000e+00 6.700000000000000000e+01 6.000000000000000000e+01 0.000000000000000000e+00 1.600000000000000089e+00 -5.670000000000000127e-04 -5.181999999999999974e-03 9.999860000000000415e-01 1.740359999999999963e-01 -9.847270000000000190e-01 -5.004999999999999900e-03 9.847390000000000310e-01 1.740299999999999903e-01 1.461000000000000059e-03
1.300000000000000000e+01 6.700000000000000000e+01 6.000000000000000000e+01 0.000000000000000000e+00 1.600000000000000089e+00 -1.358000000000000049e-03 -3.184000000000000198e-03 9.999940000000000495e-01 1.749729999999999897e-01 -9.845690000000000275e-01 -2.896999999999999836e-03 9.845720000000000027e-01 1.749680000000000124e-01 1.894000000000000067e-03
2.500000000000000000e+01 3.000000000000000000e+00 6.300000000000000000e+01 0.000000000000000000e+00 1.600000000000000089e+00 -1.198999999999999979e-03 -3.823000000000000009e-03 9.999919999999999920e-01 -6.126749999999999696e-01 7.903310000000000057e-01 2.286999999999999970e-03 -7.903339999999999810e-01 -6.126679999999999904e-01 -3.288999999999999823e-03
7.000000000000000000e+00 2.700000000000000000e+01 6.300000000000000000e+01 0.000000000000000000e+00 1.600000000000000089e+00 -4.110000000000000155e-04 -7.360000000000000006e-04 1.000000000000000000e+00 -2.746580000000000132e-01 9.615420000000000078e-01 5.950000000000000427e-04 -9.615420000000000078e-01 -2.746580000000000132e-01 -5.969999999999999829e-04
1.200000000000000000e+01 2.700000000000000000e+01 6.300000000000000000e+01 0.000000000000000000e+00 1.600000000000000089e+00 -1.064999999999999974e-03 -2.098000000000000038e-03 9.999970000000000248e-01 -2.755279999999999951e-01 9.612920000000000353e-01 1.724000000000000055e-03 -9.612929999999999531e-01 -2.755250000000000199e-01 -1.601999999999999908e-03
2.200000000000000000e+01 2.700000000000000000e+01 6.300000000000000000e+01 0.000000000000000000e+00 1.600000000000000089e+00 1.768000000000000040e-03 -5.450000000000000200e-04 9.999980000000000535e-01 -2.747550000000000270e-01 9.615139999999999798e-01 1.008999999999999914e-03 -9.615129999999999511e-01 -2.747560000000000002e-01 1.549999999999999946e-03
2.700000000000000000e+01 2.700000000000000000e+01 6.300000000000000000e+01 0.000000000000000000e+00 1.600000000000000089e+00 -1.815999999999999906e-03 4.079999999999999968e-04 9.999980000000000535e-01 -2.773120000000000029e-01 9.607790000000000497e-01 -8.959999999999999866e-04 -9.607780000000000209e-01 -2.773129999999999762e-01 -1.631999999999999987e-03
4.000000000000000000e+00 2.600000000000000000e+01 6.400000000000000000e+01 0.000000000000000000e+00 1.600000000000000089e+00 3.999999999999999819e-06 -4.609999999999999840e-04 1.000000000000000000e+00 -3.645200000000000107e-01 9.311949999999999950e-01 4.310000000000000137e-04 -9.311949999999999950e-01 -3.645200000000000107e-01 -1.640000000000000019e-04
8.000000000000000000e+00 2.600000000000000000e+01 6.400000000000000000e+01 0.000000000000000000e+00 1.600000000000000089e+00 6.099999999999999872e-05 -1.361000000000000014e-03 9.999989999999999712e-01 -3.683660000000000267e-01 9.296799999999999509e-01 1.288000000000000082e-03 -9.296809999999999796e-01 -3.683649999999999980e-01 -4.449999999999999746e-04
1.200000000000000000e+01 2.600000000000000000e+01 6.400000000000000000e+01 0.000000000000000000e+00 1.600000000000000089e+00 -1.062000000000000010e-03 -1.583999999999999905e-03 9.999980000000000535e-01 -3.682849999999999735e-01 9.297119999999999829e-01 1.080999999999999930e-03 -9.297130000000000116e-01 -3.682830000000000270e-01 -1.570999999999999914e-03
2.200000000000000000e+01 2.600000000000000000e+01 6.400000000000000000e+01 0.000000000000000000e+00 1.600000000000000089e+00 2.350999999999999791e-03 1.859999999999999945e-04 9.999970000000000248e-01 -3.670669999999999766e-01 9.301939999999999653e-01 6.899999999999999667e-04 -9.301920000000000188e-01 -3.670669999999999766e-01 2.255000000000000060e-03
2.700000000000000000e+01 2.600000000000000000e+01 6.400000000000000000e+01 0.000000000000000000e+00 1.600000000000000089e+00 -2.150000000000000001e-03 1.273000000000000043e-03 9.999970000000000248e-01 -3.703549999999999898e-01 9.288880000000000470e-01 -1.978999999999999856e-03 -9.288880000000000470e-01 -3.703580000000000205e-01 -1.525000000000000097e-03
3.000000000000000000e+00 6.900000000000000000e+01 6.600000000000000000e+01 0.000000000000000000e+00 1.600000000000000089e+00 -3.052000000000000025e-03 -5.926999999999999977e-03 9.999780000000000335e-01 -9.548179999999999445e-01 2.971889999999999810e-01 -1.152999999999999945e-03 -2.971759999999999957e-01 -9.547999999999999821e-01 -6.566999999999999921e-03
1.600000000000000000e+01 6.900000000000000000e+01 6.600000000000000000e+01 0.000000000000000000e+00 1.600000000000000089e+00 1.598999999999999944e-03 1.330999999999999935e-03 9.999980000000000535e-01 -9.536670000000000424e-01 3.008609999999999896e-01 1.123999999999999999e-03 -3.008589999999999876e-01 -9.536670000000000424e-01 1.750999999999999952e-03
3.000000000000000000e+00 2.500000000000000000e+01 7.300000000000000000e+01 0.000000000000000000e+00 1.600000000000000089e+00 1.100000000000000066e-03 -2.280000000000000126e-04 9.999989999999999712e-01 7.551200000000000134e-01 -6.555860000000000021e-01 -9.799999999999999684e-04 6.555860000000000021e-01 7.551200000000000134e-01 -5.490000000000000088e-04
1.000000000000000000e+01 2.500000000000000000e+01 7.300000000000000000e+01 0.000000000000000000e+00 1.600000000000000089e+00 -7.150000000000000322e-04 1.123999999999999999e-03 9.999989999999999712e-01 7.572269999999999834e-01 -6.531500000000000083e-01 1.275000000000000092e-03 6.531510000000000371e-01 7.572269999999999834e-01 -3.840000000000000097e-04
1.500000000000000000e+01 2.500000000000000000e+01 7.300000000000000000e+01 0.000000000000000000e+00 1.600000000000000089e+00 1.644999999999999978e-03 1.224999999999999960e-03 9.999980000000000535e-01 7.573499999999999677e-01 -6.530089999999999506e-01 -4.459999999999999989e-04 6.530070000000000041e-01 7.573490000000000499e-01 -2.001999999999999873e-03
2.000000000000000000e+01 2.500000000000000000e+01 7.300000000000000000e+01 0.000000000000000000e+00 1.600000000000000089e+00 -3.970000000000000005e-04 4.899999999999999842e-04 1.000000000000000000e+00 7.583509999999999973e-01 -6.518469999999999542e-01 6.199999999999999999e-04 6.518469999999999542e-01 7.583509999999999973e-01 -1.119999999999999983e-04
2.700000000000000000e+01 2.500000000000000000e+01 7.300000000000000000e+01 0.000000000000000000e+00 1.600000000000000089e+00 -5.240000000000000517e-04 1.422000000000000087e-03 9.999989999999999712e-01 7.545469999999999677e-01 -6.562449999999999672e-01 1.327999999999999970e-03 6.562459999999999960e-01 7.545469999999999677e-01 -7.290000000000000473e-04
8.000000000000000000e+00 4.400000000000000000e+01 7.300000000000000000e+01 0.000000000000000000e+00 1.600000000000000089e+00 -6.149999999999999868e-04 -3.301999999999999814e-03 9.999940000000000495e-01 5.412100000000000244e-02 -9.985289999999999999e-01 -3.263999999999999974e-03 9.985340000000000327e-01 5.411900000000000044e-02 7.929999999999999766e-04
1.200000000000000000e+01 4.400000000000000000e+01 7.300000000000000000e+01 0.000000000000000000e+00 1.600000000000000089e+00 6.930000000000000396e-04 -2.618000000000000101e-03 9.999959999999999960e-01 5.392099999999999671e-02 -9.985420000000000407e-01 -2.651000000000000145e-03 9.985450000000000159e-01 5.392299999999999871e-02 -5.500000000000000331e-04
1.700000000000000000e+01 4.400000000000000000e+01 7.300000000000000000e+01 0.000000000000000000e+00 1.600000000000000089e+00 3.490000000000000263e-04 4.949999999999999973e-04 1.000000000000000000e+00 5.748799999999999744e-02 -9.983459999999999557e-01 4.739999999999999747e-04 9.983459999999999557e-01 5.748799999999999744e-02 -3.770000000000000022e-04
2.300000000000000000e+01 4.400000000000000000e+01 7.300000000000000000e+01 0.000000000000000000e+00 1.600000000000000089e+00 -6.489999999999999459e-04 -1.544000000000000017e-03 9.999989999999999712e-01 5.469500000000000056e-02 -9.985020000000000007e-01 -1.505999999999999960e-03 9.985030000000000294e-01 5.469399999999999956e-02 7.330000000000000361e-04
2.700000000000000000e+01 4.400000000000000000e+01 7.300000000000000000e+01 0.000000000000000000e+00 1.600000000000000089e+00 -2.100000000000000087e-04 -1.126000000000000048e-03 9.999989999999999712e-01 5.566499999999999920e-02 -9.984490000000000309e-01 -1.113000000000000057e-03 9.984499999999999487e-01 5.566499999999999920e-02 2.730000000000000222e-04
3.000000000000000000e+00 9.100000000000000000e+01 7.600000000000000000e+01 0.000000000000000000e+00 1.600000000000000089e+00 6.970000000000000284e-04 -1.889000000000000054e-03 9.999980000000000535e-01 3.149170000000000025e-01 -9.491169999999999884e-01 -2.011999999999999900e-03 9.491190000000000460e-01 3.149179999999999757e-01 -6.600000000000000506e-05
1.000000000000000000e+01 9.100000000000000000e+01 7.600000000000000000e+01 0.000000000000000000e+00 1.600000000000000089e+00 -2.118999999999999790e-03 1.291999999999999963e-03 9.999970000000000248e-01 3.114129999999999954e-01 -9.502730000000000343e-01 1.887999999999999921e-03 9.502720000000000056e-01 3.114160000000000261e-01 1.611999999999999935e-03
1.400000000000000000e+01 9.100000000000000000e+01 7.600000000000000000e+01 0.000000000000000000e+00 1.600000000000000089e+00 -2.689999999999999791e-04 -1.590999999999999966e-03 9.999989999999999712e-01 3.203309999999999769e-01 -9.473049999999999526e-01 -1.420999999999999954e-03 9.473059999999999814e-01 3.203300000000000036e-01 7.649999999999999465e-04
1.900000000000000000e+01 9.100000000000000000e+01 7.600000000000000000e+01 0.000000000000000000e+00 1.600000000000000089e+00 1.968999999999999830e-03 -9.319999999999999942e-04 9.999980000000000535e-01 3.195979999999999932e-01 -9.475519999999999499e-01 -1.512000000000000106e-03 9.475510000000000321e-01 3.195999999999999952e-01 -1.567999999999999949e-03
2.500000000000000000e+01 9.100000000000000000e+01 7.600000000000000000e+01 0.000000000000000000e+00 1.600000000000000089e+00 -2.236999999999999839e-03 -1.438999999999999958e-03 9.999959999999999960e-01 3.014580000000000037e-01 -9.534789999999999655e-01 -6.980000000000000527e-04 9.534770000000000190e-01 3.014549999999999730e-01 2.566999999999999837e-03
2.900000000000000000e+01 9.100000000000000000e+01 7.600000000000000000e+01 0.000000000000000000e+00 1.600000000000000089e+00 -8.530000000000000256e-04 7.259999999999999743e-04 9.999989999999999712e-01 2.912230000000000096e-01 -9.566550000000000331e-01 9.430000000000000448e-04 9.566550000000000331e-01 2.912230000000000096e-01 6.040000000000000447e-04
2.700000000000000000e+01 6.300000000000000000e+01 8.100000000000000000e+01 0.000000000000000000e+00 1.600000000000000089e+00 1.979999999999999881e-04 9.912999999999999937e-03 9.999510000000000343e-01 3.307600000000000123e-02 -9.994039999999999591e-01 9.901000000000000079e-03 9.994530000000000358e-01 3.307299999999999823e-02 -5.249999999999999676e-04
1.400000000000000000e+01 1.020000000000000000e+02 8.200000000000000000e+01 0.000000000000000000e+00 1.600000000000000089e+00 -9.030000000000000483e-04 -3.203999999999999817e-03 -9.999940000000000495e-01 -6.377650000000000263e-01 7.702290000000000525e-01 -1.892000000000000019e-03 7.702299999999999702e-01 6.377599999999999936e-01 -2.737999999999999982e-03
5.000000000000000000e+00 4.400000000000000000e+01 8.300000000000000000e+01 0.000000000000000000e+00 1.600000000000000089e+00 -3.000000000000000076e-06 -3.403999999999999908e-03 9.999940000000000495e-01 5.839680000000000426e-01 -8.117720000000000491e-01 -2.762000000000000132e-03 8.117769999999999708e-01 5.839649999999999563e-01 1.990000000000000015e-03
