1.800000000000000000e+01 2.500000000000000000e+01 1.000000000000000000e+00 0.000000000000000000e+00 1.600000000000000089e+00 8.760000000000000425e-04 -9.055999999999999814e-03 -9.999590000000000423e-01 -5.267979999999999885e-01 -8.499600000000000488e-01 7.236000000000000244e-03 -8.499900000000000233e-01 5.267699999999999605e-01 -5.514999999999999937e-03
3.000000000000000000e+00 1.500000000000000000e+01 4.000000000000000000e+00 0.000000000000000000e+00 1.600000000000000089e+00 -1.015999999999999976e-03 5.623000000000000394e-03 9.999839999999999840e-01 3.307800000000000185e-01 -9.436909999999999465e-01 5.642999999999999579e-03 9.437069999999999625e-01 3.307800000000000185e-01 -9.020000000000000240e-04
9.000000000000000000e+00 1.500000000000000000e+01 4.000000000000000000e+00 0.000000000000000000e+00 1.600000000000000089e+00 -8.520000000000000013e-04 4.939999999999999730e-04 1.000000000000000000e+00 3.234870000000000245e-01 -9.462319999999999620e-01 7.429999999999999539e-04 9.462319999999999620e-01 3.234879999999999978e-01 6.470000000000000057e-04
1.400000000000000000e+01 1.500000000000000000e+01 4.000000000000000000e+00 0.000000000000000000e+00 1.600000000000000089e+00 -2.020000000000000040e-04 4.759000000000000209e-03 9.999890000000000168e-01 3.231370000000000076e-01 -9.463409999999999878e-01 4.569000000000000145e-03 9.463519999999999710e-01 3.231350000000000056e-01 -1.347000000000000107e-03
2.100000000000000000e+01 1.500000000000000000e+01 4.000000000000000000e+00 0.000000000000000000e+00 1.600000000000000089e+00 2.626999999999999995e-03 1.077600000000000086e-02 9.999390000000000223e-01 3.200720000000000232e-01 -9.473470000000000502e-01 9.367999999999999591e-03 9.473899999999999544e-01 3.200279999999999792e-01 -5.937999999999999702e-03
2.800000000000000000e+01 1.500000000000000000e+01 4.000000000000000000e+00 0.000000000000000000e+00 1.600000000000000089e+00 1.050000000000000044e-04 -1.569999999999999944e-04 1.000000000000000000e+00 3.294090000000000074e-01 -9.441869999999999985e-01 -1.820000000000000057e-04 9.441869999999999985e-01 3.294090000000000074e-01 -4.699999999999999724e-05
1.200000000000000000e+01 1.010000000000000000e+02 7.000000000000000000e+00 0.000000000000000000e+00 1.600000000000000089e+00 1.722999999999999922e-03 -8.260000000000000198e-04 9.999980000000000535e-01 8.858070000000000110e-01 4.640529999999999933e-01 -1.142999999999999919e-03 -4.640509999999999913e-01 8.858070000000000110e-01 1.531000000000000026e-03
1.600000000000000000e+01 1.010000000000000000e+02 7.000000000000000000e+00 0.000000000000000000e+00 1.600000000000000089e+00 5.584999999999999687e-03 -1.578299999999999842e-02 9.998599999999999710e-01 8.907800000000000162e-01 4.544290000000000274e-01 2.197999999999999867e-03 -4.544000000000000261e-01 8.906429999999999625e-01 1.659800000000000164e-02
2.000000000000000000e+01 1.010000000000000000e+02 7.000000000000000000e+00 0.000000000000000000e+00 1.600000000000000089e+00 -1.291000000000000047e-03 1.358799999999999938e-02 9.999069999999999903e-01 8.919089999999999518e-01 4.521879999999999789e-01 -4.993000000000000042e-03 -4.522140000000000049e-01 8.918190000000000284e-01 -1.270300000000000075e-02
7.000000000000000000e+00 2.500000000000000000e+01 8.000000000000000000e+00 0.000000000000000000e+00 1.600000000000000089e+00 -2.079999999999999818e-03 4.577000000000000339e-03 -9.999869999999999592e-01 4.516530000000000267e-01 8.921879999999999811e-01 3.144000000000000093e-03 8.921909999999999563e-01 -4.516410000000000147e-01 -3.923000000000000272e-03
1.100000000000000000e+01 2.500000000000000000e+01 8.000000000000000000e+00 0.000000000000000000e+00 1.600000000000000089e+00 -2.942000000000000171e-03 2.452000000000000186e-03 -9.999930000000000208e-01 4.490430000000000255e-01 8.935100000000000264e-01 8.700000000000000051e-04 8.935049999999999937e-01 -4.490370000000000195e-01 -3.729999999999999809e-03
1.500000000000000000e+01 2.500000000000000000e+01 8.000000000000000000e+00 0.000000000000000000e+00 1.600000000000000089e+00 -1.448999999999999984e-03 -4.667000000000000141e-03 -9.999879999999999880e-01 4.484500000000000153e-01 8.937950000000000061e-01 -4.820999999999999765e-03 8.938070000000000181e-01 -4.484509999999999885e-01 7.979999999999999897e-04
2.200000000000000000e+01 2.500000000000000000e+01 8.000000000000000000e+00 0.000000000000000000e+00 1.600000000000000089e+00 -1.649000000000000075e-03 -3.402000000000000076e-03 -9.999930000000000208e-01 4.514460000000000139e-01 8.922909999999999453e-01 -3.779999999999999940e-03 8.922970000000000068e-01 -4.514489999999999892e-01 6.499999999999999431e-05
6.000000000000000000e+00 2.400000000000000000e+01 9.000000000000000000e+00 0.000000000000000000e+00 1.600000000000000089e+00 -1.469000000000000037e-03 4.732000000000000095e-03 -9.999879999999999880e-01 4.566589999999999816e-01 8.896349999999999536e-01 3.539000000000000045e-03 8.896410000000000151e-01 -4.566479999999999984e-01 -3.468000000000000162e-03
1.300000000000000000e+01 2.400000000000000000e+01 9.000000000000000000e+00 0.000000000000000000e+00 1.600000000000000089e+00 -1.317999999999999944e-03 -1.423000000000000003e-03 -9.999980000000000535e-01 4.525319999999999898e-01 8.917460000000000386e-01 -1.864999999999999904e-03 8.917469999999999564e-01 -4.525339999999999918e-01 -5.310000000000000050e-04
1.500000000000000000e+01 2.400000000000000000e+01 9.000000000000000000e+00 0.000000000000000000e+00 1.600000000000000089e+00 -1.533999999999999990e-03 -6.176000000000000066e-03 -9.999799999999999800e-01 4.524909999999999766e-01 8.917469999999999564e-01 -6.200999999999999915e-03 8.917669999999999764e-01 -4.524920000000000053e-01 1.427000000000000100e-03
2.100000000000000000e+01 2.400000000000000000e+01 9.000000000000000000e+00 0.000000000000000000e+00 1.600000000000000089e+00 -1.773999999999999969e-03 -3.570000000000000040e-04 -9.999980000000000535e-01 4.547950000000000048e-01 8.905950000000000255e-01 -1.123999999999999999e-03 8.905939999999999968e-01 -4.547970000000000068e-01 -1.417000000000000074e-03
1.200000000000000000e+01 4.000000000000000000e+00 1.100000000000000000e+01 0.000000000000000000e+00 1.600000000000000089e+00 3.547199999999999659e-02 -2.319219999999999893e-01 -9.720870000000000344e-01 8.176600000000000534e-02 9.701119999999999743e-01 -2.284670000000000034e-01 9.960200000000000164e-01 -7.137899999999999801e-02 5.337499999999999883e-02
2.000000000000000000e+01 4.000000000000000000e+00 1.100000000000000000e+01 0.000000000000000000e+00 1.600000000000000089e+00 -4.279499999999999971e-02 7.879500000000000393e-02 -9.959719999999999684e-01 1.550850000000000006e-01 9.853260000000000352e-01 7.128900000000000514e-02 9.869740000000000180e-01 -1.514099999999999890e-01 -5.438699999999999785e-02
2.600000000000000000e+01 4.000000000000000000e+00 1.100000000000000000e+01 0.000000000000000000e+00 1.600000000000000089e+00 -7.094999999999999744e-03 -2.724100000000000132e-02 -9.996040000000000481e-01 2.396850000000000092e-01 9.704429999999999445e-01 -2.814799999999999941e-02 9.708250000000000490e-01 -2.397890000000000021e-01 -3.559999999999999797e-04
2.000000000000000000e+00 3.100000000000000000e+01 1.200000000000000000e+01 0.000000000000000000e+00 1.600000000000000089e+00 8.289999999999999843e-04 8.909999999999999734e-04 9.999989999999999712e-01 -5.662999999999999631e-03 9.999839999999999840e-01 -8.859999999999999603e-04 -9.999839999999999840e-01 -5.662999999999999631e-03 8.339999999999999974e-04
5.000000000000000000e+00 3.100000000000000000e+01 1.200000000000000000e+01 0.000000000000000000e+00 1.600000000000000089e+00 9.749999999999999552e-04 -8.224000000000000407e-03 9.999660000000000215e-01 -7.411000000000000053e-03 9.999390000000000223e-01 8.231000000000000469e-03 -9.999719999999999720e-01 -7.419000000000000247e-03 9.139999999999999904e-04
2.000000000000000000e+01 3.100000000000000000e+01 1.200000000000000000e+01 0.000000000000000000e+00 1.600000000000000089e+00 -2.543999999999999821e-03 -1.516900000000000019e-02 9.998820000000000485e-01 -1.248100000000000077e-02 9.998080000000000300e-01 1.513600000000000015e-02 -9.999190000000000023e-01 -1.244100000000000067e-02 -2.733000000000000186e-03
2.000000000000000000e+00 3.500000000000000000e+01 1.200000000000000000e+01 0.000000000000000000e+00 1.600000000000000089e+00 8.630000000000000518e-04 1.512000000000000106e-03 -9.999989999999999712e-01 5.148909999999999876e-01 -8.572549999999999892e-01 -8.520000000000000013e-04 -8.572549999999999892e-01 -5.148899999999999588e-01 -1.518000000000000035e-03
8.000000000000000000e+00 3.500000000000000000e+01 1.200000000000000000e+01 0.000000000000000000e+00 1.600000000000000089e+00 -6.331999999999999955e-03 4.699999999999999859e-04 -9.999799999999999800e-01 4.929419999999999913e-01 -8.700550000000000228e-01 -3.530999999999999851e-03 -8.700390000000000068e-01 -4.929540000000000033e-01 5.277999999999999706e-03
1.800000000000000000e+01 3.500000000000000000e+01 1.200000000000000000e+01 0.000000000000000000e+00 1.600000000000000089e+00 5.283999999999999635e-03 -5.942000000000000233e-03 -9.999679999999999680e-01 5.007319999999999549e-01 -8.655669999999999753e-01 7.790000000000000049e-03 -8.655859999999999665e-01 -5.007570000000000077e-01 -1.598000000000000028e-03
1.500000000000000000e+01 3.200000000000000000e+01 1.400000000000000000e+01 0.000000000000000000e+00 1.600000000000000089e+00 2.410000000000000033e-04 3.071799999999999878e-02 -9.995279999999999720e-01 1.044780000000000014e-01 9.940569999999999684e-01 3.057500000000000148e-02 9.945270000000000499e-01 -1.044360000000000011e-01 -2.968999999999999851e-03
2.100000000000000000e+01 3.200000000000000000e+01 1.400000000000000000e+01 0.000000000000000000e+00 1.600000000000000089e+00 -6.650000000000000095e-04 -2.244399999999999867e-02 -9.997479999999999700e-01 1.067469999999999947e-01 9.940339999999999732e-01 -2.238700000000000065e-02 9.942860000000000031e-01 -1.067349999999999965e-01 1.734999999999999997e-03
5.000000000000000000e+00 1.200000000000000000e+01 1.500000000000000000e+01 0.000000000000000000e+00 1.600000000000000089e+00 -1.134999999999999941e-03 -1.401799999999999921e-02 -9.999010000000000398e-01 -4.761429999999999829e-01 -8.792740000000000000e-01 1.286699999999999997e-02 -8.793670000000000098e-01 4.761110000000000064e-01 -5.675999999999999622e-03
2.100000000000000000e+01 1.200000000000000000e+01 1.500000000000000000e+01 0.000000000000000000e+00 1.600000000000000089e+00 1.855000000000000095e-03 6.623999999999999680e-03 -9.999759999999999760e-01 -4.798450000000000215e-01 -8.773279999999999967e-01 -6.701999999999999624e-03 -8.773509999999999920e-01 4.798459999999999948e-01 1.551000000000000078e-03
2.300000000000000000e+01 2.000000000000000000e+00 1.900000000000000000e+01 0.000000000000000000e+00 1.600000000000000089e+00 -1.631099999999999911e-02 2.570499999999999868e-02 -9.995359999999999800e-01 2.316429999999999878e-01 -9.723749999999999893e-01 -2.878599999999999909e-02 -9.726639999999999731e-01 -2.320049999999999890e-01 9.905999999999999875e-03
2.800000000000000000e+01 2.000000000000000000e+00 1.900000000000000000e+01 0.000000000000000000e+00 1.600000000000000089e+00 -4.087999999999999620e-03 3.072000000000000078e-03 -9.999869999999999592e-01 2.153760000000000119e-01 -9.765239999999999476e-01 -3.880999999999999901e-03 -9.765230000000000299e-01 -2.153889999999999971e-01 3.330000000000000061e-03
1.900000000000000000e+01 3.000000000000000000e+00 1.900000000000000000e+01 0.000000000000000000e+00 1.600000000000000089e+00 2.099300000000000124e-02 4.017600000000000338e-02 -9.989719999999999711e-01 2.493799999999999906e-01 -9.678200000000000136e-01 -3.368299999999999766e-02 -9.681779999999999831e-01 -2.484159999999999979e-01 -3.033599999999999838e-02
3.000000000000000000e+00 4.000000000000000000e+00 2.000000000000000000e+01 0.000000000000000000e+00 1.600000000000000089e+00 1.645900000000000141e-02 -1.848100000000000090e-02 -9.996939999999999715e-01 1.938060000000000060e-01 -9.808080000000000132e-01 2.132200000000000067e-02 -9.809020000000000516e-01 -1.940979999999999928e-01 -1.256099999999999925e-02
1.400000000000000000e+01 4.000000000000000000e+00 2.000000000000000000e+01 0.000000000000000000e+00 1.600000000000000089e+00 1.142999999999999919e-03 1.921399999999999844e-02 -9.998150000000000093e-01 3.011490000000000000e-01 -9.534070000000000045e-01 -1.797800000000000092e-02 -9.535759999999999792e-01 -3.010729999999999795e-01 -6.876000000000000167e-03
2.000000000000000000e+01 4.000000000000000000e+00 2.000000000000000000e+01 0.000000000000000000e+00 1.600000000000000089e+00 -4.578999999999999737e-03 2.867000000000000104e-02 -9.995779999999999665e-01 2.954330000000000012e-01 -9.549309999999999743e-01 -2.874300000000000119e-02 -9.553519999999999790e-01 -2.954399999999999804e-01 -4.098000000000000080e-03
5.000000000000000000e+00 1.300000000000000000e+01 2.000000000000000000e+01 0.000000000000000000e+00 1.600000000000000089e+00 3.151700000000000335e-02 9.790600000000000691e-02 9.946960000000000246e-01 2.614949999999999775e-01 9.597200000000000175e-01 -1.027489999999999931e-01 -9.646900000000000475e-01 2.633469999999999978e-01 4.645999999999999956e-03
1.400000000000000000e+01 1.300000000000000000e+01 2.000000000000000000e+01 0.000000000000000000e+00 1.600000000000000089e+00 6.589999999999999721e-04 -9.799999999999999684e-04 9.999989999999999712e-01 2.519549999999999845e-01 9.677390000000000159e-01 7.820000000000000345e-04 -9.677390000000000159e-01 2.519540000000000113e-01 8.850000000000000444e-04
2.100000000000000000e+01 1.300000000000000000e+01 2.000000000000000000e+01 0.000000000000000000e+00 1.600000000000000089e+00 -2.101000000000000003e-03 -1.960399999999999990e-02 9.998059999999999725e-01 2.564420000000000033e-01 9.663629999999999720e-01 1.948700000000000085e-02 -9.665569999999999995e-01 2.564330000000000220e-01 2.997000000000000098e-03
3.000000000000000000e+01 1.300000000000000000e+01 2.000000000000000000e+01 0.000000000000000000e+00 1.600000000000000089e+00 6.510000000000000162e-03 2.950300000000000145e-02 9.995429999999999593e-01 2.594879999999999964e-01 9.652749999999999941e-01 -3.018099999999999949e-02 -9.657240000000000268e-01 2.595660000000000189e-01 -1.371000000000000040e-03
7.000000000000000000e+00 1.600000000000000000e+01 2.100000000000000000e+01 0.000000000000000000e+00 1.600000000000000089e+00 1.183099999999999950e-02 3.966700000000000087e-02 9.991430000000000033e-01 3.037420000000000120e-01 9.518550000000000066e-01 -4.138599999999999918e-02 -9.526810000000000000e-01 3.039720000000000200e-01 -7.870000000000000476e-04
1.100000000000000000e+01 1.600000000000000000e+01 2.100000000000000000e+01 0.000000000000000000e+00 1.600000000000000089e+00 9.399999999999999719e-04 6.749999999999999924e-03 9.999770000000000048e-01 2.981820000000000026e-01 9.544850000000000279e-01 -6.722999999999999809e-03 -9.545090000000000519e-01 2.981809999999999738e-01 -1.116000000000000021e-03
1.500000000000000000e+01 1.600000000000000000e+01 2.100000000000000000e+01 0.000000000000000000e+00 1.600000000000000089e+00 7.489999999999999913e-04 8.540000000000000499e-04 9.999989999999999712e-01 2.980220000000000091e-01 9.545580000000000176e-01 -1.038000000000000077e-03 -9.545590000000000463e-01 2.980229999999999824e-01 4.600000000000000139e-04
2.600000000000000000e+01 1.600000000000000000e+01 2.100000000000000000e+01 0.000000000000000000e+00 1.600000000000000089e+00 -2.180000000000000134e-04 -4.669999999999999672e-03 9.999890000000000168e-01 3.023410000000000264e-01 9.531889999999999530e-01 4.517000000000000182e-03 -9.532000000000000473e-01 3.023390000000000244e-01 1.203999999999999992e-03
2.700000000000000000e+01 3.000000000000000000e+00 2.500000000000000000e+01 0.000000000000000000e+00 1.600000000000000089e+00 2.557900000000000104e-02 1.026200000000000029e-02 9.996199999999999530e-01 -3.240400000000000225e-02 -9.994129999999999958e-01 1.108899999999999990e-02 9.991470000000000073e-01 -3.267500000000000265e-02 -2.523099999999999996e-02
1.600000000000000000e+01 4.000000000000000000e+00 2.500000000000000000e+01 0.000000000000000000e+00 1.600000000000000089e+00 5.930699999999999861e-02 4.553900000000000309e-02 9.971999999999999753e-01 -5.849149999999999627e-01 -8.079210000000000003e-01 7.168199999999999572e-02 8.089239999999999764e-01 -5.875280000000000502e-01 -2.127899999999999930e-02
2.000000000000000000e+00 4.600000000000000000e+01 2.700000000000000000e+01 0.000000000000000000e+00 1.600000000000000089e+00 -3.717999999999999951e-03 6.509999999999999945e-04 -9.999930000000000208e-01 6.734299999999999731e-01 7.392480000000000162e-01 -2.021999999999999926e-03 7.392410000000000370e-01 -6.734329999999999483e-01 -3.187000000000000163e-03
1.100000000000000000e+01 4.600000000000000000e+01 2.700000000000000000e+01 0.000000000000000000e+00 1.600000000000000089e+00 -4.500000000000000283e-05 -1.791000000000000057e-03 -9.999980000000000535e-01 6.714069999999999760e-01 7.410879999999999690e-01 -1.358000000000000049e-03 7.410889999999999977e-01 -6.714050000000000296e-01 1.168999999999999900e-03
2.700000000000000000e+01 1.100000000000000000e+01 3.000000000000000000e+01 0.000000000000000000e+00 1.600000000000000089e+00 5.801699999999999913e-02 8.285770000000000080e-01 5.568610000000000504e-01 -2.740750000000000131e-01 -5.231479999999999464e-01 8.069690000000000474e-01 9.599569999999999492e-01 -1.994400000000000062e-01 1.967409999999999992e-01
1.600000000000000000e+01 4.600000000000000000e+01 3.000000000000000000e+01 0.000000000000000000e+00 1.600000000000000089e+00 1.526000000000000013e-03 6.988000000000000288e-03 -9.999740000000000295e-01 3.257979999999999765e-01 9.454129999999999479e-01 7.104000000000000072e-03 9.454380000000000006e-01 -3.258010000000000073e-01 -8.339999999999999974e-04
3.000000000000000000e+00 5.800000000000000000e+01 3.100000000000000000e+01 0.000000000000000000e+00 1.600000000000000089e+00 1.557000000000000007e-03 7.950000000000000252e-04 9.999980000000000535e-01 -7.741409999999999680e-01 -6.330109999999999904e-01 1.708000000000000100e-03 6.330120000000000191e-01 -7.741419999999999968e-01 -3.710000000000000190e-04
7.000000000000000000e+00 5.800000000000000000e+01 3.100000000000000000e+01 0.000000000000000000e+00 1.600000000000000089e+00 -4.296000000000000339e-03 -6.786000000000000365e-03 9.999679999999999680e-01 -7.702660000000000062e-01 -6.376770000000000493e-01 -7.636999999999999691e-03 6.377080000000000526e-01 -7.702740000000000142e-01 -2.487000000000000061e-03
1.100000000000000000e+01 5.800000000000000000e+01 3.100000000000000000e+01 0.000000000000000000e+00 1.600000000000000089e+00 -5.967000000000000082e-03 -1.543899999999999960e-02 9.998629999999999463e-01 -7.703200000000000047e-01 -6.374940000000000051e-01 -1.444100000000000071e-02 6.376300000000000301e-01 -7.703010000000000135e-01 -8.089000000000000704e-03
1.500000000000000000e+01 5.800000000000000000e+01 3.100000000000000000e+01 0.000000000000000000e+00 1.600000000000000089e+00 5.527999999999999928e-03 7.828999999999999154e-03 9.999540000000000095e-01 -7.767880000000000340e-01 -6.296950000000000047e-01 9.223999999999999561e-03 6.297380000000000200e-01 -7.768030000000000213e-01 2.599999999999999881e-03
2.000000000000000000e+01 5.800000000000000000e+01 3.100000000000000000e+01 0.000000000000000000e+00 1.600000000000000089e+00 3.011999999999999920e-03 1.650899999999999937e-02 9.998590000000000533e-01 -7.744640000000000413e-01 -6.324889999999999679e-01 1.277599999999999916e-02 6.326110000000000344e-01 -7.743929999999999980e-01 1.088100000000000005e-02
2.400000000000000000e+01 5.800000000000000000e+01 3.100000000000000000e+01 0.000000000000000000e+00 1.600000000000000089e+00 -5.836000000000000042e-03 -7.853000000000000605e-03 9.999519999999999520e-01 -7.718230000000000368e-01 -6.357669999999999710e-01 -9.497000000000000233e-03 6.358110000000000150e-01 -7.718409999999999993e-01 -2.350000000000000092e-03
2.800000000000000000e+01 5.800000000000000000e+01 3.100000000000000000e+01 0.000000000000000000e+00 1.600000000000000089e+00 -5.680000000000000153e-03 -5.231999999999999672e-03 9.999700000000000255e-01 -7.687159999999999549e-01 -6.395440000000000014e-01 -7.712000000000000105e-03 6.395650000000000501e-01 -7.687370000000000037e-01 -3.890000000000000228e-04
5.000000000000000000e+00 9.000000000000000000e+00 3.400000000000000000e+01 0.000000000000000000e+00 1.600000000000000089e+00 2.362150000000000083e-01 -8.251929999999999543e-01 -5.130879999999999885e-01 -7.285160000000000524e-01 1.990240000000000065e-01 -6.554809999999999803e-01 6.430150000000000032e-01 5.286260000000000403e-01 -5.541540000000000354e-01
1.700000000000000000e+01 4.200000000000000000e+01 3.400000000000000000e+01 0.000000000000000000e+00 1.600000000000000089e+00 -4.184000000000000219e-03 -2.791000000000000078e-03 -9.999869999999999592e-01 -3.012489999999999890e-01 9.535439999999999472e-01 -1.400999999999999902e-03 9.535360000000000502e-01 3.012389999999999790e-01 -4.830000000000000092e-03
2.200000000000000000e+01 4.200000000000000000e+01 3.400000000000000000e+01 0.000000000000000000e+00 1.600000000000000089e+00 4.024999999999999932e-03 1.477999999999999930e-03 -9.999909999999999632e-01 -2.948120000000000185e-01 9.555550000000000432e-01 2.259999999999999910e-04 9.555470000000000352e-01 2.948080000000000145e-01 4.282000000000000216e-03
4.000000000000000000e+00 2.600000000000000000e+01 3.500000000000000000e+01 0.000000000000000000e+00 1.600000000000000089e+00 2.984220000000000206e-01 5.766879999999999784e-01 7.605089999999999906e-01 -6.848149999999999515e-01 -4.256460000000000243e-01 5.914840000000000098e-01 6.648100000000000120e-01 -6.973209999999999686e-01 2.679030000000000022e-01
3.000000000000000000e+00 4.600000000000000000e+01 3.500000000000000000e+01 0.000000000000000000e+00 1.600000000000000089e+00 3.199999999999999855e-05 -1.147300000000000056e-02 -9.999339999999999895e-01 3.891609999999999792e-01 -9.211089999999999556e-01 1.058100000000000013e-02 -9.211700000000000443e-01 -3.891359999999999819e-01 4.434999999999999706e-03
7.000000000000000000e+00 4.600000000000000000e+01 3.500000000000000000e+01 0.000000000000000000e+00 1.600000000000000089e+00 -1.129000000000000012e-03 -8.035999999999999741e-03 -9.999670000000000503e-01 3.893490000000000006e-01 -9.210639999999999938e-01 6.962000000000000306e-03 -9.210899999999999643e-01 -3.893280000000000074e-01 4.168999999999999963e-03
1.200000000000000000e+01 4.600000000000000000e+01 3.500000000000000000e+01 0.000000000000000000e+00 1.600000000000000089e+00 4.970000000000000459e-04 -4.603999999999999586e-03 -9.999890000000000168e-01 3.898960000000000203e-01 -9.208479999999999999e-01 4.433000000000000308e-03 -9.208589999999999831e-01 -3.898940000000000183e-01 1.337999999999999997e-03
1.700000000000000000e+01 4.600000000000000000e+01 3.500000000000000000e+01 0.000000000000000000e+00 1.600000000000000089e+00 3.794000000000000063e-03 4.412000000000000123e-03 -9.999829999999999552e-01 3.886310000000000042e-01 -9.213900000000000423e-01 -2.590999999999999987e-03 -9.213860000000000383e-01 -3.886140000000000150e-01 -5.210000000000000221e-03
2.100000000000000000e+01 4.600000000000000000e+01 3.500000000000000000e+01 0.000000000000000000e+00 1.600000000000000089e+00 -1.090000000000000040e-03 1.110099999999999976e-02 -9.999379999999999935e-01 3.870020000000000127e-01 -9.220169999999999755e-01 -1.065800000000000081e-02 -9.220779999999999532e-01 -3.869900000000000007e-01 -3.291000000000000088e-03
2.700000000000000000e+01 4.600000000000000000e+01 3.500000000000000000e+01 0.000000000000000000e+00 1.600000000000000089e+00 -2.000000000000000096e-04 3.197000000000000189e-03 -9.999949999999999672e-01 3.882680000000000020e-01 -9.215419999999999723e-01 -3.024000000000000212e-03 -9.215470000000000050e-01 -3.882669999999999733e-01 -1.056999999999999997e-03
5.000000000000000000e+00 1.100000000000000000e+01 3.600000000000000000e+01 0.000000000000000000e+00 1.600000000000000089e+00 2.060069999999999957e-01 -9.102109999999999923e-01 -3.592719999999999803e-01 -7.281699999999999839e-01 1.026760000000000034e-01 -6.776630000000000154e-01 6.537049999999999805e-01 4.012140000000000151e-01 -6.416359999999999841e-01
1.400000000000000000e+01 2.200000000000000000e+01 3.600000000000000000e+01 0.000000000000000000e+00 1.600000000000000089e+00 -1.944430000000000047e-01 -7.411809999999999787e-01 6.425279999999999880e-01 7.282260000000000399e-01 3.297709999999999808e-01 6.007810000000000095e-01 -6.571749999999999536e-01 5.847229999999999928e-01 4.756250000000000200e-01
4.000000000000000000e+00 2.700000000000000000e+01 3.600000000000000000e+01 0.000000000000000000e+00 1.600000000000000089e+00 3.397979999999999889e-01 4.081969999999999765e-01 8.472969999999999668e-01 -7.067750000000000421e-01 -4.835360000000000213e-01 5.163940000000000197e-01 6.204889999999999572e-01 -7.743179999999999508e-01 1.241990000000000038e-01
2.700000000000000000e+01 9.500000000000000000e+01 3.600000000000000000e+01 0.000000000000000000e+00 1.600000000000000089e+00 -6.136599999999999694e-02 4.725399999999999739e-02 9.969959999999999933e-01 9.954349999999999588e-01 7.605499999999999761e-02 5.766600000000000198e-02 -7.310099999999999931e-02 9.959829999999999517e-01 -5.170600000000000196e-02
3.000000000000000000e+00 1.100000000000000000e+01 3.700000000000000000e+01 0.000000000000000000e+00 1.600000000000000089e+00 1.688749999999999973e-01 -9.356980000000000297e-01 -3.097590000000000066e-01 -7.213260000000000227e-01 9.684299999999999853e-02 -6.857919999999999572e-01 6.716919999999999558e-01 3.392499999999999960e-01 -6.585889999999999800e-01
6.000000000000000000e+00 1.200000000000000000e+01 3.700000000000000000e+01 0.000000000000000000e+00 1.600000000000000089e+00 1.847010000000000041e-01 -9.267800000000000482e-01 -3.270540000000000114e-01 -7.377569999999999961e-01 8.911199999999999677e-02 -6.691589999999999483e-01 6.493079999999999963e-01 3.648810000000000109e-01 -6.672789999999999555e-01
1.500000000000000000e+01 2.300000000000000000e+01 3.700000000000000000e+01 0.000000000000000000e+00 1.600000000000000089e+00 -1.884069999999999911e-01 -7.533180000000000431e-01 6.300909999999999567e-01 7.255270000000000330e-01 3.256430000000000158e-01 6.062739999999999796e-01 -6.619019999999999904e-01 5.713740000000000485e-01 4.851989999999999914e-01
1.300000000000000000e+01 1.500000000000000000e+01 3.800000000000000000e+01 0.000000000000000000e+00 1.600000000000000089e+00 2.072549999999999948e-01 3.880000000000000115e-01 8.980540000000000189e-01 -7.853799999999999670e-01 -4.813430000000000208e-01 3.892140000000000044e-01 5.832869999999999999e-01 -7.859810000000000407e-01 2.049660000000000093e-01
8.000000000000000000e+00 3.600000000000000000e+01 3.800000000000000000e+01 0.000000000000000000e+00 1.600000000000000089e+00 -3.642159999999999842e-01 8.113700000000000079e-02 9.277729999999999588e-01 9.084170000000000300e-01 2.504919999999999924e-01 3.347109999999999808e-01 -2.052430000000000088e-01 9.647130000000000427e-01 -1.649400000000000033e-01
1.000000000000000000e+01 3.700000000000000000e+01 3.800000000000000000e+01 0.000000000000000000e+00 1.600000000000000089e+00 -2.916449999999999876e-01 -1.117400000000000060e-01 9.499779999999999891e-01 7.984109999999999818e-01 5.184999999999999609e-01 3.061010000000000120e-01 -5.267669999999999852e-01 8.477449999999999708e-01 -6.200300000000000256e-02
2.000000000000000000e+01 3.700000000000000000e+01 3.800000000000000000e+01 0.000000000000000000e+00 1.600000000000000089e+00 4.677100000000000007e-02 -8.477000000000000160e-03 9.988700000000000356e-01 6.524759999999999449e-01 7.574260000000000437e-01 -2.412299999999999861e-02 -7.563649999999999540e-01 6.528659999999999464e-01 4.095700000000000035e-02
1.400000000000000000e+01 3.800000000000000000e+01 3.800000000000000000e+01 0.000000000000000000e+00 1.600000000000000089e+00 -1.326499999999999901e-01 -1.730220000000000091e-01 9.759440000000000337e-01 6.914940000000000531e-01 6.892740000000000533e-01 2.161869999999999903e-01 -7.100980000000000070e-01 7.035369999999999679e-01 2.821200000000000097e-02
5.000000000000000000e+00 1.400000000000000000e+01 3.900000000000000000e+01 0.000000000000000000e+00 1.600000000000000089e+00 1.416550000000000031e-01 -8.679489999999999705e-01 -4.760229999999999739e-01 -7.162319999999999798e-01 2.420799999999999896e-01 -6.545299999999999452e-01 6.833339999999999970e-01 4.336599999999999899e-01 -5.873610000000000220e-01
1.800000000000000000e+01 2.600000000000000000e+01 3.900000000000000000e+01 0.000000000000000000e+00 1.600000000000000089e+00 -1.540110000000000090e-01 -7.626260000000000261e-01 6.282370000000000454e-01 7.139210000000000278e-01 3.536730000000000151e-01 6.043450000000000211e-01 -6.830800000000000205e-01 5.415879999999999583e-01 4.899850000000000039e-01
1.100000000000000000e+01 3.800000000000000000e+01 3.900000000000000000e+01 0.000000000000000000e+00 1.600000000000000089e+00 -2.787040000000000073e-01 -1.915350000000000108e-01 9.410840000000000316e-01 7.806039999999999646e-01 5.256469999999999754e-01 3.381609999999999894e-01 -5.594479999999999453e-01 8.288600000000000412e-01 3.013000000000000053e-03
1.400000000000000000e+01 3.900000000000000000e+01 3.900000000000000000e+01 0.000000000000000000e+00 1.600000000000000089e+00 -1.715830000000000133e-01 -2.644659999999999789e-01 9.490089999999999915e-01 7.239200000000000079e-01 6.195220000000000171e-01 3.035320000000000240e-01 -6.682059999999999667e-01 7.390870000000000495e-01 8.515300000000000646e-02
1.900000000000000000e+01 2.700000000000000000e+01 4.000000000000000000e+01 0.000000000000000000e+00 1.600000000000000089e+00 -1.426370000000000138e-01 -7.939070000000000293e-01 5.910729999999999595e-01 7.118459999999999788e-01 3.326379999999999892e-01 6.185680000000000067e-01 -6.876989999999999492e-01 5.089829999999999632e-01 5.176929999999999588e-01
1.100000000000000000e+01 6.100000000000000000e+01 4.000000000000000000e+01 0.000000000000000000e+00 1.600000000000000089e+00 2.664899999999999908e-02 -5.425959999999999672e-01 -8.395709999999999562e-01 3.524829999999999908e-01 -7.808249999999999913e-01 5.158169999999999700e-01 -9.354390000000000205e-01 -3.096809999999999841e-01 1.704479999999999884e-01
7.000000000000000000e+00 3.000000000000000000e+00 4.300000000000000000e+01 0.000000000000000000e+00 1.600000000000000089e+00 8.878999999999999740e-03 2.775299999999999989e-02 -9.995749999999999913e-01 7.370379999999999709e-01 -6.757400000000000073e-01 -1.221500000000000016e-02 -6.757919999999999483e-01 -7.366169999999999662e-01 -2.645399999999999835e-02
1.800000000000000000e+01 3.000000000000000000e+00 4.300000000000000000e+01 0.000000000000000000e+00 1.600000000000000089e+00 -2.312999999999999952e-03 2.803500000000000089e-02 -9.996040000000000481e-01 7.500130000000000408e-01 -6.611120000000000330e-01 -2.027699999999999989e-02 -6.614189999999999792e-01 -7.497629999999999573e-01 -1.949800000000000144e-02
2.300000000000000000e+01 3.000000000000000000e+00 4.300000000000000000e+01 0.000000000000000000e+00 1.600000000000000089e+00 4.319999999999999838e-04 2.811000000000000131e-03 -9.999959999999999960e-01 7.439689999999999914e-01 -6.682120000000000282e-01 -1.557999999999999923e-03 -6.682139999999999747e-01 -7.439649999999999874e-01 -2.380000000000000171e-03
2.700000000000000000e+01 8.000000000000000000e+00 4.400000000000000000e+01 0.000000000000000000e+00 1.600000000000000089e+00 3.866000000000000079e-03 3.400999999999999943e-03 9.999869999999999592e-01 -7.906999999999999584e-01 -6.121830000000000327e-01 5.139000000000000339e-03 6.121919999999999584e-01 -7.907089999999999952e-01 3.229999999999999907e-04
1.500000000000000000e+01 2.200000000000000000e+01 4.500000000000000000e+01 0.000000000000000000e+00 1.600000000000000089e+00 1.468669999999999976e-01 -7.834199999999999497e-02 -9.860489999999999533e-01 -4.684079999999999910e-01 8.724960000000000493e-01 -1.390879999999999894e-01 8.712199999999999944e-01 4.823009999999999797e-01 9.144499999999999851e-02
2.200000000000000000e+01 2.400000000000000000e+01 4.500000000000000000e+01 0.000000000000000000e+00 1.600000000000000089e+00 1.228920000000000012e-01 -3.021110000000000184e-01 -9.453179999999999916e-01 -5.978120000000000100e-01 7.377909999999999746e-01 -3.135040000000000049e-01 7.921599999999999753e-01 6.036500000000000199e-01 -8.993700000000000305e-02
1.100000000000000000e+01 2.200000000000000000e+01 4.600000000000000000e+01 0.000000000000000000e+00 1.600000000000000089e+00 6.909099999999999964e-02 -1.822100000000000108e-02 -9.974439999999999973e-01 -2.188319999999999987e-01 9.752049999999999885e-01 -3.297300000000000231e-02 9.733140000000000125e-01 2.205499999999999960e-01 6.339000000000000190e-02
1.900000000000000000e+01 6.500000000000000000e+01 4.600000000000000000e+01 0.000000000000000000e+00 1.600000000000000089e+00 -7.267000000000000022e-03 -1.538339999999999985e-01 9.880700000000000038e-01 6.616689999999999516e-01 -7.415950000000000042e-01 -1.105929999999999969e-01 7.497610000000000108e-01 6.529719999999999969e-01 1.071759999999999935e-01
1.300000000000000000e+01 5.300000000000000000e+01 4.900000000000000000e+01 0.000000000000000000e+00 1.600000000000000089e+00 -4.821630000000000082e-01 2.442840000000000011e-01 8.413350000000000550e-01 -8.670060000000000544e-01 4.819999999999999632e-03 -4.982750000000000234e-01 -1.257759999999999989e-01 -9.696919999999999984e-01 2.094719999999999915e-01
2.900000000000000000e+01 6.100000000000000000e+01 4.900000000000000000e+01 0.000000000000000000e+00 1.600000000000000089e+00 -4.348999999999999568e-03 -4.747779999999999778e-01 -8.800949999999999607e-01 -6.731260000000000021e-01 -6.494659999999999878e-01 3.536889999999999756e-01 -7.395150000000000334e-01 5.939529999999999532e-01 -3.167610000000000148e-01
2.100000000000000000e+01 4.500000000000000000e+01 5.000000000000000000e+01 0.000000000000000000e+00 1.600000000000000089e+00 -2.336610000000000076e-01 6.443689999999999696e-01 7.281419999999999559e-01 5.328030000000000266e-01 7.112829999999999986e-01 -4.584730000000000194e-01 -8.133409999999999807e-01 2.808289999999999953e-01 -5.095210000000000017e-01
2.600000000000000000e+01 4.800000000000000000e+01 5.100000000000000000e+01 0.000000000000000000e+00 1.600000000000000089e+00 1.863100000000000173e-02 -9.435829999999999496e-01 3.306109999999999882e-01 6.284469999999999779e-01 2.682339999999999725e-01 7.301400000000000112e-01 -7.776290000000000147e-01 1.941680000000000073e-01 5.979900000000000215e-01
1.300000000000000000e+01 7.000000000000000000e+00 5.200000000000000000e+01 0.000000000000000000e+00 1.600000000000000089e+00 7.182000000000000016e-03 4.785000000000000191e-03 -9.999630000000000463e-01 8.688500000000000389e-02 -9.962100000000000399e-01 -4.142999999999999981e-03 -9.961919999999999664e-01 -8.685199999999999865e-02 -7.570000000000000340e-03
1.700000000000000000e+01 7.000000000000000000e+00 5.200000000000000000e+01 0.000000000000000000e+00 1.600000000000000089e+00 4.797000000000000049e-03 8.639000000000000845e-03 -9.999510000000000343e-01 7.290599999999999858e-02 -9.973049999999999971e-01 -8.267000000000000043e-03 -9.973269999999999635e-01 -7.286299999999999721e-02 -5.414000000000000409e-03
2.700000000000000000e+01 4.900000000000000000e+01 5.200000000000000000e+01 0.000000000000000000e+00 1.600000000000000089e+00 -2.487299999999999928e-02 -9.601929999999999632e-01 2.782290000000000041e-01 6.403999999999999693e-01 1.984080000000000010e-01 7.419719999999999649e-01 -7.676389999999999603e-01 1.966330000000000022e-01 6.099719999999999587e-01
2.000000000000000000e+01 6.300000000000000000e+01 5.200000000000000000e+01 0.000000000000000000e+00 1.600000000000000089e+00 -3.906199999999999950e-02 2.086800000000000044e-01 -9.772030000000000438e-01 4.692779999999999729e-01 8.672239999999999949e-01 1.664360000000000006e-01 8.821860000000000257e-01 -4.520790000000000086e-01 -1.318050000000000055e-01
2.700000000000000000e+01 5.000000000000000000e+01 5.300000000000000000e+01 0.000000000000000000e+00 1.600000000000000089e+00 -8.873599999999999544e-02 -9.604909999999999837e-01 2.637840000000000185e-01 6.341510000000000202e-01 1.497429999999999872e-01 7.585699999999999665e-01 -7.681000000000000050e-01 2.345919999999999950e-01 5.958090000000000330e-01
1.700000000000000000e+01 1.400000000000000000e+01 5.400000000000000000e+01 0.000000000000000000e+00 1.600000000000000089e+00 -4.902000000000000107e-03 -7.550000000000000287e-04 -9.999879999999999880e-01 5.804979999999999585e-01 8.142540000000000333e-01 -3.459999999999999968e-03 8.142470000000000541e-01 -5.805080000000000240e-01 -3.553000000000000169e-03
4.000000000000000000e+00 6.300000000000000000e+01 5.400000000000000000e+01 0.000000000000000000e+00 1.600000000000000089e+00 3.176919999999999744e-01 4.673050000000000259e-01 -8.250439999999999996e-01 8.755290000000000017e-01 1.894879999999999898e-01 4.444580000000000197e-01 3.640340000000000242e-01 -8.635509999999999575e-01 -3.489399999999999724e-01
1.800000000000000000e+01 7.200000000000000000e+01 5.400000000000000000e+01 0.000000000000000000e+00 1.600000000000000089e+00 -9.135450000000000514e-01 2.407590000000000008e-01 3.278260000000000063e-01 -2.850969999999999893e-01 -9.538849999999999829e-01 -9.392899999999999860e-02 2.900940000000000185e-01 -1.792710000000000137e-01 9.400570000000000315e-01
4.000000000000000000e+00 7.900000000000000000e+01 5.400000000000000000e+01 0.000000000000000000e+00 1.600000000000000089e+00 -4.179669999999999774e-01 -2.286650000000000071e-01 -8.792130000000000223e-01 -4.087319999999999842e-01 -8.169840000000000435e-01 4.067870000000000097e-01 -8.113209999999999589e-01 5.293860000000000232e-01 2.480100000000000082e-01
2.000000000000000000e+00 2.500000000000000000e+01 5.500000000000000000e+01 0.000000000000000000e+00 1.600000000000000089e+00 1.399999999999999877e-04 -6.027099999999999819e-02 -9.981820000000000137e-01 -1.218499999999999965e-02 -9.981079999999999952e-01 6.026499999999999913e-02 -9.999259999999999815e-01 1.215499999999999914e-02 -8.750000000000000182e-04
2.000000000000000000e+01 2.600000000000000000e+01 5.500000000000000000e+01 0.000000000000000000e+00 1.600000000000000089e+00 1.346499999999999954e-02 1.855800000000000158e-02 -9.997369999999999868e-01 -1.031480000000000036e-01 9.945199999999999596e-01 1.707200000000000037e-02 9.945749999999999869e-01 1.028909999999999964e-01 1.530499999999999916e-02
2.200000000000000000e+01 2.600000000000000000e+01 5.500000000000000000e+01 0.000000000000000000e+00 1.600000000000000089e+00 2.503000000000000017e-02 2.326100000000000043e-02 -9.994159999999999711e-01 -1.083839999999999942e-01 9.938989999999999769e-01 2.041799999999999865e-02 9.937939999999999552e-01 1.078100000000000031e-01 2.739799999999999874e-02
3.000000000000000000e+00 8.000000000000000000e+01 5.500000000000000000e+01 0.000000000000000000e+00 1.600000000000000089e+00 -2.404580000000000051e-01 -3.016220000000000012e-01 -9.226069999999999549e-01 -2.289899999999999991e-01 -9.060399999999999565e-01 3.558870000000000089e-01 -9.432620000000000449e-01 2.968439999999999968e-01 1.487960000000000116e-01
2.600000000000000000e+01 4.200000000000000000e+01 5.800000000000000000e+01 0.000000000000000000e+00 1.600000000000000089e+00 -5.338540000000000507e-01 -4.623950000000000005e-01 7.079480000000000217e-01 -4.897499999999999770e-02 -8.189239999999999853e-01 -5.718090000000000117e-01 8.441570000000000462e-01 -3.399340000000000139e-01 4.145400000000000196e-01
1.400000000000000000e+01 5.500000000000000000e+01 5.800000000000000000e+01 0.000000000000000000e+00 1.600000000000000089e+00 7.554100000000000259e-01 4.310220000000000162e-01 -4.935329999999999995e-01 6.012629999999999919e-01 -7.553530000000000522e-01 2.606240000000000223e-01 -2.604569999999999941e-01 -4.936209999999999765e-01 -8.297590000000000243e-01
