2.700000000000000000e+01 1.700000000000000000e+01 3.000000000000000000e+00 0.000000000000000000e+00 1.600000000000000089e+00 -2.627799999999999928e-02 -1.401900000000000021e-02 -9.995560000000000000e-01 -7.173939999999999761e-01 -6.960800000000000320e-01 2.862299999999999914e-02 -6.961720000000000130e-01 7.178280000000000216e-01 8.234000000000000000e-03
5.000000000000000000e+00 2.100000000000000000e+01 4.000000000000000000e+00 0.000000000000000000e+00 1.600000000000000089e+00 -1.134999999999999941e-03 1.000000000000000021e-03 -9.999989999999999712e-01 -6.562670000000000448e-01 -7.545290000000000052e-01 -9.000000000000000228e-06 -7.545279999999999765e-01 6.562670000000000448e-01 1.513000000000000022e-03
8.000000000000000000e+00 2.100000000000000000e+01 4.000000000000000000e+00 0.000000000000000000e+00 1.600000000000000089e+00 -2.005999999999999971e-03 2.804000000000000069e-03 -9.999940000000000495e-01 -6.573539999999999939e-01 -7.535819999999999741e-01 -7.940000000000000009e-04 -7.535800000000000276e-01 6.573480000000000434e-01 3.354999999999999909e-03
4.000000000000000000e+00 1.010000000000000000e+02 7.000000000000000000e+00 0.000000000000000000e+00 1.600000000000000089e+00 6.610999999999999689e-03 3.092400000000000010e-02 9.995000000000000551e-01 8.853689999999999616e-01 4.644490000000000007e-01 -2.022600000000000092e-02 -4.648419999999999774e-01 8.850599999999999579e-01 -2.430799999999999975e-02
1.200000000000000000e+01 1.010000000000000000e+02 7.000000000000000000e+00 0.000000000000000000e+00 1.600000000000000089e+00 -8.459999999999999638e-04 2.505999999999999981e-03 9.999970000000000248e-01 8.905859999999999888e-01 4.548139999999999961e-01 -3.860000000000000041e-04 -4.548130000000000228e-01 8.905830000000000135e-01 -2.616999999999999969e-03
2.100000000000000000e+01 1.010000000000000000e+02 7.000000000000000000e+00 0.000000000000000000e+00 1.600000000000000089e+00 4.119999999999999856e-04 2.187700000000000061e-02 9.997610000000000108e-01 8.880590000000000428e-01 4.596109999999999918e-01 -1.042299999999999997e-02 -4.597289999999999988e-01 8.878509999999999458e-01 -1.923800000000000163e-02
2.000000000000000000e+00 2.500000000000000000e+01 8.000000000000000000e+00 0.000000000000000000e+00 1.600000000000000089e+00 1.240000000000000054e-04 -1.189199999999999979e-02 -9.999289999999999567e-01 4.405870000000000064e-01 8.976469999999999727e-01 -1.062100000000000023e-02 8.977100000000000080e-01 -4.405549999999999744e-01 5.350999999999999854e-03
1.200000000000000000e+01 2.500000000000000000e+01 8.000000000000000000e+00 0.000000000000000000e+00 1.600000000000000089e+00 -5.800000000000000034e-05 1.744700000000000070e-02 -9.998479999999999590e-01 4.423889999999999767e-01 8.966870000000000118e-01 1.562099999999999947e-02 8.968230000000000368e-01 -4.423210000000000197e-01 -7.769999999999999997e-03
1.700000000000000000e+01 2.500000000000000000e+01 8.000000000000000000e+00 0.000000000000000000e+00 1.600000000000000089e+00 -4.440000000000000045e-04 5.388999999999999693e-03 -9.999850000000000128e-01 4.421900000000000275e-01 8.969099999999999850e-01 4.636999999999999629e-03 8.969209999999999683e-01 -4.421809999999999907e-01 -2.781000000000000052e-03
2.200000000000000000e+01 2.500000000000000000e+01 8.000000000000000000e+00 0.000000000000000000e+00 1.600000000000000089e+00 1.724000000000000055e-03 4.470000000000000015e-03 -9.999879999999999880e-01 4.397780000000000022e-01 8.980939999999999479e-01 4.773000000000000333e-03 8.981050000000000422e-01 -4.397809999999999775e-01 -4.180000000000000230e-04
2.500000000000000000e+01 2.500000000000000000e+01 8.000000000000000000e+00 0.000000000000000000e+00 1.600000000000000089e+00 6.639999999999999852e-04 8.590000000000000413e-03 -9.999630000000000463e-01 4.379600000000000160e-01 8.989589999999999526e-01 8.012999999999999290e-03 8.989939999999999598e-01 -4.379489999999999772e-01 -3.164999999999999845e-03
2.800000000000000000e+01 2.500000000000000000e+01 8.000000000000000000e+00 0.000000000000000000e+00 1.600000000000000089e+00 4.150000000000000043e-04 4.268000000000000092e-03 -9.999909999999999632e-01 4.372889999999999833e-01 8.993120000000000003e-01 4.020000000000000136e-03 8.993210000000000370e-01 -4.372869999999999813e-01 -1.492999999999999969e-03
3.000000000000000000e+00 2.400000000000000000e+01 9.000000000000000000e+00 0.000000000000000000e+00 1.600000000000000089e+00 9.799999999999999684e-05 -9.671000000000000776e-03 -9.999529999999999808e-01 4.459819999999999895e-01 8.950000000000000178e-01 -8.611999999999999864e-03 8.950420000000000043e-01 -4.459600000000000231e-01 4.401000000000000398e-03
1.000000000000000000e+01 2.400000000000000000e+01 9.000000000000000000e+00 0.000000000000000000e+00 1.600000000000000089e+00 2.151999999999999833e-03 7.442999999999999963e-03 -9.999700000000000255e-01 4.497780000000000111e-01 8.931080000000000130e-01 7.615000000000000241e-03 8.931379999999999875e-01 -4.497809999999999864e-01 -1.425999999999999967e-03
1.400000000000000000e+01 2.400000000000000000e+01 9.000000000000000000e+00 0.000000000000000000e+00 1.600000000000000089e+00 -2.262000000000000122e-03 2.015399999999999830e-02 -9.997939999999999605e-01 4.489130000000000065e-01 8.934140000000000414e-01 1.699399999999999869e-02 8.935720000000000329e-01 -4.487829999999999875e-01 -1.106799999999999971e-02
2.200000000000000000e+01 2.400000000000000000e+01 9.000000000000000000e+00 0.000000000000000000e+00 1.600000000000000089e+00 2.111000000000000029e-03 5.364999999999999977e-03 -9.999829999999999552e-01 4.462470000000000048e-01 8.948909999999999920e-01 5.742999999999999841e-03 8.949070000000000080e-01 -4.462519999999999820e-01 -5.050000000000000235e-04
2.900000000000000000e+01 2.400000000000000000e+01 9.000000000000000000e+00 0.000000000000000000e+00 1.600000000000000089e+00 5.280000000000000405e-04 2.462999999999999912e-03 -9.999970000000000248e-01 4.438830000000000275e-01 8.960820000000000451e-01 2.441000000000000027e-03 8.960850000000000204e-01 -4.438830000000000275e-01 -6.199999999999999999e-04
1.000000000000000000e+01 3.500000000000000000e+01 1.200000000000000000e+01 0.000000000000000000e+00 1.600000000000000089e+00 1.459999999999999981e-04 -1.101999999999999898e-03 -9.999989999999999712e-01 4.042959999999999887e-01 -9.146279999999999966e-01 1.067000000000000023e-03 -9.146279999999999966e-01 -4.042950000000000155e-01 3.119999999999999944e-04
1.600000000000000000e+01 3.500000000000000000e+01 1.200000000000000000e+01 0.000000000000000000e+00 1.600000000000000089e+00 1.075999999999999917e-03 4.913999999999999965e-03 -9.999869999999999592e-01 4.029269999999999796e-01 -9.152230000000000087e-01 -4.063999999999999904e-03 -9.152310000000000167e-01 -4.029179999999999984e-01 -2.965000000000000187e-03
1.900000000000000000e+01 3.500000000000000000e+01 1.200000000000000000e+01 0.000000000000000000e+00 1.600000000000000089e+00 -1.925999999999999978e-03 3.697000000000000199e-03 -9.999909999999999632e-01 4.109740000000000060e-01 -9.116379999999999484e-01 -4.161999999999999901e-03 -9.116450000000000387e-01 -4.109780000000000100e-01 2.369999999999999874e-04
2.400000000000000000e+01 3.500000000000000000e+01 1.200000000000000000e+01 0.000000000000000000e+00 1.600000000000000089e+00 -2.361999999999999950e-03 3.566999999999999858e-03 -9.999909999999999632e-01 4.250999999999999779e-01 -9.051369999999999694e-01 -4.232999999999999784e-03 -9.051430000000000309e-01 -4.251059999999999839e-01 6.220000000000000485e-04
2.100000000000000000e+01 3.200000000000000000e+01 1.400000000000000000e+01 0.000000000000000000e+00 1.600000000000000089e+00 5.789999999999999791e-04 9.600000000000000243e-05 -1.000000000000000000e+00 1.238439999999999958e-01 9.923020000000000174e-01 1.669999999999999935e-04 9.923009999999999886e-01 -1.238439999999999958e-01 5.619999999999999996e-04
4.000000000000000000e+00 1.300000000000000000e+01 1.600000000000000000e+01 0.000000000000000000e+00 1.600000000000000089e+00 5.180000000000000143e-04 3.363100000000000117e-02 9.994340000000000446e-01 1.088449999999999973e-01 -9.934979999999999922e-01 3.337500000000000189e-02 9.940590000000000259e-01 1.087670000000000026e-01 -4.174999999999999892e-03
1.400000000000000000e+01 1.300000000000000000e+01 1.600000000000000000e+01 0.000000000000000000e+00 1.600000000000000089e+00 2.197000000000000168e-03 -2.064300000000000163e-02 9.997840000000000060e-01 1.174930000000000002e-01 -9.928569999999999895e-01 -2.075799999999999867e-02 9.930710000000000370e-01 1.175130000000000063e-01 2.439999999999999949e-04
2.100000000000000000e+01 1.300000000000000000e+01 1.600000000000000000e+01 0.000000000000000000e+00 1.600000000000000089e+00 6.087999999999999662e-03 -5.912300000000000194e-02 9.982320000000000082e-01 1.403979999999999950e-01 -9.883119999999999683e-01 -5.939099999999999935e-02 9.900759999999999561e-01 1.405109999999999970e-01 2.284000000000000006e-03
2.800000000000000000e+01 1.160000000000000000e+02 1.600000000000000000e+01 0.000000000000000000e+00 1.600000000000000089e+00 4.919999999999999894e-03 -1.379999999999999933e-04 9.999879999999999880e-01 6.626069999999999460e-01 7.489609999999999879e-01 -3.155999999999999951e-03 -7.489510000000000334e-01 6.626140000000000363e-01 3.775999999999999843e-03
6.000000000000000000e+00 2.000000000000000000e+00 1.900000000000000000e+01 0.000000000000000000e+00 1.600000000000000089e+00 -5.066000000000000190e-03 5.499999999999999681e-03 -9.999719999999999720e-01 2.836159999999999792e-01 -9.589140000000000441e-01 -6.710999999999999951e-03 -9.589250000000000274e-01 -2.836420000000000052e-01 3.298000000000000150e-03
1.600000000000000000e+01 2.000000000000000000e+00 1.900000000000000000e+01 0.000000000000000000e+00 1.600000000000000089e+00 2.229000000000000078e-03 -9.074000000000000468e-03 -9.999559999999999560e-01 2.906859999999999999e-01 -9.567729999999999846e-01 9.329999999999999752e-03 -9.568159999999999998e-01 -2.906940000000000079e-01 5.050000000000000235e-04
2.900000000000000000e+01 2.000000000000000000e+00 1.900000000000000000e+01 0.000000000000000000e+00 1.600000000000000089e+00 7.653000000000000080e-03 -3.765399999999999997e-02 -9.992609999999999548e-01 3.250359999999999916e-01 -9.449340000000000517e-01 3.809599999999999792e-02 -9.456710000000000393e-01 -3.250870000000000148e-01 5.007000000000000166e-03
1.100000000000000000e+01 3.000000000000000000e+00 1.900000000000000000e+01 0.000000000000000000e+00 1.600000000000000089e+00 -8.600000000000000331e-05 4.809999999999999823e-04 -1.000000000000000000e+00 3.037509999999999932e-01 -9.527510000000000145e-01 -4.840000000000000010e-04 -9.527510000000000145e-01 -3.037509999999999932e-01 -6.499999999999999431e-05
2.000000000000000000e+01 3.000000000000000000e+00 1.900000000000000000e+01 0.000000000000000000e+00 1.600000000000000089e+00 8.312999999999999209e-03 -1.720500000000000154e-02 -9.998169999999999558e-01 3.233509999999999995e-01 -9.460889999999999578e-01 1.896899999999999975e-02 -9.462429999999999453e-01 -3.234500000000000153e-01 -2.301999999999999793e-03
2.500000000000000000e+01 3.000000000000000000e+00 1.900000000000000000e+01 0.000000000000000000e+00 1.600000000000000089e+00 1.071199999999999930e-02 -3.175499999999999851e-02 -9.994380000000000486e-01 3.312269999999999937e-01 -9.429560000000000164e-01 3.350999999999999812e-02 -9.434900000000000508e-01 -3.313999999999999724e-01 4.169999999999999987e-04
2.000000000000000000e+00 4.000000000000000000e+00 2.000000000000000000e+01 0.000000000000000000e+00 1.600000000000000089e+00 -3.201999999999999985e-03 1.508600000000000045e-02 -9.998810000000000198e-01 4.220030000000000170e-01 -9.064699999999999980e-01 -1.502799999999999969e-02 -9.065889999999999782e-01 -4.220010000000000150e-01 -3.464000000000000065e-03
1.100000000000000000e+01 4.000000000000000000e+00 2.000000000000000000e+01 0.000000000000000000e+00 1.600000000000000089e+00 6.480000000000000300e-04 2.510000000000000078e-03 -9.999970000000000248e-01 4.280329999999999968e-01 -9.037610000000000365e-01 -1.991000000000000148e-03 -9.037629999999999830e-01 -4.280300000000000216e-01 -1.660000000000000017e-03
1.400000000000000000e+01 4.000000000000000000e+00 2.000000000000000000e+01 0.000000000000000000e+00 1.600000000000000089e+00 2.622999999999999898e-03 -5.105000000000000163e-03 -9.999839999999999840e-01 4.304430000000000200e-01 -9.025999999999999579e-01 5.736999999999999912e-03 -9.026140000000000274e-01 -4.304509999999999725e-01 -1.700000000000000122e-04
2.000000000000000000e+01 4.000000000000000000e+00 2.000000000000000000e+01 0.000000000000000000e+00 1.600000000000000089e+00 7.296000000000000402e-03 -1.839199999999999863e-02 -9.998040000000000260e-01 4.357059999999999822e-01 -8.998730000000000340e-01 1.973300000000000054e-02 -9.000599999999999712e-01 -4.357650000000000134e-01 1.448000000000000068e-03
2.500000000000000000e+01 4.000000000000000000e+00 2.000000000000000000e+01 0.000000000000000000e+00 1.600000000000000089e+00 7.586999999999999994e-03 -3.292300000000000088e-02 -9.994290000000000118e-01 4.288040000000000185e-01 -9.027950000000000141e-01 3.299499999999999655e-02 -9.033660000000000023e-01 -4.288100000000000245e-01 7.268000000000000155e-03
1.000000000000000000e+00 1.300000000000000000e+01 2.000000000000000000e+01 0.000000000000000000e+00 1.600000000000000089e+00 -2.770000000000000110e-04 2.399000000000000091e-03 9.999970000000000248e-01 3.069120000000000181e-01 9.517349999999999977e-01 -2.197999999999999867e-03 -9.517379999999999729e-01 3.069100000000000161e-01 -1.000000000000000021e-03
1.000000000000000000e+01 1.300000000000000000e+01 2.000000000000000000e+01 0.000000000000000000e+00 1.600000000000000089e+00 -5.550000000000000462e-04 1.364999999999999894e-03 9.999989999999999712e-01 3.126900000000000235e-01 9.498539999999999761e-01 -1.123000000000000083e-03 -9.498550000000000049e-01 3.126889999999999947e-01 -9.550000000000000112e-04
1.600000000000000000e+01 1.300000000000000000e+01 2.000000000000000000e+01 0.000000000000000000e+00 1.600000000000000089e+00 -5.300000000000000078e-05 4.616000000000000311e-03 9.999890000000000168e-01 3.102599999999999802e-01 9.506419999999999870e-01 -4.372000000000000018e-03 -9.506520000000000525e-01 3.102570000000000050e-01 -1.482999999999999943e-03
2.100000000000000000e+01 1.300000000000000000e+01 2.000000000000000000e+01 0.000000000000000000e+00 1.600000000000000089e+00 3.350000000000000113e-04 1.115700000000000025e-02 9.999379999999999935e-01 3.051769999999999761e-01 9.522350000000000536e-01 -1.072700000000000042e-02 -9.522960000000000313e-01 3.051619999999999888e-01 -3.085000000000000069e-03
2.800000000000000000e+01 1.300000000000000000e+01 2.000000000000000000e+01 0.000000000000000000e+00 1.600000000000000089e+00 5.838999999999999573e-03 3.060000000000000111e-04 9.999829999999999552e-01 2.828649999999999776e-01 9.591579999999999551e-01 -1.944999999999999897e-03 -9.591420000000000501e-01 2.828709999999999836e-01 5.513999999999999804e-03
5.000000000000000000e+00 1.400000000000000000e+01 2.000000000000000000e+01 0.000000000000000000e+00 1.600000000000000089e+00 1.010000000000000020e-04 9.820000000000000170e-04 9.999989999999999712e-01 2.672979999999999801e-01 9.636130000000000528e-01 -9.730000000000000151e-04 -9.636139999999999706e-01 2.672979999999999801e-01 -1.649999999999999991e-04
5.000000000000000000e+00 1.600000000000000000e+01 2.100000000000000000e+01 0.000000000000000000e+00 1.600000000000000089e+00 4.809999999999999823e-04 6.518000000000000356e-03 9.999789999999999512e-01 3.032509999999999928e-01 9.528889999999999860e-01 -6.356999999999999804e-03 -9.529100000000000348e-01 3.032480000000000175e-01 -1.518000000000000035e-03
1.000000000000000000e+01 1.600000000000000000e+01 2.100000000000000000e+01 0.000000000000000000e+00 1.600000000000000089e+00 -1.124999999999999915e-03 1.610000000000000103e-04 9.999989999999999712e-01 3.043219999999999814e-01 9.525689999999999991e-01 1.890000000000000133e-04 -9.525689999999999991e-01 3.043219999999999814e-01 -1.121000000000000035e-03
1.700000000000000000e+01 1.600000000000000000e+01 2.100000000000000000e+01 0.000000000000000000e+00 1.600000000000000089e+00 3.780000000000000265e-04 -2.562000000000000041e-03 9.999970000000000248e-01 3.081329999999999902e-01 9.513399999999999634e-01 2.321000000000000146e-03 -9.513430000000000497e-01 3.081309999999999882e-01 1.149000000000000065e-03
4.000000000000000000e+00 4.200000000000000000e+01 2.500000000000000000e+01 0.000000000000000000e+00 1.600000000000000089e+00 6.220999999999999967e-03 -6.423060000000000436e-01 7.664229999999999654e-01 -4.270240000000000147e-01 6.913350000000000328e-01 5.828440000000000287e-01 -9.042189999999999950e-01 -3.309070000000000067e-01 -2.699790000000000245e-01
1.000000000000000000e+01 4.600000000000000000e+01 2.700000000000000000e+01 0.000000000000000000e+00 1.600000000000000089e+00 -3.428000000000000057e-03 8.559999999999999901e-04 -9.999940000000000495e-01 6.811800000000000077e-01 7.321140000000000425e-01 -1.708000000000000100e-03 7.321079999999999810e-01 -6.811810000000000365e-01 -3.092999999999999829e-03
5.000000000000000000e+00 3.600000000000000000e+01 2.800000000000000000e+01 0.000000000000000000e+00 1.600000000000000089e+00 -3.592900000000000260e-02 -9.154569999999999652e-01 -4.008079999999999976e-01 -5.072410000000000529e-01 -3.288590000000000124e-01 7.965919999999999668e-01 -8.610550000000000148e-01 2.319269999999999943e-01 -4.525419999999999998e-01
5.000000000000000000e+00 3.900000000000000000e+01 2.900000000000000000e+01 0.000000000000000000e+00 1.600000000000000089e+00 -1.582510000000000028e-01 -9.316029999999999589e-01 3.272180000000000089e-01 5.361900000000000555e-01 -3.593549999999999800e-01 -7.637829999999999897e-01 8.291300000000000336e-01 5.458199999999999857e-02 5.563839999999999897e-01
1.400000000000000000e+01 4.600000000000000000e+01 3.000000000000000000e+01 0.000000000000000000e+00 1.600000000000000089e+00 -5.099999999999999960e-05 4.960000000000000216e-04 -1.000000000000000000e+00 3.284369999999999790e-01 9.445259999999999767e-01 4.510000000000000120e-04 9.445259999999999767e-01 -3.284369999999999790e-01 -2.110000000000000059e-04
1.900000000000000000e+01 4.600000000000000000e+01 3.000000000000000000e+01 0.000000000000000000e+00 1.600000000000000089e+00 -2.110000000000000059e-04 -1.773000000000000053e-03 -9.999980000000000535e-01 3.304469999999999907e-01 9.438229999999999675e-01 -1.742999999999999975e-03 9.438250000000000250e-01 -3.304469999999999907e-01 3.869999999999999742e-04
6.000000000000000000e+00 5.800000000000000000e+01 3.100000000000000000e+01 0.000000000000000000e+00 1.600000000000000089e+00 2.069999999999999900e-04 8.189000000000000098e-03 9.999670000000000503e-01 -8.007429999999999826e-01 -5.989870000000000472e-01 5.070999999999999987e-03 5.990079999999999849e-01 -8.007170000000000121e-01 6.433000000000000350e-03
9.000000000000000000e+00 5.800000000000000000e+01 3.100000000000000000e+01 0.000000000000000000e+00 1.600000000000000089e+00 -8.270000000000000441e-04 -5.099999999999999960e-05 1.000000000000000000e+00 -8.001150000000000206e-01 -5.998459999999999903e-01 -6.920000000000000153e-04 5.998449999999999616e-01 -8.001160000000000494e-01 4.550000000000000008e-04
1.600000000000000000e+01 5.800000000000000000e+01 3.100000000000000000e+01 0.000000000000000000e+00 1.600000000000000089e+00 -2.001000000000000174e-03 -1.794999999999999938e-03 9.999959999999999960e-01 -8.009990000000000165e-01 -5.986590000000000522e-01 -2.677000000000000126e-03 5.986620000000000275e-01 -8.010019999999999918e-01 -2.400000000000000061e-04
1.900000000000000000e+01 5.800000000000000000e+01 3.100000000000000000e+01 0.000000000000000000e+00 1.600000000000000089e+00 -1.539000000000000003e-03 -3.959999999999999762e-04 9.999989999999999712e-01 -8.017619999999999747e-01 -5.976420000000000066e-01 -1.469999999999999953e-03 5.976420000000000066e-01 -8.017630000000000035e-01 6.019999999999999961e-04
2.400000000000000000e+01 5.800000000000000000e+01 3.100000000000000000e+01 0.000000000000000000e+00 1.600000000000000089e+00 3.527999999999999886e-03 -4.040000000000000080e-04 9.999940000000000495e-01 -8.018089999999999939e-01 -5.975749999999999673e-01 2.588000000000000023e-03 5.975709999999999633e-01 -8.018129999999999979e-01 -2.432000000000000134e-03
4.000000000000000000e+00 2.300000000000000000e+01 3.400000000000000000e+01 0.000000000000000000e+00 1.600000000000000089e+00 3.758000000000000056e-03 7.680000000000000195e-04 9.999930000000000208e-01 3.998929999999999985e-01 -9.165609999999999591e-01 -7.990000000000000140e-04 9.165539999999999798e-01 3.998929999999999985e-01 -3.752000000000000127e-03
6.000000000000000000e+00 4.600000000000000000e+01 3.500000000000000000e+01 0.000000000000000000e+00 1.600000000000000089e+00 -8.573000000000000759e-03 -1.326799999999999924e-01 -9.911219999999999475e-01 3.830930000000000168e-01 -9.159730000000000372e-01 1.193069999999999964e-01 -9.236699999999999910e-01 -3.786689999999999778e-01 5.868099999999999705e-02
1.100000000000000000e+01 4.600000000000000000e+01 3.500000000000000000e+01 0.000000000000000000e+00 1.600000000000000089e+00 3.780000000000000265e-04 5.793000000000000406e-03 -9.999829999999999552e-01 3.907809999999999895e-01 -9.204689999999999817e-01 -5.185000000000000372e-03 -9.204839999999999689e-01 -3.907720000000000082e-01 -2.612000000000000172e-03
1.500000000000000000e+01 4.600000000000000000e+01 3.500000000000000000e+01 0.000000000000000000e+00 1.600000000000000089e+00 -1.547999999999999897e-03 7.191000000000000343e-03 -9.999730000000000008e-01 3.914850000000000274e-01 -9.201559999999999739e-01 -7.224000000000000386e-03 -9.201829999999999732e-01 -3.914860000000000007e-01 -1.391000000000000092e-03
2.200000000000000000e+01 4.600000000000000000e+01 3.500000000000000000e+01 0.000000000000000000e+00 1.600000000000000089e+00 4.840000000000000010e-04 -5.113000000000000357e-03 -9.999869999999999592e-01 3.914119999999999822e-01 -9.202029999999999932e-01 4.893999999999999913e-03 -9.202150000000000052e-01 -3.914090000000000069e-01 1.554999999999999959e-03
2.800000000000000000e+01 4.600000000000000000e+01 3.500000000000000000e+01 0.000000000000000000e+00 1.600000000000000089e+00 2.021999999999999926e-03 5.285999999999999900e-03 -9.999839999999999840e-01 3.904500000000000193e-01 -9.206149999999999611e-01 -4.076999999999999895e-03 -9.206220000000000514e-01 -3.904360000000000053e-01 -3.925999999999999802e-03
8.000000000000000000e+00 2.900000000000000000e+01 4.400000000000000000e+01 0.000000000000000000e+00 1.600000000000000089e+00 5.910000000000000323e-03 1.020700000000000079e-02 -9.999299999999999855e-01 6.965479999999999450e-01 7.174190000000000289e-01 1.144000000000000052e-02 7.174859999999999571e-01 -6.965670000000000472e-01 -2.870000000000000155e-03
1.200000000000000000e+01 2.900000000000000000e+01 4.400000000000000000e+01 0.000000000000000000e+00 1.600000000000000089e+00 -7.370000000000000249e-04 4.722999999999999768e-03 -9.999890000000000168e-01 6.600030000000000063e-01 7.512569999999999526e-01 3.062000000000000052e-03 7.512630000000000141e-01 -6.599930000000000518e-01 -3.670999999999999784e-03
1.600000000000000000e+01 2.900000000000000000e+01 4.400000000000000000e+01 0.000000000000000000e+00 1.600000000000000089e+00 -1.350000000000000071e-03 2.007999999999999802e-03 -9.999970000000000248e-01 6.544870000000000410e-01 7.560729999999999951e-01 6.340000000000000149e-04 7.560719999999999663e-01 -6.544849999999999834e-01 -2.334999999999999836e-03
2.000000000000000000e+01 2.900000000000000000e+01 4.400000000000000000e+01 0.000000000000000000e+00 1.600000000000000089e+00 1.343999999999999926e-03 1.025000000000000086e-03 -9.999989999999999712e-01 6.601519999999999611e-01 7.511299999999999644e-01 1.657000000000000053e-03 7.511299999999999644e-01 -6.601540000000000186e-01 3.330000000000000169e-04
2.400000000000000000e+01 2.900000000000000000e+01 4.400000000000000000e+01 0.000000000000000000e+00 1.600000000000000089e+00 1.873000000000000099e-03 -3.105999999999999820e-03 -9.999930000000000208e-01 6.605140000000000455e-01 7.508129999999999526e-01 -1.095000000000000053e-03 7.508110000000000062e-01 -6.605079999999999840e-01 3.457000000000000003e-03
1.100000000000000000e+01 6.500000000000000000e+01 4.600000000000000000e+01 0.000000000000000000e+00 1.600000000000000089e+00 1.572999999999999962e-03 7.669999999999999951e-04 9.999980000000000535e-01 6.806149999999999700e-01 -7.326409999999999867e-01 -5.090000000000000123e-04 7.326390000000000402e-01 6.806149999999999700e-01 -1.675000000000000057e-03
1.000000000000000000e+01 7.000000000000000000e+01 4.700000000000000000e+01 0.000000000000000000e+00 1.600000000000000089e+00 1.899999999999999996e-03 5.416999999999999940e-03 -9.999839999999999840e-01 -8.362640000000000073e-01 -5.483090000000000463e-01 -4.558999999999999685e-03 -5.483240000000000336e-01 8.362579999999999458e-01 3.488000000000000215e-03
3.000000000000000000e+00 2.900000000000000000e+01 4.800000000000000000e+01 0.000000000000000000e+00 1.600000000000000089e+00 1.250000000000000026e-03 -5.660599999999999660e-02 9.983959999999999502e-01 3.739450000000000274e-01 9.259899999999999798e-01 5.203300000000000286e-02 -9.274499999999999966e-01 3.732800000000000007e-01 2.232500000000000109e-02
8.000000000000000000e+00 2.900000000000000000e+01 4.800000000000000000e+01 0.000000000000000000e+00 1.600000000000000089e+00 -2.726999999999999823e-03 6.962000000000000306e-03 9.999719999999999720e-01 3.631360000000000143e-01 9.317199999999999926e-01 -5.496000000000000017e-03 -9.317320000000000046e-01 3.631099999999999883e-01 -5.068999999999999721e-03
2.100000000000000000e+01 7.000000000000000000e+00 5.200000000000000000e+01 0.000000000000000000e+00 1.600000000000000089e+00 -7.479000000000000405e-03 -3.870999999999999875e-03 -9.999649999999999928e-01 1.392500000000000127e-01 -9.902530000000000499e-01 2.792000000000000211e-03 -9.902290000000000258e-01 -1.392239999999999867e-01 7.945999999999999938e-03
1.200000000000000000e+01 4.500000000000000000e+01 5.300000000000000000e+01 0.000000000000000000e+00 1.600000000000000089e+00 -3.303899999999999892e-02 -4.096929999999999739e-01 9.116250000000000187e-01 6.218499999999999722e-02 9.095130000000000159e-01 4.109979999999999745e-01 -9.975180000000000158e-01 7.026799999999999713e-02 -4.572999999999999808e-03
2.000000000000000000e+00 6.300000000000000000e+01 5.400000000000000000e+01 0.000000000000000000e+00 1.600000000000000089e+00 -5.899999999999999754e-05 4.908000000000000036e-03 9.999879999999999880e-01 -3.572330000000000227e-01 9.340039999999999454e-01 -4.605999999999999851e-03 -9.340150000000000396e-01 -3.572290000000000187e-01 1.698000000000000074e-03
1.200000000000000000e+01 6.300000000000000000e+01 5.400000000000000000e+01 0.000000000000000000e+00 1.600000000000000089e+00 4.490000000000000176e-04 1.817999999999999955e-03 9.999980000000000535e-01 -3.513919999999999821e-01 9.362270000000000314e-01 -1.544999999999999932e-03 -9.362279999999999491e-01 -3.513910000000000089e-01 1.059000000000000045e-03
1.700000000000000000e+01 6.300000000000000000e+01 5.400000000000000000e+01 0.000000000000000000e+00 1.600000000000000089e+00 2.259999999999999910e-04 -9.089999999999999773e-04 1.000000000000000000e+00 -3.510510000000000019e-01 9.363559999999999661e-01 9.300000000000000541e-04 -9.363559999999999661e-01 -3.510510000000000019e-01 -1.069999999999999988e-04
2.100000000000000000e+01 6.300000000000000000e+01 5.400000000000000000e+01 0.000000000000000000e+00 1.600000000000000089e+00 1.126999999999999964e-03 3.226999999999999834e-03 9.999940000000000495e-01 -3.470980000000000176e-01 9.378250000000000197e-01 -2.635000000000000189e-03 -9.378279999999999950e-01 -3.470929999999999849e-01 2.177000000000000116e-03
2.700000000000000000e+01 6.300000000000000000e+01 5.400000000000000000e+01 0.000000000000000000e+00 1.600000000000000089e+00 -1.650999999999999907e-03 -7.929999999999999766e-04 9.999980000000000535e-01 -3.512250000000000094e-01 9.362909999999999844e-01 1.620000000000000075e-04 -9.362890000000000379e-01 -3.512250000000000094e-01 -1.824000000000000100e-03
2.200000000000000000e+01 2.500000000000000000e+01 5.500000000000000000e+01 0.000000000000000000e+00 1.600000000000000089e+00 8.760000000000000425e-04 -2.611000000000000040e-03 -9.999959999999999960e-01 -1.315299999999999976e-02 -9.999099999999999655e-01 2.599999999999999881e-03 -9.999130000000000518e-01 1.315000000000000023e-02 -9.100000000000000016e-04
2.800000000000000000e+01 2.500000000000000000e+01 5.500000000000000000e+01 0.000000000000000000e+00 1.600000000000000089e+00 5.360000000000000181e-04 -1.010000000000000020e-04 -1.000000000000000000e+00 -1.256400000000000051e-02 -9.999209999999999487e-01 9.399999999999999448e-05 -9.999209999999999487e-01 1.256400000000000051e-02 -5.379999999999999583e-04
1.200000000000000000e+01 6.800000000000000000e+01 5.700000000000000000e+01 0.000000000000000000e+00 1.600000000000000089e+00 -3.809999999999999910e-04 -4.575000000000000074e-03 -9.999890000000000168e-01 -2.404340000000000088e-01 -9.706550000000000455e-01 4.532999999999999703e-03 -9.706650000000000000e-01 2.404330000000000078e-01 -7.299999999999999632e-04
6.000000000000000000e+00 2.100000000000000000e+01 6.000000000000000000e+01 0.000000000000000000e+00 1.600000000000000089e+00 2.900000000000000017e-05 2.795999999999999874e-03 9.999959999999999960e-01 -9.686899999999999678e-02 9.952929999999999833e-01 -2.779999999999999919e-03 -9.952969999999999873e-01 -9.686899999999999678e-02 2.999999999999999737e-04
9.000000000000000000e+00 2.100000000000000000e+01 6.000000000000000000e+01 0.000000000000000000e+00 1.600000000000000089e+00 -3.400000000000000244e-04 4.820000000000000066e-04 1.000000000000000000e+00 -9.765000000000000069e-02 9.952210000000000223e-01 -5.130000000000000011e-04 -9.952210000000000223e-01 -9.765000000000000069e-02 -2.910000000000000260e-04
1.200000000000000000e+01 2.100000000000000000e+01 6.000000000000000000e+01 0.000000000000000000e+00 1.600000000000000089e+00 -2.730000000000000222e-04 3.499999999999999964e-04 1.000000000000000000e+00 -9.581000000000000627e-02 9.953999999999999515e-01 -3.739999999999999835e-04 -9.953999999999999515e-01 -9.581000000000000627e-02 -2.380000000000000117e-04
2.000000000000000000e+01 2.100000000000000000e+01 6.000000000000000000e+01 0.000000000000000000e+00 1.600000000000000089e+00 -7.950000000000000252e-04 2.403999999999999887e-03 9.999970000000000248e-01 -9.768300000000000594e-02 9.952140000000000430e-01 -2.469999999999999973e-03 -9.952170000000000183e-01 -9.768499999999999406e-02 -5.569999999999999864e-04
6.000000000000000000e+00 4.400000000000000000e+01 6.100000000000000000e+01 0.000000000000000000e+00 1.600000000000000089e+00 -9.280110000000000303e-01 3.188420000000000143e-01 1.927059999999999884e-01 -3.617130000000000067e-01 -6.472390000000000088e-01 -6.710030000000000161e-01 -8.921800000000000563e-02 -6.924019999999999619e-01 7.159739999999999993e-01
2.400000000000000000e+01 3.000000000000000000e+00 6.300000000000000000e+01 0.000000000000000000e+00 1.600000000000000089e+00 6.679999999999999740e-04 -1.448999999999999984e-03 9.999989999999999712e-01 -6.158439999999999470e-01 7.878669999999999840e-01 1.552999999999999910e-03 -7.878680000000000128e-01 -6.158439999999999470e-01 -3.660000000000000059e-04
5.000000000000000000e+00 2.700000000000000000e+01 6.300000000000000000e+01 0.000000000000000000e+00 1.600000000000000089e+00 -4.812000000000000305e-03 -4.174699999999999939e-02 9.991170000000000329e-01 -2.651919999999999833e-01 9.634080000000000421e-01 3.897799999999999876e-02 -9.641840000000000410e-01 -2.647700000000000053e-01 -1.570699999999999874e-02
1.500000000000000000e+01 2.700000000000000000e+01 6.300000000000000000e+01 0.000000000000000000e+00 1.600000000000000089e+00 -2.358999999999999986e-03 8.350000000000000217e-04 9.999970000000000248e-01 -2.726729999999999987e-01 9.621060000000000167e-01 -1.446000000000000020e-03 -9.621039999999999592e-01 -2.726750000000000007e-01 -2.041999999999999978e-03
1.900000000000000000e+01 2.700000000000000000e+01 6.300000000000000000e+01 0.000000000000000000e+00 1.600000000000000089e+00 7.560000000000000530e-04 3.301999999999999814e-03 9.999940000000000495e-01 -2.720500000000000140e-01 9.622779999999999667e-01 -2.971999999999999816e-03 -9.622829999999999995e-01 -2.720469999999999833e-01 1.626000000000000058e-03
2.200000000000000000e+01 2.700000000000000000e+01 6.300000000000000000e+01 0.000000000000000000e+00 1.600000000000000089e+00 1.920999999999999965e-03 3.644999999999999803e-03 9.999909999999999632e-01 -2.685589999999999922e-01 9.632589999999999764e-01 -2.994999999999999832e-03 -9.632610000000000339e-01 -2.685509999999999842e-01 2.828999999999999918e-03
2.500000000000000000e+01 2.700000000000000000e+01 6.300000000000000000e+01 0.000000000000000000e+00 1.600000000000000089e+00 1.791000000000000057e-03 7.202000000000000068e-03 9.999719999999999720e-01 -2.666919999999999846e-01 9.637599999999999500e-01 -6.462999999999999995e-03 -9.637799999999999701e-01 -2.666740000000000221e-01 3.645999999999999935e-03
3.000000000000000000e+01 2.700000000000000000e+01 6.300000000000000000e+01 0.000000000000000000e+00 1.600000000000000089e+00 3.144000000000000093e-03 5.923999999999999579e-03 9.999770000000000048e-01 -2.639589999999999992e-01 9.645219999999999905e-01 -4.884000000000000320e-03 -9.645289999999999697e-01 -2.639369999999999772e-01 4.596000000000000259e-03
1.300000000000000000e+01 5.300000000000000000e+01 6.300000000000000000e+01 0.000000000000000000e+00 1.600000000000000089e+00 -1.303839999999999999e-01 7.046930000000000138e-01 6.974289999999999656e-01 4.426979999999999804e-01 -5.880389999999999784e-01 6.769260000000000277e-01 8.871409999999999574e-01 3.970110000000000028e-01 -2.352960000000000051e-01
1.100000000000000000e+01 2.600000000000000000e+01 6.400000000000000000e+01 0.000000000000000000e+00 1.600000000000000089e+00 1.938999999999999968e-03 -2.056000000000000102e-03 9.999959999999999960e-01 -3.567620000000000235e-01 9.341920000000000224e-01 2.612000000000000172e-03 -9.341930000000000511e-01 -3.567660000000000275e-01 1.077999999999999965e-03
1.600000000000000000e+01 2.600000000000000000e+01 6.400000000000000000e+01 0.000000000000000000e+00 1.600000000000000089e+00 -2.010000000000000068e-03 3.945999999999999855e-03 9.999900000000000455e-01 -3.607779999999999876e-01 9.326410000000000533e-01 -4.405000000000000061e-03 -9.326499999999999790e-01 -3.607830000000000203e-01 -4.519999999999999821e-04
2.600000000000000000e+01 2.600000000000000000e+01 6.400000000000000000e+01 0.000000000000000000e+00 1.600000000000000089e+00 1.185999999999999988e-03 7.030999999999999923e-03 9.999749999999999472e-01 -3.502509999999999790e-01 9.366349999999999953e-01 -6.170000000000000137e-03 -9.366550000000000153e-01 -3.502350000000000185e-01 3.572999999999999787e-03
2.900000000000000000e+01 2.600000000000000000e+01 6.400000000000000000e+01 0.000000000000000000e+00 1.600000000000000089e+00 2.364000000000000216e-03 6.616999999999999618e-03 9.999749999999999472e-01 -3.478600000000000025e-01 9.375310000000000032e-01 -5.381000000000000366e-03 -9.375440000000000440e-01 -3.478379999999999805e-01 4.518000000000000314e-03
7.000000000000000000e+00 3.900000000000000000e+01 6.500000000000000000e+01 0.000000000000000000e+00 1.600000000000000089e+00 -9.873769999999999492e-01 1.402059999999999973e-01 7.367700000000000637e-02 -1.549800000000000066e-01 -9.512009999999999632e-01 -2.668289999999999829e-01 3.266999999999999765e-02 -2.748789999999999845e-01 9.609229999999999716e-01
2.200000000000000000e+01 5.400000000000000000e+01 6.500000000000000000e+01 0.000000000000000000e+00 1.600000000000000089e+00 -3.590139999999999998e-01 -2.913029999999999786e-01 8.867080000000000517e-01 3.239999999999999825e-02 -9.533629999999999605e-01 -3.000829999999999886e-01 9.327699999999999880e-01 -7.900500000000000578e-02 3.517089999999999939e-01
5.000000000000000000e+00 3.200000000000000000e+01 6.600000000000000000e+01 0.000000000000000000e+00 1.600000000000000089e+00 -9.825299999999999312e-02 -9.396039999999999948e-01 3.278579999999999828e-01 9.433319999999999483e-01 -1.928709999999999869e-01 -2.700469999999999815e-01 3.169719999999999760e-01 2.827459999999999973e-01 9.053080000000000016e-01
1.500000000000000000e+01 6.900000000000000000e+01 6.600000000000000000e+01 0.000000000000000000e+00 1.600000000000000089e+00 -5.090000000000000123e-04 1.879999999999999944e-03 9.999980000000000535e-01 -9.636500000000000066e-01 2.671669999999999878e-01 -9.929999999999999591e-04 -2.671689999999999898e-01 -9.636479999999999491e-01 1.675999999999999972e-03
1.900000000000000000e+01 6.900000000000000000e+01 6.600000000000000000e+01 0.000000000000000000e+00 1.600000000000000089e+00 -3.820000000000000045e-03 -5.366000000000000110e-03 9.999780000000000335e-01 -9.536109999999999864e-01 3.010349999999999970e-01 -2.027999999999999855e-03 -3.010180000000000078e-01 -9.535979999999999457e-01 -6.268000000000000134e-03
4.000000000000000000e+00 3.400000000000000000e+01 6.900000000000000000e+01 0.000000000000000000e+00 1.600000000000000089e+00 6.400080000000000213e-01 -7.620529999999999804e-01 -9.831299999999999761e-02 -7.681529999999999747e-01 -6.375969999999999693e-01 -5.840299999999999658e-02 -1.817799999999999971e-02 1.128969999999999974e-01 -9.934399999999999897e-01
1.300000000000000000e+01 7.000000000000000000e+01 7.200000000000000000e+01 0.000000000000000000e+00 1.600000000000000089e+00 2.514080000000000203e-01 8.212150000000000283e-01 5.122489999999999544e-01 -1.529129999999999934e-01 -4.889009999999999745e-01 8.588329999999999576e-01 9.557259999999999645e-01 -2.942469999999999808e-01 2.661000000000000171e-03
1.700000000000000000e+01 7.000000000000000000e+01 7.200000000000000000e+01 0.000000000000000000e+00 1.600000000000000089e+00 -2.861859999999999959e-01 -9.293829999999999592e-01 2.331199999999999939e-01 -2.372700000000000156e-02 -2.363480000000000025e-01 -9.713789999999999925e-01 9.578799999999999537e-01 -2.835260000000000002e-01 4.558799999999999658e-02
1.500000000000000000e+01 7.700000000000000000e+01 7.200000000000000000e+01 0.000000000000000000e+00 1.600000000000000089e+00 3.081499999999999864e-02 1.896420000000000050e-01 9.813699999999999646e-01 8.686099999999999377e-02 -9.786299999999999999e-01 1.863849999999999951e-01 9.957439999999999625e-01 7.949900000000000022e-02 -4.662899999999999684e-02
1.600000000000000000e+01 2.500000000000000000e+01 7.300000000000000000e+01 0.000000000000000000e+00 1.600000000000000089e+00 1.307000000000000002e-03 -6.734000000000000402e-03 9.999770000000000048e-01 7.549770000000000092e-01 -6.557290000000000063e-01 -5.401999999999999684e-03 6.557500000000000551e-01 7.549660000000000259e-01 4.226999999999999855e-03
2.400000000000000000e+01 2.500000000000000000e+01 7.300000000000000000e+01 0.000000000000000000e+00 1.600000000000000089e+00 -5.330000000000000536e-04 -3.619999999999999954e-03 9.999930000000000208e-01 7.514420000000000543e-01 -6.597960000000000491e-01 -1.988000000000000184e-03 6.597990000000000244e-01 7.514359999999999928e-01 3.072000000000000078e-03
1.900000000000000000e+01 6.400000000000000000e+01 7.300000000000000000e+01 0.000000000000000000e+00 1.600000000000000089e+00 -7.537540000000000351e-01 -5.724179999999999824e-01 3.227880000000000194e-01 -1.007630000000000053e-01 -3.847090000000000232e-01 -9.175210000000000310e-01 6.493849999999999900e-01 -7.241109999999999491e-01 2.322980000000000045e-01
1.000000000000000000e+01 6.500000000000000000e+01 7.300000000000000000e+01 0.000000000000000000e+00 1.600000000000000089e+00 4.969890000000000141e-01 8.142800000000000038e-01 2.999169999999999892e-01 4.741599999999999981e-02 -3.705910000000000037e-01 9.275849999999999929e-01 8.664600000000000080e-01 -4.467789999999999817e-01 -2.227899999999999880e-01
