2.000000000000000000e+01 1.500000000000000000e+01 4.000000000000000000e+00 0.000000000000000000e+00 1.600000000000000089e+00 3.072000000000000078e-03 7.577999999999999667e-03 9.999670000000000503e-01 2.688570000000000126e-01 -9.631579999999999586e-01 6.472999999999999587e-03 9.631750000000000034e-01 2.688280000000000114e-01 -4.995999999999999573e-03
2.400000000000000000e+01 1.500000000000000000e+01 4.000000000000000000e+00 0.000000000000000000e+00 1.600000000000000089e+00 -1.753999999999999917e-03 6.604999999999999760e-03 9.999770000000000048e-01 2.724309999999999787e-01 -9.621509999999999785e-01 6.832999999999999664e-03 9.621739999999999737e-01 2.724369999999999847e-01 -1.119999999999999983e-04
3.000000000000000000e+00 1.600000000000000000e+01 4.000000000000000000e+00 0.000000000000000000e+00 1.600000000000000089e+00 2.674000000000000161e-03 -1.872499999999999859e-02 9.998209999999999598e-01 3.172369999999999912e-01 -9.481640000000000068e-01 -1.860600000000000101e-02 9.483430000000000470e-01 3.172300000000000120e-01 3.405000000000000041e-03
8.000000000000000000e+00 1.600000000000000000e+01 4.000000000000000000e+00 0.000000000000000000e+00 1.600000000000000089e+00 3.004999999999999859e-03 -2.050899999999999945e-02 9.997850000000000348e-01 3.214989999999999792e-01 -9.466900000000000315e-01 -2.038699999999999887e-02 9.469049999999999967e-01 3.214920000000000000e-01 3.749000000000000162e-03
1.800000000000000000e+01 1.600000000000000000e+01 4.000000000000000000e+00 0.000000000000000000e+00 1.600000000000000089e+00 2.962999999999999922e-03 -6.930000000000000396e-04 9.999949999999999672e-01 3.294650000000000079e-01 -9.441659999999999497e-01 -1.629999999999999939e-03 9.441629999999999745e-01 3.294679999999999831e-01 -2.569000000000000103e-03
1.400000000000000000e+01 1.010000000000000000e+02 7.000000000000000000e+00 0.000000000000000000e+00 1.600000000000000089e+00 -7.100000000000000462e-05 7.499999999999999343e-05 1.000000000000000000e+00 8.848620000000000374e-01 4.658530000000000171e-01 2.799999999999999958e-05 -4.658530000000000171e-01 8.848620000000000374e-01 -1.000000000000000048e-04
1.700000000000000000e+01 1.010000000000000000e+02 7.000000000000000000e+00 0.000000000000000000e+00 1.600000000000000089e+00 9.250000000000000409e-04 2.482999999999999964e-03 9.999959999999999960e-01 8.844840000000000479e-01 4.665670000000000095e-01 -1.977000000000000025e-03 -4.665699999999999847e-01 8.844830000000000192e-01 -1.765000000000000076e-03
4.000000000000000000e+00 1.500000000000000000e+01 8.000000000000000000e+00 0.000000000000000000e+00 1.600000000000000089e+00 -7.549000000000000155e-03 -1.713299999999999892e-02 -9.998249999999999638e-01 -5.682660000000000489e-01 -8.226390000000000091e-01 1.838700000000000057e-02 -8.228100000000000414e-01 5.683049999999999491e-01 -3.526000000000000054e-03
8.000000000000000000e+00 1.500000000000000000e+01 8.000000000000000000e+00 0.000000000000000000e+00 1.600000000000000089e+00 -7.531999999999999633e-03 -2.193900000000000017e-02 -9.997310000000000363e-01 -5.715820000000000345e-01 -8.202420000000000266e-01 2.230599999999999944e-02 -8.205099999999999616e-01 5.715959999999999930e-01 -6.361999999999999600e-03
1.100000000000000000e+01 1.500000000000000000e+01 8.000000000000000000e+00 0.000000000000000000e+00 1.600000000000000089e+00 -7.078000000000000090e-03 -2.132300000000000167e-02 -9.997479999999999700e-01 -5.750530000000000364e-01 -8.178339999999999499e-01 2.151399999999999840e-02 -8.180859999999999799e-01 5.750600000000000156e-01 -6.472999999999999587e-03
1.600000000000000000e+01 1.500000000000000000e+01 8.000000000000000000e+00 0.000000000000000000e+00 1.600000000000000089e+00 -2.827000000000000086e-03 -5.483000000000000027e-03 -9.999810000000000088e-01 -5.790520000000000111e-01 -8.152679999999999927e-01 6.106999999999999582e-03 -8.152859999999999552e-01 5.790579999999999616e-01 -8.700000000000000051e-04
2.000000000000000000e+01 1.500000000000000000e+01 8.000000000000000000e+00 0.000000000000000000e+00 1.600000000000000089e+00 -3.669999999999999760e-04 6.924999999999999732e-03 -9.999759999999999760e-01 -5.799490000000000478e-01 -8.146349999999999980e-01 -5.427999999999999665e-03 -8.146529999999999605e-01 5.799330000000000318e-01 4.315000000000000259e-03
2.300000000000000000e+01 1.500000000000000000e+01 8.000000000000000000e+00 0.000000000000000000e+00 1.600000000000000089e+00 1.502000000000000080e-03 6.080999999999999600e-03 -9.999799999999999800e-01 -5.793509999999999494e-01 -8.150579999999999492e-01 -5.826999999999999715e-03 -8.150770000000000515e-01 5.793479999999999741e-01 2.298999999999999828e-03
2.700000000000000000e+01 1.500000000000000000e+01 8.000000000000000000e+00 0.000000000000000000e+00 1.600000000000000089e+00 1.662999999999999982e-03 -4.031999999999999994e-03 -9.999900000000000455e-01 -5.774230000000000196e-01 -8.164420000000000011e-01 2.331000000000000173e-03 -8.164439999999999475e-01 5.774129999999999541e-01 -3.686000000000000040e-03
3.000000000000000000e+01 1.500000000000000000e+01 8.000000000000000000e+00 0.000000000000000000e+00 1.600000000000000089e+00 1.510000000000000112e-04 -7.948000000000000204e-03 -9.999679999999999680e-01 -5.766069999999999807e-01 -8.169969999999999732e-01 6.407000000000000368e-03 -8.170220000000000260e-01 5.765879999999999894e-01 -4.706000000000000114e-03
2.000000000000000000e+00 2.600000000000000000e+01 8.000000000000000000e+00 0.000000000000000000e+00 1.600000000000000089e+00 5.720000000000000258e-03 2.483799999999999897e-02 -9.996749999999999803e-01 4.195470000000000033e-01 9.073909999999999476e-01 2.494499999999999842e-02 9.077150000000000496e-01 -4.195539999999999825e-01 -5.230000000000000274e-03
5.000000000000000000e+00 2.600000000000000000e+01 8.000000000000000000e+00 0.000000000000000000e+00 1.600000000000000089e+00 6.784000000000000100e-03 2.025400000000000117e-02 -9.997719999999999940e-01 4.171449999999999880e-01 9.085919999999999552e-01 2.123699999999999893e-02 9.088140000000000107e-01 -4.171940000000000093e-01 -2.285000000000000139e-03
1.100000000000000000e+01 2.600000000000000000e+01 8.000000000000000000e+00 0.000000000000000000e+00 1.600000000000000089e+00 6.747999999999999658e-03 2.270600000000000049e-02 -9.997190000000000243e-01 4.125889999999999835e-01 9.106149999999999523e-01 2.346699999999999828e-02 9.108920000000000350e-01 -4.126319999999999988e-01 -3.223000000000000170e-03
1.900000000000000000e+01 2.600000000000000000e+01 8.000000000000000000e+00 0.000000000000000000e+00 1.600000000000000089e+00 7.119999999999999593e-04 -1.443999999999999971e-03 -9.999989999999999712e-01 4.094769999999999799e-01 9.123200000000000198e-01 -1.026000000000000002e-03 9.123200000000000198e-01 -4.094760000000000066e-01 1.240000000000000000e-03
2.700000000000000000e+01 2.600000000000000000e+01 8.000000000000000000e+00 0.000000000000000000e+00 1.600000000000000089e+00 1.589999999999999888e-04 7.389999999999999651e-04 -1.000000000000000000e+00 4.105079999999999840e-01 9.118570000000000286e-01 7.389999999999999651e-04 9.118570000000000286e-01 -4.105079999999999840e-01 -1.579999999999999916e-04
1.200000000000000000e+01 2.400000000000000000e+01 9.000000000000000000e+00 0.000000000000000000e+00 1.600000000000000089e+00 7.334000000000000241e-03 2.423499999999999960e-02 -9.996789999999999843e-01 4.667979999999999907e-01 8.840139999999999665e-01 2.485599999999999962e-02 8.843330000000000357e-01 -4.668309999999999960e-01 -4.828999999999999959e-03
1.600000000000000000e+01 2.400000000000000000e+01 9.000000000000000000e+00 0.000000000000000000e+00 1.600000000000000089e+00 4.545999999999999694e-03 1.332500000000000004e-02 -9.999010000000000398e-01 4.636440000000000006e-01 8.859120000000000328e-01 1.391399999999999929e-02 8.860099999999999643e-01 -4.636609999999999898e-01 -2.151000000000000134e-03
2.400000000000000000e+01 2.400000000000000000e+01 9.000000000000000000e+00 0.000000000000000000e+00 1.600000000000000089e+00 -5.349999999999999938e-04 -3.676000000000000014e-03 -9.999930000000000208e-01 4.623229999999999840e-01 8.867049999999999654e-01 -3.507000000000000135e-03 8.867110000000000269e-01 -4.623220000000000107e-01 1.224999999999999960e-03
2.700000000000000000e+01 2.400000000000000000e+01 9.000000000000000000e+00 0.000000000000000000e+00 1.600000000000000089e+00 9.600000000000000243e-05 1.958000000000000105e-03 -9.999980000000000535e-01 4.625739999999999852e-01 8.865790000000000060e-01 1.781000000000000031e-03 8.865809999999999524e-01 -4.625730000000000119e-01 -8.199999999999999824e-04
2.700000000000000000e+01 1.040000000000000000e+02 1.100000000000000000e+01 0.000000000000000000e+00 1.600000000000000089e+00 5.330000000000000536e-04 -3.569999999999999823e-03 9.999940000000000495e-01 -9.719449999999999479e-01 -2.352080000000000004e-01 -3.220000000000000206e-04 2.352080000000000004e-01 -9.719379999999999686e-01 -3.595000000000000105e-03
7.000000000000000000e+00 3.100000000000000000e+01 1.200000000000000000e+01 0.000000000000000000e+00 1.600000000000000089e+00 1.030000000000000100e-03 1.407000000000000048e-03 9.999980000000000535e-01 -1.350900000000000017e-02 9.999080000000000190e-01 -1.392999999999999924e-03 -9.999080000000000190e-01 -1.350799999999999917e-02 1.049000000000000019e-03
1.400000000000000000e+01 3.100000000000000000e+01 1.200000000000000000e+01 0.000000000000000000e+00 1.600000000000000089e+00 -4.949999999999999973e-04 5.237000000000000335e-03 9.999860000000000415e-01 -8.942000000000000295e-03 9.999460000000000015e-01 -5.240999999999999999e-03 -9.999599999999999600e-01 -8.944999999999999826e-03 -4.490000000000000176e-04
2.000000000000000000e+01 3.100000000000000000e+01 1.200000000000000000e+01 0.000000000000000000e+00 1.600000000000000089e+00 -2.970000000000000092e-04 8.130000000000000291e-04 1.000000000000000000e+00 -5.667000000000000162e-03 9.999839999999999840e-01 -8.149999999999999693e-04 -9.999839999999999840e-01 -5.667000000000000162e-03 -2.919999999999999961e-04
2.400000000000000000e+01 3.100000000000000000e+01 1.200000000000000000e+01 0.000000000000000000e+00 1.600000000000000089e+00 2.049999999999999956e-04 2.622999999999999898e-03 9.999970000000000248e-01 -1.054999999999999948e-03 9.999959999999999960e-01 -2.622999999999999898e-03 -9.999989999999999712e-01 -1.054000000000000032e-03 2.069999999999999900e-04
9.000000000000000000e+00 1.200000000000000000e+01 1.500000000000000000e+01 0.000000000000000000e+00 1.600000000000000089e+00 -4.275000000000000154e-03 -6.048000000000000424e-03 -9.999730000000000008e-01 -4.737439999999999984e-01 -8.806319999999999704e-01 7.352000000000000028e-03 -8.806519999999999904e-01 4.737629999999999897e-01 8.999999999999999754e-04
1.400000000000000000e+01 1.200000000000000000e+01 1.500000000000000000e+01 0.000000000000000000e+00 1.600000000000000089e+00 -2.102000000000000136e-03 -4.225999999999999722e-03 -9.999890000000000168e-01 -4.733319999999999750e-01 -8.808709999999999596e-01 4.717999999999999972e-03 -8.808810000000000251e-01 4.733370000000000077e-01 -1.489999999999999897e-04
1.900000000000000000e+01 1.200000000000000000e+01 1.500000000000000000e+01 0.000000000000000000e+00 1.600000000000000089e+00 -8.210000000000000067e-04 3.105999999999999820e-03 -9.999949999999999672e-01 -4.745139999999999914e-01 -8.802450000000000552e-01 -2.344000000000000163e-03 -8.802470000000000017e-01 4.745099999999999874e-01 2.197000000000000168e-03
2.500000000000000000e+01 1.200000000000000000e+01 1.500000000000000000e+01 0.000000000000000000e+00 1.600000000000000089e+00 1.386999999999999995e-03 3.883000000000000167e-03 -9.999919999999999920e-01 -4.737040000000000139e-01 -8.806749999999999856e-01 -4.075999999999999762e-03 -8.806829999999999936e-01 4.737060000000000159e-01 6.179999999999999513e-04
6.000000000000000000e+00 2.000000000000000000e+00 1.900000000000000000e+01 0.000000000000000000e+00 1.600000000000000089e+00 2.524000000000000202e-03 -4.262000000000000163e-03 -9.999879999999999880e-01 1.542020000000000057e-01 -9.880290000000000461e-01 4.599999999999999922e-03 -9.880360000000000253e-01 -1.542109999999999870e-01 -1.835999999999999958e-03
1.000000000000000000e+01 2.000000000000000000e+00 1.900000000000000000e+01 0.000000000000000000e+00 1.600000000000000089e+00 2.969999999999999984e-03 -1.206800000000000060e-02 -9.999230000000000063e-01 1.606539999999999913e-01 -9.869329999999999492e-01 1.238799999999999971e-02 -9.870060000000000500e-01 -1.606779999999999875e-01 -9.920000000000000432e-04
1.300000000000000000e+01 2.000000000000000000e+00 1.900000000000000000e+01 0.000000000000000000e+00 1.600000000000000089e+00 3.173000000000000039e-03 -5.028999999999999616e-03 -9.999820000000000375e-01 1.642510000000000081e-01 -9.864030000000000298e-01 5.481999999999999894e-03 -9.864129999999999843e-01 -1.642659999999999954e-01 -2.304000000000000058e-03
1.800000000000000000e+01 2.000000000000000000e+00 1.900000000000000000e+01 0.000000000000000000e+00 1.600000000000000089e+00 -5.280000000000000405e-04 9.412000000000000227e-03 -9.999559999999999560e-01 1.663310000000000066e-01 -9.860250000000000403e-01 -9.369000000000000591e-03 -9.860700000000000021e-01 -1.663290000000000046e-01 -1.044999999999999922e-03
2.200000000000000000e+01 2.000000000000000000e+00 1.900000000000000000e+01 0.000000000000000000e+00 1.600000000000000089e+00 1.376000000000000053e-03 4.932999999999999885e-03 -9.999869999999999592e-01 1.657480000000000064e-01 -9.861569999999999503e-01 -4.636999999999999629e-03 -9.861670000000000158e-01 -1.657399999999999984e-01 -2.174000000000000151e-03
2.500000000000000000e+01 2.000000000000000000e+00 1.900000000000000000e+01 0.000000000000000000e+00 1.600000000000000089e+00 2.827000000000000086e-03 -7.749999999999999728e-04 -9.999959999999999960e-01 1.643570000000000031e-01 -9.864000000000000545e-01 1.229999999999999974e-03 -9.863969999999999683e-01 -1.643600000000000061e-01 -2.661000000000000171e-03
2.700000000000000000e+01 2.000000000000000000e+00 1.900000000000000000e+01 0.000000000000000000e+00 1.600000000000000089e+00 2.325999999999999943e-03 -8.279999999999999600e-04 -9.999970000000000248e-01 1.640330000000000121e-01 -9.864540000000000530e-01 1.198000000000000063e-03 -9.864519999999999955e-01 -1.640359999999999874e-01 -2.158999999999999895e-03
1.300000000000000000e+01 4.000000000000000000e+00 2.000000000000000000e+01 0.000000000000000000e+00 1.600000000000000089e+00 4.542000000000000030e-03 -5.499000000000000415e-03 -9.999749999999999472e-01 2.569790000000000130e-01 -9.663950000000000040e-01 6.480999999999999782e-03 -9.664059999999999873e-01 -2.570020000000000082e-01 -2.975999999999999913e-03
2.600000000000000000e+01 4.000000000000000000e+00 2.000000000000000000e+01 0.000000000000000000e+00 1.600000000000000089e+00 3.062000000000000052e-03 2.426999999999999904e-03 -9.999919999999999920e-01 2.548039999999999750e-01 -9.669910000000000450e-01 -1.565999999999999901e-03 -9.669879999999999587e-01 -2.547980000000000245e-01 -3.579000000000000150e-03
6.000000000000000000e+00 1.300000000000000000e+01 2.000000000000000000e+01 0.000000000000000000e+00 1.600000000000000089e+00 9.000000000000000228e-06 3.494000000000000144e-03 9.999940000000000495e-01 2.519600000000000173e-01 9.677320000000000366e-01 -3.383999999999999855e-03 -9.677379999999999871e-01 2.519580000000000153e-01 -8.720000000000000537e-04
1.300000000000000000e+01 1.300000000000000000e+01 2.000000000000000000e+01 0.000000000000000000e+00 1.600000000000000089e+00 -8.570000000000000144e-04 8.379999999999999862e-04 9.999989999999999712e-01 2.557590000000000141e-01 9.667400000000000437e-01 -5.910000000000000539e-04 -9.667400000000000437e-01 2.557579999999999854e-01 -1.043000000000000090e-03
1.600000000000000000e+01 1.300000000000000000e+01 2.000000000000000000e+01 0.000000000000000000e+00 1.600000000000000089e+00 -1.178999999999999927e-03 -5.749999999999999903e-04 9.999989999999999712e-01 2.569270000000000165e-01 9.664300000000000113e-01 8.589999999999999546e-04 -9.664300000000000113e-01 2.569279999999999897e-01 -9.909999999999999105e-04
2.400000000000000000e+01 1.300000000000000000e+01 2.000000000000000000e+01 0.000000000000000000e+00 1.600000000000000089e+00 3.319999999999999926e-04 6.329999999999999906e-04 1.000000000000000000e+00 2.558300000000000018e-01 9.667219999999999702e-01 -6.970000000000000284e-04 -9.667219999999999702e-01 2.558300000000000018e-01 1.579999999999999916e-04
6.000000000000000000e+00 1.600000000000000000e+01 2.100000000000000000e+01 0.000000000000000000e+00 1.600000000000000089e+00 -5.400000000000000069e-04 -1.142000000000000003e-03 9.999989999999999712e-01 2.976329999999999809e-01 9.546799999999999731e-01 1.250999999999999942e-03 -9.546799999999999731e-01 2.976329999999999809e-01 -1.749999999999999982e-04
1.800000000000000000e+01 1.600000000000000000e+01 2.100000000000000000e+01 0.000000000000000000e+00 1.600000000000000089e+00 -1.838000000000000007e-03 -6.239999999999999887e-04 9.999980000000000535e-01 2.997980000000000089e-01 9.540020000000000167e-01 1.146000000000000100e-03 -9.540009999999999879e-01 2.997989999999999822e-01 -1.565999999999999901e-03
2.400000000000000000e+01 1.600000000000000000e+01 2.100000000000000000e+01 0.000000000000000000e+00 1.600000000000000089e+00 -1.069999999999999988e-04 2.272999999999999847e-03 9.999970000000000248e-01 2.975530000000000119e-01 9.547029999999999683e-01 -2.138999999999999842e-03 -9.547050000000000258e-01 2.975519999999999832e-01 -7.789999999999999616e-04
6.000000000000000000e+00 4.600000000000000000e+01 2.700000000000000000e+01 0.000000000000000000e+00 1.600000000000000089e+00 2.039000000000000014e-03 1.361000000000000014e-03 -9.999970000000000248e-01 6.849210000000000020e-01 7.286129999999999551e-01 2.387999999999999932e-03 7.286139999999999839e-01 -6.849239999999999773e-01 5.529999999999999976e-04
9.000000000000000000e+00 4.600000000000000000e+01 2.700000000000000000e+01 0.000000000000000000e+00 1.600000000000000089e+00 1.765000000000000076e-03 3.130000000000000187e-04 -9.999980000000000535e-01 6.846179999999999488e-01 7.289010000000000211e-01 1.435999999999999993e-03 7.288999999999999924e-01 -6.846189999999999776e-01 1.072000000000000036e-03
3.000000000000000000e+01 4.600000000000000000e+01 2.700000000000000000e+01 0.000000000000000000e+00 1.600000000000000089e+00 -2.661999999999999870e-03 2.213999999999999822e-03 -9.999940000000000495e-01 6.644400000000000306e-01 7.473410000000000331e-01 -1.140000000000000063e-04 7.473370000000000291e-01 -6.644370000000000553e-01 -3.461000000000000101e-03
8.000000000000000000e+00 4.600000000000000000e+01 3.000000000000000000e+01 0.000000000000000000e+00 1.600000000000000089e+00 1.742000000000000059e-03 1.580999999999999940e-03 -9.999970000000000248e-01 3.372680000000000122e-01 9.414059999999999651e-01 2.075000000000000022e-03 9.414069999999999938e-01 -3.372709999999999875e-01 1.106999999999999911e-03
1.200000000000000000e+01 4.600000000000000000e+01 3.000000000000000000e+01 0.000000000000000000e+00 1.600000000000000089e+00 -4.650000000000000270e-04 2.599999999999999840e-05 -1.000000000000000000e+00 3.349869999999999792e-01 9.422230000000000327e-01 -1.310000000000000129e-04 9.422230000000000327e-01 -3.349869999999999792e-01 -4.470000000000000232e-04
1.100000000000000000e+01 5.800000000000000000e+01 3.100000000000000000e+01 0.000000000000000000e+00 1.600000000000000089e+00 -9.730000000000000151e-04 1.706000000000000051e-03 9.999980000000000535e-01 -7.848789999999999933e-01 -6.196490000000000054e-01 2.939999999999999905e-04 6.196479999999999766e-01 -7.848770000000000469e-01 1.941999999999999933e-03
2.200000000000000000e+01 5.800000000000000000e+01 3.100000000000000000e+01 0.000000000000000000e+00 1.600000000000000089e+00 -2.364000000000000216e-03 2.180000000000000134e-04 9.999970000000000248e-01 -7.919340000000000268e-01 -6.106040000000000356e-01 -1.739000000000000094e-03 6.106019999999999781e-01 -7.919359999999999733e-01 1.616000000000000032e-03
2.600000000000000000e+01 5.800000000000000000e+01 3.100000000000000000e+01 0.000000000000000000e+00 1.600000000000000089e+00 -4.879999999999999898e-04 -2.896000000000000137e-03 9.999959999999999960e-01 -7.911540000000000239e-01 -6.116129999999999622e-01 -2.157000000000000063e-03 6.116160000000000485e-01 -7.911519999999999664e-01 -1.991999999999999847e-03
2.100000000000000000e+01 2.200000000000000000e+01 3.400000000000000000e+01 0.000000000000000000e+00 1.600000000000000089e+00 1.093999999999999920e-03 1.868000000000000086e-03 9.999980000000000535e-01 3.794699999999999740e-01 -9.252029999999999976e-01 1.312999999999999931e-03 9.252029999999999976e-01 3.794680000000000275e-01 -1.721000000000000090e-03
2.100000000000000000e+01 4.300000000000000000e+01 3.400000000000000000e+01 0.000000000000000000e+00 1.600000000000000089e+00 1.175000000000000046e-03 -3.082000000000000104e-03 -9.999949999999999672e-01 -3.319520000000000248e-01 9.432909999999999906e-01 -3.297000000000000017e-03 9.432960000000000234e-01 3.319540000000000268e-01 8.500000000000000611e-05
2.000000000000000000e+00 4.600000000000000000e+01 3.500000000000000000e+01 0.000000000000000000e+00 1.600000000000000089e+00 -1.124999999999999915e-03 8.108999999999999889e-03 -9.999660000000000215e-01 3.866169999999999884e-01 -9.222059999999999702e-01 -7.912999999999999895e-03 -9.222399999999999487e-01 -3.866129999999999844e-01 -2.096999999999999906e-03
7.000000000000000000e+00 4.600000000000000000e+01 3.500000000000000000e+01 0.000000000000000000e+00 1.600000000000000089e+00 -6.809999999999999647e-04 -5.800000000000000034e-04 -1.000000000000000000e+00 3.876879999999999771e-01 -9.217910000000000270e-01 2.709999999999999735e-04 -9.217899999999999983e-01 -3.876879999999999771e-01 8.530000000000000256e-04
1.200000000000000000e+01 4.600000000000000000e+01 3.500000000000000000e+01 0.000000000000000000e+00 1.600000000000000089e+00 1.150000000000000035e-04 -1.100000000000000039e-04 -1.000000000000000000e+00 3.877519999999999856e-01 -9.217640000000000278e-01 1.459999999999999981e-04 -9.217640000000000278e-01 -3.877519999999999856e-01 -6.299999999999999990e-05
1.700000000000000000e+01 4.600000000000000000e+01 3.500000000000000000e+01 0.000000000000000000e+00 1.600000000000000089e+00 4.169999999999999987e-04 1.793000000000000106e-03 -9.999980000000000535e-01 3.875899999999999901e-01 -9.218300000000000383e-01 -1.490999999999999921e-03 -9.218319999999999848e-01 -3.875890000000000168e-01 -1.079000000000000098e-03
2.300000000000000000e+01 4.600000000000000000e+01 3.500000000000000000e+01 0.000000000000000000e+00 1.600000000000000089e+00 -1.206000000000000041e-03 -1.689999999999999879e-04 -9.999989999999999712e-01 3.889380000000000059e-01 -9.212639999999999718e-01 -3.130000000000000187e-04 -9.212630000000000541e-01 -3.889380000000000059e-01 1.175999999999999962e-03
2.700000000000000000e+01 4.600000000000000000e+01 3.500000000000000000e+01 0.000000000000000000e+00 1.600000000000000089e+00 1.552999999999999910e-03 -4.139999999999999583e-03 -9.999900000000000455e-01 3.875930000000000208e-01 -9.218199999999999728e-01 4.419000000000000185e-03 -9.218290000000000095e-01 -3.875959999999999961e-01 1.730000000000000038e-04
2.000000000000000000e+00 9.500000000000000000e+01 3.600000000000000000e+01 0.000000000000000000e+00 1.600000000000000089e+00 -3.330000000000000169e-04 1.984999999999999785e-03 9.999980000000000535e-01 9.958829999999999627e-01 9.064400000000000235e-02 1.520000000000000084e-04 -9.064300000000000135e-02 9.958810000000000162e-01 -2.007999999999999802e-03
7.000000000000000000e+00 9.500000000000000000e+01 3.600000000000000000e+01 0.000000000000000000e+00 1.600000000000000089e+00 -2.516000000000000007e-03 -4.924000000000000425e-03 9.999850000000000128e-01 9.960560000000000525e-01 8.867600000000000482e-02 2.942999999999999870e-03 -8.869000000000000494e-02 9.960480000000000445e-01 4.681000000000000265e-03
1.500000000000000000e+01 9.500000000000000000e+01 3.600000000000000000e+01 0.000000000000000000e+00 1.600000000000000089e+00 -2.184000000000000177e-03 1.889999999999999970e-03 9.999959999999999960e-01 9.964129999999999932e-01 8.459999999999999465e-02 2.017000000000000130e-03 -8.459600000000000453e-02 9.964129999999999932e-01 -2.067999999999999960e-03
1.900000000000000000e+01 9.500000000000000000e+01 3.600000000000000000e+01 0.000000000000000000e+00 1.600000000000000089e+00 -8.798000000000000265e-03 -1.718899999999999942e-02 9.998139999999999805e-01 9.967190000000000216e-01 8.030700000000000338e-02 1.015100000000000030e-02 -8.046599999999999586e-02 9.966220000000000079e-01 1.642599999999999963e-02
2.800000000000000000e+01 9.500000000000000000e+01 3.600000000000000000e+01 0.000000000000000000e+00 1.600000000000000089e+00 5.317999999999999811e-03 -1.114099999999999986e-02 9.999240000000000350e-01 9.967669999999999586e-01 8.023099999999999676e-02 -4.407999999999999592e-03 -8.017599999999999727e-02 9.967139999999999889e-01 1.153200000000000058e-02
3.000000000000000000e+00 2.900000000000000000e+01 4.400000000000000000e+01 0.000000000000000000e+00 1.600000000000000089e+00 4.730999999999999962e-03 4.725000000000000033e-03 -9.999780000000000335e-01 6.699559999999999960e-01 7.423699999999999743e-01 6.676999999999999776e-03 7.423849999999999616e-01 -6.699730000000000407e-01 3.469999999999999777e-04
9.000000000000000000e+00 2.900000000000000000e+01 4.400000000000000000e+01 0.000000000000000000e+00 1.600000000000000089e+00 8.099999999999999561e-04 5.394999999999999622e-03 -9.999850000000000128e-01 6.758950000000000236e-01 7.369839999999999725e-01 4.523000000000000111e-03 7.369970000000000132e-01 -6.758889999999999620e-01 -3.050000000000000194e-03
1.500000000000000000e+01 2.900000000000000000e+01 4.400000000000000000e+01 0.000000000000000000e+00 1.600000000000000089e+00 -2.394999999999999993e-03 2.610000000000000015e-04 -9.999970000000000248e-01 6.813719999999999777e-01 7.319360000000000310e-01 -1.441000000000000007e-03 7.319339999999999735e-01 -6.813730000000000064e-01 -1.930999999999999991e-03
1.900000000000000000e+01 2.900000000000000000e+01 4.400000000000000000e+01 0.000000000000000000e+00 1.600000000000000089e+00 -6.710000000000000469e-04 2.462999999999999912e-03 -9.999970000000000248e-01 6.794440000000000479e-01 7.337259999999999893e-01 1.350999999999999987e-03 7.337270000000000181e-01 -6.794409999999999616e-01 -2.165999999999999957e-03
2.300000000000000000e+01 2.900000000000000000e+01 4.400000000000000000e+01 0.000000000000000000e+00 1.600000000000000089e+00 1.252999999999999991e-03 2.899999999999999800e-03 -9.999949999999999672e-01 6.739899999999999780e-01 7.387340000000000018e-01 2.987000000000000072e-03 7.387390000000000345e-01 -6.739910000000000068e-01 -1.028999999999999967e-03
2.700000000000000000e+01 2.900000000000000000e+01 4.400000000000000000e+01 0.000000000000000000e+00 1.600000000000000089e+00 -2.990000000000000036e-04 1.007999999999999998e-03 -9.999989999999999712e-01 6.731920000000000126e-01 7.394680000000000142e-01 5.439999999999999957e-04 7.394680000000000142e-01 -6.731909999999999838e-01 -8.999999999999999754e-04
6.000000000000000000e+00 6.500000000000000000e+01 4.600000000000000000e+01 0.000000000000000000e+00 1.600000000000000089e+00 -2.467000000000000009e-03 1.835000000000000043e-03 9.999949999999999672e-01 6.840060000000000029e-01 -7.294699999999999518e-01 3.026000000000000044e-03 7.294720000000000093e-01 6.840100000000000069e-01 5.439999999999999957e-04
3.000000000000000000e+01 6.500000000000000000e+01 4.600000000000000000e+01 0.000000000000000000e+00 1.600000000000000089e+00 1.770000000000000089e-03 -4.061999999999999639e-03 9.999900000000000455e-01 6.831159999999999455e-01 -7.302980000000000027e-01 -4.174999999999999892e-03 7.303070000000000395e-01 6.831169999999999742e-01 1.482000000000000027e-03
2.400000000000000000e+01 7.000000000000000000e+01 4.700000000000000000e+01 0.000000000000000000e+00 1.600000000000000089e+00 -4.539999999999999765e-04 6.999999999999999387e-05 -1.000000000000000000e+00 -8.375310000000000255e-01 -5.463900000000000423e-01 3.420000000000000188e-04 -5.463900000000000423e-01 8.375310000000000255e-01 3.069999999999999812e-04
7.000000000000000000e+00 5.000000000000000000e+00 5.100000000000000000e+01 0.000000000000000000e+00 1.600000000000000089e+00 -2.206000000000000062e-03 8.800000000000000530e-03 -9.999590000000000423e-01 4.772680000000000256e-01 -8.787139999999999951e-01 -8.786000000000000407e-03 -8.787549999999999528e-01 -4.772669999999999968e-01 -2.262000000000000122e-03
1.700000000000000000e+01 5.000000000000000000e+00 5.100000000000000000e+01 0.000000000000000000e+00 1.600000000000000089e+00 1.789999999999999925e-03 2.050999999999999872e-03 -9.999959999999999960e-01 4.893919999999999937e-01 -8.720639999999999503e-01 -9.120000000000000502e-04 -8.720620000000000038e-01 -4.893879999999999897e-01 -2.563999999999999873e-03
2.600000000000000000e+01 5.000000000000000000e+00 5.100000000000000000e+01 0.000000000000000000e+00 1.600000000000000089e+00 -1.631999999999999987e-03 1.178999999999999927e-03 -9.999980000000000535e-01 4.800200000000000022e-01 -8.772560000000000358e-01 -1.817999999999999955e-03 -8.772560000000000358e-01 -4.800220000000000042e-01 8.660000000000000163e-04
2.600000000000000000e+01 7.000000000000000000e+00 5.200000000000000000e+01 0.000000000000000000e+00 1.600000000000000089e+00 -2.164000000000000125e-03 2.112000000000000162e-03 -9.999949999999999672e-01 6.991600000000000592e-02 -9.975500000000000478e-01 -2.259000000000000157e-03 -9.975500000000000478e-01 -6.992099999999999704e-02 2.011000000000000201e-03
6.000000000000000000e+00 6.300000000000000000e+01 5.400000000000000000e+01 0.000000000000000000e+00 1.600000000000000089e+00 2.649999999999999903e-04 -1.763999999999999943e-03 9.999980000000000535e-01 -3.501099999999999768e-01 9.367069999999999563e-01 1.745000000000000023e-03 -9.367090000000000138e-01 -3.501099999999999768e-01 -3.690000000000000246e-04
1.200000000000000000e+01 6.300000000000000000e+01 5.400000000000000000e+01 0.000000000000000000e+00 1.600000000000000089e+00 1.242999999999999964e-03 -1.404999999999999999e-03 9.999980000000000535e-01 -3.433740000000000125e-01 9.391969999999999485e-01 1.745999999999999939e-03 -9.391979999999999773e-01 -3.433749999999999858e-01 6.859999999999999779e-04
1.600000000000000000e+01 6.300000000000000000e+01 5.400000000000000000e+01 0.000000000000000000e+00 1.600000000000000089e+00 -2.870000000000000155e-03 -8.799999999999999771e-05 9.999959999999999960e-01 -3.451089999999999991e-01 9.385620000000000074e-01 -9.079999999999999530e-04 -9.385580000000000034e-01 -3.451110000000000011e-01 -2.724999999999999992e-03
2.200000000000000000e+01 6.300000000000000000e+01 5.400000000000000000e+01 0.000000000000000000e+00 1.600000000000000089e+00 9.150000000000000147e-04 1.988000000000000184e-03 9.999980000000000535e-01 -3.502279999999999838e-01 9.366630000000000233e-01 -1.541000000000000052e-03 -9.366640000000000521e-01 -3.502259999999999818e-01 1.552999999999999910e-03
2.500000000000000000e+01 6.300000000000000000e+01 5.400000000000000000e+01 0.000000000000000000e+00 1.600000000000000089e+00 -1.523999999999999964e-03 1.640000000000000019e-04 9.999989999999999712e-01 -3.515280000000000071e-01 9.361770000000000369e-01 -6.899999999999999667e-04 -9.361760000000000081e-01 -3.515289999999999804e-01 -1.368999999999999991e-03
2.000000000000000000e+00 2.500000000000000000e+01 5.500000000000000000e+01 0.000000000000000000e+00 1.600000000000000089e+00 -5.919999999999999698e-04 1.203999999999999992e-03 -9.999989999999999712e-01 -1.223499999999999935e-02 -9.999240000000000350e-01 -1.196999999999999930e-03 -9.999249999999999527e-01 1.223400000000000008e-02 6.070000000000000092e-04
8.000000000000000000e+00 2.500000000000000000e+01 5.500000000000000000e+01 0.000000000000000000e+00 1.600000000000000089e+00 1.412999999999999977e-03 -4.199999999999999768e-05 -9.999989999999999712e-01 -1.081499999999999996e-02 -9.999419999999999975e-01 2.699999999999999899e-05 -9.999409999999999688e-01 1.081499999999999996e-02 -1.412999999999999977e-03
1.500000000000000000e+01 2.500000000000000000e+01 5.500000000000000000e+01 0.000000000000000000e+00 1.600000000000000089e+00 1.029999999999999964e-04 -5.270000000000000162e-04 -1.000000000000000000e+00 -9.955000000000000307e-03 -9.999500000000000055e-01 5.259999999999999919e-04 -9.999500000000000055e-01 9.955000000000000307e-03 -1.090000000000000067e-04
1.700000000000000000e+01 2.500000000000000000e+01 5.500000000000000000e+01 0.000000000000000000e+00 1.600000000000000089e+00 2.689999999999999791e-04 -3.399999999999999973e-05 -1.000000000000000000e+00 -1.028199999999999947e-02 -9.999470000000000303e-01 3.100000000000000135e-05 -9.999470000000000303e-01 1.028199999999999947e-02 -2.689999999999999791e-04
9.000000000000000000e+00 5.800000000000000000e+01 5.900000000000000000e+01 0.000000000000000000e+00 1.600000000000000089e+00 1.010000000000000047e-03 4.989999999999999861e-04 -9.999989999999999712e-01 3.878469999999999973e-01 9.217229999999999590e-01 8.509999999999999769e-04 9.217229999999999590e-01 -3.878480000000000261e-01 7.370000000000000249e-04
5.000000000000000000e+00 7.000000000000000000e+00 6.000000000000000000e+01 0.000000000000000000e+00 1.600000000000000089e+00 -3.530000000000000152e-03 4.297999999999999737e-03 9.999850000000000128e-01 5.662580000000000391e-01 -8.242089999999999694e-01 5.540999999999999918e-03 8.242199999999999527e-01 5.662690000000000223e-01 4.749999999999999990e-04
4.000000000000000000e+00 2.100000000000000000e+01 6.000000000000000000e+01 0.000000000000000000e+00 1.600000000000000089e+00 -2.099999999999999870e-03 -1.663800000000000001e-02 9.998590000000000533e-01 -9.414500000000000646e-02 9.954239999999999755e-01 1.636699999999999960e-02 -9.955559999999999965e-01 -9.409700000000000009e-02 -3.655999999999999962e-03
1.000000000000000000e+01 2.100000000000000000e+01 6.000000000000000000e+01 0.000000000000000000e+00 1.600000000000000089e+00 4.270000000000000249e-04 6.464000000000000128e-03 9.999789999999999512e-01 -9.513900000000000134e-02 9.954429999999999668e-01 -6.394000000000000378e-03 -9.954640000000000155e-01 -9.513399999999999634e-02 1.039999999999999909e-03
1.500000000000000000e+01 2.100000000000000000e+01 6.000000000000000000e+01 0.000000000000000000e+00 1.600000000000000089e+00 3.190000000000000019e-04 -3.838999999999999965e-03 9.999930000000000208e-01 -9.685599999999999765e-02 9.952910000000000368e-01 3.851999999999999955e-03 -9.952980000000000160e-01 -9.685599999999999765e-02 -5.399999999999999798e-05
2.100000000000000000e+01 3.000000000000000000e+00 6.300000000000000000e+01 0.000000000000000000e+00 1.600000000000000089e+00 1.162999999999999971e-03 -6.257999999999999674e-03 9.999799999999999800e-01 -6.158329999999999638e-01 7.878560000000000008e-01 5.647000000000000110e-03 -7.878760000000000208e-01 -6.158270000000000133e-01 -2.938000000000000073e-03
2.800000000000000000e+01 3.000000000000000000e+00 6.300000000000000000e+01 0.000000000000000000e+00 1.600000000000000089e+00 1.152999999999999945e-03 -2.667000000000000100e-03 9.999959999999999960e-01 -6.131529999999999481e-01 7.899589999999999668e-01 2.814000000000000095e-03 -7.899629999999999708e-01 -6.131539999999999768e-01 -7.240000000000000342e-04
1.000000000000000000e+00 2.700000000000000000e+01 6.300000000000000000e+01 0.000000000000000000e+00 1.600000000000000089e+00 -2.678999999999999958e-03 -3.468000000000000162e-03 9.999900000000000455e-01 -2.717689999999999828e-01 9.623589999999999645e-01 2.609000000000000208e-03 -9.623589999999999645e-01 -2.717589999999999728e-01 -3.520999999999999824e-03
5.000000000000000000e+00 2.700000000000000000e+01 6.300000000000000000e+01 0.000000000000000000e+00 1.600000000000000089e+00 -1.374999999999999920e-03 -8.892999999999999863e-03 9.999599999999999600e-01 -2.715219999999999856e-01 9.623969999999999470e-01 8.186000000000000568e-03 -9.624310000000000365e-01 -2.715000000000000191e-01 -3.738000000000000003e-03
9.000000000000000000e+00 2.700000000000000000e+01 6.300000000000000000e+01 0.000000000000000000e+00 1.600000000000000089e+00 4.399999999999999886e-05 -8.186999999999999833e-03 9.999660000000000215e-01 -2.711939999999999906e-01 9.624920000000000142e-01 7.893000000000000710e-03 -9.625249999999999639e-01 -2.711859999999999826e-01 -2.177999999999999815e-03
1.300000000000000000e+01 2.700000000000000000e+01 6.300000000000000000e+01 0.000000000000000000e+00 1.600000000000000089e+00 -1.268999999999999946e-03 -3.543999999999999841e-03 9.999930000000000208e-01 -2.733999999999999764e-01 9.618959999999999733e-01 3.062000000000000052e-03 -9.618999999999999773e-01 -2.733940000000000259e-01 -2.190000000000000106e-03
1.800000000000000000e+01 2.700000000000000000e+01 6.300000000000000000e+01 0.000000000000000000e+00 1.600000000000000089e+00 -4.060000000000000024e-04 -5.420999999999999604e-03 9.999850000000000128e-01 -2.776299999999999879e-01 9.606740000000000279e-01 5.094999999999999703e-03 -9.606879999999999864e-01 -2.776239999999999819e-01 -1.895999999999999899e-03
2.200000000000000000e+01 2.700000000000000000e+01 6.300000000000000000e+01 0.000000000000000000e+00 1.600000000000000089e+00 8.120000000000000048e-04 -2.537999999999999892e-03 9.999959999999999960e-01 -2.805460000000000176e-01 9.598370000000000513e-01 2.664000000000000135e-03 -9.598400000000000265e-01 -2.805469999999999908e-01 6.799999999999999946e-05
2.700000000000000000e+01 2.700000000000000000e+01 6.300000000000000000e+01 0.000000000000000000e+00 1.600000000000000089e+00 3.831999999999999903e-03 3.667999999999999820e-03 9.999860000000000415e-01 -2.785889999999999755e-01 9.604070000000000107e-01 -2.455999999999999850e-03 -9.604030000000000067e-01 -2.785759999999999903e-01 4.701999999999999583e-03
9.000000000000000000e+00 2.600000000000000000e+01 6.400000000000000000e+01 0.000000000000000000e+00 1.600000000000000089e+00 1.088999999999999907e-03 -1.251900000000000061e-02 9.999209999999999487e-01 -3.499459999999999793e-01 9.366919999999999691e-01 1.210800000000000071e-02 -9.367689999999999628e-01 -3.499309999999999921e-01 -3.360999999999999838e-03
1.300000000000000000e+01 2.600000000000000000e+01 6.400000000000000000e+01 0.000000000000000000e+00 1.600000000000000089e+00 -6.999999999999999387e-05 -6.562000000000000124e-03 9.999780000000000335e-01 -3.544590000000000241e-01 9.350519999999999943e-01 6.111000000000000112e-03 -9.350709999999999855e-01 -3.544510000000000161e-01 -2.390999999999999896e-03
1.800000000000000000e+01 2.600000000000000000e+01 6.400000000000000000e+01 0.000000000000000000e+00 1.600000000000000089e+00 7.159999999999999481e-04 -6.381999999999999652e-03 9.999789999999999512e-01 -3.603020000000000111e-01 9.328149999999999498e-01 6.211000000000000375e-03 -9.328349999999999698e-01 -3.602989999999999804e-01 -1.631999999999999987e-03
2.300000000000000000e+01 2.600000000000000000e+01 6.400000000000000000e+01 0.000000000000000000e+00 1.600000000000000089e+00 1.670000000000000043e-03 -2.124000000000000020e-03 9.999959999999999960e-01 -3.658100000000000240e-01 9.306860000000000133e-01 2.588000000000000023e-03 -9.306879999999999598e-01 -3.658129999999999993e-01 7.770000000000000214e-04
6.000000000000000000e+00 2.500000000000000000e+01 7.300000000000000000e+01 0.000000000000000000e+00 1.600000000000000089e+00 1.618000000000000081e-03 2.854999999999999899e-03 9.999949999999999672e-01 7.474439999999999973e-01 -6.643240000000000256e-01 6.870000000000000022e-04 6.643219999999999681e-01 7.474389999999999645e-01 -3.209000000000000047e-03
1.100000000000000000e+01 2.500000000000000000e+01 7.300000000000000000e+01 0.000000000000000000e+00 1.600000000000000089e+00 7.640000000000000306e-04 -6.279999999999999775e-04 9.999989999999999712e-01 7.393990000000000284e-01 -6.732669999999999488e-01 -9.879999999999999460e-04 6.732679999999999776e-01 7.393990000000000284e-01 -5.000000000000000240e-05
