8.000000000000000000e+00 2.500000000000000000e+01 1.000000000000000000e+00 0.000000000000000000e+00 1.600000000000000089e+00 2.307000000000000023e-03 8.050000000000000515e-04 -9.999970000000000248e-01 -5.367530000000000356e-01 -8.437369999999999592e-01 -1.917000000000000084e-03 -8.437360000000000415e-01 5.367560000000000109e-01 -1.515000000000000071e-03
1.500000000000000000e+01 2.500000000000000000e+01 1.000000000000000000e+00 0.000000000000000000e+00 1.600000000000000089e+00 -1.281999999999999936e-03 -1.557999999999999923e-03 -9.999980000000000535e-01 -5.350470000000000503e-01 -8.448200000000000154e-01 2.001999999999999873e-03 -8.448219999999999619e-01 5.350479999999999681e-01 2.489999999999999809e-04
2.100000000000000000e+01 2.500000000000000000e+01 1.000000000000000000e+00 0.000000000000000000e+00 1.600000000000000089e+00 -9.210000000000000521e-04 -1.513000000000000022e-03 -9.999980000000000535e-01 -5.301270000000000149e-01 -8.479170000000000318e-01 1.771000000000000005e-03 -8.479179999999999495e-01 5.301270000000000149e-01 -2.099999999999999884e-05
2.800000000000000000e+01 2.500000000000000000e+01 1.000000000000000000e+00 0.000000000000000000e+00 1.600000000000000089e+00 9.179999999999999792e-04 -2.167999999999999788e-03 -9.999970000000000248e-01 -5.299279999999999546e-01 -8.480419999999999625e-01 1.351999999999999903e-03 -8.480419999999999625e-01 5.299249999999999794e-01 -1.926999999999999894e-03
1.000000000000000000e+00 1.500000000000000000e+01 4.000000000000000000e+00 0.000000000000000000e+00 1.600000000000000089e+00 1.689999999999999879e-04 -9.489999999999999738e-04 9.999989999999999712e-01 3.273490000000000011e-01 -9.449030000000000484e-01 -9.520000000000000467e-04 9.449030000000000484e-01 3.273490000000000011e-01 1.510000000000000112e-04
7.000000000000000000e+00 1.500000000000000000e+01 4.000000000000000000e+00 0.000000000000000000e+00 1.600000000000000089e+00 -2.615000000000000137e-03 -2.717999999999999930e-03 9.999930000000000208e-01 3.228019999999999778e-01 -9.464650000000000007e-01 -1.727999999999999935e-03 9.464630000000000543e-01 3.227949999999999986e-01 3.351999999999999945e-03
1.300000000000000000e+01 1.500000000000000000e+01 4.000000000000000000e+00 0.000000000000000000e+00 1.600000000000000089e+00 2.442000000000000160e-03 7.015999999999999667e-03 9.999719999999999720e-01 3.214469999999999827e-01 -9.469100000000000295e-01 5.858999999999999625e-03 9.469250000000000167e-01 3.214230000000000143e-01 -4.568000000000000012e-03
2.100000000000000000e+01 1.500000000000000000e+01 4.000000000000000000e+00 0.000000000000000000e+00 1.600000000000000089e+00 -4.270999999999999623e-03 -9.627000000000000141e-03 9.999449999999999728e-01 3.200790000000000024e-01 -9.473589999999999511e-01 -7.753999999999999608e-03 9.473810000000000286e-01 3.200290000000000079e-01 7.127999999999999788e-03
2.600000000000000000e+01 1.500000000000000000e+01 4.000000000000000000e+00 0.000000000000000000e+00 1.600000000000000089e+00 -1.240000000000000054e-04 -9.903999999999999609e-03 9.999510000000000343e-01 3.171410000000000062e-01 -9.483319999999999528e-01 -9.353000000000000203e-03 9.483780000000000543e-01 3.171249999999999902e-01 3.258000000000000045e-03
6.000000000000000000e+00 1.600000000000000000e+01 4.000000000000000000e+00 0.000000000000000000e+00 1.600000000000000089e+00 -2.609999999999999907e-03 -3.612000000000000193e-03 9.999900000000000455e-01 3.971979999999999955e-01 -9.177300000000000457e-01 -2.278000000000000077e-03 9.177290000000000170e-01 3.971879999999999855e-01 3.828999999999999938e-03
1.200000000000000000e+01 1.600000000000000000e+01 4.000000000000000000e+00 0.000000000000000000e+00 1.600000000000000089e+00 1.307999999999999918e-03 5.734000000000000381e-03 9.999829999999999552e-01 3.936459999999999959e-01 -9.192500000000000115e-01 4.755999999999999811e-03 9.192609999999999948e-01 3.936330000000000107e-01 -3.459999999999999968e-03
6.000000000000000000e+00 1.010000000000000000e+02 7.000000000000000000e+00 0.000000000000000000e+00 1.600000000000000089e+00 1.982999999999999954e-03 8.360000000000000460e-04 9.999980000000000535e-01 8.859890000000000265e-01 4.637000000000000011e-01 -2.145000000000000205e-03 -4.637009999999999743e-01 8.859920000000000018e-01 1.789999999999999870e-04
1.100000000000000000e+01 1.010000000000000000e+02 7.000000000000000000e+00 0.000000000000000000e+00 1.600000000000000089e+00 2.540999999999999856e-03 -1.531300000000000022e-02 9.998799999999999910e-01 8.866380000000000372e-01 4.624400000000000177e-01 4.828999999999999959e-03 -4.624579999999999802e-01 8.865189999999999459e-01 1.475199999999999949e-02
1.700000000000000000e+01 1.010000000000000000e+02 7.000000000000000000e+00 0.000000000000000000e+00 1.600000000000000089e+00 -6.170000000000000354e-04 -1.479899999999999965e-02 9.998899999999999455e-01 8.894440000000000124e-01 4.569860000000000033e-01 7.313000000000000056e-03 -4.570449999999999791e-01 8.893510000000000026e-01 1.288100000000000009e-02
2.100000000000000000e+01 1.010000000000000000e+02 7.000000000000000000e+00 0.000000000000000000e+00 1.600000000000000089e+00 1.134000000000000025e-03 -1.461400000000000025e-02 9.998930000000000318e-01 8.890400000000000524e-01 4.577950000000000075e-01 5.682999999999999684e-03 -4.578280000000000127e-01 8.889380000000000059e-01 1.351100000000000044e-02
1.000000000000000000e+00 2.500000000000000000e+01 8.000000000000000000e+00 0.000000000000000000e+00 1.600000000000000089e+00 2.530000000000000239e-04 -1.583999999999999905e-03 -9.999989999999999712e-01 4.474730000000000096e-01 8.942970000000000086e-01 -1.304000000000000038e-03 8.942970000000000086e-01 -4.474719999999999809e-01 9.349999999999999587e-04
5.000000000000000000e+00 2.500000000000000000e+01 8.000000000000000000e+00 0.000000000000000000e+00 1.600000000000000089e+00 -1.101999999999999898e-03 -5.281000000000000104e-03 -9.999850000000000128e-01 4.482689999999999730e-01 8.938829999999999831e-01 -5.215000000000000017e-03 8.938979999999999704e-01 -4.482679999999999998e-01 1.381999999999999982e-03
1.300000000000000000e+01 2.500000000000000000e+01 8.000000000000000000e+00 0.000000000000000000e+00 1.600000000000000089e+00 2.669999999999999847e-04 1.342000000000000094e-03 -9.999989999999999712e-01 4.499489999999999879e-01 8.930529999999999857e-01 1.319000000000000077e-03 8.930540000000000145e-01 -4.499489999999999879e-01 -3.649999999999999816e-04
1.800000000000000000e+01 2.500000000000000000e+01 8.000000000000000000e+00 0.000000000000000000e+00 1.600000000000000089e+00 2.760999999999999999e-03 1.108000000000000044e-03 -9.999959999999999960e-01 4.499750000000000139e-01 8.930390000000000272e-01 2.232000000000000043e-03 8.930369999999999697e-01 -4.499790000000000179e-01 1.966999999999999998e-03
2.400000000000000000e+01 2.500000000000000000e+01 8.000000000000000000e+00 0.000000000000000000e+00 1.600000000000000089e+00 -4.809999999999999823e-04 5.779000000000000282e-03 -9.999829999999999552e-01 4.444960000000000022e-01 8.957669999999999799e-01 4.963000000000000397e-03 8.957810000000000494e-01 -4.444859999999999922e-01 -3.000000000000000062e-03
5.000000000000000000e+00 2.400000000000000000e+01 9.000000000000000000e+00 0.000000000000000000e+00 1.600000000000000089e+00 -1.044999999999999922e-03 -6.067000000000000344e-03 -9.999810000000000088e-01 4.543590000000000129e-01 8.907990000000000075e-01 -5.878999999999999677e-03 8.908179999999999987e-01 -4.543570000000000109e-01 1.825999999999999932e-03
1.300000000000000000e+01 2.400000000000000000e+01 9.000000000000000000e+00 0.000000000000000000e+00 1.600000000000000089e+00 3.029999999999999924e-04 4.600000000000000139e-04 -1.000000000000000000e+00 4.548280000000000101e-01 8.905790000000000095e-01 5.479999999999999845e-04 8.905790000000000095e-01 -4.548280000000000101e-01 6.099999999999999872e-05
1.600000000000000000e+01 2.400000000000000000e+01 9.000000000000000000e+00 0.000000000000000000e+00 1.600000000000000089e+00 1.199999999999999895e-03 1.923999999999999929e-03 -9.999970000000000248e-01 4.554279999999999995e-01 8.902700000000000058e-01 2.259999999999999856e-03 8.902719999999999523e-01 -4.554300000000000015e-01 1.920000000000000049e-04
1.900000000000000000e+01 2.400000000000000000e+01 9.000000000000000000e+00 0.000000000000000000e+00 1.600000000000000089e+00 2.736000000000000151e-03 4.899999999999999842e-04 -9.999959999999999960e-01 4.550150000000000028e-01 8.904819999999999958e-01 1.681999999999999901e-03 8.904790000000000205e-01 -4.550179999999999780e-01 2.213999999999999822e-03
2.500000000000000000e+01 2.400000000000000000e+01 9.000000000000000000e+00 0.000000000000000000e+00 1.600000000000000089e+00 -1.920000000000000049e-04 7.263000000000000358e-03 -9.999740000000000295e-01 4.496729999999999894e-01 8.931700000000000195e-01 6.400999999999999572e-03 8.931930000000000147e-01 -4.496600000000000041e-01 -3.436999999999999951e-03
1.000000000000000000e+01 3.100000000000000000e+01 1.200000000000000000e+01 0.000000000000000000e+00 1.600000000000000089e+00 4.330000000000000081e-04 -1.008999999999999914e-03 9.999989999999999712e-01 -1.037599999999999981e-02 9.999460000000000015e-01 1.013999999999999927e-03 -9.999460000000000015e-01 -1.037599999999999981e-02 4.220000000000000118e-04
2.700000000000000000e+01 3.100000000000000000e+01 1.200000000000000000e+01 0.000000000000000000e+00 1.600000000000000089e+00 2.086000000000000180e-03 -4.682999999999999663e-03 9.999869999999999592e-01 -6.785000000000000232e-03 9.999660000000000215e-01 4.696999999999999786e-03 -9.999749999999999472e-01 -6.794999999999999825e-03 2.053999999999999836e-03
4.000000000000000000e+00 3.500000000000000000e+01 1.200000000000000000e+01 0.000000000000000000e+00 1.600000000000000089e+00 1.169999999999999979e-04 1.069000000000000072e-03 -9.999989999999999712e-01 5.111149999999999860e-01 -8.595120000000000537e-01 -8.589999999999999546e-04 -8.595120000000000537e-01 -5.111149999999999860e-01 -6.459999999999999814e-04
9.000000000000000000e+00 3.500000000000000000e+01 1.200000000000000000e+01 0.000000000000000000e+00 1.600000000000000089e+00 -4.409999999999999858e-04 -1.884000000000000041e-03 -9.999980000000000535e-01 5.036739999999999551e-01 -8.638930000000000220e-01 1.405999999999999915e-03 -8.638940000000000508e-01 -5.036720000000000086e-01 1.330000000000000019e-03
1.300000000000000000e+01 3.500000000000000000e+01 1.200000000000000000e+01 0.000000000000000000e+00 1.600000000000000089e+00 6.068999999999999742e-03 -4.834999999999999888e-03 -9.999700000000000255e-01 4.968790000000000151e-01 -8.677899999999999503e-01 7.211000000000000396e-03 -8.677989999999999871e-01 -4.969080000000000163e-01 -2.863999999999999792e-03
1.800000000000000000e+01 3.500000000000000000e+01 1.200000000000000000e+01 0.000000000000000000e+00 1.600000000000000089e+00 6.650000000000000095e-04 -1.810000000000000085e-04 -1.000000000000000000e+00 5.104239999999999888e-01 -8.599229999999999929e-01 4.949999999999999973e-04 -8.599229999999999929e-01 -5.104239999999999888e-01 -4.789999999999999879e-04
2.200000000000000000e+01 3.500000000000000000e+01 1.200000000000000000e+01 0.000000000000000000e+00 1.600000000000000089e+00 -1.855000000000000095e-03 -3.690000000000000246e-04 -9.999980000000000535e-01 5.262790000000000523e-01 -8.503119999999999568e-01 -6.629999999999999609e-04 -8.503100000000000103e-01 -5.262799999999999701e-01 1.771000000000000005e-03
2.900000000000000000e+01 3.500000000000000000e+01 1.200000000000000000e+01 0.000000000000000000e+00 1.600000000000000089e+00 8.710000000000000294e-04 6.027000000000000239e-03 -9.999820000000000375e-01 5.289150000000000240e-01 -8.486620000000000275e-01 -4.654000000000000151e-03 -8.486749999999999572e-01 -5.289009999999999545e-01 -3.925999999999999802e-03
4.000000000000000000e+00 1.200000000000000000e+01 1.500000000000000000e+01 0.000000000000000000e+00 1.600000000000000089e+00 -6.830000000000000134e-04 6.272999999999999930e-03 -9.999799999999999800e-01 -4.688080000000000025e-01 -8.832849999999999868e-01 -5.219999999999999814e-03 -8.832999999999999741e-01 4.687950000000000172e-01 3.543999999999999841e-03
1.100000000000000000e+01 1.200000000000000000e+01 1.500000000000000000e+01 0.000000000000000000e+00 1.600000000000000089e+00 3.620000000000000171e-04 2.775000000000000123e-03 -9.999959999999999960e-01 -4.688459999999999850e-01 -8.832759999999999501e-01 -2.621000000000000066e-03 -8.832799999999999541e-01 4.688450000000000117e-01 9.810000000000001011e-04
1.700000000000000000e+01 1.200000000000000000e+01 1.500000000000000000e+01 0.000000000000000000e+00 1.600000000000000089e+00 3.440000000000000132e-04 -4.670999999999999805e-03 -9.999890000000000168e-01 -4.679099999999999926e-01 -8.837669999999999693e-01 3.967000000000000040e-03 -8.837760000000000060e-01 4.679030000000000133e-01 -2.488999999999999893e-03
2.200000000000000000e+01 1.200000000000000000e+01 1.500000000000000000e+01 0.000000000000000000e+00 1.600000000000000089e+00 -9.060000000000000128e-04 -2.779999999999999919e-03 -9.999959999999999960e-01 -4.666609999999999925e-01 -8.844309999999999672e-01 2.882000000000000013e-03 -8.844359999999999999e-01 4.666620000000000212e-01 -4.960000000000000216e-04
2.800000000000000000e+01 1.200000000000000000e+01 1.500000000000000000e+01 0.000000000000000000e+00 1.600000000000000089e+00 2.052000000000000005e-03 -3.500000000000000073e-03 -9.999919999999999920e-01 -4.653249999999999886e-01 -8.851369999999999516e-01 2.142999999999999940e-03 -8.851379999999999804e-01 4.653169999999999806e-01 -3.445000000000000145e-03
3.000000000000000000e+00 1.100000000000000000e+01 1.600000000000000000e+01 0.000000000000000000e+00 1.600000000000000089e+00 -4.409999999999999858e-04 4.094000000000000417e-03 -9.999909999999999632e-01 -4.107250000000000068e-01 -9.117520000000000069e-01 -3.550999999999999903e-03 -9.117589999999999861e-01 4.107199999999999740e-01 2.083999999999999915e-03
2.200000000000000000e+01 1.100000000000000000e+01 1.600000000000000000e+01 0.000000000000000000e+00 1.600000000000000089e+00 -4.209999999999999875e-04 -3.488000000000000215e-03 -9.999940000000000495e-01 -4.082799999999999763e-01 -9.128500000000000503e-01 3.356000000000000042e-03 -9.128570000000000295e-01 4.082790000000000030e-01 -1.038999999999999993e-03
2.600000000000000000e+01 1.100000000000000000e+01 1.600000000000000000e+01 0.000000000000000000e+00 1.600000000000000089e+00 1.353000000000000036e-03 -5.052000000000000067e-03 -9.999860000000000415e-01 -4.075179999999999914e-01 -9.131879999999999997e-01 4.061999999999999639e-03 -9.131960000000000077e-01 4.075070000000000081e-01 -3.295000000000000186e-03
4.000000000000000000e+00 1.160000000000000000e+02 1.600000000000000000e+01 0.000000000000000000e+00 1.600000000000000089e+00 -8.800000000000000313e-04 -2.405000000000000020e-03 9.999970000000000248e-01 7.577409999999999979e-01 6.525509999999999922e-01 2.236000000000000140e-03 -6.525539999999999674e-01 7.577409999999999979e-01 1.247999999999999977e-03
1.100000000000000000e+01 1.160000000000000000e+02 1.600000000000000000e+01 0.000000000000000000e+00 1.600000000000000089e+00 -2.157000000000000063e-03 -5.839999999999999922e-04 9.999970000000000248e-01 7.059940000000000104e-01 7.082150000000000389e-01 1.936000000000000004e-03 -7.082140000000000102e-01 7.059969999999999857e-01 -1.116000000000000021e-03
2.200000000000000000e+01 1.160000000000000000e+02 1.600000000000000000e+01 0.000000000000000000e+00 1.600000000000000089e+00 -2.820000000000000241e-04 4.960000000000000216e-04 1.000000000000000000e+00 7.600930000000000186e-01 6.498140000000000027e-01 -1.079999999999999960e-04 -6.498140000000000027e-01 7.600930000000000186e-01 -5.599999999999999509e-04
2.600000000000000000e+01 1.160000000000000000e+02 1.600000000000000000e+01 0.000000000000000000e+00 1.600000000000000089e+00 5.039999999999999992e-04 -9.240000000000000166e-04 9.999989999999999712e-01 7.647300000000000209e-01 6.443499999999999783e-01 2.100000000000000087e-04 -6.443499999999999783e-01 7.647300000000000209e-01 1.031000000000000015e-03
1.000000000000000000e+00 2.000000000000000000e+00 1.900000000000000000e+01 0.000000000000000000e+00 1.600000000000000089e+00 -2.170000000000000054e-03 1.382599999999999975e-02 -9.999019999999999575e-01 2.564620000000000233e-01 -9.664540000000000353e-01 -1.392000000000000008e-02 -9.665519999999999667e-01 -2.564670000000000005e-01 -1.448000000000000068e-03
5.000000000000000000e+00 2.000000000000000000e+00 1.900000000000000000e+01 0.000000000000000000e+00 1.600000000000000089e+00 3.883999999999999866e-03 1.776900000000000007e-02 -9.998350000000000293e-01 2.527460000000000262e-01 -9.673969999999999514e-01 -1.621099999999999972e-02 -9.675249999999999684e-01 -2.526410000000000045e-01 -8.248000000000000123e-03
1.400000000000000000e+01 2.000000000000000000e+00 1.900000000000000000e+01 0.000000000000000000e+00 1.600000000000000089e+00 5.399000000000000153e-03 1.605399999999999883e-02 -9.998569999999999958e-01 2.537650000000000183e-01 -9.671619999999999662e-01 -1.415899999999999971e-02 -9.672509999999999719e-01 -2.536519999999999886e-01 -9.296000000000000443e-03
2.200000000000000000e+01 2.000000000000000000e+00 1.900000000000000000e+01 0.000000000000000000e+00 1.600000000000000089e+00 -6.419000000000000226e-03 -2.566900000000000084e-02 -9.996500000000000385e-01 2.713160000000000016e-01 -9.622159999999999602e-01 2.296499999999999930e-02 -9.624690000000000190e-01 -2.710739999999999816e-01 1.314099999999999990e-02
8.000000000000000000e+00 4.000000000000000000e+00 2.000000000000000000e+01 0.000000000000000000e+00 1.600000000000000089e+00 9.770000000000000039e-04 6.106000000000000316e-03 -9.999810000000000088e-01 4.535020000000000162e-01 -8.912409999999999499e-01 -4.998999999999999971e-03 -8.912550000000000194e-01 -4.534889999999999755e-01 -3.638999999999999874e-03
2.000000000000000000e+00 1.300000000000000000e+01 2.000000000000000000e+01 0.000000000000000000e+00 1.600000000000000089e+00 5.079999999999999880e-04 5.569999999999999864e-04 1.000000000000000000e+00 2.570180000000000242e-01 9.664059999999999873e-01 -6.689999999999999983e-04 -9.664059999999999873e-01 2.570180000000000242e-01 3.469999999999999777e-04
7.000000000000000000e+00 1.300000000000000000e+01 2.000000000000000000e+01 0.000000000000000000e+00 1.600000000000000089e+00 -6.880000000000000265e-04 5.291999999999999829e-03 9.999860000000000415e-01 2.588119999999999865e-01 9.659149999999999681e-01 -4.934000000000000018e-03 -9.659269999999999801e-01 2.588050000000000073e-01 -2.033999999999999784e-03
1.100000000000000000e+01 1.300000000000000000e+01 2.000000000000000000e+01 0.000000000000000000e+00 1.600000000000000089e+00 -2.979999999999999793e-04 -1.417999999999999990e-03 9.999989999999999712e-01 2.617650000000000254e-01 9.651309999999999611e-01 1.446000000000000020e-03 -9.651319999999999899e-01 2.617650000000000254e-01 8.399999999999999535e-05
1.800000000000000000e+01 1.300000000000000000e+01 2.000000000000000000e+01 0.000000000000000000e+00 1.600000000000000089e+00 5.699999999999999772e-04 -4.910000000000000085e-04 1.000000000000000000e+00 2.590439999999999965e-01 9.658649999999999736e-01 3.269999999999999795e-04 -9.658649999999999736e-01 2.590439999999999965e-01 6.780000000000000002e-04
2.300000000000000000e+01 1.300000000000000000e+01 2.000000000000000000e+01 0.000000000000000000e+00 1.600000000000000089e+00 7.919999999999999523e-04 1.312999999999999931e-03 9.999989999999999712e-01 2.597240000000000104e-01 9.656820000000000404e-01 -1.474000000000000050e-03 -9.656820000000000404e-01 2.597249999999999837e-01 4.229999999999999819e-04
2.900000000000000000e+01 1.300000000000000000e+01 2.000000000000000000e+01 0.000000000000000000e+00 1.600000000000000089e+00 2.120000000000000031e-04 -2.044999999999999943e-03 9.999980000000000535e-01 2.584980000000000055e-01 9.660100000000000353e-01 1.920000000000000049e-03 -9.660119999999999818e-01 2.584969999999999768e-01 7.330000000000000361e-04
2.000000000000000000e+00 3.000000000000000000e+00 2.500000000000000000e+01 0.000000000000000000e+00 1.600000000000000089e+00 1.023999999999999954e-03 6.537000000000000276e-03 9.999780000000000335e-01 -3.087900000000000020e-02 -9.995020000000000016e-01 6.564999999999999655e-03 9.995230000000000503e-01 -3.088499999999999926e-02 -8.210000000000000067e-04
1.100000000000000000e+01 3.000000000000000000e+00 2.500000000000000000e+01 0.000000000000000000e+00 1.600000000000000089e+00 -9.350000000000000672e-03 -2.534999999999999927e-03 9.999529999999999808e-01 -3.682799999999999963e-02 -9.993170000000000108e-01 -2.876999999999999783e-03 9.992779999999999996e-01 -3.685299999999999687e-02 9.249999999999999542e-03
1.700000000000000000e+01 3.000000000000000000e+00 2.500000000000000000e+01 0.000000000000000000e+00 1.600000000000000089e+00 -2.380000000000000117e-04 6.616000000000000353e-03 9.999780000000000335e-01 -3.330500000000000127e-02 -9.994229999999999503e-01 6.603999999999999627e-03 9.994450000000000278e-01 -3.330299999999999927e-02 4.580000000000000195e-04
2.700000000000000000e+01 3.000000000000000000e+00 2.500000000000000000e+01 0.000000000000000000e+00 1.600000000000000089e+00 -1.186999999999999904e-03 -4.847999999999999879e-03 9.999879999999999880e-01 -4.872900000000000148e-02 -9.988000000000000211e-01 -4.899999999999999842e-03 9.988110000000000044e-01 -4.873399999999999954e-02 9.489999999999999738e-04
2.100000000000000000e+01 4.600000000000000000e+01 3.000000000000000000e+01 0.000000000000000000e+00 1.600000000000000089e+00 -9.349999999999999587e-04 -1.054999999999999948e-03 -9.999989999999999712e-01 3.285179999999999767e-01 9.444970000000000310e-01 -1.302999999999999905e-03 9.444970000000000310e-01 -3.285190000000000055e-01 -5.360000000000000181e-04
2.700000000000000000e+01 4.600000000000000000e+01 3.000000000000000000e+01 0.000000000000000000e+00 1.600000000000000089e+00 2.301999999999999793e-03 2.299999999999999961e-03 -9.999949999999999672e-01 3.293380000000000196e-01 9.442080000000000473e-01 2.929000000000000180e-03 9.442089999999999650e-01 -3.293429999999999969e-01 1.415999999999999941e-03
4.000000000000000000e+00 5.800000000000000000e+01 3.100000000000000000e+01 0.000000000000000000e+00 1.600000000000000089e+00 -4.141999999999999849e-03 -2.465999999999999876e-03 9.999879999999999880e-01 -7.681689999999999907e-01 -6.402299999999999658e-01 -4.760999999999999607e-03 6.402339999999999698e-01 -7.681799999999999740e-01 7.569999999999999689e-04
1.400000000000000000e+01 5.800000000000000000e+01 3.100000000000000000e+01 0.000000000000000000e+00 1.600000000000000089e+00 4.310000000000000137e-04 4.921000000000000027e-03 9.999879999999999880e-01 -7.706349999999999589e-01 -6.372679999999999456e-01 3.468000000000000162e-03 6.372769999999999824e-01 -7.706269999999999509e-01 3.517999999999999860e-03
2.200000000000000000e+01 5.800000000000000000e+01 3.100000000000000000e+01 0.000000000000000000e+00 1.600000000000000089e+00 -1.539999999999999919e-03 -3.281000000000000062e-03 9.999930000000000208e-01 -7.669399999999999551e-01 -6.417100000000000026e-01 -3.286999999999999991e-03 6.417169999999999819e-01 -7.669399999999999551e-01 -1.528000000000000061e-03
2.600000000000000000e+01 5.800000000000000000e+01 3.100000000000000000e+01 0.000000000000000000e+00 1.600000000000000089e+00 -2.033000000000000085e-03 -4.309000000000000330e-03 9.999890000000000168e-01 -7.675870000000000193e-01 -6.409310000000000285e-01 -4.322000000000000321e-03 6.409420000000000117e-01 -7.675870000000000193e-01 -2.004999999999999838e-03
2.800000000000000000e+01 5.800000000000000000e+01 3.100000000000000000e+01 0.000000000000000000e+00 1.600000000000000089e+00 -2.566999999999999837e-03 -5.630999999999999721e-03 9.999810000000000088e-01 -7.675939999999999985e-01 -6.409120000000000372e-01 -5.578999999999999758e-03 6.409310000000000285e-01 -7.675939999999999985e-01 -2.677000000000000126e-03
1.000000000000000000e+00 4.600000000000000000e+01 3.500000000000000000e+01 0.000000000000000000e+00 1.600000000000000089e+00 5.119999999999999768e-04 2.445000000000000125e-03 -9.999970000000000248e-01 3.939570000000000016e-01 -9.191270000000000273e-01 -2.044999999999999943e-03 -9.191289999999999738e-01 -3.939549999999999996e-01 -1.433000000000000029e-03
5.000000000000000000e+00 4.600000000000000000e+01 3.500000000000000000e+01 0.000000000000000000e+00 1.600000000000000089e+00 -2.200000000000000078e-04 -1.095999999999999969e-03 -9.999989999999999712e-01 3.924960000000000115e-01 -9.197530000000000427e-01 9.210000000000000521e-04 -9.197539999999999605e-01 -3.924949999999999828e-01 6.329999999999999906e-04
8.000000000000000000e+00 4.600000000000000000e+01 3.500000000000000000e+01 0.000000000000000000e+00 1.600000000000000089e+00 3.150000000000000131e-04 -3.010000000000000089e-03 -9.999949999999999672e-01 3.928400000000000225e-01 -9.196020000000000305e-01 2.892000000000000039e-03 -9.196069999999999522e-01 -3.928400000000000225e-01 8.930000000000000221e-04
1.400000000000000000e+01 4.600000000000000000e+01 3.500000000000000000e+01 0.000000000000000000e+00 1.600000000000000089e+00 1.825000000000000016e-03 -1.222999999999999912e-03 -9.999980000000000535e-01 3.933530000000000082e-01 -9.193860000000000365e-01 1.842000000000000104e-03 -9.193860000000000365e-01 -3.933550000000000102e-01 -1.196000000000000014e-03
2.200000000000000000e+01 4.600000000000000000e+01 3.500000000000000000e+01 0.000000000000000000e+00 1.600000000000000089e+00 3.750000000000000078e-04 -1.038000000000000077e-03 -9.999989999999999712e-01 3.926950000000000163e-01 -9.196680000000000410e-01 1.101999999999999898e-03 -9.196689999999999587e-01 -3.926950000000000163e-01 6.299999999999999990e-05
2.600000000000000000e+01 4.600000000000000000e+01 3.500000000000000000e+01 0.000000000000000000e+00 1.600000000000000089e+00 -5.800000000000000034e-05 -1.849999999999999973e-04 -1.000000000000000000e+00 3.909000000000000252e-01 -9.204329999999999457e-01 1.479999999999999925e-04 -9.204329999999999457e-01 -3.909000000000000252e-01 1.259999999999999998e-04
6.000000000000000000e+00 9.500000000000000000e+01 3.600000000000000000e+01 0.000000000000000000e+00 1.600000000000000089e+00 7.619999999999999820e-04 -7.216000000000000192e-03 9.999740000000000295e-01 9.971600000000000463e-01 7.531300000000000494e-02 -2.169999999999999891e-04 -7.531000000000000194e-02 9.971339999999999648e-01 7.252999999999999899e-03
4.000000000000000000e+00 3.000000000000000000e+00 4.300000000000000000e+01 0.000000000000000000e+00 1.600000000000000089e+00 1.868000000000000086e-03 -1.049999999999999935e-03 -9.999980000000000535e-01 7.299550000000000205e-01 -6.834919999999999884e-01 2.080999999999999951e-03 -6.834930000000000172e-01 -7.299569999999999670e-01 -5.109999999999999525e-04
8.000000000000000000e+00 3.000000000000000000e+00 4.300000000000000000e+01 0.000000000000000000e+00 1.600000000000000089e+00 2.380999999999999870e-03 -1.072799999999999969e-02 -9.999400000000000510e-01 7.355580000000000451e-01 -6.774019999999999486e-01 9.018999999999999240e-03 -6.774580000000000046e-01 -7.355350000000000499e-01 6.277999999999999726e-03
1.200000000000000000e+01 3.000000000000000000e+00 4.300000000000000000e+01 0.000000000000000000e+00 1.600000000000000089e+00 -1.190000000000000058e-04 -3.179400000000000281e-02 -9.994939999999999936e-01 7.441429999999999989e-01 -6.676860000000000017e-01 2.115099999999999966e-02 -6.680209999999999759e-01 -7.437639999999999807e-01 2.373899999999999968e-02
1.400000000000000000e+01 3.000000000000000000e+00 4.300000000000000000e+01 0.000000000000000000e+00 1.600000000000000089e+00 -4.031999999999999994e-03 -2.844500000000000153e-02 -9.995870000000000033e-01 7.481179999999999497e-01 -6.633759999999999657e-01 1.585999999999999910e-02 -6.635539999999999772e-01 -7.477449999999999930e-01 2.395500000000000060e-02
2.100000000000000000e+01 3.000000000000000000e+00 4.300000000000000000e+01 0.000000000000000000e+00 1.600000000000000089e+00 -9.990000000000001049e-04 2.320099999999999940e-02 -9.997300000000000075e-01 7.539280000000000426e-01 -6.567619999999999569e-01 -1.599499999999999880e-02 -6.569559999999999844e-01 -7.537409999999999943e-01 -1.683600000000000027e-02
2.800000000000000000e+01 3.000000000000000000e+00 4.300000000000000000e+01 0.000000000000000000e+00 1.600000000000000089e+00 -4.389999999999999914e-04 3.142999999999999960e-03 -9.999949999999999672e-01 7.426340000000000163e-01 -6.696929999999999827e-01 -2.431000000000000001e-03 -6.696969999999999867e-01 -7.426310000000000411e-01 -2.040000000000000147e-03
3.000000000000000000e+00 8.000000000000000000e+00 4.400000000000000000e+01 0.000000000000000000e+00 1.600000000000000089e+00 -1.258000000000000004e-03 4.597000000000000391e-03 9.999890000000000168e-01 -7.813740000000000130e-01 -6.240599999999999481e-01 1.886000000000000090e-03 6.240620000000000056e-01 -7.813630000000000297e-01 4.376999999999999814e-03
1.400000000000000000e+01 8.000000000000000000e+00 4.400000000000000000e+01 0.000000000000000000e+00 1.600000000000000089e+00 -4.976999999999999653e-03 -1.159999999999999920e-02 9.999200000000000310e-01 -7.839850000000000430e-01 -6.206810000000000382e-01 -1.110300000000000002e-02 6.207599999999999785e-01 -7.839770000000000350e-01 -6.004999999999999921e-03
2.100000000000000000e+01 8.000000000000000000e+00 4.400000000000000000e+01 0.000000000000000000e+00 1.600000000000000089e+00 2.344999999999999862e-03 5.292999999999999962e-03 9.999829999999999552e-01 -7.894039999999999946e-01 -6.138529999999999820e-01 5.100000000000000366e-03 6.138700000000000268e-01 -7.894029999999999658e-01 2.737999999999999982e-03
2.500000000000000000e+01 8.000000000000000000e+00 4.400000000000000000e+01 0.000000000000000000e+00 1.600000000000000089e+00 3.883000000000000167e-03 4.981000000000000184e-03 9.999799999999999800e-01 -7.893310000000000048e-01 -6.139369999999999550e-01 6.122999999999999970e-03 6.139550000000000285e-01 -7.893400000000000416e-01 1.547999999999999897e-03
2.900000000000000000e+01 8.000000000000000000e+00 4.400000000000000000e+01 0.000000000000000000e+00 1.600000000000000089e+00 1.423000000000000003e-03 2.554999999999999979e-03 9.999959999999999960e-01 -7.886950000000000349e-01 -6.147789999999999644e-01 2.693000000000000081e-03 6.147829999999999684e-01 -7.886959999999999527e-01 1.141000000000000087e-03
2.000000000000000000e+00 2.900000000000000000e+01 4.400000000000000000e+01 0.000000000000000000e+00 1.600000000000000089e+00 2.066000000000000128e-03 1.688000000000000047e-03 -9.999959999999999960e-01 6.484760000000000524e-01 7.612299999999999622e-01 2.625000000000000163e-03 7.612320000000000197e-01 -6.484790000000000276e-01 4.780000000000000178e-04
4.000000000000000000e+00 2.900000000000000000e+01 4.400000000000000000e+01 0.000000000000000000e+00 1.600000000000000089e+00 9.020000000000000240e-04 1.309999999999999967e-03 -9.999989999999999712e-01 6.488169999999999771e-01 7.609430000000000360e-01 1.582000000000000073e-03 7.609439999999999538e-01 -6.488180000000000058e-01 -1.640000000000000019e-04
1.000000000000000000e+01 2.900000000000000000e+01 4.400000000000000000e+01 0.000000000000000000e+00 1.600000000000000089e+00 -2.357000000000000154e-03 3.260000000000000094e-04 -9.999970000000000248e-01 6.486070000000000446e-01 7.611219999999999652e-01 -1.281000000000000021e-03 7.611200000000000188e-01 -6.486079999999999623e-01 -2.005999999999999971e-03
1.500000000000000000e+01 2.900000000000000000e+01 4.400000000000000000e+01 0.000000000000000000e+00 1.600000000000000089e+00 1.056999999999999997e-03 -4.490000000000000176e-04 -9.999989999999999712e-01 6.517060000000000075e-01 7.584720000000000351e-01 3.480000000000000020e-04 7.584710000000000063e-01 -6.517049999999999788e-01 1.093999999999999920e-03
2.400000000000000000e+01 2.900000000000000000e+01 4.400000000000000000e+01 0.000000000000000000e+00 1.600000000000000089e+00 8.840000000000000201e-04 5.850000000000000165e-04 -1.000000000000000000e+00 6.566490000000000382e-01 7.541949999999999488e-01 1.021999999999999905e-03 7.541959999999999775e-01 -6.566499999999999559e-01 2.820000000000000241e-04
2.800000000000000000e+01 2.900000000000000000e+01 4.400000000000000000e+01 0.000000000000000000e+00 1.600000000000000089e+00 1.061000000000000094e-03 -6.200000000000000270e-05 -9.999989999999999712e-01 6.549719999999999986e-01 7.556530000000000191e-01 6.480000000000000300e-04 7.556519999999999904e-01 -6.549719999999999986e-01 8.429999999999999993e-04
3.000000000000000000e+00 6.500000000000000000e+01 4.600000000000000000e+01 0.000000000000000000e+00 1.600000000000000089e+00 -4.769999999999999934e-04 -2.739999999999999814e-03 9.999959999999999960e-01 6.813510000000000399e-01 -7.319539999999999935e-01 -1.680000000000000070e-03 7.319560000000000510e-01 6.813479999999999537e-01 2.216000000000000088e-03
1.700000000000000000e+01 7.000000000000000000e+01 4.700000000000000000e+01 0.000000000000000000e+00 1.600000000000000089e+00 1.843999999999999936e-03 -5.932999999999999906e-03 -9.999810000000000088e-01 -8.427639999999999576e-01 -5.382810000000000095e-01 1.639999999999999965e-03 -5.382799999999999807e-01 8.427449999999999664e-01 -5.993000000000000063e-03
8.000000000000000000e+00 5.000000000000000000e+00 5.100000000000000000e+01 0.000000000000000000e+00 1.600000000000000089e+00 3.455000000000000172e-03 -2.684999999999999887e-03 -9.999900000000000455e-01 4.794869999999999965e-01 -8.775399999999999867e-01 4.013000000000000074e-03 -8.775420000000000442e-01 -4.794959999999999778e-01 -1.745000000000000023e-03
1.200000000000000000e+01 5.000000000000000000e+00 5.100000000000000000e+01 0.000000000000000000e+00 1.600000000000000089e+00 -2.602999999999999845e-03 -1.465499999999999962e-02 -9.998890000000000278e-01 4.785690000000000222e-01 -8.779730000000000034e-01 1.162200000000000039e-02 -8.780459999999999932e-01 -4.784860000000000224e-01 9.298999999999999974e-03
1.800000000000000000e+01 5.000000000000000000e+00 5.100000000000000000e+01 0.000000000000000000e+00 1.600000000000000089e+00 1.925999999999999978e-03 5.086000000000000243e-03 -9.999850000000000128e-01 4.727899999999999880e-01 -8.811679999999999513e-01 -3.570999999999999956e-03 -8.811729999999999841e-01 -4.727759999999999740e-01 -4.101999999999999744e-03
2.900000000000000000e+01 5.000000000000000000e+00 5.100000000000000000e+01 0.000000000000000000e+00 1.600000000000000089e+00 2.563000000000000174e-03 4.124000000000000062e-03 -9.999879999999999880e-01 4.648619999999999974e-01 -8.853799999999999448e-01 -2.459999999999999947e-03 -8.853799999999999448e-01 -4.648499999999999854e-01 -4.186999999999999750e-03
2.000000000000000000e+01 1.150000000000000000e+02 5.100000000000000000e+01 0.000000000000000000e+00 1.600000000000000089e+00 6.560000000000000076e-04 2.320000000000000014e-04 1.000000000000000000e+00 8.484099999999999975e-01 -5.293400000000000327e-01 -4.339999999999999782e-04 5.293390000000000040e-01 8.484099999999999975e-01 -5.450000000000000200e-04
6.000000000000000000e+00 6.300000000000000000e+01 5.400000000000000000e+01 0.000000000000000000e+00 1.600000000000000089e+00 -1.180000000000000059e-03 4.400000000000000265e-03 9.999900000000000455e-01 -3.418869999999999965e-01 9.397299999999999542e-01 -4.538999999999999632e-03 -9.397400000000000198e-01 -3.418880000000000252e-01 3.959999999999999762e-04
1.300000000000000000e+01 6.300000000000000000e+01 5.400000000000000000e+01 0.000000000000000000e+00 1.600000000000000089e+00 9.849999999999999815e-04 -4.719999999999999803e-04 9.999989999999999712e-01 -3.351790000000000047e-01 9.421540000000000470e-01 7.749999999999999728e-04 -9.421540000000000470e-01 -3.351799999999999780e-01 7.699999999999999597e-04
1.800000000000000000e+01 6.300000000000000000e+01 5.400000000000000000e+01 0.000000000000000000e+00 1.600000000000000089e+00 1.698000000000000074e-03 -9.049999999999999885e-04 9.999980000000000535e-01 -3.400460000000000149e-01 9.404080000000000217e-01 1.428999999999999932e-03 -9.404069999999999929e-01 -3.400480000000000169e-01 1.288999999999999998e-03
2.300000000000000000e+01 6.300000000000000000e+01 5.400000000000000000e+01 0.000000000000000000e+00 1.600000000000000089e+00 1.768999999999999956e-03 1.036999999999999944e-03 9.999980000000000535e-01 -3.463100000000000067e-01 9.381199999999999539e-01 -3.600000000000000227e-04 -9.381180000000000074e-01 -3.463089999999999780e-01 2.018999999999999961e-03
4.000000000000000000e+00 2.500000000000000000e+01 5.500000000000000000e+01 0.000000000000000000e+00 1.600000000000000089e+00 -6.890000000000000508e-04 -4.730000000000000046e-04 -1.000000000000000000e+00 -1.175000000000000003e-02 -9.999310000000000143e-01 4.809999999999999823e-04 -9.999310000000000143e-01 1.175000000000000003e-02 6.830000000000000134e-04
8.000000000000000000e+00 2.500000000000000000e+01 5.500000000000000000e+01 0.000000000000000000e+00 1.600000000000000089e+00 1.523999999999999964e-03 -2.105000000000000100e-03 -9.999970000000000248e-01 -1.194600000000000002e-02 -9.999259999999999815e-01 2.086999999999999880e-03 -9.999270000000000103e-01 1.194300000000000049e-02 -1.549000000000000030e-03
1.100000000000000000e+01 2.500000000000000000e+01 5.500000000000000000e+01 0.000000000000000000e+00 1.600000000000000089e+00 1.631999999999999987e-03 6.930000000000000396e-04 -9.999980000000000535e-01 -1.269400000000000042e-02 -9.999190000000000023e-01 -7.140000000000000079e-04 -9.999179999999999735e-01 1.269499999999999969e-02 -1.623000000000000094e-03
1.700000000000000000e+01 2.500000000000000000e+01 5.500000000000000000e+01 0.000000000000000000e+00 1.600000000000000089e+00 9.950000000000000077e-04 4.457000000000000024e-03 -9.999900000000000455e-01 -9.990999999999999881e-03 -9.999400000000000510e-01 -4.466999999999999617e-03 -9.999500000000000055e-01 9.995000000000000412e-03 -9.510000000000000224e-04
6.000000000000000000e+00 2.100000000000000000e+01 6.000000000000000000e+01 0.000000000000000000e+00 1.600000000000000089e+00 8.949999999999999623e-04 -7.674000000000000266e-03 9.999700000000000255e-01 -9.436100000000000043e-02 9.955079999999999485e-01 7.723999999999999963e-03 -9.955380000000000340e-01 -9.436600000000000543e-02 1.669999999999999935e-04
1.500000000000000000e+01 2.100000000000000000e+01 6.000000000000000000e+01 0.000000000000000000e+00 1.600000000000000089e+00 1.930000000000000021e-04 -1.628000000000000107e-03 9.999989999999999712e-01 -9.524100000000000621e-02 9.954530000000000323e-01 1.639000000000000049e-03 -9.954539999999999500e-01 -9.524100000000000621e-02 3.699999999999999811e-05
1.900000000000000000e+01 2.100000000000000000e+01 6.000000000000000000e+01 0.000000000000000000e+00 1.600000000000000089e+00 -7.730000000000000326e-04 -5.749999999999999903e-04 1.000000000000000000e+00 -9.469500000000000139e-02 9.955060000000000020e-01 4.989999999999999861e-04 -9.955060000000000020e-01 -9.469400000000000039e-02 -8.239999999999999712e-04
2.200000000000000000e+01 2.100000000000000000e+01 6.000000000000000000e+01 0.000000000000000000e+00 1.600000000000000089e+00 -1.740999999999999926e-03 -3.645999999999999935e-03 9.999919999999999920e-01 -9.550200000000000355e-02 9.954229999999999468e-01 3.462999999999999932e-03 -9.954279999999999795e-01 -9.549499999999999655e-02 -2.080999999999999951e-03
2.800000000000000000e+01 2.100000000000000000e+01 6.000000000000000000e+01 0.000000000000000000e+00 1.600000000000000089e+00 1.240000000000000054e-04 2.331000000000000173e-03 9.999970000000000248e-01 -9.428000000000000269e-02 9.955429999999999557e-01 -2.308999999999999855e-03 -9.955460000000000420e-01 -9.427900000000000169e-02 3.429999999999999889e-04
1.100000000000000000e+01 6.700000000000000000e+01 6.000000000000000000e+01 0.000000000000000000e+00 1.600000000000000089e+00 -1.396000000000000105e-03 -3.168999999999999942e-03 9.999940000000000495e-01 1.744650000000000090e-01 -9.846589999999999510e-01 -2.876999999999999783e-03 9.846620000000000372e-01 1.744600000000000040e-01 1.928000000000000026e-03
