1.200000000000000000e+01 1.700000000000000000e+01 3.000000000000000000e+00 0.000000000000000000e+00 1.600000000000000089e+00 -2.818400000000000072e-02 -1.768899999999999986e-02 -9.994459999999999456e-01 -7.128360000000000252e-01 -7.005770000000000053e-01 3.250100000000000211e-02 -7.007640000000000535e-01 7.133570000000000189e-01 7.135999999999999982e-03
6.000000000000000000e+00 1.010000000000000000e+02 7.000000000000000000e+00 0.000000000000000000e+00 1.600000000000000089e+00 4.730000000000000046e-04 2.267500000000000071e-02 9.997430000000000483e-01 8.878509999999999458e-01 4.600029999999999952e-01 -1.085299999999999980e-02 -4.601310000000000122e-01 8.876279999999999726e-01 -1.991400000000000114e-02
2.700000000000000000e+01 1.010000000000000000e+02 7.000000000000000000e+00 0.000000000000000000e+00 1.600000000000000089e+00 -2.173000000000000018e-03 -1.119999999999999983e-04 9.999980000000000535e-01 8.880510000000000348e-01 4.597410000000000108e-01 1.981000000000000122e-03 -4.597399999999999820e-01 8.880529999999999813e-01 -8.989999999999999511e-04
7.000000000000000000e+00 2.500000000000000000e+01 8.000000000000000000e+00 0.000000000000000000e+00 1.600000000000000089e+00 1.716000000000000077e-03 4.302000000000000268e-03 -9.999890000000000168e-01 4.397139999999999938e-01 8.981259999999999799e-01 4.618999999999999842e-03 8.981360000000000454e-01 -4.397179999999999978e-01 -3.499999999999999964e-04
1.000000000000000000e+01 2.500000000000000000e+01 8.000000000000000000e+00 0.000000000000000000e+00 1.600000000000000089e+00 6.679999999999999740e-04 8.533000000000000654e-03 -9.999630000000000463e-01 4.381530000000000147e-01 8.988650000000000251e-01 7.962999999999999592e-03 8.989000000000000323e-01 -4.381430000000000047e-01 -3.138000000000000164e-03
1.300000000000000000e+01 2.500000000000000000e+01 8.000000000000000000e+00 0.000000000000000000e+00 1.600000000000000089e+00 2.590000000000000071e-04 3.014000000000000186e-03 -9.999949999999999672e-01 4.375580000000000025e-01 8.991860000000000408e-01 2.824000000000000121e-03 8.991900000000000448e-01 -4.375569999999999737e-01 -1.085999999999999943e-03
2.100000000000000000e+01 2.500000000000000000e+01 8.000000000000000000e+00 0.000000000000000000e+00 1.600000000000000089e+00 -9.500000000000000523e-05 2.635000000000000189e-03 -9.999959999999999960e-01 4.378799999999999915e-01 8.990299999999999958e-01 2.327000000000000075e-03 8.990329999999999711e-01 -4.378779999999999895e-01 -1.239000000000000084e-03
2.500000000000000000e+01 2.500000000000000000e+01 8.000000000000000000e+00 0.000000000000000000e+00 1.600000000000000089e+00 1.005999999999999950e-03 4.395999999999999734e-03 -9.999900000000000455e-01 4.393799999999999928e-01 8.982900000000000329e-01 4.390999999999999938e-03 8.983010000000000161e-01 -4.393799999999999928e-01 -1.028000000000000051e-03
2.900000000000000000e+01 2.500000000000000000e+01 8.000000000000000000e+00 0.000000000000000000e+00 1.600000000000000089e+00 2.027000000000000156e-03 -3.229999999999999798e-03 -9.999930000000000208e-01 4.402820000000000067e-01 8.978580000000000449e-01 -2.007999999999999802e-03 8.978570000000000162e-01 -4.402739999999999987e-01 3.242000000000000090e-03
1.000000000000000000e+00 2.400000000000000000e+01 9.000000000000000000e+00 0.000000000000000000e+00 1.600000000000000089e+00 8.300000000000000086e-04 -9.924000000000000529e-03 -9.999500000000000055e-01 4.493519999999999737e-01 8.933149999999999702e-01 -8.491999999999999549e-03 8.933550000000000102e-01 -4.493219999999999992e-01 5.199999999999999761e-03
7.000000000000000000e+00 2.400000000000000000e+01 9.000000000000000000e+00 0.000000000000000000e+00 1.600000000000000089e+00 2.121000000000000055e-03 5.158000000000000258e-03 -9.999850000000000128e-01 4.461979999999999835e-01 8.949169999999999625e-01 5.563000000000000236e-03 8.949319999999999498e-01 -4.462019999999999875e-01 -4.040000000000000080e-04
1.400000000000000000e+01 2.400000000000000000e+01 9.000000000000000000e+00 0.000000000000000000e+00 1.600000000000000089e+00 2.059999999999999928e-04 9.330000000000000186e-04 -1.000000000000000000e+00 4.442639999999999922e-01 8.958960000000000257e-01 9.280000000000000054e-04 8.958960000000000257e-01 -4.442639999999999922e-01 -2.300000000000000070e-04
2.000000000000000000e+01 2.400000000000000000e+01 9.000000000000000000e+00 0.000000000000000000e+00 1.600000000000000089e+00 -2.590000000000000071e-04 4.000000000000000192e-04 -1.000000000000000000e+00 4.442869999999999875e-01 8.958850000000000424e-01 2.429999999999999977e-04 8.958850000000000424e-01 -4.442869999999999875e-01 -4.090000000000000211e-04
2.400000000000000000e+01 2.400000000000000000e+01 9.000000000000000000e+00 0.000000000000000000e+00 1.600000000000000089e+00 -3.159999999999999832e-04 5.664999999999999897e-03 -9.999839999999999840e-01 4.456550000000000233e-01 8.951909999999999590e-01 4.930000000000000354e-03 8.952050000000000285e-01 -4.456459999999999866e-01 -2.808000000000000166e-03
2.800000000000000000e+01 2.400000000000000000e+01 9.000000000000000000e+00 0.000000000000000000e+00 1.600000000000000089e+00 1.694999999999999892e-03 1.450000000000000009e-04 -9.999989999999999712e-01 4.475839999999999819e-01 8.942409999999999526e-01 8.880000000000000089e-04 8.942400000000000349e-01 -4.475850000000000106e-01 1.451000000000000033e-03
2.100000000000000000e+01 8.000000000000000000e+00 1.000000000000000000e+01 0.000000000000000000e+00 1.600000000000000089e+00 -1.194059999999999983e-01 -4.020800000000000068e-02 -9.920309999999999961e-01 -9.869360000000000355e-01 -1.040500000000000036e-01 1.230099999999999943e-01 -1.081659999999999983e-01 9.937589999999999479e-01 -2.725800000000000098e-02
2.900000000000000000e+01 3.000000000000000000e+00 1.100000000000000000e+01 0.000000000000000000e+00 1.600000000000000089e+00 1.230200000000000043e-02 -1.064819999999999933e-01 9.942379999999999551e-01 1.928429999999999866e-01 -9.753950000000000120e-01 -1.068500000000000005e-01 9.811530000000000529e-01 1.930459999999999954e-01 8.534999999999999185e-03
2.700000000000000000e+01 3.100000000000000000e+01 1.200000000000000000e+01 0.000000000000000000e+00 1.600000000000000089e+00 -9.690000000000000262e-04 4.850000000000000144e-03 9.999879999999999880e-01 -3.105899999999999980e-02 9.995060000000000056e-01 -4.877000000000000259e-03 -9.995169999999999888e-01 -3.106300000000000033e-02 -8.180000000000000422e-04
5.000000000000000000e+00 3.500000000000000000e+01 1.200000000000000000e+01 0.000000000000000000e+00 1.600000000000000089e+00 -2.618999999999999800e-03 3.540000000000000178e-03 -9.999900000000000455e-01 4.111090000000000022e-01 -9.115760000000000529e-01 -4.303999999999999666e-03 -9.115820000000000034e-01 -4.111170000000000102e-01 9.319999999999999942e-04
9.000000000000000000e+00 3.500000000000000000e+01 1.200000000000000000e+01 0.000000000000000000e+00 1.600000000000000089e+00 -2.356000000000000021e-03 3.625000000000000184e-03 -9.999909999999999632e-01 4.254700000000000149e-01 -9.049620000000000442e-01 -4.283000000000000348e-03 -9.049690000000000234e-01 -4.254760000000000209e-01 5.900000000000000296e-04
1.800000000000000000e+01 3.500000000000000000e+01 1.200000000000000000e+01 0.000000000000000000e+00 1.600000000000000089e+00 -1.453000000000000081e-03 4.377999999999999947e-03 -9.999890000000000168e-01 4.564380000000000104e-01 -8.897439999999999793e-01 -4.558999999999999685e-03 -8.897540000000000449e-01 -4.564400000000000124e-01 -7.050000000000000060e-04
2.100000000000000000e+01 3.500000000000000000e+01 1.200000000000000000e+01 0.000000000000000000e+00 1.600000000000000089e+00 -2.537999999999999892e-03 4.557000000000000287e-03 -9.999860000000000415e-01 4.603079999999999949e-01 -8.877439999999999776e-01 -5.213999999999999885e-03 -8.877549999999999608e-01 -4.603149999999999742e-01 1.559999999999999972e-04
6.000000000000000000e+00 3.200000000000000000e+01 1.400000000000000000e+01 0.000000000000000000e+00 1.600000000000000089e+00 5.029999999999999749e-04 1.110000000000000011e-04 -1.000000000000000000e+00 1.235269999999999979e-01 9.923410000000000286e-01 1.730000000000000038e-04 9.923410000000000286e-01 -1.235269999999999979e-01 4.850000000000000253e-04
1.300000000000000000e+01 1.200000000000000000e+01 1.600000000000000000e+01 0.000000000000000000e+00 1.600000000000000089e+00 2.527999999999999865e-03 -9.495800000000000074e-02 9.954779999999999740e-01 2.060790000000000122e-01 -9.740640000000000409e-01 -9.343899999999999428e-02 9.785319999999999574e-01 2.053830000000000100e-01 1.710599999999999968e-02
6.000000000000000000e+00 1.300000000000000000e+01 1.600000000000000000e+01 0.000000000000000000e+00 1.600000000000000089e+00 5.993000000000000063e-03 -5.892599999999999921e-02 9.982440000000000202e-01 1.400299999999999878e-01 -9.883769999999999500e-01 -5.918400000000000050e-02 9.901290000000000369e-01 1.401380000000000126e-01 2.328000000000000208e-03
1.300000000000000000e+01 1.160000000000000000e+02 1.600000000000000000e+01 0.000000000000000000e+00 1.600000000000000089e+00 4.810000000000000039e-03 1.023999999999999954e-03 9.999879999999999880e-01 6.674080000000000013e-01 7.446810000000000374e-01 -3.972999999999999969e-03 -7.446760000000000046e-01 6.674189999999999845e-01 2.897999999999999968e-03
1.000000000000000000e+00 2.000000000000000000e+00 1.900000000000000000e+01 0.000000000000000000e+00 1.600000000000000089e+00 1.520000000000000084e-03 -1.078600000000000045e-02 -9.999409999999999688e-01 2.944910000000000028e-01 -9.555940000000000545e-01 1.075500000000000067e-02 -9.556529999999999747e-01 -2.944899999999999740e-01 1.724000000000000055e-03
1.400000000000000000e+01 2.000000000000000000e+00 1.900000000000000000e+01 0.000000000000000000e+00 1.600000000000000089e+00 1.214299999999999928e-02 -5.182799999999999907e-02 -9.985819999999999697e-01 3.320159999999999778e-01 -9.417879999999999585e-01 5.291799999999999976e-02 -9.431960000000000344e-01 -3.321879999999999833e-01 5.772000000000000221e-03
2.200000000000000000e+01 2.000000000000000000e+00 1.900000000000000000e+01 0.000000000000000000e+00 1.600000000000000089e+00 1.285400000000000084e-02 -6.807799999999999963e-02 -9.975969999999999560e-01 3.630749999999999811e-01 -9.292690000000000117e-01 6.809300000000000075e-02 -9.316710000000000269e-01 -3.630769999999999831e-01 1.277299999999999963e-02
2.600000000000000000e+01 2.000000000000000000e+00 1.900000000000000000e+01 0.000000000000000000e+00 1.600000000000000089e+00 1.398100000000000037e-02 -5.729999999999999677e-02 -9.982590000000000074e-01 3.661760000000000015e-01 -9.287090000000000067e-01 5.843600000000000183e-02 -9.304409999999999625e-01 -3.663560000000000150e-01 7.997000000000000636e-03
5.000000000000000000e+00 3.000000000000000000e+00 1.900000000000000000e+01 0.000000000000000000e+00 1.600000000000000089e+00 8.156999999999999321e-03 -1.708600000000000049e-02 -9.998209999999999598e-01 3.229069999999999996e-01 -9.462439999999999740e-01 1.880499999999999880e-02 -9.463960000000000150e-01 -3.230020000000000113e-01 -2.201999999999999964e-03
1.000000000000000000e+01 3.000000000000000000e+00 1.900000000000000000e+01 0.000000000000000000e+00 1.600000000000000089e+00 1.117499999999999917e-02 -3.291199999999999681e-02 -9.993959999999999511e-01 3.319699999999999873e-01 -9.426489999999999592e-01 3.475500000000000117e-02 -9.432239999999999513e-01 -3.321580000000000088e-01 3.910000000000000172e-04
1.600000000000000000e+01 3.000000000000000000e+00 1.900000000000000000e+01 0.000000000000000000e+00 1.600000000000000089e+00 1.344399999999999935e-02 -5.634700000000000125e-02 -9.983210000000000139e-01 3.421950000000000269e-01 -9.378649999999999487e-01 5.754299999999999693e-02 -9.395329999999999515e-01 -3.423939999999999761e-01 6.673000000000000112e-03
2.900000000000000000e+01 3.000000000000000000e+00 1.900000000000000000e+01 0.000000000000000000e+00 1.600000000000000089e+00 1.554999999999999959e-02 -3.428400000000000197e-02 -9.992910000000000403e-01 3.356839999999999824e-01 -9.412270000000000358e-01 3.751499999999999974e-02 -9.418459999999999610e-01 -3.360299999999999954e-01 -3.127000000000000005e-03
5.000000000000000000e+00 4.000000000000000000e+00 2.000000000000000000e+01 0.000000000000000000e+00 1.600000000000000089e+00 7.173999999999999821e-03 -1.841100000000000028e-02 -9.998050000000000548e-01 4.345519999999999938e-01 -9.004309999999999814e-01 1.969900000000000123e-02 -9.006180000000000296e-01 -4.346090000000000231e-01 1.541000000000000052e-03
1.000000000000000000e+01 4.000000000000000000e+00 2.000000000000000000e+01 0.000000000000000000e+00 1.600000000000000089e+00 7.992000000000000839e-03 -3.407500000000000112e-02 -9.993870000000000253e-01 4.292529999999999957e-01 -9.025360000000000049e-01 3.420499999999999929e-02 -9.031489999999999796e-01 -4.292639999999999789e-01 7.413999999999999584e-03
1.700000000000000000e+01 4.000000000000000000e+00 2.000000000000000000e+01 0.000000000000000000e+00 1.600000000000000089e+00 9.440000000000000474e-03 -5.475200000000000206e-02 -9.984549999999999814e-01 4.097160000000000246e-01 -9.106250000000000178e-01 5.380999999999999672e-02 -9.121639999999999748e-01 -4.095909999999999829e-01 1.383599999999999934e-02
2.000000000000000000e+00 1.300000000000000000e+01 2.000000000000000000e+01 0.000000000000000000e+00 1.600000000000000089e+00 6.299999999999999990e-05 2.776999999999999955e-03 9.999959999999999960e-01 3.091320000000000179e-01 9.510150000000000547e-01 -2.660000000000000038e-03 -9.510189999999999477e-01 3.091309999999999891e-01 -7.979999999999999897e-04
6.000000000000000000e+00 1.300000000000000000e+01 2.000000000000000000e+01 0.000000000000000000e+00 1.600000000000000089e+00 3.469999999999999777e-04 1.100499999999999916e-02 9.999390000000000223e-01 3.050550000000000206e-01 9.522760000000000113e-01 -1.058599999999999992e-02 -9.523350000000000426e-01 3.050399999999999778e-01 -3.027000000000000177e-03
1.400000000000000000e+01 1.300000000000000000e+01 2.000000000000000000e+01 0.000000000000000000e+00 1.600000000000000089e+00 4.452000000000000228e-03 -8.052000000000000129e-03 9.999580000000000135e-01 2.762229999999999963e-01 9.610720000000000374e-01 6.509000000000000029e-03 -9.610830000000000206e-01 2.761819999999999831e-01 6.503000000000000100e-03
1.900000000000000000e+01 1.300000000000000000e+01 2.000000000000000000e+01 0.000000000000000000e+00 1.600000000000000089e+00 5.959999999999999586e-04 6.920000000000000153e-04 1.000000000000000000e+00 2.627240000000000131e-01 9.648710000000000342e-01 -8.239999999999999712e-04 -9.648710000000000342e-01 2.627240000000000131e-01 3.930000000000000117e-04
2.300000000000000000e+01 1.300000000000000000e+01 2.000000000000000000e+01 0.000000000000000000e+00 1.600000000000000089e+00 -7.100000000000000462e-05 3.830000000000000071e-03 9.999930000000000208e-01 2.604339999999999988e-01 9.654850000000000376e-01 -3.678999999999999979e-03 -9.654920000000000169e-01 2.604319999999999968e-01 -1.066000000000000107e-03
2.800000000000000000e+01 1.300000000000000000e+01 2.000000000000000000e+01 0.000000000000000000e+00 1.600000000000000089e+00 6.099999999999999872e-05 -2.308999999999999855e-03 9.999970000000000248e-01 2.588929999999999843e-01 9.659039999999999848e-01 2.214999999999999955e-03 -9.659060000000000423e-01 2.588920000000000110e-01 6.570000000000000319e-04
2.000000000000000000e+00 1.600000000000000000e+01 2.100000000000000000e+01 0.000000000000000000e+00 1.600000000000000089e+00 -1.789999999999999870e-04 -4.930000000000000354e-03 9.999879999999999880e-01 3.088810000000000167e-01 9.510889999999999622e-01 4.743999999999999953e-03 -9.511009999999999742e-01 3.088790000000000147e-01 1.353000000000000036e-03
2.000000000000000000e+00 5.000000000000000000e+01 2.200000000000000000e+01 0.000000000000000000e+00 1.600000000000000089e+00 -2.053999999999999836e-03 -3.216999999999999808e-03 -9.999930000000000208e-01 -5.804589999999999472e-01 8.142880000000000118e-01 -1.427000000000000100e-03 8.142869999999999830e-01 5.804510000000000502e-01 -3.540000000000000178e-03
2.500000000000000000e+01 3.000000000000000000e+00 2.500000000000000000e+01 0.000000000000000000e+00 1.600000000000000089e+00 1.493000000000000056e-02 -4.019299999999999956e-02 9.990799999999999681e-01 -2.556999999999999811e-03 -9.991900000000000226e-01 -4.015900000000000025e-02 9.998850000000000238e-01 -1.955000000000000140e-03 -1.502099999999999963e-02
2.000000000000000000e+01 4.600000000000000000e+01 2.700000000000000000e+01 0.000000000000000000e+00 1.600000000000000089e+00 1.092000000000000089e-03 9.160000000000000390e-04 -9.999989999999999712e-01 6.777440000000000131e-01 7.352959999999999496e-01 1.413999999999999892e-03 7.352969999999999784e-01 -6.777450000000000419e-01 1.820000000000000057e-04
4.000000000000000000e+00 4.600000000000000000e+01 3.000000000000000000e+01 0.000000000000000000e+00 1.600000000000000089e+00 -2.090000000000000115e-04 -1.245000000000000013e-03 -9.999989999999999712e-01 3.290100000000000247e-01 9.443259999999999987e-01 -1.245000000000000013e-03 9.443259999999999987e-01 -3.290100000000000247e-01 2.120000000000000031e-04
1.700000000000000000e+01 4.600000000000000000e+01 3.000000000000000000e+01 0.000000000000000000e+00 1.600000000000000089e+00 5.209999999999999788e-04 7.439999999999999782e-04 -1.000000000000000000e+00 3.303189999999999737e-01 9.438689999999999580e-01 8.750000000000000182e-04 9.438689999999999580e-01 -3.303189999999999737e-01 2.460000000000000164e-04
4.000000000000000000e+00 5.800000000000000000e+01 3.100000000000000000e+01 0.000000000000000000e+00 1.600000000000000089e+00 -2.013000000000000032e-03 -8.419999999999999750e-04 9.999980000000000535e-01 -8.002540000000000209e-01 -5.996569999999999956e-01 -2.115999999999999825e-03 5.996569999999999956e-01 -8.002569999999999961e-01 5.330000000000000536e-04
9.000000000000000000e+00 5.800000000000000000e+01 3.100000000000000000e+01 0.000000000000000000e+00 1.600000000000000089e+00 3.562000000000000062e-03 -3.469999999999999777e-04 9.999940000000000495e-01 -8.019089999999999829e-01 -5.974399999999999711e-01 2.648999999999999879e-03 5.974359999999999671e-01 -8.019129999999999869e-01 -2.406000000000000152e-03
1.600000000000000000e+01 5.800000000000000000e+01 3.100000000000000000e+01 0.000000000000000000e+00 1.600000000000000089e+00 1.376000000000000053e-03 -1.129999999999999955e-04 9.999989999999999712e-01 -8.047840000000000549e-01 -5.935669999999999558e-01 1.039999999999999909e-03 5.935660000000000380e-01 -8.047849999999999726e-01 -9.079999999999999530e-04
2.100000000000000000e+01 5.800000000000000000e+01 3.100000000000000000e+01 0.000000000000000000e+00 1.600000000000000089e+00 -1.832999999999999994e-03 -1.466000000000000072e-03 9.999970000000000248e-01 -8.078689999999999483e-01 -5.893580000000000485e-01 -2.344999999999999862e-03 5.893589999999999662e-01 -8.078710000000000058e-01 -1.039999999999999936e-04
2.600000000000000000e+01 5.800000000000000000e+01 3.100000000000000000e+01 0.000000000000000000e+00 1.600000000000000089e+00 -5.462999999999999974e-03 -3.983000000000000429e-03 9.999770000000000048e-01 -8.106299999999999617e-01 -5.855200000000000404e-01 -6.760999999999999649e-03 5.855339999999999989e-01 -8.106480000000000352e-01 -3.000000000000000076e-05
3.000000000000000000e+01 6.000000000000000000e+00 3.200000000000000000e+01 0.000000000000000000e+00 1.600000000000000089e+00 -8.670000000000000406e-04 -1.339300000000000039e-02 -9.999099999999999655e-01 6.290999999999999370e-02 9.979289999999999550e-01 -1.342100000000000064e-02 9.980189999999999895e-01 -6.291599999999999970e-02 -2.300000000000000002e-05
7.000000000000000000e+00 4.600000000000000000e+01 3.500000000000000000e+01 0.000000000000000000e+00 1.600000000000000089e+00 5.019999999999999506e-04 -5.170000000000000116e-03 -9.999860000000000415e-01 3.914250000000000229e-01 -9.201970000000000427e-01 4.954000000000000070e-03 -9.202099999999999724e-01 -3.914219999999999922e-01 1.562000000000000020e-03
1.300000000000000000e+01 4.600000000000000000e+01 3.500000000000000000e+01 0.000000000000000000e+00 1.600000000000000089e+00 1.940000000000000101e-03 2.609000000000000208e-03 -9.999949999999999672e-01 3.913170000000000259e-01 -9.202540000000000164e-01 -1.642000000000000013e-03 -9.202540000000000164e-01 -3.913119999999999932e-01 -2.805999999999999901e-03
1.800000000000000000e+01 4.600000000000000000e+01 3.500000000000000000e+01 0.000000000000000000e+00 1.600000000000000089e+00 -6.660000000000000338e-04 -2.288000000000000103e-03 -9.999970000000000248e-01 3.907959999999999767e-01 -9.204750000000000432e-01 1.845999999999999985e-03 -9.204769999999999897e-01 -3.907939999999999747e-01 1.507000000000000093e-03
2.200000000000000000e+01 4.600000000000000000e+01 3.500000000000000000e+01 0.000000000000000000e+00 1.600000000000000089e+00 -5.370000000000000424e-04 -2.416999999999999878e-03 -9.999970000000000248e-01 3.912720000000000087e-01 -9.202730000000000077e-01 2.014000000000000165e-03 -9.202749999999999542e-01 -3.912700000000000067e-01 1.440000000000000091e-03
2.900000000000000000e+01 4.600000000000000000e+01 3.500000000000000000e+01 0.000000000000000000e+00 1.600000000000000089e+00 4.929999999999999487e-04 7.839999999999999747e-04 -1.000000000000000000e+00 3.915739999999999776e-01 -9.201470000000000482e-01 -5.280000000000000405e-04 -9.201470000000000482e-01 -3.915730000000000044e-01 -7.609999999999999577e-04
2.700000000000000000e+01 3.000000000000000000e+00 4.300000000000000000e+01 0.000000000000000000e+00 1.600000000000000089e+00 1.304999999999999953e-03 -9.724000000000000005e-03 -9.999519999999999520e-01 7.425629999999999731e-01 -6.697340000000000515e-01 7.481999999999999935e-03 -6.697750000000000092e-01 -7.425370000000000026e-01 6.347000000000000211e-03
5.000000000000000000e+00 2.900000000000000000e+01 4.400000000000000000e+01 0.000000000000000000e+00 1.600000000000000089e+00 1.353000000000000036e-03 6.639999999999999852e-04 -9.999989999999999712e-01 6.594189999999999774e-01 7.517740000000000533e-01 1.392000000000000008e-03 7.517740000000000533e-01 -6.594200000000000061e-01 5.789999999999999791e-04
9.000000000000000000e+00 2.900000000000000000e+01 4.400000000000000000e+01 0.000000000000000000e+00 1.600000000000000089e+00 1.830999999999999945e-03 -3.145999999999999925e-03 -9.999930000000000208e-01 6.607669999999999932e-01 7.505899999999999794e-01 -1.150999999999999896e-03 7.505880000000000329e-01 -6.607610000000000428e-01 3.452999999999999906e-03
1.500000000000000000e+01 2.900000000000000000e+01 4.400000000000000000e+01 0.000000000000000000e+00 1.600000000000000089e+00 2.889999999999999774e-04 -3.595999999999999804e-03 -9.999930000000000208e-01 6.637380000000000502e-01 7.479609999999999870e-01 -2.497999999999999787e-03 7.479649999999999910e-01 -6.637330000000000174e-01 2.602999999999999845e-03
2.300000000000000000e+01 2.900000000000000000e+01 4.400000000000000000e+01 0.000000000000000000e+00 1.600000000000000089e+00 3.917999999999999608e-03 6.459999999999999814e-04 -9.999919999999999920e-01 6.650610000000000133e-01 7.467829999999999746e-01 3.089000000000000166e-03 7.467789999999999706e-01 -6.650679999999999925e-01 2.495999999999999955e-03
2.400000000000000000e+01 5.000000000000000000e+00 5.100000000000000000e+01 0.000000000000000000e+00 1.600000000000000089e+00 1.183999999999999940e-03 -1.491600000000000044e-02 -9.998879999999999990e-01 4.829089999999999772e-01 -8.755640000000000089e-01 1.363299999999999929e-02 -8.756699999999999484e-01 -4.828709999999999947e-01 6.165999999999999606e-03
2.400000000000000000e+01 1.150000000000000000e+02 5.100000000000000000e+01 0.000000000000000000e+00 1.600000000000000089e+00 -2.301999999999999793e-03 3.240999999999999957e-03 9.999919999999999920e-01 8.457949999999999635e-01 -5.334959999999999702e-01 3.676000000000000014e-03 5.335029999999999495e-01 8.457970000000000210e-01 -1.513000000000000022e-03
6.000000000000000000e+00 7.000000000000000000e+00 5.200000000000000000e+01 0.000000000000000000e+00 1.600000000000000089e+00 -7.471000000000000210e-03 -3.693999999999999801e-03 -9.999649999999999928e-01 1.392549999999999899e-01 -9.902530000000000499e-01 2.618000000000000101e-03 -9.902279999999999971e-01 -1.392299999999999927e-01 7.912999999999999895e-03
2.000000000000000000e+00 6.300000000000000000e+01 5.400000000000000000e+01 0.000000000000000000e+00 1.600000000000000089e+00 8.610000000000000032e-04 1.172000000000000082e-03 9.999989999999999712e-01 -3.516150000000000109e-01 9.361450000000000049e-01 -7.950000000000000252e-04 -9.361439999999999761e-01 -3.516130000000000089e-01 1.217999999999999899e-03
6.000000000000000000e+00 6.300000000000000000e+01 5.400000000000000000e+01 0.000000000000000000e+00 1.600000000000000089e+00 1.154000000000000078e-03 3.461000000000000101e-03 9.999930000000000208e-01 -3.480579999999999785e-01 9.374689999999999968e-01 -2.843000000000000041e-03 -9.374719999999999720e-01 -3.480530000000000013e-01 2.285999999999999838e-03
1.200000000000000000e+01 6.300000000000000000e+01 5.400000000000000000e+01 0.000000000000000000e+00 1.600000000000000089e+00 -9.510000000000000224e-04 8.729999999999999696e-04 9.999989999999999712e-01 -3.489630000000000232e-01 9.371359999999999690e-01 -1.149999999999999981e-03 -9.371359999999999690e-01 -3.489639999999999964e-01 -5.860000000000000408e-04
1.700000000000000000e+01 6.300000000000000000e+01 5.400000000000000000e+01 0.000000000000000000e+00 1.600000000000000089e+00 1.918000000000000000e-03 7.870000000000000476e-04 9.999980000000000535e-01 -3.502419999999999978e-01 9.366590000000000193e-01 -6.499999999999999431e-05 -9.366569999999999618e-01 -3.502410000000000245e-01 2.073000000000000190e-03
2.200000000000000000e+01 6.300000000000000000e+01 5.400000000000000000e+01 0.000000000000000000e+00 1.600000000000000089e+00 -1.226000000000000093e-03 -3.510999999999999798e-03 9.999930000000000208e-01 -3.529900000000000260e-01 9.356229999999999825e-01 2.851999999999999934e-03 -9.356259999999999577e-01 -3.529840000000000200e-01 -2.386999999999999799e-03
2.700000000000000000e+01 6.300000000000000000e+01 5.400000000000000000e+01 0.000000000000000000e+00 1.600000000000000089e+00 -2.347999999999999827e-03 -3.671999999999999917e-03 9.999900000000000455e-01 -3.515769999999999729e-01 9.361549999999999594e-01 2.612000000000000172e-03 -9.361559999999999881e-01 -3.515670000000000184e-01 -3.490000000000000047e-03
7.000000000000000000e+00 2.500000000000000000e+01 5.500000000000000000e+01 0.000000000000000000e+00 1.600000000000000089e+00 8.739999999999999939e-04 -2.657000000000000074e-03 -9.999959999999999960e-01 -1.315400000000000076e-02 -9.999099999999999655e-01 2.645999999999999915e-03 -9.999130000000000518e-01 1.315200000000000050e-02 -9.089999999999999773e-04
1.300000000000000000e+01 2.500000000000000000e+01 5.500000000000000000e+01 0.000000000000000000e+00 1.600000000000000089e+00 1.665999999999999946e-03 -4.414999999999999654e-03 -9.999890000000000168e-01 -1.314199999999999917e-02 -9.999040000000000150e-01 4.393000000000000203e-03 -9.999120000000000230e-01 1.313399999999999984e-02 -1.724000000000000055e-03
1.600000000000000000e+01 2.500000000000000000e+01 5.500000000000000000e+01 0.000000000000000000e+00 1.600000000000000089e+00 2.895000000000000004e-03 -5.879999999999999810e-03 -9.999789999999999512e-01 -1.438299999999999995e-02 -9.998799999999999910e-01 5.838000000000000307e-03 -9.998920000000000030e-01 1.436600000000000030e-02 -2.978999999999999877e-03
2.900000000000000000e+01 2.500000000000000000e+01 5.500000000000000000e+01 0.000000000000000000e+00 1.600000000000000089e+00 -1.807000000000000012e-03 -8.111999999999999419e-03 -9.999649999999999928e-01 -1.528299999999999971e-02 -9.998500000000000165e-01 8.139000000000000401e-03 -9.998820000000000485e-01 1.529699999999999983e-02 1.683000000000000034e-03
2.600000000000000000e+01 5.800000000000000000e+01 5.900000000000000000e+01 0.000000000000000000e+00 1.600000000000000089e+00 -3.289999999999999739e-04 -5.518999999999999601e-03 -9.999850000000000128e-01 3.943980000000000263e-01 9.189249999999999918e-01 -5.200999999999999894e-03 9.189399999999999791e-01 -3.943929999999999936e-01 1.874999999999999931e-03
5.000000000000000000e+00 2.100000000000000000e+01 6.000000000000000000e+01 0.000000000000000000e+00 1.600000000000000089e+00 -1.147999999999999932e-03 8.050000000000000515e-04 9.999989999999999712e-01 -9.762400000000000244e-02 9.952229999999999688e-01 -9.129999999999999661e-04 -9.952229999999999688e-01 -9.762500000000000344e-02 -1.064000000000000059e-03
1.900000000000000000e+01 6.000000000000000000e+00 6.100000000000000000e+01 0.000000000000000000e+00 1.600000000000000089e+00 1.043000000000000090e-03 2.386999999999999799e-03 9.999970000000000248e-01 5.666010000000000213e-01 -8.239910000000000290e-01 1.374999999999999920e-03 8.239919999999999467e-01 5.665980000000000461e-01 -2.211999999999999991e-03
9.000000000000000000e+00 3.000000000000000000e+00 6.300000000000000000e+01 0.000000000000000000e+00 1.600000000000000089e+00 6.449999999999999570e-04 -1.337000000000000081e-03 9.999989999999999712e-01 -6.159160000000000190e-01 7.878110000000000390e-01 1.449999999999999900e-03 -7.878119999999999568e-01 -6.159160000000000190e-01 -3.150000000000000131e-04
4.000000000000000000e+00 2.700000000000000000e+01 6.300000000000000000e+01 0.000000000000000000e+00 1.600000000000000089e+00 1.126999999999999964e-03 3.795999999999999895e-03 9.999919999999999920e-01 -2.716680000000000206e-01 9.623850000000000460e-01 -3.347000000000000149e-03 -9.623899999999999677e-01 -2.716620000000000146e-01 2.115999999999999825e-03
7.000000000000000000e+00 2.700000000000000000e+01 6.300000000000000000e+01 0.000000000000000000e+00 1.600000000000000089e+00 1.925999999999999978e-03 3.693999999999999801e-03 9.999909999999999632e-01 -2.685919999999999974e-01 9.632490000000000219e-01 -3.040999999999999866e-03 -9.632519999999999971e-01 -2.685830000000000162e-01 2.847000000000000138e-03
1.000000000000000000e+01 2.700000000000000000e+01 6.300000000000000000e+01 0.000000000000000000e+00 1.600000000000000089e+00 1.778000000000000067e-03 7.690999999999999920e-03 9.999689999999999968e-01 -2.668079999999999896e-01 9.637250000000000538e-01 -6.936999999999999590e-03 -9.637480000000000491e-01 -2.667869999999999964e-01 3.765999999999999816e-03
1.500000000000000000e+01 2.700000000000000000e+01 6.300000000000000000e+01 0.000000000000000000e+00 1.600000000000000089e+00 1.910000000000000022e-03 1.113500000000000080e-02 9.999360000000000470e-01 -2.660460000000000047e-01 9.639060000000000406e-01 -1.022600000000000071e-02 -9.639579999999999815e-01 -2.660100000000000242e-01 4.804000000000000110e-03
2.000000000000000000e+01 2.700000000000000000e+01 6.300000000000000000e+01 0.000000000000000000e+00 1.600000000000000089e+00 -6.560000000000000076e-04 5.931999999999999773e-03 9.999820000000000375e-01 -2.663409999999999944e-01 9.638609999999999678e-01 -5.891999999999999668e-03 -9.638790000000000413e-01 -2.663400000000000212e-01 9.470000000000000336e-04
1.100000000000000000e+01 2.600000000000000000e+01 6.400000000000000000e+01 0.000000000000000000e+00 1.600000000000000089e+00 1.301999999999999989e-03 7.933000000000000815e-03 9.999679999999999680e-01 -3.505829999999999780e-01 9.365059999999999496e-01 -6.973000000000000032e-03 -9.365310000000000024e-01 -3.505619999999999847e-01 4.001000000000000216e-03
1.500000000000000000e+01 2.600000000000000000e+01 6.400000000000000000e+01 0.000000000000000000e+00 1.600000000000000089e+00 2.203999999999999796e-03 1.049199999999999959e-02 9.999430000000000263e-01 -3.481029999999999958e-01 9.374120000000000230e-01 -9.069000000000000672e-03 -9.374540000000000095e-01 -3.480630000000000113e-01 5.717999999999999992e-03
2.000000000000000000e+01 2.600000000000000000e+01 6.400000000000000000e+01 0.000000000000000000e+00 1.600000000000000089e+00 -1.471000000000000085e-03 8.352999999999999314e-03 9.999639999999999640e-01 -3.444240000000000079e-01 9.387769999999999726e-01 -8.347999999999999518e-03 -9.388130000000000086e-01 -3.444240000000000079e-01 1.495999999999999934e-03
7.000000000000000000e+00 5.400000000000000000e+01 6.500000000000000000e+01 0.000000000000000000e+00 1.600000000000000089e+00 -3.583629999999999871e-01 -2.942859999999999920e-01 8.859860000000000513e-01 3.146800000000000291e-02 -9.522859999999999658e-01 -3.035800000000000165e-01 9.330519999999999925e-01 -8.091199999999999781e-02 3.505249999999999755e-01
4.000000000000000000e+00 6.900000000000000000e+01 6.600000000000000000e+01 0.000000000000000000e+00 1.600000000000000089e+00 -4.787999999999999722e-03 -6.074999999999999671e-03 9.999700000000000255e-01 -9.519699999999999829e-01 3.061789999999999790e-01 -2.697999999999999877e-03 -3.061530000000000085e-01 -9.519549999999999956e-01 -7.250000000000000368e-03
9.000000000000000000e+00 2.500000000000000000e+01 7.300000000000000000e+01 0.000000000000000000e+00 1.600000000000000089e+00 -5.379999999999999583e-04 -3.544999999999999974e-03 9.999940000000000495e-01 7.513539999999999663e-01 -6.598969999999999558e-01 -1.935000000000000088e-03 6.598990000000000133e-01 7.513480000000000159e-01 3.018999999999999982e-03
1.600000000000000000e+01 2.500000000000000000e+01 7.300000000000000000e+01 0.000000000000000000e+00 1.600000000000000089e+00 -4.679999999999999915e-04 2.556000000000000112e-03 9.999970000000000248e-01 7.469630000000000436e-01 -6.648629999999999818e-01 2.049000000000000040e-03 6.648659999999999570e-01 7.469609999999999861e-01 -1.598000000000000028e-03
1.900000000000000000e+01 2.500000000000000000e+01 7.300000000000000000e+01 0.000000000000000000e+00 1.600000000000000089e+00 -1.791000000000000057e-03 2.160000000000000028e-03 9.999959999999999960e-01 7.466749999999999776e-01 -6.651829999999999687e-01 2.773999999999999990e-03 6.651860000000000550e-01 7.466770000000000351e-01 -4.209999999999999875e-04
2.500000000000000000e+01 2.500000000000000000e+01 7.300000000000000000e+01 0.000000000000000000e+00 1.600000000000000089e+00 1.111000000000000008e-03 1.332000000000000068e-03 9.999989999999999712e-01 7.550909999999999567e-01 -6.556199999999999806e-01 3.399999999999999973e-05 6.556189999999999518e-01 7.550900000000000389e-01 -1.734000000000000081e-03
1.900000000000000000e+01 4.400000000000000000e+01 7.300000000000000000e+01 0.000000000000000000e+00 1.600000000000000089e+00 -1.931999999999999907e-03 6.315000000000000301e-03 9.999780000000000335e-01 5.803599999999999731e-02 -9.982940000000000147e-01 6.415999999999999828e-03 9.983130000000000059e-01 5.804700000000000137e-02 1.562000000000000020e-03
2.300000000000000000e+01 4.400000000000000000e+01 7.300000000000000000e+01 0.000000000000000000e+00 1.600000000000000089e+00 -1.490999999999999921e-03 -3.886000000000000131e-03 9.999909999999999632e-01 5.639600000000000168e-02 -9.984009999999999829e-01 -3.795000000000000196e-03 9.984070000000000444e-01 5.639000000000000262e-02 1.708000000000000100e-03
4.000000000000000000e+00 6.400000000000000000e+01 7.300000000000000000e+01 0.000000000000000000e+00 1.600000000000000089e+00 -7.299879999999999702e-01 -6.148390000000000244e-01 2.984809999999999963e-01 -4.235799999999999982e-02 -3.951819999999999777e-01 -9.176260000000000527e-01 6.821460000000000301e-01 -6.824989999999999668e-01 2.624349999999999739e-01
3.000000000000000000e+00 7.000000000000000000e+01 7.300000000000000000e+01 0.000000000000000000e+00 1.600000000000000089e+00 -5.446670000000000122e-01 -7.087170000000000414e-01 4.483949999999999880e-01 6.009599999999999664e-02 -5.662700000000000511e-01 -8.220260000000000344e-01 8.364960000000000173e-01 -4.207839999999999914e-01 3.510199999999999987e-01
2.600000000000000000e+01 5.100000000000000000e+01 7.600000000000000000e+01 0.000000000000000000e+00 1.600000000000000089e+00 1.637000000000000000e-03 -2.076000000000000154e-03 -9.999970000000000248e-01 -3.916959999999999886e-01 -9.200939999999999674e-01 1.268999999999999946e-03 -9.200930000000000497e-01 3.916930000000000134e-01 -2.318999999999999881e-03
6.000000000000000000e+00 5.900000000000000000e+01 7.600000000000000000e+01 0.000000000000000000e+00 1.600000000000000089e+00 -3.812380000000000213e-01 -9.049850000000000394e-01 -1.888370000000000049e-01 2.629650000000000043e-01 8.966999999999999971e-02 -9.606289999999999552e-01 8.862879999999999647e-01 -4.158859999999999779e-01 2.037940000000000029e-01
2.000000000000000000e+00 9.100000000000000000e+01 7.600000000000000000e+01 0.000000000000000000e+00 1.600000000000000089e+00 1.515999999999999986e-03 -1.307000000000000002e-03 9.999980000000000535e-01 3.826530000000000209e-01 -9.238899999999999890e-01 -1.788000000000000093e-03 9.238910000000000178e-01 3.826550000000000229e-01 -9.009999999999999997e-04
9.000000000000000000e+00 9.100000000000000000e+01 7.600000000000000000e+01 0.000000000000000000e+00 1.600000000000000089e+00 8.080000000000000160e-04 1.623000000000000094e-03 9.999980000000000535e-01 3.799730000000000052e-01 -9.249969999999999581e-01 1.193999999999999966e-03 9.249969999999999581e-01 3.799710000000000032e-01 -1.363999999999999978e-03
1.600000000000000000e+01 9.100000000000000000e+01 7.600000000000000000e+01 0.000000000000000000e+00 1.600000000000000089e+00 -3.009999999999999980e-04 3.640000000000000115e-04 1.000000000000000000e+00 3.817400000000000237e-01 -9.242700000000000360e-01 4.510000000000000120e-04 9.242700000000000360e-01 3.817400000000000237e-01 1.389999999999999905e-04
2.000000000000000000e+01 9.100000000000000000e+01 7.600000000000000000e+01 0.000000000000000000e+00 1.600000000000000089e+00 -3.119999999999999944e-04 -2.590000000000000071e-04 1.000000000000000000e+00 3.772240000000000038e-01 -9.261220000000000008e-01 -1.219999999999999974e-04 9.261220000000000008e-01 3.772229999999999750e-01 3.860000000000000041e-04
2.300000000000000000e+01 9.100000000000000000e+01 7.600000000000000000e+01 0.000000000000000000e+00 1.600000000000000089e+00 -1.288999999999999998e-03 -1.144999999999999967e-03 9.999980000000000535e-01 3.738159999999999816e-01 -9.275029999999999664e-01 -5.800000000000000034e-04 9.275020000000000486e-01 3.738139999999999796e-01 1.624000000000000010e-03
4.000000000000000000e+00 7.700000000000000000e+01 7.900000000000000000e+01 0.000000000000000000e+00 1.600000000000000089e+00 -3.092429999999999901e-01 3.465000000000000198e-03 9.509769999999999612e-01 2.106240000000000057e-01 -9.749090000000000256e-01 7.204299999999999593e-02 9.273649999999999949e-01 2.225769999999999971e-01 3.007540000000000213e-01
2.400000000000000000e+01 6.300000000000000000e+01 8.100000000000000000e+01 0.000000000000000000e+00 1.600000000000000089e+00 -5.780000000000000415e-03 -2.462999999999999912e-03 9.999799999999999800e-01 1.437899999999999942e-02 -9.998939999999999495e-01 -2.380000000000000171e-03 9.998799999999999910e-01 1.436499999999999930e-02 5.814999999999999857e-03
2.200000000000000000e+01 4.400000000000000000e+01 8.300000000000000000e+01 0.000000000000000000e+00 1.600000000000000089e+00 -9.598000000000000628e-03 1.046060000000000045e-01 9.944669999999999899e-01 4.703660000000000063e-01 -8.771459999999999813e-01 9.680500000000000216e-02 8.824189999999999534e-01 4.686930000000000263e-01 -4.078400000000000081e-02
2.000000000000000000e+00 7.500000000000000000e+01 8.300000000000000000e+01 0.000000000000000000e+00 1.600000000000000089e+00 5.466170000000000195e-01 -7.526370000000000005e-01 -3.670800000000000174e-01 -6.461339999999999861e-01 -6.579329999999999901e-01 3.868269999999999764e-01 -5.326539999999999608e-01 2.573599999999999846e-02 -8.459419999999999717e-01
1.100000000000000000e+01 7.700000000000000000e+01 8.400000000000000000e+01 0.000000000000000000e+00 1.600000000000000089e+00 -3.485900000000000110e-02 -8.114699999999999691e-02 -9.960919999999999774e-01 9.829890000000000017e-01 -1.826220000000000065e-01 -1.952299999999999869e-02 -1.803240000000000121e-01 -9.798289999999999500e-01 8.613300000000000123e-02
