4.000000000000000000e+00 1.500000000000000000e+01 4.000000000000000000e+00 0.000000000000000000e+00 1.600000000000000089e+00 1.293000000000000095e-03 3.897999999999999989e-03 9.999919999999999920e-01 3.249250000000000194e-01 -9.457339999999999636e-01 3.266999999999999939e-03 9.457389999999999963e-01 3.249179999999999846e-01 -2.490000000000000026e-03
9.000000000000000000e+00 1.500000000000000000e+01 4.000000000000000000e+00 0.000000000000000000e+00 1.600000000000000089e+00 -3.132999999999999934e-03 -7.865999999999999728e-03 9.999639999999999640e-01 3.211439999999999850e-01 -9.470079999999999609e-01 -6.444000000000000075e-03 9.470250000000000057e-01 3.211120000000000085e-01 5.492999999999999619e-03
1.400000000000000000e+01 1.500000000000000000e+01 4.000000000000000000e+00 0.000000000000000000e+00 1.600000000000000089e+00 1.546999999999999981e-03 -6.058000000000000017e-03 9.999799999999999800e-01 3.236910000000000065e-01 -9.461420000000000385e-01 -6.232999999999999825e-03 9.461619999999999475e-01 3.236939999999999817e-01 4.970000000000000459e-04
2.100000000000000000e+01 1.500000000000000000e+01 4.000000000000000000e+00 0.000000000000000000e+00 1.600000000000000089e+00 -5.987000000000000134e-03 -1.030299999999999966e-02 9.999289999999999567e-01 3.212809999999999833e-01 -9.469520000000000159e-01 -7.832999999999999685e-03 9.469649999999999457e-01 3.212110000000000243e-01 8.980000000000000135e-03
2.400000000000000000e+01 1.500000000000000000e+01 4.000000000000000000e+00 0.000000000000000000e+00 1.600000000000000089e+00 -4.301000000000000136e-03 -1.373199999999999942e-02 9.998970000000000358e-01 3.193920000000000092e-01 -9.475510000000000321e-01 -1.163900000000000004e-02 9.476130000000000386e-01 3.193090000000000095e-01 8.460999999999999771e-03
2.700000000000000000e+01 1.500000000000000000e+01 4.000000000000000000e+00 0.000000000000000000e+00 1.600000000000000089e+00 1.890000000000000133e-04 -1.124600000000000079e-02 9.999369999999999647e-01 3.218380000000000130e-01 -9.467339999999999645e-01 -1.070899999999999977e-02 9.467950000000000532e-01 3.218190000000000217e-01 3.441000000000000048e-03
1.500000000000000000e+01 1.900000000000000000e+01 5.000000000000000000e+00 0.000000000000000000e+00 1.600000000000000089e+00 -1.680999999999999986e-03 -4.993000000000000042e-03 -9.999860000000000415e-01 -6.743040000000000145e-01 -7.384380000000000388e-01 4.820999999999999765e-03 -7.384519999999999973e-01 6.743029999999999857e-01 -2.125999999999999852e-03
8.000000000000000000e+00 1.010000000000000000e+02 7.000000000000000000e+00 0.000000000000000000e+00 1.600000000000000089e+00 -6.015999999999999646e-03 1.464599999999999930e-02 9.998749999999999583e-01 8.810700000000000198e-01 4.729829999999999868e-01 -1.626999999999999974e-03 -4.729479999999999795e-01 8.809500000000000108e-01 -1.574899999999999911e-02
1.800000000000000000e+01 1.010000000000000000e+02 7.000000000000000000e+00 0.000000000000000000e+00 1.600000000000000089e+00 -1.965000000000000167e-03 -5.208999999999999742e-02 9.986399999999999721e-01 8.809850000000000181e-01 4.724079999999999946e-01 2.637499999999999914e-02 -4.731389999999999763e-01 8.798399999999999554e-01 4.496200000000000196e-02
2.000000000000000000e+00 2.500000000000000000e+01 8.000000000000000000e+00 0.000000000000000000e+00 1.600000000000000089e+00 -3.252000000000000116e-03 -4.780000000000000394e-03 -9.999829999999999552e-01 4.532849999999999935e-01 8.913470000000000004e-01 -5.734999999999999647e-03 8.913600000000000412e-01 -4.532959999999999767e-01 -7.320000000000000118e-04
7.000000000000000000e+00 2.500000000000000000e+01 8.000000000000000000e+00 0.000000000000000000e+00 1.600000000000000089e+00 -1.026000000000000002e-03 6.627000000000000078e-03 -9.999780000000000335e-01 4.530399999999999983e-01 8.914729999999999599e-01 5.442999999999999922e-03 8.914889999999999759e-01 -4.530250000000000110e-01 -3.917000000000000343e-03
1.000000000000000000e+01 2.500000000000000000e+01 8.000000000000000000e+00 0.000000000000000000e+00 1.600000000000000089e+00 -1.054000000000000032e-03 -2.193000000000000071e-03 -9.999970000000000248e-01 4.544039999999999746e-01 8.907929999999999460e-01 -2.432000000000000134e-03 8.907950000000000035e-01 -4.544050000000000034e-01 5.700000000000000314e-05
1.400000000000000000e+01 2.500000000000000000e+01 8.000000000000000000e+00 0.000000000000000000e+00 1.600000000000000089e+00 -8.750000000000000182e-04 1.257000000000000088e-03 -9.999989999999999712e-01 4.554230000000000222e-01 8.902750000000000385e-01 7.209999999999999612e-04 8.902750000000000385e-01 -4.554219999999999935e-01 -1.350999999999999987e-03
2.300000000000000000e+01 2.500000000000000000e+01 8.000000000000000000e+00 0.000000000000000000e+00 1.600000000000000089e+00 5.029999999999999749e-04 -1.141600000000000080e-02 -9.999350000000000183e-01 4.528949999999999920e-01 8.915079999999999671e-01 -9.950000000000000511e-03 8.915640000000000231e-01 -4.528610000000000135e-01 5.618999999999999863e-03
2.000000000000000000e+00 2.400000000000000000e+01 9.000000000000000000e+00 0.000000000000000000e+00 1.600000000000000089e+00 -2.320000000000000014e-03 -5.361999999999999579e-03 -9.999829999999999552e-01 4.548200000000000021e-01 8.905640000000000223e-01 -5.830000000000000113e-03 8.905800000000000383e-01 -4.548260000000000081e-01 3.730000000000000134e-04
1.000000000000000000e+01 2.400000000000000000e+01 9.000000000000000000e+00 0.000000000000000000e+00 1.600000000000000089e+00 -1.250000000000000026e-03 -2.076000000000000154e-03 -9.999970000000000248e-01 4.559810000000000252e-01 8.899860000000000548e-01 -2.418000000000000010e-03 8.899890000000000301e-01 -4.559819999999999984e-01 -1.659999999999999963e-04
1.800000000000000000e+01 2.400000000000000000e+01 9.000000000000000000e+00 0.000000000000000000e+00 1.600000000000000089e+00 7.150000000000000322e-04 -3.649999999999999816e-04 -1.000000000000000000e+00 4.580500000000000127e-01 8.889259999999999939e-01 3.000000000000000076e-06 8.889259999999999939e-01 -4.580500000000000127e-01 8.030000000000000028e-04
2.400000000000000000e+01 2.400000000000000000e+01 9.000000000000000000e+00 0.000000000000000000e+00 1.600000000000000089e+00 9.879999999999999460e-04 -6.217000000000000304e-03 -9.999799999999999800e-01 4.568209999999999771e-01 8.895440000000000014e-01 -5.078000000000000048e-03 8.895579999999999599e-01 -4.568070000000000186e-01 3.719000000000000083e-03
1.800000000000000000e+01 1.200000000000000000e+01 1.000000000000000000e+01 0.000000000000000000e+00 1.600000000000000089e+00 -4.360000000000000269e-04 -5.109999999999999959e-03 -9.999869999999999592e-01 -5.512559999999999683e-01 -8.343239999999999545e-01 4.504000000000000191e-03 -8.343359999999999665e-01 5.512510000000000465e-01 -2.452999999999999885e-03
1.000000000000000000e+01 3.500000000000000000e+01 1.200000000000000000e+01 0.000000000000000000e+00 1.600000000000000089e+00 -5.890000000000000053e-04 -8.140000000000000534e-04 -1.000000000000000000e+00 4.166880000000000028e-01 -9.090489999999999959e-01 4.939999999999999730e-04 -9.090489999999999959e-01 -4.166880000000000028e-01 8.750000000000000182e-04
1.400000000000000000e+01 3.500000000000000000e+01 1.200000000000000000e+01 0.000000000000000000e+00 1.600000000000000089e+00 2.455999999999999850e-03 -6.039000000000000097e-03 -9.999789999999999512e-01 4.027569999999999761e-01 -9.152839999999999865e-01 6.517000000000000223e-03 -9.153040000000000065e-01 -4.027649999999999841e-01 1.849999999999999973e-04
2.000000000000000000e+01 3.200000000000000000e+01 1.400000000000000000e+01 0.000000000000000000e+00 1.600000000000000089e+00 8.109999999999999805e-04 2.471999999999999805e-03 -9.999970000000000248e-01 1.054559999999999942e-01 9.944209999999999994e-01 2.543999999999999821e-03 9.944239999999999746e-01 -1.054579999999999962e-01 5.450000000000000200e-04
2.800000000000000000e+01 3.200000000000000000e+01 1.400000000000000000e+01 0.000000000000000000e+00 1.600000000000000089e+00 -8.859999999999999603e-04 -3.663000000000000023e-03 -9.999930000000000208e-01 1.047199999999999936e-01 9.944950000000000179e-01 -3.736000000000000171e-03 9.945009999999999684e-01 -1.047219999999999956e-01 -4.979999999999999618e-04
1.000000000000000000e+01 1.200000000000000000e+01 1.500000000000000000e+01 0.000000000000000000e+00 1.600000000000000089e+00 -1.512000000000000106e-03 -3.926999999999999935e-03 -9.999909999999999632e-01 -4.636460000000000026e-01 -8.860109999999999930e-01 4.179999999999999688e-03 -8.860190000000000010e-01 4.636480000000000046e-01 -4.809999999999999823e-04
1.500000000000000000e+01 1.160000000000000000e+02 1.600000000000000000e+01 0.000000000000000000e+00 1.600000000000000089e+00 -8.500000000000000611e-05 1.750999999999999952e-03 9.999980000000000535e-01 7.591320000000000290e-01 6.509359999999999591e-01 -1.075000000000000001e-03 -6.509359999999999591e-01 7.591310000000000002e-01 -1.384999999999999946e-03
2.000000000000000000e+01 1.160000000000000000e+02 1.600000000000000000e+01 0.000000000000000000e+00 1.600000000000000089e+00 -3.023000000000000079e-03 -4.440000000000000045e-04 9.999949999999999672e-01 7.668430000000000524e-01 6.418300000000000116e-01 2.602999999999999845e-03 -6.418279999999999541e-01 7.668469999999999454e-01 -1.600000000000000077e-03
2.800000000000000000e+01 1.160000000000000000e+02 1.600000000000000000e+01 0.000000000000000000e+00 1.600000000000000089e+00 -4.799999999999999580e-03 -7.361000000000000355e-03 9.999609999999999888e-01 7.788469999999999560e-01 6.271590000000000220e-01 8.354999999999999580e-03 -6.271959999999999757e-01 7.788570000000000215e-01 2.723000000000000160e-03
1.000000000000000000e+01 2.000000000000000000e+00 1.900000000000000000e+01 0.000000000000000000e+00 1.600000000000000089e+00 -1.230000000000000082e-04 -4.772000000000000200e-03 -9.999890000000000168e-01 1.611720000000000097e-01 -9.869149999999999867e-01 4.689999999999999725e-03 -9.869259999999999700e-01 -1.611700000000000077e-01 8.909999999999999734e-04
1.400000000000000000e+01 2.000000000000000000e+00 1.900000000000000000e+01 0.000000000000000000e+00 1.600000000000000089e+00 -1.430000000000000064e-03 -1.821800000000000155e-02 -9.998329999999999718e-01 1.595560000000000034e-01 -9.870290000000000452e-01 1.775600000000000095e-02 -9.871879999999999544e-01 -1.595040000000000069e-01 4.317999999999999790e-03
1.900000000000000000e+01 2.000000000000000000e+00 1.900000000000000000e+01 0.000000000000000000e+00 1.600000000000000089e+00 1.669999999999999935e-04 -1.704000000000000003e-03 -9.999989999999999712e-01 1.532910000000000106e-01 -9.881799999999999473e-01 1.709999999999999932e-03 -9.881809999999999761e-01 -1.532910000000000106e-01 9.600000000000000243e-05
2.200000000000000000e+01 2.000000000000000000e+00 1.900000000000000000e+01 0.000000000000000000e+00 1.600000000000000089e+00 1.487999999999999956e-03 7.823000000000000093e-03 -9.999679999999999680e-01 1.520100000000000062e-01 -9.883499999999999508e-01 -7.505999999999999651e-03 -9.883779999999999788e-01 -1.519939999999999902e-01 -2.660000000000000038e-03
3.000000000000000000e+01 2.000000000000000000e+00 1.900000000000000000e+01 0.000000000000000000e+00 1.600000000000000089e+00 -1.755999999999999965e-03 -3.936000000000000262e-03 -9.999909999999999632e-01 1.563180000000000125e-01 -9.877000000000000224e-01 3.612999999999999892e-03 -9.877050000000000551e-01 -1.563100000000000045e-01 2.350000000000000092e-03
4.000000000000000000e+00 1.300000000000000000e+01 2.000000000000000000e+01 0.000000000000000000e+00 1.600000000000000089e+00 4.730000000000000046e-04 -2.773999999999999990e-03 9.999959999999999960e-01 2.496039999999999925e-01 9.683450000000000113e-01 2.567999999999999970e-03 -9.683479999999999865e-01 2.496019999999999905e-01 1.150999999999999896e-03
1.100000000000000000e+01 1.300000000000000000e+01 2.000000000000000000e+01 0.000000000000000000e+00 1.600000000000000089e+00 3.100000000000000135e-05 -8.980000000000000352e-04 1.000000000000000000e+00 2.514109999999999956e-01 9.678799999999999626e-01 8.610000000000000032e-04 -9.678799999999999626e-01 2.514109999999999956e-01 2.550000000000000183e-04
2.300000000000000000e+01 1.300000000000000000e+01 2.000000000000000000e+01 0.000000000000000000e+00 1.600000000000000089e+00 1.729999999999999984e-03 -3.272000000000000169e-03 9.999930000000000208e-01 2.455499999999999905e-01 9.693800000000000194e-01 2.746999999999999876e-03 -9.693819999999999659e-01 2.455440000000000123e-01 2.480000000000000000e-03
2.000000000000000000e+00 1.600000000000000000e+01 2.100000000000000000e+01 0.000000000000000000e+00 1.600000000000000089e+00 1.649999999999999991e-04 -2.637000000000000021e-03 9.999970000000000248e-01 2.978370000000000184e-01 9.546130000000000448e-01 2.468000000000000142e-03 -9.546170000000000488e-01 2.978359999999999896e-01 9.430000000000000448e-04
7.000000000000000000e+00 1.600000000000000000e+01 2.100000000000000000e+01 0.000000000000000000e+00 1.600000000000000089e+00 6.399999999999999710e-05 -6.709999999999999819e-03 9.999780000000000335e-01 2.972870000000000235e-01 9.547670000000000323e-01 6.387999999999999581e-03 -9.547879999999999701e-01 2.972799999999999887e-01 2.056000000000000102e-03
1.600000000000000000e+01 1.600000000000000000e+01 2.100000000000000000e+01 0.000000000000000000e+00 1.600000000000000089e+00 2.183000000000000045e-03 1.089299999999999990e-02 9.999379999999999935e-01 2.990389999999999993e-01 9.541770000000000529e-01 -1.104800000000000053e-02 -9.542380000000000306e-01 2.990439999999999765e-01 -1.173999999999999913e-03
1.900000000000000000e+01 1.600000000000000000e+01 2.100000000000000000e+01 0.000000000000000000e+00 1.600000000000000089e+00 1.930999999999999991e-03 1.198300000000000060e-02 9.999259999999999815e-01 2.975090000000000234e-01 9.546430000000000193e-01 -1.201499999999999964e-02 -9.547170000000000378e-01 2.975099999999999967e-01 -1.721000000000000090e-03
2.000000000000000000e+01 3.000000000000000000e+00 2.500000000000000000e+01 0.000000000000000000e+00 1.600000000000000089e+00 -2.281000000000000041e-03 1.176899999999999995e-02 9.999280000000000390e-01 -4.172100000000000114e-02 -9.990609999999999769e-01 1.166400000000000076e-02 9.991269999999999873e-01 -4.169099999999999889e-02 2.769999999999999893e-03
2.400000000000000000e+01 4.900000000000000000e+01 2.500000000000000000e+01 0.000000000000000000e+00 1.600000000000000089e+00 8.854000000000000759e-03 7.066500000000000559e-02 9.974610000000000420e-01 6.696220000000000505e-01 7.404030000000000333e-01 -5.839699999999999752e-02 -7.426490000000000036e-01 6.684379999999999766e-01 -4.076300000000000062e-02
2.200000000000000000e+01 4.500000000000000000e+01 2.600000000000000000e+01 0.000000000000000000e+00 1.600000000000000089e+00 2.142499999999999960e-02 3.177399999999999669e-02 9.992649999999999588e-01 4.842060000000000253e-01 8.741210000000000369e-01 -3.817600000000000160e-02 -8.746920000000000250e-01 4.846679999999999877e-01 3.341999999999999919e-03
1.000000000000000000e+01 4.600000000000000000e+01 2.700000000000000000e+01 0.000000000000000000e+00 1.600000000000000089e+00 2.062000000000000031e-03 -2.762000000000000132e-03 -9.999940000000000495e-01 6.730570000000000164e-01 7.395909999999999984e-01 -6.539999999999999590e-04 7.395880000000000232e-01 -6.730509999999999549e-01 3.383999999999999855e-03
2.000000000000000000e+01 5.000000000000000000e+01 3.000000000000000000e+01 0.000000000000000000e+00 1.600000000000000089e+00 -6.470399999999999763e-02 -3.589919999999999778e-01 -9.310950000000000060e-01 5.978069999999999773e-01 -7.610400000000000498e-01 2.518830000000000235e-01 -7.990239999999999565e-01 -5.403170000000000472e-01 2.638510000000000022e-01
7.000000000000000000e+00 5.800000000000000000e+01 3.100000000000000000e+01 0.000000000000000000e+00 1.600000000000000089e+00 2.635900000000000049e-02 -8.900700000000000278e-02 9.956819999999999560e-01 -7.645929999999999671e-01 -6.434349999999999792e-01 -3.727699999999999764e-02 6.439740000000000464e-01 -7.603090000000000126e-01 -8.501400000000000623e-02
1.100000000000000000e+01 5.600000000000000000e+01 3.300000000000000000e+01 0.000000000000000000e+00 1.600000000000000089e+00 -2.587729999999999753e-01 -3.136340000000000239e-01 -9.136030000000000539e-01 4.600380000000000025e-01 -8.716789999999999816e-01 1.689380000000000048e-01 -8.493540000000000534e-01 -3.765760000000000218e-01 3.698500000000000121e-01
1.000000000000000000e+01 4.600000000000000000e+01 3.500000000000000000e+01 0.000000000000000000e+00 1.600000000000000089e+00 -3.089499999999999885e-02 -1.700329999999999897e-01 -9.849539999999999962e-01 3.606969999999999898e-01 -9.209190000000000431e-01 1.476639999999999897e-01 -9.321709999999999718e-01 -3.507080000000000197e-01 8.978200000000000069e-02
5.000000000000000000e+00 9.500000000000000000e+01 3.600000000000000000e+01 0.000000000000000000e+00 1.600000000000000089e+00 -2.353600000000000136e-02 5.579400000000000331e-02 9.981649999999999689e-01 9.958390000000000297e-01 8.923200000000000576e-02 1.849299999999999902e-02 -8.803600000000000314e-02 9.944469999999999699e-01 -5.766199999999999798e-02
1.000000000000000000e+01 9.500000000000000000e+01 3.600000000000000000e+01 0.000000000000000000e+00 1.600000000000000089e+00 -3.289999999999999739e-04 2.860700000000000048e-02 9.995910000000000073e-01 9.976030000000000175e-01 6.917900000000000438e-02 -1.650999999999999907e-03 -6.919799999999999562e-02 9.971940000000000248e-01 -2.856099999999999958e-02
1.600000000000000000e+01 9.500000000000000000e+01 3.600000000000000000e+01 0.000000000000000000e+00 1.600000000000000089e+00 9.724000000000000005e-03 6.140999999999999757e-03 9.999339999999999895e-01 9.970020000000000548e-01 7.670499999999999541e-02 -1.016700000000000069e-02 -7.676199999999999690e-02 9.970350000000000046e-01 -5.376999999999999835e-03
6.000000000000000000e+00 2.900000000000000000e+01 4.400000000000000000e+01 0.000000000000000000e+00 1.600000000000000089e+00 1.659999999999999963e-04 8.739999999999999939e-04 -1.000000000000000000e+00 6.616360000000000019e-01 7.498249999999999638e-01 7.649999999999999465e-04 7.498249999999999638e-01 -6.616360000000000019e-01 -4.539999999999999765e-04
1.200000000000000000e+01 2.900000000000000000e+01 4.400000000000000000e+01 0.000000000000000000e+00 1.600000000000000089e+00 -3.177999999999999835e-03 -1.520000000000000084e-04 -9.999949999999999672e-01 6.580850000000000311e-01 7.529400000000000537e-01 -2.206000000000000062e-03 7.529369999999999674e-01 -6.580890000000000351e-01 -2.292999999999999899e-03
1.700000000000000000e+01 2.900000000000000000e+01 4.400000000000000000e+01 0.000000000000000000e+00 1.600000000000000089e+00 6.130000000000000466e-04 2.233000000000000176e-03 -9.999970000000000248e-01 6.594700000000000006e-01 7.517279999999999518e-01 2.083000000000000216e-03 7.517300000000000093e-01 -6.594700000000000006e-01 -1.012000000000000096e-03
2.100000000000000000e+01 2.900000000000000000e+01 4.400000000000000000e+01 0.000000000000000000e+00 1.600000000000000089e+00 6.599999999999999964e-04 5.389999999999999826e-04 -1.000000000000000000e+00 6.576180000000000359e-01 7.533509999999999929e-01 8.400000000000000348e-04 7.533509999999999929e-01 -6.576189999999999536e-01 1.420000000000000092e-04
2.500000000000000000e+01 2.900000000000000000e+01 4.400000000000000000e+01 0.000000000000000000e+00 1.600000000000000089e+00 6.299999999999999990e-05 -1.873000000000000099e-03 -9.999980000000000535e-01 6.605199999999999960e-01 7.508070000000000022e-01 -1.364999999999999894e-03 7.508080000000000309e-01 -6.605189999999999673e-01 1.283999999999999985e-03
1.800000000000000000e+01 6.000000000000000000e+01 4.600000000000000000e+01 0.000000000000000000e+00 1.600000000000000089e+00 -4.266710000000000225e-01 -2.650049999999999906e-01 8.647110000000000074e-01 2.092799999999999938e-01 9.012280000000000291e-01 3.794600000000000195e-01 -8.798599999999999755e-01 3.428709999999999813e-01 -3.290669999999999984e-01
2.900000000000000000e+01 6.500000000000000000e+01 4.600000000000000000e+01 0.000000000000000000e+00 1.600000000000000089e+00 1.742399999999999852e-02 1.110860000000000042e-01 9.936580000000000412e-01 6.540669999999999540e-01 -7.529339999999999922e-01 7.270500000000000573e-02 7.562360000000000193e-01 6.486520000000000064e-01 -8.577700000000000602e-02
2.000000000000000000e+00 5.000000000000000000e+00 5.100000000000000000e+01 0.000000000000000000e+00 1.600000000000000089e+00 -1.097000000000000102e-03 3.652999999999999997e-03 -9.999930000000000208e-01 4.924129999999999896e-01 -8.703539999999999610e-01 -3.720000000000000216e-03 -8.703610000000000513e-01 -4.924129999999999896e-01 -8.440000000000000236e-04
5.000000000000000000e+00 5.000000000000000000e+00 5.100000000000000000e+01 0.000000000000000000e+00 1.600000000000000089e+00 -5.330000000000000536e-04 6.563000000000000257e-03 -9.999780000000000335e-01 4.886650000000000160e-01 -8.724509999999999765e-01 -5.987000000000000134e-03 -8.724720000000000253e-01 -4.886570000000000080e-01 -2.742000000000000080e-03
1.000000000000000000e+01 5.000000000000000000e+00 5.100000000000000000e+01 0.000000000000000000e+00 1.600000000000000089e+00 -5.689999999999999529e-04 6.394999999999999643e-03 -9.999789999999999512e-01 4.829249999999999932e-01 -8.756420000000000314e-01 -5.873999999999999881e-03 -8.756610000000000227e-01 -4.829189999999999872e-01 -2.589999999999999854e-03
1.400000000000000000e+01 5.000000000000000000e+00 5.100000000000000000e+01 0.000000000000000000e+00 1.600000000000000089e+00 -1.923000000000000013e-03 -4.037999999999999923e-03 -9.999900000000000455e-01 4.845999999999999752e-01 -8.747319999999999540e-01 2.599999999999999881e-03 -8.747340000000000115e-01 -4.845900000000000207e-01 3.638999999999999874e-03
2.100000000000000000e+01 5.000000000000000000e+00 5.100000000000000000e+01 0.000000000000000000e+00 1.600000000000000089e+00 3.684000000000000209e-03 3.272999999999999868e-03 -9.999879999999999880e-01 4.891730000000000245e-01 -8.721860000000000168e-01 -1.052999999999999900e-03 -8.721790000000000376e-01 -4.891630000000000145e-01 -4.813999999999999703e-03
2.500000000000000000e+01 5.000000000000000000e+00 5.100000000000000000e+01 0.000000000000000000e+00 1.600000000000000089e+00 2.586999999999999890e-03 6.611999999999999822e-03 -9.999749999999999472e-01 4.854970000000000119e-01 -8.742259999999999476e-01 -4.524000000000000243e-03 -8.742339999999999556e-01 -4.854729999999999879e-01 -5.472000000000000301e-03
2.800000000000000000e+01 5.000000000000000000e+00 5.100000000000000000e+01 0.000000000000000000e+00 1.600000000000000089e+00 -6.255000000000000143e-03 -2.559999999999999884e-04 -9.999799999999999800e-01 4.885939999999999728e-01 -8.725070000000000325e-01 -2.831999999999999882e-03 -8.724889999999999590e-01 -4.886019999999999808e-01 5.583000000000000289e-03
1.600000000000000000e+01 1.150000000000000000e+02 5.100000000000000000e+01 0.000000000000000000e+00 1.600000000000000089e+00 1.981000000000000122e-03 8.450000000000000479e-04 9.999980000000000535e-01 8.473330000000000028e-01 -5.310610000000000053e-01 -1.229999999999999974e-03 5.310580000000000300e-01 8.473330000000000028e-01 -1.768000000000000040e-03
1.600000000000000000e+01 7.000000000000000000e+00 5.200000000000000000e+01 0.000000000000000000e+00 1.600000000000000089e+00 -1.490000000000000005e-03 -5.066000000000000190e-03 -9.999860000000000415e-01 9.939499999999999724e-02 -9.950360000000000316e-01 4.892999999999999780e-03 -9.950470000000000148e-01 -9.938600000000000212e-02 1.985999999999999918e-03
1.000000000000000000e+00 6.300000000000000000e+01 5.400000000000000000e+01 0.000000000000000000e+00 1.600000000000000089e+00 -9.870000000000000301e-04 -2.141000000000000108e-03 9.999970000000000248e-01 -3.319219999999999948e-01 9.433049999999999491e-01 1.691999999999999928e-03 -9.433059999999999778e-01 -3.319190000000000196e-01 -1.642000000000000013e-03
2.700000000000000000e+01 2.500000000000000000e+01 5.500000000000000000e+01 0.000000000000000000e+00 1.600000000000000089e+00 -1.698999999999999989e-03 -3.480000000000000020e-04 -9.999989999999999712e-01 -1.386700000000000085e-02 -9.999040000000000150e-01 3.710000000000000190e-04 -9.999019999999999575e-01 1.386800000000000012e-02 1.693999999999999976e-03
2.900000000000000000e+01 6.000000000000000000e+01 5.500000000000000000e+01 0.000000000000000000e+00 1.600000000000000089e+00 -5.761100000000000249e-02 -8.499199999999999811e-02 9.947150000000000158e-01 -5.149600000000000011e-02 9.952959999999999585e-01 8.205999999999999406e-02 -9.970099999999999518e-01 -4.649699999999999667e-02 -6.171700000000000103e-02
2.900000000000000000e+01 5.100000000000000000e+01 5.600000000000000000e+01 0.000000000000000000e+00 1.600000000000000089e+00 3.835549999999999793e-01 -6.992900000000000504e-02 9.208669999999999911e-01 -9.046619999999999662e-01 -2.289140000000000064e-01 3.594220000000000192e-01 1.856649999999999967e-01 -9.709320000000000173e-01 -1.510640000000000038e-01
5.000000000000000000e+00 5.200000000000000000e+01 5.700000000000000000e+01 0.000000000000000000e+00 1.600000000000000089e+00 9.300100000000000033e-02 4.466749999999999887e-01 8.898490000000000011e-01 3.196570000000000245e-01 -8.598059999999999592e-01 3.981859999999999844e-01 9.429579999999999629e-01 2.474149999999999960e-01 -2.227459999999999996e-01
1.500000000000000000e+01 6.800000000000000000e+01 5.700000000000000000e+01 0.000000000000000000e+00 1.600000000000000089e+00 -4.904999999999999638e-03 9.726999999999999535e-03 -9.999409999999999688e-01 -2.357829999999999926e-01 -9.717700000000000227e-01 -8.295999999999999555e-03 -9.717930000000000179e-01 2.357279999999999931e-01 7.060000000000000303e-03
1.000000000000000000e+00 2.100000000000000000e+01 6.000000000000000000e+01 0.000000000000000000e+00 1.600000000000000089e+00 2.706000000000000072e-03 -1.090099999999999923e-02 9.999369999999999647e-01 -9.710199999999999387e-02 9.952119999999999855e-01 1.111200000000000035e-02 -9.952710000000000168e-01 -9.712600000000000400e-02 1.634000000000000036e-03
5.000000000000000000e+00 2.100000000000000000e+01 6.000000000000000000e+01 0.000000000000000000e+00 1.600000000000000089e+00 4.169999999999999987e-04 -1.065600000000000054e-02 9.999430000000000263e-01 -9.621599999999999597e-02 9.953039999999999665e-01 1.064700000000000021e-02 -9.953600000000000225e-01 -9.621499999999999497e-02 -6.099999999999999737e-04
1.000000000000000000e+01 2.100000000000000000e+01 6.000000000000000000e+01 0.000000000000000000e+00 1.600000000000000089e+00 3.000000000000000076e-05 9.240000000000000166e-04 1.000000000000000000e+00 -9.734900000000000497e-02 9.952499999999999680e-01 -9.169999999999999549e-04 -9.952499999999999680e-01 -9.734900000000000497e-02 1.190000000000000058e-04
1.700000000000000000e+01 2.100000000000000000e+01 6.000000000000000000e+01 0.000000000000000000e+00 1.600000000000000089e+00 -8.379999999999999862e-04 8.004000000000000697e-03 9.999679999999999680e-01 -9.614799999999999736e-02 9.953349999999999698e-01 -8.047000000000000333e-03 -9.953670000000000018e-01 -9.615100000000000036e-02 -6.499999999999999431e-05
2.200000000000000000e+01 2.100000000000000000e+01 6.000000000000000000e+01 0.000000000000000000e+00 1.600000000000000089e+00 -5.180000000000000143e-04 -1.026700000000000008e-02 9.999470000000000303e-01 -9.779100000000000292e-02 9.951550000000000118e-01 1.016700000000000069e-02 -9.952069999999999528e-01 -9.778000000000000580e-02 -1.520000000000000084e-03
7.000000000000000000e+00 3.000000000000000000e+00 6.300000000000000000e+01 0.000000000000000000e+00 1.600000000000000089e+00 -7.450000000000000025e-04 8.249999999999999955e-04 9.999989999999999712e-01 -6.148379999999999956e-01 7.886530000000000484e-01 -1.108999999999999960e-03 -7.886530000000000484e-01 -6.148390000000000244e-01 -8.000000000000000654e-05
3.000000000000000000e+01 3.000000000000000000e+00 6.300000000000000000e+01 0.000000000000000000e+00 1.600000000000000089e+00 1.613999999999999983e-03 -2.550000000000000183e-04 9.999989999999999712e-01 -6.162330000000000307e-01 7.875630000000000130e-01 1.195000000000000099e-03 -7.875619999999999843e-01 -6.162339999999999485e-01 1.113999999999999973e-03
3.000000000000000000e+00 2.700000000000000000e+01 6.300000000000000000e+01 0.000000000000000000e+00 1.600000000000000089e+00 1.551000000000000078e-03 -4.370999999999999885e-03 9.999890000000000168e-01 -2.790400000000000102e-01 9.602680000000000105e-01 4.629999999999999567e-03 -9.602779999999999649e-01 -2.790440000000000142e-01 2.700000000000000035e-04
5.000000000000000000e+00 2.700000000000000000e+01 6.300000000000000000e+01 0.000000000000000000e+00 1.600000000000000089e+00 5.230000000000000274e-04 -2.841000000000000209e-03 9.999959999999999960e-01 -2.785420000000000118e-01 9.604200000000000514e-01 2.873999999999999819e-03 -9.604240000000000554e-01 -2.785420000000000118e-01 -2.900000000000000017e-04
9.000000000000000000e+00 2.700000000000000000e+01 6.300000000000000000e+01 0.000000000000000000e+00 1.600000000000000089e+00 6.319999999999999663e-04 -2.637000000000000021e-03 9.999959999999999960e-01 -2.781270000000000131e-01 9.605399999999999494e-01 2.709000000000000036e-03 -9.605439999999999534e-01 -2.781279999999999863e-01 -1.269999999999999970e-04
1.400000000000000000e+01 2.700000000000000000e+01 6.300000000000000000e+01 0.000000000000000000e+00 1.600000000000000089e+00 1.402000000000000034e-03 -4.342000000000000373e-03 9.999900000000000455e-01 -2.788050000000000250e-01 9.603369999999999962e-01 4.559999999999999817e-03 -9.603469999999999507e-01 -2.788089999999999735e-01 1.359999999999999989e-04
1.900000000000000000e+01 2.700000000000000000e+01 6.300000000000000000e+01 0.000000000000000000e+00 1.600000000000000089e+00 -4.730000000000000046e-04 -1.456999999999999962e-03 9.999989999999999712e-01 -2.710400000000000031e-01 9.625669999999999504e-01 1.273999999999999959e-03 -9.625679999999999792e-01 -2.710389999999999744e-01 -8.499999999999999526e-04
2.500000000000000000e+01 2.700000000000000000e+01 6.300000000000000000e+01 0.000000000000000000e+00 1.600000000000000089e+00 7.550000000000000287e-04 -2.837000000000000112e-03 9.999959999999999960e-01 -2.656250000000000000e-01 9.640720000000000400e-01 2.935000000000000109e-03 -9.640760000000000440e-01 -2.656259999999999732e-01 -2.500000000000000120e-05
3.000000000000000000e+01 2.700000000000000000e+01 6.300000000000000000e+01 0.000000000000000000e+00 1.600000000000000089e+00 4.169999999999999987e-04 5.617999999999999730e-03 9.999839999999999840e-01 -2.669500000000000206e-01 9.636959999999999971e-01 -5.303000000000000422e-03 -9.637099999999999556e-01 -2.669429999999999858e-01 1.902000000000000045e-03
4.000000000000000000e+00 2.600000000000000000e+01 6.400000000000000000e+01 0.000000000000000000e+00 1.600000000000000089e+00 1.485999999999999908e-03 -4.022999999999999667e-03 9.999909999999999632e-01 -3.620680000000000009e-01 9.321420000000000261e-01 4.288000000000000145e-03 -9.321509999999999518e-01 -3.620709999999999762e-01 -7.100000000000000462e-05
1.000000000000000000e+01 2.600000000000000000e+01 6.400000000000000000e+01 0.000000000000000000e+00 1.600000000000000089e+00 1.503999999999999912e-03 -2.663000000000000003e-03 9.999949999999999672e-01 -3.642360000000000042e-01 9.313019999999999632e-01 3.027999999999999876e-03 -9.313050000000000495e-01 -3.642389999999999795e-01 4.299999999999999894e-04
1.400000000000000000e+01 2.600000000000000000e+01 6.400000000000000000e+01 0.000000000000000000e+00 1.600000000000000089e+00 1.900999999999999912e-03 -4.524000000000000243e-03 9.999879999999999880e-01 -3.642250000000000210e-01 9.312979999999999592e-01 4.904999999999999638e-03 -9.313090000000000535e-01 -3.642299999999999982e-01 1.219999999999999974e-04
2.200000000000000000e+01 2.600000000000000000e+01 6.400000000000000000e+01 0.000000000000000000e+00 1.600000000000000089e+00 -4.620000000000000083e-04 -4.438000000000000105e-03 9.999900000000000455e-01 -3.462480000000000002e-01 9.381340000000000234e-01 4.003999999999999747e-03 -9.381429999999999492e-01 -3.462430000000000230e-01 -1.969999999999999963e-03
2.800000000000000000e+01 2.600000000000000000e+01 6.400000000000000000e+01 0.000000000000000000e+00 1.600000000000000089e+00 9.039999999999999642e-04 2.027000000000000156e-03 9.999980000000000535e-01 -3.448269999999999946e-01 9.386649999999999716e-01 -1.590999999999999966e-03 -9.386660000000000004e-01 -3.448249999999999926e-01 1.546999999999999981e-03
2.200000000000000000e+01 5.400000000000000000e+01 6.400000000000000000e+01 0.000000000000000000e+00 1.600000000000000089e+00 3.939429999999999876e-01 -7.667799999999999616e-02 -9.159310000000000507e-01 -7.829350000000000476e-01 4.940180000000000127e-01 -3.780990000000000184e-01 4.814780000000000171e-01 8.660639999999999450e-01 1.345810000000000062e-01
2.700000000000000000e+01 5.000000000000000000e+01 6.500000000000000000e+01 0.000000000000000000e+00 1.600000000000000089e+00 -1.934359999999999968e-01 -2.694690000000000141e-01 -9.433820000000000539e-01 3.183920000000000083e-01 8.922609999999999708e-01 -3.201519999999999921e-01 9.280140000000000056e-01 -3.622940000000000049e-01 -8.679900000000000115e-02
2.000000000000000000e+01 5.300000000000000000e+01 6.500000000000000000e+01 0.000000000000000000e+00 1.600000000000000089e+00 4.624630000000000130e-01 -1.084169999999999995e-01 -8.799850000000000172e-01 -7.664349999999999774e-01 4.501009999999999733e-01 -4.582419999999999827e-01 4.457639999999999936e-01 8.863720000000000487e-01 1.250600000000000045e-01
2.000000000000000000e+00 2.500000000000000000e+01 7.300000000000000000e+01 0.000000000000000000e+00 1.600000000000000089e+00 -1.242000000000000048e-03 2.648000000000000180e-03 9.999959999999999960e-01 7.459980000000000500e-01 -6.659429999999999517e-01 2.688999999999999984e-03 6.659469999999999557e-01 7.459980000000000500e-01 -1.147999999999999932e-03
1.000000000000000000e+01 2.500000000000000000e+01 7.300000000000000000e+01 0.000000000000000000e+00 1.600000000000000089e+00 -6.729999999999999871e-04 -4.669000000000000407e-03 9.999890000000000168e-01 7.457489999999999952e-01 -6.662219999999999809e-01 -2.608000000000000075e-03 6.662270000000000136e-01 7.457390000000000407e-01 3.930000000000000333e-03
1.900000000000000000e+01 2.500000000000000000e+01 7.300000000000000000e+01 0.000000000000000000e+00 1.600000000000000089e+00 -9.810000000000001011e-04 -1.410400000000000022e-02 9.999000000000000110e-01 7.446989999999999998e-01 -6.673440000000000483e-01 -8.682999999999999746e-03 6.673989999999999645e-01 7.446159999999999446e-01 1.115799999999999952e-02
1.400000000000000000e+01 4.400000000000000000e+01 7.300000000000000000e+01 0.000000000000000000e+00 1.600000000000000089e+00 2.185099999999999890e-02 1.400389999999999968e-01 9.899050000000000349e-01 3.185999999999999943e-02 -9.897359999999999491e-01 1.393119999999999914e-01 9.992529999999999468e-01 2.849399999999999850e-02 -2.608900000000000108e-02
2.200000000000000000e+01 4.400000000000000000e+01 7.300000000000000000e+01 0.000000000000000000e+00 1.600000000000000089e+00 1.925000000000000062e-03 1.364999999999999894e-03 9.999970000000000248e-01 5.319499999999999923e-02 -9.985829999999999984e-01 1.260000000000000052e-03 9.985819999999999697e-01 5.319200000000000317e-02 -1.994999999999999812e-03
2.800000000000000000e+01 4.400000000000000000e+01 7.300000000000000000e+01 0.000000000000000000e+00 1.600000000000000089e+00 -5.699999999999999772e-04 -8.011000000000000759e-03 9.999679999999999680e-01 5.189499999999999669e-02 -9.986209999999999809e-01 -7.969999999999999654e-03 9.986519999999999841e-01 5.188899999999999763e-02 9.849999999999999815e-04
3.000000000000000000e+00 2.500000000000000000e+01 7.400000000000000000e+01 0.000000000000000000e+00 1.600000000000000089e+00 -8.409999999999999507e-04 -1.700000000000000122e-04 1.000000000000000000e+00 8.221870000000000012e-01 -5.692160000000000553e-01 5.940000000000000184e-04 5.692160000000000553e-01 8.221880000000000299e-01 6.189999999999999756e-04
7.000000000000000000e+00 2.500000000000000000e+01 7.400000000000000000e+01 0.000000000000000000e+00 1.600000000000000089e+00 1.740000000000000010e-04 -6.054999999999999619e-03 9.999820000000000375e-01 8.221880000000000299e-01 -5.692040000000000433e-01 -3.589999999999999875e-03 5.692160000000000553e-01 8.221739999999999604e-01 4.878999999999999657e-03
9.000000000000000000e+00 2.500000000000000000e+01 7.400000000000000000e+01 0.000000000000000000e+00 1.600000000000000089e+00 -6.499999999999999431e-05 -4.776999999999999996e-03 9.999890000000000168e-01 8.228220000000000534e-01 -5.682930000000000481e-01 -2.661000000000000171e-03 5.682989999999999986e-01 8.228119999999999878e-01 3.967000000000000040e-03
1.600000000000000000e+01 2.500000000000000000e+01 7.400000000000000000e+01 0.000000000000000000e+00 1.600000000000000089e+00 1.592000000000000099e-03 -6.821999999999999939e-03 9.999749999999999472e-01 8.224289999999999656e-01 -5.688440000000000163e-01 -5.190000000000000169e-03 5.688649999999999540e-01 8.224169999999999536e-01 4.704999999999999981e-03
2.000000000000000000e+01 5.100000000000000000e+01 7.600000000000000000e+01 0.000000000000000000e+00 1.600000000000000089e+00 -1.177000000000000095e-03 -7.889000000000000179e-03 -9.999679999999999680e-01 -4.048559999999999937e-01 -9.143480000000000496e-01 7.689999999999999787e-03 -9.143799999999999706e-01 4.048519999999999897e-01 -2.118000000000000091e-03
4.000000000000000000e+00 9.100000000000000000e+01 7.600000000000000000e+01 0.000000000000000000e+00 1.600000000000000089e+00 -1.177000000000000095e-03 -1.588000000000000002e-03 9.999980000000000535e-01 3.535179999999999989e-01 -9.354270000000000085e-01 -1.069000000000000072e-03 9.354270000000000085e-01 3.535159999999999969e-01 1.662999999999999982e-03
1.300000000000000000e+01 9.100000000000000000e+01 7.600000000000000000e+01 0.000000000000000000e+00 1.600000000000000089e+00 1.998000000000000210e-03 -2.017000000000000130e-03 9.999959999999999960e-01 3.137210000000000276e-01 -9.495120000000000227e-01 -2.541999999999999989e-03 9.495130000000000514e-01 3.137249999999999761e-01 -1.265000000000000065e-03
1.800000000000000000e+01 9.100000000000000000e+01 7.600000000000000000e+01 0.000000000000000000e+00 1.600000000000000089e+00 1.227000000000000009e-03 -3.020999999999999814e-03 9.999949999999999672e-01 2.911020000000000274e-01 -9.566860000000000364e-01 -3.246999999999999886e-03 9.566909999999999581e-01 2.911050000000000026e-01 -2.939999999999999905e-04
2.500000000000000000e+01 9.100000000000000000e+01 7.600000000000000000e+01 0.000000000000000000e+00 1.600000000000000089e+00 -2.089000000000000145e-03 -2.920999999999999985e-03 9.999940000000000495e-01 2.766049999999999898e-01 -9.609809999999999741e-01 -2.229000000000000078e-03 9.609809999999999741e-01 2.765989999999999838e-01 2.814999999999999794e-03
2.900000000000000000e+01 9.100000000000000000e+01 7.600000000000000000e+01 0.000000000000000000e+00 1.600000000000000089e+00 2.420000000000000005e-04 -2.017999999999999829e-03 9.999980000000000535e-01 2.785650000000000071e-01 -9.604150000000000187e-01 -2.004999999999999838e-03 9.604169999999999652e-01 2.785650000000000071e-01 3.289999999999999739e-04
7.000000000000000000e+00 4.400000000000000000e+01 8.300000000000000000e+01 0.000000000000000000e+00 1.600000000000000089e+00 1.478800000000000080e-02 6.236200000000000077e-02 9.979440000000000532e-01 5.617419999999999636e-01 -8.261779999999999680e-01 4.330400000000000221e-02 8.271800000000000264e-01 5.599469999999999725e-01 -4.724899999999999933e-02
2.200000000000000000e+01 4.400000000000000000e+01 8.300000000000000000e+01 0.000000000000000000e+00 1.600000000000000089e+00 1.820000000000000057e-04 -4.243000000000000244e-03 9.999909999999999632e-01 5.900760000000000449e-01 -8.073399999999999466e-01 -3.533000000000000116e-03 8.073479999999999546e-01 5.900710000000000122e-01 2.356000000000000021e-03
