2.900000000000000000e+01 1.900000000000000000e+01 5.000000000000000000e+00 0.000000000000000000e+00 1.600000000000000089e+00 -1.293000000000000095e-03 -2.772999999999999857e-03 -9.999949999999999672e-01 -7.070819999999999883e-01 -7.071260000000000323e-01 2.874999999999999951e-03 -7.071309999999999540e-01 7.070819999999999883e-01 -1.046000000000000055e-03
5.000000000000000000e+00 1.000000000000000000e+01 7.000000000000000000e+00 0.000000000000000000e+00 1.600000000000000089e+00 3.258799999999999891e-02 -9.745000000000000190e-03 9.994210000000000038e-01 7.914579999999999949e-01 -6.103979999999999961e-01 -3.175800000000000151e-02 6.103539999999999521e-01 7.920350000000000446e-01 -1.217900000000000059e-02
2.000000000000000000e+00 1.010000000000000000e+02 7.000000000000000000e+00 0.000000000000000000e+00 1.600000000000000089e+00 -9.009999999999999997e-04 -3.115999999999999846e-03 9.999949999999999672e-01 8.867620000000000502e-01 4.622200000000000197e-01 2.239000000000000105e-03 -4.622249999999999970e-01 8.867599999999999927e-01 2.347000000000000128e-03
1.000000000000000000e+01 1.010000000000000000e+02 7.000000000000000000e+00 0.000000000000000000e+00 1.600000000000000089e+00 -3.537000000000000213e-03 -1.565100000000000172e-02 9.998709999999999543e-01 8.882499999999999840e-01 4.592439999999999856e-01 1.033099999999999991e-02 -4.593470000000000053e-01 8.881719999999999615e-01 1.227800000000000072e-02
1.200000000000000000e+01 1.010000000000000000e+02 7.000000000000000000e+00 0.000000000000000000e+00 1.600000000000000089e+00 -3.230999999999999931e-03 -1.847000000000000031e-02 9.998240000000000460e-01 8.890949999999999687e-01 4.575819999999999887e-01 1.132700000000000026e-02 -4.577109999999999790e-01 8.889759999999999884e-01 1.494299999999999969e-02
1.600000000000000000e+01 1.010000000000000000e+02 7.000000000000000000e+00 0.000000000000000000e+00 1.600000000000000089e+00 -3.654000000000000130e-03 -1.361300000000000010e-02 9.999010000000000398e-01 8.908150000000000235e-01 4.542680000000000051e-01 9.440000000000000474e-03 -4.543510000000000049e-01 8.907610000000000250e-01 1.046700000000000061e-02
2.100000000000000000e+01 1.010000000000000000e+02 7.000000000000000000e+00 0.000000000000000000e+00 1.600000000000000089e+00 -2.746000000000000177e-03 -1.602699999999999958e-02 9.998679999999999790e-01 8.899040000000000283e-01 4.560429999999999762e-01 9.754000000000000517e-03 -4.561390000000000167e-01 8.898139999999999938e-01 1.301000000000000073e-02
5.000000000000000000e+00 2.500000000000000000e+01 8.000000000000000000e+00 0.000000000000000000e+00 1.600000000000000089e+00 1.543000000000000101e-03 1.569000000000000082e-03 -9.999980000000000535e-01 4.366260000000000141e-01 8.996410000000000240e-01 2.085000000000000048e-03 8.996420000000000528e-01 -4.366280000000000161e-01 7.029999999999999574e-04
1.100000000000000000e+01 2.500000000000000000e+01 8.000000000000000000e+00 0.000000000000000000e+00 1.600000000000000089e+00 2.919999999999999961e-04 2.438000000000000063e-03 -9.999970000000000248e-01 4.358730000000000104e-01 9.000050000000000550e-01 2.321999999999999845e-03 9.000080000000000302e-01 -4.358719999999999817e-01 -8.000000000000000383e-04
1.600000000000000000e+01 2.500000000000000000e+01 8.000000000000000000e+00 0.000000000000000000e+00 1.600000000000000089e+00 -2.850000000000000103e-03 -1.108999999999999960e-03 -9.999949999999999672e-01 4.365200000000000191e-01 8.996920000000000472e-01 -2.242000000000000069e-03 8.996899999999999897e-01 -4.365240000000000231e-01 -2.079999999999999818e-03
2.000000000000000000e+01 2.500000000000000000e+01 8.000000000000000000e+00 0.000000000000000000e+00 1.600000000000000089e+00 -8.620000000000000275e-04 -1.415999999999999941e-03 -9.999989999999999712e-01 4.371459999999999790e-01 8.993889999999999940e-01 -1.649999999999999991e-03 8.993900000000000228e-01 -4.371470000000000078e-01 -1.559999999999999972e-04
2.900000000000000000e+01 2.500000000000000000e+01 8.000000000000000000e+00 0.000000000000000000e+00 1.600000000000000089e+00 -1.005000000000000034e-03 6.782999999999999967e-03 -9.999770000000000048e-01 4.363870000000000249e-01 8.997410000000000130e-01 5.664999999999999897e-03 8.997579999999999467e-01 -4.363710000000000089e-01 -3.863999999999999813e-03
2.300000000000000000e+01 9.000000000000000000e+00 9.000000000000000000e+00 0.000000000000000000e+00 1.600000000000000089e+00 1.608700000000000060e-02 6.748999999999999791e-03 -9.998479999999999590e-01 -9.714350000000000485e-01 -2.366810000000000025e-01 -1.722699999999999926e-02 -2.367609999999999992e-01 9.715639999999999832e-01 2.749000000000000141e-03
2.900000000000000000e+01 9.000000000000000000e+00 9.000000000000000000e+00 0.000000000000000000e+00 1.600000000000000089e+00 1.979699999999999863e-02 1.480799999999999998e-02 -9.996939999999999715e-01 -9.683570000000000233e-01 -2.485189999999999899e-01 -2.285699999999999885e-02 -2.487820000000000031e-01 9.685139999999999860e-01 9.419000000000000289e-03
2.000000000000000000e+00 2.400000000000000000e+01 9.000000000000000000e+00 0.000000000000000000e+00 1.600000000000000089e+00 1.049999999999999935e-03 1.067000000000000023e-03 -9.999989999999999712e-01 4.431760000000000144e-01 8.964330000000000354e-01 1.422000000000000087e-03 8.964339999999999531e-01 -4.431769999999999876e-01 4.679999999999999915e-04
5.000000000000000000e+00 2.400000000000000000e+01 9.000000000000000000e+00 0.000000000000000000e+00 1.600000000000000089e+00 1.567999999999999949e-03 1.404999999999999999e-03 -9.999980000000000535e-01 4.435479999999999978e-01 8.962489999999999624e-01 1.954000000000000008e-03 8.962489999999999624e-01 -4.435499999999999998e-01 7.820000000000000345e-04
8.000000000000000000e+00 2.400000000000000000e+01 9.000000000000000000e+00 0.000000000000000000e+00 1.600000000000000089e+00 1.317999999999999944e-03 4.108999999999999805e-03 -9.999909999999999632e-01 4.432110000000000216e-01 8.964069999999999538e-01 4.268000000000000092e-03 8.964159999999999906e-01 -4.432130000000000236e-01 -6.400000000000000524e-04
1.600000000000000000e+01 2.400000000000000000e+01 9.000000000000000000e+00 0.000000000000000000e+00 1.600000000000000089e+00 -2.907999999999999995e-03 -1.449999999999999900e-03 -9.999949999999999672e-01 4.430870000000000086e-01 8.964750000000000218e-01 -2.589000000000000155e-03 8.964739999999999931e-01 -4.430930000000000146e-01 -1.964000000000000034e-03
2.000000000000000000e+01 2.400000000000000000e+01 9.000000000000000000e+00 0.000000000000000000e+00 1.600000000000000089e+00 -1.038000000000000077e-03 -9.150000000000000147e-04 -9.999989999999999712e-01 4.437769999999999770e-01 8.961360000000000436e-01 -1.280000000000000105e-03 8.961369999999999614e-01 -4.437780000000000058e-01 -5.240000000000000517e-04
2.600000000000000000e+01 2.400000000000000000e+01 9.000000000000000000e+00 0.000000000000000000e+00 1.600000000000000089e+00 -1.325999999999999922e-03 1.628000000000000107e-03 -9.999980000000000535e-01 4.437530000000000086e-01 8.961489999999999734e-01 8.710000000000000294e-04 8.961479999999999446e-01 -4.437510000000000066e-01 -1.910999999999999938e-03
2.900000000000000000e+01 2.400000000000000000e+01 9.000000000000000000e+00 0.000000000000000000e+00 1.600000000000000089e+00 -1.050000000000000044e-04 1.948000000000000079e-03 -9.999980000000000535e-01 4.428380000000000094e-01 8.965999999999999526e-01 1.699999999999999905e-03 8.966020000000000101e-01 -4.428369999999999806e-01 -9.569999999999999514e-04
1.900000000000000000e+01 8.000000000000000000e+00 1.000000000000000000e+01 0.000000000000000000e+00 1.600000000000000089e+00 1.534199999999999973e-02 -3.802999999999999957e-03 -9.998749999999999583e-01 -9.943440000000000056e-01 -1.051639999999999936e-01 -1.485700000000000041e-02 -1.050949999999999940e-01 9.944479999999999986e-01 -5.394999999999999622e-03
8.000000000000000000e+00 4.000000000000000000e+00 1.100000000000000000e+01 0.000000000000000000e+00 1.600000000000000089e+00 4.939999999999999730e-04 -2.267200000000000118e-02 9.997430000000000483e-01 1.745220000000000105e-01 -9.843979999999999952e-01 -2.240999999999999936e-02 9.846530000000000005e-01 1.744880000000000042e-01 3.469999999999999994e-03
1.400000000000000000e+01 4.000000000000000000e+00 1.100000000000000000e+01 0.000000000000000000e+00 1.600000000000000089e+00 2.301000000000000094e-03 -1.213400000000000069e-02 9.999240000000000350e-01 1.774419999999999886e-01 -9.840539999999999843e-01 -1.234900000000000060e-02 9.841290000000000315e-01 1.774570000000000036e-01 -1.119999999999999983e-04
2.000000000000000000e+01 4.000000000000000000e+00 1.100000000000000000e+01 0.000000000000000000e+00 1.600000000000000089e+00 -3.359000000000000007e-03 1.393600000000000047e-02 9.998970000000000358e-01 1.402569999999999928e-01 -9.900120000000000031e-01 1.426900000000000043e-02 9.901090000000000169e-01 1.402909999999999990e-01 1.371000000000000040e-03
2.400000000000000000e+01 4.000000000000000000e+00 1.100000000000000000e+01 0.000000000000000000e+00 1.600000000000000089e+00 -3.468999999999999861e-03 1.392299999999999961e-02 9.998970000000000358e-01 1.360369999999999913e-01 -9.906009999999999538e-01 1.426599999999999917e-02 9.906979999999999675e-01 1.360729999999999995e-01 1.541999999999999968e-03
6.000000000000000000e+00 3.200000000000000000e+01 1.400000000000000000e+01 0.000000000000000000e+00 1.600000000000000089e+00 -5.779999999999999548e-04 -2.300000000000000002e-05 -1.000000000000000000e+00 1.214110000000000050e-01 9.926019999999999843e-01 -9.299999999999999727e-05 9.926019999999999843e-01 -1.214110000000000050e-01 -5.710000000000000015e-04
1.000000000000000000e+01 3.200000000000000000e+01 1.400000000000000000e+01 0.000000000000000000e+00 1.600000000000000089e+00 1.910000000000000077e-04 4.376999999999999814e-03 -9.999900000000000455e-01 1.217860000000000054e-01 9.925469999999999571e-01 4.368000000000000355e-03 9.925559999999999938e-01 -1.217860000000000054e-01 -3.429999999999999889e-04
1.000000000000000000e+01 1.160000000000000000e+02 1.600000000000000000e+01 0.000000000000000000e+00 1.600000000000000089e+00 1.629999999999999939e-03 -2.779999999999999811e-04 9.999989999999999712e-01 7.002169999999999783e-01 7.139299999999999535e-01 -9.430000000000000448e-04 -7.139280000000000070e-01 7.002169999999999783e-01 1.358999999999999965e-03
6.000000000000000000e+00 2.000000000000000000e+00 1.900000000000000000e+01 0.000000000000000000e+00 1.600000000000000089e+00 6.027000000000000239e-03 -1.670100000000000057e-02 -9.998420000000000085e-01 3.586079999999999823e-01 -9.333190000000000097e-01 1.775200000000000042e-02 -9.334689999999999932e-01 -3.586579999999999768e-01 3.640000000000000115e-04
7.000000000000000000e+00 3.000000000000000000e+00 1.900000000000000000e+01 0.000000000000000000e+00 1.600000000000000089e+00 4.674000000000000203e-03 -1.007599999999999989e-02 -9.999379999999999935e-01 3.316129999999999911e-01 -9.433510000000000506e-01 1.105599999999999986e-02 -9.434040000000000203e-01 -3.316439999999999944e-01 -1.067000000000000023e-03
1.100000000000000000e+01 3.000000000000000000e+00 1.900000000000000000e+01 0.000000000000000000e+00 1.600000000000000089e+00 3.829999999999999854e-04 -1.019999999999999992e-04 -1.000000000000000000e+00 3.330620000000000247e-01 -9.429049999999999931e-01 2.239999999999999966e-04 -9.429049999999999931e-01 -3.330620000000000247e-01 -3.280000000000000038e-04
1.500000000000000000e+01 3.000000000000000000e+00 1.900000000000000000e+01 0.000000000000000000e+00 1.600000000000000089e+00 -4.361000000000000293e-03 1.936299999999999827e-02 -9.998029999999999973e-01 3.387729999999999908e-01 -9.406619999999999981e-01 -1.969600000000000170e-02 -9.408579999999999721e-01 -3.387919999999999821e-01 -2.456999999999999983e-03
1.800000000000000000e+01 3.000000000000000000e+00 1.900000000000000000e+01 0.000000000000000000e+00 1.600000000000000089e+00 -7.028000000000000393e-03 2.473399999999999904e-02 -9.996690000000000298e-01 3.427769999999999984e-01 -9.390669999999999851e-01 -2.564500000000000113e-02 -9.393909999999999760e-01 -3.428430000000000089e-01 -1.879000000000000028e-03
2.300000000000000000e+01 3.000000000000000000e+00 1.900000000000000000e+01 0.000000000000000000e+00 1.600000000000000089e+00 -2.397999999999999958e-03 1.593200000000000172e-02 -9.998700000000000365e-01 3.456659999999999733e-01 -9.382249999999999757e-01 -1.577900000000000136e-02 -9.383550000000000502e-01 -3.456589999999999940e-01 -3.256999999999999913e-03
2.800000000000000000e+01 3.000000000000000000e+00 1.900000000000000000e+01 0.000000000000000000e+00 1.600000000000000089e+00 -2.935000000000000109e-03 1.331399999999999945e-02 -9.999069999999999903e-01 3.442000000000000060e-01 -9.387990000000000501e-01 -1.350999999999999944e-02 -9.388919999999999488e-01 -3.442069999999999852e-01 -1.827999999999999981e-03
2.400000000000000000e+01 4.000000000000000000e+00 2.000000000000000000e+01 0.000000000000000000e+00 1.600000000000000089e+00 -1.258000000000000004e-03 1.358799999999999938e-02 -9.999069999999999903e-01 3.791760000000000130e-01 -9.252329999999999721e-01 -1.305000000000000084e-02 -9.253240000000000354e-01 -3.791570000000000218e-01 -3.989000000000000358e-03
2.000000000000000000e+00 1.300000000000000000e+01 2.000000000000000000e+01 0.000000000000000000e+00 1.600000000000000089e+00 2.889999999999999774e-04 -9.070000000000000371e-04 1.000000000000000000e+00 2.605729999999999991e-01 9.654540000000000344e-01 8.000000000000000383e-04 -9.654540000000000344e-01 2.605720000000000258e-01 5.150000000000000498e-04
9.000000000000000000e+00 1.300000000000000000e+01 2.000000000000000000e+01 0.000000000000000000e+00 1.600000000000000089e+00 -1.430000000000000064e-04 -1.283999999999999985e-03 9.999989999999999712e-01 2.595830000000000082e-01 9.657200000000000228e-01 1.276999999999999923e-03 -9.657210000000000516e-01 2.595830000000000082e-01 1.959999999999999937e-04
1.300000000000000000e+01 1.300000000000000000e+01 2.000000000000000000e+01 0.000000000000000000e+00 1.600000000000000089e+00 7.870000000000000476e-04 -1.358999999999999965e-03 9.999989999999999712e-01 2.585890000000000133e-01 9.659870000000000401e-01 1.110000000000000092e-03 -9.659870000000000401e-01 2.585870000000000113e-01 1.111000000000000008e-03
1.900000000000000000e+01 1.300000000000000000e+01 2.000000000000000000e+01 0.000000000000000000e+00 1.600000000000000089e+00 -7.100000000000000462e-05 -1.879999999999999944e-03 9.999980000000000535e-01 2.597289999999999877e-01 9.656799999999999828e-01 1.833999999999999910e-03 -9.656810000000000116e-01 2.597289999999999877e-01 4.189999999999999931e-04
2.200000000000000000e+01 1.300000000000000000e+01 2.000000000000000000e+01 0.000000000000000000e+00 1.600000000000000089e+00 -1.520000000000000084e-04 -3.090999999999999998e-03 9.999949999999999672e-01 2.608190000000000230e-01 9.653829999999999911e-01 3.024000000000000212e-03 -9.653880000000000239e-01 2.608179999999999943e-01 6.599999999999999964e-04
2.600000000000000000e+01 1.300000000000000000e+01 2.000000000000000000e+01 0.000000000000000000e+00 1.600000000000000089e+00 1.231000000000000106e-03 -4.525999999999999641e-03 9.999890000000000168e-01 2.605620000000000158e-01 9.654490000000000016e-01 4.048999999999999648e-03 -9.654559999999999809e-01 2.605540000000000078e-01 2.367999999999999879e-03
2.200000000000000000e+01 1.600000000000000000e+01 2.100000000000000000e+01 0.000000000000000000e+00 1.600000000000000089e+00 -6.369999999999999794e-04 -4.524000000000000243e-03 9.999900000000000455e-01 2.978740000000000276e-01 9.545949999999999713e-01 4.508999999999999987e-03 -9.546050000000000368e-01 2.978740000000000276e-01 7.399999999999999894e-04
1.000000000000000000e+00 2.000000000000000000e+00 2.500000000000000000e+01 0.000000000000000000e+00 1.600000000000000089e+00 8.009000000000000494e-03 -2.686300000000000146e-02 9.996070000000000233e-01 7.771300000000000430e-02 -9.965990000000000126e-01 -2.740499999999999881e-02 9.969440000000000524e-01 7.790199999999999902e-02 -5.893999999999999934e-03
2.000000000000000000e+01 2.000000000000000000e+00 2.500000000000000000e+01 0.000000000000000000e+00 1.600000000000000089e+00 -9.360999999999999530e-03 1.998199999999999976e-02 9.997570000000000068e-01 7.649400000000000643e-02 -9.968559999999999643e-01 2.064099999999999963e-02 9.970259999999999678e-01 7.666900000000000104e-02 7.803000000000000040e-03
2.300000000000000000e+01 2.000000000000000000e+00 2.500000000000000000e+01 0.000000000000000000e+00 1.600000000000000089e+00 -7.931999999999999815e-03 1.619500000000000106e-02 9.998369999999999758e-01 8.452900000000000691e-02 -9.962790000000000257e-01 1.680800000000000002e-02 9.963899999999999979e-01 8.464800000000000102e-02 6.533999999999999878e-03
6.000000000000000000e+00 3.000000000000000000e+00 2.500000000000000000e+01 0.000000000000000000e+00 1.600000000000000089e+00 2.809999999999999998e-03 -9.865999999999999770e-03 9.999470000000000303e-01 -3.347200000000000175e-02 -9.993919999999999471e-01 -9.766999999999999640e-03 9.994359999999999911e-01 -3.344300000000000050e-02 -3.138000000000000164e-03
1.200000000000000000e+01 3.000000000000000000e+00 2.500000000000000000e+01 0.000000000000000000e+00 1.600000000000000089e+00 -1.544999999999999932e-03 1.871000000000000050e-03 9.999970000000000248e-01 -3.398099999999999732e-02 -9.994210000000000038e-01 1.817000000000000039e-03 9.994210000000000038e-01 -3.397800000000000126e-02 1.606999999999999922e-03
3.000000000000000000e+01 3.000000000000000000e+00 2.500000000000000000e+01 0.000000000000000000e+00 1.600000000000000089e+00 -2.406999999999999851e-03 1.081299999999999970e-02 9.999390000000000223e-01 6.166999999999999739e-03 -9.999219999999999775e-01 1.082800000000000082e-02 9.999780000000000335e-01 6.192999999999999720e-03 2.340000000000000066e-03
4.000000000000000000e+00 4.600000000000000000e+01 2.700000000000000000e+01 0.000000000000000000e+00 1.600000000000000089e+00 -5.190000000000000386e-04 9.680000000000000019e-04 -9.999989999999999712e-01 6.765020000000000477e-01 7.364410000000000123e-01 3.620000000000000171e-04 7.364399999999999835e-01 -6.765020000000000477e-01 -1.036999999999999944e-03
1.200000000000000000e+01 4.600000000000000000e+01 2.700000000000000000e+01 0.000000000000000000e+00 1.600000000000000089e+00 -1.320999999999999909e-03 -1.700000000000000122e-04 -9.999989999999999712e-01 6.764139999999999597e-01 7.365209999999999813e-01 -1.018999999999999941e-03 7.365199999999999525e-01 -6.764149999999999885e-01 -8.580000000000000387e-04
2.900000000000000000e+01 4.600000000000000000e+01 2.700000000000000000e+01 0.000000000000000000e+00 1.600000000000000089e+00 -5.805000000000000264e-03 -2.341000000000000199e-03 -9.999799999999999800e-01 6.785369999999999457e-01 7.345450000000000035e-01 -5.657999999999999835e-03 7.345439999999999747e-01 -6.785560000000000480e-01 -2.675999999999999993e-03
2.100000000000000000e+01 4.600000000000000000e+01 3.000000000000000000e+01 0.000000000000000000e+00 1.600000000000000089e+00 -1.381000000000000066e-03 -1.899000000000000080e-03 -9.999970000000000248e-01 3.336700000000000221e-01 9.426870000000000527e-01 -2.250999999999999963e-03 9.426889999999999992e-01 -3.336720000000000241e-01 -6.679999999999999740e-04
2.400000000000000000e+01 5.800000000000000000e+01 3.100000000000000000e+01 0.000000000000000000e+00 1.600000000000000089e+00 5.355999999999999650e-03 3.059000000000000087e-03 9.999810000000000088e-01 -8.121049999999999658e-01 -5.834799999999999986e-01 6.133999999999999696e-03 5.834869999999999779e-01 -8.121220000000000105e-01 -6.409999999999999682e-04
3.000000000000000000e+01 5.800000000000000000e+01 3.100000000000000000e+01 0.000000000000000000e+00 1.600000000000000089e+00 2.475999999999999902e-03 5.710999999999999931e-03 9.999810000000000088e-01 -8.120159999999999600e-01 -5.836109999999999909e-01 5.343999999999999792e-03 5.836299999999999821e-01 -8.120129999999999848e-01 3.191999999999999959e-03
2.700000000000000000e+01 4.300000000000000000e+01 3.400000000000000000e+01 0.000000000000000000e+00 1.600000000000000089e+00 -4.659999999999999971e-04 -3.792999999999999931e-03 -9.999930000000000208e-01 -3.246319999999999761e-01 9.458339999999999526e-01 -3.435999999999999818e-03 9.458400000000000141e-01 3.246280000000000276e-01 -1.672000000000000092e-03
2.000000000000000000e+00 4.600000000000000000e+01 3.500000000000000000e+01 0.000000000000000000e+00 1.600000000000000089e+00 -1.050000000000000044e-04 -5.820000000000000520e-04 -1.000000000000000000e+00 3.911589999999999789e-01 -9.203230000000000022e-01 4.949999999999999973e-04 -9.203230000000000022e-01 -3.911589999999999789e-01 3.249999999999999851e-04
1.200000000000000000e+01 4.600000000000000000e+01 3.500000000000000000e+01 0.000000000000000000e+00 1.600000000000000089e+00 -1.258999999999999920e-03 -1.060000000000000016e-04 -9.999989999999999712e-01 3.906959999999999877e-01 -9.205200000000000049e-01 -3.939999999999999817e-04 -9.205189999999999761e-01 -3.906959999999999877e-01 1.199999999999999895e-03
1.900000000000000000e+01 4.600000000000000000e+01 3.500000000000000000e+01 0.000000000000000000e+00 1.600000000000000089e+00 -7.299999999999999903e-05 -2.150000000000000001e-03 -9.999980000000000535e-01 3.895569999999999866e-01 -9.210000000000000409e-01 1.951000000000000043e-03 -9.210019999999999873e-01 -3.895560000000000134e-01 9.049999999999999885e-04
2.500000000000000000e+01 4.600000000000000000e+01 3.500000000000000000e+01 0.000000000000000000e+00 1.600000000000000089e+00 3.150000000000000131e-04 7.447999999999999760e-03 -9.999719999999999720e-01 3.895509999999999806e-01 -9.209800000000000209e-01 -6.736999999999999933e-03 -9.210049999999999626e-01 -3.895379999999999954e-01 -3.191999999999999959e-03
3.000000000000000000e+01 4.600000000000000000e+01 3.500000000000000000e+01 0.000000000000000000e+00 1.600000000000000089e+00 -1.495000000000000018e-03 -7.370000000000000249e-04 -9.999989999999999712e-01 3.896299999999999764e-01 -9.209709999999999841e-01 9.600000000000000243e-05 -9.209699999999999553e-01 -3.896299999999999764e-01 1.665000000000000030e-03
4.000000000000000000e+00 9.500000000000000000e+01 3.600000000000000000e+01 0.000000000000000000e+00 1.600000000000000089e+00 3.727999999999999977e-03 8.411000000000000074e-03 9.999580000000000135e-01 9.966899999999999649e-01 8.117199999999999416e-02 -4.398000000000000000e-03 -8.120499999999999940e-02 9.966650000000000231e-01 -8.080999999999999642e-03
1.000000000000000000e+01 9.500000000000000000e+01 3.600000000000000000e+01 0.000000000000000000e+00 1.600000000000000089e+00 2.784000000000000016e-03 5.961000000000000153e-03 9.999780000000000335e-01 9.962419999999999609e-01 8.655000000000000193e-02 -3.289999999999999956e-03 -8.656800000000000606e-02 9.962299999999999489e-01 -5.696999999999999807e-03
2.400000000000000000e+01 9.500000000000000000e+01 3.600000000000000000e+01 0.000000000000000000e+00 1.600000000000000089e+00 2.618999999999999800e-03 2.414099999999999926e-02 9.997049999999999548e-01 9.969609999999999861e-01 7.777299999999999491e-02 -4.490000000000000067e-03 -7.785799999999999665e-02 9.966789999999999816e-01 -2.386399999999999980e-02
2.000000000000000000e+00 2.900000000000000000e+01 4.400000000000000000e+01 0.000000000000000000e+00 1.600000000000000089e+00 -2.970000000000000092e-04 -1.699999999999999905e-03 -9.999980000000000535e-01 6.602379999999999916e-01 7.510550000000000281e-01 -1.472999999999999917e-03 7.510559999999999459e-01 -6.602369999999999628e-01 8.989999999999999511e-04
1.200000000000000000e+01 2.900000000000000000e+01 4.400000000000000000e+01 0.000000000000000000e+00 1.600000000000000089e+00 -6.899999999999999667e-05 2.224999999999999981e-03 -9.999970000000000248e-01 6.617539999999999534e-01 7.497190000000000243e-01 1.621999999999999961e-03 7.497209999999999708e-01 -6.617520000000000069e-01 -1.525000000000000097e-03
1.600000000000000000e+01 2.900000000000000000e+01 4.400000000000000000e+01 0.000000000000000000e+00 1.600000000000000089e+00 -1.294999999999999927e-03 3.017000000000000150e-03 -9.999949999999999672e-01 6.455689999999999484e-01 7.637000000000000455e-01 1.467999999999999904e-03 7.637009999999999632e-01 -6.455640000000000267e-01 -2.936999999999999941e-03
2.000000000000000000e+01 2.900000000000000000e+01 4.400000000000000000e+01 0.000000000000000000e+00 1.600000000000000089e+00 -2.749000000000000141e-03 -1.484000000000000076e-03 -9.999949999999999672e-01 6.504320000000000102e-01 7.595589999999999842e-01 -2.915000000000000056e-03 7.595589999999999842e-01 -6.504370000000000429e-01 -1.123000000000000083e-03
2.600000000000000000e+01 2.900000000000000000e+01 4.400000000000000000e+01 0.000000000000000000e+00 1.600000000000000089e+00 -2.714999999999999965e-03 8.059999999999999673e-04 -9.999959999999999960e-01 6.583529999999999660e-01 7.527089999999999614e-01 -1.180000000000000059e-03 7.527049999999999574e-01 -6.583529999999999660e-01 -2.573999999999999899e-03
2.800000000000000000e+01 2.900000000000000000e+01 4.400000000000000000e+01 0.000000000000000000e+00 1.600000000000000089e+00 -2.879000000000000049e-03 -5.400000000000000069e-04 -9.999959999999999960e-01 6.594680000000000542e-01 7.517289999999999806e-01 -2.305000000000000191e-03 7.517270000000000341e-01 -6.594719999999999471e-01 -1.807999999999999928e-03
3.000000000000000000e+00 5.000000000000000000e+00 5.100000000000000000e+01 0.000000000000000000e+00 1.600000000000000089e+00 6.149999999999999868e-04 -1.266999999999999897e-03 -9.999989999999999712e-01 4.946599999999999886e-01 -8.690860000000000252e-01 1.405999999999999915e-03 -8.690870000000000539e-01 -4.946599999999999886e-01 9.200000000000000007e-05
7.000000000000000000e+00 5.000000000000000000e+00 5.100000000000000000e+01 0.000000000000000000e+00 1.600000000000000089e+00 -1.720000000000000066e-04 7.124000000000000124e-03 -9.999749999999999472e-01 4.885530000000000150e-01 -8.725119999999999543e-01 -6.300000000000000044e-03 -8.725340000000000318e-01 -4.885410000000000030e-01 -3.330000000000000061e-03
1.000000000000000000e+01 6.000000000000000000e+00 5.100000000000000000e+01 0.000000000000000000e+00 1.600000000000000089e+00 6.899999999999999667e-05 4.375000000000000416e-03 -9.999900000000000455e-01 3.151010000000000200e-01 -9.490490000000000315e-01 -4.129999999999999991e-03 -9.490579999999999572e-01 -3.150979999999999892e-01 -1.443999999999999971e-03
2.800000000000000000e+01 1.150000000000000000e+02 5.100000000000000000e+01 0.000000000000000000e+00 1.600000000000000089e+00 -3.400000000000000244e-04 -5.500000000000000331e-04 1.000000000000000000e+00 8.465639999999999832e-01 -5.322860000000000369e-01 -5.000000000000000409e-06 5.322860000000000369e-01 8.465639999999999832e-01 6.470000000000000057e-04
2.900000000000000000e+01 7.000000000000000000e+00 5.200000000000000000e+01 0.000000000000000000e+00 1.600000000000000089e+00 -5.990000000000000316e-04 8.429999999999999993e-04 -9.999989999999999712e-01 8.200699999999999656e-02 -9.966310000000000446e-01 -8.890000000000000333e-04 -9.966319999999999624e-01 -8.200799999999999756e-02 5.280000000000000405e-04
2.100000000000000000e+01 1.600000000000000000e+01 5.200000000000000000e+01 0.000000000000000000e+00 1.600000000000000089e+00 -2.423999999999999939e-03 -5.330000000000000536e-04 -9.999970000000000248e-01 7.769340000000000135e-01 6.295779999999999710e-01 -2.219000000000000052e-03 6.295770000000000532e-01 -7.769369999999999887e-01 -1.111999999999999924e-03
1.700000000000000000e+01 5.800000000000000000e+01 5.200000000000000000e+01 0.000000000000000000e+00 1.600000000000000089e+00 6.939999999999999555e-04 -8.078999999999999376e-03 9.999670000000000503e-01 -6.309719999999999773e-01 7.757770000000000499e-01 6.705000000000000022e-03 -7.758059999999999956e-01 -6.309550000000000436e-01 -4.558999999999999685e-03
2.000000000000000000e+00 6.300000000000000000e+01 5.400000000000000000e+01 0.000000000000000000e+00 1.600000000000000089e+00 -1.512000000000000106e-03 2.265999999999999785e-03 9.999959999999999960e-01 -3.430130000000000123e-01 9.393270000000000231e-01 -2.647000000000000047e-03 -9.393289999999999695e-01 -3.430159999999999876e-01 -6.430000000000000169e-04
1.100000000000000000e+01 6.300000000000000000e+01 5.400000000000000000e+01 0.000000000000000000e+00 1.600000000000000089e+00 -2.369999999999999874e-04 2.909999999999999826e-03 9.999959999999999960e-01 -3.462509999999999755e-01 9.381380000000000274e-01 -2.811999999999999830e-03 -9.381420000000000314e-01 -3.462500000000000022e-01 7.860000000000000233e-04
2.200000000000000000e+01 6.300000000000000000e+01 5.400000000000000000e+01 0.000000000000000000e+00 1.600000000000000089e+00 9.600000000000000243e-04 -5.983999999999999736e-03 9.999820000000000375e-01 -3.538100000000000134e-01 9.352979999999999627e-01 5.936000000000000304e-03 -9.353169999999999540e-01 -3.538089999999999846e-01 -1.219999999999999947e-03
2.600000000000000000e+01 6.300000000000000000e+01 5.400000000000000000e+01 0.000000000000000000e+00 1.600000000000000089e+00 4.609999999999999840e-04 -1.043000000000000090e-03 9.999989999999999712e-01 -3.556869999999999754e-01 9.346050000000000191e-01 1.139000000000000038e-03 -9.346050000000000191e-01 -3.556869999999999754e-01 6.000000000000000152e-05
6.000000000000000000e+00 2.500000000000000000e+01 5.500000000000000000e+01 0.000000000000000000e+00 1.600000000000000089e+00 1.291000000000000047e-03 2.349999999999999930e-04 -9.999989999999999712e-01 -1.145000000000000011e-02 -9.999339999999999895e-01 -2.489999999999999809e-04 -9.999339999999999895e-01 1.145000000000000011e-02 -1.288000000000000082e-03
1.300000000000000000e+01 2.500000000000000000e+01 5.500000000000000000e+01 0.000000000000000000e+00 1.600000000000000089e+00 -1.310000000000000129e-04 1.572000000000000047e-03 -9.999989999999999712e-01 -1.142999999999999919e-02 -9.999329999999999607e-01 -1.569999999999999998e-03 -9.999350000000000183e-01 1.142999999999999919e-02 1.489999999999999897e-04
2.100000000000000000e+01 2.500000000000000000e+01 5.500000000000000000e+01 0.000000000000000000e+00 1.600000000000000089e+00 8.069999999999999916e-04 7.579999999999999932e-04 -9.999989999999999712e-01 -1.232699999999999942e-02 -9.999240000000000350e-01 -7.680000000000000195e-04 -9.999240000000000350e-01 1.232800000000000042e-02 -7.979999999999999897e-04
1.000000000000000000e+01 2.000000000000000000e+01 6.000000000000000000e+01 0.000000000000000000e+00 1.600000000000000089e+00 -7.759999999999999971e-04 -3.680000000000000003e-04 1.000000000000000000e+00 -6.275000000000000022e-02 9.980290000000000550e-01 3.179999999999999776e-04 -9.980290000000000550e-01 -6.275000000000000022e-02 -7.979999999999999897e-04
1.500000000000000000e+01 2.000000000000000000e+01 6.000000000000000000e+01 0.000000000000000000e+00 1.600000000000000089e+00 1.649999999999999991e-03 2.347000000000000128e-03 9.999959999999999960e-01 -6.156899999999999873e-02 9.980999999999999872e-01 -2.240999999999999936e-03 -9.981010000000000160e-01 -6.156500000000000167e-02 1.791000000000000057e-03
2.000000000000000000e+00 2.100000000000000000e+01 6.000000000000000000e+01 0.000000000000000000e+00 1.600000000000000089e+00 6.220000000000000485e-04 5.282000000000000237e-03 9.999860000000000415e-01 -9.692800000000000027e-02 9.952779999999999960e-01 -5.197000000000000230e-03 -9.952910000000000368e-01 -9.692299999999999527e-02 1.131000000000000061e-03
6.000000000000000000e+00 2.100000000000000000e+01 6.000000000000000000e+01 0.000000000000000000e+00 1.600000000000000089e+00 1.474000000000000050e-03 3.155999999999999951e-03 9.999940000000000495e-01 -9.603100000000000525e-02 9.953739999999999810e-01 -3.000000000000000062e-03 -9.953769999999999563e-01 -9.602600000000000025e-02 1.771000000000000005e-03
1.800000000000000000e+01 2.100000000000000000e+01 6.000000000000000000e+01 0.000000000000000000e+00 1.600000000000000089e+00 6.620000000000000450e-04 -4.650000000000000270e-04 1.000000000000000000e+00 -9.585200000000000664e-02 9.953950000000000298e-01 5.259999999999999919e-04 -9.953950000000000298e-01 -9.585299999999999376e-02 6.139999999999999625e-04
2.200000000000000000e+01 2.100000000000000000e+01 6.000000000000000000e+01 0.000000000000000000e+00 1.600000000000000089e+00 -1.195000000000000099e-03 1.435999999999999993e-03 9.999980000000000535e-01 -9.606800000000000062e-02 9.953739999999999810e-01 -1.544000000000000017e-03 -9.953739999999999810e-01 -9.607000000000000262e-02 -1.051999999999999984e-03
2.600000000000000000e+01 2.100000000000000000e+01 6.000000000000000000e+01 0.000000000000000000e+00 1.600000000000000089e+00 -2.849999999999999886e-04 3.134000000000000067e-03 9.999949999999999672e-01 -9.352299999999999502e-02 9.956120000000000525e-01 -3.147000000000000058e-03 -9.956169999999999742e-01 -9.352299999999999502e-02 9.000000000000000228e-06
1.300000000000000000e+01 6.700000000000000000e+01 6.000000000000000000e+01 0.000000000000000000e+00 1.600000000000000089e+00 -7.960000000000000495e-04 -4.147999999999999778e-03 9.999909999999999632e-01 1.726419999999999899e-01 -9.849769999999999914e-01 -3.949000000000000253e-03 9.849839999999999707e-01 1.726380000000000137e-01 1.500000000000000031e-03
3.000000000000000000e+00 3.000000000000000000e+00 6.300000000000000000e+01 0.000000000000000000e+00 1.600000000000000089e+00 1.072999999999999952e-03 -5.373000000000000172e-03 9.999850000000000128e-01 -6.108839999999999826e-01 7.917049999999999921e-01 4.909000000000000169e-03 -7.917199999999999793e-01 -6.108799999999999786e-01 -2.432999999999999833e-03
2.100000000000000000e+01 3.000000000000000000e+00 6.300000000000000000e+01 0.000000000000000000e+00 1.600000000000000089e+00 -1.286000000000000034e-03 -7.531000000000000368e-03 9.999710000000000543e-01 -6.154020000000000046e-01 7.881970000000000365e-01 5.144000000000000135e-03 -7.882130000000000525e-01 -6.153769999999999518e-01 -5.648000000000000242e-03
2.900000000000000000e+01 3.000000000000000000e+00 6.300000000000000000e+01 0.000000000000000000e+00 1.600000000000000089e+00 2.707999999999999904e-03 -4.135999999999999920e-03 9.999879999999999880e-01 -6.133729999999999460e-01 7.897779999999999800e-01 4.928000000000000089e-03 -7.897880000000000456e-01 -6.133790000000000076e-01 -3.980000000000000248e-04
2.000000000000000000e+00 2.700000000000000000e+01 6.300000000000000000e+01 0.000000000000000000e+00 1.600000000000000089e+00 4.460000000000000422e-03 -9.853999999999999912e-03 9.999419999999999975e-01 -2.749710000000000210e-01 9.613930000000000531e-01 1.070100000000000044e-02 -9.614420000000000188e-01 -2.750029999999999974e-01 1.577999999999999976e-03
6.000000000000000000e+00 2.700000000000000000e+01 6.300000000000000000e+01 0.000000000000000000e+00 1.600000000000000089e+00 3.285999999999999859e-03 -4.242000000000000111e-03 9.999860000000000415e-01 -2.733160000000000034e-01 9.619119999999999893e-01 4.978999999999999919e-03 -9.619189999999999685e-01 -2.733280000000000154e-01 2.001000000000000174e-03
1.100000000000000000e+01 2.700000000000000000e+01 6.300000000000000000e+01 0.000000000000000000e+00 1.600000000000000089e+00 4.970000000000000459e-04 -1.881999999999999992e-03 9.999980000000000535e-01 -2.717589999999999728e-01 9.623629999999999685e-01 1.946000000000000030e-03 -9.623650000000000260e-01 -2.717600000000000016e-01 -3.300000000000000253e-05
1.900000000000000000e+01 2.700000000000000000e+01 6.300000000000000000e+01 0.000000000000000000e+00 1.600000000000000089e+00 1.310000000000000129e-04 -4.597000000000000391e-03 9.999890000000000168e-01 -2.750119999999999787e-01 9.614300000000000068e-01 4.455999999999999892e-03 -9.614409999999999901e-01 -2.750099999999999767e-01 -1.137999999999999906e-03
2.400000000000000000e+01 2.700000000000000000e+01 6.300000000000000000e+01 0.000000000000000000e+00 1.600000000000000089e+00 1.185999999999999988e-03 1.281999999999999936e-03 9.999980000000000535e-01 -2.749090000000000145e-01 9.614700000000000468e-01 -9.060000000000000128e-04 -9.614690000000000181e-01 -2.749079999999999857e-01 1.492999999999999969e-03
2.900000000000000000e+01 2.700000000000000000e+01 6.300000000000000000e+01 0.000000000000000000e+00 1.600000000000000089e+00 3.553999999999999868e-03 5.402999999999999817e-03 9.999789999999999512e-01 -2.770880000000000010e-01 9.608349999999999946e-01 -4.206999999999999802e-03 -9.608379999999999699e-01 -2.770670000000000077e-01 4.911999999999999700e-03
3.000000000000000000e+00 2.600000000000000000e+01 6.400000000000000000e+01 0.000000000000000000e+00 1.600000000000000089e+00 5.048999999999999669e-03 -6.530000000000000214e-03 9.999660000000000215e-01 -3.697810000000000263e-01 9.290850000000000497e-01 7.934000000000000080e-03 -9.291049999999999587e-01 -3.698089999999999988e-01 2.275999999999999811e-03
7.000000000000000000e+00 2.600000000000000000e+01 6.400000000000000000e+01 0.000000000000000000e+00 1.600000000000000089e+00 2.696000000000000046e-03 -2.673000000000000029e-03 9.999930000000000208e-01 -3.656670000000000198e-01 9.307389999999999830e-01 3.472999999999999959e-03 -9.307419999999999582e-01 -3.656739999999999990e-01 1.531999999999999942e-03
1.200000000000000000e+01 2.600000000000000000e+01 6.400000000000000000e+01 0.000000000000000000e+00 1.600000000000000089e+00 9.810000000000001011e-04 -3.969999999999999571e-03 9.999919999999999920e-01 -3.646750000000000269e-01 9.311260000000000092e-01 4.054000000000000312e-03 -9.311340000000000172e-01 -3.646760000000000002e-01 -5.339999999999999695e-04
1.700000000000000000e+01 2.600000000000000000e+01 6.400000000000000000e+01 0.000000000000000000e+00 1.600000000000000089e+00 5.590000000000000351e-04 -3.787000000000000002e-03 9.999930000000000208e-01 -3.685930000000000040e-01 9.295830000000000481e-01 3.726999999999999844e-03 -9.295909999999999451e-01 -3.685930000000000040e-01 -8.769999999999999584e-04
2.100000000000000000e+01 2.600000000000000000e+01 6.400000000000000000e+01 0.000000000000000000e+00 1.600000000000000089e+00 8.149999999999999693e-04 -3.706999999999999792e-03 9.999930000000000208e-01 -3.690120000000000067e-01 9.294170000000000487e-01 3.746000000000000198e-03 -9.294240000000000279e-01 -3.690129999999999799e-01 -6.099999999999999737e-04
2.800000000000000000e+01 2.600000000000000000e+01 6.400000000000000000e+01 0.000000000000000000e+00 1.600000000000000089e+00 3.661000000000000192e-03 5.970999999999999745e-03 9.999749999999999472e-01 -3.674109999999999876e-01 9.300490000000000146e-01 -4.207999999999999935e-03 -9.300519999999999898e-01 -3.673859999999999904e-01 5.597999999999999678e-03
3.000000000000000000e+00 6.900000000000000000e+01 6.600000000000000000e+01 0.000000000000000000e+00 1.600000000000000089e+00 -3.647000000000000068e-03 -5.813999999999999724e-03 9.999759999999999760e-01 -9.455430000000000224e-01 3.254929999999999768e-01 -1.556000000000000091e-03 -3.254759999999999875e-01 -9.455270000000000064e-01 -6.684999999999999970e-03
8.000000000000000000e+00 6.900000000000000000e+01 6.600000000000000000e+01 0.000000000000000000e+00 1.600000000000000089e+00 9.079999999999999530e-04 -1.431999999999999896e-03 9.999989999999999712e-01 -9.467210000000000347e-01 3.220520000000000049e-01 1.320999999999999909e-03 -3.220540000000000069e-01 -9.467210000000000347e-01 -1.062999999999999926e-03
1.700000000000000000e+01 6.900000000000000000e+01 6.600000000000000000e+01 0.000000000000000000e+00 1.600000000000000089e+00 -1.922000000000000097e-03 -6.296999999999999646e-03 9.999780000000000335e-01 -9.487630000000000230e-01 3.159890000000000199e-01 1.669999999999999935e-04 -3.159830000000000139e-01 -9.487419999999999742e-01 -6.582000000000000177e-03
2.800000000000000000e+01 6.900000000000000000e+01 6.600000000000000000e+01 0.000000000000000000e+00 1.600000000000000089e+00 -4.786999999999999589e-03 4.385000000000000009e-03 9.999789999999999512e-01 -9.475590000000000401e-01 3.195250000000000035e-01 -5.936999999999999569e-03 -3.195439999999999947e-01 -9.475679999999999659e-01 2.625999999999999862e-03
