2.000000000000000000e+00 2.500000000000000000e+01 1.000000000000000000e+00 0.000000000000000000e+00 1.600000000000000089e+00 4.670999999999999805e-03 -1.321699999999999958e-02 -9.999019999999999575e-01 -5.346779999999999866e-01 -8.450109999999999566e-01 8.671999999999999154e-03 -8.450429999999999886e-01 5.345849999999999769e-01 -1.101399999999999949e-02
6.000000000000000000e+00 2.500000000000000000e+01 1.000000000000000000e+00 0.000000000000000000e+00 1.600000000000000089e+00 3.031999999999999973e-03 -1.830999999999999945e-03 -9.999940000000000495e-01 -5.369709999999999761e-01 -8.436000000000000165e-01 -8.299999999999999815e-05 -8.435949999999999838e-01 5.369680000000000009e-01 -3.540999999999999877e-03
2.800000000000000000e+01 2.500000000000000000e+01 1.000000000000000000e+00 0.000000000000000000e+00 1.600000000000000089e+00 5.465000000000000240e-03 6.970000000000000284e-04 -9.999850000000000128e-01 -5.430230000000000334e-01 -8.397099999999999564e-01 -3.553000000000000169e-03 -8.397000000000000020e-01 5.430340000000000167e-01 -4.211000000000000333e-03
8.000000000000000000e+00 1.500000000000000000e+01 4.000000000000000000e+00 0.000000000000000000e+00 1.600000000000000089e+00 -1.190000000000000058e-04 1.473099999999999930e-02 9.998909999999999743e-01 2.921920000000000073e-01 -9.562549999999999661e-01 1.412300000000000014e-02 9.563599999999999879e-01 2.921619999999999773e-01 -4.191000000000000281e-03
1.100000000000000000e+01 1.500000000000000000e+01 4.000000000000000000e+00 0.000000000000000000e+00 1.600000000000000089e+00 -1.582999999999999989e-03 1.398100000000000037e-02 9.999010000000000398e-01 2.933749999999999969e-01 -9.558980000000000254e-01 1.383000000000000028e-02 9.559959999999999569e-01 2.933669999999999889e-01 -2.588000000000000023e-03
2.400000000000000000e+01 1.500000000000000000e+01 4.000000000000000000e+00 0.000000000000000000e+00 1.600000000000000089e+00 -8.859999999999999603e-04 3.537999999999999912e-03 9.999930000000000208e-01 2.863640000000000074e-01 -9.581140000000000212e-01 3.642999999999999971e-03 9.581210000000000004e-01 2.863649999999999807e-01 -1.640000000000000019e-04
2.100000000000000000e+01 1.600000000000000000e+01 4.000000000000000000e+00 0.000000000000000000e+00 1.600000000000000089e+00 -5.045000000000000005e-03 -7.870000000000000476e-04 9.999869999999999592e-01 3.550949999999999940e-01 -9.348300000000000498e-01 1.054999999999999948e-03 9.348170000000000091e-01 3.550960000000000227e-01 4.995999999999999573e-03
2.600000000000000000e+01 1.600000000000000000e+01 4.000000000000000000e+00 0.000000000000000000e+00 1.600000000000000089e+00 -5.550000000000000462e-04 5.197000000000000230e-03 9.999860000000000415e-01 3.535409999999999942e-01 -9.354050000000000420e-01 5.056999999999999863e-03 9.354190000000000005e-01 3.535389999999999922e-01 -1.319000000000000077e-03
3.000000000000000000e+01 1.600000000000000000e+01 4.000000000000000000e+00 0.000000000000000000e+00 1.600000000000000089e+00 -2.317000000000000049e-03 1.565999999999999901e-03 9.999959999999999960e-01 3.527609999999999912e-01 -9.357109999999999594e-01 2.282999999999999873e-03 9.357100000000000417e-01 3.527649999999999952e-01 1.616000000000000032e-03
9.000000000000000000e+00 1.010000000000000000e+02 7.000000000000000000e+00 0.000000000000000000e+00 1.600000000000000089e+00 8.859999999999999603e-04 2.403999999999999887e-03 9.999970000000000248e-01 8.834959999999999480e-01 4.684360000000000190e-01 -1.909000000000000107e-03 -4.684389999999999943e-01 8.834940000000000015e-01 -1.708000000000000100e-03
1.500000000000000000e+01 1.010000000000000000e+02 7.000000000000000000e+00 0.000000000000000000e+00 1.600000000000000089e+00 -1.312999999999999931e-03 -1.765000000000000076e-03 9.999980000000000535e-01 8.834910000000000263e-01 4.684440000000000270e-01 1.985999999999999918e-03 -4.684470000000000023e-01 8.834910000000000263e-01 9.439999999999999607e-04
2.200000000000000000e+01 1.010000000000000000e+02 7.000000000000000000e+00 0.000000000000000000e+00 1.600000000000000089e+00 7.600000000000000418e-04 -8.040000000000000271e-03 9.999670000000000503e-01 8.874410000000000354e-01 4.609110000000000151e-01 3.030999999999999840e-03 -4.609199999999999964e-01 8.874100000000000321e-01 7.485000000000000334e-03
2.700000000000000000e+01 1.010000000000000000e+02 7.000000000000000000e+00 0.000000000000000000e+00 1.600000000000000089e+00 -2.169999999999999891e-04 8.125999999999999543e-03 9.999670000000000503e-01 8.875760000000000316e-01 4.606480000000000019e-01 -3.550999999999999903e-03 -4.606620000000000159e-01 8.875459999999999461e-01 -7.313000000000000056e-03
9.000000000000000000e+00 1.500000000000000000e+01 8.000000000000000000e+00 0.000000000000000000e+00 1.600000000000000089e+00 4.640000000000000027e-03 1.342199999999999990e-02 -9.998989999999999823e-01 -5.906029999999999891e-01 -8.068480000000000096e-01 -1.357099999999999973e-02 -8.069490000000000274e-01 5.906059999999999643e-01 4.183000000000000086e-03
1.200000000000000000e+01 1.500000000000000000e+01 8.000000000000000000e+00 0.000000000000000000e+00 1.600000000000000089e+00 4.126999999999999592e-03 9.511000000000000357e-03 -9.999460000000000015e-01 -5.885789999999999633e-01 -8.083770000000000122e-01 -1.011800000000000026e-02 -8.084289999999999532e-01 5.885890000000000288e-01 2.262000000000000122e-03
1.800000000000000000e+01 1.500000000000000000e+01 8.000000000000000000e+00 0.000000000000000000e+00 1.600000000000000089e+00 2.912999999999999791e-03 -2.882000000000000013e-03 -9.999919999999999920e-01 -5.875240000000000462e-01 -8.092059999999999809e-01 6.210000000000000242e-04 -8.092009999999999481e-01 5.875169999999999559e-01 -4.050999999999999913e-03
2.400000000000000000e+01 1.500000000000000000e+01 8.000000000000000000e+00 0.000000000000000000e+00 1.600000000000000089e+00 2.575000000000000032e-03 7.080999999999999621e-03 -9.999719999999999720e-01 -5.839159999999999906e-01 -8.117820000000000036e-01 -7.251999999999999766e-03 -8.118100000000000316e-01 5.839180000000000481e-01 2.043999999999999810e-03
2.500000000000000000e+01 2.600000000000000000e+01 8.000000000000000000e+00 0.000000000000000000e+00 1.600000000000000089e+00 -3.850000000000000124e-03 -1.402199999999999974e-02 -9.998939999999999495e-01 4.075059999999999794e-01 9.130890000000000395e-01 -1.437300000000000036e-02 9.131939999999999502e-01 -4.075179999999999914e-01 2.197999999999999867e-03
2.900000000000000000e+01 2.600000000000000000e+01 8.000000000000000000e+00 0.000000000000000000e+00 1.600000000000000089e+00 -2.487000000000000061e-03 -7.268000000000000155e-03 -9.999710000000000543e-01 4.084209999999999785e-01 9.127619999999999623e-01 -7.649999999999999682e-03 9.127899999999999903e-01 -4.084280000000000133e-01 6.989999999999999686e-04
6.000000000000000000e+00 2.400000000000000000e+01 9.000000000000000000e+00 0.000000000000000000e+00 1.600000000000000089e+00 -3.641999999999999838e-03 -6.829000000000000001e-03 -9.999700000000000255e-01 4.597490000000000188e-01 8.880149999999999988e-01 -7.738000000000000086e-03 8.880409999999999693e-01 -4.597640000000000060e-01 -9.399999999999999448e-05
1.600000000000000000e+01 2.400000000000000000e+01 9.000000000000000000e+00 0.000000000000000000e+00 1.600000000000000089e+00 -1.641000000000000097e-03 1.090000000000000040e-03 -9.999980000000000535e-01 4.597550000000000248e-01 8.880460000000000020e-01 2.130000000000000003e-04 8.880439999999999445e-01 -4.597530000000000228e-01 -1.958000000000000105e-03
1.900000000000000000e+01 2.400000000000000000e+01 9.000000000000000000e+00 0.000000000000000000e+00 1.600000000000000089e+00 -2.217999999999999920e-03 -3.129999999999999970e-03 -9.999930000000000208e-01 4.594840000000000035e-01 8.881780000000000230e-01 -3.799999999999999992e-03 8.881829999999999448e-01 -4.594889999999999808e-01 -5.310000000000000050e-04
2.400000000000000000e+01 2.400000000000000000e+01 9.000000000000000000e+00 0.000000000000000000e+00 1.600000000000000089e+00 -4.155999999999999972e-03 -1.628399999999999986e-02 -9.998590000000000533e-01 4.589529999999999998e-01 8.883100000000000440e-01 -1.637500000000000067e-02 8.884509999999999907e-01 -4.589559999999999751e-01 3.781000000000000073e-03
5.000000000000000000e+00 1.040000000000000000e+02 1.100000000000000000e+01 0.000000000000000000e+00 1.600000000000000089e+00 2.615999999999999836e-03 -1.005699999999999997e-02 9.999460000000000015e-01 -9.744199999999999529e-01 -2.247319999999999873e-01 2.889999999999999774e-04 2.247170000000000001e-01 -9.743690000000000406e-01 -1.038799999999999966e-02
4.000000000000000000e+00 3.100000000000000000e+01 1.200000000000000000e+01 0.000000000000000000e+00 1.600000000000000089e+00 -8.080000000000000160e-04 -5.978999999999999940e-03 9.999820000000000375e-01 1.690000000000000096e-03 9.999810000000000088e-01 5.980000000000000072e-03 -9.999980000000000535e-01 1.694999999999999892e-03 -7.979999999999999897e-04
2.800000000000000000e+01 3.100000000000000000e+01 1.200000000000000000e+01 0.000000000000000000e+00 1.600000000000000089e+00 -9.740000000000000394e-04 2.739999999999999923e-04 1.000000000000000000e+00 -2.356400000000000161e-02 9.997219999999999995e-01 -2.970000000000000092e-04 -9.997219999999999995e-01 -2.356400000000000161e-02 -9.669999999999999776e-04
2.100000000000000000e+01 3.200000000000000000e+01 1.400000000000000000e+01 0.000000000000000000e+00 1.600000000000000089e+00 -2.418000000000000010e-03 -4.886999999999999851e-03 -9.999850000000000128e-01 1.121739999999999959e-01 9.936749999999999750e-01 -5.126999999999999613e-03 9.936859999999999582e-01 -1.121840000000000059e-01 -1.855000000000000095e-03
1.000000000000000000e+01 1.200000000000000000e+01 1.500000000000000000e+01 0.000000000000000000e+00 1.600000000000000089e+00 1.918000000000000000e-03 2.285999999999999838e-03 -9.999959999999999960e-01 -4.675079999999999791e-01 -8.839839999999999920e-01 -2.918000000000000021e-03 -8.839869999999999672e-01 4.675119999999999831e-01 -6.260000000000000373e-04
1.800000000000000000e+01 1.200000000000000000e+01 1.500000000000000000e+01 0.000000000000000000e+00 1.600000000000000089e+00 2.950000000000000148e-04 -1.634999999999999952e-03 -9.999989999999999712e-01 -4.688610000000000277e-01 -8.832710000000000283e-01 1.304999999999999953e-03 -8.832719999999999461e-01 4.688599999999999990e-01 -1.026999999999999918e-03
2.200000000000000000e+01 1.200000000000000000e+01 1.500000000000000000e+01 0.000000000000000000e+00 1.600000000000000089e+00 3.570000000000000040e-04 -1.399999999999999877e-04 -1.000000000000000000e+00 -4.679220000000000046e-01 -8.837699999999999445e-01 -4.300000000000000165e-05 -8.837699999999999445e-01 4.679220000000000046e-01 -3.809999999999999910e-04
2.900000000000000000e+01 1.200000000000000000e+01 1.500000000000000000e+01 0.000000000000000000e+00 1.600000000000000089e+00 2.658999999999999905e-03 -4.889999999999999599e-04 -9.999959999999999960e-01 -4.667950000000000155e-01 -8.843649999999999567e-01 -8.090000000000000403e-04 -8.843619999999999814e-01 4.667950000000000155e-01 -2.579000000000000129e-03
1.800000000000000000e+01 1.100000000000000000e+01 1.600000000000000000e+01 0.000000000000000000e+00 1.600000000000000089e+00 -1.259999999999999998e-04 -3.460000000000000076e-04 -1.000000000000000000e+00 -4.212310000000000221e-01 -9.069530000000000092e-01 3.669999999999999760e-04 -9.069530000000000092e-01 4.212310000000000221e-01 -3.199999999999999855e-05
2.200000000000000000e+01 1.100000000000000000e+01 1.600000000000000000e+01 0.000000000000000000e+00 1.600000000000000089e+00 9.699999999999999963e-05 4.240000000000000062e-04 -1.000000000000000000e+00 -4.202779999999999849e-01 -9.073949999999999516e-01 -4.249999999999999763e-04 -9.073949999999999516e-01 4.202779999999999849e-01 9.000000000000000567e-05
2.500000000000000000e+01 1.100000000000000000e+01 1.600000000000000000e+01 0.000000000000000000e+00 1.600000000000000089e+00 1.681999999999999901e-03 -1.399999999999999979e-05 -9.999989999999999712e-01 -4.190159999999999996e-01 -9.079789999999999806e-01 -6.920000000000000153e-04 -9.079770000000000341e-01 4.190159999999999996e-01 -1.533000000000000074e-03
5.000000000000000000e+00 1.160000000000000000e+02 1.600000000000000000e+01 0.000000000000000000e+00 1.600000000000000089e+00 -1.886000000000000090e-03 -8.149999999999999693e-04 9.999980000000000535e-01 7.086540000000000061e-01 7.055529999999999857e-01 1.910999999999999938e-03 -7.055529999999999857e-01 7.086559999999999526e-01 -7.529999999999999801e-04
1.000000000000000000e+01 1.160000000000000000e+02 1.600000000000000000e+01 0.000000000000000000e+00 1.600000000000000089e+00 4.760000000000000234e-04 -2.229999999999999994e-04 1.000000000000000000e+00 7.087689999999999824e-01 7.054409999999999847e-01 -1.800000000000000113e-04 -7.054399999999999560e-01 7.087689999999999824e-01 4.929999999999999487e-04
1.500000000000000000e+01 1.160000000000000000e+02 1.600000000000000000e+01 0.000000000000000000e+00 1.600000000000000089e+00 1.770000000000000089e-03 6.710000000000000469e-04 9.999980000000000535e-01 7.036299999999999777e-01 7.105650000000000022e-01 -1.722999999999999922e-03 -7.105650000000000022e-01 7.036320000000000352e-01 7.860000000000000233e-04
1.900000000000000000e+01 1.160000000000000000e+02 1.600000000000000000e+01 0.000000000000000000e+00 1.600000000000000089e+00 -1.716000000000000077e-03 -1.877999999999999895e-03 9.999970000000000248e-01 6.967820000000000125e-01 7.172789999999999999e-01 2.543000000000000121e-03 -7.172809999999999464e-01 6.967839999999999590e-01 7.700000000000000139e-05
2.800000000000000000e+01 1.160000000000000000e+02 1.600000000000000000e+01 0.000000000000000000e+00 1.600000000000000089e+00 6.279999999999999775e-04 2.413000000000000214e-03 9.999970000000000248e-01 7.354159999999999586e-01 6.776130000000000209e-01 -2.096999999999999906e-03 -6.776159999999999961e-01 7.354150000000000409e-01 -1.348999999999999939e-03
1.300000000000000000e+01 2.000000000000000000e+00 1.900000000000000000e+01 0.000000000000000000e+00 1.600000000000000089e+00 6.930000000000000396e-04 -4.976000000000000388e-03 -9.999869999999999592e-01 1.841170000000000029e-01 -9.828919999999999879e-01 5.017999999999999891e-03 -9.829039999999999999e-01 -1.841180000000000039e-01 2.349999999999999930e-04
1.700000000000000000e+01 2.000000000000000000e+00 1.900000000000000000e+01 0.000000000000000000e+00 1.600000000000000089e+00 -1.815999999999999906e-03 4.291999999999999808e-03 -9.999890000000000168e-01 1.798790000000000111e-01 -9.836780000000000523e-01 -4.547999999999999959e-03 -9.836869999999999781e-01 -1.798849999999999894e-01 1.013999999999999927e-03
2.100000000000000000e+01 2.000000000000000000e+00 1.900000000000000000e+01 0.000000000000000000e+00 1.600000000000000089e+00 -2.906000000000000163e-03 4.337999999999999842e-03 -9.999860000000000415e-01 1.735540000000000138e-01 -9.848130000000000495e-01 -4.776999999999999996e-03 -9.848200000000000287e-01 -1.735659999999999981e-01 2.109000000000000197e-03
2.700000000000000000e+01 2.000000000000000000e+00 1.900000000000000000e+01 0.000000000000000000e+00 1.600000000000000089e+00 -1.273999999999999959e-03 6.727000000000000340e-03 -9.999770000000000048e-01 1.741600000000000092e-01 -9.846939999999999582e-01 -6.845999999999999655e-03 -9.847160000000000357e-01 -1.741649999999999865e-01 8.299999999999999815e-05
1.600000000000000000e+01 4.000000000000000000e+00 2.000000000000000000e+01 0.000000000000000000e+00 1.600000000000000089e+00 -1.505000000000000044e-03 -2.759999999999999867e-04 -9.999989999999999712e-01 2.731669999999999932e-01 -9.619670000000000165e-01 -1.459999999999999981e-04 -9.619649999999999590e-01 -2.731669999999999932e-01 1.523000000000000048e-03
2.000000000000000000e+01 4.000000000000000000e+00 2.000000000000000000e+01 0.000000000000000000e+00 1.600000000000000089e+00 -2.952999999999999896e-03 4.645999999999999956e-03 -9.999850000000000128e-01 2.615410000000000235e-01 -9.651779999999999804e-01 -5.256000000000000255e-03 -9.651880000000000459e-01 -2.615520000000000067e-01 1.634999999999999952e-03
2.400000000000000000e+01 4.000000000000000000e+00 2.000000000000000000e+01 0.000000000000000000e+00 1.600000000000000089e+00 5.720000000000000258e-04 8.399999999999999535e-05 -1.000000000000000000e+00 2.532280000000000086e-01 -9.674070000000000169e-01 6.299999999999999990e-05 -9.674059999999999881e-01 -2.532280000000000086e-01 -5.749999999999999903e-04
4.000000000000000000e+00 1.300000000000000000e+01 2.000000000000000000e+01 0.000000000000000000e+00 1.600000000000000089e+00 -4.310000000000000137e-04 -1.649999999999999991e-03 9.999989999999999712e-01 2.571030000000000260e-01 9.663829999999999920e-01 1.704999999999999918e-03 -9.663840000000000208e-01 2.571030000000000260e-01 7.999999999999999638e-06
1.000000000000000000e+01 1.300000000000000000e+01 2.000000000000000000e+01 0.000000000000000000e+00 1.600000000000000089e+00 7.159999999999999481e-04 2.680000000000000090e-04 1.000000000000000000e+00 2.572519999999999807e-01 9.663439999999999808e-01 -4.440000000000000045e-04 -9.663439999999999808e-01 2.572530000000000094e-01 6.229999999999999644e-04
1.400000000000000000e+01 1.300000000000000000e+01 2.000000000000000000e+01 0.000000000000000000e+00 1.600000000000000089e+00 8.329999999999999731e-04 1.279999999999999942e-04 1.000000000000000000e+00 2.544790000000000108e-01 9.670779999999999932e-01 -3.359999999999999814e-04 -9.670779999999999932e-01 2.544799999999999840e-01 7.730000000000000326e-04
1.700000000000000000e+01 1.300000000000000000e+01 2.000000000000000000e+01 0.000000000000000000e+00 1.600000000000000089e+00 -2.400000000000000061e-05 -1.255000000000000039e-03 9.999989999999999712e-01 2.524609999999999910e-01 9.676059999999999661e-01 1.219999999999999947e-03 -9.676069999999999949e-01 2.524609999999999910e-01 2.930000000000000204e-04
2.100000000000000000e+01 1.300000000000000000e+01 2.000000000000000000e+01 0.000000000000000000e+00 1.600000000000000089e+00 -2.039999999999999984e-04 -1.835999999999999958e-03 9.999980000000000535e-01 2.531120000000000037e-01 9.674350000000000449e-01 1.827999999999999981e-03 -9.674369999999999914e-01 2.531120000000000037e-01 2.680000000000000090e-04
2.500000000000000000e+01 1.300000000000000000e+01 2.000000000000000000e+01 0.000000000000000000e+00 1.600000000000000089e+00 -2.420000000000000005e-04 -3.000000000000000062e-03 9.999959999999999960e-01 2.535430000000000184e-01 9.673199999999999577e-01 2.962999999999999922e-03 -9.673239999999999617e-01 2.535419999999999896e-01 5.259999999999999919e-04
2.800000000000000000e+01 1.300000000000000000e+01 2.000000000000000000e+01 0.000000000000000000e+00 1.600000000000000089e+00 4.110000000000000155e-04 -2.856000000000000032e-03 9.999959999999999960e-01 2.517260000000000053e-01 9.677949999999999608e-01 2.660000000000000038e-03 -9.677980000000000471e-01 2.517240000000000033e-01 1.116000000000000021e-03
4.000000000000000000e+00 1.600000000000000000e+01 2.100000000000000000e+01 0.000000000000000000e+00 1.600000000000000089e+00 -1.559999999999999972e-04 -3.043000000000000132e-03 9.999949999999999672e-01 2.968069999999999875e-01 9.549330000000000318e-01 2.952000000000000197e-03 -9.549370000000000358e-01 2.968060000000000143e-01 7.540000000000000044e-04
7.000000000000000000e+00 1.600000000000000000e+01 2.100000000000000000e+01 0.000000000000000000e+00 1.600000000000000089e+00 -1.430000000000000064e-04 3.890000000000000228e-04 1.000000000000000000e+00 2.973589999999999844e-01 9.547660000000000036e-01 -3.289999999999999739e-04 -9.547660000000000036e-01 2.973589999999999844e-01 -2.519999999999999996e-04
1.300000000000000000e+01 1.600000000000000000e+01 2.100000000000000000e+01 0.000000000000000000e+00 1.600000000000000089e+00 5.379999999999999583e-04 4.473000000000000413e-03 9.999900000000000455e-01 2.987319999999999975e-01 9.543270000000000364e-01 -4.428999999999999777e-03 -9.543369999999999909e-01 2.987310000000000243e-01 -8.220000000000000310e-04
2.200000000000000000e+01 1.600000000000000000e+01 2.100000000000000000e+01 0.000000000000000000e+00 1.600000000000000089e+00 4.229999999999999819e-04 6.629999999999999609e-04 1.000000000000000000e+00 3.003520000000000079e-01 9.538280000000000092e-01 -7.600000000000000418e-04 -9.538280000000000092e-01 3.003520000000000079e-01 2.039999999999999984e-04
2.800000000000000000e+01 1.600000000000000000e+01 2.100000000000000000e+01 0.000000000000000000e+00 1.600000000000000089e+00 -6.089999999999999494e-04 -2.108000000000000065e-03 9.999980000000000535e-01 2.987850000000000228e-01 9.543179999999999996e-01 2.194000000000000204e-03 -9.543199999999999461e-01 2.987859999999999960e-01 4.899999999999999842e-05
4.000000000000000000e+00 3.000000000000000000e+00 2.500000000000000000e+01 0.000000000000000000e+00 1.600000000000000089e+00 -6.681000000000000306e-03 2.053999999999999836e-03 9.999759999999999760e-01 -2.829999999999999877e-02 -9.995979999999999865e-01 1.863999999999999988e-03 9.995770000000000488e-01 -2.828699999999999964e-02 6.735999999999999800e-03
1.300000000000000000e+01 3.000000000000000000e+00 2.500000000000000000e+01 0.000000000000000000e+00 1.600000000000000089e+00 -2.039999999999999984e-04 1.463000000000000108e-03 9.999989999999999712e-01 -2.563500000000000154e-02 -9.996699999999999475e-01 1.456999999999999962e-03 9.996709999999999763e-01 -2.563500000000000154e-02 2.410000000000000033e-04
1.600000000000000000e+01 3.000000000000000000e+00 2.500000000000000000e+01 0.000000000000000000e+00 1.600000000000000089e+00 1.711999999999999980e-03 5.998999999999999992e-03 9.999810000000000088e-01 -2.154500000000000165e-02 -9.997500000000000275e-01 6.035000000000000434e-03 9.997660000000000435e-01 -2.155500000000000124e-02 -1.582999999999999989e-03
3.000000000000000000e+00 4.600000000000000000e+01 2.700000000000000000e+01 0.000000000000000000e+00 1.600000000000000089e+00 -2.014000000000000165e-03 -1.016999999999999892e-03 -9.999970000000000248e-01 6.575839999999999463e-01 7.533790000000000209e-01 -2.090999999999999977e-03 7.533790000000000209e-01 -6.575860000000000039e-01 -8.490000000000000368e-04
1.000000000000000000e+01 4.600000000000000000e+01 2.700000000000000000e+01 0.000000000000000000e+00 1.600000000000000089e+00 -5.529999999999999976e-04 1.910000000000000077e-04 -1.000000000000000000e+00 6.649810000000000443e-01 7.468609999999999971e-01 -2.259999999999999910e-04 7.468599999999999683e-01 -6.649810000000000443e-01 -5.400000000000000069e-04
1.500000000000000000e+01 4.600000000000000000e+01 2.700000000000000000e+01 0.000000000000000000e+00 1.600000000000000089e+00 1.804000000000000048e-03 3.020000000000000223e-04 -9.999980000000000535e-01 6.631359999999999477e-01 7.484969999999999679e-01 1.423000000000000003e-03 7.484960000000000502e-01 -6.631380000000000052e-01 1.149999999999999981e-03
2.300000000000000000e+01 4.600000000000000000e+01 2.700000000000000000e+01 0.000000000000000000e+00 1.600000000000000089e+00 -1.412999999999999977e-03 -2.629999999999999959e-04 -9.999989999999999712e-01 6.632890000000000175e-01 7.483619999999999717e-01 -1.134000000000000025e-03 7.483619999999999717e-01 -6.632900000000000462e-01 -8.829999999999999958e-04
2.900000000000000000e+01 4.600000000000000000e+01 2.700000000000000000e+01 0.000000000000000000e+00 1.600000000000000089e+00 2.837000000000000112e-03 3.350000000000000113e-04 -9.999959999999999960e-01 6.569660000000000499e-01 7.539169999999999483e-01 2.115999999999999825e-03 7.539150000000000018e-01 -6.569690000000000252e-01 1.918999999999999916e-03
2.000000000000000000e+00 5.800000000000000000e+01 3.100000000000000000e+01 0.000000000000000000e+00 1.600000000000000089e+00 2.243999999999999901e-03 6.738000000000000066e-03 9.999749999999999472e-01 -7.914299999999999669e-01 -6.112309999999999688e-01 5.893999999999999934e-03 6.112549999999999928e-01 -7.914240000000000164e-01 3.962000000000000244e-03
9.000000000000000000e+00 5.800000000000000000e+01 3.100000000000000000e+01 0.000000000000000000e+00 1.600000000000000089e+00 4.970000000000000459e-04 -4.185999999999999617e-03 9.999909999999999632e-01 -7.912700000000000289e-01 -6.114629999999999788e-01 -2.165999999999999957e-03 6.114669999999999828e-01 -7.912620000000000209e-01 -3.615999999999999857e-03
1.600000000000000000e+01 5.800000000000000000e+01 3.100000000000000000e+01 0.000000000000000000e+00 1.600000000000000089e+00 6.774999999999999772e-03 1.136999999999999990e-03 9.999759999999999760e-01 -7.841730000000000089e-01 -6.205129999999999812e-01 6.019000000000000045e-03 6.205060000000000020e-01 -7.841949999999999754e-01 -3.311999999999999840e-03
2.400000000000000000e+01 5.800000000000000000e+01 3.100000000000000000e+01 0.000000000000000000e+00 1.600000000000000089e+00 1.495999999999999934e-03 3.380999999999999891e-03 9.999930000000000208e-01 -7.759610000000000118e-01 -6.307719999999999994e-01 3.294000000000000053e-03 6.307779999999999498e-01 -7.759610000000000118e-01 1.680000000000000070e-03
2.900000000000000000e+01 5.800000000000000000e+01 3.100000000000000000e+01 0.000000000000000000e+00 1.600000000000000089e+00 2.614000000000000004e-03 4.754000000000000413e-03 9.999850000000000128e-01 -7.693299999999999583e-01 -6.388319999999999554e-01 5.048000000000000403e-03 6.388470000000000537e-01 -7.693309999999999871e-01 1.988000000000000184e-03
2.000000000000000000e+00 6.000000000000000000e+00 3.200000000000000000e+01 0.000000000000000000e+00 1.600000000000000089e+00 -1.699999999999999987e-05 -4.178000000000000290e-03 -9.999909999999999632e-01 1.419120000000000104e-01 9.898709999999999454e-01 -4.138000000000000185e-03 9.898789999999999534e-01 -1.419110000000000094e-01 5.760000000000000146e-04
1.600000000000000000e+01 6.000000000000000000e+00 3.200000000000000000e+01 0.000000000000000000e+00 1.600000000000000089e+00 -2.779999999999999811e-04 -5.512999999999999672e-03 -9.999850000000000128e-01 1.547169999999999934e-01 9.879440000000000444e-01 -5.490000000000000088e-03 9.879590000000000316e-01 -1.547159999999999924e-01 5.789999999999999791e-04
5.000000000000000000e+00 4.600000000000000000e+01 3.500000000000000000e+01 0.000000000000000000e+00 1.600000000000000089e+00 4.000000000000000192e-04 1.008999999999999914e-03 -9.999989999999999712e-01 3.816559999999999953e-01 -9.243040000000000145e-01 -7.799999999999999859e-04 -9.243040000000000145e-01 -3.816559999999999953e-01 -7.550000000000000287e-04
1.000000000000000000e+01 4.600000000000000000e+01 3.500000000000000000e+01 0.000000000000000000e+00 1.600000000000000089e+00 -1.381999999999999982e-03 4.707000000000000246e-03 -9.999879999999999880e-01 3.836289999999999978e-01 -9.234740000000000171e-01 -4.877000000000000259e-03 -9.234860000000000291e-01 -3.836309999999999998e-01 -5.299999999999999807e-04
1.400000000000000000e+01 4.600000000000000000e+01 3.500000000000000000e+01 0.000000000000000000e+00 1.600000000000000089e+00 1.242999999999999964e-03 3.789999999999999966e-04 -9.999989999999999712e-01 3.857349999999999945e-01 -9.226100000000000412e-01 1.299999999999999886e-04 -9.226090000000000124e-01 -3.857349999999999945e-01 -1.293000000000000095e-03
1.700000000000000000e+01 4.600000000000000000e+01 3.500000000000000000e+01 0.000000000000000000e+00 1.600000000000000089e+00 -9.089999999999999773e-04 -2.282999999999999873e-03 -9.999970000000000248e-01 3.863929999999999865e-01 -9.223329999999999584e-01 1.755000000000000050e-03 -9.223339999999999872e-01 -3.863900000000000112e-01 1.719999999999999958e-03
2.100000000000000000e+01 4.600000000000000000e+01 3.500000000000000000e+01 0.000000000000000000e+00 1.600000000000000089e+00 -1.534999999999999906e-03 2.990000000000000036e-04 -9.999989999999999712e-01 3.858539999999999748e-01 -9.225590000000000179e-01 -8.679999999999999565e-04 -9.225579999999999892e-01 -3.858550000000000035e-01 1.301000000000000073e-03
2.700000000000000000e+01 4.600000000000000000e+01 3.500000000000000000e+01 0.000000000000000000e+00 1.600000000000000089e+00 3.310000000000000225e-04 -3.468000000000000162e-03 -9.999940000000000495e-01 3.856720000000000148e-01 -9.226299999999999502e-01 3.327000000000000096e-03 -9.226360000000000117e-01 -3.856709999999999861e-01 1.031999999999999931e-03
5.000000000000000000e+00 9.500000000000000000e+01 3.600000000000000000e+01 0.000000000000000000e+00 1.600000000000000089e+00 -4.618999999999999842e-03 8.840000000000000201e-04 9.999890000000000168e-01 9.957420000000000160e-01 9.206999999999999906e-02 4.518000000000000314e-03 -9.206499999999999406e-02 9.957519999999999705e-01 -1.304999999999999953e-03
9.000000000000000000e+00 9.500000000000000000e+01 3.600000000000000000e+01 0.000000000000000000e+00 1.600000000000000089e+00 -1.093000000000000005e-03 -9.510000000000000224e-04 9.999989999999999712e-01 9.959770000000000012e-01 8.960500000000000409e-02 1.173999999999999913e-03 -8.960600000000000509e-02 9.959770000000000012e-01 8.490000000000000368e-04
1.500000000000000000e+01 9.500000000000000000e+01 3.600000000000000000e+01 0.000000000000000000e+00 1.600000000000000089e+00 1.268999999999999946e-03 1.896000000000000116e-02 9.998190000000000133e-01 9.966110000000000246e-01 8.220600000000000129e-02 -2.824000000000000121e-03 -8.224399999999999766e-02 9.964349999999999596e-01 -1.879099999999999868e-02
2.100000000000000000e+01 9.500000000000000000e+01 3.600000000000000000e+01 0.000000000000000000e+00 1.600000000000000089e+00 3.996000000000000420e-03 -5.295000000000000227e-03 9.999780000000000335e-01 9.970630000000000326e-01 7.650700000000000556e-02 -3.579000000000000150e-03 -7.648599999999999843e-02 9.970550000000000246e-01 5.584999999999999687e-03
2.900000000000000000e+01 9.500000000000000000e+01 3.600000000000000000e+01 0.000000000000000000e+00 1.600000000000000089e+00 -1.634000000000000036e-03 2.786999999999999981e-03 9.999949999999999672e-01 9.965289999999999981e-01 8.323200000000000043e-02 1.396000000000000105e-03 -8.322799999999999643e-02 9.965260000000000229e-01 -2.912999999999999791e-03
2.000000000000000000e+00 3.000000000000000000e+00 4.300000000000000000e+01 0.000000000000000000e+00 1.600000000000000089e+00 -4.849000000000000012e-03 -1.599400000000000127e-02 -9.998599999999999710e-01 7.467679999999999874e-01 -6.650470000000000548e-01 7.016999999999999800e-03 -6.650669999999999638e-01 -7.466300000000000159e-01 1.516799999999999919e-02
6.000000000000000000e+00 3.000000000000000000e+00 4.300000000000000000e+01 0.000000000000000000e+00 1.600000000000000089e+00 -5.588000000000000085e-03 -5.278999999999999838e-03 -9.999700000000000255e-01 7.470890000000000031e-01 -6.647239999999999815e-01 -6.660000000000000338e-04 -6.647009999999999863e-01 -7.470700000000000118e-01 7.659000000000000009e-03
1.300000000000000000e+01 3.000000000000000000e+00 4.300000000000000000e+01 0.000000000000000000e+00 1.600000000000000089e+00 2.900000000000000017e-04 2.286900000000000044e-02 -9.997380000000000155e-01 7.424770000000000536e-01 -6.697009999999999907e-01 -1.510399999999999937e-02 -6.698709999999999942e-01 -7.422790000000000221e-01 -1.717399999999999829e-02
2.100000000000000000e+01 3.000000000000000000e+00 4.300000000000000000e+01 0.000000000000000000e+00 1.600000000000000089e+00 8.100000000000000375e-05 1.417900000000000063e-02 -9.998989999999999823e-01 7.397049999999999459e-01 -6.728650000000000464e-01 -9.480999999999999844e-03 -6.729319999999999746e-01 -7.396300000000000097e-01 -1.054300000000000029e-02
6.000000000000000000e+00 8.000000000000000000e+00 4.400000000000000000e+01 0.000000000000000000e+00 1.600000000000000089e+00 4.710000000000000102e-04 -1.912000000000000071e-03 9.999980000000000535e-01 -7.683280000000000109e-01 -6.400559999999999583e-01 -8.620000000000000275e-04 6.400559999999999583e-01 -7.683259999999999534e-01 -1.770000000000000089e-03
1.000000000000000000e+01 8.000000000000000000e+00 4.400000000000000000e+01 0.000000000000000000e+00 1.600000000000000089e+00 3.579000000000000150e-03 5.582000000000000156e-03 9.999780000000000335e-01 -7.694900000000000073e-01 -6.386279999999999735e-01 6.318999999999999964e-03 6.386490000000000222e-01 -7.694950000000000401e-01 2.008999999999999935e-03
1.800000000000000000e+01 8.000000000000000000e+00 4.400000000000000000e+01 0.000000000000000000e+00 1.600000000000000089e+00 4.275000000000000154e-03 1.484700000000000082e-02 9.998810000000000198e-01 -7.747939999999999827e-01 -6.320869999999999544e-01 1.269799999999999922e-02 6.321999999999999842e-01 -7.747549999999999715e-01 8.800999999999999795e-03
2.500000000000000000e+01 8.000000000000000000e+00 4.400000000000000000e+01 0.000000000000000000e+00 1.600000000000000089e+00 5.199999999999999544e-04 5.931999999999999773e-03 9.999820000000000375e-01 -7.788640000000000008e-01 -6.271799999999999597e-01 4.125000000000000194e-03 6.271930000000000005e-01 -7.788519999999999888e-01 4.294000000000000074e-03
2.900000000000000000e+01 8.000000000000000000e+00 4.400000000000000000e+01 0.000000000000000000e+00 1.600000000000000089e+00 7.550000000000000287e-04 1.165700000000000069e-02 9.999320000000000430e-01 -7.836130000000000040e-01 -6.211999999999999744e-01 7.834000000000000685e-03 6.212490000000000512e-01 -7.835649999999999560e-01 8.666000000000000092e-03
1.000000000000000000e+00 2.900000000000000000e+01 4.400000000000000000e+01 0.000000000000000000e+00 1.600000000000000089e+00 1.691999999999999928e-03 -2.030000000000000120e-03 -9.999959999999999960e-01 6.564079999999999915e-01 7.544060000000000210e-01 -4.209999999999999875e-04 7.544039999999999635e-01 -6.564050000000000162e-01 2.609000000000000208e-03
9.000000000000000000e+00 2.900000000000000000e+01 4.400000000000000000e+01 0.000000000000000000e+00 1.600000000000000089e+00 2.067999999999999960e-03 -5.512000000000000406e-03 -9.999829999999999552e-01 6.721500000000000252e-01 7.404100000000000126e-01 -2.690999999999999816e-03 7.404119999999999591e-01 -6.721329999999999805e-01 5.236000000000000203e-03
1.200000000000000000e+01 2.900000000000000000e+01 4.400000000000000000e+01 0.000000000000000000e+00 1.600000000000000089e+00 1.066000000000000107e-03 -1.018000000000000025e-03 -9.999989999999999712e-01 6.781319999999999570e-01 7.349400000000000377e-01 -2.500000000000000120e-05 7.349390000000000089e-01 -6.781310000000000393e-01 1.474000000000000050e-03
1.700000000000000000e+01 2.900000000000000000e+01 4.400000000000000000e+01 0.000000000000000000e+00 1.600000000000000089e+00 -1.860000000000000108e-03 4.192999999999999679e-03 -9.999900000000000455e-01 6.763719999999999732e-01 7.365580000000000460e-01 1.830000000000000029e-03 7.365580000000000460e-01 -6.763620000000000188e-01 -4.205999999999999669e-03
2.500000000000000000e+01 2.900000000000000000e+01 4.400000000000000000e+01 0.000000000000000000e+00 1.600000000000000089e+00 -3.510000000000000208e-04 2.592999999999999819e-03 -9.999970000000000248e-01 6.735929999999999973e-01 7.391010000000000080e-01 1.680999999999999986e-03 7.391029999999999545e-01 -6.735900000000000221e-01 -2.005999999999999971e-03
3.000000000000000000e+01 2.900000000000000000e+01 4.400000000000000000e+01 0.000000000000000000e+00 1.600000000000000089e+00 -5.500000000000000331e-04 3.766999999999999949e-03 -9.999930000000000208e-01 6.684710000000000374e-01 7.437350000000000350e-01 2.433999999999999966e-03 7.437380000000000102e-01 -6.684639999999999471e-01 -2.926999999999999914e-03
3.000000000000000000e+01 5.400000000000000000e+01 4.600000000000000000e+01 0.000000000000000000e+00 1.600000000000000089e+00 -4.229000000000000120e-03 4.577999999999999604e-03 9.999810000000000088e-01 3.310629999999999962e-01 -9.435909999999999576e-01 5.719000000000000125e-03 9.435989999999999656e-01 3.310810000000000142e-01 2.475000000000000203e-03
1.600000000000000000e+01 6.500000000000000000e+01 4.600000000000000000e+01 0.000000000000000000e+00 1.600000000000000089e+00 1.595999999999999979e-03 -9.269999999999999811e-04 9.999980000000000535e-01 6.809089999999999865e-01 -7.323659999999999615e-01 -1.765000000000000076e-03 7.323659999999999615e-01 6.809110000000000440e-01 -5.379999999999999583e-04
1.600000000000000000e+01 6.000000000000000000e+00 5.100000000000000000e+01 0.000000000000000000e+00 1.600000000000000089e+00 3.082000000000000104e-03 7.304999999999999861e-03 -9.999689999999999968e-01 3.257220000000000115e-01 -9.454470000000000374e-01 -5.903000000000000261e-03 -9.454609999999999959e-01 -3.256930000000000103e-01 -5.292999999999999962e-03
2.000000000000000000e+01 6.000000000000000000e+00 5.100000000000000000e+01 0.000000000000000000e+00 1.600000000000000089e+00 4.990999999999999777e-03 8.063000000000000722e-03 -9.999550000000000383e-01 3.235089999999999910e-01 -9.462059999999999915e-01 -6.015000000000000381e-03 -9.462120000000000530e-01 -3.234639999999999738e-01 -7.330999999999999843e-03
1.100000000000000000e+01 7.000000000000000000e+00 5.200000000000000000e+01 0.000000000000000000e+00 1.600000000000000089e+00 7.579999999999999932e-04 -2.354000000000000190e-03 -9.999970000000000248e-01 1.182279999999999998e-01 -9.929839999999999778e-01 2.426999999999999904e-03 -9.929860000000000353e-01 -1.182290000000000008e-01 -4.739999999999999747e-04
1.600000000000000000e+01 7.000000000000000000e+00 5.200000000000000000e+01 0.000000000000000000e+00 1.600000000000000089e+00 4.458000000000000157e-03 5.955000000000000224e-03 -9.999719999999999720e-01 1.181880000000000014e-01 -9.929769999999999985e-01 -5.387000000000000295e-03 -9.929810000000000025e-01 -1.181610000000000021e-01 -5.131000000000000144e-03
5.000000000000000000e+00 6.300000000000000000e+01 5.400000000000000000e+01 0.000000000000000000e+00 1.600000000000000089e+00 1.765999999999999992e-03 -1.195000000000000099e-03 9.999980000000000535e-01 -3.580160000000000009e-01 9.337140000000000439e-01 1.747999999999999988e-03 -9.337140000000000439e-01 -3.580180000000000029e-01 1.221000000000000080e-03
9.000000000000000000e+00 6.300000000000000000e+01 5.400000000000000000e+01 0.000000000000000000e+00 1.600000000000000089e+00 1.779999999999999898e-04 -1.150000000000000035e-04 1.000000000000000000e+00 -3.595380000000000242e-01 9.331300000000000150e-01 1.720000000000000066e-04 -9.331300000000000150e-01 -3.595380000000000242e-01 1.240000000000000054e-04
1.200000000000000000e+01 6.300000000000000000e+01 5.400000000000000000e+01 0.000000000000000000e+00 1.600000000000000089e+00 -1.263999999999999933e-03 -1.101999999999999898e-03 9.999989999999999712e-01 -3.574879999999999725e-01 9.339180000000000259e-01 5.770000000000000389e-04 -9.339169999999999972e-01 -3.574860000000000260e-01 -1.575000000000000011e-03
1.900000000000000000e+01 6.300000000000000000e+01 5.400000000000000000e+01 0.000000000000000000e+00 1.600000000000000089e+00 -2.599999999999999840e-05 6.790000000000000245e-04 1.000000000000000000e+00 -3.523450000000000193e-01 9.358699999999999797e-01 -6.449999999999999570e-04 -9.358699999999999797e-01 -3.523450000000000193e-01 2.149999999999999947e-04
2.300000000000000000e+01 6.300000000000000000e+01 5.400000000000000000e+01 0.000000000000000000e+00 1.600000000000000089e+00 -2.280000000000000126e-04 1.030000000000000100e-03 9.999989999999999712e-01 -3.482689999999999952e-01 9.373939999999999495e-01 -1.044999999999999922e-03 -9.373939999999999495e-01 -3.482689999999999952e-01 1.450000000000000009e-04
2.800000000000000000e+01 6.300000000000000000e+01 5.400000000000000000e+01 0.000000000000000000e+00 1.600000000000000089e+00 1.193999999999999966e-03 6.509999999999999945e-04 9.999989999999999712e-01 -3.551239999999999952e-01 9.348189999999999555e-01 -1.849999999999999973e-04 -9.348180000000000378e-01 -3.551239999999999952e-01 1.347000000000000107e-03
3.000000000000000000e+00 2.500000000000000000e+01 5.500000000000000000e+01 0.000000000000000000e+00 1.600000000000000089e+00 -1.000000000000000048e-04 2.523000000000000069e-03 -9.999970000000000248e-01 -1.319099999999999960e-02 -9.999099999999999655e-01 -2.521999999999999936e-03 -9.999130000000000518e-01 1.319000000000000034e-02 1.330000000000000073e-04
