3.000000000000000000e+00 2.500000000000000000e+01 1.000000000000000000e+00 0.000000000000000000e+00 1.600000000000000089e+00 -1.978999999999999856e-03 3.119999999999999944e-04 -9.999980000000000535e-01 -5.326429999999999776e-01 -8.463389999999999525e-01 7.900000000000000121e-04 -8.463370000000000060e-01 5.326440000000000063e-01 1.840999999999999972e-03
7.000000000000000000e+00 2.500000000000000000e+01 1.000000000000000000e+00 0.000000000000000000e+00 1.600000000000000089e+00 -1.595000000000000064e-03 3.748000000000000029e-03 -9.999919999999999920e-01 -5.307739999999999680e-01 -8.475099999999999856e-01 -2.330000000000000040e-03 -8.475120000000000431e-01 5.307659999999999600e-01 3.340999999999999786e-03
1.400000000000000000e+01 2.500000000000000000e+01 1.000000000000000000e+00 0.000000000000000000e+00 1.600000000000000089e+00 -3.770000000000000022e-04 4.035999999999999657e-03 -9.999919999999999920e-01 -5.266699999999999715e-01 -8.500640000000000418e-01 -3.232000000000000064e-03 -8.500699999999999923e-01 5.266650000000000498e-01 2.445999999999999824e-03
2.500000000000000000e+01 2.500000000000000000e+01 1.000000000000000000e+00 0.000000000000000000e+00 1.600000000000000089e+00 -3.494000000000000144e-03 -5.916000000000000252e-03 -9.999759999999999760e-01 -5.231869999999999576e-01 -8.521900000000000031e-01 6.870000000000000238e-03 -8.522110000000000518e-01 5.231989999999999696e-01 -1.179999999999999951e-04
3.000000000000000000e+00 1.500000000000000000e+01 4.000000000000000000e+00 0.000000000000000000e+00 1.600000000000000089e+00 -3.396000000000000147e-03 -5.852999999999999696e-03 9.999770000000000048e-01 3.150419999999999887e-01 -9.490669999999999940e-01 -4.485000000000000271e-03 9.490720000000000267e-01 3.150200000000000222e-01 5.067000000000000323e-03
6.000000000000000000e+00 1.500000000000000000e+01 4.000000000000000000e+00 0.000000000000000000e+00 1.600000000000000089e+00 -5.829999999999999679e-04 -2.589000000000000155e-03 9.999959999999999960e-01 3.141169999999999796e-01 -9.493819999999999482e-01 -2.273999999999999980e-03 9.493840000000000057e-01 3.141140000000000043e-01 1.366999999999999943e-03
1.600000000000000000e+01 1.500000000000000000e+01 4.000000000000000000e+00 0.000000000000000000e+00 1.600000000000000089e+00 -3.409999999999999945e-04 -5.814999999999999857e-03 9.999829999999999552e-01 3.105189999999999895e-01 -9.505519999999999525e-01 -5.421999999999999736e-03 9.505670000000000508e-01 3.105120000000000102e-01 2.128999999999999816e-03
2.300000000000000000e+01 1.500000000000000000e+01 4.000000000000000000e+00 0.000000000000000000e+00 1.600000000000000089e+00 3.105000000000000121e-03 -4.021000000000000268e-03 9.999869999999999592e-01 3.137380000000000169e-01 -9.494979999999999531e-01 -4.792000000000000252e-03 9.495050000000000434e-01 3.137490000000000001e-01 -1.686999999999999915e-03
2.800000000000000000e+01 1.500000000000000000e+01 4.000000000000000000e+00 0.000000000000000000e+00 1.600000000000000089e+00 -2.154000000000000099e-03 -6.701000000000000359e-03 9.999749999999999472e-01 3.129080000000000195e-01 -9.497659999999999991e-01 -5.690999999999999878e-03 9.497809999999999864e-01 3.128879999999999995e-01 4.142999999999999981e-03
1.200000000000000000e+01 1.600000000000000000e+01 4.000000000000000000e+00 0.000000000000000000e+00 1.600000000000000089e+00 -2.099999999999999870e-03 -5.747000000000000372e-03 9.999810000000000088e-01 3.864090000000000025e-01 -9.223160000000000247e-01 -4.488999999999999935e-03 9.223249999999999504e-01 3.863929999999999865e-01 4.158000000000000237e-03
1.400000000000000000e+01 1.010000000000000000e+02 7.000000000000000000e+00 0.000000000000000000e+00 1.600000000000000089e+00 -8.340000000000000191e-03 2.255400000000000113e-02 9.997110000000000163e-01 8.785079999999999556e-01 4.777150000000000007e-01 -3.448000000000000110e-03 -4.776549999999999963e-01 8.782250000000000334e-01 -2.379799999999999971e-02
2.100000000000000000e+01 1.010000000000000000e+02 7.000000000000000000e+00 0.000000000000000000e+00 1.600000000000000089e+00 3.570999999999999956e-03 -1.830000000000000029e-04 9.999940000000000495e-01 8.762940000000000174e-01 4.817670000000000008e-01 -3.040999999999999866e-03 -4.817640000000000255e-01 8.762990000000000501e-01 1.881000000000000076e-03
8.000000000000000000e+00 2.500000000000000000e+01 8.000000000000000000e+00 0.000000000000000000e+00 1.600000000000000089e+00 2.320000000000000014e-03 -1.178999999999999927e-03 -9.999970000000000248e-01 4.502459999999999796e-01 8.929049999999999487e-01 -7.999999999999999638e-06 8.929009999999999447e-01 -4.502450000000000063e-01 2.602000000000000146e-03
1.200000000000000000e+01 2.500000000000000000e+01 8.000000000000000000e+00 0.000000000000000000e+00 1.600000000000000089e+00 7.979999999999999897e-04 4.543000000000000163e-03 -9.999890000000000168e-01 4.493730000000000224e-01 8.933330000000000437e-01 4.416999999999999919e-03 8.933440000000000270e-01 -4.493719999999999937e-01 -1.327999999999999970e-03
1.500000000000000000e+01 2.500000000000000000e+01 8.000000000000000000e+00 0.000000000000000000e+00 1.600000000000000089e+00 8.679999999999999565e-04 6.491000000000000242e-03 -9.999789999999999512e-01 4.489139999999999797e-01 8.935530000000000417e-01 6.190000000000000190e-03 8.935739999999999794e-01 -4.489099999999999757e-01 -2.138000000000000143e-03
2.500000000000000000e+01 2.500000000000000000e+01 8.000000000000000000e+00 0.000000000000000000e+00 1.600000000000000089e+00 2.174000000000000151e-03 1.497399999999999946e-02 -9.998850000000000238e-01 4.485549999999999815e-01 8.936399999999999899e-01 1.435799999999999924e-02 8.937519999999999909e-01 -4.485350000000000170e-01 -4.773999999999999598e-03
2.000000000000000000e+00 2.400000000000000000e+01 9.000000000000000000e+00 0.000000000000000000e+00 1.600000000000000089e+00 3.171000000000000207e-03 -2.100000000000000087e-04 -9.999949999999999672e-01 4.539610000000000034e-01 8.910200000000000342e-01 1.252000000000000075e-03 8.910160000000000302e-01 -4.539630000000000054e-01 2.919999999999999853e-03
5.000000000000000000e+00 2.400000000000000000e+01 9.000000000000000000e+00 0.000000000000000000e+00 1.600000000000000089e+00 2.285000000000000139e-03 2.864999999999999925e-03 -9.999930000000000208e-01 4.533670000000000200e-01 8.913170000000000259e-01 3.589999999999999875e-03 8.913210000000000299e-01 -4.533730000000000260e-01 7.380000000000000492e-04
7.000000000000000000e+00 2.400000000000000000e+01 9.000000000000000000e+00 0.000000000000000000e+00 1.600000000000000089e+00 2.311999999999999819e-03 4.659999999999999971e-04 -9.999970000000000248e-01 4.531970000000000165e-01 8.914090000000000069e-01 1.463000000000000108e-03 8.914079999999999782e-01 -4.531990000000000185e-01 1.850000000000000082e-03
1.100000000000000000e+01 2.400000000000000000e+01 9.000000000000000000e+00 0.000000000000000000e+00 1.600000000000000089e+00 1.193000000000000050e-03 3.856000000000000053e-03 -9.999919999999999920e-01 4.525730000000000031e-01 8.917180000000000106e-01 3.977999999999999765e-03 8.917260000000000186e-01 -4.525750000000000051e-01 -6.819999999999999890e-04
1.500000000000000000e+01 2.400000000000000000e+01 9.000000000000000000e+00 0.000000000000000000e+00 1.600000000000000089e+00 6.589999999999999721e-04 7.444000000000000096e-03 -9.999719999999999720e-01 4.513559999999999794e-01 8.923170000000000268e-01 6.939999999999999988e-03 8.923440000000000261e-01 -4.513480000000000270e-01 -2.772000000000000158e-03
1.900000000000000000e+01 2.400000000000000000e+01 9.000000000000000000e+00 0.000000000000000000e+00 1.600000000000000089e+00 2.135999999999999878e-03 -1.010000000000000020e-04 -9.999980000000000535e-01 4.518519999999999759e-01 8.920919999999999961e-01 8.750000000000000182e-04 8.920900000000000496e-01 -4.518530000000000046e-01 1.951000000000000043e-03
2.500000000000000000e+01 2.400000000000000000e+01 9.000000000000000000e+00 0.000000000000000000e+00 1.600000000000000089e+00 2.161000000000000160e-03 1.324200000000000030e-02 -9.999099999999999655e-01 4.517369999999999997e-01 8.920590000000000463e-01 1.278999999999999929e-02 8.921480000000000521e-01 -4.517240000000000144e-01 -4.054000000000000312e-03
4.000000000000000000e+00 1.040000000000000000e+02 1.100000000000000000e+01 0.000000000000000000e+00 1.600000000000000089e+00 -2.827999999999999785e-03 2.305999999999999890e-03 9.999930000000000208e-01 -9.762140000000000262e-01 -2.167969999999999897e-01 -2.260999999999999989e-03 2.167910000000000115e-01 -9.762140000000000262e-01 2.863999999999999792e-03
2.100000000000000000e+01 3.100000000000000000e+01 1.200000000000000000e+01 0.000000000000000000e+00 1.600000000000000089e+00 6.099999999999999872e-05 -1.701999999999999954e-03 9.999989999999999712e-01 -1.197400000000000027e-02 9.999270000000000103e-01 1.703000000000000087e-03 -9.999280000000000390e-01 -1.197400000000000027e-02 4.100000000000000047e-05
2.600000000000000000e+01 3.100000000000000000e+01 1.200000000000000000e+01 0.000000000000000000e+00 1.600000000000000089e+00 1.812000000000000026e-03 8.767999999999999752e-03 9.999599999999999600e-01 -1.201400000000000037e-02 9.998899999999999455e-01 -8.744999999999999302e-03 -9.999259999999999815e-01 -1.199799999999999998e-02 1.917000000000000084e-03
4.000000000000000000e+00 3.500000000000000000e+01 1.200000000000000000e+01 0.000000000000000000e+00 1.600000000000000089e+00 2.138999999999999842e-03 8.307999999999999413e-03 -9.999630000000000463e-01 5.082769999999999788e-01 -8.611720000000000486e-01 -6.067000000000000344e-03 -8.611910000000000398e-01 -5.082449999999999468e-01 -6.065000000000000079e-03
5.000000000000000000e+00 3.200000000000000000e+01 1.400000000000000000e+01 0.000000000000000000e+00 1.600000000000000089e+00 -1.588000000000000002e-03 -4.119999999999999856e-04 -9.999989999999999712e-01 1.102510000000000018e-01 9.939040000000000097e-01 -5.850000000000000165e-04 9.939019999999999522e-01 -1.102520000000000028e-01 -1.533000000000000074e-03
9.000000000000000000e+00 3.200000000000000000e+01 1.400000000000000000e+01 0.000000000000000000e+00 1.600000000000000089e+00 3.965999999999999907e-03 -5.860999999999999890e-03 -9.999749999999999472e-01 1.107609999999999983e-01 9.938320000000000487e-01 -5.386000000000000162e-03 9.938390000000000279e-01 -1.107370000000000021e-01 4.590999999999999595e-03
2.000000000000000000e+00 2.000000000000000000e+00 1.900000000000000000e+01 0.000000000000000000e+00 1.600000000000000089e+00 7.851000000000000340e-03 -2.849399999999999850e-02 -9.995629999999999793e-01 1.899730000000000030e-01 -9.813469999999999693e-01 2.946700000000000014e-02 -9.817580000000000195e-01 -1.901220000000000132e-01 -2.291000000000000068e-03
6.000000000000000000e+00 2.000000000000000000e+00 1.900000000000000000e+01 0.000000000000000000e+00 1.600000000000000089e+00 3.771000000000000046e-03 -1.662100000000000036e-02 -9.998550000000000493e-01 1.823240000000000138e-01 -9.830910000000000482e-01 1.703000000000000000e-02 -9.832309999999999661e-01 -1.823619999999999963e-01 -6.759999999999999516e-04
1.300000000000000000e+01 2.000000000000000000e+00 1.900000000000000000e+01 0.000000000000000000e+00 1.600000000000000089e+00 -8.930000000000000221e-04 2.390000000000000089e-04 -1.000000000000000000e+00 1.782590000000000008e-01 -9.839839999999999698e-01 -3.939999999999999817e-04 -9.839830000000000521e-01 -1.782590000000000008e-01 8.369999999999999619e-04
2.000000000000000000e+01 2.000000000000000000e+00 1.900000000000000000e+01 0.000000000000000000e+00 1.600000000000000089e+00 -4.126999999999999592e-03 -4.943000000000000345e-03 -9.999789999999999512e-01 1.801470000000000016e-01 -9.836310000000000331e-01 4.118000000000000133e-03 -9.836310000000000331e-01 -1.801260000000000083e-01 4.950000000000000407e-03
2.700000000000000000e+01 2.000000000000000000e+00 1.900000000000000000e+01 0.000000000000000000e+00 1.600000000000000089e+00 -3.319999999999999926e-04 4.877000000000000259e-03 -9.999879999999999880e-01 1.803659999999999985e-01 -9.835880000000000178e-01 -4.857000000000000206e-03 -9.836000000000000298e-01 -1.803649999999999975e-01 -5.529999999999999976e-04
3.000000000000000000e+01 2.000000000000000000e+00 1.900000000000000000e+01 0.000000000000000000e+00 1.600000000000000089e+00 5.800000000000000034e-05 3.989000000000000358e-03 -9.999919999999999920e-01 1.808859999999999912e-01 -9.834960000000000369e-01 -3.912999999999999812e-03 -9.835040000000000449e-01 -1.808839999999999892e-01 -7.789999999999999616e-04
3.000000000000000000e+00 4.000000000000000000e+00 2.000000000000000000e+01 0.000000000000000000e+00 1.600000000000000089e+00 6.490000000000000109e-03 -1.559699999999999975e-02 -9.998569999999999958e-01 2.636140000000000150e-01 -9.644829999999999792e-01 1.675600000000000006e-02 -9.646059999999999635e-01 -2.636850000000000027e-01 -2.148000000000000170e-03
6.000000000000000000e+00 1.300000000000000000e+01 2.000000000000000000e+01 0.000000000000000000e+00 1.600000000000000089e+00 1.765000000000000076e-03 6.729999999999999871e-03 9.999759999999999760e-01 2.503810000000000202e-01 9.681220000000000381e-01 -6.957999999999999775e-03 -9.681459999999999511e-01 2.503870000000000262e-01 2.400000000000000061e-05
1.200000000000000000e+01 1.300000000000000000e+01 2.000000000000000000e+01 0.000000000000000000e+00 1.600000000000000089e+00 5.599999999999999916e-05 -1.392000000000000008e-03 9.999989999999999712e-01 2.511410000000000031e-01 9.679499999999999771e-01 1.333999999999999899e-03 -9.679510000000000058e-01 2.511399999999999744e-01 4.040000000000000080e-04
1.700000000000000000e+01 1.300000000000000000e+01 2.000000000000000000e+01 0.000000000000000000e+00 1.600000000000000089e+00 -5.540000000000000219e-04 1.981000000000000122e-03 9.999980000000000535e-01 2.503110000000000057e-01 9.681640000000000246e-01 -1.779999999999999898e-03 -9.681650000000000533e-01 2.503099999999999770e-01 -1.031999999999999931e-03
2.100000000000000000e+01 1.300000000000000000e+01 2.000000000000000000e+01 0.000000000000000000e+00 1.600000000000000089e+00 -6.176000000000000066e-03 -1.093300000000000001e-02 9.999209999999999487e-01 2.501970000000000027e-01 9.681189999999999518e-01 1.213099999999999942e-02 -9.681750000000000078e-01 2.502519999999999745e-01 -3.243999999999999922e-03
2.700000000000000000e+01 1.300000000000000000e+01 2.000000000000000000e+01 0.000000000000000000e+00 1.600000000000000089e+00 -1.093999999999999920e-03 9.449999999999999850e-04 9.999989999999999712e-01 2.534279999999999866e-01 9.673540000000000472e-01 -6.369999999999999794e-04 -9.673540000000000472e-01 2.534270000000000134e-01 -1.297999999999999892e-03
7.000000000000000000e+00 1.600000000000000000e+01 2.100000000000000000e+01 0.000000000000000000e+00 1.600000000000000089e+00 1.596999999999999895e-03 5.231000000000000406e-03 9.999850000000000128e-01 2.978180000000000271e-01 9.546069999999999833e-01 -5.468999999999999903e-03 -9.546210000000000528e-01 2.978219999999999756e-01 -3.300000000000000253e-05
1.600000000000000000e+01 1.600000000000000000e+01 2.100000000000000000e+01 0.000000000000000000e+00 1.600000000000000089e+00 9.000000000000000228e-06 6.340000000000000149e-04 1.000000000000000000e+00 2.966860000000000053e-01 9.549750000000000183e-01 -6.080000000000000335e-04 -9.549750000000000183e-01 2.966860000000000053e-01 -1.800000000000000113e-04
2.100000000000000000e+01 1.600000000000000000e+01 2.100000000000000000e+01 0.000000000000000000e+00 1.600000000000000089e+00 -6.602000000000000229e-03 -1.035100000000000083e-02 9.999249999999999527e-01 2.973979999999999957e-01 9.546799999999999731e-01 1.184600000000000063e-02 -9.547309999999999963e-01 2.974539999999999962e-01 -3.225000000000000002e-03
2.600000000000000000e+01 1.600000000000000000e+01 2.100000000000000000e+01 0.000000000000000000e+00 1.600000000000000089e+00 -1.007999999999999998e-03 -1.340000000000000045e-03 9.999989999999999712e-01 2.989539999999999975e-01 9.542659999999999476e-01 1.580000000000000024e-03 -9.542669999999999764e-01 2.989550000000000263e-01 -5.619999999999999996e-04
1.000000000000000000e+01 3.000000000000000000e+00 2.500000000000000000e+01 0.000000000000000000e+00 1.600000000000000089e+00 -1.900999999999999912e-03 5.105000000000000163e-03 9.999850000000000128e-01 -2.945199999999999901e-02 -9.995530000000000248e-01 5.047000000000000271e-03 9.995640000000000081e-01 -2.944199999999999942e-02 2.050000000000000173e-03
2.300000000000000000e+01 3.000000000000000000e+00 2.500000000000000000e+01 0.000000000000000000e+00 1.600000000000000089e+00 8.807000000000000592e-03 -5.921000000000000048e-03 9.999440000000000550e-01 -3.450299999999999895e-02 -9.993889999999999718e-01 -5.614000000000000067e-03 9.993659999999999766e-01 -3.445100000000000245e-02 -9.006000000000000116e-03
1.300000000000000000e+01 4.600000000000000000e+01 2.700000000000000000e+01 0.000000000000000000e+00 1.600000000000000089e+00 8.099999999999999561e-04 -2.828999999999999918e-03 -9.999959999999999960e-01 6.762089999999999490e-01 7.367080000000000295e-01 -1.536000000000000039e-03 7.367089999999999472e-01 -6.762049999999999450e-01 2.508999999999999946e-03
1.000000000000000000e+01 4.600000000000000000e+01 3.000000000000000000e+01 0.000000000000000000e+00 1.600000000000000089e+00 9.700000000000000505e-04 -9.539999999999999869e-04 -9.999989999999999712e-01 3.424039999999999861e-01 9.395529999999999715e-01 -5.640000000000000482e-04 9.395520000000000538e-01 -3.424030000000000129e-01 1.237999999999999951e-03
2.500000000000000000e+01 4.600000000000000000e+01 3.000000000000000000e+01 0.000000000000000000e+00 1.600000000000000089e+00 9.470000000000000336e-04 2.860000000000000129e-04 -1.000000000000000000e+00 3.312800000000000189e-01 9.435320000000000373e-01 5.829999999999999679e-04 9.435320000000000373e-01 -3.312809999999999921e-01 7.990000000000000140e-04
3.000000000000000000e+00 5.800000000000000000e+01 3.100000000000000000e+01 0.000000000000000000e+00 1.600000000000000089e+00 1.949999999999999910e-03 7.789999999999999616e-04 9.999980000000000535e-01 -7.731770000000000032e-01 -6.341869999999999452e-01 2.001000000000000174e-03 6.341869999999999452e-01 -7.731789999999999496e-01 -6.350000000000000392e-04
6.000000000000000000e+00 5.800000000000000000e+01 3.100000000000000000e+01 0.000000000000000000e+00 1.600000000000000089e+00 -5.634000000000000119e-03 -6.464000000000000128e-03 9.999630000000000463e-01 -7.771559999999999580e-01 -6.292510000000000048e-01 -8.446000000000000382e-03 6.292820000000000080e-01 -7.771749999999999492e-01 -1.477999999999999930e-03
1.000000000000000000e+01 5.800000000000000000e+01 3.100000000000000000e+01 0.000000000000000000e+00 1.600000000000000089e+00 -7.622000000000000303e-03 -1.021599999999999939e-02 9.999190000000000023e-01 -7.830819999999999448e-01 -6.217970000000000441e-01 -1.232199999999999962e-02 6.218719999999999803e-01 -7.831120000000000303e-01 -3.261000000000000010e-03
1.400000000000000000e+01 5.800000000000000000e+01 3.100000000000000000e+01 0.000000000000000000e+00 1.600000000000000089e+00 -3.494000000000000144e-03 -3.579999999999999741e-04 9.999940000000000495e-01 -7.877880000000000438e-01 -6.159400000000000430e-01 -2.972999999999999948e-03 6.159369999999999568e-01 -7.877929999999999655e-01 1.869999999999999917e-03
2.400000000000000000e+01 5.800000000000000000e+01 3.100000000000000000e+01 0.000000000000000000e+00 1.600000000000000089e+00 1.503999999999999912e-03 3.243999999999999922e-03 9.999940000000000495e-01 -7.913750000000000506e-01 -6.113229999999999498e-01 3.173000000000000039e-03 6.113300000000000400e-01 -7.913740000000000219e-01 1.647000000000000026e-03
2.700000000000000000e+01 5.800000000000000000e+01 3.100000000000000000e+01 0.000000000000000000e+00 1.600000000000000089e+00 2.250999999999999963e-03 2.736999999999999850e-03 9.999940000000000495e-01 -7.889110000000000289e-01 -6.144979999999999887e-01 3.458000000000000136e-03 6.145030000000000214e-01 -7.889140000000000041e-01 7.759999999999999971e-04
4.000000000000000000e+00 4.600000000000000000e+01 3.500000000000000000e+01 0.000000000000000000e+00 1.600000000000000089e+00 1.075000000000000001e-03 3.601000000000000034e-03 -9.999930000000000208e-01 3.904839999999999978e-01 -9.206050000000000066e-01 -2.895000000000000004e-03 -9.206090000000000106e-01 -3.904779999999999918e-01 -2.396000000000000126e-03
9.000000000000000000e+00 4.600000000000000000e+01 3.500000000000000000e+01 0.000000000000000000e+00 1.600000000000000089e+00 -4.070000000000000267e-04 4.110000000000000155e-04 -1.000000000000000000e+00 3.917109999999999759e-01 -9.200880000000000170e-01 -5.370000000000000424e-04 -9.200880000000000170e-01 -3.917109999999999759e-01 2.139999999999999975e-04
1.800000000000000000e+01 4.600000000000000000e+01 3.500000000000000000e+01 0.000000000000000000e+00 1.600000000000000089e+00 3.000000000000000076e-05 3.052000000000000025e-03 -9.999949999999999672e-01 3.905219999999999803e-01 -9.205889999999999906e-01 -2.798000000000000140e-03 -9.205940000000000234e-01 -3.905199999999999783e-01 -1.219000000000000031e-03
2.200000000000000000e+01 4.600000000000000000e+01 3.500000000000000000e+01 0.000000000000000000e+00 1.600000000000000089e+00 -2.357999999999999853e-03 1.541999999999999968e-03 -9.999959999999999960e-01 3.894750000000000156e-01 -9.210340000000000193e-01 -2.338999999999999933e-03 -9.210340000000000193e-01 -3.894779999999999909e-01 1.570999999999999914e-03
3.000000000000000000e+01 4.600000000000000000e+01 3.500000000000000000e+01 0.000000000000000000e+00 1.600000000000000089e+00 5.529999999999999976e-04 -6.046000000000000159e-03 -9.999820000000000375e-01 3.890560000000000129e-01 -9.211960000000000148e-01 5.785000000000000211e-03 -9.212139999999999773e-01 -3.890529999999999822e-01 1.843000000000000020e-03
1.000000000000000000e+00 9.500000000000000000e+01 3.600000000000000000e+01 0.000000000000000000e+00 1.600000000000000089e+00 1.339599999999999992e-02 -2.076000000000000068e-02 9.996950000000000003e-01 9.966450000000000031e-01 8.101300000000000168e-02 -1.167299999999999935e-02 -8.074499999999999733e-02 9.964969999999999661e-01 2.177600000000000022e-02
1.200000000000000000e+01 9.500000000000000000e+01 3.600000000000000000e+01 0.000000000000000000e+00 1.600000000000000089e+00 -3.510800000000000032e-02 -4.830700000000000272e-02 9.982149999999999634e-01 9.973309999999999675e-01 6.229099999999999915e-02 3.809099999999999986e-02 -6.401999999999999358e-02 9.968879999999999963e-01 4.599099999999999716e-02
2.200000000000000000e+01 9.500000000000000000e+01 3.600000000000000000e+01 0.000000000000000000e+00 1.600000000000000089e+00 1.662599999999999842e-02 1.567899999999999849e-02 9.997390000000000443e-01 9.981809999999999850e-01 5.769699999999999829e-02 -1.750499999999999973e-02 -5.795700000000000157e-02 9.982109999999999594e-01 -1.469200000000000020e-02
4.000000000000000000e+00 3.000000000000000000e+00 4.300000000000000000e+01 0.000000000000000000e+00 1.600000000000000089e+00 -3.269999999999999795e-04 -8.009000000000000494e-03 -9.999679999999999680e-01 7.388289999999999580e-01 -6.738739999999999730e-01 5.154999999999999860e-03 -6.738929999999999643e-01 -7.388029999999999875e-01 6.138000000000000227e-03
7.000000000000000000e+00 3.000000000000000000e+00 4.300000000000000000e+01 0.000000000000000000e+00 1.600000000000000089e+00 -1.428999999999999932e-03 -7.346000000000000099e-03 -9.999719999999999720e-01 7.383560000000000123e-01 -6.743989999999999707e-01 3.899000000000000122e-03 -6.744090000000000362e-01 -7.383300000000000418e-01 6.387000000000000316e-03
2.400000000000000000e+01 3.000000000000000000e+00 4.300000000000000000e+01 0.000000000000000000e+00 1.600000000000000089e+00 -1.938999999999999968e-03 -6.200000000000000270e-05 -9.999980000000000535e-01 7.420700000000000074e-01 -6.703209999999999447e-01 -1.397999999999999937e-03 -6.703200000000000269e-01 -7.420710000000000361e-01 1.345999999999999974e-03
3.000000000000000000e+01 3.000000000000000000e+00 4.300000000000000000e+01 0.000000000000000000e+00 1.600000000000000089e+00 -3.095000000000000095e-03 -5.911999999999999721e-03 -9.999780000000000335e-01 7.447610000000000063e-01 -6.673289999999999500e-01 1.639999999999999965e-03 -6.673240000000000283e-01 -7.447390000000000398e-01 6.467999999999999791e-03
5.000000000000000000e+00 8.000000000000000000e+00 4.400000000000000000e+01 0.000000000000000000e+00 1.600000000000000089e+00 -4.360000000000000160e-03 -8.453999999999999709e-03 9.999550000000000383e-01 -7.825530000000000541e-01 -6.225239999999999663e-01 -8.675999999999999684e-03 6.225690000000000390e-01 -7.825550000000000006e-01 -3.902000000000000086e-03
1.000000000000000000e+01 8.000000000000000000e+00 4.400000000000000000e+01 0.000000000000000000e+00 1.600000000000000089e+00 -1.136999999999999990e-03 -4.704999999999999981e-03 9.999879999999999880e-01 -7.920390000000000486e-01 -6.104589999999999739e-01 -3.772999999999999878e-03 6.104690000000000394e-01 -7.920340000000000158e-01 -3.031999999999999973e-03
2.800000000000000000e+01 8.000000000000000000e+00 4.400000000000000000e+01 0.000000000000000000e+00 1.600000000000000089e+00 -6.359999999999999551e-04 -1.735999999999999913e-03 9.999980000000000535e-01 -7.958769999999999456e-01 -6.054559999999999942e-01 -1.557000000000000007e-03 6.054570000000000229e-01 -7.958769999999999456e-01 -9.959999999999999236e-04
1.300000000000000000e+01 6.500000000000000000e+01 4.600000000000000000e+01 0.000000000000000000e+00 1.600000000000000089e+00 1.631999999999999987e-03 1.013000000000000012e-03 9.999980000000000535e-01 6.797720000000000429e-01 -7.334230000000000471e-01 -3.669999999999999760e-04 7.334209999999999896e-01 6.797720000000000429e-01 -1.886000000000000090e-03
1.900000000000000000e+01 6.500000000000000000e+01 4.600000000000000000e+01 0.000000000000000000e+00 1.600000000000000089e+00 3.678999999999999979e-03 -1.209000000000000005e-03 9.999930000000000208e-01 6.798250000000000126e-01 -7.333669999999999911e-01 -3.386999999999999820e-03 7.333650000000000446e-01 6.798319999999999919e-01 -1.876000000000000063e-03
3.000000000000000000e+00 2.100000000000000000e+01 4.800000000000000000e+01 0.000000000000000000e+00 1.600000000000000089e+00 2.699999999999999899e-05 -7.265999999999999889e-03 -9.999740000000000295e-01 2.994359999999999800e-01 9.540910000000000224e-01 -6.924999999999999732e-03 9.541159999999999641e-01 -2.994280000000000275e-01 2.201999999999999964e-03
1.700000000000000000e+01 7.000000000000000000e+00 5.200000000000000000e+01 0.000000000000000000e+00 1.600000000000000089e+00 -3.526000000000000054e-03 -6.639999999999999852e-04 -9.999940000000000495e-01 8.307299999999999407e-02 -9.965429999999999566e-01 3.680000000000000003e-04 -9.965370000000000061e-01 -8.307100000000000595e-02 3.569000000000000124e-03
2.000000000000000000e+01 7.000000000000000000e+00 5.200000000000000000e+01 0.000000000000000000e+00 1.600000000000000089e+00 2.481999999999999831e-03 6.139999999999999625e-03 -9.999780000000000335e-01 8.252700000000000313e-02 -9.965709999999999846e-01 -5.915000000000000119e-03 -9.965859999999999719e-01 -8.251000000000000001e-02 -2.980000000000000010e-03
1.400000000000000000e+01 5.800000000000000000e+01 5.200000000000000000e+01 0.000000000000000000e+00 1.600000000000000089e+00 -2.799999999999999958e-05 -4.253999999999999969e-03 9.999909999999999632e-01 -6.253370000000000317e-01 7.803480000000000416e-01 3.302999999999999946e-03 -7.803550000000000209e-01 -6.253309999999999702e-01 -2.681999999999999922e-03
1.100000000000000000e+01 6.300000000000000000e+01 5.400000000000000000e+01 0.000000000000000000e+00 1.600000000000000089e+00 -3.981000000000000164e-03 -1.269099999999999916e-02 9.999120000000000230e-01 -3.927149999999999808e-01 9.196050000000000058e-01 1.010800000000000066e-02 -9.196509999999999962e-01 -3.926399999999999890e-01 -8.644999999999999907e-03
1.400000000000000000e+01 6.300000000000000000e+01 5.400000000000000000e+01 0.000000000000000000e+00 1.600000000000000089e+00 -3.710000000000000190e-03 -7.226999999999999917e-03 9.999670000000000503e-01 -3.758159999999999834e-01 9.266790000000000305e-01 5.303000000000000422e-03 -9.266870000000000385e-01 -3.757840000000000069e-01 -6.154999999999999881e-03
1.700000000000000000e+01 6.300000000000000000e+01 5.400000000000000000e+01 0.000000000000000000e+00 1.600000000000000089e+00 -1.291000000000000047e-03 2.233999999999999875e-03 9.999970000000000248e-01 -3.667730000000000157e-01 9.303069999999999951e-01 -2.552000000000000015e-03 -9.303099999999999703e-01 -3.667750000000000177e-01 -3.820000000000000153e-04
2.200000000000000000e+01 6.300000000000000000e+01 5.400000000000000000e+01 0.000000000000000000e+00 1.600000000000000089e+00 8.000000000000000654e-05 3.154999999999999818e-03 9.999949999999999672e-01 -3.642520000000000202e-01 9.312960000000000127e-01 -2.909000000000000127e-03 -9.313000000000000167e-01 -3.642500000000000182e-01 1.222999999999999912e-03
2.900000000000000000e+01 6.300000000000000000e+01 5.400000000000000000e+01 0.000000000000000000e+00 1.600000000000000089e+00 -3.299999999999999982e-04 9.060000000000000128e-04 1.000000000000000000e+00 -3.645900000000000252e-01 9.311679999999999957e-01 -9.640000000000000131e-04 -9.311679999999999957e-01 -3.645900000000000252e-01 2.300000000000000002e-05
2.000000000000000000e+00 2.600000000000000000e+01 5.500000000000000000e+01 0.000000000000000000e+00 1.600000000000000089e+00 -2.305999999999999890e-03 -2.681660000000000155e-01 9.633699999999999486e-01 -3.159700000000000009e-02 9.629109999999999614e-01 2.679619999999999780e-01 -9.994979999999999976e-01 -2.982100000000000029e-02 -1.069400000000000038e-02
2.000000000000000000e+01 2.600000000000000000e+01 5.500000000000000000e+01 0.000000000000000000e+00 1.600000000000000089e+00 1.449999999999999900e-03 -1.248999999999999893e-03 -9.999980000000000535e-01 -4.309799999999999742e-02 -9.990700000000000136e-01 1.185000000000000072e-03 -9.990700000000000136e-01 4.309700000000000336e-02 -1.502999999999999996e-03
3.000000000000000000e+00 2.100000000000000000e+01 6.000000000000000000e+01 0.000000000000000000e+00 1.600000000000000089e+00 5.079999999999999880e-04 -5.710000000000000015e-04 1.000000000000000000e+00 -9.461999999999999578e-02 9.955129999999999812e-01 6.160000000000000111e-04 -9.955129999999999812e-01 -9.461999999999999578e-02 4.519999999999999821e-04
8.000000000000000000e+00 2.100000000000000000e+01 6.000000000000000000e+01 0.000000000000000000e+00 1.600000000000000089e+00 -3.789999999999999966e-04 4.510000000000000120e-04 1.000000000000000000e+00 -9.313299999999999357e-02 9.956540000000000390e-01 -4.840000000000000010e-04 -9.956540000000000390e-01 -9.313399999999999457e-02 -3.359999999999999814e-04
1.200000000000000000e+01 2.100000000000000000e+01 6.000000000000000000e+01 0.000000000000000000e+00 1.600000000000000089e+00 -3.800000000000000209e-04 2.380000000000000117e-04 1.000000000000000000e+00 -9.413900000000000046e-02 9.955589999999999717e-01 -2.719999999999999979e-04 -9.955589999999999717e-01 -9.413900000000000046e-02 -3.559999999999999797e-04
1.700000000000000000e+01 2.100000000000000000e+01 6.000000000000000000e+01 0.000000000000000000e+00 1.600000000000000089e+00 -6.660000000000000338e-04 -2.236000000000000140e-03 9.999970000000000248e-01 -9.475799999999999501e-02 9.954979999999999940e-01 2.162999999999999992e-03 -9.955000000000000515e-01 -9.475600000000000689e-02 -8.750000000000000182e-04
2.200000000000000000e+01 2.100000000000000000e+01 6.000000000000000000e+01 0.000000000000000000e+00 1.600000000000000089e+00 -8.009999999999999542e-04 -1.427000000000000100e-03 9.999989999999999712e-01 -9.528100000000000458e-02 9.954490000000000283e-01 1.343999999999999926e-03 -9.954499999999999460e-01 -9.528000000000000358e-02 -9.330000000000000186e-04
2.700000000000000000e+01 2.100000000000000000e+01 6.000000000000000000e+01 0.000000000000000000e+00 1.600000000000000089e+00 -9.049999999999999885e-04 -2.300000000000000002e-05 1.000000000000000000e+00 -9.552499999999999880e-02 9.954269999999999508e-01 -6.399999999999999710e-05 -9.954269999999999508e-01 -9.552499999999999880e-02 -9.030000000000000483e-04
1.800000000000000000e+01 6.700000000000000000e+01 6.000000000000000000e+01 0.000000000000000000e+00 1.600000000000000089e+00 -6.909999999999999910e-04 -4.093000000000000284e-03 9.999909999999999632e-01 1.807709999999999873e-01 -9.835180000000000033e-01 -3.899999999999999821e-03 9.835249999999999826e-01 1.807660000000000100e-01 1.418999999999999906e-03
4.000000000000000000e+00 2.700000000000000000e+01 6.300000000000000000e+01 0.000000000000000000e+00 1.600000000000000089e+00 1.031000000000000015e-03 3.821000000000000178e-03 9.999919999999999920e-01 -2.805250000000000243e-01 9.598410000000000553e-01 -3.377999999999999926e-03 -9.598459999999999770e-01 -2.805190000000000183e-01 2.060999999999999898e-03
7.000000000000000000e+00 2.700000000000000000e+01 6.300000000000000000e+01 0.000000000000000000e+00 1.600000000000000089e+00 6.679999999999999740e-04 1.113999999999999973e-03 9.999989999999999712e-01 -2.801620000000000221e-01 9.599520000000000275e-01 -8.829999999999999958e-04 -9.599520000000000275e-01 -2.801609999999999934e-01 9.529999999999999626e-04
1.800000000000000000e+01 2.700000000000000000e+01 6.300000000000000000e+01 0.000000000000000000e+00 1.600000000000000089e+00 -1.515999999999999986e-03 -1.332000000000000068e-03 9.999980000000000535e-01 -2.790679999999999827e-01 9.602709999999999857e-01 8.549999999999999658e-04 -9.602699999999999569e-01 -2.790670000000000095e-01 -1.827999999999999981e-03
2.400000000000000000e+01 2.700000000000000000e+01 6.300000000000000000e+01 0.000000000000000000e+00 1.600000000000000089e+00 -9.399999999999999448e-05 2.050000000000000173e-03 9.999980000000000535e-01 -2.801339999999999941e-01 9.599590000000000067e-01 -1.994000000000000113e-03 -9.599609999999999532e-01 -2.801339999999999941e-01 4.840000000000000010e-04
7.000000000000000000e+00 4.400000000000000000e+01 6.300000000000000000e+01 0.000000000000000000e+00 1.600000000000000089e+00 1.994000000000000113e-03 2.426700000000000038e-02 -9.997040000000000370e-01 -6.362079999999999957e-01 -7.712579999999999991e-01 -1.999000000000000082e-02 -7.715149999999999508e-01 6.360590000000000410e-01 1.390100000000000016e-02
1.000000000000000000e+01 4.400000000000000000e+01 6.300000000000000000e+01 0.000000000000000000e+00 1.600000000000000089e+00 4.938999999999999814e-03 1.961399999999999949e-02 -9.997949999999999893e-01 -6.366239999999999677e-01 -7.709580000000000322e-01 -1.827000000000000152e-02 -7.711590000000000389e-01 6.365840000000000387e-01 8.678999999999999215e-03
1.600000000000000000e+01 4.400000000000000000e+01 6.300000000000000000e+01 0.000000000000000000e+00 1.600000000000000089e+00 -7.690000000000000438e-04 1.350000000000000071e-03 -9.999989999999999712e-01 -6.506579999999999586e-01 -7.593710000000000182e-01 -5.249999999999999676e-04 -7.593710000000000182e-01 6.506560000000000121e-01 1.461999999999999975e-03
2.100000000000000000e+01 4.400000000000000000e+01 6.300000000000000000e+01 0.000000000000000000e+00 1.600000000000000089e+00 3.089999999999999756e-04 1.238599999999999944e-02 -9.999230000000000063e-01 -6.599169999999999758e-01 -7.512790000000000301e-01 -9.509999999999999357e-03 -7.513389999999999791e-01 6.598690000000000389e-01 7.941999999999999407e-03
2.700000000000000000e+01 4.400000000000000000e+01 6.300000000000000000e+01 0.000000000000000000e+00 1.600000000000000089e+00 -2.010000000000000068e-04 2.567999999999999970e-03 -9.999970000000000248e-01 -6.673470000000000235e-01 -7.447449999999999903e-01 -1.778999999999999982e-03 -7.447470000000000478e-01 6.673449999999999660e-01 1.863000000000000073e-03
3.000000000000000000e+00 2.600000000000000000e+01 6.400000000000000000e+01 0.000000000000000000e+00 1.600000000000000089e+00 6.000000000000000152e-06 3.301000000000000115e-03 9.999949999999999672e-01 -3.669799999999999729e-01 9.302240000000000508e-01 -3.067999999999999981e-03 -9.302289999999999726e-01 -3.669780000000000264e-01 1.216999999999999983e-03
7.000000000000000000e+00 2.600000000000000000e+01 6.400000000000000000e+01 0.000000000000000000e+00 1.600000000000000089e+00 6.939999999999999555e-04 1.129000000000000012e-03 9.999989999999999712e-01 -3.693440000000000056e-01 9.292930000000000357e-01 -7.919999999999999523e-04 -9.292930000000000357e-01 -3.693429999999999769e-01 1.062000000000000010e-03
1.300000000000000000e+01 2.600000000000000000e+01 6.400000000000000000e+01 0.000000000000000000e+00 1.600000000000000089e+00 -7.789999999999999616e-04 -3.311000000000000141e-03 9.999940000000000495e-01 -3.683739999999999792e-01 9.296740000000000004e-01 2.791000000000000078e-03 -9.296769999999999756e-01 -3.683690000000000020e-01 -1.943000000000000066e-03
2.000000000000000000e+01 2.600000000000000000e+01 6.400000000000000000e+01 0.000000000000000000e+00 1.600000000000000089e+00 -2.269999999999999882e-03 -1.660999999999999933e-03 9.999959999999999960e-01 -3.720379999999999798e-01 9.282169999999999588e-01 6.980000000000000527e-04 -9.282150000000000123e-01 -3.720350000000000046e-01 -2.724999999999999992e-03
2.400000000000000000e+01 2.600000000000000000e+01 6.400000000000000000e+01 0.000000000000000000e+00 1.600000000000000089e+00 -9.590000000000000000e-04 3.128999999999999837e-03 9.999949999999999672e-01 -3.737960000000000171e-01 9.275050000000000239e-01 -3.261000000000000010e-03 -9.275099999999999456e-01 -3.737969999999999904e-01 2.799999999999999755e-04
2.800000000000000000e+01 2.600000000000000000e+01 6.400000000000000000e+01 0.000000000000000000e+00 1.600000000000000089e+00 -3.629999999999999872e-04 5.377999999999999968e-03 9.999850000000000128e-01 -3.689060000000000117e-01 9.294519999999999449e-01 -5.133000000000000410e-03 -9.294670000000000432e-01 -3.689029999999999809e-01 1.647000000000000026e-03
2.000000000000000000e+00 3.100000000000000000e+01 7.100000000000000000e+01 0.000000000000000000e+00 1.600000000000000089e+00 2.650000000000000012e-03 -5.859999999999999758e-03 -9.999789999999999512e-01 -7.287489999999999801e-01 -6.847769999999999690e-01 2.082000000000000083e-03 -6.847750000000000226e-01 7.287289999999999601e-01 -6.085000000000000131e-03
5.000000000000000000e+00 4.400000000000000000e+01 7.300000000000000000e+01 0.000000000000000000e+00 1.600000000000000089e+00 1.670000000000000043e-03 6.209000000000000109e-03 9.999789999999999512e-01 5.662099999999999772e-02 -9.983769999999999589e-01 6.104000000000000051e-03 9.983940000000000037e-01 5.661000000000000060e-02 -2.018999999999999961e-03
9.000000000000000000e+00 4.400000000000000000e+01 7.300000000000000000e+01 0.000000000000000000e+00 1.600000000000000089e+00 -3.550000000000000096e-04 1.755000000000000050e-03 9.999980000000000535e-01 5.681300000000000239e-02 -9.983830000000000204e-01 1.771999999999999921e-03 9.983849999999999669e-01 5.681400000000000339e-02 2.550000000000000183e-04
1.500000000000000000e+01 4.400000000000000000e+01 7.300000000000000000e+01 0.000000000000000000e+00 1.600000000000000089e+00 8.149999999999999693e-04 4.085000000000000089e-03 9.999909999999999632e-01 5.778799999999999909e-02 -9.983210000000000139e-01 4.030999999999999861e-03 9.983290000000000219e-01 5.778400000000000203e-02 -1.049999999999999935e-03
1.800000000000000000e+01 4.400000000000000000e+01 7.300000000000000000e+01 0.000000000000000000e+00 1.600000000000000089e+00 1.185999999999999988e-03 4.257999999999999632e-03 9.999900000000000455e-01 5.974999999999999756e-02 -9.982050000000000090e-01 4.179999999999999688e-03 9.982130000000000170e-01 5.974399999999999850e-02 -1.438000000000000042e-03
2.500000000000000000e+01 4.400000000000000000e+01 7.300000000000000000e+01 0.000000000000000000e+00 1.600000000000000089e+00 -6.750000000000000357e-04 -1.645999999999999894e-03 9.999980000000000535e-01 5.692500000000000338e-02 -9.983769999999999589e-01 -1.603999999999999957e-03 9.983779999999999877e-01 5.692300000000000137e-02 7.669999999999999951e-04
