2.000000000000000000e+00 2.500000000000000000e+01 1.000000000000000000e+00 0.000000000000000000e+00 1.600000000000000089e+00 -1.154999999999999994e-03 -1.140900000000000074e-02 -9.999339999999999895e-01 -5.309110000000000218e-01 -8.473650000000000349e-01 1.028100000000000021e-02 -8.474270000000000413e-01 5.308880000000000265e-01 -5.079000000000000181e-03
6.000000000000000000e+00 2.500000000000000000e+01 1.000000000000000000e+00 0.000000000000000000e+00 1.600000000000000089e+00 -2.085000000000000048e-03 -1.415999999999999941e-03 -9.999970000000000248e-01 -5.322919999999999874e-01 -8.465580000000000327e-01 2.308999999999999855e-03 -8.465580000000000327e-01 5.322949999999999626e-01 1.010999999999999963e-03
1.000000000000000000e+01 2.500000000000000000e+01 1.000000000000000000e+00 0.000000000000000000e+00 1.600000000000000089e+00 -1.631000000000000071e-03 3.771000000000000046e-03 -9.999919999999999920e-01 -5.307570000000000343e-01 -8.475209999999999688e-01 -2.330000000000000040e-03 -8.475219999999999976e-01 5.307490000000000263e-01 3.383999999999999855e-03
1.700000000000000000e+01 2.500000000000000000e+01 1.000000000000000000e+00 0.000000000000000000e+00 1.600000000000000089e+00 -3.770000000000000022e-04 4.035999999999999657e-03 -9.999919999999999920e-01 -5.266699999999999715e-01 -8.500640000000000418e-01 -3.232000000000000064e-03 -8.500699999999999923e-01 5.266650000000000498e-01 2.445999999999999824e-03
2.800000000000000000e+01 2.500000000000000000e+01 1.000000000000000000e+00 0.000000000000000000e+00 1.600000000000000089e+00 -4.204000000000000271e-03 -5.414000000000000409e-03 -9.999770000000000048e-01 -5.228129999999999722e-01 -8.524199999999999555e-01 6.812999999999999612e-03 -8.524370000000000003e-01 5.228300000000000169e-01 7.529999999999999801e-04
6.000000000000000000e+00 1.500000000000000000e+01 4.000000000000000000e+00 0.000000000000000000e+00 1.600000000000000089e+00 -2.458000000000000115e-03 -3.132999999999999934e-03 9.999919999999999920e-01 3.138250000000000206e-01 -9.494780000000000442e-01 -2.203999999999999796e-03 9.494780000000000442e-01 3.138170000000000126e-01 3.317000000000000070e-03
9.000000000000000000e+00 1.500000000000000000e+01 4.000000000000000000e+00 0.000000000000000000e+00 1.600000000000000089e+00 -5.349999999999999938e-04 -2.269999999999999882e-03 9.999970000000000248e-01 3.129239999999999799e-01 -9.497759999999999536e-01 -1.988999999999999883e-03 9.497780000000000111e-01 3.129219999999999779e-01 1.217999999999999899e-03
1.900000000000000000e+01 1.500000000000000000e+01 4.000000000000000000e+00 0.000000000000000000e+00 1.600000000000000089e+00 -3.409999999999999945e-04 -5.814999999999999857e-03 9.999829999999999552e-01 3.105189999999999895e-01 -9.505519999999999525e-01 -5.421999999999999736e-03 9.505670000000000508e-01 3.105120000000000102e-01 2.128999999999999816e-03
2.600000000000000000e+01 1.500000000000000000e+01 4.000000000000000000e+00 0.000000000000000000e+00 1.600000000000000089e+00 3.619999999999999954e-03 -3.961000000000000111e-03 9.999860000000000415e-01 3.155220000000000247e-01 -9.489060000000000272e-01 -4.900999999999999975e-03 9.489109999999999490e-01 3.155350000000000099e-01 -2.184999999999999876e-03
2.000000000000000000e+00 1.600000000000000000e+01 4.000000000000000000e+00 0.000000000000000000e+00 1.600000000000000089e+00 3.820000000000000153e-04 -7.839999999999999747e-04 1.000000000000000000e+00 3.891979999999999884e-01 -9.211540000000000283e-01 -8.710000000000000294e-04 9.211540000000000283e-01 3.891979999999999884e-01 -4.600000000000000004e-05
1.500000000000000000e+01 1.600000000000000000e+01 4.000000000000000000e+00 0.000000000000000000e+00 1.600000000000000089e+00 -2.099999999999999870e-03 -5.747000000000000372e-03 9.999810000000000088e-01 3.864090000000000025e-01 -9.223160000000000247e-01 -4.488999999999999935e-03 9.223249999999999504e-01 3.863929999999999865e-01 4.158000000000000237e-03
1.700000000000000000e+01 1.010000000000000000e+02 7.000000000000000000e+00 0.000000000000000000e+00 1.600000000000000089e+00 -8.340000000000000191e-03 2.255400000000000113e-02 9.997110000000000163e-01 8.785079999999999556e-01 4.777150000000000007e-01 -3.448000000000000110e-03 -4.776549999999999963e-01 8.782250000000000334e-01 -2.379799999999999971e-02
2.400000000000000000e+01 1.010000000000000000e+02 7.000000000000000000e+00 0.000000000000000000e+00 1.600000000000000089e+00 3.602000000000000167e-03 1.299999999999999920e-05 9.999940000000000495e-01 8.762560000000000349e-01 4.818350000000000133e-01 -3.163000000000000013e-03 -4.818319999999999825e-01 8.762619999999999854e-01 1.724000000000000055e-03
2.000000000000000000e+00 2.500000000000000000e+01 8.000000000000000000e+00 0.000000000000000000e+00 1.600000000000000089e+00 -3.289999999999999739e-04 2.550000000000000183e-04 -1.000000000000000000e+00 4.527320000000000233e-01 8.916469999999999674e-01 7.799999999999999859e-05 8.916469999999999674e-01 -4.527320000000000233e-01 -4.090000000000000211e-04
1.100000000000000000e+01 2.500000000000000000e+01 8.000000000000000000e+00 0.000000000000000000e+00 1.600000000000000089e+00 2.311999999999999819e-03 -1.240999999999999916e-03 -9.999970000000000248e-01 4.502459999999999796e-01 8.929049999999999487e-01 -6.700000000000000226e-05 8.929019999999999735e-01 -4.502439999999999776e-01 2.622999999999999898e-03
1.500000000000000000e+01 2.500000000000000000e+01 8.000000000000000000e+00 0.000000000000000000e+00 1.600000000000000089e+00 7.979999999999999897e-04 4.543000000000000163e-03 -9.999890000000000168e-01 4.493730000000000224e-01 8.933330000000000437e-01 4.416999999999999919e-03 8.933440000000000270e-01 -4.493719999999999937e-01 -1.327999999999999970e-03
1.800000000000000000e+01 2.500000000000000000e+01 8.000000000000000000e+00 0.000000000000000000e+00 1.600000000000000089e+00 8.679999999999999565e-04 6.491000000000000242e-03 -9.999789999999999512e-01 4.489139999999999797e-01 8.935530000000000417e-01 6.190000000000000190e-03 8.935739999999999794e-01 -4.489099999999999757e-01 -2.138000000000000143e-03
2.800000000000000000e+01 2.500000000000000000e+01 8.000000000000000000e+00 0.000000000000000000e+00 1.600000000000000089e+00 2.282999999999999873e-03 1.624400000000000149e-02 -9.998650000000000038e-01 4.488739999999999952e-01 8.934600000000000319e-01 1.554099999999999926e-02 8.935920000000000529e-01 -4.488489999999999980e-01 -5.251999999999999724e-03
2.000000000000000000e+00 2.400000000000000000e+01 9.000000000000000000e+00 0.000000000000000000e+00 1.600000000000000089e+00 6.700000000000000226e-04 -1.100000000000000066e-03 -9.999989999999999712e-01 4.564679999999999849e-01 8.897389999999999466e-01 -6.719999999999999628e-04 8.897389999999999466e-01 -4.564679999999999849e-01 1.098000000000000018e-03
5.000000000000000000e+00 2.400000000000000000e+01 9.000000000000000000e+00 0.000000000000000000e+00 1.600000000000000089e+00 2.101000000000000003e-03 -4.000000000000000083e-03 -9.999900000000000455e-01 4.548479999999999746e-01 8.905650000000000510e-01 -2.606999999999999942e-03 8.905669999999999975e-01 -4.548380000000000201e-01 3.690000000000000138e-03
8.000000000000000000e+00 2.400000000000000000e+01 9.000000000000000000e+00 0.000000000000000000e+00 1.600000000000000089e+00 2.187999999999999841e-03 1.410000000000000012e-03 -9.999970000000000248e-01 4.536189999999999944e-01 8.911930000000000129e-01 2.249000000000000131e-03 8.911930000000000129e-01 -4.536229999999999984e-01 1.311000000000000099e-03
1.000000000000000000e+01 2.400000000000000000e+01 9.000000000000000000e+00 0.000000000000000000e+00 1.600000000000000089e+00 2.299999999999999961e-03 2.200000000000000078e-04 -9.999970000000000248e-01 4.532499999999999862e-01 8.913830000000000364e-01 1.239000000000000084e-03 8.913809999999999789e-01 -4.532510000000000150e-01 1.949999999999999910e-03
1.400000000000000000e+01 2.400000000000000000e+01 9.000000000000000000e+00 0.000000000000000000e+00 1.600000000000000089e+00 1.193000000000000050e-03 3.856000000000000053e-03 -9.999919999999999920e-01 4.525730000000000031e-01 8.917180000000000106e-01 3.977999999999999765e-03 8.917260000000000186e-01 -4.525750000000000051e-01 -6.809999999999999647e-04
1.800000000000000000e+01 2.400000000000000000e+01 9.000000000000000000e+00 0.000000000000000000e+00 1.600000000000000089e+00 6.589999999999999721e-04 7.444000000000000096e-03 -9.999719999999999720e-01 4.513559999999999794e-01 8.923170000000000268e-01 6.939999999999999988e-03 8.923440000000000261e-01 -4.513480000000000270e-01 -2.772000000000000158e-03
2.200000000000000000e+01 2.400000000000000000e+01 9.000000000000000000e+00 0.000000000000000000e+00 1.600000000000000089e+00 2.135999999999999878e-03 -1.039999999999999936e-04 -9.999980000000000535e-01 4.518519999999999759e-01 8.920919999999999961e-01 8.720000000000000537e-04 8.920900000000000496e-01 -4.518530000000000046e-01 1.951999999999999959e-03
2.800000000000000000e+01 2.400000000000000000e+01 9.000000000000000000e+00 0.000000000000000000e+00 1.600000000000000089e+00 2.014999999999999864e-03 1.462500000000000085e-02 -9.998909999999999743e-01 4.519880000000000009e-01 8.919150000000000134e-01 1.395599999999999966e-02 8.920219999999999816e-01 -4.519670000000000076e-01 -4.812000000000000305e-03
2.000000000000000000e+00 4.000000000000000000e+00 1.100000000000000000e+01 0.000000000000000000e+00 1.600000000000000089e+00 5.499999999999999681e-03 6.360599999999999588e-02 -9.979599999999999582e-01 1.832610000000000072e-01 9.810090000000000199e-01 6.353599999999999526e-02 9.830489999999999506e-01 -1.832370000000000110e-01 -6.261000000000000072e-03
2.400000000000000000e+01 3.100000000000000000e+01 1.200000000000000000e+01 0.000000000000000000e+00 1.600000000000000089e+00 3.800000000000000209e-05 -1.807999999999999928e-03 9.999980000000000535e-01 -1.209499999999999985e-02 9.999249999999999527e-01 1.807999999999999928e-03 -9.999270000000000103e-01 -1.209499999999999985e-02 1.599999999999999928e-05
2.900000000000000000e+01 3.100000000000000000e+01 1.200000000000000000e+01 0.000000000000000000e+00 1.600000000000000089e+00 1.113999999999999973e-03 6.189000000000000057e-03 9.999799999999999800e-01 -1.258500000000000070e-02 9.999019999999999575e-01 -6.173999999999999801e-03 -9.999200000000000310e-01 -1.257800000000000064e-02 1.191000000000000001e-03
2.000000000000000000e+00 3.500000000000000000e+01 1.200000000000000000e+01 0.000000000000000000e+00 1.600000000000000089e+00 7.416999999999999982e-03 -4.991999999999999910e-03 -9.999599999999999600e-01 4.735289999999999777e-01 -8.807430000000000536e-01 7.908999999999999364e-03 -8.807469999999999466e-01 -4.735690000000000177e-01 -4.168999999999999963e-03
7.000000000000000000e+00 3.500000000000000000e+01 1.200000000000000000e+01 0.000000000000000000e+00 1.600000000000000089e+00 2.801000000000000104e-03 6.987000000000000155e-03 -9.999719999999999720e-01 5.102809999999999846e-01 -8.599959999999999827e-01 -4.579999999999999870e-03 -8.600029999999999619e-01 -5.102539999999999853e-01 -5.974000000000000143e-03
8.000000000000000000e+00 3.200000000000000000e+01 1.400000000000000000e+01 0.000000000000000000e+00 1.600000000000000089e+00 -1.245999999999999929e-03 6.880000000000000265e-04 -9.999989999999999712e-01 1.106540000000000024e-01 9.938590000000000479e-01 5.460000000000000443e-04 9.938580000000000192e-01 -1.106530000000000014e-01 -1.314000000000000064e-03
1.200000000000000000e+01 3.200000000000000000e+01 1.400000000000000000e+01 0.000000000000000000e+00 1.600000000000000089e+00 3.968000000000000173e-03 -5.858000000000000360e-03 -9.999749999999999472e-01 1.107609999999999983e-01 9.938320000000000487e-01 -5.382999999999999764e-03 9.938390000000000279e-01 -1.107370000000000021e-01 4.591999999999999728e-03
4.000000000000000000e+00 1.160000000000000000e+02 1.600000000000000000e+01 0.000000000000000000e+00 1.600000000000000089e+00 -2.480000000000000108e-04 1.231000000000000106e-03 9.999989999999999712e-01 7.209130000000000260e-01 6.930250000000000021e-01 -6.740000000000000114e-04 -6.930250000000000021e-01 7.209130000000000260e-01 -1.059000000000000045e-03
5.000000000000000000e+00 2.000000000000000000e+00 1.900000000000000000e+01 0.000000000000000000e+00 1.600000000000000089e+00 7.779000000000000324e-03 -2.429299999999999862e-02 -9.996749999999999803e-01 1.908219999999999916e-01 -9.812980000000000036e-01 2.533099999999999935e-02 -9.815939999999999666e-01 -1.909569999999999879e-01 -2.997000000000000098e-03
9.000000000000000000e+00 2.000000000000000000e+00 1.900000000000000000e+01 0.000000000000000000e+00 1.600000000000000089e+00 3.853000000000000088e-03 -1.651199999999999890e-02 -9.998559999999999670e-01 1.827900000000000080e-01 -9.830060000000000464e-01 1.693800000000000167e-02 -9.831440000000000179e-01 -1.828289999999999915e-01 -7.699999999999999597e-04
1.600000000000000000e+01 2.000000000000000000e+00 1.900000000000000000e+01 0.000000000000000000e+00 1.600000000000000089e+00 -8.930000000000000221e-04 2.390000000000000089e-04 -1.000000000000000000e+00 1.782590000000000008e-01 -9.839839999999999698e-01 -3.939999999999999817e-04 -9.839830000000000521e-01 -1.782590000000000008e-01 8.369999999999999619e-04
2.300000000000000000e+01 2.000000000000000000e+00 1.900000000000000000e+01 0.000000000000000000e+00 1.600000000000000089e+00 -4.122999999999999929e-03 -4.965999999999999928e-03 -9.999789999999999512e-01 1.801480000000000026e-01 -9.836310000000000331e-01 4.141999999999999849e-03 -9.836310000000000331e-01 -1.801270000000000093e-01 4.950000000000000407e-03
6.000000000000000000e+00 4.000000000000000000e+00 2.000000000000000000e+01 0.000000000000000000e+00 1.600000000000000089e+00 6.189000000000000057e-03 -1.385199999999999973e-02 -9.998850000000000238e-01 2.647180000000000089e-01 -9.642089999999999828e-01 1.499600000000000065e-02 -9.643059999999999965e-01 -2.647809999999999886e-01 -2.299999999999999961e-03
3.000000000000000000e+00 1.300000000000000000e+01 2.000000000000000000e+01 0.000000000000000000e+00 1.600000000000000089e+00 9.550000000000000112e-04 1.142999999999999919e-03 9.999989999999999712e-01 2.502949999999999897e-01 9.681689999999999463e-01 -1.345000000000000058e-03 -9.681689999999999463e-01 2.502960000000000185e-01 6.390000000000000280e-04
9.000000000000000000e+00 1.300000000000000000e+01 2.000000000000000000e+01 0.000000000000000000e+00 1.600000000000000089e+00 1.793000000000000106e-03 6.432000000000000217e-03 9.999780000000000335e-01 2.505060000000000064e-01 9.680919999999999526e-01 -6.675999999999999643e-03 -9.681130000000000013e-01 2.505129999999999857e-01 1.250000000000000026e-04
1.500000000000000000e+01 1.300000000000000000e+01 2.000000000000000000e+01 0.000000000000000000e+00 1.600000000000000089e+00 5.599999999999999916e-05 -1.392000000000000008e-03 9.999989999999999712e-01 2.511410000000000031e-01 9.679499999999999771e-01 1.333999999999999899e-03 -9.679510000000000058e-01 2.511399999999999744e-01 4.040000000000000080e-04
2.000000000000000000e+01 1.300000000000000000e+01 2.000000000000000000e+01 0.000000000000000000e+00 1.600000000000000089e+00 -5.540000000000000219e-04 1.981000000000000122e-03 9.999980000000000535e-01 2.503110000000000057e-01 9.681640000000000246e-01 -1.779999999999999898e-03 -9.681650000000000533e-01 2.503099999999999770e-01 -1.031999999999999931e-03
2.400000000000000000e+01 1.300000000000000000e+01 2.000000000000000000e+01 0.000000000000000000e+00 1.600000000000000089e+00 -6.172999999999999668e-03 -1.092199999999999942e-02 9.999209999999999487e-01 2.500999999999999890e-01 9.681440000000000046e-01 1.211899999999999956e-02 -9.681999999999999496e-01 2.501559999999999895e-01 -3.243999999999999922e-03
4.000000000000000000e+00 1.600000000000000000e+01 2.100000000000000000e+01 0.000000000000000000e+00 1.600000000000000089e+00 1.123999999999999999e-03 2.802999999999999936e-03 9.999949999999999672e-01 2.982549999999999923e-01 9.544810000000000239e-01 -3.010999999999999788e-03 -9.544859999999999456e-01 2.982569999999999943e-01 2.359999999999999902e-04
1.000000000000000000e+01 1.600000000000000000e+01 2.100000000000000000e+01 0.000000000000000000e+00 1.600000000000000089e+00 1.600999999999999993e-03 5.216000000000000150e-03 9.999850000000000128e-01 2.978819999999999801e-01 9.545869999999999633e-01 -5.455999999999999912e-03 -9.546010000000000328e-01 2.978870000000000129e-01 -2.500000000000000120e-05
1.900000000000000000e+01 1.600000000000000000e+01 2.100000000000000000e+01 0.000000000000000000e+00 1.600000000000000089e+00 9.000000000000000228e-06 6.340000000000000149e-04 1.000000000000000000e+00 2.966860000000000053e-01 9.549750000000000183e-01 -6.080000000000000335e-04 -9.549750000000000183e-01 2.966860000000000053e-01 -1.800000000000000113e-04
2.400000000000000000e+01 1.600000000000000000e+01 2.100000000000000000e+01 0.000000000000000000e+00 1.600000000000000089e+00 -6.596000000000000300e-03 -1.030999999999999972e-02 9.999249999999999527e-01 2.973330000000000140e-01 9.547010000000000218e-01 1.180499999999999952e-02 -9.547510000000000163e-01 2.973890000000000144e-01 -3.232000000000000064e-03
2.900000000000000000e+01 1.600000000000000000e+01 2.100000000000000000e+01 0.000000000000000000e+00 1.600000000000000089e+00 -1.273000000000000043e-03 -3.446999999999999977e-03 9.999930000000000208e-01 2.988770000000000038e-01 9.542850000000000499e-01 3.670000000000000085e-03 -9.542910000000000004e-01 2.988799999999999790e-01 -1.840000000000000001e-04
1.300000000000000000e+01 3.000000000000000000e+00 2.500000000000000000e+01 0.000000000000000000e+00 1.600000000000000089e+00 -1.900999999999999912e-03 5.105000000000000163e-03 9.999850000000000128e-01 -2.945199999999999901e-02 -9.995530000000000248e-01 5.047000000000000271e-03 9.995640000000000081e-01 -2.944199999999999942e-02 2.050000000000000173e-03
2.600000000000000000e+01 3.000000000000000000e+00 2.500000000000000000e+01 0.000000000000000000e+00 1.600000000000000089e+00 8.769000000000000752e-03 -7.230000000000000315e-03 9.999350000000000183e-01 -3.434799999999999659e-02 -9.993859999999999966e-01 -6.924999999999999732e-03 9.993710000000000093e-01 -3.428500000000000297e-02 -9.011999999999999178e-03
1.600000000000000000e+01 4.600000000000000000e+01 2.700000000000000000e+01 0.000000000000000000e+00 1.600000000000000089e+00 8.099999999999999561e-04 -2.828999999999999918e-03 -9.999959999999999960e-01 6.762089999999999490e-01 7.367080000000000295e-01 -1.536000000000000039e-03 7.367089999999999472e-01 -6.762049999999999450e-01 2.508999999999999946e-03
1.300000000000000000e+01 4.600000000000000000e+01 3.000000000000000000e+01 0.000000000000000000e+00 1.600000000000000089e+00 9.700000000000000505e-04 -9.539999999999999869e-04 -9.999989999999999712e-01 3.424039999999999861e-01 9.395529999999999715e-01 -5.640000000000000482e-04 9.395520000000000538e-01 -3.424030000000000129e-01 1.237999999999999951e-03
2.000000000000000000e+00 5.800000000000000000e+01 3.100000000000000000e+01 0.000000000000000000e+00 1.600000000000000089e+00 3.069999999999999812e-03 1.410000000000000012e-03 9.999940000000000495e-01 -7.714480000000000226e-01 -6.362839999999999607e-01 3.265999999999999806e-03 6.362849999999999895e-01 -7.714530000000000554e-01 -8.649999999999999920e-04
6.000000000000000000e+00 5.800000000000000000e+01 3.100000000000000000e+01 0.000000000000000000e+00 1.600000000000000089e+00 2.147000000000000037e-03 6.660000000000000338e-04 9.999970000000000248e-01 -7.738730000000000331e-01 -6.333370000000000388e-01 2.083999999999999915e-03 6.333370000000000388e-01 -7.738749999999999796e-01 -8.440000000000000236e-04
9.000000000000000000e+00 5.800000000000000000e+01 3.100000000000000000e+01 0.000000000000000000e+00 1.600000000000000089e+00 -5.539999999999999786e-03 -6.413000000000000297e-03 9.999639999999999640e-01 -7.779850000000000376e-01 -6.282280000000000086e-01 -8.338999999999999191e-03 6.282590000000000119e-01 -7.780030000000000001e-01 -1.508000000000000009e-03
1.300000000000000000e+01 5.800000000000000000e+01 3.100000000000000000e+01 0.000000000000000000e+00 1.600000000000000089e+00 -7.621000000000000170e-03 -1.021599999999999939e-02 9.999190000000000023e-01 -7.830819999999999448e-01 -6.217970000000000441e-01 -1.232100000000000035e-02 6.218719999999999803e-01 -7.831120000000000303e-01 -3.261000000000000010e-03
1.700000000000000000e+01 5.800000000000000000e+01 3.100000000000000000e+01 0.000000000000000000e+00 1.600000000000000089e+00 -3.494000000000000144e-03 -3.579999999999999741e-04 9.999940000000000495e-01 -7.877880000000000438e-01 -6.159400000000000430e-01 -2.972999999999999948e-03 6.159369999999999568e-01 -7.877929999999999655e-01 1.869999999999999917e-03
2.700000000000000000e+01 5.800000000000000000e+01 3.100000000000000000e+01 0.000000000000000000e+00 1.600000000000000089e+00 6.419999999999999925e-04 4.323999999999999719e-03 9.999900000000000455e-01 -7.897999999999999465e-01 -6.133570000000000411e-01 3.160000000000000048e-03 6.133650000000000491e-01 -7.897939999999999960e-01 3.020999999999999814e-03
1.000000000000000000e+00 4.600000000000000000e+01 3.500000000000000000e+01 0.000000000000000000e+00 1.600000000000000089e+00 1.539999999999999919e-03 4.530000000000000064e-04 -9.999989999999999712e-01 3.897729999999999806e-01 -9.209110000000000351e-01 1.830000000000000029e-04 -9.209100000000000064e-01 -3.897729999999999806e-01 -1.595000000000000064e-03
7.000000000000000000e+00 4.600000000000000000e+01 3.500000000000000000e+01 0.000000000000000000e+00 1.600000000000000089e+00 1.288000000000000082e-03 3.337999999999999821e-03 -9.999940000000000495e-01 3.912499999999999867e-01 -9.202810000000000157e-01 -2.567999999999999970e-03 -9.202829999999999622e-01 -3.912450000000000094e-01 -2.491000000000000159e-03
1.200000000000000000e+01 4.600000000000000000e+01 3.500000000000000000e+01 0.000000000000000000e+00 1.600000000000000089e+00 -4.070000000000000267e-04 4.099999999999999912e-04 -1.000000000000000000e+00 3.917109999999999759e-01 -9.200880000000000170e-01 -5.370000000000000424e-04 -9.200880000000000170e-01 -3.917109999999999759e-01 2.130000000000000003e-04
2.100000000000000000e+01 4.600000000000000000e+01 3.500000000000000000e+01 0.000000000000000000e+00 1.600000000000000089e+00 3.000000000000000076e-05 3.052000000000000025e-03 -9.999949999999999672e-01 3.905219999999999803e-01 -9.205889999999999906e-01 -2.798000000000000140e-03 -9.205940000000000234e-01 -3.905199999999999783e-01 -1.219000000000000031e-03
2.500000000000000000e+01 4.600000000000000000e+01 3.500000000000000000e+01 0.000000000000000000e+00 1.600000000000000089e+00 -2.397999999999999958e-03 1.655999999999999920e-03 -9.999959999999999960e-01 3.893389999999999906e-01 -9.210909999999999931e-01 -2.458999999999999814e-03 -9.210909999999999931e-01 -3.893429999999999946e-01 1.564000000000000069e-03
4.000000000000000000e+00 9.500000000000000000e+01 3.600000000000000000e+01 0.000000000000000000e+00 1.600000000000000089e+00 1.798299999999999899e-02 9.709000000000000616e-03 9.997909999999999853e-01 9.968059999999999699e-01 7.764899999999999580e-02 -1.868399999999999922e-02 -7.781399999999999428e-02 9.969329999999999581e-01 -8.281999999999999432e-03
1.500000000000000000e+01 9.500000000000000000e+01 3.600000000000000000e+01 0.000000000000000000e+00 1.600000000000000089e+00 -3.510800000000000032e-02 -4.830700000000000272e-02 9.982149999999999634e-01 9.973309999999999675e-01 6.229099999999999915e-02 3.809099999999999986e-02 -6.401999999999999358e-02 9.968879999999999963e-01 4.599099999999999716e-02
2.500000000000000000e+01 9.500000000000000000e+01 3.600000000000000000e+01 0.000000000000000000e+00 1.600000000000000089e+00 1.566999999999999990e-02 1.515999999999999986e-02 9.997620000000000395e-01 9.982050000000000090e-01 5.757099999999999718e-02 -1.651800000000000143e-02 -5.780799999999999828e-02 9.982259999999999467e-01 -1.423100000000000059e-02
2.000000000000000000e+00 3.100000000000000000e+01 4.200000000000000000e+01 0.000000000000000000e+00 1.600000000000000089e+00 -1.469499999999999973e-02 1.599820000000000131e-01 -9.870109999999999717e-01 5.964559999999999862e-01 7.936609999999999498e-01 1.197619999999999935e-01 8.025109999999999744e-01 -5.869490000000000540e-01 -1.070849999999999996e-01
3.000000000000000000e+00 3.000000000000000000e+00 4.300000000000000000e+01 0.000000000000000000e+00 1.600000000000000089e+00 6.999999999999999387e-05 2.782999999999999884e-03 -9.999959999999999960e-01 7.406840000000000090e-01 -6.718509999999999760e-01 -1.817999999999999955e-03 -6.718530000000000335e-01 -7.406810000000000338e-01 -2.108000000000000065e-03
7.000000000000000000e+00 3.000000000000000000e+00 4.300000000000000000e+01 0.000000000000000000e+00 1.600000000000000089e+00 -4.199999999999999768e-05 -7.825999999999999623e-03 -9.999689999999999968e-01 7.391550000000000065e-01 -6.735149999999999748e-01 5.239999999999999866e-03 -6.735360000000000236e-01 -7.391320000000000112e-01 5.812999999999999591e-03
2.700000000000000000e+01 3.000000000000000000e+00 4.300000000000000000e+01 0.000000000000000000e+00 1.600000000000000089e+00 -1.521999999999999915e-03 2.415000000000000046e-03 -9.999959999999999960e-01 7.416430000000000522e-01 -6.707889999999999686e-01 -2.749000000000000141e-03 -6.707929999999999726e-01 -7.416439999999999699e-01 -7.699999999999999597e-04
2.000000000000000000e+00 6.500000000000000000e+01 4.600000000000000000e+01 0.000000000000000000e+00 1.600000000000000089e+00 -1.925000000000000062e-03 -3.226000000000000135e-03 9.999930000000000208e-01 6.798669999999999991e-01 -7.333340000000000414e-01 -1.056999999999999997e-03 7.333330000000000126e-01 6.798610000000000486e-01 3.605000000000000131e-03
1.600000000000000000e+01 6.500000000000000000e+01 4.600000000000000000e+01 0.000000000000000000e+00 1.600000000000000089e+00 1.631999999999999987e-03 1.013000000000000012e-03 9.999980000000000535e-01 6.797720000000000429e-01 -7.334230000000000471e-01 -3.669999999999999760e-04 7.334209999999999896e-01 6.797720000000000429e-01 -1.886000000000000090e-03
2.200000000000000000e+01 6.500000000000000000e+01 4.600000000000000000e+01 0.000000000000000000e+00 1.600000000000000089e+00 3.677999999999999846e-03 -1.209999999999999921e-03 9.999919999999999920e-01 6.798250000000000126e-01 -7.333669999999999911e-01 -3.387999999999999953e-03 7.333650000000000446e-01 6.798319999999999919e-01 -1.874999999999999931e-03
6.000000000000000000e+00 2.100000000000000000e+01 4.800000000000000000e+01 0.000000000000000000e+00 1.600000000000000089e+00 -2.687000000000000152e-03 -3.226000000000000135e-03 -9.999909999999999632e-01 3.056900000000000173e-01 9.521230000000000526e-01 -3.893000000000000193e-03 9.521269999999999456e-01 -3.056969999999999965e-01 -1.572000000000000047e-03
2.000000000000000000e+01 7.000000000000000000e+00 5.200000000000000000e+01 0.000000000000000000e+00 1.600000000000000089e+00 -3.526000000000000054e-03 -6.639999999999999852e-04 -9.999940000000000495e-01 8.307299999999999407e-02 -9.965429999999999566e-01 3.680000000000000003e-04 -9.965370000000000061e-01 -8.307100000000000595e-02 3.569000000000000124e-03
2.300000000000000000e+01 7.000000000000000000e+00 5.200000000000000000e+01 0.000000000000000000e+00 1.600000000000000089e+00 2.517999999999999839e-03 6.139999999999999625e-03 -9.999780000000000335e-01 8.252400000000000013e-02 -9.965720000000000134e-01 -5.910999999999999588e-03 -9.965859999999999719e-01 -8.250799999999999801e-02 -3.016000000000000018e-03
1.700000000000000000e+01 5.800000000000000000e+01 5.200000000000000000e+01 0.000000000000000000e+00 1.600000000000000089e+00 -2.799999999999999958e-05 -4.253999999999999969e-03 9.999909999999999632e-01 -6.253370000000000317e-01 7.803480000000000416e-01 3.302999999999999946e-03 -7.803550000000000209e-01 -6.253309999999999702e-01 -2.681999999999999922e-03
3.000000000000000000e+00 6.300000000000000000e+01 5.400000000000000000e+01 0.000000000000000000e+00 1.600000000000000089e+00 3.278000000000000098e-03 4.923000000000000292e-03 9.999829999999999552e-01 -3.832499999999999796e-01 9.236389999999999878e-01 -3.289999999999999956e-03 -9.236389999999999878e-01 -3.832329999999999903e-01 4.915000000000000098e-03
1.400000000000000000e+01 6.300000000000000000e+01 5.400000000000000000e+01 0.000000000000000000e+00 1.600000000000000089e+00 -3.981000000000000164e-03 -1.269099999999999916e-02 9.999120000000000230e-01 -3.927149999999999808e-01 9.196050000000000058e-01 1.010800000000000066e-02 -9.196509999999999962e-01 -3.926399999999999890e-01 -8.644999999999999907e-03
1.700000000000000000e+01 6.300000000000000000e+01 5.400000000000000000e+01 0.000000000000000000e+00 1.600000000000000089e+00 -3.710000000000000190e-03 -7.226999999999999917e-03 9.999670000000000503e-01 -3.758159999999999834e-01 9.266790000000000305e-01 5.303000000000000422e-03 -9.266870000000000385e-01 -3.757840000000000069e-01 -6.154999999999999881e-03
2.000000000000000000e+01 6.300000000000000000e+01 5.400000000000000000e+01 0.000000000000000000e+00 1.600000000000000089e+00 -1.291000000000000047e-03 2.233999999999999875e-03 9.999970000000000248e-01 -3.667730000000000157e-01 9.303069999999999951e-01 -2.552000000000000015e-03 -9.303099999999999703e-01 -3.667750000000000177e-01 -3.820000000000000153e-04
2.500000000000000000e+01 6.300000000000000000e+01 5.400000000000000000e+01 0.000000000000000000e+00 1.600000000000000089e+00 8.200000000000000095e-05 3.141000000000000129e-03 9.999949999999999672e-01 -3.652409999999999823e-01 9.309079999999999577e-01 -2.893999999999999871e-03 -9.309129999999999905e-01 -3.652389999999999803e-01 1.224000000000000045e-03
4.000000000000000000e+00 2.600000000000000000e+01 5.500000000000000000e+01 0.000000000000000000e+00 1.600000000000000089e+00 -1.450399999999999953e-02 -2.905570000000000097e-01 9.567480000000000429e-01 3.380000000000000192e-03 9.568290000000000406e-01 2.906320000000000014e-01 -9.998890000000000278e-01 7.448999999999999892e-03 -1.289599999999999948e-02
2.300000000000000000e+01 2.600000000000000000e+01 5.500000000000000000e+01 0.000000000000000000e+00 1.600000000000000089e+00 1.449999999999999900e-03 -1.240999999999999916e-03 -9.999980000000000535e-01 -4.309700000000000336e-02 -9.990700000000000136e-01 1.177000000000000095e-03 -9.990700000000000136e-01 4.309500000000000136e-02 -1.502000000000000080e-03
2.800000000000000000e+01 3.200000000000000000e+01 5.500000000000000000e+01 0.000000000000000000e+00 1.600000000000000089e+00 4.675100000000000089e-02 5.793100000000000332e-02 9.972250000000000281e-01 1.441399999999999904e-01 9.874779999999999669e-01 -6.412199999999999844e-02 -9.884519999999999973e-01 1.467380000000000073e-01 3.781500000000000139e-02
6.000000000000000000e+00 2.100000000000000000e+01 6.000000000000000000e+01 0.000000000000000000e+00 1.600000000000000089e+00 9.569999999999999514e-04 2.151000000000000134e-03 9.999970000000000248e-01 -9.544700000000000406e-02 9.954319999999999835e-01 -2.049000000000000040e-03 -9.954340000000000410e-01 -9.544500000000000206e-02 1.157999999999999958e-03
1.100000000000000000e+01 2.100000000000000000e+01 6.000000000000000000e+01 0.000000000000000000e+00 1.600000000000000089e+00 -3.750000000000000078e-04 4.530000000000000064e-04 1.000000000000000000e+00 -9.313299999999999357e-02 9.956540000000000390e-01 -4.859999999999999954e-04 -9.956540000000000390e-01 -9.313299999999999357e-02 -3.310000000000000225e-04
1.500000000000000000e+01 2.100000000000000000e+01 6.000000000000000000e+01 0.000000000000000000e+00 1.600000000000000089e+00 -3.800000000000000209e-04 2.380000000000000117e-04 1.000000000000000000e+00 -9.413900000000000046e-02 9.955589999999999717e-01 -2.719999999999999979e-04 -9.955589999999999717e-01 -9.413900000000000046e-02 -3.559999999999999797e-04
2.000000000000000000e+01 2.100000000000000000e+01 6.000000000000000000e+01 0.000000000000000000e+00 1.600000000000000089e+00 -6.660000000000000338e-04 -2.236000000000000140e-03 9.999970000000000248e-01 -9.475799999999999501e-02 9.954979999999999940e-01 2.162999999999999992e-03 -9.955000000000000515e-01 -9.475600000000000689e-02 -8.750000000000000182e-04
2.500000000000000000e+01 2.100000000000000000e+01 6.000000000000000000e+01 0.000000000000000000e+00 1.600000000000000089e+00 -7.709999999999999840e-04 -1.333999999999999899e-03 9.999989999999999712e-01 -9.510299999999999310e-02 9.954669999999999908e-01 1.255000000000000039e-03 -9.954669999999999908e-01 -9.510100000000000497e-02 -8.940000000000000464e-04
2.900000000000000000e+01 2.100000000000000000e+01 6.000000000000000000e+01 0.000000000000000000e+00 1.600000000000000089e+00 4.620000000000000083e-04 4.024999999999999932e-03 9.999919999999999920e-01 -9.520099999999999396e-02 9.954499999999999460e-01 -3.963000000000000377e-03 -9.954579999999999540e-01 -9.519900000000000584e-02 8.429999999999999993e-04
2.100000000000000000e+01 6.700000000000000000e+01 6.000000000000000000e+01 0.000000000000000000e+00 1.600000000000000089e+00 -6.909999999999999910e-04 -4.093000000000000284e-03 9.999909999999999632e-01 1.807709999999999873e-01 -9.835180000000000033e-01 -3.900999999999999954e-03 9.835249999999999826e-01 1.807660000000000100e-01 1.418999999999999906e-03
1.000000000000000000e+00 2.700000000000000000e+01 6.300000000000000000e+01 0.000000000000000000e+00 1.600000000000000089e+00 4.125000000000000194e-03 4.516000000000000049e-03 9.999810000000000088e-01 -2.881040000000000267e-01 9.575939999999999452e-01 -3.137000000000000031e-03 -9.575900000000000523e-01 -2.880860000000000087e-01 5.250999999999999591e-03
7.000000000000000000e+00 2.700000000000000000e+01 6.300000000000000000e+01 0.000000000000000000e+00 1.600000000000000089e+00 1.363000000000000062e-03 5.070999999999999987e-03 9.999860000000000415e-01 -2.809729999999999728e-01 9.597050000000000303e-01 -4.483000000000000006e-03 -9.597149999999999848e-01 -2.809630000000000183e-01 2.733000000000000186e-03
1.000000000000000000e+01 2.700000000000000000e+01 6.300000000000000000e+01 0.000000000000000000e+00 1.600000000000000089e+00 6.740000000000000114e-04 1.237999999999999951e-03 9.999989999999999712e-01 -2.801199999999999801e-01 9.599640000000000395e-01 -9.990000000000001049e-04 -9.599649999999999572e-01 -2.801190000000000069e-01 9.940000000000000918e-04
2.100000000000000000e+01 2.700000000000000000e+01 6.300000000000000000e+01 0.000000000000000000e+00 1.600000000000000089e+00 -1.515999999999999986e-03 -1.330999999999999935e-03 9.999980000000000535e-01 -2.790679999999999827e-01 9.602709999999999857e-01 8.549999999999999658e-04 -9.602699999999999569e-01 -2.790670000000000095e-01 -1.827999999999999981e-03
2.700000000000000000e+01 2.700000000000000000e+01 6.300000000000000000e+01 0.000000000000000000e+00 1.600000000000000089e+00 2.959999999999999849e-04 2.511999999999999910e-03 9.999970000000000248e-01 -2.801830000000000154e-01 9.599440000000000195e-01 -2.328000000000000208e-03 -9.599469999999999947e-01 -2.801810000000000134e-01 9.879999999999999460e-04
1.000000000000000000e+00 4.400000000000000000e+01 6.300000000000000000e+01 0.000000000000000000e+00 1.600000000000000089e+00 -4.695000000000000388e-03 -4.277999999999999685e-03 -9.999799999999999800e-01 -6.497650000000000370e-01 -7.601090000000000346e-01 6.302999999999999575e-03 -7.601200000000000179e-01 6.497819999999999707e-01 7.889999999999999878e-04
4.000000000000000000e+00 4.400000000000000000e+01 6.300000000000000000e+01 0.000000000000000000e+00 1.600000000000000089e+00 -4.029999999999999728e-03 2.765999999999999796e-03 -9.999879999999999880e-01 -6.428420000000000245e-01 -7.659989999999999855e-01 4.719999999999999803e-04 -7.659890000000000310e-01 6.428359999999999630e-01 4.865999999999999666e-03
1.000000000000000000e+01 4.400000000000000000e+01 6.300000000000000000e+01 0.000000000000000000e+00 1.600000000000000089e+00 1.972999999999999927e-03 2.442300000000000026e-02 -9.997000000000000330e-01 -6.362219999999999542e-01 -7.712440000000000406e-01 -2.009700000000000028e-02 -7.715039999999999676e-01 6.360700000000000243e-01 1.401600000000000068e-02
1.300000000000000000e+01 4.400000000000000000e+01 6.300000000000000000e+01 0.000000000000000000e+00 1.600000000000000089e+00 4.938999999999999814e-03 1.961399999999999949e-02 -9.997949999999999893e-01 -6.366239999999999677e-01 -7.709580000000000322e-01 -1.827000000000000152e-02 -7.711590000000000389e-01 6.365840000000000387e-01 8.678999999999999215e-03
1.900000000000000000e+01 4.400000000000000000e+01 6.300000000000000000e+01 0.000000000000000000e+00 1.600000000000000089e+00 -7.690000000000000438e-04 1.350000000000000071e-03 -9.999989999999999712e-01 -6.506579999999999586e-01 -7.593710000000000182e-01 -5.249999999999999676e-04 -7.593710000000000182e-01 6.506560000000000121e-01 1.461999999999999975e-03
2.400000000000000000e+01 4.400000000000000000e+01 6.300000000000000000e+01 0.000000000000000000e+00 1.600000000000000089e+00 3.159999999999999832e-04 1.232399999999999989e-02 -9.999240000000000350e-01 -6.599230000000000373e-01 -7.512739999999999974e-01 -9.468000000000000721e-03 -7.513330000000000286e-01 6.598760000000000181e-01 7.894999999999999241e-03
2.000000000000000000e+00 2.600000000000000000e+01 6.400000000000000000e+01 0.000000000000000000e+00 1.600000000000000089e+00 2.256999999999999892e-03 3.204999999999999950e-03 9.999919999999999920e-01 -3.689020000000000077e-01 9.294660000000000144e-01 -2.147000000000000037e-03 -9.294649999999999856e-01 -3.688949999999999729e-01 3.279999999999999930e-03
6.000000000000000000e+00 2.600000000000000000e+01 6.400000000000000000e+01 0.000000000000000000e+00 1.600000000000000089e+00 4.840000000000000010e-04 4.368999999999999620e-03 9.999900000000000455e-01 -3.677279999999999993e-01 9.299250000000000016e-01 -3.884999999999999998e-03 -9.299330000000000096e-01 -3.677219999999999933e-01 2.056999999999999801e-03
1.000000000000000000e+01 2.600000000000000000e+01 6.400000000000000000e+01 0.000000000000000000e+00 1.600000000000000089e+00 6.920000000000000153e-04 1.232999999999999938e-03 9.999989999999999712e-01 -3.694189999999999974e-01 9.292620000000000324e-01 -8.899999999999999491e-04 -9.292629999999999502e-01 -3.694180000000000241e-01 1.098999999999999934e-03
1.600000000000000000e+01 2.600000000000000000e+01 6.400000000000000000e+01 0.000000000000000000e+00 1.600000000000000089e+00 -7.789999999999999616e-04 -3.311000000000000141e-03 9.999940000000000495e-01 -3.683739999999999792e-01 9.296740000000000004e-01 2.791000000000000078e-03 -9.296769999999999756e-01 -3.683690000000000020e-01 -1.943000000000000066e-03
2.300000000000000000e+01 2.600000000000000000e+01 6.400000000000000000e+01 0.000000000000000000e+00 1.600000000000000089e+00 -2.269000000000000183e-03 -1.652999999999999955e-03 9.999959999999999960e-01 -3.720379999999999798e-01 9.282169999999999588e-01 6.899999999999999667e-04 -9.282150000000000123e-01 -3.720350000000000046e-01 -2.720999999999999894e-03
2.700000000000000000e+01 2.600000000000000000e+01 6.400000000000000000e+01 0.000000000000000000e+00 1.600000000000000089e+00 -6.800000000000000488e-04 3.408000000000000005e-03 9.999940000000000495e-01 -3.736389999999999989e-01 9.275679999999999481e-01 -3.415000000000000067e-03 -9.275740000000000096e-01 -3.736389999999999989e-01 6.430000000000000169e-04
3.000000000000000000e+00 4.400000000000000000e+01 7.300000000000000000e+01 0.000000000000000000e+00 1.600000000000000089e+00 1.106999999999999911e-03 -6.669999999999999497e-04 9.999989999999999712e-01 5.467500000000000138e-02 -9.985039999999999472e-01 -7.269999999999999987e-04 9.985039999999999472e-01 5.467600000000000238e-02 -1.069000000000000072e-03
8.000000000000000000e+00 4.400000000000000000e+01 7.300000000000000000e+01 0.000000000000000000e+00 1.600000000000000089e+00 1.531000000000000026e-03 5.585999999999999820e-03 9.999829999999999552e-01 5.600499999999999923e-02 -9.984150000000000524e-01 5.491000000000000221e-03 9.984290000000000109e-01 5.599500000000000310e-02 -1.840999999999999972e-03
