4.000000000000000000e+00 4.200000000000000000e+01 2.000000000000000000e+00 0.000000000000000000e+00 1.600000000000000089e+00 2.730000000000000222e-04 -6.851500000000000645e-02 -9.976500000000000368e-01 9.667299999999999782e-01 -2.551780000000000159e-01 1.778899999999999926e-02 -2.557980000000000254e-01 -9.644629999999999592e-01 6.616600000000000259e-02
7.000000000000000000e+00 1.500000000000000000e+01 4.000000000000000000e+00 0.000000000000000000e+00 1.600000000000000089e+00 -5.310000000000000050e-04 -3.485999999999999949e-03 9.999940000000000495e-01 3.241069999999999784e-01 -9.460150000000000503e-01 -3.125999999999999873e-03 9.460199999999999720e-01 3.241029999999999744e-01 1.631999999999999987e-03
9.000000000000000000e+00 1.500000000000000000e+01 4.000000000000000000e+00 0.000000000000000000e+00 1.600000000000000089e+00 1.637000000000000000e-03 2.369999999999999874e-04 9.999989999999999712e-01 3.244279999999999942e-01 -9.459100000000000286e-01 -3.069999999999999812e-04 9.459089999999999998e-01 3.244279999999999942e-01 -1.624999999999999925e-03
1.800000000000000000e+01 1.500000000000000000e+01 4.000000000000000000e+00 0.000000000000000000e+00 1.600000000000000089e+00 -1.768000000000000040e-03 9.479999999999999495e-04 9.999980000000000535e-01 3.291000000000000036e-01 -9.442939999999999667e-01 1.477000000000000014e-03 9.442930000000000490e-01 3.291020000000000056e-01 1.356999999999999916e-03
2.100000000000000000e+01 1.500000000000000000e+01 4.000000000000000000e+00 0.000000000000000000e+00 1.600000000000000089e+00 -8.210000000000000067e-04 3.050000000000000194e-03 9.999949999999999672e-01 3.261020000000000030e-01 -9.453289999999999749e-01 3.151000000000000155e-03 9.453340000000000076e-01 3.261020000000000030e-01 -2.190000000000000106e-04
2.600000000000000000e+01 1.500000000000000000e+01 4.000000000000000000e+00 0.000000000000000000e+00 1.600000000000000089e+00 8.679999999999999565e-04 6.699000000000000093e-03 9.999770000000000048e-01 3.264199999999999879e-01 -9.452059999999999906e-01 6.048000000000000424e-03 9.452249999999999819e-01 3.264070000000000027e-01 -3.007000000000000124e-03
2.800000000000000000e+01 1.500000000000000000e+01 4.000000000000000000e+00 0.000000000000000000e+00 1.600000000000000089e+00 2.860000000000000129e-04 1.070800000000000050e-02 9.999430000000000263e-01 3.254750000000000143e-01 -9.454979999999999496e-01 1.003199999999999925e-02 9.455510000000000304e-01 3.254529999999999923e-01 -3.755999999999999790e-03
2.000000000000000000e+01 4.000000000000000000e+00 5.000000000000000000e+00 0.000000000000000000e+00 1.600000000000000089e+00 7.500000000000000156e-04 3.135999999999999899e-03 9.999949999999999672e-01 2.325109999999999955e-01 -9.725890000000000368e-01 2.874999999999999951e-03 9.725930000000000408e-01 2.325079999999999925e-01 -1.459000000000000010e-03
3.000000000000000000e+00 1.010000000000000000e+02 7.000000000000000000e+00 0.000000000000000000e+00 1.600000000000000089e+00 -4.070999999999999966e-03 -1.804000000000000048e-03 9.999900000000000455e-01 8.827239999999999531e-01 4.698720000000000119e-01 4.440999999999999635e-03 -4.698749999999999871e-01 8.827329999999999899e-01 -3.209999999999999963e-04
7.000000000000000000e+00 1.010000000000000000e+02 7.000000000000000000e+00 0.000000000000000000e+00 1.600000000000000089e+00 -4.484000000000000138e-03 -1.328099999999999940e-02 9.999019999999999575e-01 8.822510000000000074e-01 4.706690000000000040e-01 1.020800000000000006e-02 -4.707580000000000098e-01 8.822100000000000497e-01 9.606999999999999221e-03
2.000000000000000000e+01 1.010000000000000000e+02 7.000000000000000000e+00 0.000000000000000000e+00 1.600000000000000089e+00 -3.739999999999999835e-04 5.487999999999999823e-03 9.999850000000000128e-01 8.849559999999999649e-01 4.656689999999999996e-01 -2.224999999999999981e-03 -4.656739999999999768e-01 8.849420000000000064e-01 -5.030999999999999882e-03
6.000000000000000000e+00 2.500000000000000000e+01 8.000000000000000000e+00 0.000000000000000000e+00 1.600000000000000089e+00 2.719999999999999979e-04 -6.859999999999999779e-03 -9.999759999999999760e-01 4.481760000000000188e-01 8.939249999999999696e-01 -6.009999999999999717e-03 8.939449999999999896e-01 -4.481640000000000068e-01 3.317000000000000070e-03
1.300000000000000000e+01 2.500000000000000000e+01 8.000000000000000000e+00 0.000000000000000000e+00 1.600000000000000089e+00 9.309999999999999699e-04 6.275000000000000196e-03 -9.999799999999999800e-01 4.474920000000000009e-01 8.942679999999999518e-01 6.028000000000000372e-03 8.942879999999999718e-01 -4.474879999999999969e-01 -1.975999999999999892e-03
1.600000000000000000e+01 2.500000000000000000e+01 8.000000000000000000e+00 0.000000000000000000e+00 1.600000000000000089e+00 2.680000000000000090e-04 3.680000000000000111e-03 -9.999930000000000208e-01 4.470649999999999902e-01 8.944950000000000401e-01 3.412000000000000102e-03 8.945009999999999906e-01 -4.470629999999999882e-01 -1.405999999999999915e-03
1.900000000000000000e+01 2.500000000000000000e+01 8.000000000000000000e+00 0.000000000000000000e+00 1.600000000000000089e+00 -5.419999999999999471e-04 -1.129999999999999928e-03 -9.999989999999999712e-01 4.460799999999999765e-01 8.949920000000000098e-01 -1.252999999999999991e-03 8.949930000000000385e-01 -4.460799999999999765e-01 2.000000000000000164e-05
2.300000000000000000e+01 2.500000000000000000e+01 8.000000000000000000e+00 0.000000000000000000e+00 1.600000000000000089e+00 -2.974000000000000081e-03 -3.295000000000000186e-03 -9.999900000000000455e-01 4.456399999999999806e-01 8.952020000000000532e-01 -4.275000000000000154e-03 8.952069999999999750e-01 -4.456479999999999886e-01 -1.193999999999999966e-03
2.800000000000000000e+01 2.500000000000000000e+01 8.000000000000000000e+00 0.000000000000000000e+00 1.600000000000000089e+00 -3.507000000000000135e-03 -1.009200000000000028e-02 -9.999430000000000263e-01 4.472740000000000049e-01 8.943339999999999623e-01 -1.059500000000000025e-02 8.943900000000000183e-01 -4.472860000000000169e-01 1.376999999999999969e-03
5.000000000000000000e+00 2.400000000000000000e+01 9.000000000000000000e+00 0.000000000000000000e+00 1.600000000000000089e+00 3.269999999999999795e-04 -7.036999999999999852e-03 -9.999749999999999472e-01 4.513409999999999922e-01 8.923309999999999853e-01 -6.132000000000000298e-03 8.923520000000000341e-01 -4.513280000000000070e-01 3.468000000000000162e-03
1.200000000000000000e+01 2.400000000000000000e+01 9.000000000000000000e+00 0.000000000000000000e+00 1.600000000000000089e+00 8.769999999999999584e-04 5.002000000000000370e-03 -9.999869999999999592e-01 4.504340000000000011e-01 8.927969999999999517e-01 4.860999999999999870e-03 8.928089999999999637e-01 -4.504319999999999991e-01 -1.469999999999999953e-03
1.700000000000000000e+01 2.400000000000000000e+01 9.000000000000000000e+00 0.000000000000000000e+00 1.600000000000000089e+00 2.420000000000000005e-04 1.474999999999999966e-03 -9.999989999999999712e-01 4.494659999999999767e-01 8.932959999999999789e-01 1.425999999999999967e-03 8.932970000000000077e-01 -4.494659999999999767e-01 -4.470000000000000232e-04
2.300000000000000000e+01 2.400000000000000000e+01 9.000000000000000000e+00 0.000000000000000000e+00 1.600000000000000089e+00 -2.892000000000000039e-03 -4.006000000000000012e-03 -9.999879999999999880e-01 4.485330000000000150e-01 8.937530000000000197e-01 -4.877000000000000259e-03 8.937619999999999454e-01 -4.485410000000000230e-01 -7.879999999999999635e-04
2.800000000000000000e+01 2.400000000000000000e+01 9.000000000000000000e+00 0.000000000000000000e+00 1.600000000000000089e+00 -3.739999999999999835e-03 -9.464000000000000190e-03 -9.999479999999999480e-01 4.502990000000000048e-01 8.928199999999999470e-01 -1.013400000000000065e-02 8.928700000000000525e-01 -4.503139999999999921e-01 9.219999999999999680e-04
1.000000000000000000e+01 1.020000000000000000e+02 9.000000000000000000e+00 0.000000000000000000e+00 1.600000000000000089e+00 6.489999999999999459e-04 -9.740000000000000394e-04 9.999989999999999712e-01 9.200620000000000465e-01 3.917729999999999824e-01 -2.149999999999999947e-04 -3.917720000000000091e-01 9.200620000000000465e-01 1.150999999999999896e-03
2.000000000000000000e+00 1.200000000000000000e+01 1.000000000000000000e+01 0.000000000000000000e+00 1.600000000000000089e+00 -4.781999999999999792e-03 -2.173500000000000085e-02 -9.997519999999999740e-01 -5.514790000000000525e-01 -8.339299999999999491e-01 2.076799999999999827e-02 -8.341749999999999998e-01 5.514419999999999877e-01 -7.997999999999999901e-03
1.100000000000000000e+01 1.200000000000000000e+01 1.000000000000000000e+01 0.000000000000000000e+00 1.600000000000000089e+00 3.460000000000000076e-04 4.955000000000000203e-03 -9.999879999999999880e-01 -5.505839999999999623e-01 -8.347679999999999545e-01 -4.327000000000000117e-03 -8.347790000000000488e-01 5.505790000000000406e-01 2.439000000000000196e-03
2.000000000000000000e+00 3.100000000000000000e+01 1.200000000000000000e+01 0.000000000000000000e+00 1.600000000000000089e+00 2.913999999999999924e-03 2.007000000000000103e-03 9.999940000000000495e-01 2.288999999999999802e-03 9.999949999999999672e-01 -2.013000000000000032e-03 -9.999930000000000208e-01 2.295000000000000165e-03 2.909999999999999826e-03
1.500000000000000000e+01 3.100000000000000000e+01 1.200000000000000000e+01 0.000000000000000000e+00 1.600000000000000089e+00 -5.439999999999999957e-04 2.329999999999999986e-04 1.000000000000000000e+00 -3.406999999999999872e-03 9.999940000000000495e-01 -2.339999999999999958e-04 -9.999940000000000495e-01 -3.406999999999999872e-03 -5.429999999999999714e-04
2.000000000000000000e+01 3.100000000000000000e+01 1.200000000000000000e+01 0.000000000000000000e+00 1.600000000000000089e+00 -6.000000000000000152e-05 -1.010000000000000020e-04 1.000000000000000000e+00 -2.089000000000000145e-03 9.999980000000000535e-01 1.010000000000000020e-04 -9.999980000000000535e-01 -2.089000000000000145e-03 -6.000000000000000152e-05
5.000000000000000000e+00 1.160000000000000000e+02 1.600000000000000000e+01 0.000000000000000000e+00 1.600000000000000089e+00 -9.700000000000000505e-04 3.289999999999999739e-04 9.999989999999999712e-01 6.601380000000000026e-01 7.511440000000000339e-01 3.930000000000000117e-04 -7.511440000000000339e-01 6.601380000000000026e-01 -9.460000000000000093e-04
1.700000000000000000e+01 1.160000000000000000e+02 1.600000000000000000e+01 0.000000000000000000e+00 1.600000000000000089e+00 -3.948000000000000120e-03 -3.321999999999999866e-03 9.999869999999999592e-01 7.024770000000000181e-01 7.116879999999999873e-01 5.138000000000000206e-03 -7.116959999999999953e-01 7.024880000000000013e-01 -4.760000000000000234e-04
4.000000000000000000e+00 2.000000000000000000e+00 1.900000000000000000e+01 0.000000000000000000e+00 1.600000000000000089e+00 -7.499999999999999722e-03 -1.527200000000000085e-02 -9.998550000000000493e-01 1.836929999999999952e-01 -9.828890000000000127e-01 1.363499999999999955e-02 -9.829550000000000232e-01 -1.835650000000000059e-01 1.017700000000000028e-02
1.100000000000000000e+01 2.000000000000000000e+00 1.900000000000000000e+01 0.000000000000000000e+00 1.600000000000000089e+00 7.680000000000000195e-04 -1.537700000000000004e-02 -9.998820000000000485e-01 1.836000000000000132e-01 -9.828829999999999512e-01 1.525699999999999973e-02 -9.830010000000000137e-01 -1.835900000000000032e-01 2.067999999999999960e-03
1.800000000000000000e+01 2.000000000000000000e+00 1.900000000000000000e+01 0.000000000000000000e+00 1.600000000000000089e+00 2.050999999999999872e-03 -2.760500000000000106e-02 -9.996169999999999778e-01 1.957830000000000126e-01 -9.802619999999999667e-01 2.747199999999999989e-02 -9.806449999999999889e-01 -1.957639999999999936e-01 3.393999999999999882e-03
2.300000000000000000e+01 2.000000000000000000e+00 1.900000000000000000e+01 0.000000000000000000e+00 1.600000000000000089e+00 4.339999999999999782e-04 -6.533999999999999878e-03 -9.999789999999999512e-01 2.062940000000000051e-01 -9.784690000000000332e-01 6.483000000000000047e-03 -9.784899999999999709e-01 -2.062920000000000031e-01 9.229999999999999923e-04
2.900000000000000000e+01 2.000000000000000000e+00 1.900000000000000000e+01 0.000000000000000000e+00 1.600000000000000089e+00 1.315999999999999896e-03 5.980000000000000072e-03 -9.999810000000000088e-01 2.049040000000000028e-01 -9.787660000000000249e-01 -5.584000000000000422e-03 -9.787810000000000121e-01 -2.048919999999999908e-01 -2.514000000000000175e-03
2.400000000000000000e+01 4.000000000000000000e+00 2.000000000000000000e+01 0.000000000000000000e+00 1.600000000000000089e+00 -1.054999999999999948e-03 -5.425000000000000135e-03 -9.999850000000000128e-01 3.255160000000000275e-01 -9.455249999999999488e-01 4.786000000000000323e-03 -9.455360000000000431e-01 -3.255060000000000175e-01 2.762999999999999831e-03
2.900000000000000000e+01 4.000000000000000000e+00 2.000000000000000000e+01 0.000000000000000000e+00 1.600000000000000089e+00 -1.330000000000000073e-04 4.377999999999999947e-03 -9.999900000000000455e-01 3.221120000000000094e-01 -9.466919999999999780e-01 -4.186999999999999750e-03 -9.467020000000000435e-01 -3.221089999999999787e-01 -1.283999999999999985e-03
8.000000000000000000e+00 1.300000000000000000e+01 2.000000000000000000e+01 0.000000000000000000e+00 1.600000000000000089e+00 -2.765000000000000097e-03 -7.491000000000000263e-03 9.999679999999999680e-01 2.552059999999999884e-01 9.668539999999999912e-01 7.948999999999999469e-03 -9.668830000000000480e-01 2.552200000000000024e-01 -7.619999999999999820e-04
1.400000000000000000e+01 1.300000000000000000e+01 2.000000000000000000e+01 0.000000000000000000e+00 1.600000000000000089e+00 -4.550000000000000008e-04 -2.158000000000000196e-03 9.999980000000000535e-01 2.579899999999999971e-01 9.661450000000000315e-01 2.201999999999999964e-03 -9.661469999999999780e-01 2.579899999999999971e-01 1.169999999999999979e-04
2.800000000000000000e+01 1.300000000000000000e+01 2.000000000000000000e+01 0.000000000000000000e+00 1.600000000000000089e+00 -1.459000000000000010e-03 -4.967000000000000061e-03 9.999869999999999592e-01 2.675549999999999873e-01 9.635289999999999688e-01 5.177000000000000178e-03 -9.635420000000000096e-01 2.675580000000000180e-01 -7.700000000000000139e-05
1.000000000000000000e+00 3.000000000000000000e+00 2.500000000000000000e+01 0.000000000000000000e+00 1.600000000000000089e+00 -4.232999999999999784e-03 -9.464999999999999455e-03 9.999460000000000015e-01 -7.113800000000000678e-02 -9.974189999999999445e-01 -9.742000000000000659e-03 9.974579999999999558e-01 -7.117500000000000215e-02 3.549000000000000071e-03
1.200000000000000000e+01 3.000000000000000000e+00 2.500000000000000000e+01 0.000000000000000000e+00 1.600000000000000089e+00 -9.810000000000001011e-04 -1.418999999999999949e-02 9.998989999999999823e-01 -6.600599999999999523e-02 -9.977179999999999938e-01 -1.422400000000000053e-02 9.978190000000000115e-01 -6.601400000000000323e-02 4.199999999999999768e-05
1.900000000000000000e+01 3.000000000000000000e+00 2.500000000000000000e+01 0.000000000000000000e+00 1.600000000000000089e+00 -8.443000000000000851e-03 -2.787500000000000047e-02 9.995760000000000201e-01 -8.799899999999999389e-02 -9.957120000000000415e-01 -2.851000000000000062e-02 9.960849999999999982e-01 -8.820200000000000262e-02 5.954000000000000091e-03
2.400000000000000000e+01 3.000000000000000000e+00 2.500000000000000000e+01 0.000000000000000000e+00 1.600000000000000089e+00 -3.991999999999999889e-03 -6.564999999999999655e-03 9.999700000000000255e-01 -9.948700000000000598e-02 -9.950149999999999828e-01 -6.929000000000000263e-03 9.950309999999999988e-01 -9.951100000000000223e-02 3.318999999999999902e-03
2.900000000000000000e+01 3.000000000000000000e+00 2.500000000000000000e+01 0.000000000000000000e+00 1.600000000000000089e+00 6.499999999999999702e-04 7.278999999999999880e-03 9.999730000000000008e-01 -9.487400000000000000e-02 -9.954619999999999580e-01 7.308000000000000260e-03 9.954889999999999572e-01 -9.487600000000000200e-02 4.300000000000000165e-05
8.000000000000000000e+00 4.600000000000000000e+01 2.700000000000000000e+01 0.000000000000000000e+00 1.600000000000000089e+00 -2.640000000000000202e-04 -1.083999999999999894e-03 -9.999989999999999712e-01 6.718380000000000463e-01 7.406970000000000498e-01 -9.799999999999999684e-04 7.406979999999999675e-01 -6.718380000000000463e-01 5.330000000000000536e-04
1.800000000000000000e+01 4.600000000000000000e+01 2.700000000000000000e+01 0.000000000000000000e+00 1.600000000000000089e+00 -8.239999999999999712e-04 -4.650000000000000270e-04 -1.000000000000000000e+00 6.771080000000000432e-01 7.358829999999999538e-01 -8.999999999999999754e-04 7.358829999999999538e-01 -6.771080000000000432e-01 -2.919999999999999961e-04
2.500000000000000000e+01 4.600000000000000000e+01 2.700000000000000000e+01 0.000000000000000000e+00 1.600000000000000089e+00 -2.829999999999999942e-04 -1.333999999999999899e-03 -9.999989999999999712e-01 6.747630000000000017e-01 7.380330000000000501e-01 -1.175999999999999962e-03 7.380339999999999678e-01 -6.747630000000000017e-01 6.920000000000000153e-04
2.900000000000000000e+01 4.600000000000000000e+01 2.700000000000000000e+01 0.000000000000000000e+00 1.600000000000000089e+00 -1.149999999999999981e-03 -2.768000000000000061e-03 -9.999959999999999960e-01 6.703660000000000174e-01 7.420250000000000457e-01 -2.824999999999999820e-03 7.420290000000000497e-01 -6.703670000000000462e-01 1.002000000000000069e-03
1.600000000000000000e+01 4.600000000000000000e+01 3.000000000000000000e+01 0.000000000000000000e+00 1.600000000000000089e+00 1.240000000000000054e-04 -1.131000000000000061e-03 -9.999989999999999712e-01 3.327530000000000210e-01 9.430129999999999901e-01 -1.026000000000000002e-03 9.430140000000000189e-01 -3.327530000000000210e-01 4.929999999999999487e-04
1.900000000000000000e+01 4.600000000000000000e+01 3.000000000000000000e+01 0.000000000000000000e+00 1.600000000000000089e+00 -3.869999999999999742e-04 -1.415000000000000025e-03 -9.999989999999999712e-01 3.312160000000000104e-01 9.435540000000000038e-01 -1.463000000000000108e-03 9.435550000000000326e-01 -3.312160000000000104e-01 1.039999999999999936e-04
2.000000000000000000e+00 5.800000000000000000e+01 3.100000000000000000e+01 0.000000000000000000e+00 1.600000000000000089e+00 3.119999999999999944e-04 -2.041999999999999978e-03 9.999980000000000535e-01 -7.948889999999999567e-01 -6.067550000000000443e-01 -9.909999999999999105e-04 6.067550000000000443e-01 -7.948870000000000102e-01 -1.812999999999999941e-03
5.000000000000000000e+00 5.800000000000000000e+01 3.100000000000000000e+01 0.000000000000000000e+00 1.600000000000000089e+00 -3.383000000000000156e-03 -3.924999999999999670e-03 9.999869999999999592e-01 -7.955590000000000162e-01 -6.058550000000000324e-01 -5.069999999999999854e-03 6.058670000000000444e-01 -7.955649999999999666e-01 -1.072999999999999952e-03
1.000000000000000000e+01 5.800000000000000000e+01 3.100000000000000000e+01 0.000000000000000000e+00 1.600000000000000089e+00 -5.046000000000000138e-03 -2.383000000000000135e-03 9.999850000000000128e-01 -8.009690000000000420e-01 -5.986799999999999899e-01 -5.467999999999999770e-03 5.986839999999999939e-01 -8.009849999999999470e-01 1.111999999999999924e-03
1.800000000000000000e+01 5.800000000000000000e+01 3.100000000000000000e+01 0.000000000000000000e+00 1.600000000000000089e+00 6.769999999999999759e-04 -7.069999999999999462e-04 1.000000000000000000e+00 -7.986600000000000366e-01 -6.017820000000000391e-01 1.150000000000000035e-04 6.017820000000000391e-01 -7.986600000000000366e-01 -9.719999999999999907e-04
2.200000000000000000e+01 5.800000000000000000e+01 3.100000000000000000e+01 0.000000000000000000e+00 1.600000000000000089e+00 -6.139999999999999625e-04 -1.696999999999999941e-03 9.999980000000000535e-01 -7.974630000000000329e-01 -6.033659999999999579e-01 -1.513999999999999938e-03 6.033680000000000154e-01 -7.974620000000000042e-01 -9.829999999999999329e-04
2.500000000000000000e+01 5.800000000000000000e+01 3.100000000000000000e+01 0.000000000000000000e+00 1.600000000000000089e+00 -3.601000000000000034e-03 -4.969000000000000326e-03 9.999810000000000088e-01 -7.977220000000000422e-01 -6.029970000000000052e-01 -5.869000000000000085e-03 6.030149999999999677e-01 -7.977279999999999927e-01 -1.793000000000000106e-03
3.000000000000000000e+01 5.800000000000000000e+01 3.100000000000000000e+01 0.000000000000000000e+00 1.600000000000000089e+00 -6.749999999999999924e-03 -4.024999999999999932e-03 9.999689999999999968e-01 -7.991610000000000102e-01 -6.010659999999999892e-01 -7.813999999999999765e-03 6.010790000000000299e-01 -7.991890000000000382e-01 8.409999999999999507e-04
2.000000000000000000e+01 1.800000000000000000e+01 3.400000000000000000e+01 0.000000000000000000e+00 1.600000000000000089e+00 -1.265000000000000065e-03 -6.258999999999999807e-03 -9.999799999999999800e-01 -3.111860000000000182e-01 -9.503279999999999506e-01 6.342000000000000415e-03 -9.503479999999999706e-01 3.111869999999999914e-01 -7.450000000000000025e-04
2.500000000000000000e+01 1.800000000000000000e+01 3.400000000000000000e+01 0.000000000000000000e+00 1.600000000000000089e+00 -3.930000000000000117e-04 -1.953000000000000092e-03 -9.999980000000000535e-01 -3.058060000000000223e-01 -9.520920000000000494e-01 1.979999999999999989e-03 -9.520939999999999959e-01 3.058060000000000223e-01 -2.229999999999999994e-04
2.000000000000000000e+00 4.600000000000000000e+01 3.500000000000000000e+01 0.000000000000000000e+00 1.600000000000000089e+00 1.540000000000000028e-04 7.122999999999999991e-03 -9.999749999999999472e-01 3.941470000000000251e-01 -9.190239999999999521e-01 -6.485999999999999578e-03 -9.190469999999999473e-01 -3.941359999999999864e-01 -2.949999999999999931e-03
7.000000000000000000e+00 4.600000000000000000e+01 3.500000000000000000e+01 0.000000000000000000e+00 1.600000000000000089e+00 1.561000000000000104e-03 5.052000000000000067e-03 -9.999860000000000415e-01 3.957490000000000174e-01 -9.183499999999999996e-01 -4.022000000000000401e-03 -9.183569999999999789e-01 -3.957379999999999787e-01 -3.432999999999999854e-03
1.300000000000000000e+01 4.600000000000000000e+01 3.500000000000000000e+01 0.000000000000000000e+00 1.600000000000000089e+00 -2.200000000000000133e-03 -1.520000000000000084e-03 -9.999959999999999960e-01 3.953499999999999792e-01 -9.185299999999999576e-01 5.270000000000000162e-04 -9.185280000000000111e-01 -3.953470000000000040e-01 2.621000000000000066e-03
1.800000000000000000e+01 4.600000000000000000e+01 3.500000000000000000e+01 0.000000000000000000e+00 1.600000000000000089e+00 6.520000000000000188e-04 -1.063399999999999936e-02 -9.999430000000000263e-01 3.921549999999999758e-01 -9.198439999999999950e-01 1.003800000000000005e-02 -9.198990000000000222e-01 -3.921399999999999886e-01 3.569999999999999823e-03
2.300000000000000000e+01 4.600000000000000000e+01 3.500000000000000000e+01 0.000000000000000000e+00 1.600000000000000089e+00 1.041999999999999958e-03 -6.675000000000000377e-03 -9.999770000000000048e-01 3.920029999999999903e-01 -9.199399999999999800e-01 6.549000000000000134e-03 -9.199629999999999752e-01 -3.920009999999999883e-01 1.659000000000000101e-03
2.600000000000000000e+01 4.600000000000000000e+01 3.500000000000000000e+01 0.000000000000000000e+00 1.600000000000000089e+00 -7.410000000000000137e-04 -9.259999999999999568e-04 -9.999989999999999712e-01 3.927109999999999768e-01 -9.196619999999999795e-01 5.599999999999999509e-04 -9.196619999999999795e-01 -3.927100000000000035e-01 1.044999999999999922e-03
6.000000000000000000e+00 9.500000000000000000e+01 3.600000000000000000e+01 0.000000000000000000e+00 1.600000000000000089e+00 9.067000000000000406e-03 2.085000000000000048e-02 9.997409999999999908e-01 9.983670000000000044e-01 5.620700000000000002e-02 -1.022699999999999998e-02 -5.640599999999999781e-02 9.982010000000000050e-01 -2.030600000000000113e-02
1.200000000000000000e+01 9.500000000000000000e+01 3.600000000000000000e+01 0.000000000000000000e+00 1.600000000000000089e+00 7.570999999999999605e-03 1.118000000000000070e-02 9.999090000000000478e-01 9.981240000000000112e-01 6.066200000000000064e-02 -8.236000000000000265e-03 -6.074800000000000338e-02 9.980959999999999832e-01 -1.069999999999999944e-02
1.500000000000000000e+01 9.500000000000000000e+01 3.600000000000000000e+01 0.000000000000000000e+00 1.600000000000000089e+00 8.113000000000000420e-03 7.074000000000000427e-03 9.999419999999999975e-01 9.976530000000000120e-01 6.793799999999999839e-02 -8.574999999999999289e-03 -6.799399999999999888e-02 9.976650000000000240e-01 -6.505999999999999631e-03
2.300000000000000000e+01 9.500000000000000000e+01 3.600000000000000000e+01 0.000000000000000000e+00 1.600000000000000089e+00 4.264999999999999694e-03 -1.579099999999999948e-02 9.998660000000000325e-01 9.972609999999999530e-01 7.390399999999999747e-02 -3.086999999999999900e-03 -7.384499999999999398e-02 9.971400000000000263e-01 1.606300000000000089e-02
2.700000000000000000e+01 9.500000000000000000e+01 3.600000000000000000e+01 0.000000000000000000e+00 1.600000000000000089e+00 3.739999999999999835e-03 -4.378800000000000053e-02 9.990339999999999776e-01 9.971510000000000096e-01 7.543199999999999905e-02 -4.260000000000000006e-04 -7.534000000000000419e-02 9.961889999999999912e-01 4.394599999999999895e-02
4.000000000000000000e+00 3.000000000000000000e+00 4.300000000000000000e+01 0.000000000000000000e+00 1.600000000000000089e+00 -5.747999999999999637e-03 -2.234799999999999981e-02 -9.997340000000000115e-01 7.400299999999999656e-01 -6.724869999999999459e-01 1.077799999999999939e-02 -6.725489999999999524e-01 -7.397709999999999564e-01 2.040399999999999853e-02
1.400000000000000000e+01 3.000000000000000000e+00 4.300000000000000000e+01 0.000000000000000000e+00 1.600000000000000089e+00 -4.512999999999999651e-03 -1.361999999999999929e-03 -9.999890000000000168e-01 7.375890000000000502e-01 -6.752449999999999841e-01 -2.409000000000000117e-03 -6.752350000000000296e-01 -7.375920000000000254e-01 4.052000000000000046e-03
2.100000000000000000e+01 3.000000000000000000e+00 4.300000000000000000e+01 0.000000000000000000e+00 1.600000000000000089e+00 2.648000000000000180e-03 1.153700000000000038e-02 -9.999299999999999855e-01 7.347299999999999942e-01 -6.783350000000000213e-01 -5.880999999999999943e-03 -6.783550000000000413e-01 -7.346629999999999550e-01 -1.027299999999999915e-02
2.500000000000000000e+01 3.000000000000000000e+00 4.300000000000000000e+01 0.000000000000000000e+00 1.600000000000000089e+00 2.160000000000000028e-03 7.039999999999999817e-04 -9.999970000000000248e-01 7.375460000000000349e-01 -6.752960000000000074e-01 1.118000000000000070e-03 -6.752939999999999499e-01 -7.375460000000000349e-01 -1.978000000000000157e-03
2.800000000000000000e+01 3.000000000000000000e+00 4.300000000000000000e+01 0.000000000000000000e+00 1.600000000000000089e+00 2.233999999999999875e-03 9.627000000000000141e-03 -9.999510000000000343e-01 7.377810000000000201e-01 -6.750220000000000109e-01 -4.851000000000000277e-03 -6.750359999999999694e-01 -7.377340000000000009e-01 -8.611000000000000598e-03
2.200000000000000000e+01 8.000000000000000000e+00 4.400000000000000000e+01 0.000000000000000000e+00 1.600000000000000089e+00 -2.186000000000000009e-03 4.651999999999999885e-03 9.999869999999999592e-01 -7.825170000000000181e-01 -6.226279999999999593e-01 1.185999999999999988e-03 6.226260000000000128e-01 -7.825039999999999774e-01 5.002000000000000370e-03
6.000000000000000000e+00 2.900000000000000000e+01 4.400000000000000000e+01 0.000000000000000000e+00 1.600000000000000089e+00 -1.350000000000000017e-04 2.958000000000000126e-03 -9.999959999999999960e-01 6.523419999999999774e-01 7.579209999999999559e-01 2.154000000000000099e-03 7.579240000000000421e-01 -6.523390000000000022e-01 -2.031999999999999952e-03
9.000000000000000000e+00 2.900000000000000000e+01 4.400000000000000000e+01 0.000000000000000000e+00 1.600000000000000089e+00 -1.732999999999999948e-03 3.179999999999999776e-04 -9.999980000000000535e-01 6.554100000000000481e-01 7.552729999999999722e-01 -8.959999999999999866e-04 7.552710000000000257e-01 -6.554109999999999658e-01 -1.516999999999999902e-03
1.300000000000000000e+01 2.900000000000000000e+01 4.400000000000000000e+01 0.000000000000000000e+00 1.600000000000000089e+00 -3.363999999999999803e-03 -2.086999999999999880e-03 -9.999919999999999920e-01 6.611949999999999772e-01 7.502050000000000107e-01 -3.789999999999999966e-03 7.502069999999999572e-01 -6.612019999999999564e-01 -1.144000000000000052e-03
1.600000000000000000e+01 2.900000000000000000e+01 4.400000000000000000e+01 0.000000000000000000e+00 1.600000000000000089e+00 -1.853999999999999962e-03 -2.069999999999999792e-03 -9.999959999999999960e-01 6.653780000000000250e-01 7.465009999999999701e-01 -2.778999999999999786e-03 7.465039999999999454e-01 -6.653810000000000002e-01 -6.999999999999999895e-06
2.000000000000000000e+01 2.900000000000000000e+01 4.400000000000000000e+01 0.000000000000000000e+00 1.600000000000000089e+00 -7.860000000000000233e-04 -2.289999999999999935e-03 -9.999970000000000248e-01 6.674390000000000045e-01 7.446610000000000174e-01 -2.230000000000000211e-03 7.446639999999999926e-01 -6.674390000000000045e-01 9.430000000000000448e-04
2.400000000000000000e+01 2.900000000000000000e+01 4.400000000000000000e+01 0.000000000000000000e+00 1.600000000000000089e+00 4.710000000000000102e-04 1.103999999999999947e-03 -9.999989999999999712e-01 6.695419999999999705e-01 7.427730000000000166e-01 1.136000000000000074e-03 7.427740000000000453e-01 -6.695419999999999705e-01 -3.899999999999999929e-04
2.800000000000000000e+01 2.900000000000000000e+01 4.400000000000000000e+01 0.000000000000000000e+00 1.600000000000000089e+00 1.856999999999999927e-03 2.370000000000000145e-03 -9.999949999999999672e-01 6.644640000000000546e-01 7.473140000000000338e-01 3.004999999999999859e-03 7.473180000000000378e-01 -6.644670000000000298e-01 -1.869999999999999917e-04
1.200000000000000000e+01 7.000000000000000000e+01 4.700000000000000000e+01 0.000000000000000000e+00 1.600000000000000089e+00 1.958000000000000105e-03 -1.291000000000000047e-03 -9.999970000000000248e-01 -8.454380000000000228e-01 -5.340730000000000199e-01 -9.659999999999999533e-04 -5.340700000000000447e-01 8.454369999999999941e-01 -2.137000000000000011e-03
7.000000000000000000e+00 5.000000000000000000e+00 5.100000000000000000e+01 0.000000000000000000e+00 1.600000000000000089e+00 -4.734000000000000360e-03 -1.485099999999999962e-02 -9.998789999999999623e-01 4.847879999999999967e-01 -8.745659999999999545e-01 1.069499999999999965e-02 -8.746190000000000353e-01 -4.846779999999999977e-01 1.133999999999999939e-02
1.000000000000000000e+01 6.000000000000000000e+00 5.100000000000000000e+01 0.000000000000000000e+00 1.600000000000000089e+00 -4.291999999999999808e-03 -1.625700000000000062e-02 -9.998590000000000533e-01 3.162639999999999896e-01 -9.485670000000000490e-01 1.406499999999999938e-02 -9.486620000000000053e-01 -3.161590000000000233e-01 9.213000000000000703e-03
1.300000000000000000e+01 6.000000000000000000e+00 5.100000000000000000e+01 0.000000000000000000e+00 1.600000000000000089e+00 -4.959999999999999999e-03 -1.636200000000000154e-02 -9.998540000000000205e-01 3.144399999999999973e-01 -9.491749999999999909e-01 1.397299999999999931e-02 -9.492639999999999967e-01 -3.143239999999999923e-01 9.853000000000000647e-03
1.700000000000000000e+01 6.000000000000000000e+00 5.100000000000000000e+01 0.000000000000000000e+00 1.600000000000000089e+00 -5.538999999999999653e-03 -1.005200000000000017e-02 -9.999339999999999895e-01 3.196840000000000237e-01 -9.474930000000000296e-01 7.753999999999999608e-03 -9.475080000000000169e-01 -3.196200000000000152e-01 8.462000000000000771e-03
2.900000000000000000e+01 6.000000000000000000e+00 5.100000000000000000e+01 0.000000000000000000e+00 1.600000000000000089e+00 -6.399000000000000174e-03 1.042000000000000044e-02 -9.999249999999999527e-01 2.978779999999999761e-01 -9.545299999999999896e-01 -1.185300000000000069e-02 -9.545820000000000416e-01 -2.979319999999999746e-01 3.004000000000000160e-03
1.600000000000000000e+01 7.000000000000000000e+00 5.200000000000000000e+01 0.000000000000000000e+00 1.600000000000000089e+00 -7.029999999999999791e-03 -9.348000000000000406e-03 -9.999320000000000430e-01 1.192190000000000055e-01 -9.928320000000000478e-01 8.444000000000000117e-03 -9.928430000000000311e-01 -1.191510000000000069e-01 8.094000000000000500e-03
4.000000000000000000e+00 6.300000000000000000e+01 5.400000000000000000e+01 0.000000000000000000e+00 1.600000000000000089e+00 -1.433999999999999945e-03 3.465999999999999897e-03 9.999930000000000208e-01 -3.533049999999999802e-01 9.355010000000000270e-01 -3.749000000000000162e-03 -9.355069999999999775e-01 -3.533080000000000109e-01 -1.169999999999999979e-04
1.500000000000000000e+01 6.300000000000000000e+01 5.400000000000000000e+01 0.000000000000000000e+00 1.600000000000000089e+00 -2.497999999999999787e-03 -4.416999999999999919e-03 9.999869999999999592e-01 -3.382850000000000024e-01 9.410380000000000411e-01 3.311000000000000141e-03 -9.410399999999999876e-01 -3.382720000000000171e-01 -3.844999999999999894e-03
2.200000000000000000e+01 6.300000000000000000e+01 5.400000000000000000e+01 0.000000000000000000e+00 1.600000000000000089e+00 1.026000000000000002e-03 1.479999999999999925e-04 1.000000000000000000e+00 -3.346350000000000158e-01 9.423479999999999634e-01 2.030000000000000012e-04 -9.423470000000000457e-01 -3.346350000000000158e-01 1.015999999999999976e-03
1.400000000000000000e+01 2.000000000000000000e+01 6.000000000000000000e+01 0.000000000000000000e+00 1.600000000000000089e+00 -2.519999999999999996e-04 -9.721000000000000474e-03 9.999529999999999808e-01 -6.189000000000000057e-02 9.980360000000000342e-01 9.686999999999999431e-03 -9.980830000000000535e-01 -6.188400000000000151e-02 -8.530000000000000256e-04
4.000000000000000000e+00 2.100000000000000000e+01 6.000000000000000000e+01 0.000000000000000000e+00 1.600000000000000089e+00 -9.110000000000000259e-04 -4.126999999999999592e-03 9.999909999999999632e-01 -9.869899999999999507e-02 9.951090000000000213e-01 4.016999999999999738e-03 -9.951170000000000293e-01 -9.869400000000000395e-02 -1.314000000000000064e-03
1.000000000000000000e+01 2.100000000000000000e+01 6.000000000000000000e+01 0.000000000000000000e+00 1.600000000000000089e+00 -8.199999999999999824e-04 -7.721000000000000432e-03 9.999700000000000255e-01 -9.763299999999999756e-02 9.951929999999999943e-01 7.603999999999999648e-03 -9.952220000000000510e-01 -9.762400000000000244e-02 -1.569999999999999998e-03
1.500000000000000000e+01 2.100000000000000000e+01 6.000000000000000000e+01 0.000000000000000000e+00 1.600000000000000089e+00 2.990000000000000036e-04 -4.856000000000000073e-03 9.999879999999999880e-01 -9.548099999999999643e-02 9.954190000000000538e-01 4.863000000000000135e-03 -9.954309999999999548e-01 -9.548199999999999743e-02 -1.659999999999999963e-04
2.100000000000000000e+01 2.100000000000000000e+01 6.000000000000000000e+01 0.000000000000000000e+00 1.600000000000000089e+00 -5.659999999999999884e-04 -9.048999999999999752e-03 9.999590000000000423e-01 -9.321100000000000219e-02 9.956059999999999910e-01 8.956000000000000419e-03 -9.956460000000000310e-01 -9.320199999999999319e-02 -1.407000000000000048e-03
2.500000000000000000e+01 2.100000000000000000e+01 6.000000000000000000e+01 0.000000000000000000e+00 1.600000000000000089e+00 -1.539000000000000003e-03 -6.733000000000000269e-03 9.999759999999999760e-01 -9.299799999999999733e-02 9.956450000000000022e-01 6.559999999999999859e-03 -9.956650000000000222e-01 -9.298499999999999821e-02 -2.158999999999999895e-03
3.000000000000000000e+00 2.700000000000000000e+01 6.300000000000000000e+01 0.000000000000000000e+00 1.600000000000000089e+00 1.294999999999999927e-03 -3.654999999999999829e-03 9.999919999999999920e-01 -2.744670000000000165e-01 9.615890000000000271e-01 3.870000000000000176e-03 -9.615960000000000063e-01 -2.744699999999999918e-01 2.420000000000000005e-04
8.000000000000000000e+00 2.700000000000000000e+01 6.300000000000000000e+01 0.000000000000000000e+00 1.600000000000000089e+00 -3.376999999999999794e-03 -4.281000000000000083e-03 9.999850000000000128e-01 -2.739840000000000053e-01 9.617289999999999450e-01 3.191999999999999959e-03 -9.617280000000000273e-01 -2.739690000000000181e-01 -4.420999999999999583e-03
1.500000000000000000e+01 2.700000000000000000e+01 6.300000000000000000e+01 0.000000000000000000e+00 1.600000000000000089e+00 1.077999999999999965e-03 -3.491000000000000179e-03 9.999930000000000208e-01 -2.787310000000000065e-01 9.603620000000000489e-01 3.652999999999999997e-03 -9.603690000000000282e-01 -2.787330000000000085e-01 6.200000000000000270e-05
1.900000000000000000e+01 2.700000000000000000e+01 6.300000000000000000e+01 0.000000000000000000e+00 1.600000000000000089e+00 1.978999999999999856e-03 -4.891000000000000382e-03 9.999860000000000415e-01 -2.802990000000000204e-01 9.598980000000000290e-01 5.250000000000000326e-03 -9.599109999999999587e-01 -2.803059999999999996e-01 5.289999999999999564e-04
2.300000000000000000e+01 2.700000000000000000e+01 6.300000000000000000e+01 0.000000000000000000e+00 1.600000000000000089e+00 7.829999999999999504e-04 -3.322999999999999999e-03 9.999940000000000495e-01 -2.815880000000000050e-01 9.595289999999999653e-01 3.409000000000000138e-03 -9.595350000000000268e-01 -2.815889999999999782e-01 -1.849999999999999973e-04
2.900000000000000000e+01 2.700000000000000000e+01 6.300000000000000000e+01 0.000000000000000000e+00 1.600000000000000089e+00 -1.549000000000000030e-03 -5.089999999999999906e-03 9.999860000000000415e-01 -2.780639999999999779e-01 9.605519999999999614e-01 4.459000000000000290e-03 -9.605609999999999982e-01 -2.780529999999999946e-01 -2.903000000000000198e-03
2.000000000000000000e+00 2.600000000000000000e+01 6.400000000000000000e+01 0.000000000000000000e+00 1.600000000000000089e+00 1.990000000000000015e-03 -1.149999999999999981e-03 9.999970000000000248e-01 -3.577310000000000212e-01 9.338229999999999587e-01 1.786000000000000044e-03 -9.338229999999999587e-01 -3.577339999999999964e-01 1.446999999999999936e-03
7.000000000000000000e+00 2.600000000000000000e+01 6.400000000000000000e+01 0.000000000000000000e+00 1.600000000000000089e+00 -2.085000000000000048e-03 -2.995999999999999965e-03 9.999930000000000208e-01 -3.554160000000000097e-01 9.347060000000000368e-01 2.059000000000000066e-03 -9.347060000000000368e-01 -3.554100000000000037e-01 -3.014000000000000186e-03
1.900000000000000000e+01 2.600000000000000000e+01 6.400000000000000000e+01 0.000000000000000000e+00 1.600000000000000089e+00 3.030000000000000141e-03 -7.846000000000000543e-03 9.999649999999999928e-01 -3.636980000000000213e-01 9.314789999999999459e-01 8.411000000000000074e-03 -9.315120000000000067e-01 -3.637110000000000065e-01 -3.100000000000000135e-05
2.900000000000000000e+01 2.600000000000000000e+01 6.400000000000000000e+01 0.000000000000000000e+00 1.600000000000000089e+00 -2.265000000000000086e-03 -3.924999999999999670e-03 9.999900000000000455e-01 -3.574249999999999927e-01 9.339370000000000172e-01 2.856000000000000032e-03 -9.339389999999999636e-01 -3.574149999999999827e-01 -3.517999999999999860e-03
2.700000000000000000e+01 8.900000000000000000e+01 6.400000000000000000e+01 0.000000000000000000e+00 1.600000000000000089e+00 -8.770500000000000518e-02 -1.004349999999999965e-01 -9.910700000000000065e-01 9.893119999999999692e-01 1.075630000000000058e-01 -9.844999999999999585e-02 1.164899999999999963e-01 -9.891119999999999912e-01 8.992799999999999405e-02
2.500000000000000000e+01 8.200000000000000000e+01 7.000000000000000000e+01 0.000000000000000000e+00 1.600000000000000089e+00 7.516620000000000523e-01 -4.516620000000000079e-01 4.806300000000000017e-01 -5.080860000000000376e-01 -8.611809999999999743e-01 -1.467700000000000081e-02 4.205389999999999961e-01 -2.331689999999999874e-01 -8.768010000000000526e-01
