1.300000000000000000e+01 1.600000000000000000e+01 4.000000000000000000e+00 0.000000000000000000e+00 1.600000000000000089e+00 -2.491000000000000159e-03 1.428000000000000016e-03 9.999959999999999960e-01 4.564719999999999889e-01 -8.897340000000000249e-01 2.407999999999999984e-03 8.897340000000000249e-01 4.564759999999999929e-01 1.564999999999999985e-03
6.000000000000000000e+00 1.010000000000000000e+02 7.000000000000000000e+00 0.000000000000000000e+00 1.600000000000000089e+00 -3.179999999999999776e-04 -3.508999999999999966e-03 9.999940000000000495e-01 8.854640000000000288e-01 4.647029999999999772e-01 1.912999999999999987e-03 -4.647069999999999812e-01 8.854600000000000248e-01 2.958999999999999825e-03
1.100000000000000000e+01 1.010000000000000000e+02 7.000000000000000000e+00 0.000000000000000000e+00 1.600000000000000089e+00 -1.191999999999999917e-03 -7.145999999999999575e-03 9.999740000000000295e-01 8.858340000000000103e-01 4.639820000000000055e-01 4.372000000000000018e-03 -4.640009999999999968e-01 8.858160000000000478e-01 5.777000000000000017e-03
2.900000000000000000e+01 1.010000000000000000e+02 7.000000000000000000e+00 0.000000000000000000e+00 1.600000000000000089e+00 -1.709000000000000016e-03 3.857000000000000185e-03 9.999909999999999632e-01 8.855269999999999531e-01 4.645870000000000277e-01 -2.779999999999999811e-04 -4.645839999999999970e-01 8.855189999999999451e-01 -4.209000000000000068e-03
1.500000000000000000e+01 2.500000000000000000e+01 8.000000000000000000e+00 0.000000000000000000e+00 1.600000000000000089e+00 1.977000000000000025e-03 2.419000000000000143e-03 -9.999949999999999672e-01 4.467969999999999997e-01 8.946300000000000363e-01 3.047999999999999928e-03 8.946330000000000116e-01 -4.468010000000000037e-01 6.880000000000000265e-04
1.900000000000000000e+01 2.500000000000000000e+01 8.000000000000000000e+00 0.000000000000000000e+00 1.600000000000000089e+00 2.750999999999999973e-03 8.259000000000000716e-03 -9.999620000000000175e-01 4.451209999999999889e-01 8.954290000000000305e-01 8.619999999999999191e-03 8.954659999999999842e-01 -4.451280000000000237e-01 -1.213000000000000102e-03
2.400000000000000000e+01 2.500000000000000000e+01 8.000000000000000000e+00 0.000000000000000000e+00 1.600000000000000089e+00 1.699999999999999987e-05 7.470000000000000511e-04 -1.000000000000000000e+00 4.439629999999999965e-01 8.960449999999999804e-01 6.759999999999999516e-04 8.960449999999999804e-01 -4.439629999999999965e-01 -3.170000000000000075e-04
2.800000000000000000e+01 2.500000000000000000e+01 8.000000000000000000e+00 0.000000000000000000e+00 1.600000000000000089e+00 -1.374000000000000004e-03 -2.096999999999999906e-03 -9.999970000000000248e-01 4.451519999999999921e-01 8.954520000000000257e-01 -2.490000000000000026e-03 8.954539999999999722e-01 -4.451539999999999941e-01 -2.959999999999999849e-04
2.000000000000000000e+01 9.000000000000000000e+00 9.000000000000000000e+00 0.000000000000000000e+00 1.600000000000000089e+00 3.989000000000000358e-03 -7.854999999999999136e-03 -9.999609999999999888e-01 -9.447510000000000074e-01 -3.277880000000000238e-01 -1.193999999999999966e-03 -3.277660000000000018e-01 9.447189999999999754e-01 -8.727999999999999647e-03
2.700000000000000000e+01 9.000000000000000000e+00 9.000000000000000000e+00 0.000000000000000000e+00 1.600000000000000089e+00 -1.974400000000000113e-02 -2.161499999999999880e-02 -9.995709999999999873e-01 -9.443449999999999900e-01 -3.279469999999999885e-01 2.574500000000000052e-02 -3.283630000000000160e-01 9.444489999999999830e-01 -1.393699999999999974e-02
7.000000000000000000e+00 2.400000000000000000e+01 9.000000000000000000e+00 0.000000000000000000e+00 1.600000000000000089e+00 -1.191999999999999917e-03 -3.599000000000000202e-03 -9.999930000000000208e-01 4.545109999999999983e-01 8.907329999999999970e-01 -3.748000000000000029e-03 8.907399999999999762e-01 -4.545120000000000271e-01 5.739999999999999660e-04
1.100000000000000000e+01 2.400000000000000000e+01 9.000000000000000000e+00 0.000000000000000000e+00 1.600000000000000089e+00 -8.009999999999999542e-04 -3.833000000000000036e-03 -9.999919999999999920e-01 4.544210000000000194e-01 8.907789999999999875e-01 -3.778000000000000108e-03 8.907869999999999955e-01 -4.544199999999999906e-01 1.028999999999999967e-03
1.900000000000000000e+01 2.400000000000000000e+01 9.000000000000000000e+00 0.000000000000000000e+00 1.600000000000000089e+00 2.805999999999999901e-03 8.614000000000000129e-03 -9.999590000000000423e-01 4.527180000000000093e-01 8.916089999999999849e-01 8.951000000000000623e-03 8.916490000000000249e-01 -4.527240000000000153e-01 -1.397999999999999937e-03
2.200000000000000000e+01 2.400000000000000000e+01 9.000000000000000000e+00 0.000000000000000000e+00 1.600000000000000089e+00 1.221999999999999996e-03 1.871000000000000050e-03 -9.999970000000000248e-01 4.515370000000000217e-01 8.922489999999999588e-01 2.220999999999999884e-03 8.922510000000000163e-01 -4.515390000000000237e-01 2.449999999999999921e-04
2.800000000000000000e+01 2.400000000000000000e+01 9.000000000000000000e+00 0.000000000000000000e+00 1.600000000000000089e+00 -1.544000000000000017e-03 -2.661000000000000171e-03 -9.999949999999999672e-01 4.528260000000000063e-01 8.915939999999999976e-01 -3.072000000000000078e-03 8.915980000000000016e-01 -4.528280000000000083e-01 -1.710000000000000094e-04
3.000000000000000000e+00 3.500000000000000000e+01 1.200000000000000000e+01 0.000000000000000000e+00 1.600000000000000089e+00 3.300000000000000253e-05 -3.951999999999999784e-03 -9.999919999999999920e-01 4.483860000000000068e-01 -8.938329999999999886e-01 3.546999999999999806e-03 -8.938399999999999679e-01 -4.483829999999999760e-01 1.742999999999999975e-03
1.100000000000000000e+01 3.500000000000000000e+01 1.200000000000000000e+01 0.000000000000000000e+00 1.600000000000000089e+00 8.509999999999999769e-04 -1.503999999999999912e-03 -9.999989999999999712e-01 4.424409999999999732e-01 -8.967960000000000376e-01 1.724999999999999971e-03 -8.967969999999999553e-01 -4.424420000000000019e-01 -9.699999999999999963e-05
1.500000000000000000e+01 3.500000000000000000e+01 1.200000000000000000e+01 0.000000000000000000e+00 1.600000000000000089e+00 -9.979999999999999722e-04 3.880999999999999901e-03 -9.999919999999999920e-01 4.399710000000000010e-01 -8.980040000000000244e-01 -3.924000000000000404e-03 -8.980120000000000324e-01 -4.399710000000000010e-01 -8.109999999999999805e-04
2.200000000000000000e+01 3.500000000000000000e+01 1.200000000000000000e+01 0.000000000000000000e+00 1.600000000000000089e+00 1.541999999999999968e-03 7.690000000000000438e-04 -9.999989999999999712e-01 4.600839999999999930e-01 -8.878749999999999698e-01 2.699999999999999899e-05 -8.878740000000000521e-01 -4.600830000000000197e-01 -1.722999999999999922e-03
2.500000000000000000e+01 3.500000000000000000e+01 1.200000000000000000e+01 0.000000000000000000e+00 1.600000000000000089e+00 9.430000000000000448e-04 -3.549000000000000071e-03 -9.999930000000000208e-01 4.652319999999999789e-01 -8.851809999999999956e-01 3.579999999999999849e-03 -8.851879999999999749e-01 -4.652319999999999789e-01 8.159999999999999936e-04
2.800000000000000000e+01 3.500000000000000000e+01 1.200000000000000000e+01 0.000000000000000000e+00 1.600000000000000089e+00 9.319999999999999942e-04 -1.083999999999999894e-03 -9.999989999999999712e-01 4.668570000000000220e-01 -8.843320000000000070e-01 1.394000000000000057e-03 -8.843330000000000357e-01 -4.668570000000000220e-01 -3.179999999999999776e-04
9.000000000000000000e+00 3.200000000000000000e+01 1.400000000000000000e+01 0.000000000000000000e+00 1.600000000000000089e+00 -9.409999999999999962e-04 1.129000000000000012e-03 -9.999989999999999712e-01 1.071570000000000022e-01 9.942419999999999591e-01 1.020999999999999989e-03 9.942419999999999591e-01 -1.071560000000000012e-01 -1.056999999999999997e-03
1.400000000000000000e+01 3.200000000000000000e+01 1.400000000000000000e+01 0.000000000000000000e+00 1.600000000000000089e+00 2.579999999999999828e-04 -3.616999999999999989e-03 -9.999930000000000208e-01 1.063759999999999983e-01 9.943199999999999816e-01 -3.569000000000000124e-03 9.943260000000000431e-01 -1.063739999999999963e-01 6.409999999999999682e-04
2.600000000000000000e+01 3.200000000000000000e+01 1.400000000000000000e+01 0.000000000000000000e+00 1.600000000000000089e+00 9.000000000000000228e-06 2.105000000000000100e-03 -9.999980000000000535e-01 1.028320000000000067e-01 9.946970000000000534e-01 2.095000000000000074e-03 9.946989999999999998e-01 -1.028310000000000057e-01 -2.079999999999999872e-04
6.000000000000000000e+00 1.160000000000000000e+02 1.600000000000000000e+01 0.000000000000000000e+00 1.600000000000000089e+00 2.011999999999999900e-03 2.446999999999999956e-03 9.999949999999999672e-01 7.535720000000000196e-01 6.573579999999999979e-01 -3.125000000000000173e-03 -6.573630000000000306e-01 7.535739999999999661e-01 -5.209999999999999788e-04
2.300000000000000000e+01 1.160000000000000000e+02 1.600000000000000000e+01 0.000000000000000000e+00 1.600000000000000089e+00 7.140000000000000079e-04 1.129000000000000012e-03 9.999989999999999712e-01 7.051889999999999548e-01 7.090189999999999548e-01 -1.304000000000000038e-03 -7.090189999999999548e-01 7.051889999999999548e-01 -2.900000000000000017e-04
4.000000000000000000e+00 2.000000000000000000e+00 1.900000000000000000e+01 0.000000000000000000e+00 1.600000000000000089e+00 -3.539000000000000045e-03 1.513600000000000015e-02 -9.998789999999999623e-01 3.260779999999999790e-01 -9.452159999999999451e-01 -1.546200000000000005e-02 -9.453359999999999541e-01 -3.260930000000000217e-01 -1.590000000000000050e-03
1.100000000000000000e+01 2.000000000000000000e+00 1.900000000000000000e+01 0.000000000000000000e+00 1.600000000000000089e+00 -8.040000000000000271e-04 1.941400000000000070e-02 -9.998110000000000053e-01 3.284500000000000197e-01 -9.443380000000000107e-01 -1.860099999999999948e-02 -9.445210000000000550e-01 -3.284030000000000005e-01 -5.617999999999999730e-03
1.700000000000000000e+01 2.000000000000000000e+00 1.900000000000000000e+01 0.000000000000000000e+00 1.600000000000000089e+00 4.300000000000000165e-05 4.111000000000000071e-03 -9.999919999999999920e-01 3.264870000000000272e-01 -9.451939999999999786e-01 -3.872000000000000008e-03 -9.452019999999999866e-01 -3.264839999999999964e-01 -1.382999999999999898e-03
2.300000000000000000e+01 2.000000000000000000e+00 1.900000000000000000e+01 0.000000000000000000e+00 1.600000000000000089e+00 1.021999999999999905e-03 5.997999999999999859e-03 -9.999820000000000375e-01 3.266160000000000174e-01 -9.451420000000000377e-01 -5.335000000000000332e-03 -9.451559999999999961e-01 -3.266049999999999787e-01 -2.923999999999999950e-03
1.000000000000000000e+01 3.000000000000000000e+00 1.900000000000000000e+01 0.000000000000000000e+00 1.600000000000000089e+00 -1.345999999999999974e-03 1.847800000000000137e-02 -9.998280000000000500e-01 3.000249999999999861e-01 -9.537609999999999699e-01 -1.803099999999999842e-02 -9.539309999999999734e-01 -2.999970000000000137e-01 -4.259999999999999898e-03
2.000000000000000000e+00 1.300000000000000000e+01 2.000000000000000000e+01 0.000000000000000000e+00 1.600000000000000089e+00 -1.520000000000000084e-04 1.160000000000000007e-03 9.999989999999999712e-01 2.603460000000000218e-01 9.655150000000000121e-01 -1.080000000000000014e-03 -9.655150000000000121e-01 2.603449999999999931e-01 -4.490000000000000176e-04
5.000000000000000000e+00 1.300000000000000000e+01 2.000000000000000000e+01 0.000000000000000000e+00 1.600000000000000089e+00 -6.599999999999999964e-04 -3.127000000000000005e-03 9.999949999999999672e-01 2.602979999999999738e-01 9.655230000000000201e-01 3.190999999999999826e-03 -9.655280000000000529e-01 2.602990000000000026e-01 1.769999999999999926e-04
1.000000000000000000e+01 1.300000000000000000e+01 2.000000000000000000e+01 0.000000000000000000e+00 1.600000000000000089e+00 -1.311000000000000099e-03 -6.669999999999999497e-04 9.999989999999999712e-01 2.622849999999999904e-01 9.649900000000000144e-01 9.870000000000000301e-04 -9.649900000000000144e-01 2.622860000000000191e-01 -1.090999999999999956e-03
1.700000000000000000e+01 1.300000000000000000e+01 2.000000000000000000e+01 0.000000000000000000e+00 1.600000000000000089e+00 5.800000000000000034e-04 2.570000000000000127e-04 1.000000000000000000e+00 2.627519999999999856e-01 9.648630000000000262e-01 -4.000000000000000192e-04 -9.648630000000000262e-01 2.627519999999999856e-01 4.920000000000000328e-04
2.200000000000000000e+01 1.300000000000000000e+01 2.000000000000000000e+01 0.000000000000000000e+00 1.600000000000000089e+00 1.626999999999999974e-03 -2.489999999999999809e-04 9.999989999999999712e-01 2.626390000000000113e-01 9.648940000000000294e-01 -1.869999999999999917e-04 -9.648930000000000007e-01 2.626390000000000113e-01 1.634999999999999952e-03
2.700000000000000000e+01 1.300000000000000000e+01 2.000000000000000000e+01 0.000000000000000000e+00 1.600000000000000089e+00 -2.790000000000000054e-04 -4.380000000000000213e-04 1.000000000000000000e+00 2.638920000000000154e-01 9.645519999999999650e-01 4.960000000000000216e-04 -9.645519999999999650e-01 2.638929999999999887e-01 -1.530000000000000056e-04
3.000000000000000000e+01 1.300000000000000000e+01 2.000000000000000000e+01 0.000000000000000000e+00 1.600000000000000089e+00 -3.899999999999999929e-04 -2.497999999999999787e-03 9.999970000000000248e-01 2.649540000000000228e-01 9.642579999999999485e-01 2.511999999999999910e-03 -9.642610000000000348e-01 2.649540000000000228e-01 2.860000000000000129e-04
8.000000000000000000e+00 5.000000000000000000e+01 2.200000000000000000e+01 0.000000000000000000e+00 1.600000000000000089e+00 -7.200000000000000182e-05 1.838000000000000007e-03 -9.999980000000000535e-01 -5.622920000000000140e-01 8.269370000000000331e-01 1.561000000000000104e-03 8.269389999999999796e-01 5.622909999999999853e-01 9.740000000000000394e-04
1.700000000000000000e+01 5.000000000000000000e+01 2.200000000000000000e+01 0.000000000000000000e+00 1.600000000000000089e+00 -2.203999999999999796e-03 2.750000000000000166e-04 -9.999970000000000248e-01 -5.650269999999999460e-01 8.250709999999999988e-01 1.472000000000000001e-03 8.250690000000000524e-01 5.650290000000000035e-01 -1.662999999999999982e-03
2.300000000000000000e+01 5.000000000000000000e+01 2.200000000000000000e+01 0.000000000000000000e+00 1.600000000000000089e+00 9.219999999999999680e-04 3.805999999999999921e-03 -9.999919999999999920e-01 -5.633949999999999791e-01 8.261830000000000007e-01 2.624000000000000030e-03 8.261870000000000047e-01 5.633879999999999999e-01 2.906000000000000163e-03
5.000000000000000000e+00 3.000000000000000000e+00 2.500000000000000000e+01 0.000000000000000000e+00 1.600000000000000089e+00 -4.871999999999999595e-03 1.409999999999999969e-02 9.998890000000000278e-01 -1.386399999999999959e-02 -9.998050000000000548e-01 1.403199999999999933e-02 9.998920000000000030e-01 -1.379400000000000071e-02 5.067000000000000323e-03
1.100000000000000000e+01 3.000000000000000000e+00 2.500000000000000000e+01 0.000000000000000000e+00 1.600000000000000089e+00 -3.340999999999999786e-03 8.887000000000000802e-03 9.999550000000000383e-01 -3.465000000000000198e-03 -9.999550000000000383e-01 8.874999999999999209e-03 9.999879999999999880e-01 -3.435000000000000119e-03 3.371999999999999997e-03
1.500000000000000000e+01 3.000000000000000000e+00 2.500000000000000000e+01 0.000000000000000000e+00 1.600000000000000089e+00 -6.620000000000000450e-04 -4.749999999999999990e-04 1.000000000000000000e+00 -1.466999999999999988e-03 -9.999989999999999712e-01 -4.760000000000000234e-04 9.999989999999999712e-01 -1.466999999999999988e-03 6.620000000000000450e-04
2.000000000000000000e+01 3.000000000000000000e+00 2.500000000000000000e+01 0.000000000000000000e+00 1.600000000000000089e+00 -4.104000000000000009e-03 5.780000000000000415e-03 9.999749999999999472e-01 8.189999999999999581e-04 -9.999829999999999552e-01 5.782999999999999946e-03 9.999909999999999632e-01 8.429999999999999993e-04 4.099000000000000213e-03
2.400000000000000000e+01 3.000000000000000000e+00 2.500000000000000000e+01 0.000000000000000000e+00 1.600000000000000089e+00 -3.814999999999999815e-03 8.059999999999999673e-04 9.999919999999999920e-01 9.003999999999999851e-03 -9.999590000000000423e-01 8.409999999999999507e-04 9.999519999999999520e-01 9.006999999999999382e-03 3.807000000000000054e-03
2.000000000000000000e+00 4.600000000000000000e+01 3.000000000000000000e+01 0.000000000000000000e+00 1.600000000000000089e+00 -3.465000000000000198e-03 -2.798000000000000140e-03 -9.999900000000000455e-01 3.312829999999999941e-01 9.435240000000000293e-01 -3.788000000000000134e-03 9.435249999999999471e-01 -3.312930000000000041e-01 -2.343000000000000031e-03
9.000000000000000000e+00 4.600000000000000000e+01 3.000000000000000000e+01 0.000000000000000000e+00 1.600000000000000089e+00 1.099999999999999971e-05 -1.100000000000000039e-04 -1.000000000000000000e+00 3.352350000000000052e-01 9.421349999999999447e-01 -1.000000000000000048e-04 9.421349999999999447e-01 -3.352350000000000052e-01 4.699999999999999724e-05
1.000000000000000000e+00 5.800000000000000000e+01 3.100000000000000000e+01 0.000000000000000000e+00 1.600000000000000089e+00 9.650999999999999857e-03 1.177899999999999954e-02 9.998839999999999950e-01 -7.598260000000000014e-01 -6.499530000000000030e-01 1.499100000000000085e-02 6.500540000000000207e-01 -7.598829999999999751e-01 2.677000000000000126e-03
9.000000000000000000e+00 5.800000000000000000e+01 3.100000000000000000e+01 0.000000000000000000e+00 1.600000000000000089e+00 3.667000000000000121e-03 5.170000000000000116e-03 9.999799999999999800e-01 -7.571759999999999602e-01 -6.531820000000000404e-01 6.153999999999999748e-03 6.532010000000000316e-01 -7.571830000000000505e-01 1.520000000000000084e-03
2.000000000000000000e+01 5.800000000000000000e+01 3.100000000000000000e+01 0.000000000000000000e+00 1.600000000000000089e+00 -1.021999999999999905e-03 2.851999999999999934e-03 9.999949999999999672e-01 -7.533769999999999634e-01 -6.575870000000000326e-01 1.105999999999999995e-03 6.575870000000000326e-01 -7.533729999999999594e-01 2.821000000000000157e-03
1.900000000000000000e+01 2.300000000000000000e+01 3.400000000000000000e+01 0.000000000000000000e+00 1.600000000000000089e+00 6.300000000000000261e-04 -2.288999999999999802e-03 9.999970000000000248e-01 3.965810000000000168e-01 -9.179969999999999519e-01 -2.350999999999999791e-03 9.180000000000000382e-01 3.965810000000000168e-01 3.289999999999999739e-04
3.000000000000000000e+00 4.600000000000000000e+01 3.500000000000000000e+01 0.000000000000000000e+00 1.600000000000000089e+00 9.309999999999999699e-04 1.415999999999999941e-03 -9.999989999999999712e-01 3.930960000000000010e-01 -9.194970000000000088e-01 -9.359999999999999831e-04 -9.194970000000000088e-01 -3.930939999999999990e-01 -1.412999999999999977e-03
7.000000000000000000e+00 4.600000000000000000e+01 3.500000000000000000e+01 0.000000000000000000e+00 1.600000000000000089e+00 5.860000000000000408e-04 -1.595000000000000064e-03 -9.999989999999999712e-01 3.926350000000000118e-01 -9.196929999999999827e-01 1.696999999999999941e-03 -9.196940000000000115e-01 -3.926359999999999850e-01 8.700000000000000051e-05
1.000000000000000000e+01 4.600000000000000000e+01 3.500000000000000000e+01 0.000000000000000000e+00 1.600000000000000089e+00 -1.520000000000000084e-04 -2.429999999999999868e-03 -9.999970000000000248e-01 3.926560000000000050e-01 -9.196830000000000283e-01 2.174999999999999850e-03 -9.196849999999999747e-01 -3.926540000000000030e-01 1.093999999999999920e-03
1.800000000000000000e+01 4.600000000000000000e+01 3.500000000000000000e+01 0.000000000000000000e+00 1.600000000000000089e+00 6.120000000000000223e-04 1.482000000000000027e-03 -9.999989999999999712e-01 3.912470000000000114e-01 -9.202850000000000197e-01 -1.124999999999999915e-03 -9.202860000000000484e-01 -3.912450000000000094e-01 -1.142999999999999919e-03
2.200000000000000000e+01 4.600000000000000000e+01 3.500000000000000000e+01 0.000000000000000000e+00 1.600000000000000089e+00 1.034999999999999896e-03 8.009999999999999542e-04 -9.999989999999999712e-01 3.898510000000000031e-01 -9.208779999999999744e-01 -3.339999999999999870e-04 -9.208769999999999456e-01 -3.898499999999999743e-01 -1.265999999999999981e-03
2.500000000000000000e+01 4.600000000000000000e+01 3.500000000000000000e+01 0.000000000000000000e+00 1.600000000000000089e+00 -3.449999999999999833e-04 7.519999999999999558e-04 -1.000000000000000000e+00 3.895799999999999819e-01 -9.209920000000000329e-01 -8.270000000000000441e-04 -9.209929999999999506e-01 -3.895799999999999819e-01 2.500000000000000120e-05
1.000000000000000000e+01 3.000000000000000000e+00 4.300000000000000000e+01 0.000000000000000000e+00 1.600000000000000089e+00 -6.000000000000000152e-06 -1.037100000000000001e-02 -9.999460000000000015e-01 7.439299999999999802e-01 -6.682219999999999827e-01 6.925999999999999865e-03 -6.682580000000000187e-01 -7.438900000000000512e-01 7.719000000000000167e-03
1.600000000000000000e+01 3.000000000000000000e+00 4.300000000000000000e+01 0.000000000000000000e+00 1.600000000000000089e+00 -4.124000000000000062e-03 -1.051599999999999931e-02 -9.999360000000000470e-01 7.402710000000000123e-01 -6.722960000000000047e-01 4.016999999999999738e-03 -6.722949999999999759e-01 -7.402079999999999771e-01 1.055700000000000041e-02
2.500000000000000000e+01 3.000000000000000000e+00 4.300000000000000000e+01 0.000000000000000000e+00 1.600000000000000089e+00 2.559999999999999884e-04 2.678999999999999958e-03 -9.999959999999999960e-01 7.357810000000000183e-01 -6.772179999999999866e-01 -1.626000000000000058e-03 -6.772200000000000442e-01 -7.357770000000000143e-01 -2.144000000000000072e-03
1.200000000000000000e+01 8.000000000000000000e+00 4.400000000000000000e+01 0.000000000000000000e+00 1.600000000000000089e+00 -1.820000000000000057e-04 -2.732000000000000053e-03 9.999959999999999960e-01 -7.833440000000000403e-01 -6.215859999999999719e-01 -1.840999999999999972e-03 6.215889999999999471e-01 -7.833409999999999540e-01 -2.027000000000000156e-03
7.000000000000000000e+00 2.900000000000000000e+01 4.400000000000000000e+01 0.000000000000000000e+00 1.600000000000000089e+00 1.230000000000000082e-04 -1.332999999999999984e-03 -9.999989999999999712e-01 6.581249999999999600e-01 7.529080000000000217e-01 -9.229999999999999923e-04 7.529090000000000504e-01 -6.581240000000000423e-01 9.700000000000000505e-04
1.100000000000000000e+01 2.900000000000000000e+01 4.400000000000000000e+01 0.000000000000000000e+00 1.600000000000000089e+00 7.079999999999999705e-04 -2.550000000000000183e-04 -1.000000000000000000e+00 6.598389999999999533e-01 7.514070000000000471e-01 2.750000000000000166e-04 7.514060000000000183e-01 -6.598399999999999821e-01 6.999999999999999929e-04
1.600000000000000000e+01 2.900000000000000000e+01 4.400000000000000000e+01 0.000000000000000000e+00 1.600000000000000089e+00 2.990000000000000036e-04 3.152999999999999987e-03 -9.999949999999999672e-01 6.559789999999999788e-01 7.547749999999999737e-01 2.576000000000000165e-03 7.547789999999999777e-01 -6.559760000000000035e-01 -1.842000000000000104e-03
2.000000000000000000e+01 2.900000000000000000e+01 4.400000000000000000e+01 0.000000000000000000e+00 1.600000000000000089e+00 6.800000000000000488e-04 1.761999999999999894e-03 -9.999980000000000535e-01 6.567619999999999569e-01 7.540959999999999885e-01 1.776000000000000018e-03 7.540980000000000461e-01 -6.567619999999999569e-01 -6.449999999999999570e-04
2.400000000000000000e+01 2.900000000000000000e+01 4.400000000000000000e+01 0.000000000000000000e+00 1.600000000000000089e+00 8.899999999999999491e-05 1.131000000000000061e-03 -9.999989999999999712e-01 6.595750000000000224e-01 7.516389999999999461e-01 9.089999999999999773e-04 7.516389999999999461e-01 -6.595739999999999936e-01 -6.790000000000000245e-04
1.000000000000000000e+00 6.500000000000000000e+01 4.600000000000000000e+01 0.000000000000000000e+00 1.600000000000000089e+00 1.405999999999999915e-03 -2.441000000000000027e-03 9.999959999999999960e-01 6.768729999999999469e-01 -7.360940000000000261e-01 -2.748000000000000009e-03 7.360980000000000301e-01 6.768750000000000044e-01 6.170000000000000354e-04
1.400000000000000000e+01 7.400000000000000000e+01 4.900000000000000000e+01 0.000000000000000000e+00 1.600000000000000089e+00 1.711000000000000064e-03 -5.334000000000000200e-03 9.999839999999999840e-01 -9.820520000000000360e-01 1.885920000000000096e-01 2.686000000000000019e-03 -1.886029999999999929e-01 -9.820410000000000528e-01 -4.915000000000000098e-03
3.000000000000000000e+00 5.000000000000000000e+00 5.100000000000000000e+01 0.000000000000000000e+00 1.600000000000000089e+00 -8.059999999999999673e-04 4.090000000000000211e-04 -1.000000000000000000e+00 4.960060000000000024e-01 -8.683189999999999520e-01 -7.550000000000000287e-04 -8.683189999999999520e-01 -4.960060000000000024e-01 4.970000000000000459e-04
6.000000000000000000e+00 5.000000000000000000e+00 5.100000000000000000e+01 0.000000000000000000e+00 1.600000000000000089e+00 -2.997000000000000098e-03 2.660000000000000146e-04 -9.999949999999999672e-01 4.945260000000000211e-01 -8.691609999999999614e-01 -1.712999999999999896e-03 -8.691569999999999574e-01 -4.945289999999999964e-01 2.472999999999999938e-03
1.100000000000000000e+01 5.000000000000000000e+00 5.100000000000000000e+01 0.000000000000000000e+00 1.600000000000000089e+00 -3.930000000000000117e-04 -2.256000000000000193e-03 -9.999970000000000248e-01 4.901590000000000114e-01 -8.716319999999999624e-01 1.773999999999999969e-03 -8.716329999999999911e-01 -4.901570000000000094e-01 1.448000000000000068e-03
2.900000000000000000e+01 1.150000000000000000e+02 5.100000000000000000e+01 0.000000000000000000e+00 1.600000000000000089e+00 -2.776999999999999955e-03 -2.988999999999999903e-03 9.999919999999999920e-01 8.460069999999999535e-01 -5.331709999999999505e-01 7.560000000000000530e-04 5.331639999999999713e-01 8.460020000000000318e-01 4.009000000000000410e-03
1.900000000000000000e+01 7.000000000000000000e+00 5.200000000000000000e+01 0.000000000000000000e+00 1.600000000000000089e+00 -3.403000000000000209e-03 2.237999999999999972e-03 -9.999919999999999920e-01 1.169110000000000010e-01 -9.931389999999999940e-01 -2.621000000000000066e-03 -9.931370000000000475e-01 -1.169189999999999952e-01 3.118000000000000112e-03
6.000000000000000000e+00 6.300000000000000000e+01 5.400000000000000000e+01 0.000000000000000000e+00 1.600000000000000089e+00 3.059999999999999786e-03 5.475999999999999965e-03 9.999799999999999800e-01 -3.390150000000000108e-01 9.407720000000000526e-01 -4.113999999999999602e-03 -9.407759999999999456e-01 -3.389960000000000195e-01 4.735999999999999759e-03
1.300000000000000000e+01 6.300000000000000000e+01 5.400000000000000000e+01 0.000000000000000000e+00 1.600000000000000089e+00 -6.130000000000000466e-04 -4.956999999999999601e-03 9.999879999999999880e-01 -3.452729999999999966e-01 9.384919999999999929e-01 4.440999999999999635e-03 -9.385019999999999474e-01 -3.452660000000000173e-01 -2.286999999999999970e-03
1.700000000000000000e+01 6.300000000000000000e+01 5.400000000000000000e+01 0.000000000000000000e+00 1.600000000000000089e+00 -9.439999999999999607e-04 -7.367000000000000284e-03 9.999719999999999720e-01 -3.440949999999999842e-01 9.389119999999999688e-01 6.591999999999999769e-03 -9.389340000000000463e-01 -3.440799999999999970e-01 -3.420999999999999996e-03
2.100000000000000000e+01 6.300000000000000000e+01 5.400000000000000000e+01 0.000000000000000000e+00 1.600000000000000089e+00 -4.100000000000000047e-05 -3.592999999999999840e-03 9.999940000000000495e-01 -3.388220000000000121e-01 9.408440000000000136e-01 3.367000000000000201e-03 -9.408499999999999641e-01 -3.388200000000000101e-01 -1.255000000000000039e-03
2.300000000000000000e+01 6.300000000000000000e+01 5.400000000000000000e+01 0.000000000000000000e+00 1.600000000000000089e+00 4.020000000000000136e-04 -6.089999999999999494e-04 1.000000000000000000e+00 -3.390719999999999845e-01 9.407600000000000406e-01 7.089999999999999948e-04 -9.407600000000000406e-01 -3.390719999999999845e-01 1.720000000000000066e-04
3.000000000000000000e+01 6.300000000000000000e+01 5.400000000000000000e+01 0.000000000000000000e+00 1.600000000000000089e+00 -7.100000000000000191e-04 -1.314999999999999980e-03 9.999989999999999712e-01 -3.436250000000000138e-01 9.391059999999999963e-01 9.909999999999999105e-04 -9.391070000000000251e-01 -3.436239999999999850e-01 -1.118000000000000070e-03
4.000000000000000000e+00 2.500000000000000000e+01 5.500000000000000000e+01 0.000000000000000000e+00 1.600000000000000089e+00 -1.670000000000000043e-03 -8.030000000000000028e-04 -9.999980000000000535e-01 -1.337999999999999953e-02 -9.999099999999999655e-01 8.249999999999999955e-04 -9.999090000000000478e-01 1.338100000000000053e-02 1.659000000000000101e-03
8.000000000000000000e+00 2.500000000000000000e+01 5.500000000000000000e+01 0.000000000000000000e+00 1.600000000000000089e+00 1.131999999999999977e-03 1.588999999999999918e-03 -9.999980000000000535e-01 -1.203300000000000029e-02 -9.999259999999999815e-01 -1.603000000000000041e-03 -9.999270000000000103e-01 1.203500000000000056e-02 -1.113000000000000057e-03
1.400000000000000000e+01 2.500000000000000000e+01 5.500000000000000000e+01 0.000000000000000000e+00 1.600000000000000089e+00 6.250000000000000130e-04 1.069000000000000072e-03 -9.999989999999999712e-01 -1.090799999999999929e-02 -9.999400000000000510e-01 -1.075999999999999917e-03 -9.999400000000000510e-01 1.090900000000000029e-02 -6.130000000000000466e-04
1.800000000000000000e+01 2.500000000000000000e+01 5.500000000000000000e+01 0.000000000000000000e+00 1.600000000000000089e+00 -1.240000000000000054e-04 -7.519999999999999558e-04 -1.000000000000000000e+00 -1.085799999999999960e-02 -9.999409999999999688e-01 7.529999999999999801e-04 -9.999409999999999688e-01 1.085799999999999960e-02 1.160000000000000007e-04
2.300000000000000000e+01 2.500000000000000000e+01 5.500000000000000000e+01 0.000000000000000000e+00 1.600000000000000089e+00 -9.779999999999999197e-04 5.760000000000000146e-04 -9.999989999999999712e-01 -1.032899999999999964e-02 -9.999460000000000015e-01 -5.659999999999999884e-04 -9.999460000000000015e-01 1.032800000000000037e-02 9.829999999999999329e-04
3.000000000000000000e+00 2.100000000000000000e+01 6.000000000000000000e+01 0.000000000000000000e+00 1.600000000000000089e+00 -1.990000000000000124e-04 -1.889000000000000054e-03 9.999980000000000535e-01 -9.298099999999999421e-02 9.956660000000000510e-01 1.863000000000000073e-03 -9.956679999999999975e-01 -9.298099999999999421e-02 -3.739999999999999835e-04
8.000000000000000000e+00 2.100000000000000000e+01 6.000000000000000000e+01 0.000000000000000000e+00 1.600000000000000089e+00 -1.696999999999999941e-03 4.101999999999999744e-03 9.999900000000000455e-01 -9.517699999999999771e-02 9.954509999999999748e-01 -4.244999999999999642e-03 -9.954589999999999828e-01 -9.518300000000000372e-02 -1.299000000000000024e-03
1.500000000000000000e+01 2.100000000000000000e+01 6.000000000000000000e+01 0.000000000000000000e+00 1.600000000000000089e+00 -6.970000000000000284e-04 4.300000000000000165e-05 1.000000000000000000e+00 -9.201499999999999957e-02 9.957580000000000320e-01 -1.069999999999999988e-04 -9.957570000000000032e-01 -9.201600000000000057e-02 -6.899999999999999667e-04
1.900000000000000000e+01 2.100000000000000000e+01 6.000000000000000000e+01 0.000000000000000000e+00 1.600000000000000089e+00 9.600000000000000243e-05 -1.669999999999999935e-04 1.000000000000000000e+00 -9.312600000000000044e-02 9.956540000000000390e-01 1.749999999999999982e-04 -9.956540000000000390e-01 -9.312600000000000044e-02 8.100000000000000375e-05
2.600000000000000000e+01 2.100000000000000000e+01 6.000000000000000000e+01 0.000000000000000000e+00 1.600000000000000089e+00 2.610000000000000015e-04 -7.159000000000000433e-03 9.999740000000000295e-01 -9.326099999999999668e-02 9.956159999999999455e-01 7.152000000000000371e-03 -9.956420000000000270e-01 -9.325999999999999568e-02 -4.079999999999999968e-04
1.100000000000000000e+01 6.700000000000000000e+01 6.000000000000000000e+01 0.000000000000000000e+00 1.600000000000000089e+00 1.770000000000000089e-03 8.289999999999999843e-04 9.999980000000000535e-01 1.736929999999999863e-01 -9.848000000000000087e-01 5.100000000000000366e-04 9.847979999999999512e-01 1.736920000000000130e-01 -1.887000000000000005e-03
2.000000000000000000e+00 3.000000000000000000e+00 6.300000000000000000e+01 0.000000000000000000e+00 1.600000000000000089e+00 8.300000000000000086e-04 8.469999999999999881e-04 9.999989999999999712e-01 -6.090389999999999970e-01 7.931399999999999562e-01 -1.669999999999999935e-04 -7.931399999999999562e-01 -6.090389999999999970e-01 1.173999999999999913e-03
2.000000000000000000e+01 3.000000000000000000e+00 6.300000000000000000e+01 0.000000000000000000e+00 1.600000000000000089e+00 -5.810000000000000277e-04 3.699999999999999947e-04 1.000000000000000000e+00 -6.186270000000000380e-01 7.856840000000000490e-01 -6.499999999999999702e-04 -7.856849999999999667e-01 -6.186270000000000380e-01 -2.280000000000000126e-04
6.000000000000000000e+00 2.700000000000000000e+01 6.300000000000000000e+01 0.000000000000000000e+00 1.600000000000000089e+00 -1.278000000000000056e-03 -6.489999999999999459e-04 9.999989999999999712e-01 -2.819949999999999957e-01 9.594160000000000466e-01 2.620000000000000258e-04 -9.594150000000000178e-01 -2.819949999999999957e-01 -1.409000000000000096e-03
1.700000000000000000e+01 2.700000000000000000e+01 6.300000000000000000e+01 0.000000000000000000e+00 1.600000000000000089e+00 -9.840000000000000656e-04 -4.344999999999999904e-03 9.999900000000000455e-01 -2.774570000000000092e-01 9.607299999999999729e-01 3.900999999999999954e-03 -9.607379999999999809e-01 -2.774499999999999744e-01 -2.151000000000000134e-03
2.400000000000000000e+01 2.700000000000000000e+01 6.300000000000000000e+01 0.000000000000000000e+00 1.600000000000000089e+00 1.809999999999999977e-03 2.903000000000000198e-03 9.999940000000000495e-01 -2.770940000000000070e-01 9.608400000000000274e-01 -2.288000000000000103e-03 -9.608409999999999451e-01 -2.770880000000000010e-01 2.543000000000000121e-03
5.000000000000000000e+00 2.600000000000000000e+01 6.400000000000000000e+01 0.000000000000000000e+00 1.600000000000000089e+00 -1.049999999999999935e-03 -3.144000000000000093e-03 9.999949999999999672e-01 -3.725870000000000015e-01 9.279939999999999856e-01 2.526000000000000034e-03 -9.279969999999999608e-01 -3.725820000000000243e-01 -2.145000000000000205e-03
9.000000000000000000e+00 2.600000000000000000e+01 6.400000000000000000e+01 0.000000000000000000e+00 1.600000000000000089e+00 -2.889999999999999774e-04 -3.004999999999999859e-03 9.999949999999999672e-01 -3.681369999999999920e-01 9.297680000000000389e-01 2.687000000000000152e-03 -9.297710000000000141e-01 -3.681349999999999900e-01 -1.374999999999999920e-03
1.800000000000000000e+01 2.600000000000000000e+01 6.400000000000000000e+01 0.000000000000000000e+00 1.600000000000000089e+00 -5.770000000000000389e-04 -4.160999999999999768e-03 9.999909999999999632e-01 -3.702880000000000060e-01 9.289100000000000135e-01 3.651999999999999864e-03 -9.289169999999999927e-01 -3.702820000000000000e-01 -2.076999999999999853e-03
2.200000000000000000e+01 2.600000000000000000e+01 6.400000000000000000e+01 0.000000000000000000e+00 1.600000000000000089e+00 1.034999999999999896e-03 -1.132999999999999893e-03 9.999989999999999712e-01 -3.699999999999999956e-01 9.290310000000000512e-01 1.435999999999999993e-03 -9.290310000000000512e-01 -3.700010000000000243e-01 5.419999999999999471e-04
2.500000000000000000e+01 2.600000000000000000e+01 6.400000000000000000e+01 0.000000000000000000e+00 1.600000000000000089e+00 1.624000000000000010e-03 4.789999999999999987e-03 9.999869999999999592e-01 -3.674319999999999808e-01 9.300420000000000353e-01 -3.857999999999999884e-03 -9.300490000000000146e-01 -3.674209999999999976e-01 3.271000000000000036e-03
1.000000000000000000e+00 6.900000000000000000e+01 6.600000000000000000e+01 0.000000000000000000e+00 1.600000000000000089e+00 -5.583000000000000289e-03 1.608999999999999970e-03 9.999829999999999552e-01 -9.494650000000000034e-01 3.138179999999999858e-01 -5.806000000000000397e-03 -3.138230000000000186e-01 -9.494820000000000482e-01 -2.239999999999999966e-04
8.000000000000000000e+00 6.900000000000000000e+01 6.600000000000000000e+01 0.000000000000000000e+00 1.600000000000000089e+00 -4.960000000000000216e-04 -5.389999999999999826e-03 9.999850000000000128e-01 -9.512730000000000352e-01 3.083480000000000110e-01 1.191000000000000001e-03 -3.083500000000000130e-01 -9.512580000000000480e-01 -5.279999999999999971e-03
1.500000000000000000e+01 6.900000000000000000e+01 6.600000000000000000e+01 0.000000000000000000e+00 1.600000000000000089e+00 6.048999999999999690e-03 1.003999999999999901e-03 9.999810000000000088e-01 -9.485740000000000283e-01 3.165100000000000136e-01 5.420000000000000338e-03 -3.164989999999999748e-01 -9.485890000000000155e-01 2.867000000000000191e-03
1.200000000000000000e+01 3.100000000000000000e+01 7.100000000000000000e+01 0.000000000000000000e+00 1.600000000000000089e+00 6.250000000000000130e-04 1.327000000000000055e-03 -9.999989999999999712e-01 -7.287249999999999561e-01 -6.848049999999999971e-01 -1.363999999999999978e-03 -6.848070000000000546e-01 7.287249999999999561e-01 5.389999999999999826e-04
3.000000000000000000e+00 2.500000000000000000e+01 7.300000000000000000e+01 0.000000000000000000e+00 1.600000000000000089e+00 1.221999999999999996e-03 3.602999999999999866e-03 9.999930000000000208e-01 7.584649999999999448e-01 -6.517119999999999580e-01 1.420999999999999954e-03 6.517129999999999868e-01 7.584579999999999655e-01 -3.530000000000000152e-03
9.000000000000000000e+00 2.500000000000000000e+01 7.300000000000000000e+01 0.000000000000000000e+00 1.600000000000000089e+00 -3.789999999999999966e-04 -3.164000000000000146e-03 9.999949999999999672e-01 7.535429999999999628e-01 -6.573959999999999804e-01 -1.794999999999999938e-03 6.573980000000000379e-01 7.535389999999999588e-01 2.632999999999999924e-03
2.200000000000000000e+01 2.500000000000000000e+01 7.300000000000000000e+01 0.000000000000000000e+00 1.600000000000000089e+00 -1.137999999999999906e-03 2.926000000000000215e-03 9.999949999999999672e-01 7.494269999999999543e-01 -6.620810000000000306e-01 2.789999999999999945e-03 6.620859999999999523e-01 7.494269999999999543e-01 -1.438999999999999958e-03
2.500000000000000000e+01 2.500000000000000000e+01 7.300000000000000000e+01 0.000000000000000000e+00 1.600000000000000089e+00 -2.174999999999999850e-03 -2.869000000000000022e-03 9.999940000000000495e-01 7.513520000000000199e-01 -6.599019999999999886e-01 -2.579999999999999828e-04 6.598979999999999846e-01 7.513469999999999871e-01 3.591000000000000008e-03
2.800000000000000000e+01 2.500000000000000000e+01 7.300000000000000000e+01 0.000000000000000000e+00 1.600000000000000089e+00 -3.755000000000000091e-03 -8.741000000000000505e-03 9.999550000000000383e-01 7.521299999999999653e-01 -6.590080000000000382e-01 -2.936999999999999941e-03 6.590040000000000342e-01 7.520850000000000035e-01 9.048999999999999752e-03
3.000000000000000000e+00 4.400000000000000000e+01 7.300000000000000000e+01 0.000000000000000000e+00 1.600000000000000089e+00 1.467999999999999904e-03 1.232000000000000022e-03 9.999980000000000535e-01 5.251800000000000218e-02 -9.986190000000000344e-01 1.152999999999999945e-03 9.986190000000000344e-01 5.251600000000000018e-02 -1.529999999999999893e-03
6.000000000000000000e+00 4.400000000000000000e+01 7.300000000000000000e+01 0.000000000000000000e+00 1.600000000000000089e+00 2.096000000000000207e-03 2.276999999999999944e-03 9.999949999999999672e-01 5.083000000000000018e-02 -9.987049999999999539e-01 2.167999999999999788e-03 9.987049999999999539e-01 5.082600000000000312e-02 -2.209000000000000026e-03
