7.000000000000000000e+00 4.200000000000000000e+01 2.000000000000000000e+00 0.000000000000000000e+00 1.600000000000000089e+00 5.259999999999999919e-04 -7.155400000000000649e-02 -9.974370000000000180e-01 9.670809999999999684e-01 -2.537780000000000036e-01 1.871499999999999900e-02 -2.544660000000000255e-01 -9.646120000000000250e-01 6.906500000000000139e-02
3.000000000000000000e+00 1.500000000000000000e+01 4.000000000000000000e+00 0.000000000000000000e+00 1.600000000000000089e+00 -1.400999999999999902e-03 -2.798999999999999839e-03 9.999949999999999672e-01 3.230459999999999998e-01 -9.463810000000000278e-01 -2.196000000000000035e-03 9.463819999999999455e-01 3.230419999999999958e-01 2.230000000000000211e-03
1.000000000000000000e+01 1.500000000000000000e+01 4.000000000000000000e+00 0.000000000000000000e+00 1.600000000000000089e+00 -5.720000000000000258e-04 -3.621000000000000087e-03 9.999930000000000208e-01 3.239929999999999755e-01 -9.460539999999999505e-01 -3.239999999999999825e-03 9.460589999999999833e-01 3.239890000000000270e-01 1.714999999999999945e-03
1.200000000000000000e+01 1.500000000000000000e+01 4.000000000000000000e+00 0.000000000000000000e+00 1.600000000000000089e+00 1.634999999999999952e-03 2.329999999999999986e-04 9.999989999999999712e-01 3.244290000000000229e-01 -9.459100000000000286e-01 -3.099999999999999999e-04 9.459089999999999998e-01 3.244290000000000229e-01 -1.621999999999999961e-03
2.100000000000000000e+01 1.500000000000000000e+01 4.000000000000000000e+00 0.000000000000000000e+00 1.600000000000000089e+00 -1.768000000000000040e-03 9.479999999999999495e-04 9.999980000000000535e-01 3.291000000000000036e-01 -9.442939999999999667e-01 1.477000000000000014e-03 9.442930000000000490e-01 3.291020000000000056e-01 1.356999999999999916e-03
2.400000000000000000e+01 1.500000000000000000e+01 4.000000000000000000e+00 0.000000000000000000e+00 1.600000000000000089e+00 -7.799999999999999859e-04 3.063999999999999883e-03 9.999949999999999672e-01 3.262309999999999932e-01 -9.452850000000000419e-01 3.151000000000000155e-03 9.452899999999999636e-01 3.262320000000000220e-01 -2.629999999999999959e-04
2.900000000000000000e+01 1.500000000000000000e+01 4.000000000000000000e+00 0.000000000000000000e+00 1.600000000000000089e+00 2.137000000000000011e-03 3.674000000000000182e-03 9.999909999999999632e-01 3.279050000000000020e-01 -9.447069999999999634e-01 2.769999999999999893e-03 9.447079999999999922e-01 3.278960000000000208e-01 -3.223000000000000170e-03
2.300000000000000000e+01 4.000000000000000000e+00 5.000000000000000000e+00 0.000000000000000000e+00 1.600000000000000089e+00 7.489999999999999913e-04 3.095999999999999794e-03 9.999949999999999672e-01 2.325129999999999975e-01 -9.725890000000000368e-01 2.837000000000000112e-03 9.725930000000000408e-01 2.325099999999999945e-01 -1.448000000000000068e-03
6.000000000000000000e+00 1.010000000000000000e+02 7.000000000000000000e+00 0.000000000000000000e+00 1.600000000000000089e+00 -3.843000000000000062e-03 -2.000000000000000096e-04 9.999930000000000208e-01 8.831059999999999466e-01 4.691609999999999947e-01 3.488000000000000215e-03 -4.691580000000000195e-01 8.831130000000000368e-01 -1.626999999999999974e-03
1.000000000000000000e+01 1.010000000000000000e+02 7.000000000000000000e+00 0.000000000000000000e+00 1.600000000000000089e+00 -4.481999999999999873e-03 -1.324999999999999963e-02 9.999019999999999575e-01 8.822830000000000394e-01 4.706080000000000263e-01 1.019100000000000041e-02 -4.706969999999999765e-01 8.822429999999999994e-01 9.579999999999999974e-03
2.300000000000000000e+01 1.010000000000000000e+02 7.000000000000000000e+00 0.000000000000000000e+00 1.600000000000000089e+00 -3.730000000000000134e-04 5.512000000000000406e-03 9.999850000000000128e-01 8.849559999999999649e-01 4.656699999999999728e-01 -2.236999999999999839e-03 -4.656750000000000056e-01 8.849409999999999776e-01 -5.050999999999999934e-03
1.000000000000000000e+00 2.500000000000000000e+01 8.000000000000000000e+00 0.000000000000000000e+00 1.600000000000000089e+00 -9.929999999999999591e-04 -6.818000000000000276e-03 -9.999759999999999760e-01 4.474699999999999789e-01 8.942750000000000421e-01 -6.542000000000000072e-03 8.942980000000000373e-01 -4.474659999999999749e-01 2.161999999999999859e-03
9.000000000000000000e+00 2.500000000000000000e+01 8.000000000000000000e+00 0.000000000000000000e+00 1.600000000000000089e+00 1.589999999999999888e-04 -7.360000000000000223e-03 -9.999730000000000008e-01 4.483219999999999983e-01 8.938479999999999759e-01 -6.506999999999999763e-03 8.938719999999999999e-01 -4.483090000000000130e-01 3.442000000000000181e-03
1.600000000000000000e+01 2.500000000000000000e+01 8.000000000000000000e+00 0.000000000000000000e+00 1.600000000000000089e+00 9.309999999999999699e-04 6.275000000000000196e-03 -9.999799999999999800e-01 4.474920000000000009e-01 8.942679999999999518e-01 6.028000000000000372e-03 8.942879999999999718e-01 -4.474879999999999969e-01 -1.975999999999999892e-03
1.900000000000000000e+01 2.500000000000000000e+01 8.000000000000000000e+00 0.000000000000000000e+00 1.600000000000000089e+00 2.680000000000000090e-04 3.680000000000000111e-03 -9.999930000000000208e-01 4.470649999999999902e-01 8.944950000000000401e-01 3.412000000000000102e-03 8.945009999999999906e-01 -4.470629999999999882e-01 -1.405999999999999915e-03
2.200000000000000000e+01 2.500000000000000000e+01 8.000000000000000000e+00 0.000000000000000000e+00 1.600000000000000089e+00 -5.400000000000000069e-04 -1.131000000000000061e-03 -9.999989999999999712e-01 4.460799999999999765e-01 8.949920000000000098e-01 -1.252999999999999991e-03 8.949930000000000385e-01 -4.460799999999999765e-01 2.099999999999999884e-05
2.600000000000000000e+01 2.500000000000000000e+01 8.000000000000000000e+00 0.000000000000000000e+00 1.600000000000000089e+00 -2.811999999999999830e-03 -2.931000000000000012e-03 -9.999919999999999920e-01 4.453670000000000129e-01 8.953389999999999960e-01 -3.876999999999999804e-03 8.953430000000000000e-01 -4.453750000000000209e-01 -1.211999999999999970e-03
2.000000000000000000e+00 2.400000000000000000e+01 9.000000000000000000e+00 0.000000000000000000e+00 1.600000000000000089e+00 -1.830000000000000029e-04 -4.346000000000000037e-03 -9.999909999999999632e-01 4.513730000000000242e-01 8.923269999999999813e-01 -3.961000000000000111e-03 8.923360000000000181e-01 -4.513690000000000202e-01 1.797999999999999902e-03
8.000000000000000000e+00 2.400000000000000000e+01 9.000000000000000000e+00 0.000000000000000000e+00 1.600000000000000089e+00 2.339999999999999958e-04 -8.094999999999999765e-03 -9.999670000000000503e-01 4.515199999999999769e-01 8.922330000000000538e-01 -7.118000000000000195e-03 8.922609999999999708e-01 -4.515040000000000164e-01 3.863999999999999813e-03
1.500000000000000000e+01 2.400000000000000000e+01 9.000000000000000000e+00 0.000000000000000000e+00 1.600000000000000089e+00 8.769999999999999584e-04 5.002000000000000370e-03 -9.999869999999999592e-01 4.504340000000000011e-01 8.927969999999999517e-01 4.860999999999999870e-03 8.928089999999999637e-01 -4.504319999999999991e-01 -1.469999999999999953e-03
2.000000000000000000e+01 2.400000000000000000e+01 9.000000000000000000e+00 0.000000000000000000e+00 1.600000000000000089e+00 2.420000000000000005e-04 1.474999999999999966e-03 -9.999989999999999712e-01 4.494659999999999767e-01 8.932959999999999789e-01 1.425999999999999967e-03 8.932970000000000077e-01 -4.494659999999999767e-01 -4.470000000000000232e-04
2.600000000000000000e+01 2.400000000000000000e+01 9.000000000000000000e+00 0.000000000000000000e+00 1.600000000000000089e+00 -2.726999999999999823e-03 -3.635999999999999909e-03 -9.999900000000000455e-01 4.483170000000000210e-01 8.938629999999999631e-01 -4.472000000000000280e-03 8.938709999999999711e-01 -4.483240000000000003e-01 -8.080000000000000160e-04
1.300000000000000000e+01 1.020000000000000000e+02 9.000000000000000000e+00 0.000000000000000000e+00 1.600000000000000089e+00 6.489999999999999459e-04 -9.740000000000000394e-04 9.999989999999999712e-01 9.200620000000000465e-01 3.917729999999999824e-01 -2.149999999999999947e-04 -3.917720000000000091e-01 9.200620000000000465e-01 1.150999999999999896e-03
5.000000000000000000e+00 1.200000000000000000e+01 1.000000000000000000e+01 0.000000000000000000e+00 1.600000000000000089e+00 -1.840000000000000056e-03 -9.478000000000000314e-03 -9.999529999999999808e-01 -5.516619999999999857e-01 -8.340199999999999836e-01 8.921000000000000110e-03 -8.340649999999999453e-01 5.516529999999999490e-01 -3.693999999999999801e-03
1.400000000000000000e+01 1.200000000000000000e+01 1.000000000000000000e+01 0.000000000000000000e+00 1.600000000000000089e+00 3.460000000000000076e-04 4.955000000000000203e-03 -9.999879999999999880e-01 -5.505839999999999623e-01 -8.347679999999999545e-01 -4.327000000000000117e-03 -8.347790000000000488e-01 5.505790000000000406e-01 2.439000000000000196e-03
5.000000000000000000e+00 3.100000000000000000e+01 1.200000000000000000e+01 0.000000000000000000e+00 1.600000000000000089e+00 4.939999999999999730e-04 -2.599999999999999840e-05 1.000000000000000000e+00 3.086000000000000201e-03 9.999949999999999672e-01 2.500000000000000120e-05 -9.999949999999999672e-01 3.086000000000000201e-03 4.939999999999999730e-04
1.800000000000000000e+01 3.100000000000000000e+01 1.200000000000000000e+01 0.000000000000000000e+00 1.600000000000000089e+00 -5.439999999999999957e-04 2.329999999999999986e-04 1.000000000000000000e+00 -3.406999999999999872e-03 9.999940000000000495e-01 -2.339999999999999958e-04 -9.999940000000000495e-01 -3.406999999999999872e-03 -5.429999999999999714e-04
2.300000000000000000e+01 3.100000000000000000e+01 1.200000000000000000e+01 0.000000000000000000e+00 1.600000000000000089e+00 -6.099999999999999872e-05 -7.899999999999999579e-05 1.000000000000000000e+00 -2.086000000000000180e-03 9.999980000000000535e-01 7.899999999999999579e-05 -9.999980000000000535e-01 -2.086000000000000180e-03 -6.099999999999999872e-05
3.000000000000000000e+00 3.200000000000000000e+01 1.400000000000000000e+01 0.000000000000000000e+00 1.600000000000000089e+00 1.827000000000000065e-03 -1.428999999999999932e-03 -9.999970000000000248e-01 9.922799999999999676e-02 9.950639999999999485e-01 -1.240999999999999916e-03 9.950630000000000308e-01 -9.922499999999999376e-02 1.959999999999999937e-03
8.000000000000000000e+00 1.160000000000000000e+02 1.600000000000000000e+01 0.000000000000000000e+00 1.600000000000000089e+00 -7.749999999999999728e-04 -1.099999999999999971e-05 1.000000000000000000e+00 6.557779999999999720e-01 7.549540000000000139e-01 5.159999999999999656e-04 -7.549529999999999852e-01 6.557779999999999720e-01 -5.779999999999999548e-04
2.000000000000000000e+01 1.160000000000000000e+02 1.600000000000000000e+01 0.000000000000000000e+00 1.600000000000000089e+00 -3.948000000000000120e-03 -3.321999999999999866e-03 9.999869999999999592e-01 7.024770000000000181e-01 7.116879999999999873e-01 5.138000000000000206e-03 -7.116959999999999953e-01 7.024880000000000013e-01 -4.760000000000000234e-04
7.000000000000000000e+00 2.000000000000000000e+00 1.900000000000000000e+01 0.000000000000000000e+00 1.600000000000000089e+00 -6.947000000000000050e-03 -1.438700000000000048e-02 -9.998719999999999830e-01 1.847250000000000003e-01 -9.827059999999999684e-01 1.285700000000000037e-02 -9.827660000000000284e-01 -1.846119999999999983e-01 9.483999999999999375e-03
1.400000000000000000e+01 2.000000000000000000e+00 1.900000000000000000e+01 0.000000000000000000e+00 1.600000000000000089e+00 7.680000000000000195e-04 -1.537700000000000004e-02 -9.998820000000000485e-01 1.836000000000000132e-01 -9.828829999999999512e-01 1.525699999999999973e-02 -9.830010000000000137e-01 -1.835900000000000032e-01 2.067999999999999960e-03
2.100000000000000000e+01 2.000000000000000000e+00 1.900000000000000000e+01 0.000000000000000000e+00 1.600000000000000089e+00 2.050000000000000173e-03 -2.760500000000000106e-02 -9.996169999999999778e-01 1.957830000000000126e-01 -9.802619999999999667e-01 2.747199999999999989e-02 -9.806449999999999889e-01 -1.957639999999999936e-01 3.395000000000000014e-03
2.600000000000000000e+01 2.000000000000000000e+00 1.900000000000000000e+01 0.000000000000000000e+00 1.600000000000000089e+00 3.390000000000000001e-04 -6.898999999999999751e-03 -9.999759999999999760e-01 2.054870000000000030e-01 -9.786359999999999504e-01 6.821999999999999939e-03 -9.786599999999999744e-01 -2.054840000000000000e-01 1.085999999999999943e-03
4.000000000000000000e+00 4.000000000000000000e+00 2.000000000000000000e+01 0.000000000000000000e+00 1.600000000000000089e+00 -5.107000000000000428e-03 -5.712000000000000063e-03 -9.999710000000000543e-01 2.746919999999999917e-01 -9.615240000000000453e-01 4.088999999999999753e-03 -9.615190000000000126e-01 -2.746629999999999905e-01 6.479999999999999649e-03
2.700000000000000000e+01 4.000000000000000000e+00 2.000000000000000000e+01 0.000000000000000000e+00 1.600000000000000089e+00 -1.059999999999999961e-03 -6.276999999999999594e-03 -9.999799999999999800e-01 3.231020000000000003e-01 -9.463479999999999670e-01 5.597999999999999678e-03 -9.463639999999999830e-01 -3.230890000000000151e-01 3.030999999999999840e-03
3.000000000000000000e+00 1.300000000000000000e+01 2.000000000000000000e+01 0.000000000000000000e+00 1.600000000000000089e+00 -2.102000000000000136e-03 3.135999999999999899e-03 9.999930000000000208e-01 2.518340000000000023e-01 9.677670000000000439e-01 -2.505999999999999981e-03 -9.677679999999999616e-01 2.518270000000000231e-01 -2.824000000000000121e-03
1.100000000000000000e+01 1.300000000000000000e+01 2.000000000000000000e+01 0.000000000000000000e+00 1.600000000000000089e+00 -2.768000000000000061e-03 -7.481999999999999935e-03 9.999679999999999680e-01 2.552050000000000152e-01 9.668539999999999912e-01 7.941000000000000142e-03 -9.668830000000000480e-01 2.552189999999999737e-01 -7.669999999999999951e-04
1.700000000000000000e+01 1.300000000000000000e+01 2.000000000000000000e+01 0.000000000000000000e+00 1.600000000000000089e+00 -4.550000000000000008e-04 -2.158000000000000196e-03 9.999980000000000535e-01 2.579899999999999971e-01 9.661450000000000315e-01 2.201999999999999964e-03 -9.661469999999999780e-01 2.579899999999999971e-01 1.169999999999999979e-04
5.000000000000000000e+00 3.000000000000000000e+00 2.500000000000000000e+01 0.000000000000000000e+00 1.600000000000000089e+00 -2.540999999999999856e-03 -1.074199999999999981e-02 9.999390000000000223e-01 -7.045500000000000373e-02 -9.974549999999999805e-01 -1.089500000000000017e-02 9.975119999999999543e-01 -7.047799999999999898e-02 1.778000000000000067e-03
1.500000000000000000e+01 3.000000000000000000e+00 2.500000000000000000e+01 0.000000000000000000e+00 1.600000000000000089e+00 -9.810000000000001011e-04 -1.418999999999999949e-02 9.998989999999999823e-01 -6.600599999999999523e-02 -9.977179999999999938e-01 -1.422400000000000053e-02 9.978190000000000115e-01 -6.601400000000000323e-02 4.199999999999999768e-05
2.200000000000000000e+01 3.000000000000000000e+00 2.500000000000000000e+01 0.000000000000000000e+00 1.600000000000000089e+00 -8.444000000000000117e-03 -2.787399999999999947e-02 9.995760000000000201e-01 -8.799899999999999389e-02 -9.957120000000000415e-01 -2.851000000000000062e-02 9.960849999999999982e-01 -8.820200000000000262e-02 5.955000000000000224e-03
2.700000000000000000e+01 3.000000000000000000e+00 2.500000000000000000e+01 0.000000000000000000e+00 1.600000000000000089e+00 -4.544000000000000296e-03 -8.061999999999999722e-03 9.999569999999999848e-01 -1.000230000000000008e-01 -9.949489999999999723e-01 -8.475999999999999160e-03 9.949750000000000538e-01 -1.000569999999999932e-01 3.714999999999999986e-03
5.000000000000000000e+00 4.600000000000000000e+01 2.700000000000000000e+01 0.000000000000000000e+00 1.600000000000000089e+00 -1.747999999999999988e-03 3.209999999999999963e-04 -9.999980000000000535e-01 6.710500000000000353e-01 7.414119999999999600e-01 -9.349999999999999587e-04 7.414100000000000135e-01 -6.710500000000000353e-01 -1.512000000000000106e-03
1.100000000000000000e+01 4.600000000000000000e+01 2.700000000000000000e+01 0.000000000000000000e+00 1.600000000000000089e+00 -2.719999999999999979e-04 -1.090999999999999956e-03 -9.999989999999999712e-01 6.718370000000000175e-01 7.406979999999999675e-01 -9.909999999999999105e-04 7.406989999999999963e-01 -6.718370000000000175e-01 5.320000000000000293e-04
2.100000000000000000e+01 4.600000000000000000e+01 2.700000000000000000e+01 0.000000000000000000e+00 1.600000000000000089e+00 -8.239999999999999712e-04 -4.650000000000000270e-04 -1.000000000000000000e+00 6.771080000000000432e-01 7.358829999999999538e-01 -8.999999999999999754e-04 7.358829999999999538e-01 -6.771080000000000432e-01 -2.919999999999999961e-04
2.800000000000000000e+01 4.600000000000000000e+01 2.700000000000000000e+01 0.000000000000000000e+00 1.600000000000000089e+00 -1.900000000000000105e-04 -6.769999999999999759e-04 -1.000000000000000000e+00 6.746799999999999464e-01 7.381100000000000438e-01 -6.279999999999999775e-04 7.381100000000000438e-01 -6.746799999999999464e-01 3.159999999999999832e-04
1.900000000000000000e+01 4.600000000000000000e+01 3.000000000000000000e+01 0.000000000000000000e+00 1.600000000000000089e+00 1.240000000000000054e-04 -1.131000000000000061e-03 -9.999989999999999712e-01 3.327530000000000210e-01 9.430129999999999901e-01 -1.026000000000000002e-03 9.430140000000000189e-01 -3.327530000000000210e-01 4.929999999999999487e-04
2.200000000000000000e+01 4.600000000000000000e+01 3.000000000000000000e+01 0.000000000000000000e+00 1.600000000000000089e+00 -3.869999999999999742e-04 -1.417999999999999990e-03 -9.999989999999999712e-01 3.312160000000000104e-01 9.435540000000000038e-01 -1.466999999999999988e-03 9.435550000000000326e-01 -3.312160000000000104e-01 1.039999999999999936e-04
5.000000000000000000e+00 5.800000000000000000e+01 3.100000000000000000e+01 0.000000000000000000e+00 1.600000000000000089e+00 -2.327000000000000075e-03 -5.021000000000000289e-03 9.999850000000000128e-01 -7.947790000000000132e-01 -6.068789999999999463e-01 -4.897000000000000311e-03 6.068940000000000445e-01 -7.947779999999999845e-01 -2.577999999999999996e-03
8.000000000000000000e+00 5.800000000000000000e+01 3.100000000000000000e+01 0.000000000000000000e+00 1.600000000000000089e+00 -3.792999999999999931e-03 -4.527999999999999907e-03 9.999820000000000375e-01 -7.968330000000000135e-01 -6.041729999999999601e-01 -5.758000000000000097e-03 6.041879999999999473e-01 -7.968410000000000215e-01 -1.317000000000000028e-03
1.300000000000000000e+01 5.800000000000000000e+01 3.100000000000000000e+01 0.000000000000000000e+00 1.600000000000000089e+00 -5.046000000000000138e-03 -2.383000000000000135e-03 9.999850000000000128e-01 -8.009690000000000420e-01 -5.986799999999999899e-01 -5.467999999999999770e-03 5.986839999999999939e-01 -8.009849999999999470e-01 1.111999999999999924e-03
2.100000000000000000e+01 5.800000000000000000e+01 3.100000000000000000e+01 0.000000000000000000e+00 1.600000000000000089e+00 6.769999999999999759e-04 -7.069999999999999462e-04 1.000000000000000000e+00 -7.986600000000000366e-01 -6.017820000000000391e-01 1.160000000000000007e-04 6.017810000000000104e-01 -7.986600000000000366e-01 -9.719999999999999907e-04
2.500000000000000000e+01 5.800000000000000000e+01 3.100000000000000000e+01 0.000000000000000000e+00 1.600000000000000089e+00 -3.339999999999999870e-04 -1.879000000000000028e-03 9.999980000000000535e-01 -7.966520000000000268e-01 -6.044370000000000021e-01 -1.402000000000000034e-03 6.044380000000000308e-01 -7.966509999999999980e-01 -1.294999999999999927e-03
2.800000000000000000e+01 5.800000000000000000e+01 3.100000000000000000e+01 0.000000000000000000e+00 1.600000000000000089e+00 -1.435000000000000078e-03 -6.864999999999999575e-03 9.999749999999999472e-01 -7.966710000000000180e-01 -6.043899999999999828e-01 -5.291999999999999829e-03 6.044110000000000316e-01 -7.966590000000000060e-01 -4.602000000000000188e-03
2.300000000000000000e+01 1.800000000000000000e+01 3.400000000000000000e+01 0.000000000000000000e+00 1.600000000000000089e+00 -1.263999999999999933e-03 -6.269000000000000267e-03 -9.999799999999999800e-01 -3.111869999999999914e-01 -9.503279999999999506e-01 6.350999999999999875e-03 -9.503479999999999706e-01 3.111889999999999934e-01 -7.500000000000000156e-04
2.800000000000000000e+01 1.800000000000000000e+01 3.400000000000000000e+01 0.000000000000000000e+00 1.600000000000000089e+00 -4.629999999999999784e-04 -3.701999999999999996e-03 -9.999930000000000208e-01 -3.064379999999999882e-01 -9.518830000000000346e-01 3.665999999999999988e-03 -9.518900000000000139e-01 3.064379999999999882e-01 -6.939999999999999555e-04
3.000000000000000000e+00 2.300000000000000000e+01 3.400000000000000000e+01 0.000000000000000000e+00 1.600000000000000089e+00 1.340000000000000045e-04 1.386999999999999995e-03 9.999989999999999712e-01 4.096409999999999774e-01 -9.122460000000000013e-01 1.211000000000000054e-03 9.122470000000000301e-01 4.096409999999999774e-01 -6.899999999999999667e-04
5.000000000000000000e+00 4.600000000000000000e+01 3.500000000000000000e+01 0.000000000000000000e+00 1.600000000000000089e+00 -4.510000000000000120e-04 3.420999999999999996e-03 -9.999940000000000495e-01 3.939880000000000049e-01 -9.191089999999999538e-01 -3.321999999999999866e-03 -9.191150000000000153e-01 -3.939880000000000049e-01 -9.340000000000000429e-04
1.000000000000000000e+01 4.600000000000000000e+01 3.500000000000000000e+01 0.000000000000000000e+00 1.600000000000000089e+00 1.546000000000000065e-03 4.995000000000000308e-03 -9.999860000000000415e-01 3.957350000000000034e-01 -9.183559999999999501e-01 -3.975000000000000235e-03 -9.183630000000000404e-01 -3.957240000000000202e-01 -3.396999999999999846e-03
1.600000000000000000e+01 4.600000000000000000e+01 3.500000000000000000e+01 0.000000000000000000e+00 1.600000000000000089e+00 -2.200000000000000133e-03 -1.520000000000000084e-03 -9.999959999999999960e-01 3.953499999999999792e-01 -9.185299999999999576e-01 5.270000000000000162e-04 -9.185280000000000111e-01 -3.953470000000000040e-01 2.621000000000000066e-03
2.100000000000000000e+01 4.600000000000000000e+01 3.500000000000000000e+01 0.000000000000000000e+00 1.600000000000000089e+00 6.520000000000000188e-04 -1.063399999999999936e-02 -9.999430000000000263e-01 3.921549999999999758e-01 -9.198439999999999950e-01 1.003800000000000005e-02 -9.198990000000000222e-01 -3.921399999999999886e-01 3.569999999999999823e-03
2.600000000000000000e+01 4.600000000000000000e+01 3.500000000000000000e+01 0.000000000000000000e+00 1.600000000000000089e+00 1.144000000000000052e-03 -7.054000000000000374e-03 -9.999740000000000295e-01 3.916769999999999974e-01 -9.200770000000000337e-01 6.937999999999999723e-03 -9.201019999999999754e-01 -3.916749999999999954e-01 1.709999999999999932e-03
2.900000000000000000e+01 4.600000000000000000e+01 3.500000000000000000e+01 0.000000000000000000e+00 1.600000000000000089e+00 -3.060000000000000111e-04 -1.909000000000000107e-03 -9.999980000000000535e-01 3.925520000000000120e-01 -9.197290000000000187e-01 1.634999999999999952e-03 -9.197300000000000475e-01 -3.925500000000000100e-01 1.030000000000000100e-03
9.000000000000000000e+00 9.500000000000000000e+01 3.600000000000000000e+01 0.000000000000000000e+00 1.600000000000000089e+00 8.266000000000000777e-03 2.033400000000000138e-02 9.997589999999999533e-01 9.983699999999999797e-01 5.630000000000000282e-02 -9.398999999999999369e-03 -5.647699999999999942e-02 9.982069999999999554e-01 -1.983499999999999847e-02
1.500000000000000000e+01 9.500000000000000000e+01 3.600000000000000000e+01 0.000000000000000000e+00 1.600000000000000089e+00 7.570999999999999605e-03 1.118000000000000070e-02 9.999090000000000478e-01 9.981240000000000112e-01 6.066200000000000064e-02 -8.236000000000000265e-03 -6.074800000000000338e-02 9.980959999999999832e-01 -1.069999999999999944e-02
1.800000000000000000e+01 9.500000000000000000e+01 3.600000000000000000e+01 0.000000000000000000e+00 1.600000000000000089e+00 8.113000000000000420e-03 7.074000000000000427e-03 9.999419999999999975e-01 9.976530000000000120e-01 6.793799999999999839e-02 -8.574999999999999289e-03 -6.799399999999999888e-02 9.976650000000000240e-01 -6.505999999999999631e-03
2.600000000000000000e+01 9.500000000000000000e+01 3.600000000000000000e+01 0.000000000000000000e+00 1.600000000000000089e+00 4.465000000000000219e-03 -1.203199999999999929e-02 9.999179999999999735e-01 9.972499999999999698e-01 7.402200000000000446e-02 -3.562000000000000062e-03 -7.397299999999999709e-02 9.971839999999999593e-01 1.233000000000000068e-02
7.000000000000000000e+00 3.000000000000000000e+00 4.300000000000000000e+01 0.000000000000000000e+00 1.600000000000000089e+00 -6.139000000000000359e-03 -2.332499999999999851e-02 -9.997089999999999588e-01 7.400409999999999489e-01 -6.724689999999999834e-01 1.114599999999999966e-02 -6.725339999999999652e-01 -7.397569999999999979e-01 2.138999999999999929e-02
1.700000000000000000e+01 3.000000000000000000e+00 4.300000000000000000e+01 0.000000000000000000e+00 1.600000000000000089e+00 -4.512999999999999651e-03 -1.361999999999999929e-03 -9.999890000000000168e-01 7.375890000000000502e-01 -6.752449999999999841e-01 -2.409000000000000117e-03 -6.752350000000000296e-01 -7.375920000000000254e-01 4.052000000000000046e-03
2.400000000000000000e+01 3.000000000000000000e+00 4.300000000000000000e+01 0.000000000000000000e+00 1.600000000000000089e+00 2.611000000000000040e-03 1.141499999999999980e-02 -9.999310000000000143e-01 7.347879999999999967e-01 -6.782709999999999573e-01 -5.825000000000000316e-03 -6.782909999999999773e-01 -7.347230000000000150e-01 -1.015899999999999963e-02
2.800000000000000000e+01 3.000000000000000000e+00 4.300000000000000000e+01 0.000000000000000000e+00 1.600000000000000089e+00 1.678000000000000021e-03 -4.780999999999999660e-03 -9.999869999999999592e-01 7.372229999999999617e-01 -6.756349999999999856e-01 4.466999999999999617e-03 -6.756469999999999976e-01 -7.372210000000000152e-01 2.390999999999999896e-03
2.500000000000000000e+01 8.000000000000000000e+00 4.400000000000000000e+01 0.000000000000000000e+00 1.600000000000000089e+00 -2.216000000000000088e-03 4.869000000000000064e-03 9.999860000000000415e-01 -7.821190000000000087e-01 -6.231269999999999865e-01 1.301000000000000073e-03 6.231250000000000400e-01 -7.821050000000000502e-01 5.190000000000000169e-03
5.000000000000000000e+00 2.900000000000000000e+01 4.400000000000000000e+01 0.000000000000000000e+00 1.600000000000000089e+00 -3.460000000000000076e-04 8.480000000000000124e-04 -1.000000000000000000e+00 6.566950000000000287e-01 7.541560000000000485e-01 4.130000000000000099e-04 7.541560000000000485e-01 -6.566950000000000287e-01 -8.180000000000000422e-04
9.000000000000000000e+00 2.900000000000000000e+01 4.400000000000000000e+01 0.000000000000000000e+00 1.600000000000000089e+00 -1.730000000000000038e-04 2.997999999999999797e-03 -9.999959999999999960e-01 6.530510000000000481e-01 7.573109999999999564e-01 2.157000000000000063e-03 7.573140000000000427e-01 -6.530479999999999619e-01 -2.089000000000000145e-03
1.200000000000000000e+01 2.900000000000000000e+01 4.400000000000000000e+01 0.000000000000000000e+00 1.600000000000000089e+00 -1.732999999999999948e-03 3.190000000000000019e-04 -9.999980000000000535e-01 6.554100000000000481e-01 7.552729999999999722e-01 -8.949999999999999623e-04 7.552710000000000257e-01 -6.554109999999999658e-01 -1.518000000000000035e-03
1.600000000000000000e+01 2.900000000000000000e+01 4.400000000000000000e+01 0.000000000000000000e+00 1.600000000000000089e+00 -3.363999999999999803e-03 -2.086999999999999880e-03 -9.999919999999999920e-01 6.611949999999999772e-01 7.502050000000000107e-01 -3.789999999999999966e-03 7.502069999999999572e-01 -6.612019999999999564e-01 -1.144000000000000052e-03
1.900000000000000000e+01 2.900000000000000000e+01 4.400000000000000000e+01 0.000000000000000000e+00 1.600000000000000089e+00 -1.853999999999999962e-03 -2.069999999999999792e-03 -9.999959999999999960e-01 6.653780000000000250e-01 7.465009999999999701e-01 -2.778999999999999786e-03 7.465039999999999454e-01 -6.653810000000000002e-01 -6.999999999999999895e-06
2.300000000000000000e+01 2.900000000000000000e+01 4.400000000000000000e+01 0.000000000000000000e+00 1.600000000000000089e+00 -7.749999999999999728e-04 -2.295000000000000165e-03 -9.999970000000000248e-01 6.674449999999999550e-01 7.446559999999999846e-01 -2.226999999999999813e-03 7.446589999999999598e-01 -6.674449999999999550e-01 9.550000000000000112e-04
2.700000000000000000e+01 2.900000000000000000e+01 4.400000000000000000e+01 0.000000000000000000e+00 1.600000000000000089e+00 7.600000000000000418e-04 7.579999999999999932e-04 -9.999989999999999712e-01 6.692339999999999955e-01 7.430510000000000170e-01 1.072000000000000036e-03 7.430510000000000170e-01 -6.692350000000000243e-01 5.700000000000000314e-05
1.500000000000000000e+01 7.000000000000000000e+01 4.700000000000000000e+01 0.000000000000000000e+00 1.600000000000000089e+00 1.958000000000000105e-03 -1.291000000000000047e-03 -9.999970000000000248e-01 -8.454380000000000228e-01 -5.340730000000000199e-01 -9.659999999999999533e-04 -5.340700000000000447e-01 8.454369999999999941e-01 -2.137000000000000011e-03
4.000000000000000000e+00 5.000000000000000000e+00 5.100000000000000000e+01 0.000000000000000000e+00 1.600000000000000089e+00 9.200000000000000278e-04 -2.857999999999999863e-03 -9.999949999999999672e-01 4.816969999999999863e-01 -8.763330000000000286e-01 2.948000000000000100e-03 -8.763370000000000326e-01 -4.816980000000000151e-01 5.699999999999999772e-04
1.000000000000000000e+01 5.000000000000000000e+00 5.100000000000000000e+01 0.000000000000000000e+00 1.600000000000000089e+00 -4.695000000000000388e-03 -1.484399999999999956e-02 -9.998789999999999623e-01 4.847049999999999970e-01 -8.746119999999999450e-01 1.070899999999999977e-02 -8.746650000000000258e-01 -4.845960000000000267e-01 1.130100000000000028e-02
1.300000000000000000e+01 6.000000000000000000e+00 5.100000000000000000e+01 0.000000000000000000e+00 1.600000000000000089e+00 -4.291999999999999808e-03 -1.625700000000000062e-02 -9.998590000000000533e-01 3.162639999999999896e-01 -9.485670000000000490e-01 1.406499999999999938e-02 -9.486620000000000053e-01 -3.161590000000000233e-01 9.213000000000000703e-03
1.600000000000000000e+01 6.000000000000000000e+00 5.100000000000000000e+01 0.000000000000000000e+00 1.600000000000000089e+00 -4.959999999999999999e-03 -1.636200000000000154e-02 -9.998540000000000205e-01 3.144399999999999973e-01 -9.491749999999999909e-01 1.397299999999999931e-02 -9.492639999999999967e-01 -3.143239999999999923e-01 9.853000000000000647e-03
2.000000000000000000e+01 6.000000000000000000e+00 5.100000000000000000e+01 0.000000000000000000e+00 1.600000000000000089e+00 -5.538999999999999653e-03 -1.005200000000000017e-02 -9.999339999999999895e-01 3.196840000000000237e-01 -9.474930000000000296e-01 7.753999999999999608e-03 -9.475080000000000169e-01 -3.196200000000000152e-01 8.460999999999999771e-03
1.900000000000000000e+01 7.000000000000000000e+00 5.200000000000000000e+01 0.000000000000000000e+00 1.600000000000000089e+00 -7.029999999999999791e-03 -9.348000000000000406e-03 -9.999320000000000430e-01 1.192190000000000055e-01 -9.928320000000000478e-01 8.444000000000000117e-03 -9.928430000000000311e-01 -1.191510000000000069e-01 8.094000000000000500e-03
2.000000000000000000e+00 6.300000000000000000e+01 5.400000000000000000e+01 0.000000000000000000e+00 1.600000000000000089e+00 2.990000000000000036e-04 -2.644000000000000083e-03 9.999959999999999960e-01 -3.552020000000000177e-01 9.347860000000000058e-01 2.576999999999999864e-03 -9.347889999999999810e-01 -3.552020000000000177e-01 -6.599999999999999964e-04
7.000000000000000000e+00 6.300000000000000000e+01 5.400000000000000000e+01 0.000000000000000000e+00 1.600000000000000089e+00 -1.049999999999999935e-03 2.160000000000000028e-03 9.999970000000000248e-01 -3.519039999999999946e-01 9.360330000000000039e-01 -2.390999999999999896e-03 -9.360349999999999504e-01 -3.519059999999999966e-01 -2.229999999999999994e-04
1.800000000000000000e+01 6.300000000000000000e+01 5.400000000000000000e+01 0.000000000000000000e+00 1.600000000000000089e+00 -2.497999999999999787e-03 -4.416999999999999919e-03 9.999869999999999592e-01 -3.382850000000000024e-01 9.410380000000000411e-01 3.311000000000000141e-03 -9.410399999999999876e-01 -3.382720000000000171e-01 -3.844999999999999894e-03
2.500000000000000000e+01 6.300000000000000000e+01 5.400000000000000000e+01 0.000000000000000000e+00 1.600000000000000089e+00 9.810000000000001011e-04 1.050000000000000044e-04 1.000000000000000000e+00 -3.355360000000000009e-01 9.420269999999999477e-01 2.300000000000000070e-04 -9.420269999999999477e-01 -3.355360000000000009e-01 9.590000000000000000e-04
1.700000000000000000e+01 2.000000000000000000e+01 6.000000000000000000e+01 0.000000000000000000e+00 1.600000000000000089e+00 -2.519999999999999996e-04 -9.721000000000000474e-03 9.999529999999999808e-01 -6.189000000000000057e-02 9.980360000000000342e-01 9.686999999999999431e-03 -9.980830000000000535e-01 -6.188400000000000151e-02 -8.530000000000000256e-04
7.000000000000000000e+00 2.100000000000000000e+01 6.000000000000000000e+01 0.000000000000000000e+00 1.600000000000000089e+00 -5.890000000000000053e-04 -4.465000000000000219e-03 9.999900000000000455e-01 -9.912200000000000177e-02 9.950660000000000061e-01 4.383999999999999876e-03 -9.950750000000000428e-01 -9.911799999999999777e-02 -1.028999999999999967e-03
1.300000000000000000e+01 2.100000000000000000e+01 6.000000000000000000e+01 0.000000000000000000e+00 1.600000000000000089e+00 -8.199999999999999824e-04 -7.721000000000000432e-03 9.999700000000000255e-01 -9.763299999999999756e-02 9.951929999999999943e-01 7.603999999999999648e-03 -9.952220000000000510e-01 -9.762400000000000244e-02 -1.569999999999999998e-03
1.800000000000000000e+01 2.100000000000000000e+01 6.000000000000000000e+01 0.000000000000000000e+00 1.600000000000000089e+00 2.990000000000000036e-04 -4.856000000000000073e-03 9.999879999999999880e-01 -9.548099999999999643e-02 9.954190000000000538e-01 4.863000000000000135e-03 -9.954309999999999548e-01 -9.548199999999999743e-02 -1.659999999999999963e-04
2.400000000000000000e+01 2.100000000000000000e+01 6.000000000000000000e+01 0.000000000000000000e+00 1.600000000000000089e+00 -5.429999999999999714e-04 -9.036999999999999894e-03 9.999590000000000423e-01 -9.319600000000000106e-02 9.956080000000000485e-01 8.947000000000000092e-03 -9.956479999999999775e-01 -9.318700000000000594e-02 -1.382999999999999898e-03
2.800000000000000000e+01 2.100000000000000000e+01 6.000000000000000000e+01 0.000000000000000000e+00 1.600000000000000089e+00 -1.500999999999999947e-03 -8.018000000000000821e-03 9.999670000000000503e-01 -9.264600000000000612e-02 9.956679999999999975e-01 7.844000000000000278e-03 -9.956979999999999720e-01 -9.263100000000000500e-02 -2.237999999999999972e-03
6.000000000000000000e+00 2.700000000000000000e+01 6.300000000000000000e+01 0.000000000000000000e+00 1.600000000000000089e+00 5.910000000000000539e-04 -1.097000000000000102e-03 9.999989999999999712e-01 -2.741580000000000128e-01 9.616839999999999833e-01 1.216999999999999983e-03 -9.616839999999999833e-01 -2.741580000000000128e-01 2.669999999999999847e-04
1.100000000000000000e+01 2.700000000000000000e+01 6.300000000000000000e+01 0.000000000000000000e+00 1.600000000000000089e+00 -3.380000000000000192e-03 -4.274000000000000021e-03 9.999850000000000128e-01 -2.739840000000000053e-01 9.617289999999999450e-01 3.184000000000000198e-03 -9.617280000000000273e-01 -2.739690000000000181e-01 -4.421999999999999716e-03
1.800000000000000000e+01 2.700000000000000000e+01 6.300000000000000000e+01 0.000000000000000000e+00 1.600000000000000089e+00 1.077999999999999965e-03 -3.491000000000000179e-03 9.999930000000000208e-01 -2.787310000000000065e-01 9.603620000000000489e-01 3.652999999999999997e-03 -9.603690000000000282e-01 -2.787330000000000085e-01 6.200000000000000270e-05
2.200000000000000000e+01 2.700000000000000000e+01 6.300000000000000000e+01 0.000000000000000000e+00 1.600000000000000089e+00 1.979999999999999989e-03 -4.878999999999999657e-03 9.999860000000000415e-01 -2.802990000000000204e-01 9.598980000000000290e-01 5.238999999999999733e-03 -9.599109999999999587e-01 -2.803059999999999996e-01 5.330000000000000536e-04
2.600000000000000000e+01 2.700000000000000000e+01 6.300000000000000000e+01 0.000000000000000000e+00 1.600000000000000089e+00 9.169999999999999549e-04 -2.144000000000000072e-03 9.999970000000000248e-01 -2.814690000000000247e-01 9.595669999999999478e-01 2.314999999999999784e-03 -9.595700000000000340e-01 -2.814710000000000267e-01 2.759999999999999867e-04
5.000000000000000000e+00 2.600000000000000000e+01 6.400000000000000000e+01 0.000000000000000000e+00 1.600000000000000089e+00 6.790000000000000245e-04 2.547999999999999918e-03 9.999970000000000248e-01 -3.572239999999999860e-01 9.340159999999999574e-01 -2.137000000000000011e-03 -9.340180000000000149e-01 -3.572219999999999840e-01 1.544999999999999932e-03
1.000000000000000000e+01 2.600000000000000000e+01 6.400000000000000000e+01 0.000000000000000000e+00 1.600000000000000089e+00 -2.105000000000000100e-03 -2.956999999999999993e-03 9.999930000000000208e-01 -3.554919999999999747e-01 9.346769999999999801e-01 2.014999999999999864e-03 -9.346769999999999801e-01 -3.554849999999999954e-01 -3.017999999999999849e-03
2.200000000000000000e+01 2.600000000000000000e+01 6.400000000000000000e+01 0.000000000000000000e+00 1.600000000000000089e+00 3.030999999999999840e-03 -7.834000000000000685e-03 9.999649999999999928e-01 -3.636980000000000213e-01 9.314789999999999459e-01 8.399999999999999481e-03 -9.315120000000000067e-01 -3.637110000000000065e-01 -2.599999999999999840e-05
2.400000000000000000e+01 3.100000000000000000e+01 7.100000000000000000e+01 0.000000000000000000e+00 1.600000000000000089e+00 -2.772000000000000158e-03 -1.796000000000000070e-03 -9.999949999999999672e-01 -7.075569999999999915e-01 -7.066489999999999716e-01 3.230999999999999931e-03 -7.066510000000000291e-01 7.075620000000000243e-01 6.880000000000000265e-04
2.900000000000000000e+01 3.100000000000000000e+01 7.100000000000000000e+01 0.000000000000000000e+00 1.600000000000000089e+00 -6.723999999999999942e-03 1.794999999999999938e-03 -9.999759999999999760e-01 -7.105320000000000524e-01 -7.036559999999999482e-01 3.514999999999999895e-03 -7.036329999999999529e-01 7.105380000000000029e-01 6.007000000000000187e-03
2.700000000000000000e+01 7.100000000000000000e+01 7.200000000000000000e+01 0.000000000000000000e+00 1.600000000000000089e+00 4.076980000000000048e-01 -4.900399999999999895e-02 -9.118009999999999726e-01 9.004050000000000109e-01 1.876130000000000020e-01 3.925199999999999800e-01 1.518309999999999937e-01 -9.810200000000000031e-01 1.206129999999999980e-01
1.000000000000000000e+00 2.500000000000000000e+01 7.300000000000000000e+01 0.000000000000000000e+00 1.600000000000000089e+00 -2.746999999999999876e-03 -2.837999999999999811e-03 9.999919999999999920e-01 7.455220000000000180e-01 -6.664809999999999901e-01 1.559999999999999972e-04 6.664750000000000396e-01 7.455169999999999852e-01 3.946999999999999988e-03
7.000000000000000000e+00 2.500000000000000000e+01 7.300000000000000000e+01 0.000000000000000000e+00 1.600000000000000089e+00 8.760000000000000425e-04 1.655999999999999920e-03 9.999980000000000535e-01 7.457789999999999697e-01 -6.661930000000000351e-01 4.490000000000000176e-04 6.661930000000000351e-01 7.457770000000000232e-01 -1.819000000000000087e-03
1.200000000000000000e+01 2.500000000000000000e+01 7.300000000000000000e+01 0.000000000000000000e+00 1.600000000000000089e+00 8.399999999999999535e-05 -6.019999999999999961e-04 1.000000000000000000e+00 7.499200000000000310e-01 -6.615280000000000049e-01 -4.609999999999999840e-04 6.615280000000000049e-01 7.499200000000000310e-01 3.959999999999999762e-04
