8.000000000000000000e+00 4.200000000000000000e+01 2.000000000000000000e+00 0.000000000000000000e+00 1.600000000000000089e+00 -1.864999999999999904e-03 -2.895700000000000010e-02 9.995789999999999953e-01 9.898839999999999861e-01 1.417539999999999911e-01 5.952999999999999958e-03 -1.418659999999999921e-01 9.894779999999999687e-01 2.840000000000000163e-02
1.300000000000000000e+01 4.200000000000000000e+01 2.000000000000000000e+00 0.000000000000000000e+00 1.600000000000000089e+00 -7.780999999999999722e-03 -1.464400000000000077e-02 9.998620000000000285e-01 9.879909999999999526e-01 1.541879999999999917e-01 9.946999999999999245e-03 -1.543120000000000047e-01 9.879329999999999501e-01 1.326800000000000028e-02
9.000000000000000000e+00 1.600000000000000000e+01 4.000000000000000000e+00 0.000000000000000000e+00 1.600000000000000089e+00 -3.180000000000000101e-03 1.933199999999999849e-02 9.998080000000000300e-01 3.220520000000000049e-01 -9.465249999999999497e-01 1.932599999999999943e-02 9.467170000000000307e-01 3.220520000000000049e-01 -3.216000000000000109e-03
1.200000000000000000e+01 1.600000000000000000e+01 4.000000000000000000e+00 0.000000000000000000e+00 1.600000000000000089e+00 3.268000000000000071e-03 2.626200000000000062e-02 9.996500000000000385e-01 3.224139999999999784e-01 -9.462990000000000013e-01 2.380600000000000077e-02 9.465930000000000177e-01 3.222229999999999817e-01 -1.156000000000000083e-02
1.700000000000000000e+01 1.600000000000000000e+01 4.000000000000000000e+00 0.000000000000000000e+00 1.600000000000000089e+00 -8.170000000000000179e-04 1.555699999999999965e-02 9.998789999999999623e-01 3.228719999999999923e-01 -9.463240000000000540e-01 1.498799999999999959e-02 9.464420000000000055e-01 3.228460000000000218e-01 -4.249000000000000173e-03
2.700000000000000000e+01 1.600000000000000000e+01 4.000000000000000000e+00 0.000000000000000000e+00 1.600000000000000089e+00 3.209999999999999963e-04 1.012500000000000032e-02 9.999489999999999768e-01 3.238929999999999865e-01 -9.460460000000000536e-01 9.475000000000000783e-03 9.460939999999999905e-01 3.238730000000000220e-01 -3.582999999999999814e-03
4.000000000000000000e+00 1.500000000000000000e+01 8.000000000000000000e+00 0.000000000000000000e+00 1.600000000000000089e+00 5.621000000000000128e-03 1.766900000000000068e-02 -9.998280000000000500e-01 -5.677429999999999977e-01 -8.230150000000000521e-01 -1.773599999999999829e-02 -8.231870000000000021e-01 5.677450000000000552e-01 5.405000000000000082e-03
9.000000000000000000e+00 1.500000000000000000e+01 8.000000000000000000e+00 0.000000000000000000e+00 1.600000000000000089e+00 7.322000000000000383e-03 1.507000000000000006e-02 -9.998599999999999710e-01 -5.648840000000000527e-01 -8.250039999999999596e-01 -1.657099999999999893e-02 -8.251380000000000381e-01 5.649260000000000392e-01 2.471999999999999805e-03
1.400000000000000000e+01 1.500000000000000000e+01 8.000000000000000000e+00 0.000000000000000000e+00 1.600000000000000089e+00 4.819000000000000367e-03 2.143799999999999872e-02 -9.997589999999999533e-01 -5.641610000000000236e-01 -8.254120000000000346e-01 -2.041799999999999865e-02 -8.256510000000000238e-01 5.641230000000000411e-01 8.116999999999999216e-03
2.000000000000000000e+00 2.600000000000000000e+01 8.000000000000000000e+00 0.000000000000000000e+00 1.600000000000000089e+00 -5.808999999999999928e-03 -2.257899999999999838e-02 -9.997279999999999500e-01 4.132959999999999967e-01 9.103069999999999773e-01 -2.296099999999999877e-02 9.105779999999999985e-01 -4.133169999999999900e-01 4.043999999999999852e-03
8.000000000000000000e+00 2.600000000000000000e+01 8.000000000000000000e+00 0.000000000000000000e+00 1.600000000000000089e+00 -5.464000000000000107e-03 -1.445300000000000057e-02 -9.998810000000000198e-01 4.174689999999999790e-01 9.085600000000000342e-01 -1.541400000000000062e-02 9.086750000000000105e-01 -4.175039999999999862e-01 1.069000000000000072e-03
1.500000000000000000e+01 2.600000000000000000e+01 8.000000000000000000e+00 0.000000000000000000e+00 1.600000000000000089e+00 -4.606999999999999984e-03 -1.899700000000000000e-02 -9.998089999999999478e-01 4.215610000000000190e-01 9.065969999999999862e-01 -1.916800000000000101e-02 9.067880000000000384e-01 -4.215690000000000270e-01 3.831999999999999903e-03
1.800000000000000000e+01 2.600000000000000000e+01 8.000000000000000000e+00 0.000000000000000000e+00 1.600000000000000089e+00 -5.212999999999999752e-03 -2.040399999999999853e-02 -9.997779999999999445e-01 4.233040000000000136e-01 9.057520000000000016e-01 -2.069199999999999859e-02 9.059730000000000283e-01 -4.233180000000000276e-01 3.916000000000000210e-03
2.100000000000000000e+01 2.600000000000000000e+01 8.000000000000000000e+00 0.000000000000000000e+00 1.600000000000000089e+00 -5.745000000000000107e-03 -2.205899999999999875e-02 -9.997399999999999620e-01 4.254069999999999796e-01 9.047250000000000014e-01 -2.240699999999999983e-02 9.049840000000000106e-01 -4.254249999999999976e-01 4.185999999999999617e-03
2.500000000000000000e+01 2.600000000000000000e+01 8.000000000000000000e+00 0.000000000000000000e+00 1.600000000000000089e+00 -3.753999999999999958e-03 -7.990000000000000140e-04 -9.999930000000000208e-01 4.281340000000000146e-01 9.037119999999999598e-01 -2.328999999999999907e-03 9.037070000000000380e-01 -4.281400000000000206e-01 -3.050000000000000194e-03
3.000000000000000000e+01 2.600000000000000000e+01 8.000000000000000000e+00 0.000000000000000000e+00 1.600000000000000089e+00 1.431999999999999896e-03 3.554800000000000321e-02 -9.993670000000000053e-01 4.264200000000000212e-01 9.039310000000000400e-01 3.276400000000000146e-02 9.045239999999999947e-01 -4.261969999999999925e-01 -1.386399999999999959e-02
1.900000000000000000e+01 1.400000000000000000e+01 9.000000000000000000e+00 0.000000000000000000e+00 1.600000000000000089e+00 6.865999999999999708e-03 1.496399999999999987e-02 -9.998639999999999750e-01 -5.576449999999999463e-01 -8.299199999999999910e-01 -1.625000000000000056e-02 -8.300509999999999833e-01 5.576809999999999823e-01 2.647000000000000047e-03
2.200000000000000000e+01 1.400000000000000000e+01 9.000000000000000000e+00 0.000000000000000000e+00 1.600000000000000089e+00 6.492000000000000375e-03 1.650000000000000078e-02 -9.998430000000000373e-01 -5.559859999999999802e-01 -8.310110000000000552e-01 -1.732399999999999912e-02 -8.311659999999999604e-01 5.560110000000000330e-01 3.778999999999999807e-03
2.600000000000000000e+01 1.400000000000000000e+01 9.000000000000000000e+00 0.000000000000000000e+00 1.600000000000000089e+00 5.269000000000000246e-03 1.412000000000000061e-02 -9.998860000000000525e-01 -5.545550000000000201e-01 -8.320180000000000353e-01 -1.467100000000000001e-02 -8.321309999999999540e-01 5.545689999999999786e-01 3.445999999999999844e-03
1.000000000000000000e+00 2.400000000000000000e+01 9.000000000000000000e+00 0.000000000000000000e+00 1.600000000000000089e+00 -6.702999999999999757e-03 -2.339199999999999960e-02 -9.997040000000000370e-01 4.662799999999999723e-01 8.843170000000000197e-01 -2.381899999999999989e-02 8.846119999999999539e-01 -4.663019999999999943e-01 4.980000000000000052e-03
1.300000000000000000e+01 3.100000000000000000e+01 1.200000000000000000e+01 0.000000000000000000e+00 1.600000000000000089e+00 -2.982999999999999974e-03 1.412999999999999977e-03 9.999949999999999672e-01 1.523399999999999928e-02 9.998829999999999663e-01 -1.366999999999999943e-03 -9.998789999999999623e-01 1.523000000000000048e-02 -3.004000000000000160e-03
1.600000000000000000e+01 3.100000000000000000e+01 1.200000000000000000e+01 0.000000000000000000e+00 1.600000000000000089e+00 -1.956999999999999972e-03 -1.019999999999999992e-04 9.999980000000000535e-01 1.576400000000000023e-02 9.998759999999999870e-01 1.330000000000000073e-04 -9.998740000000000405e-01 1.576400000000000023e-02 -1.955000000000000140e-03
1.900000000000000000e+01 3.100000000000000000e+01 1.200000000000000000e+01 0.000000000000000000e+00 1.600000000000000089e+00 -4.949999999999999973e-04 9.000000000000000567e-05 1.000000000000000000e+00 1.528599999999999924e-02 9.998829999999999663e-01 -8.200000000000000095e-05 -9.998829999999999663e-01 1.528599999999999924e-02 -4.960000000000000216e-04
2.400000000000000000e+01 3.100000000000000000e+01 1.200000000000000000e+01 0.000000000000000000e+00 1.600000000000000089e+00 7.680000000000000195e-04 4.629999999999999784e-04 1.000000000000000000e+00 1.441399999999999973e-02 9.998960000000000070e-01 -4.739999999999999747e-04 -9.998960000000000070e-01 1.441399999999999973e-02 7.609999999999999577e-04
1.400000000000000000e+01 3.200000000000000000e+01 1.400000000000000000e+01 0.000000000000000000e+00 1.600000000000000089e+00 3.873999999999999840e-03 3.480000000000000020e-04 -9.999919999999999920e-01 1.219859999999999972e-01 9.925310000000000521e-01 8.180000000000000422e-04 9.925239999999999618e-01 -1.219879999999999992e-01 3.802999999999999957e-03
9.000000000000000000e+00 1.200000000000000000e+01 1.500000000000000000e+01 0.000000000000000000e+00 1.600000000000000089e+00 5.481999999999999894e-03 5.484000000000000159e-03 -9.999700000000000255e-01 -4.701199999999999823e-01 -8.825709999999999944e-01 -7.416999999999999982e-03 -8.825849999999999529e-01 4.701469999999999816e-01 -2.259999999999999856e-03
1.200000000000000000e+01 1.200000000000000000e+01 1.500000000000000000e+01 0.000000000000000000e+00 1.600000000000000089e+00 3.963000000000000377e-03 9.456000000000000863e-03 -9.999470000000000303e-01 -4.702319999999999833e-01 -8.824840000000000462e-01 -1.020899999999999933e-02 -8.825340000000000407e-01 4.702479999999999993e-01 9.489999999999999738e-04
2.000000000000000000e+01 1.200000000000000000e+01 1.500000000000000000e+01 0.000000000000000000e+00 1.600000000000000089e+00 4.890000000000000249e-03 5.308000000000000218e-03 -9.999740000000000295e-01 -4.687769999999999992e-01 -8.832889999999999908e-01 -6.981000000000000226e-03 -8.833029999999999493e-01 4.687990000000000212e-01 -1.830999999999999945e-03
4.000000000000000000e+00 1.160000000000000000e+02 1.600000000000000000e+01 0.000000000000000000e+00 1.600000000000000089e+00 7.510000000000000399e-04 2.442999999999999859e-03 9.999970000000000248e-01 6.768210000000000059e-01 7.361440000000000206e-01 -2.307000000000000023e-03 -7.361480000000000246e-01 6.768199999999999772e-01 -1.100999999999999982e-03
8.000000000000000000e+00 1.160000000000000000e+02 1.600000000000000000e+01 0.000000000000000000e+00 1.600000000000000089e+00 -2.629999999999999959e-04 -1.250999999999999942e-03 9.999989999999999712e-01 6.716550000000000020e-01 7.408630000000000493e-01 1.103999999999999947e-03 -7.408639999999999670e-01 6.716550000000000020e-01 6.449999999999999570e-04
2.700000000000000000e+01 1.160000000000000000e+02 1.600000000000000000e+01 0.000000000000000000e+00 1.600000000000000089e+00 -1.923000000000000013e-03 -2.213000000000000123e-03 9.999959999999999960e-01 7.114949999999999886e-01 7.026850000000000041e-01 2.922999999999999817e-03 -7.026879999999999793e-01 7.114979999999999638e-01 2.229999999999999994e-04
3.000000000000000000e+00 2.000000000000000000e+00 1.900000000000000000e+01 0.000000000000000000e+00 1.600000000000000089e+00 -1.400999999999999902e-03 -1.771000000000000005e-03 -9.999970000000000248e-01 1.673489999999999978e-01 -9.858970000000000233e-01 1.512000000000000106e-03 -9.858970000000000233e-01 -1.673469999999999958e-01 1.677000000000000105e-03
6.000000000000000000e+00 2.000000000000000000e+00 1.900000000000000000e+01 0.000000000000000000e+00 1.600000000000000089e+00 -2.334000000000000137e-03 3.579999999999999741e-04 -9.999970000000000248e-01 1.664839999999999931e-01 -9.860440000000000316e-01 -7.420000000000000380e-04 -9.860409999999999453e-01 -1.664849999999999941e-01 2.242000000000000069e-03
1.000000000000000000e+01 2.000000000000000000e+00 1.900000000000000000e+01 0.000000000000000000e+00 1.600000000000000089e+00 -1.003999999999999901e-03 -2.059999999999999928e-04 -9.999989999999999712e-01 1.672639999999999960e-01 -9.859120000000000106e-01 3.499999999999999693e-05 -9.859120000000000106e-01 -1.672639999999999960e-01 1.023999999999999954e-03
1.500000000000000000e+01 2.000000000000000000e+00 1.900000000000000000e+01 0.000000000000000000e+00 1.600000000000000089e+00 2.135000000000000179e-03 6.693000000000000164e-03 -9.999749999999999472e-01 1.699869999999999992e-01 -9.854270000000000529e-01 -6.231999999999999693e-03 -9.854439999999999866e-01 -1.699700000000000100e-01 -3.240999999999999957e-03
2.100000000000000000e+01 2.000000000000000000e+00 1.900000000000000000e+01 0.000000000000000000e+00 1.600000000000000089e+00 -1.832000000000000078e-03 8.480000000000000124e-04 -9.999980000000000535e-01 1.687800000000000133e-01 -9.856530000000000014e-01 -1.144999999999999967e-03 -9.856519999999999726e-01 -1.687819999999999876e-01 1.662999999999999982e-03
2.500000000000000000e+01 2.000000000000000000e+00 1.900000000000000000e+01 0.000000000000000000e+00 1.600000000000000089e+00 -1.196999999999999930e-03 4.168999999999999963e-03 -9.999909999999999632e-01 1.603300000000000003e-01 -9.870539999999999869e-01 -4.307000000000000065e-03 -9.870630000000000237e-01 -1.603340000000000043e-01 5.130000000000000011e-04
3.000000000000000000e+01 2.000000000000000000e+00 1.900000000000000000e+01 0.000000000000000000e+00 1.600000000000000089e+00 3.289999999999999739e-04 -1.147999999999999932e-03 -9.999989999999999712e-01 1.593640000000000057e-01 -9.872189999999999577e-01 1.185999999999999988e-03 -9.872199999999999864e-01 -1.593640000000000057e-01 -1.420000000000000092e-04
2.000000000000000000e+00 1.300000000000000000e+01 2.000000000000000000e+01 0.000000000000000000e+00 1.600000000000000089e+00 -8.090000000000000403e-04 -4.200000000000000174e-04 1.000000000000000000e+00 2.592920000000000225e-01 9.657989999999999631e-01 6.160000000000000111e-04 -9.657989999999999631e-01 2.592920000000000225e-01 -6.719999999999999628e-04
9.000000000000000000e+00 1.300000000000000000e+01 2.000000000000000000e+01 0.000000000000000000e+00 1.600000000000000089e+00 -6.799999999999999946e-05 -7.575000000000000136e-03 9.999710000000000543e-01 2.594770000000000132e-01 9.657219999999999693e-01 7.333000000000000108e-03 -9.657489999999999686e-01 2.594699999999999784e-01 1.899999999999999996e-03
1.300000000000000000e+01 1.300000000000000000e+01 2.000000000000000000e+01 0.000000000000000000e+00 1.600000000000000089e+00 -3.690000000000000246e-04 2.129999999999999949e-03 9.999980000000000535e-01 2.602079999999999949e-01 9.655510000000000481e-01 -1.959999999999999937e-03 -9.655529999999999946e-01 2.602059999999999929e-01 -9.100000000000000016e-04
1.700000000000000000e+01 1.300000000000000000e+01 2.000000000000000000e+01 0.000000000000000000e+00 1.600000000000000089e+00 -1.299000000000000024e-03 6.650000000000000095e-04 9.999989999999999712e-01 2.634070000000000022e-01 9.646850000000000147e-01 -2.999999999999999737e-04 -9.646839999999999860e-01 2.634070000000000022e-01 -1.428000000000000016e-03
2.600000000000000000e+01 1.300000000000000000e+01 2.000000000000000000e+01 0.000000000000000000e+00 1.600000000000000089e+00 3.100000000000000135e-05 -2.507999999999999813e-03 9.999970000000000248e-01 2.604839999999999933e-01 9.654749999999999721e-01 2.413000000000000214e-03 -9.654779999999999474e-01 2.604830000000000201e-01 6.830000000000000134e-04
2.000000000000000000e+00 1.600000000000000000e+01 2.100000000000000000e+01 0.000000000000000000e+00 1.600000000000000089e+00 3.299999999999999982e-04 5.719000000000000125e-03 9.999839999999999840e-01 2.960840000000000138e-01 9.551460000000000505e-01 -5.559999999999999838e-03 -9.551619999999999555e-01 2.960809999999999831e-01 -1.378000000000000102e-03
6.000000000000000000e+00 1.600000000000000000e+01 2.100000000000000000e+01 0.000000000000000000e+00 1.600000000000000089e+00 -6.740000000000000114e-04 -5.248000000000000061e-03 9.999860000000000415e-01 2.962529999999999886e-01 9.550950000000000273e-01 5.211999999999999619e-03 -9.551089999999999858e-01 2.962520000000000153e-01 9.110000000000000259e-04
1.000000000000000000e+01 1.600000000000000000e+01 2.100000000000000000e+01 0.000000000000000000e+00 1.600000000000000089e+00 -5.099999999999999960e-05 -5.361999999999999579e-03 9.999860000000000415e-01 2.967420000000000058e-01 9.549440000000000150e-01 5.135999999999999940e-03 -9.549579999999999735e-01 2.967380000000000018e-01 1.543000000000000101e-03
2.600000000000000000e+01 1.600000000000000000e+01 2.100000000000000000e+01 0.000000000000000000e+00 1.600000000000000089e+00 6.189999999999999756e-04 -6.399999999999999710e-05 1.000000000000000000e+00 2.986639999999999850e-01 9.543580000000000396e-01 -1.240000000000000054e-04 -9.543580000000000396e-01 2.986639999999999850e-01 6.099999999999999737e-04
9.000000000000000000e+00 4.600000000000000000e+01 2.700000000000000000e+01 0.000000000000000000e+00 1.600000000000000089e+00 8.229999999999999469e-04 1.201000000000000028e-03 -9.999989999999999712e-01 6.799730000000000496e-01 7.332359999999999989e-01 1.440000000000000091e-03 7.332370000000000276e-01 -6.799730000000000496e-01 -2.139999999999999975e-04
1.100000000000000000e+01 4.600000000000000000e+01 3.000000000000000000e+01 0.000000000000000000e+00 1.600000000000000089e+00 4.189999999999999931e-04 7.999999999999999638e-06 -1.000000000000000000e+00 3.365279999999999938e-01 9.416729999999999823e-01 1.479999999999999925e-04 9.416729999999999823e-01 -3.365279999999999938e-01 3.919999999999999873e-04
2.300000000000000000e+01 4.600000000000000000e+01 3.000000000000000000e+01 0.000000000000000000e+00 1.600000000000000089e+00 4.699999999999999724e-05 -4.679999999999999915e-04 -1.000000000000000000e+00 3.367890000000000050e-01 9.415799999999999725e-01 -4.249999999999999763e-04 9.415799999999999725e-01 -3.367890000000000050e-01 2.020000000000000040e-04
5.000000000000000000e+00 5.800000000000000000e+01 3.100000000000000000e+01 0.000000000000000000e+00 1.600000000000000089e+00 2.128999999999999816e-03 5.249000000000000193e-03 9.999839999999999840e-01 -7.976469999999999949e-01 -6.031050000000000022e-01 4.864000000000000268e-03 6.031210000000000182e-01 -7.976450000000000484e-01 2.903000000000000198e-03
1.100000000000000000e+01 5.800000000000000000e+01 3.100000000000000000e+01 0.000000000000000000e+00 1.600000000000000089e+00 1.050000000000000044e-04 -1.897000000000000032e-03 9.999980000000000535e-01 -7.965130000000000265e-01 -6.046200000000000463e-01 -1.062999999999999926e-03 6.046209999999999640e-01 -7.965119999999999978e-01 -1.574000000000000095e-03
1.600000000000000000e+01 5.800000000000000000e+01 3.100000000000000000e+01 0.000000000000000000e+00 1.600000000000000089e+00 -1.569999999999999944e-04 -8.710000000000000294e-04 1.000000000000000000e+00 -7.984630000000000338e-01 -6.020429999999999948e-01 -6.489999999999999459e-04 6.020429999999999948e-01 -7.984630000000000338e-01 -6.009999999999999717e-04
2.400000000000000000e+01 5.800000000000000000e+01 3.100000000000000000e+01 0.000000000000000000e+00 1.600000000000000089e+00 -1.698000000000000074e-03 1.939999999999999993e-04 9.999989999999999712e-01 -7.980509999999999549e-01 -6.025890000000000413e-01 -1.237999999999999951e-03 6.025869999999999838e-01 -7.980519999999999836e-01 1.178000000000000011e-03
2.900000000000000000e+01 5.800000000000000000e+01 3.100000000000000000e+01 0.000000000000000000e+00 1.600000000000000089e+00 -6.489999999999999459e-04 -1.210000000000000002e-04 1.000000000000000000e+00 -7.956760000000000499e-01 -6.057230000000000114e-01 -5.900000000000000296e-04 6.057219999999999827e-01 -7.956760000000000499e-01 2.970000000000000092e-04
3.000000000000000000e+00 4.600000000000000000e+01 3.500000000000000000e+01 0.000000000000000000e+00 1.600000000000000089e+00 -4.079999999999999968e-04 4.369999999999999970e-04 -1.000000000000000000e+00 3.856029999999999736e-01 -9.226649999999999574e-01 -5.609999999999999752e-04 -9.226649999999999574e-01 -3.856029999999999736e-01 2.079999999999999872e-04
1.400000000000000000e+01 4.600000000000000000e+01 3.500000000000000000e+01 0.000000000000000000e+00 1.600000000000000089e+00 -1.828999999999999897e-03 5.176000000000000045e-03 -9.999850000000000128e-01 3.917760000000000131e-01 -9.200439999999999729e-01 -5.479000000000000363e-03 -9.200589999999999602e-01 -3.917800000000000171e-01 -3.460000000000000076e-04
1.700000000000000000e+01 4.600000000000000000e+01 3.500000000000000000e+01 0.000000000000000000e+00 1.600000000000000089e+00 -6.359999999999999551e-04 1.799000000000000035e-03 -9.999980000000000535e-01 3.915219999999999811e-01 -9.201669999999999572e-01 -1.905000000000000009e-03 -9.201679999999999859e-01 -3.915230000000000099e-01 -1.190000000000000058e-04
2.400000000000000000e+01 4.600000000000000000e+01 3.500000000000000000e+01 0.000000000000000000e+00 1.600000000000000089e+00 3.950000000000000061e-04 2.789999999999999945e-03 -9.999959999999999960e-01 3.909969999999999835e-01 -9.203890000000000127e-01 -2.413999999999999913e-03 -9.203919999999999879e-01 -3.909949999999999815e-01 -1.453999999999999997e-03
6.000000000000000000e+00 9.500000000000000000e+01 3.600000000000000000e+01 0.000000000000000000e+00 1.600000000000000089e+00 -2.443999999999999992e-03 -1.399999999999999877e-04 9.999970000000000248e-01 9.970710000000000406e-01 7.644399999999999806e-02 2.446999999999999956e-03 -7.644399999999999806e-02 9.970740000000000158e-01 -4.699999999999999724e-05
1.000000000000000000e+01 9.500000000000000000e+01 3.600000000000000000e+01 0.000000000000000000e+00 1.600000000000000089e+00 -4.745000000000000086e-03 -1.810700000000000157e-02 9.998249999999999638e-01 9.968510000000000426e-01 7.905900000000000427e-02 6.163000000000000075e-03 -7.915700000000000514e-02 9.967049999999999521e-01 1.767499999999999974e-02
1.400000000000000000e+01 9.500000000000000000e+01 3.600000000000000000e+01 0.000000000000000000e+00 1.600000000000000089e+00 4.657999999999999814e-03 1.204999999999999995e-02 9.999169999999999447e-01 9.965239999999999654e-01 8.311399999999999344e-02 -5.642999999999999579e-03 -8.317499999999999893e-02 9.964669999999999916e-01 -1.162099999999999939e-02
1.800000000000000000e+01 9.500000000000000000e+01 3.600000000000000000e+01 0.000000000000000000e+00 1.600000000000000089e+00 4.076999999999999895e-03 1.887399999999999842e-02 9.998139999999999805e-01 9.967240000000000544e-01 8.068699999999999484e-02 -5.588000000000000085e-03 -8.077700000000000158e-02 9.965610000000000301e-01 -1.848299999999999943e-02
2.200000000000000000e+01 9.500000000000000000e+01 3.600000000000000000e+01 0.000000000000000000e+00 1.600000000000000089e+00 -7.249999999999999500e-04 -9.358999999999999264e-03 9.999559999999999560e-01 9.972330000000000361e-01 7.432300000000000018e-02 1.418999999999999906e-03 -7.433299999999999630e-02 9.971900000000000208e-01 9.279000000000000789e-03
2.500000000000000000e+01 9.500000000000000000e+01 3.600000000000000000e+01 0.000000000000000000e+00 1.600000000000000089e+00 -2.971000000000000116e-03 -2.569600000000000009e-02 9.996650000000000258e-01 9.972750000000000226e-01 7.361499999999999988e-02 4.856000000000000073e-03 -7.371500000000000274e-02 9.969559999999999533e-01 2.540699999999999903e-02
2.800000000000000000e+01 9.500000000000000000e+01 3.600000000000000000e+01 0.000000000000000000e+00 1.600000000000000089e+00 -1.766999999999999908e-03 -2.446600000000000164e-02 9.996990000000000043e-01 9.973290000000000211e-01 7.295999999999999708e-02 3.549000000000000071e-03 -7.302500000000000657e-02 9.970350000000000046e-01 2.427199999999999844e-02
4.000000000000000000e+00 3.000000000000000000e+00 4.300000000000000000e+01 0.000000000000000000e+00 1.600000000000000089e+00 -3.272000000000000169e-03 -1.201699999999999990e-02 -9.999219999999999775e-01 7.395059999999999967e-01 -6.731260000000000021e-01 5.669999999999999693e-03 -6.731420000000000181e-01 -7.394300000000000317e-01 1.108899999999999990e-02
1.900000000000000000e+01 3.000000000000000000e+00 4.300000000000000000e+01 0.000000000000000000e+00 1.600000000000000089e+00 2.272000000000000148e-03 7.636000000000000426e-03 -9.999679999999999680e-01 7.389379999999999837e-01 -6.737649999999999473e-01 -3.465999999999999897e-03 -6.737699999999999800e-01 -7.389069999999999805e-01 -7.172999999999999689e-03
2.400000000000000000e+01 3.000000000000000000e+00 4.300000000000000000e+01 0.000000000000000000e+00 1.600000000000000089e+00 -2.756999999999999902e-03 -6.138000000000000227e-03 -9.999770000000000048e-01 7.389120000000000132e-01 -6.737980000000000080e-01 2.099000000000000171e-03 -6.737959999999999505e-01 -7.388900000000000468e-01 6.393000000000000245e-03
2.200000000000000000e+01 8.000000000000000000e+00 4.400000000000000000e+01 0.000000000000000000e+00 1.600000000000000089e+00 -2.489999999999999809e-04 1.624999999999999925e-03 9.999989999999999712e-01 -7.875170000000000226e-01 -6.162919999999999510e-01 8.050000000000000515e-04 6.162919999999999510e-01 -7.875159999999999938e-01 1.433000000000000029e-03
5.000000000000000000e+00 2.900000000000000000e+01 4.400000000000000000e+01 0.000000000000000000e+00 1.600000000000000089e+00 -1.502000000000000080e-03 -1.435000000000000078e-03 -9.999980000000000535e-01 6.382419999999999760e-01 7.698329999999999895e-01 -2.063000000000000164e-03 7.698340000000000183e-01 -6.382440000000000335e-01 -2.400000000000000061e-04
1.600000000000000000e+01 2.900000000000000000e+01 4.400000000000000000e+01 0.000000000000000000e+00 1.600000000000000089e+00 4.288000000000000145e-03 3.690000000000000246e-04 -9.999909999999999632e-01 6.712099999999999733e-01 7.412600000000000300e-01 3.151999999999999854e-03 7.412549999999999972e-01 -6.712179999999999813e-01 2.931000000000000012e-03
2.100000000000000000e+01 2.900000000000000000e+01 4.400000000000000000e+01 0.000000000000000000e+00 1.600000000000000089e+00 1.118000000000000070e-03 -2.425000000000000072e-03 -9.999959999999999960e-01 6.768309999999999604e-01 7.361370000000000413e-01 -1.028999999999999967e-03 7.361370000000000413e-01 -6.768279999999999852e-01 2.465000000000000177e-03
2.500000000000000000e+01 2.900000000000000000e+01 4.400000000000000000e+01 0.000000000000000000e+00 1.600000000000000089e+00 -3.559999999999999797e-03 -3.090999999999999998e-03 -9.999890000000000168e-01 6.769169999999999909e-01 7.360440000000000316e-01 -4.684999999999999928e-03 7.360499999999999821e-01 -6.769260000000000277e-01 -5.270000000000000162e-04
3.000000000000000000e+01 2.900000000000000000e+01 4.400000000000000000e+01 0.000000000000000000e+00 1.600000000000000089e+00 -6.781999999999999834e-03 -3.665999999999999988e-03 -9.999700000000000255e-01 6.697619999999999685e-01 7.425410000000000066e-01 -7.264999999999999757e-03 7.425450000000000106e-01 -6.697910000000000252e-01 -2.580999999999999961e-03
2.900000000000000000e+01 7.000000000000000000e+01 4.700000000000000000e+01 0.000000000000000000e+00 1.600000000000000089e+00 -9.200000000000000278e-04 3.252999999999999815e-03 -9.999940000000000495e-01 -8.428719999999999546e-01 -5.381129999999999525e-01 -9.749999999999999552e-04 -5.381129999999999525e-01 8.428660000000000041e-01 3.236999999999999860e-03
8.000000000000000000e+00 6.000000000000000000e+00 5.100000000000000000e+01 0.000000000000000000e+00 1.600000000000000089e+00 -5.412000000000000144e-03 2.284000000000000006e-03 -9.999829999999999552e-01 3.232670000000000265e-01 -9.463000000000000300e-01 -3.911000000000000414e-03 -9.462920000000000220e-01 -3.232829999999999870e-01 4.382999999999999743e-03
2.500000000000000000e+01 1.150000000000000000e+02 5.100000000000000000e+01 0.000000000000000000e+00 1.600000000000000089e+00 -1.926999999999999894e-03 -4.904000000000000373e-03 9.999860000000000415e-01 8.440860000000000030e-01 -5.362069999999999892e-01 -1.002999999999999985e-03 5.362050000000000427e-01 8.440720000000000445e-01 5.172000000000000382e-03
1.200000000000000000e+01 7.000000000000000000e+00 5.200000000000000000e+01 0.000000000000000000e+00 1.600000000000000089e+00 -2.906000000000000163e-03 1.791000000000000057e-03 -9.999940000000000495e-01 8.887399999999999467e-02 -9.960409999999999542e-01 -2.041999999999999978e-03 -9.960390000000000077e-01 -8.887899999999999967e-02 2.735000000000000018e-03
5.000000000000000000e+00 6.300000000000000000e+01 5.400000000000000000e+01 0.000000000000000000e+00 1.600000000000000089e+00 -6.350000000000000392e-04 -2.159999999999999919e-04 1.000000000000000000e+00 -3.534999999999999809e-01 9.354350000000000165e-01 -2.199999999999999943e-05 -9.354350000000000165e-01 -3.534990000000000077e-01 -6.700000000000000226e-04
1.100000000000000000e+01 6.300000000000000000e+01 5.400000000000000000e+01 0.000000000000000000e+00 1.600000000000000089e+00 1.000000000000000021e-03 -1.075000000000000001e-03 9.999989999999999712e-01 -3.528339999999999810e-01 9.356849999999999890e-01 1.358000000000000049e-03 -9.356860000000000177e-01 -3.528350000000000097e-01 5.559999999999999621e-04
1.600000000000000000e+01 6.300000000000000000e+01 5.400000000000000000e+01 0.000000000000000000e+00 1.600000000000000089e+00 -1.177000000000000095e-03 -3.040000000000000167e-04 9.999989999999999712e-01 -3.545449999999999990e-01 9.350389999999999535e-01 -1.330000000000000073e-04 -9.350380000000000358e-01 -3.545449999999999990e-01 -1.208000000000000089e-03
2.300000000000000000e+01 6.300000000000000000e+01 5.400000000000000000e+01 0.000000000000000000e+00 1.600000000000000089e+00 1.747000000000000072e-03 -1.472999999999999917e-03 9.999970000000000248e-01 -3.503279999999999728e-01 9.366250000000000409e-01 1.991000000000000148e-03 -9.366250000000000409e-01 -3.503310000000000035e-01 1.119999999999999902e-03
3.000000000000000000e+01 6.300000000000000000e+01 5.400000000000000000e+01 0.000000000000000000e+00 1.600000000000000089e+00 -1.913999999999999903e-03 3.499999999999999693e-05 9.999980000000000535e-01 -3.525610000000000133e-01 9.357889999999999819e-01 -7.079999999999999705e-04 -9.357870000000000354e-01 -3.525619999999999865e-01 -1.778000000000000067e-03
4.000000000000000000e+00 2.500000000000000000e+01 5.500000000000000000e+01 0.000000000000000000e+00 1.600000000000000089e+00 1.309999999999999967e-03 -1.889000000000000054e-03 -9.999970000000000248e-01 -1.286499999999999970e-02 -9.999149999999999983e-01 1.871999999999999966e-03 -9.999160000000000270e-01 1.286200000000000017e-02 -1.333999999999999899e-03
9.000000000000000000e+00 2.500000000000000000e+01 5.500000000000000000e+01 0.000000000000000000e+00 1.600000000000000089e+00 -1.149999999999999981e-03 1.538000000000000088e-03 -9.999980000000000535e-01 -1.270800000000000055e-02 -9.999179999999999735e-01 -1.523000000000000048e-03 -9.999190000000000023e-01 1.270600000000000028e-02 1.170000000000000033e-03
1.400000000000000000e+01 2.500000000000000000e+01 5.500000000000000000e+01 0.000000000000000000e+00 1.600000000000000089e+00 -7.839999999999999747e-04 -4.047000000000000250e-03 -9.999909999999999632e-01 -1.058800000000000019e-02 -9.999360000000000470e-01 4.054999999999999577e-03 -9.999440000000000550e-01 1.059099999999999972e-02 7.410000000000000137e-04
2.100000000000000000e+01 2.500000000000000000e+01 5.500000000000000000e+01 0.000000000000000000e+00 1.600000000000000089e+00 1.649999999999999991e-04 2.488000000000000194e-03 -9.999970000000000248e-01 -1.083699999999999941e-02 -9.999379999999999935e-01 -2.490000000000000026e-03 -9.999409999999999688e-01 1.083699999999999941e-02 -1.379999999999999933e-04
2.500000000000000000e+01 2.500000000000000000e+01 5.500000000000000000e+01 0.000000000000000000e+00 1.600000000000000089e+00 4.899999999999999842e-04 1.484000000000000076e-03 -9.999989999999999712e-01 -1.114099999999999986e-02 -9.999369999999999647e-01 -1.489000000000000089e-03 -9.999379999999999935e-01 1.114200000000000086e-02 -4.730000000000000046e-04
1.500000000000000000e+01 5.800000000000000000e+01 5.900000000000000000e+01 0.000000000000000000e+00 1.600000000000000089e+00 -2.510000000000000078e-03 -6.302999999999999575e-03 -9.999770000000000048e-01 3.820589999999999820e-01 9.241129999999999622e-01 -6.784000000000000100e-03 9.241350000000000398e-01 -3.820669999999999900e-01 8.799999999999999771e-05
1.800000000000000000e+01 6.000000000000000000e+00 6.100000000000000000e+01 0.000000000000000000e+00 1.600000000000000089e+00 3.899999999999999929e-04 1.036600000000000021e-02 9.999460000000000015e-01 5.623200000000000420e-01 -8.268780000000000019e-01 8.352000000000000049e-03 8.269199999999999884e-01 5.622859999999999525e-01 -6.151000000000000217e-03
2.000000000000000000e+00 3.000000000000000000e+00 6.300000000000000000e+01 0.000000000000000000e+00 1.600000000000000089e+00 -1.036000000000000029e-03 -4.296000000000000339e-03 9.999900000000000455e-01 -6.168449999999999767e-01 7.870800000000000018e-01 2.742000000000000080e-03 -7.870840000000000058e-01 -6.168360000000000509e-01 -3.465000000000000198e-03
3.000000000000000000e+00 2.700000000000000000e+01 6.300000000000000000e+01 0.000000000000000000e+00 1.600000000000000089e+00 -2.079999999999999872e-04 1.159000000000000091e-03 9.999989999999999712e-01 -2.834889999999999910e-01 9.589750000000000218e-01 -1.170000000000000033e-03 -9.589750000000000218e-01 -2.834889999999999910e-01 1.289999999999999914e-04
7.000000000000000000e+00 2.700000000000000000e+01 6.300000000000000000e+01 0.000000000000000000e+00 1.600000000000000089e+00 -2.959999999999999849e-04 4.550000000000000225e-03 9.999900000000000455e-01 -2.837480000000000002e-01 9.588889999999999914e-01 -4.447000000000000432e-03 -9.588989999999999458e-01 -2.837459999999999982e-01 1.007000000000000083e-03
1.200000000000000000e+01 2.700000000000000000e+01 6.300000000000000000e+01 0.000000000000000000e+00 1.600000000000000089e+00 -1.760999999999999979e-03 -2.922000000000000118e-03 9.999940000000000495e-01 -2.838879999999999737e-01 9.588550000000000129e-01 2.301999999999999793e-03 -9.588560000000000416e-01 -2.838829999999999965e-01 -2.517999999999999839e-03
1.900000000000000000e+01 2.700000000000000000e+01 6.300000000000000000e+01 0.000000000000000000e+00 1.600000000000000089e+00 4.180000000000000230e-04 -1.882999999999999908e-03 9.999980000000000535e-01 -2.816290000000000182e-01 9.595209999999999573e-01 1.925000000000000062e-03 -9.595230000000000148e-01 -2.816290000000000182e-01 -1.289999999999999914e-04
2.300000000000000000e+01 2.700000000000000000e+01 6.300000000000000000e+01 0.000000000000000000e+00 1.600000000000000089e+00 2.905000000000000030e-03 3.644000000000000104e-03 9.999890000000000168e-01 -2.835300000000000042e-01 9.589600000000000346e-01 -2.671000000000000197e-03 -9.589590000000000058e-01 -2.835190000000000210e-01 3.818999999999999912e-03
2.700000000000000000e+01 2.700000000000000000e+01 6.300000000000000000e+01 0.000000000000000000e+00 1.600000000000000089e+00 3.566000000000000159e-03 4.172000000000000361e-03 9.999850000000000128e-01 -2.845969999999999889e-01 9.586430000000000229e-01 -2.984000000000000107e-03 -9.586409999999999654e-01 -2.845820000000000016e-01 4.605999999999999851e-03
3.000000000000000000e+00 2.600000000000000000e+01 6.400000000000000000e+01 0.000000000000000000e+00 1.600000000000000089e+00 -1.459999999999999981e-04 1.554999999999999959e-03 9.999989999999999712e-01 -3.633179999999999743e-01 9.316640000000000477e-01 -1.502000000000000080e-03 -9.316649999999999654e-01 -3.633179999999999743e-01 4.290000000000000193e-04
7.000000000000000000e+00 2.600000000000000000e+01 6.400000000000000000e+01 0.000000000000000000e+00 1.600000000000000089e+00 -8.369999999999999619e-04 3.970999999999999704e-03 9.999919999999999920e-01 -3.648359999999999936e-01 9.310629999999999740e-01 -4.002999999999999614e-03 -9.310720000000000107e-01 -3.648359999999999936e-01 6.689999999999999983e-04
1.100000000000000000e+01 2.600000000000000000e+01 6.400000000000000000e+01 0.000000000000000000e+00 1.600000000000000089e+00 -2.455999999999999850e-03 -1.500000000000000031e-03 9.999959999999999960e-01 -3.669780000000000264e-01 9.302289999999999726e-01 4.939999999999999730e-04 -9.302259999999999973e-01 -3.669760000000000244e-01 -2.834999999999999847e-03
1.900000000000000000e+01 2.600000000000000000e+01 6.400000000000000000e+01 0.000000000000000000e+00 1.600000000000000089e+00 9.039999999999999642e-04 -2.880000000000000181e-03 9.999949999999999672e-01 -3.668980000000000019e-01 9.302559999999999718e-01 3.010999999999999788e-03 -9.302610000000000046e-01 -3.668989999999999752e-01 -2.149999999999999947e-04
2.200000000000000000e+01 2.600000000000000000e+01 6.400000000000000000e+01 0.000000000000000000e+00 1.600000000000000089e+00 2.805999999999999901e-03 3.170000000000000075e-03 9.999909999999999632e-01 -3.679450000000000220e-01 9.298459999999999503e-01 -1.915000000000000036e-03 -9.298429999999999751e-01 -3.679359999999999853e-01 3.775999999999999843e-03
2.700000000000000000e+01 2.600000000000000000e+01 6.400000000000000000e+01 0.000000000000000000e+00 1.600000000000000089e+00 4.024999999999999932e-03 4.125000000000000194e-03 9.999829999999999552e-01 -3.685709999999999820e-01 9.295970000000000066e-01 -2.350999999999999791e-03 -9.295909999999999451e-01 -3.685550000000000215e-01 5.262000000000000184e-03
5.000000000000000000e+00 6.900000000000000000e+01 6.600000000000000000e+01 0.000000000000000000e+00 1.600000000000000089e+00 -1.533000000000000074e-03 -8.499999999999999526e-04 9.999989999999999712e-01 -9.494740000000000402e-01 3.138420000000000099e-01 -1.188000000000000037e-03 -3.138409999999999811e-01 -9.494749999999999579e-01 -1.288000000000000082e-03
2.100000000000000000e+01 6.900000000000000000e+01 6.600000000000000000e+01 0.000000000000000000e+00 1.600000000000000089e+00 3.785999999999999869e-03 -1.819000000000000087e-03 9.999909999999999632e-01 -9.501129999999999853e-01 3.118779999999999886e-01 4.164000000000000166e-03 -3.118819999999999926e-01 -9.501209999999999933e-01 -5.479999999999999845e-04
8.000000000000000000e+00 2.500000000000000000e+01 7.300000000000000000e+01 0.000000000000000000e+00 1.600000000000000089e+00 9.319999999999999942e-04 -1.110000000000000092e-03 9.999989999999999712e-01 7.532539999999999791e-01 -6.577279999999999793e-01 -1.433000000000000029e-03 6.577290000000000081e-01 7.532550000000000079e-01 2.229999999999999994e-04
1.500000000000000000e+01 2.500000000000000000e+01 7.300000000000000000e+01 0.000000000000000000e+00 1.600000000000000089e+00 1.119999999999999983e-04 4.296999999999999605e-03 9.999909999999999632e-01 7.540829999999999478e-01 -6.567730000000000512e-01 2.736999999999999850e-03 6.567790000000000017e-01 7.540759999999999685e-01 -3.314000000000000105e-03
2.000000000000000000e+01 2.500000000000000000e+01 7.300000000000000000e+01 0.000000000000000000e+00 1.600000000000000089e+00 2.999999999999999737e-04 1.131999999999999977e-03 9.999989999999999712e-01 7.523499999999999632e-01 -6.587629999999999875e-01 5.199999999999999544e-04 6.587640000000000162e-01 7.523490000000000455e-01 -1.049000000000000019e-03
2.600000000000000000e+01 2.500000000000000000e+01 7.300000000000000000e+01 0.000000000000000000e+00 1.600000000000000089e+00 8.400000000000000348e-04 -1.567000000000000033e-03 9.999980000000000535e-01 7.505209999999999937e-01 -6.608439999999999870e-01 -1.665999999999999946e-03 6.608460000000000445e-01 7.505209999999999937e-01 6.210000000000000242e-04
3.000000000000000000e+01 2.500000000000000000e+01 7.300000000000000000e+01 0.000000000000000000e+00 1.600000000000000089e+00 -1.048000000000000103e-03 9.269999999999999811e-04 9.999989999999999712e-01 7.508099999999999774e-01 -6.605170000000000208e-01 1.399000000000000070e-03 6.605170000000000208e-01 7.508110000000000062e-01 -3.999999999999999819e-06
4.000000000000000000e+00 4.400000000000000000e+01 7.300000000000000000e+01 0.000000000000000000e+00 1.600000000000000089e+00 -5.770000000000000389e-04 -4.017999999999999870e-03 9.999919999999999920e-01 5.309300000000000130e-02 -9.985819999999999697e-01 -3.982000000000000296e-03 9.985889999999999489e-01 5.309099999999999930e-02 7.900000000000000121e-04
