4.000000000000000000e+00 1.500000000000000000e+01 4.000000000000000000e+00 0.000000000000000000e+00 1.600000000000000089e+00 -3.142999999999999960e-03 -5.871999999999999616e-03 9.999780000000000335e-01 3.270219999999999794e-01 -9.450060000000000127e-01 -4.520999999999999845e-03 9.450119999999999632e-01 3.270000000000000129e-01 4.891000000000000382e-03
7.000000000000000000e+00 1.500000000000000000e+01 4.000000000000000000e+00 0.000000000000000000e+00 1.600000000000000089e+00 -2.827000000000000086e-03 -4.174999999999999892e-03 9.999869999999999592e-01 3.234500000000000153e-01 -9.462399999999999700e-01 -3.037000000000000203e-03 9.462409999999999988e-01 3.234369999999999745e-01 4.026000000000000065e-03
1.600000000000000000e+01 1.500000000000000000e+01 4.000000000000000000e+00 0.000000000000000000e+00 1.600000000000000089e+00 -5.730000000000000501e-04 -3.621000000000000087e-03 9.999930000000000208e-01 3.239929999999999755e-01 -9.460539999999999505e-01 -3.240999999999999957e-03 9.460589999999999833e-01 3.239890000000000270e-01 1.714999999999999945e-03
1.800000000000000000e+01 1.500000000000000000e+01 4.000000000000000000e+00 0.000000000000000000e+00 1.600000000000000089e+00 1.634999999999999952e-03 2.329999999999999986e-04 9.999989999999999712e-01 3.244290000000000229e-01 -9.459100000000000286e-01 -3.099999999999999999e-04 9.459089999999999998e-01 3.244290000000000229e-01 -1.621999999999999961e-03
2.700000000000000000e+01 1.500000000000000000e+01 4.000000000000000000e+00 0.000000000000000000e+00 1.600000000000000089e+00 -1.654000000000000088e-03 1.897999999999999948e-03 9.999970000000000248e-01 3.314869999999999761e-01 -9.434569999999999901e-01 2.338999999999999933e-03 9.434580000000000188e-01 3.314900000000000069e-01 9.319999999999999942e-04
1.200000000000000000e+01 1.010000000000000000e+02 7.000000000000000000e+00 0.000000000000000000e+00 1.600000000000000089e+00 -3.926999999999999935e-03 -8.200000000000000095e-05 9.999919999999999920e-01 8.833229999999999693e-01 4.687520000000000020e-01 3.507999999999999834e-03 -4.687490000000000268e-01 8.833299999999999486e-01 -1.768000000000000040e-03
1.600000000000000000e+01 1.010000000000000000e+02 7.000000000000000000e+00 0.000000000000000000e+00 1.600000000000000089e+00 -4.483000000000000006e-03 -1.324999999999999963e-02 9.999019999999999575e-01 8.822830000000000394e-01 4.706080000000000263e-01 1.019100000000000041e-02 -4.706969999999999765e-01 8.822429999999999994e-01 9.580999999999999239e-03
2.900000000000000000e+01 1.010000000000000000e+02 7.000000000000000000e+00 0.000000000000000000e+00 1.600000000000000089e+00 -2.590000000000000071e-04 6.402999999999999838e-03 9.999789999999999512e-01 8.844279999999999919e-01 4.666690000000000005e-01 -2.759000000000000168e-03 -4.666770000000000085e-01 8.844090000000000007e-01 -5.784000000000000079e-03
3.000000000000000000e+00 2.500000000000000000e+01 8.000000000000000000e+00 0.000000000000000000e+00 1.600000000000000089e+00 1.588000000000000002e-03 5.583000000000000289e-03 -9.999829999999999552e-01 4.473849999999999771e-01 8.943229999999999791e-01 5.702999999999999736e-03 8.943400000000000238e-01 -4.473860000000000059e-01 -1.077999999999999965e-03
7.000000000000000000e+00 2.500000000000000000e+01 8.000000000000000000e+00 0.000000000000000000e+00 1.600000000000000089e+00 5.820000000000000520e-04 2.112999999999999861e-03 -9.999980000000000535e-01 4.479909999999999726e-01 8.940350000000000241e-01 2.150000000000000001e-03 8.940379999999999994e-01 -4.479920000000000013e-01 -4.260000000000000006e-04
1.500000000000000000e+01 2.500000000000000000e+01 8.000000000000000000e+00 0.000000000000000000e+00 1.600000000000000089e+00 1.600000000000000131e-04 -7.359000000000000090e-03 -9.999730000000000008e-01 4.483219999999999983e-01 8.938490000000000046e-01 -6.505999999999999631e-03 8.938719999999999999e-01 -4.483090000000000130e-01 3.442999999999999880e-03
2.200000000000000000e+01 2.500000000000000000e+01 8.000000000000000000e+00 0.000000000000000000e+00 1.600000000000000089e+00 9.290000000000000297e-04 6.268000000000000134e-03 -9.999799999999999800e-01 4.474920000000000009e-01 8.942679999999999518e-01 6.021999999999999575e-03 8.942879999999999718e-01 -4.474879999999999969e-01 -1.974000000000000060e-03
2.500000000000000000e+01 2.500000000000000000e+01 8.000000000000000000e+00 0.000000000000000000e+00 1.600000000000000089e+00 2.369999999999999874e-04 3.315999999999999937e-03 -9.999949999999999672e-01 4.469250000000000167e-01 8.945659999999999723e-01 3.072000000000000078e-03 8.945720000000000338e-01 -4.469230000000000147e-01 -1.270000000000000078e-03
2.800000000000000000e+01 2.500000000000000000e+01 8.000000000000000000e+00 0.000000000000000000e+00 1.600000000000000089e+00 -3.249999999999999851e-04 -3.696000000000000067e-03 -9.999930000000000208e-01 4.460480000000000000e-01 8.950019999999999643e-01 -3.452999999999999906e-03 8.950090000000000545e-01 -4.460459999999999980e-01 1.358000000000000049e-03
6.000000000000000000e+00 2.400000000000000000e+01 9.000000000000000000e+00 0.000000000000000000e+00 1.600000000000000089e+00 6.980000000000000527e-04 7.128999999999999920e-03 -9.999740000000000295e-01 4.508179999999999965e-01 8.925910000000000233e-01 6.677999999999999908e-03 8.926150000000000473e-01 -4.508110000000000173e-01 -2.590999999999999987e-03
1.400000000000000000e+01 2.400000000000000000e+01 9.000000000000000000e+00 0.000000000000000000e+00 1.600000000000000089e+00 2.369999999999999874e-04 -8.094000000000000500e-03 -9.999670000000000503e-01 4.515190000000000037e-01 8.922330000000000538e-01 -7.114999999999999797e-03 8.922609999999999708e-01 -4.515029999999999877e-01 3.866000000000000079e-03
2.100000000000000000e+01 2.400000000000000000e+01 9.000000000000000000e+00 0.000000000000000000e+00 1.600000000000000089e+00 8.769999999999999584e-04 5.001000000000000237e-03 -9.999869999999999592e-01 4.504340000000000011e-01 8.927969999999999517e-01 4.859999999999999737e-03 8.928089999999999637e-01 -4.504319999999999991e-01 -1.469999999999999953e-03
2.600000000000000000e+01 2.400000000000000000e+01 9.000000000000000000e+00 0.000000000000000000e+00 1.600000000000000089e+00 2.640000000000000202e-04 8.409999999999999507e-04 -1.000000000000000000e+00 4.493570000000000064e-01 8.933520000000000350e-01 8.689999999999999808e-04 8.933520000000000350e-01 -4.493570000000000064e-01 -1.420000000000000092e-04
1.900000000000000000e+01 1.020000000000000000e+02 9.000000000000000000e+00 0.000000000000000000e+00 1.600000000000000089e+00 6.489999999999999459e-04 -9.740000000000000394e-04 9.999989999999999712e-01 9.200620000000000465e-01 3.917729999999999824e-01 -2.149999999999999947e-04 -3.917720000000000091e-01 9.200620000000000465e-01 1.150999999999999896e-03
6.000000000000000000e+00 1.200000000000000000e+01 1.000000000000000000e+01 0.000000000000000000e+00 1.600000000000000089e+00 1.528000000000000061e-03 1.660000000000000017e-03 -9.999970000000000248e-01 -5.534449999999999648e-01 -8.328830000000000400e-01 -2.227999999999999946e-03 -8.328839999999999577e-01 5.534470000000000223e-01 -3.539999999999999853e-04
1.100000000000000000e+01 1.200000000000000000e+01 1.000000000000000000e+01 0.000000000000000000e+00 1.600000000000000089e+00 -1.828999999999999897e-03 -8.918000000000000579e-03 -9.999590000000000423e-01 -5.519100000000000117e-01 -8.338609999999999634e-01 8.446000000000000382e-03 -8.339020000000000321e-01 5.519030000000000324e-01 -3.396999999999999846e-03
2.000000000000000000e+01 1.200000000000000000e+01 1.000000000000000000e+01 0.000000000000000000e+00 1.600000000000000089e+00 3.460000000000000076e-04 4.955000000000000203e-03 -9.999879999999999880e-01 -5.505839999999999623e-01 -8.347679999999999545e-01 -4.327000000000000117e-03 -8.347790000000000488e-01 5.505790000000000406e-01 2.439000000000000196e-03
1.100000000000000000e+01 3.100000000000000000e+01 1.200000000000000000e+01 0.000000000000000000e+00 1.600000000000000089e+00 5.330000000000000536e-04 2.180000000000000134e-04 1.000000000000000000e+00 3.625999999999999883e-03 9.999930000000000208e-01 -2.200000000000000078e-04 -9.999930000000000208e-01 3.625999999999999883e-03 5.320000000000000293e-04
2.400000000000000000e+01 3.100000000000000000e+01 1.200000000000000000e+01 0.000000000000000000e+00 1.600000000000000089e+00 -5.460000000000000443e-04 3.159999999999999832e-04 1.000000000000000000e+00 -3.533999999999999815e-03 9.999940000000000495e-01 -3.179999999999999776e-04 -9.999940000000000495e-01 -3.533999999999999815e-03 -5.450000000000000200e-04
2.900000000000000000e+01 3.100000000000000000e+01 1.200000000000000000e+01 0.000000000000000000e+00 1.600000000000000089e+00 -2.329999999999999986e-04 1.732999999999999948e-03 9.999980000000000535e-01 -2.200000000000000133e-03 9.999959999999999960e-01 -1.732999999999999948e-03 -9.999980000000000535e-01 -2.200999999999999832e-03 -2.290000000000000098e-04
3.000000000000000000e+00 3.200000000000000000e+01 1.400000000000000000e+01 0.000000000000000000e+00 1.600000000000000089e+00 4.628000000000000169e-03 6.200000000000000270e-05 -9.999890000000000168e-01 9.580299999999999927e-02 9.953999999999999515e-01 5.050000000000000235e-04 9.953899999999999970e-01 -9.580500000000000127e-02 4.601000000000000055e-03
9.000000000000000000e+00 3.200000000000000000e+01 1.400000000000000000e+01 0.000000000000000000e+00 1.600000000000000089e+00 2.311999999999999819e-03 6.499999999999999431e-05 -9.999970000000000248e-01 9.928499999999999825e-02 9.950590000000000268e-01 2.950000000000000148e-04 9.950560000000000516e-01 -9.928499999999999825e-02 2.294000000000000032e-03
1.400000000000000000e+01 1.160000000000000000e+02 1.600000000000000000e+01 0.000000000000000000e+00 1.600000000000000089e+00 -7.829999999999999504e-04 -6.000000000000000152e-06 1.000000000000000000e+00 6.557640000000000136e-01 7.549660000000000259e-01 5.180000000000000143e-04 -7.549660000000000259e-01 6.557640000000000136e-01 -5.869999999999999567e-04
2.600000000000000000e+01 1.160000000000000000e+02 1.600000000000000000e+01 0.000000000000000000e+00 1.600000000000000089e+00 -3.591000000000000008e-03 -3.046000000000000096e-03 9.999890000000000168e-01 7.057170000000000387e-01 7.084789999999999699e-01 4.691999999999999990e-03 -7.084850000000000314e-01 7.057259999999999645e-01 -3.950000000000000061e-04
5.000000000000000000e+00 2.000000000000000000e+00 1.900000000000000000e+01 0.000000000000000000e+00 1.600000000000000089e+00 -5.730000000000000501e-04 2.150000000000000001e-03 -9.999970000000000248e-01 1.879290000000000127e-01 -9.821800000000000530e-01 -2.219000000000000052e-03 -9.821819999999999995e-01 -1.879300000000000137e-01 1.589999999999999888e-04
1.300000000000000000e+01 2.000000000000000000e+00 1.900000000000000000e+01 0.000000000000000000e+00 1.600000000000000089e+00 -6.948000000000000183e-03 -1.425700000000000058e-02 -9.998740000000000405e-01 1.847880000000000078e-01 -9.826960000000000139e-01 1.272799999999999973e-02 -9.827540000000000164e-01 -1.846760000000000068e-01 9.461999999999999925e-03
2.000000000000000000e+01 2.000000000000000000e+00 1.900000000000000000e+01 0.000000000000000000e+00 1.600000000000000089e+00 7.680000000000000195e-04 -1.537700000000000004e-02 -9.998820000000000485e-01 1.836000000000000132e-01 -9.828829999999999512e-01 1.525699999999999973e-02 -9.830010000000000137e-01 -1.835900000000000032e-01 2.067999999999999960e-03
2.700000000000000000e+01 2.000000000000000000e+00 1.900000000000000000e+01 0.000000000000000000e+00 1.600000000000000089e+00 1.740999999999999926e-03 -2.824300000000000074e-02 -9.996000000000000441e-01 1.940070000000000128e-01 -9.805989999999999984e-01 2.804399999999999948e-02 -9.809989999999999544e-01 -1.939780000000000115e-01 3.772000000000000179e-03
1.000000000000000000e+01 4.000000000000000000e+00 2.000000000000000000e+01 0.000000000000000000e+00 1.600000000000000089e+00 -5.054999999999999598e-03 -4.521999999999999978e-03 -9.999770000000000048e-01 2.778379999999999739e-01 -9.606230000000000047e-01 2.939999999999999905e-03 -9.606149999999999967e-01 -2.778169999999999806e-01 6.112000000000000245e-03
2.000000000000000000e+00 1.300000000000000000e+01 2.000000000000000000e+01 0.000000000000000000e+00 1.600000000000000089e+00 9.920000000000000432e-04 -2.239999999999999804e-03 9.999970000000000248e-01 2.555950000000000166e-01 9.667820000000000302e-01 1.912000000000000071e-03 -9.667839999999999767e-01 2.555919999999999859e-01 1.531000000000000026e-03
5.000000000000000000e+00 1.300000000000000000e+01 2.000000000000000000e+01 0.000000000000000000e+00 1.600000000000000089e+00 6.509999999999999945e-04 -1.337999999999999997e-03 9.999989999999999712e-01 2.547010000000000107e-01 9.670189999999999619e-01 1.128000000000000096e-03 -9.670199999999999907e-01 2.546999999999999820e-01 9.700000000000000505e-04
9.000000000000000000e+00 1.300000000000000000e+01 2.000000000000000000e+01 0.000000000000000000e+00 1.600000000000000089e+00 -1.562000000000000020e-03 2.393000000000000162e-03 9.999959999999999960e-01 2.527190000000000270e-01 9.675380000000000091e-01 -1.920000000000000049e-03 -9.675390000000000379e-01 2.527150000000000230e-01 -2.115999999999999825e-03
1.700000000000000000e+01 1.300000000000000000e+01 2.000000000000000000e+01 0.000000000000000000e+00 1.600000000000000089e+00 -2.768000000000000061e-03 -7.481999999999999935e-03 9.999679999999999680e-01 2.552050000000000152e-01 9.668539999999999912e-01 7.941000000000000142e-03 -9.668830000000000480e-01 2.552189999999999737e-01 -7.669999999999999951e-04
2.300000000000000000e+01 1.300000000000000000e+01 2.000000000000000000e+01 0.000000000000000000e+00 1.600000000000000089e+00 -4.589999999999999896e-04 -2.191999999999999938e-03 9.999970000000000248e-01 2.579899999999999971e-01 9.661450000000000315e-01 2.236000000000000140e-03 -9.661480000000000068e-01 2.579899999999999971e-01 1.219999999999999974e-04
5.000000000000000000e+00 3.000000000000000000e+00 2.500000000000000000e+01 0.000000000000000000e+00 1.600000000000000089e+00 4.979999999999999618e-04 2.699999999999999899e-05 1.000000000000000000e+00 -7.488000000000000211e-02 -9.971929999999999961e-01 6.399999999999999710e-05 9.971919999999999673e-01 -7.488000000000000211e-02 -4.949999999999999973e-04
1.100000000000000000e+01 3.000000000000000000e+00 2.500000000000000000e+01 0.000000000000000000e+00 1.600000000000000089e+00 -2.435000000000000098e-03 -9.726999999999999535e-03 9.999500000000000055e-01 -7.056300000000000072e-02 -9.974579999999999558e-01 -9.874000000000000832e-03 9.975039999999999463e-01 -7.058300000000000685e-02 1.742000000000000059e-03
2.100000000000000000e+01 3.000000000000000000e+00 2.500000000000000000e+01 0.000000000000000000e+00 1.600000000000000089e+00 -9.810000000000001011e-04 -1.419100000000000049e-02 9.998989999999999823e-01 -6.600599999999999523e-02 -9.977179999999999938e-01 -1.422499999999999980e-02 9.978190000000000115e-01 -6.601400000000000323e-02 4.199999999999999768e-05
2.800000000000000000e+01 3.000000000000000000e+00 2.500000000000000000e+01 0.000000000000000000e+00 1.600000000000000089e+00 -9.334999999999999548e-03 -3.078799999999999940e-02 9.994819999999999816e-01 -8.552999999999999492e-02 -9.958380000000000010e-01 -3.147500000000000298e-02 9.962919999999999554e-01 -8.577999999999999514e-02 6.662999999999999652e-03
4.000000000000000000e+00 4.600000000000000000e+01 2.700000000000000000e+01 0.000000000000000000e+00 1.600000000000000089e+00 7.380000000000000492e-04 5.900000000000000296e-04 -1.000000000000000000e+00 6.699479999999999880e-01 7.424079999999999568e-01 9.319999999999999942e-04 7.424079999999999568e-01 -6.699479999999999880e-01 1.520000000000000084e-04
1.100000000000000000e+01 4.600000000000000000e+01 2.700000000000000000e+01 0.000000000000000000e+00 1.600000000000000089e+00 -1.330999999999999935e-03 3.209999999999999963e-04 -9.999989999999999712e-01 6.719760000000000177e-01 7.405730000000000368e-01 -6.570000000000000319e-04 7.405720000000000081e-01 -6.719760000000000177e-01 -1.201999999999999943e-03
1.700000000000000000e+01 4.600000000000000000e+01 2.700000000000000000e+01 0.000000000000000000e+00 1.600000000000000089e+00 -2.719999999999999979e-04 -1.090999999999999956e-03 -9.999989999999999712e-01 6.718370000000000175e-01 7.406979999999999675e-01 -9.909999999999999105e-04 7.406989999999999963e-01 -6.718370000000000175e-01 5.320000000000000293e-04
2.700000000000000000e+01 4.600000000000000000e+01 2.700000000000000000e+01 0.000000000000000000e+00 1.600000000000000089e+00 -6.019999999999999961e-04 -7.489999999999999913e-04 -1.000000000000000000e+00 6.757880000000000553e-01 7.370949999999999447e-01 -9.590000000000000000e-04 7.370959999999999734e-01 -6.757889999999999731e-01 6.299999999999999990e-05
7.000000000000000000e+00 4.600000000000000000e+01 3.000000000000000000e+01 0.000000000000000000e+00 1.600000000000000089e+00 1.095000000000000053e-03 -3.510000000000000208e-04 -9.999989999999999712e-01 3.298789999999999778e-01 9.440229999999999455e-01 3.000000000000000076e-05 9.440220000000000278e-01 -3.298789999999999778e-01 1.149000000000000065e-03
2.500000000000000000e+01 4.600000000000000000e+01 3.000000000000000000e+01 0.000000000000000000e+00 1.600000000000000089e+00 1.910000000000000077e-04 -1.155999999999999910e-03 -9.999989999999999712e-01 3.320589999999999931e-01 9.432580000000000409e-01 -1.026999999999999918e-03 9.432589999999999586e-01 -3.320589999999999931e-01 5.640000000000000482e-04
2.800000000000000000e+01 4.600000000000000000e+01 3.000000000000000000e+01 0.000000000000000000e+00 1.600000000000000089e+00 7.799999999999999859e-05 -1.508000000000000009e-03 -9.999989999999999712e-01 3.302260000000000195e-01 9.439009999999999900e-01 -1.397999999999999937e-03 9.439020000000000188e-01 -3.302249999999999908e-01 5.720000000000000258e-04
3.000000000000000000e+00 5.800000000000000000e+01 3.100000000000000000e+01 0.000000000000000000e+00 1.600000000000000089e+00 5.183000000000000107e-03 6.194999999999999986e-03 9.999670000000000503e-01 -7.974250000000000504e-01 -6.033669999999999867e-01 7.870999999999999525e-03 6.033960000000000434e-01 -7.974400000000000377e-01 1.812999999999999941e-03
7.000000000000000000e+00 5.800000000000000000e+01 3.100000000000000000e+01 0.000000000000000000e+00 1.600000000000000089e+00 9.299999999999999727e-05 3.620000000000000171e-04 1.000000000000000000e+00 -7.963900000000000423e-01 -6.047829999999999595e-01 2.919999999999999961e-04 6.047829999999999595e-01 -7.963900000000000423e-01 2.320000000000000014e-04
1.100000000000000000e+01 5.800000000000000000e+01 3.100000000000000000e+01 0.000000000000000000e+00 1.600000000000000089e+00 -2.132999999999999913e-03 -4.847999999999999879e-03 9.999860000000000415e-01 -7.960970000000000546e-01 -6.051509999999999945e-01 -4.631999999999999833e-03 6.051649999999999530e-01 -7.960960000000000258e-01 -2.569000000000000103e-03
1.400000000000000000e+01 5.800000000000000000e+01 3.100000000000000000e+01 0.000000000000000000e+00 1.600000000000000089e+00 -3.795999999999999895e-03 -4.531000000000000305e-03 9.999829999999999552e-01 -7.968330000000000135e-01 -6.041720000000000423e-01 -5.761999999999999761e-03 6.041879999999999473e-01 -7.968410000000000215e-01 -1.317000000000000028e-03
1.900000000000000000e+01 5.800000000000000000e+01 3.100000000000000000e+01 0.000000000000000000e+00 1.600000000000000089e+00 -5.046000000000000138e-03 -2.383000000000000135e-03 9.999850000000000128e-01 -8.009690000000000420e-01 -5.986799999999999899e-01 -5.467999999999999770e-03 5.986839999999999939e-01 -8.009849999999999470e-01 1.111999999999999924e-03
2.700000000000000000e+01 5.800000000000000000e+01 3.100000000000000000e+01 0.000000000000000000e+00 1.600000000000000089e+00 8.350000000000000217e-04 -2.709999999999999735e-04 1.000000000000000000e+00 -7.971449999999999925e-01 -6.037879999999999914e-01 5.019999999999999506e-04 6.037879999999999914e-01 -7.971449999999999925e-01 -7.209999999999999612e-04
2.000000000000000000e+00 2.300000000000000000e+01 3.400000000000000000e+01 0.000000000000000000e+00 1.600000000000000089e+00 6.170000000000000354e-04 -1.048600000000000053e-02 9.999449999999999728e-01 4.002020000000000022e-01 -9.163740000000000219e-01 -9.856000000000000177e-03 9.164269999999999916e-01 4.001859999999999862e-01 3.631000000000000113e-03
9.000000000000000000e+00 2.300000000000000000e+01 3.400000000000000000e+01 0.000000000000000000e+00 1.600000000000000089e+00 1.503999999999999912e-03 2.874999999999999951e-03 9.999949999999999672e-01 4.081299999999999928e-01 -9.129209999999999825e-01 2.011000000000000201e-03 9.129220000000000113e-01 4.081250000000000155e-01 -2.546000000000000086e-03
4.000000000000000000e+00 4.600000000000000000e+01 3.500000000000000000e+01 0.000000000000000000e+00 1.600000000000000089e+00 -1.142000000000000003e-03 -1.716000000000000077e-03 -9.999980000000000535e-01 3.909250000000000225e-01 -9.204219999999999624e-01 1.132999999999999893e-03 -9.204219999999999624e-01 -3.909230000000000205e-01 1.722000000000000006e-03
1.100000000000000000e+01 4.600000000000000000e+01 3.500000000000000000e+01 0.000000000000000000e+00 1.600000000000000089e+00 -3.710000000000000190e-04 3.569000000000000124e-03 -9.999940000000000495e-01 3.942689999999999806e-01 -9.189889999999999448e-01 -3.425999999999999792e-03 -9.189950000000000063e-01 -3.942680000000000073e-01 -1.066000000000000107e-03
1.600000000000000000e+01 4.600000000000000000e+01 3.500000000000000000e+01 0.000000000000000000e+00 1.600000000000000089e+00 1.546000000000000065e-03 4.995000000000000308e-03 -9.999860000000000415e-01 3.957350000000000034e-01 -9.183559999999999501e-01 -3.975000000000000235e-03 -9.183630000000000404e-01 -3.957240000000000202e-01 -3.396999999999999846e-03
2.200000000000000000e+01 4.600000000000000000e+01 3.500000000000000000e+01 0.000000000000000000e+00 1.600000000000000089e+00 -2.200999999999999832e-03 -1.516999999999999902e-03 -9.999959999999999960e-01 3.953499999999999792e-01 -9.185299999999999576e-01 5.230000000000000274e-04 -9.185280000000000111e-01 -3.953470000000000040e-01 2.621000000000000066e-03
2.700000000000000000e+01 4.600000000000000000e+01 3.500000000000000000e+01 0.000000000000000000e+00 1.600000000000000089e+00 2.730000000000000222e-04 -9.818999999999999603e-03 -9.999519999999999520e-01 3.914750000000000174e-01 -9.201430000000000442e-01 9.142000000000000820e-03 -9.201890000000000347e-01 -3.914590000000000014e-01 3.592999999999999840e-03
3.000000000000000000e+00 9.500000000000000000e+01 3.600000000000000000e+01 0.000000000000000000e+00 1.600000000000000089e+00 -9.338000000000000814e-03 -2.103599999999999914e-02 9.997350000000000403e-01 9.975399999999999823e-01 6.926599999999999424e-02 1.077499999999999986e-02 -6.947399999999999409e-02 9.973760000000000403e-01 2.033700000000000091e-02
9.000000000000000000e+00 9.500000000000000000e+01 3.600000000000000000e+01 0.000000000000000000e+00 1.600000000000000089e+00 -1.351100000000000044e-02 -6.603999999999999627e-03 9.998869999999999703e-01 9.980970000000000120e-01 6.007900000000000046e-02 1.388400000000000051e-02 -6.016400000000000220e-02 9.981719999999999482e-01 5.779000000000000282e-03
1.500000000000000000e+01 9.500000000000000000e+01 3.600000000000000000e+01 0.000000000000000000e+00 1.600000000000000089e+00 8.267000000000000043e-03 2.033599999999999991e-02 9.997589999999999533e-01 9.983699999999999797e-01 5.629900000000000182e-02 -9.400000000000000369e-03 -5.647699999999999942e-02 9.982069999999999554e-01 -1.983700000000000047e-02
2.100000000000000000e+01 9.500000000000000000e+01 3.600000000000000000e+01 0.000000000000000000e+00 1.600000000000000089e+00 7.570999999999999605e-03 1.117899999999999970e-02 9.999090000000000478e-01 9.981240000000000112e-01 6.066200000000000064e-02 -8.236000000000000265e-03 -6.074800000000000338e-02 9.980959999999999832e-01 -1.069900000000000018e-02
2.400000000000000000e+01 9.500000000000000000e+01 3.600000000000000000e+01 0.000000000000000000e+00 1.600000000000000089e+00 8.083999999999999173e-03 7.099000000000000275e-03 9.999419999999999975e-01 9.976580000000000448e-01 6.785700000000000065e-02 -8.548000000000000043e-03 -6.791400000000000214e-02 9.976699999999999458e-01 -6.533999999999999878e-03
2.300000000000000000e+01 3.000000000000000000e+00 4.300000000000000000e+01 0.000000000000000000e+00 1.600000000000000089e+00 -4.504000000000000191e-03 -1.312000000000000015e-03 -9.999890000000000168e-01 7.375899999999999679e-01 -6.752449999999999841e-01 -2.436999999999999930e-03 -6.752340000000000009e-01 -7.375930000000000542e-01 4.009000000000000410e-03
1.000000000000000000e+00 2.900000000000000000e+01 4.400000000000000000e+01 0.000000000000000000e+00 1.600000000000000089e+00 2.867000000000000191e-03 2.657000000000000074e-03 -9.999919999999999920e-01 6.687640000000000251e-01 7.434640000000000137e-01 3.893000000000000193e-03 7.434690000000000465e-01 -6.687699999999999756e-01 3.550000000000000096e-04
1.100000000000000000e+01 2.900000000000000000e+01 4.400000000000000000e+01 0.000000000000000000e+00 1.600000000000000089e+00 -9.009999999999999997e-04 -5.360000000000000181e-04 -9.999989999999999712e-01 6.576570000000000471e-01 7.533170000000000144e-01 -9.959999999999999236e-04 7.533170000000000144e-01 -6.576579999999999648e-01 -3.260000000000000094e-04
1.500000000000000000e+01 2.900000000000000000e+01 4.400000000000000000e+01 0.000000000000000000e+00 1.600000000000000089e+00 -1.779999999999999898e-04 2.988000000000000204e-03 -9.999959999999999960e-01 6.530510000000000481e-01 7.573109999999999564e-01 2.145999999999999904e-03 7.573140000000000427e-01 -6.530479999999999619e-01 -2.086000000000000180e-03
1.800000000000000000e+01 2.900000000000000000e+01 4.400000000000000000e+01 0.000000000000000000e+00 1.600000000000000089e+00 -1.732999999999999948e-03 3.190000000000000019e-04 -9.999980000000000535e-01 6.554100000000000481e-01 7.552729999999999722e-01 -8.949999999999999623e-04 7.552710000000000257e-01 -6.554109999999999658e-01 -1.518000000000000035e-03
2.200000000000000000e+01 2.900000000000000000e+01 4.400000000000000000e+01 0.000000000000000000e+00 1.600000000000000089e+00 -3.363999999999999803e-03 -2.086000000000000180e-03 -9.999919999999999920e-01 6.611949999999999772e-01 7.502050000000000107e-01 -3.788999999999999833e-03 7.502069999999999572e-01 -6.612019999999999564e-01 -1.144999999999999967e-03
2.500000000000000000e+01 2.900000000000000000e+01 4.400000000000000000e+01 0.000000000000000000e+00 1.600000000000000089e+00 -1.863000000000000073e-03 -2.047000000000000208e-03 -9.999959999999999960e-01 6.647440000000000015e-01 7.470660000000000078e-01 -2.768000000000000061e-03 7.470679999999999543e-01 -6.647469999999999768e-01 -3.100000000000000135e-05
2.900000000000000000e+01 2.900000000000000000e+01 4.400000000000000000e+01 0.000000000000000000e+00 1.600000000000000089e+00 -1.105000000000000079e-03 -3.697999999999999898e-03 -9.999930000000000208e-01 6.654309999999999947e-01 7.464509999999999756e-01 -3.495999999999999976e-03 7.464579999999999549e-01 -6.654299999999999660e-01 1.636000000000000084e-03
2.100000000000000000e+01 7.000000000000000000e+01 4.700000000000000000e+01 0.000000000000000000e+00 1.600000000000000089e+00 1.958000000000000105e-03 -1.291000000000000047e-03 -9.999970000000000248e-01 -8.454380000000000228e-01 -5.340730000000000199e-01 -9.659999999999999533e-04 -5.340700000000000447e-01 8.454369999999999941e-01 -2.137000000000000011e-03
3.000000000000000000e+00 5.000000000000000000e+00 5.100000000000000000e+01 0.000000000000000000e+00 1.600000000000000089e+00 1.413999999999999892e-03 -8.633999999999999314e-03 -9.999620000000000175e-01 4.883250000000000091e-01 -8.726230000000000375e-01 8.226000000000000673e-03 -8.726610000000000200e-01 -4.883179999999999743e-01 2.981999999999999842e-03
6.000000000000000000e+00 5.000000000000000000e+00 5.100000000000000000e+01 0.000000000000000000e+00 1.600000000000000089e+00 1.665999999999999946e-03 -5.446999999999999585e-03 -9.999839999999999840e-01 4.875090000000000257e-01 -8.730999999999999872e-01 5.568000000000000033e-03 -8.731160000000000032e-01 -4.875099999999999989e-01 1.201000000000000028e-03
1.000000000000000000e+01 5.000000000000000000e+00 5.100000000000000000e+01 0.000000000000000000e+00 1.600000000000000089e+00 8.239999999999999712e-04 -3.867000000000000211e-03 -9.999919999999999920e-01 4.820949999999999958e-01 -8.761109999999999731e-01 3.785999999999999869e-03 -8.761189999999999811e-01 -4.820940000000000225e-01 1.142000000000000003e-03
1.600000000000000000e+01 5.000000000000000000e+00 5.100000000000000000e+01 0.000000000000000000e+00 1.600000000000000089e+00 -4.695000000000000388e-03 -1.484399999999999956e-02 -9.998789999999999623e-01 4.847049999999999970e-01 -8.746119999999999450e-01 1.070899999999999977e-02 -8.746650000000000258e-01 -4.845960000000000267e-01 1.130100000000000028e-02
2.800000000000000000e+01 5.000000000000000000e+00 5.100000000000000000e+01 0.000000000000000000e+00 1.600000000000000089e+00 -2.523000000000000069e-03 -1.086799999999999919e-02 -9.999379999999999935e-01 4.842710000000000070e-01 -8.748789999999999623e-01 8.286999999999999228e-03 -8.749139999999999695e-01 -4.842199999999999838e-01 7.471000000000000210e-03
1.900000000000000000e+01 6.000000000000000000e+00 5.100000000000000000e+01 0.000000000000000000e+00 1.600000000000000089e+00 -4.291999999999999808e-03 -1.625700000000000062e-02 -9.998590000000000533e-01 3.162639999999999896e-01 -9.485670000000000490e-01 1.406499999999999938e-02 -9.486620000000000053e-01 -3.161590000000000233e-01 9.213000000000000703e-03
2.200000000000000000e+01 6.000000000000000000e+00 5.100000000000000000e+01 0.000000000000000000e+00 1.600000000000000089e+00 -4.959999999999999999e-03 -1.636200000000000154e-02 -9.998540000000000205e-01 3.144390000000000240e-01 -9.491749999999999909e-01 1.397299999999999931e-02 -9.492650000000000254e-01 -3.143239999999999923e-01 9.853000000000000647e-03
2.600000000000000000e+01 6.000000000000000000e+00 5.100000000000000000e+01 0.000000000000000000e+00 1.600000000000000089e+00 -6.007000000000000187e-03 -1.069999999999999944e-02 -9.999249999999999527e-01 3.198079999999999812e-01 -9.474470000000000391e-01 8.217000000000000345e-03 -9.474630000000000551e-01 -3.197349999999999914e-01 9.112999999999999573e-03
2.500000000000000000e+01 7.000000000000000000e+00 5.200000000000000000e+01 0.000000000000000000e+00 1.600000000000000089e+00 -7.141999999999999911e-03 -9.419999999999999554e-03 -9.999299999999999855e-01 1.188359999999999972e-01 -9.928780000000000383e-01 8.505000000000000407e-03 -9.928879999999999928e-01 -1.187669999999999976e-01 8.210000000000000284e-03
1.000000000000000000e+00 6.300000000000000000e+01 5.400000000000000000e+01 0.000000000000000000e+00 1.600000000000000089e+00 1.353999999999999952e-03 3.769999999999999914e-03 9.999919999999999920e-01 -3.500150000000000206e-01 9.367389999999999883e-01 -3.057999999999999954e-03 -9.367429999999999923e-01 -3.500079999999999858e-01 2.588000000000000023e-03
5.000000000000000000e+00 6.300000000000000000e+01 5.400000000000000000e+01 0.000000000000000000e+00 1.600000000000000089e+00 8.200000000000000095e-05 7.100000000000000191e-04 1.000000000000000000e+00 -3.545829999999999815e-01 9.350239999999999663e-01 -6.350000000000000392e-04 -9.350239999999999663e-01 -3.545829999999999815e-01 3.289999999999999739e-04
8.000000000000000000e+00 6.300000000000000000e+01 5.400000000000000000e+01 0.000000000000000000e+00 1.600000000000000089e+00 -4.429999999999999802e-04 -2.148999999999999869e-03 9.999980000000000535e-01 -3.536400000000000099e-01 9.353799999999999892e-01 1.853000000000000046e-03 -9.353820000000000467e-01 -3.536380000000000079e-01 -1.175000000000000046e-03
1.300000000000000000e+01 6.300000000000000000e+01 5.400000000000000000e+01 0.000000000000000000e+00 1.600000000000000089e+00 -1.075000000000000001e-03 2.109000000000000197e-03 9.999970000000000248e-01 -3.515789999999999749e-01 9.361549999999999594e-01 -2.351999999999999924e-03 -9.361580000000000457e-01 -3.515809999999999769e-01 -2.649999999999999903e-04
2.400000000000000000e+01 6.300000000000000000e+01 5.400000000000000000e+01 0.000000000000000000e+00 1.600000000000000089e+00 -2.530999999999999830e-03 -4.405000000000000061e-03 9.999869999999999592e-01 -3.386250000000000093e-01 9.409159999999999746e-01 3.288000000000000124e-03 -9.409180000000000321e-01 -3.386120000000000241e-01 -3.873000000000000140e-03
3.000000000000000000e+00 2.500000000000000000e+01 5.500000000000000000e+01 0.000000000000000000e+00 1.600000000000000089e+00 9.100000000000000287e-05 5.069999999999999854e-03 -9.999869999999999592e-01 -1.236300000000000072e-02 -9.999109999999999943e-01 -5.070999999999999987e-03 -9.999240000000000350e-01 1.236300000000000072e-02 -2.900000000000000017e-05
2.300000000000000000e+01 2.000000000000000000e+01 6.000000000000000000e+01 0.000000000000000000e+00 1.600000000000000089e+00 -2.559999999999999884e-04 -9.631000000000000671e-03 9.999540000000000095e-01 -6.188899999999999957e-02 9.980369999999999520e-01 9.596999999999999628e-03 -9.980830000000000535e-01 -6.188400000000000151e-02 -8.520000000000000013e-04
1.300000000000000000e+01 2.100000000000000000e+01 6.000000000000000000e+01 0.000000000000000000e+00 1.600000000000000089e+00 -5.789999999999999791e-04 -4.506999999999999722e-03 9.999900000000000455e-01 -9.913199999999999790e-02 9.950639999999999485e-01 4.427999999999999645e-03 -9.950740000000000141e-01 -9.912899999999999490e-02 -1.023000000000000038e-03
1.900000000000000000e+01 2.100000000000000000e+01 6.000000000000000000e+01 0.000000000000000000e+00 1.600000000000000089e+00 -8.199999999999999824e-04 -7.721000000000000432e-03 9.999700000000000255e-01 -9.763299999999999756e-02 9.951929999999999943e-01 7.603999999999999648e-03 -9.952220000000000510e-01 -9.762400000000000244e-02 -1.569999999999999998e-03
2.400000000000000000e+01 2.100000000000000000e+01 6.000000000000000000e+01 0.000000000000000000e+00 1.600000000000000089e+00 2.889999999999999774e-04 -4.445000000000000166e-03 9.999900000000000455e-01 -9.546799999999999731e-02 9.954229999999999468e-01 4.452000000000000228e-03 -9.954319999999999835e-01 -9.546799999999999731e-02 -1.369999999999999961e-04
2.000000000000000000e+00 2.700000000000000000e+01 6.300000000000000000e+01 0.000000000000000000e+00 1.600000000000000089e+00 1.745999999999999939e-03 2.359999999999999902e-04 9.999980000000000535e-01 -2.687280000000000224e-01 9.632159999999999611e-01 2.420000000000000005e-04 -9.632140000000000146e-01 -2.687280000000000224e-01 1.745000000000000023e-03
7.000000000000000000e+00 2.700000000000000000e+01 6.300000000000000000e+01 0.000000000000000000e+00 1.600000000000000089e+00 -2.007000000000000103e-03 7.818000000000000296e-03 9.999670000000000503e-01 -2.702030000000000265e-01 9.627700000000000147e-01 -8.070000000000000784e-03 -9.628010000000000179e-01 -2.702100000000000057e-01 1.800000000000000113e-04
1.200000000000000000e+01 2.700000000000000000e+01 6.300000000000000000e+01 0.000000000000000000e+00 1.600000000000000089e+00 5.209999999999999788e-04 -9.820000000000000170e-04 9.999989999999999712e-01 -2.741709999999999980e-01 9.616799999999999793e-01 1.087000000000000076e-03 -9.616810000000000080e-01 -2.741709999999999980e-01 2.320000000000000014e-04
1.700000000000000000e+01 2.700000000000000000e+01 6.300000000000000000e+01 0.000000000000000000e+00 1.600000000000000089e+00 -3.380000000000000192e-03 -4.274000000000000021e-03 9.999850000000000128e-01 -2.739840000000000053e-01 9.617289999999999450e-01 3.184000000000000198e-03 -9.617280000000000273e-01 -2.739690000000000181e-01 -4.421999999999999716e-03
2.400000000000000000e+01 2.700000000000000000e+01 6.300000000000000000e+01 0.000000000000000000e+00 1.600000000000000089e+00 1.085000000000000027e-03 -3.438000000000000084e-03 9.999940000000000495e-01 -2.787430000000000185e-01 9.603589999999999627e-01 3.603999999999999999e-03 -9.603650000000000242e-01 -2.787450000000000205e-01 8.399999999999999535e-05
2.800000000000000000e+01 2.700000000000000000e+01 6.300000000000000000e+01 0.000000000000000000e+00 1.600000000000000089e+00 2.213999999999999822e-03 -4.185999999999999617e-03 9.999890000000000168e-01 -2.793530000000000180e-01 9.601769999999999472e-01 4.637999999999999762e-03 -9.601859999999999840e-01 -2.793610000000000260e-01 9.560000000000000355e-04
3.000000000000000000e+00 2.600000000000000000e+01 6.400000000000000000e+01 0.000000000000000000e+00 1.600000000000000089e+00 7.380000000000000492e-04 8.859999999999999603e-04 9.999989999999999712e-01 -3.489579999999999904e-01 9.371380000000000265e-01 -5.730000000000000501e-04 -9.371380000000000265e-01 -3.489570000000000172e-01 1.000999999999999937e-03
6.000000000000000000e+00 2.600000000000000000e+01 6.400000000000000000e+01 0.000000000000000000e+00 1.600000000000000089e+00 -1.667999999999999995e-03 5.923000000000000313e-03 9.999810000000000088e-01 -3.519090000000000273e-01 9.360140000000000127e-01 -6.131000000000000165e-03 -9.360330000000000039e-01 -3.519129999999999758e-01 5.230000000000000274e-04
1.100000000000000000e+01 2.600000000000000000e+01 6.400000000000000000e+01 0.000000000000000000e+00 1.600000000000000089e+00 5.039999999999999992e-04 2.624000000000000030e-03 9.999959999999999960e-01 -3.573979999999999935e-01 9.339490000000000292e-01 -2.271000000000000015e-03 -9.339520000000000044e-01 -3.573959999999999915e-01 1.407999999999999963e-03
1.600000000000000000e+01 2.600000000000000000e+01 6.400000000000000000e+01 0.000000000000000000e+00 1.600000000000000089e+00 -2.105000000000000100e-03 -2.956999999999999993e-03 9.999930000000000208e-01 -3.554919999999999747e-01 9.346769999999999801e-01 2.014999999999999864e-03 -9.346769999999999801e-01 -3.554849999999999954e-01 -3.017999999999999849e-03
2.800000000000000000e+01 2.600000000000000000e+01 6.400000000000000000e+01 0.000000000000000000e+00 1.600000000000000089e+00 3.132999999999999934e-03 -7.127999999999999788e-03 9.999700000000000255e-01 -3.632429999999999826e-01 9.316619999999999902e-01 7.779999999999999589e-03 -9.316889999999999894e-01 -3.632569999999999966e-01 3.289999999999999739e-04
7.000000000000000000e+00 2.500000000000000000e+01 7.300000000000000000e+01 0.000000000000000000e+00 1.600000000000000089e+00 -1.301999999999999989e-03 5.230000000000000274e-04 9.999989999999999712e-01 7.439580000000000082e-01 -6.682249999999999579e-01 1.319000000000000077e-03 6.682249999999999579e-01 7.439590000000000369e-01 4.809999999999999823e-04
1.300000000000000000e+01 2.500000000000000000e+01 7.300000000000000000e+01 0.000000000000000000e+00 1.600000000000000089e+00 9.009999999999999997e-04 1.704000000000000003e-03 9.999980000000000535e-01 7.456850000000000422e-01 -6.662989999999999746e-01 4.640000000000000027e-04 6.662979999999999459e-01 7.456829999999999847e-01 -1.871000000000000050e-03
1.800000000000000000e+01 2.500000000000000000e+01 7.300000000000000000e+01 0.000000000000000000e+00 1.600000000000000089e+00 8.399999999999999535e-05 -6.019999999999999961e-04 1.000000000000000000e+00 7.499200000000000310e-01 -6.615280000000000049e-01 -4.609999999999999840e-04 6.615280000000000049e-01 7.499200000000000310e-01 3.959999999999999762e-04
2.400000000000000000e+01 2.500000000000000000e+01 7.300000000000000000e+01 0.000000000000000000e+00 1.600000000000000089e+00 1.827000000000000065e-03 4.429999999999999910e-03 9.999879999999999880e-01 7.491970000000000018e-01 -6.623449999999999616e-01 1.564999999999999985e-03 6.623449999999999616e-01 7.491860000000000186e-01 -4.529000000000000040e-03
2.900000000000000000e+01 2.500000000000000000e+01 7.300000000000000000e+01 0.000000000000000000e+00 1.600000000000000089e+00 -2.464000000000000044e-03 1.745999999999999939e-03 9.999949999999999672e-01 7.531520000000000437e-01 -6.578399999999999803e-01 3.004000000000000160e-03 6.578420000000000378e-01 7.531560000000000477e-01 3.060000000000000111e-04
