6.000000000000000000e+00 2.500000000000000000e+01 1.000000000000000000e+00 0.000000000000000000e+00 1.600000000000000089e+00 -1.255999999999999955e-03 -3.259999999999999877e-03 -9.999940000000000495e-01 -5.344219999999999526e-01 -8.452110000000000456e-01 3.426999999999999925e-03 -8.452169999999999961e-01 5.344229999999999814e-01 -6.809999999999999647e-04
1.300000000000000000e+01 2.500000000000000000e+01 1.000000000000000000e+00 0.000000000000000000e+00 1.600000000000000089e+00 -1.859999999999999945e-04 -1.186399999999999955e-02 -9.999299999999999855e-01 -5.359709999999999752e-01 -8.441760000000000375e-01 1.011599999999999999e-02 -8.442359999999999864e-01 5.359350000000000502e-01 -6.202000000000000048e-03
1.600000000000000000e+01 2.500000000000000000e+01 1.000000000000000000e+00 0.000000000000000000e+00 1.600000000000000089e+00 -8.790000000000000070e-04 6.315000000000000301e-03 -9.999799999999999800e-01 -5.356220000000000425e-01 -8.444439999999999724e-01 -4.862000000000000002e-03 -8.444570000000000132e-01 5.356070000000000553e-01 4.125000000000000194e-03
2.000000000000000000e+01 2.500000000000000000e+01 1.000000000000000000e+00 0.000000000000000000e+00 1.600000000000000089e+00 1.881999999999999992e-03 2.707800000000000137e-02 -9.996319999999999650e-01 -5.314389999999999947e-01 -8.467580000000000107e-01 -2.393699999999999994e-02 -8.470950000000000424e-01 5.312879999999999825e-01 1.279600000000000008e-02
5.000000000000000000e+00 1.500000000000000000e+01 4.000000000000000000e+00 0.000000000000000000e+00 1.600000000000000089e+00 1.211999999999999970e-03 -3.629999999999999872e-04 9.999989999999999712e-01 3.287070000000000269e-01 -9.444320000000000492e-01 -7.410000000000000137e-04 9.444310000000000205e-01 3.287080000000000002e-01 -1.025000000000000086e-03
9.000000000000000000e+00 1.500000000000000000e+01 4.000000000000000000e+00 0.000000000000000000e+00 1.600000000000000089e+00 3.829999999999999854e-04 -9.160000000000000390e-04 9.999989999999999712e-01 3.249810000000000199e-01 -9.457200000000000051e-01 -9.899999999999999946e-04 9.457210000000000338e-01 3.249810000000000199e-01 -6.399999999999999710e-05
1.500000000000000000e+01 1.500000000000000000e+01 4.000000000000000000e+00 0.000000000000000000e+00 1.600000000000000089e+00 1.930000000000000021e-04 2.575000000000000032e-03 9.999970000000000248e-01 3.197539999999999827e-01 -9.474979999999999514e-01 2.377999999999999906e-03 9.475010000000000376e-01 3.197530000000000094e-01 -1.005999999999999950e-03
1.900000000000000000e+01 1.500000000000000000e+01 4.000000000000000000e+00 0.000000000000000000e+00 1.600000000000000089e+00 1.634999999999999952e-03 3.759999999999999887e-03 9.999919999999999920e-01 3.202110000000000234e-01 -9.473409999999999886e-01 3.037999999999999902e-03 9.473449999999999926e-01 3.202030000000000154e-01 -2.752999999999999805e-03
2.300000000000000000e+01 1.500000000000000000e+01 4.000000000000000000e+00 0.000000000000000000e+00 1.600000000000000089e+00 4.593999999999999993e-03 9.329999999999999752e-03 9.999460000000000015e-01 3.246580000000000021e-01 -9.458029999999999493e-01 7.334000000000000241e-03 9.458199999999999941e-01 3.246069999999999789e-01 -7.374000000000000346e-03
1.000000000000000000e+01 9.000000000000000000e+01 4.000000000000000000e+00 0.000000000000000000e+00 1.600000000000000089e+00 2.115720000000000101e-01 5.847170000000000423e-01 -7.831620000000000248e-01 -3.055470000000000130e-01 8.007079999999999753e-01 5.152740000000000098e-01 9.283740000000000325e-01 1.302760000000000029e-01 3.480659999999999865e-01
2.400000000000000000e+01 1.010000000000000000e+02 7.000000000000000000e+00 0.000000000000000000e+00 1.600000000000000089e+00 -2.081300000000000164e-02 4.580200000000000243e-02 9.987340000000000106e-01 8.762600000000000389e-01 4.818239999999999745e-01 -3.836000000000000000e-03 -4.813890000000000113e-01 8.750700000000000145e-01 -5.016199999999999826e-02
2.000000000000000000e+00 2.500000000000000000e+01 8.000000000000000000e+00 0.000000000000000000e+00 1.600000000000000089e+00 9.399999999999999448e-05 -5.004999999999999900e-03 -9.999869999999999592e-01 4.537459999999999827e-01 8.911200000000000232e-01 -4.416999999999999919e-03 8.911310000000000064e-01 -4.537399999999999767e-01 2.354999999999999889e-03
1.100000000000000000e+01 2.500000000000000000e+01 8.000000000000000000e+00 0.000000000000000000e+00 1.600000000000000089e+00 1.273000000000000043e-03 5.692000000000000011e-03 -9.999829999999999552e-01 4.528070000000000150e-01 8.915910000000000224e-01 5.650999999999999773e-03 8.916079999999999561e-01 -4.528059999999999863e-01 -1.443000000000000055e-03
1.300000000000000000e+01 2.500000000000000000e+01 8.000000000000000000e+00 0.000000000000000000e+00 1.600000000000000089e+00 1.822000000000000052e-03 3.637000000000000042e-03 -9.999919999999999920e-01 4.511530000000000262e-01 8.924379999999999535e-01 4.067999999999999568e-03 8.924450000000000438e-01 -4.511560000000000015e-01 -1.500000000000000038e-05
1.800000000000000000e+01 2.500000000000000000e+01 8.000000000000000000e+00 0.000000000000000000e+00 1.600000000000000089e+00 1.569999999999999998e-03 2.459999999999999947e-03 -9.999959999999999960e-01 4.506470000000000198e-01 8.926969999999999628e-01 2.903000000000000198e-03 8.927009999999999668e-01 -4.506499999999999950e-01 2.930000000000000204e-04
2.400000000000000000e+01 2.500000000000000000e+01 8.000000000000000000e+00 0.000000000000000000e+00 1.600000000000000089e+00 -6.600000000000000506e-05 6.790000000000000029e-03 -9.999770000000000048e-01 4.524079999999999768e-01 8.917910000000000004e-01 6.026000000000000106e-03 8.918110000000000204e-01 -4.523969999999999936e-01 -3.129999999999999970e-03
2.900000000000000000e+01 2.500000000000000000e+01 8.000000000000000000e+00 0.000000000000000000e+00 1.600000000000000089e+00 8.809999999999999472e-04 -4.662000000000000345e-03 -9.999890000000000168e-01 4.511470000000000202e-01 8.924419999999999575e-01 -3.762999999999999852e-03 8.924490000000000478e-01 -4.511390000000000122e-01 2.890000000000000208e-03
1.000000000000000000e+00 2.400000000000000000e+01 9.000000000000000000e+00 0.000000000000000000e+00 1.600000000000000089e+00 1.589999999999999888e-04 -6.498999999999999569e-03 -9.999789999999999512e-01 4.563729999999999731e-01 8.897699999999999498e-01 -5.709999999999999798e-03 8.897890000000000521e-01 -4.563619999999999899e-01 3.108000000000000086e-03
5.000000000000000000e+00 2.400000000000000000e+01 9.000000000000000000e+00 0.000000000000000000e+00 1.600000000000000089e+00 -5.800000000000000034e-04 1.611999999999999935e-03 -9.999989999999999712e-01 4.567970000000000086e-01 8.895699999999999719e-01 1.168999999999999900e-03 8.895710000000000006e-01 -4.567950000000000066e-01 -1.252999999999999991e-03
9.000000000000000000e+00 2.400000000000000000e+01 9.000000000000000000e+00 0.000000000000000000e+00 1.600000000000000089e+00 6.260000000000000373e-04 4.899999999999999842e-03 -9.999879999999999880e-01 4.559309999999999752e-01 8.900029999999999886e-01 4.645999999999999956e-03 8.900150000000000006e-01 -4.559279999999999999e-01 -1.677000000000000105e-03
1.300000000000000000e+01 2.400000000000000000e+01 9.000000000000000000e+00 0.000000000000000000e+00 1.600000000000000089e+00 2.062000000000000031e-03 3.082999999999999803e-03 -9.999930000000000208e-01 4.538679999999999937e-01 8.910609999999999919e-01 3.683000000000000076e-03 8.910660000000000247e-01 -4.538730000000000264e-01 4.380000000000000213e-04
1.800000000000000000e+01 2.400000000000000000e+01 9.000000000000000000e+00 0.000000000000000000e+00 1.600000000000000089e+00 6.999999999999999929e-04 5.739000000000000178e-03 -9.999829999999999552e-01 4.533980000000000232e-01 8.912919999999999732e-01 5.433000000000000329e-03 8.913079999999999892e-01 -4.533940000000000192e-01 -1.978000000000000157e-03
2.500000000000000000e+01 2.400000000000000000e+01 9.000000000000000000e+00 0.000000000000000000e+00 1.600000000000000089e+00 1.389999999999999905e-04 4.813999999999999703e-03 -9.999879999999999880e-01 4.546379999999999866e-01 8.906659999999999577e-01 4.350999999999999833e-03 8.906760000000000232e-01 -4.546330000000000093e-01 -2.064999999999999995e-03
2.900000000000000000e+01 2.400000000000000000e+01 9.000000000000000000e+00 0.000000000000000000e+00 1.600000000000000089e+00 7.439999999999999782e-04 -6.518999999999999621e-03 -9.999780000000000335e-01 4.536189999999999944e-01 8.911790000000000544e-01 -5.472000000000000301e-03 8.911959999999999882e-01 -4.536049999999999804e-01 3.621000000000000087e-03
3.000000000000000000e+00 1.200000000000000000e+01 1.000000000000000000e+01 0.000000000000000000e+00 1.600000000000000089e+00 -2.619999999999999933e-03 2.005999999999999971e-03 -9.999949999999999672e-01 -5.522669999999999524e-01 -8.336670000000000469e-01 -2.249999999999999938e-04 -8.336630000000000429e-01 5.522629999999999484e-01 3.291999999999999788e-03
2.200000000000000000e+01 1.200000000000000000e+01 1.000000000000000000e+01 0.000000000000000000e+00 1.600000000000000089e+00 1.825000000000000016e-03 6.127999999999999767e-03 -9.999799999999999800e-01 -5.535139999999999505e-01 -8.328170000000000295e-01 -6.113999999999999643e-03 -8.328379999999999672e-01 5.535139999999999505e-01 1.871999999999999966e-03
2.100000000000000000e+01 4.000000000000000000e+00 1.100000000000000000e+01 0.000000000000000000e+00 1.600000000000000089e+00 1.776300000000000101e-02 -1.244989999999999986e-01 -9.920609999999999706e-01 1.298169999999999880e-01 9.841060000000000363e-01 -1.211760000000000059e-01 9.913790000000000102e-01 -1.266339999999999966e-01 3.364299999999999929e-02
1.800000000000000000e+01 3.100000000000000000e+01 1.200000000000000000e+01 0.000000000000000000e+00 1.600000000000000089e+00 -5.132000000000000277e-03 -2.469500000000000167e-02 9.996819999999999595e-01 -1.611500000000000085e-02 9.995669999999999833e-01 2.460999999999999993e-02 -9.998569999999999958e-01 -1.598400000000000168e-02 -5.527999999999999928e-03
2.300000000000000000e+01 3.100000000000000000e+01 1.200000000000000000e+01 0.000000000000000000e+00 1.600000000000000089e+00 -3.800000000000000209e-04 -1.823899999999999827e-02 9.998340000000000005e-01 -2.587000000000000063e-02 9.994990000000000263e-01 1.822400000000000062e-02 -9.996650000000000258e-01 -2.585900000000000004e-02 -8.520000000000000013e-04
2.900000000000000000e+01 3.100000000000000000e+01 1.200000000000000000e+01 0.000000000000000000e+00 1.600000000000000089e+00 9.120000000000000502e-04 7.545999999999999756e-03 9.999710000000000543e-01 -2.350299999999999959e-02 9.996950000000000003e-01 -7.522000000000000040e-03 -9.997230000000000283e-01 -2.349599999999999952e-02 1.088999999999999907e-03
1.700000000000000000e+01 3.500000000000000000e+01 1.200000000000000000e+01 0.000000000000000000e+00 1.600000000000000089e+00 -1.126399999999999971e-02 1.445500000000000083e-02 -9.998320000000000540e-01 5.002520000000000300e-01 -8.656890000000000418e-01 -1.815100000000000047e-02 -8.658059999999999645e-01 -5.003729999999999567e-01 2.520999999999999804e-03
2.000000000000000000e+00 8.400000000000000000e+01 1.200000000000000000e+01 0.000000000000000000e+00 1.600000000000000089e+00 -6.667269999999999586e-01 -7.343920000000000448e-01 -1.270540000000000003e-01 -7.428529999999999855e-01 6.410010000000000430e-01 1.930999999999999939e-01 -6.037000000000000005e-02 2.231279999999999930e-01 -9.729179999999999495e-01
7.000000000000000000e+00 9.600000000000000000e+01 1.200000000000000000e+01 0.000000000000000000e+00 1.600000000000000089e+00 -1.165700000000000069e-02 8.355069999999999997e-01 -5.493559999999999555e-01 -9.145320000000000116e-01 2.132509999999999961e-01 3.437359999999999860e-01 4.043450000000000100e-01 5.064100000000000268e-01 7.616129999999999844e-01
4.000000000000000000e+00 1.160000000000000000e+02 1.600000000000000000e+01 0.000000000000000000e+00 1.600000000000000089e+00 -8.923999999999999641e-03 -9.145000000000000351e-03 9.999179999999999735e-01 7.625150000000000539e-01 6.468450000000000033e-01 1.272099999999999967e-02 -6.469089999999999563e-01 7.625669999999999948e-01 1.201000000000000028e-03
3.000000000000000000e+00 8.300000000000000000e+01 1.700000000000000000e+01 0.000000000000000000e+00 1.600000000000000089e+00 -7.895510000000000028e-01 -5.969849999999999879e-01 -1.421930000000000138e-01 -6.136449999999999960e-01 7.706739999999999702e-01 1.717589999999999950e-01 7.047000000000000312e-03 2.228680000000000105e-01 -9.748229999999999951e-01
3.000000000000000000e+00 2.000000000000000000e+00 1.900000000000000000e+01 0.000000000000000000e+00 1.600000000000000089e+00 1.322000000000000041e-03 3.350000000000000113e-03 -9.999940000000000495e-01 1.520529999999999937e-01 -9.883669999999999956e-01 -3.109999999999999917e-03 -9.883709999999999996e-01 -1.520479999999999887e-01 -1.815999999999999906e-03
6.000000000000000000e+00 2.000000000000000000e+00 1.900000000000000000e+01 0.000000000000000000e+00 1.600000000000000089e+00 2.356000000000000021e-03 -7.479999999999999670e-04 -9.999970000000000248e-01 1.568650000000000044e-01 -9.876190000000000246e-01 1.108000000000000044e-03 -9.876169999999999671e-01 -1.568670000000000064e-01 -2.209000000000000026e-03
1.200000000000000000e+01 2.000000000000000000e+00 1.900000000000000000e+01 0.000000000000000000e+00 1.600000000000000089e+00 4.295000000000000207e-03 -2.679099999999999884e-02 -9.996319999999999650e-01 1.531510000000000093e-01 -9.878299999999999859e-01 2.713300000000000087e-02 -9.881929999999999881e-01 -1.532110000000000138e-01 -1.399999999999999877e-04
1.000000000000000000e+00 8.600000000000000000e+01 1.900000000000000000e+01 0.000000000000000000e+00 1.600000000000000089e+00 -8.894360000000000044e-01 -4.142140000000000266e-01 -1.932099999999999929e-01 -4.417479999999999740e-01 8.875549999999999828e-01 1.307820000000000094e-01 1.173119999999999996e-01 2.016719999999999902e-01 -9.724019999999999886e-01
1.700000000000000000e+01 4.000000000000000000e+00 2.000000000000000000e+01 0.000000000000000000e+00 1.600000000000000089e+00 1.486200000000000021e-02 -3.579000000000000150e-03 -9.998829999999999663e-01 2.063760000000000039e-01 -9.784509999999999597e-01 6.570000000000000319e-03 -9.783600000000000074e-01 -2.064489999999999936e-01 -1.380299999999999930e-02
2.500000000000000000e+01 4.000000000000000000e+00 2.000000000000000000e+01 0.000000000000000000e+00 1.600000000000000089e+00 -1.294000000000000011e-02 3.742100000000000287e-02 -9.992159999999999931e-01 2.451379999999999948e-01 -9.686850000000000183e-01 -3.945300000000000196e-02 -9.694019999999999859e-01 -2.454560000000000075e-01 3.361999999999999971e-03
8.000000000000000000e+00 1.300000000000000000e+01 2.000000000000000000e+01 0.000000000000000000e+00 1.600000000000000089e+00 5.000000000000000104e-03 7.220999999999999988e-03 9.999609999999999888e-01 2.478160000000000085e-01 9.687719999999999665e-01 -8.234999999999999265e-03 -9.687940000000000440e-01 2.478480000000000127e-01 3.053999999999999857e-03
1.300000000000000000e+01 1.300000000000000000e+01 2.000000000000000000e+01 0.000000000000000000e+00 1.600000000000000089e+00 -1.268999999999999946e-03 -6.419999999999999925e-04 9.999989999999999712e-01 2.459989999999999954e-01 9.692699999999999649e-01 9.349999999999999587e-04 -9.692690000000000472e-01 2.459999999999999964e-01 -1.072000000000000036e-03
1.700000000000000000e+01 1.300000000000000000e+01 2.000000000000000000e+01 0.000000000000000000e+00 1.600000000000000089e+00 -2.348999999999999960e-03 -3.911000000000000414e-03 9.999900000000000455e-01 2.468289999999999929e-01 9.690490000000000492e-01 4.369999999999999753e-03 -9.690560000000000285e-01 2.468370000000000009e-01 -1.311000000000000099e-03
2.300000000000000000e+01 1.300000000000000000e+01 2.000000000000000000e+01 0.000000000000000000e+00 1.600000000000000089e+00 -9.221999999999999295e-03 -2.299899999999999861e-02 9.996930000000000538e-01 2.559899999999999953e-01 9.663659999999999473e-01 2.459300000000000028e-02 -9.666350000000000220e-01 2.561379999999999768e-01 -3.024999999999999911e-03
2.600000000000000000e+01 1.300000000000000000e+01 2.000000000000000000e+01 0.000000000000000000e+00 1.600000000000000089e+00 -2.721300000000000108e-02 -5.485000000000000292e-02 9.981240000000000112e-01 2.772049999999999792e-01 9.589199999999999946e-01 6.025400000000000200e-02 -9.604249999999999732e-01 2.783249999999999891e-01 -1.089000000000000037e-02
2.700000000000000000e+01 1.400000000000000000e+01 2.000000000000000000e+01 0.000000000000000000e+00 1.600000000000000089e+00 -2.774799999999999836e-02 -6.356499999999999651e-02 9.975920000000000343e-01 2.596870000000000012e-01 9.632530000000000259e-01 6.859999999999999432e-02 -9.652939999999999854e-01 2.609650000000000025e-01 -1.022099999999999918e-02
2.000000000000000000e+00 1.600000000000000000e+01 2.100000000000000000e+01 0.000000000000000000e+00 1.600000000000000089e+00 -5.029999999999999749e-04 -3.985999999999999960e-03 9.999919999999999920e-01 2.991789999999999727e-01 9.541889999999999539e-01 3.954000000000000049e-03 -9.541969999999999619e-01 2.991779999999999995e-01 7.119999999999999593e-04
6.000000000000000000e+00 1.600000000000000000e+01 2.100000000000000000e+01 0.000000000000000000e+00 1.600000000000000089e+00 5.037999999999999944e-03 6.388999999999999714e-03 9.999670000000000503e-01 2.981509999999999994e-01 9.544890000000000319e-01 -7.601000000000000117e-03 -9.545059999999999656e-01 2.981790000000000274e-01 2.903999999999999897e-03
2.300000000000000000e+01 1.600000000000000000e+01 2.100000000000000000e+01 0.000000000000000000e+00 1.600000000000000089e+00 -4.337999999999999842e-03 -1.286200000000000017e-02 9.999080000000000190e-01 3.003819999999999824e-01 9.537219999999999587e-01 1.357099999999999973e-02 -9.538090000000000179e-01 3.004140000000000144e-01 -2.730000000000000222e-04
2.800000000000000000e+01 1.600000000000000000e+01 2.100000000000000000e+01 0.000000000000000000e+00 1.600000000000000089e+00 -1.998799999999999882e-02 -6.717800000000000160e-02 9.975410000000000110e-01 3.208239999999999981e-01 9.445459999999999967e-01 7.003800000000000303e-02 -9.469279999999999919e-01 3.214350000000000263e-01 2.673000000000000029e-03
1.100000000000000000e+01 4.600000000000000000e+01 2.700000000000000000e+01 0.000000000000000000e+00 1.600000000000000089e+00 1.127099999999999977e-02 1.722800000000000026e-02 -9.997880000000000100e-01 6.349690000000000056e-01 7.722670000000000368e-01 2.046600000000000155e-02 7.724560000000000315e-01 -6.350649999999999906e-01 -2.235000000000000007e-03
1.700000000000000000e+01 4.600000000000000000e+01 2.700000000000000000e+01 0.000000000000000000e+00 1.600000000000000089e+00 -2.089999999999999844e-03 -9.459999999999999659e-03 -9.999529999999999808e-01 6.784259999999999735e-01 7.346209999999999685e-01 -8.368000000000000438e-03 7.346660000000000412e-01 -6.784120000000000150e-01 4.882000000000000055e-03
2.000000000000000000e+01 4.600000000000000000e+01 3.000000000000000000e+01 0.000000000000000000e+00 1.600000000000000089e+00 -2.469999999999999865e-04 -4.484000000000000138e-03 -9.999900000000000455e-01 3.250020000000000131e-01 9.457039999999999891e-01 -4.321000000000000188e-03 9.457130000000000258e-01 -3.249989999999999823e-01 1.224000000000000045e-03
6.000000000000000000e+00 9.000000000000000000e+01 3.000000000000000000e+01 0.000000000000000000e+00 1.600000000000000089e+00 -9.292859999999999454e-01 3.249369999999999759e-01 -1.756230000000000013e-01 2.583460000000000201e-01 9.116260000000000474e-01 3.196809999999999929e-01 2.639790000000000192e-01 2.517039999999999833e-01 -9.311070000000000180e-01
1.700000000000000000e+01 5.800000000000000000e+01 3.100000000000000000e+01 0.000000000000000000e+00 1.600000000000000089e+00 -1.305899999999999943e-02 9.974900000000000433e-02 9.949270000000000058e-01 -7.675149999999999473e-01 -6.387549999999999617e-01 5.396600000000000008e-02 6.408979999999999677e-01 -7.629169999999999563e-01 8.490100000000000424e-02
2.500000000000000000e+01 5.800000000000000000e+01 3.100000000000000000e+01 0.000000000000000000e+00 1.600000000000000089e+00 -9.920000000000000432e-04 -4.708000000000000379e-03 9.999879999999999880e-01 -7.745210000000000150e-01 -6.325370000000000159e-01 -3.746000000000000198e-03 6.325479999999999992e-01 -7.745159999999999823e-01 -3.020000000000000115e-03
3.000000000000000000e+00 5.200000000000000000e+01 3.200000000000000000e+01 0.000000000000000000e+00 1.600000000000000089e+00 5.154399999999999954e-02 4.215010000000000145e-01 -9.053620000000000001e-01 5.157549999999999635e-01 -7.875490000000000546e-01 -3.372890000000000055e-01 -8.551840000000000552e-01 -4.495600000000000152e-01 -2.579839999999999911e-01
1.400000000000000000e+01 5.600000000000000000e+01 3.300000000000000000e+01 0.000000000000000000e+00 1.600000000000000089e+00 1.294170000000000043e-01 1.750289999999999901e-01 -9.760199999999999987e-01 2.829329999999999901e-01 -9.498980000000000201e-01 -1.328290000000000026e-01 -9.503690000000000193e-01 -2.589580000000000215e-01 -1.724539999999999962e-01
2.700000000000000000e+01 2.200000000000000000e+01 3.400000000000000000e+01 0.000000000000000000e+00 1.600000000000000089e+00 -5.148999999999999931e-03 9.520000000000000467e-04 9.999860000000000415e-01 3.652139999999999831e-01 -9.309199999999999697e-01 2.765999999999999796e-03 9.309089999999999865e-01 3.652230000000000198e-01 4.446000000000000299e-03
1.200000000000000000e+01 4.600000000000000000e+01 3.500000000000000000e+01 0.000000000000000000e+00 1.600000000000000089e+00 1.273400000000000053e-02 8.002700000000000091e-02 -9.967110000000000136e-01 3.803420000000000134e-01 -9.222540000000000182e-01 -6.919000000000000150e-02 -9.247579999999999689e-01 -3.782099999999999906e-01 -4.218100000000000321e-02
1.800000000000000000e+01 4.600000000000000000e+01 3.500000000000000000e+01 0.000000000000000000e+00 1.600000000000000089e+00 7.169999999999999724e-04 8.333999999999999395e-03 -9.999649999999999928e-01 3.902680000000000038e-01 -9.206720000000000459e-01 -7.393000000000000266e-03 -9.207009999999999916e-01 -3.902490000000000125e-01 -3.912999999999999812e-03
2.300000000000000000e+01 4.600000000000000000e+01 3.500000000000000000e+01 0.000000000000000000e+00 1.600000000000000089e+00 -1.939999999999999993e-04 7.827000000000000624e-03 -9.999689999999999968e-01 3.916859999999999786e-01 -9.200700000000000545e-01 -7.276999999999999615e-03 -9.200990000000000002e-01 -3.916760000000000241e-01 -2.886999999999999809e-03
6.000000000000000000e+00 7.900000000000000000e+01 3.500000000000000000e+01 0.000000000000000000e+00 1.600000000000000089e+00 -9.403019999999999712e-01 -3.363380000000000258e-01 -5.203900000000000192e-02 -3.402310000000000056e-01 9.250699999999999479e-01 1.687829999999999886e-01 -8.628000000000000252e-03 1.764120000000000132e-01 -9.842790000000000150e-01
7.000000000000000000e+00 8.900000000000000000e+01 3.500000000000000000e+01 0.000000000000000000e+00 1.600000000000000089e+00 -6.052910000000000235e-01 7.676089999999999858e-01 -2.107110000000000094e-01 7.199569999999999581e-01 6.408470000000000555e-01 2.664139999999999842e-01 3.395349999999999757e-01 9.554999999999999258e-03 -9.405449999999999644e-01
1.300000000000000000e+01 7.400000000000000000e+01 3.600000000000000000e+01 0.000000000000000000e+00 1.600000000000000089e+00 -4.300760000000000138e-01 8.560649999999999649e-01 2.866850000000000231e-01 -8.944330000000000336e-01 -3.609240000000000226e-01 -2.640509999999999802e-01 -1.225730000000000014e-01 -3.699830000000000063e-01 9.209169999999999856e-01
7.000000000000000000e+00 7.800000000000000000e+01 3.600000000000000000e+01 0.000000000000000000e+00 1.600000000000000089e+00 -7.866459999999999564e-01 -6.134380000000000388e-01 -6.987000000000000155e-02 -6.157219999999999915e-01 7.711149999999999949e-01 1.620749999999999968e-01 -4.554500000000000215e-02 1.705160000000000009e-01 -9.843020000000000103e-01
6.000000000000000000e+00 3.000000000000000000e+00 4.300000000000000000e+01 0.000000000000000000e+00 1.600000000000000089e+00 3.158000000000000217e-03 -9.051999999999999283e-03 -9.999540000000000095e-01 7.367979999999999530e-01 -6.760599999999999943e-01 8.446999999999999648e-03 -6.761049999999999560e-01 -7.367909999999999737e-01 4.534999999999999969e-03
1.900000000000000000e+01 6.700000000000000000e+01 4.300000000000000000e+01 0.000000000000000000e+00 1.600000000000000089e+00 -3.020000000000000223e-04 2.408799999999999830e-02 -9.997099999999999875e-01 -4.521870000000000056e-01 8.916610000000000369e-01 2.162100000000000133e-02 8.919230000000000214e-01 4.520620000000000194e-01 1.062300000000000050e-02
2.000000000000000000e+00 2.900000000000000000e+01 4.400000000000000000e+01 0.000000000000000000e+00 1.600000000000000089e+00 1.327000000000000055e-03 -1.399000000000000070e-03 -9.999980000000000535e-01 6.570850000000000302e-01 7.538160000000000416e-01 -1.830000000000000029e-04 7.538150000000000128e-01 -6.570840000000000014e-01 1.920000000000000049e-03
1.300000000000000000e+01 2.900000000000000000e+01 4.400000000000000000e+01 0.000000000000000000e+00 1.600000000000000089e+00 -1.683999999999999950e-03 4.146999999999999645e-03 -9.999900000000000455e-01 6.575969999999999871e-01 7.533670000000000089e-01 2.017000000000000130e-03 7.533680000000000376e-01 -6.575870000000000326e-01 -3.995000000000000287e-03
1.600000000000000000e+01 2.900000000000000000e+01 4.400000000000000000e+01 0.000000000000000000e+00 1.600000000000000089e+00 -1.812999999999999941e-03 4.789999999999999987e-03 -9.999869999999999592e-01 6.602209999999999468e-01 7.510679999999999579e-01 2.400999999999999922e-03 7.510689999999999866e-01 -6.602080000000000171e-01 -4.524000000000000243e-03
2.200000000000000000e+01 2.900000000000000000e+01 4.400000000000000000e+01 0.000000000000000000e+00 1.600000000000000089e+00 -6.329999999999999906e-04 -1.415000000000000025e-03 -9.999989999999999712e-01 6.610709999999999642e-01 7.503210000000000157e-01 -1.479999999999999979e-03 7.503229999999999622e-01 -6.610719999999999930e-01 4.600000000000000139e-04
2.500000000000000000e+01 2.900000000000000000e+01 4.400000000000000000e+01 0.000000000000000000e+00 1.600000000000000089e+00 -1.052999999999999900e-03 -3.086999999999999900e-03 -9.999949999999999672e-01 6.613999999999999879e-01 7.500269999999999992e-01 -3.011999999999999920e-03 7.500329999999999497e-01 -6.613999999999999879e-01 1.252000000000000075e-03
1.700000000000000000e+01 6.900000000000000000e+01 4.700000000000000000e+01 0.000000000000000000e+00 1.600000000000000089e+00 -9.622400000000000397e-02 -1.784070000000000100e-01 -9.792399999999999993e-01 -9.918169999999999487e-01 -6.574299999999999589e-02 1.094370000000000065e-01 -8.390200000000000435e-02 9.817580000000000195e-01 -1.706209999999999949e-01
6.000000000000000000e+00 5.900000000000000000e+01 4.800000000000000000e+01 0.000000000000000000e+00 1.600000000000000089e+00 4.841269999999999740e-01 3.329770000000000230e-01 -8.091650000000000231e-01 -8.353490000000000082e-01 4.511040000000000050e-01 -3.141599999999999948e-01 2.604090000000000016e-01 8.280290000000000150e-01 4.965439999999999854e-01
2.000000000000000000e+01 6.800000000000000000e+01 4.800000000000000000e+01 0.000000000000000000e+00 1.600000000000000089e+00 -2.905299999999999896e-02 -1.578019999999999978e-01 -9.870430000000000037e-01 -9.688909999999999467e-01 -2.383510000000000073e-01 6.662400000000000266e-02 -2.457759999999999945e-01 9.582730000000000414e-01 -1.459679999999999866e-01
2.400000000000000000e+01 6.100000000000000000e+01 4.900000000000000000e+01 0.000000000000000000e+00 1.600000000000000089e+00 -1.214499999999999955e-02 -3.600000000000000227e-04 9.999259999999999815e-01 -6.426209999999999978e-01 7.661470000000000224e-01 -7.529000000000000102e-03 -7.660879999999999912e-01 -6.426650000000000418e-01 -9.537000000000000338e-03
2.500000000000000000e+01 7.100000000000000000e+01 4.900000000000000000e+01 0.000000000000000000e+00 1.600000000000000089e+00 -4.316189999999999749e-01 8.632469999999999866e-01 2.617430000000000034e-01 -8.918500000000000316e-01 -3.648520000000000096e-01 -2.673719999999999986e-01 -1.353100000000000136e-01 -3.488379999999999814e-01 9.273639999999999661e-01
6.000000000000000000e+00 7.400000000000000000e+01 4.900000000000000000e+01 0.000000000000000000e+00 1.600000000000000089e+00 4.304899999999999699e-02 5.849689999999999612e-01 8.099119999999999653e-01 -9.657799999999999718e-01 2.318969999999999920e-01 -1.161569999999999964e-01 -2.557650000000000201e-01 -7.771970000000000267e-01 5.749339999999999451e-01
8.000000000000000000e+00 5.000000000000000000e+00 5.100000000000000000e+01 0.000000000000000000e+00 1.600000000000000089e+00 2.309999999999999987e-03 1.399999999999999979e-05 -9.999970000000000248e-01 4.846440000000000192e-01 -8.747110000000000163e-01 1.106999999999999911e-03 -8.747080000000000410e-01 -4.846449999999999925e-01 -2.027000000000000156e-03
1.700000000000000000e+01 5.000000000000000000e+00 5.100000000000000000e+01 0.000000000000000000e+00 1.600000000000000089e+00 -1.108000000000000044e-03 -2.759999999999999867e-04 -9.999989999999999712e-01 4.829229999999999912e-01 -8.756629999999999692e-01 -2.930000000000000204e-04 -8.756620000000000514e-01 -4.829229999999999912e-01 1.103000000000000031e-03
2.100000000000000000e+01 5.000000000000000000e+00 5.100000000000000000e+01 0.000000000000000000e+00 1.600000000000000089e+00 -4.581000000000000003e-03 -2.602000000000000146e-03 -9.999860000000000415e-01 4.865010000000000168e-01 -8.736800000000000122e-01 4.500000000000000283e-05 -8.736680000000000001e-01 -4.864939999999999820e-01 5.268000000000000113e-03
7.000000000000000000e+00 6.400000000000000000e+01 5.100000000000000000e+01 0.000000000000000000e+00 1.600000000000000089e+00 1.270340000000000080e-01 -3.704210000000000003e-01 -9.201359999999999539e-01 5.310570000000000013e-01 8.088959999999999484e-01 -2.523210000000000175e-01 8.377590000000000314e-01 -4.565919999999999979e-01 2.994720000000000160e-01
1.300000000000000000e+01 1.150000000000000000e+02 5.100000000000000000e+01 0.000000000000000000e+00 1.600000000000000089e+00 -1.016599999999999969e-02 7.884999999999999648e-03 9.999169999999999447e-01 8.509799999999999587e-01 -5.250430000000000375e-01 1.279199999999999955e-02 5.251000000000000112e-01 8.510389999999999899e-01 -1.373000000000000088e-03
4.000000000000000000e+00 8.000000000000000000e+01 5.200000000000000000e+01 0.000000000000000000e+00 1.600000000000000089e+00 6.706199999999999661e-02 -2.020250000000000101e-01 9.770820000000000061e-01 1.053459999999999952e-01 9.752459999999999463e-01 1.944150000000000045e-01 -9.921720000000000539e-01 8.989300000000000068e-02 8.668399999999999717e-02
2.300000000000000000e+01 6.300000000000000000e+01 5.400000000000000000e+01 0.000000000000000000e+00 1.600000000000000089e+00 1.066199999999999960e-02 3.571900000000000075e-02 9.993049999999999988e-01 -1.843319999999999959e-01 9.823049999999999837e-01 -3.314399999999999985e-02 -9.828059999999999574e-01 -1.838500000000000134e-01 1.705800000000000025e-02
2.500000000000000000e+01 6.300000000000000000e+01 5.400000000000000000e+01 0.000000000000000000e+00 1.600000000000000089e+00 6.362999999999999733e-03 3.955199999999999688e-02 9.991970000000000018e-01 -1.991900000000000059e-01 9.792429999999999746e-01 -3.749399999999999955e-02 -9.799400000000000333e-01 -1.987919999999999965e-01 1.410900000000000001e-02
1.800000000000000000e+01 7.100000000000000000e+01 5.400000000000000000e+01 0.000000000000000000e+00 1.600000000000000089e+00 -2.283030000000000059e-01 6.248070000000000013e-01 7.466549999999999576e-01 -9.621760000000000312e-01 -2.770600000000000146e-02 -2.710170000000000079e-01 -1.486470000000000014e-01 -7.802869999999999528e-01 6.075000000000000400e-01
2.500000000000000000e+01 7.500000000000000000e+01 5.400000000000000000e+01 0.000000000000000000e+00 1.600000000000000089e+00 -5.186110000000000442e-01 -1.494409999999999905e-01 8.418489999999999585e-01 -8.377580000000000027e-01 -1.079819999999999947e-01 -5.352590000000000403e-01 1.708939999999999904e-01 -9.828569999999999807e-01 -6.919400000000000550e-02
1.000000000000000000e+00 2.500000000000000000e+01 5.500000000000000000e+01 0.000000000000000000e+00 1.600000000000000089e+00 5.749999999999999903e-04 2.161999999999999859e-03 -9.999970000000000248e-01 -1.055299999999999988e-02 -9.999419999999999975e-01 -2.167999999999999788e-03 -9.999440000000000550e-01 1.055399999999999915e-02 -5.519999999999999733e-04
6.000000000000000000e+00 2.500000000000000000e+01 5.500000000000000000e+01 0.000000000000000000e+00 1.600000000000000089e+00 -1.144999999999999967e-03 4.252999999999999836e-03 -9.999900000000000455e-01 -8.645999999999999172e-03 -9.999540000000000095e-01 -4.243000000000000244e-03 -9.999620000000000175e-01 8.640999999999999376e-03 1.182000000000000108e-03
1.000000000000000000e+01 2.500000000000000000e+01 5.500000000000000000e+01 0.000000000000000000e+00 1.600000000000000089e+00 -8.239999999999999712e-04 2.347999999999999827e-03 -9.999970000000000248e-01 -7.668999999999999602e-03 -9.999679999999999680e-01 -2.341999999999999898e-03 -9.999700000000000255e-01 7.667000000000000204e-03 8.419999999999999750e-04
1.400000000000000000e+01 2.500000000000000000e+01 5.500000000000000000e+01 0.000000000000000000e+00 1.600000000000000089e+00 1.769999999999999926e-04 8.790000000000000070e-04 -1.000000000000000000e+00 -7.389999999999999868e-03 -9.999719999999999720e-01 -8.800000000000000313e-04 -9.999730000000000008e-01 7.389999999999999868e-03 -1.700000000000000122e-04
1.600000000000000000e+01 2.500000000000000000e+01 5.500000000000000000e+01 0.000000000000000000e+00 1.600000000000000089e+00 6.980000000000000527e-04 -3.049999999999999868e-04 -1.000000000000000000e+00 -7.131000000000000186e-03 -9.999749999999999472e-01 2.999999999999999737e-04 -9.999740000000000295e-01 7.131000000000000186e-03 -7.010000000000000172e-04
2.000000000000000000e+01 2.500000000000000000e+01 5.500000000000000000e+01 0.000000000000000000e+00 1.600000000000000089e+00 1.800000000000000046e-05 -4.054999999999999577e-03 -9.999919999999999920e-01 -8.118000000000000216e-03 -9.999590000000000423e-01 4.054999999999999577e-03 -9.999670000000000503e-01 8.118000000000000216e-03 -5.099999999999999960e-05
2.800000000000000000e+01 2.500000000000000000e+01 5.500000000000000000e+01 0.000000000000000000e+00 1.600000000000000089e+00 1.111999999999999924e-03 4.029999999999999837e-04 -9.999989999999999712e-01 -1.295199999999999997e-02 -9.999160000000000270e-01 -4.180000000000000230e-04 -9.999149999999999983e-01 1.295299999999999924e-02 -1.106999999999999911e-03
6.000000000000000000e+00 5.800000000000000000e+01 5.500000000000000000e+01 0.000000000000000000e+00 1.600000000000000089e+00 -8.607800000000000173e-02 -3.025559999999999916e-01 9.492369999999999974e-01 -1.598100000000000076e-01 9.446290000000000520e-01 2.865949999999999886e-01 -9.833880000000000399e-01 -1.270280000000000020e-01 -1.296630000000000005e-01
1.800000000000000000e+01 8.500000000000000000e+01 5.500000000000000000e+01 0.000000000000000000e+00 1.600000000000000089e+00 8.204999999999999793e-02 -3.963329999999999909e-01 -9.144330000000000513e-01 8.177440000000000264e-01 -4.977139999999999898e-01 2.890929999999999889e-01 -5.697029999999999594e-01 -7.714929999999999843e-01 2.832609999999999850e-01
1.600000000000000000e+01 6.600000000000000000e+01 5.700000000000000000e+01 0.000000000000000000e+00 1.600000000000000089e+00 -8.456999999999999240e-03 5.154940000000000078e-01 8.568519999999999470e-01 -2.198680000000000079e-01 8.349539999999999740e-01 -5.044899999999999940e-01 -9.754930000000000545e-01 -1.926609999999999989e-01 1.062789999999999985e-01
4.000000000000000000e+00 5.800000000000000000e+01 5.900000000000000000e+01 0.000000000000000000e+00 1.600000000000000089e+00 -6.524499999999999744e-02 -1.709610000000000019e-01 -9.831149999999999611e-01 2.008709999999999940e-01 9.627970000000000139e-01 -1.807580000000000020e-01 9.774429999999999508e-01 -2.092729999999999868e-01 -2.847600000000000131e-02
3.000000000000000000e+00 2.100000000000000000e+01 6.000000000000000000e+01 0.000000000000000000e+00 1.600000000000000089e+00 3.067999999999999981e-03 -2.128000000000000117e-03 9.999930000000000208e-01 -9.420299999999999507e-02 9.955500000000000460e-01 2.407999999999999984e-03 -9.955479999999999885e-01 -9.421000000000000207e-02 2.854000000000000200e-03
1.100000000000000000e+01 2.100000000000000000e+01 6.000000000000000000e+01 0.000000000000000000e+00 1.600000000000000089e+00 -2.475000000000000203e-03 -5.433999999999999594e-03 9.999820000000000375e-01 -9.717599999999999849e-02 9.952539999999999720e-01 5.167999999999999851e-03 -9.952640000000000375e-01 -9.716199999999999837e-02 -2.991000000000000169e-03
1.600000000000000000e+01 2.100000000000000000e+01 6.000000000000000000e+01 0.000000000000000000e+00 1.600000000000000089e+00 -8.819999999999999715e-04 -3.969999999999999571e-03 9.999919999999999920e-01 -9.703599999999999726e-02 9.952729999999999633e-01 3.866000000000000079e-03 -9.952800000000000535e-01 -9.703199999999999326e-02 -1.263000000000000017e-03
2.500000000000000000e+01 2.100000000000000000e+01 6.000000000000000000e+01 0.000000000000000000e+00 1.600000000000000089e+00 3.030999999999999840e-03 -1.992999999999999980e-03 9.999930000000000208e-01 -9.451900000000000579e-02 9.955199999999999605e-01 2.271000000000000015e-03 -9.955180000000000140e-01 -9.452499999999999791e-02 2.828999999999999918e-03
1.600000000000000000e+01 6.800000000000000000e+01 6.000000000000000000e+01 0.000000000000000000e+00 1.600000000000000089e+00 1.368510000000000004e-01 -3.558049999999999824e-01 9.244860000000000300e-01 4.684840000000000115e-01 -7.990530000000000133e-01 -3.768790000000000195e-01 8.728080000000000283e-01 4.846829999999999750e-01 5.733800000000000008e-02
2.000000000000000000e+00 6.000000000000000000e+00 6.100000000000000000e+01 0.000000000000000000e+00 1.600000000000000089e+00 -2.448000000000000089e-03 -4.538999999999999632e-03 9.999869999999999592e-01 5.690260000000000318e-01 -8.223160000000000469e-01 -2.340000000000000066e-03 8.223160000000000469e-01 5.690129999999999910e-01 4.596000000000000259e-03
1.700000000000000000e+01 3.000000000000000000e+00 6.300000000000000000e+01 0.000000000000000000e+00 1.600000000000000089e+00 1.121999999999999950e-03 1.949999999999999965e-04 9.999989999999999712e-01 -6.142940000000000067e-01 7.890770000000000284e-01 5.349999999999999938e-04 -7.890759999999999996e-01 -6.142940000000000067e-01 1.005000000000000034e-03
2.000000000000000000e+00 2.700000000000000000e+01 6.300000000000000000e+01 0.000000000000000000e+00 1.600000000000000089e+00 2.134000000000000046e-03 6.859999999999999779e-04 9.999970000000000248e-01 -2.670669999999999988e-01 9.636780000000000346e-01 -9.200000000000000007e-05 -9.636749999999999483e-01 -2.670660000000000256e-01 2.239999999999999804e-03
1.300000000000000000e+01 2.700000000000000000e+01 6.300000000000000000e+01 0.000000000000000000e+00 1.600000000000000089e+00 -2.785000000000000149e-03 -2.559000000000000077e-03 9.999930000000000208e-01 -2.690009999999999901e-01 9.631380000000000496e-01 1.716000000000000077e-03 -9.631359999999999921e-01 -2.689940000000000109e-01 -3.370999999999999865e-03
1.700000000000000000e+01 2.700000000000000000e+01 6.300000000000000000e+01 0.000000000000000000e+00 1.600000000000000089e+00 -1.139000000000000038e-03 -3.520000000000000125e-03 9.999930000000000208e-01 -2.702060000000000017e-01 9.627980000000000427e-01 3.082000000000000104e-03 -9.628020000000000467e-01 -2.701999999999999957e-01 -2.047999999999999907e-03
2.100000000000000000e+01 2.700000000000000000e+01 6.300000000000000000e+01 0.000000000000000000e+00 1.600000000000000089e+00 8.399999999999999535e-05 5.829999999999999679e-04 1.000000000000000000e+00 -2.688679999999999959e-01 9.631769999999999499e-01 -5.389999999999999826e-04 -9.631769999999999499e-01 -2.688679999999999959e-01 2.380000000000000117e-04
