2.000000000000000000e+00 1.500000000000000000e+01 4.000000000000000000e+00 0.000000000000000000e+00 1.600000000000000089e+00 4.820000000000000066e-04 -1.299999999999999940e-02 9.999149999999999983e-01 3.007409999999999806e-01 -9.536229999999999984e-01 -1.254300000000000033e-02 9.537060000000000537e-01 3.007210000000000161e-01 3.449999999999999942e-03
7.000000000000000000e+00 1.500000000000000000e+01 4.000000000000000000e+00 0.000000000000000000e+00 1.600000000000000089e+00 -1.425000000000000051e-03 -1.651599999999999943e-02 9.998629999999999463e-01 2.914700000000000069e-01 -9.564559999999999729e-01 -1.538400000000000011e-02 9.565789999999999571e-01 2.914080000000000004e-01 6.176000000000000066e-03
1.100000000000000000e+01 1.500000000000000000e+01 4.000000000000000000e+00 0.000000000000000000e+00 1.600000000000000089e+00 -2.246999999999999865e-03 -1.603399999999999964e-02 9.998690000000000078e-01 2.817219999999999724e-01 -9.593829999999999858e-01 -1.475100000000000022e-02 9.594930000000000403e-01 2.816520000000000135e-01 6.673000000000000112e-03
2.000000000000000000e+01 1.500000000000000000e+01 4.000000000000000000e+00 0.000000000000000000e+00 1.600000000000000089e+00 2.410999999999999949e-03 1.015999999999999976e-03 9.999970000000000248e-01 2.815739999999999910e-01 -9.595390000000000308e-01 2.959999999999999849e-04 9.595359999999999445e-01 2.815719999999999890e-01 -2.599000000000000182e-03
2.400000000000000000e+01 1.500000000000000000e+01 4.000000000000000000e+00 0.000000000000000000e+00 1.600000000000000089e+00 -9.449999999999999850e-04 2.907999999999999995e-03 9.999949999999999672e-01 2.914260000000000184e-01 -9.565890000000000226e-01 3.056999999999999822e-03 9.565930000000000266e-01 2.914269999999999916e-01 5.700000000000000314e-05
7.000000000000000000e+00 1.010000000000000000e+02 7.000000000000000000e+00 0.000000000000000000e+00 1.600000000000000089e+00 1.410999999999999928e-03 1.855100000000000152e-02 9.998270000000000213e-01 8.855899999999999883e-01 4.643630000000000257e-01 -9.865999999999999770e-03 -4.644659999999999900e-01 8.854509999999999881e-01 -1.577299999999999883e-02
2.000000000000000000e+01 1.010000000000000000e+02 7.000000000000000000e+00 0.000000000000000000e+00 1.600000000000000089e+00 -9.610000000000000486e-04 -6.768999999999999843e-03 9.999770000000000048e-01 8.856469999999999620e-01 4.643419999999999770e-01 3.994000000000000154e-03 -4.643579999999999930e-01 8.856300000000000283e-01 5.549000000000000113e-03
2.400000000000000000e+01 1.010000000000000000e+02 7.000000000000000000e+00 0.000000000000000000e+00 1.600000000000000089e+00 2.033999999999999784e-03 1.451000000000000033e-03 9.999970000000000248e-01 8.849409999999999776e-01 4.656959999999999988e-01 -2.475000000000000203e-03 -4.656980000000000008e-01 8.849430000000000351e-01 -3.370000000000000057e-04
9.000000000000000000e+00 1.500000000000000000e+01 8.000000000000000000e+00 0.000000000000000000e+00 1.600000000000000089e+00 -2.098000000000000038e-03 -1.167200000000000008e-02 -9.999299999999999855e-01 -5.875609999999999999e-01 -8.091089999999999671e-01 1.067799999999999999e-02 -8.091770000000000351e-01 5.875420000000000087e-01 -5.160999999999999789e-03
1.800000000000000000e+01 1.500000000000000000e+01 8.000000000000000000e+00 0.000000000000000000e+00 1.600000000000000089e+00 -4.021000000000000268e-03 -6.963999999999999704e-03 -9.999679999999999680e-01 -5.900929999999999787e-01 -8.072960000000000136e-01 7.995000000000000370e-03 -8.073249999999999593e-01 5.901060000000000194e-01 -8.630000000000000518e-04
2.300000000000000000e+01 1.500000000000000000e+01 8.000000000000000000e+00 0.000000000000000000e+00 1.600000000000000089e+00 -2.180000000000000080e-03 -2.112000000000000162e-03 -9.999949999999999672e-01 -5.918299999999999672e-01 -8.060570000000000235e-01 2.991999999999999868e-03 -8.060599999999999987e-01 5.918339999999999712e-01 5.069999999999999637e-04
1.400000000000000000e+01 2.600000000000000000e+01 8.000000000000000000e+00 0.000000000000000000e+00 1.600000000000000089e+00 3.650000000000000033e-03 9.306000000000000036e-03 -9.999500000000000055e-01 4.022390000000000132e-01 9.154799999999999605e-01 9.988000000000000350e-03 9.155269999999999797e-01 -4.022549999999999737e-01 -4.020000000000000136e-04
2.000000000000000000e+00 2.400000000000000000e+01 9.000000000000000000e+00 0.000000000000000000e+00 1.600000000000000089e+00 1.240000000000000000e-03 -3.410999999999999970e-03 -9.999930000000000208e-01 4.616140000000000243e-01 8.870780000000000332e-01 -2.454000000000000018e-03 8.870799999999999796e-01 -4.616080000000000183e-01 2.674999999999999861e-03
1.100000000000000000e+01 2.400000000000000000e+01 9.000000000000000000e+00 0.000000000000000000e+00 1.600000000000000089e+00 2.413000000000000214e-03 3.860000000000000150e-03 -9.999900000000000455e-01 4.598920000000000230e-01 8.879629999999999468e-01 4.537000000000000234e-03 8.879719999999999835e-01 -4.598979999999999735e-01 3.669999999999999760e-04
1.800000000000000000e+01 2.400000000000000000e+01 9.000000000000000000e+00 0.000000000000000000e+00 1.600000000000000089e+00 2.887999999999999942e-03 5.386000000000000162e-03 -9.999810000000000088e-01 4.593979999999999730e-01 8.882100000000000550e-01 6.111000000000000112e-03 8.882259999999999600e-01 -4.594070000000000098e-01 9.100000000000000287e-05
2.300000000000000000e+01 2.400000000000000000e+01 9.000000000000000000e+00 0.000000000000000000e+00 1.600000000000000089e+00 2.488999999999999893e-03 9.622999999999999610e-03 -9.999510000000000343e-01 4.595210000000000128e-01 8.881139999999999590e-01 9.690000000000000696e-03 8.881630000000000358e-01 -4.595219999999999860e-01 -2.211999999999999991e-03
2.800000000000000000e+01 2.400000000000000000e+01 9.000000000000000000e+00 0.000000000000000000e+00 1.600000000000000089e+00 7.119999999999999593e-04 3.419999999999999863e-03 -9.999940000000000495e-01 4.598229999999999817e-01 8.880040000000000155e-01 3.363999999999999803e-03 8.880099999999999660e-01 -4.598229999999999817e-01 -9.399999999999999719e-04
3.000000000000000000e+00 4.000000000000000000e+00 1.100000000000000000e+01 0.000000000000000000e+00 1.600000000000000089e+00 1.698999999999999989e-03 4.324999999999999852e-03 -9.999890000000000168e-01 2.209329999999999905e-01 9.752779999999999783e-01 4.593999999999999993e-03 9.752870000000000150e-01 -2.209379999999999955e-01 7.020000000000000415e-04
6.000000000000000000e+00 4.000000000000000000e+00 1.100000000000000000e+01 0.000000000000000000e+00 1.600000000000000089e+00 4.409999999999999858e-04 -1.670999999999999959e-03 -9.999980000000000535e-01 2.191329999999999945e-01 9.756939999999999502e-01 -1.533999999999999990e-03 9.756949999999999790e-01 -2.191319999999999935e-01 7.960000000000000495e-04
2.600000000000000000e+01 4.000000000000000000e+00 1.100000000000000000e+01 0.000000000000000000e+00 1.600000000000000089e+00 1.773999999999999969e-03 1.358900000000000038e-02 -9.999059999999999615e-01 2.085470000000000101e-01 9.779170000000000362e-01 1.366000000000000027e-02 9.780109999999999637e-01 -2.085519999999999874e-01 -1.098999999999999934e-03
5.000000000000000000e+00 3.100000000000000000e+01 1.200000000000000000e+01 0.000000000000000000e+00 1.600000000000000089e+00 -1.002999999999999985e-03 1.438000000000000042e-03 9.999980000000000535e-01 -2.094100000000000128e-02 9.997800000000000020e-01 -1.459000000000000010e-03 -9.997800000000000020e-01 -2.094299999999999981e-02 -9.719999999999999907e-04
1.500000000000000000e+01 3.100000000000000000e+01 1.200000000000000000e+01 0.000000000000000000e+00 1.600000000000000089e+00 -1.585000000000000037e-03 1.441999999999999922e-03 9.999980000000000535e-01 -2.453500000000000125e-02 9.996979999999999755e-01 -1.480999999999999895e-03 -9.996979999999999755e-01 -2.453800000000000078e-02 -1.549999999999999946e-03
2.000000000000000000e+01 3.100000000000000000e+01 1.200000000000000000e+01 0.000000000000000000e+00 1.600000000000000089e+00 -9.150000000000000147e-04 1.381999999999999982e-03 9.999989999999999712e-01 -2.145899999999999891e-02 9.997690000000000188e-01 -1.400999999999999902e-03 -9.997690000000000188e-01 -2.145999999999999991e-02 -8.850000000000000444e-04
2.700000000000000000e+01 3.100000000000000000e+01 1.200000000000000000e+01 0.000000000000000000e+00 1.600000000000000089e+00 -2.259999999999999910e-04 -2.820000000000000241e-04 1.000000000000000000e+00 -1.670599999999999863e-02 9.998599999999999710e-01 2.790000000000000054e-04 -9.998599999999999710e-01 -1.670599999999999863e-02 -2.310000000000000042e-04
9.000000000000000000e+00 3.200000000000000000e+01 1.400000000000000000e+01 0.000000000000000000e+00 1.600000000000000089e+00 1.110000000000000011e-04 -4.050999999999999913e-03 -9.999919999999999920e-01 1.179219999999999990e-01 9.930149999999999810e-01 -4.009999999999999676e-03 9.930229999999999890e-01 -1.179209999999999980e-01 5.879999999999999810e-04
1.200000000000000000e+01 3.200000000000000000e+01 1.400000000000000000e+01 0.000000000000000000e+00 1.600000000000000089e+00 2.775999999999999822e-03 -2.062000000000000031e-03 -9.999940000000000495e-01 1.190620000000000012e-01 9.928850000000000176e-01 -1.716999999999999993e-03 9.928829999999999600e-01 -1.190569999999999962e-01 3.001000000000000195e-03
3.000000000000000000e+00 1.200000000000000000e+01 1.500000000000000000e+01 0.000000000000000000e+00 1.600000000000000089e+00 -1.234000000000000071e-03 -2.269999999999999882e-04 -9.999989999999999712e-01 -4.700730000000000186e-01 -8.826270000000000504e-01 7.799999999999999859e-04 -8.826270000000000504e-01 4.700730000000000186e-01 9.820000000000000170e-04
9.000000000000000000e+00 1.200000000000000000e+01 1.500000000000000000e+01 0.000000000000000000e+00 1.600000000000000089e+00 2.970000000000000092e-04 -6.530000000000000431e-04 -1.000000000000000000e+00 -4.716670000000000029e-01 -8.817770000000000330e-01 4.350000000000000026e-04 -8.817770000000000330e-01 4.716659999999999742e-01 -5.699999999999999772e-04
1.200000000000000000e+01 1.200000000000000000e+01 1.500000000000000000e+01 0.000000000000000000e+00 1.600000000000000089e+00 -1.054000000000000032e-03 -5.599999999999999916e-05 -9.999989999999999712e-01 -4.724439999999999751e-01 -8.813609999999999500e-01 5.469999999999999602e-04 -8.813600000000000323e-01 4.724439999999999751e-01 9.030000000000000483e-04
1.800000000000000000e+01 1.200000000000000000e+01 1.500000000000000000e+01 0.000000000000000000e+00 1.600000000000000089e+00 -2.080999999999999951e-03 -1.337999999999999997e-03 -9.999970000000000248e-01 -4.736799999999999899e-01 -8.806950000000000056e-01 2.164000000000000125e-03 -8.806950000000000056e-01 4.736830000000000207e-01 1.198999999999999979e-03
2.200000000000000000e+01 1.200000000000000000e+01 1.500000000000000000e+01 0.000000000000000000e+00 1.600000000000000089e+00 -2.290000000000000098e-04 3.179999999999999776e-04 -1.000000000000000000e+00 -4.741969999999999796e-01 -8.804189999999999516e-01 -1.720000000000000066e-04 -8.804189999999999516e-01 4.741969999999999796e-01 3.519999999999999908e-04
1.800000000000000000e+01 1.100000000000000000e+01 1.600000000000000000e+01 0.000000000000000000e+00 1.600000000000000089e+00 -1.600999999999999993e-03 -1.842000000000000104e-03 -9.999970000000000248e-01 -4.216550000000000020e-01 -9.067530000000000312e-01 2.344999999999999862e-03 -9.067549999999999777e-01 4.216579999999999773e-01 6.750000000000000357e-04
6.000000000000000000e+00 1.160000000000000000e+02 1.600000000000000000e+01 0.000000000000000000e+00 1.600000000000000089e+00 1.012000000000000096e-03 -4.598999999999999790e-03 9.999890000000000168e-01 6.657769999999999522e-01 7.461459999999999759e-01 2.758000000000000035e-03 -7.461499999999999799e-01 6.657669999999999977e-01 3.818000000000000213e-03
1.600000000000000000e+01 1.160000000000000000e+02 1.600000000000000000e+01 0.000000000000000000e+00 1.600000000000000089e+00 -2.011000000000000201e-03 4.029999999999999837e-04 9.999980000000000535e-01 6.704510000000000192e-01 7.419529999999999736e-01 1.049999999999999935e-03 -7.419510000000000272e-01 6.704520000000000479e-01 -1.761999999999999894e-03
2.300000000000000000e+01 1.160000000000000000e+02 1.600000000000000000e+01 0.000000000000000000e+00 1.600000000000000089e+00 1.054000000000000032e-03 1.810999999999999893e-03 9.999980000000000535e-01 6.910699999999999621e-01 7.227850000000000108e-01 -2.037000000000000182e-03 -7.227869999999999573e-01 6.910709999999999908e-01 -4.899999999999999842e-04
2.000000000000000000e+00 2.000000000000000000e+00 1.900000000000000000e+01 0.000000000000000000e+00 1.600000000000000089e+00 -1.234000000000000071e-03 -4.192000000000000413e-03 -9.999900000000000455e-01 2.086969999999999936e-01 -9.779729999999999812e-01 3.841999999999999929e-03 -9.779790000000000427e-01 -2.086909999999999876e-01 2.082000000000000083e-03
1.100000000000000000e+01 2.000000000000000000e+00 1.900000000000000000e+01 0.000000000000000000e+00 1.600000000000000089e+00 -1.330000000000000073e-04 -1.776999999999999934e-03 -9.999980000000000535e-01 2.109580000000000066e-01 -9.774939999999999740e-01 1.709000000000000016e-03 -9.774950000000000028e-01 -2.109580000000000066e-01 5.050000000000000235e-04
1.500000000000000000e+01 2.000000000000000000e+00 1.900000000000000000e+01 0.000000000000000000e+00 1.600000000000000089e+00 4.949999999999999973e-04 -4.993000000000000042e-03 -9.999869999999999592e-01 2.152030000000000054e-01 -9.765570000000000084e-01 4.982999999999999582e-03 -9.765690000000000204e-01 -2.152030000000000054e-01 5.910000000000000539e-04
1.900000000000000000e+01 2.000000000000000000e+00 1.900000000000000000e+01 0.000000000000000000e+00 1.600000000000000089e+00 7.680000000000000195e-04 -1.375600000000000087e-02 -9.999050000000000438e-01 2.197929999999999884e-01 -9.754519999999999857e-01 1.358900000000000038e-02 -9.755460000000000242e-01 -2.197830000000000061e-01 2.275000000000000112e-03
2.200000000000000000e+01 2.000000000000000000e+00 1.900000000000000000e+01 0.000000000000000000e+00 1.600000000000000089e+00 -8.120000000000000048e-04 -1.002499999999999919e-02 -9.999489999999999768e-01 2.207679999999999920e-01 -9.752790000000000070e-01 9.598999999999999894e-03 -9.753260000000000263e-01 -2.207490000000000008e-01 3.004999999999999859e-03
3.000000000000000000e+01 2.000000000000000000e+00 1.900000000000000000e+01 0.000000000000000000e+00 1.600000000000000089e+00 4.372000000000000018e-03 -2.776999999999999955e-03 -9.999869999999999592e-01 2.160759999999999903e-01 -9.763699999999999601e-01 3.655999999999999962e-03 -9.763669999999999849e-01 -2.160890000000000033e-01 -3.668999999999999952e-03
5.000000000000000000e+00 1.300000000000000000e+01 2.000000000000000000e+01 0.000000000000000000e+00 1.600000000000000089e+00 -1.729000000000000068e-03 -4.915000000000000098e-03 9.999860000000000415e-01 2.574560000000000182e-01 9.662760000000000238e-01 5.193999999999999832e-03 -9.662889999999999535e-01 2.574609999999999954e-01 -4.049999999999999781e-04
1.200000000000000000e+01 1.300000000000000000e+01 2.000000000000000000e+01 0.000000000000000000e+00 1.600000000000000089e+00 7.700000000000000139e-05 1.520000000000000084e-04 1.000000000000000000e+00 2.591040000000000010e-01 9.658489999999999576e-01 -1.669999999999999935e-04 -9.658489999999999576e-01 2.591040000000000010e-01 3.499999999999999693e-05
1.600000000000000000e+01 1.300000000000000000e+01 2.000000000000000000e+01 0.000000000000000000e+00 1.600000000000000089e+00 -8.769999999999999584e-04 2.811999999999999830e-03 9.999959999999999960e-01 2.608880000000000088e-01 9.653659999999999464e-01 -2.485999999999999929e-03 -9.653690000000000326e-01 2.608849999999999780e-01 -1.580000000000000024e-03
2.000000000000000000e+01 1.300000000000000000e+01 2.000000000000000000e+01 0.000000000000000000e+00 1.600000000000000089e+00 -6.489999999999999459e-04 2.207999999999999893e-03 9.999970000000000248e-01 2.607679999999999998e-01 9.653990000000000071e-01 -1.962000000000000202e-03 -9.654009999999999536e-01 2.607659999999999978e-01 -1.201999999999999943e-03
2.300000000000000000e+01 1.300000000000000000e+01 2.000000000000000000e+01 0.000000000000000000e+00 1.600000000000000089e+00 -3.240000000000000150e-04 1.317999999999999944e-03 9.999989999999999712e-01 2.606209999999999916e-01 9.654409999999999936e-01 -1.188000000000000037e-03 -9.654409999999999936e-01 2.606200000000000183e-01 -6.560000000000000076e-04
4.000000000000000000e+00 1.600000000000000000e+01 2.100000000000000000e+01 0.000000000000000000e+00 1.600000000000000089e+00 -1.190000000000000085e-03 -5.821999999999999918e-03 9.999820000000000375e-01 3.004519999999999968e-01 9.537790000000000434e-01 5.910000000000000323e-03 -9.537959999999999772e-01 3.004530000000000256e-01 6.139999999999999625e-04
9.000000000000000000e+00 1.600000000000000000e+01 2.100000000000000000e+01 0.000000000000000000e+00 1.600000000000000089e+00 -6.400000000000000524e-04 -2.632999999999999924e-03 9.999959999999999960e-01 3.019669999999999854e-01 9.533150000000000235e-01 2.703999999999999806e-03 -9.533179999999999987e-01 3.019680000000000142e-01 1.849999999999999973e-04
2.000000000000000000e+01 1.600000000000000000e+01 2.100000000000000000e+01 0.000000000000000000e+00 1.600000000000000089e+00 -1.131000000000000061e-03 1.302999999999999905e-03 9.999989999999999712e-01 3.021209999999999729e-01 9.532690000000000330e-01 -8.999999999999999754e-04 -9.532690000000000330e-01 3.021199999999999997e-01 -1.472000000000000001e-03
2.600000000000000000e+01 1.600000000000000000e+01 2.100000000000000000e+01 0.000000000000000000e+00 1.600000000000000089e+00 3.229999999999999907e-04 2.585000000000000058e-03 9.999970000000000248e-01 3.021010000000000084e-01 9.532720000000000082e-01 -2.562000000000000041e-03 -9.532760000000000122e-01 3.021010000000000084e-01 -4.730000000000000046e-04
1.200000000000000000e+01 4.600000000000000000e+01 2.700000000000000000e+01 0.000000000000000000e+00 1.600000000000000089e+00 1.440000000000000091e-03 2.762999999999999831e-03 -9.999949999999999672e-01 6.618779999999999664e-01 7.496049999999999658e-01 3.024000000000000212e-03 7.496099999999999985e-01 -6.618789999999999951e-01 -7.489999999999999913e-04
1.900000000000000000e+01 4.600000000000000000e+01 2.700000000000000000e+01 0.000000000000000000e+00 1.600000000000000089e+00 -4.028999999999999596e-03 -3.122999999999999908e-03 -9.999869999999999592e-01 6.592149999999999954e-01 7.519379999999999953e-01 -5.003999999999999768e-03 7.519439999999999458e-01 -6.592259999999999787e-01 -9.700000000000000505e-04
2.400000000000000000e+01 4.600000000000000000e+01 2.700000000000000000e+01 0.000000000000000000e+00 1.600000000000000089e+00 6.650000000000000095e-04 1.487999999999999956e-03 -9.999989999999999712e-01 6.578850000000000531e-01 7.531170000000000364e-01 1.559000000000000056e-03 7.531179999999999541e-01 -6.578850000000000531e-01 -4.780000000000000178e-04
1.300000000000000000e+01 4.600000000000000000e+01 3.000000000000000000e+01 0.000000000000000000e+00 1.600000000000000089e+00 9.470000000000000336e-04 1.015999999999999976e-03 -9.999989999999999712e-01 3.218230000000000257e-01 9.467989999999999462e-01 1.265999999999999981e-03 9.467989999999999462e-01 -3.218239999999999990e-01 5.689999999999999529e-04
1.700000000000000000e+01 4.600000000000000000e+01 3.000000000000000000e+01 0.000000000000000000e+00 1.600000000000000089e+00 -1.311000000000000099e-03 -3.648999999999999900e-03 -9.999919999999999920e-01 3.179890000000000216e-01 9.480870000000000131e-01 -3.876000000000000105e-03 9.480939999999999923e-01 -3.179910000000000236e-01 -8.299999999999999815e-05
2.300000000000000000e+01 4.600000000000000000e+01 3.000000000000000000e+01 0.000000000000000000e+00 1.600000000000000089e+00 -1.990000000000000124e-04 8.159999999999999936e-04 -1.000000000000000000e+00 3.187860000000000138e-01 9.478259999999999463e-01 7.100000000000000191e-04 9.478269999999999751e-01 -3.187860000000000138e-01 -4.490000000000000176e-04
2.700000000000000000e+01 4.600000000000000000e+01 3.000000000000000000e+01 0.000000000000000000e+00 1.600000000000000089e+00 1.007000000000000083e-03 -3.289999999999999739e-04 -1.000000000000000000e+00 3.226859999999999729e-01 9.465059999999999585e-01 1.299999999999999920e-05 9.465059999999999585e-01 -3.226849999999999996e-01 1.059000000000000045e-03
7.000000000000000000e+00 5.800000000000000000e+01 3.100000000000000000e+01 0.000000000000000000e+00 1.600000000000000089e+00 -3.148000000000000190e-03 -6.330999999999999822e-03 9.999749999999999472e-01 -7.756709999999999994e-01 -6.311039999999999983e-01 -6.437000000000000013e-03 6.311290000000000511e-01 -7.756720000000000281e-01 -2.923999999999999950e-03
1.100000000000000000e+01 5.800000000000000000e+01 3.100000000000000000e+01 0.000000000000000000e+00 1.600000000000000089e+00 2.039000000000000014e-03 -4.409999999999999858e-04 9.999980000000000535e-01 -7.767730000000000468e-01 -6.297800000000000065e-01 1.306000000000000086e-03 6.297779999999999490e-01 -7.767739999999999645e-01 -1.626999999999999974e-03
1.900000000000000000e+01 5.800000000000000000e+01 3.100000000000000000e+01 0.000000000000000000e+00 1.600000000000000089e+00 -1.348999999999999939e-03 -2.106999999999999932e-03 9.999970000000000248e-01 -7.791529999999999845e-01 -6.268289999999999695e-01 -2.371999999999999977e-03 6.268319999999999448e-01 -7.791540000000000132e-01 -7.960000000000000495e-04
2.500000000000000000e+01 5.800000000000000000e+01 3.100000000000000000e+01 0.000000000000000000e+00 1.600000000000000089e+00 -2.224999999999999981e-03 -2.269999999999999882e-03 9.999949999999999672e-01 -7.783750000000000391e-01 -6.277920000000000167e-01 -3.158000000000000217e-03 6.277960000000000207e-01 -7.783780000000000143e-01 -3.699999999999999947e-04
2.700000000000000000e+01 5.800000000000000000e+01 3.100000000000000000e+01 0.000000000000000000e+00 1.600000000000000089e+00 -1.430999999999999980e-03 -2.386000000000000100e-03 9.999959999999999960e-01 -7.790970000000000395e-01 -6.268979999999999553e-01 -2.609999999999999907e-03 6.269019999999999593e-01 -7.790970000000000395e-01 -9.619999999999999645e-04
3.000000000000000000e+00 4.600000000000000000e+01 3.500000000000000000e+01 0.000000000000000000e+00 1.600000000000000089e+00 9.370000000000000074e-04 -4.278999999999999818e-03 -9.999900000000000455e-01 3.842010000000000147e-01 -9.232390000000000319e-01 4.309999999999999595e-03 -9.232489999999999863e-01 -3.842019999999999880e-01 7.789999999999999616e-04
6.000000000000000000e+00 4.600000000000000000e+01 3.500000000000000000e+01 0.000000000000000000e+00 1.600000000000000089e+00 6.019999999999999961e-04 -2.601000000000000013e-03 -9.999959999999999960e-01 3.845819999999999794e-01 -9.230869999999999909e-01 2.631999999999999791e-03 -9.230909999999999949e-01 -3.845819999999999794e-01 4.440000000000000045e-04
1.000000000000000000e+01 4.600000000000000000e+01 3.500000000000000000e+01 0.000000000000000000e+00 1.600000000000000089e+00 -4.300000000000000165e-05 -3.840000000000000097e-03 -9.999930000000000208e-01 3.853690000000000171e-01 -9.227560000000000207e-01 3.526000000000000054e-03 -9.227629999999999999e-01 -3.853659999999999863e-01 1.520000000000000084e-03
1.400000000000000000e+01 4.600000000000000000e+01 3.500000000000000000e+01 0.000000000000000000e+00 1.600000000000000089e+00 3.899999999999999929e-04 -5.768999999999999823e-03 -9.999829999999999552e-01 3.854779999999999873e-01 -9.227009999999999934e-01 5.473999999999999699e-03 -9.227170000000000094e-01 -3.854730000000000101e-01 1.863999999999999988e-03
1.700000000000000000e+01 4.600000000000000000e+01 3.500000000000000000e+01 0.000000000000000000e+00 1.600000000000000089e+00 7.700000000000000139e-05 -1.177000000000000095e-03 -9.999989999999999712e-01 3.851010000000000266e-01 -9.228739999999999721e-01 1.116000000000000021e-03 -9.228750000000000009e-01 -3.851010000000000266e-01 3.820000000000000153e-04
2.300000000000000000e+01 4.600000000000000000e+01 3.500000000000000000e+01 0.000000000000000000e+00 1.600000000000000089e+00 -1.550000000000000000e-04 -1.559999999999999972e-04 -1.000000000000000000e+00 3.858969999999999900e-01 -9.225419999999999732e-01 8.399999999999999535e-05 -9.225419999999999732e-01 -3.858969999999999900e-01 2.030000000000000012e-04
2.700000000000000000e+01 4.600000000000000000e+01 3.500000000000000000e+01 0.000000000000000000e+00 1.600000000000000089e+00 -1.337000000000000081e-03 -5.490000000000000088e-04 -9.999989999999999712e-01 3.843050000000000077e-01 -9.232059999999999711e-01 -6.999999999999999895e-06 -9.232050000000000534e-01 -3.843050000000000077e-01 1.445000000000000104e-03
7.000000000000000000e+00 9.500000000000000000e+01 3.600000000000000000e+01 0.000000000000000000e+00 1.600000000000000089e+00 -5.458000000000000178e-03 -1.792099999999999943e-02 9.998249999999999638e-01 9.973419999999999508e-01 7.254599999999999937e-02 6.745000000000000127e-03 -7.265399999999999636e-02 9.972039999999999793e-01 1.747699999999999948e-02
1.200000000000000000e+01 9.500000000000000000e+01 3.600000000000000000e+01 0.000000000000000000e+00 1.600000000000000089e+00 3.582999999999999814e-03 1.494499999999999995e-02 9.998820000000000485e-01 9.975180000000000158e-01 7.026399999999999313e-02 -4.624999999999999771e-03 -7.032499999999999862e-02 9.974159999999999693e-01 -1.465600000000000062e-02
1.700000000000000000e+01 9.500000000000000000e+01 3.600000000000000000e+01 0.000000000000000000e+00 1.600000000000000089e+00 -1.810000000000000085e-04 -1.069999999999999988e-03 9.999989999999999712e-01 9.975950000000000095e-01 6.930899999999999561e-02 2.539999999999999940e-04 -6.930899999999999561e-02 9.975950000000000095e-01 1.054999999999999948e-03
2.200000000000000000e+01 9.500000000000000000e+01 3.600000000000000000e+01 0.000000000000000000e+00 1.600000000000000089e+00 3.148999999999999889e-03 -1.823500000000000121e-02 9.998289999999999678e-01 9.973940000000000028e-01 7.212999999999999967e-02 -1.825999999999999932e-03 -7.208499999999999630e-02 9.972290000000000321e-01 1.841500000000000081e-02
2.700000000000000000e+01 9.500000000000000000e+01 3.600000000000000000e+01 0.000000000000000000e+00 1.600000000000000089e+00 4.414000000000000389e-03 1.647999999999999942e-03 9.999890000000000168e-01 9.967890000000000361e-01 7.994500000000000217e-02 -4.531999999999999570e-03 -7.995199999999999529e-02 9.967979999999999619e-01 -1.289999999999999914e-03
4.000000000000000000e+00 3.000000000000000000e+00 4.300000000000000000e+01 0.000000000000000000e+00 1.600000000000000089e+00 -2.364000000000000216e-03 5.719000000000000125e-03 -9.999810000000000088e-01 7.409879999999999800e-01 -6.714949999999999530e-01 -5.591999999999999749e-03 -6.715140000000000553e-01 -7.409869999999999512e-01 -2.650000000000000012e-03
9.000000000000000000e+00 3.000000000000000000e+00 4.300000000000000000e+01 0.000000000000000000e+00 1.600000000000000089e+00 -3.449999999999999833e-04 5.540000000000000219e-04 -1.000000000000000000e+00 7.365939999999999710e-01 -6.763350000000000195e-01 -6.290000000000000018e-04 -6.763350000000000195e-01 -7.365939999999999710e-01 -1.749999999999999982e-04
1.200000000000000000e+01 3.000000000000000000e+00 4.300000000000000000e+01 0.000000000000000000e+00 1.600000000000000089e+00 -2.066999999999999827e-03 -4.551999999999999623e-03 -9.999869999999999592e-01 7.346960000000000157e-01 -6.783949999999999703e-01 1.569000000000000082e-03 -6.783930000000000238e-01 -7.346840000000000037e-01 4.746000000000000218e-03
1.700000000000000000e+01 3.000000000000000000e+00 4.300000000000000000e+01 0.000000000000000000e+00 1.600000000000000089e+00 -1.570999999999999914e-03 -1.131199999999999914e-02 -9.999350000000000183e-01 7.378900000000000459e-01 -6.748899999999999899e-01 6.475999999999999986e-03 -6.749190000000000467e-01 -7.378310000000000146e-01 9.407000000000000431e-03
1.900000000000000000e+01 3.000000000000000000e+00 4.300000000000000000e+01 0.000000000000000000e+00 1.600000000000000089e+00 -2.618999999999999800e-03 -2.087599999999999872e-02 -9.997789999999999733e-01 7.388719999999999732e-01 -6.737370000000000303e-01 1.213200000000000042e-02 -6.738410000000000233e-01 -7.386770000000000280e-01 1.718899999999999942e-02
2.600000000000000000e+01 3.000000000000000000e+00 4.300000000000000000e+01 0.000000000000000000e+00 1.600000000000000089e+00 -1.699999999999999905e-03 -7.564999999999999676e-03 -9.999700000000000255e-01 7.416920000000000179e-01 -6.707290000000000196e-01 3.812999999999999983e-03 -6.707379999999999454e-01 -7.416639999999999899e-01 6.752000000000000189e-03
5.000000000000000000e+00 8.000000000000000000e+00 4.400000000000000000e+01 0.000000000000000000e+00 1.600000000000000089e+00 3.544999999999999974e-03 9.497999999999999499e-03 9.999489999999999768e-01 -7.786140000000000283e-01 -6.274429999999999730e-01 8.720000000000000320e-03 6.274929999999999675e-01 -7.786049999999999915e-01 5.171000000000000249e-03
1.900000000000000000e+01 8.000000000000000000e+00 4.400000000000000000e+01 0.000000000000000000e+00 1.600000000000000089e+00 -3.288999999999999823e-03 -7.362999999999999753e-03 9.999670000000000503e-01 -7.757399999999999851e-01 -6.310109999999999886e-01 -7.198000000000000405e-03 6.310440000000000493e-01 -7.757389999999999564e-01 -3.637000000000000042e-03
4.000000000000000000e+00 2.900000000000000000e+01 4.400000000000000000e+01 0.000000000000000000e+00 1.600000000000000089e+00 -1.335000000000000032e-03 2.799999999999999958e-05 -9.999989999999999712e-01 6.678039999999999532e-01 7.443370000000000264e-01 -8.700000000000000051e-04 7.443359999999999976e-01 -6.678049999999999820e-01 -1.012000000000000096e-03
1.000000000000000000e+01 2.900000000000000000e+01 4.400000000000000000e+01 0.000000000000000000e+00 1.600000000000000089e+00 -1.649999999999999991e-03 -1.550000000000000000e-04 -9.999989999999999712e-01 6.756429999999999936e-01 7.372279999999999944e-01 -1.229000000000000058e-03 7.372269999999999657e-01 -6.756440000000000223e-01 -1.111000000000000008e-03
1.400000000000000000e+01 2.900000000000000000e+01 4.400000000000000000e+01 0.000000000000000000e+00 1.600000000000000089e+00 -2.367999999999999879e-03 -2.151000000000000134e-03 -9.999949999999999672e-01 6.795269999999999921e-01 7.336430000000000451e-01 -3.187000000000000163e-03 7.336460000000000203e-01 -6.795309999999999961e-01 -2.759999999999999867e-04
2.300000000000000000e+01 2.900000000000000000e+01 4.400000000000000000e+01 0.000000000000000000e+00 1.600000000000000089e+00 -3.340999999999999786e-03 1.010000000000000047e-03 -9.999940000000000495e-01 6.648159999999999625e-01 7.470059999999999478e-01 -1.466999999999999988e-03 7.469999999999999973e-01 -6.648169999999999913e-01 -3.167999999999999809e-03
1.600000000000000000e+01 5.400000000000000000e+01 4.600000000000000000e+01 0.000000000000000000e+00 1.600000000000000089e+00 -5.159999999999999656e-04 -3.628999999999999847e-03 9.999930000000000208e-01 3.289139999999999842e-01 -9.443540000000000267e-01 -3.256999999999999913e-03 9.443599999999999772e-01 3.289099999999999802e-01 1.680999999999999986e-03
1.300000000000000000e+01 7.400000000000000000e+01 4.900000000000000000e+01 0.000000000000000000e+00 1.600000000000000089e+00 -3.154000000000000119e-03 -3.249999999999999851e-04 9.999949999999999672e-01 -9.798940000000000428e-01 1.994970000000000077e-01 -3.026000000000000044e-03 -1.994950000000000057e-01 -9.798980000000000468e-01 -9.470000000000000336e-04
4.000000000000000000e+00 6.300000000000000000e+01 5.400000000000000000e+01 0.000000000000000000e+00 1.600000000000000089e+00 1.547999999999999897e-03 -2.559999999999999884e-04 9.999989999999999712e-01 -3.515349999999999864e-01 9.361739999999999506e-01 7.829999999999999504e-04 -9.361730000000000329e-01 -3.515360000000000151e-01 1.358999999999999965e-03
9.000000000000000000e+00 6.300000000000000000e+01 5.400000000000000000e+01 0.000000000000000000e+00 1.600000000000000089e+00 -5.069999999999999637e-04 -2.418000000000000010e-03 9.999970000000000248e-01 -3.567969999999999753e-01 9.341800000000000104e-01 2.076999999999999853e-03 -9.341819999999999569e-01 -3.567949999999999733e-01 -1.335999999999999948e-03
1.700000000000000000e+01 6.300000000000000000e+01 5.400000000000000000e+01 0.000000000000000000e+00 1.600000000000000089e+00 1.179999999999999951e-04 2.644000000000000083e-03 9.999959999999999960e-01 -3.524089999999999723e-01 9.358429999999999804e-01 -2.432999999999999833e-03 -9.358459999999999557e-01 -3.524070000000000258e-01 1.041999999999999958e-03
2.100000000000000000e+01 6.300000000000000000e+01 5.400000000000000000e+01 0.000000000000000000e+00 1.600000000000000089e+00 -1.572999999999999962e-03 1.518999999999999951e-03 9.999980000000000535e-01 -3.500409999999999910e-01 9.367320000000000091e-01 -1.972999999999999927e-03 -9.367330000000000378e-01 -3.500429999999999930e-01 -9.420000000000000205e-04
2.900000000000000000e+01 6.300000000000000000e+01 5.400000000000000000e+01 0.000000000000000000e+00 1.600000000000000089e+00 -1.110000000000000092e-03 -6.430000000000000169e-04 9.999989999999999712e-01 -3.480920000000000125e-01 9.374599999999999600e-01 2.169999999999999891e-04 -9.374599999999999600e-01 -3.480920000000000125e-01 -1.263999999999999933e-03
2.000000000000000000e+00 2.500000000000000000e+01 5.500000000000000000e+01 0.000000000000000000e+00 1.600000000000000089e+00 -8.000000000000000654e-05 8.177999999999999506e-03 -9.999670000000000503e-01 -1.171900000000000025e-02 -9.998979999999999535e-01 -8.175999999999999240e-03 -9.999310000000000143e-01 1.171799999999999925e-02 1.759999999999999954e-04
1.100000000000000000e+01 2.500000000000000000e+01 5.500000000000000000e+01 0.000000000000000000e+00 1.600000000000000089e+00 1.002999999999999985e-03 -1.263999999999999933e-03 -9.999989999999999712e-01 -1.071599999999999983e-02 -9.999419999999999975e-01 1.253999999999999906e-03 -9.999419999999999975e-01 1.071500000000000057e-02 -1.015999999999999976e-03
2.300000000000000000e+01 2.500000000000000000e+01 5.500000000000000000e+01 0.000000000000000000e+00 1.600000000000000089e+00 1.167000000000000069e-03 1.105000000000000079e-03 -9.999989999999999712e-01 -1.082100000000000076e-02 -9.999409999999999688e-01 -1.118000000000000070e-03 -9.999409999999999688e-01 1.082299999999999929e-02 -1.154999999999999994e-03
1.500000000000000000e+01 6.800000000000000000e+01 5.700000000000000000e+01 0.000000000000000000e+00 1.600000000000000089e+00 1.830000000000000029e-03 -2.432000000000000134e-03 -9.999949999999999672e-01 -2.438140000000000029e-01 -9.698200000000000154e-01 1.912999999999999987e-03 -9.698200000000000154e-01 2.438089999999999979e-01 -2.367999999999999879e-03
2.000000000000000000e+00 5.800000000000000000e+01 5.900000000000000000e+01 0.000000000000000000e+00 1.600000000000000089e+00 -6.170000000000000354e-04 2.337999999999999801e-03 -9.999970000000000248e-01 3.934239999999999959e-01 9.193550000000000333e-01 1.907000000000000058e-03 9.193569999999999798e-01 -3.934219999999999939e-01 -1.487000000000000040e-03
6.000000000000000000e+00 2.100000000000000000e+01 6.000000000000000000e+01 0.000000000000000000e+00 1.600000000000000089e+00 8.299999999999999815e-05 1.549999999999999946e-03 9.999989999999999712e-01 -9.623600000000000210e-02 9.953570000000000473e-01 -1.534999999999999906e-03 -9.953589999999999938e-01 -9.623600000000000210e-02 2.320000000000000014e-04
1.000000000000000000e+01 2.100000000000000000e+01 6.000000000000000000e+01 0.000000000000000000e+00 1.600000000000000089e+00 -1.191000000000000001e-03 7.540000000000000044e-04 9.999989999999999712e-01 -9.502299999999999636e-02 9.954749999999999988e-01 -8.639999999999999677e-04 -9.954739999999999700e-01 -9.502399999999999736e-02 -1.113999999999999973e-03
1.700000000000000000e+01 2.100000000000000000e+01 6.000000000000000000e+01 0.000000000000000000e+00 1.600000000000000089e+00 -3.770000000000000022e-04 -5.714000000000000329e-03 9.999839999999999840e-01 -9.566299999999999804e-02 9.953980000000000050e-01 5.651999999999999906e-03 -9.954140000000000210e-01 -9.565899999999999403e-02 -9.219999999999999680e-04
2.400000000000000000e+01 2.100000000000000000e+01 6.000000000000000000e+01 0.000000000000000000e+00 1.600000000000000089e+00 -6.600000000000000506e-05 1.820999999999999919e-03 9.999980000000000535e-01 -9.659700000000000231e-02 9.953220000000000400e-01 -1.819000000000000087e-03 -9.953239999999999865e-01 -9.659700000000000231e-02 1.100000000000000039e-04
2.700000000000000000e+01 2.100000000000000000e+01 6.000000000000000000e+01 0.000000000000000000e+00 1.600000000000000089e+00 1.140000000000000063e-04 -5.000000000000000104e-03 9.999869999999999592e-01 -9.667900000000000105e-02 9.953030000000000488e-01 4.988000000000000246e-03 -9.953159999999999785e-01 -9.667800000000000005e-02 -3.699999999999999947e-04
5.000000000000000000e+00 6.000000000000000000e+00 6.100000000000000000e+01 0.000000000000000000e+00 1.600000000000000089e+00 -9.970000000000000563e-04 2.167000000000000089e-03 9.999970000000000248e-01 5.603780000000000427e-01 -8.282329999999999970e-01 2.353000000000000057e-03 8.282359999999999722e-01 5.603789999999999605e-01 -3.879999999999999985e-04
1.900000000000000000e+01 6.000000000000000000e+00 6.100000000000000000e+01 0.000000000000000000e+00 1.600000000000000089e+00 1.595000000000000064e-03 6.329000000000000424e-03 9.999789999999999512e-01 5.592420000000000169e-01 -8.289929999999999799e-01 4.355000000000000364e-03 8.290030000000000454e-01 5.592230000000000256e-01 -4.862000000000000002e-03
2.100000000000000000e+01 4.000000000000000000e+00 6.200000000000000000e+01 0.000000000000000000e+00 1.600000000000000089e+00 -1.587000000000000086e-03 -2.154000000000000099e-03 9.999959999999999960e-01 -6.131079999999999863e-01 7.899990000000000068e-01 7.280000000000000230e-04 -7.899969999999999493e-01 -6.131050000000000111e-01 -2.573999999999999899e-03
1.200000000000000000e+01 3.000000000000000000e+00 6.300000000000000000e+01 0.000000000000000000e+00 1.600000000000000089e+00 2.919999999999999961e-04 -3.739999999999999835e-03 9.999930000000000208e-01 -6.109029999999999738e-01 7.916999999999999593e-01 3.139999999999999996e-03 -7.917060000000000208e-01 -6.108989999999999698e-01 -2.053999999999999836e-03
1.000000000000000000e+00 2.700000000000000000e+01 6.300000000000000000e+01 0.000000000000000000e+00 1.600000000000000089e+00 -3.199999999999999855e-05 -3.559999999999999797e-04 1.000000000000000000e+00 -2.790639999999999787e-01 9.602720000000000145e-01 3.330000000000000169e-04 -9.602720000000000145e-01 -2.790639999999999787e-01 -1.299999999999999886e-04
8.000000000000000000e+00 2.700000000000000000e+01 6.300000000000000000e+01 0.000000000000000000e+00 1.600000000000000089e+00 -5.289999999999999564e-04 -1.043000000000000090e-03 9.999989999999999712e-01 -2.786069999999999935e-01 9.604049999999999532e-01 8.540000000000000499e-04 -9.604049999999999532e-01 -2.786069999999999935e-01 -7.979999999999999897e-04
1.400000000000000000e+01 2.700000000000000000e+01 6.300000000000000000e+01 0.000000000000000000e+00 1.600000000000000089e+00 1.320000000000000101e-04 -5.328000000000000271e-03 9.999860000000000415e-01 -2.790239999999999942e-01 9.602699999999999569e-01 5.153999999999999727e-03 -9.602840000000000265e-01 -2.790210000000000190e-01 -1.360000000000000098e-03
1.700000000000000000e+01 2.700000000000000000e+01 6.300000000000000000e+01 0.000000000000000000e+00 1.600000000000000089e+00 5.039999999999999992e-04 -2.112000000000000162e-03 9.999980000000000535e-01 -2.778619999999999979e-01 9.606179999999999719e-01 2.168999999999999921e-03 -9.606209999999999471e-01 -2.778630000000000266e-01 -1.029999999999999964e-04
2.100000000000000000e+01 2.700000000000000000e+01 6.300000000000000000e+01 0.000000000000000000e+00 1.600000000000000089e+00 -6.740000000000000114e-04 4.510000000000000120e-04 1.000000000000000000e+00 -2.755210000000000159e-01 9.612950000000000106e-01 -6.189999999999999756e-04 -9.612950000000000106e-01 -2.755219999999999891e-01 -5.230000000000000274e-04
