3.000000000000000000e+01 2.500000000000000000e+01 1.000000000000000000e+00 0.000000000000000000e+00 1.600000000000000089e+00 3.628000000000000148e-03 7.602000000000000250e-03 -9.999649999999999928e-01 -5.207819999999999672e-01 -8.536489999999999911e-01 -8.378999999999999296e-03 -8.536820000000000519e-01 5.207929999999999504e-01 8.620000000000000275e-04
6.000000000000000000e+00 1.500000000000000000e+01 4.000000000000000000e+00 0.000000000000000000e+00 1.600000000000000089e+00 -4.183000000000000086e-03 -5.010000000000000347e-04 9.999909999999999632e-01 3.166240000000000165e-01 -9.485510000000000330e-01 8.499999999999999526e-04 9.485419999999999963e-01 3.166249999999999898e-01 4.126000000000000327e-03
1.300000000000000000e+01 1.500000000000000000e+01 4.000000000000000000e+00 0.000000000000000000e+00 1.600000000000000089e+00 -2.252999999999999794e-03 1.275000000000000092e-03 9.999970000000000248e-01 3.125620000000000065e-01 -9.498950000000000449e-01 1.915000000000000036e-03 9.498950000000000449e-01 3.125649999999999817e-01 1.742000000000000059e-03
1.800000000000000000e+01 1.500000000000000000e+01 4.000000000000000000e+00 0.000000000000000000e+00 1.600000000000000089e+00 -2.464000000000000044e-03 1.346900000000000007e-02 9.999059999999999615e-01 3.146619999999999973e-01 -9.491070000000000340e-01 1.355999999999999914e-02 9.492009999999999614e-01 3.146660000000000013e-01 -1.899000000000000080e-03
2.700000000000000000e+01 1.500000000000000000e+01 4.000000000000000000e+00 0.000000000000000000e+00 1.600000000000000089e+00 -3.787000000000000002e-03 2.569799999999999862e-02 9.996629999999999683e-01 3.238130000000000175e-01 -9.457759999999999501e-01 2.553899999999999920e-02 9.461140000000000105e-01 3.237999999999999767e-01 -4.740000000000000289e-03
2.600000000000000000e+01 1.010000000000000000e+02 7.000000000000000000e+00 0.000000000000000000e+00 1.600000000000000089e+00 -1.250999999999999942e-03 -8.219000000000000611e-03 9.999649999999999928e-01 8.878439999999999666e-01 4.601190000000000002e-01 4.892999999999999780e-03 -4.601439999999999975e-01 8.878190000000000248e-01 6.721999999999999677e-03
2.000000000000000000e+00 2.500000000000000000e+01 8.000000000000000000e+00 0.000000000000000000e+00 1.600000000000000089e+00 3.896999999999999856e-03 -1.357000000000000046e-02 -9.999000000000000110e-01 4.465379999999999905e-01 8.947040000000000548e-01 -1.040199999999999979e-02 8.947559999999999958e-01 -4.464529999999999887e-01 9.546000000000000665e-03
7.000000000000000000e+00 2.500000000000000000e+01 8.000000000000000000e+00 0.000000000000000000e+00 1.600000000000000089e+00 7.399999999999999623e-05 -6.970000000000000284e-04 -1.000000000000000000e+00 4.442710000000000270e-01 8.958920000000000217e-01 -5.919999999999999698e-04 8.958920000000000217e-01 -4.442710000000000270e-01 3.750000000000000078e-04
1.500000000000000000e+01 2.500000000000000000e+01 8.000000000000000000e+00 0.000000000000000000e+00 1.600000000000000089e+00 -2.441000000000000027e-03 -4.414999999999999654e-03 -9.999869999999999592e-01 4.452479999999999771e-01 8.953929999999999945e-01 -5.041000000000000342e-03 8.954039999999999777e-01 -4.452539999999999831e-01 -2.200000000000000078e-04
1.800000000000000000e+01 2.500000000000000000e+01 8.000000000000000000e+00 0.000000000000000000e+00 1.600000000000000089e+00 -1.616000000000000032e-03 -4.219999999999999793e-03 -9.999900000000000455e-01 4.444850000000000190e-01 8.957749999999999879e-01 -4.498000000000000262e-03 8.957850000000000534e-01 -4.444879999999999942e-01 4.279999999999999950e-04
2.400000000000000000e+01 2.500000000000000000e+01 8.000000000000000000e+00 0.000000000000000000e+00 1.600000000000000089e+00 -1.476000000000000098e-03 -5.866999999999999819e-03 -9.999820000000000375e-01 4.459040000000000226e-01 8.950609999999999955e-01 -5.909000000000000190e-03 8.950799999999999867e-01 -4.459049999999999958e-01 1.294999999999999927e-03
8.000000000000000000e+00 2.400000000000000000e+01 9.000000000000000000e+00 0.000000000000000000e+00 1.600000000000000089e+00 -6.679999999999999740e-04 -4.455999999999999892e-03 -9.999900000000000455e-01 4.506310000000000038e-01 8.927000000000000490e-01 -4.278999999999999818e-03 8.927100000000000035e-01 -4.506290000000000018e-01 1.412000000000000061e-03
1.700000000000000000e+01 2.400000000000000000e+01 9.000000000000000000e+00 0.000000000000000000e+00 1.600000000000000089e+00 -1.466000000000000072e-03 -5.105000000000000163e-03 -9.999860000000000415e-01 4.501660000000000106e-01 8.929300000000000015e-01 -5.218000000000000416e-03 8.929439999999999600e-01 -4.501669999999999838e-01 9.890000000000000787e-04
2.500000000000000000e+01 2.400000000000000000e+01 9.000000000000000000e+00 0.000000000000000000e+00 1.600000000000000089e+00 -1.730999999999999900e-03 -8.196000000000000160e-03 -9.999649999999999928e-01 4.512070000000000247e-01 8.923830000000000373e-01 -8.094999999999999765e-03 8.924180000000000446e-01 -4.512050000000000227e-01 2.154000000000000099e-03
2.900000000000000000e+01 2.400000000000000000e+01 9.000000000000000000e+00 0.000000000000000000e+00 1.600000000000000089e+00 -2.308000000000000156e-03 -8.770999999999999283e-03 -9.999590000000000423e-01 4.505819999999999825e-01 8.926910000000000123e-01 -8.869999999999999413e-03 8.927319999999999700e-01 -4.505839999999999845e-01 1.891000000000000103e-03
9.000000000000000000e+00 3.100000000000000000e+01 1.200000000000000000e+01 0.000000000000000000e+00 1.600000000000000089e+00 -1.224999999999999960e-03 -1.345000000000000058e-03 9.999980000000000535e-01 2.500000000000000052e-04 9.999989999999999712e-01 1.345000000000000058e-03 -9.999989999999999712e-01 2.519999999999999996e-04 -1.224999999999999960e-03
1.900000000000000000e+01 3.100000000000000000e+01 1.200000000000000000e+01 0.000000000000000000e+00 1.600000000000000089e+00 8.769999999999999584e-04 -3.089999999999999756e-04 1.000000000000000000e+00 -1.856000000000000011e-03 9.999980000000000535e-01 3.099999999999999999e-04 -9.999980000000000535e-01 -1.856999999999999927e-03 8.760000000000000425e-04
2.600000000000000000e+01 3.100000000000000000e+01 1.200000000000000000e+01 0.000000000000000000e+00 1.600000000000000089e+00 -3.000000000000000076e-06 -3.886999999999999830e-03 9.999919999999999920e-01 -3.605999999999999830e-03 9.999860000000000415e-01 3.886999999999999830e-03 -9.999940000000000495e-01 -3.605999999999999830e-03 -1.699999999999999987e-05
2.000000000000000000e+01 3.500000000000000000e+01 1.200000000000000000e+01 0.000000000000000000e+00 1.600000000000000089e+00 3.458999999999999835e-03 -4.135999999999999920e-03 -9.999850000000000128e-01 5.726590000000000291e-01 -8.197759999999999492e-01 5.370999999999999906e-03 -8.197870000000000434e-01 -5.726689999999999836e-01 -4.670000000000000214e-04
2.500000000000000000e+01 3.500000000000000000e+01 1.200000000000000000e+01 0.000000000000000000e+00 1.600000000000000089e+00 4.459999999999999989e-04 -4.335000000000000311e-03 -9.999900000000000455e-01 5.516499999999999737e-01 -8.340670000000000028e-01 3.861999999999999982e-03 -8.340760000000000396e-01 -5.516459999999999697e-01 2.018999999999999961e-03
2.900000000000000000e+01 3.500000000000000000e+01 1.200000000000000000e+01 0.000000000000000000e+00 1.600000000000000089e+00 3.053999999999999857e-03 -2.295000000000000165e-03 -9.999930000000000208e-01 5.375220000000000553e-01 -8.432420000000000471e-01 3.576999999999999885e-03 -8.432439999999999936e-01 -5.375290000000000346e-01 -1.340999999999999961e-03
4.000000000000000000e+00 3.200000000000000000e+01 1.400000000000000000e+01 0.000000000000000000e+00 1.600000000000000089e+00 7.720000000000000083e-04 8.869999999999999846e-04 -9.999989999999999712e-01 1.027629999999999932e-01 9.947049999999999503e-01 9.619999999999999645e-04 9.947049999999999503e-01 -1.027639999999999942e-01 6.769999999999999759e-04
1.300000000000000000e+01 3.200000000000000000e+01 1.400000000000000000e+01 0.000000000000000000e+00 1.600000000000000089e+00 -1.691000000000000012e-03 -8.430999999999999259e-03 -9.999630000000000463e-01 1.041959999999999970e-01 9.945199999999999596e-01 -8.560999999999999166e-03 9.945549999999999669e-01 -1.042059999999999931e-01 -8.030000000000000028e-04
5.000000000000000000e+00 1.200000000000000000e+01 1.500000000000000000e+01 0.000000000000000000e+00 1.600000000000000089e+00 1.567999999999999949e-03 3.681999999999999943e-03 -9.999919999999999920e-01 -4.688800000000000190e-01 -8.832529999999999548e-01 -3.987000000000000093e-03 -8.832609999999999628e-01 4.688820000000000210e-01 3.420000000000000188e-04
1.100000000000000000e+01 1.200000000000000000e+01 1.500000000000000000e+01 0.000000000000000000e+00 1.600000000000000089e+00 8.499999999999999526e-04 4.342999999999999639e-03 -9.999900000000000455e-01 -4.696569999999999911e-01 -8.828390000000000404e-01 -4.233999999999999916e-03 -8.828489999999999949e-01 4.696560000000000179e-01 1.288999999999999998e-03
1.400000000000000000e+01 1.200000000000000000e+01 1.500000000000000000e+01 0.000000000000000000e+00 1.600000000000000089e+00 -1.036000000000000029e-03 7.375999999999999744e-03 -9.999719999999999720e-01 -4.661799999999999833e-01 -8.846690000000000387e-01 -6.042999999999999761e-03 -8.846899999999999764e-01 4.661600000000000188e-01 4.355000000000000364e-03
1.900000000000000000e+01 1.200000000000000000e+01 1.500000000000000000e+01 0.000000000000000000e+00 1.600000000000000089e+00 8.670000000000000406e-04 7.943999999999999673e-03 -9.999679999999999680e-01 -4.596210000000000018e-01 -8.880839999999999845e-01 -7.453999999999999689e-03 -8.881149999999999878e-01 4.596129999999999938e-01 2.880999999999999880e-03
2.400000000000000000e+01 1.200000000000000000e+01 1.500000000000000000e+01 0.000000000000000000e+00 1.600000000000000089e+00 -6.999999999999999929e-04 1.115299999999999972e-02 -9.999379999999999935e-01 -4.517050000000000232e-01 -8.921160000000000201e-01 -9.634000000000000202e-03 -8.921670000000000433e-01 4.516700000000000159e-01 5.662999999999999631e-03
5.000000000000000000e+00 1.160000000000000000e+02 1.600000000000000000e+01 0.000000000000000000e+00 1.600000000000000089e+00 -2.786999999999999981e-03 -1.758999999999999930e-03 9.999949999999999672e-01 8.088379999999999459e-01 5.880220000000000447e-01 3.288000000000000124e-03 -5.880239999999999911e-01 8.088429999999999787e-01 -2.159999999999999919e-04
1.200000000000000000e+01 1.160000000000000000e+02 1.600000000000000000e+01 0.000000000000000000e+00 1.600000000000000089e+00 -1.289999999999999914e-04 3.150000000000000131e-04 1.000000000000000000e+00 7.435810000000000475e-01 6.686459999999999626e-01 -1.150000000000000035e-04 -6.686459999999999626e-01 7.435810000000000475e-01 -3.209999999999999963e-04
1.700000000000000000e+01 1.160000000000000000e+02 1.600000000000000000e+01 0.000000000000000000e+00 1.600000000000000089e+00 -3.370000000000000057e-04 2.592000000000000120e-03 9.999970000000000248e-01 7.491579999999999906e-01 6.623890000000000056e-01 -1.464000000000000024e-03 -6.623909999999999521e-01 7.491550000000000153e-01 -2.165999999999999957e-03
4.000000000000000000e+00 2.000000000000000000e+00 1.900000000000000000e+01 0.000000000000000000e+00 1.600000000000000089e+00 -1.209600000000000085e-02 1.050000000000000065e-02 -9.998719999999999830e-01 2.369640000000000080e-01 -9.714310000000000445e-01 -1.306799999999999976e-02 -9.714429999999999454e-01 -2.370909999999999962e-01 9.261999999999999400e-03
8.000000000000000000e+00 2.000000000000000000e+00 1.900000000000000000e+01 0.000000000000000000e+00 1.600000000000000089e+00 -5.795999999999999937e-03 2.589599999999999888e-02 -9.996479999999999810e-01 2.404179999999999928e-01 -9.703070000000000306e-01 -2.653000000000000150e-02 -9.706519999999999593e-01 -2.404870000000000063e-01 -6.019999999999999961e-04
1.700000000000000000e+01 2.000000000000000000e+00 1.900000000000000000e+01 0.000000000000000000e+00 1.600000000000000089e+00 2.692699999999999955e-02 6.263699999999999823e-02 -9.976730000000000320e-01 2.352980000000000071e-01 -9.703899999999999748e-01 -5.457399999999999751e-02 -9.715500000000000247e-01 -2.332809999999999884e-01 -4.086800000000000155e-02
2.300000000000000000e+01 2.000000000000000000e+00 1.900000000000000000e+01 0.000000000000000000e+00 1.600000000000000089e+00 2.919400000000000120e-02 7.659399999999999542e-02 -9.966350000000000486e-01 2.897660000000000236e-01 -9.548950000000000493e-01 -6.489799999999999736e-02 -9.566519999999999468e-01 -2.868959999999999844e-01 -5.007099999999999745e-02
2.800000000000000000e+01 2.000000000000000000e+00 1.900000000000000000e+01 0.000000000000000000e+00 1.600000000000000089e+00 2.485300000000000009e-02 5.175099999999999839e-02 -9.983509999999999884e-01 3.220959999999999934e-01 -9.458180000000000476e-01 -4.100999999999999784e-02 -9.463810000000000278e-01 -3.205459999999999976e-01 -4.017600000000000338e-02
1.900000000000000000e+01 4.000000000000000000e+00 2.000000000000000000e+01 0.000000000000000000e+00 1.600000000000000089e+00 1.870899999999999994e-02 4.669899999999999746e-02 -9.987340000000000106e-01 4.009869999999999823e-01 -9.154039999999999955e-01 -3.529100000000000292e-02 -9.158929999999999572e-01 -3.998189999999999800e-01 -3.585200000000000192e-02
2.600000000000000000e+01 4.000000000000000000e+00 2.000000000000000000e+01 0.000000000000000000e+00 1.600000000000000089e+00 2.498099999999999973e-02 2.278600000000000070e-02 -9.994279999999999831e-01 3.669470000000000232e-01 -9.301639999999999908e-01 -1.203500000000000056e-02 -9.299060000000000104e-01 -3.664370000000000127e-01 -3.159700000000000009e-02
2.900000000000000000e+01 4.000000000000000000e+00 2.000000000000000000e+01 0.000000000000000000e+00 1.600000000000000089e+00 2.369500000000000078e-02 1.658000000000000099e-02 -9.995819999999999705e-01 3.612770000000000148e-01 -9.324329999999999563e-01 -6.902000000000000149e-03 -9.321570000000000134e-01 -3.609620000000000051e-01 -2.808400000000000132e-02
2.000000000000000000e+00 1.300000000000000000e+01 2.000000000000000000e+01 0.000000000000000000e+00 1.600000000000000089e+00 1.758000000000000014e-03 -1.002000000000000069e-03 9.999980000000000535e-01 2.634279999999999955e-01 9.646789999999999532e-01 5.039999999999999992e-04 -9.646770000000000067e-01 2.634270000000000223e-01 1.959999999999999937e-03
8.000000000000000000e+00 1.300000000000000000e+01 2.000000000000000000e+01 0.000000000000000000e+00 1.600000000000000089e+00 -8.189999999999999581e-04 -3.148000000000000190e-03 9.999949999999999672e-01 2.659210000000000185e-01 9.639889999999999848e-01 3.252000000000000116e-03 -9.639950000000000463e-01 2.659219999999999917e-01 4.699999999999999724e-05
1.700000000000000000e+01 1.300000000000000000e+01 2.000000000000000000e+01 0.000000000000000000e+00 1.600000000000000089e+00 1.230000000000000082e-04 1.490000000000000005e-03 9.999989999999999712e-01 2.647189999999999821e-01 9.643239999999999590e-01 -1.469000000000000037e-03 -9.643260000000000165e-01 2.647189999999999821e-01 -2.750000000000000166e-04
2.300000000000000000e+01 1.300000000000000000e+01 2.000000000000000000e+01 0.000000000000000000e+00 1.600000000000000089e+00 3.240000000000000150e-04 5.230000000000000274e-04 1.000000000000000000e+00 2.626640000000000086e-01 9.648870000000000502e-01 -5.900000000000000296e-04 -9.648870000000000502e-01 2.626640000000000086e-01 1.749999999999999982e-04
2.800000000000000000e+01 1.300000000000000000e+01 2.000000000000000000e+01 0.000000000000000000e+00 1.600000000000000089e+00 1.142999999999999919e-03 1.188000000000000037e-03 9.999989999999999712e-01 2.604949999999999766e-01 9.654740000000000544e-01 -1.445000000000000104e-03 -9.654749999999999721e-01 2.604960000000000053e-01 7.940000000000000009e-04
4.000000000000000000e+00 3.000000000000000000e+00 2.500000000000000000e+01 0.000000000000000000e+00 1.600000000000000089e+00 -2.639999999999999986e-03 2.688999999999999984e-03 9.999930000000000208e-01 -1.751399999999999832e-02 -9.998430000000000373e-01 2.642999999999999950e-03 9.998430000000000373e-01 -1.750700000000000173e-02 2.686000000000000019e-03
8.000000000000000000e+00 3.000000000000000000e+00 2.500000000000000000e+01 0.000000000000000000e+00 1.600000000000000089e+00 2.752000000000000106e-03 8.840999999999999900e-03 9.999569999999999848e-01 -2.018299999999999955e-02 -9.997570000000000068e-01 8.895000000000000129e-03 9.997930000000000428e-01 -2.020599999999999827e-02 -2.573000000000000200e-03
2.300000000000000000e+01 3.000000000000000000e+00 2.500000000000000000e+01 0.000000000000000000e+00 1.600000000000000089e+00 -1.179999999999999951e-04 1.342999999999999923e-02 9.999099999999999655e-01 -3.264899999999999747e-02 -9.993769999999999598e-01 1.341900000000000037e-02 9.994669999999999943e-01 -3.264500000000000041e-02 5.559999999999999621e-04
7.000000000000000000e+00 4.600000000000000000e+01 2.700000000000000000e+01 0.000000000000000000e+00 1.600000000000000089e+00 1.270000000000000078e-03 5.950000000000000427e-04 -9.999989999999999712e-01 6.717689999999999495e-01 7.407589999999999453e-01 1.293000000000000095e-03 7.407589999999999453e-01 -6.717699999999999783e-01 5.410000000000000312e-04
2.800000000000000000e+01 4.600000000000000000e+01 2.700000000000000000e+01 0.000000000000000000e+00 1.600000000000000089e+00 -3.063000000000000184e-03 2.380000000000000117e-04 -9.999949999999999672e-01 6.680239999999999512e-01 7.441379999999999661e-01 -1.869000000000000002e-03 7.441339999999999621e-01 -6.680260000000000087e-01 -2.438000000000000063e-03
2.500000000000000000e+01 4.600000000000000000e+01 3.000000000000000000e+01 0.000000000000000000e+00 1.600000000000000089e+00 -1.516999999999999902e-03 -1.913999999999999903e-03 -9.999970000000000248e-01 3.244909999999999739e-01 9.458860000000000046e-01 -2.302999999999999926e-03 9.458870000000000333e-01 -3.244940000000000047e-01 -8.140000000000000534e-04
6.000000000000000000e+00 5.800000000000000000e+01 3.100000000000000000e+01 0.000000000000000000e+00 1.600000000000000089e+00 1.556000000000000091e-03 4.434999999999999706e-03 9.999890000000000168e-01 -7.864389999999999992e-01 -6.176549999999999541e-01 3.963000000000000377e-03 6.176660000000000483e-01 -7.864370000000000527e-01 2.527000000000000166e-03
1.200000000000000000e+01 5.800000000000000000e+01 3.100000000000000000e+01 0.000000000000000000e+00 1.600000000000000089e+00 2.110000000000000059e-04 -7.630000000000000063e-04 1.000000000000000000e+00 -7.832459999999999978e-01 -6.217120000000000424e-01 -3.099999999999999999e-04 6.217120000000000424e-01 -7.832449999999999690e-01 -7.290000000000000473e-04
1.900000000000000000e+01 5.800000000000000000e+01 3.100000000000000000e+01 0.000000000000000000e+00 1.600000000000000089e+00 3.782999999999999904e-03 4.621000000000000107e-03 9.999820000000000375e-01 -7.781400000000000539e-01 -6.280630000000000379e-01 5.845999999999999634e-03 6.280790000000000539e-01 -7.781489999999999796e-01 1.219999999999999947e-03
2.900000000000000000e+01 5.800000000000000000e+01 3.100000000000000000e+01 0.000000000000000000e+00 1.600000000000000089e+00 -6.557999999999999594e-03 -3.271000000000000036e-03 9.999730000000000008e-01 -7.712569999999999704e-01 -6.364830000000000210e-01 -7.139999999999999646e-03 6.364900000000000002e-01 -7.712830000000000519e-01 1.650999999999999907e-03
5.000000000000000000e+00 4.600000000000000000e+01 3.500000000000000000e+01 0.000000000000000000e+00 1.600000000000000089e+00 -6.740000000000000114e-04 2.534999999999999927e-03 -9.999970000000000248e-01 3.904599999999999738e-01 -9.206159999999999899e-01 -2.598000000000000049e-03 -9.206199999999999939e-01 -3.904599999999999738e-01 -3.690000000000000246e-04
8.000000000000000000e+00 4.600000000000000000e+01 3.500000000000000000e+01 0.000000000000000000e+00 1.600000000000000089e+00 -4.530000000000000064e-04 -1.464999999999999939e-03 -9.999989999999999712e-01 3.908289999999999820e-01 -9.204620000000000024e-01 1.172000000000000082e-03 -9.204630000000000312e-01 -3.908280000000000087e-01 9.890000000000000787e-04
1.300000000000000000e+01 4.600000000000000000e+01 3.500000000000000000e+01 0.000000000000000000e+00 1.600000000000000089e+00 6.109999999999999980e-04 7.399999999999999894e-04 -1.000000000000000000e+00 3.911800000000000277e-01 -9.203139999999999654e-01 -4.420000000000000101e-04 -9.203139999999999654e-01 -3.911789999999999989e-01 -8.520000000000000013e-04
1.600000000000000000e+01 4.600000000000000000e+01 3.500000000000000000e+01 0.000000000000000000e+00 1.600000000000000089e+00 -1.430000000000000064e-04 2.742000000000000080e-03 -9.999959999999999960e-01 3.915409999999999724e-01 -9.201570000000000027e-01 -2.579000000000000129e-03 -9.201610000000000067e-01 -3.915399999999999991e-01 -9.420000000000000205e-04
2.000000000000000000e+01 4.600000000000000000e+01 3.500000000000000000e+01 0.000000000000000000e+00 1.600000000000000089e+00 -3.390000000000000001e-04 -2.500000000000000120e-05 -1.000000000000000000e+00 3.921350000000000113e-01 -9.199079999999999480e-01 -1.100000000000000039e-04 -9.199079999999999480e-01 -3.921350000000000113e-01 3.209999999999999963e-04
2.500000000000000000e+01 4.600000000000000000e+01 3.500000000000000000e+01 0.000000000000000000e+00 1.600000000000000089e+00 1.299999999999999886e-04 4.360000000000000269e-04 -1.000000000000000000e+00 3.937140000000000084e-01 -9.192329999999999668e-01 -3.490000000000000263e-04 -9.192329999999999668e-01 -3.937140000000000084e-01 -2.910000000000000260e-04
2.800000000000000000e+01 4.600000000000000000e+01 3.500000000000000000e+01 0.000000000000000000e+00 1.600000000000000089e+00 8.450000000000000479e-04 -6.710000000000000469e-04 -9.999989999999999712e-01 3.935500000000000109e-01 -9.193029999999999813e-01 9.489999999999999738e-04 -9.193029999999999813e-01 -3.935500000000000109e-01 -5.130000000000000011e-04
6.000000000000000000e+00 3.000000000000000000e+00 4.300000000000000000e+01 0.000000000000000000e+00 1.600000000000000089e+00 -1.789999999999999870e-04 -1.012599999999999958e-02 -9.999489999999999768e-01 7.410229999999999873e-01 -6.714470000000000161e-01 6.666000000000000050e-03 -6.714799999999999658e-01 -7.409839999999999760e-01 7.622999999999999568e-03
1.200000000000000000e+01 3.000000000000000000e+00 4.300000000000000000e+01 0.000000000000000000e+00 1.600000000000000089e+00 -1.081400000000000070e-02 -2.792299999999999990e-02 -9.995519999999999960e-01 7.361830000000000318e-01 -6.766940000000000177e-01 1.093900000000000081e-02 -6.766959999999999642e-01 -7.357350000000000279e-01 2.787399999999999947e-02
1.600000000000000000e+01 3.000000000000000000e+00 4.300000000000000000e+01 0.000000000000000000e+00 1.600000000000000089e+00 2.059999999999999928e-04 -3.480599999999999666e-02 -9.993940000000000046e-01 7.339379999999999793e-01 -6.787999999999999590e-01 2.379200000000000065e-02 -6.792169999999999597e-01 -7.334979999999999833e-01 2.540500000000000050e-02
2.200000000000000000e+01 3.000000000000000000e+00 4.300000000000000000e+01 0.000000000000000000e+00 1.600000000000000089e+00 -2.968999999999999851e-03 -3.592000000000000141e-03 -9.999890000000000168e-01 7.370400000000000285e-01 -6.758490000000000331e-01 2.400000000000000061e-04 -6.758429999999999715e-01 -7.370309999999999917e-01 4.654000000000000151e-03
2.700000000000000000e+01 3.000000000000000000e+00 4.300000000000000000e+01 0.000000000000000000e+00 1.600000000000000089e+00 5.919999999999999698e-04 2.936999999999999941e-03 -9.999949999999999672e-01 7.356810000000000294e-01 -6.773259999999999836e-01 -1.554000000000000043e-03 -6.773280000000000411e-01 -7.356770000000000254e-01 -2.562000000000000041e-03
4.000000000000000000e+00 2.900000000000000000e+01 4.400000000000000000e+01 0.000000000000000000e+00 1.600000000000000089e+00 6.819999999999999890e-04 -8.689999999999999808e-04 -9.999989999999999712e-01 6.494220000000000548e-01 7.604290000000000216e-01 -2.180000000000000134e-04 7.604279999999999928e-01 -6.494210000000000260e-01 1.082999999999999978e-03
1.100000000000000000e+01 2.900000000000000000e+01 4.400000000000000000e+01 0.000000000000000000e+00 1.600000000000000089e+00 -2.259999999999999910e-04 1.827000000000000065e-03 -9.999980000000000535e-01 6.481289999999999552e-01 7.615300000000000402e-01 1.245000000000000013e-03 7.615309999999999580e-01 -6.481270000000000087e-01 -1.356000000000000000e-03
1.900000000000000000e+01 2.900000000000000000e+01 4.400000000000000000e+01 0.000000000000000000e+00 1.600000000000000089e+00 -2.348999999999999960e-03 1.655999999999999920e-03 -9.999959999999999960e-01 6.506960000000000521e-01 7.593379999999999574e-01 -2.709999999999999735e-04 7.593339999999999534e-01 -6.506939999999999946e-01 -2.860999999999999828e-03
2.500000000000000000e+01 2.900000000000000000e+01 4.400000000000000000e+01 0.000000000000000000e+00 1.600000000000000089e+00 -1.855000000000000095e-03 2.354000000000000190e-03 -9.999949999999999672e-01 6.592419999999999947e-01 7.519310000000000160e-01 5.469999999999999602e-04 7.519289999999999585e-01 -6.592379999999999907e-01 -2.946999999999999967e-03
9.000000000000000000e+00 6.500000000000000000e+01 4.600000000000000000e+01 0.000000000000000000e+00 1.600000000000000089e+00 8.679999999999999565e-04 -4.211999999999999598e-03 9.999909999999999632e-01 6.820349999999999469e-01 -7.313100000000000156e-01 -3.671999999999999917e-03 7.313190000000000524e-01 6.820319999999999716e-01 2.237999999999999972e-03
3.000000000000000000e+01 6.500000000000000000e+01 4.600000000000000000e+01 0.000000000000000000e+00 1.600000000000000089e+00 -2.010000000000000068e-04 -1.392000000000000008e-03 9.999989999999999712e-01 6.790899999999999714e-01 -7.340539999999999843e-01 -8.859999999999999603e-04 7.340550000000000130e-01 6.790890000000000537e-01 1.093000000000000005e-03
7.000000000000000000e+00 7.000000000000000000e+01 4.700000000000000000e+01 0.000000000000000000e+00 1.600000000000000089e+00 -5.820000000000000520e-04 5.789999999999999791e-04 -1.000000000000000000e+00 -8.428170000000000384e-01 -5.382000000000000117e-01 1.789999999999999870e-04 -5.382000000000000117e-01 8.428170000000000384e-01 8.019999999999999785e-04
1.900000000000000000e+01 7.000000000000000000e+01 4.700000000000000000e+01 0.000000000000000000e+00 1.600000000000000089e+00 -8.499999999999999526e-04 -2.546999999999999785e-03 -9.999959999999999960e-01 -8.437240000000000295e-01 -5.367729999999999446e-01 2.083999999999999915e-03 -5.367760000000000309e-01 8.437230000000000008e-01 -1.693000000000000060e-03
8.000000000000000000e+00 5.000000000000000000e+00 5.100000000000000000e+01 0.000000000000000000e+00 1.600000000000000089e+00 7.060000000000000303e-04 -3.177000000000000136e-03 -9.999949999999999672e-01 4.724269999999999858e-01 -8.813640000000000363e-01 3.134000000000000067e-03 -8.813699999999999868e-01 -4.724269999999999858e-01 8.790000000000000070e-04
1.400000000000000000e+01 5.000000000000000000e+00 5.100000000000000000e+01 0.000000000000000000e+00 1.600000000000000089e+00 -5.683999999999999816e-03 -1.337999999999999953e-02 -9.998939999999999495e-01 4.825760000000000050e-01 -8.758080000000000309e-01 8.977000000000000604e-03 -8.758359999999999479e-01 -4.824740000000000140e-01 1.143500000000000072e-02
1.900000000000000000e+01 5.000000000000000000e+00 5.100000000000000000e+01 0.000000000000000000e+00 1.600000000000000089e+00 -2.487000000000000061e-03 -2.701999999999999975e-03 -9.999930000000000208e-01 4.858279999999999821e-01 -8.740539999999999976e-01 1.154000000000000078e-03 -8.740510000000000224e-01 -4.858219999999999761e-01 3.485999999999999949e-03
2.300000000000000000e+01 5.000000000000000000e+00 5.100000000000000000e+01 0.000000000000000000e+00 1.600000000000000089e+00 -5.969999999999999829e-04 3.621000000000000087e-03 -9.999930000000000208e-01 4.896710000000000229e-01 -8.719000000000000083e-01 -3.449999999999999942e-03 -8.719069999999999876e-01 -4.896699999999999942e-01 -1.252999999999999991e-03
2.800000000000000000e+01 5.000000000000000000e+00 5.100000000000000000e+01 0.000000000000000000e+00 1.600000000000000089e+00 2.151999999999999833e-03 -2.785000000000000149e-03 -9.999940000000000495e-01 4.935789999999999900e-01 -8.696939999999999671e-01 3.484000000000000118e-03 -8.696989999999999998e-01 -4.935829999999999940e-01 -4.970000000000000459e-04
2.900000000000000000e+01 1.150000000000000000e+02 5.100000000000000000e+01 0.000000000000000000e+00 1.600000000000000089e+00 1.319000000000000077e-03 -2.356000000000000021e-03 9.999959999999999960e-01 8.475639999999999841e-01 -5.306880000000000486e-01 -2.367999999999999879e-03 5.306910000000000238e-01 8.475639999999999841e-01 1.296999999999999976e-03
5.000000000000000000e+00 7.000000000000000000e+00 5.200000000000000000e+01 0.000000000000000000e+00 1.600000000000000089e+00 -6.870000000000000022e-04 1.669999999999999935e-04 -1.000000000000000000e+00 9.805500000000000327e-02 -9.951809999999999823e-01 -2.329999999999999986e-04 -9.951809999999999823e-01 -9.805500000000000327e-02 6.669999999999999497e-04
1.900000000000000000e+01 7.000000000000000000e+00 5.200000000000000000e+01 0.000000000000000000e+00 1.600000000000000089e+00 -2.778999999999999786e-03 -8.700000000000000051e-04 -9.999959999999999960e-01 1.148939999999999961e-01 -9.933779999999999832e-01 5.450000000000000200e-04 -9.933739999999999792e-01 -1.148919999999999941e-01 2.860000000000000129e-03
1.000000000000000000e+00 6.300000000000000000e+01 5.400000000000000000e+01 0.000000000000000000e+00 1.600000000000000089e+00 -1.827999999999999981e-03 -2.880000000000000073e-04 9.999980000000000535e-01 -3.411469999999999780e-01 9.400100000000000122e-01 -3.530000000000000152e-04 -9.400079999999999547e-01 -3.411469999999999780e-01 -1.817000000000000039e-03
1.100000000000000000e+01 6.300000000000000000e+01 5.400000000000000000e+01 0.000000000000000000e+00 1.600000000000000089e+00 1.420000000000000038e-03 2.456999999999999983e-03 9.999959999999999960e-01 -3.310239999999999849e-01 9.436200000000000143e-01 -1.848000000000000033e-03 -9.436210000000000431e-01 -3.310199999999999809e-01 2.152999999999999966e-03
1.700000000000000000e+01 6.300000000000000000e+01 5.400000000000000000e+01 0.000000000000000000e+00 1.600000000000000089e+00 -1.998999999999999909e-03 -4.769999999999999934e-04 9.999980000000000535e-01 -3.352089999999999792e-01 9.421439999999999815e-01 -2.200000000000000078e-04 -9.421410000000000062e-01 -3.352089999999999792e-01 -2.043000000000000111e-03
2.200000000000000000e+01 6.300000000000000000e+01 5.400000000000000000e+01 0.000000000000000000e+00 1.600000000000000089e+00 -1.417999999999999990e-03 -3.412999999999999801e-03 9.999930000000000208e-01 -3.448530000000000206e-01 9.386529999999999596e-01 2.713999999999999833e-03 -9.386560000000000459e-01 -3.448470000000000146e-01 -2.507999999999999813e-03
4.000000000000000000e+00 2.500000000000000000e+01 5.500000000000000000e+01 0.000000000000000000e+00 1.600000000000000089e+00 2.067999999999999960e-03 1.035200000000000009e-02 -9.999440000000000550e-01 -1.113199999999999953e-02 -9.998839999999999950e-01 -1.037399999999999954e-02 -9.999360000000000470e-01 1.115299999999999972e-02 -1.953000000000000092e-03
1.500000000000000000e+01 2.500000000000000000e+01 5.500000000000000000e+01 0.000000000000000000e+00 1.600000000000000089e+00 -1.118000000000000070e-03 -1.257000000000000088e-03 -9.999989999999999712e-01 -9.409000000000000696e-03 -9.999550000000000383e-01 1.266999999999999897e-03 -9.999550000000000383e-01 9.409999999999999962e-03 1.105999999999999995e-03
2.700000000000000000e+01 6.800000000000000000e+01 5.700000000000000000e+01 0.000000000000000000e+00 1.600000000000000089e+00 1.559999999999999972e-04 7.683999999999999858e-03 -9.999700000000000255e-01 -2.422920000000000074e-01 -9.701739999999999808e-01 -7.492999999999999661e-03 -9.702030000000000376e-01 2.422860000000000014e-01 1.709999999999999932e-03
2.000000000000000000e+00 2.100000000000000000e+01 6.000000000000000000e+01 0.000000000000000000e+00 1.600000000000000089e+00 3.710000000000000190e-03 -2.269799999999999943e-02 9.997359999999999580e-01 -9.346899999999999653e-02 9.953579999999999650e-01 2.294500000000000012e-02 -9.956150000000000277e-01 -9.353000000000000203e-02 1.570999999999999914e-03
6.000000000000000000e+00 2.100000000000000000e+01 6.000000000000000000e+01 0.000000000000000000e+00 1.600000000000000089e+00 -2.269999999999999882e-04 -9.195999999999999314e-03 9.999580000000000135e-01 -9.043600000000000250e-02 9.958599999999999675e-01 9.138000000000000289e-03 -9.959019999999999539e-01 -9.043099999999999750e-02 -1.057999999999999913e-03
1.000000000000000000e+01 2.100000000000000000e+01 6.000000000000000000e+01 0.000000000000000000e+00 1.600000000000000089e+00 -1.716999999999999993e-03 -3.089999999999999756e-04 9.999989999999999712e-01 -8.935800000000000687e-02 9.959999999999999964e-01 1.550000000000000000e-04 -9.959980000000000500e-01 -8.935700000000000587e-02 -1.737999999999999962e-03
1.600000000000000000e+01 2.100000000000000000e+01 6.000000000000000000e+01 0.000000000000000000e+00 1.600000000000000089e+00 1.400999999999999902e-03 1.099999999999999936e-02 9.999379999999999935e-01 -8.982900000000000607e-02 9.958979999999999499e-01 -1.082999999999999935e-02 -9.959559999999999524e-01 -8.980799999999999894e-02 2.383000000000000135e-03
2.000000000000000000e+01 2.100000000000000000e+01 6.000000000000000000e+01 0.000000000000000000e+00 1.600000000000000089e+00 8.012999999999999290e-03 -6.727999999999999606e-03 9.999449999999999728e-01 -9.233099999999999641e-02 9.957009999999999472e-01 7.440000000000000432e-03 -9.956960000000000255e-01 -9.238599999999999590e-02 7.357999999999999957e-03
2.700000000000000000e+01 2.100000000000000000e+01 6.000000000000000000e+01 0.000000000000000000e+00 1.600000000000000089e+00 -4.869000000000000064e-03 6.233999999999999958e-03 9.999689999999999968e-01 -9.438599999999999768e-02 9.955129999999999812e-01 -6.664999999999999918e-03 -9.955239999999999645e-01 -9.441599999999999993e-02 -4.258999999999999765e-03
1.400000000000000000e+01 3.000000000000000000e+00 6.300000000000000000e+01 0.000000000000000000e+00 1.600000000000000089e+00 -1.188999999999999953e-03 -8.776000000000000814e-03 9.999609999999999888e-01 -6.144190000000000484e-01 7.889559999999999906e-01 6.193999999999999853e-03 -7.889789999999999859e-01 -6.143870000000000164e-01 -6.329999999999999689e-03
6.000000000000000000e+00 2.700000000000000000e+01 6.300000000000000000e+01 0.000000000000000000e+00 1.600000000000000089e+00 3.050000000000000194e-03 9.117000000000000104e-03 9.999540000000000095e-01 -2.678780000000000050e-01 9.634200000000000541e-01 -7.967000000000000123e-03 -9.634479999999999711e-01 -2.678409999999999958e-01 5.381000000000000366e-03
1.000000000000000000e+01 2.700000000000000000e+01 6.300000000000000000e+01 0.000000000000000000e+00 1.600000000000000089e+00 -2.318999999999999881e-03 -6.165000000000000341e-03 9.999780000000000335e-01 -2.658510000000000040e-01 9.639999999999999680e-01 5.327000000000000138e-03 -9.640109999999999513e-01 -2.658320000000000127e-01 -3.874999999999999972e-03
1.800000000000000000e+01 2.700000000000000000e+01 6.300000000000000000e+01 0.000000000000000000e+00 1.600000000000000089e+00 1.224000000000000045e-03 -4.338999999999999975e-03 9.999900000000000455e-01 -2.736520000000000064e-01 9.618179999999999508e-01 4.507999999999999854e-03 -9.618280000000000163e-01 -2.736549999999999816e-01 -1.000000000000000082e-05
2.300000000000000000e+01 2.700000000000000000e+01 6.300000000000000000e+01 0.000000000000000000e+00 1.600000000000000089e+00 -1.394000000000000057e-03 -1.173999999999999913e-03 9.999980000000000535e-01 -2.825659999999999838e-01 9.592479999999999896e-01 7.320000000000000118e-04 -9.592469999999999608e-01 -2.825650000000000106e-01 -1.668999999999999911e-03
2.900000000000000000e+01 2.700000000000000000e+01 6.300000000000000000e+01 0.000000000000000000e+00 1.600000000000000089e+00 -1.039999999999999936e-04 -1.701000000000000038e-03 9.999989999999999712e-01 -2.768280000000000185e-01 9.609180000000000499e-01 1.606000000000000006e-03 -9.609199999999999964e-01 -2.768269999999999897e-01 -5.710000000000000015e-04
5.000000000000000000e+00 2.600000000000000000e+01 6.400000000000000000e+01 0.000000000000000000e+00 1.600000000000000089e+00 1.268000000000000030e-03 6.779000000000000303e-03 9.999759999999999760e-01 -3.486719999999999819e-01 9.372260000000000035e-01 -5.911999999999999721e-03 -9.372439999999999660e-01 -3.486560000000000215e-01 3.552000000000000036e-03
9.000000000000000000e+00 2.600000000000000000e+01 6.400000000000000000e+01 0.000000000000000000e+00 1.600000000000000089e+00 -3.490000000000000263e-04 -4.712000000000000043e-03 9.999890000000000168e-01 -3.468860000000000277e-01 9.378969999999999807e-01 4.298999999999999870e-03 -9.379070000000000462e-01 -3.468809999999999949e-01 -1.962000000000000202e-03
1.400000000000000000e+01 2.600000000000000000e+01 6.400000000000000000e+01 0.000000000000000000e+00 1.600000000000000089e+00 5.710000000000000015e-04 -1.342899999999999996e-02 9.999099999999999655e-01 -3.541119999999999823e-01 9.351159999999999473e-01 1.276099999999999977e-02 -9.352030000000000065e-01 -3.540869999999999851e-01 -4.220999999999999926e-03
2.300000000000000000e+01 2.600000000000000000e+01 6.400000000000000000e+01 0.000000000000000000e+00 1.600000000000000089e+00 -9.250000000000000409e-04 8.300000000000000086e-04 9.999989999999999712e-01 -3.670970000000000066e-01 9.301819999999999533e-01 -1.111999999999999924e-03 -9.301819999999999533e-01 -3.670979999999999799e-01 -5.559999999999999621e-04
2.800000000000000000e+01 2.600000000000000000e+01 6.400000000000000000e+01 0.000000000000000000e+00 1.600000000000000089e+00 -1.616999999999999948e-03 -5.166999999999999718e-03 9.999850000000000128e-01 -3.607139999999999791e-01 9.326670000000000238e-01 4.235000000000000049e-03 -9.326750000000000318e-01 -3.607020000000000226e-01 -3.371999999999999997e-03
2.900000000000000000e+01 6.900000000000000000e+01 6.600000000000000000e+01 0.000000000000000000e+00 1.600000000000000089e+00 8.449999999999999178e-03 -3.745000000000000065e-03 9.999569999999999848e-01 -9.428229999999999666e-01 3.331669999999999909e-01 9.214999999999999233e-03 -3.331870000000000109e-01 -9.428600000000000314e-01 -7.159999999999999481e-04
5.000000000000000000e+00 2.500000000000000000e+01 7.300000000000000000e+01 0.000000000000000000e+00 1.600000000000000089e+00 4.390999999999999938e-03 1.842000000000000104e-03 9.999890000000000168e-01 7.508829999999999671e-01 -6.604320000000000190e-01 -2.079999999999999818e-03 6.604210000000000358e-01 7.508829999999999671e-01 -4.283000000000000348e-03
1.100000000000000000e+01 2.500000000000000000e+01 7.300000000000000000e+01 0.000000000000000000e+00 1.600000000000000089e+00 -3.436999999999999951e-03 8.045000000000000068e-03 9.999620000000000175e-01 7.535450000000000204e-01 -6.573489999999999611e-01 7.879000000000000586e-03 6.573870000000000546e-01 7.535439999999999916e-01 -3.802999999999999957e-03
1.600000000000000000e+01 2.500000000000000000e+01 7.300000000000000000e+01 0.000000000000000000e+00 1.600000000000000089e+00 -1.268000000000000030e-03 -7.012000000000000004e-03 9.999749999999999472e-01 7.445800000000000196e-01 -6.675229999999999775e-01 -3.736000000000000171e-03 6.675320000000000142e-01 7.445559999999999956e-01 6.067999999999999609e-03
2.200000000000000000e+01 2.500000000000000000e+01 7.300000000000000000e+01 0.000000000000000000e+00 1.600000000000000089e+00 5.590999999999999616e-03 2.837999999999999811e-03 9.999799999999999800e-01 7.503410000000000357e-01 -6.610470000000000512e-01 -2.318999999999999881e-03 6.610270000000000312e-01 7.503389999999999782e-01 -5.825999999999999582e-03
2.500000000000000000e+01 2.500000000000000000e+01 7.300000000000000000e+01 0.000000000000000000e+00 1.600000000000000089e+00 7.761999999999999802e-03 5.684999999999999949e-03 9.999540000000000095e-01 7.586389999999999523e-01 -6.515069999999999473e-01 -2.184999999999999876e-03 6.514649999999999608e-01 7.586209999999999898e-01 -9.369999999999999857e-03
