4.000000000000000000e+00 2.500000000000000000e+01 1.000000000000000000e+00 0.000000000000000000e+00 1.600000000000000089e+00 2.595999999999999783e-03 3.099999999999999999e-04 -9.999970000000000248e-01 -5.370489999999999986e-01 -8.435489999999999933e-01 -1.655000000000000004e-03 -8.435470000000000468e-01 5.370519999999999738e-01 -2.023000000000000059e-03
2.600000000000000000e+01 2.500000000000000000e+01 1.000000000000000000e+00 0.000000000000000000e+00 1.600000000000000089e+00 3.455000000000000172e-03 2.906000000000000163e-03 -9.999900000000000455e-01 -5.431329999999999769e-01 -8.396360000000000490e-01 -4.316999999999999657e-03 -8.396400000000000530e-01 5.431420000000000137e-01 -1.322999999999999957e-03
6.000000000000000000e+00 1.500000000000000000e+01 4.000000000000000000e+00 0.000000000000000000e+00 1.600000000000000089e+00 1.440000000000000036e-04 1.513499999999999915e-02 9.998850000000000238e-01 2.933609999999999829e-01 -9.558929999999999927e-01 1.442700000000000059e-02 9.560020000000000184e-01 2.933250000000000024e-01 -4.577999999999999604e-03
9.000000000000000000e+00 1.500000000000000000e+01 4.000000000000000000e+00 0.000000000000000000e+00 1.600000000000000089e+00 -1.580000000000000024e-03 1.398499999999999917e-02 9.999010000000000398e-01 2.933749999999999969e-01 -9.558969999999999967e-01 1.383299999999999981e-02 9.559959999999999569e-01 2.933680000000000176e-01 -2.592000000000000120e-03
2.200000000000000000e+01 1.500000000000000000e+01 4.000000000000000000e+00 0.000000000000000000e+00 1.600000000000000089e+00 -8.689999999999999808e-04 3.599999999999999901e-03 9.999930000000000208e-01 2.862560000000000104e-01 -9.581460000000000532e-01 3.697999999999999898e-03 9.581530000000000324e-01 2.862580000000000124e-01 -1.979999999999999881e-04
1.900000000000000000e+01 1.600000000000000000e+01 4.000000000000000000e+00 0.000000000000000000e+00 1.600000000000000089e+00 -5.045000000000000005e-03 -7.870000000000000476e-04 9.999869999999999592e-01 3.550949999999999940e-01 -9.348300000000000498e-01 1.056000000000000081e-03 9.348170000000000091e-01 3.550960000000000227e-01 4.995000000000000308e-03
2.400000000000000000e+01 1.600000000000000000e+01 4.000000000000000000e+00 0.000000000000000000e+00 1.600000000000000089e+00 -4.859999999999999954e-04 5.657999999999999835e-03 9.999839999999999840e-01 3.522569999999999868e-01 -9.358870000000000244e-01 5.466000000000000372e-03 9.359030000000000404e-01 3.522540000000000115e-01 -1.538000000000000088e-03
2.800000000000000000e+01 1.600000000000000000e+01 4.000000000000000000e+00 0.000000000000000000e+00 1.600000000000000089e+00 -1.788000000000000093e-03 4.618999999999999842e-03 9.999879999999999880e-01 3.549089999999999745e-01 -9.348880000000000523e-01 4.952999999999999937e-03 9.348990000000000355e-01 3.549140000000000073e-01 3.199999999999999855e-05
7.000000000000000000e+00 1.010000000000000000e+02 7.000000000000000000e+00 0.000000000000000000e+00 1.600000000000000089e+00 8.459999999999999638e-04 2.263999999999999953e-03 9.999970000000000248e-01 8.834610000000000518e-01 4.685019999999999740e-01 -1.807999999999999928e-03 -4.685050000000000048e-01 8.834589999999999943e-01 -1.603999999999999957e-03
1.300000000000000000e+01 1.010000000000000000e+02 7.000000000000000000e+00 0.000000000000000000e+00 1.600000000000000089e+00 -1.312999999999999931e-03 -1.765000000000000076e-03 9.999980000000000535e-01 8.834910000000000263e-01 4.684440000000000270e-01 1.985999999999999918e-03 -4.684470000000000023e-01 8.834910000000000263e-01 9.439999999999999607e-04
2.000000000000000000e+01 1.010000000000000000e+02 7.000000000000000000e+00 0.000000000000000000e+00 1.600000000000000089e+00 7.590000000000000175e-04 -8.040999999999999537e-03 9.999670000000000503e-01 8.874410000000000354e-01 4.609110000000000151e-01 3.033000000000000106e-03 -4.609199999999999964e-01 8.874100000000000321e-01 7.485000000000000334e-03
2.500000000000000000e+01 1.010000000000000000e+02 7.000000000000000000e+00 0.000000000000000000e+00 1.600000000000000089e+00 -7.609999999999999577e-04 7.135999999999999982e-03 9.999740000000000295e-01 8.879029999999999978e-01 4.600230000000000152e-01 -2.606999999999999942e-03 -4.600299999999999945e-01 8.878779999999999450e-01 -6.686000000000000103e-03
3.000000000000000000e+01 1.010000000000000000e+02 7.000000000000000000e+00 0.000000000000000000e+00 1.600000000000000089e+00 -3.452999999999999906e-03 -8.300000000000000086e-03 9.999599999999999600e-01 8.888599999999999834e-01 4.581270000000000064e-01 6.871999999999999637e-03 -4.581660000000000177e-01 8.888479999999999714e-01 5.794999999999999804e-03
7.000000000000000000e+00 1.500000000000000000e+01 8.000000000000000000e+00 0.000000000000000000e+00 1.600000000000000089e+00 4.631999999999999833e-03 1.357399999999999926e-02 -9.998970000000000358e-01 -5.905580000000000274e-01 -8.068790000000000129e-01 -1.368899999999999978e-02 -8.069819999999999771e-01 5.905599999999999739e-01 4.277999999999999685e-03
1.000000000000000000e+01 1.500000000000000000e+01 8.000000000000000000e+00 0.000000000000000000e+00 1.600000000000000089e+00 4.126999999999999592e-03 9.511000000000000357e-03 -9.999460000000000015e-01 -5.885789999999999633e-01 -8.083770000000000122e-01 -1.011899999999999952e-02 -8.084289999999999532e-01 5.885890000000000288e-01 2.262000000000000122e-03
1.600000000000000000e+01 1.500000000000000000e+01 8.000000000000000000e+00 0.000000000000000000e+00 1.600000000000000089e+00 2.912999999999999791e-03 -2.882000000000000013e-03 -9.999919999999999920e-01 -5.875240000000000462e-01 -8.092059999999999809e-01 6.210000000000000242e-04 -8.092009999999999481e-01 5.875169999999999559e-01 -4.050999999999999913e-03
2.200000000000000000e+01 1.500000000000000000e+01 8.000000000000000000e+00 0.000000000000000000e+00 1.600000000000000089e+00 2.582999999999999793e-03 7.148999999999999973e-03 -9.999710000000000543e-01 -5.839480000000000226e-01 -8.117579999999999796e-01 -7.311999999999999923e-03 -8.117870000000000363e-01 5.839499999999999691e-01 2.077999999999999986e-03
2.900000000000000000e+01 1.500000000000000000e+01 8.000000000000000000e+00 0.000000000000000000e+00 1.600000000000000089e+00 3.171999999999999906e-03 2.562000000000000041e-03 -9.999919999999999920e-01 -5.838919999999999666e-01 -8.118220000000000436e-01 -3.931999999999999731e-03 -8.118250000000000188e-01 5.838999999999999746e-01 -1.079000000000000098e-03
2.300000000000000000e+01 2.600000000000000000e+01 8.000000000000000000e+00 0.000000000000000000e+00 1.600000000000000089e+00 -3.833000000000000036e-03 -1.411100000000000028e-02 -9.998930000000000318e-01 4.076159999999999783e-01 9.130390000000000450e-01 -1.444800000000000077e-02 9.131449999999999845e-01 -4.076279999999999903e-01 2.252000000000000095e-03
2.700000000000000000e+01 2.600000000000000000e+01 8.000000000000000000e+00 0.000000000000000000e+00 1.600000000000000089e+00 -2.255000000000000060e-03 -8.689000000000000543e-03 -9.999599999999999600e-01 4.086239999999999872e-01 9.126600000000000268e-01 -8.852000000000000493e-03 9.126999999999999558e-01 -4.086279999999999912e-01 1.492000000000000054e-03
4.000000000000000000e+00 2.400000000000000000e+01 9.000000000000000000e+00 0.000000000000000000e+00 1.600000000000000089e+00 -3.367000000000000201e-03 -4.877000000000000259e-03 -9.999820000000000375e-01 4.597930000000000073e-01 8.880069999999999908e-01 -5.878999999999999677e-03 8.880200000000000315e-01 -4.598039999999999905e-01 -7.479999999999999670e-04
1.400000000000000000e+01 2.400000000000000000e+01 9.000000000000000000e+00 0.000000000000000000e+00 1.600000000000000089e+00 -1.641000000000000097e-03 1.090000000000000040e-03 -9.999980000000000535e-01 4.597550000000000248e-01 8.880460000000000020e-01 2.130000000000000003e-04 8.880439999999999445e-01 -4.597530000000000228e-01 -1.958000000000000105e-03
1.700000000000000000e+01 2.400000000000000000e+01 9.000000000000000000e+00 0.000000000000000000e+00 1.600000000000000089e+00 -2.217999999999999920e-03 -3.129999999999999970e-03 -9.999930000000000208e-01 4.594840000000000035e-01 8.881780000000000230e-01 -3.799999999999999992e-03 8.881829999999999448e-01 -4.594889999999999808e-01 -5.310000000000000050e-04
2.200000000000000000e+01 2.400000000000000000e+01 9.000000000000000000e+00 0.000000000000000000e+00 1.600000000000000089e+00 -4.176000000000000024e-03 -1.633199999999999930e-02 -9.998580000000000245e-01 4.590239999999999876e-01 8.882719999999999505e-01 -1.642700000000000063e-02 8.884140000000000370e-01 -4.590270000000000183e-01 3.788000000000000134e-03
2.900000000000000000e+01 2.400000000000000000e+01 9.000000000000000000e+00 0.000000000000000000e+00 1.600000000000000089e+00 -2.514000000000000175e-03 -7.368000000000000417e-03 -9.999700000000000255e-01 4.613030000000000186e-01 8.872090000000000254e-01 -7.696999999999999849e-03 8.872389999999999999e-01 -4.613079999999999958e-01 1.168999999999999900e-03
3.000000000000000000e+00 1.040000000000000000e+02 1.100000000000000000e+01 0.000000000000000000e+00 1.600000000000000089e+00 3.580999999999999982e-03 -1.052600000000000063e-02 9.999379999999999935e-01 -9.737449999999999717e-01 -2.276410000000000100e-01 1.090999999999999956e-03 2.276150000000000118e-01 -9.736879999999999979e-01 -1.106500000000000018e-02
2.000000000000000000e+00 3.100000000000000000e+01 1.200000000000000000e+01 0.000000000000000000e+00 1.600000000000000089e+00 -4.569999999999999952e-04 -6.065000000000000079e-03 9.999820000000000375e-01 1.554000000000000043e-03 9.999799999999999800e-01 6.065000000000000079e-03 -9.999989999999999712e-01 1.556000000000000091e-03 -4.470000000000000232e-04
2.600000000000000000e+01 3.100000000000000000e+01 1.200000000000000000e+01 0.000000000000000000e+00 1.600000000000000089e+00 -9.600000000000000243e-04 -1.789999999999999925e-03 9.999980000000000535e-01 -2.383800000000000155e-02 9.997139999999999915e-01 1.766999999999999908e-03 -9.997150000000000203e-01 -2.383700000000000055e-02 -1.002999999999999985e-03
1.900000000000000000e+01 3.200000000000000000e+01 1.400000000000000000e+01 0.000000000000000000e+00 1.600000000000000089e+00 -2.418000000000000010e-03 -4.886999999999999851e-03 -9.999850000000000128e-01 1.121739999999999959e-01 9.936749999999999750e-01 -5.126999999999999613e-03 9.936859999999999582e-01 -1.121840000000000059e-01 -1.855000000000000095e-03
1.000000000000000000e+00 1.200000000000000000e+01 1.500000000000000000e+01 0.000000000000000000e+00 1.600000000000000089e+00 1.968999999999999830e-03 2.964000000000000055e-03 -9.999940000000000495e-01 -4.660469999999999891e-01 -8.847530000000000117e-01 -3.540000000000000178e-03 -8.847580000000000444e-01 4.660520000000000218e-01 -3.609999999999999928e-04
8.000000000000000000e+00 1.200000000000000000e+01 1.500000000000000000e+01 0.000000000000000000e+00 1.600000000000000089e+00 1.920000000000000049e-03 2.269000000000000183e-03 -9.999959999999999960e-01 -4.675079999999999791e-01 -8.839839999999999920e-01 -2.903999999999999897e-03 -8.839869999999999672e-01 4.675110000000000099e-01 -6.359999999999999551e-04
1.600000000000000000e+01 1.200000000000000000e+01 1.500000000000000000e+01 0.000000000000000000e+00 1.600000000000000089e+00 2.950000000000000148e-04 -1.634999999999999952e-03 -9.999989999999999712e-01 -4.688610000000000277e-01 -8.832710000000000283e-01 1.304999999999999953e-03 -8.832719999999999461e-01 4.688599999999999990e-01 -1.026999999999999918e-03
2.000000000000000000e+01 1.200000000000000000e+01 1.500000000000000000e+01 0.000000000000000000e+00 1.600000000000000089e+00 3.559999999999999797e-04 -1.459999999999999981e-04 -1.000000000000000000e+00 -4.679220000000000046e-01 -8.837699999999999445e-01 -3.800000000000000209e-05 -8.837699999999999445e-01 4.679220000000000046e-01 -3.829999999999999854e-04
2.700000000000000000e+01 1.200000000000000000e+01 1.500000000000000000e+01 0.000000000000000000e+00 1.600000000000000089e+00 2.328000000000000208e-03 -1.544999999999999932e-03 -9.999959999999999960e-01 -4.665380000000000082e-01 -8.845009999999999817e-01 2.799999999999999755e-04 -8.844980000000000064e-01 4.665349999999999775e-01 -2.779999999999999919e-03
3.000000000000000000e+01 1.200000000000000000e+01 1.500000000000000000e+01 0.000000000000000000e+00 1.600000000000000089e+00 2.145000000000000205e-03 -1.247000000000000062e-03 -9.999970000000000248e-01 -4.668320000000000247e-01 -8.843459999999999654e-01 1.010000000000000020e-04 -8.843429999999999902e-01 4.668300000000000227e-01 -2.478999999999999867e-03
1.600000000000000000e+01 1.100000000000000000e+01 1.600000000000000000e+01 0.000000000000000000e+00 1.600000000000000089e+00 -1.259999999999999998e-04 -3.460000000000000076e-04 -1.000000000000000000e+00 -4.212310000000000221e-01 -9.069530000000000092e-01 3.669999999999999760e-04 -9.069530000000000092e-01 4.212310000000000221e-01 -3.199999999999999855e-05
2.000000000000000000e+01 1.100000000000000000e+01 1.600000000000000000e+01 0.000000000000000000e+00 1.600000000000000089e+00 9.600000000000000243e-05 4.189999999999999931e-04 -1.000000000000000000e+00 -4.202779999999999849e-01 -9.073949999999999516e-01 -4.200000000000000174e-04 -9.073949999999999516e-01 4.202779999999999849e-01 8.899999999999999491e-05
2.300000000000000000e+01 1.100000000000000000e+01 1.600000000000000000e+01 0.000000000000000000e+00 1.600000000000000089e+00 1.631999999999999987e-03 -1.840000000000000001e-04 -9.999989999999999712e-01 -4.194309999999999983e-01 -9.077870000000000106e-01 -5.169999999999999899e-04 -9.077859999999999818e-01 4.194320000000000270e-01 -1.559000000000000056e-03
2.900000000000000000e+01 1.100000000000000000e+01 1.600000000000000000e+01 0.000000000000000000e+00 1.600000000000000089e+00 1.497999999999999983e-03 -4.000000000000000192e-04 -9.999989999999999712e-01 -4.190059999999999896e-01 -9.079829999999999846e-01 -2.640000000000000202e-04 -9.079819999999999558e-01 4.190059999999999896e-01 -1.528000000000000061e-03
8.000000000000000000e+00 1.160000000000000000e+02 1.600000000000000000e+01 0.000000000000000000e+00 1.600000000000000089e+00 4.800000000000000122e-04 -2.280000000000000126e-04 1.000000000000000000e+00 7.087689999999999824e-01 7.054409999999999847e-01 -1.800000000000000113e-04 -7.054409999999999847e-01 7.087689999999999824e-01 5.000000000000000104e-04
1.300000000000000000e+01 1.160000000000000000e+02 1.600000000000000000e+01 0.000000000000000000e+00 1.600000000000000089e+00 1.770000000000000089e-03 6.710000000000000469e-04 9.999980000000000535e-01 7.036299999999999777e-01 7.105650000000000022e-01 -1.722999999999999922e-03 -7.105650000000000022e-01 7.036320000000000352e-01 7.860000000000000233e-04
1.700000000000000000e+01 1.160000000000000000e+02 1.600000000000000000e+01 0.000000000000000000e+00 1.600000000000000089e+00 -1.716000000000000077e-03 -1.877999999999999895e-03 9.999970000000000248e-01 6.967820000000000125e-01 7.172789999999999999e-01 2.543000000000000121e-03 -7.172809999999999464e-01 6.967839999999999590e-01 7.700000000000000139e-05
2.600000000000000000e+01 1.160000000000000000e+02 1.600000000000000000e+01 0.000000000000000000e+00 1.600000000000000089e+00 1.495000000000000018e-03 1.636000000000000084e-03 9.999970000000000248e-01 7.380529999999999591e-01 6.747389999999999777e-01 -2.207000000000000194e-03 -6.747410000000000352e-01 7.380550000000000166e-01 -1.990000000000000124e-04
1.100000000000000000e+01 2.000000000000000000e+00 1.900000000000000000e+01 0.000000000000000000e+00 1.600000000000000089e+00 6.930000000000000396e-04 -4.976000000000000388e-03 -9.999869999999999592e-01 1.841170000000000029e-01 -9.828919999999999879e-01 5.017999999999999891e-03 -9.829039999999999999e-01 -1.841180000000000039e-01 2.349999999999999930e-04
1.500000000000000000e+01 2.000000000000000000e+00 1.900000000000000000e+01 0.000000000000000000e+00 1.600000000000000089e+00 -1.815999999999999906e-03 4.291999999999999808e-03 -9.999890000000000168e-01 1.798790000000000111e-01 -9.836780000000000523e-01 -4.547999999999999959e-03 -9.836869999999999781e-01 -1.798849999999999894e-01 1.013999999999999927e-03
1.900000000000000000e+01 2.000000000000000000e+00 1.900000000000000000e+01 0.000000000000000000e+00 1.600000000000000089e+00 -2.906000000000000163e-03 4.337999999999999842e-03 -9.999860000000000415e-01 1.735540000000000138e-01 -9.848130000000000495e-01 -4.776999999999999996e-03 -9.848200000000000287e-01 -1.735659999999999981e-01 2.109000000000000197e-03
2.500000000000000000e+01 2.000000000000000000e+00 1.900000000000000000e+01 0.000000000000000000e+00 1.600000000000000089e+00 -1.860000000000000108e-03 9.131000000000000227e-03 -9.999569999999999848e-01 1.746000000000000052e-01 -9.845949999999999980e-01 -9.315000000000000363e-03 -9.846380000000000132e-01 -1.746089999999999864e-01 2.369999999999999874e-04
2.900000000000000000e+01 2.000000000000000000e+00 1.900000000000000000e+01 0.000000000000000000e+00 1.600000000000000089e+00 -3.422999999999999828e-03 2.018500000000000155e-02 -9.997899999999999565e-01 1.792199999999999904e-01 -9.835960000000000258e-01 -2.047099999999999961e-02 -9.838029999999999831e-01 -1.792519999999999947e-01 -2.509999999999999753e-04
1.400000000000000000e+01 4.000000000000000000e+00 2.000000000000000000e+01 0.000000000000000000e+00 1.600000000000000089e+00 -1.505000000000000044e-03 -2.759999999999999867e-04 -9.999989999999999712e-01 2.731669999999999932e-01 -9.619670000000000165e-01 -1.459999999999999981e-04 -9.619649999999999590e-01 -2.731669999999999932e-01 1.523000000000000048e-03
1.800000000000000000e+01 4.000000000000000000e+00 2.000000000000000000e+01 0.000000000000000000e+00 1.600000000000000089e+00 -2.952999999999999896e-03 4.645999999999999956e-03 -9.999850000000000128e-01 2.615410000000000235e-01 -9.651779999999999804e-01 -5.256000000000000255e-03 -9.651880000000000459e-01 -2.615520000000000067e-01 1.634999999999999952e-03
2.200000000000000000e+01 4.000000000000000000e+00 2.000000000000000000e+01 0.000000000000000000e+00 1.600000000000000089e+00 5.349999999999999938e-04 1.679999999999999907e-04 -1.000000000000000000e+00 2.533929999999999794e-01 -9.673629999999999729e-01 -2.699999999999999899e-05 -9.673629999999999729e-01 -2.533929999999999794e-01 -5.599999999999999509e-04
2.000000000000000000e+00 1.300000000000000000e+01 2.000000000000000000e+01 0.000000000000000000e+00 1.600000000000000089e+00 -7.200000000000000182e-05 -1.675000000000000057e-03 9.999989999999999712e-01 2.576749999999999874e-01 9.662300000000000333e-01 1.637000000000000000e-03 -9.662319999999999798e-01 2.576749999999999874e-01 3.620000000000000171e-04
8.000000000000000000e+00 1.300000000000000000e+01 2.000000000000000000e+01 0.000000000000000000e+00 1.600000000000000089e+00 7.169999999999999724e-04 2.579999999999999828e-04 1.000000000000000000e+00 2.572530000000000094e-01 9.663439999999999808e-01 -4.339999999999999782e-04 -9.663439999999999808e-01 2.572530000000000094e-01 6.260000000000000373e-04
1.200000000000000000e+01 1.300000000000000000e+01 2.000000000000000000e+01 0.000000000000000000e+00 1.600000000000000089e+00 8.329999999999999731e-04 1.279999999999999942e-04 1.000000000000000000e+00 2.544790000000000108e-01 9.670779999999999932e-01 -3.359999999999999814e-04 -9.670779999999999932e-01 2.544799999999999840e-01 7.730000000000000326e-04
1.500000000000000000e+01 1.300000000000000000e+01 2.000000000000000000e+01 0.000000000000000000e+00 1.600000000000000089e+00 -2.400000000000000061e-05 -1.255000000000000039e-03 9.999989999999999712e-01 2.524609999999999910e-01 9.676059999999999661e-01 1.219999999999999947e-03 -9.676069999999999949e-01 2.524609999999999910e-01 2.930000000000000204e-04
1.900000000000000000e+01 1.300000000000000000e+01 2.000000000000000000e+01 0.000000000000000000e+00 1.600000000000000089e+00 -2.039999999999999984e-04 -1.835999999999999958e-03 9.999980000000000535e-01 2.531120000000000037e-01 9.674350000000000449e-01 1.827999999999999981e-03 -9.674369999999999914e-01 2.531120000000000037e-01 2.680000000000000090e-04
2.300000000000000000e+01 1.300000000000000000e+01 2.000000000000000000e+01 0.000000000000000000e+00 1.600000000000000089e+00 -2.840000000000000185e-04 -3.108000000000000086e-03 9.999949999999999672e-01 2.536849999999999938e-01 9.672819999999999752e-01 3.078000000000000007e-03 -9.672870000000000079e-01 2.536849999999999938e-01 5.130000000000000011e-04
2.800000000000000000e+01 1.300000000000000000e+01 2.000000000000000000e+01 0.000000000000000000e+00 1.600000000000000089e+00 -1.500000000000000038e-05 -4.805000000000000243e-03 9.999879999999999880e-01 2.508870000000000267e-01 9.680050000000000043e-01 4.655000000000000283e-03 -9.680170000000000163e-01 2.508839999999999959e-01 1.191000000000000001e-03
2.000000000000000000e+00 1.600000000000000000e+01 2.100000000000000000e+01 0.000000000000000000e+00 1.600000000000000089e+00 2.829999999999999942e-04 -3.420999999999999996e-03 9.999940000000000495e-01 2.967009999999999925e-01 9.549649999999999528e-01 3.183000000000000065e-03 -9.549699999999999855e-01 2.966980000000000173e-01 1.284999999999999901e-03
5.000000000000000000e+00 1.600000000000000000e+01 2.100000000000000000e+01 0.000000000000000000e+00 1.600000000000000089e+00 -9.000000000000000567e-05 2.770000000000000110e-04 1.000000000000000000e+00 2.970260000000000122e-01 9.548689999999999678e-01 -2.380000000000000117e-04 -9.548699999999999966e-01 2.970260000000000122e-01 -1.679999999999999907e-04
1.100000000000000000e+01 1.600000000000000000e+01 2.100000000000000000e+01 0.000000000000000000e+00 1.600000000000000089e+00 5.379999999999999583e-04 4.473000000000000413e-03 9.999900000000000455e-01 2.987319999999999975e-01 9.543270000000000364e-01 -4.428999999999999777e-03 -9.543369999999999909e-01 2.987310000000000243e-01 -8.220000000000000310e-04
2.000000000000000000e+01 1.600000000000000000e+01 2.100000000000000000e+01 0.000000000000000000e+00 1.600000000000000089e+00 4.229999999999999819e-04 6.629999999999999609e-04 1.000000000000000000e+00 3.003520000000000079e-01 9.538280000000000092e-01 -7.590000000000000175e-04 -9.538280000000000092e-01 3.003529999999999811e-01 2.049999999999999956e-04
2.600000000000000000e+01 1.600000000000000000e+01 2.100000000000000000e+01 0.000000000000000000e+00 1.600000000000000089e+00 -3.950000000000000061e-04 -3.488000000000000215e-03 9.999940000000000495e-01 2.989829999999999988e-01 9.542519999999999891e-01 3.445999999999999844e-03 -9.542580000000000506e-01 2.989829999999999988e-01 6.660000000000000338e-04
2.900000000000000000e+01 1.600000000000000000e+01 2.100000000000000000e+01 0.000000000000000000e+00 1.600000000000000089e+00 1.440000000000000036e-04 -7.217999999999999590e-03 9.999740000000000295e-01 2.992119999999999780e-01 9.541619999999999546e-01 6.844000000000000257e-03 -9.541870000000000074e-01 2.992029999999999967e-01 2.296999999999999997e-03
2.000000000000000000e+00 3.000000000000000000e+00 2.500000000000000000e+01 0.000000000000000000e+00 1.600000000000000089e+00 -5.898999999999999730e-03 3.919999999999999873e-04 9.999829999999999552e-01 -2.491300000000000112e-02 -9.996899999999999675e-01 2.449999999999999921e-04 9.996720000000000050e-01 -2.491099999999999912e-02 5.906999999999999924e-03
1.100000000000000000e+01 3.000000000000000000e+00 2.500000000000000000e+01 0.000000000000000000e+00 1.600000000000000089e+00 -2.039999999999999984e-04 1.463000000000000108e-03 9.999989999999999712e-01 -2.563500000000000154e-02 -9.996699999999999475e-01 1.456999999999999962e-03 9.996709999999999763e-01 -2.563500000000000154e-02 2.410000000000000033e-04
1.400000000000000000e+01 3.000000000000000000e+00 2.500000000000000000e+01 0.000000000000000000e+00 1.600000000000000089e+00 1.711999999999999980e-03 5.998999999999999992e-03 9.999810000000000088e-01 -2.154500000000000165e-02 -9.997500000000000275e-01 6.035000000000000434e-03 9.997660000000000435e-01 -2.155500000000000124e-02 -1.582999999999999989e-03
1.000000000000000000e+00 4.600000000000000000e+01 2.700000000000000000e+01 0.000000000000000000e+00 1.600000000000000089e+00 -1.891000000000000103e-03 3.989999999999999949e-04 -9.999980000000000535e-01 6.588110000000000355e-01 7.523079999999999767e-01 -9.460000000000000093e-04 7.523060000000000302e-01 -6.588119999999999532e-01 -1.685999999999999999e-03
8.000000000000000000e+00 4.600000000000000000e+01 2.700000000000000000e+01 0.000000000000000000e+00 1.600000000000000089e+00 -5.519999999999999733e-04 1.939999999999999993e-04 -1.000000000000000000e+00 6.649800000000000155e-01 7.468609999999999971e-01 -2.220000000000000022e-04 7.468609999999999971e-01 -6.649800000000000155e-01 -5.410000000000000312e-04
1.300000000000000000e+01 4.600000000000000000e+01 2.700000000000000000e+01 0.000000000000000000e+00 1.600000000000000089e+00 1.804000000000000048e-03 3.020000000000000223e-04 -9.999980000000000535e-01 6.631359999999999477e-01 7.484969999999999679e-01 1.423000000000000003e-03 7.484960000000000502e-01 -6.631380000000000052e-01 1.149999999999999981e-03
2.100000000000000000e+01 4.600000000000000000e+01 2.700000000000000000e+01 0.000000000000000000e+00 1.600000000000000089e+00 -1.413999999999999892e-03 -2.709999999999999735e-04 -9.999989999999999712e-01 6.632890000000000175e-01 7.483619999999999717e-01 -1.141000000000000087e-03 7.483619999999999717e-01 -6.632900000000000462e-01 -8.779999999999999827e-04
2.700000000000000000e+01 4.600000000000000000e+01 2.700000000000000000e+01 0.000000000000000000e+00 1.600000000000000089e+00 2.128000000000000117e-03 -2.919999999999999961e-04 -9.999980000000000535e-01 6.570700000000000429e-01 7.538289999999999713e-01 1.178000000000000011e-03 7.538270000000000248e-01 -6.570709999999999607e-01 1.796000000000000070e-03
7.000000000000000000e+00 5.800000000000000000e+01 3.100000000000000000e+01 0.000000000000000000e+00 1.600000000000000089e+00 4.600000000000000139e-04 -4.264000000000000429e-03 9.999909999999999632e-01 -7.911569999999999991e-01 -6.116080000000000405e-01 -2.243999999999999901e-03 6.116120000000000445e-01 -7.911489999999999911e-01 -3.654999999999999829e-03
1.400000000000000000e+01 5.800000000000000000e+01 3.100000000000000000e+01 0.000000000000000000e+00 1.600000000000000089e+00 6.774999999999999772e-03 1.136999999999999990e-03 9.999759999999999760e-01 -7.841730000000000089e-01 -6.205129999999999812e-01 6.019000000000000045e-03 6.205060000000000020e-01 -7.841949999999999754e-01 -3.311999999999999840e-03
2.200000000000000000e+01 5.800000000000000000e+01 3.100000000000000000e+01 0.000000000000000000e+00 1.600000000000000089e+00 1.559999999999999972e-03 3.357000000000000175e-03 9.999930000000000208e-01 -7.760629999999999473e-01 -6.306469999999999576e-01 3.327999999999999795e-03 6.306540000000000479e-01 -7.760629999999999473e-01 1.621000000000000045e-03
2.700000000000000000e+01 5.800000000000000000e+01 3.100000000000000000e+01 0.000000000000000000e+00 1.600000000000000089e+00 3.769999999999999914e-03 4.409999999999999858e-03 9.999829999999999552e-01 -7.681139999999999635e-01 -6.402879999999999683e-01 5.720000000000000258e-03 6.403020000000000378e-01 -7.681230000000000002e-01 9.730000000000000151e-04
1.400000000000000000e+01 6.000000000000000000e+00 3.200000000000000000e+01 0.000000000000000000e+00 1.600000000000000089e+00 -2.779999999999999811e-04 -5.512999999999999672e-03 -9.999850000000000128e-01 1.547169999999999934e-01 9.879440000000000444e-01 -5.490000000000000088e-03 9.879590000000000316e-01 -1.547159999999999924e-01 5.789999999999999791e-04
3.000000000000000000e+00 4.600000000000000000e+01 3.500000000000000000e+01 0.000000000000000000e+00 1.600000000000000089e+00 3.420000000000000188e-04 1.074000000000000085e-03 -9.999989999999999712e-01 3.812809999999999810e-01 -9.244590000000000307e-01 -8.630000000000000518e-04 -9.244590000000000307e-01 -3.812809999999999810e-01 -7.249999999999999500e-04
8.000000000000000000e+00 4.600000000000000000e+01 3.500000000000000000e+01 0.000000000000000000e+00 1.600000000000000089e+00 -1.381999999999999982e-03 4.713000000000000175e-03 -9.999879999999999880e-01 3.836289999999999978e-01 -9.234740000000000171e-01 -4.882000000000000055e-03 -9.234860000000000291e-01 -3.836309999999999998e-01 -5.320000000000000293e-04
1.200000000000000000e+01 4.600000000000000000e+01 3.500000000000000000e+01 0.000000000000000000e+00 1.600000000000000089e+00 1.242999999999999964e-03 3.789999999999999966e-04 -9.999989999999999712e-01 3.857349999999999945e-01 -9.226100000000000412e-01 1.299999999999999886e-04 -9.226090000000000124e-01 -3.857349999999999945e-01 -1.293000000000000095e-03
1.500000000000000000e+01 4.600000000000000000e+01 3.500000000000000000e+01 0.000000000000000000e+00 1.600000000000000089e+00 -9.089999999999999773e-04 -2.282999999999999873e-03 -9.999970000000000248e-01 3.863929999999999865e-01 -9.223329999999999584e-01 1.755000000000000050e-03 -9.223339999999999872e-01 -3.863900000000000112e-01 1.719999999999999958e-03
1.900000000000000000e+01 4.600000000000000000e+01 3.500000000000000000e+01 0.000000000000000000e+00 1.600000000000000089e+00 -1.534999999999999906e-03 2.990000000000000036e-04 -9.999989999999999712e-01 3.858539999999999748e-01 -9.225590000000000179e-01 -8.679999999999999565e-04 -9.225579999999999892e-01 -3.858550000000000035e-01 1.301000000000000073e-03
2.500000000000000000e+01 4.600000000000000000e+01 3.500000000000000000e+01 0.000000000000000000e+00 1.600000000000000089e+00 5.159999999999999656e-04 -4.096999999999999947e-03 -9.999919999999999920e-01 3.864569999999999950e-01 -9.222989999999999799e-01 3.977999999999999765e-03 -9.223069999999999879e-01 -3.864560000000000217e-01 1.106999999999999911e-03
2.900000000000000000e+01 4.600000000000000000e+01 3.500000000000000000e+01 0.000000000000000000e+00 1.600000000000000089e+00 8.989999999999999511e-04 -5.224000000000000345e-03 -9.999860000000000415e-01 3.861049999999999760e-01 -9.224400000000000377e-01 5.165999999999999585e-03 -9.224539999999999962e-01 -3.861040000000000028e-01 1.186999999999999904e-03
3.000000000000000000e+00 9.500000000000000000e+01 3.600000000000000000e+01 0.000000000000000000e+00 1.600000000000000089e+00 -2.743999999999999911e-03 5.507999999999999875e-03 9.999810000000000088e-01 9.957549999999999457e-01 9.201700000000000157e-02 2.226000000000000114e-03 -9.200300000000000145e-02 9.957420000000000160e-01 -5.736999999999999912e-03
7.000000000000000000e+00 9.500000000000000000e+01 3.600000000000000000e+01 0.000000000000000000e+00 1.600000000000000089e+00 -1.030000000000000100e-03 -8.350000000000000217e-04 9.999989999999999712e-01 9.959799999999999764e-01 8.956500000000000572e-02 1.100999999999999982e-03 -8.956600000000000672e-02 9.959810000000000052e-01 7.389999999999999651e-04
1.300000000000000000e+01 9.500000000000000000e+01 3.600000000000000000e+01 0.000000000000000000e+00 1.600000000000000089e+00 1.268999999999999946e-03 1.896000000000000116e-02 9.998190000000000133e-01 9.966110000000000246e-01 8.220600000000000129e-02 -2.824000000000000121e-03 -8.224399999999999766e-02 9.964349999999999596e-01 -1.879099999999999868e-02
1.900000000000000000e+01 9.500000000000000000e+01 3.600000000000000000e+01 0.000000000000000000e+00 1.600000000000000089e+00 3.996000000000000420e-03 -5.296000000000000360e-03 9.999780000000000335e-01 9.970630000000000326e-01 7.650700000000000556e-02 -3.579000000000000150e-03 -7.648599999999999843e-02 9.970550000000000246e-01 5.585999999999999820e-03
2.800000000000000000e+01 9.500000000000000000e+01 3.600000000000000000e+01 0.000000000000000000e+00 1.600000000000000089e+00 7.100000000000000462e-05 6.925999999999999865e-03 9.999759999999999760e-01 9.964089999999999892e-01 8.467199999999999727e-02 -6.570000000000000319e-04 -8.467399999999999927e-02 9.963849999999999651e-01 -6.895000000000000087e-03
1.100000000000000000e+01 3.000000000000000000e+00 4.300000000000000000e+01 0.000000000000000000e+00 1.600000000000000089e+00 2.900000000000000017e-04 2.286900000000000044e-02 -9.997380000000000155e-01 7.424770000000000536e-01 -6.697009999999999907e-01 -1.510399999999999937e-02 -6.698709999999999942e-01 -7.422790000000000221e-01 -1.717399999999999829e-02
1.900000000000000000e+01 3.000000000000000000e+00 4.300000000000000000e+01 0.000000000000000000e+00 1.600000000000000089e+00 8.100000000000000375e-05 1.417700000000000037e-02 -9.999000000000000110e-01 7.397049999999999459e-01 -6.728650000000000464e-01 -9.480000000000000579e-03 -6.729319999999999746e-01 -7.396300000000000097e-01 -1.054199999999999929e-02
4.000000000000000000e+00 8.000000000000000000e+00 4.400000000000000000e+01 0.000000000000000000e+00 1.600000000000000089e+00 -4.100000000000000047e-05 -1.136999999999999990e-03 9.999989999999999712e-01 -7.672579999999999956e-01 -6.413389999999999924e-01 -7.609999999999999577e-04 6.413389999999999924e-01 -7.672569999999999668e-01 -8.459999999999999638e-04
8.000000000000000000e+00 8.000000000000000000e+00 4.400000000000000000e+01 0.000000000000000000e+00 1.600000000000000089e+00 3.576000000000000185e-03 5.584000000000000422e-03 9.999780000000000335e-01 -7.694900000000000073e-01 -6.386279999999999735e-01 6.317999999999999831e-03 6.386490000000000222e-01 -7.694959999999999578e-01 2.013000000000000032e-03
1.600000000000000000e+01 8.000000000000000000e+00 4.400000000000000000e+01 0.000000000000000000e+00 1.600000000000000089e+00 4.275000000000000154e-03 1.484700000000000082e-02 9.998810000000000198e-01 -7.747939999999999827e-01 -6.320869999999999544e-01 1.269799999999999922e-02 6.321999999999999842e-01 -7.747549999999999715e-01 8.800999999999999795e-03
2.300000000000000000e+01 8.000000000000000000e+00 4.400000000000000000e+01 0.000000000000000000e+00 1.600000000000000089e+00 3.460000000000000076e-04 5.648000000000000242e-03 9.999839999999999840e-01 -7.793409999999999505e-01 -6.265889999999999516e-01 3.808000000000000187e-03 6.266009999999999636e-01 -7.793290000000000495e-01 4.185000000000000352e-03
7.000000000000000000e+00 2.900000000000000000e+01 4.400000000000000000e+01 0.000000000000000000e+00 1.600000000000000089e+00 2.080999999999999951e-03 -5.481999999999999894e-03 -9.999829999999999552e-01 6.719439999999999857e-01 7.405969999999999498e-01 -2.661999999999999870e-03 7.405990000000000073e-01 -6.719270000000000520e-01 5.224999999999999610e-03
1.000000000000000000e+01 2.900000000000000000e+01 4.400000000000000000e+01 0.000000000000000000e+00 1.600000000000000089e+00 1.066000000000000107e-03 -1.016999999999999892e-03 -9.999989999999999712e-01 6.781319999999999570e-01 7.349400000000000377e-01 -2.500000000000000120e-05 7.349390000000000089e-01 -6.781310000000000393e-01 1.474000000000000050e-03
1.500000000000000000e+01 2.900000000000000000e+01 4.400000000000000000e+01 0.000000000000000000e+00 1.600000000000000089e+00 -1.860000000000000108e-03 4.192999999999999679e-03 -9.999900000000000455e-01 6.763719999999999732e-01 7.365580000000000460e-01 1.830000000000000029e-03 7.365580000000000460e-01 -6.763620000000000188e-01 -4.205999999999999669e-03
2.300000000000000000e+01 2.900000000000000000e+01 4.400000000000000000e+01 0.000000000000000000e+00 1.600000000000000089e+00 -4.180000000000000230e-04 2.510000000000000078e-03 -9.999970000000000248e-01 6.742390000000000327e-01 7.385110000000000285e-01 1.572000000000000047e-03 7.385129999999999750e-01 -6.742369999999999752e-01 -2.001999999999999873e-03
2.800000000000000000e+01 2.900000000000000000e+01 4.400000000000000000e+01 0.000000000000000000e+00 1.600000000000000089e+00 -1.358000000000000049e-03 1.760000000000000063e-03 -9.999980000000000535e-01 6.688709999999999933e-01 7.433779999999999832e-01 4.000000000000000192e-04 7.433769999999999545e-01 -6.688690000000000468e-01 -2.186000000000000009e-03
2.800000000000000000e+01 5.400000000000000000e+01 4.600000000000000000e+01 0.000000000000000000e+00 1.600000000000000089e+00 -1.105000000000000079e-03 -1.454999999999999913e-03 9.999980000000000535e-01 3.283690000000000220e-01 -9.445489999999999720e-01 -1.010999999999999963e-03 9.445489999999999720e-01 3.283679999999999932e-01 1.521000000000000000e-03
1.400000000000000000e+01 6.500000000000000000e+01 4.600000000000000000e+01 0.000000000000000000e+00 1.600000000000000089e+00 1.595999999999999979e-03 -9.269999999999999811e-04 9.999980000000000535e-01 6.809089999999999865e-01 -7.323659999999999615e-01 -1.765000000000000076e-03 7.323659999999999615e-01 6.809110000000000440e-01 -5.379999999999999583e-04
1.400000000000000000e+01 6.000000000000000000e+00 5.100000000000000000e+01 0.000000000000000000e+00 1.600000000000000089e+00 3.082000000000000104e-03 7.304999999999999861e-03 -9.999689999999999968e-01 3.257220000000000115e-01 -9.454470000000000374e-01 -5.903000000000000261e-03 -9.454609999999999959e-01 -3.256930000000000103e-01 -5.292999999999999962e-03
1.800000000000000000e+01 6.000000000000000000e+00 5.100000000000000000e+01 0.000000000000000000e+00 1.600000000000000089e+00 4.990999999999999777e-03 8.063000000000000722e-03 -9.999550000000000383e-01 3.235089999999999910e-01 -9.462059999999999915e-01 -6.015000000000000381e-03 -9.462120000000000530e-01 -3.234639999999999738e-01 -7.330999999999999843e-03
9.000000000000000000e+00 7.000000000000000000e+00 5.200000000000000000e+01 0.000000000000000000e+00 1.600000000000000089e+00 7.630000000000000063e-04 -2.347000000000000128e-03 -9.999970000000000248e-01 1.182279999999999998e-01 -9.929839999999999778e-01 2.420999999999999975e-03 -9.929860000000000353e-01 -1.182290000000000008e-01 -4.800000000000000122e-04
1.400000000000000000e+01 7.000000000000000000e+00 5.200000000000000000e+01 0.000000000000000000e+00 1.600000000000000089e+00 4.458000000000000157e-03 5.955000000000000224e-03 -9.999719999999999720e-01 1.181880000000000014e-01 -9.929769999999999985e-01 -5.387000000000000295e-03 -9.929810000000000025e-01 -1.181610000000000021e-01 -5.131000000000000144e-03
3.000000000000000000e+00 6.300000000000000000e+01 5.400000000000000000e+01 0.000000000000000000e+00 1.600000000000000089e+00 1.739000000000000094e-03 -3.899999999999999929e-04 9.999980000000000535e-01 -3.596170000000000200e-01 9.331000000000000405e-01 9.899999999999999946e-04 -9.330979999999999830e-01 -3.596179999999999932e-01 1.482000000000000027e-03
7.000000000000000000e+00 6.300000000000000000e+01 5.400000000000000000e+01 0.000000000000000000e+00 1.600000000000000089e+00 1.779999999999999898e-04 -8.500000000000000611e-05 1.000000000000000000e+00 -3.598810000000000064e-01 9.329979999999999940e-01 1.440000000000000036e-04 -9.329979999999999940e-01 -3.598810000000000064e-01 1.359999999999999989e-04
1.000000000000000000e+01 6.300000000000000000e+01 5.400000000000000000e+01 0.000000000000000000e+00 1.600000000000000089e+00 -1.263999999999999933e-03 -1.101999999999999898e-03 9.999989999999999712e-01 -3.574879999999999725e-01 9.339180000000000259e-01 5.770000000000000389e-04 -9.339169999999999972e-01 -3.574860000000000260e-01 -1.575000000000000011e-03
1.700000000000000000e+01 6.300000000000000000e+01 5.400000000000000000e+01 0.000000000000000000e+00 1.600000000000000089e+00 -2.599999999999999840e-05 6.790000000000000245e-04 1.000000000000000000e+00 -3.523450000000000193e-01 9.358699999999999797e-01 -6.449999999999999570e-04 -9.358699999999999797e-01 -3.523450000000000193e-01 2.149999999999999947e-04
2.100000000000000000e+01 6.300000000000000000e+01 5.400000000000000000e+01 0.000000000000000000e+00 1.600000000000000089e+00 -2.420000000000000005e-04 1.046000000000000055e-03 9.999989999999999712e-01 -3.482660000000000200e-01 9.373949999999999783e-01 -1.064999999999999974e-03 -9.373960000000000070e-01 -3.482660000000000200e-01 1.369999999999999961e-04
2.600000000000000000e+01 6.300000000000000000e+01 5.400000000000000000e+01 0.000000000000000000e+00 1.600000000000000089e+00 -2.100000000000000087e-04 1.306000000000000086e-03 9.999989999999999712e-01 -3.548220000000000263e-01 9.349330000000000140e-01 -1.294999999999999927e-03 -9.349340000000000428e-01 -3.548220000000000263e-01 2.669999999999999847e-04
