1.200000000000000000e+01 2.500000000000000000e+01 1.000000000000000000e+00 0.000000000000000000e+00 1.600000000000000089e+00 4.506999999999999722e-03 6.823000000000000072e-03 -9.999670000000000503e-01 -5.215889999999999693e-01 -8.531579999999999719e-01 -8.172000000000000444e-03 -8.531849999999999712e-01 5.216089999999999893e-01 -2.860000000000000129e-04
1.800000000000000000e+01 2.500000000000000000e+01 1.000000000000000000e+00 0.000000000000000000e+00 1.600000000000000089e+00 -2.177999999999999815e-03 -1.051000000000000024e-02 -9.999419999999999975e-01 -5.182149999999999812e-01 -8.551910000000000345e-01 1.011699999999999926e-02 -8.552480000000000082e-01 5.182069999999999732e-01 -3.583999999999999946e-03
1.400000000000000000e+01 1.900000000000000000e+01 5.000000000000000000e+00 0.000000000000000000e+00 1.600000000000000089e+00 1.423999999999999919e-03 2.367000000000000180e-03 -9.999959999999999960e-01 -6.926639999999999464e-01 -7.212549999999999795e-01 -2.693000000000000081e-03 -7.212589999999999835e-01 6.926660000000000039e-01 6.130000000000000466e-04
1.700000000000000000e+01 1.900000000000000000e+01 5.000000000000000000e+00 0.000000000000000000e+00 1.600000000000000089e+00 8.500000000000000611e-05 -8.347999999999999518e-03 -9.999649999999999928e-01 -6.927919999999999634e-01 -7.211130000000000040e-01 5.962000000000000285e-03 -7.211379999999999457e-01 6.927670000000000217e-01 -5.845000000000000369e-03
2.100000000000000000e+01 1.900000000000000000e+01 5.000000000000000000e+00 0.000000000000000000e+00 1.600000000000000089e+00 8.809999999999999472e-04 -3.412000000000000102e-03 -9.999940000000000495e-01 -6.946409999999999529e-01 -7.193540000000000489e-01 1.843000000000000020e-03 -7.193559999999999954e-01 6.946350000000000025e-01 -3.004000000000000160e-03
3.000000000000000000e+01 1.900000000000000000e+01 5.000000000000000000e+00 0.000000000000000000e+00 1.600000000000000089e+00 -1.567000000000000033e-03 2.402000000000000055e-03 -9.999959999999999960e-01 -7.006360000000000365e-01 -7.135190000000000143e-01 -6.160000000000000111e-04 -7.135169999999999568e-01 7.006320000000000325e-01 2.801000000000000104e-03
9.000000000000000000e+00 1.010000000000000000e+02 7.000000000000000000e+00 0.000000000000000000e+00 1.600000000000000089e+00 8.689999999999999808e-04 -7.361999999999999621e-03 9.999719999999999720e-01 8.897070000000000256e-01 4.565239999999999854e-01 2.588000000000000023e-03 -4.565310000000000201e-01 8.896810000000000551e-01 6.947000000000000050e-03
2.000000000000000000e+01 1.010000000000000000e+02 7.000000000000000000e+00 0.000000000000000000e+00 1.600000000000000089e+00 1.482000000000000027e-03 -1.545599999999999925e-02 9.998789999999999623e-01 8.829270000000000174e-01 4.694729999999999737e-01 5.948000000000000162e-03 -4.695079999999999809e-01 8.828120000000000411e-01 1.434200000000000058e-02
8.000000000000000000e+00 2.500000000000000000e+01 8.000000000000000000e+00 0.000000000000000000e+00 1.600000000000000089e+00 -2.412000000000000081e-03 -4.154999999999999839e-03 -9.999879999999999880e-01 4.396809999999999885e-01 8.981409999999999672e-01 -4.793000000000000385e-03 8.981510000000000327e-01 -4.396880000000000233e-01 -3.390000000000000001e-04
1.200000000000000000e+01 2.500000000000000000e+01 8.000000000000000000e+00 0.000000000000000000e+00 1.600000000000000089e+00 -3.383999999999999855e-03 -4.821999999999999897e-03 -9.999829999999999552e-01 4.404449999999999754e-01 8.977610000000000312e-01 -5.819999999999999653e-03 8.977730000000000432e-01 -4.404569999999999874e-01 -9.139999999999999904e-04
1.500000000000000000e+01 2.500000000000000000e+01 8.000000000000000000e+00 0.000000000000000000e+00 1.600000000000000089e+00 -1.495000000000000018e-03 -8.208000000000000018e-03 -9.999649999999999928e-01 4.396599999999999953e-01 8.981280000000000374e-01 -8.028999999999999679e-03 8.981630000000000447e-01 -4.396570000000000200e-01 2.265999999999999785e-03
2.000000000000000000e+01 2.500000000000000000e+01 8.000000000000000000e+00 0.000000000000000000e+00 1.600000000000000089e+00 1.033999999999999980e-03 -8.021999999999999617e-03 -9.999670000000000503e-01 4.379709999999999992e-01 8.989639999999999853e-01 -6.758000000000000118e-03 8.989890000000000381e-01 -4.379489999999999772e-01 4.442999999999999901e-03
2.400000000000000000e+01 2.500000000000000000e+01 8.000000000000000000e+00 0.000000000000000000e+00 1.600000000000000089e+00 1.140000000000000063e-04 1.062000000000000010e-03 -9.999989999999999712e-01 4.389529999999999821e-01 8.985090000000000021e-01 1.003999999999999901e-03 8.985100000000000309e-01 -4.389529999999999821e-01 -3.629999999999999872e-04
2.900000000000000000e+01 2.500000000000000000e+01 8.000000000000000000e+00 0.000000000000000000e+00 1.600000000000000089e+00 1.760999999999999979e-03 4.468999999999999882e-03 -9.999879999999999880e-01 4.391120000000000023e-01 8.984189999999999676e-01 4.788999999999999854e-03 8.984299999999999509e-01 -4.391160000000000063e-01 -3.800000000000000209e-04
6.000000000000000000e+00 2.400000000000000000e+01 9.000000000000000000e+00 0.000000000000000000e+00 1.600000000000000089e+00 -1.608999999999999970e-03 -3.543000000000000142e-03 -9.999919999999999920e-01 4.444540000000000157e-01 8.957929999999999504e-01 -3.889000000000000096e-03 8.958000000000000407e-01 -4.444569999999999910e-01 1.330000000000000073e-04
1.200000000000000000e+01 2.400000000000000000e+01 9.000000000000000000e+00 0.000000000000000000e+00 1.600000000000000089e+00 -2.736000000000000151e-03 -6.714999999999999615e-03 -9.999740000000000295e-01 4.467610000000000192e-01 8.946239999999999748e-01 -7.230000000000000315e-03 8.946490000000000276e-01 -4.467690000000000272e-01 5.529999999999999976e-04
1.500000000000000000e+01 2.400000000000000000e+01 9.000000000000000000e+00 0.000000000000000000e+00 1.600000000000000089e+00 -5.540000000000000219e-04 -9.709000000000000616e-03 -9.999529999999999808e-01 4.460359999999999880e-01 8.949709999999999610e-01 -8.937000000000000499e-03 8.950150000000000050e-01 -4.460189999999999988e-01 3.834999999999999867e-03
1.900000000000000000e+01 2.400000000000000000e+01 9.000000000000000000e+00 0.000000000000000000e+00 1.600000000000000089e+00 1.381999999999999982e-03 -1.025700000000000049e-02 -9.999460000000000015e-01 4.446970000000000089e-01 8.956399999999999917e-01 -8.573000000000000759e-03 8.956800000000000317e-01 -4.446609999999999729e-01 5.799000000000000335e-03
2.500000000000000000e+01 2.400000000000000000e+01 9.000000000000000000e+00 0.000000000000000000e+00 1.600000000000000089e+00 3.449999999999999833e-04 3.603999999999999999e-03 -9.999930000000000208e-01 4.445430000000000215e-01 8.957509999999999639e-01 3.382000000000000024e-03 8.957570000000000254e-01 -4.445410000000000195e-01 -1.293000000000000095e-03
3.000000000000000000e+01 2.400000000000000000e+01 9.000000000000000000e+00 0.000000000000000000e+00 1.600000000000000089e+00 9.909999999999999105e-04 3.983000000000000429e-03 -9.999919999999999920e-01 4.455020000000000091e-01 8.952719999999999567e-01 4.007000000000000145e-03 8.952799999999999647e-01 -4.455020000000000091e-01 -8.869999999999999846e-04
1.100000000000000000e+01 7.000000000000000000e+00 1.000000000000000000e+01 0.000000000000000000e+00 1.600000000000000089e+00 -5.871900000000000036e-02 -3.833299999999999902e-02 -9.975380000000000358e-01 -9.862880000000000535e-01 -1.521609999999999907e-01 6.390300000000000147e-02 -1.542360000000000120e-01 9.876120000000000454e-01 -2.887199999999999836e-02
1.500000000000000000e+01 7.000000000000000000e+00 1.000000000000000000e+01 0.000000000000000000e+00 1.600000000000000089e+00 5.329999999999999669e-03 -6.853999999999999850e-03 -9.999620000000000175e-01 -9.911459999999999715e-01 -1.327049999999999896e-01 -4.373000000000000151e-03 -1.326700000000000101e-01 9.911320000000000130e-01 -7.500999999999999855e-03
2.700000000000000000e+01 8.000000000000000000e+00 1.000000000000000000e+01 0.000000000000000000e+00 1.600000000000000089e+00 6.147500000000000187e-02 2.661000000000000171e-02 -9.977540000000000298e-01 -9.863439999999999985e-01 -1.514119999999999910e-01 -6.481000000000000649e-02 -1.527969999999999884e-01 9.881130000000000191e-01 1.693800000000000167e-02
1.000000000000000000e+01 3.000000000000000000e+00 1.100000000000000000e+01 0.000000000000000000e+00 1.600000000000000089e+00 -6.949999999999999798e-04 -7.528999999999999582e-02 9.971609999999999641e-01 1.378369999999999873e-01 -9.876509999999999456e-01 -7.447600000000000053e-02 9.904549999999999743e-01 1.373939999999999884e-01 1.106399999999999918e-02
1.600000000000000000e+01 3.000000000000000000e+00 1.100000000000000000e+01 0.000000000000000000e+00 1.600000000000000089e+00 -1.461000000000000059e-03 1.862099999999999866e-02 9.998259999999999925e-01 1.209540000000000060e-01 -9.924830000000000041e-01 1.866100000000000050e-02 9.926570000000000116e-01 1.209599999999999981e-01 -8.030000000000000028e-04
6.000000000000000000e+00 3.200000000000000000e+01 1.400000000000000000e+01 0.000000000000000000e+00 1.600000000000000089e+00 1.105999999999999995e-03 -6.989999999999999686e-04 -9.999989999999999712e-01 1.165780000000000011e-01 9.931809999999999805e-01 -5.649999999999999641e-04 9.931809999999999805e-01 -1.165770000000000001e-01 1.180000000000000059e-03
1.000000000000000000e+01 3.200000000000000000e+01 1.400000000000000000e+01 0.000000000000000000e+00 1.600000000000000089e+00 2.930000000000000204e-04 2.726999999999999823e-03 -9.999959999999999960e-01 1.179349999999999982e-01 9.930179999999999563e-01 2.743000000000000212e-03 9.930210000000000425e-01 -1.179349999999999982e-01 -3.100000000000000135e-05
1.400000000000000000e+01 3.200000000000000000e+01 1.400000000000000000e+01 0.000000000000000000e+00 1.600000000000000089e+00 6.960000000000000041e-04 2.351999999999999924e-03 -9.999970000000000248e-01 1.196119999999999961e-01 9.928179999999999783e-01 2.418000000000000010e-03 9.928200000000000358e-01 -1.196129999999999971e-01 4.090000000000000211e-04
1.700000000000000000e+01 3.200000000000000000e+01 1.400000000000000000e+01 0.000000000000000000e+00 1.600000000000000089e+00 3.114000000000000015e-03 -2.611000000000000040e-03 -9.999919999999999920e-01 1.200969999999999954e-01 9.927599999999999758e-01 -2.217999999999999920e-03 9.927570000000000006e-01 -1.200890000000000013e-01 3.405000000000000041e-03
2.100000000000000000e+01 3.200000000000000000e+01 1.400000000000000000e+01 0.000000000000000000e+00 1.600000000000000089e+00 1.546000000000000065e-03 -5.739000000000000178e-03 -9.999820000000000375e-01 1.197389999999999982e-01 9.927899999999999503e-01 -5.512999999999999672e-03 9.928040000000000198e-01 -1.197280000000000011e-01 2.222000000000000017e-03
7.000000000000000000e+00 1.160000000000000000e+02 1.600000000000000000e+01 0.000000000000000000e+00 1.600000000000000089e+00 -4.800000000000000122e-04 1.868000000000000086e-03 9.999980000000000535e-01 7.051800000000000290e-01 7.090269999999999628e-01 -9.859999999999998974e-04 -7.090279999999999916e-01 7.051779999999999715e-01 -1.657000000000000053e-03
1.300000000000000000e+01 1.160000000000000000e+02 1.600000000000000000e+01 0.000000000000000000e+00 1.600000000000000089e+00 -3.804999999999999789e-03 -4.028000000000000330e-03 9.999850000000000128e-01 7.365319999999999645e-01 6.763799999999999812e-01 5.526999999999999795e-03 -6.763919999999999932e-01 7.365420000000000300e-01 3.930000000000000117e-04
5.000000000000000000e+00 2.000000000000000000e+00 1.900000000000000000e+01 0.000000000000000000e+00 1.600000000000000089e+00 8.878000000000000475e-03 -5.021599999999999675e-02 -9.986990000000000034e-01 3.632480000000000153e-01 -9.303489999999999815e-01 5.000899999999999790e-02 -9.316499999999999782e-01 -3.632190000000000141e-01 9.981000000000000288e-03
1.500000000000000000e+01 2.000000000000000000e+00 1.900000000000000000e+01 0.000000000000000000e+00 1.600000000000000089e+00 -4.360000000000000160e-03 -9.573999999999999178e-03 -9.999449999999999728e-01 3.457660000000000178e-01 -9.382909999999999862e-01 7.476000000000000006e-03 -9.383110000000000062e-01 -3.457140000000000213e-01 7.400999999999999593e-03
1.800000000000000000e+01 3.000000000000000000e+00 1.900000000000000000e+01 0.000000000000000000e+00 1.600000000000000089e+00 -7.760000000000000404e-03 1.266499999999999918e-02 -9.998899999999999455e-01 3.125279999999999725e-01 -9.497980000000000311e-01 -1.445600000000000010e-02 -9.498769999999999714e-01 -3.126059999999999950e-01 3.412000000000000102e-03
2.100000000000000000e+01 3.000000000000000000e+00 1.900000000000000000e+01 0.000000000000000000e+00 1.600000000000000089e+00 -5.697999999999999940e-03 2.588299999999999976e-02 -9.996490000000000098e-01 3.198520000000000252e-01 -9.471009999999999707e-01 -2.634600000000000136e-02 -9.474500000000000144e-01 -3.198900000000000077e-01 -2.882000000000000013e-03
2.600000000000000000e+01 3.000000000000000000e+00 1.900000000000000000e+01 0.000000000000000000e+00 1.600000000000000089e+00 -5.910000000000000323e-03 3.368199999999999666e-02 -9.994150000000000533e-01 3.245120000000000227e-01 -9.452779999999999516e-01 -3.377700000000000147e-02 -9.458630000000000093e-01 -3.245219999999999771e-01 -5.343999999999999792e-03
1.200000000000000000e+01 4.000000000000000000e+00 2.000000000000000000e+01 0.000000000000000000e+00 1.600000000000000089e+00 -8.199999999999999824e-04 -1.442700000000000059e-02 -9.998960000000000070e-01 3.275109999999999966e-01 -9.447529999999999539e-01 1.336299999999999988e-02 -9.448469999999999924e-01 -3.274650000000000061e-01 5.499999999999999681e-03
2.900000000000000000e+01 4.000000000000000000e+00 2.000000000000000000e+01 0.000000000000000000e+00 1.600000000000000089e+00 -5.910999999999999588e-03 2.507099999999999954e-02 -9.996680000000000010e-01 3.568390000000000173e-01 -9.338170000000000082e-01 -2.552899999999999961e-02 -9.341469999999999496e-01 -3.568709999999999938e-01 -3.425999999999999792e-03
7.000000000000000000e+00 1.300000000000000000e+01 2.000000000000000000e+01 0.000000000000000000e+00 1.600000000000000089e+00 -1.384000000000000031e-03 -2.049999999999999956e-04 9.999989999999999712e-01 2.598210000000000242e-01 9.656569999999999876e-01 5.569999999999999864e-04 -9.656559999999999588e-01 2.598219999999999974e-01 -1.283000000000000069e-03
1.300000000000000000e+01 1.300000000000000000e+01 2.000000000000000000e+01 0.000000000000000000e+00 1.600000000000000089e+00 -2.256000000000000193e-03 -1.536000000000000039e-03 9.999959999999999960e-01 2.627840000000000176e-01 9.648529999999999607e-01 2.073999999999999889e-03 -9.648520000000000429e-01 2.627869999999999928e-01 -1.773000000000000053e-03
1.800000000000000000e+01 1.300000000000000000e+01 2.000000000000000000e+01 0.000000000000000000e+00 1.600000000000000089e+00 -9.920000000000000432e-04 -3.699999999999999947e-04 9.999989999999999712e-01 2.618750000000000244e-01 9.651020000000000154e-01 6.170000000000000354e-04 -9.651009999999999867e-01 2.618750000000000244e-01 -8.610000000000000032e-04
2.200000000000000000e+01 1.300000000000000000e+01 2.000000000000000000e+01 0.000000000000000000e+00 1.600000000000000089e+00 4.049999999999999781e-04 4.082999999999999824e-03 9.999919999999999920e-01 2.594330000000000247e-01 9.657529999999999726e-01 -4.048999999999999648e-03 -9.657609999999999806e-01 2.594330000000000247e-01 -6.679999999999999740e-04
2.500000000000000000e+01 1.300000000000000000e+01 2.000000000000000000e+01 0.000000000000000000e+00 1.600000000000000089e+00 -5.550000000000000462e-04 -1.026000000000000002e-03 9.999989999999999712e-01 2.595120000000000204e-01 9.657390000000000141e-01 1.134999999999999941e-03 -9.657400000000000428e-01 2.595120000000000204e-01 -2.700000000000000035e-04
4.000000000000000000e+00 1.600000000000000000e+01 2.100000000000000000e+01 0.000000000000000000e+00 1.600000000000000089e+00 4.049999999999999781e-04 -8.828000000000000777e-03 9.999609999999999888e-01 2.971659999999999857e-01 9.547900000000000276e-01 8.309000000000000413e-03 -9.548259999999999525e-01 2.971509999999999985e-01 3.010000000000000089e-03
9.000000000000000000e+00 1.600000000000000000e+01 2.100000000000000000e+01 0.000000000000000000e+00 1.600000000000000089e+00 -8.610000000000000032e-04 5.823000000000000051e-03 9.999829999999999552e-01 2.982569999999999943e-01 9.544709999999999583e-01 -5.301000000000000156e-03 -9.544850000000000279e-01 2.982469999999999843e-01 -2.557999999999999944e-03
1.400000000000000000e+01 1.600000000000000000e+01 2.100000000000000000e+01 0.000000000000000000e+00 1.600000000000000089e+00 -2.580999999999999961e-03 -4.893999999999999913e-03 9.999850000000000128e-01 2.989189999999999903e-01 9.542629999999999724e-01 5.441999999999999789e-03 -9.542749999999999844e-01 2.989280000000000270e-01 -1.000000000000000021e-03
9.000000000000000000e+00 4.100000000000000000e+01 2.400000000000000000e+01 0.000000000000000000e+00 1.600000000000000089e+00 2.229839999999999878e-01 4.067599999999999688e-02 9.739729999999999777e-01 -9.067030000000000367e-01 3.755870000000000042e-01 1.918970000000000120e-01 -3.580059999999999909e-01 -9.258939999999999948e-01 1.206310000000000021e-01
3.000000000000000000e+00 2.000000000000000000e+00 2.500000000000000000e+01 0.000000000000000000e+00 1.600000000000000089e+00 5.607000000000000005e-03 -3.968399999999999705e-02 9.991970000000000018e-01 6.948600000000000609e-02 -9.967819999999999458e-01 -3.997799999999999965e-02 9.975669999999999815e-01 6.965499999999999470e-02 -2.831999999999999882e-03
2.700000000000000000e+01 2.000000000000000000e+00 2.500000000000000000e+01 0.000000000000000000e+00 1.600000000000000089e+00 -7.553999999999999951e-03 1.974599999999999966e-02 9.997759999999999980e-01 8.558000000000000329e-02 -9.961240000000000094e-01 2.032000000000000126e-02 9.963030000000000497e-01 8.571399999999999852e-02 5.834999999999999909e-03
4.000000000000000000e+00 3.000000000000000000e+00 2.500000000000000000e+01 0.000000000000000000e+00 1.600000000000000089e+00 -3.519999999999999908e-04 -3.284399999999999820e-02 9.994600000000000151e-01 -1.890000000000000013e-02 -9.992820000000000036e-01 -3.284499999999999920e-02 9.998209999999999598e-01 -1.890199999999999866e-02 -2.689999999999999791e-04
7.000000000000000000e+00 3.000000000000000000e+00 2.500000000000000000e+01 0.000000000000000000e+00 1.600000000000000089e+00 -3.305000000000000212e-03 -1.668599999999999944e-02 9.998550000000000493e-01 -2.992399999999999921e-02 -9.994110000000000493e-01 -1.677700000000000025e-02 9.995469999999999633e-01 -2.997500000000000164e-02 2.804000000000000069e-03
1.800000000000000000e+01 3.000000000000000000e+00 2.500000000000000000e+01 0.000000000000000000e+00 1.600000000000000089e+00 -2.608000000000000075e-03 5.536000000000000122e-03 9.999810000000000088e-01 -4.047599999999999809e-02 -9.991659999999999986e-01 5.426000000000000267e-03 9.991769999999999818e-01 -4.046099999999999697e-02 2.830000000000000050e-03
1.500000000000000000e+01 4.300000000000000000e+01 2.600000000000000000e+01 0.000000000000000000e+00 1.600000000000000089e+00 -9.254600000000000326e-02 2.331429999999999891e-01 -9.680290000000000283e-01 9.838519999999999488e-01 -1.281730000000000091e-01 -1.249279999999999974e-01 -1.532010000000000038e-01 -9.639590000000000103e-01 -2.175159999999999871e-01
2.000000000000000000e+00 3.400000000000000000e+01 3.000000000000000000e+01 0.000000000000000000e+00 1.600000000000000089e+00 3.078759999999999830e-01 3.795499999999999985e-01 -8.724420000000000508e-01 -3.535570000000000102e-01 -8.056769999999999765e-01 -4.752709999999999990e-01 -8.832950000000000523e-01 4.547820000000000196e-01 -1.138559999999999989e-01
7.000000000000000000e+00 5.800000000000000000e+01 3.100000000000000000e+01 0.000000000000000000e+00 1.600000000000000089e+00 3.869999999999999742e-04 -5.804000000000000131e-03 9.999829999999999552e-01 -8.100340000000000318e-01 -5.863739999999999508e-01 -3.089999999999999865e-03 5.863819999999999588e-01 -8.100190000000000445e-01 -4.929000000000000221e-03
1.100000000000000000e+01 5.800000000000000000e+01 3.100000000000000000e+01 0.000000000000000000e+00 1.600000000000000089e+00 2.860000000000000129e-04 -6.891999999999999689e-03 9.999759999999999760e-01 -8.087619999999999809e-01 -5.881239999999999801e-01 -3.821999999999999877e-03 5.881359999999999921e-01 -8.087419999999999609e-01 -5.741999999999999708e-03
1.900000000000000000e+01 5.800000000000000000e+01 3.100000000000000000e+01 0.000000000000000000e+00 1.600000000000000089e+00 -5.146000000000000400e-03 1.407000000000000048e-03 9.999860000000000415e-01 -8.082139999999999880e-01 -5.888799999999999590e-01 -3.331000000000000193e-03 5.888670000000000293e-01 -8.082190000000000207e-01 4.167999999999999830e-03
2.500000000000000000e+01 5.800000000000000000e+01 3.100000000000000000e+01 0.000000000000000000e+00 1.600000000000000089e+00 -4.629999999999999784e-04 -1.000000000000000021e-02 9.999500000000000055e-01 -8.059969999999999635e-01 -5.918860000000000232e-01 -6.291999999999999850e-03 5.919189999999999729e-01 -8.059600000000000097e-01 -7.786000000000000386e-03
1.700000000000000000e+01 3.700000000000000000e+01 3.500000000000000000e+01 0.000000000000000000e+00 1.600000000000000089e+00 2.129550000000000054e-01 2.372380000000000044e-01 -9.478229999999999711e-01 -4.393349999999999755e-01 -8.432260000000000311e-01 -3.097659999999999858e-01 -8.727169999999999650e-01 4.823779999999999735e-01 -7.534200000000000619e-02
1.800000000000000000e+01 9.500000000000000000e+01 3.600000000000000000e+01 0.000000000000000000e+00 1.600000000000000089e+00 8.548000000000000043e-03 -1.417559999999999931e-01 9.898649999999999949e-01 9.974680000000000213e-01 7.109400000000000441e-02 1.567999999999999949e-03 -7.059600000000000597e-02 9.873450000000000282e-01 1.420049999999999923e-01
3.000000000000000000e+01 3.800000000000000000e+01 3.700000000000000000e+01 0.000000000000000000e+00 1.600000000000000089e+00 -5.467070000000000540e-01 -6.985430000000000250e-01 -4.616799999999999793e-01 -8.221760000000000179e-01 3.434400000000000230e-01 4.539549999999999974e-01 -1.585479999999999945e-01 6.277620000000000422e-01 -7.620869999999999589e-01
2.700000000000000000e+01 4.900000000000000000e+01 3.800000000000000000e+01 0.000000000000000000e+00 1.600000000000000089e+00 2.305750000000000022e-01 6.087420000000000053e-01 7.591240000000000210e-01 -3.734339999999999882e-01 -6.650479999999999725e-01 6.467289999999999983e-01 8.985440000000000094e-01 -4.326019999999999865e-01 7.398100000000000509e-02
2.700000000000000000e+01 3.400000000000000000e+01 4.000000000000000000e+01 0.000000000000000000e+00 1.600000000000000089e+00 4.648599999999999954e-02 -6.788560000000000150e-01 7.327989999999999782e-01 7.563199999999999923e-01 -4.553030000000000133e-01 -4.697649999999999881e-01 6.525480000000000169e-01 5.760680000000000245e-01 4.922670000000000101e-01
2.900000000000000000e+01 3.800000000000000000e+01 4.000000000000000000e+01 0.000000000000000000e+00 1.600000000000000089e+00 -5.237899999999999778e-01 -7.763409999999999478e-01 -3.506270000000000220e-01 -8.388069999999999693e-01 3.983079999999999954e-01 3.711519999999999819e-01 -1.484830000000000039e-01 4.885140000000000038e-01 -8.598289999999999544e-01
1.600000000000000000e+01 4.800000000000000000e+01 4.100000000000000000e+01 0.000000000000000000e+00 1.600000000000000089e+00 1.232209999999999972e-01 5.218000000000000416e-03 9.923659999999999703e-01 8.260750000000000037e-01 5.535999999999999810e-01 -1.054829999999999934e-01 -5.499239999999999684e-01 8.327670000000000350e-01 6.390500000000000347e-02
1.800000000000000000e+01 4.800000000000000000e+01 4.200000000000000000e+01 0.000000000000000000e+00 1.600000000000000089e+00 1.240720000000000017e-01 -9.382200000000000262e-02 9.878280000000000394e-01 8.785389999999999588e-01 4.731719999999999815e-01 -6.540400000000000380e-02 -4.612760000000000193e-01 8.759599999999999609e-01 1.411330000000000084e-01
2.000000000000000000e+00 8.000000000000000000e+00 4.400000000000000000e+01 0.000000000000000000e+00 1.600000000000000089e+00 1.132999999999999893e-03 1.899999999999999996e-03 9.999970000000000248e-01 -7.901340000000000030e-01 -6.129310000000000036e-01 2.060000000000000199e-03 6.129339999999999788e-01 -7.901340000000000030e-01 8.069999999999999916e-04
5.000000000000000000e+00 8.000000000000000000e+00 4.400000000000000000e+01 0.000000000000000000e+00 1.600000000000000089e+00 8.440000000000000236e-04 4.840999999999999817e-03 9.999879999999999880e-01 -7.910000000000000364e-01 -6.118050000000000432e-01 3.628999999999999847e-03 6.118160000000000265e-01 -7.909929999999999461e-01 3.312999999999999973e-03
9.000000000000000000e+00 8.000000000000000000e+00 4.400000000000000000e+01 0.000000000000000000e+00 1.600000000000000089e+00 -3.075000000000000042e-03 6.530000000000000431e-04 9.999949999999999672e-01 -7.930749999999999744e-01 -6.091210000000000235e-01 -2.040999999999999846e-03 6.091170000000000195e-01 -7.930770000000000319e-01 2.390999999999999896e-03
1.700000000000000000e+01 8.000000000000000000e+00 4.400000000000000000e+01 0.000000000000000000e+00 1.600000000000000089e+00 -1.667000000000000079e-03 2.763999999999999964e-03 9.999949999999999672e-01 -8.027410000000000379e-01 -5.963279999999999692e-01 3.099999999999999999e-04 5.963260000000000227e-01 -8.027360000000000051e-01 3.213000000000000144e-03
2.900000000000000000e+01 8.000000000000000000e+00 4.400000000000000000e+01 0.000000000000000000e+00 1.600000000000000089e+00 -2.699000000000000010e-03 -9.679000000000000103e-03 9.999500000000000055e-01 -7.845010000000000039e-01 -6.200740000000000141e-01 -8.118999999999999481e-03 6.201219999999999510e-01 -7.844830000000000414e-01 -5.918999999999999782e-03
1.900000000000000000e+01 5.400000000000000000e+01 4.600000000000000000e+01 0.000000000000000000e+00 1.600000000000000089e+00 -1.277700000000000016e-02 -4.134999999999999787e-02 9.990630000000000344e-01 2.684480000000000199e-01 -9.626059999999999617e-01 -3.640800000000000286e-02 9.632089999999999819e-01 2.677309999999999968e-01 2.339899999999999966e-02
3.000000000000000000e+01 6.500000000000000000e+01 4.600000000000000000e+01 0.000000000000000000e+00 1.600000000000000089e+00 -1.810000000000000085e-04 3.432000000000000155e-03 9.999940000000000495e-01 6.780410000000000048e-01 -7.350189999999999779e-01 2.645000000000000216e-03 7.350240000000000107e-01 6.780370000000000008e-01 -2.193000000000000071e-03
1.500000000000000000e+01 2.900000000000000000e+01 4.800000000000000000e+01 0.000000000000000000e+00 1.600000000000000089e+00 4.883000000000000188e-03 -1.071420000000000011e-01 9.942320000000000046e-01 3.583450000000000246e-01 9.284010000000000318e-01 9.828800000000000037e-02 -9.335759999999999614e-01 3.557980000000000032e-01 4.292699999999999988e-02
2.500000000000000000e+01 2.900000000000000000e+01 4.800000000000000000e+01 0.000000000000000000e+00 1.600000000000000089e+00 2.102000000000000136e-03 -7.500000000000000156e-04 9.999970000000000248e-01 3.594490000000000185e-01 9.331650000000000222e-01 -5.599999999999999916e-05 -9.331620000000000470e-01 3.594479999999999897e-01 2.230999999999999910e-03
3.000000000000000000e+01 2.900000000000000000e+01 4.800000000000000000e+01 0.000000000000000000e+00 1.600000000000000089e+00 1.198199999999999960e-02 1.031099999999999933e-01 9.945979999999999821e-01 3.817099999999999937e-01 9.188720000000000221e-01 -9.985800000000000232e-02 -9.242050000000000542e-01 3.808440000000000158e-01 -2.834800000000000167e-02
3.000000000000000000e+00 3.800000000000000000e+01 5.100000000000000000e+01 0.000000000000000000e+00 1.600000000000000089e+00 -2.358470000000000011e-01 -4.531310000000000060e-01 8.596799999999999997e-01 9.717810000000000059e-01 -1.138710000000000000e-01 2.065800000000000136e-01 4.284999999999999747e-03 8.841409999999999547e-01 4.672000000000000042e-01
2.500000000000000000e+01 4.500000000000000000e+01 5.100000000000000000e+01 0.000000000000000000e+00 1.600000000000000089e+00 9.348049999999999971e-01 -1.910590000000000066e-01 -2.993930000000000202e-01 3.218509999999999982e-01 8.121460000000000345e-01 4.866530000000000022e-01 1.501709999999999989e-01 -5.512850000000000250e-01 8.206909999999999483e-01
2.700000000000000000e+01 1.150000000000000000e+02 5.100000000000000000e+01 0.000000000000000000e+00 1.600000000000000089e+00 -6.300000000000000261e-04 -2.517199999999999993e-02 9.996829999999999883e-01 8.383589999999999653e-01 -5.449589999999999712e-01 -1.319299999999999987e-02 5.451179999999999914e-01 8.380849999999999689e-01 2.144599999999999979e-02
7.000000000000000000e+00 7.000000000000000000e+00 5.200000000000000000e+01 0.000000000000000000e+00 1.600000000000000089e+00 -4.209999999999999875e-04 2.219000000000000052e-03 -9.999970000000000248e-01 7.699999999999999900e-02 -9.970290000000000541e-01 -2.245000000000000034e-03 -9.970310000000000006e-01 -7.700100000000000000e-02 2.489999999999999809e-04
1.500000000000000000e+01 5.800000000000000000e+01 5.200000000000000000e+01 0.000000000000000000e+00 1.600000000000000089e+00 -6.477000000000000118e-03 -3.177300000000000263e-02 9.994739999999999736e-01 -6.175460000000000393e-01 7.862540000000000084e-01 2.099300000000000124e-02 -7.865079999999999849e-01 -6.170860000000000234e-01 -2.471399999999999986e-02
1.100000000000000000e+01 5.700000000000000000e+01 5.300000000000000000e+01 0.000000000000000000e+00 1.600000000000000089e+00 -1.273099999999999926e-02 -1.573599999999999999e-02 9.997949999999999893e-01 -5.393649999999999833e-01 8.420480000000000187e-01 6.385000000000000051e-03 -8.419759999999999467e-01 -5.391730000000000134e-01 -1.920699999999999838e-02
4.000000000000000000e+00 6.300000000000000000e+01 5.400000000000000000e+01 0.000000000000000000e+00 1.600000000000000089e+00 2.177000000000000116e-03 -1.060000000000000016e-04 9.999980000000000535e-01 -3.649899999999999811e-01 9.310110000000000330e-01 8.940000000000000464e-04 -9.310089999999999755e-01 -3.649919999999999831e-01 1.988000000000000184e-03
1.200000000000000000e+01 6.300000000000000000e+01 5.400000000000000000e+01 0.000000000000000000e+00 1.600000000000000089e+00 -2.001000000000000174e-03 -5.239999999999999866e-03 9.999839999999999840e-01 -3.685479999999999867e-01 9.295999999999999819e-01 4.133999999999999654e-03 -9.296069999999999611e-01 -3.685329999999999995e-01 -3.791000000000000099e-03
1.700000000000000000e+01 6.300000000000000000e+01 5.400000000000000000e+01 0.000000000000000000e+00 1.600000000000000089e+00 -2.755000000000000070e-03 -1.070300000000000071e-02 9.999390000000000223e-01 -3.687650000000000095e-01 9.294799999999999729e-01 8.932999999999999968e-03 -9.295179999999999554e-01 -3.687179999999999902e-01 -6.507999999999999896e-03
2.200000000000000000e+01 6.300000000000000000e+01 5.400000000000000000e+01 0.000000000000000000e+00 1.600000000000000089e+00 1.002999999999999985e-03 -7.659999999999999708e-04 9.999989999999999712e-01 -3.815549999999999775e-01 9.243449999999999722e-01 1.090999999999999956e-03 -9.243449999999999722e-01 -3.815560000000000063e-01 6.350000000000000392e-04
2.700000000000000000e+01 6.300000000000000000e+01 5.400000000000000000e+01 0.000000000000000000e+00 1.600000000000000089e+00 -1.984000000000000086e-03 1.644999999999999978e-03 9.999970000000000248e-01 -3.829290000000000194e-01 9.237750000000000128e-01 -2.279999999999999909e-03 -9.237760000000000415e-01 -3.829319999999999946e-01 -1.203000000000000076e-03
2.900000000000000000e+01 6.300000000000000000e+01 5.400000000000000000e+01 0.000000000000000000e+00 1.600000000000000089e+00 -1.276999999999999923e-03 8.040000000000000271e-04 9.999989999999999712e-01 -3.770129999999999870e-01 9.262070000000000025e-01 -1.226000000000000093e-03 -9.262070000000000025e-01 -3.770140000000000158e-01 -8.800000000000000313e-04
1.300000000000000000e+01 2.600000000000000000e+01 5.500000000000000000e+01 0.000000000000000000e+00 1.600000000000000089e+00 -3.289999999999999739e-04 -4.808999999999999907e-03 -9.999879999999999880e-01 -2.832000000000000142e-02 -9.995870000000000033e-01 4.817000000000000101e-03 -9.995990000000000153e-01 2.832199999999999995e-02 1.920000000000000049e-04
1.400000000000000000e+01 2.900000000000000000e+01 5.500000000000000000e+01 0.000000000000000000e+00 1.600000000000000089e+00 2.709000000000000036e-03 4.295199999999999713e-02 9.990729999999999889e-01 7.050900000000000223e-02 -9.965990000000000126e-01 4.265499999999999847e-02 9.975070000000000325e-01 7.032800000000000162e-02 -5.727999999999999585e-03
2.700000000000000000e+01 3.100000000000000000e+01 5.500000000000000000e+01 0.000000000000000000e+00 1.600000000000000089e+00 1.152999999999999997e-01 3.649740000000000206e-01 -9.238509999999999778e-01 3.347760000000000180e-01 8.613640000000000185e-01 3.820689999999999920e-01 9.352169999999999650e-01 -3.533359999999999834e-01 -2.287000000000000144e-02
2.200000000000000000e+01 5.600000000000000000e+01 5.500000000000000000e+01 0.000000000000000000e+00 1.600000000000000089e+00 -1.532509999999999983e-01 2.494200000000000028e-01 -9.561920000000000419e-01 -8.803339999999999499e-01 -4.740340000000000109e-01 1.744300000000000017e-02 -4.489170000000000105e-01 8.444420000000000259e-01 2.922199999999999798e-01
1.300000000000000000e+01 2.000000000000000000e+01 6.000000000000000000e+01 0.000000000000000000e+00 1.600000000000000089e+00 1.595000000000000064e-03 1.694999999999999892e-03 9.999970000000000248e-01 -6.308400000000000118e-02 9.980069999999999775e-01 -1.590999999999999966e-03 -9.980069999999999775e-01 -6.308099999999999818e-02 1.698000000000000074e-03
4.000000000000000000e+00 2.100000000000000000e+01 6.000000000000000000e+01 0.000000000000000000e+00 1.600000000000000089e+00 -6.629999999999999609e-04 -3.354000000000000210e-03 9.999940000000000495e-01 -9.749299999999999633e-02 9.952309999999999768e-01 3.274000000000000000e-03 -9.952360000000000095e-01 -9.748999999999999333e-02 -9.870000000000000301e-04
1.000000000000000000e+01 2.100000000000000000e+01 6.000000000000000000e+01 0.000000000000000000e+00 1.600000000000000089e+00 -2.090000000000000115e-04 2.730999999999999921e-03 9.999959999999999960e-01 -9.524199999999999333e-02 9.954499999999999460e-01 -2.739000000000000115e-03 -9.954539999999999500e-01 -9.524199999999999333e-02 5.199999999999999680e-05
1.900000000000000000e+01 2.100000000000000000e+01 6.000000000000000000e+01 0.000000000000000000e+00 1.600000000000000089e+00 1.420000000000000092e-04 3.029000000000000008e-03 9.999949999999999672e-01 -9.610200000000000686e-02 9.953670000000000018e-01 -3.001999999999999894e-03 -9.953720000000000345e-01 -9.610100000000000586e-02 4.330000000000000081e-04
2.300000000000000000e+01 2.100000000000000000e+01 6.000000000000000000e+01 0.000000000000000000e+00 1.600000000000000089e+00 9.139999999999999904e-04 -7.740000000000000352e-03 9.999700000000000255e-01 -9.749800000000000133e-02 9.952050000000000063e-01 7.792000000000000315e-03 -9.952349999999999808e-01 -9.750200000000000533e-02 1.550000000000000000e-04
2.900000000000000000e+01 2.100000000000000000e+01 6.000000000000000000e+01 0.000000000000000000e+00 1.600000000000000089e+00 -9.280000000000000054e-04 1.771800000000000111e-02 9.998430000000000373e-01 -9.882599999999999718e-02 9.949470000000000258e-01 -1.772299999999999917e-02 -9.951039999999999885e-01 -9.882699999999999818e-02 8.270000000000000441e-04
2.300000000000000000e+01 6.000000000000000000e+00 6.100000000000000000e+01 0.000000000000000000e+00 1.600000000000000089e+00 -1.596999999999999895e-03 -5.255000000000000122e-03 9.999850000000000128e-01 5.690830000000000055e-01 -8.222730000000000317e-01 -3.412999999999999801e-03 8.222779999999999534e-01 5.690690000000000470e-01 4.303999999999999666e-03
2.000000000000000000e+00 2.700000000000000000e+01 6.300000000000000000e+01 0.000000000000000000e+00 1.600000000000000089e+00 1.779999999999999898e-04 -1.843000000000000020e-03 9.999980000000000535e-01 -2.759530000000000038e-01 9.611690000000000511e-01 1.820000000000000003e-03 -9.611709999999999976e-01 -2.759530000000000038e-01 -3.370000000000000057e-04
1.300000000000000000e+01 2.700000000000000000e+01 6.300000000000000000e+01 0.000000000000000000e+00 1.600000000000000089e+00 1.479999999999999925e-04 3.150000000000000131e-04 1.000000000000000000e+00 -2.707160000000000122e-01 9.626590000000000424e-01 -2.629999999999999959e-04 -9.626590000000000424e-01 -2.707149999999999834e-01 2.280000000000000126e-04
2.100000000000000000e+01 2.700000000000000000e+01 6.300000000000000000e+01 0.000000000000000000e+00 1.600000000000000089e+00 2.942999999999999870e-03 -5.571999999999999696e-03 9.999799999999999800e-01 -2.656609999999999805e-01 9.640469999999999873e-01 6.152999999999999615e-03 -9.640619999999999745e-01 -2.656740000000000212e-01 1.356999999999999916e-03
2.400000000000000000e+01 2.700000000000000000e+01 6.300000000000000000e+01 0.000000000000000000e+00 1.600000000000000089e+00 4.440000000000000370e-03 2.152600000000000000e-02 9.997580000000000355e-01 -2.618750000000000244e-01 9.649029999999999552e-01 -1.961299999999999849e-02 -9.650919999999999499e-01 -2.617240000000000122e-01 9.920999999999999264e-03
3.000000000000000000e+01 2.700000000000000000e+01 6.300000000000000000e+01 0.000000000000000000e+00 1.600000000000000089e+00 2.252000000000000095e-03 3.339199999999999807e-02 9.994399999999999951e-01 -2.414800000000000002e-01 9.698830000000000506e-01 -3.185999999999999943e-02 -9.704030000000000156e-01 -2.412729999999999875e-01 1.024800000000000016e-02
1.900000000000000000e+01 4.400000000000000000e+01 6.300000000000000000e+01 0.000000000000000000e+00 1.600000000000000089e+00 9.070329999999999782e-01 3.118199999999999861e-01 -2.829490000000000061e-01 4.177350000000000230e-01 -7.506920000000000259e-01 5.118190000000000239e-01 -5.281199999999999783e-02 -5.824340000000000073e-01 -8.111610000000000209e-01
2.000000000000000000e+00 2.600000000000000000e+01 6.400000000000000000e+01 0.000000000000000000e+00 1.600000000000000089e+00 1.720000000000000066e-04 -4.324999999999999852e-03 9.999909999999999632e-01 -3.670220000000000149e-01 9.302030000000000021e-01 4.086000000000000222e-03 -9.302120000000000388e-01 -3.670189999999999841e-01 -1.427000000000000100e-03
7.000000000000000000e+00 2.600000000000000000e+01 6.400000000000000000e+01 0.000000000000000000e+00 1.600000000000000089e+00 -6.799999999999999946e-05 -1.165000000000000020e-03 9.999989999999999712e-01 -3.622810000000000197e-01 9.320680000000000076e-01 1.061000000000000094e-03 -9.320690000000000364e-01 -3.622810000000000197e-01 -4.859999999999999954e-04
1.300000000000000000e+01 2.600000000000000000e+01 6.400000000000000000e+01 0.000000000000000000e+00 1.600000000000000089e+00 7.370000000000000249e-04 1.379999999999999933e-04 1.000000000000000000e+00 -3.629299999999999748e-01 9.318159999999999776e-01 1.389999999999999905e-04 -9.318159999999999776e-01 -3.629299999999999748e-01 7.360000000000000006e-04
2.100000000000000000e+01 2.600000000000000000e+01 6.400000000000000000e+01 0.000000000000000000e+00 1.600000000000000089e+00 2.654999999999999808e-03 -5.619999999999999996e-03 9.999810000000000088e-01 -3.610119999999999996e-01 9.325409999999999533e-01 6.199999999999999782e-03 -9.325569999999999693e-01 -3.610209999999999808e-01 4.470000000000000232e-04
2.400000000000000000e+01 2.600000000000000000e+01 6.400000000000000000e+01 0.000000000000000000e+00 1.600000000000000089e+00 2.413999999999999913e-03 7.624999999999999833e-03 9.999679999999999680e-01 -3.591230000000000255e-01 9.332690000000000152e-01 -6.250000000000000347e-03 -9.332869999999999777e-01 -3.590960000000000263e-01 4.991999999999999910e-03
3.000000000000000000e+01 2.600000000000000000e+01 6.400000000000000000e+01 0.000000000000000000e+00 1.600000000000000089e+00 4.209999999999999875e-04 1.883100000000000052e-02 9.998230000000000173e-01 -3.541179999999999883e-01 9.350380000000000358e-01 -1.746199999999999836e-02 -9.352009999999999490e-01 -3.540479999999999738e-01 7.061999999999999701e-03
