9.000000000000000000e+00 1.500000000000000000e+01 4.000000000000000000e+00 0.000000000000000000e+00 1.600000000000000089e+00 -1.765999999999999992e-03 9.529999999999999626e-04 9.999980000000000535e-01 3.291000000000000036e-01 -9.442939999999999667e-01 1.480999999999999895e-03 9.442930000000000490e-01 3.291020000000000056e-01 1.353999999999999952e-03
1.200000000000000000e+01 1.500000000000000000e+01 4.000000000000000000e+00 0.000000000000000000e+00 1.600000000000000089e+00 -8.210000000000000067e-04 3.049000000000000061e-03 9.999949999999999672e-01 3.261020000000000030e-01 -9.453289999999999749e-01 3.150000000000000022e-03 9.453340000000000076e-01 3.261029999999999762e-01 -2.180000000000000134e-04
1.700000000000000000e+01 1.500000000000000000e+01 4.000000000000000000e+00 0.000000000000000000e+00 1.600000000000000089e+00 7.360000000000000006e-04 6.581000000000000044e-03 9.999780000000000335e-01 3.245720000000000272e-01 -9.458419999999999606e-01 5.984999999999999869e-03 9.458609999999999518e-01 3.245600000000000152e-01 -2.831999999999999882e-03
1.900000000000000000e+01 1.500000000000000000e+01 4.000000000000000000e+00 0.000000000000000000e+00 1.600000000000000089e+00 2.539999999999999940e-04 1.070300000000000071e-02 9.999430000000000263e-01 3.223840000000000039e-01 -9.465559999999999530e-01 1.004999999999999991e-02 9.466090000000000337e-01 3.223630000000000106e-01 -3.690999999999999837e-03
2.300000000000000000e+01 1.500000000000000000e+01 4.000000000000000000e+00 0.000000000000000000e+00 1.600000000000000089e+00 1.165999999999999936e-03 1.282699999999999986e-02 9.999169999999999447e-01 3.189469999999999805e-01 -9.476989999999999581e-01 1.178500000000000034e-02 9.477719999999999478e-01 3.189060000000000228e-01 -5.196000000000000098e-03
2.900000000000000000e+01 1.500000000000000000e+01 4.000000000000000000e+00 0.000000000000000000e+00 1.600000000000000089e+00 -3.508999999999999966e-03 1.100000000000000039e-04 9.999940000000000495e-01 3.207800000000000096e-01 -9.471530000000000227e-01 1.229999999999999974e-03 9.471469999999999612e-01 3.207820000000000116e-01 3.288000000000000124e-03
1.100000000000000000e+01 4.000000000000000000e+00 5.000000000000000000e+00 0.000000000000000000e+00 1.600000000000000089e+00 7.500000000000000156e-04 3.135999999999999899e-03 9.999949999999999672e-01 2.325109999999999955e-01 -9.725890000000000368e-01 2.874999999999999951e-03 9.725930000000000408e-01 2.325079999999999925e-01 -1.459000000000000010e-03
1.100000000000000000e+01 1.010000000000000000e+02 7.000000000000000000e+00 0.000000000000000000e+00 1.600000000000000089e+00 -3.739999999999999835e-04 5.487999999999999823e-03 9.999850000000000128e-01 8.849559999999999649e-01 4.656689999999999996e-01 -2.224999999999999981e-03 -4.656739999999999768e-01 8.849420000000000064e-01 -5.029999999999999749e-03
2.500000000000000000e+01 1.010000000000000000e+02 7.000000000000000000e+00 0.000000000000000000e+00 1.600000000000000089e+00 -1.588999999999999918e-03 -1.052100000000000084e-02 9.999430000000000263e-01 8.826699999999999546e-01 4.699510000000000076e-01 6.348000000000000344e-03 -4.699909999999999921e-01 8.826300000000000257e-01 8.538999999999999715e-03
4.000000000000000000e+00 2.500000000000000000e+01 8.000000000000000000e+00 0.000000000000000000e+00 1.600000000000000089e+00 9.950000000000000077e-04 7.531999999999999633e-03 -9.999710000000000543e-01 4.472619999999999929e-01 8.943740000000000023e-01 7.182000000000000016e-03 8.944020000000000303e-01 -4.472570000000000157e-01 -2.478999999999999867e-03
7.000000000000000000e+00 2.500000000000000000e+01 8.000000000000000000e+00 0.000000000000000000e+00 1.600000000000000089e+00 2.750000000000000166e-04 3.701999999999999996e-03 -9.999930000000000208e-01 4.470140000000000224e-01 8.945199999999999818e-01 3.435000000000000119e-03 8.945269999999999611e-01 -4.470120000000000204e-01 -1.409000000000000096e-03
1.000000000000000000e+01 2.500000000000000000e+01 8.000000000000000000e+00 0.000000000000000000e+00 1.600000000000000089e+00 -5.419999999999999471e-04 -1.131000000000000061e-03 -9.999989999999999712e-01 4.460799999999999765e-01 8.949920000000000098e-01 -1.252999999999999991e-03 8.949930000000000385e-01 -4.460799999999999765e-01 2.000000000000000164e-05
1.400000000000000000e+01 2.500000000000000000e+01 8.000000000000000000e+00 0.000000000000000000e+00 1.600000000000000089e+00 -2.981999999999999842e-03 -3.285000000000000159e-03 -9.999900000000000455e-01 4.456390000000000073e-01 8.952020000000000532e-01 -4.270000000000000358e-03 8.952080000000000037e-01 -4.456479999999999886e-01 -1.204999999999999908e-03
1.900000000000000000e+01 2.500000000000000000e+01 8.000000000000000000e+00 0.000000000000000000e+00 1.600000000000000089e+00 -3.749000000000000162e-03 -7.609000000000000312e-03 -9.999639999999999640e-01 4.476999999999999869e-01 8.941440000000000499e-01 -8.481999999999999956e-03 8.941759999999999708e-01 -4.477160000000000029e-01 5.399999999999999798e-05
2.300000000000000000e+01 2.500000000000000000e+01 8.000000000000000000e+00 0.000000000000000000e+00 1.600000000000000089e+00 -2.220000000000000185e-03 -4.481999999999999873e-03 -9.999869999999999592e-01 4.491490000000000204e-01 8.934429999999999872e-01 -5.001000000000000237e-03 8.934539999999999704e-01 -4.491539999999999977e-01 3.000000000000000076e-05
2.800000000000000000e+01 2.500000000000000000e+01 8.000000000000000000e+00 0.000000000000000000e+00 1.600000000000000089e+00 -1.824000000000000100e-03 -4.408999999999999725e-03 -9.999890000000000168e-01 4.488139999999999907e-01 8.936129999999999907e-01 -4.759000000000000209e-03 8.936229999999999452e-01 -4.488179999999999947e-01 3.490000000000000263e-04
3.000000000000000000e+00 2.400000000000000000e+01 9.000000000000000000e+00 0.000000000000000000e+00 1.600000000000000089e+00 8.589999999999999546e-04 8.099000000000000296e-03 -9.999670000000000503e-01 4.501550000000000273e-01 8.929179999999999895e-01 7.618999999999999904e-03 8.929500000000000215e-01 -4.501459999999999906e-01 -2.877999999999999916e-03
8.000000000000000000e+00 2.400000000000000000e+01 9.000000000000000000e+00 0.000000000000000000e+00 1.600000000000000089e+00 2.429999999999999977e-04 1.477999999999999930e-03 -9.999989999999999712e-01 4.494659999999999767e-01 8.932959999999999789e-01 1.430000000000000064e-03 8.932970000000000077e-01 -4.494659999999999767e-01 -4.470000000000000232e-04
1.400000000000000000e+01 2.400000000000000000e+01 9.000000000000000000e+00 0.000000000000000000e+00 1.600000000000000089e+00 -2.896000000000000137e-03 -3.998999999999999951e-03 -9.999879999999999880e-01 4.485319999999999863e-01 8.937540000000000484e-01 -4.872999999999999728e-03 8.937619999999999454e-01 -4.485399999999999943e-01 -7.940000000000000009e-04
1.900000000000000000e+01 2.400000000000000000e+01 9.000000000000000000e+00 0.000000000000000000e+00 1.600000000000000089e+00 -3.739000000000000136e-03 -7.455999999999999954e-03 -9.999649999999999928e-01 4.507010000000000183e-01 8.926359999999999850e-01 -8.340999999999999456e-03 8.926669999999999883e-01 -4.507160000000000055e-01 2.300000000000000002e-05
2.400000000000000000e+01 2.400000000000000000e+01 9.000000000000000000e+00 0.000000000000000000e+00 1.600000000000000089e+00 -1.598000000000000028e-03 -4.577999999999999604e-03 -9.999879999999999880e-01 4.518840000000000079e-01 8.920639999999999681e-01 -4.806000000000000376e-03 8.920749999999999513e-01 -4.518860000000000099e-01 6.430000000000000169e-04
2.800000000000000000e+01 2.400000000000000000e+01 9.000000000000000000e+00 0.000000000000000000e+00 1.600000000000000089e+00 -1.494000000000000102e-03 -4.621000000000000107e-03 -9.999879999999999880e-01 4.508730000000000238e-01 8.925750000000000073e-01 -4.798000000000000181e-03 8.925870000000000193e-01 -4.508750000000000258e-01 7.500000000000000156e-04
1.000000000000000000e+00 1.020000000000000000e+02 9.000000000000000000e+00 0.000000000000000000e+00 1.600000000000000089e+00 3.131999999999999802e-03 3.235000000000000028e-03 9.999900000000000455e-01 9.202759999999999829e-01 3.912490000000000134e-01 -4.147999999999999778e-03 -3.912579999999999947e-01 9.202789999999999582e-01 -1.752000000000000085e-03
2.000000000000000000e+00 1.200000000000000000e+01 1.000000000000000000e+01 0.000000000000000000e+00 1.600000000000000089e+00 7.889999999999999878e-04 1.014299999999999924e-02 -9.999479999999999480e-01 -5.498250000000000082e-01 -8.352319999999999744e-01 -8.906000000000000721e-03 -8.352789999999999937e-01 5.498039999999999594e-01 4.917999999999999629e-03
6.000000000000000000e+00 3.100000000000000000e+01 1.200000000000000000e+01 0.000000000000000000e+00 1.600000000000000089e+00 -4.679999999999999915e-04 4.119999999999999856e-04 1.000000000000000000e+00 -3.807000000000000054e-03 9.999930000000000208e-01 -4.139999999999999800e-04 -9.999930000000000208e-01 -3.807000000000000054e-03 -4.659999999999999971e-04
1.100000000000000000e+01 3.100000000000000000e+01 1.200000000000000000e+01 0.000000000000000000e+00 1.600000000000000089e+00 -6.000000000000000152e-05 -1.010000000000000020e-04 1.000000000000000000e+00 -2.089000000000000145e-03 9.999980000000000535e-01 1.010000000000000020e-04 -9.999980000000000535e-01 -2.089000000000000145e-03 -6.000000000000000152e-05
2.700000000000000000e+01 3.100000000000000000e+01 1.200000000000000000e+01 0.000000000000000000e+00 1.600000000000000089e+00 4.659999999999999971e-04 -2.439999999999999895e-03 9.999970000000000248e-01 -1.372600000000000035e-02 9.999029999999999863e-01 2.445999999999999824e-03 -9.999059999999999615e-01 -1.372699999999999962e-02 4.330000000000000081e-04
2.500000000000000000e+01 3.500000000000000000e+01 1.200000000000000000e+01 0.000000000000000000e+00 1.600000000000000089e+00 -7.700000000000000139e-05 -5.557999999999999573e-03 -9.999850000000000128e-01 4.910640000000000005e-01 -8.711100000000000509e-01 4.804000000000000110e-03 -8.711229999999999807e-01 -4.910559999999999925e-01 2.795999999999999874e-03
2.800000000000000000e+01 7.300000000000000000e+01 1.300000000000000000e+01 0.000000000000000000e+00 1.600000000000000089e+00 -9.416160000000000085e-01 5.929000000000000242e-03 3.366370000000000196e-01 -1.348409999999999886e-01 9.095180000000000486e-01 -3.931850000000000067e-01 -3.085089999999999777e-01 -4.156219999999999914e-01 -8.556169999999999609e-01
8.000000000000000000e+00 1.160000000000000000e+02 1.600000000000000000e+01 0.000000000000000000e+00 1.600000000000000089e+00 -3.955000000000000182e-03 -3.311000000000000141e-03 9.999869999999999592e-01 7.024770000000000181e-01 7.116879999999999873e-01 5.133999999999999675e-03 -7.116949999999999665e-01 7.024880000000000013e-01 -4.889999999999999599e-04
9.000000000000000000e+00 2.000000000000000000e+00 1.900000000000000000e+01 0.000000000000000000e+00 1.600000000000000089e+00 2.050999999999999872e-03 -2.760400000000000006e-02 -9.996169999999999778e-01 1.957830000000000126e-01 -9.802619999999999667e-01 2.747199999999999989e-02 -9.806449999999999889e-01 -1.957639999999999936e-01 3.393999999999999882e-03
1.400000000000000000e+01 2.000000000000000000e+00 1.900000000000000000e+01 0.000000000000000000e+00 1.600000000000000089e+00 4.360000000000000269e-04 -6.492000000000000375e-03 -9.999789999999999512e-01 2.062930000000000041e-01 -9.784690000000000332e-01 6.441999999999999810e-03 -9.784899999999999709e-01 -2.062920000000000031e-01 9.129999999999999661e-04
2.000000000000000000e+01 2.000000000000000000e+00 1.900000000000000000e+01 0.000000000000000000e+00 1.600000000000000089e+00 1.877999999999999895e-03 1.568299999999999902e-02 -9.998749999999999583e-01 2.038699999999999957e-01 -9.788839999999999764e-01 -1.497099999999999993e-02 -9.789959999999999773e-01 -2.038159999999999972e-01 -5.035999999999999678e-03
2.300000000000000000e+01 2.000000000000000000e+00 1.900000000000000000e+01 0.000000000000000000e+00 1.600000000000000089e+00 1.273999999999999959e-03 2.507600000000000107e-02 -9.996850000000000458e-01 1.981179999999999886e-01 -9.798759999999999692e-01 -2.432700000000000140e-02 -9.801769999999999650e-01 -1.980240000000000056e-01 -6.217000000000000304e-03
2.900000000000000000e+01 2.000000000000000000e+00 1.900000000000000000e+01 0.000000000000000000e+00 1.600000000000000089e+00 -1.871999999999999966e-03 1.400299999999999982e-02 -9.999000000000000110e-01 1.862779999999999991e-01 -9.823960000000000470e-01 -1.410600000000000048e-02 -9.824950000000000072e-01 -1.862850000000000061e-01 -7.690000000000000438e-04
1.500000000000000000e+01 4.000000000000000000e+00 2.000000000000000000e+01 0.000000000000000000e+00 1.600000000000000089e+00 -1.036999999999999944e-03 -5.176000000000000045e-03 -9.999860000000000415e-01 3.256379999999999830e-01 -9.454839999999999911e-01 4.556000000000000154e-03 -9.454939999999999456e-01 -3.256279999999999730e-01 2.665999999999999967e-03
2.000000000000000000e+01 4.000000000000000000e+00 2.000000000000000000e+01 0.000000000000000000e+00 1.600000000000000089e+00 7.720000000000000083e-04 1.434299999999999985e-02 -9.998970000000000358e-01 3.217679999999999985e-01 -9.467250000000000387e-01 -1.333200000000000010e-02 -9.468180000000000485e-01 -3.217240000000000100e-01 -5.346000000000000058e-03
5.000000000000000000e+00 1.300000000000000000e+01 2.000000000000000000e+01 0.000000000000000000e+00 1.600000000000000089e+00 -2.519999999999999996e-04 -1.846999999999999901e-03 9.999980000000000535e-01 2.578440000000000176e-01 9.661849999999999605e-01 1.850000000000000082e-03 -9.661870000000000180e-01 2.578440000000000176e-01 2.320000000000000014e-04
1.900000000000000000e+01 1.300000000000000000e+01 2.000000000000000000e+01 0.000000000000000000e+00 1.600000000000000089e+00 -3.119999999999999944e-04 -1.198000000000000063e-03 9.999989999999999712e-01 2.672709999999999808e-01 9.636209999999999498e-01 1.237999999999999951e-03 -9.636209999999999498e-01 2.672709999999999808e-01 2.000000000000000164e-05
2.200000000000000000e+01 1.300000000000000000e+01 2.000000000000000000e+01 0.000000000000000000e+00 1.600000000000000089e+00 1.745000000000000023e-03 7.281000000000000145e-03 9.999719999999999720e-01 2.652939999999999743e-01 9.641389999999999683e-01 -7.483000000000000068e-03 -9.641659999999999675e-01 2.652999999999999803e-01 -2.489999999999999809e-04
2.800000000000000000e+01 1.300000000000000000e+01 2.000000000000000000e+01 0.000000000000000000e+00 1.600000000000000089e+00 2.269999999999999882e-04 -4.067999999999999568e-03 9.999919999999999920e-01 2.600319999999999854e-01 9.655920000000000059e-01 3.867999999999999911e-03 -9.656000000000000139e-01 2.600290000000000101e-01 1.276999999999999923e-03
2.400000000000000000e+01 5.000000000000000000e+01 2.200000000000000000e+01 0.000000000000000000e+00 1.600000000000000089e+00 -9.998999999999999208e-03 -6.250000000000000347e-03 -9.999299999999999855e-01 -5.804719999999999880e-01 8.142800000000000038e-01 7.150000000000000322e-04 8.142190000000000261e-01 5.804390000000000382e-01 -1.176999999999999921e-02
3.000000000000000000e+00 3.000000000000000000e+00 2.500000000000000000e+01 0.000000000000000000e+00 1.600000000000000089e+00 -1.413999999999999892e-03 -1.079300000000000051e-02 9.999409999999999688e-01 -6.605900000000000660e-02 -9.977570000000000050e-01 -1.086299999999999939e-02 9.978150000000000075e-01 -6.607100000000000473e-02 6.980000000000000527e-04
1.000000000000000000e+01 3.000000000000000000e+00 2.500000000000000000e+01 0.000000000000000000e+00 1.600000000000000089e+00 -8.443000000000000851e-03 -2.787399999999999947e-02 9.995760000000000201e-01 -8.799899999999999389e-02 -9.957120000000000415e-01 -2.851000000000000062e-02 9.960849999999999982e-01 -8.820200000000000262e-02 5.954000000000000091e-03
1.500000000000000000e+01 3.000000000000000000e+00 2.500000000000000000e+01 0.000000000000000000e+00 1.600000000000000089e+00 -3.956999999999999580e-03 -6.342999999999999680e-03 9.999719999999999720e-01 -9.951000000000000123e-02 -9.950139999999999540e-01 -6.705000000000000022e-03 9.950290000000000523e-01 -9.953299999999999648e-02 3.305999999999999911e-03
2.000000000000000000e+01 3.000000000000000000e+00 2.500000000000000000e+01 0.000000000000000000e+00 1.600000000000000089e+00 2.197000000000000168e-03 1.379400000000000071e-02 9.999019999999999575e-01 -9.352800000000000002e-02 -9.955190000000000428e-01 1.393900000000000000e-02 9.956139999999999990e-01 -9.354899999999999327e-02 -8.970000000000000109e-04
2.300000000000000000e+01 3.000000000000000000e+00 2.500000000000000000e+01 0.000000000000000000e+00 1.600000000000000089e+00 3.834999999999999867e-03 1.786799999999999847e-02 9.998329999999999718e-01 -8.784300000000000441e-02 -9.959689999999999932e-01 1.813599999999999934e-02 9.961269999999999847e-01 -8.789800000000000391e-02 -2.249999999999999830e-03
2.900000000000000000e+01 3.000000000000000000e+00 2.500000000000000000e+01 0.000000000000000000e+00 1.600000000000000089e+00 4.368999999999999620e-03 1.660999999999999976e-02 9.998529999999999918e-01 -7.182800000000000296e-02 -9.972739999999999938e-01 1.688100000000000017e-02 9.974070000000000435e-01 -7.189099999999999657e-02 -3.164000000000000146e-03
9.000000000000000000e+00 4.600000000000000000e+01 2.700000000000000000e+01 0.000000000000000000e+00 1.600000000000000089e+00 -8.249999999999999955e-04 -4.640000000000000027e-04 -1.000000000000000000e+00 6.771080000000000432e-01 7.358829999999999538e-01 -8.999999999999999754e-04 7.358829999999999538e-01 -6.771080000000000432e-01 -2.919999999999999961e-04
1.600000000000000000e+01 4.600000000000000000e+01 2.700000000000000000e+01 0.000000000000000000e+00 1.600000000000000089e+00 -2.660000000000000146e-04 -1.404999999999999999e-03 -9.999989999999999712e-01 6.751470000000000526e-01 7.376819999999999489e-01 -1.216000000000000067e-03 7.376829999999999776e-01 -6.751470000000000526e-01 7.519999999999999558e-04
2.000000000000000000e+01 4.600000000000000000e+01 2.700000000000000000e+01 0.000000000000000000e+00 1.600000000000000089e+00 -6.019999999999999961e-04 -2.053000000000000137e-03 -9.999980000000000535e-01 6.703890000000000127e-01 7.420069999999999721e-01 -1.926999999999999894e-03 7.420090000000000297e-01 -6.703890000000000127e-01 9.290000000000000297e-04
7.000000000000000000e+00 4.600000000000000000e+01 3.000000000000000000e+01 0.000000000000000000e+00 1.600000000000000089e+00 1.140000000000000063e-04 -1.116999999999999937e-03 -9.999989999999999712e-01 3.325199999999999823e-01 9.430960000000000454e-01 -1.015000000000000060e-03 9.430960000000000454e-01 -3.325199999999999823e-01 4.789999999999999879e-04
1.000000000000000000e+01 4.600000000000000000e+01 3.000000000000000000e+01 0.000000000000000000e+00 1.600000000000000089e+00 -3.869999999999999742e-04 -1.415000000000000025e-03 -9.999989999999999712e-01 3.312160000000000104e-01 9.435540000000000038e-01 -1.463000000000000108e-03 9.435550000000000326e-01 -3.312160000000000104e-01 1.039999999999999936e-04
2.500000000000000000e+01 4.600000000000000000e+01 3.000000000000000000e+01 0.000000000000000000e+00 1.600000000000000089e+00 6.160000000000000111e-04 9.770000000000000039e-04 -9.999989999999999712e-01 3.194540000000000157e-01 9.476010000000000266e-01 1.121999999999999950e-03 9.476010000000000266e-01 -3.194549999999999890e-01 2.709999999999999735e-04
2.000000000000000000e+00 5.800000000000000000e+01 3.100000000000000000e+01 0.000000000000000000e+00 1.600000000000000089e+00 -1.561000000000000104e-03 -3.929000000000000201e-03 9.999909999999999632e-01 -8.013259999999999827e-01 -5.982169999999999987e-01 -3.601000000000000034e-03 5.982250000000000068e-01 -8.013249999999999540e-01 -2.213999999999999822e-03
9.000000000000000000e+00 5.800000000000000000e+01 3.100000000000000000e+01 0.000000000000000000e+00 1.600000000000000089e+00 6.790000000000000245e-04 -7.069999999999999462e-04 1.000000000000000000e+00 -7.986609999999999543e-01 -6.017820000000000391e-01 1.169999999999999979e-04 6.017810000000000104e-01 -7.986600000000000366e-01 -9.730000000000000151e-04
1.300000000000000000e+01 5.800000000000000000e+01 3.100000000000000000e+01 0.000000000000000000e+00 1.600000000000000089e+00 -6.109999999999999980e-04 -1.696999999999999941e-03 9.999980000000000535e-01 -7.974620000000000042e-01 -6.033669999999999867e-01 -1.512000000000000106e-03 6.033680000000000154e-01 -7.974620000000000042e-01 -9.849999999999999815e-04
1.600000000000000000e+01 5.800000000000000000e+01 3.100000000000000000e+01 0.000000000000000000e+00 1.600000000000000089e+00 -3.419000000000000164e-03 -5.147999999999999798e-03 9.999810000000000088e-01 -7.984179999999999611e-01 -6.020759999999999446e-01 -5.828999999999999980e-03 6.020940000000000181e-01 -7.984219999999999651e-01 -2.052000000000000005e-03
2.100000000000000000e+01 5.800000000000000000e+01 3.100000000000000000e+01 0.000000000000000000e+00 1.600000000000000089e+00 -6.329999999999999906e-04 -4.494999999999999864e-03 9.999900000000000455e-01 -7.958070000000000421e-01 -6.055420000000000247e-01 -3.226000000000000135e-03 6.055500000000000327e-01 -7.958009999999999806e-01 -3.193999999999999791e-03
2.600000000000000000e+01 5.800000000000000000e+01 3.100000000000000000e+01 0.000000000000000000e+00 1.600000000000000089e+00 5.270999999999999644e-03 3.726000000000000145e-03 9.999789999999999512e-01 -7.846809999999999619e-01 -6.198669999999999458e-01 6.446000000000000341e-03 6.198780000000000401e-01 -7.846980000000000066e-01 -3.440000000000000132e-04
1.100000000000000000e+01 1.800000000000000000e+01 3.400000000000000000e+01 0.000000000000000000e+00 1.600000000000000089e+00 -1.265000000000000065e-03 -6.258999999999999807e-03 -9.999799999999999800e-01 -3.111860000000000182e-01 -9.503279999999999506e-01 6.342000000000000415e-03 -9.503479999999999706e-01 3.111869999999999914e-01 -7.450000000000000025e-04
1.600000000000000000e+01 1.800000000000000000e+01 3.400000000000000000e+01 0.000000000000000000e+00 1.600000000000000089e+00 -4.470000000000000232e-04 -2.175999999999999983e-03 -9.999970000000000248e-01 -3.062790000000000235e-01 -9.519389999999999796e-01 2.209000000000000026e-03 -9.519419999999999549e-01 3.062790000000000235e-01 -2.410000000000000033e-04
4.000000000000000000e+00 4.600000000000000000e+01 3.500000000000000000e+01 0.000000000000000000e+00 1.600000000000000089e+00 -2.713999999999999833e-03 -1.917000000000000084e-03 -9.999940000000000495e-01 3.945870000000000211e-01 -9.188579999999999526e-01 6.899999999999999667e-04 -9.188549999999999773e-01 -3.945830000000000171e-01 3.249999999999999851e-03
9.000000000000000000e+00 4.600000000000000000e+01 3.500000000000000000e+01 0.000000000000000000e+00 1.600000000000000089e+00 6.520000000000000188e-04 -1.063500000000000036e-02 -9.999430000000000263e-01 3.921549999999999758e-01 -9.198439999999999950e-01 1.003899999999999931e-02 -9.198990000000000222e-01 -3.921399999999999886e-01 3.570999999999999956e-03
1.400000000000000000e+01 4.600000000000000000e+01 3.500000000000000000e+01 0.000000000000000000e+00 1.600000000000000089e+00 1.046999999999999971e-03 -6.682999999999999705e-03 -9.999770000000000048e-01 3.920029999999999903e-01 -9.199410000000000087e-01 6.558999999999999726e-03 -9.199629999999999752e-01 -3.920009999999999883e-01 1.657000000000000053e-03
1.700000000000000000e+01 4.600000000000000000e+01 3.500000000000000000e+01 0.000000000000000000e+00 1.600000000000000089e+00 -5.599999999999999509e-04 -1.379999999999999933e-03 -9.999989999999999712e-01 3.930089999999999972e-01 -9.195339999999999625e-01 1.049000000000000019e-03 -9.195339999999999625e-01 -3.930080000000000240e-01 1.056999999999999997e-03
2.300000000000000000e+01 4.600000000000000000e+01 3.500000000000000000e+01 0.000000000000000000e+00 1.600000000000000089e+00 1.075000000000000001e-03 -5.973000000000000011e-03 -9.999820000000000375e-01 3.915210000000000079e-01 -9.201500000000000234e-01 5.917000000000000384e-03 -9.201690000000000147e-01 -3.915199999999999791e-01 1.350000000000000071e-03
2.700000000000000000e+01 4.600000000000000000e+01 3.500000000000000000e+01 0.000000000000000000e+00 1.600000000000000089e+00 5.280000000000000405e-04 -1.961000000000000069e-03 -9.999980000000000535e-01 3.902599999999999958e-01 -9.207030000000000491e-01 2.011999999999999900e-03 -9.207049999999999956e-01 -3.902599999999999958e-01 2.790000000000000054e-04
3.000000000000000000e+00 9.500000000000000000e+01 3.600000000000000000e+01 0.000000000000000000e+00 1.600000000000000089e+00 6.387999999999999581e-03 1.236499999999999926e-02 9.999029999999999863e-01 9.980860000000000287e-01 6.142100000000000337e-02 -7.135999999999999982e-03 -6.150400000000000311e-02 9.980350000000000055e-01 -1.194899999999999955e-02
6.000000000000000000e+00 9.500000000000000000e+01 3.600000000000000000e+01 0.000000000000000000e+00 1.600000000000000089e+00 7.979999999999999247e-03 7.079000000000000223e-03 9.999430000000000263e-01 9.976450000000000040e-01 6.807100000000000650e-02 -8.443000000000000851e-03 -6.812699999999999312e-02 9.976549999999999585e-01 -6.518999999999999621e-03
1.400000000000000000e+01 9.500000000000000000e+01 3.600000000000000000e+01 0.000000000000000000e+00 1.600000000000000089e+00 4.227999999999999987e-03 -1.599400000000000127e-02 9.998629999999999463e-01 9.972609999999999530e-01 7.390700000000000047e-02 -3.034999999999999937e-03 -7.384799999999999698e-02 9.971370000000000511e-01 1.626199999999999868e-02
1.800000000000000000e+01 9.500000000000000000e+01 3.600000000000000000e+01 0.000000000000000000e+00 1.600000000000000089e+00 1.482000000000000027e-03 -5.870999999999999830e-02 9.982739999999999947e-01 9.971470000000000056e-01 7.542999999999999705e-02 2.955999999999999860e-03 -7.547299999999999842e-02 9.954210000000000003e-01 5.865399999999999781e-02
5.000000000000000000e+00 3.000000000000000000e+00 4.300000000000000000e+01 0.000000000000000000e+00 1.600000000000000089e+00 -4.203000000000000139e-03 -1.399999999999999877e-04 -9.999909999999999632e-01 7.376439999999999664e-01 -6.751829999999999776e-01 -3.005999999999999991e-03 -6.751770000000000271e-01 -7.376500000000000279e-01 2.942000000000000171e-03
1.200000000000000000e+01 3.000000000000000000e+00 4.300000000000000000e+01 0.000000000000000000e+00 1.600000000000000089e+00 2.648000000000000180e-03 1.153700000000000038e-02 -9.999299999999999855e-01 7.347299999999999942e-01 -6.783350000000000213e-01 -5.880999999999999943e-03 -6.783550000000000413e-01 -7.346629999999999550e-01 -1.027299999999999915e-02
1.600000000000000000e+01 3.000000000000000000e+00 4.300000000000000000e+01 0.000000000000000000e+00 1.600000000000000089e+00 2.429999999999999868e-03 1.149999999999999981e-03 -9.999959999999999960e-01 7.373420000000000529e-01 -6.755189999999999806e-01 1.015000000000000060e-03 -6.755149999999999766e-01 -7.373420000000000529e-01 -2.490000000000000026e-03
1.900000000000000000e+01 3.000000000000000000e+00 4.300000000000000000e+01 0.000000000000000000e+00 1.600000000000000089e+00 4.145000000000000247e-03 1.404299999999999993e-02 -9.998930000000000318e-01 7.367010000000000502e-01 -6.761880000000000113e-01 -6.442999999999999942e-03 -6.762059999999999738e-01 -7.365949999999999998e-01 -1.314899999999999923e-02
2.200000000000000000e+01 3.000000000000000000e+00 4.300000000000000000e+01 0.000000000000000000e+00 1.600000000000000089e+00 5.997999999999999859e-03 2.881099999999999980e-02 -9.995669999999999833e-01 7.321379999999999555e-01 -6.809859999999999802e-01 -1.523500000000000028e-02 -6.811300000000000132e-01 -7.317289999999999628e-01 -2.517799999999999899e-02
2.700000000000000000e+01 3.000000000000000000e+00 4.300000000000000000e+01 0.000000000000000000e+00 1.600000000000000089e+00 1.166400000000000076e-02 1.180800000000000079e-02 -9.998620000000000285e-01 7.304669999999999774e-01 -6.829479999999999995e-01 4.560000000000000251e-04 -6.828490000000000393e-01 -7.303709999999999924e-01 -1.659100000000000158e-02
1.300000000000000000e+01 8.000000000000000000e+00 4.400000000000000000e+01 0.000000000000000000e+00 1.600000000000000089e+00 -2.186000000000000009e-03 4.653000000000000018e-03 9.999869999999999592e-01 -7.825170000000000181e-01 -6.226279999999999593e-01 1.186999999999999904e-03 6.226260000000000128e-01 -7.825039999999999774e-01 5.002000000000000370e-03
2.400000000000000000e+01 8.000000000000000000e+00 4.400000000000000000e+01 0.000000000000000000e+00 1.600000000000000089e+00 6.739000000000000198e-03 1.544200000000000086e-02 9.998580000000000245e-01 -7.825999999999999623e-01 -6.223469999999999835e-01 1.488599999999999993e-02 6.224880000000000413e-01 -7.825889999999999791e-01 7.889999999999999444e-03
4.000000000000000000e+00 2.900000000000000000e+01 4.400000000000000000e+01 0.000000000000000000e+00 1.600000000000000089e+00 -3.582000000000000114e-03 -2.431000000000000001e-03 -9.999909999999999632e-01 6.601979999999999515e-01 7.510799999999999699e-01 -4.190000000000000148e-03 7.510829999999999451e-01 -6.602059999999999595e-01 -1.085000000000000027e-03
7.000000000000000000e+00 2.900000000000000000e+01 4.400000000000000000e+01 0.000000000000000000e+00 1.600000000000000089e+00 -1.856999999999999927e-03 -2.083999999999999915e-03 -9.999959999999999960e-01 6.651510000000000478e-01 7.467040000000000344e-01 -2.791000000000000078e-03 7.467070000000000096e-01 -6.651529999999999943e-01 -9.999999999999999547e-07
1.100000000000000000e+01 2.900000000000000000e+01 4.400000000000000000e+01 0.000000000000000000e+00 1.600000000000000089e+00 -7.860000000000000233e-04 -2.289999999999999935e-03 -9.999970000000000248e-01 6.674390000000000045e-01 7.446610000000000174e-01 -2.230000000000000211e-03 7.446639999999999926e-01 -6.674390000000000045e-01 9.430000000000000448e-04
1.500000000000000000e+01 2.900000000000000000e+01 4.400000000000000000e+01 0.000000000000000000e+00 1.600000000000000089e+00 4.929999999999999487e-04 1.095000000000000053e-03 -9.999989999999999712e-01 6.697910000000000252e-01 7.425490000000000146e-01 1.142999999999999919e-03 7.425500000000000433e-01 -6.697910000000000252e-01 -3.669999999999999760e-04
1.800000000000000000e+01 2.900000000000000000e+01 4.400000000000000000e+01 0.000000000000000000e+00 1.600000000000000089e+00 1.910999999999999938e-03 1.881000000000000076e-03 -9.999959999999999960e-01 6.666539999999999688e-01 7.453619999999999690e-01 2.675999999999999993e-03 7.453650000000000553e-01 -6.666570000000000551e-01 1.710000000000000094e-04
2.200000000000000000e+01 2.900000000000000000e+01 4.400000000000000000e+01 0.000000000000000000e+00 1.600000000000000089e+00 1.345999999999999974e-03 2.719999999999999979e-04 -9.999989999999999712e-01 6.550789999999999669e-01 7.555600000000000094e-01 1.087000000000000076e-03 7.555589999999999806e-01 -6.550799999999999956e-01 8.390000000000000105e-04
2.700000000000000000e+01 2.900000000000000000e+01 4.400000000000000000e+01 0.000000000000000000e+00 1.600000000000000089e+00 -1.386000000000000079e-03 -2.162999999999999992e-03 -9.999970000000000248e-01 6.495849999999999680e-01 7.602839999999999598e-01 -2.543999999999999821e-03 7.602870000000000461e-01 -6.495870000000000255e-01 3.510000000000000208e-04
3.000000000000000000e+00 7.000000000000000000e+01 4.700000000000000000e+01 0.000000000000000000e+00 1.600000000000000089e+00 1.394000000000000057e-03 -3.517999999999999860e-03 -9.999930000000000208e-01 -8.451999999999999513e-01 -5.344489999999999519e-01 7.020000000000000415e-04 -5.344480000000000341e-01 8.451929999999999721e-01 -3.719000000000000083e-03
4.000000000000000000e+00 6.000000000000000000e+00 5.100000000000000000e+01 0.000000000000000000e+00 1.600000000000000089e+00 -4.632999999999999965e-03 -1.664200000000000054e-02 -9.998510000000000453e-01 3.138949999999999796e-01 -9.493489999999999984e-01 1.434700000000000038e-02 -9.494460000000000122e-01 -3.137820000000000054e-01 9.622000000000000344e-03
8.000000000000000000e+00 6.000000000000000000e+00 5.100000000000000000e+01 0.000000000000000000e+00 1.600000000000000089e+00 -5.530000000000000193e-03 -1.005299999999999944e-02 -9.999339999999999895e-01 3.196860000000000257e-01 -9.474920000000000009e-01 7.758000000000000139e-03 -9.475080000000000169e-01 -3.196220000000000172e-01 8.453999999999999709e-03
2.200000000000000000e+01 6.000000000000000000e+00 5.100000000000000000e+01 0.000000000000000000e+00 1.600000000000000089e+00 3.846000000000000026e-03 1.581400000000000167e-02 -9.998679999999999790e-01 3.097460000000000213e-01 -9.507179999999999520e-01 -1.384499999999999967e-02 -9.508109999999999618e-01 -3.096519999999999828e-01 -8.555000000000000104e-03
7.000000000000000000e+00 7.000000000000000000e+00 5.200000000000000000e+01 0.000000000000000000e+00 1.600000000000000089e+00 -7.006000000000000075e-03 -9.374999999999999653e-03 -9.999310000000000143e-01 1.192440000000000028e-01 -9.928289999999999615e-01 8.472999999999999629e-03 -9.928399999999999448e-01 -1.191770000000000052e-01 8.073000000000000315e-03
2.300000000000000000e+01 7.000000000000000000e+00 5.200000000000000000e+01 0.000000000000000000e+00 1.600000000000000089e+00 9.478999999999999579e-03 1.463199999999999917e-02 -9.998479999999999590e-01 9.926899999999999613e-02 -9.949670000000000458e-01 -1.362000000000000016e-02 -9.950149999999999828e-01 -9.912500000000000477e-02 -1.088399999999999958e-02
2.800000000000000000e+01 7.000000000000000000e+00 5.200000000000000000e+01 0.000000000000000000e+00 1.600000000000000089e+00 5.170000000000000116e-03 8.370999999999999969e-03 -9.999519999999999520e-01 9.075199999999999934e-02 -9.958420000000000050e-01 -7.867000000000000728e-03 -9.958599999999999675e-01 -9.070699999999999597e-02 -5.908000000000000057e-03
6.000000000000000000e+00 6.300000000000000000e+01 5.400000000000000000e+01 0.000000000000000000e+00 1.600000000000000089e+00 -2.557999999999999944e-03 -4.525999999999999641e-03 9.999860000000000415e-01 -3.393129999999999757e-01 9.406679999999999486e-01 3.389000000000000085e-03 -9.406700000000000061e-01 -3.392990000000000173e-01 -3.942000000000000191e-03
1.300000000000000000e+01 6.300000000000000000e+01 5.400000000000000000e+01 0.000000000000000000e+00 1.600000000000000089e+00 1.026000000000000002e-03 1.469999999999999953e-04 1.000000000000000000e+00 -3.346339999999999870e-01 9.423479999999999634e-01 2.039999999999999984e-04 -9.423470000000000457e-01 -3.346350000000000158e-01 1.015999999999999976e-03
2.200000000000000000e+01 6.300000000000000000e+01 5.400000000000000000e+01 0.000000000000000000e+00 1.600000000000000089e+00 6.792000000000000294e-03 4.308000000000000197e-03 9.999679999999999680e-01 -3.422379999999999867e-01 9.396120000000000028e-01 -1.722999999999999922e-03 -9.395890000000000075e-01 -3.422149999999999914e-01 7.856000000000000136e-03
5.000000000000000000e+00 2.000000000000000000e+01 6.000000000000000000e+01 0.000000000000000000e+00 1.600000000000000089e+00 -2.339999999999999958e-04 -1.160600000000000000e-02 9.999329999999999607e-01 -6.173200000000000215e-02 9.980259999999999687e-01 1.157000000000000042e-02 -9.980930000000000080e-01 -6.172500000000000209e-02 -9.499999999999999981e-04
6.000000000000000000e+00 2.100000000000000000e+01 6.000000000000000000e+01 0.000000000000000000e+00 1.600000000000000089e+00 3.229999999999999907e-04 -5.547999999999999980e-03 9.999850000000000128e-01 -9.529899999999999483e-02 9.954330000000000123e-01 5.552999999999999776e-03 -9.954490000000000283e-01 -9.529999999999999583e-02 -2.069999999999999900e-04
1.200000000000000000e+01 2.100000000000000000e+01 6.000000000000000000e+01 0.000000000000000000e+00 1.600000000000000089e+00 -5.659999999999999884e-04 -9.048999999999999752e-03 9.999590000000000423e-01 -9.321100000000000219e-02 9.956059999999999910e-01 8.956999999999999684e-03 -9.956460000000000310e-01 -9.320199999999999319e-02 -1.407000000000000048e-03
1.600000000000000000e+01 2.100000000000000000e+01 6.000000000000000000e+01 0.000000000000000000e+00 1.600000000000000089e+00 -1.621000000000000045e-03 -6.603000000000000362e-03 9.999770000000000048e-01 -9.318500000000000394e-02 9.956279999999999575e-01 6.424000000000000023e-03 -9.956469999999999487e-01 -9.317300000000000582e-02 -2.230000000000000211e-03
2.200000000000000000e+01 2.100000000000000000e+01 6.000000000000000000e+01 0.000000000000000000e+00 1.600000000000000089e+00 -1.454999999999999913e-03 4.636000000000000364e-03 9.999879999999999880e-01 -9.584700000000000164e-02 9.953849999999999643e-01 -4.754000000000000413e-03 -9.953950000000000298e-01 -9.585200000000000664e-02 -1.002999999999999985e-03
2.700000000000000000e+01 2.100000000000000000e+01 6.000000000000000000e+01 0.000000000000000000e+00 1.600000000000000089e+00 9.470000000000000336e-04 1.238500000000000018e-02 9.999230000000000063e-01 -9.591700000000000226e-02 9.953140000000000320e-01 -1.223699999999999961e-02 -9.953889999999999683e-01 -9.589799999999999713e-02 2.131000000000000082e-03
2.100000000000000000e+01 8.200000000000000000e+01 6.200000000000000000e+01 0.000000000000000000e+00 1.600000000000000089e+00 6.359569999999999945e-01 -7.463469999999999827e-01 1.962770000000000070e-01 -6.464100000000000401e-01 -6.541050000000000475e-01 -3.928110000000000213e-01 4.215599999999999903e-01 1.229360000000000036e-01 -8.984290000000000331e-01
2.200000000000000000e+01 3.000000000000000000e+00 6.300000000000000000e+01 0.000000000000000000e+00 1.600000000000000089e+00 1.706000000000000051e-03 1.383500000000000008e-02 9.999029999999999863e-01 -6.250449999999999617e-01 7.805279999999999996e-01 -9.733000000000000332e-03 -7.805870000000000308e-01 -6.249670000000000503e-01 9.979000000000000023e-03
2.900000000000000000e+01 3.000000000000000000e+00 6.300000000000000000e+01 0.000000000000000000e+00 1.600000000000000089e+00 8.700000000000000051e-04 6.492000000000000375e-03 9.999789999999999512e-01 -6.167040000000000299e-01 7.871820000000000483e-01 -4.572999999999999808e-03 -7.871949999999999781e-01 -6.166859999999999564e-01 4.688999999999999592e-03
6.000000000000000000e+00 2.700000000000000000e+01 6.300000000000000000e+01 0.000000000000000000e+00 1.600000000000000089e+00 1.178000000000000011e-03 -3.570999999999999956e-03 9.999930000000000208e-01 -2.787220000000000253e-01 9.603639999999999954e-01 3.758000000000000056e-03 -9.603709999999999747e-01 -2.787250000000000005e-01 1.359999999999999989e-04
1.000000000000000000e+01 2.700000000000000000e+01 6.300000000000000000e+01 0.000000000000000000e+00 1.600000000000000089e+00 1.978999999999999856e-03 -4.891000000000000382e-03 9.999860000000000415e-01 -2.802990000000000204e-01 9.598980000000000290e-01 5.250000000000000326e-03 -9.599109999999999587e-01 -2.803059999999999996e-01 5.289999999999999564e-04
1.400000000000000000e+01 2.700000000000000000e+01 6.300000000000000000e+01 0.000000000000000000e+00 1.600000000000000089e+00 7.780000000000000457e-04 -3.324000000000000132e-03 9.999940000000000495e-01 -2.815860000000000030e-01 9.595299999999999940e-01 3.408000000000000005e-03 -9.595359999999999445e-01 -2.815869999999999762e-01 -1.900000000000000105e-04
2.000000000000000000e+01 2.700000000000000000e+01 6.300000000000000000e+01 0.000000000000000000e+00 1.600000000000000089e+00 -1.227999999999999925e-03 -3.047999999999999928e-03 9.999949999999999672e-01 -2.761799999999999811e-01 9.611030000000000406e-01 2.589999999999999854e-03 -9.611049999999999871e-01 -2.761750000000000038e-01 -2.021999999999999926e-03
2.300000000000000000e+01 2.700000000000000000e+01 6.300000000000000000e+01 0.000000000000000000e+00 1.600000000000000089e+00 2.339999999999999958e-04 1.520000000000000084e-04 1.000000000000000000e+00 -2.714019999999999766e-01 9.624660000000000437e-01 -8.299999999999999815e-05 -9.624660000000000437e-01 -2.714019999999999766e-01 2.660000000000000146e-04
3.000000000000000000e+01 2.700000000000000000e+01 6.300000000000000000e+01 0.000000000000000000e+00 1.600000000000000089e+00 4.704999999999999981e-03 2.250999999999999963e-03 9.999860000000000415e-01 -2.696230000000000016e-01 9.629659999999999886e-01 -8.989999999999999511e-04 -9.629550000000000054e-01 -2.696149999999999936e-01 5.138000000000000206e-03
