5.000000000000000000e+00 2.500000000000000000e+01 1.000000000000000000e+00 0.000000000000000000e+00 1.600000000000000089e+00 1.920000000000000049e-03 2.877800000000000150e-02 -9.995840000000000281e-01 -5.310259999999999980e-01 -8.469750000000000334e-01 -2.540399999999999950e-02 -8.473540000000000516e-01 5.308540000000000481e-01 1.365500000000000047e-02
2.100000000000000000e+01 2.500000000000000000e+01 1.000000000000000000e+00 0.000000000000000000e+00 1.600000000000000089e+00 1.075999999999999917e-03 -1.124999999999999915e-03 -9.999989999999999712e-01 -5.272860000000000325e-01 -8.496879999999999988e-01 3.890000000000000228e-04 -8.496869999999999701e-01 5.272850000000000037e-01 -1.508000000000000009e-03
4.000000000000000000e+00 1.500000000000000000e+01 4.000000000000000000e+00 0.000000000000000000e+00 1.600000000000000089e+00 1.686999999999999915e-03 4.453000000000000361e-03 9.999890000000000168e-01 3.223610000000000086e-01 -9.466099999999999515e-01 3.670999999999999784e-03 9.466149999999999842e-01 3.223509999999999986e-01 -3.031999999999999973e-03
8.000000000000000000e+00 1.500000000000000000e+01 4.000000000000000000e+00 0.000000000000000000e+00 1.600000000000000089e+00 4.595000000000000126e-03 9.350000000000000672e-03 9.999460000000000015e-01 3.246569999999999734e-01 -9.458029999999999493e-01 7.352000000000000028e-03 9.458210000000000228e-01 3.246049999999999769e-01 -7.381999999999999673e-03
1.600000000000000000e+01 1.500000000000000000e+01 4.000000000000000000e+00 0.000000000000000000e+00 1.600000000000000089e+00 -1.000999999999999937e-03 4.375999999999999682e-03 9.999900000000000455e-01 3.279110000000000080e-01 -9.446980000000000377e-01 4.461999999999999821e-03 9.447079999999999922e-01 3.279119999999999813e-01 -4.899999999999999842e-04
2.200000000000000000e+01 1.500000000000000000e+01 4.000000000000000000e+00 0.000000000000000000e+00 1.600000000000000089e+00 6.279999999999999775e-04 1.090000000000000067e-04 1.000000000000000000e+00 3.283079999999999887e-01 -9.445710000000000495e-01 -1.029999999999999964e-04 9.445710000000000495e-01 3.283079999999999887e-01 -6.290000000000000018e-04
2.500000000000000000e+01 1.500000000000000000e+01 4.000000000000000000e+00 0.000000000000000000e+00 1.600000000000000089e+00 -5.929999999999999941e-04 3.285000000000000159e-03 9.999940000000000495e-01 3.298030000000000128e-01 -9.440439999999999943e-01 3.297000000000000017e-03 9.440499999999999448e-01 3.298030000000000128e-01 -5.240000000000000517e-04
3.000000000000000000e+01 1.500000000000000000e+01 4.000000000000000000e+00 0.000000000000000000e+00 1.600000000000000089e+00 -1.590000000000000050e-03 -3.936000000000000262e-03 9.999909999999999632e-01 3.248249999999999749e-01 -9.457689999999999708e-01 -3.206000000000000082e-03 9.457729999999999748e-01 3.248170000000000224e-01 2.782000000000000185e-03
9.000000000000000000e+00 1.010000000000000000e+02 7.000000000000000000e+00 0.000000000000000000e+00 1.600000000000000089e+00 -2.073200000000000043e-02 4.558899999999999758e-02 9.987449999999999939e-01 8.763079999999999758e-01 4.817370000000000263e-01 -3.798999999999999860e-03 -4.813049999999999828e-01 8.751290000000000457e-01 -4.993800000000000322e-02
1.800000000000000000e+01 1.010000000000000000e+02 7.000000000000000000e+00 0.000000000000000000e+00 1.600000000000000089e+00 2.497600000000000167e-02 -6.767900000000000305e-02 9.973940000000000028e-01 8.806610000000000271e-01 4.736389999999999767e-01 1.008700000000000048e-02 -4.730880000000000085e-01 8.781149999999999789e-01 7.143199999999999550e-02
3.000000000000000000e+00 2.500000000000000000e+01 8.000000000000000000e+00 0.000000000000000000e+00 1.600000000000000089e+00 1.642999999999999929e-03 3.115999999999999846e-03 -9.999940000000000495e-01 4.506049999999999778e-01 8.927159999999999540e-01 3.521999999999999957e-03 8.927220000000000155e-01 -4.506080000000000085e-01 6.299999999999999990e-05
9.000000000000000000e+00 2.500000000000000000e+01 8.000000000000000000e+00 0.000000000000000000e+00 1.600000000000000089e+00 -9.299999999999999727e-05 6.814999999999999877e-03 -9.999770000000000048e-01 4.524639999999999773e-01 8.917620000000000546e-01 6.035000000000000434e-03 8.917829999999999924e-01 -4.524529999999999941e-01 -3.165999999999999977e-03
1.400000000000000000e+01 2.500000000000000000e+01 8.000000000000000000e+00 0.000000000000000000e+00 1.600000000000000089e+00 1.800000000000000046e-05 -3.069000000000000113e-03 -9.999949999999999672e-01 4.519469999999999876e-01 8.920409999999999728e-01 -2.729999999999999788e-03 8.920449999999999768e-01 -4.519440000000000124e-01 1.402999999999999950e-03
1.700000000000000000e+01 2.500000000000000000e+01 8.000000000000000000e+00 0.000000000000000000e+00 1.600000000000000089e+00 -2.820000000000000241e-04 -3.377999999999999926e-03 -9.999940000000000495e-01 4.530710000000000015e-01 8.914689999999999559e-01 -3.138999999999999863e-03 8.914739999999999887e-01 -4.530689999999999995e-01 1.278999999999999972e-03
2.000000000000000000e+01 2.500000000000000000e+01 8.000000000000000000e+00 0.000000000000000000e+00 1.600000000000000089e+00 -5.569999999999999864e-04 -3.753999999999999958e-03 -9.999930000000000208e-01 4.532939999999999747e-01 8.913539999999999797e-01 -3.598000000000000070e-03 8.913609999999999589e-01 -4.532930000000000015e-01 1.204999999999999908e-03
2.900000000000000000e+01 2.500000000000000000e+01 8.000000000000000000e+00 0.000000000000000000e+00 1.600000000000000089e+00 -4.270000000000000249e-04 3.269000000000000204e-03 -9.999949999999999672e-01 4.522160000000000069e-01 8.919040000000000301e-01 2.722000000000000027e-03 8.919080000000000341e-01 -4.522129999999999761e-01 -1.858999999999999975e-03
3.000000000000000000e+00 2.400000000000000000e+01 9.000000000000000000e+00 0.000000000000000000e+00 1.600000000000000089e+00 4.380000000000000213e-04 6.483000000000000047e-03 -9.999789999999999512e-01 4.531680000000000152e-01 8.914050000000000029e-01 5.977999999999999807e-03 8.914250000000000229e-01 -4.531609999999999805e-01 -2.547999999999999918e-03
1.000000000000000000e+01 2.400000000000000000e+01 9.000000000000000000e+00 0.000000000000000000e+00 1.600000000000000089e+00 6.700000000000000226e-05 4.827999999999999826e-03 -9.999879999999999880e-01 4.547689999999999788e-01 8.905990000000000295e-01 4.330999999999999781e-03 8.906089999999999840e-01 -4.547640000000000016e-01 -2.135999999999999878e-03
1.400000000000000000e+01 2.400000000000000000e+01 9.000000000000000000e+00 0.000000000000000000e+00 1.600000000000000089e+00 -1.069999999999999988e-04 -4.209000000000000068e-03 -9.999909999999999632e-01 4.542479999999999851e-01 8.908669999999999645e-01 -3.798999999999999860e-03 8.908749999999999725e-01 -4.542450000000000099e-01 1.817000000000000039e-03
1.700000000000000000e+01 2.400000000000000000e+01 9.000000000000000000e+00 0.000000000000000000e+00 1.600000000000000089e+00 -4.889999999999999599e-04 -3.408000000000000005e-03 -9.999940000000000495e-01 4.550509999999999833e-01 8.904600000000000293e-01 -3.256999999999999913e-03 8.904649999999999510e-01 -4.550500000000000100e-01 1.115000000000000106e-03
2.100000000000000000e+01 2.400000000000000000e+01 9.000000000000000000e+00 0.000000000000000000e+00 1.600000000000000089e+00 -7.029999999999999574e-04 -3.883000000000000167e-03 -9.999919999999999920e-01 4.559099999999999819e-01 8.900179999999999758e-01 -3.776999999999999975e-03 8.900259999999999838e-01 -4.559090000000000087e-01 1.144999999999999967e-03
2.800000000000000000e+01 2.400000000000000000e+01 9.000000000000000000e+00 0.000000000000000000e+00 1.600000000000000089e+00 -1.231000000000000106e-03 4.227999999999999987e-03 -9.999900000000000455e-01 4.569719999999999893e-01 8.894760000000000444e-01 3.197999999999999888e-03 8.894800000000000484e-01 -4.569630000000000081e-01 -3.027000000000000177e-03
7.000000000000000000e+00 1.200000000000000000e+01 1.000000000000000000e+01 0.000000000000000000e+00 1.600000000000000089e+00 1.812000000000000026e-03 6.032000000000000035e-03 -9.999799999999999800e-01 -5.534750000000000503e-01 -8.328440000000000287e-01 -6.027000000000000239e-03 -8.328640000000000487e-01 5.534750000000000503e-01 1.830000000000000029e-03
6.000000000000000000e+00 4.000000000000000000e+00 1.100000000000000000e+01 0.000000000000000000e+00 1.600000000000000089e+00 1.787300000000000000e-02 -1.252830000000000055e-01 -9.919599999999999529e-01 1.295880000000000087e-01 9.840400000000000258e-01 -1.219480000000000008e-01 9.914070000000000382e-01 -1.263670000000000071e-01 3.382299999999999890e-02
1.400000000000000000e+01 4.000000000000000000e+00 1.100000000000000000e+01 0.000000000000000000e+00 1.600000000000000089e+00 3.339600000000000207e-02 -2.200479999999999936e-01 -9.749170000000000336e-01 1.241889999999999938e-01 9.688149999999999817e-01 -2.144159999999999955e-01 9.916960000000000219e-01 -1.139130000000000004e-01 5.968199999999999894e-02
3.000000000000000000e+00 3.100000000000000000e+01 1.200000000000000000e+01 0.000000000000000000e+00 1.600000000000000089e+00 -7.047999999999999578e-03 -3.451300000000000201e-02 9.993790000000000173e-01 -1.660100000000000117e-02 9.992699999999999916e-01 3.439199999999999896e-02 -9.998369999999999758e-01 -1.634899999999999895e-02 -7.616000000000000374e-03
8.000000000000000000e+00 3.100000000000000000e+01 1.200000000000000000e+01 0.000000000000000000e+00 1.600000000000000089e+00 -3.879999999999999985e-04 -1.824299999999999880e-02 9.998340000000000005e-01 -2.586899999999999963e-02 9.994990000000000263e-01 1.822599999999999915e-02 -9.996650000000000258e-01 -2.585700000000000151e-02 -8.589999999999999546e-04
1.500000000000000000e+01 3.100000000000000000e+01 1.200000000000000000e+01 0.000000000000000000e+00 1.600000000000000089e+00 1.067999999999999939e-03 9.717999999999999208e-03 9.999519999999999520e-01 -1.948599999999999985e-02 9.997629999999999573e-01 -9.695000000000000492e-03 -9.998099999999999765e-01 -1.947499999999999926e-02 1.257000000000000088e-03
2.400000000000000000e+01 3.100000000000000000e+01 1.200000000000000000e+01 0.000000000000000000e+00 1.600000000000000089e+00 2.691999999999999948e-03 5.728999999999999718e-03 9.999799999999999800e-01 -7.309000000000000392e-03 9.999569999999999848e-01 -5.708999999999999665e-03 -9.999700000000000255e-01 -7.293000000000000003e-03 2.733000000000000186e-03
2.700000000000000000e+01 3.100000000000000000e+01 1.200000000000000000e+01 0.000000000000000000e+00 1.600000000000000089e+00 2.680000000000000090e-03 -5.032000000000000015e-03 9.999839999999999840e-01 -6.713000000000000217e-03 9.999649999999999928e-01 5.049999999999999802e-03 -9.999740000000000295e-01 -6.727000000000000340e-03 2.645999999999999915e-03
2.000000000000000000e+00 3.500000000000000000e+01 1.200000000000000000e+01 0.000000000000000000e+00 1.600000000000000089e+00 -2.056699999999999848e-02 2.004299999999999832e-02 -9.995880000000000321e-01 4.970319999999999738e-01 -8.672929999999999806e-01 -2.761699999999999919e-02 -8.674880000000000368e-01 -4.973949999999999760e-01 7.875000000000000056e-03
1.900000000000000000e+01 3.500000000000000000e+01 1.200000000000000000e+01 0.000000000000000000e+00 1.600000000000000089e+00 1.052499999999999963e-02 -1.248699999999999984e-02 -9.998669999999999503e-01 4.849649999999999794e-01 -8.743870000000000253e-01 1.602500000000000105e-02 -8.744699999999999696e-01 -4.850689999999999724e-01 -3.147000000000000058e-03
2.400000000000000000e+01 3.500000000000000000e+01 1.200000000000000000e+01 0.000000000000000000e+00 1.600000000000000089e+00 5.786999999999999610e-03 -1.423000000000000003e-03 -9.999820000000000375e-01 5.121649999999999814e-01 -8.588770000000000016e-01 4.186999999999999750e-03 -8.588679999999999648e-01 -5.121799999999999686e-01 -4.242000000000000111e-03
2.900000000000000000e+01 3.500000000000000000e+01 1.200000000000000000e+01 0.000000000000000000e+00 1.600000000000000089e+00 -1.355000000000000085e-03 3.726999999999999844e-03 -9.999919999999999920e-01 5.081839999999999691e-01 -8.612400000000000055e-01 -3.897999999999999989e-03 -8.612480000000000135e-01 -5.081849999999999978e-01 -7.269999999999999987e-04
1.800000000000000000e+01 1.200000000000000000e+01 1.500000000000000000e+01 0.000000000000000000e+00 1.600000000000000089e+00 1.440199999999999987e-02 -2.497900000000000120e-02 -9.995840000000000281e-01 -4.934649999999999870e-01 -8.696430000000000549e-01 1.462199999999999958e-02 -8.696460000000000301e-01 4.930490000000000150e-01 -2.485000000000000056e-02
2.700000000000000000e+01 1.200000000000000000e+01 1.500000000000000000e+01 0.000000000000000000e+00 1.600000000000000089e+00 -6.530000000000000431e-04 -1.298299999999999975e-02 -9.999149999999999983e-01 -4.771059999999999746e-01 -8.787669999999999648e-01 1.172199999999999978e-02 -8.788449999999999873e-01 4.770739999999999981e-01 -5.621000000000000128e-03
2.000000000000000000e+00 4.000000000000000000e+00 2.000000000000000000e+01 0.000000000000000000e+00 1.600000000000000089e+00 1.679500000000000090e-02 4.024999999999999932e-03 -9.998510000000000453e-01 1.979769999999999863e-01 -9.802060000000000217e-01 -6.199999999999999999e-04 -9.800630000000000175e-01 -1.979370000000000018e-01 -1.726000000000000104e-02
1.000000000000000000e+01 4.000000000000000000e+00 2.000000000000000000e+01 0.000000000000000000e+00 1.600000000000000089e+00 -1.243499999999999987e-02 3.678599999999999925e-02 -9.992459999999999676e-01 2.456260000000000110e-01 -9.685909999999999798e-01 -3.871399999999999841e-02 -9.692849999999999522e-01 -2.459220000000000017e-01 3.008999999999999956e-03
1.700000000000000000e+01 4.000000000000000000e+00 2.000000000000000000e+01 0.000000000000000000e+00 1.600000000000000089e+00 -6.099000000000000254e-03 9.809000000000000011e-03 -9.999329999999999607e-01 2.403160000000000018e-01 -9.706320000000000503e-01 -1.098700000000000024e-02 -9.706749999999999545e-01 -2.403669999999999973e-01 3.562000000000000062e-03
2.400000000000000000e+01 4.000000000000000000e+00 2.000000000000000000e+01 0.000000000000000000e+00 1.600000000000000089e+00 5.370999999999999906e-03 -1.728299999999999975e-02 -9.998359999999999470e-01 1.790799999999999892e-01 -9.836700000000000443e-01 1.796599999999999933e-02 -9.838200000000000278e-01 -1.791470000000000007e-01 -2.187999999999999841e-03
2.000000000000000000e+00 1.300000000000000000e+01 2.000000000000000000e+01 0.000000000000000000e+00 1.600000000000000089e+00 -1.670999999999999959e-03 8.610000000000000032e-04 9.999980000000000535e-01 2.465990000000000126e-01 9.691180000000000350e-01 -4.220000000000000118e-04 -9.691159999999999775e-01 2.465980000000000116e-01 -1.832000000000000078e-03
8.000000000000000000e+00 1.300000000000000000e+01 2.000000000000000000e+01 0.000000000000000000e+00 1.600000000000000089e+00 -9.225000000000000561e-03 -2.324000000000000024e-02 9.996869999999999923e-01 2.559759999999999813e-01 9.663640000000000008e-01 2.482699999999999838e-02 -9.666390000000000260e-01 2.561260000000000203e-01 -2.965999999999999887e-03
1.100000000000000000e+01 1.300000000000000000e+01 2.000000000000000000e+01 0.000000000000000000e+00 1.600000000000000089e+00 -2.676600000000000160e-02 -6.175200000000000133e-02 9.977329999999999810e-01 2.779889999999999861e-01 9.582610000000000294e-01 6.676600000000000590e-02 -9.602110000000000367e-01 2.791460000000000052e-01 -8.482999999999999222e-03
2.700000000000000000e+01 1.300000000000000000e+01 2.000000000000000000e+01 0.000000000000000000e+00 1.600000000000000089e+00 3.164299999999999752e-02 9.319800000000000306e-02 9.951449999999999463e-01 2.633119999999999905e-01 9.596949999999999648e-01 -9.825100000000000500e-02 -9.641920000000000490e-01 2.651419999999999888e-01 5.827999999999999847e-03
1.200000000000000000e+01 1.400000000000000000e+01 2.000000000000000000e+01 0.000000000000000000e+00 1.600000000000000089e+00 -2.695600000000000079e-02 -7.838499999999999635e-02 9.965589999999999726e-01 2.609949999999999770e-01 9.617900000000000338e-01 8.271000000000000574e-02 -9.649640000000000439e-01 2.623269999999999769e-01 -5.467999999999999770e-03
2.100000000000000000e+01 1.400000000000000000e+01 2.000000000000000000e+01 0.000000000000000000e+00 1.600000000000000089e+00 7.034000000000000322e-03 -1.234099999999999954e-02 9.998989999999999823e-01 2.718579999999999885e-01 9.622859999999999747e-01 9.964000000000000634e-03 -9.623119999999999452e-01 2.717609999999999748e-01 1.012399999999999932e-02
8.000000000000000000e+00 1.600000000000000000e+01 2.100000000000000000e+01 0.000000000000000000e+00 1.600000000000000089e+00 -4.401999999999999663e-03 -1.324200000000000030e-02 9.999029999999999863e-01 3.003850000000000131e-01 9.537160000000000082e-01 1.395200000000000086e-02 -9.538079999999999892e-01 3.004169999999999896e-01 -2.200000000000000078e-04
1.400000000000000000e+01 1.600000000000000000e+01 2.100000000000000000e+01 0.000000000000000000e+00 1.600000000000000089e+00 -2.629599999999999993e-02 -1.108549999999999952e-01 9.934889999999999555e-01 3.326270000000000060e-01 9.362310000000000354e-01 1.132699999999999957e-01 -9.426919999999999744e-01 3.334389999999999854e-01 1.225399999999999927e-02
2.200000000000000000e+01 1.600000000000000000e+01 2.100000000000000000e+01 0.000000000000000000e+00 1.600000000000000089e+00 1.302799999999999965e-02 3.197000000000000189e-03 9.999099999999999655e-01 3.367800000000000238e-01 9.415540000000000020e-01 -7.398000000000000062e-03 -9.414930000000000243e-01 3.368459999999999788e-01 1.119000000000000029e-02
3.000000000000000000e+01 1.600000000000000000e+01 2.100000000000000000e+01 0.000000000000000000e+00 1.600000000000000089e+00 1.423800000000000066e-02 4.481899999999999773e-02 9.988939999999999486e-01 3.023600000000000176e-01 9.520330000000000181e-01 -4.702699999999999936e-02 -9.530880000000000463e-01 3.026949999999999918e-01 3.000000000000000076e-06
2.000000000000000000e+00 4.600000000000000000e+01 2.700000000000000000e+01 0.000000000000000000e+00 1.600000000000000089e+00 -4.642000000000000293e-03 -1.634999999999999995e-02 -9.998559999999999670e-01 6.779519999999999991e-01 7.349499999999999922e-01 -1.516600000000000066e-02 7.350910000000000499e-01 -6.779249999999999998e-01 7.673000000000000133e-03
2.400000000000000000e+01 4.600000000000000000e+01 2.700000000000000000e+01 0.000000000000000000e+00 1.600000000000000089e+00 -2.665999999999999967e-03 1.709999999999999932e-03 -9.999949999999999672e-01 6.743390000000000217e-01 7.384220000000000228e-01 -5.349999999999999938e-04 7.384169999999999900e-01 -6.743369999999999642e-01 -3.121000000000000076e-03
5.000000000000000000e+00 4.600000000000000000e+01 3.000000000000000000e+01 0.000000000000000000e+00 1.600000000000000089e+00 -2.169999999999999891e-04 -4.802999999999999978e-03 -9.999879999999999880e-01 3.241450000000000164e-01 9.459959999999999480e-01 -4.614000000000000046e-03 9.460070000000000423e-01 -3.241430000000000144e-01 1.351999999999999903e-03
2.000000000000000000e+00 5.800000000000000000e+01 3.100000000000000000e+01 0.000000000000000000e+00 1.600000000000000089e+00 -5.655000000000000304e-03 4.336199999999999777e-02 9.990430000000000144e-01 -7.700799999999999867e-01 -6.375210000000000043e-01 2.331199999999999939e-02 6.379219999999999891e-01 -7.692120000000000068e-01 3.699700000000000211e-02
1.000000000000000000e+01 5.800000000000000000e+01 3.100000000000000000e+01 0.000000000000000000e+00 1.600000000000000089e+00 -7.770000000000000214e-04 -4.164000000000000166e-03 9.999909999999999632e-01 -7.754349999999999854e-01 -6.314199999999999813e-01 -3.232000000000000064e-03 6.314269999999999605e-01 -7.754299999999999526e-01 -2.737999999999999982e-03
1.500000000000000000e+01 5.800000000000000000e+01 3.100000000000000000e+01 0.000000000000000000e+00 1.600000000000000089e+00 5.107999999999999693e-03 6.228000000000000029e-03 9.999679999999999680e-01 -7.773280000000000189e-01 -6.290459999999999940e-01 7.887999999999999179e-03 6.290750000000000508e-01 -7.773430000000000062e-01 1.628000000000000107e-03
1.900000000000000000e+01 5.800000000000000000e+01 3.100000000000000000e+01 0.000000000000000000e+00 1.600000000000000089e+00 8.196000000000000160e-03 9.426000000000000351e-03 9.999219999999999775e-01 -7.783010000000000206e-01 -6.277709999999999679e-01 1.229700000000000064e-02 6.278380000000000072e-01 -7.783409999999999496e-01 2.190999999999999805e-03
2.300000000000000000e+01 5.800000000000000000e+01 3.100000000000000000e+01 0.000000000000000000e+00 1.600000000000000089e+00 3.876000000000000105e-03 1.278999999999999972e-03 9.999919999999999920e-01 -7.785100000000000353e-01 -6.276199999999999557e-01 3.820000000000000045e-03 6.276199999999999557e-01 -7.785180000000000433e-01 -1.438000000000000042e-03
2.500000000000000000e+01 5.800000000000000000e+01 3.100000000000000000e+01 0.000000000000000000e+00 1.600000000000000089e+00 1.949999999999999910e-03 -2.709999999999999735e-04 9.999980000000000535e-01 -7.757020000000000026e-01 -6.310980000000000478e-01 1.342000000000000094e-03 6.310959999999999903e-01 -7.757030000000000314e-01 -1.441000000000000007e-03
2.900000000000000000e+01 5.800000000000000000e+01 3.100000000000000000e+01 0.000000000000000000e+00 1.600000000000000089e+00 -4.150000000000000043e-04 -8.360000000000000460e-04 1.000000000000000000e+00 -7.701210000000000555e-01 -6.378979999999999650e-01 -8.520000000000000013e-04 6.378979999999999650e-01 -7.701210000000000555e-01 -3.789999999999999966e-04
2.200000000000000000e+01 5.000000000000000000e+00 3.200000000000000000e+01 0.000000000000000000e+00 1.600000000000000089e+00 1.611420000000000075e-01 -8.793100000000000360e-01 -4.481600000000000028e-01 -6.811460000000000292e-01 2.295190000000000008e-01 -6.952409999999999979e-01 7.141939999999999955e-01 4.172950000000000270e-01 -5.619539999999999536e-01
2.000000000000000000e+01 5.000000000000000000e+00 3.300000000000000000e+01 0.000000000000000000e+00 1.600000000000000089e+00 1.148710000000000009e-01 -9.729280000000000150e-01 -2.005399999999999960e-01 -6.941720000000000113e-01 6.578699999999999826e-02 -7.167970000000000175e-01 7.105850000000000222e-01 2.215479999999999949e-01 -6.678220000000000267e-01
2.900000000000000000e+01 9.000000000000000000e+00 3.300000000000000000e+01 0.000000000000000000e+00 1.600000000000000089e+00 2.365659999999999985e-01 -7.031910000000000105e-01 -6.704909999999999481e-01 -7.382170000000000121e-01 3.185899999999999843e-01 -5.945890000000000342e-01 6.317220000000000057e-01 6.356270000000000531e-01 -4.437400000000000233e-01
2.400000000000000000e+01 8.000000000000000000e+00 3.400000000000000000e+01 0.000000000000000000e+00 1.600000000000000089e+00 2.055569999999999897e-01 -9.124919999999999698e-01 -3.537009999999999876e-01 -7.100610000000000532e-01 1.096540000000000015e-01 -6.955500000000000016e-01 6.734689999999999843e-01 3.941250000000000031e-01 -6.253840000000000510e-01
2.700000000000000000e+01 9.000000000000000000e+00 3.400000000000000000e+01 0.000000000000000000e+00 1.600000000000000089e+00 2.201430000000000053e-01 -8.619449999999999612e-01 -4.567140000000000088e-01 -7.233760000000000190e-01 1.698520000000000030e-01 -6.692360000000000531e-01 6.544180000000000552e-01 4.777040000000000175e-01 -5.861189999999999456e-01
2.600000000000000000e+01 2.600000000000000000e+01 3.500000000000000000e+01 0.000000000000000000e+00 1.600000000000000089e+00 3.168739999999999890e-01 5.501040000000000374e-01 7.726420000000000510e-01 -6.800979999999999803e-01 -4.360269999999999979e-01 5.893620000000000525e-01 6.611040000000000250e-01 -7.122260000000000257e-01 2.359590000000000021e-01
2.000000000000000000e+00 4.600000000000000000e+01 3.500000000000000000e+01 0.000000000000000000e+00 1.600000000000000089e+00 -2.290000000000000098e-04 3.834000000000000168e-03 -9.999930000000000208e-01 3.895390000000000241e-01 -9.210030000000000161e-01 -3.621000000000000087e-03 -9.210099999999999953e-01 -3.895370000000000221e-01 -1.281999999999999936e-03
8.000000000000000000e+00 4.600000000000000000e+01 3.500000000000000000e+01 0.000000000000000000e+00 1.600000000000000089e+00 -2.039999999999999984e-04 7.834999999999999951e-03 -9.999689999999999968e-01 3.916859999999999786e-01 -9.200700000000000545e-01 -7.289000000000000340e-03 -9.200990000000000002e-01 -3.916760000000000241e-01 -2.880999999999999880e-03
1.500000000000000000e+01 4.600000000000000000e+01 3.500000000000000000e+01 0.000000000000000000e+00 1.600000000000000089e+00 3.350000000000000113e-04 1.933000000000000039e-03 -9.999980000000000535e-01 3.915159999999999751e-01 -9.201700000000000434e-01 -1.647999999999999942e-03 -9.201709999999999612e-01 -3.915139999999999731e-01 -1.064999999999999974e-03
2.000000000000000000e+01 4.600000000000000000e+01 3.500000000000000000e+01 0.000000000000000000e+00 1.600000000000000089e+00 2.024000000000000191e-03 -7.934999999999999346e-03 -9.999670000000000503e-01 3.899219999999999908e-01 -9.208119999999999639e-01 8.096000000000000765e-03 -9.208460000000000534e-01 -3.899250000000000216e-01 1.229999999999999974e-03
2.400000000000000000e+01 4.600000000000000000e+01 3.500000000000000000e+01 0.000000000000000000e+00 1.600000000000000089e+00 1.031000000000000015e-03 -1.124999999999999958e-02 -9.999360000000000470e-01 3.900739999999999763e-01 -9.207210000000000116e-01 1.076099999999999973e-02 -9.207830000000000181e-01 -3.900600000000000178e-01 3.439000000000000216e-03
2.900000000000000000e+01 4.600000000000000000e+01 3.500000000000000000e+01 0.000000000000000000e+00 1.600000000000000089e+00 -6.639999999999999852e-04 -1.003099999999999999e-02 -9.999489999999999768e-01 3.882369999999999988e-01 -9.215160000000000018e-01 8.987000000000000197e-03 -9.215590000000000170e-01 -3.882109999999999728e-01 4.506999999999999722e-03
2.700000000000000000e+01 1.100000000000000000e+01 3.600000000000000000e+01 0.000000000000000000e+00 1.600000000000000089e+00 1.980210000000000026e-01 -9.244099999999999540e-01 -3.259650000000000047e-01 -7.238989999999999592e-01 8.629499999999999671e-02 -6.844869999999999566e-01 6.608760000000000190e-01 3.715089999999999781e-01 -6.520920000000000050e-01
2.600000000000000000e+01 2.700000000000000000e+01 3.600000000000000000e+01 0.000000000000000000e+00 1.600000000000000089e+00 3.519800000000000151e-01 3.709189999999999987e-01 8.593769999999999465e-01 -6.985719999999999708e-01 -5.069850000000000190e-01 5.049400000000000555e-01 6.229829999999999535e-01 -7.780650000000000066e-01 8.066500000000000059e-02
2.500000000000000000e+01 1.100000000000000000e+01 3.700000000000000000e+01 0.000000000000000000e+00 1.600000000000000089e+00 1.708790000000000031e-01 -9.382129999999999637e-01 -3.009279999999999733e-01 -7.144949999999999912e-01 9.231200000000000516e-02 -6.935240000000000293e-01 6.784529999999999728e-01 3.335199999999999831e-01 -6.545739999999999892e-01
2.800000000000000000e+01 1.200000000000000000e+01 3.700000000000000000e+01 0.000000000000000000e+00 1.600000000000000089e+00 1.711419999999999886e-01 -9.377659999999999885e-01 -3.021690000000000209e-01 -7.333150000000000501e-01 8.358400000000000551e-02 -6.747319999999999984e-01 6.579970000000000541e-01 3.370600000000000263e-01 -6.733729999999999993e-01
1.900000000000000000e+01 2.200000000000000000e+01 3.700000000000000000e+01 0.000000000000000000e+00 1.600000000000000089e+00 7.681240000000000290e-01 -3.303019999999999845e-01 5.485309999999999908e-01 -6.308420000000000138e-01 -2.436830000000000107e-01 7.366519999999999735e-01 -1.096499999999999975e-01 -9.118770000000000486e-01 -3.955469999999999819e-01
2.700000000000000000e+01 1.400000000000000000e+01 3.900000000000000000e+01 0.000000000000000000e+00 1.600000000000000089e+00 1.347750000000000059e-01 -8.239119999999999777e-01 -5.504590000000000316e-01 -7.136439999999999451e-01 3.046869999999999856e-01 -6.307760000000000034e-01 6.874209999999999487e-01 4.778450000000000197e-01 -5.469159999999999577e-01
2.100000000000000000e+01 3.000000000000000000e+00 4.300000000000000000e+01 0.000000000000000000e+00 1.600000000000000089e+00 5.828999999999999980e-03 -3.562000000000000062e-03 -9.999770000000000048e-01 7.434680000000000177e-01 -6.687380000000000546e-01 6.714999999999999615e-03 -6.687459999999999516e-01 -7.434899999999999842e-01 -1.250000000000000026e-03
3.000000000000000000e+01 3.000000000000000000e+00 4.300000000000000000e+01 0.000000000000000000e+00 1.600000000000000089e+00 1.100600000000000016e-02 1.835300000000000126e-02 -9.997709999999999653e-01 7.338329999999999576e-01 -6.793160000000000309e-01 -4.392000000000000071e-03 -6.792409999999999837e-01 -7.336160000000000458e-01 -2.094499999999999834e-02
1.600000000000000000e+01 2.500000000000000000e+01 4.300000000000000000e+01 0.000000000000000000e+00 1.600000000000000089e+00 1.488300000000000040e-02 -1.226499999999999986e-02 -9.998139999999999805e-01 8.416270000000000140e-01 5.400270000000000348e-01 5.903000000000000261e-03 5.398539999999999450e-01 -8.415580000000000283e-01 1.836000000000000132e-02
4.000000000000000000e+00 6.700000000000000000e+01 4.300000000000000000e+01 0.000000000000000000e+00 1.600000000000000089e+00 -1.348899999999999925e-02 6.170000000000000354e-04 -9.999090000000000478e-01 -4.589929999999999843e-01 8.884140000000000370e-01 6.740999999999999596e-03 8.883370000000000433e-01 4.590420000000000056e-01 -1.170099999999999960e-02
1.600000000000000000e+01 2.400000000000000000e+01 4.400000000000000000e+01 0.000000000000000000e+00 1.600000000000000089e+00 1.861900000000000013e-02 1.591100000000000153e-02 -9.997000000000000330e-01 7.839810000000000390e-01 6.203020000000000200e-01 2.447399999999999923e-02 6.205049999999999732e-01 -7.842019999999999547e-01 -9.250000000000000409e-04
3.000000000000000000e+00 2.900000000000000000e+01 4.400000000000000000e+01 0.000000000000000000e+00 1.600000000000000089e+00 -2.054999999999999969e-03 2.390000000000000089e-04 -9.999980000000000535e-01 6.599549999999999583e-01 7.513039999999999718e-01 -1.177000000000000095e-03 7.513020000000000254e-01 -6.599559999999999871e-01 -1.701999999999999954e-03
7.000000000000000000e+00 2.900000000000000000e+01 4.400000000000000000e+01 0.000000000000000000e+00 1.600000000000000089e+00 -6.470000000000000057e-04 -1.512000000000000106e-03 -9.999989999999999712e-01 6.608289999999999997e-01 7.505349999999999522e-01 -1.562000000000000020e-03 7.505359999999999809e-01 -6.608289999999999997e-01 5.130000000000000011e-04
1.000000000000000000e+01 2.900000000000000000e+01 4.400000000000000000e+01 0.000000000000000000e+00 1.600000000000000089e+00 -9.100000000000000016e-04 -3.027000000000000177e-03 -9.999949999999999672e-01 6.617210000000000036e-01 7.497449999999999948e-01 -2.871999999999999987e-03 7.497500000000000275e-01 -6.617199999999999749e-01 1.320999999999999909e-03
1.600000000000000000e+01 2.900000000000000000e+01 4.400000000000000000e+01 0.000000000000000000e+00 1.600000000000000089e+00 -3.507999999999999834e-03 -4.645599999999999730e-02 -9.989139999999999686e-01 6.345229999999999482e-01 7.719629999999999548e-01 -3.812900000000000317e-02 7.728960000000000274e-01 -6.339679999999999760e-01 2.676999999999999866e-02
1.800000000000000000e+01 2.900000000000000000e+01 4.400000000000000000e+01 0.000000000000000000e+00 1.600000000000000089e+00 -4.630700000000000094e-02 -1.822169999999999901e-01 -9.821670000000000122e-01 6.560850000000000293e-01 7.358740000000000281e-01 -1.674559999999999937e-01 7.532649999999999624e-01 -6.521400000000000530e-01 8.547399999999999443e-02
2.000000000000000000e+00 6.900000000000000000e+01 4.700000000000000000e+01 0.000000000000000000e+00 1.600000000000000089e+00 -1.108999999999999916e-02 -3.176399999999999779e-01 -9.481469999999999620e-01 -9.946800000000000086e-01 -9.361300000000000177e-02 4.299499999999999850e-02 -1.024159999999999932e-01 9.435789999999999456e-01 -3.149120000000000252e-01
5.000000000000000000e+00 6.800000000000000000e+01 4.800000000000000000e+01 0.000000000000000000e+00 1.600000000000000089e+00 -1.965199999999999933e-02 -1.624349999999999961e-01 -9.865230000000000388e-01 -9.678940000000000321e-01 -2.442159999999999886e-01 5.949200000000000321e-02 -2.505879999999999774e-01 9.560199999999999809e-01 -1.524210000000000009e-01
9.000000000000000000e+00 6.100000000000000000e+01 4.900000000000000000e+01 0.000000000000000000e+00 1.600000000000000089e+00 -1.215899999999999967e-02 -1.730000000000000038e-04 9.999259999999999815e-01 -6.426509999999999723e-01 7.661200000000000232e-01 -7.682999999999999725e-03 -7.660620000000000207e-01 -6.426969999999999628e-01 -9.426000000000000351e-03
1.000000000000000000e+01 7.100000000000000000e+01 4.900000000000000000e+01 0.000000000000000000e+00 1.600000000000000089e+00 -3.946310000000000096e-01 8.801210000000000422e-01 2.639190000000000147e-01 -9.058730000000000393e-01 -3.245830000000000104e-01 -2.721029999999999838e-01 -1.538190000000000113e-01 -3.464579999999999882e-01 9.253679999999999684e-01
2.000000000000000000e+00 5.000000000000000000e+00 5.100000000000000000e+01 0.000000000000000000e+00 1.600000000000000089e+00 -2.126999999999999984e-03 8.042999999999999802e-03 -9.999649999999999928e-01 4.826449999999999907e-01 -8.757789999999999742e-01 -8.071000000000000049e-03 -8.758129999999999526e-01 -4.826460000000000194e-01 -2.018999999999999961e-03
6.000000000000000000e+00 5.000000000000000000e+00 5.100000000000000000e+01 0.000000000000000000e+00 1.600000000000000089e+00 -4.741999999999999688e-03 -2.305000000000000191e-03 -9.999860000000000415e-01 4.867319999999999980e-01 -8.735509999999999664e-01 -2.939999999999999905e-04 -8.735380000000000367e-01 -4.867270000000000207e-01 5.263999999999999582e-03
1.900000000000000000e+01 6.000000000000000000e+00 5.100000000000000000e+01 0.000000000000000000e+00 1.600000000000000089e+00 -6.871999999999999637e-03 -5.542000000000000051e-03 -9.999609999999999888e-01 3.316600000000000104e-01 -9.433939999999999548e-01 2.948999999999999799e-03 -9.433740000000000459e-01 -3.316270000000000051e-01 8.321000000000000271e-03
2.700000000000000000e+01 6.800000000000000000e+01 5.300000000000000000e+01 0.000000000000000000e+00 1.600000000000000089e+00 8.446200000000000374e-01 3.862579999999999902e-01 -3.707039999999999780e-01 5.188420000000000254e-01 -4.198669999999999902e-01 7.446570000000000134e-01 1.319829999999999892e-01 -8.212890000000000468e-01 -5.550349999999999451e-01
8.000000000000000000e+00 6.300000000000000000e+01 5.400000000000000000e+01 0.000000000000000000e+00 1.600000000000000089e+00 1.069799999999999918e-02 3.586899999999999811e-02 9.992990000000000483e-01 -1.843309999999999949e-01 9.822999999999999510e-01 -3.328600000000000309e-02 -9.828059999999999574e-01 -1.838460000000000094e-01 1.711999999999999980e-02
1.000000000000000000e+01 6.300000000000000000e+01 5.400000000000000000e+01 0.000000000000000000e+00 1.600000000000000089e+00 5.584000000000000422e-03 3.908299999999999969e-02 9.992199999999999971e-01 -1.986189999999999900e-01 9.793709999999999916e-01 -3.719700000000000090e-02 -9.800609999999999600e-01 -1.982559999999999878e-01 1.323200000000000071e-02
1.700000000000000000e+01 6.300000000000000000e+01 5.400000000000000000e+01 0.000000000000000000e+00 1.600000000000000089e+00 -6.185000000000000393e-03 2.300000000000000002e-05 9.999810000000000088e-01 -3.454929999999999946e-01 9.384190000000000031e-01 -2.158000000000000196e-03 -9.384010000000000407e-01 -3.454990000000000006e-01 -5.797000000000000069e-03
2.000000000000000000e+01 6.300000000000000000e+01 5.400000000000000000e+01 0.000000000000000000e+00 1.600000000000000089e+00 1.907000000000000015e-02 3.312999999999999973e-02 9.992689999999999628e-01 -3.320989999999999776e-01 9.429149999999999476e-01 -2.492400000000000171e-02 -9.430520000000000014e-01 -3.313809999999999811e-01 2.898399999999999935e-02
2.600000000000000000e+01 6.300000000000000000e+01 5.400000000000000000e+01 0.000000000000000000e+00 1.600000000000000089e+00 2.218209999999999904e-01 4.624300000000000077e-01 -8.584600000000000009e-01 8.325409999999999755e-01 3.684979999999999922e-01 4.136239999999999917e-01 5.076129999999999809e-01 -8.064540000000000042e-01 -3.032520000000000215e-01
1.000000000000000000e+01 7.500000000000000000e+01 5.400000000000000000e+01 0.000000000000000000e+00 1.600000000000000089e+00 -5.237429999999999586e-01 -1.601289999999999936e-01 8.366909999999999625e-01 -8.347959999999999825e-01 -9.921599999999999864e-02 -5.415459999999999718e-01 1.697299999999999920e-01 -9.820969999999999978e-01 -8.171100000000000585e-02
2.600000000000000000e+01 7.900000000000000000e+01 5.400000000000000000e+01 0.000000000000000000e+00 1.600000000000000089e+00 -3.543220000000000258e-01 -3.648779999999999801e-01 -8.609989999999999588e-01 -2.153259999999999896e-01 -8.641560000000000352e-01 4.548280000000000101e-01 -9.099949999999999983e-01 3.465509999999999979e-01 2.276219999999999910e-01
1.000000000000000000e+00 2.500000000000000000e+01 5.500000000000000000e+01 0.000000000000000000e+00 1.600000000000000089e+00 1.100999999999999982e-03 -2.497000000000000088e-03 -9.999959999999999960e-01 -6.740000000000000331e-03 -9.999740000000000295e-01 2.488999999999999893e-03 -9.999770000000000048e-01 6.738000000000000066e-03 -1.118000000000000070e-03
5.000000000000000000e+00 2.500000000000000000e+01 5.500000000000000000e+01 0.000000000000000000e+00 1.600000000000000089e+00 -3.199999999999999855e-05 -4.329999999999999648e-03 -9.999909999999999632e-01 -7.993000000000000105e-03 -9.999590000000000423e-01 4.330999999999999781e-03 -9.999679999999999680e-01 7.993000000000000105e-03 -3.000000000000000076e-06
1.300000000000000000e+01 2.500000000000000000e+01 5.500000000000000000e+01 0.000000000000000000e+00 1.600000000000000089e+00 1.193000000000000050e-03 9.479999999999999495e-04 -9.999989999999999712e-01 -1.256900000000000031e-02 -9.999209999999999487e-01 -9.629999999999999888e-04 -9.999200000000000310e-01 1.256999999999999958e-02 -1.180999999999999975e-03
1.700000000000000000e+01 2.500000000000000000e+01 5.500000000000000000e+01 0.000000000000000000e+00 1.600000000000000089e+00 -8.739999999999999939e-04 -7.950000000000000252e-04 -9.999989999999999712e-01 -1.096899999999999958e-02 -9.999400000000000510e-01 8.050000000000000515e-04 -9.999390000000000223e-01 1.097000000000000058e-02 8.649999999999999920e-04
2.400000000000000000e+01 2.500000000000000000e+01 5.500000000000000000e+01 0.000000000000000000e+00 1.600000000000000089e+00 -2.010000000000000068e-03 -4.287699999999999845e-02 -9.990780000000000216e-01 -1.174700000000000050e-02 -9.990099999999999536e-01 4.289799999999999863e-02 -9.999289999999999567e-01 1.182199999999999918e-02 1.503999999999999912e-03
2.900000000000000000e+01 2.500000000000000000e+01 5.500000000000000000e+01 0.000000000000000000e+00 1.600000000000000089e+00 5.450000000000000200e-04 -1.204800000000000038e-01 -9.927160000000000428e-01 -6.708000000000000421e-03 -9.926939999999999653e-01 1.204739999999999978e-01 -9.999770000000000048e-01 6.594000000000000035e-03 -1.348999999999999939e-03
2.500000000000000000e+01 8.000000000000000000e+01 5.500000000000000000e+01 0.000000000000000000e+00 1.600000000000000089e+00 -1.100399999999999989e-01 -5.425839999999999552e-01 -8.327630000000000310e-01 -8.136799999999999589e-02 -8.301209999999999978e-01 5.516140000000000487e-01 -9.905909999999999993e-01 1.284599999999999909e-01 4.719700000000000284e-02
3.000000000000000000e+00 8.500000000000000000e+01 5.500000000000000000e+01 0.000000000000000000e+00 1.600000000000000089e+00 8.603299999999999836e-02 -3.052570000000000006e-01 -9.483759999999999968e-01 8.116320000000000201e-01 -5.305830000000000268e-01 2.444089999999999874e-01 -5.777999999999999803e-01 -7.907589999999999897e-01 2.021090000000000109e-01
1.000000000000000000e+00 2.100000000000000000e+01 6.000000000000000000e+01 0.000000000000000000e+00 1.600000000000000089e+00 -8.400000000000000348e-04 1.804000000000000048e-03 9.999980000000000535e-01 -9.680800000000000516e-02 9.953009999999999913e-01 -1.876999999999999979e-03 -9.953030000000000488e-01 -9.680999999999999328e-02 -6.610000000000000207e-04
