8.000000000000000000e+00 2.500000000000000000e+01 1.000000000000000000e+00 0.000000000000000000e+00 1.600000000000000089e+00 -7.550000000000000287e-04 -3.144999999999999792e-03 -9.999949999999999672e-01 -5.252250000000000529e-01 -8.509579999999999922e-01 3.073000000000000211e-03 -8.509630000000000249e-01 5.252250000000000529e-01 -1.008999999999999914e-03
9.000000000000000000e+00 1.500000000000000000e+01 4.000000000000000000e+00 0.000000000000000000e+00 1.600000000000000089e+00 -2.341000000000000199e-03 -1.002699999999999945e-02 9.999470000000000303e-01 2.810360000000000080e-01 -9.596550000000000358e-01 -8.966000000000000011e-03 9.596940000000000470e-01 2.810000000000000275e-01 5.063999999999999925e-03
1.800000000000000000e+01 1.500000000000000000e+01 4.000000000000000000e+00 0.000000000000000000e+00 1.600000000000000089e+00 -1.879999999999999944e-03 1.010800000000000066e-02 9.999470000000000303e-01 2.924729999999999830e-01 -9.562190000000000412e-01 1.021599999999999939e-02 9.562720000000000109e-01 2.924769999999999870e-01 -1.159000000000000091e-03
2.400000000000000000e+01 1.500000000000000000e+01 4.000000000000000000e+00 0.000000000000000000e+00 1.600000000000000089e+00 2.354000000000000190e-03 2.395200000000000107e-02 9.997099999999999875e-01 2.905929999999999902e-01 -9.565879999999999939e-01 2.223400000000000029e-02 9.568440000000000278e-01 2.904570000000000207e-01 -9.211999999999999703e-03
2.800000000000000000e+01 1.500000000000000000e+01 4.000000000000000000e+00 0.000000000000000000e+00 1.600000000000000089e+00 5.449999999999999983e-03 2.917099999999999901e-02 9.995600000000000041e-01 2.950150000000000272e-01 -9.551319999999999810e-01 2.626600000000000115e-02 9.554770000000000207e-01 2.947420000000000040e-01 -1.381100000000000036e-02
5.000000000000000000e+00 1.010000000000000000e+02 7.000000000000000000e+00 0.000000000000000000e+00 1.600000000000000089e+00 -1.332000000000000068e-03 -4.413000000000000256e-03 9.999890000000000168e-01 8.856359999999999788e-01 4.643680000000000030e-01 3.229000000000000099e-03 -4.643769999999999842e-01 8.856309999999999460e-01 3.289999999999999956e-03
1.100000000000000000e+01 1.010000000000000000e+02 7.000000000000000000e+00 0.000000000000000000e+00 1.600000000000000089e+00 -2.020999999999999793e-03 -4.453999999999999626e-03 9.999879999999999880e-01 8.842269999999999852e-01 4.670409999999999839e-01 3.867000000000000211e-03 -4.670529999999999959e-01 8.842240000000000100e-01 2.994999999999999832e-03
1.100000000000000000e+01 1.500000000000000000e+01 8.000000000000000000e+00 0.000000000000000000e+00 1.600000000000000089e+00 -3.886999999999999830e-03 -2.998999999999999930e-03 -9.999879999999999880e-01 -5.944040000000000434e-01 -8.041530000000000067e-01 4.721999999999999635e-03 -8.041570000000000107e-01 5.944150000000000267e-01 1.343000000000000010e-03
2.000000000000000000e+01 1.500000000000000000e+01 8.000000000000000000e+00 0.000000000000000000e+00 1.600000000000000089e+00 5.276000000000000308e-03 1.210800000000000071e-02 -9.999130000000000518e-01 -5.937200000000000255e-01 -8.045689999999999786e-01 -1.287600000000000029e-02 -8.046539999999999804e-01 5.937360000000000415e-01 2.944000000000000002e-03
2.400000000000000000e+01 1.500000000000000000e+01 8.000000000000000000e+00 0.000000000000000000e+00 1.600000000000000089e+00 3.961000000000000111e-03 2.244399999999999867e-02 -9.997399999999999620e-01 -5.910400000000000098e-01 -8.063829999999999609e-01 -2.044500000000000137e-02 -8.066320000000000157e-01 5.909680000000000488e-01 1.007100000000000009e-02
2.800000000000000000e+01 1.500000000000000000e+01 8.000000000000000000e+00 0.000000000000000000e+00 1.600000000000000089e+00 2.413999999999999913e-03 2.776599999999999902e-02 -9.996110000000000273e-01 -5.888470000000000093e-01 -8.078920000000000545e-01 -2.386299999999999880e-02 -8.082409999999999872e-01 5.886759999999999771e-01 1.439999999999999961e-02
6.000000000000000000e+00 2.400000000000000000e+01 9.000000000000000000e+00 0.000000000000000000e+00 1.600000000000000089e+00 3.761000000000000020e-03 7.041999999999999649e-03 -9.999679999999999680e-01 4.559119999999999839e-01 8.899890000000000301e-01 7.981999999999999512e-03 8.900169999999999471e-01 -4.559270000000000267e-01 1.369999999999999961e-04
1.000000000000000000e+01 2.400000000000000000e+01 9.000000000000000000e+00 0.000000000000000000e+00 1.600000000000000089e+00 3.280000000000000038e-04 -4.679999999999999915e-04 -1.000000000000000000e+00 4.542209999999999859e-01 8.908890000000000420e-01 -2.680000000000000090e-04 8.908890000000000420e-01 -4.542209999999999859e-01 5.050000000000000235e-04
2.400000000000000000e+01 2.400000000000000000e+01 9.000000000000000000e+00 0.000000000000000000e+00 1.600000000000000089e+00 -4.905999999999999771e-03 -8.044000000000000802e-03 -9.999559999999999560e-01 4.536149999999999904e-01 8.911480000000000512e-01 -9.393999999999999573e-03 8.911839999999999762e-01 -4.536410000000000164e-01 -7.230000000000000098e-04
3.000000000000000000e+00 4.000000000000000000e+00 1.100000000000000000e+01 0.000000000000000000e+00 1.600000000000000089e+00 1.376000000000000053e-03 1.981799999999999881e-02 -9.998029999999999973e-01 1.739620000000000055e-01 9.845540000000000402e-01 1.975500000000000173e-02 9.847510000000000430e-01 -1.739549999999999985e-01 -2.092999999999999809e-03
1.900000000000000000e+01 4.000000000000000000e+00 1.100000000000000000e+01 0.000000000000000000e+00 1.600000000000000089e+00 3.959999999999999762e-04 -9.294000000000000178e-03 -9.999569999999999848e-01 1.765599999999999947e-01 9.842480000000000118e-01 -9.077999999999999264e-03 9.842899999999999983e-01 -1.765490000000000115e-01 2.030999999999999819e-03
2.500000000000000000e+01 4.000000000000000000e+00 1.100000000000000000e+01 0.000000000000000000e+00 1.600000000000000089e+00 -1.366999999999999943e-03 -2.074000000000000149e-02 -9.997840000000000060e-01 1.817290000000000016e-01 9.831320000000000059e-01 -2.064300000000000163e-02 9.833479999999999999e-01 -1.817179999999999906e-01 2.425000000000000072e-03
2.400000000000000000e+01 3.100000000000000000e+01 1.200000000000000000e+01 0.000000000000000000e+00 1.600000000000000089e+00 1.879999999999999890e-04 -1.639999999999999965e-03 9.999989999999999712e-01 -2.033400000000000138e-02 9.997920000000000140e-01 1.644000000000000062e-03 -9.997930000000000428e-01 -2.033400000000000138e-02 1.540000000000000028e-04
3.000000000000000000e+00 3.000000000000000000e+00 1.300000000000000000e+01 0.000000000000000000e+00 1.600000000000000089e+00 4.600000000000000004e-05 2.008899999999999922e-02 9.997979999999999645e-01 -3.595000000000000105e-03 9.997920000000000140e-01 -2.008899999999999922e-02 -9.999940000000000495e-01 -3.593999999999999972e-03 1.190000000000000058e-04
5.000000000000000000e+00 3.000000000000000000e+00 1.300000000000000000e+01 0.000000000000000000e+00 1.600000000000000089e+00 3.049999999999999868e-04 1.547699999999999944e-02 9.998799999999999910e-01 -2.190000000000000106e-03 9.998780000000000445e-01 -1.547600000000000017e-02 -9.999980000000000535e-01 -2.184999999999999876e-03 3.379999999999999758e-04
8.000000000000000000e+00 3.000000000000000000e+00 1.300000000000000000e+01 0.000000000000000000e+00 1.600000000000000089e+00 1.119999999999999983e-04 7.366000000000000152e-03 9.999730000000000008e-01 -1.095000000000000053e-03 9.999719999999999720e-01 -7.366000000000000152e-03 -9.999989999999999712e-01 -1.095000000000000053e-03 1.200000000000000030e-04
1.800000000000000000e+01 3.000000000000000000e+00 1.300000000000000000e+01 0.000000000000000000e+00 1.600000000000000089e+00 -6.250000000000000130e-04 -6.209000000000000109e-03 9.999810000000000088e-01 -1.055500000000000015e-02 9.999249999999999527e-01 6.202000000000000048e-03 -9.999440000000000550e-01 -1.055099999999999962e-02 -6.899999999999999667e-04
2.500000000000000000e+01 3.000000000000000000e+00 1.300000000000000000e+01 0.000000000000000000e+00 1.600000000000000089e+00 -1.822999999999999968e-03 -2.220199999999999951e-02 9.997519999999999740e-01 -1.493799999999999989e-02 9.996429999999999483e-01 2.217200000000000074e-02 -9.998869999999999703e-01 -1.489399999999999925e-02 -2.154000000000000099e-03
2.700000000000000000e+01 3.200000000000000000e+01 1.400000000000000000e+01 0.000000000000000000e+00 1.600000000000000089e+00 -7.360000000000000006e-04 -2.533999999999999794e-03 -9.999959999999999960e-01 1.205940000000000067e-01 9.926989999999999981e-01 -2.605000000000000111e-03 9.927019999999999733e-01 -1.205949999999999939e-01 -4.249999999999999763e-04
3.000000000000000000e+01 3.200000000000000000e+01 1.400000000000000000e+01 0.000000000000000000e+00 1.600000000000000089e+00 3.739999999999999835e-04 -3.334999999999999857e-03 -9.999940000000000495e-01 1.191019999999999995e-01 9.928770000000000095e-01 -3.266999999999999939e-03 9.928820000000000423e-01 -1.190999999999999975e-01 7.680000000000000195e-04
5.000000000000000000e+00 1.200000000000000000e+01 1.500000000000000000e+01 0.000000000000000000e+00 1.600000000000000089e+00 -1.103999999999999947e-03 -9.662000000000000449e-03 -9.999529999999999808e-01 -4.704079999999999928e-01 -8.824020000000000197e-01 9.046000000000000221e-03 -8.824480000000000102e-01 4.703959999999999808e-01 -3.570999999999999956e-03
1.000000000000000000e+01 1.200000000000000000e+01 1.500000000000000000e+01 0.000000000000000000e+00 1.600000000000000089e+00 -3.350000000000000113e-03 -3.348999999999999980e-03 -9.999890000000000168e-01 -4.691060000000000230e-01 -8.831299999999999706e-01 4.529000000000000040e-03 -8.831360000000000321e-01 4.691159999999999775e-01 1.386999999999999995e-03
1.800000000000000000e+01 1.200000000000000000e+01 1.500000000000000000e+01 0.000000000000000000e+00 1.600000000000000089e+00 8.310000000000000329e-04 3.739999999999999835e-03 -9.999930000000000208e-01 -4.701609999999999956e-01 -8.825730000000000519e-01 -3.690999999999999837e-03 -8.825800000000000312e-01 4.701609999999999956e-01 1.023999999999999954e-03
2.400000000000000000e+01 1.200000000000000000e+01 1.500000000000000000e+01 0.000000000000000000e+00 1.600000000000000089e+00 2.814000000000000095e-03 9.859999999999998974e-04 -9.999959999999999960e-01 -4.689619999999999900e-01 -8.832160000000000011e-01 -2.190999999999999805e-03 -8.832140000000000546e-01 4.689659999999999940e-01 -2.023000000000000059e-03
2.800000000000000000e+01 1.100000000000000000e+01 1.600000000000000000e+01 0.000000000000000000e+00 1.600000000000000089e+00 6.269999999999999532e-04 3.286999999999999991e-03 -9.999940000000000495e-01 -4.142839999999999856e-01 -9.101420000000000066e-01 -3.250999999999999984e-03 -9.101470000000000393e-01 4.142839999999999856e-01 7.910000000000000364e-04
2.100000000000000000e+01 1.160000000000000000e+02 1.600000000000000000e+01 0.000000000000000000e+00 1.600000000000000089e+00 -6.381000000000000387e-03 -6.569000000000000186e-03 9.999580000000000135e-01 7.001089999999999813e-01 7.139769999999999728e-01 9.157999999999999474e-03 -7.140069999999999473e-01 7.001389999999999558e-01 4.300000000000000165e-05
2.000000000000000000e+00 2.000000000000000000e+00 1.900000000000000000e+01 0.000000000000000000e+00 1.600000000000000089e+00 8.779999999999999827e-04 -1.057899999999999986e-02 -9.999440000000000550e-01 2.106689999999999952e-01 -9.775009999999999533e-01 1.052600000000000063e-02 -9.775570000000000093e-01 -2.106669999999999932e-01 1.369999999999999907e-03
8.000000000000000000e+00 2.000000000000000000e+00 1.900000000000000000e+01 0.000000000000000000e+00 1.600000000000000089e+00 1.526999999999999929e-03 -1.436199999999999977e-02 -9.998960000000000070e-01 2.143059999999999965e-01 -9.766610000000000014e-01 1.435499999999999970e-02 -9.767649999999999944e-01 -2.143049999999999955e-01 1.585999999999999953e-03
1.200000000000000000e+01 2.000000000000000000e+00 1.900000000000000000e+01 0.000000000000000000e+00 1.600000000000000089e+00 -9.799999999999999684e-05 -3.879000000000000069e-03 -9.999919999999999920e-01 2.114580000000000071e-01 -9.773800000000000265e-01 3.771000000000000046e-03 -9.773870000000000058e-01 -2.114560000000000051e-01 9.160000000000000390e-04
1.900000000000000000e+01 2.000000000000000000e+00 1.900000000000000000e+01 0.000000000000000000e+00 1.600000000000000089e+00 -1.154000000000000078e-03 -5.204000000000000292e-03 -9.999860000000000415e-01 2.059269999999999989e-01 -9.785549999999999526e-01 4.854999999999999941e-03 -9.785669999999999646e-01 -2.059179999999999899e-01 2.200999999999999832e-03
2.300000000000000000e+01 2.000000000000000000e+00 1.900000000000000000e+01 0.000000000000000000e+00 1.600000000000000089e+00 -1.794000000000000022e-03 7.569999999999999689e-04 -9.999980000000000535e-01 2.074729999999999908e-01 -9.782399999999999984e-01 -1.113000000000000057e-03 -9.782389999999999697e-01 -2.074749999999999928e-01 1.598000000000000028e-03
2.800000000000000000e+01 2.000000000000000000e+00 1.900000000000000000e+01 0.000000000000000000e+00 1.600000000000000089e+00 -2.987000000000000072e-03 8.507999999999999938e-03 -9.999590000000000423e-01 2.061620000000000119e-01 -9.784770000000000412e-01 -8.940999999999999295e-03 -9.785129999999999661e-01 -2.061800000000000022e-01 1.168999999999999900e-03
3.000000000000000000e+00 3.000000000000000000e+00 1.900000000000000000e+01 0.000000000000000000e+00 1.600000000000000089e+00 8.970000000000000109e-04 -9.169000000000000067e-03 -9.999580000000000135e-01 1.946330000000000005e-01 -9.808329999999999549e-01 9.168000000000000801e-03 -9.808759999999999701e-01 -1.946330000000000005e-01 9.049999999999999885e-04
4.000000000000000000e+00 4.000000000000000000e+00 2.000000000000000000e+01 0.000000000000000000e+00 1.600000000000000089e+00 1.907999999999999974e-03 -8.677000000000000685e-03 -9.999609999999999888e-01 2.972080000000000277e-01 -9.547719999999999541e-01 8.852000000000000493e-03 -9.548109999999999653e-01 -2.972130000000000050e-01 7.569999999999999689e-04
1.600000000000000000e+01 4.000000000000000000e+00 2.000000000000000000e+01 0.000000000000000000e+00 1.600000000000000089e+00 -3.640000000000000115e-04 -4.108999999999999805e-03 -9.999909999999999632e-01 2.917719999999999758e-01 -9.564799999999999969e-01 3.824000000000000142e-03 -9.564880000000000049e-01 -2.917680000000000273e-01 1.546999999999999981e-03
6.000000000000000000e+00 1.300000000000000000e+01 2.000000000000000000e+01 0.000000000000000000e+00 1.600000000000000089e+00 5.280000000000000405e-04 9.650000000000000374e-04 9.999989999999999712e-01 2.644110000000000071e-01 9.644089999999999607e-01 -1.069999999999999988e-03 -9.644099999999999895e-01 2.644119999999999804e-01 2.539999999999999940e-04
1.100000000000000000e+01 1.300000000000000000e+01 2.000000000000000000e+01 0.000000000000000000e+00 1.600000000000000089e+00 -1.630000000000000047e-04 6.369999999999999794e-04 1.000000000000000000e+00 2.640060000000000184e-01 9.645209999999999617e-01 -5.720000000000000258e-04 -9.645209999999999617e-01 2.640060000000000184e-01 -3.249999999999999851e-04
1.700000000000000000e+01 1.300000000000000000e+01 2.000000000000000000e+01 0.000000000000000000e+00 1.600000000000000089e+00 -2.635999999999999888e-03 4.629999999999999784e-04 9.999959999999999960e-01 2.638229999999999742e-01 9.645709999999999562e-01 2.489999999999999809e-04 -9.645669999999999522e-01 2.638229999999999742e-01 -2.664000000000000135e-03
2.500000000000000000e+01 1.300000000000000000e+01 2.000000000000000000e+01 0.000000000000000000e+00 1.600000000000000089e+00 2.935000000000000109e-03 1.706999999999999967e-03 9.999940000000000495e-01 2.625810000000000088e-01 9.649069999999999592e-01 -2.418000000000000010e-03 -9.649050000000000127e-01 2.625870000000000148e-01 2.383999999999999835e-03
2.800000000000000000e+01 1.300000000000000000e+01 2.000000000000000000e+01 0.000000000000000000e+00 1.600000000000000089e+00 1.748999999999999904e-03 -2.034999999999999917e-03 9.999959999999999960e-01 2.612720000000000042e-01 9.652640000000000109e-01 1.507000000000000093e-03 -9.652640000000000109e-01 2.612680000000000002e-01 2.220000000000000185e-03
6.000000000000000000e+00 1.600000000000000000e+01 2.100000000000000000e+01 0.000000000000000000e+00 1.600000000000000089e+00 -3.629999999999999872e-04 -3.154999999999999818e-03 9.999949999999999672e-01 3.026840000000000086e-01 9.530859999999999888e-01 3.115999999999999846e-03 -9.530910000000000215e-01 3.026840000000000086e-01 6.089999999999999494e-04
1.200000000000000000e+01 1.600000000000000000e+01 2.100000000000000000e+01 0.000000000000000000e+00 1.600000000000000089e+00 -9.799999999999999684e-05 2.688999999999999984e-03 9.999959999999999960e-01 3.030160000000000076e-01 9.529819999999999958e-01 -2.531999999999999963e-03 -9.529849999999999710e-01 3.030149999999999788e-01 -9.079999999999999530e-04
6.000000000000000000e+00 4.600000000000000000e+01 2.700000000000000000e+01 0.000000000000000000e+00 1.600000000000000089e+00 -1.423000000000000003e-03 6.359999999999999551e-04 -9.999989999999999712e-01 6.680960000000000232e-01 7.440750000000000419e-01 -4.769999999999999934e-04 7.440740000000000132e-01 -6.680960000000000232e-01 -1.484000000000000076e-03
2.200000000000000000e+01 4.600000000000000000e+01 2.700000000000000000e+01 0.000000000000000000e+00 1.600000000000000089e+00 -4.369999999999999970e-04 -1.253999999999999906e-03 -9.999989999999999712e-01 6.659239999999999604e-01 7.460179999999999589e-01 -1.227000000000000009e-03 7.460189999999999877e-01 -6.659239999999999604e-01 5.090000000000000123e-04
2.900000000000000000e+01 4.600000000000000000e+01 2.700000000000000000e+01 0.000000000000000000e+00 1.600000000000000089e+00 -2.451000000000000054e-03 -1.605000000000000090e-03 -9.999959999999999960e-01 6.602670000000000483e-01 7.510259999999999714e-01 -2.824000000000000121e-03 7.510270000000000001e-01 -6.602710000000000523e-01 -7.810000000000000102e-04
3.000000000000000000e+00 4.600000000000000000e+01 3.000000000000000000e+01 0.000000000000000000e+00 1.600000000000000089e+00 -1.201999999999999943e-03 -2.645000000000000216e-03 -9.999959999999999960e-01 3.219839999999999924e-01 9.467410000000000547e-01 -2.892000000000000039e-03 9.467440000000000300e-01 -3.219859999999999944e-01 -2.860000000000000129e-04
1.300000000000000000e+01 4.600000000000000000e+01 3.000000000000000000e+01 0.000000000000000000e+00 1.600000000000000089e+00 -7.200000000000000182e-05 2.539999999999999940e-04 -1.000000000000000000e+00 3.171350000000000002e-01 9.483800000000000008e-01 2.180000000000000134e-04 9.483800000000000008e-01 -3.171350000000000002e-01 -1.489999999999999897e-04
1.700000000000000000e+01 4.600000000000000000e+01 3.000000000000000000e+01 0.000000000000000000e+00 1.600000000000000089e+00 7.309999999999999875e-04 2.240999999999999936e-03 -9.999970000000000248e-01 3.182599999999999874e-01 9.480009999999999826e-01 2.357000000000000154e-03 9.480030000000000401e-01 -3.182610000000000161e-01 -2.099999999999999884e-05
2.700000000000000000e+01 4.600000000000000000e+01 3.000000000000000000e+01 0.000000000000000000e+00 1.600000000000000089e+00 -1.510000000000000057e-03 -3.834999999999999867e-03 -9.999919999999999920e-01 3.180859999999999799e-01 9.480530000000000346e-01 -4.115999999999999867e-03 9.480610000000000426e-01 -3.180899999999999839e-01 -2.120000000000000031e-04
2.000000000000000000e+00 5.800000000000000000e+01 3.100000000000000000e+01 0.000000000000000000e+00 1.600000000000000089e+00 -2.583999999999999925e-03 -6.725000000000000075e-03 9.999740000000000295e-01 -7.843740000000000157e-01 -6.202569999999999473e-01 -6.198000000000000384e-03 6.202830000000000288e-01 -7.843700000000000117e-01 -3.671999999999999917e-03
9.000000000000000000e+00 5.800000000000000000e+01 3.100000000000000000e+01 0.000000000000000000e+00 1.600000000000000089e+00 1.048000000000000103e-03 -2.027999999999999855e-03 9.999970000000000248e-01 -7.838699999999999557e-01 -6.209249999999999492e-01 -4.380000000000000213e-04 6.209240000000000315e-01 -7.838680000000000092e-01 -2.239999999999999804e-03
1.300000000000000000e+01 5.800000000000000000e+01 3.100000000000000000e+01 0.000000000000000000e+00 1.600000000000000089e+00 -1.549999999999999946e-03 -2.007999999999999802e-03 9.999970000000000248e-01 -7.841439999999999522e-01 -6.205739999999999590e-01 -2.462000000000000213e-03 6.205770000000000453e-01 -7.841460000000000097e-01 -6.130000000000000466e-04
2.000000000000000000e+01 5.800000000000000000e+01 3.100000000000000000e+01 0.000000000000000000e+00 1.600000000000000089e+00 4.499999999999999877e-04 1.701999999999999954e-03 9.999980000000000535e-01 -7.816910000000000247e-01 -6.236639999999999961e-01 1.412999999999999977e-03 6.236660000000000537e-01 -7.816899999999999959e-01 1.049999999999999935e-03
2.700000000000000000e+01 5.800000000000000000e+01 3.100000000000000000e+01 0.000000000000000000e+00 1.600000000000000089e+00 -5.431000000000000064e-03 -1.153500000000000011e-02 9.999190000000000023e-01 -7.683600000000000430e-01 -6.399139999999999828e-01 -1.155499999999999930e-02 6.399949999999999806e-01 -7.683600000000000430e-01 -5.388000000000000428e-03
2.200000000000000000e+01 4.200000000000000000e+01 3.400000000000000000e+01 0.000000000000000000e+00 1.600000000000000089e+00 1.912999999999999987e-03 -1.255999999999999955e-03 -9.999970000000000248e-01 -2.926190000000000180e-01 9.562279999999999669e-01 -1.760999999999999979e-03 9.562270000000000492e-01 2.926210000000000200e-01 1.461999999999999975e-03
5.000000000000000000e+00 4.600000000000000000e+01 3.500000000000000000e+01 0.000000000000000000e+00 1.600000000000000089e+00 -6.239999999999999887e-04 5.659999999999999884e-04 -1.000000000000000000e+00 3.866700000000000137e-01 -9.222179999999999822e-01 -7.630000000000000063e-04 -9.222179999999999822e-01 -3.866700000000000137e-01 3.559999999999999797e-04
1.100000000000000000e+01 4.600000000000000000e+01 3.500000000000000000e+01 0.000000000000000000e+00 1.600000000000000089e+00 2.069999999999999900e-04 -8.599999999999999789e-04 -1.000000000000000000e+00 3.861720000000000153e-01 -9.224259999999999682e-01 8.729999999999999696e-04 -9.224269999999999969e-01 -3.861720000000000153e-01 1.410000000000000120e-04
1.800000000000000000e+01 4.600000000000000000e+01 3.500000000000000000e+01 0.000000000000000000e+00 1.600000000000000089e+00 7.050000000000000060e-04 -3.079999999999999839e-03 -9.999949999999999672e-01 3.842570000000000152e-01 -9.232209999999999583e-01 3.115000000000000147e-03 -9.232259999999999911e-01 -3.842570000000000152e-01 5.320000000000000293e-04
2.300000000000000000e+01 4.600000000000000000e+01 3.500000000000000000e+01 0.000000000000000000e+00 1.600000000000000089e+00 -2.770000000000000110e-04 -1.237000000000000035e-03 -9.999989999999999712e-01 3.856229999999999936e-01 -9.226560000000000317e-01 1.033999999999999980e-03 -9.226569999999999494e-01 -3.856220000000000203e-01 7.320000000000000118e-04
3.000000000000000000e+01 4.600000000000000000e+01 3.500000000000000000e+01 0.000000000000000000e+00 1.600000000000000089e+00 -2.642999999999999950e-03 3.101000000000000024e-03 -9.999919999999999920e-01 3.863789999999999725e-01 -9.223320000000000407e-01 -3.880999999999999901e-03 -9.223360000000000447e-01 -3.863860000000000072e-01 1.239000000000000084e-03
3.000000000000000000e+00 9.500000000000000000e+01 3.600000000000000000e+01 0.000000000000000000e+00 1.600000000000000089e+00 -1.807999999999999928e-03 -2.750800000000000120e-02 9.996199999999999530e-01 9.973220000000000418e-01 7.303500000000000270e-02 3.814000000000000116e-03 -7.311199999999999644e-02 9.969500000000000028e-01 2.730199999999999988e-02
8.000000000000000000e+00 9.500000000000000000e+01 3.600000000000000000e+01 0.000000000000000000e+00 1.600000000000000089e+00 -2.517999999999999839e-03 -1.464299999999999977e-02 9.998899999999999455e-01 9.975979999999999848e-01 6.917399999999999938e-02 3.526000000000000054e-03 -6.921800000000000175e-02 9.974969999999999670e-01 1.443299999999999965e-02
1.500000000000000000e+01 9.500000000000000000e+01 3.600000000000000000e+01 0.000000000000000000e+00 1.600000000000000089e+00 1.276000000000000007e-03 -1.545900000000000052e-02 9.998799999999999910e-01 9.977169999999999650e-01 6.752600000000000269e-02 -2.300000000000000070e-04 -6.751500000000000556e-02 9.975979999999999848e-01 1.550999999999999948e-02
1.900000000000000000e+01 9.500000000000000000e+01 3.600000000000000000e+01 0.000000000000000000e+00 1.600000000000000089e+00 6.939999999999999555e-04 1.823200000000000168e-02 9.998340000000000005e-01 9.976479999999999793e-01 6.852300000000000058e-02 -1.941999999999999933e-03 -6.854699999999999682e-02 9.974830000000000085e-01 -1.814199999999999841e-02
2.600000000000000000e+01 9.500000000000000000e+01 3.600000000000000000e+01 0.000000000000000000e+00 1.600000000000000089e+00 1.847800000000000137e-02 -2.799999999999999755e-04 9.998289999999999678e-01 9.972389999999999866e-01 7.193399999999999794e-02 -1.840999999999999928e-02 -7.191599999999999382e-02 9.974089999999999900e-01 1.608000000000000054e-03
2.000000000000000000e+00 3.000000000000000000e+00 4.300000000000000000e+01 0.000000000000000000e+00 1.600000000000000089e+00 5.773000000000000353e-03 -8.264999999999999777e-03 -9.999489999999999768e-01 7.375040000000000484e-01 -6.752709999999999546e-01 9.839000000000000523e-03 -6.753179999999999739e-01 -7.375230000000000397e-01 2.197000000000000168e-03
8.000000000000000000e+00 3.000000000000000000e+00 4.300000000000000000e+01 0.000000000000000000e+00 1.600000000000000089e+00 -2.446999999999999956e-03 -9.259999999999999568e-04 -9.999970000000000248e-01 7.398179999999999756e-01 -6.728060000000000151e-01 -1.186999999999999904e-03 -6.728030000000000399e-01 -7.398179999999999756e-01 2.331000000000000173e-03
1.500000000000000000e+01 3.000000000000000000e+00 4.300000000000000000e+01 0.000000000000000000e+00 1.600000000000000089e+00 5.410000000000000312e-04 -1.434799999999999964e-02 -9.998970000000000358e-01 7.412539999999999685e-01 -6.711500000000000243e-01 1.003199999999999925e-02 -6.712249999999999606e-01 -7.411830000000000362e-01 1.027299999999999915e-02
1.800000000000000000e+01 3.000000000000000000e+00 4.300000000000000000e+01 0.000000000000000000e+00 1.600000000000000089e+00 7.410000000000000137e-04 -6.361999999999999600e-03 -9.999789999999999512e-01 7.413889999999999647e-01 -6.710580000000000434e-01 4.819000000000000367e-03 -6.710749999999999771e-01 -7.413769999999999527e-01 4.218999999999999660e-03
2.300000000000000000e+01 3.000000000000000000e+00 4.300000000000000000e+01 0.000000000000000000e+00 1.600000000000000089e+00 -1.134999999999999941e-03 -1.271800000000000014e-02 -9.999179999999999735e-01 7.417409999999999837e-01 -6.706429999999999891e-01 7.687000000000000256e-03 -6.706860000000000044e-01 -7.416709999999999692e-01 1.019499999999999920e-02
2.900000000000000000e+01 3.000000000000000000e+00 4.300000000000000000e+01 0.000000000000000000e+00 1.600000000000000089e+00 -6.650000000000000095e-04 5.510000000000000141e-03 -9.999850000000000128e-01 7.366260000000000030e-01 -6.762869999999999715e-01 -4.217000000000000262e-03 -6.763000000000000123e-01 -7.366179999999999950e-01 -3.608999999999999795e-03
3.000000000000000000e+01 8.000000000000000000e+00 4.400000000000000000e+01 0.000000000000000000e+00 1.600000000000000089e+00 3.030999999999999840e-03 1.173199999999999937e-02 9.999270000000000103e-01 -7.751810000000000089e-01 -6.316640000000000033e-01 9.761000000000000579e-03 6.317319999999999602e-01 -7.751529999999999809e-01 7.179999999999999750e-03
1.000000000000000000e+00 2.900000000000000000e+01 4.400000000000000000e+01 0.000000000000000000e+00 1.600000000000000089e+00 2.792000000000000211e-03 2.190999999999999805e-03 -9.999940000000000495e-01 6.642890000000000184e-01 7.474669999999999925e-01 3.493000000000000011e-03 7.474699999999999678e-01 -6.642949999999999688e-01 6.310000000000000504e-04
5.000000000000000000e+00 2.900000000000000000e+01 4.400000000000000000e+01 0.000000000000000000e+00 1.600000000000000089e+00 -5.039999999999999992e-04 -3.589999999999999984e-04 -1.000000000000000000e+00 6.712019999999999653e-01 7.412750000000000172e-01 -6.040000000000000447e-04 7.412750000000000172e-01 -6.712019999999999653e-01 -1.330000000000000073e-04
1.700000000000000000e+01 2.900000000000000000e+01 4.400000000000000000e+01 0.000000000000000000e+00 1.600000000000000089e+00 3.159999999999999832e-04 2.066000000000000128e-03 -9.999980000000000535e-01 6.814139999999999642e-01 7.318970000000000198e-01 1.727999999999999935e-03 7.318989999999999663e-01 -6.814130000000000464e-01 -1.177000000000000095e-03
2.200000000000000000e+01 2.900000000000000000e+01 4.400000000000000000e+01 0.000000000000000000e+00 1.600000000000000089e+00 1.230000000000000082e-04 1.379000000000000017e-03 -9.999989999999999712e-01 6.783029999999999893e-01 7.347810000000000175e-01 1.097000000000000102e-03 7.347820000000000462e-01 -6.783029999999999893e-01 -8.450000000000000479e-04
2.800000000000000000e+01 2.900000000000000000e+01 4.400000000000000000e+01 0.000000000000000000e+00 1.600000000000000089e+00 -2.776999999999999955e-03 -3.510000000000000208e-04 -9.999959999999999960e-01 6.626490000000000435e-01 7.489270000000000094e-01 -2.102999999999999835e-03 7.489249999999999519e-01 -6.626520000000000188e-01 -1.848000000000000033e-03
1.000000000000000000e+01 6.000000000000000000e+00 5.100000000000000000e+01 0.000000000000000000e+00 1.600000000000000089e+00 1.675999999999999972e-03 -2.125999999999999852e-03 -9.999959999999999960e-01 3.316080000000000139e-01 -9.434139999999999748e-01 2.562000000000000041e-03 -9.434160000000000323e-01 -3.316109999999999891e-01 -8.769999999999999584e-04
1.500000000000000000e+01 6.000000000000000000e+00 5.100000000000000000e+01 0.000000000000000000e+00 1.600000000000000089e+00 -1.920000000000000049e-03 -4.762999999999999873e-03 -9.999869999999999592e-01 3.258050000000000113e-01 -9.454289999999999639e-01 3.876999999999999804e-03 -9.454350000000000254e-01 -3.257939999999999725e-01 3.367000000000000201e-03
2.400000000000000000e+01 1.150000000000000000e+02 5.100000000000000000e+01 0.000000000000000000e+00 1.600000000000000089e+00 -2.687000000000000152e-03 -7.321000000000000250e-03 9.999700000000000255e-01 8.449980000000000269e-01 -5.347669999999999924e-01 -1.644999999999999978e-03 5.347629999999999884e-01 8.449680000000000524e-01 7.622999999999999568e-03
2.000000000000000000e+00 7.000000000000000000e+00 5.200000000000000000e+01 0.000000000000000000e+00 1.600000000000000089e+00 -3.085000000000000069e-03 -3.954000000000000049e-03 -9.999869999999999592e-01 1.258039999999999992e-01 -9.920489999999999586e-01 3.534999999999999948e-03 -9.920499999999999874e-01 -1.257919999999999872e-01 3.557999999999999965e-03
1.300000000000000000e+01 7.000000000000000000e+00 5.200000000000000000e+01 0.000000000000000000e+00 1.600000000000000089e+00 -1.979999999999999881e-04 -3.020000000000000115e-03 -9.999949999999999672e-01 1.121779999999999999e-01 -9.936840000000000117e-01 2.978000000000000178e-03 -9.936880000000000157e-01 -1.121769999999999989e-01 5.360000000000000181e-04
2.900000000000000000e+01 7.000000000000000000e+00 5.200000000000000000e+01 0.000000000000000000e+00 1.600000000000000089e+00 -2.539999999999999940e-04 -9.875000000000000097e-03 -9.999510000000000343e-01 9.689699999999999702e-02 -9.952459999999999640e-01 9.804000000000000214e-03 -9.952940000000000120e-01 -9.689000000000000390e-02 1.209999999999999921e-03
8.000000000000000000e+00 1.600000000000000000e+01 5.200000000000000000e+01 0.000000000000000000e+00 1.600000000000000089e+00 8.474999999999999895e-03 1.107400000000000051e-02 -9.999029999999999863e-01 7.780019999999999714e-01 6.281149999999999789e-01 1.355100000000000054e-02 6.282039999999999846e-01 -7.780409999999999826e-01 -3.292999999999999920e-03
1.400000000000000000e+01 1.500000000000000000e+01 5.300000000000000000e+01 0.000000000000000000e+00 1.600000000000000089e+00 4.270999999999999623e-03 -5.687000000000000215e-03 -9.999749999999999472e-01 6.838739999999999819e-01 7.295989999999999975e-01 -1.229000000000000058e-03 7.295880000000000143e-01 -6.838509999999999867e-01 7.004999999999999942e-03
1.900000000000000000e+01 1.500000000000000000e+01 5.300000000000000000e+01 0.000000000000000000e+00 1.600000000000000089e+00 -1.940000000000000101e-03 -7.383999999999999939e-03 -9.999710000000000543e-01 6.835900000000000309e-01 7.298350000000000115e-01 -6.714999999999999615e-03 7.298639999999999572e-01 -6.835830000000000517e-01 3.631999999999999812e-03
4.000000000000000000e+00 6.300000000000000000e+01 5.400000000000000000e+01 0.000000000000000000e+00 1.600000000000000089e+00 1.033000000000000064e-03 -4.579999999999999870e-03 9.999890000000000168e-01 -3.574550000000000227e-01 9.339190000000000547e-01 4.645999999999999956e-03 -9.339300000000000379e-01 -3.574559999999999960e-01 -6.719999999999999628e-04
8.000000000000000000e+00 6.300000000000000000e+01 5.400000000000000000e+01 0.000000000000000000e+00 1.600000000000000089e+00 -1.137999999999999906e-03 -1.879999999999999890e-04 9.999989999999999712e-01 -3.497410000000000241e-01 9.368469999999999853e-01 -2.220000000000000022e-04 -9.368459999999999566e-01 -3.497410000000000241e-01 -1.131999999999999977e-03
1.300000000000000000e+01 6.300000000000000000e+01 5.400000000000000000e+01 0.000000000000000000e+00 1.600000000000000089e+00 8.540000000000000499e-04 1.443000000000000055e-03 9.999989999999999712e-01 -3.507649999999999935e-01 9.364630000000000454e-01 -1.051000000000000068e-03 -9.364630000000000454e-01 -3.507640000000000202e-01 1.304999999999999953e-03
1.600000000000000000e+01 6.300000000000000000e+01 5.400000000000000000e+01 0.000000000000000000e+00 1.600000000000000089e+00 1.242000000000000048e-03 -4.099999999999999912e-04 9.999989999999999712e-01 -3.519129999999999758e-01 9.360319999999999752e-01 8.210000000000000067e-04 -9.360319999999999752e-01 -3.519140000000000046e-01 1.018000000000000025e-03
2.200000000000000000e+01 6.300000000000000000e+01 5.400000000000000000e+01 0.000000000000000000e+00 1.600000000000000089e+00 -1.136000000000000074e-03 4.949999999999999973e-04 9.999989999999999712e-01 -3.515320000000000111e-01 9.361760000000000081e-01 -8.630000000000000518e-04 -9.361749999999999794e-01 -3.515320000000000111e-01 -8.899999999999999491e-04
2.800000000000000000e+01 6.300000000000000000e+01 5.400000000000000000e+01 0.000000000000000000e+00 1.600000000000000089e+00 -1.968000000000000131e-03 8.399999999999999535e-05 9.999980000000000535e-01 -3.582640000000000269e-01 9.336200000000000054e-01 -7.829999999999999504e-04 -9.336179999999999479e-01 -3.582650000000000001e-01 -1.807000000000000012e-03
3.000000000000000000e+00 2.500000000000000000e+01 5.500000000000000000e+01 0.000000000000000000e+00 1.600000000000000089e+00 1.572000000000000047e-03 2.497999999999999787e-03 -9.999959999999999960e-01 -1.190000000000000085e-02 -9.999259999999999815e-01 -2.517000000000000140e-03 -9.999280000000000390e-01 1.190399999999999965e-02 -1.541999999999999968e-03
6.000000000000000000e+00 2.500000000000000000e+01 5.500000000000000000e+01 0.000000000000000000e+00 1.600000000000000089e+00 7.230000000000000098e-04 -1.574000000000000095e-03 -9.999989999999999712e-01 -1.174299999999999997e-02 -9.999299999999999855e-01 1.564999999999999985e-03 -9.999310000000000143e-01 1.174099999999999970e-02 -7.420000000000000380e-04
1.600000000000000000e+01 2.500000000000000000e+01 5.500000000000000000e+01 0.000000000000000000e+00 1.600000000000000089e+00 -1.150999999999999896e-03 -1.642999999999999929e-03 -9.999980000000000535e-01 -1.122199999999999934e-02 -9.999360000000000470e-01 1.655999999999999920e-03 -9.999360000000000470e-01 1.122399999999999960e-02 1.131999999999999977e-03
2.000000000000000000e+01 2.500000000000000000e+01 5.500000000000000000e+01 0.000000000000000000e+00 1.600000000000000089e+00 -4.760000000000000234e-04 1.961000000000000069e-03 -9.999980000000000535e-01 -1.084800000000000000e-02 -9.999390000000000223e-01 -1.955999999999999839e-03 -9.999409999999999688e-01 1.084700000000000074e-02 4.979999999999999618e-04
2.400000000000000000e+01 2.500000000000000000e+01 5.500000000000000000e+01 0.000000000000000000e+00 1.600000000000000089e+00 1.704999999999999918e-03 2.112000000000000162e-03 -9.999959999999999960e-01 -1.080200000000000084e-02 -9.999390000000000223e-01 -2.129999999999999949e-03 -9.999400000000000510e-01 1.080599999999999963e-02 -1.681999999999999901e-03
2.900000000000000000e+01 2.500000000000000000e+01 5.500000000000000000e+01 0.000000000000000000e+00 1.600000000000000089e+00 -2.369999999999999874e-04 -1.007000000000000083e-03 -9.999989999999999712e-01 -1.156899999999999942e-02 -9.999329999999999607e-01 1.010000000000000047e-03 -9.999329999999999607e-01 1.156899999999999942e-02 2.249999999999999938e-04
1.100000000000000000e+01 6.800000000000000000e+01 5.700000000000000000e+01 0.000000000000000000e+00 1.600000000000000089e+00 4.550000000000000008e-04 -4.398000000000000000e-03 -9.999900000000000455e-01 -2.404100000000000126e-01 -9.706630000000000535e-01 4.159000000000000370e-03 -9.706709999999999505e-01 2.404060000000000086e-01 -1.498999999999999898e-03
2.000000000000000000e+00 2.100000000000000000e+01 6.000000000000000000e+01 0.000000000000000000e+00 1.600000000000000089e+00 1.479000000000000063e-03 2.560000000000000209e-03 9.999959999999999960e-01 -9.637400000000000133e-02 9.953419999999999490e-01 -2.406000000000000152e-03 -9.953440000000000065e-01 -9.636999999999999733e-02 1.719000000000000042e-03
8.000000000000000000e+00 2.100000000000000000e+01 6.000000000000000000e+01 0.000000000000000000e+00 1.600000000000000089e+00 -9.899999999999999946e-04 -3.579000000000000150e-03 9.999930000000000208e-01 -9.755199999999999982e-02 9.952239999999999975e-01 3.465000000000000198e-03 -9.952299999999999480e-01 -9.754799999999999582e-02 -1.335000000000000032e-03
1.300000000000000000e+01 2.100000000000000000e+01 6.000000000000000000e+01 0.000000000000000000e+00 1.600000000000000089e+00 -4.380000000000000213e-04 7.015999999999999667e-03 9.999749999999999472e-01 -9.755099999999999882e-02 9.952060000000000350e-01 -7.024999999999999994e-03 -9.952299999999999480e-01 -9.755099999999999882e-02 2.489999999999999809e-04
2.900000000000000000e+01 2.100000000000000000e+01 6.000000000000000000e+01 0.000000000000000000e+00 1.600000000000000089e+00 -7.709999999999999840e-04 5.879999999999999810e-04 1.000000000000000000e+00 -9.929399999999999338e-02 9.950579999999999981e-01 -6.610000000000000207e-04 -9.950579999999999981e-01 -9.929499999999999438e-02 -7.089999999999999948e-04
2.000000000000000000e+01 3.000000000000000000e+00 6.300000000000000000e+01 0.000000000000000000e+00 1.600000000000000089e+00 -5.389999999999999826e-04 4.101999999999999744e-03 9.999909999999999632e-01 -6.150529999999999609e-01 7.884780000000000122e-01 -3.566000000000000159e-03 -7.884860000000000202e-01 -6.150489999999999569e-01 2.098000000000000038e-03
2.600000000000000000e+01 3.000000000000000000e+00 6.300000000000000000e+01 0.000000000000000000e+00 1.600000000000000089e+00 -1.160000000000000007e-04 -4.920000000000000328e-04 1.000000000000000000e+00 -6.127690000000000081e-01 7.902620000000000200e-01 3.179999999999999776e-04 -7.902620000000000200e-01 -6.127690000000000081e-01 -3.930000000000000117e-04
2.000000000000000000e+00 2.700000000000000000e+01 6.300000000000000000e+01 0.000000000000000000e+00 1.600000000000000089e+00 -1.157000000000000042e-03 1.103000000000000031e-03 9.999989999999999712e-01 -2.736160000000000259e-01 9.618379999999999708e-01 -1.378000000000000102e-03 -9.618379999999999708e-01 -2.736179999999999723e-01 -8.109999999999999805e-04
5.000000000000000000e+00 2.700000000000000000e+01 6.300000000000000000e+01 0.000000000000000000e+00 1.600000000000000089e+00 4.290000000000000193e-04 -1.665999999999999946e-03 9.999989999999999712e-01 -2.741950000000000220e-01 9.616730000000000000e-01 1.719999999999999958e-03 -9.616740000000000288e-01 -2.741950000000000220e-01 -4.399999999999999886e-05
