8.000000000000000000e+00 1.010000000000000000e+02 7.000000000000000000e+00 0.000000000000000000e+00 1.600000000000000089e+00 1.229999999999999974e-03 9.599999999999999159e-03 9.999529999999999808e-01 8.891419999999999879e-01 4.575980000000000047e-01 -5.486999999999999690e-03 -4.576290000000000080e-01 8.891069999999999807e-01 -7.972999999999999185e-03
1.700000000000000000e+01 1.010000000000000000e+02 7.000000000000000000e+00 0.000000000000000000e+00 1.600000000000000089e+00 -5.670000000000000127e-04 -7.320000000000000118e-03 9.999730000000000008e-01 8.895410000000000261e-01 4.568389999999999951e-01 3.847999999999999858e-03 -4.568550000000000111e-01 8.895189999999999486e-01 6.252999999999999878e-03
4.000000000000000000e+00 2.500000000000000000e+01 8.000000000000000000e+00 0.000000000000000000e+00 1.600000000000000089e+00 -1.759999999999999954e-04 3.325999999999999963e-03 -9.999940000000000495e-01 4.364729999999999999e-01 8.997129999999999850e-01 2.916000000000000189e-03 8.997169999999999890e-01 -4.364700000000000246e-01 -1.610000000000000103e-03
7.000000000000000000e+00 2.500000000000000000e+01 8.000000000000000000e+00 0.000000000000000000e+00 1.600000000000000089e+00 -3.440000000000000132e-04 -1.192499999999999984e-02 -9.999289999999999567e-01 4.373449999999999838e-01 8.992280000000000273e-01 -1.087499999999999925e-02 8.992940000000000378e-01 -4.373170000000000113e-01 4.905999999999999771e-03
1.500000000000000000e+01 2.500000000000000000e+01 8.000000000000000000e+00 0.000000000000000000e+00 1.600000000000000089e+00 2.183000000000000045e-03 2.831999999999999882e-03 -9.999940000000000495e-01 4.380100000000000104e-01 8.989629999999999566e-01 3.501999999999999905e-03 8.989679999999999893e-01 -4.380149999999999877e-01 7.219999999999999855e-04
1.800000000000000000e+01 2.500000000000000000e+01 8.000000000000000000e+00 0.000000000000000000e+00 1.600000000000000089e+00 1.330000000000000019e-03 3.644000000000000104e-03 -9.999919999999999920e-01 4.380249999999999977e-01 8.989549999999999486e-01 3.857999999999999884e-03 8.989620000000000388e-01 -4.380260000000000264e-01 -4.009999999999999893e-04
2.400000000000000000e+01 2.500000000000000000e+01 8.000000000000000000e+00 0.000000000000000000e+00 1.600000000000000089e+00 4.589999999999999896e-04 2.946999999999999967e-03 -9.999959999999999960e-01 4.380629999999999802e-01 8.989399999999999613e-01 2.850000000000000103e-03 8.989439999999999653e-01 -4.380620000000000069e-01 -8.790000000000000070e-04
3.000000000000000000e+00 9.000000000000000000e+00 9.000000000000000000e+00 0.000000000000000000e+00 1.600000000000000089e+00 2.574200000000000099e-02 5.338999999999999996e-03 -9.996540000000000425e-01 -9.864549999999999708e-01 -1.619170000000000054e-01 -2.626699999999999868e-02 -1.620010000000000061e-01 9.867899999999999450e-01 1.098999999999999934e-03
1.900000000000000000e+01 9.000000000000000000e+00 9.000000000000000000e+00 0.000000000000000000e+00 1.600000000000000089e+00 -3.708999999999999797e-02 -1.566599999999999937e-02 -9.991889999999999938e-01 -9.770870000000000388e-01 -2.091339999999999866e-01 3.954900000000000082e-02 -2.095839999999999925e-01 9.777620000000000200e-01 -7.550000000000000287e-03
2.300000000000000000e+01 9.000000000000000000e+00 9.000000000000000000e+00 0.000000000000000000e+00 1.600000000000000089e+00 -7.297399999999999720e-02 -5.272600000000000203e-02 -9.959390000000000187e-01 -9.521060000000000079e-01 -2.936270000000000269e-01 8.530799999999999494e-02 -2.969330000000000025e-01 9.544650000000000079e-01 -2.877400000000000097e-02
4.000000000000000000e+00 2.400000000000000000e+01 9.000000000000000000e+00 0.000000000000000000e+00 1.600000000000000089e+00 -3.579999999999999741e-04 3.640000000000000006e-03 -9.999930000000000208e-01 4.414179999999999771e-01 8.972959999999999825e-01 3.108000000000000086e-03 8.973010000000000153e-01 -4.414139999999999731e-01 -1.928000000000000026e-03
7.000000000000000000e+00 2.400000000000000000e+01 9.000000000000000000e+00 0.000000000000000000e+00 1.600000000000000089e+00 -7.759999999999999971e-04 -8.961000000000000215e-03 -9.999599999999999600e-01 4.425229999999999997e-01 8.967180000000000151e-01 -8.378999999999999296e-03 8.967570000000000263e-01 -4.425109999999999877e-01 3.269000000000000204e-03
1.100000000000000000e+01 2.400000000000000000e+01 9.000000000000000000e+00 0.000000000000000000e+00 1.600000000000000089e+00 6.579999999999999478e-04 -6.623000000000000415e-03 -9.999780000000000335e-01 4.443400000000000127e-01 8.958399999999999697e-01 -5.641000000000000181e-03 8.958580000000000432e-01 -4.443270000000000275e-01 3.533000000000000116e-03
1.400000000000000000e+01 2.400000000000000000e+01 9.000000000000000000e+00 0.000000000000000000e+00 1.600000000000000089e+00 1.825999999999999932e-03 3.395000000000000014e-03 -9.999930000000000208e-01 4.442619999999999902e-01 8.958890000000000464e-01 3.853000000000000088e-03 8.958949999999999969e-01 -4.442659999999999942e-01 1.269999999999999970e-04
1.800000000000000000e+01 2.400000000000000000e+01 9.000000000000000000e+00 0.000000000000000000e+00 1.600000000000000089e+00 9.179999999999999792e-04 5.340000000000000129e-03 -9.999850000000000128e-01 4.446160000000000112e-01 8.957060000000000022e-01 5.191000000000000301e-03 8.957209999999999894e-01 -4.446149999999999824e-01 -1.551999999999999994e-03
2.400000000000000000e+01 2.400000000000000000e+01 9.000000000000000000e+00 0.000000000000000000e+00 1.600000000000000089e+00 4.049999999999999781e-04 3.569000000000000124e-03 -9.999940000000000495e-01 4.442070000000000185e-01 8.959179999999999922e-01 3.377999999999999926e-03 8.959240000000000537e-01 -4.442059999999999897e-01 -1.222999999999999912e-03
2.800000000000000000e+01 2.400000000000000000e+01 9.000000000000000000e+00 0.000000000000000000e+00 1.600000000000000089e+00 6.440000000000000412e-04 1.410999999999999928e-03 -9.999989999999999712e-01 4.423340000000000050e-01 8.968490000000000073e-01 1.549999999999999946e-03 8.968500000000000361e-01 -4.423349999999999782e-01 -4.699999999999999724e-05
2.900000000000000000e+01 4.000000000000000000e+00 1.100000000000000000e+01 0.000000000000000000e+00 1.600000000000000089e+00 6.229000000000000162e-03 -9.218500000000000305e-02 9.957219999999999960e-01 1.996050000000000046e-01 -9.755880000000000107e-01 -9.156999999999999862e-02 9.798569999999999780e-01 1.993219999999999992e-01 1.232300000000000062e-02
1.600000000000000000e+01 3.000000000000000000e+01 1.200000000000000000e+01 0.000000000000000000e+00 1.600000000000000089e+00 -7.927999999999999284e-03 -1.245409999999999989e-01 9.921830000000000371e-01 -2.163500000000000145e-02 9.920029999999999681e-01 1.243459999999999982e-01 -9.997350000000000403e-01 -2.048000000000000168e-02 -1.055900000000000068e-02
2.000000000000000000e+01 3.100000000000000000e+01 1.200000000000000000e+01 0.000000000000000000e+00 1.600000000000000089e+00 2.925000000000000083e-03 -2.143410000000000037e-01 9.767540000000000111e-01 -6.581900000000000250e-02 9.745989999999999931e-01 2.140650000000000053e-01 -9.978270000000000195e-01 -6.491500000000000048e-02 -1.125699999999999965e-02
4.000000000000000000e+00 2.800000000000000000e+01 1.300000000000000000e+01 0.000000000000000000e+00 1.600000000000000089e+00 -2.075000000000000022e-03 1.542699999999999974e-02 9.998789999999999623e-01 -4.801799999999999818e-02 9.987260000000000026e-01 -1.550900000000000022e-02 -9.988439999999999541e-01 -4.804400000000000337e-02 -1.332000000000000068e-03
6.000000000000000000e+00 2.800000000000000000e+01 1.300000000000000000e+01 0.000000000000000000e+00 1.600000000000000089e+00 -5.113000000000000357e-03 -6.132200000000000151e-02 9.981050000000000200e-01 -6.096499999999999836e-02 9.962800000000000544e-01 6.089800000000000074e-02 -9.981269999999999865e-01 -6.053800000000000153e-02 -8.831999999999999573e-03
2.200000000000000000e+01 3.500000000000000000e+01 1.300000000000000000e+01 0.000000000000000000e+00 1.600000000000000089e+00 -1.912050000000000138e-01 -5.317800000000000304e-02 9.801090000000000080e-01 9.676749999999999519e-01 -1.775130000000000041e-01 1.791480000000000017e-01 1.644549999999999901e-01 9.826810000000000267e-01 8.540100000000000469e-02
4.000000000000000000e+00 1.200000000000000000e+01 1.600000000000000000e+01 0.000000000000000000e+00 1.600000000000000089e+00 -3.601000000000000034e-03 2.447399999999999923e-02 9.996939999999999715e-01 2.814809999999999812e-01 -9.592540000000000511e-01 2.449799999999999894e-02 9.595599999999999685e-01 2.814840000000000120e-01 -3.433999999999999986e-03
1.000000000000000000e+01 1.200000000000000000e+01 1.600000000000000000e+01 0.000000000000000000e+00 1.600000000000000089e+00 -5.749999999999999903e-04 -4.600000000000000139e-04 1.000000000000000000e+00 2.733610000000000206e-01 -9.619119999999999893e-01 -2.860000000000000129e-04 9.619109999999999605e-01 2.733599999999999919e-01 6.790000000000000245e-04
1.400000000000000000e+01 1.200000000000000000e+01 1.600000000000000000e+01 0.000000000000000000e+00 1.600000000000000089e+00 4.471000000000000148e-03 -1.383000000000000028e-02 9.998939999999999495e-01 2.695670000000000011e-01 -9.628719999999999501e-01 -1.452400000000000045e-02 9.629710000000000214e-01 2.696029999999999816e-01 -5.770000000000000389e-04
1.700000000000000000e+01 1.200000000000000000e+01 1.600000000000000000e+01 0.000000000000000000e+00 1.600000000000000089e+00 7.315999999999999587e-03 -2.104299999999999921e-02 9.997519999999999740e-01 2.701270000000000060e-01 -9.625679999999999792e-01 -2.223699999999999982e-02 9.627970000000000139e-01 2.702229999999999910e-01 -1.356999999999999916e-03
1.000000000000000000e+01 1.160000000000000000e+02 1.600000000000000000e+01 0.000000000000000000e+00 1.600000000000000089e+00 1.188999999999999953e-03 1.769999999999999926e-04 9.999989999999999712e-01 7.659740000000000437e-01 6.428709999999999702e-01 -1.023999999999999954e-03 -6.428700000000000525e-01 7.659749999999999615e-01 6.290000000000000018e-04
1.400000000000000000e+01 1.160000000000000000e+02 1.600000000000000000e+01 0.000000000000000000e+00 1.600000000000000089e+00 2.426999999999999904e-03 2.681999999999999922e-03 9.999930000000000208e-01 7.668139999999999956e-01 6.418589999999999574e-01 -3.582000000000000114e-03 -6.418639999999999901e-01 7.668179999999999996e-01 -4.989999999999999861e-04
2.600000000000000000e+01 1.160000000000000000e+02 1.600000000000000000e+01 0.000000000000000000e+00 1.600000000000000089e+00 1.480999999999999895e-03 4.261000000000000031e-03 9.999900000000000455e-01 7.195880000000000054e-01 6.943899999999999517e-01 -4.023999999999999799e-03 -6.944000000000000172e-01 7.195869999999999767e-01 -2.037999999999999881e-03
1.500000000000000000e+01 3.400000000000000000e+01 1.800000000000000000e+01 0.000000000000000000e+00 1.600000000000000089e+00 2.079860000000000042e-01 2.789200000000000013e-01 9.375210000000000488e-01 -9.683279999999999665e-01 1.940810000000000035e-01 1.570799999999999974e-01 -1.381419999999999870e-01 -9.404979999999999452e-01 3.104529999999999790e-01
3.000000000000000000e+00 2.000000000000000000e+00 1.900000000000000000e+01 0.000000000000000000e+00 1.600000000000000089e+00 -2.384999999999999967e-03 2.703900000000000053e-02 -9.996319999999999650e-01 3.449729999999999741e-01 -9.382470000000000532e-01 -2.620199999999999960e-02 -9.386100000000000554e-01 -3.449079999999999924e-01 -7.089999999999999948e-03
1.200000000000000000e+01 2.000000000000000000e+00 1.900000000000000000e+01 0.000000000000000000e+00 1.600000000000000089e+00 -3.589999999999999984e-04 1.909000000000000107e-03 -9.999980000000000535e-01 3.389179999999999970e-01 -9.408140000000000391e-01 -1.917000000000000084e-03 -9.408159999999999856e-01 -3.389179999999999970e-01 -3.089999999999999756e-04
5.000000000000000000e+00 3.000000000000000000e+00 1.900000000000000000e+01 0.000000000000000000e+00 1.600000000000000089e+00 -1.489000000000000089e-03 2.217500000000000027e-02 -9.997530000000000028e-01 3.357720000000000149e-01 -9.416999999999999815e-01 -2.138699999999999976e-02 -9.419419999999999460e-01 -3.357209999999999916e-01 -6.043999999999999893e-03
2.300000000000000000e+01 3.000000000000000000e+00 1.900000000000000000e+01 0.000000000000000000e+00 1.600000000000000089e+00 8.671999999999999154e-03 -4.694600000000000162e-02 -9.988599999999999701e-01 3.398140000000000049e-01 -9.393129999999999535e-01 4.709699999999999998e-02 -9.404529999999999834e-01 -3.398349999999999982e-01 7.806999999999999704e-03
6.000000000000000000e+00 4.000000000000000000e+00 2.000000000000000000e+01 0.000000000000000000e+00 1.600000000000000089e+00 -8.750000000000000182e-04 2.106200000000000086e-02 -9.997779999999999445e-01 3.868039999999999812e-01 -9.219500000000000473e-01 -1.976100000000000079e-02 -9.221620000000000372e-01 -3.867349999999999954e-01 -7.340000000000000170e-03
1.000000000000000000e+01 4.000000000000000000e+00 2.000000000000000000e+01 0.000000000000000000e+00 1.600000000000000089e+00 -1.820000000000000057e-04 1.016700000000000069e-02 -9.999479999999999480e-01 3.877280000000000171e-01 -9.217260000000000453e-01 -9.442000000000000740e-03 -9.217739999999999823e-01 -3.877090000000000258e-01 -3.774000000000000011e-03
2.100000000000000000e+01 4.000000000000000000e+00 2.000000000000000000e+01 0.000000000000000000e+00 1.600000000000000089e+00 3.850000000000000124e-03 -3.427899999999999697e-02 -9.994049999999999878e-01 3.813790000000000235e-01 -9.238239999999999785e-01 3.315599999999999797e-02 -9.244109999999999827e-01 -3.812800000000000078e-01 9.516999999999999418e-03
5.000000000000000000e+00 1.300000000000000000e+01 2.000000000000000000e+01 0.000000000000000000e+00 1.600000000000000089e+00 1.029999999999999964e-04 1.459000000000000010e-03 9.999989999999999712e-01 2.622050000000000214e-01 9.650109999999999522e-01 -1.435000000000000078e-03 -9.650119999999999809e-01 2.622050000000000214e-01 -2.829999999999999942e-04
1.200000000000000000e+01 1.300000000000000000e+01 2.000000000000000000e+01 0.000000000000000000e+00 1.600000000000000089e+00 -6.080000000000000335e-04 1.030000000000000100e-03 9.999989999999999712e-01 2.636970000000000147e-01 9.646050000000000457e-01 -8.329999999999999731e-04 -9.646059999999999635e-01 2.636959999999999860e-01 -8.580000000000000387e-04
1.800000000000000000e+01 1.300000000000000000e+01 2.000000000000000000e+01 0.000000000000000000e+00 1.600000000000000089e+00 -1.438000000000000042e-03 4.375999999999999682e-03 9.999890000000000168e-01 2.625399999999999956e-01 9.649130000000000207e-01 -3.844999999999999894e-03 -9.649199999999999999e-01 2.625310000000000143e-01 -2.536000000000000060e-03
2.300000000000000000e+01 1.300000000000000000e+01 2.000000000000000000e+01 0.000000000000000000e+00 1.600000000000000089e+00 8.620000000000000275e-04 -3.402000000000000076e-03 9.999940000000000495e-01 2.602459999999999773e-01 9.655380000000000074e-01 3.059999999999999786e-03 -9.655420000000000114e-01 2.602410000000000001e-01 1.717999999999999909e-03
2.600000000000000000e+01 1.300000000000000000e+01 2.000000000000000000e+01 0.000000000000000000e+00 1.600000000000000089e+00 1.132999999999999893e-03 -8.789999999999999203e-03 9.999609999999999888e-01 2.577969999999999984e-01 9.661640000000000228e-01 8.200999999999999956e-03 -9.661990000000000300e-01 2.577769999999999784e-01 3.360999999999999838e-03
1.500000000000000000e+01 1.600000000000000000e+01 2.100000000000000000e+01 0.000000000000000000e+00 1.600000000000000089e+00 -5.450000000000000200e-04 4.099000000000000213e-03 9.999909999999999632e-01 2.956559999999999744e-01 9.552869999999999973e-01 -3.755000000000000091e-03 -9.552939999999999765e-01 2.956509999999999971e-01 -1.732000000000000033e-03
2.900000000000000000e+01 1.600000000000000000e+01 2.100000000000000000e+01 0.000000000000000000e+00 1.600000000000000089e+00 8.909999999999999734e-04 -1.315700000000000029e-02 9.999130000000000518e-01 2.966289999999999760e-01 9.549140000000000406e-01 1.230099999999999943e-02 -9.549919999999999520e-01 2.965920000000000223e-01 4.753000000000000280e-03
1.000000000000000000e+00 3.800000000000000000e+01 2.200000000000000000e+01 0.000000000000000000e+00 1.600000000000000089e+00 1.759550000000000003e-01 -2.387739999999999863e-01 -9.550009999999999888e-01 8.086740000000000039e-01 -5.181329999999999547e-01 2.785409999999999831e-01 -5.613259999999999916e-01 -8.212949999999999973e-01 1.019219999999999987e-01
2.800000000000000000e+01 2.000000000000000000e+00 2.500000000000000000e+01 0.000000000000000000e+00 1.600000000000000089e+00 1.254199999999999933e-02 -4.341199999999999920e-02 9.989780000000000326e-01 8.012700000000000378e-02 -9.958010000000000472e-01 -4.427999999999999992e-02 9.967059999999999809e-01 8.060000000000000497e-02 -9.010999999999999913e-03
3.000000000000000000e+00 3.000000000000000000e+00 2.500000000000000000e+01 0.000000000000000000e+00 1.600000000000000089e+00 -5.564000000000000369e-03 2.195199999999999929e-02 9.997439999999999660e-01 1.575199999999999864e-02 -9.996329999999999938e-01 2.203700000000000103e-02 9.998599999999999710e-01 1.587099999999999969e-02 5.216000000000000150e-03
1.000000000000000000e+01 3.000000000000000000e+00 2.500000000000000000e+01 0.000000000000000000e+00 1.600000000000000089e+00 -3.599000000000000202e-03 6.331999999999999955e-03 9.999730000000000008e-01 2.033099999999999838e-02 -9.997730000000000228e-01 6.403999999999999970e-03 9.997869999999999813e-01 2.035299999999999956e-02 3.468999999999999861e-03
1.400000000000000000e+01 3.000000000000000000e+00 2.500000000000000000e+01 0.000000000000000000e+00 1.600000000000000089e+00 4.173999999999999759e-03 -5.331999999999999934e-03 9.999770000000000048e-01 3.289899999999999769e-02 -9.994439999999999991e-01 -5.466000000000000372e-03 9.994499999999999496e-01 3.292099999999999888e-02 -3.996000000000000420e-03
2.100000000000000000e+01 3.000000000000000000e+00 2.500000000000000000e+01 0.000000000000000000e+00 1.600000000000000089e+00 9.577000000000000443e-03 -2.094100000000000128e-02 9.997350000000000403e-01 1.686500000000000152e-02 -9.996350000000000513e-01 -2.110100000000000170e-02 9.998120000000000340e-01 1.706200000000000078e-02 -9.220000000000000764e-03
2.900000000000000000e+01 3.000000000000000000e+00 2.500000000000000000e+01 0.000000000000000000e+00 1.600000000000000089e+00 4.119000000000000265e-03 -3.730900000000000188e-02 9.992950000000000443e-01 -1.139699999999999915e-02 -9.992410000000000458e-01 -3.726000000000000145e-02 9.999270000000000103e-01 -1.123599999999999946e-02 -4.540999999999999898e-03
5.000000000000000000e+00 3.000000000000000000e+01 2.500000000000000000e+01 0.000000000000000000e+00 1.600000000000000089e+00 -2.166990000000000027e-01 -9.927000000000000060e-03 9.761879999999999447e-01 -9.755169999999999675e-01 -3.624200000000000338e-02 -2.169179999999999997e-01 3.753200000000000286e-02 -9.992940000000000156e-01 -1.830000000000000029e-03
1.400000000000000000e+01 2.900000000000000000e+01 2.600000000000000000e+01 0.000000000000000000e+00 1.600000000000000089e+00 5.354000000000000252e-03 3.861900000000000055e-02 -9.992400000000000171e-01 1.294909999999999950e-01 -9.908670000000000533e-01 -3.760100000000000248e-02 -9.915659999999999474e-01 -1.291920000000000013e-01 -1.030599999999999919e-02
3.000000000000000000e+00 5.800000000000000000e+01 3.100000000000000000e+01 0.000000000000000000e+00 1.600000000000000089e+00 -6.049999999999999606e-04 -1.304000000000000038e-03 9.999989999999999712e-01 -8.123430000000000373e-01 -5.831779999999999742e-01 -1.252000000000000075e-03 5.831790000000000029e-01 -8.123430000000000373e-01 -7.069999999999999462e-04
2.600000000000000000e+01 5.800000000000000000e+01 3.100000000000000000e+01 0.000000000000000000e+00 1.600000000000000089e+00 9.220000000000000764e-03 1.128499999999999989e-02 9.998939999999999495e-01 -8.095069999999999766e-01 -5.869419999999999638e-01 1.408900000000000083e-02 5.870389999999999775e-01 -8.095499999999999918e-01 3.723999999999999880e-03
1.200000000000000000e+01 3.200000000000000000e+01 3.300000000000000000e+01 0.000000000000000000e+00 1.600000000000000089e+00 8.078599999999999670e-02 -8.635800000000000420e-02 -9.929829999999999490e-01 1.396100000000000119e-01 -9.854380000000000361e-01 9.705999999999999350e-02 -9.869059999999999500e-01 -1.464709999999999901e-01 -6.755300000000000193e-02
2.000000000000000000e+00 4.600000000000000000e+01 3.500000000000000000e+01 0.000000000000000000e+00 1.600000000000000089e+00 4.730000000000000046e-04 -4.046000000000000117e-03 -9.999919999999999920e-01 3.914610000000000034e-01 -9.201859999999999484e-01 3.908000000000000015e-03 -9.201949999999999852e-01 -3.914599999999999747e-01 1.149000000000000065e-03
8.000000000000000000e+00 4.600000000000000000e+01 3.500000000000000000e+01 0.000000000000000000e+00 1.600000000000000089e+00 4.369999999999999970e-04 6.628499999999999670e-02 -9.978010000000000490e-01 3.951580000000000092e-01 -9.166039999999999743e-01 -6.071800000000000114e-02 -9.186130000000000129e-01 -3.942620000000000013e-01 -2.659299999999999858e-02
6.000000000000000000e+00 9.500000000000000000e+01 3.600000000000000000e+01 0.000000000000000000e+00 1.600000000000000089e+00 3.547999999999999939e-03 7.749999999999999944e-03 9.999639999999999640e-01 9.970809999999999951e-01 7.624499999999999333e-02 -4.128999999999999858e-03 -7.627499999999999558e-02 9.970590000000000286e-01 -7.457000000000000087e-03
2.300000000000000000e+01 4.600000000000000000e+01 4.100000000000000000e+01 0.000000000000000000e+00 1.600000000000000089e+00 -4.951809999999999823e-01 5.126999999999999613e-03 8.687749999999999639e-01 5.988299999999999734e-01 -7.224779999999999536e-01 3.455829999999999735e-01 6.294429999999999747e-01 6.913749999999999618e-01 3.546869999999999745e-01
5.000000000000000000e+00 3.000000000000000000e+00 4.300000000000000000e+01 0.000000000000000000e+00 1.600000000000000089e+00 -6.219999999999999835e-03 -7.696999999999999849e-03 -9.999510000000000343e-01 7.348770000000000024e-01 -6.782000000000000250e-01 6.489999999999999459e-04 -6.781719999999999970e-01 -7.348369999999999624e-01 9.875000000000000097e-03
1.400000000000000000e+01 3.000000000000000000e+00 4.300000000000000000e+01 0.000000000000000000e+00 1.600000000000000089e+00 -1.461999999999999975e-03 -3.079000000000000140e-03 -9.999940000000000495e-01 7.318729999999999958e-01 -6.814400000000000457e-01 1.028000000000000051e-03 -6.814390000000000169e-01 -7.318670000000000453e-01 3.249000000000000152e-03
1.800000000000000000e+01 3.000000000000000000e+00 4.300000000000000000e+01 0.000000000000000000e+00 1.600000000000000089e+00 -3.808999999999999886e-03 1.180000000000000059e-03 -9.999919999999999920e-01 7.299069999999999725e-01 -6.835369999999999502e-01 -3.586999999999999911e-03 -6.835360000000000325e-01 -7.299149999999999805e-01 1.742000000000000059e-03
2.700000000000000000e+01 8.000000000000000000e+00 4.400000000000000000e+01 0.000000000000000000e+00 1.600000000000000089e+00 -1.600999999999999993e-03 -1.965000000000000167e-03 9.999970000000000248e-01 -7.892209999999999503e-01 -6.141050000000000120e-01 -2.469999999999999973e-03 6.141079999999999872e-01 -7.892219999999999791e-01 -5.680000000000000370e-04
3.000000000000000000e+00 2.900000000000000000e+01 4.400000000000000000e+01 0.000000000000000000e+00 1.600000000000000089e+00 1.846999999999999901e-03 4.202000000000000006e-03 -9.999890000000000168e-01 6.456619999999999582e-01 7.636110000000000397e-01 4.401999999999999663e-03 7.636209999999999942e-01 -6.456629999999999869e-01 -1.302999999999999905e-03
7.000000000000000000e+00 2.900000000000000000e+01 4.400000000000000000e+01 0.000000000000000000e+00 1.600000000000000089e+00 -4.860999999999999870e-03 6.930000000000000396e-04 -9.999879999999999880e-01 6.381930000000000103e-01 7.698720000000000008e-01 -2.569000000000000103e-03 7.698610000000000175e-01 -6.381980000000000430e-01 -4.185000000000000352e-03
1.700000000000000000e+01 3.500000000000000000e+01 4.400000000000000000e+01 0.000000000000000000e+00 1.600000000000000089e+00 -2.907500000000000084e-01 -5.625160000000000160e-01 -7.739770000000000261e-01 -8.943699999999999983e-01 4.471930000000000072e-01 1.096300000000000052e-02 3.399499999999999744e-01 6.954099999999999726e-01 -6.331189999999999873e-01
3.000000000000000000e+01 6.500000000000000000e+01 4.600000000000000000e+01 0.000000000000000000e+00 1.600000000000000089e+00 6.859999999999999779e-04 1.719000000000000042e-03 9.999980000000000535e-01 6.833000000000000185e-01 -7.301370000000000360e-01 7.860000000000000233e-04 7.301370000000000360e-01 6.832989999999999897e-01 -1.675000000000000057e-03
2.000000000000000000e+00 5.000000000000000000e+00 5.100000000000000000e+01 0.000000000000000000e+00 1.600000000000000089e+00 3.387999999999999953e-03 4.734999999999999626e-03 -9.999829999999999552e-01 4.838199999999999723e-01 -8.751640000000000530e-01 -2.504999999999999848e-03 -8.751609999999999667e-01 -4.838029999999999831e-01 -5.256000000000000255e-03
3.000000000000000000e+00 6.000000000000000000e+00 5.100000000000000000e+01 0.000000000000000000e+00 1.600000000000000089e+00 4.491000000000000200e-03 4.991999999999999910e-03 -9.999770000000000048e-01 3.147690000000000210e-01 -9.491629999999999789e-01 -3.324000000000000132e-03 -9.491579999999999462e-01 -3.147469999999999990e-01 -5.833999999999999776e-03
2.600000000000000000e+01 3.700000000000000000e+01 5.100000000000000000e+01 0.000000000000000000e+00 1.600000000000000089e+00 -4.117609999999999881e-01 -3.675209999999999866e-01 8.338950000000000529e-01 8.922299999999999676e-01 -3.487729999999999997e-01 2.868510000000000226e-01 1.854169999999999985e-01 8.621400000000000174e-01 4.715239999999999987e-01
2.000000000000000000e+00 1.150000000000000000e+02 5.100000000000000000e+01 0.000000000000000000e+00 1.600000000000000089e+00 1.672000000000000092e-03 3.660000000000000059e-04 9.999989999999999712e-01 8.477799999999999780e-01 -5.303470000000000129e-01 -1.224000000000000045e-03 5.303449999999999553e-01 8.477810000000000068e-01 -1.196999999999999930e-03
6.000000000000000000e+00 7.000000000000000000e+00 5.200000000000000000e+01 0.000000000000000000e+00 1.600000000000000089e+00 5.601000000000000076e-03 -1.943999999999999981e-03 -9.999820000000000375e-01 9.596300000000000663e-02 -9.953819999999999890e-01 2.471999999999999805e-03 -9.953689999999999483e-01 -9.597500000000000475e-02 -5.388000000000000428e-03
8.000000000000000000e+00 6.300000000000000000e+01 5.400000000000000000e+01 0.000000000000000000e+00 1.600000000000000089e+00 -4.020000000000000136e-04 2.628999999999999827e-03 9.999959999999999960e-01 -3.461980000000000057e-01 9.381580000000000474e-01 -2.605999999999999810e-03 -9.381610000000000227e-01 -3.461980000000000057e-01 5.330000000000000536e-04
1.000000000000000000e+01 6.300000000000000000e+01 5.400000000000000000e+01 0.000000000000000000e+00 1.600000000000000089e+00 7.169999999999999724e-04 3.965999999999999907e-03 9.999919999999999920e-01 -3.493649999999999811e-01 9.369800000000000351e-01 -3.465000000000000198e-03 -9.369870000000000143e-01 -3.493600000000000039e-01 2.056999999999999801e-03
2.300000000000000000e+01 6.300000000000000000e+01 5.400000000000000000e+01 0.000000000000000000e+00 1.600000000000000089e+00 2.269999999999999882e-04 -2.674999999999999861e-03 9.999959999999999960e-01 -3.587250000000000161e-01 9.334400000000000475e-01 2.577999999999999996e-03 -9.334430000000000227e-01 -3.587239999999999873e-01 -7.470000000000000511e-04
2.900000000000000000e+01 6.300000000000000000e+01 5.400000000000000000e+01 0.000000000000000000e+00 1.600000000000000089e+00 1.716999999999999993e-03 9.300000000000000541e-04 9.999980000000000535e-01 -3.630209999999999826e-01 9.317809999999999704e-01 -2.429999999999999977e-04 -9.317800000000000527e-01 -3.630189999999999806e-01 1.936999999999999920e-03
3.000000000000000000e+00 2.500000000000000000e+01 5.500000000000000000e+01 0.000000000000000000e+00 1.600000000000000089e+00 -6.700000000000000226e-04 3.363999999999999803e-03 -9.999940000000000495e-01 -1.130699999999999934e-02 -9.999299999999999855e-01 -3.356000000000000042e-03 -9.999360000000000470e-01 1.130500000000000081e-02 7.079999999999999705e-04
2.000000000000000000e+01 2.500000000000000000e+01 5.500000000000000000e+01 0.000000000000000000e+00 1.600000000000000089e+00 7.979999999999999897e-04 1.570999999999999914e-03 -9.999980000000000535e-01 -1.069100000000000085e-02 -9.999419999999999975e-01 -1.580000000000000024e-03 -9.999430000000000263e-01 1.069200000000000012e-02 -7.810000000000000102e-04
2.500000000000000000e+01 2.000000000000000000e+01 6.000000000000000000e+01 0.000000000000000000e+00 1.600000000000000089e+00 1.415999999999999941e-03 -1.722000000000000006e-03 9.999970000000000248e-01 -6.027699999999999725e-02 9.981799999999999562e-01 1.804000000000000048e-03 -9.981809999999999850e-01 -6.028000000000000025e-02 1.309000000000000051e-03
3.000000000000000000e+00 2.100000000000000000e+01 6.000000000000000000e+01 0.000000000000000000e+00 1.600000000000000089e+00 2.537999999999999892e-03 -8.193000000000000629e-03 9.999630000000000463e-01 -9.885399999999999743e-02 9.950660000000000061e-01 8.404000000000000012e-03 -9.950989999999999558e-01 -9.887200000000000155e-02 1.714999999999999945e-03
9.000000000000000000e+00 2.100000000000000000e+01 6.000000000000000000e+01 0.000000000000000000e+00 1.600000000000000089e+00 -8.109999999999999805e-04 5.784000000000000079e-03 9.999829999999999552e-01 -9.819999999999999563e-02 9.951499999999999790e-01 -5.836000000000000042e-03 -9.951659999999999950e-01 -9.820399999999999963e-02 -2.390000000000000089e-04
1.600000000000000000e+01 2.100000000000000000e+01 6.000000000000000000e+01 0.000000000000000000e+00 1.600000000000000089e+00 -5.789999999999999791e-04 -6.638999999999999936e-03 9.999780000000000335e-01 -9.601600000000000412e-02 9.953579999999999650e-01 6.552999999999999797e-03 -9.953800000000000425e-01 -9.600999999999999812e-02 -1.214000000000000018e-03
2.100000000000000000e+01 2.100000000000000000e+01 6.000000000000000000e+01 0.000000000000000000e+00 1.600000000000000089e+00 7.799999999999999859e-04 -6.604999999999999760e-03 9.999780000000000335e-01 -9.288499999999999535e-02 9.956549999999999567e-01 6.649000000000000396e-03 -9.956770000000000342e-01 -9.288799999999999835e-02 1.640000000000000019e-04
2.900000000000000000e+01 2.100000000000000000e+01 6.000000000000000000e+01 0.000000000000000000e+00 1.600000000000000089e+00 -2.469999999999999865e-04 -4.530000000000000064e-04 1.000000000000000000e+00 -9.659199999999999731e-02 9.953239999999999865e-01 4.270000000000000249e-04 -9.953239999999999865e-01 -9.659199999999999731e-02 -2.900000000000000017e-04
8.000000000000000000e+00 6.700000000000000000e+01 6.000000000000000000e+01 0.000000000000000000e+00 1.600000000000000089e+00 2.735000000000000018e-03 5.072000000000000119e-03 9.999829999999999552e-01 1.795559999999999934e-01 -9.837380000000000013e-01 4.498000000000000262e-03 9.837439999999999518e-01 1.795400000000000051e-01 -3.601000000000000034e-03
2.000000000000000000e+00 2.700000000000000000e+01 6.300000000000000000e+01 0.000000000000000000e+00 1.600000000000000089e+00 -6.989999999999999686e-04 -8.902000000000000191e-03 9.999599999999999600e-01 -2.685310000000000197e-01 9.632349999999999524e-01 8.387000000000000358e-03 -9.632709999999999884e-01 -2.685139999999999749e-01 -3.063999999999999883e-03
1.500000000000000000e+01 2.700000000000000000e+01 6.300000000000000000e+01 0.000000000000000000e+00 1.600000000000000089e+00 2.011000000000000201e-03 -6.819999999999999674e-03 9.999749999999999472e-01 -2.749199999999999977e-01 9.614409999999999901e-01 7.110000000000000001e-03 -9.614650000000000141e-01 -2.749280000000000057e-01 5.899999999999999754e-05
1.900000000000000000e+01 2.700000000000000000e+01 6.300000000000000000e+01 0.000000000000000000e+00 1.600000000000000089e+00 2.028999999999999988e-03 -1.397000000000000021e-03 9.999970000000000248e-01 -2.749110000000000165e-01 9.614679999999999893e-01 1.900999999999999912e-03 -9.614679999999999893e-01 -2.749139999999999917e-01 1.567000000000000033e-03
2.200000000000000000e+01 2.700000000000000000e+01 6.300000000000000000e+01 0.000000000000000000e+00 1.600000000000000089e+00 4.879999999999999898e-04 -7.144000000000000176e-03 9.999740000000000295e-01 -2.758959999999999746e-01 9.611619999999999608e-01 7.002000000000000411e-03 -9.611870000000000136e-01 -2.758920000000000261e-01 -1.502000000000000080e-03
2.700000000000000000e+01 2.700000000000000000e+01 6.300000000000000000e+01 0.000000000000000000e+00 1.600000000000000089e+00 -2.322999999999999978e-03 -8.774000000000000549e-03 9.999590000000000423e-01 -2.765779999999999905e-01 9.609600000000000364e-01 7.790000000000000049e-03 -9.609889999999999821e-01 -2.765489999999999893e-01 -4.658999999999999947e-03
5.000000000000000000e+00 2.600000000000000000e+01 6.400000000000000000e+01 0.000000000000000000e+00 1.600000000000000089e+00 -3.130000000000000187e-04 -5.172000000000000382e-03 9.999869999999999592e-01 -3.643489999999999784e-01 9.312510000000000510e-01 4.702999999999999715e-03 -9.312620000000000342e-01 -3.643429999999999724e-01 -2.175999999999999983e-03
1.600000000000000000e+01 2.600000000000000000e+01 6.400000000000000000e+01 0.000000000000000000e+00 1.600000000000000089e+00 2.851999999999999934e-03 -4.468999999999999882e-03 9.999860000000000415e-01 -3.677349999999999786e-01 9.299159999999999648e-01 5.204000000000000292e-03 -9.299260000000000304e-01 -3.677449999999999886e-01 1.008999999999999914e-03
2.200000000000000000e+01 2.600000000000000000e+01 6.400000000000000000e+01 0.000000000000000000e+00 1.600000000000000089e+00 1.889000000000000054e-03 -7.343999999999999834e-03 9.999710000000000543e-01 -3.653310000000000168e-01 9.308469999999999800e-01 7.525999999999999704e-03 -9.308760000000000367e-01 -3.653350000000000208e-01 -9.250000000000000409e-04
2.700000000000000000e+01 2.600000000000000000e+01 6.400000000000000000e+01 0.000000000000000000e+00 1.600000000000000089e+00 -1.564000000000000069e-03 -1.034000000000000023e-02 9.999449999999999728e-01 -3.673089999999999966e-01 9.300549999999999651e-01 9.043000000000000690e-03 -9.300979999999999803e-01 -3.672750000000000181e-01 -5.252999999999999857e-03
6.000000000000000000e+00 2.500000000000000000e+01 7.300000000000000000e+01 0.000000000000000000e+00 1.600000000000000089e+00 -2.492999999999999990e-03 -1.938999999999999968e-03 9.999949999999999672e-01 7.575549999999999784e-01 -6.527709999999999901e-01 6.229999999999999644e-04 6.527659999999999574e-01 7.575530000000000319e-01 3.095999999999999794e-03
1.400000000000000000e+01 2.500000000000000000e+01 7.300000000000000000e+01 0.000000000000000000e+00 1.600000000000000089e+00 1.899999999999999996e-03 3.200999999999999852e-03 9.999930000000000208e-01 7.598179999999999934e-01 -6.501360000000000472e-01 6.380000000000000037e-04 6.501329999999999609e-01 7.598110000000000142e-01 -3.667000000000000121e-03
1.700000000000000000e+01 2.500000000000000000e+01 7.300000000000000000e+01 0.000000000000000000e+00 1.600000000000000089e+00 2.701999999999999975e-03 -4.539999999999999765e-04 9.999959999999999960e-01 7.629489999999999883e-01 -6.464539999999999731e-01 -2.354999999999999889e-03 6.464530000000000554e-01 7.629529999999999923e-01 -1.399999999999999986e-03
2.300000000000000000e+01 2.500000000000000000e+01 7.300000000000000000e+01 0.000000000000000000e+00 1.600000000000000089e+00 -3.537999999999999912e-03 -1.354400000000000048e-02 9.999019999999999575e-01 7.526659999999999462e-01 -6.583729999999999860e-01 -6.255000000000000143e-03 6.583940000000000348e-01 7.525699999999999612e-01 1.252299999999999941e-02
4.000000000000000000e+00 4.400000000000000000e+01 7.300000000000000000e+01 0.000000000000000000e+00 1.600000000000000089e+00 2.416999999999999878e-03 2.550999999999999882e-03 9.999940000000000495e-01 5.651799999999999879e-02 -9.983990000000000364e-01 2.410999999999999949e-03 9.983990000000000364e-01 5.651199999999999973e-02 -2.557999999999999944e-03
7.000000000000000000e+00 4.400000000000000000e+01 7.300000000000000000e+01 0.000000000000000000e+00 1.600000000000000089e+00 1.853999999999999962e-03 2.155999999999999930e-03 9.999959999999999960e-01 5.663399999999999684e-02 -9.983929999999999749e-01 2.047999999999999907e-03 9.983929999999999749e-01 5.662999999999999978e-02 -1.972999999999999927e-03
1.700000000000000000e+01 4.400000000000000000e+01 7.300000000000000000e+01 0.000000000000000000e+00 1.600000000000000089e+00 -9.610000000000000486e-04 -2.909999999999999826e-03 9.999949999999999672e-01 5.377400000000000235e-02 -9.985490000000000199e-01 -2.854000000000000200e-03 9.985530000000000239e-01 5.377099999999999935e-02 1.116000000000000021e-03
2.400000000000000000e+01 4.400000000000000000e+01 7.300000000000000000e+01 0.000000000000000000e+00 1.600000000000000089e+00 3.229999999999999907e-04 8.859999999999999603e-04 1.000000000000000000e+00 5.489000000000000129e-02 -9.984920000000000462e-01 8.670000000000000406e-04 9.984920000000000462e-01 5.489000000000000129e-02 -3.710000000000000190e-04
9.000000000000000000e+00 5.100000000000000000e+01 7.600000000000000000e+01 0.000000000000000000e+00 1.600000000000000089e+00 1.873000000000000099e-03 4.508999999999999987e-03 -9.999879999999999880e-01 -4.053490000000000149e-01 -9.141489999999999894e-01 -4.880999999999999922e-03 -9.141599999999999726e-01 4.053530000000000189e-01 1.160000000000000007e-04
1.800000000000000000e+01 5.100000000000000000e+01 7.600000000000000000e+01 0.000000000000000000e+00 1.600000000000000089e+00 1.075000000000000001e-03 -1.278999999999999972e-03 -9.999989999999999712e-01 -4.003950000000000009e-01 -9.163419999999999899e-01 7.420000000000000380e-04 -9.163419999999999899e-01 4.003929999999999989e-01 -1.497000000000000067e-03
1.000000000000000000e+00 9.100000000000000000e+01 7.600000000000000000e+01 0.000000000000000000e+00 1.600000000000000089e+00 -2.229999999999999994e-04 6.859999999999999779e-04 1.000000000000000000e+00 2.939140000000000086e-01 -9.558320000000000149e-01 7.209999999999999612e-04 9.558320000000000149e-01 2.939140000000000086e-01 1.099999999999999971e-05
7.000000000000000000e+00 9.100000000000000000e+01 7.600000000000000000e+01 0.000000000000000000e+00 1.600000000000000089e+00 2.210000000000000050e-04 3.530000000000000152e-04 1.000000000000000000e+00 2.881850000000000245e-01 -9.575749999999999540e-01 2.739999999999999923e-04 9.575749999999999540e-01 2.881850000000000245e-01 -3.139999999999999888e-04
1.300000000000000000e+01 9.100000000000000000e+01 7.600000000000000000e+01 0.000000000000000000e+00 1.600000000000000089e+00 6.279999999999999775e-04 7.230000000000000098e-04 1.000000000000000000e+00 2.752550000000000274e-01 -9.613709999999999756e-01 5.220000000000000031e-04 9.613709999999999756e-01 2.752539999999999987e-01 -8.030000000000000028e-04
1.800000000000000000e+01 9.100000000000000000e+01 7.600000000000000000e+01 0.000000000000000000e+00 1.600000000000000089e+00 -2.305000000000000191e-03 2.900000000000000017e-05 9.999970000000000248e-01 2.951329999999999787e-01 -9.554559999999999720e-01 7.079999999999999705e-04 9.554529999999999967e-01 2.951340000000000074e-01 2.194000000000000204e-03
2.300000000000000000e+01 9.100000000000000000e+01 7.600000000000000000e+01 0.000000000000000000e+00 1.600000000000000089e+00 3.029999999999999924e-04 -8.959999999999999866e-04 1.000000000000000000e+00 2.907899999999999929e-01 -9.567860000000000253e-01 -9.449999999999999850e-04 9.567870000000000541e-01 2.907899999999999929e-01 -3.000000000000000076e-05
1.300000000000000000e+01 1.010000000000000000e+02 7.900000000000000000e+01 0.000000000000000000e+00 1.600000000000000089e+00 -8.159999999999999936e-04 -2.014000000000000165e-03 -9.999980000000000535e-01 -8.013109999999999955e-01 5.982469999999999732e-01 -5.509999999999999490e-04 5.982469999999999732e-01 8.013090000000000490e-01 -2.102000000000000136e-03
