5.000000000000000000e+00 2.500000000000000000e+01 1.000000000000000000e+00 0.000000000000000000e+00 1.600000000000000089e+00 2.413000000000000214e-03 6.252999999999999878e-03 -9.999780000000000335e-01 -5.299490000000000034e-01 -8.480039999999999800e-01 -6.581000000000000044e-03 -8.480259999999999465e-01 5.299530000000000074e-01 1.266999999999999897e-03
1.200000000000000000e+01 2.500000000000000000e+01 1.000000000000000000e+00 0.000000000000000000e+00 1.600000000000000089e+00 2.694999999999999913e-03 -6.741999999999999729e-03 -9.999740000000000295e-01 -5.352329999999999588e-01 -8.446939999999999449e-01 4.251999999999999703e-03 -8.447000000000000064e-01 5.352069999999999883e-01 -5.884999999999999606e-03
1.600000000000000000e+01 2.500000000000000000e+01 1.000000000000000000e+00 0.000000000000000000e+00 1.600000000000000089e+00 2.948999999999999799e-03 -1.804999999999999964e-03 -9.999940000000000495e-01 -5.371569999999999956e-01 -8.434819999999999540e-01 -6.099999999999999872e-05 -8.434770000000000323e-01 5.371540000000000203e-01 -3.457000000000000003e-03
3.000000000000000000e+00 1.500000000000000000e+01 4.000000000000000000e+00 0.000000000000000000e+00 1.600000000000000089e+00 1.753999999999999917e-03 -1.984999999999999785e-03 9.999970000000000248e-01 3.034310000000000063e-01 -9.528499999999999748e-01 -2.423999999999999939e-03 9.528520000000000323e-01 3.034339999999999815e-01 -1.069000000000000072e-03
1.800000000000000000e+01 1.500000000000000000e+01 4.000000000000000000e+00 0.000000000000000000e+00 1.600000000000000089e+00 -1.090000000000000067e-04 1.474899999999999996e-02 9.998909999999999743e-01 2.921940000000000093e-01 -9.562549999999999661e-01 1.413700000000000026e-02 9.563589999999999591e-01 2.921630000000000060e-01 -4.205000000000000404e-03
2.100000000000000000e+01 1.500000000000000000e+01 4.000000000000000000e+00 0.000000000000000000e+00 1.600000000000000089e+00 -1.582999999999999989e-03 1.398100000000000037e-02 9.999010000000000398e-01 2.933749999999999969e-01 -9.558980000000000254e-01 1.383000000000000028e-02 9.559959999999999569e-01 2.933669999999999889e-01 -2.588000000000000023e-03
4.000000000000000000e+00 1.010000000000000000e+02 7.000000000000000000e+00 0.000000000000000000e+00 1.600000000000000089e+00 -7.569999999999999689e-04 -7.860000000000000667e-03 9.999689999999999968e-01 8.873820000000000041e-01 4.610150000000000081e-01 4.296000000000000339e-03 -4.610349999999999726e-01 8.873569999999999514e-01 6.625999999999999945e-03
8.000000000000000000e+00 1.010000000000000000e+02 7.000000000000000000e+00 0.000000000000000000e+00 1.600000000000000089e+00 -2.634000000000000057e-03 -2.054999999999999969e-03 9.999940000000000495e-01 8.888369999999999882e-01 4.582120000000000082e-01 3.282999999999999894e-03 -4.582169999999999854e-01 8.888399999999999634e-01 6.199999999999999999e-04
1.900000000000000000e+01 1.010000000000000000e+02 7.000000000000000000e+00 0.000000000000000000e+00 1.600000000000000089e+00 8.850000000000000444e-04 2.406999999999999851e-03 9.999970000000000248e-01 8.834950000000000303e-01 4.684360000000000190e-01 -1.910000000000000022e-03 -4.684389999999999943e-01 8.834940000000000015e-01 -1.711999999999999980e-03
2.500000000000000000e+01 1.010000000000000000e+02 7.000000000000000000e+00 0.000000000000000000e+00 1.600000000000000089e+00 -1.463000000000000108e-03 -2.360999999999999818e-03 9.999959999999999960e-01 8.832449999999999468e-01 4.689070000000000182e-01 2.399000000000000091e-03 -4.689099999999999935e-01 8.832449999999999468e-01 1.399000000000000070e-03
1.900000000000000000e+01 1.500000000000000000e+01 8.000000000000000000e+00 0.000000000000000000e+00 1.600000000000000089e+00 4.640000000000000027e-03 1.342499999999999943e-02 -9.998989999999999823e-01 -5.906029999999999891e-01 -8.068480000000000096e-01 -1.357399999999999926e-02 -8.069490000000000274e-01 5.906059999999999643e-01 4.185000000000000352e-03
2.200000000000000000e+01 1.500000000000000000e+01 8.000000000000000000e+00 0.000000000000000000e+00 1.600000000000000089e+00 4.126999999999999592e-03 9.509000000000000091e-03 -9.999460000000000015e-01 -5.885789999999999633e-01 -8.083770000000000122e-01 -1.011599999999999999e-02 -8.084289999999999532e-01 5.885890000000000288e-01 2.260999999999999989e-03
2.800000000000000000e+01 1.500000000000000000e+01 8.000000000000000000e+00 0.000000000000000000e+00 1.600000000000000089e+00 2.683000000000000055e-03 -5.886999999999999872e-03 -9.999789999999999512e-01 -5.881359999999999921e-01 -8.087560000000000304e-01 3.183000000000000065e-03 -8.087579999999999769e-01 5.881150000000000544e-01 -5.631999999999999854e-03
7.000000000000000000e+00 2.400000000000000000e+01 9.000000000000000000e+00 0.000000000000000000e+00 1.600000000000000089e+00 -2.239000000000000105e-03 -9.568999999999999381e-03 -9.999519999999999520e-01 4.556029999999999802e-01 8.901320000000000343e-01 -9.537999999999999604e-03 8.901799999999999713e-01 -4.556029999999999802e-01 2.366000000000000048e-03
1.600000000000000000e+01 2.400000000000000000e+01 9.000000000000000000e+00 0.000000000000000000e+00 1.600000000000000089e+00 -3.657000000000000094e-03 -7.068999999999999763e-03 -9.999679999999999680e-01 4.598539999999999850e-01 8.879590000000000538e-01 -7.959000000000000796e-03 8.879869999999999708e-01 -4.598690000000000278e-01 3.999999999999999819e-06
2.600000000000000000e+01 2.400000000000000000e+01 9.000000000000000000e+00 0.000000000000000000e+00 1.600000000000000089e+00 -1.461000000000000059e-03 1.737000000000000046e-03 -9.999970000000000248e-01 4.596810000000000063e-01 8.880839999999999845e-01 8.710000000000000294e-04 8.880829999999999558e-01 -4.596779999999999755e-01 -2.096000000000000207e-03
2.900000000000000000e+01 2.400000000000000000e+01 9.000000000000000000e+00 0.000000000000000000e+00 1.600000000000000089e+00 -1.005000000000000034e-03 1.160000000000000007e-03 -9.999989999999999712e-01 4.600389999999999757e-01 8.878979999999999650e-01 5.670000000000000127e-04 8.878979999999999650e-01 -4.600380000000000025e-01 -1.425999999999999967e-03
1.500000000000000000e+01 1.040000000000000000e+02 1.100000000000000000e+01 0.000000000000000000e+00 1.600000000000000089e+00 2.194000000000000204e-03 -1.079100000000000024e-02 9.999390000000000223e-01 -9.746979999999999533e-01 -2.235240000000000005e-01 -2.739999999999999923e-04 2.235139999999999905e-01 -9.746390000000000331e-01 -1.100800000000000042e-02
8.000000000000000000e+00 3.100000000000000000e+01 1.200000000000000000e+01 0.000000000000000000e+00 1.600000000000000089e+00 1.090999999999999956e-03 -4.166000000000000432e-03 9.999909999999999632e-01 4.676999999999999734e-03 9.999799999999999800e-01 4.160999999999999768e-03 -9.999879999999999880e-01 4.673000000000000070e-03 1.111000000000000008e-03
1.400000000000000000e+01 3.100000000000000000e+01 1.200000000000000000e+01 0.000000000000000000e+00 1.600000000000000089e+00 -5.479999999999999845e-04 -6.131000000000000165e-03 9.999810000000000088e-01 2.284000000000000006e-03 9.999789999999999512e-01 6.132000000000000298e-03 -9.999970000000000248e-01 2.286999999999999970e-03 -5.339999999999999695e-04
2.400000000000000000e+01 3.200000000000000000e+01 1.400000000000000000e+01 0.000000000000000000e+00 1.600000000000000089e+00 1.446999999999999936e-03 7.209999999999999612e-04 -9.999989999999999712e-01 1.125089999999999979e-01 9.936500000000000332e-01 8.800000000000000313e-04 9.936500000000000332e-01 -1.125099999999999989e-01 1.356999999999999916e-03
1.000000000000000000e+00 1.200000000000000000e+01 1.500000000000000000e+01 0.000000000000000000e+00 1.600000000000000089e+00 -2.739999999999999923e-04 3.033000000000000106e-03 -9.999949999999999672e-01 -4.680489999999999928e-01 -8.836990000000000123e-01 -2.552000000000000015e-03 -8.837019999999999875e-01 4.680469999999999908e-01 1.662000000000000066e-03
1.100000000000000000e+01 1.200000000000000000e+01 1.500000000000000000e+01 0.000000000000000000e+00 1.600000000000000089e+00 3.530000000000000152e-04 4.699999999999999859e-04 -1.000000000000000000e+00 -4.676660000000000261e-01 -8.839050000000000518e-01 -5.810000000000000277e-04 -8.839050000000000518e-01 4.676660000000000261e-01 -9.299999999999999727e-05
2.000000000000000000e+01 1.200000000000000000e+01 1.500000000000000000e+01 0.000000000000000000e+00 1.600000000000000089e+00 1.918000000000000000e-03 2.285999999999999838e-03 -9.999959999999999960e-01 -4.675079999999999791e-01 -8.839839999999999920e-01 -2.918000000000000021e-03 -8.839869999999999672e-01 4.675119999999999831e-01 -6.260000000000000373e-04
2.800000000000000000e+01 1.200000000000000000e+01 1.500000000000000000e+01 0.000000000000000000e+00 1.600000000000000089e+00 6.840000000000000377e-04 -1.778000000000000067e-03 -9.999980000000000535e-01 -4.679989999999999983e-01 -8.837279999999999580e-01 1.250999999999999942e-03 -8.837289999999999868e-01 4.679980000000000251e-01 -1.435999999999999993e-03
4.000000000000000000e+00 1.100000000000000000e+01 1.600000000000000000e+01 0.000000000000000000e+00 1.600000000000000089e+00 -9.290000000000000297e-04 4.061999999999999639e-03 -9.999909999999999632e-01 -4.172580000000000178e-01 -9.087819999999999787e-01 -3.304000000000000079e-03 -9.087880000000000402e-01 4.172509999999999830e-01 2.539000000000000024e-03
2.800000000000000000e+01 1.100000000000000000e+01 1.600000000000000000e+01 0.000000000000000000e+00 1.600000000000000089e+00 2.460000000000000164e-04 -6.380000000000000037e-04 -1.000000000000000000e+00 -4.200499999999999790e-01 -9.075010000000000021e-01 4.749999999999999990e-04 -9.075010000000000021e-01 4.200499999999999790e-01 -4.910000000000000085e-04
2.000000000000000000e+00 1.160000000000000000e+02 1.600000000000000000e+01 0.000000000000000000e+00 1.600000000000000089e+00 -2.149999999999999947e-04 2.841999999999999908e-03 9.999959999999999960e-01 7.013890000000000402e-01 7.127769999999999939e-01 -1.874999999999999931e-03 -7.127790000000000514e-01 7.013850000000000362e-01 -2.147000000000000037e-03
1.500000000000000000e+01 1.160000000000000000e+02 1.600000000000000000e+01 0.000000000000000000e+00 1.600000000000000089e+00 -1.667999999999999995e-03 -1.098999999999999934e-03 9.999980000000000535e-01 7.044719999999999871e-01 7.097290000000000543e-01 1.955000000000000140e-03 -7.097290000000000543e-01 7.044740000000000446e-01 -4.099999999999999912e-04
2.000000000000000000e+01 1.160000000000000000e+02 1.600000000000000000e+01 0.000000000000000000e+00 1.600000000000000089e+00 4.760000000000000234e-04 -2.229999999999999994e-04 1.000000000000000000e+00 7.087689999999999824e-01 7.054409999999999847e-01 -1.800000000000000113e-04 -7.054399999999999560e-01 7.087689999999999824e-01 4.939999999999999730e-04
2.500000000000000000e+01 1.160000000000000000e+02 1.600000000000000000e+01 0.000000000000000000e+00 1.600000000000000089e+00 1.860000000000000108e-03 7.550000000000000287e-04 9.999980000000000535e-01 7.047889999999999988e-01 7.094150000000000178e-01 -1.845999999999999985e-03 -7.094150000000000178e-01 7.047909999999999453e-01 7.870000000000000476e-04
2.900000000000000000e+01 1.160000000000000000e+02 1.600000000000000000e+01 0.000000000000000000e+00 1.600000000000000089e+00 -6.520000000000000188e-04 -8.199999999999999824e-04 9.999989999999999712e-01 7.112220000000000208e-01 7.029670000000000085e-01 1.039999999999999909e-03 -7.029680000000000373e-01 7.112220000000000208e-01 1.250000000000000026e-04
6.000000000000000000e+00 2.000000000000000000e+00 1.900000000000000000e+01 0.000000000000000000e+00 1.600000000000000089e+00 5.410000000000000312e-04 -8.191000000000000364e-03 -9.999660000000000215e-01 1.786699999999999955e-01 -9.838750000000000551e-01 8.156000000000000055e-03 -9.839090000000000336e-01 -1.786689999999999945e-01 9.309999999999999699e-04
2.300000000000000000e+01 2.000000000000000000e+00 1.900000000000000000e+01 0.000000000000000000e+00 1.600000000000000089e+00 7.029999999999999574e-04 -4.976999999999999653e-03 -9.999869999999999592e-01 1.841160000000000019e-01 -9.828919999999999879e-01 5.022000000000000422e-03 -9.829039999999999999e-01 -1.841170000000000029e-01 2.249999999999999938e-04
2.700000000000000000e+01 2.000000000000000000e+00 1.900000000000000000e+01 0.000000000000000000e+00 1.600000000000000089e+00 -1.270000000000000078e-03 3.985999999999999960e-03 -9.999909999999999632e-01 1.796560000000000101e-01 -9.837209999999999566e-01 -4.150000000000000043e-03 -9.837289999999999646e-01 -1.796590000000000131e-01 5.330000000000000536e-04
1.000000000000000000e+00 4.000000000000000000e+00 2.000000000000000000e+01 0.000000000000000000e+00 1.600000000000000089e+00 -4.878999999999999657e-03 -8.829999999999999308e-03 -9.999489999999999768e-01 2.755569999999999964e-01 -9.612579999999999458e-01 7.144000000000000176e-03 -9.612720000000000153e-01 -2.755079999999999751e-01 7.122999999999999991e-03
5.000000000000000000e+00 4.000000000000000000e+00 2.000000000000000000e+01 0.000000000000000000e+00 1.600000000000000089e+00 -1.655000000000000004e-03 -1.099999999999999936e-02 -9.999379999999999935e-01 2.795509999999999939e-01 -9.600779999999999870e-01 1.009900000000000034e-02 -9.601290000000000102e-01 -2.795170000000000154e-01 4.663999999999999743e-03
2.600000000000000000e+01 4.000000000000000000e+00 2.000000000000000000e+01 0.000000000000000000e+00 1.600000000000000089e+00 -1.263000000000000017e-03 -6.880000000000000265e-04 -9.999989999999999712e-01 2.719340000000000090e-01 -9.623159999999999492e-01 3.179999999999999776e-04 -9.623150000000000315e-01 -2.719329999999999803e-01 1.402000000000000034e-03
3.000000000000000000e+01 4.000000000000000000e+00 2.000000000000000000e+01 0.000000000000000000e+00 1.600000000000000089e+00 -3.387999999999999953e-03 7.037999999999999985e-03 -9.999689999999999968e-01 2.659159999999999857e-01 -9.639659999999999895e-01 -7.684999999999999991e-03 -9.639900000000000135e-01 -2.659340000000000037e-01 1.394999999999999973e-03
2.000000000000000000e+00 1.300000000000000000e+01 2.000000000000000000e+01 0.000000000000000000e+00 1.600000000000000089e+00 1.060000000000000016e-04 8.490000000000000368e-04 1.000000000000000000e+00 2.518190000000000150e-01 9.677740000000000231e-01 -8.480000000000000124e-04 -9.677740000000000231e-01 2.518190000000000150e-01 -1.110000000000000011e-04
9.000000000000000000e+00 1.300000000000000000e+01 2.000000000000000000e+01 0.000000000000000000e+00 1.600000000000000089e+00 -4.730000000000000046e-04 -3.497000000000000108e-03 9.999940000000000495e-01 2.551080000000000014e-01 9.669060000000000432e-01 3.501999999999999905e-03 -9.669130000000000225e-01 2.551080000000000014e-01 4.350000000000000026e-04
1.400000000000000000e+01 1.300000000000000000e+01 2.000000000000000000e+01 0.000000000000000000e+00 1.600000000000000089e+00 -6.059999999999999849e-04 -2.798000000000000140e-03 9.999959999999999960e-01 2.573369999999999824e-01 9.663169999999999815e-01 2.860000000000000129e-03 -9.663209999999999855e-01 2.573380000000000112e-01 1.340000000000000045e-04
2.000000000000000000e+01 1.300000000000000000e+01 2.000000000000000000e+01 0.000000000000000000e+00 1.600000000000000089e+00 7.159999999999999481e-04 2.680000000000000090e-04 1.000000000000000000e+00 2.572519999999999807e-01 9.663439999999999808e-01 -4.429999999999999802e-04 -9.663439999999999808e-01 2.572530000000000094e-01 6.229999999999999644e-04
2.400000000000000000e+01 1.300000000000000000e+01 2.000000000000000000e+01 0.000000000000000000e+00 1.600000000000000089e+00 8.279999999999999600e-04 6.099999999999999872e-05 1.000000000000000000e+00 2.543819999999999970e-01 9.671039999999999637e-01 -2.700000000000000035e-04 -9.671030000000000459e-01 2.543819999999999970e-01 7.849999999999999990e-04
2.700000000000000000e+01 1.300000000000000000e+01 2.000000000000000000e+01 0.000000000000000000e+00 1.600000000000000089e+00 -1.369999999999999961e-04 -1.833999999999999910e-03 9.999980000000000535e-01 2.519549999999999845e-01 9.677369999999999584e-01 1.809999999999999977e-03 -9.677390000000000159e-01 2.519549999999999845e-01 3.299999999999999982e-04
2.000000000000000000e+00 1.600000000000000000e+01 2.100000000000000000e+01 0.000000000000000000e+00 1.600000000000000089e+00 5.410000000000000312e-04 4.073000000000000231e-03 9.999919999999999920e-01 2.960539999999999838e-01 9.551619999999999555e-01 -4.050999999999999913e-03 -9.551709999999999923e-01 2.960539999999999838e-01 -6.890000000000000508e-04
1.000000000000000000e+01 1.600000000000000000e+01 2.100000000000000000e+01 0.000000000000000000e+00 1.600000000000000089e+00 -4.699999999999999859e-04 -5.825999999999999582e-03 9.999829999999999552e-01 2.970200000000000062e-01 9.548539999999999806e-01 5.702999999999999736e-03 -9.548710000000000253e-01 2.970180000000000042e-01 1.281999999999999936e-03
1.400000000000000000e+01 1.600000000000000000e+01 2.100000000000000000e+01 0.000000000000000000e+00 1.600000000000000089e+00 -3.390000000000000001e-04 -4.330999999999999781e-03 9.999909999999999632e-01 2.971050000000000080e-01 9.548349999999999893e-01 4.236000000000000182e-03 -9.548450000000000548e-01 2.971030000000000060e-01 9.629999999999999888e-04
1.700000000000000000e+01 1.600000000000000000e+01 2.100000000000000000e+01 0.000000000000000000e+00 1.600000000000000089e+00 -1.600000000000000131e-04 3.179999999999999776e-04 1.000000000000000000e+00 2.974180000000000157e-01 9.547470000000000123e-01 -2.559999999999999884e-04 -9.547470000000000123e-01 2.974180000000000157e-01 -2.480000000000000108e-04
2.300000000000000000e+01 1.600000000000000000e+01 2.100000000000000000e+01 0.000000000000000000e+00 1.600000000000000089e+00 5.270000000000000162e-04 4.435999999999999839e-03 9.999900000000000455e-01 2.987319999999999975e-01 9.543270000000000364e-01 -4.390999999999999938e-03 -9.543369999999999909e-01 2.987310000000000243e-01 -8.220000000000000310e-04
4.000000000000000000e+00 3.000000000000000000e+00 2.500000000000000000e+01 0.000000000000000000e+00 1.600000000000000089e+00 2.606999999999999942e-03 2.141000000000000108e-03 9.999940000000000495e-01 -4.018999999999999656e-02 -9.991900000000000226e-01 2.243999999999999901e-03 9.991889999999999938e-01 -4.019600000000000256e-02 -2.518999999999999972e-03
1.400000000000000000e+01 3.000000000000000000e+00 2.500000000000000000e+01 0.000000000000000000e+00 1.600000000000000089e+00 -7.721999999999999698e-03 -1.320000000000000101e-04 9.999700000000000255e-01 -2.956299999999999900e-02 -9.995629999999999793e-01 -3.600000000000000227e-04 9.995330000000000048e-01 -2.956400000000000000e-02 7.714000000000000370e-03
2.300000000000000000e+01 3.000000000000000000e+00 2.500000000000000000e+01 0.000000000000000000e+00 1.600000000000000089e+00 -1.830000000000000029e-04 1.474999999999999966e-03 9.999989999999999712e-01 -2.563800000000000107e-02 -9.996699999999999475e-01 1.469999999999999953e-03 9.996709999999999763e-01 -2.563800000000000107e-02 2.210000000000000050e-04
2.600000000000000000e+01 3.000000000000000000e+00 2.500000000000000000e+01 0.000000000000000000e+00 1.600000000000000089e+00 2.311999999999999819e-03 6.291999999999999850e-03 9.999780000000000335e-01 -2.222199999999999870e-02 -9.997329999999999828e-01 6.342000000000000415e-03 9.997500000000000275e-01 -2.223599999999999882e-02 -2.171999999999999886e-03
3.000000000000000000e+00 4.600000000000000000e+01 2.700000000000000000e+01 0.000000000000000000e+00 1.600000000000000089e+00 2.717999999999999930e-03 2.194000000000000204e-03 -9.999940000000000495e-01 6.605180000000000495e-01 7.508029999999999982e-01 3.442000000000000181e-03 7.508059999999999734e-01 -6.605229999999999713e-01 5.919999999999999698e-04
1.100000000000000000e+01 4.600000000000000000e+01 2.700000000000000000e+01 0.000000000000000000e+00 1.600000000000000089e+00 -2.157000000000000063e-03 -3.036000000000000070e-03 -9.999930000000000208e-01 6.610120000000000440e-01 7.503659999999999775e-01 -3.703999999999999827e-03 7.503720000000000390e-01 -6.610160000000000480e-01 3.879999999999999985e-04
2.000000000000000000e+01 4.600000000000000000e+01 2.700000000000000000e+01 0.000000000000000000e+00 1.600000000000000089e+00 -5.540000000000000219e-04 1.910000000000000077e-04 -1.000000000000000000e+00 6.649810000000000443e-01 7.468609999999999971e-01 -2.259999999999999910e-04 7.468599999999999683e-01 -6.649810000000000443e-01 -5.400000000000000069e-04
2.500000000000000000e+01 4.600000000000000000e+01 2.700000000000000000e+01 0.000000000000000000e+00 1.600000000000000089e+00 2.034999999999999917e-03 3.139999999999999888e-04 -9.999980000000000535e-01 6.626370000000000315e-01 7.489390000000000214e-01 1.582999999999999989e-03 7.489379999999999926e-01 -6.626389999999999780e-01 1.315999999999999896e-03
2.000000000000000000e+00 5.800000000000000000e+01 3.100000000000000000e+01 0.000000000000000000e+00 1.600000000000000089e+00 3.138000000000000164e-03 -9.619999999999999645e-04 9.999949999999999672e-01 -7.929329999999999989e-01 -6.093060000000000143e-01 1.902000000000000045e-03 6.093009999999999815e-01 -7.929349999999999454e-01 -2.674999999999999861e-03
6.000000000000000000e+00 5.800000000000000000e+01 3.100000000000000000e+01 0.000000000000000000e+00 1.600000000000000089e+00 1.554999999999999959e-03 5.240000000000000517e-04 9.999989999999999712e-01 -7.943419999999999925e-01 -6.074690000000000367e-01 1.552999999999999910e-03 6.074690000000000367e-01 -7.943430000000000213e-01 -5.289999999999999564e-04
1.200000000000000000e+01 5.800000000000000000e+01 3.100000000000000000e+01 0.000000000000000000e+00 1.600000000000000089e+00 -5.010000000000000347e-04 5.060000000000000478e-04 1.000000000000000000e+00 -7.929070000000000285e-01 -6.093429999999999680e-01 -8.899999999999999491e-05 6.093429999999999680e-01 -7.929070000000000285e-01 7.069999999999999462e-04
1.900000000000000000e+01 5.800000000000000000e+01 3.100000000000000000e+01 0.000000000000000000e+00 1.600000000000000089e+00 4.939999999999999730e-04 -4.186999999999999750e-03 9.999909999999999632e-01 -7.912700000000000289e-01 -6.114629999999999788e-01 -2.168999999999999921e-03 6.114669999999999828e-01 -7.912620000000000209e-01 -3.615999999999999857e-03
2.600000000000000000e+01 5.800000000000000000e+01 3.100000000000000000e+01 0.000000000000000000e+00 1.600000000000000089e+00 7.314000000000000189e-03 1.675000000000000057e-03 9.999719999999999720e-01 -7.829260000000000108e-01 -6.220780000000000198e-01 6.767999999999999711e-03 6.220719999999999583e-01 -7.829530000000000101e-01 -3.237999999999999993e-03
6.000000000000000000e+00 6.000000000000000000e+00 3.200000000000000000e+01 0.000000000000000000e+00 1.600000000000000089e+00 -2.158000000000000196e-03 -6.254000000000000010e-03 -9.999780000000000335e-01 1.369549999999999934e-01 9.905559999999999921e-01 -6.491000000000000242e-03 9.905749999999999833e-01 -1.369660000000000044e-01 -1.281000000000000021e-03
1.100000000000000000e+01 6.000000000000000000e+00 3.200000000000000000e+01 0.000000000000000000e+00 1.600000000000000089e+00 -3.693999999999999801e-03 -3.335999999999999990e-03 -9.999879999999999880e-01 1.414080000000000059e-01 9.899440000000000461e-01 -3.824999999999999841e-03 9.899440000000000461e-01 -1.414209999999999912e-01 -3.184999999999999897e-03
2.600000000000000000e+01 6.000000000000000000e+00 3.200000000000000000e+01 0.000000000000000000e+00 1.600000000000000089e+00 1.169999999999999979e-04 -5.846999999999999767e-03 -9.999829999999999552e-01 1.526810000000000112e-01 9.882589999999999986e-01 -5.760999999999999628e-03 9.882760000000000433e-01 -1.526780000000000082e-01 1.007999999999999998e-03
5.000000000000000000e+00 4.200000000000000000e+01 3.400000000000000000e+01 0.000000000000000000e+00 1.600000000000000089e+00 -2.918000000000000021e-03 3.308999999999999875e-03 -9.999900000000000455e-01 -2.932390000000000274e-01 9.560309999999999642e-01 4.019000000000000003e-03 9.560349999999999682e-01 2.932480000000000087e-01 -1.819000000000000087e-03
2.000000000000000000e+00 4.600000000000000000e+01 3.500000000000000000e+01 0.000000000000000000e+00 1.600000000000000089e+00 1.399999999999999979e-05 -2.318999999999999881e-03 -9.999970000000000248e-01 3.837490000000000068e-01 -9.234350000000000058e-01 2.147000000000000037e-03 -9.234379999999999811e-01 -3.837479999999999780e-01 8.769999999999999584e-04
1.000000000000000000e+01 4.600000000000000000e+01 3.500000000000000000e+01 0.000000000000000000e+00 1.600000000000000089e+00 -1.079000000000000098e-03 5.469999999999999602e-04 -9.999989999999999712e-01 3.822420000000000262e-01 -9.240620000000000500e-01 -9.179999999999999792e-04 -9.240620000000000500e-01 -3.822429999999999994e-01 7.879999999999999635e-04
1.500000000000000000e+01 4.600000000000000000e+01 3.500000000000000000e+01 0.000000000000000000e+00 1.600000000000000089e+00 3.179999999999999776e-04 1.168999999999999900e-03 -9.999989999999999712e-01 3.820379999999999887e-01 -9.241460000000000230e-01 -9.590000000000000000e-04 -9.241470000000000518e-01 -3.820370000000000155e-01 -7.399999999999999894e-04
2.000000000000000000e+01 4.600000000000000000e+01 3.500000000000000000e+01 0.000000000000000000e+00 1.600000000000000089e+00 -1.381999999999999982e-03 4.707000000000000246e-03 -9.999879999999999880e-01 3.836289999999999978e-01 -9.234740000000000171e-01 -4.877000000000000259e-03 -9.234860000000000291e-01 -3.836309999999999998e-01 -5.299999999999999807e-04
2.400000000000000000e+01 4.600000000000000000e+01 3.500000000000000000e+01 0.000000000000000000e+00 1.600000000000000089e+00 1.252999999999999991e-03 4.409999999999999858e-04 -9.999989999999999712e-01 3.857470000000000065e-01 -9.226050000000000084e-01 7.700000000000000139e-05 -9.226039999999999797e-01 -3.857470000000000065e-01 -1.325999999999999922e-03
2.700000000000000000e+01 4.600000000000000000e+01 3.500000000000000000e+01 0.000000000000000000e+00 1.600000000000000089e+00 -7.619999999999999820e-04 -2.272000000000000148e-03 -9.999970000000000248e-01 3.855700000000000238e-01 -9.226769999999999694e-01 1.802999999999999915e-03 -9.226779999999999982e-01 -3.855669999999999931e-01 1.579000000000000108e-03
4.000000000000000000e+00 9.500000000000000000e+01 3.600000000000000000e+01 0.000000000000000000e+00 1.600000000000000089e+00 2.258000000000000024e-03 2.302099999999999980e-02 9.997319999999999540e-01 9.966500000000000359e-01 8.168699999999999573e-02 -4.132000000000000256e-03 -8.175999999999999934e-02 9.963920000000000554e-01 -2.275900000000000145e-02
1.000000000000000000e+01 9.500000000000000000e+01 3.600000000000000000e+01 0.000000000000000000e+00 1.600000000000000089e+00 -2.944000000000000002e-03 -1.493000000000000056e-02 9.998839999999999950e-01 9.961269999999999847e-01 8.781799999999999329e-02 4.244999999999999642e-03 -8.787100000000000466e-02 9.960250000000000492e-01 1.461299999999999925e-02
1.500000000000000000e+01 9.500000000000000000e+01 3.600000000000000000e+01 0.000000000000000000e+00 1.600000000000000089e+00 -4.471000000000000148e-03 -8.549999999999999658e-04 9.999900000000000455e-01 9.957810000000000272e-01 9.164600000000000524e-02 4.531000000000000305e-03 -9.164899999999999436e-02 9.957909999999999817e-01 4.409999999999999858e-04
1.900000000000000000e+01 9.500000000000000000e+01 3.600000000000000000e+01 0.000000000000000000e+00 1.600000000000000089e+00 -1.093999999999999920e-03 -9.569999999999999514e-04 9.999989999999999712e-01 9.959770000000000012e-01 8.960500000000000409e-02 1.175999999999999962e-03 -8.960600000000000509e-02 9.959770000000000012e-01 8.549999999999999658e-04
2.500000000000000000e+01 9.500000000000000000e+01 3.600000000000000000e+01 0.000000000000000000e+00 1.600000000000000089e+00 1.413999999999999892e-03 1.963499999999999968e-02 9.998059999999999725e-01 9.965979999999999839e-01 8.235599999999999865e-02 -3.027000000000000177e-03 -8.239900000000000002e-02 9.964100000000000179e-01 -1.945200000000000054e-02
7.000000000000000000e+00 3.000000000000000000e+00 4.300000000000000000e+01 0.000000000000000000e+00 1.600000000000000089e+00 -7.458000000000000219e-03 -5.738800000000000151e-02 -9.983239999999999892e-01 7.439440000000000497e-01 -6.674360000000000293e-01 3.280999999999999889e-02 -6.682000000000000162e-01 -7.424530000000000296e-01 4.767099999999999810e-02
1.200000000000000000e+01 3.000000000000000000e+00 4.300000000000000000e+01 0.000000000000000000e+00 1.600000000000000089e+00 -7.832999999999999685e-03 -2.936000000000000068e-02 -9.995380000000000376e-01 7.463070000000000537e-01 -6.654609999999999692e-01 1.369800000000000011e-02 -6.655560000000000365e-01 -7.458550000000000457e-01 2.712399999999999881e-02
1.600000000000000000e+01 3.000000000000000000e+00 4.300000000000000000e+01 0.000000000000000000e+00 1.600000000000000089e+00 -5.701999999999999603e-03 -5.926999999999999977e-03 -9.999660000000000215e-01 7.469099999999999628e-01 -6.649249999999999883e-01 -3.179999999999999776e-04 -6.649009999999999643e-01 -7.468869999999999676e-01 8.219000000000000611e-03
2.300000000000000000e+01 3.000000000000000000e+00 4.300000000000000000e+01 0.000000000000000000e+00 1.600000000000000089e+00 3.029999999999999924e-04 2.284200000000000119e-02 -9.997390000000000443e-01 7.424770000000000536e-01 -6.697009999999999907e-01 -1.507600000000000086e-02 -6.698709999999999942e-01 -7.422790000000000221e-01 -1.716300000000000117e-02
1.600000000000000000e+01 8.000000000000000000e+00 4.400000000000000000e+01 0.000000000000000000e+00 1.600000000000000089e+00 3.020000000000000223e-04 -2.043999999999999810e-03 9.999980000000000535e-01 -7.687749999999999861e-01 -6.395180000000000309e-01 -1.075000000000000001e-03 6.395189999999999486e-01 -7.687730000000000397e-01 -1.765000000000000076e-03
2.000000000000000000e+01 8.000000000000000000e+00 4.400000000000000000e+01 0.000000000000000000e+00 1.600000000000000089e+00 3.579000000000000150e-03 5.582000000000000156e-03 9.999780000000000335e-01 -7.694900000000000073e-01 -6.386279999999999735e-01 6.318999999999999964e-03 6.386490000000000222e-01 -7.694950000000000401e-01 2.008999999999999935e-03
2.800000000000000000e+01 8.000000000000000000e+00 4.400000000000000000e+01 0.000000000000000000e+00 1.600000000000000089e+00 2.782999999999999884e-03 1.742300000000000099e-02 9.998439999999999550e-01 -7.730209999999999582e-01 -6.342430000000000012e-01 1.320400000000000046e-02 6.343739999999999934e-01 -7.729369999999999852e-01 1.170299999999999986e-02
4.000000000000000000e+00 2.900000000000000000e+01 4.400000000000000000e+01 0.000000000000000000e+00 1.600000000000000089e+00 1.098000000000000018e-03 2.879000000000000049e-03 -9.999949999999999672e-01 6.544659999999999922e-01 7.560860000000000358e-01 2.896000000000000137e-03 7.560909999999999576e-01 -6.544659999999999922e-01 -1.054000000000000032e-03
9.000000000000000000e+00 2.900000000000000000e+01 4.400000000000000000e+01 0.000000000000000000e+00 1.600000000000000089e+00 1.399999999999999986e-03 -2.053000000000000137e-03 -9.999970000000000248e-01 6.550740000000000451e-01 7.555640000000000134e-01 -6.340000000000000149e-04 7.555629999999999846e-01 -6.550709999999999589e-01 2.403000000000000188e-03
1.200000000000000000e+01 2.900000000000000000e+01 4.400000000000000000e+01 0.000000000000000000e+00 1.600000000000000089e+00 1.409000000000000096e-03 -3.831000000000000204e-03 -9.999919999999999920e-01 6.567709999999999937e-01 7.540879999999999805e-01 -1.962999999999999901e-03 7.540890000000000093e-01 -6.567629999999999857e-01 3.579000000000000150e-03
1.900000000000000000e+01 2.900000000000000000e+01 4.400000000000000000e+01 0.000000000000000000e+00 1.600000000000000089e+00 2.066999999999999827e-03 -5.513999999999999804e-03 -9.999829999999999552e-01 6.721500000000000252e-01 7.404100000000000126e-01 -2.693000000000000081e-03 7.404119999999999591e-01 -6.721329999999999805e-01 5.237000000000000335e-03
2.200000000000000000e+01 2.900000000000000000e+01 4.400000000000000000e+01 0.000000000000000000e+00 1.600000000000000089e+00 1.067000000000000023e-03 -1.018999999999999941e-03 -9.999989999999999712e-01 6.781319999999999570e-01 7.349400000000000377e-01 -2.500000000000000120e-05 7.349390000000000089e-01 -6.781319999999999570e-01 1.474999999999999966e-03
2.700000000000000000e+01 2.900000000000000000e+01 4.400000000000000000e+01 0.000000000000000000e+00 1.600000000000000089e+00 -1.521999999999999915e-03 4.179999999999999688e-03 -9.999900000000000455e-01 6.751629999999999576e-01 7.376660000000000439e-01 2.056000000000000102e-03 7.376669999999999616e-01 -6.751530000000000031e-01 -3.944999999999999722e-03
3.000000000000000000e+00 5.400000000000000000e+01 4.600000000000000000e+01 0.000000000000000000e+00 1.600000000000000089e+00 9.309999999999999699e-04 -1.292599999999999999e-02 9.999160000000000270e-01 3.247499999999999831e-01 -9.457170000000000298e-01 -1.252799999999999921e-02 9.457989999999999453e-01 3.247340000000000226e-01 3.318000000000000203e-03
2.600000000000000000e+01 6.500000000000000000e+01 4.600000000000000000e+01 0.000000000000000000e+00 1.600000000000000089e+00 1.490999999999999921e-03 -9.160000000000000390e-04 9.999980000000000535e-01 6.805930000000000035e-01 -7.326589999999999492e-01 -1.685999999999999999e-03 7.326599999999999779e-01 6.805949999999999500e-01 -4.690000000000000158e-04
2.600000000000000000e+01 6.000000000000000000e+00 5.100000000000000000e+01 0.000000000000000000e+00 1.600000000000000089e+00 3.455999999999999871e-03 6.961000000000000174e-03 -9.999700000000000255e-01 3.258420000000000205e-01 -9.454090000000000549e-01 -5.453999999999999647e-03 -9.454179999999999806e-01 -3.258130000000000193e-01 -5.536000000000000122e-03
2.100000000000000000e+01 7.000000000000000000e+00 5.200000000000000000e+01 0.000000000000000000e+00 1.600000000000000089e+00 7.579999999999999932e-04 -2.354999999999999889e-03 -9.999970000000000248e-01 1.182279999999999998e-01 -9.929839999999999778e-01 2.428000000000000037e-03 -9.929860000000000353e-01 -1.182290000000000008e-01 -4.739999999999999747e-04
2.600000000000000000e+01 7.000000000000000000e+00 5.200000000000000000e+01 0.000000000000000000e+00 1.600000000000000089e+00 4.470000000000000015e-03 5.498000000000000283e-03 -9.999749999999999472e-01 1.180360000000000020e-01 -9.929970000000000185e-01 -4.931999999999999752e-03 -9.929989999999999650e-01 -1.180100000000000038e-01 -5.087999999999999641e-03
4.000000000000000000e+00 6.300000000000000000e+01 5.400000000000000000e+01 0.000000000000000000e+00 1.600000000000000089e+00 -8.940000000000000464e-04 -7.669999999999999951e-04 9.999989999999999712e-01 -3.496239999999999903e-01 9.368900000000000006e-01 4.060000000000000024e-04 -9.368900000000000006e-01 -3.496230000000000171e-01 -1.105000000000000079e-03
1.500000000000000000e+01 6.300000000000000000e+01 5.400000000000000000e+01 0.000000000000000000e+00 1.600000000000000089e+00 1.773000000000000053e-03 -1.275000000000000092e-03 9.999980000000000535e-01 -3.563200000000000256e-01 9.343620000000000259e-01 1.822999999999999968e-03 -9.343620000000000259e-01 -3.563220000000000276e-01 1.203000000000000076e-03
1.900000000000000000e+01 6.300000000000000000e+01 5.400000000000000000e+01 0.000000000000000000e+00 1.600000000000000089e+00 1.779999999999999898e-04 -1.160000000000000007e-04 1.000000000000000000e+00 -3.595380000000000242e-01 9.331300000000000150e-01 1.720000000000000066e-04 -9.331300000000000150e-01 -3.595380000000000242e-01 1.240000000000000054e-04
2.200000000000000000e+01 6.300000000000000000e+01 5.400000000000000000e+01 0.000000000000000000e+00 1.600000000000000089e+00 -1.265000000000000065e-03 -1.103000000000000031e-03 9.999989999999999712e-01 -3.574869999999999992e-01 9.339180000000000259e-01 5.779999999999999548e-04 -9.339169999999999972e-01 -3.574860000000000260e-01 -1.575000000000000011e-03
2.900000000000000000e+01 6.300000000000000000e+01 5.400000000000000000e+01 0.000000000000000000e+00 1.600000000000000089e+00 -6.809999999999999647e-04 -1.010999999999999963e-03 9.999989999999999712e-01 -3.557130000000000014e-01 9.345949999999999536e-01 7.029999999999999574e-04 -9.345949999999999536e-01 -3.557119999999999727e-01 -9.959999999999999236e-04
3.000000000000000000e+00 2.500000000000000000e+01 5.500000000000000000e+01 0.000000000000000000e+00 1.600000000000000089e+00 1.131999999999999977e-03 -1.088999999999999907e-03 -9.999989999999999712e-01 -1.082800000000000082e-02 -9.999409999999999688e-01 1.077000000000000049e-03 -9.999409999999999688e-01 1.082699999999999982e-02 -1.144000000000000052e-03
9.000000000000000000e+00 2.500000000000000000e+01 5.500000000000000000e+01 0.000000000000000000e+00 1.600000000000000089e+00 1.056999999999999997e-03 -2.018999999999999961e-03 -9.999970000000000248e-01 -1.214900000000000008e-02 -9.999240000000000350e-01 2.005999999999999971e-03 -9.999259999999999815e-01 1.214699999999999981e-02 -1.082000000000000062e-03
1.300000000000000000e+01 2.500000000000000000e+01 5.500000000000000000e+01 0.000000000000000000e+00 1.600000000000000089e+00 5.140000000000000254e-04 1.938000000000000052e-03 -9.999980000000000535e-01 -1.295900000000000003e-02 -9.999139999999999695e-01 -1.943999999999999981e-03 -9.999160000000000270e-01 1.295999999999999930e-02 -4.889999999999999599e-04
2.300000000000000000e+01 2.500000000000000000e+01 5.500000000000000000e+01 0.000000000000000000e+00 1.600000000000000089e+00 1.217999999999999899e-03 -1.907999999999999974e-03 -9.999970000000000248e-01 -1.181500000000000085e-02 -9.999280000000000390e-01 1.892999999999999934e-03 -9.999289999999999567e-01 1.181199999999999958e-02 -1.240999999999999916e-03
8.000000000000000000e+00 2.100000000000000000e+01 6.000000000000000000e+01 0.000000000000000000e+00 1.600000000000000089e+00 -8.949999999999999623e-04 -1.214999999999999934e-03 9.999989999999999712e-01 -9.671499999999999542e-02 9.953109999999999458e-01 1.123000000000000083e-03 -9.953119999999999745e-01 -9.671399999999999442e-02 -1.008999999999999914e-03
1.200000000000000000e+01 2.100000000000000000e+01 6.000000000000000000e+01 0.000000000000000000e+00 1.600000000000000089e+00 -2.387999999999999932e-03 -6.942000000000000254e-03 9.999730000000000008e-01 -9.740600000000000647e-02 9.952220000000000510e-01 6.676999999999999776e-03 -9.952419999999999600e-01 -9.738700000000000134e-02 -3.053000000000000158e-03
1.900000000000000000e+01 2.100000000000000000e+01 6.000000000000000000e+01 0.000000000000000000e+00 1.600000000000000089e+00 -7.470000000000000511e-04 1.506500000000000027e-02 9.998860000000000525e-01 -9.581599999999999839e-02 9.952849999999999753e-01 -1.506700000000000053e-02 -9.953990000000000338e-01 -9.581699999999999939e-02 6.999999999999999929e-04
2.500000000000000000e+01 2.100000000000000000e+01 6.000000000000000000e+01 0.000000000000000000e+00 1.600000000000000089e+00 1.428999999999999932e-03 -5.709999999999999798e-03 9.999829999999999552e-01 -9.472500000000000364e-02 9.954859999999999820e-01 5.819999999999999653e-03 -9.955019999999999980e-01 -9.473099999999999576e-02 8.819999999999999715e-04
8.000000000000000000e+00 6.000000000000000000e+00 6.100000000000000000e+01 0.000000000000000000e+00 1.600000000000000089e+00 6.356999999999999804e-03 2.961000000000000090e-03 9.999749999999999472e-01 5.771319999999999784e-01 -8.166499999999999870e-01 -1.250999999999999942e-03 8.166259999999999630e-01 5.771260000000000279e-01 -6.899999999999999883e-03
2.900000000000000000e+01 6.000000000000000000e+00 6.100000000000000000e+01 0.000000000000000000e+00 1.600000000000000089e+00 4.041999999999999586e-03 -6.950999999999999714e-03 9.999679999999999680e-01 5.668109999999999538e-01 -8.238090000000000135e-01 -8.018000000000000821e-03 8.238379999999999592e-01 5.668250000000000233e-01 6.099999999999999737e-04
4.000000000000000000e+00 3.000000000000000000e+00 6.300000000000000000e+01 0.000000000000000000e+00 1.600000000000000089e+00 -5.559999999999999621e-04 9.550000000000000112e-04 9.999989999999999712e-01 -6.145589999999999664e-01 7.888699999999999601e-01 -1.095000000000000053e-03 -7.888709999999999889e-01 -6.145589999999999664e-01 1.479999999999999925e-04
