1.400000000000000000e+01 2.500000000000000000e+01 1.000000000000000000e+00 0.000000000000000000e+00 1.600000000000000089e+00 4.506999999999999722e-03 6.823000000000000072e-03 -9.999670000000000503e-01 -5.215889999999999693e-01 -8.531579999999999719e-01 -8.172000000000000444e-03 -8.531849999999999712e-01 5.216089999999999893e-01 -2.860000000000000129e-04
2.000000000000000000e+01 2.500000000000000000e+01 1.000000000000000000e+00 0.000000000000000000e+00 1.600000000000000089e+00 -2.177999999999999815e-03 -1.050899999999999924e-02 -9.999419999999999975e-01 -5.182149999999999812e-01 -8.551910000000000345e-01 1.011699999999999926e-02 -8.552480000000000082e-01 5.182069999999999732e-01 -3.583999999999999946e-03
1.600000000000000000e+01 1.900000000000000000e+01 5.000000000000000000e+00 0.000000000000000000e+00 1.600000000000000089e+00 1.423999999999999919e-03 2.367000000000000180e-03 -9.999959999999999960e-01 -6.926639999999999464e-01 -7.212549999999999795e-01 -2.693000000000000081e-03 -7.212589999999999835e-01 6.926660000000000039e-01 6.130000000000000466e-04
1.900000000000000000e+01 1.900000000000000000e+01 5.000000000000000000e+00 0.000000000000000000e+00 1.600000000000000089e+00 8.500000000000000611e-05 -8.347999999999999518e-03 -9.999649999999999928e-01 -6.927919999999999634e-01 -7.211130000000000040e-01 5.962000000000000285e-03 -7.211379999999999457e-01 6.927670000000000217e-01 -5.845000000000000369e-03
2.300000000000000000e+01 1.900000000000000000e+01 5.000000000000000000e+00 0.000000000000000000e+00 1.600000000000000089e+00 8.859999999999999603e-04 -3.418000000000000031e-03 -9.999940000000000495e-01 -6.946400000000000352e-01 -7.193549999999999667e-01 1.843999999999999936e-03 -7.193570000000000242e-01 6.946339999999999737e-01 -3.011999999999999920e-03
1.100000000000000000e+01 1.010000000000000000e+02 7.000000000000000000e+00 0.000000000000000000e+00 1.600000000000000089e+00 8.710000000000000294e-04 -7.360000000000000223e-03 9.999730000000000008e-01 8.897070000000000256e-01 4.565239999999999854e-01 2.586000000000000191e-03 -4.565310000000000201e-01 8.896810000000000551e-01 6.945999999999999917e-03
2.200000000000000000e+01 1.010000000000000000e+02 7.000000000000000000e+00 0.000000000000000000e+00 1.600000000000000089e+00 1.480999999999999895e-03 -1.545999999999999978e-02 9.998789999999999623e-01 8.829270000000000174e-01 4.694729999999999737e-01 5.950999999999999693e-03 -4.695079999999999809e-01 8.828120000000000411e-01 1.434500000000000011e-02
1.000000000000000000e+00 2.500000000000000000e+01 8.000000000000000000e+00 0.000000000000000000e+00 1.600000000000000089e+00 -2.170000000000000054e-03 -2.213000000000000123e-03 -9.999949999999999672e-01 4.372920000000000140e-01 8.993149999999999755e-01 -2.939000000000000206e-03 8.993170000000000330e-01 -4.372960000000000180e-01 -9.840000000000000656e-04
1.000000000000000000e+01 2.500000000000000000e+01 8.000000000000000000e+00 0.000000000000000000e+00 1.600000000000000089e+00 -2.419999999999999842e-03 -4.160999999999999768e-03 -9.999879999999999880e-01 4.396809999999999885e-01 8.981409999999999672e-01 -4.800999999999999712e-03 8.981510000000000327e-01 -4.396880000000000233e-01 -3.440000000000000132e-04
1.400000000000000000e+01 2.500000000000000000e+01 8.000000000000000000e+00 0.000000000000000000e+00 1.600000000000000089e+00 -3.383999999999999855e-03 -4.821999999999999897e-03 -9.999829999999999552e-01 4.404449999999999754e-01 8.977610000000000312e-01 -5.819999999999999653e-03 8.977730000000000432e-01 -4.404569999999999874e-01 -9.139999999999999904e-04
1.700000000000000000e+01 2.500000000000000000e+01 8.000000000000000000e+00 0.000000000000000000e+00 1.600000000000000089e+00 -1.495000000000000018e-03 -8.208000000000000018e-03 -9.999649999999999928e-01 4.396599999999999953e-01 8.981280000000000374e-01 -8.028999999999999679e-03 8.981630000000000447e-01 -4.396570000000000200e-01 2.265999999999999785e-03
2.200000000000000000e+01 2.500000000000000000e+01 8.000000000000000000e+00 0.000000000000000000e+00 1.600000000000000089e+00 1.033999999999999980e-03 -8.026000000000000148e-03 -9.999670000000000503e-01 4.379709999999999992e-01 8.989639999999999853e-01 -6.761999999999999782e-03 8.989890000000000381e-01 -4.379489999999999772e-01 4.445000000000000166e-03
2.600000000000000000e+01 2.500000000000000000e+01 8.000000000000000000e+00 0.000000000000000000e+00 1.600000000000000089e+00 -9.999999999999999547e-07 6.849999999999999535e-04 -1.000000000000000000e+00 4.387079999999999869e-01 8.986290000000000111e-01 6.149999999999999868e-04 8.986300000000000399e-01 -4.387079999999999869e-01 -3.020000000000000223e-04
5.000000000000000000e+00 2.400000000000000000e+01 9.000000000000000000e+00 0.000000000000000000e+00 1.600000000000000089e+00 -3.049999999999999868e-04 -6.359999999999999551e-04 -1.000000000000000000e+00 4.428599999999999759e-01 8.965899999999999981e-01 -7.050000000000000060e-04 8.965910000000000268e-01 -4.428599999999999759e-01 7.999999999999999638e-06
8.000000000000000000e+00 2.400000000000000000e+01 9.000000000000000000e+00 0.000000000000000000e+00 1.600000000000000089e+00 -1.693000000000000060e-03 -3.514999999999999895e-03 -9.999919999999999920e-01 4.446140000000000092e-01 8.957140000000000102e-01 -3.900999999999999954e-03 8.957199999999999607e-01 -4.446180000000000132e-01 4.600000000000000004e-05
1.400000000000000000e+01 2.400000000000000000e+01 9.000000000000000000e+00 0.000000000000000000e+00 1.600000000000000089e+00 -2.736000000000000151e-03 -6.714999999999999615e-03 -9.999740000000000295e-01 4.467610000000000192e-01 8.946239999999999748e-01 -7.230000000000000315e-03 8.946490000000000276e-01 -4.467690000000000272e-01 5.529999999999999976e-04
1.700000000000000000e+01 2.400000000000000000e+01 9.000000000000000000e+00 0.000000000000000000e+00 1.600000000000000089e+00 -5.540000000000000219e-04 -9.709000000000000616e-03 -9.999529999999999808e-01 4.460359999999999880e-01 8.949709999999999610e-01 -8.937000000000000499e-03 8.950150000000000050e-01 -4.460189999999999988e-01 3.834999999999999867e-03
2.100000000000000000e+01 2.400000000000000000e+01 9.000000000000000000e+00 0.000000000000000000e+00 1.600000000000000089e+00 1.381999999999999982e-03 -1.025799999999999976e-02 -9.999460000000000015e-01 4.446970000000000089e-01 8.956399999999999917e-01 -8.574000000000000024e-03 8.956800000000000317e-01 -4.446609999999999729e-01 5.799000000000000335e-03
2.700000000000000000e+01 2.400000000000000000e+01 9.000000000000000000e+00 0.000000000000000000e+00 1.600000000000000089e+00 2.369999999999999874e-04 2.903999999999999897e-03 -9.999959999999999960e-01 4.442699999999999982e-01 8.958890000000000464e-01 2.707000000000000205e-03 8.958930000000000504e-01 -4.442690000000000250e-01 -1.077999999999999965e-03
1.300000000000000000e+01 7.000000000000000000e+00 1.000000000000000000e+01 0.000000000000000000e+00 1.600000000000000089e+00 -5.871900000000000036e-02 -3.833299999999999902e-02 -9.975380000000000358e-01 -9.862880000000000535e-01 -1.521609999999999907e-01 6.390300000000000147e-02 -1.542360000000000120e-01 9.876120000000000454e-01 -2.887199999999999836e-02
1.700000000000000000e+01 7.000000000000000000e+00 1.000000000000000000e+01 0.000000000000000000e+00 1.600000000000000089e+00 5.329999999999999669e-03 -6.853999999999999850e-03 -9.999620000000000175e-01 -9.911459999999999715e-01 -1.327049999999999896e-01 -4.373000000000000151e-03 -1.326700000000000101e-01 9.911320000000000130e-01 -7.500999999999999855e-03
2.900000000000000000e+01 8.000000000000000000e+00 1.000000000000000000e+01 0.000000000000000000e+00 1.600000000000000089e+00 6.097899999999999848e-02 3.107499999999999846e-02 -9.976549999999999585e-01 -9.836949999999999861e-01 -1.675560000000000105e-01 -6.534500000000000031e-02 -1.691940000000000111e-01 9.853730000000000544e-01 2.035100000000000103e-02
1.200000000000000000e+01 3.000000000000000000e+00 1.100000000000000000e+01 0.000000000000000000e+00 1.600000000000000089e+00 -6.949999999999999798e-04 -7.528999999999999582e-02 9.971609999999999641e-01 1.378369999999999873e-01 -9.876509999999999456e-01 -7.447600000000000053e-02 9.904549999999999743e-01 1.373939999999999884e-01 1.106399999999999918e-02
1.800000000000000000e+01 3.000000000000000000e+00 1.100000000000000000e+01 0.000000000000000000e+00 1.600000000000000089e+00 -1.461000000000000059e-03 1.862099999999999866e-02 9.998259999999999925e-01 1.209540000000000060e-01 -9.924830000000000041e-01 1.866100000000000050e-02 9.926570000000000116e-01 1.209599999999999981e-01 -8.030000000000000028e-04
8.000000000000000000e+00 3.200000000000000000e+01 1.400000000000000000e+01 0.000000000000000000e+00 1.600000000000000089e+00 1.062000000000000010e-03 -1.296000000000000060e-03 -9.999989999999999712e-01 1.169609999999999955e-01 9.931360000000000188e-01 -1.162999999999999971e-03 9.931360000000000188e-01 -1.169589999999999935e-01 1.206000000000000041e-03
1.200000000000000000e+01 3.200000000000000000e+01 1.400000000000000000e+01 0.000000000000000000e+00 1.600000000000000089e+00 2.930000000000000204e-04 2.726999999999999823e-03 -9.999959999999999960e-01 1.179349999999999982e-01 9.930179999999999563e-01 2.743000000000000212e-03 9.930210000000000425e-01 -1.179349999999999982e-01 -3.100000000000000135e-05
1.600000000000000000e+01 3.200000000000000000e+01 1.400000000000000000e+01 0.000000000000000000e+00 1.600000000000000089e+00 6.960000000000000041e-04 2.351999999999999924e-03 -9.999970000000000248e-01 1.196119999999999961e-01 9.928179999999999783e-01 2.418000000000000010e-03 9.928200000000000358e-01 -1.196129999999999971e-01 4.090000000000000211e-04
1.900000000000000000e+01 3.200000000000000000e+01 1.400000000000000000e+01 0.000000000000000000e+00 1.600000000000000089e+00 3.114000000000000015e-03 -2.611000000000000040e-03 -9.999919999999999920e-01 1.200969999999999954e-01 9.927599999999999758e-01 -2.217999999999999920e-03 9.927570000000000006e-01 -1.200890000000000013e-01 3.405000000000000041e-03
2.300000000000000000e+01 3.200000000000000000e+01 1.400000000000000000e+01 0.000000000000000000e+00 1.600000000000000089e+00 1.544000000000000017e-03 -5.733000000000000249e-03 -9.999820000000000375e-01 1.197389999999999982e-01 9.927899999999999503e-01 -5.506999999999999743e-03 9.928040000000000198e-01 -1.197280000000000011e-01 2.219000000000000052e-03
3.000000000000000000e+00 1.160000000000000000e+02 1.600000000000000000e+01 0.000000000000000000e+00 1.600000000000000089e+00 8.040000000000000271e-04 3.818000000000000213e-03 9.999919999999999920e-01 7.218820000000000237e-01 6.920079999999999565e-01 -3.223000000000000170e-03 -6.920159999999999645e-01 7.218790000000000484e-01 -2.200000000000000133e-03
9.000000000000000000e+00 1.160000000000000000e+02 1.600000000000000000e+01 0.000000000000000000e+00 1.600000000000000089e+00 -4.620000000000000083e-04 1.899999999999999996e-03 9.999980000000000535e-01 7.056099999999999595e-01 7.086000000000000076e-01 -1.020000000000000073e-03 -7.086010000000000364e-01 7.056080000000000130e-01 -1.667999999999999995e-03
1.500000000000000000e+01 1.160000000000000000e+02 1.600000000000000000e+01 0.000000000000000000e+00 1.600000000000000089e+00 -3.804999999999999789e-03 -4.028000000000000330e-03 9.999850000000000128e-01 7.365319999999999645e-01 6.763799999999999812e-01 5.526999999999999795e-03 -6.763919999999999932e-01 7.365420000000000300e-01 3.930000000000000117e-04
7.000000000000000000e+00 2.000000000000000000e+00 1.900000000000000000e+01 0.000000000000000000e+00 1.600000000000000089e+00 9.801999999999999949e-03 -5.218300000000000022e-02 -9.985889999999999489e-01 3.640880000000000227e-01 -9.299030000000000351e-01 5.216799999999999909e-02 -9.313129999999999464e-01 -3.640849999999999920e-01 9.884999999999999690e-03
1.700000000000000000e+01 2.000000000000000000e+00 1.900000000000000000e+01 0.000000000000000000e+00 1.600000000000000089e+00 -4.360000000000000160e-03 -9.573999999999999178e-03 -9.999449999999999728e-01 3.457660000000000178e-01 -9.382909999999999862e-01 7.476000000000000006e-03 -9.383110000000000062e-01 -3.457140000000000213e-01 7.400999999999999593e-03
2.000000000000000000e+01 3.000000000000000000e+00 1.900000000000000000e+01 0.000000000000000000e+00 1.600000000000000089e+00 -7.760000000000000404e-03 1.266499999999999918e-02 -9.998899999999999455e-01 3.125279999999999725e-01 -9.497980000000000311e-01 -1.445600000000000010e-02 -9.498769999999999714e-01 -3.126059999999999950e-01 3.412000000000000102e-03
2.300000000000000000e+01 3.000000000000000000e+00 1.900000000000000000e+01 0.000000000000000000e+00 1.600000000000000089e+00 -5.664999999999999897e-03 2.584200000000000039e-02 -9.996500000000000385e-01 3.198509999999999964e-01 -9.471030000000000282e-01 -2.629599999999999993e-02 -9.474510000000000431e-01 -3.198880000000000057e-01 -2.899999999999999800e-03
2.800000000000000000e+01 3.000000000000000000e+00 1.900000000000000000e+01 0.000000000000000000e+00 1.600000000000000089e+00 -3.494000000000000144e-03 2.998899999999999830e-02 -9.995439999999999880e-01 3.243530000000000024e-01 -9.454759999999999831e-01 -2.950099999999999945e-02 -9.459300000000000486e-01 -3.243079999999999852e-01 -6.422999999999999890e-03
1.400000000000000000e+01 4.000000000000000000e+00 2.000000000000000000e+01 0.000000000000000000e+00 1.600000000000000089e+00 -8.199999999999999824e-04 -1.442700000000000059e-02 -9.998960000000000070e-01 3.275109999999999966e-01 -9.447529999999999539e-01 1.336299999999999988e-02 -9.448469999999999924e-01 -3.274650000000000061e-01 5.499999999999999681e-03
9.000000000000000000e+00 1.300000000000000000e+01 2.000000000000000000e+01 0.000000000000000000e+00 1.600000000000000089e+00 -1.364999999999999894e-03 -1.930000000000000021e-04 9.999989999999999712e-01 2.599069999999999991e-01 9.656329999999999636e-01 5.410000000000000312e-04 -9.656329999999999636e-01 2.599079999999999724e-01 -1.266999999999999897e-03
1.500000000000000000e+01 1.300000000000000000e+01 2.000000000000000000e+01 0.000000000000000000e+00 1.600000000000000089e+00 -2.256000000000000193e-03 -1.536000000000000039e-03 9.999959999999999960e-01 2.627840000000000176e-01 9.648529999999999607e-01 2.073999999999999889e-03 -9.648520000000000429e-01 2.627869999999999928e-01 -1.773000000000000053e-03
2.000000000000000000e+01 1.300000000000000000e+01 2.000000000000000000e+01 0.000000000000000000e+00 1.600000000000000089e+00 -9.920000000000000432e-04 -3.699999999999999947e-04 9.999989999999999712e-01 2.618750000000000244e-01 9.651020000000000154e-01 6.170000000000000354e-04 -9.651009999999999867e-01 2.618750000000000244e-01 -8.610000000000000032e-04
2.400000000000000000e+01 1.300000000000000000e+01 2.000000000000000000e+01 0.000000000000000000e+00 1.600000000000000089e+00 4.409999999999999858e-04 4.152999999999999574e-03 9.999909999999999632e-01 2.593480000000000230e-01 9.657750000000000501e-01 -4.125000000000000194e-03 -9.657839999999999758e-01 2.593469999999999942e-01 -6.509999999999999945e-04
2.700000000000000000e+01 1.300000000000000000e+01 2.000000000000000000e+01 0.000000000000000000e+00 1.600000000000000089e+00 -1.430000000000000064e-04 -4.459999999999999989e-04 1.000000000000000000e+00 2.591510000000000202e-01 9.658369999999999456e-01 4.679999999999999915e-04 -9.658369999999999456e-01 2.591510000000000202e-01 -2.300000000000000002e-05
6.000000000000000000e+00 1.600000000000000000e+01 2.100000000000000000e+01 0.000000000000000000e+00 1.600000000000000089e+00 3.449999999999999833e-04 -8.916999999999999579e-03 9.999599999999999600e-01 2.971570000000000045e-01 9.547919999999999741e-01 8.411000000000000074e-03 -9.548290000000000388e-01 2.971420000000000172e-01 2.978999999999999877e-03
1.100000000000000000e+01 1.600000000000000000e+01 2.100000000000000000e+01 0.000000000000000000e+00 1.600000000000000089e+00 -8.610000000000000032e-04 5.823000000000000051e-03 9.999829999999999552e-01 2.982569999999999943e-01 9.544709999999999583e-01 -5.301000000000000156e-03 -9.544850000000000279e-01 2.982469999999999843e-01 -2.559000000000000077e-03
1.600000000000000000e+01 1.600000000000000000e+01 2.100000000000000000e+01 0.000000000000000000e+00 1.600000000000000089e+00 -2.580999999999999961e-03 -4.893999999999999913e-03 9.999850000000000128e-01 2.989189999999999903e-01 9.542629999999999724e-01 5.441999999999999789e-03 -9.542749999999999844e-01 2.989280000000000270e-01 -1.000000000000000021e-03
1.100000000000000000e+01 4.100000000000000000e+01 2.400000000000000000e+01 0.000000000000000000e+00 1.600000000000000089e+00 2.229800000000000115e-01 4.071099999999999719e-02 9.739719999999999489e-01 -9.067020000000000080e-01 3.755970000000000142e-01 1.918799999999999950e-01 -3.580090000000000217e-01 -9.258889999999999620e-01 1.206639999999999935e-01
5.000000000000000000e+00 2.000000000000000000e+00 2.500000000000000000e+01 0.000000000000000000e+00 1.600000000000000089e+00 1.029200000000000080e-02 -4.356199999999999656e-02 9.989980000000000526e-01 7.413599999999999357e-02 -9.962680000000000424e-01 -4.420600000000000224e-02 9.971950000000000536e-01 7.451699999999999990e-02 -7.023999999999999862e-03
2.900000000000000000e+01 2.000000000000000000e+00 2.500000000000000000e+01 0.000000000000000000e+00 1.600000000000000089e+00 -5.303999999999999687e-03 1.001499999999999960e-02 9.999360000000000470e-01 7.282399999999999984e-02 -9.972910000000000386e-01 1.037500000000000054e-02 9.973309999999999675e-01 7.287399999999999434e-02 4.559999999999999817e-03
6.000000000000000000e+00 3.000000000000000000e+00 2.500000000000000000e+01 0.000000000000000000e+00 1.600000000000000089e+00 2.023000000000000059e-03 -3.608900000000000302e-02 9.993469999999999853e-01 -1.676899999999999918e-02 -9.992090000000000138e-01 -3.604999999999999871e-02 9.998569999999999958e-01 -1.668499999999999844e-02 -2.626999999999999995e-03
9.000000000000000000e+00 3.000000000000000000e+00 2.500000000000000000e+01 0.000000000000000000e+00 1.600000000000000089e+00 -3.165999999999999977e-03 -1.704299999999999912e-02 9.998500000000000165e-01 -2.986499999999999919e-02 -9.994070000000000453e-01 -1.712999999999999939e-02 9.995490000000000208e-01 -2.991500000000000062e-02 2.654999999999999808e-03
2.000000000000000000e+01 3.000000000000000000e+00 2.500000000000000000e+01 0.000000000000000000e+00 1.600000000000000089e+00 -2.608000000000000075e-03 5.536000000000000122e-03 9.999810000000000088e-01 -4.047599999999999809e-02 -9.991659999999999986e-01 5.426000000000000267e-03 9.991769999999999818e-01 -4.046099999999999697e-02 2.830000000000000050e-03
1.700000000000000000e+01 4.300000000000000000e+01 2.600000000000000000e+01 0.000000000000000000e+00 1.600000000000000089e+00 -9.254600000000000326e-02 2.331429999999999891e-01 -9.680290000000000283e-01 9.838519999999999488e-01 -1.281730000000000091e-01 -1.249279999999999974e-01 -1.532010000000000038e-01 -9.639590000000000103e-01 -2.175159999999999871e-01
3.000000000000000000e+00 5.800000000000000000e+01 3.100000000000000000e+01 0.000000000000000000e+00 1.600000000000000089e+00 7.978999999999999981e-03 1.202300000000000070e-02 9.998960000000000070e-01 -8.090669999999999806e-01 -5.875599999999999712e-01 1.352100000000000003e-02 5.876620000000000177e-01 -8.090910000000000046e-01 5.040000000000000209e-03
9.000000000000000000e+00 5.800000000000000000e+01 3.100000000000000000e+01 0.000000000000000000e+00 1.600000000000000089e+00 3.770000000000000022e-04 -5.821999999999999918e-03 9.999829999999999552e-01 -8.101319999999999633e-01 -5.862399999999999833e-01 -3.108000000000000086e-03 5.862479999999999913e-01 -8.101169999999999760e-01 -4.937000000000000416e-03
1.300000000000000000e+01 5.800000000000000000e+01 3.100000000000000000e+01 0.000000000000000000e+00 1.600000000000000089e+00 2.860000000000000129e-04 -6.891999999999999689e-03 9.999759999999999760e-01 -8.087619999999999809e-01 -5.881239999999999801e-01 -3.821999999999999877e-03 5.881359999999999921e-01 -8.087419999999999609e-01 -5.741999999999999708e-03
2.100000000000000000e+01 5.800000000000000000e+01 3.100000000000000000e+01 0.000000000000000000e+00 1.600000000000000089e+00 -5.146000000000000400e-03 1.407000000000000048e-03 9.999860000000000415e-01 -8.082139999999999880e-01 -5.888799999999999590e-01 -3.331000000000000193e-03 5.888670000000000293e-01 -8.082190000000000207e-01 4.167999999999999830e-03
2.700000000000000000e+01 5.800000000000000000e+01 3.100000000000000000e+01 0.000000000000000000e+00 1.600000000000000089e+00 -3.429999999999999889e-04 -9.518999999999999684e-03 9.999550000000000383e-01 -8.054130000000000456e-01 -5.926850000000000174e-01 -5.917999999999999650e-03 5.927139999999999631e-01 -8.053780000000000383e-01 -7.464000000000000148e-03
1.900000000000000000e+01 3.700000000000000000e+01 3.500000000000000000e+01 0.000000000000000000e+00 1.600000000000000089e+00 2.129550000000000054e-01 2.372380000000000044e-01 -9.478229999999999711e-01 -4.393349999999999755e-01 -8.432260000000000311e-01 -3.097659999999999858e-01 -8.727169999999999650e-01 4.823779999999999735e-01 -7.534200000000000619e-02
2.000000000000000000e+01 9.500000000000000000e+01 3.600000000000000000e+01 0.000000000000000000e+00 1.600000000000000089e+00 8.548000000000000043e-03 -1.417559999999999931e-01 9.898649999999999949e-01 9.974680000000000213e-01 7.109400000000000441e-02 1.567999999999999949e-03 -7.059600000000000597e-02 9.873450000000000282e-01 1.420049999999999923e-01
2.800000000000000000e+01 3.400000000000000000e+01 4.000000000000000000e+01 0.000000000000000000e+00 1.600000000000000089e+00 -2.135300000000000045e-02 1.295350000000000112e-01 9.913450000000000317e-01 7.495779999999999665e-01 -6.540700000000000403e-01 1.016100000000000059e-01 6.615710000000000202e-01 7.452600000000000335e-01 -8.312999999999999556e-02
1.800000000000000000e+01 4.800000000000000000e+01 4.100000000000000000e+01 0.000000000000000000e+00 1.600000000000000089e+00 1.232209999999999972e-01 5.218000000000000416e-03 9.923659999999999703e-01 8.260750000000000037e-01 5.535999999999999810e-01 -1.054829999999999934e-01 -5.499239999999999684e-01 8.327670000000000350e-01 6.390500000000000347e-02
2.000000000000000000e+01 4.800000000000000000e+01 4.200000000000000000e+01 0.000000000000000000e+00 1.600000000000000089e+00 1.240720000000000017e-01 -9.382200000000000262e-02 9.878280000000000394e-01 8.785389999999999588e-01 4.731719999999999815e-01 -6.540400000000000380e-02 -4.612760000000000193e-01 8.759599999999999609e-01 1.411340000000000094e-01
4.000000000000000000e+00 8.000000000000000000e+00 4.400000000000000000e+01 0.000000000000000000e+00 1.600000000000000089e+00 -1.146000000000000100e-03 -1.259999999999999998e-04 9.999989999999999712e-01 -7.891029999999999989e-01 -6.142609999999999459e-01 -9.810000000000001011e-04 6.142600000000000282e-01 -7.891029999999999989e-01 6.040000000000000447e-04
7.000000000000000000e+00 8.000000000000000000e+00 4.400000000000000000e+01 0.000000000000000000e+00 1.600000000000000089e+00 4.279999999999999950e-04 4.466000000000000351e-03 9.999900000000000455e-01 -7.915980000000000238e-01 -6.110339999999999661e-01 3.067999999999999981e-03 6.110419999999999741e-01 -7.915919999999999623e-01 3.274000000000000000e-03
1.100000000000000000e+01 8.000000000000000000e+00 4.400000000000000000e+01 0.000000000000000000e+00 1.600000000000000089e+00 -3.075000000000000042e-03 6.509999999999999945e-04 9.999949999999999672e-01 -7.930749999999999744e-01 -6.091210000000000235e-01 -2.041999999999999978e-03 6.091170000000000195e-01 -7.930770000000000319e-01 2.390000000000000197e-03
1.900000000000000000e+01 8.000000000000000000e+00 4.400000000000000000e+01 0.000000000000000000e+00 1.600000000000000089e+00 -1.667000000000000079e-03 2.763999999999999964e-03 9.999949999999999672e-01 -8.027410000000000379e-01 -5.963279999999999692e-01 3.099999999999999999e-04 5.963260000000000227e-01 -8.027360000000000051e-01 3.213000000000000144e-03
2.100000000000000000e+01 5.400000000000000000e+01 4.600000000000000000e+01 0.000000000000000000e+00 1.600000000000000089e+00 -1.277599999999999916e-02 -4.134800000000000281e-02 9.990630000000000344e-01 2.684480000000000199e-01 -9.626059999999999617e-01 -3.640700000000000186e-02 9.632089999999999819e-01 2.677309999999999968e-01 2.339799999999999866e-02
2.000000000000000000e+00 2.900000000000000000e+01 4.800000000000000000e+01 0.000000000000000000e+00 1.600000000000000089e+00 -1.691999999999999928e-03 -1.578999999999999848e-02 9.998740000000000405e-01 -3.640780000000000127e-01 -9.312420000000000142e-01 -1.532200000000000055e-02 9.313669999999999449e-01 -3.640579999999999927e-01 -4.172999999999999626e-03
1.700000000000000000e+01 2.900000000000000000e+01 4.800000000000000000e+01 0.000000000000000000e+00 1.600000000000000089e+00 4.883000000000000188e-03 -1.071420000000000011e-01 9.942320000000000046e-01 3.583450000000000246e-01 9.284010000000000318e-01 9.828800000000000037e-02 -9.335759999999999614e-01 3.557980000000000032e-01 4.292699999999999988e-02
2.700000000000000000e+01 2.900000000000000000e+01 4.800000000000000000e+01 0.000000000000000000e+00 1.600000000000000089e+00 5.640000000000000482e-04 -1.271300000000000034e-02 9.999190000000000023e-01 3.563040000000000096e-01 9.342970000000000441e-01 1.167799999999999915e-02 -9.343700000000000339e-01 3.562690000000000023e-01 5.055999999999999731e-03
3.000000000000000000e+01 5.000000000000000000e+00 5.100000000000000000e+01 0.000000000000000000e+00 1.600000000000000089e+00 1.832999999999999994e-03 8.604000000000000536e-03 -9.999609999999999888e-01 4.841809999999999725e-01 -8.749419999999999975e-01 -6.641000000000000202e-03 -8.749660000000000215e-01 -4.841500000000000248e-01 -5.769999999999999955e-03
5.000000000000000000e+00 3.800000000000000000e+01 5.100000000000000000e+01 0.000000000000000000e+00 1.600000000000000089e+00 -3.257579999999999920e-01 -4.178250000000000020e-01 8.481180000000000385e-01 9.428069999999999506e-01 -2.106220000000000037e-01 2.583650000000000113e-01 7.068099999999999383e-02 8.837760000000000060e-01 4.625400000000000067e-01
2.900000000000000000e+01 1.150000000000000000e+02 5.100000000000000000e+01 0.000000000000000000e+00 1.600000000000000089e+00 9.909999999999999105e-04 -2.464200000000000071e-02 9.996960000000000290e-01 8.385939999999999506e-01 -5.445699999999999985e-01 -1.425500000000000031e-02 5.447560000000000180e-01 8.383530000000000149e-01 2.012500000000000053e-02
9.000000000000000000e+00 7.000000000000000000e+00 5.200000000000000000e+01 0.000000000000000000e+00 1.600000000000000089e+00 -3.559999999999999797e-04 2.138999999999999842e-03 -9.999980000000000535e-01 7.695499999999999563e-02 -9.970320000000000293e-01 -2.160000000000000028e-03 -9.970339999999999758e-01 -7.695599999999999663e-02 1.900000000000000105e-04
1.700000000000000000e+01 5.800000000000000000e+01 5.200000000000000000e+01 0.000000000000000000e+00 1.600000000000000089e+00 -6.477000000000000118e-03 -3.177300000000000263e-02 9.994739999999999736e-01 -6.175460000000000393e-01 7.862540000000000084e-01 2.099300000000000124e-02 -7.865079999999999849e-01 -6.170860000000000234e-01 -2.471399999999999986e-02
1.300000000000000000e+01 5.700000000000000000e+01 5.300000000000000000e+01 0.000000000000000000e+00 1.600000000000000089e+00 -1.273099999999999926e-02 -1.573599999999999999e-02 9.997949999999999893e-01 -5.393649999999999833e-01 8.420480000000000187e-01 6.385000000000000051e-03 -8.419759999999999467e-01 -5.391730000000000134e-01 -1.920699999999999838e-02
6.000000000000000000e+00 6.300000000000000000e+01 5.400000000000000000e+01 0.000000000000000000e+00 1.600000000000000089e+00 1.789000000000000009e-03 -3.199999999999999855e-05 9.999980000000000535e-01 -3.640599999999999947e-01 9.313749999999999529e-01 6.809999999999999647e-04 -9.313740000000000352e-01 -3.640599999999999947e-01 1.655000000000000004e-03
1.400000000000000000e+01 6.300000000000000000e+01 5.400000000000000000e+01 0.000000000000000000e+00 1.600000000000000089e+00 -2.001000000000000174e-03 -5.239999999999999866e-03 9.999839999999999840e-01 -3.685479999999999867e-01 9.295999999999999819e-01 4.133999999999999654e-03 -9.296069999999999611e-01 -3.685329999999999995e-01 -3.791000000000000099e-03
1.900000000000000000e+01 6.300000000000000000e+01 5.400000000000000000e+01 0.000000000000000000e+00 1.600000000000000089e+00 -2.755000000000000070e-03 -1.070300000000000071e-02 9.999390000000000223e-01 -3.687650000000000095e-01 9.294799999999999729e-01 8.932999999999999968e-03 -9.295179999999999554e-01 -3.687179999999999902e-01 -6.507999999999999896e-03
2.400000000000000000e+01 6.300000000000000000e+01 5.400000000000000000e+01 0.000000000000000000e+00 1.600000000000000089e+00 9.979999999999999722e-04 -8.899999999999999491e-04 9.999989999999999712e-01 -3.819080000000000252e-01 9.241989999999999927e-01 1.203000000000000076e-03 -9.242000000000000215e-01 -3.819089999999999985e-01 5.829999999999999679e-04
2.900000000000000000e+01 6.300000000000000000e+01 5.400000000000000000e+01 0.000000000000000000e+00 1.600000000000000089e+00 -2.652999999999999976e-03 -2.488999999999999893e-03 9.999930000000000208e-01 -3.851430000000000131e-01 9.228560000000000096e-01 1.275000000000000092e-03 -9.228530000000000344e-01 -3.851370000000000071e-01 -3.406999999999999872e-03
1.500000000000000000e+01 2.600000000000000000e+01 5.500000000000000000e+01 0.000000000000000000e+00 1.600000000000000089e+00 -3.289999999999999739e-04 -4.808999999999999907e-03 -9.999879999999999880e-01 -2.832000000000000142e-02 -9.995870000000000033e-01 4.817000000000000101e-03 -9.995990000000000153e-01 2.832199999999999995e-02 1.920000000000000049e-04
1.600000000000000000e+01 2.900000000000000000e+01 5.500000000000000000e+01 0.000000000000000000e+00 1.600000000000000089e+00 2.709000000000000036e-03 4.295199999999999713e-02 9.990729999999999889e-01 7.050900000000000223e-02 -9.965990000000000126e-01 4.265499999999999847e-02 9.975070000000000325e-01 7.032800000000000162e-02 -5.727999999999999585e-03
2.400000000000000000e+01 5.600000000000000000e+01 5.500000000000000000e+01 0.000000000000000000e+00 1.600000000000000089e+00 -1.472140000000000115e-01 2.489339999999999886e-01 -9.572669999999999790e-01 -8.842780000000000085e-01 -4.667330000000000090e-01 1.461699999999999978e-02 -4.431490000000000151e-01 8.486409999999999787e-01 2.888370000000000104e-01
2.000000000000000000e+00 2.000000000000000000e+01 6.000000000000000000e+01 0.000000000000000000e+00 1.600000000000000089e+00 8.779999999999999827e-04 -3.125000000000000173e-03 9.999949999999999672e-01 -6.048699999999999910e-02 9.981640000000000512e-01 3.171999999999999906e-03 -9.981689999999999729e-01 -6.049000000000000210e-02 6.880000000000000265e-04
1.500000000000000000e+01 2.000000000000000000e+01 6.000000000000000000e+01 0.000000000000000000e+00 1.600000000000000089e+00 1.595000000000000064e-03 1.694999999999999892e-03 9.999970000000000248e-01 -6.308400000000000118e-02 9.980069999999999775e-01 -1.590999999999999966e-03 -9.980069999999999775e-01 -6.308099999999999818e-02 1.698000000000000074e-03
6.000000000000000000e+00 2.100000000000000000e+01 6.000000000000000000e+01 0.000000000000000000e+00 1.600000000000000089e+00 -1.021999999999999905e-03 -3.889999999999999795e-03 9.999919999999999920e-01 -9.724299999999999611e-02 9.952539999999999720e-01 3.772000000000000179e-03 -9.952600000000000335e-01 -9.723800000000000499e-02 -1.396000000000000105e-03
1.200000000000000000e+01 2.100000000000000000e+01 6.000000000000000000e+01 0.000000000000000000e+00 1.600000000000000089e+00 -2.090000000000000115e-04 2.730999999999999921e-03 9.999959999999999960e-01 -9.524199999999999333e-02 9.954499999999999460e-01 -2.739000000000000115e-03 -9.954539999999999500e-01 -9.524199999999999333e-02 5.199999999999999680e-05
2.100000000000000000e+01 2.100000000000000000e+01 6.000000000000000000e+01 0.000000000000000000e+00 1.600000000000000089e+00 1.420000000000000092e-04 3.027999999999999876e-03 9.999949999999999672e-01 -9.610200000000000686e-02 9.953670000000000018e-01 -3.000000000000000062e-03 -9.953720000000000345e-01 -9.610100000000000586e-02 4.330000000000000081e-04
2.500000000000000000e+01 2.100000000000000000e+01 6.000000000000000000e+01 0.000000000000000000e+00 1.600000000000000089e+00 9.820000000000000170e-04 -9.105000000000000246e-03 9.999580000000000135e-01 -9.734500000000000097e-02 9.952090000000000103e-01 9.157000000000000209e-03 -9.952499999999999680e-01 -9.734900000000000497e-02 9.100000000000000287e-05
2.500000000000000000e+01 6.000000000000000000e+00 6.100000000000000000e+01 0.000000000000000000e+00 1.600000000000000089e+00 -1.618000000000000081e-03 -5.573999999999999962e-03 9.999829999999999552e-01 5.690539999999999488e-01 -8.222920000000000229e-01 -3.663000000000000023e-03 8.222979999999999734e-01 5.690389999999999615e-01 4.501999999999999925e-03
4.000000000000000000e+00 2.700000000000000000e+01 6.300000000000000000e+01 0.000000000000000000e+00 1.600000000000000089e+00 -2.076000000000000154e-03 -7.993000000000000105e-03 9.999660000000000215e-01 -2.761859999999999871e-01 9.610779999999999879e-01 7.108999999999999868e-03 -9.611020000000000119e-01 -2.761609999999999898e-01 -4.203000000000000139e-03
1.500000000000000000e+01 2.700000000000000000e+01 6.300000000000000000e+01 0.000000000000000000e+00 1.600000000000000089e+00 1.479999999999999925e-04 3.150000000000000131e-04 1.000000000000000000e+00 -2.707160000000000122e-01 9.626590000000000424e-01 -2.629999999999999959e-04 -9.626590000000000424e-01 -2.707149999999999834e-01 2.280000000000000126e-04
2.300000000000000000e+01 2.700000000000000000e+01 6.300000000000000000e+01 0.000000000000000000e+00 1.600000000000000089e+00 2.916999999999999888e-03 -5.603000000000000341e-03 9.999799999999999800e-01 -2.656720000000000192e-01 9.640440000000000120e-01 6.177000000000000199e-03 -9.640589999999999993e-01 -2.656850000000000045e-01 1.324000000000000090e-03
2.600000000000000000e+01 2.700000000000000000e+01 6.300000000000000000e+01 0.000000000000000000e+00 1.600000000000000089e+00 4.088999999999999753e-03 2.152000000000000093e-02 9.997599999999999820e-01 -2.627909999999999968e-01 9.646519999999999539e-01 -1.968999999999999917e-02 -9.648440000000000349e-01 -2.626470000000000193e-01 9.599999999999999159e-03
2.100000000000000000e+01 4.400000000000000000e+01 6.300000000000000000e+01 0.000000000000000000e+00 1.600000000000000089e+00 9.070329999999999782e-01 3.118210000000000148e-01 -2.829479999999999773e-01 4.177359999999999962e-01 -7.506909999999999972e-01 5.118200000000000527e-01 -5.281000000000000277e-02 -5.824350000000000360e-01 -8.111599999999999921e-01
4.000000000000000000e+00 2.600000000000000000e+01 6.400000000000000000e+01 0.000000000000000000e+00 1.600000000000000089e+00 -1.771999999999999921e-03 -9.662999999999999715e-03 9.999519999999999520e-01 -3.669450000000000212e-01 9.302049999999999486e-01 8.337999999999999926e-03 -9.302409999999999846e-01 -3.669129999999999892e-01 -5.193999999999999832e-03
9.000000000000000000e+00 2.600000000000000000e+01 6.400000000000000000e+01 0.000000000000000000e+00 1.600000000000000089e+00 -1.140000000000000063e-04 -1.301999999999999989e-03 9.999989999999999712e-01 -3.623560000000000114e-01 9.320389999999999509e-01 1.172000000000000082e-03 -9.320399999999999796e-01 -3.623560000000000114e-01 -5.779999999999999548e-04
1.500000000000000000e+01 2.600000000000000000e+01 6.400000000000000000e+01 0.000000000000000000e+00 1.600000000000000089e+00 7.370000000000000249e-04 1.379999999999999933e-04 1.000000000000000000e+00 -3.629299999999999748e-01 9.318159999999999776e-01 1.389999999999999905e-04 -9.318159999999999776e-01 -3.629299999999999748e-01 7.360000000000000006e-04
2.300000000000000000e+01 2.600000000000000000e+01 6.400000000000000000e+01 0.000000000000000000e+00 1.600000000000000089e+00 2.642999999999999950e-03 -5.629000000000000323e-03 9.999810000000000088e-01 -3.610149999999999748e-01 9.325390000000000068e-01 6.204000000000000313e-03 -9.325560000000000516e-01 -3.610249999999999848e-01 4.330000000000000081e-04
2.600000000000000000e+01 2.600000000000000000e+01 6.400000000000000000e+01 0.000000000000000000e+00 1.600000000000000089e+00 2.191999999999999938e-03 6.896000000000000220e-03 9.999740000000000295e-01 -3.592330000000000245e-01 9.332310000000000327e-01 -5.648000000000000242e-03 -9.332449999999999912e-01 -3.592110000000000025e-01 4.523000000000000111e-03
2.700000000000000000e+01 8.000000000000000000e+01 6.500000000000000000e+01 0.000000000000000000e+00 1.600000000000000089e+00 -1.556399999999999971e-02 1.281700000000000027e-02 9.997970000000000468e-01 -7.898049999999999793e-01 -6.133420000000000538e-01 -4.432000000000000176e-03 6.131600000000000383e-01 -7.897140000000000271e-01 1.966899999999999898e-02
1.600000000000000000e+01 8.000000000000000000e+00 6.700000000000000000e+01 0.000000000000000000e+00 1.600000000000000089e+00 -3.684999999999999908e-03 -4.926999999999999956e-03 -9.999810000000000088e-01 -1.383469999999999978e-01 -9.903690000000000548e-01 5.388999999999999693e-03 -9.903769999999999518e-01 1.383649999999999880e-01 2.968000000000000152e-03
1.700000000000000000e+01 7.100000000000000000e+01 7.200000000000000000e+01 0.000000000000000000e+00 1.600000000000000089e+00 7.263410000000000144e-01 5.155170000000000030e-01 4.546109999999999873e-01 -2.955289999999999861e-01 -3.629200000000000204e-01 8.837150000000000283e-01 6.205580000000000540e-01 -7.762289999999999468e-01 -1.112530000000000047e-01
4.000000000000000000e+00 2.500000000000000000e+01 7.300000000000000000e+01 0.000000000000000000e+00 1.600000000000000089e+00 -6.328000000000000291e-03 -2.638000000000000154e-03 9.999770000000000048e-01 7.458669999999999467e-01 -6.660880000000000134e-01 2.961999999999999789e-03 6.660650000000000182e-01 7.458679999999999755e-01 6.183000000000000128e-03
8.000000000000000000e+00 2.500000000000000000e+01 7.300000000000000000e+01 0.000000000000000000e+00 1.600000000000000089e+00 -1.072999999999999952e-03 -6.430000000000000169e-04 9.999989999999999712e-01 7.505659999999999554e-01 -6.607960000000000500e-01 3.809999999999999910e-04 6.607950000000000212e-01 7.505650000000000377e-01 1.191999999999999917e-03
1.400000000000000000e+01 2.500000000000000000e+01 7.300000000000000000e+01 0.000000000000000000e+00 1.600000000000000089e+00 1.830999999999999945e-03 5.465000000000000240e-03 9.999829999999999552e-01 7.552640000000000464e-01 -6.554170000000000273e-01 2.199000000000000000e-03 6.554189999999999738e-01 7.552470000000000017e-01 -5.327000000000000138e-03
2.000000000000000000e+01 2.500000000000000000e+01 7.300000000000000000e+01 0.000000000000000000e+00 1.600000000000000089e+00 -1.312600000000000051e-02 6.021999999999999575e-03 9.998960000000000070e-01 7.607099999999999973e-01 -6.489439999999999653e-01 1.389400000000000010e-02 6.489599999999999813e-01 7.608129999999999615e-01 3.937000000000000395e-03
1.000000000000000000e+00 4.400000000000000000e+01 7.300000000000000000e+01 0.000000000000000000e+00 1.600000000000000089e+00 1.838999999999999923e-03 -2.820000000000000241e-04 9.999980000000000535e-01 5.507700000000000096e-02 -9.984819999999999807e-01 -3.829999999999999854e-04 9.984800000000000342e-01 5.507800000000000196e-02 -1.820999999999999919e-03
1.900000000000000000e+01 4.400000000000000000e+01 7.300000000000000000e+01 0.000000000000000000e+00 1.600000000000000089e+00 9.438000000000000209e-03 -4.096999999999999947e-03 9.999470000000000303e-01 6.884400000000000241e-02 -9.976159999999999473e-01 -4.736999999999999891e-03 9.975829999999999975e-01 6.888500000000000179e-02 -9.133999999999999758e-03
2.400000000000000000e+01 2.500000000000000000e+01 7.400000000000000000e+01 0.000000000000000000e+00 1.600000000000000089e+00 -6.697999999999999961e-03 -6.179999999999999513e-04 9.999770000000000048e-01 8.387510000000000243e-01 -5.444900000000000295e-01 5.281000000000000104e-03 5.444750000000000423e-01 8.387670000000000403e-01 4.165000000000000299e-03
