2.000000000000000000e+00 4.200000000000000000e+01 2.000000000000000000e+00 0.000000000000000000e+00 1.600000000000000089e+00 -7.762999999999999935e-03 -3.655100000000000016e-02 9.993020000000000236e-01 9.901440000000000241e-01 1.394680000000000086e-01 1.279300000000000055e-02 -1.398379999999999901e-01 9.895519999999999872e-01 3.510800000000000032e-02
7.000000000000000000e+00 4.200000000000000000e+01 2.000000000000000000e+00 0.000000000000000000e+00 1.600000000000000089e+00 -7.886000000000000648e-03 -1.454500000000000064e-02 9.998629999999999463e-01 9.879980000000000429e-01 1.541389999999999982e-01 1.003500000000000052e-02 -1.542640000000000122e-01 9.879419999999999868e-01 1.315500000000000003e-02
3.000000000000000000e+00 1.600000000000000000e+01 4.000000000000000000e+00 0.000000000000000000e+00 1.600000000000000089e+00 -3.531999999999999983e-03 1.849200000000000149e-02 9.998230000000000173e-01 3.236580000000000013e-01 -9.459899999999999975e-01 1.864000000000000032e-02 9.461669999999999803e-01 3.236669999999999825e-01 -2.644000000000000083e-03
6.000000000000000000e+00 1.600000000000000000e+01 4.000000000000000000e+00 0.000000000000000000e+00 1.600000000000000089e+00 3.265000000000000107e-03 2.613400000000000098e-02 9.996530000000000138e-01 3.235469999999999735e-01 -9.459159999999999791e-01 2.367199999999999860e-02 9.462059999999999915e-01 3.233579999999999788e-01 -1.154299999999999944e-02
1.100000000000000000e+01 1.600000000000000000e+01 4.000000000000000000e+00 0.000000000000000000e+00 1.600000000000000089e+00 -8.170000000000000179e-04 1.555699999999999965e-02 9.998789999999999623e-01 3.228719999999999923e-01 -9.463240000000000540e-01 1.498799999999999959e-02 9.464420000000000055e-01 3.228460000000000218e-01 -4.249000000000000173e-03
2.100000000000000000e+01 1.600000000000000000e+01 4.000000000000000000e+00 0.000000000000000000e+00 1.600000000000000089e+00 -3.629999999999999872e-04 9.684999999999999165e-03 9.999529999999999808e-01 3.222400000000000264e-01 -9.466120000000000090e-01 9.286000000000000851e-03 9.466579999999999995e-01 3.222289999999999877e-01 -2.776999999999999955e-03
2.900000000000000000e+01 1.600000000000000000e+01 4.000000000000000000e+00 0.000000000000000000e+00 1.600000000000000089e+00 -5.310999999999999749e-03 -2.304000000000000058e-03 9.999829999999999552e-01 3.255810000000000093e-01 -9.455139999999999656e-01 -4.490000000000000176e-04 9.454989999999999783e-01 3.255730000000000013e-01 5.772000000000000221e-03
3.000000000000000000e+00 1.500000000000000000e+01 8.000000000000000000e+00 0.000000000000000000e+00 1.600000000000000089e+00 7.372000000000000081e-03 1.439700000000000008e-02 -9.998690000000000078e-01 -5.642629999999999590e-01 -8.254399999999999515e-01 -1.604600000000000123e-02 -8.255630000000000468e-01 5.643070000000000030e-01 2.037999999999999881e-03
8.000000000000000000e+00 1.500000000000000000e+01 8.000000000000000000e+00 0.000000000000000000e+00 1.600000000000000089e+00 4.814999999999999836e-03 2.142600000000000060e-02 -9.997589999999999533e-01 -5.641610000000000236e-01 -8.254129999999999523e-01 -2.040700000000000153e-02 -8.256510000000000238e-01 5.641230000000000411e-01 8.113999999999999685e-03
2.000000000000000000e+00 2.600000000000000000e+01 8.000000000000000000e+00 0.000000000000000000e+00 1.600000000000000089e+00 -5.007000000000000166e-03 -1.228100000000000025e-02 -9.999120000000000230e-01 4.181360000000000077e-01 9.082879999999999843e-01 -1.324900000000000036e-02 9.083710000000000395e-01 -4.181650000000000089e-01 5.869999999999999567e-04
9.000000000000000000e+00 2.600000000000000000e+01 8.000000000000000000e+00 0.000000000000000000e+00 1.600000000000000089e+00 -4.605999999999999851e-03 -1.899599999999999900e-02 -9.998089999999999478e-01 4.215610000000000190e-01 9.065969999999999862e-01 -1.916700000000000001e-02 9.067880000000000384e-01 -4.215690000000000270e-01 3.831999999999999903e-03
1.200000000000000000e+01 2.600000000000000000e+01 8.000000000000000000e+00 0.000000000000000000e+00 1.600000000000000089e+00 -5.212999999999999752e-03 -2.040399999999999853e-02 -9.997779999999999445e-01 4.233040000000000136e-01 9.057520000000000016e-01 -2.069199999999999859e-02 9.059730000000000283e-01 -4.233180000000000276e-01 3.916000000000000210e-03
1.500000000000000000e+01 2.600000000000000000e+01 8.000000000000000000e+00 0.000000000000000000e+00 1.600000000000000089e+00 -5.746000000000000239e-03 -2.206400000000000028e-02 -9.997399999999999620e-01 4.254069999999999796e-01 9.047250000000000014e-01 -2.241200000000000137e-02 9.049840000000000106e-01 -4.254249999999999976e-01 4.186999999999999750e-03
1.900000000000000000e+01 2.600000000000000000e+01 8.000000000000000000e+00 0.000000000000000000e+00 1.600000000000000089e+00 -3.997999999999999818e-03 -3.409999999999999837e-03 -9.999860000000000415e-01 4.282799999999999940e-01 9.036330000000000195e-01 -4.793999999999999651e-03 9.036370000000000235e-01 -4.282929999999999793e-01 -2.152999999999999966e-03
2.400000000000000000e+01 2.600000000000000000e+01 8.000000000000000000e+00 0.000000000000000000e+00 1.600000000000000089e+00 -2.273999999999999980e-03 -9.889999999999999486e-03 -9.999489999999999768e-01 4.271530000000000049e-01 9.041249999999999565e-01 -9.913999999999999202e-03 9.041759999999999797e-01 -4.271539999999999782e-01 2.167999999999999788e-03
2.800000000000000000e+01 2.600000000000000000e+01 8.000000000000000000e+00 0.000000000000000000e+00 1.600000000000000089e+00 -3.371999999999999997e-03 -1.714200000000000099e-02 -9.998470000000000413e-01 4.271650000000000169e-01 9.040150000000000130e-01 -1.693899999999999920e-02 9.041670000000000540e-01 -4.271570000000000089e-01 4.274000000000000021e-03
1.300000000000000000e+01 1.400000000000000000e+01 9.000000000000000000e+00 0.000000000000000000e+00 1.600000000000000089e+00 6.865999999999999708e-03 1.496399999999999987e-02 -9.998639999999999750e-01 -5.576449999999999463e-01 -8.299199999999999910e-01 -1.625000000000000056e-02 -8.300509999999999833e-01 5.576809999999999823e-01 2.647000000000000047e-03
1.600000000000000000e+01 1.400000000000000000e+01 9.000000000000000000e+00 0.000000000000000000e+00 1.600000000000000089e+00 6.492999999999999640e-03 1.648700000000000165e-02 -9.998430000000000373e-01 -5.559859999999999802e-01 -8.310110000000000552e-01 -1.731299999999999853e-02 -8.311659999999999604e-01 5.560110000000000330e-01 3.771000000000000046e-03
2.000000000000000000e+01 1.400000000000000000e+01 9.000000000000000000e+00 0.000000000000000000e+00 1.600000000000000089e+00 5.398000000000000020e-03 1.178500000000000034e-02 -9.999160000000000270e-01 -5.546240000000000059e-01 -8.320020000000000193e-01 -1.280000000000000061e-02 -8.320830000000000171e-01 5.546470000000000011e-01 2.044999999999999943e-03
2.400000000000000000e+01 1.400000000000000000e+01 9.000000000000000000e+00 0.000000000000000000e+00 1.600000000000000089e+00 2.442000000000000160e-03 2.928000000000000047e-03 -9.999930000000000208e-01 -5.551139999999999963e-01 -8.317660000000000053e-01 -3.791000000000000099e-03 -8.317710000000000381e-01 5.551190000000000291e-01 -4.049999999999999781e-04
7.000000000000000000e+00 3.100000000000000000e+01 1.200000000000000000e+01 0.000000000000000000e+00 1.600000000000000089e+00 -3.001999999999999894e-03 1.443999999999999971e-03 9.999940000000000495e-01 1.510300000000000011e-02 9.998850000000000238e-01 -1.397999999999999937e-03 -9.998810000000000198e-01 1.509899999999999957e-02 -3.023000000000000079e-03
1.000000000000000000e+01 3.100000000000000000e+01 1.200000000000000000e+01 0.000000000000000000e+00 1.600000000000000089e+00 -1.956999999999999972e-03 -1.019999999999999992e-04 9.999980000000000535e-01 1.576400000000000023e-02 9.998759999999999870e-01 1.330000000000000073e-04 -9.998740000000000405e-01 1.576400000000000023e-02 -1.955000000000000140e-03
1.300000000000000000e+01 3.100000000000000000e+01 1.200000000000000000e+01 0.000000000000000000e+00 1.600000000000000089e+00 -4.949999999999999973e-04 9.000000000000000567e-05 1.000000000000000000e+00 1.528599999999999924e-02 9.998829999999999663e-01 -8.200000000000000095e-05 -9.998829999999999663e-01 1.528599999999999924e-02 -4.960000000000000216e-04
1.800000000000000000e+01 3.100000000000000000e+01 1.200000000000000000e+01 0.000000000000000000e+00 1.600000000000000089e+00 6.999999999999999929e-04 4.539999999999999765e-04 1.000000000000000000e+00 1.457199999999999988e-02 9.998939999999999495e-01 -4.640000000000000027e-04 -9.998939999999999495e-01 1.457299999999999915e-02 6.930000000000000396e-04
8.000000000000000000e+00 3.200000000000000000e+01 1.400000000000000000e+01 0.000000000000000000e+00 1.600000000000000089e+00 3.886999999999999830e-03 3.649999999999999816e-04 -9.999919999999999920e-01 1.219839999999999952e-01 9.925319999999999698e-01 8.369999999999999619e-04 9.925249999999999906e-01 -1.219859999999999972e-01 3.812999999999999983e-03
3.000000000000000000e+00 1.200000000000000000e+01 1.500000000000000000e+01 0.000000000000000000e+00 1.600000000000000089e+00 5.211000000000000354e-03 3.974000000000000102e-03 -9.999789999999999512e-01 -4.692049999999999832e-01 -8.830689999999999928e-01 -5.954000000000000091e-03 -8.830740000000000256e-01 4.692259999999999764e-01 -2.736999999999999850e-03
6.000000000000000000e+00 1.200000000000000000e+01 1.500000000000000000e+01 0.000000000000000000e+00 1.600000000000000089e+00 3.897999999999999989e-03 9.324999999999999956e-03 -9.999489999999999768e-01 -4.699450000000000016e-01 -8.826380000000000337e-01 -1.006300000000000076e-02 -8.826869999999999994e-01 4.699610000000000176e-01 9.420000000000000205e-04
1.400000000000000000e+01 1.200000000000000000e+01 1.500000000000000000e+01 0.000000000000000000e+00 1.600000000000000089e+00 4.890000000000000249e-03 5.308000000000000218e-03 -9.999740000000000295e-01 -4.687769999999999992e-01 -8.832889999999999908e-01 -6.981000000000000226e-03 -8.833029999999999493e-01 4.687990000000000212e-01 -1.830999999999999945e-03
2.000000000000000000e+00 1.160000000000000000e+02 1.600000000000000000e+01 0.000000000000000000e+00 1.600000000000000089e+00 -3.710000000000000190e-04 -3.950000000000000061e-04 1.000000000000000000e+00 6.732050000000000534e-01 7.394549999999999734e-01 5.410000000000000312e-04 -7.394560000000000022e-01 6.732050000000000534e-01 -7.999999999999999638e-06
2.100000000000000000e+01 1.160000000000000000e+02 1.600000000000000000e+01 0.000000000000000000e+00 1.600000000000000089e+00 -1.691000000000000012e-03 -2.356000000000000021e-03 9.999959999999999960e-01 7.016160000000000174e-01 7.125489999999999879e-01 2.864999999999999925e-03 -7.125529999999999919e-01 7.016179999999999639e-01 4.479999999999999933e-04
2.500000000000000000e+01 1.160000000000000000e+02 1.600000000000000000e+01 0.000000000000000000e+00 1.600000000000000089e+00 -9.979999999999999722e-04 -7.470000000000000511e-04 9.999989999999999712e-01 6.783569999999999878e-01 7.347310000000000230e-01 1.226000000000000093e-03 -7.347320000000000517e-01 6.783580000000000165e-01 -2.259999999999999910e-04
2.800000000000000000e+01 1.160000000000000000e+02 1.600000000000000000e+01 0.000000000000000000e+00 1.600000000000000089e+00 -1.459999999999999981e-04 9.899999999999999404e-05 1.000000000000000000e+00 6.707359999999999989e-01 7.416970000000000507e-01 2.500000000000000120e-05 -7.416970000000000507e-01 6.707359999999999989e-01 -1.749999999999999982e-04
4.000000000000000000e+00 2.000000000000000000e+00 1.900000000000000000e+01 0.000000000000000000e+00 1.600000000000000089e+00 -4.859999999999999954e-04 -1.940000000000000101e-03 -9.999980000000000535e-01 1.665169999999999983e-01 -9.860370000000000523e-01 1.832000000000000078e-03 -9.860379999999999701e-01 -1.665159999999999973e-01 8.019999999999999785e-04
9.000000000000000000e+00 2.000000000000000000e+00 1.900000000000000000e+01 0.000000000000000000e+00 1.600000000000000089e+00 2.137000000000000011e-03 6.688999999999999634e-03 -9.999749999999999472e-01 1.699869999999999992e-01 -9.854270000000000529e-01 -6.228000000000000029e-03 -9.854439999999999866e-01 -1.699700000000000100e-01 -3.242999999999999789e-03
1.500000000000000000e+01 2.000000000000000000e+00 1.900000000000000000e+01 0.000000000000000000e+00 1.600000000000000089e+00 -1.832000000000000078e-03 8.480000000000000124e-04 -9.999980000000000535e-01 1.687800000000000133e-01 -9.856530000000000014e-01 -1.144999999999999967e-03 -9.856519999999999726e-01 -1.687819999999999876e-01 1.662999999999999982e-03
1.900000000000000000e+01 2.000000000000000000e+00 1.900000000000000000e+01 0.000000000000000000e+00 1.600000000000000089e+00 -1.064000000000000059e-03 4.375999999999999682e-03 -9.999900000000000455e-01 1.607520000000000060e-01 -9.869850000000000012e-01 -4.491000000000000200e-03 -9.869940000000000380e-01 -1.607550000000000090e-01 3.469999999999999777e-04
2.400000000000000000e+01 2.000000000000000000e+00 1.900000000000000000e+01 0.000000000000000000e+00 1.600000000000000089e+00 3.222000000000000038e-03 3.200000000000000262e-04 -9.999949999999999672e-01 1.601219999999999866e-01 -9.870970000000000022e-01 2.000000000000000096e-04 -9.870919999999999694e-01 -1.601219999999999866e-01 -3.232000000000000064e-03
2.700000000000000000e+01 2.000000000000000000e+00 1.900000000000000000e+01 0.000000000000000000e+00 1.600000000000000089e+00 2.435999999999999797e-03 2.849999999999999886e-04 -9.999970000000000248e-01 1.606350000000000000e-01 -9.870139999999999469e-01 1.100000000000000039e-04 -9.870109999999999717e-01 -1.606350000000000000e-01 -2.449999999999999921e-03
3.000000000000000000e+00 1.300000000000000000e+01 2.000000000000000000e+01 0.000000000000000000e+00 1.600000000000000089e+00 2.280000000000000126e-04 -7.686000000000000124e-03 9.999700000000000255e-01 2.585779999999999745e-01 9.659619999999999873e-01 7.366000000000000152e-03 -9.659900000000000153e-01 2.585689999999999933e-01 2.207999999999999893e-03
7.000000000000000000e+00 1.300000000000000000e+01 2.000000000000000000e+01 0.000000000000000000e+00 1.600000000000000089e+00 -3.589999999999999984e-04 2.154999999999999798e-03 9.999980000000000535e-01 2.601100000000000079e-01 9.655770000000000186e-01 -1.987000000000000051e-03 -9.655789999999999651e-01 2.601089999999999791e-01 -9.070000000000000371e-04
1.100000000000000000e+01 1.300000000000000000e+01 2.000000000000000000e+01 0.000000000000000000e+00 1.600000000000000089e+00 -1.299000000000000024e-03 6.650000000000000095e-04 9.999989999999999712e-01 2.634070000000000022e-01 9.646850000000000147e-01 -2.999999999999999737e-04 -9.646839999999999860e-01 2.634070000000000022e-01 -1.428000000000000016e-03
2.000000000000000000e+01 1.300000000000000000e+01 2.000000000000000000e+01 0.000000000000000000e+00 1.600000000000000089e+00 9.899999999999999404e-05 -1.871000000000000050e-03 9.999980000000000535e-01 2.608170000000000210e-01 9.653869999999999951e-01 1.779999999999999898e-03 -9.653880000000000239e-01 2.608159999999999923e-01 5.829999999999999679e-04
2.600000000000000000e+01 1.300000000000000000e+01 2.000000000000000000e+01 0.000000000000000000e+00 1.600000000000000089e+00 1.020000000000000073e-03 -3.115999999999999846e-03 9.999949999999999672e-01 2.617459999999999787e-01 9.651330000000000187e-01 2.739999999999999814e-03 -9.651359999999999939e-01 2.617419999999999747e-01 1.799999999999999951e-03
4.000000000000000000e+00 1.600000000000000000e+01 2.100000000000000000e+01 0.000000000000000000e+00 1.600000000000000089e+00 -1.259999999999999998e-04 -5.120999999999999684e-03 9.999869999999999592e-01 2.964829999999999965e-01 9.550250000000000128e-01 4.928000000000000089e-03 -9.550380000000000535e-01 2.964800000000000213e-01 1.397999999999999937e-03
2.000000000000000000e+01 1.600000000000000000e+01 2.100000000000000000e+01 0.000000000000000000e+00 1.600000000000000089e+00 6.610000000000000207e-04 4.180000000000000230e-04 1.000000000000000000e+00 2.990099999999999980e-01 9.542500000000000426e-01 -5.959999999999999586e-04 -9.542500000000000426e-01 2.990110000000000268e-01 5.060000000000000478e-04
2.800000000000000000e+01 1.600000000000000000e+01 2.100000000000000000e+01 0.000000000000000000e+00 1.600000000000000089e+00 4.060000000000000024e-04 -3.418000000000000031e-03 9.999940000000000495e-01 2.979840000000000266e-01 9.545660000000000256e-01 3.141000000000000129e-03 -9.545709999999999473e-01 2.979809999999999959e-01 1.405999999999999915e-03
3.000000000000000000e+00 4.600000000000000000e+01 2.700000000000000000e+01 0.000000000000000000e+00 1.600000000000000089e+00 1.232000000000000022e-03 1.471000000000000085e-03 -9.999980000000000535e-01 6.785940000000000305e-01 7.345110000000000250e-01 1.917000000000000084e-03 7.345129999999999715e-01 -6.785949999999999482e-01 -9.399999999999999448e-05
5.000000000000000000e+00 4.600000000000000000e+01 3.000000000000000000e+01 0.000000000000000000e+00 1.600000000000000089e+00 4.330000000000000081e-04 -8.799999999999999771e-05 -1.000000000000000000e+00 3.355090000000000017e-01 9.420370000000000132e-01 6.299999999999999990e-05 9.420370000000000132e-01 -3.355090000000000017e-01 4.369999999999999970e-04
1.700000000000000000e+01 4.600000000000000000e+01 3.000000000000000000e+01 0.000000000000000000e+00 1.600000000000000089e+00 5.000000000000000240e-05 -4.640000000000000027e-04 -1.000000000000000000e+00 3.367850000000000010e-01 9.415820000000000300e-01 -4.200000000000000174e-04 9.415820000000000300e-01 -3.367850000000000010e-01 2.030000000000000012e-04
5.000000000000000000e+00 5.800000000000000000e+01 3.100000000000000000e+01 0.000000000000000000e+00 1.600000000000000089e+00 8.500000000000000611e-05 -1.629000000000000023e-03 9.999989999999999712e-01 -7.951310000000000322e-01 -6.064370000000000038e-01 -9.200000000000000278e-04 6.064380000000000326e-01 -7.951300000000000034e-01 -1.347000000000000107e-03
1.000000000000000000e+01 5.800000000000000000e+01 3.100000000000000000e+01 0.000000000000000000e+00 1.600000000000000089e+00 -1.569999999999999944e-04 -8.710000000000000294e-04 1.000000000000000000e+00 -7.984630000000000338e-01 -6.020429999999999948e-01 -6.499999999999999702e-04 6.020429999999999948e-01 -7.984630000000000338e-01 -6.009999999999999717e-04
1.800000000000000000e+01 5.800000000000000000e+01 3.100000000000000000e+01 0.000000000000000000e+00 1.600000000000000089e+00 -1.703000000000000087e-03 2.020000000000000040e-04 9.999989999999999712e-01 -7.981549999999999478e-01 -6.024509999999999588e-01 -1.237999999999999951e-03 6.024500000000000410e-01 -7.981559999999999766e-01 1.188000000000000037e-03
2.300000000000000000e+01 5.800000000000000000e+01 3.100000000000000000e+01 0.000000000000000000e+00 1.600000000000000089e+00 1.479999999999999925e-04 5.879999999999999810e-04 1.000000000000000000e+00 -7.968410000000000215e-01 -6.041889999999999761e-01 4.730000000000000046e-04 6.041889999999999761e-01 -7.968410000000000215e-01 3.789999999999999966e-04
2.900000000000000000e+01 5.800000000000000000e+01 3.100000000000000000e+01 0.000000000000000000e+00 1.600000000000000089e+00 8.149999999999999693e-04 5.059000000000000129e-03 9.999869999999999592e-01 -7.967750000000000110e-01 -6.042650000000000521e-01 3.706999999999999792e-03 6.042760000000000353e-01 -7.967670000000000030e-01 3.537999999999999912e-03
1.000000000000000000e+00 4.600000000000000000e+01 3.500000000000000000e+01 0.000000000000000000e+00 1.600000000000000089e+00 2.300000000000000070e-04 1.311000000000000099e-03 -9.999989999999999712e-01 3.879230000000000178e-01 -9.216910000000000380e-01 -1.118999999999999986e-03 -9.216919999999999558e-01 -3.879219999999999891e-01 -7.200000000000000453e-04
8.000000000000000000e+00 4.600000000000000000e+01 3.500000000000000000e+01 0.000000000000000000e+00 1.600000000000000089e+00 -1.830999999999999945e-03 5.172000000000000382e-03 -9.999850000000000128e-01 3.917760000000000131e-01 -9.200450000000000017e-01 -5.475999999999999965e-03 -9.200589999999999602e-01 -3.917800000000000171e-01 -3.409999999999999945e-04
1.100000000000000000e+01 4.600000000000000000e+01 3.500000000000000000e+01 0.000000000000000000e+00 1.600000000000000089e+00 -6.359999999999999551e-04 1.799000000000000035e-03 -9.999980000000000535e-01 3.915219999999999811e-01 -9.201669999999999572e-01 -1.905000000000000009e-03 -9.201679999999999859e-01 -3.915230000000000099e-01 -1.190000000000000058e-04
1.800000000000000000e+01 4.600000000000000000e+01 3.500000000000000000e+01 0.000000000000000000e+00 1.600000000000000089e+00 4.169999999999999987e-04 2.639999999999999986e-03 -9.999959999999999960e-01 3.909850000000000270e-01 -9.203940000000000454e-01 -2.266999999999999918e-03 -9.203970000000000207e-01 -3.909830000000000250e-01 -1.415999999999999941e-03
2.600000000000000000e+01 4.600000000000000000e+01 3.500000000000000000e+01 0.000000000000000000e+00 1.600000000000000089e+00 8.239999999999999712e-04 -6.257999999999999674e-03 -9.999799999999999800e-01 3.897909999999999986e-01 -9.208830000000000071e-01 6.083999999999999998e-03 -9.209030000000000271e-01 -3.897889999999999966e-01 1.680999999999999986e-03
3.000000000000000000e+01 4.600000000000000000e+01 3.500000000000000000e+01 0.000000000000000000e+00 1.600000000000000089e+00 1.129999999999999955e-04 -3.128999999999999837e-03 -9.999949999999999672e-01 3.892599999999999949e-01 -9.211230000000000251e-01 2.926999999999999914e-03 -9.211279999999999468e-01 -3.892590000000000217e-01 1.113999999999999973e-03
4.000000000000000000e+00 9.500000000000000000e+01 3.600000000000000000e+01 0.000000000000000000e+00 1.600000000000000089e+00 -4.721999999999999635e-03 -1.872300000000000006e-02 9.998139999999999805e-01 9.968350000000000266e-01 7.926099999999999812e-02 6.191999999999999588e-03 -7.936200000000000199e-02 9.966779999999999529e-01 1.828899999999999970e-02
8.000000000000000000e+00 9.500000000000000000e+01 3.600000000000000000e+01 0.000000000000000000e+00 1.600000000000000089e+00 4.667000000000000141e-03 1.207399999999999966e-02 9.999160000000000270e-01 9.965239999999999654e-01 8.311200000000000532e-02 -5.655000000000000304e-03 -8.317399999999999793e-02 9.964669999999999916e-01 -1.164399999999999984e-02
1.200000000000000000e+01 9.500000000000000000e+01 3.600000000000000000e+01 0.000000000000000000e+00 1.600000000000000089e+00 4.076999999999999895e-03 1.887399999999999842e-02 9.998139999999999805e-01 9.967240000000000544e-01 8.068699999999999484e-02 -5.588000000000000085e-03 -8.077700000000000158e-02 9.965610000000000301e-01 -1.848299999999999943e-02
1.600000000000000000e+01 9.500000000000000000e+01 3.600000000000000000e+01 0.000000000000000000e+00 1.600000000000000089e+00 -7.259999999999999743e-04 -9.353999999999999468e-03 9.999559999999999560e-01 9.972330000000000361e-01 7.432300000000000018e-02 1.420000000000000038e-03 -7.433299999999999630e-02 9.971900000000000208e-01 9.273999999999999258e-03
1.900000000000000000e+01 9.500000000000000000e+01 3.600000000000000000e+01 0.000000000000000000e+00 1.600000000000000089e+00 -3.027000000000000177e-03 -2.520100000000000118e-02 9.996779999999999555e-01 9.972739999999999938e-01 7.362900000000000000e-02 4.874999999999999993e-03 -7.372800000000000187e-02 9.969670000000000476e-01 2.490900000000000059e-02
2.200000000000000000e+01 9.500000000000000000e+01 3.600000000000000000e+01 0.000000000000000000e+00 1.600000000000000089e+00 -2.137000000000000011e-03 -1.842900000000000094e-02 9.998280000000000500e-01 9.973090000000000011e-01 7.323300000000000642e-02 3.481999999999999852e-03 -7.328500000000000292e-02 9.971449999999999481e-01 1.822299999999999962e-02
2.700000000000000000e+01 9.500000000000000000e+01 3.600000000000000000e+01 0.000000000000000000e+00 1.600000000000000089e+00 -1.567000000000000033e-03 5.150000000000000498e-04 9.999989999999999712e-01 9.970620000000000038e-01 7.658199999999999730e-02 1.523000000000000048e-03 -7.658099999999999630e-02 9.970630000000000326e-01 -6.329999999999999906e-04
1.300000000000000000e+01 3.000000000000000000e+00 4.300000000000000000e+01 0.000000000000000000e+00 1.600000000000000089e+00 2.272000000000000148e-03 7.636000000000000426e-03 -9.999679999999999680e-01 7.389379999999999837e-01 -6.737649999999999473e-01 -3.465999999999999897e-03 -6.737699999999999800e-01 -7.389069999999999805e-01 -7.172999999999999689e-03
1.800000000000000000e+01 3.000000000000000000e+00 4.300000000000000000e+01 0.000000000000000000e+00 1.600000000000000089e+00 -2.732000000000000053e-03 -6.237999999999999622e-03 -9.999770000000000048e-01 7.388559999999999572e-01 -6.738589999999999858e-01 2.184999999999999876e-03 -6.738579999999999570e-01 -7.388329999999999620e-01 6.448999999999999871e-03
2.400000000000000000e+01 3.000000000000000000e+00 4.300000000000000000e+01 0.000000000000000000e+00 1.600000000000000089e+00 1.451000000000000033e-03 1.268999999999999946e-03 -9.999980000000000535e-01 7.358339999999999881e-01 -6.771620000000000417e-01 2.079999999999999872e-04 -6.771599999999999842e-01 -7.358329999999999593e-01 -1.915999999999999951e-03
1.600000000000000000e+01 8.000000000000000000e+00 4.400000000000000000e+01 0.000000000000000000e+00 1.600000000000000089e+00 -2.509999999999999753e-04 1.624000000000000010e-03 9.999989999999999712e-01 -7.875170000000000226e-01 -6.162919999999999510e-01 8.040000000000000271e-04 6.162919999999999510e-01 -7.875159999999999938e-01 1.433999999999999945e-03
2.500000000000000000e+01 8.000000000000000000e+00 4.400000000000000000e+01 0.000000000000000000e+00 1.600000000000000089e+00 1.100000000000000039e-04 1.613000000000000067e-03 9.999989999999999712e-01 -7.832459999999999978e-01 -6.217110000000000136e-01 1.088999999999999907e-03 6.217120000000000424e-01 -7.832449999999999690e-01 1.195000000000000099e-03
2.000000000000000000e+00 2.900000000000000000e+01 4.400000000000000000e+01 0.000000000000000000e+00 1.600000000000000089e+00 4.841999999999999950e-03 3.913999999999999944e-03 -9.999810000000000088e-01 6.443349999999999911e-01 7.647190000000000376e-01 6.113000000000000378e-03 7.647279999999999633e-01 -6.443520000000000358e-01 1.180999999999999975e-03
1.000000000000000000e+01 2.900000000000000000e+01 4.400000000000000000e+01 0.000000000000000000e+00 1.600000000000000089e+00 4.288000000000000145e-03 3.690000000000000246e-04 -9.999909999999999632e-01 6.712099999999999733e-01 7.412600000000000300e-01 3.151999999999999854e-03 7.412549999999999972e-01 -6.712179999999999813e-01 2.931000000000000012e-03
1.500000000000000000e+01 2.900000000000000000e+01 4.400000000000000000e+01 0.000000000000000000e+00 1.600000000000000089e+00 1.118000000000000070e-03 -2.425000000000000072e-03 -9.999959999999999960e-01 6.768309999999999604e-01 7.361379999999999590e-01 -1.028000000000000051e-03 7.361370000000000413e-01 -6.768279999999999852e-01 2.464000000000000044e-03
1.900000000000000000e+01 2.900000000000000000e+01 4.400000000000000000e+01 0.000000000000000000e+00 1.600000000000000089e+00 -3.611000000000000060e-03 -2.919999999999999853e-03 -9.999890000000000168e-01 6.773209999999999509e-01 7.356740000000000501e-01 -4.593999999999999993e-03 7.356789999999999718e-01 -6.773299999999999876e-01 -6.790000000000000245e-04
2.300000000000000000e+01 7.000000000000000000e+01 4.700000000000000000e+01 0.000000000000000000e+00 1.600000000000000089e+00 -4.879999999999999898e-04 -3.930000000000000117e-04 -1.000000000000000000e+00 -8.423049999999999704e-01 -5.390009999999999524e-01 6.229999999999999644e-04 -5.390009999999999524e-01 8.423049999999999704e-01 -6.799999999999999946e-05
2.000000000000000000e+00 6.000000000000000000e+00 5.100000000000000000e+01 0.000000000000000000e+00 1.600000000000000089e+00 -7.948999999999999469e-03 3.416000000000000199e-03 -9.999630000000000463e-01 3.275980000000000003e-01 -9.447990000000000554e-01 -5.831000000000000245e-03 -9.447839999999999572e-01 -3.276319999999999788e-01 6.390999999999999980e-03
2.400000000000000000e+01 6.000000000000000000e+00 5.100000000000000000e+01 0.000000000000000000e+00 1.600000000000000089e+00 -1.407000000000000048e-03 -2.000000000000000096e-04 -9.999989999999999712e-01 3.237940000000000262e-01 -9.461279999999999690e-01 -2.660000000000000146e-04 -9.461270000000000513e-01 -3.237940000000000262e-01 1.396000000000000105e-03
1.900000000000000000e+01 1.150000000000000000e+02 5.100000000000000000e+01 0.000000000000000000e+00 1.600000000000000089e+00 -1.814999999999999990e-03 -4.884999999999999586e-03 9.999860000000000415e-01 8.440900000000000070e-01 -5.362000000000000099e-01 -1.087000000000000076e-03 5.361979999999999524e-01 8.440769999999999662e-01 5.095999999999999835e-03
6.000000000000000000e+00 7.000000000000000000e+00 5.200000000000000000e+01 0.000000000000000000e+00 1.600000000000000089e+00 -3.075000000000000042e-03 1.624999999999999925e-03 -9.999940000000000495e-01 8.838899999999999535e-02 -9.960839999999999694e-01 -1.889999999999999970e-03 -9.960809999999999942e-01 -8.839400000000000035e-02 2.919000000000000154e-03
2.700000000000000000e+01 7.000000000000000000e+00 5.200000000000000000e+01 0.000000000000000000e+00 1.600000000000000089e+00 4.824000000000000163e-03 -2.508999999999999946e-03 -9.999850000000000128e-01 8.776699999999999779e-02 -9.961370000000000502e-01 2.922000000000000118e-03 -9.961290000000000422e-01 -8.777999999999999692e-02 -4.584999999999999666e-03
5.000000000000000000e+00 6.300000000000000000e+01 5.400000000000000000e+01 0.000000000000000000e+00 1.600000000000000089e+00 1.100000000000000066e-03 -1.095999999999999969e-03 9.999989999999999712e-01 -3.542959999999999998e-01 9.351319999999999633e-01 1.413999999999999892e-03 -9.351329999999999920e-01 -3.542969999999999731e-01 6.400000000000000524e-04
1.000000000000000000e+01 6.300000000000000000e+01 5.400000000000000000e+01 0.000000000000000000e+00 1.600000000000000089e+00 -1.177000000000000095e-03 -3.040000000000000167e-04 9.999989999999999712e-01 -3.545449999999999990e-01 9.350389999999999535e-01 -1.330000000000000073e-04 -9.350380000000000358e-01 -3.545449999999999990e-01 -1.208000000000000089e-03
1.700000000000000000e+01 6.300000000000000000e+01 5.400000000000000000e+01 0.000000000000000000e+00 1.600000000000000089e+00 1.745999999999999939e-03 -1.477999999999999930e-03 9.999970000000000248e-01 -3.503299999999999748e-01 9.366240000000000121e-01 1.995999999999999944e-03 -9.366250000000000409e-01 -3.503319999999999768e-01 1.116999999999999937e-03
2.400000000000000000e+01 6.300000000000000000e+01 5.400000000000000000e+01 0.000000000000000000e+00 1.600000000000000089e+00 -7.179999999999999967e-04 -1.520000000000000084e-04 1.000000000000000000e+00 -3.537850000000000161e-01 9.353270000000000195e-01 -1.119999999999999983e-04 -9.353270000000000195e-01 -3.537850000000000161e-01 -7.249999999999999500e-04
2.000000000000000000e+00 2.500000000000000000e+01 5.500000000000000000e+01 0.000000000000000000e+00 1.600000000000000089e+00 -1.505999999999999960e-03 -1.830000000000000029e-04 -9.999989999999999712e-01 -1.278999999999999929e-02 -9.999179999999999735e-01 2.020000000000000040e-04 -9.999169999999999447e-01 1.279100000000000029e-02 1.503999999999999912e-03
8.000000000000000000e+00 2.500000000000000000e+01 5.500000000000000000e+01 0.000000000000000000e+00 1.600000000000000089e+00 -7.870000000000000476e-04 -4.055999999999999710e-03 -9.999909999999999632e-01 -1.058800000000000019e-02 -9.999360000000000470e-01 4.063999999999999904e-03 -9.999440000000000550e-01 1.059099999999999972e-02 7.439999999999999782e-04
1.500000000000000000e+01 2.500000000000000000e+01 5.500000000000000000e+01 0.000000000000000000e+00 1.600000000000000089e+00 1.649999999999999991e-04 2.488000000000000194e-03 -9.999970000000000248e-01 -1.083699999999999941e-02 -9.999379999999999935e-01 -2.490000000000000026e-03 -9.999409999999999688e-01 1.083699999999999941e-02 -1.389999999999999905e-04
1.900000000000000000e+01 2.500000000000000000e+01 5.500000000000000000e+01 0.000000000000000000e+00 1.600000000000000089e+00 4.970000000000000459e-04 1.495000000000000018e-03 -9.999989999999999712e-01 -1.126599999999999997e-02 -9.999350000000000183e-01 -1.500000000000000031e-03 -9.999360000000000470e-01 1.126699999999999924e-02 -4.800000000000000122e-04
2.400000000000000000e+01 2.500000000000000000e+01 5.500000000000000000e+01 0.000000000000000000e+00 1.600000000000000089e+00 -4.650000000000000270e-04 -1.479999999999999979e-03 -9.999989999999999712e-01 -1.206899999999999987e-02 -9.999259999999999815e-01 1.485999999999999908e-03 -9.999270000000000103e-01 1.206899999999999987e-02 4.470000000000000232e-04
2.800000000000000000e+01 2.500000000000000000e+01 5.500000000000000000e+01 0.000000000000000000e+00 1.600000000000000089e+00 1.333999999999999899e-03 9.020000000000000240e-04 -9.999989999999999712e-01 -1.262800000000000034e-02 -9.999200000000000310e-01 -9.190000000000000035e-04 -9.999190000000000023e-01 1.262899999999999960e-02 -1.322000000000000041e-03
9.000000000000000000e+00 5.800000000000000000e+01 5.900000000000000000e+01 0.000000000000000000e+00 1.600000000000000089e+00 -2.510000000000000078e-03 -6.302999999999999575e-03 -9.999770000000000048e-01 3.820589999999999820e-01 9.241129999999999622e-01 -6.784000000000000100e-03 9.241350000000000398e-01 -3.820669999999999900e-01 8.799999999999999771e-05
1.200000000000000000e+01 6.000000000000000000e+00 6.100000000000000000e+01 0.000000000000000000e+00 1.600000000000000089e+00 3.899999999999999929e-04 1.036600000000000021e-02 9.999460000000000015e-01 5.623200000000000420e-01 -8.268780000000000019e-01 8.352000000000000049e-03 8.269199999999999884e-01 5.622859999999999525e-01 -6.151000000000000217e-03
6.000000000000000000e+00 2.700000000000000000e+01 6.300000000000000000e+01 0.000000000000000000e+00 1.600000000000000089e+00 -1.735999999999999913e-03 -2.827999999999999785e-03 9.999949999999999672e-01 -2.838510000000000200e-01 9.588659999999999961e-01 2.219000000000000052e-03 -9.588670000000000249e-01 -2.838459999999999872e-01 -2.467000000000000009e-03
1.300000000000000000e+01 2.700000000000000000e+01 6.300000000000000000e+01 0.000000000000000000e+00 1.600000000000000089e+00 4.180000000000000230e-04 -1.882999999999999908e-03 9.999980000000000535e-01 -2.816290000000000182e-01 9.595209999999999573e-01 1.925000000000000062e-03 -9.595230000000000148e-01 -2.816290000000000182e-01 -1.289999999999999914e-04
1.700000000000000000e+01 2.700000000000000000e+01 6.300000000000000000e+01 0.000000000000000000e+00 1.600000000000000089e+00 2.877999999999999916e-03 3.611000000000000060e-03 9.999890000000000168e-01 -2.835289999999999755e-01 9.589600000000000346e-01 -2.647000000000000047e-03 -9.589590000000000058e-01 -2.835179999999999922e-01 3.784000000000000037e-03
2.100000000000000000e+01 2.700000000000000000e+01 6.300000000000000000e+01 0.000000000000000000e+00 1.600000000000000089e+00 2.079000000000000119e-03 2.446999999999999956e-03 9.999949999999999672e-01 -2.846110000000000029e-01 9.586409999999999654e-01 -1.753999999999999917e-03 -9.586409999999999654e-01 -2.846060000000000256e-01 2.690000000000000117e-03
2.900000000000000000e+01 2.700000000000000000e+01 6.300000000000000000e+01 0.000000000000000000e+00 1.600000000000000089e+00 1.219999999999999947e-03 -4.883000000000000188e-03 9.999869999999999592e-01 -2.855860000000000065e-01 9.583399999999999697e-01 5.028000000000000351e-03 -9.583519999999999817e-01 -2.855889999999999818e-01 -2.249999999999999938e-04
1.000000000000000000e+00 2.600000000000000000e+01 6.400000000000000000e+01 0.000000000000000000e+00 1.600000000000000089e+00 -1.871999999999999966e-03 6.947000000000000050e-03 9.999740000000000295e-01 -3.656460000000000266e-01 9.307269999999999710e-01 -7.151000000000000238e-03 -9.307520000000000238e-01 -3.656499999999999750e-01 7.979999999999999897e-04
5.000000000000000000e+00 2.600000000000000000e+01 6.400000000000000000e+01 0.000000000000000000e+00 1.600000000000000089e+00 -2.497000000000000088e-03 -1.263999999999999933e-03 9.999959999999999960e-01 -3.667900000000000049e-01 9.303040000000000198e-01 2.599999999999999772e-04 -9.303000000000000158e-01 -3.667880000000000029e-01 -2.786999999999999981e-03
1.300000000000000000e+01 2.600000000000000000e+01 6.400000000000000000e+01 0.000000000000000000e+00 1.600000000000000089e+00 9.039999999999999642e-04 -2.880000000000000181e-03 9.999949999999999672e-01 -3.668980000000000019e-01 9.302559999999999718e-01 3.010999999999999788e-03 -9.302610000000000046e-01 -3.668989999999999752e-01 -2.149999999999999947e-04
1.600000000000000000e+01 2.600000000000000000e+01 6.400000000000000000e+01 0.000000000000000000e+00 1.600000000000000089e+00 2.801000000000000104e-03 3.164000000000000146e-03 9.999909999999999632e-01 -3.679450000000000220e-01 9.298459999999999503e-01 -1.910999999999999938e-03 -9.298429999999999751e-01 -3.679359999999999853e-01 3.769000000000000215e-03
2.100000000000000000e+01 2.600000000000000000e+01 6.400000000000000000e+01 0.000000000000000000e+00 1.600000000000000089e+00 2.347000000000000128e-03 1.991999999999999847e-03 9.999949999999999672e-01 -3.689350000000000129e-01 9.294550000000000312e-01 -9.859999999999998974e-04 -9.294519999999999449e-01 -3.689310000000000089e-01 2.916000000000000189e-03
2.900000000000000000e+01 2.600000000000000000e+01 6.400000000000000000e+01 0.000000000000000000e+00 1.600000000000000089e+00 3.527000000000000187e-03 -2.850999999999999802e-03 9.999900000000000455e-01 -3.693699999999999761e-01 9.292740000000000444e-01 3.951999999999999784e-03 -9.292759999999999909e-01 -3.693799999999999861e-01 2.223999999999999849e-03
1.500000000000000000e+01 6.900000000000000000e+01 6.600000000000000000e+01 0.000000000000000000e+00 1.600000000000000089e+00 3.785000000000000170e-03 -1.819000000000000087e-03 9.999909999999999632e-01 -9.501129999999999853e-01 3.118779999999999886e-01 4.164000000000000166e-03 -3.118819999999999926e-01 -9.501209999999999933e-01 -5.479999999999999845e-04
2.000000000000000000e+00 2.500000000000000000e+01 7.300000000000000000e+01 0.000000000000000000e+00 1.600000000000000089e+00 2.007999999999999802e-03 -1.446999999999999936e-03 9.999970000000000248e-01 7.537310000000000398e-01 -6.571780000000000399e-01 -2.464000000000000044e-03 6.571799999999999864e-01 7.537340000000000151e-01 -2.290000000000000098e-04
9.000000000000000000e+00 2.500000000000000000e+01 7.300000000000000000e+01 0.000000000000000000e+00 1.600000000000000089e+00 1.129999999999999955e-04 4.296000000000000339e-03 9.999909999999999632e-01 7.540839999999999765e-01 -6.567730000000000512e-01 2.736000000000000151e-03 6.567790000000000017e-01 7.540759999999999685e-01 -3.314000000000000105e-03
1.400000000000000000e+01 2.500000000000000000e+01 7.300000000000000000e+01 0.000000000000000000e+00 1.600000000000000089e+00 2.999999999999999737e-04 1.131999999999999977e-03 9.999989999999999712e-01 7.523499999999999632e-01 -6.587629999999999875e-01 5.199999999999999544e-04 6.587640000000000162e-01 7.523490000000000455e-01 -1.049000000000000019e-03
2.000000000000000000e+01 2.500000000000000000e+01 7.300000000000000000e+01 0.000000000000000000e+00 1.600000000000000089e+00 3.060000000000000111e-04 -1.688999999999999963e-03 9.999989999999999712e-01 7.501959999999999740e-01 -6.612139999999999684e-01 -1.345999999999999974e-03 6.612160000000000259e-01 7.501949999999999452e-01 1.064000000000000059e-03
2.400000000000000000e+01 2.500000000000000000e+01 7.300000000000000000e+01 0.000000000000000000e+00 1.600000000000000089e+00 -3.853999999999999787e-03 -2.536000000000000060e-03 9.999890000000000168e-01 7.519850000000000145e-01 -6.591799999999999882e-01 1.226000000000000093e-03 6.591690000000000049e-01 7.519810000000000105e-01 4.447000000000000432e-03
2.000000000000000000e+00 4.400000000000000000e+01 7.300000000000000000e+01 0.000000000000000000e+00 1.600000000000000089e+00 -1.350000000000000017e-04 -2.856000000000000032e-03 9.999959999999999960e-01 5.303999999999999687e-02 -9.985880000000000312e-01 -2.844999999999999873e-03 9.985920000000000352e-01 5.303900000000000281e-02 2.860000000000000129e-04
