3.000000000000000000e+00 1.600000000000000000e+01 4.000000000000000000e+00 0.000000000000000000e+00 1.600000000000000089e+00 -6.239999999999999887e-04 -1.153799999999999965e-02 9.999329999999999607e-01 3.178259999999999974e-01 -9.480880000000000418e-01 -1.074100000000000055e-02 9.481490000000000196e-01 3.177980000000000249e-01 4.258999999999999765e-03
1.500000000000000000e+01 1.600000000000000000e+01 4.000000000000000000e+00 0.000000000000000000e+00 1.600000000000000089e+00 -1.938999999999999968e-03 -1.175900000000000035e-02 9.999289999999999567e-01 3.150510000000000255e-01 -9.490159999999999707e-01 -1.054899999999999935e-02 9.490730000000000555e-01 3.150089999999999835e-01 5.544000000000000317e-03
2.000000000000000000e+01 1.600000000000000000e+01 4.000000000000000000e+00 0.000000000000000000e+00 1.600000000000000089e+00 2.785000000000000149e-03 -1.399199999999999923e-02 9.998979999999999535e-01 3.130749999999999922e-01 -9.496229999999999949e-01 -1.416099999999999998e-02 9.497240000000000126e-01 3.130830000000000002e-01 1.735999999999999913e-03
2.300000000000000000e+01 1.600000000000000000e+01 4.000000000000000000e+00 0.000000000000000000e+00 1.600000000000000089e+00 2.562000000000000041e-03 -1.940700000000000064e-02 9.998080000000000300e-01 3.147400000000000198e-01 -9.489830000000000210e-01 -1.922700000000000103e-02 9.491749999999999909e-01 3.147280000000000078e-01 3.677000000000000147e-03
2.800000000000000000e+01 1.600000000000000000e+01 4.000000000000000000e+00 0.000000000000000000e+00 1.600000000000000089e+00 2.559000000000000077e-03 -1.684899999999999939e-02 9.998550000000000493e-01 3.223730000000000206e-01 -9.464639999999999720e-01 -1.677500000000000172e-02 9.466090000000000337e-01 3.223690000000000166e-01 3.010000000000000089e-03
1.100000000000000000e+01 1.010000000000000000e+02 7.000000000000000000e+00 0.000000000000000000e+00 1.600000000000000089e+00 -1.069999999999999988e-04 -9.518999999999999684e-03 9.999550000000000383e-01 8.865389999999999660e-01 4.626319999999999877e-01 4.499000000000000395e-03 -4.626540000000000097e-01 8.864990000000000370e-01 8.389000000000000623e-03
1.600000000000000000e+01 1.010000000000000000e+02 7.000000000000000000e+00 0.000000000000000000e+00 1.600000000000000089e+00 2.869000000000000022e-03 4.028999999999999596e-03 9.999879999999999880e-01 8.856880000000000308e-01 4.642600000000000060e-01 -4.412000000000000123e-03 -4.642729999999999912e-01 8.856899999999999773e-01 -2.236000000000000140e-03
1.300000000000000000e+01 1.500000000000000000e+01 8.000000000000000000e+00 0.000000000000000000e+00 1.600000000000000089e+00 -3.534999999999999948e-03 -1.027100000000000062e-02 -9.999409999999999688e-01 -5.663939999999999531e-01 -8.240680000000000227e-01 1.046700000000000061e-02 -8.241270000000000540e-01 5.663979999999999571e-01 -2.903999999999999897e-03
1.700000000000000000e+01 1.500000000000000000e+01 8.000000000000000000e+00 0.000000000000000000e+00 1.600000000000000089e+00 -4.498000000000000262e-03 -9.315999999999999628e-03 -9.999460000000000015e-01 -5.655480000000000507e-01 -8.246520000000000516e-01 1.022699999999999998e-02 -8.247029999999999639e-01 5.655639999999999556e-01 -1.559999999999999972e-03
2.000000000000000000e+01 1.500000000000000000e+01 8.000000000000000000e+00 0.000000000000000000e+00 1.600000000000000089e+00 -7.599999999999999985e-03 -1.155100000000000050e-02 -9.999040000000000150e-01 -5.656400000000000317e-01 -8.245360000000000467e-01 1.382500000000000048e-02 -8.246170000000000444e-01 5.656910000000000549e-01 -2.669999999999999847e-04
2.400000000000000000e+01 1.500000000000000000e+01 8.000000000000000000e+00 0.000000000000000000e+00 1.600000000000000089e+00 -7.955000000000000265e-03 -1.837799999999999850e-02 -9.997989999999999933e-01 -5.680410000000000181e-01 -8.227659999999999973e-01 1.964399999999999827e-02 -8.229619999999999713e-01 5.680840000000000334e-01 -3.893999999999999892e-03
2.800000000000000000e+01 1.500000000000000000e+01 8.000000000000000000e+00 0.000000000000000000e+00 1.600000000000000089e+00 -7.152000000000000371e-03 -2.032499999999999932e-02 -9.997679999999999900e-01 -5.705940000000000456e-01 -8.209699999999999775e-01 2.077199999999999880e-02 -8.212009999999999588e-01 5.706099999999999506e-01 -5.726000000000000187e-03
4.000000000000000000e+00 2.600000000000000000e+01 8.000000000000000000e+00 0.000000000000000000e+00 1.600000000000000089e+00 5.331999999999999934e-03 -1.185600000000000022e-02 -9.999149999999999983e-01 4.272039999999999726e-01 9.041160000000000307e-01 -8.441999999999999851e-03 9.041400000000000547e-01 -4.271229999999999749e-01 9.886000000000000690e-03
1.000000000000000000e+01 2.600000000000000000e+01 8.000000000000000000e+00 0.000000000000000000e+00 1.600000000000000089e+00 2.099000000000000171e-03 4.224999999999999589e-03 -9.999890000000000168e-01 4.252940000000000054e-01 9.050430000000000419e-01 4.716999999999999839e-03 9.050529999999999964e-01 -4.252989999999999826e-01 1.029999999999999964e-04
1.700000000000000000e+01 2.600000000000000000e+01 8.000000000000000000e+00 0.000000000000000000e+00 1.600000000000000089e+00 1.905999999999999925e-03 8.281000000000000166e-03 -9.999639999999999640e-01 4.237199999999999855e-01 9.057549999999999768e-01 8.309000000000000413e-03 9.057910000000000128e-01 -4.237210000000000143e-01 -1.781999999999999947e-03
2.200000000000000000e+01 2.600000000000000000e+01 8.000000000000000000e+00 0.000000000000000000e+00 1.600000000000000089e+00 5.780000000000000415e-03 2.560399999999999829e-02 -9.996549999999999603e-01 4.206389999999999851e-01 9.068650000000000322e-01 2.565999999999999878e-02 9.072099999999999609e-01 -4.206420000000000159e-01 -5.527999999999999928e-03
2.500000000000000000e+01 2.600000000000000000e+01 8.000000000000000000e+00 0.000000000000000000e+00 1.600000000000000089e+00 6.837000000000000195e-03 2.071599999999999830e-02 -9.997620000000000395e-01 4.173970000000000180e-01 9.084659999999999958e-01 2.167900000000000035e-02 9.086990000000000345e-01 -4.174459999999999837e-01 -2.435999999999999797e-03
3.000000000000000000e+00 1.400000000000000000e+01 9.000000000000000000e+00 0.000000000000000000e+00 1.600000000000000089e+00 -2.828999999999999918e-03 -1.440999999999999920e-02 -9.998920000000000030e-01 -5.589159999999999684e-01 -8.291140000000000176e-01 1.353099999999999963e-02 -8.292199999999999571e-01 5.588940000000000019e-01 -5.708999999999999665e-03
1.100000000000000000e+01 1.400000000000000000e+01 9.000000000000000000e+00 0.000000000000000000e+00 1.600000000000000089e+00 -2.922000000000000118e-03 -5.667000000000000162e-03 -9.999799999999999800e-01 -5.607779999999999987e-01 -8.279419999999999558e-01 6.330999999999999822e-03 -8.279609999999999470e-01 5.607849999999999779e-01 -7.590000000000000175e-04
1.700000000000000000e+01 1.400000000000000000e+01 9.000000000000000000e+00 0.000000000000000000e+00 1.600000000000000089e+00 -5.107000000000000428e-03 -1.135199999999999924e-02 -9.999230000000000063e-01 -5.616090000000000249e-01 -8.273120000000000474e-01 1.226099999999999933e-02 -8.273869999999999836e-01 5.616280000000000161e-01 -2.150000000000000001e-03
2.100000000000000000e+01 3.100000000000000000e+01 1.200000000000000000e+01 0.000000000000000000e+00 1.600000000000000089e+00 1.641000000000000097e-03 2.004999999999999838e-03 9.999970000000000248e-01 -1.483300000000000070e-02 9.998879999999999990e-01 -1.979999999999999989e-03 -9.998890000000000278e-01 -1.482999999999999943e-02 1.670000000000000043e-03
2.600000000000000000e+01 3.100000000000000000e+01 1.200000000000000000e+01 0.000000000000000000e+00 1.600000000000000089e+00 9.680000000000000019e-04 8.909999999999999734e-04 9.999989999999999712e-01 -1.493200000000000083e-02 9.998879999999999990e-01 -8.760000000000000425e-04 -9.998879999999999990e-01 -1.493099999999999983e-02 9.810000000000001011e-04
2.000000000000000000e+00 3.200000000000000000e+01 1.400000000000000000e+01 0.000000000000000000e+00 1.600000000000000089e+00 3.249699999999999811e-02 -7.007399999999999740e-02 -9.970120000000000093e-01 9.839199999999999335e-02 9.929179999999999673e-01 -6.657899999999999929e-02 9.946169999999999733e-01 -9.593400000000000538e-02 3.916100000000000136e-02
1.300000000000000000e+01 1.200000000000000000e+01 1.500000000000000000e+01 0.000000000000000000e+00 1.600000000000000089e+00 -8.419999999999999750e-04 -5.118000000000000153e-03 -9.999869999999999592e-01 -4.653510000000000146e-01 -8.851130000000000386e-01 4.922000000000000160e-03 -8.851259999999999684e-01 4.653490000000000126e-01 -1.637000000000000000e-03
1.900000000000000000e+01 1.200000000000000000e+01 1.500000000000000000e+01 0.000000000000000000e+00 1.600000000000000089e+00 -4.044999999999999984e-03 -6.620000000000000016e-03 -9.999700000000000255e-01 -4.690309999999999757e-01 -8.831480000000000441e-01 7.742999999999999883e-03 -8.831719999999999571e-01 4.690480000000000205e-01 4.670000000000000214e-04
2.900000000000000000e+01 1.200000000000000000e+01 1.500000000000000000e+01 0.000000000000000000e+00 1.600000000000000089e+00 -3.906000000000000184e-03 -6.017999999999999912e-03 -9.999740000000000295e-01 -4.730840000000000045e-01 -8.809879999999999933e-01 7.148999999999999973e-03 -8.810090000000000421e-01 4.731000000000000205e-01 5.940000000000000184e-04
2.000000000000000000e+00 2.000000000000000000e+00 1.900000000000000000e+01 0.000000000000000000e+00 1.600000000000000089e+00 -8.140000000000000534e-04 2.732000000000000053e-03 -9.999959999999999960e-01 1.319089999999999985e-01 -9.912579999999999725e-01 -2.815999999999999927e-03 -9.912619999999999765e-01 -1.319099999999999995e-01 4.470000000000000232e-04
1.100000000000000000e+01 2.000000000000000000e+00 1.900000000000000000e+01 0.000000000000000000e+00 1.600000000000000089e+00 -1.060000000000000016e-04 -1.301999999999999989e-03 -9.999989999999999712e-01 1.375339999999999896e-01 -9.904960000000000431e-01 1.275000000000000092e-03 -9.904969999999999608e-01 -1.375329999999999886e-01 2.840000000000000185e-04
1.300000000000000000e+01 2.000000000000000000e+00 1.900000000000000000e+01 0.000000000000000000e+00 1.600000000000000089e+00 -6.059999999999999849e-04 -1.765000000000000076e-03 -9.999980000000000535e-01 1.415379999999999971e-01 -9.899310000000000054e-01 1.660999999999999933e-03 -9.899329999999999519e-01 -1.415369999999999961e-01 8.499999999999999526e-04
1.600000000000000000e+01 2.000000000000000000e+00 1.900000000000000000e+01 0.000000000000000000e+00 1.600000000000000089e+00 -1.413999999999999892e-03 -1.183999999999999940e-03 -9.999980000000000535e-01 1.458359999999999934e-01 -9.893079999999999652e-01 9.650000000000000374e-04 -9.893079999999999652e-01 -1.458339999999999914e-01 1.572000000000000047e-03
2.600000000000000000e+01 2.000000000000000000e+00 1.900000000000000000e+01 0.000000000000000000e+00 1.600000000000000089e+00 2.128999999999999816e-03 -2.222000000000000017e-03 -9.999949999999999672e-01 1.537580000000000058e-01 -9.881050000000000111e-01 2.523000000000000069e-03 -9.881060000000000398e-01 -1.537630000000000108e-01 -1.761999999999999894e-03
8.000000000000000000e+00 1.300000000000000000e+01 2.000000000000000000e+01 0.000000000000000000e+00 1.600000000000000089e+00 -1.987000000000000051e-03 -3.850999999999999823e-03 9.999909999999999632e-01 2.519179999999999753e-01 9.677390000000000159e-01 4.226999999999999855e-03 -9.677459999999999951e-01 2.519239999999999813e-01 -9.529999999999999626e-04
1.400000000000000000e+01 1.300000000000000000e+01 2.000000000000000000e+01 0.000000000000000000e+00 1.600000000000000089e+00 4.449999999999999746e-04 -1.337000000000000081e-03 9.999989999999999712e-01 2.518659999999999788e-01 9.677620000000000111e-01 1.182000000000000108e-03 -9.677620000000000111e-01 2.518650000000000055e-01 7.669999999999999951e-04
2.000000000000000000e+01 1.300000000000000000e+01 2.000000000000000000e+01 0.000000000000000000e+00 1.600000000000000089e+00 1.142999999999999919e-03 5.124000000000000082e-03 9.999860000000000415e-01 2.531180000000000097e-01 9.674209999999999754e-01 -5.245999999999999795e-03 -9.674350000000000449e-01 2.531209999999999849e-01 -1.910000000000000077e-04
2.600000000000000000e+01 1.300000000000000000e+01 2.000000000000000000e+01 0.000000000000000000e+00 1.600000000000000089e+00 2.000000000000000164e-05 3.026000000000000044e-03 9.999949999999999672e-01 2.518210000000000170e-01 9.677700000000000191e-01 -2.932999999999999843e-03 -9.677740000000000231e-01 2.518190000000000150e-01 -7.429999999999999539e-04
1.100000000000000000e+01 1.600000000000000000e+01 2.100000000000000000e+01 0.000000000000000000e+00 1.600000000000000089e+00 -5.289999999999999564e-04 -5.368000000000000375e-03 9.999850000000000128e-01 2.998930000000000207e-01 9.539579999999999727e-01 5.278999999999999838e-03 -9.539729999999999599e-01 2.998919999999999919e-01 1.105000000000000079e-03
2.600000000000000000e+01 1.600000000000000000e+01 2.100000000000000000e+01 0.000000000000000000e+00 1.600000000000000089e+00 -6.499999999999999702e-04 -1.734000000000000081e-03 9.999980000000000535e-01 2.975999999999999757e-01 9.546890000000000098e-01 1.848999999999999949e-03 -9.546900000000000386e-01 2.976010000000000044e-01 -1.050000000000000044e-04
1.500000000000000000e+01 4.600000000000000000e+01 2.700000000000000000e+01 0.000000000000000000e+00 1.600000000000000089e+00 1.804999999999999964e-03 4.960000000000000216e-04 -9.999980000000000535e-01 6.654679999999999485e-01 7.464250000000000052e-01 1.570999999999999914e-03 7.464239999999999764e-01 -6.654689999999999772e-01 1.016999999999999892e-03
2.200000000000000000e+01 4.600000000000000000e+01 2.700000000000000000e+01 0.000000000000000000e+00 1.600000000000000089e+00 1.224000000000000045e-03 2.148000000000000170e-03 -9.999970000000000248e-01 6.776269999999999794e-01 7.354020000000000001e-01 2.409000000000000117e-03 7.354049999999999754e-01 -6.776280000000000081e-01 -5.559999999999999621e-04
2.600000000000000000e+01 4.600000000000000000e+01 2.700000000000000000e+01 0.000000000000000000e+00 1.600000000000000089e+00 1.595000000000000064e-03 1.046999999999999971e-03 -9.999980000000000535e-01 6.842310000000000336e-01 7.292629999999999946e-01 1.853999999999999962e-03 7.292640000000000233e-01 -6.842319999999999514e-01 4.470000000000000232e-04
7.000000000000000000e+00 4.600000000000000000e+01 3.000000000000000000e+01 0.000000000000000000e+00 1.600000000000000089e+00 -8.899999999999999491e-04 -1.474999999999999966e-03 -9.999980000000000535e-01 3.231439999999999868e-01 9.463479999999999670e-01 -1.683999999999999950e-03 9.463500000000000245e-01 -3.231450000000000156e-01 -3.660000000000000059e-04
1.700000000000000000e+01 4.600000000000000000e+01 3.000000000000000000e+01 0.000000000000000000e+00 1.600000000000000089e+00 8.030000000000000028e-04 1.190000000000000058e-04 -1.000000000000000000e+00 3.241049999999999764e-01 9.460210000000000008e-01 3.730000000000000134e-04 9.460210000000000008e-01 -3.241049999999999764e-01 7.209999999999999612e-04
2.100000000000000000e+01 4.600000000000000000e+01 3.000000000000000000e+01 0.000000000000000000e+00 1.600000000000000089e+00 -6.030000000000000204e-04 6.589999999999999721e-04 -1.000000000000000000e+00 3.314810000000000256e-01 9.434620000000000228e-01 4.209999999999999875e-04 9.434620000000000228e-01 -3.314810000000000256e-01 -7.870000000000000476e-04
4.000000000000000000e+00 5.800000000000000000e+01 3.100000000000000000e+01 0.000000000000000000e+00 1.600000000000000089e+00 -3.761000000000000020e-03 -5.571999999999999696e-03 9.999770000000000048e-01 -7.689120000000000399e-01 -6.393219999999999459e-01 -6.453999999999999668e-03 6.393440000000000234e-01 -7.689190000000000191e-01 -1.879999999999999944e-03
7.000000000000000000e+00 5.800000000000000000e+01 3.100000000000000000e+01 0.000000000000000000e+00 1.600000000000000089e+00 -3.873999999999999840e-03 -4.844000000000000215e-03 9.999810000000000088e-01 -7.708120000000000527e-01 -6.370329999999999604e-01 -6.072000000000000140e-03 6.370500000000000052e-01 -7.708209999999999784e-01 -1.265999999999999981e-03
1.000000000000000000e+01 5.800000000000000000e+01 3.100000000000000000e+01 0.000000000000000000e+00 1.600000000000000089e+00 -5.525999999999999662e-03 -4.354000000000000231e-03 9.999749999999999472e-01 -7.698169999999999735e-01 -6.382250000000000423e-01 -7.033000000000000189e-03 6.382400000000000295e-01 -7.698369999999999935e-01 1.749999999999999982e-04
1.400000000000000000e+01 5.800000000000000000e+01 3.100000000000000000e+01 0.000000000000000000e+00 1.600000000000000089e+00 -4.584000000000000401e-03 -5.418000000000000073e-03 9.999749999999999472e-01 -7.713309999999999889e-01 -6.363959999999999617e-01 -6.983999999999999757e-03 6.364180000000000392e-01 -7.713440000000000296e-01 -1.262000000000000101e-03
1.700000000000000000e+01 5.800000000000000000e+01 3.100000000000000000e+01 0.000000000000000000e+00 1.600000000000000089e+00 -2.226000000000000114e-03 -5.091000000000000039e-03 9.999850000000000128e-01 -7.726950000000000207e-01 -6.347580000000000444e-01 -4.951999999999999805e-03 6.347730000000000317e-01 -7.726939999999999920e-01 -2.520999999999999804e-03
2.500000000000000000e+01 5.800000000000000000e+01 3.100000000000000000e+01 0.000000000000000000e+00 1.600000000000000089e+00 -2.683000000000000055e-03 -7.990000000000000140e-04 9.999959999999999960e-01 -7.771249999999999547e-01 -6.293410000000000393e-01 -2.588000000000000023e-03 6.293410000000000393e-01 -7.771289999999999587e-01 1.067000000000000023e-03
1.000000000000000000e+01 6.000000000000000000e+00 3.200000000000000000e+01 0.000000000000000000e+00 1.600000000000000089e+00 1.551999999999999994e-03 1.948999999999999995e-03 -9.999970000000000248e-01 2.298250000000000015e-01 9.732290000000000108e-01 2.253999999999999927e-03 9.732309999999999572e-01 -2.298280000000000045e-01 1.062000000000000010e-03
2.000000000000000000e+01 6.000000000000000000e+00 3.200000000000000000e+01 0.000000000000000000e+00 1.600000000000000089e+00 -3.150000000000000131e-04 3.911999999999999679e-03 -9.999919999999999920e-01 1.996729999999999894e-01 9.798550000000000315e-01 3.771000000000000046e-03 9.798630000000000395e-01 -1.996699999999999864e-01 -1.090000000000000040e-03
7.000000000000000000e+00 4.600000000000000000e+01 3.500000000000000000e+01 0.000000000000000000e+00 1.600000000000000089e+00 -1.320000000000000101e-04 -5.130000000000000011e-03 -9.999869999999999592e-01 3.853409999999999891e-01 -9.227619999999999711e-01 4.682999999999999663e-03 -9.227739999999999831e-01 -3.853360000000000118e-01 2.099000000000000171e-03
1.200000000000000000e+01 4.600000000000000000e+01 3.500000000000000000e+01 0.000000000000000000e+00 1.600000000000000089e+00 -7.720000000000000083e-04 7.960000000000000495e-04 -9.999989999999999712e-01 3.854830000000000201e-01 -9.227140000000000342e-01 -1.031999999999999931e-03 -9.227149999999999519e-01 -3.854830000000000201e-01 4.060000000000000024e-04
1.500000000000000000e+01 4.600000000000000000e+01 3.500000000000000000e+01 0.000000000000000000e+00 1.600000000000000089e+00 6.059999999999999849e-04 -2.118000000000000091e-03 -9.999980000000000535e-01 3.869179999999999842e-01 -9.221120000000000427e-01 2.187999999999999841e-03 -9.221139999999999892e-01 -3.869179999999999842e-01 2.610000000000000015e-04
2.200000000000000000e+01 4.600000000000000000e+01 3.500000000000000000e+01 0.000000000000000000e+00 1.600000000000000089e+00 -1.800000000000000113e-04 5.146000000000000400e-03 -9.999869999999999592e-01 3.875549999999999828e-01 -9.218340000000000423e-01 -4.812999999999999570e-03 -9.218469999999999720e-01 -3.875509999999999788e-01 -1.827999999999999981e-03
2.700000000000000000e+01 4.600000000000000000e+01 3.500000000000000000e+01 0.000000000000000000e+00 1.600000000000000089e+00 -7.389999999999999651e-04 7.799999999999999859e-05 -1.000000000000000000e+00 3.868219999999999992e-01 -9.221549999999999470e-01 -3.570000000000000040e-04 -9.221540000000000292e-01 -3.868219999999999992e-01 6.520000000000000188e-04
4.000000000000000000e+00 9.500000000000000000e+01 3.600000000000000000e+01 0.000000000000000000e+00 1.600000000000000089e+00 -3.738000000000000003e-03 -6.997999999999999880e-03 9.999689999999999968e-01 9.963130000000000042e-01 8.568399999999999628e-02 4.323999999999999719e-03 -8.571099999999999552e-02 9.962980000000000169e-01 6.651999999999999927e-03
9.000000000000000000e+00 9.500000000000000000e+01 3.600000000000000000e+01 0.000000000000000000e+00 1.600000000000000089e+00 -9.039999999999999642e-04 -2.827000000000000086e-03 9.999959999999999960e-01 9.963490000000000402e-01 8.536499999999999644e-02 1.142000000000000003e-03 -8.536799999999999944e-02 9.963459999999999539e-01 2.739000000000000115e-03
1.200000000000000000e+01 9.500000000000000000e+01 3.600000000000000000e+01 0.000000000000000000e+00 1.600000000000000089e+00 -1.510000000000000112e-04 -7.830999999999999420e-03 9.999689999999999968e-01 9.961830000000000407e-01 8.728400000000000047e-02 8.339999999999999974e-04 -8.728800000000000447e-02 9.961529999999999552e-01 7.787999999999999784e-03
1.900000000000000000e+01 9.500000000000000000e+01 3.600000000000000000e+01 0.000000000000000000e+00 1.600000000000000089e+00 6.206999999999999844e-03 1.001600000000000060e-02 9.999310000000000143e-01 9.965509999999999646e-01 8.268100000000000449e-02 -7.015000000000000402e-03 -8.274600000000000011e-02 9.965260000000000229e-01 -9.468000000000000721e-03
2.200000000000000000e+01 9.500000000000000000e+01 3.600000000000000000e+01 0.000000000000000000e+00 1.600000000000000089e+00 3.559000000000000098e-03 2.798999999999999839e-03 9.999900000000000455e-01 9.961170000000000302e-01 8.795699999999999352e-02 -3.791999999999999798e-03 -8.796700000000000352e-02 9.961200000000000054e-01 -2.475000000000000203e-03
2.700000000000000000e+01 9.500000000000000000e+01 3.600000000000000000e+01 0.000000000000000000e+00 1.600000000000000089e+00 -2.255000000000000060e-03 -2.079999999999999872e-04 9.999970000000000248e-01 9.960510000000000197e-01 8.874999999999999556e-02 2.265000000000000086e-03 -8.874999999999999556e-02 9.960539999999999949e-01 6.999999999999999895e-06
6.000000000000000000e+00 3.000000000000000000e+00 4.300000000000000000e+01 0.000000000000000000e+00 1.600000000000000089e+00 -4.879999999999999898e-04 -1.951000000000000043e-03 -9.999980000000000535e-01 7.360189999999999788e-01 -6.769600000000000062e-01 9.619999999999999645e-04 -6.769600000000000062e-01 -7.360170000000000323e-01 1.765999999999999992e-03
1.400000000000000000e+01 3.000000000000000000e+00 4.300000000000000000e+01 0.000000000000000000e+00 1.600000000000000089e+00 2.149999999999999947e-04 1.146100000000000070e-02 -9.999339999999999895e-01 7.372229999999999617e-01 -6.756069999999999576e-01 -7.584999999999999729e-03 -6.756490000000000551e-01 -7.371729999999999672e-01 -8.595000000000000209e-03
2.100000000000000000e+01 3.000000000000000000e+00 4.300000000000000000e+01 0.000000000000000000e+00 1.600000000000000089e+00 3.880000000000000202e-03 1.363999999999999935e-02 -9.998989999999999823e-01 7.298350000000000115e-01 -6.835919999999999774e-01 -6.492000000000000375e-03 -6.836119999999999974e-01 -7.297360000000000513e-01 -1.260700000000000015e-02
2.400000000000000000e+01 3.000000000000000000e+00 4.300000000000000000e+01 0.000000000000000000e+00 1.600000000000000089e+00 -1.871000000000000050e-03 -7.546999999999999889e-03 -9.999700000000000255e-01 7.303629999999999844e-01 -6.830479999999999885e-01 3.788000000000000134e-03 -6.830559999999999965e-01 -7.303340000000000387e-01 6.791000000000000161e-03
1.400000000000000000e+01 8.000000000000000000e+00 4.400000000000000000e+01 0.000000000000000000e+00 1.600000000000000089e+00 8.869999999999999846e-04 4.742999999999999820e-03 9.999879999999999880e-01 -7.683999999999999719e-01 -6.399589999999999446e-01 3.716999999999999818e-03 6.399690000000000101e-01 -7.683950000000000502e-01 3.076999999999999874e-03
2.600000000000000000e+01 8.000000000000000000e+00 4.400000000000000000e+01 0.000000000000000000e+00 1.600000000000000089e+00 2.663000000000000003e-03 -1.237999999999999951e-03 9.999959999999999960e-01 -7.773470000000000102e-01 -6.290710000000000468e-01 1.291000000000000047e-03 6.290670000000000428e-01 -7.773470000000000102e-01 -2.637000000000000021e-03
6.000000000000000000e+00 2.900000000000000000e+01 4.400000000000000000e+01 0.000000000000000000e+00 1.600000000000000089e+00 3.999999999999999819e-06 -4.301000000000000136e-03 -9.999909999999999632e-01 6.593149999999999844e-01 7.518599999999999728e-01 -3.230999999999999931e-03 7.518669999999999520e-01 -6.593090000000000339e-01 2.838999999999999944e-03
9.000000000000000000e+00 2.900000000000000000e+01 4.400000000000000000e+01 0.000000000000000000e+00 1.600000000000000089e+00 -1.284999999999999901e-03 -7.276000000000000349e-03 -9.999730000000000008e-01 6.596509999999999874e-01 7.515450000000000186e-01 -6.316000000000000433e-03 7.515709999999999891e-01 -6.596410000000000329e-01 3.833000000000000036e-03
1.300000000000000000e+01 2.900000000000000000e+01 4.400000000000000000e+01 0.000000000000000000e+00 1.600000000000000089e+00 -9.600000000000000243e-05 -4.872999999999999728e-03 -9.999879999999999880e-01 6.597239999999999771e-01 7.514990000000000281e-01 -3.725000000000000012e-03 7.515079999999999538e-01 -6.597169999999999979e-01 3.142999999999999960e-03
2.300000000000000000e+01 2.900000000000000000e+01 4.400000000000000000e+01 0.000000000000000000e+00 1.600000000000000089e+00 3.860000000000000150e-03 3.566000000000000159e-03 -9.999860000000000415e-01 6.714409999999999545e-01 7.410390000000000033e-01 5.235000000000000070e-03 7.410480000000000400e-01 -6.714520000000000488e-01 4.659999999999999971e-04
2.900000000000000000e+01 2.900000000000000000e+01 4.400000000000000000e+01 0.000000000000000000e+00 1.600000000000000089e+00 1.688999999999999963e-03 5.723999999999999921e-03 -9.999820000000000375e-01 6.732590000000000519e-01 7.393870000000000164e-01 5.369999999999999774e-03 7.394039999999999502e-01 -6.732569999999999943e-01 -2.605000000000000111e-03
2.600000000000000000e+01 6.500000000000000000e+01 4.600000000000000000e+01 0.000000000000000000e+00 1.600000000000000089e+00 -2.501000000000000185e-03 1.722000000000000006e-03 9.999949999999999672e-01 6.839469999999999716e-01 -7.295260000000000078e-01 2.967000000000000019e-03 7.295279999999999543e-01 6.839509999999999756e-01 6.470000000000000057e-04
9.000000000000000000e+00 7.000000000000000000e+01 4.700000000000000000e+01 0.000000000000000000e+00 1.600000000000000089e+00 -1.959999999999999937e-04 1.167999999999999984e-03 -9.999989999999999712e-01 -8.429210000000000313e-01 -5.380369999999999875e-01 -4.629999999999999784e-04 -5.380369999999999875e-01 8.429210000000000313e-01 1.090000000000000040e-03
1.700000000000000000e+01 5.000000000000000000e+00 5.100000000000000000e+01 0.000000000000000000e+00 1.600000000000000089e+00 4.049999999999999781e-04 6.956999999999999643e-03 -9.999759999999999760e-01 4.735369999999999857e-01 -8.807540000000000369e-01 -5.936000000000000304e-03 -8.807739999999999458e-01 -4.735230000000000272e-01 -3.651999999999999864e-03
2.700000000000000000e+01 5.000000000000000000e+00 5.100000000000000000e+01 0.000000000000000000e+00 1.600000000000000089e+00 -2.428000000000000037e-03 9.568000000000000116e-03 -9.999510000000000343e-01 4.760139999999999927e-01 -8.793860000000000010e-01 -9.570000000000000381e-03 -8.794349999999999667e-01 -4.760139999999999927e-01 -2.419999999999999842e-03
7.000000000000000000e+00 1.500000000000000000e+01 5.300000000000000000e+01 0.000000000000000000e+00 1.600000000000000089e+00 2.305000000000000191e-03 3.948000000000000120e-03 -9.999900000000000455e-01 6.755980000000000318e-01 7.372570000000000512e-01 4.467999999999999750e-03 7.372670000000000057e-01 -6.756010000000000071e-01 -9.680000000000000019e-04
6.000000000000000000e+00 6.300000000000000000e+01 5.400000000000000000e+01 0.000000000000000000e+00 1.600000000000000089e+00 1.101999999999999898e-03 -1.283999999999999985e-03 9.999989999999999712e-01 -3.583759999999999724e-01 9.335759999999999614e-01 1.593999999999999931e-03 -9.335769999999999902e-01 -3.583770000000000011e-01 5.680000000000000370e-04
1.200000000000000000e+01 6.300000000000000000e+01 5.400000000000000000e+01 0.000000000000000000e+00 1.600000000000000089e+00 -1.417999999999999990e-03 -2.614000000000000004e-03 9.999959999999999960e-01 -3.521989999999999843e-01 9.359229999999999494e-01 1.946999999999999946e-03 -9.359239999999999782e-01 -3.521949999999999803e-01 -2.247999999999999998e-03
1.700000000000000000e+01 6.300000000000000000e+01 5.400000000000000000e+01 0.000000000000000000e+00 1.600000000000000089e+00 -2.829999999999999942e-04 5.500000000000000196e-05 1.000000000000000000e+00 -3.524269999999999903e-01 9.358389999999999764e-01 -1.510000000000000112e-04 -9.358389999999999764e-01 -3.524269999999999903e-01 -2.449999999999999921e-04
2.100000000000000000e+01 6.300000000000000000e+01 5.400000000000000000e+01 0.000000000000000000e+00 1.600000000000000089e+00 -7.010000000000000172e-04 1.026000000000000002e-03 9.999989999999999712e-01 -3.516589999999999994e-01 9.361270000000000424e-01 -1.206999999999999957e-03 -9.361279999999999601e-01 -3.516599999999999726e-01 -2.959999999999999849e-04
2.600000000000000000e+01 6.300000000000000000e+01 5.400000000000000000e+01 0.000000000000000000e+00 1.600000000000000089e+00 -4.119999999999999856e-04 -2.000000000000000042e-03 9.999980000000000535e-01 -3.506830000000000225e-01 9.364930000000000199e-01 1.729000000000000068e-03 -9.364940000000000486e-01 -3.506819999999999937e-01 -1.087000000000000076e-03
1.000000000000000000e+00 2.500000000000000000e+01 5.500000000000000000e+01 0.000000000000000000e+00 1.600000000000000089e+00 2.359999999999999902e-04 -2.409999999999999816e-03 -9.999970000000000248e-01 -1.171600000000000072e-02 -9.999280000000000390e-01 2.406999999999999851e-03 -9.999310000000000143e-01 1.171600000000000072e-02 -2.640000000000000202e-04
8.000000000000000000e+00 2.500000000000000000e+01 5.500000000000000000e+01 0.000000000000000000e+00 1.600000000000000089e+00 1.010000000000000020e-04 2.435999999999999797e-03 -9.999970000000000248e-01 -9.440999999999999739e-03 -9.999519999999999520e-01 -2.436999999999999930e-03 -9.999550000000000383e-01 9.440999999999999739e-03 -7.799999999999999859e-05
1.500000000000000000e+01 2.500000000000000000e+01 5.500000000000000000e+01 0.000000000000000000e+00 1.600000000000000089e+00 -3.519999999999999908e-04 -4.000000000000000083e-03 -9.999919999999999920e-01 -1.111099999999999935e-02 -9.999299999999999855e-01 4.003999999999999747e-03 -9.999379999999999935e-01 1.111200000000000035e-02 3.080000000000000055e-04
1.900000000000000000e+01 2.500000000000000000e+01 5.500000000000000000e+01 0.000000000000000000e+00 1.600000000000000089e+00 -4.000000000000000192e-04 3.784000000000000037e-03 -9.999930000000000208e-01 -1.198100000000000033e-02 -9.999209999999999487e-01 -3.778999999999999807e-03 -9.999280000000000390e-01 1.197900000000000006e-02 4.449999999999999746e-04
2.200000000000000000e+01 2.500000000000000000e+01 5.500000000000000000e+01 0.000000000000000000e+00 1.600000000000000089e+00 -3.759999999999999779e-04 3.243999999999999922e-03 -9.999949999999999672e-01 -1.213499999999999995e-02 -9.999209999999999487e-01 -3.239000000000000126e-03 -9.999259999999999815e-01 1.213400000000000069e-02 4.159999999999999744e-04
2.800000000000000000e+01 2.500000000000000000e+01 5.500000000000000000e+01 0.000000000000000000e+00 1.600000000000000089e+00 1.314999999999999980e-03 -8.019999999999999785e-04 -9.999989999999999712e-01 -1.117300000000000064e-02 -9.999369999999999647e-01 7.879999999999999635e-04 -9.999369999999999647e-01 1.117199999999999964e-02 -1.324000000000000090e-03
2.900000000000000000e+01 5.800000000000000000e+01 5.900000000000000000e+01 0.000000000000000000e+00 1.600000000000000089e+00 3.759000000000000188e-03 -3.719000000000000083e-03 -9.999860000000000415e-01 3.890359999999999929e-01 9.212209999999999566e-01 -1.962999999999999901e-03 9.212150000000000061e-01 -3.890230000000000077e-01 4.910000000000000302e-03
2.000000000000000000e+00 7.000000000000000000e+00 6.000000000000000000e+01 0.000000000000000000e+00 1.600000000000000089e+00 -2.416000000000000179e-03 2.559999999999999884e-04 9.999970000000000248e-01 5.648330000000000295e-01 -8.252040000000000486e-01 1.575999999999999927e-03 8.252019999999999911e-01 5.648349999999999760e-01 1.850000000000000082e-03
6.000000000000000000e+00 7.000000000000000000e+00 6.000000000000000000e+01 0.000000000000000000e+00 1.600000000000000089e+00 3.964999999999999775e-03 3.701999999999999996e-03 9.999850000000000128e-01 5.623829999999999663e-01 -8.268760000000000554e-01 8.310000000000000329e-04 8.268670000000000186e-01 5.623719999999999830e-01 -5.360000000000000181e-03
2.500000000000000000e+01 7.000000000000000000e+00 6.000000000000000000e+01 0.000000000000000000e+00 1.600000000000000089e+00 -3.905000000000000051e-03 3.350999999999999812e-03 9.999869999999999592e-01 5.660690000000000444e-01 -8.243430000000000479e-01 4.972999999999999990e-03 8.243479999999999697e-01 5.660809999999999453e-01 1.322000000000000041e-03
4.000000000000000000e+00 2.100000000000000000e+01 6.000000000000000000e+01 0.000000000000000000e+00 1.600000000000000089e+00 -6.299999999999999990e-05 3.088000000000000033e-03 9.999949999999999672e-01 -9.726999999999999535e-02 9.952530000000000543e-01 -3.079000000000000140e-03 -9.952579999999999760e-01 -9.726999999999999535e-02 2.369999999999999874e-04
8.000000000000000000e+00 2.100000000000000000e+01 6.000000000000000000e+01 0.000000000000000000e+00 1.600000000000000089e+00 -2.310000000000000042e-04 2.397999999999999958e-03 9.999970000000000248e-01 -9.704400000000000526e-02 9.952769999999999673e-01 -2.409000000000000117e-03 -9.952800000000000535e-01 -9.704400000000000526e-02 3.000000000000000076e-06
2.400000000000000000e+01 2.100000000000000000e+01 6.000000000000000000e+01 0.000000000000000000e+00 1.600000000000000089e+00 -1.959999999999999937e-03 -1.475399999999999975e-02 9.998890000000000278e-01 -9.440099999999999880e-02 9.954290000000000083e-01 1.450399999999999953e-02 -9.955319999999999725e-01 -9.436200000000000143e-02 -3.343000000000000051e-03
1.300000000000000000e+01 4.000000000000000000e+00 6.200000000000000000e+01 0.000000000000000000e+00 1.600000000000000089e+00 -2.990000000000000036e-04 8.108000000000000623e-03 9.999670000000000503e-01 -6.168029999999999902e-01 7.870899999999999563e-01 -6.565999999999999788e-03 -7.871179999999999843e-01 -6.167850000000000277e-01 4.766000000000000271e-03
2.000000000000000000e+00 2.700000000000000000e+01 6.300000000000000000e+01 0.000000000000000000e+00 1.600000000000000089e+00 -2.425000000000000072e-03 8.170000000000000179e-04 9.999970000000000248e-01 -2.754550000000000054e-01 9.613129999999999731e-01 -1.453000000000000081e-03 -9.613110000000000266e-01 -2.754570000000000074e-01 -2.105999999999999799e-03
8.000000000000000000e+00 2.700000000000000000e+01 6.300000000000000000e+01 0.000000000000000000e+00 1.600000000000000089e+00 2.214999999999999955e-03 -1.441000000000000007e-03 9.999959999999999960e-01 -2.713209999999999789e-01 9.624869999999999814e-01 1.988000000000000184e-03 -9.624859999999999527e-01 -2.713249999999999829e-01 1.740999999999999926e-03
1.400000000000000000e+01 2.700000000000000000e+01 6.300000000000000000e+01 0.000000000000000000e+00 1.600000000000000089e+00 1.781000000000000031e-03 -8.063999999999999987e-03 9.999660000000000215e-01 -2.766710000000000003e-01 9.609290000000000331e-01 8.241999999999999327e-03 -9.609630000000000116e-01 -2.766759999999999775e-01 -5.199999999999999544e-04
1.900000000000000000e+01 2.700000000000000000e+01 6.300000000000000000e+01 0.000000000000000000e+00 1.600000000000000089e+00 -1.090000000000000067e-04 1.987000000000000051e-03 9.999980000000000535e-01 -2.748570000000000180e-01 9.614829999999999766e-01 -1.940000000000000101e-03 -9.614850000000000341e-01 -2.748570000000000180e-01 4.409999999999999858e-04
2.500000000000000000e+01 2.700000000000000000e+01 6.300000000000000000e+01 0.000000000000000000e+00 1.600000000000000089e+00 -1.304000000000000038e-03 -8.307000000000000148e-03 9.999649999999999928e-01 -2.717550000000000243e-01 9.623359999999999692e-01 7.640000000000000090e-03 -9.623660000000000547e-01 -2.717350000000000043e-01 -3.511999999999999931e-03
2.900000000000000000e+01 2.700000000000000000e+01 6.300000000000000000e+01 0.000000000000000000e+00 1.600000000000000089e+00 6.639999999999999852e-04 -9.730000000000000801e-03 9.999519999999999520e-01 -2.708360000000000212e-01 9.625780000000000447e-01 9.546000000000000665e-03 -9.626249999999999529e-01 -2.708289999999999864e-01 -1.995999999999999944e-03
2.000000000000000000e+00 2.600000000000000000e+01 6.400000000000000000e+01 0.000000000000000000e+00 1.600000000000000089e+00 -2.739000000000000115e-03 8.899999999999999491e-04 9.999959999999999960e-01 -3.417160000000000197e-01 9.398020000000000262e-01 -1.771999999999999921e-03 -9.397990000000000510e-01 -3.417189999999999950e-01 -2.269999999999999882e-03
8.000000000000000000e+00 2.600000000000000000e+01 6.400000000000000000e+01 0.000000000000000000e+00 1.600000000000000089e+00 1.943999999999999981e-03 -3.640000000000000006e-03 9.999909999999999632e-01 -3.405739999999999879e-01 9.402089999999999614e-01 4.083999999999999957e-03 -9.402160000000000517e-01 -3.405790000000000206e-01 5.879999999999999810e-04
1.300000000000000000e+01 2.600000000000000000e+01 6.400000000000000000e+01 0.000000000000000000e+00 1.600000000000000089e+00 3.550000000000000204e-03 -1.019899999999999973e-02 9.999419999999999975e-01 -3.442040000000000100e-01 9.388330000000000286e-01 1.079800000000000031e-02 -9.388879999999999448e-01 -3.442219999999999724e-01 -1.779999999999999898e-04
2.000000000000000000e+01 2.600000000000000000e+01 6.400000000000000000e+01 0.000000000000000000e+00 1.600000000000000089e+00 -1.405999999999999915e-03 1.056999999999999997e-03 9.999980000000000535e-01 -3.447680000000000189e-01 9.386870000000000491e-01 -1.477000000000000014e-03 -9.386870000000000491e-01 -3.447700000000000209e-01 -9.550000000000000112e-04
2.900000000000000000e+01 2.600000000000000000e+01 6.400000000000000000e+01 0.000000000000000000e+00 1.600000000000000089e+00 1.371999999999999956e-03 -1.440100000000000061e-02 9.998949999999999783e-01 -3.488160000000000149e-01 9.370870000000000033e-01 1.397499999999999958e-02 -9.371899999999999675e-01 -3.487979999999999969e-01 -3.738000000000000003e-03
7.000000000000000000e+00 2.500000000000000000e+01 7.300000000000000000e+01 0.000000000000000000e+00 1.600000000000000089e+00 5.993000000000000063e-03 -1.825000000000000016e-03 9.999799999999999800e-01 7.411919999999999620e-01 -6.712690000000000046e-01 -5.667000000000000162e-03 6.712660000000000293e-01 7.412119999999999820e-01 -2.670000000000000064e-03
1.500000000000000000e+01 2.500000000000000000e+01 7.300000000000000000e+01 0.000000000000000000e+00 1.600000000000000089e+00 -1.309000000000000051e-03 2.575000000000000032e-03 9.999959999999999960e-01 7.409900000000000375e-01 -6.715100000000000513e-01 2.699000000000000010e-03 6.715140000000000553e-01 7.409909999999999553e-01 -1.028999999999999967e-03
2.100000000000000000e+01 2.500000000000000000e+01 7.300000000000000000e+01 0.000000000000000000e+00 1.600000000000000089e+00 -9.489999999999999738e-04 3.638999999999999874e-03 9.999930000000000208e-01 7.453189999999999538e-01 -6.667009999999999881e-01 3.134000000000000067e-03 6.667079999999999673e-01 7.453159999999999785e-01 -2.079000000000000119e-03
2.600000000000000000e+01 2.500000000000000000e+01 7.300000000000000000e+01 0.000000000000000000e+00 1.600000000000000089e+00 1.613999999999999983e-03 3.449999999999999942e-03 9.999930000000000208e-01 7.477540000000000298e-01 -6.639749999999999819e-01 1.083999999999999894e-03 6.639739999999999531e-01 7.477470000000000505e-01 -3.651000000000000165e-03
