1.000000000000000000e+00 1.500000000000000000e+01 4.000000000000000000e+00 0.000000000000000000e+00 1.600000000000000089e+00 -9.500000000000000523e-05 -2.229000000000000078e-03 9.999980000000000535e-01 3.250730000000000008e-01 -9.456870000000000553e-01 -2.076999999999999853e-03 9.456890000000000018e-01 3.250720000000000276e-01 8.140000000000000534e-04
6.000000000000000000e+00 1.500000000000000000e+01 4.000000000000000000e+00 0.000000000000000000e+00 1.600000000000000089e+00 7.429999999999999539e-04 6.344999999999999946e-03 9.999799999999999800e-01 3.256800000000000250e-01 -9.454620000000000246e-01 5.758000000000000097e-03 9.454799999999999871e-01 3.256689999999999863e-01 -2.769000000000000194e-03
8.000000000000000000e+00 1.500000000000000000e+01 4.000000000000000000e+00 0.000000000000000000e+00 1.600000000000000089e+00 2.530000000000000239e-04 1.069200000000000012e-02 9.999430000000000263e-01 3.223829999999999751e-01 -9.465559999999999530e-01 1.004000000000000031e-02 9.466090000000000337e-01 3.223619999999999819e-01 -3.686000000000000040e-03
1.200000000000000000e+01 1.500000000000000000e+01 4.000000000000000000e+00 0.000000000000000000e+00 1.600000000000000089e+00 1.168999999999999900e-03 1.282900000000000013e-02 9.999169999999999447e-01 3.189440000000000053e-01 -9.476999999999999869e-01 1.178599999999999960e-02 9.477729999999999766e-01 3.189040000000000208e-01 -5.199999999999999761e-03
2.100000000000000000e+01 1.500000000000000000e+01 4.000000000000000000e+00 0.000000000000000000e+00 1.600000000000000089e+00 2.219000000000000052e-03 9.320000000000000159e-03 9.999540000000000095e-01 3.183579999999999743e-01 -9.479360000000000008e-01 8.127999999999999808e-03 9.479680000000000328e-01 3.183250000000000246e-01 -5.069999999999999854e-03
1.900000000000000000e+01 7.400000000000000000e+01 4.000000000000000000e+00 0.000000000000000000e+00 1.600000000000000089e+00 -8.809040000000000203e-01 -3.781860000000000221e-01 2.845770000000000244e-01 -3.999030000000000085e-01 9.163360000000000394e-01 -2.013799999999999965e-02 -2.531519999999999881e-01 -1.315429999999999933e-01 -9.584420000000000162e-01
1.000000000000000000e+00 4.000000000000000000e+00 5.000000000000000000e+00 0.000000000000000000e+00 1.600000000000000089e+00 3.480000000000000020e-04 4.512999999999999651e-03 9.999900000000000455e-01 2.288699999999999901e-01 -9.734469999999999512e-01 4.314000000000000126e-03 9.734570000000000167e-01 2.288660000000000139e-01 -1.371999999999999956e-03
1.400000000000000000e+01 1.010000000000000000e+02 7.000000000000000000e+00 0.000000000000000000e+00 1.600000000000000089e+00 -1.556000000000000091e-03 -1.064700000000000021e-02 9.999419999999999975e-01 8.829110000000000014e-01 4.694980000000000264e-01 6.373000000000000193e-03 -4.695389999999999842e-01 8.828690000000000149e-01 8.670000000000000623e-03
2.100000000000000000e+01 1.010000000000000000e+02 7.000000000000000000e+00 0.000000000000000000e+00 1.600000000000000089e+00 2.830000000000000050e-03 -3.848599999999999938e-02 9.992550000000000043e-01 8.846960000000000379e-01 4.659130000000000216e-01 1.543899999999999960e-02 -4.661600000000000188e-01 8.839930000000000287e-01 3.536700000000000260e-02
2.600000000000000000e+01 1.010000000000000000e+02 7.000000000000000000e+00 0.000000000000000000e+00 1.600000000000000089e+00 1.759999999999999954e-04 -3.054400000000000170e-02 9.995330000000000048e-01 8.850350000000000161e-01 4.653120000000000034e-01 1.406400000000000011e-02 -4.655250000000000221e-01 8.846199999999999619e-01 2.711500000000000021e-02
3.000000000000000000e+00 2.500000000000000000e+01 8.000000000000000000e+00 0.000000000000000000e+00 1.600000000000000089e+00 -3.030000000000000141e-03 -1.015000000000000060e-03 -9.999949999999999672e-01 4.453860000000000041e-01 8.953360000000000207e-01 -2.259000000000000157e-03 8.953339999999999632e-01 -4.453900000000000081e-01 -2.260999999999999989e-03
8.000000000000000000e+00 2.500000000000000000e+01 8.000000000000000000e+00 0.000000000000000000e+00 1.600000000000000089e+00 -3.742000000000000100e-03 -7.581000000000000065e-03 -9.999639999999999640e-01 4.476999999999999869e-01 8.941440000000000499e-01 -8.453999999999999709e-03 8.941759999999999708e-01 -4.477160000000000029e-01 4.800000000000000122e-05
1.200000000000000000e+01 2.500000000000000000e+01 8.000000000000000000e+00 0.000000000000000000e+00 1.600000000000000089e+00 -2.226999999999999813e-03 -4.519999999999999712e-03 -9.999869999999999592e-01 4.491490000000000204e-01 8.934419999999999584e-01 -5.039000000000000076e-03 8.934539999999999704e-01 -4.491550000000000264e-01 4.000000000000000327e-05
1.700000000000000000e+01 2.500000000000000000e+01 8.000000000000000000e+00 0.000000000000000000e+00 1.600000000000000089e+00 -2.105999999999999799e-03 -8.286999999999999228e-03 -9.999630000000000463e-01 4.494469999999999854e-01 8.932679999999999509e-01 -8.349000000000000518e-03 8.933050000000000157e-01 -4.494480000000000142e-01 1.843000000000000020e-03
2.500000000000000000e+01 2.500000000000000000e+01 8.000000000000000000e+00 0.000000000000000000e+00 1.600000000000000089e+00 -3.049999999999999868e-04 -2.769000000000000194e-03 -9.999959999999999960e-01 4.532559999999999922e-01 8.913769999999999749e-01 -2.606999999999999942e-03 8.913799999999999502e-01 -4.532550000000000190e-01 9.829999999999999329e-04
3.000000000000000000e+00 2.400000000000000000e+01 9.000000000000000000e+00 0.000000000000000000e+00 1.600000000000000089e+00 -3.164999999999999845e-03 -1.918000000000000000e-03 -9.999930000000000208e-01 4.482329999999999925e-01 8.939110000000000111e-01 -3.132999999999999934e-03 8.939110000000000111e-01 -4.482400000000000273e-01 -1.969999999999999963e-03
8.000000000000000000e+00 2.400000000000000000e+01 9.000000000000000000e+00 0.000000000000000000e+00 1.600000000000000089e+00 -3.733999999999999906e-03 -7.433000000000000371e-03 -9.999649999999999928e-01 4.506999999999999895e-01 8.926359999999999850e-01 -8.318000000000000740e-03 8.926669999999999883e-01 -4.507160000000000055e-01 1.599999999999999928e-05
1.300000000000000000e+01 2.400000000000000000e+01 9.000000000000000000e+00 0.000000000000000000e+00 1.600000000000000089e+00 -1.624999999999999925e-03 -4.791000000000000120e-03 -9.999869999999999592e-01 4.519389999999999796e-01 8.920350000000000223e-01 -5.008000000000000299e-03 8.920470000000000343e-01 -4.519409999999999816e-01 7.159999999999999481e-04
1.800000000000000000e+01 2.400000000000000000e+01 9.000000000000000000e+00 0.000000000000000000e+00 1.600000000000000089e+00 -2.001999999999999873e-03 -1.090600000000000076e-02 -9.999390000000000223e-01 4.517120000000000024e-01 8.921000000000000041e-01 -1.063399999999999936e-02 8.921609999999999818e-01 -4.517059999999999964e-01 3.141000000000000129e-03
2.200000000000000000e+01 2.400000000000000000e+01 9.000000000000000000e+00 0.000000000000000000e+00 1.600000000000000089e+00 -1.459999999999999926e-03 -8.127999999999999808e-03 -9.999660000000000215e-01 4.546850000000000058e-01 8.906169999999999920e-01 -7.903000000000000302e-03 8.906509999999999705e-01 -4.546810000000000018e-01 2.394999999999999993e-03
2.500000000000000000e+01 2.400000000000000000e+01 9.000000000000000000e+00 0.000000000000000000e+00 1.600000000000000089e+00 -1.930000000000000021e-04 -2.406999999999999851e-03 -9.999970000000000248e-01 4.561649999999999872e-01 8.898920000000000163e-01 -2.230000000000000211e-03 8.898949999999999916e-01 -4.561640000000000139e-01 9.259999999999999568e-04
1.600000000000000000e+01 3.100000000000000000e+01 1.200000000000000000e+01 0.000000000000000000e+00 1.600000000000000089e+00 1.050000000000000044e-04 -1.853000000000000046e-03 9.999980000000000535e-01 -1.326500000000000075e-02 9.999099999999999655e-01 1.855000000000000095e-03 -9.999120000000000230e-01 -1.326500000000000075e-02 8.100000000000000375e-05
1.400000000000000000e+01 3.500000000000000000e+01 1.200000000000000000e+01 0.000000000000000000e+00 1.600000000000000089e+00 -1.039999999999999936e-04 -5.577999999999999625e-03 -9.999839999999999840e-01 4.933710000000000040e-01 -8.698059999999999681e-01 4.800999999999999712e-03 -8.698190000000000088e-01 -4.933629999999999960e-01 2.843000000000000041e-03
2.000000000000000000e+01 3.500000000000000000e+01 1.200000000000000000e+01 0.000000000000000000e+00 1.600000000000000089e+00 1.833999999999999910e-03 -2.781000000000000052e-03 -9.999940000000000495e-01 4.802500000000000102e-01 -8.771250000000000435e-01 3.320000000000000034e-03 -8.771299999999999653e-01 -4.802540000000000142e-01 -2.739999999999999923e-04
2.400000000000000000e+01 3.500000000000000000e+01 1.200000000000000000e+01 0.000000000000000000e+00 1.600000000000000089e+00 1.582999999999999989e-03 -8.141999999999999932e-03 -9.999660000000000215e-01 4.707350000000000145e-01 -8.822389999999999954e-01 7.929000000000000284e-03 -8.822729999999999739e-01 -4.707310000000000105e-01 2.436999999999999930e-03
2.700000000000000000e+01 3.500000000000000000e+01 1.200000000000000000e+01 0.000000000000000000e+00 1.600000000000000089e+00 9.719999999999999907e-04 -6.705000000000000022e-03 -9.999770000000000048e-01 4.606799999999999784e-01 -8.875429999999999708e-01 6.398000000000000041e-03 -8.875659999999999661e-01 -4.606750000000000012e-01 2.226000000000000114e-03
1.700000000000000000e+01 7.300000000000000000e+01 1.300000000000000000e+01 0.000000000000000000e+00 1.600000000000000089e+00 -9.140249999999999764e-01 -2.217379999999999907e-01 3.396919999999999940e-01 -3.369599999999999818e-01 8.812600000000000433e-01 -3.314210000000000211e-01 -2.258680000000000132e-01 -4.173890000000000100e-01 -8.802100000000000479e-01
2.300000000000000000e+01 3.200000000000000000e+01 1.400000000000000000e+01 0.000000000000000000e+00 1.600000000000000089e+00 2.631000000000000092e-03 2.543000000000000121e-03 -9.999930000000000208e-01 1.032580000000000026e-01 9.946509999999999518e-01 2.801000000000000104e-03 9.946509999999999518e-01 -1.032639999999999947e-01 2.354999999999999889e-03
2.600000000000000000e+01 3.200000000000000000e+01 1.400000000000000000e+01 0.000000000000000000e+00 1.600000000000000089e+00 4.710000000000000102e-04 1.129000000000000012e-03 -9.999989999999999712e-01 1.032150000000000012e-01 9.946580000000000421e-01 1.172000000000000082e-03 9.946589999999999598e-01 -1.032160000000000022e-01 3.519999999999999908e-04
3.000000000000000000e+01 1.160000000000000000e+02 1.600000000000000000e+01 0.000000000000000000e+00 1.600000000000000089e+00 6.595000000000000168e-03 2.058300000000000060e-02 9.997660000000000435e-01 7.382889999999999731e-01 6.742240000000000455e-01 -1.875100000000000031e-02 -6.744520000000000515e-01 7.382400000000000073e-01 -1.074899999999999987e-02
3.000000000000000000e+00 2.000000000000000000e+00 1.900000000000000000e+01 0.000000000000000000e+00 1.600000000000000089e+00 -8.700000000000000051e-05 -2.060000000000000199e-03 -9.999980000000000535e-01 2.064499999999999946e-01 -9.784549999999999637e-01 1.998000000000000210e-03 -9.784570000000000212e-01 -2.064489999999999936e-01 5.100000000000000366e-04
9.000000000000000000e+00 2.000000000000000000e+00 1.900000000000000000e+01 0.000000000000000000e+00 1.600000000000000089e+00 1.876999999999999979e-03 1.568599999999999856e-02 -9.998749999999999583e-01 2.038699999999999957e-01 -9.788839999999999764e-01 -1.497399999999999946e-02 -9.789959999999999773e-01 -2.038159999999999972e-01 -5.035999999999999678e-03
1.200000000000000000e+01 2.000000000000000000e+00 1.900000000000000000e+01 0.000000000000000000e+00 1.600000000000000089e+00 1.270000000000000078e-03 2.510099999999999831e-02 -9.996840000000000170e-01 1.981159999999999866e-01 -9.798759999999999692e-01 -2.435199999999999865e-02 -9.801779999999999937e-01 -1.980230000000000046e-01 -6.217000000000000304e-03
1.900000000000000000e+01 2.000000000000000000e+00 1.900000000000000000e+01 0.000000000000000000e+00 1.600000000000000089e+00 -3.155999999999999951e-03 1.517800000000000052e-02 -9.998799999999999910e-01 1.855360000000000065e-01 -9.825150000000000272e-01 -1.549999999999999989e-02 -9.826319999999999499e-01 -1.855630000000000057e-01 2.840000000000000185e-04
2.300000000000000000e+01 2.000000000000000000e+00 1.900000000000000000e+01 0.000000000000000000e+00 1.600000000000000089e+00 -2.873999999999999819e-03 1.638600000000000126e-02 -9.998620000000000285e-01 1.850600000000000023e-01 -9.825869999999999882e-01 -1.663500000000000048e-02 -9.827230000000000132e-01 -1.850819999999999965e-01 -2.079999999999999872e-04
4.000000000000000000e+00 4.000000000000000000e+00 2.000000000000000000e+01 0.000000000000000000e+00 1.600000000000000089e+00 -1.195000000000000099e-03 -2.451000000000000054e-03 -9.999959999999999960e-01 3.237909999999999955e-01 -9.461270000000000513e-01 1.931999999999999907e-03 -9.461279999999999690e-01 -3.237869999999999915e-01 1.923999999999999929e-03
9.000000000000000000e+00 4.000000000000000000e+00 2.000000000000000000e+01 0.000000000000000000e+00 1.600000000000000089e+00 7.720000000000000083e-04 1.434400000000000085e-02 -9.998970000000000358e-01 3.217679999999999985e-01 -9.467250000000000387e-01 -1.333299999999999937e-02 -9.468180000000000485e-01 -3.217240000000000100e-01 -5.346000000000000058e-03
8.000000000000000000e+00 1.300000000000000000e+01 2.000000000000000000e+01 0.000000000000000000e+00 1.600000000000000089e+00 -3.069999999999999812e-04 -1.170999999999999949e-03 9.999989999999999712e-01 2.672709999999999808e-01 9.636209999999999498e-01 1.211000000000000054e-03 -9.636209999999999498e-01 2.672709999999999808e-01 1.699999999999999987e-05
1.100000000000000000e+01 1.300000000000000000e+01 2.000000000000000000e+01 0.000000000000000000e+00 1.600000000000000089e+00 1.745000000000000023e-03 7.283000000000000411e-03 9.999719999999999720e-01 2.652939999999999743e-01 9.641389999999999683e-01 -7.485000000000000334e-03 -9.641659999999999675e-01 2.652990000000000070e-01 -2.500000000000000052e-04
1.700000000000000000e+01 1.300000000000000000e+01 2.000000000000000000e+01 0.000000000000000000e+00 1.600000000000000089e+00 3.110000000000000243e-04 -2.788999999999999813e-03 9.999959999999999960e-01 2.604739999999999833e-01 9.654770000000000296e-01 2.612000000000000172e-03 -9.654810000000000336e-01 2.604719999999999813e-01 1.026999999999999918e-03
2.100000000000000000e+01 1.300000000000000000e+01 2.000000000000000000e+01 0.000000000000000000e+00 1.600000000000000089e+00 1.595999999999999979e-03 8.299999999999999815e-05 9.999989999999999712e-01 2.596720000000000139e-01 9.656970000000000276e-01 -4.939999999999999730e-04 -9.656949999999999701e-01 2.596729999999999872e-01 1.518999999999999951e-03
2.400000000000000000e+01 1.300000000000000000e+01 2.000000000000000000e+01 0.000000000000000000e+00 1.600000000000000089e+00 1.729999999999999984e-03 3.449999999999999942e-03 9.999930000000000208e-01 2.572160000000000002e-01 9.663469999999999560e-01 -3.778999999999999807e-03 -9.663530000000000175e-01 2.572200000000000042e-01 7.849999999999999990e-04
2.900000000000000000e+01 1.300000000000000000e+01 2.000000000000000000e+01 0.000000000000000000e+00 1.600000000000000089e+00 2.026000000000000023e-03 -9.929999999999999591e-04 9.999970000000000248e-01 2.556519999999999904e-01 9.667689999999999895e-01 4.420000000000000101e-04 -9.667670000000000430e-01 2.556499999999999884e-01 2.211999999999999991e-03
2.500000000000000000e+01 1.600000000000000000e+01 2.100000000000000000e+01 0.000000000000000000e+00 1.600000000000000089e+00 1.861999999999999940e-03 3.749999999999999861e-03 9.999909999999999632e-01 2.995539999999999869e-01 9.540710000000000024e-01 -4.134999999999999787e-03 -9.540779999999999816e-01 2.995590000000000197e-01 6.530000000000000431e-04
2.900000000000000000e+01 1.600000000000000000e+01 2.100000000000000000e+01 0.000000000000000000e+00 1.600000000000000089e+00 2.351999999999999924e-03 -1.760999999999999979e-03 9.999959999999999960e-01 2.993310000000000137e-01 9.541490000000000249e-01 9.759999999999999796e-04 -9.541460000000000496e-01 2.993279999999999830e-01 2.771000000000000026e-03
4.000000000000000000e+00 3.000000000000000000e+00 2.500000000000000000e+01 0.000000000000000000e+00 1.600000000000000089e+00 -3.458000000000000136e-03 -3.719000000000000083e-03 9.999869999999999592e-01 -1.005609999999999976e-01 -9.949230000000000018e-01 -4.048000000000000383e-03 9.949249999999999483e-01 -1.005729999999999957e-01 3.066999999999999848e-03
9.000000000000000000e+00 3.000000000000000000e+00 2.500000000000000000e+01 0.000000000000000000e+00 1.600000000000000089e+00 2.197000000000000168e-03 1.379599999999999924e-02 9.999019999999999575e-01 -9.352800000000000002e-02 -9.955190000000000428e-01 1.394100000000000027e-02 9.956139999999999990e-01 -9.354899999999999327e-02 -8.970000000000000109e-04
1.200000000000000000e+01 3.000000000000000000e+00 2.500000000000000000e+01 0.000000000000000000e+00 1.600000000000000089e+00 3.830000000000000071e-03 1.787599999999999953e-02 9.998329999999999718e-01 -8.784000000000000141e-02 -9.959689999999999932e-01 1.814299999999999941e-02 9.961269999999999847e-01 -8.789500000000000091e-02 -2.243999999999999901e-03
1.800000000000000000e+01 3.000000000000000000e+00 2.500000000000000000e+01 0.000000000000000000e+00 1.600000000000000089e+00 3.869000000000000043e-03 1.874400000000000024e-02 9.998169999999999558e-01 -6.959300000000000208e-02 -9.973950000000000315e-01 1.896799999999999875e-02 9.975680000000000103e-01 -6.965300000000000658e-02 -2.554999999999999979e-03
2.100000000000000000e+01 3.000000000000000000e+00 2.500000000000000000e+01 0.000000000000000000e+00 1.600000000000000089e+00 4.270000000000000358e-03 1.907999999999999974e-02 9.998089999999999478e-01 -6.287099999999999633e-02 -9.978350000000000275e-01 1.931000000000000077e-02 9.980130000000000390e-01 -6.294099999999999695e-02 -3.060999999999999919e-03
2.500000000000000000e+01 3.000000000000000000e+00 2.500000000000000000e+01 0.000000000000000000e+00 1.600000000000000089e+00 3.331999999999999892e-03 1.117600000000000017e-02 9.999320000000000430e-01 -4.845000000000000001e-02 -9.987610000000000099e-01 1.132400000000000073e-02 9.988200000000000411e-01 -4.848399999999999932e-02 -2.785999999999999848e-03
5.000000000000000000e+00 4.600000000000000000e+01 2.700000000000000000e+01 0.000000000000000000e+00 1.600000000000000089e+00 -8.399999999999999535e-05 -1.508000000000000009e-03 -9.999989999999999712e-01 6.741740000000000510e-01 7.385720000000000063e-01 -1.170000000000000033e-03 7.385720000000000063e-01 -6.741730000000000222e-01 9.539999999999999869e-04
9.000000000000000000e+00 4.600000000000000000e+01 2.700000000000000000e+01 0.000000000000000000e+00 1.600000000000000089e+00 -6.009999999999999717e-04 -2.053000000000000137e-03 -9.999980000000000535e-01 6.703890000000000127e-01 7.420069999999999721e-01 -1.925999999999999978e-03 7.420090000000000297e-01 -6.703890000000000127e-01 9.300000000000000541e-04
2.000000000000000000e+01 4.600000000000000000e+01 2.700000000000000000e+01 0.000000000000000000e+00 1.600000000000000089e+00 -2.030000000000000012e-04 1.679999999999999907e-04 -1.000000000000000000e+00 6.637690000000000534e-01 7.479369999999999630e-01 -9.000000000000000228e-06 7.479369999999999630e-01 -6.637690000000000534e-01 -2.640000000000000202e-04
1.400000000000000000e+01 4.600000000000000000e+01 3.000000000000000000e+01 0.000000000000000000e+00 1.600000000000000089e+00 6.589999999999999721e-04 9.529999999999999626e-04 -9.999989999999999712e-01 3.201919999999999766e-01 9.473519999999999719e-01 1.113999999999999973e-03 9.473519999999999719e-01 -3.201930000000000054e-01 3.190000000000000019e-04
2.100000000000000000e+01 4.600000000000000000e+01 3.000000000000000000e+01 0.000000000000000000e+00 1.600000000000000089e+00 2.500000000000000120e-05 3.800000000000000209e-05 -1.000000000000000000e+00 3.209609999999999963e-01 9.470929999999999627e-01 4.399999999999999886e-05 9.470929999999999627e-01 -3.209609999999999963e-01 1.200000000000000030e-05
2.000000000000000000e+00 5.800000000000000000e+01 3.100000000000000000e+01 0.000000000000000000e+00 1.600000000000000089e+00 -3.420000000000000188e-04 -3.690000000000000138e-03 9.999930000000000208e-01 -7.960679999999999978e-01 -6.052020000000000177e-01 -2.504999999999999848e-03 6.052070000000000505e-01 -7.960629999999999651e-01 -2.729999999999999788e-03
5.000000000000000000e+00 5.800000000000000000e+01 3.100000000000000000e+01 0.000000000000000000e+00 1.600000000000000089e+00 -3.387999999999999953e-03 -5.519999999999999733e-03 9.999789999999999512e-01 -7.972000000000000197e-01 -6.036850000000000271e-01 -6.034000000000000301e-03 6.037059999999999649e-01 -7.972040000000000237e-01 -2.354999999999999889e-03
1.000000000000000000e+01 5.800000000000000000e+01 3.100000000000000000e+01 0.000000000000000000e+00 1.600000000000000089e+00 -6.329999999999999906e-04 -4.494999999999999864e-03 9.999900000000000455e-01 -7.958070000000000421e-01 -6.055420000000000247e-01 -3.226000000000000135e-03 6.055500000000000327e-01 -7.958009999999999806e-01 -3.193999999999999791e-03
1.500000000000000000e+01 5.800000000000000000e+01 3.100000000000000000e+01 0.000000000000000000e+00 1.600000000000000089e+00 5.133000000000000410e-03 4.061000000000000373e-03 9.999789999999999512e-01 -7.858150000000000412e-01 -6.184269999999999490e-01 6.544999999999999603e-03 6.184399999999999897e-01 -7.858319999999999750e-01 1.699999999999999987e-05
2.100000000000000000e+01 5.800000000000000000e+01 3.100000000000000000e+01 0.000000000000000000e+00 1.600000000000000089e+00 1.516999999999999902e-03 9.529999999999999626e-04 9.999980000000000535e-01 -7.787889999999999535e-01 -6.272839999999999527e-01 1.778999999999999982e-03 6.272839999999999527e-01 -7.787899999999999823e-01 -2.090000000000000115e-04
2.500000000000000000e+01 5.800000000000000000e+01 3.100000000000000000e+01 0.000000000000000000e+00 1.600000000000000089e+00 5.369999999999999774e-03 6.658999999999999989e-03 9.999630000000000463e-01 -7.744999999999999662e-01 -6.325180000000000247e-01 8.370999999999999969e-03 6.325509999999999744e-01 -7.745170000000000110e-01 1.760999999999999979e-03
2.900000000000000000e+01 5.800000000000000000e+01 3.100000000000000000e+01 0.000000000000000000e+00 1.600000000000000089e+00 4.632999999999999965e-03 9.792000000000000356e-03 9.999409999999999688e-01 -7.707939999999999792e-01 -6.370090000000000474e-01 9.809000000000000011e-03 6.370670000000000499e-01 -7.707939999999999792e-01 4.596000000000000259e-03
5.000000000000000000e+00 1.800000000000000000e+01 3.400000000000000000e+01 0.000000000000000000e+00 1.600000000000000089e+00 -2.970000000000000092e-04 -1.794000000000000022e-03 -9.999980000000000535e-01 -3.053469999999999795e-01 -9.522389999999999466e-01 1.799000000000000035e-03 -9.522410000000000041e-01 3.053469999999999795e-01 -2.649999999999999903e-04
3.000000000000000000e+00 4.600000000000000000e+01 3.500000000000000000e+01 0.000000000000000000e+00 1.600000000000000089e+00 7.919999999999999523e-04 -3.990999999999999756e-03 -9.999919999999999920e-01 3.913659999999999917e-01 -9.202259999999999884e-01 3.983000000000000429e-03 -9.202350000000000252e-01 -3.913659999999999917e-01 8.329999999999999731e-04
6.000000000000000000e+00 4.600000000000000000e+01 3.500000000000000000e+01 0.000000000000000000e+00 1.600000000000000089e+00 -5.940000000000000184e-04 -1.044000000000000006e-03 -9.999989999999999712e-01 3.929170000000000162e-01 -9.195740000000000025e-01 7.259999999999999743e-04 -9.195740000000000025e-01 -3.929159999999999875e-01 9.560000000000000355e-04
1.200000000000000000e+01 4.600000000000000000e+01 3.500000000000000000e+01 0.000000000000000000e+00 1.600000000000000089e+00 1.075999999999999917e-03 -5.974000000000000143e-03 -9.999820000000000375e-01 3.915219999999999811e-01 -9.201500000000000234e-01 5.917999999999999650e-03 -9.201679999999999859e-01 -3.915210000000000079e-01 1.348999999999999939e-03
1.600000000000000000e+01 4.600000000000000000e+01 3.500000000000000000e+01 0.000000000000000000e+00 1.600000000000000089e+00 5.090000000000000123e-04 -1.866000000000000037e-03 -9.999980000000000535e-01 3.910509999999999819e-01 -9.203670000000000462e-01 1.915999999999999951e-03 -9.203689999999999927e-01 -3.910509999999999819e-01 2.610000000000000015e-04
2.200000000000000000e+01 4.600000000000000000e+01 3.500000000000000000e+01 0.000000000000000000e+00 1.600000000000000089e+00 -7.590000000000000175e-04 1.727000000000000019e-03 -9.999980000000000535e-01 3.921009999999999773e-01 -9.199199999999999600e-01 -1.886000000000000090e-03 -9.199220000000000175e-01 -3.921020000000000061e-01 2.099999999999999884e-05
2.800000000000000000e+01 4.600000000000000000e+01 3.500000000000000000e+01 0.000000000000000000e+00 1.600000000000000089e+00 -3.669999999999999760e-04 1.968999999999999830e-03 -9.999980000000000535e-01 3.927180000000000115e-01 -9.196569999999999467e-01 -1.955000000000000140e-03 -9.196590000000000042e-01 -3.927180000000000115e-01 -4.360000000000000269e-04
3.000000000000000000e+00 9.500000000000000000e+01 3.600000000000000000e+01 0.000000000000000000e+00 1.600000000000000089e+00 3.272000000000000169e-03 -2.235499999999999987e-02 9.997449999999999948e-01 9.972429999999999906e-01 7.419199999999999406e-02 -1.605000000000000090e-03 -7.413799999999999557e-02 9.969930000000000181e-01 2.253600000000000048e-02
7.000000000000000000e+00 9.500000000000000000e+01 3.600000000000000000e+01 0.000000000000000000e+00 1.600000000000000089e+00 1.446999999999999936e-03 -5.882500000000000229e-02 9.982670000000000154e-01 9.971499999999999808e-01 7.538799999999999668e-02 2.997000000000000098e-03 -7.543400000000000105e-02 9.954180000000000250e-01 5.876599999999999879e-02
4.000000000000000000e+00 2.900000000000000000e+01 4.400000000000000000e+01 0.000000000000000000e+00 1.600000000000000089e+00 8.210000000000000067e-04 1.881000000000000076e-03 -9.999980000000000535e-01 6.685179999999999456e-01 7.436939999999999662e-01 1.948000000000000079e-03 7.436960000000000237e-01 -6.685179999999999456e-01 -6.470000000000000057e-04
7.000000000000000000e+00 2.900000000000000000e+01 4.400000000000000000e+01 0.000000000000000000e+00 1.600000000000000089e+00 1.940000000000000101e-03 1.923000000000000013e-03 -9.999959999999999960e-01 6.663860000000000339e-01 7.456019999999999870e-01 2.726000000000000124e-03 7.456040000000000445e-01 -6.663890000000000091e-01 1.649999999999999991e-04
1.100000000000000000e+01 2.900000000000000000e+01 4.400000000000000000e+01 0.000000000000000000e+00 1.600000000000000089e+00 1.348000000000000023e-03 2.719999999999999979e-04 -9.999989999999999712e-01 6.550789999999999669e-01 7.555600000000000094e-01 1.087999999999999991e-03 7.555600000000000094e-01 -6.550789999999999669e-01 8.400000000000000348e-04
1.500000000000000000e+01 2.900000000000000000e+01 4.400000000000000000e+01 0.000000000000000000e+00 1.600000000000000089e+00 -6.660000000000000338e-04 -1.461999999999999975e-03 -9.999989999999999712e-01 6.507230000000000514e-01 7.593140000000000445e-01 -1.543000000000000101e-03 7.593149999999999622e-01 -6.507230000000000514e-01 4.459999999999999989e-04
2.300000000000000000e+01 2.900000000000000000e+01 4.400000000000000000e+01 0.000000000000000000e+00 1.600000000000000089e+00 3.660000000000000059e-04 1.069999999999999988e-03 -9.999989999999999712e-01 6.511059999999999626e-01 7.589860000000000495e-01 1.051000000000000068e-03 7.589860000000000495e-01 -6.511059999999999626e-01 -4.180000000000000230e-04
2.700000000000000000e+01 2.900000000000000000e+01 4.400000000000000000e+01 0.000000000000000000e+00 1.600000000000000089e+00 -2.007999999999999802e-03 -1.833999999999999910e-03 -9.999959999999999960e-01 6.599840000000000151e-01 7.512739999999999974e-01 -2.703000000000000107e-03 7.512769999999999726e-01 -6.599869999999999903e-01 -2.979999999999999793e-04
2.800000000000000000e+01 5.000000000000000000e+00 5.100000000000000000e+01 0.000000000000000000e+00 1.600000000000000089e+00 -2.125999999999999852e-03 1.283000000000000069e-03 -9.999970000000000248e-01 4.905539999999999901e-01 -8.714079999999999604e-01 -2.161000000000000160e-03 -8.714079999999999604e-01 -4.905570000000000208e-01 1.222999999999999912e-03
1.100000000000000000e+01 6.000000000000000000e+00 5.100000000000000000e+01 0.000000000000000000e+00 1.600000000000000089e+00 3.848999999999999991e-03 1.581400000000000167e-02 -9.998679999999999790e-01 3.097460000000000213e-01 -9.507189999999999808e-01 -1.384499999999999967e-02 -9.508119999999999905e-01 -3.096519999999999828e-01 -8.557000000000000370e-03
1.200000000000000000e+01 7.000000000000000000e+00 5.200000000000000000e+01 0.000000000000000000e+00 1.600000000000000089e+00 9.480000000000000579e-03 1.461699999999999978e-02 -9.998479999999999590e-01 9.926500000000000601e-02 -9.949679999999999636e-01 -1.360500000000000077e-02 -9.950160000000000116e-01 -9.912100000000000077e-02 -1.088300000000000031e-02
1.600000000000000000e+01 7.000000000000000000e+00 5.200000000000000000e+01 0.000000000000000000e+00 1.600000000000000089e+00 6.542000000000000072e-03 9.416000000000000758e-03 -9.999339999999999895e-01 9.421799999999999620e-02 -9.955129999999999812e-01 -8.758000000000000160e-03 -9.955300000000000260e-01 -9.415500000000000258e-02 -7.399000000000000195e-03
2.000000000000000000e+00 6.300000000000000000e+01 5.400000000000000000e+01 0.000000000000000000e+00 1.600000000000000089e+00 1.734999999999999997e-03 -1.415999999999999941e-03 9.999970000000000248e-01 -3.381270000000000109e-01 9.410979999999999901e-01 1.918999999999999916e-03 -9.410990000000000189e-01 -3.381299999999999861e-01 1.154000000000000078e-03
1.100000000000000000e+01 6.300000000000000000e+01 5.400000000000000000e+01 0.000000000000000000e+00 1.600000000000000089e+00 6.792000000000000294e-03 4.307000000000000065e-03 9.999679999999999680e-01 -3.422390000000000154e-01 9.396109999999999740e-01 -1.722000000000000006e-03 -9.395879999999999788e-01 -3.422160000000000202e-01 7.856000000000000136e-03
2.200000000000000000e+01 6.300000000000000000e+01 5.400000000000000000e+01 0.000000000000000000e+00 1.600000000000000089e+00 -8.790000000000000070e-04 -5.230000000000000274e-04 1.000000000000000000e+00 -3.175640000000000129e-01 9.482369999999999965e-01 2.169999999999999891e-04 -9.482359999999999678e-01 -3.175640000000000129e-01 -1.000000000000000021e-03
2.800000000000000000e+01 6.300000000000000000e+01 5.400000000000000000e+01 0.000000000000000000e+00 1.600000000000000089e+00 -1.176999999999999921e-02 -9.043000000000000690e-03 9.998899999999999455e-01 -3.367009999999999725e-01 9.416010000000000213e-01 4.552999999999999756e-03 -9.415379999999999860e-01 -3.366109999999999935e-01 -1.412700000000000067e-02
2.100000000000000000e+01 2.500000000000000000e+01 5.500000000000000000e+01 0.000000000000000000e+00 1.600000000000000089e+00 2.120000000000000031e-04 -6.252999999999999878e-03 -9.999799999999999800e-01 -1.140599999999999947e-02 -9.999149999999999983e-01 6.250000000000000347e-03 -9.999350000000000183e-01 1.140399999999999921e-02 -2.840000000000000185e-04
2.500000000000000000e+01 2.500000000000000000e+01 5.500000000000000000e+01 0.000000000000000000e+00 1.600000000000000089e+00 5.370000000000000424e-04 -8.777000000000000079e-03 -9.999609999999999888e-01 -1.404700000000000046e-02 -9.998629999999999463e-01 8.767999999999999752e-03 -9.999010000000000398e-01 1.404099999999999966e-02 -6.610000000000000207e-04
2.900000000000000000e+01 7.700000000000000000e+01 5.900000000000000000e+01 0.000000000000000000e+00 1.600000000000000089e+00 -9.853000000000000647e-02 -5.313229999999999897e-01 8.414199999999999458e-01 -2.644059999999999744e-01 -8.011650000000000160e-01 -5.368659999999999544e-01 9.593650000000000233e-01 -2.753740000000000077e-01 -6.154599999999999654e-02
1.000000000000000000e+00 2.100000000000000000e+01 6.000000000000000000e+01 0.000000000000000000e+00 1.600000000000000089e+00 -7.399999999999999894e-04 -1.600999999999999993e-02 9.998719999999999830e-01 -9.298599999999999921e-02 9.955410000000000093e-01 1.587099999999999969e-02 -9.956669999999999687e-01 -9.296300000000000396e-02 -2.226000000000000114e-03
5.000000000000000000e+00 2.100000000000000000e+01 6.000000000000000000e+01 0.000000000000000000e+00 1.600000000000000089e+00 -1.673000000000000008e-03 -6.211000000000000375e-03 9.999789999999999512e-01 -9.296899999999999609e-02 9.956509999999999527e-01 6.028000000000000372e-03 -9.956679999999999975e-01 -9.295699999999999796e-02 -2.243999999999999901e-03
1.100000000000000000e+01 2.100000000000000000e+01 6.000000000000000000e+01 0.000000000000000000e+00 1.600000000000000089e+00 -1.453999999999999997e-03 4.638999999999999894e-03 9.999879999999999880e-01 -9.584700000000000164e-02 9.953849999999999643e-01 -4.756999999999999944e-03 -9.953950000000000298e-01 -9.585200000000000664e-02 -1.002000000000000069e-03
1.600000000000000000e+01 2.100000000000000000e+01 6.000000000000000000e+01 0.000000000000000000e+00 1.600000000000000089e+00 1.353999999999999952e-03 1.072700000000000042e-02 9.999419999999999975e-01 -9.600599999999999412e-02 9.953250000000000153e-01 -1.054800000000000008e-02 -9.953800000000000425e-01 -9.598700000000000288e-02 2.377999999999999906e-03
2.000000000000000000e+01 2.100000000000000000e+01 6.000000000000000000e+01 0.000000000000000000e+00 1.600000000000000089e+00 2.769999999999999893e-03 -5.590000000000000351e-04 9.999959999999999960e-01 -9.439000000000000168e-02 9.955349999999999477e-01 8.180000000000000422e-04 -9.955310000000000548e-01 -9.439200000000000368e-02 2.704999999999999939e-03
2.700000000000000000e+01 2.100000000000000000e+01 6.000000000000000000e+01 0.000000000000000000e+00 1.600000000000000089e+00 1.374999999999999920e-03 1.852799999999999933e-02 9.998270000000000213e-01 -9.717000000000000637e-02 9.950989999999999558e-01 -1.830700000000000036e-02 -9.952670000000000128e-01 -9.712800000000000600e-02 3.168999999999999942e-03
1.000000000000000000e+01 8.200000000000000000e+01 6.200000000000000000e+01 0.000000000000000000e+00 1.600000000000000089e+00 6.359580000000000233e-01 -7.463459999999999539e-01 1.962780000000000080e-01 -6.464090000000000114e-01 -6.541059999999999652e-01 -3.928119999999999945e-01 4.215599999999999903e-01 1.229360000000000036e-01 -8.984280000000000044e-01
1.100000000000000000e+01 3.000000000000000000e+00 6.300000000000000000e+01 0.000000000000000000e+00 1.600000000000000089e+00 1.704999999999999918e-03 1.383299999999999981e-02 9.999029999999999863e-01 -6.250449999999999617e-01 7.805279999999999996e-01 -9.733000000000000332e-03 -7.805870000000000308e-01 -6.249670000000000503e-01 9.976999999999999758e-03
1.800000000000000000e+01 3.000000000000000000e+00 6.300000000000000000e+01 0.000000000000000000e+00 1.600000000000000089e+00 7.339999999999999520e-04 2.301000000000000094e-03 9.999970000000000248e-01 -6.174100000000000144e-01 7.866410000000000347e-01 -1.356999999999999916e-03 -7.866410000000000347e-01 -6.174070000000000391e-01 1.998000000000000210e-03
2.600000000000000000e+01 3.000000000000000000e+00 6.300000000000000000e+01 0.000000000000000000e+00 1.600000000000000089e+00 4.560000000000000251e-04 1.490000000000000005e-03 9.999989999999999712e-01 -6.169080000000000119e-01 7.870350000000000401e-01 -8.919999999999999978e-04 -7.870350000000000401e-01 -6.169069999999999832e-01 1.278000000000000056e-03
3.000000000000000000e+00 2.700000000000000000e+01 6.300000000000000000e+01 0.000000000000000000e+00 1.600000000000000089e+00 8.099999999999999561e-04 -3.056999999999999822e-03 9.999949999999999672e-01 -2.813169999999999837e-01 9.596099999999999630e-01 3.161000000000000181e-03 -9.596149999999999958e-01 -2.813180000000000125e-01 -8.200000000000000095e-05
9.000000000000000000e+00 2.700000000000000000e+01 6.300000000000000000e+01 0.000000000000000000e+00 1.600000000000000089e+00 -1.227999999999999925e-03 -3.050000000000000194e-03 9.999949999999999672e-01 -2.761799999999999811e-01 9.611030000000000406e-01 2.592000000000000120e-03 -9.611049999999999871e-01 -2.761750000000000038e-01 -2.021999999999999926e-03
1.200000000000000000e+01 2.700000000000000000e+01 6.300000000000000000e+01 0.000000000000000000e+00 1.600000000000000089e+00 2.339999999999999958e-04 1.520000000000000084e-04 1.000000000000000000e+00 -2.714039999999999786e-01 9.624650000000000150e-01 -8.299999999999999815e-05 -9.624650000000000150e-01 -2.714039999999999786e-01 2.669999999999999847e-04
1.900000000000000000e+01 2.700000000000000000e+01 6.300000000000000000e+01 0.000000000000000000e+00 1.600000000000000089e+00 2.259999999999999856e-03 6.702999999999999757e-03 9.999749999999999472e-01 -2.728809999999999847e-01 9.620300000000000518e-01 -5.832000000000000378e-03 -9.620450000000000390e-01 -2.728610000000000202e-01 4.002999999999999614e-03
2.600000000000000000e+01 2.700000000000000000e+01 6.300000000000000000e+01 0.000000000000000000e+00 1.600000000000000089e+00 4.319999999999999838e-04 -9.870000000000000301e-04 9.999989999999999712e-01 -2.792330000000000090e-01 9.602230000000000487e-01 1.067999999999999939e-03 -9.602230000000000487e-01 -2.792339999999999822e-01 1.389999999999999905e-04
1.000000000000000000e+00 2.600000000000000000e+01 6.400000000000000000e+01 0.000000000000000000e+00 1.600000000000000089e+00 1.938000000000000052e-03 -5.586999999999999952e-03 9.999820000000000375e-01 -3.619689999999999852e-01 9.321709999999999718e-01 5.910000000000000323e-03 -9.321880000000000166e-01 -3.619740000000000180e-01 -2.149999999999999947e-04
9.000000000000000000e+00 2.600000000000000000e+01 6.400000000000000000e+01 0.000000000000000000e+00 1.600000000000000089e+00 -2.135000000000000179e-03 -2.886000000000000110e-03 9.999940000000000495e-01 -3.567259999999999875e-01 9.342070000000000096e-01 1.933999999999999955e-03 -9.342059999999999809e-01 -3.567199999999999815e-01 -3.024000000000000212e-03
1.300000000000000000e+01 2.600000000000000000e+01 6.400000000000000000e+01 0.000000000000000000e+00 1.600000000000000089e+00 2.979999999999999793e-04 -1.051999999999999984e-03 9.999989999999999712e-01 -3.528180000000000205e-01 9.356919999999999682e-01 1.090000000000000040e-03 -9.356919999999999682e-01 -3.528180000000000205e-01 -9.299999999999999727e-05
2.000000000000000000e+01 2.600000000000000000e+01 6.400000000000000000e+01 0.000000000000000000e+00 1.600000000000000089e+00 1.628000000000000107e-03 8.595999999999999475e-03 9.999620000000000175e-01 -3.590090000000000225e-01 9.333040000000000225e-01 -7.438000000000000167e-03 -9.333329999999999682e-01 -3.589829999999999965e-01 4.604999999999999719e-03
2.600000000000000000e+01 2.600000000000000000e+01 6.400000000000000000e+01 0.000000000000000000e+00 1.600000000000000089e+00 2.229999999999999994e-04 -6.449999999999999570e-04 1.000000000000000000e+00 -3.643910000000000204e-01 9.312460000000000182e-01 6.819999999999999890e-04 -9.312460000000000182e-01 -3.643919999999999937e-01 -2.699999999999999899e-05
3.000000000000000000e+01 2.600000000000000000e+01 6.400000000000000000e+01 0.000000000000000000e+00 1.600000000000000089e+00 7.910000000000000364e-04 1.418999999999999906e-03 9.999989999999999712e-01 -3.620280000000000165e-01 9.321669999999999678e-01 -1.036000000000000029e-03 -9.321669999999999678e-01 -3.620260000000000145e-01 1.250999999999999942e-03
2.200000000000000000e+01 7.300000000000000000e+01 6.400000000000000000e+01 0.000000000000000000e+00 1.600000000000000089e+00 -9.697379999999999889e-01 1.568229999999999902e-01 -1.871240000000000125e-01 -1.486389999999999934e-01 -9.872429999999999817e-01 -5.708400000000000279e-02 -1.936879999999999991e-01 -2.754200000000000051e-02 9.806759999999999922e-01
5.000000000000000000e+00 8.200000000000000000e+01 7.000000000000000000e+01 0.000000000000000000e+00 1.600000000000000089e+00 7.437869999999999759e-01 -4.554840000000000000e-01 4.891989999999999950e-01 -5.184020000000000294e-01 -8.550999999999999712e-01 -7.979999999999999247e-03 4.219490000000000185e-01 -2.476659999999999973e-01 -8.721360000000000223e-01
