2.100000000000000000e+01 3.000000000000000000e+00 4.000000000000000000e+00 0.000000000000000000e+00 1.600000000000000089e+00 -2.029479999999999895e-01 -1.010140000000000066e-01 -9.739649999999999697e-01 -8.797939999999999650e-01 -4.178370000000000140e-01 2.266610000000000014e-01 -4.298549999999999871e-01 9.028890000000000526e-01 -4.072000000000000099e-03
8.000000000000000000e+00 6.000000000000000000e+00 4.000000000000000000e+00 0.000000000000000000e+00 1.600000000000000089e+00 -1.227030000000000065e-01 -9.936899999999999900e-02 -9.874560000000000004e-01 -8.549999999999999822e-01 -4.946039999999999881e-01 1.560169999999999890e-01 -5.039029999999999898e-01 8.634190000000000476e-01 -2.427100000000000091e-02
1.500000000000000000e+01 1.500000000000000000e+01 4.000000000000000000e+00 0.000000000000000000e+00 1.600000000000000089e+00 -4.200000000000000174e-04 -2.429200000000000109e-02 9.997049999999999548e-01 3.162860000000000116e-01 -9.483869999999999800e-01 -2.291199999999999834e-02 9.486639999999999517e-01 3.161829999999999918e-01 8.082000000000000642e-03
2.300000000000000000e+01 1.500000000000000000e+01 4.000000000000000000e+00 0.000000000000000000e+00 1.600000000000000089e+00 -6.499999999999999702e-04 -6.078000000000000069e-03 9.999810000000000088e-01 3.099759999999999738e-01 -9.507280000000000175e-01 -5.577999999999999625e-03 9.507440000000000335e-01 3.099669999999999925e-01 2.501999999999999884e-03
2.900000000000000000e+01 1.500000000000000000e+01 4.000000000000000000e+00 0.000000000000000000e+00 1.600000000000000089e+00 -3.556000000000000133e-03 -4.564000000000000348e-03 9.999829999999999552e-01 3.099569999999999825e-01 -9.507449999999999513e-01 -3.236999999999999860e-03 9.507440000000000335e-01 3.099410000000000220e-01 4.794999999999999783e-03
1.800000000000000000e+01 1.600000000000000000e+01 4.000000000000000000e+00 0.000000000000000000e+00 1.600000000000000089e+00 -6.700000000000000226e-04 -4.579999999999999870e-03 9.999890000000000168e-01 3.815279999999999783e-01 -9.243489999999999762e-01 -3.977999999999999765e-03 9.243569999999999842e-01 3.815219999999999723e-01 2.367000000000000180e-03
1.000000000000000000e+00 1.300000000000000000e+01 5.000000000000000000e+00 0.000000000000000000e+00 1.600000000000000089e+00 1.254199999999999933e-02 -9.601400000000000212e-02 9.953009999999999913e-01 3.576710000000000167e-01 -9.290910000000000002e-01 -9.413399999999999546e-02 9.337630000000000097e-01 3.571710000000000163e-01 2.268900000000000083e-02
1.400000000000000000e+01 1.010000000000000000e+02 7.000000000000000000e+00 0.000000000000000000e+00 1.600000000000000089e+00 -2.631000000000000092e-03 -7.931999999999999815e-03 9.999649999999999928e-01 8.862349999999999950e-01 4.631970000000000254e-01 6.006000000000000054e-03 -4.632290000000000019e-01 8.862200000000000077e-01 5.811000000000000193e-03
2.200000000000000000e+01 1.010000000000000000e+02 7.000000000000000000e+00 0.000000000000000000e+00 1.600000000000000089e+00 3.798999999999999860e-03 1.595000000000000064e-03 9.999919999999999920e-01 8.850940000000000474e-01 4.653939999999999744e-01 -4.105000000000000142e-03 -4.653959999999999764e-01 8.851020000000000554e-01 3.570000000000000040e-04
2.800000000000000000e+01 1.010000000000000000e+02 7.000000000000000000e+00 0.000000000000000000e+00 1.600000000000000089e+00 4.433999999999999574e-03 -1.804400000000000101e-02 9.998270000000000213e-01 8.905610000000000470e-01 4.548440000000000261e-01 4.258999999999999765e-03 -4.548420000000000241e-01 8.903879999999999573e-01 1.808600000000000138e-02
4.000000000000000000e+00 2.500000000000000000e+01 8.000000000000000000e+00 0.000000000000000000e+00 1.600000000000000089e+00 1.319999999999999993e-03 4.745000000000000086e-03 -9.999879999999999880e-01 4.390350000000000086e-01 8.984569999999999501e-01 4.843000000000000083e-03 8.984689999999999621e-01 -4.390359999999999818e-01 -8.970000000000000109e-04
9.000000000000000000e+00 2.500000000000000000e+01 8.000000000000000000e+00 0.000000000000000000e+00 1.600000000000000089e+00 6.740000000000000114e-04 -4.422999999999999848e-03 -9.999900000000000455e-01 4.407969999999999944e-01 8.975990000000000357e-01 -3.673000000000000050e-03 8.976060000000000150e-01 -4.407900000000000151e-01 2.553999999999999847e-03
1.500000000000000000e+01 2.500000000000000000e+01 8.000000000000000000e+00 0.000000000000000000e+00 1.600000000000000089e+00 -2.125000000000000153e-03 -1.474999999999999966e-03 -9.999970000000000248e-01 4.406479999999999841e-01 8.976769999999999472e-01 -2.259999999999999856e-03 8.976779999999999760e-01 -4.406510000000000149e-01 -1.258000000000000004e-03
2.200000000000000000e+01 2.500000000000000000e+01 8.000000000000000000e+00 0.000000000000000000e+00 1.600000000000000089e+00 -1.268999999999999946e-03 -6.180999999999999862e-03 -9.999799999999999800e-01 4.438409999999999855e-01 8.960850000000000204e-01 -6.101999999999999785e-03 8.961050000000000404e-01 -4.438400000000000123e-01 1.606999999999999922e-03
3.000000000000000000e+01 2.500000000000000000e+01 8.000000000000000000e+00 0.000000000000000000e+00 1.600000000000000089e+00 -3.989999999999999949e-04 3.072000000000000078e-03 -9.999949999999999672e-01 4.450479999999999992e-01 8.955030000000000490e-01 2.573000000000000200e-03 8.955070000000000530e-01 -4.450450000000000239e-01 -1.724999999999999971e-03
5.000000000000000000e+00 2.400000000000000000e+01 9.000000000000000000e+00 0.000000000000000000e+00 1.600000000000000089e+00 9.979999999999999722e-04 3.379000000000000059e-03 -9.999940000000000495e-01 4.459099999999999731e-01 8.950709999999999500e-01 3.468999999999999861e-03 8.950770000000000115e-01 -4.459110000000000018e-01 -6.130000000000000466e-04
1.500000000000000000e+01 2.400000000000000000e+01 9.000000000000000000e+00 0.000000000000000000e+00 1.600000000000000089e+00 -1.497000000000000067e-03 -2.710000000000000169e-03 -9.999949999999999672e-01 4.458969999999999878e-01 8.950789999999999580e-01 -3.093999999999999962e-03 8.950829999999999620e-01 -4.458989999999999898e-01 -1.310000000000000129e-04
2.300000000000000000e+01 2.400000000000000000e+01 9.000000000000000000e+00 0.000000000000000000e+00 1.600000000000000089e+00 -1.394000000000000057e-03 -7.405000000000000124e-03 -9.999719999999999720e-01 4.498130000000000184e-01 8.930930000000000257e-01 -7.241000000000000041e-03 8.931210000000000537e-01 -4.498110000000000164e-01 2.086000000000000180e-03
2.500000000000000000e+01 3.100000000000000000e+01 1.200000000000000000e+01 0.000000000000000000e+00 1.600000000000000089e+00 -2.130000000000000003e-04 1.894999999999999983e-03 9.999980000000000535e-01 -5.493999999999999752e-03 9.999829999999999552e-01 -1.895999999999999899e-03 -9.999850000000000128e-01 -5.493999999999999752e-03 -2.030000000000000012e-04
3.000000000000000000e+01 3.100000000000000000e+01 1.200000000000000000e+01 0.000000000000000000e+00 1.600000000000000089e+00 -5.259999999999999919e-04 -1.662000000000000066e-03 9.999989999999999712e-01 -3.942000000000000191e-03 9.999909999999999632e-01 1.660000000000000017e-03 -9.999919999999999920e-01 -3.941000000000000059e-03 -5.330000000000000536e-04
1.200000000000000000e+01 3.200000000000000000e+01 1.400000000000000000e+01 0.000000000000000000e+00 1.600000000000000089e+00 -1.090000000000000067e-04 1.889999999999999970e-03 -9.999980000000000535e-01 1.160719999999999946e-01 9.932389999999999830e-01 1.864999999999999904e-03 9.932410000000000405e-01 -1.160709999999999936e-01 -3.280000000000000038e-04
1.600000000000000000e+01 3.200000000000000000e+01 1.400000000000000000e+01 0.000000000000000000e+00 1.600000000000000089e+00 -2.959999999999999849e-04 1.396000000000000105e-03 -9.999989999999999712e-01 1.171699999999999964e-01 9.931109999999999660e-01 1.351999999999999903e-03 9.931119999999999948e-01 -1.171699999999999964e-01 -4.569999999999999952e-04
2.200000000000000000e+01 3.200000000000000000e+01 1.400000000000000000e+01 0.000000000000000000e+00 1.600000000000000089e+00 7.330000000000000361e-04 2.462000000000000213e-03 -9.999970000000000248e-01 1.127770000000000022e-01 9.936169999999999725e-01 2.528999999999999998e-03 9.936199999999999477e-01 -1.127780000000000032e-01 4.499999999999999877e-04
5.000000000000000000e+00 1.200000000000000000e+01 1.500000000000000000e+01 0.000000000000000000e+00 1.600000000000000089e+00 1.567000000000000033e-03 -5.159000000000000391e-03 -9.999850000000000128e-01 -4.337119999999999864e-01 -9.010430000000000383e-01 3.969000000000000306e-03 -9.010500000000000176e-01 4.336990000000000012e-01 -3.648999999999999900e-03
9.000000000000000000e+00 1.200000000000000000e+01 1.500000000000000000e+01 0.000000000000000000e+00 1.600000000000000089e+00 3.664999999999999855e-03 -3.239999999999999825e-03 -9.999879999999999880e-01 -4.461370000000000058e-01 -8.949639999999999818e-01 1.263999999999999933e-03 -8.949570000000000025e-01 4.461269999999999958e-01 -4.726000000000000166e-03
1.900000000000000000e+01 1.200000000000000000e+01 1.500000000000000000e+01 0.000000000000000000e+00 1.600000000000000089e+00 -1.010000000000000020e-04 -2.951000000000000064e-03 -9.999959999999999960e-01 -4.612240000000000228e-01 -8.872799999999999576e-01 2.664999999999999834e-03 -8.872839999999999616e-01 4.612229999999999941e-01 -1.270999999999999994e-03
2.500000000000000000e+01 1.200000000000000000e+01 1.500000000000000000e+01 0.000000000000000000e+00 1.600000000000000089e+00 -9.049999999999999885e-04 -4.114999999999999734e-03 -9.999909999999999632e-01 -4.662410000000000165e-01 -8.846479999999999899e-01 4.062999999999999771e-03 -8.846570000000000267e-01 4.662410000000000165e-01 -1.118000000000000070e-03
1.800000000000000000e+01 1.160000000000000000e+02 1.600000000000000000e+01 0.000000000000000000e+00 1.600000000000000089e+00 4.719999999999999803e-04 4.040000000000000080e-04 1.000000000000000000e+00 7.101830000000000087e-01 7.040170000000000039e-01 -6.199999999999999999e-04 -7.040170000000000039e-01 7.101830000000000087e-01 4.500000000000000283e-05
2.200000000000000000e+01 1.160000000000000000e+02 1.600000000000000000e+01 0.000000000000000000e+00 1.600000000000000089e+00 1.443999999999999971e-03 -1.786999999999999960e-03 9.999970000000000248e-01 7.095160000000000355e-01 7.046900000000000386e-01 2.339999999999999958e-04 -7.046879999999999811e-01 7.095139999999999780e-01 2.285999999999999838e-03
2.700000000000000000e+01 1.160000000000000000e+02 1.600000000000000000e+01 0.000000000000000000e+00 1.600000000000000089e+00 -2.039999999999999984e-04 1.415000000000000025e-03 9.999989999999999712e-01 7.299339999999999717e-01 6.835170000000000412e-01 -8.189999999999999581e-04 -6.835179999999999589e-01 7.299330000000000540e-01 -1.172000000000000082e-03
2.000000000000000000e+00 2.000000000000000000e+00 1.900000000000000000e+01 0.000000000000000000e+00 1.600000000000000089e+00 -3.081599999999999964e-02 -6.068400000000000183e-02 -9.976810000000000400e-01 3.025399999999999756e-01 -9.518990000000000506e-01 4.855399999999999994e-02 -9.526379999999999848e-01 -3.003430000000000266e-01 4.769299999999999928e-02
5.000000000000000000e+00 2.000000000000000000e+00 1.900000000000000000e+01 0.000000000000000000e+00 1.600000000000000089e+00 -3.775599999999999790e-02 -6.778299999999999603e-02 -9.969850000000000101e-01 2.860150000000000192e-01 -9.566900000000000404e-01 5.421200000000000324e-02 -9.574810000000000265e-01 -2.831060000000000243e-01 5.550800000000000178e-02
1.000000000000000000e+01 2.000000000000000000e+00 1.900000000000000000e+01 0.000000000000000000e+00 1.600000000000000089e+00 -3.869600000000000123e-02 -6.787100000000000077e-02 -9.969430000000000236e-01 2.351850000000000052e-01 -9.702819999999999778e-01 5.692799999999999944e-02 -9.711800000000000432e-01 -2.322629999999999972e-01 5.350800000000000001e-02
1.400000000000000000e+01 2.000000000000000000e+00 1.900000000000000000e+01 0.000000000000000000e+00 1.600000000000000089e+00 -2.624100000000000044e-02 -6.006199999999999734e-02 -9.978500000000000147e-01 2.064090000000000091e-01 -9.770090000000000163e-01 5.337999999999999690e-02 -9.781140000000000390e-01 -2.045649999999999968e-01 3.803499999999999936e-02
2.300000000000000000e+01 2.000000000000000000e+00 1.900000000000000000e+01 0.000000000000000000e+00 1.600000000000000089e+00 1.522899999999999948e-02 -1.745899999999999883e-02 -9.997319999999999540e-01 2.331979999999999886e-01 -9.722129999999999939e-01 2.053100000000000064e-02 -9.723100000000000076e-01 -2.334479999999999889e-01 -1.073400000000000049e-02
2.700000000000000000e+01 2.000000000000000000e+00 1.900000000000000000e+01 0.000000000000000000e+00 1.600000000000000089e+00 1.238200000000000064e-02 -3.565000000000000027e-03 -9.999169999999999447e-01 2.342569999999999930e-01 -9.721539999999999626e-01 6.367000000000000264e-03 -9.720959999999999601e-01 -2.343159999999999965e-01 -1.120200000000000015e-02
4.000000000000000000e+00 1.300000000000000000e+01 2.000000000000000000e+01 0.000000000000000000e+00 1.600000000000000089e+00 8.059999999999999673e-04 3.870999999999999875e-03 9.999919999999999920e-01 2.639099999999999779e-01 9.645390000000000352e-01 -3.946999999999999988e-03 -9.645470000000000432e-01 2.639110000000000067e-01 -2.439999999999999949e-04
7.000000000000000000e+00 1.300000000000000000e+01 2.000000000000000000e+01 0.000000000000000000e+00 1.600000000000000089e+00 3.789999999999999966e-04 -3.879999999999999985e-04 1.000000000000000000e+00 2.629000000000000226e-01 9.648229999999999862e-01 2.739999999999999923e-04 -9.648229999999999862e-01 2.629000000000000226e-01 4.679999999999999915e-04
1.100000000000000000e+01 1.300000000000000000e+01 2.000000000000000000e+01 0.000000000000000000e+00 1.600000000000000089e+00 -1.230000000000000082e-04 -4.807999999999999774e-03 9.999879999999999880e-01 2.646899999999999809e-01 9.643220000000000125e-01 4.669000000000000407e-03 -9.643340000000000245e-01 2.646870000000000056e-01 1.154000000000000078e-03
1.600000000000000000e+01 1.300000000000000000e+01 2.000000000000000000e+01 0.000000000000000000e+00 1.600000000000000089e+00 -9.500000000000000523e-05 3.710000000000000190e-04 1.000000000000000000e+00 2.651379999999999848e-01 9.642100000000000115e-01 -3.330000000000000169e-04 -9.642100000000000115e-01 2.651379999999999848e-01 -1.900000000000000105e-04
2.500000000000000000e+01 1.300000000000000000e+01 2.000000000000000000e+01 0.000000000000000000e+00 1.600000000000000089e+00 1.810999999999999893e-03 9.449999999999999850e-04 9.999980000000000535e-01 2.631890000000000063e-01 9.647430000000000172e-01 -1.389000000000000044e-03 -9.647419999999999884e-01 2.631910000000000083e-01 1.497999999999999983e-03
8.000000000000000000e+00 3.000000000000000000e+00 2.500000000000000000e+01 0.000000000000000000e+00 1.600000000000000089e+00 1.487999999999999956e-03 7.500000000000000156e-04 9.999989999999999712e-01 -4.024699999999999805e-02 -9.991889999999999938e-01 8.090000000000000403e-04 9.991889999999999938e-01 -4.024799999999999905e-02 -1.456999999999999962e-03
1.600000000000000000e+01 3.000000000000000000e+00 2.500000000000000000e+01 0.000000000000000000e+00 1.600000000000000089e+00 -2.027000000000000156e-03 -8.236000000000000265e-03 9.999639999999999640e-01 -4.017199999999999938e-02 -9.991579999999999906e-01 -8.311000000000000679e-03 9.991910000000000514e-01 -4.018800000000000150e-02 1.694999999999999892e-03
2.300000000000000000e+01 3.000000000000000000e+00 2.500000000000000000e+01 0.000000000000000000e+00 1.600000000000000089e+00 -2.958000000000000126e-03 -4.081000000000000426e-03 9.999869999999999592e-01 -3.607300000000000090e-02 -9.993400000000000061e-01 -4.185000000000000352e-03 9.993450000000000388e-01 -3.608499999999999902e-02 2.808999999999999865e-03
2.600000000000000000e+01 3.000000000000000000e+00 2.500000000000000000e+01 0.000000000000000000e+00 1.600000000000000089e+00 -1.614999999999999899e-03 8.231999999999999734e-03 9.999649999999999928e-01 -3.669200000000000239e-02 -9.992929999999999868e-01 8.167999999999999913e-03 9.993250000000000188e-01 -3.667800000000000227e-02 1.915999999999999951e-03
3.000000000000000000e+00 4.600000000000000000e+01 2.700000000000000000e+01 0.000000000000000000e+00 1.600000000000000089e+00 -3.469999999999999777e-04 3.099000000000000192e-03 -9.999949999999999672e-01 6.758380000000000498e-01 7.370470000000000077e-01 2.050000000000000173e-03 7.370499999999999829e-01 -6.758340000000000458e-01 -2.350000000000000092e-03
1.500000000000000000e+01 4.600000000000000000e+01 2.700000000000000000e+01 0.000000000000000000e+00 1.600000000000000089e+00 -1.987000000000000051e-03 -8.599999999999999789e-04 -9.999980000000000535e-01 6.774550000000000294e-01 7.355610000000000204e-01 -1.978999999999999856e-03 7.355610000000000204e-01 -6.774580000000000046e-01 -8.790000000000000070e-04
2.200000000000000000e+01 4.600000000000000000e+01 2.700000000000000000e+01 0.000000000000000000e+00 1.600000000000000089e+00 -3.150000000000000131e-04 1.479999999999999979e-03 -9.999989999999999712e-01 6.733540000000000081e-01 7.393199999999999772e-01 8.819999999999999715e-04 7.393199999999999772e-01 -6.733529999999999793e-01 -1.229000000000000058e-03
5.000000000000000000e+00 4.600000000000000000e+01 3.000000000000000000e+01 0.000000000000000000e+00 1.600000000000000089e+00 -3.539999999999999853e-04 2.364999999999999915e-03 -9.999970000000000248e-01 3.302689999999999793e-01 9.438839999999999453e-01 2.115999999999999825e-03 9.438870000000000315e-01 -3.302680000000000060e-01 -1.115000000000000106e-03
3.000000000000000000e+00 5.800000000000000000e+01 3.100000000000000000e+01 0.000000000000000000e+00 1.600000000000000089e+00 -2.418000000000000010e-03 -5.666000000000000029e-03 9.999810000000000088e-01 -8.135900000000000354e-01 -5.814150000000000151e-01 -5.261000000000000051e-03 5.814340000000000064e-01 -8.135869999999999491e-01 -3.203999999999999817e-03
8.000000000000000000e+00 5.800000000000000000e+01 3.100000000000000000e+01 0.000000000000000000e+00 1.600000000000000089e+00 2.337999999999999801e-03 1.023000000000000038e-03 9.999970000000000248e-01 -8.149309999999999610e-01 -5.795529999999999848e-01 2.497999999999999787e-03 5.795540000000000136e-01 -8.149340000000000472e-01 -5.209999999999999788e-04
1.200000000000000000e+01 5.800000000000000000e+01 3.100000000000000000e+01 0.000000000000000000e+00 1.600000000000000089e+00 -1.129000000000000012e-03 -3.040000000000000167e-03 9.999949999999999672e-01 -8.153559999999999697e-01 -5.789539999999999687e-01 -2.680999999999999790e-03 5.789590000000000014e-01 -8.153550000000000519e-01 -1.825000000000000016e-03
1.900000000000000000e+01 5.800000000000000000e+01 3.100000000000000000e+01 0.000000000000000000e+00 1.600000000000000089e+00 4.558000000000000419e-03 5.714999999999999594e-03 9.999730000000000008e-01 -8.143029999999999990e-01 -5.803979999999999695e-01 7.028999999999999658e-03 5.804219999999999935e-01 -8.143129999999999535e-01 2.008999999999999935e-03
2.300000000000000000e+01 5.800000000000000000e+01 3.100000000000000000e+01 0.000000000000000000e+00 1.600000000000000089e+00 4.779000000000000262e-03 1.311000000000000013e-02 9.999029999999999863e-01 -8.154280000000000417e-01 -5.787440000000000362e-01 1.148599999999999968e-02 5.788379999999999637e-01 -8.154040000000000177e-01 7.924999999999999753e-03
1.000000000000000000e+00 4.600000000000000000e+01 3.500000000000000000e+01 0.000000000000000000e+00 1.600000000000000089e+00 -3.339999999999999870e-04 2.893999999999999871e-03 -9.999959999999999960e-01 3.905359999999999943e-01 -9.205830000000000402e-01 -2.795000000000000175e-03 -9.205879999999999619e-01 -3.905350000000000210e-01 -8.229999999999999469e-04
5.000000000000000000e+00 4.600000000000000000e+01 3.500000000000000000e+01 0.000000000000000000e+00 1.600000000000000089e+00 8.030000000000000028e-04 5.577000000000000360e-03 -9.999839999999999840e-01 3.902900000000000258e-01 -9.206790000000000251e-01 -4.820999999999999765e-03 -9.206919999999999549e-01 -3.902800000000000158e-01 -2.916000000000000189e-03
1.300000000000000000e+01 4.600000000000000000e+01 3.500000000000000000e+01 0.000000000000000000e+00 1.600000000000000089e+00 -1.389999999999999905e-04 -1.820000000000000057e-04 -1.000000000000000000e+00 3.926959999999999895e-01 -9.196680000000000410e-01 1.129999999999999955e-04 -9.196680000000000410e-01 -3.926959999999999895e-01 1.990000000000000124e-04
1.900000000000000000e+01 4.600000000000000000e+01 3.500000000000000000e+01 0.000000000000000000e+00 1.600000000000000089e+00 -2.020000000000000040e-04 3.319999999999999926e-04 -1.000000000000000000e+00 3.926499999999999990e-01 -9.196879999999999500e-01 -3.849999999999999798e-04 -9.196879999999999500e-01 -3.926499999999999990e-01 5.599999999999999916e-05
2.300000000000000000e+01 4.600000000000000000e+01 3.500000000000000000e+01 0.000000000000000000e+00 1.600000000000000089e+00 1.677000000000000105e-03 2.678999999999999958e-03 -9.999949999999999672e-01 3.924730000000000163e-01 -9.197619999999999685e-01 -1.806000000000000097e-03 -9.197619999999999685e-01 -3.924679999999999835e-01 -2.593999999999999952e-03
2.800000000000000000e+01 4.600000000000000000e+01 3.500000000000000000e+01 0.000000000000000000e+00 1.600000000000000089e+00 1.363000000000000062e-03 -2.377000000000000206e-03 -9.999959999999999960e-01 3.910890000000000200e-01 -9.203489999999999727e-01 2.720000000000000195e-03 -9.203519999999999479e-01 -3.910919999999999952e-01 -3.249999999999999851e-04
1.000000000000000000e+00 9.500000000000000000e+01 3.600000000000000000e+01 0.000000000000000000e+00 1.600000000000000089e+00 5.117000000000000021e-03 -1.841599999999999834e-02 9.998169999999999558e-01 9.968960000000000043e-01 7.864500000000000657e-02 -3.654000000000000130e-03 -7.856299999999999395e-02 9.967329999999999801e-01 1.876099999999999990e-02
9.000000000000000000e+00 9.500000000000000000e+01 3.600000000000000000e+01 0.000000000000000000e+00 1.600000000000000089e+00 -3.367000000000000201e-03 -1.961299999999999849e-02 9.998019999999999685e-01 9.967380000000000129e-01 8.055800000000000460e-02 4.937000000000000416e-03 -8.063900000000000234e-02 9.965570000000000261e-01 1.927800000000000000e-02
1.900000000000000000e+01 9.500000000000000000e+01 3.600000000000000000e+01 0.000000000000000000e+00 1.600000000000000089e+00 6.369999999999999794e-03 1.936299999999999827e-02 9.997920000000000140e-01 9.968209999999999571e-01 7.927800000000000125e-02 -7.886000000000000648e-03 -7.941399999999999848e-02 9.966650000000000231e-01 -1.879600000000000021e-02
2.400000000000000000e+01 9.500000000000000000e+01 3.700000000000000000e+01 0.000000000000000000e+00 1.600000000000000089e+00 1.046099999999999981e-02 -1.169999999999999979e-04 9.999449999999999728e-01 9.947240000000000526e-01 1.020609999999999989e-01 -1.039499999999999973e-02 -1.020540000000000058e-01 9.947780000000000511e-01 1.183999999999999940e-03
1.800000000000000000e+01 2.900000000000000000e+01 4.400000000000000000e+01 0.000000000000000000e+00 1.600000000000000089e+00 -3.897999999999999989e-03 -3.312999999999999973e-03 -9.999869999999999592e-01 6.796699999999999964e-01 7.335000000000000409e-01 -5.080000000000000314e-03 7.335080000000000489e-01 -6.796809999999999796e-01 -6.070000000000000092e-04
2.500000000000000000e+01 2.900000000000000000e+01 4.400000000000000000e+01 0.000000000000000000e+00 1.600000000000000089e+00 -1.699999999999999987e-05 -1.363000000000000062e-03 -9.999989999999999712e-01 6.754510000000000236e-01 7.374039999999999484e-01 -1.016999999999999892e-03 7.374049999999999772e-01 -6.754499999999999948e-01 9.079999999999999530e-04
2.800000000000000000e+01 2.900000000000000000e+01 4.400000000000000000e+01 0.000000000000000000e+00 1.600000000000000089e+00 1.840000000000000001e-04 2.043999999999999810e-03 -9.999980000000000535e-01 6.711700000000000443e-01 7.413009999999999877e-01 1.639000000000000049e-03 7.413030000000000452e-01 -6.711690000000000156e-01 -1.234999999999999987e-03
3.000000000000000000e+00 5.000000000000000000e+00 5.100000000000000000e+01 0.000000000000000000e+00 1.600000000000000089e+00 1.822000000000000052e-03 -1.286999999999999950e-03 -9.999970000000000248e-01 4.914910000000000112e-01 -8.708799999999999875e-01 2.015999999999999997e-03 -8.708810000000000162e-01 -4.914930000000000132e-01 -9.539999999999999869e-04
2.100000000000000000e+01 5.000000000000000000e+00 5.100000000000000000e+01 0.000000000000000000e+00 1.600000000000000089e+00 7.225999999999999784e-03 3.789999999999999966e-04 -9.999740000000000295e-01 4.823310000000000097e-01 -8.759839999999999849e-01 3.154000000000000119e-03 -8.759599999999999609e-01 -4.823410000000000197e-01 -6.512999999999999692e-03
2.900000000000000000e+01 5.000000000000000000e+00 5.100000000000000000e+01 0.000000000000000000e+00 1.600000000000000089e+00 -4.140999999999999716e-03 3.258000000000000045e-03 -9.999860000000000415e-01 4.819169999999999843e-01 -8.762029999999999541e-01 -4.851000000000000277e-03 -8.762069999999999581e-01 -4.819309999999999983e-01 2.057999999999999934e-03
2.800000000000000000e+01 1.150000000000000000e+02 5.100000000000000000e+01 0.000000000000000000e+00 1.600000000000000089e+00 -2.539999999999999940e-04 -5.751000000000000036e-03 9.999829999999999552e-01 8.455580000000000318e-01 -5.338770000000000460e-01 -2.854999999999999899e-03 5.338840000000000252e-01 8.455430000000000446e-01 4.997999999999999839e-03
5.000000000000000000e+00 6.300000000000000000e+01 5.400000000000000000e+01 0.000000000000000000e+00 1.600000000000000089e+00 -4.699999999999999724e-05 -3.930000000000000117e-04 1.000000000000000000e+00 -3.484959999999999725e-01 9.373099999999999765e-01 3.519999999999999908e-04 -9.373099999999999765e-01 -3.484959999999999725e-01 -1.810000000000000085e-04
1.200000000000000000e+01 6.300000000000000000e+01 5.400000000000000000e+01 0.000000000000000000e+00 1.600000000000000089e+00 6.250000000000000130e-04 7.680000000000000195e-04 1.000000000000000000e+00 -3.477450000000000263e-01 9.375890000000000057e-01 -5.029999999999999749e-04 -9.375890000000000057e-01 -3.477450000000000263e-01 8.540000000000000499e-04
2.200000000000000000e+01 6.300000000000000000e+01 5.400000000000000000e+01 0.000000000000000000e+00 1.600000000000000089e+00 1.613999999999999983e-03 4.189999999999999931e-04 9.999989999999999712e-01 -3.400679999999999814e-01 9.404010000000000424e-01 1.550000000000000000e-04 -9.404000000000000137e-01 -3.400670000000000082e-01 1.660999999999999933e-03
2.900000000000000000e+01 6.300000000000000000e+01 5.400000000000000000e+01 0.000000000000000000e+00 1.600000000000000089e+00 2.050000000000000173e-03 1.196999999999999930e-03 9.999970000000000248e-01 -3.542520000000000113e-01 9.351500000000000368e-01 -3.930000000000000117e-04 -9.351479999999999793e-01 -3.542500000000000093e-01 2.341999999999999898e-03
7.000000000000000000e+00 2.500000000000000000e+01 5.500000000000000000e+01 0.000000000000000000e+00 1.600000000000000089e+00 4.369999999999999970e-04 -2.713999999999999833e-03 -9.999959999999999960e-01 -1.400400000000000082e-02 -9.998979999999999535e-01 2.707999999999999904e-03 -9.999019999999999575e-01 1.400200000000000056e-02 -4.749999999999999990e-04
1.100000000000000000e+01 2.500000000000000000e+01 5.500000000000000000e+01 0.000000000000000000e+00 1.600000000000000089e+00 -5.940000000000000184e-04 2.115000000000000126e-03 -9.999980000000000535e-01 -1.271500000000000061e-02 -9.999169999999999447e-01 -2.106999999999999932e-03 -9.999190000000000023e-01 1.271399999999999961e-02 6.210000000000000242e-04
1.800000000000000000e+01 2.500000000000000000e+01 5.500000000000000000e+01 0.000000000000000000e+00 1.600000000000000089e+00 1.559999999999999972e-04 2.095000000000000074e-03 -9.999980000000000535e-01 -1.022900000000000025e-02 -9.999449999999999728e-01 -2.096000000000000207e-03 -9.999479999999999480e-01 1.022900000000000025e-02 -1.350000000000000017e-04
2.700000000000000000e+01 2.500000000000000000e+01 5.500000000000000000e+01 0.000000000000000000e+00 1.600000000000000089e+00 6.509999999999999945e-04 -1.195000000000000099e-03 -9.999989999999999712e-01 -1.387299999999999991e-02 -9.999029999999999863e-01 1.185999999999999988e-03 -9.999040000000000150e-01 1.387200000000000065e-02 -6.669999999999999497e-04
2.000000000000000000e+00 2.100000000000000000e+01 6.000000000000000000e+01 0.000000000000000000e+00 1.600000000000000089e+00 -2.216999999999999787e-03 2.263999999999999953e-03 9.999949999999999672e-01 -9.382600000000000662e-02 9.955859999999999710e-01 -2.462000000000000213e-03 -9.955859999999999710e-01 -9.383099999999999774e-02 -1.994999999999999812e-03
2.500000000000000000e+01 2.100000000000000000e+01 6.000000000000000000e+01 0.000000000000000000e+00 1.600000000000000089e+00 8.639999999999999677e-04 7.628000000000000232e-03 9.999700000000000255e-01 -9.626400000000000234e-02 9.953269999999999618e-01 -7.509000000000000050e-03 -9.953549999999999898e-01 -9.625499999999999334e-02 1.593999999999999931e-03
9.000000000000000000e+00 6.000000000000000000e+00 6.100000000000000000e+01 0.000000000000000000e+00 1.600000000000000089e+00 -6.800000000000000488e-04 1.111999999999999924e-03 9.999989999999999712e-01 5.665810000000000013e-01 -8.240049999999999875e-01 1.301000000000000073e-03 8.240060000000000162e-01 5.665810000000000013e-01 -6.999999999999999387e-05
9.000000000000000000e+00 2.700000000000000000e+01 6.300000000000000000e+01 0.000000000000000000e+00 1.600000000000000089e+00 -3.625999999999999883e-03 -8.208000000000000018e-03 9.999599999999999600e-01 -2.730210000000000137e-01 9.619830000000000325e-01 6.905999999999999812e-03 -9.620009999999999950e-01 -2.729849999999999777e-01 -5.728999999999999718e-03
1.700000000000000000e+01 2.700000000000000000e+01 6.300000000000000000e+01 0.000000000000000000e+00 1.600000000000000089e+00 3.620000000000000171e-04 -3.435999999999999818e-03 9.999940000000000495e-01 -2.718119999999999981e-01 9.623439999999999772e-01 3.403999999999999908e-03 -9.623500000000000387e-01 -2.718119999999999981e-01 -5.860000000000000408e-04
2.100000000000000000e+01 2.700000000000000000e+01 6.300000000000000000e+01 0.000000000000000000e+00 1.600000000000000089e+00 -9.529999999999999626e-04 2.930000000000000204e-04 1.000000000000000000e+00 -2.742859999999999743e-01 9.616479999999999473e-01 -5.429999999999999714e-04 -9.616479999999999473e-01 -2.742859999999999743e-01 -8.360000000000000460e-04
2.900000000000000000e+01 2.700000000000000000e+01 6.300000000000000000e+01 0.000000000000000000e+00 1.600000000000000089e+00 6.539999999999999590e-04 1.551000000000000078e-03 9.999989999999999712e-01 -2.710040000000000227e-01 9.625770000000000159e-01 -1.314999999999999980e-03 -9.625780000000000447e-01 -2.710020000000000207e-01 1.049000000000000019e-03
2.000000000000000000e+00 2.600000000000000000e+01 6.400000000000000000e+01 0.000000000000000000e+00 1.600000000000000089e+00 3.720999999999999915e-03 2.993000000000000001e-03 9.999890000000000168e-01 -3.527150000000000007e-01 9.357299999999999507e-01 -1.487999999999999956e-03 -9.357229999999999714e-01 -3.527060000000000195e-01 4.537000000000000234e-03
1.000000000000000000e+01 2.600000000000000000e+01 6.400000000000000000e+01 0.000000000000000000e+00 1.600000000000000089e+00 -4.274000000000000021e-03 -1.082400000000000029e-02 9.999320000000000430e-01 -3.547810000000000130e-01 9.349100000000000188e-01 8.602999999999999536e-03 -9.349399999999999933e-01 -3.547199999999999798e-01 -7.835999999999999216e-03
2.000000000000000000e+01 2.600000000000000000e+01 6.400000000000000000e+01 0.000000000000000000e+00 1.600000000000000089e+00 -2.959999999999999849e-04 1.070999999999999903e-03 9.999989999999999712e-01 -3.602600000000000247e-01 9.328509999999999858e-01 -1.105999999999999995e-03 -9.328520000000000145e-01 -3.602600000000000247e-01 1.100000000000000039e-04
2.500000000000000000e+01 2.600000000000000000e+01 6.400000000000000000e+01 0.000000000000000000e+00 1.600000000000000089e+00 4.200000000000000174e-04 7.590000000000000175e-04 1.000000000000000000e+00 -3.591260000000000008e-01 9.332890000000000352e-01 -5.569999999999999864e-04 -9.332890000000000352e-01 -3.591260000000000008e-01 6.639999999999999852e-04
2.800000000000000000e+01 2.600000000000000000e+01 6.400000000000000000e+01 0.000000000000000000e+00 1.600000000000000089e+00 3.860000000000000041e-04 -7.499999999999999343e-05 1.000000000000000000e+00 -3.552190000000000070e-01 9.347830000000000306e-01 2.069999999999999900e-04 -9.347830000000000306e-01 -3.552190000000000070e-01 3.350000000000000113e-04
2.400000000000000000e+01 6.900000000000000000e+01 6.600000000000000000e+01 0.000000000000000000e+00 1.600000000000000089e+00 -7.609999999999999577e-04 2.288000000000000103e-03 9.999970000000000248e-01 -9.517010000000000192e-01 3.070240000000000191e-01 -1.427000000000000100e-03 -3.070260000000000211e-01 -9.516989999999999617e-01 1.943000000000000066e-03
2.000000000000000000e+00 2.500000000000000000e+01 7.300000000000000000e+01 0.000000000000000000e+00 1.600000000000000089e+00 -1.649999999999999991e-04 -2.379000000000000038e-03 9.999970000000000248e-01 7.493039999999999701e-01 -6.622249999999999526e-01 -1.451999999999999949e-03 6.622259999999999813e-01 7.493020000000000236e-01 1.892000000000000019e-03
7.000000000000000000e+00 2.500000000000000000e+01 7.300000000000000000e+01 0.000000000000000000e+00 1.600000000000000089e+00 8.469999999999999881e-04 7.548000000000000022e-03 9.999710000000000543e-01 7.534650000000000514e-01 -6.574740000000000029e-01 4.323999999999999719e-03 6.574870000000000436e-01 7.534399999999999986e-01 -6.244000000000000418e-03
2.400000000000000000e+01 2.500000000000000000e+01 7.300000000000000000e+01 0.000000000000000000e+00 1.600000000000000089e+00 -3.245000000000000055e-03 -7.104000000000000072e-03 9.999700000000000255e-01 7.381210000000000271e-01 -6.746640000000000414e-01 -2.396999999999999825e-03 6.746609999999999552e-01 7.380910000000000526e-01 7.433000000000000371e-03
2.900000000000000000e+01 2.500000000000000000e+01 7.300000000000000000e+01 0.000000000000000000e+00 1.600000000000000089e+00 -2.726000000000000124e-03 8.009999999999999542e-04 9.999959999999999960e-01 7.369529999999999692e-01 -6.759389999999999565e-01 2.550000000000000183e-03 6.759389999999999565e-01 7.369569999999999732e-01 1.252000000000000075e-03
6.000000000000000000e+00 4.400000000000000000e+01 7.300000000000000000e+01 0.000000000000000000e+00 1.600000000000000089e+00 1.070100000000000044e-02 1.518000000000000078e-02 9.998280000000000500e-01 5.246300000000000269e-02 -9.985159999999999592e-01 1.459900000000000087e-02 9.985659999999999537e-01 5.229799999999999727e-02 -1.148199999999999915e-02
9.000000000000000000e+00 4.400000000000000000e+01 7.300000000000000000e+01 0.000000000000000000e+00 1.600000000000000089e+00 2.345999999999999995e-03 3.520999999999999824e-03 9.999909999999999632e-01 5.485899999999999804e-02 -9.984880000000000422e-01 3.386999999999999820e-03 9.984910000000000174e-01 5.485099999999999698e-02 -2.536000000000000060e-03
1.600000000000000000e+01 4.400000000000000000e+01 7.300000000000000000e+01 0.000000000000000000e+00 1.600000000000000089e+00 2.863999999999999792e-03 3.441000000000000048e-03 9.999900000000000455e-01 5.422400000000000136e-02 -9.985230000000000494e-01 3.279999999999999930e-03 9.985249999999999959e-01 5.421499999999999930e-02 -3.046000000000000096e-03
1.900000000000000000e+01 4.400000000000000000e+01 7.300000000000000000e+01 0.000000000000000000e+00 1.600000000000000089e+00 1.665000000000000030e-03 2.507999999999999813e-03 9.999949999999999672e-01 5.442299999999999915e-02 -9.985150000000000414e-01 2.413999999999999913e-03 9.985169999999999879e-01 5.441900000000000209e-02 -1.799000000000000035e-03
2.400000000000000000e+01 4.400000000000000000e+01 7.300000000000000000e+01 0.000000000000000000e+00 1.600000000000000089e+00 -4.560000000000000251e-04 2.170000000000000054e-03 9.999980000000000535e-01 5.354799999999999838e-02 -9.985629999999999784e-01 2.191999999999999938e-03 9.985650000000000359e-01 5.354899999999999938e-02 3.390000000000000001e-04
2.800000000000000000e+01 4.400000000000000000e+01 7.300000000000000000e+01 0.000000000000000000e+00 1.600000000000000089e+00 -5.069999999999999637e-04 4.518000000000000314e-03 9.999900000000000455e-01 5.373100000000000098e-02 -9.985450000000000159e-01 4.538999999999999632e-03 9.985549999999999704e-01 5.373300000000000298e-02 2.629999999999999959e-04
1.600000000000000000e+01 2.500000000000000000e+01 7.400000000000000000e+01 0.000000000000000000e+00 1.600000000000000089e+00 2.039000000000000014e-03 1.340000000000000045e-04 9.999980000000000535e-01 8.346489999999999743e-01 -5.507800000000000473e-01 -1.628000000000000107e-03 5.507790000000000186e-01 8.346500000000000030e-01 -1.234999999999999987e-03
2.100000000000000000e+01 2.500000000000000000e+01 7.400000000000000000e+01 0.000000000000000000e+00 1.600000000000000089e+00 1.477999999999999930e-03 -6.029999999999999770e-03 9.999810000000000088e-01 8.276390000000000136e-01 -5.612420000000000186e-01 -4.606999999999999984e-03 5.612580000000000346e-01 8.276299999999999768e-01 4.160999999999999768e-03
2.500000000000000000e+01 2.500000000000000000e+01 7.400000000000000000e+01 0.000000000000000000e+00 1.600000000000000089e+00 -3.057999999999999954e-03 -6.850000000000000186e-03 9.999719999999999720e-01 8.222190000000000332e-01 -5.691690000000000360e-01 -1.384999999999999946e-03 5.691629999999999745e-01 8.221920000000000339e-01 7.373000000000000213e-03
2.800000000000000000e+01 2.500000000000000000e+01 7.400000000000000000e+01 0.000000000000000000e+00 1.600000000000000089e+00 -3.057999999999999954e-03 -8.140000000000000534e-04 9.999949999999999672e-01 8.188060000000000338e-01 -5.740669999999999940e-01 2.037000000000000182e-03 5.740629999999999900e-01 8.188079999999999803e-01 2.422000000000000108e-03
1.300000000000000000e+01 5.100000000000000000e+01 7.600000000000000000e+01 0.000000000000000000e+00 1.600000000000000089e+00 1.129999999999999928e-03 -2.000000000000000096e-04 -9.999989999999999712e-01 -3.979900000000000104e-01 -9.173900000000000388e-01 -2.660000000000000146e-04 -9.173890000000000100e-01 3.979900000000000104e-01 -1.116000000000000021e-03
1.900000000000000000e+01 5.100000000000000000e+01 7.600000000000000000e+01 0.000000000000000000e+00 1.600000000000000089e+00 -5.220000000000000031e-04 -1.211000000000000054e-03 -9.999989999999999712e-01 -3.999809999999999754e-01 -9.165219999999999478e-01 1.319000000000000077e-03 -9.165229999999999766e-01 3.999820000000000042e-01 -6.000000000000000152e-06
2.000000000000000000e+00 9.100000000000000000e+01 7.600000000000000000e+01 0.000000000000000000e+00 1.600000000000000089e+00 4.152000000000000308e-03 1.386000000000000079e-03 9.999900000000000455e-01 3.555340000000000167e-01 -9.346630000000000216e-01 -1.810000000000000085e-04 9.346539999999999848e-01 3.555309999999999859e-01 -4.374000000000000284e-03
5.000000000000000000e+00 9.100000000000000000e+01 7.600000000000000000e+01 0.000000000000000000e+00 1.600000000000000089e+00 3.408000000000000005e-03 9.139999999999999904e-04 9.999940000000000495e-01 3.529630000000000267e-01 -9.356370000000000520e-01 -3.480000000000000020e-04 9.356309999999999905e-01 3.529619999999999980e-01 -3.510999999999999798e-03
9.000000000000000000e+00 9.100000000000000000e+01 7.600000000000000000e+01 0.000000000000000000e+00 1.600000000000000089e+00 1.747000000000000072e-03 1.131000000000000061e-03 9.999980000000000535e-01 3.476299999999999946e-01 -9.376320000000000210e-01 4.530000000000000064e-04 9.376299999999999635e-01 3.476279999999999926e-01 -2.030999999999999819e-03
2.000000000000000000e+01 9.100000000000000000e+01 7.600000000000000000e+01 0.000000000000000000e+00 1.600000000000000089e+00 9.499999999999999981e-04 -8.570000000000000144e-04 9.999989999999999712e-01 3.171309999999999962e-01 -9.483810000000000295e-01 -1.113999999999999973e-03 9.483810000000000295e-01 3.171320000000000250e-01 -6.290000000000000018e-04
