6.000000000000000000e+00 2.500000000000000000e+01 1.000000000000000000e+00 0.000000000000000000e+00 1.600000000000000089e+00 1.740999999999999926e-03 -5.069999999999999637e-04 -9.999980000000000535e-01 -5.169759999999999911e-01 -8.559999999999999831e-01 -4.659999999999999971e-04 -8.559980000000000366e-01 5.169759999999999911e-01 -1.753000000000000001e-03
2.900000000000000000e+01 2.500000000000000000e+01 1.000000000000000000e+00 0.000000000000000000e+00 1.600000000000000089e+00 -1.423999999999999919e-03 -3.197000000000000189e-03 -9.999940000000000495e-01 -5.223940000000000250e-01 -8.526970000000000383e-01 3.469999999999999994e-03 -8.527029999999999887e-01 5.223959999999999715e-01 -4.560000000000000251e-04
4.000000000000000000e+00 1.500000000000000000e+01 4.000000000000000000e+00 0.000000000000000000e+00 1.600000000000000089e+00 1.146000000000000100e-03 1.386000000000000079e-03 9.999980000000000535e-01 3.126410000000000022e-01 -9.498710000000000209e-01 9.579999999999999757e-04 9.498710000000000209e-01 3.126390000000000002e-01 -1.521999999999999915e-03
1.100000000000000000e+01 1.500000000000000000e+01 4.000000000000000000e+00 0.000000000000000000e+00 1.600000000000000089e+00 -3.099999999999999999e-04 6.151000000000000217e-03 9.999810000000000088e-01 3.133889999999999731e-01 -9.496059999999999501e-01 5.937999999999999702e-03 9.496250000000000524e-01 3.133850000000000247e-01 -1.632999999999999903e-03
1.800000000000000000e+01 1.500000000000000000e+01 4.000000000000000000e+00 0.000000000000000000e+00 1.600000000000000089e+00 -1.240000000000000000e-03 -7.636999999999999691e-03 9.999700000000000255e-01 3.136289999999999911e-01 -9.495209999999999484e-01 -6.863000000000000177e-03 9.495449999999999724e-01 3.136109999999999731e-01 3.572999999999999787e-03
2.000000000000000000e+01 1.500000000000000000e+01 4.000000000000000000e+00 0.000000000000000000e+00 1.600000000000000089e+00 9.319999999999999942e-04 -4.303999999999999666e-03 9.999900000000000455e-01 3.143070000000000030e-01 -9.493110000000000159e-01 -4.379000000000000080e-03 9.493209999999999704e-01 3.143079999999999763e-01 4.679999999999999915e-04
2.400000000000000000e+01 1.500000000000000000e+01 4.000000000000000000e+00 0.000000000000000000e+00 1.600000000000000089e+00 3.652999999999999997e-03 4.788999999999999854e-03 9.999820000000000375e-01 3.145249999999999990e-01 -9.492429999999999479e-01 3.396999999999999846e-03 9.492420000000000302e-01 3.145069999999999810e-01 -4.974000000000000123e-03
2.900000000000000000e+01 1.500000000000000000e+01 4.000000000000000000e+00 0.000000000000000000e+00 1.600000000000000089e+00 2.582999999999999793e-03 -1.090000000000000067e-04 9.999970000000000248e-01 3.195410000000000195e-01 -9.475719999999999699e-01 -9.290000000000000297e-04 9.475689999999999946e-01 3.195419999999999927e-01 -2.413000000000000214e-03
2.500000000000000000e+01 4.000000000000000000e+00 5.000000000000000000e+00 0.000000000000000000e+00 1.600000000000000089e+00 -8.387999999999999623e-03 -2.103199999999999861e-02 9.997439999999999660e-01 2.218579999999999997e-01 -9.749010000000000176e-01 -1.864800000000000138e-02 9.750429999999999930e-01 2.216450000000000087e-01 1.284399999999999951e-02
1.000000000000000000e+01 1.010000000000000000e+02 7.000000000000000000e+00 0.000000000000000000e+00 1.600000000000000089e+00 4.470000000000000232e-04 -2.049999999999999956e-04 1.000000000000000000e+00 8.863189999999999680e-01 4.630750000000000144e-01 -3.020000000000000223e-04 -4.630750000000000144e-01 8.863189999999999680e-01 3.890000000000000228e-04
1.400000000000000000e+01 1.010000000000000000e+02 7.000000000000000000e+00 0.000000000000000000e+00 1.600000000000000089e+00 3.569999999999999823e-03 8.730999999999999178e-03 9.999559999999999560e-01 8.876969999999999583e-01 4.603709999999999747e-01 -7.189000000000000078e-03 -4.604130000000000167e-01 8.876840000000000286e-01 -6.106999999999999582e-03
1.800000000000000000e+01 1.010000000000000000e+02 7.000000000000000000e+00 0.000000000000000000e+00 1.600000000000000089e+00 7.759999999999999971e-04 -7.342999999999999701e-03 9.999730000000000008e-01 8.890599999999999614e-01 4.577820000000000222e-01 2.671999999999999896e-03 -4.577890000000000015e-01 8.890339999999999909e-01 6.884000000000000362e-03
2.100000000000000000e+01 1.010000000000000000e+02 7.000000000000000000e+00 0.000000000000000000e+00 1.600000000000000089e+00 -9.340000000000000429e-04 -1.027400000000000015e-02 9.999470000000000303e-01 8.898859999999999548e-01 4.561490000000000267e-01 5.518000000000000335e-03 -4.561819999999999764e-01 8.898439999999999683e-01 8.717000000000000789e-03
2.000000000000000000e+00 2.500000000000000000e+01 8.000000000000000000e+00 0.000000000000000000e+00 1.600000000000000089e+00 -3.199999999999999855e-05 -3.733000000000000207e-03 -9.999930000000000208e-01 4.479480000000000128e-01 8.940540000000000154e-01 -3.351999999999999945e-03 8.940599999999999659e-01 -4.479449999999999821e-01 1.644000000000000062e-03
6.000000000000000000e+00 2.500000000000000000e+01 8.000000000000000000e+00 0.000000000000000000e+00 1.600000000000000089e+00 -2.026000000000000023e-03 -4.961000000000000132e-03 -9.999860000000000415e-01 4.479940000000000033e-01 8.940209999999999546e-01 -5.342999999999999659e-03 8.940339999999999954e-01 -4.479980000000000073e-01 4.110000000000000155e-04
1.000000000000000000e+01 2.500000000000000000e+01 8.000000000000000000e+00 0.000000000000000000e+00 1.600000000000000089e+00 -1.502999999999999996e-03 -6.489999999999999459e-04 -9.999989999999999712e-01 4.490879999999999872e-01 8.934870000000000312e-01 -1.255000000000000039e-03 8.934860000000000024e-01 -4.490890000000000160e-01 -1.051000000000000068e-03
1.900000000000000000e+01 2.500000000000000000e+01 8.000000000000000000e+00 0.000000000000000000e+00 1.600000000000000089e+00 -1.440000000000000036e-04 -4.093000000000000284e-03 -9.999919999999999920e-01 4.490359999999999907e-01 8.935060000000000224e-01 -3.722000000000000048e-03 8.935140000000000304e-01 -4.490330000000000155e-01 1.709000000000000016e-03
2.300000000000000000e+01 2.500000000000000000e+01 8.000000000000000000e+00 0.000000000000000000e+00 1.600000000000000089e+00 5.980000000000000072e-04 -4.581000000000000003e-03 -9.999890000000000168e-01 4.493280000000000052e-01 8.933590000000000142e-01 -3.823000000000000009e-03 8.933670000000000222e-01 -4.493210000000000259e-01 2.592999999999999819e-03
2.700000000000000000e+01 2.500000000000000000e+01 8.000000000000000000e+00 0.000000000000000000e+00 1.600000000000000089e+00 1.956999999999999972e-03 2.703000000000000107e-03 -9.999940000000000495e-01 4.489119999999999777e-01 8.935699999999999754e-01 3.294000000000000053e-03 8.935739999999999794e-01 -4.489159999999999817e-01 5.349999999999999938e-04
2.000000000000000000e+00 2.400000000000000000e+01 9.000000000000000000e+00 0.000000000000000000e+00 1.600000000000000089e+00 -3.130000000000000187e-04 -4.475999999999999944e-03 -9.999900000000000455e-01 4.530219999999999803e-01 8.914900000000000047e-01 -4.132000000000000256e-03 8.914990000000000414e-01 -4.530190000000000050e-01 1.748999999999999904e-03
6.000000000000000000e+00 2.400000000000000000e+01 9.000000000000000000e+00 0.000000000000000000e+00 1.600000000000000089e+00 -1.693999999999999976e-03 -3.683000000000000076e-03 -9.999919999999999920e-01 4.535150000000000015e-01 8.912400000000000322e-01 -4.050999999999999913e-03 8.912470000000000114e-01 -4.535179999999999767e-01 1.600000000000000131e-04
1.100000000000000000e+01 2.400000000000000000e+01 9.000000000000000000e+00 0.000000000000000000e+00 1.600000000000000089e+00 -1.299000000000000024e-03 3.435999999999999818e-03 -9.999930000000000208e-01 4.548139999999999961e-01 8.905830000000000135e-01 2.468999999999999841e-03 8.905849999999999600e-01 -4.548079999999999901e-01 -2.720000000000000195e-03
1.900000000000000000e+01 2.400000000000000000e+01 9.000000000000000000e+00 0.000000000000000000e+00 1.600000000000000089e+00 3.399999999999999973e-05 -4.433000000000000308e-03 -9.999900000000000455e-01 4.534869999999999735e-01 8.912539999999999907e-01 -3.935000000000000130e-03 8.912630000000000274e-01 -4.534819999999999962e-01 2.040000000000000147e-03
2.700000000000000000e+01 2.400000000000000000e+01 9.000000000000000000e+00 0.000000000000000000e+00 1.600000000000000089e+00 1.925999999999999978e-03 4.320000000000000055e-03 -9.999890000000000168e-01 4.534020000000000272e-01 8.912940000000000307e-01 4.723999999999999901e-03 8.913039999999999852e-01 -4.534059999999999757e-01 -2.420000000000000005e-04
8.000000000000000000e+00 3.100000000000000000e+01 1.200000000000000000e+01 0.000000000000000000e+00 1.600000000000000089e+00 1.890000000000000133e-04 -2.674000000000000161e-03 9.999959999999999960e-01 -7.039999999999999817e-04 9.999959999999999960e-01 2.674000000000000161e-03 -1.000000000000000000e+00 -7.050000000000000060e-04 1.869999999999999917e-04
2.200000000000000000e+01 3.100000000000000000e+01 1.200000000000000000e+01 0.000000000000000000e+00 1.600000000000000089e+00 -1.497000000000000067e-03 -4.921000000000000027e-03 9.999869999999999592e-01 -2.586999999999999890e-03 9.999850000000000128e-01 4.917000000000000363e-03 -9.999959999999999960e-01 -2.579999999999999828e-03 -1.508999999999999925e-03
2.500000000000000000e+01 3.100000000000000000e+01 1.200000000000000000e+01 0.000000000000000000e+00 1.600000000000000089e+00 -1.113999999999999973e-03 -2.710000000000000169e-03 9.999959999999999960e-01 -3.609999999999999928e-04 9.999959999999999960e-01 2.709000000000000036e-03 -9.999989999999999712e-01 -3.579999999999999741e-04 -1.115000000000000106e-03
2.800000000000000000e+01 3.100000000000000000e+01 1.200000000000000000e+01 0.000000000000000000e+00 1.600000000000000089e+00 -8.400000000000000348e-04 1.710000000000000094e-04 1.000000000000000000e+00 1.025000000000000086e-03 9.999989999999999712e-01 -1.700000000000000122e-04 -9.999989999999999712e-01 1.025000000000000086e-03 -8.400000000000000348e-04
3.000000000000000000e+00 3.200000000000000000e+01 1.400000000000000000e+01 0.000000000000000000e+00 1.600000000000000089e+00 7.259999999999999743e-04 -2.112000000000000162e-03 -9.999980000000000535e-01 1.076440000000000036e-01 9.941870000000000429e-01 -2.021999999999999926e-03 9.941889999999999894e-01 -1.076420000000000016e-01 9.489999999999999738e-04
1.400000000000000000e+01 3.200000000000000000e+01 1.400000000000000000e+01 0.000000000000000000e+00 1.600000000000000089e+00 1.369999999999999961e-04 4.272999999999999889e-03 -9.999909999999999632e-01 1.063130000000000047e-01 9.943239999999999856e-01 4.263000000000000296e-03 9.943330000000000224e-01 -1.063130000000000047e-01 -3.190000000000000019e-04
3.000000000000000000e+00 1.200000000000000000e+01 1.500000000000000000e+01 0.000000000000000000e+00 1.600000000000000089e+00 -8.580000000000000387e-04 2.138000000000000143e-03 -9.999970000000000248e-01 -4.706659999999999733e-01 -8.823100000000000387e-01 -1.482999999999999943e-03 -8.823109999999999564e-01 4.706629999999999980e-01 1.763000000000000027e-03
7.000000000000000000e+00 1.200000000000000000e+01 1.500000000000000000e+01 0.000000000000000000e+00 1.600000000000000089e+00 -6.859999999999999779e-04 -2.394999999999999993e-03 -9.999970000000000248e-01 -4.723740000000000161e-01 -8.813950000000000395e-01 2.435000000000000098e-03 -8.813980000000000148e-01 4.723740000000000161e-01 -5.270000000000000162e-04
9.000000000000000000e+00 1.160000000000000000e+02 1.600000000000000000e+01 0.000000000000000000e+00 1.600000000000000089e+00 4.879999999999999898e-04 2.416000000000000179e-03 9.999970000000000248e-01 6.948490000000000499e-01 7.191530000000000422e-01 -2.076999999999999853e-03 -7.191549999999999887e-01 6.948480000000000212e-01 -1.327999999999999970e-03
4.000000000000000000e+00 2.000000000000000000e+00 1.900000000000000000e+01 0.000000000000000000e+00 1.600000000000000089e+00 9.330000000000000186e-04 3.716000000000000119e-03 -9.999930000000000208e-01 1.892709999999999948e-01 -9.819189999999999863e-01 -3.471999999999999826e-03 -9.819240000000000190e-01 -1.892659999999999898e-01 -1.618999999999999996e-03
1.100000000000000000e+01 2.000000000000000000e+00 1.900000000000000000e+01 0.000000000000000000e+00 1.600000000000000089e+00 1.988000000000000184e-03 5.550000000000000462e-04 -9.999980000000000535e-01 1.910640000000000116e-01 -9.815779999999999506e-01 -1.649999999999999991e-04 -9.815760000000000041e-01 -1.910630000000000106e-01 -2.057999999999999934e-03
1.500000000000000000e+01 2.000000000000000000e+00 1.900000000000000000e+01 0.000000000000000000e+00 1.600000000000000089e+00 -7.849999999999999990e-04 -1.332000000000000068e-03 -9.999989999999999712e-01 1.927109999999999934e-01 -9.812549999999999883e-01 1.154999999999999994e-03 -9.812549999999999883e-01 -1.927099999999999924e-01 1.026999999999999918e-03
2.100000000000000000e+01 2.000000000000000000e+00 1.900000000000000000e+01 0.000000000000000000e+00 1.600000000000000089e+00 -1.575000000000000011e-03 -2.716000000000000098e-03 -9.999949999999999672e-01 1.957119999999999971e-01 -9.806589999999999474e-01 2.354999999999999889e-03 -9.806599999999999762e-01 -1.957079999999999931e-01 2.076000000000000154e-03
2.700000000000000000e+01 2.000000000000000000e+00 1.900000000000000000e+01 0.000000000000000000e+00 1.600000000000000089e+00 -1.630000000000000047e-04 -1.154299999999999944e-02 -9.999329999999999607e-01 1.943120000000000125e-01 -9.808750000000000524e-01 1.129100000000000069e-02 -9.809400000000000341e-01 -1.942979999999999985e-01 2.403000000000000188e-03
1.700000000000000000e+01 4.000000000000000000e+00 2.000000000000000000e+01 0.000000000000000000e+00 1.600000000000000089e+00 -3.033999999999999805e-03 -2.883999999999999845e-03 -9.999909999999999632e-01 3.068429999999999769e-01 -9.517579999999999929e-01 1.814000000000000074e-03 -9.517550000000000177e-01 -3.068350000000000244e-01 3.772999999999999878e-03
2.400000000000000000e+01 4.000000000000000000e+00 2.000000000000000000e+01 0.000000000000000000e+00 1.600000000000000089e+00 -3.460000000000000076e-04 -5.579999999999999891e-03 -9.999839999999999840e-01 3.061920000000000197e-01 -9.519560000000000244e-01 5.205999999999999690e-03 -9.519699999999999829e-01 -3.061849999999999850e-01 2.037999999999999881e-03
4.000000000000000000e+00 1.300000000000000000e+01 2.000000000000000000e+01 0.000000000000000000e+00 1.600000000000000089e+00 -7.200000000000000453e-04 -2.494000000000000123e-03 9.999970000000000248e-01 2.607499999999999818e-01 9.654030000000000111e-01 2.595999999999999783e-03 -9.654059999999999864e-01 2.607510000000000105e-01 -4.500000000000000283e-05
7.000000000000000000e+00 1.300000000000000000e+01 2.000000000000000000e+01 0.000000000000000000e+00 1.600000000000000089e+00 2.539999999999999940e-04 -7.810000000000000102e-04 1.000000000000000000e+00 2.607439999999999758e-01 9.654080000000000439e-01 6.880000000000000265e-04 -9.654080000000000439e-01 2.607430000000000025e-01 4.490000000000000176e-04
1.200000000000000000e+01 1.300000000000000000e+01 2.000000000000000000e+01 0.000000000000000000e+00 1.600000000000000089e+00 3.339999999999999870e-04 5.879999999999999810e-04 1.000000000000000000e+00 2.596609999999999752e-01 9.657000000000000028e-01 -6.539999999999999590e-04 -9.657000000000000028e-01 2.596609999999999752e-01 1.700000000000000122e-04
1.700000000000000000e+01 1.300000000000000000e+01 2.000000000000000000e+01 0.000000000000000000e+00 1.600000000000000089e+00 2.759999999999999867e-04 -1.407000000000000048e-03 9.999989999999999712e-01 2.583770000000000233e-01 9.660429999999999851e-01 1.288000000000000082e-03 -9.660440000000000138e-01 2.583759999999999946e-01 6.310000000000000504e-04
2.000000000000000000e+01 1.300000000000000000e+01 2.000000000000000000e+01 0.000000000000000000e+00 1.600000000000000089e+00 -9.740000000000000394e-04 7.479999999999999670e-04 9.999989999999999712e-01 2.577269999999999839e-01 9.662180000000000213e-01 -4.719999999999999803e-04 -9.662169999999999925e-01 2.577260000000000106e-01 -1.134000000000000025e-03
4.000000000000000000e+00 3.000000000000000000e+00 2.500000000000000000e+01 0.000000000000000000e+00 1.600000000000000089e+00 -1.433999999999999945e-03 4.163000000000000034e-03 9.999900000000000455e-01 -5.801800000000000013e-02 -9.983070000000000555e-01 4.073000000000000231e-03 9.983140000000000347e-01 -5.801100000000000007e-02 1.673000000000000008e-03
9.000000000000000000e+00 3.000000000000000000e+00 2.500000000000000000e+01 0.000000000000000000e+00 1.600000000000000089e+00 1.051000000000000068e-03 5.474999999999999832e-03 9.999839999999999840e-01 -5.866299999999999987e-02 -9.982630000000000114e-01 5.526999999999999795e-03 9.982769999999999699e-01 -5.866799999999999793e-02 -7.280000000000000230e-04
1.700000000000000000e+01 3.000000000000000000e+00 2.500000000000000000e+01 0.000000000000000000e+00 1.600000000000000089e+00 -3.000000000000000076e-05 -2.168999999999999921e-03 9.999980000000000535e-01 -6.919400000000000550e-02 -9.976009999999999600e-01 -2.165999999999999957e-03 9.976030000000000175e-01 -6.919400000000000550e-02 -1.200000000000000030e-04
2.300000000000000000e+01 3.000000000000000000e+00 2.500000000000000000e+01 0.000000000000000000e+00 1.600000000000000089e+00 -4.356999999999999762e-03 -8.217999999999999611e-03 9.999569999999999848e-01 -6.633999999999999619e-02 -9.977610000000000090e-01 -8.489000000000000018e-03 9.977880000000000082e-01 -6.637400000000000244e-02 3.801999999999999824e-03
2.600000000000000000e+01 3.000000000000000000e+00 2.500000000000000000e+01 0.000000000000000000e+00 1.600000000000000089e+00 -3.614000000000000025e-03 -9.572999999999999912e-03 9.999479999999999480e-01 -6.777400000000000091e-02 -9.976530000000000120e-01 -9.795999999999999153e-03 9.976939999999999698e-01 -6.780600000000000516e-02 2.956999999999999993e-03
2.900000000000000000e+01 3.000000000000000000e+00 2.500000000000000000e+01 0.000000000000000000e+00 1.600000000000000089e+00 -5.860000000000000408e-04 -1.459799999999999986e-02 9.998930000000000318e-01 -7.196600000000000219e-02 -9.972999999999999643e-01 -1.460299999999999966e-02 9.974070000000000435e-01 -7.196700000000000319e-02 -4.659999999999999971e-04
4.000000000000000000e+00 4.600000000000000000e+01 2.700000000000000000e+01 0.000000000000000000e+00 1.600000000000000089e+00 -2.559999999999999884e-04 -3.080000000000000055e-04 -1.000000000000000000e+00 6.772880000000000011e-01 7.357179999999999831e-01 -4.000000000000000192e-04 7.357179999999999831e-01 -6.772880000000000011e-01 2.000000000000000164e-05
8.000000000000000000e+00 4.600000000000000000e+01 2.700000000000000000e+01 0.000000000000000000e+00 1.600000000000000089e+00 8.189999999999999581e-04 4.399999999999999886e-05 -1.000000000000000000e+00 6.782019999999999715e-01 7.348749999999999449e-01 5.879999999999999810e-04 7.348749999999999449e-01 -6.782030000000000003e-01 5.720000000000000258e-04
1.200000000000000000e+01 4.600000000000000000e+01 2.700000000000000000e+01 0.000000000000000000e+00 1.600000000000000089e+00 1.263000000000000017e-03 -5.450000000000000200e-04 -9.999989999999999712e-01 6.784949999999999593e-01 7.346049999999999525e-01 4.569999999999999952e-04 7.346040000000000347e-01 -6.784949999999999593e-01 1.297999999999999892e-03
3.000000000000000000e+01 4.600000000000000000e+01 3.000000000000000000e+01 0.000000000000000000e+00 1.600000000000000089e+00 2.100000000000000087e-04 -9.890000000000000787e-04 -1.000000000000000000e+00 3.249719999999999831e-01 9.457229999999999803e-01 -8.670000000000000406e-04 9.457240000000000091e-01 -3.249719999999999831e-01 5.199999999999999544e-04
2.600000000000000000e+01 5.800000000000000000e+01 3.100000000000000000e+01 0.000000000000000000e+00 1.600000000000000089e+00 -1.991999999999999847e-03 1.943999999999999981e-03 9.999959999999999960e-01 -8.059250000000000025e-01 -5.920180000000000442e-01 -4.539999999999999765e-04 5.920149999999999579e-01 -8.059220000000000272e-01 2.746000000000000177e-03
3.000000000000000000e+01 5.800000000000000000e+01 3.100000000000000000e+01 0.000000000000000000e+00 1.600000000000000089e+00 -1.244699999999999973e-02 -5.122999999999999950e-03 9.999090000000000478e-01 -8.061150000000000260e-01 -5.916150000000000020e-01 -1.306500000000000022e-02 5.916280000000000427e-01 -8.062049999999999494e-01 3.233999999999999896e-03
5.000000000000000000e+00 4.600000000000000000e+01 3.500000000000000000e+01 0.000000000000000000e+00 1.600000000000000089e+00 1.959999999999999937e-04 1.649000000000000075e-03 -9.999989999999999712e-01 3.919569999999999999e-01 -9.199829999999999952e-01 -1.440000000000000091e-03 -9.199840000000000240e-01 -3.919560000000000266e-01 -8.260000000000000198e-04
1.100000000000000000e+01 4.600000000000000000e+01 3.500000000000000000e+01 0.000000000000000000e+00 1.600000000000000089e+00 -5.270000000000000162e-04 -8.980000000000000352e-04 -1.000000000000000000e+00 3.923459999999999726e-01 -9.198180000000000245e-01 6.199999999999999999e-04 -9.198180000000000245e-01 -3.923449999999999993e-01 8.369999999999999619e-04
1.700000000000000000e+01 4.600000000000000000e+01 3.500000000000000000e+01 0.000000000000000000e+00 1.600000000000000089e+00 5.990000000000000316e-04 -6.930000000000000396e-04 -1.000000000000000000e+00 3.915669999999999984e-01 -9.201489999999999947e-01 8.720000000000000537e-04 -9.201489999999999947e-01 -3.915669999999999984e-01 -2.799999999999999755e-04
2.300000000000000000e+01 4.600000000000000000e+01 3.500000000000000000e+01 0.000000000000000000e+00 1.600000000000000089e+00 -6.260000000000000373e-04 -5.598999999999999810e-03 -9.999839999999999840e-01 3.926669999999999883e-01 -9.196680000000000410e-01 4.903000000000000240e-03 -9.196800000000000530e-01 -3.926580000000000070e-01 2.773999999999999990e-03
2.700000000000000000e+01 4.600000000000000000e+01 3.500000000000000000e+01 0.000000000000000000e+00 1.600000000000000089e+00 -2.699999999999999899e-05 1.428000000000000016e-03 -9.999989999999999712e-01 3.922559999999999936e-01 -9.198549999999999782e-01 -1.324000000000000090e-03 -9.198560000000000070e-01 -3.922559999999999936e-01 -5.349999999999999938e-04
6.000000000000000000e+00 9.500000000000000000e+01 3.600000000000000000e+01 0.000000000000000000e+00 1.600000000000000089e+00 -7.920999999999999222e-03 -9.829999999999999329e-04 9.999679999999999680e-01 9.970799999999999663e-01 7.594099999999999462e-02 7.972999999999999185e-03 -7.594599999999999962e-02 9.971119999999999983e-01 3.789999999999999966e-04
1.200000000000000000e+01 9.500000000000000000e+01 3.600000000000000000e+01 0.000000000000000000e+00 1.600000000000000089e+00 1.994000000000000113e-03 -2.053500000000000117e-02 9.997869999999999813e-01 9.969799999999999773e-01 7.765800000000000480e-02 -3.930000000000000117e-04 -7.763299999999999368e-02 9.967690000000000161e-01 2.062800000000000050e-02
5.000000000000000000e+00 2.900000000000000000e+01 4.400000000000000000e+01 0.000000000000000000e+00 1.600000000000000089e+00 2.817000000000000060e-03 -2.458000000000000115e-03 -9.999930000000000208e-01 6.745780000000000109e-01 7.382039999999999713e-01 8.600000000000000331e-05 7.381990000000000496e-01 -6.745729999999999782e-01 3.736999999999999870e-03
8.000000000000000000e+00 2.900000000000000000e+01 4.400000000000000000e+01 0.000000000000000000e+00 1.600000000000000089e+00 1.263999999999999933e-03 -3.923000000000000272e-03 -9.999909999999999632e-01 6.719019999999999992e-01 7.406369999999999898e-01 -2.056000000000000102e-03 7.406390000000000473e-01 -6.718939999999999912e-01 3.572000000000000088e-03
1.400000000000000000e+01 2.900000000000000000e+01 4.400000000000000000e+01 0.000000000000000000e+00 1.600000000000000089e+00 -9.420000000000000205e-04 -5.089999999999999906e-03 -9.999869999999999592e-01 6.665360000000000174e-01 7.454589999999999828e-01 -4.422999999999999848e-03 7.454720000000000235e-01 -6.665320000000000134e-01 2.690000000000000117e-03
1.700000000000000000e+01 2.900000000000000000e+01 4.400000000000000000e+01 0.000000000000000000e+00 1.600000000000000089e+00 -2.730000000000000222e-04 -5.278999999999999838e-03 -9.999860000000000415e-01 6.646980000000000111e-01 7.471010000000000151e-01 -4.126000000000000327e-03 7.471119999999999983e-01 -6.646900000000000031e-01 3.305000000000000212e-03
2.200000000000000000e+01 2.900000000000000000e+01 4.400000000000000000e+01 0.000000000000000000e+00 1.600000000000000089e+00 1.172999999999999998e-03 1.681999999999999901e-03 -9.999980000000000535e-01 6.566940000000000000e-01 7.541539999999999910e-01 2.039000000000000014e-03 7.541560000000000485e-01 -6.566950000000000287e-01 -2.200000000000000078e-04
2.700000000000000000e+01 2.900000000000000000e+01 4.400000000000000000e+01 0.000000000000000000e+00 1.600000000000000089e+00 4.589999999999999896e-04 -3.800000000000000209e-04 -1.000000000000000000e+00 6.578699999999999548e-01 7.531309999999999949e-01 1.599999999999999928e-05 7.531309999999999949e-01 -6.578699999999999548e-01 5.959999999999999586e-04
2.000000000000000000e+00 5.000000000000000000e+00 5.100000000000000000e+01 0.000000000000000000e+00 1.600000000000000089e+00 -1.783999999999999996e-03 -2.964000000000000055e-03 -9.999940000000000495e-01 4.840929999999999955e-01 -8.750149999999999872e-01 1.729999999999999984e-03 -8.750149999999999872e-01 -4.840869999999999895e-01 2.995999999999999965e-03
1.000000000000000000e+01 5.000000000000000000e+00 5.100000000000000000e+01 0.000000000000000000e+00 1.600000000000000089e+00 7.519999999999999558e-04 1.090000000000000040e-03 -9.999989999999999712e-01 4.862819999999999920e-01 -8.738019999999999676e-01 -5.869999999999999567e-04 -8.738019999999999676e-01 -4.862810000000000188e-01 -1.188000000000000037e-03
1.500000000000000000e+01 5.000000000000000000e+00 5.100000000000000000e+01 0.000000000000000000e+00 1.600000000000000089e+00 -4.290000000000000193e-04 -5.439999999999999957e-04 -1.000000000000000000e+00 4.828580000000000094e-01 -8.756990000000000052e-01 2.689999999999999791e-04 -8.756990000000000052e-01 -4.828580000000000094e-01 6.380000000000000037e-04
2.300000000000000000e+01 5.000000000000000000e+00 5.100000000000000000e+01 0.000000000000000000e+00 1.600000000000000089e+00 -1.392000000000000008e-03 -4.330999999999999781e-03 -9.999900000000000455e-01 4.904499999999999971e-01 -8.714640000000000164e-01 3.090999999999999998e-03 -8.714680000000000204e-01 -4.904410000000000158e-01 3.337000000000000122e-03
2.700000000000000000e+01 5.000000000000000000e+00 5.100000000000000000e+01 0.000000000000000000e+00 1.600000000000000089e+00 -6.211999999999999640e-03 -5.102999999999999897e-03 -9.999679999999999680e-01 4.954830000000000068e-01 -8.686169999999999725e-01 1.355000000000000085e-03 -8.685960000000000347e-01 -4.954580000000000095e-01 7.924000000000000488e-03
3.000000000000000000e+00 6.300000000000000000e+01 5.400000000000000000e+01 0.000000000000000000e+00 1.600000000000000089e+00 2.259000000000000157e-03 2.997000000000000098e-03 9.999930000000000208e-01 -3.426310000000000189e-01 9.394679999999999698e-01 -2.041999999999999978e-03 -9.394670000000000520e-01 -3.426239999999999841e-01 3.148999999999999889e-03
8.000000000000000000e+00 6.300000000000000000e+01 5.400000000000000000e+01 0.000000000000000000e+00 1.600000000000000089e+00 2.460000000000000164e-04 5.069999999999999637e-04 1.000000000000000000e+00 -3.456790000000000140e-01 9.383529999999999927e-01 -3.910000000000000172e-04 -9.383529999999999927e-01 -3.456790000000000140e-01 4.060000000000000024e-04
1.300000000000000000e+01 6.300000000000000000e+01 5.400000000000000000e+01 0.000000000000000000e+00 1.600000000000000089e+00 -4.169999999999999987e-04 1.494000000000000102e-03 9.999989999999999712e-01 -3.486150000000000082e-01 9.372650000000000148e-01 -1.546000000000000065e-03 -9.372660000000000435e-01 -3.486159999999999815e-01 1.299999999999999886e-04
2.200000000000000000e+01 6.300000000000000000e+01 5.400000000000000000e+01 0.000000000000000000e+00 1.600000000000000089e+00 1.677000000000000105e-03 4.507999999999999854e-03 9.999879999999999880e-01 -3.544240000000000168e-01 9.350779999999999648e-01 -3.621000000000000087e-03 -9.350829999999999975e-01 -3.544129999999999781e-01 3.165999999999999977e-03
6.000000000000000000e+00 2.500000000000000000e+01 5.500000000000000000e+01 0.000000000000000000e+00 1.600000000000000089e+00 1.381999999999999982e-03 2.321999999999999845e-03 -9.999959999999999960e-01 -8.507999999999999938e-03 -9.999609999999999888e-01 -2.334000000000000137e-03 -9.999630000000000463e-01 8.510999999999999469e-03 -1.361999999999999929e-03
4.000000000000000000e+00 6.800000000000000000e+01 5.700000000000000000e+01 0.000000000000000000e+00 1.600000000000000089e+00 9.730000000000000151e-04 1.663999999999999898e-03 -9.999980000000000535e-01 -2.430029999999999968e-01 -9.700239999999999974e-01 -1.850999999999999998e-03 -9.700250000000000261e-01 2.430039999999999978e-01 -5.400000000000000069e-04
1.000000000000000000e+01 2.000000000000000000e+01 6.000000000000000000e+01 0.000000000000000000e+00 1.600000000000000089e+00 8.711999999999999258e-03 -1.754299999999999957e-02 9.998080000000000300e-01 -6.167500000000000066e-02 9.979329999999999590e-01 1.804700000000000054e-02 -9.980580000000000007e-01 -6.182100000000000095e-02 7.611999999999999843e-03
1.900000000000000000e+01 2.000000000000000000e+01 6.000000000000000000e+01 0.000000000000000000e+00 1.600000000000000089e+00 -5.863000000000000156e-03 1.248999999999999893e-03 9.999820000000000375e-01 -4.900600000000000095e-02 9.987970000000000459e-01 -1.534999999999999906e-03 -9.987810000000000299e-01 -4.901400000000000201e-02 -5.794999999999999804e-03
2.400000000000000000e+01 2.100000000000000000e+01 6.000000000000000000e+01 0.000000000000000000e+00 1.600000000000000089e+00 -5.741999999999999708e-03 5.194999999999999965e-03 9.999700000000000255e-01 -9.498600000000000099e-02 9.954619999999999580e-01 -5.716999999999999860e-03 -9.954619999999999580e-01 -9.501600000000000323e-02 -5.223000000000000212e-03
3.000000000000000000e+01 2.100000000000000000e+01 6.000000000000000000e+01 0.000000000000000000e+00 1.600000000000000089e+00 3.853999999999999787e-03 3.823000000000000009e-03 9.999850000000000128e-01 -9.642499999999999682e-02 9.953340000000000520e-01 -3.433999999999999986e-03 -9.953330000000000233e-01 -9.640999999999999570e-02 4.204000000000000271e-03
2.000000000000000000e+00 6.000000000000000000e+00 6.100000000000000000e+01 0.000000000000000000e+00 1.600000000000000089e+00 4.163000000000000034e-03 -8.030000000000000028e-04 9.999909999999999632e-01 5.680100000000000149e-01 -8.230159999999999698e-01 -3.024999999999999911e-03 8.230110000000000481e-01 5.680180000000000229e-01 -2.969999999999999984e-03
1.000000000000000000e+01 3.000000000000000000e+00 6.300000000000000000e+01 0.000000000000000000e+00 1.600000000000000089e+00 1.270999999999999994e-03 -2.003000000000000006e-03 9.999970000000000248e-01 -6.167550000000000532e-01 7.871519999999999628e-01 2.360999999999999818e-03 -7.871540000000000203e-01 -6.167559999999999709e-01 -2.349999999999999930e-04
1.000000000000000000e+00 2.700000000000000000e+01 6.300000000000000000e+01 0.000000000000000000e+00 1.600000000000000089e+00 1.691000000000000012e-03 4.238999999999999713e-03 9.999900000000000455e-01 -2.744389999999999885e-01 9.615979999999999528e-01 -3.612000000000000193e-03 -9.616029999999999855e-01 -2.744300000000000073e-01 2.788999999999999813e-03
7.000000000000000000e+00 2.700000000000000000e+01 6.300000000000000000e+01 0.000000000000000000e+00 1.600000000000000089e+00 -3.719999999999999891e-04 7.165000000000000362e-03 9.999740000000000295e-01 -2.704599999999999782e-01 9.627059999999999507e-01 -6.999000000000000013e-03 -9.627310000000000034e-01 -2.704559999999999742e-01 1.580000000000000024e-03
1.400000000000000000e+01 2.700000000000000000e+01 6.300000000000000000e+01 0.000000000000000000e+00 1.600000000000000089e+00 6.043999999999999893e-03 1.175000000000000046e-03 9.999810000000000088e-01 -2.846029999999999949e-01 9.586449999999999694e-01 5.940000000000000184e-04 -9.586270000000000069e-01 -2.846009999999999929e-01 6.127999999999999767e-03
1.700000000000000000e+01 2.700000000000000000e+01 6.300000000000000000e+01 0.000000000000000000e+00 1.600000000000000089e+00 3.510000000000000099e-03 3.285000000000000159e-03 9.999879999999999880e-01 -2.886329999999999729e-01 9.574380000000000113e-01 -2.132000000000000214e-03 -9.574340000000000073e-01 -2.886219999999999897e-01 4.309000000000000330e-03
2.400000000000000000e+01 2.700000000000000000e+01 6.300000000000000000e+01 0.000000000000000000e+00 1.600000000000000089e+00 -5.285999999999999900e-03 1.072999999999999952e-03 9.999850000000000128e-01 -2.703570000000000140e-01 9.627569999999999739e-01 -2.462000000000000213e-03 -9.627459999999999907e-01 -2.703659999999999952e-01 -4.799000000000000314e-03
2.800000000000000000e+01 2.700000000000000000e+01 6.300000000000000000e+01 0.000000000000000000e+00 1.600000000000000089e+00 2.249000000000000131e-03 2.171999999999999886e-03 9.999949999999999672e-01 -2.669969999999999843e-01 9.636959999999999971e-01 -1.492000000000000054e-03 -9.636949999999999683e-01 -2.669920000000000071e-01 2.746999999999999876e-03
2.000000000000000000e+00 2.600000000000000000e+01 6.400000000000000000e+01 0.000000000000000000e+00 1.600000000000000089e+00 4.730000000000000046e-04 3.846000000000000026e-03 9.999919999999999920e-01 -3.566969999999999863e-01 9.342139999999999889e-01 -3.423999999999999960e-03 -9.342200000000000504e-01 -3.566920000000000091e-01 1.814000000000000074e-03
6.000000000000000000e+00 2.600000000000000000e+01 6.400000000000000000e+01 0.000000000000000000e+00 1.600000000000000089e+00 -8.859999999999999603e-04 7.185000000000000414e-03 9.999740000000000295e-01 -3.531130000000000102e-01 9.355539999999999967e-01 -7.034999999999999587e-03 -9.355799999999999672e-01 -3.531099999999999794e-01 1.708000000000000100e-03
1.700000000000000000e+01 2.600000000000000000e+01 6.400000000000000000e+01 0.000000000000000000e+00 1.600000000000000089e+00 5.559999999999999838e-03 8.245999999999999858e-03 9.999510000000000343e-01 -3.780029999999999779e-01 9.257880000000000553e-01 -5.532999999999999724e-03 -9.257880000000000553e-01 -3.779529999999999834e-01 8.264999999999999777e-03
2.700000000000000000e+01 2.600000000000000000e+01 6.400000000000000000e+01 0.000000000000000000e+00 1.600000000000000089e+00 5.569999999999999864e-04 -2.460000000000000164e-04 1.000000000000000000e+00 -3.438720000000000110e-01 9.390159999999999618e-01 4.229999999999999819e-04 -9.390159999999999618e-01 -3.438720000000000110e-01 4.389999999999999914e-04
1.700000000000000000e+01 6.900000000000000000e+01 6.600000000000000000e+01 0.000000000000000000e+00 1.600000000000000089e+00 -3.321000000000000167e-03 3.514000000000000196e-03 9.999879999999999880e-01 -9.499220000000000441e-01 3.124589999999999868e-01 -4.252999999999999836e-03 -3.124700000000000255e-01 -9.499250000000000194e-01 2.301000000000000094e-03
5.000000000000000000e+00 2.500000000000000000e+01 7.300000000000000000e+01 0.000000000000000000e+00 1.600000000000000089e+00 -1.217999999999999899e-03 -4.165000000000000299e-03 9.999909999999999632e-01 7.441189999999999749e-01 -6.680439999999999712e-01 -1.876000000000000063e-03 6.680460000000000287e-01 7.441100000000000492e-01 3.912999999999999812e-03
1.500000000000000000e+01 2.500000000000000000e+01 7.300000000000000000e+01 0.000000000000000000e+00 1.600000000000000089e+00 -1.672000000000000092e-03 -4.440000000000000045e-04 9.999989999999999712e-01 7.444460000000000521e-01 -6.676819999999999977e-01 9.489999999999999738e-04 6.676809999999999690e-01 7.444460000000000521e-01 1.446999999999999936e-03
1.900000000000000000e+01 2.500000000000000000e+01 7.300000000000000000e+01 0.000000000000000000e+00 1.600000000000000089e+00 1.230000000000000082e-04 -2.099000000000000171e-03 9.999980000000000535e-01 7.458289999999999642e-01 -6.661359999999999504e-01 -1.490000000000000005e-03 6.661369999999999791e-01 7.458280000000000465e-01 1.484000000000000076e-03
3.000000000000000000e+00 4.400000000000000000e+01 7.300000000000000000e+01 0.000000000000000000e+00 1.600000000000000089e+00 -9.970000000000000563e-04 -1.940000000000000101e-03 9.999980000000000535e-01 5.014400000000000107e-02 -9.987399999999999611e-01 -1.887999999999999921e-03 9.987420000000000186e-01 5.014199999999999907e-02 1.093000000000000005e-03
1.200000000000000000e+01 4.400000000000000000e+01 7.300000000000000000e+01 0.000000000000000000e+00 1.600000000000000089e+00 -1.015999999999999976e-03 -1.217999999999999899e-03 9.999989999999999712e-01 4.971400000000000124e-02 -9.987629999999999564e-01 -1.165999999999999936e-03 9.987629999999999564e-01 4.971300000000000024e-02 1.075999999999999917e-03
1.500000000000000000e+01 4.400000000000000000e+01 7.300000000000000000e+01 0.000000000000000000e+00 1.600000000000000089e+00 -3.959999999999999762e-04 -1.075999999999999917e-03 9.999989999999999712e-01 5.008699999999999958e-02 -9.987439999999999651e-01 -1.054999999999999948e-03 9.987449999999999939e-01 5.008599999999999858e-02 4.499999999999999877e-04
1.800000000000000000e+01 4.400000000000000000e+01 7.300000000000000000e+01 0.000000000000000000e+00 1.600000000000000089e+00 -1.459999999999999926e-03 -1.392000000000000008e-03 9.999980000000000535e-01 5.074100000000000138e-02 -9.987110000000000154e-01 -1.315999999999999896e-03 9.987110000000000154e-01 5.073899999999999938e-02 1.528999999999999977e-03
2.600000000000000000e+01 4.400000000000000000e+01 7.300000000000000000e+01 0.000000000000000000e+00 1.600000000000000089e+00 -5.419999999999999471e-04 -2.101000000000000003e-03 9.999980000000000535e-01 5.162599999999999828e-02 -9.986639999999999961e-01 -2.069999999999999792e-03 9.986660000000000537e-01 5.162499999999999728e-02 6.499999999999999702e-04
8.000000000000000000e+00 2.500000000000000000e+01 7.400000000000000000e+01 0.000000000000000000e+00 1.600000000000000089e+00 1.209999999999999921e-03 -1.750000000000000036e-03 9.999980000000000535e-01 8.204719999999999791e-01 -5.716830000000000522e-01 -1.992999999999999980e-03 5.716860000000000275e-01 8.204719999999999791e-01 7.439999999999999782e-04
2.500000000000000000e+01 2.500000000000000000e+01 7.400000000000000000e+01 0.000000000000000000e+00 1.600000000000000089e+00 1.073499999999999975e-02 1.186700000000000081e-02 9.998719999999999830e-01 8.340579999999999661e-01 -5.516710000000000225e-01 -2.406999999999999851e-03 5.515719999999999512e-01 8.339779999999999971e-01 -1.582000000000000073e-02
7.000000000000000000e+00 5.100000000000000000e+01 7.600000000000000000e+01 0.000000000000000000e+00 1.600000000000000089e+00 1.359999999999999989e-04 8.000000000000000383e-04 -1.000000000000000000e+00 -4.011509999999999798e-01 -9.160120000000000484e-01 -7.879999999999999635e-04 -9.160120000000000484e-01 4.011509999999999798e-01 1.969999999999999909e-04
5.000000000000000000e+00 9.100000000000000000e+01 7.600000000000000000e+01 0.000000000000000000e+00 1.600000000000000089e+00 -1.036000000000000029e-03 1.428000000000000016e-03 9.999980000000000535e-01 3.104270000000000085e-01 -9.505959999999999965e-01 1.678999999999999937e-03 9.505970000000000253e-01 3.104290000000000105e-01 5.410000000000000312e-04
8.000000000000000000e+00 9.100000000000000000e+01 7.600000000000000000e+01 0.000000000000000000e+00 1.600000000000000089e+00 -1.301999999999999989e-03 -5.270000000000000162e-04 9.999989999999999712e-01 3.085140000000000104e-01 -9.512199999999999545e-01 -1.000000000000000048e-04 9.512190000000000367e-01 3.085129999999999817e-01 1.400999999999999902e-03
1.200000000000000000e+01 9.100000000000000000e+01 7.600000000000000000e+01 0.000000000000000000e+00 1.600000000000000089e+00 6.579999999999999478e-04 -2.090000000000000115e-04 1.000000000000000000e+00 3.097369999999999846e-01 -9.508219999999999450e-01 -4.020000000000000136e-04 9.508219999999999450e-01 3.097369999999999846e-01 -5.609999999999999752e-04
