2.000000000000000000e+00 1.600000000000000000e+01 4.000000000000000000e+00 0.000000000000000000e+00 1.600000000000000089e+00 -4.159999999999999744e-04 2.662099999999999883e-02 9.996450000000000058e-01 3.389190000000000258e-01 -9.404780000000000362e-01 2.518700000000000105e-02 9.408149999999999569e-01 3.388100000000000001e-01 -8.630999999999999783e-03
6.000000000000000000e+00 1.600000000000000000e+01 4.000000000000000000e+00 0.000000000000000000e+00 1.600000000000000089e+00 -2.758000000000000035e-03 2.587300000000000016e-02 9.996610000000000218e-01 3.361339999999999884e-01 -9.414749999999999508e-01 2.529400000000000051e-02 9.418100000000000360e-01 3.360899999999999999e-01 -6.100999999999999653e-03
1.300000000000000000e+01 1.600000000000000000e+01 4.000000000000000000e+00 0.000000000000000000e+00 1.600000000000000089e+00 -2.396999999999999825e-03 1.157900000000000075e-02 9.999299999999999855e-01 3.228570000000000051e-01 -9.463749999999999662e-01 1.173199999999999937e-02 9.464449999999999807e-01 3.228619999999999823e-01 -1.469999999999999953e-03
2.000000000000000000e+01 1.600000000000000000e+01 4.000000000000000000e+00 0.000000000000000000e+00 1.600000000000000089e+00 -1.030000000000000100e-03 1.474699999999999969e-02 9.998909999999999743e-01 3.159750000000000059e-01 -9.486599999999999477e-01 1.431699999999999987e-02 9.487670000000000270e-01 3.159549999999999859e-01 -3.681999999999999943e-03
2.600000000000000000e+01 1.600000000000000000e+01 4.000000000000000000e+00 0.000000000000000000e+00 1.600000000000000089e+00 -4.060000000000000024e-04 1.685000000000000083e-03 9.999989999999999712e-01 3.208369999999999833e-01 -9.471330000000000027e-01 1.726000000000000104e-03 9.471340000000000314e-01 3.208369999999999833e-01 -1.559999999999999972e-04
2.000000000000000000e+00 1.010000000000000000e+02 7.000000000000000000e+00 0.000000000000000000e+00 1.600000000000000089e+00 -4.449999999999999746e-04 4.794999999999999783e-03 9.999879999999999880e-01 8.865079999999999627e-01 4.627100000000000102e-01 -1.825000000000000016e-03 -4.627129999999999854e-01 8.864969999999999795e-01 -4.457000000000000024e-03
1.700000000000000000e+01 1.010000000000000000e+02 7.000000000000000000e+00 0.000000000000000000e+00 1.600000000000000089e+00 2.079999999999999872e-04 1.655999999999999920e-03 9.999989999999999712e-01 8.899420000000000108e-01 4.560730000000000062e-01 -9.399999999999999719e-04 -4.560739999999999794e-01 8.899409999999999821e-01 -1.379000000000000017e-03
2.300000000000000000e+01 1.010000000000000000e+02 7.000000000000000000e+00 0.000000000000000000e+00 1.600000000000000089e+00 -9.399999999999999448e-05 -1.830000000000000029e-04 1.000000000000000000e+00 8.900259999999999838e-01 4.559110000000000107e-01 1.669999999999999935e-04 -4.559110000000000107e-01 8.900259999999999838e-01 1.200000000000000030e-04
3.000000000000000000e+00 1.500000000000000000e+01 8.000000000000000000e+00 0.000000000000000000e+00 1.600000000000000089e+00 9.289999999999999647e-03 2.400899999999999909e-02 -9.996690000000000298e-01 -5.721659999999999524e-01 -8.197560000000000402e-01 -2.500499999999999945e-02 -8.200849999999999529e-01 5.722089999999999677e-01 6.120999999999999705e-03
6.000000000000000000e+00 1.500000000000000000e+01 8.000000000000000000e+00 0.000000000000000000e+00 1.600000000000000089e+00 1.039400000000000046e-02 2.576200000000000018e-02 -9.996140000000000025e-01 -5.711000000000000520e-01 -8.204329999999999679e-01 -2.708299999999999944e-02 -8.208149999999999613e-01 5.711610000000000298e-01 6.185000000000000393e-03
1.100000000000000000e+01 1.500000000000000000e+01 8.000000000000000000e+00 0.000000000000000000e+00 1.600000000000000089e+00 6.432000000000000217e-03 1.713299999999999892e-02 -9.998329999999999718e-01 -5.677309999999999857e-01 -8.230229999999999491e-01 -1.775499999999999995e-02 -8.231889999999999485e-01 5.677499999999999769e-01 4.433999999999999574e-03
9.000000000000000000e+00 2.600000000000000000e+01 8.000000000000000000e+00 0.000000000000000000e+00 1.600000000000000089e+00 -6.242000000000000152e-03 -1.135000000000000071e-02 -9.999160000000000270e-01 4.226750000000000229e-01 9.061890000000000223e-01 -1.292399999999999972e-02 9.062599999999999545e-01 -4.227199999999999847e-01 -8.589999999999999546e-04
1.300000000000000000e+01 2.600000000000000000e+01 8.000000000000000000e+00 0.000000000000000000e+00 1.600000000000000089e+00 -4.919999999999999894e-03 -1.081099999999999943e-02 -9.999289999999999567e-01 4.235510000000000108e-01 9.057939999999999880e-01 -1.187799999999999967e-02 9.058589999999999698e-01 -4.235800000000000121e-01 1.219999999999999974e-04
1.800000000000000000e+01 2.600000000000000000e+01 8.000000000000000000e+00 0.000000000000000000e+00 1.600000000000000089e+00 -4.899999999999999842e-04 -6.603000000000000362e-03 -9.999780000000000335e-01 4.234669999999999823e-01 9.058910000000000018e-01 -6.189000000000000057e-03 9.059120000000000505e-01 -4.234600000000000031e-01 2.351999999999999924e-03
2.500000000000000000e+01 2.600000000000000000e+01 8.000000000000000000e+00 0.000000000000000000e+00 1.600000000000000089e+00 -1.930999999999999991e-03 6.803000000000000019e-03 -9.999749999999999472e-01 4.231579999999999786e-01 9.060399999999999565e-01 5.347000000000000190e-03 9.060540000000000260e-01 -4.231369999999999854e-01 -4.628000000000000169e-03
3.000000000000000000e+01 2.600000000000000000e+01 8.000000000000000000e+00 0.000000000000000000e+00 1.600000000000000089e+00 -4.132000000000000256e-03 3.430099999999999816e-02 -9.994030000000000413e-01 4.240650000000000253e-01 9.051569999999999894e-01 2.931299999999999878e-02 9.056220000000000381e-01 -4.236900000000000110e-01 -1.828600000000000017e-02
1.100000000000000000e+01 1.400000000000000000e+01 9.000000000000000000e+00 0.000000000000000000e+00 1.600000000000000089e+00 6.589000000000000239e-03 1.943800000000000042e-02 -9.997890000000000388e-01 -5.613479999999999581e-01 -8.273439999999999683e-01 -1.978399999999999950e-02 -8.275540000000000118e-01 5.613599999999999701e-01 5.459999999999999576e-03
1.700000000000000000e+01 1.400000000000000000e+01 9.000000000000000000e+00 0.000000000000000000e+00 1.600000000000000089e+00 4.662999999999999610e-03 1.200400000000000078e-02 -9.999169999999999447e-01 -5.595280000000000253e-01 -8.287170000000000369e-01 -1.255799999999999972e-02 -8.287989999999999524e-01 5.595400000000000373e-01 2.851999999999999934e-03
2.200000000000000000e+01 1.400000000000000000e+01 9.000000000000000000e+00 0.000000000000000000e+00 1.600000000000000089e+00 1.309000000000000051e-03 8.618000000000000660e-03 -9.999620000000000175e-01 -5.574719999999999676e-01 -8.301589999999999803e-01 -7.884000000000000383e-03 -8.301950000000000163e-01 5.574609999999999843e-01 3.716999999999999818e-03
2.500000000000000000e+01 1.400000000000000000e+01 9.000000000000000000e+00 0.000000000000000000e+00 1.600000000000000089e+00 9.200000000000000278e-04 -5.140000000000000254e-04 -9.999989999999999712e-01 -5.567739999999999911e-01 -8.306639999999999580e-01 -8.600000000000000331e-05 -8.306630000000000402e-01 5.567739999999999911e-01 -1.049999999999999935e-03
2.800000000000000000e+01 1.400000000000000000e+01 9.000000000000000000e+00 0.000000000000000000e+00 1.600000000000000089e+00 7.979999999999999897e-04 -2.567999999999999970e-03 -9.999959999999999960e-01 -5.558990000000000320e-01 -8.312479999999999869e-01 1.691000000000000012e-03 -8.312490000000000157e-01 5.558959999999999457e-01 -2.089999999999999844e-03
5.000000000000000000e+00 2.400000000000000000e+01 9.000000000000000000e+00 0.000000000000000000e+00 1.600000000000000089e+00 -9.249000000000000277e-03 -2.337200000000000041e-02 -9.996840000000000170e-01 4.762939999999999952e-01 8.789320000000000466e-01 -2.495599999999999902e-02 8.792370000000000463e-01 -4.763749999999999929e-01 3.003000000000000027e-03
2.700000000000000000e+01 1.020000000000000000e+02 9.000000000000000000e+00 0.000000000000000000e+00 1.600000000000000089e+00 -4.350000000000000026e-04 2.325999999999999943e-03 9.999970000000000248e-01 9.249199999999999644e-01 3.801610000000000267e-01 -4.820000000000000066e-04 -3.801610000000000267e-01 9.249169999999999892e-01 -2.317000000000000049e-03
2.900000000000000000e+01 1.040000000000000000e+02 1.100000000000000000e+01 0.000000000000000000e+00 1.600000000000000089e+00 1.219999999999999974e-04 -3.164999999999999845e-03 9.999949999999999672e-01 -9.730779999999999985e-01 -2.304759999999999864e-01 -6.109999999999999980e-04 2.304769999999999874e-01 -9.730729999999999658e-01 -3.108000000000000086e-03
2.000000000000000000e+00 3.100000000000000000e+01 1.200000000000000000e+01 0.000000000000000000e+00 1.600000000000000089e+00 5.370000000000000424e-04 -6.262000000000000205e-03 9.999799999999999800e-01 -2.390700000000000117e-02 9.996950000000000003e-01 6.274000000000000063e-03 -9.997139999999999915e-01 -2.391000000000000070e-02 3.869999999999999742e-04
4.000000000000000000e+00 3.500000000000000000e+01 1.200000000000000000e+01 0.000000000000000000e+00 1.600000000000000089e+00 -1.866000000000000037e-03 -2.196000000000000035e-03 -9.999959999999999960e-01 4.771480000000000166e-01 -8.788230000000000208e-01 1.039999999999999909e-03 -8.788209999999999633e-01 -4.771440000000000126e-01 2.687999999999999851e-03
1.300000000000000000e+01 3.500000000000000000e+01 1.200000000000000000e+01 0.000000000000000000e+00 1.600000000000000089e+00 2.944000000000000002e-03 8.050000000000000515e-04 -9.999949999999999672e-01 4.671339999999999937e-01 -8.841860000000000275e-01 6.629999999999999609e-04 -8.841809999999999947e-01 -4.671339999999999937e-01 -2.978999999999999877e-03
2.100000000000000000e+01 3.200000000000000000e+01 1.400000000000000000e+01 0.000000000000000000e+00 1.600000000000000089e+00 2.262000000000000122e-03 -4.139999999999999800e-04 -9.999970000000000248e-01 1.100890000000000063e-01 9.939219999999999722e-01 -1.630000000000000047e-04 9.939189999999999969e-01 -1.100880000000000053e-01 2.294000000000000032e-03
2.900000000000000000e+01 3.200000000000000000e+01 1.400000000000000000e+01 0.000000000000000000e+00 1.600000000000000089e+00 -3.482699999999999685e-02 9.280599999999999961e-02 -9.950750000000000428e-01 9.602700000000000125e-02 9.913830000000000142e-01 8.909999999999999865e-02 9.947690000000000143e-01 -9.245100000000000540e-02 -4.343899999999999845e-02
2.000000000000000000e+00 1.200000000000000000e+01 1.500000000000000000e+01 0.000000000000000000e+00 1.600000000000000089e+00 6.827999999999999868e-03 1.632499999999999923e-02 -9.998430000000000373e-01 -4.682749999999999968e-01 -8.834070000000000533e-01 -1.762199999999999878e-02 -8.835570000000000368e-01 4.683220000000000161e-01 1.611999999999999935e-03
6.000000000000000000e+00 1.200000000000000000e+01 1.500000000000000000e+01 0.000000000000000000e+00 1.600000000000000089e+00 7.413999999999999584e-03 1.371299999999999950e-02 -9.998780000000000445e-01 -4.683880000000000265e-01 -8.833849999999999758e-01 -1.558799999999999943e-02 -8.834920000000000551e-01 4.684470000000000023e-01 -1.269999999999999970e-04
2.200000000000000000e+01 1.200000000000000000e+01 1.500000000000000000e+01 0.000000000000000000e+00 1.600000000000000089e+00 2.569000000000000103e-03 5.490000000000000088e-04 -9.999970000000000248e-01 -4.650349999999999762e-01 -8.852910000000000501e-01 -1.680000000000000070e-03 -8.852879999999999638e-01 4.650380000000000069e-01 -2.018999999999999961e-03
1.600000000000000000e+01 1.160000000000000000e+02 1.600000000000000000e+01 0.000000000000000000e+00 1.600000000000000089e+00 -2.037999999999999881e-03 -3.755000000000000091e-03 9.999909999999999632e-01 6.795639999999999459e-01 7.336049999999999516e-01 4.139999999999999583e-03 -7.336139999999999883e-01 6.795660000000000034e-01 1.056999999999999997e-03
9.000000000000000000e+00 2.000000000000000000e+00 1.900000000000000000e+01 0.000000000000000000e+00 1.600000000000000089e+00 2.882000000000000013e-03 2.194999999999999903e-03 -9.999930000000000208e-01 1.397690000000000043e-01 -9.901830000000000354e-01 -1.770000000000000089e-03 -9.901799999999999491e-01 -1.397629999999999983e-01 -3.160000000000000048e-03
2.000000000000000000e+01 2.000000000000000000e+00 1.900000000000000000e+01 0.000000000000000000e+00 1.600000000000000089e+00 3.322999999999999999e-03 -5.434999999999999727e-03 -9.999799999999999800e-01 1.290620000000000100e-01 -9.916190000000000282e-01 5.818000000000000255e-03 -9.916310000000000402e-01 -1.290789999999999993e-01 -2.592999999999999819e-03
2.400000000000000000e+01 2.000000000000000000e+00 1.900000000000000000e+01 0.000000000000000000e+00 1.600000000000000089e+00 -4.449999999999999746e-04 -1.758000000000000014e-03 -9.999980000000000535e-01 1.258060000000000012e-01 -9.920529999999999626e-01 1.688000000000000047e-03 -9.920550000000000201e-01 -1.258050000000000002e-01 6.629999999999999609e-04
3.000000000000000000e+00 1.300000000000000000e+01 2.000000000000000000e+01 0.000000000000000000e+00 1.600000000000000089e+00 -9.890000000000000787e-04 -7.309999999999999658e-03 9.999730000000000008e-01 2.541439999999999810e-01 9.671389999999999709e-01 7.321000000000000250e-03 -9.671659999999999702e-01 2.541439999999999810e-01 9.020000000000000240e-04
8.000000000000000000e+00 1.300000000000000000e+01 2.000000000000000000e+01 0.000000000000000000e+00 1.600000000000000089e+00 1.701999999999999954e-03 1.720000000000000066e-04 9.999989999999999712e-01 2.521720000000000073e-01 9.676820000000000421e-01 -5.959999999999999586e-04 -9.676810000000000134e-01 2.521729999999999805e-01 1.603999999999999957e-03
1.300000000000000000e+01 1.300000000000000000e+01 2.000000000000000000e+01 0.000000000000000000e+00 1.600000000000000089e+00 2.325999999999999943e-03 4.721000000000000370e-03 9.999860000000000415e-01 2.493750000000000133e-01 9.683929999999999483e-01 -5.152000000000000329e-03 -9.684040000000000425e-01 2.493829999999999936e-01 1.075000000000000001e-03
2.100000000000000000e+01 1.300000000000000000e+01 2.000000000000000000e+01 0.000000000000000000e+00 1.600000000000000089e+00 7.299999999999999903e-05 -5.681000000000000286e-03 9.999839999999999840e-01 2.480900000000000050e-01 9.687219999999999720e-01 5.485000000000000292e-03 -9.687369999999999592e-01 2.480850000000000000e-01 1.480999999999999895e-03
2.700000000000000000e+01 1.300000000000000000e+01 2.000000000000000000e+01 0.000000000000000000e+00 1.600000000000000089e+00 -5.400000000000000069e-04 -4.099999999999999912e-04 1.000000000000000000e+00 2.485179999999999889e-01 9.686270000000000158e-01 5.310000000000000050e-04 -9.686270000000000158e-01 2.485179999999999889e-01 -4.209999999999999875e-04
5.000000000000000000e+00 1.600000000000000000e+01 2.100000000000000000e+01 0.000000000000000000e+00 1.600000000000000089e+00 -5.299999999999999807e-04 -3.660000000000000059e-03 9.999930000000000208e-01 3.022830000000000239e-01 9.532110000000000305e-01 3.648999999999999900e-03 -9.532180000000000097e-01 3.022830000000000239e-01 6.009999999999999717e-04
9.000000000000000000e+00 1.600000000000000000e+01 2.100000000000000000e+01 0.000000000000000000e+00 1.600000000000000089e+00 2.206000000000000062e-03 8.817000000000000184e-03 9.999590000000000423e-01 3.025829999999999909e-01 9.530800000000000383e-01 -9.070999999999999203e-03 -9.531209999999999960e-01 3.025900000000000256e-01 -5.659999999999999884e-04
6.000000000000000000e+00 4.600000000000000000e+01 2.700000000000000000e+01 0.000000000000000000e+00 1.600000000000000089e+00 -2.755000000000000070e-03 -1.476000000000000098e-03 -9.999949999999999672e-01 6.664940000000000309e-01 7.455049999999999732e-01 -2.936999999999999941e-03 7.455060000000000020e-01 -6.664980000000000349e-01 -1.069999999999999988e-03
1.200000000000000000e+01 4.600000000000000000e+01 2.700000000000000000e+01 0.000000000000000000e+00 1.600000000000000089e+00 -3.020000000000000223e-04 5.810000000000000277e-04 -1.000000000000000000e+00 6.627450000000000285e-01 7.488449999999999829e-01 2.349999999999999930e-04 7.488449999999999829e-01 -6.627450000000000285e-01 -6.109999999999999980e-04
2.000000000000000000e+01 4.600000000000000000e+01 2.700000000000000000e+01 0.000000000000000000e+00 1.600000000000000089e+00 7.470000000000000511e-04 1.645999999999999894e-03 -9.999980000000000535e-01 6.698159999999999670e-01 7.425249999999999906e-01 1.722999999999999922e-03 7.425270000000000481e-01 -6.698159999999999670e-01 -5.479999999999999845e-04
2.500000000000000000e+01 4.600000000000000000e+01 2.700000000000000000e+01 0.000000000000000000e+00 1.600000000000000089e+00 -3.199000000000000021e-03 -3.809999999999999910e-04 -9.999949999999999672e-01 6.698460000000000525e-01 7.424960000000000448e-01 -2.426000000000000205e-03 7.424929999999999586e-01 -6.698499999999999455e-01 -2.119999999999999923e-03
5.000000000000000000e+00 4.600000000000000000e+01 3.000000000000000000e+01 0.000000000000000000e+00 1.600000000000000089e+00 -1.539000000000000003e-03 -2.821000000000000157e-03 -9.999949999999999672e-01 3.271540000000000004e-01 9.449659999999999727e-01 -3.168999999999999942e-03 9.449699999999999767e-01 -3.271580000000000044e-01 -5.310000000000000050e-04
8.000000000000000000e+00 4.600000000000000000e+01 3.000000000000000000e+01 0.000000000000000000e+00 1.600000000000000089e+00 -2.883999999999999845e-03 -1.611999999999999935e-03 -9.999949999999999672e-01 3.265939999999999954e-01 9.451619999999999466e-01 -2.465999999999999876e-03 9.451600000000000001e-01 -3.265989999999999727e-01 -2.199000000000000000e-03
2.300000000000000000e+01 4.600000000000000000e+01 3.000000000000000000e+01 0.000000000000000000e+00 1.600000000000000089e+00 -1.144999999999999967e-03 -8.059999999999999673e-04 -9.999989999999999712e-01 3.303530000000000078e-01 9.438569999999999460e-01 -1.139000000000000038e-03 9.438569999999999460e-01 -3.303539999999999810e-01 -8.149999999999999693e-04
3.000000000000000000e+00 5.800000000000000000e+01 3.100000000000000000e+01 0.000000000000000000e+00 1.600000000000000089e+00 8.947999999999999357e-03 1.869999999999999917e-03 9.999580000000000135e-01 -7.588129999999999598e-01 -6.512590000000000323e-01 8.007999999999999494e-03 6.512470000000000203e-01 -7.588529999999999998e-01 -4.407999999999999592e-03
7.000000000000000000e+00 5.800000000000000000e+01 3.100000000000000000e+01 0.000000000000000000e+00 1.600000000000000089e+00 4.251999999999999703e-03 9.076999999999999999e-03 9.999500000000000055e-01 -7.579310000000000214e-01 -6.522710000000000452e-01 9.143999999999999351e-03 6.523210000000000397e-01 -7.579320000000000501e-01 4.106000000000000275e-03
1.200000000000000000e+01 5.800000000000000000e+01 3.100000000000000000e+01 0.000000000000000000e+00 1.600000000000000089e+00 -4.836000000000000021e-03 -3.664999999999999855e-03 9.999820000000000375e-01 -7.623210000000000264e-01 -6.471710000000000518e-01 -6.058000000000000017e-03 6.471810000000000063e-01 -7.623360000000000136e-01 3.359999999999999814e-04
1.500000000000000000e+01 5.800000000000000000e+01 3.100000000000000000e+01 0.000000000000000000e+00 1.600000000000000089e+00 -2.906999999999999862e-03 -9.539999999999999869e-04 9.999949999999999672e-01 -7.645690000000000541e-01 -6.445359999999999978e-01 -2.837000000000000112e-03 6.445349999999999691e-01 -7.645739999999999759e-01 1.144000000000000052e-03
2.300000000000000000e+01 5.800000000000000000e+01 3.100000000000000000e+01 0.000000000000000000e+00 1.600000000000000089e+00 2.909000000000000127e-03 -1.087999999999999991e-03 9.999949999999999672e-01 -7.603210000000000246e-01 -6.495450000000000390e-01 1.505000000000000044e-03 6.495400000000000063e-01 -7.603220000000000534e-01 -2.716999999999999797e-03
2.700000000000000000e+01 5.800000000000000000e+01 3.100000000000000000e+01 0.000000000000000000e+00 1.600000000000000089e+00 2.390999999999999896e-03 -3.499999999999999964e-04 9.999970000000000248e-01 -7.585560000000000080e-01 -6.516060000000000185e-01 1.585999999999999953e-03 6.516030000000000433e-01 -7.585579999999999545e-01 -1.822999999999999968e-03
6.000000000000000000e+00 6.000000000000000000e+00 3.200000000000000000e+01 0.000000000000000000e+00 1.600000000000000089e+00 3.386000000000000121e-03 -1.541999999999999968e-03 -9.999930000000000208e-01 2.053619999999999890e-01 9.786859999999999449e-01 -8.130000000000000291e-04 9.786799999999999944e-01 -2.053570000000000118e-01 3.631000000000000113e-03
1.500000000000000000e+01 6.000000000000000000e+00 3.200000000000000000e+01 0.000000000000000000e+00 1.600000000000000089e+00 -1.776000000000000018e-03 6.030000000000000204e-04 -9.999980000000000535e-01 2.200910000000000089e-01 9.754789999999999850e-01 1.969999999999999909e-04 9.754779999999999562e-01 -2.200900000000000079e-01 -1.866000000000000037e-03
2.300000000000000000e+01 6.000000000000000000e+00 3.200000000000000000e+01 0.000000000000000000e+00 1.600000000000000089e+00 2.073999999999999889e-03 -2.448999999999999788e-03 -9.999949999999999672e-01 2.434979999999999922e-01 9.698999999999999844e-01 -1.869999999999999917e-03 9.698989999999999556e-01 -2.434929999999999872e-01 2.608000000000000075e-03
2.600000000000000000e+01 6.000000000000000000e+00 3.200000000000000000e+01 0.000000000000000000e+00 1.600000000000000089e+00 1.240000000000000000e-03 -1.778000000000000067e-03 -9.999980000000000535e-01 2.421599999999999864e-01 9.702349999999999586e-01 -1.425000000000000051e-03 9.702359999999999873e-01 -2.421580000000000121e-01 1.634000000000000036e-03
2.700000000000000000e+01 2.200000000000000000e+01 3.400000000000000000e+01 0.000000000000000000e+00 1.600000000000000089e+00 7.540000000000000044e-04 1.100000000000000039e-04 1.000000000000000000e+00 3.793759999999999910e-01 -9.252430000000000376e-01 -1.840000000000000001e-04 9.252420000000000089e-01 3.793759999999999910e-01 -7.389999999999999651e-04
9.000000000000000000e+00 4.600000000000000000e+01 3.500000000000000000e+01 0.000000000000000000e+00 1.600000000000000089e+00 2.017999999999999829e-03 -1.129999999999999928e-03 -9.999970000000000248e-01 3.865049999999999875e-01 -9.222860000000000502e-01 1.822999999999999968e-03 -9.222850000000000215e-01 -3.865069999999999895e-01 -1.423999999999999919e-03
1.400000000000000000e+01 4.600000000000000000e+01 3.500000000000000000e+01 0.000000000000000000e+00 1.600000000000000089e+00 6.300000000000000261e-04 -3.976000000000000367e-03 -9.999919999999999920e-01 3.853820000000000023e-01 -9.227490000000000414e-01 3.911000000000000414e-03 -9.227570000000000494e-01 -3.853809999999999736e-01 9.510000000000000224e-04
1.800000000000000000e+01 4.600000000000000000e+01 3.500000000000000000e+01 0.000000000000000000e+00 1.600000000000000089e+00 -4.850000000000000253e-04 1.038000000000000077e-03 -9.999989999999999712e-01 3.857220000000000093e-01 -9.226149999999999629e-01 -1.144999999999999967e-03 -9.226149999999999629e-01 -3.857220000000000093e-01 4.699999999999999724e-05
2.000000000000000000e+01 4.600000000000000000e+01 3.500000000000000000e+01 0.000000000000000000e+00 1.600000000000000089e+00 -2.269999999999999882e-04 -1.990000000000000124e-04 -1.000000000000000000e+00 3.857400000000000273e-01 -9.226069999999999549e-01 9.600000000000000243e-05 -9.226069999999999549e-01 -3.857400000000000273e-01 2.860000000000000129e-04
2.500000000000000000e+01 4.600000000000000000e+01 3.500000000000000000e+01 0.000000000000000000e+00 1.600000000000000089e+00 -1.513999999999999938e-03 5.009000000000000431e-03 -9.999860000000000415e-01 3.856550000000000256e-01 -9.226280000000000037e-01 -5.205000000000000425e-03 -9.226419999999999622e-01 -3.856580000000000008e-01 -5.349999999999999938e-04
2.000000000000000000e+00 9.500000000000000000e+01 3.600000000000000000e+01 0.000000000000000000e+00 1.600000000000000089e+00 4.244999999999999642e-03 6.110499999999999959e-02 9.981219999999999537e-01 9.967549999999999466e-01 7.997999999999999554e-02 -9.135000000000000758e-03 -8.038800000000000112e-02 9.949219999999999731e-01 -6.056700000000000278e-02
7.000000000000000000e+00 9.500000000000000000e+01 3.600000000000000000e+01 0.000000000000000000e+00 1.600000000000000089e+00 1.951999999999999959e-03 2.910599999999999993e-02 9.995739999999999625e-01 9.970299999999999718e-01 7.690600000000000214e-02 -4.185999999999999617e-03 -7.699499999999999400e-02 9.966129999999999711e-01 -2.886899999999999883e-02
1.300000000000000000e+01 9.500000000000000000e+01 3.600000000000000000e+01 0.000000000000000000e+00 1.600000000000000089e+00 2.939999999999999905e-03 -2.180899999999999853e-02 9.997580000000000355e-01 9.965089999999999781e-01 8.348400000000000265e-02 -1.108999999999999960e-03 -8.343899999999999928e-02 9.962699999999999889e-01 2.197800000000000101e-02
1.700000000000000000e+01 9.500000000000000000e+01 3.600000000000000000e+01 0.000000000000000000e+00 1.600000000000000089e+00 6.520000000000000188e-04 -1.125699999999999965e-02 9.999360000000000470e-01 9.960130000000000372e-01 8.920300000000000451e-02 3.550000000000000096e-04 -8.920100000000000251e-02 9.959500000000000020e-01 1.127000000000000050e-02
2.200000000000000000e+01 9.500000000000000000e+01 3.600000000000000000e+01 0.000000000000000000e+00 1.600000000000000089e+00 2.105000000000000100e-03 6.790000000000000029e-03 9.999749999999999472e-01 9.962060000000000359e-01 8.698000000000000176e-02 -2.687999999999999851e-03 -8.699600000000000388e-02 9.961870000000000447e-01 -6.581000000000000044e-03
2.600000000000000000e+01 9.500000000000000000e+01 3.600000000000000000e+01 0.000000000000000000e+00 1.600000000000000089e+00 -4.863000000000000135e-03 2.988000000000000204e-03 9.999839999999999840e-01 9.961799999999999544e-01 8.719899999999999873e-02 4.584000000000000401e-03 -8.718399999999999761e-02 9.961860000000000159e-01 -3.399999999999999811e-03
2.900000000000000000e+01 9.500000000000000000e+01 3.600000000000000000e+01 0.000000000000000000e+00 1.600000000000000089e+00 -3.971999999999999836e-03 2.939000000000000206e-03 9.999879999999999880e-01 9.963300000000000489e-01 8.551899999999999780e-02 3.706000000000000093e-03 -8.550699999999999967e-02 9.963319999999999954e-01 -3.268000000000000071e-03
1.100000000000000000e+01 3.000000000000000000e+00 4.300000000000000000e+01 0.000000000000000000e+00 1.600000000000000089e+00 7.668999999999999602e-03 3.709599999999999703e-02 -9.992820000000000036e-01 7.425230000000000441e-01 -6.695459999999999745e-01 -1.915700000000000042e-02 -6.697760000000000380e-01 -7.418430000000000302e-01 -3.268000000000000071e-02
1.500000000000000000e+01 3.000000000000000000e+00 4.300000000000000000e+01 0.000000000000000000e+00 1.600000000000000089e+00 8.776000000000000814e-03 4.731099999999999889e-02 -9.988420000000000076e-01 7.405030000000000223e-01 -6.715769999999999795e-01 -2.530299999999999910e-02 -6.719960000000000377e-01 -7.394230000000000524e-01 -4.092799999999999910e-02
2.000000000000000000e+01 3.000000000000000000e+00 4.300000000000000000e+01 0.000000000000000000e+00 1.600000000000000089e+00 4.082999999999999824e-03 4.005600000000000133e-02 -9.991889999999999938e-01 7.354129999999999834e-01 -6.771890000000000409e-01 -2.414300000000000126e-02 -6.776069999999999593e-01 -7.347179999999999822e-01 -3.222200000000000064e-02
2.500000000000000000e+01 3.000000000000000000e+00 4.300000000000000000e+01 0.000000000000000000e+00 1.600000000000000089e+00 1.554999999999999959e-03 6.138000000000000227e-03 -9.999799999999999800e-01 7.374030000000000307e-01 -6.754470000000000196e-01 -2.998999999999999930e-03 -6.754520000000000524e-01 -7.373830000000000107e-01 -5.576000000000000227e-03
4.000000000000000000e+00 8.000000000000000000e+00 4.400000000000000000e+01 0.000000000000000000e+00 1.600000000000000089e+00 -1.237000000000000035e-03 -2.680000000000000090e-04 9.999989999999999712e-01 -7.630169999999999453e-01 -6.463780000000000081e-01 -1.118000000000000070e-03 6.463780000000000081e-01 -7.630169999999999453e-01 5.950000000000000427e-04
1.000000000000000000e+01 8.000000000000000000e+00 4.400000000000000000e+01 0.000000000000000000e+00 1.600000000000000089e+00 1.060000000000000016e-04 7.479000000000000405e-03 9.999719999999999720e-01 -7.705910000000000259e-01 -6.373109999999999609e-01 4.849000000000000012e-03 6.373299999999999521e-01 -7.705699999999999772e-01 5.695999999999999674e-03
2.200000000000000000e+01 8.000000000000000000e+00 4.400000000000000000e+01 0.000000000000000000e+00 1.600000000000000089e+00 3.034999999999999937e-03 1.145299999999999964e-02 9.999299999999999855e-01 -7.717140000000000111e-01 -6.358970000000000455e-01 9.625999999999999140e-03 6.359629999999999450e-01 -7.716889999999999583e-01 6.908000000000000078e-03
2.600000000000000000e+01 8.000000000000000000e+00 4.400000000000000000e+01 0.000000000000000000e+00 1.600000000000000089e+00 1.449999999999999900e-03 5.431000000000000064e-03 9.999839999999999840e-01 -7.726720000000000255e-01 -6.347890000000000477e-01 4.568000000000000012e-03 6.348040000000000349e-01 -7.726659999999999640e-01 3.275000000000000133e-03
1.000000000000000000e+00 2.900000000000000000e+01 4.400000000000000000e+01 0.000000000000000000e+00 1.600000000000000089e+00 1.605000000000000090e-03 -2.599999999999999840e-05 -9.999989999999999712e-01 6.714609999999999745e-01 7.410400000000000320e-01 1.057999999999999913e-03 7.410390000000000033e-01 -6.714609999999999745e-01 1.206999999999999957e-03
5.000000000000000000e+00 2.900000000000000000e+01 4.400000000000000000e+01 0.000000000000000000e+00 1.600000000000000089e+00 1.350000000000000071e-03 2.128000000000000117e-03 -9.999970000000000248e-01 6.775489999999999569e-01 7.354730000000000434e-01 2.478999999999999867e-03 7.354760000000000186e-01 -6.775499999999999856e-01 -4.490000000000000176e-04
1.000000000000000000e+01 2.900000000000000000e+01 4.400000000000000000e+01 0.000000000000000000e+00 1.600000000000000089e+00 1.397999999999999937e-03 -2.279000000000000210e-03 -9.999959999999999960e-01 6.831939999999999680e-01 7.302359999999999962e-01 -7.089999999999999948e-04 7.302349999999999675e-01 -6.831909999999999927e-01 2.577999999999999996e-03
1.900000000000000000e+01 2.900000000000000000e+01 4.400000000000000000e+01 0.000000000000000000e+00 1.600000000000000089e+00 9.899999999999999404e-05 2.240999999999999936e-03 -9.999970000000000248e-01 6.725740000000000052e-01 7.400280000000000191e-01 1.724999999999999971e-03 7.400299999999999656e-01 -6.725729999999999764e-01 -1.433999999999999945e-03
2.600000000000000000e+01 2.900000000000000000e+01 4.400000000000000000e+01 0.000000000000000000e+00 1.600000000000000089e+00 -6.710000000000000469e-04 2.158000000000000196e-03 -9.999970000000000248e-01 6.568239999999999634e-01 7.540430000000000188e-01 1.185999999999999988e-03 7.540440000000000476e-01 -6.568220000000000169e-01 -1.923000000000000013e-03
2.900000000000000000e+01 2.900000000000000000e+01 4.400000000000000000e+01 0.000000000000000000e+00 1.600000000000000089e+00 -3.730000000000000134e-04 -1.626000000000000058e-03 -9.999989999999999712e-01 6.548370000000000024e-01 7.557690000000000241e-01 -1.472999999999999917e-03 7.557700000000000529e-01 -6.548359999999999737e-01 7.829999999999999504e-04
1.800000000000000000e+01 5.400000000000000000e+01 4.600000000000000000e+01 0.000000000000000000e+00 1.600000000000000089e+00 3.259999999999999877e-03 4.920000000000000328e-04 9.999949999999999672e-01 3.209299999999999931e-01 -9.471030000000000282e-01 -5.800000000000000034e-04 9.470969999999999667e-01 3.209299999999999931e-01 -3.245000000000000055e-03
2.500000000000000000e+01 5.400000000000000000e+01 4.600000000000000000e+01 0.000000000000000000e+00 1.600000000000000089e+00 8.989999999999999511e-04 -3.322999999999999999e-03 9.999940000000000495e-01 3.565280000000000116e-01 -9.342780000000000529e-01 -3.425000000000000093e-03 9.342840000000000034e-01 3.565289999999999848e-01 3.449999999999999833e-04
3.000000000000000000e+00 6.500000000000000000e+01 4.600000000000000000e+01 0.000000000000000000e+00 1.600000000000000089e+00 4.067999999999999568e-03 -2.935999999999999808e-03 9.999869999999999592e-01 6.822120000000000406e-01 -7.311379999999999546e-01 -4.922000000000000160e-03 7.311429999999999874e-01 6.822240000000000526e-01 -9.709999999999999664e-04
1.200000000000000000e+01 6.500000000000000000e+01 4.600000000000000000e+01 0.000000000000000000e+00 1.600000000000000089e+00 1.955999999999999839e-03 -1.219999999999999974e-04 9.999980000000000535e-01 6.808300000000000463e-01 -7.324410000000000087e-01 -1.420999999999999954e-03 7.324389999999999512e-01 6.808309999999999640e-01 -1.350000000000000071e-03
2.700000000000000000e+01 6.500000000000000000e+01 4.600000000000000000e+01 0.000000000000000000e+00 1.600000000000000089e+00 -3.510000000000000099e-03 4.093000000000000284e-03 9.999850000000000128e-01 6.812559999999999727e-01 -7.320259999999999545e-01 5.387000000000000295e-03 7.320370000000000488e-01 6.812650000000000095e-01 -2.190000000000000106e-04
3.000000000000000000e+00 7.000000000000000000e+01 4.700000000000000000e+01 0.000000000000000000e+00 1.600000000000000089e+00 -2.750999999999999973e-03 -3.039000000000000035e-03 -9.999919999999999920e-01 -8.414509999999999490e-01 -5.403189999999999937e-01 3.956000000000000315e-03 -5.403259999999999730e-01 8.414549999999999530e-01 -1.070999999999999903e-03
2.200000000000000000e+01 5.000000000000000000e+00 5.100000000000000000e+01 0.000000000000000000e+00 1.600000000000000089e+00 3.376999999999999794e-03 1.114599999999999966e-02 -9.999320000000000430e-01 4.901780000000000026e-01 -8.715850000000000541e-01 -8.059999999999999457e-03 -8.716159999999999464e-01 -4.901170000000000249e-01 -8.406999999999999543e-03
8.000000000000000000e+00 1.150000000000000000e+02 5.100000000000000000e+01 0.000000000000000000e+00 1.600000000000000089e+00 -2.403000000000000188e-03 -6.485000000000000313e-03 9.999759999999999760e-01 8.420760000000000467e-01 -5.393580000000000041e-01 -1.474999999999999966e-03 5.393540000000000001e-01 8.420520000000000227e-01 6.756999999999999985e-03
1.000000000000000000e+00 6.300000000000000000e+01 5.400000000000000000e+01 0.000000000000000000e+00 1.600000000000000089e+00 -1.652000000000000040e-03 -1.322999999999999957e-03 9.999980000000000535e-01 -3.553339999999999832e-01 9.347389999999999866e-01 6.499999999999999702e-04 -9.347379999999999578e-01 -3.553319999999999812e-01 -2.014000000000000165e-03
4.000000000000000000e+00 6.300000000000000000e+01 5.400000000000000000e+01 0.000000000000000000e+00 1.600000000000000089e+00 4.100000000000000047e-05 -6.579999999999999478e-04 1.000000000000000000e+00 -3.556190000000000184e-01 9.346309999999999896e-01 6.290000000000000018e-04 -9.346309999999999896e-01 -3.556190000000000184e-01 -1.959999999999999937e-04
9.000000000000000000e+00 6.300000000000000000e+01 5.400000000000000000e+01 0.000000000000000000e+00 1.600000000000000089e+00 -1.550000000000000000e-04 2.011000000000000201e-03 9.999980000000000535e-01 -3.543479999999999963e-01 9.351120000000000543e-01 -1.936000000000000004e-03 -9.351129999999999720e-01 -3.543479999999999963e-01 5.680000000000000370e-04
1.600000000000000000e+01 6.300000000000000000e+01 5.400000000000000000e+01 0.000000000000000000e+00 1.600000000000000089e+00 2.900000000000000017e-05 2.520000000000000104e-03 9.999970000000000248e-01 -3.468470000000000164e-01 9.379189999999999472e-01 -2.354000000000000190e-03 -9.379220000000000335e-01 -3.468459999999999877e-01 9.020000000000000240e-04
2.100000000000000000e+01 6.300000000000000000e+01 5.400000000000000000e+01 0.000000000000000000e+00 1.600000000000000089e+00 -1.360000000000000098e-03 -2.649999999999999903e-04 9.999989999999999712e-01 -3.420619999999999772e-01 9.396769999999999845e-01 -2.159999999999999919e-04 -9.396759999999999557e-01 -3.420619999999999772e-01 -1.368000000000000075e-03
2.600000000000000000e+01 6.300000000000000000e+01 5.400000000000000000e+01 0.000000000000000000e+00 1.600000000000000089e+00 5.079999999999999880e-04 -7.640000000000000306e-04 1.000000000000000000e+00 -3.435280000000000000e-01 9.391420000000000323e-01 8.919999999999999978e-04 -9.391420000000000323e-01 -3.435280000000000000e-01 2.139999999999999975e-04
3.000000000000000000e+00 2.500000000000000000e+01 5.500000000000000000e+01 0.000000000000000000e+00 1.600000000000000089e+00 6.310000000000000504e-04 -1.430000000000000064e-03 -9.999989999999999712e-01 -1.072099999999999963e-02 -9.999419999999999975e-01 1.423000000000000003e-03 -9.999419999999999975e-01 1.072000000000000036e-02 -6.459999999999999814e-04
8.000000000000000000e+00 2.500000000000000000e+01 5.500000000000000000e+01 0.000000000000000000e+00 1.600000000000000089e+00 1.660000000000000017e-03 2.135999999999999878e-03 -9.999959999999999960e-01 -8.847999999999999962e-03 -9.999590000000000423e-01 -2.150000000000000001e-03 -9.999590000000000423e-01 8.850999999999999493e-03 -1.641000000000000097e-03
2.000000000000000000e+01 2.500000000000000000e+01 5.500000000000000000e+01 0.000000000000000000e+00 1.600000000000000089e+00 -1.105000000000000079e-03 -2.681999999999999922e-03 -9.999959999999999960e-01 -9.525999999999999746e-03 -9.999510000000000343e-01 2.691999999999999948e-03 -9.999540000000000095e-01 9.528999999999999276e-03 1.079000000000000098e-03
2.300000000000000000e+01 2.500000000000000000e+01 5.500000000000000000e+01 0.000000000000000000e+00 1.600000000000000089e+00 -3.060000000000000111e-04 7.050000000000000060e-04 -1.000000000000000000e+00 -9.811999999999999542e-03 -9.999519999999999520e-01 -7.020000000000000415e-04 -9.999519999999999520e-01 9.811999999999999542e-03 3.130000000000000187e-04
2.800000000000000000e+01 2.500000000000000000e+01 5.500000000000000000e+01 0.000000000000000000e+00 1.600000000000000089e+00 1.219000000000000031e-03 8.949999999999999623e-04 -9.999989999999999712e-01 -9.957999999999999838e-03 -9.999500000000000055e-01 -9.070000000000000371e-04 -9.999500000000000055e-01 9.959000000000000838e-03 -1.209999999999999921e-03
4.000000000000000000e+00 7.000000000000000000e+00 6.000000000000000000e+01 0.000000000000000000e+00 1.600000000000000089e+00 1.056000000000000081e-03 1.679200000000000137e-02 9.998580000000000245e-01 5.713110000000000133e-01 -8.206280000000000241e-01 1.317899999999999974e-02 8.207330000000000458e-01 5.712159999999999460e-01 -1.046000000000000055e-02
1.200000000000000000e+01 7.000000000000000000e+00 6.000000000000000000e+01 0.000000000000000000e+00 1.600000000000000089e+00 -2.301999999999999793e-03 -1.054800000000000008e-02 9.999419999999999975e-01 5.695360000000000422e-01 -8.219330000000000247e-01 -7.359000000000000090e-03 8.219629999999999992e-01 5.694860000000000477e-01 7.898999999999999772e-03
2.700000000000000000e+01 7.000000000000000000e+00 6.000000000000000000e+01 0.000000000000000000e+00 1.600000000000000089e+00 1.021999999999999905e-03 6.854999999999999982e-03 9.999759999999999760e-01 5.664379999999999971e-01 -8.240889999999999604e-01 5.070999999999999987e-03 8.241039999999999477e-01 5.664190000000000058e-01 -4.725000000000000033e-03
9.000000000000000000e+00 2.100000000000000000e+01 6.000000000000000000e+01 0.000000000000000000e+00 1.600000000000000089e+00 9.970000000000000563e-04 8.323999999999999802e-03 9.999649999999999928e-01 -9.472200000000000064e-02 9.954699999999999660e-01 -8.191999999999999629e-03 -9.955030000000000268e-01 -9.471100000000000352e-02 1.781000000000000031e-03
1.200000000000000000e+01 2.100000000000000000e+01 6.000000000000000000e+01 0.000000000000000000e+00 1.600000000000000089e+00 2.503000000000000017e-03 2.075000000000000022e-03 9.999949999999999672e-01 -9.478300000000000614e-02 9.954960000000000475e-01 -1.827999999999999981e-03 -9.954950000000000188e-01 -9.477800000000000114e-02 2.687999999999999851e-03
1.600000000000000000e+01 2.100000000000000000e+01 6.000000000000000000e+01 0.000000000000000000e+00 1.600000000000000089e+00 2.811999999999999830e-03 2.945999999999999834e-03 9.999919999999999920e-01 -9.590400000000000313e-02 9.953870000000000218e-01 -2.663000000000000003e-03 -9.953870000000000218e-01 -9.589599999999999513e-02 3.082000000000000104e-03
