4.000000000000000000e+00 2.500000000000000000e+01 1.000000000000000000e+00 0.000000000000000000e+00 1.600000000000000089e+00 1.954000000000000008e-03 2.927700000000000094e-02 -9.995690000000000408e-01 -5.307680000000000176e-01 -8.471229999999999594e-01 -2.584900000000000045e-02 -8.475150000000000183e-01 5.305900000000000061e-01 1.388400000000000051e-02
2.000000000000000000e+01 2.500000000000000000e+01 1.000000000000000000e+00 0.000000000000000000e+00 1.600000000000000089e+00 1.075000000000000001e-03 -1.123999999999999999e-03 -9.999989999999999712e-01 -5.272860000000000325e-01 -8.496879999999999988e-01 3.879999999999999985e-04 -8.496869999999999701e-01 5.272850000000000037e-01 -1.505999999999999960e-03
3.000000000000000000e+00 1.500000000000000000e+01 4.000000000000000000e+00 0.000000000000000000e+00 1.600000000000000089e+00 7.360000000000000006e-04 4.479999999999999608e-03 9.999900000000000455e-01 3.224420000000000064e-01 -9.465810000000000057e-01 4.002999999999999614e-03 9.465890000000000137e-01 3.224360000000000004e-01 -2.141000000000000108e-03
7.000000000000000000e+00 1.500000000000000000e+01 4.000000000000000000e+00 0.000000000000000000e+00 1.600000000000000089e+00 4.547999999999999959e-03 9.313000000000000098e-03 9.999460000000000015e-01 3.247860000000000191e-01 -9.457590000000000163e-01 7.330999999999999843e-03 9.457769999999999788e-01 3.247349999999999959e-01 -7.326000000000000047e-03
1.500000000000000000e+01 1.500000000000000000e+01 4.000000000000000000e+00 0.000000000000000000e+00 1.600000000000000089e+00 -1.000999999999999937e-03 4.375999999999999682e-03 9.999900000000000455e-01 3.279110000000000080e-01 -9.446980000000000377e-01 4.461999999999999821e-03 9.447079999999999922e-01 3.279119999999999813e-01 -4.899999999999999842e-04
2.100000000000000000e+01 1.500000000000000000e+01 4.000000000000000000e+00 0.000000000000000000e+00 1.600000000000000089e+00 6.269999999999999532e-04 1.100000000000000039e-04 1.000000000000000000e+00 3.283079999999999887e-01 -9.445710000000000495e-01 -1.019999999999999992e-04 9.445710000000000495e-01 3.283079999999999887e-01 -6.290000000000000018e-04
2.400000000000000000e+01 1.500000000000000000e+01 4.000000000000000000e+00 0.000000000000000000e+00 1.600000000000000089e+00 -6.350000000000000392e-04 3.393000000000000183e-03 9.999940000000000495e-01 3.287240000000000162e-01 -9.444200000000000372e-01 3.412999999999999801e-03 9.444259999999999877e-01 3.287249999999999894e-01 -5.159999999999999656e-04
8.000000000000000000e+00 1.010000000000000000e+02 7.000000000000000000e+00 0.000000000000000000e+00 1.600000000000000089e+00 -2.074200000000000002e-02 4.550099999999999978e-02 9.987489999999999979e-01 8.763079999999999758e-01 4.817379999999999995e-01 -3.748000000000000029e-03 -4.813049999999999828e-01 8.751330000000000497e-01 -4.986499999999999960e-02
1.700000000000000000e+01 1.010000000000000000e+02 7.000000000000000000e+00 0.000000000000000000e+00 1.600000000000000089e+00 2.497600000000000167e-02 -6.767900000000000305e-02 9.973940000000000028e-01 8.806610000000000271e-01 4.736389999999999767e-01 1.008700000000000048e-02 -4.730880000000000085e-01 8.781149999999999789e-01 7.143199999999999550e-02
2.000000000000000000e+00 2.500000000000000000e+01 8.000000000000000000e+00 0.000000000000000000e+00 1.600000000000000089e+00 2.033999999999999784e-03 1.971000000000000096e-03 -9.999959999999999960e-01 4.509639999999999760e-01 8.925380000000000535e-01 2.675999999999999993e-03 8.925400000000000000e-01 -4.509679999999999800e-01 9.269999999999999811e-04
8.000000000000000000e+00 2.500000000000000000e+01 8.000000000000000000e+00 0.000000000000000000e+00 1.600000000000000089e+00 -9.000000000000000567e-05 6.805000000000000285e-03 -9.999770000000000048e-01 4.524639999999999773e-01 8.917620000000000546e-01 6.028000000000000372e-03 8.917829999999999924e-01 -4.524529999999999941e-01 -3.158999999999999916e-03
1.300000000000000000e+01 2.500000000000000000e+01 8.000000000000000000e+00 0.000000000000000000e+00 1.600000000000000089e+00 1.800000000000000046e-05 -3.069000000000000113e-03 -9.999949999999999672e-01 4.519469999999999876e-01 8.920409999999999728e-01 -2.729999999999999788e-03 8.920449999999999768e-01 -4.519440000000000124e-01 1.402999999999999950e-03
1.600000000000000000e+01 2.500000000000000000e+01 8.000000000000000000e+00 0.000000000000000000e+00 1.600000000000000089e+00 -2.820000000000000241e-04 -3.377999999999999926e-03 -9.999940000000000495e-01 4.530710000000000015e-01 8.914689999999999559e-01 -3.138999999999999863e-03 8.914739999999999887e-01 -4.530689999999999995e-01 1.278999999999999972e-03
1.900000000000000000e+01 2.500000000000000000e+01 8.000000000000000000e+00 0.000000000000000000e+00 1.600000000000000089e+00 -5.569999999999999864e-04 -3.753999999999999958e-03 -9.999930000000000208e-01 4.532939999999999747e-01 8.913539999999999797e-01 -3.598000000000000070e-03 8.913609999999999589e-01 -4.532930000000000015e-01 1.204999999999999908e-03
2.800000000000000000e+01 2.500000000000000000e+01 8.000000000000000000e+00 0.000000000000000000e+00 1.600000000000000089e+00 -1.250000000000000026e-04 1.103999999999999947e-03 -9.999989999999999712e-01 4.524159999999999848e-01 8.918070000000000164e-01 9.280000000000000054e-04 8.918070000000000164e-01 -4.524150000000000116e-01 -6.109999999999999980e-04
2.000000000000000000e+00 2.400000000000000000e+01 9.000000000000000000e+00 0.000000000000000000e+00 1.600000000000000089e+00 7.219999999999999855e-04 5.988000000000000267e-03 -9.999820000000000375e-01 4.533849999999999825e-01 8.912970000000000059e-01 5.663999999999999764e-03 8.913149999999999684e-01 -4.533809999999999785e-01 -2.072000000000000057e-03
9.000000000000000000e+00 2.400000000000000000e+01 9.000000000000000000e+00 0.000000000000000000e+00 1.600000000000000089e+00 6.700000000000000226e-05 4.826999999999999694e-03 -9.999879999999999880e-01 4.547689999999999788e-01 8.905990000000000295e-01 4.329000000000000382e-03 8.906089999999999840e-01 -4.547640000000000016e-01 -2.135000000000000179e-03
1.300000000000000000e+01 2.400000000000000000e+01 9.000000000000000000e+00 0.000000000000000000e+00 1.600000000000000089e+00 -1.069999999999999988e-04 -4.209000000000000068e-03 -9.999909999999999632e-01 4.542479999999999851e-01 8.908669999999999645e-01 -3.798999999999999860e-03 8.908749999999999725e-01 -4.542450000000000099e-01 1.817000000000000039e-03
1.600000000000000000e+01 2.400000000000000000e+01 9.000000000000000000e+00 0.000000000000000000e+00 1.600000000000000089e+00 -4.889999999999999599e-04 -3.408000000000000005e-03 -9.999940000000000495e-01 4.550509999999999833e-01 8.904600000000000293e-01 -3.256999999999999913e-03 8.904649999999999510e-01 -4.550500000000000100e-01 1.115000000000000106e-03
2.000000000000000000e+01 2.400000000000000000e+01 9.000000000000000000e+00 0.000000000000000000e+00 1.600000000000000089e+00 -7.029999999999999574e-04 -3.883999999999999866e-03 -9.999919999999999920e-01 4.559099999999999819e-01 8.900179999999999758e-01 -3.776999999999999975e-03 8.900259999999999838e-01 -4.559090000000000087e-01 1.144999999999999967e-03
2.700000000000000000e+01 2.400000000000000000e+01 9.000000000000000000e+00 0.000000000000000000e+00 1.600000000000000089e+00 -8.840000000000000201e-04 2.458999999999999814e-03 -9.999970000000000248e-01 4.569570000000000021e-01 8.894870000000000276e-01 1.783000000000000080e-03 8.894879999999999454e-01 -4.569540000000000268e-01 -1.910000000000000022e-03
6.000000000000000000e+00 1.200000000000000000e+01 1.000000000000000000e+01 0.000000000000000000e+00 1.600000000000000089e+00 1.827999999999999981e-03 6.004999999999999921e-03 -9.999799999999999800e-01 -5.534369999999999568e-01 -8.328689999999999705e-01 -6.013000000000000116e-03 -8.328889999999999905e-01 5.534369999999999568e-01 1.801000000000000083e-03
5.000000000000000000e+00 4.000000000000000000e+00 1.100000000000000000e+01 0.000000000000000000e+00 1.600000000000000089e+00 1.832200000000000148e-02 -1.270840000000000025e-01 -9.917230000000000212e-01 1.293749999999999900e-01 9.838519999999999488e-01 -1.236850000000000033e-01 9.914260000000000295e-01 -1.260380000000000111e-01 3.446799999999999864e-02
1.300000000000000000e+01 4.000000000000000000e+00 1.100000000000000000e+01 0.000000000000000000e+00 1.600000000000000089e+00 3.339600000000000207e-02 -2.200479999999999936e-01 -9.749170000000000336e-01 1.241889999999999938e-01 9.688149999999999817e-01 -2.144159999999999955e-01 9.916960000000000219e-01 -1.139130000000000004e-01 5.968199999999999894e-02
2.000000000000000000e+00 3.100000000000000000e+01 1.200000000000000000e+01 0.000000000000000000e+00 1.600000000000000089e+00 -6.968000000000000235e-03 -3.826800000000000340e-02 9.992429999999999923e-01 -1.750600000000000073e-02 9.991189999999999793e-01 3.814100000000000129e-02 -9.998219999999999885e-01 -1.722699999999999926e-02 -7.631999999999999895e-03
7.000000000000000000e+00 3.100000000000000000e+01 1.200000000000000000e+01 0.000000000000000000e+00 1.600000000000000089e+00 -3.669999999999999760e-04 -1.823899999999999827e-02 9.998340000000000005e-01 -2.600500000000000034e-02 9.994960000000000511e-01 1.822400000000000062e-02 -9.996620000000000505e-01 -2.599399999999999974e-02 -8.409999999999999507e-04
1.400000000000000000e+01 3.100000000000000000e+01 1.200000000000000000e+01 0.000000000000000000e+00 1.600000000000000089e+00 1.067999999999999939e-03 9.717999999999999208e-03 9.999519999999999520e-01 -1.948599999999999985e-02 9.997629999999999573e-01 -9.695000000000000492e-03 -9.998099999999999765e-01 -1.947499999999999926e-02 1.257000000000000088e-03
2.300000000000000000e+01 3.100000000000000000e+01 1.200000000000000000e+01 0.000000000000000000e+00 1.600000000000000089e+00 2.609000000000000208e-03 5.558999999999999705e-03 9.999810000000000088e-01 -7.207999999999999997e-03 9.999590000000000423e-01 -5.539999999999999786e-03 -9.999710000000000543e-01 -7.192999999999999741e-03 2.648999999999999879e-03
2.600000000000000000e+01 3.100000000000000000e+01 1.200000000000000000e+01 0.000000000000000000e+00 1.600000000000000089e+00 1.634000000000000036e-03 -6.483000000000000047e-03 9.999780000000000335e-01 -7.223000000000000254e-03 9.999529999999999808e-01 6.494999999999999905e-03 -9.999730000000000008e-01 -7.233999999999999979e-03 1.587000000000000086e-03
1.800000000000000000e+01 3.500000000000000000e+01 1.200000000000000000e+01 0.000000000000000000e+00 1.600000000000000089e+00 1.052499999999999963e-02 -1.248699999999999984e-02 -9.998669999999999503e-01 4.849649999999999794e-01 -8.743870000000000253e-01 1.602500000000000105e-02 -8.744699999999999696e-01 -4.850689999999999724e-01 -3.147000000000000058e-03
2.300000000000000000e+01 3.500000000000000000e+01 1.200000000000000000e+01 0.000000000000000000e+00 1.600000000000000089e+00 5.661000000000000233e-03 -1.489000000000000089e-03 -9.999829999999999552e-01 5.124119999999999786e-01 -8.587289999999999646e-01 4.179000000000000423e-03 -8.587209999999999566e-01 -5.124269999999999659e-01 -4.099000000000000213e-03
2.800000000000000000e+01 3.500000000000000000e+01 1.200000000000000000e+01 0.000000000000000000e+00 1.600000000000000089e+00 -4.637999999999999762e-03 1.044000000000000006e-03 -9.999890000000000168e-01 5.029289999999999594e-01 -8.643210000000000059e-01 -3.235000000000000028e-03 -8.643150000000000555e-01 -5.029390000000000249e-01 3.484000000000000118e-03
1.700000000000000000e+01 1.200000000000000000e+01 1.500000000000000000e+01 0.000000000000000000e+00 1.600000000000000089e+00 1.440199999999999987e-02 -2.497900000000000120e-02 -9.995840000000000281e-01 -4.934649999999999870e-01 -8.696430000000000549e-01 1.462199999999999958e-02 -8.696460000000000301e-01 4.930490000000000150e-01 -2.485000000000000056e-02
2.600000000000000000e+01 1.200000000000000000e+01 1.500000000000000000e+01 0.000000000000000000e+00 1.600000000000000089e+00 -8.170000000000000179e-04 -1.289200000000000068e-02 -9.999169999999999447e-01 -4.772040000000000171e-01 -8.787139999999999951e-01 1.171900000000000025e-02 -8.787920000000000176e-01 4.771739999999999871e-01 -5.434999999999999727e-03
1.000000000000000000e+00 4.000000000000000000e+00 2.000000000000000000e+01 0.000000000000000000e+00 1.600000000000000089e+00 1.817099999999999965e-02 1.208599999999999952e-02 -9.997620000000000395e-01 1.980369999999999908e-01 -9.801600000000000312e-01 -8.250000000000000389e-03 -9.800259999999999527e-01 -1.978399999999999881e-01 -2.020399999999999974e-02
9.000000000000000000e+00 4.000000000000000000e+00 2.000000000000000000e+01 0.000000000000000000e+00 1.600000000000000089e+00 -1.243599999999999914e-02 3.679000000000000326e-02 -9.992459999999999676e-01 2.456250000000000100e-01 -9.685909999999999798e-01 -3.871900000000000341e-02 -9.692849999999999522e-01 -2.459220000000000017e-01 3.008999999999999956e-03
1.600000000000000000e+01 4.000000000000000000e+00 2.000000000000000000e+01 0.000000000000000000e+00 1.600000000000000089e+00 -6.099000000000000254e-03 9.809000000000000011e-03 -9.999329999999999607e-01 2.403160000000000018e-01 -9.706320000000000503e-01 -1.098700000000000024e-02 -9.706749999999999545e-01 -2.403669999999999973e-01 3.562000000000000062e-03
2.300000000000000000e+01 4.000000000000000000e+00 2.000000000000000000e+01 0.000000000000000000e+00 1.600000000000000089e+00 5.389999999999999826e-03 -1.734199999999999978e-02 -9.998350000000000293e-01 1.791739999999999999e-01 -9.836519999999999708e-01 1.802700000000000136e-02 -9.838029999999999831e-01 -1.792410000000000114e-01 -2.194999999999999903e-03
1.000000000000000000e+00 1.300000000000000000e+01 2.000000000000000000e+01 0.000000000000000000e+00 1.600000000000000089e+00 -2.668999999999999932e-03 -4.677999999999999867e-03 9.999860000000000415e-01 2.470289999999999986e-01 9.689940000000000220e-01 5.192999999999999700e-03 -9.690039999999999765e-01 2.470390000000000086e-01 -1.430999999999999980e-03
7.000000000000000000e+00 1.300000000000000000e+01 2.000000000000000000e+01 0.000000000000000000e+00 1.600000000000000089e+00 -9.251000000000000542e-03 -2.338499999999999954e-02 9.996840000000000170e-01 2.558840000000000003e-01 9.663850000000000495e-01 2.497399999999999967e-02 -9.666630000000000500e-01 2.560339999999999838e-01 -2.955999999999999860e-03
1.000000000000000000e+01 1.300000000000000000e+01 2.000000000000000000e+01 0.000000000000000000e+00 1.600000000000000089e+00 -2.676600000000000160e-02 -6.175200000000000133e-02 9.977329999999999810e-01 2.779889999999999861e-01 9.582610000000000294e-01 6.676700000000000690e-02 -9.602110000000000367e-01 2.791460000000000052e-01 -8.481999999999999956e-03
2.600000000000000000e+01 1.300000000000000000e+01 2.000000000000000000e+01 0.000000000000000000e+00 1.600000000000000089e+00 2.998599999999999877e-02 8.884100000000000330e-02 9.955939999999999790e-01 2.629859999999999975e-01 9.602479999999999905e-01 -9.360699999999999577e-02 -9.643340000000000245e-01 2.646339999999999804e-01 5.429999999999999931e-03
1.100000000000000000e+01 1.400000000000000000e+01 2.000000000000000000e+01 0.000000000000000000e+00 1.600000000000000089e+00 -2.695600000000000079e-02 -7.838499999999999635e-02 9.965589999999999726e-01 2.609949999999999770e-01 9.617900000000000338e-01 8.271000000000000574e-02 -9.649640000000000439e-01 2.623269999999999769e-01 -5.467999999999999770e-03
2.000000000000000000e+01 1.400000000000000000e+01 2.000000000000000000e+01 0.000000000000000000e+00 1.600000000000000089e+00 7.034000000000000322e-03 -1.234200000000000054e-02 9.998989999999999823e-01 2.718579999999999885e-01 9.622859999999999747e-01 9.964999999999999900e-03 -9.623119999999999452e-01 2.717609999999999748e-01 1.012399999999999932e-02
7.000000000000000000e+00 1.600000000000000000e+01 2.100000000000000000e+01 0.000000000000000000e+00 1.600000000000000089e+00 -4.408999999999999725e-03 -1.330699999999999938e-02 9.999019999999999575e-01 3.003170000000000006e-01 9.537360000000000282e-01 1.401699999999999995e-02 -9.538290000000000379e-01 3.003500000000000059e-01 -2.079999999999999872e-04
1.300000000000000000e+01 1.600000000000000000e+01 2.100000000000000000e+01 0.000000000000000000e+00 1.600000000000000089e+00 -2.629599999999999993e-02 -1.108549999999999952e-01 9.934889999999999555e-01 3.326270000000000060e-01 9.362310000000000354e-01 1.132699999999999957e-01 -9.426919999999999744e-01 3.334389999999999854e-01 1.225399999999999927e-02
2.100000000000000000e+01 1.600000000000000000e+01 2.100000000000000000e+01 0.000000000000000000e+00 1.600000000000000089e+00 1.302599999999999938e-02 3.193000000000000092e-03 9.999099999999999655e-01 3.367800000000000238e-01 9.415540000000000020e-01 -7.394000000000000399e-03 -9.414930000000000243e-01 3.368459999999999788e-01 1.118899999999999929e-02
2.800000000000000000e+01 1.600000000000000000e+01 2.100000000000000000e+01 0.000000000000000000e+00 1.600000000000000089e+00 1.376100000000000066e-02 4.329600000000000115e-02 9.989679999999999671e-01 3.043259999999999854e-01 9.514839999999999964e-01 -4.542999999999999816e-02 -9.524690000000000101e-01 3.046369999999999911e-01 -8.299999999999999815e-05
1.000000000000000000e+00 4.600000000000000000e+01 2.700000000000000000e+01 0.000000000000000000e+00 1.600000000000000089e+00 -1.694999999999999892e-03 -1.664699999999999860e-02 -9.998599999999999710e-01 6.773519999999999541e-01 7.355369999999999964e-01 -1.339500000000000066e-02 7.356570000000000054e-01 -6.772799999999999931e-01 1.002899999999999972e-02
2.300000000000000000e+01 4.600000000000000000e+01 2.700000000000000000e+01 0.000000000000000000e+00 1.600000000000000089e+00 -2.706000000000000072e-03 1.611000000000000019e-03 -9.999949999999999672e-01 6.743419999999999970e-01 7.384190000000000476e-01 -6.350000000000000392e-04 7.384140000000000148e-01 -6.743400000000000505e-01 -3.083999999999999936e-03
4.000000000000000000e+00 4.600000000000000000e+01 3.000000000000000000e+01 0.000000000000000000e+00 1.600000000000000089e+00 2.339999999999999958e-04 -3.576000000000000185e-03 -9.999940000000000495e-01 3.238309999999999800e-01 9.461089999999999778e-01 -3.307000000000000044e-03 9.461150000000000393e-01 -3.238280000000000047e-01 1.379000000000000017e-03
2.900000000000000000e+01 1.600000000000000000e+01 3.100000000000000000e+01 0.000000000000000000e+00 1.600000000000000089e+00 8.101899999999999380e-02 -4.729380000000000250e-01 -8.773630000000000040e-01 -4.670529999999999959e-01 7.596169999999999867e-01 -4.525970000000000271e-01 8.805100000000000149e-01 4.464429999999999787e-01 -1.593440000000000134e-01
9.000000000000000000e+00 5.800000000000000000e+01 3.100000000000000000e+01 0.000000000000000000e+00 1.600000000000000089e+00 -7.759999999999999971e-04 -4.171000000000000228e-03 9.999909999999999632e-01 -7.754349999999999854e-01 -6.314189999999999525e-01 -3.236000000000000161e-03 6.314269999999999605e-01 -7.754299999999999526e-01 -2.745000000000000044e-03
1.400000000000000000e+01 5.800000000000000000e+01 3.100000000000000000e+01 0.000000000000000000e+00 1.600000000000000089e+00 5.107999999999999693e-03 6.228000000000000029e-03 9.999679999999999680e-01 -7.773280000000000189e-01 -6.290459999999999940e-01 7.887999999999999179e-03 6.290750000000000508e-01 -7.773430000000000062e-01 1.628000000000000107e-03
1.800000000000000000e+01 5.800000000000000000e+01 3.100000000000000000e+01 0.000000000000000000e+00 1.600000000000000089e+00 8.196000000000000160e-03 9.426000000000000351e-03 9.999219999999999775e-01 -7.783010000000000206e-01 -6.277709999999999679e-01 1.229700000000000064e-02 6.278380000000000072e-01 -7.783409999999999496e-01 2.190999999999999805e-03
2.200000000000000000e+01 5.800000000000000000e+01 3.100000000000000000e+01 0.000000000000000000e+00 1.600000000000000089e+00 3.887999999999999963e-03 1.288999999999999998e-03 9.999919999999999920e-01 -7.785109999999999530e-01 -6.276190000000000380e-01 3.836000000000000000e-03 6.276190000000000380e-01 -7.785189999999999610e-01 -1.436999999999999909e-03
2.400000000000000000e+01 5.800000000000000000e+01 3.100000000000000000e+01 0.000000000000000000e+00 1.600000000000000089e+00 2.007000000000000103e-03 -2.049999999999999956e-04 9.999980000000000535e-01 -7.764450000000000518e-01 -6.301830000000000487e-01 1.428999999999999932e-03 6.301820000000000199e-01 -7.764469999999999983e-01 -1.423999999999999919e-03
2.800000000000000000e+01 5.800000000000000000e+01 3.100000000000000000e+01 0.000000000000000000e+00 1.600000000000000089e+00 6.000000000000000152e-06 -1.910000000000000077e-04 1.000000000000000000e+00 -7.687720000000000109e-01 -6.395229999999999526e-01 -1.169999999999999979e-04 6.395229999999999526e-01 -7.687720000000000109e-01 -1.510000000000000112e-04
2.100000000000000000e+01 5.000000000000000000e+00 3.200000000000000000e+01 0.000000000000000000e+00 1.600000000000000089e+00 1.612460000000000004e-01 -8.793229999999999658e-01 -4.480970000000000231e-01 -6.811399999999999677e-01 2.294069999999999998e-01 -6.952840000000000131e-01 7.141760000000000330e-01 4.173290000000000055e-01 -5.619509999999999783e-01
1.900000000000000000e+01 5.000000000000000000e+00 3.300000000000000000e+01 0.000000000000000000e+00 1.600000000000000089e+00 1.148710000000000009e-01 -9.729280000000000150e-01 -2.005399999999999960e-01 -6.941720000000000113e-01 6.578699999999999826e-02 -7.167970000000000175e-01 7.105850000000000222e-01 2.215479999999999949e-01 -6.678220000000000267e-01
2.800000000000000000e+01 9.000000000000000000e+00 3.300000000000000000e+01 0.000000000000000000e+00 1.600000000000000089e+00 2.523989999999999845e-01 -6.717100000000000293e-01 -6.964909999999999712e-01 -7.444830000000000059e-01 3.249799999999999911e-01 -5.832079999999999487e-01 6.180930000000000035e-01 6.657269999999999577e-01 -4.180530000000000079e-01
2.300000000000000000e+01 8.000000000000000000e+00 3.400000000000000000e+01 0.000000000000000000e+00 1.600000000000000089e+00 2.069360000000000088e-01 -9.113259999999999694e-01 -3.558970000000000189e-01 -7.100619999999999710e-01 1.103520000000000056e-01 -6.954380000000000006e-01 6.730439999999999756e-01 3.966210000000000013e-01 -6.242619999999999836e-01
2.600000000000000000e+01 9.000000000000000000e+00 3.400000000000000000e+01 0.000000000000000000e+00 1.600000000000000089e+00 2.292839999999999878e-01 -8.469290000000000429e-01 -4.797299999999999898e-01 -7.257230000000000070e-01 1.796999999999999986e-01 -6.641040000000000276e-01 6.486560000000000104e-01 5.004189999999999472e-01 -5.734329999999999705e-01
2.500000000000000000e+01 2.600000000000000000e+01 3.500000000000000000e+01 0.000000000000000000e+00 1.600000000000000089e+00 3.143079999999999763e-01 5.575900000000000301e-01 7.683119999999999949e-01 -6.793639999999999679e-01 -4.331849999999999867e-01 5.922969999999999624e-01 6.630800000000000027e-01 -7.081269999999999509e-01 2.426530000000000076e-01
1.000000000000000000e+00 4.600000000000000000e+01 3.500000000000000000e+01 0.000000000000000000e+00 1.600000000000000089e+00 2.321000000000000146e-03 1.495000000000000018e-03 -9.999959999999999960e-01 3.901189999999999936e-01 -9.207649999999999446e-01 -4.710000000000000102e-04 -9.207619999999999694e-01 -3.901160000000000183e-01 -2.720000000000000195e-03
7.000000000000000000e+00 4.600000000000000000e+01 3.500000000000000000e+01 0.000000000000000000e+00 1.600000000000000089e+00 -1.479999999999999925e-04 7.793999999999999713e-03 -9.999700000000000255e-01 3.917030000000000234e-01 -9.200629999999999642e-01 -7.229000000000000183e-03 -9.200920000000000210e-01 -3.916930000000000134e-01 -2.916000000000000189e-03
1.400000000000000000e+01 4.600000000000000000e+01 3.500000000000000000e+01 0.000000000000000000e+00 1.600000000000000089e+00 3.350000000000000113e-04 1.933000000000000039e-03 -9.999980000000000535e-01 3.915159999999999751e-01 -9.201700000000000434e-01 -1.647999999999999942e-03 -9.201709999999999612e-01 -3.915139999999999731e-01 -1.064999999999999974e-03
1.900000000000000000e+01 4.600000000000000000e+01 3.500000000000000000e+01 0.000000000000000000e+00 1.600000000000000089e+00 2.024000000000000191e-03 -7.934999999999999346e-03 -9.999670000000000503e-01 3.899219999999999908e-01 -9.208119999999999639e-01 8.096000000000000765e-03 -9.208460000000000534e-01 -3.899250000000000216e-01 1.229999999999999974e-03
2.300000000000000000e+01 4.600000000000000000e+01 3.500000000000000000e+01 0.000000000000000000e+00 1.600000000000000089e+00 1.033000000000000064e-03 -1.125699999999999965e-02 -9.999360000000000470e-01 3.900580000000000158e-01 -9.207269999999999621e-01 1.076799999999999979e-02 -9.207899999999999974e-01 -3.900440000000000018e-01 3.439000000000000216e-03
2.800000000000000000e+01 4.600000000000000000e+01 3.500000000000000000e+01 0.000000000000000000e+00 1.600000000000000089e+00 -5.429999999999999714e-04 -8.727000000000000382e-03 -9.999620000000000175e-01 3.882399999999999740e-01 -9.215250000000000385e-01 7.830999999999999420e-03 -9.215579999999999883e-01 -3.882209999999999828e-01 3.889000000000000096e-03
2.600000000000000000e+01 1.100000000000000000e+01 3.600000000000000000e+01 0.000000000000000000e+00 1.600000000000000089e+00 2.015059999999999907e-01 -9.233559999999999546e-01 -3.268179999999999974e-01 -7.250010000000000066e-01 8.375100000000000600e-02 -6.836370000000000502e-01 6.586109999999999465e-01 3.746999999999999775e-01 -6.525570000000000537e-01
2.500000000000000000e+01 2.700000000000000000e+01 3.600000000000000000e+01 0.000000000000000000e+00 1.600000000000000089e+00 3.506329999999999725e-01 3.787849999999999828e-01 8.564920000000000311e-01 -6.975529999999999786e-01 -5.045979999999999910e-01 5.087249999999999828e-01 6.248820000000000485e-01 -7.758239999999999581e-01 8.729399999999999660e-02
2.400000000000000000e+01 1.100000000000000000e+01 3.700000000000000000e+01 0.000000000000000000e+00 1.600000000000000089e+00 1.715649999999999953e-01 -9.390039999999999498e-01 -2.980550000000000144e-01 -7.146649999999999947e-01 8.961600000000000121e-02 -6.937020000000000408e-01 6.781000000000000361e-01 3.320250000000000146e-01 -6.556980000000000031e-01
2.700000000000000000e+01 1.200000000000000000e+01 3.700000000000000000e+01 0.000000000000000000e+00 1.600000000000000089e+00 1.732599999999999973e-01 -9.406229999999999869e-01 -2.919070000000000276e-01 -7.344910000000000050e-01 7.405000000000000471e-02 -6.745659999999999989e-01 6.561280000000000445e-01 3.312789999999999901e-01 -6.780490000000000128e-01
1.800000000000000000e+01 2.200000000000000000e+01 3.700000000000000000e+01 0.000000000000000000e+00 1.600000000000000089e+00 7.681240000000000290e-01 -3.303019999999999845e-01 5.485309999999999908e-01 -6.308420000000000138e-01 -2.436830000000000107e-01 7.366519999999999735e-01 -1.096499999999999975e-01 -9.118770000000000486e-01 -3.955469999999999819e-01
2.600000000000000000e+01 1.400000000000000000e+01 3.900000000000000000e+01 0.000000000000000000e+00 1.600000000000000089e+00 1.370339999999999892e-01 -8.473629999999999773e-01 -5.130270000000000108e-01 -7.141049999999999898e-01 2.744240000000000013e-01 -6.440069999999999961e-01 6.864949999999999664e-01 4.546060000000000101e-01 -5.675010000000000332e-01
2.000000000000000000e+01 3.000000000000000000e+00 4.300000000000000000e+01 0.000000000000000000e+00 1.600000000000000089e+00 5.827999999999999847e-03 -3.563000000000000195e-03 -9.999770000000000048e-01 7.434680000000000177e-01 -6.687380000000000546e-01 6.715999999999999748e-03 -6.687459999999999516e-01 -7.434899999999999842e-01 -1.248999999999999893e-03
2.800000000000000000e+01 3.000000000000000000e+00 4.300000000000000000e+01 0.000000000000000000e+00 1.600000000000000089e+00 1.024699999999999916e-02 1.692499999999999907e-02 -9.998040000000000260e-01 7.347690000000000055e-01 -6.783059999999999645e-01 -3.951999999999999784e-03 -6.782399999999999540e-01 -7.345840000000000147e-01 -1.938700000000000145e-02
1.500000000000000000e+01 2.500000000000000000e+01 4.300000000000000000e+01 0.000000000000000000e+00 1.600000000000000089e+00 1.488300000000000040e-02 -1.226499999999999986e-02 -9.998139999999999805e-01 8.416270000000000140e-01 5.400270000000000348e-01 5.903000000000000261e-03 5.398539999999999450e-01 -8.415580000000000283e-01 1.836000000000000132e-02
1.500000000000000000e+01 2.400000000000000000e+01 4.400000000000000000e+01 0.000000000000000000e+00 1.600000000000000089e+00 1.861900000000000013e-02 1.591100000000000153e-02 -9.997000000000000330e-01 7.839810000000000390e-01 6.203020000000000200e-01 2.447399999999999923e-02 6.205049999999999732e-01 -7.842019999999999547e-01 -9.250000000000000409e-04
2.000000000000000000e+00 2.900000000000000000e+01 4.400000000000000000e+01 0.000000000000000000e+00 1.600000000000000089e+00 -1.998999999999999909e-03 -4.009999999999999893e-04 -9.999980000000000535e-01 6.603630000000000333e-01 7.509449999999999736e-01 -1.621000000000000045e-03 7.509439999999999449e-01 -6.603649999999999798e-01 -1.237000000000000035e-03
6.000000000000000000e+00 2.900000000000000000e+01 4.400000000000000000e+01 0.000000000000000000e+00 1.600000000000000089e+00 -6.179999999999999513e-04 -1.572999999999999962e-03 -9.999989999999999712e-01 6.605029999999999513e-01 7.508219999999999894e-01 -1.588999999999999918e-03 7.508230000000000182e-01 -6.605029999999999513e-01 5.749999999999999903e-04
9.000000000000000000e+00 2.900000000000000000e+01 4.400000000000000000e+01 0.000000000000000000e+00 1.600000000000000089e+00 -9.089999999999999773e-04 -3.027000000000000177e-03 -9.999949999999999672e-01 6.617210000000000036e-01 7.497449999999999948e-01 -2.871999999999999987e-03 7.497500000000000275e-01 -6.617199999999999749e-01 1.322000000000000041e-03
1.500000000000000000e+01 2.900000000000000000e+01 4.400000000000000000e+01 0.000000000000000000e+00 1.600000000000000089e+00 -3.507999999999999834e-03 -4.645599999999999730e-02 -9.989139999999999686e-01 6.345229999999999482e-01 7.719629999999999548e-01 -3.812900000000000317e-02 7.728960000000000274e-01 -6.339679999999999760e-01 2.676999999999999866e-02
1.700000000000000000e+01 2.900000000000000000e+01 4.400000000000000000e+01 0.000000000000000000e+00 1.600000000000000089e+00 -4.630700000000000094e-02 -1.822169999999999901e-01 -9.821670000000000122e-01 6.560850000000000293e-01 7.358740000000000281e-01 -1.674559999999999937e-01 7.532649999999999624e-01 -6.521400000000000530e-01 8.547399999999999443e-02
1.000000000000000000e+00 6.900000000000000000e+01 4.700000000000000000e+01 0.000000000000000000e+00 1.600000000000000089e+00 -7.074600000000000333e-02 -2.540299999999999780e-01 -9.646050000000000457e-01 -9.950639999999999485e-01 -4.948600000000000221e-02 8.601200000000000512e-02 -6.958499999999999408e-02 9.659290000000000376e-01 -2.492759999999999976e-01
4.000000000000000000e+00 6.800000000000000000e+01 4.800000000000000000e+01 0.000000000000000000e+00 1.600000000000000089e+00 -3.663799999999999696e-02 -1.648010000000000030e-01 -9.856460000000000221e-01 -9.669839999999999547e-01 -2.430569999999999953e-01 7.658399999999999930e-02 -2.521889999999999965e-01 9.559100000000000374e-01 -1.504550000000000054e-01
8.000000000000000000e+00 6.100000000000000000e+01 4.900000000000000000e+01 0.000000000000000000e+00 1.600000000000000089e+00 -1.209000000000000005e-02 5.039999999999999992e-04 9.999270000000000103e-01 -6.426460000000000505e-01 7.661200000000000232e-01 -8.156000000000000055e-03 -7.660679999999999712e-01 -6.426979999999999915e-01 -8.937999999999999765e-03
9.000000000000000000e+00 7.100000000000000000e+01 4.900000000000000000e+01 0.000000000000000000e+00 1.600000000000000089e+00 -3.948670000000000235e-01 8.800019999999999509e-01 2.639639999999999764e-01 -9.057819999999999760e-01 -3.248039999999999816e-01 -2.721419999999999950e-01 -1.537489999999999968e-01 -3.465539999999999732e-01 9.253440000000000554e-01
1.000000000000000000e+00 5.000000000000000000e+00 5.100000000000000000e+01 0.000000000000000000e+00 1.600000000000000089e+00 -3.491999999999999878e-03 8.588999999999999413e-03 -9.999569999999999848e-01 4.838879999999999848e-01 -8.750820000000000265e-01 -9.206000000000000641e-03 -8.751229999999999842e-01 -4.838990000000000236e-01 -1.100000000000000066e-03
5.000000000000000000e+00 5.000000000000000000e+00 5.100000000000000000e+01 0.000000000000000000e+00 1.600000000000000089e+00 -4.930000000000000354e-03 -2.520999999999999804e-03 -9.999850000000000128e-01 4.869249999999999967e-01 -8.734439999999999982e-01 -1.990000000000000124e-04 -8.734300000000000397e-01 -4.869180000000000175e-01 5.532999999999999724e-03
1.800000000000000000e+01 6.000000000000000000e+00 5.100000000000000000e+01 0.000000000000000000e+00 1.600000000000000089e+00 -6.871999999999999637e-03 -5.542000000000000051e-03 -9.999609999999999888e-01 3.316600000000000104e-01 -9.433939999999999548e-01 2.948999999999999799e-03 -9.433740000000000459e-01 -3.316270000000000051e-01 8.321000000000000271e-03
7.000000000000000000e+00 6.300000000000000000e+01 5.400000000000000000e+01 0.000000000000000000e+00 1.600000000000000089e+00 1.070399999999999997e-02 3.629099999999999687e-02 9.992839999999999501e-01 -1.844959999999999933e-01 9.822549999999999892e-01 -3.369599999999999679e-02 -9.827749999999999542e-01 -1.840029999999999999e-01 1.720999999999999960e-02
9.000000000000000000e+00 6.300000000000000000e+01 5.400000000000000000e+01 0.000000000000000000e+00 1.600000000000000089e+00 5.584000000000000422e-03 3.909300000000000275e-02 9.992199999999999971e-01 -1.986179999999999890e-01 9.793699999999999628e-01 -3.720600000000000296e-02 -9.800609999999999600e-01 -1.982559999999999878e-01 1.323399999999999924e-02
1.600000000000000000e+01 6.300000000000000000e+01 5.400000000000000000e+01 0.000000000000000000e+00 1.600000000000000089e+00 -6.185000000000000393e-03 2.300000000000000002e-05 9.999810000000000088e-01 -3.454929999999999946e-01 9.384190000000000031e-01 -2.158000000000000196e-03 -9.384010000000000407e-01 -3.454990000000000006e-01 -5.797000000000000069e-03
1.900000000000000000e+01 6.300000000000000000e+01 5.400000000000000000e+01 0.000000000000000000e+00 1.600000000000000089e+00 1.907000000000000015e-02 3.312999999999999973e-02 9.992689999999999628e-01 -3.320989999999999776e-01 9.429149999999999476e-01 -2.492400000000000171e-02 -9.430520000000000014e-01 -3.313809999999999811e-01 2.898399999999999935e-02
2.500000000000000000e+01 6.300000000000000000e+01 5.400000000000000000e+01 0.000000000000000000e+00 1.600000000000000089e+00 2.349660000000000082e-01 4.645270000000000232e-01 -8.538179999999999659e-01 8.381800000000000361e-01 3.479599999999999915e-01 4.199740000000000140e-01 4.921840000000000104e-01 -8.143329999999999735e-01 -3.075990000000000113e-01
9.000000000000000000e+00 7.500000000000000000e+01 5.400000000000000000e+01 0.000000000000000000e+00 1.600000000000000089e+00 -5.237899999999999778e-01 -1.601319999999999966e-01 8.366609999999999880e-01 -8.347710000000000408e-01 -9.918599999999999639e-02 -5.415900000000000158e-01 1.697110000000000007e-01 -9.820999999999999730e-01 -8.172000000000000097e-02
4.000000000000000000e+00 2.500000000000000000e+01 5.500000000000000000e+01 0.000000000000000000e+00 1.600000000000000089e+00 2.300000000000000002e-05 -3.726000000000000145e-03 -9.999930000000000208e-01 -8.134999999999999870e-03 -9.999599999999999600e-01 3.725000000000000012e-03 -9.999670000000000503e-01 8.134999999999999870e-03 -5.300000000000000078e-05
1.200000000000000000e+01 2.500000000000000000e+01 5.500000000000000000e+01 0.000000000000000000e+00 1.600000000000000089e+00 1.193000000000000050e-03 9.479999999999999495e-04 -9.999989999999999712e-01 -1.256900000000000031e-02 -9.999209999999999487e-01 -9.629999999999999888e-04 -9.999200000000000310e-01 1.256999999999999958e-02 -1.180999999999999975e-03
1.600000000000000000e+01 2.500000000000000000e+01 5.500000000000000000e+01 0.000000000000000000e+00 1.600000000000000089e+00 -8.739999999999999939e-04 -7.950000000000000252e-04 -9.999989999999999712e-01 -1.096899999999999958e-02 -9.999400000000000510e-01 8.050000000000000515e-04 -9.999390000000000223e-01 1.097000000000000058e-02 8.649999999999999920e-04
2.300000000000000000e+01 2.500000000000000000e+01 5.500000000000000000e+01 0.000000000000000000e+00 1.600000000000000089e+00 -2.096000000000000207e-03 -4.427099999999999785e-02 -9.990170000000000439e-01 -1.175799999999999935e-02 -9.989489999999999759e-01 4.429199999999999804e-02 -9.999289999999999567e-01 1.183999999999999983e-02 1.572999999999999962e-03
2.800000000000000000e+01 2.500000000000000000e+01 5.500000000000000000e+01 0.000000000000000000e+00 1.600000000000000089e+00 -1.190000000000000085e-03 -1.454969999999999875e-01 -9.893579999999999597e-01 -5.610999999999999668e-03 -9.893420000000000547e-01 1.455009999999999915e-01 -9.999839999999999840e-01 5.723999999999999921e-03 3.609999999999999928e-04
2.400000000000000000e+01 8.000000000000000000e+01 5.500000000000000000e+01 0.000000000000000000e+00 1.600000000000000089e+00 -1.212430000000000035e-01 -5.775820000000000398e-01 -8.072789999999999688e-01 -9.862799999999999345e-02 -8.022439999999999571e-01 5.887930000000000108e-01 -9.877110000000000056e-01 1.510080000000000033e-01 4.030099999999999655e-02
3.000000000000000000e+00 8.400000000000000000e+01 5.500000000000000000e+01 0.000000000000000000e+00 1.600000000000000089e+00 9.896900000000000142e-02 -2.227889999999999870e-01 -9.698299999999999699e-01 7.217099999999999627e-01 -6.549169999999999714e-01 2.240959999999999896e-01 -6.850840000000000263e-01 -7.221140000000000336e-01 9.597200000000000175e-02
9.000000000000000000e+00 2.100000000000000000e+01 6.000000000000000000e+01 0.000000000000000000e+00 1.600000000000000089e+00 2.923999999999999950e-03 -1.765000000000000076e-03 9.999940000000000495e-01 -9.468400000000000427e-02 9.955049999999999732e-01 2.033999999999999784e-03 -9.955030000000000268e-01 -9.468899999999999539e-02 2.743000000000000212e-03
2.000000000000000000e+01 2.100000000000000000e+01 6.000000000000000000e+01 0.000000000000000000e+00 1.600000000000000089e+00 -1.330000000000000073e-04 -7.861999999999999197e-03 9.999689999999999968e-01 -9.814399999999999513e-02 9.951419999999999710e-01 7.811000000000000235e-03 -9.951719999999999455e-01 -9.814000000000000501e-02 -9.039999999999999642e-04
2.700000000000000000e+01 2.100000000000000000e+01 6.000000000000000000e+01 0.000000000000000000e+00 1.600000000000000089e+00 3.625999999999999883e-03 -1.000000000000000048e-04 9.999930000000000208e-01 -9.821399999999999575e-02 9.951649999999999663e-01 4.550000000000000008e-04 -9.951590000000000158e-01 -9.821499999999999675e-02 3.599000000000000202e-03
2.300000000000000000e+01 6.000000000000000000e+00 6.100000000000000000e+01 0.000000000000000000e+00 1.600000000000000089e+00 -1.116999999999999937e-03 3.635000000000000210e-03 9.999930000000000208e-01 5.759349999999999747e-01 -8.174879999999999924e-01 3.615000000000000158e-03 8.174949999999999717e-01 5.759339999999999460e-01 -1.180000000000000059e-03
2.200000000000000000e+01 8.900000000000000000e+01 6.200000000000000000e+01 0.000000000000000000e+00 1.600000000000000089e+00 -1.227980000000000044e-01 4.774439999999999795e-01 8.700390000000000068e-01 8.192939999999999667e-01 5.435130000000000239e-01 -1.826230000000000075e-01 -5.600690000000000390e-01 6.903920000000000057e-01 -4.579099999999999837e-01
2.600000000000000000e+01 3.000000000000000000e+00 6.300000000000000000e+01 0.000000000000000000e+00 1.600000000000000089e+00 -2.079999999999999818e-03 -2.661000000000000171e-03 9.999940000000000495e-01 -6.186500000000000332e-01 7.856670000000000043e-01 8.030000000000000028e-04 -7.856640000000000290e-01 -6.186439999999999717e-01 -3.279999999999999930e-03
1.000000000000000000e+00 2.700000000000000000e+01 6.300000000000000000e+01 0.000000000000000000e+00 1.600000000000000089e+00 5.779999999999999548e-04 -4.335000000000000311e-03 9.999900000000000455e-01 -2.711810000000000054e-01 9.625190000000000135e-01 4.329000000000000382e-03 -9.625280000000000502e-01 -2.711810000000000054e-01 -6.189999999999999756e-04
