3.000000000000000000e+00 2.500000000000000000e+01 1.000000000000000000e+00 0.000000000000000000e+00 1.600000000000000089e+00 2.968000000000000152e-03 7.010000000000000172e-04 -9.999949999999999672e-01 -5.369500000000000384e-01 -8.436109999999999998e-01 -2.184999999999999876e-03 -8.436090000000000533e-01 5.369540000000000424e-01 -2.126999999999999984e-03
1.000000000000000000e+01 2.500000000000000000e+01 1.000000000000000000e+00 0.000000000000000000e+00 1.600000000000000089e+00 -1.281999999999999936e-03 -1.557999999999999923e-03 -9.999980000000000535e-01 -5.350470000000000503e-01 -8.448200000000000154e-01 2.001999999999999873e-03 -8.448219999999999619e-01 5.350479999999999681e-01 2.489999999999999809e-04
1.600000000000000000e+01 2.500000000000000000e+01 1.000000000000000000e+00 0.000000000000000000e+00 1.600000000000000089e+00 -9.210000000000000521e-04 -1.513000000000000022e-03 -9.999980000000000535e-01 -5.301270000000000149e-01 -8.479170000000000318e-01 1.771000000000000005e-03 -8.479179999999999495e-01 5.301270000000000149e-01 -2.099999999999999884e-05
2.300000000000000000e+01 2.500000000000000000e+01 1.000000000000000000e+00 0.000000000000000000e+00 1.600000000000000089e+00 -9.000000000000000228e-06 -1.497999999999999983e-03 -9.999989999999999712e-01 -5.300820000000000531e-01 -8.479459999999999775e-01 1.275000000000000092e-03 -8.479470000000000063e-01 5.300810000000000244e-01 -7.860000000000000233e-04
3.000000000000000000e+01 2.500000000000000000e+01 1.000000000000000000e+00 0.000000000000000000e+00 1.600000000000000089e+00 6.660000000000000338e-04 8.188000000000000833e-03 -9.999660000000000215e-01 -5.293579999999999952e-01 -8.483669999999999822e-01 -7.300000000000000065e-03 -8.483979999999999855e-01 5.293449999999999545e-01 3.769000000000000215e-03
2.700000000000000000e+01 3.000000000000000000e+00 4.000000000000000000e+00 0.000000000000000000e+00 1.600000000000000089e+00 -1.150489999999999985e-01 -2.908099999999999921e-02 -9.929339999999999833e-01 -8.430769999999999653e-01 -5.257699999999999596e-01 1.130840000000000040e-01 -5.253430000000000044e-01 8.501300000000000523e-01 3.597199999999999703e-02
2.000000000000000000e+00 1.500000000000000000e+01 4.000000000000000000e+00 0.000000000000000000e+00 1.600000000000000089e+00 -8.639999999999999677e-04 2.331999999999999872e-03 9.999970000000000248e-01 3.245859999999999856e-01 -9.458530000000000548e-01 2.485999999999999929e-03 9.458560000000000301e-01 3.245870000000000144e-01 6.099999999999999872e-05
8.000000000000000000e+00 1.500000000000000000e+01 4.000000000000000000e+00 0.000000000000000000e+00 1.600000000000000089e+00 2.469999999999999973e-03 7.062999999999999834e-03 9.999719999999999720e-01 3.214469999999999827e-01 -9.469090000000000007e-01 5.893999999999999934e-03 9.469239999999999879e-01 3.214239999999999875e-01 -4.609000000000000249e-03
1.600000000000000000e+01 1.500000000000000000e+01 4.000000000000000000e+00 0.000000000000000000e+00 1.600000000000000089e+00 -4.270999999999999623e-03 -9.627000000000000141e-03 9.999449999999999728e-01 3.200790000000000024e-01 -9.473589999999999511e-01 -7.753999999999999608e-03 9.473810000000000286e-01 3.200290000000000079e-01 7.127999999999999788e-03
2.100000000000000000e+01 1.500000000000000000e+01 4.000000000000000000e+00 0.000000000000000000e+00 1.600000000000000089e+00 2.030000000000000012e-04 -1.015699999999999936e-02 9.999479999999999480e-01 3.156129999999999769e-01 -9.488379999999999592e-01 -9.700999999999999554e-03 9.488879999999999537e-01 3.155990000000000184e-01 3.013000000000000053e-03
2.900000000000000000e+01 1.500000000000000000e+01 4.000000000000000000e+00 0.000000000000000000e+00 1.600000000000000089e+00 2.235000000000000007e-03 3.553000000000000169e-03 9.999909999999999632e-01 3.228590000000000071e-01 -9.464430000000000343e-01 2.641000000000000118e-03 9.464439999999999520e-01 3.228509999999999991e-01 -3.262000000000000142e-03
1.000000000000000000e+00 1.600000000000000000e+01 4.000000000000000000e+00 0.000000000000000000e+00 1.600000000000000089e+00 -5.559999999999999621e-04 2.671999999999999896e-03 9.999959999999999960e-01 3.965520000000000156e-01 -9.180080000000000462e-01 2.674000000000000161e-03 9.180120000000000502e-01 3.965520000000000156e-01 -5.490000000000000088e-04
7.000000000000000000e+00 1.600000000000000000e+01 4.000000000000000000e+00 0.000000000000000000e+00 1.600000000000000089e+00 1.399000000000000070e-03 5.917000000000000384e-03 9.999820000000000375e-01 3.938550000000000106e-01 -9.191599999999999770e-01 4.887999999999999984e-03 9.191719999999999891e-01 3.938409999999999966e-01 -3.615999999999999857e-03
2.600000000000000000e+01 1.600000000000000000e+01 4.000000000000000000e+00 0.000000000000000000e+00 1.600000000000000089e+00 3.749000000000000162e-03 -3.005999999999999991e-03 9.999879999999999880e-01 3.964940000000000131e-01 -9.180270000000000374e-01 -4.245999999999999774e-03 9.180289999999999839e-01 3.965060000000000251e-01 -2.249999999999999830e-03
1.000000000000000000e+00 1.010000000000000000e+02 7.000000000000000000e+00 0.000000000000000000e+00 1.600000000000000089e+00 8.050000000000000515e-04 -1.004400000000000084e-02 9.999489999999999768e-01 8.865870000000000140e-01 4.625460000000000127e-01 3.932999999999999864e-03 -4.625619999999999732e-01 8.865389999999999660e-01 9.277000000000000524e-03
6.000000000000000000e+00 1.010000000000000000e+02 7.000000000000000000e+00 0.000000000000000000e+00 1.600000000000000089e+00 2.488999999999999893e-03 -1.563099999999999906e-02 9.998749999999999583e-01 8.864509999999999890e-01 4.627959999999999852e-01 5.028999999999999616e-03 -4.628160000000000052e-01 8.863269999999999760e-01 1.500800000000000051e-02
1.200000000000000000e+01 1.010000000000000000e+02 7.000000000000000000e+00 0.000000000000000000e+00 1.600000000000000089e+00 -6.170000000000000354e-04 -1.479899999999999965e-02 9.998899999999999455e-01 8.894440000000000124e-01 4.569860000000000033e-01 7.313000000000000056e-03 -4.570449999999999791e-01 8.893510000000000026e-01 1.288100000000000009e-02
1.600000000000000000e+01 1.010000000000000000e+02 7.000000000000000000e+00 0.000000000000000000e+00 1.600000000000000089e+00 1.134000000000000025e-03 -1.461299999999999925e-02 9.998930000000000318e-01 8.890400000000000524e-01 4.577950000000000075e-01 5.682000000000000418e-03 -4.578280000000000127e-01 8.889380000000000059e-01 1.350999999999999944e-02
8.000000000000000000e+00 2.500000000000000000e+01 8.000000000000000000e+00 0.000000000000000000e+00 1.600000000000000089e+00 2.660000000000000146e-04 1.330999999999999935e-03 -9.999989999999999712e-01 4.499500000000000166e-01 8.930529999999999857e-01 1.307999999999999918e-03 8.930540000000000145e-01 -4.499500000000000166e-01 -3.609999999999999928e-04
1.300000000000000000e+01 2.500000000000000000e+01 8.000000000000000000e+00 0.000000000000000000e+00 1.600000000000000089e+00 2.760999999999999999e-03 1.108000000000000044e-03 -9.999959999999999960e-01 4.499750000000000139e-01 8.930390000000000272e-01 2.232000000000000043e-03 8.930369999999999697e-01 -4.499790000000000179e-01 1.966999999999999998e-03
1.900000000000000000e+01 2.500000000000000000e+01 8.000000000000000000e+00 0.000000000000000000e+00 1.600000000000000089e+00 -4.499999999999999877e-04 5.671999999999999958e-03 -9.999839999999999840e-01 4.445569999999999800e-01 8.957370000000000054e-01 4.880999999999999922e-03 8.957500000000000462e-01 -4.445479999999999987e-01 -2.923999999999999950e-03
2.600000000000000000e+01 2.500000000000000000e+01 8.000000000000000000e+00 0.000000000000000000e+00 1.600000000000000089e+00 1.139000000000000038e-03 -2.046000000000000076e-03 -9.999970000000000248e-01 4.447470000000000034e-01 8.956549999999999789e-01 -1.325999999999999922e-03 8.956560000000000077e-01 -4.447439999999999727e-01 1.930000000000000075e-03
2.800000000000000000e+01 2.500000000000000000e+01 8.000000000000000000e+00 0.000000000000000000e+00 1.600000000000000089e+00 7.550000000000000287e-04 -8.949999999999999623e-04 -9.999989999999999712e-01 4.451479999999999881e-01 8.954569999999999474e-01 -4.650000000000000270e-04 8.954569999999999474e-01 -4.451470000000000149e-01 1.074000000000000085e-03
8.000000000000000000e+00 2.400000000000000000e+01 9.000000000000000000e+00 0.000000000000000000e+00 1.600000000000000089e+00 3.049999999999999868e-04 4.470000000000000232e-04 -1.000000000000000000e+00 4.548289999999999833e-01 8.905790000000000095e-01 5.370000000000000424e-04 8.905790000000000095e-01 -4.548289999999999833e-01 6.799999999999999946e-05
1.100000000000000000e+01 2.400000000000000000e+01 9.000000000000000000e+00 0.000000000000000000e+00 1.600000000000000089e+00 1.199999999999999895e-03 1.923999999999999929e-03 -9.999970000000000248e-01 4.554279999999999995e-01 8.902700000000000058e-01 2.259999999999999856e-03 8.902719999999999523e-01 -4.554300000000000015e-01 1.920000000000000049e-04
1.400000000000000000e+01 2.400000000000000000e+01 9.000000000000000000e+00 0.000000000000000000e+00 1.600000000000000089e+00 2.736000000000000151e-03 4.899999999999999842e-04 -9.999959999999999960e-01 4.550150000000000028e-01 8.904819999999999958e-01 1.681999999999999901e-03 8.904790000000000205e-01 -4.550179999999999780e-01 2.213999999999999822e-03
2.000000000000000000e+01 2.400000000000000000e+01 9.000000000000000000e+00 0.000000000000000000e+00 1.600000000000000089e+00 -1.129999999999999955e-04 6.823000000000000072e-03 -9.999770000000000048e-01 4.498360000000000136e-01 8.930909999999999682e-01 6.041999999999999628e-03 8.931109999999999882e-01 -4.498249999999999749e-01 -3.170000000000000075e-03
2.500000000000000000e+01 2.400000000000000000e+01 9.000000000000000000e+00 0.000000000000000000e+00 1.600000000000000089e+00 8.739999999999999939e-04 -3.517000000000000161e-03 -9.999930000000000208e-01 4.508570000000000078e-01 8.925920000000000520e-01 -2.746000000000000177e-03 8.925959999999999450e-01 -4.508510000000000018e-01 2.366000000000000048e-03
2.900000000000000000e+01 2.400000000000000000e+01 9.000000000000000000e+00 0.000000000000000000e+00 1.600000000000000089e+00 -9.999999999999999547e-07 -2.089999999999999844e-03 -9.999980000000000535e-01 4.517809999999999881e-01 8.921270000000000033e-01 -1.864999999999999904e-03 8.921289999999999498e-01 -4.517800000000000149e-01 9.439999999999999607e-04
5.000000000000000000e+00 3.100000000000000000e+01 1.200000000000000000e+01 0.000000000000000000e+00 1.600000000000000089e+00 3.579999999999999741e-04 -4.299999999999999894e-04 1.000000000000000000e+00 -1.070199999999999971e-02 9.999430000000000263e-01 4.339999999999999782e-04 -9.999430000000000263e-01 -1.070199999999999971e-02 3.539999999999999853e-04
2.200000000000000000e+01 3.100000000000000000e+01 1.200000000000000000e+01 0.000000000000000000e+00 1.600000000000000089e+00 2.347000000000000128e-03 -3.197000000000000189e-03 9.999919999999999920e-01 -5.800999999999999733e-03 9.999780000000000335e-01 3.210000000000000180e-03 -9.999799999999999800e-01 -5.808999999999999928e-03 2.328000000000000208e-03
4.000000000000000000e+00 3.500000000000000000e+01 1.200000000000000000e+01 0.000000000000000000e+00 1.600000000000000089e+00 -5.379999999999999583e-04 -2.991000000000000169e-03 -9.999949999999999672e-01 4.975330000000000030e-01 -8.674420000000000464e-01 2.327000000000000075e-03 -8.674450000000000216e-01 -4.975299999999999723e-01 1.955000000000000140e-03
8.000000000000000000e+00 3.500000000000000000e+01 1.200000000000000000e+01 0.000000000000000000e+00 1.600000000000000089e+00 6.071000000000000008e-03 -4.845000000000000348e-03 -9.999700000000000255e-01 4.968799999999999883e-01 -8.677899999999999503e-01 7.220999999999999988e-03 -8.677979999999999583e-01 -4.969080000000000163e-01 -2.860999999999999828e-03
1.300000000000000000e+01 3.500000000000000000e+01 1.200000000000000000e+01 0.000000000000000000e+00 1.600000000000000089e+00 6.650000000000000095e-04 -1.810000000000000085e-04 -1.000000000000000000e+00 5.104239999999999888e-01 -8.599229999999999929e-01 4.949999999999999973e-04 -8.599229999999999929e-01 -5.104239999999999888e-01 -4.789999999999999879e-04
1.700000000000000000e+01 3.500000000000000000e+01 1.200000000000000000e+01 0.000000000000000000e+00 1.600000000000000089e+00 -1.851999999999999914e-03 -3.699999999999999947e-04 -9.999980000000000535e-01 5.262790000000000523e-01 -8.503119999999999568e-01 -6.599999999999999964e-04 -8.503100000000000103e-01 -5.262799999999999701e-01 1.768999999999999956e-03
2.400000000000000000e+01 3.500000000000000000e+01 1.200000000000000000e+01 0.000000000000000000e+00 1.600000000000000089e+00 2.301999999999999793e-03 6.320000000000000097e-03 -9.999770000000000048e-01 5.382679999999999687e-01 -8.427639999999999576e-01 -4.087000000000000355e-03 -8.427710000000000479e-01 -5.382460000000000022e-01 -5.342000000000000394e-03
2.700000000000000000e+01 3.500000000000000000e+01 1.200000000000000000e+01 0.000000000000000000e+00 1.600000000000000089e+00 1.544999999999999932e-03 3.680000000000000111e-03 -9.999919999999999920e-01 5.420049999999999590e-01 -8.403730000000000366e-01 -2.255000000000000060e-03 -8.403739999999999544e-01 -5.419969999999999510e-01 -3.291999999999999788e-03
2.700000000000000000e+01 3.200000000000000000e+01 1.400000000000000000e+01 0.000000000000000000e+00 1.600000000000000089e+00 -1.382999999999999898e-03 3.242000000000000090e-03 -9.999940000000000495e-01 9.932499999999999662e-02 9.950499999999999901e-01 3.088000000000000033e-03 9.950539999999999941e-01 -9.932000000000000550e-02 -1.698000000000000074e-03
1.000000000000000000e+00 1.200000000000000000e+01 1.500000000000000000e+01 0.000000000000000000e+00 1.600000000000000089e+00 -1.443999999999999971e-03 1.291999999999999919e-02 -9.999160000000000270e-01 -4.694710000000000272e-01 -8.828829999999999734e-01 -1.072999999999999995e-02 -8.829470000000000374e-01 4.694150000000000267e-01 7.340000000000000170e-03
6.000000000000000000e+00 1.200000000000000000e+01 1.500000000000000000e+01 0.000000000000000000e+00 1.600000000000000089e+00 3.660000000000000059e-04 2.543000000000000121e-03 -9.999970000000000248e-01 -4.685739999999999905e-01 -8.834210000000000118e-01 -2.419000000000000143e-03 -8.834239999999999871e-01 4.685730000000000173e-01 8.679999999999999565e-04
1.200000000000000000e+01 1.200000000000000000e+01 1.500000000000000000e+01 0.000000000000000000e+00 1.600000000000000089e+00 3.440000000000000132e-04 -4.670999999999999805e-03 -9.999890000000000168e-01 -4.679099999999999926e-01 -8.837669999999999693e-01 3.967000000000000040e-03 -8.837760000000000060e-01 4.679030000000000133e-01 -2.488999999999999893e-03
1.700000000000000000e+01 1.200000000000000000e+01 1.500000000000000000e+01 0.000000000000000000e+00 1.600000000000000089e+00 -9.070000000000000371e-04 -2.779999999999999919e-03 -9.999959999999999960e-01 -4.666609999999999925e-01 -8.844309999999999672e-01 2.882000000000000013e-03 -8.844359999999999999e-01 4.666620000000000212e-01 -4.949999999999999973e-04
2.300000000000000000e+01 1.200000000000000000e+01 1.500000000000000000e+01 0.000000000000000000e+00 1.600000000000000089e+00 1.301999999999999989e-03 -1.644999999999999978e-03 -9.999980000000000535e-01 -4.669490000000000030e-01 -8.842839999999999590e-01 8.469999999999999881e-04 -8.842830000000000412e-01 4.669470000000000010e-01 -1.920000000000000049e-03
1.700000000000000000e+01 1.100000000000000000e+01 1.600000000000000000e+01 0.000000000000000000e+00 1.600000000000000089e+00 -4.220000000000000118e-04 -3.487000000000000082e-03 -9.999940000000000495e-01 -4.082799999999999763e-01 -9.128500000000000503e-01 3.356000000000000042e-03 -9.128570000000000295e-01 4.082790000000000030e-01 -1.038000000000000077e-03
2.100000000000000000e+01 1.100000000000000000e+01 1.600000000000000000e+01 0.000000000000000000e+00 1.600000000000000089e+00 1.201000000000000028e-03 -4.793999999999999651e-03 -9.999879999999999880e-01 -4.086759999999999837e-01 -9.126710000000000100e-01 3.884999999999999998e-03 -9.126790000000000180e-01 4.086659999999999737e-01 -3.054999999999999990e-03
2.700000000000000000e+01 1.100000000000000000e+01 1.600000000000000000e+01 0.000000000000000000e+00 1.600000000000000089e+00 1.410999999999999928e-03 5.584999999999999687e-03 -9.999829999999999552e-01 -4.106890000000000263e-01 -9.117579999999999574e-01 -5.671999999999999958e-03 -9.117739999999999734e-01 4.106899999999999995e-01 1.007000000000000083e-03
6.000000000000000000e+00 1.160000000000000000e+02 1.600000000000000000e+01 0.000000000000000000e+00 1.600000000000000089e+00 -2.076000000000000154e-03 -5.130000000000000011e-04 9.999980000000000535e-01 7.063530000000000086e-01 7.078579999999999872e-01 1.828999999999999897e-03 -7.078569999999999585e-01 7.063549999999999551e-01 -1.106999999999999911e-03
1.700000000000000000e+01 1.160000000000000000e+02 1.600000000000000000e+01 0.000000000000000000e+00 1.600000000000000089e+00 -2.820000000000000241e-04 4.939999999999999730e-04 1.000000000000000000e+00 7.600949999999999651e-01 6.498129999999999740e-01 -1.060000000000000016e-04 -6.498119999999999452e-01 7.600940000000000474e-01 -5.590000000000000351e-04
2.100000000000000000e+01 1.160000000000000000e+02 1.600000000000000000e+01 0.000000000000000000e+00 1.600000000000000089e+00 3.029999999999999924e-04 -1.016999999999999892e-03 1.000000000000000000e+00 7.617329999999999934e-01 6.478909999999999947e-01 4.279999999999999950e-04 -6.478920000000000234e-01 7.617319999999999647e-01 9.709999999999999664e-04
9.000000000000000000e+00 2.000000000000000000e+00 1.900000000000000000e+01 0.000000000000000000e+00 1.600000000000000089e+00 5.396999999999999888e-03 1.605300000000000130e-02 -9.998569999999999958e-01 2.537650000000000183e-01 -9.671619999999999662e-01 -1.415800000000000045e-02 -9.672509999999999719e-01 -2.536519999999999886e-01 -9.294000000000000178e-03
1.700000000000000000e+01 2.000000000000000000e+00 1.900000000000000000e+01 0.000000000000000000e+00 1.600000000000000089e+00 -6.415999999999999828e-03 -2.566799999999999984e-02 -9.996500000000000385e-01 2.713169999999999749e-01 -9.622159999999999602e-01 2.296600000000000030e-02 -9.624690000000000190e-01 -2.710739999999999816e-01 1.313800000000000037e-02
2.500000000000000000e+01 2.000000000000000000e+00 1.900000000000000000e+01 0.000000000000000000e+00 1.600000000000000089e+00 7.506999999999999784e-03 -3.008600000000000163e-02 -9.995190000000000463e-01 2.603699999999999903e-01 -9.650109999999999522e-01 3.100299999999999931e-02 -9.654800000000000049e-01 -2.604770000000000141e-01 5.900000000000000296e-04
3.000000000000000000e+00 4.000000000000000000e+00 2.000000000000000000e+01 0.000000000000000000e+00 1.600000000000000089e+00 -5.700000000000000314e-05 8.189000000000000098e-03 -9.999660000000000215e-01 4.529859999999999998e-01 -8.914879999999999471e-01 -7.326000000000000047e-03 -8.915180000000000327e-01 -4.529710000000000125e-01 -3.658999999999999926e-03
2.000000000000000000e+00 1.300000000000000000e+01 2.000000000000000000e+01 0.000000000000000000e+00 1.600000000000000089e+00 -2.955999999999999860e-03 1.771000000000000005e-03 9.999940000000000495e-01 2.590870000000000117e-01 9.658539999999999903e-01 -9.449999999999999850e-04 -9.658499999999999863e-01 2.590819999999999790e-01 -3.314000000000000105e-03
6.000000000000000000e+00 1.300000000000000000e+01 2.000000000000000000e+01 0.000000000000000000e+00 1.600000000000000089e+00 -4.690000000000000158e-04 -1.874000000000000015e-03 9.999980000000000535e-01 2.616629999999999789e-01 9.651570000000000427e-01 1.931999999999999907e-03 -9.651589999999999892e-01 2.616629999999999789e-01 3.699999999999999811e-05
1.300000000000000000e+01 1.300000000000000000e+01 2.000000000000000000e+01 0.000000000000000000e+00 1.600000000000000089e+00 5.699999999999999772e-04 -4.910000000000000085e-04 1.000000000000000000e+00 2.590439999999999965e-01 9.658649999999999736e-01 3.269999999999999795e-04 -9.658649999999999736e-01 2.590439999999999965e-01 6.780000000000000002e-04
1.800000000000000000e+01 1.300000000000000000e+01 2.000000000000000000e+01 0.000000000000000000e+00 1.600000000000000089e+00 7.900000000000000121e-04 1.312999999999999931e-03 9.999989999999999712e-01 2.597249999999999837e-01 9.656820000000000404e-01 -1.472999999999999917e-03 -9.656820000000000404e-01 2.597260000000000124e-01 4.220000000000000118e-04
2.400000000000000000e+01 1.300000000000000000e+01 2.000000000000000000e+01 0.000000000000000000e+00 1.600000000000000089e+00 -6.920000000000000153e-04 -2.023000000000000059e-03 9.999980000000000535e-01 2.590990000000000237e-01 9.658480000000000398e-01 2.134000000000000046e-03 -9.658510000000000151e-01 2.590999999999999970e-01 -1.440000000000000036e-04
2.800000000000000000e+01 1.300000000000000000e+01 2.000000000000000000e+01 0.000000000000000000e+00 1.600000000000000089e+00 -5.999999999999999474e-04 -3.380000000000000192e-03 9.999940000000000495e-01 2.603559999999999763e-01 9.655070000000000041e-01 3.419999999999999863e-03 -9.655129999999999546e-01 2.603559999999999763e-01 2.999999999999999737e-04
6.000000000000000000e+00 3.000000000000000000e+00 2.500000000000000000e+01 0.000000000000000000e+00 1.600000000000000089e+00 -9.634999999999999468e-03 -2.566999999999999837e-03 9.999500000000000055e-01 -3.695199999999999874e-02 -9.993130000000000068e-01 -2.920999999999999985e-03 9.992710000000000203e-01 -3.697799999999999698e-02 9.532999999999999807e-03
1.200000000000000000e+01 3.000000000000000000e+00 2.500000000000000000e+01 0.000000000000000000e+00 1.600000000000000089e+00 -2.380000000000000117e-04 6.616000000000000353e-03 9.999780000000000335e-01 -3.330500000000000127e-02 -9.994229999999999503e-01 6.603999999999999627e-03 9.994450000000000278e-01 -3.330299999999999927e-02 4.580000000000000195e-04
2.200000000000000000e+01 3.000000000000000000e+00 2.500000000000000000e+01 0.000000000000000000e+00 1.600000000000000089e+00 -9.089999999999999773e-04 -4.937999999999999681e-03 9.999869999999999592e-01 -4.791299999999999726e-02 -9.988390000000000324e-01 -4.975000000000000255e-03 9.988510000000000444e-01 -4.791700000000000126e-02 6.710000000000000469e-04
2.800000000000000000e+01 3.000000000000000000e+00 2.500000000000000000e+01 0.000000000000000000e+00 1.600000000000000089e+00 -1.007000000000000083e-03 -8.409999999999999507e-04 9.999989999999999712e-01 -3.383900000000000102e-02 -9.994269999999999543e-01 -8.739999999999999939e-04 9.994269999999999543e-01 -3.383900000000000102e-02 9.779999999999999197e-04
1.600000000000000000e+01 4.600000000000000000e+01 3.000000000000000000e+01 0.000000000000000000e+00 1.600000000000000089e+00 -9.349999999999999587e-04 -1.054999999999999948e-03 -9.999989999999999712e-01 3.285179999999999767e-01 9.444970000000000310e-01 -1.302999999999999905e-03 9.444970000000000310e-01 -3.285190000000000055e-01 -5.360000000000000181e-04
2.200000000000000000e+01 4.600000000000000000e+01 3.000000000000000000e+01 0.000000000000000000e+00 1.600000000000000089e+00 2.171999999999999886e-03 1.355000000000000085e-03 -9.999970000000000248e-01 3.303780000000000050e-01 9.438469999999999915e-01 1.997000000000000077e-03 9.438459999999999628e-01 -3.303809999999999802e-01 1.601999999999999908e-03
9.000000000000000000e+00 5.800000000000000000e+01 3.100000000000000000e+01 0.000000000000000000e+00 1.600000000000000089e+00 4.299999999999999894e-04 4.919999999999999894e-03 9.999879999999999880e-01 -7.706340000000000412e-01 -6.372679999999999456e-01 3.467000000000000030e-03 6.372769999999999824e-01 -7.706269999999999509e-01 3.517000000000000161e-03
1.700000000000000000e+01 5.800000000000000000e+01 3.100000000000000000e+01 0.000000000000000000e+00 1.600000000000000089e+00 -1.536999999999999955e-03 -3.278999999999999797e-03 9.999930000000000208e-01 -7.669399999999999551e-01 -6.417100000000000026e-01 -3.282999999999999894e-03 6.417169999999999819e-01 -7.669399999999999551e-01 -1.528000000000000061e-03
2.100000000000000000e+01 5.800000000000000000e+01 3.100000000000000000e+01 0.000000000000000000e+00 1.600000000000000089e+00 -1.613999999999999983e-03 -3.883999999999999866e-03 9.999909999999999632e-01 -7.688880000000000159e-01 -6.393729999999999691e-01 -3.723999999999999880e-03 6.393820000000000059e-01 -7.688869999999999871e-01 -1.954000000000000008e-03
2.300000000000000000e+01 5.800000000000000000e+01 3.100000000000000000e+01 0.000000000000000000e+00 1.600000000000000089e+00 -1.242000000000000048e-03 -3.792999999999999931e-03 9.999919999999999920e-01 -7.693640000000000478e-01 -6.388019999999999810e-01 -3.379000000000000059e-03 6.388089999999999602e-01 -7.693619999999999903e-01 -2.125000000000000153e-03
3.000000000000000000e+00 4.600000000000000000e+01 3.500000000000000000e+01 0.000000000000000000e+00 1.600000000000000089e+00 5.850000000000000165e-04 -2.733000000000000186e-03 -9.999959999999999960e-01 3.921049999999999813e-01 -9.199159999999999560e-01 2.743000000000000212e-03 -9.199199999999999600e-01 -3.921049999999999813e-01 5.330000000000000536e-04
9.000000000000000000e+00 4.600000000000000000e+01 3.500000000000000000e+01 0.000000000000000000e+00 1.600000000000000089e+00 1.825000000000000016e-03 -1.221999999999999996e-03 -9.999980000000000535e-01 3.933530000000000082e-01 -9.193860000000000365e-01 1.840999999999999972e-03 -9.193860000000000365e-01 -3.933550000000000102e-01 -1.196999999999999930e-03
1.700000000000000000e+01 4.600000000000000000e+01 3.500000000000000000e+01 0.000000000000000000e+00 1.600000000000000089e+00 3.750000000000000078e-04 -1.041999999999999958e-03 -9.999989999999999712e-01 3.926950000000000163e-01 -9.196680000000000410e-01 1.105999999999999995e-03 -9.196689999999999587e-01 -3.926950000000000163e-01 6.499999999999999431e-05
2.100000000000000000e+01 4.600000000000000000e+01 3.500000000000000000e+01 0.000000000000000000e+00 1.600000000000000089e+00 -1.659999999999999963e-04 -1.041999999999999958e-03 -9.999989999999999712e-01 3.912479999999999847e-01 -9.202850000000000197e-01 8.940000000000000464e-04 -9.202850000000000197e-01 -3.912479999999999847e-01 5.609999999999999752e-04
2.800000000000000000e+01 4.600000000000000000e+01 3.500000000000000000e+01 0.000000000000000000e+00 1.600000000000000089e+00 2.400000000000000061e-04 -4.211000000000000333e-03 -9.999909999999999632e-01 3.894409999999999816e-01 -9.210429999999999451e-01 3.971999999999999836e-03 -9.210509999999999531e-01 -3.894389999999999796e-01 1.418999999999999906e-03
3.000000000000000000e+00 3.000000000000000000e+00 4.300000000000000000e+01 0.000000000000000000e+00 1.600000000000000089e+00 2.239000000000000105e-03 -1.140799999999999974e-02 -9.999320000000000430e-01 7.366049999999999542e-01 -6.762590000000000545e-01 9.364000000000000795e-03 -6.763200000000000323e-01 -7.365760000000000085e-01 6.889000000000000158e-03
7.000000000000000000e+00 3.000000000000000000e+00 4.300000000000000000e+01 0.000000000000000000e+00 1.600000000000000089e+00 -1.310000000000000129e-04 -3.167400000000000077e-02 -9.994979999999999976e-01 7.442060000000000342e-01 -6.676180000000000447e-01 2.105900000000000133e-02 -6.679500000000000437e-01 -7.438299999999999912e-01 2.365899999999999948e-02
9.000000000000000000e+00 3.000000000000000000e+00 4.300000000000000000e+01 0.000000000000000000e+00 1.600000000000000089e+00 -4.030999999999999861e-03 -2.843899999999999900e-02 -9.995870000000000033e-01 7.481179999999999497e-01 -6.633759999999999657e-01 1.585599999999999857e-02 -6.635539999999999772e-01 -7.477449999999999930e-01 2.394999999999999907e-02
1.600000000000000000e+01 3.000000000000000000e+00 4.300000000000000000e+01 0.000000000000000000e+00 1.600000000000000089e+00 -9.990000000000001049e-04 2.320099999999999940e-02 -9.997300000000000075e-01 7.539280000000000426e-01 -6.567619999999999569e-01 -1.599599999999999980e-02 -6.569559999999999844e-01 -7.537409999999999943e-01 -1.683600000000000027e-02
2.300000000000000000e+01 3.000000000000000000e+00 4.300000000000000000e+01 0.000000000000000000e+00 1.600000000000000089e+00 -4.920000000000000328e-04 6.624999999999999813e-03 -9.999780000000000335e-01 7.408860000000000445e-01 -6.716140000000000443e-01 -4.813999999999999703e-03 -6.716309999999999780e-01 -7.408719999999999750e-01 -4.577999999999999604e-03
9.000000000000000000e+00 8.000000000000000000e+00 4.400000000000000000e+01 0.000000000000000000e+00 1.600000000000000089e+00 -4.977999999999999786e-03 -1.160199999999999947e-02 9.999200000000000310e-01 -7.839840000000000142e-01 -6.206810000000000382e-01 -1.110500000000000029e-02 6.207599999999999785e-01 -7.839770000000000350e-01 -6.006000000000000054e-03
1.600000000000000000e+01 8.000000000000000000e+00 4.400000000000000000e+01 0.000000000000000000e+00 1.600000000000000089e+00 2.344999999999999862e-03 5.292999999999999962e-03 9.999829999999999552e-01 -7.894039999999999946e-01 -6.138529999999999820e-01 5.100000000000000366e-03 6.138700000000000268e-01 -7.894029999999999658e-01 2.737999999999999982e-03
2.000000000000000000e+01 8.000000000000000000e+00 4.400000000000000000e+01 0.000000000000000000e+00 1.600000000000000089e+00 3.896000000000000157e-03 5.126999999999999613e-03 9.999789999999999512e-01 -7.897830000000000128e-01 -6.133539999999999548e-01 6.222000000000000100e-03 6.133739999999999748e-01 -7.897910000000000208e-01 1.660000000000000017e-03
2.400000000000000000e+01 8.000000000000000000e+00 4.400000000000000000e+01 0.000000000000000000e+00 1.600000000000000089e+00 2.122000000000000188e-03 3.883000000000000167e-03 9.999900000000000455e-01 -7.903850000000000042e-01 -6.125969999999999471e-01 4.055999999999999710e-03 6.126070000000000126e-01 -7.903860000000000330e-01 1.768999999999999956e-03
5.000000000000000000e+00 2.900000000000000000e+01 4.400000000000000000e+01 0.000000000000000000e+00 1.600000000000000089e+00 -2.537999999999999892e-03 2.539999999999999940e-04 -9.999970000000000248e-01 6.475870000000000237e-01 7.619899999999999451e-01 -1.449999999999999900e-03 7.619869999999999699e-01 -6.475880000000000525e-01 -2.098000000000000038e-03
1.000000000000000000e+01 2.900000000000000000e+01 4.400000000000000000e+01 0.000000000000000000e+00 1.600000000000000089e+00 1.056999999999999997e-03 -4.490000000000000176e-04 -9.999989999999999712e-01 6.517060000000000075e-01 7.584720000000000351e-01 3.480000000000000020e-04 7.584710000000000063e-01 -6.517049999999999788e-01 1.093999999999999920e-03
1.900000000000000000e+01 2.900000000000000000e+01 4.400000000000000000e+01 0.000000000000000000e+00 1.600000000000000089e+00 8.549999999999999658e-04 5.580000000000000107e-04 -1.000000000000000000e+00 6.568950000000000067e-01 7.539810000000000123e-01 9.820000000000000170e-04 7.539820000000000411e-01 -6.568960000000000354e-01 2.779999999999999811e-04
2.300000000000000000e+01 2.900000000000000000e+01 4.400000000000000000e+01 0.000000000000000000e+00 1.600000000000000089e+00 3.199999999999999855e-05 -9.240000000000000166e-04 -1.000000000000000000e+00 6.562160000000000215e-01 7.545730000000000492e-01 -6.769999999999999759e-04 7.545730000000000492e-01 -6.562160000000000215e-01 6.310000000000000504e-04
2.600000000000000000e+01 2.900000000000000000e+01 4.400000000000000000e+01 0.000000000000000000e+00 1.600000000000000089e+00 -1.546000000000000065e-03 -2.435999999999999797e-03 -9.999959999999999960e-01 6.541299999999999892e-01 7.563769999999999660e-01 -2.854000000000000200e-03 7.563800000000000523e-01 -6.541320000000000467e-01 4.240000000000000062e-04
2.900000000000000000e+01 6.500000000000000000e+01 4.600000000000000000e+01 0.000000000000000000e+00 1.600000000000000089e+00 2.250999999999999963e-03 -3.085000000000000069e-03 9.999930000000000208e-01 6.805759999999999588e-01 -7.326669999999999572e-01 -3.791999999999999798e-03 7.326740000000000475e-01 6.805799999999999628e-01 4.499999999999999877e-04
1.200000000000000000e+01 7.000000000000000000e+01 4.700000000000000000e+01 0.000000000000000000e+00 1.600000000000000089e+00 1.843999999999999936e-03 -5.932999999999999906e-03 -9.999810000000000088e-01 -8.427639999999999576e-01 -5.382810000000000095e-01 1.639999999999999965e-03 -5.382799999999999807e-01 8.427449999999999664e-01 -5.993000000000000063e-03
3.000000000000000000e+00 5.000000000000000000e+00 5.100000000000000000e+01 0.000000000000000000e+00 1.600000000000000089e+00 2.106999999999999932e-03 -1.173999999999999913e-03 -9.999970000000000248e-01 4.783800000000000274e-01 -8.781510000000000149e-01 2.039000000000000014e-03 -8.781510000000000149e-01 -4.783830000000000027e-01 -1.288000000000000082e-03
7.000000000000000000e+00 5.000000000000000000e+00 5.100000000000000000e+01 0.000000000000000000e+00 1.600000000000000089e+00 -2.674999999999999861e-03 -1.456600000000000082e-02 -9.998899999999999455e-01 4.786349999999999771e-01 -8.779390000000000249e-01 1.150900000000000013e-02 -8.780099999999999572e-01 -4.785519999999999774e-01 9.320999999999999425e-03
1.300000000000000000e+01 5.000000000000000000e+00 5.100000000000000000e+01 0.000000000000000000e+00 1.600000000000000089e+00 1.925999999999999978e-03 5.086000000000000243e-03 -9.999850000000000128e-01 4.727899999999999880e-01 -8.811679999999999513e-01 -3.570999999999999956e-03 -8.811729999999999841e-01 -4.727759999999999740e-01 -4.101999999999999744e-03
2.400000000000000000e+01 5.000000000000000000e+00 5.100000000000000000e+01 0.000000000000000000e+00 1.600000000000000089e+00 6.769999999999999759e-04 8.715999999999999789e-03 -9.999620000000000175e-01 4.669460000000000277e-01 -8.842550000000000132e-01 -7.391000000000000000e-03 -8.842860000000000165e-01 -4.669229999999999769e-01 -4.669000000000000407e-03
1.500000000000000000e+01 1.150000000000000000e+02 5.100000000000000000e+01 0.000000000000000000e+00 1.600000000000000089e+00 6.560000000000000076e-04 2.320000000000000014e-04 1.000000000000000000e+00 8.484099999999999975e-01 -5.293400000000000327e-01 -4.339999999999999782e-04 5.293390000000000040e-01 8.484099999999999975e-01 -5.450000000000000200e-04
1.000000000000000000e+00 6.300000000000000000e+01 5.400000000000000000e+01 0.000000000000000000e+00 1.600000000000000089e+00 -2.445999999999999824e-03 1.098999999999999934e-03 9.999959999999999960e-01 -3.398160000000000069e-01 9.404900000000000482e-01 -1.864999999999999904e-03 -9.404890000000000194e-01 -3.398200000000000109e-01 -1.926999999999999894e-03
8.000000000000000000e+00 6.300000000000000000e+01 5.400000000000000000e+01 0.000000000000000000e+00 1.600000000000000089e+00 9.840000000000000656e-04 -4.910000000000000085e-04 9.999989999999999712e-01 -3.351779999999999760e-01 9.421549999999999647e-01 7.919999999999999523e-04 -9.421540000000000470e-01 -3.351779999999999760e-01 7.630000000000000063e-04
1.300000000000000000e+01 6.300000000000000000e+01 5.400000000000000000e+01 0.000000000000000000e+00 1.600000000000000089e+00 1.698000000000000074e-03 -9.049999999999999885e-04 9.999980000000000535e-01 -3.400460000000000149e-01 9.404080000000000217e-01 1.428999999999999932e-03 -9.404069999999999929e-01 -3.400480000000000169e-01 1.288999999999999998e-03
1.800000000000000000e+01 6.300000000000000000e+01 5.400000000000000000e+01 0.000000000000000000e+00 1.600000000000000089e+00 1.776000000000000018e-03 1.044999999999999922e-03 9.999980000000000535e-01 -3.463109999999999800e-01 9.381199999999999539e-01 -3.660000000000000059e-04 -9.381180000000000074e-01 -3.463089999999999780e-01 2.027999999999999855e-03
2.700000000000000000e+01 6.300000000000000000e+01 5.400000000000000000e+01 0.000000000000000000e+00 1.600000000000000089e+00 -6.430000000000000169e-04 -8.000000000000000654e-05 1.000000000000000000e+00 -3.490960000000000174e-01 9.370870000000000033e-01 -1.489999999999999897e-04 -9.370870000000000033e-01 -3.490960000000000174e-01 -6.300000000000000261e-04
3.000000000000000000e+00 2.500000000000000000e+01 5.500000000000000000e+01 0.000000000000000000e+00 1.600000000000000089e+00 1.742999999999999975e-03 -3.328999999999999928e-03 -9.999930000000000208e-01 -1.197999999999999933e-02 -9.999230000000000063e-01 3.308000000000000176e-03 -9.999270000000000103e-01 1.197499999999999953e-02 -1.783000000000000080e-03
6.000000000000000000e+00 2.500000000000000000e+01 5.500000000000000000e+01 0.000000000000000000e+00 1.600000000000000089e+00 1.610000000000000103e-03 6.489999999999999459e-04 -9.999980000000000535e-01 -1.256700000000000005e-02 -9.999209999999999487e-01 -6.689999999999999983e-04 -9.999200000000000310e-01 1.256799999999999931e-02 -1.601999999999999908e-03
1.200000000000000000e+01 2.500000000000000000e+01 5.500000000000000000e+01 0.000000000000000000e+00 1.600000000000000089e+00 9.950000000000000077e-04 4.457000000000000024e-03 -9.999900000000000455e-01 -9.990999999999999881e-03 -9.999400000000000510e-01 -4.466999999999999617e-03 -9.999500000000000055e-01 9.995000000000000412e-03 -9.510000000000000224e-04
1.000000000000000000e+01 2.100000000000000000e+01 6.000000000000000000e+01 0.000000000000000000e+00 1.600000000000000089e+00 1.930000000000000021e-04 -1.629000000000000023e-03 9.999989999999999712e-01 -9.524100000000000621e-02 9.954530000000000323e-01 1.639999999999999965e-03 -9.954539999999999500e-01 -9.524100000000000621e-02 3.699999999999999811e-05
1.400000000000000000e+01 2.100000000000000000e+01 6.000000000000000000e+01 0.000000000000000000e+00 1.600000000000000089e+00 -7.730000000000000326e-04 -5.749999999999999903e-04 1.000000000000000000e+00 -9.469500000000000139e-02 9.955060000000000020e-01 4.989999999999999861e-04 -9.955060000000000020e-01 -9.469400000000000039e-02 -8.239999999999999712e-04
1.700000000000000000e+01 2.100000000000000000e+01 6.000000000000000000e+01 0.000000000000000000e+00 1.600000000000000089e+00 -1.739000000000000094e-03 -3.642999999999999971e-03 9.999919999999999920e-01 -9.550200000000000355e-02 9.954229999999999468e-01 3.459999999999999968e-03 -9.954279999999999795e-01 -9.549499999999999655e-02 -2.079000000000000119e-03
2.100000000000000000e+01 2.100000000000000000e+01 6.000000000000000000e+01 0.000000000000000000e+00 1.600000000000000089e+00 -3.420000000000000188e-04 2.151000000000000134e-03 9.999980000000000535e-01 -9.551900000000000668e-02 9.954250000000000043e-01 -2.174000000000000151e-03 -9.954279999999999795e-01 -9.551900000000000668e-02 -1.350000000000000017e-04
2.300000000000000000e+01 2.100000000000000000e+01 6.000000000000000000e+01 0.000000000000000000e+00 1.600000000000000089e+00 7.919999999999999523e-04 5.093000000000000305e-03 9.999869999999999592e-01 -9.461899999999999478e-02 9.955009999999999692e-01 -4.995999999999999573e-03 -9.955129999999999812e-01 -9.461400000000000365e-02 1.270000000000000078e-03
6.000000000000000000e+00 6.700000000000000000e+01 6.000000000000000000e+01 0.000000000000000000e+00 1.600000000000000089e+00 -1.234999999999999987e-03 -3.530999999999999851e-03 9.999930000000000208e-01 1.750019999999999909e-01 -9.845629999999999660e-01 -3.259999999999999877e-03 9.845669999999999700e-01 1.749960000000000127e-01 1.832999999999999994e-03
2.900000000000000000e+01 6.700000000000000000e+01 6.000000000000000000e+01 0.000000000000000000e+00 1.600000000000000089e+00 -2.245000000000000034e-03 4.060000000000000024e-04 9.999970000000000248e-01 1.745109999999999995e-01 -9.846549999999999470e-01 7.919999999999999523e-04 9.846530000000000005e-01 1.745130000000000015e-01 2.139999999999999975e-03
1.100000000000000000e+01 6.000000000000000000e+00 6.100000000000000000e+01 0.000000000000000000e+00 1.600000000000000089e+00 1.634999999999999952e-03 -9.499999999999999764e-03 9.999540000000000095e-01 5.661869999999999958e-01 -8.242300000000000182e-01 -8.755999999999999894e-03 8.242749999999999799e-01 5.661749999999999838e-01 4.030999999999999861e-03
2.500000000000000000e+01 6.000000000000000000e+00 6.100000000000000000e+01 0.000000000000000000e+00 1.600000000000000089e+00 -1.191000000000000001e-03 1.358299999999999959e-02 9.999069999999999903e-01 5.704679999999999751e-01 -8.212350000000000483e-01 1.183599999999999930e-02 8.213190000000000213e-01 5.704289999999999639e-01 -6.771000000000000109e-03
