6.000000000000000000e+00 1.500000000000000000e+01 4.000000000000000000e+00 0.000000000000000000e+00 1.600000000000000089e+00 1.513999999999999938e-03 3.981000000000000164e-03 9.999909999999999632e-01 3.205689999999999928e-01 -9.472190000000000332e-01 3.285999999999999859e-03 9.472239999999999549e-01 3.205620000000000136e-01 -2.710000000000000169e-03
1.100000000000000000e+01 1.500000000000000000e+01 4.000000000000000000e+00 0.000000000000000000e+00 1.600000000000000089e+00 2.108000000000000065e-03 6.002999999999999656e-03 9.999799999999999800e-01 3.225589999999999846e-01 -9.465360000000000440e-01 5.002999999999999635e-03 9.465470000000000272e-01 3.225419999999999954e-01 -3.930999999999999599e-03
1.600000000000000000e+01 1.500000000000000000e+01 4.000000000000000000e+00 0.000000000000000000e+00 1.600000000000000089e+00 -3.129999999999999970e-03 -7.861999999999999197e-03 9.999639999999999640e-01 3.211439999999999850e-01 -9.470079999999999609e-01 -6.440000000000000412e-03 9.470250000000000057e-01 3.211120000000000085e-01 5.488999999999999956e-03
2.100000000000000000e+01 1.500000000000000000e+01 4.000000000000000000e+00 0.000000000000000000e+00 1.600000000000000089e+00 1.547999999999999897e-03 -6.056999999999999884e-03 9.999799999999999800e-01 3.236910000000000065e-01 -9.461420000000000385e-01 -6.231999999999999693e-03 9.461619999999999475e-01 3.236939999999999817e-01 4.960000000000000216e-04
2.800000000000000000e+01 1.500000000000000000e+01 4.000000000000000000e+00 0.000000000000000000e+00 1.600000000000000089e+00 -5.183000000000000107e-03 -6.204999999999999578e-03 9.999670000000000503e-01 3.237369999999999970e-01 -9.461380000000000345e-01 -4.192999999999999679e-03 9.461330000000000018e-01 3.237050000000000205e-01 6.911999999999999741e-03
2.200000000000000000e+01 1.900000000000000000e+01 5.000000000000000000e+00 0.000000000000000000e+00 1.600000000000000089e+00 -1.678999999999999937e-03 -4.980000000000000052e-03 -9.999860000000000415e-01 -6.743040000000000145e-01 -7.384380000000000388e-01 4.810000000000000039e-03 -7.384519999999999973e-01 6.743029999999999857e-01 -2.118000000000000091e-03
1.500000000000000000e+01 1.010000000000000000e+02 7.000000000000000000e+00 0.000000000000000000e+00 1.600000000000000089e+00 -6.008999999999999585e-03 1.467000000000000075e-02 9.998740000000000405e-01 8.810700000000000198e-01 4.729840000000000155e-01 -1.644999999999999978e-03 -4.729479999999999795e-01 8.809489999999999821e-01 -1.576800000000000077e-02
2.500000000000000000e+01 1.010000000000000000e+02 7.000000000000000000e+00 0.000000000000000000e+00 1.600000000000000089e+00 -1.618999999999999996e-03 -4.962799999999999850e-02 9.987660000000000426e-01 8.807829999999999826e-01 4.728640000000000065e-01 2.492499999999999924e-02 -4.735179999999999945e-01 8.797369999999999912e-01 4.294599999999999806e-02
3.000000000000000000e+00 2.500000000000000000e+01 8.000000000000000000e+00 0.000000000000000000e+00 1.600000000000000089e+00 -1.325999999999999922e-03 1.520000000000000084e-03 -9.999980000000000535e-01 4.519690000000000096e-01 8.920329999999999648e-01 7.560000000000000530e-04 8.920329999999999648e-01 -4.519670000000000076e-01 -1.869999999999999917e-03
8.000000000000000000e+00 2.500000000000000000e+01 8.000000000000000000e+00 0.000000000000000000e+00 1.600000000000000089e+00 -1.309000000000000051e-03 -1.325999999999999922e-03 -9.999980000000000535e-01 4.536180000000000212e-01 8.911940000000000417e-01 -1.776000000000000018e-03 8.911949999999999594e-01 -4.536200000000000232e-01 -5.649999999999999641e-04
1.400000000000000000e+01 2.500000000000000000e+01 8.000000000000000000e+00 0.000000000000000000e+00 1.600000000000000089e+00 -9.820000000000000170e-04 6.701999999999999624e-03 -9.999770000000000048e-01 4.530980000000000008e-01 8.914440000000000142e-01 5.529000000000000060e-03 8.914600000000000302e-01 -4.530819999999999848e-01 -3.911999999999999679e-03
1.700000000000000000e+01 2.500000000000000000e+01 8.000000000000000000e+00 0.000000000000000000e+00 1.600000000000000089e+00 -1.054000000000000032e-03 -2.191999999999999938e-03 -9.999970000000000248e-01 4.544039999999999746e-01 8.907920000000000282e-01 -2.432000000000000134e-03 8.907950000000000035e-01 -4.544050000000000034e-01 5.700000000000000314e-05
2.100000000000000000e+01 2.500000000000000000e+01 8.000000000000000000e+00 0.000000000000000000e+00 1.600000000000000089e+00 -8.750000000000000182e-04 1.258000000000000004e-03 -9.999989999999999712e-01 4.554230000000000222e-01 8.902750000000000385e-01 7.209999999999999612e-04 8.902750000000000385e-01 -4.554219999999999935e-01 -1.350999999999999987e-03
8.000000000000000000e+00 2.400000000000000000e+01 9.000000000000000000e+00 0.000000000000000000e+00 1.600000000000000089e+00 -1.270999999999999994e-03 -2.203000000000000097e-03 -9.999970000000000248e-01 4.554469999999999907e-01 8.902590000000000225e-01 -2.540000000000000157e-03 8.902619999999999978e-01 -4.554489999999999927e-01 -1.279999999999999942e-04
1.700000000000000000e+01 2.400000000000000000e+01 9.000000000000000000e+00 0.000000000000000000e+00 1.600000000000000089e+00 -1.250000000000000026e-03 -2.076000000000000154e-03 -9.999970000000000248e-01 4.559810000000000252e-01 8.899860000000000548e-01 -2.418000000000000010e-03 8.899890000000000301e-01 -4.559819999999999984e-01 -1.659999999999999963e-04
2.500000000000000000e+01 2.400000000000000000e+01 9.000000000000000000e+00 0.000000000000000000e+00 1.600000000000000089e+00 7.479999999999999670e-04 -5.500000000000000196e-05 -1.000000000000000000e+00 4.579309999999999770e-01 8.889880000000000004e-01 2.939999999999999905e-04 8.889880000000000004e-01 -4.579309999999999770e-01 6.899999999999999667e-04
2.500000000000000000e+01 1.200000000000000000e+01 1.000000000000000000e+01 0.000000000000000000e+00 1.600000000000000089e+00 -4.539999999999999765e-04 -4.926999999999999956e-03 -9.999879999999999880e-01 -5.511779999999999458e-01 -8.343760000000000066e-01 4.361000000000000293e-03 -8.343880000000000186e-01 5.511730000000000240e-01 -2.337000000000000102e-03
4.000000000000000000e+00 3.100000000000000000e+01 1.200000000000000000e+01 0.000000000000000000e+00 1.600000000000000089e+00 2.900000000000000017e-05 -2.873000000000000120e-03 9.999959999999999960e-01 -1.707300000000000137e-02 9.998500000000000165e-01 2.873999999999999819e-03 -9.998540000000000205e-01 -1.707300000000000137e-02 -2.000000000000000164e-05
3.000000000000000000e+00 3.500000000000000000e+01 1.200000000000000000e+01 0.000000000000000000e+00 1.600000000000000089e+00 -5.850000000000000165e-04 2.249999999999999938e-04 -1.000000000000000000e+00 4.544579999999999731e-01 -8.907680000000000042e-01 -4.659999999999999971e-04 -8.907680000000000042e-01 -4.544579999999999731e-01 4.189999999999999931e-04
8.000000000000000000e+00 3.500000000000000000e+01 1.200000000000000000e+01 0.000000000000000000e+00 1.600000000000000089e+00 1.556000000000000091e-03 8.000000000000000654e-05 -9.999989999999999712e-01 4.500339999999999896e-01 -8.930109999999999992e-01 6.290000000000000018e-04 -8.930099999999999705e-01 -4.500350000000000183e-01 -1.425000000000000051e-03
1.700000000000000000e+01 3.500000000000000000e+01 1.200000000000000000e+01 0.000000000000000000e+00 1.600000000000000089e+00 -5.890000000000000053e-04 -8.140000000000000534e-04 -9.999989999999999712e-01 4.166880000000000028e-01 -9.090489999999999959e-01 4.939999999999999730e-04 -9.090489999999999959e-01 -4.166880000000000028e-01 8.750000000000000182e-04
2.100000000000000000e+01 3.500000000000000000e+01 1.200000000000000000e+01 0.000000000000000000e+00 1.600000000000000089e+00 2.455999999999999850e-03 -6.040000000000000230e-03 -9.999789999999999512e-01 4.027569999999999761e-01 -9.152839999999999865e-01 6.517000000000000223e-03 -9.153029999999999777e-01 -4.027649999999999841e-01 1.849999999999999973e-04
2.700000000000000000e+01 3.200000000000000000e+01 1.400000000000000000e+01 0.000000000000000000e+00 1.600000000000000089e+00 1.191999999999999917e-03 4.152999999999999574e-03 -9.999909999999999632e-01 1.052189999999999931e-01 9.944399999999999906e-01 4.255000000000000102e-03 9.944479999999999986e-01 -1.052229999999999971e-01 7.489999999999999913e-04
8.000000000000000000e+00 1.200000000000000000e+01 1.500000000000000000e+01 0.000000000000000000e+00 1.600000000000000089e+00 -5.500000000000000196e-05 -1.211000000000000054e-03 -9.999989999999999712e-01 -4.635520000000000196e-01 -8.860689999999999955e-01 1.098999999999999934e-03 -8.860700000000000243e-01 4.635520000000000196e-01 -5.130000000000000011e-04
1.700000000000000000e+01 1.200000000000000000e+01 1.500000000000000000e+01 0.000000000000000000e+00 1.600000000000000089e+00 -1.512000000000000106e-03 -3.926999999999999935e-03 -9.999909999999999632e-01 -4.636460000000000026e-01 -8.860109999999999930e-01 4.179999999999999688e-03 -8.860190000000000010e-01 4.636480000000000046e-01 -4.809999999999999823e-04
6.000000000000000000e+00 1.160000000000000000e+02 1.600000000000000000e+01 0.000000000000000000e+00 1.600000000000000089e+00 2.579999999999999828e-03 6.679000000000000041e-03 9.999740000000000295e-01 7.362490000000000423e-01 6.766799999999999482e-01 -6.420000000000000359e-03 -6.767060000000000297e-01 7.362469999999999848e-01 -3.171000000000000207e-03
2.200000000000000000e+01 1.160000000000000000e+02 1.600000000000000000e+01 0.000000000000000000e+00 1.600000000000000089e+00 -8.600000000000000331e-05 1.750999999999999952e-03 9.999980000000000535e-01 7.591299999999999715e-01 6.509380000000000166e-01 -1.074000000000000085e-03 -6.509390000000000454e-01 7.591290000000000537e-01 -1.384999999999999946e-03
2.700000000000000000e+01 1.160000000000000000e+02 1.600000000000000000e+01 0.000000000000000000e+00 1.600000000000000089e+00 -3.017000000000000150e-03 -2.199999999999999943e-05 9.999949999999999672e-01 7.680069999999999952e-01 6.404379999999999518e-01 2.331999999999999872e-03 -6.404349999999999765e-01 7.680099999999999705e-01 -1.915000000000000036e-03
7.000000000000000000e+00 2.000000000000000000e+00 1.900000000000000000e+01 0.000000000000000000e+00 1.600000000000000089e+00 -4.389999999999999914e-04 5.322999999999999607e-03 -9.999860000000000415e-01 1.689370000000000038e-01 -9.856129999999999614e-01 -5.321000000000000209e-03 -9.856270000000000309e-01 -1.689370000000000038e-01 -4.670000000000000214e-04
1.700000000000000000e+01 2.000000000000000000e+00 1.900000000000000000e+01 0.000000000000000000e+00 1.600000000000000089e+00 -1.230000000000000082e-04 -4.772000000000000200e-03 -9.999890000000000168e-01 1.611720000000000097e-01 -9.869149999999999867e-01 4.689999999999999725e-03 -9.869259999999999700e-01 -1.611700000000000077e-01 8.909999999999999734e-04
2.100000000000000000e+01 2.000000000000000000e+00 1.900000000000000000e+01 0.000000000000000000e+00 1.600000000000000089e+00 -1.430000000000000064e-03 -1.821800000000000155e-02 -9.998329999999999718e-01 1.595560000000000034e-01 -9.870290000000000452e-01 1.775600000000000095e-02 -9.871879999999999544e-01 -1.595040000000000069e-01 4.317999999999999790e-03
2.600000000000000000e+01 2.000000000000000000e+00 1.900000000000000000e+01 0.000000000000000000e+00 1.600000000000000089e+00 2.229999999999999994e-04 -2.788000000000000114e-03 -9.999959999999999960e-01 1.525479999999999892e-01 -9.882919999999999483e-01 2.789999999999999945e-03 -9.882959999999999523e-01 -1.525479999999999892e-01 2.049999999999999956e-04
2.900000000000000000e+01 2.000000000000000000e+00 1.900000000000000000e+01 0.000000000000000000e+00 1.600000000000000089e+00 3.021999999999999947e-03 4.461999999999999821e-03 -9.999850000000000128e-01 1.511570000000000136e-01 -9.885019999999999918e-01 -3.954000000000000049e-03 -9.885049999999999670e-01 -1.511419999999999986e-01 -3.661000000000000192e-03
3.000000000000000000e+00 4.000000000000000000e+00 2.000000000000000000e+01 0.000000000000000000e+00 1.600000000000000089e+00 -2.044999999999999943e-03 7.190000000000000210e-04 -9.999980000000000535e-01 2.560839999999999783e-01 -9.666540000000000132e-01 -1.219000000000000031e-03 -9.666519999999999557e-01 -2.560859999999999803e-01 1.793000000000000106e-03
7.000000000000000000e+00 1.300000000000000000e+01 2.000000000000000000e+01 0.000000000000000000e+00 1.600000000000000089e+00 8.500000000000000611e-05 1.000000000000000021e-03 1.000000000000000000e+00 2.519620000000000193e-01 9.677360000000000406e-01 -9.890000000000000787e-04 -9.677369999999999584e-01 2.519620000000000193e-01 -1.700000000000000122e-04
1.100000000000000000e+01 1.300000000000000000e+01 2.000000000000000000e+01 0.000000000000000000e+00 1.600000000000000089e+00 4.749999999999999990e-04 -2.864999999999999925e-03 9.999959999999999960e-01 2.500959999999999850e-01 9.682169999999999943e-01 2.654999999999999808e-03 -9.682209999999999983e-01 2.500939999999999830e-01 1.177000000000000095e-03
1.800000000000000000e+01 1.300000000000000000e+01 2.000000000000000000e+01 0.000000000000000000e+00 1.600000000000000089e+00 3.100000000000000135e-05 -8.980000000000000352e-04 1.000000000000000000e+00 2.514109999999999956e-01 9.678799999999999626e-01 8.610000000000000032e-04 -9.678799999999999626e-01 2.514109999999999956e-01 2.550000000000000183e-04
9.000000000000000000e+00 1.600000000000000000e+01 2.100000000000000000e+01 0.000000000000000000e+00 1.600000000000000089e+00 2.099999999999999884e-05 -5.209999999999999788e-04 1.000000000000000000e+00 2.983990000000000253e-01 9.544409999999999838e-01 4.910000000000000085e-04 -9.544409999999999838e-01 2.983990000000000253e-01 1.749999999999999982e-04
1.400000000000000000e+01 1.600000000000000000e+01 2.100000000000000000e+01 0.000000000000000000e+00 1.600000000000000089e+00 7.299999999999999903e-05 -6.712000000000000084e-03 9.999770000000000048e-01 2.973500000000000032e-01 9.547470000000000123e-01 6.386000000000000183e-03 -9.547689999999999788e-01 2.973430000000000240e-01 2.066000000000000128e-03
2.300000000000000000e+01 1.600000000000000000e+01 2.100000000000000000e+01 0.000000000000000000e+00 1.600000000000000089e+00 2.188999999999999974e-03 1.094700000000000013e-02 9.999379999999999935e-01 2.990380000000000260e-01 9.541760000000000241e-01 -1.110099999999999976e-02 -9.542389999999999484e-01 2.990439999999999765e-01 -1.185000000000000072e-03
2.600000000000000000e+01 1.600000000000000000e+01 2.100000000000000000e+01 0.000000000000000000e+00 1.600000000000000089e+00 1.998999999999999909e-03 1.415100000000000038e-02 9.998979999999999535e-01 2.971300000000000052e-01 9.547330000000000538e-01 -1.410600000000000048e-02 -9.548349999999999893e-01 2.971280000000000032e-01 -2.295999999999999864e-03
2.700000000000000000e+01 3.000000000000000000e+00 2.500000000000000000e+01 0.000000000000000000e+00 1.600000000000000089e+00 -2.737999999999999982e-03 1.009000000000000001e-02 9.999449999999999728e-01 -4.209500000000000047e-02 -9.990639999999999521e-01 9.965999999999999165e-03 9.991100000000000536e-01 -4.206499999999999823e-02 3.160000000000000048e-03
3.000000000000000000e+00 4.600000000000000000e+01 2.700000000000000000e+01 0.000000000000000000e+00 1.600000000000000089e+00 3.370000000000000057e-04 1.431999999999999896e-03 -9.999989999999999712e-01 6.643219999999999681e-01 7.474460000000000548e-01 1.294999999999999927e-03 7.474469999999999725e-01 -6.643210000000000504e-01 -6.999999999999999929e-04
1.700000000000000000e+01 4.600000000000000000e+01 2.700000000000000000e+01 0.000000000000000000e+00 1.600000000000000089e+00 2.062000000000000031e-03 -2.762000000000000132e-03 -9.999940000000000495e-01 6.730570000000000164e-01 7.395899999999999697e-01 -6.539999999999999590e-04 7.395880000000000232e-01 -6.730519999999999836e-01 3.383999999999999855e-03
6.000000000000000000e+00 4.600000000000000000e+01 3.000000000000000000e+01 0.000000000000000000e+00 1.600000000000000089e+00 5.119999999999999768e-04 9.899999999999999404e-05 -1.000000000000000000e+00 3.288760000000000017e-01 9.443730000000000180e-01 2.620000000000000258e-04 9.443730000000000180e-01 -3.288760000000000017e-01 4.510000000000000120e-04
2.700000000000000000e+01 5.000000000000000000e+01 3.000000000000000000e+01 0.000000000000000000e+00 1.600000000000000089e+00 -7.598199999999999399e-02 -3.610809999999999853e-01 -9.294339999999999824e-01 5.865559999999999663e-01 -7.699749999999999650e-01 2.511800000000000144e-01 -8.063369999999999704e-01 -5.260799999999999921e-01 2.702979999999999827e-01
6.000000000000000000e+00 5.800000000000000000e+01 3.100000000000000000e+01 0.000000000000000000e+00 1.600000000000000089e+00 1.312000000000000015e-03 3.730000000000000134e-04 9.999989999999999712e-01 -7.713649999999999674e-01 -6.363919999999999577e-01 1.250000000000000026e-03 6.363919999999999577e-01 -7.713659999999999961e-01 -5.469999999999999602e-04
1.400000000000000000e+01 5.800000000000000000e+01 3.100000000000000000e+01 0.000000000000000000e+00 1.600000000000000089e+00 2.639599999999999932e-02 -8.891899999999999804e-02 9.956890000000000462e-01 -7.646990000000000176e-01 -6.433149999999999702e-01 -3.717800000000000271e-02 6.438469999999999471e-01 -7.604210000000000136e-01 -8.497699999999999698e-02
1.800000000000000000e+01 5.600000000000000000e+01 3.300000000000000000e+01 0.000000000000000000e+00 1.600000000000000089e+00 -2.587729999999999753e-01 -3.136340000000000239e-01 -9.136030000000000539e-01 4.600380000000000025e-01 -8.716789999999999816e-01 1.689380000000000048e-01 -8.493540000000000534e-01 -3.765749999999999931e-01 3.698500000000000121e-01
3.000000000000000000e+00 4.600000000000000000e+01 3.500000000000000000e+01 0.000000000000000000e+00 1.600000000000000089e+00 -1.049999999999999935e-03 3.872000000000000008e-03 -9.999919999999999920e-01 3.914050000000000029e-01 -9.202099999999999724e-01 -3.974000000000000102e-03 -9.202179999999999804e-01 -3.914059999999999762e-01 -5.500000000000000331e-04
7.000000000000000000e+00 4.600000000000000000e+01 3.500000000000000000e+01 0.000000000000000000e+00 1.600000000000000089e+00 -8.720000000000000537e-04 3.791000000000000099e-03 -9.999919999999999920e-01 3.937180000000000124e-01 -9.192230000000000123e-01 -3.827999999999999806e-03 -9.192310000000000203e-01 -3.937180000000000124e-01 -6.909999999999999910e-04
1.000000000000000000e+01 4.600000000000000000e+01 3.500000000000000000e+01 0.000000000000000000e+00 1.600000000000000089e+00 2.900000000000000017e-04 -9.265999999999999931e-03 -9.999569999999999848e-01 3.956120000000000192e-01 -9.183769999999999989e-01 8.625000000000000722e-03 -9.184179999999999566e-01 -3.955969999999999764e-01 3.399999999999999811e-03
1.700000000000000000e+01 4.600000000000000000e+01 3.500000000000000000e+01 0.000000000000000000e+00 1.600000000000000089e+00 -3.089499999999999885e-02 -1.700329999999999897e-01 -9.849539999999999962e-01 3.606969999999999898e-01 -9.209190000000000431e-01 1.476639999999999897e-01 -9.321709999999999718e-01 -3.507080000000000197e-01 8.978200000000000069e-02
1.200000000000000000e+01 9.500000000000000000e+01 3.600000000000000000e+01 0.000000000000000000e+00 1.600000000000000089e+00 -2.449700000000000141e-02 5.475599999999999912e-02 9.981989999999999474e-01 9.957840000000000025e-01 8.963300000000000434e-02 1.952100000000000016e-02 -8.840299999999999547e-02 9.944690000000000474e-01 -5.672100000000000058e-02
1.700000000000000000e+01 9.500000000000000000e+01 3.600000000000000000e+01 0.000000000000000000e+00 1.600000000000000089e+00 -3.289999999999999739e-04 2.860700000000000048e-02 9.995910000000000073e-01 9.976030000000000175e-01 6.918000000000000538e-02 -1.650999999999999907e-03 -6.919799999999999562e-02 9.971940000000000248e-01 -2.856099999999999958e-02
2.300000000000000000e+01 9.500000000000000000e+01 3.600000000000000000e+01 0.000000000000000000e+00 1.600000000000000089e+00 9.707000000000000350e-03 6.046000000000000159e-03 9.999350000000000183e-01 9.970020000000000548e-01 7.670599999999999641e-02 -1.014199999999999997e-02 -7.676199999999999690e-02 9.970350000000000046e-01 -5.283999999999999635e-03
3.000000000000000000e+00 2.900000000000000000e+01 4.400000000000000000e+01 0.000000000000000000e+00 1.600000000000000089e+00 -2.869000000000000022e-03 -2.222000000000000017e-03 -9.999930000000000208e-01 6.694099999999999495e-01 7.428839999999999888e-01 -3.570999999999999956e-03 7.428869999999999640e-01 -6.694160000000000110e-01 -6.440000000000000412e-04
7.000000000000000000e+00 2.900000000000000000e+01 4.400000000000000000e+01 0.000000000000000000e+00 1.600000000000000089e+00 5.140000000000000254e-04 -5.240000000000000517e-04 -1.000000000000000000e+00 6.692329999999999668e-01 7.430520000000000458e-01 -4.500000000000000283e-05 7.430520000000000458e-01 -6.692329999999999668e-01 7.320000000000000118e-04
1.300000000000000000e+01 2.900000000000000000e+01 4.400000000000000000e+01 0.000000000000000000e+00 1.600000000000000089e+00 2.530000000000000239e-04 8.210000000000000067e-04 -1.000000000000000000e+00 6.622639999999999638e-01 7.492710000000000203e-01 7.820000000000000345e-04 7.492710000000000203e-01 -6.622639999999999638e-01 -3.539999999999999853e-04
1.900000000000000000e+01 2.900000000000000000e+01 4.400000000000000000e+01 0.000000000000000000e+00 1.600000000000000089e+00 -3.177999999999999835e-03 -1.520000000000000084e-04 -9.999949999999999672e-01 6.580850000000000311e-01 7.529400000000000537e-01 -2.206000000000000062e-03 7.529369999999999674e-01 -6.580890000000000351e-01 -2.292999999999999899e-03
2.400000000000000000e+01 2.900000000000000000e+01 4.400000000000000000e+01 0.000000000000000000e+00 1.600000000000000089e+00 6.059999999999999849e-04 2.229000000000000078e-03 -9.999970000000000248e-01 6.592130000000000489e-01 7.519529999999999825e-01 2.076000000000000154e-03 7.519559999999999578e-01 -6.592130000000000489e-01 -1.013999999999999927e-03
2.800000000000000000e+01 2.900000000000000000e+01 4.400000000000000000e+01 0.000000000000000000e+00 1.600000000000000089e+00 6.689999999999999983e-04 8.779999999999999827e-04 -9.999989999999999712e-01 6.550510000000000499e-01 7.555840000000000334e-01 1.100999999999999982e-03 7.555840000000000334e-01 -6.550510000000000499e-01 -6.999999999999999387e-05
4.000000000000000000e+00 5.000000000000000000e+01 4.500000000000000000e+01 0.000000000000000000e+00 1.600000000000000089e+00 -5.732850000000000446e-01 1.256520000000000137e-01 -8.096640000000000503e-01 -2.982279999999999931e-01 -9.523899999999999588e-01 6.335899999999999865e-02 -7.631539999999999990e-01 2.777870000000000061e-01 5.834639999999999826e-01
2.500000000000000000e+01 6.000000000000000000e+01 4.600000000000000000e+01 0.000000000000000000e+00 1.600000000000000089e+00 -4.184970000000000079e-01 -2.670960000000000001e-01 8.680560000000000498e-01 2.100110000000000032e-01 9.014159999999999950e-01 3.786080000000000001e-01 -8.836039999999999450e-01 3.407479999999999953e-01 -3.211470000000000158e-01
9.000000000000000000e+00 5.000000000000000000e+00 5.100000000000000000e+01 0.000000000000000000e+00 1.600000000000000089e+00 1.039999999999999909e-03 2.958999999999999825e-03 -9.999949999999999672e-01 4.898399999999999976e-01 -8.718099999999999739e-01 -2.069999999999999792e-03 -8.718120000000000314e-01 -4.898350000000000204e-01 -2.356000000000000021e-03
1.200000000000000000e+01 5.000000000000000000e+00 5.100000000000000000e+01 0.000000000000000000e+00 1.600000000000000089e+00 -1.620000000000000075e-04 6.740000000000000331e-03 -9.999770000000000048e-01 4.882790000000000186e-01 -8.726669999999999705e-01 -5.961000000000000153e-03 -8.726880000000000193e-01 -4.882690000000000086e-01 -3.148999999999999889e-03
1.700000000000000000e+01 5.000000000000000000e+00 5.100000000000000000e+01 0.000000000000000000e+00 1.600000000000000089e+00 -5.689999999999999529e-04 6.394999999999999643e-03 -9.999789999999999512e-01 4.829249999999999932e-01 -8.756420000000000314e-01 -5.873999999999999881e-03 -8.756610000000000227e-01 -4.829189999999999872e-01 -2.589999999999999854e-03
2.100000000000000000e+01 5.000000000000000000e+00 5.100000000000000000e+01 0.000000000000000000e+00 1.600000000000000089e+00 -1.923999999999999929e-03 -4.036999999999999790e-03 -9.999900000000000455e-01 4.845999999999999752e-01 -8.747319999999999540e-01 2.599999999999999881e-03 -8.747340000000000115e-01 -4.845900000000000207e-01 3.638999999999999874e-03
2.800000000000000000e+01 5.000000000000000000e+00 5.100000000000000000e+01 0.000000000000000000e+00 1.600000000000000089e+00 1.975999999999999892e-03 1.433999999999999945e-03 -9.999970000000000248e-01 4.901420000000000221e-01 -8.716429999999999456e-01 -2.809999999999999998e-04 -8.716409999999999991e-01 -4.901400000000000201e-01 -2.425000000000000072e-03
2.300000000000000000e+01 1.150000000000000000e+02 5.100000000000000000e+01 0.000000000000000000e+00 1.600000000000000089e+00 1.965999999999999866e-03 8.369999999999999619e-04 9.999980000000000535e-01 8.473330000000000028e-01 -5.310610000000000053e-01 -1.221000000000000080e-03 5.310580000000000300e-01 8.473330000000000028e-01 -1.753000000000000001e-03
3.000000000000000000e+00 7.000000000000000000e+00 5.200000000000000000e+01 0.000000000000000000e+00 1.600000000000000089e+00 -5.242000000000000132e-03 -9.312000000000000832e-03 -9.999430000000000263e-01 1.103100000000000053e-01 -9.938590000000000479e-01 8.677000000000000685e-03 -9.938829999999999609e-01 -1.102579999999999949e-01 6.237000000000000356e-03
2.300000000000000000e+01 7.000000000000000000e+00 5.200000000000000000e+01 0.000000000000000000e+00 1.600000000000000089e+00 -1.502000000000000080e-03 -5.057999999999999996e-03 -9.999860000000000415e-01 9.938700000000000312e-02 -9.950369999999999493e-01 4.884000000000000320e-03 -9.950480000000000436e-01 -9.937799999999999412e-02 1.998000000000000210e-03
8.000000000000000000e+00 6.300000000000000000e+01 5.400000000000000000e+01 0.000000000000000000e+00 1.600000000000000089e+00 -4.560000000000000251e-04 -3.791000000000000099e-03 9.999930000000000208e-01 -3.332840000000000247e-01 9.428199999999999914e-01 3.422999999999999828e-03 -9.428269999999999706e-01 -3.332800000000000207e-01 -1.693000000000000060e-03
6.000000000000000000e+00 2.500000000000000000e+01 5.500000000000000000e+01 0.000000000000000000e+00 1.600000000000000089e+00 1.286999999999999950e-03 5.109999999999999959e-03 -9.999860000000000415e-01 -1.234700000000000034e-02 -9.999109999999999943e-01 -5.125000000000000215e-03 -9.999230000000000063e-01 1.235299999999999940e-02 -1.224000000000000045e-03
3.000000000000000000e+01 2.600000000000000000e+01 5.500000000000000000e+01 0.000000000000000000e+00 1.600000000000000089e+00 2.439999999999999949e-04 -4.453999999999999626e-03 -9.999900000000000455e-01 -3.170400000000000301e-02 -9.994870000000000143e-01 4.444000000000000034e-03 -9.994969999999999688e-01 3.170300000000000201e-02 -3.849999999999999798e-04
1.200000000000000000e+01 5.200000000000000000e+01 5.700000000000000000e+01 0.000000000000000000e+00 1.600000000000000089e+00 8.931200000000000250e-02 4.685619999999999785e-01 8.789040000000000186e-01 3.190819999999999768e-01 -8.493829999999999991e-01 4.203999999999999959e-01 9.435090000000000421e-01 2.428960000000000008e-01 -2.253699999999999870e-01
2.200000000000000000e+01 6.800000000000000000e+01 5.700000000000000000e+01 0.000000000000000000e+00 1.600000000000000089e+00 -4.905999999999999771e-03 9.738000000000000128e-03 -9.999409999999999688e-01 -2.357829999999999926e-01 -9.717700000000000227e-01 -8.307000000000000148e-03 -9.717930000000000179e-01 2.357279999999999931e-01 7.062999999999999834e-03
3.000000000000000000e+00 2.100000000000000000e+01 6.000000000000000000e+01 0.000000000000000000e+00 1.600000000000000089e+00 -2.843000000000000041e-03 -6.746000000000000260e-03 9.999730000000000008e-01 -9.746299999999999408e-02 9.952180000000000470e-01 6.437000000000000013e-03 -9.952349999999999808e-01 -9.744200000000000084e-02 -3.487000000000000082e-03
1.200000000000000000e+01 2.100000000000000000e+01 6.000000000000000000e+01 0.000000000000000000e+00 1.600000000000000089e+00 4.119999999999999856e-04 -1.028100000000000021e-02 9.999470000000000303e-01 -9.643400000000000583e-02 9.952860000000000040e-01 1.027199999999999988e-02 -9.953389999999999738e-01 -9.643300000000000483e-02 -5.820000000000000520e-04
1.700000000000000000e+01 2.100000000000000000e+01 6.000000000000000000e+01 0.000000000000000000e+00 1.600000000000000089e+00 3.000000000000000076e-05 9.229999999999999923e-04 1.000000000000000000e+00 -9.734900000000000497e-02 9.952499999999999680e-01 -9.160000000000000390e-04 -9.952499999999999680e-01 -9.734900000000000497e-02 1.190000000000000058e-04
2.400000000000000000e+01 2.100000000000000000e+01 6.000000000000000000e+01 0.000000000000000000e+00 1.600000000000000089e+00 -8.390000000000000105e-04 8.170999999999999444e-03 9.999660000000000215e-01 -9.612700000000000411e-02 9.953349999999999698e-01 -8.214000000000000815e-03 -9.953689999999999483e-01 -9.612999999999999323e-02 -5.000000000000000240e-05
2.900000000000000000e+01 2.100000000000000000e+01 6.000000000000000000e+01 0.000000000000000000e+00 1.600000000000000089e+00 -9.999999999999999547e-07 -6.369999999999999794e-03 9.999799999999999800e-01 -9.660000000000000531e-02 9.953030000000000488e-01 6.340000000000000149e-03 -9.953229999999999578e-01 -9.659900000000000431e-02 -6.160000000000000111e-04
1.400000000000000000e+01 3.000000000000000000e+00 6.300000000000000000e+01 0.000000000000000000e+00 1.600000000000000089e+00 -7.089999999999999948e-04 7.029999999999999574e-04 9.999989999999999712e-01 -6.149149999999999894e-01 7.885929999999999884e-01 -9.899999999999999946e-04 -7.885929999999999884e-01 -6.149149999999999894e-01 -1.269999999999999970e-04
3.000000000000000000e+01 3.000000000000000000e+00 6.300000000000000000e+01 0.000000000000000000e+00 1.600000000000000089e+00 -1.369999999999999907e-03 -3.300000000000000253e-05 9.999989999999999712e-01 -6.129740000000000189e-01 7.901029999999999998e-01 -8.140000000000000534e-04 -7.901019999999999710e-01 -6.129750000000000476e-01 -1.101999999999999898e-03
5.000000000000000000e+00 2.700000000000000000e+01 6.300000000000000000e+01 0.000000000000000000e+00 1.600000000000000089e+00 -8.189999999999999581e-04 1.559999999999999972e-04 1.000000000000000000e+00 -2.786779999999999813e-01 9.603840000000000154e-01 -3.780000000000000265e-04 -9.603840000000000154e-01 -2.786779999999999813e-01 -7.439999999999999782e-04
1.000000000000000000e+01 2.700000000000000000e+01 6.300000000000000000e+01 0.000000000000000000e+00 1.600000000000000089e+00 9.479999999999999495e-04 -1.214000000000000018e-03 9.999989999999999712e-01 -2.793590000000000240e-01 9.601859999999999840e-01 1.430999999999999980e-03 -9.601859999999999840e-01 -2.793599999999999972e-01 5.710000000000000015e-04
1.200000000000000000e+01 2.700000000000000000e+01 6.300000000000000000e+01 0.000000000000000000e+00 1.600000000000000089e+00 3.570000000000000040e-04 -2.027000000000000156e-03 9.999980000000000535e-01 -2.787399999999999878e-01 9.603639999999999954e-01 2.046000000000000076e-03 -9.603660000000000529e-01 -2.787410000000000165e-01 -2.220000000000000022e-04
1.600000000000000000e+01 2.700000000000000000e+01 6.300000000000000000e+01 0.000000000000000000e+00 1.600000000000000089e+00 6.310000000000000504e-04 -2.635000000000000189e-03 9.999959999999999960e-01 -2.781270000000000131e-01 9.605409999999999782e-01 2.707000000000000205e-03 -9.605439999999999534e-01 -2.781279999999999863e-01 -1.259999999999999998e-04
2.100000000000000000e+01 2.700000000000000000e+01 6.300000000000000000e+01 0.000000000000000000e+00 1.600000000000000089e+00 1.402000000000000034e-03 -4.341000000000000240e-03 9.999900000000000455e-01 -2.788050000000000250e-01 9.603369999999999962e-01 4.559999999999999817e-03 -9.603469999999999507e-01 -2.788089999999999735e-01 1.359999999999999989e-04
2.600000000000000000e+01 2.700000000000000000e+01 6.300000000000000000e+01 0.000000000000000000e+00 1.600000000000000089e+00 -1.540000000000000028e-04 -1.479999999999999979e-03 9.999989999999999712e-01 -2.709469999999999934e-01 9.625930000000000319e-01 1.382999999999999898e-03 -9.625939999999999497e-01 -2.709460000000000202e-01 -5.500000000000000331e-04
1.000000000000000000e+00 2.600000000000000000e+01 6.400000000000000000e+01 0.000000000000000000e+00 1.600000000000000089e+00 -3.079999999999999839e-03 -6.923999999999999599e-03 9.999710000000000543e-01 -3.623080000000000189e-01 9.320429999999999549e-01 5.337999999999999863e-03 -9.320530000000000204e-01 -3.622810000000000197e-01 -5.379000000000000101e-03
4.000000000000000000e+00 2.600000000000000000e+01 6.400000000000000000e+01 0.000000000000000000e+00 1.600000000000000089e+00 -1.453999999999999997e-03 -2.135000000000000179e-03 9.999970000000000248e-01 -3.633529999999999816e-01 9.316499999999999782e-01 1.461000000000000059e-03 -9.316499999999999782e-01 -3.633500000000000063e-01 -2.129999999999999949e-03
1.100000000000000000e+01 2.600000000000000000e+01 6.400000000000000000e+01 0.000000000000000000e+00 1.600000000000000089e+00 9.409999999999999962e-04 -1.958000000000000105e-03 9.999980000000000535e-01 -3.627799999999999914e-01 9.318720000000000336e-01 2.165999999999999957e-03 -9.318739999999999801e-01 -3.627819999999999934e-01 1.659999999999999963e-04
1.700000000000000000e+01 2.600000000000000000e+01 6.400000000000000000e+01 0.000000000000000000e+00 1.600000000000000089e+00 1.503999999999999912e-03 -2.663000000000000003e-03 9.999949999999999672e-01 -3.642360000000000042e-01 9.313019999999999632e-01 3.027999999999999876e-03 -9.313050000000000495e-01 -3.642389999999999795e-01 4.299999999999999894e-04
2.100000000000000000e+01 2.600000000000000000e+01 6.400000000000000000e+01 0.000000000000000000e+00 1.600000000000000089e+00 1.900999999999999912e-03 -4.524000000000000243e-03 9.999879999999999880e-01 -3.642250000000000210e-01 9.312979999999999592e-01 4.904999999999999638e-03 -9.313090000000000535e-01 -3.642299999999999982e-01 1.230000000000000082e-04
3.000000000000000000e+01 2.600000000000000000e+01 6.400000000000000000e+01 0.000000000000000000e+00 1.600000000000000089e+00 9.940000000000000918e-04 -4.903000000000000240e-03 9.999879999999999880e-01 -3.458069999999999755e-01 9.382930000000000437e-01 4.943999999999999610e-03 -9.383049999999999446e-01 -3.458080000000000043e-01 -7.630000000000000063e-04
2.900000000000000000e+01 5.400000000000000000e+01 6.400000000000000000e+01 0.000000000000000000e+00 1.600000000000000089e+00 4.016239999999999810e-01 5.785400000000000265e-02 -9.139760000000000106e-01 -7.917290000000000161e-01 5.235340000000000549e-01 -3.147659999999999902e-01 4.602859999999999729e-01 8.500389999999999890e-01 2.560680000000000178e-01
2.700000000000000000e+01 5.300000000000000000e+01 6.500000000000000000e+01 0.000000000000000000e+00 1.600000000000000089e+00 4.613490000000000091e-01 -5.881600000000000023e-02 -8.852670000000000261e-01 -7.628150000000000208e-01 4.832420000000000049e-01 -4.296400000000000219e-01 4.530680000000000263e-01 8.735089999999999799e-01 1.780770000000000131e-01
6.000000000000000000e+00 6.900000000000000000e+01 6.600000000000000000e+01 0.000000000000000000e+00 1.600000000000000089e+00 -2.958000000000000126e-03 9.913999999999999202e-03 9.999460000000000015e-01 -9.562720000000000109e-01 2.924240000000000173e-01 -5.727999999999999585e-03 -2.924649999999999750e-01 -9.562370000000000037e-01 8.616000000000000394e-03
2.000000000000000000e+00 2.500000000000000000e+01 7.300000000000000000e+01 0.000000000000000000e+00 1.600000000000000089e+00 -5.636000000000000384e-03 -3.488999999999999914e-03 9.999780000000000335e-01 7.508970000000000367e-01 -6.604160000000000030e-01 1.928000000000000026e-03 6.603949999999999543e-01 7.508920000000000039e-01 6.342000000000000415e-03
9.000000000000000000e+00 2.500000000000000000e+01 7.300000000000000000e+01 0.000000000000000000e+00 1.600000000000000089e+00 -6.170000000000000354e-04 4.100999999999999611e-03 9.999909999999999632e-01 7.457789999999999697e-01 -6.661859999999999449e-01 3.191999999999999959e-03 6.661930000000000351e-01 7.457740000000000480e-01 -2.647000000000000047e-03
1.700000000000000000e+01 2.500000000000000000e+01 7.300000000000000000e+01 0.000000000000000000e+00 1.600000000000000089e+00 -6.729999999999999871e-04 -4.669000000000000407e-03 9.999890000000000168e-01 7.457489999999999952e-01 -6.662219999999999809e-01 -2.608000000000000075e-03 6.662270000000000136e-01 7.457390000000000407e-01 3.930000000000000333e-03
2.600000000000000000e+01 2.500000000000000000e+01 7.300000000000000000e+01 0.000000000000000000e+00 1.600000000000000089e+00 -6.729999999999999871e-04 -1.290999999999999960e-02 9.999160000000000270e-01 7.450900000000000301e-01 -6.669140000000000068e-01 -8.108999999999999889e-03 6.669629999999999725e-01 7.450229999999999908e-01 1.006800000000000056e-02
2.100000000000000000e+01 4.400000000000000000e+01 7.300000000000000000e+01 0.000000000000000000e+00 1.600000000000000089e+00 2.185099999999999890e-02 1.400389999999999968e-01 9.899050000000000349e-01 3.185999999999999943e-02 -9.897359999999999491e-01 1.393119999999999914e-01 9.992529999999999468e-01 2.849399999999999850e-02 -2.608900000000000108e-02
2.900000000000000000e+01 4.400000000000000000e+01 7.300000000000000000e+01 0.000000000000000000e+00 1.600000000000000089e+00 2.958000000000000126e-03 2.471999999999999805e-03 9.999930000000000208e-01 5.326899999999999691e-02 -9.985779999999999657e-01 2.311000000000000120e-03 9.985760000000000192e-01 5.326199999999999685e-02 -3.085000000000000069e-03
4.000000000000000000e+00 2.500000000000000000e+01 7.400000000000000000e+01 0.000000000000000000e+00 1.600000000000000089e+00 -3.387999999999999953e-03 -2.161999999999999859e-03 9.999919999999999920e-01 8.261540000000000550e-01 -5.634419999999999984e-01 1.580999999999999940e-03 5.634339999999999904e-01 8.261530000000000262e-01 3.694999999999999934e-03
1.000000000000000000e+01 2.500000000000000000e+01 7.400000000000000000e+01 0.000000000000000000e+00 1.600000000000000089e+00 -6.729999999999999871e-04 1.533000000000000074e-03 9.999989999999999712e-01 8.221249999999999947e-01 -5.693049999999999500e-01 1.425999999999999967e-03 5.693059999999999787e-01 8.221249999999999947e-01 -8.769999999999999584e-04
1.400000000000000000e+01 2.500000000000000000e+01 7.400000000000000000e+01 0.000000000000000000e+00 1.600000000000000089e+00 1.720000000000000066e-04 -6.002000000000000390e-03 9.999820000000000375e-01 8.222190000000000332e-01 -5.691610000000000280e-01 -3.556999999999999832e-03 5.691720000000000113e-01 8.222049999999999637e-01 4.837000000000000154e-03
1.600000000000000000e+01 2.500000000000000000e+01 7.400000000000000000e+01 0.000000000000000000e+00 1.600000000000000089e+00 -6.499999999999999431e-05 -4.774999999999999731e-03 9.999890000000000168e-01 8.228220000000000534e-01 -5.682930000000000481e-01 -2.660000000000000038e-03 5.682989999999999986e-01 8.228119999999999878e-01 3.965999999999999907e-03
2.300000000000000000e+01 2.500000000000000000e+01 7.400000000000000000e+01 0.000000000000000000e+00 1.600000000000000089e+00 1.590999999999999966e-03 -6.760999999999999649e-03 9.999759999999999760e-01 8.224299999999999944e-01 -5.688440000000000163e-01 -5.154999999999999860e-03 5.688649999999999540e-01 8.224179999999999824e-01 4.656000000000000416e-03
2.700000000000000000e+01 5.100000000000000000e+01 7.600000000000000000e+01 0.000000000000000000e+00 1.600000000000000089e+00 -1.706999999999999967e-03 -7.908000000000000099e-03 -9.999670000000000503e-01 -4.031540000000000123e-01 -9.150979999999999670e-01 7.924999999999999753e-03 -9.151310000000000278e-01 4.031540000000000123e-01 -1.626000000000000058e-03
4.000000000000000000e+00 9.100000000000000000e+01 7.600000000000000000e+01 0.000000000000000000e+00 1.600000000000000089e+00 1.382999999999999898e-03 -1.440000000000000091e-03 9.999980000000000535e-01 3.730620000000000047e-01 -9.278049999999999908e-01 -1.851999999999999914e-03 9.278049999999999908e-01 3.730640000000000067e-01 -7.460000000000000268e-04
