2.000000000000000000e+01 2.500000000000000000e+01 1.000000000000000000e+00 0.000000000000000000e+00 1.600000000000000089e+00 -4.063999999999999904e-03 -4.662000000000000345e-03 -9.999810000000000088e-01 -5.310570000000000013e-01 -8.473140000000000116e-01 6.107999999999999714e-03 -8.473270000000000524e-01 5.310709999999999598e-01 9.669999999999999776e-04
2.900000000000000000e+01 2.500000000000000000e+01 1.000000000000000000e+00 0.000000000000000000e+00 1.600000000000000089e+00 -1.203000000000000076e-03 -2.128999999999999816e-03 -9.999970000000000248e-01 -5.242040000000000033e-01 -8.515890000000000404e-01 2.442999999999999859e-03 -8.515920000000000156e-01 5.242050000000000320e-01 -9.200000000000000007e-05
4.000000000000000000e+00 1.500000000000000000e+01 4.000000000000000000e+00 0.000000000000000000e+00 1.600000000000000089e+00 2.873000000000000120e-03 3.799999999999999992e-03 9.999890000000000168e-01 2.840610000000000079e-01 -9.588020000000000431e-01 2.827000000000000086e-03 9.588020000000000431e-01 2.840500000000000247e-01 -3.834000000000000168e-03
8.000000000000000000e+00 1.500000000000000000e+01 4.000000000000000000e+00 0.000000000000000000e+00 1.600000000000000089e+00 -9.349999999999999587e-04 2.944000000000000002e-03 9.999949999999999672e-01 2.913029999999999786e-01 -9.566259999999999764e-01 3.089000000000000166e-03 9.566310000000000091e-01 2.913040000000000074e-01 3.699999999999999811e-05
1.400000000000000000e+01 1.500000000000000000e+01 4.000000000000000000e+00 0.000000000000000000e+00 1.600000000000000089e+00 4.110000000000000155e-04 -2.746000000000000177e-03 9.999959999999999960e-01 2.939590000000000258e-01 -9.558140000000000525e-01 -2.745000000000000044e-03 9.558179999999999454e-01 2.939590000000000258e-01 4.150000000000000043e-04
2.000000000000000000e+01 1.500000000000000000e+01 4.000000000000000000e+00 0.000000000000000000e+00 1.600000000000000089e+00 2.750000000000000166e-04 -1.964700000000000127e-02 9.998070000000000013e-01 2.903589999999999782e-01 -9.567320000000000269e-01 -1.888000000000000095e-02 9.569180000000000463e-01 2.903080000000000105e-01 5.441999999999999789e-03
4.000000000000000000e+00 1.010000000000000000e+02 7.000000000000000000e+00 0.000000000000000000e+00 1.600000000000000089e+00 -5.720000000000000258e-04 -3.376000000000000095e-03 9.999940000000000495e-01 8.850919999999999899e-01 4.654119999999999924e-01 2.077999999999999986e-03 -4.654159999999999964e-01 8.850879999999999859e-01 2.722000000000000027e-03
8.000000000000000000e+00 1.010000000000000000e+02 7.000000000000000000e+00 0.000000000000000000e+00 1.600000000000000089e+00 2.067999999999999960e-03 1.706000000000000051e-03 9.999959999999999960e-01 8.849759999999999849e-01 4.656290000000000151e-01 -2.624000000000000030e-03 -4.656319999999999903e-01 8.849780000000000424e-01 -5.469999999999999602e-04
1.600000000000000000e+01 1.010000000000000000e+02 7.000000000000000000e+00 0.000000000000000000e+00 1.600000000000000089e+00 -2.063999999999999863e-03 -1.562699999999999853e-02 9.998759999999999870e-01 8.867660000000000542e-01 4.621299999999999852e-01 9.053000000000000283e-03 -4.622140000000000137e-01 8.866749999999999909e-01 1.290400000000000054e-02
2.600000000000000000e+01 1.010000000000000000e+02 7.000000000000000000e+00 0.000000000000000000e+00 1.600000000000000089e+00 -1.129999999999999928e-03 -2.749000000000000141e-03 9.999959999999999960e-01 8.856960000000000388e-01 4.642600000000000060e-01 2.276999999999999944e-03 -4.642640000000000100e-01 8.856950000000000101e-01 1.910000000000000022e-03
7.000000000000000000e+00 1.500000000000000000e+01 8.000000000000000000e+00 0.000000000000000000e+00 1.600000000000000089e+00 -2.148999999999999869e-03 -1.991000000000000148e-03 -9.999959999999999960e-01 -5.917940000000000422e-01 -8.060840000000000227e-01 2.876000000000000084e-03 -8.060869999999999980e-01 5.917970000000000175e-01 5.540000000000000219e-04
1.800000000000000000e+01 1.500000000000000000e+01 8.000000000000000000e+00 0.000000000000000000e+00 1.600000000000000089e+00 -2.096999999999999906e-03 -6.573999999999999982e-03 -9.999759999999999760e-01 -5.911969999999999725e-01 -8.065010000000000234e-01 6.542000000000000072e-03 -8.065250000000000474e-01 5.911969999999999725e-01 -2.196000000000000035e-03
2.200000000000000000e+01 1.500000000000000000e+01 8.000000000000000000e+00 0.000000000000000000e+00 1.600000000000000089e+00 -3.112999999999999882e-03 -2.016400000000000137e-02 -9.997920000000000140e-01 -5.937989999999999657e-01 -8.044099999999999584e-01 1.807299999999999879e-02 -8.046069999999999611e-01 5.937320000000000375e-01 -9.468999999999999986e-03
2.000000000000000000e+00 2.400000000000000000e+01 9.000000000000000000e+00 0.000000000000000000e+00 1.600000000000000089e+00 1.469000000000000037e-03 3.918999999999999741e-03 -9.999909999999999632e-01 4.589529999999999998e-01 8.884509999999999907e-01 4.155999999999999972e-03 8.884589999999999987e-01 -4.589550000000000018e-01 -4.929999999999999487e-04
7.000000000000000000e+00 2.400000000000000000e+01 9.000000000000000000e+00 0.000000000000000000e+00 1.600000000000000089e+00 2.461000000000000080e-03 9.587000000000000036e-03 -9.999510000000000343e-01 4.594539999999999735e-01 8.881489999999999663e-01 9.646000000000000060e-03 8.881980000000000430e-01 -4.594550000000000023e-01 -2.219000000000000052e-03
1.200000000000000000e+01 2.400000000000000000e+01 9.000000000000000000e+00 0.000000000000000000e+00 1.600000000000000089e+00 1.147999999999999932e-03 3.909000000000000148e-03 -9.999919999999999920e-01 4.598070000000000213e-01 8.880099999999999660e-01 3.998999999999999951e-03 8.880179999999999740e-01 -4.598070000000000213e-01 -7.780000000000000457e-04
1.700000000000000000e+01 2.400000000000000000e+01 9.000000000000000000e+00 0.000000000000000000e+00 1.600000000000000089e+00 2.370999999999999844e-03 8.448000000000000648e-03 -9.999609999999999888e-01 4.585879999999999956e-01 8.886070000000000357e-01 8.593999999999999209e-03 8.886460000000000470e-01 -4.585910000000000264e-01 -1.766999999999999908e-03
2.200000000000000000e+01 2.400000000000000000e+01 9.000000000000000000e+00 0.000000000000000000e+00 1.600000000000000089e+00 4.266999999999999960e-03 1.063099999999999982e-02 -9.999339999999999895e-01 4.581990000000000229e-01 8.887760000000000105e-01 1.140399999999999921e-02 8.888390000000000457e-01 -4.582180000000000142e-01 -1.077999999999999965e-03
2.400000000000000000e+01 2.400000000000000000e+01 9.000000000000000000e+00 0.000000000000000000e+00 1.600000000000000089e+00 4.542000000000000030e-03 1.041500000000000065e-02 -9.999350000000000183e-01 4.574159999999999893e-01 8.891809999999999992e-01 1.133900000000000012e-02 8.892409999999999481e-01 -4.574380000000000113e-01 -7.259999999999999743e-04
2.700000000000000000e+01 2.400000000000000000e+01 9.000000000000000000e+00 0.000000000000000000e+00 1.600000000000000089e+00 4.189000000000000015e-03 8.019000000000000086e-03 -9.999590000000000423e-01 4.560620000000000229e-01 8.899019999999999708e-01 9.046999999999999487e-03 8.899380000000000068e-01 -4.560810000000000142e-01 6.999999999999999387e-05
1.000000000000000000e+01 4.000000000000000000e+00 1.100000000000000000e+01 0.000000000000000000e+00 1.600000000000000089e+00 2.004999999999999838e-03 1.476399999999999935e-02 -9.998890000000000278e-01 2.084789999999999976e-01 9.779139999999999500e-01 1.485799999999999968e-02 9.780250000000000332e-01 -2.084860000000000047e-01 -1.116999999999999937e-03
1.400000000000000000e+01 4.000000000000000000e+00 1.100000000000000000e+01 0.000000000000000000e+00 1.600000000000000089e+00 3.106999999999999953e-03 2.109700000000000117e-02 -9.997730000000000228e-01 2.019509999999999916e-01 9.791640000000000343e-01 2.128999999999999990e-02 9.793910000000000116e-01 -2.019710000000000116e-01 -1.217999999999999899e-03
2.400000000000000000e+01 4.000000000000000000e+00 1.100000000000000000e+01 0.000000000000000000e+00 1.600000000000000089e+00 8.940000000000000464e-04 2.207100000000000034e-02 -9.997559999999999780e-01 1.751520000000000021e-01 9.842980000000000063e-01 2.188599999999999920e-02 9.845409999999999995e-01 -1.751290000000000069e-01 -2.985999999999999939e-03
4.000000000000000000e+00 3.100000000000000000e+01 1.200000000000000000e+01 0.000000000000000000e+00 1.600000000000000089e+00 -8.559999999999999901e-04 1.469000000000000037e-03 9.999989999999999712e-01 -2.139599999999999835e-02 9.997700000000000475e-01 -1.487000000000000040e-03 -9.997709999999999653e-01 -2.139699999999999935e-02 -8.249999999999999955e-04
1.100000000000000000e+01 3.100000000000000000e+01 1.200000000000000000e+01 0.000000000000000000e+00 1.600000000000000089e+00 -2.599999999999999772e-04 5.019999999999999506e-04 1.000000000000000000e+00 -1.630099999999999952e-02 9.998669999999999503e-01 -5.060000000000000478e-04 -9.998669999999999503e-01 -1.630099999999999952e-02 -2.519999999999999996e-04
1.500000000000000000e+01 3.100000000000000000e+01 1.200000000000000000e+01 0.000000000000000000e+00 1.600000000000000089e+00 2.359999999999999902e-04 2.200000000000000133e-03 9.999980000000000535e-01 -1.652700000000000002e-02 9.998609999999999998e-01 -2.194999999999999903e-03 -9.998629999999999463e-01 -1.652700000000000002e-02 2.719999999999999979e-04
2.400000000000000000e+01 3.000000000000000000e+00 1.300000000000000000e+01 0.000000000000000000e+00 1.600000000000000089e+00 6.480000000000000300e-04 2.228499999999999925e-02 9.997509999999999453e-01 -3.111000000000000050e-03 9.997470000000000523e-01 -2.228300000000000072e-02 -9.999949999999999672e-01 -3.095999999999999794e-03 7.169999999999999724e-04
2.600000000000000000e+01 3.000000000000000000e+00 1.300000000000000000e+01 0.000000000000000000e+00 1.600000000000000089e+00 5.169999999999999899e-04 1.703299999999999953e-02 9.998550000000000493e-01 -2.256999999999999892e-03 9.998519999999999630e-01 -1.703199999999999853e-02 -9.999970000000000248e-01 -2.247999999999999998e-03 5.559999999999999621e-04
2.900000000000000000e+01 3.000000000000000000e+00 1.300000000000000000e+01 0.000000000000000000e+00 1.600000000000000089e+00 1.005000000000000034e-03 1.075500000000000067e-02 9.999419999999999975e-01 -1.926999999999999894e-03 9.999400000000000510e-01 -1.075300000000000041e-02 -9.999980000000000535e-01 -1.915999999999999951e-03 1.025000000000000086e-03
2.000000000000000000e+00 1.200000000000000000e+01 1.500000000000000000e+01 0.000000000000000000e+00 1.600000000000000089e+00 -3.409999999999999945e-04 1.301999999999999989e-03 -9.999989999999999712e-01 -4.727700000000000236e-01 -8.811849999999999961e-01 -9.859999999999998974e-04 -8.811860000000000248e-01 4.727700000000000236e-01 9.160000000000000390e-04
6.000000000000000000e+00 1.200000000000000000e+01 1.500000000000000000e+01 0.000000000000000000e+00 1.600000000000000089e+00 -7.100000000000000462e-05 7.169999999999999724e-04 -1.000000000000000000e+00 -4.739639999999999964e-01 -8.805439999999999934e-01 -5.980000000000000072e-04 -8.805439999999999934e-01 4.739639999999999964e-01 4.020000000000000136e-04
1.900000000000000000e+01 1.200000000000000000e+01 1.500000000000000000e+01 0.000000000000000000e+00 1.600000000000000089e+00 -1.008999999999999914e-03 -2.772000000000000158e-03 -9.999959999999999960e-01 -4.731009999999999938e-01 -8.810040000000000093e-01 2.919999999999999853e-03 -8.810080000000000133e-01 4.731009999999999938e-01 -4.229999999999999819e-04
2.600000000000000000e+01 1.200000000000000000e+01 1.500000000000000000e+01 0.000000000000000000e+00 1.600000000000000089e+00 -1.206000000000000041e-03 -9.813000000000000542e-03 -9.999510000000000343e-01 -4.705520000000000258e-01 -8.823239999999999972e-01 9.225999999999999826e-03 -8.823710000000000164e-01 4.705400000000000138e-01 -3.553999999999999868e-03
2.000000000000000000e+00 1.100000000000000000e+01 1.600000000000000000e+01 0.000000000000000000e+00 1.600000000000000089e+00 -1.099999999999999971e-05 7.249999999999999500e-04 -1.000000000000000000e+00 -4.209760000000000169e-01 -9.070719999999999894e-01 -6.530000000000000431e-04 -9.070719999999999894e-01 4.209760000000000169e-01 3.150000000000000131e-04
7.000000000000000000e+00 1.160000000000000000e+02 1.600000000000000000e+01 0.000000000000000000e+00 1.600000000000000089e+00 1.077000000000000049e-03 1.874999999999999931e-03 9.999980000000000535e-01 6.906550000000000189e-01 7.231809999999999627e-01 -2.099000000000000171e-03 -7.231830000000000203e-01 6.906560000000000477e-01 -5.159999999999999656e-04
1.500000000000000000e+01 1.160000000000000000e+02 1.600000000000000000e+01 0.000000000000000000e+00 1.600000000000000089e+00 -1.472000000000000001e-03 -1.873000000000000099e-03 9.999970000000000248e-01 6.680230000000000334e-01 7.441370000000000484e-01 2.377000000000000206e-03 -7.441389999999999949e-01 6.680249999999999799e-01 1.559999999999999972e-04
3.000000000000000000e+00 2.000000000000000000e+00 1.900000000000000000e+01 0.000000000000000000e+00 1.600000000000000089e+00 1.551000000000000078e-03 -1.498999999999999985e-02 -9.998860000000000525e-01 2.199689999999999979e-01 -9.753920000000000368e-01 1.496399999999999987e-02 -9.755059999999999842e-01 -2.199669999999999959e-01 1.783999999999999996e-03
6.000000000000000000e+00 2.000000000000000000e+00 1.900000000000000000e+01 0.000000000000000000e+00 1.600000000000000089e+00 -7.290000000000000473e-04 -1.007899999999999942e-02 -9.999489999999999768e-01 2.203400000000000081e-01 -9.753749999999999920e-01 9.669999999999999776e-03 -9.754230000000000400e-01 -2.203219999999999901e-01 2.932000000000000144e-03
1.600000000000000000e+01 2.000000000000000000e+00 1.900000000000000000e+01 0.000000000000000000e+00 1.600000000000000089e+00 4.017999999999999870e-03 4.133999999999999654e-03 -9.999829999999999552e-01 2.149429999999999952e-01 -9.766209999999999614e-01 -3.173000000000000039e-03 -9.766179999999999861e-01 -2.149270000000000069e-01 -4.812000000000000305e-03
2.300000000000000000e+01 2.000000000000000000e+00 1.900000000000000000e+01 0.000000000000000000e+00 1.600000000000000089e+00 -5.929999999999999941e-04 -6.207999999999999977e-03 -9.999810000000000088e-01 2.100450000000000095e-01 -9.776740000000000430e-01 5.944999999999999764e-03 -9.776909999999999767e-01 -2.100380000000000025e-01 1.884000000000000041e-03
2.900000000000000000e+01 2.000000000000000000e+00 1.900000000000000000e+01 0.000000000000000000e+00 1.600000000000000089e+00 1.948999999999999995e-03 -1.602500000000000105e-02 -9.998700000000000365e-01 2.145870000000000000e-01 -9.765730000000000244e-01 1.607000000000000095e-02 -9.767029999999999879e-01 -2.145910000000000040e-01 1.534999999999999906e-03
2.500000000000000000e+01 4.000000000000000000e+00 2.000000000000000000e+01 0.000000000000000000e+00 1.600000000000000089e+00 1.072999999999999952e-03 -7.571999999999999738e-03 -9.999710000000000543e-01 2.972589999999999955e-01 -9.547670000000000323e-01 7.548000000000000022e-03 -9.547959999999999781e-01 -2.972580000000000222e-01 1.226000000000000093e-03
4.000000000000000000e+00 1.300000000000000000e+01 2.000000000000000000e+01 0.000000000000000000e+00 1.600000000000000089e+00 -7.039999999999999817e-04 2.134000000000000046e-03 9.999970000000000248e-01 2.602450000000000041e-01 9.655409999999999826e-01 -1.876999999999999979e-03 -9.655420000000000114e-01 2.602430000000000021e-01 -1.234999999999999987e-03
7.000000000000000000e+00 1.300000000000000000e+01 2.000000000000000000e+01 0.000000000000000000e+00 1.600000000000000089e+00 -3.269999999999999795e-04 1.350999999999999987e-03 9.999989999999999712e-01 2.605210000000000026e-01 9.654679999999999929e-01 -1.219000000000000031e-03 -9.654679999999999929e-01 2.605199999999999738e-01 -6.669999999999999497e-04
1.600000000000000000e+01 1.300000000000000000e+01 2.000000000000000000e+01 0.000000000000000000e+00 1.600000000000000089e+00 -2.359999999999999902e-04 1.175000000000000046e-03 9.999989999999999712e-01 2.618320000000000092e-01 9.651129999999999987e-01 -1.072000000000000036e-03 -9.651129999999999987e-01 2.618320000000000092e-01 -5.360000000000000181e-04
1.900000000000000000e+01 1.300000000000000000e+01 2.000000000000000000e+01 0.000000000000000000e+00 1.600000000000000089e+00 -9.129999999999999661e-04 -6.173999999999999801e-03 9.999810000000000088e-01 2.623610000000000109e-01 9.649499999999999744e-01 6.198000000000000384e-03 -9.649689999999999657e-01 2.623610000000000109e-01 7.380000000000000492e-04
2.800000000000000000e+01 1.300000000000000000e+01 2.000000000000000000e+01 0.000000000000000000e+00 1.600000000000000089e+00 -1.289999999999999914e-04 3.460000000000000076e-04 1.000000000000000000e+00 2.639739999999999864e-01 9.645299999999999985e-01 -2.999999999999999737e-04 -9.645299999999999985e-01 2.639739999999999864e-01 -2.149999999999999947e-04
4.000000000000000000e+00 1.600000000000000000e+01 2.100000000000000000e+01 0.000000000000000000e+00 1.600000000000000089e+00 -1.137999999999999906e-03 1.904000000000000093e-03 9.999970000000000248e-01 3.017679999999999807e-01 9.533800000000000052e-01 -1.472000000000000001e-03 -9.533810000000000340e-01 3.017659999999999787e-01 -1.659000000000000101e-03
1.000000000000000000e+01 1.600000000000000000e+01 2.100000000000000000e+01 0.000000000000000000e+00 1.600000000000000089e+00 3.890000000000000228e-04 3.393000000000000183e-03 9.999940000000000495e-01 3.023680000000000256e-01 9.531849999999999490e-01 -3.350999999999999812e-03 -9.531910000000000105e-01 3.023680000000000256e-01 -6.549999999999999833e-04
1.600000000000000000e+01 1.600000000000000000e+01 2.100000000000000000e+01 0.000000000000000000e+00 1.600000000000000089e+00 -3.699999999999999947e-04 3.311999999999999840e-03 9.999949999999999672e-01 2.998500000000000054e-01 9.539809999999999679e-01 -3.047999999999999928e-03 -9.539860000000000007e-01 2.998469999999999747e-01 -1.345999999999999974e-03
1.900000000000000000e+01 1.600000000000000000e+01 2.100000000000000000e+01 0.000000000000000000e+00 1.600000000000000089e+00 -2.149999999999999947e-04 -8.184000000000000302e-03 9.999670000000000503e-01 3.005329999999999946e-01 9.537390000000000034e-01 7.870000000000000259e-03 -9.537710000000000354e-01 3.005249999999999866e-01 2.255000000000000060e-03
2.300000000000000000e+01 1.600000000000000000e+01 2.100000000000000000e+01 0.000000000000000000e+00 1.600000000000000089e+00 1.276000000000000007e-03 -7.870000000000000259e-03 9.999679999999999680e-01 3.034089999999999843e-01 9.528339999999999588e-01 7.112000000000000266e-03 -9.528600000000000403e-01 3.033899999999999930e-01 3.602999999999999866e-03
2.700000000000000000e+01 1.600000000000000000e+01 2.100000000000000000e+01 0.000000000000000000e+00 1.600000000000000089e+00 -6.210000000000000242e-04 -6.100000000000000387e-03 9.999810000000000088e-01 3.027409999999999823e-01 9.530539999999999567e-01 6.001000000000000258e-03 -9.530729999999999480e-01 3.027389999999999803e-01 1.255000000000000039e-03
3.000000000000000000e+00 4.600000000000000000e+01 2.700000000000000000e+01 0.000000000000000000e+00 1.600000000000000089e+00 -5.326000000000000005e-03 -2.252999999999999794e-03 -9.999829999999999552e-01 6.559890000000000443e-01 7.547519999999999785e-01 -5.193999999999999832e-03 7.547509999999999497e-01 -6.560059999999999780e-01 -2.541999999999999989e-03
8.000000000000000000e+00 4.600000000000000000e+01 2.700000000000000000e+01 0.000000000000000000e+00 1.600000000000000089e+00 6.920000000000000153e-04 1.490000000000000005e-03 -9.999989999999999712e-01 6.579230000000000356e-01 7.530839999999999756e-01 1.577999999999999976e-03 7.530850000000000044e-01 -6.579230000000000356e-01 -4.589999999999999896e-04
2.700000000000000000e+01 4.600000000000000000e+01 2.700000000000000000e+01 0.000000000000000000e+00 1.600000000000000089e+00 -9.439999999999999607e-04 9.309999999999999699e-04 -9.999989999999999712e-01 6.675179999999999447e-01 7.445939999999999781e-01 6.299999999999999990e-05 7.445929999999999493e-01 -6.675170000000000270e-01 -1.324000000000000090e-03
7.000000000000000000e+00 4.600000000000000000e+01 3.000000000000000000e+01 0.000000000000000000e+00 1.600000000000000089e+00 -2.190000000000000106e-04 8.009999999999999542e-04 -1.000000000000000000e+00 3.185600000000000098e-01 9.479020000000000223e-01 6.890000000000000508e-04 9.479030000000000511e-01 -3.185600000000000098e-01 -4.629999999999999784e-04
1.100000000000000000e+01 4.600000000000000000e+01 3.000000000000000000e+01 0.000000000000000000e+00 1.600000000000000089e+00 1.350000000000000071e-03 -1.090000000000000067e-04 -9.999989999999999712e-01 3.241780000000000217e-01 9.459959999999999480e-01 3.350000000000000113e-04 9.459950000000000303e-01 -3.241780000000000217e-01 1.312000000000000015e-03
1.900000000000000000e+01 4.600000000000000000e+01 3.000000000000000000e+01 0.000000000000000000e+00 1.600000000000000089e+00 1.183999999999999940e-03 2.079000000000000119e-03 -9.999970000000000248e-01 3.256339999999999790e-01 9.454930000000000279e-01 2.350999999999999791e-03 9.454949999999999743e-01 -3.256359999999999810e-01 4.420000000000000101e-04
2.400000000000000000e+01 4.600000000000000000e+01 3.000000000000000000e+01 0.000000000000000000e+00 1.600000000000000089e+00 -3.620000000000000171e-04 -1.641000000000000097e-03 -9.999989999999999712e-01 3.236029999999999740e-01 9.461920000000000330e-01 -1.670000000000000043e-03 9.461929999999999508e-01 -3.236029999999999740e-01 1.879999999999999890e-04
3.000000000000000000e+00 5.800000000000000000e+01 3.100000000000000000e+01 0.000000000000000000e+00 1.600000000000000089e+00 6.399999999999999710e-05 1.417999999999999990e-03 9.999989999999999712e-01 -7.770139999999999825e-01 -6.294830000000000148e-01 9.420000000000000205e-04 6.294830000000000148e-01 -7.770129999999999537e-01 1.062000000000000010e-03
9.000000000000000000e+00 5.800000000000000000e+01 3.100000000000000000e+01 0.000000000000000000e+00 1.600000000000000089e+00 -2.174000000000000151e-03 -2.119999999999999923e-03 9.999949999999999672e-01 -7.793029999999999680e-01 -6.266399999999999748e-01 -3.023000000000000079e-03 6.266439999999999788e-01 -7.793060000000000542e-01 -2.900000000000000017e-04
1.100000000000000000e+01 5.800000000000000000e+01 3.100000000000000000e+01 0.000000000000000000e+00 1.600000000000000089e+00 -1.288000000000000082e-03 -1.869999999999999917e-03 9.999970000000000248e-01 -7.809829999999999828e-01 -6.245479999999999920e-01 -2.174000000000000151e-03 6.245509999999999673e-01 -7.809840000000000115e-01 -6.560000000000000076e-04
2.300000000000000000e+01 5.800000000000000000e+01 3.100000000000000000e+01 0.000000000000000000e+00 1.600000000000000089e+00 -2.324000000000000111e-03 -4.079000000000000160e-03 9.999890000000000168e-01 -7.858300000000000285e-01 -6.184269999999999490e-01 -4.348999999999999568e-03 6.184380000000000432e-01 -7.858309999999999462e-01 -1.768000000000000040e-03
1.000000000000000000e+00 4.600000000000000000e+01 3.500000000000000000e+01 0.000000000000000000e+00 1.600000000000000089e+00 -4.730000000000000046e-04 3.935000000000000130e-03 -9.999919999999999920e-01 3.845700000000000229e-01 -9.230880000000000196e-01 -3.814000000000000116e-03 -9.230960000000000276e-01 -3.845689999999999942e-01 -1.077000000000000049e-03
7.000000000000000000e+00 4.600000000000000000e+01 3.500000000000000000e+01 0.000000000000000000e+00 1.600000000000000089e+00 -1.669999999999999935e-04 -9.600000000000000243e-05 -1.000000000000000000e+00 3.859110000000000040e-01 -9.225360000000000227e-01 2.400000000000000061e-05 -9.225360000000000227e-01 -3.859110000000000040e-01 1.910000000000000077e-04
1.100000000000000000e+01 4.600000000000000000e+01 3.500000000000000000e+01 0.000000000000000000e+00 1.600000000000000089e+00 -1.626000000000000058e-03 5.990000000000000316e-04 -9.999980000000000535e-01 3.852829999999999866e-01 -9.227980000000000071e-01 -1.178999999999999927e-03 -9.227969999999999784e-01 -3.852840000000000154e-01 1.268999999999999946e-03
1.600000000000000000e+01 4.600000000000000000e+01 3.500000000000000000e+01 0.000000000000000000e+00 1.600000000000000089e+00 -1.162000000000000055e-03 3.371999999999999997e-03 -9.999940000000000495e-01 3.860040000000000138e-01 -9.224900000000000322e-01 -3.559000000000000098e-03 -9.224959999999999827e-01 -3.860060000000000158e-01 -2.290000000000000098e-04
2.200000000000000000e+01 4.600000000000000000e+01 3.500000000000000000e+01 0.000000000000000000e+00 1.600000000000000089e+00 -7.499999999999999343e-05 -2.461000000000000080e-03 -9.999970000000000248e-01 3.860850000000000115e-01 -9.224609999999999754e-01 2.240999999999999936e-03 -9.224630000000000329e-01 -3.860830000000000095e-01 1.018999999999999941e-03
2.600000000000000000e+01 4.600000000000000000e+01 3.500000000000000000e+01 0.000000000000000000e+00 1.600000000000000089e+00 -3.460000000000000076e-04 8.630000000000000518e-04 -1.000000000000000000e+00 3.865999999999999992e-01 -9.222470000000000390e-01 -9.300000000000000541e-04 -9.222470000000000390e-01 -3.866009999999999724e-01 -1.399999999999999979e-05
3.000000000000000000e+01 4.600000000000000000e+01 3.500000000000000000e+01 0.000000000000000000e+00 1.600000000000000089e+00 2.359999999999999902e-04 -3.429999999999999889e-04 -1.000000000000000000e+00 3.861370000000000080e-01 -9.224409999999999554e-01 4.070000000000000267e-04 -9.224409999999999554e-01 -3.861370000000000080e-01 -8.600000000000000331e-05
6.000000000000000000e+00 9.500000000000000000e+01 3.600000000000000000e+01 0.000000000000000000e+00 1.600000000000000089e+00 3.115000000000000147e-03 -1.885500000000000023e-02 9.998169999999999558e-01 9.973889999999999700e-01 7.218900000000000317e-02 -1.745999999999999939e-03 -7.214299999999999879e-02 9.972130000000000161e-01 1.903099999999999931e-02
1.100000000000000000e+01 9.500000000000000000e+01 3.600000000000000000e+01 0.000000000000000000e+00 1.600000000000000089e+00 3.356000000000000042e-03 2.451000000000000054e-03 9.999909999999999632e-01 9.967979999999999619e-01 7.987700000000000355e-02 -3.542000000000000010e-03 -7.988499999999999768e-02 9.968019999999999659e-01 -2.174999999999999850e-03
1.600000000000000000e+01 9.500000000000000000e+01 3.600000000000000000e+01 0.000000000000000000e+00 1.600000000000000089e+00 -2.707000000000000205e-03 -3.196000000000000056e-03 9.999909999999999632e-01 9.965730000000000421e-01 8.266800000000000537e-02 2.961999999999999789e-03 -8.267700000000000049e-02 9.965720000000000134e-01 2.961000000000000090e-03
2.400000000000000000e+01 9.500000000000000000e+01 3.600000000000000000e+01 0.000000000000000000e+00 1.600000000000000089e+00 -4.301000000000000136e-03 -2.442400000000000126e-02 9.996920000000000250e-01 9.972619999999999818e-01 7.369199999999999362e-02 6.091000000000000060e-03 -7.381799999999999473e-02 9.969820000000000348e-01 2.403999999999999887e-02
2.900000000000000000e+01 9.500000000000000000e+01 3.600000000000000000e+01 0.000000000000000000e+00 1.600000000000000089e+00 -2.680000000000000090e-04 -2.567399999999999891e-02 9.996699999999999475e-01 9.977489999999999970e-01 6.703099999999999337e-02 1.988999999999999883e-03 -6.705999999999999461e-02 9.974199999999999733e-01 2.559799999999999923e-02
3.000000000000000000e+00 3.000000000000000000e+00 4.300000000000000000e+01 0.000000000000000000e+00 1.600000000000000089e+00 -4.479000000000000342e-03 -2.666200000000000167e-02 -9.996340000000000225e-01 7.390069999999999695e-01 -6.735379999999999701e-01 1.465299999999999936e-02 -6.736830000000000318e-01 -7.386709999999999665e-01 2.272100000000000161e-02
1.000000000000000000e+01 3.000000000000000000e+00 4.300000000000000000e+01 0.000000000000000000e+00 1.600000000000000089e+00 -1.783999999999999996e-03 -7.438000000000000167e-03 -9.999710000000000543e-01 7.416540000000000354e-01 -6.707729999999999526e-01 3.665999999999999988e-03 -6.707800000000000429e-01 -7.416260000000000074e-01 6.713000000000000217e-03
1.400000000000000000e+01 3.000000000000000000e+00 4.300000000000000000e+01 0.000000000000000000e+00 1.600000000000000089e+00 -6.629999999999999609e-04 1.149200000000000048e-02 -9.999339999999999895e-01 7.409909999999999553e-01 -6.714649999999999785e-01 -8.208999999999999284e-03 -6.715149999999999730e-01 -7.409470000000000223e-01 -8.071000000000000049e-03
2.000000000000000000e+01 3.000000000000000000e+00 4.300000000000000000e+01 0.000000000000000000e+00 1.600000000000000089e+00 -1.724000000000000055e-03 3.201999999999999985e-03 -9.999930000000000208e-01 7.382830000000000226e-01 -6.744830000000000547e-01 -3.432000000000000155e-03 -6.744890000000000052e-01 -7.382840000000000513e-01 -1.201000000000000028e-03
2.300000000000000000e+01 3.000000000000000000e+00 4.300000000000000000e+01 0.000000000000000000e+00 1.600000000000000089e+00 3.814000000000000116e-03 -7.272999999999999951e-03 -9.999660000000000215e-01 7.378770000000000051e-01 -6.748920000000000474e-01 7.722999999999999830e-03 -6.749249999999999972e-01 -7.378810000000000091e-01 2.792999999999999910e-03
2.900000000000000000e+01 3.000000000000000000e+00 4.300000000000000000e+01 0.000000000000000000e+00 1.600000000000000089e+00 -5.256000000000000255e-03 -2.517000000000000140e-03 -9.999829999999999552e-01 7.405030000000000223e-01 -6.720490000000000075e-01 -2.200999999999999832e-03 -6.720319999999999627e-01 -7.405019999999999936e-01 5.395999999999999755e-03
3.000000000000000000e+00 8.000000000000000000e+00 4.400000000000000000e+01 0.000000000000000000e+00 1.600000000000000089e+00 -3.347999999999999848e-03 -5.734000000000000381e-03 9.999780000000000335e-01 -7.744229999999999725e-01 -6.326370000000000049e-01 -6.219999999999999835e-03 6.326589999999999714e-01 -7.744269999999999765e-01 -2.321999999999999845e-03
7.000000000000000000e+00 2.900000000000000000e+01 4.400000000000000000e+01 0.000000000000000000e+00 1.600000000000000089e+00 -3.322999999999999999e-03 1.003999999999999901e-03 -9.999940000000000495e-01 6.645480000000000276e-01 7.472440000000000193e-01 -1.458000000000000095e-03 7.472379999999999578e-01 -6.645489999999999453e-01 -3.150000000000000022e-03
2.200000000000000000e+01 2.900000000000000000e+01 4.400000000000000000e+01 0.000000000000000000e+00 1.600000000000000089e+00 2.089000000000000145e-03 -4.589999999999999896e-04 -9.999980000000000535e-01 6.626319999999999988e-01 7.489449999999999719e-01 1.039999999999999909e-03 7.489419999999999966e-01 -6.626330000000000275e-01 1.869000000000000002e-03
2.600000000000000000e+01 2.900000000000000000e+01 4.400000000000000000e+01 0.000000000000000000e+00 1.600000000000000089e+00 -3.240000000000000150e-04 -5.220000000000000031e-04 -1.000000000000000000e+00 6.705659999999999954e-01 7.418500000000000094e-01 -6.040000000000000447e-04 7.418500000000000094e-01 -6.705659999999999954e-01 1.090000000000000067e-04
2.300000000000000000e+01 7.000000000000000000e+00 5.200000000000000000e+01 0.000000000000000000e+00 1.600000000000000089e+00 -5.656999999999999702e-03 -3.798000000000000161e-03 -9.999770000000000048e-01 1.232860000000000067e-01 -9.923659999999999703e-01 3.072000000000000078e-03 -9.923549999999999871e-01 -1.232660000000000006e-01 6.082999999999999866e-03
5.000000000000000000e+00 6.300000000000000000e+01 5.400000000000000000e+01 0.000000000000000000e+00 1.600000000000000089e+00 -1.727999999999999935e-03 1.139999999999999954e-03 9.999980000000000535e-01 -3.514240000000000141e-01 9.362150000000000194e-01 -1.673999999999999924e-03 -9.362150000000000194e-01 -3.514260000000000161e-01 -1.217999999999999899e-03
1.300000000000000000e+01 6.300000000000000000e+01 5.400000000000000000e+01 0.000000000000000000e+00 1.600000000000000089e+00 2.489999999999999809e-04 -1.592000000000000099e-03 9.999989999999999712e-01 -3.477999999999999980e-01 9.375679999999999570e-01 1.579000000000000108e-03 -9.375689999999999857e-01 -3.477999999999999980e-01 -3.200000000000000262e-04
1.700000000000000000e+01 6.300000000000000000e+01 5.400000000000000000e+01 0.000000000000000000e+00 1.600000000000000089e+00 8.090000000000000403e-04 7.720000000000000083e-04 9.999989999999999712e-01 -3.529599999999999960e-01 9.356379999999999697e-01 -4.360000000000000269e-04 -9.356379999999999697e-01 -3.529599999999999960e-01 1.028999999999999967e-03
2.100000000000000000e+01 6.300000000000000000e+01 5.400000000000000000e+01 0.000000000000000000e+00 1.600000000000000089e+00 6.970000000000000284e-04 2.197000000000000168e-03 9.999970000000000248e-01 -3.552130000000000010e-01 9.347839999999999483e-01 -1.806000000000000097e-03 -9.347849999999999770e-01 -3.552109999999999990e-01 1.431999999999999896e-03
2.500000000000000000e+01 6.300000000000000000e+01 5.400000000000000000e+01 0.000000000000000000e+00 1.600000000000000089e+00 1.093000000000000005e-03 -3.805999999999999921e-03 9.999919999999999920e-01 -3.563779999999999726e-01 9.343339999999999979e-01 3.945999999999999855e-03 -9.343409999999999771e-01 -3.563790000000000013e-01 -3.350000000000000113e-04
2.900000000000000000e+01 6.300000000000000000e+01 5.400000000000000000e+01 0.000000000000000000e+00 1.600000000000000089e+00 -1.402000000000000034e-03 -2.624000000000000030e-03 9.999959999999999960e-01 -3.501179999999999848e-01 9.367029999999999523e-01 1.968000000000000131e-03 -9.367039999999999811e-01 -3.501139999999999808e-01 -2.232000000000000043e-03
7.000000000000000000e+00 2.500000000000000000e+01 5.500000000000000000e+01 0.000000000000000000e+00 1.600000000000000089e+00 1.173999999999999913e-03 1.100999999999999982e-03 -9.999989999999999712e-01 -1.082600000000000055e-02 -9.999409999999999688e-01 -1.113999999999999973e-03 -9.999409999999999688e-01 1.082800000000000082e-02 -1.162000000000000055e-03
1.500000000000000000e+01 2.500000000000000000e+01 5.500000000000000000e+01 0.000000000000000000e+00 1.600000000000000089e+00 -1.363999999999999978e-03 -9.359999999999999831e-04 -9.999989999999999712e-01 -9.534000000000000807e-03 -9.999540000000000095e-01 9.489999999999999738e-04 -9.999540000000000095e-01 9.535000000000000073e-03 1.355000000000000085e-03
2.100000000000000000e+01 2.500000000000000000e+01 5.500000000000000000e+01 0.000000000000000000e+00 1.600000000000000089e+00 1.430000000000000064e-04 -5.980000000000000072e-04 -1.000000000000000000e+00 -1.068599999999999932e-02 -9.999430000000000263e-01 5.959999999999999586e-04 -9.999430000000000263e-01 1.068599999999999932e-02 -1.499999999999999869e-04
2.400000000000000000e+01 2.500000000000000000e+01 5.500000000000000000e+01 0.000000000000000000e+00 1.600000000000000089e+00 1.551000000000000078e-03 1.337999999999999997e-03 -9.999980000000000535e-01 -1.175200000000000029e-02 -9.999299999999999855e-01 -1.356000000000000000e-03 -9.999299999999999855e-01 1.175400000000000056e-02 -1.534999999999999906e-03
2.700000000000000000e+01 2.500000000000000000e+01 5.500000000000000000e+01 0.000000000000000000e+00 1.600000000000000089e+00 8.339999999999999974e-04 -1.943999999999999981e-03 -9.999980000000000535e-01 -1.185800000000000048e-02 -9.999280000000000390e-01 1.933999999999999955e-03 -9.999289999999999567e-01 1.185699999999999948e-02 -8.570000000000000144e-04
1.000000000000000000e+00 2.100000000000000000e+01 6.000000000000000000e+01 0.000000000000000000e+00 1.600000000000000089e+00 -8.390000000000000105e-04 -6.470000000000000057e-03 9.999789999999999512e-01 -9.566399999999999904e-02 9.953929999999999723e-01 6.360000000000000202e-03 -9.954129999999999923e-01 -9.565700000000000591e-02 -1.453999999999999997e-03
8.000000000000000000e+00 2.100000000000000000e+01 6.000000000000000000e+01 0.000000000000000000e+00 1.600000000000000089e+00 -1.699999999999999987e-05 1.704999999999999918e-03 9.999989999999999712e-01 -9.661599999999999355e-02 9.953199999999999825e-01 -1.698999999999999989e-03 -9.953220000000000400e-01 -9.661599999999999355e-02 1.479999999999999925e-04
1.100000000000000000e+01 2.100000000000000000e+01 6.000000000000000000e+01 0.000000000000000000e+00 1.600000000000000089e+00 6.759999999999999516e-04 -5.402999999999999817e-03 9.999850000000000128e-01 -9.713900000000000312e-02 9.952560000000000295e-01 5.442999999999999922e-03 -9.952710000000000168e-01 -9.714100000000000512e-02 1.479999999999999925e-04
1.800000000000000000e+01 2.100000000000000000e+01 6.000000000000000000e+01 0.000000000000000000e+00 1.600000000000000089e+00 -1.930000000000000021e-04 -2.929999999999999879e-03 9.999959999999999960e-01 -9.734199999999999797e-02 9.952469999999999928e-01 2.896999999999999836e-03 -9.952509999999999968e-01 -9.734099999999999697e-02 -4.769999999999999934e-04
2.300000000000000000e+01 2.100000000000000000e+01 6.000000000000000000e+01 0.000000000000000000e+00 1.600000000000000089e+00 1.015000000000000060e-03 -1.562999999999999936e-03 9.999980000000000535e-01 -9.680700000000000416e-02 9.953020000000000200e-01 1.654000000000000088e-03 -9.953030000000000488e-01 -9.680900000000000616e-02 8.589999999999999546e-04
2.900000000000000000e+01 2.100000000000000000e+01 6.000000000000000000e+01 0.000000000000000000e+00 1.600000000000000089e+00 2.359999999999999902e-04 -7.790000000000000049e-03 9.999700000000000255e-01 -9.672500000000000542e-02 9.952809999999999713e-01 7.777000000000000059e-03 -9.953109999999999458e-01 -9.672300000000000342e-02 -5.190000000000000386e-04
3.000000000000000000e+00 6.000000000000000000e+00 6.100000000000000000e+01 0.000000000000000000e+00 1.600000000000000089e+00 1.647999999999999942e-03 5.034000000000000280e-03 9.999860000000000415e-01 5.592129999999999601e-01 -8.290180000000000327e-01 3.252000000000000116e-03 8.290220000000000367e-01 5.592000000000000304e-01 -4.180999999999999821e-03
1.600000000000000000e+01 3.000000000000000000e+00 6.300000000000000000e+01 0.000000000000000000e+00 1.600000000000000089e+00 6.989999999999999686e-04 4.301000000000000136e-03 9.999909999999999632e-01 -6.123739999999999739e-01 7.905630000000000157e-01 -2.971999999999999816e-03 -7.905680000000000485e-01 -6.123659999999999659e-01 3.187000000000000163e-03
5.000000000000000000e+00 2.700000000000000000e+01 6.300000000000000000e+01 0.000000000000000000e+00 1.600000000000000089e+00 -8.310000000000000329e-04 1.020999999999999989e-03 9.999989999999999712e-01 -2.752490000000000214e-01 9.613720000000000043e-01 -1.209999999999999921e-03 -9.613730000000000331e-01 -2.752490000000000214e-01 -5.180000000000000143e-04
9.000000000000000000e+00 2.700000000000000000e+01 6.300000000000000000e+01 0.000000000000000000e+00 1.600000000000000089e+00 4.300000000000000165e-05 1.140000000000000063e-04 1.000000000000000000e+00 -2.757830000000000004e-01 9.612199999999999633e-01 -9.699999999999999963e-05 -9.612199999999999633e-01 -2.757830000000000004e-01 7.299999999999999903e-05
1.200000000000000000e+01 2.700000000000000000e+01 6.300000000000000000e+01 0.000000000000000000e+00 1.600000000000000089e+00 -2.610000000000000015e-04 -5.169999999999999899e-04 1.000000000000000000e+00 -2.770580000000000265e-01 9.608529999999999571e-01 4.240000000000000062e-04 -9.608529999999999571e-01 -2.770580000000000265e-01 -3.939999999999999817e-04
1.700000000000000000e+01 2.700000000000000000e+01 6.300000000000000000e+01 0.000000000000000000e+00 1.600000000000000089e+00 4.400000000000000157e-04 2.625999999999999862e-03 9.999959999999999960e-01 -2.755750000000000144e-01 9.612770000000000481e-01 -2.403000000000000188e-03 -9.612800000000000233e-01 -2.755730000000000124e-01 1.147000000000000016e-03
2.300000000000000000e+01 2.700000000000000000e+01 6.300000000000000000e+01 0.000000000000000000e+00 1.600000000000000089e+00 -1.059000000000000045e-03 4.834999999999999888e-03 9.999879999999999880e-01 -2.731830000000000092e-01 9.619499999999999718e-01 -4.939999999999999947e-03 -9.619619999999999838e-01 -2.731839999999999824e-01 3.020000000000000223e-04
2.600000000000000000e+01 2.700000000000000000e+01 6.300000000000000000e+01 0.000000000000000000e+00 1.600000000000000089e+00 8.589999999999999546e-04 -6.170000000000000354e-04 9.999989999999999712e-01 -2.740440000000000098e-01 9.617170000000000440e-01 8.279999999999999600e-04 -9.617170000000000440e-01 -2.740440000000000098e-01 6.570000000000000319e-04
