2.000000000000000000e+00 1.500000000000000000e+01 4.000000000000000000e+00 0.000000000000000000e+00 1.600000000000000089e+00 2.237999999999999972e-03 1.337999999999999997e-03 9.999970000000000248e-01 2.991909999999999847e-01 -9.541929999999999579e-01 6.080000000000000335e-04 9.541910000000000114e-01 2.991889999999999827e-01 -2.536000000000000060e-03
1.100000000000000000e+01 1.500000000000000000e+01 4.000000000000000000e+00 0.000000000000000000e+00 1.600000000000000089e+00 -2.622000000000000199e-03 -9.770000000000000039e-04 9.999959999999999960e-01 3.044510000000000272e-01 -9.525280000000000413e-01 -1.320000000000000101e-04 9.525249999999999551e-01 3.044490000000000252e-01 2.795000000000000175e-03
1.900000000000000000e+01 1.500000000000000000e+01 4.000000000000000000e+00 0.000000000000000000e+00 1.600000000000000089e+00 4.722999999999999768e-03 2.105999999999999799e-03 9.999869999999999592e-01 3.059479999999999977e-01 -9.520480000000000054e-01 5.599999999999999509e-04 9.520359999999999934e-01 3.059419999999999917e-01 -5.140999999999999737e-03
2.400000000000000000e+01 1.500000000000000000e+01 4.000000000000000000e+00 0.000000000000000000e+00 1.600000000000000089e+00 1.650999999999999907e-03 3.915000000000000077e-03 9.999909999999999632e-01 3.048310000000000186e-01 -9.524010000000000531e-01 3.225000000000000002e-03 9.524049999999999461e-01 3.048230000000000106e-01 -2.765999999999999796e-03
2.900000000000000000e+01 1.500000000000000000e+01 4.000000000000000000e+00 0.000000000000000000e+00 1.600000000000000089e+00 2.399999999999999790e-03 8.750000000000000833e-03 9.999590000000000423e-01 3.097119999999999873e-01 -9.507999999999999785e-01 7.576000000000000269e-03 9.508269999999999778e-01 3.096809999999999841e-01 -4.991999999999999910e-03
3.000000000000000000e+00 4.000000000000000000e+00 5.000000000000000000e+00 0.000000000000000000e+00 1.600000000000000089e+00 -6.708000000000000421e-03 -1.256200000000000025e-02 9.998989999999999823e-01 2.317009999999999903e-01 -9.727289999999999548e-01 -1.066600000000000013e-02 9.727639999999999620e-01 2.316060000000000063e-01 9.435999999999999943e-03
2.000000000000000000e+00 1.010000000000000000e+02 7.000000000000000000e+00 0.000000000000000000e+00 1.600000000000000089e+00 4.034000000000000259e-03 -2.774599999999999983e-02 9.996070000000000233e-01 8.788700000000000401e-01 4.769630000000000258e-01 9.691999999999999227e-03 -4.770449999999999968e-01 8.784849999999999604e-01 2.631000000000000005e-02
1.600000000000000000e+01 1.010000000000000000e+02 7.000000000000000000e+00 0.000000000000000000e+00 1.600000000000000089e+00 -1.162999999999999971e-03 -6.388999999999999714e-03 9.999789999999999512e-01 8.843659999999999854e-01 4.667760000000000242e-01 4.010999999999999809e-03 -4.667919999999999847e-01 8.843520000000000270e-01 5.107000000000000428e-03
1.900000000000000000e+01 1.010000000000000000e+02 7.000000000000000000e+00 0.000000000000000000e+00 1.600000000000000089e+00 -3.380000000000000192e-03 2.370999999999999844e-03 9.999909999999999632e-01 8.832200000000000051e-01 4.689550000000000107e-01 1.873000000000000099e-03 -4.689470000000000027e-01 8.832189999999999763e-01 -3.678999999999999979e-03
6.000000000000000000e+00 2.500000000000000000e+01 8.000000000000000000e+00 0.000000000000000000e+00 1.600000000000000089e+00 5.019999999999999506e-04 -1.108000000000000044e-03 -9.999989999999999712e-01 4.424029999999999907e-01 8.968159999999999465e-01 -7.720000000000000083e-04 8.968159999999999465e-01 -4.424029999999999907e-01 9.409999999999999962e-04
1.100000000000000000e+01 2.500000000000000000e+01 8.000000000000000000e+00 0.000000000000000000e+00 1.600000000000000089e+00 2.255000000000000060e-03 4.299999999999999894e-04 -9.999970000000000248e-01 4.419799999999999840e-01 8.970240000000000435e-01 1.381999999999999982e-03 8.970219999999999860e-01 -4.419819999999999860e-01 1.832999999999999994e-03
1.500000000000000000e+01 2.500000000000000000e+01 8.000000000000000000e+00 0.000000000000000000e+00 1.600000000000000089e+00 1.136000000000000074e-03 9.520000000000000467e-04 -9.999989999999999712e-01 4.427650000000000197e-01 8.966370000000000173e-01 1.356000000000000000e-03 8.966370000000000173e-01 -4.427659999999999929e-01 5.969999999999999829e-04
2.300000000000000000e+01 2.500000000000000000e+01 8.000000000000000000e+00 0.000000000000000000e+00 1.600000000000000089e+00 7.899999999999999579e-05 -1.608000000000000054e-03 -9.999989999999999712e-01 4.425220000000000264e-01 8.967570000000000263e-01 -1.407000000000000048e-03 8.967580000000000551e-01 -4.425209999999999977e-01 7.820000000000000345e-04
2.700000000000000000e+01 2.500000000000000000e+01 8.000000000000000000e+00 0.000000000000000000e+00 1.600000000000000089e+00 -3.078000000000000007e-03 -4.834999999999999888e-03 -9.999839999999999840e-01 4.428560000000000274e-01 8.965750000000000108e-01 -5.699000000000000073e-03 8.965880000000000516e-01 -4.428659999999999819e-01 -6.189999999999999756e-04
3.000000000000000000e+01 2.500000000000000000e+01 8.000000000000000000e+00 0.000000000000000000e+00 1.600000000000000089e+00 -2.305000000000000191e-03 -8.108999999999999889e-03 -9.999639999999999640e-01 4.439159999999999773e-01 8.960299999999999931e-01 -8.288999999999999493e-03 8.960660000000000291e-01 -4.439190000000000080e-01 1.533999999999999990e-03
6.000000000000000000e+00 2.400000000000000000e+01 9.000000000000000000e+00 0.000000000000000000e+00 1.600000000000000089e+00 5.069999999999999637e-04 -2.546000000000000086e-03 -9.999970000000000248e-01 4.445490000000000275e-01 8.957519999999999927e-01 -2.054999999999999969e-03 8.957540000000000502e-01 -4.445459999999999967e-01 1.585999999999999953e-03
1.500000000000000000e+01 2.400000000000000000e+01 9.000000000000000000e+00 0.000000000000000000e+00 1.600000000000000089e+00 9.510000000000000224e-04 3.003000000000000027e-03 -9.999949999999999672e-01 4.444969999999999755e-01 8.957749999999999879e-01 3.112999999999999882e-03 8.957800000000000207e-01 -4.444969999999999755e-01 -4.829999999999999767e-04
2.300000000000000000e+01 2.400000000000000000e+01 9.000000000000000000e+00 0.000000000000000000e+00 1.600000000000000089e+00 6.099999999999999872e-05 -2.250999999999999963e-03 -9.999970000000000248e-01 4.455450000000000244e-01 8.952569999999999695e-01 -1.988000000000000184e-03 8.952590000000000270e-01 -4.455439999999999956e-01 1.057999999999999913e-03
2.600000000000000000e+01 2.400000000000000000e+01 9.000000000000000000e+00 0.000000000000000000e+00 1.600000000000000089e+00 -2.462000000000000213e-03 -5.270999999999999644e-03 -9.999829999999999552e-01 4.456220000000000181e-01 8.952029999999999710e-01 -5.815999999999999989e-03 8.952179999999999582e-01 -4.456280000000000241e-01 1.450000000000000009e-04
1.500000000000000000e+01 3.100000000000000000e+01 1.200000000000000000e+01 0.000000000000000000e+00 1.600000000000000089e+00 -1.789999999999999870e-04 -3.657999999999999793e-03 9.999930000000000208e-01 9.110999999999999308e-03 9.999519999999999520e-01 3.658999999999999926e-03 -9.999580000000000135e-01 9.110999999999999308e-03 -1.450000000000000009e-04
2.300000000000000000e+01 3.100000000000000000e+01 1.200000000000000000e+01 0.000000000000000000e+00 1.600000000000000089e+00 -1.679999999999999907e-04 2.939999999999999905e-04 1.000000000000000000e+00 1.915400000000000089e-02 9.998169999999999558e-01 -2.910000000000000260e-04 -9.998169999999999558e-01 1.915400000000000089e-02 -1.740000000000000010e-04
2.800000000000000000e+01 3.100000000000000000e+01 1.200000000000000000e+01 0.000000000000000000e+00 1.600000000000000089e+00 1.732999999999999948e-03 9.160000000000000390e-04 9.999980000000000535e-01 1.782399999999999957e-02 9.998409999999999798e-01 -9.470000000000000336e-04 -9.998399999999999510e-01 1.782600000000000157e-02 1.716000000000000077e-03
3.000000000000000000e+00 1.160000000000000000e+02 1.600000000000000000e+01 0.000000000000000000e+00 1.600000000000000089e+00 -2.099999999999999870e-03 8.919999999999999978e-04 9.999970000000000248e-01 6.975729999999999986e-01 7.165139999999999842e-01 8.260000000000000198e-04 -7.165110000000000090e-01 6.975719999999999699e-01 -2.126999999999999984e-03
1.600000000000000000e+01 1.160000000000000000e+02 1.600000000000000000e+01 0.000000000000000000e+00 1.600000000000000089e+00 1.409000000000000096e-03 2.139999999999999975e-03 9.999970000000000248e-01 6.751559999999999784e-01 7.376709999999999656e-01 -2.530000000000000131e-03 -7.376740000000000519e-01 6.751570000000000071e-01 -4.049999999999999781e-04
2.600000000000000000e+01 1.160000000000000000e+02 1.600000000000000000e+01 0.000000000000000000e+00 1.600000000000000089e+00 -2.320000000000000014e-04 -2.247999999999999998e-03 9.999970000000000248e-01 6.941619999999999457e-01 7.198160000000000114e-01 1.778999999999999982e-03 -7.198179999999999579e-01 6.941610000000000280e-01 1.392999999999999924e-03
1.300000000000000000e+01 2.000000000000000000e+00 1.900000000000000000e+01 0.000000000000000000e+00 1.600000000000000089e+00 -2.011000000000000201e-03 3.265000000000000107e-03 -9.999930000000000208e-01 1.920850000000000057e-01 -9.813720000000000221e-01 -3.589999999999999875e-03 -9.813760000000000261e-01 -1.920910000000000117e-01 1.345999999999999974e-03
1.700000000000000000e+01 2.000000000000000000e+00 1.900000000000000000e+01 0.000000000000000000e+00 1.600000000000000089e+00 -4.250999999999999571e-03 1.604500000000000023e-02 -9.998620000000000285e-01 1.943860000000000032e-01 -9.807850000000000179e-01 -1.656499999999999986e-02 -9.809160000000000101e-01 -1.944299999999999917e-01 1.051000000000000068e-03
2.300000000000000000e+01 2.000000000000000000e+00 1.900000000000000000e+01 0.000000000000000000e+00 1.600000000000000089e+00 4.539999999999999765e-03 -6.465000000000000260e-03 -9.999689999999999968e-01 1.996189999999999909e-01 -9.798470000000000235e-01 7.241000000000000041e-03 -9.798630000000000395e-01 -1.996459999999999901e-01 -3.158000000000000217e-03
2.700000000000000000e+01 2.000000000000000000e+00 1.900000000000000000e+01 0.000000000000000000e+00 1.600000000000000089e+00 2.491000000000000159e-03 -4.734000000000000360e-03 -9.999860000000000415e-01 1.972780000000000089e-01 -9.803340000000000387e-01 5.132000000000000277e-03 -9.803439999999999932e-01 -1.972879999999999912e-01 -1.508999999999999925e-03
2.400000000000000000e+01 4.000000000000000000e+00 2.000000000000000000e+01 0.000000000000000000e+00 1.600000000000000089e+00 6.720000000000000279e-03 -2.429000000000000169e-03 -9.999740000000000295e-01 2.831589999999999940e-01 -9.590640000000000276e-01 4.231999999999999651e-03 -9.590490000000000403e-01 -2.831799999999999873e-01 -5.756999999999999965e-03
1.100000000000000000e+01 1.300000000000000000e+01 2.000000000000000000e+01 0.000000000000000000e+00 1.600000000000000089e+00 -2.108000000000000065e-03 -5.375999999999999703e-03 9.999829999999999552e-01 2.478970000000000062e-01 9.687689999999999912e-01 5.730999999999999983e-03 -9.687839999999999785e-01 2.479049999999999865e-01 -7.100000000000000191e-04
1.400000000000000000e+01 1.300000000000000000e+01 2.000000000000000000e+01 0.000000000000000000e+00 1.600000000000000089e+00 -8.408999999999999808e-03 -1.478900000000000006e-02 9.998550000000000493e-01 2.492290000000000061e-01 9.683049999999999713e-01 1.641899999999999957e-02 -9.684080000000000465e-01 2.493309999999999971e-01 -4.455999999999999892e-03
2.000000000000000000e+01 1.300000000000000000e+01 2.000000000000000000e+01 0.000000000000000000e+00 1.600000000000000089e+00 -4.807999999999999774e-03 -6.117000000000000041e-03 9.999700000000000255e-01 2.563699999999999868e-01 9.665519999999999667e-01 7.145999999999999575e-03 -9.665669999999999540e-01 2.563969999999999860e-01 -3.078000000000000007e-03
2.500000000000000000e+01 1.300000000000000000e+01 2.000000000000000000e+01 0.000000000000000000e+00 1.600000000000000089e+00 6.079000000000000202e-03 8.108000000000000623e-03 9.999489999999999768e-01 2.512179999999999969e-01 9.678849999999999953e-01 -9.376000000000000653e-03 -9.679109999999999658e-01 2.512619999999999854e-01 3.846000000000000026e-03
3.000000000000000000e+00 1.600000000000000000e+01 2.100000000000000000e+01 0.000000000000000000e+00 1.600000000000000089e+00 1.071199999999999930e-02 3.008100000000000010e-02 9.994899999999999896e-01 2.951819999999999999e-01 9.549079999999999790e-01 -3.190300000000000080e-02 -9.553810000000000358e-01 2.953740000000000254e-01 1.348999999999999939e-03
1.800000000000000000e+01 1.600000000000000000e+01 2.100000000000000000e+01 0.000000000000000000e+00 1.600000000000000089e+00 -1.097300000000000011e-02 -1.915999999999999995e-02 9.997559999999999780e-01 2.996050000000000102e-01 9.538189999999999724e-01 2.156800000000000037e-02 -9.539999999999999591e-01 2.997690000000000077e-01 -4.726000000000000166e-03
2.100000000000000000e+01 1.600000000000000000e+01 2.100000000000000000e+01 0.000000000000000000e+00 1.600000000000000089e+00 -2.516000000000000007e-03 -2.779999999999999811e-04 9.999970000000000248e-01 3.011320000000000108e-01 9.535820000000000407e-01 1.023000000000000038e-03 -9.535789999999999544e-01 3.011340000000000128e-01 -2.314999999999999784e-03
2.100000000000000000e+01 4.800000000000000000e+01 2.400000000000000000e+01 0.000000000000000000e+00 1.600000000000000089e+00 -2.912000000000000092e-03 -1.487999999999999956e-03 9.999949999999999672e-01 8.595099999999999962e-01 5.111080000000000068e-01 3.263999999999999974e-03 -5.111099999999999532e-01 8.595150000000000290e-01 -2.090000000000000115e-04
7.000000000000000000e+00 3.000000000000000000e+00 2.500000000000000000e+01 0.000000000000000000e+00 1.600000000000000089e+00 8.399999999999999535e-05 -1.869000000000000002e-03 9.999980000000000535e-01 -5.711499999999999910e-02 -9.983659999999999757e-01 -1.861000000000000024e-03 9.983680000000000332e-01 -5.711499999999999910e-02 -1.910000000000000077e-04
1.200000000000000000e+01 3.000000000000000000e+00 2.500000000000000000e+01 0.000000000000000000e+00 1.600000000000000089e+00 6.441999999999999810e-03 -3.490000000000000047e-03 9.999730000000000008e-01 -6.526800000000000657e-02 -9.978630000000000555e-01 -3.062000000000000052e-03 9.978470000000000395e-01 -6.524699999999999944e-02 -6.655999999999999590e-03
1.600000000000000000e+01 3.000000000000000000e+00 2.500000000000000000e+01 0.000000000000000000e+00 1.600000000000000089e+00 1.609999999999999973e-02 5.109999999999999525e-04 9.998700000000000365e-01 -6.213199999999999973e-02 -9.980670000000000375e-01 1.510999999999999973e-03 9.979379999999999917e-01 -6.214900000000000285e-02 -1.603699999999999917e-02
2.700000000000000000e+01 3.000000000000000000e+00 2.500000000000000000e+01 0.000000000000000000e+00 1.600000000000000089e+00 -1.398300000000000064e-02 -4.714999999999999573e-03 9.998909999999999743e-01 -5.738300000000000345e-02 -9.983370000000000299e-01 -5.511000000000000273e-03 9.982539999999999747e-01 -5.745399999999999813e-02 1.368899999999999978e-02
9.000000000000000000e+00 4.600000000000000000e+01 2.700000000000000000e+01 0.000000000000000000e+00 1.600000000000000089e+00 -1.242999999999999964e-03 -3.919999999999999873e-04 -9.999989999999999712e-01 6.597159999999999691e-01 7.515140000000000153e-01 -1.113999999999999973e-03 7.515140000000000153e-01 -6.597169999999999979e-01 -6.750000000000000357e-04
1.400000000000000000e+01 4.600000000000000000e+01 2.700000000000000000e+01 0.000000000000000000e+00 1.600000000000000089e+00 -3.350000000000000113e-04 -2.984999999999999806e-03 -9.999949999999999672e-01 6.551909999999999679e-01 7.554589999999999916e-01 -2.475000000000000203e-03 7.554629999999999956e-01 -6.551890000000000214e-01 1.701999999999999954e-03
2.700000000000000000e+01 4.600000000000000000e+01 2.700000000000000000e+01 0.000000000000000000e+00 1.600000000000000089e+00 -1.430999999999999980e-03 2.128000000000000117e-03 -9.999970000000000248e-01 6.486389999999999656e-01 7.610959999999999948e-01 6.909999999999999910e-04 7.610949999999999660e-01 -6.486359999999999904e-01 -2.469999999999999973e-03
1.000000000000000000e+01 4.600000000000000000e+01 3.000000000000000000e+01 0.000000000000000000e+00 1.600000000000000089e+00 -7.209999999999999612e-04 6.149999999999999868e-04 -1.000000000000000000e+00 3.327490000000000170e-01 9.430150000000000476e-01 3.400000000000000244e-04 9.430150000000000476e-01 -3.327490000000000170e-01 -8.840000000000000201e-04
3.000000000000000000e+00 5.800000000000000000e+01 3.100000000000000000e+01 0.000000000000000000e+00 1.600000000000000089e+00 -1.443999999999999971e-03 7.400999999999999593e-03 9.999719999999999720e-01 -7.955790000000000362e-01 -6.058400000000000452e-01 3.334999999999999857e-03 6.058480000000000532e-01 -7.955520000000000369e-01 6.762999999999999914e-03
8.000000000000000000e+00 5.800000000000000000e+01 3.100000000000000000e+01 0.000000000000000000e+00 1.600000000000000089e+00 -2.807000000000000033e-03 -4.488999999999999935e-03 9.999860000000000415e-01 -7.960760000000000058e-01 -6.051760000000000472e-01 -4.950999999999999672e-03 6.051900000000000057e-01 -7.960789999999999811e-01 -1.874999999999999931e-03
1.200000000000000000e+01 5.800000000000000000e+01 3.100000000000000000e+01 0.000000000000000000e+00 1.600000000000000089e+00 -1.399999999999999979e-05 -2.944000000000000002e-03 9.999959999999999960e-01 -7.956600000000000339e-01 -6.057399999999999451e-01 -1.794999999999999938e-03 6.057430000000000314e-01 -7.956569999999999476e-01 -2.334000000000000137e-03
1.800000000000000000e+01 5.800000000000000000e+01 3.100000000000000000e+01 0.000000000000000000e+00 1.600000000000000089e+00 5.280000000000000405e-04 -1.201000000000000028e-03 9.999989999999999712e-01 -7.984620000000000051e-01 -6.020450000000000523e-01 -3.020000000000000223e-04 6.020450000000000523e-01 -7.984609999999999763e-01 -1.276999999999999923e-03
2.400000000000000000e+01 5.800000000000000000e+01 3.100000000000000000e+01 0.000000000000000000e+00 1.600000000000000089e+00 -1.283000000000000069e-03 9.299999999999999727e-05 9.999989999999999712e-01 -7.990279999999999605e-01 -6.012929999999999664e-01 -9.690000000000000262e-04 6.012920000000000487e-01 -7.990289999999999893e-01 8.459999999999999638e-04
1.000000000000000000e+01 2.300000000000000000e+01 3.400000000000000000e+01 0.000000000000000000e+00 1.600000000000000089e+00 -6.870000000000000022e-04 2.704999999999999939e-03 9.999959999999999960e-01 4.006410000000000249e-01 -9.162310000000000176e-01 2.753999999999999938e-03 9.162350000000000216e-01 4.006419999999999981e-01 -4.539999999999999765e-04
1.000000000000000000e+01 4.200000000000000000e+01 3.400000000000000000e+01 0.000000000000000000e+00 1.600000000000000089e+00 6.329999999999999906e-04 -2.219000000000000052e-03 -9.999970000000000248e-01 -2.918620000000000103e-01 9.564580000000000304e-01 -2.308000000000000156e-03 9.564599999999999769e-01 2.918620000000000103e-01 -4.199999999999999768e-05
3.000000000000000000e+00 4.600000000000000000e+01 3.500000000000000000e+01 0.000000000000000000e+00 1.600000000000000089e+00 7.578999999999999800e-03 -7.806999999999999704e-03 -9.999409999999999688e-01 3.855819999999999803e-01 -9.226180000000000492e-01 1.012599999999999958e-02 -9.226429999999999909e-01 -3.856359999999999788e-01 -3.982000000000000296e-03
6.000000000000000000e+00 4.600000000000000000e+01 3.500000000000000000e+01 0.000000000000000000e+00 1.600000000000000089e+00 3.670999999999999784e-03 -3.997999999999999818e-03 -9.999850000000000128e-01 3.845999999999999974e-01 -9.230690000000000284e-01 5.101999999999999764e-03 -9.230760000000000076e-01 -3.846129999999999827e-01 -1.850999999999999998e-03
1.100000000000000000e+01 4.600000000000000000e+01 3.500000000000000000e+01 0.000000000000000000e+00 1.600000000000000089e+00 -4.690000000000000158e-04 2.380000000000000117e-04 -1.000000000000000000e+00 3.839920000000000000e-01 -9.233360000000000456e-01 -4.000000000000000192e-04 -9.233360000000000456e-01 -3.839920000000000000e-01 3.409999999999999945e-04
1.700000000000000000e+01 4.600000000000000000e+01 3.500000000000000000e+01 0.000000000000000000e+00 1.600000000000000089e+00 -4.131000000000000123e-03 2.073999999999999889e-03 -9.999890000000000168e-01 3.887749999999999817e-01 -9.213259999999999783e-01 -3.517000000000000161e-03 -9.213230000000000031e-01 -3.887860000000000205e-01 2.998999999999999930e-03
2.300000000000000000e+01 4.600000000000000000e+01 3.500000000000000000e+01 0.000000000000000000e+00 1.600000000000000089e+00 1.863999999999999988e-03 5.099999999999999960e-05 -9.999980000000000535e-01 3.861609999999999765e-01 -9.224310000000000009e-01 6.729999999999999871e-04 -9.224299999999999722e-01 -3.861609999999999765e-01 -1.739000000000000094e-03
2.600000000000000000e+01 4.600000000000000000e+01 3.500000000000000000e+01 0.000000000000000000e+00 1.600000000000000089e+00 2.301999999999999793e-03 5.083999999999999977e-03 -9.999839999999999840e-01 3.851580000000000004e-01 -9.228429999999999689e-01 -3.804999999999999789e-03 -9.228480000000000016e-01 -3.851430000000000131e-01 -4.081999999999999691e-03
8.000000000000000000e+00 9.500000000000000000e+01 3.600000000000000000e+01 0.000000000000000000e+00 1.600000000000000089e+00 1.544000000000000060e-02 2.340100000000000166e-02 9.996070000000000233e-01 9.973710000000000075e-01 7.043499999999999761e-02 -1.705399999999999971e-02 -7.080599999999999394e-02 9.972419999999999618e-01 -2.225200000000000095e-02
1.300000000000000000e+01 9.500000000000000000e+01 3.600000000000000000e+01 0.000000000000000000e+00 1.600000000000000089e+00 -1.304999999999999953e-03 -3.308999999999999875e-03 9.999940000000000495e-01 9.976690000000000280e-01 6.822400000000000686e-02 1.528000000000000061e-03 -6.822899999999999798e-02 9.976650000000000240e-01 3.213000000000000144e-03
1.600000000000000000e+01 9.500000000000000000e+01 3.600000000000000000e+01 0.000000000000000000e+00 1.600000000000000089e+00 -1.027800000000000068e-02 -9.325999999999999221e-03 9.999040000000000150e-01 9.979299999999999837e-01 6.338599999999999790e-02 1.084899999999999927e-02 -6.348099999999999576e-02 9.979459999999999997e-01 8.654999999999999499e-03
2.600000000000000000e+01 9.500000000000000000e+01 3.600000000000000000e+01 0.000000000000000000e+00 1.600000000000000089e+00 -2.925000000000000083e-03 -1.286099999999999917e-02 9.999130000000000518e-01 9.984920000000000462e-01 5.478600000000000136e-02 3.625999999999999883e-03 -5.482800000000000173e-02 9.984150000000000524e-01 1.268099999999999956e-02
1.200000000000000000e+01 9.500000000000000000e+01 3.700000000000000000e+01 0.000000000000000000e+00 1.600000000000000089e+00 3.311999999999999840e-03 -1.160999999999999923e-03 9.999940000000000495e-01 9.959209999999999452e-01 9.017600000000000615e-02 -3.193000000000000092e-03 -9.017200000000000215e-02 9.959249999999999492e-01 1.454999999999999913e-03
2.200000000000000000e+01 3.000000000000000000e+00 4.300000000000000000e+01 0.000000000000000000e+00 1.600000000000000089e+00 1.491299999999999917e-02 -1.329600000000000053e-02 -9.998000000000000220e-01 7.317829999999999613e-01 -6.812449999999999894e-01 1.997499999999999970e-02 -6.813740000000000352e-01 -7.319350000000000023e-01 -4.290000000000000193e-04
1.000000000000000000e+00 2.900000000000000000e+01 4.400000000000000000e+01 0.000000000000000000e+00 1.600000000000000089e+00 1.647000000000000026e-03 2.390999999999999896e-03 -9.999959999999999960e-01 6.369860000000000522e-01 7.708700000000000552e-01 2.892000000000000039e-03 7.708739999999999482e-01 -6.369879999999999987e-01 -2.539999999999999940e-04
9.000000000000000000e+00 2.900000000000000000e+01 4.400000000000000000e+01 0.000000000000000000e+00 1.600000000000000089e+00 -5.450000000000000200e-04 -4.099999999999999912e-04 -1.000000000000000000e+00 6.441459999999999964e-01 7.649019999999999708e-01 -6.639999999999999852e-04 7.649019999999999708e-01 -6.441459999999999964e-01 -1.530000000000000056e-04
1.500000000000000000e+01 2.900000000000000000e+01 4.400000000000000000e+01 0.000000000000000000e+00 1.600000000000000089e+00 -8.459999999999999638e-04 1.072000000000000036e-03 -9.999989999999999712e-01 6.514560000000000350e-01 7.586870000000000003e-01 2.620000000000000258e-04 7.586859999999999715e-01 -6.514550000000000063e-01 -1.340000000000000045e-03
2.000000000000000000e+01 2.900000000000000000e+01 4.400000000000000000e+01 0.000000000000000000e+00 1.600000000000000089e+00 7.659999999999999708e-04 5.176000000000000045e-03 -9.999860000000000415e-01 6.595910000000000384e-01 7.516119999999999468e-01 4.395999999999999734e-03 7.516239999999999588e-01 -6.595860000000000056e-01 -2.837999999999999811e-03
2.400000000000000000e+01 2.900000000000000000e+01 4.400000000000000000e+01 0.000000000000000000e+00 1.600000000000000089e+00 1.620000000000000075e-04 -2.350000000000000092e-03 -9.999970000000000248e-01 6.679669999999999774e-01 7.441889999999999894e-01 -1.639999999999999965e-03 7.441910000000000469e-01 -6.679650000000000309e-01 1.690000000000000096e-03
2.800000000000000000e+01 2.900000000000000000e+01 4.400000000000000000e+01 0.000000000000000000e+00 1.600000000000000089e+00 -1.090000000000000067e-04 -2.150000000000000001e-03 -9.999980000000000535e-01 6.644769999999999843e-01 7.473070000000000546e-01 -1.678999999999999937e-03 7.473090000000000011e-01 -6.644759999999999556e-01 1.347000000000000107e-03
8.000000000000000000e+00 6.500000000000000000e+01 4.600000000000000000e+01 0.000000000000000000e+00 1.600000000000000089e+00 3.000000000000000076e-06 -1.368000000000000075e-03 9.999989999999999712e-01 6.798490000000000366e-01 -7.333509999999999751e-01 -1.005999999999999950e-03 7.333520000000000039e-01 6.798490000000000366e-01 9.280000000000000054e-04
3.000000000000000000e+00 5.000000000000000000e+00 5.100000000000000000e+01 0.000000000000000000e+00 1.600000000000000089e+00 -3.357999999999999874e-03 2.044999999999999943e-03 -9.999919999999999920e-01 4.888520000000000088e-01 -8.723600000000000243e-01 -3.425000000000000093e-03 -8.723600000000000243e-01 -4.888600000000000168e-01 1.930000000000000075e-03
2.700000000000000000e+01 5.000000000000000000e+00 5.100000000000000000e+01 0.000000000000000000e+00 1.600000000000000089e+00 -2.480000000000000000e-03 -5.505000000000000344e-03 -9.999820000000000375e-01 4.861949999999999883e-01 -8.738430000000000364e-01 3.605000000000000131e-03 -8.738470000000000404e-01 -4.861770000000000258e-01 4.843000000000000083e-03
4.000000000000000000e+00 4.200000000000000000e+01 5.200000000000000000e+01 0.000000000000000000e+00 1.600000000000000089e+00 2.658699999999999952e-02 -6.829370000000000163e-01 7.299930000000000030e-01 8.360800000000000176e-02 7.292119999999999713e-01 6.791610000000000147e-01 -9.961440000000000294e-01 4.297700000000000131e-02 7.648699999999999943e-02
1.000000000000000000e+01 4.400000000000000000e+01 5.300000000000000000e+01 0.000000000000000000e+00 1.600000000000000089e+00 5.498399999999999815e-02 -4.651699999999999724e-01 -8.835119999999999640e-01 8.635700000000000320e-02 -8.793189999999999618e-01 4.683370000000000033e-01 -9.947460000000000191e-01 -1.020479999999999998e-01 -8.177000000000000240e-03
9.000000000000000000e+00 4.500000000000000000e+01 5.300000000000000000e+01 0.000000000000000000e+00 1.600000000000000089e+00 7.832799999999999485e-02 -6.609150000000000302e-01 -7.463619999999999699e-01 8.175799999999999734e-02 -7.418810000000000127e-01 6.655280000000000085e-01 -9.935699999999999532e-01 -1.131500000000000006e-01 -4.074999999999999629e-03
8.000000000000000000e+00 4.600000000000000000e+01 5.300000000000000000e+01 0.000000000000000000e+00 1.600000000000000089e+00 1.021559999999999968e-01 -7.291999999999999593e-01 -6.766320000000000112e-01 1.062130000000000019e-01 -6.683069999999999844e-01 7.362640000000000295e-01 -9.890820000000000167e-01 -1.470809999999999895e-01 9.178999999999999659e-03
5.000000000000000000e+00 6.300000000000000000e+01 5.400000000000000000e+01 0.000000000000000000e+00 1.600000000000000089e+00 -7.649999999999999465e-04 4.519999999999999712e-03 9.999900000000000455e-01 -3.617480000000000140e-01 9.322650000000000103e-01 -4.491000000000000200e-03 -9.322759999999999936e-01 -3.617480000000000140e-01 9.219999999999999680e-04
1.200000000000000000e+01 6.300000000000000000e+01 5.400000000000000000e+01 0.000000000000000000e+00 1.600000000000000089e+00 -4.110000000000000155e-04 2.509999999999999753e-04 1.000000000000000000e+00 -3.479909999999999948e-01 9.374980000000000535e-01 -3.789999999999999966e-04 -9.374980000000000535e-01 -3.479920000000000235e-01 -2.979999999999999793e-04
2.100000000000000000e+01 6.300000000000000000e+01 5.400000000000000000e+01 0.000000000000000000e+00 1.600000000000000089e+00 -6.819999999999999890e-04 -1.396000000000000105e-03 9.999989999999999712e-01 -3.515340000000000131e-01 9.361749999999999794e-01 1.067000000000000023e-03 -9.361749999999999794e-01 -3.515329999999999844e-01 -1.129000000000000012e-03
2.600000000000000000e+01 6.300000000000000000e+01 5.400000000000000000e+01 0.000000000000000000e+00 1.600000000000000089e+00 1.809999999999999977e-03 4.560000000000000251e-04 9.999980000000000535e-01 -3.545650000000000190e-01 9.350309999999999455e-01 2.149999999999999947e-04 -9.350300000000000278e-01 -3.545650000000000190e-01 1.853999999999999962e-03
2.000000000000000000e+00 2.500000000000000000e+01 5.500000000000000000e+01 0.000000000000000000e+00 1.600000000000000089e+00 1.776000000000000018e-03 -3.735000000000000039e-03 -9.999909999999999632e-01 -1.244100000000000067e-02 -9.999160000000000270e-01 3.712000000000000022e-03 -9.999209999999999487e-01 1.243400000000000061e-02 -1.822000000000000052e-03
7.000000000000000000e+00 2.500000000000000000e+01 5.500000000000000000e+01 0.000000000000000000e+00 1.600000000000000089e+00 -4.499999999999999877e-04 -2.886999999999999809e-03 -9.999959999999999960e-01 -1.131500000000000040e-02 -9.999320000000000430e-01 2.892000000000000039e-03 -9.999360000000000470e-01 1.131599999999999967e-02 4.169999999999999987e-04
1.500000000000000000e+01 2.600000000000000000e+01 5.500000000000000000e+01 0.000000000000000000e+00 1.600000000000000089e+00 2.909000000000000127e-03 2.146699999999999997e-02 -9.997650000000000148e-01 -3.262600000000000222e-02 -9.992349999999999843e-01 -2.155100000000000071e-02 -9.994629999999999903e-01 3.268100000000000172e-02 -2.207000000000000194e-03
2.400000000000000000e+01 7.600000000000000000e+01 5.600000000000000000e+01 0.000000000000000000e+00 1.600000000000000089e+00 -2.320000000000000014e-04 -4.122999999999999929e-03 -9.999909999999999632e-01 -1.192290000000000016e-01 9.928580000000000183e-01 -4.066000000000000170e-03 9.928670000000000551e-01 1.192269999999999996e-01 -7.219999999999999855e-04
4.000000000000000000e+00 4.600000000000000000e+01 5.700000000000000000e+01 0.000000000000000000e+00 1.600000000000000089e+00 -4.084200000000000330e-02 -5.717210000000000347e-01 -8.194310000000000205e-01 -2.068679999999999963e-01 -7.975060000000000482e-01 5.667349999999999888e-01 -9.775160000000000515e-01 1.926609999999999989e-01 -8.569999999999999840e-02
5.000000000000000000e+00 6.800000000000000000e+01 5.700000000000000000e+01 0.000000000000000000e+00 1.600000000000000089e+00 1.796999999999999986e-03 1.873000000000000099e-03 -9.999970000000000248e-01 -2.509179999999999744e-01 -9.680060000000000331e-01 -2.263999999999999953e-03 -9.680069999999999508e-01 2.509210000000000051e-01 -1.270000000000000078e-03
1.200000000000000000e+01 6.800000000000000000e+01 5.700000000000000000e+01 0.000000000000000000e+00 1.600000000000000089e+00 -1.118999999999999986e-03 -1.122399999999999960e-02 -9.999360000000000470e-01 -2.494790000000000063e-01 -9.683159999999999545e-01 1.114899999999999919e-02 -9.683800000000000185e-01 2.494750000000000023e-01 -1.716999999999999993e-03
2.600000000000000000e+01 2.000000000000000000e+01 6.000000000000000000e+01 0.000000000000000000e+00 1.600000000000000089e+00 -1.459000000000000010e-03 4.516000000000000049e-03 9.999890000000000168e-01 -6.393000000000000071e-02 9.979440000000000532e-01 -4.599999999999999922e-03 -9.979529999999999790e-01 -6.393600000000000672e-02 -1.167000000000000069e-03
4.000000000000000000e+00 2.100000000000000000e+01 6.000000000000000000e+01 0.000000000000000000e+00 1.600000000000000089e+00 -2.514000000000000175e-03 -9.039999999999999642e-04 9.999959999999999960e-01 -9.914499999999999702e-02 9.950729999999999853e-01 6.499999999999999702e-04 -9.950700000000000101e-01 -9.914299999999999502e-02 -2.590999999999999987e-03
1.000000000000000000e+01 2.100000000000000000e+01 6.000000000000000000e+01 0.000000000000000000e+00 1.600000000000000089e+00 2.923999999999999950e-03 3.115999999999999846e-03 9.999909999999999632e-01 -9.823099999999999887e-02 9.951600000000000446e-01 -2.814000000000000095e-03 -9.951590000000000158e-01 -9.822200000000000375e-02 3.216000000000000109e-03
1.700000000000000000e+01 2.100000000000000000e+01 6.000000000000000000e+01 0.000000000000000000e+00 1.600000000000000089e+00 -9.229999999999999923e-04 -4.568000000000000012e-03 9.999890000000000168e-01 -9.582899999999999752e-02 9.953880000000000505e-01 4.459000000000000290e-03 -9.953969999999999763e-01 -9.582300000000000539e-02 -1.356000000000000000e-03
2.200000000000000000e+01 2.100000000000000000e+01 6.000000000000000000e+01 0.000000000000000000e+00 1.600000000000000089e+00 -1.230000000000000082e-04 4.305999999999999932e-03 9.999909999999999632e-01 -9.470900000000000152e-02 9.954960000000000475e-01 -4.297999999999999737e-03 -9.955049999999999732e-01 -9.470900000000000152e-02 2.849999999999999886e-04
2.000000000000000000e+01 4.500000000000000000e+01 6.200000000000000000e+01 0.000000000000000000e+00 1.600000000000000089e+00 -1.715399999999999911e-02 2.337200000000000041e-02 -9.995800000000000241e-01 -6.102760000000000407e-01 -7.921479999999999633e-01 -8.049000000000000599e-03 -7.920030000000000125e-01 6.098820000000000352e-01 2.785299999999999929e-02
1.300000000000000000e+01 3.000000000000000000e+00 6.300000000000000000e+01 0.000000000000000000e+00 1.600000000000000089e+00 3.499999999999999693e-05 6.115999999999999909e-03 9.999810000000000088e-01 -6.152999999999999581e-01 7.882780000000000342e-01 -4.799999999999999580e-03 -7.882930000000000215e-01 -6.152889999999999748e-01 3.791000000000000099e-03
5.000000000000000000e+00 2.700000000000000000e+01 6.300000000000000000e+01 0.000000000000000000e+00 1.600000000000000089e+00 -1.949999999999999965e-04 5.857000000000000227e-03 9.999829999999999552e-01 -2.726459999999999995e-01 9.620980000000000087e-01 -5.688000000000000347e-03 -9.621140000000000247e-01 -2.726430000000000242e-01 1.410000000000000012e-03
1.200000000000000000e+01 2.700000000000000000e+01 6.300000000000000000e+01 0.000000000000000000e+00 1.600000000000000089e+00 2.909999999999999826e-03 2.990000000000000036e-04 9.999959999999999960e-01 -2.693050000000000166e-01 9.630549999999999944e-01 4.949999999999999973e-04 -9.630509999999999904e-01 -2.693050000000000166e-01 2.883000000000000146e-03
2.000000000000000000e+01 2.700000000000000000e+01 6.300000000000000000e+01 0.000000000000000000e+00 1.600000000000000089e+00 -1.719000000000000042e-03 1.094200000000000034e-02 9.999390000000000223e-01 -2.519440000000000013e-01 9.676789999999999559e-01 -1.102200000000000055e-02 -9.677400000000000446e-01 -2.519480000000000053e-01 1.093000000000000005e-03
2.600000000000000000e+01 2.700000000000000000e+01 6.300000000000000000e+01 0.000000000000000000e+00 1.600000000000000089e+00 1.530000000000000056e-04 -1.964199999999999974e-02 9.998070000000000013e-01 -2.661129999999999884e-01 9.637550000000000283e-01 1.897499999999999881e-02 -9.639419999999999655e-01 -2.660649999999999959e-01 -5.079000000000000181e-03
2.900000000000000000e+01 2.700000000000000000e+01 6.300000000000000000e+01 0.000000000000000000e+00 1.600000000000000089e+00 9.290000000000000297e-04 -1.084399999999999947e-02 9.999409999999999688e-01 -2.664900000000000047e-01 9.637780000000000236e-01 1.069900000000000018e-02 -9.638370000000000548e-01 -2.664839999999999987e-01 -1.994000000000000113e-03
2.100000000000000000e+01 4.400000000000000000e+01 6.300000000000000000e+01 0.000000000000000000e+00 1.600000000000000089e+00 -1.368600000000000025e-02 3.631800000000000306e-02 -9.992469999999999963e-01 -6.813909999999999689e-01 -7.317160000000000331e-01 -1.726199999999999957e-02 -7.317919999999999980e-01 6.806410000000000515e-01 3.476100000000000023e-02
2.700000000000000000e+01 4.400000000000000000e+01 6.300000000000000000e+01 0.000000000000000000e+00 1.600000000000000089e+00 2.658500000000000099e-02 -1.174110000000000015e-01 -9.927280000000000548e-01 -7.266359999999999486e-01 -6.842669999999999586e-01 6.146999999999999686e-02 -6.865080000000000071e-01 7.197179999999999689e-01 -1.035060000000000008e-01
5.000000000000000000e+00 2.600000000000000000e+01 6.400000000000000000e+01 0.000000000000000000e+00 1.600000000000000089e+00 -8.559999999999999901e-04 3.179999999999999776e-04 1.000000000000000000e+00 -3.596980000000000177e-01 9.330690000000000373e-01 -6.049999999999999606e-04 -9.330680000000000085e-01 -3.596980000000000177e-01 -6.840000000000000377e-04
1.100000000000000000e+01 2.600000000000000000e+01 6.400000000000000000e+01 0.000000000000000000e+00 1.600000000000000089e+00 2.837000000000000112e-03 5.919999999999999915e-03 9.999780000000000335e-01 -3.572960000000000025e-01 9.339800000000000324e-01 -4.516000000000000049e-03 -9.339870000000000116e-01 -3.572750000000000092e-01 4.765000000000000138e-03
2.200000000000000000e+01 2.600000000000000000e+01 6.400000000000000000e+01 0.000000000000000000e+00 1.600000000000000089e+00 -2.423999999999999939e-03 -6.485000000000000313e-03 9.999759999999999760e-01 -3.534019999999999939e-01 9.354569999999999830e-01 5.210000000000000221e-03 -9.354679999999999662e-01 -3.533810000000000007e-01 -4.558999999999999685e-03
2.500000000000000000e+01 2.600000000000000000e+01 6.400000000000000000e+01 0.000000000000000000e+00 1.600000000000000089e+00 1.201000000000000028e-03 -1.334199999999999969e-02 9.999099999999999655e-01 -3.545300000000000118e-01 9.349560000000000093e-01 1.290099999999999927e-02 -9.350439999999999863e-01 -3.545139999999999958e-01 -3.608000000000000096e-03
2.200000000000000000e+01 4.300000000000000000e+01 6.400000000000000000e+01 0.000000000000000000e+00 1.600000000000000089e+00 -4.735999999999999759e-03 2.081300000000000164e-02 -9.997719999999999940e-01 -7.291889999999999761e-01 -6.842279999999999474e-01 -1.078999999999999924e-02 -6.842960000000000154e-01 7.289710000000000356e-01 1.841699999999999934e-02
1.600000000000000000e+01 8.900000000000000000e+01 6.400000000000000000e+01 0.000000000000000000e+00 1.600000000000000089e+00 1.812000000000000026e-03 -4.911999999999999700e-03 -9.999860000000000415e-01 8.373530000000000140e-01 5.466609999999999525e-01 -1.167999999999999984e-03 5.466590000000000060e-01 -8.373399999999999732e-01 5.104000000000000030e-03
1.000000000000000000e+01 4.800000000000000000e+01 6.500000000000000000e+01 0.000000000000000000e+00 1.600000000000000089e+00 -1.678340000000000110e-01 2.268030000000000046e-01 -9.593709999999999738e-01 -9.913600000000000190e-02 9.643589999999999662e-01 2.453249999999999875e-01 9.808179999999999676e-01 1.362819999999999865e-01 -1.393679999999999919e-01
2.000000000000000000e+01 3.200000000000000000e+01 6.600000000000000000e+01 0.000000000000000000e+00 1.600000000000000089e+00 -7.268000000000000155e-03 1.295299999999999924e-02 -9.998899999999999455e-01 -8.656660000000000466e-01 -5.006230000000000402e-01 -1.930000000000000021e-04 -5.005699999999999594e-01 8.655690000000000328e-01 1.485200000000000062e-02
1.100000000000000000e+01 4.900000000000000000e+01 6.600000000000000000e+01 0.000000000000000000e+00 1.600000000000000089e+00 -1.758649999999999936e-01 2.509020000000000139e-01 -9.519030000000000546e-01 -2.039860000000000007e-01 9.366980000000000306e-01 2.845809999999999729e-01 9.630480000000000151e-01 2.442229999999999956e-01 -1.135520000000000002e-01
