2.300000000000000000e+01 2.500000000000000000e+01 1.000000000000000000e+00 0.000000000000000000e+00 1.600000000000000089e+00 1.619999999999999912e-03 -2.120000000000000031e-04 -9.999989999999999712e-01 -5.172010000000000218e-01 -8.558639999999999581e-01 -6.560000000000000076e-04 -8.558620000000000116e-01 5.172010000000000218e-01 -1.495999999999999934e-03
4.000000000000000000e+00 1.500000000000000000e+01 4.000000000000000000e+00 0.000000000000000000e+00 1.600000000000000089e+00 -2.249000000000000131e-03 -3.209000000000000047e-03 9.999919999999999920e-01 3.096260000000000123e-01 -9.508560000000000345e-01 -2.354999999999999889e-03 9.508560000000000345e-01 3.096180000000000043e-01 3.131999999999999802e-03
1.000000000000000000e+01 1.500000000000000000e+01 4.000000000000000000e+00 0.000000000000000000e+00 1.600000000000000089e+00 6.539999999999999590e-04 -3.719999999999999891e-04 1.000000000000000000e+00 3.094899999999999873e-01 -9.509030000000000538e-01 -5.559999999999999621e-04 9.509030000000000538e-01 3.094899999999999873e-01 -5.069999999999999637e-04
1.700000000000000000e+01 1.500000000000000000e+01 4.000000000000000000e+00 0.000000000000000000e+00 1.600000000000000089e+00 2.007999999999999802e-03 -4.500999999999999793e-03 9.999879999999999880e-01 3.109439999999999982e-01 -9.504160000000000386e-01 -4.902000000000000107e-03 9.504259999999999931e-01 3.109500000000000042e-01 -5.090000000000000123e-04
2.100000000000000000e+01 1.500000000000000000e+01 4.000000000000000000e+00 0.000000000000000000e+00 1.600000000000000089e+00 1.214999999999999934e-03 -1.039999999999999936e-04 9.999989999999999712e-01 3.106320000000000192e-01 -9.505299999999999860e-01 -4.760000000000000234e-04 9.505299999999999860e-01 3.106320000000000192e-01 -1.121999999999999950e-03
2.800000000000000000e+01 1.500000000000000000e+01 4.000000000000000000e+00 0.000000000000000000e+00 1.600000000000000089e+00 3.020000000000000223e-04 7.827000000000000624e-03 9.999689999999999968e-01 3.155660000000000132e-01 -9.488750000000000240e-01 7.330999999999999843e-03 9.489039999999999697e-01 3.155540000000000012e-01 -2.756999999999999902e-03
3.000000000000000000e+00 1.010000000000000000e+02 7.000000000000000000e+00 0.000000000000000000e+00 1.600000000000000089e+00 2.804000000000000069e-03 -2.724700000000000039e-02 9.996249999999999858e-01 8.913269999999999804e-01 4.532539999999999902e-01 9.854999999999999177e-03 -4.533519999999999772e-01 8.909650000000000070e-01 2.555699999999999986e-02
9.000000000000000000e+00 1.010000000000000000e+02 7.000000000000000000e+00 0.000000000000000000e+00 1.600000000000000089e+00 -1.154000000000000078e-03 -5.819999999999999653e-03 9.999820000000000375e-01 8.916100000000000136e-01 4.527889999999999970e-01 3.664000000000000156e-03 -4.528030000000000110e-01 8.915990000000000304e-01 4.666000000000000009e-03
2.700000000000000000e+01 1.010000000000000000e+02 7.000000000000000000e+00 0.000000000000000000e+00 1.600000000000000089e+00 -4.150000000000000043e-04 -3.171999999999999906e-03 9.999949999999999672e-01 8.856979999999999853e-01 4.642589999999999772e-01 1.840000000000000056e-03 -4.642620000000000080e-01 8.856939999999999813e-01 2.616999999999999969e-03
5.000000000000000000e+00 2.500000000000000000e+01 8.000000000000000000e+00 0.000000000000000000e+00 1.600000000000000089e+00 -7.330000000000000361e-04 3.088000000000000033e-03 -9.999949999999999672e-01 4.442280000000000117e-01 8.959099999999999842e-01 2.441000000000000027e-03 8.959129999999999594e-01 -4.442240000000000077e-01 -2.028999999999999988e-03
9.000000000000000000e+00 2.500000000000000000e+01 8.000000000000000000e+00 0.000000000000000000e+00 1.600000000000000089e+00 -5.599999999999999916e-05 7.159999999999999481e-04 -1.000000000000000000e+00 4.437229999999999785e-01 8.961639999999999606e-01 6.160000000000000111e-04 8.961639999999999606e-01 -4.437229999999999785e-01 -3.680000000000000003e-04
1.600000000000000000e+01 2.500000000000000000e+01 8.000000000000000000e+00 0.000000000000000000e+00 1.600000000000000089e+00 1.789999999999999870e-04 -2.227999999999999946e-03 -9.999980000000000535e-01 4.451669999999999794e-01 8.954450000000000465e-01 -1.915000000000000036e-03 8.954469999999999930e-01 -4.451660000000000061e-01 1.152000000000000029e-03
1.900000000000000000e+01 2.500000000000000000e+01 8.000000000000000000e+00 0.000000000000000000e+00 1.600000000000000089e+00 -4.859999999999999954e-04 -7.476000000000000006e-03 -9.999719999999999720e-01 4.471640000000000059e-01 8.944260000000000543e-01 -6.904999999999999680e-03 8.944520000000000248e-01 -4.471539999999999959e-01 2.907999999999999995e-03
2.300000000000000000e+01 2.500000000000000000e+01 8.000000000000000000e+00 0.000000000000000000e+00 1.600000000000000089e+00 -2.099999999999999870e-03 -5.500999999999999814e-03 -9.999829999999999552e-01 4.481550000000000256e-01 8.939369999999999816e-01 -5.858000000000000360e-03 8.939540000000000264e-01 -4.481589999999999741e-01 5.879999999999999810e-04
2.700000000000000000e+01 2.500000000000000000e+01 8.000000000000000000e+00 0.000000000000000000e+00 1.600000000000000089e+00 -1.624999999999999925e-03 -9.120000000000000502e-04 -9.999980000000000535e-01 4.487289999999999890e-01 8.936669999999999892e-01 -1.544000000000000017e-03 8.936669999999999892e-01 -4.487300000000000177e-01 -1.043000000000000090e-03
6.000000000000000000e+00 2.400000000000000000e+01 9.000000000000000000e+00 0.000000000000000000e+00 1.600000000000000089e+00 -1.810000000000000085e-04 2.562000000000000041e-03 -9.999970000000000248e-01 4.496740000000000181e-01 8.931900000000000395e-01 2.207000000000000194e-03 8.931930000000000147e-01 -4.496720000000000161e-01 -1.314000000000000064e-03
1.200000000000000000e+01 2.400000000000000000e+01 9.000000000000000000e+00 0.000000000000000000e+00 1.600000000000000089e+00 1.240000000000000054e-04 2.128999999999999816e-03 -9.999980000000000535e-01 4.490569999999999840e-01 8.935009999999999897e-01 1.958000000000000105e-03 8.935030000000000472e-01 -4.490560000000000107e-01 -8.450000000000000479e-04
1.600000000000000000e+01 2.400000000000000000e+01 9.000000000000000000e+00 0.000000000000000000e+00 1.600000000000000089e+00 -2.439999999999999949e-04 -2.870999999999999854e-03 -9.999959999999999960e-01 4.507669999999999733e-01 8.926370000000000138e-01 -2.673000000000000029e-03 8.926410000000000178e-01 -4.507660000000000000e-01 1.075999999999999917e-03
1.900000000000000000e+01 2.400000000000000000e+01 9.000000000000000000e+00 0.000000000000000000e+00 1.600000000000000089e+00 -6.999999999999999929e-04 -7.706000000000000176e-03 -9.999700000000000255e-01 4.526160000000000183e-01 8.916770000000000529e-01 -7.189000000000000078e-03 8.917049999999999699e-01 -4.526069999999999816e-01 2.863999999999999792e-03
2.300000000000000000e+01 2.400000000000000000e+01 9.000000000000000000e+00 0.000000000000000000e+00 1.600000000000000089e+00 -1.760000000000000063e-03 -4.193999999999999811e-03 -9.999900000000000455e-01 4.536410000000000164e-01 8.911729999999999929e-01 -4.536000000000000101e-03 8.911829999999999474e-01 -4.536450000000000204e-01 3.339999999999999870e-04
2.800000000000000000e+01 2.400000000000000000e+01 9.000000000000000000e+00 0.000000000000000000e+00 1.600000000000000089e+00 -1.645999999999999894e-03 2.968000000000000152e-03 -9.999940000000000495e-01 4.545759999999999801e-01 8.907059999999999977e-01 1.895999999999999899e-03 8.907059999999999977e-01 -4.545699999999999741e-01 -2.814999999999999794e-03
2.500000000000000000e+01 3.100000000000000000e+01 1.200000000000000000e+01 0.000000000000000000e+00 1.600000000000000089e+00 1.830000000000000029e-04 -2.860000000000000129e-03 9.999959999999999960e-01 -1.085999999999999943e-03 9.999949999999999672e-01 2.860999999999999828e-03 -9.999989999999999712e-01 -1.085999999999999943e-03 1.800000000000000113e-04
1.000000000000000000e+01 3.000000000000000000e+00 1.300000000000000000e+01 0.000000000000000000e+00 1.600000000000000089e+00 2.729999999999999788e-03 1.378020000000000078e-01 9.904560000000000031e-01 -2.196400000000000088e-02 9.902290000000000258e-01 -1.377099999999999991e-01 -9.997549999999999493e-01 -2.137899999999999870e-02 5.729999999999999850e-03
2.000000000000000000e+01 3.200000000000000000e+01 1.400000000000000000e+01 0.000000000000000000e+00 1.600000000000000089e+00 1.990000000000000124e-04 -3.499999999999999693e-05 -1.000000000000000000e+00 1.084350000000000036e-01 9.941029999999999589e-01 -1.299999999999999920e-05 9.941029999999999589e-01 -1.084350000000000036e-01 2.020000000000000040e-04
5.000000000000000000e+00 1.200000000000000000e+01 1.500000000000000000e+01 0.000000000000000000e+00 1.600000000000000089e+00 -3.559999999999999797e-03 -2.526000000000000034e-03 -9.999900000000000455e-01 -4.686879999999999935e-01 -8.833550000000000013e-01 3.899999999999999821e-03 -8.833569999999999478e-01 4.686969999999999748e-01 1.959999999999999937e-03
9.000000000000000000e+00 1.200000000000000000e+01 1.500000000000000000e+01 0.000000000000000000e+00 1.600000000000000089e+00 -3.420999999999999996e-03 -2.373999999999999808e-03 -9.999909999999999632e-01 -4.677339999999999831e-01 -8.838620000000000365e-01 3.697999999999999898e-03 -8.838629999999999542e-01 4.677430000000000199e-01 1.912999999999999987e-03
1.300000000000000000e+01 1.200000000000000000e+01 1.500000000000000000e+01 0.000000000000000000e+00 1.600000000000000089e+00 -1.227999999999999925e-03 -8.566999999999999962e-03 -9.999630000000000463e-01 -4.662899999999999823e-01 -8.845939999999999914e-01 8.151000000000000259e-03 -8.846309999999999452e-01 4.662830000000000030e-01 -2.909000000000000127e-03
1.700000000000000000e+01 1.200000000000000000e+01 1.500000000000000000e+01 0.000000000000000000e+00 1.600000000000000089e+00 -2.079999999999999818e-03 -5.834999999999999909e-03 -9.999810000000000088e-01 -4.671529999999999849e-01 -8.841560000000000530e-01 6.131000000000000165e-03 -8.841740000000000155e-01 4.671560000000000157e-01 -8.869999999999999846e-04
2.000000000000000000e+01 1.200000000000000000e+01 1.500000000000000000e+01 0.000000000000000000e+00 1.600000000000000089e+00 -1.203999999999999992e-03 3.280000000000000038e-04 -9.999989999999999712e-01 -4.707540000000000058e-01 -8.822649999999999659e-01 2.770000000000000110e-04 -8.822640000000000482e-01 4.707540000000000058e-01 1.216000000000000067e-03
2.400000000000000000e+01 1.200000000000000000e+01 1.500000000000000000e+01 0.000000000000000000e+00 1.600000000000000089e+00 -6.800000000000000488e-04 -2.505999999999999981e-03 -9.999970000000000248e-01 -4.723709999999999853e-01 -8.813959999999999573e-01 2.530000000000000131e-03 -8.813999999999999613e-01 4.723709999999999853e-01 -5.839999999999999922e-04
2.000000000000000000e+00 1.160000000000000000e+02 1.600000000000000000e+01 0.000000000000000000e+00 1.600000000000000089e+00 2.900000000000000017e-05 1.075000000000000001e-03 9.999989999999999712e-01 7.369940000000000380e-01 6.758990000000000276e-01 -7.479999999999999670e-04 -6.758990000000000276e-01 7.369940000000000380e-01 -7.730000000000000326e-04
6.000000000000000000e+00 1.160000000000000000e+02 1.600000000000000000e+01 0.000000000000000000e+00 1.600000000000000089e+00 -1.350000000000000071e-03 -1.902000000000000045e-03 9.999970000000000248e-01 7.273260000000000280e-01 6.862880000000000091e-01 2.286999999999999970e-03 -6.862909999999999844e-01 7.273269999999999458e-01 4.560000000000000251e-04
9.000000000000000000e+00 1.160000000000000000e+02 1.600000000000000000e+01 0.000000000000000000e+00 1.600000000000000089e+00 -1.128000000000000096e-03 -8.660000000000000163e-04 9.999989999999999712e-01 6.963390000000000413e-01 7.177120000000000166e-01 1.407000000000000048e-03 -7.177130000000000454e-01 6.963390000000000413e-01 -2.069999999999999900e-04
2.600000000000000000e+01 1.160000000000000000e+02 1.600000000000000000e+01 0.000000000000000000e+00 1.600000000000000089e+00 2.570000000000000127e-04 2.526000000000000034e-03 9.999970000000000248e-01 6.969499999999999584e-01 7.171170000000000044e-01 -1.990000000000000015e-03 -7.171199999999999797e-01 6.969480000000000119e-01 -1.575999999999999927e-03
2.000000000000000000e+00 2.000000000000000000e+00 1.900000000000000000e+01 0.000000000000000000e+00 1.600000000000000089e+00 8.394000000000000419e-03 -5.056999999999999863e-03 -9.999519999999999520e-01 2.349799999999999944e-01 -9.719759999999999511e-01 6.888000000000000025e-03 -9.719640000000000502e-01 -2.350260000000000127e-01 -6.970999999999999766e-03
6.000000000000000000e+00 2.000000000000000000e+00 1.900000000000000000e+01 0.000000000000000000e+00 1.600000000000000089e+00 6.579999999999999911e-03 -1.097000000000000058e-02 -9.999179999999999735e-01 2.258539999999999992e-01 -9.740849999999999786e-01 1.217299999999999979e-02 -9.741389999999999771e-01 -2.259160000000000057e-01 -3.931999999999999731e-03
2.100000000000000000e+01 2.000000000000000000e+00 1.900000000000000000e+01 0.000000000000000000e+00 1.600000000000000089e+00 7.439999999999999782e-04 1.933999999999999955e-03 -9.999980000000000535e-01 1.901919999999999999e-01 -9.817449999999999788e-01 -1.758000000000000014e-03 -9.817470000000000363e-01 -1.901899999999999979e-01 -1.098000000000000018e-03
2.800000000000000000e+01 2.000000000000000000e+00 1.900000000000000000e+01 0.000000000000000000e+00 1.600000000000000089e+00 1.580999999999999940e-03 2.993000000000000001e-03 -9.999940000000000495e-01 1.905999999999999917e-01 -9.816639999999999810e-01 -2.637000000000000021e-03 -9.816660000000000386e-01 -1.905949999999999867e-01 -2.122999999999999887e-03
9.000000000000000000e+00 1.300000000000000000e+01 2.000000000000000000e+01 0.000000000000000000e+00 1.600000000000000089e+00 -8.140000000000000534e-04 3.660000000000000059e-03 9.999930000000000208e-01 2.631939999999999835e-01 9.647369999999999557e-01 -3.317000000000000070e-03 -9.647430000000000172e-01 2.631890000000000063e-01 -1.748999999999999904e-03
1.600000000000000000e+01 1.300000000000000000e+01 2.000000000000000000e+01 0.000000000000000000e+00 1.600000000000000089e+00 -1.269999999999999970e-04 -2.988000000000000204e-03 9.999949999999999672e-01 2.600390000000000201e-01 9.655939999999999523e-01 2.919000000000000154e-03 -9.655979999999999563e-01 2.600379999999999914e-01 6.539999999999999590e-04
2.200000000000000000e+01 1.300000000000000000e+01 2.000000000000000000e+01 0.000000000000000000e+00 1.600000000000000089e+00 -5.419999999999999471e-04 -3.533000000000000116e-03 9.999940000000000495e-01 2.609239999999999893e-01 9.653530000000000166e-01 3.552000000000000036e-03 -9.653589999999999671e-01 2.609239999999999893e-01 3.980000000000000248e-04
2.400000000000000000e+01 1.300000000000000000e+01 2.000000000000000000e+01 0.000000000000000000e+00 1.600000000000000089e+00 2.269999999999999882e-04 -1.185000000000000072e-03 9.999989999999999712e-01 2.607389999999999985e-01 9.654089999999999616e-01 1.085000000000000027e-03 -9.654089999999999616e-01 2.607380000000000253e-01 5.280000000000000405e-04
2.900000000000000000e+01 1.300000000000000000e+01 2.000000000000000000e+01 0.000000000000000000e+00 1.600000000000000089e+00 3.060000000000000111e-04 -5.529999999999999976e-04 1.000000000000000000e+00 2.598610000000000086e-01 9.656460000000000043e-01 4.539999999999999765e-04 -9.656460000000000043e-01 2.598610000000000086e-01 4.389999999999999914e-04
1.000000000000000000e+00 3.000000000000000000e+00 2.500000000000000000e+01 0.000000000000000000e+00 1.600000000000000089e+00 1.745999999999999939e-03 1.733099999999999918e-02 9.998479999999999590e-01 -3.831099999999999783e-02 -9.991149999999999753e-01 1.738500000000000115e-02 9.992640000000000411e-01 -3.833500000000000102e-02 -1.080999999999999930e-03
1.000000000000000000e+01 3.000000000000000000e+00 2.500000000000000000e+01 0.000000000000000000e+00 1.600000000000000089e+00 2.918000000000000021e-03 -1.990000000000000124e-04 9.999959999999999960e-01 -4.537100000000000161e-02 -9.989700000000000246e-01 -6.700000000000000226e-05 9.989660000000000206e-01 -4.537000000000000061e-02 -2.923999999999999950e-03
1.300000000000000000e+01 3.000000000000000000e+00 2.500000000000000000e+01 0.000000000000000000e+00 1.600000000000000089e+00 3.163000000000000013e-03 -2.829999999999999942e-04 9.999949999999999672e-01 -4.896500000000000158e-02 -9.988010000000000499e-01 -1.279999999999999942e-04 9.987960000000000171e-01 -4.896400000000000058e-02 -3.173000000000000039e-03
1.700000000000000000e+01 3.000000000000000000e+00 2.500000000000000000e+01 0.000000000000000000e+00 1.600000000000000089e+00 4.490000000000000176e-04 -4.243000000000000244e-03 9.999909999999999632e-01 -5.465300000000000019e-02 -9.984969999999999679e-01 -4.211999999999999598e-03 9.985049999999999759e-01 -5.465099999999999819e-02 -6.809999999999999647e-04
2.100000000000000000e+01 3.000000000000000000e+00 2.500000000000000000e+01 0.000000000000000000e+00 1.600000000000000089e+00 -8.850000000000000444e-04 2.641000000000000118e-03 9.999959999999999960e-01 -5.757999999999999924e-02 -9.983379999999999477e-01 2.585000000000000058e-03 9.983400000000000052e-01 -5.757700000000000318e-02 1.034999999999999896e-03
2.600000000000000000e+01 3.000000000000000000e+00 2.500000000000000000e+01 0.000000000000000000e+00 1.600000000000000089e+00 1.028000000000000051e-03 7.015000000000000402e-03 9.999749999999999472e-01 -5.840800000000000158e-02 -9.982680000000000442e-01 7.062999999999999834e-03 9.982919999999999572e-01 -5.841400000000000065e-02 -6.160000000000000111e-04
6.000000000000000000e+00 4.600000000000000000e+01 2.700000000000000000e+01 0.000000000000000000e+00 1.600000000000000089e+00 -5.910000000000000539e-04 2.113999999999999994e-03 -9.999980000000000535e-01 6.825029999999999708e-01 7.308820000000000316e-01 1.141000000000000087e-03 7.308820000000000316e-01 -6.825010000000000243e-01 -1.874999999999999931e-03
1.100000000000000000e+01 4.600000000000000000e+01 2.700000000000000000e+01 0.000000000000000000e+00 1.600000000000000089e+00 -1.230000000000000082e-04 -8.379999999999999862e-04 -1.000000000000000000e+00 6.795170000000000377e-01 7.336599999999999788e-01 -6.980000000000000527e-04 7.336599999999999788e-01 -6.795170000000000377e-01 4.789999999999999879e-04
2.100000000000000000e+01 4.600000000000000000e+01 2.700000000000000000e+01 0.000000000000000000e+00 1.600000000000000089e+00 -4.369999999999999970e-04 -5.100000000000000366e-04 -1.000000000000000000e+00 6.787549999999999972e-01 7.343640000000000168e-01 -6.710000000000000469e-04 7.343640000000000168e-01 -6.787560000000000260e-01 2.500000000000000120e-05
2.500000000000000000e+01 4.600000000000000000e+01 2.700000000000000000e+01 0.000000000000000000e+00 1.600000000000000089e+00 8.099999999999999561e-04 1.890000000000000133e-04 -1.000000000000000000e+00 6.777060000000000306e-01 7.353319999999999856e-01 6.880000000000000265e-04 7.353319999999999856e-01 -6.777069999999999483e-01 4.679999999999999915e-04
6.000000000000000000e+00 4.600000000000000000e+01 3.000000000000000000e+01 0.000000000000000000e+00 1.600000000000000089e+00 -7.269999999999999987e-04 -7.519999999999999558e-04 -9.999989999999999712e-01 3.325359999999999983e-01 9.430899999999999839e-01 -9.510000000000000224e-04 9.430899999999999839e-01 -3.325359999999999983e-01 -4.350000000000000026e-04
1.500000000000000000e+01 4.600000000000000000e+01 3.000000000000000000e+01 0.000000000000000000e+00 1.600000000000000089e+00 1.320000000000000101e-04 -9.399999999999999719e-04 -1.000000000000000000e+00 3.317330000000000001e-01 9.433730000000000171e-01 -8.419999999999999750e-04 9.433730000000000171e-01 -3.317330000000000001e-01 4.360000000000000269e-04
5.000000000000000000e+00 5.800000000000000000e+01 3.100000000000000000e+01 0.000000000000000000e+00 1.600000000000000089e+00 -1.930000000000000075e-03 -6.591999999999999769e-03 9.999759999999999760e-01 -8.133510000000000462e-01 -5.817480000000000429e-01 -5.405000000000000082e-03 5.817700000000000093e-01 -8.133420000000000094e-01 -4.238999999999999713e-03
1.000000000000000000e+01 5.800000000000000000e+01 3.100000000000000000e+01 0.000000000000000000e+00 1.600000000000000089e+00 3.879999999999999985e-04 -5.474999999999999832e-03 9.999850000000000128e-01 -8.119119999999999671e-01 -5.837719999999999576e-01 -2.880999999999999880e-03 5.837790000000000479e-01 -8.118990000000000373e-01 -4.670999999999999805e-03
1.500000000000000000e+01 5.800000000000000000e+01 3.100000000000000000e+01 0.000000000000000000e+00 1.600000000000000089e+00 -2.526000000000000034e-03 -1.170000000000000033e-03 9.999959999999999960e-01 -8.092510000000000536e-01 -5.874559999999999782e-01 -2.732000000000000053e-03 5.874570000000000070e-01 -8.092549999999999466e-01 5.379999999999999583e-04
1.900000000000000000e+01 5.800000000000000000e+01 3.100000000000000000e+01 0.000000000000000000e+00 1.600000000000000089e+00 -2.638000000000000154e-03 -8.289999999999999843e-04 9.999959999999999960e-01 -8.102209999999999690e-01 -5.861189999999999456e-01 -2.622999999999999898e-03 5.861189999999999456e-01 -8.102249999999999730e-01 8.739999999999999939e-04
2.300000000000000000e+01 5.800000000000000000e+01 3.100000000000000000e+01 0.000000000000000000e+00 1.600000000000000089e+00 6.470000000000000057e-04 -3.026000000000000044e-03 9.999949999999999672e-01 -8.102179999999999938e-01 -5.861279999999999824e-01 -1.248999999999999893e-03 5.861290000000000111e-01 -8.102129999999999610e-01 -2.831000000000000183e-03
2.700000000000000000e+01 5.800000000000000000e+01 3.100000000000000000e+01 0.000000000000000000e+00 1.600000000000000089e+00 -1.531999999999999942e-03 6.009999999999999717e-04 9.999989999999999712e-01 -8.084059999999999580e-01 -5.886240000000000361e-01 -8.850000000000000444e-04 5.886230000000000073e-01 -8.084069999999999867e-01 1.387999999999999911e-03
7.000000000000000000e+00 6.000000000000000000e+00 3.200000000000000000e+01 0.000000000000000000e+00 1.600000000000000089e+00 -3.780000000000000265e-04 -4.204000000000000271e-03 -9.999909999999999632e-01 9.658600000000000518e-02 9.953159999999999785e-01 -4.220999999999999926e-03 9.953250000000000153e-01 -9.658600000000000518e-02 3.000000000000000076e-05
1.100000000000000000e+01 6.000000000000000000e+00 3.200000000000000000e+01 0.000000000000000000e+00 1.600000000000000089e+00 -1.689999999999999879e-04 -4.590999999999999595e-03 -9.999890000000000168e-01 1.000410000000000049e-01 9.949729999999999963e-01 -4.584999999999999666e-03 9.949829999999999508e-01 -1.000400000000000039e-01 2.910000000000000260e-04
6.000000000000000000e+00 5.900000000000000000e+01 3.200000000000000000e+01 0.000000000000000000e+00 1.600000000000000089e+00 1.010000000000000020e-04 -1.222999999999999912e-03 9.999989999999999712e-01 -7.246209999999999596e-01 -6.891469999999999541e-01 -7.699999999999999597e-04 6.891469999999999541e-01 -7.246209999999999596e-01 -9.560000000000000355e-04
1.000000000000000000e+00 4.600000000000000000e+01 3.500000000000000000e+01 0.000000000000000000e+00 1.600000000000000089e+00 2.199999999999999943e-05 -4.307000000000000065e-03 -9.999909999999999632e-01 3.916749999999999954e-01 -9.200949999999999962e-01 3.970999999999999704e-03 -9.201040000000000330e-01 -3.916720000000000201e-01 1.667000000000000079e-03
3.000000000000000000e+00 4.600000000000000000e+01 3.500000000000000000e+01 0.000000000000000000e+00 1.600000000000000089e+00 9.129999999999999661e-04 -2.631000000000000092e-03 -9.999959999999999960e-01 3.909920000000000062e-01 -9.203900000000000414e-01 2.778999999999999786e-03 -9.203940000000000454e-01 -3.909929999999999795e-01 1.890000000000000133e-04
8.000000000000000000e+00 4.600000000000000000e+01 3.500000000000000000e+01 0.000000000000000000e+00 1.600000000000000089e+00 -8.229999999999999469e-04 3.226000000000000135e-03 -9.999940000000000495e-01 3.905049999999999910e-01 -9.205950000000000522e-01 -3.291999999999999788e-03 -9.205999999999999739e-01 -3.905060000000000198e-01 -5.029999999999999749e-04
1.600000000000000000e+01 4.600000000000000000e+01 3.500000000000000000e+01 0.000000000000000000e+00 1.600000000000000089e+00 -4.870000000000000197e-04 -2.455000000000000151e-03 -9.999970000000000248e-01 3.902470000000000105e-01 -9.207079999999999709e-01 2.069999999999999792e-03 -9.207100000000000284e-01 -3.902450000000000085e-01 1.405999999999999915e-03
2.200000000000000000e+01 4.600000000000000000e+01 3.500000000000000000e+01 0.000000000000000000e+00 1.600000000000000089e+00 1.359999999999999989e-04 1.958999999999999804e-03 -9.999980000000000535e-01 3.922539999999999916e-01 -9.198549999999999782e-01 -1.748999999999999904e-03 -9.198570000000000357e-01 -3.922530000000000183e-01 -8.940000000000000464e-04
2.800000000000000000e+01 4.600000000000000000e+01 3.500000000000000000e+01 0.000000000000000000e+00 1.600000000000000089e+00 -1.275000000000000092e-03 2.519999999999999996e-04 -9.999989999999999712e-01 3.916560000000000041e-01 -9.201120000000000410e-01 -7.309999999999999875e-04 -9.201110000000000122e-01 -3.916560000000000041e-01 1.074000000000000085e-03
2.300000000000000000e+01 9.500000000000000000e+01 3.600000000000000000e+01 0.000000000000000000e+00 1.600000000000000089e+00 -8.090999999999999234e-03 -1.301000000000000073e-03 9.999660000000000215e-01 9.970740000000000158e-01 7.599799999999999611e-02 8.165999999999999648e-03 -7.600600000000000411e-02 9.971069999999999656e-01 6.819999999999999890e-04
2.900000000000000000e+01 9.500000000000000000e+01 3.600000000000000000e+01 0.000000000000000000e+00 1.600000000000000089e+00 4.929000000000000221e-03 -9.053000000000000283e-03 9.999470000000000303e-01 9.971100000000000518e-01 7.585300000000000376e-02 -4.229000000000000120e-03 -7.581100000000000338e-02 9.970780000000000198e-01 9.400000000000000369e-03
3.000000000000000000e+00 3.000000000000000000e+00 4.300000000000000000e+01 0.000000000000000000e+00 1.600000000000000089e+00 -7.640000000000000306e-04 -1.961000000000000069e-03 -9.999980000000000535e-01 7.361799999999999455e-01 -6.767859999999999987e-01 7.640000000000000306e-04 -6.767859999999999987e-01 -7.361779999999999990e-01 1.961000000000000069e-03
1.000000000000000000e+01 3.000000000000000000e+00 4.300000000000000000e+01 0.000000000000000000e+00 1.600000000000000089e+00 -2.458000000000000115e-03 2.128000000000000117e-03 -9.999949999999999672e-01 7.343779999999999752e-01 -6.787330000000000307e-01 -3.249000000000000152e-03 -6.787360000000000060e-01 -7.343819999999999792e-01 1.060000000000000016e-04
1.600000000000000000e+01 3.000000000000000000e+00 4.300000000000000000e+01 0.000000000000000000e+00 1.600000000000000089e+00 2.481000000000000132e-03 -1.527500000000000038e-02 -9.998799999999999910e-01 7.319470000000000143e-01 -6.812519999999999687e-01 1.222400000000000049e-02 -6.813580000000000192e-01 -7.318890000000000118e-01 9.490999999999999437e-03
1.900000000000000000e+01 3.000000000000000000e+00 4.300000000000000000e+01 0.000000000000000000e+00 1.600000000000000089e+00 4.600000000000000004e-05 -8.038000000000000006e-03 -9.999679999999999680e-01 7.353990000000000249e-01 -6.776119999999999921e-01 5.479999999999999628e-03 -6.776339999999999586e-01 -7.353760000000000296e-01 5.879999999999999810e-03
2.300000000000000000e+01 3.000000000000000000e+00 4.300000000000000000e+01 0.000000000000000000e+00 1.600000000000000089e+00 -1.853999999999999962e-03 1.105000000000000079e-02 -9.999369999999999647e-01 7.352490000000000414e-01 -6.777389999999999803e-01 -8.852999999999999758e-03 -6.777940000000000076e-01 -7.352199999999999847e-01 -6.867999999999999973e-03
2.500000000000000000e+01 3.000000000000000000e+00 4.300000000000000000e+01 0.000000000000000000e+00 1.600000000000000089e+00 -3.759999999999999779e-04 7.715999999999999769e-03 -9.999700000000000255e-01 7.365610000000000213e-01 -6.763479999999999492e-01 -5.496000000000000017e-03 -6.763710000000000555e-01 -7.365410000000000013e-01 -5.428999999999999798e-03
3.000000000000000000e+01 3.000000000000000000e+00 4.300000000000000000e+01 0.000000000000000000e+00 1.600000000000000089e+00 9.770000000000000039e-04 9.218000000000000499e-03 -9.999569999999999848e-01 7.391950000000000465e-01 -6.734689999999999843e-01 -5.486000000000000425e-03 -6.734909999999999508e-01 -7.391579999999999817e-01 -7.472000000000000343e-03
7.000000000000000000e+00 8.000000000000000000e+00 4.400000000000000000e+01 0.000000000000000000e+00 1.600000000000000089e+00 -2.235000000000000007e-03 -3.076999999999999874e-03 9.999930000000000208e-01 -7.874600000000000488e-01 -6.163549999999999862e-01 -3.657000000000000094e-03 6.163619999999999655e-01 -7.874619999999999953e-01 -1.044999999999999922e-03
3.000000000000000000e+00 2.900000000000000000e+01 4.400000000000000000e+01 0.000000000000000000e+00 1.600000000000000089e+00 -1.599999999999999928e-05 2.946999999999999967e-03 -9.999959999999999960e-01 6.692719999999999780e-01 7.430139999999999523e-01 2.178999999999999947e-03 7.430170000000000385e-01 -6.692690000000000028e-01 -1.984999999999999785e-03
5.000000000000000000e+00 2.900000000000000000e+01 4.400000000000000000e+01 0.000000000000000000e+00 1.600000000000000089e+00 -6.840000000000000377e-04 3.236000000000000161e-03 -9.999949999999999672e-01 6.674740000000000117e-01 7.446310000000000429e-01 1.953000000000000092e-03 7.446329999999999893e-01 -6.674689999999999790e-01 -2.668999999999999932e-03
1.600000000000000000e+01 2.900000000000000000e+01 4.400000000000000000e+01 0.000000000000000000e+00 1.600000000000000089e+00 -2.629999999999999959e-04 -3.950000000000000061e-04 -1.000000000000000000e+00 6.678290000000000060e-01 7.443149999999999489e-01 -4.699999999999999859e-04 7.443149999999999489e-01 -6.678290000000000060e-01 6.799999999999999946e-05
2.200000000000000000e+01 2.900000000000000000e+01 4.400000000000000000e+01 0.000000000000000000e+00 1.600000000000000089e+00 2.484999999999999796e-03 -2.756000000000000203e-03 -9.999930000000000208e-01 6.752820000000000489e-01 7.375589999999999646e-01 -3.550000000000000096e-04 7.375549999999999606e-01 -6.752770000000000161e-01 3.693999999999999801e-03
2.500000000000000000e+01 2.900000000000000000e+01 4.400000000000000000e+01 0.000000000000000000e+00 1.600000000000000089e+00 1.317999999999999944e-03 -3.958999999999999846e-03 -9.999909999999999632e-01 6.713350000000000151e-01 7.411510000000000042e-01 -2.050000000000000173e-03 7.411529999999999507e-01 -6.713270000000000071e-01 3.635000000000000210e-03
4.000000000000000000e+00 5.000000000000000000e+00 5.100000000000000000e+01 0.000000000000000000e+00 1.600000000000000089e+00 -3.286999999999999991e-03 1.495000000000000018e-03 -9.999940000000000495e-01 4.837400000000000033e-01 -8.752069999999999572e-01 -2.899000000000000101e-03 -8.752060000000000395e-01 -4.837460000000000093e-01 2.154000000000000099e-03
9.000000000000000000e+00 5.000000000000000000e+00 5.100000000000000000e+01 0.000000000000000000e+00 1.600000000000000089e+00 -5.010000000000000347e-04 -2.069999999999999900e-04 -1.000000000000000000e+00 4.859919999999999796e-01 -8.739630000000000454e-01 -6.299999999999999990e-05 -8.739630000000000454e-01 -4.859919999999999796e-01 5.379999999999999583e-04
1.900000000000000000e+01 5.000000000000000000e+00 5.100000000000000000e+01 0.000000000000000000e+00 1.600000000000000089e+00 -1.108999999999999960e-03 -2.533999999999999794e-03 -9.999959999999999960e-01 4.835820000000000118e-01 -8.752980000000000205e-01 1.681999999999999901e-03 -8.752990000000000492e-01 -4.835780000000000078e-01 2.196000000000000035e-03
2.700000000000000000e+01 5.000000000000000000e+00 5.100000000000000000e+01 0.000000000000000000e+00 1.600000000000000089e+00 2.209000000000000026e-03 1.559000000000000056e-03 -9.999959999999999960e-01 4.865470000000000073e-01 -8.736540000000000417e-01 -2.880000000000000073e-04 -8.736519999999999841e-01 -4.865450000000000053e-01 -2.687999999999999851e-03
1.200000000000000000e+01 6.000000000000000000e+00 5.100000000000000000e+01 0.000000000000000000e+00 1.600000000000000089e+00 5.609999999999999752e-04 -2.719999999999999979e-04 -1.000000000000000000e+00 3.198500000000000232e-01 -9.474679999999999769e-01 4.369999999999999970e-04 -9.474679999999999769e-01 -3.198500000000000232e-01 -4.440000000000000045e-04
3.000000000000000000e+00 1.150000000000000000e+02 5.100000000000000000e+01 0.000000000000000000e+00 1.600000000000000089e+00 6.340000000000000149e-04 -5.847999999999999900e-03 9.999829999999999552e-01 8.457090000000000440e-01 -5.336319999999999952e-01 -3.657000000000000094e-03 5.336440000000000072e-01 8.456970000000000320e-01 4.606999999999999984e-03
1.400000000000000000e+01 1.600000000000000000e+01 5.200000000000000000e+01 0.000000000000000000e+00 1.600000000000000089e+00 -1.640799999999999897e-02 -1.592700000000000018e-02 -9.997380000000000155e-01 7.812700000000000200e-01 6.237780000000000546e-01 -2.276099999999999998e-02 6.239770000000000039e-01 -7.814389999999999947e-01 2.207999999999999893e-03
1.600000000000000000e+01 1.600000000000000000e+01 5.200000000000000000e+01 0.000000000000000000e+00 1.600000000000000089e+00 -1.545799999999999952e-02 -2.322899999999999965e-02 -9.996110000000000273e-01 7.902949999999999697e-01 6.121560000000000334e-01 -2.644699999999999829e-02 6.125319999999999654e-01 -7.903959999999999875e-01 8.895000000000000129e-03
4.000000000000000000e+00 6.300000000000000000e+01 5.400000000000000000e+01 0.000000000000000000e+00 1.600000000000000089e+00 2.120000000000000031e-04 3.510000000000000208e-04 1.000000000000000000e+00 -3.557239999999999847e-01 9.345909999999999496e-01 -2.530000000000000239e-04 -9.345909999999999496e-01 -3.557239999999999847e-01 3.229999999999999907e-04
1.500000000000000000e+01 6.300000000000000000e+01 5.400000000000000000e+01 0.000000000000000000e+00 1.600000000000000089e+00 -4.949999999999999973e-04 -1.778000000000000067e-03 9.999980000000000535e-01 -3.475880000000000081e-01 9.376459999999999795e-01 1.495000000000000018e-03 -9.376470000000000082e-01 -3.475860000000000061e-01 -1.082000000000000062e-03
2.000000000000000000e+01 6.300000000000000000e+01 5.400000000000000000e+01 0.000000000000000000e+00 1.600000000000000089e+00 1.123000000000000083e-03 -4.510000000000000120e-04 9.999989999999999712e-01 -3.416620000000000212e-01 9.398229999999999640e-01 8.080000000000000160e-04 -9.398220000000000462e-01 -3.416620000000000212e-01 9.009999999999999997e-04
2.500000000000000000e+01 6.300000000000000000e+01 5.400000000000000000e+01 0.000000000000000000e+00 1.600000000000000089e+00 1.820000000000000057e-04 6.030000000000000204e-04 1.000000000000000000e+00 -3.467259999999999787e-01 9.379659999999999664e-01 -5.019999999999999506e-04 -9.379669999999999952e-01 -3.467259999999999787e-01 3.789999999999999966e-04
2.000000000000000000e+00 2.500000000000000000e+01 5.500000000000000000e+01 0.000000000000000000e+00 1.600000000000000089e+00 1.221000000000000080e-03 3.573999999999999920e-03 -9.999930000000000208e-01 -1.517399999999999999e-02 -9.998780000000000445e-01 -3.592000000000000141e-03 -9.998839999999999950e-01 1.517800000000000052e-02 -1.165999999999999936e-03
7.000000000000000000e+00 2.500000000000000000e+01 5.500000000000000000e+01 0.000000000000000000e+00 1.600000000000000089e+00 1.583999999999999905e-03 2.936999999999999941e-03 -9.999940000000000495e-01 -1.228300000000000052e-02 -9.999200000000000310e-01 -2.956999999999999993e-03 -9.999230000000000063e-01 1.228800000000000031e-02 -1.547999999999999897e-03
2.300000000000000000e+01 2.500000000000000000e+01 5.500000000000000000e+01 0.000000000000000000e+00 1.600000000000000089e+00 1.244000000000000097e-03 2.059000000000000066e-03 -9.999970000000000248e-01 -8.661000000000000296e-03 -9.999599999999999600e-01 -2.069999999999999792e-03 -9.999620000000000175e-01 8.663999999999999826e-03 -1.226000000000000093e-03
2.100000000000000000e+01 6.800000000000000000e+01 5.700000000000000000e+01 0.000000000000000000e+00 1.600000000000000089e+00 6.040000000000000447e-04 3.625999999999999883e-03 -9.999930000000000208e-01 -2.426560000000000106e-01 -9.701060000000000239e-01 -3.664999999999999855e-03 -9.701119999999999743e-01 2.426560000000000106e-01 2.939999999999999905e-04
2.700000000000000000e+01 2.000000000000000000e+01 6.000000000000000000e+01 0.000000000000000000e+00 1.600000000000000089e+00 7.992000000000000839e-03 -2.148399999999999962e-02 9.997369999999999868e-01 -6.221399999999999847e-02 9.978219999999999867e-01 2.194000000000000117e-02 -9.980310000000000015e-01 -6.237299999999999789e-02 6.637999999999999803e-03
9.000000000000000000e+00 2.100000000000000000e+01 6.000000000000000000e+01 0.000000000000000000e+00 1.600000000000000089e+00 -8.469999999999999881e-04 -1.245999999999999929e-03 9.999989999999999712e-01 -9.782699999999999729e-02 9.952029999999999488e-01 1.157000000000000042e-03 -9.952029999999999488e-01 -9.782599999999999629e-02 -9.650000000000000374e-04
1.400000000000000000e+01 2.100000000000000000e+01 6.000000000000000000e+01 0.000000000000000000e+00 1.600000000000000089e+00 -2.935000000000000109e-03 -2.073999999999999889e-03 9.999940000000000495e-01 -9.673099999999999754e-02 9.953089999999999993e-01 1.781000000000000031e-03 -9.953060000000000240e-01 -9.672500000000000542e-02 -3.122000000000000209e-03
1.900000000000000000e+01 6.000000000000000000e+00 6.100000000000000000e+01 0.000000000000000000e+00 1.600000000000000089e+00 2.877999999999999916e-03 -6.568000000000000053e-03 9.999740000000000295e-01 5.688739999999999908e-01 -8.223949999999999871e-01 -7.039000000000000118e-03 8.224200000000000399e-01 5.688790000000000235e-01 1.368999999999999991e-03
7.000000000000000000e+00 3.000000000000000000e+00 6.300000000000000000e+01 0.000000000000000000e+00 1.600000000000000089e+00 -5.330000000000000536e-04 2.236999999999999839e-03 9.999970000000000248e-01 -6.156390000000000473e-01 7.880260000000000042e-01 -2.090999999999999977e-03 -7.880279999999999507e-01 -6.156380000000000186e-01 9.569999999999999514e-04
2.700000000000000000e+01 3.000000000000000000e+00 6.300000000000000000e+01 0.000000000000000000e+00 1.600000000000000089e+00 5.169999999999999899e-04 -1.448999999999999984e-03 9.999989999999999712e-01 -6.155500000000000416e-01 7.880970000000000475e-01 1.459999999999999926e-03 -7.880979999999999652e-01 -6.155500000000000416e-01 -4.840000000000000010e-04
4.000000000000000000e+00 2.700000000000000000e+01 6.300000000000000000e+01 0.000000000000000000e+00 1.600000000000000089e+00 1.810000000000000085e-04 -8.300000000000000086e-04 1.000000000000000000e+00 -2.706549999999999789e-01 9.626759999999999762e-01 8.480000000000000124e-04 -9.626759999999999762e-01 -2.706549999999999789e-01 -5.099999999999999960e-05
9.000000000000000000e+00 2.700000000000000000e+01 6.300000000000000000e+01 0.000000000000000000e+00 1.600000000000000089e+00 -1.149000000000000065e-03 5.789999999999999791e-04 9.999989999999999712e-01 -2.700919999999999987e-01 9.628339999999999677e-01 -8.679999999999999565e-04 -9.628339999999999677e-01 -2.700930000000000275e-01 -9.499999999999999981e-04
1.400000000000000000e+01 2.700000000000000000e+01 6.300000000000000000e+01 0.000000000000000000e+00 1.600000000000000089e+00 -2.478000000000000168e-03 -4.185000000000000352e-03 9.999879999999999880e-01 -2.708740000000000037e-01 9.626090000000000479e-01 3.357000000000000175e-03 -9.626120000000000232e-01 -2.708619999999999917e-01 -3.517999999999999860e-03
1.800000000000000000e+01 2.700000000000000000e+01 6.300000000000000000e+01 0.000000000000000000e+00 1.600000000000000089e+00 -3.229999999999999907e-04 -5.869999999999999567e-04 1.000000000000000000e+00 -2.737169999999999881e-01 9.618100000000000538e-01 4.769999999999999934e-04 -9.618100000000000538e-01 -2.737169999999999881e-01 -4.719999999999999803e-04
2.400000000000000000e+01 2.700000000000000000e+01 6.300000000000000000e+01 0.000000000000000000e+00 1.600000000000000089e+00 -3.620000000000000171e-04 7.074999999999999692e-03 9.999749999999999472e-01 -2.704420000000000157e-01 9.627120000000000122e-01 -6.909000000000000211e-03 -9.627360000000000362e-01 -2.704380000000000117e-01 1.564999999999999985e-03
