7.000000000000000000e+00 2.500000000000000000e+01 1.000000000000000000e+00 0.000000000000000000e+00 1.600000000000000089e+00 4.534999999999999969e-03 7.125000000000000257e-03 -9.999639999999999640e-01 -5.215699999999999781e-01 -8.531670000000000087e-01 -8.444000000000000117e-03 -8.531959999999999544e-01 5.215899999999999981e-01 -1.530000000000000056e-04
1.300000000000000000e+01 2.500000000000000000e+01 1.000000000000000000e+00 0.000000000000000000e+00 1.600000000000000089e+00 -2.177999999999999815e-03 -1.051000000000000024e-02 -9.999419999999999975e-01 -5.182149999999999812e-01 -8.551910000000000345e-01 1.011699999999999926e-02 -8.552480000000000082e-01 5.182069999999999732e-01 -3.583999999999999946e-03
2.400000000000000000e+01 2.500000000000000000e+01 1.000000000000000000e+00 0.000000000000000000e+00 1.600000000000000089e+00 -2.275000000000000112e-03 -5.317999999999999811e-03 -9.999829999999999552e-01 -5.207979999999999832e-01 -8.536610000000000031e-01 5.725000000000000054e-03 -8.536770000000000191e-01 5.208019999999999872e-01 -8.279999999999999600e-04
2.900000000000000000e+01 4.200000000000000000e+01 3.000000000000000000e+00 0.000000000000000000e+00 1.600000000000000089e+00 4.805399999999999949e-02 -6.065610000000000168e-01 -7.935839999999999561e-01 9.979090000000000460e-01 -5.219999999999999814e-03 6.441600000000000104e-02 -4.321500000000000341e-02 -7.950199999999999489e-01 6.050419999999999687e-01
9.000000000000000000e+00 1.900000000000000000e+01 5.000000000000000000e+00 0.000000000000000000e+00 1.600000000000000089e+00 1.423999999999999919e-03 2.364000000000000216e-03 -9.999959999999999960e-01 -6.926649999999999752e-01 -7.212549999999999795e-01 -2.691999999999999948e-03 -7.212579999999999547e-01 6.926660000000000039e-01 6.099999999999999737e-04
1.200000000000000000e+01 1.900000000000000000e+01 5.000000000000000000e+00 0.000000000000000000e+00 1.600000000000000089e+00 8.500000000000000611e-05 -8.347999999999999518e-03 -9.999649999999999928e-01 -6.927919999999999634e-01 -7.211130000000000040e-01 5.962000000000000285e-03 -7.211379999999999457e-01 6.927670000000000217e-01 -5.845000000000000369e-03
1.600000000000000000e+01 1.900000000000000000e+01 5.000000000000000000e+00 0.000000000000000000e+00 1.600000000000000089e+00 8.809999999999999472e-04 -3.412999999999999801e-03 -9.999940000000000495e-01 -6.946409999999999529e-01 -7.193540000000000489e-01 1.843000000000000020e-03 -7.193559999999999954e-01 6.946350000000000025e-01 -3.004000000000000160e-03
2.500000000000000000e+01 1.900000000000000000e+01 5.000000000000000000e+00 0.000000000000000000e+00 1.600000000000000089e+00 -1.541999999999999968e-03 -3.351999999999999945e-03 -9.999930000000000208e-01 -7.023840000000000083e-01 -7.117890000000000050e-01 3.468999999999999861e-03 -7.117959999999999843e-01 7.023850000000000371e-01 -1.257000000000000088e-03
4.000000000000000000e+00 1.010000000000000000e+02 7.000000000000000000e+00 0.000000000000000000e+00 1.600000000000000089e+00 1.773999999999999969e-03 -5.053000000000000200e-03 9.999860000000000415e-01 8.893720000000000514e-01 4.571839999999999793e-01 7.320000000000000118e-04 -4.571819999999999773e-01 8.893579999999999819e-01 5.304999999999999820e-03
1.500000000000000000e+01 1.010000000000000000e+02 7.000000000000000000e+00 0.000000000000000000e+00 1.600000000000000089e+00 1.482000000000000027e-03 -1.545599999999999925e-02 9.998789999999999623e-01 8.829270000000000174e-01 4.694729999999999737e-01 5.948000000000000162e-03 -4.695079999999999809e-01 8.828120000000000411e-01 1.434200000000000058e-02
3.000000000000000000e+00 2.500000000000000000e+01 8.000000000000000000e+00 0.000000000000000000e+00 1.600000000000000089e+00 -2.367999999999999879e-03 -5.275000000000000175e-03 -9.999829999999999552e-01 4.398009999999999975e-01 8.980770000000000142e-01 -5.779000000000000282e-03 8.980920000000000014e-01 -4.398070000000000035e-01 1.930000000000000021e-04
7.000000000000000000e+00 2.500000000000000000e+01 8.000000000000000000e+00 0.000000000000000000e+00 1.600000000000000089e+00 -3.366000000000000068e-03 -4.872999999999999728e-03 -9.999820000000000375e-01 4.403859999999999997e-01 8.977899999999999769e-01 -5.858000000000000360e-03 8.978019999999999889e-01 -4.403980000000000117e-01 -8.760000000000000425e-04
1.000000000000000000e+01 2.500000000000000000e+01 8.000000000000000000e+00 0.000000000000000000e+00 1.600000000000000089e+00 -1.495000000000000018e-03 -8.208000000000000018e-03 -9.999649999999999928e-01 4.396599999999999953e-01 8.981280000000000374e-01 -8.028999999999999679e-03 8.981630000000000447e-01 -4.396570000000000200e-01 2.265999999999999785e-03
1.500000000000000000e+01 2.500000000000000000e+01 8.000000000000000000e+00 0.000000000000000000e+00 1.600000000000000089e+00 1.033999999999999980e-03 -8.021999999999999617e-03 -9.999670000000000503e-01 4.379709999999999992e-01 8.989639999999999853e-01 -6.758000000000000118e-03 8.989890000000000381e-01 -4.379489999999999772e-01 4.442999999999999901e-03
1.900000000000000000e+01 2.500000000000000000e+01 8.000000000000000000e+00 0.000000000000000000e+00 1.600000000000000089e+00 9.000000000000000567e-05 1.031000000000000015e-03 -1.000000000000000000e+00 4.390189999999999926e-01 8.984769999999999701e-01 9.659999999999999533e-04 8.984779999999999989e-01 -4.390189999999999926e-01 -3.719999999999999891e-04
2.400000000000000000e+01 2.500000000000000000e+01 8.000000000000000000e+00 0.000000000000000000e+00 1.600000000000000089e+00 1.317999999999999944e-03 4.563000000000000216e-03 -9.999890000000000168e-01 4.394230000000000080e-01 8.982679999999999554e-01 4.677999999999999867e-03 8.982790000000000497e-01 -4.394239999999999813e-01 -8.210000000000000067e-04
2.800000000000000000e+01 2.500000000000000000e+01 8.000000000000000000e+00 0.000000000000000000e+00 1.600000000000000089e+00 2.442999999999999859e-03 6.608000000000000158e-03 -9.999749999999999472e-01 4.388679999999999803e-01 8.985239999999999894e-01 7.009999999999999738e-03 8.985480000000000134e-01 -4.388739999999999863e-01 -7.050000000000000060e-04
1.000000000000000000e+00 2.400000000000000000e+01 9.000000000000000000e+00 0.000000000000000000e+00 1.600000000000000089e+00 -2.021999999999999926e-03 -8.840000000000000635e-03 -9.999590000000000423e-01 4.459730000000000083e-01 8.950029999999999930e-01 -8.814000000000000654e-03 8.950439999999999507e-01 -4.459719999999999795e-01 2.132999999999999913e-03
7.000000000000000000e+00 2.400000000000000000e+01 9.000000000000000000e+00 0.000000000000000000e+00 1.600000000000000089e+00 -2.716000000000000098e-03 -6.786999999999999630e-03 -9.999730000000000008e-01 4.467149999999999732e-01 8.946469999999999700e-01 -7.284999999999999809e-03 8.946720000000000228e-01 -4.467229999999999812e-01 6.019999999999999961e-04
1.000000000000000000e+01 2.400000000000000000e+01 9.000000000000000000e+00 0.000000000000000000e+00 1.600000000000000089e+00 -5.540000000000000219e-04 -9.709999999999999881e-03 -9.999529999999999808e-01 4.460359999999999880e-01 8.949709999999999610e-01 -8.937000000000000499e-03 8.950150000000000050e-01 -4.460189999999999988e-01 3.834999999999999867e-03
1.400000000000000000e+01 2.400000000000000000e+01 9.000000000000000000e+00 0.000000000000000000e+00 1.600000000000000089e+00 1.381999999999999982e-03 -1.025700000000000049e-02 -9.999460000000000015e-01 4.446970000000000089e-01 8.956399999999999917e-01 -8.573000000000000759e-03 8.956800000000000317e-01 -4.446609999999999729e-01 5.799000000000000335e-03
2.000000000000000000e+01 2.400000000000000000e+01 9.000000000000000000e+00 0.000000000000000000e+00 1.600000000000000089e+00 3.020000000000000223e-04 3.578000000000000017e-03 -9.999940000000000495e-01 4.447070000000000189e-01 8.956699999999999662e-01 3.338999999999999954e-03 8.956760000000000277e-01 -4.447050000000000169e-01 -1.320999999999999909e-03
2.500000000000000000e+01 2.400000000000000000e+01 9.000000000000000000e+00 0.000000000000000000e+00 1.600000000000000089e+00 1.247000000000000062e-03 6.048000000000000424e-03 -9.999810000000000088e-01 4.457090000000000218e-01 8.951580000000000092e-01 5.969999999999999613e-03 8.951770000000000005e-01 -4.457079999999999931e-01 -1.579000000000000108e-03
2.900000000000000000e+01 2.400000000000000000e+01 9.000000000000000000e+00 0.000000000000000000e+00 1.600000000000000089e+00 2.720999999999999894e-03 1.081499999999999996e-02 -9.999379999999999935e-01 4.448079999999999812e-01 8.955600000000000227e-01 1.089599999999999944e-02 8.956220000000000292e-01 -4.448099999999999832e-01 -2.373999999999999808e-03
6.000000000000000000e+00 7.000000000000000000e+00 1.000000000000000000e+01 0.000000000000000000e+00 1.600000000000000089e+00 -5.680700000000000333e-02 -3.808700000000000280e-02 -9.976580000000000448e-01 -9.853570000000000384e-01 -1.587649999999999895e-01 6.216800000000000104e-02 -1.607609999999999872e-01 9.865819999999999590e-01 -2.851000000000000062e-02
1.000000000000000000e+01 7.000000000000000000e+00 1.000000000000000000e+01 0.000000000000000000e+00 1.600000000000000089e+00 5.330999999999999801e-03 -6.853999999999999850e-03 -9.999620000000000175e-01 -9.911459999999999715e-01 -1.327049999999999896e-01 -4.375000000000000416e-03 -1.326700000000000101e-01 9.911320000000000130e-01 -7.499999999999999722e-03
2.200000000000000000e+01 8.000000000000000000e+00 1.000000000000000000e+01 0.000000000000000000e+00 1.600000000000000089e+00 6.465500000000000413e-02 2.522800000000000042e-02 -9.975889999999999480e-01 -9.883520000000000083e-01 -1.363920000000000132e-01 -6.750599999999999656e-02 -1.377659999999999996e-01 9.903340000000000476e-01 1.611500000000000085e-02
2.700000000000000000e+01 8.000000000000000000e+00 1.000000000000000000e+01 0.000000000000000000e+00 1.600000000000000089e+00 5.734999999999999820e-02 8.715000000000000524e-03 -9.983159999999999812e-01 -9.969090000000000451e-01 -5.329199999999999909e-02 -5.773500000000000160e-02 -5.370500000000000274e-02 9.985410000000000119e-01 5.631999999999999854e-03
5.000000000000000000e+00 3.000000000000000000e+00 1.100000000000000000e+01 0.000000000000000000e+00 1.600000000000000089e+00 -7.829999999999999504e-04 -7.269899999999999973e-02 9.973539999999999628e-01 1.367939999999999989e-01 -9.879860000000000309e-01 -7.190799999999999970e-02 9.905990000000000073e-01 1.363759999999999972e-01 1.071899999999999936e-02
1.100000000000000000e+01 3.000000000000000000e+00 1.100000000000000000e+01 0.000000000000000000e+00 1.600000000000000089e+00 -1.461000000000000059e-03 1.862099999999999866e-02 9.998259999999999925e-01 1.209540000000000060e-01 -9.924830000000000041e-01 1.866100000000000050e-02 9.926570000000000116e-01 1.209599999999999981e-01 -8.030000000000000028e-04
2.800000000000000000e+01 4.000000000000000000e+00 1.100000000000000000e+01 0.000000000000000000e+00 1.600000000000000089e+00 -3.788000000000000134e-03 5.135900000000000187e-02 9.986730000000000329e-01 1.749999999999999889e-01 -9.832349999999999701e-01 5.122899999999999676e-02 9.845610000000000195e-01 1.749620000000000064e-01 -5.263999999999999582e-03
1.000000000000000000e+00 3.200000000000000000e+01 1.400000000000000000e+01 0.000000000000000000e+00 1.600000000000000089e+00 9.539999999999999869e-04 2.279999999999999909e-03 -9.999970000000000248e-01 1.171729999999999994e-01 9.931090000000000195e-01 2.376000000000000074e-03 9.931109999999999660e-01 -1.171750000000000014e-01 6.800000000000000488e-04
5.000000000000000000e+00 3.200000000000000000e+01 1.400000000000000000e+01 0.000000000000000000e+00 1.600000000000000089e+00 2.280000000000000126e-04 3.576000000000000185e-03 -9.999940000000000495e-01 1.175810000000000050e-01 9.930569999999999675e-01 3.578000000000000017e-03 9.930630000000000290e-01 -1.175810000000000050e-01 -1.939999999999999993e-04
9.000000000000000000e+00 3.200000000000000000e+01 1.400000000000000000e+01 0.000000000000000000e+00 1.600000000000000089e+00 6.960000000000000041e-04 2.357000000000000154e-03 -9.999970000000000248e-01 1.196119999999999961e-01 9.928179999999999783e-01 2.422999999999999807e-03 9.928200000000000358e-01 -1.196139999999999981e-01 4.090000000000000211e-04
1.200000000000000000e+01 3.200000000000000000e+01 1.400000000000000000e+01 0.000000000000000000e+00 1.600000000000000089e+00 3.114000000000000015e-03 -2.611000000000000040e-03 -9.999919999999999920e-01 1.200969999999999954e-01 9.927599999999999758e-01 -2.217999999999999920e-03 9.927570000000000006e-01 -1.200890000000000013e-01 3.405000000000000041e-03
1.600000000000000000e+01 3.200000000000000000e+01 1.400000000000000000e+01 0.000000000000000000e+00 1.600000000000000089e+00 1.544999999999999932e-03 -5.740000000000000310e-03 -9.999820000000000375e-01 1.197389999999999982e-01 9.927899999999999503e-01 -5.512999999999999672e-03 9.928040000000000198e-01 -1.197280000000000011e-01 2.222000000000000017e-03
2.700000000000000000e+01 3.200000000000000000e+01 1.400000000000000000e+01 0.000000000000000000e+00 1.600000000000000089e+00 -5.609999999999999752e-04 2.707999999999999904e-03 -9.999959999999999960e-01 1.155849999999999933e-01 9.932940000000000103e-01 2.625000000000000163e-03 9.932969999999999855e-01 -1.155830000000000052e-01 -8.700000000000000051e-04
8.000000000000000000e+00 1.160000000000000000e+02 1.600000000000000000e+01 0.000000000000000000e+00 1.600000000000000089e+00 -3.815999999999999948e-03 -4.034000000000000259e-03 9.999850000000000128e-01 7.365450000000000053e-01 6.763660000000000228e-01 5.538999999999999653e-03 -6.763780000000000348e-01 7.365549999999999597e-01 3.899999999999999929e-04
1.000000000000000000e+01 2.000000000000000000e+00 1.900000000000000000e+01 0.000000000000000000e+00 1.600000000000000089e+00 -4.360000000000000160e-03 -9.573999999999999178e-03 -9.999449999999999728e-01 3.457660000000000178e-01 -9.382909999999999862e-01 7.476000000000000006e-03 -9.383110000000000062e-01 -3.457140000000000213e-01 7.401999999999999726e-03
1.300000000000000000e+01 3.000000000000000000e+00 1.900000000000000000e+01 0.000000000000000000e+00 1.600000000000000089e+00 -7.760000000000000404e-03 1.266499999999999918e-02 -9.998899999999999455e-01 3.125279999999999725e-01 -9.497980000000000311e-01 -1.445600000000000010e-02 -9.498769999999999714e-01 -3.126059999999999950e-01 3.412000000000000102e-03
1.600000000000000000e+01 3.000000000000000000e+00 1.900000000000000000e+01 0.000000000000000000e+00 1.600000000000000089e+00 -5.697999999999999940e-03 2.588299999999999976e-02 -9.996490000000000098e-01 3.198520000000000252e-01 -9.471009999999999707e-01 -2.634600000000000136e-02 -9.474500000000000144e-01 -3.198900000000000077e-01 -2.882000000000000013e-03
2.100000000000000000e+01 3.000000000000000000e+00 1.900000000000000000e+01 0.000000000000000000e+00 1.600000000000000089e+00 -5.971999999999999878e-03 3.496599999999999708e-02 -9.993710000000000093e-01 3.257450000000000068e-01 -9.448090000000000099e-01 -3.500299999999999939e-02 -9.454390000000000294e-01 -3.257490000000000108e-01 -5.747999999999999637e-03
2.800000000000000000e+01 3.000000000000000000e+00 1.900000000000000000e+01 0.000000000000000000e+00 1.600000000000000089e+00 -8.113000000000000420e-03 3.891900000000000220e-02 -9.992090000000000138e-01 3.342430000000000123e-01 -9.416630000000000278e-01 -3.939200000000000340e-02 -9.424519999999999564e-01 -3.342979999999999841e-01 -5.368999999999999641e-03
7.000000000000000000e+00 4.000000000000000000e+00 2.000000000000000000e+01 0.000000000000000000e+00 1.600000000000000089e+00 -8.130000000000000291e-04 -1.428500000000000082e-02 -9.998979999999999535e-01 3.274360000000000048e-01 -9.447809999999999819e-01 1.323099999999999971e-02 -9.448729999999999629e-01 -3.273920000000000163e-01 5.446000000000000320e-03
2.400000000000000000e+01 4.000000000000000000e+00 2.000000000000000000e+01 0.000000000000000000e+00 1.600000000000000089e+00 -4.040000000000000188e-03 3.115700000000000067e-02 -9.995060000000000056e-01 3.643830000000000124e-01 -9.307499999999999662e-01 -3.048700000000000021e-02 -9.312399999999999567e-01 -3.643259999999999832e-01 -7.591999999999999790e-03
2.900000000000000000e+01 4.000000000000000000e+00 2.000000000000000000e+01 0.000000000000000000e+00 1.600000000000000089e+00 -4.716999999999999839e-03 3.421799999999999842e-02 -9.994030000000000413e-01 3.814759999999999818e-01 -9.237739999999999840e-01 -3.342900000000000038e-02 -9.243670000000000497e-01 -3.814060000000000228e-01 -8.696000000000000604e-03
2.000000000000000000e+00 1.300000000000000000e+01 2.000000000000000000e+01 0.000000000000000000e+00 1.600000000000000089e+00 -7.780000000000000457e-04 5.237000000000000335e-03 9.999860000000000415e-01 2.601600000000000024e-01 9.655529999999999946e-01 -4.853999999999999808e-03 -9.655650000000000066e-01 2.601530000000000231e-01 -2.113999999999999994e-03
8.000000000000000000e+00 1.300000000000000000e+01 2.000000000000000000e+01 0.000000000000000000e+00 1.600000000000000089e+00 -2.253999999999999927e-03 -1.521999999999999915e-03 9.999959999999999960e-01 2.627840000000000176e-01 9.648529999999999607e-01 2.060999999999999898e-03 -9.648520000000000429e-01 2.627869999999999928e-01 -1.775000000000000102e-03
1.300000000000000000e+01 1.300000000000000000e+01 2.000000000000000000e+01 0.000000000000000000e+00 1.600000000000000089e+00 -9.920000000000000432e-04 -3.699999999999999947e-04 9.999989999999999712e-01 2.618750000000000244e-01 9.651020000000000154e-01 6.170000000000000354e-04 -9.651009999999999867e-01 2.618750000000000244e-01 -8.610000000000000032e-04
1.700000000000000000e+01 1.300000000000000000e+01 2.000000000000000000e+01 0.000000000000000000e+00 1.600000000000000089e+00 4.060000000000000024e-04 4.087999999999999620e-03 9.999919999999999920e-01 2.594330000000000247e-01 9.657520000000000548e-01 -4.053000000000000179e-03 -9.657609999999999806e-01 2.594330000000000247e-01 -6.689999999999999983e-04
2.000000000000000000e+01 1.300000000000000000e+01 2.000000000000000000e+01 0.000000000000000000e+00 1.600000000000000089e+00 -5.330000000000000536e-04 -8.189999999999999581e-04 9.999989999999999712e-01 2.596330000000000027e-01 9.657069999999999821e-01 9.300000000000000541e-04 -9.657069999999999821e-01 2.596330000000000027e-01 -3.020000000000000223e-04
2.600000000000000000e+01 1.300000000000000000e+01 2.000000000000000000e+01 0.000000000000000000e+00 1.600000000000000089e+00 5.259999999999999919e-04 -5.760000000000000146e-04 1.000000000000000000e+00 2.610399999999999943e-01 9.653279999999999639e-01 4.189999999999999931e-04 -9.653279999999999639e-01 2.610390000000000210e-01 6.579999999999999478e-04
9.000000000000000000e+00 1.600000000000000000e+01 2.100000000000000000e+01 0.000000000000000000e+00 1.600000000000000089e+00 -2.579999999999999828e-03 -4.890000000000000249e-03 9.999850000000000128e-01 2.989189999999999903e-01 9.542629999999999724e-01 5.438000000000000125e-03 -9.542749999999999844e-01 2.989280000000000270e-01 -1.000999999999999937e-03
4.000000000000000000e+00 4.100000000000000000e+01 2.400000000000000000e+01 0.000000000000000000e+00 1.600000000000000089e+00 2.029940000000000078e-01 1.881400000000000086e-02 9.789989999999999526e-01 -9.077730000000000521e-01 3.784239999999999826e-01 1.809530000000000027e-01 -3.670729999999999826e-01 -9.254409999999999581e-01 9.389699999999999436e-02
2.200000000000000000e+01 2.000000000000000000e+00 2.500000000000000000e+01 0.000000000000000000e+00 1.600000000000000089e+00 -8.491999999999999549e-03 2.289300000000000015e-02 9.997019999999999795e-01 8.965499999999999858e-02 -9.956939999999999680e-01 2.356199999999999961e-02 9.959369999999999612e-01 8.982900000000000607e-02 6.402999999999999838e-03
2.000000000000000000e+00 3.000000000000000000e+00 2.500000000000000000e+01 0.000000000000000000e+00 1.600000000000000089e+00 -3.723000000000000181e-03 -8.226999999999999938e-03 9.999590000000000423e-01 -3.490900000000000253e-02 -9.993560000000000221e-01 -8.352000000000000049e-03 9.993840000000000501e-01 -3.493799999999999684e-02 3.433999999999999986e-03
1.300000000000000000e+01 3.000000000000000000e+00 2.500000000000000000e+01 0.000000000000000000e+00 1.600000000000000089e+00 -2.608000000000000075e-03 5.536000000000000122e-03 9.999810000000000088e-01 -4.047599999999999809e-02 -9.991659999999999986e-01 5.426000000000000267e-03 9.991769999999999818e-01 -4.046099999999999697e-02 2.830000000000000050e-03
2.500000000000000000e+01 3.000000000000000000e+00 2.500000000000000000e+01 0.000000000000000000e+00 1.600000000000000089e+00 -8.609999999999999598e-03 2.771300000000000152e-02 9.995789999999999953e-01 2.665100000000000108e-02 -9.992539999999999756e-01 2.793400000000000050e-02 9.996080000000000521e-01 2.688099999999999865e-02 7.865000000000000463e-03
1.000000000000000000e+01 4.300000000000000000e+01 2.600000000000000000e+01 0.000000000000000000e+00 1.600000000000000089e+00 -9.254600000000000326e-02 2.331429999999999891e-01 -9.680290000000000283e-01 9.838519999999999488e-01 -1.281730000000000091e-01 -1.249279999999999974e-01 -1.532010000000000038e-01 -9.639590000000000103e-01 -2.175159999999999871e-01
2.400000000000000000e+01 4.400000000000000000e+01 3.100000000000000000e+01 0.000000000000000000e+00 1.600000000000000089e+00 9.118060000000000054e-01 -1.997470000000000079e-01 -3.587620000000000253e-01 2.165120000000000100e-01 9.762570000000000414e-01 6.727000000000000340e-03 3.488999999999999879e-01 -8.380999999999999561e-02 9.334050000000000402e-01
1.000000000000000000e+00 5.800000000000000000e+01 3.100000000000000000e+01 0.000000000000000000e+00 1.600000000000000089e+00 2.206000000000000062e-03 -1.765000000000000076e-03 9.999959999999999960e-01 -8.100910000000000055e-01 -5.863030000000000186e-01 7.519999999999999558e-04 5.863000000000000433e-01 -8.100899999999999768e-01 -2.723000000000000160e-03
6.000000000000000000e+00 5.800000000000000000e+01 3.100000000000000000e+01 0.000000000000000000e+00 1.600000000000000089e+00 4.939999999999999730e-04 -6.595000000000000168e-03 9.999780000000000335e-01 -8.079950000000000188e-01 -5.891790000000000083e-01 -3.487000000000000082e-03 5.891889999999999628e-01 -8.079749999999999988e-01 -5.619999999999999996e-03
1.400000000000000000e+01 5.800000000000000000e+01 3.100000000000000000e+01 0.000000000000000000e+00 1.600000000000000089e+00 -5.146000000000000400e-03 1.407000000000000048e-03 9.999860000000000415e-01 -8.082139999999999880e-01 -5.888799999999999590e-01 -3.331000000000000193e-03 5.888670000000000293e-01 -8.082190000000000207e-01 4.167999999999999830e-03
2.000000000000000000e+01 5.800000000000000000e+01 3.100000000000000000e+01 0.000000000000000000e+00 1.600000000000000089e+00 -5.789999999999999791e-04 -1.050599999999999971e-02 9.999449999999999728e-01 -8.067029999999999479e-01 -5.909189999999999721e-01 -6.675999999999999643e-03 5.909569999999999546e-01 -8.066619999999999902e-01 -8.132999999999999605e-03
2.600000000000000000e+01 5.800000000000000000e+01 3.100000000000000000e+01 0.000000000000000000e+00 1.600000000000000089e+00 6.049999999999999606e-04 -1.734899999999999984e-02 9.998489999999999878e-01 -7.968210000000000015e-01 -6.041320000000000023e-01 -1.000099999999999947e-02 6.042149999999999466e-01 -7.966950000000000420e-01 -1.418999999999999949e-02
2.700000000000000000e+01 1.800000000000000000e+01 3.400000000000000000e+01 0.000000000000000000e+00 1.600000000000000089e+00 5.150000000000000498e-04 -4.034000000000000259e-03 -9.999919999999999920e-01 -3.110539999999999972e-01 -9.503850000000000353e-01 3.673000000000000050e-03 -9.503920000000000146e-01 3.110499999999999932e-01 -1.744000000000000107e-03
2.600000000000000000e+01 3.800000000000000000e+01 3.400000000000000000e+01 0.000000000000000000e+00 1.600000000000000089e+00 4.810380000000000211e-01 -8.597120000000000317e-01 -1.717509999999999870e-01 8.571980000000000155e-01 5.023149999999999560e-01 -1.135440000000000060e-01 1.838879999999999959e-01 -9.260599999999999388e-02 9.785749999999999726e-01
1.200000000000000000e+01 3.700000000000000000e+01 3.500000000000000000e+01 0.000000000000000000e+00 1.600000000000000089e+00 2.129550000000000054e-01 2.372380000000000044e-01 -9.478229999999999711e-01 -4.393349999999999755e-01 -8.432260000000000311e-01 -3.097659999999999858e-01 -8.727169999999999650e-01 4.823779999999999735e-01 -7.534200000000000619e-02
2.000000000000000000e+00 2.900000000000000000e+01 3.600000000000000000e+01 0.000000000000000000e+00 1.600000000000000089e+00 5.695100000000000162e-02 -2.669639999999999791e-01 9.620220000000000438e-01 -6.790969999999999507e-01 6.959750000000000103e-01 2.333369999999999889e-01 -7.318360000000000420e-01 -6.665950000000000486e-01 -1.416580000000000061e-01
1.300000000000000000e+01 9.500000000000000000e+01 3.600000000000000000e+01 0.000000000000000000e+00 1.600000000000000089e+00 8.548000000000000043e-03 -1.417559999999999931e-01 9.898649999999999949e-01 9.974680000000000213e-01 7.109400000000000441e-02 1.567999999999999949e-03 -7.059600000000000597e-02 9.873450000000000282e-01 1.420049999999999923e-01
2.200000000000000000e+01 3.400000000000000000e+01 4.000000000000000000e+01 0.000000000000000000e+00 1.600000000000000089e+00 6.529300000000000381e-02 -7.122089999999999810e-01 6.989239999999999897e-01 7.617920000000000247e-01 -4.168239999999999723e-01 -4.959140000000000215e-01 6.445229999999999571e-01 5.648149999999999560e-01 5.153389999999999915e-01
2.400000000000000000e+01 3.800000000000000000e+01 4.000000000000000000e+01 0.000000000000000000e+00 1.600000000000000089e+00 -5.524869999999999504e-01 -7.589759999999999840e-01 -3.445480000000000209e-01 -8.211690000000000378e-01 4.247210000000000152e-01 3.811729999999999841e-01 -1.429640000000000077e-01 4.935249999999999915e-01 -8.579010000000000247e-01
1.100000000000000000e+01 4.800000000000000000e+01 4.100000000000000000e+01 0.000000000000000000e+00 1.600000000000000089e+00 1.232209999999999972e-01 5.218000000000000416e-03 9.923659999999999703e-01 8.260750000000000037e-01 5.535999999999999810e-01 -1.054829999999999934e-01 -5.499239999999999684e-01 8.327670000000000350e-01 6.390500000000000347e-02
1.300000000000000000e+01 4.800000000000000000e+01 4.200000000000000000e+01 0.000000000000000000e+00 1.600000000000000089e+00 1.240720000000000017e-01 -9.382200000000000262e-02 9.878280000000000394e-01 8.785389999999999588e-01 4.731719999999999815e-01 -6.540400000000000380e-02 -4.612760000000000193e-01 8.759599999999999609e-01 1.411330000000000084e-01
2.700000000000000000e+01 5.100000000000000000e+01 4.300000000000000000e+01 0.000000000000000000e+00 1.600000000000000089e+00 -1.317170000000000007e-01 4.316679999999999962e-01 -8.923640000000000461e-01 -6.498979999999999757e-01 6.421419999999999906e-01 4.065549999999999997e-01 7.485209999999999919e-01 6.334959999999999480e-01 1.959589999999999943e-01
2.600000000000000000e+01 5.200000000000000000e+01 4.300000000000000000e+01 0.000000000000000000e+00 1.600000000000000089e+00 -6.833599999999999397e-02 4.231230000000000269e-01 -9.034910000000000441e-01 -5.128960000000000186e-01 7.618690000000000184e-01 3.955919999999999992e-01 8.557270000000000154e-01 4.904299999999999771e-01 1.649549999999999905e-01
4.000000000000000000e+00 8.000000000000000000e+00 4.400000000000000000e+01 0.000000000000000000e+00 1.600000000000000089e+00 -4.610999999999999648e-03 -9.500000000000000523e-05 9.999890000000000168e-01 -7.915039999999999853e-01 -6.111529999999999463e-01 -3.707999999999999925e-03 6.111469999999999958e-01 -7.915130000000000221e-01 2.743000000000000212e-03
1.200000000000000000e+01 8.000000000000000000e+00 4.400000000000000000e+01 0.000000000000000000e+00 1.600000000000000089e+00 -1.667000000000000079e-03 2.763999999999999964e-03 9.999949999999999672e-01 -8.027410000000000379e-01 -5.963279999999999692e-01 3.099999999999999999e-04 5.963260000000000227e-01 -8.027360000000000051e-01 3.213000000000000144e-03
2.400000000000000000e+01 8.000000000000000000e+00 4.400000000000000000e+01 0.000000000000000000e+00 1.600000000000000089e+00 -2.514000000000000175e-03 -5.296000000000000360e-03 9.999829999999999552e-01 -7.857520000000000060e-01 -6.185190000000000410e-01 -5.250999999999999591e-03 6.185359999999999747e-01 -7.857520000000000060e-01 -2.605999999999999810e-03
1.400000000000000000e+01 5.400000000000000000e+01 4.600000000000000000e+01 0.000000000000000000e+00 1.600000000000000089e+00 -1.277700000000000016e-02 -4.134999999999999787e-02 9.990630000000000344e-01 2.684480000000000199e-01 -9.626059999999999617e-01 -3.640800000000000286e-02 9.632089999999999819e-01 2.677309999999999968e-01 2.339899999999999966e-02
2.500000000000000000e+01 6.500000000000000000e+01 4.600000000000000000e+01 0.000000000000000000e+00 1.600000000000000089e+00 -3.105000000000000121e-03 2.673000000000000029e-03 9.999919999999999920e-01 6.787689999999999557e-01 -7.343410000000000215e-01 4.069999999999999833e-03 7.343450000000000255e-01 6.787760000000000460e-01 4.659999999999999971e-04
1.000000000000000000e+01 2.900000000000000000e+01 4.800000000000000000e+01 0.000000000000000000e+00 1.600000000000000089e+00 4.882000000000000055e-03 -1.071420000000000011e-01 9.942320000000000046e-01 3.583450000000000246e-01 9.284010000000000318e-01 9.828800000000000037e-02 -9.335759999999999614e-01 3.557980000000000032e-01 4.292699999999999988e-02
2.000000000000000000e+01 2.900000000000000000e+01 4.800000000000000000e+01 0.000000000000000000e+00 1.600000000000000089e+00 1.884999999999999957e-03 7.566999999999999942e-03 9.999700000000000255e-01 3.597279999999999922e-01 9.330249999999999932e-01 -7.738000000000000086e-03 -9.330549999999999677e-01 3.597310000000000230e-01 -9.629999999999999888e-04
2.500000000000000000e+01 2.900000000000000000e+01 4.800000000000000000e+01 0.000000000000000000e+00 1.600000000000000089e+00 9.492999999999999702e-03 3.199699999999999767e-01 9.473799999999999999e-01 3.984039999999999804e-01 8.677679999999999838e-01 -2.970740000000000047e-01 -9.171610000000000040e-01 3.802599999999999869e-01 -1.192399999999999988e-01
2.900000000000000000e+01 6.000000000000000000e+00 5.100000000000000000e+01 0.000000000000000000e+00 1.600000000000000089e+00 -5.048000000000000403e-03 -6.594000000000000035e-03 -9.999649999999999928e-01 2.990209999999999813e-01 -9.542350000000000554e-01 4.782999999999999925e-03 -9.542329999999999979e-01 -2.989859999999999740e-01 6.788999999999999896e-03
2.000000000000000000e+01 4.500000000000000000e+01 5.100000000000000000e+01 0.000000000000000000e+00 1.600000000000000089e+00 9.340049999999999741e-01 -1.937129999999999963e-01 -3.001820000000000044e-01 3.243659999999999877e-01 8.119709999999999983e-01 4.852730000000000099e-01 1.497360000000000080e-01 -5.506159999999999943e-01 8.212190000000000323e-01
2.200000000000000000e+01 1.150000000000000000e+02 5.100000000000000000e+01 0.000000000000000000e+00 1.600000000000000089e+00 -1.601999999999999908e-03 -2.577499999999999930e-02 9.996660000000000545e-01 8.386259999999999826e-01 -5.445600000000000440e-01 -1.269699999999999995e-02 5.447060000000000235e-01 8.383260000000000156e-01 2.248800000000000104e-02
2.700000000000000000e+01 1.150000000000000000e+02 5.100000000000000000e+01 0.000000000000000000e+00 1.600000000000000089e+00 -6.405000000000000103e-03 -1.446700000000000069e-02 9.998749999999999583e-01 8.433779999999999610e-01 -5.373160000000000158e-01 -2.371999999999999977e-03 5.372829999999999551e-01 8.432570000000000343e-01 1.564300000000000065e-02
3.000000000000000000e+01 1.150000000000000000e+02 5.100000000000000000e+01 0.000000000000000000e+00 1.600000000000000089e+00 -6.309000000000000372e-03 -7.936999999999999611e-03 9.999489999999999768e-01 8.465639999999999832e-01 -5.322860000000000369e-01 1.116000000000000021e-03 5.322489999999999721e-01 8.465279999999999472e-01 1.007699999999999915e-02
2.000000000000000000e+00 7.000000000000000000e+00 5.200000000000000000e+01 0.000000000000000000e+00 1.600000000000000089e+00 3.739000000000000136e-03 1.771999999999999921e-03 -9.999909999999999632e-01 7.308399999999999619e-02 -9.973250000000000171e-01 -1.494000000000000102e-03 -9.973189999999999555e-01 -7.307700000000000307e-02 -3.857999999999999884e-03
1.000000000000000000e+01 5.800000000000000000e+01 5.200000000000000000e+01 0.000000000000000000e+00 1.600000000000000089e+00 -6.477000000000000118e-03 -3.177300000000000263e-02 9.994739999999999736e-01 -6.175460000000000393e-01 7.862540000000000084e-01 2.099300000000000124e-02 -7.865079999999999849e-01 -6.170860000000000234e-01 -2.471399999999999986e-02
6.000000000000000000e+00 5.700000000000000000e+01 5.300000000000000000e+01 0.000000000000000000e+00 1.600000000000000089e+00 -1.264799999999999952e-02 -1.577999999999999889e-02 9.997949999999999893e-01 -5.393029999999999768e-01 8.420870000000000299e-01 6.467999999999999791e-03 -8.420170000000000154e-01 -5.391110000000000069e-01 -1.916100000000000095e-02
7.000000000000000000e+00 6.300000000000000000e+01 5.400000000000000000e+01 0.000000000000000000e+00 1.600000000000000089e+00 -2.001999999999999873e-03 -5.257000000000000388e-03 9.999839999999999840e-01 -3.688839999999999897e-01 9.294660000000000144e-01 4.147999999999999778e-03 -9.294729999999999936e-01 -3.688699999999999757e-01 -3.799999999999999992e-03
1.200000000000000000e+01 6.300000000000000000e+01 5.400000000000000000e+01 0.000000000000000000e+00 1.600000000000000089e+00 -2.755000000000000070e-03 -1.070300000000000071e-02 9.999390000000000223e-01 -3.687650000000000095e-01 9.294799999999999729e-01 8.932999999999999968e-03 -9.295179999999999554e-01 -3.687179999999999902e-01 -6.507999999999999896e-03
1.700000000000000000e+01 6.300000000000000000e+01 5.400000000000000000e+01 0.000000000000000000e+00 1.600000000000000089e+00 1.005999999999999950e-03 -7.669999999999999951e-04 9.999989999999999712e-01 -3.815549999999999775e-01 9.243449999999999722e-01 1.092000000000000089e-03 -9.243460000000000010e-01 -3.815560000000000063e-01 6.369999999999999794e-04
2.200000000000000000e+01 6.300000000000000000e+01 5.400000000000000000e+01 0.000000000000000000e+00 1.600000000000000089e+00 -1.111999999999999924e-03 1.690000000000000096e-03 9.999980000000000535e-01 -3.804270000000000151e-01 9.248089999999999922e-01 -1.985999999999999918e-03 -9.248100000000000209e-01 -3.804279999999999884e-01 -3.849999999999999798e-04
2.400000000000000000e+01 6.300000000000000000e+01 5.400000000000000000e+01 0.000000000000000000e+00 1.600000000000000089e+00 6.480000000000000300e-04 1.505000000000000044e-03 9.999989999999999712e-01 -3.737210000000000254e-01 9.275409999999999489e-01 -1.154000000000000078e-03 -9.275409999999999489e-01 -3.737190000000000234e-01 1.162999999999999971e-03
2.800000000000000000e+01 6.300000000000000000e+01 5.400000000000000000e+01 0.000000000000000000e+00 1.600000000000000089e+00 1.399999999999999877e-04 4.958999999999999866e-03 9.999879999999999880e-01 -3.671289999999999831e-01 9.301589999999999581e-01 -4.560999999999999950e-03 -9.301700000000000523e-01 -3.671240000000000059e-01 1.951000000000000043e-03
2.500000000000000000e+01 2.500000000000000000e+01 5.500000000000000000e+01 0.000000000000000000e+00 1.600000000000000089e+00 5.399999999999999798e-05 1.201470000000000038e-01 9.927559999999999718e-01 3.699000000000000031e-03 9.927489999999999926e-01 -1.201460000000000028e-01 -9.999930000000000208e-01 3.678999999999999979e-03 -3.910000000000000172e-04
2.900000000000000000e+01 2.500000000000000000e+01 5.500000000000000000e+01 0.000000000000000000e+00 1.600000000000000089e+00 -6.313000000000000035e-03 -6.407899999999999707e-02 9.979249999999999510e-01 1.433800000000000005e-02 9.978359999999999452e-01 6.416399999999999881e-02 -9.998770000000000158e-01 1.471300000000000038e-02 -5.381000000000000366e-03
8.000000000000000000e+00 2.600000000000000000e+01 5.500000000000000000e+01 0.000000000000000000e+00 1.600000000000000089e+00 -3.220000000000000206e-04 -4.791000000000000120e-03 -9.999879999999999880e-01 -2.832099999999999895e-02 -9.995870000000000033e-01 4.799000000000000314e-03 -9.995990000000000153e-01 2.832199999999999995e-02 1.869999999999999917e-04
9.000000000000000000e+00 2.900000000000000000e+01 5.500000000000000000e+01 0.000000000000000000e+00 1.600000000000000089e+00 2.710000000000000169e-03 4.295500000000000013e-02 9.990729999999999889e-01 7.050900000000000223e-02 -9.965990000000000126e-01 4.265800000000000147e-02 9.975070000000000325e-01 7.032800000000000162e-02 -5.728999999999999718e-03
2.200000000000000000e+01 3.100000000000000000e+01 5.500000000000000000e+01 0.000000000000000000e+00 1.600000000000000089e+00 1.184749999999999970e-01 4.032009999999999761e-01 -9.074100000000000499e-01 3.358970000000000011e-01 8.436970000000000303e-01 4.187469999999999803e-01 9.344179999999999708e-01 -3.544070000000000276e-01 -3.547800000000000259e-02
2.700000000000000000e+01 4.800000000000000000e+01 5.500000000000000000e+01 0.000000000000000000e+00 1.600000000000000089e+00 -1.038629999999999970e-01 9.932870000000000310e-01 5.092599999999999905e-02 -8.336970000000000214e-01 -5.902500000000000108e-02 -5.490589999999999637e-01 -5.423679999999999612e-01 -9.948400000000000298e-02 8.342300000000000271e-01
1.700000000000000000e+01 5.600000000000000000e+01 5.500000000000000000e+01 0.000000000000000000e+00 1.600000000000000089e+00 -1.532429999999999903e-01 2.494220000000000048e-01 -9.561929999999999596e-01 -8.803339999999999499e-01 -4.740340000000000109e-01 1.743400000000000158e-02 -4.489190000000000125e-01 8.444409999999999972e-01 2.922170000000000045e-01
8.000000000000000000e+00 2.000000000000000000e+01 6.000000000000000000e+01 0.000000000000000000e+00 1.600000000000000089e+00 1.600000000000000077e-03 1.724000000000000055e-03 9.999970000000000248e-01 -6.308400000000000118e-02 9.980069999999999775e-01 -1.619999999999999912e-03 -9.980069999999999775e-01 -6.308099999999999818e-02 1.706000000000000051e-03
5.000000000000000000e+00 2.100000000000000000e+01 6.000000000000000000e+01 0.000000000000000000e+00 1.600000000000000089e+00 2.199999999999999943e-05 3.703999999999999827e-03 9.999930000000000208e-01 -9.488199999999999412e-02 9.954819999999999780e-01 -3.684999999999999908e-03 -9.954889999999999572e-01 -9.488099999999999312e-02 3.730000000000000134e-04
1.400000000000000000e+01 2.100000000000000000e+01 6.000000000000000000e+01 0.000000000000000000e+00 1.600000000000000089e+00 1.420000000000000092e-04 3.029000000000000008e-03 9.999949999999999672e-01 -9.610200000000000686e-02 9.953670000000000018e-01 -3.001999999999999894e-03 -9.953720000000000345e-01 -9.610100000000000586e-02 4.330000000000000081e-04
1.800000000000000000e+01 2.100000000000000000e+01 6.000000000000000000e+01 0.000000000000000000e+00 1.600000000000000089e+00 9.039999999999999642e-04 -7.851000000000000340e-03 9.999689999999999968e-01 -9.749800000000000133e-02 9.952039999999999775e-01 7.901999999999999302e-03 -9.952349999999999808e-01 -9.750200000000000533e-02 1.340000000000000045e-04
2.400000000000000000e+01 2.100000000000000000e+01 6.000000000000000000e+01 0.000000000000000000e+00 1.600000000000000089e+00 -1.600999999999999993e-03 9.308000000000000301e-03 9.999550000000000383e-01 -9.926999999999999713e-02 9.950160000000000116e-01 -9.421000000000000554e-03 -9.950590000000000268e-01 -9.928099999999999425e-02 -6.689999999999999983e-04
2.900000000000000000e+01 2.100000000000000000e+01 6.000000000000000000e+01 0.000000000000000000e+00 1.600000000000000089e+00 9.950000000000000077e-04 7.050000000000000060e-04 9.999989999999999712e-01 -9.773400000000000143e-02 9.952119999999999855e-01 -6.049999999999999606e-04 -9.952119999999999855e-01 -9.773300000000000043e-02 1.059000000000000045e-03
2.900000000000000000e+01 4.100000000000000000e+01 6.000000000000000000e+01 0.000000000000000000e+00 1.600000000000000089e+00 -6.662909999999999666e-01 -3.721369999999999956e-01 6.461970000000000214e-01 -6.848410000000000331e-01 6.482470000000000176e-01 -3.328200000000000047e-01 -2.950400000000000245e-01 -6.642970000000000264e-01 -6.867750000000000243e-01
