5.000000000000000000e+00 2.500000000000000000e+01 1.000000000000000000e+00 0.000000000000000000e+00 1.600000000000000089e+00 -1.582999999999999989e-03 1.448000000000000068e-03 -9.999980000000000535e-01 -5.310139999999999860e-01 -8.473629999999999773e-01 -3.860000000000000041e-04 -8.473619999999999486e-01 5.310120000000000395e-01 2.111000000000000029e-03
1.500000000000000000e+01 2.500000000000000000e+01 1.000000000000000000e+00 0.000000000000000000e+00 1.600000000000000089e+00 5.399999999999999798e-05 -7.922000000000000222e-03 -9.999689999999999968e-01 -5.280319999999999458e-01 -8.491980000000000084e-01 6.699000000000000093e-03 -8.492239999999999789e-01 5.280150000000000121e-01 -4.229000000000000120e-03
2.900000000000000000e+01 3.000000000000000000e+00 4.000000000000000000e+00 0.000000000000000000e+00 1.600000000000000089e+00 1.205490000000000034e-01 5.385199999999999709e-02 -9.912459999999999605e-01 -8.846870000000000012e-01 -4.471430000000000127e-01 -1.318819999999999992e-01 -4.503309999999999813e-01 8.928399999999999670e-01 -6.261000000000000072e-03
3.000000000000000000e+00 1.500000000000000000e+01 4.000000000000000000e+00 0.000000000000000000e+00 1.600000000000000089e+00 -1.588999999999999918e-03 -4.211999999999999598e-03 9.999900000000000455e-01 3.281979999999999897e-01 -9.446029999999999704e-01 -3.457000000000000003e-03 9.446080000000000032e-01 3.281890000000000085e-01 2.883000000000000146e-03
6.000000000000000000e+00 1.500000000000000000e+01 4.000000000000000000e+00 0.000000000000000000e+00 1.600000000000000089e+00 -8.440000000000000236e-04 -3.909000000000000148e-03 9.999919999999999920e-01 3.192659999999999942e-01 -9.476590000000000291e-01 -3.435000000000000119e-03 9.476649999999999796e-01 3.192599999999999882e-01 2.047000000000000208e-03
1.300000000000000000e+01 1.500000000000000000e+01 4.000000000000000000e+00 0.000000000000000000e+00 1.600000000000000089e+00 -2.203999999999999796e-03 -7.585999999999999861e-03 9.999689999999999968e-01 3.106389999999999985e-01 -9.505059999999999620e-01 -6.525999999999999683e-03 9.505249999999999533e-01 3.106149999999999745e-01 4.451000000000000095e-03
1.800000000000000000e+01 1.500000000000000000e+01 4.000000000000000000e+00 0.000000000000000000e+00 1.600000000000000089e+00 1.679999999999999907e-04 -4.232999999999999784e-03 9.999909999999999632e-01 3.137469999999999981e-01 -9.494979999999999531e-01 -4.072000000000000099e-03 9.495059999999999611e-01 3.137449999999999961e-01 1.167999999999999984e-03
2.400000000000000000e+01 1.500000000000000000e+01 4.000000000000000000e+00 0.000000000000000000e+00 1.600000000000000089e+00 -4.277999999999999685e-03 -5.869999999999999567e-04 9.999909999999999632e-01 3.156120000000000037e-01 -9.488879999999999537e-01 7.929999999999999766e-04 9.488790000000000280e-01 3.156120000000000037e-01 4.244000000000000376e-03
6.000000000000000000e+00 2.500000000000000000e+01 8.000000000000000000e+00 0.000000000000000000e+00 1.600000000000000089e+00 2.575000000000000032e-03 8.699999999999999400e-03 -9.999590000000000423e-01 4.478579999999999783e-01 8.940599999999999659e-01 8.932000000000000703e-03 8.941010000000000346e-01 -4.478619999999999823e-01 -1.593999999999999931e-03
1.200000000000000000e+01 2.500000000000000000e+01 8.000000000000000000e+00 0.000000000000000000e+00 1.600000000000000089e+00 -6.790000000000000245e-04 7.196000000000000139e-03 -9.999740000000000295e-01 4.450049999999999839e-01 8.955070000000000530e-01 6.141999999999999890e-03 8.955279999999999907e-01 -4.449890000000000234e-01 -3.811000000000000151e-03
1.800000000000000000e+01 2.500000000000000000e+01 8.000000000000000000e+00 0.000000000000000000e+00 1.600000000000000089e+00 1.598999999999999944e-03 5.440999999999999656e-03 -9.999839999999999840e-01 4.463429999999999898e-01 8.948450000000000015e-01 5.582000000000000156e-03 8.948610000000000175e-01 -4.463449999999999918e-01 -9.979999999999999722e-04
2.500000000000000000e+01 2.500000000000000000e+01 8.000000000000000000e+00 0.000000000000000000e+00 1.600000000000000089e+00 1.179999999999999951e-04 -5.670000000000000127e-04 -1.000000000000000000e+00 4.441309999999999980e-01 8.959620000000000362e-01 -4.560000000000000251e-04 8.959620000000000362e-01 -4.441309999999999980e-01 3.579999999999999741e-04
6.000000000000000000e+00 2.400000000000000000e+01 9.000000000000000000e+00 0.000000000000000000e+00 1.600000000000000089e+00 2.975999999999999913e-03 9.488999999999999171e-03 -9.999510000000000343e-01 4.519960000000000089e-01 8.919660000000000366e-01 9.809000000000000011e-03 8.920150000000000023e-01 -4.520029999999999881e-01 -1.634999999999999952e-03
1.200000000000000000e+01 2.400000000000000000e+01 9.000000000000000000e+00 0.000000000000000000e+00 1.600000000000000089e+00 -1.000999999999999937e-03 7.719000000000000167e-03 -9.999700000000000255e-01 4.489989999999999815e-01 8.935089999999999977e-01 6.447999999999999739e-03 8.935319999999999929e-01 -4.489790000000000170e-01 -4.360000000000000160e-03
1.800000000000000000e+01 2.400000000000000000e+01 9.000000000000000000e+00 0.000000000000000000e+00 1.600000000000000089e+00 1.111000000000000008e-03 4.355999999999999629e-03 -9.999900000000000455e-01 4.509920000000000040e-01 8.925170000000000048e-01 4.388999999999999672e-03 8.925269999999999593e-01 -4.509929999999999772e-01 -9.730000000000000151e-04
2.600000000000000000e+01 2.400000000000000000e+01 9.000000000000000000e+00 0.000000000000000000e+00 1.600000000000000089e+00 -6.530000000000000431e-04 -4.682999999999999663e-03 -9.999890000000000168e-01 4.504549999999999943e-01 8.927880000000000260e-01 -4.474999999999999811e-03 8.927990000000000093e-01 -4.504529999999999923e-01 1.526000000000000013e-03
6.000000000000000000e+00 4.000000000000000000e+00 1.100000000000000000e+01 0.000000000000000000e+00 1.600000000000000089e+00 -5.288000000000000166e-03 -2.992900000000000074e-02 -9.995380000000000376e-01 2.363639999999999908e-01 9.711910000000000265e-01 -3.032999999999999932e-02 9.716500000000000137e-01 -2.364149999999999863e-01 1.938000000000000052e-03
1.800000000000000000e+01 5.000000000000000000e+00 1.200000000000000000e+01 0.000000000000000000e+00 1.600000000000000089e+00 1.290499999999999980e-02 -1.192140000000000005e-01 9.927850000000000286e-01 -2.325889999999999902e-01 9.652760000000000229e-01 1.189339999999999981e-01 -9.724890000000000478e-01 -2.324460000000000137e-01 -1.527099999999999985e-02
4.000000000000000000e+00 3.100000000000000000e+01 1.200000000000000000e+01 0.000000000000000000e+00 1.600000000000000089e+00 -6.120000000000000223e-04 1.600999999999999993e-03 9.999989999999999712e-01 5.655999999999999570e-03 9.999829999999999552e-01 -1.598000000000000028e-03 -9.999839999999999840e-01 5.655000000000000304e-03 -6.210000000000000242e-04
8.000000000000000000e+00 3.100000000000000000e+01 1.200000000000000000e+01 0.000000000000000000e+00 1.600000000000000089e+00 -3.939999999999999817e-04 4.806999999999999641e-03 9.999879999999999880e-01 6.411000000000000032e-03 9.999679999999999680e-01 -4.804000000000000110e-03 -9.999789999999999512e-01 6.408999999999999767e-03 -4.249999999999999763e-04
1.300000000000000000e+01 3.100000000000000000e+01 1.200000000000000000e+01 0.000000000000000000e+00 1.600000000000000089e+00 2.351999999999999924e-03 -7.839999999999999747e-03 9.999670000000000503e-01 4.709999999999999777e-03 9.999580000000000135e-01 7.828999999999999154e-03 -9.999860000000000415e-01 4.691999999999999990e-03 2.389000000000000064e-03
1.900000000000000000e+01 3.100000000000000000e+01 1.200000000000000000e+01 0.000000000000000000e+00 1.600000000000000089e+00 7.010000000000000172e-04 7.299999999999999903e-05 1.000000000000000000e+00 8.570000000000000144e-04 1.000000000000000000e+00 -7.299999999999999903e-05 -9.999989999999999712e-01 8.570000000000000144e-04 7.010000000000000172e-04
2.700000000000000000e+01 3.100000000000000000e+01 1.200000000000000000e+01 0.000000000000000000e+00 1.600000000000000089e+00 -1.729000000000000068e-03 -7.749999999999999728e-04 9.999980000000000535e-01 -2.889999999999999774e-04 1.000000000000000000e+00 7.739999999999999485e-04 -9.999980000000000535e-01 -2.880000000000000073e-04 -1.729000000000000068e-03
2.200000000000000000e+01 3.200000000000000000e+01 1.400000000000000000e+01 0.000000000000000000e+00 1.600000000000000089e+00 1.217999999999999899e-03 2.070999999999999924e-03 -9.999970000000000248e-01 1.033560000000000034e-01 9.946420000000000261e-01 2.186000000000000009e-03 9.946439999999999726e-01 -1.033590000000000064e-01 9.970000000000000563e-04
1.000000000000000000e+01 1.200000000000000000e+01 1.500000000000000000e+01 0.000000000000000000e+00 1.600000000000000089e+00 8.739999999999999939e-04 5.636999999999999650e-03 -9.999839999999999840e-01 -4.693269999999999942e-01 -8.830080000000000151e-01 -5.388000000000000428e-03 -8.830240000000000311e-01 4.693240000000000189e-01 1.874000000000000015e-03
1.600000000000000000e+01 1.200000000000000000e+01 1.500000000000000000e+01 0.000000000000000000e+00 1.600000000000000089e+00 8.909999999999999734e-04 1.845999999999999985e-03 -9.999980000000000535e-01 -4.726079999999999726e-01 -8.812699999999999978e-01 -2.047999999999999907e-03 -8.812720000000000553e-01 4.726090000000000013e-01 8.700000000000000051e-05
2.300000000000000000e+01 1.200000000000000000e+01 1.500000000000000000e+01 0.000000000000000000e+00 1.600000000000000089e+00 1.856999999999999927e-03 3.735000000000000039e-03 -9.999909999999999632e-01 -4.695900000000000074e-01 -8.828749999999999654e-01 -4.170000000000000095e-03 -8.828829999999999734e-01 4.695929999999999827e-01 1.140000000000000063e-04
2.900000000000000000e+01 1.200000000000000000e+01 1.500000000000000000e+01 0.000000000000000000e+00 1.600000000000000089e+00 1.783999999999999996e-03 5.015000000000000360e-03 -9.999860000000000415e-01 -4.695139999999999869e-01 -8.829090000000000549e-01 -5.264999999999999715e-03 -8.829230000000000134e-01 4.695170000000000177e-01 7.789999999999999616e-04
2.300000000000000000e+01 1.160000000000000000e+02 1.600000000000000000e+01 0.000000000000000000e+00 1.600000000000000089e+00 -2.724999999999999992e-03 -1.956999999999999972e-03 9.999940000000000495e-01 8.063350000000000239e-01 5.914490000000000025e-01 3.354999999999999909e-03 -5.914530000000000065e-01 8.063399999999999457e-01 -3.300000000000000253e-05
1.000000000000000000e+00 2.000000000000000000e+00 1.900000000000000000e+01 0.000000000000000000e+00 1.600000000000000089e+00 2.706000000000000072e-03 -4.491000000000000200e-03 -9.999860000000000415e-01 2.200129999999999864e-01 -9.754840000000000177e-01 4.976000000000000388e-03 -9.754930000000000545e-01 -2.200229999999999964e-01 -1.650999999999999907e-03
7.000000000000000000e+00 2.000000000000000000e+00 1.900000000000000000e+01 0.000000000000000000e+00 1.600000000000000089e+00 -3.062000000000000052e-03 1.539999999999999919e-03 -9.999940000000000495e-01 2.160849999999999993e-01 -9.763720000000000176e-01 -2.164999999999999824e-03 -9.763699999999999601e-01 -2.160900000000000043e-01 2.657000000000000074e-03
1.600000000000000000e+01 2.000000000000000000e+00 1.900000000000000000e+01 0.000000000000000000e+00 1.600000000000000089e+00 -8.479000000000000425e-03 4.372000000000000018e-03 -9.999540000000000095e-01 2.186220000000000108e-01 -9.757900000000000462e-01 -6.119999999999999572e-03 -9.757730000000000015e-01 -2.186639999999999973e-01 7.317999999999999852e-03
2.200000000000000000e+01 2.000000000000000000e+00 1.900000000000000000e+01 0.000000000000000000e+00 1.600000000000000089e+00 -1.218900000000000018e-02 1.035299999999999936e-02 -9.998719999999999830e-01 2.356689999999999896e-01 -9.717470000000000274e-01 -1.293500000000000032e-02 -9.717569999999999819e-01 -2.357970000000000066e-01 9.403999999999999165e-03
2.600000000000000000e+01 2.000000000000000000e+00 1.900000000000000000e+01 0.000000000000000000e+00 1.600000000000000089e+00 -6.742999999999999862e-03 2.610900000000000026e-02 -9.996359999999999690e-01 2.405140000000000056e-01 -9.702709999999999946e-01 -2.696499999999999939e-02 -9.706219999999999848e-01 -2.406079999999999885e-01 2.629999999999999959e-04
1.100000000000000000e+01 4.000000000000000000e+00 2.000000000000000000e+01 0.000000000000000000e+00 1.600000000000000089e+00 1.472000000000000001e-03 -2.860000000000000129e-03 -9.999949999999999672e-01 3.390850000000000253e-01 -9.407499999999999751e-01 3.188999999999999994e-03 -9.407550000000000079e-01 -3.390880000000000005e-01 -4.150000000000000043e-04
4.000000000000000000e+00 1.300000000000000000e+01 2.000000000000000000e+01 0.000000000000000000e+00 1.600000000000000089e+00 -1.111000000000000008e-03 -4.265999999999999827e-03 9.999900000000000455e-01 2.586910000000000043e-01 9.659499999999999753e-01 4.407999999999999592e-03 -9.659590000000000121e-01 2.586930000000000063e-01 3.100000000000000135e-05
1.400000000000000000e+01 1.300000000000000000e+01 2.000000000000000000e+01 0.000000000000000000e+00 1.600000000000000089e+00 -1.528999999999999977e-03 -1.807000000000000012e-03 9.999970000000000248e-01 2.634690000000000087e-01 9.646649999999999947e-01 2.145000000000000205e-03 -9.646670000000000522e-01 2.634719999999999840e-01 -9.990000000000001049e-04
2.000000000000000000e+01 1.300000000000000000e+01 2.000000000000000000e+01 0.000000000000000000e+00 1.600000000000000089e+00 1.814999999999999990e-03 -1.770000000000000089e-03 9.999970000000000248e-01 2.640839999999999854e-01 9.644989999999999952e-01 1.227000000000000009e-03 -9.644979999999999665e-01 2.640810000000000102e-01 2.217999999999999920e-03
2.600000000000000000e+01 1.300000000000000000e+01 2.000000000000000000e+01 0.000000000000000000e+00 1.600000000000000089e+00 -9.020000000000000240e-04 -3.360000000000000139e-03 9.999940000000000495e-01 2.657189999999999830e-01 9.640440000000000120e-01 3.478999999999999888e-03 -9.640499999999999625e-01 2.657209999999999850e-01 2.300000000000000002e-05
8.000000000000000000e+00 3.000000000000000000e+00 2.500000000000000000e+01 0.000000000000000000e+00 1.600000000000000089e+00 -2.371999999999999977e-03 -5.642999999999999579e-03 9.999810000000000088e-01 -2.012500000000000053e-02 -9.997810000000000308e-01 -5.688999999999999613e-03 9.997949999999999893e-01 -2.013799999999999965e-02 2.258000000000000024e-03
1.600000000000000000e+01 3.000000000000000000e+00 2.500000000000000000e+01 0.000000000000000000e+00 1.600000000000000089e+00 -2.765999999999999796e-03 -3.817000000000000080e-03 9.999890000000000168e-01 -2.226799999999999960e-02 -9.997449999999999948e-01 -3.877999999999999937e-03 9.997479999999999700e-01 -2.227900000000000019e-02 2.680999999999999790e-03
2.200000000000000000e+01 3.000000000000000000e+00 2.500000000000000000e+01 0.000000000000000000e+00 1.600000000000000089e+00 -2.809999999999999998e-03 3.506000000000000002e-03 9.999900000000000455e-01 -1.741399999999999892e-02 -9.998420000000000085e-01 3.455999999999999871e-03 9.998439999999999550e-01 -1.740399999999999933e-02 2.870000000000000155e-03
2.600000000000000000e+01 3.000000000000000000e+00 2.500000000000000000e+01 0.000000000000000000e+00 1.600000000000000089e+00 3.295000000000000186e-03 1.038200000000000060e-02 9.999409999999999688e-01 -2.009199999999999875e-02 -9.997439999999999660e-01 1.044600000000000042e-02 9.997930000000000428e-01 -2.012500000000000053e-02 -3.086000000000000201e-03
1.000000000000000000e+00 4.600000000000000000e+01 2.700000000000000000e+01 0.000000000000000000e+00 1.600000000000000089e+00 2.050000000000000173e-03 -2.614000000000000004e-03 -9.999940000000000495e-01 6.725630000000000219e-01 7.400400000000000311e-01 -5.559999999999999621e-04 7.400369999999999449e-01 -6.725579999999999892e-01 3.275000000000000133e-03
1.500000000000000000e+01 4.600000000000000000e+01 2.700000000000000000e+01 0.000000000000000000e+00 1.600000000000000089e+00 -3.079999999999999839e-03 1.168999999999999900e-03 -9.999949999999999672e-01 6.668530000000000291e-01 7.451879999999999615e-01 -1.182000000000000108e-03 7.451830000000000398e-01 -6.668530000000000291e-01 -3.075000000000000042e-03
2.500000000000000000e+01 4.600000000000000000e+01 2.700000000000000000e+01 0.000000000000000000e+00 1.600000000000000089e+00 1.324000000000000090e-03 6.170000000000000354e-04 -9.999989999999999712e-01 6.712799999999999878e-01 7.412029999999999452e-01 1.345999999999999974e-03 7.412029999999999452e-01 -6.712810000000000166e-01 5.670000000000000127e-04
9.000000000000000000e+00 4.600000000000000000e+01 3.000000000000000000e+01 0.000000000000000000e+00 1.600000000000000089e+00 8.170000000000000179e-04 -6.000000000000000152e-06 -1.000000000000000000e+00 3.153639999999999777e-01 9.489710000000000090e-01 2.519999999999999996e-04 9.489699999999999802e-01 -3.153639999999999777e-01 7.780000000000000457e-04
1.400000000000000000e+01 4.600000000000000000e+01 3.000000000000000000e+01 0.000000000000000000e+00 1.600000000000000089e+00 -3.024999999999999911e-03 -1.149999999999999981e-03 -9.999949999999999672e-01 3.162909999999999888e-01 9.486599999999999477e-01 -2.047999999999999907e-03 9.486580000000000013e-01 -3.162949999999999928e-01 -2.505999999999999981e-03
1.800000000000000000e+01 4.600000000000000000e+01 3.000000000000000000e+01 0.000000000000000000e+00 1.600000000000000089e+00 -2.158999999999999895e-03 3.589999999999999984e-04 -9.999980000000000535e-01 3.160290000000000044e-01 9.487489999999999535e-01 -3.409999999999999945e-04 9.487470000000000070e-01 -3.160290000000000044e-01 -2.161999999999999859e-03
5.000000000000000000e+00 5.800000000000000000e+01 3.100000000000000000e+01 0.000000000000000000e+00 1.600000000000000089e+00 -3.049000000000000061e-03 -4.823000000000000030e-03 9.999839999999999840e-01 -7.819439999999999724e-01 -6.233260000000000467e-01 -5.390999999999999959e-03 6.233419999999999517e-01 -7.819469999999999477e-01 -1.871000000000000050e-03
1.300000000000000000e+01 5.800000000000000000e+01 3.100000000000000000e+01 0.000000000000000000e+00 1.600000000000000089e+00 -4.840000000000000010e-04 3.390000000000000001e-04 1.000000000000000000e+00 -7.897509999999999808e-01 -6.134269999999999445e-01 -1.740000000000000010e-04 6.134269999999999445e-01 -7.897509999999999808e-01 5.649999999999999641e-04
1.800000000000000000e+01 5.800000000000000000e+01 3.100000000000000000e+01 0.000000000000000000e+00 1.600000000000000089e+00 1.448999999999999984e-03 1.794999999999999938e-03 9.999970000000000248e-01 -7.897420000000000551e-01 -6.134349999999999525e-01 2.245000000000000034e-03 6.134370000000000100e-01 -7.897429999999999728e-01 5.289999999999999564e-04
2.400000000000000000e+01 5.800000000000000000e+01 3.100000000000000000e+01 0.000000000000000000e+00 1.600000000000000089e+00 1.369999999999999907e-03 4.173999999999999759e-03 9.999900000000000455e-01 -7.871780000000000443e-01 -6.167160000000000419e-01 3.652999999999999997e-03 6.167249999999999677e-01 -7.871749999999999581e-01 2.441000000000000027e-03
1.000000000000000000e+00 4.600000000000000000e+01 3.500000000000000000e+01 0.000000000000000000e+00 1.600000000000000089e+00 1.258000000000000004e-03 1.690000000000000096e-03 -9.999980000000000535e-01 3.904449999999999865e-01 -9.206260000000000554e-01 -1.064999999999999974e-03 -9.206250000000000266e-01 -3.904429999999999845e-01 -1.817999999999999955e-03
1.100000000000000000e+01 4.600000000000000000e+01 3.500000000000000000e+01 0.000000000000000000e+00 1.600000000000000089e+00 -1.505999999999999960e-03 -4.350000000000000026e-04 -9.999989999999999712e-01 3.903340000000000143e-01 -9.206729999999999636e-01 -1.869999999999999917e-04 -9.206720000000000459e-01 -3.903340000000000143e-01 1.557000000000000007e-03
1.300000000000000000e+01 4.600000000000000000e+01 3.500000000000000000e+01 0.000000000000000000e+00 1.600000000000000089e+00 -1.378000000000000102e-03 2.528999999999999998e-03 -9.999959999999999960e-01 3.899299999999999988e-01 -9.208399999999999919e-01 -2.866000000000000058e-03 -9.208439999999999959e-01 -3.899320000000000008e-01 2.820000000000000241e-04
2.300000000000000000e+01 4.600000000000000000e+01 3.500000000000000000e+01 0.000000000000000000e+00 1.600000000000000089e+00 -3.719999999999999891e-04 2.258000000000000024e-03 -9.999970000000000248e-01 3.907880000000000242e-01 -9.204780000000000184e-01 -2.223999999999999849e-03 -9.204809999999999937e-01 -3.907880000000000242e-01 -5.400000000000000069e-04
2.600000000000000000e+01 4.600000000000000000e+01 3.500000000000000000e+01 0.000000000000000000e+00 1.600000000000000089e+00 -3.919999999999999873e-04 -1.603999999999999957e-03 -9.999989999999999712e-01 3.904710000000000125e-01 -9.206140000000000434e-01 1.322999999999999957e-03 -9.206149999999999611e-01 -3.904699999999999838e-01 9.870000000000000301e-04
1.000000000000000000e+00 3.000000000000000000e+00 4.300000000000000000e+01 0.000000000000000000e+00 1.600000000000000089e+00 -8.531000000000000388e-03 -1.264599999999999926e-02 -9.998839999999999950e-01 7.339940000000000353e-01 -6.791519999999999779e-01 2.327000000000000075e-03 -6.791019999999999834e-01 -7.338890000000000136e-01 1.507600000000000086e-02
1.000000000000000000e+01 3.000000000000000000e+00 4.300000000000000000e+01 0.000000000000000000e+00 1.600000000000000089e+00 -5.229000000000000141e-03 -6.492000000000000375e-03 -9.999649999999999928e-01 7.374370000000000092e-01 -6.754160000000000164e-01 5.289999999999999564e-04 -6.753959999999999964e-01 -7.374089999999999812e-01 8.319000000000000006e-03
2.400000000000000000e+01 3.000000000000000000e+00 4.300000000000000000e+01 0.000000000000000000e+00 1.600000000000000089e+00 -3.000000000000000076e-06 -9.490000000000000172e-03 -9.999550000000000383e-01 7.409139999999999615e-01 -6.715700000000000003e-01 6.370999999999999927e-03 -6.715999999999999748e-01 -7.408799999999999830e-01 7.033000000000000189e-03
3.000000000000000000e+01 3.000000000000000000e+00 4.300000000000000000e+01 0.000000000000000000e+00 1.600000000000000089e+00 -1.017400000000000075e-02 -1.101399999999999949e-02 -9.998879999999999990e-01 7.388059999999999627e-01 -6.739180000000000170e-01 -9.399999999999999448e-05 -6.738410000000000233e-01 -7.387240000000000473e-01 1.499299999999999938e-02
1.100000000000000000e+01 8.000000000000000000e+00 4.400000000000000000e+01 0.000000000000000000e+00 1.600000000000000089e+00 7.529999999999999801e-04 -4.081999999999999691e-03 9.999909999999999632e-01 -7.845689999999999609e-01 -6.200390000000000068e-01 -1.941000000000000017e-03 6.200409999999999533e-01 -7.845609999999999529e-01 -3.668999999999999952e-03
4.000000000000000000e+00 2.900000000000000000e+01 4.400000000000000000e+01 0.000000000000000000e+00 1.600000000000000089e+00 -1.324000000000000090e-03 1.469999999999999953e-03 -9.999980000000000535e-01 6.528310000000000501e-01 7.575039999999999552e-01 2.489999999999999809e-04 7.575030000000000374e-01 -6.528289999999999926e-01 -1.962999999999999901e-03
7.000000000000000000e+00 2.900000000000000000e+01 4.400000000000000000e+01 0.000000000000000000e+00 1.600000000000000089e+00 3.669999999999999760e-04 1.688000000000000047e-03 -9.999980000000000535e-01 6.565769999999999662e-01 7.542579999999999840e-01 1.515000000000000071e-03 7.542590000000000128e-01 -6.565760000000000485e-01 -8.310000000000000329e-04
1.200000000000000000e+01 2.900000000000000000e+01 4.400000000000000000e+01 0.000000000000000000e+00 1.600000000000000089e+00 1.320000000000000101e-04 8.159999999999999936e-04 -1.000000000000000000e+00 6.635240000000000027e-01 7.481550000000000145e-01 6.989999999999999686e-04 7.481550000000000145e-01 -6.635229999999999739e-01 -4.429999999999999802e-04
1.700000000000000000e+01 2.900000000000000000e+01 4.400000000000000000e+01 0.000000000000000000e+00 1.600000000000000089e+00 1.010000000000000047e-03 -3.809999999999999910e-04 -9.999989999999999712e-01 6.581839999999999913e-01 7.528569999999999984e-01 3.780000000000000265e-04 7.528559999999999697e-01 -6.581839999999999913e-01 1.012000000000000096e-03
2.200000000000000000e+01 2.900000000000000000e+01 4.400000000000000000e+01 0.000000000000000000e+00 1.600000000000000089e+00 6.870000000000000022e-04 -1.564000000000000069e-03 -9.999989999999999712e-01 6.513149999999999773e-01 7.588070000000000093e-01 -7.399999999999999894e-04 7.588070000000000093e-01 -6.513130000000000308e-01 1.539999999999999919e-03
2.900000000000000000e+01 2.900000000000000000e+01 4.400000000000000000e+01 0.000000000000000000e+00 1.600000000000000089e+00 -7.410000000000000137e-04 6.999999999999999895e-06 -1.000000000000000000e+00 6.479120000000000434e-01 7.617150000000000309e-01 -4.749999999999999990e-04 7.617150000000000309e-01 -6.479129999999999612e-01 -5.689999999999999529e-04
1.700000000000000000e+01 6.500000000000000000e+01 4.600000000000000000e+01 0.000000000000000000e+00 1.600000000000000089e+00 -5.950000000000000427e-04 -2.150000000000000001e-03 9.999970000000000248e-01 6.807229999999999670e-01 -7.325399999999999689e-01 -1.168999999999999900e-03 7.325409999999999977e-01 6.807199999999999918e-01 1.899000000000000080e-03
2.700000000000000000e+01 6.500000000000000000e+01 4.600000000000000000e+01 0.000000000000000000e+00 1.600000000000000089e+00 3.970000000000000005e-04 -4.265999999999999827e-03 9.999909999999999632e-01 6.818899999999999961e-01 -7.314469999999999583e-01 -3.390999999999999917e-03 7.314540000000000486e-01 6.818849999999999634e-01 2.618000000000000101e-03
2.500000000000000000e+01 7.000000000000000000e+01 4.700000000000000000e+01 0.000000000000000000e+00 1.600000000000000089e+00 -5.100000000000000366e-04 4.470000000000000232e-04 -1.000000000000000000e+00 -8.426360000000000516e-01 -5.384839999999999627e-01 1.890000000000000133e-04 -5.384830000000000449e-01 8.426360000000000516e-01 6.520000000000000188e-04
1.500000000000000000e+01 5.000000000000000000e+00 5.100000000000000000e+01 0.000000000000000000e+00 1.600000000000000089e+00 2.820000000000000241e-04 -2.090999999999999977e-03 -9.999980000000000535e-01 4.787449999999999761e-01 -8.779519999999999547e-01 1.971000000000000096e-03 -8.779540000000000122e-01 -4.787449999999999761e-01 7.529999999999999801e-04
1.800000000000000000e+01 5.000000000000000000e+00 5.100000000000000000e+01 0.000000000000000000e+00 1.600000000000000089e+00 7.389999999999999651e-04 6.068999999999999742e-03 -9.999810000000000088e-01 4.794269999999999921e-01 -8.775680000000000147e-01 -4.971999999999999857e-03 -8.775810000000000555e-01 -4.794149999999999801e-01 -3.557999999999999965e-03
2.600000000000000000e+01 5.000000000000000000e+00 5.100000000000000000e+01 0.000000000000000000e+00 1.600000000000000089e+00 1.374999999999999920e-03 -2.284000000000000006e-03 -9.999959999999999960e-01 4.723359999999999781e-01 -8.814140000000000308e-01 2.663000000000000003e-03 -8.814170000000000060e-01 -4.723379999999999801e-01 -1.330000000000000073e-04
1.000000000000000000e+01 1.150000000000000000e+02 5.100000000000000000e+01 0.000000000000000000e+00 1.600000000000000089e+00 1.631999999999999987e-03 6.809999999999999647e-04 9.999980000000000535e-01 8.447900000000000409e-01 -5.350970000000000448e-01 -1.013999999999999927e-03 5.350960000000000161e-01 8.447900000000000409e-01 -1.448999999999999984e-03
1.800000000000000000e+01 7.000000000000000000e+00 5.200000000000000000e+01 0.000000000000000000e+00 1.600000000000000089e+00 1.018000000000000025e-03 1.941000000000000017e-03 -9.999980000000000535e-01 1.179499999999999993e-01 -9.930179999999999563e-01 -1.807000000000000012e-03 -9.930189999999999850e-01 -1.179479999999999973e-01 -1.240000000000000000e-03
2.300000000000000000e+01 7.000000000000000000e+00 5.200000000000000000e+01 0.000000000000000000e+00 1.600000000000000089e+00 -5.969999999999999829e-04 3.100000000000000135e-05 -1.000000000000000000e+00 9.955600000000000560e-02 -9.950320000000000276e-01 -9.000000000000000567e-05 -9.950320000000000276e-01 -9.955600000000000560e-02 5.910000000000000539e-04
6.000000000000000000e+00 6.300000000000000000e+01 5.400000000000000000e+01 0.000000000000000000e+00 1.600000000000000089e+00 2.930000000000000204e-04 -2.209000000000000026e-03 9.999980000000000535e-01 -3.496139999999999803e-01 9.368910000000000293e-01 2.171999999999999886e-03 -9.368940000000000046e-01 -3.496139999999999803e-01 -4.979999999999999618e-04
1.000000000000000000e+01 6.300000000000000000e+01 5.400000000000000000e+01 0.000000000000000000e+00 1.600000000000000089e+00 1.348999999999999939e-03 -8.559999999999999901e-04 9.999989999999999712e-01 -3.504410000000000025e-01 9.365839999999999721e-01 1.275000000000000092e-03 -9.365839999999999721e-01 -3.504419999999999757e-01 9.629999999999999888e-04
1.500000000000000000e+01 6.300000000000000000e+01 5.400000000000000000e+01 0.000000000000000000e+00 1.600000000000000089e+00 -8.790000000000000070e-04 -5.969999999999999829e-04 9.999989999999999712e-01 -3.450940000000000119e-01 9.385679999999999579e-01 2.570000000000000127e-04 -9.385679999999999579e-01 -3.450940000000000119e-01 -1.031000000000000015e-03
1.900000000000000000e+01 6.300000000000000000e+01 5.400000000000000000e+01 0.000000000000000000e+00 1.600000000000000089e+00 -1.103999999999999947e-03 2.900000000000000017e-04 9.999989999999999712e-01 -3.418829999999999925e-01 9.397419999999999662e-01 -6.499999999999999702e-04 -9.397419999999999662e-01 -3.418840000000000212e-01 -9.389999999999999476e-04
2.900000000000000000e+01 6.300000000000000000e+01 5.400000000000000000e+01 0.000000000000000000e+00 1.600000000000000089e+00 1.598000000000000028e-03 -1.371000000000000040e-03 9.999980000000000535e-01 -3.333510000000000084e-01 9.428010000000000002e-01 1.825000000000000016e-03 -9.428020000000000289e-01 -3.333530000000000104e-01 1.049000000000000019e-03
3.000000000000000000e+00 2.500000000000000000e+01 5.500000000000000000e+01 0.000000000000000000e+00 1.600000000000000089e+00 2.979999999999999793e-04 -1.877999999999999895e-03 -9.999980000000000535e-01 -1.230499999999999997e-02 -9.999230000000000063e-01 1.874999999999999931e-03 -9.999240000000000350e-01 1.230499999999999997e-02 -3.209999999999999963e-04
1.400000000000000000e+01 2.500000000000000000e+01 5.500000000000000000e+01 0.000000000000000000e+00 1.600000000000000089e+00 -9.870000000000000301e-04 -2.883000000000000146e-03 -9.999949999999999672e-01 -1.151399999999999993e-02 -9.999299999999999855e-01 2.893999999999999871e-03 -9.999329999999999607e-01 1.151699999999999946e-02 9.539999999999999869e-04
2.200000000000000000e+01 2.500000000000000000e+01 5.500000000000000000e+01 0.000000000000000000e+00 1.600000000000000089e+00 1.814999999999999990e-03 8.614999999999999394e-03 -9.999609999999999888e-01 -1.111799999999999941e-02 -9.999010000000000398e-01 -8.635000000000000314e-03 -9.999369999999999647e-01 1.113300000000000053e-02 -1.719000000000000042e-03
6.000000000000000000e+00 2.100000000000000000e+01 6.000000000000000000e+01 0.000000000000000000e+00 1.600000000000000089e+00 4.850000000000000253e-04 1.245999999999999929e-03 9.999989999999999712e-01 -9.435699999999999643e-02 9.955380000000000340e-01 -1.195000000000000099e-03 -9.955380000000000340e-01 -9.435599999999999543e-02 6.009999999999999717e-04
2.000000000000000000e+01 2.100000000000000000e+01 6.000000000000000000e+01 0.000000000000000000e+00 1.600000000000000089e+00 2.232000000000000043e-03 -1.621799999999999978e-02 9.998660000000000325e-01 -9.389400000000000523e-02 9.954479999999999995e-01 1.635599999999999901e-02 -9.955800000000000205e-01 -9.391800000000000148e-02 6.999999999999999929e-04
2.400000000000000000e+01 2.100000000000000000e+01 6.000000000000000000e+01 0.000000000000000000e+00 1.600000000000000089e+00 -2.590000000000000071e-04 -8.989999999999999727e-03 9.999599999999999600e-01 -9.059300000000000685e-02 9.958479999999999555e-01 8.928999999999999437e-03 -9.958879999999999955e-01 -9.058700000000000085e-02 -1.072000000000000036e-03
2.800000000000000000e+01 2.100000000000000000e+01 6.000000000000000000e+01 0.000000000000000000e+00 1.600000000000000089e+00 -1.551000000000000078e-03 -3.699999999999999947e-04 9.999989999999999712e-01 -8.881400000000000405e-02 9.960480000000000445e-01 2.310000000000000042e-04 -9.960470000000000157e-01 -8.881400000000000405e-02 -1.577999999999999976e-03
6.000000000000000000e+00 6.700000000000000000e+01 6.000000000000000000e+01 0.000000000000000000e+00 1.600000000000000089e+00 4.040000000000000080e-04 3.374999999999999962e-03 9.999940000000000495e-01 1.787110000000000087e-01 -9.838959999999999928e-01 3.249000000000000152e-03 9.839010000000000256e-01 1.787090000000000067e-01 -1.000999999999999937e-03
1.200000000000000000e+01 6.700000000000000000e+01 6.000000000000000000e+01 0.000000000000000000e+00 1.600000000000000089e+00 1.719999999999999958e-03 2.552000000000000015e-03 9.999949999999999672e-01 1.742829999999999935e-01 -9.846930000000000405e-01 2.213000000000000123e-03 9.846939999999999582e-01 1.742779999999999885e-01 -2.138999999999999842e-03
1.500000000000000000e+01 1.200000000000000000e+01 6.300000000000000000e+01 0.000000000000000000e+00 1.600000000000000089e+00 7.945999999999999938e-03 3.330000000000000169e-04 -9.999679999999999680e-01 -1.545980000000000132e-01 -9.879759999999999653e-01 -1.557999999999999923e-03 -9.879459999999999908e-01 1.546049999999999924e-01 -7.798000000000000244e-03
1.000000000000000000e+00 2.700000000000000000e+01 6.300000000000000000e+01 0.000000000000000000e+00 1.600000000000000089e+00 9.659999999999999533e-04 1.481599999999999931e-02 9.998899999999999455e-01 -2.676069999999999838e-01 9.634260000000000046e-01 -1.401699999999999995e-02 -9.635280000000000511e-01 -2.675640000000000240e-01 4.895000000000000046e-03
7.000000000000000000e+00 2.700000000000000000e+01 6.300000000000000000e+01 0.000000000000000000e+00 1.600000000000000089e+00 -5.300000000000000078e-05 -1.534999999999999906e-03 9.999989999999999712e-01 -2.723400000000000265e-01 9.622000000000000552e-01 1.461999999999999975e-03 -9.622009999999999730e-01 -2.723400000000000265e-01 -4.690000000000000158e-04
1.100000000000000000e+01 2.700000000000000000e+01 6.300000000000000000e+01 0.000000000000000000e+00 1.600000000000000089e+00 -4.979999999999999618e-04 -2.700000000000000035e-04 1.000000000000000000e+00 -2.743579999999999908e-01 9.616270000000000095e-01 1.230000000000000082e-04 -9.616270000000000095e-01 -2.743579999999999908e-01 -5.529999999999999976e-04
1.500000000000000000e+01 2.700000000000000000e+01 6.300000000000000000e+01 0.000000000000000000e+00 1.600000000000000089e+00 1.949999999999999965e-04 7.550000000000000287e-04 1.000000000000000000e+00 -2.729400000000000159e-01 9.620309999999999695e-01 -6.729999999999999871e-04 -9.620309999999999695e-01 -2.729400000000000159e-01 3.939999999999999817e-04
1.800000000000000000e+01 2.700000000000000000e+01 6.300000000000000000e+01 0.000000000000000000e+00 1.600000000000000089e+00 1.407000000000000048e-03 -8.599999999999999789e-04 9.999989999999999712e-01 -2.716759999999999731e-01 9.623880000000000212e-01 1.209999999999999921e-03 -9.623880000000000212e-01 -2.716770000000000018e-01 1.119999999999999902e-03
2.400000000000000000e+01 2.700000000000000000e+01 6.300000000000000000e+01 0.000000000000000000e+00 1.600000000000000089e+00 3.154000000000000119e-03 9.143999999999999351e-03 9.999529999999999808e-01 -2.679840000000000000e-01 9.633899999999999686e-01 -7.964000000000000593e-03 -9.634179999999999966e-01 -2.679460000000000175e-01 5.487999999999999823e-03
2.800000000000000000e+01 2.700000000000000000e+01 6.300000000000000000e+01 0.000000000000000000e+00 1.600000000000000089e+00 -1.773000000000000053e-03 -1.737999999999999962e-03 9.999970000000000248e-01 -2.640899999999999914e-01 9.644970000000000487e-01 1.208000000000000089e-03 -9.644960000000000200e-01 -2.640870000000000162e-01 -2.168999999999999921e-03
2.000000000000000000e+00 2.600000000000000000e+01 6.400000000000000000e+01 0.000000000000000000e+00 1.600000000000000089e+00 1.679999999999999907e-04 1.207800000000000019e-02 9.999270000000000103e-01 -3.476710000000000078e-01 9.375489999999999657e-01 -1.126599999999999997e-02 -9.376170000000000337e-01 -3.476440000000000086e-01 4.355999999999999629e-03
6.000000000000000000e+00 2.600000000000000000e+01 6.400000000000000000e+01 0.000000000000000000e+00 1.600000000000000089e+00 7.870000000000000476e-04 1.139999999999999954e-03 9.999989999999999712e-01 -3.515400000000000191e-01 9.361720000000000041e-01 -7.900000000000000121e-04 -9.361720000000000041e-01 -3.515389999999999904e-01 1.137999999999999906e-03
1.100000000000000000e+01 2.600000000000000000e+01 6.400000000000000000e+01 0.000000000000000000e+00 1.600000000000000089e+00 -3.620000000000000171e-04 -6.250000000000000130e-04 1.000000000000000000e+00 -3.539439999999999809e-01 9.352669999999999595e-01 4.569999999999999952e-04 -9.352669999999999595e-01 -3.539430000000000076e-01 -5.599999999999999509e-04
1.500000000000000000e+01 2.600000000000000000e+01 6.400000000000000000e+01 0.000000000000000000e+00 1.600000000000000089e+00 9.899999999999999404e-05 3.390000000000000001e-04 1.000000000000000000e+00 -3.530369999999999897e-01 9.356090000000000240e-01 -2.820000000000000241e-04 -9.356090000000000240e-01 -3.530369999999999897e-01 2.120000000000000031e-04
1.900000000000000000e+01 2.600000000000000000e+01 6.400000000000000000e+01 0.000000000000000000e+00 1.600000000000000089e+00 1.843999999999999936e-03 4.200000000000000174e-04 9.999980000000000535e-01 -3.514459999999999806e-01 9.362080000000000402e-01 2.550000000000000183e-04 -9.362059999999999826e-01 -3.514459999999999806e-01 1.874000000000000015e-03
2.300000000000000000e+01 2.600000000000000000e+01 6.400000000000000000e+01 0.000000000000000000e+00 1.600000000000000089e+00 1.451999999999999949e-03 6.465000000000000260e-03 9.999780000000000335e-01 -3.490550000000000042e-01 9.370859999999999745e-01 -5.551000000000000378e-03 -9.371009999999999618e-01 -3.490389999999999882e-01 3.616999999999999989e-03
2.700000000000000000e+01 2.600000000000000000e+01 6.400000000000000000e+01 0.000000000000000000e+00 1.600000000000000089e+00 -3.249999999999999851e-04 -2.331999999999999872e-03 9.999970000000000248e-01 -3.455980000000000163e-01 9.383799999999999919e-01 2.076000000000000154e-03 -9.383829999999999671e-01 -3.455960000000000143e-01 -1.111000000000000008e-03
6.000000000000000000e+00 6.900000000000000000e+01 6.600000000000000000e+01 0.000000000000000000e+00 1.600000000000000089e+00 4.111000000000000071e-03 -5.199999999999999761e-03 9.999780000000000335e-01 -9.499440000000000106e-01 3.123699999999999810e-01 5.530000000000000193e-03 -3.123920000000000030e-01 -9.499459999999999571e-01 -3.655999999999999962e-03
1.700000000000000000e+01 6.900000000000000000e+01 6.600000000000000000e+01 0.000000000000000000e+00 1.600000000000000089e+00 2.765999999999999796e-03 -4.001000000000000216e-03 9.999879999999999880e-01 -9.497409999999999464e-01 3.130140000000000144e-01 3.879000000000000069e-03 -3.130249999999999977e-01 -9.497400000000000286e-01 -2.933999999999999976e-03
3.000000000000000000e+00 2.500000000000000000e+01 7.300000000000000000e+01 0.000000000000000000e+00 1.600000000000000089e+00 -5.760000000000000146e-04 1.415999999999999941e-03 9.999989999999999712e-01 7.468380000000000019e-01 -6.650049999999999573e-01 1.371999999999999956e-03 6.650059999999999860e-01 7.468380000000000019e-01 -6.740000000000000114e-04
1.700000000000000000e+01 2.500000000000000000e+01 7.300000000000000000e+01 0.000000000000000000e+00 1.600000000000000089e+00 -2.011999999999999900e-03 -3.082999999999999803e-03 9.999930000000000208e-01 7.452379999999999560e-01 -6.667990000000000306e-01 -5.569999999999999864e-04 6.667960000000000553e-01 7.452309999999999768e-01 3.638999999999999874e-03
2.300000000000000000e+01 2.500000000000000000e+01 7.300000000000000000e+01 0.000000000000000000e+00 1.600000000000000089e+00 3.950000000000000386e-03 1.489000000000000089e-03 9.999909999999999632e-01 7.503180000000000405e-01 -6.610740000000000505e-01 -1.978999999999999856e-03 6.610660000000000425e-01 7.503189999999999582e-01 -3.729000000000000110e-03
