1.200000000000000000e+01 1.600000000000000000e+01 4.000000000000000000e+00 0.000000000000000000e+00 1.600000000000000089e+00 -1.938999999999999968e-03 -1.175900000000000035e-02 9.999289999999999567e-01 3.150510000000000255e-01 -9.490159999999999707e-01 -1.054899999999999935e-02 9.490730000000000555e-01 3.150089999999999835e-01 5.544000000000000317e-03
1.700000000000000000e+01 1.600000000000000000e+01 4.000000000000000000e+00 0.000000000000000000e+00 1.600000000000000089e+00 2.785000000000000149e-03 -1.399199999999999923e-02 9.998979999999999535e-01 3.130749999999999922e-01 -9.496229999999999949e-01 -1.416099999999999998e-02 9.497240000000000126e-01 3.130830000000000002e-01 1.735999999999999913e-03
2.000000000000000000e+01 1.600000000000000000e+01 4.000000000000000000e+00 0.000000000000000000e+00 1.600000000000000089e+00 2.570999999999999935e-03 -1.941400000000000070e-02 9.998080000000000300e-01 3.147380000000000178e-01 -9.489830000000000210e-01 -1.923599999999999963e-02 9.491749999999999909e-01 3.147280000000000078e-01 3.670999999999999784e-03
2.500000000000000000e+01 1.600000000000000000e+01 4.000000000000000000e+00 0.000000000000000000e+00 1.600000000000000089e+00 2.809999999999999998e-03 -2.040799999999999906e-02 9.997880000000000100e-01 3.226339999999999764e-01 -9.463080000000000380e-01 -2.022300000000000139e-02 9.465200000000000280e-01 3.226220000000000199e-01 3.924999999999999670e-03
8.000000000000000000e+00 1.010000000000000000e+02 7.000000000000000000e+00 0.000000000000000000e+00 1.600000000000000089e+00 -1.119999999999999983e-04 -9.565000000000000585e-03 9.999540000000000095e-01 8.865389999999999660e-01 4.626319999999999877e-01 4.525000000000000376e-03 -4.626540000000000097e-01 8.864990000000000370e-01 8.427999999999999728e-03
1.300000000000000000e+01 1.010000000000000000e+02 7.000000000000000000e+00 0.000000000000000000e+00 1.600000000000000089e+00 2.869000000000000022e-03 4.028999999999999596e-03 9.999879999999999880e-01 8.856880000000000308e-01 4.642600000000000060e-01 -4.412000000000000123e-03 -4.642729999999999912e-01 8.856899999999999773e-01 -2.236000000000000140e-03
1.000000000000000000e+01 1.500000000000000000e+01 8.000000000000000000e+00 0.000000000000000000e+00 1.600000000000000089e+00 -3.534999999999999948e-03 -1.026999999999999962e-02 -9.999409999999999688e-01 -5.663939999999999531e-01 -8.240680000000000227e-01 1.046700000000000061e-02 -8.241270000000000540e-01 5.663979999999999571e-01 -2.903999999999999897e-03
1.400000000000000000e+01 1.500000000000000000e+01 8.000000000000000000e+00 0.000000000000000000e+00 1.600000000000000089e+00 -4.498000000000000262e-03 -9.315999999999999628e-03 -9.999460000000000015e-01 -5.655480000000000507e-01 -8.246520000000000516e-01 1.022699999999999998e-02 -8.247029999999999639e-01 5.655639999999999556e-01 -1.559999999999999972e-03
1.700000000000000000e+01 1.500000000000000000e+01 8.000000000000000000e+00 0.000000000000000000e+00 1.600000000000000089e+00 -7.599999999999999985e-03 -1.155100000000000050e-02 -9.999040000000000150e-01 -5.656400000000000317e-01 -8.245360000000000467e-01 1.382500000000000048e-02 -8.246170000000000444e-01 5.656910000000000549e-01 -2.669999999999999847e-04
2.100000000000000000e+01 1.500000000000000000e+01 8.000000000000000000e+00 0.000000000000000000e+00 1.600000000000000089e+00 -7.979999999999999247e-03 -1.845099999999999865e-02 -9.997979999999999645e-01 -5.680720000000000214e-01 -8.227430000000000021e-01 1.971799999999999942e-02 -8.229400000000000048e-01 5.681150000000000366e-01 -3.916000000000000210e-03
2.500000000000000000e+01 1.500000000000000000e+01 8.000000000000000000e+00 0.000000000000000000e+00 1.600000000000000089e+00 -7.435999999999999902e-03 -2.206899999999999834e-02 -9.997289999999999788e-01 -5.714519999999999600e-01 -8.203310000000000324e-01 2.236000000000000140e-02 -8.206020000000000536e-01 5.714639999999999720e-01 -6.511000000000000294e-03
2.800000000000000000e+01 1.500000000000000000e+01 8.000000000000000000e+00 0.000000000000000000e+00 1.600000000000000089e+00 -7.067999999999999630e-03 -2.328300000000000161e-02 -9.997040000000000370e-01 -5.741969999999999574e-01 -8.183909999999999796e-01 2.312000000000000166e-02 -8.186870000000000536e-01 5.741899999999999782e-01 -7.583999999999999596e-03
7.000000000000000000e+00 2.600000000000000000e+01 8.000000000000000000e+00 0.000000000000000000e+00 1.600000000000000089e+00 2.057999999999999934e-03 4.200999999999999873e-03 -9.999890000000000168e-01 4.252489999999999881e-01 9.050639999999999796e-01 4.676999999999999734e-03 9.050740000000000451e-01 -4.252540000000000209e-01 7.700000000000000139e-05
1.400000000000000000e+01 2.600000000000000000e+01 8.000000000000000000e+00 0.000000000000000000e+00 1.600000000000000089e+00 1.905999999999999925e-03 8.281000000000000166e-03 -9.999639999999999640e-01 4.237199999999999855e-01 9.057549999999999768e-01 8.309000000000000413e-03 9.057910000000000128e-01 -4.237210000000000143e-01 -1.781999999999999947e-03
1.900000000000000000e+01 2.600000000000000000e+01 8.000000000000000000e+00 0.000000000000000000e+00 1.600000000000000089e+00 5.781999999999999813e-03 2.561199999999999935e-02 -9.996549999999999603e-01 4.206389999999999851e-01 9.068650000000000322e-01 2.566699999999999884e-02 9.072099999999999609e-01 -4.206420000000000159e-01 -5.530000000000000193e-03
2.200000000000000000e+01 2.600000000000000000e+01 8.000000000000000000e+00 0.000000000000000000e+00 1.600000000000000089e+00 6.944999999999999785e-03 2.131200000000000108e-02 -9.997489999999999988e-01 4.174390000000000045e-01 9.084320000000000173e-01 2.226500000000000007e-02 9.086779999999999857e-01 -4.174889999999999990e-01 -2.588000000000000023e-03
2.800000000000000000e+01 2.600000000000000000e+01 8.000000000000000000e+00 0.000000000000000000e+00 1.600000000000000089e+00 6.598999999999999831e-03 2.241900000000000143e-02 -9.997270000000000323e-01 4.129499999999999837e-01 9.104600000000000470e-01 2.314300000000000038e-02 9.107300000000000395e-01 -4.129900000000000237e-01 -3.249999999999999851e-03
8.000000000000000000e+00 1.400000000000000000e+01 9.000000000000000000e+00 0.000000000000000000e+00 1.600000000000000089e+00 -2.916000000000000189e-03 -5.643999999999999712e-03 -9.999799999999999800e-01 -5.607779999999999987e-01 -8.279419999999999558e-01 6.308000000000000239e-03 -8.279609999999999470e-01 5.607849999999999779e-01 -7.510000000000000399e-04
1.400000000000000000e+01 1.400000000000000000e+01 9.000000000000000000e+00 0.000000000000000000e+00 1.600000000000000089e+00 -5.107000000000000428e-03 -1.135199999999999924e-02 -9.999230000000000063e-01 -5.616090000000000249e-01 -8.273120000000000474e-01 1.226099999999999933e-02 -8.273869999999999836e-01 5.616280000000000161e-01 -2.150000000000000001e-03
2.900000000000000000e+01 2.400000000000000000e+01 9.000000000000000000e+00 0.000000000000000000e+00 1.600000000000000089e+00 6.624999999999999813e-03 2.171500000000000166e-02 -9.997420000000000195e-01 4.677270000000000039e-01 8.835920000000000440e-01 2.229099999999999832e-02 8.838479999999999670e-01 -4.677549999999999764e-01 -4.303000000000000401e-03
1.800000000000000000e+01 3.100000000000000000e+01 1.200000000000000000e+01 0.000000000000000000e+00 1.600000000000000089e+00 1.641000000000000097e-03 2.004999999999999838e-03 9.999970000000000248e-01 -1.483300000000000070e-02 9.998879999999999990e-01 -1.981000000000000122e-03 -9.998890000000000278e-01 -1.482999999999999943e-02 1.670000000000000043e-03
2.400000000000000000e+01 3.100000000000000000e+01 1.200000000000000000e+01 0.000000000000000000e+00 1.600000000000000089e+00 1.049000000000000019e-03 1.333999999999999899e-03 9.999989999999999712e-01 -1.350699999999999991e-02 9.999080000000000190e-01 -1.319000000000000077e-03 -9.999080000000000190e-01 -1.350600000000000064e-02 1.067000000000000023e-03
3.000000000000000000e+00 3.200000000000000000e+01 1.400000000000000000e+01 0.000000000000000000e+00 1.600000000000000089e+00 1.270999999999999994e-03 -3.497999999999999807e-03 -9.999930000000000208e-01 1.072779999999999984e-01 9.942229999999999679e-01 -3.341999999999999919e-03 9.942280000000000006e-01 -1.072729999999999934e-01 1.639000000000000049e-03
1.000000000000000000e+01 1.200000000000000000e+01 1.500000000000000000e+01 0.000000000000000000e+00 1.600000000000000089e+00 -8.419999999999999750e-04 -5.118000000000000153e-03 -9.999869999999999592e-01 -4.653510000000000146e-01 -8.851130000000000386e-01 4.922000000000000160e-03 -8.851259999999999684e-01 4.653490000000000126e-01 -1.637000000000000000e-03
1.600000000000000000e+01 1.200000000000000000e+01 1.500000000000000000e+01 0.000000000000000000e+00 1.600000000000000089e+00 -4.044999999999999984e-03 -6.620000000000000016e-03 -9.999700000000000255e-01 -4.690309999999999757e-01 -8.831480000000000441e-01 7.742999999999999883e-03 -8.831719999999999571e-01 4.690480000000000205e-01 4.670000000000000214e-04
2.600000000000000000e+01 1.200000000000000000e+01 1.500000000000000000e+01 0.000000000000000000e+00 1.600000000000000089e+00 -4.344999999999999904e-03 -5.977999999999999807e-03 -9.999730000000000008e-01 -4.731929999999999747e-01 -8.809280000000000443e-01 7.322000000000000383e-03 -8.809479999999999533e-01 4.732120000000000215e-01 9.990000000000001049e-04
3.000000000000000000e+00 2.000000000000000000e+00 1.900000000000000000e+01 0.000000000000000000e+00 1.600000000000000089e+00 1.520000000000000084e-04 -8.496999999999999345e-03 -9.999639999999999640e-01 1.301630000000000009e-01 -9.914570000000000327e-01 8.444000000000000117e-03 -9.914929999999999577e-01 -1.301589999999999969e-01 9.550000000000000112e-04
8.000000000000000000e+00 2.000000000000000000e+00 1.900000000000000000e+01 0.000000000000000000e+00 1.600000000000000089e+00 -1.029999999999999964e-04 -1.317000000000000028e-03 -9.999989999999999712e-01 1.375329999999999886e-01 -9.904960000000000431e-01 1.291000000000000047e-03 -9.904969999999999608e-01 -1.375329999999999886e-01 2.829999999999999942e-04
1.000000000000000000e+01 2.000000000000000000e+00 1.900000000000000000e+01 0.000000000000000000e+00 1.600000000000000089e+00 -6.059999999999999849e-04 -1.765000000000000076e-03 -9.999980000000000535e-01 1.415379999999999971e-01 -9.899310000000000054e-01 1.660999999999999933e-03 -9.899329999999999519e-01 -1.415369999999999961e-01 8.499999999999999526e-04
1.300000000000000000e+01 2.000000000000000000e+00 1.900000000000000000e+01 0.000000000000000000e+00 1.600000000000000089e+00 -1.413999999999999892e-03 -1.183999999999999940e-03 -9.999980000000000535e-01 1.458359999999999934e-01 -9.893079999999999652e-01 9.650000000000000374e-04 -9.893079999999999652e-01 -1.458339999999999914e-01 1.572000000000000047e-03
2.300000000000000000e+01 2.000000000000000000e+00 1.900000000000000000e+01 0.000000000000000000e+00 1.600000000000000089e+00 2.292000000000000200e-03 -3.599999999999999901e-03 -9.999909999999999632e-01 1.546269999999999867e-01 -9.879649999999999821e-01 3.911000000000000414e-03 -9.879700000000000149e-01 -1.546339999999999937e-01 -1.708000000000000100e-03
2.700000000000000000e+01 2.000000000000000000e+00 1.900000000000000000e+01 0.000000000000000000e+00 1.600000000000000089e+00 3.079000000000000140e-03 -1.493899999999999915e-02 -9.998839999999999950e-01 1.594939999999999969e-01 -9.870809999999999862e-01 1.523799999999999981e-02 -9.871940000000000159e-01 -1.595229999999999981e-01 -6.560000000000000076e-04
5.000000000000000000e+00 1.300000000000000000e+01 2.000000000000000000e+01 0.000000000000000000e+00 1.600000000000000089e+00 -2.037999999999999881e-03 -3.928000000000000068e-03 9.999900000000000455e-01 2.517079999999999873e-01 9.677940000000000431e-01 4.314000000000000126e-03 -9.678010000000000224e-01 2.517139999999999933e-01 -9.829999999999999329e-04
1.100000000000000000e+01 1.300000000000000000e+01 2.000000000000000000e+01 0.000000000000000000e+00 1.600000000000000089e+00 4.449999999999999746e-04 -1.337000000000000081e-03 9.999989999999999712e-01 2.518659999999999788e-01 9.677620000000000111e-01 1.182000000000000108e-03 -9.677620000000000111e-01 2.518650000000000055e-01 7.669999999999999951e-04
1.700000000000000000e+01 1.300000000000000000e+01 2.000000000000000000e+01 0.000000000000000000e+00 1.600000000000000089e+00 1.142999999999999919e-03 5.124000000000000082e-03 9.999860000000000415e-01 2.531180000000000097e-01 9.674209999999999754e-01 -5.245999999999999795e-03 -9.674350000000000449e-01 2.531209999999999849e-01 -1.910000000000000077e-04
2.300000000000000000e+01 1.300000000000000000e+01 2.000000000000000000e+01 0.000000000000000000e+00 1.600000000000000089e+00 2.699999999999999899e-05 3.611000000000000060e-03 9.999940000000000495e-01 2.521499999999999853e-01 9.676820000000000421e-01 -3.501999999999999905e-03 -9.676879999999999926e-01 2.521479999999999833e-01 -8.840000000000000201e-04
3.000000000000000000e+01 1.300000000000000000e+01 2.000000000000000000e+01 0.000000000000000000e+00 1.600000000000000089e+00 -9.650000000000000374e-04 3.703999999999999827e-03 9.999930000000000208e-01 2.543300000000000005e-01 9.671119999999999717e-01 -3.337000000000000122e-03 -9.671170000000000044e-01 2.543250000000000233e-01 -1.874999999999999931e-03
8.000000000000000000e+00 1.600000000000000000e+01 2.100000000000000000e+01 0.000000000000000000e+00 1.600000000000000089e+00 -5.320000000000000293e-04 -5.363999999999999845e-03 9.999850000000000128e-01 2.998930000000000207e-01 9.539579999999999727e-01 5.276999999999999573e-03 -9.539729999999999599e-01 2.998919999999999919e-01 1.100999999999999982e-03
2.300000000000000000e+01 1.600000000000000000e+01 2.100000000000000000e+01 0.000000000000000000e+00 1.600000000000000089e+00 -5.810000000000000277e-04 -1.113999999999999973e-03 9.999989999999999712e-01 2.979439999999999866e-01 9.545829999999999593e-01 1.235999999999999903e-03 -9.545829999999999593e-01 2.979439999999999866e-01 -2.229999999999999994e-04
1.200000000000000000e+01 4.600000000000000000e+01 2.700000000000000000e+01 0.000000000000000000e+00 1.600000000000000089e+00 1.804999999999999964e-03 4.960000000000000216e-04 -9.999980000000000535e-01 6.654679999999999485e-01 7.464250000000000052e-01 1.570999999999999914e-03 7.464239999999999764e-01 -6.654689999999999772e-01 1.016999999999999892e-03
1.900000000000000000e+01 4.600000000000000000e+01 2.700000000000000000e+01 0.000000000000000000e+00 1.600000000000000089e+00 1.226000000000000093e-03 2.150000000000000001e-03 -9.999970000000000248e-01 6.776269999999999794e-01 7.354020000000000001e-01 2.412000000000000081e-03 7.354039999999999466e-01 -6.776280000000000081e-01 -5.559999999999999621e-04
2.300000000000000000e+01 4.600000000000000000e+01 2.700000000000000000e+01 0.000000000000000000e+00 1.600000000000000089e+00 1.910999999999999938e-03 1.312999999999999931e-03 -9.999970000000000248e-01 6.852209999999999690e-01 7.283319999999999794e-01 2.265000000000000086e-03 7.283330000000000082e-01 -6.852230000000000265e-01 4.920000000000000328e-04
2.600000000000000000e+01 4.600000000000000000e+01 2.700000000000000000e+01 0.000000000000000000e+00 1.600000000000000089e+00 2.073000000000000190e-03 5.249999999999999676e-04 -9.999980000000000535e-01 6.840779999999999639e-01 7.294070000000000276e-01 1.801000000000000083e-03 7.294059999999999988e-01 -6.840800000000000214e-01 1.152000000000000029e-03
4.000000000000000000e+00 4.600000000000000000e+01 3.000000000000000000e+01 0.000000000000000000e+00 1.600000000000000089e+00 -1.150999999999999896e-03 -2.147000000000000037e-03 -9.999970000000000248e-01 3.216629999999999767e-01 9.468509999999999982e-01 -2.403000000000000188e-03 9.468529999999999447e-01 -3.216649999999999787e-01 -3.989999999999999949e-04
1.400000000000000000e+01 4.600000000000000000e+01 3.000000000000000000e+01 0.000000000000000000e+00 1.600000000000000089e+00 8.030000000000000028e-04 1.190000000000000058e-04 -1.000000000000000000e+00 3.241049999999999764e-01 9.460210000000000008e-01 3.730000000000000134e-04 9.460210000000000008e-01 -3.241049999999999764e-01 7.209999999999999612e-04
1.800000000000000000e+01 4.600000000000000000e+01 3.000000000000000000e+01 0.000000000000000000e+00 1.600000000000000089e+00 -6.030000000000000204e-04 6.589999999999999721e-04 -1.000000000000000000e+00 3.314810000000000256e-01 9.434620000000000228e-01 4.220000000000000118e-04 9.434620000000000228e-01 -3.314810000000000256e-01 -7.870000000000000476e-04
2.500000000000000000e+01 4.600000000000000000e+01 3.000000000000000000e+01 0.000000000000000000e+00 1.600000000000000089e+00 1.827999999999999981e-03 1.466000000000000072e-03 -9.999970000000000248e-01 3.365969999999999795e-01 9.416470000000000118e-01 1.994999999999999812e-03 9.416470000000000118e-01 -3.366000000000000103e-01 1.227000000000000009e-03
2.900000000000000000e+01 4.600000000000000000e+01 3.000000000000000000e+01 0.000000000000000000e+00 1.600000000000000089e+00 6.030000000000000204e-04 -2.700000000000000035e-04 -1.000000000000000000e+00 3.349590000000000067e-01 9.422329999999999872e-01 -5.199999999999999680e-05 9.422329999999999872e-01 -3.349590000000000067e-01 6.589999999999999721e-04
1.000000000000000000e+00 5.800000000000000000e+01 3.100000000000000000e+01 0.000000000000000000e+00 1.600000000000000089e+00 -2.105000000000000100e-03 -3.975000000000000235e-03 9.999900000000000455e-01 -7.716150000000000508e-01 -6.360759999999999748e-01 -4.152999999999999574e-03 6.360860000000000403e-01 -7.716159999999999686e-01 -1.729000000000000068e-03
4.000000000000000000e+00 5.800000000000000000e+01 3.100000000000000000e+01 0.000000000000000000e+00 1.600000000000000089e+00 -3.461000000000000101e-03 -4.056999999999999842e-03 9.999860000000000415e-01 -7.692290000000000516e-01 -6.389510000000000467e-01 -5.253999999999999990e-03 6.389629999999999477e-01 -7.692369999999999486e-01 -9.100000000000000016e-04
7.000000000000000000e+00 5.800000000000000000e+01 3.100000000000000000e+01 0.000000000000000000e+00 1.600000000000000089e+00 -5.483000000000000027e-03 -4.301000000000000136e-03 9.999759999999999760e-01 -7.697030000000000260e-01 -6.383640000000000425e-01 -6.965999999999999970e-03 6.383790000000000298e-01 -7.697220000000000173e-01 1.890000000000000133e-04
1.100000000000000000e+01 5.800000000000000000e+01 3.100000000000000000e+01 0.000000000000000000e+00 1.600000000000000089e+00 -4.584000000000000401e-03 -5.418000000000000073e-03 9.999749999999999472e-01 -7.713309999999999889e-01 -6.363959999999999617e-01 -6.983999999999999757e-03 6.364180000000000392e-01 -7.713440000000000296e-01 -1.262000000000000101e-03
1.400000000000000000e+01 5.800000000000000000e+01 3.100000000000000000e+01 0.000000000000000000e+00 1.600000000000000089e+00 -2.226000000000000114e-03 -5.091000000000000039e-03 9.999850000000000128e-01 -7.726950000000000207e-01 -6.347580000000000444e-01 -4.951999999999999805e-03 6.347730000000000317e-01 -7.726939999999999920e-01 -2.520999999999999804e-03
2.200000000000000000e+01 5.800000000000000000e+01 3.100000000000000000e+01 0.000000000000000000e+00 1.600000000000000089e+00 -2.462999999999999912e-03 -5.249999999999999676e-04 9.999970000000000248e-01 -7.780679999999999819e-01 -6.281750000000000389e-01 -2.246999999999999865e-03 6.281750000000000389e-01 -7.780719999999999859e-01 1.139000000000000038e-03
2.800000000000000000e+01 5.800000000000000000e+01 3.100000000000000000e+01 0.000000000000000000e+00 1.600000000000000089e+00 8.469999999999999881e-04 7.874000000000000790e-03 9.999689999999999968e-01 -7.830529999999999990e-01 -6.219299999999999828e-01 5.559999999999999838e-03 6.219540000000000068e-01 -7.830329999999999790e-01 5.638999999999999915e-03
7.000000000000000000e+00 6.000000000000000000e+00 3.200000000000000000e+01 0.000000000000000000e+00 1.600000000000000089e+00 1.557000000000000007e-03 2.067999999999999960e-03 -9.999970000000000248e-01 2.296880000000000033e-01 9.732619999999999605e-01 2.370999999999999844e-03 9.732629999999999892e-01 -2.296910000000000063e-01 1.039999999999999909e-03
1.700000000000000000e+01 6.000000000000000000e+00 3.200000000000000000e+01 0.000000000000000000e+00 1.600000000000000089e+00 -3.150000000000000131e-04 3.911999999999999679e-03 -9.999919999999999920e-01 1.996729999999999894e-01 9.798550000000000315e-01 3.771000000000000046e-03 9.798630000000000395e-01 -1.996699999999999864e-01 -1.090000000000000040e-03
4.000000000000000000e+00 4.600000000000000000e+01 3.500000000000000000e+01 0.000000000000000000e+00 1.600000000000000089e+00 -3.099999999999999999e-04 -5.420000000000000338e-03 -9.999850000000000128e-01 3.843059999999999810e-01 -9.231930000000000414e-01 4.884999999999999586e-03 -9.232059999999999711e-01 -3.842990000000000017e-01 2.369000000000000012e-03
9.000000000000000000e+00 4.600000000000000000e+01 3.500000000000000000e+01 0.000000000000000000e+00 1.600000000000000089e+00 -7.730000000000000326e-04 7.960000000000000495e-04 -9.999989999999999712e-01 3.854830000000000201e-01 -9.227140000000000342e-01 -1.033000000000000064e-03 -9.227149999999999519e-01 -3.854830000000000201e-01 4.060000000000000024e-04
1.200000000000000000e+01 4.600000000000000000e+01 3.500000000000000000e+01 0.000000000000000000e+00 1.600000000000000089e+00 6.059999999999999849e-04 -2.118000000000000091e-03 -9.999980000000000535e-01 3.869179999999999842e-01 -9.221120000000000427e-01 2.187999999999999841e-03 -9.221139999999999892e-01 -3.869179999999999842e-01 2.610000000000000015e-04
1.900000000000000000e+01 4.600000000000000000e+01 3.500000000000000000e+01 0.000000000000000000e+00 1.600000000000000089e+00 -1.810000000000000085e-04 5.141999999999999869e-03 -9.999869999999999592e-01 3.875549999999999828e-01 -9.218340000000000423e-01 -4.810000000000000039e-03 -9.218469999999999720e-01 -3.875509999999999788e-01 -1.825999999999999932e-03
2.400000000000000000e+01 4.600000000000000000e+01 3.500000000000000000e+01 0.000000000000000000e+00 1.600000000000000089e+00 -7.029999999999999574e-04 -6.310000000000000504e-04 -1.000000000000000000e+00 3.876950000000000118e-01 -9.217880000000000518e-01 3.089999999999999756e-04 -9.217880000000000518e-01 -3.876939999999999831e-01 8.919999999999999978e-04
2.900000000000000000e+01 4.600000000000000000e+01 3.500000000000000000e+01 0.000000000000000000e+00 1.600000000000000089e+00 -1.579999999999999916e-04 -1.299999999999999886e-04 -1.000000000000000000e+00 3.872920000000000251e-01 -9.219570000000000265e-01 5.899999999999999754e-05 -9.219570000000000265e-01 -3.872920000000000251e-01 1.959999999999999937e-04
1.000000000000000000e+00 9.500000000000000000e+01 3.600000000000000000e+01 0.000000000000000000e+00 1.600000000000000089e+00 -8.118000000000000216e-03 -1.555100000000000059e-02 9.998460000000000125e-01 9.964319999999999844e-01 8.387200000000000211e-02 9.395000000000000573e-03 -8.400499999999999634e-02 9.963549999999999907e-01 1.481400000000000078e-02
6.000000000000000000e+00 9.500000000000000000e+01 3.600000000000000000e+01 0.000000000000000000e+00 1.600000000000000089e+00 -1.013999999999999927e-03 -3.207999999999999914e-03 9.999940000000000495e-01 9.963459999999999539e-01 8.540100000000000469e-02 1.284999999999999901e-03 -8.540499999999999481e-02 9.963419999999999499e-01 3.109999999999999917e-03
9.000000000000000000e+00 9.500000000000000000e+01 3.600000000000000000e+01 0.000000000000000000e+00 1.600000000000000089e+00 -1.520000000000000084e-04 -7.837000000000000216e-03 9.999689999999999968e-01 9.961830000000000407e-01 8.728400000000000047e-02 8.360000000000000460e-04 -8.728800000000000447e-02 9.961529999999999552e-01 7.793999999999999713e-03
1.600000000000000000e+01 9.500000000000000000e+01 3.600000000000000000e+01 0.000000000000000000e+00 1.600000000000000089e+00 6.206999999999999844e-03 1.001600000000000060e-02 9.999310000000000143e-01 9.965509999999999646e-01 8.268100000000000449e-02 -7.015000000000000402e-03 -8.274600000000000011e-02 9.965260000000000229e-01 -9.468000000000000721e-03
1.900000000000000000e+01 9.500000000000000000e+01 3.600000000000000000e+01 0.000000000000000000e+00 1.600000000000000089e+00 3.556999999999999832e-03 2.776999999999999955e-03 9.999900000000000455e-01 9.961170000000000302e-01 8.795699999999999352e-02 -3.787000000000000002e-03 -8.796700000000000352e-02 9.961200000000000054e-01 -2.452999999999999885e-03
2.400000000000000000e+01 9.500000000000000000e+01 3.600000000000000000e+01 0.000000000000000000e+00 1.600000000000000089e+00 -2.524000000000000202e-03 -5.075999999999999783e-03 9.999839999999999840e-01 9.960560000000000525e-01 8.867600000000000482e-02 2.964000000000000055e-03 -8.868900000000000394e-02 9.960480000000000445e-01 4.832000000000000357e-03
3.000000000000000000e+00 3.000000000000000000e+00 4.300000000000000000e+01 0.000000000000000000e+00 1.600000000000000089e+00 1.605000000000000090e-03 -9.380000000000000317e-04 -9.999980000000000535e-01 7.355850000000000444e-01 -6.774299999999999766e-01 1.815999999999999906e-03 -6.774310000000000054e-01 -7.355859999999999621e-01 -3.970000000000000005e-04
1.100000000000000000e+01 3.000000000000000000e+00 4.300000000000000000e+01 0.000000000000000000e+00 1.600000000000000089e+00 2.149999999999999947e-04 1.146100000000000070e-02 -9.999339999999999895e-01 7.372229999999999617e-01 -6.756069999999999576e-01 -7.584999999999999729e-03 -6.756490000000000551e-01 -7.371729999999999672e-01 -8.595000000000000209e-03
1.800000000000000000e+01 3.000000000000000000e+00 4.300000000000000000e+01 0.000000000000000000e+00 1.600000000000000089e+00 3.880999999999999901e-03 1.363999999999999935e-02 -9.998989999999999823e-01 7.298350000000000115e-01 -6.835919999999999774e-01 -6.492999999999999640e-03 -6.836119999999999974e-01 -7.297360000000000513e-01 -1.260799999999999942e-02
2.100000000000000000e+01 3.000000000000000000e+00 4.300000000000000000e+01 0.000000000000000000e+00 1.600000000000000089e+00 -1.858000000000000059e-03 -7.440000000000000432e-03 -9.999710000000000543e-01 7.302939999999999987e-01 -6.831230000000000357e-01 3.726000000000000145e-03 -6.831300000000000150e-01 -7.302659999999999707e-01 6.702999999999999757e-03
1.100000000000000000e+01 8.000000000000000000e+00 4.400000000000000000e+01 0.000000000000000000e+00 1.600000000000000089e+00 8.869999999999999846e-04 4.742999999999999820e-03 9.999879999999999880e-01 -7.683999999999999719e-01 -6.399589999999999446e-01 3.716999999999999818e-03 6.399690000000000101e-01 -7.683950000000000502e-01 3.076999999999999874e-03
2.300000000000000000e+01 8.000000000000000000e+00 4.400000000000000000e+01 0.000000000000000000e+00 1.600000000000000089e+00 2.498999999999999919e-03 -2.730000000000000222e-04 9.999970000000000248e-01 -7.779730000000000256e-01 -6.282950000000000479e-01 1.773000000000000053e-03 6.282929999999999904e-01 -7.779749999999999721e-01 -1.783000000000000080e-03
3.000000000000000000e+00 2.900000000000000000e+01 4.400000000000000000e+01 0.000000000000000000e+00 1.600000000000000089e+00 -1.038000000000000077e-03 -3.989999999999999623e-03 -9.999909999999999632e-01 6.580599999999999783e-01 7.529559999999999587e-01 -3.687999999999999872e-03 7.529649999999999954e-01 -6.580580000000000318e-01 1.843999999999999936e-03
6.000000000000000000e+00 2.900000000000000000e+01 4.400000000000000000e+01 0.000000000000000000e+00 1.600000000000000089e+00 -1.396000000000000105e-03 -7.258999999999999828e-03 -9.999730000000000008e-01 6.590460000000000207e-01 7.520759999999999668e-01 -6.380000000000000254e-03 7.521020000000000483e-01 -6.590369999999999839e-01 3.733000000000000207e-03
1.000000000000000000e+01 2.900000000000000000e+01 4.400000000000000000e+01 0.000000000000000000e+00 1.600000000000000089e+00 -9.600000000000000243e-05 -4.872999999999999728e-03 -9.999879999999999880e-01 6.597239999999999771e-01 7.514990000000000281e-01 -3.725000000000000012e-03 7.515079999999999538e-01 -6.597169999999999979e-01 3.142999999999999960e-03
2.000000000000000000e+01 2.900000000000000000e+01 4.400000000000000000e+01 0.000000000000000000e+00 1.600000000000000089e+00 3.861999999999999982e-03 3.572000000000000088e-03 -9.999860000000000415e-01 6.714409999999999545e-01 7.410390000000000033e-01 5.239999999999999866e-03 7.410480000000000400e-01 -6.714520000000000488e-01 4.629999999999999784e-04
2.600000000000000000e+01 2.900000000000000000e+01 4.400000000000000000e+01 0.000000000000000000e+00 1.600000000000000089e+00 9.060000000000000128e-04 5.501999999999999946e-03 -9.999839999999999840e-01 6.746389999999999887e-01 7.381330000000000391e-01 4.671999999999999938e-03 7.381469999999999976e-01 -6.746330000000000382e-01 -3.043000000000000132e-03
2.300000000000000000e+01 6.500000000000000000e+01 4.600000000000000000e+01 0.000000000000000000e+00 1.600000000000000089e+00 -2.405000000000000020e-03 1.789000000000000009e-03 9.999949999999999672e-01 6.843069999999999986e-01 -7.291879999999999473e-01 2.949999999999999931e-03 7.291900000000000048e-01 6.843110000000000026e-01 5.289999999999999564e-04
6.000000000000000000e+00 7.000000000000000000e+01 4.700000000000000000e+01 0.000000000000000000e+00 1.600000000000000089e+00 -5.599999999999999916e-05 1.505000000000000044e-03 -9.999989999999999712e-01 -8.427249999999999464e-01 -5.383440000000000447e-01 -7.640000000000000306e-04 -5.383449999999999624e-01 8.427240000000000286e-01 1.299000000000000024e-03
1.400000000000000000e+01 5.000000000000000000e+00 5.100000000000000000e+01 0.000000000000000000e+00 1.600000000000000089e+00 4.049999999999999781e-04 6.956999999999999643e-03 -9.999759999999999760e-01 4.735369999999999857e-01 -8.807540000000000369e-01 -5.936000000000000304e-03 -8.807739999999999458e-01 -4.735230000000000272e-01 -3.651999999999999864e-03
2.400000000000000000e+01 5.000000000000000000e+00 5.100000000000000000e+01 0.000000000000000000e+00 1.600000000000000089e+00 -2.214999999999999955e-03 8.684000000000000746e-03 -9.999599999999999600e-01 4.772640000000000216e-01 -8.787169999999999703e-01 -8.687999999999999542e-03 -8.787570000000000103e-01 -4.772640000000000216e-01 -2.197999999999999867e-03
3.000000000000000000e+00 6.300000000000000000e+01 5.400000000000000000e+01 0.000000000000000000e+00 1.600000000000000089e+00 1.025000000000000086e-03 -1.704999999999999918e-03 9.999980000000000535e-01 -3.589559999999999973e-01 9.333519999999999595e-01 1.959999999999999937e-03 -9.333540000000000170e-01 -3.589579999999999993e-01 3.440000000000000132e-04
9.000000000000000000e+00 6.300000000000000000e+01 5.400000000000000000e+01 0.000000000000000000e+00 1.600000000000000089e+00 -1.418999999999999906e-03 -2.615000000000000137e-03 9.999959999999999960e-01 -3.521989999999999843e-01 9.359229999999999494e-01 1.946999999999999946e-03 -9.359239999999999782e-01 -3.521949999999999803e-01 -2.249000000000000131e-03
1.400000000000000000e+01 6.300000000000000000e+01 5.400000000000000000e+01 0.000000000000000000e+00 1.600000000000000089e+00 -2.829999999999999942e-04 5.500000000000000196e-05 1.000000000000000000e+00 -3.524269999999999903e-01 9.358389999999999764e-01 -1.510000000000000112e-04 -9.358389999999999764e-01 -3.524269999999999903e-01 -2.449999999999999921e-04
1.800000000000000000e+01 6.300000000000000000e+01 5.400000000000000000e+01 0.000000000000000000e+00 1.600000000000000089e+00 -7.010000000000000172e-04 1.026000000000000002e-03 9.999989999999999712e-01 -3.516589999999999994e-01 9.361270000000000424e-01 -1.206999999999999957e-03 -9.361279999999999601e-01 -3.516599999999999726e-01 -2.950000000000000148e-04
2.300000000000000000e+01 6.300000000000000000e+01 5.400000000000000000e+01 0.000000000000000000e+00 1.600000000000000089e+00 2.460000000000000164e-04 -1.544999999999999932e-03 9.999989999999999712e-01 -3.490800000000000014e-01 9.370920000000000361e-01 1.533999999999999990e-03 -9.370929999999999538e-01 -3.490800000000000014e-01 -3.089999999999999756e-04
2.900000000000000000e+01 6.300000000000000000e+01 5.400000000000000000e+01 0.000000000000000000e+00 1.600000000000000089e+00 3.870000000000000176e-03 -3.750000000000000078e-04 9.999919999999999920e-01 -3.448579999999999979e-01 9.386529999999999596e-01 1.686999999999999915e-03 -9.386470000000000091e-01 -3.448620000000000019e-01 3.503000000000000037e-03
5.000000000000000000e+00 2.500000000000000000e+01 5.500000000000000000e+01 0.000000000000000000e+00 1.600000000000000089e+00 2.000000000000000164e-05 2.785999999999999848e-03 -9.999959999999999960e-01 -9.253000000000000808e-03 -9.999529999999999808e-01 -2.785999999999999848e-03 -9.999569999999999848e-01 9.253000000000000808e-03 6.000000000000000152e-06
1.200000000000000000e+01 2.500000000000000000e+01 5.500000000000000000e+01 0.000000000000000000e+00 1.600000000000000089e+00 -3.519999999999999908e-04 -4.000000000000000083e-03 -9.999919999999999920e-01 -1.111099999999999935e-02 -9.999299999999999855e-01 4.003999999999999747e-03 -9.999379999999999935e-01 1.111200000000000035e-02 3.080000000000000055e-04
1.600000000000000000e+01 2.500000000000000000e+01 5.500000000000000000e+01 0.000000000000000000e+00 1.600000000000000089e+00 -4.000000000000000192e-04 3.784000000000000037e-03 -9.999930000000000208e-01 -1.198100000000000033e-02 -9.999209999999999487e-01 -3.778999999999999807e-03 -9.999280000000000390e-01 1.197900000000000006e-02 4.449999999999999746e-04
1.900000000000000000e+01 2.500000000000000000e+01 5.500000000000000000e+01 0.000000000000000000e+00 1.600000000000000089e+00 -3.759999999999999779e-04 3.246999999999999886e-03 -9.999949999999999672e-01 -1.213499999999999995e-02 -9.999209999999999487e-01 -3.242000000000000090e-03 -9.999259999999999815e-01 1.213400000000000069e-02 4.150000000000000043e-04
2.500000000000000000e+01 2.500000000000000000e+01 5.500000000000000000e+01 0.000000000000000000e+00 1.600000000000000089e+00 1.428000000000000016e-03 3.199999999999999855e-05 -9.999989999999999712e-01 -1.068099999999999952e-02 -9.999430000000000263e-01 -4.699999999999999724e-05 -9.999419999999999975e-01 1.068099999999999952e-02 -1.427000000000000100e-03
2.600000000000000000e+01 5.800000000000000000e+01 5.900000000000000000e+01 0.000000000000000000e+00 1.600000000000000089e+00 4.240000000000000062e-04 4.760000000000000234e-04 -1.000000000000000000e+00 3.876040000000000041e-01 9.218260000000000343e-01 6.030000000000000204e-04 9.218260000000000343e-01 -3.876049999999999773e-01 2.069999999999999900e-04
3.000000000000000000e+00 7.000000000000000000e+00 6.000000000000000000e+01 0.000000000000000000e+00 1.600000000000000089e+00 5.571000000000000431e-03 5.032000000000000015e-03 9.999719999999999720e-01 5.614400000000000501e-01 -8.275169999999999471e-01 1.036000000000000029e-03 8.274979999999999558e-01 5.614190000000000014e-01 -7.435999999999999902e-03
2.200000000000000000e+01 7.000000000000000000e+00 6.000000000000000000e+01 0.000000000000000000e+00 1.600000000000000089e+00 -3.870999999999999875e-03 3.446999999999999977e-03 9.999869999999999592e-01 5.659560000000000146e-01 -8.244200000000000417e-01 5.032000000000000015e-03 8.244259999999999922e-01 5.659680000000000266e-01 1.240000000000000000e-03
5.000000000000000000e+00 2.100000000000000000e+01 6.000000000000000000e+01 0.000000000000000000e+00 1.600000000000000089e+00 -4.409999999999999858e-04 2.222000000000000017e-03 9.999970000000000248e-01 -9.682899999999999840e-02 9.952990000000000448e-01 -2.253999999999999927e-03 -9.953009999999999913e-01 -9.682999999999999940e-02 -2.239999999999999966e-04
2.100000000000000000e+01 2.100000000000000000e+01 6.000000000000000000e+01 0.000000000000000000e+00 1.600000000000000089e+00 -1.918000000000000000e-03 -1.477700000000000020e-02 9.998890000000000278e-01 -9.442300000000000693e-02 9.954260000000000330e-01 1.452999999999999951e-02 -9.955300000000000260e-01 -9.438499999999999668e-02 -3.305000000000000212e-03
2.700000000000000000e+01 2.100000000000000000e+01 6.000000000000000000e+01 0.000000000000000000e+00 1.600000000000000089e+00 3.649999999999999816e-04 7.046000000000000180e-03 9.999749999999999472e-01 -9.463900000000000090e-02 9.954870000000000108e-01 -6.980000000000000093e-03 -9.955119999999999525e-01 -9.463399999999999590e-02 1.030000000000000100e-03
1.000000000000000000e+00 4.000000000000000000e+00 6.200000000000000000e+01 0.000000000000000000e+00 1.600000000000000089e+00 -4.317999999999999790e-03 -3.193000000000000092e-03 9.999860000000000415e-01 -6.129480000000000484e-01 7.901230000000000198e-01 -1.240000000000000054e-04 -7.901110000000000078e-01 -6.129400000000000404e-01 -5.368000000000000375e-03
1.000000000000000000e+01 4.000000000000000000e+00 6.200000000000000000e+01 0.000000000000000000e+00 1.600000000000000089e+00 -2.990000000000000036e-04 8.108000000000000623e-03 9.999670000000000503e-01 -6.168029999999999902e-01 7.870899999999999563e-01 -6.565999999999999788e-03 -7.871179999999999843e-01 -6.167850000000000277e-01 4.766000000000000271e-03
5.000000000000000000e+00 2.700000000000000000e+01 6.300000000000000000e+01 0.000000000000000000e+00 1.600000000000000089e+00 2.602000000000000146e-03 -2.266999999999999918e-03 9.999940000000000495e-01 -2.709250000000000269e-01 9.625960000000000072e-01 2.886999999999999809e-03 -9.625970000000000359e-01 -2.709309999999999774e-01 1.889999999999999970e-03
1.100000000000000000e+01 2.700000000000000000e+01 6.300000000000000000e+01 0.000000000000000000e+00 1.600000000000000089e+00 1.781000000000000031e-03 -8.063999999999999987e-03 9.999660000000000215e-01 -2.766710000000000003e-01 9.609290000000000331e-01 8.241999999999999327e-03 -9.609630000000000116e-01 -2.766759999999999775e-01 -5.199999999999999544e-04
1.600000000000000000e+01 2.700000000000000000e+01 6.300000000000000000e+01 0.000000000000000000e+00 1.600000000000000089e+00 -1.090000000000000067e-04 1.987000000000000051e-03 9.999980000000000535e-01 -2.748570000000000180e-01 9.614829999999999766e-01 -1.940000000000000101e-03 -9.614850000000000341e-01 -2.748570000000000180e-01 4.409999999999999858e-04
2.200000000000000000e+01 2.700000000000000000e+01 6.300000000000000000e+01 0.000000000000000000e+00 1.600000000000000089e+00 -1.273000000000000043e-03 -8.243999999999999592e-03 9.999649999999999928e-01 -2.717849999999999988e-01 9.623279999999999612e-01 7.588000000000000127e-03 -9.623570000000000180e-01 -2.717660000000000076e-01 -3.465000000000000198e-03
2.600000000000000000e+01 2.700000000000000000e+01 6.300000000000000000e+01 0.000000000000000000e+00 1.600000000000000089e+00 5.700000000000000314e-05 -8.744000000000000036e-03 9.999620000000000175e-01 -2.708530000000000104e-01 9.625839999999999952e-01 8.432000000000000259e-03 -9.626209999999999489e-01 -2.708430000000000004e-01 -2.314000000000000085e-03
5.000000000000000000e+00 2.600000000000000000e+01 6.400000000000000000e+01 0.000000000000000000e+00 1.600000000000000089e+00 2.334000000000000137e-03 -4.353000000000000098e-03 9.999879999999999880e-01 -3.402330000000000076e-01 9.403289999999999704e-01 4.886999999999999851e-03 -9.403380000000000072e-01 -3.402399999999999869e-01 7.140000000000000079e-04
1.000000000000000000e+01 2.600000000000000000e+01 6.400000000000000000e+01 0.000000000000000000e+00 1.600000000000000089e+00 3.550000000000000204e-03 -1.020000000000000073e-02 9.999419999999999975e-01 -3.442040000000000100e-01 9.388330000000000286e-01 1.079800000000000031e-02 -9.388879999999999448e-01 -3.442219999999999724e-01 -1.779999999999999898e-04
1.700000000000000000e+01 2.600000000000000000e+01 6.400000000000000000e+01 0.000000000000000000e+00 1.600000000000000089e+00 -1.405999999999999915e-03 1.056999999999999997e-03 9.999980000000000535e-01 -3.447680000000000189e-01 9.386870000000000491e-01 -1.477000000000000014e-03 -9.386870000000000491e-01 -3.447700000000000209e-01 -9.550000000000000112e-04
2.600000000000000000e+01 2.600000000000000000e+01 6.400000000000000000e+01 0.000000000000000000e+00 1.600000000000000089e+00 1.075999999999999917e-03 -1.289700000000000048e-02 9.999160000000000270e-01 -3.493680000000000119e-01 9.369030000000000413e-01 1.246000000000000059e-02 -9.369849999999999568e-01 -3.493530000000000246e-01 -3.497999999999999807e-03
