6.000000000000000000e+00 1.010000000000000000e+02 7.000000000000000000e+00 0.000000000000000000e+00 1.600000000000000089e+00 -1.167000000000000069e-03 -3.383999999999999855e-03 9.999940000000000495e-01 8.853999999999999648e-01 4.648229999999999862e-01 2.605999999999999810e-03 -4.648289999999999922e-01 8.853969999999999896e-01 2.454000000000000018e-03
1.600000000000000000e+01 1.010000000000000000e+02 7.000000000000000000e+00 0.000000000000000000e+00 1.600000000000000089e+00 -1.072000000000000036e-03 4.553999999999999888e-03 9.999890000000000168e-01 8.824140000000000317e-01 4.704729999999999746e-01 -1.196000000000000014e-03 -4.704729999999999746e-01 8.824030000000000484e-01 -4.523000000000000111e-03
2.200000000000000000e+01 1.010000000000000000e+02 7.000000000000000000e+00 0.000000000000000000e+00 1.600000000000000089e+00 2.226999999999999813e-03 9.799999999999999684e-05 9.999970000000000248e-01 8.817939999999999667e-01 4.716299999999999937e-01 -2.010000000000000068e-03 -4.716290000000000204e-01 8.817960000000000242e-01 9.640000000000000131e-04
2.700000000000000000e+01 1.010000000000000000e+02 7.000000000000000000e+00 0.000000000000000000e+00 1.600000000000000089e+00 1.531999999999999942e-03 -2.776700000000000002e-02 9.996129999999999738e-01 8.832200000000000051e-01 4.688140000000000085e-01 1.166900000000000055e-02 -4.689570000000000127e-01 8.828599999999999781e-01 2.524200000000000055e-02
1.400000000000000000e+01 1.500000000000000000e+01 8.000000000000000000e+00 0.000000000000000000e+00 1.600000000000000089e+00 -1.884000000000000041e-03 -1.262500000000000080e-02 -9.999179999999999735e-01 -6.279839999999999867e-01 -7.781479999999999508e-01 1.100800000000000042e-02 -7.782240000000000268e-01 6.279540000000000122e-01 -6.461999999999999862e-03
1.900000000000000000e+01 1.500000000000000000e+01 8.000000000000000000e+00 0.000000000000000000e+00 1.600000000000000089e+00 -2.590000000000000071e-04 1.009299999999999954e-02 -9.999489999999999768e-01 -6.287540000000000351e-01 -7.775659999999999794e-01 -7.686000000000000124e-03 -7.776039999999999619e-01 6.287199999999999456e-01 6.548000000000000001e-03
5.000000000000000000e+00 2.500000000000000000e+01 8.000000000000000000e+00 0.000000000000000000e+00 1.600000000000000089e+00 -1.036999999999999944e-03 -1.043000000000000090e-03 -9.999989999999999712e-01 4.455700000000000216e-01 8.952459999999999862e-01 -1.396000000000000105e-03 8.952459999999999862e-01 -4.455709999999999948e-01 -4.640000000000000027e-04
8.000000000000000000e+00 2.500000000000000000e+01 8.000000000000000000e+00 0.000000000000000000e+00 1.600000000000000089e+00 2.900000000000000017e-04 -2.776999999999999955e-03 -9.999959999999999960e-01 4.467229999999999812e-01 8.946690000000000476e-01 -2.356000000000000021e-03 8.946720000000000228e-01 -4.467200000000000060e-01 1.500000000000000031e-03
1.300000000000000000e+01 2.500000000000000000e+01 8.000000000000000000e+00 0.000000000000000000e+00 1.600000000000000089e+00 8.760000000000000425e-04 6.179999999999999513e-04 -9.999989999999999712e-01 4.452940000000000231e-01 8.953839999999999577e-01 9.439999999999999607e-04 8.953839999999999577e-01 -4.452949999999999964e-01 5.090000000000000123e-04
1.700000000000000000e+01 2.500000000000000000e+01 8.000000000000000000e+00 0.000000000000000000e+00 1.600000000000000089e+00 1.000999999999999937e-03 -5.002000000000000370e-03 -9.999869999999999592e-01 4.445290000000000075e-01 8.957549999999999679e-01 -4.035999999999999657e-03 8.957640000000000047e-01 -4.445189999999999975e-01 3.121000000000000076e-03
2.200000000000000000e+01 2.500000000000000000e+01 8.000000000000000000e+00 0.000000000000000000e+00 1.600000000000000089e+00 1.910000000000000077e-04 3.471000000000000127e-03 -9.999940000000000495e-01 4.459350000000000258e-01 8.950599999999999667e-01 3.191999999999999959e-03 8.950649999999999995e-01 -4.459330000000000238e-01 -1.376999999999999969e-03
2.900000000000000000e+01 2.500000000000000000e+01 8.000000000000000000e+00 0.000000000000000000e+00 1.600000000000000089e+00 9.439999999999999607e-04 3.536000000000000081e-03 -9.999930000000000208e-01 4.451479999999999881e-01 8.954499999999999682e-01 3.586999999999999911e-03 8.954560000000000297e-01 -4.451490000000000169e-01 -7.290000000000000473e-04
4.000000000000000000e+00 9.000000000000000000e+00 9.000000000000000000e+00 0.000000000000000000e+00 1.600000000000000089e+00 -2.120899999999999869e-02 -2.331099999999999839e-02 -9.995030000000000303e-01 -9.437179999999999458e-01 -3.295890000000000208e-01 2.771200000000000052e-02 -3.300710000000000033e-01 9.438370000000000370e-01 -1.500899999999999977e-02
5.000000000000000000e+00 2.400000000000000000e+01 9.000000000000000000e+00 0.000000000000000000e+00 1.600000000000000089e+00 -1.353000000000000036e-03 -1.304000000000000038e-03 -9.999980000000000535e-01 4.533929999999999905e-01 8.913090000000000179e-01 -1.776000000000000018e-03 8.913100000000000467e-01 -4.533940000000000192e-01 -6.139999999999999625e-04
8.000000000000000000e+00 2.400000000000000000e+01 9.000000000000000000e+00 0.000000000000000000e+00 1.600000000000000089e+00 -6.299999999999999990e-05 -2.838999999999999944e-03 -9.999959999999999960e-01 4.547019999999999951e-01 8.906399999999999872e-01 -2.556999999999999811e-03 8.906439999999999912e-01 -4.546999999999999931e-01 1.234999999999999987e-03
1.400000000000000000e+01 2.400000000000000000e+01 9.000000000000000000e+00 0.000000000000000000e+00 1.600000000000000089e+00 1.026999999999999918e-03 -1.479999999999999979e-03 -9.999980000000000535e-01 4.532459999999999822e-01 8.913849999999999829e-01 -8.540000000000000499e-04 8.913849999999999829e-01 -4.532450000000000090e-01 1.585999999999999953e-03
2.100000000000000000e+01 2.400000000000000000e+01 9.000000000000000000e+00 0.000000000000000000e+00 1.600000000000000089e+00 -2.449999999999999921e-04 4.296000000000000339e-03 -9.999909999999999632e-01 4.537220000000000142e-01 8.911360000000000392e-01 3.717999999999999951e-03 8.911430000000000184e-01 -4.537169999999999814e-01 -2.167000000000000089e-03
2.600000000000000000e+01 2.400000000000000000e+01 9.000000000000000000e+00 0.000000000000000000e+00 1.600000000000000089e+00 1.773999999999999969e-03 2.536000000000000060e-03 -9.999949999999999672e-01 4.541789999999999994e-01 8.909049999999999470e-01 3.065000000000000016e-03 8.909089999999999510e-01 -4.541819999999999746e-01 4.290000000000000193e-04
2.900000000000000000e+01 2.400000000000000000e+01 9.000000000000000000e+00 0.000000000000000000e+00 1.600000000000000089e+00 1.753999999999999917e-03 4.555000000000000021e-03 -9.999879999999999880e-01 4.527329999999999965e-01 8.916330000000000089e-01 4.856000000000000073e-03 8.916439999999999921e-01 -4.527360000000000273e-01 -4.979999999999999618e-04
2.000000000000000000e+00 3.500000000000000000e+01 1.200000000000000000e+01 0.000000000000000000e+00 1.600000000000000089e+00 1.438999999999999958e-03 -5.107999999999999693e-03 -9.999860000000000415e-01 4.655799999999999939e-01 -8.849909999999999721e-01 5.190000000000000169e-03 -8.850050000000000416e-01 -4.655810000000000226e-01 1.105000000000000079e-03
5.000000000000000000e+00 3.500000000000000000e+01 1.200000000000000000e+01 0.000000000000000000e+00 1.600000000000000089e+00 9.009999999999999997e-04 -9.870000000000000301e-04 -9.999989999999999712e-01 4.690900000000000070e-01 -8.831489999999999618e-01 1.294000000000000011e-03 -8.831499999999999906e-01 -4.690909999999999802e-01 -3.319999999999999926e-04
9.000000000000000000e+00 3.500000000000000000e+01 1.200000000000000000e+01 0.000000000000000000e+00 1.600000000000000089e+00 -2.445999999999999824e-03 1.734000000000000081e-03 -9.999959999999999960e-01 4.710340000000000082e-01 -8.821109999999999784e-01 -2.681999999999999922e-03 -8.821120000000000072e-01 -4.710389999999999855e-01 1.340999999999999961e-03
1.800000000000000000e+01 3.500000000000000000e+01 1.200000000000000000e+01 0.000000000000000000e+00 1.600000000000000089e+00 -4.910000000000000085e-04 6.769999999999999759e-04 -1.000000000000000000e+00 4.705739999999999923e-01 -8.823600000000000332e-01 -8.279999999999999600e-04 -8.823600000000000332e-01 -4.705750000000000210e-01 1.150000000000000035e-04
2.300000000000000000e+01 3.500000000000000000e+01 1.200000000000000000e+01 0.000000000000000000e+00 1.600000000000000089e+00 4.001000000000000216e-03 -5.498000000000000283e-03 -9.999770000000000048e-01 4.791900000000000048e-01 -8.776850000000000485e-01 6.742999999999999862e-03 -8.777019999999999822e-01 -4.792060000000000208e-01 -8.769999999999999584e-04
2.700000000000000000e+01 3.500000000000000000e+01 1.200000000000000000e+01 0.000000000000000000e+00 1.600000000000000089e+00 1.209999999999999921e-03 -4.654000000000000151e-03 -9.999879999999999880e-01 4.766449999999999854e-01 -8.790829999999999478e-01 4.668000000000000274e-03 -8.790949999999999598e-01 -4.766449999999999854e-01 1.154999999999999994e-03
3.000000000000000000e+00 3.200000000000000000e+01 1.400000000000000000e+01 0.000000000000000000e+00 1.600000000000000089e+00 -3.220000000000000206e-04 -1.699999999999999987e-05 -1.000000000000000000e+00 1.033939999999999998e-01 9.946399999999999686e-01 -5.000000000000000240e-05 9.946399999999999686e-01 -1.033939999999999998e-01 -3.179999999999999776e-04
1.000000000000000000e+01 3.200000000000000000e+01 1.400000000000000000e+01 0.000000000000000000e+00 1.600000000000000089e+00 8.880000000000000089e-04 -6.102999999999999918e-03 -9.999810000000000088e-01 1.034869999999999957e-01 9.946129999999999693e-01 -5.977999999999999807e-03 9.946300000000000141e-01 -1.034800000000000025e-01 1.515000000000000071e-03
1.700000000000000000e+01 3.200000000000000000e+01 1.400000000000000000e+01 0.000000000000000000e+00 1.600000000000000089e+00 1.180999999999999975e-03 1.284999999999999901e-03 -9.999989999999999712e-01 9.665799999999999392e-02 9.953170000000000073e-01 1.392999999999999924e-03 9.953170000000000073e-01 -9.665899999999999492e-02 1.051999999999999984e-03
8.000000000000000000e+00 1.160000000000000000e+02 1.600000000000000000e+01 0.000000000000000000e+00 1.600000000000000089e+00 -1.441999999999999922e-03 4.519999999999999821e-04 9.999989999999999712e-01 7.577899999999999636e-01 6.524980000000000224e-01 7.969999999999999654e-04 -6.524969999999999937e-01 7.577899999999999636e-01 -1.283999999999999985e-03
2.200000000000000000e+01 1.160000000000000000e+02 1.600000000000000000e+01 0.000000000000000000e+00 1.600000000000000089e+00 1.273999999999999959e-03 -1.863000000000000073e-03 9.999970000000000248e-01 7.577639999999999931e-01 6.525279999999999969e-01 2.509999999999999753e-04 -6.525269999999999682e-01 7.577620000000000466e-01 2.243000000000000202e-03
5.000000000000000000e+00 2.000000000000000000e+00 1.900000000000000000e+01 0.000000000000000000e+00 1.600000000000000089e+00 -4.479999999999999933e-04 -5.333000000000000067e-03 -9.999860000000000415e-01 3.289039999999999742e-01 -9.443510000000000515e-01 4.889000000000000117e-03 -9.443629999999999525e-01 -3.288969999999999949e-01 2.177000000000000116e-03
1.100000000000000000e+01 2.000000000000000000e+00 1.900000000000000000e+01 0.000000000000000000e+00 1.600000000000000089e+00 -6.419999999999999925e-04 6.578999999999999779e-03 -9.999780000000000335e-01 3.351790000000000047e-01 -9.421329999999999982e-01 -6.413000000000000297e-03 -9.421540000000000470e-01 -3.351759999999999740e-01 -1.600000000000000077e-03
1.600000000000000000e+01 2.000000000000000000e+00 1.900000000000000000e+01 0.000000000000000000e+00 1.600000000000000089e+00 3.240000000000000150e-04 3.840999999999999796e-03 -9.999930000000000208e-01 3.429180000000000006e-01 -9.393590000000000551e-01 -3.497000000000000108e-03 -9.393650000000000055e-01 -3.429150000000000253e-01 -1.621000000000000045e-03
2.100000000000000000e+01 2.000000000000000000e+00 1.900000000000000000e+01 0.000000000000000000e+00 1.600000000000000089e+00 7.439999999999999782e-04 -4.610999999999999648e-03 -9.999890000000000168e-01 3.440840000000000010e-01 -9.389279999999999848e-01 4.584999999999999666e-03 -9.389389999999999681e-01 -3.440830000000000277e-01 8.880000000000000089e-04
2.900000000000000000e+01 2.000000000000000000e+00 1.900000000000000000e+01 0.000000000000000000e+00 1.600000000000000089e+00 -3.272999999999999868e-03 9.686999999999999431e-03 -9.999479999999999480e-01 3.329619999999999802e-01 -9.428849999999999731e-01 -1.022400000000000045e-02 -9.429349999999999676e-01 -3.329779999999999962e-01 -1.389999999999999905e-04
4.000000000000000000e+00 1.300000000000000000e+01 2.000000000000000000e+01 0.000000000000000000e+00 1.600000000000000089e+00 -9.610000000000000486e-04 1.618999999999999996e-03 9.999980000000000535e-01 2.641859999999999764e-01 9.644709999999999672e-01 -1.307000000000000002e-03 -9.644709999999999672e-01 2.641839999999999744e-01 -1.353999999999999952e-03
7.000000000000000000e+00 1.300000000000000000e+01 2.000000000000000000e+01 0.000000000000000000e+00 1.600000000000000089e+00 -1.579000000000000108e-03 1.056999999999999997e-03 9.999980000000000535e-01 2.648780000000000023e-01 9.642819999999999725e-01 -6.009999999999999717e-04 -9.642810000000000548e-01 2.648769999999999736e-01 -1.802999999999999915e-03
1.200000000000000000e+01 1.300000000000000000e+01 2.000000000000000000e+01 0.000000000000000000e+00 1.600000000000000089e+00 1.185999999999999988e-03 -4.107999999999999673e-03 9.999909999999999632e-01 2.623989999999999934e-01 9.649529999999999497e-01 3.652999999999999997e-03 -9.649590000000000112e-01 2.623920000000000141e-01 2.222000000000000017e-03
1.500000000000000000e+01 1.300000000000000000e+01 2.000000000000000000e+01 0.000000000000000000e+00 1.600000000000000089e+00 2.047999999999999907e-03 -2.488000000000000194e-03 9.999949999999999672e-01 2.609670000000000045e-01 9.653460000000000374e-01 1.866999999999999953e-03 -9.653450000000000086e-01 2.609620000000000273e-01 2.626999999999999995e-03
2.900000000000000000e+01 1.300000000000000000e+01 2.000000000000000000e+01 0.000000000000000000e+00 1.600000000000000089e+00 -5.010000000000000347e-04 5.936000000000000304e-03 9.999820000000000375e-01 2.680549999999999877e-01 9.633880000000000221e-01 -5.584000000000000422e-03 -9.634040000000000381e-01 2.680469999999999797e-01 -2.073999999999999889e-03
3.000000000000000000e+01 3.000000000000000000e+00 2.500000000000000000e+01 0.000000000000000000e+00 1.600000000000000089e+00 -1.608999999999999970e-03 7.328000000000000312e-03 9.999719999999999720e-01 1.418999999999999949e-02 -9.998719999999999830e-01 7.349999999999999763e-03 9.998979999999999535e-01 1.420100000000000008e-02 1.505000000000000044e-03
1.800000000000000000e+01 4.600000000000000000e+01 2.700000000000000000e+01 0.000000000000000000e+00 1.600000000000000089e+00 -1.590000000000000050e-03 -1.340000000000000045e-03 -9.999980000000000535e-01 6.644269999999999898e-01 7.473509999999999875e-01 -2.057999999999999934e-03 7.473520000000000163e-01 -6.644290000000000473e-01 -2.979999999999999793e-04
1.800000000000000000e+01 4.600000000000000000e+01 3.000000000000000000e+01 0.000000000000000000e+00 1.600000000000000089e+00 -1.258999999999999920e-03 1.550000000000000000e-04 -9.999989999999999712e-01 3.282669999999999755e-01 9.445850000000000080e-01 -2.669999999999999847e-04 9.445839999999999792e-01 -3.282669999999999755e-01 -1.240000000000000000e-03
7.000000000000000000e+00 5.800000000000000000e+01 3.100000000000000000e+01 0.000000000000000000e+00 1.600000000000000089e+00 -7.399000000000000195e-03 -1.540300000000000002e-02 9.998540000000000205e-01 -7.596629999999999772e-01 -6.501289999999999569e-01 -1.563600000000000059e-02 6.502750000000000474e-01 -7.596680000000000099e-01 -6.891000000000000424e-03
1.700000000000000000e+01 5.800000000000000000e+01 3.100000000000000000e+01 0.000000000000000000e+00 1.600000000000000089e+00 3.595999999999999804e-03 4.199999999999999768e-05 9.999940000000000495e-01 -7.646249999999999991e-01 -6.444699999999999873e-01 2.776999999999999955e-03 6.444659999999999833e-01 -7.646300000000000319e-01 -2.285000000000000139e-03
2.500000000000000000e+01 5.800000000000000000e+01 3.100000000000000000e+01 0.000000000000000000e+00 1.600000000000000089e+00 -1.168999999999999900e-03 2.428000000000000037e-03 9.999959999999999960e-01 -7.659890000000000310e-01 -6.428530000000000078e-01 6.660000000000000338e-04 6.428519999999999790e-01 -7.659859999999999447e-01 2.612000000000000172e-03
2.900000000000000000e+01 5.800000000000000000e+01 3.100000000000000000e+01 0.000000000000000000e+00 1.600000000000000089e+00 -3.154999999999999818e-03 -1.036199999999999968e-02 9.999409999999999688e-01 -7.664050000000000029e-01 -6.422940000000000316e-01 -9.074000000000000468e-03 6.423499999999999766e-01 -7.663879999999999582e-01 -5.915000000000000119e-03
2.000000000000000000e+00 4.600000000000000000e+01 3.500000000000000000e+01 0.000000000000000000e+00 1.600000000000000089e+00 -6.449999999999999570e-04 8.589999999999999546e-04 -9.999989999999999712e-01 3.886260000000000270e-01 -9.213949999999999640e-01 -1.041999999999999958e-03 -9.213949999999999640e-01 -3.886260000000000270e-01 2.599999999999999772e-04
7.000000000000000000e+00 4.600000000000000000e+01 3.500000000000000000e+01 0.000000000000000000e+00 1.600000000000000089e+00 -5.379999999999999583e-04 -2.409000000000000117e-03 -9.999970000000000248e-01 3.907800000000000162e-01 -9.204820000000000224e-01 2.007000000000000103e-03 -9.204839999999999689e-01 -3.907780000000000142e-01 1.435999999999999993e-03
1.400000000000000000e+01 4.600000000000000000e+01 3.500000000000000000e+01 0.000000000000000000e+00 1.600000000000000089e+00 1.050000000000000044e-04 -3.507000000000000135e-03 -9.999940000000000495e-01 3.914409999999999834e-01 -9.201970000000000427e-01 3.269000000000000204e-03 -9.202029999999999932e-01 -3.914389999999999814e-01 1.276000000000000007e-03
1.800000000000000000e+01 4.600000000000000000e+01 3.500000000000000000e+01 0.000000000000000000e+00 1.600000000000000089e+00 6.220000000000000485e-04 4.565999999999999746e-03 -9.999890000000000168e-01 3.911390000000000144e-01 -9.203230000000000022e-01 -3.958999999999999846e-03 -9.203310000000000102e-01 -3.911319999999999797e-01 -2.358999999999999986e-03
2.700000000000000000e+01 4.600000000000000000e+01 3.500000000000000000e+01 0.000000000000000000e+00 1.600000000000000089e+00 -8.760000000000000425e-04 -2.889999999999999774e-04 -1.000000000000000000e+00 3.903079999999999883e-01 -9.206839999999999469e-01 -7.600000000000000418e-05 -9.206839999999999469e-01 -3.903079999999999883e-01 9.200000000000000278e-04
1.000000000000000000e+00 2.900000000000000000e+01 4.400000000000000000e+01 0.000000000000000000e+00 1.600000000000000089e+00 -8.729999999999999696e-04 -1.794000000000000022e-03 -9.999980000000000535e-01 6.597079999999999611e-01 7.515199999999999658e-01 -1.923999999999999929e-03 7.515220000000000233e-01 -6.597079999999999611e-01 5.270000000000000162e-04
7.000000000000000000e+00 2.900000000000000000e+01 4.400000000000000000e+01 0.000000000000000000e+00 1.600000000000000089e+00 2.004999999999999838e-03 -8.080000000000000160e-04 -9.999980000000000535e-01 6.618619999999999504e-01 7.496260000000000145e-01 7.219999999999999855e-04 7.496230000000000393e-01 -6.618610000000000326e-01 2.037999999999999881e-03
1.200000000000000000e+01 2.900000000000000000e+01 4.400000000000000000e+01 0.000000000000000000e+00 1.600000000000000089e+00 -1.753000000000000001e-03 4.530000000000000172e-03 -9.999879999999999880e-01 6.572820000000000329e-01 7.536410000000000053e-01 2.262000000000000122e-03 7.536429999999999518e-01 -6.572700000000000209e-01 -4.298999999999999870e-03
1.900000000000000000e+01 2.900000000000000000e+01 4.400000000000000000e+01 0.000000000000000000e+00 1.600000000000000089e+00 -4.199999999999999768e-05 -7.023999999999999862e-03 -9.999749999999999472e-01 6.685489999999999489e-01 7.436500000000000332e-01 -5.251999999999999724e-03 7.436679999999999957e-01 -6.685330000000000439e-01 4.663999999999999743e-03
2.600000000000000000e+01 2.900000000000000000e+01 4.400000000000000000e+01 0.000000000000000000e+00 1.600000000000000089e+00 -8.970000000000000109e-04 2.850000000000000103e-03 -9.999959999999999960e-01 6.633909999999999529e-01 7.482710000000000194e-01 1.538000000000000088e-03 7.482720000000000482e-01 -6.633869999999999489e-01 -2.562000000000000041e-03
2.300000000000000000e+01 7.000000000000000000e+01 4.700000000000000000e+01 0.000000000000000000e+00 1.600000000000000089e+00 4.824000000000000163e-03 3.119999999999999944e-04 -9.999879999999999880e-01 -8.464589999999999614e-01 -5.324370000000000491e-01 -4.250000000000000305e-03 -5.324320000000000164e-01 8.464699999999999447e-01 -2.304000000000000058e-03
1.100000000000000000e+01 5.000000000000000000e+00 5.100000000000000000e+01 0.000000000000000000e+00 1.600000000000000089e+00 -3.327000000000000096e-03 -3.033000000000000106e-03 -9.999900000000000455e-01 4.926740000000000008e-01 -8.702140000000000430e-01 1.000000000000000021e-03 -8.702079999999999815e-01 -4.926650000000000196e-01 4.388999999999999672e-03
1.800000000000000000e+01 5.000000000000000000e+00 5.100000000000000000e+01 0.000000000000000000e+00 1.600000000000000089e+00 4.390999999999999938e-03 -6.276000000000000328e-03 -9.999710000000000543e-01 4.875320000000000209e-01 -8.730719999999999592e-01 7.621000000000000170e-03 -8.730940000000000367e-01 -4.875510000000000121e-01 -7.739999999999999485e-04
2.500000000000000000e+01 5.000000000000000000e+00 5.100000000000000000e+01 0.000000000000000000e+00 1.600000000000000089e+00 2.236000000000000140e-03 6.256000000000000276e-03 -9.999780000000000335e-01 4.799220000000000153e-01 -8.772999999999999687e-01 -4.415999999999999787e-03 -8.773079999999999767e-01 -4.799019999999999953e-01 -4.963999999999999663e-03
6.000000000000000000e+00 1.150000000000000000e+02 5.100000000000000000e+01 0.000000000000000000e+00 1.600000000000000089e+00 -1.642000000000000013e-03 -3.389999999999999784e-03 9.999930000000000208e-01 8.461790000000000145e-01 -5.328990000000000116e-01 -4.169999999999999987e-04 5.328960000000000363e-01 8.461720000000000352e-01 3.742999999999999799e-03
1.600000000000000000e+01 7.000000000000000000e+00 5.200000000000000000e+01 0.000000000000000000e+00 1.600000000000000089e+00 -1.812000000000000026e-03 -3.686000000000000040e-03 -9.999919999999999920e-01 1.088279999999999942e-01 -9.940550000000000219e-01 3.467000000000000030e-03 -9.940590000000000259e-01 -1.088210000000000011e-01 2.201999999999999964e-03
5.000000000000000000e+00 6.300000000000000000e+01 5.400000000000000000e+01 0.000000000000000000e+00 1.600000000000000089e+00 3.600000000000000227e-04 7.320000000000000118e-04 1.000000000000000000e+00 -3.430679999999999841e-01 9.393110000000000070e-01 -5.640000000000000482e-04 -9.393110000000000070e-01 -3.430670000000000108e-01 5.890000000000000053e-04
1.100000000000000000e+01 6.300000000000000000e+01 5.400000000000000000e+01 0.000000000000000000e+00 1.600000000000000089e+00 -2.919999999999999961e-04 1.520000000000000084e-04 1.000000000000000000e+00 -3.407800000000000273e-01 9.401429999999999509e-01 -2.420000000000000005e-04 -9.401429999999999509e-01 -3.407810000000000006e-01 -2.229999999999999994e-04
1.800000000000000000e+01 6.300000000000000000e+01 5.400000000000000000e+01 0.000000000000000000e+00 1.600000000000000089e+00 6.610000000000000207e-04 1.572000000000000047e-03 9.999989999999999712e-01 -3.452970000000000206e-01 9.384930000000000216e-01 -1.247000000000000062e-03 -9.384930000000000216e-01 -3.452959999999999918e-01 1.162999999999999971e-03
2.300000000000000000e+01 6.300000000000000000e+01 5.400000000000000000e+01 0.000000000000000000e+00 1.600000000000000089e+00 -1.745999999999999939e-03 3.339999999999999870e-04 9.999980000000000535e-01 -3.405869999999999731e-01 9.402120000000000477e-01 -9.089999999999999773e-04 -9.402110000000000190e-01 -3.405880000000000019e-01 -1.528000000000000061e-03
2.800000000000000000e+01 6.300000000000000000e+01 5.400000000000000000e+01 0.000000000000000000e+00 1.600000000000000089e+00 2.599999999999999840e-05 2.361999999999999950e-03 9.999970000000000248e-01 -3.461230000000000140e-01 9.381869999999999932e-01 -2.207000000000000194e-03 -9.381890000000000507e-01 -3.461219999999999852e-01 8.419999999999999750e-04
1.100000000000000000e+01 2.500000000000000000e+01 5.500000000000000000e+01 0.000000000000000000e+00 1.600000000000000089e+00 1.356999999999999916e-03 -4.270000000000000358e-03 -9.999900000000000455e-01 -1.266100000000000038e-02 -9.999109999999999943e-01 4.251999999999999703e-03 -9.999190000000000023e-01 1.265600000000000058e-02 -1.410999999999999928e-03
3.000000000000000000e+00 2.100000000000000000e+01 6.000000000000000000e+01 0.000000000000000000e+00 1.600000000000000089e+00 -9.000000000000000567e-05 -8.998000000000000789e-03 9.999590000000000423e-01 -9.280900000000000261e-02 9.956439999999999735e-01 8.951000000000000623e-03 -9.956840000000000135e-01 -9.280399999999999761e-02 -9.240000000000000166e-04
1.000000000000000000e+01 2.100000000000000000e+01 6.000000000000000000e+01 0.000000000000000000e+00 1.600000000000000089e+00 -1.074000000000000085e-03 -2.169999999999999891e-04 9.999989999999999712e-01 -9.421499999999999320e-02 9.955519999999999925e-01 1.150000000000000035e-04 -9.955509999999999637e-01 -9.421499999999999320e-02 -1.090000000000000040e-03
1.900000000000000000e+01 2.100000000000000000e+01 6.000000000000000000e+01 0.000000000000000000e+00 1.600000000000000089e+00 7.640000000000000306e-04 3.468999999999999861e-03 9.999940000000000495e-01 -9.397300000000000098e-02 9.955690000000000373e-01 -3.382000000000000024e-03 -9.955739999999999590e-01 -9.396899999999999697e-02 1.087000000000000076e-03
2.700000000000000000e+01 2.100000000000000000e+01 6.000000000000000000e+01 0.000000000000000000e+00 1.600000000000000089e+00 9.100000000000000016e-04 6.210000000000000242e-04 9.999989999999999712e-01 -9.560499999999999554e-02 9.954190000000000538e-01 -5.310000000000000050e-04 -9.954190000000000538e-01 -9.560499999999999554e-02 9.650000000000000374e-04
2.200000000000000000e+01 6.000000000000000000e+00 6.100000000000000000e+01 0.000000000000000000e+00 1.600000000000000089e+00 1.283999999999999985e-03 9.240000000000000166e-04 9.999989999999999712e-01 5.657389999999999919e-01 -8.245850000000000124e-01 3.600000000000000091e-05 8.245839999999999836e-01 5.657379999999999631e-01 -1.582000000000000073e-03
1.000000000000000000e+00 2.700000000000000000e+01 6.300000000000000000e+01 0.000000000000000000e+00 1.600000000000000089e+00 1.311000000000000099e-03 6.945999999999999917e-03 9.999749999999999472e-01 -2.758869999999999933e-01 9.611690000000000511e-01 -6.315000000000000301e-03 -9.611889999999999601e-01 -2.758720000000000061e-01 3.176000000000000004e-03
8.000000000000000000e+00 2.700000000000000000e+01 6.300000000000000000e+01 0.000000000000000000e+00 1.600000000000000089e+00 -9.640000000000000131e-04 1.753999999999999917e-03 9.999980000000000535e-01 -2.729570000000000052e-01 9.620239999999999903e-01 -1.951000000000000043e-03 -9.620260000000000478e-01 -2.729579999999999784e-01 -4.490000000000000176e-04
1.300000000000000000e+01 2.700000000000000000e+01 6.300000000000000000e+01 0.000000000000000000e+00 1.600000000000000089e+00 8.329999999999999731e-04 -3.569000000000000124e-03 9.999930000000000208e-01 -2.720049999999999968e-01 9.622889999999999500e-01 3.661000000000000192e-03 -9.622960000000000402e-01 -2.720060000000000255e-01 -1.689999999999999879e-04
1.900000000000000000e+01 2.700000000000000000e+01 6.300000000000000000e+01 0.000000000000000000e+00 1.600000000000000089e+00 1.913999999999999903e-03 5.055999999999999731e-03 9.999850000000000128e-01 -2.714670000000000138e-01 9.624380000000000157e-01 -4.346000000000000037e-03 -9.624460000000000237e-01 -2.714550000000000018e-01 3.213999999999999843e-03
2.700000000000000000e+01 2.700000000000000000e+01 6.300000000000000000e+01 0.000000000000000000e+00 1.600000000000000089e+00 1.234999999999999987e-03 -5.505000000000000344e-03 9.999839999999999840e-01 -2.708630000000000204e-01 9.626010000000000399e-01 5.632999999999999986e-03 -9.626169999999999449e-01 -2.708659999999999957e-01 -3.029999999999999924e-04
2.000000000000000000e+00 2.600000000000000000e+01 6.400000000000000000e+01 0.000000000000000000e+00 1.600000000000000089e+00 7.039999999999999817e-04 6.800999999999999754e-03 9.999770000000000048e-01 -3.656579999999999830e-01 9.307290000000000285e-01 -6.072000000000000140e-03 -9.307490000000000485e-01 -3.656449999999999978e-01 3.141999999999999828e-03
1.300000000000000000e+01 2.600000000000000000e+01 6.400000000000000000e+01 0.000000000000000000e+00 1.600000000000000089e+00 1.010000000000000047e-03 -4.101999999999999744e-03 9.999909999999999632e-01 -3.611759999999999970e-01 9.324879999999999836e-01 4.190000000000000148e-03 -9.324970000000000203e-01 -3.611770000000000258e-01 -5.389999999999999826e-04
1.600000000000000000e+01 2.600000000000000000e+01 6.400000000000000000e+01 0.000000000000000000e+00 1.600000000000000089e+00 3.100000000000000135e-05 6.310000000000000504e-04 1.000000000000000000e+00 -3.618709999999999982e-01 9.322279999999999456e-01 -5.770000000000000389e-04 -9.322279999999999456e-01 -3.618709999999999982e-01 2.570000000000000127e-04
1.900000000000000000e+01 2.600000000000000000e+01 6.400000000000000000e+01 0.000000000000000000e+00 1.600000000000000089e+00 1.729999999999999984e-03 5.095999999999999835e-03 9.999860000000000415e-01 -3.605479999999999796e-01 9.327320000000000055e-01 -4.128999999999999858e-03 -9.327389999999999848e-01 -3.605349999999999944e-01 3.449999999999999942e-03
2.800000000000000000e+01 2.600000000000000000e+01 6.400000000000000000e+01 0.000000000000000000e+00 1.600000000000000089e+00 2.093999999999999941e-03 -5.374000000000000304e-03 9.999829999999999552e-01 -3.617839999999999945e-01 9.322439999999999616e-01 5.767000000000000424e-03 -9.322599999999999776e-01 -3.617900000000000005e-01 7.999999999999999638e-06
2.800000000000000000e+01 6.900000000000000000e+01 6.600000000000000000e+01 0.000000000000000000e+00 1.600000000000000089e+00 5.212999999999999752e-03 -1.951999999999999959e-03 9.999850000000000128e-01 -9.502150000000000318e-01 3.115459999999999896e-01 5.560999999999999971e-03 -3.115530000000000244e-01 -9.502289999999999903e-01 -2.310000000000000042e-04
2.000000000000000000e+00 2.500000000000000000e+01 7.300000000000000000e+01 0.000000000000000000e+00 1.600000000000000089e+00 -2.452999999999999885e-03 -6.879999999999999831e-03 9.999730000000000008e-01 7.521259999999999613e-01 -6.590129999999999599e-01 -2.688999999999999984e-03 6.590139999999999887e-01 7.520999999999999908e-01 6.791000000000000161e-03
5.000000000000000000e+00 2.500000000000000000e+01 7.300000000000000000e+01 0.000000000000000000e+00 1.600000000000000089e+00 -3.396999999999999846e-03 -7.967999999999999389e-03 9.999620000000000175e-01 7.527530000000000054e-01 -6.582980000000000498e-01 -2.687999999999999851e-03 6.582949999999999635e-01 7.527150000000000230e-01 8.234000000000000000e-03
1.000000000000000000e+01 2.500000000000000000e+01 7.300000000000000000e+01 0.000000000000000000e+00 1.600000000000000089e+00 -1.642999999999999929e-03 -2.438000000000000063e-03 9.999959999999999960e-01 7.542649999999999633e-01 -6.565699999999999870e-01 -3.620000000000000171e-04 6.565680000000000405e-01 7.542609999999999593e-01 2.918000000000000021e-03
1.600000000000000000e+01 2.500000000000000000e+01 7.300000000000000000e+01 0.000000000000000000e+00 1.600000000000000089e+00 -9.499999999999999981e-04 2.305000000000000191e-03 9.999970000000000248e-01 7.511980000000000324e-01 -6.600740000000000496e-01 2.235000000000000007e-03 6.600770000000000248e-01 7.511970000000000036e-01 -1.103999999999999947e-03
2.200000000000000000e+01 2.500000000000000000e+01 7.300000000000000000e+01 0.000000000000000000e+00 1.600000000000000089e+00 1.050000000000000044e-04 -6.800000000000000488e-04 1.000000000000000000e+00 7.556410000000000071e-01 -6.549859999999999571e-01 -5.249999999999999676e-04 6.549859999999999571e-01 7.556410000000000071e-01 4.449999999999999746e-04
2.600000000000000000e+01 2.500000000000000000e+01 7.300000000000000000e+01 0.000000000000000000e+00 1.600000000000000089e+00 -1.237000000000000035e-03 -6.909999999999999910e-04 9.999989999999999712e-01 7.545570000000000332e-01 -6.562339999999999840e-01 4.800000000000000122e-04 6.562329999999999552e-01 7.545570000000000332e-01 1.333999999999999899e-03
3.000000000000000000e+00 4.400000000000000000e+01 7.300000000000000000e+01 0.000000000000000000e+00 1.600000000000000089e+00 -1.443999999999999971e-03 -3.389000000000000085e-03 9.999930000000000208e-01 5.232900000000000051e-02 -9.986239999999999561e-01 -3.308000000000000176e-03 9.986289999999999889e-01 5.232400000000000245e-02 1.619999999999999912e-03
1.100000000000000000e+01 4.400000000000000000e+01 7.300000000000000000e+01 0.000000000000000000e+00 1.600000000000000089e+00 -1.030000000000000100e-03 -1.302999999999999905e-03 9.999989999999999712e-01 5.339800000000000102e-02 -9.985730000000000439e-01 -1.245999999999999929e-03 9.985730000000000439e-01 5.339700000000000002e-02 1.098000000000000018e-03
2.300000000000000000e+01 4.400000000000000000e+01 7.300000000000000000e+01 0.000000000000000000e+00 1.600000000000000089e+00 1.381999999999999982e-03 1.021999999999999905e-03 9.999980000000000535e-01 5.308700000000000224e-02 -9.985889999999999489e-01 9.479999999999999495e-04 9.985889999999999489e-01 5.308600000000000124e-02 -1.433999999999999945e-03
3.000000000000000000e+01 4.400000000000000000e+01 7.300000000000000000e+01 0.000000000000000000e+00 1.600000000000000089e+00 1.606000000000000006e-03 6.650000000000000095e-04 9.999989999999999712e-01 5.242600000000000038e-02 -9.986249999999999849e-01 5.800000000000000034e-04 9.986230000000000384e-01 5.242499999999999938e-02 -1.639000000000000049e-03
5.000000000000000000e+00 9.100000000000000000e+01 7.600000000000000000e+01 0.000000000000000000e+00 1.600000000000000089e+00 -3.460000000000000076e-04 -2.030999999999999819e-03 9.999980000000000535e-01 3.284150000000000125e-01 -9.445320000000000382e-01 -1.804000000000000048e-03 9.445329999999999560e-01 3.284139999999999837e-01 9.940000000000000918e-04
9.000000000000000000e+00 9.100000000000000000e+01 7.600000000000000000e+01 0.000000000000000000e+00 1.600000000000000089e+00 -2.079999999999999872e-04 -7.730000000000000326e-04 1.000000000000000000e+00 3.191039999999999988e-01 -9.477200000000000069e-01 -6.669999999999999497e-04 9.477200000000000069e-01 3.191039999999999988e-01 4.440000000000000045e-04
1.200000000000000000e+01 9.100000000000000000e+01 7.600000000000000000e+01 0.000000000000000000e+00 1.600000000000000089e+00 3.669999999999999760e-04 6.179999999999999513e-04 1.000000000000000000e+00 3.151129999999999765e-01 -9.490539999999999532e-01 4.710000000000000102e-04 9.490539999999999532e-01 3.151129999999999765e-01 -5.429999999999999714e-04
1.600000000000000000e+01 9.100000000000000000e+01 7.600000000000000000e+01 0.000000000000000000e+00 1.600000000000000089e+00 9.590000000000000000e-04 4.699999999999999724e-05 1.000000000000000000e+00 3.134640000000000204e-01 -9.495999999999999996e-01 -2.559999999999999884e-04 9.495999999999999996e-01 3.134640000000000204e-01 -9.250000000000000409e-04
2.100000000000000000e+01 9.100000000000000000e+01 7.600000000000000000e+01 0.000000000000000000e+00 1.600000000000000089e+00 -1.760999999999999979e-03 -1.404999999999999999e-03 9.999970000000000248e-01 3.088299999999999934e-01 -9.511169999999999902e-01 -7.919999999999999523e-04 9.511159999999999615e-01 3.088279999999999914e-01 2.109000000000000197e-03
2.800000000000000000e+01 9.100000000000000000e+01 7.600000000000000000e+01 0.000000000000000000e+00 1.600000000000000089e+00 7.460000000000000268e-04 2.359999999999999902e-04 1.000000000000000000e+00 3.006440000000000223e-01 -9.537360000000000282e-01 0.000000000000000000e+00 9.537360000000000282e-01 3.006440000000000223e-01 -7.820000000000000345e-04
2.600000000000000000e+01 6.300000000000000000e+01 8.100000000000000000e+01 0.000000000000000000e+00 1.600000000000000089e+00 1.489999999999999897e-04 1.528999999999999977e-03 9.999989999999999712e-01 1.861700000000000160e-02 -9.998259999999999925e-01 1.526000000000000013e-03 9.998270000000000213e-01 1.861600000000000060e-02 -1.779999999999999898e-04
4.000000000000000000e+00 4.400000000000000000e+01 8.300000000000000000e+01 0.000000000000000000e+00 1.600000000000000089e+00 7.730000000000000326e-04 -3.932999999999999864e-03 9.999919999999999920e-01 5.741650000000000365e-01 -8.187320000000000153e-01 -3.664000000000000156e-03 8.187400000000000233e-01 5.741629999999999789e-01 1.624999999999999925e-03
7.000000000000000000e+00 4.400000000000000000e+01 8.300000000000000000e+01 0.000000000000000000e+00 1.600000000000000089e+00 9.690000000000000262e-04 -6.127999999999999767e-03 9.999810000000000088e-01 5.772950000000000026e-01 -8.165170000000000483e-01 -5.563000000000000236e-03 8.165350000000000108e-01 5.772899999999999698e-01 2.746000000000000177e-03
1.700000000000000000e+01 4.400000000000000000e+01 8.300000000000000000e+01 0.000000000000000000e+00 1.600000000000000089e+00 9.870000000000000301e-04 -1.642000000000000013e-03 9.999980000000000535e-01 5.847700000000000120e-01 -8.111969999999999459e-01 -1.909000000000000107e-03 8.111979999999999746e-01 5.847710000000000408e-01 1.600000000000000131e-04
2.600000000000000000e+01 4.400000000000000000e+01 8.300000000000000000e+01 0.000000000000000000e+00 1.600000000000000089e+00 -1.849999999999999973e-04 1.978999999999999856e-03 9.999980000000000535e-01 5.864559999999999773e-01 -8.099800000000000333e-01 1.711000000000000064e-03 8.099809999999999510e-01 5.864549999999999486e-01 -1.010999999999999963e-03
2.000000000000000000e+00 4.800000000000000000e+01 8.400000000000000000e+01 0.000000000000000000e+00 1.600000000000000089e+00 -3.360000000000000139e-03 -3.700000000000000164e-03 -9.999879999999999880e-01 -9.476660000000000084e-01 -3.192340000000000177e-01 4.366000000000000089e-03 -3.192459999999999742e-01 9.476689999999999836e-01 -2.433999999999999966e-03
6.000000000000000000e+00 4.800000000000000000e+01 8.400000000000000000e+01 0.000000000000000000e+00 1.600000000000000089e+00 -6.197000000000000251e-03 -3.090999999999999998e-03 -9.999759999999999760e-01 -9.477370000000000516e-01 -3.189799999999999858e-01 6.859999999999999779e-03 -3.189930000000000265e-01 9.477560000000000429e-01 -9.529999999999999626e-04
1.000000000000000000e+01 4.800000000000000000e+01 8.400000000000000000e+01 0.000000000000000000e+00 1.600000000000000089e+00 -5.682000000000000418e-03 -4.531000000000000305e-03 -9.999740000000000295e-01 -9.474679999999999769e-01 -3.197769999999999779e-01 6.832999999999999664e-03 -3.197999999999999732e-01 9.474820000000000464e-01 -2.475999999999999902e-03
1.300000000000000000e+01 4.800000000000000000e+01 8.400000000000000000e+01 0.000000000000000000e+00 1.600000000000000089e+00 -3.062000000000000052e-03 -2.942000000000000171e-03 -9.999909999999999632e-01 -9.476360000000000339e-01 -3.193289999999999740e-01 3.840999999999999796e-03 -3.193380000000000107e-01 9.476390000000000091e-01 -1.809999999999999977e-03
1.800000000000000000e+01 4.800000000000000000e+01 8.400000000000000000e+01 0.000000000000000000e+00 1.600000000000000089e+00 -2.383999999999999835e-03 6.499999999999999431e-05 -9.999970000000000248e-01 -9.469619999999999704e-01 -3.213380000000000125e-01 2.236999999999999839e-03 -3.213369999999999838e-01 9.469649999999999457e-01 8.270000000000000441e-04
2.300000000000000000e+01 4.800000000000000000e+01 8.400000000000000000e+01 0.000000000000000000e+00 1.600000000000000089e+00 7.339999999999999520e-04 -6.199999999999999999e-04 -1.000000000000000000e+00 -9.464630000000000543e-01 -3.228130000000000166e-01 -4.949999999999999973e-04 -3.228130000000000166e-01 9.464630000000000543e-01 -8.239999999999999712e-04
