9.000000000000000000e+00 2.500000000000000000e+01 1.000000000000000000e+00 0.000000000000000000e+00 1.600000000000000089e+00 3.925999999999999802e-03 -4.475999999999999944e-03 -9.999820000000000375e-01 -5.219979999999999620e-01 -8.529449999999999532e-01 1.768000000000000040e-03 -8.529379999999999740e-01 5.219819999999999460e-01 -5.684999999999999949e-03
1.700000000000000000e+01 2.500000000000000000e+01 1.000000000000000000e+00 0.000000000000000000e+00 1.600000000000000089e+00 2.795000000000000175e-03 4.634000000000000098e-03 -9.999850000000000128e-01 -5.249620000000000397e-01 -8.511079999999999757e-01 -5.411000000000000011e-03 -8.511210000000000164e-01 5.249700000000000477e-01 5.300000000000000078e-05
3.000000000000000000e+00 4.200000000000000000e+01 2.000000000000000000e+00 0.000000000000000000e+00 1.600000000000000089e+00 1.076700000000000053e-02 -2.085199999999999901e-02 -9.997249999999999748e-01 9.825610000000000177e-01 -1.853799999999999892e-01 1.444900000000000004e-02 -1.856309999999999905e-01 -9.824460000000000415e-01 1.849299999999999902e-02
8.000000000000000000e+00 1.500000000000000000e+01 4.000000000000000000e+00 0.000000000000000000e+00 1.600000000000000089e+00 1.982999999999999954e-03 3.268000000000000071e-03 9.999930000000000208e-01 3.055999999999999828e-01 -9.521570000000000311e-01 2.505999999999999981e-03 9.521579999999999488e-01 3.055930000000000035e-01 -2.886999999999999809e-03
1.800000000000000000e+01 1.500000000000000000e+01 4.000000000000000000e+00 0.000000000000000000e+00 1.600000000000000089e+00 -8.123999999999999277e-03 -3.353000000000000078e-03 9.999609999999999888e-01 2.994569999999999732e-01 -9.541089999999999849e-01 -7.659999999999999708e-04 9.540750000000000064e-01 2.994390000000000107e-01 8.755000000000000629e-03
2.200000000000000000e+01 1.500000000000000000e+01 4.000000000000000000e+00 0.000000000000000000e+00 1.600000000000000089e+00 -5.115999999999999888e-03 -2.724999999999999992e-03 9.999829999999999552e-01 2.966289999999999760e-01 -9.549919999999999520e-01 -1.085000000000000027e-03 9.549790000000000223e-01 2.966190000000000215e-01 5.694000000000000276e-03
2.100000000000000000e+01 1.010000000000000000e+02 7.000000000000000000e+00 0.000000000000000000e+00 1.600000000000000089e+00 -3.620000000000000171e-04 1.500600000000000024e-02 9.998869999999999703e-01 8.844929999999999737e-01 4.665059999999999762e-01 -6.681000000000000306e-03 -4.665540000000000243e-01 8.843910000000000382e-01 -1.344200000000000082e-02
2.700000000000000000e+01 1.010000000000000000e+02 7.000000000000000000e+00 0.000000000000000000e+00 1.600000000000000089e+00 -1.673000000000000008e-03 8.751999999999999363e-03 9.999599999999999600e-01 8.833360000000000101e-01 4.687319999999999820e-01 -2.625000000000000163e-03 -4.687370000000000148e-01 8.832969999999999988e-01 -8.515999999999999265e-03
3.000000000000000000e+00 2.500000000000000000e+01 8.000000000000000000e+00 0.000000000000000000e+00 1.600000000000000089e+00 -2.190000000000000106e-04 -9.232000000000000622e-03 -9.999569999999999848e-01 4.446519999999999917e-01 8.956640000000000157e-01 -8.366000000000000172e-03 8.957030000000000269e-01 -4.446350000000000025e-01 3.908000000000000015e-03
7.000000000000000000e+00 2.500000000000000000e+01 8.000000000000000000e+00 0.000000000000000000e+00 1.600000000000000089e+00 -1.574000000000000095e-03 -5.919999999999999915e-03 -9.999810000000000088e-01 4.471169999999999867e-01 8.944550000000000001e-01 -6.000000000000000125e-03 8.944739999999999913e-01 -4.471180000000000154e-01 1.239000000000000084e-03
1.000000000000000000e+01 2.500000000000000000e+01 8.000000000000000000e+00 0.000000000000000000e+00 1.600000000000000089e+00 -3.350000000000000113e-03 -4.682999999999999663e-03 -9.999829999999999552e-01 4.487349999999999950e-01 8.936469999999999692e-01 -5.688000000000000347e-03 8.936579999999999524e-01 -4.487470000000000070e-01 -8.930000000000000221e-04
4.000000000000000000e+00 2.400000000000000000e+01 9.000000000000000000e+00 0.000000000000000000e+00 1.600000000000000089e+00 -6.949999999999999798e-04 -7.087999999999999683e-03 -9.999749999999999472e-01 4.480040000000000133e-01 8.940069999999999961e-01 -6.649000000000000396e-03 8.940310000000000201e-01 -4.479969999999999786e-01 2.553999999999999847e-03
1.100000000000000000e+01 2.400000000000000000e+01 9.000000000000000000e+00 0.000000000000000000e+00 1.600000000000000089e+00 -3.072000000000000078e-03 -1.763999999999999943e-03 -9.999940000000000495e-01 4.510199999999999765e-01 8.925089999999999968e-01 -2.959999999999999958e-03 8.925079999999999680e-01 -4.510270000000000112e-01 -1.946000000000000030e-03
1.500000000000000000e+01 2.400000000000000000e+01 9.000000000000000000e+00 0.000000000000000000e+00 1.600000000000000089e+00 -2.187000000000000142e-03 -6.697999999999999961e-03 -9.999749999999999472e-01 4.519960000000000089e-01 8.919930000000000359e-01 -6.962999999999999572e-03 8.920169999999999488e-01 -4.520000000000000129e-01 1.077000000000000049e-03
1.800000000000000000e+01 2.400000000000000000e+01 9.000000000000000000e+00 0.000000000000000000e+00 1.600000000000000089e+00 -2.628000000000000128e-03 -5.917999999999999650e-03 -9.999789999999999512e-01 4.524599999999999733e-01 8.917610000000000259e-01 -6.466999999999999658e-03 8.917810000000000459e-01 -4.524679999999999813e-01 3.339999999999999870e-04
2.400000000000000000e+01 2.400000000000000000e+01 9.000000000000000000e+00 0.000000000000000000e+00 1.600000000000000089e+00 -1.312999999999999931e-03 -1.160999999999999923e-03 -9.999989999999999712e-01 4.532619999999999982e-01 8.913759999999999462e-01 -1.631000000000000071e-03 8.913759999999999462e-01 -4.532640000000000002e-01 -6.440000000000000412e-04
2.900000000000000000e+01 2.400000000000000000e+01 9.000000000000000000e+00 0.000000000000000000e+00 1.600000000000000089e+00 -1.990000000000000015e-03 -1.744000000000000107e-03 -9.999959999999999960e-01 4.535810000000000120e-01 8.912120000000000042e-01 -2.456999999999999983e-03 8.912130000000000329e-01 -4.535839999999999872e-01 -9.820000000000000170e-04
2.500000000000000000e+01 3.100000000000000000e+01 1.200000000000000000e+01 0.000000000000000000e+00 1.600000000000000089e+00 1.484000000000000076e-03 -2.330000000000000040e-03 9.999959999999999960e-01 4.034000000000000259e-03 9.999890000000000168e-01 2.324000000000000111e-03 -9.999909999999999632e-01 4.029999999999999728e-03 1.492999999999999969e-03
1.200000000000000000e+01 3.200000000000000000e+01 1.400000000000000000e+01 0.000000000000000000e+00 1.600000000000000089e+00 3.589999999999999984e-04 6.409999999999999682e-04 -1.000000000000000000e+00 1.064260000000000067e-01 9.943199999999999816e-01 6.759999999999999516e-04 9.943210000000000104e-01 -1.064269999999999938e-01 2.889999999999999774e-04
1.900000000000000000e+01 1.200000000000000000e+01 1.500000000000000000e+01 0.000000000000000000e+00 1.600000000000000089e+00 2.732000000000000053e-03 4.435999999999999839e-03 -9.999860000000000415e-01 -4.695750000000000202e-01 -8.828770000000000229e-01 -5.198999999999999629e-03 -8.828890000000000349e-01 4.695819999999999994e-01 -3.289999999999999739e-04
2.600000000000000000e+01 1.200000000000000000e+01 1.500000000000000000e+01 0.000000000000000000e+00 1.600000000000000089e+00 4.689999999999999725e-03 4.166999999999999697e-03 -9.999799999999999800e-01 -4.688939999999999775e-01 -8.832349999999999923e-01 -5.879999999999999810e-03 -8.832419999999999716e-01 4.689119999999999955e-01 -2.188999999999999974e-03
1.500000000000000000e+01 1.100000000000000000e+01 1.600000000000000000e+01 0.000000000000000000e+00 1.600000000000000089e+00 1.028000000000000051e-03 8.499999999999999526e-04 -9.999989999999999712e-01 -4.169689999999999785e-01 -9.089199999999999502e-01 -1.201000000000000028e-03 -9.089199999999999502e-01 4.169700000000000073e-01 -5.800000000000000034e-04
2.700000000000000000e+01 1.100000000000000000e+01 1.600000000000000000e+01 0.000000000000000000e+00 1.600000000000000089e+00 3.746000000000000198e-03 4.474999999999999811e-03 -9.999829999999999552e-01 -4.157390000000000252e-01 -9.094659999999999966e-01 -5.628000000000000190e-03 -9.094759999999999511e-01 4.157529999999999837e-01 -1.546000000000000065e-03
1.000000000000000000e+00 1.160000000000000000e+02 1.600000000000000000e+01 0.000000000000000000e+00 1.600000000000000089e+00 -1.299999999999999920e-05 2.206000000000000062e-03 9.999980000000000535e-01 6.656410000000000382e-01 7.462699999999999889e-01 -1.637999999999999916e-03 -7.462720000000000464e-01 6.656389999999999807e-01 -1.477999999999999930e-03
8.000000000000000000e+00 1.160000000000000000e+02 1.600000000000000000e+01 0.000000000000000000e+00 1.600000000000000089e+00 2.028999999999999988e-03 9.640000000000000131e-04 9.999970000000000248e-01 6.791340000000000154e-01 7.340109999999999690e-01 -2.086000000000000180e-03 -7.340109999999999690e-01 6.791369999999999907e-01 8.350000000000000217e-04
1.300000000000000000e+01 1.160000000000000000e+02 1.600000000000000000e+01 0.000000000000000000e+00 1.600000000000000089e+00 -1.730000000000000038e-04 1.740000000000000010e-03 9.999980000000000535e-01 6.958950000000000413e-01 7.181429999999999758e-01 -1.129000000000000012e-03 -7.181440000000000046e-01 6.958929999999999838e-01 -1.335000000000000032e-03
1.800000000000000000e+01 1.160000000000000000e+02 1.600000000000000000e+01 0.000000000000000000e+00 1.600000000000000089e+00 1.598999999999999944e-03 -1.595000000000000064e-03 9.999970000000000248e-01 6.769060000000000077e-01 7.360689999999999733e-01 9.100000000000000287e-05 -7.360670000000000268e-01 6.769039999999999502e-01 2.256999999999999892e-03
2.600000000000000000e+01 1.160000000000000000e+02 1.600000000000000000e+01 0.000000000000000000e+00 1.600000000000000089e+00 -4.519999999999999821e-04 2.321000000000000146e-03 9.999970000000000248e-01 7.192830000000000057e-01 6.947160000000000002e-01 -1.288000000000000082e-03 -6.947170000000000289e-01 7.192809999999999482e-01 -1.984000000000000086e-03
5.000000000000000000e+00 2.000000000000000000e+00 1.900000000000000000e+01 0.000000000000000000e+00 1.600000000000000089e+00 -4.066000000000000170e-03 5.800999999999999733e-03 -9.999749999999999472e-01 1.972289999999999877e-01 -9.803359999999999852e-01 -6.488999999999999976e-03 -9.803490000000000260e-01 -1.972500000000000087e-01 2.841999999999999908e-03
8.000000000000000000e+00 2.000000000000000000e+00 1.900000000000000000e+01 0.000000000000000000e+00 1.600000000000000089e+00 -2.292999999999999899e-03 7.529999999999999801e-04 -9.999970000000000248e-01 1.966179999999999872e-01 -9.804789999999999894e-01 -1.188999999999999953e-03 -9.804770000000000429e-01 -1.966199999999999892e-01 2.101000000000000003e-03
1.400000000000000000e+01 2.000000000000000000e+00 1.900000000000000000e+01 0.000000000000000000e+00 1.600000000000000089e+00 4.169999999999999987e-04 -5.150000000000000064e-03 -9.999869999999999592e-01 1.935060000000000113e-01 -9.810860000000000136e-01 5.133999999999999675e-03 -9.810990000000000544e-01 -1.935060000000000113e-01 5.869999999999999567e-04
1.900000000000000000e+01 2.000000000000000000e+00 1.900000000000000000e+01 0.000000000000000000e+00 1.600000000000000089e+00 5.360000000000000181e-04 -5.000000000000000240e-05 -1.000000000000000000e+00 1.966539999999999955e-01 -9.804730000000000389e-01 1.540000000000000028e-04 -9.804730000000000389e-01 -1.966539999999999955e-01 -5.159999999999999656e-04
2.700000000000000000e+01 2.000000000000000000e+00 1.900000000000000000e+01 0.000000000000000000e+00 1.600000000000000089e+00 1.974000000000000060e-03 7.680000000000000195e-03 -9.999689999999999968e-01 1.909550000000000136e-01 -9.815730000000000288e-01 -7.160999999999999831e-03 -9.815970000000000528e-01 -1.909349999999999936e-01 -3.403999999999999908e-03
3.000000000000000000e+00 4.000000000000000000e+00 2.000000000000000000e+01 0.000000000000000000e+00 1.600000000000000089e+00 -5.523000000000000131e-03 4.735999999999999759e-03 -9.999740000000000295e-01 2.901239999999999930e-01 -9.569689999999999586e-01 -6.134999999999999828e-03 -9.569729999999999626e-01 -2.901500000000000190e-01 3.911000000000000414e-03
8.000000000000000000e+00 4.000000000000000000e+00 2.000000000000000000e+01 0.000000000000000000e+00 1.600000000000000089e+00 -4.335999999999999577e-03 -2.028999999999999988e-03 -9.999890000000000168e-01 2.908350000000000102e-01 -9.567729999999999846e-01 6.800000000000000488e-04 -9.567630000000000301e-01 -2.908290000000000042e-01 4.739000000000000157e-03
1.100000000000000000e+01 4.000000000000000000e+00 2.000000000000000000e+01 0.000000000000000000e+00 1.600000000000000089e+00 -4.539999999999999765e-04 -3.318999999999999902e-03 -9.999940000000000495e-01 2.881150000000000100e-01 -9.575909999999999700e-01 3.047999999999999928e-03 -9.575960000000000027e-01 -2.881119999999999792e-01 1.391000000000000092e-03
1.700000000000000000e+01 4.000000000000000000e+00 2.000000000000000000e+01 0.000000000000000000e+00 1.600000000000000089e+00 7.889999999999999878e-04 -2.560000000000000209e-03 -9.999959999999999960e-01 2.929640000000000022e-01 -9.561199999999999699e-01 2.678999999999999958e-03 -9.561229999999999452e-01 -2.929649999999999754e-01 -5.000000000000000409e-06
2.300000000000000000e+01 4.000000000000000000e+00 2.000000000000000000e+01 0.000000000000000000e+00 1.600000000000000089e+00 1.237999999999999951e-03 8.337999999999999926e-03 -9.999639999999999640e-01 2.929180000000000117e-01 -9.561070000000000402e-01 -7.609999999999999577e-03 -9.561370000000000147e-01 -2.928979999999999917e-01 -3.625999999999999883e-03
5.000000000000000000e+00 1.300000000000000000e+01 2.000000000000000000e+01 0.000000000000000000e+00 1.600000000000000089e+00 -2.481999999999999831e-03 -6.734999999999999667e-03 9.999740000000000295e-01 2.564989999999999770e-01 9.665179999999999882e-01 7.145999999999999575e-03 -9.665409999999999835e-01 2.565109999999999890e-01 -6.719999999999999628e-04
1.000000000000000000e+01 1.300000000000000000e+01 2.000000000000000000e+01 0.000000000000000000e+00 1.600000000000000089e+00 -1.129999999999999955e-04 -6.089999999999999494e-04 1.000000000000000000e+00 2.568989999999999885e-01 9.664380000000000193e-01 6.179999999999999513e-04 -9.664380000000000193e-01 2.568989999999999885e-01 4.699999999999999724e-05
1.200000000000000000e+01 1.300000000000000000e+01 2.000000000000000000e+01 0.000000000000000000e+00 1.600000000000000089e+00 4.350000000000000026e-04 8.899999999999999491e-05 1.000000000000000000e+00 2.562329999999999885e-01 9.666150000000000020e-01 -1.979999999999999881e-04 -9.666150000000000020e-01 2.562329999999999885e-01 3.980000000000000248e-04
1.700000000000000000e+01 1.300000000000000000e+01 2.000000000000000000e+01 0.000000000000000000e+00 1.600000000000000089e+00 1.608000000000000054e-03 1.190000000000000085e-03 9.999980000000000535e-01 2.555509999999999726e-01 9.667940000000000422e-01 -1.562000000000000020e-03 -9.667940000000000422e-01 2.555529999999999746e-01 1.250000000000000026e-03
2.300000000000000000e+01 1.300000000000000000e+01 2.000000000000000000e+01 0.000000000000000000e+00 1.600000000000000089e+00 9.070000000000000371e-04 7.969999999999999654e-04 9.999989999999999712e-01 2.544960000000000000e-01 9.670729999999999604e-01 -1.002000000000000069e-03 -9.670729999999999604e-01 2.544969999999999732e-01 6.740000000000000114e-04
2.800000000000000000e+01 1.300000000000000000e+01 2.000000000000000000e+01 0.000000000000000000e+00 1.600000000000000089e+00 1.861999999999999940e-03 -4.131000000000000123e-03 9.999900000000000455e-01 2.546490000000000142e-01 9.670269999999999699e-01 3.520000000000000125e-03 -9.670320000000000027e-01 2.546399999999999775e-01 2.853000000000000067e-03
5.000000000000000000e+00 1.600000000000000000e+01 2.100000000000000000e+01 0.000000000000000000e+00 1.600000000000000089e+00 -2.036000000000000049e-03 -6.492000000000000375e-03 9.999770000000000048e-01 2.983359999999999901e-01 9.544369999999999798e-01 6.804000000000000152e-03 -9.544589999999999463e-01 2.983430000000000248e-01 -6.000000000000000152e-06
1.700000000000000000e+01 1.600000000000000000e+01 2.100000000000000000e+01 0.000000000000000000e+00 1.600000000000000089e+00 1.371000000000000040e-03 1.510999999999999973e-03 9.999980000000000535e-01 2.994890000000000052e-01 9.540980000000000016e-01 -1.851999999999999914e-03 -9.540990000000000304e-01 2.994910000000000072e-01 8.549999999999999658e-04
2.000000000000000000e+01 1.600000000000000000e+01 2.100000000000000000e+01 0.000000000000000000e+00 1.600000000000000089e+00 3.699999999999999947e-04 5.209000000000000088e-03 9.999860000000000415e-01 2.988430000000000253e-01 9.542890000000000539e-01 -5.081999999999999712e-03 -9.543019999999999836e-01 2.988410000000000233e-01 -1.203999999999999992e-03
2.400000000000000000e+01 1.600000000000000000e+01 2.100000000000000000e+01 0.000000000000000000e+00 1.600000000000000089e+00 1.343000000000000010e-03 3.245000000000000055e-03 9.999940000000000495e-01 2.974019999999999997e-01 9.547459999999999836e-01 -3.497000000000000108e-03 -9.547510000000000163e-01 2.974049999999999749e-01 3.170000000000000075e-04
4.000000000000000000e+00 3.000000000000000000e+00 2.500000000000000000e+01 0.000000000000000000e+00 1.600000000000000089e+00 6.651999999999999927e-03 7.531999999999999633e-03 9.999500000000000055e-01 -5.450599999999999890e-02 -9.984819999999999807e-01 7.884000000000000383e-03 9.984910000000000174e-01 -5.455600000000000033e-02 -6.231000000000000427e-03
9.000000000000000000e+00 3.000000000000000000e+00 2.500000000000000000e+01 0.000000000000000000e+00 1.600000000000000089e+00 2.092999999999999809e-03 -4.023999999999999799e-03 9.999900000000000455e-01 -5.534700000000000036e-02 -9.984600000000000142e-01 -3.902000000000000086e-03 9.984650000000000469e-01 -5.533799999999999830e-02 -2.312999999999999952e-03
2.100000000000000000e+01 3.000000000000000000e+00 2.500000000000000000e+01 0.000000000000000000e+00 1.600000000000000089e+00 -2.284000000000000006e-03 3.778999999999999807e-03 9.999900000000000455e-01 -6.289500000000000646e-02 -9.980139999999999567e-01 3.628000000000000148e-03 9.980179999999999607e-01 -6.288599999999999746e-02 2.517000000000000140e-03
3.000000000000000000e+00 4.600000000000000000e+01 2.700000000000000000e+01 0.000000000000000000e+00 1.600000000000000089e+00 1.877999999999999895e-03 -6.800000000000000488e-04 -9.999980000000000535e-01 6.430550000000000432e-01 7.658199999999999452e-01 6.870000000000000022e-04 7.658179999999999987e-01 -6.430550000000000432e-01 1.876000000000000063e-03
6.000000000000000000e+00 4.600000000000000000e+01 2.700000000000000000e+01 0.000000000000000000e+00 1.600000000000000089e+00 3.223999999999999869e-03 -6.650000000000000095e-04 -9.999949999999999672e-01 6.453699999999999992e-01 7.638679999999999914e-01 1.572999999999999962e-03 7.638629999999999587e-01 -6.453719999999999457e-01 2.890999999999999907e-03
1.600000000000000000e+01 4.600000000000000000e+01 2.700000000000000000e+01 0.000000000000000000e+00 1.600000000000000089e+00 -1.131000000000000061e-03 2.354000000000000190e-03 -9.999970000000000248e-01 6.550080000000000346e-01 7.556209999999999871e-01 1.038000000000000077e-03 7.556209999999999871e-01 -6.550049999999999484e-01 -2.396999999999999825e-03
9.000000000000000000e+00 4.600000000000000000e+01 3.000000000000000000e+01 0.000000000000000000e+00 1.600000000000000089e+00 1.539999999999999919e-03 1.853999999999999962e-03 -9.999970000000000248e-01 3.261560000000000015e-01 9.453129999999999589e-01 2.255000000000000060e-03 9.453150000000000164e-01 -3.261589999999999767e-01 8.509999999999999769e-04
1.200000000000000000e+01 5.800000000000000000e+01 3.100000000000000000e+01 0.000000000000000000e+00 1.600000000000000089e+00 -7.619999999999999820e-04 -1.969999999999999963e-03 9.999980000000000535e-01 -8.028300000000000436e-01 -5.962060000000000137e-01 -1.786000000000000044e-03 5.962079999999999602e-01 -8.028290000000000148e-01 -1.128000000000000096e-03
1.700000000000000000e+01 5.800000000000000000e+01 3.100000000000000000e+01 0.000000000000000000e+00 1.600000000000000089e+00 5.300000000000000078e-05 -5.081999999999999712e-03 9.999869999999999592e-01 -8.010450000000000070e-01 -5.985970000000000457e-01 -3.000000000000000062e-03 5.986050000000000537e-01 -8.010340000000000238e-01 -4.101999999999999744e-03
2.100000000000000000e+01 5.800000000000000000e+01 3.100000000000000000e+01 0.000000000000000000e+00 1.600000000000000089e+00 3.056999999999999822e-03 -3.448999999999999809e-03 9.999890000000000168e-01 -7.968520000000000048e-01 -6.041750000000000176e-01 3.530000000000000152e-04 6.041670000000000096e-01 -7.968439999999999968e-01 -4.595000000000000126e-03
7.000000000000000000e+00 6.000000000000000000e+00 3.200000000000000000e+01 0.000000000000000000e+00 1.600000000000000089e+00 3.566999999999999858e-03 2.975000000000000214e-03 -9.999890000000000168e-01 9.375400000000000400e-02 9.955899999999999750e-01 3.297000000000000017e-03 9.955889999999999462e-01 -9.376500000000000112e-02 3.272999999999999868e-03
2.500000000000000000e+01 5.900000000000000000e+01 3.200000000000000000e+01 0.000000000000000000e+00 1.600000000000000089e+00 2.331000000000000173e-03 4.794999999999999783e-03 9.999860000000000415e-01 -6.920279999999999765e-01 -7.218529999999999669e-01 5.074000000000000385e-03 7.218670000000000364e-01 -6.920300000000000340e-01 1.636000000000000084e-03
4.000000000000000000e+00 4.600000000000000000e+01 3.500000000000000000e+01 0.000000000000000000e+00 1.600000000000000089e+00 -1.559999999999999972e-04 3.011999999999999920e-03 -9.999949999999999672e-01 3.848480000000000234e-01 -9.229749999999999899e-01 -2.840000000000000076e-03 -9.229800000000000226e-01 -3.848469999999999946e-01 -1.015000000000000060e-03
1.000000000000000000e+01 4.600000000000000000e+01 3.500000000000000000e+01 0.000000000000000000e+00 1.600000000000000089e+00 2.979999999999999793e-04 -1.827000000000000065e-03 -9.999980000000000535e-01 3.849890000000000256e-01 -9.229190000000000449e-01 1.801000000000000083e-03 -9.229209999999999914e-01 -3.849890000000000256e-01 4.290000000000000193e-04
1.500000000000000000e+01 4.600000000000000000e+01 3.500000000000000000e+01 0.000000000000000000e+00 1.600000000000000089e+00 8.429999999999999993e-04 -1.310000000000000129e-04 -1.000000000000000000e+00 3.849969999999999781e-01 -9.229180000000000161e-01 4.459999999999999989e-04 -9.229169999999999874e-01 -3.849980000000000069e-01 -7.280000000000000230e-04
2.100000000000000000e+01 4.600000000000000000e+01 3.500000000000000000e+01 0.000000000000000000e+00 1.600000000000000089e+00 -3.780000000000000265e-04 -1.691999999999999928e-03 -9.999989999999999712e-01 3.852430000000000021e-01 -9.228140000000000231e-01 1.415999999999999941e-03 -9.228150000000000519e-01 -3.852419999999999733e-01 1.000999999999999937e-03
2.500000000000000000e+01 4.600000000000000000e+01 3.500000000000000000e+01 0.000000000000000000e+00 1.600000000000000089e+00 6.570000000000000319e-04 -5.370000000000000424e-04 -1.000000000000000000e+00 3.848190000000000222e-01 -9.229920000000000346e-01 7.489999999999999913e-04 -9.229920000000000346e-01 -3.848190000000000222e-01 -4.000000000000000192e-04
2.900000000000000000e+01 4.600000000000000000e+01 3.500000000000000000e+01 0.000000000000000000e+00 1.600000000000000089e+00 -1.000000000000000082e-05 3.559999999999999797e-04 -1.000000000000000000e+00 3.836189999999999878e-01 -9.234909999999999508e-01 -3.330000000000000169e-04 -9.234909999999999508e-01 -3.836189999999999878e-01 -1.269999999999999970e-04
5.000000000000000000e+00 9.500000000000000000e+01 3.600000000000000000e+01 0.000000000000000000e+00 1.600000000000000089e+00 7.714000000000000370e-03 8.042999999999999802e-03 9.999379999999999935e-01 9.975899999999999768e-01 6.889299999999999591e-02 -8.250000000000000389e-03 -6.895500000000000240e-02 9.975920000000000343e-01 -7.492000000000000395e-03
9.000000000000000000e+00 9.500000000000000000e+01 3.600000000000000000e+01 0.000000000000000000e+00 1.600000000000000089e+00 7.959000000000000796e-03 1.104800000000000053e-02 9.999069999999999903e-01 9.975730000000000430e-01 6.908699999999999564e-02 -8.703999999999999931e-03 -6.917700000000000238e-02 9.975490000000000190e-01 -1.047200000000000041e-02
1.700000000000000000e+01 9.500000000000000000e+01 3.600000000000000000e+01 0.000000000000000000e+00 1.600000000000000089e+00 -2.357000000000000154e-03 2.057999999999999934e-03 9.999949999999999672e-01 9.967449999999999921e-01 8.058800000000000685e-02 2.183000000000000045e-03 -8.058300000000000185e-02 9.967449999999999921e-01 -2.240999999999999936e-03
2.200000000000000000e+01 9.500000000000000000e+01 3.600000000000000000e+01 0.000000000000000000e+00 1.600000000000000089e+00 -2.632999999999999924e-03 7.454999999999999821e-03 9.999689999999999968e-01 9.971929999999999961e-01 7.484499999999999487e-02 2.067999999999999960e-03 -7.482700000000000462e-02 9.971670000000000256e-01 -7.630999999999999762e-03
2.700000000000000000e+01 9.500000000000000000e+01 3.600000000000000000e+01 0.000000000000000000e+00 1.600000000000000089e+00 -5.775999999999999884e-03 1.031999999999999931e-02 9.999299999999999855e-01 9.973020000000000218e-01 7.323200000000000542e-02 5.004999999999999900e-03 -7.317500000000000393e-02 9.972619999999999818e-01 -1.071599999999999983e-02
1.000000000000000000e+00 3.000000000000000000e+00 4.300000000000000000e+01 0.000000000000000000e+00 1.600000000000000089e+00 -2.478999999999999867e-03 -1.442200000000000079e-02 -9.998930000000000318e-01 7.396850000000000369e-01 -6.729079999999999506e-01 7.872000000000000525e-03 -6.729490000000000194e-01 -7.395859999999999657e-01 1.233599999999999974e-02
8.000000000000000000e+00 3.000000000000000000e+00 4.300000000000000000e+01 0.000000000000000000e+00 1.600000000000000089e+00 -4.629999999999999784e-04 2.336399999999999935e-02 -9.997270000000000323e-01 7.396549999999999514e-01 -6.727940000000000031e-01 -1.606600000000000042e-02 -6.729859999999999731e-01 -7.394610000000000349e-01 -1.696900000000000144e-02
1.500000000000000000e+01 3.000000000000000000e+00 4.300000000000000000e+01 0.000000000000000000e+00 1.600000000000000089e+00 1.613999999999999983e-03 4.399000000000000132e-03 -9.999890000000000168e-01 7.366570000000000062e-01 -6.762639999999999763e-01 -1.786000000000000044e-03 -6.762639999999999763e-01 -7.366460000000000230e-01 -4.331999999999999913e-03
2.200000000000000000e+01 3.000000000000000000e+00 4.300000000000000000e+01 0.000000000000000000e+00 1.600000000000000089e+00 1.224000000000000045e-03 -2.150699999999999834e-02 -9.997679999999999900e-01 7.339590000000000281e-01 -6.790159999999999529e-01 1.550499999999999969e-02 -6.791920000000000179e-01 -7.338080000000000158e-01 1.495400000000000028e-02
1.100000000000000000e+01 8.000000000000000000e+00 4.400000000000000000e+01 0.000000000000000000e+00 1.600000000000000089e+00 1.337999999999999997e-03 2.889000000000000075e-03 9.999949999999999672e-01 -7.852510000000000323e-01 -6.191710000000000269e-01 2.840000000000000076e-03 6.191759999999999486e-01 -7.852510000000000323e-01 1.440000000000000091e-03
9.000000000000000000e+00 2.900000000000000000e+01 4.400000000000000000e+01 0.000000000000000000e+00 1.600000000000000089e+00 1.974000000000000060e-03 -5.670000000000000127e-04 -9.999980000000000535e-01 6.843900000000000539e-01 7.291149999999999576e-01 9.370000000000000074e-04 7.291130000000000111e-01 -6.843909999999999716e-01 1.827000000000000065e-03
1.300000000000000000e+01 2.900000000000000000e+01 4.400000000000000000e+01 0.000000000000000000e+00 1.600000000000000089e+00 1.337999999999999997e-03 -1.464999999999999939e-03 -9.999980000000000535e-01 6.873209999999999598e-01 7.263540000000000552e-01 -1.440000000000000036e-04 7.263530000000000264e-01 -6.873190000000000133e-01 1.978999999999999856e-03
1.700000000000000000e+01 2.900000000000000000e+01 4.400000000000000000e+01 0.000000000000000000e+00 1.600000000000000089e+00 -3.579999999999999741e-04 3.660000000000000059e-04 -1.000000000000000000e+00 6.870129999999999848e-01 7.266449999999999854e-01 2.000000000000000164e-05 7.266449999999999854e-01 -6.870129999999999848e-01 -5.109999999999999525e-04
2.300000000000000000e+01 2.900000000000000000e+01 4.400000000000000000e+01 0.000000000000000000e+00 1.600000000000000089e+00 -2.556999999999999811e-03 1.688999999999999963e-03 -9.999949999999999672e-01 6.846989999999999466e-01 7.288259999999999739e-01 -5.199999999999999544e-04 7.288210000000000521e-01 -6.846970000000000001e-01 -3.020000000000000115e-03
2.900000000000000000e+01 2.900000000000000000e+01 4.400000000000000000e+01 0.000000000000000000e+00 1.600000000000000089e+00 -1.296000000000000060e-03 4.735999999999999759e-03 -9.999879999999999880e-01 6.716849999999999765e-01 7.408320000000000460e-01 2.638000000000000154e-03 7.408360000000000500e-01 -6.716739999999999933e-01 -4.141999999999999849e-03
2.200000000000000000e+01 5.400000000000000000e+01 4.600000000000000000e+01 0.000000000000000000e+00 1.600000000000000089e+00 -2.069000000000000093e-03 1.080999999999999930e-03 9.999970000000000248e-01 3.112199999999999966e-01 -9.503359999999999586e-01 1.672000000000000092e-03 9.503359999999999586e-01 3.112230000000000274e-01 1.629999999999999939e-03
2.400000000000000000e+01 6.500000000000000000e+01 4.600000000000000000e+01 0.000000000000000000e+00 1.600000000000000089e+00 1.510999999999999973e-03 -8.440000000000000236e-04 9.999989999999999712e-01 6.802059999999999773e-01 -7.330189999999999761e-01 -1.647000000000000026e-03 7.330200000000000049e-01 6.802070000000000061e-01 -5.330000000000000536e-04
3.000000000000000000e+00 6.000000000000000000e+00 5.100000000000000000e+01 0.000000000000000000e+00 1.600000000000000089e+00 -2.030000000000000012e-04 1.013999999999999927e-03 -9.999989999999999712e-01 3.281979999999999897e-01 -9.446080000000000032e-01 -1.023999999999999954e-03 -9.446090000000000320e-01 -3.281979999999999897e-01 -1.410000000000000120e-04
1.900000000000000000e+01 7.000000000000000000e+00 5.200000000000000000e+01 0.000000000000000000e+00 1.600000000000000089e+00 -4.846999999999999746e-03 -7.797000000000000111e-03 -9.999580000000000135e-01 1.056070000000000064e-01 -9.943819999999999881e-01 7.241000000000000041e-03 -9.943959999999999466e-01 -1.055669999999999942e-01 5.643999999999999712e-03
2.100000000000000000e+01 7.000000000000000000e+00 5.200000000000000000e+01 0.000000000000000000e+00 1.600000000000000089e+00 -3.954000000000000049e-03 -4.349999999999999700e-03 -9.999829999999999552e-01 1.056689999999999990e-01 -9.943940000000000001e-01 3.908000000000000015e-03 -9.943929999999999714e-01 -1.056519999999999959e-01 4.392000000000000071e-03
3.000000000000000000e+00 6.300000000000000000e+01 5.400000000000000000e+01 0.000000000000000000e+00 1.600000000000000089e+00 6.120000000000000223e-04 -5.199999999999999680e-05 1.000000000000000000e+00 -3.546920000000000073e-01 9.349830000000000085e-01 2.660000000000000146e-04 -9.349830000000000085e-01 -3.546920000000000073e-01 5.540000000000000219e-04
1.300000000000000000e+01 6.300000000000000000e+01 5.400000000000000000e+01 0.000000000000000000e+00 1.600000000000000089e+00 1.200000000000000030e-04 -3.190999999999999826e-03 9.999949999999999672e-01 -3.502190000000000025e-01 9.366630000000000233e-01 3.030999999999999840e-03 -9.366679999999999451e-01 -3.502179999999999738e-01 -1.005000000000000034e-03
2.200000000000000000e+01 6.300000000000000000e+01 5.400000000000000000e+01 0.000000000000000000e+00 1.600000000000000089e+00 1.435000000000000078e-03 1.232999999999999938e-03 9.999980000000000535e-01 -3.592940000000000023e-01 9.332240000000000535e-01 -6.350000000000000392e-04 -9.332230000000000247e-01 -3.592929999999999735e-01 1.783000000000000080e-03
2.500000000000000000e+01 6.300000000000000000e+01 5.400000000000000000e+01 0.000000000000000000e+00 1.600000000000000089e+00 7.079999999999999705e-04 2.304000000000000058e-03 9.999970000000000248e-01 -3.618330000000000157e-01 9.322409999999999863e-01 -1.891000000000000103e-03 -9.322430000000000438e-01 -3.618299999999999850e-01 1.494000000000000102e-03
3.000000000000000000e+01 6.300000000000000000e+01 5.400000000000000000e+01 0.000000000000000000e+00 1.600000000000000089e+00 -1.789999999999999870e-04 6.890000000000000508e-04 1.000000000000000000e+00 -3.649069999999999814e-01 9.310439999999999827e-01 -7.069999999999999462e-04 -9.310439999999999827e-01 -3.649069999999999814e-01 8.500000000000000611e-05
7.000000000000000000e+00 2.500000000000000000e+01 5.500000000000000000e+01 0.000000000000000000e+00 1.600000000000000089e+00 9.770000000000000039e-04 -1.396000000000000105e-03 -9.999989999999999712e-01 -1.351800000000000050e-02 -9.999080000000000190e-01 1.382999999999999898e-03 -9.999080000000000190e-01 1.351600000000000024e-02 -9.959999999999999236e-04
1.600000000000000000e+01 2.500000000000000000e+01 5.500000000000000000e+01 0.000000000000000000e+00 1.600000000000000089e+00 2.790000000000000054e-04 1.492000000000000054e-03 -9.999989999999999712e-01 -1.484399999999999956e-02 -9.998890000000000278e-01 -1.495999999999999934e-03 -9.998899999999999455e-01 1.484500000000000056e-02 -2.570000000000000127e-04
2.600000000000000000e+01 2.500000000000000000e+01 5.500000000000000000e+01 0.000000000000000000e+00 1.600000000000000089e+00 -3.370000000000000057e-04 -5.950000000000000427e-04 -1.000000000000000000e+00 -1.108999999999999916e-02 -9.999379999999999935e-01 5.990000000000000316e-04 -9.999379999999999935e-01 1.108999999999999916e-02 3.310000000000000225e-04
3.000000000000000000e+01 2.500000000000000000e+01 5.500000000000000000e+01 0.000000000000000000e+00 1.600000000000000089e+00 2.599999999999999772e-04 1.856999999999999927e-03 -9.999980000000000535e-01 -1.088399999999999958e-02 -9.999390000000000223e-01 -1.860000000000000108e-03 -9.999409999999999688e-01 1.088500000000000058e-02 -2.390000000000000089e-04
1.000000000000000000e+01 6.800000000000000000e+01 5.700000000000000000e+01 0.000000000000000000e+00 1.600000000000000089e+00 -2.005999999999999971e-03 6.595000000000000168e-03 -9.999759999999999760e-01 -2.455120000000000080e-01 -9.693760000000000154e-01 -5.899999999999999863e-03 -9.693920000000000314e-01 2.454939999999999900e-01 3.563999999999999894e-03
1.500000000000000000e+01 6.800000000000000000e+01 5.700000000000000000e+01 0.000000000000000000e+00 1.600000000000000089e+00 -4.580000000000000195e-04 -1.203000000000000076e-03 -9.999989999999999712e-01 -2.440730000000000122e-01 -9.697559999999999514e-01 1.278999999999999972e-03 -9.697569999999999801e-01 2.440740000000000132e-01 1.510000000000000112e-04
4.000000000000000000e+00 2.100000000000000000e+01 6.000000000000000000e+01 0.000000000000000000e+00 1.600000000000000089e+00 5.300000000000000078e-05 -1.871999999999999966e-03 9.999980000000000535e-01 -8.963100000000000234e-02 9.959729999999999972e-01 1.869000000000000002e-03 -9.959750000000000547e-01 -8.963100000000000234e-02 -1.150000000000000035e-04
2.200000000000000000e+01 2.100000000000000000e+01 6.000000000000000000e+01 0.000000000000000000e+00 1.600000000000000089e+00 -1.279999999999999942e-04 -9.724999999999999270e-03 9.999529999999999808e-01 -9.301399999999999946e-02 9.956180000000000030e-01 9.671000000000000776e-03 -9.956650000000000222e-01 -9.300799999999999346e-02 -1.031999999999999931e-03
2.500000000000000000e+01 2.100000000000000000e+01 6.000000000000000000e+01 0.000000000000000000e+00 1.600000000000000089e+00 -1.696000000000000025e-03 1.817000000000000039e-03 9.999970000000000248e-01 -9.377800000000000025e-02 9.955910000000000037e-01 -1.968000000000000131e-03 -9.955920000000000325e-01 -9.378100000000000325e-02 -1.518000000000000035e-03
6.000000000000000000e+00 2.700000000000000000e+01 6.300000000000000000e+01 0.000000000000000000e+00 1.600000000000000089e+00 -5.000000000000000240e-05 -2.161999999999999859e-03 9.999980000000000535e-01 -2.788109999999999755e-01 9.603439999999999754e-01 2.062000000000000031e-03 -9.603460000000000329e-01 -2.788100000000000023e-01 -6.499999999999999702e-04
1.200000000000000000e+01 2.700000000000000000e+01 6.300000000000000000e+01 0.000000000000000000e+00 1.600000000000000089e+00 -1.971999999999999795e-03 -1.709999999999999932e-03 9.999970000000000248e-01 -2.769789999999999752e-01 9.608750000000000346e-01 1.097000000000000102e-03 -9.608740000000000059e-01 -2.769750000000000267e-01 -2.369000000000000012e-03
1.700000000000000000e+01 2.700000000000000000e+01 6.300000000000000000e+01 0.000000000000000000e+00 1.600000000000000089e+00 -9.510000000000000224e-04 -2.991000000000000169e-03 9.999949999999999672e-01 -2.776060000000000194e-01 9.606909999999999616e-01 2.609999999999999907e-03 -9.606940000000000479e-01 -2.776029999999999887e-01 -1.744000000000000107e-03
2.400000000000000000e+01 2.700000000000000000e+01 6.300000000000000000e+01 0.000000000000000000e+00 1.600000000000000089e+00 -2.135999999999999878e-03 -1.032800000000000037e-02 9.999440000000000550e-01 -2.777769999999999961e-01 9.606000000000000094e-01 9.327999999999999486e-03 -9.606430000000000247e-01 -2.777419999999999889e-01 -4.921000000000000027e-03
2.800000000000000000e+01 2.700000000000000000e+01 6.300000000000000000e+01 0.000000000000000000e+00 1.600000000000000089e+00 -8.899999999999999491e-05 -3.230999999999999931e-03 9.999949999999999672e-01 -2.759559999999999791e-01 9.611650000000000471e-01 3.080999999999999971e-03 -9.611699999999999688e-01 -2.759550000000000058e-01 -9.770000000000000039e-04
1.100000000000000000e+01 2.600000000000000000e+01 6.400000000000000000e+01 0.000000000000000000e+00 1.600000000000000089e+00 -2.956999999999999993e-03 -3.060000000000000111e-04 9.999959999999999960e-01 -3.538979999999999904e-01 9.352840000000000042e-01 -7.609999999999999577e-04 -9.352789999999999715e-01 -3.538990000000000191e-01 -2.873999999999999819e-03
1.900000000000000000e+01 2.600000000000000000e+01 6.400000000000000000e+01 0.000000000000000000e+00 1.600000000000000089e+00 -7.339999999999999520e-04 -3.197000000000000189e-03 9.999949999999999672e-01 -3.590240000000000098e-01 9.333249999999999602e-01 2.720000000000000195e-03 -9.333280000000000465e-01 -3.590200000000000058e-01 -1.832999999999999994e-03
2.500000000000000000e+01 2.600000000000000000e+01 6.400000000000000000e+01 0.000000000000000000e+00 1.600000000000000089e+00 -1.966999999999999998e-03 -9.599999999999999159e-03 9.999519999999999520e-01 -3.616519999999999735e-01 9.322770000000000223e-01 8.238999999999999796e-03 -9.323110000000000008e-01 -3.616179999999999950e-01 -5.304999999999999820e-03
2.900000000000000000e+01 6.900000000000000000e+01 6.600000000000000000e+01 0.000000000000000000e+00 1.600000000000000089e+00 3.099999999999999999e-04 5.645999999999999977e-03 9.999839999999999840e-01 -9.472509999999999541e-01 3.204899999999999971e-01 -1.515999999999999986e-03 -3.204929999999999723e-01 -9.472350000000000492e-01 5.447999999999999718e-03
8.000000000000000000e+00 4.400000000000000000e+01 7.300000000000000000e+01 0.000000000000000000e+00 1.600000000000000089e+00 6.569000000000000186e-03 -2.472200000000000092e-02 9.996730000000000338e-01 4.693699999999999956e-02 -9.985849999999999449e-01 -2.500399999999999845e-02 9.988759999999999861e-01 4.708600000000000285e-02 -5.399000000000000153e-03
1.100000000000000000e+01 4.400000000000000000e+01 7.300000000000000000e+01 0.000000000000000000e+00 1.600000000000000089e+00 -1.810000000000000085e-04 -3.911000000000000414e-03 9.999919999999999920e-01 4.880099999999999716e-02 -9.988010000000000499e-01 -3.896999999999999856e-03 9.988089999999999469e-01 4.880000000000000310e-02 3.719999999999999891e-04
1.400000000000000000e+01 4.400000000000000000e+01 7.300000000000000000e+01 0.000000000000000000e+00 1.600000000000000089e+00 -1.325999999999999922e-03 -1.260999999999999968e-03 9.999980000000000535e-01 4.712600000000000122e-02 -9.988879999999999981e-01 -1.196999999999999930e-03 9.988879999999999981e-01 4.712500000000000022e-02 1.384000000000000031e-03
