2.000000000000000000e+00 2.500000000000000000e+01 1.000000000000000000e+00 0.000000000000000000e+00 1.600000000000000089e+00 -1.962999999999999901e-03 -4.314000000000000126e-03 -9.999890000000000168e-01 -5.230010000000000492e-01 -8.523190000000000488e-01 4.703999999999999848e-03 -8.523300000000000320e-01 5.230040000000000244e-01 -5.829999999999999679e-04
1.900000000000000000e+01 2.500000000000000000e+01 1.000000000000000000e+00 0.000000000000000000e+00 1.600000000000000089e+00 -1.041999999999999958e-03 1.276000000000000007e-03 -9.999989999999999712e-01 -5.240019999999999678e-01 -8.517169999999999463e-01 -5.410000000000000312e-04 -8.517160000000000286e-01 5.240010000000000501e-01 1.556000000000000091e-03
2.300000000000000000e+01 2.500000000000000000e+01 1.000000000000000000e+00 0.000000000000000000e+00 1.600000000000000089e+00 -7.389999999999999651e-04 3.261000000000000010e-03 -9.999940000000000495e-01 -5.225929999999999742e-01 -8.525789999999999758e-01 -2.393999999999999861e-03 -8.525819999999999510e-01 5.225889999999999702e-01 2.334000000000000137e-03
2.000000000000000000e+00 1.500000000000000000e+01 4.000000000000000000e+00 0.000000000000000000e+00 1.600000000000000089e+00 1.446000000000000020e-03 -9.109000000000000777e-03 9.999580000000000135e-01 3.199989999999999779e-01 -9.473740000000000494e-01 -9.093000000000000388e-03 9.474169999999999536e-01 3.199989999999999779e-01 1.544999999999999932e-03
6.000000000000000000e+00 1.500000000000000000e+01 4.000000000000000000e+00 0.000000000000000000e+00 1.600000000000000089e+00 2.661999999999999870e-03 -4.141999999999999849e-03 9.999879999999999880e-01 3.191820000000000213e-01 -9.476809999999999956e-01 -4.774999999999999731e-03 9.476900000000000324e-01 3.191910000000000025e-01 -1.201000000000000028e-03
1.400000000000000000e+01 1.500000000000000000e+01 4.000000000000000000e+00 0.000000000000000000e+00 1.600000000000000089e+00 1.448999999999999984e-03 -1.855000000000000095e-03 9.999970000000000248e-01 3.176829999999999932e-01 -9.481939999999999813e-01 -2.219000000000000052e-03 9.481960000000000388e-01 3.176860000000000239e-01 -7.849999999999999990e-04
2.000000000000000000e+01 1.500000000000000000e+01 4.000000000000000000e+00 0.000000000000000000e+00 1.600000000000000089e+00 1.088999999999999907e-03 -3.214999999999999976e-03 9.999940000000000495e-01 3.252200000000000091e-01 -9.456320000000000281e-01 -3.393999999999999882e-03 9.456379999999999786e-01 3.252220000000000111e-01 1.500000000000000038e-05
2.400000000000000000e+01 1.500000000000000000e+01 4.000000000000000000e+00 0.000000000000000000e+00 1.600000000000000089e+00 7.799999999999999859e-05 1.930000000000000021e-04 1.000000000000000000e+00 3.261200000000000210e-01 -9.453279999999999461e-01 1.579999999999999916e-04 9.453279999999999461e-01 3.261200000000000210e-01 -1.359999999999999989e-04
2.800000000000000000e+01 1.500000000000000000e+01 4.000000000000000000e+00 0.000000000000000000e+00 1.600000000000000089e+00 -2.073999999999999889e-03 -6.211000000000000375e-03 9.999789999999999512e-01 3.274230000000000196e-01 -9.448640000000000372e-01 -5.189000000000000036e-03 9.448760000000000492e-01 3.274050000000000016e-01 3.993000000000000022e-03
1.400000000000000000e+01 1.010000000000000000e+02 7.000000000000000000e+00 0.000000000000000000e+00 1.600000000000000089e+00 1.600000000000000131e-04 1.672399999999999928e-02 9.998599999999999710e-01 8.886420000000000430e-01 4.585339999999999971e-01 -7.811000000000000235e-03 -4.586009999999999809e-01 8.885189999999999477e-01 -1.478800000000000080e-02
1.800000000000000000e+01 1.010000000000000000e+02 7.000000000000000000e+00 0.000000000000000000e+00 1.600000000000000089e+00 -3.748000000000000029e-03 2.615999999999999836e-03 9.999900000000000455e-01 8.886540000000000550e-01 4.585739999999999816e-01 2.131000000000000082e-03 -4.585629999999999984e-01 8.886519999999999975e-01 -4.042999999999999719e-03
6.000000000000000000e+00 2.500000000000000000e+01 8.000000000000000000e+00 0.000000000000000000e+00 1.600000000000000089e+00 9.790000000000000525e-04 -6.299999999999999990e-05 -1.000000000000000000e+00 4.481299999999999728e-01 8.939679999999999849e-01 3.820000000000000153e-04 8.939679999999999849e-01 -4.481299999999999728e-01 9.030000000000000483e-04
1.200000000000000000e+01 2.500000000000000000e+01 8.000000000000000000e+00 0.000000000000000000e+00 1.600000000000000089e+00 2.396000000000000126e-03 6.041000000000000363e-03 -9.999789999999999512e-01 4.482300000000000173e-01 8.938949999999999951e-01 6.473999999999999720e-03 8.939150000000000151e-01 -4.482360000000000233e-01 -5.659999999999999884e-04
1.700000000000000000e+01 2.500000000000000000e+01 8.000000000000000000e+00 0.000000000000000000e+00 1.600000000000000089e+00 7.159999999999999481e-04 3.640000000000000006e-03 -9.999930000000000208e-01 4.467349999999999932e-01 8.946589999999999820e-01 3.576999999999999885e-03 8.946659999999999613e-01 -4.467340000000000200e-01 -9.849999999999999815e-04
2.100000000000000000e+01 2.500000000000000000e+01 8.000000000000000000e+00 0.000000000000000000e+00 1.600000000000000089e+00 1.345000000000000058e-03 -4.054000000000000312e-03 -9.999909999999999632e-01 4.456499999999999906e-01 8.952020000000000532e-01 -3.029000000000000008e-03 8.952059999999999462e-01 -4.456410000000000093e-01 3.010999999999999788e-03
2.700000000000000000e+01 2.500000000000000000e+01 8.000000000000000000e+00 0.000000000000000000e+00 1.600000000000000089e+00 7.969999999999999654e-04 3.008999999999999956e-03 -9.999949999999999672e-01 4.470430000000000237e-01 8.945070000000000521e-01 3.047999999999999928e-03 8.945119999999999738e-01 -4.470430000000000237e-01 -6.329999999999999906e-04
1.000000000000000000e+00 2.400000000000000000e+01 9.000000000000000000e+00 0.000000000000000000e+00 1.600000000000000089e+00 9.529999999999999626e-04 9.534000000000000807e-03 -9.999540000000000095e-01 4.531470000000000220e-01 8.913910000000000444e-01 8.930999999999999703e-03 8.914360000000000062e-01 -4.531339999999999812e-01 -3.471000000000000127e-03
6.000000000000000000e+00 2.400000000000000000e+01 9.000000000000000000e+00 0.000000000000000000e+00 1.600000000000000089e+00 9.560000000000000355e-04 4.339999999999999782e-04 -9.999989999999999712e-01 4.530779999999999808e-01 8.914710000000000134e-01 8.199999999999999824e-04 8.914699999999999847e-01 -4.530779999999999808e-01 6.560000000000000076e-04
1.200000000000000000e+01 2.400000000000000000e+01 9.000000000000000000e+00 0.000000000000000000e+00 1.600000000000000089e+00 2.246000000000000166e-03 6.030999999999999903e-03 -9.999789999999999512e-01 4.513889999999999847e-01 8.923039999999999861e-01 6.395999999999999776e-03 8.923240000000000061e-01 -4.513940000000000174e-01 -7.179999999999999967e-04
1.700000000000000000e+01 2.400000000000000000e+01 9.000000000000000000e+00 0.000000000000000000e+00 1.600000000000000089e+00 6.599999999999999964e-04 2.706000000000000072e-03 -9.999959999999999960e-01 4.485259999999999803e-01 8.937659999999999494e-01 2.714999999999999965e-03 8.937690000000000357e-01 -4.485259999999999803e-01 -6.239999999999999887e-04
2.000000000000000000e+01 2.400000000000000000e+01 9.000000000000000000e+00 0.000000000000000000e+00 1.600000000000000089e+00 1.402999999999999950e-03 -2.690000000000000117e-03 -9.999949999999999672e-01 4.480009999999999826e-01 8.940310000000000201e-01 -1.776000000000000018e-03 8.940320000000000489e-01 -4.479960000000000053e-01 2.458999999999999814e-03
2.400000000000000000e+01 2.400000000000000000e+01 9.000000000000000000e+00 0.000000000000000000e+00 1.600000000000000089e+00 7.380000000000000492e-04 -3.348999999999999980e-03 -9.999940000000000495e-01 4.477599999999999913e-01 8.941500000000000004e-01 -2.664000000000000135e-03 8.941529999999999756e-01 -4.477559999999999873e-01 2.160000000000000028e-03
3.000000000000000000e+01 2.400000000000000000e+01 9.000000000000000000e+00 0.000000000000000000e+00 1.600000000000000089e+00 -5.730000000000000501e-04 1.038700000000000040e-02 -9.999460000000000015e-01 4.500899999999999901e-01 8.929380000000000095e-01 9.017000000000000709e-03 8.929829999999999712e-01 -4.500600000000000156e-01 -5.185999999999999638e-03
1.600000000000000000e+01 1.200000000000000000e+01 1.000000000000000000e+01 0.000000000000000000e+00 1.600000000000000089e+00 -5.370000000000000424e-04 -3.112999999999999882e-03 -9.999949999999999672e-01 -5.538589999999999902e-01 -8.326059999999999572e-01 2.890000000000000208e-03 -8.326099999999999612e-01 5.538579999999999615e-01 -1.276999999999999923e-03
1.900000000000000000e+01 1.200000000000000000e+01 1.000000000000000000e+01 0.000000000000000000e+00 1.600000000000000089e+00 -1.376999999999999969e-03 -1.041899999999999944e-02 -9.999449999999999728e-01 -5.548189999999999511e-01 -8.319180000000000463e-01 9.431999999999999412e-03 -8.319699999999999873e-01 5.548009999999999886e-01 -4.635000000000000231e-03
1.000000000000000000e+00 3.100000000000000000e+01 1.200000000000000000e+01 0.000000000000000000e+00 1.600000000000000089e+00 1.178000000000000011e-03 3.457000000000000003e-03 9.999930000000000208e-01 1.618999999999999996e-03 9.999930000000000208e-01 -3.458999999999999835e-03 -9.999980000000000535e-01 1.623000000000000094e-03 1.172000000000000082e-03
5.000000000000000000e+00 3.100000000000000000e+01 1.200000000000000000e+01 0.000000000000000000e+00 1.600000000000000089e+00 2.236000000000000140e-03 4.274000000000000021e-03 9.999879999999999880e-01 3.255000000000000081e-03 9.999860000000000415e-01 -4.281000000000000083e-03 -9.999919999999999920e-01 3.265000000000000107e-03 2.222000000000000017e-03
1.300000000000000000e+01 3.100000000000000000e+01 1.200000000000000000e+01 0.000000000000000000e+00 1.600000000000000089e+00 9.610000000000000486e-04 -5.303000000000000422e-03 9.999850000000000128e-01 6.453000000000000402e-03 9.999649999999999928e-01 5.296999999999999625e-03 -9.999789999999999512e-01 6.447999999999999739e-03 9.959999999999999236e-04
1.600000000000000000e+01 3.100000000000000000e+01 1.200000000000000000e+01 0.000000000000000000e+00 1.600000000000000089e+00 8.660000000000000163e-04 1.325999999999999922e-03 9.999989999999999712e-01 4.288000000000000145e-03 9.999900000000000455e-01 -1.329000000000000103e-03 -9.999900000000000455e-01 4.289000000000000278e-03 8.599999999999999789e-04
1.900000000000000000e+01 3.100000000000000000e+01 1.200000000000000000e+01 0.000000000000000000e+00 1.600000000000000089e+00 -6.449999999999999570e-04 1.742000000000000059e-03 9.999980000000000535e-01 4.239999999999999845e-03 9.999900000000000455e-01 -1.740000000000000010e-03 -9.999909999999999632e-01 4.237999999999999580e-03 -6.520000000000000188e-04
2.700000000000000000e+01 3.200000000000000000e+01 1.400000000000000000e+01 0.000000000000000000e+00 1.600000000000000089e+00 2.390000000000000197e-03 1.430000000000000064e-04 -9.999970000000000248e-01 9.603100000000000525e-02 9.953779999999999850e-01 3.719999999999999891e-04 9.953750000000000098e-01 -9.603200000000000625e-02 2.364999999999999915e-03
9.000000000000000000e+00 1.160000000000000000e+02 1.600000000000000000e+01 0.000000000000000000e+00 1.600000000000000089e+00 7.420000000000000380e-04 1.629999999999999939e-03 9.999980000000000535e-01 6.620319999999999538e-01 7.494739999999999736e-01 -1.712999999999999896e-03 -7.494750000000000023e-01 6.620319999999999538e-01 -5.230000000000000274e-04
1.200000000000000000e+01 1.160000000000000000e+02 1.600000000000000000e+01 0.000000000000000000e+00 1.600000000000000089e+00 1.662999999999999982e-03 9.879999999999999460e-04 9.999980000000000535e-01 6.762190000000000145e-01 7.366989999999999927e-01 -1.851999999999999914e-03 -7.366989999999999927e-01 6.762209999999999610e-01 5.569999999999999864e-04
4.000000000000000000e+00 2.000000000000000000e+00 1.900000000000000000e+01 0.000000000000000000e+00 1.600000000000000089e+00 5.800000000000000034e-04 1.923000000000000013e-03 -9.999980000000000535e-01 1.921499999999999875e-01 -9.813640000000000141e-01 -1.776000000000000018e-03 -9.813650000000000428e-01 -1.921489999999999865e-01 -9.380000000000000317e-04
1.000000000000000000e+01 2.000000000000000000e+00 1.900000000000000000e+01 0.000000000000000000e+00 1.600000000000000089e+00 1.188999999999999953e-03 -3.501000000000000206e-03 -9.999930000000000208e-01 1.893910000000000038e-01 -9.818949999999999623e-01 3.663000000000000023e-03 -9.819010000000000238e-01 -1.893940000000000068e-01 -5.050000000000000235e-04
1.400000000000000000e+01 2.000000000000000000e+00 1.900000000000000000e+01 0.000000000000000000e+00 1.600000000000000089e+00 -1.167000000000000069e-03 -7.709999999999999840e-04 -9.999989999999999712e-01 1.917750000000000010e-01 -9.814389999999999503e-01 5.330000000000000536e-04 -9.814380000000000326e-01 -1.917740000000000000e-01 1.293000000000000095e-03
1.800000000000000000e+01 2.000000000000000000e+00 1.900000000000000000e+01 0.000000000000000000e+00 1.600000000000000089e+00 3.739999999999999835e-04 -4.009999999999999893e-04 -1.000000000000000000e+00 1.930709999999999926e-01 -9.811849999999999739e-01 4.659999999999999971e-04 -9.811849999999999739e-01 -1.930709999999999926e-01 -2.889999999999999774e-04
2.100000000000000000e+01 2.000000000000000000e+00 1.900000000000000000e+01 0.000000000000000000e+00 1.600000000000000089e+00 2.120000000000000031e-04 -3.181999999999999933e-03 -9.999949999999999672e-01 1.924460000000000059e-01 -9.813020000000000076e-01 3.163000000000000013e-03 -9.813079999999999581e-01 -1.924460000000000059e-01 4.040000000000000080e-04
2.500000000000000000e+01 2.000000000000000000e+00 1.900000000000000000e+01 0.000000000000000000e+00 1.600000000000000089e+00 7.860000000000000233e-04 -1.869000000000000002e-03 -9.999980000000000535e-01 1.882510000000000017e-01 -9.821189999999999642e-01 1.984000000000000086e-03 -9.821210000000000218e-01 -1.882520000000000027e-01 -4.200000000000000174e-04
2.900000000000000000e+01 2.000000000000000000e+00 1.900000000000000000e+01 0.000000000000000000e+00 1.600000000000000089e+00 1.271999999999999910e-03 -1.296999999999999976e-03 -9.999980000000000535e-01 1.881390000000000007e-01 -9.821410000000000418e-01 1.513000000000000022e-03 -9.821419999999999595e-01 -1.881400000000000017e-01 -1.005000000000000034e-03
2.100000000000000000e+01 4.000000000000000000e+00 2.000000000000000000e+01 0.000000000000000000e+00 1.600000000000000089e+00 -4.920000000000000328e-04 -2.915000000000000056e-03 -9.999959999999999960e-01 2.891090000000000049e-01 -9.572929999999999495e-01 2.648000000000000180e-03 -9.572960000000000358e-01 -2.891059999999999741e-01 1.312999999999999931e-03
7.000000000000000000e+00 1.300000000000000000e+01 2.000000000000000000e+01 0.000000000000000000e+00 1.600000000000000089e+00 -9.680000000000000019e-04 -3.495999999999999976e-03 9.999930000000000208e-01 2.575770000000000004e-01 9.662509999999999710e-01 3.628000000000000148e-03 -9.662570000000000325e-01 2.575779999999999736e-01 -3.499999999999999693e-05
2.100000000000000000e+01 1.300000000000000000e+01 2.000000000000000000e+01 0.000000000000000000e+00 1.600000000000000089e+00 -2.739999999999999923e-04 -4.449999999999999746e-04 1.000000000000000000e+00 2.571350000000000025e-01 9.663749999999999840e-01 5.010000000000000347e-04 -9.663749999999999840e-01 2.571350000000000025e-01 -1.499999999999999869e-04
2.600000000000000000e+01 1.300000000000000000e+01 2.000000000000000000e+01 0.000000000000000000e+00 1.600000000000000089e+00 6.780000000000000002e-04 -6.340000000000000149e-04 1.000000000000000000e+00 2.560379999999999878e-01 9.666670000000000540e-01 4.400000000000000157e-04 -9.666670000000000540e-01 2.560370000000000146e-01 8.170000000000000179e-04
2.900000000000000000e+01 1.300000000000000000e+01 2.000000000000000000e+01 0.000000000000000000e+00 1.600000000000000089e+00 1.154000000000000078e-03 -4.304999999999999799e-03 9.999900000000000455e-01 2.554089999999999971e-01 9.668250000000000455e-01 3.867999999999999911e-03 -9.668330000000000535e-01 2.554020000000000179e-01 2.214999999999999955e-03
2.000000000000000000e+00 3.000000000000000000e+00 2.500000000000000000e+01 0.000000000000000000e+00 1.600000000000000089e+00 4.949000000000000274e-03 -4.421999999999999716e-03 9.999780000000000335e-01 -7.726199999999999735e-02 -9.970029999999999726e-01 -4.026000000000000065e-03 9.969989999999999686e-01 -7.724100000000000410e-02 -5.276000000000000308e-03
1.000000000000000000e+01 3.000000000000000000e+00 2.500000000000000000e+01 0.000000000000000000e+00 1.600000000000000089e+00 1.129000000000000012e-03 -7.889999999999999444e-03 9.999679999999999680e-01 -7.223799999999999666e-02 -9.973570000000000491e-01 -7.787999999999999784e-03 9.973870000000000235e-01 -7.222699999999999954e-02 -1.696000000000000025e-03
1.500000000000000000e+01 3.000000000000000000e+00 2.500000000000000000e+01 0.000000000000000000e+00 1.600000000000000089e+00 5.490000000000000088e-04 -2.193000000000000071e-03 9.999970000000000248e-01 -7.215199999999999392e-02 -9.973910000000000275e-01 -2.148000000000000170e-03 9.973929999999999740e-01 -7.215100000000000680e-02 -7.050000000000000060e-04
1.800000000000000000e+01 3.000000000000000000e+00 2.500000000000000000e+01 0.000000000000000000e+00 1.600000000000000089e+00 8.909999999999999734e-04 -1.549999999999999946e-03 9.999980000000000535e-01 -7.584599999999999675e-02 -9.971179999999999488e-01 -1.477999999999999930e-03 9.971189999999999776e-01 -7.584399999999999475e-02 -1.005999999999999950e-03
2.100000000000000000e+01 3.000000000000000000e+00 2.500000000000000000e+01 0.000000000000000000e+00 1.600000000000000089e+00 1.051999999999999984e-03 -3.629999999999999872e-04 9.999989999999999712e-01 -7.989599999999999480e-02 -9.968029999999999946e-01 -2.770000000000000110e-04 9.968029999999999946e-01 -7.989499999999999380e-02 -1.077999999999999965e-03
2.900000000000000000e+01 3.000000000000000000e+00 2.500000000000000000e+01 0.000000000000000000e+00 1.600000000000000089e+00 7.349999999999999763e-04 -3.370999999999999865e-03 9.999940000000000495e-01 -7.759900000000000131e-02 -9.969789999999999486e-01 -3.302999999999999946e-03 9.969839999999999813e-01 -7.759599999999999831e-02 -9.950000000000000077e-04
1.400000000000000000e+01 4.600000000000000000e+01 2.700000000000000000e+01 0.000000000000000000e+00 1.600000000000000089e+00 -1.234000000000000071e-03 -2.498999999999999919e-03 -9.999959999999999960e-01 6.783350000000000213e-01 7.347479999999999567e-01 -2.674000000000000161e-03 7.347519999999999607e-01 -6.783360000000000500e-01 7.879999999999999635e-04
2.800000000000000000e+01 4.600000000000000000e+01 2.700000000000000000e+01 0.000000000000000000e+00 1.600000000000000089e+00 -1.170000000000000033e-03 5.580000000000000107e-04 -9.999989999999999712e-01 6.707290000000000196e-01 7.417030000000000012e-01 -3.699999999999999947e-04 7.417019999999999724e-01 -6.707290000000000196e-01 -1.242000000000000048e-03
3.000000000000000000e+00 5.800000000000000000e+01 3.100000000000000000e+01 0.000000000000000000e+00 1.600000000000000089e+00 -3.990999999999999756e-03 -7.060000000000000303e-04 9.999919999999999920e-01 -8.049079999999999568e-01 -5.933890000000000553e-01 -3.631000000000000113e-03 5.933859999999999690e-01 -8.049159999999999648e-01 1.799000000000000035e-03
1.100000000000000000e+01 5.800000000000000000e+01 3.100000000000000000e+01 0.000000000000000000e+00 1.600000000000000089e+00 6.642999999999999600e-03 3.105000000000000121e-03 9.999730000000000008e-01 -8.024799999999999711e-01 -5.966360000000000552e-01 7.184000000000000281e-03 5.966420000000000057e-01 -8.025060000000000526e-01 -1.472000000000000001e-03
2.200000000000000000e+01 5.800000000000000000e+01 3.100000000000000000e+01 0.000000000000000000e+00 1.600000000000000089e+00 4.029999999999999837e-04 -5.599999999999999509e-04 1.000000000000000000e+00 -8.056250000000000355e-01 -5.924260000000000081e-01 -6.999999999999999895e-06 5.924260000000000081e-01 -8.056250000000000355e-01 -6.899999999999999667e-04
2.700000000000000000e+01 5.800000000000000000e+01 3.100000000000000000e+01 0.000000000000000000e+00 1.600000000000000089e+00 4.895000000000000046e-03 2.752000000000000106e-03 9.999839999999999840e-01 -7.987959999999999505e-01 -6.015770000000000284e-01 5.565999999999999767e-03 6.015819999999999501e-01 -7.988100000000000200e-01 -7.460000000000000268e-04
1.700000000000000000e+01 2.200000000000000000e+01 3.400000000000000000e+01 0.000000000000000000e+00 1.600000000000000089e+00 8.509999999999999769e-04 8.199999999999999824e-04 9.999989999999999712e-01 3.789460000000000051e-01 -9.254189999999999916e-01 4.360000000000000269e-04 9.254179999999999628e-01 3.789449999999999763e-01 -1.098000000000000018e-03
1.900000000000000000e+01 2.200000000000000000e+01 3.400000000000000000e+01 0.000000000000000000e+00 1.600000000000000089e+00 -3.989999999999999949e-04 4.483000000000000006e-03 9.999900000000000455e-01 3.780240000000000267e-01 -9.257859999999999978e-01 4.301000000000000136e-03 9.257959999999999523e-01 3.780220000000000247e-01 -1.325000000000000006e-03
2.400000000000000000e+01 2.300000000000000000e+01 3.400000000000000000e+01 0.000000000000000000e+00 1.600000000000000089e+00 -1.463000000000000108e-03 -1.320999999999999909e-03 9.999980000000000535e-01 3.999429999999999930e-01 -9.165400000000000214e-01 -6.260000000000000373e-04 9.165389999999999926e-01 3.999409999999999910e-01 1.869999999999999917e-03
2.600000000000000000e+01 2.300000000000000000e+01 3.400000000000000000e+01 0.000000000000000000e+00 1.600000000000000089e+00 -5.529999999999999976e-04 -5.961000000000000153e-03 9.999820000000000375e-01 4.003909999999999969e-01 -9.163289999999999491e-01 -5.240999999999999999e-03 9.163440000000000474e-01 4.003809999999999869e-01 2.893999999999999871e-03
4.000000000000000000e+00 4.600000000000000000e+01 3.500000000000000000e+01 0.000000000000000000e+00 1.600000000000000089e+00 -5.899999999999999754e-05 3.987000000000000093e-03 -9.999919999999999920e-01 3.902510000000000145e-01 -9.207009999999999916e-01 -3.693999999999999801e-03 -9.207079999999999709e-01 -3.902479999999999838e-01 -1.502000000000000080e-03
1.100000000000000000e+01 4.600000000000000000e+01 3.500000000000000000e+01 0.000000000000000000e+00 1.600000000000000089e+00 -1.450000000000000009e-04 -1.099999999999999971e-05 -1.000000000000000000e+00 3.911330000000000084e-01 -9.203339999999999854e-01 -4.699999999999999724e-05 -9.203339999999999854e-01 -3.911330000000000084e-01 1.379999999999999933e-04
1.600000000000000000e+01 4.600000000000000000e+01 3.500000000000000000e+01 0.000000000000000000e+00 1.600000000000000089e+00 -6.350000000000000392e-04 -8.559999999999999901e-04 -9.999989999999999712e-01 3.928269999999999817e-01 -9.196119999999999850e-01 5.379999999999999583e-04 -9.196119999999999850e-01 -3.928269999999999817e-01 9.200000000000000278e-04
2.400000000000000000e+01 4.600000000000000000e+01 3.500000000000000000e+01 0.000000000000000000e+00 1.600000000000000089e+00 1.779999999999999898e-04 1.800000000000000046e-05 -1.000000000000000000e+00 3.923920000000000186e-01 -9.197980000000000045e-01 5.300000000000000078e-05 -9.197980000000000045e-01 -3.923920000000000186e-01 -1.700000000000000122e-04
2.800000000000000000e+01 4.600000000000000000e+01 3.500000000000000000e+01 0.000000000000000000e+00 1.600000000000000089e+00 -6.449999999999999570e-04 -9.539999999999999869e-04 -9.999989999999999712e-01 3.908550000000000080e-01 -9.204520000000000479e-01 6.260000000000000373e-04 -9.204520000000000479e-01 -3.908539999999999792e-01 9.669999999999999776e-04
1.200000000000000000e+01 9.500000000000000000e+01 3.600000000000000000e+01 0.000000000000000000e+00 1.600000000000000089e+00 -7.027000000000000260e-03 -1.046099999999999981e-02 9.999209999999999487e-01 9.971069999999999656e-01 7.560600000000000653e-02 7.798000000000000244e-03 -7.568199999999999927e-02 9.970830000000000526e-01 9.900000000000000813e-03
1.400000000000000000e+01 9.500000000000000000e+01 3.600000000000000000e+01 0.000000000000000000e+00 1.600000000000000089e+00 -7.036999999999999852e-03 -2.049099999999999880e-02 9.997650000000000148e-01 9.970329999999999471e-01 7.649999999999999856e-02 8.585000000000000617e-03 -7.665800000000000392e-02 9.968590000000000506e-01 1.989199999999999996e-02
1.900000000000000000e+01 9.500000000000000000e+01 3.600000000000000000e+01 0.000000000000000000e+00 1.600000000000000089e+00 -3.451000000000000074e-03 1.313100000000000031e-02 9.999080000000000190e-01 9.969869999999999566e-01 7.753000000000000169e-02 2.422999999999999807e-03 -7.749100000000000432e-02 9.969029999999999836e-01 -1.335899999999999935e-02
2.200000000000000000e+01 9.500000000000000000e+01 3.600000000000000000e+01 0.000000000000000000e+00 1.600000000000000089e+00 -6.014000000000000248e-03 1.371299999999999950e-02 9.998879999999999990e-01 9.973990000000000355e-01 7.190699999999999870e-02 5.013000000000000095e-03 -7.183000000000000496e-02 9.973170000000000091e-01 -1.410999999999999928e-02
2.700000000000000000e+01 9.500000000000000000e+01 3.600000000000000000e+01 0.000000000000000000e+00 1.600000000000000089e+00 -5.800999999999999733e-03 -1.069299999999999938e-02 9.999259999999999815e-01 9.975589999999999735e-01 6.952700000000000546e-02 6.531000000000000347e-03 -6.959200000000000108e-02 9.975230000000000485e-01 1.026400000000000055e-02
4.000000000000000000e+00 2.900000000000000000e+01 4.400000000000000000e+01 0.000000000000000000e+00 1.600000000000000089e+00 -7.010000000000000172e-04 -1.036999999999999944e-03 -9.999989999999999712e-01 6.623099999999999543e-01 7.492290000000000338e-01 -1.240999999999999916e-03 7.492299999999999516e-01 -6.623099999999999543e-01 1.620000000000000075e-04
8.000000000000000000e+00 2.900000000000000000e+01 4.400000000000000000e+01 0.000000000000000000e+00 1.600000000000000089e+00 -6.430000000000000169e-04 1.466999999999999988e-03 -9.999989999999999712e-01 6.635990000000000499e-01 7.480879999999999752e-01 6.700000000000000226e-04 7.480879999999999752e-01 -6.635980000000000212e-01 -1.453999999999999997e-03
1.300000000000000000e+01 2.900000000000000000e+01 4.400000000000000000e+01 0.000000000000000000e+00 1.600000000000000089e+00 -5.609999999999999752e-04 4.022000000000000401e-03 -9.999919999999999920e-01 6.706990000000000451e-01 7.417249999999999677e-01 2.606999999999999942e-03 7.417289999999999717e-01 -6.706919999999999549e-01 -3.114000000000000015e-03
2.100000000000000000e+01 2.900000000000000000e+01 4.400000000000000000e+01 0.000000000000000000e+00 1.600000000000000089e+00 -2.550000000000000183e-04 -1.049999999999999935e-03 -9.999989999999999712e-01 6.714210000000000456e-01 7.410750000000000393e-01 -9.489999999999999738e-04 7.410759999999999570e-01 -6.714210000000000456e-01 5.169999999999999899e-04
2.500000000000000000e+01 2.900000000000000000e+01 4.400000000000000000e+01 0.000000000000000000e+00 1.600000000000000089e+00 2.785000000000000149e-03 3.641999999999999838e-03 -9.999900000000000455e-01 6.690230000000000343e-01 7.432269999999999710e-01 4.570000000000000277e-03 7.432360000000000078e-01 -6.690289999999999848e-01 -3.660000000000000059e-04
3.000000000000000000e+00 5.000000000000000000e+00 5.100000000000000000e+01 0.000000000000000000e+00 1.600000000000000089e+00 6.849999999999999535e-04 -6.483000000000000047e-03 -9.999789999999999512e-01 4.958449999999999802e-01 -8.683910000000000240e-01 5.969999999999999613e-03 -8.684110000000000440e-01 -4.958380000000000010e-01 2.618999999999999800e-03
7.000000000000000000e+00 5.000000000000000000e+00 5.100000000000000000e+01 0.000000000000000000e+00 1.600000000000000089e+00 1.644000000000000062e-03 -1.541000000000000052e-03 -9.999970000000000248e-01 4.945430000000000104e-01 -8.691499999999999782e-01 2.151999999999999833e-03 -8.691510000000000069e-01 -4.945459999999999856e-01 -6.669999999999999497e-04
1.100000000000000000e+01 5.000000000000000000e+00 5.100000000000000000e+01 0.000000000000000000e+00 1.600000000000000089e+00 -1.523000000000000048e-03 2.967000000000000019e-03 -9.999949999999999672e-01 4.959549999999999792e-01 -8.683419999999999472e-01 -3.331999999999999892e-03 -8.683469999999999800e-01 -4.959569999999999812e-01 -1.499999999999999869e-04
2.300000000000000000e+01 5.000000000000000000e+00 5.100000000000000000e+01 0.000000000000000000e+00 1.600000000000000089e+00 3.259999999999999877e-03 1.288999999999999998e-03 -9.999940000000000495e-01 4.890439999999999787e-01 -8.722590000000000066e-01 4.699999999999999859e-04 -8.722529999999999450e-01 -4.890430000000000055e-01 -3.474000000000000091e-03
2.700000000000000000e+01 5.000000000000000000e+00 5.100000000000000000e+01 0.000000000000000000e+00 1.600000000000000089e+00 1.142999999999999919e-03 -1.016899999999999922e-02 -9.999479999999999480e-01 4.885590000000000210e-01 -8.724800000000000333e-01 9.431000000000000147e-03 -8.725300000000000278e-01 -4.885439999999999783e-01 3.969999999999999571e-03
1.600000000000000000e+01 6.300000000000000000e+01 5.400000000000000000e+01 0.000000000000000000e+00 1.600000000000000089e+00 -7.129999999999999836e-04 -1.619999999999999912e-03 9.999980000000000535e-01 -3.538930000000000131e-01 9.352850000000000330e-01 1.263000000000000017e-03 -9.352859999999999507e-01 -3.538910000000000111e-01 -1.240000000000000000e-03
2.100000000000000000e+01 6.300000000000000000e+01 5.400000000000000000e+01 0.000000000000000000e+00 1.600000000000000089e+00 -6.980000000000000527e-04 -8.159999999999999936e-04 1.000000000000000000e+00 -3.520730000000000248e-01 9.359730000000000549e-01 5.180000000000000143e-04 -9.359720000000000262e-01 -3.520719999999999961e-01 -9.409999999999999962e-04
2.500000000000000000e+01 6.300000000000000000e+01 5.400000000000000000e+01 0.000000000000000000e+00 1.600000000000000089e+00 1.355000000000000085e-03 3.713999999999999854e-03 9.999919999999999920e-01 -3.499599999999999933e-01 9.367600000000000371e-01 -3.004999999999999859e-03 -9.367640000000000411e-01 -3.499539999999999873e-01 2.569000000000000103e-03
2.900000000000000000e+01 6.300000000000000000e+01 5.400000000000000000e+01 0.000000000000000000e+00 1.600000000000000089e+00 8.339999999999999974e-04 3.690999999999999837e-03 9.999930000000000208e-01 -3.540960000000000218e-01 9.352040000000000353e-01 -3.155999999999999951e-03 -9.352089999999999570e-01 -3.540909999999999891e-01 2.086000000000000180e-03
3.000000000000000000e+00 2.500000000000000000e+01 5.500000000000000000e+01 0.000000000000000000e+00 1.600000000000000089e+00 2.602999999999999845e-03 1.186999999999999904e-03 -9.999959999999999960e-01 -1.485500000000000015e-02 -9.998890000000000278e-01 -1.226000000000000093e-03 -9.998860000000000525e-01 1.485799999999999968e-02 -2.585000000000000058e-03
1.400000000000000000e+01 2.500000000000000000e+01 5.500000000000000000e+01 0.000000000000000000e+00 1.600000000000000089e+00 -9.299999999999999727e-05 3.369000000000000033e-03 -9.999940000000000495e-01 -1.218999999999999945e-02 -9.999200000000000310e-01 -3.367000000000000201e-03 -9.999259999999999815e-01 1.218999999999999945e-02 1.340000000000000045e-04
2.000000000000000000e+01 2.500000000000000000e+01 5.500000000000000000e+01 0.000000000000000000e+00 1.600000000000000089e+00 1.356000000000000000e-03 2.079999999999999818e-03 -9.999970000000000248e-01 -1.069299999999999938e-02 -9.999409999999999688e-01 -2.093999999999999941e-03 -9.999419999999999975e-01 1.069499999999999965e-02 -1.333999999999999899e-03
2.700000000000000000e+01 2.500000000000000000e+01 5.500000000000000000e+01 0.000000000000000000e+00 1.600000000000000089e+00 -9.590000000000000000e-04 -3.699999999999999947e-04 -9.999989999999999712e-01 -1.217599999999999932e-02 -9.999259999999999815e-01 3.820000000000000153e-04 -9.999249999999999527e-01 1.217599999999999932e-02 9.539999999999999869e-04
3.000000000000000000e+00 2.100000000000000000e+01 6.000000000000000000e+01 0.000000000000000000e+00 1.600000000000000089e+00 3.167000000000000110e-03 6.189999999999999756e-04 9.999949999999999672e-01 -9.653599999999999681e-02 9.953290000000000193e-01 -3.110000000000000243e-04 -9.953239999999999865e-01 -9.653399999999999481e-02 3.212000000000000011e-03
8.000000000000000000e+00 2.100000000000000000e+01 6.000000000000000000e+01 0.000000000000000000e+00 1.600000000000000089e+00 -5.067000000000000323e-03 -6.174999999999999933e-03 9.999679999999999680e-01 -9.663299999999999668e-02 9.953039999999999665e-01 5.656999999999999702e-03 -9.953070000000000528e-01 -9.660100000000000631e-02 -5.640000000000000048e-03
1.300000000000000000e+01 2.100000000000000000e+01 6.000000000000000000e+01 0.000000000000000000e+00 1.600000000000000089e+00 -9.380000000000000317e-04 -5.006000000000000033e-03 9.999869999999999592e-01 -9.676700000000000579e-02 9.952950000000000408e-01 4.891999999999999647e-03 -9.953070000000000528e-01 -9.676099999999999979e-02 -1.417999999999999990e-03
1.600000000000000000e+01 3.000000000000000000e+00 6.300000000000000000e+01 0.000000000000000000e+00 1.600000000000000089e+00 1.574000000000000095e-03 -1.039999999999999936e-04 9.999989999999999712e-01 -6.163539999999999575e-01 7.874689999999999745e-01 1.051999999999999984e-03 -7.874679999999999458e-01 -6.163549999999999862e-01 1.175000000000000046e-03
6.000000000000000000e+00 2.700000000000000000e+01 6.300000000000000000e+01 0.000000000000000000e+00 1.600000000000000089e+00 -4.840000000000000010e-04 7.209999999999999612e-04 1.000000000000000000e+00 -2.685139999999999749e-01 9.632749999999999924e-01 -8.249999999999999955e-04 -9.632760000000000211e-01 -2.685139999999999749e-01 -2.730000000000000222e-04
1.400000000000000000e+01 2.700000000000000000e+01 6.300000000000000000e+01 0.000000000000000000e+00 1.600000000000000089e+00 -1.809999999999999977e-03 -3.759999999999999887e-03 9.999909999999999632e-01 -2.677129999999999788e-01 9.634930000000000438e-01 3.138000000000000164e-03 -9.634970000000000478e-01 -2.677050000000000263e-01 -2.749999999999999840e-03
2.200000000000000000e+01 2.700000000000000000e+01 6.300000000000000000e+01 0.000000000000000000e+00 1.600000000000000089e+00 2.099999999999999870e-03 -5.389999999999999826e-04 9.999980000000000535e-01 -2.677740000000000120e-01 9.634810000000000318e-01 1.080999999999999930e-03 -9.634789999999999743e-01 -2.677760000000000140e-01 1.879000000000000028e-03
2.600000000000000000e+01 2.700000000000000000e+01 6.300000000000000000e+01 0.000000000000000000e+00 1.600000000000000089e+00 2.766999999999999928e-03 -4.240000000000000062e-04 9.999959999999999960e-01 -2.681450000000000222e-01 9.633779999999999566e-01 1.149999999999999981e-03 -9.633749999999999813e-01 -2.681470000000000242e-01 2.552000000000000015e-03
1.000000000000000000e+01 2.600000000000000000e+01 6.400000000000000000e+01 0.000000000000000000e+00 1.600000000000000089e+00 -2.013000000000000032e-03 -3.206000000000000082e-03 9.999930000000000208e-01 -3.470130000000000159e-01 9.378579999999999695e-01 2.308000000000000156e-03 -9.378579999999999695e-01 -3.470050000000000079e-01 -3.000000000000000062e-03
1.500000000000000000e+01 2.600000000000000000e+01 6.400000000000000000e+01 0.000000000000000000e+00 1.600000000000000089e+00 -1.463000000000000108e-03 -2.428000000000000037e-03 9.999959999999999960e-01 -3.492390000000000216e-01 9.370319999999999760e-01 1.763999999999999943e-03 -9.370330000000000048e-01 -3.492350000000000176e-01 -2.219000000000000052e-03
2.200000000000000000e+01 2.600000000000000000e+01 6.400000000000000000e+01 0.000000000000000000e+00 1.600000000000000089e+00 1.915999999999999951e-03 3.280000000000000038e-04 9.999980000000000535e-01 -3.497810000000000086e-01 9.368309999999999693e-01 3.629999999999999872e-04 -9.368290000000000228e-01 -3.497810000000000086e-01 1.910000000000000022e-03
2.700000000000000000e+01 2.600000000000000000e+01 6.400000000000000000e+01 0.000000000000000000e+00 1.600000000000000089e+00 2.020000000000000094e-03 -3.089999999999999756e-04 9.999980000000000535e-01 -3.485369999999999857e-01 9.372939999999999605e-01 9.940000000000000918e-04 -9.372930000000000428e-01 -3.485389999999999877e-01 1.786000000000000044e-03
3.000000000000000000e+01 2.600000000000000000e+01 6.400000000000000000e+01 0.000000000000000000e+00 1.600000000000000089e+00 -8.030000000000000028e-04 2.550000000000000183e-04 1.000000000000000000e+00 -3.498729999999999896e-01 9.367969999999999908e-01 -5.199999999999999544e-04 -9.367969999999999908e-01 -3.498740000000000183e-01 -6.620000000000000450e-04
8.000000000000000000e+00 2.500000000000000000e+01 7.300000000000000000e+01 0.000000000000000000e+00 1.600000000000000089e+00 -2.594399999999999831e-02 -2.271499999999999908e-02 9.994049999999999878e-01 7.577030000000000154e-01 -6.525809999999999667e-01 4.837000000000000154e-03 6.520829999999999682e-01 7.573779999999999957e-01 3.414099999999999774e-02
1.600000000000000000e+01 2.500000000000000000e+01 7.300000000000000000e+01 0.000000000000000000e+00 1.600000000000000089e+00 5.779999999999999548e-04 -6.310000000000000504e-04 1.000000000000000000e+00 7.476120000000000543e-01 -6.641350000000000309e-01 -8.509999999999999769e-04 6.641350000000000309e-01 7.476129999999999720e-01 8.799999999999999771e-05
1.900000000000000000e+01 2.500000000000000000e+01 7.300000000000000000e+01 0.000000000000000000e+00 1.600000000000000089e+00 -1.657999999999999969e-03 -1.915000000000000036e-03 9.999970000000000248e-01 7.490909999999999513e-01 -6.624670000000000281e-01 -2.699999999999999899e-05 6.624649999999999705e-01 7.490890000000000049e-01 2.533000000000000095e-03
2.400000000000000000e+01 2.500000000000000000e+01 7.300000000000000000e+01 0.000000000000000000e+00 1.600000000000000089e+00 1.010000000000000047e-03 2.849999999999999886e-04 9.999989999999999712e-01 7.423030000000000461e-01 -6.700639999999999930e-01 -5.580000000000000107e-04 6.700629999999999642e-01 7.423039999999999639e-01 -8.890000000000000333e-04
4.000000000000000000e+00 4.400000000000000000e+01 7.300000000000000000e+01 0.000000000000000000e+00 1.600000000000000089e+00 -1.245999999999999929e-03 -2.926000000000000215e-03 9.999949999999999672e-01 5.143400000000000055e-02 -9.986720000000000041e-01 -2.857999999999999863e-03 9.986760000000000081e-01 5.143099999999999755e-02 1.394999999999999973e-03
9.000000000000000000e+00 4.400000000000000000e+01 7.300000000000000000e+01 0.000000000000000000e+00 1.600000000000000089e+00 -2.262999999999999821e-03 -5.534999999999999989e-03 9.999820000000000375e-01 4.628000000000000169e-02 -9.989139999999999686e-01 -5.424000000000000002e-03 9.989259999999999806e-01 4.626700000000000257e-02 2.516000000000000007e-03
1.500000000000000000e+01 4.400000000000000000e+01 7.300000000000000000e+01 0.000000000000000000e+00 1.600000000000000089e+00 -2.541999999999999989e-03 -9.870000000000000301e-04 9.999959999999999960e-01 4.567899999999999738e-02 -9.989559999999999551e-01 -8.700000000000000051e-04 9.989529999999999799e-01 4.567700000000000232e-02 2.585000000000000058e-03
2.000000000000000000e+01 4.400000000000000000e+01 7.300000000000000000e+01 0.000000000000000000e+00 1.600000000000000089e+00 -1.910000000000000077e-04 -8.009999999999999542e-04 1.000000000000000000e+00 4.373900000000000010e-02 -9.990430000000000144e-01 -7.919999999999999523e-04 9.990430000000000144e-01 4.373900000000000010e-02 2.259999999999999910e-04
2.500000000000000000e+01 4.400000000000000000e+01 7.300000000000000000e+01 0.000000000000000000e+00 1.600000000000000089e+00 -9.899999999999999404e-05 -1.056000000000000081e-03 9.999989999999999712e-01 4.341799999999999826e-02 -9.990560000000000551e-01 -1.051000000000000068e-03 9.990569999999999729e-01 4.341799999999999826e-02 1.450000000000000009e-04
1.800000000000000000e+01 5.100000000000000000e+01 7.600000000000000000e+01 0.000000000000000000e+00 1.600000000000000089e+00 2.858999999999999996e-03 4.268000000000000092e-03 -9.999869999999999592e-01 -4.026480000000000059e-01 -9.153409999999999602e-01 -5.057999999999999996e-03 -9.153499999999999970e-01 4.026569999999999871e-01 -8.989999999999999511e-04
