8.000000000000000000e+00 2.500000000000000000e+01 1.000000000000000000e+00 0.000000000000000000e+00 1.600000000000000089e+00 -2.139999999999999975e-03 -7.910999999999999630e-03 -9.999660000000000215e-01 -5.211729999999999974e-01 -8.534150000000000347e-01 7.867000000000000728e-03 -8.534479999999999844e-01 5.211729999999999974e-01 -2.295999999999999864e-03
5.000000000000000000e+00 1.800000000000000000e+01 3.000000000000000000e+00 0.000000000000000000e+00 1.600000000000000089e+00 9.025999999999999301e-03 5.249000000000000193e-03 -9.999460000000000015e-01 -7.773970000000000047e-01 -6.289259999999999851e-01 -1.031900000000000005e-02 -6.289460000000000051e-01 7.774469999999999992e-01 -1.595999999999999979e-03
9.000000000000000000e+00 2.100000000000000000e+01 4.000000000000000000e+00 0.000000000000000000e+00 1.600000000000000089e+00 -1.044999999999999922e-03 -3.409999999999999945e-04 -9.999989999999999712e-01 -6.566290000000000182e-01 -7.542130000000000223e-01 9.430000000000000448e-04 -7.542130000000000223e-01 6.566290000000000182e-01 5.649999999999999641e-04
1.200000000000000000e+01 2.100000000000000000e+01 4.000000000000000000e+00 0.000000000000000000e+00 1.600000000000000089e+00 -2.005999999999999971e-03 2.773999999999999990e-03 -9.999940000000000495e-01 -6.573539999999999939e-01 -7.535809999999999453e-01 -7.720000000000000083e-04 -7.535789999999999988e-01 6.573489999999999611e-01 3.334999999999999857e-03
8.000000000000000000e+00 1.010000000000000000e+02 7.000000000000000000e+00 0.000000000000000000e+00 1.600000000000000089e+00 6.465000000000000260e-03 2.934600000000000056e-02 9.995479999999999920e-01 8.854030000000000511e-01 4.644209999999999727e-01 -1.936200000000000074e-02 -4.647800000000000264e-01 8.851280000000000259e-01 -2.298000000000000043e-02
1.600000000000000000e+01 1.010000000000000000e+02 7.000000000000000000e+00 0.000000000000000000e+00 1.600000000000000089e+00 -8.459999999999999638e-04 2.505999999999999981e-03 9.999970000000000248e-01 8.905859999999999888e-01 4.548139999999999961e-01 -3.860000000000000041e-04 -4.548130000000000228e-01 8.905830000000000135e-01 -2.616999999999999969e-03
2.500000000000000000e+01 1.010000000000000000e+02 7.000000000000000000e+00 0.000000000000000000e+00 1.600000000000000089e+00 4.060000000000000024e-04 2.256500000000000172e-02 9.997449999999999948e-01 8.878829999999999778e-01 4.599440000000000195e-01 -1.074199999999999981e-02 -4.600699999999999790e-01 8.876610000000000333e-01 -1.984800000000000106e-02
2.000000000000000000e+00 2.500000000000000000e+01 8.000000000000000000e+00 0.000000000000000000e+00 1.600000000000000089e+00 5.010999999999999829e-03 -5.036500000000000005e-02 -9.987179999999999946e-01 4.418500000000000205e-01 8.960590000000000499e-01 -4.297100000000000225e-02 8.970749999999999558e-01 -4.410689999999999888e-01 2.674400000000000041e-02
6.000000000000000000e+00 2.500000000000000000e+01 8.000000000000000000e+00 0.000000000000000000e+00 1.600000000000000089e+00 1.404999999999999999e-03 -2.200799999999999979e-02 -9.997570000000000068e-01 4.406180000000000097e-01 8.974910000000000387e-01 -1.913799999999999876e-02 8.976929999999999632e-01 -4.404839999999999867e-01 1.095800000000000073e-02
1.600000000000000000e+01 2.500000000000000000e+01 8.000000000000000000e+00 0.000000000000000000e+00 1.600000000000000089e+00 -5.800000000000000034e-05 1.744700000000000070e-02 -9.998479999999999590e-01 4.423889999999999767e-01 8.966870000000000118e-01 1.562099999999999947e-02 8.968230000000000368e-01 -4.423210000000000197e-01 -7.769999999999999997e-03
2.100000000000000000e+01 2.500000000000000000e+01 8.000000000000000000e+00 0.000000000000000000e+00 1.600000000000000089e+00 -4.440000000000000045e-04 5.388000000000000428e-03 -9.999850000000000128e-01 4.421900000000000275e-01 8.969099999999999850e-01 4.636999999999999629e-03 8.969209999999999683e-01 -4.421809999999999907e-01 -2.781000000000000052e-03
2.600000000000000000e+01 2.500000000000000000e+01 8.000000000000000000e+00 0.000000000000000000e+00 1.600000000000000089e+00 1.618000000000000081e-03 3.706999999999999792e-03 -9.999919999999999920e-01 4.395430000000000170e-01 8.982130000000000392e-01 4.041000000000000321e-03 8.982200000000000184e-01 -4.395459999999999923e-01 -1.759999999999999954e-04
2.900000000000000000e+01 2.500000000000000000e+01 8.000000000000000000e+00 0.000000000000000000e+00 1.600000000000000089e+00 1.279999999999999942e-04 6.877000000000000300e-03 -9.999759999999999760e-01 4.381459999999999799e-01 8.988819999999999588e-01 6.237999999999999622e-03 8.989040000000000363e-01 -4.381369999999999987e-01 -2.897999999999999968e-03
1.000000000000000000e+00 2.400000000000000000e+01 9.000000000000000000e+00 0.000000000000000000e+00 1.600000000000000089e+00 3.527000000000000187e-03 -3.566899999999999932e-02 -9.993570000000000508e-01 4.450500000000000012e-01 8.949899999999999523e-01 -3.037300000000000069e-02 8.954990000000000450e-01 -4.446570000000000245e-01 1.903099999999999931e-02
7.000000000000000000e+00 2.400000000000000000e+01 9.000000000000000000e+00 0.000000000000000000e+00 1.600000000000000089e+00 6.819999999999999890e-04 -1.412700000000000067e-02 -9.999000000000000110e-01 4.459009999999999918e-01 8.949970000000000425e-01 -1.234099999999999954e-02 8.950820000000000443e-01 -4.458480000000000221e-01 6.910000000000000343e-03
1.400000000000000000e+01 2.400000000000000000e+01 9.000000000000000000e+00 0.000000000000000000e+00 1.600000000000000089e+00 2.151999999999999833e-03 7.442999999999999963e-03 -9.999700000000000255e-01 4.497780000000000111e-01 8.931080000000000130e-01 7.615000000000000241e-03 8.931379999999999875e-01 -4.497809999999999864e-01 -1.425999999999999967e-03
1.800000000000000000e+01 2.400000000000000000e+01 9.000000000000000000e+00 0.000000000000000000e+00 1.600000000000000089e+00 -2.262000000000000122e-03 2.015399999999999830e-02 -9.997939999999999605e-01 4.489130000000000065e-01 8.934140000000000414e-01 1.699399999999999869e-02 8.935720000000000329e-01 -4.487829999999999875e-01 -1.106799999999999971e-02
2.600000000000000000e+01 2.400000000000000000e+01 9.000000000000000000e+00 0.000000000000000000e+00 1.600000000000000089e+00 2.027999999999999855e-03 4.596000000000000259e-03 -9.999869999999999592e-01 4.461030000000000273e-01 8.949669999999999570e-01 5.016999999999999758e-03 8.949789999999999690e-01 -4.461080000000000045e-01 -2.349999999999999930e-04
1.400000000000000000e+01 3.500000000000000000e+01 1.200000000000000000e+01 0.000000000000000000e+00 1.600000000000000089e+00 1.459999999999999981e-04 -1.103000000000000031e-03 -9.999989999999999712e-01 4.042959999999999887e-01 -9.146279999999999966e-01 1.067999999999999939e-03 -9.146279999999999966e-01 -4.042959999999999887e-01 3.130000000000000187e-04
2.000000000000000000e+01 3.500000000000000000e+01 1.200000000000000000e+01 0.000000000000000000e+00 1.600000000000000089e+00 1.075999999999999917e-03 4.913999999999999965e-03 -9.999869999999999592e-01 4.029269999999999796e-01 -9.152230000000000087e-01 -4.063999999999999904e-03 -9.152310000000000167e-01 -4.029179999999999984e-01 -2.965000000000000187e-03
2.300000000000000000e+01 3.500000000000000000e+01 1.200000000000000000e+01 0.000000000000000000e+00 1.600000000000000089e+00 -1.925000000000000062e-03 3.714999999999999986e-03 -9.999909999999999632e-01 4.109709999999999752e-01 -9.116389999999999771e-01 -4.178000000000000290e-03 -9.116459999999999564e-01 -4.109760000000000080e-01 2.280000000000000126e-04
2.800000000000000000e+01 3.500000000000000000e+01 1.200000000000000000e+01 0.000000000000000000e+00 1.600000000000000089e+00 -2.497999999999999787e-03 6.238999999999999754e-03 -9.999770000000000048e-01 4.195619999999999905e-01 -9.077020000000000088e-01 -6.710999999999999951e-03 -9.077229999999999466e-01 -4.195699999999999985e-01 -3.499999999999999964e-04
2.500000000000000000e+01 3.200000000000000000e+01 1.400000000000000000e+01 0.000000000000000000e+00 1.600000000000000089e+00 4.550000000000000008e-04 -2.799999999999999958e-05 -1.000000000000000000e+00 1.234370000000000051e-01 9.923520000000000119e-01 2.799999999999999958e-05 9.923520000000000119e-01 -1.234370000000000051e-01 4.550000000000000008e-04
3.000000000000000000e+00 1.300000000000000000e+01 1.600000000000000000e+01 0.000000000000000000e+00 1.600000000000000089e+00 4.180000000000000230e-04 4.876400000000000179e-02 9.988099999999999756e-01 1.203980000000000050e-01 -9.915469999999999562e-01 4.835899999999999921e-02 9.927259999999999973e-01 1.202339999999999937e-01 -6.285999999999999921e-03
8.000000000000000000e+00 1.300000000000000000e+01 1.600000000000000000e+01 0.000000000000000000e+00 1.600000000000000089e+00 9.150000000000000147e-04 3.723900000000000127e-02 9.993060000000000276e-01 1.115580000000000044e-01 -9.930719999999999548e-01 3.690500000000000030e-02 9.937570000000000014e-01 1.114470000000000044e-01 -5.062999999999999792e-03
1.800000000000000000e+01 1.300000000000000000e+01 1.600000000000000000e+01 0.000000000000000000e+00 1.600000000000000089e+00 2.197000000000000168e-03 -2.064300000000000163e-02 9.997840000000000060e-01 1.174930000000000002e-01 -9.928569999999999895e-01 -2.075799999999999867e-02 9.930710000000000370e-01 1.175130000000000063e-01 2.439999999999999949e-04
2.500000000000000000e+01 1.300000000000000000e+01 1.600000000000000000e+01 0.000000000000000000e+00 1.600000000000000089e+00 6.532999999999999745e-03 -5.735099999999999920e-02 9.983330000000000259e-01 1.397069999999999979e-01 -9.885099999999999998e-01 -5.770100000000000229e-02 9.901710000000000234e-01 1.398510000000000031e-01 1.554000000000000043e-03
1.000000000000000000e+01 2.000000000000000000e+00 1.900000000000000000e+01 0.000000000000000000e+00 1.600000000000000089e+00 -5.140999999999999737e-03 5.772000000000000221e-03 -9.999700000000000255e-01 2.841779999999999862e-01 -9.587459999999999871e-01 -6.995000000000000349e-03 -9.587579999999999991e-01 -2.842060000000000142e-01 3.288999999999999823e-03
2.000000000000000000e+01 2.000000000000000000e+00 1.900000000000000000e+01 0.000000000000000000e+00 1.600000000000000089e+00 2.229000000000000078e-03 -9.074000000000000468e-03 -9.999559999999999560e-01 2.906859999999999999e-01 -9.567729999999999846e-01 9.329999999999999752e-03 -9.568159999999999998e-01 -2.906940000000000079e-01 5.050000000000000235e-04
2.000000000000000000e+00 3.000000000000000000e+00 1.900000000000000000e+01 0.000000000000000000e+00 1.600000000000000089e+00 -5.008000000000000299e-03 2.074799999999999908e-02 -9.997719999999999940e-01 3.189540000000000153e-01 -9.475320000000000409e-01 -2.126099999999999865e-02 -9.477569999999999606e-01 -3.189879999999999938e-01 -1.871999999999999966e-03
5.000000000000000000e+00 3.000000000000000000e+00 1.900000000000000000e+01 0.000000000000000000e+00 1.600000000000000089e+00 -3.739000000000000136e-03 1.937200000000000033e-02 -9.998050000000000548e-01 3.122449999999999948e-01 -9.497999999999999776e-01 -1.957100000000000159e-02 -9.499940000000000051e-01 -3.122570000000000068e-01 -2.497000000000000088e-03
1.500000000000000000e+01 3.000000000000000000e+00 1.900000000000000000e+01 0.000000000000000000e+00 1.600000000000000089e+00 -8.600000000000000331e-05 4.809999999999999823e-04 -1.000000000000000000e+00 3.037509999999999932e-01 -9.527510000000000145e-01 -4.840000000000000010e-04 -9.527510000000000145e-01 -3.037509999999999932e-01 -6.499999999999999431e-05
2.400000000000000000e+01 3.000000000000000000e+00 1.900000000000000000e+01 0.000000000000000000e+00 1.600000000000000089e+00 8.224999999999999672e-03 -1.703899999999999859e-02 -9.998209999999999598e-01 3.233159999999999923e-01 -9.461039999999999450e-01 1.878300000000000108e-02 -9.462549999999999573e-01 -3.234130000000000060e-01 -2.272999999999999847e-03
2.900000000000000000e+01 3.000000000000000000e+00 1.900000000000000000e+01 0.000000000000000000e+00 1.600000000000000089e+00 9.766000000000000375e-03 -2.600699999999999887e-02 -9.996140000000000025e-01 3.312240000000000184e-01 -9.431429999999999536e-01 2.777400000000000008e-02 -9.435019999999999518e-01 -3.313670000000000226e-01 -5.959999999999999586e-04
2.000000000000000000e+00 4.000000000000000000e+00 2.000000000000000000e+01 0.000000000000000000e+00 1.600000000000000089e+00 -5.465000000000000240e-03 2.010699999999999987e-02 -9.997829999999999773e-01 4.256719999999999948e-01 -9.046450000000000324e-01 -2.052100000000000105e-02 -9.048610000000000264e-01 -4.256920000000000148e-01 -3.615000000000000158e-03
6.000000000000000000e+00 4.000000000000000000e+00 2.000000000000000000e+01 0.000000000000000000e+00 1.600000000000000089e+00 -4.377999999999999947e-03 1.796299999999999980e-02 -9.998289999999999678e-01 4.239419999999999855e-01 -9.055079999999999796e-01 -1.812499999999999875e-02 -9.056790000000000118e-01 -4.239479999999999915e-01 -3.651000000000000165e-03
1.500000000000000000e+01 4.000000000000000000e+00 2.000000000000000000e+01 0.000000000000000000e+00 1.600000000000000089e+00 6.480000000000000300e-04 2.510000000000000078e-03 -9.999970000000000248e-01 4.280329999999999968e-01 -9.037610000000000365e-01 -1.991000000000000148e-03 -9.037629999999999830e-01 -4.280300000000000216e-01 -1.660000000000000017e-03
1.800000000000000000e+01 4.000000000000000000e+00 2.000000000000000000e+01 0.000000000000000000e+00 1.600000000000000089e+00 2.622999999999999898e-03 -5.105000000000000163e-03 -9.999839999999999840e-01 4.304430000000000200e-01 -9.025999999999999579e-01 5.736999999999999912e-03 -9.026140000000000274e-01 -4.304509999999999725e-01 -1.700000000000000122e-04
2.400000000000000000e+01 4.000000000000000000e+00 2.000000000000000000e+01 0.000000000000000000e+00 1.600000000000000089e+00 7.239999999999999908e-03 -1.820499999999999896e-02 -9.998080000000000300e-01 4.356459999999999777e-01 -8.999059999999999837e-01 1.954099999999999934e-02 -9.000890000000000279e-01 -4.357039999999999802e-01 1.415000000000000025e-03
2.900000000000000000e+01 4.000000000000000000e+00 2.000000000000000000e+01 0.000000000000000000e+00 1.600000000000000089e+00 7.126999999999999655e-03 -2.881999999999999840e-02 -9.995589999999999753e-01 4.321519999999999806e-01 -9.013320000000000221e-01 2.906900000000000109e-02 -9.017730000000000468e-01 -4.321679999999999966e-01 6.030999999999999903e-03
5.000000000000000000e+00 1.300000000000000000e+01 2.000000000000000000e+01 0.000000000000000000e+00 1.600000000000000089e+00 -1.038000000000000077e-03 1.765000000000000076e-03 9.999980000000000535e-01 3.044680000000000164e-01 9.525219999999999798e-01 -1.364999999999999894e-03 -9.525219999999999798e-01 3.044660000000000144e-01 -1.526000000000000013e-03
1.400000000000000000e+01 1.300000000000000000e+01 2.000000000000000000e+01 0.000000000000000000e+00 1.600000000000000089e+00 -5.550000000000000462e-04 1.366000000000000027e-03 9.999989999999999712e-01 3.126900000000000235e-01 9.498539999999999761e-01 -1.123999999999999999e-03 -9.498550000000000049e-01 3.126889999999999947e-01 -9.550000000000000112e-04
2.000000000000000000e+01 1.300000000000000000e+01 2.000000000000000000e+01 0.000000000000000000e+00 1.600000000000000089e+00 -5.300000000000000078e-05 4.616000000000000311e-03 9.999890000000000168e-01 3.102599999999999802e-01 9.506419999999999870e-01 -4.372000000000000018e-03 -9.506520000000000525e-01 3.102570000000000050e-01 -1.482999999999999943e-03
2.500000000000000000e+01 1.300000000000000000e+01 2.000000000000000000e+01 0.000000000000000000e+00 1.600000000000000089e+00 6.000000000000000152e-06 1.103999999999999947e-02 9.999390000000000223e-01 3.052730000000000166e-01 9.522070000000000256e-01 -1.051500000000000004e-02 -9.522650000000000281e-01 3.052540000000000253e-01 -3.363999999999999803e-03
9.000000000000000000e+00 1.400000000000000000e+01 2.000000000000000000e+01 0.000000000000000000e+00 1.600000000000000089e+00 2.199999999999999943e-05 1.699999999999999905e-03 9.999989999999999712e-01 2.671819999999999751e-01 9.636449999999999738e-01 -1.644000000000000062e-03 -9.636460000000000026e-01 2.671819999999999751e-01 -4.330000000000000081e-04
2.000000000000000000e+00 1.600000000000000000e+01 2.100000000000000000e+01 0.000000000000000000e+00 1.600000000000000089e+00 -1.890000000000000133e-04 4.144000000000000114e-03 9.999909999999999632e-01 3.019800000000000262e-01 9.533059999999999867e-01 -3.893000000000000193e-03 -9.533139999999999947e-01 3.019769999999999954e-01 -1.430999999999999980e-03
9.000000000000000000e+00 1.600000000000000000e+01 2.100000000000000000e+01 0.000000000000000000e+00 1.600000000000000089e+00 4.910000000000000085e-04 7.257000000000000429e-03 9.999740000000000295e-01 3.035459999999999825e-01 9.527910000000000545e-01 -7.063999999999999967e-03 -9.528170000000000250e-01 3.035410000000000053e-01 -1.734999999999999997e-03
1.400000000000000000e+01 1.600000000000000000e+01 2.100000000000000000e+01 0.000000000000000000e+00 1.600000000000000089e+00 -1.124999999999999915e-03 1.620000000000000075e-04 9.999989999999999712e-01 3.043219999999999814e-01 9.525689999999999991e-01 1.890000000000000133e-04 -9.525689999999999991e-01 3.043219999999999814e-01 -1.121000000000000035e-03
2.100000000000000000e+01 1.600000000000000000e+01 2.100000000000000000e+01 0.000000000000000000e+00 1.600000000000000089e+00 3.780000000000000265e-04 -2.562000000000000041e-03 9.999970000000000248e-01 3.081329999999999902e-01 9.513399999999999634e-01 2.321000000000000146e-03 -9.513430000000000497e-01 3.081309999999999882e-01 1.149000000000000065e-03
8.000000000000000000e+00 4.200000000000000000e+01 2.500000000000000000e+01 0.000000000000000000e+00 1.600000000000000089e+00 1.377500000000000079e-02 -6.682390000000000274e-01 7.438190000000000079e-01 -4.466689999999999827e-01 6.614299999999999624e-01 6.024929999999999453e-01 -8.945929999999999715e-01 -3.405400000000000094e-01 -2.893700000000000161e-01
1.400000000000000000e+01 4.600000000000000000e+01 2.700000000000000000e+01 0.000000000000000000e+00 1.600000000000000089e+00 -3.426999999999999925e-03 8.559999999999999901e-04 -9.999940000000000495e-01 6.811800000000000077e-01 7.321140000000000425e-01 -1.708000000000000100e-03 7.321079999999999810e-01 -6.811810000000000365e-01 -3.092000000000000130e-03
9.000000000000000000e+00 3.900000000000000000e+01 2.900000000000000000e+01 0.000000000000000000e+00 1.600000000000000089e+00 -1.621569999999999956e-01 -9.313230000000000119e-01 3.261009999999999742e-01 5.397769999999999513e-01 -3.603660000000000196e-01 -7.607739999999999503e-01 8.260429999999999717e-01 5.265700000000000242e-02 5.611429999999999474e-01
1.800000000000000000e+01 4.600000000000000000e+01 3.000000000000000000e+01 0.000000000000000000e+00 1.600000000000000089e+00 -5.099999999999999960e-05 4.960000000000000216e-04 -1.000000000000000000e+00 3.284369999999999790e-01 9.445259999999999767e-01 4.510000000000000120e-04 9.445259999999999767e-01 -3.284369999999999790e-01 -2.110000000000000059e-04
2.300000000000000000e+01 4.600000000000000000e+01 3.000000000000000000e+01 0.000000000000000000e+00 1.600000000000000089e+00 -2.130000000000000003e-04 -1.765999999999999992e-03 -9.999980000000000535e-01 3.304529999999999967e-01 9.438210000000000210e-01 -1.737000000000000046e-03 9.438229999999999675e-01 -3.304520000000000235e-01 3.829999999999999854e-04
3.000000000000000000e+00 5.800000000000000000e+01 3.100000000000000000e+01 0.000000000000000000e+00 1.600000000000000089e+00 7.896999999999999506e-03 1.392099999999999935e-02 9.998719999999999830e-01 -7.943259999999999765e-01 -6.073129999999999917e-01 1.472900000000000077e-02 6.074410000000000087e-01 -7.943400000000000460e-01 6.262000000000000205e-03
1.000000000000000000e+01 5.800000000000000000e+01 3.100000000000000000e+01 0.000000000000000000e+00 1.600000000000000089e+00 5.689999999999999529e-04 8.505999999999999672e-03 9.999639999999999640e-01 -8.015510000000000135e-01 -5.979010000000000158e-01 5.542000000000000051e-03 5.979259999999999575e-01 -8.015250000000000430e-01 6.478000000000000251e-03
1.300000000000000000e+01 5.800000000000000000e+01 3.100000000000000000e+01 0.000000000000000000e+00 1.600000000000000089e+00 -8.220000000000000310e-04 -4.699999999999999724e-05 1.000000000000000000e+00 -8.001160000000000494e-01 -5.998459999999999903e-01 -6.859999999999999779e-04 5.998449999999999616e-01 -8.001160000000000494e-01 4.560000000000000251e-04
2.000000000000000000e+01 5.800000000000000000e+01 3.100000000000000000e+01 0.000000000000000000e+00 1.600000000000000089e+00 -2.001000000000000174e-03 -1.794999999999999938e-03 9.999959999999999960e-01 -8.009990000000000165e-01 -5.986590000000000522e-01 -2.677000000000000126e-03 5.986620000000000275e-01 -8.010019999999999918e-01 -2.400000000000000061e-04
2.300000000000000000e+01 5.800000000000000000e+01 3.100000000000000000e+01 0.000000000000000000e+00 1.600000000000000089e+00 -1.523999999999999964e-03 -3.820000000000000153e-04 9.999989999999999712e-01 -8.017619999999999747e-01 -5.976409999999999778e-01 -1.449999999999999900e-03 5.976409999999999778e-01 -8.017630000000000035e-01 6.040000000000000447e-04
2.800000000000000000e+01 5.800000000000000000e+01 3.100000000000000000e+01 0.000000000000000000e+00 1.600000000000000089e+00 6.879999999999999831e-03 1.868000000000000086e-03 9.999749999999999472e-01 -8.001589999999999536e-01 -5.997519999999999518e-01 6.624999999999999813e-03 5.997489999999999766e-01 -8.001840000000000064e-01 -2.631999999999999791e-03
4.000000000000000000e+00 2.300000000000000000e+01 3.400000000000000000e+01 0.000000000000000000e+00 1.600000000000000089e+00 1.345999999999999974e-03 7.257999999999999695e-03 9.999730000000000008e-01 3.957209999999999894e-01 -9.183499999999999996e-01 6.133000000000000430e-03 9.183700000000000196e-01 3.957019999999999982e-01 -4.107999999999999673e-03
8.000000000000000000e+00 2.300000000000000000e+01 3.400000000000000000e+01 0.000000000000000000e+00 1.600000000000000089e+00 3.582999999999999814e-03 2.030999999999999819e-03 9.999919999999999920e-01 3.981169999999999987e-01 -9.173350000000000115e-01 4.369999999999999970e-04 9.173280000000000323e-01 3.981120000000000214e-01 -4.094999999999999682e-03
1.000000000000000000e+01 4.600000000000000000e+01 3.500000000000000000e+01 0.000000000000000000e+00 1.600000000000000089e+00 -6.412000000000000165e-03 -1.596220000000000139e-01 -9.871569999999999512e-01 3.834890000000000243e-01 -9.120930000000000426e-01 1.449930000000000108e-01 -9.235229999999999828e-01 -3.776340000000000252e-01 6.706099999999999561e-02
1.500000000000000000e+01 4.600000000000000000e+01 3.500000000000000000e+01 0.000000000000000000e+00 1.600000000000000089e+00 3.780000000000000265e-04 5.793000000000000406e-03 -9.999829999999999552e-01 3.907809999999999895e-01 -9.204689999999999817e-01 -5.185000000000000372e-03 -9.204839999999999689e-01 -3.907720000000000082e-01 -2.612000000000000172e-03
1.900000000000000000e+01 4.600000000000000000e+01 3.500000000000000000e+01 0.000000000000000000e+00 1.600000000000000089e+00 -1.547999999999999897e-03 7.191000000000000343e-03 -9.999730000000000008e-01 3.914850000000000274e-01 -9.201559999999999739e-01 -7.224000000000000386e-03 -9.201829999999999732e-01 -3.914860000000000007e-01 -1.391000000000000092e-03
2.600000000000000000e+01 4.600000000000000000e+01 3.500000000000000000e+01 0.000000000000000000e+00 1.600000000000000089e+00 5.670000000000000127e-04 -5.014000000000000228e-03 -9.999869999999999592e-01 3.910469999999999779e-01 -9.203580000000000094e-01 4.837000000000000154e-03 -9.203710000000000502e-01 -3.910440000000000027e-01 1.438999999999999958e-03
4.000000000000000000e+00 9.500000000000000000e+01 3.600000000000000000e+01 0.000000000000000000e+00 1.600000000000000089e+00 3.710000000000000190e-04 -4.346400000000000263e-02 9.990550000000000264e-01 9.984349999999999614e-01 5.588100000000000012e-02 2.060000000000000199e-03 -5.591700000000000143e-02 9.974910000000000165e-01 4.341699999999999726e-02
5.000000000000000000e+00 9.500000000000000000e+01 3.700000000000000000e+01 0.000000000000000000e+00 1.600000000000000089e+00 2.399999999999999790e-03 -2.280799999999999841e-02 9.997369999999999868e-01 9.972630000000000106e-01 7.392999999999999572e-02 -7.069999999999999462e-04 -7.389400000000000135e-02 9.970029999999999726e-01 2.292299999999999893e-02
4.000000000000000000e+00 5.000000000000000000e+01 4.200000000000000000e+01 0.000000000000000000e+00 1.600000000000000089e+00 -3.387649999999999828e-01 7.879599999999999937e-01 -5.141580000000000039e-01 -5.900189999999999602e-01 2.477540000000000020e-01 7.684370000000000367e-01 7.328820000000000334e-01 5.636820000000000164e-01 3.809810000000000141e-01
4.000000000000000000e+00 5.100000000000000000e+01 4.300000000000000000e+01 0.000000000000000000e+00 1.600000000000000089e+00 -2.579779999999999851e-01 7.021500000000000519e-01 -6.636509999999999909e-01 -5.578220000000000400e-01 4.525989999999999736e-01 6.956930000000000058e-01 7.888490000000000224e-01 5.496729999999999672e-01 2.749139999999999917e-01
2.000000000000000000e+00 2.900000000000000000e+01 4.400000000000000000e+01 0.000000000000000000e+00 1.600000000000000089e+00 1.501199999999999930e-02 1.732399999999999912e-02 -9.997369999999999868e-01 7.981000000000000316e-01 6.021069999999999478e-01 2.241800000000000043e-02 6.023370000000000113e-01 -7.982270000000000199e-01 -4.786999999999999589e-03
1.200000000000000000e+01 2.900000000000000000e+01 4.400000000000000000e+01 0.000000000000000000e+00 1.600000000000000089e+00 5.807999999999999795e-03 1.019100000000000041e-02 -9.999310000000000143e-01 6.965160000000000240e-01 7.174509999999999499e-01 1.135800000000000004e-02 7.175179999999999891e-01 -6.965339999999999865e-01 -2.931000000000000012e-03
1.600000000000000000e+01 2.900000000000000000e+01 4.400000000000000000e+01 0.000000000000000000e+00 1.600000000000000089e+00 -7.370000000000000249e-04 4.722999999999999768e-03 -9.999890000000000168e-01 6.600030000000000063e-01 7.512569999999999526e-01 3.062000000000000052e-03 7.512630000000000141e-01 -6.599930000000000518e-01 -3.670999999999999784e-03
2.000000000000000000e+01 2.900000000000000000e+01 4.400000000000000000e+01 0.000000000000000000e+00 1.600000000000000089e+00 -1.350000000000000071e-03 2.007000000000000103e-03 -9.999970000000000248e-01 6.544870000000000410e-01 7.560729999999999951e-01 6.340000000000000149e-04 7.560719999999999663e-01 -6.544849999999999834e-01 -2.334999999999999836e-03
2.400000000000000000e+01 2.900000000000000000e+01 4.400000000000000000e+01 0.000000000000000000e+00 1.600000000000000089e+00 1.306000000000000086e-03 1.061000000000000094e-03 -9.999989999999999712e-01 6.599080000000000501e-01 7.513450000000000406e-01 1.659000000000000101e-03 7.513450000000000406e-01 -6.599089999999999678e-01 2.820000000000000241e-04
2.800000000000000000e+01 2.900000000000000000e+01 4.400000000000000000e+01 0.000000000000000000e+00 1.600000000000000089e+00 9.899999999999999946e-04 -2.275000000000000112e-03 -9.999970000000000248e-01 6.591040000000000232e-01 7.520510000000000250e-01 -1.057999999999999913e-03 7.520520000000000538e-01 -6.591000000000000192e-01 2.243999999999999901e-03
1.500000000000000000e+01 6.500000000000000000e+01 4.600000000000000000e+01 0.000000000000000000e+00 1.600000000000000089e+00 1.572999999999999962e-03 7.669999999999999951e-04 9.999980000000000535e-01 6.806149999999999700e-01 -7.326409999999999867e-01 -5.090000000000000123e-04 7.326390000000000402e-01 6.806149999999999700e-01 -1.675000000000000057e-03
1.400000000000000000e+01 7.000000000000000000e+01 4.700000000000000000e+01 0.000000000000000000e+00 1.600000000000000089e+00 1.899999999999999996e-03 5.416999999999999940e-03 -9.999839999999999840e-01 -8.362640000000000073e-01 -5.483090000000000463e-01 -4.558999999999999685e-03 -5.483240000000000336e-01 8.362579999999999458e-01 3.488000000000000215e-03
2.000000000000000000e+00 2.900000000000000000e+01 4.800000000000000000e+01 0.000000000000000000e+00 1.600000000000000089e+00 4.701000000000000317e-03 1.059599999999999986e-01 9.943589999999999929e-01 3.543359999999999843e-01 9.296759999999999469e-01 -1.007419999999999982e-01 -9.351059999999999928e-01 3.528109999999999857e-01 -3.317500000000000310e-02
7.000000000000000000e+00 2.900000000000000000e+01 4.800000000000000000e+01 0.000000000000000000e+00 1.600000000000000089e+00 3.282000000000000195e-03 -5.604999999999999739e-03 9.999789999999999512e-01 3.748839999999999950e-01 9.270629999999999704e-01 3.965999999999999907e-03 -9.270659999999999457e-01 3.748630000000000018e-01 5.144000000000000135e-03
1.200000000000000000e+01 2.900000000000000000e+01 4.800000000000000000e+01 0.000000000000000000e+00 1.600000000000000089e+00 -2.688999999999999984e-03 7.424000000000000044e-03 9.999689999999999968e-01 3.631369999999999876e-01 9.317170000000000174e-01 -5.941000000000000100e-03 -9.317320000000000046e-01 3.631099999999999883e-01 -5.202000000000000027e-03
4.000000000000000000e+00 7.000000000000000000e+00 5.200000000000000000e+01 0.000000000000000000e+00 1.600000000000000089e+00 -1.593000000000000015e-03 -6.851000000000000319e-03 -9.999749999999999472e-01 7.196299999999999919e-02 -9.973849999999999660e-01 6.718000000000000013e-03 -9.974060000000000148e-01 -7.195100000000000107e-02 2.082000000000000083e-03
2.500000000000000000e+01 7.000000000000000000e+00 5.200000000000000000e+01 0.000000000000000000e+00 1.600000000000000089e+00 -7.519999999999999775e-03 -3.746000000000000198e-03 -9.999649999999999928e-01 1.391820000000000002e-01 -9.902630000000000043e-01 2.663000000000000003e-03 -9.902379999999999516e-01 -1.391580000000000039e-01 7.969000000000000389e-03
1.600000000000000000e+01 4.500000000000000000e+01 5.300000000000000000e+01 0.000000000000000000e+00 1.600000000000000089e+00 -3.303899999999999892e-02 -4.096929999999999739e-01 9.116250000000000187e-01 6.218499999999999722e-02 9.095130000000000159e-01 4.109979999999999745e-01 -9.975180000000000158e-01 7.026799999999999713e-02 -4.572999999999999808e-03
2.000000000000000000e+00 6.300000000000000000e+01 5.400000000000000000e+01 0.000000000000000000e+00 1.600000000000000089e+00 -1.737000000000000046e-03 -4.199999999999999740e-03 9.999900000000000455e-01 -3.649999999999999911e-01 9.310019999999999962e-01 3.276999999999999965e-03 -9.310060000000000002e-01 -3.649899999999999811e-01 -3.150000000000000022e-03
6.000000000000000000e+00 6.300000000000000000e+01 5.400000000000000000e+01 0.000000000000000000e+00 1.600000000000000089e+00 -1.070999999999999903e-03 2.428000000000000037e-03 9.999959999999999960e-01 -3.578999999999999959e-01 9.337560000000000304e-01 -2.650000000000000012e-03 -9.337590000000000057e-01 -3.579019999999999979e-01 -1.310000000000000129e-04
1.600000000000000000e+01 6.300000000000000000e+01 5.400000000000000000e+01 0.000000000000000000e+00 1.600000000000000089e+00 4.490000000000000176e-04 1.817999999999999955e-03 9.999980000000000535e-01 -3.513919999999999821e-01 9.362270000000000314e-01 -1.544999999999999932e-03 -9.362279999999999491e-01 -3.513910000000000089e-01 1.059000000000000045e-03
2.100000000000000000e+01 6.300000000000000000e+01 5.400000000000000000e+01 0.000000000000000000e+00 1.600000000000000089e+00 2.259999999999999910e-04 -9.089999999999999773e-04 1.000000000000000000e+00 -3.510510000000000019e-01 9.363559999999999661e-01 9.300000000000000541e-04 -9.363559999999999661e-01 -3.510510000000000019e-01 -1.069999999999999988e-04
2.500000000000000000e+01 6.300000000000000000e+01 5.400000000000000000e+01 0.000000000000000000e+00 1.600000000000000089e+00 1.167999999999999984e-03 3.338999999999999954e-03 9.999940000000000495e-01 -3.481259999999999910e-01 9.374440000000000550e-01 -2.723000000000000160e-03 -9.374470000000000303e-01 -3.481210000000000138e-01 2.256999999999999892e-03
2.600000000000000000e+01 2.500000000000000000e+01 5.500000000000000000e+01 0.000000000000000000e+00 1.600000000000000089e+00 9.790000000000000525e-04 -3.138999999999999863e-03 -9.999949999999999672e-01 -1.303900000000000024e-02 -9.999099999999999655e-01 3.125999999999999873e-03 -9.999149999999999983e-01 1.303499999999999971e-02 -1.020000000000000073e-03
1.600000000000000000e+01 6.800000000000000000e+01 5.700000000000000000e+01 0.000000000000000000e+00 1.600000000000000089e+00 -3.809999999999999910e-04 -4.575000000000000074e-03 -9.999890000000000168e-01 -2.404340000000000088e-01 -9.706550000000000455e-01 4.532999999999999703e-03 -9.706650000000000000e-01 2.404330000000000078e-01 -7.299999999999999632e-04
1.000000000000000000e+01 2.100000000000000000e+01 6.000000000000000000e+01 0.000000000000000000e+00 1.600000000000000089e+00 6.999999999999999387e-05 2.975000000000000214e-03 9.999959999999999960e-01 -9.697999999999999676e-02 9.952820000000000000e-01 -2.954000000000000029e-03 -9.952860000000000040e-01 -9.697899999999999576e-02 3.579999999999999741e-04
1.300000000000000000e+01 2.100000000000000000e+01 6.000000000000000000e+01 0.000000000000000000e+00 1.600000000000000089e+00 -3.390000000000000001e-04 4.840000000000000010e-04 1.000000000000000000e+00 -9.765000000000000069e-02 9.952210000000000223e-01 -5.150000000000000498e-04 -9.952210000000000223e-01 -9.765000000000000069e-02 -2.900000000000000017e-04
1.600000000000000000e+01 2.100000000000000000e+01 6.000000000000000000e+01 0.000000000000000000e+00 1.600000000000000089e+00 -2.730000000000000222e-04 3.499999999999999964e-04 1.000000000000000000e+00 -9.581000000000000627e-02 9.953999999999999515e-01 -3.739999999999999835e-04 -9.953999999999999515e-01 -9.581000000000000627e-02 -2.380000000000000117e-04
2.400000000000000000e+01 2.100000000000000000e+01 6.000000000000000000e+01 0.000000000000000000e+00 1.600000000000000089e+00 -8.350000000000000217e-04 2.358999999999999986e-03 9.999970000000000248e-01 -9.766900000000000581e-02 9.952159999999999895e-01 -2.429999999999999868e-03 -9.952189999999999648e-01 -9.767099999999999393e-02 -5.999999999999999474e-04
1.000000000000000000e+01 4.400000000000000000e+01 6.100000000000000000e+01 0.000000000000000000e+00 1.600000000000000089e+00 -9.301449999999999996e-01 3.142530000000000046e-01 1.899369999999999947e-01 -3.568899999999999850e-01 -6.520270000000000232e-01 -6.689469999999999583e-01 -8.637499999999999345e-02 -6.900039999999999507e-01 7.186329999999999663e-01
3.000000000000000000e+00 2.900000000000000000e+01 6.200000000000000000e+01 0.000000000000000000e+00 1.600000000000000089e+00 1.551499999999999928e-02 2.536160000000000081e-01 9.671809999999999574e-01 -2.207159999999999955e-01 9.443040000000000322e-01 -2.440769999999999884e-01 -9.752150000000000540e-01 -2.096860000000000113e-01 7.062799999999999634e-02
2.800000000000000000e+01 3.000000000000000000e+00 6.300000000000000000e+01 0.000000000000000000e+00 1.600000000000000089e+00 3.170000000000000075e-04 -2.351999999999999924e-03 9.999970000000000248e-01 -6.147730000000000139e-01 7.887009999999999854e-01 2.050000000000000173e-03 -7.887039999999999607e-01 -6.147719999999999851e-01 -1.196000000000000014e-03
4.000000000000000000e+00 2.700000000000000000e+01 6.300000000000000000e+01 0.000000000000000000e+00 1.600000000000000089e+00 2.651000000000000145e-03 8.666000000000000092e-02 9.962339999999999529e-01 -2.628340000000000121e-01 9.612709999999999866e-01 -8.291900000000000659e-02 -9.648369999999999447e-01 -2.616249999999999964e-01 2.532500000000000029e-02
9.000000000000000000e+00 2.700000000000000000e+01 6.300000000000000000e+01 0.000000000000000000e+00 1.600000000000000089e+00 -4.379000000000000080e-03 -3.366299999999999848e-02 9.994239999999999791e-01 -2.654139999999999833e-01 9.636270000000000113e-01 3.129400000000000237e-02 -9.641250000000000098e-01 -2.651240000000000263e-01 -1.315400000000000076e-02
1.900000000000000000e+01 2.700000000000000000e+01 6.300000000000000000e+01 0.000000000000000000e+00 1.600000000000000089e+00 -2.358999999999999986e-03 8.350000000000000217e-04 9.999970000000000248e-01 -2.726729999999999987e-01 9.621060000000000167e-01 -1.446000000000000020e-03 -9.621039999999999592e-01 -2.726750000000000007e-01 -2.041999999999999978e-03
2.300000000000000000e+01 2.700000000000000000e+01 6.300000000000000000e+01 0.000000000000000000e+00 1.600000000000000089e+00 7.489999999999999913e-04 3.242999999999999789e-03 9.999940000000000495e-01 -2.720520000000000160e-01 9.622779999999999667e-01 -2.916999999999999888e-03 -9.622819999999999707e-01 -2.720489999999999853e-01 1.603000000000000041e-03
2.600000000000000000e+01 2.700000000000000000e+01 6.300000000000000000e+01 0.000000000000000000e+00 1.600000000000000089e+00 1.840000000000000056e-03 2.341999999999999898e-03 9.999959999999999960e-01 -2.685350000000000237e-01 9.632680000000000131e-01 -1.761999999999999894e-03 -9.632680000000000131e-01 -2.685310000000000197e-01 2.400999999999999922e-03
2.900000000000000000e+01 2.700000000000000000e+01 6.300000000000000000e+01 0.000000000000000000e+00 1.600000000000000089e+00 1.258999999999999920e-03 1.822000000000000052e-03 9.999970000000000248e-01 -2.675279999999999880e-01 9.635489999999999888e-01 -1.418999999999999906e-03 -9.635489999999999888e-01 -2.675259999999999860e-01 1.699999999999999905e-03
1.700000000000000000e+01 5.300000000000000000e+01 6.300000000000000000e+01 0.000000000000000000e+00 1.600000000000000089e+00 -1.303839999999999999e-01 7.046930000000000138e-01 6.974289999999999656e-01 4.426979999999999804e-01 -5.880389999999999784e-01 6.769260000000000277e-01 8.871409999999999574e-01 3.970110000000000028e-01 -2.352960000000000051e-01
1.500000000000000000e+01 2.600000000000000000e+01 6.400000000000000000e+01 0.000000000000000000e+00 1.600000000000000089e+00 1.938999999999999968e-03 -2.056000000000000102e-03 9.999959999999999960e-01 -3.567620000000000235e-01 9.341920000000000224e-01 2.612000000000000172e-03 -9.341930000000000511e-01 -3.567660000000000275e-01 1.077999999999999965e-03
2.000000000000000000e+01 2.600000000000000000e+01 6.400000000000000000e+01 0.000000000000000000e+00 1.600000000000000089e+00 -2.010000000000000068e-03 3.945999999999999855e-03 9.999900000000000455e-01 -3.607779999999999876e-01 9.326410000000000533e-01 -4.405000000000000061e-03 -9.326499999999999790e-01 -3.607830000000000203e-01 -4.519999999999999821e-04
3.000000000000000000e+01 2.600000000000000000e+01 6.400000000000000000e+01 0.000000000000000000e+00 1.600000000000000089e+00 9.449999999999999850e-04 9.229999999999999923e-04 9.999989999999999712e-01 -3.517330000000000179e-01 9.361000000000000432e-01 -5.320000000000000293e-04 -9.361000000000000432e-01 -3.517319999999999891e-01 1.209000000000000005e-03
1.100000000000000000e+01 3.900000000000000000e+01 6.500000000000000000e+01 0.000000000000000000e+00 1.600000000000000089e+00 -9.870590000000000197e-01 1.423240000000000061e-01 7.387599999999999723e-02 -1.571029999999999927e-01 -9.506200000000000205e-01 -2.676560000000000050e-01 3.213499999999999690e-02 -2.757979999999999876e-01 9.606780000000000319e-01
2.600000000000000000e+01 5.400000000000000000e+01 6.500000000000000000e+01 0.000000000000000000e+00 1.600000000000000089e+00 -3.470570000000000044e-01 -2.836460000000000092e-01 8.939219999999999944e-01 3.189899999999999680e-02 -9.561859999999999804e-01 -2.910179999999999989e-01 9.373019999999999685e-01 -7.248400000000000676e-02 3.408990000000000076e-01
9.000000000000000000e+00 3.200000000000000000e+01 6.600000000000000000e+01 0.000000000000000000e+00 1.600000000000000089e+00 -8.682099999999999540e-02 -9.516350000000000087e-01 2.947089999999999987e-01 9.423960000000000115e-01 -1.743790000000000062e-01 -2.854510000000000103e-01 3.230359999999999898e-01 2.529489999999999794e-01 9.119570000000000176e-01
1.900000000000000000e+01 6.900000000000000000e+01 6.600000000000000000e+01 0.000000000000000000e+00 1.600000000000000089e+00 -5.090000000000000123e-04 1.879999999999999944e-03 9.999980000000000535e-01 -9.636500000000000066e-01 2.671669999999999878e-01 -9.929999999999999591e-04 -2.671689999999999898e-01 -9.636479999999999491e-01 1.675999999999999972e-03
