9.000000000000000000e+00 1.500000000000000000e+01 4.000000000000000000e+00 0.000000000000000000e+00 1.600000000000000089e+00 -1.877999999999999895e-03 1.011199999999999946e-02 9.999470000000000303e-01 2.924729999999999830e-01 -9.562190000000000412e-01 1.021900000000000065e-02 9.562720000000000109e-01 2.924769999999999870e-01 -1.162000000000000055e-03
1.500000000000000000e+01 1.500000000000000000e+01 4.000000000000000000e+00 0.000000000000000000e+00 1.600000000000000089e+00 2.461000000000000080e-03 2.421999999999999847e-02 9.997040000000000370e-01 2.904820000000000180e-01 -9.566170000000000506e-01 2.246099999999999833e-02 9.568769999999999776e-01 2.903399999999999870e-01 -9.390000000000000777e-03
2.000000000000000000e+01 1.500000000000000000e+01 4.000000000000000000e+00 0.000000000000000000e+00 1.600000000000000089e+00 4.568000000000000012e-03 3.164100000000000246e-02 9.994889999999999608e-01 2.948589999999999822e-01 -9.551039999999999530e-01 2.888800000000000048e-02 9.555299999999999905e-01 2.945769999999999778e-01 -1.369199999999999931e-02
2.600000000000000000e+01 1.500000000000000000e+01 4.000000000000000000e+00 0.000000000000000000e+00 1.600000000000000089e+00 -5.610999999999999668e-03 8.533999999999999919e-03 9.999479999999999480e-01 2.961900000000000088e-01 -9.550790000000000113e-01 9.813000000000000542e-03 9.551129999999999898e-01 2.962290000000000201e-01 2.831000000000000183e-03
2.900000000000000000e+01 1.500000000000000000e+01 4.000000000000000000e+00 0.000000000000000000e+00 1.600000000000000089e+00 -5.462999999999999974e-03 3.370000000000000057e-04 9.999850000000000128e-01 2.933790000000000009e-01 -9.559940000000000104e-01 1.925000000000000062e-03 9.559809999999999697e-01 2.933850000000000069e-01 5.124000000000000082e-03
2.000000000000000000e+00 1.010000000000000000e+02 7.000000000000000000e+00 0.000000000000000000e+00 1.600000000000000089e+00 -2.364999999999999915e-03 -1.387900000000000071e-02 9.999010000000000398e-01 8.835389999999999633e-01 4.682799999999999740e-01 8.588999999999999413e-03 -4.683519999999999905e-01 8.834710000000000063e-01 1.115499999999999999e-02
2.000000000000000000e+00 1.500000000000000000e+01 8.000000000000000000e+00 0.000000000000000000e+00 1.600000000000000089e+00 -4.013000000000000074e-03 4.810000000000000039e-03 -9.999799999999999800e-01 -5.941319999999999935e-01 -8.043660000000000254e-01 -1.484999999999999992e-03 -8.043569999999999887e-01 5.941149999999999487e-01 6.086000000000000264e-03
1.100000000000000000e+01 1.500000000000000000e+01 8.000000000000000000e+00 0.000000000000000000e+00 1.600000000000000089e+00 5.276000000000000308e-03 1.210800000000000071e-02 -9.999130000000000518e-01 -5.937200000000000255e-01 -8.045689999999999786e-01 -1.287600000000000029e-02 -8.046539999999999804e-01 5.937360000000000415e-01 2.944000000000000002e-03
1.500000000000000000e+01 1.500000000000000000e+01 8.000000000000000000e+00 0.000000000000000000e+00 1.600000000000000089e+00 4.022999999999999667e-03 2.272899999999999920e-02 -9.997340000000000115e-01 -5.910800000000000498e-01 -8.063470000000000359e-01 -2.071100000000000024e-02 -8.066029999999999589e-01 5.910060000000000313e-01 1.019100000000000041e-02
1.900000000000000000e+01 1.500000000000000000e+01 8.000000000000000000e+00 0.000000000000000000e+00 1.600000000000000089e+00 3.975000000000000235e-03 3.025699999999999917e-02 -9.995340000000000336e-01 -5.887499999999999956e-01 -8.078710000000000058e-01 -2.679700000000000137e-02 -8.083050000000000512e-01 5.885820000000000496e-01 1.460200000000000040e-02
2.300000000000000000e+01 1.500000000000000000e+01 8.000000000000000000e+00 0.000000000000000000e+00 1.600000000000000089e+00 7.418000000000000115e-03 1.851799999999999974e-02 -9.998010000000000508e-01 -5.862129999999999841e-01 -8.099260000000000348e-01 -1.935100000000000015e-02 -8.101230000000000375e-01 5.862389999999999546e-01 4.846999999999999746e-03
2.800000000000000000e+01 1.500000000000000000e+01 8.000000000000000000e+00 0.000000000000000000e+00 1.600000000000000089e+00 8.030999999999999944e-03 4.597000000000000391e-03 -9.999569999999999848e-01 -5.827369999999999495e-01 -8.126170000000000337e-01 -8.415999999999999870e-03 -8.126210000000000377e-01 5.827799999999999647e-01 -3.847999999999999858e-03
2.900000000000000000e+01 2.600000000000000000e+01 8.000000000000000000e+00 0.000000000000000000e+00 1.600000000000000089e+00 -7.886000000000000648e-03 -1.408300000000000003e-02 -9.998700000000000365e-01 4.038769999999999860e-01 9.146720000000000406e-01 -1.606899999999999995e-02 9.147790000000000088e-01 -4.039510000000000045e-01 -1.526000000000000013e-03
1.500000000000000000e+01 2.400000000000000000e+01 9.000000000000000000e+00 0.000000000000000000e+00 1.600000000000000089e+00 -4.937000000000000416e-03 -8.035000000000000475e-03 -9.999559999999999560e-01 4.536850000000000049e-01 8.911130000000000440e-01 -9.400000000000000369e-03 8.911480000000000512e-01 -4.537109999999999754e-01 -7.540000000000000044e-04
2.300000000000000000e+01 2.400000000000000000e+01 9.000000000000000000e+00 0.000000000000000000e+00 1.600000000000000089e+00 -5.382999999999999764e-03 -1.454899999999999943e-02 -9.998799999999999910e-01 4.573570000000000135e-01 8.891499999999999959e-01 -1.540000000000000049e-02 8.892670000000000297e-01 -4.573849999999999860e-01 1.866999999999999953e-03
1.000000000000000000e+01 4.000000000000000000e+00 1.100000000000000000e+01 0.000000000000000000e+00 1.600000000000000089e+00 3.959999999999999762e-04 -9.292999999999999178e-03 -9.999569999999999848e-01 1.765599999999999947e-01 9.842480000000000118e-01 -9.076999999999999999e-03 9.842899999999999983e-01 -1.765490000000000115e-01 2.030999999999999819e-03
1.600000000000000000e+01 4.000000000000000000e+00 1.100000000000000000e+01 0.000000000000000000e+00 1.600000000000000089e+00 -1.402000000000000034e-03 -2.108900000000000011e-02 -9.997770000000000268e-01 1.821450000000000014e-01 9.830480000000000329e-01 -2.099099999999999924e-02 9.832710000000000061e-01 -1.821339999999999903e-01 2.462999999999999912e-03
2.600000000000000000e+01 4.000000000000000000e+00 1.100000000000000000e+01 0.000000000000000000e+00 1.600000000000000089e+00 -3.370000000000000057e-04 -2.540999999999999856e-03 -9.999970000000000248e-01 1.944919999999999982e-01 9.809010000000000229e-01 -2.557999999999999944e-03 9.809039999999999981e-01 -1.944929999999999992e-01 1.640000000000000019e-04
2.900000000000000000e+01 4.000000000000000000e+00 1.100000000000000000e+01 0.000000000000000000e+00 1.600000000000000089e+00 -6.939999999999999555e-04 -1.297999999999999892e-03 -9.999989999999999712e-01 1.944760000000000100e-01 9.809059999999999446e-01 -1.407999999999999963e-03 9.809069999999999734e-01 -1.944770000000000110e-01 -4.279999999999999950e-04
1.500000000000000000e+01 3.100000000000000000e+01 1.200000000000000000e+01 0.000000000000000000e+00 1.600000000000000089e+00 1.859999999999999945e-04 -1.683999999999999950e-03 9.999989999999999712e-01 -2.021200000000000080e-02 9.997939999999999605e-01 1.686999999999999915e-03 -9.997960000000000180e-01 -2.021200000000000080e-02 1.520000000000000084e-04
2.500000000000000000e+01 3.100000000000000000e+01 1.200000000000000000e+01 0.000000000000000000e+00 1.600000000000000089e+00 -1.350000000000000017e-04 -6.939999999999999555e-04 1.000000000000000000e+00 -2.072900000000000090e-02 9.997850000000000348e-01 6.920000000000000153e-04 -9.997850000000000348e-01 -2.072799999999999990e-02 -1.489999999999999897e-04
2.000000000000000000e+00 3.000000000000000000e+00 1.300000000000000000e+01 0.000000000000000000e+00 1.600000000000000089e+00 -2.340000000000000066e-03 2.413000000000000214e-03 9.999940000000000495e-01 -2.713000000000000134e-03 9.999930000000000208e-01 -2.419000000000000143e-03 -9.999940000000000495e-01 -2.717999999999999930e-03 -2.333000000000000004e-03
9.000000000000000000e+00 3.000000000000000000e+00 1.300000000000000000e+01 0.000000000000000000e+00 1.600000000000000089e+00 -6.239999999999999887e-04 -6.205999999999999711e-03 9.999810000000000088e-01 -1.055500000000000015e-02 9.999249999999999527e-01 6.198999999999999649e-03 -9.999440000000000550e-01 -1.055099999999999962e-02 -6.890000000000000508e-04
1.600000000000000000e+01 3.000000000000000000e+00 1.300000000000000000e+01 0.000000000000000000e+00 1.600000000000000089e+00 -1.902999999999999961e-03 -2.257699999999999985e-02 9.997430000000000483e-01 -1.444999999999999930e-02 9.996410000000000018e-01 2.254700000000000107e-02 -9.998939999999999495e-01 -1.440299999999999914e-02 -2.229000000000000078e-03
1.800000000000000000e+01 3.200000000000000000e+01 1.400000000000000000e+01 0.000000000000000000e+00 1.600000000000000089e+00 -1.183999999999999940e-03 -2.825999999999999953e-03 -9.999949999999999672e-01 1.204250000000000043e-01 9.927179999999999893e-01 -2.948000000000000100e-03 9.927219999999999933e-01 -1.204279999999999934e-01 -8.350000000000000217e-04
2.000000000000000000e+01 3.200000000000000000e+01 1.400000000000000000e+01 0.000000000000000000e+00 1.600000000000000089e+00 -8.339999999999999974e-04 -3.252999999999999815e-03 -9.999940000000000495e-01 1.176999999999999991e-01 9.930440000000000378e-01 -3.328999999999999928e-03 9.930489999999999595e-01 -1.177020000000000011e-01 -4.459999999999999989e-04
4.000000000000000000e+00 1.200000000000000000e+01 1.500000000000000000e+01 0.000000000000000000e+00 1.600000000000000089e+00 -2.897999999999999968e-03 -4.710000000000000102e-04 -9.999959999999999960e-01 -4.709769999999999790e-01 -8.821430000000000105e-01 1.779999999999999898e-03 -8.821409999999999529e-01 4.709800000000000098e-01 2.334000000000000137e-03
9.000000000000000000e+00 1.200000000000000000e+01 1.500000000000000000e+01 0.000000000000000000e+00 1.600000000000000089e+00 8.319999999999999488e-04 3.742000000000000100e-03 -9.999930000000000208e-01 -4.701609999999999956e-01 -8.825730000000000519e-01 -3.693999999999999801e-03 -8.825800000000000312e-01 4.701609999999999956e-01 1.025000000000000086e-03
1.500000000000000000e+01 1.200000000000000000e+01 1.500000000000000000e+01 0.000000000000000000e+00 1.600000000000000089e+00 2.841000000000000209e-03 8.440000000000000236e-04 -9.999959999999999960e-01 -4.690059999999999785e-01 -8.831930000000000058e-01 -2.076999999999999853e-03 -8.831909999999999483e-01 4.690090000000000092e-01 -2.112999999999999861e-03
2.400000000000000000e+01 1.200000000000000000e+01 1.500000000000000000e+01 0.000000000000000000e+00 1.600000000000000089e+00 3.168999999999999942e-03 1.518000000000000035e-03 -9.999940000000000495e-01 -4.705119999999999858e-01 -8.823889999999999789e-01 -2.830000000000000050e-03 -8.823879999999999502e-01 4.705179999999999918e-01 -2.082000000000000083e-03
1.800000000000000000e+01 1.100000000000000000e+01 1.600000000000000000e+01 0.000000000000000000e+00 1.600000000000000089e+00 1.239000000000000084e-03 1.214999999999999934e-03 -9.999989999999999712e-01 -4.152930000000000232e-01 -9.096859999999999946e-01 -1.619999999999999912e-03 -9.096870000000000234e-01 4.152950000000000252e-01 -6.220000000000000485e-04
2.400000000000000000e+01 1.100000000000000000e+01 1.600000000000000000e+01 0.000000000000000000e+00 1.600000000000000089e+00 2.296999999999999997e-03 1.848999999999999949e-03 -9.999959999999999960e-01 -4.198700000000000210e-01 -9.075809999999999711e-01 -2.641999999999999817e-03 -9.075819999999999999e-01 4.198740000000000250e-01 -1.307999999999999918e-03
1.200000000000000000e+01 1.160000000000000000e+02 1.600000000000000000e+01 0.000000000000000000e+00 1.600000000000000089e+00 -6.381000000000000387e-03 -6.568000000000000053e-03 9.999580000000000135e-01 7.001089999999999813e-01 7.139769999999999728e-01 9.157000000000000209e-03 -7.140069999999999473e-01 7.001389999999999558e-01 4.199999999999999768e-05
3.000000000000000000e+00 2.000000000000000000e+00 1.900000000000000000e+01 0.000000000000000000e+00 1.600000000000000089e+00 -7.879999999999999635e-04 6.999999999999999387e-05 -1.000000000000000000e+00 2.105930000000000024e-01 -9.775740000000000540e-01 -2.349999999999999930e-04 -9.775740000000000540e-01 -2.105930000000000024e-01 7.560000000000000530e-04
1.000000000000000000e+01 2.000000000000000000e+00 1.900000000000000000e+01 0.000000000000000000e+00 1.600000000000000089e+00 -1.154000000000000078e-03 -5.204000000000000292e-03 -9.999860000000000415e-01 2.059269999999999989e-01 -9.785549999999999526e-01 4.854999999999999941e-03 -9.785669999999999646e-01 -2.059179999999999899e-01 2.200999999999999832e-03
1.400000000000000000e+01 2.000000000000000000e+00 1.900000000000000000e+01 0.000000000000000000e+00 1.600000000000000089e+00 -1.806000000000000097e-03 7.460000000000000268e-04 -9.999980000000000535e-01 2.074749999999999928e-01 -9.782399999999999984e-01 -1.103999999999999947e-03 -9.782389999999999697e-01 -2.074769999999999948e-01 1.611999999999999935e-03
1.900000000000000000e+01 2.000000000000000000e+00 1.900000000000000000e+01 0.000000000000000000e+00 1.600000000000000089e+00 -4.016999999999999738e-03 8.344000000000000722e-03 -9.999569999999999848e-01 2.064680000000000126e-01 -9.784119999999999484e-01 -8.992999999999999258e-03 -9.784450000000000092e-01 -2.064950000000000119e-01 2.207000000000000194e-03
2.400000000000000000e+01 2.000000000000000000e+00 1.900000000000000000e+01 0.000000000000000000e+00 1.600000000000000089e+00 -3.629999999999999872e-04 3.268000000000000071e-03 -9.999949999999999672e-01 1.980750000000000011e-01 -9.801809999999999690e-01 -3.275000000000000133e-03 -9.801870000000000305e-01 -1.980750000000000011e-01 -2.919999999999999961e-04
2.800000000000000000e+01 2.000000000000000000e+00 1.900000000000000000e+01 0.000000000000000000e+00 1.600000000000000089e+00 4.294000000000000074e-03 -1.278800000000000076e-02 -9.999090000000000478e-01 1.886490000000000111e-01 -9.819539999999999935e-01 1.336900000000000067e-02 -9.820349999999999913e-01 -1.886889999999999956e-01 -1.804000000000000048e-03
7.000000000000000000e+00 4.000000000000000000e+00 2.000000000000000000e+01 0.000000000000000000e+00 1.600000000000000089e+00 -3.910000000000000172e-04 -4.010999999999999809e-03 -9.999919999999999920e-01 2.916190000000000171e-01 -9.565270000000000161e-01 3.723000000000000181e-03 -9.565350000000000241e-01 -2.916150000000000131e-01 1.543000000000000101e-03
2.000000000000000000e+00 1.300000000000000000e+01 2.000000000000000000e+01 0.000000000000000000e+00 1.600000000000000089e+00 -4.659999999999999971e-04 -1.235999999999999903e-03 9.999989999999999712e-01 2.637450000000000072e-01 9.645920000000000050e-01 1.314999999999999980e-03 -9.645920000000000050e-01 2.637450000000000072e-01 -1.230000000000000082e-04
8.000000000000000000e+00 1.300000000000000000e+01 2.000000000000000000e+01 0.000000000000000000e+00 1.600000000000000089e+00 -2.638000000000000154e-03 4.679999999999999915e-04 9.999959999999999960e-01 2.638229999999999742e-01 9.645709999999999562e-01 2.439999999999999949e-04 -9.645669999999999522e-01 2.638229999999999742e-01 -2.667999999999999799e-03
1.600000000000000000e+01 1.300000000000000000e+01 2.000000000000000000e+01 0.000000000000000000e+00 1.600000000000000089e+00 2.896999999999999836e-03 1.435999999999999993e-03 9.999949999999999672e-01 2.627059999999999951e-01 9.648729999999999807e-01 -2.147000000000000037e-03 -9.648710000000000342e-01 2.627109999999999723e-01 2.418000000000000010e-03
1.900000000000000000e+01 1.300000000000000000e+01 2.000000000000000000e+01 0.000000000000000000e+00 1.600000000000000089e+00 1.224999999999999960e-03 -4.062999999999999771e-03 9.999909999999999632e-01 2.616319999999999757e-01 9.651610000000000467e-01 3.601000000000000034e-03 -9.651669999999999972e-01 2.616249999999999964e-01 2.246000000000000166e-03
2.400000000000000000e+01 1.300000000000000000e+01 2.000000000000000000e+01 0.000000000000000000e+00 1.600000000000000089e+00 -1.019999999999999992e-04 -5.772000000000000221e-03 9.999829999999999552e-01 2.607659999999999978e-01 9.653859999999999664e-01 5.598999999999999810e-03 -9.654019999999999824e-01 2.607630000000000225e-01 1.407000000000000048e-03
2.800000000000000000e+01 1.300000000000000000e+01 2.000000000000000000e+01 0.000000000000000000e+00 1.600000000000000089e+00 2.448999999999999788e-03 -1.469999999999999953e-04 9.999970000000000248e-01 2.582539999999999836e-01 9.660769999999999635e-01 -4.899999999999999842e-04 -9.660739999999999883e-01 2.582539999999999836e-01 2.403999999999999887e-03
3.000000000000000000e+00 1.600000000000000000e+01 2.100000000000000000e+01 0.000000000000000000e+00 1.600000000000000089e+00 9.000000000000000228e-06 2.596999999999999916e-03 9.999970000000000248e-01 3.027409999999999823e-01 9.530699999999999728e-01 -2.478000000000000168e-03 -9.530729999999999480e-01 3.027400000000000091e-01 -7.770000000000000214e-04
1.300000000000000000e+01 4.600000000000000000e+01 2.700000000000000000e+01 0.000000000000000000e+00 1.600000000000000089e+00 -4.369999999999999970e-04 -1.255000000000000039e-03 -9.999989999999999712e-01 6.659239999999999604e-01 7.460189999999999877e-01 -1.227000000000000009e-03 7.460189999999999877e-01 -6.659239999999999604e-01 5.100000000000000366e-04
2.000000000000000000e+01 4.600000000000000000e+01 2.700000000000000000e+01 0.000000000000000000e+00 1.600000000000000089e+00 -1.721000000000000090e-03 -1.110000000000000092e-03 -9.999980000000000535e-01 6.622169999999999446e-01 7.493100000000000316e-01 -1.971999999999999795e-03 7.493100000000000316e-01 -6.622190000000000021e-01 -5.550000000000000462e-04
2.800000000000000000e+01 4.600000000000000000e+01 2.700000000000000000e+01 0.000000000000000000e+00 1.600000000000000089e+00 3.935000000000000130e-03 4.818000000000000234e-03 -9.999810000000000088e-01 6.655400000000000205e-01 7.463370000000000282e-01 6.215000000000000038e-03 7.463520000000000154e-01 -6.655510000000000037e-01 -2.700000000000000035e-04
4.000000000000000000e+00 4.600000000000000000e+01 3.000000000000000000e+01 0.000000000000000000e+00 1.600000000000000089e+00 4.440000000000000045e-04 1.139000000000000038e-03 -9.999989999999999712e-01 3.150009999999999755e-01 9.490899999999999892e-01 1.221000000000000080e-03 9.490910000000000180e-01 -3.150020000000000042e-01 6.299999999999999990e-05
8.000000000000000000e+00 4.600000000000000000e+01 3.000000000000000000e+01 0.000000000000000000e+00 1.600000000000000089e+00 7.410000000000000137e-04 2.255000000000000060e-03 -9.999970000000000248e-01 3.182579999999999854e-01 9.480009999999999826e-01 2.373999999999999808e-03 9.480039999999999578e-01 -3.182590000000000141e-01 -1.500000000000000038e-05
1.800000000000000000e+01 4.600000000000000000e+01 3.000000000000000000e+01 0.000000000000000000e+00 1.600000000000000089e+00 -1.433000000000000029e-03 -3.969999999999999571e-03 -9.999909999999999632e-01 3.199719999999999787e-01 9.474169999999999536e-01 -4.219999999999999793e-03 9.474259999999999904e-01 -3.199759999999999827e-01 -8.799999999999999771e-05
4.000000000000000000e+00 5.800000000000000000e+01 3.100000000000000000e+01 0.000000000000000000e+00 1.600000000000000089e+00 -1.523999999999999964e-03 -1.644999999999999978e-03 9.999970000000000248e-01 -7.822919999999999874e-01 -6.229080000000000172e-01 -2.216999999999999787e-03 6.229099999999999637e-01 -7.822940000000000449e-01 -3.379999999999999758e-04
1.100000000000000000e+01 5.800000000000000000e+01 3.100000000000000000e+01 0.000000000000000000e+00 1.600000000000000089e+00 4.499999999999999877e-04 1.701999999999999954e-03 9.999980000000000535e-01 -7.816910000000000247e-01 -6.236639999999999961e-01 1.412999999999999977e-03 6.236660000000000537e-01 -7.816899999999999959e-01 1.049999999999999935e-03
1.800000000000000000e+01 5.800000000000000000e+01 3.100000000000000000e+01 0.000000000000000000e+00 1.600000000000000089e+00 -5.127999999999999746e-03 -1.052499999999999963e-02 9.999310000000000143e-01 -7.699669999999999570e-01 -6.379939999999999500e-01 -1.066399999999999987e-02 6.380620000000000180e-01 -7.699690000000000145e-01 -4.832000000000000357e-03
3.000000000000000000e+01 6.000000000000000000e+00 3.200000000000000000e+01 0.000000000000000000e+00 1.600000000000000089e+00 -6.034000000000000301e-03 8.130000000000000291e-04 -9.999810000000000088e-01 1.753540000000000099e-01 9.845049999999999635e-01 -2.570000000000000127e-04 9.844870000000000010e-01 -1.753530000000000089e-01 -6.082999999999999866e-03
1.300000000000000000e+01 4.200000000000000000e+01 3.400000000000000000e+01 0.000000000000000000e+00 1.600000000000000089e+00 1.912999999999999987e-03 -1.257000000000000088e-03 -9.999970000000000248e-01 -2.926190000000000180e-01 9.562279999999999669e-01 -1.761999999999999894e-03 9.562270000000000492e-01 2.926210000000000200e-01 1.461000000000000059e-03
2.000000000000000000e+00 4.600000000000000000e+01 3.500000000000000000e+01 0.000000000000000000e+00 1.600000000000000089e+00 1.168999999999999900e-03 -3.550000000000000096e-04 -9.999989999999999712e-01 3.851249999999999951e-01 -9.228640000000000176e-01 7.780000000000000457e-04 -9.228640000000000176e-01 -3.851249999999999951e-01 -9.420000000000000205e-04
9.000000000000000000e+00 4.600000000000000000e+01 3.500000000000000000e+01 0.000000000000000000e+00 1.600000000000000089e+00 7.060000000000000303e-04 -3.079999999999999839e-03 -9.999949999999999672e-01 3.842570000000000152e-01 -9.232209999999999583e-01 3.115000000000000147e-03 -9.232259999999999911e-01 -3.842570000000000152e-01 5.320000000000000293e-04
1.400000000000000000e+01 4.600000000000000000e+01 3.500000000000000000e+01 0.000000000000000000e+00 1.600000000000000089e+00 -2.739999999999999923e-04 -1.229000000000000058e-03 -9.999989999999999712e-01 3.856220000000000203e-01 -9.226560000000000317e-01 1.028999999999999967e-03 -9.226569999999999494e-01 -3.856220000000000203e-01 7.269999999999999987e-04
2.100000000000000000e+01 4.600000000000000000e+01 3.500000000000000000e+01 0.000000000000000000e+00 1.600000000000000089e+00 -1.105000000000000079e-03 3.007000000000000124e-03 -9.999949999999999672e-01 3.863039999999999807e-01 -9.223660000000000192e-01 -3.200999999999999852e-03 -9.223710000000000520e-01 -3.863050000000000095e-01 -1.420000000000000092e-04
3.000000000000000000e+01 4.600000000000000000e+01 3.500000000000000000e+01 0.000000000000000000e+00 1.600000000000000089e+00 3.190999999999999826e-03 6.700000000000000226e-05 -9.999949999999999672e-01 3.868530000000000024e-01 -9.221409999999999885e-01 1.172999999999999998e-03 -9.221359999999999557e-01 -3.868550000000000044e-01 -2.968999999999999851e-03
6.000000000000000000e+00 9.500000000000000000e+01 3.600000000000000000e+01 0.000000000000000000e+00 1.600000000000000089e+00 1.307999999999999918e-03 -1.488899999999999946e-02 9.998879999999999990e-01 9.977089999999999570e-01 6.764699999999999880e-02 -2.979999999999999793e-04 -6.763500000000000068e-02 9.975979999999999848e-01 1.494400000000000069e-02
1.000000000000000000e+01 9.500000000000000000e+01 3.600000000000000000e+01 0.000000000000000000e+00 1.600000000000000089e+00 6.939999999999999555e-04 1.823299999999999921e-02 9.998340000000000005e-01 9.976479999999999793e-01 6.852300000000000058e-02 -1.941999999999999933e-03 -6.854699999999999682e-02 9.974830000000000085e-01 -1.814299999999999941e-02
1.700000000000000000e+01 9.500000000000000000e+01 3.600000000000000000e+01 0.000000000000000000e+00 1.600000000000000089e+00 1.689099999999999976e-02 4.310000000000000137e-04 9.998569999999999958e-01 9.972900000000000098e-01 7.160600000000000298e-02 -1.687800000000000064e-02 -7.160299999999999998e-02 9.974330000000000140e-01 7.789999999999999616e-04
2.300000000000000000e+01 9.500000000000000000e+01 3.600000000000000000e+01 0.000000000000000000e+00 1.600000000000000089e+00 -5.781999999999999813e-03 -2.442700000000000080e-02 9.996850000000000458e-01 9.974469999999999725e-01 7.101599999999999580e-02 7.504000000000000253e-03 -7.117700000000000415e-02 9.971759999999999513e-01 2.395399999999999960e-02
2.900000000000000000e+01 9.500000000000000000e+01 3.600000000000000000e+01 0.000000000000000000e+00 1.600000000000000089e+00 -6.575000000000000115e-03 -3.977900000000000186e-02 9.991870000000000474e-01 9.978059999999999707e-01 6.557000000000000328e-02 9.176999999999999394e-03 -6.588199999999999612e-02 9.970550000000000246e-01 3.926099999999999729e-02
2.000000000000000000e+01 9.500000000000000000e+01 3.700000000000000000e+01 0.000000000000000000e+00 1.600000000000000089e+00 6.931999999999999794e-03 -1.692000000000000101e-02 9.998329999999999718e-01 9.958949999999999747e-01 9.035200000000000176e-02 -5.375999999999999703e-03 -9.024600000000000677e-02 9.957660000000000400e-01 1.747699999999999948e-02
8.000000000000000000e+00 2.900000000000000000e+01 4.400000000000000000e+01 0.000000000000000000e+00 1.600000000000000089e+00 3.240000000000000150e-04 2.083000000000000216e-03 -9.999980000000000535e-01 6.814139999999999642e-01 7.318959999999999910e-01 1.745000000000000023e-03 7.318980000000000485e-01 -6.814130000000000464e-01 -1.182000000000000108e-03
1.300000000000000000e+01 2.900000000000000000e+01 4.400000000000000000e+01 0.000000000000000000e+00 1.600000000000000089e+00 1.250000000000000026e-04 1.381000000000000066e-03 -9.999989999999999712e-01 6.783029999999999893e-01 7.347820000000000462e-01 1.100000000000000066e-03 7.347820000000000462e-01 -6.783019999999999605e-01 -8.450000000000000479e-04
1.900000000000000000e+01 2.900000000000000000e+01 4.400000000000000000e+01 0.000000000000000000e+00 1.600000000000000089e+00 -6.019999999999999961e-04 1.221000000000000080e-03 -9.999989999999999712e-01 6.629439999999999777e-01 7.486690000000000289e-01 5.150000000000000498e-04 7.486690000000000289e-01 -6.629429999999999490e-01 -1.260000000000000052e-03
6.000000000000000000e+00 6.000000000000000000e+00 5.100000000000000000e+01 0.000000000000000000e+00 1.600000000000000089e+00 -1.786999999999999960e-03 -4.609000000000000249e-03 -9.999879999999999880e-01 3.259670000000000067e-01 -9.453740000000000476e-01 3.775000000000000144e-03 -9.453799999999999981e-01 -3.259560000000000235e-01 3.191999999999999959e-03
1.500000000000000000e+01 1.150000000000000000e+02 5.100000000000000000e+01 0.000000000000000000e+00 1.600000000000000089e+00 -2.635999999999999888e-03 -7.379000000000000142e-03 9.999689999999999968e-01 8.449759999999999494e-01 -5.348009999999999708e-01 -1.719000000000000042e-03 5.347969999999999668e-01 8.449459999999999749e-01 7.643999999999999753e-03
4.000000000000000000e+00 7.000000000000000000e+00 5.200000000000000000e+01 0.000000000000000000e+00 1.600000000000000089e+00 2.640000000000000202e-04 -2.612999999999999871e-03 -9.999970000000000248e-01 1.102439999999999948e-01 -9.939010000000000344e-01 2.625999999999999862e-03 -9.939050000000000384e-01 -1.102439999999999948e-01 2.500000000000000120e-05
2.000000000000000000e+01 7.000000000000000000e+00 5.200000000000000000e+01 0.000000000000000000e+00 1.600000000000000089e+00 -2.268000000000000051e-03 -5.903000000000000261e-03 -9.999799999999999800e-01 9.895800000000000429e-02 -9.950759999999999605e-01 5.649999999999999641e-03 -9.950890000000000013e-01 -9.894300000000000317e-02 2.841000000000000209e-03
2.700000000000000000e+01 7.000000000000000000e+00 5.200000000000000000e+01 0.000000000000000000e+00 1.600000000000000089e+00 6.999999999999999929e-04 -4.937000000000000416e-03 -9.999879999999999880e-01 9.418300000000000283e-02 -9.955420000000000380e-01 4.981000000000000184e-03 -9.955549999999999677e-01 -9.418500000000000483e-02 -2.320000000000000014e-04
5.000000000000000000e+00 1.500000000000000000e+01 5.300000000000000000e+01 0.000000000000000000e+00 1.600000000000000089e+00 4.380000000000000213e-03 -6.530000000000000214e-03 -9.999689999999999968e-01 6.837330000000000352e-01 7.297310000000000185e-01 -1.770000000000000089e-03 7.297200000000000353e-01 -6.837039999999999784e-01 7.661000000000000275e-03
1.000000000000000000e+01 1.500000000000000000e+01 5.300000000000000000e+01 0.000000000000000000e+00 1.600000000000000089e+00 -1.940000000000000101e-03 -7.383999999999999939e-03 -9.999710000000000543e-01 6.835900000000000309e-01 7.298350000000000115e-01 -6.714999999999999615e-03 7.298639999999999572e-01 -6.835830000000000517e-01 3.631999999999999812e-03
3.000000000000000000e+00 2.300000000000000000e+01 5.400000000000000000e+01 0.000000000000000000e+00 1.600000000000000089e+00 3.280000000000000038e-04 1.268000000000000030e-03 9.999989999999999712e-01 3.894700000000000245e-02 9.992400000000000171e-01 -1.280000000000000105e-03 -9.992410000000000458e-01 3.894800000000000345e-02 2.790000000000000054e-04
4.000000000000000000e+00 6.300000000000000000e+01 5.400000000000000000e+01 0.000000000000000000e+00 1.600000000000000089e+00 1.345000000000000058e-03 1.222999999999999912e-03 9.999980000000000535e-01 -3.533160000000000189e-01 9.355040000000000022e-01 -6.689999999999999983e-04 -9.355029999999999735e-01 -3.533140000000000169e-01 1.691000000000000012e-03
7.000000000000000000e+00 6.300000000000000000e+01 5.400000000000000000e+01 0.000000000000000000e+00 1.600000000000000089e+00 1.258000000000000004e-03 -4.209999999999999875e-04 9.999989999999999712e-01 -3.522500000000000075e-01 9.359060000000000157e-01 8.369999999999999619e-04 -9.359049999999999869e-01 -3.522509999999999808e-01 1.028999999999999967e-03
1.300000000000000000e+01 6.300000000000000000e+01 5.400000000000000000e+01 0.000000000000000000e+00 1.600000000000000089e+00 -1.137999999999999906e-03 4.910000000000000085e-04 9.999989999999999712e-01 -3.515320000000000111e-01 9.361760000000000081e-01 -8.589999999999999546e-04 -9.361749999999999794e-01 -3.515320000000000111e-01 -8.919999999999999978e-04
1.900000000000000000e+01 6.300000000000000000e+01 5.400000000000000000e+01 0.000000000000000000e+00 1.600000000000000089e+00 -2.572000000000000067e-03 -1.469000000000000037e-03 9.999959999999999960e-01 -3.556170000000000164e-01 9.346320000000000183e-01 4.580000000000000195e-04 -9.346280000000000143e-01 -3.556150000000000144e-01 -2.926000000000000215e-03
2.800000000000000000e+01 6.300000000000000000e+01 5.400000000000000000e+01 0.000000000000000000e+00 1.600000000000000089e+00 -4.800000000000000122e-04 -5.154999999999999860e-03 9.999869999999999592e-01 -3.528819999999999735e-01 9.356560000000000432e-01 4.654000000000000151e-03 -9.356680000000000552e-01 -3.528749999999999942e-01 -2.268000000000000051e-03
7.000000000000000000e+00 2.500000000000000000e+01 5.500000000000000000e+01 0.000000000000000000e+00 1.600000000000000089e+00 -1.155999999999999910e-03 -1.647000000000000026e-03 -9.999980000000000535e-01 -1.122399999999999960e-02 -9.999360000000000470e-01 1.660000000000000017e-03 -9.999360000000000470e-01 1.122599999999999987e-02 1.137999999999999906e-03
1.100000000000000000e+01 2.500000000000000000e+01 5.500000000000000000e+01 0.000000000000000000e+00 1.600000000000000089e+00 -4.760000000000000234e-04 1.961000000000000069e-03 -9.999980000000000535e-01 -1.084800000000000000e-02 -9.999390000000000223e-01 -1.955999999999999839e-03 -9.999409999999999688e-01 1.084700000000000074e-02 4.979999999999999618e-04
1.500000000000000000e+01 2.500000000000000000e+01 5.500000000000000000e+01 0.000000000000000000e+00 1.600000000000000089e+00 1.701000000000000038e-03 2.115999999999999825e-03 -9.999959999999999960e-01 -1.080000000000000057e-02 -9.999390000000000223e-01 -2.134000000000000046e-03 -9.999400000000000510e-01 1.080399999999999937e-02 -1.678000000000000021e-03
2.000000000000000000e+01 2.500000000000000000e+01 5.500000000000000000e+01 0.000000000000000000e+00 1.600000000000000089e+00 -7.100000000000000462e-05 -1.216000000000000067e-03 -9.999989999999999712e-01 -1.160600000000000000e-02 -9.999320000000000430e-01 1.216999999999999983e-03 -9.999329999999999607e-01 1.160600000000000000e-02 5.700000000000000314e-05
4.000000000000000000e+00 2.100000000000000000e+01 6.000000000000000000e+01 0.000000000000000000e+00 1.600000000000000089e+00 -5.839999999999999922e-04 9.183999999999999456e-03 9.999580000000000135e-01 -9.716700000000000337e-02 9.952260000000000550e-01 -9.197000000000000314e-03 -9.952680000000000415e-01 -9.716900000000000537e-02 3.110000000000000243e-04
2.000000000000000000e+01 2.100000000000000000e+01 6.000000000000000000e+01 0.000000000000000000e+00 1.600000000000000089e+00 6.139999999999999625e-04 -3.386000000000000121e-03 9.999940000000000495e-01 -1.001419999999999949e-01 9.949670000000000458e-01 3.431000000000000022e-03 -9.949729999999999963e-01 -1.001439999999999969e-01 2.719999999999999979e-04
2.400000000000000000e+01 2.100000000000000000e+01 6.000000000000000000e+01 0.000000000000000000e+00 1.600000000000000089e+00 5.209999999999999788e-04 4.200000000000000174e-04 1.000000000000000000e+00 -1.009489999999999971e-01 9.948919999999999986e-01 -3.649999999999999816e-04 -9.948909999999999698e-01 -1.009489999999999971e-01 5.609999999999999752e-04
2.300000000000000000e+01 6.000000000000000000e+00 6.100000000000000000e+01 0.000000000000000000e+00 1.600000000000000089e+00 -7.349999999999999763e-04 5.324999999999999872e-03 9.999860000000000415e-01 5.615149999999999864e-01 -8.274529999999999941e-01 4.819000000000000367e-03 8.274660000000000348e-01 5.615099999999999536e-01 -2.382000000000000003e-03
3.000000000000000000e+01 6.000000000000000000e+00 6.100000000000000000e+01 0.000000000000000000e+00 1.600000000000000089e+00 2.037999999999999881e-03 -1.681999999999999901e-03 9.999959999999999960e-01 5.604270000000000085e-01 -8.282000000000000473e-01 -2.534999999999999927e-03 8.282019999999999937e-01 5.604299999999999837e-01 -7.450000000000000025e-04
1.100000000000000000e+01 3.000000000000000000e+00 6.300000000000000000e+01 0.000000000000000000e+00 1.600000000000000089e+00 -5.389999999999999826e-04 4.101999999999999744e-03 9.999909999999999632e-01 -6.150529999999999609e-01 7.884780000000000122e-01 -3.566000000000000159e-03 -7.884860000000000202e-01 -6.150489999999999569e-01 2.098000000000000038e-03
1.700000000000000000e+01 3.000000000000000000e+00 6.300000000000000000e+01 0.000000000000000000e+00 1.600000000000000089e+00 -5.199999999999999680e-05 -5.190000000000000386e-04 1.000000000000000000e+00 -6.135169999999999790e-01 7.896809999999999663e-01 3.780000000000000265e-04 -7.896809999999999663e-01 -6.135169999999999790e-01 -3.600000000000000227e-04
2.000000000000000000e+00 2.700000000000000000e+01 6.300000000000000000e+01 0.000000000000000000e+00 1.600000000000000089e+00 -4.470000000000000232e-04 -5.468999999999999903e-03 9.999850000000000128e-01 -2.733570000000000166e-01 9.618989999999999485e-01 5.139000000000000339e-03 -9.619130000000000180e-01 -2.733499999999999819e-01 -1.925000000000000062e-03
6.000000000000000000e+00 2.700000000000000000e+01 6.300000000000000000e+01 0.000000000000000000e+00 1.600000000000000089e+00 3.150000000000000131e-04 -5.041000000000000342e-03 9.999869999999999592e-01 -2.732339999999999769e-01 9.619349999999999845e-01 4.936000000000000283e-03 -9.619480000000000253e-01 -2.732319999999999749e-01 -1.074000000000000085e-03
1.100000000000000000e+01 2.700000000000000000e+01 6.300000000000000000e+01 0.000000000000000000e+00 1.600000000000000089e+00 3.780000000000000265e-04 -9.940000000000000918e-04 9.999989999999999712e-01 -2.735929999999999751e-01 9.618449999999999500e-01 1.059999999999999961e-03 -9.618459999999999788e-01 -2.735929999999999751e-01 9.100000000000000287e-05
1.600000000000000000e+01 2.700000000000000000e+01 6.300000000000000000e+01 0.000000000000000000e+00 1.600000000000000089e+00 -1.245000000000000013e-03 -1.955999999999999839e-03 9.999970000000000248e-01 -2.749489999999999990e-01 9.614570000000000061e-01 1.538000000000000088e-03 -9.614580000000000348e-01 -2.749469999999999970e-01 -1.734999999999999997e-03
2.000000000000000000e+01 2.700000000000000000e+01 6.300000000000000000e+01 0.000000000000000000e+00 1.600000000000000089e+00 -8.710000000000000294e-04 3.999999999999999819e-06 1.000000000000000000e+00 -2.737669999999999826e-01 9.617959999999999843e-01 -2.420000000000000005e-04 -9.617959999999999843e-01 -2.737669999999999826e-01 -8.369999999999999619e-04
2.500000000000000000e+01 2.700000000000000000e+01 6.300000000000000000e+01 0.000000000000000000e+00 1.600000000000000089e+00 1.430000000000000064e-03 2.950000000000000148e-04 9.999989999999999712e-01 -2.724159999999999915e-01 9.621790000000000065e-01 1.050000000000000044e-04 -9.621779999999999777e-01 -2.724159999999999915e-01 1.456000000000000046e-03
2.000000000000000000e+00 2.600000000000000000e+01 6.400000000000000000e+01 0.000000000000000000e+00 1.600000000000000089e+00 -4.150000000000000043e-04 -5.106000000000000295e-03 9.999869999999999592e-01 -3.584829999999999961e-01 9.335250000000000492e-01 4.617999999999999709e-03 -9.335360000000000325e-01 -3.584760000000000169e-01 -2.217999999999999920e-03
6.000000000000000000e+00 2.600000000000000000e+01 6.400000000000000000e+01 0.000000000000000000e+00 1.600000000000000089e+00 6.520000000000000188e-04 -2.876000000000000084e-03 9.999959999999999960e-01 -3.570720000000000005e-01 9.340720000000000134e-01 2.919000000000000154e-03 -9.340770000000000461e-01 -3.570720000000000005e-01 -4.180000000000000230e-04
1.100000000000000000e+01 2.600000000000000000e+01 6.400000000000000000e+01 0.000000000000000000e+00 1.600000000000000089e+00 8.989999999999999511e-04 -1.599999999999999928e-05 1.000000000000000000e+00 -3.564220000000000166e-01 9.343249999999999611e-01 3.350000000000000113e-04 -9.343249999999999611e-01 -3.564229999999999898e-01 8.350000000000000217e-04
1.600000000000000000e+01 2.600000000000000000e+01 6.400000000000000000e+01 0.000000000000000000e+00 1.600000000000000089e+00 -1.111999999999999924e-03 -2.021999999999999926e-03 9.999970000000000248e-01 -3.567119999999999735e-01 9.342129999999999601e-01 1.492000000000000054e-03 -9.342139999999999889e-01 -3.567089999999999983e-01 -1.760999999999999979e-03
2.100000000000000000e+01 2.600000000000000000e+01 6.400000000000000000e+01 0.000000000000000000e+00 1.600000000000000089e+00 -2.680000000000000090e-04 2.443999999999999992e-03 9.999970000000000248e-01 -3.534599999999999964e-01 9.354459999999999997e-01 -2.380999999999999870e-03 -9.354489999999999750e-01 -3.534599999999999964e-01 6.130000000000000466e-04
2.500000000000000000e+01 2.600000000000000000e+01 6.400000000000000000e+01 0.000000000000000000e+00 1.600000000000000089e+00 1.296000000000000060e-03 1.343999999999999926e-03 9.999980000000000535e-01 -3.500190000000000246e-01 9.367419999999999636e-01 -8.050000000000000515e-04 -9.367419999999999636e-01 -3.500170000000000226e-01 1.683999999999999950e-03
4.000000000000000000e+00 4.400000000000000000e+01 7.300000000000000000e+01 0.000000000000000000e+00 1.600000000000000089e+00 1.020000000000000073e-03 7.012000000000000004e-03 9.999749999999999472e-01 4.751999999999999974e-02 -9.988460000000000116e-01 6.956000000000000377e-03 9.988700000000000356e-01 4.751199999999999868e-02 -1.351999999999999903e-03
9.000000000000000000e+00 4.400000000000000000e+01 7.300000000000000000e+01 0.000000000000000000e+00 1.600000000000000089e+00 -8.540000000000000499e-04 1.528000000000000061e-03 9.999980000000000535e-01 4.899400000000000283e-02 -9.987979999999999636e-01 1.567999999999999949e-03 9.987989999999999924e-01 4.899499999999999689e-02 7.780000000000000457e-04
1.500000000000000000e+01 4.400000000000000000e+01 7.300000000000000000e+01 0.000000000000000000e+00 1.600000000000000089e+00 -1.765000000000000076e-03 -1.090000000000000040e-03 9.999980000000000535e-01 4.544299999999999728e-02 -9.989660000000000206e-01 -1.008999999999999914e-03 9.989649999999999919e-01 4.544100000000000222e-02 1.812000000000000026e-03
2.500000000000000000e+01 4.400000000000000000e+01 7.300000000000000000e+01 0.000000000000000000e+00 1.600000000000000089e+00 -1.097000000000000102e-03 3.321000000000000167e-03 9.999940000000000495e-01 4.454899999999999832e-02 -9.990019999999999456e-01 3.367000000000000201e-03 9.990069999999999784e-01 4.455200000000000132e-02 9.479999999999999495e-04
