5.000000000000000000e+00 2.500000000000000000e+01 1.000000000000000000e+00 0.000000000000000000e+00 1.600000000000000089e+00 2.929000000000000180e-03 -7.226999999999999917e-03 -9.999700000000000255e-01 -5.349810000000000398e-01 -8.448520000000000474e-01 4.538999999999999632e-03 -8.448590000000000266e-01 5.349509999999999543e-01 -6.341000000000000282e-03
9.000000000000000000e+00 2.500000000000000000e+01 1.000000000000000000e+00 0.000000000000000000e+00 1.600000000000000089e+00 2.949999999999999931e-03 -1.807000000000000012e-03 -9.999940000000000495e-01 -5.371569999999999956e-01 -8.434819999999999540e-01 -6.000000000000000152e-05 -8.434770000000000323e-01 5.371540000000000203e-01 -3.458999999999999835e-03
1.100000000000000000e+01 1.500000000000000000e+01 4.000000000000000000e+00 0.000000000000000000e+00 1.600000000000000089e+00 -1.090000000000000067e-04 1.474899999999999996e-02 9.998909999999999743e-01 2.921940000000000093e-01 -9.562549999999999661e-01 1.413700000000000026e-02 9.563589999999999591e-01 2.921630000000000060e-01 -4.205000000000000404e-03
1.400000000000000000e+01 1.500000000000000000e+01 4.000000000000000000e+00 0.000000000000000000e+00 1.600000000000000089e+00 -1.582999999999999989e-03 1.398100000000000037e-02 9.999010000000000398e-01 2.933749999999999969e-01 -9.558980000000000254e-01 1.383000000000000028e-02 9.559959999999999569e-01 2.933669999999999889e-01 -2.588000000000000023e-03
2.700000000000000000e+01 1.500000000000000000e+01 4.000000000000000000e+00 0.000000000000000000e+00 1.600000000000000089e+00 -8.390000000000000105e-04 4.643999999999999691e-03 9.999890000000000168e-01 2.884189999999999809e-01 -9.574930000000000385e-01 4.688999999999999592e-03 9.575040000000000218e-01 2.884200000000000097e-01 -5.360000000000000181e-04
2.400000000000000000e+01 1.600000000000000000e+01 4.000000000000000000e+00 0.000000000000000000e+00 1.600000000000000089e+00 -5.061999999999999660e-03 -7.590000000000000175e-04 9.999869999999999592e-01 3.552859999999999907e-01 -9.347569999999999490e-01 1.088999999999999907e-03 9.347440000000000193e-01 3.552870000000000195e-01 5.001000000000000237e-03
2.900000000000000000e+01 1.600000000000000000e+01 4.000000000000000000e+00 0.000000000000000000e+00 1.600000000000000089e+00 1.879999999999999890e-04 8.727000000000000382e-03 9.999620000000000175e-01 3.535800000000000054e-01 -9.353690000000000060e-01 8.097000000000000031e-03 9.354040000000000132e-01 3.535650000000000182e-01 -3.261000000000000010e-03
1.200000000000000000e+01 1.010000000000000000e+02 7.000000000000000000e+00 0.000000000000000000e+00 1.600000000000000089e+00 8.850000000000000444e-04 2.406999999999999851e-03 9.999970000000000248e-01 8.834950000000000303e-01 4.684360000000000190e-01 -1.910000000000000022e-03 -4.684389999999999943e-01 8.834940000000000015e-01 -1.711999999999999980e-03
1.800000000000000000e+01 1.010000000000000000e+02 7.000000000000000000e+00 0.000000000000000000e+00 1.600000000000000089e+00 -1.312999999999999931e-03 -1.765000000000000076e-03 9.999980000000000535e-01 8.834910000000000263e-01 4.684440000000000270e-01 1.985999999999999918e-03 -4.684470000000000023e-01 8.834910000000000263e-01 9.439999999999999607e-04
2.500000000000000000e+01 1.010000000000000000e+02 7.000000000000000000e+00 0.000000000000000000e+00 1.600000000000000089e+00 9.669999999999999776e-04 -7.500999999999999855e-03 9.999710000000000543e-01 8.872280000000000166e-01 4.613240000000000118e-01 2.602000000000000146e-03 -4.613309999999999911e-01 8.871999999999999886e-01 7.100999999999999673e-03
3.000000000000000000e+01 1.010000000000000000e+02 7.000000000000000000e+00 0.000000000000000000e+00 1.600000000000000089e+00 3.373999999999999829e-03 3.030199999999999907e-02 9.995349999999999513e-01 8.874819999999999931e-01 4.605299999999999949e-01 -1.695699999999999985e-02 -4.608300000000000174e-01 8.871269999999999989e-01 -2.533799999999999941e-02
1.200000000000000000e+01 1.500000000000000000e+01 8.000000000000000000e+00 0.000000000000000000e+00 1.600000000000000089e+00 4.640000000000000027e-03 1.342499999999999943e-02 -9.998989999999999823e-01 -5.906029999999999891e-01 -8.068480000000000096e-01 -1.357399999999999926e-02 -8.069490000000000274e-01 5.906059999999999643e-01 4.185000000000000352e-03
1.500000000000000000e+01 1.500000000000000000e+01 8.000000000000000000e+00 0.000000000000000000e+00 1.600000000000000089e+00 4.126999999999999592e-03 9.511000000000000357e-03 -9.999460000000000015e-01 -5.885789999999999633e-01 -8.083770000000000122e-01 -1.011800000000000026e-02 -8.084289999999999532e-01 5.885890000000000288e-01 2.262000000000000122e-03
2.100000000000000000e+01 1.500000000000000000e+01 8.000000000000000000e+00 0.000000000000000000e+00 1.600000000000000089e+00 2.912999999999999791e-03 -2.880999999999999880e-03 -9.999919999999999920e-01 -5.875240000000000462e-01 -8.092059999999999809e-01 6.199999999999999999e-04 -8.092009999999999481e-01 5.875169999999999559e-01 -4.049999999999999781e-03
2.700000000000000000e+01 1.500000000000000000e+01 8.000000000000000000e+00 0.000000000000000000e+00 1.600000000000000089e+00 2.851999999999999934e-03 9.374999999999999653e-03 -9.999519999999999520e-01 -5.837350000000000039e-01 -8.118910000000000293e-01 -9.277000000000000524e-03 -8.119389999999999663e-01 5.837329999999999464e-01 3.157000000000000084e-03
2.800000000000000000e+01 2.600000000000000000e+01 8.000000000000000000e+00 0.000000000000000000e+00 1.600000000000000089e+00 -4.035000000000000392e-03 -1.536799999999999972e-02 -9.998740000000000405e-01 4.072609999999999841e-01 9.131770000000000165e-01 -1.567899999999999849e-02 9.133029999999999760e-01 -4.072729999999999961e-01 2.573999999999999899e-03
9.000000000000000000e+00 2.400000000000000000e+01 9.000000000000000000e+00 0.000000000000000000e+00 1.600000000000000089e+00 -3.655999999999999962e-03 -7.067999999999999630e-03 -9.999679999999999680e-01 4.598539999999999850e-01 8.879590000000000538e-01 -7.957999999999999796e-03 8.879869999999999708e-01 -4.598690000000000278e-01 3.999999999999999819e-06
1.900000000000000000e+01 2.400000000000000000e+01 9.000000000000000000e+00 0.000000000000000000e+00 1.600000000000000089e+00 -1.641000000000000097e-03 1.090000000000000040e-03 -9.999980000000000535e-01 4.597550000000000248e-01 8.880460000000000020e-01 2.130000000000000003e-04 8.880439999999999445e-01 -4.597530000000000228e-01 -1.958000000000000105e-03
2.200000000000000000e+01 2.400000000000000000e+01 9.000000000000000000e+00 0.000000000000000000e+00 1.600000000000000089e+00 -2.216999999999999787e-03 -3.125000000000000173e-03 -9.999930000000000208e-01 4.594840000000000035e-01 8.881780000000000230e-01 -3.794000000000000063e-03 8.881829999999999448e-01 -4.594889999999999808e-01 -5.330000000000000536e-04
2.700000000000000000e+01 2.400000000000000000e+01 9.000000000000000000e+00 0.000000000000000000e+00 1.600000000000000089e+00 -4.172999999999999626e-03 -1.632199999999999970e-02 -9.998580000000000245e-01 4.586899999999999866e-01 8.884450000000000403e-01 -1.641700000000000104e-02 8.885870000000000157e-01 -4.586930000000000174e-01 3.778999999999999807e-03
8.000000000000000000e+00 1.040000000000000000e+02 1.100000000000000000e+01 0.000000000000000000e+00 1.600000000000000089e+00 2.180000000000000080e-03 -1.082100000000000076e-02 9.999390000000000223e-01 -9.746979999999999533e-01 -2.235260000000000025e-01 -2.939999999999999905e-04 2.235149999999999915e-01 -9.746380000000000043e-01 -1.103499999999999967e-02
7.000000000000000000e+00 3.100000000000000000e+01 1.200000000000000000e+01 0.000000000000000000e+00 1.600000000000000089e+00 -5.339999999999999695e-04 -6.105000000000000183e-03 9.999810000000000088e-01 2.144000000000000072e-03 9.999789999999999512e-01 6.106000000000000316e-03 -9.999980000000000535e-01 2.147000000000000037e-03 -5.209999999999999788e-04
2.400000000000000000e+01 3.200000000000000000e+01 1.400000000000000000e+01 0.000000000000000000e+00 1.600000000000000089e+00 -2.468999999999999841e-03 -4.900999999999999975e-03 -9.999850000000000128e-01 1.120130000000000015e-01 9.936930000000000485e-01 -5.146999999999999666e-03 9.937040000000000317e-01 -1.120239999999999986e-01 -1.904000000000000093e-03
4.000000000000000000e+00 1.200000000000000000e+01 1.500000000000000000e+01 0.000000000000000000e+00 1.600000000000000089e+00 -3.600000000000000091e-05 -5.320000000000000293e-04 -1.000000000000000000e+00 -4.664309999999999845e-01 -8.845570000000000377e-01 4.870000000000000197e-04 -8.845579999999999554e-01 4.664309999999999845e-01 -2.159999999999999919e-04
1.300000000000000000e+01 1.200000000000000000e+01 1.500000000000000000e+01 0.000000000000000000e+00 1.600000000000000089e+00 1.918000000000000000e-03 2.285999999999999838e-03 -9.999959999999999960e-01 -4.675079999999999791e-01 -8.839839999999999920e-01 -2.918000000000000021e-03 -8.839869999999999672e-01 4.675119999999999831e-01 -6.260000000000000373e-04
2.100000000000000000e+01 1.200000000000000000e+01 1.500000000000000000e+01 0.000000000000000000e+00 1.600000000000000089e+00 2.950000000000000148e-04 -1.634000000000000036e-03 -9.999989999999999712e-01 -4.688610000000000277e-01 -8.832710000000000283e-01 1.304999999999999953e-03 -8.832719999999999461e-01 4.688599999999999990e-01 -1.026999999999999918e-03
2.500000000000000000e+01 1.200000000000000000e+01 1.500000000000000000e+01 0.000000000000000000e+00 1.600000000000000089e+00 2.480000000000000108e-04 -7.899999999999999579e-05 -1.000000000000000000e+00 -4.676770000000000094e-01 -8.838989999999999903e-01 -4.600000000000000004e-05 -8.838989999999999903e-01 4.676770000000000094e-01 -2.559999999999999884e-04
2.100000000000000000e+01 1.100000000000000000e+01 1.600000000000000000e+01 0.000000000000000000e+00 1.600000000000000089e+00 -1.259999999999999998e-04 -3.460000000000000076e-04 -1.000000000000000000e+00 -4.212310000000000221e-01 -9.069530000000000092e-01 3.669999999999999760e-04 -9.069530000000000092e-01 4.212310000000000221e-01 -3.100000000000000135e-05
2.500000000000000000e+01 1.100000000000000000e+01 1.600000000000000000e+01 0.000000000000000000e+00 1.600000000000000089e+00 -4.300000000000000165e-05 4.429999999999999802e-04 -1.000000000000000000e+00 -4.198230000000000017e-01 -9.076060000000000239e-01 -3.840000000000000097e-04 -9.076060000000000239e-01 4.198230000000000017e-01 2.249999999999999938e-04
2.800000000000000000e+01 1.100000000000000000e+01 1.600000000000000000e+01 0.000000000000000000e+00 1.600000000000000089e+00 7.280000000000000230e-04 -1.000000000000000082e-05 -1.000000000000000000e+00 -4.176340000000000052e-01 -9.086149999999999505e-01 -2.950000000000000148e-04 -9.086149999999999505e-01 4.176340000000000052e-01 -6.660000000000000338e-04
8.000000000000000000e+00 1.160000000000000000e+02 1.600000000000000000e+01 0.000000000000000000e+00 1.600000000000000089e+00 -1.672000000000000092e-03 -1.100999999999999982e-03 9.999980000000000535e-01 7.044740000000000446e-01 7.097269999999999968e-01 1.959999999999999937e-03 -7.097280000000000255e-01 7.044759999999999911e-01 -4.110000000000000155e-04
1.300000000000000000e+01 1.160000000000000000e+02 1.600000000000000000e+01 0.000000000000000000e+00 1.600000000000000089e+00 4.760000000000000234e-04 -2.229999999999999994e-04 1.000000000000000000e+00 7.087689999999999824e-01 7.054409999999999847e-01 -1.800000000000000113e-04 -7.054399999999999560e-01 7.087689999999999824e-01 4.939999999999999730e-04
1.800000000000000000e+01 1.160000000000000000e+02 1.600000000000000000e+01 0.000000000000000000e+00 1.600000000000000089e+00 1.770000000000000089e-03 6.710000000000000469e-04 9.999980000000000535e-01 7.036299999999999777e-01 7.105650000000000022e-01 -1.722999999999999922e-03 -7.105650000000000022e-01 7.036320000000000352e-01 7.860000000000000233e-04
2.200000000000000000e+01 1.160000000000000000e+02 1.600000000000000000e+01 0.000000000000000000e+00 1.600000000000000089e+00 -1.716000000000000077e-03 -1.876999999999999979e-03 9.999970000000000248e-01 6.967809999999999837e-01 7.172789999999999999e-01 2.541999999999999989e-03 -7.172819999999999752e-01 6.967830000000000412e-01 7.700000000000000139e-05
1.600000000000000000e+01 2.000000000000000000e+00 1.900000000000000000e+01 0.000000000000000000e+00 1.600000000000000089e+00 6.930000000000000396e-04 -4.976000000000000388e-03 -9.999869999999999592e-01 1.841170000000000029e-01 -9.828919999999999879e-01 5.017999999999999891e-03 -9.829039999999999999e-01 -1.841180000000000039e-01 2.349999999999999930e-04
2.000000000000000000e+01 2.000000000000000000e+00 1.900000000000000000e+01 0.000000000000000000e+00 1.600000000000000089e+00 -1.815999999999999906e-03 4.291999999999999808e-03 -9.999890000000000168e-01 1.798790000000000111e-01 -9.836780000000000523e-01 -4.547999999999999959e-03 -9.836869999999999781e-01 -1.798849999999999894e-01 1.013999999999999927e-03
2.400000000000000000e+01 2.000000000000000000e+00 1.900000000000000000e+01 0.000000000000000000e+00 1.600000000000000089e+00 -2.928000000000000047e-03 4.244999999999999642e-03 -9.999869999999999592e-01 1.734890000000000043e-01 -9.848249999999999504e-01 -4.688999999999999592e-03 -9.848320000000000407e-01 -1.734999999999999876e-01 2.147000000000000037e-03
2.800000000000000000e+01 2.000000000000000000e+00 1.900000000000000000e+01 0.000000000000000000e+00 1.600000000000000089e+00 -2.037999999999999881e-03 -7.349999999999999763e-04 -9.999980000000000535e-01 1.698939999999999895e-01 -9.854619999999999491e-01 3.780000000000000265e-04 -9.854600000000000026e-01 -1.698929999999999885e-01 2.132999999999999913e-03
1.900000000000000000e+01 4.000000000000000000e+00 2.000000000000000000e+01 0.000000000000000000e+00 1.600000000000000089e+00 -1.505000000000000044e-03 -2.759999999999999867e-04 -9.999989999999999712e-01 2.731669999999999932e-01 -9.619670000000000165e-01 -1.459999999999999981e-04 -9.619649999999999590e-01 -2.731669999999999932e-01 1.523000000000000048e-03
2.300000000000000000e+01 4.000000000000000000e+00 2.000000000000000000e+01 0.000000000000000000e+00 1.600000000000000089e+00 -2.958000000000000126e-03 4.635000000000000231e-03 -9.999850000000000128e-01 2.615390000000000215e-01 -9.651790000000000092e-01 -5.246999999999999928e-03 -9.651880000000000459e-01 -2.615509999999999780e-01 1.642999999999999929e-03
2.700000000000000000e+01 4.000000000000000000e+00 2.000000000000000000e+01 0.000000000000000000e+00 1.600000000000000089e+00 1.599999999999999928e-05 -6.080000000000000335e-04 -1.000000000000000000e+00 2.509140000000000259e-01 -9.680090000000000083e-01 5.929999999999999941e-04 -9.680090000000000083e-01 -2.509140000000000259e-01 1.369999999999999961e-04
2.000000000000000000e+00 1.300000000000000000e+01 2.000000000000000000e+01 0.000000000000000000e+00 1.600000000000000089e+00 -1.299999999999999886e-04 -8.120000000000000481e-03 9.999670000000000503e-01 2.550479999999999969e-01 9.668959999999999777e-01 7.884999999999999648e-03 -9.669280000000000097e-01 2.550410000000000177e-01 1.944999999999999897e-03
7.000000000000000000e+00 1.300000000000000000e+01 2.000000000000000000e+01 0.000000000000000000e+00 1.600000000000000089e+00 -6.070000000000000092e-04 -2.850000000000000103e-03 9.999959999999999960e-01 2.572519999999999807e-01 9.663399999999999768e-01 2.909999999999999826e-03 -9.663439999999999808e-01 2.572530000000000094e-01 1.469999999999999953e-04
1.300000000000000000e+01 1.300000000000000000e+01 2.000000000000000000e+01 0.000000000000000000e+00 1.600000000000000089e+00 7.159999999999999481e-04 2.680000000000000090e-04 1.000000000000000000e+00 2.572519999999999807e-01 9.663439999999999808e-01 -4.429999999999999802e-04 -9.663439999999999808e-01 2.572530000000000094e-01 6.229999999999999644e-04
1.700000000000000000e+01 1.300000000000000000e+01 2.000000000000000000e+01 0.000000000000000000e+00 1.600000000000000089e+00 8.329999999999999731e-04 1.279999999999999942e-04 1.000000000000000000e+00 2.544790000000000108e-01 9.670779999999999932e-01 -3.359999999999999814e-04 -9.670779999999999932e-01 2.544799999999999840e-01 7.730000000000000326e-04
2.000000000000000000e+01 1.300000000000000000e+01 2.000000000000000000e+01 0.000000000000000000e+00 1.600000000000000089e+00 -2.400000000000000061e-05 -1.255000000000000039e-03 9.999989999999999712e-01 2.524609999999999910e-01 9.676059999999999661e-01 1.219999999999999947e-03 -9.676069999999999949e-01 2.524609999999999910e-01 2.930000000000000204e-04
2.400000000000000000e+01 1.300000000000000000e+01 2.000000000000000000e+01 0.000000000000000000e+00 1.600000000000000089e+00 -2.239999999999999966e-04 -1.784999999999999911e-03 9.999980000000000535e-01 2.530189999999999939e-01 9.674599999999999866e-01 1.783999999999999996e-03 -9.674610000000000154e-01 2.530189999999999939e-01 2.349999999999999930e-04
2.800000000000000000e+01 1.300000000000000000e+01 2.000000000000000000e+01 0.000000000000000000e+00 1.600000000000000089e+00 -6.890000000000000508e-04 -2.089999999999999844e-03 9.999980000000000535e-01 2.536990000000000078e-01 9.672809999999999464e-01 2.196000000000000035e-03 -9.672830000000000039e-01 2.536999999999999811e-01 -1.359999999999999989e-04
3.000000000000000000e+00 1.600000000000000000e+01 2.100000000000000000e+01 0.000000000000000000e+00 1.600000000000000089e+00 -4.879999999999999898e-04 -9.870000000000000301e-03 9.999510000000000343e-01 2.965229999999999810e-01 9.549779999999999935e-01 9.570999999999999647e-03 -9.550260000000000415e-01 2.965130000000000265e-01 2.461000000000000080e-03
7.000000000000000000e+00 1.600000000000000000e+01 2.100000000000000000e+01 0.000000000000000000e+00 1.600000000000000089e+00 -3.469999999999999777e-04 -4.448999999999999830e-03 9.999900000000000455e-01 2.970419999999999727e-01 9.548550000000000093e-01 4.350999999999999833e-03 -9.548640000000000461e-01 2.970400000000000262e-01 9.899999999999999946e-04
1.000000000000000000e+01 1.600000000000000000e+01 2.100000000000000000e+01 0.000000000000000000e+00 1.600000000000000089e+00 -1.600000000000000131e-04 3.179999999999999776e-04 1.000000000000000000e+00 2.974180000000000157e-01 9.547470000000000123e-01 -2.559999999999999884e-04 -9.547470000000000123e-01 2.974180000000000157e-01 -2.480000000000000108e-04
1.600000000000000000e+01 1.600000000000000000e+01 2.100000000000000000e+01 0.000000000000000000e+00 1.600000000000000089e+00 5.379999999999999583e-04 4.473000000000000413e-03 9.999900000000000455e-01 2.987319999999999975e-01 9.543270000000000364e-01 -4.428999999999999777e-03 -9.543369999999999909e-01 2.987310000000000243e-01 -8.220000000000000310e-04
2.500000000000000000e+01 1.600000000000000000e+01 2.100000000000000000e+01 0.000000000000000000e+00 1.600000000000000089e+00 4.040000000000000080e-04 7.169999999999999724e-04 1.000000000000000000e+00 3.000789999999999846e-01 9.539140000000000397e-01 -8.050000000000000515e-04 -9.539140000000000397e-01 3.000800000000000134e-01 1.700000000000000122e-04
7.000000000000000000e+00 3.000000000000000000e+00 2.500000000000000000e+01 0.000000000000000000e+00 1.600000000000000089e+00 -7.801999999999999907e-03 -1.469999999999999953e-04 9.999700000000000255e-01 -2.953400000000000122e-02 -9.995640000000000081e-01 -3.780000000000000265e-04 9.995330000000000048e-01 -2.953599999999999975e-02 7.793999999999999713e-03
1.600000000000000000e+01 3.000000000000000000e+00 2.500000000000000000e+01 0.000000000000000000e+00 1.600000000000000089e+00 -2.039999999999999984e-04 1.463000000000000108e-03 9.999989999999999712e-01 -2.563500000000000154e-02 -9.996699999999999475e-01 1.456999999999999962e-03 9.996709999999999763e-01 -2.563500000000000154e-02 2.410000000000000033e-04
1.900000000000000000e+01 3.000000000000000000e+00 2.500000000000000000e+01 0.000000000000000000e+00 1.600000000000000089e+00 1.711999999999999980e-03 5.998999999999999992e-03 9.999810000000000088e-01 -2.154500000000000165e-02 -9.997500000000000275e-01 6.035000000000000434e-03 9.997660000000000435e-01 -2.155500000000000124e-02 -1.582999999999999989e-03
4.000000000000000000e+00 4.600000000000000000e+01 2.700000000000000000e+01 0.000000000000000000e+00 1.600000000000000089e+00 -3.014000000000000186e-03 -3.357999999999999874e-03 -9.999900000000000455e-01 6.588089999999999780e-01 7.522969999999999935e-01 -4.512000000000000385e-03 7.523039999999999727e-01 -6.588159999999999572e-01 -5.500000000000000196e-05
1.300000000000000000e+01 4.600000000000000000e+01 2.700000000000000000e+01 0.000000000000000000e+00 1.600000000000000089e+00 -5.540000000000000219e-04 1.910000000000000077e-04 -1.000000000000000000e+00 6.649810000000000443e-01 7.468609999999999971e-01 -2.259999999999999910e-04 7.468599999999999683e-01 -6.649810000000000443e-01 -5.400000000000000069e-04
1.800000000000000000e+01 4.600000000000000000e+01 2.700000000000000000e+01 0.000000000000000000e+00 1.600000000000000089e+00 1.804000000000000048e-03 3.020000000000000223e-04 -9.999980000000000535e-01 6.631359999999999477e-01 7.484969999999999679e-01 1.423000000000000003e-03 7.484960000000000502e-01 -6.631380000000000052e-01 1.149999999999999981e-03
2.600000000000000000e+01 4.600000000000000000e+01 2.700000000000000000e+01 0.000000000000000000e+00 1.600000000000000089e+00 -1.621999999999999961e-03 -2.739999999999999923e-04 -9.999989999999999712e-01 6.626539999999999653e-01 7.489249999999999519e-01 -1.280000000000000105e-03 7.489240000000000341e-01 -6.626549999999999940e-01 -1.033999999999999980e-03
5.000000000000000000e+00 5.800000000000000000e+01 3.100000000000000000e+01 0.000000000000000000e+00 1.600000000000000089e+00 -8.339999999999999974e-04 3.939999999999999817e-04 1.000000000000000000e+00 -7.914069999999999716e-01 -6.112900000000000000e-01 -4.189999999999999931e-04 6.112889999999999713e-01 -7.914069999999999716e-01 8.220000000000000310e-04
1.200000000000000000e+01 5.800000000000000000e+01 3.100000000000000000e+01 0.000000000000000000e+00 1.600000000000000089e+00 4.939999999999999730e-04 -4.186999999999999750e-03 9.999909999999999632e-01 -7.912700000000000289e-01 -6.114629999999999788e-01 -2.168999999999999921e-03 6.114669999999999828e-01 -7.912620000000000209e-01 -3.615999999999999857e-03
1.900000000000000000e+01 5.800000000000000000e+01 3.100000000000000000e+01 0.000000000000000000e+00 1.600000000000000089e+00 6.774999999999999772e-03 1.136999999999999990e-03 9.999759999999999760e-01 -7.841730000000000089e-01 -6.205129999999999812e-01 6.019000000000000045e-03 6.205060000000000020e-01 -7.841949999999999754e-01 -3.311999999999999840e-03
2.700000000000000000e+01 5.800000000000000000e+01 3.100000000000000000e+01 0.000000000000000000e+00 1.600000000000000089e+00 1.515999999999999986e-03 2.383999999999999835e-03 9.999959999999999960e-01 -7.745779999999999887e-01 -6.324720000000000342e-01 2.681999999999999922e-03 6.324760000000000382e-01 -7.745790000000000175e-01 8.880000000000000089e-04
4.000000000000000000e+00 6.000000000000000000e+00 3.200000000000000000e+01 0.000000000000000000e+00 1.600000000000000089e+00 -4.611999999999999780e-03 -2.516000000000000007e-03 -9.999860000000000415e-01 1.391090000000000104e-01 9.902720000000000411e-01 -3.134000000000000067e-03 9.902659999999999796e-01 -1.391209999999999947e-01 -4.217000000000000262e-03
1.900000000000000000e+01 6.000000000000000000e+00 3.200000000000000000e+01 0.000000000000000000e+00 1.600000000000000089e+00 -2.779999999999999811e-04 -5.512999999999999672e-03 -9.999850000000000128e-01 1.547169999999999934e-01 9.879440000000000444e-01 -5.490000000000000088e-03 9.879590000000000316e-01 -1.547159999999999924e-01 5.789999999999999791e-04
3.000000000000000000e+00 4.600000000000000000e+01 3.500000000000000000e+01 0.000000000000000000e+00 1.600000000000000089e+00 -6.930000000000000396e-04 2.640000000000000202e-04 -1.000000000000000000e+00 3.809629999999999961e-01 -9.245900000000000230e-01 -5.079999999999999880e-04 -9.245900000000000230e-01 -3.809629999999999961e-01 5.410000000000000312e-04
8.000000000000000000e+00 4.600000000000000000e+01 3.500000000000000000e+01 0.000000000000000000e+00 1.600000000000000089e+00 3.209999999999999963e-04 1.164000000000000104e-03 -9.999989999999999712e-01 3.820370000000000155e-01 -9.241460000000000230e-01 -9.529999999999999626e-04 -9.241470000000000518e-01 -3.820370000000000155e-01 -7.410000000000000137e-04
1.300000000000000000e+01 4.600000000000000000e+01 3.500000000000000000e+01 0.000000000000000000e+00 1.600000000000000089e+00 -1.381999999999999982e-03 4.707000000000000246e-03 -9.999879999999999880e-01 3.836289999999999978e-01 -9.234740000000000171e-01 -4.877000000000000259e-03 -9.234860000000000291e-01 -3.836309999999999998e-01 -5.299999999999999807e-04
1.700000000000000000e+01 4.600000000000000000e+01 3.500000000000000000e+01 0.000000000000000000e+00 1.600000000000000089e+00 1.242999999999999964e-03 3.789999999999999966e-04 -9.999989999999999712e-01 3.857349999999999945e-01 -9.226100000000000412e-01 1.299999999999999886e-04 -9.226090000000000124e-01 -3.857349999999999945e-01 -1.293000000000000095e-03
2.000000000000000000e+01 4.600000000000000000e+01 3.500000000000000000e+01 0.000000000000000000e+00 1.600000000000000089e+00 -9.089999999999999773e-04 -2.282999999999999873e-03 -9.999970000000000248e-01 3.863929999999999865e-01 -9.223329999999999584e-01 1.755000000000000050e-03 -9.223339999999999872e-01 -3.863900000000000112e-01 1.719999999999999958e-03
2.400000000000000000e+01 4.600000000000000000e+01 3.500000000000000000e+01 0.000000000000000000e+00 1.600000000000000089e+00 -1.539000000000000003e-03 2.809999999999999998e-04 -9.999989999999999712e-01 3.858739999999999948e-01 -9.225510000000000099e-01 -8.530000000000000256e-04 -9.225499999999999812e-01 -3.858750000000000235e-01 1.311000000000000099e-03
3.000000000000000000e+01 4.600000000000000000e+01 3.500000000000000000e+01 0.000000000000000000e+00 1.600000000000000089e+00 4.789999999999999879e-04 -3.347999999999999848e-03 -9.999940000000000495e-01 3.863800000000000012e-01 -9.223339999999999872e-01 3.272999999999999868e-03 -9.223390000000000200e-01 -3.863800000000000012e-01 8.520000000000000013e-04
3.000000000000000000e+00 9.500000000000000000e+01 3.600000000000000000e+01 0.000000000000000000e+00 1.600000000000000089e+00 -1.103000000000000031e-03 -1.884999999999999870e-02 9.998219999999999885e-01 9.960949999999999527e-01 8.824799999999999311e-02 2.762999999999999831e-03 -8.828500000000000236e-02 9.959200000000000275e-01 1.867900000000000116e-02
8.000000000000000000e+00 9.500000000000000000e+01 3.600000000000000000e+01 0.000000000000000000e+00 1.600000000000000089e+00 -4.447000000000000432e-03 -8.329999999999999731e-04 9.999900000000000455e-01 9.957810000000000272e-01 9.164600000000000524e-02 4.505000000000000324e-03 -9.164899999999999436e-02 9.957909999999999817e-01 4.220000000000000118e-04
1.200000000000000000e+01 9.500000000000000000e+01 3.600000000000000000e+01 0.000000000000000000e+00 1.600000000000000089e+00 -1.093999999999999920e-03 -9.569999999999999514e-04 9.999989999999999712e-01 9.959770000000000012e-01 8.960500000000000409e-02 1.175999999999999962e-03 -8.960600000000000509e-02 9.959770000000000012e-01 8.549999999999999658e-04
1.800000000000000000e+01 9.500000000000000000e+01 3.600000000000000000e+01 0.000000000000000000e+00 1.600000000000000089e+00 1.268999999999999946e-03 1.896000000000000116e-02 9.998190000000000133e-01 9.966110000000000246e-01 8.220600000000000129e-02 -2.824000000000000121e-03 -8.224399999999999766e-02 9.964349999999999596e-01 -1.879099999999999868e-02
2.400000000000000000e+01 9.500000000000000000e+01 3.600000000000000000e+01 0.000000000000000000e+00 1.600000000000000089e+00 3.995000000000000287e-03 -5.137000000000000073e-03 9.999789999999999512e-01 9.970649999999999791e-01 7.647199999999999831e-02 -3.589999999999999875e-03 -7.645200000000000606e-02 9.970579999999999998e-01 5.427000000000000400e-03
5.000000000000000000e+00 3.000000000000000000e+00 4.300000000000000000e+01 0.000000000000000000e+00 1.600000000000000089e+00 -7.934999999999999346e-03 -2.768299999999999927e-02 -9.995849999999999458e-01 7.464089999999999892e-01 -6.653700000000000170e-01 1.250199999999999922e-02 -6.654400000000000315e-01 -7.459999999999999964e-01 2.594300000000000078e-02
9.000000000000000000e+00 3.000000000000000000e+00 4.300000000000000000e+01 0.000000000000000000e+00 1.600000000000000089e+00 -5.703999999999999869e-03 -5.925999999999999844e-03 -9.999660000000000215e-01 7.469099999999999628e-01 -6.649249999999999883e-01 -3.200000000000000262e-04 -6.649009999999999643e-01 -7.468869999999999676e-01 8.219000000000000611e-03
1.600000000000000000e+01 3.000000000000000000e+00 4.300000000000000000e+01 0.000000000000000000e+00 1.600000000000000089e+00 2.900000000000000017e-04 2.286900000000000044e-02 -9.997380000000000155e-01 7.424770000000000536e-01 -6.697009999999999907e-01 -1.510399999999999937e-02 -6.698709999999999942e-01 -7.422790000000000221e-01 -1.717399999999999829e-02
2.400000000000000000e+01 3.000000000000000000e+00 4.300000000000000000e+01 0.000000000000000000e+00 1.600000000000000089e+00 7.299999999999999903e-05 1.421399999999999920e-02 -9.998989999999999823e-01 7.397519999999999651e-01 -6.728119999999999656e-01 -9.509999999999999357e-03 -6.728790000000000049e-01 -7.396770000000000289e-01 -1.056400000000000047e-02
9.000000000000000000e+00 8.000000000000000000e+00 4.400000000000000000e+01 0.000000000000000000e+00 1.600000000000000089e+00 3.020000000000000223e-04 -2.043999999999999810e-03 9.999980000000000535e-01 -7.687749999999999861e-01 -6.395180000000000309e-01 -1.075000000000000001e-03 6.395189999999999486e-01 -7.687730000000000397e-01 -1.763999999999999943e-03
1.300000000000000000e+01 8.000000000000000000e+00 4.400000000000000000e+01 0.000000000000000000e+00 1.600000000000000089e+00 3.579000000000000150e-03 5.582000000000000156e-03 9.999780000000000335e-01 -7.694900000000000073e-01 -6.386279999999999735e-01 6.318999999999999964e-03 6.386490000000000222e-01 -7.694950000000000401e-01 2.008999999999999935e-03
2.100000000000000000e+01 8.000000000000000000e+00 4.400000000000000000e+01 0.000000000000000000e+00 1.600000000000000089e+00 4.275000000000000154e-03 1.484599999999999982e-02 9.998810000000000198e-01 -7.747939999999999827e-01 -6.320869999999999544e-01 1.269799999999999922e-02 6.321999999999999842e-01 -7.747549999999999715e-01 8.800999999999999795e-03
2.800000000000000000e+01 8.000000000000000000e+00 4.400000000000000000e+01 0.000000000000000000e+00 1.600000000000000089e+00 4.409999999999999858e-04 3.033999999999999805e-03 9.999949999999999672e-01 -7.761470000000000313e-01 -6.305479999999999974e-01 2.256000000000000193e-03 6.305520000000000014e-01 -7.761449999999999738e-01 2.076000000000000154e-03
2.000000000000000000e+00 2.900000000000000000e+01 4.400000000000000000e+01 0.000000000000000000e+00 1.600000000000000089e+00 -1.259999999999999998e-04 -4.163000000000000034e-03 -9.999909999999999632e-01 6.523579999999999934e-01 7.579040000000000221e-01 -3.236999999999999860e-03 7.579110000000000014e-01 -6.523529999999999607e-01 2.619999999999999933e-03
5.000000000000000000e+00 2.900000000000000000e+01 4.400000000000000000e+01 0.000000000000000000e+00 1.600000000000000089e+00 1.080999999999999930e-03 -4.044999999999999984e-03 -9.999909999999999632e-01 6.557479999999999976e-01 7.549759999999999804e-01 -2.344999999999999862e-03 7.549789999999999557e-01 -6.557399999999999896e-01 3.468000000000000162e-03
1.200000000000000000e+01 2.900000000000000000e+01 4.400000000000000000e+01 0.000000000000000000e+00 1.600000000000000089e+00 2.066999999999999827e-03 -5.513999999999999804e-03 -9.999829999999999552e-01 6.721500000000000252e-01 7.404100000000000126e-01 -2.693000000000000081e-03 7.404119999999999591e-01 -6.721329999999999805e-01 5.237000000000000335e-03
1.500000000000000000e+01 2.900000000000000000e+01 4.400000000000000000e+01 0.000000000000000000e+00 1.600000000000000089e+00 1.066000000000000107e-03 -1.018000000000000025e-03 -9.999989999999999712e-01 6.781319999999999570e-01 7.349400000000000377e-01 -2.500000000000000120e-05 7.349390000000000089e-01 -6.781310000000000393e-01 1.474000000000000050e-03
2.000000000000000000e+01 2.900000000000000000e+01 4.400000000000000000e+01 0.000000000000000000e+00 1.600000000000000089e+00 -1.860000000000000108e-03 4.192999999999999679e-03 -9.999900000000000455e-01 6.763719999999999732e-01 7.365580000000000460e-01 1.830000000000000029e-03 7.365580000000000460e-01 -6.763620000000000188e-01 -4.205999999999999669e-03
2.900000000000000000e+01 2.900000000000000000e+01 4.400000000000000000e+01 0.000000000000000000e+00 1.600000000000000089e+00 -7.470000000000000511e-04 6.780000000000000002e-04 -1.000000000000000000e+00 6.738439999999999985e-01 7.388740000000000308e-01 -3.000000000000000076e-06 7.388730000000000020e-01 -6.738429999999999698e-01 -1.007999999999999998e-03
3.000000000000000000e+01 5.400000000000000000e+01 4.600000000000000000e+01 0.000000000000000000e+00 1.600000000000000089e+00 -1.165000000000000020e-03 -3.641999999999999838e-03 9.999930000000000208e-01 3.240660000000000207e-01 -9.460290000000000088e-01 -3.067999999999999981e-03 9.460340000000000416e-01 3.240600000000000147e-01 2.282999999999999873e-03
1.900000000000000000e+01 6.500000000000000000e+01 4.600000000000000000e+01 0.000000000000000000e+00 1.600000000000000089e+00 1.595999999999999979e-03 -9.269999999999999811e-04 9.999980000000000535e-01 6.809089999999999865e-01 -7.323659999999999615e-01 -1.765000000000000076e-03 7.323659999999999615e-01 6.809110000000000440e-01 -5.379999999999999583e-04
1.900000000000000000e+01 6.000000000000000000e+00 5.100000000000000000e+01 0.000000000000000000e+00 1.600000000000000089e+00 3.082000000000000104e-03 7.304999999999999861e-03 -9.999689999999999968e-01 3.257220000000000115e-01 -9.454470000000000374e-01 -5.903000000000000261e-03 -9.454609999999999959e-01 -3.256930000000000103e-01 -5.292999999999999962e-03
2.300000000000000000e+01 6.000000000000000000e+00 5.100000000000000000e+01 0.000000000000000000e+00 1.600000000000000089e+00 5.015999999999999626e-03 8.085999999999999438e-03 -9.999550000000000383e-01 3.235140000000000238e-01 -9.462040000000000450e-01 -6.028999999999999637e-03 -9.462099999999999955e-01 -3.234690000000000065e-01 -7.361999999999999621e-03
1.400000000000000000e+01 7.000000000000000000e+00 5.200000000000000000e+01 0.000000000000000000e+00 1.600000000000000089e+00 7.579999999999999932e-04 -2.354000000000000190e-03 -9.999970000000000248e-01 1.182279999999999998e-01 -9.929839999999999778e-01 2.426999999999999904e-03 -9.929860000000000353e-01 -1.182290000000000008e-01 -4.739999999999999747e-04
1.900000000000000000e+01 7.000000000000000000e+00 5.200000000000000000e+01 0.000000000000000000e+00 1.600000000000000089e+00 4.458000000000000157e-03 5.955000000000000224e-03 -9.999719999999999720e-01 1.181880000000000014e-01 -9.929769999999999985e-01 -5.387000000000000295e-03 -9.929810000000000025e-01 -1.181610000000000021e-01 -5.131000000000000144e-03
8.000000000000000000e+00 6.300000000000000000e+01 5.400000000000000000e+01 0.000000000000000000e+00 1.600000000000000089e+00 1.781000000000000031e-03 -1.266999999999999897e-03 9.999980000000000535e-01 -3.563189999999999968e-01 9.343630000000000546e-01 1.817999999999999955e-03 -9.343630000000000546e-01 -3.563209999999999988e-01 1.211999999999999970e-03
1.200000000000000000e+01 6.300000000000000000e+01 5.400000000000000000e+01 0.000000000000000000e+00 1.600000000000000089e+00 1.779999999999999898e-04 -1.160000000000000007e-04 1.000000000000000000e+00 -3.595380000000000242e-01 9.331300000000000150e-01 1.720000000000000066e-04 -9.331300000000000150e-01 -3.595380000000000242e-01 1.240000000000000054e-04
1.500000000000000000e+01 6.300000000000000000e+01 5.400000000000000000e+01 0.000000000000000000e+00 1.600000000000000089e+00 -1.263999999999999933e-03 -1.101999999999999898e-03 9.999989999999999712e-01 -3.574879999999999725e-01 9.339180000000000259e-01 5.770000000000000389e-04 -9.339169999999999972e-01 -3.574860000000000260e-01 -1.575000000000000011e-03
2.200000000000000000e+01 6.300000000000000000e+01 5.400000000000000000e+01 0.000000000000000000e+00 1.600000000000000089e+00 -2.699999999999999899e-05 6.750000000000000357e-04 1.000000000000000000e+00 -3.523450000000000193e-01 9.358699999999999797e-01 -6.409999999999999682e-04 -9.358699999999999797e-01 -3.523450000000000193e-01 2.130000000000000003e-04
2.600000000000000000e+01 6.300000000000000000e+01 5.400000000000000000e+01 0.000000000000000000e+00 1.600000000000000089e+00 -2.939999999999999905e-04 7.089999999999999948e-04 1.000000000000000000e+00 -3.494389999999999996e-01 9.369589999999999863e-01 -7.669999999999999951e-04 -9.369589999999999863e-01 -3.494389999999999996e-01 -2.699999999999999899e-05
2.000000000000000000e+00 2.500000000000000000e+01 5.500000000000000000e+01 0.000000000000000000e+00 1.600000000000000089e+00 1.330000000000000019e-03 -8.189999999999999581e-04 -9.999989999999999712e-01 -1.227499999999999945e-02 -9.999240000000000350e-01 8.019999999999999785e-04 -9.999240000000000350e-01 1.227400000000000019e-02 -1.340000000000000045e-03
6.000000000000000000e+00 2.500000000000000000e+01 5.500000000000000000e+01 0.000000000000000000e+00 1.600000000000000089e+00 5.289999999999999564e-04 2.007000000000000103e-03 -9.999980000000000535e-01 -1.282600000000000059e-02 -9.999160000000000270e-01 -2.013000000000000032e-03 -9.999179999999999735e-01 1.282800000000000086e-02 -5.029999999999999749e-04
1.600000000000000000e+01 2.500000000000000000e+01 5.500000000000000000e+01 0.000000000000000000e+00 1.600000000000000089e+00 1.219999999999999947e-03 -1.907999999999999974e-03 -9.999970000000000248e-01 -1.181500000000000085e-02 -9.999280000000000390e-01 1.894000000000000067e-03 -9.999289999999999567e-01 1.181300000000000058e-02 -1.242999999999999964e-03
2.300000000000000000e+01 2.500000000000000000e+01 5.500000000000000000e+01 0.000000000000000000e+00 1.600000000000000089e+00 -6.700000000000000226e-04 4.420000000000000101e-04 -1.000000000000000000e+00 -1.135000000000000071e-02 -9.999360000000000470e-01 -4.339999999999999782e-04 -9.999350000000000183e-01 1.135000000000000071e-02 6.750000000000000357e-04
2.700000000000000000e+01 2.500000000000000000e+01 5.500000000000000000e+01 0.000000000000000000e+00 1.600000000000000089e+00 1.090000000000000067e-04 5.564000000000000369e-03 -9.999850000000000128e-01 -1.215199999999999961e-02 -9.999109999999999943e-01 -5.564999999999999634e-03 -9.999259999999999815e-01 1.215300000000000061e-02 -4.199999999999999768e-05
5.000000000000000000e+00 2.100000000000000000e+01 6.000000000000000000e+01 0.000000000000000000e+00 1.600000000000000089e+00 -2.301000000000000094e-03 -8.604999999999999802e-03 9.999599999999999600e-01 -9.721200000000000674e-02 9.952290000000000303e-01 8.340000000000000191e-03 -9.952609999999999513e-01 -9.718899999999999761e-02 -3.125999999999999873e-03
1.200000000000000000e+01 2.100000000000000000e+01 6.000000000000000000e+01 0.000000000000000000e+00 1.600000000000000089e+00 -7.470000000000000511e-04 1.506500000000000027e-02 9.998860000000000525e-01 -9.581599999999999839e-02 9.952849999999999753e-01 -1.506700000000000053e-02 -9.953990000000000338e-01 -9.581699999999999939e-02 6.999999999999999929e-04
1.800000000000000000e+01 2.100000000000000000e+01 6.000000000000000000e+01 0.000000000000000000e+00 1.600000000000000089e+00 1.431999999999999896e-03 -5.767000000000000424e-03 9.999820000000000375e-01 -9.486600000000000588e-02 9.954730000000000523e-01 5.876000000000000147e-03 -9.954889999999999572e-01 -9.487299999999999900e-02 8.779999999999999827e-04
2.600000000000000000e+01 2.100000000000000000e+01 6.000000000000000000e+01 0.000000000000000000e+00 1.600000000000000089e+00 1.669999999999999935e-04 -5.740999999999999576e-03 9.999829999999999552e-01 -9.373700000000000088e-02 9.955800000000000205e-01 5.730999999999999983e-03 -9.955969999999999542e-01 -9.373599999999999988e-02 -3.719999999999999891e-04
