7.000000000000000000e+00 2.500000000000000000e+01 1.000000000000000000e+00 0.000000000000000000e+00 1.600000000000000089e+00 -7.789999999999999616e-04 -3.250999999999999984e-03 -9.999940000000000495e-01 -5.252200000000000202e-01 -8.509600000000000497e-01 3.176000000000000004e-03 -8.509660000000000002e-01 5.252200000000000202e-01 -1.044000000000000006e-03
8.000000000000000000e+00 1.500000000000000000e+01 4.000000000000000000e+00 0.000000000000000000e+00 1.600000000000000089e+00 -2.335999999999999969e-03 -1.001299999999999933e-02 9.999470000000000303e-01 2.810380000000000100e-01 -9.596550000000000358e-01 -8.952999999999999153e-03 9.596940000000000470e-01 2.810019999999999740e-01 5.055999999999999731e-03
1.700000000000000000e+01 1.500000000000000000e+01 4.000000000000000000e+00 0.000000000000000000e+00 1.600000000000000089e+00 -1.879999999999999944e-03 1.010800000000000066e-02 9.999470000000000303e-01 2.924729999999999830e-01 -9.562190000000000412e-01 1.021599999999999939e-02 9.562720000000000109e-01 2.924769999999999870e-01 -1.159000000000000091e-03
2.300000000000000000e+01 1.500000000000000000e+01 4.000000000000000000e+00 0.000000000000000000e+00 1.600000000000000089e+00 2.472999999999999938e-03 2.421900000000000094e-02 9.997040000000000370e-01 2.904820000000000180e-01 -9.566170000000000506e-01 2.245700000000000127e-02 9.568769999999999776e-01 2.903399999999999870e-01 -9.400999999999999635e-03
2.800000000000000000e+01 1.500000000000000000e+01 4.000000000000000000e+00 0.000000000000000000e+00 1.600000000000000089e+00 7.271999999999999818e-03 3.363000000000000017e-02 9.994079999999999631e-01 2.962489999999999846e-01 -9.546409999999999618e-01 2.996800000000000158e-02 9.550830000000000153e-01 2.958560000000000079e-01 -1.690499999999999989e-02
4.000000000000000000e+00 1.010000000000000000e+02 7.000000000000000000e+00 0.000000000000000000e+00 1.600000000000000089e+00 -1.763999999999999943e-03 -5.884999999999999606e-03 9.999810000000000088e-01 8.855760000000000298e-01 4.644739999999999980e-01 4.296000000000000339e-03 -4.644909999999999872e-01 8.855669999999999931e-01 4.392000000000000071e-03
1.000000000000000000e+01 1.010000000000000000e+02 7.000000000000000000e+00 0.000000000000000000e+00 1.600000000000000089e+00 -2.020999999999999793e-03 -4.454999999999999759e-03 9.999879999999999880e-01 8.842269999999999852e-01 4.670409999999999839e-01 3.867000000000000211e-03 -4.670529999999999959e-01 8.842240000000000100e-01 2.994999999999999832e-03
1.000000000000000000e+01 1.500000000000000000e+01 8.000000000000000000e+00 0.000000000000000000e+00 1.600000000000000089e+00 -3.886999999999999830e-03 -2.998999999999999930e-03 -9.999879999999999880e-01 -5.944040000000000434e-01 -8.041530000000000067e-01 4.721999999999999635e-03 -8.041570000000000107e-01 5.944150000000000267e-01 1.343999999999999926e-03
1.900000000000000000e+01 1.500000000000000000e+01 8.000000000000000000e+00 0.000000000000000000e+00 1.600000000000000089e+00 5.276000000000000308e-03 1.210800000000000071e-02 -9.999130000000000518e-01 -5.937200000000000255e-01 -8.045689999999999786e-01 -1.287600000000000029e-02 -8.046539999999999804e-01 5.937360000000000415e-01 2.944000000000000002e-03
2.300000000000000000e+01 1.500000000000000000e+01 8.000000000000000000e+00 0.000000000000000000e+00 1.600000000000000089e+00 4.014000000000000207e-03 2.272599999999999967e-02 -9.997340000000000115e-01 -5.910800000000000498e-01 -8.063470000000000359e-01 -2.070299999999999918e-02 -8.066029999999999589e-01 5.910060000000000313e-01 1.019600000000000020e-02
2.700000000000000000e+01 1.500000000000000000e+01 8.000000000000000000e+00 0.000000000000000000e+00 1.600000000000000089e+00 3.272999999999999868e-03 3.150900000000000228e-02 -9.994979999999999976e-01 -5.887940000000000396e-01 -8.078189999999999538e-01 -2.739499999999999921e-02 -8.082759999999999945e-01 5.885880000000000001e-01 1.590799999999999853e-02
5.000000000000000000e+00 2.400000000000000000e+01 9.000000000000000000e+00 0.000000000000000000e+00 1.600000000000000089e+00 3.648999999999999900e-03 7.433000000000000371e-03 -9.999660000000000215e-01 4.558429999999999982e-01 8.900219999999999798e-01 8.278999999999999901e-03 8.900529999999999831e-01 -4.558570000000000122e-01 -1.399999999999999877e-04
9.000000000000000000e+00 2.400000000000000000e+01 9.000000000000000000e+00 0.000000000000000000e+00 1.600000000000000089e+00 3.269999999999999795e-04 -4.670000000000000214e-04 -1.000000000000000000e+00 4.542209999999999859e-01 8.908890000000000420e-01 -2.680000000000000090e-04 8.908890000000000420e-01 -4.542209999999999859e-01 5.039999999999999992e-04
2.300000000000000000e+01 2.400000000000000000e+01 9.000000000000000000e+00 0.000000000000000000e+00 1.600000000000000089e+00 -4.937999999999999681e-03 -8.019000000000000086e-03 -9.999559999999999560e-01 4.536850000000000049e-01 8.911130000000000440e-01 -9.386999999999999511e-03 8.911480000000000512e-01 -4.537109999999999754e-01 -7.619999999999999820e-04
3.000000000000000000e+00 4.000000000000000000e+00 1.100000000000000000e+01 0.000000000000000000e+00 1.600000000000000089e+00 8.019999999999999785e-04 1.465299999999999936e-02 -9.998920000000000030e-01 1.719809999999999950e-01 9.849930000000000074e-01 1.457199999999999988e-02 9.850999999999999757e-01 -1.719739999999999880e-01 -1.729999999999999984e-03
1.800000000000000000e+01 4.000000000000000000e+00 1.100000000000000000e+01 0.000000000000000000e+00 1.600000000000000089e+00 3.959999999999999762e-04 -9.294000000000000178e-03 -9.999569999999999848e-01 1.765599999999999947e-01 9.842480000000000118e-01 -9.077999999999999264e-03 9.842899999999999983e-01 -1.765490000000000115e-01 2.030999999999999819e-03
2.400000000000000000e+01 4.000000000000000000e+00 1.100000000000000000e+01 0.000000000000000000e+00 1.600000000000000089e+00 -1.436999999999999909e-03 -2.103599999999999914e-02 -9.997779999999999445e-01 1.820259999999999934e-01 9.830710000000000282e-01 -2.094599999999999934e-02 9.832929999999999726e-01 -1.820150000000000101e-01 2.416000000000000179e-03
2.300000000000000000e+01 3.100000000000000000e+01 1.200000000000000000e+01 0.000000000000000000e+00 1.600000000000000089e+00 1.820000000000000057e-04 -1.683000000000000034e-03 9.999989999999999712e-01 -2.021299999999999833e-02 9.997939999999999605e-01 1.685999999999999999e-03 -9.997960000000000180e-01 -2.021299999999999833e-02 1.469999999999999953e-04
7.000000000000000000e+00 3.000000000000000000e+00 1.300000000000000000e+01 0.000000000000000000e+00 1.600000000000000089e+00 6.000000000000000152e-05 7.156000000000000034e-03 9.999740000000000295e-01 -1.332000000000000068e-03 9.999740000000000295e-01 -7.156000000000000034e-03 -9.999989999999999712e-01 -1.330999999999999935e-03 6.999999999999999387e-05
1.700000000000000000e+01 3.000000000000000000e+00 1.300000000000000000e+01 0.000000000000000000e+00 1.600000000000000089e+00 -6.250000000000000130e-04 -6.209000000000000109e-03 9.999810000000000088e-01 -1.055500000000000015e-02 9.999249999999999527e-01 6.202000000000000048e-03 -9.999440000000000550e-01 -1.055099999999999962e-02 -6.899999999999999667e-04
2.400000000000000000e+01 3.000000000000000000e+00 1.300000000000000000e+01 0.000000000000000000e+00 1.600000000000000089e+00 -1.869000000000000002e-03 -2.253900000000000001e-02 9.997439999999999660e-01 -1.468599999999999940e-02 9.996390000000000553e-01 2.250900000000000123e-02 -9.998899999999999455e-01 -1.464000000000000024e-02 -2.199000000000000000e-03
2.600000000000000000e+01 3.200000000000000000e+01 1.400000000000000000e+01 0.000000000000000000e+00 1.600000000000000089e+00 -1.139999999999999954e-03 -2.795999999999999874e-03 -9.999949999999999672e-01 1.203380000000000005e-01 9.927289999999999726e-01 -2.912999999999999791e-03 9.927319999999999478e-01 -1.203400000000000025e-01 -7.950000000000000252e-04
2.800000000000000000e+01 3.200000000000000000e+01 1.400000000000000000e+01 0.000000000000000000e+00 1.600000000000000089e+00 -9.039999999999999642e-04 -3.569999999999999823e-03 -9.999930000000000208e-01 1.185240000000000044e-01 9.929449999999999665e-01 -3.651999999999999864e-03 9.929510000000000280e-01 -1.185260000000000064e-01 -4.739999999999999747e-04
4.000000000000000000e+00 1.200000000000000000e+01 1.500000000000000000e+01 0.000000000000000000e+00 1.600000000000000089e+00 -9.219999999999999680e-04 -8.864999999999999616e-03 -9.999599999999999600e-01 -4.697310000000000096e-01 -8.827709999999999724e-01 8.259999999999999981e-03 -8.828089999999999549e-01 4.697200000000000264e-01 -3.350000000000000113e-03
9.000000000000000000e+00 1.200000000000000000e+01 1.500000000000000000e+01 0.000000000000000000e+00 1.600000000000000089e+00 -3.348999999999999980e-03 -3.346000000000000016e-03 -9.999890000000000168e-01 -4.691060000000000230e-01 -8.831299999999999706e-01 4.525999999999999641e-03 -8.831360000000000321e-01 4.691159999999999775e-01 1.387999999999999911e-03
1.700000000000000000e+01 1.200000000000000000e+01 1.500000000000000000e+01 0.000000000000000000e+00 1.600000000000000089e+00 8.310000000000000329e-04 3.739999999999999835e-03 -9.999930000000000208e-01 -4.701609999999999956e-01 -8.825730000000000519e-01 -3.690999999999999837e-03 -8.825800000000000312e-01 4.701609999999999956e-01 1.023999999999999954e-03
2.300000000000000000e+01 1.200000000000000000e+01 1.500000000000000000e+01 0.000000000000000000e+00 1.600000000000000089e+00 2.848999999999999970e-03 8.869999999999999846e-04 -9.999959999999999960e-01 -4.690070000000000072e-01 -8.831919999999999771e-01 -2.118999999999999790e-03 -8.831900000000000306e-01 4.690110000000000112e-01 -2.099999999999999870e-03
2.700000000000000000e+01 1.100000000000000000e+01 1.600000000000000000e+01 0.000000000000000000e+00 1.600000000000000089e+00 1.137999999999999906e-03 2.330000000000000040e-03 -9.999970000000000248e-01 -4.145730000000000248e-01 -9.100120000000000431e-01 -2.592000000000000120e-03 -9.100150000000000183e-01 4.145739999999999981e-01 -6.999999999999999387e-05
2.000000000000000000e+01 1.160000000000000000e+02 1.600000000000000000e+01 0.000000000000000000e+00 1.600000000000000089e+00 -6.381000000000000387e-03 -6.568000000000000053e-03 9.999580000000000135e-01 7.001089999999999813e-01 7.139769999999999728e-01 9.157000000000000209e-03 -7.140069999999999473e-01 7.001389999999999558e-01 4.199999999999999768e-05
7.000000000000000000e+00 2.000000000000000000e+00 1.900000000000000000e+01 0.000000000000000000e+00 1.600000000000000089e+00 1.502999999999999996e-03 -1.434099999999999958e-02 -9.998960000000000070e-01 2.142519999999999980e-01 -9.766730000000000134e-01 1.433000000000000072e-02 -9.767770000000000064e-01 -2.142509999999999970e-01 1.603999999999999957e-03
1.100000000000000000e+01 2.000000000000000000e+00 1.900000000000000000e+01 0.000000000000000000e+00 1.600000000000000089e+00 -9.799999999999999684e-05 -3.879000000000000069e-03 -9.999919999999999920e-01 2.114580000000000071e-01 -9.773800000000000265e-01 3.771000000000000046e-03 -9.773870000000000058e-01 -2.114560000000000051e-01 9.160000000000000390e-04
1.800000000000000000e+01 2.000000000000000000e+00 1.900000000000000000e+01 0.000000000000000000e+00 1.600000000000000089e+00 -1.154000000000000078e-03 -5.204000000000000292e-03 -9.999860000000000415e-01 2.059269999999999989e-01 -9.785549999999999526e-01 4.854999999999999941e-03 -9.785669999999999646e-01 -2.059179999999999899e-01 2.200999999999999832e-03
2.200000000000000000e+01 2.000000000000000000e+00 1.900000000000000000e+01 0.000000000000000000e+00 1.600000000000000089e+00 -1.806000000000000097e-03 7.479999999999999670e-04 -9.999980000000000535e-01 2.074749999999999928e-01 -9.782399999999999984e-01 -1.106999999999999911e-03 -9.782389999999999697e-01 -2.074759999999999938e-01 1.611999999999999935e-03
2.700000000000000000e+01 2.000000000000000000e+00 1.900000000000000000e+01 0.000000000000000000e+00 1.600000000000000089e+00 -4.109999999999999938e-03 8.491999999999999549e-03 -9.999559999999999560e-01 2.062229999999999897e-01 -9.784620000000000539e-01 -9.157999999999999474e-03 -9.784960000000000324e-01 -2.062509999999999899e-01 2.269999999999999882e-03
1.000000000000000000e+00 3.000000000000000000e+00 1.900000000000000000e+01 0.000000000000000000e+00 1.600000000000000089e+00 -3.669999999999999760e-04 -8.753999999999999629e-03 -9.999620000000000175e-01 1.952879999999999894e-01 -9.807090000000000529e-01 8.514000000000000734e-03 -9.807460000000000067e-01 -1.952780000000000071e-01 2.069999999999999792e-03
3.000000000000000000e+00 4.000000000000000000e+00 2.000000000000000000e+01 0.000000000000000000e+00 1.600000000000000089e+00 1.703000000000000087e-03 -9.171000000000000332e-03 -9.999569999999999848e-01 2.986340000000000106e-01 -9.543230000000000324e-01 9.261000000000000135e-03 -9.543660000000000476e-01 -2.986360000000000126e-01 1.113999999999999973e-03
1.500000000000000000e+01 4.000000000000000000e+00 2.000000000000000000e+01 0.000000000000000000e+00 1.600000000000000089e+00 -3.640000000000000115e-04 -4.108999999999999805e-03 -9.999909999999999632e-01 2.917719999999999758e-01 -9.564799999999999969e-01 3.824000000000000142e-03 -9.564880000000000049e-01 -2.917680000000000273e-01 1.546999999999999981e-03
5.000000000000000000e+00 1.300000000000000000e+01 2.000000000000000000e+01 0.000000000000000000e+00 1.600000000000000089e+00 4.270000000000000249e-04 1.379000000000000017e-03 9.999989999999999712e-01 2.642780000000000129e-01 9.644449999999999967e-01 -1.443000000000000055e-03 -9.644460000000000255e-01 2.642780000000000129e-01 4.699999999999999724e-05
1.000000000000000000e+01 1.300000000000000000e+01 2.000000000000000000e+01 0.000000000000000000e+00 1.600000000000000089e+00 -1.630000000000000047e-04 6.380000000000000037e-04 1.000000000000000000e+00 2.640060000000000184e-01 9.645209999999999617e-01 -5.720000000000000258e-04 -9.645209999999999617e-01 2.640060000000000184e-01 -3.249999999999999851e-04
1.600000000000000000e+01 1.300000000000000000e+01 2.000000000000000000e+01 0.000000000000000000e+00 1.600000000000000089e+00 -2.635999999999999888e-03 4.629999999999999784e-04 9.999959999999999960e-01 2.638229999999999742e-01 9.645709999999999562e-01 2.489999999999999809e-04 -9.645669999999999522e-01 2.638229999999999742e-01 -2.664000000000000135e-03
2.400000000000000000e+01 1.300000000000000000e+01 2.000000000000000000e+01 0.000000000000000000e+00 1.600000000000000089e+00 2.919000000000000154e-03 1.495999999999999934e-03 9.999949999999999672e-01 2.626180000000000181e-01 9.648970000000000047e-01 -2.210000000000000159e-03 -9.648959999999999759e-01 2.626229999999999953e-01 2.423999999999999939e-03
2.700000000000000000e+01 1.300000000000000000e+01 2.000000000000000000e+01 0.000000000000000000e+00 1.600000000000000089e+00 1.613999999999999983e-03 -3.334999999999999857e-03 9.999930000000000208e-01 2.613289999999999780e-01 9.652460000000000484e-01 2.797000000000000007e-03 -9.652479999999999949e-01 2.613230000000000275e-01 2.429000000000000169e-03
5.000000000000000000e+00 1.600000000000000000e+01 2.100000000000000000e+01 0.000000000000000000e+00 1.600000000000000089e+00 -5.689999999999999529e-04 -2.707000000000000205e-03 9.999959999999999960e-01 3.025570000000000204e-01 9.531269999999999465e-01 2.752999999999999805e-03 -9.531309999999999505e-01 3.025570000000000204e-01 2.759999999999999867e-04
1.100000000000000000e+01 1.600000000000000000e+01 2.100000000000000000e+01 0.000000000000000000e+00 1.600000000000000089e+00 -9.799999999999999684e-05 2.688999999999999984e-03 9.999959999999999960e-01 3.030160000000000076e-01 9.529819999999999958e-01 -2.531999999999999963e-03 -9.529849999999999710e-01 3.030149999999999788e-01 -9.079999999999999530e-04
5.000000000000000000e+00 4.600000000000000000e+01 2.700000000000000000e+01 0.000000000000000000e+00 1.600000000000000089e+00 -1.487999999999999956e-03 4.139999999999999800e-04 -9.999989999999999712e-01 6.677509999999999835e-01 7.443840000000000456e-01 -6.849999999999999535e-04 7.443830000000000169e-01 -6.677520000000000122e-01 -1.384000000000000031e-03
2.100000000000000000e+01 4.600000000000000000e+01 2.700000000000000000e+01 0.000000000000000000e+00 1.600000000000000089e+00 -4.369999999999999970e-04 -1.255000000000000039e-03 -9.999989999999999712e-01 6.659239999999999604e-01 7.460189999999999877e-01 -1.227000000000000009e-03 7.460189999999999877e-01 -6.659239999999999604e-01 5.100000000000000366e-04
2.800000000000000000e+01 4.600000000000000000e+01 2.700000000000000000e+01 0.000000000000000000e+00 1.600000000000000089e+00 -2.403000000000000188e-03 -2.090999999999999977e-03 -9.999949999999999672e-01 6.603959999999999830e-01 7.509109999999999951e-01 -3.157000000000000084e-03 7.509139999999999704e-01 -6.603999999999999870e-01 -4.229999999999999819e-04
2.000000000000000000e+00 4.600000000000000000e+01 3.000000000000000000e+01 0.000000000000000000e+00 1.600000000000000089e+00 -1.185999999999999988e-03 -3.416000000000000199e-03 -9.999930000000000208e-01 3.215509999999999757e-01 9.468849999999999767e-01 -3.615999999999999857e-03 9.468919999999999559e-01 -3.215529999999999777e-01 -2.400000000000000061e-05
1.200000000000000000e+01 4.600000000000000000e+01 3.000000000000000000e+01 0.000000000000000000e+00 1.600000000000000089e+00 -7.200000000000000182e-05 2.539999999999999940e-04 -1.000000000000000000e+00 3.171350000000000002e-01 9.483800000000000008e-01 2.180000000000000134e-04 9.483800000000000008e-01 -3.171350000000000002e-01 -1.489999999999999897e-04
1.600000000000000000e+01 4.600000000000000000e+01 3.000000000000000000e+01 0.000000000000000000e+00 1.600000000000000089e+00 7.309999999999999875e-04 2.240999999999999936e-03 -9.999970000000000248e-01 3.182599999999999874e-01 9.480009999999999826e-01 2.357000000000000154e-03 9.480030000000000401e-01 -3.182610000000000161e-01 -2.099999999999999884e-05
2.600000000000000000e+01 4.600000000000000000e+01 3.000000000000000000e+01 0.000000000000000000e+00 1.600000000000000089e+00 -1.505999999999999960e-03 -4.069999999999999833e-03 -9.999909999999999632e-01 3.187719999999999998e-01 9.478210000000000246e-01 -4.337999999999999842e-03 9.478299999999999503e-01 -3.187760000000000038e-01 -1.299999999999999886e-04
4.000000000000000000e+00 5.800000000000000000e+01 3.100000000000000000e+01 0.000000000000000000e+00 1.600000000000000089e+00 2.184999999999999876e-03 -4.998999999999999971e-03 9.999850000000000128e-01 -7.821360000000000534e-01 -6.231060000000000487e-01 -1.405999999999999915e-03 6.231039999999999912e-01 -7.821209999999999551e-01 -5.270999999999999644e-03
8.000000000000000000e+00 5.800000000000000000e+01 3.100000000000000000e+01 0.000000000000000000e+00 1.600000000000000089e+00 1.064000000000000059e-03 -2.021999999999999926e-03 9.999970000000000248e-01 -7.838709999999999845e-01 -6.209240000000000315e-01 -4.220000000000000118e-04 6.209230000000000027e-01 -7.838680000000000092e-01 -2.245000000000000034e-03
1.200000000000000000e+01 5.800000000000000000e+01 3.100000000000000000e+01 0.000000000000000000e+00 1.600000000000000089e+00 -1.549999999999999946e-03 -2.007999999999999802e-03 9.999970000000000248e-01 -7.841439999999999522e-01 -6.205739999999999590e-01 -2.462000000000000213e-03 6.205770000000000453e-01 -7.841460000000000097e-01 -6.130000000000000466e-04
1.900000000000000000e+01 5.800000000000000000e+01 3.100000000000000000e+01 0.000000000000000000e+00 1.600000000000000089e+00 4.499999999999999877e-04 1.701999999999999954e-03 9.999980000000000535e-01 -7.816910000000000247e-01 -6.236639999999999961e-01 1.412999999999999977e-03 6.236660000000000537e-01 -7.816899999999999959e-01 1.049999999999999935e-03
2.600000000000000000e+01 5.800000000000000000e+01 3.100000000000000000e+01 0.000000000000000000e+00 1.600000000000000089e+00 -5.357999999999999916e-03 -1.094999999999999966e-02 9.999259999999999815e-01 -7.686749999999999972e-01 -6.395429999999999726e-01 -1.112199999999999994e-02 6.396169999999999911e-01 -7.686770000000000547e-01 -4.989999999999999644e-03
2.100000000000000000e+01 4.200000000000000000e+01 3.400000000000000000e+01 0.000000000000000000e+00 1.600000000000000089e+00 1.912999999999999987e-03 -1.257000000000000088e-03 -9.999970000000000248e-01 -2.926190000000000180e-01 9.562279999999999669e-01 -1.761999999999999894e-03 9.562270000000000492e-01 2.926210000000000200e-01 1.461000000000000059e-03
4.000000000000000000e+00 4.600000000000000000e+01 3.500000000000000000e+01 0.000000000000000000e+00 1.600000000000000089e+00 -5.400000000000000069e-04 4.829999999999999767e-04 -1.000000000000000000e+00 3.863099999999999867e-01 -9.223689999999999944e-01 -6.539999999999999590e-04 -9.223689999999999944e-01 -3.863099999999999867e-01 3.119999999999999944e-04
1.000000000000000000e+01 4.600000000000000000e+01 3.500000000000000000e+01 0.000000000000000000e+00 1.600000000000000089e+00 2.069999999999999900e-04 -8.599999999999999789e-04 -1.000000000000000000e+00 3.861720000000000153e-01 -9.224259999999999682e-01 8.729999999999999696e-04 -9.224269999999999969e-01 -3.861720000000000153e-01 1.410000000000000120e-04
1.700000000000000000e+01 4.600000000000000000e+01 3.500000000000000000e+01 0.000000000000000000e+00 1.600000000000000089e+00 7.050000000000000060e-04 -3.079999999999999839e-03 -9.999949999999999672e-01 3.842570000000000152e-01 -9.232209999999999583e-01 3.115000000000000147e-03 -9.232259999999999911e-01 -3.842570000000000152e-01 5.320000000000000293e-04
2.200000000000000000e+01 4.600000000000000000e+01 3.500000000000000000e+01 0.000000000000000000e+00 1.600000000000000089e+00 -2.750000000000000166e-04 -1.227999999999999925e-03 -9.999989999999999712e-01 3.856220000000000203e-01 -9.226560000000000317e-01 1.026999999999999918e-03 -9.226569999999999494e-01 -3.856220000000000203e-01 7.269999999999999987e-04
2.900000000000000000e+01 4.600000000000000000e+01 3.500000000000000000e+01 0.000000000000000000e+00 1.600000000000000089e+00 -2.161000000000000160e-03 3.523999999999999789e-03 -9.999919999999999920e-01 3.858400000000000163e-01 -9.225569999999999604e-01 -4.085000000000000089e-03 -9.225630000000000219e-01 -3.858460000000000223e-01 6.340000000000000149e-04
2.000000000000000000e+00 9.500000000000000000e+01 3.600000000000000000e+01 0.000000000000000000e+00 1.600000000000000089e+00 -5.144000000000000135e-03 -3.604000000000000259e-02 9.993370000000000308e-01 9.973480000000000123e-01 7.236599999999999977e-02 7.744000000000000015e-03 -7.259699999999999487e-02 9.967270000000000296e-01 3.557199999999999945e-02
7.000000000000000000e+00 9.500000000000000000e+01 3.600000000000000000e+01 0.000000000000000000e+00 1.600000000000000089e+00 -2.593999999999999952e-03 -1.479800000000000039e-02 9.998869999999999703e-01 9.976000000000000423e-01 6.913999999999999313e-02 3.612000000000000193e-03 -6.918499999999999650e-02 9.974969999999999670e-01 1.458300000000000048e-02
1.400000000000000000e+01 9.500000000000000000e+01 3.600000000000000000e+01 0.000000000000000000e+00 1.600000000000000089e+00 1.276000000000000007e-03 -1.545900000000000052e-02 9.998799999999999910e-01 9.977169999999999650e-01 6.752600000000000269e-02 -2.300000000000000070e-04 -6.751500000000000556e-02 9.975979999999999848e-01 1.550999999999999948e-02
1.800000000000000000e+01 9.500000000000000000e+01 3.600000000000000000e+01 0.000000000000000000e+00 1.600000000000000089e+00 6.939999999999999555e-04 1.823200000000000168e-02 9.998340000000000005e-01 9.976479999999999793e-01 6.852300000000000058e-02 -1.941999999999999933e-03 -6.854699999999999682e-02 9.974830000000000085e-01 -1.814199999999999841e-02
2.500000000000000000e+01 9.500000000000000000e+01 3.600000000000000000e+01 0.000000000000000000e+00 1.600000000000000089e+00 1.759200000000000000e-02 5.079999999999999880e-04 9.998449999999999838e-01 9.972659999999999858e-01 7.177200000000000246e-02 -1.758399999999999894e-02 -7.177000000000000046e-02 9.974210000000000020e-01 7.560000000000000530e-04
2.800000000000000000e+01 9.500000000000000000e+01 3.700000000000000000e+01 0.000000000000000000e+00 1.600000000000000089e+00 1.278600000000000049e-02 -1.539500000000000070e-02 9.998000000000000220e-01 9.956270000000000397e-01 9.273000000000000687e-02 -1.130500000000000081e-02 -9.253799999999999526e-02 9.955720000000000125e-01 1.651299999999999990e-02
1.000000000000000000e+00 3.000000000000000000e+00 4.300000000000000000e+01 0.000000000000000000e+00 1.600000000000000089e+00 5.027000000000000218e-03 -1.014800000000000077e-02 -9.999360000000000470e-01 7.376319999999999544e-01 -6.751200000000000534e-01 1.055999999999999994e-02 -6.751840000000000064e-01 -7.376380000000000159e-01 4.092000000000000151e-03
7.000000000000000000e+00 3.000000000000000000e+00 4.300000000000000000e+01 0.000000000000000000e+00 1.600000000000000089e+00 -2.494999999999999822e-03 -9.380000000000000317e-04 -9.999959999999999960e-01 7.398759999999999781e-01 -6.727419999999999511e-01 -1.214999999999999934e-03 -6.727389999999999759e-01 -7.398759999999999781e-01 2.373000000000000109e-03
1.400000000000000000e+01 3.000000000000000000e+00 4.300000000000000000e+01 0.000000000000000000e+00 1.600000000000000089e+00 5.410000000000000312e-04 -1.434799999999999964e-02 -9.998970000000000358e-01 7.412539999999999685e-01 -6.711500000000000243e-01 1.003199999999999925e-02 -6.712249999999999606e-01 -7.411830000000000362e-01 1.027299999999999915e-02
1.700000000000000000e+01 3.000000000000000000e+00 4.300000000000000000e+01 0.000000000000000000e+00 1.600000000000000089e+00 7.410000000000000137e-04 -6.361999999999999600e-03 -9.999789999999999512e-01 7.413889999999999647e-01 -6.710580000000000434e-01 4.819000000000000367e-03 -6.710749999999999771e-01 -7.413769999999999527e-01 4.218999999999999660e-03
2.200000000000000000e+01 3.000000000000000000e+00 4.300000000000000000e+01 0.000000000000000000e+00 1.600000000000000089e+00 -1.136000000000000074e-03 -1.273400000000000053e-02 -9.999179999999999735e-01 7.417430000000000412e-01 -6.706400000000000139e-01 7.697999999999999982e-03 -6.706830000000000291e-01 -7.416730000000000267e-01 1.020700000000000079e-02
2.800000000000000000e+01 3.000000000000000000e+00 4.300000000000000000e+01 0.000000000000000000e+00 1.600000000000000089e+00 -9.009999999999999997e-04 3.739000000000000136e-03 -9.999930000000000208e-01 7.370400000000000285e-01 -6.758420000000000538e-01 -3.190999999999999826e-03 -6.758490000000000331e-01 -7.370370000000000532e-01 -2.147000000000000037e-03
2.800000000000000000e+01 8.000000000000000000e+00 4.400000000000000000e+01 0.000000000000000000e+00 1.600000000000000089e+00 2.217999999999999920e-03 5.330999999999999801e-03 9.999829999999999552e-01 -7.734100000000000419e-01 -6.338859999999999495e-01 5.093999999999999570e-03 6.339029999999999943e-01 -7.734079999999999844e-01 2.716999999999999797e-03
4.000000000000000000e+00 2.900000000000000000e+01 4.400000000000000000e+01 0.000000000000000000e+00 1.600000000000000089e+00 -4.859999999999999954e-04 -5.839999999999999922e-04 -1.000000000000000000e+00 6.714310000000000000e-01 7.410660000000000025e-01 -7.590000000000000175e-04 7.410670000000000313e-01 -6.714320000000000288e-01 3.199999999999999855e-05
1.600000000000000000e+01 2.900000000000000000e+01 4.400000000000000000e+01 0.000000000000000000e+00 1.600000000000000089e+00 3.159999999999999832e-04 2.066000000000000128e-03 -9.999980000000000535e-01 6.814139999999999642e-01 7.318970000000000198e-01 1.727999999999999935e-03 7.318989999999999663e-01 -6.814130000000000464e-01 -1.177000000000000095e-03
2.100000000000000000e+01 2.900000000000000000e+01 4.400000000000000000e+01 0.000000000000000000e+00 1.600000000000000089e+00 1.240000000000000054e-04 1.379999999999999933e-03 -9.999989999999999712e-01 6.783029999999999893e-01 7.347820000000000462e-01 1.098000000000000018e-03 7.347820000000000462e-01 -6.783019999999999605e-01 -8.450000000000000479e-04
2.700000000000000000e+01 2.900000000000000000e+01 4.400000000000000000e+01 0.000000000000000000e+00 1.600000000000000089e+00 -2.543000000000000121e-03 -6.560000000000000076e-04 -9.999970000000000248e-01 6.623259999999999703e-01 7.492130000000000178e-01 -2.175999999999999983e-03 7.492119999999999891e-01 -6.623289999999999456e-01 -1.471000000000000085e-03
9.000000000000000000e+00 6.000000000000000000e+00 5.100000000000000000e+01 0.000000000000000000e+00 1.600000000000000089e+00 1.675999999999999972e-03 -2.128999999999999816e-03 -9.999959999999999960e-01 3.316080000000000139e-01 -9.434139999999999748e-01 2.563999999999999873e-03 -9.434160000000000323e-01 -3.316109999999999891e-01 -8.760000000000000425e-04
1.400000000000000000e+01 6.000000000000000000e+00 5.100000000000000000e+01 0.000000000000000000e+00 1.600000000000000089e+00 -1.920000000000000049e-03 -4.762999999999999873e-03 -9.999869999999999592e-01 3.258050000000000113e-01 -9.454289999999999639e-01 3.876999999999999804e-03 -9.454350000000000254e-01 -3.257939999999999725e-01 3.367000000000000201e-03
2.300000000000000000e+01 1.150000000000000000e+02 5.100000000000000000e+01 0.000000000000000000e+00 1.600000000000000089e+00 -2.642999999999999950e-03 -7.350999999999999895e-03 9.999689999999999968e-01 8.449769999999999781e-01 -5.348009999999999708e-01 -1.698000000000000074e-03 5.347969999999999668e-01 8.449459999999999749e-01 7.624999999999999833e-03
2.000000000000000000e+00 7.000000000000000000e+00 5.200000000000000000e+01 0.000000000000000000e+00 1.600000000000000089e+00 -3.752000000000000127e-03 -5.473999999999999699e-03 -9.999780000000000335e-01 1.269230000000000080e-01 -9.919000000000000039e-01 4.952999999999999937e-03 -9.919050000000000367e-01 -1.269019999999999870e-01 4.416999999999999919e-03
1.200000000000000000e+01 7.000000000000000000e+00 5.200000000000000000e+01 0.000000000000000000e+00 1.600000000000000089e+00 -1.979999999999999881e-04 -3.020000000000000115e-03 -9.999949999999999672e-01 1.121779999999999999e-01 -9.936840000000000117e-01 2.978000000000000178e-03 -9.936880000000000157e-01 -1.121769999999999989e-01 5.360000000000000181e-04
2.800000000000000000e+01 7.000000000000000000e+00 5.200000000000000000e+01 0.000000000000000000e+00 1.600000000000000089e+00 -1.157999999999999958e-03 -5.569000000000000165e-03 -9.999839999999999840e-01 9.714799999999999824e-02 -9.952550000000000008e-01 5.429999999999999931e-03 -9.952689999999999593e-01 -9.714000000000000412e-02 1.693000000000000060e-03
7.000000000000000000e+00 1.600000000000000000e+01 5.200000000000000000e+01 0.000000000000000000e+00 1.600000000000000089e+00 8.451000000000000179e-03 1.107099999999999924e-02 -9.999029999999999863e-01 7.779359999999999609e-01 6.281980000000000341e-01 1.353099999999999963e-02 6.282870000000000399e-01 -7.779749999999999721e-01 -3.302999999999999946e-03
1.300000000000000000e+01 1.500000000000000000e+01 5.300000000000000000e+01 0.000000000000000000e+00 1.600000000000000089e+00 4.270999999999999623e-03 -5.687000000000000215e-03 -9.999749999999999472e-01 6.838739999999999819e-01 7.295989999999999975e-01 -1.229000000000000058e-03 7.295880000000000143e-01 -6.838509999999999867e-01 7.004999999999999942e-03
1.800000000000000000e+01 1.500000000000000000e+01 5.300000000000000000e+01 0.000000000000000000e+00 1.600000000000000089e+00 -1.940000000000000101e-03 -7.383999999999999939e-03 -9.999710000000000543e-01 6.835900000000000309e-01 7.298350000000000115e-01 -6.714999999999999615e-03 7.298639999999999572e-01 -6.835830000000000517e-01 3.631999999999999812e-03
3.000000000000000000e+00 6.300000000000000000e+01 5.400000000000000000e+01 0.000000000000000000e+00 1.600000000000000089e+00 1.740000000000000010e-03 -3.761000000000000020e-03 9.999909999999999632e-01 -3.574530000000000207e-01 9.339220000000000299e-01 4.134999999999999787e-03 -9.339290000000000092e-01 -3.574570000000000247e-01 2.809999999999999998e-04
7.000000000000000000e+00 6.300000000000000000e+01 5.400000000000000000e+01 0.000000000000000000e+00 1.600000000000000089e+00 -1.100999999999999982e-03 -1.160000000000000007e-04 9.999989999999999712e-01 -3.500440000000000218e-01 9.367330000000000378e-01 -2.759999999999999867e-04 -9.367330000000000378e-01 -3.500440000000000218e-01 -1.072000000000000036e-03
1.200000000000000000e+01 6.300000000000000000e+01 5.400000000000000000e+01 0.000000000000000000e+00 1.600000000000000089e+00 8.540000000000000499e-04 1.443000000000000055e-03 9.999989999999999712e-01 -3.507649999999999935e-01 9.364630000000000454e-01 -1.051000000000000068e-03 -9.364630000000000454e-01 -3.507640000000000202e-01 1.304999999999999953e-03
1.500000000000000000e+01 6.300000000000000000e+01 5.400000000000000000e+01 0.000000000000000000e+00 1.600000000000000089e+00 1.242000000000000048e-03 -4.099999999999999912e-04 9.999989999999999712e-01 -3.519129999999999758e-01 9.360319999999999752e-01 8.210000000000000067e-04 -9.360319999999999752e-01 -3.519140000000000046e-01 1.018000000000000025e-03
2.100000000000000000e+01 6.300000000000000000e+01 5.400000000000000000e+01 0.000000000000000000e+00 1.600000000000000089e+00 -1.136999999999999990e-03 4.910000000000000085e-04 9.999989999999999712e-01 -3.515320000000000111e-01 9.361760000000000081e-01 -8.599999999999999789e-04 -9.361749999999999794e-01 -3.515320000000000111e-01 -8.919999999999999978e-04
2.700000000000000000e+01 6.300000000000000000e+01 5.400000000000000000e+01 0.000000000000000000e+00 1.600000000000000089e+00 -2.389000000000000064e-03 -1.304000000000000038e-03 9.999959999999999960e-01 -3.577980000000000049e-01 9.337990000000000457e-01 3.629999999999999872e-04 -9.337959999999999594e-01 -3.577949999999999742e-01 -2.697999999999999877e-03
2.000000000000000000e+00 2.500000000000000000e+01 5.500000000000000000e+01 0.000000000000000000e+00 1.600000000000000089e+00 1.265999999999999981e-03 9.309999999999999699e-04 -9.999989999999999712e-01 -1.222900000000000029e-02 -9.999249999999999527e-01 -9.470000000000000336e-04 -9.999240000000000350e-01 1.222999999999999955e-02 -1.255000000000000039e-03
5.000000000000000000e+00 2.500000000000000000e+01 5.500000000000000000e+01 0.000000000000000000e+00 1.600000000000000089e+00 6.239999999999999887e-04 -1.954000000000000008e-03 -9.999980000000000535e-01 -1.177899999999999954e-02 -9.999289999999999567e-01 1.946000000000000030e-03 -9.999299999999999855e-01 1.177699999999999927e-02 -6.470000000000000057e-04
1.500000000000000000e+01 2.500000000000000000e+01 5.500000000000000000e+01 0.000000000000000000e+00 1.600000000000000089e+00 -1.150999999999999896e-03 -1.642999999999999929e-03 -9.999980000000000535e-01 -1.122199999999999934e-02 -9.999360000000000470e-01 1.655999999999999920e-03 -9.999360000000000470e-01 1.122399999999999960e-02 1.131999999999999977e-03
1.900000000000000000e+01 2.500000000000000000e+01 5.500000000000000000e+01 0.000000000000000000e+00 1.600000000000000089e+00 -4.760000000000000234e-04 1.961000000000000069e-03 -9.999980000000000535e-01 -1.084800000000000000e-02 -9.999390000000000223e-01 -1.955999999999999839e-03 -9.999409999999999688e-01 1.084700000000000074e-02 4.979999999999999618e-04
2.300000000000000000e+01 2.500000000000000000e+01 5.500000000000000000e+01 0.000000000000000000e+00 1.600000000000000089e+00 1.696000000000000025e-03 2.115000000000000126e-03 -9.999959999999999960e-01 -1.080000000000000057e-02 -9.999390000000000223e-01 -2.132999999999999913e-03 -9.999400000000000510e-01 1.080399999999999937e-02 -1.673000000000000008e-03
2.800000000000000000e+01 2.500000000000000000e+01 5.500000000000000000e+01 0.000000000000000000e+00 1.600000000000000089e+00 -4.090000000000000211e-04 -5.479999999999999845e-04 -1.000000000000000000e+00 -1.154299999999999944e-02 -9.999329999999999607e-01 5.519999999999999733e-04 -9.999329999999999607e-01 1.154299999999999944e-02 4.029999999999999837e-04
1.000000000000000000e+01 6.800000000000000000e+01 5.700000000000000000e+01 0.000000000000000000e+00 1.600000000000000089e+00 4.550000000000000008e-04 -4.398000000000000000e-03 -9.999900000000000455e-01 -2.404100000000000126e-01 -9.706630000000000535e-01 4.159000000000000370e-03 -9.706709999999999505e-01 2.404060000000000086e-01 -1.498999999999999898e-03
1.000000000000000000e+00 2.100000000000000000e+01 6.000000000000000000e+01 0.000000000000000000e+00 1.600000000000000089e+00 5.439999999999999957e-04 -2.805000000000000202e-03 9.999959999999999960e-01 -9.682999999999999940e-02 9.952969999999999873e-01 2.844000000000000174e-03 -9.953009999999999913e-01 -9.683100000000000041e-02 2.700000000000000035e-04
7.000000000000000000e+00 2.100000000000000000e+01 6.000000000000000000e+01 0.000000000000000000e+00 1.600000000000000089e+00 -1.013999999999999927e-03 -3.704999999999999960e-03 9.999930000000000208e-01 -9.753799999999999970e-02 9.952250000000000263e-01 3.589000000000000176e-03 -9.952309999999999768e-01 -9.753399999999999570e-02 -1.371000000000000040e-03
1.200000000000000000e+01 2.100000000000000000e+01 6.000000000000000000e+01 0.000000000000000000e+00 1.600000000000000089e+00 -4.380000000000000213e-04 7.015999999999999667e-03 9.999749999999999472e-01 -9.755099999999999882e-02 9.952060000000000350e-01 -7.024999999999999994e-03 -9.952299999999999480e-01 -9.755099999999999882e-02 2.489999999999999809e-04
2.800000000000000000e+01 2.100000000000000000e+01 6.000000000000000000e+01 0.000000000000000000e+00 1.600000000000000089e+00 2.509999999999999753e-04 -3.154999999999999818e-03 9.999949999999999672e-01 -9.962899999999999534e-02 9.950200000000000156e-01 3.164000000000000146e-03 -9.950250000000000483e-01 -9.962899999999999534e-02 -6.499999999999999431e-05
1.900000000000000000e+01 3.000000000000000000e+00 6.300000000000000000e+01 0.000000000000000000e+00 1.600000000000000089e+00 -5.389999999999999826e-04 4.101999999999999744e-03 9.999909999999999632e-01 -6.150529999999999609e-01 7.884780000000000122e-01 -3.566000000000000159e-03 -7.884860000000000202e-01 -6.150489999999999569e-01 2.098000000000000038e-03
2.500000000000000000e+01 3.000000000000000000e+00 6.300000000000000000e+01 0.000000000000000000e+00 1.600000000000000089e+00 5.399999999999999798e-05 -6.089999999999999494e-04 1.000000000000000000e+00 -6.129710000000000436e-01 7.901049999999999462e-01 5.140000000000000254e-04 -7.901049999999999462e-01 -6.129710000000000436e-01 -3.310000000000000225e-04
4.000000000000000000e+00 2.700000000000000000e+01 6.300000000000000000e+01 0.000000000000000000e+00 1.600000000000000089e+00 8.000000000000000383e-04 -1.387999999999999911e-03 9.999989999999999712e-01 -2.742629999999999790e-01 9.616540000000000088e-01 1.554000000000000043e-03 -9.616540000000000088e-01 -2.742640000000000078e-01 3.879999999999999985e-04
1.000000000000000000e+01 2.700000000000000000e+01 6.300000000000000000e+01 0.000000000000000000e+00 1.600000000000000089e+00 -9.950000000000000077e-04 -2.678999999999999958e-03 9.999959999999999960e-01 -2.735810000000000186e-01 9.618459999999999788e-01 2.305000000000000191e-03 -9.618480000000000363e-01 -2.735779999999999879e-01 -1.690000000000000096e-03
1.400000000000000000e+01 2.700000000000000000e+01 6.300000000000000000e+01 0.000000000000000000e+00 1.600000000000000089e+00 2.290000000000000098e-04 -4.838000000000000286e-03 9.999879999999999880e-01 -2.732859999999999734e-01 9.619210000000000260e-01 4.715999999999999706e-03 -9.619330000000000380e-01 -2.732840000000000269e-01 -1.101999999999999898e-03
1.900000000000000000e+01 2.700000000000000000e+01 6.300000000000000000e+01 0.000000000000000000e+00 1.600000000000000089e+00 3.780000000000000265e-04 -9.940000000000000918e-04 9.999989999999999712e-01 -2.735929999999999751e-01 9.618449999999999500e-01 1.059999999999999961e-03 -9.618459999999999788e-01 -2.735929999999999751e-01 9.100000000000000287e-05
2.400000000000000000e+01 2.700000000000000000e+01 6.300000000000000000e+01 0.000000000000000000e+00 1.600000000000000089e+00 -1.255999999999999955e-03 -1.949999999999999910e-03 9.999970000000000248e-01 -2.749759999999999982e-01 9.614500000000000268e-01 1.528999999999999977e-03 -9.614500000000000268e-01 -2.749730000000000230e-01 -1.744000000000000107e-03
