2.000000000000000000e+00 2.500000000000000000e+01 1.000000000000000000e+00 0.000000000000000000e+00 1.600000000000000089e+00 -1.270000000000000078e-03 3.199000000000000021e-03 -9.999940000000000495e-01 -5.326530000000000431e-01 -8.463310000000000555e-01 -2.030999999999999819e-03 -8.463330000000000020e-01 5.326480000000000103e-01 2.778999999999999786e-03
6.000000000000000000e+00 2.500000000000000000e+01 1.000000000000000000e+00 0.000000000000000000e+00 1.600000000000000089e+00 -1.526999999999999929e-03 3.929000000000000201e-03 -9.999909999999999632e-01 -5.306009999999999893e-01 -8.476179999999999826e-01 -2.520999999999999804e-03 -8.476209999999999578e-01 5.305919999999999526e-01 3.379000000000000059e-03
1.300000000000000000e+01 2.500000000000000000e+01 1.000000000000000000e+00 0.000000000000000000e+00 1.600000000000000089e+00 -3.770000000000000022e-04 4.035999999999999657e-03 -9.999919999999999920e-01 -5.266699999999999715e-01 -8.500640000000000418e-01 -3.232000000000000064e-03 -8.500699999999999923e-01 5.266650000000000498e-01 2.445999999999999824e-03
2.400000000000000000e+01 2.500000000000000000e+01 1.000000000000000000e+00 0.000000000000000000e+00 1.600000000000000089e+00 -3.337000000000000122e-03 -5.879999999999999810e-03 -9.999770000000000048e-01 -5.233269999999999866e-01 -8.521050000000000013e-01 6.756999999999999985e-03 -8.521260000000000501e-01 5.233370000000000521e-01 -2.339999999999999958e-04
5.000000000000000000e+00 1.500000000000000000e+01 4.000000000000000000e+00 0.000000000000000000e+00 1.600000000000000089e+00 -4.719999999999999803e-04 -1.974000000000000060e-03 9.999980000000000535e-01 3.146019999999999928e-01 -9.492220000000000102e-01 -1.726000000000000104e-03 9.492239999999999567e-01 3.145999999999999908e-01 1.069000000000000072e-03
1.500000000000000000e+01 1.500000000000000000e+01 4.000000000000000000e+00 0.000000000000000000e+00 1.600000000000000089e+00 -3.409999999999999945e-04 -5.814999999999999857e-03 9.999829999999999552e-01 3.105189999999999895e-01 -9.505519999999999525e-01 -5.421999999999999736e-03 9.505670000000000508e-01 3.105120000000000102e-01 2.128999999999999816e-03
2.200000000000000000e+01 1.500000000000000000e+01 4.000000000000000000e+00 0.000000000000000000e+00 1.600000000000000089e+00 3.105000000000000121e-03 -4.028000000000000330e-03 9.999869999999999592e-01 3.137360000000000149e-01 -9.494979999999999531e-01 -4.799000000000000314e-03 9.495050000000000434e-01 3.137469999999999981e-01 -1.685000000000000083e-03
2.700000000000000000e+01 1.500000000000000000e+01 4.000000000000000000e+00 0.000000000000000000e+00 1.600000000000000089e+00 -2.050000000000000173e-03 -7.668999999999999602e-03 9.999679999999999680e-01 3.128659999999999775e-01 -9.497740000000000071e-01 -6.642000000000000334e-03 9.497949999999999449e-01 3.128429999999999822e-01 4.346000000000000037e-03
1.100000000000000000e+01 1.600000000000000000e+01 4.000000000000000000e+00 0.000000000000000000e+00 1.600000000000000089e+00 -2.099999999999999870e-03 -5.747000000000000372e-03 9.999810000000000088e-01 3.864090000000000025e-01 -9.223160000000000247e-01 -4.488999999999999935e-03 9.223249999999999504e-01 3.863929999999999865e-01 4.158000000000000237e-03
1.000000000000000000e+00 1.010000000000000000e+02 7.000000000000000000e+00 0.000000000000000000e+00 1.600000000000000089e+00 4.852000000000000410e-03 3.648999999999999900e-03 9.999820000000000375e-01 8.882400000000000295e-01 4.593409999999999993e-01 -5.986000000000000001e-03 -4.593539999999999845e-01 8.882529999999999593e-01 -1.012000000000000096e-03
1.300000000000000000e+01 1.010000000000000000e+02 7.000000000000000000e+00 0.000000000000000000e+00 1.600000000000000089e+00 -8.340000000000000191e-03 2.255400000000000113e-02 9.997110000000000163e-01 8.785079999999999556e-01 4.777150000000000007e-01 -3.448000000000000110e-03 -4.776549999999999963e-01 8.782250000000000334e-01 -2.379799999999999971e-02
2.000000000000000000e+01 1.010000000000000000e+02 7.000000000000000000e+00 0.000000000000000000e+00 1.600000000000000089e+00 3.570999999999999956e-03 -1.849999999999999973e-04 9.999940000000000495e-01 8.762940000000000174e-01 4.817670000000000008e-01 -3.040000000000000167e-03 -4.817640000000000255e-01 8.762990000000000501e-01 1.881999999999999992e-03
7.000000000000000000e+00 2.500000000000000000e+01 8.000000000000000000e+00 0.000000000000000000e+00 1.600000000000000089e+00 2.304000000000000058e-03 -1.178000000000000011e-03 -9.999970000000000248e-01 4.501829999999999998e-01 8.929359999999999520e-01 -1.500000000000000038e-05 8.929329999999999767e-01 -4.501820000000000266e-01 2.588000000000000023e-03
1.100000000000000000e+01 2.500000000000000000e+01 8.000000000000000000e+00 0.000000000000000000e+00 1.600000000000000089e+00 7.979999999999999897e-04 4.543000000000000163e-03 -9.999890000000000168e-01 4.493730000000000224e-01 8.933330000000000437e-01 4.416999999999999919e-03 8.933440000000000270e-01 -4.493719999999999937e-01 -1.327999999999999970e-03
1.400000000000000000e+01 2.500000000000000000e+01 8.000000000000000000e+00 0.000000000000000000e+00 1.600000000000000089e+00 8.679999999999999565e-04 6.491000000000000242e-03 -9.999789999999999512e-01 4.489139999999999797e-01 8.935530000000000417e-01 6.190000000000000190e-03 8.935739999999999794e-01 -4.489099999999999757e-01 -2.138000000000000143e-03
2.400000000000000000e+01 2.500000000000000000e+01 8.000000000000000000e+00 0.000000000000000000e+00 1.600000000000000089e+00 2.141999999999999807e-03 1.468599999999999940e-02 -9.998899999999999455e-01 4.486180000000000168e-01 8.936119999999999619e-01 1.408599999999999956e-02 8.937209999999999877e-01 -4.485990000000000255e-01 -4.674000000000000203e-03
2.800000000000000000e+01 2.500000000000000000e+01 8.000000000000000000e+00 0.000000000000000000e+00 1.600000000000000089e+00 1.709999999999999932e-03 2.507000000000000114e-03 -9.999949999999999672e-01 4.462320000000000175e-01 8.949120000000000408e-01 3.005999999999999991e-03 8.949150000000000160e-01 -4.462349999999999928e-01 4.110000000000000155e-04
4.000000000000000000e+00 2.400000000000000000e+01 9.000000000000000000e+00 0.000000000000000000e+00 1.600000000000000089e+00 1.922000000000000097e-03 3.471999999999999826e-03 -9.999919999999999920e-01 4.531720000000000192e-01 8.914140000000000397e-01 3.967000000000000040e-03 8.914210000000000189e-01 -4.531760000000000232e-01 1.399999999999999877e-04
6.000000000000000000e+00 2.400000000000000000e+01 9.000000000000000000e+00 0.000000000000000000e+00 1.600000000000000089e+00 2.222000000000000017e-03 5.659999999999999884e-04 -9.999970000000000248e-01 4.530950000000000255e-01 8.914609999999999479e-01 1.512000000000000106e-03 8.914600000000000302e-01 -4.530970000000000275e-01 1.724000000000000055e-03
1.000000000000000000e+01 2.400000000000000000e+01 9.000000000000000000e+00 0.000000000000000000e+00 1.600000000000000089e+00 1.193000000000000050e-03 3.856000000000000053e-03 -9.999919999999999920e-01 4.525730000000000031e-01 8.917180000000000106e-01 3.977999999999999765e-03 8.917260000000000186e-01 -4.525750000000000051e-01 -6.819999999999999890e-04
1.400000000000000000e+01 2.400000000000000000e+01 9.000000000000000000e+00 0.000000000000000000e+00 1.600000000000000089e+00 6.589999999999999721e-04 7.444000000000000096e-03 -9.999719999999999720e-01 4.513559999999999794e-01 8.923170000000000268e-01 6.939999999999999988e-03 8.923440000000000261e-01 -4.513480000000000270e-01 -2.772000000000000158e-03
1.800000000000000000e+01 2.400000000000000000e+01 9.000000000000000000e+00 0.000000000000000000e+00 1.600000000000000089e+00 2.135999999999999878e-03 -1.010000000000000020e-04 -9.999980000000000535e-01 4.518519999999999759e-01 8.920919999999999961e-01 8.750000000000000182e-04 8.920900000000000496e-01 -4.518530000000000046e-01 1.951000000000000043e-03
2.400000000000000000e+01 2.400000000000000000e+01 9.000000000000000000e+00 0.000000000000000000e+00 1.600000000000000089e+00 2.177000000000000116e-03 1.298799999999999955e-02 -9.999130000000000518e-01 4.517700000000000049e-01 8.920460000000000056e-01 1.256999999999999958e-02 8.921320000000000361e-01 -4.517579999999999929e-01 -3.924999999999999670e-03
3.000000000000000000e+00 1.040000000000000000e+02 1.100000000000000000e+01 0.000000000000000000e+00 1.600000000000000089e+00 -4.074999999999999629e-03 2.713000000000000134e-03 9.999879999999999880e-01 -9.762380000000000502e-01 -2.166770000000000085e-01 -3.389999999999999784e-03 2.166649999999999965e-01 -9.762399999999999967e-01 3.531999999999999983e-03
2.000000000000000000e+01 3.100000000000000000e+01 1.200000000000000000e+01 0.000000000000000000e+00 1.600000000000000089e+00 6.099999999999999872e-05 -1.703000000000000087e-03 9.999989999999999712e-01 -1.197400000000000027e-02 9.999270000000000103e-01 1.703000000000000087e-03 -9.999280000000000390e-01 -1.197400000000000027e-02 4.100000000000000047e-05
2.500000000000000000e+01 3.100000000000000000e+01 1.200000000000000000e+01 0.000000000000000000e+00 1.600000000000000089e+00 1.722000000000000006e-03 8.434999999999999790e-03 9.999630000000000463e-01 -1.189499999999999932e-02 9.998939999999999495e-01 -8.413000000000000339e-03 -9.999280000000000390e-01 -1.187999999999999994e-02 1.822000000000000052e-03
3.000000000000000000e+00 3.500000000000000000e+01 1.200000000000000000e+01 0.000000000000000000e+00 1.600000000000000089e+00 1.167999999999999984e-03 1.098000000000000018e-02 -9.999390000000000223e-01 5.119869999999999699e-01 -8.589480000000000448e-01 -8.833999999999999839e-03 -8.589930000000000065e-01 -5.119449999999999834e-01 -6.624999999999999813e-03
4.000000000000000000e+00 3.200000000000000000e+01 1.400000000000000000e+01 0.000000000000000000e+00 1.600000000000000089e+00 -1.659000000000000101e-03 -1.998999999999999909e-03 -9.999970000000000248e-01 1.100809999999999983e-01 9.939200000000000257e-01 -2.168999999999999921e-03 9.939210000000000544e-01 -1.100840000000000013e-01 -1.428000000000000016e-03
8.000000000000000000e+00 3.200000000000000000e+01 1.400000000000000000e+01 0.000000000000000000e+00 1.600000000000000089e+00 3.961000000000000111e-03 -5.891999999999999668e-03 -9.999749999999999472e-01 1.107619999999999993e-01 9.938320000000000487e-01 -5.416999999999999940e-03 9.938390000000000279e-01 -1.107380000000000031e-01 4.590000000000000330e-03
2.000000000000000000e+00 2.000000000000000000e+00 1.900000000000000000e+01 0.000000000000000000e+00 1.600000000000000089e+00 7.764000000000000068e-03 -2.755700000000000163e-02 -9.995899999999999785e-01 1.869059999999999888e-01 -9.819639999999999480e-01 2.852299999999999974e-02 -9.823469999999999702e-01 -1.870509999999999950e-01 -2.472999999999999938e-03
5.000000000000000000e+00 2.000000000000000000e+00 1.900000000000000000e+01 0.000000000000000000e+00 1.600000000000000089e+00 3.665999999999999988e-03 -1.628399999999999986e-02 -9.998609999999999998e-01 1.817670000000000119e-01 -9.831999999999999629e-01 1.667899999999999938e-02 -9.833349999999999591e-01 -1.818029999999999924e-01 -6.440000000000000412e-04
1.200000000000000000e+01 2.000000000000000000e+00 1.900000000000000000e+01 0.000000000000000000e+00 1.600000000000000089e+00 -8.930000000000000221e-04 2.390000000000000089e-04 -1.000000000000000000e+00 1.782590000000000008e-01 -9.839839999999999698e-01 -3.939999999999999817e-04 -9.839830000000000521e-01 -1.782590000000000008e-01 8.369999999999999619e-04
1.900000000000000000e+01 2.000000000000000000e+00 1.900000000000000000e+01 0.000000000000000000e+00 1.600000000000000089e+00 -4.126999999999999592e-03 -4.943000000000000345e-03 -9.999789999999999512e-01 1.801470000000000016e-01 -9.836310000000000331e-01 4.118000000000000133e-03 -9.836310000000000331e-01 -1.801260000000000083e-01 4.950000000000000407e-03
2.600000000000000000e+01 2.000000000000000000e+00 1.900000000000000000e+01 0.000000000000000000e+00 1.600000000000000089e+00 -6.600000000000000506e-05 3.550000000000000204e-03 -9.999940000000000495e-01 1.801649999999999918e-01 -9.836300000000000043e-01 -3.504000000000000170e-03 -9.836359999999999548e-01 -1.801649999999999918e-01 -5.739999999999999660e-04
2.000000000000000000e+00 4.000000000000000000e+00 2.000000000000000000e+01 0.000000000000000000e+00 1.600000000000000089e+00 6.827999999999999868e-03 -1.670400000000000010e-02 -9.998369999999999758e-01 2.630239999999999800e-01 -9.646230000000000082e-01 1.791200000000000084e-02 -9.647649999999999837e-01 -2.631040000000000045e-01 -2.193000000000000071e-03
5.000000000000000000e+00 1.300000000000000000e+01 2.000000000000000000e+01 0.000000000000000000e+00 1.600000000000000089e+00 1.822000000000000052e-03 6.956000000000000377e-03 9.999740000000000295e-01 2.503279999999999950e-01 9.681340000000000501e-01 -7.190000000000000210e-03 -9.681589999999999918e-01 2.503340000000000010e-01 2.300000000000000002e-05
1.100000000000000000e+01 1.300000000000000000e+01 2.000000000000000000e+01 0.000000000000000000e+00 1.600000000000000089e+00 5.599999999999999916e-05 -1.392000000000000008e-03 9.999989999999999712e-01 2.511410000000000031e-01 9.679499999999999771e-01 1.333999999999999899e-03 -9.679510000000000058e-01 2.511399999999999744e-01 4.040000000000000080e-04
1.600000000000000000e+01 1.300000000000000000e+01 2.000000000000000000e+01 0.000000000000000000e+00 1.600000000000000089e+00 -5.540000000000000219e-04 1.981000000000000122e-03 9.999980000000000535e-01 2.503110000000000057e-01 9.681640000000000246e-01 -1.779999999999999898e-03 -9.681650000000000533e-01 2.503099999999999770e-01 -1.031999999999999931e-03
2.000000000000000000e+01 1.300000000000000000e+01 2.000000000000000000e+01 0.000000000000000000e+00 1.600000000000000089e+00 -6.176000000000000066e-03 -1.093200000000000074e-02 9.999209999999999487e-01 2.501970000000000027e-01 9.681189999999999518e-01 1.213000000000000016e-02 -9.681750000000000078e-01 2.502519999999999745e-01 -3.243999999999999922e-03
2.600000000000000000e+01 1.300000000000000000e+01 2.000000000000000000e+01 0.000000000000000000e+00 1.600000000000000089e+00 -4.550000000000000008e-04 2.069999999999999792e-03 9.999980000000000535e-01 2.536240000000000161e-01 9.673009999999999664e-01 -1.887000000000000005e-03 -9.673030000000000239e-01 2.536229999999999873e-01 -9.659999999999999533e-04
6.000000000000000000e+00 1.600000000000000000e+01 2.100000000000000000e+01 0.000000000000000000e+00 1.600000000000000089e+00 1.547999999999999897e-03 5.429999999999999931e-03 9.999839999999999840e-01 2.975929999999999964e-01 9.546759999999999691e-01 -5.644999999999999844e-03 -9.546909999999999563e-01 2.975970000000000004e-01 -1.389999999999999905e-04
1.500000000000000000e+01 1.600000000000000000e+01 2.100000000000000000e+01 0.000000000000000000e+00 1.600000000000000089e+00 9.000000000000000228e-06 6.340000000000000149e-04 1.000000000000000000e+00 2.966860000000000053e-01 9.549750000000000183e-01 -6.080000000000000335e-04 -9.549750000000000183e-01 2.966860000000000053e-01 -1.800000000000000113e-04
2.000000000000000000e+01 1.600000000000000000e+01 2.100000000000000000e+01 0.000000000000000000e+00 1.600000000000000089e+00 -6.602000000000000229e-03 -1.034999999999999983e-02 9.999249999999999527e-01 2.973979999999999957e-01 9.546799999999999731e-01 1.184499999999999963e-02 -9.547309999999999963e-01 2.974539999999999962e-01 -3.225000000000000002e-03
2.500000000000000000e+01 1.600000000000000000e+01 2.100000000000000000e+01 0.000000000000000000e+00 1.600000000000000089e+00 -5.339999999999999695e-04 -4.209999999999999875e-04 1.000000000000000000e+00 2.990800000000000125e-01 9.542279999999999651e-01 5.619999999999999996e-04 -9.542279999999999651e-01 2.990800000000000125e-01 -3.829999999999999854e-04
9.000000000000000000e+00 3.000000000000000000e+00 2.500000000000000000e+01 0.000000000000000000e+00 1.600000000000000089e+00 -1.902999999999999961e-03 5.104000000000000030e-03 9.999850000000000128e-01 -2.945199999999999901e-02 -9.995530000000000248e-01 5.046000000000000138e-03 9.995640000000000081e-01 -2.944199999999999942e-02 2.052000000000000005e-03
2.200000000000000000e+01 3.000000000000000000e+00 2.500000000000000000e+01 0.000000000000000000e+00 1.600000000000000089e+00 8.814000000000000654e-03 -5.936000000000000304e-03 9.999440000000000550e-01 -3.450399999999999995e-02 -9.993889999999999718e-01 -5.628000000000000190e-03 9.993659999999999766e-01 -3.445299999999999752e-02 -9.013000000000000178e-03
1.200000000000000000e+01 4.600000000000000000e+01 2.700000000000000000e+01 0.000000000000000000e+00 1.600000000000000089e+00 8.099999999999999561e-04 -2.828999999999999918e-03 -9.999959999999999960e-01 6.762089999999999490e-01 7.367080000000000295e-01 -1.536000000000000039e-03 7.367089999999999472e-01 -6.762049999999999450e-01 2.508999999999999946e-03
9.000000000000000000e+00 4.600000000000000000e+01 3.000000000000000000e+01 0.000000000000000000e+00 1.600000000000000089e+00 9.690000000000000262e-04 -9.560000000000000355e-04 -9.999989999999999712e-01 3.424039999999999861e-01 9.395529999999999715e-01 -5.659999999999999884e-04 9.395520000000000538e-01 -3.424030000000000129e-01 1.237999999999999951e-03
2.400000000000000000e+01 4.600000000000000000e+01 3.000000000000000000e+01 0.000000000000000000e+00 1.600000000000000089e+00 8.639999999999999677e-04 3.550000000000000096e-04 -1.000000000000000000e+00 3.317660000000000053e-01 9.433610000000000051e-01 6.220000000000000485e-04 9.433610000000000051e-01 -3.317669999999999786e-01 6.970000000000000284e-04
3.000000000000000000e+01 4.600000000000000000e+01 3.000000000000000000e+01 0.000000000000000000e+00 1.600000000000000089e+00 -9.210000000000000521e-04 5.882000000000000076e-03 -9.999820000000000375e-01 3.335890000000000244e-01 9.427039999999999864e-01 5.237999999999999601e-03 9.427179999999999449e-01 -3.335779999999999856e-01 -2.830000000000000050e-03
2.000000000000000000e+00 5.800000000000000000e+01 3.100000000000000000e+01 0.000000000000000000e+00 1.600000000000000089e+00 5.130000000000000011e-04 2.243000000000000202e-03 9.999970000000000248e-01 -7.741050000000000431e-01 -6.330540000000000056e-01 1.817000000000000039e-03 6.330559999999999521e-01 -7.741040000000000143e-01 1.412000000000000061e-03
5.000000000000000000e+00 5.800000000000000000e+01 3.100000000000000000e+01 0.000000000000000000e+00 1.600000000000000089e+00 -6.001000000000000258e-03 -6.298999999999999912e-03 9.999620000000000175e-01 -7.767749999999999932e-01 -6.297190000000000287e-01 -8.628000000000000252e-03 6.297490000000000032e-01 -7.767979999999999885e-01 -1.113999999999999973e-03
9.000000000000000000e+00 5.800000000000000000e+01 3.100000000000000000e+01 0.000000000000000000e+00 1.600000000000000089e+00 -7.622000000000000303e-03 -1.021500000000000012e-02 9.999190000000000023e-01 -7.830819999999999448e-01 -6.217970000000000441e-01 -1.232199999999999962e-02 6.218719999999999803e-01 -7.831120000000000303e-01 -3.259999999999999877e-03
1.300000000000000000e+01 5.800000000000000000e+01 3.100000000000000000e+01 0.000000000000000000e+00 1.600000000000000089e+00 -3.494000000000000144e-03 -3.579999999999999741e-04 9.999940000000000495e-01 -7.877880000000000438e-01 -6.159400000000000430e-01 -2.972999999999999948e-03 6.159369999999999568e-01 -7.877929999999999655e-01 1.869999999999999917e-03
2.300000000000000000e+01 5.800000000000000000e+01 3.100000000000000000e+01 0.000000000000000000e+00 1.600000000000000089e+00 1.472999999999999917e-03 3.190000000000000127e-03 9.999940000000000495e-01 -7.914940000000000309e-01 -6.111689999999999623e-01 3.115999999999999846e-03 6.111750000000000238e-01 -7.914940000000000309e-01 1.624999999999999925e-03
2.600000000000000000e+01 5.800000000000000000e+01 3.100000000000000000e+01 0.000000000000000000e+00 1.600000000000000089e+00 1.925000000000000062e-03 1.753999999999999917e-03 9.999970000000000248e-01 -7.894849999999999923e-01 -6.137639999999999763e-01 2.596999999999999916e-03 6.137669999999999515e-01 -7.894879999999999676e-01 2.030000000000000012e-04
4.000000000000000000e+00 1.800000000000000000e+01 3.400000000000000000e+01 0.000000000000000000e+00 1.600000000000000089e+00 -4.192999999999999679e-03 -2.409000000000000030e-02 -9.997009999999999508e-01 -2.761989999999999723e-01 -9.607930000000000081e-01 2.431099999999999928e-02 -9.610910000000000286e-01 2.762180000000000191e-01 -2.625000000000000163e-03
3.000000000000000000e+00 4.600000000000000000e+01 3.500000000000000000e+01 0.000000000000000000e+00 1.600000000000000089e+00 1.141000000000000087e-03 4.265999999999999827e-03 -9.999900000000000455e-01 3.904039999999999733e-01 -9.206370000000000386e-01 -3.481999999999999852e-03 -9.206429999999999891e-01 -3.903960000000000208e-01 -2.716000000000000098e-03
8.000000000000000000e+00 4.600000000000000000e+01 3.500000000000000000e+01 0.000000000000000000e+00 1.600000000000000089e+00 -4.079999999999999968e-04 4.240000000000000062e-04 -1.000000000000000000e+00 3.917109999999999759e-01 -9.200880000000000170e-01 -5.500000000000000331e-04 -9.200880000000000170e-01 -3.917109999999999759e-01 2.090000000000000115e-04
1.700000000000000000e+01 4.600000000000000000e+01 3.500000000000000000e+01 0.000000000000000000e+00 1.600000000000000089e+00 3.000000000000000076e-05 3.052000000000000025e-03 -9.999949999999999672e-01 3.905219999999999803e-01 -9.205889999999999906e-01 -2.798000000000000140e-03 -9.205940000000000234e-01 -3.905199999999999783e-01 -1.219000000000000031e-03
2.100000000000000000e+01 4.600000000000000000e+01 3.500000000000000000e+01 0.000000000000000000e+00 1.600000000000000089e+00 -2.356000000000000021e-03 1.544999999999999932e-03 -9.999959999999999960e-01 3.894750000000000156e-01 -9.210340000000000193e-01 -2.341000000000000199e-03 -9.210340000000000193e-01 -3.894790000000000196e-01 1.569000000000000082e-03
1.100000000000000000e+01 9.500000000000000000e+01 3.600000000000000000e+01 0.000000000000000000e+00 1.600000000000000089e+00 -3.510800000000000032e-02 -4.830700000000000272e-02 9.982149999999999634e-01 9.973309999999999675e-01 6.229099999999999915e-02 3.809099999999999986e-02 -6.401999999999999358e-02 9.968879999999999963e-01 4.599099999999999716e-02
2.100000000000000000e+01 9.500000000000000000e+01 3.600000000000000000e+01 0.000000000000000000e+00 1.600000000000000089e+00 1.662800000000000042e-02 1.568299999999999902e-02 9.997390000000000443e-01 9.981809999999999850e-01 5.769699999999999829e-02 -1.750700000000000173e-02 -5.795700000000000157e-02 9.982109999999999594e-01 -1.469499999999999973e-02
2.900000000000000000e+01 9.500000000000000000e+01 3.600000000000000000e+01 0.000000000000000000e+00 1.600000000000000089e+00 1.880300000000000027e-02 4.298899999999999944e-02 9.988989999999999814e-01 9.968000000000000194e-01 7.682799999999999352e-02 -2.206999999999999934e-02 -7.769199999999999717e-02 9.961170000000000302e-01 -4.140699999999999936e-02
1.200000000000000000e+01 6.500000000000000000e+01 4.600000000000000000e+01 0.000000000000000000e+00 1.600000000000000089e+00 1.631999999999999987e-03 1.013000000000000012e-03 9.999980000000000535e-01 6.797720000000000429e-01 -7.334230000000000471e-01 -3.669999999999999760e-04 7.334209999999999896e-01 6.797720000000000429e-01 -1.886000000000000090e-03
1.800000000000000000e+01 6.500000000000000000e+01 4.600000000000000000e+01 0.000000000000000000e+00 1.600000000000000089e+00 3.678999999999999979e-03 -1.209000000000000005e-03 9.999930000000000208e-01 6.798250000000000126e-01 -7.333669999999999911e-01 -3.386999999999999820e-03 7.333650000000000446e-01 6.798319999999999919e-01 -1.876000000000000063e-03
1.000000000000000000e+00 2.100000000000000000e+01 4.800000000000000000e+01 0.000000000000000000e+00 1.600000000000000089e+00 1.252999999999999991e-03 -7.118000000000000195e-03 -9.999740000000000295e-01 2.955690000000000262e-01 9.553000000000000380e-01 -6.429999999999999952e-03 9.553199999999999470e-01 -2.955539999999999834e-01 3.301000000000000115e-03
1.600000000000000000e+01 7.000000000000000000e+00 5.200000000000000000e+01 0.000000000000000000e+00 1.600000000000000089e+00 -3.526000000000000054e-03 -6.639999999999999852e-04 -9.999940000000000495e-01 8.307299999999999407e-02 -9.965429999999999566e-01 3.680000000000000003e-04 -9.965370000000000061e-01 -8.307100000000000595e-02 3.569000000000000124e-03
1.900000000000000000e+01 7.000000000000000000e+00 5.200000000000000000e+01 0.000000000000000000e+00 1.600000000000000089e+00 2.481999999999999831e-03 6.139999999999999625e-03 -9.999780000000000335e-01 8.252700000000000313e-02 -9.965709999999999846e-01 -5.915000000000000119e-03 -9.965859999999999719e-01 -8.251000000000000001e-02 -2.980000000000000010e-03
1.300000000000000000e+01 5.800000000000000000e+01 5.200000000000000000e+01 0.000000000000000000e+00 1.600000000000000089e+00 -2.799999999999999958e-05 -4.253999999999999969e-03 9.999909999999999632e-01 -6.253370000000000317e-01 7.803480000000000416e-01 3.302999999999999946e-03 -7.803550000000000209e-01 -6.253309999999999702e-01 -2.681999999999999922e-03
2.000000000000000000e+00 6.300000000000000000e+01 5.400000000000000000e+01 0.000000000000000000e+00 1.600000000000000089e+00 2.686000000000000019e-03 1.305300000000000037e-02 9.999109999999999943e-01 -3.937240000000000184e-01 9.191629999999999523e-01 -1.094099999999999934e-02 -9.192249999999999588e-01 -3.936600000000000099e-01 7.608000000000000179e-03
1.000000000000000000e+01 6.300000000000000000e+01 5.400000000000000000e+01 0.000000000000000000e+00 1.600000000000000089e+00 -3.981000000000000164e-03 -1.269099999999999916e-02 9.999120000000000230e-01 -3.927149999999999808e-01 9.196050000000000058e-01 1.010800000000000066e-02 -9.196509999999999962e-01 -3.926399999999999890e-01 -8.644999999999999907e-03
1.300000000000000000e+01 6.300000000000000000e+01 5.400000000000000000e+01 0.000000000000000000e+00 1.600000000000000089e+00 -3.710000000000000190e-03 -7.226999999999999917e-03 9.999670000000000503e-01 -3.758159999999999834e-01 9.266790000000000305e-01 5.303000000000000422e-03 -9.266870000000000385e-01 -3.757840000000000069e-01 -6.154999999999999881e-03
1.600000000000000000e+01 6.300000000000000000e+01 5.400000000000000000e+01 0.000000000000000000e+00 1.600000000000000089e+00 -1.291000000000000047e-03 2.233999999999999875e-03 9.999970000000000248e-01 -3.667730000000000157e-01 9.303069999999999951e-01 -2.552000000000000015e-03 -9.303099999999999703e-01 -3.667750000000000177e-01 -3.820000000000000153e-04
2.100000000000000000e+01 6.300000000000000000e+01 5.400000000000000000e+01 0.000000000000000000e+00 1.600000000000000089e+00 7.899999999999999579e-05 3.158000000000000217e-03 9.999949999999999672e-01 -3.642520000000000202e-01 9.312960000000000127e-01 -2.912999999999999791e-03 -9.313000000000000167e-01 -3.642500000000000182e-01 1.224000000000000045e-03
2.700000000000000000e+01 6.300000000000000000e+01 5.400000000000000000e+01 0.000000000000000000e+00 1.600000000000000089e+00 -8.469999999999999881e-04 1.275000000000000092e-03 9.999989999999999712e-01 -3.647380000000000067e-01 9.311089999999999645e-01 -1.495999999999999934e-03 -9.311099999999999932e-01 -3.647389999999999799e-01 -3.229999999999999907e-04
2.000000000000000000e+00 2.600000000000000000e+01 5.500000000000000000e+01 0.000000000000000000e+00 1.600000000000000089e+00 2.040999999999999846e-03 -2.327019999999999922e-01 9.725460000000000216e-01 -4.091100000000000292e-02 9.717139999999999667e-01 2.325879999999999892e-01 -9.991609999999999658e-01 -4.026199999999999918e-02 -7.537000000000000297e-03
1.900000000000000000e+01 2.600000000000000000e+01 5.500000000000000000e+01 0.000000000000000000e+00 1.600000000000000089e+00 1.449999999999999900e-03 -1.248999999999999893e-03 -9.999980000000000535e-01 -4.309799999999999742e-02 -9.990700000000000136e-01 1.185000000000000072e-03 -9.990700000000000136e-01 4.309700000000000336e-02 -1.502999999999999996e-03
2.000000000000000000e+00 3.200000000000000000e+01 5.500000000000000000e+01 0.000000000000000000e+00 1.600000000000000089e+00 1.537250000000000005e-01 -3.248619999999999841e-01 -9.331840000000000135e-01 -6.486739999999999728e-01 6.792329999999999757e-01 -3.433129999999999793e-01 7.453790000000000138e-01 6.581090000000000551e-01 -1.063140000000000057e-01
7.000000000000000000e+00 2.100000000000000000e+01 6.000000000000000000e+01 0.000000000000000000e+00 1.600000000000000089e+00 -4.009999999999999893e-04 3.829999999999999854e-04 1.000000000000000000e+00 -9.311300000000000132e-02 9.956549999999999567e-01 -4.189999999999999931e-04 -9.956549999999999567e-01 -9.311300000000000132e-02 -3.640000000000000115e-04
1.100000000000000000e+01 2.100000000000000000e+01 6.000000000000000000e+01 0.000000000000000000e+00 1.600000000000000089e+00 -3.800000000000000209e-04 2.380000000000000117e-04 1.000000000000000000e+00 -9.413900000000000046e-02 9.955589999999999717e-01 -2.719999999999999979e-04 -9.955589999999999717e-01 -9.413900000000000046e-02 -3.559999999999999797e-04
1.600000000000000000e+01 2.100000000000000000e+01 6.000000000000000000e+01 0.000000000000000000e+00 1.600000000000000089e+00 -6.660000000000000338e-04 -2.236000000000000140e-03 9.999970000000000248e-01 -9.475799999999999501e-02 9.954979999999999940e-01 2.162999999999999992e-03 -9.955000000000000515e-01 -9.475600000000000689e-02 -8.750000000000000182e-04
2.100000000000000000e+01 2.100000000000000000e+01 6.000000000000000000e+01 0.000000000000000000e+00 1.600000000000000089e+00 -7.990000000000000140e-04 -1.417000000000000074e-03 9.999989999999999712e-01 -9.528100000000000458e-02 9.954499999999999460e-01 1.335000000000000032e-03 -9.954499999999999460e-01 -9.528000000000000358e-02 -9.309999999999999699e-04
2.600000000000000000e+01 2.100000000000000000e+01 6.000000000000000000e+01 0.000000000000000000e+00 1.600000000000000089e+00 -3.620000000000000171e-04 1.899999999999999996e-03 9.999980000000000535e-01 -9.549599999999999755e-02 9.954279999999999795e-01 -1.925999999999999978e-03 -9.954300000000000370e-01 -9.549599999999999755e-02 -1.789999999999999870e-04
1.700000000000000000e+01 6.700000000000000000e+01 6.000000000000000000e+01 0.000000000000000000e+00 1.600000000000000089e+00 -6.909999999999999910e-04 -4.093000000000000284e-03 9.999909999999999632e-01 1.807709999999999873e-01 -9.835180000000000033e-01 -3.899999999999999821e-03 9.835249999999999826e-01 1.807660000000000100e-01 1.418999999999999906e-03
2.000000000000000000e+00 2.700000000000000000e+01 6.300000000000000000e+01 0.000000000000000000e+00 1.600000000000000089e+00 -1.610000000000000103e-04 2.717999999999999930e-03 9.999959999999999960e-01 -2.801750000000000074e-01 9.599450000000000482e-01 -2.654000000000000109e-03 -9.599490000000000522e-01 -2.801739999999999786e-01 6.070000000000000092e-04
6.000000000000000000e+00 2.700000000000000000e+01 6.300000000000000000e+01 0.000000000000000000e+00 1.600000000000000089e+00 5.699999999999999772e-04 8.919999999999999978e-04 9.999989999999999712e-01 -2.801190000000000069e-01 9.599649999999999572e-01 -6.960000000000000041e-04 -9.599649999999999572e-01 -2.801179999999999781e-01 7.969999999999999654e-04
1.700000000000000000e+01 2.700000000000000000e+01 6.300000000000000000e+01 0.000000000000000000e+00 1.600000000000000089e+00 -1.515999999999999986e-03 -1.332000000000000068e-03 9.999980000000000535e-01 -2.790679999999999827e-01 9.602709999999999857e-01 8.549999999999999658e-04 -9.602699999999999569e-01 -2.790670000000000095e-01 -1.827999999999999981e-03
2.300000000000000000e+01 2.700000000000000000e+01 6.300000000000000000e+01 0.000000000000000000e+00 1.600000000000000089e+00 -3.499999999999999693e-05 2.076000000000000154e-03 9.999980000000000535e-01 -2.801020000000000176e-01 9.599680000000000435e-01 -2.003000000000000006e-03 -9.599699999999999900e-01 -2.801009999999999889e-01 5.479999999999999845e-04
6.000000000000000000e+00 4.400000000000000000e+01 6.300000000000000000e+01 0.000000000000000000e+00 1.600000000000000089e+00 1.624999999999999925e-03 2.452400000000000066e-02 -9.996979999999999755e-01 -6.361280000000000268e-01 -7.713250000000000384e-01 -1.995600000000000152e-02 -7.715819999999999901e-01 6.359679999999999778e-01 1.434700000000000038e-02
9.000000000000000000e+00 4.400000000000000000e+01 6.300000000000000000e+01 0.000000000000000000e+00 1.600000000000000089e+00 4.935000000000000150e-03 1.961500000000000049e-02 -9.997949999999999893e-01 -6.366239999999999677e-01 -7.709580000000000322e-01 -1.826799999999999952e-02 -7.711590000000000389e-01 6.365840000000000387e-01 8.682000000000000481e-03
1.500000000000000000e+01 4.400000000000000000e+01 6.300000000000000000e+01 0.000000000000000000e+00 1.600000000000000089e+00 -7.690000000000000438e-04 1.350000000000000071e-03 -9.999989999999999712e-01 -6.506579999999999586e-01 -7.593710000000000182e-01 -5.249999999999999676e-04 -7.593710000000000182e-01 6.506560000000000121e-01 1.461999999999999975e-03
2.000000000000000000e+01 4.400000000000000000e+01 6.300000000000000000e+01 0.000000000000000000e+00 1.600000000000000089e+00 3.089999999999999756e-04 1.238599999999999944e-02 -9.999230000000000063e-01 -6.599169999999999758e-01 -7.512790000000000301e-01 -9.509999999999999357e-03 -7.513389999999999791e-01 6.598690000000000389e-01 7.941999999999999407e-03
2.600000000000000000e+01 4.400000000000000000e+01 6.300000000000000000e+01 0.000000000000000000e+00 1.600000000000000089e+00 -2.329999999999999986e-04 4.492000000000000333e-03 -9.999900000000000455e-01 -6.675830000000000375e-01 -7.445279999999999676e-01 -3.188999999999999994e-03 -7.445349999999999469e-01 6.675759999999999472e-01 3.171999999999999906e-03
2.000000000000000000e+00 2.600000000000000000e+01 6.400000000000000000e+01 0.000000000000000000e+00 1.600000000000000089e+00 -8.959999999999999866e-04 1.632999999999999903e-03 9.999980000000000535e-01 -3.671679999999999944e-01 9.301530000000000076e-01 -1.848000000000000033e-03 -9.301540000000000363e-01 -3.671690000000000231e-01 -2.339999999999999958e-04
6.000000000000000000e+00 2.600000000000000000e+01 6.400000000000000000e+01 0.000000000000000000e+00 1.600000000000000089e+00 6.189999999999999756e-04 9.669999999999999776e-04 9.999989999999999712e-01 -3.692599999999999771e-01 9.293259999999999854e-01 -6.700000000000000226e-04 -9.293259999999999854e-01 -3.692599999999999771e-01 9.330000000000000186e-04
1.200000000000000000e+01 2.600000000000000000e+01 6.400000000000000000e+01 0.000000000000000000e+00 1.600000000000000089e+00 -7.789999999999999616e-04 -3.311000000000000141e-03 9.999940000000000495e-01 -3.683739999999999792e-01 9.296740000000000004e-01 2.791000000000000078e-03 -9.296769999999999756e-01 -3.683690000000000020e-01 -1.943000000000000066e-03
1.900000000000000000e+01 2.600000000000000000e+01 6.400000000000000000e+01 0.000000000000000000e+00 1.600000000000000089e+00 -2.269999999999999882e-03 -1.660999999999999933e-03 9.999959999999999960e-01 -3.720379999999999798e-01 9.282169999999999588e-01 6.980000000000000527e-04 -9.282150000000000123e-01 -3.720350000000000046e-01 -2.724999999999999992e-03
2.300000000000000000e+01 2.600000000000000000e+01 6.400000000000000000e+01 0.000000000000000000e+00 1.600000000000000089e+00 -8.840000000000000201e-04 3.200000000000000153e-03 9.999949999999999672e-01 -3.738600000000000256e-01 9.274790000000000534e-01 -3.298000000000000150e-03 -9.274850000000000039e-01 -3.738609999999999989e-01 3.770000000000000022e-04
2.700000000000000000e+01 2.600000000000000000e+01 6.400000000000000000e+01 0.000000000000000000e+00 1.600000000000000089e+00 1.193999999999999966e-03 6.364999999999999998e-03 9.999789999999999512e-01 -3.683730000000000060e-01 9.296619999999999884e-01 -5.478000000000000230e-03 -9.296769999999999756e-01 -3.683580000000000187e-01 3.455000000000000172e-03
4.000000000000000000e+00 4.400000000000000000e+01 7.300000000000000000e+01 0.000000000000000000e+00 1.600000000000000089e+00 1.737999999999999962e-03 7.242000000000000173e-03 9.999719999999999720e-01 5.686100000000000182e-02 -9.983570000000000499e-01 7.131000000000000186e-03 9.983809999999999629e-01 5.684700000000000170e-02 -2.147000000000000037e-03
8.000000000000000000e+00 4.400000000000000000e+01 7.300000000000000000e+01 0.000000000000000000e+00 1.600000000000000089e+00 -3.530000000000000152e-04 1.771000000000000005e-03 9.999980000000000535e-01 5.681300000000000239e-02 -9.983830000000000204e-01 1.788000000000000093e-03 9.983849999999999669e-01 5.681300000000000239e-02 2.509999999999999753e-04
1.400000000000000000e+01 4.400000000000000000e+01 7.300000000000000000e+01 0.000000000000000000e+00 1.600000000000000089e+00 8.149999999999999693e-04 4.085000000000000089e-03 9.999909999999999632e-01 5.778799999999999909e-02 -9.983210000000000139e-01 4.030999999999999861e-03 9.983290000000000219e-01 5.778400000000000203e-02 -1.049999999999999935e-03
1.700000000000000000e+01 4.400000000000000000e+01 7.300000000000000000e+01 0.000000000000000000e+00 1.600000000000000089e+00 1.185999999999999988e-03 4.257999999999999632e-03 9.999900000000000455e-01 5.974999999999999756e-02 -9.982050000000000090e-01 4.179999999999999688e-03 9.982130000000000170e-01 5.974399999999999850e-02 -1.438000000000000042e-03
2.400000000000000000e+01 4.400000000000000000e+01 7.300000000000000000e+01 0.000000000000000000e+00 1.600000000000000089e+00 -1.116000000000000021e-03 -3.057999999999999954e-03 9.999949999999999672e-01 5.638300000000000256e-02 -9.984049999999999869e-01 -2.990000000000000036e-03 9.984089999999999909e-01 5.637899999999999856e-02 1.286000000000000034e-03
2.900000000000000000e+01 4.400000000000000000e+01 7.300000000000000000e+01 0.000000000000000000e+00 1.600000000000000089e+00 -1.089900000000000070e-02 -2.901000000000000106e-02 9.995199999999999640e-01 5.016700000000000326e-02 -9.983360000000000012e-01 -2.842899999999999941e-02 9.986810000000000409e-01 4.983300000000000229e-02 1.233700000000000074e-02
5.000000000000000000e+00 2.500000000000000000e+01 7.400000000000000000e+01 0.000000000000000000e+00 1.600000000000000089e+00 -1.343000000000000010e-03 -2.209000000000000026e-03 9.999970000000000248e-01 8.228079999999999838e-01 -5.683190000000000186e-01 -1.499999999999999869e-04 5.683169999999999611e-01 8.228050000000000086e-01 2.580999999999999961e-03
9.000000000000000000e+00 2.500000000000000000e+01 7.400000000000000000e+01 0.000000000000000000e+00 1.600000000000000089e+00 1.000000000000000048e-04 1.848000000000000033e-03 9.999980000000000535e-01 8.232770000000000366e-01 -5.676390000000000047e-01 9.669999999999999776e-04 5.676400000000000334e-01 8.232749999999999790e-01 -1.577999999999999976e-03
1.300000000000000000e+01 2.500000000000000000e+01 7.400000000000000000e+01 0.000000000000000000e+00 1.600000000000000089e+00 -6.899999999999999667e-04 -5.169999999999999899e-04 1.000000000000000000e+00 8.258240000000000025e-01 -5.639279999999999848e-01 2.790000000000000054e-04 5.639269999999999561e-01 8.258240000000000025e-01 8.159999999999999936e-04
1.800000000000000000e+01 2.500000000000000000e+01 7.400000000000000000e+01 0.000000000000000000e+00 1.600000000000000089e+00 -1.659999999999999963e-04 -4.769999999999999934e-04 1.000000000000000000e+00 8.242509999999999559e-01 -5.662239999999999496e-01 -1.330000000000000073e-04 5.662239999999999496e-01 8.242509999999999559e-01 4.870000000000000197e-04
2.200000000000000000e+01 2.500000000000000000e+01 7.400000000000000000e+01 0.000000000000000000e+00 1.600000000000000089e+00 2.798000000000000140e-03 -4.920000000000000328e-04 9.999959999999999960e-01 8.225139999999999674e-01 -5.687379999999999658e-01 -2.580999999999999961e-03 5.687370000000000481e-01 8.225179999999999714e-01 -1.186999999999999904e-03
2.600000000000000000e+01 2.500000000000000000e+01 7.400000000000000000e+01 0.000000000000000000e+00 1.600000000000000089e+00 4.270000000000000249e-04 -5.959999999999999586e-04 1.000000000000000000e+00 8.229560000000000208e-01 -5.681040000000000534e-01 -6.899999999999999667e-04 5.681049999999999711e-01 8.229560000000000208e-01 2.480000000000000108e-04
