2.000000000000000000e+00 1.010000000000000000e+02 7.000000000000000000e+00 0.000000000000000000e+00 1.600000000000000089e+00 4.039000000000000055e-03 1.082100000000000076e-02 9.999329999999999607e-01 8.891599999999999504e-01 4.575159999999999783e-01 -8.541999999999999246e-03 -4.575779999999999847e-01 8.891360000000000374e-01 -7.773999999999999660e-03
1.100000000000000000e+01 1.010000000000000000e+02 7.000000000000000000e+00 0.000000000000000000e+00 1.600000000000000089e+00 -5.670000000000000127e-04 -7.320000000000000118e-03 9.999730000000000008e-01 8.895410000000000261e-01 4.568389999999999951e-01 3.847999999999999858e-03 -4.568550000000000111e-01 8.895189999999999486e-01 6.252999999999999878e-03
2.800000000000000000e+01 1.010000000000000000e+02 7.000000000000000000e+00 0.000000000000000000e+00 1.600000000000000089e+00 8.790000000000000070e-04 -6.256000000000000276e-03 9.999799999999999800e-01 8.893020000000000369e-01 4.573160000000000003e-01 2.079000000000000119e-03 -4.573200000000000043e-01 8.892820000000000169e-01 5.964999999999999816e-03
9.000000000000000000e+00 2.500000000000000000e+01 8.000000000000000000e+00 0.000000000000000000e+00 1.600000000000000089e+00 2.181999999999999912e-03 2.827000000000000086e-03 -9.999940000000000495e-01 4.380100000000000104e-01 8.989629999999999566e-01 3.497999999999999807e-03 8.989679999999999893e-01 -4.380149999999999877e-01 7.230000000000000098e-04
1.200000000000000000e+01 2.500000000000000000e+01 8.000000000000000000e+00 0.000000000000000000e+00 1.600000000000000089e+00 1.330000000000000019e-03 3.644000000000000104e-03 -9.999919999999999920e-01 4.380249999999999977e-01 8.989549999999999486e-01 3.857999999999999884e-03 8.989620000000000388e-01 -4.380260000000000264e-01 -4.009999999999999893e-04
1.800000000000000000e+01 2.500000000000000000e+01 8.000000000000000000e+00 0.000000000000000000e+00 1.600000000000000089e+00 4.449999999999999746e-04 2.964000000000000055e-03 -9.999959999999999960e-01 4.381309999999999927e-01 8.989059999999999828e-01 2.858999999999999996e-03 8.989110000000000156e-01 -4.381309999999999927e-01 -8.989999999999999511e-04
2.700000000000000000e+01 2.500000000000000000e+01 8.000000000000000000e+00 0.000000000000000000e+00 1.600000000000000089e+00 -1.920000000000000049e-03 -4.120000000000000398e-03 -9.999900000000000455e-01 4.392639999999999878e-01 8.983470000000000066e-01 -4.545000000000000429e-03 8.983560000000000434e-01 -4.392679999999999918e-01 8.500000000000000611e-05
1.300000000000000000e+01 9.000000000000000000e+00 9.000000000000000000e+00 0.000000000000000000e+00 1.600000000000000089e+00 -3.708999999999999797e-02 -1.566599999999999937e-02 -9.991889999999999938e-01 -9.770870000000000388e-01 -2.091339999999999866e-01 3.954900000000000082e-02 -2.095839999999999925e-01 9.777620000000000200e-01 -7.550000000000000287e-03
1.700000000000000000e+01 9.000000000000000000e+00 9.000000000000000000e+00 0.000000000000000000e+00 1.600000000000000089e+00 -7.305200000000000582e-02 -5.275900000000000034e-02 -9.959320000000000395e-01 -9.520950000000000246e-01 -2.936380000000000101e-01 8.539199999999999569e-02 -2.969490000000000185e-01 9.544599999999999751e-01 -2.878100000000000103e-02
5.000000000000000000e+00 2.400000000000000000e+01 9.000000000000000000e+00 0.000000000000000000e+00 1.600000000000000089e+00 7.119999999999999593e-04 -6.878000000000000433e-03 -9.999759999999999760e-01 4.442409999999999970e-01 8.958880000000000177e-01 -5.845999999999999634e-03 8.959070000000000089e-01 -4.442260000000000097e-01 3.693000000000000102e-03
8.000000000000000000e+00 2.400000000000000000e+01 9.000000000000000000e+00 0.000000000000000000e+00 1.600000000000000089e+00 1.825999999999999932e-03 3.371999999999999997e-03 -9.999930000000000208e-01 4.442630000000000190e-01 8.958880000000000177e-01 3.831999999999999903e-03 8.958949999999999969e-01 -4.442659999999999942e-01 1.379999999999999933e-04
1.200000000000000000e+01 2.400000000000000000e+01 9.000000000000000000e+00 0.000000000000000000e+00 1.600000000000000089e+00 9.179999999999999792e-04 5.340000000000000129e-03 -9.999850000000000128e-01 4.446160000000000112e-01 8.957060000000000022e-01 5.191000000000000301e-03 8.957209999999999894e-01 -4.446149999999999824e-01 -1.551999999999999994e-03
1.800000000000000000e+01 2.400000000000000000e+01 9.000000000000000000e+00 0.000000000000000000e+00 1.600000000000000089e+00 3.869999999999999742e-04 3.543000000000000142e-03 -9.999940000000000495e-01 4.442619999999999902e-01 8.958909999999999929e-01 3.346000000000000016e-03 8.958970000000000544e-01 -4.442599999999999882e-01 -1.227000000000000009e-03
2.200000000000000000e+01 2.400000000000000000e+01 9.000000000000000000e+00 0.000000000000000000e+00 1.600000000000000089e+00 -7.799999999999999859e-05 1.869999999999999917e-04 -1.000000000000000000e+00 4.431339999999999724e-01 8.964550000000000018e-01 1.330000000000000073e-04 8.964550000000000018e-01 -4.431339999999999724e-01 -1.530000000000000056e-04
2.500000000000000000e+01 2.400000000000000000e+01 9.000000000000000000e+00 0.000000000000000000e+00 1.600000000000000089e+00 -1.590999999999999966e-03 -3.481000000000000153e-03 -9.999930000000000208e-01 4.444429999999999770e-01 8.957990000000000119e-01 -3.825999999999999974e-03 8.958049999999999624e-01 -4.444460000000000077e-01 1.219999999999999974e-04
2.900000000000000000e+01 3.000000000000000000e+00 1.100000000000000000e+01 0.000000000000000000e+00 1.600000000000000089e+00 -7.299999999999999903e-05 -8.452500000000000291e-02 9.964210000000000012e-01 1.419640000000000069e-01 -9.863300000000000400e-01 -8.365899999999999725e-02 9.898719999999999741e-01 1.414499999999999924e-01 1.207199999999999940e-02
1.000000000000000000e+01 3.000000000000000000e+01 1.200000000000000000e+01 0.000000000000000000e+00 1.600000000000000089e+00 -7.927000000000000018e-03 -1.245399999999999979e-01 9.921830000000000371e-01 -2.163500000000000145e-02 9.920029999999999681e-01 1.243439999999999962e-01 -9.997350000000000403e-01 -2.048000000000000168e-02 -1.055799999999999968e-02
1.400000000000000000e+01 3.100000000000000000e+01 1.200000000000000000e+01 0.000000000000000000e+00 1.600000000000000089e+00 2.925000000000000083e-03 -2.143410000000000037e-01 9.767540000000000111e-01 -6.581900000000000250e-02 9.745989999999999931e-01 2.140650000000000053e-01 -9.978270000000000195e-01 -6.491500000000000048e-02 -1.125699999999999965e-02
1.600000000000000000e+01 3.500000000000000000e+01 1.300000000000000000e+01 0.000000000000000000e+00 1.600000000000000089e+00 -1.912079999999999891e-01 -5.317500000000000004e-02 9.801079999999999792e-01 9.676749999999999519e-01 -1.775110000000000021e-01 1.791520000000000057e-01 1.644539999999999891e-01 9.826810000000000267e-01 8.539800000000000169e-02
2.500000000000000000e+01 3.200000000000000000e+01 1.400000000000000000e+01 0.000000000000000000e+00 1.600000000000000089e+00 1.204999999999999908e-03 -1.624000000000000010e-03 -9.999980000000000535e-01 1.165709999999999941e-01 9.931809999999999805e-01 -1.472000000000000001e-03 9.931820000000000093e-01 -1.165690000000000059e-01 1.386000000000000079e-03
2.900000000000000000e+01 3.200000000000000000e+01 1.400000000000000000e+01 0.000000000000000000e+00 1.600000000000000089e+00 2.637000000000000021e-03 2.505999999999999981e-03 -9.999930000000000208e-01 1.159519999999999995e-01 9.932509999999999950e-01 2.795000000000000175e-03 9.932509999999999950e-01 -1.159590000000000065e-01 2.328000000000000208e-03
4.000000000000000000e+00 1.200000000000000000e+01 1.600000000000000000e+01 0.000000000000000000e+00 1.600000000000000089e+00 -2.300000000000000002e-05 -3.553000000000000169e-03 9.999940000000000495e-01 2.709570000000000034e-01 -9.625850000000000239e-01 -3.412999999999999801e-03 9.625920000000000032e-01 2.709550000000000014e-01 9.840000000000000656e-04
8.000000000000000000e+00 1.200000000000000000e+01 1.600000000000000000e+01 0.000000000000000000e+00 1.600000000000000089e+00 4.473999999999999679e-03 -1.386100000000000006e-02 9.998939999999999495e-01 2.695670000000000011e-01 -9.628719999999999501e-01 -1.455399999999999923e-02 9.629710000000000214e-01 2.696029999999999816e-01 -5.720000000000000258e-04
1.100000000000000000e+01 1.200000000000000000e+01 1.600000000000000000e+01 0.000000000000000000e+00 1.600000000000000089e+00 7.315999999999999587e-03 -2.104299999999999921e-02 9.997519999999999740e-01 2.701270000000000060e-01 -9.625679999999999792e-01 -2.223699999999999982e-02 9.627970000000000139e-01 2.702229999999999910e-01 -1.356999999999999916e-03
4.000000000000000000e+00 1.160000000000000000e+02 1.600000000000000000e+01 0.000000000000000000e+00 1.600000000000000089e+00 1.198000000000000063e-03 6.160000000000000111e-04 9.999989999999999712e-01 7.679430000000000422e-01 6.405170000000000030e-01 -1.314999999999999980e-03 -6.405170000000000030e-01 7.679439999999999600e-01 2.950000000000000148e-04
8.000000000000000000e+00 1.160000000000000000e+02 1.600000000000000000e+01 0.000000000000000000e+00 1.600000000000000089e+00 2.422000000000000108e-03 2.684000000000000188e-03 9.999930000000000208e-01 7.668139999999999956e-01 6.418589999999999574e-01 -3.579999999999999849e-03 -6.418650000000000189e-01 7.668179999999999996e-01 -5.029999999999999749e-04
2.000000000000000000e+01 1.160000000000000000e+02 1.600000000000000000e+01 0.000000000000000000e+00 1.600000000000000089e+00 1.693999999999999976e-03 4.433999999999999574e-03 9.999890000000000168e-01 7.162619999999999543e-01 6.978189999999999671e-01 -4.308000000000000197e-03 -6.978299999999999503e-01 7.162610000000000365e-01 -1.992999999999999980e-03
2.600000000000000000e+01 1.160000000000000000e+02 1.600000000000000000e+01 0.000000000000000000e+00 1.600000000000000089e+00 -2.629999999999999959e-04 2.380000000000000171e-03 9.999970000000000248e-01 7.072770000000000445e-01 7.069349999999999801e-01 -1.495999999999999934e-03 -7.069360000000000088e-01 7.072749999999999870e-01 -1.869000000000000002e-03
9.000000000000000000e+00 3.400000000000000000e+01 1.800000000000000000e+01 0.000000000000000000e+00 1.600000000000000089e+00 2.079880000000000062e-01 2.789209999999999745e-01 9.375200000000000200e-01 -9.683270000000000488e-01 1.940820000000000045e-01 1.570809999999999984e-01 -1.381429999999999880e-01 -9.404970000000000274e-01 3.104540000000000077e-01
6.000000000000000000e+00 2.000000000000000000e+00 1.900000000000000000e+01 0.000000000000000000e+00 1.600000000000000089e+00 -5.220000000000000031e-04 1.696999999999999941e-03 -9.999980000000000535e-01 3.382740000000000191e-01 -9.410460000000000491e-01 -1.773000000000000053e-03 -9.410469999999999668e-01 -3.382740000000000191e-01 -8.299999999999999815e-05
2.400000000000000000e+01 2.000000000000000000e+00 1.900000000000000000e+01 0.000000000000000000e+00 1.600000000000000089e+00 9.851000000000000381e-03 -5.216400000000000203e-02 -9.985899999999999777e-01 3.640709999999999780e-01 -9.299089999999999856e-01 5.216799999999999909e-02 -9.313190000000000079e-01 -3.640720000000000067e-01 9.830999999999999461e-03
1.700000000000000000e+01 3.000000000000000000e+00 1.900000000000000000e+01 0.000000000000000000e+00 1.600000000000000089e+00 8.692999999999999339e-03 -4.697300000000000086e-02 -9.988580000000000236e-01 3.398100000000000009e-01 -9.393120000000000358e-01 4.713099999999999928e-02 -9.404540000000000122e-01 -3.398320000000000229e-01 7.795999999999999978e-03
4.000000000000000000e+00 4.000000000000000000e+00 2.000000000000000000e+01 0.000000000000000000e+00 1.600000000000000089e+00 -6.870000000000000022e-04 8.271000000000000574e-03 -9.999660000000000215e-01 3.866450000000000164e-01 -9.221949999999999870e-01 -7.893000000000000710e-03 -9.222280000000000477e-01 -3.866379999999999817e-01 -2.563999999999999873e-03
1.500000000000000000e+01 4.000000000000000000e+00 2.000000000000000000e+01 0.000000000000000000e+00 1.600000000000000089e+00 3.850000000000000124e-03 -3.427899999999999697e-02 -9.994049999999999878e-01 3.813790000000000235e-01 -9.238239999999999785e-01 3.315599999999999797e-02 -9.244109999999999827e-01 -3.812800000000000078e-01 9.516000000000000153e-03
6.000000000000000000e+00 1.300000000000000000e+01 2.000000000000000000e+01 0.000000000000000000e+00 1.600000000000000089e+00 -6.070000000000000092e-04 1.137999999999999906e-03 9.999989999999999712e-01 2.635950000000000237e-01 9.646329999999999627e-01 -9.380000000000000317e-04 -9.646329999999999627e-01 2.635939999999999950e-01 -8.850000000000000444e-04
1.200000000000000000e+01 1.300000000000000000e+01 2.000000000000000000e+01 0.000000000000000000e+00 1.600000000000000089e+00 -1.438000000000000042e-03 4.375999999999999682e-03 9.999890000000000168e-01 2.625399999999999956e-01 9.649130000000000207e-01 -3.844999999999999894e-03 -9.649199999999999999e-01 2.625310000000000143e-01 -2.536000000000000060e-03
1.700000000000000000e+01 1.300000000000000000e+01 2.000000000000000000e+01 0.000000000000000000e+00 1.600000000000000089e+00 8.620000000000000275e-04 -3.402000000000000076e-03 9.999940000000000495e-01 2.602470000000000061e-01 9.655369999999999786e-01 3.059999999999999786e-03 -9.655420000000000114e-01 2.602430000000000021e-01 1.717999999999999909e-03
2.000000000000000000e+01 1.300000000000000000e+01 2.000000000000000000e+01 0.000000000000000000e+00 1.600000000000000089e+00 1.048000000000000103e-03 -8.684000000000000746e-03 9.999620000000000175e-01 2.580760000000000276e-01 9.660910000000000331e-01 8.118999999999999481e-03 -9.661239999999999828e-01 2.580569999999999808e-01 3.253999999999999948e-03
2.600000000000000000e+01 1.300000000000000000e+01 2.000000000000000000e+01 0.000000000000000000e+00 1.600000000000000089e+00 -1.384000000000000031e-03 -1.090999999999999956e-03 9.999980000000000535e-01 2.595779999999999754e-01 9.657210000000000516e-01 1.412999999999999977e-03 -9.657210000000000516e-01 2.595799999999999774e-01 -1.054000000000000032e-03
2.900000000000000000e+01 1.300000000000000000e+01 2.000000000000000000e+01 0.000000000000000000e+00 1.600000000000000089e+00 -3.269999999999999795e-04 2.841000000000000209e-03 9.999959999999999960e-01 2.602599999999999913e-01 9.655350000000000321e-01 -2.658000000000000206e-03 -9.655390000000000361e-01 2.602579999999999893e-01 -1.054999999999999948e-03
9.000000000000000000e+00 1.600000000000000000e+01 2.100000000000000000e+01 0.000000000000000000e+00 1.600000000000000089e+00 -5.439999999999999957e-04 4.099000000000000213e-03 9.999909999999999632e-01 2.956559999999999744e-01 9.552869999999999973e-01 -3.755000000000000091e-03 -9.552939999999999765e-01 2.956509999999999971e-01 -1.732000000000000033e-03
2.300000000000000000e+01 1.600000000000000000e+01 2.100000000000000000e+01 0.000000000000000000e+00 1.600000000000000089e+00 3.420000000000000188e-04 -9.107999999999999777e-03 9.999580000000000135e-01 2.974580000000000002e-01 9.546959999999999891e-01 8.593999999999999209e-03 -9.547350000000000003e-01 2.974430000000000129e-01 3.036000000000000070e-03
2.800000000000000000e+01 4.100000000000000000e+01 2.400000000000000000e+01 0.000000000000000000e+00 1.600000000000000089e+00 2.504609999999999892e-01 1.003830000000000000e-01 9.629090000000000149e-01 -9.098770000000000469e-01 3.642029999999999990e-01 1.986989999999999867e-01 -3.307479999999999865e-01 -9.258939999999999948e-01 1.825539999999999941e-01
2.200000000000000000e+01 2.000000000000000000e+00 2.500000000000000000e+01 0.000000000000000000e+00 1.600000000000000089e+00 1.104699999999999953e-02 -4.368500000000000161e-02 9.989839999999999831e-01 7.584200000000000663e-02 -9.961309999999999887e-01 -4.439900000000000097e-02 9.970590000000000286e-01 7.625500000000000334e-02 -7.690999999999999920e-03
4.000000000000000000e+00 3.000000000000000000e+00 2.500000000000000000e+01 0.000000000000000000e+00 1.600000000000000089e+00 -2.929999999999999879e-03 4.838000000000000286e-03 9.999839999999999840e-01 1.987200000000000077e-02 -9.997909999999999853e-01 4.896000000000000178e-03 9.997979999999999645e-01 1.988600000000000090e-02 2.833000000000000015e-03
8.000000000000000000e+00 3.000000000000000000e+00 2.500000000000000000e+01 0.000000000000000000e+00 1.600000000000000089e+00 4.185000000000000352e-03 -5.341000000000000261e-03 9.999770000000000048e-01 3.289899999999999769e-02 -9.994439999999999991e-01 -5.475999999999999965e-03 9.994499999999999496e-01 3.292099999999999888e-02 -4.007000000000000145e-03
1.500000000000000000e+01 3.000000000000000000e+00 2.500000000000000000e+01 0.000000000000000000e+00 1.600000000000000089e+00 9.577000000000000443e-03 -2.094199999999999881e-02 9.997350000000000403e-01 1.686500000000000152e-02 -9.996350000000000513e-01 -2.110100000000000170e-02 9.998120000000000340e-01 1.706200000000000078e-02 -9.220000000000000764e-03
2.300000000000000000e+01 3.000000000000000000e+00 2.500000000000000000e+01 0.000000000000000000e+00 1.600000000000000089e+00 2.418000000000000010e-03 -3.636999999999999955e-02 9.993349999999999733e-01 -1.603500000000000064e-02 -9.992109999999999603e-01 -3.632599999999999718e-02 9.998690000000000078e-01 -1.593599999999999878e-02 -2.998999999999999930e-03
2.600000000000000000e+01 3.000000000000000000e+00 2.500000000000000000e+01 0.000000000000000000e+00 1.600000000000000089e+00 -2.883999999999999845e-03 -1.524299999999999961e-02 9.998799999999999910e-01 -2.945700000000000054e-02 -9.994490000000000318e-01 -1.532200000000000055e-02 9.995619999999999505e-01 -2.949799999999999991e-02 2.432999999999999833e-03
8.000000000000000000e+00 2.900000000000000000e+01 2.600000000000000000e+01 0.000000000000000000e+00 1.600000000000000089e+00 5.346000000000000058e-03 3.874999999999999972e-02 -9.992349999999999843e-01 1.295109999999999872e-01 -9.908599999999999630e-01 -3.773200000000000165e-02 -9.915640000000000009e-01 -1.292099999999999915e-01 -1.031499999999999952e-02
2.000000000000000000e+01 5.800000000000000000e+01 3.100000000000000000e+01 0.000000000000000000e+00 1.600000000000000089e+00 8.902000000000000191e-03 1.103499999999999967e-02 9.999000000000000110e-01 -8.107309999999999794e-01 -5.852589999999999737e-01 1.367600000000000066e-02 5.853509999999999547e-01 -8.107720000000000482e-01 3.736000000000000171e-03
2.600000000000000000e+01 5.800000000000000000e+01 3.100000000000000000e+01 0.000000000000000000e+00 1.600000000000000089e+00 -5.000000000000000409e-06 -6.237999999999999622e-03 9.999810000000000088e-01 -8.089570000000000372e-01 -5.878569999999999629e-01 -3.670999999999999784e-03 5.878679999999999461e-01 -8.089410000000000212e-01 -5.043999999999999873e-03
3.000000000000000000e+01 5.800000000000000000e+01 3.100000000000000000e+01 0.000000000000000000e+00 1.600000000000000089e+00 -5.010000000000000347e-04 -1.175799999999999935e-02 9.999310000000000143e-01 -8.095160000000000133e-01 -5.870520000000000183e-01 -7.308000000000000260e-03 5.870969999999999800e-01 -8.094639999999999613e-01 -9.223999999999999561e-03
6.000000000000000000e+00 3.200000000000000000e+01 3.300000000000000000e+01 0.000000000000000000e+00 1.600000000000000089e+00 7.985100000000000531e-02 -8.547399999999999443e-02 -9.931360000000000188e-01 1.392930000000000001e-01 -9.855850000000000444e-01 9.602299999999999724e-02 -9.870259999999999589e-01 -1.460049999999999959e-01 -6.679400000000000615e-02
3.000000000000000000e+00 4.600000000000000000e+01 3.500000000000000000e+01 0.000000000000000000e+00 1.600000000000000089e+00 -1.779999999999999898e-04 1.017689999999999984e-01 -9.948080000000000256e-01 3.969440000000000190e-01 -9.130700000000000482e-01 -9.347800000000000553e-02 -9.178429999999999644e-01 -3.948999999999999733e-01 -4.023399999999999893e-02
1.700000000000000000e+01 4.600000000000000000e+01 4.100000000000000000e+01 0.000000000000000000e+00 1.600000000000000089e+00 -4.954629999999999868e-01 5.244999999999999662e-03 8.686129999999999685e-01 5.987689999999999957e-01 -7.223749999999999893e-01 3.459039999999999893e-01 6.292790000000000328e-01 6.914810000000000123e-01 3.547699999999999743e-01
8.000000000000000000e+00 3.000000000000000000e+00 4.300000000000000000e+01 0.000000000000000000e+00 1.600000000000000089e+00 -1.461999999999999975e-03 -3.073999999999999910e-03 -9.999940000000000495e-01 7.318750000000000533e-01 -6.814390000000000169e-01 1.025000000000000086e-03 -6.814379999999999882e-01 -7.318689999999999918e-01 3.246000000000000187e-03
1.200000000000000000e+01 3.000000000000000000e+00 4.300000000000000000e+01 0.000000000000000000e+00 1.600000000000000089e+00 -3.808999999999999886e-03 1.180000000000000059e-03 -9.999919999999999920e-01 7.299069999999999725e-01 -6.835369999999999502e-01 -3.586999999999999911e-03 -6.835360000000000325e-01 -7.299149999999999805e-01 1.742000000000000059e-03
1.100000000000000000e+01 3.500000000000000000e+01 4.400000000000000000e+01 0.000000000000000000e+00 1.600000000000000089e+00 -2.907500000000000084e-01 -5.625160000000000160e-01 -7.739770000000000261e-01 -8.943699999999999983e-01 4.471930000000000072e-01 1.096300000000000052e-02 3.399499999999999744e-01 6.954099999999999726e-01 -6.331189999999999873e-01
2.000000000000000000e+01 3.700000000000000000e+01 5.100000000000000000e+01 0.000000000000000000e+00 1.600000000000000089e+00 -4.020900000000000030e-01 -3.836319999999999730e-01 8.313540000000000374e-01 9.002379999999999827e-01 -3.312789999999999901e-01 2.825349999999999806e-01 1.670210000000000028e-01 8.620210000000000372e-01 4.785639999999999894e-01
2.200000000000000000e+01 3.800000000000000000e+01 5.100000000000000000e+01 0.000000000000000000e+00 1.600000000000000089e+00 -3.731059999999999932e-01 -3.989960000000000173e-01 8.376120000000000232e-01 9.226910000000000389e-01 -2.540799999999999725e-01 2.899729999999999808e-01 9.712200000000000000e-02 8.810480000000000533e-01 4.629480000000000262e-01
2.600000000000000000e+01 7.000000000000000000e+00 5.200000000000000000e+01 0.000000000000000000e+00 1.600000000000000089e+00 -5.039999999999999992e-04 2.749000000000000141e-03 -9.999959999999999960e-01 7.681899999999999840e-02 -9.970409999999999551e-01 -2.778999999999999786e-03 -9.970449999999999591e-01 -7.681999999999999940e-02 2.919999999999999961e-04
2.000000000000000000e+00 6.300000000000000000e+01 5.400000000000000000e+01 0.000000000000000000e+00 1.600000000000000089e+00 4.629999999999999784e-04 4.492000000000000333e-03 9.999900000000000455e-01 -3.494630000000000236e-01 9.369410000000000238e-01 -4.047000000000000250e-03 -9.369499999999999496e-01 -3.494579999999999909e-01 2.003000000000000006e-03
4.000000000000000000e+00 6.300000000000000000e+01 5.400000000000000000e+01 0.000000000000000000e+00 1.600000000000000089e+00 9.619999999999999645e-04 4.359000000000000027e-03 9.999900000000000455e-01 -3.518720000000000181e-01 9.360410000000000119e-01 -3.742000000000000100e-03 -9.360479999999999912e-01 -3.518640000000000101e-01 2.433999999999999966e-03
1.700000000000000000e+01 6.300000000000000000e+01 5.400000000000000000e+01 0.000000000000000000e+00 1.600000000000000089e+00 2.329999999999999986e-04 -2.680000000000000090e-03 9.999959999999999960e-01 -3.587270000000000181e-01 9.334390000000000187e-01 2.585000000000000058e-03 -9.334430000000000227e-01 -3.587259999999999893e-01 -7.439999999999999782e-04
2.300000000000000000e+01 6.300000000000000000e+01 5.400000000000000000e+01 0.000000000000000000e+00 1.600000000000000089e+00 1.799999999999999951e-03 -8.000000000000000654e-05 9.999980000000000535e-01 -3.630369999999999986e-01 9.317739999999999911e-01 7.280000000000000230e-04 -9.317729999999999624e-01 -3.630380000000000273e-01 1.647999999999999942e-03
1.400000000000000000e+01 2.500000000000000000e+01 5.500000000000000000e+01 0.000000000000000000e+00 1.600000000000000089e+00 7.979999999999999897e-04 1.570999999999999914e-03 -9.999980000000000535e-01 -1.069100000000000085e-02 -9.999419999999999975e-01 -1.580000000000000024e-03 -9.999430000000000263e-01 1.069200000000000012e-02 -7.810000000000000102e-04
1.900000000000000000e+01 2.000000000000000000e+01 6.000000000000000000e+01 0.000000000000000000e+00 1.600000000000000089e+00 1.376999999999999969e-03 -2.145999999999999904e-03 9.999970000000000248e-01 -6.040800000000000336e-02 9.981710000000000305e-01 2.226000000000000114e-03 -9.981729999999999769e-01 -6.041099999999999942e-02 1.245000000000000013e-03
3.000000000000000000e+00 2.100000000000000000e+01 6.000000000000000000e+01 0.000000000000000000e+00 1.600000000000000089e+00 -9.100000000000000016e-04 1.051999999999999984e-02 9.999440000000000550e-01 -9.746399999999999508e-02 9.951830000000000398e-01 -1.055900000000000068e-02 -9.952389999999999848e-01 -9.746799999999999908e-02 1.200000000000000030e-04
1.000000000000000000e+01 2.100000000000000000e+01 6.000000000000000000e+01 0.000000000000000000e+00 1.600000000000000089e+00 -5.789999999999999791e-04 -6.638999999999999936e-03 9.999780000000000335e-01 -9.601600000000000412e-02 9.953579999999999650e-01 6.551999999999999665e-03 -9.953800000000000425e-01 -9.600999999999999812e-02 -1.214000000000000018e-03
1.500000000000000000e+01 2.100000000000000000e+01 6.000000000000000000e+01 0.000000000000000000e+00 1.600000000000000089e+00 7.799999999999999859e-04 -6.605999999999999893e-03 9.999780000000000335e-01 -9.288499999999999535e-02 9.956549999999999567e-01 6.649999999999999661e-03 -9.956770000000000342e-01 -9.288799999999999835e-02 1.640000000000000019e-04
2.300000000000000000e+01 2.100000000000000000e+01 6.000000000000000000e+01 0.000000000000000000e+00 1.600000000000000089e+00 -9.259999999999999568e-04 -3.896000000000000157e-03 9.999919999999999920e-01 -9.734299999999999897e-02 9.952440000000000175e-01 3.787000000000000002e-03 -9.952499999999999680e-01 -9.733899999999999497e-02 -1.301000000000000073e-03
2.900000000000000000e+01 2.100000000000000000e+01 6.000000000000000000e+01 0.000000000000000000e+00 1.600000000000000089e+00 -2.249000000000000131e-03 2.007999999999999802e-03 9.999949999999999672e-01 -9.501199999999999923e-02 9.954739999999999700e-01 -2.213000000000000123e-03 -9.954739999999999700e-01 -9.501600000000000323e-02 -2.047999999999999907e-03
2.000000000000000000e+00 6.700000000000000000e+01 6.000000000000000000e+01 0.000000000000000000e+00 1.600000000000000089e+00 3.592999999999999840e-03 4.150000000000000043e-03 9.999850000000000128e-01 1.813750000000000084e-01 -9.834079999999999488e-01 3.429000000000000190e-03 9.834070000000000311e-01 1.813599999999999934e-01 -4.285999999999999879e-03
9.000000000000000000e+00 2.700000000000000000e+01 6.300000000000000000e+01 0.000000000000000000e+00 1.600000000000000089e+00 2.011000000000000201e-03 -6.821999999999999939e-03 9.999749999999999472e-01 -2.749199999999999977e-01 9.614409999999999901e-01 7.112000000000000266e-03 -9.614650000000000141e-01 -2.749280000000000057e-01 5.800000000000000034e-05
1.300000000000000000e+01 2.700000000000000000e+01 6.300000000000000000e+01 0.000000000000000000e+00 1.600000000000000089e+00 2.028999999999999988e-03 -1.397000000000000021e-03 9.999970000000000248e-01 -2.749110000000000165e-01 9.614679999999999893e-01 1.900999999999999912e-03 -9.614679999999999893e-01 -2.749139999999999917e-01 1.567000000000000033e-03
1.600000000000000000e+01 2.700000000000000000e+01 6.300000000000000000e+01 0.000000000000000000e+00 1.600000000000000089e+00 4.899999999999999842e-04 -7.145999999999999575e-03 9.999740000000000295e-01 -2.758959999999999746e-01 9.611619999999999608e-01 7.003999999999999809e-03 -9.611870000000000136e-01 -2.758920000000000261e-01 -1.500999999999999947e-03
2.100000000000000000e+01 2.700000000000000000e+01 6.300000000000000000e+01 0.000000000000000000e+00 1.600000000000000089e+00 -1.748999999999999904e-03 -8.184999999999999568e-03 9.999649999999999928e-01 -2.765630000000000033e-01 9.609680000000000444e-01 7.381999999999999673e-03 -9.609940000000000149e-01 -2.765400000000000080e-01 -3.943999999999999589e-03
1.000000000000000000e+01 2.600000000000000000e+01 6.400000000000000000e+01 0.000000000000000000e+00 1.600000000000000089e+00 2.851999999999999934e-03 -4.468999999999999882e-03 9.999860000000000415e-01 -3.677349999999999786e-01 9.299159999999999648e-01 5.204000000000000292e-03 -9.299260000000000304e-01 -3.677449999999999886e-01 1.008999999999999914e-03
1.600000000000000000e+01 2.600000000000000000e+01 6.400000000000000000e+01 0.000000000000000000e+00 1.600000000000000089e+00 1.889999999999999970e-03 -7.346000000000000099e-03 9.999710000000000543e-01 -3.653310000000000168e-01 9.308469999999999800e-01 7.529000000000000102e-03 -9.308760000000000367e-01 -3.653339999999999921e-01 -9.240000000000000166e-04
2.100000000000000000e+01 2.600000000000000000e+01 6.400000000000000000e+01 0.000000000000000000e+00 1.600000000000000089e+00 -1.134999999999999941e-03 -9.783999999999999295e-03 9.999510000000000343e-01 -3.674319999999999808e-01 9.300100000000000033e-01 8.682000000000000481e-03 -9.300500000000000433e-01 -3.674040000000000084e-01 -4.650999999999999752e-03
2.600000000000000000e+01 2.600000000000000000e+01 6.400000000000000000e+01 0.000000000000000000e+00 1.600000000000000089e+00 -5.090000000000000123e-04 -1.438000000000000042e-03 9.999989999999999712e-01 -3.620410000000000017e-01 9.321620000000000461e-01 1.155999999999999910e-03 -9.321620000000000461e-01 -3.620399999999999729e-01 -9.950000000000000077e-04
3.000000000000000000e+01 2.600000000000000000e+01 6.400000000000000000e+01 0.000000000000000000e+00 1.600000000000000089e+00 -2.249000000000000131e-03 -9.820000000000000170e-04 9.999970000000000248e-01 -3.610389999999999988e-01 9.325499999999999901e-01 1.039999999999999936e-04 -9.325480000000000436e-01 -3.610380000000000256e-01 -2.452000000000000186e-03
8.000000000000000000e+00 2.500000000000000000e+01 7.300000000000000000e+01 0.000000000000000000e+00 1.600000000000000089e+00 1.918999999999999916e-03 3.226000000000000135e-03 9.999930000000000208e-01 7.598139999999999894e-01 -6.501400000000000512e-01 6.390000000000000280e-04 6.501379999999999937e-01 7.598070000000000102e-01 -3.699000000000000031e-03
1.100000000000000000e+01 2.500000000000000000e+01 7.300000000000000000e+01 0.000000000000000000e+00 1.600000000000000089e+00 2.701999999999999975e-03 -4.539999999999999765e-04 9.999959999999999960e-01 7.629489999999999883e-01 -6.464539999999999731e-01 -2.354999999999999889e-03 6.464530000000000554e-01 7.629529999999999923e-01 -1.399999999999999986e-03
1.700000000000000000e+01 2.500000000000000000e+01 7.300000000000000000e+01 0.000000000000000000e+00 1.600000000000000089e+00 -3.523000000000000090e-03 -1.354799999999999928e-02 9.999019999999999575e-01 7.526669999999999749e-01 -6.583719999999999573e-01 -6.269000000000000267e-03 6.583919999999999773e-01 7.525709999999999900e-01 1.251700000000000035e-02
2.500000000000000000e+01 2.500000000000000000e+01 7.300000000000000000e+01 0.000000000000000000e+00 1.600000000000000089e+00 -1.164000000000000104e-03 -8.819999999999999715e-04 9.999989999999999712e-01 7.507970000000000477e-01 -6.605330000000000368e-01 2.910000000000000260e-04 6.605320000000000080e-01 7.507960000000000189e-01 1.431999999999999896e-03
1.000000000000000000e+00 4.400000000000000000e+01 7.300000000000000000e+01 0.000000000000000000e+00 1.600000000000000089e+00 -2.930000000000000204e-04 8.090000000000000403e-04 1.000000000000000000e+00 5.717499999999999666e-02 -9.983640000000000292e-01 8.249999999999999955e-04 9.983640000000000292e-01 5.717499999999999666e-02 2.460000000000000164e-04
1.100000000000000000e+01 4.400000000000000000e+01 7.300000000000000000e+01 0.000000000000000000e+00 1.600000000000000089e+00 -9.610000000000000486e-04 -2.909999999999999826e-03 9.999949999999999672e-01 5.377400000000000235e-02 -9.985490000000000199e-01 -2.854000000000000200e-03 9.985530000000000239e-01 5.377099999999999935e-02 1.116000000000000021e-03
1.800000000000000000e+01 4.400000000000000000e+01 7.300000000000000000e+01 0.000000000000000000e+00 1.600000000000000089e+00 3.480000000000000020e-04 8.970000000000000109e-04 1.000000000000000000e+00 5.484699999999999992e-02 -9.984939999999999927e-01 8.760000000000000425e-04 9.984950000000000214e-01 5.484699999999999992e-02 -3.959999999999999762e-04
3.000000000000000000e+00 5.100000000000000000e+01 7.600000000000000000e+01 0.000000000000000000e+00 1.600000000000000089e+00 1.425000000000000051e-03 4.891999999999999647e-03 -9.999869999999999592e-01 -4.033340000000000258e-01 -9.150390000000000468e-01 -5.050999999999999934e-03 -9.150519999999999765e-01 4.033359999999999723e-01 6.689999999999999983e-04
1.200000000000000000e+01 5.100000000000000000e+01 7.600000000000000000e+01 0.000000000000000000e+00 1.600000000000000089e+00 1.075000000000000001e-03 -1.278999999999999972e-03 -9.999989999999999712e-01 -4.003950000000000009e-01 -9.163419999999999899e-01 7.420000000000000380e-04 -9.163419999999999899e-01 4.003929999999999989e-01 -1.497000000000000067e-03
2.600000000000000000e+01 5.100000000000000000e+01 7.600000000000000000e+01 0.000000000000000000e+00 1.600000000000000089e+00 1.169999999999999979e-04 -2.521999999999999936e-03 -9.999970000000000248e-01 -4.014039999999999830e-01 -9.158979999999999899e-01 2.262999999999999821e-03 -9.159009999999999652e-01 4.014030000000000098e-01 -1.118999999999999986e-03
7.000000000000000000e+00 9.100000000000000000e+01 7.600000000000000000e+01 0.000000000000000000e+00 1.600000000000000089e+00 6.359999999999999551e-04 7.240000000000000342e-04 1.000000000000000000e+00 2.755059999999999731e-01 -9.612990000000000146e-01 5.209999999999999788e-04 9.612990000000000146e-01 2.755049999999999999e-01 -8.109999999999999805e-04
1.200000000000000000e+01 9.100000000000000000e+01 7.600000000000000000e+01 0.000000000000000000e+00 1.600000000000000089e+00 -2.305000000000000191e-03 2.900000000000000017e-05 9.999970000000000248e-01 2.951329999999999787e-01 -9.554559999999999720e-01 7.079999999999999705e-04 9.554529999999999967e-01 2.951340000000000074e-01 2.194000000000000204e-03
1.700000000000000000e+01 9.100000000000000000e+01 7.600000000000000000e+01 0.000000000000000000e+00 1.600000000000000089e+00 2.860000000000000129e-04 -9.240000000000000166e-04 1.000000000000000000e+00 2.907719999999999749e-01 -9.567919999999999758e-01 -9.669999999999999776e-04 9.567919999999999758e-01 2.907719999999999749e-01 -5.000000000000000409e-06
2.200000000000000000e+01 9.100000000000000000e+01 7.600000000000000000e+01 0.000000000000000000e+00 1.600000000000000089e+00 -3.209999999999999963e-04 -3.896000000000000157e-03 9.999919999999999920e-01 2.834740000000000038e-01 -9.589729999999999643e-01 -3.644999999999999803e-03 9.589800000000000546e-01 2.834699999999999998e-01 1.412999999999999977e-03
2.400000000000000000e+01 9.100000000000000000e+01 7.600000000000000000e+01 0.000000000000000000e+00 1.600000000000000089e+00 -1.786000000000000044e-03 -4.682000000000000398e-03 9.999869999999999592e-01 2.779019999999999824e-01 -9.606010000000000382e-01 -4.002000000000000349e-03 9.606080000000000174e-01 2.778919999999999724e-01 3.017000000000000150e-03
7.000000000000000000e+00 1.010000000000000000e+02 7.900000000000000000e+01 0.000000000000000000e+00 1.600000000000000089e+00 -8.379999999999999862e-04 -2.075000000000000022e-03 -9.999970000000000248e-01 -8.015989999999999505e-01 5.978620000000000045e-01 -5.689999999999999529e-04 5.978620000000000045e-01 8.015959999999999752e-01 -2.164000000000000125e-03
2.700000000000000000e+01 9.000000000000000000e+00 8.200000000000000000e+01 0.000000000000000000e+00 1.600000000000000089e+00 1.203000000000000076e-03 3.804000000000000090e-03 -9.999919999999999920e-01 5.649450000000000305e-01 8.251199999999999646e-01 3.818999999999999912e-03 8.251279999999999726e-01 -5.649450000000000305e-01 -1.155999999999999910e-03
4.000000000000000000e+00 4.400000000000000000e+01 8.300000000000000000e+01 0.000000000000000000e+00 1.600000000000000089e+00 -1.552999999999999910e-03 5.871999999999999616e-03 9.999820000000000375e-01 5.832640000000000047e-01 -8.122629999999999573e-01 5.675999999999999622e-03 8.122810000000000308e-01 5.832619999999999472e-01 -2.162999999999999992e-03
1.400000000000000000e+01 4.400000000000000000e+01 8.300000000000000000e+01 0.000000000000000000e+00 1.600000000000000089e+00 -1.356999999999999916e-03 4.050999999999999913e-03 9.999909999999999632e-01 5.703770000000000229e-01 -8.213730000000000198e-01 4.100999999999999611e-03 8.213819999999999455e-01 5.703770000000000229e-01 -1.196000000000000014e-03
1.900000000000000000e+01 4.400000000000000000e+01 8.300000000000000000e+01 0.000000000000000000e+00 1.600000000000000089e+00 -1.216000000000000067e-03 -2.504999999999999848e-03 9.999959999999999960e-01 5.681659999999999489e-01 -8.229119999999999768e-01 -1.371000000000000040e-03 8.229130000000000056e-01 5.681629999999999736e-01 2.423999999999999939e-03
2.400000000000000000e+01 4.400000000000000000e+01 8.300000000000000000e+01 0.000000000000000000e+00 1.600000000000000089e+00 -1.775000000000000102e-03 1.139000000000000038e-03 9.999980000000000535e-01 5.679779999999999829e-01 -8.230420000000000513e-01 1.946000000000000030e-03 8.230420000000000513e-01 5.679800000000000404e-01 8.140000000000000534e-04
9.000000000000000000e+00 4.800000000000000000e+01 8.400000000000000000e+01 0.000000000000000000e+00 1.600000000000000089e+00 6.538999999999999674e-03 4.379000000000000080e-03 -9.999689999999999968e-01 -9.463359999999999550e-01 -3.230959999999999943e-01 -7.603999999999999648e-03 -3.231189999999999896e-01 9.463559999999999750e-01 2.031999999999999952e-03
1.400000000000000000e+01 4.800000000000000000e+01 8.400000000000000000e+01 0.000000000000000000e+00 1.600000000000000089e+00 4.122999999999999929e-03 2.089000000000000145e-03 -9.999890000000000168e-01 -9.460769999999999458e-01 -3.239099999999999757e-01 -4.577000000000000339e-03 -3.239159999999999817e-01 9.460859999999999825e-01 6.409999999999999682e-04
2.500000000000000000e+01 4.800000000000000000e+01 8.400000000000000000e+01 0.000000000000000000e+00 1.600000000000000089e+00 4.817000000000000101e-03 4.139999999999999800e-04 -9.999879999999999880e-01 -9.469170000000000087e-01 -3.214449999999999807e-01 -4.695000000000000388e-03 -3.214429999999999787e-01 9.469279999999999919e-01 -1.155999999999999910e-03
8.000000000000000000e+00 7.700000000000000000e+01 8.400000000000000000e+01 0.000000000000000000e+00 1.600000000000000089e+00 -3.689499999999999724e-02 -4.347000000000000169e-02 -9.983729999999999549e-01 9.856899999999999551e-01 -1.660200000000000009e-01 -2.919700000000000073e-02 -1.644809999999999883e-01 -9.851640000000000397e-01 4.897300000000000264e-02
1.700000000000000000e+01 7.700000000000000000e+01 8.400000000000000000e+01 0.000000000000000000e+00 1.600000000000000089e+00 -7.305999999999999994e-03 -6.568000000000000053e-03 -9.999519999999999520e-01 9.832649999999999446e-01 -1.820839999999999959e-01 -5.988000000000000267e-03 -1.820360000000000034e-01 -9.832610000000000516e-01 7.787999999999999784e-03
2.400000000000000000e+01 7.700000000000000000e+01 8.400000000000000000e+01 0.000000000000000000e+00 1.600000000000000089e+00 -1.174399999999999923e-02 -2.935400000000000162e-02 -9.995000000000000551e-01 9.834899999999999753e-01 -1.808559999999999890e-01 -6.244999999999999683e-03 -1.805819999999999925e-01 -9.830719999999999459e-01 3.099400000000000072e-02
3.000000000000000000e+01 7.700000000000000000e+01 8.400000000000000000e+01 0.000000000000000000e+00 1.600000000000000089e+00 -8.085999999999999438e-03 -1.478600000000000053e-02 -9.998580000000000245e-01 9.834399999999999809e-01 -1.811570000000000125e-01 -5.274000000000000042e-03 -1.810539999999999927e-01 -9.833429999999999671e-01 1.600599999999999939e-02
6.000000000000000000e+00 1.400000000000000000e+01 8.600000000000000000e+01 0.000000000000000000e+00 1.600000000000000089e+00 3.289999999999999739e-04 -2.550999999999999882e-03 -9.999970000000000248e-01 1.879220000000000057e-01 9.821809999999999707e-01 -2.443999999999999992e-03 9.821839999999999460e-01 -1.879210000000000047e-01 8.030000000000000028e-04
