5.000000000000000000e+00 1.500000000000000000e+01 4.000000000000000000e+00 0.000000000000000000e+00 1.600000000000000089e+00 1.013000000000000012e-03 6.596000000000000300e-03 9.999780000000000335e-01 3.261720000000000175e-01 -9.452920000000000211e-01 5.904999999999999659e-03 9.453099999999999836e-01 3.261589999999999767e-01 -3.108999999999999785e-03
7.000000000000000000e+00 1.500000000000000000e+01 4.000000000000000000e+00 0.000000000000000000e+00 1.600000000000000089e+00 2.849999999999999886e-04 1.071100000000000003e-02 9.999430000000000263e-01 3.225049999999999861e-01 -9.465139999999999665e-01 1.004599999999999937e-02 9.465679999999999650e-01 3.224839999999999929e-01 -3.723999999999999880e-03
1.100000000000000000e+01 1.500000000000000000e+01 4.000000000000000000e+00 0.000000000000000000e+00 1.600000000000000089e+00 1.168999999999999900e-03 1.282900000000000013e-02 9.999169999999999447e-01 3.189440000000000053e-01 -9.476999999999999869e-01 1.178599999999999960e-02 9.477729999999999766e-01 3.189040000000000208e-01 -5.199999999999999761e-03
2.000000000000000000e+01 1.500000000000000000e+01 4.000000000000000000e+00 0.000000000000000000e+00 1.600000000000000089e+00 2.219000000000000052e-03 9.320000000000000159e-03 9.999540000000000095e-01 3.183579999999999743e-01 -9.479360000000000008e-01 8.127999999999999808e-03 9.479680000000000328e-01 3.183250000000000246e-01 -5.069999999999999854e-03
2.900000000000000000e+01 1.500000000000000000e+01 4.000000000000000000e+00 0.000000000000000000e+00 1.600000000000000089e+00 -4.876000000000000126e-03 -7.875000000000000056e-03 9.999569999999999848e-01 3.223809999999999731e-01 -9.465919999999999890e-01 -5.883000000000000208e-03 9.465970000000000217e-01 3.223380000000000134e-01 7.154999999999999902e-03
1.800000000000000000e+01 7.400000000000000000e+01 4.000000000000000000e+00 0.000000000000000000e+00 1.600000000000000089e+00 -8.809040000000000203e-01 -3.781860000000000221e-01 2.845770000000000244e-01 -3.999030000000000085e-01 9.163360000000000394e-01 -2.013799999999999965e-02 -2.531519999999999881e-01 -1.315429999999999933e-01 -9.584420000000000162e-01
1.300000000000000000e+01 1.010000000000000000e+02 7.000000000000000000e+00 0.000000000000000000e+00 1.600000000000000089e+00 -1.556000000000000091e-03 -1.064700000000000021e-02 9.999419999999999975e-01 8.829110000000000014e-01 4.694980000000000264e-01 6.373000000000000193e-03 -4.695389999999999842e-01 8.828690000000000149e-01 8.670000000000000623e-03
2.000000000000000000e+01 1.010000000000000000e+02 7.000000000000000000e+00 0.000000000000000000e+00 1.600000000000000089e+00 2.830000000000000050e-03 -3.848599999999999938e-02 9.992550000000000043e-01 8.846960000000000379e-01 4.659130000000000216e-01 1.543899999999999960e-02 -4.661600000000000188e-01 8.839930000000000287e-01 3.536700000000000260e-02
2.500000000000000000e+01 1.010000000000000000e+02 7.000000000000000000e+00 0.000000000000000000e+00 1.600000000000000089e+00 4.199999999999999768e-05 -2.975300000000000167e-02 9.995570000000000288e-01 8.851740000000000164e-01 4.650549999999999962e-01 1.380600000000000056e-02 -4.652600000000000069e-01 8.847819999999999574e-01 2.635600000000000095e-02
2.000000000000000000e+00 2.500000000000000000e+01 8.000000000000000000e+00 0.000000000000000000e+00 1.600000000000000089e+00 -4.186999999999999750e-03 -2.884999999999999978e-03 -9.999869999999999592e-01 4.454850000000000199e-01 8.952780000000000182e-01 -4.447999999999999697e-03 8.952790000000000470e-01 -4.454980000000000051e-01 -2.462999999999999912e-03
7.000000000000000000e+00 2.500000000000000000e+01 8.000000000000000000e+00 0.000000000000000000e+00 1.600000000000000089e+00 -3.766999999999999949e-03 -7.609999999999999577e-03 -9.999639999999999640e-01 4.476470000000000171e-01 8.941700000000000204e-01 -8.491000000000000283e-03 8.942020000000000524e-01 -4.476629999999999776e-01 3.899999999999999929e-05
1.100000000000000000e+01 2.500000000000000000e+01 8.000000000000000000e+00 0.000000000000000000e+00 1.600000000000000089e+00 -2.226999999999999813e-03 -4.519999999999999712e-03 -9.999869999999999592e-01 4.491490000000000204e-01 8.934419999999999584e-01 -5.039000000000000076e-03 8.934539999999999704e-01 -4.491550000000000264e-01 4.000000000000000327e-05
1.600000000000000000e+01 2.500000000000000000e+01 8.000000000000000000e+00 0.000000000000000000e+00 1.600000000000000089e+00 -2.105999999999999799e-03 -8.286999999999999228e-03 -9.999630000000000463e-01 4.494469999999999854e-01 8.932679999999999509e-01 -8.349000000000000518e-03 8.933050000000000157e-01 -4.494480000000000142e-01 1.843000000000000020e-03
2.400000000000000000e+01 2.500000000000000000e+01 8.000000000000000000e+00 0.000000000000000000e+00 1.600000000000000089e+00 -2.660000000000000146e-04 -2.279000000000000210e-03 -9.999970000000000248e-01 4.533409999999999940e-01 8.913349999999999884e-01 -2.151999999999999833e-03 8.913370000000000459e-01 -4.533400000000000207e-01 7.960000000000000495e-04
2.000000000000000000e+00 2.400000000000000000e+01 9.000000000000000000e+00 0.000000000000000000e+00 1.600000000000000089e+00 -4.231999999999999651e-03 -2.749000000000000141e-03 -9.999869999999999592e-01 4.482430000000000025e-01 8.939009999999999456e-01 -4.354000000000000231e-03 8.939019999999999744e-01 -4.482559999999999878e-01 -2.550999999999999882e-03
7.000000000000000000e+00 2.400000000000000000e+01 9.000000000000000000e+00 0.000000000000000000e+00 1.600000000000000089e+00 -3.755000000000000091e-03 -7.431000000000000105e-03 -9.999649999999999928e-01 4.506580000000000030e-01 8.926579999999999515e-01 -8.325000000000000802e-03 8.926889999999999548e-01 -4.506729999999999903e-01 -3.000000000000000076e-06
1.200000000000000000e+01 2.400000000000000000e+01 9.000000000000000000e+00 0.000000000000000000e+00 1.600000000000000089e+00 -1.624999999999999925e-03 -4.791000000000000120e-03 -9.999869999999999592e-01 4.519389999999999796e-01 8.920350000000000223e-01 -5.008000000000000299e-03 8.920470000000000343e-01 -4.519409999999999816e-01 7.159999999999999481e-04
1.700000000000000000e+01 2.400000000000000000e+01 9.000000000000000000e+00 0.000000000000000000e+00 1.600000000000000089e+00 -2.001999999999999873e-03 -1.090600000000000076e-02 -9.999390000000000223e-01 4.517120000000000024e-01 8.921000000000000041e-01 -1.063399999999999936e-02 8.921609999999999818e-01 -4.517059999999999964e-01 3.141000000000000129e-03
2.100000000000000000e+01 2.400000000000000000e+01 9.000000000000000000e+00 0.000000000000000000e+00 1.600000000000000089e+00 -1.459999999999999926e-03 -8.115000000000000685e-03 -9.999660000000000215e-01 4.546850000000000058e-01 8.906180000000000208e-01 -7.891999999999999710e-03 8.906509999999999705e-01 -4.546810000000000018e-01 2.390000000000000197e-03
2.400000000000000000e+01 2.400000000000000000e+01 9.000000000000000000e+00 0.000000000000000000e+00 1.600000000000000089e+00 -1.589999999999999888e-04 -1.814999999999999990e-03 -9.999980000000000535e-01 4.562180000000000124e-01 8.898660000000000458e-01 -1.688000000000000047e-03 8.898679999999999923e-01 -4.562169999999999837e-01 6.859999999999999779e-04
1.500000000000000000e+01 3.100000000000000000e+01 1.200000000000000000e+01 0.000000000000000000e+00 1.600000000000000089e+00 1.050000000000000044e-04 -1.853000000000000046e-03 9.999980000000000535e-01 -1.326500000000000075e-02 9.999099999999999655e-01 1.855000000000000095e-03 -9.999120000000000230e-01 -1.326500000000000075e-02 8.100000000000000375e-05
1.300000000000000000e+01 3.500000000000000000e+01 1.200000000000000000e+01 0.000000000000000000e+00 1.600000000000000089e+00 -1.039999999999999936e-04 -5.577999999999999625e-03 -9.999839999999999840e-01 4.933710000000000040e-01 -8.698059999999999681e-01 4.800999999999999712e-03 -8.698190000000000088e-01 -4.933629999999999960e-01 2.843000000000000041e-03
1.900000000000000000e+01 3.500000000000000000e+01 1.200000000000000000e+01 0.000000000000000000e+00 1.600000000000000089e+00 1.833999999999999910e-03 -2.781000000000000052e-03 -9.999940000000000495e-01 4.802500000000000102e-01 -8.771250000000000435e-01 3.320000000000000034e-03 -8.771299999999999653e-01 -4.802540000000000142e-01 -2.739999999999999923e-04
2.300000000000000000e+01 3.500000000000000000e+01 1.200000000000000000e+01 0.000000000000000000e+00 1.600000000000000089e+00 1.559000000000000056e-03 -8.078000000000000111e-03 -9.999660000000000215e-01 4.710550000000000015e-01 -8.820689999999999920e-01 7.860000000000000667e-03 -8.821029999999999704e-01 -4.710509999999999975e-01 2.429999999999999868e-03
2.600000000000000000e+01 3.500000000000000000e+01 1.200000000000000000e+01 0.000000000000000000e+00 1.600000000000000089e+00 6.260000000000000373e-04 -5.820999999999999786e-03 -9.999829999999999552e-01 4.621560000000000112e-01 -8.867819999999999592e-01 5.451000000000000116e-03 -8.867979999999999752e-01 -4.621509999999999785e-01 2.135000000000000179e-03
1.600000000000000000e+01 7.300000000000000000e+01 1.300000000000000000e+01 0.000000000000000000e+00 1.600000000000000089e+00 -9.140249999999999764e-01 -2.217379999999999907e-01 3.396919999999999940e-01 -3.369599999999999818e-01 8.812600000000000433e-01 -3.314210000000000211e-01 -2.258680000000000132e-01 -4.173890000000000100e-01 -8.802100000000000479e-01
2.200000000000000000e+01 3.200000000000000000e+01 1.400000000000000000e+01 0.000000000000000000e+00 1.600000000000000089e+00 2.634000000000000057e-03 2.530000000000000131e-03 -9.999930000000000208e-01 1.032560000000000006e-01 9.946509999999999518e-01 2.788999999999999813e-03 9.946509999999999518e-01 -1.032629999999999937e-01 2.358999999999999986e-03
2.500000000000000000e+01 3.200000000000000000e+01 1.400000000000000000e+01 0.000000000000000000e+00 1.600000000000000089e+00 5.259999999999999919e-04 7.820000000000000345e-04 -1.000000000000000000e+00 1.033810000000000007e-01 9.946420000000000261e-01 8.319999999999999488e-04 9.946420000000000261e-01 -1.033810000000000007e-01 4.420000000000000101e-04
3.000000000000000000e+00 2.000000000000000000e+00 1.900000000000000000e+01 0.000000000000000000e+00 1.600000000000000089e+00 -4.769999999999999934e-04 2.758000000000000035e-03 -9.999959999999999960e-01 2.073500000000000065e-01 -9.782629999999999937e-01 -2.797000000000000007e-03 -9.782669999999999977e-01 -2.073500000000000065e-01 -1.060000000000000016e-04
8.000000000000000000e+00 2.000000000000000000e+00 1.900000000000000000e+01 0.000000000000000000e+00 1.600000000000000089e+00 1.876000000000000063e-03 1.570500000000000021e-02 -9.998749999999999583e-01 2.038709999999999967e-01 -9.788829999999999476e-01 -1.499299999999999938e-02 -9.789959999999999773e-01 -2.038169999999999982e-01 -5.037999999999999944e-03
1.100000000000000000e+01 2.000000000000000000e+00 1.900000000000000000e+01 0.000000000000000000e+00 1.600000000000000089e+00 1.270000000000000078e-03 2.510099999999999831e-02 -9.996840000000000170e-01 1.981159999999999866e-01 -9.798759999999999692e-01 -2.435199999999999865e-02 -9.801779999999999937e-01 -1.980230000000000046e-01 -6.217000000000000304e-03
1.800000000000000000e+01 2.000000000000000000e+00 1.900000000000000000e+01 0.000000000000000000e+00 1.600000000000000089e+00 -3.155999999999999951e-03 1.517800000000000052e-02 -9.998799999999999910e-01 1.855360000000000065e-01 -9.825150000000000272e-01 -1.549999999999999989e-02 -9.826319999999999499e-01 -1.855630000000000057e-01 2.840000000000000185e-04
2.200000000000000000e+01 2.000000000000000000e+00 1.900000000000000000e+01 0.000000000000000000e+00 1.600000000000000089e+00 -2.883999999999999845e-03 1.641400000000000151e-02 -9.998609999999999998e-01 1.850600000000000023e-01 -9.825859999999999594e-01 -1.666400000000000173e-02 -9.827230000000000132e-01 -1.850819999999999965e-01 -2.039999999999999984e-04
3.000000000000000000e+00 4.000000000000000000e+00 2.000000000000000000e+01 0.000000000000000000e+00 1.600000000000000089e+00 -1.740000000000000010e-03 4.760000000000000234e-04 -9.999980000000000535e-01 3.248119999999999896e-01 -9.457780000000000076e-01 -1.015999999999999976e-03 -9.457769999999999788e-01 -3.248130000000000184e-01 1.490999999999999921e-03
8.000000000000000000e+00 4.000000000000000000e+00 2.000000000000000000e+01 0.000000000000000000e+00 1.600000000000000089e+00 7.680000000000000195e-04 1.437399999999999962e-02 -9.998960000000000070e-01 3.217700000000000005e-01 -9.467240000000000100e-01 -1.336200000000000061e-02 -9.468180000000000485e-01 -3.217260000000000120e-01 -5.351999999999999987e-03
7.000000000000000000e+00 1.300000000000000000e+01 2.000000000000000000e+01 0.000000000000000000e+00 1.600000000000000089e+00 -3.020000000000000223e-04 -1.250000000000000026e-03 9.999989999999999712e-01 2.671959999999999891e-01 9.636409999999999698e-01 1.284999999999999901e-03 -9.636419999999999986e-01 2.671959999999999891e-01 4.300000000000000165e-05
1.000000000000000000e+01 1.300000000000000000e+01 2.000000000000000000e+01 0.000000000000000000e+00 1.600000000000000089e+00 1.745000000000000023e-03 7.283000000000000411e-03 9.999719999999999720e-01 2.652939999999999743e-01 9.641389999999999683e-01 -7.485000000000000334e-03 -9.641659999999999675e-01 2.652990000000000070e-01 -2.500000000000000052e-04
1.600000000000000000e+01 1.300000000000000000e+01 2.000000000000000000e+01 0.000000000000000000e+00 1.600000000000000089e+00 3.110000000000000243e-04 -2.788999999999999813e-03 9.999959999999999960e-01 2.604739999999999833e-01 9.654770000000000296e-01 2.612000000000000172e-03 -9.654810000000000336e-01 2.604719999999999813e-01 1.026999999999999918e-03
2.000000000000000000e+01 1.300000000000000000e+01 2.000000000000000000e+01 0.000000000000000000e+00 1.600000000000000089e+00 1.595999999999999979e-03 8.299999999999999815e-05 9.999989999999999712e-01 2.596720000000000139e-01 9.656970000000000276e-01 -4.949999999999999973e-04 -9.656949999999999701e-01 2.596729999999999872e-01 1.518999999999999951e-03
2.300000000000000000e+01 1.300000000000000000e+01 2.000000000000000000e+01 0.000000000000000000e+00 1.600000000000000089e+00 1.765999999999999992e-03 3.484000000000000118e-03 9.999919999999999920e-01 2.573050000000000059e-01 9.663230000000000430e-01 -3.821000000000000178e-03 -9.663289999999999935e-01 2.573090000000000099e-01 8.099999999999999561e-04
2.800000000000000000e+01 1.300000000000000000e+01 2.000000000000000000e+01 0.000000000000000000e+00 1.600000000000000089e+00 2.608000000000000075e-03 -1.530000000000000056e-04 9.999970000000000248e-01 2.553070000000000062e-01 9.668600000000000527e-01 -5.180000000000000143e-04 -9.668569999999999665e-01 2.553070000000000062e-01 2.560000000000000209e-03
2.400000000000000000e+01 1.600000000000000000e+01 2.100000000000000000e+01 0.000000000000000000e+00 1.600000000000000089e+00 1.925000000000000062e-03 3.776999999999999975e-03 9.999909999999999632e-01 2.997609999999999997e-01 9.540049999999999919e-01 -4.180999999999999821e-03 -9.540119999999999711e-01 2.997659999999999769e-01 7.039999999999999817e-04
2.800000000000000000e+01 1.600000000000000000e+01 2.100000000000000000e+01 0.000000000000000000e+00 1.600000000000000089e+00 2.601000000000000013e-03 -1.575999999999999927e-03 9.999949999999999672e-01 2.989629999999999788e-01 9.542640000000000011e-01 7.259999999999999743e-04 -9.542610000000000259e-01 2.989600000000000035e-01 2.952999999999999896e-03
3.000000000000000000e+00 3.000000000000000000e+00 2.500000000000000000e+01 0.000000000000000000e+00 1.600000000000000089e+00 -4.210000000000000200e-03 -2.955999999999999860e-03 9.999869999999999592e-01 -1.010309999999999958e-01 -9.948780000000000401e-01 -3.366000000000000068e-03 9.948740000000000361e-01 -1.010439999999999949e-01 3.889999999999999795e-03
8.000000000000000000e+00 3.000000000000000000e+00 2.500000000000000000e+01 0.000000000000000000e+00 1.600000000000000089e+00 2.190000000000000106e-03 1.379799999999999950e-02 9.999019999999999575e-01 -9.353100000000000303e-02 -9.955190000000000428e-01 1.394199999999999953e-02 9.956139999999999990e-01 -9.355199999999999627e-02 -8.899999999999999491e-04
1.100000000000000000e+01 3.000000000000000000e+00 2.500000000000000000e+01 0.000000000000000000e+00 1.600000000000000089e+00 3.830000000000000071e-03 1.787599999999999953e-02 9.998329999999999718e-01 -8.784000000000000141e-02 -9.959689999999999932e-01 1.814299999999999941e-02 9.961269999999999847e-01 -8.789500000000000091e-02 -2.243999999999999901e-03
1.700000000000000000e+01 3.000000000000000000e+00 2.500000000000000000e+01 0.000000000000000000e+00 1.600000000000000089e+00 3.869000000000000043e-03 1.874400000000000024e-02 9.998169999999999558e-01 -6.959300000000000208e-02 -9.973950000000000315e-01 1.896799999999999875e-02 9.975680000000000103e-01 -6.965300000000000658e-02 -2.554999999999999979e-03
2.000000000000000000e+01 3.000000000000000000e+00 2.500000000000000000e+01 0.000000000000000000e+00 1.600000000000000089e+00 4.270000000000000358e-03 1.907999999999999974e-02 9.998089999999999478e-01 -6.287099999999999633e-02 -9.978350000000000275e-01 1.931099999999999831e-02 9.980130000000000390e-01 -6.294099999999999695e-02 -3.060999999999999919e-03
2.400000000000000000e+01 3.000000000000000000e+00 2.500000000000000000e+01 0.000000000000000000e+00 1.600000000000000089e+00 3.304000000000000079e-03 1.125899999999999991e-02 9.999310000000000143e-01 -4.833799999999999902e-02 -9.987660000000000426e-01 1.140500000000000021e-02 9.988259999999999916e-01 -4.837299999999999933e-02 -2.756000000000000203e-03
1.000000000000000000e+00 4.600000000000000000e+01 2.700000000000000000e+01 0.000000000000000000e+00 1.600000000000000089e+00 -3.930000000000000117e-04 6.430000000000000169e-04 -1.000000000000000000e+00 6.752759999999999874e-01 7.375650000000000261e-01 2.090000000000000115e-04 7.375650000000000261e-01 -6.752759999999999874e-01 -7.240000000000000342e-04
4.000000000000000000e+00 4.600000000000000000e+01 2.700000000000000000e+01 0.000000000000000000e+00 1.600000000000000089e+00 -1.900000000000000105e-05 -1.337000000000000081e-03 -9.999989999999999712e-01 6.735370000000000523e-01 7.391529999999999490e-01 -1.000999999999999937e-03 7.391529999999999490e-01 -6.735370000000000523e-01 8.859999999999999603e-04
8.000000000000000000e+00 4.600000000000000000e+01 2.700000000000000000e+01 0.000000000000000000e+00 1.600000000000000089e+00 -6.009999999999999717e-04 -2.044999999999999943e-03 -9.999980000000000535e-01 6.703869999999999552e-01 7.420090000000000297e-01 -1.920000000000000049e-03 7.420109999999999761e-01 -6.703869999999999552e-01 9.250000000000000409e-04
1.900000000000000000e+01 4.600000000000000000e+01 2.700000000000000000e+01 0.000000000000000000e+00 1.600000000000000089e+00 -2.030000000000000012e-04 1.679999999999999907e-04 -1.000000000000000000e+00 6.637690000000000534e-01 7.479369999999999630e-01 -9.000000000000000228e-06 7.479369999999999630e-01 -6.637690000000000534e-01 -2.640000000000000202e-04
1.300000000000000000e+01 4.600000000000000000e+01 3.000000000000000000e+01 0.000000000000000000e+00 1.600000000000000089e+00 6.589999999999999721e-04 9.529999999999999626e-04 -9.999989999999999712e-01 3.201919999999999766e-01 9.473519999999999719e-01 1.113999999999999973e-03 9.473519999999999719e-01 -3.201930000000000054e-01 3.190000000000000019e-04
2.000000000000000000e+01 4.600000000000000000e+01 3.000000000000000000e+01 0.000000000000000000e+00 1.600000000000000089e+00 2.500000000000000120e-05 3.800000000000000209e-05 -1.000000000000000000e+00 3.209609999999999963e-01 9.470929999999999627e-01 4.399999999999999886e-05 9.470929999999999627e-01 -3.209609999999999963e-01 1.200000000000000030e-05
1.000000000000000000e+00 5.800000000000000000e+01 3.100000000000000000e+01 0.000000000000000000e+00 1.600000000000000089e+00 -1.198999999999999979e-03 -5.812999999999999591e-03 9.999820000000000375e-01 -7.971359999999999557e-01 -6.037839999999999874e-01 -4.466000000000000351e-03 6.037989999999999746e-01 -7.971270000000000300e-01 -3.910000000000000281e-03
4.000000000000000000e+00 5.800000000000000000e+01 3.100000000000000000e+01 0.000000000000000000e+00 1.600000000000000089e+00 -3.750999999999999994e-03 -6.147999999999999819e-03 9.999740000000000295e-01 -7.969570000000000265e-01 -6.039989999999999526e-01 -6.702999999999999757e-03 6.040240000000000054e-01 -7.969610000000000305e-01 -2.634000000000000057e-03
9.000000000000000000e+00 5.800000000000000000e+01 3.100000000000000000e+01 0.000000000000000000e+00 1.600000000000000089e+00 -6.340000000000000149e-04 -4.497000000000000129e-03 9.999900000000000455e-01 -7.958070000000000421e-01 -6.055409999999999959e-01 -3.227999999999999967e-03 6.055500000000000327e-01 -7.958009999999999806e-01 -3.194999999999999923e-03
1.400000000000000000e+01 5.800000000000000000e+01 3.100000000000000000e+01 0.000000000000000000e+00 1.600000000000000089e+00 5.133000000000000410e-03 4.061000000000000373e-03 9.999789999999999512e-01 -7.858150000000000412e-01 -6.184269999999999490e-01 6.544999999999999603e-03 6.184399999999999897e-01 -7.858319999999999750e-01 1.699999999999999987e-05
2.000000000000000000e+01 5.800000000000000000e+01 3.100000000000000000e+01 0.000000000000000000e+00 1.600000000000000089e+00 1.516999999999999902e-03 9.529999999999999626e-04 9.999980000000000535e-01 -7.787889999999999535e-01 -6.272839999999999527e-01 1.778999999999999982e-03 6.272839999999999527e-01 -7.787899999999999823e-01 -2.090000000000000115e-04
2.400000000000000000e+01 5.800000000000000000e+01 3.100000000000000000e+01 0.000000000000000000e+00 1.600000000000000089e+00 5.506999999999999743e-03 6.739000000000000198e-03 9.999620000000000175e-01 -7.752440000000000442e-01 -6.316049999999999720e-01 8.526000000000000592e-03 6.316380000000000328e-01 -7.752609999999999779e-01 1.745999999999999939e-03
2.800000000000000000e+01 5.800000000000000000e+01 3.100000000000000000e+01 0.000000000000000000e+00 1.600000000000000089e+00 5.684999999999999949e-03 1.017400000000000075e-02 9.999320000000000430e-01 -7.701149999999999940e-01 -6.378120000000000456e-01 1.086799999999999919e-02 6.378789999999999738e-01 -7.701249999999999485e-01 4.209000000000000068e-03
4.000000000000000000e+00 1.800000000000000000e+01 3.400000000000000000e+01 0.000000000000000000e+00 1.600000000000000089e+00 -1.190000000000000058e-04 -1.629000000000000023e-03 -9.999989999999999712e-01 -3.048899999999999944e-01 -9.523859999999999548e-01 1.588000000000000002e-03 -9.523880000000000123e-01 3.048899999999999944e-01 -3.840000000000000097e-04
5.000000000000000000e+00 4.600000000000000000e+01 3.500000000000000000e+01 0.000000000000000000e+00 1.600000000000000089e+00 -6.239999999999999887e-04 -1.890000000000000133e-04 -1.000000000000000000e+00 3.927030000000000243e-01 -9.196659999999999835e-01 -7.100000000000000462e-05 -9.196649999999999547e-01 -3.927030000000000243e-01 6.480000000000000300e-04
1.100000000000000000e+01 4.600000000000000000e+01 3.500000000000000000e+01 0.000000000000000000e+00 1.600000000000000089e+00 1.075999999999999917e-03 -5.974000000000000143e-03 -9.999820000000000375e-01 3.915219999999999811e-01 -9.201500000000000234e-01 5.917999999999999650e-03 -9.201679999999999859e-01 -3.915210000000000079e-01 1.348999999999999939e-03
1.500000000000000000e+01 4.600000000000000000e+01 3.500000000000000000e+01 0.000000000000000000e+00 1.600000000000000089e+00 5.090000000000000123e-04 -1.866000000000000037e-03 -9.999980000000000535e-01 3.910509999999999819e-01 -9.203670000000000462e-01 1.915999999999999951e-03 -9.203689999999999927e-01 -3.910509999999999819e-01 2.610000000000000015e-04
2.100000000000000000e+01 4.600000000000000000e+01 3.500000000000000000e+01 0.000000000000000000e+00 1.600000000000000089e+00 -7.600000000000000418e-04 1.724999999999999971e-03 -9.999980000000000535e-01 3.921009999999999773e-01 -9.199199999999999600e-01 -1.884000000000000041e-03 -9.199220000000000175e-01 -3.921020000000000061e-01 2.300000000000000002e-05
2.700000000000000000e+01 4.600000000000000000e+01 3.500000000000000000e+01 0.000000000000000000e+00 1.600000000000000089e+00 -6.089999999999999494e-04 1.209999999999999921e-03 -9.999989999999999712e-01 3.926250000000000018e-01 -9.196980000000000155e-01 -1.351999999999999903e-03 -9.196990000000000443e-01 -3.926250000000000018e-01 8.500000000000000611e-05
3.000000000000000000e+01 4.600000000000000000e+01 3.500000000000000000e+01 0.000000000000000000e+00 1.600000000000000089e+00 -4.560000000000000251e-04 -1.745000000000000023e-03 -9.999980000000000535e-01 3.922550000000000203e-01 -9.198560000000000070e-01 1.425999999999999967e-03 -9.198570000000000357e-01 -3.922530000000000183e-01 1.103999999999999947e-03
2.000000000000000000e+00 9.500000000000000000e+01 3.600000000000000000e+01 0.000000000000000000e+00 1.600000000000000089e+00 2.371999999999999977e-03 -2.808099999999999832e-02 9.996030000000000193e-01 9.971649999999999681e-01 7.524799999999999545e-02 -2.519999999999999996e-04 -7.521100000000000008e-02 9.967690000000000161e-01 2.818000000000000019e-02
6.000000000000000000e+00 9.500000000000000000e+01 3.600000000000000000e+01 0.000000000000000000e+00 1.600000000000000089e+00 1.363000000000000062e-03 -5.931600000000000067e-02 9.982379999999999587e-01 9.971410000000000551e-01 7.549999999999999767e-02 3.125000000000000173e-03 -7.555199999999999416e-02 9.953800000000000425e-01 5.924999999999999711e-02
3.000000000000000000e+00 2.900000000000000000e+01 4.400000000000000000e+01 0.000000000000000000e+00 1.600000000000000089e+00 1.508000000000000009e-03 2.720999999999999894e-03 -9.999949999999999672e-01 6.688429999999999653e-01 7.433969999999999745e-01 3.030999999999999840e-03 7.434020000000000072e-01 -6.688450000000000228e-01 -6.989999999999999686e-04
6.000000000000000000e+00 2.900000000000000000e+01 4.400000000000000000e+01 0.000000000000000000e+00 1.600000000000000089e+00 2.047999999999999907e-03 2.036000000000000049e-03 -9.999959999999999960e-01 6.660310000000000397e-01 7.459179999999999700e-01 2.882000000000000013e-03 7.459209999999999452e-01 -6.660340000000000149e-01 1.710000000000000094e-04
1.000000000000000000e+01 2.900000000000000000e+01 4.400000000000000000e+01 0.000000000000000000e+00 1.600000000000000089e+00 1.348000000000000023e-03 2.719999999999999979e-04 -9.999989999999999712e-01 6.550789999999999669e-01 7.555600000000000094e-01 1.088999999999999907e-03 7.555600000000000094e-01 -6.550789999999999669e-01 8.400000000000000348e-04
1.400000000000000000e+01 2.900000000000000000e+01 4.400000000000000000e+01 0.000000000000000000e+00 1.600000000000000089e+00 -6.660000000000000338e-04 -1.461999999999999975e-03 -9.999989999999999712e-01 6.507230000000000514e-01 7.593140000000000445e-01 -1.543000000000000101e-03 7.593149999999999622e-01 -6.507230000000000514e-01 4.459999999999999989e-04
2.200000000000000000e+01 2.900000000000000000e+01 4.400000000000000000e+01 0.000000000000000000e+00 1.600000000000000089e+00 3.589999999999999984e-04 1.064999999999999974e-03 -9.999989999999999712e-01 6.511080000000000201e-01 7.589850000000000207e-01 1.041999999999999958e-03 7.589850000000000207e-01 -6.511080000000000201e-01 -4.209999999999999875e-04
2.600000000000000000e+01 2.900000000000000000e+01 4.400000000000000000e+01 0.000000000000000000e+00 1.600000000000000089e+00 -2.301999999999999793e-03 -1.954000000000000008e-03 -9.999949999999999672e-01 6.608199999999999630e-01 7.505389999999999562e-01 -2.988000000000000204e-03 7.505410000000000137e-01 -6.608230000000000492e-01 -4.369999999999999970e-04
2.700000000000000000e+01 5.000000000000000000e+00 5.100000000000000000e+01 0.000000000000000000e+00 1.600000000000000089e+00 -2.753999999999999938e-03 -6.430000000000000169e-04 -9.999959999999999960e-01 4.902580000000000271e-01 -8.715770000000000461e-01 -7.900000000000000121e-04 -8.715730000000000421e-01 -4.902580000000000271e-01 2.716000000000000098e-03
1.000000000000000000e+01 6.000000000000000000e+00 5.100000000000000000e+01 0.000000000000000000e+00 1.600000000000000089e+00 3.847999999999999858e-03 1.581499999999999920e-02 -9.998669999999999503e-01 3.097460000000000213e-01 -9.507189999999999808e-01 -1.384499999999999967e-02 -9.508119999999999905e-01 -3.096519999999999828e-01 -8.557000000000000370e-03
2.000000000000000000e+00 1.150000000000000000e+02 5.100000000000000000e+01 0.000000000000000000e+00 1.600000000000000089e+00 -1.078800000000000071e-02 -4.168199999999999683e-02 9.990729999999999889e-01 8.431819999999999871e-01 -5.374630000000000241e-01 -1.331899999999999924e-02 5.375199999999999978e-01 8.422570000000000334e-01 4.094400000000000123e-02
1.100000000000000000e+01 7.000000000000000000e+00 5.200000000000000000e+01 0.000000000000000000e+00 1.600000000000000089e+00 9.480000000000000579e-03 1.461699999999999978e-02 -9.998479999999999590e-01 9.926500000000000601e-02 -9.949679999999999636e-01 -1.360500000000000077e-02 -9.950160000000000116e-01 -9.912100000000000077e-02 -1.088300000000000031e-02
1.500000000000000000e+01 7.000000000000000000e+00 5.200000000000000000e+01 0.000000000000000000e+00 1.600000000000000089e+00 6.542000000000000072e-03 9.416000000000000758e-03 -9.999339999999999895e-01 9.421799999999999620e-02 -9.955129999999999812e-01 -8.758000000000000160e-03 -9.955300000000000260e-01 -9.415500000000000258e-02 -7.399000000000000195e-03
1.000000000000000000e+01 6.300000000000000000e+01 5.400000000000000000e+01 0.000000000000000000e+00 1.600000000000000089e+00 6.792000000000000294e-03 4.305999999999999932e-03 9.999679999999999680e-01 -3.422390000000000154e-01 9.396109999999999740e-01 -1.722000000000000006e-03 -9.395879999999999788e-01 -3.422160000000000202e-01 7.856000000000000136e-03
2.100000000000000000e+01 6.300000000000000000e+01 5.400000000000000000e+01 0.000000000000000000e+00 1.600000000000000089e+00 -8.809999999999999472e-04 -5.249999999999999676e-04 1.000000000000000000e+00 -3.175640000000000129e-01 9.482369999999999965e-01 2.180000000000000134e-04 -9.482369999999999965e-01 -3.175629999999999842e-01 -1.002000000000000069e-03
2.700000000000000000e+01 6.300000000000000000e+01 5.400000000000000000e+01 0.000000000000000000e+00 1.600000000000000089e+00 -1.124299999999999952e-02 -9.036000000000000629e-03 9.998960000000000070e-01 -3.370210000000000150e-01 9.414850000000000163e-01 4.717999999999999972e-03 -9.414299999999999891e-01 -3.369329999999999825e-01 -1.363100000000000075e-02
2.000000000000000000e+01 2.500000000000000000e+01 5.500000000000000000e+01 0.000000000000000000e+00 1.600000000000000089e+00 2.120000000000000031e-04 -6.251999999999999745e-03 -9.999799999999999800e-01 -1.140599999999999947e-02 -9.999149999999999983e-01 6.250000000000000347e-03 -9.999350000000000183e-01 1.140399999999999921e-02 -2.840000000000000185e-04
2.400000000000000000e+01 2.500000000000000000e+01 5.500000000000000000e+01 0.000000000000000000e+00 1.600000000000000089e+00 4.970000000000000459e-04 -8.484000000000000222e-03 -9.999639999999999640e-01 -1.417000000000000030e-02 -9.998639999999999750e-01 8.475999999999999160e-03 -9.999000000000000110e-01 1.416500000000000051e-02 -6.179999999999999513e-04
4.000000000000000000e+00 2.100000000000000000e+01 6.000000000000000000e+01 0.000000000000000000e+00 1.600000000000000089e+00 -2.026000000000000023e-03 -4.985999999999999981e-03 9.999860000000000415e-01 -9.285699999999999510e-02 9.956679999999999975e-01 4.775999999999999863e-03 -9.956770000000000342e-01 -9.284599999999999798e-02 -2.480000000000000000e-03
1.000000000000000000e+01 2.100000000000000000e+01 6.000000000000000000e+01 0.000000000000000000e+00 1.600000000000000089e+00 -1.453999999999999997e-03 4.637999999999999762e-03 9.999879999999999880e-01 -9.584700000000000164e-02 9.953849999999999643e-01 -4.755999999999999811e-03 -9.953950000000000298e-01 -9.585200000000000664e-02 -1.002000000000000069e-03
1.500000000000000000e+01 2.100000000000000000e+01 6.000000000000000000e+01 0.000000000000000000e+00 1.600000000000000089e+00 1.353999999999999952e-03 1.072700000000000042e-02 9.999419999999999975e-01 -9.600599999999999412e-02 9.953250000000000153e-01 -1.054800000000000008e-02 -9.953800000000000425e-01 -9.598700000000000288e-02 2.377999999999999906e-03
1.900000000000000000e+01 2.100000000000000000e+01 6.000000000000000000e+01 0.000000000000000000e+00 1.600000000000000089e+00 2.769999999999999893e-03 -5.590000000000000351e-04 9.999959999999999960e-01 -9.439000000000000168e-02 9.955349999999999477e-01 8.180000000000000422e-04 -9.955310000000000548e-01 -9.439200000000000368e-02 2.704999999999999939e-03
2.600000000000000000e+01 2.100000000000000000e+01 6.000000000000000000e+01 0.000000000000000000e+00 1.600000000000000089e+00 5.180000000000000143e-04 1.915100000000000136e-02 9.998160000000000380e-01 -9.720199999999999674e-02 9.950830000000000508e-01 -1.900999999999999912e-02 -9.952640000000000375e-01 -9.717499999999999749e-02 2.377000000000000206e-03
3.000000000000000000e+01 2.100000000000000000e+01 6.000000000000000000e+01 0.000000000000000000e+00 1.600000000000000089e+00 -4.194999999999999944e-03 2.552799999999999861e-02 9.996650000000000258e-01 -9.837200000000000111e-02 9.948150000000000048e-01 -2.581699999999999967e-02 -9.951410000000000533e-01 -9.844700000000000673e-02 -1.662000000000000066e-03
9.000000000000000000e+00 8.200000000000000000e+01 6.200000000000000000e+01 0.000000000000000000e+00 1.600000000000000089e+00 6.359580000000000233e-01 -7.463450000000000362e-01 1.962790000000000090e-01 -6.464090000000000114e-01 -6.541069999999999940e-01 -3.928110000000000213e-01 4.215599999999999903e-01 1.229350000000000026e-01 -8.984290000000000331e-01
1.000000000000000000e+01 3.000000000000000000e+00 6.300000000000000000e+01 0.000000000000000000e+00 1.600000000000000089e+00 1.704999999999999918e-03 1.383400000000000081e-02 9.999029999999999863e-01 -6.250449999999999617e-01 7.805279999999999996e-01 -9.733000000000000332e-03 -7.805870000000000308e-01 -6.249670000000000503e-01 9.976999999999999758e-03
1.700000000000000000e+01 3.000000000000000000e+00 6.300000000000000000e+01 0.000000000000000000e+00 1.600000000000000089e+00 7.339999999999999520e-04 2.301000000000000094e-03 9.999970000000000248e-01 -6.174100000000000144e-01 7.866410000000000347e-01 -1.356999999999999916e-03 -7.866410000000000347e-01 -6.174070000000000391e-01 1.998000000000000210e-03
2.500000000000000000e+01 3.000000000000000000e+00 6.300000000000000000e+01 0.000000000000000000e+00 1.600000000000000089e+00 6.199999999999999999e-04 1.061000000000000094e-03 9.999989999999999712e-01 -6.170809999999999906e-01 7.868990000000000151e-01 -4.519999999999999821e-04 -7.868990000000000151e-01 -6.170809999999999906e-01 1.142999999999999919e-03
2.000000000000000000e+00 2.700000000000000000e+01 6.300000000000000000e+01 0.000000000000000000e+00 1.600000000000000089e+00 4.420000000000000101e-04 -2.268000000000000051e-03 9.999970000000000248e-01 -2.812089999999999868e-01 9.596440000000000525e-01 2.301000000000000094e-03 -9.596459999999999990e-01 -2.812089999999999868e-01 -2.139999999999999975e-04
8.000000000000000000e+00 2.700000000000000000e+01 6.300000000000000000e+01 0.000000000000000000e+00 1.600000000000000089e+00 -1.231000000000000106e-03 -3.046999999999999795e-03 9.999949999999999672e-01 -2.761799999999999811e-01 9.611020000000000119e-01 2.588000000000000023e-03 -9.611049999999999871e-01 -2.761750000000000038e-01 -2.024999999999999890e-03
1.100000000000000000e+01 2.700000000000000000e+01 6.300000000000000000e+01 0.000000000000000000e+00 1.600000000000000089e+00 2.339999999999999958e-04 1.520000000000000084e-04 1.000000000000000000e+00 -2.714039999999999786e-01 9.624650000000000150e-01 -8.299999999999999815e-05 -9.624650000000000150e-01 -2.714039999999999786e-01 2.669999999999999847e-04
1.800000000000000000e+01 2.700000000000000000e+01 6.300000000000000000e+01 0.000000000000000000e+00 1.600000000000000089e+00 2.259999999999999856e-03 6.702999999999999757e-03 9.999749999999999472e-01 -2.728809999999999847e-01 9.620300000000000518e-01 -5.832000000000000378e-03 -9.620450000000000390e-01 -2.728610000000000202e-01 4.002999999999999614e-03
2.500000000000000000e+01 2.700000000000000000e+01 6.300000000000000000e+01 0.000000000000000000e+00 1.600000000000000089e+00 1.759999999999999954e-04 -1.304000000000000038e-03 9.999989999999999712e-01 -2.793700000000000072e-01 9.601830000000000087e-01 1.301000000000000073e-03 -9.601840000000000375e-01 -2.793700000000000072e-01 -1.959999999999999937e-04
8.000000000000000000e+00 2.600000000000000000e+01 6.400000000000000000e+01 0.000000000000000000e+00 1.600000000000000089e+00 -2.138999999999999842e-03 -2.879000000000000049e-03 9.999940000000000495e-01 -3.567259999999999875e-01 9.342070000000000096e-01 1.925999999999999978e-03 -9.342070000000000096e-01 -3.567199999999999815e-01 -3.024999999999999911e-03
1.200000000000000000e+01 2.600000000000000000e+01 6.400000000000000000e+01 0.000000000000000000e+00 1.600000000000000089e+00 2.979999999999999793e-04 -1.051999999999999984e-03 9.999989999999999712e-01 -3.528180000000000205e-01 9.356919999999999682e-01 1.090000000000000040e-03 -9.356919999999999682e-01 -3.528180000000000205e-01 -9.299999999999999727e-05
1.900000000000000000e+01 2.600000000000000000e+01 6.400000000000000000e+01 0.000000000000000000e+00 1.600000000000000089e+00 1.628000000000000107e-03 8.595999999999999475e-03 9.999620000000000175e-01 -3.590090000000000225e-01 9.333040000000000225e-01 -7.438000000000000167e-03 -9.333329999999999682e-01 -3.589829999999999965e-01 4.604999999999999719e-03
2.500000000000000000e+01 2.600000000000000000e+01 6.400000000000000000e+01 0.000000000000000000e+00 1.600000000000000089e+00 -5.899999999999999754e-05 -1.054999999999999948e-03 9.999989999999999712e-01 -3.645709999999999784e-01 9.311749999999999750e-01 9.600000000000000243e-04 -9.311760000000000037e-01 -3.645700000000000052e-01 -4.400000000000000157e-04
2.100000000000000000e+01 7.300000000000000000e+01 6.400000000000000000e+01 0.000000000000000000e+00 1.600000000000000089e+00 -9.697369999999999601e-01 1.568229999999999902e-01 -1.871259999999999868e-01 -1.486379999999999924e-01 -9.872429999999999817e-01 -5.708300000000000179e-02 -1.936910000000000021e-01 -2.754200000000000051e-02 9.806759999999999922e-01
4.000000000000000000e+00 8.200000000000000000e+01 7.000000000000000000e+01 0.000000000000000000e+00 1.600000000000000089e+00 7.163509999999999600e-01 -4.765659999999999896e-01 5.096330000000000027e-01 -5.501219999999999999e-01 -8.350499999999999590e-01 -7.607000000000000046e-03 4.291940000000000199e-01 -2.749110000000000165e-01 -8.603579999999999561e-01
3.000000000000000000e+00 7.100000000000000000e+01 7.200000000000000000e+01 0.000000000000000000e+00 1.600000000000000089e+00 3.754930000000000212e-01 -1.178659999999999985e-01 -9.193000000000000060e-01 9.237049999999999983e-01 1.289059999999999928e-01 3.607650000000000023e-01 7.598100000000000687e-02 -9.846270000000000300e-01 1.572770000000000001e-01
1.800000000000000000e+01 8.100000000000000000e+01 7.200000000000000000e+01 0.000000000000000000e+00 1.600000000000000089e+00 -6.798769999999999536e-01 -2.337660000000000016e-01 -6.950690000000000479e-01 -7.096639999999999615e-01 -2.910199999999999940e-02 7.039389999999999814e-01 -1.847850000000000048e-01 9.718569999999999709e-01 -1.461089999999999889e-01
2.000000000000000000e+00 2.500000000000000000e+01 7.300000000000000000e+01 0.000000000000000000e+00 1.600000000000000089e+00 -6.359999999999999551e-04 2.431000000000000001e-03 9.999970000000000248e-01 7.401600000000000401e-01 -6.724269999999999969e-01 2.105000000000000100e-03 6.724299999999999722e-01 7.401590000000000114e-01 -1.371999999999999956e-03
9.000000000000000000e+00 2.500000000000000000e+01 7.300000000000000000e+01 0.000000000000000000e+00 1.600000000000000089e+00 -1.606000000000000006e-03 -7.184000000000000281e-03 9.999730000000000008e-01 7.388449999999999740e-01 -6.738659999999999650e-01 -3.654999999999999829e-03 6.738739999999999730e-01 7.388190000000000035e-01 6.390999999999999980e-03
