2.300000000000000000e+01 2.500000000000000000e+01 1.000000000000000000e+00 0.000000000000000000e+00 1.600000000000000089e+00 -1.549000000000000030e-03 3.989999999999999949e-04 -9.999989999999999712e-01 -5.227500000000000480e-01 -8.524859999999999660e-01 4.699999999999999859e-04 -8.524850000000000483e-01 5.227500000000000480e-01 1.528999999999999977e-03
5.000000000000000000e+00 1.500000000000000000e+01 4.000000000000000000e+00 0.000000000000000000e+00 1.600000000000000089e+00 -2.359999999999999902e-04 6.471000000000000189e-03 9.999789999999999512e-01 3.150009999999999755e-01 -9.490709999999999980e-01 6.216000000000000171e-03 9.490910000000000180e-01 3.149959999999999982e-01 -1.814000000000000074e-03
1.200000000000000000e+01 1.500000000000000000e+01 4.000000000000000000e+00 0.000000000000000000e+00 1.600000000000000089e+00 -1.240000000000000000e-03 -7.636999999999999691e-03 9.999700000000000255e-01 3.136289999999999911e-01 -9.495209999999999484e-01 -6.863000000000000177e-03 9.495449999999999724e-01 3.136109999999999731e-01 3.572999999999999787e-03
1.400000000000000000e+01 1.500000000000000000e+01 4.000000000000000000e+00 0.000000000000000000e+00 1.600000000000000089e+00 9.319999999999999942e-04 -4.303999999999999666e-03 9.999900000000000455e-01 3.143070000000000030e-01 -9.493110000000000159e-01 -4.379000000000000080e-03 9.493209999999999704e-01 3.143079999999999763e-01 4.679999999999999915e-04
1.800000000000000000e+01 1.500000000000000000e+01 4.000000000000000000e+00 0.000000000000000000e+00 1.600000000000000089e+00 3.661999999999999891e-03 4.687000000000000194e-03 9.999820000000000375e-01 3.144159999999999733e-01 -9.492800000000000127e-01 3.298000000000000150e-03 9.492779999999999552e-01 3.143980000000000108e-01 -4.950000000000000407e-03
2.300000000000000000e+01 1.500000000000000000e+01 4.000000000000000000e+00 0.000000000000000000e+00 1.600000000000000089e+00 2.821999999999999856e-03 -3.703000000000000128e-03 9.999890000000000168e-01 3.176140000000000074e-01 -9.482099999999999973e-01 -4.407999999999999592e-03 9.482159999999999478e-01 3.176229999999999887e-01 -1.498999999999999898e-03
2.700000000000000000e+01 1.500000000000000000e+01 4.000000000000000000e+00 0.000000000000000000e+00 1.600000000000000089e+00 3.344000000000000184e-03 -4.462999999999999953e-03 9.999839999999999840e-01 3.199420000000000042e-01 -9.474219999999999864e-01 -5.298999999999999891e-03 9.474310000000000231e-01 3.199549999999999894e-01 -1.740000000000000010e-03
1.900000000000000000e+01 4.000000000000000000e+00 5.000000000000000000e+00 0.000000000000000000e+00 1.600000000000000089e+00 -8.533000000000000654e-03 -2.060800000000000132e-02 9.997509999999999453e-01 2.224299999999999888e-01 -9.747789999999999511e-01 -1.819499999999999937e-02 9.749109999999999721e-01 2.222189999999999999e-01 1.290200000000000027e-02
4.000000000000000000e+00 1.010000000000000000e+02 7.000000000000000000e+00 0.000000000000000000e+00 1.600000000000000089e+00 1.185999999999999988e-03 2.673000000000000029e-03 9.999959999999999960e-01 8.858709999999999640e-01 4.639249999999999763e-01 -2.291000000000000068e-03 -4.639289999999999803e-01 8.858700000000000463e-01 -1.817999999999999955e-03
8.000000000000000000e+00 1.010000000000000000e+02 7.000000000000000000e+00 0.000000000000000000e+00 1.600000000000000089e+00 3.579999999999999849e-03 8.791999999999999468e-03 9.999550000000000383e-01 8.876969999999999583e-01 4.603720000000000034e-01 -7.225999999999999784e-03 -4.604150000000000187e-01 8.876829999999999998e-01 -6.156000000000000014e-03
1.200000000000000000e+01 1.010000000000000000e+02 7.000000000000000000e+00 0.000000000000000000e+00 1.600000000000000089e+00 7.759999999999999971e-04 -7.342999999999999701e-03 9.999730000000000008e-01 8.890599999999999614e-01 4.577820000000000222e-01 2.671999999999999896e-03 -4.577890000000000015e-01 8.890339999999999909e-01 6.884000000000000362e-03
1.500000000000000000e+01 1.010000000000000000e+02 7.000000000000000000e+00 0.000000000000000000e+00 1.600000000000000089e+00 -9.340000000000000429e-04 -1.027299999999999915e-02 9.999470000000000303e-01 8.898859999999999548e-01 4.561490000000000267e-01 5.517000000000000202e-03 -4.561819999999999764e-01 8.898439999999999683e-01 8.715000000000000524e-03
4.000000000000000000e+00 2.500000000000000000e+01 8.000000000000000000e+00 0.000000000000000000e+00 1.600000000000000089e+00 -1.245000000000000013e-03 -4.659999999999999971e-04 -9.999989999999999712e-01 4.488840000000000052e-01 8.935889999999999667e-01 -9.749999999999999552e-04 8.935889999999999667e-01 -4.488849999999999785e-01 -9.039999999999999642e-04
1.300000000000000000e+01 2.500000000000000000e+01 8.000000000000000000e+00 0.000000000000000000e+00 1.600000000000000089e+00 -1.440000000000000036e-04 -4.093000000000000284e-03 -9.999919999999999920e-01 4.490359999999999907e-01 8.935060000000000224e-01 -3.722000000000000048e-03 8.935140000000000304e-01 -4.490330000000000155e-01 1.709000000000000016e-03
1.700000000000000000e+01 2.500000000000000000e+01 8.000000000000000000e+00 0.000000000000000000e+00 1.600000000000000089e+00 5.980000000000000072e-04 -4.590000000000000330e-03 -9.999890000000000168e-01 4.493289999999999784e-01 8.933579999999999854e-01 -3.831999999999999903e-03 8.933659999999999934e-01 -4.493219999999999992e-01 2.596999999999999916e-03
2.100000000000000000e+01 2.500000000000000000e+01 8.000000000000000000e+00 0.000000000000000000e+00 1.600000000000000089e+00 1.884000000000000041e-03 2.991000000000000169e-03 -9.999940000000000495e-01 4.490450000000000275e-01 8.935020000000000184e-01 3.518999999999999993e-03 8.935070000000000512e-01 -4.490489999999999760e-01 3.400000000000000244e-04
2.700000000000000000e+01 2.500000000000000000e+01 8.000000000000000000e+00 0.000000000000000000e+00 1.600000000000000089e+00 5.810000000000000277e-04 -1.897000000000000032e-03 -9.999980000000000535e-01 4.481220000000000203e-01 8.939709999999999601e-01 -1.435999999999999993e-03 8.939719999999999889e-01 -4.481200000000000183e-01 1.369999999999999907e-03
5.000000000000000000e+00 2.400000000000000000e+01 9.000000000000000000e+00 0.000000000000000000e+00 1.600000000000000089e+00 -1.229000000000000058e-03 3.549000000000000071e-03 -9.999930000000000208e-01 4.546510000000000273e-01 8.906659999999999577e-01 2.602999999999999845e-03 8.906690000000000440e-01 -4.546450000000000213e-01 -2.707999999999999904e-03
1.300000000000000000e+01 2.400000000000000000e+01 9.000000000000000000e+00 0.000000000000000000e+00 1.600000000000000089e+00 3.399999999999999973e-05 -4.433000000000000308e-03 -9.999900000000000455e-01 4.534869999999999735e-01 8.912539999999999907e-01 -3.935000000000000130e-03 8.912630000000000274e-01 -4.534819999999999962e-01 2.040000000000000147e-03
2.100000000000000000e+01 2.400000000000000000e+01 9.000000000000000000e+00 0.000000000000000000e+00 1.600000000000000089e+00 1.887000000000000005e-03 5.015999999999999626e-03 -9.999860000000000415e-01 4.535319999999999907e-01 8.912240000000000162e-01 5.326000000000000005e-03 8.912379999999999747e-01 -4.535350000000000215e-01 -5.929999999999999941e-04
2.700000000000000000e+01 2.400000000000000000e+01 9.000000000000000000e+00 0.000000000000000000e+00 1.600000000000000089e+00 4.339999999999999782e-04 -1.531999999999999942e-03 -9.999989999999999712e-01 4.530859999999999888e-01 8.914659999999999807e-01 -1.168999999999999900e-03 8.914670000000000094e-01 -4.530850000000000155e-01 1.080999999999999930e-03
3.000000000000000000e+00 3.100000000000000000e+01 1.200000000000000000e+01 0.000000000000000000e+00 1.600000000000000089e+00 1.168999999999999900e-03 1.766999999999999908e-03 9.999980000000000535e-01 -1.499999999999999869e-04 9.999980000000000535e-01 -1.765999999999999992e-03 -9.999989999999999712e-01 -1.479999999999999925e-04 1.170000000000000033e-03
1.600000000000000000e+01 3.100000000000000000e+01 1.200000000000000000e+01 0.000000000000000000e+00 1.600000000000000089e+00 -1.497999999999999983e-03 -4.923000000000000292e-03 9.999869999999999592e-01 -2.586999999999999890e-03 9.999850000000000128e-01 4.918999999999999762e-03 -9.999959999999999960e-01 -2.579999999999999828e-03 -1.510000000000000057e-03
1.900000000000000000e+01 3.100000000000000000e+01 1.200000000000000000e+01 0.000000000000000000e+00 1.600000000000000089e+00 -1.116000000000000021e-03 -2.723999999999999859e-03 9.999959999999999960e-01 6.999999999999999387e-05 9.999959999999999960e-01 2.723999999999999859e-03 -9.999989999999999712e-01 7.299999999999999903e-05 -1.116000000000000021e-03
2.200000000000000000e+01 3.100000000000000000e+01 1.200000000000000000e+01 0.000000000000000000e+00 1.600000000000000089e+00 -4.510000000000000120e-04 -2.229999999999999994e-04 1.000000000000000000e+00 1.750000000000000036e-03 9.999980000000000535e-01 2.239999999999999966e-04 -9.999980000000000535e-01 1.750000000000000036e-03 -4.499999999999999877e-04
2.600000000000000000e+01 3.100000000000000000e+01 1.200000000000000000e+01 0.000000000000000000e+00 1.600000000000000089e+00 2.057999999999999934e-03 4.513999999999999783e-03 9.999879999999999880e-01 3.054999999999999990e-03 9.999850000000000128e-01 -4.519999999999999712e-03 -9.999930000000000208e-01 3.065000000000000016e-03 2.043999999999999810e-03
8.000000000000000000e+00 3.200000000000000000e+01 1.400000000000000000e+01 0.000000000000000000e+00 1.600000000000000089e+00 1.399999999999999877e-04 4.301000000000000136e-03 -9.999909999999999632e-01 1.063130000000000047e-01 9.943229999999999569e-01 4.290999999999999676e-03 9.943330000000000224e-01 -1.063130000000000047e-01 -3.179999999999999776e-04
3.000000000000000000e+00 1.160000000000000000e+02 1.600000000000000000e+01 0.000000000000000000e+00 1.600000000000000089e+00 1.219999999999999947e-03 7.489999999999999913e-04 9.999989999999999712e-01 7.030359999999999943e-01 7.111530000000000351e-01 -1.391000000000000092e-03 -7.111530000000000351e-01 7.030370000000000230e-01 3.409999999999999945e-04
3.000000000000000000e+01 1.160000000000000000e+02 1.600000000000000000e+01 0.000000000000000000e+00 1.600000000000000089e+00 4.690000000000000158e-04 -8.580000000000000387e-04 1.000000000000000000e+00 6.564919999999999645e-01 7.543330000000000313e-01 3.400000000000000244e-04 -7.543330000000000313e-01 6.564910000000000467e-01 9.169999999999999549e-04
1.000000000000000000e+00 2.000000000000000000e+00 1.900000000000000000e+01 0.000000000000000000e+00 1.600000000000000089e+00 -2.279999999999999909e-03 -6.414999999999999696e-03 -9.999770000000000048e-01 1.861200000000000077e-01 -9.825089999999999657e-01 5.878999999999999677e-03 -9.825239999999999529e-01 -1.861019999999999897e-01 3.433999999999999986e-03
5.000000000000000000e+00 2.000000000000000000e+00 1.900000000000000000e+01 0.000000000000000000e+00 1.600000000000000089e+00 1.926999999999999894e-03 -8.840000000000000201e-04 -9.999980000000000535e-01 1.902310000000000112e-01 -9.817390000000000283e-01 1.234000000000000071e-03 -9.817369999999999708e-01 -1.902330000000000132e-01 -1.724000000000000055e-03
9.000000000000000000e+00 2.000000000000000000e+00 1.900000000000000000e+01 0.000000000000000000e+00 1.600000000000000089e+00 -7.849999999999999990e-04 -1.335999999999999948e-03 -9.999989999999999712e-01 1.927109999999999934e-01 -9.812549999999999883e-01 1.159000000000000091e-03 -9.812549999999999883e-01 -1.927099999999999924e-01 1.028000000000000051e-03
1.500000000000000000e+01 2.000000000000000000e+00 1.900000000000000000e+01 0.000000000000000000e+00 1.600000000000000089e+00 -1.575000000000000011e-03 -2.714999999999999965e-03 -9.999949999999999672e-01 1.957119999999999971e-01 -9.806589999999999474e-01 2.354999999999999889e-03 -9.806599999999999762e-01 -1.957079999999999931e-01 2.076000000000000154e-03
2.100000000000000000e+01 2.000000000000000000e+00 1.900000000000000000e+01 0.000000000000000000e+00 1.600000000000000089e+00 -1.020999999999999989e-03 -9.048000000000000487e-03 -9.999590000000000423e-01 1.950030000000000097e-01 -9.807639999999999691e-01 8.675000000000000419e-03 -9.808019999999999516e-01 -1.949859999999999927e-01 2.765999999999999796e-03
2.500000000000000000e+01 2.000000000000000000e+00 1.900000000000000000e+01 0.000000000000000000e+00 1.600000000000000089e+00 -7.799999999999999859e-05 9.970000000000000563e-04 -9.999989999999999712e-01 1.925530000000000019e-01 -9.812859999999999916e-01 -9.929999999999999591e-04 -9.812870000000000203e-01 -1.925530000000000019e-01 -1.150000000000000035e-04
1.100000000000000000e+01 4.000000000000000000e+00 2.000000000000000000e+01 0.000000000000000000e+00 1.600000000000000089e+00 -3.033999999999999805e-03 -2.883999999999999845e-03 -9.999909999999999632e-01 3.068429999999999769e-01 -9.517579999999999929e-01 1.814000000000000074e-03 -9.517550000000000177e-01 -3.068350000000000244e-01 3.772999999999999878e-03
1.800000000000000000e+01 4.000000000000000000e+00 2.000000000000000000e+01 0.000000000000000000e+00 1.600000000000000089e+00 -4.020000000000000136e-04 -5.457000000000000045e-03 -9.999850000000000128e-01 3.063230000000000119e-01 -9.519140000000000379e-01 5.072000000000000119e-03 -9.519279999999999964e-01 -3.063159999999999772e-01 2.053999999999999836e-03
1.000000000000000000e+00 1.300000000000000000e+01 2.000000000000000000e+01 0.000000000000000000e+00 1.600000000000000089e+00 5.389999999999999826e-04 -4.530000000000000064e-04 1.000000000000000000e+00 2.603829999999999756e-01 9.655049999999999466e-01 2.970000000000000092e-04 -9.655049999999999466e-01 2.603829999999999756e-01 6.390000000000000280e-04
6.000000000000000000e+00 1.300000000000000000e+01 2.000000000000000000e+01 0.000000000000000000e+00 1.600000000000000089e+00 2.860000000000000129e-04 5.839999999999999922e-04 1.000000000000000000e+00 2.595210000000000017e-01 9.657369999999999566e-01 -6.380000000000000037e-04 -9.657369999999999566e-01 2.595210000000000017e-01 1.250000000000000026e-04
1.100000000000000000e+01 1.300000000000000000e+01 2.000000000000000000e+01 0.000000000000000000e+00 1.600000000000000089e+00 2.759999999999999867e-04 -1.407000000000000048e-03 9.999989999999999712e-01 2.583770000000000233e-01 9.660429999999999851e-01 1.288000000000000082e-03 -9.660440000000000138e-01 2.583759999999999946e-01 6.310000000000000504e-04
1.400000000000000000e+01 1.300000000000000000e+01 2.000000000000000000e+01 0.000000000000000000e+00 1.600000000000000089e+00 -9.740000000000000394e-04 7.479999999999999670e-04 9.999989999999999712e-01 2.577269999999999839e-01 9.662180000000000213e-01 -4.719999999999999803e-04 -9.662169999999999925e-01 2.577260000000000106e-01 -1.134000000000000025e-03
2.800000000000000000e+01 1.300000000000000000e+01 2.000000000000000000e+01 0.000000000000000000e+00 1.600000000000000089e+00 -1.229000000000000058e-03 -2.857000000000000164e-03 9.999949999999999672e-01 2.573190000000000199e-01 9.663220000000000143e-01 3.076999999999999874e-03 -9.663260000000000183e-01 2.573219999999999952e-01 -4.519999999999999821e-04
3.000000000000000000e+00 3.000000000000000000e+00 2.500000000000000000e+01 0.000000000000000000e+00 1.600000000000000089e+00 5.339999999999999695e-04 -1.162000000000000055e-03 9.999989999999999712e-01 -5.916500000000000231e-02 -9.982480000000000242e-01 -1.128000000000000096e-03 9.982480000000000242e-01 -5.916500000000000231e-02 -6.019999999999999961e-04
1.100000000000000000e+01 3.000000000000000000e+00 2.500000000000000000e+01 0.000000000000000000e+00 1.600000000000000089e+00 -3.000000000000000076e-05 -2.168999999999999921e-03 9.999980000000000535e-01 -6.919400000000000550e-02 -9.976009999999999600e-01 -2.165999999999999957e-03 9.976030000000000175e-01 -6.919400000000000550e-02 -1.200000000000000030e-04
1.700000000000000000e+01 3.000000000000000000e+00 2.500000000000000000e+01 0.000000000000000000e+00 1.600000000000000089e+00 -4.341000000000000240e-03 -8.144000000000000197e-03 9.999569999999999848e-01 -6.634199999999999819e-02 -9.977610000000000090e-01 -8.413999999999999604e-03 9.977880000000000082e-01 -6.637500000000000344e-02 3.791000000000000099e-03
2.000000000000000000e+01 3.000000000000000000e+00 2.500000000000000000e+01 0.000000000000000000e+00 1.600000000000000089e+00 -2.935999999999999808e-03 -7.710999999999999972e-03 9.999660000000000215e-01 -6.827600000000000335e-02 -9.976350000000000495e-01 -7.893000000000000710e-03 9.976620000000000488e-01 -6.829599999999999560e-02 2.402000000000000055e-03
2.300000000000000000e+01 3.000000000000000000e+00 2.500000000000000000e+01 0.000000000000000000e+00 1.600000000000000089e+00 1.981000000000000122e-03 -4.564999999999999614e-03 9.999879999999999880e-01 -7.414600000000000357e-02 -9.972379999999999578e-01 -4.405000000000000061e-03 9.972450000000000481e-01 -7.413699999999999457e-02 -2.314000000000000085e-03
2.000000000000000000e+00 4.600000000000000000e+01 2.700000000000000000e+01 0.000000000000000000e+00 1.600000000000000089e+00 1.436999999999999909e-03 -4.290000000000000193e-04 -9.999989999999999712e-01 6.760659999999999448e-01 7.368409999999999682e-01 6.549999999999999833e-04 7.368400000000000505e-01 -6.760659999999999448e-01 1.348999999999999939e-03
6.000000000000000000e+00 4.600000000000000000e+01 2.700000000000000000e+01 0.000000000000000000e+00 1.600000000000000089e+00 1.302999999999999905e-03 -5.289999999999999564e-04 -9.999989999999999712e-01 6.779979999999999896e-01 7.350630000000000219e-01 4.939999999999999730e-04 7.350619999999999932e-01 -6.779979999999999896e-01 1.317000000000000028e-03
4.000000000000000000e+00 5.800000000000000000e+01 3.100000000000000000e+01 0.000000000000000000e+00 1.600000000000000089e+00 -2.190999999999999805e-03 -6.700000000000000226e-05 9.999980000000000535e-01 -8.085520000000000485e-01 -5.884230000000000294e-01 -1.810999999999999893e-03 5.884209999999999718e-01 -8.085539999999999949e-01 1.234999999999999987e-03
1.100000000000000000e+01 5.800000000000000000e+01 3.100000000000000000e+01 0.000000000000000000e+00 1.600000000000000089e+00 -6.319999999999999663e-04 1.427000000000000100e-03 9.999989999999999712e-01 -8.120159999999999600e-01 -5.836360000000000436e-01 3.190000000000000019e-04 5.836350000000000149e-01 -8.120140000000000136e-01 1.526999999999999929e-03
2.000000000000000000e+01 5.800000000000000000e+01 3.100000000000000000e+01 0.000000000000000000e+00 1.600000000000000089e+00 -1.358999999999999965e-03 2.331000000000000173e-03 9.999959999999999960e-01 -8.070270000000000499e-01 -5.905150000000000121e-01 2.799999999999999755e-04 5.905129999999999546e-01 -8.070230000000000459e-01 2.683000000000000055e-03
2.400000000000000000e+01 5.800000000000000000e+01 3.100000000000000000e+01 0.000000000000000000e+00 1.600000000000000089e+00 -2.978999999999999877e-03 7.280000000000000230e-04 9.999949999999999672e-01 -8.065959999999999797e-01 -5.910999999999999588e-01 -1.971999999999999795e-03 5.910959999999999548e-01 -8.065980000000000372e-01 2.347999999999999827e-03
2.000000000000000000e+00 4.600000000000000000e+01 3.500000000000000000e+01 0.000000000000000000e+00 1.600000000000000089e+00 8.959999999999999866e-04 1.817000000000000039e-03 -9.999980000000000535e-01 3.918209999999999749e-01 -9.200409999999999977e-01 -1.320999999999999909e-03 -9.200409999999999977e-01 -3.918189999999999729e-01 -1.536000000000000039e-03
5.000000000000000000e+00 4.600000000000000000e+01 3.500000000000000000e+01 0.000000000000000000e+00 1.600000000000000089e+00 -3.950000000000000061e-04 -1.443999999999999971e-03 -9.999989999999999712e-01 3.919969999999999843e-01 -9.199659999999999505e-01 1.172999999999999998e-03 -9.199659999999999505e-01 -3.919960000000000111e-01 9.290000000000000297e-04
1.100000000000000000e+01 4.600000000000000000e+01 3.500000000000000000e+01 0.000000000000000000e+00 1.600000000000000089e+00 5.990000000000000316e-04 -6.930000000000000396e-04 -1.000000000000000000e+00 3.915669999999999984e-01 -9.201489999999999947e-01 8.720000000000000537e-04 -9.201489999999999947e-01 -3.915669999999999984e-01 -2.799999999999999755e-04
1.700000000000000000e+01 4.600000000000000000e+01 3.500000000000000000e+01 0.000000000000000000e+00 1.600000000000000089e+00 -6.310000000000000504e-04 -5.624999999999999792e-03 -9.999839999999999840e-01 3.926660000000000150e-01 -9.196680000000000410e-01 4.925999999999999823e-03 -9.196809999999999707e-01 -3.926569999999999783e-01 2.788999999999999813e-03
2.100000000000000000e+01 4.600000000000000000e+01 3.500000000000000000e+01 0.000000000000000000e+00 1.600000000000000089e+00 -2.880000000000000073e-04 9.179999999999999792e-04 -1.000000000000000000e+00 3.928010000000000113e-01 -9.196229999999999682e-01 -9.569999999999999514e-04 -9.196229999999999682e-01 -3.928010000000000113e-01 -9.600000000000000243e-05
2.500000000000000000e+01 4.600000000000000000e+01 3.500000000000000000e+01 0.000000000000000000e+00 1.600000000000000089e+00 -8.799999999999999771e-05 4.576000000000000206e-03 -9.999900000000000455e-01 3.911149999999999904e-01 -9.203320000000000389e-01 -4.245999999999999774e-03 -9.203419999999999934e-01 -3.911109999999999864e-01 -1.708000000000000100e-03
6.000000000000000000e+00 9.500000000000000000e+01 3.600000000000000000e+01 0.000000000000000000e+00 1.600000000000000089e+00 2.165999999999999957e-03 -2.044199999999999837e-02 9.997890000000000388e-01 9.969719999999999693e-01 7.775400000000000367e-02 -5.699999999999999772e-04 -7.772600000000000342e-02 9.967629999999999546e-01 2.054900000000000129e-02
2.000000000000000000e+00 2.900000000000000000e+01 4.400000000000000000e+01 0.000000000000000000e+00 1.600000000000000089e+00 -4.180000000000000230e-04 -3.756999999999999923e-03 -9.999930000000000208e-01 6.684379999999999766e-01 7.437610000000000054e-01 -3.073999999999999910e-03 7.437679999999999847e-01 -6.684350000000000014e-01 2.200999999999999832e-03
8.000000000000000000e+00 2.900000000000000000e+01 4.400000000000000000e+01 0.000000000000000000e+00 1.600000000000000089e+00 -9.430000000000000448e-04 -5.086000000000000243e-03 -9.999869999999999592e-01 6.665339999999999598e-01 7.454610000000000403e-01 -4.420000000000000318e-03 7.454739999999999700e-01 -6.665299999999999558e-01 2.687000000000000152e-03
1.100000000000000000e+01 2.900000000000000000e+01 4.400000000000000000e+01 0.000000000000000000e+00 1.600000000000000089e+00 -2.730000000000000222e-04 -5.278999999999999838e-03 -9.999860000000000415e-01 6.646980000000000111e-01 7.471010000000000151e-01 -4.126000000000000327e-03 7.471119999999999983e-01 -6.646900000000000031e-01 3.305000000000000212e-03
1.600000000000000000e+01 2.900000000000000000e+01 4.400000000000000000e+01 0.000000000000000000e+00 1.600000000000000089e+00 1.173999999999999913e-03 1.683000000000000034e-03 -9.999980000000000535e-01 6.566940000000000000e-01 7.541539999999999910e-01 2.040000000000000147e-03 7.541560000000000485e-01 -6.566950000000000287e-01 -2.200000000000000078e-04
2.100000000000000000e+01 2.900000000000000000e+01 4.400000000000000000e+01 0.000000000000000000e+00 1.600000000000000089e+00 5.159999999999999656e-04 -6.419999999999999925e-04 -1.000000000000000000e+00 6.596610000000000529e-01 7.515629999999999811e-01 -1.420000000000000092e-04 7.515629999999999811e-01 -6.596610000000000529e-01 8.120000000000000048e-04
2.500000000000000000e+01 2.900000000000000000e+01 4.400000000000000000e+01 0.000000000000000000e+00 1.600000000000000089e+00 -9.699999999999999963e-05 -8.319999999999999488e-04 -1.000000000000000000e+00 6.628819999999999713e-01 7.487239999999999451e-01 -6.870000000000000022e-04 7.487239999999999451e-01 -6.628819999999999713e-01 4.789999999999999879e-04
2.900000000000000000e+01 2.900000000000000000e+01 4.400000000000000000e+01 0.000000000000000000e+00 1.600000000000000089e+00 2.829999999999999942e-04 2.582999999999999793e-03 -9.999970000000000248e-01 6.608810000000000517e-01 7.504870000000000152e-01 2.125999999999999852e-03 7.504899999999999904e-01 -6.608800000000000230e-01 -1.495000000000000018e-03
4.000000000000000000e+00 5.000000000000000000e+00 5.100000000000000000e+01 0.000000000000000000e+00 1.600000000000000089e+00 6.059999999999999849e-04 -9.449999999999999850e-04 -9.999989999999999712e-01 4.861480000000000246e-01 -8.738759999999999861e-01 1.121000000000000035e-03 -8.738759999999999861e-01 -4.861480000000000246e-01 -6.999999999999999387e-05
9.000000000000000000e+00 5.000000000000000000e+00 5.100000000000000000e+01 0.000000000000000000e+00 1.600000000000000089e+00 -4.299999999999999894e-04 -5.460000000000000443e-04 -1.000000000000000000e+00 4.828580000000000094e-01 -8.756990000000000052e-01 2.709999999999999735e-04 -8.756979999999999764e-01 -4.828580000000000094e-01 6.400000000000000524e-04
1.700000000000000000e+01 5.000000000000000000e+00 5.100000000000000000e+01 0.000000000000000000e+00 1.600000000000000089e+00 -1.381000000000000066e-03 -4.330999999999999781e-03 -9.999900000000000455e-01 4.904470000000000218e-01 -8.714659999999999629e-01 3.096999999999999927e-03 -8.714699999999999669e-01 -4.904379999999999851e-01 3.327000000000000096e-03
2.400000000000000000e+01 5.000000000000000000e+00 5.100000000000000000e+01 0.000000000000000000e+00 1.600000000000000089e+00 -1.521000000000000000e-03 -6.274000000000000063e-03 -9.999789999999999512e-01 4.956749999999999767e-01 -8.684950000000000170e-01 4.695000000000000388e-03 -8.685070000000000290e-01 -4.956579999999999875e-01 4.429999999999999910e-03
2.800000000000000000e+01 5.000000000000000000e+00 5.100000000000000000e+01 0.000000000000000000e+00 1.600000000000000089e+00 2.047999999999999907e-03 -2.680000000000000090e-03 -9.999940000000000495e-01 4.948380000000000001e-01 -8.689789999999999459e-01 3.343000000000000051e-03 -8.689829999999999499e-01 -4.948420000000000041e-01 -4.530000000000000064e-04
2.000000000000000000e+00 6.300000000000000000e+01 5.400000000000000000e+01 0.000000000000000000e+00 1.600000000000000089e+00 -7.330000000000000361e-04 -1.513999999999999938e-03 9.999989999999999712e-01 -3.499639999999999973e-01 9.367619999999999836e-01 1.162000000000000055e-03 -9.367630000000000123e-01 -3.499630000000000241e-01 -1.216999999999999983e-03
7.000000000000000000e+00 6.300000000000000000e+01 5.400000000000000000e+01 0.000000000000000000e+00 1.600000000000000089e+00 -4.449999999999999746e-04 1.471000000000000085e-03 9.999989999999999712e-01 -3.489559999999999884e-01 9.371380000000000265e-01 -1.533999999999999990e-03 -9.371390000000000553e-01 -3.489559999999999884e-01 9.600000000000000243e-05
1.600000000000000000e+01 6.300000000000000000e+01 5.400000000000000000e+01 0.000000000000000000e+00 1.600000000000000089e+00 1.677000000000000105e-03 4.508999999999999987e-03 9.999879999999999880e-01 -3.544240000000000168e-01 9.350779999999999648e-01 -3.621999999999999786e-03 -9.350829999999999975e-01 -3.544140000000000068e-01 3.167000000000000110e-03
2.400000000000000000e+01 2.500000000000000000e+01 5.500000000000000000e+01 0.000000000000000000e+00 1.600000000000000089e+00 2.873000000000000120e-03 -8.090000000000000403e-04 -9.999959999999999960e-01 -1.430999999999999980e-02 -9.998970000000000358e-01 7.680000000000000195e-04 -9.998930000000000318e-01 1.430799999999999954e-02 -2.884999999999999978e-03
4.000000000000000000e+00 2.000000000000000000e+01 6.000000000000000000e+01 0.000000000000000000e+00 1.600000000000000089e+00 9.601000000000000159e-03 -1.574100000000000152e-02 9.998299999999999965e-01 -6.110000000000000153e-02 9.979989999999999695e-01 1.629900000000000099e-02 -9.980850000000000000e-01 -6.124600000000000183e-02 8.619999999999999191e-03
1.300000000000000000e+01 2.000000000000000000e+01 6.000000000000000000e+01 0.000000000000000000e+00 1.600000000000000089e+00 -5.863000000000000156e-03 1.248999999999999893e-03 9.999820000000000375e-01 -4.900600000000000095e-02 9.987970000000000459e-01 -1.534999999999999906e-03 -9.987810000000000299e-01 -4.901400000000000201e-02 -5.794999999999999804e-03
1.800000000000000000e+01 2.100000000000000000e+01 6.000000000000000000e+01 0.000000000000000000e+00 1.600000000000000089e+00 -5.714000000000000329e-03 5.075999999999999783e-03 9.999710000000000543e-01 -9.500599999999999323e-02 9.954610000000000403e-01 -5.596000000000000280e-03 -9.954600000000000115e-01 -9.503499999999999448e-02 -5.205999999999999690e-03
2.400000000000000000e+01 2.100000000000000000e+01 6.000000000000000000e+01 0.000000000000000000e+00 1.600000000000000089e+00 2.968999999999999851e-03 1.137999999999999906e-03 9.999949999999999672e-01 -9.691099999999999715e-02 9.952929999999999833e-01 -8.450000000000000479e-04 -9.952889999999999793e-01 -9.690799999999999415e-02 3.065000000000000016e-03
2.900000000000000000e+01 2.100000000000000000e+01 6.000000000000000000e+01 0.000000000000000000e+00 1.600000000000000089e+00 -6.924999999999999732e-03 -6.387000000000000316e-03 9.999559999999999560e-01 -9.649499999999999744e-02 9.953170000000000073e-01 5.689999999999999745e-03 -9.953089999999999993e-01 -9.645099999999999507e-02 -7.509000000000000050e-03
4.000000000000000000e+00 3.000000000000000000e+00 6.300000000000000000e+01 0.000000000000000000e+00 1.600000000000000089e+00 1.629000000000000023e-03 -3.020000000000000115e-03 9.999940000000000495e-01 -6.158479999999999510e-01 7.878570000000000295e-01 3.382000000000000024e-03 -7.878629999999999800e-01 -6.158500000000000085e-01 -5.760000000000000146e-04
8.000000000000000000e+00 2.700000000000000000e+01 6.300000000000000000e+01 0.000000000000000000e+00 1.600000000000000089e+00 6.050999999999999955e-03 1.191999999999999917e-03 9.999810000000000088e-01 -2.846020000000000216e-01 9.586459999999999981e-01 5.800000000000000034e-04 -9.586270000000000069e-01 -2.846000000000000196e-01 6.139999999999999625e-03
1.100000000000000000e+01 2.700000000000000000e+01 6.300000000000000000e+01 0.000000000000000000e+00 1.600000000000000089e+00 3.510000000000000099e-03 3.285000000000000159e-03 9.999879999999999880e-01 -2.886329999999999729e-01 9.574380000000000113e-01 -2.132000000000000214e-03 -9.574340000000000073e-01 -2.886219999999999897e-01 4.309000000000000330e-03
1.800000000000000000e+01 2.700000000000000000e+01 6.300000000000000000e+01 0.000000000000000000e+00 1.600000000000000089e+00 -5.296999999999999625e-03 1.067000000000000023e-03 9.999850000000000128e-01 -2.703389999999999960e-01 9.627620000000000067e-01 -2.459999999999999947e-03 -9.627510000000000234e-01 -2.703479999999999772e-01 -4.812000000000000305e-03
2.200000000000000000e+01 2.700000000000000000e+01 6.300000000000000000e+01 0.000000000000000000e+00 1.600000000000000089e+00 2.003000000000000006e-03 1.958999999999999804e-03 9.999959999999999960e-01 -2.681160000000000210e-01 9.633859999999999646e-01 -1.350000000000000071e-03 -9.633850000000000469e-01 -2.681120000000000170e-01 2.455000000000000151e-03
2.700000000000000000e+01 2.700000000000000000e+01 6.300000000000000000e+01 0.000000000000000000e+00 1.600000000000000089e+00 -1.640000000000000019e-04 4.310000000000000137e-04 1.000000000000000000e+00 -2.683059999999999889e-01 9.633340000000000236e-01 -4.589999999999999896e-04 -9.633340000000000236e-01 -2.683059999999999889e-01 -4.199999999999999768e-05
1.100000000000000000e+01 2.600000000000000000e+01 6.400000000000000000e+01 0.000000000000000000e+00 1.600000000000000089e+00 5.559999999999999838e-03 8.245999999999999858e-03 9.999510000000000343e-01 -3.780029999999999779e-01 9.257880000000000553e-01 -5.532999999999999724e-03 -9.257880000000000553e-01 -3.779529999999999834e-01 8.264999999999999777e-03
2.100000000000000000e+01 2.600000000000000000e+01 6.400000000000000000e+01 0.000000000000000000e+00 1.600000000000000089e+00 7.640000000000000306e-04 -4.500000000000000283e-05 1.000000000000000000e+00 -3.450409999999999866e-01 9.385879999999999779e-01 3.060000000000000111e-04 -9.385869999999999491e-01 -3.450409999999999866e-01 7.020000000000000415e-04
1.100000000000000000e+01 6.900000000000000000e+01 6.600000000000000000e+01 0.000000000000000000e+00 1.600000000000000089e+00 -3.321000000000000167e-03 3.514000000000000196e-03 9.999879999999999880e-01 -9.499220000000000441e-01 3.124589999999999868e-01 -4.252999999999999836e-03 -3.124700000000000255e-01 -9.499250000000000194e-01 2.301000000000000094e-03
9.000000000000000000e+00 2.500000000000000000e+01 7.300000000000000000e+01 0.000000000000000000e+00 1.600000000000000089e+00 -1.672000000000000092e-03 -4.409999999999999858e-04 9.999989999999999712e-01 7.444460000000000521e-01 -6.676819999999999977e-01 9.499999999999999981e-04 6.676809999999999690e-01 7.444460000000000521e-01 1.443999999999999971e-03
1.300000000000000000e+01 2.500000000000000000e+01 7.300000000000000000e+01 0.000000000000000000e+00 1.600000000000000089e+00 1.230000000000000082e-04 -2.099000000000000171e-03 9.999980000000000535e-01 7.458289999999999642e-01 -6.661359999999999504e-01 -1.490000000000000005e-03 6.661369999999999791e-01 7.458280000000000465e-01 1.484000000000000076e-03
2.900000000000000000e+01 2.500000000000000000e+01 7.300000000000000000e+01 0.000000000000000000e+00 1.600000000000000089e+00 -2.320900000000000046e-02 -1.934999999999999915e-02 9.995429999999999593e-01 7.637760000000000105e-01 -6.454609999999999514e-01 5.238999999999999733e-03 6.450649999999999995e-01 7.635480000000000045e-01 2.976000000000000173e-02
6.000000000000000000e+00 4.400000000000000000e+01 7.300000000000000000e+01 0.000000000000000000e+00 1.600000000000000089e+00 -1.057999999999999913e-03 -1.240999999999999916e-03 9.999989999999999712e-01 5.006599999999999939e-02 -9.987449999999999939e-01 -1.186999999999999904e-03 9.987449999999999939e-01 5.006499999999999839e-02 1.118999999999999986e-03
9.000000000000000000e+00 4.400000000000000000e+01 7.300000000000000000e+01 0.000000000000000000e+00 1.600000000000000089e+00 -3.970000000000000005e-04 -1.077000000000000049e-03 9.999989999999999712e-01 5.008699999999999958e-02 -9.987439999999999651e-01 -1.054999999999999948e-03 9.987449999999999939e-01 5.008599999999999858e-02 4.510000000000000120e-04
1.200000000000000000e+01 4.400000000000000000e+01 7.300000000000000000e+01 0.000000000000000000e+00 1.600000000000000089e+00 -1.459999999999999926e-03 -1.392000000000000008e-03 9.999980000000000535e-01 5.074100000000000138e-02 -9.987110000000000154e-01 -1.315999999999999896e-03 9.987110000000000154e-01 5.073899999999999938e-02 1.528999999999999977e-03
2.000000000000000000e+01 4.400000000000000000e+01 7.300000000000000000e+01 0.000000000000000000e+00 1.600000000000000089e+00 -5.739999999999999660e-04 -2.288999999999999802e-03 9.999970000000000248e-01 5.110499999999999765e-02 -9.986909999999999954e-01 -2.256999999999999892e-03 9.986930000000000529e-01 5.110399999999999665e-02 6.899999999999999667e-04
2.500000000000000000e+01 4.400000000000000000e+01 7.300000000000000000e+01 0.000000000000000000e+00 1.600000000000000089e+00 -1.165999999999999936e-03 -3.379000000000000059e-03 9.999940000000000495e-01 5.118099999999999733e-02 -9.986840000000000162e-01 -3.314000000000000105e-03 9.986890000000000489e-01 5.117599999999999927e-02 1.337999999999999997e-03
2.000000000000000000e+00 2.500000000000000000e+01 7.400000000000000000e+01 0.000000000000000000e+00 1.600000000000000089e+00 1.332999999999999984e-03 2.420000000000000005e-04 9.999989999999999712e-01 8.200410000000000199e-01 -5.723040000000000349e-01 -9.550000000000000112e-04 5.723030000000000062e-01 8.200410000000000199e-01 -9.610000000000000486e-04
1.900000000000000000e+01 2.500000000000000000e+01 7.400000000000000000e+01 0.000000000000000000e+00 1.600000000000000089e+00 1.095499999999999946e-02 1.239299999999999950e-02 9.998629999999999463e-01 8.344639999999999835e-01 -5.510570000000000190e-01 -2.312999999999999952e-03 5.509530000000000260e-01 8.343749999999999778e-01 -1.637800000000000020e-02
2.000000000000000000e+00 9.100000000000000000e+01 7.600000000000000000e+01 0.000000000000000000e+00 1.600000000000000089e+00 -7.700000000000000139e-05 -1.879999999999999890e-04 1.000000000000000000e+00 3.092449999999999921e-01 -9.509819999999999940e-01 -1.550000000000000000e-04 9.509819999999999940e-01 3.092449999999999921e-01 1.320000000000000101e-04
6.000000000000000000e+00 9.100000000000000000e+01 7.600000000000000000e+01 0.000000000000000000e+00 1.600000000000000089e+00 8.120000000000000048e-04 -1.100000000000000039e-04 1.000000000000000000e+00 3.102420000000000178e-01 -9.506569999999999743e-01 -3.559999999999999797e-04 9.506569999999999743e-01 3.102429999999999910e-01 -7.380000000000000492e-04
9.000000000000000000e+00 9.100000000000000000e+01 7.600000000000000000e+01 0.000000000000000000e+00 1.600000000000000089e+00 -8.399999999999999535e-05 -1.224000000000000045e-03 9.999989999999999712e-01 3.159589999999999899e-01 -9.487719999999999487e-01 -1.134999999999999941e-03 9.487729999999999775e-01 3.159580000000000166e-01 4.659999999999999971e-04
1.700000000000000000e+01 9.100000000000000000e+01 7.600000000000000000e+01 0.000000000000000000e+00 1.600000000000000089e+00 -1.498999999999999898e-03 -2.177999999999999815e-03 9.999959999999999960e-01 3.130470000000000197e-01 -9.497360000000000246e-01 -1.598999999999999944e-03 9.497370000000000534e-01 3.130430000000000157e-01 2.105999999999999799e-03
2.400000000000000000e+01 9.100000000000000000e+01 7.600000000000000000e+01 0.000000000000000000e+00 1.600000000000000089e+00 -3.660000000000000059e-04 1.701999999999999954e-03 9.999989999999999712e-01 3.165830000000000033e-01 -9.485630000000000450e-01 1.729999999999999984e-03 9.485649999999999915e-01 3.165830000000000033e-01 -1.920000000000000049e-04
2.500000000000000000e+01 6.300000000000000000e+01 8.100000000000000000e+01 0.000000000000000000e+00 1.600000000000000089e+00 -1.170999999999999949e-03 5.509999999999999490e-04 9.999989999999999712e-01 4.603600000000000053e-02 -9.989400000000000501e-01 6.040000000000000447e-04 9.989390000000000214e-01 4.603700000000000153e-02 1.144000000000000052e-03
1.600000000000000000e+01 4.400000000000000000e+01 8.300000000000000000e+01 0.000000000000000000e+00 1.600000000000000089e+00 1.691999999999999928e-03 -3.761000000000000020e-03 9.999919999999999920e-01 5.817769999999999886e-01 -8.133380000000000054e-01 -4.042999999999999719e-03 8.133460000000000134e-01 5.817790000000000461e-01 8.120000000000000048e-04
2.100000000000000000e+01 4.400000000000000000e+01 8.300000000000000000e+01 0.000000000000000000e+00 1.600000000000000089e+00 -2.950000000000000148e-04 -2.536000000000000060e-03 9.999970000000000248e-01 5.860750000000000126e-01 -8.102549999999999475e-01 -1.881999999999999992e-03 8.102570000000000050e-01 5.860729999999999551e-01 1.724999999999999971e-03
2.800000000000000000e+01 4.400000000000000000e+01 8.300000000000000000e+01 0.000000000000000000e+00 1.600000000000000089e+00 -7.309999999999999875e-04 1.981999999999999821e-03 9.999980000000000535e-01 5.848900000000000210e-01 -8.111099999999999977e-01 2.034999999999999917e-03 8.111120000000000552e-01 5.848900000000000210e-01 -5.670000000000000127e-04
3.000000000000000000e+01 1.010000000000000000e+02 8.300000000000000000e+01 0.000000000000000000e+00 1.600000000000000089e+00 -5.231999999999999672e-03 -2.583999999999999925e-03 9.999829999999999552e-01 9.948580000000000201e-01 1.011299999999999977e-01 5.466000000000000372e-03 -1.011419999999999958e-01 9.948700000000000321e-01 2.041999999999999978e-03
2.900000000000000000e+01 4.800000000000000000e+01 8.400000000000000000e+01 0.000000000000000000e+00 1.600000000000000089e+00 1.572999999999999962e-03 3.248000000000000019e-03 -9.999930000000000208e-01 -9.468459999999999654e-01 -3.216769999999999907e-01 -2.533999999999999794e-03 -3.216829999999999967e-01 9.468440000000000190e-01 2.569999999999999802e-03
9.000000000000000000e+00 1.400000000000000000e+01 8.600000000000000000e+01 0.000000000000000000e+00 1.600000000000000089e+00 -3.099999999999999999e-04 4.124000000000000062e-03 -9.999909999999999632e-01 1.922659999999999925e-01 9.813349999999999573e-01 3.988000000000000225e-03 9.813429999999999653e-01 -1.922629999999999895e-01 -1.097000000000000102e-03
