2.900000000000000000e+01 1.500000000000000000e+01 4.000000000000000000e+00 0.000000000000000000e+00 1.600000000000000089e+00 3.412999999999999801e-03 6.001000000000000258e-03 9.999759999999999760e-01 2.700409999999999755e-01 -9.628370000000000539e-01 4.857000000000000206e-03 9.628430000000000044e-01 2.700179999999999803e-01 -4.905999999999999771e-03
4.000000000000000000e+00 1.600000000000000000e+01 4.000000000000000000e+00 0.000000000000000000e+00 1.600000000000000089e+00 -2.449999999999999921e-03 -1.234500000000000007e-02 9.999209999999999487e-01 3.168900000000000050e-01 -9.483989999999999920e-01 -1.093200000000000074e-02 9.484590000000000520e-01 3.168380000000000085e-01 6.236000000000000223e-03
9.000000000000000000e+00 1.600000000000000000e+01 4.000000000000000000e+00 0.000000000000000000e+00 1.600000000000000089e+00 2.784000000000000016e-03 -1.399300000000000023e-02 9.998979999999999535e-01 3.130749999999999922e-01 -9.496229999999999949e-01 -1.416199999999999924e-02 9.497240000000000126e-01 3.130830000000000002e-01 1.737000000000000046e-03
1.200000000000000000e+01 1.600000000000000000e+01 4.000000000000000000e+00 0.000000000000000000e+00 1.600000000000000089e+00 2.570999999999999935e-03 -1.941299999999999970e-02 9.998080000000000300e-01 3.147380000000000178e-01 -9.489830000000000210e-01 -1.923599999999999963e-02 9.491749999999999909e-01 3.147280000000000078e-01 3.670999999999999784e-03
1.700000000000000000e+01 1.600000000000000000e+01 4.000000000000000000e+00 0.000000000000000000e+00 1.600000000000000089e+00 3.003000000000000027e-03 -2.052000000000000005e-02 9.997850000000000348e-01 3.214969999999999772e-01 -9.466909999999999492e-01 -2.039600000000000093e-02 9.469060000000000255e-01 3.214890000000000247e-01 3.753999999999999958e-03
2.700000000000000000e+01 1.600000000000000000e+01 4.000000000000000000e+00 0.000000000000000000e+00 1.600000000000000089e+00 2.781000000000000052e-03 -1.698000000000000074e-03 9.999949999999999672e-01 3.314900000000000069e-01 -9.434550000000000436e-01 -2.524000000000000202e-03 9.434550000000000436e-01 3.314949999999999841e-01 -2.060999999999999898e-03
5.000000000000000000e+00 1.010000000000000000e+02 7.000000000000000000e+00 0.000000000000000000e+00 1.600000000000000089e+00 2.808999999999999865e-03 4.414000000000000389e-03 9.999860000000000415e-01 8.853269999999999751e-01 4.649460000000000259e-01 -4.538999999999999632e-03 -4.649599999999999844e-01 8.853280000000000038e-01 -2.602000000000000146e-03
2.300000000000000000e+01 1.010000000000000000e+02 7.000000000000000000e+00 0.000000000000000000e+00 1.600000000000000089e+00 -6.399999999999999710e-05 5.300000000000000078e-05 1.000000000000000000e+00 8.848610000000000086e-01 4.658550000000000191e-01 3.199999999999999855e-05 -4.658550000000000191e-01 8.848610000000000086e-01 -7.700000000000000139e-05
2.600000000000000000e+01 1.010000000000000000e+02 7.000000000000000000e+00 0.000000000000000000e+00 1.600000000000000089e+00 1.100999999999999982e-03 1.596999999999999895e-03 9.999980000000000535e-01 8.841440000000000410e-01 4.672120000000000162e-01 -1.719000000000000042e-03 -4.672140000000000182e-01 8.841440000000000410e-01 -8.980000000000000352e-04
2.000000000000000000e+00 1.500000000000000000e+01 8.000000000000000000e+00 0.000000000000000000e+00 1.600000000000000089e+00 -3.598000000000000070e-03 -1.206800000000000060e-02 -9.999209999999999487e-01 -5.663259999999999961e-01 -8.240939999999999932e-01 1.198399999999999986e-02 -8.241730000000000445e-01 5.663240000000000496e-01 -3.870000000000000176e-03
6.000000000000000000e+00 1.500000000000000000e+01 8.000000000000000000e+00 0.000000000000000000e+00 1.600000000000000089e+00 -4.480999999999999740e-03 -9.391000000000000042e-03 -9.999460000000000015e-01 -5.655029999999999779e-01 -8.246820000000000261e-01 1.027999999999999921e-02 -8.247339999999999671e-01 5.655179999999999652e-01 -1.614999999999999899e-03
9.000000000000000000e+00 1.500000000000000000e+01 8.000000000000000000e+00 0.000000000000000000e+00 1.600000000000000089e+00 -7.599999999999999985e-03 -1.155100000000000050e-02 -9.999040000000000150e-01 -5.656400000000000317e-01 -8.245360000000000467e-01 1.382399999999999948e-02 -8.246170000000000444e-01 5.656910000000000549e-01 -2.669999999999999847e-04
1.300000000000000000e+01 1.500000000000000000e+01 8.000000000000000000e+00 0.000000000000000000e+00 1.600000000000000089e+00 -7.979999999999999247e-03 -1.845099999999999865e-02 -9.997979999999999645e-01 -5.680720000000000214e-01 -8.227430000000000021e-01 1.971799999999999942e-02 -8.229400000000000048e-01 5.681150000000000366e-01 -3.915000000000000077e-03
1.700000000000000000e+01 1.500000000000000000e+01 8.000000000000000000e+00 0.000000000000000000e+00 1.600000000000000089e+00 -7.542000000000000093e-03 -2.197999999999999954e-02 -9.997300000000000075e-01 -5.715820000000000345e-01 -8.202409999999999979e-01 2.234600000000000128e-02 -8.205099999999999616e-01 5.715959999999999930e-01 -6.377999999999999989e-03
2.000000000000000000e+01 1.500000000000000000e+01 8.000000000000000000e+00 0.000000000000000000e+00 1.600000000000000089e+00 -7.078000000000000090e-03 -2.132300000000000167e-02 -9.997479999999999700e-01 -5.750530000000000364e-01 -8.178339999999999499e-01 2.151399999999999840e-02 -8.180859999999999799e-01 5.750600000000000156e-01 -6.472999999999999587e-03
2.500000000000000000e+01 1.500000000000000000e+01 8.000000000000000000e+00 0.000000000000000000e+00 1.600000000000000089e+00 -2.838999999999999944e-03 -5.666000000000000029e-03 -9.999799999999999800e-01 -5.789729999999999599e-01 -8.153230000000000199e-01 6.263000000000000338e-03 -8.153420000000000112e-01 5.789790000000000214e-01 -9.659999999999999533e-04
2.900000000000000000e+01 1.500000000000000000e+01 8.000000000000000000e+00 0.000000000000000000e+00 1.600000000000000089e+00 -1.025000000000000086e-03 5.693000000000000144e-03 -9.999829999999999552e-01 -5.799159999999999870e-01 -8.146660000000000013e-01 -4.043999999999999852e-03 -8.146759999999999557e-01 5.799020000000000286e-01 4.135999999999999920e-03
6.000000000000000000e+00 2.600000000000000000e+01 8.000000000000000000e+00 0.000000000000000000e+00 1.600000000000000089e+00 1.871999999999999966e-03 8.113999999999999685e-03 -9.999649999999999928e-01 4.235959999999999726e-01 9.058150000000000368e-01 8.142999999999999197e-03 9.058490000000000153e-01 -4.235959999999999726e-01 -1.740999999999999926e-03
1.100000000000000000e+01 2.600000000000000000e+01 8.000000000000000000e+00 0.000000000000000000e+00 1.600000000000000089e+00 5.781999999999999813e-03 2.561199999999999935e-02 -9.996549999999999603e-01 4.206389999999999851e-01 9.068650000000000322e-01 2.566699999999999884e-02 9.072099999999999609e-01 -4.206420000000000159e-01 -5.530000000000000193e-03
1.400000000000000000e+01 2.600000000000000000e+01 8.000000000000000000e+00 0.000000000000000000e+00 1.600000000000000089e+00 6.945999999999999917e-03 2.131200000000000108e-02 -9.997489999999999988e-01 4.174390000000000045e-01 9.084320000000000173e-01 2.226600000000000107e-02 9.086779999999999857e-01 -4.174889999999999990e-01 -2.586999999999999890e-03
2.000000000000000000e+01 2.600000000000000000e+01 8.000000000000000000e+00 0.000000000000000000e+00 1.600000000000000089e+00 6.747999999999999658e-03 2.270600000000000049e-02 -9.997190000000000243e-01 4.125889999999999835e-01 9.106149999999999523e-01 2.346699999999999828e-02 9.108920000000000350e-01 -4.126319999999999988e-01 -3.223000000000000170e-03
2.800000000000000000e+01 2.600000000000000000e+01 8.000000000000000000e+00 0.000000000000000000e+00 1.600000000000000089e+00 9.489999999999999738e-04 1.237000000000000035e-03 -9.999989999999999712e-01 4.093530000000000224e-01 9.123750000000000471e-01 1.516999999999999902e-03 9.123759999999999648e-01 -4.093539999999999957e-01 3.589999999999999984e-04
6.000000000000000000e+00 1.400000000000000000e+01 9.000000000000000000e+00 0.000000000000000000e+00 1.600000000000000089e+00 -5.126999999999999613e-03 -1.148300000000000015e-02 -9.999209999999999487e-01 -5.615529999999999688e-01 -8.273479999999999723e-01 1.238099999999999964e-02 -8.274249999999999661e-01 5.615719999999999601e-01 -2.207000000000000194e-03
2.100000000000000000e+01 2.400000000000000000e+01 9.000000000000000000e+00 0.000000000000000000e+00 1.600000000000000089e+00 7.334000000000000241e-03 2.423499999999999960e-02 -9.996789999999999843e-01 4.667979999999999907e-01 8.840139999999999665e-01 2.485599999999999962e-02 8.843330000000000357e-01 -4.668309999999999960e-01 -4.828999999999999959e-03
2.500000000000000000e+01 2.400000000000000000e+01 9.000000000000000000e+00 0.000000000000000000e+00 1.600000000000000089e+00 4.542000000000000030e-03 1.362599999999999922e-02 -9.998970000000000358e-01 4.635270000000000223e-01 8.859690000000000065e-01 1.417900000000000063e-02 8.860710000000000530e-01 -4.635440000000000116e-01 -2.292000000000000200e-03
1.000000000000000000e+01 3.100000000000000000e+01 1.200000000000000000e+01 0.000000000000000000e+00 1.600000000000000089e+00 1.641000000000000097e-03 2.004999999999999838e-03 9.999970000000000248e-01 -1.483300000000000070e-02 9.998879999999999990e-01 -1.981000000000000122e-03 -9.998890000000000278e-01 -1.482999999999999943e-02 1.670000000000000043e-03
1.600000000000000000e+01 3.100000000000000000e+01 1.200000000000000000e+01 0.000000000000000000e+00 1.600000000000000089e+00 1.028999999999999967e-03 1.374000000000000004e-03 9.999989999999999712e-01 -1.338499999999999933e-02 9.999090000000000478e-01 -1.360000000000000098e-03 -9.999099999999999655e-01 -1.338400000000000006e-02 1.048000000000000103e-03
2.300000000000000000e+01 3.100000000000000000e+01 1.200000000000000000e+01 0.000000000000000000e+00 1.600000000000000089e+00 -4.899999999999999842e-04 5.231999999999999672e-03 9.999860000000000415e-01 -8.942000000000000295e-03 9.999460000000000015e-01 -5.237000000000000335e-03 -9.999599999999999600e-01 -8.944999999999999826e-03 -4.429999999999999802e-04
2.900000000000000000e+01 3.100000000000000000e+01 1.200000000000000000e+01 0.000000000000000000e+00 1.600000000000000089e+00 5.330000000000000536e-04 -9.330000000000000186e-04 9.999989999999999712e-01 -7.856999999999999401e-03 9.999689999999999968e-01 9.370000000000000074e-04 -9.999689999999999968e-01 -7.856999999999999401e-03 5.259999999999999919e-04
2.000000000000000000e+00 1.200000000000000000e+01 1.500000000000000000e+01 0.000000000000000000e+00 1.600000000000000089e+00 -2.259999999999999856e-03 -7.420000000000000380e-03 -9.999700000000000255e-01 -4.648459999999999814e-01 -8.853590000000000071e-01 7.621000000000000170e-03 -8.853889999999999816e-01 4.648490000000000122e-01 -1.448000000000000068e-03
8.000000000000000000e+00 1.200000000000000000e+01 1.500000000000000000e+01 0.000000000000000000e+00 1.600000000000000089e+00 -4.047000000000000250e-03 -6.625999999999999945e-03 -9.999700000000000255e-01 -4.690320000000000045e-01 -8.831470000000000153e-01 7.749999999999999944e-03 -8.831719999999999571e-01 4.690489999999999937e-01 4.659999999999999971e-04
1.800000000000000000e+01 1.200000000000000000e+01 1.500000000000000000e+01 0.000000000000000000e+00 1.600000000000000089e+00 -4.276000000000000287e-03 -6.048000000000000424e-03 -9.999730000000000008e-01 -4.737439999999999984e-01 -8.806319999999999704e-01 7.352000000000000028e-03 -8.806519999999999904e-01 4.737629999999999897e-01 8.999999999999999754e-04
2.300000000000000000e+01 1.200000000000000000e+01 1.500000000000000000e+01 0.000000000000000000e+00 1.600000000000000089e+00 -2.102000000000000136e-03 -4.245999999999999774e-03 -9.999890000000000168e-01 -4.733330000000000037e-01 -8.808709999999999596e-01 4.734999999999999626e-03 -8.808810000000000251e-01 4.733379999999999810e-01 -1.579999999999999916e-04
2.800000000000000000e+01 1.200000000000000000e+01 1.500000000000000000e+01 0.000000000000000000e+00 1.600000000000000089e+00 -1.342000000000000094e-03 2.700000000000000143e-03 -9.999949999999999672e-01 -4.736339999999999995e-01 -8.807199999999999473e-01 -1.742000000000000059e-03 -8.807209999999999761e-01 4.736290000000000222e-01 2.459999999999999947e-03
2.000000000000000000e+00 2.000000000000000000e+00 1.900000000000000000e+01 0.000000000000000000e+00 1.600000000000000089e+00 -5.699999999999999772e-04 -3.635000000000000210e-03 -9.999930000000000208e-01 1.432940000000000047e-01 -9.896740000000000537e-01 3.516000000000000028e-03 -9.896800000000000042e-01 -1.432910000000000017e-01 1.085000000000000027e-03
5.000000000000000000e+00 2.000000000000000000e+00 1.900000000000000000e+01 0.000000000000000000e+00 1.600000000000000089e+00 -1.273999999999999959e-03 -1.479000000000000063e-03 -9.999980000000000535e-01 1.452859999999999985e-01 -9.893889999999999629e-01 1.278000000000000056e-03 -9.893889999999999629e-01 -1.452839999999999965e-01 1.474999999999999966e-03
1.500000000000000000e+01 2.000000000000000000e+00 1.900000000000000000e+01 0.000000000000000000e+00 1.600000000000000089e+00 2.286999999999999970e-03 -3.569999999999999823e-03 -9.999909999999999632e-01 1.546269999999999867e-01 -9.879649999999999821e-01 3.880999999999999901e-03 -9.879700000000000149e-01 -1.546349999999999947e-01 -1.706999999999999967e-03
1.900000000000000000e+01 2.000000000000000000e+00 1.900000000000000000e+01 0.000000000000000000e+00 1.600000000000000089e+00 2.968999999999999851e-03 -1.206699999999999960e-02 -9.999230000000000063e-01 1.606539999999999913e-01 -9.869329999999999492e-01 1.238700000000000044e-02 -9.870060000000000500e-01 -1.606779999999999875e-01 -9.920000000000000432e-04
2.200000000000000000e+01 2.000000000000000000e+00 1.900000000000000000e+01 0.000000000000000000e+00 1.600000000000000089e+00 3.171999999999999906e-03 -5.029999999999999749e-03 -9.999820000000000375e-01 1.642510000000000081e-01 -9.864030000000000298e-01 5.483000000000000027e-03 -9.864129999999999843e-01 -1.642659999999999954e-01 -2.302999999999999926e-03
2.700000000000000000e+01 2.000000000000000000e+00 1.900000000000000000e+01 0.000000000000000000e+00 1.600000000000000089e+00 -9.990000000000001049e-04 8.932000000000000703e-03 -9.999599999999999600e-01 1.658290000000000042e-01 -9.861140000000000461e-01 -8.973999999999999339e-03 -9.861539999999999750e-01 -1.658310000000000062e-01 -4.960000000000000216e-04
2.200000000000000000e+01 4.000000000000000000e+00 2.000000000000000000e+01 0.000000000000000000e+00 1.600000000000000089e+00 4.542000000000000030e-03 -5.501999999999999946e-03 -9.999740000000000295e-01 2.569790000000000130e-01 -9.663950000000000040e-01 6.485000000000000313e-03 -9.664059999999999873e-01 -2.570020000000000082e-01 -2.975000000000000214e-03
2.000000000000000000e+00 1.300000000000000000e+01 2.000000000000000000e+01 0.000000000000000000e+00 1.600000000000000089e+00 9.719999999999999907e-04 -4.199999999999999768e-05 1.000000000000000000e+00 2.511180000000000079e-01 9.679569999999999563e-01 -2.039999999999999984e-04 -9.679560000000000386e-01 2.511180000000000079e-01 9.520000000000000467e-04
9.000000000000000000e+00 1.300000000000000000e+01 2.000000000000000000e+01 0.000000000000000000e+00 1.600000000000000089e+00 1.144000000000000052e-03 5.126999999999999613e-03 9.999860000000000415e-01 2.531180000000000097e-01 9.674209999999999754e-01 -5.249000000000000193e-03 -9.674350000000000449e-01 2.531209999999999849e-01 -1.910000000000000077e-04
1.500000000000000000e+01 1.300000000000000000e+01 2.000000000000000000e+01 0.000000000000000000e+00 1.600000000000000089e+00 2.699999999999999899e-05 3.602000000000000167e-03 9.999940000000000495e-01 2.521510000000000140e-01 9.676820000000000421e-01 -3.493000000000000011e-03 -9.676879999999999926e-01 2.521490000000000120e-01 -8.819999999999999715e-04
2.200000000000000000e+01 1.300000000000000000e+01 2.000000000000000000e+01 0.000000000000000000e+00 1.600000000000000089e+00 -8.580000000000000387e-04 8.329999999999999731e-04 9.999989999999999712e-01 2.557590000000000141e-01 9.667400000000000437e-01 -5.850000000000000165e-04 -9.667400000000000437e-01 2.557579999999999854e-01 -1.043000000000000090e-03
2.500000000000000000e+01 1.300000000000000000e+01 2.000000000000000000e+01 0.000000000000000000e+00 1.600000000000000089e+00 -1.260999999999999968e-03 -1.108999999999999960e-03 9.999989999999999712e-01 2.567499999999999782e-01 9.664770000000000305e-01 1.394999999999999973e-03 -9.664770000000000305e-01 2.567510000000000070e-01 -9.340000000000000429e-04
1.500000000000000000e+01 1.600000000000000000e+01 2.100000000000000000e+01 0.000000000000000000e+00 1.600000000000000089e+00 -5.789999999999999791e-04 -1.126999999999999964e-03 9.999989999999999712e-01 2.979430000000000134e-01 9.545829999999999593e-01 1.247999999999999977e-03 -9.545829999999999593e-01 2.979439999999999866e-01 -2.169999999999999891e-04
2.700000000000000000e+01 1.600000000000000000e+01 2.100000000000000000e+01 0.000000000000000000e+00 1.600000000000000089e+00 -2.328000000000000208e-03 -3.135000000000000200e-03 9.999919999999999920e-01 2.995889999999999942e-01 9.540610000000000479e-01 3.687999999999999872e-03 -9.540659999999999696e-01 2.995950000000000002e-01 -1.281999999999999936e-03
4.000000000000000000e+00 4.600000000000000000e+01 2.700000000000000000e+01 0.000000000000000000e+00 1.600000000000000089e+00 2.645000000000000216e-03 4.719999999999999803e-04 -9.999959999999999960e-01 6.640540000000000331e-01 7.476819999999999578e-01 2.109000000000000197e-03 7.476800000000000113e-01 -6.640570000000000084e-01 1.663999999999999898e-03
1.100000000000000000e+01 4.600000000000000000e+01 2.700000000000000000e+01 0.000000000000000000e+00 1.600000000000000089e+00 1.226000000000000093e-03 2.150000000000000001e-03 -9.999970000000000248e-01 6.776269999999999794e-01 7.354020000000000001e-01 2.412000000000000081e-03 7.354039999999999466e-01 -6.776280000000000081e-01 -5.559999999999999621e-04
1.500000000000000000e+01 4.600000000000000000e+01 2.700000000000000000e+01 0.000000000000000000e+00 1.600000000000000089e+00 1.905000000000000009e-03 1.309000000000000051e-03 -9.999970000000000248e-01 6.852190000000000225e-01 7.283340000000000369e-01 2.259000000000000157e-03 7.283349999999999547e-01 -6.852209999999999690e-01 4.899999999999999842e-04
1.800000000000000000e+01 4.600000000000000000e+01 2.700000000000000000e+01 0.000000000000000000e+00 1.600000000000000089e+00 1.763000000000000027e-03 3.119999999999999944e-04 -9.999980000000000535e-01 6.846179999999999488e-01 7.289010000000000211e-01 1.435000000000000078e-03 7.288999999999999924e-01 -6.846189999999999776e-01 1.072000000000000036e-03
6.000000000000000000e+00 4.600000000000000000e+01 3.000000000000000000e+01 0.000000000000000000e+00 1.600000000000000089e+00 8.679999999999999565e-04 3.339999999999999870e-04 -1.000000000000000000e+00 3.234179999999999833e-01 9.462559999999999860e-01 5.969999999999999829e-04 9.462559999999999860e-01 -3.234179999999999833e-01 7.129999999999999836e-04
1.000000000000000000e+01 4.600000000000000000e+01 3.000000000000000000e+01 0.000000000000000000e+00 1.600000000000000089e+00 -6.030000000000000204e-04 6.589999999999999721e-04 -1.000000000000000000e+00 3.314810000000000256e-01 9.434620000000000228e-01 4.220000000000000118e-04 9.434620000000000228e-01 -3.314810000000000256e-01 -7.870000000000000476e-04
1.700000000000000000e+01 4.600000000000000000e+01 3.000000000000000000e+01 0.000000000000000000e+00 1.600000000000000089e+00 1.735999999999999913e-03 1.572999999999999962e-03 -9.999970000000000248e-01 3.372680000000000122e-01 9.414059999999999651e-01 2.066000000000000128e-03 9.414069999999999938e-01 -3.372709999999999875e-01 1.103999999999999947e-03
2.100000000000000000e+01 4.600000000000000000e+01 3.000000000000000000e+01 0.000000000000000000e+00 1.600000000000000089e+00 -4.650000000000000270e-04 2.599999999999999840e-05 -1.000000000000000000e+00 3.349869999999999792e-01 9.422230000000000327e-01 -1.310000000000000129e-04 9.422230000000000327e-01 -3.349869999999999792e-01 -4.470000000000000232e-04
3.000000000000000000e+00 5.800000000000000000e+01 3.100000000000000000e+01 0.000000000000000000e+00 1.600000000000000089e+00 -4.572999999999999808e-03 -7.531000000000000368e-03 9.999609999999999888e-01 -7.699019999999999753e-01 -6.381069999999999798e-01 -8.326999999999999333e-03 6.381449999999999623e-01 -7.699110000000000120e-01 -2.880000000000000181e-03
6.000000000000000000e+00 5.800000000000000000e+01 3.100000000000000000e+01 0.000000000000000000e+00 1.600000000000000089e+00 -2.240999999999999936e-03 -5.278999999999999838e-03 9.999839999999999840e-01 -7.718140000000000001e-01 -6.358279999999999488e-01 -5.086000000000000243e-03 6.358439999999999648e-01 -7.718129999999999713e-01 -2.648999999999999879e-03
1.400000000000000000e+01 5.800000000000000000e+01 3.100000000000000000e+01 0.000000000000000000e+00 1.600000000000000089e+00 -2.467000000000000009e-03 -5.320000000000000293e-04 9.999970000000000248e-01 -7.780679999999999819e-01 -6.281759999999999566e-01 -2.252999999999999794e-03 6.281750000000000389e-01 -7.780709999999999571e-01 1.136000000000000074e-03
2.000000000000000000e+01 5.800000000000000000e+01 3.100000000000000000e+01 0.000000000000000000e+00 1.600000000000000089e+00 -9.730000000000000151e-04 1.706000000000000051e-03 9.999980000000000535e-01 -7.848789999999999933e-01 -6.196490000000000054e-01 2.939999999999999905e-04 6.196479999999999766e-01 -7.848779999999999646e-01 1.941999999999999933e-03
2.500000000000000000e+01 5.800000000000000000e+01 3.100000000000000000e+01 0.000000000000000000e+00 1.600000000000000089e+00 -2.331999999999999872e-03 -2.468000000000000142e-03 9.999940000000000495e-01 -7.865820000000000034e-01 -6.174770000000000536e-01 -3.357999999999999874e-03 6.174819999999999753e-01 -7.865849999999999786e-01 -5.010000000000000347e-04
9.000000000000000000e+00 6.000000000000000000e+00 3.200000000000000000e+01 0.000000000000000000e+00 1.600000000000000089e+00 -3.159999999999999832e-04 3.909000000000000148e-03 -9.999919999999999920e-01 1.996729999999999894e-01 9.798550000000000315e-01 3.766999999999999949e-03 9.798630000000000395e-01 -1.996699999999999864e-01 -1.090999999999999956e-03
3.000000000000000000e+01 2.200000000000000000e+01 3.400000000000000000e+01 0.000000000000000000e+00 1.600000000000000089e+00 6.560000000000000076e-04 3.876000000000000105e-03 9.999919999999999920e-01 3.794620000000000215e-01 -9.252010000000000511e-01 3.337000000000000122e-03 9.252070000000000016e-01 3.794569999999999887e-01 -2.076999999999999853e-03
4.000000000000000000e+00 4.600000000000000000e+01 3.500000000000000000e+01 0.000000000000000000e+00 1.600000000000000089e+00 1.098000000000000018e-03 -2.631999999999999791e-03 -9.999959999999999960e-01 3.864460000000000117e-01 -9.223080000000000167e-01 2.851999999999999934e-03 -9.223109999999999919e-01 -3.864480000000000137e-01 3.999999999999999819e-06
1.100000000000000000e+01 4.600000000000000000e+01 3.500000000000000000e+01 0.000000000000000000e+00 1.600000000000000089e+00 -1.810000000000000085e-04 5.141999999999999869e-03 -9.999869999999999592e-01 3.875549999999999828e-01 -9.218340000000000423e-01 -4.810000000000000039e-03 -9.218469999999999720e-01 -3.875509999999999788e-01 -1.825999999999999932e-03
1.600000000000000000e+01 4.600000000000000000e+01 3.500000000000000000e+01 0.000000000000000000e+00 1.600000000000000089e+00 -6.790000000000000245e-04 -6.220000000000000485e-04 -1.000000000000000000e+00 3.876749999999999918e-01 -9.217959999999999487e-01 3.099999999999999999e-04 -9.217959999999999487e-01 -3.876749999999999918e-01 8.670000000000000406e-04
2.100000000000000000e+01 4.600000000000000000e+01 3.500000000000000000e+01 0.000000000000000000e+00 1.600000000000000089e+00 1.150000000000000035e-04 -1.100000000000000039e-04 -1.000000000000000000e+00 3.877519999999999856e-01 -9.217640000000000278e-01 1.459999999999999981e-04 -9.217640000000000278e-01 -3.877519999999999856e-01 -6.299999999999999990e-05
2.600000000000000000e+01 4.600000000000000000e+01 3.500000000000000000e+01 0.000000000000000000e+00 1.600000000000000089e+00 6.530000000000000431e-04 1.518999999999999951e-03 -9.999989999999999712e-01 3.871580000000000021e-01 -9.220129999999999715e-01 -1.147000000000000016e-03 -9.220129999999999715e-01 -3.871569999999999734e-01 -1.190000000000000085e-03
8.000000000000000000e+00 9.500000000000000000e+01 3.600000000000000000e+01 0.000000000000000000e+00 1.600000000000000089e+00 6.224000000000000365e-03 1.004299999999999984e-02 9.999299999999999855e-01 9.965509999999999646e-01 8.268000000000000349e-02 -7.034000000000000322e-03 -8.274499999999999911e-02 9.965260000000000229e-01 -9.494000000000000702e-03
1.100000000000000000e+01 9.500000000000000000e+01 3.600000000000000000e+01 0.000000000000000000e+00 1.600000000000000089e+00 3.556999999999999832e-03 2.776999999999999955e-03 9.999900000000000455e-01 9.961170000000000302e-01 8.795699999999999352e-02 -3.787000000000000002e-03 -8.796700000000000352e-02 9.961200000000000054e-01 -2.452999999999999885e-03
1.600000000000000000e+01 9.500000000000000000e+01 3.600000000000000000e+01 0.000000000000000000e+00 1.600000000000000089e+00 -2.491999999999999858e-03 -4.974000000000000123e-03 9.999850000000000128e-01 9.960550000000000237e-01 8.869199999999999307e-02 2.922999999999999817e-03 -8.870500000000000607e-02 9.960470000000000157e-01 4.734000000000000360e-03
2.400000000000000000e+01 9.500000000000000000e+01 3.600000000000000000e+01 0.000000000000000000e+00 1.600000000000000089e+00 -2.157000000000000063e-03 1.752000000000000085e-03 9.999959999999999960e-01 9.964140000000000219e-01 8.458200000000000440e-02 2.001000000000000174e-03 -8.457800000000000040e-02 9.964150000000000507e-01 -1.928000000000000026e-03
2.800000000000000000e+01 9.500000000000000000e+01 3.600000000000000000e+01 0.000000000000000000e+00 1.600000000000000089e+00 -1.042200000000000071e-02 -2.021299999999999833e-02 9.997409999999999908e-01 9.966310000000000446e-01 8.112500000000000266e-02 1.202899999999999976e-02 -8.134800000000000364e-02 9.964990000000000236e-01 1.930000000000000118e-02
3.000000000000000000e+00 3.000000000000000000e+00 4.300000000000000000e+01 0.000000000000000000e+00 1.600000000000000089e+00 1.645999999999999894e-03 1.735499999999999890e-02 -9.998479999999999590e-01 7.376620000000000399e-01 -6.750880000000000214e-01 -1.050399999999999945e-02 -6.751679999999999904e-01 -7.375329999999999941e-01 -1.391300000000000002e-02
1.000000000000000000e+01 3.000000000000000000e+00 4.300000000000000000e+01 0.000000000000000000e+00 1.600000000000000089e+00 3.880999999999999901e-03 1.364100000000000035e-02 -9.998989999999999823e-01 7.298350000000000115e-01 -6.835919999999999774e-01 -6.492999999999999640e-03 -6.836119999999999974e-01 -7.297360000000000513e-01 -1.260799999999999942e-02
1.300000000000000000e+01 3.000000000000000000e+00 4.300000000000000000e+01 0.000000000000000000e+00 1.600000000000000089e+00 -1.858000000000000059e-03 -7.440000000000000432e-03 -9.999710000000000543e-01 7.302939999999999987e-01 -6.831230000000000357e-01 3.726000000000000145e-03 -6.831300000000000150e-01 -7.302659999999999707e-01 6.702999999999999757e-03
2.600000000000000000e+01 3.000000000000000000e+00 4.300000000000000000e+01 0.000000000000000000e+00 1.600000000000000089e+00 2.079000000000000119e-03 1.255099999999999966e-02 -9.999190000000000023e-01 7.328759999999999719e-01 -6.803259999999999863e-01 -7.015000000000000402e-03 -6.803590000000000471e-01 -7.328019999999999534e-01 -1.061299999999999917e-02
3.000000000000000000e+00 8.000000000000000000e+00 4.400000000000000000e+01 0.000000000000000000e+00 1.600000000000000089e+00 1.871000000000000050e-03 5.939999999999999968e-03 9.999810000000000088e-01 -7.677619999999999445e-01 -6.407129999999999770e-01 5.242000000000000132e-03 6.407319999999999682e-01 -7.677570000000000228e-01 3.361999999999999971e-03
1.500000000000000000e+01 8.000000000000000000e+00 4.400000000000000000e+01 0.000000000000000000e+00 1.600000000000000089e+00 2.488000000000000194e-03 -2.790000000000000054e-04 9.999970000000000248e-01 -7.779730000000000256e-01 -6.282950000000000479e-01 1.760000000000000063e-03 6.282929999999999904e-01 -7.779749999999999721e-01 -1.779999999999999898e-03
1.200000000000000000e+01 2.900000000000000000e+01 4.400000000000000000e+01 0.000000000000000000e+00 1.600000000000000089e+00 3.861999999999999982e-03 3.572000000000000088e-03 -9.999860000000000415e-01 6.714409999999999545e-01 7.410390000000000033e-01 5.239999999999999866e-03 7.410480000000000400e-01 -6.714520000000000488e-01 4.629999999999999784e-04
1.800000000000000000e+01 2.900000000000000000e+01 4.400000000000000000e+01 0.000000000000000000e+00 1.600000000000000089e+00 8.099999999999999561e-04 5.394000000000000357e-03 -9.999850000000000128e-01 6.758950000000000236e-01 7.369839999999999725e-01 4.523000000000000111e-03 7.369970000000000132e-01 -6.758889999999999620e-01 -3.049000000000000061e-03
2.400000000000000000e+01 2.900000000000000000e+01 4.400000000000000000e+01 0.000000000000000000e+00 1.600000000000000089e+00 -2.442000000000000160e-03 1.840000000000000001e-04 -9.999970000000000248e-01 6.811239999999999517e-01 7.321659999999999835e-01 -1.528999999999999977e-03 7.321640000000000370e-01 -6.811260000000000092e-01 -1.912999999999999987e-03
2.800000000000000000e+01 2.900000000000000000e+01 4.400000000000000000e+01 0.000000000000000000e+00 1.600000000000000089e+00 -1.912999999999999987e-03 1.131999999999999977e-03 -9.999970000000000248e-01 6.792989999999999862e-01 7.338609999999999856e-01 -4.679999999999999915e-04 7.338590000000000391e-01 -6.792989999999999862e-01 -2.173000000000000018e-03
1.500000000000000000e+01 6.500000000000000000e+01 4.600000000000000000e+01 0.000000000000000000e+00 1.600000000000000089e+00 -2.407999999999999984e-03 1.788000000000000093e-03 9.999959999999999960e-01 6.843069999999999986e-01 -7.291879999999999473e-01 2.952000000000000197e-03 7.291900000000000048e-01 6.843110000000000026e-01 5.320000000000000293e-04
6.000000000000000000e+00 5.000000000000000000e+00 5.100000000000000000e+01 0.000000000000000000e+00 1.600000000000000089e+00 3.600000000000000227e-04 7.033000000000000189e-03 -9.999749999999999472e-01 4.736480000000000135e-01 -8.806929999999999481e-01 -6.023999999999999841e-03 -8.807139999999999969e-01 -4.736339999999999995e-01 -3.648000000000000201e-03
1.600000000000000000e+01 5.000000000000000000e+00 5.100000000000000000e+01 0.000000000000000000e+00 1.600000000000000089e+00 -2.171999999999999886e-03 8.838999999999999635e-03 -9.999590000000000423e-01 4.771730000000000138e-01 -8.787650000000000183e-01 -8.803999999999999326e-03 -8.788059999999999761e-01 -4.771730000000000138e-01 -2.308999999999999855e-03
2.600000000000000000e+01 5.000000000000000000e+00 5.100000000000000000e+01 0.000000000000000000e+00 1.600000000000000089e+00 1.369999999999999907e-03 1.213000000000000102e-03 -9.999980000000000535e-01 4.898569999999999869e-01 -8.718029999999999946e-01 -3.869999999999999742e-04 -8.718019999999999659e-01 -4.898560000000000136e-01 -1.788000000000000093e-03
6.000000000000000000e+00 6.300000000000000000e+01 5.400000000000000000e+01 0.000000000000000000e+00 1.600000000000000089e+00 -2.460000000000000164e-04 5.899999999999999754e-05 1.000000000000000000e+00 -3.534039999999999959e-01 9.354710000000000525e-01 -1.420000000000000092e-04 -9.354710000000000525e-01 -3.534039999999999959e-01 -2.090000000000000115e-04
1.000000000000000000e+01 6.300000000000000000e+01 5.400000000000000000e+01 0.000000000000000000e+00 1.600000000000000089e+00 -7.010000000000000172e-04 1.026000000000000002e-03 9.999989999999999712e-01 -3.516589999999999994e-01 9.361270000000000424e-01 -1.206999999999999957e-03 -9.361279999999999601e-01 -3.516599999999999726e-01 -2.950000000000000148e-04
1.500000000000000000e+01 6.300000000000000000e+01 5.400000000000000000e+01 0.000000000000000000e+00 1.600000000000000089e+00 2.359999999999999902e-04 -1.567999999999999949e-03 9.999989999999999712e-01 -3.490800000000000014e-01 9.370920000000000361e-01 1.551999999999999994e-03 -9.370929999999999538e-01 -3.490800000000000014e-01 -3.260000000000000094e-04
2.100000000000000000e+01 6.300000000000000000e+01 5.400000000000000000e+01 0.000000000000000000e+00 1.600000000000000089e+00 1.242999999999999964e-03 -1.404999999999999999e-03 9.999980000000000535e-01 -3.433740000000000125e-01 9.391969999999999485e-01 1.747000000000000072e-03 -9.391979999999999773e-01 -3.433749999999999858e-01 6.849999999999999535e-04
2.500000000000000000e+01 6.300000000000000000e+01 5.400000000000000000e+01 0.000000000000000000e+00 1.600000000000000089e+00 -2.895000000000000004e-03 -2.220000000000000022e-04 9.999959999999999960e-01 -3.461659999999999737e-01 9.381730000000000347e-01 -7.940000000000000009e-04 -9.381690000000000307e-01 -3.461670000000000025e-01 -2.792999999999999910e-03
4.000000000000000000e+00 2.500000000000000000e+01 5.500000000000000000e+01 0.000000000000000000e+00 1.600000000000000089e+00 1.200000000000000030e-04 -5.041999999999999607e-03 -9.999869999999999592e-01 -1.135800000000000004e-02 -9.999230000000000063e-01 5.040000000000000209e-03 -9.999360000000000470e-01 1.135800000000000004e-02 -1.769999999999999926e-04
8.000000000000000000e+00 2.500000000000000000e+01 5.500000000000000000e+01 0.000000000000000000e+00 1.600000000000000089e+00 -3.939999999999999817e-04 3.775999999999999843e-03 -9.999930000000000208e-01 -1.198100000000000033e-02 -9.999209999999999487e-01 -3.771000000000000046e-03 -9.999280000000000390e-01 1.197999999999999933e-02 4.389999999999999914e-04
1.100000000000000000e+01 2.500000000000000000e+01 5.500000000000000000e+01 0.000000000000000000e+00 1.600000000000000089e+00 -3.759999999999999779e-04 3.246999999999999886e-03 -9.999949999999999672e-01 -1.213499999999999995e-02 -9.999209999999999487e-01 -3.242000000000000090e-03 -9.999259999999999815e-01 1.213400000000000069e-02 4.150000000000000043e-04
1.700000000000000000e+01 2.500000000000000000e+01 5.500000000000000000e+01 0.000000000000000000e+00 1.600000000000000089e+00 1.415000000000000025e-03 -4.100000000000000047e-05 -9.999989999999999712e-01 -1.081499999999999996e-02 -9.999419999999999975e-01 2.500000000000000120e-05 -9.999409999999999688e-01 1.081499999999999996e-02 -1.415000000000000025e-03
2.400000000000000000e+01 2.500000000000000000e+01 5.500000000000000000e+01 0.000000000000000000e+00 1.600000000000000089e+00 1.039999999999999936e-04 -3.609999999999999928e-04 -1.000000000000000000e+00 -9.952000000000000776e-03 -9.999500000000000055e-01 3.600000000000000227e-04 -9.999500000000000055e-01 9.952000000000000776e-03 -1.079999999999999960e-04
2.600000000000000000e+01 2.500000000000000000e+01 5.500000000000000000e+01 0.000000000000000000e+00 1.600000000000000089e+00 3.029999999999999924e-04 1.196999999999999930e-03 -9.999989999999999712e-01 -1.010400000000000013e-02 -9.999479999999999480e-01 -1.199999999999999895e-03 -9.999489999999999768e-01 1.010400000000000013e-02 -2.910000000000000260e-04
1.800000000000000000e+01 5.800000000000000000e+01 5.900000000000000000e+01 0.000000000000000000e+00 1.600000000000000089e+00 1.008999999999999914e-03 4.989999999999999861e-04 -9.999989999999999712e-01 3.878469999999999973e-01 9.217229999999999590e-01 8.520000000000000013e-04 9.217229999999999590e-01 -3.878480000000000261e-01 7.370000000000000249e-04
1.400000000000000000e+01 7.000000000000000000e+00 6.000000000000000000e+01 0.000000000000000000e+00 1.600000000000000089e+00 -3.870999999999999875e-03 3.442000000000000181e-03 9.999869999999999592e-01 5.659560000000000146e-01 -8.244200000000000417e-01 5.028999999999999616e-03 8.244270000000000209e-01 5.659680000000000266e-01 1.242999999999999964e-03
1.300000000000000000e+01 2.100000000000000000e+01 6.000000000000000000e+01 0.000000000000000000e+00 1.600000000000000089e+00 -1.918000000000000000e-03 -1.477700000000000020e-02 9.998890000000000278e-01 -9.442300000000000693e-02 9.954260000000000330e-01 1.452900000000000025e-02 -9.955300000000000260e-01 -9.438499999999999668e-02 -3.304000000000000079e-03
1.900000000000000000e+01 2.100000000000000000e+01 6.000000000000000000e+01 0.000000000000000000e+00 1.600000000000000089e+00 4.270000000000000249e-04 6.464000000000000128e-03 9.999789999999999512e-01 -9.513900000000000134e-02 9.954429999999999668e-01 -6.394000000000000378e-03 -9.954640000000000155e-01 -9.513399999999999634e-02 1.039999999999999909e-03
2.400000000000000000e+01 2.100000000000000000e+01 6.000000000000000000e+01 0.000000000000000000e+00 1.600000000000000089e+00 3.469999999999999777e-04 -3.939999999999999926e-03 9.999919999999999920e-01 -9.684199999999999753e-02 9.952919999999999545e-01 3.956000000000000315e-03 -9.952999999999999625e-01 -9.684299999999999853e-02 -3.600000000000000091e-05
2.000000000000000000e+00 4.000000000000000000e+00 6.200000000000000000e+01 0.000000000000000000e+00 1.600000000000000089e+00 3.989000000000000358e-03 8.618000000000000660e-03 9.999550000000000383e-01 -6.165939999999999754e-01 7.872689999999999966e-01 -4.324999999999999852e-03 -7.872710000000000541e-01 -6.165490000000000137e-01 8.453999999999999709e-03
3.000000000000000000e+01 3.000000000000000000e+00 6.300000000000000000e+01 0.000000000000000000e+00 1.600000000000000089e+00 -5.169999999999999899e-04 -7.686000000000000124e-03 9.999700000000000255e-01 -6.174910000000000121e-01 7.865569999999999506e-01 5.726000000000000187e-03 -7.865779999999999994e-01 -6.174699999999999633e-01 -5.152000000000000329e-03
3.000000000000000000e+00 2.700000000000000000e+01 6.300000000000000000e+01 0.000000000000000000e+00 1.600000000000000089e+00 1.110000000000000092e-03 -7.919000000000000691e-03 9.999679999999999680e-01 -2.776150000000000007e-01 9.606599999999999584e-01 7.915999999999999426e-03 -9.606919999999999904e-01 -2.776150000000000007e-01 -1.131999999999999977e-03
8.000000000000000000e+00 2.700000000000000000e+01 6.300000000000000000e+01 0.000000000000000000e+00 1.600000000000000089e+00 -1.129999999999999955e-04 1.987000000000000051e-03 9.999980000000000535e-01 -2.748570000000000180e-01 9.614829999999999766e-01 -1.941000000000000017e-03 -9.614850000000000341e-01 -2.748570000000000180e-01 4.380000000000000213e-04
1.400000000000000000e+01 2.700000000000000000e+01 6.300000000000000000e+01 0.000000000000000000e+00 1.600000000000000089e+00 -1.273000000000000043e-03 -8.238000000000000531e-03 9.999649999999999928e-01 -2.717849999999999988e-01 9.623279999999999612e-01 7.582000000000000198e-03 -9.623570000000000180e-01 -2.717660000000000076e-01 -3.464000000000000065e-03
1.800000000000000000e+01 2.700000000000000000e+01 6.300000000000000000e+01 0.000000000000000000e+00 1.600000000000000089e+00 4.500000000000000283e-05 -8.184000000000000302e-03 9.999670000000000503e-01 -2.711939999999999906e-01 9.624920000000000142e-01 7.889000000000000179e-03 -9.625249999999999639e-01 -2.711859999999999826e-01 -2.175999999999999983e-03
2.200000000000000000e+01 2.700000000000000000e+01 6.300000000000000000e+01 0.000000000000000000e+00 1.600000000000000089e+00 -1.266999999999999897e-03 -3.546999999999999806e-03 9.999930000000000208e-01 -2.733999999999999764e-01 9.618959999999999733e-01 3.066000000000000149e-03 -9.618999999999999773e-01 -2.733940000000000259e-01 -2.187999999999999841e-03
2.700000000000000000e+01 2.700000000000000000e+01 6.300000000000000000e+01 0.000000000000000000e+00 1.600000000000000089e+00 2.869999999999999830e-04 -6.471000000000000189e-03 9.999789999999999512e-01 -2.768180000000000085e-01 9.609020000000000339e-01 6.297999999999999779e-03 -9.609220000000000539e-01 -2.768140000000000045e-01 -1.515000000000000071e-03
2.000000000000000000e+00 2.600000000000000000e+01 6.400000000000000000e+01 0.000000000000000000e+00 1.600000000000000089e+00 2.933999999999999976e-03 -1.068700000000000032e-02 9.999390000000000223e-01 -3.457790000000000030e-01 9.382509999999999462e-01 1.104199999999999973e-02 -9.383110000000000062e-01 -3.457899999999999863e-01 -9.420000000000000205e-04
