6.000000000000000000e+00 2.500000000000000000e+01 1.000000000000000000e+00 0.000000000000000000e+00 1.600000000000000089e+00 -1.057999999999999913e-03 1.221999999999999996e-03 -9.999989999999999712e-01 -5.238620000000000498e-01 -8.518029999999999768e-01 -4.870000000000000197e-04 -8.518019999999999481e-01 5.238610000000000211e-01 1.541000000000000052e-03
1.000000000000000000e+01 2.500000000000000000e+01 1.000000000000000000e+00 0.000000000000000000e+00 1.600000000000000089e+00 -7.519999999999999558e-04 3.330000000000000061e-03 -9.999940000000000495e-01 -5.225940000000000030e-01 -8.525779999999999470e-01 -2.445999999999999824e-03 -8.525819999999999510e-01 5.225889999999999702e-01 2.382000000000000003e-03
7.000000000000000000e+00 1.500000000000000000e+01 4.000000000000000000e+00 0.000000000000000000e+00 1.600000000000000089e+00 1.100999999999999982e-03 -3.229000000000000099e-03 9.999940000000000495e-01 3.253469999999999973e-01 -9.455890000000000128e-01 -3.412000000000000102e-03 9.455940000000000456e-01 3.253480000000000261e-01 1.000000000000000082e-05
1.100000000000000000e+01 1.500000000000000000e+01 4.000000000000000000e+00 0.000000000000000000e+00 1.600000000000000089e+00 6.600000000000000506e-05 2.429999999999999977e-04 1.000000000000000000e+00 3.259969999999999812e-01 -9.453709999999999614e-01 2.079999999999999872e-04 9.453709999999999614e-01 3.259969999999999812e-01 -1.420000000000000092e-04
1.500000000000000000e+01 1.500000000000000000e+01 4.000000000000000000e+00 0.000000000000000000e+00 1.600000000000000089e+00 -2.605000000000000111e-03 -4.906999999999999904e-03 9.999850000000000128e-01 3.251609999999999778e-01 -9.456510000000000193e-01 -3.792999999999999931e-03 9.456550000000000233e-01 3.251459999999999906e-01 4.059000000000000108e-03
1.800000000000000000e+01 1.500000000000000000e+01 4.000000000000000000e+00 0.000000000000000000e+00 1.600000000000000089e+00 -2.807000000000000033e-03 -4.161999999999999901e-03 9.999869999999999592e-01 3.233340000000000103e-01 -9.462800000000000100e-01 -3.030999999999999840e-03 9.462810000000000388e-01 3.233210000000000250e-01 4.002000000000000349e-03
2.700000000000000000e+01 1.500000000000000000e+01 4.000000000000000000e+00 0.000000000000000000e+00 1.600000000000000089e+00 -1.824000000000000100e-03 -6.686000000000000103e-03 9.999759999999999760e-01 3.258010000000000073e-01 -9.454209999999999559e-01 -5.727000000000000320e-03 9.454360000000000541e-01 3.257829999999999893e-01 3.902999999999999785e-03
5.000000000000000000e+00 1.010000000000000000e+02 7.000000000000000000e+00 0.000000000000000000e+00 1.600000000000000089e+00 -4.068999999999999700e-03 2.128000000000000117e-03 9.999890000000000168e-01 8.883259999999999490e-01 4.592060000000000031e-01 2.637000000000000021e-03 -4.591950000000000198e-01 8.883269999999999778e-01 -3.759000000000000188e-03
2.300000000000000000e+01 1.010000000000000000e+02 7.000000000000000000e+00 0.000000000000000000e+00 1.600000000000000089e+00 -3.937999999999999660e-03 -1.190000000000000058e-04 9.999919999999999920e-01 8.833220000000000516e-01 4.687529999999999752e-01 3.533999999999999815e-03 -4.687500000000000000e-01 8.833290000000000308e-01 -1.740999999999999926e-03
2.700000000000000000e+01 1.010000000000000000e+02 7.000000000000000000e+00 0.000000000000000000e+00 1.600000000000000089e+00 -5.426000000000000267e-03 -1.583199999999999885e-02 9.998599999999999710e-01 8.817319999999999602e-01 4.715920000000000112e-01 1.225200000000000074e-02 -4.717199999999999727e-01 8.816749999999999865e-01 1.140099999999999968e-02
1.000000000000000000e+00 2.500000000000000000e+01 8.000000000000000000e+00 0.000000000000000000e+00 1.600000000000000089e+00 -1.222999999999999912e-03 5.720000000000000258e-03 -9.999829999999999552e-01 4.472019999999999884e-01 8.944210000000000216e-01 4.569000000000000145e-03 8.944320000000000048e-01 -4.471890000000000032e-01 -3.651000000000000165e-03
4.000000000000000000e+00 2.500000000000000000e+01 8.000000000000000000e+00 0.000000000000000000e+00 1.600000000000000089e+00 4.400000000000000157e-04 3.050999999999999893e-03 -9.999949999999999672e-01 4.463809999999999722e-01 8.948380000000000223e-01 2.926000000000000215e-03 8.948430000000000550e-01 -4.463799999999999990e-01 -9.680000000000000019e-04
8.000000000000000000e+00 2.500000000000000000e+01 8.000000000000000000e+00 0.000000000000000000e+00 1.600000000000000089e+00 1.343999999999999926e-03 -4.062999999999999771e-03 -9.999909999999999632e-01 4.456499999999999906e-01 8.952020000000000532e-01 -3.039000000000000035e-03 8.952059999999999462e-01 -4.456410000000000093e-01 3.014000000000000186e-03
1.400000000000000000e+01 2.500000000000000000e+01 8.000000000000000000e+00 0.000000000000000000e+00 1.600000000000000089e+00 1.227000000000000009e-03 3.583999999999999946e-03 -9.999930000000000208e-01 4.472650000000000237e-01 8.943940000000000223e-01 3.753999999999999958e-03 8.944010000000000016e-01 -4.472659999999999969e-01 -5.060000000000000478e-04
1.800000000000000000e+01 2.500000000000000000e+01 8.000000000000000000e+00 0.000000000000000000e+00 1.600000000000000089e+00 5.739999999999999660e-04 2.075000000000000022e-03 -9.999980000000000535e-01 4.480419999999999958e-01 8.940099999999999714e-01 2.112999999999999861e-03 8.940120000000000289e-01 -4.480419999999999958e-01 -4.159999999999999744e-04
2.600000000000000000e+01 2.500000000000000000e+01 8.000000000000000000e+00 0.000000000000000000e+00 1.600000000000000089e+00 -9.299999999999999727e-05 -8.257000000000000450e-03 -9.999660000000000215e-01 4.481470000000000176e-01 8.939289999999999736e-01 -7.422999999999999911e-03 8.939599999999999769e-01 -4.481319999999999748e-01 3.616999999999999989e-03
3.000000000000000000e+00 2.400000000000000000e+01 9.000000000000000000e+00 0.000000000000000000e+00 1.600000000000000089e+00 -1.160000000000000007e-04 3.804000000000000090e-03 -9.999930000000000208e-01 4.481530000000000236e-01 8.939510000000000511e-01 3.348999999999999980e-03 8.939570000000000016e-01 -4.481490000000000196e-01 -1.809000000000000061e-03
7.000000000000000000e+00 2.400000000000000000e+01 9.000000000000000000e+00 0.000000000000000000e+00 1.600000000000000089e+00 1.389999999999999960e-03 -2.696000000000000046e-03 -9.999949999999999672e-01 4.479509999999999881e-01 8.940559999999999619e-01 -1.788000000000000093e-03 8.940569999999999906e-01 -4.479469999999999841e-01 2.449999999999999921e-03
1.100000000000000000e+01 2.400000000000000000e+01 9.000000000000000000e+00 0.000000000000000000e+00 1.600000000000000089e+00 7.910000000000000364e-04 -3.181999999999999933e-03 -9.999949999999999672e-01 4.478090000000000126e-01 8.941259999999999764e-01 -2.491000000000000159e-03 8.941289999999999516e-01 -4.478039999999999798e-01 2.132999999999999913e-03
1.700000000000000000e+01 2.400000000000000000e+01 9.000000000000000000e+00 0.000000000000000000e+00 1.600000000000000089e+00 6.849999999999999535e-04 6.923999999999999599e-03 -9.999759999999999760e-01 4.509159999999999835e-01 8.925429999999999753e-01 6.488999999999999976e-03 8.925659999999999705e-01 -4.509090000000000042e-01 -2.511000000000000211e-03
2.500000000000000000e+01 2.400000000000000000e+01 9.000000000000000000e+00 0.000000000000000000e+00 1.600000000000000089e+00 1.369999999999999961e-04 -8.463999999999999302e-03 -9.999639999999999640e-01 4.514020000000000254e-01 8.922889999999999988e-01 -7.490000000000000130e-03 8.923210000000000308e-01 -4.513849999999999807e-01 3.943000000000000324e-03
3.000000000000000000e+01 2.400000000000000000e+01 9.000000000000000000e+00 0.000000000000000000e+00 1.600000000000000089e+00 7.039999999999999817e-04 -1.145799999999999944e-02 -9.999339999999999895e-01 4.505339999999999900e-01 8.927040000000000530e-01 -9.912000000000000671e-03 8.927589999999999693e-01 -4.504969999999999808e-01 5.791000000000000140e-03
3.000000000000000000e+00 1.200000000000000000e+01 1.000000000000000000e+01 0.000000000000000000e+00 1.600000000000000089e+00 9.899999999999999404e-05 -2.782000000000000185e-03 -9.999959999999999960e-01 -5.535719999999999530e-01 -8.327980000000000382e-01 2.262000000000000122e-03 -8.328010000000000135e-01 5.535700000000000065e-01 -1.621999999999999961e-03
6.000000000000000000e+00 1.200000000000000000e+01 1.000000000000000000e+01 0.000000000000000000e+00 1.600000000000000089e+00 -1.350000000000000071e-03 -1.043400000000000057e-02 -9.999449999999999728e-01 -5.547419999999999574e-01 -8.319689999999999586e-01 9.431000000000000147e-03 -8.320210000000000106e-01 5.547239999999999949e-01 -4.664999999999999876e-03
1.700000000000000000e+01 1.200000000000000000e+01 1.000000000000000000e+01 0.000000000000000000e+00 1.600000000000000089e+00 1.500999999999999947e-03 1.982999999999999954e-03 -9.999970000000000248e-01 -5.535470000000000113e-01 -8.328140000000000542e-01 -2.481999999999999831e-03 -8.328160000000000007e-01 5.535489999999999577e-01 -1.520000000000000084e-04
2.200000000000000000e+01 1.200000000000000000e+01 1.000000000000000000e+01 0.000000000000000000e+00 1.600000000000000089e+00 -1.830000000000000029e-03 -8.923999999999999641e-03 -9.999590000000000423e-01 -5.519100000000000117e-01 -8.338609999999999634e-01 8.451000000000000179e-03 -8.339020000000000321e-01 5.519030000000000324e-01 -3.399000000000000112e-03
3.000000000000000000e+00 3.100000000000000000e+01 1.200000000000000000e+01 0.000000000000000000e+00 1.600000000000000089e+00 3.009999999999999980e-04 4.935000000000000150e-03 9.999879999999999880e-01 3.083999999999999936e-03 9.999829999999999552e-01 -4.936000000000000283e-03 -9.999949999999999672e-01 3.086000000000000201e-03 2.860000000000000129e-04
6.000000000000000000e+00 3.100000000000000000e+01 1.200000000000000000e+01 0.000000000000000000e+00 1.600000000000000089e+00 -7.489999999999999913e-04 1.979999999999999989e-03 9.999980000000000535e-01 3.798000000000000161e-03 9.999909999999999632e-01 -1.977000000000000025e-03 -9.999919999999999920e-01 3.797000000000000028e-03 -7.569999999999999689e-04
2.200000000000000000e+01 3.100000000000000000e+01 1.200000000000000000e+01 0.000000000000000000e+00 1.600000000000000089e+00 5.289999999999999564e-04 2.120000000000000031e-04 1.000000000000000000e+00 3.625000000000000184e-03 9.999930000000000208e-01 -2.139999999999999975e-04 -9.999930000000000208e-01 3.625000000000000184e-03 5.289999999999999564e-04
3.000000000000000000e+01 3.100000000000000000e+01 1.200000000000000000e+01 0.000000000000000000e+00 1.600000000000000089e+00 -2.370999999999999844e-03 -3.693000000000000102e-03 9.999900000000000455e-01 -2.249000000000000131e-03 9.999909999999999632e-01 3.687999999999999872e-03 -9.999949999999999672e-01 -2.240999999999999936e-03 -2.379000000000000038e-03
1.400000000000000000e+01 3.200000000000000000e+01 1.400000000000000000e+01 0.000000000000000000e+00 1.600000000000000089e+00 2.833000000000000015e-03 -5.150000000000000498e-04 -9.999959999999999960e-01 9.648199999999999832e-02 9.953349999999999698e-01 -2.390000000000000089e-04 9.953309999999999658e-01 -9.648099999999999732e-02 2.870000000000000155e-03
2.000000000000000000e+01 3.200000000000000000e+01 1.400000000000000000e+01 0.000000000000000000e+00 1.600000000000000089e+00 2.311000000000000120e-03 6.499999999999999431e-05 -9.999970000000000248e-01 9.928499999999999825e-02 9.950590000000000268e-01 2.939999999999999905e-04 9.950560000000000516e-01 -9.928499999999999825e-02 2.292999999999999899e-03
2.500000000000000000e+01 1.160000000000000000e+02 1.600000000000000000e+01 0.000000000000000000e+00 1.600000000000000089e+00 -9.330000000000000186e-04 -1.500000000000000038e-05 1.000000000000000000e+00 6.564600000000000435e-01 7.543600000000000305e-01 6.239999999999999887e-04 -7.543600000000000305e-01 6.564609999999999612e-01 -6.939999999999999555e-04
5.000000000000000000e+00 2.000000000000000000e+00 1.900000000000000000e+01 0.000000000000000000e+00 1.600000000000000089e+00 2.700000000000000035e-04 1.219999999999999974e-04 -1.000000000000000000e+00 1.922599999999999865e-01 -9.813439999999999941e-01 -6.799999999999999946e-05 -9.813439999999999941e-01 -1.922599999999999865e-01 -2.880000000000000073e-04
8.000000000000000000e+00 2.000000000000000000e+00 1.900000000000000000e+01 0.000000000000000000e+00 1.600000000000000089e+00 2.049999999999999956e-04 -3.167000000000000110e-03 -9.999949999999999672e-01 1.924450000000000049e-01 -9.813030000000000364e-01 3.148000000000000190e-03 -9.813079999999999581e-01 -1.924450000000000049e-01 4.079999999999999968e-04
1.200000000000000000e+01 2.000000000000000000e+00 1.900000000000000000e+01 0.000000000000000000e+00 1.600000000000000089e+00 6.520000000000000188e-04 -1.559999999999999972e-03 -9.999989999999999712e-01 1.887520000000000031e-01 -9.820229999999999793e-01 1.655000000000000004e-03 -9.820250000000000368e-01 -1.887530000000000041e-01 -3.460000000000000076e-04
1.600000000000000000e+01 2.000000000000000000e+00 1.900000000000000000e+01 0.000000000000000000e+00 1.600000000000000089e+00 -4.070000000000000267e-04 1.817999999999999955e-03 -9.999980000000000535e-01 1.887830000000000064e-01 -9.820170000000000288e-01 -1.861999999999999940e-03 -9.820189999999999753e-01 -1.887830000000000064e-01 5.700000000000000314e-05
2.400000000000000000e+01 2.000000000000000000e+00 1.900000000000000000e+01 0.000000000000000000e+00 1.600000000000000089e+00 -6.948000000000000183e-03 -1.422200000000000027e-02 -9.998749999999999583e-01 1.847419999999999896e-01 -9.827050000000000507e-01 1.269400000000000042e-02 -9.827630000000000532e-01 -1.846299999999999886e-01 9.454999999999999863e-03
8.000000000000000000e+00 4.000000000000000000e+00 2.000000000000000000e+01 0.000000000000000000e+00 1.600000000000000089e+00 -4.939999999999999730e-04 -2.899000000000000101e-03 -9.999959999999999960e-01 2.891079999999999761e-01 -9.572929999999999495e-01 2.632999999999999924e-03 -9.572960000000000358e-01 -2.891050000000000009e-01 1.311000000000000099e-03
2.100000000000000000e+01 4.000000000000000000e+00 2.000000000000000000e+01 0.000000000000000000e+00 1.600000000000000089e+00 -5.054999999999999598e-03 -4.521999999999999978e-03 -9.999770000000000048e-01 2.778379999999999739e-01 -9.606230000000000047e-01 2.939999999999999905e-03 -9.606149999999999967e-01 -2.778169999999999806e-01 6.112000000000000245e-03
1.000000000000000000e+00 1.300000000000000000e+01 2.000000000000000000e+01 0.000000000000000000e+00 1.600000000000000089e+00 -6.000000000000000152e-06 2.217999999999999920e-03 9.999970000000000248e-01 2.561919999999999753e-01 9.666240000000000387e-01 -2.141999999999999807e-03 -9.666259999999999852e-01 2.561910000000000021e-01 -5.739999999999999660e-04
8.000000000000000000e+00 1.300000000000000000e+01 2.000000000000000000e+01 0.000000000000000000e+00 1.600000000000000089e+00 -2.689999999999999791e-04 -4.479999999999999933e-04 1.000000000000000000e+00 2.571350000000000025e-01 9.663749999999999840e-01 5.019999999999999506e-04 -9.663749999999999840e-01 2.571350000000000025e-01 -1.450000000000000009e-04
1.300000000000000000e+01 1.300000000000000000e+01 2.000000000000000000e+01 0.000000000000000000e+00 1.600000000000000089e+00 6.650000000000000095e-04 -1.820000000000000057e-04 1.000000000000000000e+00 2.561660000000000048e-01 9.666329999999999645e-01 5.000000000000000409e-06 -9.666329999999999645e-01 2.561660000000000048e-01 6.890000000000000508e-04
1.600000000000000000e+01 1.300000000000000000e+01 2.000000000000000000e+01 0.000000000000000000e+00 1.600000000000000089e+00 6.099999999999999737e-04 -8.580000000000000387e-04 9.999989999999999712e-01 2.549779999999999824e-01 9.669470000000000010e-01 6.740000000000000114e-04 -9.669470000000000010e-01 2.549770000000000092e-01 8.090000000000000403e-04
2.000000000000000000e+01 1.300000000000000000e+01 2.000000000000000000e+01 0.000000000000000000e+00 1.600000000000000089e+00 -1.562000000000000020e-03 2.394999999999999993e-03 9.999959999999999960e-01 2.527190000000000270e-01 9.675380000000000091e-01 -1.922000000000000097e-03 -9.675390000000000379e-01 2.527150000000000230e-01 -2.115999999999999825e-03
2.800000000000000000e+01 1.300000000000000000e+01 2.000000000000000000e+01 0.000000000000000000e+00 1.600000000000000089e+00 -3.370000000000000166e-03 -9.584000000000000505e-03 9.999479999999999480e-01 2.544969999999999732e-01 9.670210000000000194e-01 1.012599999999999958e-02 -9.670680000000000387e-01 2.545180000000000220e-01 -8.189999999999999581e-04
2.000000000000000000e+00 3.000000000000000000e+00 2.500000000000000000e+01 0.000000000000000000e+00 1.600000000000000089e+00 7.789999999999999616e-04 2.226000000000000114e-03 9.999970000000000248e-01 -7.234899999999999665e-02 -9.973769999999999580e-01 2.275999999999999811e-03 9.973790000000000155e-01 -7.235099999999999865e-02 -6.160000000000000111e-04
5.000000000000000000e+00 3.000000000000000000e+00 2.500000000000000000e+01 0.000000000000000000e+00 1.600000000000000089e+00 1.016999999999999892e-03 -6.599999999999999964e-04 9.999989999999999712e-01 -7.591000000000000525e-02 -9.971149999999999736e-01 -5.810000000000000277e-04 9.971139999999999448e-01 -7.590900000000000425e-02 -1.064000000000000059e-03
8.000000000000000000e+00 3.000000000000000000e+00 2.500000000000000000e+01 0.000000000000000000e+00 1.600000000000000089e+00 1.057999999999999913e-03 -3.289999999999999739e-04 9.999989999999999712e-01 -7.989599999999999480e-02 -9.968029999999999946e-01 -2.439999999999999949e-04 9.968029999999999946e-01 -7.989499999999999380e-02 -1.080999999999999930e-03
1.600000000000000000e+01 3.000000000000000000e+00 2.500000000000000000e+01 0.000000000000000000e+00 1.600000000000000089e+00 5.569999999999999864e-04 -5.810000000000000277e-04 1.000000000000000000e+00 -7.522299999999999820e-02 -9.971670000000000256e-01 -5.379999999999999583e-04 9.971670000000000256e-01 -7.522299999999999820e-02 -5.990000000000000316e-04
2.200000000000000000e+01 3.000000000000000000e+00 2.500000000000000000e+01 0.000000000000000000e+00 1.600000000000000089e+00 -2.433999999999999966e-03 -9.723000000000000739e-03 9.999500000000000055e-01 -7.056300000000000072e-02 -9.974589999999999845e-01 -9.870000000000000301e-03 9.975039999999999463e-01 -7.058300000000000685e-02 1.742000000000000059e-03
1.000000000000000000e+00 4.600000000000000000e+01 2.700000000000000000e+01 0.000000000000000000e+00 1.600000000000000089e+00 3.308000000000000176e-03 -1.299999999999999886e-04 -9.999949999999999672e-01 6.742240000000000455e-01 7.385239999999999583e-01 2.134000000000000046e-03 7.385190000000000365e-01 -6.742270000000000207e-01 2.530000000000000131e-03
1.500000000000000000e+01 4.600000000000000000e+01 2.700000000000000000e+01 0.000000000000000000e+00 1.600000000000000089e+00 -2.199999999999999943e-05 4.960000000000000216e-04 -1.000000000000000000e+00 6.717290000000000205e-01 7.407970000000000388e-01 3.530000000000000152e-04 7.407970000000000388e-01 -6.717290000000000205e-01 -3.490000000000000263e-04
2.200000000000000000e+01 4.600000000000000000e+01 2.700000000000000000e+01 0.000000000000000000e+00 1.600000000000000089e+00 -1.332000000000000068e-03 3.209999999999999963e-04 -9.999989999999999712e-01 6.719760000000000177e-01 7.405730000000000368e-01 -6.570000000000000319e-04 7.405720000000000081e-01 -6.719760000000000177e-01 -1.203000000000000076e-03
2.800000000000000000e+01 4.600000000000000000e+01 2.700000000000000000e+01 0.000000000000000000e+00 1.600000000000000089e+00 -7.320000000000000118e-04 -7.950000000000000252e-04 -9.999989999999999712e-01 6.703109999999999902e-01 7.420790000000000441e-01 -1.080999999999999930e-03 7.420799999999999619e-01 -6.703109999999999902e-01 -1.000000000000000082e-05
1.800000000000000000e+01 4.600000000000000000e+01 3.000000000000000000e+01 0.000000000000000000e+00 1.600000000000000089e+00 1.057999999999999913e-03 -3.589999999999999984e-04 -9.999989999999999712e-01 3.300919999999999965e-01 9.439490000000000380e-01 1.099999999999999971e-05 9.439480000000000093e-01 -3.300910000000000233e-01 1.116999999999999937e-03
9.000000000000000000e+00 5.800000000000000000e+01 3.100000000000000000e+01 0.000000000000000000e+00 1.600000000000000089e+00 4.000000000000000192e-04 -5.609999999999999752e-04 1.000000000000000000e+00 -8.056250000000000355e-01 -5.924260000000000081e-01 -1.000000000000000082e-05 5.924260000000000081e-01 -8.056250000000000355e-01 -6.890000000000000508e-04
1.400000000000000000e+01 5.800000000000000000e+01 3.100000000000000000e+01 0.000000000000000000e+00 1.600000000000000089e+00 4.141999999999999849e-03 2.749999999999999840e-03 9.999879999999999880e-01 -8.001310000000000366e-01 -5.998050000000000326e-01 4.963000000000000397e-03 5.998109999999999831e-01 -8.001420000000000199e-01 -2.829999999999999942e-04
1.800000000000000000e+01 5.800000000000000000e+01 3.100000000000000000e+01 0.000000000000000000e+00 1.600000000000000089e+00 4.600000000000000004e-05 2.390000000000000089e-04 1.000000000000000000e+00 -7.965069999999999650e-01 -6.046289999999999720e-01 1.810000000000000085e-04 6.046289999999999720e-01 -7.965069999999999650e-01 1.630000000000000047e-04
2.200000000000000000e+01 5.800000000000000000e+01 3.100000000000000000e+01 0.000000000000000000e+00 1.600000000000000089e+00 -2.132000000000000214e-03 -4.847999999999999879e-03 9.999860000000000415e-01 -7.960970000000000546e-01 -6.051509999999999945e-01 -4.630999999999999700e-03 6.051649999999999530e-01 -7.960960000000000258e-01 -2.569999999999999802e-03
2.500000000000000000e+01 5.800000000000000000e+01 3.100000000000000000e+01 0.000000000000000000e+00 1.600000000000000089e+00 -3.700999999999999863e-03 -4.565999999999999746e-03 9.999829999999999552e-01 -7.959589999999999721e-01 -6.053230000000000555e-01 -5.709999999999999798e-03 6.053389999999999604e-01 -7.959669999999999801e-01 -1.394000000000000057e-03
4.000000000000000000e+00 2.200000000000000000e+01 3.400000000000000000e+01 0.000000000000000000e+00 1.600000000000000089e+00 7.730000000000000326e-04 6.960000000000000041e-04 9.999989999999999712e-01 3.791519999999999890e-01 -9.253339999999999899e-01 3.510000000000000208e-04 9.253339999999999899e-01 3.791519999999999890e-01 -9.790000000000000525e-04
6.000000000000000000e+00 2.200000000000000000e+01 3.400000000000000000e+01 0.000000000000000000e+00 1.600000000000000089e+00 -4.290000000000000193e-04 4.516000000000000049e-03 9.999900000000000455e-01 3.785069999999999824e-01 -9.255879999999999663e-01 4.342999999999999639e-03 9.255989999999999496e-01 3.785040000000000071e-01 -1.312000000000000015e-03
1.100000000000000000e+01 2.300000000000000000e+01 3.400000000000000000e+01 0.000000000000000000e+00 1.600000000000000089e+00 -1.431999999999999896e-03 -1.248999999999999893e-03 9.999980000000000535e-01 3.998669999999999725e-01 -9.165729999999999711e-01 -5.720000000000000258e-04 9.165720000000000534e-01 3.998650000000000260e-01 1.812999999999999941e-03
1.300000000000000000e+01 2.300000000000000000e+01 3.400000000000000000e+01 0.000000000000000000e+00 1.600000000000000089e+00 -3.739999999999999835e-04 -5.287000000000000033e-03 9.999860000000000415e-01 3.996600000000000152e-01 -9.166509999999999936e-01 -4.696999999999999786e-03 9.166630000000000056e-01 3.996529999999999805e-01 2.455999999999999850e-03
2.000000000000000000e+01 2.300000000000000000e+01 3.400000000000000000e+01 0.000000000000000000e+00 1.600000000000000089e+00 1.502999999999999996e-03 2.874999999999999951e-03 9.999949999999999672e-01 4.081299999999999928e-01 -9.129209999999999825e-01 2.011000000000000201e-03 9.129230000000000400e-01 4.081250000000000155e-01 -2.546000000000000086e-03
3.000000000000000000e+00 4.600000000000000000e+01 3.500000000000000000e+01 0.000000000000000000e+00 1.600000000000000089e+00 -8.559999999999999901e-04 -1.832999999999999994e-03 -9.999980000000000535e-01 3.922180000000000111e-01 -9.198709999999999942e-01 1.350000000000000071e-03 -9.198720000000000230e-01 -3.922160000000000091e-01 1.505999999999999960e-03
1.100000000000000000e+01 4.600000000000000000e+01 3.500000000000000000e+01 0.000000000000000000e+00 1.600000000000000089e+00 1.659999999999999963e-04 5.599999999999999916e-05 -1.000000000000000000e+00 3.923760000000000026e-01 -9.198049999999999837e-01 1.399999999999999979e-05 -9.198049999999999837e-01 -3.923760000000000026e-01 -1.740000000000000010e-04
1.500000000000000000e+01 4.600000000000000000e+01 3.500000000000000000e+01 0.000000000000000000e+00 1.600000000000000089e+00 -7.569999999999999689e-04 -8.620000000000000275e-04 -9.999989999999999712e-01 3.917129999999999779e-01 -9.200869999999999882e-01 4.970000000000000459e-04 -9.200869999999999882e-01 -3.917120000000000046e-01 1.033999999999999980e-03
2.200000000000000000e+01 4.600000000000000000e+01 3.500000000000000000e+01 0.000000000000000000e+00 1.600000000000000089e+00 -3.730000000000000134e-04 3.570999999999999956e-03 -9.999940000000000495e-01 3.942689999999999806e-01 -9.189889999999999448e-01 -3.429000000000000190e-03 -9.189950000000000063e-01 -3.942680000000000073e-01 -1.064999999999999974e-03
2.700000000000000000e+01 4.600000000000000000e+01 3.500000000000000000e+01 0.000000000000000000e+00 1.600000000000000089e+00 1.449999999999999900e-03 5.864000000000000289e-03 -9.999820000000000375e-01 3.948800000000000088e-01 -9.187199999999999811e-01 -4.813999999999999703e-03 -9.187319999999999931e-01 -3.948659999999999948e-01 -3.648000000000000201e-03
1.000000000000000000e+00 9.500000000000000000e+01 3.600000000000000000e+01 0.000000000000000000e+00 1.600000000000000089e+00 -2.341000000000000199e-03 -2.383000000000000135e-03 9.999940000000000495e-01 9.969839999999999813e-01 7.756599999999999606e-02 2.518999999999999972e-03 -7.757200000000000206e-02 9.969839999999999813e-01 2.194000000000000204e-03
6.000000000000000000e+00 9.500000000000000000e+01 3.600000000000000000e+01 0.000000000000000000e+00 1.600000000000000089e+00 -3.124000000000000041e-03 1.475100000000000022e-02 9.998860000000000525e-01 9.969860000000000388e-01 7.755199999999999594e-02 1.969999999999999963e-03 -7.751399999999999957e-02 9.968789999999999596e-01 -1.494900000000000048e-02
9.000000000000000000e+00 9.500000000000000000e+01 3.600000000000000000e+01 0.000000000000000000e+00 1.600000000000000089e+00 -6.011999999999999983e-03 1.372300000000000082e-02 9.998879999999999990e-01 9.973990000000000355e-01 7.190699999999999870e-02 5.009999999999999697e-03 -7.183000000000000496e-02 9.973170000000000091e-01 -1.411899999999999961e-02
1.400000000000000000e+01 9.500000000000000000e+01 3.600000000000000000e+01 0.000000000000000000e+00 1.600000000000000089e+00 -7.281000000000000145e-03 -9.034999999999999629e-03 9.999329999999999607e-01 9.975629999999999775e-01 6.932399999999999674e-02 7.889999999999999444e-03 -6.939099999999999435e-02 9.975530000000000230e-01 8.507999999999999938e-03
2.000000000000000000e+01 9.500000000000000000e+01 3.600000000000000000e+01 0.000000000000000000e+00 1.600000000000000089e+00 -1.350799999999999917e-02 -6.596000000000000300e-03 9.998869999999999703e-01 9.980970000000000120e-01 6.007900000000000046e-02 1.387999999999999998e-02 -6.016400000000000220e-02 9.981719999999999482e-01 5.772000000000000221e-03
2.600000000000000000e+01 9.500000000000000000e+01 3.600000000000000000e+01 0.000000000000000000e+00 1.600000000000000089e+00 8.432999999999999524e-03 1.864000000000000032e-02 9.997909999999999853e-01 9.983610000000000539e-01 5.643999999999999712e-02 -9.473999999999999783e-03 -5.660500000000000254e-02 9.982320000000000082e-01 -1.813299999999999981e-02
1.000000000000000000e+00 2.900000000000000000e+01 4.400000000000000000e+01 0.000000000000000000e+00 1.600000000000000089e+00 -9.389999999999999476e-04 6.600000000000000506e-05 -1.000000000000000000e+00 6.744860000000000300e-01 7.382870000000000266e-01 -5.850000000000000165e-04 7.382870000000000266e-01 -6.744869999999999477e-01 -7.380000000000000492e-04
8.000000000000000000e+00 2.900000000000000000e+01 4.400000000000000000e+01 0.000000000000000000e+00 1.600000000000000089e+00 -2.559999999999999884e-04 -1.062000000000000010e-03 -9.999989999999999712e-01 6.714210000000000456e-01 7.410750000000000393e-01 -9.590000000000000000e-04 7.410759999999999570e-01 -6.714210000000000456e-01 5.230000000000000274e-04
1.200000000000000000e+01 2.900000000000000000e+01 4.400000000000000000e+01 0.000000000000000000e+00 1.600000000000000089e+00 2.671000000000000197e-03 3.180999999999999800e-03 -9.999909999999999632e-01 6.696389999999999842e-01 7.426749999999999741e-01 4.151000000000000176e-03 7.426819999999999533e-01 -6.696440000000000170e-01 -1.459999999999999981e-04
2.200000000000000000e+01 2.900000000000000000e+01 4.400000000000000000e+01 0.000000000000000000e+00 1.600000000000000089e+00 -8.989999999999999511e-04 -5.349999999999999938e-04 -9.999989999999999712e-01 6.576570000000000471e-01 7.533170000000000144e-01 -9.940000000000000918e-04 7.533170000000000144e-01 -6.576579999999999648e-01 -3.249999999999999851e-04
2.600000000000000000e+01 2.900000000000000000e+01 4.400000000000000000e+01 0.000000000000000000e+00 1.600000000000000089e+00 1.219999999999999974e-04 3.246999999999999886e-03 -9.999949999999999672e-01 6.519260000000000055e-01 7.582790000000000363e-01 2.541999999999999989e-03 7.582830000000000403e-01 -6.519230000000000302e-01 -2.024000000000000191e-03
2.900000000000000000e+01 2.900000000000000000e+01 4.400000000000000000e+01 0.000000000000000000e+00 1.600000000000000089e+00 -9.600000000000000243e-05 1.832999999999999994e-03 -9.999980000000000535e-01 6.528049999999999686e-01 7.575250000000000039e-01 1.325999999999999922e-03 7.575260000000000327e-01 -6.528040000000000509e-01 -1.268999999999999946e-03
1.000000000000000000e+01 5.000000000000000000e+00 5.100000000000000000e+01 0.000000000000000000e+00 1.600000000000000089e+00 3.248000000000000019e-03 1.325999999999999922e-03 -9.999940000000000495e-01 4.890470000000000095e-01 -8.722569999999999490e-01 4.319999999999999838e-04 -8.722509999999999986e-01 -4.890459999999999807e-01 -3.481999999999999852e-03
1.400000000000000000e+01 5.000000000000000000e+00 5.100000000000000000e+01 0.000000000000000000e+00 1.600000000000000089e+00 9.539999999999999869e-04 -8.642000000000000376e-03 -9.999620000000000175e-01 4.884560000000000013e-01 -8.725519999999999943e-01 8.007000000000000228e-03 -8.725880000000000303e-01 -4.884450000000000180e-01 3.389000000000000085e-03
1.700000000000000000e+01 5.000000000000000000e+00 5.100000000000000000e+01 0.000000000000000000e+00 1.600000000000000089e+00 1.570999999999999914e-03 -5.510000000000000141e-03 -9.999839999999999840e-01 4.873319999999999874e-01 -8.731989999999999474e-01 5.577000000000000360e-03 -8.732159999999999922e-01 -4.873319999999999874e-01 1.314000000000000064e-03
2.100000000000000000e+01 5.000000000000000000e+00 5.100000000000000000e+01 0.000000000000000000e+00 1.600000000000000089e+00 8.239999999999999712e-04 -3.867000000000000211e-03 -9.999919999999999920e-01 4.820949999999999958e-01 -8.761109999999999731e-01 3.785000000000000170e-03 -8.761189999999999811e-01 -4.820940000000000225e-01 1.142000000000000003e-03
2.700000000000000000e+01 5.000000000000000000e+00 5.100000000000000000e+01 0.000000000000000000e+00 1.600000000000000089e+00 -5.837000000000000174e-03 -1.353200000000000063e-02 -9.998909999999999743e-01 4.850920000000000232e-01 -8.744169999999999998e-01 9.001999999999999585e-03 -8.744439999999999991e-01 -4.849870000000000014e-01 1.166799999999999955e-02
3.000000000000000000e+00 6.300000000000000000e+01 5.400000000000000000e+01 0.000000000000000000e+00 1.600000000000000089e+00 -2.135000000000000179e-03 -6.210000000000000242e-04 9.999970000000000248e-01 -3.558089999999999864e-01 9.345590000000000286e-01 -1.789999999999999870e-04 -9.345560000000000533e-01 -3.558089999999999864e-01 -2.216999999999999787e-03
8.000000000000000000e+00 6.300000000000000000e+01 5.400000000000000000e+01 0.000000000000000000e+00 1.600000000000000089e+00 -7.060000000000000303e-04 -8.099999999999999561e-04 1.000000000000000000e+00 -3.520730000000000248e-01 9.359730000000000549e-01 5.100000000000000366e-04 -9.359720000000000262e-01 -3.520719999999999961e-01 -9.460000000000000093e-04
1.200000000000000000e+01 6.300000000000000000e+01 5.400000000000000000e+01 0.000000000000000000e+00 1.600000000000000089e+00 1.291000000000000047e-03 3.637000000000000042e-03 9.999930000000000208e-01 -3.490119999999999889e-01 9.371140000000000025e-01 -2.956999999999999993e-03 -9.371169999999999778e-01 -3.490059999999999829e-01 2.478999999999999867e-03
1.600000000000000000e+01 6.300000000000000000e+01 5.400000000000000000e+01 0.000000000000000000e+00 1.600000000000000089e+00 2.030000000000000012e-04 1.226000000000000093e-03 9.999989999999999712e-01 -3.530249999999999777e-01 9.356130000000000280e-01 -1.075000000000000001e-03 -9.356139999999999457e-01 -3.530240000000000045e-01 6.229999999999999644e-04
1.900000000000000000e+01 6.300000000000000000e+01 5.400000000000000000e+01 0.000000000000000000e+00 1.600000000000000089e+00 -4.389999999999999914e-04 -2.129999999999999949e-03 9.999980000000000535e-01 -3.536380000000000079e-01 9.353799999999999892e-01 1.837000000000000091e-03 -9.353820000000000467e-01 -3.536369999999999791e-01 -1.164000000000000104e-03
2.400000000000000000e+01 6.300000000000000000e+01 5.400000000000000000e+01 0.000000000000000000e+00 1.600000000000000089e+00 -1.043000000000000090e-03 2.135999999999999878e-03 9.999970000000000248e-01 -3.519180000000000086e-01 9.360279999999999712e-01 -2.366000000000000048e-03 -9.360300000000000287e-01 -3.519189999999999818e-01 -2.249999999999999938e-04
1.000000000000000000e+00 2.500000000000000000e+01 5.500000000000000000e+01 0.000000000000000000e+00 1.600000000000000089e+00 2.041999999999999978e-03 5.235000000000000070e-03 -9.999839999999999840e-01 -1.125699999999999965e-02 -9.999230000000000063e-01 -5.257999999999999653e-03 -9.999350000000000183e-01 1.126800000000000024e-02 -1.982999999999999954e-03
7.000000000000000000e+00 2.500000000000000000e+01 5.500000000000000000e+01 0.000000000000000000e+00 1.600000000000000089e+00 1.374999999999999920e-03 2.064999999999999995e-03 -9.999970000000000248e-01 -1.069100000000000085e-02 -9.999409999999999688e-01 -2.079999999999999818e-03 -9.999419999999999975e-01 1.069400000000000038e-02 -1.351999999999999903e-03
1.400000000000000000e+01 2.500000000000000000e+01 5.500000000000000000e+01 0.000000000000000000e+00 1.600000000000000089e+00 -6.049999999999999606e-04 1.890000000000000133e-04 -1.000000000000000000e+00 -1.219600000000000024e-02 -9.999259999999999815e-01 -1.810000000000000085e-04 -9.999249999999999527e-01 1.219600000000000024e-02 6.070000000000000092e-04
2.400000000000000000e+01 2.100000000000000000e+01 6.000000000000000000e+01 0.000000000000000000e+00 1.600000000000000089e+00 -5.370000000000000424e-04 -4.186999999999999750e-03 9.999909999999999632e-01 -9.911899999999999877e-02 9.950670000000000348e-01 4.113000000000000336e-03 -9.950750000000000428e-01 -9.911499999999999477e-02 -9.489999999999999738e-04
3.000000000000000000e+01 2.100000000000000000e+01 6.000000000000000000e+01 0.000000000000000000e+00 1.600000000000000089e+00 -1.869999999999999917e-04 1.053600000000000023e-02 9.999440000000000550e-01 -9.817199999999999538e-02 9.951140000000000541e-01 -1.050300000000000018e-02 -9.951689999999999703e-01 -9.816900000000000626e-02 8.480000000000000124e-04
3.000000000000000000e+00 3.000000000000000000e+00 6.300000000000000000e+01 0.000000000000000000e+00 1.600000000000000089e+00 1.507000000000000093e-03 2.102999999999999835e-03 9.999970000000000248e-01 -6.160379999999999745e-01 7.877159999999999718e-01 -7.280000000000000230e-04 -7.877150000000000540e-01 -6.160349999999999993e-01 2.482999999999999964e-03
2.000000000000000000e+00 2.700000000000000000e+01 6.300000000000000000e+01 0.000000000000000000e+00 1.600000000000000089e+00 -1.016999999999999892e-03 -3.439000000000000216e-03 9.999940000000000495e-01 -2.675170000000000048e-01 9.635479999999999601e-01 3.040999999999999866e-03 -9.635529999999999928e-01 -2.675120000000000275e-01 -1.899999999999999996e-03
9.000000000000000000e+00 2.700000000000000000e+01 6.300000000000000000e+01 0.000000000000000000e+00 1.600000000000000089e+00 2.099000000000000171e-03 -5.349999999999999938e-04 9.999980000000000535e-01 -2.677740000000000120e-01 9.634810000000000318e-01 1.077999999999999965e-03 -9.634789999999999743e-01 -2.677760000000000140e-01 1.879000000000000028e-03
1.300000000000000000e+01 2.700000000000000000e+01 6.300000000000000000e+01 0.000000000000000000e+00 1.600000000000000089e+00 2.521999999999999936e-03 4.690000000000000158e-04 9.999970000000000248e-01 -2.683459999999999734e-01 9.633230000000000404e-01 2.249999999999999938e-04 -9.633190000000000364e-01 -2.683450000000000002e-01 2.556000000000000112e-03
1.800000000000000000e+01 2.700000000000000000e+01 6.300000000000000000e+01 0.000000000000000000e+00 1.600000000000000089e+00 -1.994000000000000113e-03 7.807999999999999836e-03 9.999679999999999680e-01 -2.701609999999999845e-01 9.627809999999999979e-01 -8.056999999999999926e-03 -9.628130000000000299e-01 -2.701689999999999925e-01 1.900000000000000105e-04
2.300000000000000000e+01 2.700000000000000000e+01 6.300000000000000000e+01 0.000000000000000000e+00 1.600000000000000089e+00 5.339999999999999695e-04 -9.619999999999999645e-04 9.999989999999999712e-01 -2.741700000000000248e-01 9.616810000000000080e-01 1.070999999999999903e-03 -9.616810000000000080e-01 -2.741709999999999980e-01 2.500000000000000052e-04
2.800000000000000000e+01 2.700000000000000000e+01 6.300000000000000000e+01 0.000000000000000000e+00 1.600000000000000089e+00 -2.331999999999999872e-03 -2.984999999999999806e-03 9.999930000000000208e-01 -2.732550000000000257e-01 9.619389999999999885e-01 2.233999999999999875e-03 -9.619389999999999885e-01 -2.732470000000000176e-01 -3.057999999999999954e-03
1.000000000000000000e+00 2.600000000000000000e+01 6.400000000000000000e+01 0.000000000000000000e+00 1.600000000000000089e+00 -1.479999999999999979e-03 -2.429999999999999977e-04 9.999989999999999712e-01 -3.488910000000000067e-01 9.371629999999999683e-01 -2.889999999999999774e-04 -9.371620000000000505e-01 -3.488919999999999799e-01 -1.472000000000000001e-03
9.000000000000000000e+00 2.600000000000000000e+01 6.400000000000000000e+01 0.000000000000000000e+00 1.600000000000000089e+00 1.915999999999999951e-03 3.350000000000000113e-04 9.999980000000000535e-01 -3.497810000000000086e-01 9.368309999999999693e-01 3.570000000000000040e-04 -9.368290000000000228e-01 -3.497810000000000086e-01 1.912000000000000071e-03
1.400000000000000000e+01 2.600000000000000000e+01 6.400000000000000000e+01 0.000000000000000000e+00 1.600000000000000089e+00 1.582000000000000073e-03 1.348000000000000023e-03 9.999980000000000535e-01 -3.493479999999999919e-01 9.369929999999999648e-01 -7.100000000000000191e-04 -9.369920000000000471e-01 -3.493459999999999899e-01 1.953000000000000092e-03
1.700000000000000000e+01 2.600000000000000000e+01 6.400000000000000000e+01 0.000000000000000000e+00 1.600000000000000089e+00 -1.562999999999999936e-03 5.915000000000000119e-03 9.999810000000000088e-01 -3.520820000000000061e-01 9.359490000000000309e-01 -6.087000000000000396e-03 -9.359680000000000222e-01 -3.520849999999999813e-01 6.199999999999999999e-04
2.200000000000000000e+01 2.600000000000000000e+01 6.400000000000000000e+01 0.000000000000000000e+00 1.600000000000000089e+00 5.050000000000000235e-04 2.625000000000000163e-03 9.999959999999999960e-01 -3.573979999999999935e-01 9.339490000000000292e-01 -2.271000000000000015e-03 -9.339520000000000044e-01 -3.573959999999999915e-01 1.410000000000000012e-03
2.700000000000000000e+01 2.600000000000000000e+01 6.400000000000000000e+01 0.000000000000000000e+00 1.600000000000000089e+00 -1.544999999999999932e-03 -2.056000000000000102e-03 9.999970000000000248e-01 -3.548830000000000040e-01 9.349100000000000188e-01 1.374000000000000004e-03 -9.349089999999999900e-01 -3.548799999999999732e-01 -2.174000000000000151e-03
