2.000000000000000000e+00 1.500000000000000000e+01 4.000000000000000000e+00 0.000000000000000000e+00 1.600000000000000089e+00 -6.379000000000000122e-03 -4.934000000000000018e-03 9.999670000000000503e-01 2.915090000000000181e-01 -9.565639999999999699e-01 -2.860000000000000129e-03 9.565470000000000361e-01 2.914809999999999901e-01 7.540999999999999960e-03
8.000000000000000000e+00 1.500000000000000000e+01 4.000000000000000000e+00 0.000000000000000000e+00 1.600000000000000089e+00 -6.806999999999999683e-03 1.134600000000000018e-02 9.999120000000000230e-01 2.867720000000000269e-01 -9.579130000000000145e-01 1.282100000000000080e-02 9.579750000000000210e-01 2.868339999999999779e-01 3.265999999999999806e-03
2.600000000000000000e+01 1.600000000000000000e+01 4.000000000000000000e+00 0.000000000000000000e+00 1.600000000000000089e+00 -3.861999999999999982e-03 1.780199999999999838e-02 9.998340000000000005e-01 3.235370000000000190e-01 -9.460420000000000496e-01 1.809399999999999897e-02 9.462070000000000203e-01 3.235540000000000083e-01 -2.105999999999999799e-03
2.000000000000000000e+00 1.010000000000000000e+02 7.000000000000000000e+00 0.000000000000000000e+00 1.600000000000000089e+00 1.570999999999999914e-03 1.286099999999999917e-02 9.999160000000000270e-01 8.850740000000000274e-01 4.653919999999999724e-01 -7.375999999999999744e-03 -4.654479999999999729e-01 8.850109999999999921e-01 -1.065200000000000001e-02
1.400000000000000000e+01 1.010000000000000000e+02 7.000000000000000000e+00 0.000000000000000000e+00 1.600000000000000089e+00 2.598000000000000049e-03 -4.847999999999999879e-03 9.999850000000000128e-01 8.882870000000000488e-01 4.592899999999999761e-01 -8.100000000000000375e-05 -4.592820000000000236e-01 8.882729999999999793e-01 5.499000000000000415e-03
2.000000000000000000e+00 1.500000000000000000e+01 8.000000000000000000e+00 0.000000000000000000e+00 1.600000000000000089e+00 2.785999999999999848e-03 -1.268000000000000030e-03 -9.999949999999999672e-01 -5.812559999999999949e-01 -8.137199999999999989e-01 -5.869999999999999567e-04 -8.137159999999999949e-01 5.812549999999999661e-01 -3.004000000000000160e-03
8.000000000000000000e+00 1.500000000000000000e+01 8.000000000000000000e+00 0.000000000000000000e+00 1.600000000000000089e+00 1.012799999999999985e-02 9.504000000000000295e-03 -9.999040000000000150e-01 -5.783420000000000227e-01 -8.156809999999999894e-01 -1.361099999999999983e-02 -8.157320000000000126e-01 5.784240000000000492e-01 -2.763999999999999964e-03
1.300000000000000000e+01 1.500000000000000000e+01 8.000000000000000000e+00 0.000000000000000000e+00 1.600000000000000089e+00 1.138699999999999955e-02 2.253900000000000001e-02 -9.996810000000000418e-01 -5.751509999999999678e-01 -8.176660000000000039e-01 -2.498699999999999879e-02 -8.179680000000000284e-01 5.752519999999999856e-01 3.651999999999999864e-03
2.100000000000000000e+01 1.500000000000000000e+01 8.000000000000000000e+00 0.000000000000000000e+00 1.600000000000000089e+00 6.532999999999999745e-03 2.121800000000000075e-02 -9.997530000000000028e-01 -5.680880000000000374e-01 -8.226949999999999541e-01 -2.117300000000000085e-02 -8.229419999999999513e-01 5.680859999999999799e-01 6.679000000000000041e-03
2.600000000000000000e+01 1.500000000000000000e+01 8.000000000000000000e+00 0.000000000000000000e+00 1.600000000000000089e+00 7.289999999999999605e-03 1.372699999999999962e-02 -9.998789999999999623e-01 -5.648480000000000167e-01 -8.250499999999999501e-01 -1.544500000000000040e-02 -8.251629999999999798e-01 5.648929999999999785e-01 1.739000000000000094e-03
1.900000000000000000e+01 2.600000000000000000e+01 8.000000000000000000e+00 0.000000000000000000e+00 1.600000000000000089e+00 -7.340000000000000170e-03 -2.073900000000000049e-02 -9.997580000000000355e-01 4.126360000000000028e-01 9.106319999999999970e-01 -2.191999999999999851e-02 9.108659999999999535e-01 -4.126969999999999805e-01 1.874000000000000015e-03
2.500000000000000000e+01 2.600000000000000000e+01 8.000000000000000000e+00 0.000000000000000000e+00 1.600000000000000089e+00 -5.420000000000000338e-03 -1.464999999999999983e-02 -9.998780000000000445e-01 4.173350000000000115e-01 9.086189999999999545e-01 -1.557500000000000030e-02 9.087370000000000170e-01 -4.173680000000000168e-01 1.190000000000000085e-03
2.900000000000000000e+01 2.600000000000000000e+01 8.000000000000000000e+00 0.000000000000000000e+00 1.600000000000000089e+00 -4.704999999999999981e-03 -1.946300000000000113e-02 -9.997989999999999933e-01 4.193259999999999765e-01 9.076229999999999576e-01 -1.964199999999999974e-02 9.078239999999999643e-01 -4.193339999999999845e-01 3.890999999999999927e-03
4.000000000000000000e+00 2.400000000000000000e+01 9.000000000000000000e+00 0.000000000000000000e+00 1.600000000000000089e+00 -2.459999999999999947e-03 -9.393000000000000307e-03 -9.999529999999999808e-01 4.581669999999999909e-01 8.888160000000000505e-01 -9.476000000000000048e-03 8.888629999999999587e-01 -4.581689999999999929e-01 2.118000000000000091e-03
1.300000000000000000e+01 2.400000000000000000e+01 9.000000000000000000e+00 0.000000000000000000e+00 1.600000000000000089e+00 -9.532000000000000542e-03 -2.488100000000000034e-02 -9.996450000000000058e-01 4.642310000000000048e-01 8.853189999999999671e-01 -2.646199999999999941e-02 8.856629999999999781e-01 -4.643189999999999817e-01 3.112000000000000183e-03
1.800000000000000000e+01 2.400000000000000000e+01 9.000000000000000000e+00 0.000000000000000000e+00 1.600000000000000089e+00 -8.073999999999999580e-03 -2.545599999999999946e-02 -9.996429999999999483e-01 4.661989999999999745e-01 8.842900000000000205e-01 -2.628399999999999834e-02 8.846429999999999572e-01 -4.662439999999999918e-01 4.728000000000000431e-03
8.000000000000000000e+00 3.100000000000000000e+01 1.200000000000000000e+01 0.000000000000000000e+00 1.600000000000000089e+00 -6.790000000000000245e-04 9.300000000000000541e-04 9.999989999999999712e-01 1.899599999999999900e-02 9.998190000000000133e-01 -9.169999999999999549e-04 -9.998190000000000133e-01 1.899500000000000147e-02 -6.960000000000000041e-04
1.800000000000000000e+01 3.100000000000000000e+01 1.200000000000000000e+01 0.000000000000000000e+00 1.600000000000000089e+00 9.049999999999999885e-04 -1.381999999999999982e-03 9.999989999999999712e-01 9.676000000000000573e-03 9.999519999999999520e-01 1.373000000000000088e-03 -9.999529999999999808e-01 9.674999999999999573e-03 9.190000000000000035e-04
3.000000000000000000e+01 3.100000000000000000e+01 1.200000000000000000e+01 0.000000000000000000e+00 1.600000000000000089e+00 -3.606999999999999963e-03 2.605000000000000111e-03 9.999900000000000455e-01 1.394100000000000027e-02 9.999000000000000110e-01 -2.553999999999999847e-03 -9.998960000000000070e-01 1.393199999999999994e-02 -3.642999999999999971e-03
3.000000000000000000e+00 1.200000000000000000e+01 1.500000000000000000e+01 0.000000000000000000e+00 1.600000000000000089e+00 1.644000000000000062e-03 3.147000000000000058e-03 -9.999940000000000495e-01 -4.642760000000000220e-01 -8.856840000000000268e-01 -3.550000000000000204e-03 -8.856889999999999485e-01 4.642789999999999973e-01 5.000000000000000409e-06
6.000000000000000000e+00 1.200000000000000000e+01 1.500000000000000000e+01 0.000000000000000000e+00 1.600000000000000089e+00 5.947000000000000029e-03 8.862000000000000086e-03 -9.999430000000000263e-01 -4.659940000000000193e-01 -8.847239999999999549e-01 -1.061199999999999991e-02 -8.847679999999999989e-01 4.660299999999999998e-01 -1.131999999999999977e-03
1.400000000000000000e+01 1.200000000000000000e+01 1.500000000000000000e+01 0.000000000000000000e+00 1.600000000000000089e+00 7.656999999999999744e-03 1.235999999999999946e-02 -9.998939999999999495e-01 -4.683249999999999913e-01 -8.834370000000000278e-01 -1.450700000000000080e-02 -8.835229999999999473e-01 4.683860000000000245e-01 -9.759999999999999796e-04
2.600000000000000000e+01 1.200000000000000000e+01 1.500000000000000000e+01 0.000000000000000000e+00 1.600000000000000089e+00 5.459000000000000311e-03 4.825000000000000296e-03 -9.999730000000000008e-01 -4.695320000000000049e-01 -8.828890000000000349e-01 -6.823000000000000072e-03 -8.828979999999999606e-01 4.695570000000000022e-01 -2.553999999999999847e-03
2.900000000000000000e+01 1.200000000000000000e+01 1.500000000000000000e+01 0.000000000000000000e+00 1.600000000000000089e+00 4.584999999999999666e-03 5.168999999999999984e-03 -9.999759999999999760e-01 -4.695400000000000129e-01 -8.828850000000000309e-01 -6.716999999999999880e-03 -8.828989999999999894e-01 4.695599999999999774e-01 -1.621000000000000045e-03
7.000000000000000000e+00 1.160000000000000000e+02 1.600000000000000000e+01 0.000000000000000000e+00 1.600000000000000089e+00 8.019999999999999785e-04 2.546999999999999785e-03 9.999959999999999960e-01 7.015900000000000469e-01 7.125770000000000159e-01 -2.377000000000000206e-03 -7.125810000000000199e-01 7.015890000000000182e-01 -1.216000000000000067e-03
1.200000000000000000e+01 1.160000000000000000e+02 1.600000000000000000e+01 0.000000000000000000e+00 1.600000000000000089e+00 -2.249999999999999938e-04 -2.840000000000000076e-03 9.999959999999999960e-01 7.048750000000000293e-01 7.093279999999999585e-01 2.173000000000000018e-03 -7.093310000000000448e-01 7.048729999999999718e-01 1.842000000000000104e-03
2.100000000000000000e+01 1.160000000000000000e+02 1.600000000000000000e+01 0.000000000000000000e+00 1.600000000000000089e+00 6.049999999999999606e-04 1.879999999999999944e-03 9.999980000000000535e-01 6.692230000000000123e-01 7.430600000000000538e-01 -1.801000000000000083e-03 -7.430620000000000003e-01 6.692230000000000123e-01 -8.090000000000000403e-04
2.500000000000000000e+01 1.160000000000000000e+02 1.600000000000000000e+01 0.000000000000000000e+00 1.600000000000000089e+00 -4.169999999999999987e-04 -1.394999999999999973e-03 9.999989999999999712e-01 6.722630000000000550e-01 7.403110000000000523e-01 1.312999999999999931e-03 -7.403119999999999701e-01 6.722630000000000550e-01 6.290000000000000018e-04
5.000000000000000000e+00 2.000000000000000000e+00 1.900000000000000000e+01 0.000000000000000000e+00 1.600000000000000089e+00 -6.239999999999999887e-04 5.680000000000000370e-04 -1.000000000000000000e+00 1.766280000000000072e-01 -9.842769999999999575e-01 -6.689999999999999983e-04 -9.842779999999999863e-01 -1.766280000000000072e-01 5.130000000000000011e-04
1.500000000000000000e+01 2.000000000000000000e+00 1.900000000000000000e+01 0.000000000000000000e+00 1.600000000000000089e+00 -5.289999999999999564e-04 4.852999999999999675e-03 -9.999879999999999880e-01 1.725520000000000109e-01 -9.849879999999999747e-01 -4.871999999999999595e-03 -9.849999999999999867e-01 -1.725530000000000119e-01 -3.159999999999999832e-04
2.000000000000000000e+01 2.000000000000000000e+00 1.900000000000000000e+01 0.000000000000000000e+00 1.600000000000000089e+00 -1.062000000000000010e-03 9.009999999999999997e-04 -9.999989999999999712e-01 1.685869999999999869e-01 -9.856859999999999511e-01 -1.067999999999999939e-03 -9.856859999999999511e-01 -1.685879999999999879e-01 8.949999999999999623e-04
2.300000000000000000e+01 2.000000000000000000e+00 1.900000000000000000e+01 0.000000000000000000e+00 1.600000000000000089e+00 -2.318999999999999881e-03 6.589999999999999721e-04 -9.999970000000000248e-01 1.669630000000000003e-01 -9.859630000000000338e-01 -1.036999999999999944e-03 -9.859599999999999476e-01 -1.669650000000000023e-01 2.177000000000000116e-03
2.700000000000000000e+01 2.000000000000000000e+00 1.900000000000000000e+01 0.000000000000000000e+00 1.600000000000000089e+00 -1.926999999999999894e-03 5.439999999999999957e-04 -9.999980000000000535e-01 1.665550000000000086e-01 -9.860320000000000196e-01 -8.570000000000000144e-04 -9.860299999999999621e-01 -1.665570000000000106e-01 1.809999999999999977e-03
7.000000000000000000e+00 4.000000000000000000e+00 2.000000000000000000e+01 0.000000000000000000e+00 1.600000000000000089e+00 -3.547999999999999939e-03 2.076000000000000154e-03 -9.999919999999999920e-01 2.745040000000000258e-01 -9.615810000000000191e-01 -2.971000000000000116e-03 -9.615789999999999615e-01 -2.745130000000000070e-01 2.841999999999999908e-03
1.100000000000000000e+01 4.000000000000000000e+00 2.000000000000000000e+01 0.000000000000000000e+00 1.600000000000000089e+00 -1.427000000000000100e-03 2.390000000000000197e-03 -9.999959999999999960e-01 2.781100000000000239e-01 -9.605460000000000109e-01 -2.693000000000000081e-03 -9.605479999999999574e-01 -2.781120000000000259e-01 7.060000000000000303e-04
1.500000000000000000e+01 4.000000000000000000e+00 2.000000000000000000e+01 0.000000000000000000e+00 1.600000000000000089e+00 -1.446999999999999936e-03 6.837000000000000195e-03 -9.999759999999999760e-01 2.727040000000000020e-01 -9.620729999999999560e-01 -6.971999999999999899e-03 -9.620969999999999800e-01 -2.727080000000000060e-01 -4.730000000000000046e-04
2.000000000000000000e+00 1.300000000000000000e+01 2.000000000000000000e+01 0.000000000000000000e+00 1.600000000000000089e+00 -1.800000000000000113e-04 -2.255000000000000060e-03 9.999970000000000248e-01 2.569440000000000057e-01 9.664239999999999498e-01 2.224999999999999981e-03 -9.664260000000000073e-01 2.569440000000000057e-01 4.049999999999999781e-04
6.000000000000000000e+00 1.300000000000000000e+01 2.000000000000000000e+01 0.000000000000000000e+00 1.600000000000000089e+00 7.069999999999999462e-04 -3.652999999999999997e-03 9.999930000000000208e-01 2.577559999999999851e-01 9.662039999999999518e-01 3.347000000000000149e-03 -9.662100000000000133e-01 2.577519999999999811e-01 1.624000000000000010e-03
1.000000000000000000e+01 1.300000000000000000e+01 2.000000000000000000e+01 0.000000000000000000e+00 1.600000000000000089e+00 1.529999999999999893e-03 -7.643999999999999753e-03 9.999700000000000255e-01 2.589199999999999835e-01 9.658729999999999816e-01 6.987000000000000155e-03 -9.658980000000000343e-01 2.589009999999999923e-01 3.457000000000000003e-03
1.400000000000000000e+01 1.300000000000000000e+01 2.000000000000000000e+01 0.000000000000000000e+00 1.600000000000000089e+00 3.069999999999999812e-04 -1.025799999999999976e-02 9.999470000000000303e-01 2.583239999999999981e-01 9.660079999999999778e-01 9.830000000000000196e-03 -9.660579999999999723e-01 2.583070000000000088e-01 2.945999999999999834e-03
1.900000000000000000e+01 1.300000000000000000e+01 2.000000000000000000e+01 0.000000000000000000e+00 1.600000000000000089e+00 -5.360000000000000181e-04 -1.479999999999999925e-04 1.000000000000000000e+00 2.594130000000000047e-01 9.657660000000000133e-01 2.820000000000000241e-04 -9.657660000000000133e-01 2.594130000000000047e-01 -4.789999999999999879e-04
2.600000000000000000e+01 1.300000000000000000e+01 2.000000000000000000e+01 0.000000000000000000e+00 1.600000000000000089e+00 -1.649999999999999991e-04 -8.090999999999999234e-03 9.999670000000000503e-01 2.591010000000000257e-01 9.658179999999999543e-01 7.856999999999999401e-03 -9.658499999999999863e-01 2.590939999999999910e-01 1.936999999999999920e-03
1.100000000000000000e+01 1.600000000000000000e+01 2.100000000000000000e+01 0.000000000000000000e+00 1.600000000000000089e+00 1.516999999999999902e-03 -3.850000000000000124e-03 9.999909999999999632e-01 2.954809999999999937e-01 9.553430000000000533e-01 3.229999999999999798e-03 -9.553469999999999462e-01 2.954740000000000144e-01 2.586999999999999890e-03
1.900000000000000000e+01 1.600000000000000000e+01 2.100000000000000000e+01 0.000000000000000000e+00 1.600000000000000089e+00 1.029999999999999964e-04 5.546999999999999847e-03 9.999850000000000128e-01 2.965800000000000103e-01 9.549929999999999808e-01 -5.328000000000000271e-03 -9.550079999999999680e-01 2.965760000000000063e-01 -1.546000000000000065e-03
2.300000000000000000e+01 1.600000000000000000e+01 2.100000000000000000e+01 0.000000000000000000e+00 1.600000000000000089e+00 -6.980000000000000527e-04 -5.008000000000000299e-03 9.999869999999999592e-01 2.965389999999999970e-01 9.550079999999999680e-01 4.989999999999999644e-03 -9.550199999999999800e-01 2.965389999999999970e-01 8.180000000000000422e-04
2.700000000000000000e+01 1.600000000000000000e+01 2.100000000000000000e+01 0.000000000000000000e+00 1.600000000000000089e+00 -4.589999999999999896e-04 -7.555000000000000084e-03 9.999710000000000543e-01 2.964180000000000148e-01 9.550300000000000455e-01 7.350999999999999895e-03 -9.550579999999999625e-01 2.964129999999999820e-01 1.801000000000000083e-03
1.300000000000000000e+01 3.000000000000000000e+00 2.500000000000000000e+01 0.000000000000000000e+00 1.600000000000000089e+00 -4.804000000000000110e-03 8.137999999999999401e-03 9.999550000000000383e-01 -1.603999999999999870e-02 -9.998390000000000333e-01 8.059999999999999457e-03 9.998599999999999710e-01 -1.600000000000000033e-02 4.934000000000000018e-03
1.000000000000000000e+00 4.600000000000000000e+01 2.700000000000000000e+01 0.000000000000000000e+00 1.600000000000000089e+00 -6.610000000000000207e-04 -7.460000000000000268e-04 -1.000000000000000000e+00 6.766039999999999832e-01 7.363459999999999450e-01 -9.959999999999999236e-04 7.363459999999999450e-01 -6.766050000000000120e-01 1.800000000000000046e-05
1.000000000000000000e+01 4.600000000000000000e+01 2.700000000000000000e+01 0.000000000000000000e+00 1.600000000000000089e+00 9.300000000000000541e-04 1.577999999999999976e-03 -9.999980000000000535e-01 6.812279999999999447e-01 7.320689999999999698e-01 1.789000000000000009e-03 7.320710000000000273e-01 -6.812279999999999447e-01 -3.939999999999999817e-04
1.600000000000000000e+01 4.600000000000000000e+01 2.700000000000000000e+01 0.000000000000000000e+00 1.600000000000000089e+00 5.969999999999999829e-04 -6.310000000000000504e-04 -1.000000000000000000e+00 6.847670000000000146e-01 7.287620000000000209e-01 -5.099999999999999960e-05 7.287609999999999921e-01 -6.847670000000000146e-01 8.670000000000000406e-04
2.600000000000000000e+01 4.600000000000000000e+01 2.700000000000000000e+01 0.000000000000000000e+00 1.600000000000000089e+00 7.799999999999999859e-04 1.211000000000000054e-03 -9.999989999999999712e-01 6.787400000000000100e-01 7.343779999999999752e-01 1.418999999999999906e-03 7.343790000000000040e-01 -6.787400000000000100e-01 -2.500000000000000052e-04
2.800000000000000000e+01 4.600000000000000000e+01 3.000000000000000000e+01 0.000000000000000000e+00 1.600000000000000089e+00 4.539999999999999765e-04 1.630000000000000047e-04 -1.000000000000000000e+00 3.345029999999999948e-01 9.423949999999999827e-01 3.049999999999999868e-04 9.423949999999999827e-01 -3.345029999999999948e-01 3.730000000000000134e-04
4.000000000000000000e+00 5.800000000000000000e+01 3.100000000000000000e+01 0.000000000000000000e+00 1.600000000000000089e+00 -1.820000000000000057e-04 3.809999999999999910e-04 1.000000000000000000e+00 -7.998499999999999499e-01 -6.001999999999999558e-01 8.299999999999999815e-05 6.001999999999999558e-01 -7.998499999999999499e-01 4.139999999999999800e-04
9.000000000000000000e+00 5.800000000000000000e+01 3.100000000000000000e+01 0.000000000000000000e+00 1.600000000000000089e+00 2.418000000000000010e-03 7.863000000000000198e-03 9.999660000000000215e-01 -8.014740000000000197e-01 -5.979919999999999680e-01 6.640000000000000069e-03 5.980240000000000000e-01 -8.014630000000000365e-01 4.856000000000000073e-03
1.700000000000000000e+01 5.800000000000000000e+01 3.100000000000000000e+01 0.000000000000000000e+00 1.600000000000000089e+00 6.629999999999999609e-04 2.849999999999999886e-04 1.000000000000000000e+00 -8.013710000000000555e-01 -5.981670000000000043e-01 7.010000000000000172e-04 5.981670000000000043e-01 -8.013710000000000555e-01 -1.679999999999999907e-04
2.200000000000000000e+01 5.800000000000000000e+01 3.100000000000000000e+01 0.000000000000000000e+00 1.600000000000000089e+00 2.137000000000000011e-03 4.793000000000000385e-03 9.999860000000000415e-01 -7.990530000000000133e-01 -6.012440000000000007e-01 4.589000000000000197e-03 6.012570000000000414e-01 -7.990509999999999557e-01 2.543999999999999821e-03
2.800000000000000000e+01 5.800000000000000000e+01 3.100000000000000000e+01 0.000000000000000000e+00 1.600000000000000089e+00 2.603999999999999978e-03 -5.069999999999999637e-04 9.999959999999999960e-01 -7.943010000000000348e-01 -6.075220000000000065e-01 1.760000000000000063e-03 6.075190000000000312e-01 -7.943029999999999813e-01 -1.984999999999999785e-03
4.000000000000000000e+00 4.600000000000000000e+01 3.500000000000000000e+01 0.000000000000000000e+00 1.600000000000000089e+00 -9.990000000000001049e-04 2.500000000000000120e-05 -9.999989999999999712e-01 3.836410000000000098e-01 -9.234820000000000251e-01 -4.070000000000000267e-04 -9.234820000000000251e-01 -3.836419999999999830e-01 9.129999999999999661e-04
1.300000000000000000e+01 4.600000000000000000e+01 3.500000000000000000e+01 0.000000000000000000e+00 1.600000000000000089e+00 -4.389999999999999914e-04 -5.289999999999999564e-04 -1.000000000000000000e+00 3.866160000000000152e-01 -9.222409999999999775e-01 3.179999999999999776e-04 -9.222409999999999775e-01 -3.866149999999999864e-01 6.089999999999999494e-04
1.600000000000000000e+01 4.600000000000000000e+01 3.500000000000000000e+01 0.000000000000000000e+00 1.600000000000000089e+00 -6.679999999999999740e-04 1.360000000000000098e-03 -9.999989999999999712e-01 3.860049999999999870e-01 -9.224949999999999539e-01 -1.512000000000000106e-03 -9.224959999999999827e-01 -3.860060000000000158e-01 9.100000000000000287e-05
2.000000000000000000e+01 4.600000000000000000e+01 3.500000000000000000e+01 0.000000000000000000e+00 1.600000000000000089e+00 -5.320000000000000293e-04 1.544999999999999932e-03 -9.999989999999999712e-01 3.864040000000000252e-01 -9.223280000000000367e-01 -1.629999999999999939e-03 -9.223289999999999544e-01 -3.864049999999999985e-01 -1.069999999999999988e-04
8.000000000000000000e+00 9.500000000000000000e+01 3.600000000000000000e+01 0.000000000000000000e+00 1.600000000000000089e+00 -8.999999999999999754e-04 9.480000000000000579e-03 9.999550000000000383e-01 9.971360000000000223e-01 7.562800000000000078e-02 1.810000000000000085e-04 -7.562299999999999578e-02 9.970909999999999496e-01 -9.520999999999999949e-03
1.400000000000000000e+01 9.500000000000000000e+01 3.600000000000000000e+01 0.000000000000000000e+00 1.600000000000000089e+00 5.487999999999999823e-03 -1.497099999999999993e-02 9.998730000000000118e-01 9.975549999999999695e-01 6.974700000000000344e-02 -4.431000000000000043e-03 -6.967199999999999782e-02 9.974520000000000053e-01 1.531700000000000075e-02
2.300000000000000000e+01 9.500000000000000000e+01 3.600000000000000000e+01 0.000000000000000000e+00 1.600000000000000089e+00 -2.312999999999999952e-03 2.400000000000000061e-05 9.999970000000000248e-01 9.970740000000000158e-01 7.641299999999999482e-02 2.305000000000000191e-03 -7.641299999999999482e-02 9.970759999999999623e-01 -2.010000000000000068e-04
2.700000000000000000e+01 9.500000000000000000e+01 3.600000000000000000e+01 0.000000000000000000e+00 1.600000000000000089e+00 -7.333000000000000108e-03 -2.173100000000000032e-02 9.997369999999999868e-01 9.968609999999999971e-01 7.866099999999999481e-02 9.022000000000000505e-03 -7.883600000000000330e-02 9.966650000000000231e-01 2.108600000000000058e-02
1.000000000000000000e+00 2.900000000000000000e+01 4.400000000000000000e+01 0.000000000000000000e+00 1.600000000000000089e+00 -5.908000000000000057e-03 -3.235000000000000028e-03 -9.999770000000000048e-01 6.647530000000000383e-01 7.470360000000000333e-01 -6.344999999999999946e-03 7.470400000000000373e-01 -6.647760000000000336e-01 -2.262999999999999821e-03
7.000000000000000000e+00 2.900000000000000000e+01 4.400000000000000000e+01 0.000000000000000000e+00 1.600000000000000089e+00 -2.092999999999999809e-03 8.069999999999999916e-04 -9.999970000000000248e-01 6.666079999999999783e-01 7.454079999999999595e-01 -7.940000000000000009e-04 7.454060000000000130e-01 -6.666079999999999783e-01 -2.098000000000000038e-03
1.100000000000000000e+01 2.900000000000000000e+01 4.400000000000000000e+01 0.000000000000000000e+00 1.600000000000000089e+00 -1.423999999999999919e-03 2.550999999999999882e-03 -9.999959999999999960e-01 6.654660000000000020e-01 7.464269999999999516e-01 9.569999999999999514e-04 7.464260000000000339e-01 -6.654619999999999980e-01 -2.759999999999999867e-03
1.700000000000000000e+01 2.900000000000000000e+01 4.400000000000000000e+01 0.000000000000000000e+00 1.600000000000000089e+00 -6.026000000000000106e-03 -1.902999999999999961e-03 -9.999799999999999800e-01 6.446739999999999693e-01 7.644389999999999796e-01 -5.340000000000000129e-03 7.644339999999999469e-01 -6.446929999999999605e-01 -3.380000000000000192e-03
2.200000000000000000e+01 2.900000000000000000e+01 4.400000000000000000e+01 0.000000000000000000e+00 1.600000000000000089e+00 -1.616999999999999948e-03 -1.685999999999999999e-03 -9.999970000000000248e-01 6.391850000000000032e-01 7.690500000000000114e-01 -2.331000000000000173e-03 7.690510000000000401e-01 -6.391869999999999497e-01 -1.659999999999999963e-04
2.900000000000000000e+01 2.900000000000000000e+01 4.400000000000000000e+01 0.000000000000000000e+00 1.600000000000000089e+00 6.091000000000000060e-03 1.681999999999999901e-03 -9.999799999999999800e-01 6.513259999999999605e-01 7.587800000000000100e-01 5.244000000000000397e-03 7.587730000000000308e-01 -6.513449999999999518e-01 3.527000000000000187e-03
2.500000000000000000e+01 6.000000000000000000e+00 5.100000000000000000e+01 0.000000000000000000e+00 1.600000000000000089e+00 -5.420000000000000338e-03 2.304000000000000058e-03 -9.999829999999999552e-01 3.235450000000000270e-01 -9.462049999999999628e-01 -3.933999999999999997e-03 -9.461969999999999548e-01 -3.235609999999999875e-01 4.382999999999999743e-03
2.900000000000000000e+01 7.000000000000000000e+00 5.200000000000000000e+01 0.000000000000000000e+00 1.600000000000000089e+00 -4.026000000000000065e-03 4.264000000000000429e-03 -9.999829999999999552e-01 9.438100000000000656e-02 -9.955249999999999932e-01 -4.624999999999999771e-03 -9.955279999999999685e-01 -9.439799999999999580e-02 3.605999999999999830e-03
1.200000000000000000e+01 1.500000000000000000e+01 5.300000000000000000e+01 0.000000000000000000e+00 1.600000000000000089e+00 1.170999999999999949e-03 8.299999999999999815e-05 -9.999989999999999712e-01 6.774360000000000381e-01 7.355810000000000404e-01 8.540000000000000499e-04 7.355810000000000404e-01 -6.774369999999999559e-01 8.050000000000000515e-04
2.000000000000000000e+00 6.300000000000000000e+01 5.400000000000000000e+01 0.000000000000000000e+00 1.600000000000000089e+00 1.188999999999999953e-03 4.220000000000000118e-04 9.999989999999999712e-01 -3.533780000000000254e-01 9.354810000000000070e-01 2.500000000000000120e-05 -9.354799999999999782e-01 -3.533780000000000254e-01 1.262000000000000101e-03
6.000000000000000000e+00 6.300000000000000000e+01 5.400000000000000000e+01 0.000000000000000000e+00 1.600000000000000089e+00 4.119999999999999856e-04 -1.620000000000000075e-04 1.000000000000000000e+00 -3.509249999999999869e-01 9.364029999999999854e-01 2.970000000000000092e-04 -9.364029999999999854e-01 -3.509249999999999869e-01 3.289999999999999739e-04
8.000000000000000000e+00 6.300000000000000000e+01 5.400000000000000000e+01 0.000000000000000000e+00 1.600000000000000089e+00 7.600000000000000418e-04 1.240000000000000054e-04 1.000000000000000000e+00 -3.495980000000000198e-01 9.368999999999999551e-01 1.499999999999999869e-04 -9.368990000000000373e-01 -3.495980000000000198e-01 7.560000000000000530e-04
1.200000000000000000e+01 6.300000000000000000e+01 5.400000000000000000e+01 0.000000000000000000e+00 1.600000000000000089e+00 -5.029999999999999749e-04 4.569999999999999952e-04 1.000000000000000000e+00 -3.487979999999999969e-01 9.371979999999999755e-01 -6.040000000000000447e-04 -9.371979999999999755e-01 -3.487979999999999969e-01 -3.119999999999999944e-04
2.200000000000000000e+01 6.300000000000000000e+01 5.400000000000000000e+01 0.000000000000000000e+00 1.600000000000000089e+00 -5.419999999999999471e-04 2.400000000000000061e-05 1.000000000000000000e+00 -3.519939999999999736e-01 9.360020000000000007e-01 -2.130000000000000003e-04 -9.360020000000000007e-01 -3.519939999999999736e-01 -4.989999999999999861e-04
2.800000000000000000e+01 6.300000000000000000e+01 5.400000000000000000e+01 0.000000000000000000e+00 1.600000000000000089e+00 5.789999999999999791e-04 -3.289999999999999739e-04 1.000000000000000000e+00 -3.547420000000000018e-01 9.349640000000000173e-01 5.130000000000000011e-04 -9.349640000000000173e-01 -3.547429999999999750e-01 4.249999999999999763e-04
4.000000000000000000e+00 2.500000000000000000e+01 5.500000000000000000e+01 0.000000000000000000e+00 1.600000000000000089e+00 -9.600000000000000243e-04 -2.586999999999999890e-03 -9.999959999999999960e-01 -1.091600000000000036e-02 -9.999369999999999647e-01 2.596999999999999916e-03 -9.999400000000000510e-01 1.091800000000000062e-02 9.319999999999999942e-04
8.000000000000000000e+00 2.500000000000000000e+01 5.500000000000000000e+01 0.000000000000000000e+00 1.600000000000000089e+00 7.410000000000000137e-04 4.229999999999999819e-04 -1.000000000000000000e+00 -1.127300000000000003e-02 -9.999360000000000470e-01 -4.310000000000000137e-04 -9.999360000000000470e-01 1.127399999999999930e-02 -7.370000000000000249e-04
1.000000000000000000e+01 2.500000000000000000e+01 5.500000000000000000e+01 0.000000000000000000e+00 1.600000000000000089e+00 1.196999999999999930e-03 2.978000000000000178e-03 -9.999949999999999672e-01 -1.139899999999999941e-02 -9.999310000000000143e-01 -2.991000000000000169e-03 -9.999339999999999895e-01 1.140299999999999994e-02 -1.162999999999999971e-03
2.100000000000000000e+01 2.500000000000000000e+01 5.500000000000000000e+01 0.000000000000000000e+00 1.600000000000000089e+00 1.314999999999999980e-03 -1.978999999999999856e-03 -9.999970000000000248e-01 -1.272000000000000040e-02 -9.999169999999999447e-01 1.962000000000000202e-03 -9.999179999999999735e-01 1.271800000000000014e-02 -1.340000000000000045e-03
2.600000000000000000e+01 2.500000000000000000e+01 5.500000000000000000e+01 0.000000000000000000e+00 1.600000000000000089e+00 -1.263000000000000017e-03 1.971000000000000096e-03 -9.999970000000000248e-01 -1.268900000000000063e-02 -9.999179999999999735e-01 -1.954000000000000008e-03 -9.999190000000000023e-01 1.268599999999999936e-02 1.288000000000000082e-03
9.000000000000000000e+00 5.800000000000000000e+01 5.900000000000000000e+01 0.000000000000000000e+00 1.600000000000000089e+00 -4.340000000000000108e-03 5.394000000000000357e-03 -9.999759999999999760e-01 3.868599999999999817e-01 9.221319999999999517e-01 3.295000000000000186e-03 9.221279999999999477e-01 -3.868369999999999864e-01 -6.088999999999999795e-03
1.600000000000000000e+01 3.000000000000000000e+00 6.300000000000000000e+01 0.000000000000000000e+00 1.600000000000000089e+00 3.477000000000000056e-03 -7.067999999999999630e-03 9.999689999999999968e-01 -6.168209999999999527e-01 7.870650000000000146e-01 7.707999999999999574e-03 -7.870949999999999891e-01 -6.168289999999999607e-01 -1.623000000000000094e-03
1.900000000000000000e+01 3.000000000000000000e+00 6.300000000000000000e+01 0.000000000000000000e+00 1.600000000000000089e+00 9.909999999999999105e-04 -4.890000000000000249e-03 9.999879999999999880e-01 -6.177570000000000006e-01 7.863560000000000549e-01 4.457000000000000024e-03 -7.863679999999999559e-01 -6.177540000000000253e-01 -2.242000000000000069e-03
4.000000000000000000e+00 2.700000000000000000e+01 6.300000000000000000e+01 0.000000000000000000e+00 1.600000000000000089e+00 -9.820000000000000170e-04 -8.259999999999999981e-03 9.999649999999999928e-01 -2.779949999999999921e-01 9.605519999999999614e-01 7.662000000000000408e-03 -9.605820000000000469e-01 -2.779780000000000029e-01 -3.239999999999999825e-03
8.000000000000000000e+00 2.700000000000000000e+01 6.300000000000000000e+01 0.000000000000000000e+00 1.600000000000000089e+00 8.100000000000000375e-05 -9.173000000000000598e-03 9.999580000000000135e-01 -2.796600000000000197e-01 9.600589999999999957e-01 8.829999999999999308e-03 -9.600990000000000357e-01 -2.796489999999999809e-01 -2.488000000000000194e-03
1.600000000000000000e+01 2.700000000000000000e+01 6.300000000000000000e+01 0.000000000000000000e+00 1.600000000000000089e+00 2.300000000000000070e-04 1.208000000000000089e-03 9.999989999999999712e-01 -2.828979999999999828e-01 9.591499999999999471e-01 -1.093999999999999920e-03 -9.591499999999999471e-01 -2.828970000000000096e-01 5.630000000000000239e-04
2.000000000000000000e+01 2.700000000000000000e+01 6.300000000000000000e+01 0.000000000000000000e+00 1.600000000000000089e+00 4.500000000000000283e-05 1.257000000000000088e-03 9.999989999999999712e-01 -2.836400000000000032e-01 9.589299999999999491e-01 -1.193000000000000050e-03 -9.589309999999999778e-01 -2.836400000000000032e-01 3.989999999999999949e-04
2.400000000000000000e+01 2.700000000000000000e+01 6.300000000000000000e+01 0.000000000000000000e+00 1.600000000000000089e+00 -2.759999999999999867e-04 4.627000000000000036e-03 9.999890000000000168e-01 -2.837459999999999982e-01 9.588889999999999914e-01 -4.514999999999999916e-03 -9.588999999999999746e-01 -2.837439999999999962e-01 1.048000000000000103e-03
2.900000000000000000e+01 2.700000000000000000e+01 6.300000000000000000e+01 0.000000000000000000e+00 1.600000000000000089e+00 -1.454999999999999913e-03 1.541999999999999968e-03 9.999980000000000535e-01 -2.837560000000000082e-01 9.588950000000000529e-01 -1.892000000000000019e-03 -9.588950000000000529e-01 -2.837580000000000102e-01 -9.569999999999999514e-04
8.000000000000000000e+00 2.600000000000000000e+01 6.400000000000000000e+01 0.000000000000000000e+00 1.600000000000000089e+00 1.147999999999999932e-03 -8.862999999999999351e-03 9.999599999999999600e-01 -3.601249999999999729e-01 9.328629999999999978e-01 8.682000000000000481e-03 -9.329030000000000378e-01 -3.601210000000000244e-01 -2.121000000000000055e-03
1.300000000000000000e+01 2.600000000000000000e+01 6.400000000000000000e+01 0.000000000000000000e+00 1.600000000000000089e+00 4.000000000000000192e-04 1.761999999999999894e-03 9.999980000000000535e-01 -3.627059999999999729e-01 9.319020000000000081e-01 -1.497000000000000067e-03 -9.319030000000000369e-01 -3.627049999999999996e-01 1.012000000000000096e-03
2.000000000000000000e+01 2.600000000000000000e+01 6.400000000000000000e+01 0.000000000000000000e+00 1.600000000000000089e+00 1.820000000000000057e-04 1.562000000000000020e-03 9.999989999999999712e-01 -3.639490000000000225e-01 9.314179999999999682e-01 -1.387999999999999911e-03 -9.314189999999999969e-01 -3.639479999999999937e-01 7.380000000000000492e-04
2.400000000000000000e+01 2.600000000000000000e+01 6.400000000000000000e+01 0.000000000000000000e+00 1.600000000000000089e+00 -8.170000000000000179e-04 4.067000000000000302e-03 9.999909999999999632e-01 -3.648270000000000124e-01 9.310669999999999780e-01 -4.085000000000000089e-03 -9.310749999999999860e-01 -3.648270000000000124e-01 7.230000000000000098e-04
2.800000000000000000e+01 2.600000000000000000e+01 6.400000000000000000e+01 0.000000000000000000e+00 1.600000000000000089e+00 -2.377000000000000206e-03 1.575999999999999927e-03 9.999959999999999960e-01 -3.660599999999999965e-01 9.305879999999999708e-01 -2.337000000000000102e-03 -9.305879999999999708e-01 -3.660640000000000005e-01 -1.634999999999999952e-03
2.200000000000000000e+01 6.900000000000000000e+01 6.600000000000000000e+01 0.000000000000000000e+00 1.600000000000000089e+00 -1.327000000000000055e-03 -9.870000000000000301e-04 9.999989999999999712e-01 -9.502059999999999951e-01 3.116209999999999813e-01 -9.539999999999999869e-04 -3.116200000000000081e-01 -9.502059999999999951e-01 -1.351999999999999903e-03
6.000000000000000000e+00 2.500000000000000000e+01 7.300000000000000000e+01 0.000000000000000000e+00 1.600000000000000089e+00 1.201000000000000028e-03 1.946999999999999946e-03 9.999970000000000248e-01 7.568120000000000402e-01 -6.536330000000000195e-01 3.640000000000000115e-04 6.536319999999999908e-01 7.568099999999999827e-01 -2.259000000000000157e-03
1.100000000000000000e+01 2.500000000000000000e+01 7.300000000000000000e+01 0.000000000000000000e+00 1.600000000000000089e+00 -1.570999999999999914e-03 -3.250999999999999984e-03 9.999930000000000208e-01 7.560700000000000198e-01 -6.544900000000000162e-01 -9.399999999999999719e-04 6.544889999999999874e-01 7.560630000000000406e-01 3.485999999999999949e-03
1.700000000000000000e+01 2.500000000000000000e+01 7.300000000000000000e+01 0.000000000000000000e+00 1.600000000000000089e+00 1.299999999999999886e-04 8.440000000000000236e-04 1.000000000000000000e+00 7.540540000000000020e-01 -6.568129999999999802e-01 4.560000000000000251e-04 6.568129999999999802e-01 7.540529999999999733e-01 -7.209999999999999612e-04
2.500000000000000000e+01 2.500000000000000000e+01 7.300000000000000000e+01 0.000000000000000000e+00 1.600000000000000089e+00 8.890000000000000333e-04 -1.435999999999999993e-03 9.999989999999999712e-01 7.535279999999999756e-01 -6.574140000000000539e-01 -1.613999999999999983e-03 6.574149999999999716e-01 7.535279999999999756e-01 4.979999999999999618e-04
8.000000000000000000e+00 4.400000000000000000e+01 7.300000000000000000e+01 0.000000000000000000e+00 1.600000000000000089e+00 -1.789999999999999870e-04 -2.330000000000000040e-03 9.999970000000000248e-01 4.848800000000000332e-02 -9.988209999999999589e-01 -2.318000000000000182e-03 9.988240000000000451e-01 4.848700000000000232e-02 2.919999999999999961e-04
1.400000000000000000e+01 4.400000000000000000e+01 7.300000000000000000e+01 0.000000000000000000e+00 1.600000000000000089e+00 5.339999999999999695e-04 2.122000000000000188e-03 9.999980000000000535e-01 5.017400000000000332e-02 -9.987380000000000146e-01 2.092000000000000109e-03 9.987399999999999611e-01 5.017300000000000232e-02 -6.390000000000000280e-04
1.800000000000000000e+01 4.400000000000000000e+01 7.300000000000000000e+01 0.000000000000000000e+00 1.600000000000000089e+00 3.820000000000000153e-04 -1.815999999999999906e-03 9.999980000000000535e-01 5.139200000000000018e-02 -9.986770000000000369e-01 -1.832999999999999994e-03 9.986789999999999834e-01 5.139300000000000118e-02 -2.880000000000000073e-04
2.500000000000000000e+01 4.400000000000000000e+01 7.300000000000000000e+01 0.000000000000000000e+00 1.600000000000000089e+00 -2.809999999999999998e-04 -1.920000000000000049e-03 9.999980000000000535e-01 5.286099999999999827e-02 -9.986000000000000432e-01 -1.902999999999999961e-03 9.986019999999999897e-01 5.285999999999999727e-02 3.829999999999999854e-04
2.900000000000000000e+01 5.100000000000000000e+01 7.600000000000000000e+01 0.000000000000000000e+00 1.600000000000000089e+00 1.410000000000000012e-03 -1.459999999999999981e-04 -9.999989999999999712e-01 -4.063629999999999742e-01 -9.137110000000000509e-01 -4.400000000000000157e-04 -9.137110000000000509e-01 4.063629999999999742e-01 -1.348000000000000023e-03
4.000000000000000000e+00 9.100000000000000000e+01 7.600000000000000000e+01 0.000000000000000000e+00 1.600000000000000089e+00 7.600000000000000418e-04 1.369999999999999961e-04 1.000000000000000000e+00 3.173889999999999767e-01 -9.482960000000000278e-01 -1.110000000000000011e-04 9.482949999999999990e-01 3.173889999999999767e-01 -7.649999999999999465e-04
1.300000000000000000e+01 9.100000000000000000e+01 7.600000000000000000e+01 0.000000000000000000e+00 1.600000000000000089e+00 -2.023000000000000059e-03 -7.140000000000000079e-04 9.999980000000000535e-01 3.182840000000000114e-01 -9.479950000000000321e-01 -3.300000000000000253e-05 9.479929999999999746e-01 3.182829999999999826e-01 2.145000000000000205e-03
2.300000000000000000e+01 9.100000000000000000e+01 7.600000000000000000e+01 0.000000000000000000e+00 1.600000000000000089e+00 -1.480999999999999895e-03 2.400000000000000061e-05 9.999989999999999712e-01 3.037020000000000275e-01 -9.527670000000000305e-01 4.719999999999999803e-04 9.527660000000000018e-01 3.037030000000000007e-01 1.402999999999999950e-03
