2.800000000000000000e+01 2.500000000000000000e+01 1.000000000000000000e+00 0.000000000000000000e+00 1.600000000000000089e+00 -3.096999999999999927e-03 1.183799999999999956e-02 -9.999249999999999527e-01 -5.344569999999999599e-01 -8.451539999999999608e-01 -8.349999999999999784e-03 -8.451899999999999968e-01 5.343909999999999494e-01 8.944999999999999826e-03
4.000000000000000000e+00 1.500000000000000000e+01 4.000000000000000000e+00 0.000000000000000000e+00 1.600000000000000089e+00 1.590000000000000050e-03 -6.800999999999999754e-03 9.999759999999999760e-01 3.259179999999999855e-01 -9.453719999999999901e-01 -6.948000000000000183e-03 9.453970000000000429e-01 3.259219999999999895e-01 7.140000000000000079e-04
1.100000000000000000e+01 1.500000000000000000e+01 4.000000000000000000e+00 0.000000000000000000e+00 1.600000000000000089e+00 -5.987000000000000134e-03 -1.030299999999999966e-02 9.999289999999999567e-01 3.212809999999999833e-01 -9.469520000000000159e-01 -7.832999999999999685e-03 9.469649999999999457e-01 3.212110000000000243e-01 8.980000000000000135e-03
1.400000000000000000e+01 1.500000000000000000e+01 4.000000000000000000e+00 0.000000000000000000e+00 1.600000000000000089e+00 -4.255000000000000102e-03 -1.366999999999999986e-02 9.998979999999999535e-01 3.192849999999999855e-01 -9.475879999999999859e-01 -1.159600000000000040e-02 9.476489999999999636e-01 3.192030000000000145e-01 8.396999999999999950e-03
1.700000000000000000e+01 1.500000000000000000e+01 4.000000000000000000e+00 0.000000000000000000e+00 1.600000000000000089e+00 8.909999999999999734e-04 -9.391000000000000042e-03 9.999550000000000383e-01 3.202860000000000151e-01 -9.472760000000000069e-01 -9.181999999999999190e-03 9.473200000000000509e-01 3.202800000000000091e-01 2.164000000000000125e-03
2.600000000000000000e+01 1.500000000000000000e+01 4.000000000000000000e+00 0.000000000000000000e+00 1.600000000000000089e+00 -3.183000000000000065e-03 -1.381699999999999942e-02 9.999000000000000110e-01 3.262729999999999797e-01 -9.451990000000000114e-01 -1.202199999999999970e-02 9.452700000000000546e-01 3.262019999999999920e-01 7.517000000000000244e-03
2.900000000000000000e+01 1.500000000000000000e+01 4.000000000000000000e+00 0.000000000000000000e+00 1.600000000000000089e+00 6.809999999999999647e-04 -8.174999999999999975e-03 9.999660000000000215e-01 3.261939999999999840e-01 -9.452690000000000259e-01 -7.950000000000000469e-03 9.453030000000000044e-01 3.261890000000000067e-01 2.023000000000000059e-03
5.000000000000000000e+00 1.900000000000000000e+01 5.000000000000000000e+00 0.000000000000000000e+00 1.600000000000000089e+00 -1.820999999999999919e-03 -5.366000000000000110e-03 -9.999839999999999840e-01 -6.739089999999999803e-01 -7.387960000000000083e-01 5.191000000000000301e-03 -7.388120000000000243e-01 6.739079999999999515e-01 -2.269999999999999882e-03
2.800000000000000000e+01 8.700000000000000000e+01 6.000000000000000000e+00 0.000000000000000000e+00 1.600000000000000089e+00 -6.632390000000000230e-01 -6.316680000000000073e-01 -4.013849999999999918e-01 -7.456850000000000422e-01 6.034540000000000459e-01 2.824840000000000129e-01 6.378100000000000436e-02 4.866610000000000102e-01 -8.712600000000000344e-01
2.900000000000000000e+01 8.600000000000000000e+01 7.000000000000000000e+00 0.000000000000000000e+00 1.600000000000000089e+00 -6.742430000000000367e-01 -6.667849999999999611e-01 -3.174810000000000132e-01 -7.374340000000000339e-01 6.310689999999999911e-01 2.407160000000000133e-01 3.984700000000000047e-02 3.964230000000000254e-01 -9.172029999999999905e-01
8.000000000000000000e+00 1.010000000000000000e+02 7.000000000000000000e+00 0.000000000000000000e+00 1.600000000000000089e+00 -1.959999999999999937e-03 -5.208100000000000229e-02 9.986410000000000009e-01 8.809850000000000181e-01 4.724079999999999946e-01 2.636600000000000055e-02 -4.731389999999999763e-01 8.798399999999999554e-01 4.495699999999999696e-02
4.000000000000000000e+00 2.500000000000000000e+01 8.000000000000000000e+00 0.000000000000000000e+00 1.600000000000000089e+00 -6.800000000000000488e-04 8.949999999999999623e-04 -9.999989999999999712e-01 4.552869999999999973e-01 8.903440000000000243e-01 4.879999999999999898e-04 8.903440000000000243e-01 -4.552869999999999973e-01 -1.013000000000000012e-03
1.300000000000000000e+01 2.500000000000000000e+01 8.000000000000000000e+00 0.000000000000000000e+00 1.600000000000000089e+00 5.039999999999999992e-04 -1.144599999999999958e-02 -9.999339999999999895e-01 4.528960000000000208e-01 8.915079999999999671e-01 -9.976000000000000492e-03 8.915629999999999944e-01 -4.528610000000000135e-01 5.632999999999999986e-03
2.100000000000000000e+01 2.500000000000000000e+01 8.000000000000000000e+00 0.000000000000000000e+00 1.600000000000000089e+00 1.569000000000000082e-03 5.000000000000000409e-06 -9.999989999999999712e-01 4.528429999999999955e-01 8.915899999999999936e-01 7.150000000000000322e-04 8.915889999999999649e-01 -4.528440000000000243e-01 1.396000000000000105e-03
2.500000000000000000e+01 2.500000000000000000e+01 8.000000000000000000e+00 0.000000000000000000e+00 1.600000000000000089e+00 1.108000000000000044e-03 3.403999999999999908e-03 -9.999940000000000495e-01 4.517689999999999761e-01 8.921280000000000321e-01 3.537000000000000213e-03 8.921339999999999826e-01 -4.517700000000000049e-01 -5.490000000000000088e-04
3.000000000000000000e+01 2.500000000000000000e+01 8.000000000000000000e+00 0.000000000000000000e+00 1.600000000000000089e+00 1.250000000000000026e-03 1.709999999999999932e-03 -9.999980000000000535e-01 4.525370000000000226e-01 8.917429999999999524e-01 2.089999999999999844e-03 8.917450000000000099e-01 -4.525379999999999958e-01 3.409999999999999945e-04
8.000000000000000000e+00 2.400000000000000000e+01 9.000000000000000000e+00 0.000000000000000000e+00 1.600000000000000089e+00 7.200000000000000453e-04 -3.589999999999999984e-04 -1.000000000000000000e+00 4.580509999999999859e-01 8.889259999999999939e-01 1.099999999999999971e-05 8.889259999999999939e-01 -4.580500000000000127e-01 8.050000000000000515e-04
1.400000000000000000e+01 2.400000000000000000e+01 9.000000000000000000e+00 0.000000000000000000e+00 1.600000000000000089e+00 9.929999999999999591e-04 -6.393000000000000245e-03 -9.999789999999999512e-01 4.568710000000000271e-01 8.895180000000000309e-01 -5.232999999999999804e-03 8.895319999999999894e-01 -4.568559999999999843e-01 3.804000000000000090e-03
2.000000000000000000e+01 2.400000000000000000e+01 9.000000000000000000e+00 0.000000000000000000e+00 1.600000000000000089e+00 1.624000000000000010e-03 2.112000000000000162e-03 -9.999959999999999960e-01 4.564289999999999736e-01 8.897559999999999913e-01 2.621000000000000066e-03 8.897580000000000489e-01 -4.564320000000000044e-01 4.809999999999999823e-04
2.900000000000000000e+01 2.400000000000000000e+01 9.000000000000000000e+00 0.000000000000000000e+00 1.600000000000000089e+00 5.980000000000000072e-04 3.517999999999999860e-03 -9.999940000000000495e-01 4.546229999999999993e-01 8.906779999999999697e-01 3.405000000000000041e-03 8.906840000000000312e-01 -4.546220000000000261e-01 -1.067000000000000023e-03
2.700000000000000000e+01 8.900000000000000000e+01 9.000000000000000000e+00 0.000000000000000000e+00 1.600000000000000089e+00 -9.260570000000000190e-01 1.306599999999999949e-02 -3.771570000000000200e-01 -9.172700000000000298e-02 9.616369999999999640e-01 2.585359999999999880e-01 3.660660000000000025e-01 2.740150000000000086e-01 -8.893320000000000114e-01
8.000000000000000000e+00 1.200000000000000000e+01 1.000000000000000000e+01 0.000000000000000000e+00 1.600000000000000089e+00 -4.400000000000000157e-04 -5.102999999999999897e-03 -9.999869999999999592e-01 -5.512569999999999970e-01 -8.343230000000000368e-01 4.499999999999999660e-03 -8.343350000000000488e-01 5.512519999999999643e-01 -2.445999999999999824e-03
4.000000000000000000e+00 3.500000000000000000e+01 1.200000000000000000e+01 0.000000000000000000e+00 1.600000000000000089e+00 2.601000000000000013e-03 -6.694000000000000297e-03 -9.999740000000000295e-01 3.975629999999999997e-01 -9.175470000000000015e-01 7.176000000000000087e-03 -9.175710000000000255e-01 -3.975710000000000077e-01 2.739999999999999923e-04
2.300000000000000000e+01 3.500000000000000000e+01 1.200000000000000000e+01 0.000000000000000000e+00 1.600000000000000089e+00 -6.897000000000000353e-03 7.624999999999999833e-03 -9.999470000000000303e-01 4.442360000000000197e-01 -8.958549999999999569e-01 -9.894999999999999282e-03 -8.958829999999999849e-01 -4.442809999999999815e-01 2.792000000000000211e-03
1.000000000000000000e+01 3.200000000000000000e+01 1.400000000000000000e+01 0.000000000000000000e+00 1.600000000000000089e+00 8.109999999999999805e-04 2.471999999999999805e-03 -9.999970000000000248e-01 1.054559999999999942e-01 9.944209999999999994e-01 2.543000000000000121e-03 9.944239999999999746e-01 -1.054579999999999962e-01 5.450000000000000200e-04
1.800000000000000000e+01 3.200000000000000000e+01 1.400000000000000000e+01 0.000000000000000000e+00 1.600000000000000089e+00 -3.869999999999999742e-04 -4.841999999999999950e-03 -9.999879999999999880e-01 1.055510000000000059e-01 9.944020000000000081e-01 -4.854999999999999941e-03 9.944140000000000201e-01 -1.055520000000000069e-01 1.259999999999999998e-04
5.000000000000000000e+00 1.160000000000000000e+02 1.600000000000000000e+01 0.000000000000000000e+00 1.600000000000000089e+00 4.500000000000000283e-05 1.443999999999999971e-03 9.999989999999999712e-01 7.617049999999999654e-01 6.479230000000000267e-01 -9.700000000000000505e-04 -6.479240000000000554e-01 7.617040000000000477e-01 -1.069999999999999988e-03
1.000000000000000000e+01 1.160000000000000000e+02 1.600000000000000000e+01 0.000000000000000000e+00 1.600000000000000089e+00 -3.023000000000000079e-03 -4.440000000000000045e-04 9.999949999999999672e-01 7.668430000000000524e-01 6.418300000000000116e-01 2.602999999999999845e-03 -6.418279999999999541e-01 7.668469999999999454e-01 -1.600000000000000077e-03
1.800000000000000000e+01 1.160000000000000000e+02 1.600000000000000000e+01 0.000000000000000000e+00 1.600000000000000089e+00 -4.120999999999999663e-03 -9.412000000000000227e-03 9.999470000000000303e-01 7.598759999999999959e-01 6.500019999999999687e-01 9.249000000000000277e-03 -6.500550000000000495e-01 7.598740000000000494e-01 4.473000000000000413e-03
2.400000000000000000e+01 1.160000000000000000e+02 1.600000000000000000e+01 0.000000000000000000e+00 1.600000000000000089e+00 -1.941999999999999933e-03 -6.812999999999999612e-03 9.999749999999999472e-01 6.594919999999999671e-01 7.516850000000000476e-01 6.401999999999999705e-03 -7.517089999999999606e-01 6.594879999999999631e-01 3.033000000000000106e-03
4.000000000000000000e+00 2.000000000000000000e+00 1.900000000000000000e+01 0.000000000000000000e+00 1.600000000000000089e+00 -1.729000000000000068e-03 -1.972499999999999948e-02 -9.998040000000000260e-01 1.586760000000000115e-01 -9.871440000000000214e-01 1.919999999999999832e-02 -9.873290000000000122e-01 -1.586110000000000020e-01 4.837000000000000154e-03
9.000000000000000000e+00 2.000000000000000000e+00 1.900000000000000000e+01 0.000000000000000000e+00 1.600000000000000089e+00 1.679999999999999907e-04 -1.706000000000000051e-03 -9.999989999999999712e-01 1.532910000000000106e-01 -9.881799999999999473e-01 1.711000000000000064e-03 -9.881809999999999761e-01 -1.532910000000000106e-01 9.600000000000000243e-05
1.200000000000000000e+01 2.000000000000000000e+00 1.900000000000000000e+01 0.000000000000000000e+00 1.600000000000000089e+00 1.487999999999999956e-03 7.825000000000000358e-03 -9.999679999999999680e-01 1.520100000000000062e-01 -9.883499999999999508e-01 -7.507999999999999917e-03 -9.883779999999999788e-01 -1.519939999999999902e-01 -2.660000000000000038e-03
2.000000000000000000e+01 2.000000000000000000e+00 1.900000000000000000e+01 0.000000000000000000e+00 1.600000000000000089e+00 3.420000000000000188e-04 7.894999999999999241e-03 -9.999689999999999968e-01 1.586720000000000075e-01 -9.873009999999999842e-01 -7.740999999999999617e-03 -9.873309999999999587e-01 -1.586650000000000005e-01 -1.590999999999999966e-03
2.300000000000000000e+01 2.000000000000000000e+00 1.900000000000000000e+01 0.000000000000000000e+00 1.600000000000000089e+00 1.770000000000000089e-03 1.234000000000000027e-02 -9.999219999999999775e-01 1.592760000000000009e-01 -9.871619999999999839e-01 -1.190100000000000012e-02 -9.872330000000000272e-01 -1.592419999999999947e-01 -3.713000000000000154e-03
2.500000000000000000e+01 2.000000000000000000e+00 1.900000000000000000e+01 0.000000000000000000e+00 1.600000000000000089e+00 1.879999999999999944e-03 7.473999999999999741e-03 -9.999700000000000255e-01 1.563499999999999890e-01 -9.876759999999999984e-01 -7.087999999999999683e-03 -9.877000000000000224e-01 -1.563319999999999987e-01 -3.024999999999999911e-03
1.000000000000000000e+00 1.300000000000000000e+01 2.000000000000000000e+01 0.000000000000000000e+00 1.600000000000000089e+00 7.269999999999999987e-04 5.631999999999999854e-03 9.999839999999999840e-01 2.514279999999999848e-01 9.678600000000000536e-01 -5.634000000000000119e-03 -9.678759999999999586e-01 2.514290000000000136e-01 -7.129999999999999836e-04
1.300000000000000000e+01 1.300000000000000000e+01 2.000000000000000000e+01 0.000000000000000000e+00 1.600000000000000089e+00 1.730999999999999900e-03 -3.246000000000000187e-03 9.999930000000000208e-01 2.455489999999999895e-01 9.693800000000000194e-01 2.720999999999999894e-03 -9.693829999999999947e-01 2.455430000000000113e-01 2.475000000000000203e-03
2.200000000000000000e+01 1.300000000000000000e+01 2.000000000000000000e+01 0.000000000000000000e+00 1.600000000000000089e+00 -4.659999999999999971e-04 2.477000000000000035e-03 9.999970000000000248e-01 2.481530000000000125e-01 9.687179999999999680e-01 -2.284000000000000006e-03 -9.687210000000000543e-01 2.481520000000000115e-01 -1.066000000000000107e-03
2.800000000000000000e+01 1.300000000000000000e+01 2.000000000000000000e+01 0.000000000000000000e+00 1.600000000000000089e+00 -2.390999999999999896e-03 -6.945999999999999917e-03 9.999730000000000008e-01 2.484359999999999902e-01 9.686209999999999543e-01 7.322999999999999649e-03 -9.686449999999999783e-01 2.484470000000000012e-01 -5.910000000000000539e-04
6.000000000000000000e+00 1.600000000000000000e+01 2.100000000000000000e+01 0.000000000000000000e+00 1.600000000000000089e+00 2.233000000000000176e-03 1.108199999999999984e-02 9.999360000000000470e-01 2.987489999999999868e-01 9.542659999999999476e-01 -1.124299999999999952e-02 -9.543289999999999829e-01 2.987549999999999928e-01 -1.178999999999999927e-03
9.000000000000000000e+00 1.600000000000000000e+01 2.100000000000000000e+01 0.000000000000000000e+00 1.600000000000000089e+00 1.931999999999999907e-03 1.198399999999999986e-02 9.999259999999999815e-01 2.975090000000000234e-01 9.546430000000000193e-01 -1.201600000000000064e-02 -9.547170000000000378e-01 2.975099999999999967e-01 -1.721000000000000090e-03
2.600000000000000000e+01 1.600000000000000000e+01 2.100000000000000000e+01 0.000000000000000000e+00 1.600000000000000089e+00 -2.582000000000000094e-03 -5.411000000000000011e-03 9.999820000000000375e-01 2.973100000000000187e-01 9.547630000000000283e-01 5.934000000000000039e-03 -9.547780000000000156e-01 2.973199999999999732e-01 -8.559999999999999901e-04
1.000000000000000000e+01 3.000000000000000000e+00 2.500000000000000000e+01 0.000000000000000000e+00 1.600000000000000089e+00 -2.281000000000000041e-03 1.176899999999999995e-02 9.999280000000000390e-01 -4.172100000000000114e-02 -9.990609999999999769e-01 1.166400000000000076e-02 9.991269999999999873e-01 -4.169099999999999889e-02 2.769000000000000194e-03
1.400000000000000000e+01 4.900000000000000000e+01 2.500000000000000000e+01 0.000000000000000000e+00 1.600000000000000089e+00 8.911999999999999783e-03 7.065399999999999459e-02 9.974610000000000420e-01 6.695759999999999490e-01 7.404420000000000446e-01 -5.843099999999999683e-02 -7.426899999999999613e-01 6.683970000000000189e-01 -4.071000000000000313e-02
1.200000000000000000e+01 4.500000000000000000e+01 2.600000000000000000e+01 0.000000000000000000e+00 1.600000000000000089e+00 2.143000000000000113e-02 3.178000000000000269e-02 9.992649999999999588e-01 4.842069999999999985e-01 8.741200000000000081e-01 -3.818400000000000266e-02 -8.746909999999999963e-01 4.846699999999999897e-01 3.344000000000000184e-03
2.100000000000000000e+01 4.900000000000000000e+01 2.900000000000000000e+01 0.000000000000000000e+00 1.600000000000000089e+00 -2.606999999999999942e-03 9.781499999999999917e-02 -9.952010000000000023e-01 6.663320000000000354e-01 -7.419080000000000119e-01 -7.466499999999999526e-02 -7.456509999999999527e-01 -6.633289999999999464e-01 -6.324299999999999367e-02
1.000000000000000000e+01 5.000000000000000000e+01 3.000000000000000000e+01 0.000000000000000000e+00 1.600000000000000089e+00 -6.470399999999999763e-02 -3.589890000000000025e-01 -9.310960000000000347e-01 5.978069999999999773e-01 -7.610409999999999675e-01 2.518799999999999928e-01 -7.990239999999999565e-01 -5.403179999999999650e-01 2.638480000000000270e-01
2.200000000000000000e+01 5.000000000000000000e+01 3.000000000000000000e+01 0.000000000000000000e+00 1.600000000000000089e+00 -4.364999999999999956e-03 1.636299999999999977e-01 -9.865119999999999445e-01 6.597129999999999939e-01 -7.409120000000000150e-01 -1.258120000000000072e-01 -7.515049999999999786e-01 -6.513640000000000541e-01 -1.047150000000000025e-01
2.700000000000000000e+01 5.000000000000000000e+01 3.000000000000000000e+01 0.000000000000000000e+00 1.600000000000000089e+00 -8.701000000000000401e-03 2.396169999999999967e-01 -9.708290000000000530e-01 6.391970000000000152e-01 -7.452849999999999753e-01 -1.896770000000000123e-01 -7.689939999999999554e-01 -6.222010000000000041e-01 -1.466780000000000028e-01
2.800000000000000000e+01 5.100000000000000000e+01 3.100000000000000000e+01 0.000000000000000000e+00 1.600000000000000089e+00 -6.914000000000000007e-03 2.510129999999999861e-01 -9.679590000000000138e-01 6.214600000000000124e-01 -7.572710000000000274e-01 -2.008159999999999945e-01 -7.834149999999999725e-01 -6.029360000000000275e-01 -1.507590000000000041e-01
6.000000000000000000e+00 9.500000000000000000e+01 3.600000000000000000e+01 0.000000000000000000e+00 1.600000000000000089e+00 9.579000000000000709e-03 5.601000000000000076e-03 9.999379999999999935e-01 9.969909999999999606e-01 7.686600000000000377e-02 -9.981999999999999554e-03 -7.691699999999999926e-02 9.970259999999999678e-01 -4.847999999999999879e-03
2.200000000000000000e+01 9.500000000000000000e+01 3.600000000000000000e+01 0.000000000000000000e+00 1.600000000000000089e+00 -1.568500000000000102e-02 -5.819400000000000267e-02 9.981820000000000137e-01 9.973889999999999700e-01 6.946499999999999897e-02 1.972199999999999995e-02 -7.048599999999999310e-02 9.958860000000000490e-01 5.695299999999999668e-02
1.000000000000000000e+00 2.900000000000000000e+01 4.400000000000000000e+01 0.000000000000000000e+00 1.600000000000000089e+00 -5.284999999999999767e-03 -2.034999999999999917e-03 -9.999839999999999840e-01 6.574179999999999469e-01 7.535089999999999844e-01 -5.008000000000000299e-03 7.535079999999999556e-01 -6.574339999999999629e-01 -2.645000000000000216e-03
7.000000000000000000e+00 2.900000000000000000e+01 4.400000000000000000e+01 0.000000000000000000e+00 1.600000000000000089e+00 5.999999999999999474e-04 2.167999999999999788e-03 -9.999970000000000248e-01 6.592259999999999787e-01 7.519419999999999993e-01 2.026000000000000023e-03 7.519439999999999458e-01 -6.592259999999999787e-01 -9.779999999999999197e-04
1.100000000000000000e+01 2.900000000000000000e+01 4.400000000000000000e+01 0.000000000000000000e+00 1.600000000000000089e+00 6.599999999999999964e-04 5.400000000000000069e-04 -1.000000000000000000e+00 6.576180000000000359e-01 7.533509999999999929e-01 8.400000000000000348e-04 7.533509999999999929e-01 -6.576189999999999536e-01 1.420000000000000092e-04
1.500000000000000000e+01 2.900000000000000000e+01 4.400000000000000000e+01 0.000000000000000000e+00 1.600000000000000089e+00 1.299999999999999920e-05 -1.677000000000000105e-03 -9.999989999999999712e-01 6.610070000000000112e-01 7.503790000000000182e-01 -1.250000000000000026e-03 7.503800000000000470e-01 -6.610059999999999825e-01 1.118000000000000070e-03
2.200000000000000000e+01 2.900000000000000000e+01 4.400000000000000000e+01 0.000000000000000000e+00 1.600000000000000089e+00 -8.220000000000000310e-04 1.209000000000000005e-03 -9.999989999999999712e-01 6.557699999999999640e-01 7.549609999999999932e-01 3.739999999999999835e-04 7.549609999999999932e-01 -6.557690000000000463e-01 -1.412999999999999977e-03
2.700000000000000000e+01 2.900000000000000000e+01 4.400000000000000000e+01 0.000000000000000000e+00 1.600000000000000089e+00 -2.059999999999999928e-04 -1.564999999999999985e-03 -9.999989999999999712e-01 6.536330000000000195e-01 7.568110000000000115e-01 -1.319999999999999993e-03 7.568120000000000402e-01 -6.536319999999999908e-01 8.670000000000000406e-04
8.000000000000000000e+00 6.000000000000000000e+01 4.600000000000000000e+01 0.000000000000000000e+00 1.600000000000000089e+00 -4.254919999999999813e-01 -2.649790000000000201e-01 8.652990000000000403e-01 2.081969999999999932e-01 9.018599999999999950e-01 3.785519999999999996e-01 -8.806869999999999976e-01 3.412240000000000273e-01 -3.285669999999999980e-01
1.900000000000000000e+01 6.500000000000000000e+01 4.600000000000000000e+01 0.000000000000000000e+00 1.600000000000000089e+00 1.753700000000000050e-02 1.600850000000000051e-01 9.869470000000000187e-01 6.483200000000000074e-01 -7.532830000000000359e-01 1.106639999999999985e-01 7.611660000000000093e-01 6.379169999999999563e-01 -1.169970000000000038e-01
2.000000000000000000e+01 4.900000000000000000e+01 5.000000000000000000e+01 0.000000000000000000e+00 1.600000000000000089e+00 4.083269999999999955e-01 9.238000000000000378e-02 9.081489999999999840e-01 -8.106849999999999890e-01 -4.206010000000000026e-01 4.072890000000000121e-01 4.195929999999999938e-01 -9.025300000000000544e-01 -9.685199999999999365e-02
4.000000000000000000e+00 5.000000000000000000e+00 5.100000000000000000e+01 0.000000000000000000e+00 1.600000000000000089e+00 -2.321999999999999845e-03 -6.648000000000000263e-03 -9.999749999999999472e-01 4.847960000000000047e-01 -8.746150000000000313e-01 4.688999999999999592e-03 -8.746239999999999570e-01 -4.847730000000000095e-01 5.252999999999999857e-03
1.100000000000000000e+01 5.000000000000000000e+00 5.100000000000000000e+01 0.000000000000000000e+00 1.600000000000000089e+00 3.684000000000000209e-03 3.272999999999999868e-03 -9.999879999999999880e-01 4.891730000000000245e-01 -8.721860000000000168e-01 -1.052999999999999900e-03 -8.721790000000000376e-01 -4.891630000000000145e-01 -4.813999999999999703e-03
1.500000000000000000e+01 5.000000000000000000e+00 5.100000000000000000e+01 0.000000000000000000e+00 1.600000000000000089e+00 2.592999999999999819e-03 6.408999999999999767e-03 -9.999759999999999760e-01 4.853669999999999929e-01 -8.742999999999999661e-01 -4.344999999999999904e-03 -8.743069999999999453e-01 -4.853439999999999976e-01 -5.376999999999999835e-03
1.800000000000000000e+01 5.000000000000000000e+00 5.100000000000000000e+01 0.000000000000000000e+00 1.600000000000000089e+00 -5.291999999999999829e-03 -1.497999999999999983e-03 -9.999850000000000128e-01 4.887670000000000070e-01 -8.724140000000000228e-01 -1.278999999999999972e-03 -8.723980000000000068e-01 -4.887659999999999783e-01 5.348999999999999588e-03
2.900000000000000000e+01 5.000000000000000000e+00 5.100000000000000000e+01 0.000000000000000000e+00 1.600000000000000089e+00 1.476000000000000098e-03 -4.255000000000000102e-03 -9.999900000000000455e-01 4.878069999999999906e-01 -8.729400000000000492e-01 4.433999999999999574e-03 -8.729500000000000037e-01 -4.878080000000000194e-01 7.870000000000000476e-04
2.300000000000000000e+01 5.100000000000000000e+01 5.100000000000000000e+01 0.000000000000000000e+00 1.600000000000000089e+00 4.185539999999999816e-01 9.226399999999999879e-02 9.034929999999999906e-01 -7.902069999999999927e-01 -4.533490000000000020e-01 4.123689999999999856e-01 4.476450000000000151e-01 -8.865450000000000275e-01 -1.168430000000000024e-01
6.000000000000000000e+00 1.150000000000000000e+02 5.100000000000000000e+01 0.000000000000000000e+00 1.600000000000000089e+00 1.907000000000000058e-03 8.210000000000000067e-04 9.999980000000000535e-01 8.473270000000000524e-01 -5.310709999999999598e-01 -1.180000000000000059e-03 5.310690000000000133e-01 8.473270000000000524e-01 -1.709000000000000016e-03
2.500000000000000000e+01 1.150000000000000000e+02 5.100000000000000000e+01 0.000000000000000000e+00 1.600000000000000089e+00 -1.307999999999999918e-03 1.952699999999999922e-02 9.998080000000000300e-01 8.442089999999999872e-01 -5.358899999999999775e-01 1.157099999999999969e-02 5.360129999999999617e-01 8.440619999999999790e-01 -1.578399999999999942e-02
4.000000000000000000e+00 7.000000000000000000e+00 5.200000000000000000e+01 0.000000000000000000e+00 1.600000000000000089e+00 -2.752000000000000106e-03 -2.431000000000000001e-03 -9.999930000000000208e-01 9.022900000000000365e-02 -9.959189999999999987e-01 2.173000000000000018e-03 -9.959170000000000522e-01 -9.022199999999999664e-02 2.959999999999999958e-03
6.000000000000000000e+00 7.000000000000000000e+00 5.200000000000000000e+01 0.000000000000000000e+00 1.600000000000000089e+00 -1.704000000000000003e-03 -5.380000000000000233e-03 -9.999839999999999840e-01 9.892499999999999905e-02 -9.950809999999999933e-01 5.185000000000000372e-03 -9.950930000000000053e-01 -9.891500000000000292e-02 2.227999999999999946e-03
2.600000000000000000e+01 7.000000000000000000e+00 5.200000000000000000e+01 0.000000000000000000e+00 1.600000000000000089e+00 6.229999999999999644e-04 -7.681999999999999593e-03 -9.999700000000000255e-01 1.098709999999999964e-01 -9.939160000000000217e-01 7.703999999999999911e-03 -9.939459999999999962e-01 -1.098719999999999974e-01 2.249999999999999938e-04
2.000000000000000000e+01 5.000000000000000000e+01 5.200000000000000000e+01 0.000000000000000000e+00 1.600000000000000089e+00 4.348690000000000055e-01 8.924100000000000088e-02 8.960609999999999964e-01 -8.012909999999999755e-01 -4.156880000000000019e-01 4.302759999999999918e-01 4.108800000000000230e-01 -9.051190000000000069e-01 -1.092619999999999980e-01
2.200000000000000000e+01 5.100000000000000000e+01 5.200000000000000000e+01 0.000000000000000000e+00 1.600000000000000089e+00 4.304749999999999965e-01 6.279999999999999992e-03 9.025809999999999667e-01 -7.981439999999999646e-01 -4.643169999999999797e-01 3.838960000000000150e-01 4.214939999999999798e-01 -8.856469999999999620e-01 -1.948640000000000094e-01
1.700000000000000000e+01 2.500000000000000000e+01 5.500000000000000000e+01 0.000000000000000000e+00 1.600000000000000089e+00 -2.099000000000000171e-03 -2.790000000000000054e-04 -9.999980000000000535e-01 -1.369300000000000031e-02 -9.999059999999999615e-01 3.069999999999999812e-04 -9.999040000000000150e-01 1.369300000000000031e-02 2.095000000000000074e-03
2.300000000000000000e+01 2.500000000000000000e+01 5.500000000000000000e+01 0.000000000000000000e+00 1.600000000000000089e+00 -6.099999999999999737e-04 4.609999999999999840e-04 -1.000000000000000000e+00 -1.043200000000000030e-02 -9.999449999999999728e-01 -4.539999999999999765e-04 -9.999449999999999728e-01 1.043099999999999930e-02 6.149999999999999868e-04
2.900000000000000000e+01 2.500000000000000000e+01 5.500000000000000000e+01 0.000000000000000000e+00 1.600000000000000089e+00 -1.144000000000000052e-03 -1.211000000000000054e-03 -9.999989999999999712e-01 -1.095100000000000066e-02 -9.999390000000000223e-01 1.222999999999999912e-03 -9.999390000000000223e-01 1.095199999999999993e-02 1.131000000000000061e-03
1.900000000000000000e+01 6.000000000000000000e+01 5.500000000000000000e+01 0.000000000000000000e+00 1.600000000000000089e+00 -4.557699999999999946e-02 -9.222500000000000142e-02 9.946949999999999958e-01 -3.076800000000000021e-02 9.953870000000000218e-01 9.087900000000000145e-02 -9.984870000000000134e-01 -2.646300000000000041e-02 -4.820399999999999685e-02
2.300000000000000000e+01 6.000000000000000000e+01 5.500000000000000000e+01 0.000000000000000000e+00 1.600000000000000089e+00 -2.061999999999999944e-02 -1.040589999999999987e-01 9.943570000000000464e-01 8.135399999999999576e-02 9.910959999999999770e-01 1.054039999999999977e-01 -9.964720000000000244e-01 8.306800000000000295e-02 -1.196999999999999974e-02
1.900000000000000000e+01 5.100000000000000000e+01 5.600000000000000000e+01 0.000000000000000000e+00 1.600000000000000089e+00 4.191079999999999806e-01 -1.610260000000000025e-01 8.935429999999999762e-01 -8.833710000000000173e-01 -2.997000000000000219e-01 3.603279999999999816e-01 2.097729999999999873e-01 -9.403460000000000152e-01 -2.678530000000000078e-01
5.000000000000000000e+00 6.800000000000000000e+01 5.700000000000000000e+01 0.000000000000000000e+00 1.600000000000000089e+00 -5.022999999999999687e-03 1.080000000000000057e-02 -9.999289999999999567e-01 -2.358770000000000033e-01 -9.717379999999999907e-01 -9.310999999999999832e-03 -9.717700000000000227e-01 2.358129999999999948e-01 7.427999999999999707e-03
2.600000000000000000e+01 6.800000000000000000e+01 5.700000000000000000e+01 0.000000000000000000e+00 1.600000000000000089e+00 -1.629999999999999939e-03 -3.119999999999999944e-03 -9.999940000000000495e-01 -2.496790000000000120e-01 -9.683230000000000448e-01 3.428000000000000057e-03 -9.683270000000000488e-01 2.496829999999999883e-01 7.990000000000000140e-04
7.000000000000000000e+00 2.100000000000000000e+01 6.000000000000000000e+01 0.000000000000000000e+00 1.600000000000000089e+00 -8.440000000000000236e-04 7.941999999999999407e-03 9.999679999999999680e-01 -9.612900000000000611e-02 9.953370000000000273e-01 -7.986000000000000043e-03 -9.953680000000000305e-01 -9.613299999999999623e-02 -7.700000000000000139e-05
1.200000000000000000e+01 2.100000000000000000e+01 6.000000000000000000e+01 0.000000000000000000e+00 1.600000000000000089e+00 -5.180000000000000143e-04 -1.027499999999999941e-02 9.999470000000000303e-01 -9.779100000000000292e-02 9.951550000000000118e-01 1.017599999999999928e-02 -9.952069999999999528e-01 -9.778000000000000580e-02 -1.521000000000000000e-03
2.000000000000000000e+01 2.100000000000000000e+01 6.000000000000000000e+01 0.000000000000000000e+00 1.600000000000000089e+00 -5.959999999999999586e-04 4.621000000000000107e-03 9.999890000000000168e-01 -9.721200000000000674e-02 9.952530000000000543e-01 -4.656999999999999681e-03 -9.952630000000000088e-01 -9.721399999999999486e-02 -1.440000000000000036e-04
2.500000000000000000e+01 2.100000000000000000e+01 6.000000000000000000e+01 0.000000000000000000e+00 1.600000000000000089e+00 -8.429999999999999993e-04 1.712999999999999896e-03 9.999980000000000535e-01 -9.569600000000000328e-02 9.954089999999999883e-01 -1.786000000000000044e-03 -9.954100000000000170e-01 -9.569700000000000428e-02 -6.750000000000000357e-04
3.000000000000000000e+01 6.000000000000000000e+00 6.100000000000000000e+01 0.000000000000000000e+00 1.600000000000000089e+00 -8.859000000000000555e-03 -2.250399999999999970e-02 9.997070000000000123e-01 5.701500000000000457e-01 -8.214310000000000223e-01 -1.343899999999999956e-02 8.214930000000000287e-01 5.698640000000000372e-01 2.010800000000000087e-02
2.000000000000000000e+00 3.000000000000000000e+00 6.300000000000000000e+01 0.000000000000000000e+00 1.600000000000000089e+00 5.220000000000000031e-04 -9.039999999999999642e-04 9.999989999999999712e-01 -6.094859999999999722e-01 7.927959999999999452e-01 1.033999999999999980e-03 -7.927969999999999740e-01 -6.094859999999999722e-01 -1.369999999999999961e-04
2.100000000000000000e+01 3.000000000000000000e+00 6.300000000000000000e+01 0.000000000000000000e+00 1.600000000000000089e+00 4.199999999999999768e-05 -2.309999999999999987e-03 9.999970000000000248e-01 -6.172180000000000444e-01 7.867899999999999894e-01 1.843000000000000020e-03 -7.867920000000000469e-01 -6.172159999999999869e-01 -1.392000000000000008e-03
4.000000000000000000e+00 2.700000000000000000e+01 6.300000000000000000e+01 0.000000000000000000e+00 1.600000000000000089e+00 1.183000000000000024e-03 -4.606999999999999984e-03 9.999890000000000168e-01 -2.785299999999999998e-01 9.604160000000000474e-01 4.754000000000000413e-03 -9.604270000000000307e-01 -2.785329999999999750e-01 -1.469999999999999953e-04
9.000000000000000000e+00 2.700000000000000000e+01 6.300000000000000000e+01 0.000000000000000000e+00 1.600000000000000089e+00 -4.739999999999999747e-04 -1.456999999999999962e-03 9.999989999999999712e-01 -2.710400000000000031e-01 9.625669999999999504e-01 1.273999999999999959e-03 -9.625679999999999792e-01 -2.710389999999999744e-01 -8.509999999999999769e-04
1.500000000000000000e+01 2.700000000000000000e+01 6.300000000000000000e+01 0.000000000000000000e+00 1.600000000000000089e+00 7.240000000000000342e-04 -2.442999999999999859e-03 9.999970000000000248e-01 -2.656930000000000125e-01 9.640539999999999665e-01 2.547999999999999918e-03 -9.640570000000000528e-01 -2.656939999999999857e-01 4.899999999999999842e-05
2.000000000000000000e+01 2.700000000000000000e+01 6.300000000000000000e+01 0.000000000000000000e+00 1.600000000000000089e+00 3.879999999999999985e-04 7.550000000000000287e-03 9.999710000000000543e-01 -2.677919999999999745e-01 9.634500000000000286e-01 -7.170000000000000158e-03 -9.634770000000000278e-01 -2.677820000000000200e-01 2.396000000000000126e-03
2.600000000000000000e+01 2.700000000000000000e+01 6.300000000000000000e+01 0.000000000000000000e+00 1.600000000000000089e+00 -5.519999999999999733e-04 2.919999999999999853e-03 9.999959999999999960e-01 -2.694409999999999861e-01 9.630119999999999791e-01 -2.959999999999999958e-03 -9.630170000000000119e-01 -2.694409999999999861e-01 2.550000000000000183e-04
4.000000000000000000e+00 2.600000000000000000e+01 6.400000000000000000e+01 0.000000000000000000e+00 1.600000000000000089e+00 1.660999999999999933e-03 -5.282000000000000237e-03 9.999850000000000128e-01 -3.636340000000000128e-01 9.315259999999999652e-01 5.525000000000000397e-03 -9.315400000000000347e-01 -3.636380000000000168e-01 -3.730000000000000134e-04
1.200000000000000000e+01 2.600000000000000000e+01 6.400000000000000000e+01 0.000000000000000000e+00 1.600000000000000089e+00 -4.629999999999999784e-04 -4.433999999999999574e-03 9.999900000000000455e-01 -3.462480000000000002e-01 9.381340000000000234e-01 3.998999999999999951e-03 -9.381429999999999492e-01 -3.462430000000000230e-01 -1.968999999999999830e-03
1.800000000000000000e+01 2.600000000000000000e+01 6.400000000000000000e+01 0.000000000000000000e+00 1.600000000000000089e+00 5.349999999999999938e-04 4.342000000000000373e-03 9.999900000000000455e-01 -3.464900000000000202e-01 9.380460000000000464e-01 -3.886999999999999830e-03 -9.380530000000000257e-01 -3.464849999999999874e-01 2.005999999999999971e-03
2.200000000000000000e+01 2.600000000000000000e+01 6.400000000000000000e+01 0.000000000000000000e+00 1.600000000000000089e+00 -1.510000000000000112e-04 6.863000000000000177e-03 9.999759999999999760e-01 -3.517060000000000186e-01 9.360880000000000312e-01 -6.478000000000000251e-03 -9.361099999999999977e-01 -3.516989999999999839e-01 2.272000000000000148e-03
2.600000000000000000e+01 2.600000000000000000e+01 6.400000000000000000e+01 0.000000000000000000e+00 1.600000000000000089e+00 -1.293000000000000095e-03 3.271000000000000036e-03 9.999940000000000495e-01 -3.516770000000000174e-01 9.361150000000000304e-01 -3.517000000000000161e-03 -9.361209999999999809e-01 -3.516790000000000194e-01 -6.000000000000000152e-05
1.200000000000000000e+01 5.400000000000000000e+01 6.400000000000000000e+01 0.000000000000000000e+00 1.600000000000000089e+00 3.939559999999999729e-01 -7.670299999999999341e-02 -9.159230000000000427e-01 -7.829429999999999445e-01 4.939850000000000074e-01 -3.781269999999999909e-01 4.814550000000000218e-01 8.660809999999999897e-01 1.345550000000000079e-01
1.700000000000000000e+01 5.000000000000000000e+01 6.500000000000000000e+01 0.000000000000000000e+00 1.600000000000000089e+00 -1.770670000000000022e-01 -2.647260000000000169e-01 -9.479279999999999928e-01 3.031909999999999883e-01 9.016349999999999643e-01 -3.084319999999999840e-01 9.363350000000000284e-01 -3.420159999999999867e-01 -7.938699999999999923e-02
1.000000000000000000e+01 5.300000000000000000e+01 6.500000000000000000e+01 0.000000000000000000e+00 1.600000000000000089e+00 4.624630000000000130e-01 -1.084180000000000005e-01 -8.799850000000000172e-01 -7.664349999999999774e-01 4.501009999999999733e-01 -4.582430000000000114e-01 4.457639999999999936e-01 8.863720000000000487e-01 1.250600000000000045e-01
3.000000000000000000e+01 6.900000000000000000e+01 6.600000000000000000e+01 0.000000000000000000e+00 1.600000000000000089e+00 8.439000000000000321e-03 2.700000000000000035e-04 9.999639999999999640e-01 -9.473829999999999751e-01 3.200060000000000127e-01 7.908999999999999364e-03 -3.199919999999999987e-01 -9.474160000000000359e-01 2.955999999999999860e-03
9.000000000000000000e+00 2.500000000000000000e+01 7.300000000000000000e+01 0.000000000000000000e+00 1.600000000000000089e+00 -9.810000000000001011e-04 -1.410499999999999948e-02 9.999000000000000110e-01 7.446989999999999998e-01 -6.673440000000000483e-01 -8.682999999999999746e-03 6.673989999999999645e-01 7.446159999999999446e-01 1.115900000000000052e-02
2.600000000000000000e+01 2.500000000000000000e+01 7.300000000000000000e+01 0.000000000000000000e+00 1.600000000000000089e+00 3.818000000000000213e-03 4.245999999999999774e-03 9.999839999999999840e-01 7.424100000000000144e-01 -6.699450000000000127e-01 1.000000000000000082e-05 6.699349999999999472e-01 7.423980000000000024e-01 -5.710999999999999931e-03
4.000000000000000000e+00 4.400000000000000000e+01 7.300000000000000000e+01 0.000000000000000000e+00 1.600000000000000089e+00 1.735499999999999890e-02 1.041450000000000015e-01 9.944110000000000449e-01 3.607099999999999890e-02 -9.939780000000000282e-01 1.034700000000000064e-01 9.991980000000000306e-01 3.407400000000000012e-02 -2.100700000000000137e-02
1.200000000000000000e+01 4.400000000000000000e+01 7.300000000000000000e+01 0.000000000000000000e+00 1.600000000000000089e+00 1.925999999999999978e-03 1.366000000000000027e-03 9.999970000000000248e-01 5.319499999999999923e-02 -9.985829999999999984e-01 1.262000000000000101e-03 9.985819999999999697e-01 5.319299999999999723e-02 -1.995999999999999944e-03
1.800000000000000000e+01 4.400000000000000000e+01 7.300000000000000000e+01 0.000000000000000000e+00 1.600000000000000089e+00 -3.319999999999999926e-04 -6.916000000000000272e-03 9.999759999999999760e-01 5.064599999999999658e-02 -9.986930000000000529e-01 -6.890000000000000291e-03 9.987169999999999659e-01 5.064300000000000052e-02 6.819999999999999890e-04
2.700000000000000000e+01 4.400000000000000000e+01 7.300000000000000000e+01 0.000000000000000000e+00 1.600000000000000089e+00 2.860000000000000129e-04 -9.590000000000000000e-04 1.000000000000000000e+00 4.828799999999999759e-02 -9.988329999999999709e-01 -9.719999999999999907e-04 9.988329999999999709e-01 4.828799999999999759e-02 -2.390000000000000089e-04
6.000000000000000000e+00 2.500000000000000000e+01 7.400000000000000000e+01 0.000000000000000000e+00 1.600000000000000089e+00 1.592000000000000099e-03 -6.948000000000000183e-03 9.999749999999999472e-01 8.223519999999999719e-01 -5.689549999999999885e-01 -5.262000000000000184e-03 5.689779999999999838e-01 8.223390000000000422e-01 4.807999999999999774e-03
1.000000000000000000e+01 5.100000000000000000e+01 7.600000000000000000e+01 0.000000000000000000e+00 1.600000000000000089e+00 -1.177000000000000095e-03 -7.889999999999999444e-03 -9.999679999999999680e-01 -4.048559999999999937e-01 -9.143480000000000496e-01 7.690999999999999920e-03 -9.143799999999999706e-01 4.048519999999999897e-01 -2.118000000000000091e-03
