2.600000000000000000e+01 1.500000000000000000e+01 4.000000000000000000e+00 0.000000000000000000e+00 1.600000000000000089e+00 4.020000000000000136e-04 -1.051500000000000004e-02 9.999449999999999728e-01 3.216319999999999735e-01 -9.468109999999999582e-01 -1.008500000000000021e-02 9.468649999999999567e-01 3.216180000000000150e-01 3.001000000000000195e-03
1.400000000000000000e+01 1.900000000000000000e+01 5.000000000000000000e+00 0.000000000000000000e+00 1.600000000000000089e+00 -1.680999999999999986e-03 -4.993000000000000042e-03 -9.999860000000000415e-01 -6.743040000000000145e-01 -7.384380000000000388e-01 4.820999999999999765e-03 -7.384519999999999973e-01 6.743029999999999857e-01 -2.125999999999999852e-03
7.000000000000000000e+00 1.010000000000000000e+02 7.000000000000000000e+00 0.000000000000000000e+00 1.600000000000000089e+00 -5.976999999999999674e-03 1.459300000000000007e-02 9.998759999999999870e-01 8.810360000000000413e-01 4.730460000000000220e-01 -1.637999999999999916e-03 -4.730110000000000148e-01 8.809169999999999501e-01 -1.568400000000000002e-02
1.700000000000000000e+01 1.010000000000000000e+02 7.000000000000000000e+00 0.000000000000000000e+00 1.600000000000000089e+00 -1.965000000000000167e-03 -5.208999999999999742e-02 9.986399999999999721e-01 8.809850000000000181e-01 4.724079999999999946e-01 2.637499999999999914e-02 -4.731389999999999763e-01 8.798399999999999554e-01 4.496200000000000196e-02
6.000000000000000000e+00 2.500000000000000000e+01 8.000000000000000000e+00 0.000000000000000000e+00 1.600000000000000089e+00 -1.126999999999999964e-03 6.100000000000000387e-03 -9.999810000000000088e-01 4.529230000000000200e-01 8.915359999999999951e-01 4.928000000000000089e-03 8.915490000000000359e-01 -4.529090000000000060e-01 -3.766999999999999949e-03
9.000000000000000000e+00 2.500000000000000000e+01 8.000000000000000000e+00 0.000000000000000000e+00 1.600000000000000089e+00 -1.056000000000000081e-03 -2.201999999999999964e-03 -9.999970000000000248e-01 4.544039999999999746e-01 8.907920000000000282e-01 -2.441000000000000027e-03 8.907950000000000035e-01 -4.544050000000000034e-01 6.000000000000000152e-05
1.300000000000000000e+01 2.500000000000000000e+01 8.000000000000000000e+00 0.000000000000000000e+00 1.600000000000000089e+00 -8.750000000000000182e-04 1.257000000000000088e-03 -9.999989999999999712e-01 4.554230000000000222e-01 8.902750000000000385e-01 7.209999999999999612e-04 8.902750000000000385e-01 -4.554219999999999935e-01 -1.350999999999999987e-03
2.200000000000000000e+01 2.500000000000000000e+01 8.000000000000000000e+00 0.000000000000000000e+00 1.600000000000000089e+00 5.050000000000000235e-04 -1.144099999999999978e-02 -9.999339999999999895e-01 4.528960000000000208e-01 8.915079999999999671e-01 -9.971999999999999961e-03 8.915629999999999944e-01 -4.528610000000000135e-01 5.630999999999999721e-03
2.900000000000000000e+01 2.500000000000000000e+01 8.000000000000000000e+00 0.000000000000000000e+00 1.600000000000000089e+00 1.431999999999999896e-03 6.762999999999999914e-03 -9.999759999999999760e-01 4.526950000000000141e-01 8.916399999999999881e-01 6.677999999999999908e-03 8.916640000000000121e-01 -4.526939999999999853e-01 -1.783999999999999996e-03
9.000000000000000000e+00 2.400000000000000000e+01 9.000000000000000000e+00 0.000000000000000000e+00 1.600000000000000089e+00 -1.250999999999999942e-03 -2.086000000000000180e-03 -9.999970000000000248e-01 4.559810000000000252e-01 8.899860000000000548e-01 -2.426999999999999904e-03 8.899890000000000301e-01 -4.559819999999999984e-01 -1.630000000000000047e-04
1.700000000000000000e+01 2.400000000000000000e+01 9.000000000000000000e+00 0.000000000000000000e+00 1.600000000000000089e+00 7.150000000000000322e-04 -3.649999999999999816e-04 -1.000000000000000000e+00 4.580500000000000127e-01 8.889259999999999939e-01 3.000000000000000076e-06 8.889259999999999939e-01 -4.580500000000000127e-01 8.030000000000000028e-04
2.300000000000000000e+01 2.400000000000000000e+01 9.000000000000000000e+00 0.000000000000000000e+00 1.600000000000000089e+00 9.929999999999999591e-04 -6.346000000000000078e-03 -9.999789999999999512e-01 4.568710000000000271e-01 8.895180000000000309e-01 -5.191000000000000301e-03 8.895330000000000181e-01 -4.568559999999999843e-01 3.782999999999999904e-03
2.900000000000000000e+01 2.400000000000000000e+01 9.000000000000000000e+00 0.000000000000000000e+00 1.600000000000000089e+00 1.422000000000000087e-03 7.960999999999999327e-03 -9.999670000000000503e-01 4.563650000000000206e-01 8.897589999999999666e-01 7.732000000000000157e-03 8.897909999999999986e-01 -4.563610000000000166e-01 -2.367999999999999879e-03
1.700000000000000000e+01 1.200000000000000000e+01 1.000000000000000000e+01 0.000000000000000000e+00 1.600000000000000089e+00 -4.360000000000000269e-04 -5.109999999999999959e-03 -9.999869999999999592e-01 -5.512559999999999683e-01 -8.343239999999999545e-01 4.504000000000000191e-03 -8.343359999999999665e-01 5.512510000000000465e-01 -2.452999999999999885e-03
9.000000000000000000e+00 3.500000000000000000e+01 1.200000000000000000e+01 0.000000000000000000e+00 1.600000000000000089e+00 -5.879999999999999810e-04 -8.159999999999999936e-04 -9.999989999999999712e-01 4.166880000000000028e-01 -9.090489999999999959e-01 4.960000000000000216e-04 -9.090489999999999959e-01 -4.166869999999999741e-01 8.750000000000000182e-04
1.900000000000000000e+01 3.200000000000000000e+01 1.400000000000000000e+01 0.000000000000000000e+00 1.600000000000000089e+00 8.109999999999999805e-04 2.471999999999999805e-03 -9.999970000000000248e-01 1.054559999999999942e-01 9.944209999999999994e-01 2.543999999999999821e-03 9.944239999999999746e-01 -1.054579999999999962e-01 5.450000000000000200e-04
2.700000000000000000e+01 3.200000000000000000e+01 1.400000000000000000e+01 0.000000000000000000e+00 1.600000000000000089e+00 -5.640000000000000482e-04 -5.054000000000000332e-03 -9.999869999999999592e-01 1.050800000000000067e-01 9.944509999999999739e-01 -5.085000000000000110e-03 9.944640000000000146e-01 -1.050809999999999939e-01 -3.000000000000000076e-05
9.000000000000000000e+00 1.200000000000000000e+01 1.500000000000000000e+01 0.000000000000000000e+00 1.600000000000000089e+00 -1.512000000000000106e-03 -3.928000000000000068e-03 -9.999909999999999632e-01 -4.636460000000000026e-01 -8.860109999999999930e-01 4.181999999999999953e-03 -8.860190000000000010e-01 4.636480000000000046e-01 -4.820000000000000066e-04
1.400000000000000000e+01 1.160000000000000000e+02 1.600000000000000000e+01 0.000000000000000000e+00 1.600000000000000089e+00 -8.500000000000000611e-05 1.750999999999999952e-03 9.999980000000000535e-01 7.591320000000000290e-01 6.509359999999999591e-01 -1.075000000000000001e-03 -6.509359999999999591e-01 7.591310000000000002e-01 -1.384999999999999946e-03
1.900000000000000000e+01 1.160000000000000000e+02 1.600000000000000000e+01 0.000000000000000000e+00 1.600000000000000089e+00 -3.023000000000000079e-03 -4.440000000000000045e-04 9.999949999999999672e-01 7.668430000000000524e-01 6.418300000000000116e-01 2.602999999999999845e-03 -6.418279999999999541e-01 7.668469999999999454e-01 -1.600000000000000077e-03
2.700000000000000000e+01 1.160000000000000000e+02 1.600000000000000000e+01 0.000000000000000000e+00 1.600000000000000089e+00 -4.524000000000000243e-03 -9.136999999999999289e-03 9.999479999999999480e-01 7.715919999999999446e-01 6.360500000000000043e-01 9.303000000000000505e-03 -6.361019999999999452e-01 7.715940000000000021e-01 4.172999999999999626e-03
1.300000000000000000e+01 2.000000000000000000e+00 1.900000000000000000e+01 0.000000000000000000e+00 1.600000000000000089e+00 -1.430000000000000064e-03 -1.821800000000000155e-02 -9.998329999999999718e-01 1.595560000000000034e-01 -9.870290000000000452e-01 1.775600000000000095e-02 -9.871879999999999544e-01 -1.595040000000000069e-01 4.317999999999999790e-03
3.000000000000000000e+00 1.300000000000000000e+01 2.000000000000000000e+01 0.000000000000000000e+00 1.600000000000000089e+00 6.769999999999999759e-04 -2.034999999999999917e-03 9.999980000000000535e-01 2.494159999999999988e-01 9.683950000000000058e-01 1.801999999999999999e-03 -9.683960000000000345e-01 2.494139999999999968e-01 1.162999999999999971e-03
1.000000000000000000e+01 1.300000000000000000e+01 2.000000000000000000e+01 0.000000000000000000e+00 1.600000000000000089e+00 3.100000000000000135e-05 -8.970000000000000109e-04 1.000000000000000000e+00 2.514109999999999956e-01 9.678799999999999626e-01 8.610000000000000032e-04 -9.678799999999999626e-01 2.514109999999999956e-01 2.550000000000000183e-04
2.200000000000000000e+01 1.300000000000000000e+01 2.000000000000000000e+01 0.000000000000000000e+00 1.600000000000000089e+00 1.730999999999999900e-03 -3.249999999999999851e-03 9.999930000000000208e-01 2.455489999999999895e-01 9.693800000000000194e-01 2.726000000000000124e-03 -9.693829999999999947e-01 2.455430000000000113e-01 2.475999999999999902e-03
6.000000000000000000e+00 1.600000000000000000e+01 2.100000000000000000e+01 0.000000000000000000e+00 1.600000000000000089e+00 1.039999999999999936e-04 -6.629999999999999609e-03 9.999780000000000335e-01 2.970289999999999875e-01 9.548480000000000301e-01 6.300000000000000044e-03 -9.548680000000000501e-01 2.970220000000000082e-01 2.069000000000000093e-03
1.500000000000000000e+01 1.600000000000000000e+01 2.100000000000000000e+01 0.000000000000000000e+00 1.600000000000000089e+00 2.183000000000000045e-03 1.089299999999999990e-02 9.999379999999999935e-01 2.990389999999999993e-01 9.541770000000000529e-01 -1.104800000000000053e-02 -9.542380000000000306e-01 2.990439999999999765e-01 -1.173999999999999913e-03
1.800000000000000000e+01 1.600000000000000000e+01 2.100000000000000000e+01 0.000000000000000000e+00 1.600000000000000089e+00 1.930999999999999991e-03 1.198300000000000060e-02 9.999259999999999815e-01 2.975090000000000234e-01 9.546430000000000193e-01 -1.201499999999999964e-02 -9.547170000000000378e-01 2.975099999999999967e-01 -1.721000000000000090e-03
1.900000000000000000e+01 3.000000000000000000e+00 2.500000000000000000e+01 0.000000000000000000e+00 1.600000000000000089e+00 -2.281000000000000041e-03 1.176899999999999995e-02 9.999280000000000390e-01 -4.172100000000000114e-02 -9.990609999999999769e-01 1.166400000000000076e-02 9.991269999999999873e-01 -4.169099999999999889e-02 2.769999999999999893e-03
2.300000000000000000e+01 4.900000000000000000e+01 2.500000000000000000e+01 0.000000000000000000e+00 1.600000000000000089e+00 8.900999999999999190e-03 7.065699999999999759e-02 9.974610000000000420e-01 6.695769999999999778e-01 7.404410000000000158e-01 -5.842499999999999777e-02 -7.426890000000000436e-01 6.683970000000000189e-01 -4.071999999999999925e-02
2.100000000000000000e+01 4.500000000000000000e+01 2.600000000000000000e+01 0.000000000000000000e+00 1.600000000000000089e+00 2.142900000000000013e-02 3.177900000000000169e-02 9.992649999999999588e-01 4.842069999999999985e-01 8.741200000000000081e-01 -3.818300000000000166e-02 -8.746909999999999963e-01 4.846699999999999897e-01 3.344000000000000184e-03
9.000000000000000000e+00 4.600000000000000000e+01 2.700000000000000000e+01 0.000000000000000000e+00 1.600000000000000089e+00 2.060000000000000199e-03 -2.762999999999999831e-03 -9.999940000000000495e-01 6.730570000000000164e-01 7.395899999999999697e-01 -6.570000000000000319e-04 7.395880000000000232e-01 -6.730519999999999836e-01 3.383000000000000156e-03
1.900000000000000000e+01 5.000000000000000000e+01 3.000000000000000000e+01 0.000000000000000000e+00 1.600000000000000089e+00 -6.470399999999999763e-02 -3.589919999999999778e-01 -9.310950000000000060e-01 5.978069999999999773e-01 -7.610400000000000498e-01 2.518830000000000235e-01 -7.990239999999999565e-01 -5.403170000000000472e-01 2.638510000000000022e-01
1.000000000000000000e+01 5.600000000000000000e+01 3.300000000000000000e+01 0.000000000000000000e+00 1.600000000000000089e+00 -2.587729999999999753e-01 -3.136340000000000239e-01 -9.136030000000000539e-01 4.600380000000000025e-01 -8.716789999999999816e-01 1.689380000000000048e-01 -8.493540000000000534e-01 -3.765760000000000218e-01 3.698500000000000121e-01
9.000000000000000000e+00 4.600000000000000000e+01 3.500000000000000000e+01 0.000000000000000000e+00 1.600000000000000089e+00 -3.089599999999999985e-02 -1.700339999999999907e-01 -9.849539999999999962e-01 3.606969999999999898e-01 -9.209190000000000431e-01 1.476659999999999917e-01 -9.321709999999999718e-01 -3.507080000000000197e-01 8.978300000000000169e-02
4.000000000000000000e+00 9.500000000000000000e+01 3.600000000000000000e+01 0.000000000000000000e+00 1.600000000000000089e+00 -2.304300000000000098e-02 5.790100000000000108e-02 9.980560000000000542e-01 9.959280000000000355e-01 8.836199999999999610e-02 1.786799999999999847e-02 -8.715599999999999736e-02 9.944039999999999546e-01 -5.970099999999999713e-02
5.000000000000000000e+00 2.900000000000000000e+01 4.400000000000000000e+01 0.000000000000000000e+00 1.600000000000000089e+00 1.200000000000000030e-04 8.689999999999999808e-04 -1.000000000000000000e+00 6.611299999999999955e-01 7.502710000000000212e-01 7.309999999999999875e-04 7.502710000000000212e-01 -6.611299999999999955e-01 -4.850000000000000253e-04
1.100000000000000000e+01 2.900000000000000000e+01 4.400000000000000000e+01 0.000000000000000000e+00 1.600000000000000089e+00 -3.177999999999999835e-03 -1.520000000000000084e-04 -9.999949999999999672e-01 6.580850000000000311e-01 7.529400000000000537e-01 -2.206000000000000062e-03 7.529369999999999674e-01 -6.580890000000000351e-01 -2.292999999999999899e-03
1.600000000000000000e+01 2.900000000000000000e+01 4.400000000000000000e+01 0.000000000000000000e+00 1.600000000000000089e+00 6.130000000000000466e-04 2.233000000000000176e-03 -9.999970000000000248e-01 6.594700000000000006e-01 7.517279999999999518e-01 2.083000000000000216e-03 7.517300000000000093e-01 -6.594700000000000006e-01 -1.012000000000000096e-03
2.000000000000000000e+01 2.900000000000000000e+01 4.400000000000000000e+01 0.000000000000000000e+00 1.600000000000000089e+00 6.599999999999999964e-04 5.400000000000000069e-04 -1.000000000000000000e+00 6.576180000000000359e-01 7.533509999999999929e-01 8.400000000000000348e-04 7.533509999999999929e-01 -6.576189999999999536e-01 1.420000000000000092e-04
2.400000000000000000e+01 2.900000000000000000e+01 4.400000000000000000e+01 0.000000000000000000e+00 1.600000000000000089e+00 3.300000000000000253e-05 -1.688000000000000047e-03 -9.999989999999999712e-01 6.607669999999999932e-01 7.505899999999999794e-01 -1.245999999999999929e-03 7.505910000000000082e-01 -6.607659999999999645e-01 1.139999999999999954e-03
1.700000000000000000e+01 6.000000000000000000e+01 4.600000000000000000e+01 0.000000000000000000e+00 1.600000000000000089e+00 -4.266710000000000225e-01 -2.650049999999999906e-01 8.647110000000000074e-01 2.092799999999999938e-01 9.012280000000000291e-01 3.794600000000000195e-01 -8.798599999999999755e-01 3.428709999999999813e-01 -3.290669999999999984e-01
2.800000000000000000e+01 6.500000000000000000e+01 4.600000000000000000e+01 0.000000000000000000e+00 1.600000000000000089e+00 1.319299999999999987e-02 1.328000000000000014e-01 9.910550000000000193e-01 6.575509999999999966e-01 -7.478380000000000027e-01 9.145599999999999563e-02 7.532940000000000191e-01 6.504630000000000134e-01 -9.718899999999999761e-02
1.000000000000000000e+00 5.000000000000000000e+00 5.100000000000000000e+01 0.000000000000000000e+00 1.600000000000000089e+00 9.000000000000000228e-06 7.608000000000000179e-03 -9.999710000000000543e-01 4.922590000000000021e-01 -8.704239999999999755e-01 -6.617999999999999751e-03 -8.704490000000000283e-01 -4.922449999999999881e-01 -3.752999999999999826e-03
4.000000000000000000e+00 5.000000000000000000e+00 5.100000000000000000e+01 0.000000000000000000e+00 1.600000000000000089e+00 -2.210000000000000050e-04 7.622000000000000303e-03 -9.999710000000000543e-01 4.883140000000000258e-01 -8.726420000000000288e-01 -6.759000000000000251e-03 -8.726679999999999993e-01 -4.883009999999999851e-01 -3.529000000000000019e-03
9.000000000000000000e+00 5.000000000000000000e+00 5.100000000000000000e+01 0.000000000000000000e+00 1.600000000000000089e+00 -5.680000000000000370e-04 6.396999999999999909e-03 -9.999789999999999512e-01 4.829249999999999932e-01 -8.756420000000000314e-01 -5.876000000000000147e-03 -8.756610000000000227e-01 -4.829189999999999872e-01 -2.592000000000000120e-03
1.300000000000000000e+01 5.000000000000000000e+00 5.100000000000000000e+01 0.000000000000000000e+00 1.600000000000000089e+00 -1.923000000000000013e-03 -4.037999999999999923e-03 -9.999900000000000455e-01 4.845999999999999752e-01 -8.747319999999999540e-01 2.599999999999999881e-03 -8.747340000000000115e-01 -4.845900000000000207e-01 3.638999999999999874e-03
2.000000000000000000e+01 5.000000000000000000e+00 5.100000000000000000e+01 0.000000000000000000e+00 1.600000000000000089e+00 3.684000000000000209e-03 3.272999999999999868e-03 -9.999879999999999880e-01 4.891730000000000245e-01 -8.721860000000000168e-01 -1.052999999999999900e-03 -8.721790000000000376e-01 -4.891630000000000145e-01 -4.813999999999999703e-03
2.400000000000000000e+01 5.000000000000000000e+00 5.100000000000000000e+01 0.000000000000000000e+00 1.600000000000000089e+00 2.586999999999999890e-03 6.354000000000000273e-03 -9.999759999999999760e-01 4.854589999999999739e-01 -8.742490000000000538e-01 -4.298999999999999870e-03 -8.742560000000000331e-01 -4.854359999999999786e-01 -5.346000000000000058e-03
2.700000000000000000e+01 5.000000000000000000e+00 5.100000000000000000e+01 0.000000000000000000e+00 1.600000000000000089e+00 -5.716999999999999860e-03 -1.427000000000000100e-03 -9.999829999999999552e-01 4.888029999999999875e-01 -8.723929999999999740e-01 -1.549000000000000030e-03 -8.723750000000000115e-01 -4.888029999999999875e-01 5.684999999999999949e-03
1.500000000000000000e+01 1.150000000000000000e+02 5.100000000000000000e+01 0.000000000000000000e+00 1.600000000000000089e+00 1.981000000000000122e-03 8.450000000000000479e-04 9.999980000000000535e-01 8.473330000000000028e-01 -5.310610000000000053e-01 -1.229999999999999974e-03 5.310580000000000300e-01 8.473330000000000028e-01 -1.768000000000000040e-03
2.600000000000000000e+01 2.500000000000000000e+01 5.500000000000000000e+01 0.000000000000000000e+00 1.600000000000000089e+00 -1.897999999999999948e-03 -4.130000000000000099e-04 -9.999980000000000535e-01 -1.366500000000000006e-02 -9.999069999999999903e-01 4.389999999999999914e-04 -9.999050000000000438e-01 1.366599999999999933e-02 1.892000000000000019e-03
2.800000000000000000e+01 6.000000000000000000e+01 5.500000000000000000e+01 0.000000000000000000e+00 1.600000000000000089e+00 -5.608300000000000091e-02 -8.805000000000000326e-02 9.945359999999999756e-01 -4.463799999999999712e-02 9.953290000000000193e-01 8.560299999999999854e-02 -9.974279999999999813e-01 -3.959300000000000319e-02 -5.975099999999999856e-02
2.800000000000000000e+01 5.100000000000000000e+01 5.600000000000000000e+01 0.000000000000000000e+00 1.600000000000000089e+00 3.863909999999999845e-01 -1.101990000000000053e-01 9.157290000000000152e-01 -9.046110000000000539e-01 -2.389809999999999990e-01 3.529410000000000047e-01 1.799489999999999978e-01 -9.647510000000000252e-01 -1.920270000000000032e-01
1.400000000000000000e+01 6.800000000000000000e+01 5.700000000000000000e+01 0.000000000000000000e+00 1.600000000000000089e+00 -4.904999999999999638e-03 9.726999999999999535e-03 -9.999409999999999688e-01 -2.357829999999999926e-01 -9.717700000000000227e-01 -8.295999999999999555e-03 -9.717930000000000179e-01 2.357279999999999931e-01 7.060000000000000303e-03
3.000000000000000000e+01 6.800000000000000000e+01 5.700000000000000000e+01 0.000000000000000000e+00 1.600000000000000089e+00 3.246000000000000187e-03 1.206800000000000060e-02 -9.999219999999999775e-01 -2.298999999999999932e-01 -9.731340000000000545e-01 -1.249100000000000037e-02 -9.732089999999999907e-01 2.299229999999999885e-01 -3.849999999999999798e-04
4.000000000000000000e+00 2.100000000000000000e+01 6.000000000000000000e+01 0.000000000000000000e+00 1.600000000000000089e+00 3.179999999999999776e-04 -1.081400000000000070e-02 9.999409999999999688e-01 -9.599800000000000000e-02 9.953229999999999578e-01 1.079500000000000078e-02 -9.953809999999999603e-01 -9.599599999999999800e-02 -7.219999999999999855e-04
9.000000000000000000e+00 2.100000000000000000e+01 6.000000000000000000e+01 0.000000000000000000e+00 1.600000000000000089e+00 3.000000000000000076e-05 9.229999999999999923e-04 1.000000000000000000e+00 -9.734900000000000497e-02 9.952499999999999680e-01 -9.160000000000000390e-04 -9.952499999999999680e-01 -9.734900000000000497e-02 1.190000000000000058e-04
1.600000000000000000e+01 2.100000000000000000e+01 6.000000000000000000e+01 0.000000000000000000e+00 1.600000000000000089e+00 -8.379999999999999862e-04 8.004000000000000697e-03 9.999679999999999680e-01 -9.614799999999999736e-02 9.953349999999999698e-01 -8.047000000000000333e-03 -9.953670000000000018e-01 -9.615100000000000036e-02 -6.499999999999999431e-05
2.100000000000000000e+01 2.100000000000000000e+01 6.000000000000000000e+01 0.000000000000000000e+00 1.600000000000000089e+00 -5.180000000000000143e-04 -1.027600000000000041e-02 9.999470000000000303e-01 -9.779100000000000292e-02 9.951550000000000118e-01 1.017599999999999928e-02 -9.952069999999999528e-01 -9.778000000000000580e-02 -1.521000000000000000e-03
2.900000000000000000e+01 2.100000000000000000e+01 6.000000000000000000e+01 0.000000000000000000e+00 1.600000000000000089e+00 -3.629999999999999872e-04 5.880999999999999943e-03 9.999829999999999552e-01 -9.676500000000000379e-02 9.952900000000000080e-01 -5.888000000000000005e-03 -9.953070000000000528e-01 -9.676500000000000379e-02 2.079999999999999872e-04
6.000000000000000000e+00 3.000000000000000000e+00 6.300000000000000000e+01 0.000000000000000000e+00 1.600000000000000089e+00 -5.689999999999999529e-04 5.659999999999999884e-04 1.000000000000000000e+00 -6.143859999999999877e-01 7.890049999999999564e-01 -7.969999999999999654e-04 -7.890049999999999564e-01 -6.143859999999999877e-01 -1.010000000000000020e-04
2.800000000000000000e+01 3.000000000000000000e+00 6.300000000000000000e+01 0.000000000000000000e+00 1.600000000000000089e+00 8.819999999999999715e-04 -2.429999999999999977e-04 1.000000000000000000e+00 -6.159869999999999512e-01 7.877560000000000118e-01 7.349999999999999763e-04 -7.877549999999999830e-01 -6.159879999999999800e-01 5.450000000000000200e-04
2.000000000000000000e+00 2.700000000000000000e+01 6.300000000000000000e+01 0.000000000000000000e+00 1.600000000000000089e+00 2.103999999999999967e-03 -4.577999999999999604e-03 9.999869999999999592e-01 -2.790960000000000107e-01 9.602500000000000480e-01 4.982999999999999582e-03 -9.602610000000000312e-01 -2.791029999999999900e-01 7.429999999999999539e-04
4.000000000000000000e+00 2.700000000000000000e+01 6.300000000000000000e+01 0.000000000000000000e+00 1.600000000000000089e+00 6.849999999999999535e-04 -2.821999999999999856e-03 9.999959999999999960e-01 -2.783720000000000083e-01 9.604690000000000172e-01 2.900999999999999933e-03 -9.604730000000000212e-01 -2.783729999999999816e-01 -1.269999999999999970e-04
8.000000000000000000e+00 2.700000000000000000e+01 6.300000000000000000e+01 0.000000000000000000e+00 1.600000000000000089e+00 6.359999999999999551e-04 -2.631000000000000092e-03 9.999959999999999960e-01 -2.781279999999999863e-01 9.605399999999999494e-01 2.703999999999999806e-03 -9.605439999999999534e-01 -2.781279999999999863e-01 -1.200000000000000030e-04
1.300000000000000000e+01 2.700000000000000000e+01 6.300000000000000000e+01 0.000000000000000000e+00 1.600000000000000089e+00 1.402000000000000034e-03 -4.342000000000000373e-03 9.999900000000000455e-01 -2.788050000000000250e-01 9.603369999999999962e-01 4.559999999999999817e-03 -9.603469999999999507e-01 -2.788089999999999735e-01 1.359999999999999989e-04
1.800000000000000000e+01 2.700000000000000000e+01 6.300000000000000000e+01 0.000000000000000000e+00 1.600000000000000089e+00 -4.730000000000000046e-04 -1.456999999999999962e-03 9.999989999999999712e-01 -2.710400000000000031e-01 9.625669999999999504e-01 1.273999999999999959e-03 -9.625679999999999792e-01 -2.710389999999999744e-01 -8.499999999999999526e-04
2.400000000000000000e+01 2.700000000000000000e+01 6.300000000000000000e+01 0.000000000000000000e+00 1.600000000000000089e+00 7.380000000000000492e-04 -2.482999999999999964e-03 9.999970000000000248e-01 -2.657200000000000117e-01 9.640469999999999873e-01 2.589999999999999854e-03 -9.640499999999999625e-01 -2.657209999999999850e-01 5.099999999999999960e-05
2.900000000000000000e+01 2.700000000000000000e+01 6.300000000000000000e+01 0.000000000000000000e+00 1.600000000000000089e+00 2.410000000000000033e-04 8.649999999999999703e-03 9.999630000000000463e-01 -2.668880000000000141e-01 9.636919999999999931e-01 -8.271999999999999839e-03 -9.637280000000000291e-01 -2.668760000000000021e-01 2.540999999999999856e-03
3.000000000000000000e+00 2.600000000000000000e+01 6.400000000000000000e+01 0.000000000000000000e+00 1.600000000000000089e+00 1.758000000000000014e-03 -4.683999999999999796e-03 9.999869999999999592e-01 -3.618779999999999775e-01 9.322120000000000406e-01 5.002999999999999635e-03 -9.322240000000000526e-01 -3.618819999999999815e-01 -5.700000000000000314e-05
9.000000000000000000e+00 2.600000000000000000e+01 6.400000000000000000e+01 0.000000000000000000e+00 1.600000000000000089e+00 1.503999999999999912e-03 -2.664000000000000135e-03 9.999949999999999672e-01 -3.642360000000000042e-01 9.313019999999999632e-01 3.027999999999999876e-03 -9.313050000000000495e-01 -3.642389999999999795e-01 4.299999999999999894e-04
1.300000000000000000e+01 2.600000000000000000e+01 6.400000000000000000e+01 0.000000000000000000e+00 1.600000000000000089e+00 1.900999999999999912e-03 -4.524000000000000243e-03 9.999879999999999880e-01 -3.642250000000000210e-01 9.312979999999999592e-01 4.904999999999999638e-03 -9.313090000000000535e-01 -3.642299999999999982e-01 1.219999999999999974e-04
2.100000000000000000e+01 2.600000000000000000e+01 6.400000000000000000e+01 0.000000000000000000e+00 1.600000000000000089e+00 -4.629999999999999784e-04 -4.433999999999999574e-03 9.999900000000000455e-01 -3.462480000000000002e-01 9.381340000000000234e-01 3.998999999999999951e-03 -9.381429999999999492e-01 -3.462430000000000230e-01 -1.968999999999999830e-03
2.700000000000000000e+01 2.600000000000000000e+01 6.400000000000000000e+01 0.000000000000000000e+00 1.600000000000000089e+00 6.089999999999999494e-04 3.748000000000000029e-03 9.999930000000000208e-01 -3.453789999999999916e-01 9.384569999999999856e-01 -3.307000000000000044e-03 -9.384630000000000472e-01 -3.453740000000000143e-01 1.866000000000000037e-03
2.100000000000000000e+01 5.400000000000000000e+01 6.400000000000000000e+01 0.000000000000000000e+00 1.600000000000000089e+00 3.939559999999999729e-01 -7.670499999999999541e-02 -9.159230000000000427e-01 -7.829439999999999733e-01 4.939819999999999767e-01 -3.781280000000000197e-01 4.814539999999999931e-01 8.660820000000000185e-01 1.345510000000000039e-01
2.600000000000000000e+01 5.000000000000000000e+01 6.500000000000000000e+01 0.000000000000000000e+00 1.600000000000000089e+00 -1.835330000000000017e-01 -2.672579999999999956e-01 -9.459859999999999935e-01 3.079549999999999788e-01 8.982580000000000009e-01 -3.135220000000000229e-01 9.335309999999999997e-01 -3.488629999999999787e-01 -8.255600000000000438e-02
1.900000000000000000e+01 5.300000000000000000e+01 6.500000000000000000e+01 0.000000000000000000e+00 1.600000000000000089e+00 4.624630000000000130e-01 -1.084180000000000005e-01 -8.799850000000000172e-01 -7.664349999999999774e-01 4.501009999999999733e-01 -4.582430000000000114e-01 4.457639999999999936e-01 8.863720000000000487e-01 1.250600000000000045e-01
9.000000000000000000e+00 2.500000000000000000e+01 7.300000000000000000e+01 0.000000000000000000e+00 1.600000000000000089e+00 -6.719999999999999628e-04 -4.673000000000000070e-03 9.999890000000000168e-01 7.457489999999999952e-01 -6.662219999999999809e-01 -2.612000000000000172e-03 6.662270000000000136e-01 7.457390000000000407e-01 3.932999999999999864e-03
1.800000000000000000e+01 2.500000000000000000e+01 7.300000000000000000e+01 0.000000000000000000e+00 1.600000000000000089e+00 -9.810000000000001011e-04 -1.410400000000000022e-02 9.999000000000000110e-01 7.446989999999999998e-01 -6.673440000000000483e-01 -8.682999999999999746e-03 6.673989999999999645e-01 7.446159999999999446e-01 1.115799999999999952e-02
3.000000000000000000e+00 4.200000000000000000e+01 7.300000000000000000e+01 0.000000000000000000e+00 1.600000000000000089e+00 5.665400000000000297e-02 1.997869999999999924e-01 9.781999999999999584e-01 5.945000000000000284e-02 -9.787099999999999689e-01 1.964480000000000115e-01 9.966220000000000079e-01 4.702499999999999736e-02 -6.732499999999999596e-02
1.300000000000000000e+01 4.400000000000000000e+01 7.300000000000000000e+01 0.000000000000000000e+00 1.600000000000000089e+00 2.185099999999999890e-02 1.400389999999999968e-01 9.899050000000000349e-01 3.185999999999999943e-02 -9.897359999999999491e-01 1.393119999999999914e-01 9.992529999999999468e-01 2.849399999999999850e-02 -2.608900000000000108e-02
2.100000000000000000e+01 4.400000000000000000e+01 7.300000000000000000e+01 0.000000000000000000e+00 1.600000000000000089e+00 1.925999999999999978e-03 1.366999999999999943e-03 9.999970000000000248e-01 5.319499999999999923e-02 -9.985829999999999984e-01 1.262000000000000101e-03 9.985819999999999697e-01 5.319299999999999723e-02 -1.995999999999999944e-03
2.700000000000000000e+01 4.400000000000000000e+01 7.300000000000000000e+01 0.000000000000000000e+00 1.600000000000000089e+00 -5.950000000000000427e-04 -7.305999999999999994e-03 9.999730000000000008e-01 5.167100000000000165e-02 -9.986380000000000257e-01 -7.265999999999999889e-03 9.986639999999999961e-01 5.166500000000000259e-02 9.709999999999999664e-04
2.000000000000000000e+00 2.500000000000000000e+01 7.400000000000000000e+01 0.000000000000000000e+00 1.600000000000000089e+00 2.590000000000000071e-04 -4.122999999999999929e-03 9.999909999999999632e-01 8.219090000000000007e-01 -5.696130000000000360e-01 -2.560999999999999908e-03 5.696189999999999864e-01 8.219020000000000215e-01 3.242000000000000090e-03
6.000000000000000000e+00 2.500000000000000000e+01 7.400000000000000000e+01 0.000000000000000000e+00 1.600000000000000089e+00 2.900000000000000017e-04 -6.419000000000000226e-03 9.999789999999999512e-01 8.221500000000000474e-01 -5.692580000000000418e-01 -3.893000000000000193e-03 5.692709999999999715e-01 8.221340000000000314e-01 5.112000000000000224e-03
8.000000000000000000e+00 2.500000000000000000e+01 7.400000000000000000e+01 0.000000000000000000e+00 1.600000000000000089e+00 -5.399999999999999798e-05 -4.800999999999999712e-03 9.999879999999999880e-01 8.228210000000000246e-01 -5.682939999999999658e-01 -2.684000000000000188e-03 5.683000000000000274e-01 8.228119999999999878e-01 3.981000000000000164e-03
1.500000000000000000e+01 2.500000000000000000e+01 7.400000000000000000e+01 0.000000000000000000e+00 1.600000000000000089e+00 1.592000000000000099e-03 -6.821999999999999939e-03 9.999749999999999472e-01 8.224289999999999656e-01 -5.688440000000000163e-01 -5.190000000000000169e-03 5.688649999999999540e-01 8.224169999999999536e-01 4.704999999999999981e-03
3.000000000000000000e+00 4.200000000000000000e+01 7.500000000000000000e+01 0.000000000000000000e+00 1.600000000000000089e+00 5.160900000000000210e-02 2.278769999999999962e-01 -9.723209999999999908e-01 -5.116380000000000372e-01 -8.301049999999999818e-01 -2.217030000000000112e-01 -8.576500000000000234e-01 5.089190000000000103e-01 7.374999999999999611e-02
1.900000000000000000e+01 5.100000000000000000e+01 7.600000000000000000e+01 0.000000000000000000e+00 1.600000000000000089e+00 -1.177000000000000095e-03 -7.889000000000000179e-03 -9.999679999999999680e-01 -4.048559999999999937e-01 -9.143480000000000496e-01 7.689999999999999787e-03 -9.143799999999999706e-01 4.048519999999999897e-01 -2.118000000000000091e-03
3.000000000000000000e+00 9.100000000000000000e+01 7.600000000000000000e+01 0.000000000000000000e+00 1.600000000000000089e+00 -1.592000000000000099e-03 -9.020000000000000240e-04 9.999980000000000535e-01 3.511170000000000124e-01 -9.363310000000000244e-01 -2.860000000000000129e-04 9.363299999999999956e-01 3.511159999999999837e-01 1.807000000000000012e-03
1.200000000000000000e+01 9.100000000000000000e+01 7.600000000000000000e+01 0.000000000000000000e+00 1.600000000000000089e+00 1.998000000000000210e-03 -2.017000000000000130e-03 9.999959999999999960e-01 3.137210000000000276e-01 -9.495120000000000227e-01 -2.541999999999999989e-03 9.495130000000000514e-01 3.137249999999999761e-01 -1.265000000000000065e-03
1.700000000000000000e+01 9.100000000000000000e+01 7.600000000000000000e+01 0.000000000000000000e+00 1.600000000000000089e+00 1.227000000000000009e-03 -3.020999999999999814e-03 9.999949999999999672e-01 2.911020000000000274e-01 -9.566860000000000364e-01 -3.246999999999999886e-03 9.566909999999999581e-01 2.911050000000000026e-01 -2.939999999999999905e-04
2.400000000000000000e+01 9.100000000000000000e+01 7.600000000000000000e+01 0.000000000000000000e+00 1.600000000000000089e+00 -2.164000000000000125e-03 -2.961000000000000090e-03 9.999930000000000208e-01 2.764229999999999743e-01 -9.610330000000000261e-01 -2.247999999999999998e-03 9.610340000000000549e-01 2.764170000000000238e-01 2.897999999999999968e-03
2.800000000000000000e+01 9.100000000000000000e+01 7.600000000000000000e+01 0.000000000000000000e+00 1.600000000000000089e+00 -7.290000000000000473e-04 -2.399000000000000091e-03 9.999970000000000248e-01 2.770610000000000017e-01 -9.608499999999999819e-01 -2.102999999999999835e-03 9.608520000000000394e-01 2.770580000000000265e-01 1.364999999999999894e-03
6.000000000000000000e+00 4.400000000000000000e+01 8.300000000000000000e+01 0.000000000000000000e+00 1.600000000000000089e+00 1.451299999999999986e-02 5.981399999999999911e-02 9.981039999999999912e-01 5.630680000000000129e-01 -8.253789999999999738e-01 4.127600000000000019e-02 8.262829999999999897e-01 5.614019999999999566e-01 -4.565799999999999720e-02
2.100000000000000000e+01 4.400000000000000000e+01 8.300000000000000000e+01 0.000000000000000000e+00 1.600000000000000089e+00 1.800000000000000113e-04 -4.244999999999999642e-03 9.999909999999999632e-01 5.900750000000000162e-01 -8.073399999999999466e-01 -3.533000000000000116e-03 8.073479999999999546e-01 5.900710000000000122e-01 2.360000000000000119e-03
2.900000000000000000e+01 4.400000000000000000e+01 8.300000000000000000e+01 0.000000000000000000e+00 1.600000000000000089e+00 -1.760000000000000063e-03 1.420000000000000092e-04 9.999980000000000535e-01 5.823650000000000215e-01 -8.129269999999999552e-01 1.139999999999999954e-03 8.129260000000000375e-01 5.823660000000000503e-01 1.348000000000000023e-03
2.900000000000000000e+01 4.800000000000000000e+01 8.400000000000000000e+01 0.000000000000000000e+00 1.600000000000000089e+00 2.286999999999999970e-03 2.047000000000000208e-03 -9.999949999999999672e-01 -9.513040000000000385e-01 -3.082409999999999872e-01 -2.807000000000000033e-03 -3.082460000000000200e-01 9.513059999999999850e-01 1.242999999999999964e-03
5.000000000000000000e+00 1.500000000000000000e+01 8.600000000000000000e+01 0.000000000000000000e+00 1.600000000000000089e+00 -1.495999999999999934e-03 -4.775999999999999863e-03 -9.999869999999999592e-01 1.880890000000000062e-01 9.821389999999999842e-01 -4.971999999999999857e-03 9.821509999999999962e-01 -1.880950000000000122e-01 -5.710000000000000015e-04
8.000000000000000000e+00 1.500000000000000000e+01 8.600000000000000000e+01 0.000000000000000000e+00 1.600000000000000089e+00 -1.097000000000000102e-03 1.185999999999999988e-03 -9.999989999999999712e-01 1.864889999999999881e-01 9.824570000000000247e-01 9.610000000000000486e-04 9.824559999999999960e-01 -1.864879999999999871e-01 -1.299000000000000024e-03
1.400000000000000000e+01 1.500000000000000000e+01 8.600000000000000000e+01 0.000000000000000000e+00 1.600000000000000089e+00 1.144999999999999967e-03 -1.866999999999999953e-03 -9.999980000000000535e-01 1.851659999999999973e-01 9.827059999999999684e-01 -1.623000000000000094e-03 9.827069999999999972e-01 -1.851629999999999943e-01 1.471000000000000085e-03
1.800000000000000000e+01 1.500000000000000000e+01 8.600000000000000000e+01 0.000000000000000000e+00 1.600000000000000089e+00 1.118000000000000070e-03 -1.943999999999999981e-03 -9.999980000000000535e-01 1.852119999999999878e-01 9.826970000000000427e-01 -1.704000000000000003e-03 9.826979999999999604e-01 -1.852090000000000125e-01 1.459000000000000010e-03
2.500000000000000000e+01 1.500000000000000000e+01 8.600000000000000000e+01 0.000000000000000000e+00 1.600000000000000089e+00 5.659999999999999884e-04 -5.356999999999999783e-03 -9.999850000000000128e-01 1.843390000000000029e-01 9.828489999999999727e-01 -5.160999999999999789e-03 9.828620000000000134e-01 -1.843339999999999979e-01 1.544000000000000017e-03
6.000000000000000000e+00 8.300000000000000000e+01 8.600000000000000000e+01 0.000000000000000000e+00 1.600000000000000089e+00 9.719999999999999907e-04 5.735999999999999779e-03 9.999829999999999552e-01 -9.999630000000000463e-01 8.500000000000000611e-03 9.229999999999999923e-04 -8.495000000000000814e-03 -9.999470000000000303e-01 5.743999999999999974e-03
1.100000000000000000e+01 8.300000000000000000e+01 8.600000000000000000e+01 0.000000000000000000e+00 1.600000000000000089e+00 -3.400000000000000244e-04 1.152500000000000052e-02 9.999339999999999895e-01 -9.998939999999999495e-01 1.458399999999999974e-02 -5.079999999999999880e-04 -1.458899999999999954e-02 -9.998270000000000213e-01 1.151899999999999973e-02
1.500000000000000000e+01 8.300000000000000000e+01 8.600000000000000000e+01 0.000000000000000000e+00 1.600000000000000089e+00 -4.525000000000000376e-03 1.015899999999999963e-02 9.999379999999999935e-01 -9.999040000000000150e-01 1.303099999999999918e-02 -4.656999999999999681e-03 -1.307799999999999935e-02 -9.998639999999999750e-01 1.009900000000000034e-02
2.300000000000000000e+01 8.300000000000000000e+01 8.600000000000000000e+01 0.000000000000000000e+00 1.600000000000000089e+00 5.133999999999999675e-03 6.073000000000000273e-03 9.999679999999999680e-01 -9.999740000000000295e-01 4.998999999999999971e-03 5.104000000000000030e-03 -4.968000000000000194e-03 -9.999689999999999968e-01 6.098000000000000122e-03
1.000000000000000000e+01 1.040000000000000000e+02 8.700000000000000000e+01 0.000000000000000000e+00 1.600000000000000089e+00 5.991999999999999930e-03 7.680000000000000195e-03 -9.999529999999999808e-01 -9.279939999999999856e-01 3.725859999999999728e-01 -2.699000000000000010e-03 3.725470000000000170e-01 9.279659999999999576e-01 9.360000000000000264e-03
8.000000000000000000e+00 8.800000000000000000e+01 9.100000000000000000e+01 0.000000000000000000e+00 1.600000000000000089e+00 -3.660000000000000059e-04 4.518999999999999580e-03 -9.999900000000000455e-01 8.054149999999999920e-01 -5.927040000000000086e-01 -2.972999999999999948e-03 -5.927120000000000166e-01 -8.054069999999999840e-01 -3.422999999999999828e-03
3.000000000000000000e+00 3.400000000000000000e+01 1.000000000000000000e+02 0.000000000000000000e+00 1.600000000000000089e+00 3.833000000000000036e-03 4.129999999999999991e-03 9.999839999999999840e-01 7.986699999999999910e-01 6.017439999999999456e-01 -5.546999999999999847e-03 -6.017569999999999864e-01 7.986779999999999990e-01 -9.920000000000000432e-04
1.200000000000000000e+01 3.400000000000000000e+01 1.000000000000000000e+02 0.000000000000000000e+00 1.600000000000000089e+00 -2.530999999999999830e-03 -4.249999999999999763e-04 9.999970000000000248e-01 7.971530000000000005e-01 6.037730000000000041e-01 2.275000000000000112e-03 -6.037719999999999754e-01 7.971559999999999757e-01 -1.188999999999999953e-03
