2.100000000000000000e+01 2.500000000000000000e+01 1.000000000000000000e+00 0.000000000000000000e+00 1.600000000000000089e+00 -1.546999999999999981e-03 4.189999999999999931e-04 -9.999989999999999712e-01 -5.227509999999999657e-01 -8.524859999999999660e-01 4.510000000000000120e-04 -8.524840000000000195e-01 5.227509999999999657e-01 1.538000000000000088e-03
3.000000000000000000e+00 1.500000000000000000e+01 4.000000000000000000e+00 0.000000000000000000e+00 1.600000000000000089e+00 -1.157000000000000042e-03 5.101999999999999764e-03 9.999860000000000415e-01 3.168150000000000133e-01 -9.484730000000000105e-01 5.205999999999999690e-03 9.484869999999999690e-01 3.168170000000000153e-01 -5.190000000000000386e-04
1.000000000000000000e+01 1.500000000000000000e+01 4.000000000000000000e+00 0.000000000000000000e+00 1.600000000000000089e+00 -1.240000000000000000e-03 -7.636999999999999691e-03 9.999700000000000255e-01 3.136289999999999911e-01 -9.495209999999999484e-01 -6.863000000000000177e-03 9.495449999999999724e-01 3.136109999999999731e-01 3.572999999999999787e-03
1.200000000000000000e+01 1.500000000000000000e+01 4.000000000000000000e+00 0.000000000000000000e+00 1.600000000000000089e+00 9.319999999999999942e-04 -4.303999999999999666e-03 9.999900000000000455e-01 3.143070000000000030e-01 -9.493110000000000159e-01 -4.379000000000000080e-03 9.493209999999999704e-01 3.143079999999999763e-01 4.679999999999999915e-04
1.600000000000000000e+01 1.500000000000000000e+01 4.000000000000000000e+00 0.000000000000000000e+00 1.600000000000000089e+00 3.661999999999999891e-03 4.687000000000000194e-03 9.999820000000000375e-01 3.144159999999999733e-01 -9.492800000000000127e-01 3.298000000000000150e-03 9.492779999999999552e-01 3.143980000000000108e-01 -4.950000000000000407e-03
2.100000000000000000e+01 1.500000000000000000e+01 4.000000000000000000e+00 0.000000000000000000e+00 1.600000000000000089e+00 2.820000000000000024e-03 -3.706000000000000093e-03 9.999890000000000168e-01 3.176129999999999787e-01 -9.482099999999999973e-01 -4.409999999999999858e-03 9.482159999999999478e-01 3.176220000000000154e-01 -1.495999999999999934e-03
2.500000000000000000e+01 1.500000000000000000e+01 4.000000000000000000e+00 0.000000000000000000e+00 1.600000000000000089e+00 2.909999999999999826e-03 -3.389999999999999784e-03 9.999900000000000455e-01 3.191919999999999757e-01 -9.476809999999999956e-01 -4.140999999999999716e-03 9.476860000000000284e-01 3.192010000000000125e-01 -1.675000000000000057e-03
2.900000000000000000e+01 1.500000000000000000e+01 4.000000000000000000e+00 0.000000000000000000e+00 1.600000000000000089e+00 2.410000000000000033e-04 2.099000000000000171e-03 9.999980000000000535e-01 3.216269999999999962e-01 -9.468640000000000390e-01 1.910000000000000022e-03 9.468659999999999854e-01 3.216260000000000230e-01 -9.030000000000000483e-04
1.700000000000000000e+01 4.000000000000000000e+00 5.000000000000000000e+00 0.000000000000000000e+00 1.600000000000000089e+00 -8.533000000000000654e-03 -2.060800000000000132e-02 9.997509999999999453e-01 2.224299999999999888e-01 -9.747789999999999511e-01 -1.819499999999999937e-02 9.749109999999999721e-01 2.222189999999999999e-01 1.290200000000000027e-02
2.000000000000000000e+00 1.010000000000000000e+02 7.000000000000000000e+00 0.000000000000000000e+00 1.600000000000000089e+00 2.079999999999999818e-03 -2.014000000000000165e-03 9.999959999999999960e-01 8.861379999999999812e-01 4.634210000000000274e-01 -9.100000000000000016e-04 -4.634179999999999966e-01 8.861360000000000348e-01 2.749000000000000141e-03
6.000000000000000000e+00 1.010000000000000000e+02 7.000000000000000000e+00 0.000000000000000000e+00 1.600000000000000089e+00 3.654000000000000130e-03 8.451000000000000179e-03 9.999580000000000135e-01 8.875159999999999716e-01 4.607220000000000204e-01 -7.135999999999999982e-03 -4.607629999999999781e-01 8.875039999999999596e-01 -5.817000000000000122e-03
1.000000000000000000e+01 1.010000000000000000e+02 7.000000000000000000e+00 0.000000000000000000e+00 1.600000000000000089e+00 7.759999999999999971e-04 -7.343999999999999834e-03 9.999730000000000008e-01 8.890609999999999902e-01 4.577820000000000222e-01 2.671999999999999896e-03 -4.577890000000000015e-01 8.890339999999999909e-01 6.884000000000000362e-03
1.300000000000000000e+01 1.010000000000000000e+02 7.000000000000000000e+00 0.000000000000000000e+00 1.600000000000000089e+00 -9.340000000000000429e-04 -1.027299999999999915e-02 9.999470000000000303e-01 8.898859999999999548e-01 4.561490000000000267e-01 5.517000000000000202e-03 -4.561819999999999764e-01 8.898439999999999683e-01 8.715000000000000524e-03
1.000000000000000000e+00 2.500000000000000000e+01 8.000000000000000000e+00 0.000000000000000000e+00 1.600000000000000089e+00 -3.009999999999999980e-04 2.556999999999999811e-03 -9.999970000000000248e-01 4.491809999999999969e-01 8.934379999999999544e-01 2.148999999999999869e-03 8.934410000000000407e-01 -4.491789999999999949e-01 -1.417999999999999990e-03
1.100000000000000000e+01 2.500000000000000000e+01 8.000000000000000000e+00 0.000000000000000000e+00 1.600000000000000089e+00 -1.440000000000000036e-04 -4.093000000000000284e-03 -9.999919999999999920e-01 4.490359999999999907e-01 8.935060000000000224e-01 -3.722000000000000048e-03 8.935140000000000304e-01 -4.490330000000000155e-01 1.709000000000000016e-03
1.500000000000000000e+01 2.500000000000000000e+01 8.000000000000000000e+00 0.000000000000000000e+00 1.600000000000000089e+00 5.980000000000000072e-04 -4.590000000000000330e-03 -9.999890000000000168e-01 4.493289999999999784e-01 8.933579999999999854e-01 -3.831999999999999903e-03 8.933659999999999934e-01 -4.493219999999999992e-01 2.596999999999999916e-03
1.900000000000000000e+01 2.500000000000000000e+01 8.000000000000000000e+00 0.000000000000000000e+00 1.600000000000000089e+00 1.884000000000000041e-03 2.991999999999999868e-03 -9.999940000000000495e-01 4.490450000000000275e-01 8.935020000000000184e-01 3.518999999999999993e-03 8.935070000000000512e-01 -4.490489999999999760e-01 3.400000000000000244e-04
2.500000000000000000e+01 2.500000000000000000e+01 8.000000000000000000e+00 0.000000000000000000e+00 1.600000000000000089e+00 9.129999999999999661e-04 -4.099999999999999912e-04 -9.999989999999999712e-01 4.481350000000000056e-01 8.939660000000000384e-01 4.199999999999999768e-05 8.939660000000000384e-01 -4.481339999999999768e-01 1.000000000000000021e-03
3.000000000000000000e+00 2.400000000000000000e+01 9.000000000000000000e+00 0.000000000000000000e+00 1.600000000000000089e+00 -7.929999999999999766e-04 5.605999999999999872e-03 -9.999839999999999840e-01 4.547189999999999843e-01 8.906230000000000535e-01 4.631999999999999833e-03 8.906340000000000368e-01 -4.547080000000000011e-01 -3.256000000000000213e-03
1.100000000000000000e+01 2.400000000000000000e+01 9.000000000000000000e+00 0.000000000000000000e+00 1.600000000000000089e+00 3.399999999999999973e-05 -4.433000000000000308e-03 -9.999900000000000455e-01 4.534869999999999735e-01 8.912539999999999907e-01 -3.935000000000000130e-03 8.912630000000000274e-01 -4.534819999999999962e-01 2.040000000000000147e-03
1.900000000000000000e+01 2.400000000000000000e+01 9.000000000000000000e+00 0.000000000000000000e+00 1.600000000000000089e+00 1.887000000000000005e-03 5.016999999999999758e-03 -9.999860000000000415e-01 4.535319999999999907e-01 8.912240000000000162e-01 5.327000000000000138e-03 8.912379999999999747e-01 -4.535350000000000215e-01 -5.929999999999999941e-04
2.500000000000000000e+01 2.400000000000000000e+01 9.000000000000000000e+00 0.000000000000000000e+00 1.600000000000000089e+00 9.200000000000000278e-04 5.199999999999999680e-05 -1.000000000000000000e+00 4.530879999999999908e-01 8.914659999999999807e-01 4.629999999999999784e-04 8.914649999999999519e-01 -4.530879999999999908e-01 7.960000000000000495e-04
1.400000000000000000e+01 3.100000000000000000e+01 1.200000000000000000e+01 0.000000000000000000e+00 1.600000000000000089e+00 -1.497999999999999983e-03 -4.923000000000000292e-03 9.999869999999999592e-01 -2.586999999999999890e-03 9.999850000000000128e-01 4.918999999999999762e-03 -9.999959999999999960e-01 -2.579999999999999828e-03 -1.510000000000000057e-03
1.700000000000000000e+01 3.100000000000000000e+01 1.200000000000000000e+01 0.000000000000000000e+00 1.600000000000000089e+00 -1.116000000000000021e-03 -2.723999999999999859e-03 9.999959999999999960e-01 6.999999999999999387e-05 9.999959999999999960e-01 2.723999999999999859e-03 -9.999989999999999712e-01 7.299999999999999903e-05 -1.116000000000000021e-03
2.000000000000000000e+01 3.100000000000000000e+01 1.200000000000000000e+01 0.000000000000000000e+00 1.600000000000000089e+00 -4.510000000000000120e-04 -2.229999999999999994e-04 1.000000000000000000e+00 1.750000000000000036e-03 9.999980000000000535e-01 2.239999999999999966e-04 -9.999980000000000535e-01 1.750000000000000036e-03 -4.499999999999999877e-04
2.400000000000000000e+01 3.100000000000000000e+01 1.200000000000000000e+01 0.000000000000000000e+00 1.600000000000000089e+00 2.011999999999999900e-03 3.963999999999999642e-03 9.999900000000000455e-01 3.517999999999999860e-03 9.999860000000000415e-01 -3.970999999999999704e-03 -9.999919999999999920e-01 3.526000000000000054e-03 1.998000000000000210e-03
6.000000000000000000e+00 3.200000000000000000e+01 1.400000000000000000e+01 0.000000000000000000e+00 1.600000000000000089e+00 8.700000000000000051e-05 4.466999999999999617e-03 -9.999900000000000455e-01 1.059900000000000009e-01 9.943570000000000464e-01 4.451000000000000095e-03 9.943670000000000009e-01 -1.059889999999999999e-01 -3.860000000000000041e-04
2.800000000000000000e+01 1.160000000000000000e+02 1.600000000000000000e+01 0.000000000000000000e+00 1.600000000000000089e+00 -3.460000000000000076e-04 2.194000000000000204e-03 9.999980000000000535e-01 6.660369999999999902e-01 7.459179999999999700e-01 -1.405999999999999915e-03 -7.459189999999999987e-01 6.660350000000000437e-01 -1.719999999999999958e-03
3.000000000000000000e+00 2.000000000000000000e+00 1.900000000000000000e+01 0.000000000000000000e+00 1.600000000000000089e+00 3.628000000000000148e-03 3.330000000000000169e-04 -9.999930000000000208e-01 1.913739999999999886e-01 -9.815169999999999728e-01 3.680000000000000003e-04 -9.815110000000000223e-01 -1.913739999999999886e-01 -3.625000000000000184e-03
7.000000000000000000e+00 2.000000000000000000e+00 1.900000000000000000e+01 0.000000000000000000e+00 1.600000000000000089e+00 -7.450000000000000025e-04 -1.319999999999999993e-03 -9.999989999999999712e-01 1.926599999999999979e-01 -9.812650000000000539e-01 1.152000000000000029e-03 -9.812650000000000539e-01 -1.926589999999999969e-01 9.859999999999998974e-04
1.300000000000000000e+01 2.000000000000000000e+00 1.900000000000000000e+01 0.000000000000000000e+00 1.600000000000000089e+00 -1.575000000000000011e-03 -2.714999999999999965e-03 -9.999949999999999672e-01 1.957119999999999971e-01 -9.806589999999999474e-01 2.354999999999999889e-03 -9.806599999999999762e-01 -1.957079999999999931e-01 2.076000000000000154e-03
1.900000000000000000e+01 2.000000000000000000e+00 1.900000000000000000e+01 0.000000000000000000e+00 1.600000000000000089e+00 -1.020999999999999989e-03 -9.048000000000000487e-03 -9.999590000000000423e-01 1.950030000000000097e-01 -9.807639999999999691e-01 8.675000000000000419e-03 -9.808019999999999516e-01 -1.949859999999999927e-01 2.765999999999999796e-03
2.300000000000000000e+01 2.000000000000000000e+00 1.900000000000000000e+01 0.000000000000000000e+00 1.600000000000000089e+00 -1.119999999999999983e-04 8.710000000000000294e-04 -1.000000000000000000e+00 1.930590000000000084e-01 -9.811870000000000314e-01 -8.760000000000000425e-04 -9.811870000000000314e-01 -1.930590000000000084e-01 -5.899999999999999754e-05
2.900000000000000000e+01 2.000000000000000000e+00 1.900000000000000000e+01 0.000000000000000000e+00 1.600000000000000089e+00 1.619999999999999912e-03 -1.755000000000000050e-03 -9.999970000000000248e-01 1.879079999999999917e-01 -9.821849999999999747e-01 2.027999999999999855e-03 -9.821849999999999747e-01 -1.879109999999999947e-01 -1.260999999999999968e-03
9.000000000000000000e+00 4.000000000000000000e+00 2.000000000000000000e+01 0.000000000000000000e+00 1.600000000000000089e+00 -3.033999999999999805e-03 -2.882000000000000013e-03 -9.999909999999999632e-01 3.068429999999999769e-01 -9.517579999999999929e-01 1.812999999999999941e-03 -9.517550000000000177e-01 -3.068350000000000244e-01 3.772000000000000179e-03
1.600000000000000000e+01 4.000000000000000000e+00 2.000000000000000000e+01 0.000000000000000000e+00 1.600000000000000089e+00 -4.020000000000000136e-04 -5.457000000000000045e-03 -9.999850000000000128e-01 3.063230000000000119e-01 -9.519140000000000379e-01 5.072000000000000119e-03 -9.519279999999999964e-01 -3.063159999999999772e-01 2.053999999999999836e-03
4.000000000000000000e+00 1.300000000000000000e+01 2.000000000000000000e+01 0.000000000000000000e+00 1.600000000000000089e+00 5.300000000000000078e-05 6.700000000000000226e-04 1.000000000000000000e+00 2.592070000000000207e-01 9.658219999999999583e-01 -6.610000000000000207e-04 -9.658219999999999583e-01 2.592059999999999920e-01 -1.230000000000000082e-04
9.000000000000000000e+00 1.300000000000000000e+01 2.000000000000000000e+01 0.000000000000000000e+00 1.600000000000000089e+00 2.759999999999999867e-04 -1.407000000000000048e-03 9.999989999999999712e-01 2.583770000000000233e-01 9.660429999999999851e-01 1.288000000000000082e-03 -9.660440000000000138e-01 2.583759999999999946e-01 6.300000000000000261e-04
1.200000000000000000e+01 1.300000000000000000e+01 2.000000000000000000e+01 0.000000000000000000e+00 1.600000000000000089e+00 -9.740000000000000394e-04 7.479999999999999670e-04 9.999989999999999712e-01 2.577269999999999839e-01 9.662180000000000213e-01 -4.719999999999999803e-04 -9.662169999999999925e-01 2.577260000000000106e-01 -1.134000000000000025e-03
2.600000000000000000e+01 1.300000000000000000e+01 2.000000000000000000e+01 0.000000000000000000e+00 1.600000000000000089e+00 -9.499999999999999981e-04 -3.216999999999999808e-03 9.999940000000000495e-01 2.574770000000000114e-01 9.662789999999999990e-01 3.353000000000000078e-03 -9.662840000000000318e-01 2.574779999999999847e-01 -9.000000000000000567e-05
9.000000000000000000e+00 3.000000000000000000e+00 2.500000000000000000e+01 0.000000000000000000e+00 1.600000000000000089e+00 -3.000000000000000076e-05 -2.167000000000000089e-03 9.999980000000000535e-01 -6.919400000000000550e-02 -9.976009999999999600e-01 -2.164000000000000125e-03 9.976030000000000175e-01 -6.919400000000000550e-02 -1.200000000000000030e-04
1.500000000000000000e+01 3.000000000000000000e+00 2.500000000000000000e+01 0.000000000000000000e+00 1.600000000000000089e+00 -4.341000000000000240e-03 -8.144000000000000197e-03 9.999569999999999848e-01 -6.634199999999999819e-02 -9.977610000000000090e-01 -8.413999999999999604e-03 9.977880000000000082e-01 -6.637500000000000344e-02 3.791000000000000099e-03
1.800000000000000000e+01 3.000000000000000000e+00 2.500000000000000000e+01 0.000000000000000000e+00 1.600000000000000089e+00 -2.935999999999999808e-03 -7.710999999999999972e-03 9.999660000000000215e-01 -6.827600000000000335e-02 -9.976350000000000495e-01 -7.893000000000000710e-03 9.976620000000000488e-01 -6.829599999999999560e-02 2.402000000000000055e-03
2.100000000000000000e+01 3.000000000000000000e+00 2.500000000000000000e+01 0.000000000000000000e+00 1.600000000000000089e+00 1.979999999999999989e-03 -4.573999999999999941e-03 9.999879999999999880e-01 -7.414300000000000057e-02 -9.972379999999999578e-01 -4.414000000000000389e-03 9.972459999999999658e-01 -7.413300000000000445e-02 -2.312999999999999952e-03
2.900000000000000000e+01 3.000000000000000000e+00 2.500000000000000000e+01 0.000000000000000000e+00 1.600000000000000089e+00 4.920000000000000328e-04 -8.682000000000000481e-03 9.999620000000000175e-01 -7.246900000000000563e-02 -9.973330000000000251e-01 -8.623000000000000456e-03 9.973710000000000075e-01 -7.246199999999999863e-02 -1.119999999999999902e-03
4.000000000000000000e+00 4.600000000000000000e+01 2.700000000000000000e+01 0.000000000000000000e+00 1.600000000000000089e+00 1.433000000000000029e-03 -5.069999999999999637e-04 -9.999989999999999712e-01 6.770049999999999679e-01 7.359780000000000211e-01 5.980000000000000072e-04 7.359769999999999923e-01 -6.770049999999999679e-01 1.397999999999999937e-03
2.000000000000000000e+00 5.800000000000000000e+01 3.100000000000000000e+01 0.000000000000000000e+00 1.600000000000000089e+00 -3.750999999999999994e-03 -1.335000000000000032e-03 9.999919999999999920e-01 -8.094529999999999781e-01 -5.871720000000000272e-01 -3.820000000000000045e-03 5.871720000000000272e-01 -8.094609999999999861e-01 1.121999999999999950e-03
9.000000000000000000e+00 5.800000000000000000e+01 3.100000000000000000e+01 0.000000000000000000e+00 1.600000000000000089e+00 -6.329999999999999906e-04 1.425000000000000051e-03 9.999989999999999712e-01 -8.120159999999999600e-01 -5.836360000000000436e-01 3.179999999999999776e-04 5.836350000000000149e-01 -8.120140000000000136e-01 1.526999999999999929e-03
1.800000000000000000e+01 5.800000000000000000e+01 3.100000000000000000e+01 0.000000000000000000e+00 1.600000000000000089e+00 -1.358999999999999965e-03 2.331000000000000173e-03 9.999959999999999960e-01 -8.070270000000000499e-01 -5.905150000000000121e-01 2.799999999999999755e-04 5.905129999999999546e-01 -8.070230000000000459e-01 2.683000000000000055e-03
2.200000000000000000e+01 5.800000000000000000e+01 3.100000000000000000e+01 0.000000000000000000e+00 1.600000000000000089e+00 -2.929999999999999879e-03 7.150000000000000322e-04 9.999949999999999672e-01 -8.066910000000000469e-01 -5.909710000000000241e-01 -1.941000000000000017e-03 5.909659999999999913e-01 -8.066929999999999934e-01 2.308000000000000156e-03
3.000000000000000000e+00 4.600000000000000000e+01 3.500000000000000000e+01 0.000000000000000000e+00 1.600000000000000089e+00 -1.580999999999999940e-03 -2.354000000000000190e-03 -9.999959999999999960e-01 3.916180000000000216e-01 -9.201259999999999994e-01 1.546000000000000065e-03 -9.201259999999999994e-01 -3.916140000000000176e-01 2.377000000000000206e-03
9.000000000000000000e+00 4.600000000000000000e+01 3.500000000000000000e+01 0.000000000000000000e+00 1.600000000000000089e+00 5.980000000000000072e-04 -6.930000000000000396e-04 -1.000000000000000000e+00 3.915669999999999984e-01 -9.201489999999999947e-01 8.720000000000000537e-04 -9.201489999999999947e-01 -3.915680000000000271e-01 -2.790000000000000054e-04
1.500000000000000000e+01 4.600000000000000000e+01 3.500000000000000000e+01 0.000000000000000000e+00 1.600000000000000089e+00 -6.310000000000000504e-04 -5.624999999999999792e-03 -9.999839999999999840e-01 3.926660000000000150e-01 -9.196680000000000410e-01 4.925999999999999823e-03 -9.196809999999999707e-01 -3.926569999999999783e-01 2.788999999999999813e-03
1.900000000000000000e+01 4.600000000000000000e+01 3.500000000000000000e+01 0.000000000000000000e+00 1.600000000000000089e+00 -2.880000000000000073e-04 9.179999999999999792e-04 -1.000000000000000000e+00 3.928010000000000113e-01 -9.196229999999999682e-01 -9.569999999999999514e-04 -9.196229999999999682e-01 -3.928010000000000113e-01 -9.600000000000000243e-05
2.300000000000000000e+01 4.600000000000000000e+01 3.500000000000000000e+01 0.000000000000000000e+00 1.600000000000000089e+00 -1.160000000000000007e-04 4.316000000000000392e-03 -9.999909999999999632e-01 3.912180000000000102e-01 -9.202890000000000237e-01 -4.016999999999999738e-03 -9.202979999999999494e-01 -3.912149999999999794e-01 -1.582000000000000073e-03
4.000000000000000000e+00 9.500000000000000000e+01 3.600000000000000000e+01 0.000000000000000000e+00 1.600000000000000089e+00 2.612000000000000172e-03 -2.198500000000000107e-02 9.997549999999999493e-01 9.969449999999999701e-01 7.810000000000000275e-02 -8.869999999999999846e-04 -7.806100000000000538e-02 9.967030000000000056e-01 2.212099999999999830e-02
6.000000000000000000e+00 2.900000000000000000e+01 4.400000000000000000e+01 0.000000000000000000e+00 1.600000000000000089e+00 -8.819999999999999715e-04 -4.995999999999999573e-03 -9.999869999999999592e-01 6.658579999999999499e-01 7.460660000000000069e-01 -4.315000000000000259e-03 7.460780000000000189e-01 -6.658530000000000282e-01 2.668999999999999932e-03
9.000000000000000000e+00 2.900000000000000000e+01 4.400000000000000000e+01 0.000000000000000000e+00 1.600000000000000089e+00 -2.730000000000000222e-04 -5.277999999999999706e-03 -9.999860000000000415e-01 6.646980000000000111e-01 7.471010000000000151e-01 -4.124000000000000062e-03 7.471119999999999983e-01 -6.646900000000000031e-01 3.304000000000000079e-03
1.400000000000000000e+01 2.900000000000000000e+01 4.400000000000000000e+01 0.000000000000000000e+00 1.600000000000000089e+00 1.173999999999999913e-03 1.683000000000000034e-03 -9.999980000000000535e-01 6.566940000000000000e-01 7.541539999999999910e-01 2.040000000000000147e-03 7.541560000000000485e-01 -6.566950000000000287e-01 -2.200000000000000078e-04
1.900000000000000000e+01 2.900000000000000000e+01 4.400000000000000000e+01 0.000000000000000000e+00 1.600000000000000089e+00 5.159999999999999656e-04 -6.430000000000000169e-04 -1.000000000000000000e+00 6.596610000000000529e-01 7.515629999999999811e-01 -1.430000000000000064e-04 7.515629999999999811e-01 -6.596610000000000529e-01 8.120000000000000048e-04
2.300000000000000000e+01 2.900000000000000000e+01 4.400000000000000000e+01 0.000000000000000000e+00 1.600000000000000089e+00 -2.010000000000000068e-04 -1.000999999999999937e-03 -9.999989999999999712e-01 6.635469999999999979e-01 7.481339999999999657e-01 -8.819999999999999715e-04 7.481349999999999945e-01 -6.635469999999999979e-01 5.140000000000000254e-04
2.700000000000000000e+01 2.900000000000000000e+01 4.400000000000000000e+01 0.000000000000000000e+00 1.600000000000000089e+00 -6.599999999999999964e-04 2.059999999999999928e-04 -1.000000000000000000e+00 6.615739999999999954e-01 7.498789999999999623e-01 -2.820000000000000241e-04 7.498789999999999623e-01 -6.615739999999999954e-01 -6.310000000000000504e-04
2.000000000000000000e+00 5.000000000000000000e+00 5.100000000000000000e+01 0.000000000000000000e+00 1.600000000000000089e+00 -6.570000000000000319e-04 5.050000000000000235e-04 -1.000000000000000000e+00 4.846420000000000172e-01 -8.747120000000000450e-01 -7.600000000000000418e-04 -8.747120000000000450e-01 -4.846420000000000172e-01 3.299999999999999982e-04
7.000000000000000000e+00 5.000000000000000000e+00 5.100000000000000000e+01 0.000000000000000000e+00 1.600000000000000089e+00 -4.409999999999999858e-04 -4.360000000000000269e-04 -1.000000000000000000e+00 4.829379999999999784e-01 -8.756549999999999612e-01 1.689999999999999879e-04 -8.756549999999999612e-01 -4.829370000000000052e-01 5.969999999999999829e-04
1.500000000000000000e+01 5.000000000000000000e+00 5.100000000000000000e+01 0.000000000000000000e+00 1.600000000000000089e+00 -1.381000000000000066e-03 -4.330999999999999781e-03 -9.999900000000000455e-01 4.904470000000000218e-01 -8.714659999999999629e-01 3.096999999999999927e-03 -8.714699999999999669e-01 -4.904379999999999851e-01 3.327000000000000096e-03
2.200000000000000000e+01 5.000000000000000000e+00 5.100000000000000000e+01 0.000000000000000000e+00 1.600000000000000089e+00 -1.487000000000000040e-03 -6.252999999999999878e-03 -9.999789999999999512e-01 4.955680000000000085e-01 -8.685570000000000235e-01 4.694000000000000256e-03 -8.685680000000000067e-01 -4.955499999999999905e-01 4.390999999999999938e-03
2.600000000000000000e+01 5.000000000000000000e+00 5.100000000000000000e+01 0.000000000000000000e+00 1.600000000000000089e+00 1.897000000000000032e-03 -2.030999999999999819e-03 -9.999959999999999960e-01 4.944589999999999819e-01 -8.691969999999999974e-01 2.703000000000000107e-03 -8.691990000000000549e-01 -4.944620000000000126e-01 -6.449999999999999570e-04
5.000000000000000000e+00 6.300000000000000000e+01 5.400000000000000000e+01 0.000000000000000000e+00 1.600000000000000089e+00 -3.440000000000000132e-04 1.559999999999999972e-03 9.999989999999999712e-01 -3.501600000000000268e-01 9.366889999999999938e-01 -1.582000000000000073e-03 -9.366900000000000226e-01 -3.501600000000000268e-01 2.239999999999999966e-04
1.400000000000000000e+01 6.300000000000000000e+01 5.400000000000000000e+01 0.000000000000000000e+00 1.600000000000000089e+00 1.677000000000000105e-03 4.508999999999999987e-03 9.999879999999999880e-01 -3.544240000000000168e-01 9.350779999999999648e-01 -3.621999999999999786e-03 -9.350829999999999975e-01 -3.544140000000000068e-01 3.167000000000000110e-03
2.200000000000000000e+01 2.500000000000000000e+01 5.500000000000000000e+01 0.000000000000000000e+00 1.600000000000000089e+00 2.886999999999999809e-03 -8.130000000000000291e-04 -9.999949999999999672e-01 -1.430599999999999927e-02 -9.998970000000000358e-01 7.709999999999999840e-04 -9.998930000000000318e-01 1.430299999999999974e-02 -2.897999999999999968e-03
2.000000000000000000e+00 2.000000000000000000e+01 6.000000000000000000e+01 0.000000000000000000e+00 1.600000000000000089e+00 9.060999999999999610e-03 -5.571999999999999696e-03 9.999430000000000263e-01 -6.020899999999999863e-02 9.981670000000000265e-01 6.106999999999999582e-03 -9.981449999999999489e-01 -6.026100000000000206e-02 8.708000000000000462e-03
1.100000000000000000e+01 2.000000000000000000e+01 6.000000000000000000e+01 0.000000000000000000e+00 1.600000000000000089e+00 -5.863000000000000156e-03 1.248999999999999893e-03 9.999820000000000375e-01 -4.900600000000000095e-02 9.987970000000000459e-01 -1.534999999999999906e-03 -9.987810000000000299e-01 -4.901400000000000201e-02 -5.794999999999999804e-03
1.600000000000000000e+01 2.100000000000000000e+01 6.000000000000000000e+01 0.000000000000000000e+00 1.600000000000000089e+00 -5.714000000000000329e-03 5.075999999999999783e-03 9.999710000000000543e-01 -9.500599999999999323e-02 9.954610000000000403e-01 -5.596000000000000280e-03 -9.954600000000000115e-01 -9.503499999999999448e-02 -5.205999999999999690e-03
2.200000000000000000e+01 2.100000000000000000e+01 6.000000000000000000e+01 0.000000000000000000e+00 1.600000000000000089e+00 2.978000000000000178e-03 1.170999999999999949e-03 9.999949999999999672e-01 -9.692599999999999827e-02 9.952910000000000368e-01 -8.769999999999999584e-04 -9.952870000000000328e-01 -9.692299999999999527e-02 3.076999999999999874e-03
2.700000000000000000e+01 2.100000000000000000e+01 6.000000000000000000e+01 0.000000000000000000e+00 1.600000000000000089e+00 -5.428999999999999798e-03 -9.032000000000000098e-03 9.999440000000000550e-01 -9.620399999999999785e-02 9.953260000000000440e-01 8.467999999999999833e-03 -9.953469999999999818e-01 -9.615300000000000236e-02 -6.271999999999999797e-03
6.000000000000000000e+00 2.700000000000000000e+01 6.300000000000000000e+01 0.000000000000000000e+00 1.600000000000000089e+00 6.167999999999999872e-03 1.013999999999999927e-03 9.999799999999999800e-01 -2.846650000000000014e-01 9.586270000000000069e-01 7.839999999999999747e-04 -9.586069999999999869e-01 -2.846639999999999726e-01 6.202000000000000048e-03
9.000000000000000000e+00 2.700000000000000000e+01 6.300000000000000000e+01 0.000000000000000000e+00 1.600000000000000089e+00 3.510999999999999798e-03 3.285000000000000159e-03 9.999879999999999880e-01 -2.886329999999999729e-01 9.574380000000000113e-01 -2.132000000000000214e-03 -9.574329999999999785e-01 -2.886219999999999897e-01 4.309999999999999595e-03
1.600000000000000000e+01 2.700000000000000000e+01 6.300000000000000000e+01 0.000000000000000000e+00 1.600000000000000089e+00 -5.296999999999999625e-03 1.067000000000000023e-03 9.999850000000000128e-01 -2.703389999999999960e-01 9.627620000000000067e-01 -2.459999999999999947e-03 -9.627510000000000234e-01 -2.703479999999999772e-01 -4.812000000000000305e-03
2.000000000000000000e+01 2.700000000000000000e+01 6.300000000000000000e+01 0.000000000000000000e+00 1.600000000000000089e+00 2.001999999999999873e-03 1.962999999999999901e-03 9.999959999999999960e-01 -2.681160000000000210e-01 9.633859999999999646e-01 -1.353999999999999952e-03 -9.633850000000000469e-01 -2.681120000000000170e-01 2.455000000000000151e-03
2.500000000000000000e+01 2.700000000000000000e+01 6.300000000000000000e+01 0.000000000000000000e+00 1.600000000000000089e+00 -3.400000000000000244e-04 9.479999999999999495e-04 9.999989999999999712e-01 -2.684730000000000172e-01 9.632870000000000044e-01 -1.005000000000000034e-03 -9.632870000000000044e-01 -2.684739999999999904e-01 -7.299999999999999903e-05
9.000000000000000000e+00 2.600000000000000000e+01 6.400000000000000000e+01 0.000000000000000000e+00 1.600000000000000089e+00 5.560999999999999971e-03 8.245000000000000592e-03 9.999510000000000343e-01 -3.780029999999999779e-01 9.257880000000000553e-01 -5.531999999999999591e-03 -9.257880000000000553e-01 -3.779529999999999834e-01 8.264999999999999777e-03
1.900000000000000000e+01 2.600000000000000000e+01 6.400000000000000000e+01 0.000000000000000000e+00 1.600000000000000089e+00 7.640000000000000306e-04 -4.500000000000000283e-05 1.000000000000000000e+00 -3.450409999999999866e-01 9.385879999999999779e-01 3.060000000000000111e-04 -9.385869999999999491e-01 -3.450409999999999866e-01 7.020000000000000415e-04
2.900000000000000000e+01 2.600000000000000000e+01 6.400000000000000000e+01 0.000000000000000000e+00 1.600000000000000089e+00 -1.430999999999999980e-03 -2.273999999999999980e-03 9.999959999999999960e-01 -3.453769999999999896e-01 9.384630000000000472e-01 1.639999999999999965e-03 -9.384630000000000472e-01 -3.453729999999999856e-01 -2.128999999999999816e-03
9.000000000000000000e+00 6.900000000000000000e+01 6.600000000000000000e+01 0.000000000000000000e+00 1.600000000000000089e+00 -3.320000000000000034e-03 3.514999999999999895e-03 9.999879999999999880e-01 -9.499220000000000441e-01 3.124589999999999868e-01 -4.251999999999999703e-03 -3.124700000000000255e-01 -9.499250000000000194e-01 2.301000000000000094e-03
7.000000000000000000e+00 2.500000000000000000e+01 7.300000000000000000e+01 0.000000000000000000e+00 1.600000000000000089e+00 -1.678000000000000021e-03 -4.760000000000000234e-04 9.999980000000000535e-01 7.445349999999999469e-01 -6.675820000000000087e-01 9.319999999999999942e-04 6.675809999999999800e-01 7.445359999999999756e-01 1.474000000000000050e-03
1.100000000000000000e+01 2.500000000000000000e+01 7.300000000000000000e+01 0.000000000000000000e+00 1.600000000000000089e+00 1.230000000000000082e-04 -2.099000000000000171e-03 9.999980000000000535e-01 7.458289999999999642e-01 -6.661359999999999504e-01 -1.490000000000000005e-03 6.661369999999999791e-01 7.458280000000000465e-01 1.484000000000000076e-03
2.700000000000000000e+01 2.500000000000000000e+01 7.300000000000000000e+01 0.000000000000000000e+00 1.600000000000000089e+00 -2.779900000000000079e-02 -2.618799999999999947e-02 9.992699999999999916e-01 7.591670000000000362e-01 -6.508829999999999893e-01 4.061999999999999639e-03 6.503020000000000467e-01 7.587260000000000115e-01 3.797500000000000181e-02
4.000000000000000000e+00 4.400000000000000000e+01 7.300000000000000000e+01 0.000000000000000000e+00 1.600000000000000089e+00 -1.180999999999999975e-03 -1.214999999999999934e-03 9.999989999999999712e-01 5.040100000000000136e-02 -9.987279999999999491e-01 -1.154000000000000078e-03 9.987279999999999491e-01 5.040000000000000036e-02 1.240999999999999916e-03
7.000000000000000000e+00 4.400000000000000000e+01 7.300000000000000000e+01 0.000000000000000000e+00 1.600000000000000089e+00 -4.009999999999999893e-04 -1.087999999999999991e-03 9.999989999999999712e-01 5.013700000000000101e-02 -9.987420000000000186e-01 -1.067000000000000023e-03 9.987420000000000186e-01 5.013700000000000101e-02 4.550000000000000008e-04
1.000000000000000000e+01 4.400000000000000000e+01 7.300000000000000000e+01 0.000000000000000000e+00 1.600000000000000089e+00 -1.459999999999999926e-03 -1.392000000000000008e-03 9.999980000000000535e-01 5.074100000000000138e-02 -9.987110000000000154e-01 -1.315999999999999896e-03 9.987110000000000154e-01 5.073899999999999938e-02 1.528999999999999977e-03
1.800000000000000000e+01 4.400000000000000000e+01 7.300000000000000000e+01 0.000000000000000000e+00 1.600000000000000089e+00 -5.739999999999999660e-04 -2.289999999999999935e-03 9.999970000000000248e-01 5.110499999999999765e-02 -9.986909999999999954e-01 -2.256999999999999892e-03 9.986930000000000529e-01 5.110399999999999665e-02 6.899999999999999667e-04
2.300000000000000000e+01 4.400000000000000000e+01 7.300000000000000000e+01 0.000000000000000000e+00 1.600000000000000089e+00 -1.376999999999999969e-03 -3.442000000000000181e-03 9.999930000000000208e-01 5.080599999999999700e-02 -9.987030000000000074e-01 -3.367999999999999900e-03 9.987080000000000402e-01 5.080099999999999894e-02 1.549999999999999946e-03
2.800000000000000000e+01 4.400000000000000000e+01 7.300000000000000000e+01 0.000000000000000000e+00 1.600000000000000089e+00 -2.165999999999999957e-03 -5.531999999999999591e-03 9.999820000000000375e-01 4.648499999999999854e-02 -9.989040000000000141e-01 -5.425000000000000135e-03 9.989170000000000549e-01 4.647199999999999942e-02 2.420999999999999975e-03
1.700000000000000000e+01 2.500000000000000000e+01 7.400000000000000000e+01 0.000000000000000000e+00 1.600000000000000089e+00 1.095499999999999946e-02 1.239299999999999950e-02 9.998629999999999463e-01 8.344639999999999835e-01 -5.510570000000000190e-01 -2.312999999999999952e-03 5.509530000000000260e-01 8.343749999999999778e-01 -1.637800000000000020e-02
4.000000000000000000e+00 9.100000000000000000e+01 7.600000000000000000e+01 0.000000000000000000e+00 1.600000000000000089e+00 1.083999999999999894e-03 -4.889999999999999599e-04 9.999989999999999712e-01 3.108190000000000119e-01 -9.504690000000000083e-01 -8.019999999999999785e-04 9.504690000000000083e-01 3.108199999999999852e-01 -8.779999999999999827e-04
7.000000000000000000e+00 9.100000000000000000e+01 7.600000000000000000e+01 0.000000000000000000e+00 1.600000000000000089e+00 -7.299999999999999903e-05 -1.260000000000000052e-03 9.999989999999999712e-01 3.162470000000000003e-01 -9.486759999999999637e-01 -1.172000000000000082e-03 9.486769999999999925e-01 3.162460000000000271e-01 4.670000000000000214e-04
1.500000000000000000e+01 9.100000000000000000e+01 7.600000000000000000e+01 0.000000000000000000e+00 1.600000000000000089e+00 -1.498999999999999898e-03 -2.177999999999999815e-03 9.999959999999999960e-01 3.130470000000000197e-01 -9.497360000000000246e-01 -1.598999999999999944e-03 9.497370000000000534e-01 3.130430000000000157e-01 2.105999999999999799e-03
2.200000000000000000e+01 9.100000000000000000e+01 7.600000000000000000e+01 0.000000000000000000e+00 1.600000000000000089e+00 -3.939999999999999817e-04 1.719999999999999958e-03 9.999980000000000535e-01 3.163159999999999861e-01 -9.486520000000000508e-01 1.755999999999999965e-03 9.486539999999999973e-01 3.163159999999999861e-01 -1.710000000000000094e-04
2.300000000000000000e+01 6.300000000000000000e+01 8.100000000000000000e+01 0.000000000000000000e+00 1.600000000000000089e+00 -1.394999999999999973e-03 3.629999999999999872e-04 9.999989999999999712e-01 4.415199999999999680e-02 -9.990250000000000519e-01 4.240000000000000062e-04 9.990240000000000231e-01 4.415299999999999780e-02 1.376999999999999969e-03
1.400000000000000000e+01 4.400000000000000000e+01 8.300000000000000000e+01 0.000000000000000000e+00 1.600000000000000089e+00 1.691999999999999928e-03 -3.761000000000000020e-03 9.999919999999999920e-01 5.817769999999999886e-01 -8.133380000000000054e-01 -4.042999999999999719e-03 8.133460000000000134e-01 5.817790000000000461e-01 8.120000000000000048e-04
1.900000000000000000e+01 4.400000000000000000e+01 8.300000000000000000e+01 0.000000000000000000e+00 1.600000000000000089e+00 -2.950000000000000148e-04 -2.534999999999999927e-03 9.999970000000000248e-01 5.860750000000000126e-01 -8.102549999999999475e-01 -1.881000000000000076e-03 8.102570000000000050e-01 5.860729999999999551e-01 1.724999999999999971e-03
2.600000000000000000e+01 4.400000000000000000e+01 8.300000000000000000e+01 0.000000000000000000e+00 1.600000000000000089e+00 -1.018000000000000025e-03 3.291999999999999788e-03 9.999940000000000495e-01 5.846850000000000103e-01 -8.112540000000000306e-01 3.265999999999999806e-03 8.112589999999999524e-01 5.846850000000000103e-01 -1.098999999999999934e-03
2.900000000000000000e+01 4.400000000000000000e+01 8.300000000000000000e+01 0.000000000000000000e+00 1.600000000000000089e+00 -1.569999999999999998e-03 4.860999999999999870e-03 9.999869999999999592e-01 5.840769999999999573e-01 -8.116839999999999611e-01 4.863000000000000135e-03 8.116970000000000018e-01 5.840769999999999573e-01 -1.564000000000000069e-03
2.700000000000000000e+01 4.800000000000000000e+01 8.400000000000000000e+01 0.000000000000000000e+00 1.600000000000000089e+00 4.159999999999999636e-03 2.286999999999999970e-03 -9.999890000000000168e-01 -9.475000000000000089e-01 -3.197209999999999774e-01 -4.673000000000000070e-03 -3.197280000000000122e-01 9.475090000000000456e-01 8.369999999999999619e-04
7.000000000000000000e+00 1.400000000000000000e+01 8.600000000000000000e+01 0.000000000000000000e+00 1.600000000000000089e+00 -2.400000000000000061e-04 4.004999999999999880e-03 -9.999919999999999920e-01 1.922780000000000045e-01 9.813330000000000108e-01 3.883999999999999866e-03 9.813410000000000188e-01 -1.922750000000000015e-01 -1.005000000000000034e-03
5.000000000000000000e+00 1.500000000000000000e+01 8.600000000000000000e+01 0.000000000000000000e+00 1.600000000000000089e+00 4.319999999999999838e-04 1.443000000000000055e-03 -9.999989999999999712e-01 1.854089999999999905e-01 9.826599999999999779e-01 1.497999999999999983e-03 9.826610000000000067e-01 -1.854089999999999905e-01 1.569999999999999944e-04
1.700000000000000000e+01 1.500000000000000000e+01 8.600000000000000000e+01 0.000000000000000000e+00 1.600000000000000089e+00 -4.809999999999999823e-04 -9.261999999999999400e-03 -9.999569999999999848e-01 1.865700000000000136e-01 9.823990000000000222e-01 -9.188999999999999252e-03 9.824420000000000375e-01 -1.865660000000000096e-01 1.255000000000000039e-03
2.300000000000000000e+01 1.500000000000000000e+01 8.600000000000000000e+01 0.000000000000000000e+00 1.600000000000000089e+00 -7.550000000000000287e-04 1.368999999999999991e-03 -9.999989999999999712e-01 1.828110000000000013e-01 9.831469999999999931e-01 1.208000000000000089e-03 9.831480000000000219e-01 -1.828100000000000003e-01 -9.929999999999999591e-04
2.700000000000000000e+01 1.500000000000000000e+01 8.600000000000000000e+01 0.000000000000000000e+00 1.600000000000000089e+00 4.650000000000000270e-04 -8.859999999999999603e-04 -9.999989999999999712e-01 1.829850000000000088e-01 9.831149999999999611e-01 -7.860000000000000233e-04 9.831159999999999899e-01 -1.829850000000000088e-01 6.189999999999999756e-04
1.900000000000000000e+01 8.300000000000000000e+01 8.600000000000000000e+01 0.000000000000000000e+00 1.600000000000000089e+00 -5.237000000000000335e-03 -6.205999999999999711e-03 9.999670000000000503e-01 -9.997070000000000123e-01 2.367899999999999866e-02 -5.088999999999999774e-03 -2.364700000000000135e-02 -9.997000000000000330e-01 -6.328000000000000291e-03
2.700000000000000000e+01 8.300000000000000000e+01 8.600000000000000000e+01 0.000000000000000000e+00 1.600000000000000089e+00 -2.292000000000000200e-03 -1.067799999999999999e-02 9.999400000000000510e-01 -9.999970000000000248e-01 3.959999999999999762e-04 -2.288000000000000103e-03 -3.719999999999999891e-04 -9.999430000000000263e-01 -1.067899999999999926e-02
2.000000000000000000e+00 9.400000000000000000e+01 9.600000000000000000e+01 0.000000000000000000e+00 1.600000000000000089e+00 1.185000000000000072e-03 5.786999999999999610e-03 -9.999829999999999552e-01 9.022369999999999557e-01 4.312259999999999982e-01 3.565000000000000027e-03 4.312389999999999834e-01 -9.022259999999999724e-01 -4.709999999999999777e-03
