8.000000000000000000e+00 2.500000000000000000e+01 1.000000000000000000e+00 0.000000000000000000e+00 1.600000000000000089e+00 -3.399999999999999973e-05 -1.185999999999999988e-03 -9.999989999999999712e-01 -5.304090000000000193e-01 -8.477409999999999668e-01 1.023000000000000038e-03 -8.477419999999999956e-01 5.304090000000000193e-01 -5.999999999999999474e-04
2.800000000000000000e+01 2.500000000000000000e+01 1.000000000000000000e+00 0.000000000000000000e+00 1.600000000000000089e+00 -4.020000000000000136e-04 1.830999999999999945e-03 -9.999980000000000535e-01 -5.312879999999999825e-01 -8.471899999999999986e-01 -1.337999999999999997e-03 -8.471910000000000274e-01 5.312869999999999537e-01 1.314000000000000064e-03
5.000000000000000000e+00 3.000000000000000000e+00 4.000000000000000000e+00 0.000000000000000000e+00 1.600000000000000089e+00 -1.193229999999999985e-01 -3.425999999999999879e-02 -9.922640000000000349e-01 -8.274580000000000268e-01 -5.488920000000000465e-01 1.184560000000000057e-01 -5.487039999999999695e-01 8.351910000000000167e-01 3.714699999999999946e-02
1.100000000000000000e+01 1.500000000000000000e+01 4.000000000000000000e+00 0.000000000000000000e+00 1.600000000000000089e+00 -3.429999999999999889e-04 5.321000000000000209e-03 9.999860000000000415e-01 3.210089999999999888e-01 -9.470619999999999594e-01 5.148999999999999931e-03 9.470760000000000289e-01 3.210060000000000136e-01 -1.382999999999999898e-03
1.600000000000000000e+01 1.500000000000000000e+01 4.000000000000000000e+00 0.000000000000000000e+00 1.600000000000000089e+00 -3.480000000000000020e-03 -4.714000000000000308e-03 9.999829999999999552e-01 3.181669999999999776e-01 -9.480290000000000106e-01 -3.361999999999999971e-03 9.480279999999999818e-01 3.181499999999999884e-01 4.799000000000000314e-03
2.000000000000000000e+01 1.500000000000000000e+01 4.000000000000000000e+00 0.000000000000000000e+00 1.600000000000000089e+00 9.009999999999999997e-04 3.340000000000000087e-03 9.999940000000000495e-01 3.189819999999999878e-01 -9.477560000000000429e-01 2.877999999999999916e-03 9.477600000000000469e-01 3.189779999999999838e-01 -1.918999999999999916e-03
2.600000000000000000e+01 1.500000000000000000e+01 4.000000000000000000e+00 0.000000000000000000e+00 1.600000000000000089e+00 6.679999999999999740e-04 2.271000000000000015e-03 9.999970000000000248e-01 3.278050000000000130e-01 -9.447429999999999994e-01 1.925999999999999978e-03 9.447449999999999459e-01 3.278030000000000110e-01 -1.374999999999999920e-03
2.900000000000000000e+01 1.500000000000000000e+01 4.000000000000000000e+00 0.000000000000000000e+00 1.600000000000000089e+00 -7.730000000000000326e-04 -3.530999999999999851e-03 9.999940000000000495e-01 3.238349999999999840e-01 -9.461089999999999778e-01 -3.089999999999999865e-03 9.461129999999999818e-01 3.238300000000000067e-01 1.874999999999999931e-03
4.000000000000000000e+00 1.600000000000000000e+01 4.000000000000000000e+00 0.000000000000000000e+00 1.600000000000000089e+00 3.111000000000000050e-03 -3.041999999999999999e-03 9.999909999999999632e-01 3.977829999999999977e-01 -9.174710000000000365e-01 -4.028000000000000330e-03 9.174740000000000117e-01 3.977919999999999789e-01 -1.644000000000000062e-03
9.000000000000000000e+00 1.010000000000000000e+02 7.000000000000000000e+00 0.000000000000000000e+00 1.600000000000000089e+00 -6.130000000000000466e-04 4.111000000000000071e-03 9.999909999999999632e-01 8.895880000000000454e-01 4.567620000000000013e-01 -1.332999999999999984e-03 -4.567640000000000033e-01 8.895790000000000086e-01 -3.937000000000000395e-03
1.300000000000000000e+01 1.010000000000000000e+02 7.000000000000000000e+00 0.000000000000000000e+00 1.600000000000000089e+00 -1.890000000000000133e-04 4.477000000000000077e-03 9.999900000000000455e-01 8.894130000000000091e-01 4.571000000000000063e-01 -1.877999999999999895e-03 -4.571040000000000103e-01 8.894039999999999724e-01 -4.067999999999999568e-03
1.900000000000000000e+01 1.010000000000000000e+02 7.000000000000000000e+00 0.000000000000000000e+00 1.600000000000000089e+00 -2.259999999999999910e-04 2.073000000000000190e-03 9.999980000000000535e-01 8.900219999999999798e-01 4.559170000000000167e-01 -7.439999999999999782e-04 -4.559179999999999899e-01 8.900200000000000333e-01 -1.948000000000000079e-03
4.000000000000000000e+00 2.500000000000000000e+01 8.000000000000000000e+00 0.000000000000000000e+00 1.600000000000000089e+00 1.147999999999999932e-03 -3.432000000000000155e-03 -9.999930000000000208e-01 4.448259999999999992e-01 8.956129999999999924e-01 -2.563000000000000174e-03 8.956159999999999677e-01 -4.448199999999999932e-01 2.554999999999999979e-03
6.000000000000000000e+00 2.500000000000000000e+01 8.000000000000000000e+00 0.000000000000000000e+00 1.600000000000000089e+00 3.289999999999999739e-04 -2.559999999999999884e-04 -1.000000000000000000e+00 4.449449999999999794e-01 8.955579999999999652e-01 -8.200000000000000095e-05 8.955579999999999652e-01 -4.449449999999999794e-01 4.079999999999999968e-04
1.700000000000000000e+01 2.500000000000000000e+01 8.000000000000000000e+00 0.000000000000000000e+00 1.600000000000000089e+00 6.570000000000000319e-04 -1.810000000000000085e-04 -1.000000000000000000e+00 4.480480000000000018e-01 8.940090000000000536e-01 1.330000000000000073e-04 8.940090000000000536e-01 -4.480480000000000018e-01 6.689999999999999983e-04
2.200000000000000000e+01 2.500000000000000000e+01 8.000000000000000000e+00 0.000000000000000000e+00 1.600000000000000089e+00 -5.050000000000000235e-04 -4.616000000000000311e-03 -9.999890000000000168e-01 4.484079999999999733e-01 8.938180000000000014e-01 -4.351999999999999966e-03 8.938289999999999846e-01 -4.484060000000000268e-01 1.618999999999999996e-03
3.000000000000000000e+01 2.500000000000000000e+01 8.000000000000000000e+00 0.000000000000000000e+00 1.600000000000000089e+00 2.405000000000000020e-03 5.944999999999999764e-03 -9.999789999999999512e-01 4.491350000000000064e-01 8.934410000000000407e-01 6.392000000000000112e-03 8.934609999999999497e-01 -4.491419999999999857e-01 -5.209999999999999788e-04
3.000000000000000000e+00 2.400000000000000000e+01 9.000000000000000000e+00 0.000000000000000000e+00 1.600000000000000089e+00 1.361999999999999929e-03 -6.814999999999999877e-03 -9.999759999999999760e-01 4.511890000000000067e-01 8.924119999999999830e-01 -5.467999999999999770e-03 8.924279999999999990e-01 -4.511700000000000155e-01 4.290000000000000410e-03
7.000000000000000000e+00 2.400000000000000000e+01 9.000000000000000000e+00 0.000000000000000000e+00 1.600000000000000089e+00 -1.060000000000000016e-04 6.859999999999999779e-04 -1.000000000000000000e+00 4.511310000000000042e-01 8.924579999999999735e-01 5.640000000000000482e-04 8.924579999999999735e-01 -4.511310000000000042e-01 -4.040000000000000080e-04
1.400000000000000000e+01 2.400000000000000000e+01 9.000000000000000000e+00 0.000000000000000000e+00 1.600000000000000089e+00 -2.210000000000000050e-04 8.859999999999999603e-04 -1.000000000000000000e+00 4.521049999999999791e-01 8.919650000000000079e-01 6.899999999999999667e-04 8.919650000000000079e-01 -4.521040000000000059e-01 -5.969999999999999829e-04
1.900000000000000000e+01 2.400000000000000000e+01 9.000000000000000000e+00 0.000000000000000000e+00 1.600000000000000089e+00 1.700000000000000122e-04 2.759999999999999867e-04 -1.000000000000000000e+00 4.536220000000000252e-01 8.911940000000000417e-01 3.229999999999999907e-04 8.911940000000000417e-01 -4.536220000000000252e-01 2.699999999999999899e-05
2.100000000000000000e+01 2.400000000000000000e+01 9.000000000000000000e+00 0.000000000000000000e+00 1.600000000000000089e+00 -2.519999999999999996e-04 -2.753999999999999938e-03 -9.999959999999999960e-01 4.537169999999999814e-01 8.911419999999999897e-01 -2.569000000000000103e-03 8.911459999999999937e-01 -4.537160000000000082e-01 1.025000000000000086e-03
3.000000000000000000e+01 2.400000000000000000e+01 9.000000000000000000e+00 0.000000000000000000e+00 1.600000000000000089e+00 2.958000000000000126e-03 5.732000000000000116e-03 -9.999789999999999512e-01 4.533710000000000240e-01 8.912989999999999524e-01 6.450000000000000004e-03 8.913170000000000259e-01 -4.533800000000000052e-01 3.800000000000000209e-05
2.600000000000000000e+01 4.000000000000000000e+00 1.100000000000000000e+01 0.000000000000000000e+00 1.600000000000000089e+00 1.603999999999999957e-03 1.346100000000000074e-02 -9.999080000000000190e-01 2.318749999999999978e-01 9.726519999999999611e-01 1.346600000000000054e-02 9.727440000000000531e-01 -2.318749999999999978e-01 -1.561000000000000104e-03
2.800000000000000000e+01 4.000000000000000000e+00 1.100000000000000000e+01 0.000000000000000000e+00 1.600000000000000089e+00 7.999999999999999638e-06 -4.297999999999999737e-03 -9.999909999999999632e-01 2.303520000000000012e-01 9.730980000000000185e-01 -4.179999999999999688e-03 9.731070000000000553e-01 -2.303499999999999992e-01 9.979999999999999722e-04
1.000000000000000000e+01 3.100000000000000000e+01 1.200000000000000000e+01 0.000000000000000000e+00 1.600000000000000089e+00 -8.589999999999999546e-04 -1.955999999999999839e-03 9.999980000000000535e-01 5.730000000000000501e-04 9.999980000000000535e-01 1.955999999999999839e-03 -9.999989999999999712e-01 5.749999999999999903e-04 -8.580000000000000387e-04
1.700000000000000000e+01 3.100000000000000000e+01 1.200000000000000000e+01 0.000000000000000000e+00 1.600000000000000089e+00 6.030000000000000204e-04 2.223999999999999849e-03 9.999970000000000248e-01 8.400000000000000348e-04 9.999970000000000248e-01 -2.223999999999999849e-03 -9.999989999999999712e-01 8.419999999999999750e-04 6.009999999999999717e-04
2.100000000000000000e+01 3.100000000000000000e+01 1.200000000000000000e+01 0.000000000000000000e+00 1.600000000000000089e+00 5.649999999999999641e-04 3.445000000000000145e-03 9.999940000000000495e-01 4.142999999999999981e-03 9.999850000000000128e-01 -3.446999999999999977e-03 -9.999909999999999632e-01 4.145000000000000247e-03 5.509999999999999490e-04
2.700000000000000000e+01 3.100000000000000000e+01 1.200000000000000000e+01 0.000000000000000000e+00 1.600000000000000089e+00 -1.520000000000000084e-04 -2.469999999999999865e-04 1.000000000000000000e+00 5.501999999999999946e-03 9.999850000000000128e-01 2.480000000000000108e-04 -9.999850000000000128e-01 5.501999999999999946e-03 -1.499999999999999869e-04
2.000000000000000000e+00 3.500000000000000000e+01 1.200000000000000000e+01 0.000000000000000000e+00 1.600000000000000089e+00 3.798999999999999860e-03 3.389999999999999784e-03 -9.999869999999999592e-01 5.371399999999999508e-01 -8.434930000000000483e-01 -8.189999999999999581e-04 -8.434850000000000403e-01 -5.371299999999999963e-01 -5.024999999999999953e-03
5.000000000000000000e+00 3.500000000000000000e+01 1.200000000000000000e+01 0.000000000000000000e+00 1.600000000000000089e+00 8.670000000000000406e-04 4.223000000000000191e-03 -9.999909999999999632e-01 5.450279999999999569e-01 -8.384120000000000461e-01 -3.067999999999999981e-03 -8.384179999999999966e-01 -5.450199999999999489e-01 -3.029000000000000008e-03
9.000000000000000000e+00 3.500000000000000000e+01 1.200000000000000000e+01 0.000000000000000000e+00 1.600000000000000089e+00 -4.335000000000000311e-03 4.872999999999999728e-03 -9.999789999999999512e-01 5.591089999999999671e-01 -8.290689999999999449e-01 -6.464000000000000128e-03 -8.290830000000000144e-01 -5.591249999999999831e-01 8.700000000000000051e-04
1.600000000000000000e+01 3.500000000000000000e+01 1.200000000000000000e+01 0.000000000000000000e+00 1.600000000000000089e+00 -9.790000000000000525e-04 6.546999999999999868e-03 -9.999780000000000335e-01 5.795219999999999816e-01 -8.149349999999999650e-01 -5.903000000000000261e-03 -8.149560000000000137e-01 -5.795150000000000023e-01 -2.997000000000000098e-03
2.000000000000000000e+01 3.500000000000000000e+01 1.200000000000000000e+01 0.000000000000000000e+00 1.600000000000000089e+00 6.380000000000000037e-04 4.158000000000000237e-03 -9.999909999999999632e-01 5.932359999999999856e-01 -8.050230000000000441e-01 -2.968999999999999851e-03 -8.050279999999999658e-01 -5.932290000000000063e-01 -2.981000000000000143e-03
5.000000000000000000e+00 3.200000000000000000e+01 1.400000000000000000e+01 0.000000000000000000e+00 1.600000000000000089e+00 -9.959999999999999236e-04 2.948000000000000100e-03 -9.999949999999999672e-01 9.919200000000000239e-02 9.950639999999999485e-01 2.834000000000000147e-03 9.950679999999999525e-01 -9.918899999999999939e-02 -1.283000000000000069e-03
1.100000000000000000e+01 3.200000000000000000e+01 1.400000000000000000e+01 0.000000000000000000e+00 1.600000000000000089e+00 2.135999999999999878e-03 -1.693999999999999976e-03 -9.999959999999999960e-01 1.027669999999999972e-01 9.947040000000000326e-01 -1.464999999999999939e-03 9.947030000000000038e-01 -1.027629999999999932e-01 2.298999999999999828e-03
2.300000000000000000e+01 3.200000000000000000e+01 1.400000000000000000e+01 0.000000000000000000e+00 1.600000000000000089e+00 4.100000000000000047e-05 7.399999999999999894e-04 -1.000000000000000000e+00 9.904799999999999716e-02 9.950820000000000221e-01 7.399999999999999894e-04 9.950830000000000508e-01 -9.904799999999999716e-02 -3.300000000000000253e-05
1.000000000000000000e+00 1.200000000000000000e+01 1.500000000000000000e+01 0.000000000000000000e+00 1.600000000000000089e+00 1.758999999999999930e-03 2.001999999999999873e-03 -9.999970000000000248e-01 -4.666560000000000152e-01 -8.844349999999999712e-01 -2.590999999999999987e-03 -8.844370000000000287e-01 4.666589999999999905e-01 -6.220000000000000485e-04
1.000000000000000000e+01 1.200000000000000000e+01 1.500000000000000000e+01 0.000000000000000000e+00 1.600000000000000089e+00 3.429999999999999889e-04 -6.860999999999999911e-03 -9.999759999999999760e-01 -4.732450000000000268e-01 -8.809109999999999996e-01 5.882000000000000076e-03 -8.809310000000000196e-01 4.732319999999999860e-01 -3.547999999999999939e-03
1.600000000000000000e+01 1.200000000000000000e+01 1.500000000000000000e+01 0.000000000000000000e+00 1.600000000000000089e+00 1.124999999999999915e-03 3.572999999999999787e-03 -9.999930000000000208e-01 -4.718019999999999992e-01 -8.816969999999999530e-01 -3.680999999999999810e-03 -8.817040000000000433e-01 4.718029999999999724e-01 6.939999999999999555e-04
2.200000000000000000e+01 1.200000000000000000e+01 1.500000000000000000e+01 0.000000000000000000e+00 1.600000000000000089e+00 6.639999999999999852e-04 1.773999999999999969e-03 -9.999980000000000535e-01 -4.717580000000000107e-01 -8.817260000000000097e-01 -1.876999999999999979e-03 -8.817279999999999562e-01 4.717589999999999839e-01 2.509999999999999753e-04
2.600000000000000000e+01 1.200000000000000000e+01 1.500000000000000000e+01 0.000000000000000000e+00 1.600000000000000089e+00 1.296000000000000060e-03 6.750000000000000357e-04 -9.999989999999999712e-01 -4.716799999999999882e-01 -8.817690000000000250e-01 -1.206999999999999957e-03 -8.817690000000000250e-01 4.716810000000000169e-01 -8.249999999999999955e-04
5.000000000000000000e+00 1.100000000000000000e+01 1.600000000000000000e+01 0.000000000000000000e+00 1.600000000000000089e+00 1.626000000000000058e-03 3.016000000000000018e-03 -9.999940000000000495e-01 -4.116259999999999919e-01 -9.113459999999999894e-01 -3.418000000000000031e-03 -9.113510000000000222e-01 4.116290000000000227e-01 -2.410000000000000033e-04
1.100000000000000000e+01 1.100000000000000000e+01 1.600000000000000000e+01 0.000000000000000000e+00 1.600000000000000089e+00 4.730000000000000046e-04 -6.086000000000000264e-03 -9.999810000000000088e-01 -4.158729999999999927e-01 -9.094069999999999654e-01 5.337999999999999863e-03 -9.094229999999999814e-01 4.158629999999999827e-01 -2.961999999999999789e-03
1.700000000000000000e+01 1.100000000000000000e+01 1.600000000000000000e+01 0.000000000000000000e+00 1.600000000000000089e+00 5.249999999999999676e-04 2.549000000000000050e-03 -9.999970000000000248e-01 -4.174579999999999957e-01 -9.086929999999999730e-01 -2.534999999999999927e-03 -9.086959999999999482e-01 4.174579999999999957e-01 5.869999999999999567e-04
1.400000000000000000e+01 1.160000000000000000e+02 1.600000000000000000e+01 0.000000000000000000e+00 1.600000000000000089e+00 1.750000000000000036e-03 1.098999999999999934e-03 9.999980000000000535e-01 7.890949999999999909e-01 6.142670000000000075e-01 -2.056000000000000102e-03 -6.142680000000000362e-01 7.890970000000000484e-01 2.069999999999999900e-04
1.600000000000000000e+01 1.160000000000000000e+02 1.600000000000000000e+01 0.000000000000000000e+00 1.600000000000000089e+00 1.595000000000000064e-03 4.640000000000000027e-04 9.999989999999999712e-01 7.854879999999999640e-01 6.188749999999999529e-01 -1.539999999999999919e-03 -6.188749999999999529e-01 7.854900000000000215e-01 6.229999999999999644e-04
3.000000000000000000e+00 2.000000000000000000e+00 1.900000000000000000e+01 0.000000000000000000e+00 1.600000000000000089e+00 1.091100000000000056e-02 -3.035300000000000151e-02 -9.994800000000000351e-01 2.605509999999999771e-01 -9.649250000000000327e-01 3.214700000000000196e-02 -9.653990000000000071e-01 -2.607659999999999978e-01 -2.619999999999999933e-03
6.000000000000000000e+00 2.000000000000000000e+00 1.900000000000000000e+01 0.000000000000000000e+00 1.600000000000000089e+00 1.396499999999999998e-02 -1.981199999999999975e-02 -9.997059999999999835e-01 2.540609999999999813e-01 -9.669219999999999482e-01 2.271099999999999855e-02 -9.670870000000000299e-01 -2.543039999999999745e-01 -8.470000000000000098e-03
1.000000000000000000e+01 2.000000000000000000e+00 1.900000000000000000e+01 0.000000000000000000e+00 1.600000000000000089e+00 1.396299999999999972e-02 4.325999999999999984e-03 -9.998930000000000318e-01 2.451389999999999958e-01 -9.694880000000000164e-01 -7.720000000000000083e-04 -9.693869999999999987e-01 -2.451019999999999865e-01 -1.459700000000000060e-02
1.900000000000000000e+01 2.000000000000000000e+00 1.900000000000000000e+01 0.000000000000000000e+00 1.600000000000000089e+00 9.062999999999999876e-03 -1.321600000000000032e-02 -9.998719999999999830e-01 2.290179999999999993e-01 -9.733079999999999510e-01 1.494000000000000015e-02 -9.733800000000000230e-01 -2.291239999999999943e-01 -5.793999999999999671e-03
2.400000000000000000e+01 2.000000000000000000e+00 1.900000000000000000e+01 0.000000000000000000e+00 1.600000000000000089e+00 4.098000000000000080e-03 -1.594599999999999837e-02 -9.998639999999999750e-01 2.239279999999999882e-01 -9.744669999999999721e-01 1.645900000000000141e-02 -9.745970000000000466e-01 -2.239649999999999974e-01 -4.220000000000000118e-04
1.100000000000000000e+01 3.000000000000000000e+00 1.900000000000000000e+01 0.000000000000000000e+00 1.600000000000000089e+00 1.442399999999999932e-02 8.370999999999999969e-03 -9.998609999999999998e-01 2.558570000000000011e-01 -9.667050000000000365e-01 -4.402999999999999796e-03 -9.666069999999999940e-01 -2.557579999999999854e-01 -1.608499999999999860e-02
1.300000000000000000e+01 3.000000000000000000e+00 1.900000000000000000e+01 0.000000000000000000e+00 1.600000000000000089e+00 9.383000000000000715e-03 1.131300000000000014e-02 -9.998920000000000030e-01 2.427970000000000128e-01 -9.700379999999999558e-01 -8.696999999999999870e-03 -9.700320000000000054e-01 -2.426889999999999881e-01 -1.184900000000000016e-02
1.000000000000000000e+01 4.000000000000000000e+00 2.000000000000000000e+01 0.000000000000000000e+00 1.600000000000000089e+00 7.577000000000000401e-03 1.073299999999999949e-02 -9.999139999999999695e-01 3.895649999999999946e-01 -9.209730000000000416e-01 -6.934000000000000059e-03 -9.209680000000000089e-01 -3.894790000000000196e-01 -1.115999999999999978e-02
1.300000000000000000e+01 4.000000000000000000e+00 2.000000000000000000e+01 0.000000000000000000e+00 1.600000000000000089e+00 1.044000000000000006e-03 1.561099999999999988e-02 -9.998780000000000445e-01 3.657630000000000048e-01 -9.306010000000000115e-01 -1.414699999999999985e-02 -9.307069999999999510e-01 -3.657030000000000003e-01 -6.681000000000000306e-03
2.000000000000000000e+00 1.300000000000000000e+01 2.000000000000000000e+01 0.000000000000000000e+00 1.600000000000000089e+00 -6.099999999999999872e-05 -3.730000000000000134e-04 1.000000000000000000e+00 2.586319999999999730e-01 9.659759999999999458e-01 3.759999999999999779e-04 -9.659759999999999458e-01 2.586319999999999730e-01 3.800000000000000209e-05
6.000000000000000000e+00 1.300000000000000000e+01 2.000000000000000000e+01 0.000000000000000000e+00 1.600000000000000089e+00 3.919999999999999873e-04 -1.892999999999999934e-03 9.999980000000000535e-01 2.607800000000000118e-01 9.653969999999999496e-01 1.726000000000000104e-03 -9.653979999999999784e-01 2.607789999999999830e-01 8.720000000000000537e-04
1.200000000000000000e+01 1.300000000000000000e+01 2.000000000000000000e+01 0.000000000000000000e+00 1.600000000000000089e+00 2.109000000000000197e-03 2.972999999999999948e-03 9.999930000000000208e-01 2.596169999999999867e-01 9.657059999999999533e-01 -3.418000000000000031e-03 -9.657090000000000396e-01 2.596229999999999927e-01 1.265000000000000065e-03
1.600000000000000000e+01 1.300000000000000000e+01 2.000000000000000000e+01 0.000000000000000000e+00 1.600000000000000089e+00 6.639999999999999852e-04 2.144000000000000072e-03 9.999970000000000248e-01 2.586740000000000150e-01 9.659619999999999873e-01 -2.243000000000000202e-03 -9.659640000000000448e-01 2.586749999999999883e-01 8.700000000000000051e-05
2.700000000000000000e+01 1.300000000000000000e+01 2.000000000000000000e+01 0.000000000000000000e+00 1.600000000000000089e+00 -1.430000000000000064e-03 -5.905999999999999792e-03 9.999820000000000375e-01 2.586209999999999898e-01 9.659600000000000408e-01 6.074999999999999671e-03 -9.659780000000000033e-01 2.586240000000000205e-01 1.459999999999999981e-04
9.000000000000000000e+00 5.000000000000000000e+01 2.200000000000000000e+01 0.000000000000000000e+00 1.600000000000000089e+00 3.939999999999999926e-03 3.386000000000000121e-03 -9.999860000000000415e-01 -5.766289999999999472e-01 8.170060000000000100e-01 4.949999999999999973e-04 8.169960000000000555e-01 5.766200000000000214e-01 5.172000000000000382e-03
6.000000000000000000e+00 3.000000000000000000e+00 2.500000000000000000e+01 0.000000000000000000e+00 1.600000000000000089e+00 7.280000000000000230e-04 -1.711000000000000064e-03 9.999980000000000535e-01 -3.359000000000000180e-02 -9.994340000000000446e-01 -1.685000000000000083e-03 9.994349999999999623e-01 -3.358799999999999980e-02 -7.849999999999999990e-04
8.000000000000000000e+00 3.000000000000000000e+00 2.500000000000000000e+01 0.000000000000000000e+00 1.600000000000000089e+00 1.691999999999999928e-03 -1.279999999999999942e-04 9.999989999999999712e-01 -3.076800000000000021e-02 -9.995270000000000543e-01 -7.600000000000000418e-05 9.995249999999999968e-01 -3.076800000000000021e-02 -1.694999999999999892e-03
1.300000000000000000e+01 3.000000000000000000e+00 2.500000000000000000e+01 0.000000000000000000e+00 1.600000000000000089e+00 -1.154999999999999994e-03 7.178999999999999618e-03 9.999740000000000295e-01 -2.346399999999999875e-02 -9.996990000000000043e-01 7.148999999999999973e-03 9.997239999999999460e-01 -2.345500000000000015e-02 1.322999999999999957e-03
1.600000000000000000e+01 3.000000000000000000e+00 2.500000000000000000e+01 0.000000000000000000e+00 1.600000000000000089e+00 -5.707000000000000267e-03 1.988699999999999843e-02 9.997859999999999525e-01 -1.938600000000000045e-02 -9.996169999999999778e-01 1.977299999999999891e-02 9.997960000000000180e-01 -1.926900000000000140e-02 6.089999999999999927e-03
2.900000000000000000e+01 3.000000000000000000e+00 2.500000000000000000e+01 0.000000000000000000e+00 1.600000000000000089e+00 -7.290999999999999738e-03 -1.499400000000000038e-02 9.998609999999999998e-01 -2.343399999999999997e-02 -9.996099999999999985e-01 -1.516200000000000013e-02 9.996990000000000043e-01 -2.354099999999999943e-02 6.936999999999999590e-03
2.300000000000000000e+01 4.600000000000000000e+01 3.000000000000000000e+01 0.000000000000000000e+00 1.600000000000000089e+00 2.517999999999999839e-03 2.131000000000000082e-03 -9.999949999999999672e-01 3.188819999999999988e-01 9.477900000000000214e-01 2.822999999999999989e-03 9.477910000000000501e-01 -3.188880000000000048e-01 1.706999999999999967e-03
1.000000000000000000e+00 5.800000000000000000e+01 3.100000000000000000e+01 0.000000000000000000e+00 1.600000000000000089e+00 -7.849999999999999990e-04 -2.792000000000000211e-03 9.999959999999999960e-01 -7.689179999999999904e-01 -6.393440000000000234e-01 -2.389000000000000064e-03 6.393480000000000274e-01 -7.689160000000000439e-01 -1.644999999999999978e-03
9.000000000000000000e+00 5.800000000000000000e+01 3.100000000000000000e+01 0.000000000000000000e+00 1.600000000000000089e+00 1.263000000000000017e-03 -1.301000000000000073e-03 9.999980000000000535e-01 -7.748850000000000460e-01 -6.321020000000000527e-01 1.559999999999999972e-04 6.321010000000000240e-01 -7.748840000000000172e-01 -1.806000000000000097e-03
1.700000000000000000e+01 5.800000000000000000e+01 3.100000000000000000e+01 0.000000000000000000e+00 1.600000000000000089e+00 -3.170000000000000075e-03 -4.889999999999999599e-04 9.999949999999999672e-01 -7.773970000000000047e-01 -6.290040000000000076e-01 -2.772000000000000158e-03 6.290019999999999500e-01 -7.774020000000000374e-01 1.613999999999999983e-03
2.200000000000000000e+01 5.800000000000000000e+01 3.100000000000000000e+01 0.000000000000000000e+00 1.600000000000000089e+00 -1.784999999999999911e-03 -6.596000000000000300e-03 9.999770000000000048e-01 -7.818150000000000377e-01 -6.234859999999999847e-01 -5.507999999999999875e-03 6.235070000000000334e-01 -7.818070000000000297e-01 -4.043999999999999852e-03
2.800000000000000000e+01 5.800000000000000000e+01 3.100000000000000000e+01 0.000000000000000000e+00 1.600000000000000089e+00 -2.268000000000000051e-03 -4.762999999999999873e-03 9.999860000000000415e-01 -7.810249999999999693e-01 -6.244819999999999816e-01 -4.746000000000000218e-03 6.244960000000000511e-01 -7.810240000000000515e-01 -2.302999999999999926e-03
6.000000000000000000e+00 4.600000000000000000e+01 3.500000000000000000e+01 0.000000000000000000e+00 1.600000000000000089e+00 -4.009999999999999893e-04 -2.562000000000000041e-03 -9.999970000000000248e-01 3.901890000000000081e-01 -9.207319999999999949e-01 2.203000000000000097e-03 -9.207349999999999701e-01 -3.901870000000000061e-01 1.368000000000000075e-03
1.200000000000000000e+01 4.600000000000000000e+01 3.500000000000000000e+01 0.000000000000000000e+00 1.600000000000000089e+00 -2.649999999999999903e-04 -7.749999999999999728e-04 -1.000000000000000000e+00 3.908570000000000100e-01 -9.204510000000000192e-01 6.099999999999999737e-04 -9.204510000000000192e-01 -3.908570000000000100e-01 5.469999999999999602e-04
1.500000000000000000e+01 4.600000000000000000e+01 3.500000000000000000e+01 0.000000000000000000e+00 1.600000000000000089e+00 -3.009999999999999980e-04 3.052000000000000025e-03 -9.999949999999999672e-01 3.913760000000000017e-01 -9.202259999999999884e-01 -2.926000000000000215e-03 -9.202310000000000212e-01 -3.913749999999999729e-01 -9.179999999999999792e-04
2.000000000000000000e+01 4.600000000000000000e+01 3.500000000000000000e+01 0.000000000000000000e+00 1.600000000000000089e+00 -3.220000000000000206e-04 -4.040000000000000080e-04 -1.000000000000000000e+00 3.926399999999999890e-01 -9.196919999999999540e-01 2.449999999999999921e-04 -9.196919999999999540e-01 -3.926399999999999890e-01 4.550000000000000008e-04
2.400000000000000000e+01 4.600000000000000000e+01 3.500000000000000000e+01 0.000000000000000000e+00 1.600000000000000089e+00 7.129999999999999836e-04 -9.929999999999999591e-04 -9.999989999999999712e-01 3.915060000000000207e-01 -9.201749999999999652e-01 1.193000000000000050e-03 -9.201749999999999652e-01 -3.915060000000000207e-01 -2.669999999999999847e-04
2.400000000000000000e+01 3.000000000000000000e+00 4.300000000000000000e+01 0.000000000000000000e+00 1.600000000000000089e+00 -4.640000000000000027e-03 -6.455999999999999933e-03 -9.999679999999999680e-01 7.370719999999999494e-01 -6.758140000000000258e-01 9.430000000000000448e-04 -6.757990000000000386e-01 -7.370440000000000325e-01 7.894999999999999241e-03
3.000000000000000000e+01 3.000000000000000000e+00 4.300000000000000000e+01 0.000000000000000000e+00 1.600000000000000089e+00 1.307999999999999918e-03 1.088100000000000005e-02 -9.999400000000000510e-01 7.362049999999999983e-01 -6.767279999999999962e-01 -6.400999999999999572e-03 -6.767579999999999707e-01 -7.361520000000000286e-01 -8.895999999999999394e-03
2.000000000000000000e+00 8.000000000000000000e+00 4.400000000000000000e+01 0.000000000000000000e+00 1.600000000000000089e+00 1.492999999999999969e-03 1.920000000000000049e-03 9.999970000000000248e-01 -7.894379999999999731e-01 -6.138259999999999827e-01 2.357000000000000154e-03 6.138280000000000403e-01 -7.894390000000000018e-01 5.990000000000000316e-04
4.000000000000000000e+00 2.900000000000000000e+01 4.400000000000000000e+01 0.000000000000000000e+00 1.600000000000000089e+00 -8.869999999999999846e-04 -2.112000000000000162e-03 -9.999970000000000248e-01 6.531730000000000036e-01 7.572050000000000169e-01 -2.178999999999999947e-03 7.572079999999999922e-01 -6.531730000000000036e-01 7.079999999999999705e-04
1.000000000000000000e+01 2.900000000000000000e+01 4.400000000000000000e+01 0.000000000000000000e+00 1.600000000000000089e+00 1.502999999999999996e-03 8.859999999999999603e-04 -9.999980000000000535e-01 6.528549999999999631e-01 7.574809999999999599e-01 1.652000000000000040e-03 7.574809999999999599e-01 -6.528570000000000206e-01 5.599999999999999509e-04
1.300000000000000000e+01 2.900000000000000000e+01 4.400000000000000000e+01 0.000000000000000000e+00 1.600000000000000089e+00 -1.139000000000000038e-03 -1.265999999999999981e-03 -9.999989999999999712e-01 6.549500000000000322e-01 7.556699999999999529e-01 -1.703000000000000087e-03 7.556709999999999816e-01 -6.549509999999999499e-01 -3.199999999999999855e-05
1.700000000000000000e+01 2.900000000000000000e+01 4.400000000000000000e+01 0.000000000000000000e+00 1.600000000000000089e+00 -1.755999999999999965e-03 1.054000000000000032e-03 -9.999980000000000535e-01 6.586509999999999865e-01 7.524490000000000345e-01 -3.640000000000000115e-04 7.524469999999999770e-01 -6.586499999999999577e-01 -2.015999999999999997e-03
2.200000000000000000e+01 2.900000000000000000e+01 4.400000000000000000e+01 0.000000000000000000e+00 1.600000000000000089e+00 -1.210000000000000002e-04 1.188000000000000037e-03 -9.999989999999999712e-01 6.553020000000000511e-01 7.553670000000000107e-01 8.180000000000000422e-04 7.553670000000000107e-01 -6.553010000000000224e-01 -8.700000000000000051e-04
2.700000000000000000e+01 2.900000000000000000e+01 4.400000000000000000e+01 0.000000000000000000e+00 1.600000000000000089e+00 -1.291000000000000047e-03 1.714999999999999945e-03 -9.999980000000000535e-01 6.520249999999999657e-01 7.581980000000000386e-01 4.580000000000000195e-04 7.581970000000000098e-01 -6.520230000000000192e-01 -2.096999999999999906e-03
3.000000000000000000e+01 2.900000000000000000e+01 4.400000000000000000e+01 0.000000000000000000e+00 1.600000000000000089e+00 2.799999999999999755e-04 3.122999999999999908e-03 -9.999949999999999672e-01 6.516469999999999763e-01 7.585180000000000256e-01 2.550999999999999882e-03 7.585229999999999473e-01 -6.516440000000000010e-01 -1.822999999999999968e-03
7.000000000000000000e+00 6.500000000000000000e+01 4.600000000000000000e+01 0.000000000000000000e+00 1.600000000000000089e+00 3.237999999999999993e-03 -1.739000000000000094e-03 9.999930000000000208e-01 6.810209999999999875e-01 -7.322549999999999892e-01 -3.478999999999999888e-03 7.322570000000000467e-01 6.810279999999999667e-01 -1.186999999999999904e-03
2.000000000000000000e+00 5.000000000000000000e+00 5.100000000000000000e+01 0.000000000000000000e+00 1.600000000000000089e+00 -1.046999999999999971e-03 6.421999999999999757e-03 -9.999789999999999512e-01 4.678140000000000076e-01 -8.838059999999999805e-01 -6.165999999999999606e-03 -8.838260000000000005e-01 -4.678100000000000036e-01 -2.079000000000000119e-03
1.800000000000000000e+01 5.000000000000000000e+00 5.100000000000000000e+01 0.000000000000000000e+00 1.600000000000000089e+00 1.014400000000000024e-02 -1.177199999999999948e-02 -9.998789999999999623e-01 4.674860000000000126e-01 -8.838700000000000445e-01 1.515000000000000027e-02 -8.839420000000000055e-01 -4.675839999999999996e-01 -3.462999999999999932e-03
2.300000000000000000e+01 5.000000000000000000e+00 5.100000000000000000e+01 0.000000000000000000e+00 1.600000000000000089e+00 1.049999999999999935e-03 -6.741999999999999729e-03 -9.999770000000000048e-01 4.808890000000000109e-01 -8.767580000000000373e-01 6.415999999999999828e-03 -8.767810000000000326e-01 -4.808839999999999781e-01 2.321000000000000146e-03
9.000000000000000000e+00 6.000000000000000000e+00 5.100000000000000000e+01 0.000000000000000000e+00 1.600000000000000089e+00 -2.985999999999999939e-03 1.000599999999999927e-02 -9.999449999999999728e-01 2.874439999999999773e-01 -9.577400000000000357e-01 -1.044100000000000063e-02 -9.577930000000000055e-01 -2.874599999999999933e-01 -1.699999999999999987e-05
9.000000000000000000e+00 7.000000000000000000e+00 5.200000000000000000e+01 0.000000000000000000e+00 1.600000000000000089e+00 -1.222999999999999912e-03 8.703999999999999931e-03 -9.999609999999999888e-01 3.952699999999999964e-02 -9.991799999999999571e-01 -8.744999999999999302e-03 -9.992180000000000506e-01 -3.953700000000000270e-02 8.779999999999999827e-04
5.000000000000000000e+00 6.300000000000000000e+01 5.400000000000000000e+01 0.000000000000000000e+00 1.600000000000000089e+00 -8.130000000000000291e-04 -2.190000000000000106e-04 1.000000000000000000e+00 -3.483169999999999877e-01 9.373770000000000158e-01 -7.799999999999999859e-05 -9.373759999999999870e-01 -3.483169999999999877e-01 -8.379999999999999862e-04
1.000000000000000000e+01 6.300000000000000000e+01 5.400000000000000000e+01 0.000000000000000000e+00 1.600000000000000089e+00 1.299999999999999886e-04 2.605000000000000111e-03 9.999970000000000248e-01 -3.486029999999999962e-01 9.372669999999999613e-01 -2.396999999999999825e-03 -9.372700000000000475e-01 -3.486020000000000230e-01 1.030000000000000100e-03
1.300000000000000000e+01 6.300000000000000000e+01 5.400000000000000000e+01 0.000000000000000000e+00 1.600000000000000089e+00 1.710000000000000094e-04 4.059000000000000108e-03 9.999919999999999920e-01 -3.527500000000000080e-01 9.357100000000000417e-01 -3.738000000000000003e-03 -9.357180000000000497e-01 -3.527460000000000040e-01 1.592000000000000099e-03
1.800000000000000000e+01 6.300000000000000000e+01 5.400000000000000000e+01 0.000000000000000000e+00 1.600000000000000089e+00 -1.988000000000000184e-03 -3.190000000000000127e-03 9.999930000000000208e-01 -3.515159999999999951e-01 9.361789999999999834e-01 2.288000000000000103e-03 -9.361800000000000122e-01 -3.515079999999999871e-01 -2.982999999999999974e-03
2.300000000000000000e+01 6.300000000000000000e+01 5.400000000000000000e+01 0.000000000000000000e+00 1.600000000000000089e+00 -6.620000000000000450e-04 7.669999999999999951e-04 9.999989999999999712e-01 -3.438209999999999877e-01 9.390349999999999531e-01 -9.479999999999999495e-04 -9.390349999999999531e-01 -3.438209999999999877e-01 -3.579999999999999741e-04
2.900000000000000000e+01 6.300000000000000000e+01 5.400000000000000000e+01 0.000000000000000000e+00 1.600000000000000089e+00 6.380000000000000037e-04 -4.568000000000000012e-03 9.999890000000000168e-01 -3.492770000000000041e-01 9.370089999999999808e-01 4.503000000000000058e-03 -9.370190000000000463e-01 -3.492759999999999754e-01 -9.970000000000000563e-04
9.000000000000000000e+00 2.500000000000000000e+01 5.500000000000000000e+01 0.000000000000000000e+00 1.600000000000000089e+00 1.433999999999999945e-03 5.839999999999999705e-03 -9.999820000000000375e-01 -1.923199999999999910e-02 -9.997979999999999645e-01 -5.866999999999999819e-03 -9.998139999999999805e-01 1.924000000000000016e-02 -1.322000000000000041e-03
2.600000000000000000e+01 2.500000000000000000e+01 5.500000000000000000e+01 0.000000000000000000e+00 1.600000000000000089e+00 8.720000000000000537e-04 -1.111999999999999924e-03 -9.999989999999999712e-01 -1.257699999999999964e-02 -9.999200000000000310e-01 1.100999999999999982e-03 -9.999209999999999487e-01 1.257600000000000037e-02 -8.859999999999999603e-04
1.300000000000000000e+01 2.100000000000000000e+01 6.000000000000000000e+01 0.000000000000000000e+00 1.600000000000000089e+00 -9.899999999999999404e-05 5.383999999999999897e-03 9.999860000000000415e-01 -9.533200000000000007e-02 9.954309999999999548e-01 -5.368999999999999641e-03 -9.954450000000000243e-01 -9.533099999999999907e-02 4.139999999999999800e-04
1.700000000000000000e+01 2.100000000000000000e+01 6.000000000000000000e+01 0.000000000000000000e+00 1.600000000000000089e+00 7.039999999999999817e-04 5.271999999999999777e-03 9.999860000000000415e-01 -9.735499999999999710e-02 9.952360000000000095e-01 -5.178000000000000311e-03 -9.952490000000000503e-01 -9.735000000000000597e-02 1.214000000000000018e-03
2.200000000000000000e+01 2.100000000000000000e+01 6.000000000000000000e+01 0.000000000000000000e+00 1.600000000000000089e+00 -7.550000000000000287e-04 -4.314000000000000126e-03 9.999900000000000455e-01 -9.637600000000000333e-02 9.953359999999999985e-01 4.220999999999999926e-03 -9.953450000000000353e-01 -9.637199999999999933e-02 -1.167000000000000069e-03
2.900000000000000000e+01 2.100000000000000000e+01 6.000000000000000000e+01 0.000000000000000000e+00 1.600000000000000089e+00 -1.310000000000000129e-04 6.806000000000000417e-03 9.999770000000000048e-01 -9.429600000000000481e-02 9.955209999999999892e-01 -6.787999999999999763e-03 -9.955439999999999845e-01 -9.429400000000000281e-02 5.119999999999999768e-04
7.000000000000000000e+00 6.700000000000000000e+01 6.000000000000000000e+01 0.000000000000000000e+00 1.600000000000000089e+00 -1.083999999999999894e-03 -2.624000000000000030e-03 9.999959999999999960e-01 1.751489999999999991e-01 -9.845390000000000530e-01 -2.393000000000000162e-03 9.845409999999999995e-01 1.751459999999999961e-01 1.526999999999999929e-03
1.300000000000000000e+01 6.700000000000000000e+01 6.000000000000000000e+01 0.000000000000000000e+00 1.600000000000000089e+00 1.789999999999999870e-04 1.628000000000000107e-03 9.999989999999999712e-01 1.757940000000000058e-01 -9.844260000000000232e-01 1.570999999999999914e-03 9.844270000000000520e-01 1.757930000000000048e-01 -4.620000000000000083e-04
2.900000000000000000e+01 6.700000000000000000e+01 6.000000000000000000e+01 0.000000000000000000e+00 1.600000000000000089e+00 1.891000000000000103e-03 7.053000000000000241e-03 9.999730000000000008e-01 1.807870000000000033e-01 -9.835000000000000409e-01 6.595000000000000168e-03 9.835199999999999498e-01 1.807699999999999863e-01 -3.135000000000000200e-03
3.000000000000000000e+00 6.000000000000000000e+00 6.100000000000000000e+01 0.000000000000000000e+00 1.600000000000000089e+00 -1.167999999999999984e-03 1.566499999999999837e-02 9.998770000000000158e-01 5.709130000000000038e-01 -8.208990000000000453e-01 1.352800000000000009e-02 8.210100000000000176e-01 5.708579999999999766e-01 -7.985000000000000778e-03
9.000000000000000000e+00 6.000000000000000000e+00 6.100000000000000000e+01 0.000000000000000000e+00 1.600000000000000089e+00 -2.345999999999999995e-03 -4.624999999999999771e-03 9.999869999999999592e-01 5.683899999999999508e-01 -8.227560000000000429e-01 -2.471999999999999805e-03 8.227560000000000429e-01 5.683759999999999923e-01 4.558999999999999685e-03
2.100000000000000000e+01 6.000000000000000000e+00 6.100000000000000000e+01 0.000000000000000000e+00 1.600000000000000089e+00 -1.337999999999999997e-03 6.655999999999999590e-03 9.999770000000000048e-01 5.705959999999999921e-01 -8.212070000000000203e-01 6.229000000000000162e-03 8.212300000000000155e-01 5.705909999999999593e-01 -2.699000000000000010e-03
