4.000000000000000000e+00 1.500000000000000000e+01 4.000000000000000000e+00 0.000000000000000000e+00 1.600000000000000089e+00 2.210000000000000159e-03 9.138000000000000289e-03 9.999559999999999560e-01 2.890300000000000091e-01 -9.572859999999999703e-01 8.108999999999999889e-03 9.573180000000000023e-01 2.889990000000000059e-01 -4.756999999999999944e-03
9.000000000000000000e+00 1.500000000000000000e+01 4.000000000000000000e+00 0.000000000000000000e+00 1.600000000000000089e+00 -1.727000000000000019e-03 -6.633000000000000007e-03 9.999770000000000048e-01 2.867950000000000221e-01 -9.579739999999999922e-01 -5.858999999999999625e-03 9.579900000000000082e-01 2.867790000000000061e-01 3.556000000000000133e-03
1.300000000000000000e+01 1.500000000000000000e+01 4.000000000000000000e+00 0.000000000000000000e+00 1.600000000000000089e+00 -5.212999999999999752e-03 -3.491999999999999878e-03 9.999799999999999800e-01 2.887560000000000127e-01 -9.574009999999999465e-01 -1.838000000000000007e-03 9.573890000000000455e-01 2.887399999999999967e-01 5.998999999999999992e-03
1.900000000000000000e+01 1.500000000000000000e+01 4.000000000000000000e+00 0.000000000000000000e+00 1.600000000000000089e+00 -6.808999999999999948e-03 1.134699999999999945e-02 9.999120000000000230e-01 2.867700000000000249e-01 -9.579140000000000432e-01 1.282299999999999933e-02 9.579750000000000210e-01 2.868319999999999759e-01 3.268000000000000071e-03
5.000000000000000000e+00 1.010000000000000000e+02 7.000000000000000000e+00 0.000000000000000000e+00 1.600000000000000089e+00 -1.070999999999999903e-03 -9.485000000000000375e-03 9.999540000000000095e-01 8.864279999999999937e-01 4.628360000000000252e-01 5.340000000000000129e-03 -4.628659999999999997e-01 8.863929999999999865e-01 7.912000000000000630e-03
1.300000000000000000e+01 1.010000000000000000e+02 7.000000000000000000e+00 0.000000000000000000e+00 1.600000000000000089e+00 1.394000000000000057e-03 1.412199999999999914e-02 9.998989999999999823e-01 8.855480000000000018e-01 4.644820000000000060e-01 -7.793999999999999713e-03 -4.645449999999999857e-01 8.854699999999999793e-01 -1.185800000000000048e-02
2.500000000000000000e+01 1.010000000000000000e+02 7.000000000000000000e+00 0.000000000000000000e+00 1.600000000000000089e+00 2.691999999999999948e-03 -5.210000000000000221e-03 9.999829999999999552e-01 8.880970000000000253e-01 4.596569999999999823e-01 3.999999999999999819e-06 -4.596489999999999743e-01 8.880810000000000093e-01 5.864000000000000289e-03
1.000000000000000000e+00 1.500000000000000000e+01 8.000000000000000000e+00 0.000000000000000000e+00 1.600000000000000089e+00 -3.499999999999999964e-04 2.576999999999999864e-03 -9.999970000000000248e-01 -5.845029999999999948e-01 -8.113890000000000269e-01 -1.887000000000000005e-03 -8.113909999999999734e-01 5.845000000000000195e-01 1.791000000000000057e-03
6.000000000000000000e+00 1.500000000000000000e+01 8.000000000000000000e+00 0.000000000000000000e+00 1.600000000000000089e+00 1.540000000000000028e-04 2.831000000000000183e-03 -9.999959999999999960e-01 -5.843030000000000168e-01 -8.115320000000000311e-01 -2.387999999999999932e-03 -8.115360000000000351e-01 5.843009999999999593e-01 1.528999999999999977e-03
1.300000000000000000e+01 1.500000000000000000e+01 8.000000000000000000e+00 0.000000000000000000e+00 1.600000000000000089e+00 1.472999999999999917e-03 -3.471999999999999826e-03 -9.999930000000000208e-01 -5.822920000000000318e-01 -8.129769999999999497e-01 1.965000000000000167e-03 -8.129779999999999784e-01 5.822850000000000525e-01 -3.219000000000000073e-03
1.900000000000000000e+01 1.500000000000000000e+01 8.000000000000000000e+00 0.000000000000000000e+00 1.600000000000000089e+00 1.012599999999999958e-02 9.494000000000000702e-03 -9.999040000000000150e-01 -5.783420000000000227e-01 -8.156809999999999894e-01 -1.360100000000000024e-02 -8.157320000000000126e-01 5.784240000000000492e-01 -2.769000000000000194e-03
2.400000000000000000e+01 1.500000000000000000e+01 8.000000000000000000e+00 0.000000000000000000e+00 1.600000000000000089e+00 1.137499999999999969e-02 2.239500000000000171e-02 -9.996850000000000458e-01 -5.751349999999999518e-01 -8.176809999999999912e-01 -2.486199999999999868e-02 -8.179790000000000116e-01 5.752359999999999696e-01 3.579000000000000150e-03
4.000000000000000000e+00 2.600000000000000000e+01 8.000000000000000000e+00 0.000000000000000000e+00 1.600000000000000089e+00 1.629000000000000023e-03 5.795999999999999937e-03 -9.999820000000000375e-01 4.044260000000000077e-01 9.145510000000000028e-01 5.958999999999999887e-03 9.145689999999999653e-01 -4.044289999999999830e-01 -8.540000000000000499e-04
8.000000000000000000e+00 2.600000000000000000e+01 8.000000000000000000e+00 0.000000000000000000e+00 1.600000000000000089e+00 1.376000000000000053e-03 3.519999999999999908e-04 -9.999989999999999712e-01 4.047000000000000042e-01 9.144489999999999563e-01 8.790000000000000070e-04 9.144489999999999563e-01 -4.047009999999999774e-01 1.115000000000000106e-03
1.000000000000000000e+00 2.400000000000000000e+01 9.000000000000000000e+00 0.000000000000000000e+00 1.600000000000000089e+00 2.371999999999999977e-03 5.056999999999999863e-03 -9.999839999999999840e-01 4.561359999999999859e-01 8.898930000000000451e-01 5.582000000000000156e-03 8.899070000000000036e-01 -4.561419999999999919e-01 -1.959999999999999937e-04
1.100000000000000000e+01 2.400000000000000000e+01 9.000000000000000000e+00 0.000000000000000000e+00 1.600000000000000089e+00 1.177000000000000095e-03 1.069000000000000072e-03 -9.999989999999999712e-01 4.580159999999999787e-01 8.889420000000000099e-01 1.490000000000000005e-03 8.889430000000000387e-01 -4.580179999999999807e-01 5.569999999999999864e-04
1.500000000000000000e+01 2.400000000000000000e+01 9.000000000000000000e+00 0.000000000000000000e+00 1.600000000000000089e+00 -1.853000000000000046e-03 -8.151999999999999524e-03 -9.999649999999999928e-01 4.583519999999999817e-01 8.887340000000000240e-01 -8.094000000000000500e-03 8.887690000000000312e-01 -4.583510000000000084e-01 2.089999999999999844e-03
2.400000000000000000e+01 2.400000000000000000e+01 9.000000000000000000e+00 0.000000000000000000e+00 1.600000000000000089e+00 -9.457999999999999394e-03 -2.465099999999999930e-02 -9.996509999999999563e-01 4.641469999999999763e-01 8.853699999999999903e-01 -2.622400000000000078e-02 8.857080000000000508e-01 -4.642330000000000068e-01 3.066999999999999848e-03
2.900000000000000000e+01 2.400000000000000000e+01 9.000000000000000000e+00 0.000000000000000000e+00 1.600000000000000089e+00 -6.624999999999999813e-03 -2.081399999999999917e-02 -9.997610000000000108e-01 4.653459999999999819e-01 8.848669999999999591e-01 -2.150600000000000081e-02 8.851040000000000019e-01 -4.653780000000000139e-01 3.823000000000000009e-03
3.000000000000000000e+00 3.100000000000000000e+01 1.200000000000000000e+01 0.000000000000000000e+00 1.600000000000000089e+00 2.348999999999999960e-03 3.370999999999999865e-03 9.999919999999999920e-01 9.029000000000000567e-03 9.999540000000000095e-01 -3.392000000000000050e-03 -9.999559999999999560e-01 9.036999999999999894e-03 2.318999999999999881e-03
1.900000000000000000e+01 3.100000000000000000e+01 1.200000000000000000e+01 0.000000000000000000e+00 1.600000000000000089e+00 -6.819999999999999890e-04 9.210000000000000521e-04 9.999989999999999712e-01 1.899599999999999900e-02 9.998190000000000133e-01 -9.079999999999999530e-04 -9.998190000000000133e-01 1.899500000000000147e-02 -6.989999999999999686e-04
2.900000000000000000e+01 3.100000000000000000e+01 1.200000000000000000e+01 0.000000000000000000e+00 1.600000000000000089e+00 2.480000000000000108e-04 1.639999999999999965e-03 9.999989999999999712e-01 9.298000000000000709e-03 9.999550000000000383e-01 -1.642999999999999929e-03 -9.999569999999999848e-01 9.298999999999999974e-03 2.329999999999999986e-04
1.000000000000000000e+00 1.200000000000000000e+01 1.500000000000000000e+01 0.000000000000000000e+00 1.600000000000000089e+00 1.600000000000000131e-04 5.469999999999999602e-04 -1.000000000000000000e+00 -4.687580000000000080e-01 -8.833259999999999446e-01 -5.580000000000000107e-04 -8.833269999999999733e-01 4.687580000000000080e-01 1.150000000000000035e-04
1.000000000000000000e+01 1.200000000000000000e+01 1.500000000000000000e+01 0.000000000000000000e+00 1.600000000000000089e+00 -1.726000000000000104e-03 -1.879999999999999944e-03 -9.999970000000000248e-01 -4.674369999999999914e-01 -8.840230000000000032e-01 2.468999999999999841e-03 -8.840249999999999497e-01 4.674389999999999934e-01 6.470000000000000057e-04
1.400000000000000000e+01 1.200000000000000000e+01 1.500000000000000000e+01 0.000000000000000000e+00 1.600000000000000089e+00 1.309000000000000051e-03 3.782000000000000205e-03 -9.999919999999999920e-01 -4.657689999999999886e-01 -8.848970000000000447e-01 -3.956000000000000315e-03 -8.849050000000000527e-01 4.657709999999999906e-01 6.030000000000000204e-04
1.700000000000000000e+01 1.200000000000000000e+01 1.500000000000000000e+01 0.000000000000000000e+00 1.600000000000000089e+00 5.962000000000000285e-03 9.098000000000000184e-03 -9.999409999999999688e-01 -4.662529999999999730e-01 -8.845849999999999547e-01 -1.082800000000000082e-02 -8.846309999999999452e-01 4.662899999999999823e-01 -1.033000000000000064e-03
2.500000000000000000e+01 1.200000000000000000e+01 1.500000000000000000e+01 0.000000000000000000e+00 1.600000000000000089e+00 7.594000000000000056e-03 1.239600000000000077e-02 -9.998939999999999495e-01 -4.680340000000000056e-01 -8.835910000000000153e-01 -1.450899999999999933e-02 -8.836779999999999635e-01 4.680940000000000101e-01 -9.089999999999999773e-04
7.000000000000000000e+00 1.160000000000000000e+02 1.600000000000000000e+01 0.000000000000000000e+00 1.600000000000000089e+00 7.990000000000000140e-04 -1.869999999999999917e-04 1.000000000000000000e+00 6.804409999999999625e-01 7.328029999999999822e-01 -4.070000000000000267e-04 -7.328029999999999822e-01 6.804409999999999625e-01 7.129999999999999836e-04
1.800000000000000000e+01 1.160000000000000000e+02 1.600000000000000000e+01 0.000000000000000000e+00 1.600000000000000089e+00 8.260000000000000198e-04 2.566999999999999837e-03 9.999959999999999960e-01 7.019870000000000276e-01 7.121859999999999857e-01 -2.407999999999999984e-03 -7.121889999999999610e-01 7.019859999999999989e-01 -1.214000000000000018e-03
2.300000000000000000e+01 1.160000000000000000e+02 1.600000000000000000e+01 0.000000000000000000e+00 1.600000000000000089e+00 -2.200000000000000078e-04 -2.838999999999999944e-03 9.999959999999999960e-01 7.048630000000000173e-01 7.093409999999999993e-01 2.168999999999999921e-03 -7.093439999999999745e-01 7.048600000000000421e-01 1.845000000000000069e-03
5.000000000000000000e+00 2.000000000000000000e+00 1.900000000000000000e+01 0.000000000000000000e+00 1.600000000000000089e+00 9.709999999999999664e-04 6.639999999999999852e-04 -9.999989999999999712e-01 1.831689999999999985e-01 -9.830809999999999826e-01 -4.749999999999999990e-04 -9.830809999999999826e-01 -1.831679999999999975e-01 -1.075999999999999917e-03
1.100000000000000000e+01 2.000000000000000000e+00 1.900000000000000000e+01 0.000000000000000000e+00 1.600000000000000089e+00 -1.330999999999999935e-03 -1.242000000000000048e-03 -9.999980000000000535e-01 1.800599999999999978e-01 -9.836549999999999461e-01 9.820000000000000170e-04 -9.836549999999999461e-01 -1.800579999999999958e-01 1.533000000000000074e-03
1.600000000000000000e+01 2.000000000000000000e+00 1.900000000000000000e+01 0.000000000000000000e+00 1.600000000000000089e+00 -5.599999999999999509e-04 -1.689999999999999879e-04 -1.000000000000000000e+00 1.774969999999999881e-01 -9.841210000000000235e-01 6.700000000000000226e-05 -9.841210000000000235e-01 -1.774969999999999881e-01 5.810000000000000277e-04
2.600000000000000000e+01 2.000000000000000000e+00 1.900000000000000000e+01 0.000000000000000000e+00 1.600000000000000089e+00 -5.360000000000000181e-04 5.024999999999999953e-03 -9.999869999999999592e-01 1.718079999999999885e-01 -9.851180000000000492e-01 -5.041999999999999607e-03 -9.851299999999999502e-01 -1.718079999999999885e-01 -3.350000000000000113e-04
1.200000000000000000e+01 4.000000000000000000e+00 2.000000000000000000e+01 0.000000000000000000e+00 1.600000000000000089e+00 9.190000000000000035e-04 -4.462999999999999953e-03 -9.999900000000000455e-01 2.728700000000000014e-01 -9.620400000000000063e-01 4.545000000000000429e-03 -9.620509999999999895e-01 -2.728709999999999747e-01 3.339999999999999870e-04
1.800000000000000000e+01 4.000000000000000000e+00 2.000000000000000000e+01 0.000000000000000000e+00 1.600000000000000089e+00 -3.510000000000000099e-03 2.005999999999999971e-03 -9.999919999999999920e-01 2.746709999999999985e-01 -9.615339999999999998e-01 -2.893000000000000172e-03 -9.615320000000000533e-01 -2.746779999999999777e-01 2.824000000000000121e-03
2.200000000000000000e+01 4.000000000000000000e+00 2.000000000000000000e+01 0.000000000000000000e+00 1.600000000000000089e+00 -1.427000000000000100e-03 2.390999999999999896e-03 -9.999959999999999960e-01 2.781089999999999951e-01 -9.605460000000000109e-01 -2.694000000000000214e-03 -9.605479999999999574e-01 -2.781120000000000259e-01 7.060000000000000303e-04
2.600000000000000000e+01 4.000000000000000000e+00 2.000000000000000000e+01 0.000000000000000000e+00 1.600000000000000089e+00 -1.508000000000000009e-03 7.229000000000000183e-03 -9.999730000000000008e-01 2.709949999999999859e-01 -9.625519999999999632e-01 -7.367000000000000284e-03 -9.625789999999999624e-01 -2.709989999999999899e-01 -5.069999999999999637e-04
1.000000000000000000e+00 1.300000000000000000e+01 2.000000000000000000e+01 0.000000000000000000e+00 1.600000000000000089e+00 1.198000000000000063e-03 -5.223000000000000212e-03 9.999860000000000415e-01 2.595259999999999789e-01 9.657249999999999446e-01 4.733000000000000228e-03 -9.657350000000000101e-01 2.595160000000000244e-01 2.513000000000000043e-03
9.000000000000000000e+00 1.300000000000000000e+01 2.000000000000000000e+01 0.000000000000000000e+00 1.600000000000000089e+00 -2.030000000000000012e-04 7.019000000000000065e-03 9.999749999999999472e-01 2.599339999999999984e-01 9.656029999999999891e-01 -6.725000000000000075e-03 -9.656259999999999843e-01 2.599259999999999904e-01 -2.020000000000000094e-03
1.300000000000000000e+01 1.300000000000000000e+01 2.000000000000000000e+01 0.000000000000000000e+00 1.600000000000000089e+00 -7.150000000000000322e-04 2.664999999999999834e-03 9.999959999999999960e-01 2.579029999999999934e-01 9.661680000000000268e-01 -2.390999999999999896e-03 -9.661710000000000020e-01 2.579000000000000181e-01 -1.378000000000000102e-03
1.700000000000000000e+01 1.300000000000000000e+01 2.000000000000000000e+01 0.000000000000000000e+00 1.600000000000000089e+00 6.350000000000000392e-04 -3.350000000000000113e-03 9.999940000000000495e-01 2.579089999999999994e-01 9.661640000000000228e-01 3.072000000000000078e-03 -9.661689999999999445e-01 2.579060000000000241e-01 1.477000000000000014e-03
2.100000000000000000e+01 1.300000000000000000e+01 2.000000000000000000e+01 0.000000000000000000e+00 1.600000000000000089e+00 1.529999999999999893e-03 -7.642999999999999620e-03 9.999700000000000255e-01 2.589199999999999835e-01 9.658740000000000103e-01 6.987000000000000155e-03 -9.658980000000000343e-01 2.589009999999999923e-01 3.457000000000000003e-03
2.500000000000000000e+01 1.300000000000000000e+01 2.000000000000000000e+01 0.000000000000000000e+00 1.600000000000000089e+00 3.249999999999999851e-04 -1.005799999999999923e-02 9.999489999999999768e-01 2.581450000000000133e-01 9.660579999999999723e-01 9.632999999999999202e-03 -9.661060000000000203e-01 2.581289999999999973e-01 2.910999999999999959e-03
7.000000000000000000e+00 1.600000000000000000e+01 2.100000000000000000e+01 0.000000000000000000e+00 1.600000000000000089e+00 -1.123000000000000083e-03 7.450000000000000025e-04 9.999989999999999712e-01 2.983160000000000256e-01 9.544669999999999543e-01 -3.759999999999999779e-04 -9.544669999999999543e-01 2.983149999999999968e-01 -1.294000000000000011e-03
1.100000000000000000e+01 1.600000000000000000e+01 2.100000000000000000e+01 0.000000000000000000e+00 1.600000000000000089e+00 -1.771000000000000005e-03 3.083999999999999936e-03 9.999940000000000495e-01 2.955740000000000034e-01 9.553169999999999717e-01 -2.422000000000000108e-03 -9.553180000000000005e-01 2.955679999999999974e-01 -2.602999999999999845e-03
2.200000000000000000e+01 1.600000000000000000e+01 2.100000000000000000e+01 0.000000000000000000e+00 1.600000000000000089e+00 1.515999999999999986e-03 -3.851999999999999955e-03 9.999909999999999632e-01 2.954809999999999937e-01 9.553430000000000533e-01 3.232000000000000064e-03 -9.553469999999999462e-01 2.954729999999999857e-01 2.586000000000000191e-03
2.400000000000000000e+01 3.000000000000000000e+00 2.500000000000000000e+01 0.000000000000000000e+00 1.600000000000000089e+00 -4.795999999999999916e-03 8.089000000000000704e-03 9.999559999999999560e-01 -1.606399999999999842e-02 -9.998390000000000333e-01 8.011000000000000759e-03 9.998590000000000533e-01 -1.602500000000000105e-02 4.924999999999999691e-03
3.000000000000000000e+00 4.600000000000000000e+01 2.700000000000000000e+01 0.000000000000000000e+00 1.600000000000000089e+00 7.269999999999999987e-04 -7.680000000000000195e-04 -9.999989999999999712e-01 6.818330000000000224e-01 7.315080000000000471e-01 -6.600000000000000506e-05 7.315080000000000471e-01 -6.818319999999999936e-01 1.054999999999999948e-03
9.000000000000000000e+00 4.600000000000000000e+01 2.700000000000000000e+01 0.000000000000000000e+00 1.600000000000000089e+00 -1.392999999999999924e-03 -8.379999999999999862e-04 -9.999989999999999712e-01 6.829119999999999635e-01 7.304990000000000094e-01 -1.564000000000000069e-03 7.305000000000000382e-01 -6.829129999999999923e-01 -4.449999999999999746e-04
2.100000000000000000e+01 4.600000000000000000e+01 2.700000000000000000e+01 0.000000000000000000e+00 1.600000000000000089e+00 9.300000000000000541e-04 1.577999999999999976e-03 -9.999980000000000535e-01 6.812279999999999447e-01 7.320689999999999698e-01 1.789000000000000009e-03 7.320710000000000273e-01 -6.812279999999999447e-01 -3.939999999999999817e-04
2.700000000000000000e+01 4.600000000000000000e+01 2.700000000000000000e+01 0.000000000000000000e+00 1.600000000000000089e+00 1.278000000000000056e-03 -3.480000000000000020e-04 -9.999989999999999712e-01 6.836410000000000542e-01 7.298179999999999668e-01 6.199999999999999999e-04 7.298170000000000490e-01 -6.836410000000000542e-01 1.170000000000000033e-03
2.000000000000000000e+00 5.800000000000000000e+01 3.100000000000000000e+01 0.000000000000000000e+00 1.600000000000000089e+00 1.232999999999999938e-03 5.815999999999999989e-03 9.999820000000000375e-01 -8.010289999999999910e-01 -5.986089999999999467e-01 4.470000000000000015e-03 5.986249999999999627e-01 -8.010199999999999543e-01 3.921000000000000006e-03
5.000000000000000000e+00 5.800000000000000000e+01 3.100000000000000000e+01 0.000000000000000000e+00 1.600000000000000089e+00 3.122000000000000209e-03 4.152999999999999574e-03 9.999860000000000415e-01 -8.011470000000000535e-01 -5.984469999999999512e-01 4.985999999999999981e-03 5.984599999999999920e-01 -8.011519999999999753e-01 1.459000000000000010e-03
1.200000000000000000e+01 5.800000000000000000e+01 3.100000000000000000e+01 0.000000000000000000e+00 1.600000000000000089e+00 -2.919999999999999961e-04 2.629999999999999959e-03 9.999970000000000248e-01 -8.013660000000000228e-01 -5.981729999999999547e-01 1.338999999999999913e-03 5.981750000000000123e-01 -8.013620000000000188e-01 2.282999999999999873e-03
2.000000000000000000e+01 5.800000000000000000e+01 3.100000000000000000e+01 0.000000000000000000e+00 1.600000000000000089e+00 2.416999999999999878e-03 7.863000000000000198e-03 9.999660000000000215e-01 -8.014740000000000197e-01 -5.979919999999999680e-01 6.640000000000000069e-03 5.980240000000000000e-01 -8.014630000000000365e-01 4.856000000000000073e-03
2.800000000000000000e+01 5.800000000000000000e+01 3.100000000000000000e+01 0.000000000000000000e+00 1.600000000000000089e+00 -1.610000000000000103e-04 -3.134000000000000067e-03 9.999949999999999672e-01 -7.999749999999999917e-01 -6.000299999999999523e-01 -2.008999999999999935e-03 6.000339999999999563e-01 -7.999709999999999877e-01 -2.410999999999999949e-03
2.000000000000000000e+00 4.600000000000000000e+01 3.500000000000000000e+01 0.000000000000000000e+00 1.600000000000000089e+00 4.470000000000000232e-04 2.406000000000000152e-03 -9.999970000000000248e-01 3.855859999999999843e-01 -9.226699999999999902e-01 -2.047000000000000208e-03 -9.226720000000000477e-01 -3.855839999999999823e-01 -1.340000000000000045e-03
6.000000000000000000e+00 4.600000000000000000e+01 3.500000000000000000e+01 0.000000000000000000e+00 1.600000000000000089e+00 1.431999999999999896e-03 3.553000000000000169e-03 -9.999930000000000208e-01 3.861740000000000173e-01 -9.224219999999999642e-01 -2.723999999999999859e-03 -9.224250000000000504e-01 -3.861680000000000113e-01 -2.693000000000000081e-03
1.500000000000000000e+01 4.600000000000000000e+01 3.500000000000000000e+01 0.000000000000000000e+00 1.600000000000000089e+00 -9.870000000000000301e-04 1.118999999999999986e-03 -9.999989999999999712e-01 3.844509999999999872e-01 -9.231439999999999646e-01 -1.412000000000000061e-03 -9.231449999999999934e-01 -3.844520000000000159e-01 4.809999999999999823e-04
2.400000000000000000e+01 4.600000000000000000e+01 3.500000000000000000e+01 0.000000000000000000e+00 1.600000000000000089e+00 -4.369999999999999970e-04 -5.599999999999999509e-04 -1.000000000000000000e+00 3.866290000000000004e-01 -9.222350000000000270e-01 3.469999999999999777e-04 -9.222350000000000270e-01 -3.866290000000000004e-01 6.199999999999999999e-04
2.700000000000000000e+01 4.600000000000000000e+01 3.500000000000000000e+01 0.000000000000000000e+00 1.600000000000000089e+00 -6.769999999999999759e-04 1.198999999999999979e-03 -9.999989999999999712e-01 3.851550000000000251e-01 -9.228509999999999769e-01 -1.368000000000000075e-03 -9.228520000000000056e-01 -3.851550000000000251e-01 1.630000000000000047e-04
1.200000000000000000e+01 9.500000000000000000e+01 3.600000000000000000e+01 0.000000000000000000e+00 1.600000000000000089e+00 -8.533999999999999919e-03 -2.270600000000000049e-02 9.997059999999999835e-01 9.971569999999999601e-01 7.465099999999999514e-02 1.020800000000000006e-02 -7.486099999999999699e-02 9.969510000000000316e-01 2.200399999999999925e-02
1.900000000000000000e+01 9.500000000000000000e+01 3.600000000000000000e+01 0.000000000000000000e+00 1.600000000000000089e+00 -9.280000000000000054e-04 9.476999999999999313e-03 9.999550000000000383e-01 9.971360000000000223e-01 7.563000000000000278e-02 2.079999999999999872e-04 -7.562499999999999778e-02 9.970909999999999496e-01 -9.520000000000000684e-03
2.500000000000000000e+01 9.500000000000000000e+01 3.600000000000000000e+01 0.000000000000000000e+00 1.600000000000000089e+00 5.679000000000000020e-03 -1.591899999999999912e-02 9.998569999999999958e-01 9.975540000000000518e-01 6.975099999999999356e-02 -4.556000000000000154e-03 -6.966899999999999482e-02 9.974370000000000180e-01 1.627599999999999880e-02
1.200000000000000000e+01 2.900000000000000000e+01 4.400000000000000000e+01 0.000000000000000000e+00 1.600000000000000089e+00 -3.154999999999999818e-03 -1.270999999999999994e-03 -9.999940000000000495e-01 6.698039999999999550e-01 7.425310000000000521e-01 -3.056999999999999822e-03 7.425310000000000521e-01 -6.698100000000000165e-01 -1.490999999999999921e-03
1.800000000000000000e+01 2.900000000000000000e+01 4.400000000000000000e+01 0.000000000000000000e+00 1.600000000000000089e+00 -2.083999999999999915e-03 8.509999999999999769e-04 -9.999970000000000248e-01 6.668509999999999716e-01 7.451910000000000478e-01 -7.560000000000000530e-04 7.451879999999999615e-01 -6.668509999999999716e-01 -2.119999999999999923e-03
2.200000000000000000e+01 2.900000000000000000e+01 4.400000000000000000e+01 0.000000000000000000e+00 1.600000000000000089e+00 -1.423000000000000003e-03 2.550000000000000183e-03 -9.999959999999999960e-01 6.654670000000000307e-01 7.464269999999999516e-01 9.560000000000000355e-04 7.464260000000000339e-01 -6.654619999999999980e-01 -2.759000000000000168e-03
2.800000000000000000e+01 2.900000000000000000e+01 4.400000000000000000e+01 0.000000000000000000e+00 1.600000000000000089e+00 -5.512999999999999672e-03 -1.861999999999999940e-03 -9.999829999999999552e-01 6.447359999999999758e-01 7.643889999999999851e-01 -4.977999999999999786e-03 7.643849999999999811e-01 -6.447530000000000205e-01 -3.014000000000000186e-03
7.000000000000000000e+00 5.400000000000000000e+01 4.600000000000000000e+01 0.000000000000000000e+00 1.600000000000000089e+00 -3.710000000000000190e-04 8.420999999999999666e-03 9.999639999999999640e-01 3.425329999999999764e-01 -9.394709999999999450e-01 8.038999999999999271e-03 9.395059999999999523e-01 3.425239999999999951e-01 -2.536000000000000060e-03
9.000000000000000000e+00 6.500000000000000000e+01 4.600000000000000000e+01 0.000000000000000000e+00 1.600000000000000089e+00 -2.554999999999999979e-03 1.907000000000000058e-03 9.999949999999999672e-01 6.816419999999999702e-01 -7.316789999999999683e-01 3.137000000000000031e-03 7.316820000000000546e-01 6.816459999999999742e-01 5.699999999999999772e-04
1.000000000000000000e+01 7.000000000000000000e+00 5.200000000000000000e+01 0.000000000000000000e+00 1.600000000000000089e+00 -1.884000000000000041e-03 -2.405000000000000020e-03 -9.999949999999999672e-01 8.436799999999999855e-02 -9.964319999999999844e-01 2.236999999999999839e-03 -9.964330000000000132e-01 -8.436399999999999455e-02 2.079999999999999818e-03
9.000000000000000000e+00 1.500000000000000000e+01 5.300000000000000000e+01 0.000000000000000000e+00 1.600000000000000089e+00 3.209999999999999963e-04 1.007999999999999998e-03 -9.999989999999999712e-01 6.792589999999999462e-01 7.338980000000000503e-01 9.579999999999999757e-04 7.338980000000000503e-01 -6.792589999999999462e-01 -4.490000000000000176e-04
2.300000000000000000e+01 1.500000000000000000e+01 5.300000000000000000e+01 0.000000000000000000e+00 1.600000000000000089e+00 1.175999999999999962e-03 9.000000000000000567e-05 -9.999989999999999712e-01 6.774379999999999846e-01 7.355789999999999829e-01 8.630000000000000518e-04 7.355789999999999829e-01 -6.774390000000000134e-01 8.040000000000000271e-04
4.000000000000000000e+00 6.300000000000000000e+01 5.400000000000000000e+01 0.000000000000000000e+00 1.600000000000000089e+00 -6.890000000000000508e-04 -1.250000000000000026e-03 9.999989999999999712e-01 -3.541610000000000036e-01 9.351840000000000153e-01 9.250000000000000409e-04 -9.351840000000000153e-01 -3.541599999999999748e-01 -1.087000000000000076e-03
8.000000000000000000e+00 6.300000000000000000e+01 5.400000000000000000e+01 0.000000000000000000e+00 1.600000000000000089e+00 8.840000000000000201e-04 -1.299999999999999940e-03 9.999989999999999712e-01 -3.496270000000000211e-01 9.368880000000000541e-01 1.526999999999999929e-03 -9.368889999999999718e-01 -3.496279999999999943e-01 3.730000000000000134e-04
1.300000000000000000e+01 6.300000000000000000e+01 5.400000000000000000e+01 0.000000000000000000e+00 1.600000000000000089e+00 2.500000000000000120e-05 -7.799999999999999859e-04 1.000000000000000000e+00 -3.511130000000000084e-01 9.363329999999999709e-01 7.389999999999999651e-04 -9.363329999999999709e-01 -3.511130000000000084e-01 -2.509999999999999753e-04
1.700000000000000000e+01 6.300000000000000000e+01 5.400000000000000000e+01 0.000000000000000000e+00 1.600000000000000089e+00 3.009999999999999980e-04 -1.949999999999999965e-04 1.000000000000000000e+00 -3.498939999999999828e-01 9.367889999999999828e-01 2.880000000000000073e-04 -9.367889999999999828e-01 -3.498939999999999828e-01 2.139999999999999975e-04
1.900000000000000000e+01 6.300000000000000000e+01 5.400000000000000000e+01 0.000000000000000000e+00 1.600000000000000089e+00 7.529999999999999801e-04 1.210000000000000002e-04 1.000000000000000000e+00 -3.495969999999999911e-01 9.368999999999999551e-01 1.489999999999999897e-04 -9.368999999999999551e-01 -3.495969999999999911e-01 7.479999999999999670e-04
2.300000000000000000e+01 6.300000000000000000e+01 5.400000000000000000e+01 0.000000000000000000e+00 1.600000000000000089e+00 -5.039999999999999992e-04 4.539999999999999765e-04 1.000000000000000000e+00 -3.488010000000000277e-01 9.371969999999999468e-01 -6.019999999999999961e-04 -9.371969999999999468e-01 -3.488010000000000277e-01 -3.139999999999999888e-04
3.000000000000000000e+00 2.500000000000000000e+01 5.500000000000000000e+01 0.000000000000000000e+00 1.600000000000000089e+00 1.090000000000000067e-04 2.590000000000000071e-04 -1.000000000000000000e+00 -1.095299999999999919e-02 -9.999400000000000510e-01 -2.599999999999999772e-04 -9.999400000000000510e-01 1.095299999999999919e-02 -1.060000000000000016e-04
1.000000000000000000e+01 2.500000000000000000e+01 5.500000000000000000e+01 0.000000000000000000e+00 1.600000000000000089e+00 -1.910000000000000077e-04 -1.098999999999999934e-03 -9.999989999999999712e-01 -1.248999999999999937e-02 -9.999209999999999487e-01 1.100999999999999982e-03 -9.999219999999999775e-01 1.249100000000000037e-02 1.769999999999999926e-04
1.500000000000000000e+01 2.500000000000000000e+01 5.500000000000000000e+01 0.000000000000000000e+00 1.600000000000000089e+00 -9.420000000000000205e-04 -2.083000000000000216e-03 -9.999970000000000248e-01 -1.111900000000000041e-02 -9.999360000000000470e-01 2.092999999999999809e-03 -9.999379999999999935e-01 1.112100000000000068e-02 9.190000000000000035e-04
1.900000000000000000e+01 2.500000000000000000e+01 5.500000000000000000e+01 0.000000000000000000e+00 1.600000000000000089e+00 7.420000000000000380e-04 4.299999999999999894e-04 -1.000000000000000000e+00 -1.127399999999999930e-02 -9.999360000000000470e-01 -4.380000000000000213e-04 -9.999360000000000470e-01 1.127399999999999930e-02 -7.370000000000000249e-04
2.100000000000000000e+01 2.500000000000000000e+01 5.500000000000000000e+01 0.000000000000000000e+00 1.600000000000000089e+00 1.196999999999999930e-03 2.978000000000000178e-03 -9.999949999999999672e-01 -1.139899999999999941e-02 -9.999310000000000143e-01 -2.991000000000000169e-03 -9.999339999999999895e-01 1.140299999999999994e-02 -1.162999999999999971e-03
2.000000000000000000e+01 5.800000000000000000e+01 5.900000000000000000e+01 0.000000000000000000e+00 1.600000000000000089e+00 -4.341000000000000240e-03 5.394000000000000357e-03 -9.999759999999999760e-01 3.868610000000000104e-01 9.221319999999999517e-01 3.295000000000000186e-03 9.221279999999999477e-01 -3.868369999999999864e-01 -6.088999999999999795e-03
2.000000000000000000e+00 2.100000000000000000e+01 6.000000000000000000e+01 0.000000000000000000e+00 1.600000000000000089e+00 1.991000000000000148e-03 -9.579000000000000709e-03 9.999519999999999520e-01 -9.214400000000000368e-02 9.956979999999999720e-01 9.721999999999999739e-03 -9.957439999999999625e-01 -9.215900000000000480e-02 1.100000000000000066e-03
3.000000000000000000e+00 2.700000000000000000e+01 6.300000000000000000e+01 0.000000000000000000e+00 1.600000000000000089e+00 3.831000000000000204e-03 1.899000000000000080e-03 9.999909999999999632e-01 -2.794659999999999922e-01 9.601549999999999807e-01 -7.529999999999999801e-04 -9.601480000000000015e-01 -2.794610000000000150e-01 4.209000000000000068e-03
7.000000000000000000e+00 2.700000000000000000e+01 6.300000000000000000e+01 0.000000000000000000e+00 1.600000000000000089e+00 2.642999999999999950e-03 8.253999999999999185e-03 9.999620000000000175e-01 -2.739309999999999801e-01 9.617219999999999658e-01 -7.213999999999999926e-03 -9.617459999999999898e-01 -2.739010000000000056e-01 4.801999999999999845e-03
1.500000000000000000e+01 2.700000000000000000e+01 6.300000000000000000e+01 0.000000000000000000e+00 1.600000000000000089e+00 -1.693999999999999976e-03 -5.928000000000000110e-03 9.999810000000000088e-01 -2.775340000000000029e-01 9.607019999999999449e-01 5.224999999999999610e-03 -9.607139999999999569e-01 -2.775199999999999889e-01 -3.272999999999999868e-03
1.900000000000000000e+01 2.700000000000000000e+01 6.300000000000000000e+01 0.000000000000000000e+00 1.600000000000000089e+00 7.100000000000000462e-05 -9.145999999999999616e-03 9.999580000000000135e-01 -2.796580000000000177e-01 9.600589999999999957e-01 8.800999999999999795e-03 -9.600999999999999535e-01 -2.796469999999999789e-01 -2.490000000000000026e-03
2.700000000000000000e+01 2.700000000000000000e+01 6.300000000000000000e+01 0.000000000000000000e+00 1.600000000000000089e+00 2.259999999999999910e-04 2.000000000000000042e-03 9.999980000000000535e-01 -2.825349999999999806e-01 9.592549999999999688e-01 -1.855000000000000095e-03 -9.592570000000000263e-01 -2.825340000000000074e-01 7.820000000000000345e-04
3.000000000000000000e+00 2.600000000000000000e+01 6.400000000000000000e+01 0.000000000000000000e+00 1.600000000000000089e+00 3.774000000000000011e-03 2.654999999999999808e-03 9.999890000000000168e-01 -3.610720000000000041e-01 9.325369999999999493e-01 -1.113000000000000057e-03 -9.325299999999999701e-01 -3.610639999999999961e-01 4.478000000000000209e-03
1.000000000000000000e+01 2.600000000000000000e+01 6.400000000000000000e+01 0.000000000000000000e+00 1.600000000000000089e+00 -3.108000000000000086e-03 7.509000000000000050e-03 9.999670000000000503e-01 -3.505610000000000115e-01 9.365050000000000319e-01 -8.122000000000000747e-03 -9.365350000000000064e-01 -3.505739999999999967e-01 -2.779999999999999811e-04
1.500000000000000000e+01 2.600000000000000000e+01 6.400000000000000000e+01 0.000000000000000000e+00 1.600000000000000089e+00 -8.840000000000000201e-04 -5.956999999999999622e-03 9.999820000000000375e-01 -3.590119999999999978e-01 9.333179999999999810e-01 5.242000000000000132e-03 -9.333329999999999682e-01 -3.589999999999999858e-01 -2.964000000000000055e-03
1.900000000000000000e+01 2.600000000000000000e+01 6.400000000000000000e+01 0.000000000000000000e+00 1.600000000000000089e+00 1.141000000000000087e-03 -8.845000000000000431e-03 9.999599999999999600e-01 -3.601239999999999997e-01 9.328640000000000265e-01 8.661999999999999561e-03 -9.329039999999999555e-01 -3.601190000000000224e-01 -2.121000000000000055e-03
2.400000000000000000e+01 2.600000000000000000e+01 6.400000000000000000e+01 0.000000000000000000e+00 1.600000000000000089e+00 3.989999999999999949e-04 1.845999999999999985e-03 9.999980000000000535e-01 -3.626420000000000199e-01 9.319269999999999499e-01 -1.575999999999999927e-03 -9.319279999999999786e-01 -3.626409999999999911e-01 1.041000000000000042e-03
2.900000000000000000e+01 2.600000000000000000e+01 6.400000000000000000e+01 0.000000000000000000e+00 1.600000000000000089e+00 -3.399999999999999973e-05 2.043000000000000111e-03 9.999980000000000535e-01 -3.636019999999999808e-01 9.315520000000000467e-01 -1.915999999999999951e-03 -9.315539999999999932e-01 -3.636010000000000075e-01 7.110000000000000434e-04
4.000000000000000000e+00 2.500000000000000000e+01 7.300000000000000000e+01 0.000000000000000000e+00 1.600000000000000089e+00 8.540000000000000499e-04 -1.448000000000000068e-03 9.999989999999999712e-01 7.500170000000000448e-01 -6.614170000000000327e-01 -1.598000000000000028e-03 6.614179999999999504e-01 7.500170000000000448e-01 5.209999999999999788e-04
8.000000000000000000e+00 2.500000000000000000e+01 7.300000000000000000e+01 0.000000000000000000e+00 1.600000000000000089e+00 4.290000000000000193e-04 -1.201000000000000028e-03 9.999989999999999712e-01 7.482490000000000530e-01 -6.634170000000000345e-01 -1.118000000000000070e-03 6.634179999999999522e-01 7.482490000000000530e-01 6.139999999999999625e-04
1.700000000000000000e+01 2.500000000000000000e+01 7.300000000000000000e+01 0.000000000000000000e+00 1.600000000000000089e+00 1.332000000000000068e-03 2.265000000000000086e-03 9.999970000000000248e-01 7.564570000000000460e-01 -6.540430000000000410e-01 4.739999999999999747e-04 6.540420000000000122e-01 7.564539999999999598e-01 -2.585000000000000058e-03
2.200000000000000000e+01 2.500000000000000000e+01 7.300000000000000000e+01 0.000000000000000000e+00 1.600000000000000089e+00 -1.570999999999999914e-03 -3.252000000000000116e-03 9.999930000000000208e-01 7.560700000000000198e-01 -6.544900000000000162e-01 -9.409999999999999962e-04 6.544889999999999874e-01 7.560630000000000406e-01 3.485999999999999949e-03
2.800000000000000000e+01 2.500000000000000000e+01 7.300000000000000000e+01 0.000000000000000000e+00 1.600000000000000089e+00 1.559999999999999972e-04 3.000000000000000076e-05 1.000000000000000000e+00 7.547479999999999745e-01 -6.560139999999999860e-01 -9.799999999999999684e-05 6.560139999999999860e-01 7.547479999999999745e-01 -1.250000000000000026e-04
3.000000000000000000e+00 4.400000000000000000e+01 7.300000000000000000e+01 0.000000000000000000e+00 1.600000000000000089e+00 -3.970000000000000005e-04 -1.472999999999999917e-03 9.999989999999999712e-01 5.173400000000000221e-02 -9.986599999999999921e-01 -1.451000000000000033e-03 9.986610000000000209e-01 5.173400000000000221e-02 4.719999999999999803e-04
9.000000000000000000e+00 4.400000000000000000e+01 7.300000000000000000e+01 0.000000000000000000e+00 1.600000000000000089e+00 4.119999999999999856e-04 -2.093999999999999941e-03 9.999980000000000535e-01 4.785600000000000270e-02 -9.988519999999999621e-01 -2.112000000000000162e-03 9.988540000000000196e-01 4.785699999999999676e-02 -3.119999999999999944e-04
1.900000000000000000e+01 4.400000000000000000e+01 7.300000000000000000e+01 0.000000000000000000e+00 1.600000000000000089e+00 -1.779999999999999898e-04 -2.344999999999999862e-03 9.999970000000000248e-01 4.848800000000000332e-02 -9.988209999999999589e-01 -2.333000000000000004e-03 9.988240000000000451e-01 4.848700000000000232e-02 2.910000000000000260e-04
2.500000000000000000e+01 4.400000000000000000e+01 7.300000000000000000e+01 0.000000000000000000e+00 1.600000000000000089e+00 5.770000000000000389e-04 2.211999999999999991e-03 9.999970000000000248e-01 5.050400000000000028e-02 -9.987209999999999699e-01 2.180000000000000080e-03 9.987239999999999451e-01 5.050199999999999828e-02 -6.880000000000000265e-04
2.900000000000000000e+01 4.400000000000000000e+01 7.300000000000000000e+01 0.000000000000000000e+00 1.600000000000000089e+00 1.165999999999999936e-03 -9.420000000000000205e-04 9.999989999999999712e-01 5.181499999999999995e-02 -9.986559999999999881e-01 -1.000999999999999937e-03 9.986559999999999881e-01 5.181600000000000095e-02 -1.115000000000000106e-03
5.000000000000000000e+00 5.100000000000000000e+01 7.600000000000000000e+01 0.000000000000000000e+00 1.600000000000000089e+00 8.700000000000000051e-05 -1.700000000000000122e-04 -1.000000000000000000e+00 -4.143189999999999928e-01 -9.101320000000000521e-01 1.190000000000000058e-04 -9.101320000000000521e-01 4.143189999999999928e-01 -1.499999999999999869e-04
1.000000000000000000e+01 5.100000000000000000e+01 7.600000000000000000e+01 0.000000000000000000e+00 1.600000000000000089e+00 -6.890000000000000508e-04 4.605999999999999851e-03 -9.999890000000000168e-01 -4.139820000000000166e-01 -9.102770000000000028e-01 -3.908000000000000015e-03 -9.102850000000000108e-01 4.139749999999999819e-01 2.533999999999999794e-03
3.000000000000000000e+00 9.100000000000000000e+01 7.600000000000000000e+01 0.000000000000000000e+00 1.600000000000000089e+00 -1.959999999999999937e-04 -8.700000000000000051e-04 1.000000000000000000e+00 3.207149999999999723e-01 -9.471749999999999892e-01 -7.609999999999999577e-04 9.471760000000000179e-01 3.207149999999999723e-01 4.650000000000000270e-04
9.000000000000000000e+00 9.100000000000000000e+01 7.600000000000000000e+01 0.000000000000000000e+00 1.600000000000000089e+00 5.300000000000000078e-05 1.247999999999999977e-03 9.999989999999999712e-01 3.164680000000000271e-01 -9.486029999999999740e-01 1.167000000000000069e-03 9.486029999999999740e-01 3.164669999999999983e-01 -4.449999999999999746e-04
