1.400000000000000000e+01 1.500000000000000000e+01 4.000000000000000000e+00 0.000000000000000000e+00 1.600000000000000089e+00 2.135999999999999878e-03 8.449999999999999178e-03 9.999620000000000175e-01 2.869590000000000196e-01 -9.579140000000000432e-01 7.481999999999999935e-03 9.579400000000000137e-01 2.869329999999999936e-01 -4.471000000000000148e-03
1.900000000000000000e+01 1.500000000000000000e+01 4.000000000000000000e+00 0.000000000000000000e+00 1.600000000000000089e+00 -1.727000000000000019e-03 -6.633000000000000007e-03 9.999770000000000048e-01 2.867950000000000221e-01 -9.579739999999999922e-01 -5.858999999999999625e-03 9.579900000000000082e-01 2.867790000000000061e-01 3.556999999999999832e-03
2.300000000000000000e+01 1.500000000000000000e+01 4.000000000000000000e+00 0.000000000000000000e+00 1.600000000000000089e+00 -5.218000000000000416e-03 -3.516000000000000028e-03 9.999799999999999800e-01 2.887529999999999819e-01 -9.574019999999999753e-01 -1.860000000000000108e-03 9.573890000000000455e-01 2.887379999999999947e-01 6.010999999999999850e-03
5.000000000000000000e+00 1.600000000000000000e+01 4.000000000000000000e+00 0.000000000000000000e+00 1.600000000000000089e+00 7.153999999999999769e-03 -1.156399999999999963e-02 9.999069999999999903e-01 3.430099999999999816e-01 -9.392369999999999886e-01 -1.331700000000000071e-02 9.393040000000000278e-01 3.430739999999999901e-01 -2.752000000000000106e-03
3.000000000000000000e+00 1.010000000000000000e+02 7.000000000000000000e+00 0.000000000000000000e+00 1.600000000000000089e+00 6.970000000000000284e-04 9.340000000000000429e-04 9.999989999999999712e-01 8.833919999999999551e-01 4.686330000000000218e-01 -1.054000000000000032e-03 -4.686339999999999950e-01 8.833919999999999551e-01 -4.989999999999999861e-04
1.500000000000000000e+01 1.010000000000000000e+02 7.000000000000000000e+00 0.000000000000000000e+00 1.600000000000000089e+00 -1.083999999999999894e-03 -1.023199999999999978e-02 9.999470000000000303e-01 8.866829999999999989e-01 4.623430000000000040e-01 5.692000000000000011e-03 -4.623769999999999825e-01 8.866420000000000412e-01 8.571000000000000493e-03
2.300000000000000000e+01 1.010000000000000000e+02 7.000000000000000000e+00 0.000000000000000000e+00 1.600000000000000089e+00 1.392000000000000008e-03 1.409700000000000016e-02 9.999000000000000110e-01 8.855490000000000306e-01 4.644809999999999772e-01 -7.780999999999999722e-03 -4.645440000000000125e-01 8.854710000000000081e-01 -1.183799999999999956e-02
5.000000000000000000e+00 1.500000000000000000e+01 8.000000000000000000e+00 0.000000000000000000e+00 1.600000000000000089e+00 -8.214000000000000815e-03 -1.295400000000000024e-02 -9.998820000000000485e-01 -5.829189999999999650e-01 -8.123860000000000525e-01 1.531300000000000022e-02 -8.124879999999999880e-01 5.829769999999999675e-01 -8.779999999999999827e-04
1.100000000000000000e+01 1.500000000000000000e+01 8.000000000000000000e+00 0.000000000000000000e+00 1.600000000000000089e+00 -2.165999999999999957e-03 2.149999999999999947e-04 -9.999980000000000535e-01 -5.852199999999999624e-01 -8.108739999999999837e-01 1.093000000000000005e-03 -8.108720000000000372e-01 5.852209999999999912e-01 1.881999999999999992e-03
1.600000000000000000e+01 1.500000000000000000e+01 8.000000000000000000e+00 0.000000000000000000e+00 1.600000000000000089e+00 1.259999999999999998e-04 2.912999999999999791e-03 -9.999959999999999960e-01 -5.844019999999999770e-01 -8.114609999999999879e-01 -2.436999999999999930e-03 -8.114639999999999631e-01 5.844000000000000306e-01 1.600000000000000077e-03
2.300000000000000000e+01 1.500000000000000000e+01 8.000000000000000000e+00 0.000000000000000000e+00 1.600000000000000089e+00 1.464000000000000024e-03 -3.480000000000000020e-03 -9.999930000000000208e-01 -5.822920000000000318e-01 -8.129769999999999497e-01 1.977000000000000025e-03 -8.129790000000000072e-01 5.822850000000000525e-01 -3.216000000000000109e-03
2.900000000000000000e+01 1.500000000000000000e+01 8.000000000000000000e+00 0.000000000000000000e+00 1.600000000000000089e+00 8.130999999999999339e-03 1.515000000000000071e-03 -9.999660000000000215e-01 -5.785580000000000167e-01 -8.156200000000000117e-01 -5.939999999999999968e-03 -8.156010000000000204e-01 5.785869999999999624e-01 -5.754999999999999699e-03
4.000000000000000000e+00 2.600000000000000000e+01 8.000000000000000000e+00 0.000000000000000000e+00 1.600000000000000089e+00 5.918999999999999782e-03 1.316699999999999988e-02 -9.998960000000000070e-01 4.082930000000000170e-01 9.127370000000000205e-01 1.443599999999999918e-02 9.128319999999999768e-01 -4.083359999999999768e-01 2.699999999999999899e-05
9.000000000000000000e+00 2.600000000000000000e+01 8.000000000000000000e+00 0.000000000000000000e+00 1.600000000000000089e+00 3.958999999999999846e-03 8.229999999999999469e-03 -9.999580000000000135e-01 4.068240000000000189e-01 9.134609999999999674e-01 9.128999999999999962e-03 9.134980000000000322e-01 -4.068430000000000102e-01 2.680000000000000090e-04
1.400000000000000000e+01 2.600000000000000000e+01 8.000000000000000000e+00 0.000000000000000000e+00 1.600000000000000089e+00 1.463000000000000108e-03 5.780999999999999681e-03 -9.999820000000000375e-01 4.047350000000000114e-01 9.144149999999999778e-01 5.878000000000000412e-03 9.144330000000000513e-01 -4.047359999999999847e-01 -1.002000000000000069e-03
1.800000000000000000e+01 2.600000000000000000e+01 8.000000000000000000e+00 0.000000000000000000e+00 1.600000000000000089e+00 1.369999999999999907e-03 3.480000000000000020e-04 -9.999989999999999712e-01 4.047000000000000042e-01 9.144489999999999563e-01 8.720000000000000537e-04 9.144489999999999563e-01 -4.047009999999999774e-01 1.111999999999999924e-03
2.000000000000000000e+00 2.400000000000000000e+01 9.000000000000000000e+00 0.000000000000000000e+00 1.600000000000000089e+00 5.558999999999999705e-03 1.362499999999999996e-02 -9.998920000000000030e-01 4.598329999999999917e-01 8.878850000000000353e-01 1.465499999999999962e-02 8.879879999999999995e-01 -4.598639999999999950e-01 -1.329000000000000103e-03
2.100000000000000000e+01 2.400000000000000000e+01 9.000000000000000000e+00 0.000000000000000000e+00 1.600000000000000089e+00 1.177000000000000095e-03 1.069999999999999988e-03 -9.999989999999999712e-01 4.580159999999999787e-01 8.889430000000000387e-01 1.490999999999999921e-03 8.889430000000000387e-01 -4.580179999999999807e-01 5.559999999999999621e-04
2.500000000000000000e+01 2.400000000000000000e+01 9.000000000000000000e+00 0.000000000000000000e+00 1.600000000000000089e+00 -1.672000000000000092e-03 -7.421999999999999778e-03 -9.999710000000000543e-01 4.581910000000000149e-01 8.888230000000000297e-01 -7.362999999999999753e-03 8.888519999999999754e-01 -4.581899999999999862e-01 1.915000000000000036e-03
5.000000000000000000e+00 1.040000000000000000e+02 1.100000000000000000e+01 0.000000000000000000e+00 1.600000000000000089e+00 -2.131000000000000082e-03 4.308000000000000197e-03 9.999879999999999880e-01 -9.736320000000000530e-01 -2.281209999999999904e-01 -1.092000000000000089e-03 2.281140000000000112e-01 -9.736230000000000162e-01 4.680000000000000132e-03
8.000000000000000000e+00 3.100000000000000000e+01 1.200000000000000000e+01 0.000000000000000000e+00 1.600000000000000089e+00 4.360000000000000269e-04 5.800000000000000034e-05 1.000000000000000000e+00 7.295000000000000269e-03 9.999730000000000008e-01 -6.099999999999999872e-05 -9.999730000000000008e-01 7.295000000000000269e-03 4.360000000000000269e-04
1.300000000000000000e+01 3.100000000000000000e+01 1.200000000000000000e+01 0.000000000000000000e+00 1.600000000000000089e+00 2.128000000000000117e-03 2.461000000000000080e-03 9.999949999999999672e-01 9.405000000000000165e-03 9.999529999999999808e-01 -2.481000000000000132e-03 -9.999540000000000095e-01 9.409999999999999962e-03 2.103999999999999967e-03
2.900000000000000000e+01 3.100000000000000000e+01 1.200000000000000000e+01 0.000000000000000000e+00 1.600000000000000089e+00 -1.050000000000000044e-04 -4.298999999999999870e-03 9.999909999999999632e-01 1.766399999999999915e-02 9.998350000000000293e-01 4.300000000000000003e-03 -9.998439999999999550e-01 1.766399999999999915e-02 -2.900000000000000017e-05
4.000000000000000000e+00 1.200000000000000000e+01 1.500000000000000000e+01 0.000000000000000000e+00 1.600000000000000089e+00 -6.372000000000000060e-03 -2.383999999999999835e-03 -9.999770000000000048e-01 -4.677549999999999764e-01 -8.838439999999999630e-01 5.087999999999999641e-03 -8.838350000000000373e-01 4.677769999999999984e-01 4.517000000000000182e-03
1.100000000000000000e+01 1.200000000000000000e+01 1.500000000000000000e+01 0.000000000000000000e+00 1.600000000000000089e+00 -1.680999999999999986e-03 -7.280000000000000013e-03 -9.999719999999999720e-01 -4.698249999999999926e-01 -8.827300000000000146e-01 7.216000000000000192e-03 -8.827580000000000426e-01 4.698240000000000194e-01 -1.936000000000000004e-03
2.000000000000000000e+01 1.200000000000000000e+01 1.500000000000000000e+01 0.000000000000000000e+00 1.600000000000000089e+00 -1.726000000000000104e-03 -1.879999999999999944e-03 -9.999970000000000248e-01 -4.674369999999999914e-01 -8.840230000000000032e-01 2.468999999999999841e-03 -8.840249999999999497e-01 4.674389999999999934e-01 6.470000000000000057e-04
2.400000000000000000e+01 1.200000000000000000e+01 1.500000000000000000e+01 0.000000000000000000e+00 1.600000000000000089e+00 1.307000000000000002e-03 3.552000000000000036e-03 -9.999930000000000208e-01 -4.657080000000000108e-01 -8.849310000000000231e-01 -3.752000000000000127e-03 -8.849380000000000024e-01 4.657089999999999841e-01 4.979999999999999618e-04
2.700000000000000000e+01 1.200000000000000000e+01 1.500000000000000000e+01 0.000000000000000000e+00 1.600000000000000089e+00 5.720000000000000258e-03 6.793999999999999692e-03 -9.999609999999999888e-01 -4.653169999999999806e-01 -8.851010000000000266e-01 -8.675000000000000419e-03 -8.851250000000000506e-01 4.653490000000000126e-01 -1.902000000000000045e-03
1.700000000000000000e+01 1.160000000000000000e+02 1.600000000000000000e+01 0.000000000000000000e+00 1.600000000000000089e+00 8.570000000000000144e-04 -1.100000000000000039e-04 1.000000000000000000e+00 6.807440000000000158e-01 7.325220000000000065e-01 -5.029999999999999749e-04 -7.325209999999999777e-01 6.807440000000000158e-01 7.029999999999999574e-04
2.800000000000000000e+01 1.160000000000000000e+02 1.600000000000000000e+01 0.000000000000000000e+00 1.600000000000000089e+00 1.423000000000000003e-03 4.420999999999999583e-03 9.999890000000000168e-01 7.092500000000000471e-01 7.049450000000000438e-01 -4.126000000000000327e-03 -7.049560000000000271e-01 7.092479999999999896e-01 -2.132000000000000214e-03
1.500000000000000000e+01 2.000000000000000000e+00 1.900000000000000000e+01 0.000000000000000000e+00 1.600000000000000089e+00 8.630000000000000518e-04 1.907999999999999974e-03 -9.999980000000000535e-01 1.839899999999999869e-01 -9.829269999999999952e-01 -1.716000000000000077e-03 -9.829280000000000239e-01 -1.839880000000000126e-01 -1.198999999999999979e-03
2.100000000000000000e+01 2.000000000000000000e+00 1.900000000000000000e+01 0.000000000000000000e+00 1.600000000000000089e+00 -1.330999999999999935e-03 -1.242000000000000048e-03 -9.999980000000000535e-01 1.800589999999999968e-01 -9.836549999999999461e-01 9.820000000000000170e-04 -9.836549999999999461e-01 -1.800579999999999958e-01 1.533000000000000074e-03
2.600000000000000000e+01 2.000000000000000000e+00 1.900000000000000000e+01 0.000000000000000000e+00 1.600000000000000089e+00 -5.180000000000000143e-04 3.710000000000000190e-04 -1.000000000000000000e+00 1.766040000000000110e-01 -9.842819999999999903e-01 -4.569999999999999952e-04 -9.842819999999999903e-01 -1.766040000000000110e-01 4.449999999999999746e-04
3.000000000000000000e+01 2.000000000000000000e+00 1.900000000000000000e+01 0.000000000000000000e+00 1.600000000000000089e+00 -3.612999999999999892e-03 4.492000000000000333e-03 -9.999829999999999552e-01 1.761890000000000123e-01 -9.843429999999999680e-01 -5.057999999999999996e-03 -9.843499999999999472e-01 -1.762039999999999995e-01 2.765000000000000097e-03
3.000000000000000000e+00 4.000000000000000000e+00 2.000000000000000000e+01 0.000000000000000000e+00 1.600000000000000089e+00 1.180999999999999975e-03 -1.058800000000000019e-02 -9.999430000000000263e-01 2.673289999999999833e-01 -9.635479999999999601e-01 1.051799999999999957e-02 -9.636050000000000448e-01 -2.673269999999999813e-01 1.693000000000000060e-03
1.000000000000000000e+01 4.000000000000000000e+00 2.000000000000000000e+01 0.000000000000000000e+00 1.600000000000000089e+00 2.050999999999999872e-03 3.105999999999999820e-03 -9.999930000000000208e-01 2.744079999999999853e-01 -9.616099999999999648e-01 -2.423999999999999939e-03 -9.616109999999999935e-01 -2.744010000000000060e-01 -2.824000000000000121e-03
2.200000000000000000e+01 4.000000000000000000e+00 2.000000000000000000e+01 0.000000000000000000e+00 1.600000000000000089e+00 9.179999999999999792e-04 -4.458000000000000157e-03 -9.999900000000000455e-01 2.728689999999999727e-01 -9.620400000000000063e-01 4.539999999999999765e-03 -9.620509999999999895e-01 -2.728700000000000014e-01 3.330000000000000169e-04
2.800000000000000000e+01 4.000000000000000000e+00 2.000000000000000000e+01 0.000000000000000000e+00 1.600000000000000089e+00 -4.324999999999999852e-03 3.647000000000000068e-03 -9.999839999999999840e-01 2.706899999999999862e-01 -9.626550000000000384e-01 -4.682000000000000398e-03 -9.626569999999999849e-01 -2.707060000000000022e-01 3.176000000000000004e-03
2.000000000000000000e+00 1.300000000000000000e+01 2.000000000000000000e+01 0.000000000000000000e+00 1.600000000000000089e+00 -1.214000000000000018e-03 9.353000000000000203e-03 9.999559999999999560e-01 2.589839999999999920e-01 9.658419999999999783e-01 -8.720000000000000320e-03 -9.658809999999999896e-01 2.589620000000000255e-01 -3.595000000000000105e-03
8.000000000000000000e+00 1.300000000000000000e+01 2.000000000000000000e+01 0.000000000000000000e+00 1.600000000000000089e+00 -1.800000000000000113e-04 3.357999999999999874e-03 9.999940000000000495e-01 2.597479999999999789e-01 9.656709999999999461e-01 -3.196000000000000056e-03 -9.656759999999999788e-01 2.597459999999999769e-01 -1.046000000000000055e-03
1.100000000000000000e+01 1.300000000000000000e+01 2.000000000000000000e+01 0.000000000000000000e+00 1.600000000000000089e+00 3.099999999999999999e-04 -4.226999999999999855e-03 9.999909999999999632e-01 2.598030000000000062e-01 9.656529999999999836e-01 4.002000000000000349e-03 -9.656620000000000203e-01 2.597990000000000022e-01 1.397000000000000021e-03
1.900000000000000000e+01 1.300000000000000000e+01 2.000000000000000000e+01 0.000000000000000000e+00 1.600000000000000089e+00 -2.020000000000000040e-04 7.023999999999999862e-03 9.999749999999999472e-01 2.599339999999999984e-01 9.656029999999999891e-01 -6.729999999999999871e-03 -9.656259999999999843e-01 2.599259999999999904e-01 -2.020999999999999793e-03
2.300000000000000000e+01 1.300000000000000000e+01 2.000000000000000000e+01 0.000000000000000000e+00 1.600000000000000089e+00 -7.269999999999999987e-04 2.563000000000000174e-03 9.999959999999999960e-01 2.579029999999999934e-01 9.661680000000000268e-01 -2.288999999999999802e-03 -9.661710000000000020e-01 2.579000000000000181e-01 -1.363000000000000062e-03
2.700000000000000000e+01 1.300000000000000000e+01 2.000000000000000000e+01 0.000000000000000000e+00 1.600000000000000089e+00 1.769999999999999926e-04 -5.616000000000000332e-03 9.999839999999999840e-01 2.573170000000000179e-01 9.663119999999999488e-01 5.381999999999999632e-03 -9.663270000000000470e-01 2.573119999999999852e-01 1.616999999999999948e-03
3.000000000000000000e+00 1.600000000000000000e+01 2.100000000000000000e+01 0.000000000000000000e+00 1.600000000000000089e+00 -2.779999999999999811e-04 1.150699999999999987e-02 9.999339999999999895e-01 2.980630000000000224e-01 9.544839999999999991e-01 -1.090099999999999923e-02 -9.545460000000000056e-01 2.980410000000000004e-01 -3.694999999999999934e-03
8.000000000000000000e+00 1.600000000000000000e+01 2.100000000000000000e+01 0.000000000000000000e+00 1.600000000000000089e+00 1.350000000000000017e-04 4.368999999999999620e-03 9.999900000000000455e-01 2.991530000000000022e-01 9.541960000000000441e-01 -4.209000000000000068e-03 -9.542049999999999699e-01 2.991510000000000002e-01 -1.178000000000000011e-03
1.700000000000000000e+01 1.600000000000000000e+01 2.100000000000000000e+01 0.000000000000000000e+00 1.600000000000000089e+00 -1.123999999999999999e-03 8.720000000000000537e-04 9.999989999999999712e-01 2.983839999999999826e-01 9.544460000000000166e-01 -4.970000000000000459e-04 -9.544449999999999878e-01 2.983839999999999826e-01 -1.332999999999999984e-03
2.100000000000000000e+01 1.600000000000000000e+01 2.100000000000000000e+01 0.000000000000000000e+00 1.600000000000000089e+00 -1.771000000000000005e-03 3.082000000000000104e-03 9.999940000000000495e-01 2.955740000000000034e-01 9.553169999999999717e-01 -2.420999999999999975e-03 -9.553180000000000005e-01 2.955679999999999974e-01 -2.602999999999999845e-03
3.000000000000000000e+01 1.600000000000000000e+01 2.100000000000000000e+01 0.000000000000000000e+00 1.600000000000000089e+00 1.544999999999999932e-03 -3.226999999999999834e-03 9.999940000000000495e-01 2.946550000000000002e-01 9.556000000000000050e-01 2.628999999999999827e-03 -9.556019999999999515e-01 2.946489999999999942e-01 2.428000000000000037e-03
6.000000000000000000e+00 4.600000000000000000e+01 2.700000000000000000e+01 0.000000000000000000e+00 1.600000000000000089e+00 3.850000000000000124e-03 1.760999999999999979e-03 -9.999909999999999632e-01 6.765060000000000517e-01 7.364270000000000538e-01 3.900999999999999954e-03 7.364270000000000538e-01 -6.765149999999999775e-01 1.644000000000000062e-03
1.900000000000000000e+01 4.600000000000000000e+01 2.700000000000000000e+01 0.000000000000000000e+00 1.600000000000000089e+00 -1.396000000000000105e-03 -8.379999999999999862e-04 -9.999989999999999712e-01 6.829119999999999635e-01 7.304990000000000094e-01 -1.564999999999999985e-03 7.305000000000000382e-01 -6.829129999999999923e-01 -4.479999999999999933e-04
4.000000000000000000e+00 5.800000000000000000e+01 3.100000000000000000e+01 0.000000000000000000e+00 1.600000000000000089e+00 -3.260000000000000094e-04 4.589999999999999896e-04 1.000000000000000000e+00 -7.975480000000000347e-01 -6.032560000000000144e-01 1.699999999999999987e-05 6.032560000000000144e-01 -7.975480000000000347e-01 5.630000000000000239e-04
1.200000000000000000e+01 5.800000000000000000e+01 3.100000000000000000e+01 0.000000000000000000e+00 1.600000000000000089e+00 1.840000000000000001e-04 3.948000000000000120e-03 9.999919999999999920e-01 -8.018899999999999917e-01 -5.974669999999999703e-01 2.507000000000000114e-03 5.974720000000000031e-01 -8.018840000000000412e-01 3.056000000000000123e-03
1.500000000000000000e+01 5.800000000000000000e+01 3.100000000000000000e+01 0.000000000000000000e+00 1.600000000000000089e+00 2.895000000000000004e-03 3.954000000000000049e-03 9.999879999999999880e-01 -8.023689999999999989e-01 -5.968099999999999516e-01 4.682999999999999663e-03 5.968210000000000459e-01 -8.023730000000000029e-01 1.445000000000000104e-03
2.200000000000000000e+01 5.800000000000000000e+01 3.100000000000000000e+01 0.000000000000000000e+00 1.600000000000000089e+00 -2.979999999999999793e-04 2.625000000000000163e-03 9.999970000000000248e-01 -8.013660000000000228e-01 -5.981729999999999547e-01 1.330999999999999935e-03 5.981750000000000123e-01 -8.013630000000000475e-01 2.282000000000000174e-03
3.000000000000000000e+00 6.000000000000000000e+00 3.200000000000000000e+01 0.000000000000000000e+00 1.600000000000000089e+00 4.429999999999999802e-04 -4.146999999999999645e-03 -9.999909999999999632e-01 1.678379999999999872e-01 9.858059999999999601e-01 -4.014000000000000207e-03 9.858139999999999681e-01 -1.678350000000000120e-01 1.132999999999999893e-03
4.000000000000000000e+00 4.600000000000000000e+01 3.500000000000000000e+01 0.000000000000000000e+00 1.600000000000000089e+00 -1.178999999999999927e-03 -2.237999999999999972e-03 -9.999970000000000248e-01 3.872490000000000099e-01 -9.219739999999999602e-01 1.606999999999999922e-03 -9.219739999999999602e-01 -3.872459999999999791e-01 1.953000000000000092e-03
9.000000000000000000e+00 4.600000000000000000e+01 3.500000000000000000e+01 0.000000000000000000e+00 1.600000000000000089e+00 6.160000000000000111e-04 -6.390000000000000280e-04 -1.000000000000000000e+00 3.863739999999999952e-01 -9.223419999999999952e-01 8.279999999999999600e-04 -9.223419999999999952e-01 -3.863739999999999952e-01 -3.209999999999999963e-04
1.200000000000000000e+01 4.600000000000000000e+01 3.500000000000000000e+01 0.000000000000000000e+00 1.600000000000000089e+00 5.299999999999999807e-04 3.350000000000000113e-03 -9.999940000000000495e-01 3.862639999999999962e-01 -9.223839999999999817e-01 -2.884999999999999978e-03 -9.223879999999999857e-01 -3.862599999999999922e-01 -1.781999999999999947e-03
1.600000000000000000e+01 4.600000000000000000e+01 3.500000000000000000e+01 0.000000000000000000e+00 1.600000000000000089e+00 1.433000000000000029e-03 3.680999999999999810e-03 -9.999919999999999920e-01 3.862889999999999935e-01 -9.223740000000000272e-01 -2.841999999999999908e-03 -9.223770000000000024e-01 -3.862820000000000142e-01 -2.743999999999999911e-03
2.500000000000000000e+01 4.600000000000000000e+01 3.500000000000000000e+01 0.000000000000000000e+00 1.600000000000000089e+00 -9.779999999999999197e-04 1.252999999999999991e-03 -9.999989999999999712e-01 3.843099999999999850e-01 -9.232029999999999959e-01 -1.533000000000000074e-03 -9.232040000000000246e-01 -3.843110000000000137e-01 4.209999999999999875e-04
6.000000000000000000e+00 9.500000000000000000e+01 3.600000000000000000e+01 0.000000000000000000e+00 1.600000000000000089e+00 2.639999999999999986e-03 -4.021000000000000268e-03 9.999879999999999880e-01 9.965640000000000054e-01 8.279000000000000248e-02 -2.298000000000000129e-03 -8.277900000000000535e-02 9.965589999999999726e-01 4.225999999999999722e-03
2.200000000000000000e+01 9.500000000000000000e+01 3.600000000000000000e+01 0.000000000000000000e+00 1.600000000000000089e+00 -8.529999999999999388e-03 -2.270399999999999849e-02 9.997059999999999835e-01 9.971579999999999888e-01 7.465099999999999514e-02 1.020399999999999953e-02 -7.486099999999999699e-02 9.969510000000000316e-01 2.200200000000000072e-02
2.900000000000000000e+01 9.500000000000000000e+01 3.600000000000000000e+01 0.000000000000000000e+00 1.600000000000000089e+00 3.750000000000000078e-04 2.070500000000000118e-02 9.997859999999999525e-01 9.971569999999999601e-01 7.533399999999999819e-02 -1.933999999999999955e-03 -7.535799999999999443e-02 9.969430000000000236e-01 -2.061800000000000091e-02
4.000000000000000000e+00 2.900000000000000000e+01 4.400000000000000000e+01 0.000000000000000000e+00 1.600000000000000089e+00 -2.000000000000000096e-04 -4.815999999999999968e-03 -9.999879999999999880e-01 6.872599999999999820e-01 7.264019999999999921e-01 -3.635000000000000210e-03 7.264110000000000289e-01 -6.872530000000000028e-01 3.164000000000000146e-03
1.000000000000000000e+01 2.900000000000000000e+01 4.400000000000000000e+01 0.000000000000000000e+00 1.600000000000000089e+00 1.876999999999999979e-03 -7.370999999999999948e-03 -9.999710000000000543e-01 6.824829999999999508e-01 7.308900000000000396e-01 -4.107000000000000407e-03 7.308989999999999654e-01 -6.824559999999999516e-01 6.401999999999999705e-03
2.200000000000000000e+01 2.900000000000000000e+01 4.400000000000000000e+01 0.000000000000000000e+00 1.600000000000000089e+00 -3.158000000000000217e-03 -1.270999999999999994e-03 -9.999940000000000495e-01 6.698039999999999550e-01 7.425310000000000521e-01 -3.059000000000000087e-03 7.425310000000000521e-01 -6.698100000000000165e-01 -1.492999999999999969e-03
2.800000000000000000e+01 2.900000000000000000e+01 4.400000000000000000e+01 0.000000000000000000e+00 1.600000000000000089e+00 -3.595999999999999804e-03 4.319999999999999838e-04 -9.999930000000000208e-01 6.655130000000000212e-01 7.463830000000000187e-01 -2.070999999999999924e-03 7.463769999999999571e-01 -6.655159999999999965e-01 -2.971000000000000116e-03
1.700000000000000000e+01 5.400000000000000000e+01 4.600000000000000000e+01 0.000000000000000000e+00 1.600000000000000089e+00 -3.730000000000000134e-04 8.422000000000000666e-03 9.999639999999999640e-01 3.425969999999999849e-01 -9.394479999999999498e-01 8.040000000000000271e-03 9.394820000000000393e-01 3.425880000000000036e-01 -2.534999999999999927e-03
6.000000000000000000e+00 6.500000000000000000e+01 4.600000000000000000e+01 0.000000000000000000e+00 1.600000000000000089e+00 1.999999999999999909e-06 6.139999999999999625e-04 1.000000000000000000e+00 6.814799999999999747e-01 -7.318369999999999598e-01 4.479999999999999933e-04 7.318369999999999598e-01 6.814799999999999747e-01 -4.200000000000000174e-04
1.900000000000000000e+01 6.500000000000000000e+01 4.600000000000000000e+01 0.000000000000000000e+00 1.600000000000000089e+00 -2.554999999999999979e-03 1.907000000000000058e-03 9.999949999999999672e-01 6.816419999999999702e-01 -7.316789999999999683e-01 3.137000000000000031e-03 7.316820000000000546e-01 6.816459999999999742e-01 5.699999999999999772e-04
6.000000000000000000e+00 5.000000000000000000e+00 5.100000000000000000e+01 0.000000000000000000e+00 1.600000000000000089e+00 -2.608000000000000075e-03 2.959999999999999958e-03 -9.999919999999999920e-01 4.868239999999999790e-01 -8.734920000000000462e-01 -3.854999999999999920e-03 -8.734960000000000502e-01 -4.868299999999999850e-01 8.369999999999999619e-04
2.000000000000000000e+01 7.000000000000000000e+00 5.200000000000000000e+01 0.000000000000000000e+00 1.600000000000000089e+00 -1.884999999999999957e-03 -2.405000000000000020e-03 -9.999949999999999672e-01 8.436799999999999855e-02 -9.964319999999999844e-01 2.236999999999999839e-03 -9.964330000000000132e-01 -8.436399999999999455e-02 2.080999999999999951e-03
1.900000000000000000e+01 1.500000000000000000e+01 5.300000000000000000e+01 0.000000000000000000e+00 1.600000000000000089e+00 3.209999999999999963e-04 1.007000000000000083e-03 -9.999989999999999712e-01 6.792599999999999749e-01 7.338980000000000503e-01 9.569999999999999514e-04 7.338980000000000503e-01 -6.792589999999999462e-01 -4.490000000000000176e-04
4.000000000000000000e+00 6.300000000000000000e+01 5.400000000000000000e+01 0.000000000000000000e+00 1.600000000000000089e+00 -8.000000000000000654e-05 -2.599999999999999840e-05 1.000000000000000000e+00 -3.510559999999999792e-01 9.363540000000000196e-01 -3.000000000000000076e-06 -9.363540000000000196e-01 -3.510559999999999792e-01 -8.399999999999999535e-05
8.000000000000000000e+00 6.300000000000000000e+01 5.400000000000000000e+01 0.000000000000000000e+00 1.600000000000000089e+00 -4.970000000000000459e-04 7.649999999999999465e-04 1.000000000000000000e+00 -3.494030000000000191e-01 9.369720000000000271e-01 -8.909999999999999734e-04 -9.369729999999999448e-01 -3.494030000000000191e-01 -1.990000000000000124e-04
1.400000000000000000e+01 6.300000000000000000e+01 5.400000000000000000e+01 0.000000000000000000e+00 1.600000000000000089e+00 -6.329999999999999906e-04 -1.652999999999999955e-03 9.999980000000000535e-01 -3.521690000000000098e-01 9.359359999999999902e-01 1.325000000000000006e-03 -9.359359999999999902e-01 -3.521670000000000078e-01 -1.175000000000000046e-03
1.800000000000000000e+01 6.300000000000000000e+01 5.400000000000000000e+01 0.000000000000000000e+00 1.600000000000000089e+00 8.819999999999999715e-04 -1.309000000000000051e-03 9.999989999999999712e-01 -3.496270000000000211e-01 9.368880000000000541e-01 1.534999999999999906e-03 -9.368880000000000541e-01 -3.496279999999999943e-01 3.690000000000000246e-04
2.300000000000000000e+01 6.300000000000000000e+01 5.400000000000000000e+01 0.000000000000000000e+00 1.600000000000000089e+00 3.199999999999999855e-05 -7.739999999999999485e-04 1.000000000000000000e+00 -3.511139999999999817e-01 9.363329999999999709e-01 7.360000000000000006e-04 -9.363329999999999709e-01 -3.511139999999999817e-01 -2.420000000000000005e-04
2.700000000000000000e+01 6.300000000000000000e+01 5.400000000000000000e+01 0.000000000000000000e+00 1.600000000000000089e+00 3.959999999999999762e-04 -3.260000000000000094e-04 1.000000000000000000e+00 -3.518149999999999888e-01 9.360690000000000399e-01 4.449999999999999746e-04 -9.360690000000000399e-01 -3.518149999999999888e-01 2.559999999999999884e-04
2.900000000000000000e+01 6.300000000000000000e+01 5.400000000000000000e+01 0.000000000000000000e+00 1.600000000000000089e+00 1.168999999999999900e-03 -4.429999999999999802e-04 9.999989999999999712e-01 -3.513089999999999824e-01 9.362589999999999524e-01 8.249999999999999955e-04 -9.362589999999999524e-01 -3.513089999999999824e-01 9.389999999999999476e-04
1.300000000000000000e+01 2.500000000000000000e+01 5.500000000000000000e+01 0.000000000000000000e+00 1.600000000000000089e+00 -2.059999999999999928e-04 -1.132999999999999893e-03 -9.999989999999999712e-01 -1.045100000000000022e-02 -9.999449999999999728e-01 1.134999999999999941e-03 -9.999449999999999728e-01 1.045100000000000022e-02 1.939999999999999993e-04
2.000000000000000000e+01 2.500000000000000000e+01 5.500000000000000000e+01 0.000000000000000000e+00 1.600000000000000089e+00 -1.910000000000000077e-04 -1.098999999999999934e-03 -9.999989999999999712e-01 -1.248999999999999937e-02 -9.999209999999999487e-01 1.100999999999999982e-03 -9.999219999999999775e-01 1.249100000000000037e-02 1.769999999999999926e-04
2.500000000000000000e+01 2.500000000000000000e+01 5.500000000000000000e+01 0.000000000000000000e+00 1.600000000000000089e+00 -1.039999999999999909e-03 -1.988000000000000184e-03 -9.999970000000000248e-01 -1.096899999999999958e-02 -9.999379999999999935e-01 1.998999999999999909e-03 -9.999390000000000223e-01 1.097099999999999985e-02 1.018000000000000025e-03
2.900000000000000000e+01 2.500000000000000000e+01 5.500000000000000000e+01 0.000000000000000000e+00 1.600000000000000089e+00 -4.290000000000000193e-04 -3.159999999999999832e-04 -1.000000000000000000e+00 -1.106200000000000065e-02 -9.999390000000000223e-01 3.200000000000000262e-04 -9.999390000000000223e-01 1.106200000000000065e-02 4.249999999999999763e-04
4.000000000000000000e+00 6.800000000000000000e+01 5.700000000000000000e+01 0.000000000000000000e+00 1.600000000000000089e+00 -3.669999999999999760e-04 -1.103999999999999947e-03 -9.999989999999999712e-01 -2.446520000000000084e-01 -9.696099999999999719e-01 1.160000000000000007e-03 -9.696110000000000007e-01 2.446530000000000094e-01 8.500000000000000611e-05
3.000000000000000000e+00 2.100000000000000000e+01 6.000000000000000000e+01 0.000000000000000000e+00 1.600000000000000089e+00 -4.600000000000000139e-04 1.221599999999999943e-02 9.999249999999999527e-01 -9.477399999999999713e-02 9.954239999999999755e-01 -1.220500000000000057e-02 -9.954990000000000228e-01 -9.477199999999999513e-02 6.999999999999999929e-04
1.200000000000000000e+01 2.100000000000000000e+01 6.000000000000000000e+01 0.000000000000000000e+00 1.600000000000000089e+00 2.076999999999999853e-03 -9.188999999999999252e-03 9.999559999999999560e-01 -9.307100000000000095e-02 9.956159999999999455e-01 9.343000000000000610e-03 -9.956570000000000142e-01 -9.308600000000000207e-02 1.213000000000000102e-03
4.000000000000000000e+00 3.000000000000000000e+00 6.300000000000000000e+01 0.000000000000000000e+00 1.600000000000000089e+00 -1.128000000000000096e-03 -3.435999999999999818e-03 9.999930000000000208e-01 -6.128299999999999859e-01 7.902120000000000255e-01 2.024000000000000191e-03 -7.902139999999999720e-01 -6.128240000000000354e-01 -2.997000000000000098e-03
4.000000000000000000e+00 2.700000000000000000e+01 6.300000000000000000e+01 0.000000000000000000e+00 1.600000000000000089e+00 -5.389999999999999826e-04 -1.735999999999999913e-03 9.999980000000000535e-01 -2.746370000000000200e-01 9.615470000000000406e-01 1.521000000000000000e-03 -9.615479999999999583e-01 -2.746359999999999912e-01 -9.950000000000000077e-04
7.000000000000000000e+00 2.700000000000000000e+01 6.300000000000000000e+01 0.000000000000000000e+00 1.600000000000000089e+00 -2.919999999999999961e-04 -1.886000000000000090e-03 9.999980000000000535e-01 -2.760659999999999781e-01 9.611370000000000191e-01 1.732000000000000033e-03 -9.611389999999999656e-01 -2.760650000000000048e-01 -8.009999999999999542e-04
1.300000000000000000e+01 2.700000000000000000e+01 6.300000000000000000e+01 0.000000000000000000e+00 1.600000000000000089e+00 3.736000000000000171e-03 8.399999999999999535e-05 9.999930000000000208e-01 -2.793350000000000000e-01 9.601929999999999632e-01 9.629999999999999888e-04 -9.601859999999999840e-01 -2.793370000000000020e-01 3.611000000000000060e-03
1.700000000000000000e+01 2.700000000000000000e+01 6.300000000000000000e+01 0.000000000000000000e+00 1.600000000000000089e+00 2.661999999999999870e-03 8.219000000000000611e-03 9.999630000000000463e-01 -2.738929999999999976e-01 9.617329999999999490e-01 -7.174999999999999954e-03 -9.617560000000000553e-01 -2.738639999999999963e-01 4.811000000000000172e-03
2.500000000000000000e+01 2.700000000000000000e+01 6.300000000000000000e+01 0.000000000000000000e+00 1.600000000000000089e+00 -1.650999999999999907e-03 -6.014000000000000248e-03 9.999810000000000088e-01 -2.774490000000000012e-01 9.607259999999999689e-01 5.320000000000000076e-03 -9.607390000000000096e-01 -2.774349999999999872e-01 -3.253999999999999948e-03
2.900000000000000000e+01 2.700000000000000000e+01 6.300000000000000000e+01 0.000000000000000000e+00 1.600000000000000089e+00 2.590000000000000071e-04 -1.345000000000000015e-02 9.999090000000000478e-01 -2.786520000000000108e-01 9.603040000000000465e-01 1.298900000000000055e-02 -9.603920000000000234e-01 -2.786299999999999888e-01 -3.500000000000000073e-03
3.000000000000000000e+00 2.600000000000000000e+01 6.400000000000000000e+01 0.000000000000000000e+00 1.600000000000000089e+00 -7.420000000000000380e-04 -2.298999999999999828e-03 9.999970000000000248e-01 -3.556989999999999874e-01 9.345989999999999576e-01 1.884000000000000041e-03 -9.345999999999999863e-01 -3.556969999999999854e-01 -1.512000000000000106e-03
8.000000000000000000e+00 2.600000000000000000e+01 6.400000000000000000e+01 0.000000000000000000e+00 1.600000000000000089e+00 7.770000000000000214e-04 -4.690999999999999857e-03 9.999890000000000168e-01 -3.589689999999999825e-01 9.333380000000000010e-01 4.656999999999999681e-03 -9.333489999999999842e-01 -3.589680000000000093e-01 -9.590000000000000000e-04
1.300000000000000000e+01 2.600000000000000000e+01 6.400000000000000000e+01 0.000000000000000000e+00 1.600000000000000089e+00 4.015999999999999605e-03 -2.000000000000000096e-04 9.999919999999999920e-01 -3.613569999999999838e-01 9.324259999999999771e-01 1.637000000000000000e-03 -9.324189999999999978e-01 -3.613600000000000145e-01 3.671999999999999917e-03
2.000000000000000000e+01 2.600000000000000000e+01 6.400000000000000000e+01 0.000000000000000000e+00 1.600000000000000089e+00 -3.106999999999999953e-03 7.509000000000000050e-03 9.999670000000000503e-01 -3.505610000000000115e-01 9.365050000000000319e-01 -8.120999999999999747e-03 -9.365350000000000064e-01 -3.505739999999999967e-01 -2.779999999999999811e-04
2.500000000000000000e+01 2.600000000000000000e+01 6.400000000000000000e+01 0.000000000000000000e+00 1.600000000000000089e+00 -8.459999999999999638e-04 -5.977999999999999807e-03 9.999820000000000375e-01 -3.588290000000000091e-01 9.333890000000000242e-01 5.276000000000000308e-03 -9.334029999999999827e-01 -3.588180000000000258e-01 -2.935000000000000109e-03
2.900000000000000000e+01 2.600000000000000000e+01 6.400000000000000000e+01 0.000000000000000000e+00 1.600000000000000089e+00 1.639999999999999965e-03 -1.238099999999999964e-02 9.999219999999999775e-01 -3.587369999999999726e-01 9.333599999999999675e-01 1.214600000000000055e-02 -9.334369999999999612e-01 -3.587290000000000201e-01 -2.910999999999999959e-03
5.000000000000000000e+00 2.500000000000000000e+01 7.300000000000000000e+01 0.000000000000000000e+00 1.600000000000000089e+00 8.880000000000000089e-04 2.210000000000000159e-03 9.999970000000000248e-01 7.496279999999999610e-01 -6.618589999999999751e-01 7.969999999999999654e-04 6.618589999999999751e-01 7.496249999999999858e-01 -2.245000000000000034e-03
8.000000000000000000e+00 2.500000000000000000e+01 7.300000000000000000e+01 0.000000000000000000e+00 1.600000000000000089e+00 8.760000000000000425e-04 2.062000000000000031e-03 9.999970000000000248e-01 7.508049999999999446e-01 -6.605229999999999713e-01 7.039999999999999817e-04 6.605229999999999713e-01 7.508029999999999982e-01 -2.126999999999999984e-03
1.400000000000000000e+01 2.500000000000000000e+01 7.300000000000000000e+01 0.000000000000000000e+00 1.600000000000000089e+00 6.340000000000000149e-04 -7.759999999999999971e-04 9.999989999999999712e-01 7.496770000000000378e-01 -6.618030000000000301e-01 -9.890000000000000787e-04 6.618039999999999479e-01 7.496770000000000378e-01 1.620000000000000075e-04
1.800000000000000000e+01 2.500000000000000000e+01 7.300000000000000000e+01 0.000000000000000000e+00 1.600000000000000089e+00 4.260000000000000006e-04 -1.203999999999999992e-03 9.999989999999999712e-01 7.482499999999999707e-01 -6.634160000000000057e-01 -1.118000000000000070e-03 6.634170000000000345e-01 7.482499999999999707e-01 6.179999999999999513e-04
2.700000000000000000e+01 2.500000000000000000e+01 7.300000000000000000e+01 0.000000000000000000e+00 1.600000000000000089e+00 1.252000000000000075e-03 2.605999999999999810e-03 9.999959999999999960e-01 7.570409999999999640e-01 -6.533660000000000023e-01 7.550000000000000287e-04 6.533660000000000023e-01 7.570369999999999600e-01 -2.791000000000000078e-03
2.000000000000000000e+00 4.400000000000000000e+01 7.300000000000000000e+01 0.000000000000000000e+00 1.600000000000000089e+00 1.984000000000000086e-03 1.528999999999999977e-03 9.999970000000000248e-01 4.689800000000000219e-02 -9.988989999999999814e-01 1.433999999999999945e-03 9.988979999999999526e-01 4.689499999999999919e-02 -2.053000000000000137e-03
1.300000000000000000e+01 4.400000000000000000e+01 7.300000000000000000e+01 0.000000000000000000e+00 1.600000000000000089e+00 -3.200000000000000262e-04 -1.876999999999999979e-03 9.999980000000000535e-01 5.095899999999999735e-02 -9.986990000000000034e-01 -1.858999999999999975e-03 9.987009999999999499e-01 5.095800000000000329e-02 4.150000000000000043e-04
1.900000000000000000e+01 4.400000000000000000e+01 7.300000000000000000e+01 0.000000000000000000e+00 1.600000000000000089e+00 4.130000000000000099e-04 -2.095000000000000074e-03 9.999980000000000535e-01 4.785600000000000270e-02 -9.988519999999999621e-01 -2.112000000000000162e-03 9.988540000000000196e-01 4.785699999999999676e-02 -3.119999999999999944e-04
2.900000000000000000e+01 4.400000000000000000e+01 7.300000000000000000e+01 0.000000000000000000e+00 1.600000000000000089e+00 1.418999999999999906e-03 4.879999999999999898e-04 9.999989999999999712e-01 4.839199999999999752e-02 -9.988280000000000491e-01 4.189999999999999931e-04 9.988270000000000204e-01 4.839199999999999752e-02 -1.441000000000000007e-03
1.500000000000000000e+01 5.100000000000000000e+01 7.600000000000000000e+01 0.000000000000000000e+00 1.600000000000000089e+00 -6.499999999999999431e-05 -4.800000000000000122e-04 -1.000000000000000000e+00 -4.157219999999999804e-01 -9.094919999999999671e-01 4.640000000000000027e-04 -9.094919999999999671e-01 4.157219999999999804e-01 -1.410000000000000120e-04
2.000000000000000000e+01 5.100000000000000000e+01 7.600000000000000000e+01 0.000000000000000000e+00 1.600000000000000089e+00 -6.890000000000000508e-04 4.605999999999999851e-03 -9.999890000000000168e-01 -4.139820000000000166e-01 -9.102770000000000028e-01 -3.908000000000000015e-03 -9.102850000000000108e-01 4.139749999999999819e-01 2.533999999999999794e-03
