3.000000000000000000e+00 2.500000000000000000e+01 1.000000000000000000e+00 0.000000000000000000e+00 1.600000000000000089e+00 1.407000000000000048e-03 3.589999999999999875e-03 -9.999930000000000208e-01 -5.250580000000000247e-01 -8.510579999999999812e-01 -3.795000000000000196e-03 -8.510649999999999604e-01 5.250590000000000535e-01 6.870000000000000022e-04
4.000000000000000000e+00 1.500000000000000000e+01 4.000000000000000000e+00 0.000000000000000000e+00 1.600000000000000089e+00 -8.822999999999999246e-03 -3.203999999999999817e-03 9.999559999999999560e-01 3.010840000000000183e-01 -9.535970000000000280e-01 -3.989999999999999949e-04 9.535569999999999879e-01 3.010680000000000023e-01 9.377999999999999184e-03
8.000000000000000000e+00 1.500000000000000000e+01 4.000000000000000000e+00 0.000000000000000000e+00 1.600000000000000089e+00 -5.105000000000000163e-03 -2.697999999999999877e-03 9.999829999999999552e-01 2.966280000000000028e-01 -9.549929999999999808e-01 -1.062000000000000010e-03 9.549800000000000511e-01 2.966170000000000195e-01 5.675000000000000357e-03
1.900000000000000000e+01 1.500000000000000000e+01 4.000000000000000000e+00 0.000000000000000000e+00 1.600000000000000089e+00 2.664000000000000135e-03 1.310500000000000033e-02 9.999109999999999943e-01 2.946730000000000183e-01 -9.555259999999999865e-01 1.173800000000000017e-02 9.555940000000000545e-01 2.946150000000000158e-01 -6.407000000000000368e-03
2.700000000000000000e+01 1.500000000000000000e+01 4.000000000000000000e+00 0.000000000000000000e+00 1.600000000000000089e+00 6.589999999999999721e-04 1.155999999999999910e-03 9.999989999999999712e-01 3.039910000000000112e-01 -9.526750000000000496e-01 9.009999999999999997e-04 9.526750000000000496e-01 3.039899999999999824e-01 -9.790000000000000525e-04
1.500000000000000000e+01 1.600000000000000000e+01 4.000000000000000000e+00 0.000000000000000000e+00 1.600000000000000089e+00 -2.320000000000000014e-04 1.004299999999999984e-02 9.999500000000000055e-01 3.698259999999999881e-01 -9.290530000000000177e-01 9.417000000000000023e-03 9.291009999999999547e-01 3.698089999999999988e-01 -3.498999999999999940e-03
7.000000000000000000e+00 1.010000000000000000e+02 7.000000000000000000e+00 0.000000000000000000e+00 1.600000000000000089e+00 -3.449999999999999833e-04 1.532200000000000055e-02 9.998829999999999663e-01 8.844610000000000527e-01 4.665630000000000055e-01 -6.844000000000000257e-03 -4.666130000000000000e-01 8.843550000000000022e-01 -1.371299999999999950e-02
1.300000000000000000e+01 1.010000000000000000e+02 7.000000000000000000e+00 0.000000000000000000e+00 1.600000000000000089e+00 -8.980000000000000352e-04 1.094400000000000060e-02 9.999400000000000510e-01 8.837789999999999813e-01 4.678849999999999953e-01 -4.327000000000000117e-03 -4.679039999999999866e-01 8.837220000000000075e-01 -1.009200000000000028e-02
1.800000000000000000e+01 1.010000000000000000e+02 7.000000000000000000e+00 0.000000000000000000e+00 1.600000000000000089e+00 2.716000000000000098e-03 -1.882999999999999908e-03 9.999949999999999672e-01 8.830829999999999513e-01 4.692149999999999932e-01 -1.515000000000000071e-03 -4.692089999999999872e-01 8.830820000000000336e-01 2.938000000000000073e-03
2.800000000000000000e+01 1.010000000000000000e+02 7.000000000000000000e+00 0.000000000000000000e+00 1.600000000000000089e+00 -1.281000000000000021e-03 -1.408700000000000056e-02 9.999000000000000110e-01 8.869679999999999787e-01 4.617680000000000118e-01 7.642000000000000355e-03 -4.618300000000000183e-01 8.868890000000000384e-01 1.190399999999999965e-02
2.200000000000000000e+01 1.500000000000000000e+01 8.000000000000000000e+00 0.000000000000000000e+00 1.600000000000000089e+00 8.300000000000000086e-04 1.100399999999999989e-02 -9.999390000000000223e-01 -5.920020000000000282e-01 -8.058819999999999872e-01 -9.360000000000000264e-03 -8.059359999999999857e-01 5.919729999999999714e-01 5.845000000000000369e-03
1.000000000000000000e+00 2.500000000000000000e+01 8.000000000000000000e+00 0.000000000000000000e+00 1.600000000000000089e+00 -1.663999999999999898e-03 -8.515999999999999265e-03 -9.999620000000000175e-01 4.496990000000000154e-01 8.931409999999999627e-01 -8.354000000000000314e-03 8.931789999999999452e-01 -4.496959999999999846e-01 2.343000000000000031e-03
4.000000000000000000e+00 2.400000000000000000e+01 9.000000000000000000e+00 0.000000000000000000e+00 1.600000000000000089e+00 -2.576000000000000165e-03 -5.603999999999999607e-03 -9.999810000000000088e-01 4.523599999999999843e-01 8.918139999999999956e-01 -6.163000000000000075e-03 8.918319999999999581e-01 -4.523670000000000191e-01 2.380000000000000117e-04
1.000000000000000000e+01 2.400000000000000000e+01 9.000000000000000000e+00 0.000000000000000000e+00 1.600000000000000089e+00 -1.268000000000000030e-03 -1.098999999999999934e-03 -9.999989999999999712e-01 4.533110000000000195e-01 8.913510000000000044e-01 -1.554000000000000043e-03 8.913510000000000044e-01 -4.533130000000000215e-01 -6.319999999999999663e-04
1.900000000000000000e+01 2.400000000000000000e+01 9.000000000000000000e+00 0.000000000000000000e+00 1.600000000000000089e+00 -8.800000000000000313e-04 -5.569000000000000165e-03 -9.999839999999999840e-01 4.538329999999999864e-01 8.910709999999999464e-01 -5.361999999999999579e-03 8.910860000000000447e-01 -4.538300000000000112e-01 1.742999999999999975e-03
2.500000000000000000e+01 2.400000000000000000e+01 9.000000000000000000e+00 0.000000000000000000e+00 1.600000000000000089e+00 -1.698000000000000074e-03 -8.344999999999999987e-03 -9.999639999999999640e-01 4.544880000000000031e-01 8.907150000000000345e-01 -8.205000000000000487e-03 8.907509999999999595e-01 -4.544849999999999723e-01 2.279999999999999909e-03
2.900000000000000000e+01 2.400000000000000000e+01 9.000000000000000000e+00 0.000000000000000000e+00 1.600000000000000089e+00 -2.021999999999999926e-03 -6.696999999999999828e-03 -9.999759999999999760e-01 4.555130000000000012e-01 8.902029999999999665e-01 -6.883000000000000229e-03 8.902269999999999905e-01 -4.555150000000000032e-01 1.250000000000000026e-03
1.100000000000000000e+01 3.100000000000000000e+01 1.200000000000000000e+01 0.000000000000000000e+00 1.600000000000000089e+00 1.366999999999999943e-03 -2.069999999999999792e-03 9.999970000000000248e-01 4.590000000000000330e-03 9.999869999999999592e-01 2.063000000000000164e-03 -9.999890000000000168e-01 4.586999999999999932e-03 1.376000000000000053e-03
2.500000000000000000e+01 3.100000000000000000e+01 1.200000000000000000e+01 0.000000000000000000e+00 1.600000000000000089e+00 4.350000000000000026e-04 -4.085000000000000089e-03 9.999919999999999920e-01 7.494999999999999926e-03 9.999639999999999640e-01 4.081999999999999691e-03 -9.999719999999999720e-01 7.492999999999999661e-03 4.650000000000000270e-04
2.000000000000000000e+01 3.200000000000000000e+01 1.400000000000000000e+01 0.000000000000000000e+00 1.600000000000000089e+00 7.309999999999999875e-04 2.910000000000000260e-04 -1.000000000000000000e+00 1.009700000000000042e-01 9.948890000000000233e-01 3.629999999999999872e-04 9.948890000000000233e-01 -1.009700000000000042e-01 6.980000000000000527e-04
5.000000000000000000e+00 1.200000000000000000e+01 1.500000000000000000e+01 0.000000000000000000e+00 1.600000000000000089e+00 2.749000000000000141e-03 4.485000000000000271e-03 -9.999860000000000415e-01 -4.691119999999999735e-01 -8.831229999999999913e-01 -5.250999999999999591e-03 -8.831339999999999746e-01 4.691199999999999815e-01 -3.240000000000000150e-04
1.200000000000000000e+01 1.200000000000000000e+01 1.500000000000000000e+01 0.000000000000000000e+00 1.600000000000000089e+00 4.622000000000000240e-03 4.290999999999999676e-03 -9.999799999999999800e-01 -4.695139999999999869e-01 -8.829050000000000509e-01 -5.957999999999999755e-03 -8.829129999999999479e-01 4.695320000000000049e-01 -2.066000000000000128e-03
1.700000000000000000e+01 1.200000000000000000e+01 1.500000000000000000e+01 0.000000000000000000e+00 1.600000000000000089e+00 2.349999999999999930e-04 3.050999999999999893e-03 -9.999949999999999672e-01 -4.710360000000000102e-01 -8.821099999999999497e-01 -2.801999999999999803e-03 -8.821139999999999537e-01 4.710340000000000082e-01 1.229000000000000058e-03
2.500000000000000000e+01 1.200000000000000000e+01 1.500000000000000000e+01 0.000000000000000000e+00 1.600000000000000089e+00 -1.105000000000000079e-03 1.029999999999999964e-04 -9.999989999999999712e-01 -4.684630000000000183e-01 -8.834830000000000183e-01 4.270000000000000249e-04 -8.834819999999999895e-01 4.684630000000000183e-01 1.023999999999999954e-03
1.000000000000000000e+00 1.100000000000000000e+01 1.600000000000000000e+01 0.000000000000000000e+00 1.600000000000000089e+00 4.949999999999999973e-04 7.339999999999999520e-04 -1.000000000000000000e+00 -4.173910000000000120e-01 -9.087260000000000337e-01 -8.739999999999999939e-04 -9.087269999999999515e-01 4.173919999999999852e-01 -1.440000000000000036e-04
1.300000000000000000e+01 1.100000000000000000e+01 1.600000000000000000e+01 0.000000000000000000e+00 1.600000000000000089e+00 3.627000000000000016e-03 4.537000000000000234e-03 -9.999829999999999552e-01 -4.173479999999999968e-01 -9.087290000000000090e-01 -5.636999999999999650e-03 -9.087389999999999635e-01 4.173620000000000108e-01 -1.402999999999999950e-03
2.100000000000000000e+01 1.100000000000000000e+01 1.600000000000000000e+01 0.000000000000000000e+00 1.600000000000000089e+00 -8.599999999999999789e-04 -2.358999999999999986e-03 -9.999970000000000248e-01 -4.166830000000000256e-01 -9.090479999999999672e-01 2.501999999999999884e-03 -9.090510000000000534e-01 4.166839999999999988e-01 -2.010000000000000068e-04
2.400000000000000000e+01 1.100000000000000000e+01 1.600000000000000000e+01 0.000000000000000000e+00 1.600000000000000089e+00 -1.064000000000000059e-03 -6.199999999999999999e-04 -9.999989999999999712e-01 -4.169889999999999985e-01 -9.089110000000000245e-01 1.007000000000000083e-03 -9.089110000000000245e-01 4.169900000000000273e-01 7.089999999999999948e-04
2.800000000000000000e+01 1.100000000000000000e+01 1.600000000000000000e+01 0.000000000000000000e+00 1.600000000000000089e+00 -1.873000000000000099e-03 3.730999999999999941e-03 -9.999909999999999632e-01 -4.173160000000000203e-01 -9.087579999999999547e-01 -2.609000000000000208e-03 -9.087600000000000122e-01 4.173069999999999835e-01 3.259000000000000178e-03
4.000000000000000000e+00 1.160000000000000000e+02 1.600000000000000000e+01 0.000000000000000000e+00 1.600000000000000089e+00 2.180000000000000080e-03 -1.894999999999999983e-03 9.999959999999999960e-01 6.819250000000000034e-01 7.314220000000000166e-01 -1.010000000000000020e-04 -7.314190000000000413e-01 6.819229999999999459e-01 2.886999999999999809e-03
1.200000000000000000e+01 1.160000000000000000e+02 1.600000000000000000e+01 0.000000000000000000e+00 1.600000000000000089e+00 -5.820000000000000520e-04 2.589999999999999854e-03 9.999959999999999960e-01 7.150729999999999587e-01 6.990480000000000027e-01 -1.394000000000000057e-03 -6.990499999999999492e-01 7.150699999999999834e-01 -2.259000000000000157e-03
2.600000000000000000e+01 1.160000000000000000e+02 1.600000000000000000e+01 0.000000000000000000e+00 1.600000000000000089e+00 1.533000000000000074e-03 1.884000000000000041e-03 9.999970000000000248e-01 6.978720000000000478e-01 7.162190000000000500e-01 -2.419000000000000143e-03 -7.162209999999999965e-01 6.978729999999999656e-01 -2.169999999999999891e-04
3.000000000000000000e+01 1.160000000000000000e+02 1.600000000000000000e+01 0.000000000000000000e+00 1.600000000000000089e+00 -1.317000000000000028e-03 2.373000000000000109e-03 9.999959999999999960e-01 6.868419999999999526e-01 7.268059999999999521e-01 -8.199999999999999824e-04 -7.268050000000000344e-01 6.868389999999999773e-01 -2.586999999999999890e-03
1.000000000000000000e+00 2.000000000000000000e+00 1.900000000000000000e+01 0.000000000000000000e+00 1.600000000000000089e+00 -1.523000000000000048e-03 1.489999999999999897e-04 -9.999989999999999712e-01 1.962919999999999943e-01 -9.805449999999999999e-01 -4.449999999999999746e-04 -9.805439999999999712e-01 -1.962919999999999943e-01 1.464000000000000024e-03
5.000000000000000000e+00 2.000000000000000000e+00 1.900000000000000000e+01 0.000000000000000000e+00 1.600000000000000089e+00 4.279999999999999950e-04 9.759999999999999796e-04 -9.999989999999999712e-01 1.960139999999999938e-01 -9.806009999999999449e-01 -8.729999999999999696e-04 -9.806009999999999449e-01 -1.960139999999999938e-01 -6.109999999999999980e-04
1.300000000000000000e+01 2.000000000000000000e+00 1.900000000000000000e+01 0.000000000000000000e+00 1.600000000000000089e+00 2.782999999999999884e-03 5.660000000000000100e-03 -9.999799999999999800e-01 1.915530000000000010e-01 -9.814699999999999536e-01 -5.022000000000000422e-03 -9.814779999999999616e-01 -1.915350000000000108e-01 -3.815999999999999948e-03
1.700000000000000000e+01 2.000000000000000000e+00 1.900000000000000000e+01 0.000000000000000000e+00 1.600000000000000089e+00 1.981999999999999821e-03 -1.632999999999999903e-03 -9.999970000000000248e-01 1.894230000000000080e-01 -9.818940000000000445e-01 1.978999999999999856e-03 -9.818940000000000445e-01 -1.894270000000000120e-01 -1.637000000000000000e-03
2.100000000000000000e+01 2.000000000000000000e+00 1.900000000000000000e+01 0.000000000000000000e+00 1.600000000000000089e+00 -1.946000000000000030e-03 9.150000000000000147e-04 -9.999980000000000535e-01 1.862439999999999929e-01 -9.825030000000000152e-01 -1.260999999999999968e-03 -9.825019999999999865e-01 -1.862459999999999949e-01 1.740999999999999926e-03
2.500000000000000000e+01 2.000000000000000000e+00 1.900000000000000000e+01 0.000000000000000000e+00 1.600000000000000089e+00 -3.779999999999999940e-03 5.019999999999999506e-04 -9.999930000000000208e-01 1.831280000000000130e-01 -9.830879999999999619e-01 -1.185999999999999988e-03 -9.830820000000000114e-01 -1.831309999999999882e-01 3.624000000000000051e-03
3.000000000000000000e+00 4.000000000000000000e+00 2.000000000000000000e+01 0.000000000000000000e+00 1.600000000000000089e+00 4.490000000000000176e-04 -8.840000000000000201e-04 -1.000000000000000000e+00 2.919559999999999933e-01 -9.564310000000000311e-01 9.770000000000000039e-04 -9.564319999999999489e-01 -2.919559999999999933e-01 -1.710000000000000094e-04
9.000000000000000000e+00 4.000000000000000000e+00 2.000000000000000000e+01 0.000000000000000000e+00 1.600000000000000089e+00 1.250000000000000026e-03 8.316000000000000475e-03 -9.999649999999999928e-01 2.929140000000000077e-01 -9.561089999999999867e-01 -7.584999999999999729e-03 -9.561380000000000434e-01 -2.928939999999999877e-01 -3.631000000000000113e-03
1.900000000000000000e+01 4.000000000000000000e+00 2.000000000000000000e+01 0.000000000000000000e+00 1.600000000000000089e+00 2.162999999999999992e-03 1.620000000000000075e-04 -9.999980000000000535e-01 2.841549999999999909e-01 -9.587780000000000191e-01 4.600000000000000139e-04 -9.587759999999999616e-01 -2.841549999999999909e-01 -2.119999999999999923e-03
2.500000000000000000e+01 4.000000000000000000e+00 2.000000000000000000e+01 0.000000000000000000e+00 1.600000000000000089e+00 -5.748999999999999770e-03 3.191999999999999959e-03 -9.999780000000000335e-01 2.749349999999999850e-01 -9.614519999999999733e-01 -4.649000000000000354e-03 -9.614460000000000228e-01 -2.749559999999999782e-01 4.649999999999999620e-03
2.900000000000000000e+01 4.000000000000000000e+00 2.000000000000000000e+01 0.000000000000000000e+00 1.600000000000000089e+00 -1.564999999999999985e-03 -1.117600000000000017e-02 -9.999360000000000470e-01 2.807879999999999820e-01 -9.597149999999999848e-01 1.028699999999999927e-02 -9.597689999999999833e-01 -2.807540000000000036e-01 4.640000000000000027e-03
3.000000000000000000e+00 1.300000000000000000e+01 2.000000000000000000e+01 0.000000000000000000e+00 1.600000000000000089e+00 2.144000000000000072e-03 2.285000000000000139e-03 9.999949999999999672e-01 2.551089999999999747e-01 9.669079999999999897e-01 -2.756999999999999902e-03 -9.669100000000000472e-01 2.551129999999999787e-01 1.490000000000000005e-03
9.000000000000000000e+00 1.300000000000000000e+01 2.000000000000000000e+01 0.000000000000000000e+00 1.600000000000000089e+00 9.030000000000000483e-04 7.900000000000000121e-04 9.999989999999999712e-01 2.544960000000000000e-01 9.670729999999999604e-01 -9.940000000000000918e-04 -9.670739999999999892e-01 2.544960000000000000e-01 6.729999999999999871e-04
1.400000000000000000e+01 1.300000000000000000e+01 2.000000000000000000e+01 0.000000000000000000e+00 1.600000000000000089e+00 1.147999999999999932e-03 -3.678999999999999979e-03 9.999930000000000208e-01 2.552249999999999797e-01 9.668759999999999577e-01 3.263999999999999974e-03 -9.668809999999999905e-01 2.552189999999999737e-01 2.049000000000000040e-03
1.900000000000000000e+01 1.300000000000000000e+01 2.000000000000000000e+01 0.000000000000000000e+00 1.600000000000000089e+00 -1.219999999999999947e-03 1.498999999999999898e-03 9.999980000000000535e-01 2.560660000000000158e-01 9.666590000000000460e-01 -1.136999999999999990e-03 -9.666590000000000460e-01 2.560640000000000138e-01 -1.564000000000000069e-03
2.600000000000000000e+01 1.300000000000000000e+01 2.000000000000000000e+01 0.000000000000000000e+00 1.600000000000000089e+00 -4.629999999999999784e-04 -3.260000000000000094e-04 1.000000000000000000e+00 2.523630000000000040e-01 9.676320000000000476e-01 4.319999999999999838e-04 -9.676320000000000476e-01 2.523639999999999772e-01 -3.660000000000000059e-04
3.000000000000000000e+01 1.300000000000000000e+01 2.000000000000000000e+01 0.000000000000000000e+00 1.600000000000000089e+00 -1.948999999999999995e-03 4.049999999999999781e-03 9.999900000000000455e-01 2.528210000000000179e-01 9.675070000000000059e-01 -3.425999999999999792e-03 -9.675110000000000099e-01 2.528110000000000079e-01 -2.909000000000000127e-03
3.000000000000000000e+00 1.600000000000000000e+01 2.100000000000000000e+01 0.000000000000000000e+00 1.600000000000000089e+00 1.482000000000000027e-03 3.386999999999999820e-03 9.999930000000000208e-01 2.990110000000000268e-01 9.542429999999999524e-01 -3.674999999999999881e-03 -9.542490000000000139e-01 2.990140000000000020e-01 4.020000000000000136e-04
6.000000000000000000e+00 1.600000000000000000e+01 2.100000000000000000e+01 0.000000000000000000e+00 1.600000000000000089e+00 3.739999999999999835e-04 5.359000000000000048e-03 9.999860000000000415e-01 2.985579999999999901e-01 9.543770000000000309e-01 -5.225999999999999743e-03 -9.543909999999999894e-01 2.985559999999999881e-01 -1.242999999999999964e-03
1.000000000000000000e+01 1.600000000000000000e+01 2.100000000000000000e+01 0.000000000000000000e+00 1.600000000000000089e+00 1.319000000000000077e-03 3.225000000000000002e-03 9.999940000000000495e-01 2.974649999999999794e-01 9.547259999999999636e-01 -3.471999999999999826e-03 -9.547320000000000251e-01 2.974680000000000102e-01 2.999999999999999737e-04
1.800000000000000000e+01 1.600000000000000000e+01 2.100000000000000000e+01 0.000000000000000000e+00 1.600000000000000089e+00 -1.428999999999999932e-03 -1.704999999999999918e-03 9.999980000000000535e-01 2.977929999999999744e-01 9.546280000000000321e-01 2.053000000000000137e-03 -9.546289999999999498e-01 2.977960000000000051e-01 -8.570000000000000144e-04
2.200000000000000000e+01 1.600000000000000000e+01 2.100000000000000000e+01 0.000000000000000000e+00 1.600000000000000089e+00 -1.118999999999999986e-03 3.997999999999999818e-03 9.999909999999999632e-01 2.980240000000000111e-01 9.545519999999999561e-01 -3.482999999999999985e-03 -9.545580000000000176e-01 2.980180000000000051e-01 -2.259000000000000157e-03
2.600000000000000000e+01 1.600000000000000000e+01 2.100000000000000000e+01 0.000000000000000000e+00 1.600000000000000089e+00 -6.229999999999999644e-04 1.510000000000000057e-03 9.999989999999999712e-01 2.962640000000000273e-01 9.551049999999999818e-01 -1.258000000000000004e-03 -9.551060000000000105e-01 2.962629999999999986e-01 -1.041999999999999958e-03
3.000000000000000000e+01 1.600000000000000000e+01 2.100000000000000000e+01 0.000000000000000000e+00 1.600000000000000089e+00 -1.036000000000000029e-03 3.334000000000000158e-03 9.999940000000000495e-01 2.970030000000000170e-01 9.548720000000000541e-01 -2.876000000000000084e-03 -9.548759999999999470e-01 2.969979999999999842e-01 -1.979999999999999989e-03
7.000000000000000000e+00 3.000000000000000000e+00 2.500000000000000000e+01 0.000000000000000000e+00 1.600000000000000089e+00 -2.258000000000000024e-03 3.884999999999999998e-03 9.999900000000000455e-01 -6.286300000000000221e-02 -9.980149999999999855e-01 3.736000000000000171e-03 9.980200000000000182e-01 -6.285399999999999321e-02 2.497999999999999787e-03
1.700000000000000000e+01 3.000000000000000000e+00 2.500000000000000000e+01 0.000000000000000000e+00 1.600000000000000089e+00 -9.550000000000000112e-04 -8.540000000000000499e-04 9.999989999999999712e-01 -4.388700000000000240e-02 -9.990360000000000351e-01 -8.949999999999999623e-04 9.990360000000000351e-01 -4.388700000000000240e-02 9.160000000000000390e-04
2.100000000000000000e+01 3.000000000000000000e+00 2.500000000000000000e+01 0.000000000000000000e+00 1.600000000000000089e+00 -3.481000000000000153e-03 1.299000000000000024e-03 9.999930000000000208e-01 -3.786099999999999882e-02 -9.992820000000000036e-01 1.165999999999999936e-03 9.992769999999999708e-01 -3.785600000000000076e-02 3.527999999999999886e-03
2.800000000000000000e+01 3.000000000000000000e+00 2.500000000000000000e+01 0.000000000000000000e+00 1.600000000000000089e+00 9.060000000000000128e-04 4.351999999999999966e-03 9.999900000000000455e-01 -3.853399999999999881e-02 -9.992480000000000251e-01 4.383999999999999876e-03 9.992569999999999508e-01 -3.853800000000000281e-02 -7.370000000000000249e-04
1.600000000000000000e+01 4.600000000000000000e+01 2.700000000000000000e+01 0.000000000000000000e+00 1.600000000000000089e+00 2.575000000000000032e-03 2.543999999999999821e-03 -9.999930000000000208e-01 6.597809999999999508e-01 7.514490000000000336e-01 3.611000000000000060e-03 7.514539999999999553e-01 -6.597859999999999836e-01 2.559999999999999884e-04
2.700000000000000000e+01 4.600000000000000000e+01 2.700000000000000000e+01 0.000000000000000000e+00 1.600000000000000089e+00 1.595000000000000064e-03 2.075000000000000022e-03 -9.999970000000000248e-01 6.606720000000000370e-01 7.506699999999999484e-01 2.611000000000000040e-03 7.506730000000000347e-01 -6.606739999999999835e-01 -1.740000000000000010e-04
3.000000000000000000e+00 5.800000000000000000e+01 3.100000000000000000e+01 0.000000000000000000e+00 1.600000000000000089e+00 -1.662999999999999982e-03 -6.408999999999999767e-03 9.999780000000000335e-01 -7.990890000000000493e-01 -6.011910000000000309e-01 -5.181999999999999974e-03 6.012110000000000509e-01 -7.990800000000000125e-01 -4.121999999999999796e-03
7.000000000000000000e+00 5.800000000000000000e+01 3.100000000000000000e+01 0.000000000000000000e+00 1.600000000000000089e+00 2.984000000000000107e-03 -3.471999999999999826e-03 9.999900000000000455e-01 -7.967359999999999998e-01 -6.043279999999999763e-01 2.790000000000000054e-04 6.043209999999999971e-01 -7.967279999999999918e-01 -4.570000000000000277e-03
2.000000000000000000e+01 5.800000000000000000e+01 3.100000000000000000e+01 0.000000000000000000e+00 1.600000000000000089e+00 -2.098000000000000038e-03 3.645999999999999935e-03 9.999909999999999632e-01 -7.949450000000000127e-01 -6.066810000000000258e-01 5.439999999999999957e-04 6.066780000000000506e-01 -7.949370000000000047e-01 4.172000000000000361e-03
2.600000000000000000e+01 5.800000000000000000e+01 3.100000000000000000e+01 0.000000000000000000e+00 1.600000000000000089e+00 5.349999999999999938e-04 4.180000000000000230e-04 1.000000000000000000e+00 -7.934780000000000166e-01 -6.085990000000000011e-01 6.790000000000000245e-04 6.085990000000000011e-01 -7.934780000000000166e-01 6.000000000000000152e-06
3.000000000000000000e+01 5.800000000000000000e+01 3.100000000000000000e+01 0.000000000000000000e+00 1.600000000000000089e+00 2.468999999999999841e-03 4.335000000000000311e-03 9.999879999999999880e-01 -7.956739999999999924e-01 -6.057080000000000242e-01 4.590999999999999595e-03 6.057200000000000362e-01 -7.956750000000000211e-01 1.954000000000000008e-03
1.100000000000000000e+01 5.900000000000000000e+01 3.200000000000000000e+01 0.000000000000000000e+00 1.600000000000000089e+00 2.308000000000000156e-03 4.948000000000000141e-03 9.999850000000000128e-01 -6.931150000000000366e-01 -7.208080000000000043e-01 5.166999999999999718e-03 7.208229999999999915e-01 -6.931169999999999831e-01 1.765999999999999992e-03
2.000000000000000000e+00 4.600000000000000000e+01 3.500000000000000000e+01 0.000000000000000000e+00 1.600000000000000089e+00 7.810000000000000102e-04 5.237999999999999601e-03 -9.999860000000000415e-01 3.841229999999999922e-01 -9.232709999999999528e-01 -4.536000000000000101e-03 -9.232820000000000471e-01 -3.841140000000000110e-01 -2.733999999999999885e-03
7.000000000000000000e+00 4.600000000000000000e+01 3.500000000000000000e+01 0.000000000000000000e+00 1.600000000000000089e+00 -3.739999999999999835e-04 -1.626999999999999974e-03 -9.999989999999999712e-01 3.852590000000000181e-01 -9.228079999999999616e-01 1.356999999999999916e-03 -9.228089999999999904e-01 -3.852579999999999893e-01 9.719999999999999907e-04
1.100000000000000000e+01 4.600000000000000000e+01 3.500000000000000000e+01 0.000000000000000000e+00 1.600000000000000089e+00 6.149999999999999868e-04 -4.429999999999999802e-04 -1.000000000000000000e+00 3.849360000000000004e-01 -9.229429999999999579e-01 6.449999999999999570e-04 -9.229429999999999579e-01 -3.849360000000000004e-01 -3.970000000000000005e-04
1.500000000000000000e+01 4.600000000000000000e+01 3.500000000000000000e+01 0.000000000000000000e+00 1.600000000000000089e+00 -9.699999999999999963e-05 -2.130000000000000003e-04 -1.000000000000000000e+00 3.844119999999999759e-01 -9.231610000000000094e-01 1.589999999999999888e-04 -9.231610000000000094e-01 -3.844119999999999759e-01 1.710000000000000094e-04
2.100000000000000000e+01 4.600000000000000000e+01 3.500000000000000000e+01 0.000000000000000000e+00 1.600000000000000089e+00 1.013000000000000012e-03 -2.480000000000000108e-04 -9.999989999999999712e-01 3.843440000000000190e-01 -9.231899999999999551e-01 6.179999999999999513e-04 -9.231890000000000374e-01 -3.843449999999999922e-01 -8.400000000000000348e-04
2.600000000000000000e+01 4.600000000000000000e+01 3.500000000000000000e+01 0.000000000000000000e+00 1.600000000000000089e+00 7.100000000000000462e-05 -2.939999999999999905e-04 -1.000000000000000000e+00 3.842999999999999750e-01 -9.232080000000000286e-01 2.990000000000000036e-04 -9.232080000000000286e-01 -3.842999999999999750e-01 4.699999999999999724e-05
3.000000000000000000e+00 9.500000000000000000e+01 3.600000000000000000e+01 0.000000000000000000e+00 1.600000000000000089e+00 -4.922000000000000160e-03 -4.510000000000000120e-04 9.999879999999999880e-01 9.966819999999999569e-01 8.124099999999999377e-02 4.942000000000000212e-03 -8.124199999999999477e-02 9.966939999999999689e-01 5.000000000000000240e-05
8.000000000000000000e+00 9.500000000000000000e+01 3.600000000000000000e+01 0.000000000000000000e+00 1.600000000000000089e+00 -2.637000000000000021e-03 7.497000000000000192e-03 9.999679999999999680e-01 9.971929999999999961e-01 7.484599999999999587e-02 2.069000000000000093e-03 -7.482800000000000562e-02 9.971670000000000256e-01 -7.673000000000000133e-03
1.300000000000000000e+01 9.500000000000000000e+01 3.600000000000000000e+01 0.000000000000000000e+00 1.600000000000000089e+00 -3.043999999999999831e-03 1.663600000000000148e-02 9.998569999999999958e-01 9.972710000000000186e-01 7.380499999999999561e-02 1.807999999999999928e-03 -7.376399999999999624e-02 9.971339999999999648e-01 -1.681500000000000009e-02
1.800000000000000000e+01 9.500000000000000000e+01 3.600000000000000000e+01 0.000000000000000000e+00 1.600000000000000089e+00 1.092100000000000015e-02 1.656200000000000033e-02 9.998029999999999973e-01 9.966679999999999984e-01 8.064699999999999647e-02 -1.222200000000000022e-02 -8.083400000000000307e-02 9.966049999999999631e-01 -1.562699999999999853e-02
2.300000000000000000e+01 9.500000000000000000e+01 3.600000000000000000e+01 0.000000000000000000e+00 1.600000000000000089e+00 1.037399999999999954e-02 5.194999999999999965e-03 9.999329999999999607e-01 9.965159999999999574e-01 8.270299999999999874e-02 -1.076799999999999979e-02 -8.275299999999999323e-02 9.965610000000000301e-01 -4.318999999999999923e-03
2.800000000000000000e+01 9.500000000000000000e+01 3.600000000000000000e+01 0.000000000000000000e+00 1.600000000000000089e+00 5.291999999999999829e-03 2.377200000000000146e-02 9.997030000000000083e-01 9.967409999999999881e-01 8.035000000000000475e-02 -7.186999999999999812e-03 -8.049699999999999911e-02 9.964830000000000076e-01 -2.326900000000000149e-02
1.000000000000000000e+00 3.000000000000000000e+00 4.300000000000000000e+01 0.000000000000000000e+00 1.600000000000000089e+00 -3.957999999999999713e-03 -7.846000000000000543e-03 -9.999609999999999888e-01 7.367550000000000487e-01 -6.761559999999999793e-01 2.389000000000000064e-03 -6.761479999999999713e-01 -7.367169999999999552e-01 8.455999999999999975e-03
8.000000000000000000e+00 3.000000000000000000e+00 4.300000000000000000e+01 0.000000000000000000e+00 1.600000000000000089e+00 1.203000000000000076e-03 -2.154700000000000018e-02 -9.997669999999999613e-01 7.339579999999999993e-01 -6.790169999999999817e-01 1.551800000000000054e-02 -6.791939999999999644e-01 -7.338059999999999583e-01 1.499799999999999918e-02
1.600000000000000000e+01 3.000000000000000000e+00 4.300000000000000000e+01 0.000000000000000000e+00 1.600000000000000089e+00 4.388999999999999672e-03 2.691400000000000042e-02 -9.996279999999999610e-01 7.404269999999999463e-01 -6.719730000000000425e-01 -1.484100000000000003e-02 -6.721230000000000260e-01 -7.400860000000000216e-01 -2.287700000000000150e-02
2.400000000000000000e+01 3.000000000000000000e+00 4.300000000000000000e+01 0.000000000000000000e+00 1.600000000000000089e+00 -4.235000000000000049e-03 -4.226400000000000295e-02 -9.990970000000000129e-01 7.389759999999999662e-01 -6.732550000000000479e-01 2.534799999999999900e-02 -6.737189999999999568e-01 -7.382020000000000248e-01 3.408300000000000218e-02
3.000000000000000000e+00 2.900000000000000000e+01 4.400000000000000000e+01 0.000000000000000000e+00 1.600000000000000089e+00 -4.589999999999999896e-04 1.139999999999999954e-03 -9.999989999999999712e-01 6.849129999999999940e-01 7.286249999999999671e-01 5.159999999999999656e-04 7.286249999999999671e-01 -6.849119999999999653e-01 -1.115000000000000106e-03
9.000000000000000000e+00 2.900000000000000000e+01 4.400000000000000000e+01 0.000000000000000000e+00 1.600000000000000089e+00 -2.566999999999999837e-03 1.683999999999999950e-03 -9.999949999999999672e-01 6.846980000000000288e-01 7.288270000000000026e-01 -5.310000000000000050e-04 7.288229999999999986e-01 -6.846959999999999713e-01 -3.024000000000000212e-03
1.500000000000000000e+01 2.900000000000000000e+01 4.400000000000000000e+01 0.000000000000000000e+00 1.600000000000000089e+00 -2.896999999999999836e-03 3.752000000000000127e-03 -9.999890000000000168e-01 6.719100000000000072e-01 7.406319999999999570e-01 8.319999999999999488e-04 7.406270000000000353e-01 -6.719000000000000528e-01 -4.667000000000000141e-03
2.300000000000000000e+01 2.900000000000000000e+01 4.400000000000000000e+01 0.000000000000000000e+00 1.600000000000000089e+00 -6.080000000000000335e-04 2.684000000000000188e-03 -9.999959999999999960e-01 6.612649999999999917e-01 7.501510000000000122e-01 1.611999999999999935e-03 7.501520000000000410e-01 -6.612620000000000164e-01 -2.230999999999999910e-03
2.900000000000000000e+01 2.900000000000000000e+01 4.400000000000000000e+01 0.000000000000000000e+00 1.600000000000000089e+00 -6.780000000000000002e-04 2.821999999999999856e-03 -9.999959999999999960e-01 6.559420000000000250e-01 7.548089999999999522e-01 1.685999999999999999e-03 7.548110000000000097e-01 -6.559390000000000498e-01 -2.363000000000000083e-03
8.000000000000000000e+00 5.400000000000000000e+01 4.600000000000000000e+01 0.000000000000000000e+00 1.600000000000000089e+00 -2.073000000000000190e-03 1.077000000000000049e-03 9.999970000000000248e-01 3.112159999999999926e-01 -9.503380000000000161e-01 1.668999999999999911e-03 9.503369999999999873e-01 3.112190000000000234e-01 1.634000000000000036e-03
1.700000000000000000e+01 5.400000000000000000e+01 4.600000000000000000e+01 0.000000000000000000e+00 1.600000000000000089e+00 9.590000000000000000e-04 -8.392999999999999419e-03 9.999639999999999640e-01 3.076200000000000045e-01 -9.514730000000000132e-01 -8.281000000000000166e-03 9.515090000000000492e-01 3.076169999999999738e-01 1.668999999999999911e-03
2.700000000000000000e+01 5.400000000000000000e+01 4.600000000000000000e+01 0.000000000000000000e+00 1.600000000000000089e+00 1.820000000000000057e-04 -8.869999999999999413e-03 9.999609999999999888e-01 3.157849999999999824e-01 -9.487929999999999975e-01 -8.472999999999999629e-03 9.488309999999999800e-01 3.157739999999999991e-01 2.628999999999999827e-03
1.000000000000000000e+01 6.500000000000000000e+01 4.600000000000000000e+01 0.000000000000000000e+00 1.600000000000000089e+00 1.544999999999999932e-03 -8.419999999999999750e-04 9.999980000000000535e-01 6.802359999999999518e-01 -7.329909999999999481e-01 -1.667999999999999995e-03 7.329919999999999769e-01 6.802369999999999806e-01 -5.599999999999999509e-04
5.000000000000000000e+00 7.000000000000000000e+00 5.200000000000000000e+01 0.000000000000000000e+00 1.600000000000000089e+00 -4.591999999999999728e-03 -7.927999999999999284e-03 -9.999580000000000135e-01 1.047580000000000039e-01 -9.944699999999999651e-01 7.402999999999999858e-03 -9.944870000000000099e-01 -1.047199999999999936e-01 5.396999999999999888e-03
7.000000000000000000e+00 7.000000000000000000e+00 5.200000000000000000e+01 0.000000000000000000e+00 1.600000000000000089e+00 -3.899999999999999821e-03 -4.344999999999999904e-03 -9.999829999999999552e-01 1.056750000000000050e-01 -9.943929999999999714e-01 3.909000000000000148e-03 -9.943929999999999714e-01 -1.056580000000000019e-01 4.336999999999999710e-03
8.000000000000000000e+00 6.300000000000000000e+01 5.400000000000000000e+01 0.000000000000000000e+00 1.600000000000000089e+00 1.436999999999999909e-03 1.252999999999999991e-03 9.999980000000000535e-01 -3.592940000000000023e-01 9.332240000000000535e-01 -6.530000000000000431e-04 -9.332230000000000247e-01 -3.592920000000000003e-01 1.791000000000000057e-03
1.100000000000000000e+01 6.300000000000000000e+01 5.400000000000000000e+01 0.000000000000000000e+00 1.600000000000000089e+00 6.719999999999999628e-04 2.402000000000000055e-03 9.999970000000000248e-01 -3.608529999999999793e-01 9.326210000000000333e-01 -1.998000000000000210e-03 -9.326229999999999798e-01 -3.608500000000000041e-01 1.492999999999999969e-03
1.500000000000000000e+01 6.300000000000000000e+01 5.400000000000000000e+01 0.000000000000000000e+00 1.600000000000000089e+00 -1.330000000000000073e-04 2.285000000000000139e-03 9.999970000000000248e-01 -3.626840000000000064e-01 9.319100000000000161e-01 -2.177999999999999815e-03 -9.319119999999999626e-01 -3.626829999999999776e-01 7.050000000000000060e-04
2.000000000000000000e+01 6.300000000000000000e+01 5.400000000000000000e+01 0.000000000000000000e+00 1.600000000000000089e+00 -1.877999999999999895e-03 1.936000000000000004e-03 9.999959999999999960e-01 -3.530010000000000092e-01 9.356200000000000072e-01 -2.474000000000000071e-03 -9.356210000000000360e-01 -3.530039999999999845e-01 -1.074000000000000085e-03
2.400000000000000000e+01 6.300000000000000000e+01 5.400000000000000000e+01 0.000000000000000000e+00 1.600000000000000089e+00 2.069999999999999900e-04 4.394000000000000336e-03 9.999900000000000455e-01 -3.489949999999999997e-01 9.371159999999999490e-01 -4.044999999999999984e-03 -9.371239999999999570e-01 -3.489909999999999957e-01 1.727999999999999935e-03
2.800000000000000000e+01 6.300000000000000000e+01 5.400000000000000000e+01 0.000000000000000000e+00 1.600000000000000089e+00 6.719999999999999628e-04 2.020000000000000094e-03 9.999980000000000535e-01 -3.499780000000000113e-01 9.367569999999999508e-01 -1.657000000000000053e-03 -9.367579999999999796e-01 -3.499760000000000093e-01 1.337000000000000081e-03
2.000000000000000000e+00 2.500000000000000000e+01 5.500000000000000000e+01 0.000000000000000000e+00 1.600000000000000089e+00 1.028999999999999967e-03 3.823000000000000009e-03 -9.999919999999999920e-01 -1.475199999999999949e-02 -9.998839999999999950e-01 -3.837999999999999832e-03 -9.998909999999999743e-01 1.475600000000000002e-02 -9.730000000000000151e-04
1.200000000000000000e+01 2.500000000000000000e+01 5.500000000000000000e+01 0.000000000000000000e+00 1.600000000000000089e+00 -3.550000000000000096e-04 -6.210000000000000242e-04 -1.000000000000000000e+00 -1.115700000000000025e-02 -9.999379999999999935e-01 6.239999999999999887e-04 -9.999379999999999935e-01 1.115799999999999952e-02 3.480000000000000020e-04
1.600000000000000000e+01 2.500000000000000000e+01 5.500000000000000000e+01 0.000000000000000000e+00 1.600000000000000089e+00 4.199999999999999768e-05 -4.699999999999999724e-05 -1.000000000000000000e+00 -1.032100000000000031e-02 -9.999470000000000303e-01 4.699999999999999724e-05 -9.999470000000000303e-01 1.032100000000000031e-02 -4.300000000000000165e-05
1.900000000000000000e+01 2.500000000000000000e+01 5.500000000000000000e+01 0.000000000000000000e+00 1.600000000000000089e+00 -7.499999999999999343e-05 -1.781999999999999947e-03 -9.999980000000000535e-01 -1.025099999999999970e-02 -9.999460000000000015e-01 1.783000000000000080e-03 -9.999470000000000303e-01 1.025099999999999970e-02 5.700000000000000314e-05
2.700000000000000000e+01 2.500000000000000000e+01 5.500000000000000000e+01 0.000000000000000000e+00 1.600000000000000089e+00 5.760000000000000146e-04 2.030000000000000012e-04 -1.000000000000000000e+00 -1.062800000000000029e-02 -9.999430000000000263e-01 -2.100000000000000087e-04 -9.999430000000000263e-01 1.062899999999999956e-02 -5.739999999999999660e-04
1.000000000000000000e+00 6.800000000000000000e+01 5.700000000000000000e+01 0.000000000000000000e+00 1.600000000000000089e+00 2.990000000000000036e-04 1.216000000000000067e-03 -9.999989999999999712e-01 -2.444620000000000126e-01 -9.696580000000000199e-01 -1.252000000000000075e-03 -9.696590000000000487e-01 2.444620000000000126e-01 7.999999999999999638e-06
1.700000000000000000e+01 6.800000000000000000e+01 5.700000000000000000e+01 0.000000000000000000e+00 1.600000000000000089e+00 1.319999999999999993e-03 2.733999999999999885e-03 -9.999949999999999672e-01 -2.458950000000000025e-01 -9.692920000000000424e-01 -2.974000000000000081e-03 -9.692960000000000464e-01 2.458980000000000055e-01 -6.070000000000000092e-04
8.000000000000000000e+00 2.100000000000000000e+01 6.000000000000000000e+01 0.000000000000000000e+00 1.600000000000000089e+00 -1.269999999999999970e-04 -9.737000000000000863e-03 9.999529999999999808e-01 -9.301299999999999846e-02 9.956180000000000030e-01 9.683000000000000634e-03 -9.956650000000000222e-01 -9.300799999999999346e-02 -1.031999999999999931e-03
1.100000000000000000e+01 2.100000000000000000e+01 6.000000000000000000e+01 0.000000000000000000e+00 1.600000000000000089e+00 -1.701999999999999954e-03 2.259000000000000157e-03 9.999959999999999960e-01 -9.394600000000000173e-02 9.955739999999999590e-01 -2.409000000000000117e-03 -9.955760000000000165e-01 -9.395000000000000573e-02 -1.482999999999999943e-03
1.900000000000000000e+01 2.100000000000000000e+01 6.000000000000000000e+01 0.000000000000000000e+00 1.600000000000000089e+00 -9.799999999999999684e-05 8.403000000000000747e-03 9.999649999999999928e-01 -9.549599999999999755e-02 9.953950000000000298e-01 -8.373999999999999500e-03 -9.954300000000000370e-01 -9.549399999999999555e-02 7.050000000000000060e-04
