7.000000000000000000e+00 2.500000000000000000e+01 1.000000000000000000e+00 0.000000000000000000e+00 1.600000000000000089e+00 -1.599999999999999928e-05 -1.593000000000000015e-03 -9.999989999999999712e-01 -5.300780000000000491e-01 -8.479480000000000350e-01 1.360000000000000098e-03 -8.479489999999999528e-01 5.300770000000000204e-01 -8.310000000000000329e-04
1.400000000000000000e+01 2.500000000000000000e+01 1.000000000000000000e+00 0.000000000000000000e+00 1.600000000000000089e+00 -3.399999999999999973e-05 -1.201999999999999943e-03 -9.999989999999999712e-01 -5.304079999999999906e-01 -8.477419999999999956e-01 1.036999999999999944e-03 -8.477430000000000243e-01 5.304079999999999906e-01 -6.089999999999999494e-04
1.100000000000000000e+01 3.000000000000000000e+00 4.000000000000000000e+00 0.000000000000000000e+00 1.600000000000000089e+00 -1.215640000000000054e-01 -3.328699999999999715e-02 -9.920250000000000457e-01 -8.339860000000000051e-01 -5.385199999999999987e-01 1.202669999999999989e-01 -5.382280000000000397e-01 8.419550000000000090e-01 3.770400000000000140e-02
5.000000000000000000e+00 1.500000000000000000e+01 4.000000000000000000e+00 0.000000000000000000e+00 1.600000000000000089e+00 3.499999999999999964e-04 -9.778000000000000233e-03 9.999519999999999520e-01 3.170879999999999810e-01 -9.483500000000000263e-01 -9.383999999999999980e-03 9.483960000000000168e-01 3.170760000000000245e-01 2.768000000000000061e-03
1.700000000000000000e+01 1.500000000000000000e+01 4.000000000000000000e+00 0.000000000000000000e+00 1.600000000000000089e+00 -3.429999999999999889e-04 5.321000000000000209e-03 9.999860000000000415e-01 3.210089999999999888e-01 -9.470619999999999594e-01 5.148999999999999931e-03 9.470760000000000289e-01 3.210060000000000136e-01 -1.382999999999999898e-03
2.200000000000000000e+01 1.500000000000000000e+01 4.000000000000000000e+00 0.000000000000000000e+00 1.600000000000000089e+00 -3.475999999999999923e-03 -4.707000000000000246e-03 9.999829999999999552e-01 3.181669999999999776e-01 -9.480290000000000106e-01 -3.357000000000000175e-03 9.480279999999999818e-01 3.181499999999999884e-01 4.793000000000000385e-03
2.600000000000000000e+01 1.500000000000000000e+01 4.000000000000000000e+00 0.000000000000000000e+00 1.600000000000000089e+00 1.186999999999999904e-03 4.068999999999999700e-03 9.999909999999999632e-01 3.201950000000000074e-01 -9.473449999999999926e-01 3.474999999999999790e-03 9.473510000000000542e-01 3.201879999999999726e-01 -2.426999999999999904e-03
1.000000000000000000e+01 1.600000000000000000e+01 4.000000000000000000e+00 0.000000000000000000e+00 1.600000000000000089e+00 3.572999999999999787e-03 -2.494000000000000123e-03 9.999909999999999632e-01 3.951709999999999945e-01 -9.185999999999999721e-01 -3.703000000000000128e-03 9.186010000000000009e-01 3.951799999999999757e-01 -2.295999999999999864e-03
1.500000000000000000e+01 1.010000000000000000e+02 7.000000000000000000e+00 0.000000000000000000e+00 1.600000000000000089e+00 -6.139999999999999625e-04 4.112000000000000204e-03 9.999909999999999632e-01 8.895880000000000454e-01 4.567629999999999746e-01 -1.332000000000000068e-03 -4.567640000000000033e-01 8.895790000000000086e-01 -3.937999999999999660e-03
1.900000000000000000e+01 1.010000000000000000e+02 7.000000000000000000e+00 0.000000000000000000e+00 1.600000000000000089e+00 -1.890000000000000133e-04 4.477000000000000077e-03 9.999900000000000455e-01 8.894130000000000091e-01 4.571000000000000063e-01 -1.877999999999999895e-03 -4.571040000000000103e-01 8.894039999999999724e-01 -4.067999999999999568e-03
2.500000000000000000e+01 1.010000000000000000e+02 7.000000000000000000e+00 0.000000000000000000e+00 1.600000000000000089e+00 -3.820000000000000153e-04 1.938999999999999968e-03 9.999980000000000535e-01 8.898000000000000353e-01 4.563510000000000066e-01 -5.450000000000000200e-04 -4.563510000000000066e-01 8.897979999999999778e-01 -1.899999999999999996e-03
3.000000000000000000e+00 2.500000000000000000e+01 8.000000000000000000e+00 0.000000000000000000e+00 1.600000000000000089e+00 -1.294999999999999927e-03 8.038999999999999271e-03 -9.999670000000000503e-01 4.434859999999999913e-01 8.962569999999999704e-01 6.630999999999999742e-03 8.962799999999999656e-01 -4.434629999999999961e-01 -4.726000000000000166e-03
1.000000000000000000e+01 2.500000000000000000e+01 8.000000000000000000e+00 0.000000000000000000e+00 1.600000000000000089e+00 1.049999999999999935e-03 -1.819000000000000087e-03 -9.999980000000000535e-01 4.449250000000000149e-01 8.955670000000000019e-01 -1.162000000000000055e-03 8.955670000000000019e-01 -4.449230000000000129e-01 1.750000000000000036e-03
1.200000000000000000e+01 2.500000000000000000e+01 8.000000000000000000e+00 0.000000000000000000e+00 1.600000000000000089e+00 3.559999999999999797e-04 1.299999999999999920e-05 -1.000000000000000000e+00 4.451109999999999789e-01 8.954760000000000497e-01 1.700000000000000122e-04 8.954750000000000210e-01 -4.451109999999999789e-01 3.130000000000000187e-04
2.300000000000000000e+01 2.500000000000000000e+01 8.000000000000000000e+00 0.000000000000000000e+00 1.600000000000000089e+00 6.570000000000000319e-04 -1.730000000000000038e-04 -1.000000000000000000e+00 4.480469999999999731e-01 8.940099999999999714e-01 1.389999999999999905e-04 8.940099999999999714e-01 -4.480469999999999731e-01 6.650000000000000095e-04
2.800000000000000000e+01 2.500000000000000000e+01 8.000000000000000000e+00 0.000000000000000000e+00 1.600000000000000089e+00 -3.719999999999999891e-04 -4.925999999999999823e-03 -9.999879999999999880e-01 4.477079999999999949e-01 8.941679999999999628e-01 -4.571000000000000410e-03 8.941799999999999748e-01 -4.477039999999999909e-01 1.873000000000000099e-03
4.000000000000000000e+00 2.400000000000000000e+01 9.000000000000000000e+00 0.000000000000000000e+00 1.600000000000000089e+00 -4.519999999999999821e-04 7.853000000000000605e-03 -9.999689999999999968e-01 4.492639999999999967e-01 8.933729999999999727e-01 6.812999999999999612e-03 8.933990000000000542e-01 -4.492479999999999807e-01 -3.931999999999999731e-03
9.000000000000000000e+00 2.400000000000000000e+01 9.000000000000000000e+00 0.000000000000000000e+00 1.600000000000000089e+00 9.110000000000000259e-04 -3.269999999999999903e-03 -9.999940000000000495e-01 4.509560000000000235e-01 8.925429999999999753e-01 -2.507999999999999813e-03 8.925459999999999505e-01 -4.509509999999999907e-01 2.286999999999999970e-03
1.300000000000000000e+01 2.400000000000000000e+01 9.000000000000000000e+00 0.000000000000000000e+00 1.600000000000000089e+00 -1.039999999999999936e-04 7.690000000000000438e-04 -1.000000000000000000e+00 4.511800000000000255e-01 8.924330000000000318e-01 6.400000000000000524e-04 8.924330000000000318e-01 -4.511800000000000255e-01 -4.400000000000000157e-04
2.000000000000000000e+01 2.400000000000000000e+01 9.000000000000000000e+00 0.000000000000000000e+00 1.600000000000000089e+00 -2.210000000000000050e-04 8.859999999999999603e-04 -1.000000000000000000e+00 4.521049999999999791e-01 8.919650000000000079e-01 6.899999999999999667e-04 8.919650000000000079e-01 -4.521040000000000059e-01 -5.969999999999999829e-04
2.500000000000000000e+01 2.400000000000000000e+01 9.000000000000000000e+00 0.000000000000000000e+00 1.600000000000000089e+00 2.249999999999999938e-04 3.379999999999999758e-04 -1.000000000000000000e+00 4.534540000000000237e-01 8.912790000000000434e-01 4.029999999999999837e-04 8.912790000000000434e-01 -4.534549999999999970e-01 4.800000000000000122e-05
2.700000000000000000e+01 2.400000000000000000e+01 9.000000000000000000e+00 0.000000000000000000e+00 1.600000000000000089e+00 -9.000000000000000228e-06 -2.769000000000000194e-03 -9.999959999999999960e-01 4.532510000000000150e-01 8.913790000000000324e-01 -2.472999999999999938e-03 8.913830000000000364e-01 -4.532499999999999862e-01 1.247000000000000062e-03
6.000000000000000000e+00 3.100000000000000000e+01 1.200000000000000000e+01 0.000000000000000000e+00 1.600000000000000089e+00 2.384999999999999967e-03 -3.285999999999999859e-03 9.999919999999999920e-01 -6.166999999999999739e-03 9.999759999999999760e-01 3.301000000000000115e-03 -9.999780000000000335e-01 -6.174999999999999933e-03 2.364000000000000216e-03
1.600000000000000000e+01 3.100000000000000000e+01 1.200000000000000000e+01 0.000000000000000000e+00 1.600000000000000089e+00 -8.589999999999999546e-04 -1.955999999999999839e-03 9.999980000000000535e-01 5.730000000000000501e-04 9.999980000000000535e-01 1.955999999999999839e-03 -9.999989999999999712e-01 5.749999999999999903e-04 -8.580000000000000387e-04
2.300000000000000000e+01 3.100000000000000000e+01 1.200000000000000000e+01 0.000000000000000000e+00 1.600000000000000089e+00 6.030000000000000204e-04 2.222000000000000017e-03 9.999970000000000248e-01 8.409999999999999507e-04 9.999970000000000248e-01 -2.223000000000000149e-03 -9.999989999999999712e-01 8.419999999999999750e-04 6.009999999999999717e-04
2.700000000000000000e+01 3.100000000000000000e+01 1.200000000000000000e+01 0.000000000000000000e+00 1.600000000000000089e+00 9.680000000000000019e-04 3.850000000000000124e-03 9.999919999999999920e-01 3.474999999999999790e-03 9.999869999999999592e-01 -3.853999999999999787e-03 -9.999940000000000495e-01 3.478000000000000189e-03 9.550000000000000112e-04
8.000000000000000000e+00 3.500000000000000000e+01 1.200000000000000000e+01 0.000000000000000000e+00 1.600000000000000089e+00 2.269000000000000183e-03 6.402999999999999838e-03 -9.999770000000000048e-01 5.385630000000000139e-01 -8.425749999999999629e-01 -4.172999999999999626e-03 -8.425820000000000531e-01 -5.385410000000000474e-01 -5.360000000000000181e-03
1.100000000000000000e+01 3.500000000000000000e+01 1.200000000000000000e+01 0.000000000000000000e+00 1.600000000000000089e+00 7.420000000000000380e-04 4.720000000000000237e-03 -9.999890000000000168e-01 5.482970000000000343e-01 -8.362760000000000193e-01 -3.540000000000000178e-03 -8.362829999999999986e-01 -5.482879999999999976e-01 -3.207999999999999914e-03
1.500000000000000000e+01 3.500000000000000000e+01 1.200000000000000000e+01 0.000000000000000000e+00 1.600000000000000089e+00 -4.335999999999999577e-03 4.873999999999999860e-03 -9.999789999999999512e-01 5.591089999999999671e-01 -8.290689999999999449e-01 -6.465000000000000260e-03 -8.290830000000000144e-01 -5.591249999999999831e-01 8.689999999999999808e-04
2.200000000000000000e+01 3.500000000000000000e+01 1.200000000000000000e+01 0.000000000000000000e+00 1.600000000000000089e+00 -9.799999999999999684e-04 6.545999999999999736e-03 -9.999780000000000335e-01 5.795209999999999528e-01 -8.149359999999999937e-01 -5.903000000000000261e-03 -8.149570000000000425e-01 -5.795139999999999736e-01 -2.994999999999999832e-03
2.600000000000000000e+01 3.500000000000000000e+01 1.200000000000000000e+01 0.000000000000000000e+00 1.600000000000000089e+00 8.970000000000000109e-04 4.065000000000000037e-03 -9.999909999999999632e-01 5.891269999999999563e-01 -8.080359999999999765e-01 -2.756000000000000203e-03 -8.080399999999999805e-01 -5.891189999999999483e-01 -3.118999999999999811e-03
1.100000000000000000e+01 3.200000000000000000e+01 1.400000000000000000e+01 0.000000000000000000e+00 1.600000000000000089e+00 -1.286000000000000034e-03 2.445000000000000125e-03 -9.999959999999999960e-01 9.983200000000000407e-02 9.950020000000000531e-01 2.304000000000000058e-03 9.950029999999999708e-01 -9.982900000000000107e-02 -1.523999999999999964e-03
1.700000000000000000e+01 3.200000000000000000e+01 1.400000000000000000e+01 0.000000000000000000e+00 1.600000000000000089e+00 2.135999999999999878e-03 -1.693999999999999976e-03 -9.999959999999999960e-01 1.027669999999999972e-01 9.947040000000000326e-01 -1.464999999999999939e-03 9.947030000000000038e-01 -1.027629999999999932e-01 2.298999999999999828e-03
3.000000000000000000e+01 3.200000000000000000e+01 1.400000000000000000e+01 0.000000000000000000e+00 1.600000000000000089e+00 -1.405999999999999915e-03 4.229999999999999819e-04 -9.999989999999999712e-01 9.783100000000000129e-02 9.952029999999999488e-01 2.829999999999999942e-04 9.952020000000000310e-01 -9.783100000000000129e-02 -1.441000000000000007e-03
1.000000000000000000e+00 1.200000000000000000e+01 1.500000000000000000e+01 0.000000000000000000e+00 1.600000000000000089e+00 -1.745999999999999939e-03 -5.551999999999999644e-03 -9.999829999999999552e-01 -4.663280000000000203e-01 -8.845939999999999914e-01 5.726000000000000187e-03 -8.846100000000000074e-01 4.663300000000000223e-01 -1.044000000000000006e-03
7.000000000000000000e+00 1.200000000000000000e+01 1.500000000000000000e+01 0.000000000000000000e+00 1.600000000000000089e+00 1.302999999999999905e-03 -1.724000000000000055e-03 -9.999980000000000535e-01 -4.668979999999999797e-01 -8.843109999999999582e-01 9.160000000000000390e-04 -8.843100000000000405e-01 4.668959999999999777e-01 -1.956999999999999972e-03
1.600000000000000000e+01 1.200000000000000000e+01 1.500000000000000000e+01 0.000000000000000000e+00 1.600000000000000089e+00 3.420000000000000188e-04 -6.860999999999999911e-03 -9.999759999999999760e-01 -4.732450000000000268e-01 -8.809109999999999996e-01 5.882000000000000076e-03 -8.809310000000000196e-01 4.732319999999999860e-01 -3.547999999999999939e-03
2.200000000000000000e+01 1.200000000000000000e+01 1.500000000000000000e+01 0.000000000000000000e+00 1.600000000000000089e+00 1.124999999999999915e-03 3.575000000000000053e-03 -9.999930000000000208e-01 -4.718019999999999992e-01 -8.816969999999999530e-01 -3.683000000000000076e-03 -8.817040000000000433e-01 4.718029999999999724e-01 6.949999999999999798e-04
2.800000000000000000e+01 1.200000000000000000e+01 1.500000000000000000e+01 0.000000000000000000e+00 1.600000000000000089e+00 8.509999999999999769e-04 3.027999999999999876e-03 -9.999949999999999672e-01 -4.704039999999999888e-01 -8.824459999999999527e-01 -3.072000000000000078e-03 -8.824509999999999854e-01 4.704039999999999888e-01 6.740000000000000114e-04
5.000000000000000000e+00 1.100000000000000000e+01 1.600000000000000000e+01 0.000000000000000000e+00 1.600000000000000089e+00 1.237000000000000035e-03 -4.871999999999999595e-03 -9.999869999999999592e-01 -4.077939999999999898e-01 -9.130660000000000442e-01 3.943999999999999589e-03 -9.130730000000000235e-01 4.077839999999999798e-01 -3.115999999999999846e-03
1.100000000000000000e+01 1.100000000000000000e+01 1.600000000000000000e+01 0.000000000000000000e+00 1.600000000000000089e+00 1.701000000000000038e-03 2.997999999999999797e-03 -9.999940000000000495e-01 -4.125130000000000186e-01 -9.109450000000000047e-01 -3.432999999999999854e-03 -9.109500000000000375e-01 4.125170000000000226e-01 -3.130000000000000187e-04
1.700000000000000000e+01 1.100000000000000000e+01 1.600000000000000000e+01 0.000000000000000000e+00 1.600000000000000089e+00 4.730000000000000046e-04 -6.086000000000000264e-03 -9.999810000000000088e-01 -4.158729999999999927e-01 -9.094069999999999654e-01 5.337999999999999863e-03 -9.094229999999999814e-01 4.158629999999999827e-01 -2.961999999999999789e-03
2.300000000000000000e+01 1.100000000000000000e+01 1.600000000000000000e+01 0.000000000000000000e+00 1.600000000000000089e+00 5.280000000000000405e-04 2.562000000000000041e-03 -9.999970000000000248e-01 -4.174579999999999957e-01 -9.086920000000000552e-01 -2.547999999999999918e-03 -9.086959999999999482e-01 4.174579999999999957e-01 5.900000000000000296e-04
1.000000000000000000e+00 1.160000000000000000e+02 1.600000000000000000e+01 0.000000000000000000e+00 1.600000000000000089e+00 3.141999999999999828e-03 1.894000000000000067e-03 9.999930000000000208e-01 7.515309999999999491e-01 6.596870000000000234e-01 -3.611000000000000060e-03 -6.596899999999999986e-01 7.515380000000000393e-01 6.499999999999999702e-04
5.000000000000000000e+00 1.160000000000000000e+02 1.600000000000000000e+01 0.000000000000000000e+00 1.600000000000000089e+00 6.909999999999999910e-04 -9.269999999999999811e-04 9.999989999999999712e-01 7.635969999999999702e-01 6.456929999999999614e-01 7.100000000000000462e-05 -6.456929999999999614e-01 7.635960000000000525e-01 1.154000000000000078e-03
2.000000000000000000e+01 1.160000000000000000e+02 1.600000000000000000e+01 0.000000000000000000e+00 1.600000000000000089e+00 1.750000000000000036e-03 1.098999999999999934e-03 9.999980000000000535e-01 7.890949999999999909e-01 6.142670000000000075e-01 -2.056000000000000102e-03 -6.142680000000000362e-01 7.890970000000000484e-01 2.069999999999999900e-04
2.200000000000000000e+01 1.160000000000000000e+02 1.600000000000000000e+01 0.000000000000000000e+00 1.600000000000000089e+00 1.595999999999999979e-03 4.659999999999999971e-04 9.999989999999999712e-01 7.854889999999999928e-01 6.188740000000000352e-01 -1.541999999999999968e-03 -6.188740000000000352e-01 7.854900000000000215e-01 6.210000000000000242e-04
9.000000000000000000e+00 2.000000000000000000e+00 1.900000000000000000e+01 0.000000000000000000e+00 1.600000000000000089e+00 7.760000000000000404e-03 -2.960499999999999937e-02 -9.995319999999999760e-01 2.609460000000000113e-01 -9.648679999999999479e-01 3.060399999999999926e-02 -9.653220000000000134e-01 -2.610609999999999875e-01 2.380000000000000117e-04
1.200000000000000000e+01 2.000000000000000000e+00 1.900000000000000000e+01 0.000000000000000000e+00 1.600000000000000089e+00 1.367799999999999919e-02 -1.987600000000000131e-02 -9.997089999999999588e-01 2.544680000000000275e-01 -9.668149999999999800e-01 2.270300000000000096e-02 -9.669839999999999547e-01 -2.547039999999999860e-01 -8.167000000000000648e-03
1.600000000000000000e+01 2.000000000000000000e+00 1.900000000000000000e+01 0.000000000000000000e+00 1.600000000000000089e+00 1.396200000000000045e-02 4.325999999999999984e-03 -9.998930000000000318e-01 2.451389999999999958e-01 -9.694880000000000164e-01 -7.720000000000000083e-04 -9.693869999999999987e-01 -2.451019999999999865e-01 -1.459700000000000060e-02
2.500000000000000000e+01 2.000000000000000000e+00 1.900000000000000000e+01 0.000000000000000000e+00 1.600000000000000089e+00 8.930000000000000437e-03 -1.329999999999999932e-02 -9.998719999999999830e-01 2.285139999999999949e-01 -9.734249999999999847e-01 1.498900000000000059e-02 -9.735000000000000320e-01 -2.286179999999999879e-01 -5.654000000000000171e-03
1.700000000000000000e+01 3.000000000000000000e+00 1.900000000000000000e+01 0.000000000000000000e+00 1.600000000000000089e+00 1.442399999999999932e-02 8.370999999999999969e-03 -9.998609999999999998e-01 2.558570000000000011e-01 -9.667050000000000365e-01 -4.402999999999999796e-03 -9.666069999999999940e-01 -2.557579999999999854e-01 -1.608499999999999860e-02
1.900000000000000000e+01 3.000000000000000000e+00 1.900000000000000000e+01 0.000000000000000000e+00 1.600000000000000089e+00 9.383000000000000715e-03 1.131300000000000014e-02 -9.998920000000000030e-01 2.427970000000000128e-01 -9.700379999999999558e-01 -8.696999999999999870e-03 -9.700320000000000054e-01 -2.426889999999999881e-01 -1.184900000000000016e-02
1.600000000000000000e+01 4.000000000000000000e+00 2.000000000000000000e+01 0.000000000000000000e+00 1.600000000000000089e+00 7.577000000000000401e-03 1.073299999999999949e-02 -9.999139999999999695e-01 3.895649999999999946e-01 -9.209730000000000416e-01 -6.934000000000000059e-03 -9.209680000000000089e-01 -3.894790000000000196e-01 -1.115999999999999978e-02
1.900000000000000000e+01 4.000000000000000000e+00 2.000000000000000000e+01 0.000000000000000000e+00 1.600000000000000089e+00 1.044000000000000006e-03 1.561099999999999988e-02 -9.998780000000000445e-01 3.657630000000000048e-01 -9.306010000000000115e-01 -1.414699999999999985e-02 -9.307069999999999510e-01 -3.657030000000000003e-01 -6.681000000000000306e-03
2.000000000000000000e+00 1.300000000000000000e+01 2.000000000000000000e+01 0.000000000000000000e+00 1.600000000000000089e+00 1.281000000000000021e-03 -2.000000000000000096e-04 9.999989999999999712e-01 2.598059999999999814e-01 9.656609999999999916e-01 -1.389999999999999905e-04 -9.656599999999999628e-01 2.598059999999999814e-01 1.288999999999999998e-03
8.000000000000000000e+00 1.300000000000000000e+01 2.000000000000000000e+01 0.000000000000000000e+00 1.600000000000000089e+00 -6.790000000000000245e-04 -2.030000000000000120e-03 9.999980000000000535e-01 2.591840000000000255e-01 9.658250000000000446e-01 2.135999999999999878e-03 -9.658280000000000198e-01 2.591849999999999987e-01 -1.299999999999999886e-04
1.200000000000000000e+01 1.300000000000000000e+01 2.000000000000000000e+01 0.000000000000000000e+00 1.600000000000000089e+00 3.009999999999999980e-04 -2.096000000000000207e-03 9.999980000000000535e-01 2.608969999999999900e-01 9.653650000000000286e-01 1.943999999999999981e-03 -9.653669999999999751e-01 2.608960000000000168e-01 8.379999999999999862e-04
1.800000000000000000e+01 1.300000000000000000e+01 2.000000000000000000e+01 0.000000000000000000e+00 1.600000000000000089e+00 2.109000000000000197e-03 2.972999999999999948e-03 9.999930000000000208e-01 2.596169999999999867e-01 9.657059999999999533e-01 -3.418000000000000031e-03 -9.657090000000000396e-01 2.596229999999999927e-01 1.265000000000000065e-03
2.200000000000000000e+01 1.300000000000000000e+01 2.000000000000000000e+01 0.000000000000000000e+00 1.600000000000000089e+00 6.639999999999999852e-04 2.141000000000000108e-03 9.999970000000000248e-01 2.586740000000000150e-01 9.659619999999999873e-01 -2.239999999999999804e-03 -9.659640000000000448e-01 2.586749999999999883e-01 8.700000000000000051e-05
1.500000000000000000e+01 5.000000000000000000e+01 2.200000000000000000e+01 0.000000000000000000e+00 1.600000000000000089e+00 3.941000000000000059e-03 3.386000000000000121e-03 -9.999869999999999592e-01 -5.766289999999999472e-01 8.170060000000000100e-01 4.939999999999999730e-04 8.169960000000000555e-01 5.766200000000000214e-01 5.172000000000000382e-03
6.000000000000000000e+00 3.000000000000000000e+00 2.500000000000000000e+01 0.000000000000000000e+00 1.600000000000000089e+00 -9.389999999999999476e-04 -4.634000000000000098e-03 9.999890000000000168e-01 -4.810500000000000193e-02 -9.988310000000000244e-01 -4.673000000000000070e-03 9.988420000000000076e-01 -4.810799999999999799e-02 7.150000000000000322e-04
1.200000000000000000e+01 3.000000000000000000e+00 2.500000000000000000e+01 0.000000000000000000e+00 1.600000000000000089e+00 6.040000000000000447e-04 -1.706000000000000051e-03 9.999980000000000535e-01 -3.358799999999999980e-02 -9.994340000000000446e-01 -1.683999999999999950e-03 9.994359999999999911e-01 -3.358699999999999880e-02 -6.610000000000000207e-04
1.400000000000000000e+01 3.000000000000000000e+00 2.500000000000000000e+01 0.000000000000000000e+00 1.600000000000000089e+00 1.686999999999999915e-03 -1.289999999999999914e-04 9.999989999999999712e-01 -3.076999999999999874e-02 -9.995270000000000543e-01 -7.700000000000000139e-05 9.995249999999999968e-01 -3.076999999999999874e-02 -1.690000000000000096e-03
1.900000000000000000e+01 3.000000000000000000e+00 2.500000000000000000e+01 0.000000000000000000e+00 1.600000000000000089e+00 -1.154999999999999994e-03 7.178999999999999618e-03 9.999740000000000295e-01 -2.346399999999999875e-02 -9.996990000000000043e-01 7.148999999999999973e-03 9.997239999999999460e-01 -2.345500000000000015e-02 1.322999999999999957e-03
2.200000000000000000e+01 3.000000000000000000e+00 2.500000000000000000e+01 0.000000000000000000e+00 1.600000000000000089e+00 -5.707000000000000267e-03 1.989900000000000002e-02 9.997859999999999525e-01 -1.938600000000000045e-02 -9.996159999999999490e-01 1.978500000000000050e-02 9.997960000000000180e-01 -1.926900000000000140e-02 6.089999999999999927e-03
6.000000000000000000e+00 4.600000000000000000e+01 3.000000000000000000e+01 0.000000000000000000e+00 1.600000000000000089e+00 2.138999999999999842e-03 1.449999999999999900e-03 -9.999970000000000248e-01 3.296399999999999886e-01 9.441049999999999720e-01 2.073999999999999889e-03 9.441040000000000543e-01 -3.296430000000000193e-01 1.541000000000000052e-03
5.000000000000000000e+00 5.800000000000000000e+01 3.100000000000000000e+01 0.000000000000000000e+00 1.600000000000000089e+00 -1.521999999999999915e-03 -3.467000000000000030e-03 9.999930000000000208e-01 -7.676969999999999628e-01 -6.408040000000000402e-01 -3.389999999999999784e-03 6.408110000000000195e-01 -7.676969999999999628e-01 -1.686999999999999915e-03
7.000000000000000000e+00 5.800000000000000000e+01 3.100000000000000000e+01 0.000000000000000000e+00 1.600000000000000089e+00 -1.217999999999999899e-03 -3.778000000000000108e-03 9.999919999999999920e-01 -7.692750000000000421e-01 -6.389089999999999492e-01 -3.350000000000000113e-03 6.389160000000000394e-01 -7.692729999999999846e-01 -2.128000000000000117e-03
1.500000000000000000e+01 5.800000000000000000e+01 3.100000000000000000e+01 0.000000000000000000e+00 1.600000000000000089e+00 1.262000000000000101e-03 -1.301999999999999989e-03 9.999980000000000535e-01 -7.748850000000000460e-01 -6.321020000000000527e-01 1.550000000000000000e-04 6.321010000000000240e-01 -7.748840000000000172e-01 -1.806000000000000097e-03
2.300000000000000000e+01 5.800000000000000000e+01 3.100000000000000000e+01 0.000000000000000000e+00 1.600000000000000089e+00 -3.145999999999999925e-03 -4.550000000000000008e-04 9.999949999999999672e-01 -7.773980000000000334e-01 -6.290029999999999788e-01 -2.732000000000000053e-03 6.290010000000000323e-01 -7.774029999999999552e-01 1.624999999999999925e-03
1.000000000000000000e+00 4.600000000000000000e+01 3.500000000000000000e+01 0.000000000000000000e+00 1.600000000000000089e+00 1.450000000000000009e-04 -6.319999999999999663e-04 -1.000000000000000000e+00 3.915190000000000059e-01 -9.201700000000000434e-01 6.380000000000000037e-04 -9.201700000000000434e-01 -3.915190000000000059e-01 1.140000000000000063e-04
5.000000000000000000e+00 4.600000000000000000e+01 3.500000000000000000e+01 0.000000000000000000e+00 1.600000000000000089e+00 -1.289999999999999914e-04 -6.369999999999999794e-04 -1.000000000000000000e+00 3.908099999999999907e-01 -9.204710000000000392e-01 5.360000000000000181e-04 -9.204710000000000392e-01 -3.908099999999999907e-01 3.680000000000000003e-04
1.200000000000000000e+01 4.600000000000000000e+01 3.500000000000000000e+01 0.000000000000000000e+00 1.600000000000000089e+00 -3.959999999999999762e-04 -2.436999999999999930e-03 -9.999970000000000248e-01 3.903030000000000110e-01 -9.206839999999999469e-01 2.089000000000000145e-03 -9.206860000000000044e-01 -3.903010000000000090e-01 1.315999999999999896e-03
1.800000000000000000e+01 4.600000000000000000e+01 3.500000000000000000e+01 0.000000000000000000e+00 1.600000000000000089e+00 -2.649999999999999903e-04 -7.749999999999999728e-04 -1.000000000000000000e+00 3.908570000000000100e-01 -9.204510000000000192e-01 6.099999999999999737e-04 -9.204510000000000192e-01 -3.908570000000000100e-01 5.469999999999999602e-04
2.100000000000000000e+01 4.600000000000000000e+01 3.500000000000000000e+01 0.000000000000000000e+00 1.600000000000000089e+00 -3.009999999999999980e-04 3.052000000000000025e-03 -9.999949999999999672e-01 3.913760000000000017e-01 -9.202259999999999884e-01 -2.926000000000000215e-03 -9.202310000000000212e-01 -3.913749999999999729e-01 -9.179999999999999792e-04
2.600000000000000000e+01 4.600000000000000000e+01 3.500000000000000000e+01 0.000000000000000000e+00 1.600000000000000089e+00 -4.189999999999999931e-04 -9.380000000000000317e-04 -9.999989999999999712e-01 3.923249999999999793e-01 -9.198260000000000325e-01 6.989999999999999686e-04 -9.198269999999999502e-01 -3.923240000000000061e-01 7.529999999999999801e-04
7.000000000000000000e+00 3.000000000000000000e+00 4.300000000000000000e+01 0.000000000000000000e+00 1.600000000000000089e+00 -5.310000000000000050e-04 6.353000000000000140e-03 -9.999799999999999800e-01 7.409430000000000183e-01 -6.715520000000000378e-01 -4.660000000000000080e-03 -6.715680000000000538e-01 -7.409299999999999775e-01 -4.349999999999999700e-03
4.000000000000000000e+00 8.000000000000000000e+00 4.400000000000000000e+01 0.000000000000000000e+00 1.600000000000000089e+00 3.593999999999999972e-03 4.504000000000000191e-03 9.999829999999999552e-01 -7.883670000000000400e-01 -6.151799999999999491e-01 5.604999999999999739e-03 6.151950000000000474e-01 -7.883740000000000192e-01 1.340000000000000045e-03
8.000000000000000000e+00 8.000000000000000000e+00 4.400000000000000000e+01 0.000000000000000000e+00 1.600000000000000089e+00 2.111000000000000029e-03 3.798999999999999860e-03 9.999909999999999632e-01 -7.904290000000000482e-01 -6.125399999999999734e-01 3.995000000000000287e-03 6.125500000000000389e-01 -7.904299999999999660e-01 1.709999999999999932e-03
3.000000000000000000e+00 2.900000000000000000e+01 4.400000000000000000e+01 0.000000000000000000e+00 1.600000000000000089e+00 8.850000000000000444e-04 2.049000000000000040e-03 -9.999970000000000248e-01 6.558979999999999810e-01 7.548460000000000170e-01 2.126999999999999984e-03 7.548489999999999922e-01 -6.558990000000000098e-01 -6.759999999999999516e-04
7.000000000000000000e+00 2.900000000000000000e+01 4.400000000000000000e+01 0.000000000000000000e+00 1.600000000000000089e+00 3.399999999999999973e-05 -8.739999999999999939e-04 -1.000000000000000000e+00 6.559779999999999500e-01 7.547789999999999777e-01 -6.369999999999999794e-04 7.547800000000000065e-01 -6.559779999999999500e-01 5.990000000000000316e-04
1.000000000000000000e+01 2.900000000000000000e+01 4.400000000000000000e+01 0.000000000000000000e+00 1.600000000000000089e+00 -1.101999999999999898e-03 -2.052000000000000005e-03 -9.999970000000000248e-01 6.550249999999999684e-01 7.556040000000000534e-01 -2.272999999999999847e-03 7.556070000000000286e-01 -6.550249999999999684e-01 5.119999999999999768e-04
1.600000000000000000e+01 2.900000000000000000e+01 4.400000000000000000e+01 0.000000000000000000e+00 1.600000000000000089e+00 1.502999999999999996e-03 8.859999999999999603e-04 -9.999989999999999712e-01 6.528549999999999631e-01 7.574809999999999599e-01 1.652000000000000040e-03 7.574809999999999599e-01 -6.528570000000000206e-01 5.599999999999999509e-04
1.900000000000000000e+01 2.900000000000000000e+01 4.400000000000000000e+01 0.000000000000000000e+00 1.600000000000000089e+00 -1.139000000000000038e-03 -1.265999999999999981e-03 -9.999989999999999712e-01 6.549500000000000322e-01 7.556699999999999529e-01 -1.703000000000000087e-03 7.556709999999999816e-01 -6.549509999999999499e-01 -3.199999999999999855e-05
2.300000000000000000e+01 2.900000000000000000e+01 4.400000000000000000e+01 0.000000000000000000e+00 1.600000000000000089e+00 -1.748999999999999904e-03 1.059000000000000045e-03 -9.999980000000000535e-01 6.586499999999999577e-01 7.524490000000000345e-01 -3.559999999999999797e-04 7.524469999999999770e-01 -6.586490000000000400e-01 -2.014000000000000165e-03
2.800000000000000000e+01 2.900000000000000000e+01 4.400000000000000000e+01 0.000000000000000000e+00 1.600000000000000089e+00 7.829999999999999504e-04 1.482999999999999943e-03 -9.999989999999999712e-01 6.538650000000000295e-01 7.566100000000000048e-01 1.634000000000000036e-03 7.566110000000000335e-01 -6.538650000000000295e-01 -3.780000000000000265e-04
1.300000000000000000e+01 6.500000000000000000e+01 4.600000000000000000e+01 0.000000000000000000e+00 1.600000000000000089e+00 3.213000000000000144e-03 -1.724999999999999971e-03 9.999930000000000208e-01 6.810589999999999700e-01 -7.322199999999999820e-01 -3.451000000000000074e-03 7.322210000000000107e-01 6.810659999999999492e-01 -1.177000000000000095e-03
8.000000000000000000e+00 5.000000000000000000e+00 5.100000000000000000e+01 0.000000000000000000e+00 1.600000000000000089e+00 6.650000000000000095e-04 8.590000000000000413e-03 -9.999630000000000463e-01 4.668459999999999832e-01 -8.843090000000000117e-01 -7.285999999999999942e-03 -8.843379999999999574e-01 -4.668240000000000167e-01 -4.597999999999999657e-03
2.400000000000000000e+01 5.000000000000000000e+00 5.100000000000000000e+01 0.000000000000000000e+00 1.600000000000000089e+00 1.018600000000000061e-02 -1.179000000000000013e-02 -9.998789999999999623e-01 4.675750000000000184e-01 -8.838230000000000253e-01 1.518500000000000058e-02 -8.838949999999999863e-01 -4.676719999999999766e-01 -3.490000000000000047e-03
2.900000000000000000e+01 5.000000000000000000e+00 5.100000000000000000e+01 0.000000000000000000e+00 1.600000000000000089e+00 4.897999999999999576e-03 -9.655999999999999653e-03 -9.999409999999999688e-01 4.785960000000000214e-01 -8.779689999999999994e-01 1.082200000000000002e-02 -8.780219999999999692e-01 -4.786210000000000186e-01 3.209999999999999963e-04
1.500000000000000000e+01 6.000000000000000000e+00 5.100000000000000000e+01 0.000000000000000000e+00 1.600000000000000089e+00 -2.982999999999999974e-03 1.000999999999999980e-02 -9.999449999999999728e-01 2.874439999999999773e-01 -9.577400000000000357e-01 -1.044499999999999942e-02 -9.577930000000000055e-01 -2.874599999999999933e-01 -2.099999999999999884e-05
1.500000000000000000e+01 7.000000000000000000e+00 5.200000000000000000e+01 0.000000000000000000e+00 1.600000000000000089e+00 -1.221000000000000080e-03 8.706000000000000197e-03 -9.999609999999999888e-01 3.952800000000000064e-02 -9.991799999999999571e-01 -8.746999999999999567e-03 -9.992180000000000506e-01 -3.953700000000000270e-02 8.760000000000000425e-04
2.000000000000000000e+00 6.300000000000000000e+01 5.400000000000000000e+01 0.000000000000000000e+00 1.600000000000000089e+00 1.409000000000000096e-03 -1.183999999999999940e-03 9.999980000000000535e-01 -3.496349999999999736e-01 9.368840000000000501e-01 1.601999999999999908e-03 -9.368849999999999678e-01 -3.496369999999999756e-01 9.060000000000000128e-04
1.100000000000000000e+01 6.300000000000000000e+01 5.400000000000000000e+01 0.000000000000000000e+00 1.600000000000000089e+00 -8.880000000000000089e-04 -5.400000000000000069e-04 9.999989999999999712e-01 -3.469920000000000226e-01 9.378680000000000350e-01 1.979999999999999881e-04 -9.378680000000000350e-01 -3.469920000000000226e-01 -1.020999999999999989e-03
1.600000000000000000e+01 6.300000000000000000e+01 5.400000000000000000e+01 0.000000000000000000e+00 1.600000000000000089e+00 1.299999999999999886e-04 2.605000000000000111e-03 9.999970000000000248e-01 -3.486029999999999962e-01 9.372669999999999613e-01 -2.396000000000000126e-03 -9.372700000000000475e-01 -3.486020000000000230e-01 1.030000000000000100e-03
1.900000000000000000e+01 6.300000000000000000e+01 5.400000000000000000e+01 0.000000000000000000e+00 1.600000000000000089e+00 1.710000000000000094e-04 4.059000000000000108e-03 9.999919999999999920e-01 -3.527500000000000080e-01 9.357100000000000417e-01 -3.738000000000000003e-03 -9.357180000000000497e-01 -3.527460000000000040e-01 1.592000000000000099e-03
2.400000000000000000e+01 6.300000000000000000e+01 5.400000000000000000e+01 0.000000000000000000e+00 1.600000000000000089e+00 -1.975999999999999892e-03 -3.207999999999999914e-03 9.999930000000000208e-01 -3.518789999999999973e-01 9.360429999999999584e-01 2.307000000000000023e-03 -9.360429999999999584e-01 -3.518720000000000181e-01 -2.978999999999999877e-03
2.900000000000000000e+01 6.300000000000000000e+01 5.400000000000000000e+01 0.000000000000000000e+00 1.600000000000000089e+00 -4.699999999999999859e-04 -6.399999999999999710e-05 1.000000000000000000e+00 -3.468419999999999837e-01 9.379239999999999799e-01 -1.029999999999999964e-04 -9.379229999999999512e-01 -3.468419999999999837e-01 -4.629999999999999784e-04
1.500000000000000000e+01 2.500000000000000000e+01 5.500000000000000000e+01 0.000000000000000000e+00 1.600000000000000089e+00 1.435999999999999993e-03 5.839999999999999705e-03 -9.999820000000000375e-01 -1.923199999999999910e-02 -9.997979999999999645e-01 -5.866999999999999819e-03 -9.998139999999999805e-01 1.924000000000000016e-02 -1.322999999999999957e-03
3.000000000000000000e+01 2.500000000000000000e+01 5.500000000000000000e+01 0.000000000000000000e+00 1.600000000000000089e+00 1.667000000000000079e-03 9.890000000000000787e-04 -9.999980000000000535e-01 -1.382599999999999975e-02 -9.999040000000000150e-01 -1.012000000000000096e-03 -9.999029999999999863e-01 1.382800000000000001e-02 -1.652999999999999955e-03
1.000000000000000000e+00 2.100000000000000000e+01 6.000000000000000000e+01 0.000000000000000000e+00 1.600000000000000089e+00 -1.580999999999999940e-03 -8.765999999999999487e-03 9.999599999999999600e-01 -9.605800000000000449e-02 9.953389999999999738e-01 8.573000000000000759e-03 -9.953750000000000098e-01 -9.604100000000000137e-02 -2.416000000000000179e-03
5.000000000000000000e+00 2.100000000000000000e+01 6.000000000000000000e+01 0.000000000000000000e+00 1.600000000000000089e+00 -2.280000000000000126e-04 1.917000000000000084e-03 9.999980000000000535e-01 -9.531499999999999695e-02 9.954450000000000243e-01 -1.930000000000000075e-03 -9.954469999999999708e-01 -9.531499999999999695e-02 -4.399999999999999886e-05
7.000000000000000000e+00 2.100000000000000000e+01 6.000000000000000000e+01 0.000000000000000000e+00 1.600000000000000089e+00 8.069999999999999916e-04 4.997999999999999839e-03 9.999869999999999592e-01 -9.460300000000000653e-02 9.955030000000000268e-01 -4.898999999999999709e-03 -9.955150000000000388e-01 -9.459800000000000153e-02 1.276000000000000007e-03
1.900000000000000000e+01 2.100000000000000000e+01 6.000000000000000000e+01 0.000000000000000000e+00 1.600000000000000089e+00 -9.899999999999999404e-05 5.383999999999999897e-03 9.999860000000000415e-01 -9.533200000000000007e-02 9.954309999999999548e-01 -5.368999999999999641e-03 -9.954450000000000243e-01 -9.533099999999999907e-02 4.139999999999999800e-04
2.300000000000000000e+01 2.100000000000000000e+01 6.000000000000000000e+01 0.000000000000000000e+00 1.600000000000000089e+00 7.010000000000000172e-04 5.300000000000000024e-03 9.999860000000000415e-01 -9.735499999999999710e-02 9.952360000000000095e-01 -5.206999999999999823e-03 -9.952490000000000503e-01 -9.735000000000000597e-02 1.213000000000000102e-03
2.800000000000000000e+01 2.100000000000000000e+01 6.000000000000000000e+01 0.000000000000000000e+00 1.600000000000000089e+00 -1.608000000000000054e-03 -6.778000000000000171e-03 9.999759999999999760e-01 -9.618400000000000560e-02 9.953419999999999490e-01 6.591999999999999769e-03 -9.953619999999999690e-01 -9.617100000000000648e-02 -2.252000000000000095e-03
1.300000000000000000e+01 6.700000000000000000e+01 6.000000000000000000e+01 0.000000000000000000e+00 1.600000000000000089e+00 -1.077000000000000049e-03 -2.635000000000000189e-03 9.999959999999999960e-01 1.749610000000000054e-01 -9.845720000000000027e-01 -2.406000000000000152e-03 9.845749999999999780e-01 1.749580000000000024e-01 1.521999999999999915e-03
1.900000000000000000e+01 6.700000000000000000e+01 6.000000000000000000e+01 0.000000000000000000e+00 1.600000000000000089e+00 1.789999999999999870e-04 1.628000000000000107e-03 9.999989999999999712e-01 1.757940000000000058e-01 -9.844260000000000232e-01 1.570999999999999914e-03 9.844270000000000520e-01 1.757930000000000048e-01 -4.620000000000000083e-04
9.000000000000000000e+00 6.000000000000000000e+00 6.100000000000000000e+01 0.000000000000000000e+00 1.600000000000000089e+00 -1.345999999999999974e-03 1.316499999999999962e-02 9.999120000000000230e-01 5.704190000000000094e-01 -8.212720000000000020e-01 1.158099999999999928e-02 8.213529999999999998e-01 5.703840000000000021e-01 -6.403999999999999970e-03
1.500000000000000000e+01 6.000000000000000000e+00 6.100000000000000000e+01 0.000000000000000000e+00 1.600000000000000089e+00 -2.347000000000000128e-03 -4.627000000000000036e-03 9.999869999999999592e-01 5.683899999999999508e-01 -8.227560000000000429e-01 -2.472999999999999938e-03 8.227560000000000429e-01 5.683759999999999923e-01 4.559999999999999817e-03
2.700000000000000000e+01 6.000000000000000000e+00 6.100000000000000000e+01 0.000000000000000000e+00 1.600000000000000089e+00 -2.517999999999999839e-03 5.817000000000000122e-03 9.999799999999999800e-01 5.706970000000000098e-01 -8.211370000000000058e-01 6.213999999999999906e-03 8.211570000000000258e-01 5.707010000000000138e-01 -1.252000000000000075e-03
