2.400000000000000000e+01 2.500000000000000000e+01 1.000000000000000000e+00 0.000000000000000000e+00 1.600000000000000089e+00 -4.036999999999999790e-03 -4.630999999999999700e-03 -9.999810000000000088e-01 -5.310580000000000300e-01 -8.473140000000000116e-01 6.067999999999999609e-03 -8.473260000000000236e-01 5.310719999999999885e-01 9.619999999999999645e-04
8.000000000000000000e+00 1.500000000000000000e+01 4.000000000000000000e+00 0.000000000000000000e+00 1.600000000000000089e+00 2.413999999999999913e-03 1.020999999999999989e-03 9.999970000000000248e-01 2.815719999999999890e-01 -9.595399999999999485e-01 2.999999999999999737e-04 9.595369999999999733e-01 2.815699999999999870e-01 -2.603999999999999978e-03
1.200000000000000000e+01 1.500000000000000000e+01 4.000000000000000000e+00 0.000000000000000000e+00 1.600000000000000089e+00 -9.430000000000000448e-04 2.931000000000000012e-03 9.999949999999999672e-01 2.913020000000000054e-01 -9.566259999999999764e-01 3.079000000000000140e-03 9.566310000000000091e-01 2.913029999999999786e-01 4.800000000000000122e-05
1.800000000000000000e+01 1.500000000000000000e+01 4.000000000000000000e+00 0.000000000000000000e+00 1.600000000000000089e+00 4.110000000000000155e-04 -2.746000000000000177e-03 9.999959999999999960e-01 2.939590000000000258e-01 -9.558140000000000525e-01 -2.745000000000000044e-03 9.558179999999999454e-01 2.939590000000000258e-01 4.150000000000000043e-04
2.400000000000000000e+01 1.500000000000000000e+01 4.000000000000000000e+00 0.000000000000000000e+00 1.600000000000000089e+00 3.249999999999999851e-04 -1.945399999999999907e-02 9.998110000000000053e-01 2.904789999999999872e-01 -9.566980000000000484e-01 -1.870899999999999994e-02 9.568809999999999816e-01 2.904300000000000215e-01 5.340000000000000129e-03
2.000000000000000000e+00 1.010000000000000000e+02 7.000000000000000000e+00 0.000000000000000000e+00 1.600000000000000089e+00 -1.330000000000000073e-04 -2.212799999999999837e-02 9.997549999999999493e-01 8.864750000000000130e-01 4.626600000000000157e-01 1.035799999999999915e-02 -4.627760000000000207e-01 8.862590000000000190e-01 1.955399999999999847e-02
8.000000000000000000e+00 1.010000000000000000e+02 7.000000000000000000e+00 0.000000000000000000e+00 1.600000000000000089e+00 -9.610000000000000486e-04 -6.817000000000000143e-03 9.999759999999999760e-01 8.856479999999999908e-01 4.643399999999999750e-01 4.016999999999999738e-03 -4.643559999999999910e-01 8.856309999999999460e-01 5.590999999999999616e-03
1.200000000000000000e+01 1.010000000000000000e+02 7.000000000000000000e+00 0.000000000000000000e+00 1.600000000000000089e+00 2.057999999999999934e-03 1.652999999999999955e-03 9.999959999999999960e-01 8.849759999999999849e-01 4.656299999999999883e-01 -2.590999999999999987e-03 -4.656330000000000191e-01 8.849780000000000424e-01 -5.050000000000000235e-04
2.000000000000000000e+01 1.010000000000000000e+02 7.000000000000000000e+00 0.000000000000000000e+00 1.600000000000000089e+00 -2.063999999999999863e-03 -1.562699999999999853e-02 9.998759999999999870e-01 8.867660000000000542e-01 4.621299999999999852e-01 9.053000000000000283e-03 -4.622140000000000137e-01 8.866749999999999909e-01 1.290400000000000054e-02
6.000000000000000000e+00 1.500000000000000000e+01 8.000000000000000000e+00 0.000000000000000000e+00 1.600000000000000089e+00 -4.070999999999999966e-03 -7.199999999999999803e-03 -9.999660000000000215e-01 -5.900079999999999769e-01 -8.073550000000000448e-01 8.215999999999999345e-03 -8.073869999999999658e-01 5.900210000000000177e-01 -9.610000000000000486e-04
1.100000000000000000e+01 1.500000000000000000e+01 8.000000000000000000e+00 0.000000000000000000e+00 1.600000000000000089e+00 -2.168999999999999921e-03 -2.095000000000000074e-03 -9.999949999999999672e-01 -5.918299999999999672e-01 -8.060580000000000522e-01 2.972999999999999948e-03 -8.060599999999999987e-01 5.918330000000000535e-01 5.090000000000000123e-04
2.200000000000000000e+01 1.500000000000000000e+01 8.000000000000000000e+00 0.000000000000000000e+00 1.600000000000000089e+00 -2.095000000000000074e-03 -6.569000000000000186e-03 -9.999759999999999760e-01 -5.911969999999999725e-01 -8.065010000000000234e-01 6.537000000000000276e-03 -8.065250000000000474e-01 5.911960000000000548e-01 -2.194000000000000204e-03
2.600000000000000000e+01 1.500000000000000000e+01 8.000000000000000000e+00 0.000000000000000000e+00 1.600000000000000089e+00 -2.995999999999999965e-03 -1.945699999999999860e-02 -9.998059999999999725e-01 -5.935369999999999813e-01 -8.046180000000000554e-01 1.743700000000000111e-02 -8.048009999999999886e-01 5.934739999999999460e-01 -9.138000000000000289e-03
2.000000000000000000e+00 2.600000000000000000e+01 8.000000000000000000e+00 0.000000000000000000e+00 1.600000000000000089e+00 3.520000000000000125e-03 1.024699999999999916e-02 -9.999409999999999688e-01 4.016989999999999728e-01 9.157079999999999664e-01 1.079800000000000031e-02 9.157650000000000512e-01 -4.017129999999999868e-01 -8.930000000000000221e-04
6.000000000000000000e+00 2.400000000000000000e+01 9.000000000000000000e+00 0.000000000000000000e+00 1.600000000000000089e+00 2.863000000000000093e-03 5.597000000000000412e-03 -9.999799999999999800e-01 4.592419999999999836e-01 8.882889999999999953e-01 6.287000000000000054e-03 8.883069999999999578e-01 -4.592510000000000203e-01 -2.699999999999999899e-05
1.100000000000000000e+01 2.400000000000000000e+01 9.000000000000000000e+00 0.000000000000000000e+00 1.600000000000000089e+00 2.488999999999999893e-03 9.589000000000000301e-03 -9.999510000000000343e-01 4.595210000000000128e-01 8.881139999999999590e-01 9.660999999999999449e-03 8.881639999999999535e-01 -4.595219999999999860e-01 -2.196000000000000035e-03
1.600000000000000000e+01 2.400000000000000000e+01 9.000000000000000000e+00 0.000000000000000000e+00 1.600000000000000089e+00 1.147999999999999932e-03 3.909000000000000148e-03 -9.999919999999999920e-01 4.598070000000000213e-01 8.880099999999999660e-01 3.998999999999999951e-03 8.880179999999999740e-01 -4.598070000000000213e-01 -7.780000000000000457e-04
2.100000000000000000e+01 2.400000000000000000e+01 9.000000000000000000e+00 0.000000000000000000e+00 1.600000000000000089e+00 2.370999999999999844e-03 8.446999999999999648e-03 -9.999609999999999888e-01 4.585879999999999956e-01 8.886070000000000357e-01 8.593999999999999209e-03 8.886460000000000470e-01 -4.585910000000000264e-01 -1.766999999999999908e-03
2.600000000000000000e+01 2.400000000000000000e+01 9.000000000000000000e+00 0.000000000000000000e+00 1.600000000000000089e+00 4.047000000000000250e-03 1.041800000000000018e-02 -9.999379999999999935e-01 4.580659999999999732e-01 8.888490000000000002e-01 1.111400000000000061e-02 8.889089999999999492e-01 -4.580819999999999892e-01 -1.175000000000000046e-03
1.400000000000000000e+01 4.000000000000000000e+00 1.100000000000000000e+01 0.000000000000000000e+00 1.600000000000000089e+00 2.004999999999999838e-03 1.476399999999999935e-02 -9.998890000000000278e-01 2.084789999999999976e-01 9.779139999999999500e-01 1.485700000000000041e-02 9.780250000000000332e-01 -2.084860000000000047e-01 -1.116999999999999937e-03
1.800000000000000000e+01 4.000000000000000000e+00 1.100000000000000000e+01 0.000000000000000000e+00 1.600000000000000089e+00 3.106999999999999953e-03 2.109700000000000117e-02 -9.997730000000000228e-01 2.019509999999999916e-01 9.791640000000000343e-01 2.128999999999999990e-02 9.793910000000000116e-01 -2.019710000000000116e-01 -1.217999999999999899e-03
3.000000000000000000e+01 4.000000000000000000e+00 1.100000000000000000e+01 0.000000000000000000e+00 1.600000000000000089e+00 6.570000000000000319e-04 2.103100000000000108e-02 -9.997789999999999733e-01 1.745559999999999889e-01 9.844270000000000520e-01 2.082300000000000123e-02 9.846470000000000500e-01 -1.745309999999999917e-01 -3.024000000000000212e-03
3.000000000000000000e+00 3.100000000000000000e+01 1.200000000000000000e+01 0.000000000000000000e+00 1.600000000000000089e+00 -2.531999999999999963e-03 2.367999999999999879e-03 9.999940000000000495e-01 -2.539599999999999844e-02 9.996739999999999515e-01 -2.431000000000000001e-03 -9.996739999999999515e-01 -2.540200000000000097e-02 -2.471000000000000106e-03
8.000000000000000000e+00 3.100000000000000000e+01 1.200000000000000000e+01 0.000000000000000000e+00 1.600000000000000089e+00 -9.179999999999999792e-04 1.374999999999999920e-03 9.999989999999999712e-01 -2.145800000000000138e-02 9.997690000000000188e-01 -1.394000000000000057e-03 -9.997690000000000188e-01 -2.145899999999999891e-02 -8.880000000000000089e-04
1.500000000000000000e+01 3.100000000000000000e+01 1.200000000000000000e+01 0.000000000000000000e+00 1.600000000000000089e+00 -2.599999999999999772e-04 5.019999999999999506e-04 1.000000000000000000e+00 -1.630099999999999952e-02 9.998669999999999503e-01 -5.060000000000000478e-04 -9.998669999999999503e-01 -1.630099999999999952e-02 -2.519999999999999996e-04
1.900000000000000000e+01 3.100000000000000000e+01 1.200000000000000000e+01 0.000000000000000000e+00 1.600000000000000089e+00 2.359999999999999902e-04 2.200000000000000133e-03 9.999980000000000535e-01 -1.652700000000000002e-02 9.998609999999999998e-01 -2.194999999999999903e-03 -9.998629999999999463e-01 -1.652700000000000002e-02 2.719999999999999979e-04
6.000000000000000000e+00 1.200000000000000000e+01 1.500000000000000000e+01 0.000000000000000000e+00 1.600000000000000089e+00 -2.086000000000000180e-03 -1.374000000000000004e-03 -9.999970000000000248e-01 -4.734380000000000255e-01 -8.808249999999999691e-01 2.197999999999999867e-03 -8.808249999999999691e-01 4.734410000000000007e-01 1.186999999999999904e-03
1.000000000000000000e+01 1.200000000000000000e+01 1.500000000000000000e+01 0.000000000000000000e+00 1.600000000000000089e+00 -2.290000000000000098e-04 3.190000000000000019e-04 -1.000000000000000000e+00 -4.741969999999999796e-01 -8.804189999999999516e-01 -1.730000000000000038e-04 -8.804189999999999516e-01 4.741969999999999796e-01 3.530000000000000152e-04
2.300000000000000000e+01 1.200000000000000000e+01 1.500000000000000000e+01 0.000000000000000000e+00 1.600000000000000089e+00 -1.013000000000000012e-03 -2.765000000000000097e-03 -9.999959999999999960e-01 -4.731009999999999938e-01 -8.810029999999999806e-01 2.915000000000000056e-03 -8.810069999999999846e-01 4.731020000000000225e-01 -4.150000000000000043e-04
6.000000000000000000e+00 1.100000000000000000e+01 1.600000000000000000e+01 0.000000000000000000e+00 1.600000000000000089e+00 -1.613000000000000067e-03 -1.845000000000000069e-03 -9.999970000000000248e-01 -4.211960000000000148e-01 -9.069669999999999677e-01 2.353000000000000057e-03 -9.069679999999999964e-01 4.211980000000000168e-01 6.859999999999999779e-04
4.000000000000000000e+00 1.160000000000000000e+02 1.600000000000000000e+01 0.000000000000000000e+00 1.600000000000000089e+00 -2.941000000000000038e-03 -6.549999999999999833e-04 9.999949999999999672e-01 6.774240000000000261e-01 7.355880000000000196e-01 2.475000000000000203e-03 -7.355869999999999909e-01 6.774280000000000301e-01 -1.719999999999999958e-03
1.100000000000000000e+01 1.160000000000000000e+02 1.600000000000000000e+01 0.000000000000000000e+00 1.600000000000000089e+00 1.048000000000000103e-03 1.814000000000000074e-03 9.999980000000000535e-01 6.910680000000000156e-01 7.227869999999999573e-01 -2.034999999999999917e-03 -7.227890000000000148e-01 6.910690000000000444e-01 -4.960000000000000216e-04
1.900000000000000000e+01 1.160000000000000000e+02 1.600000000000000000e+01 0.000000000000000000e+00 1.600000000000000089e+00 -1.472000000000000001e-03 -1.873000000000000099e-03 9.999970000000000248e-01 6.680230000000000334e-01 7.441370000000000484e-01 2.377000000000000206e-03 -7.441389999999999949e-01 6.680249999999999799e-01 1.559999999999999972e-04
3.000000000000000000e+00 2.000000000000000000e+00 1.900000000000000000e+01 0.000000000000000000e+00 1.600000000000000089e+00 6.130000000000000466e-04 -7.242000000000000173e-03 -9.999740000000000295e-01 2.154139999999999944e-01 -9.764960000000000306e-01 7.204000000000000334e-03 -9.765230000000000299e-01 -2.154119999999999924e-01 9.610000000000000486e-04
7.000000000000000000e+00 2.000000000000000000e+00 1.900000000000000000e+01 0.000000000000000000e+00 1.600000000000000089e+00 7.739999999999999485e-04 -1.381899999999999969e-02 -9.999040000000000150e-01 2.197379999999999889e-01 -9.754629999999999690e-01 1.365099999999999994e-02 -9.755589999999999540e-01 -2.197280000000000066e-01 2.282000000000000174e-03
1.000000000000000000e+01 2.000000000000000000e+00 1.900000000000000000e+01 0.000000000000000000e+00 1.600000000000000089e+00 -8.090000000000000403e-04 -1.002800000000000046e-02 -9.999489999999999768e-01 2.207679999999999920e-01 -9.752790000000000070e-01 9.601999999999999424e-03 -9.753260000000000263e-01 -2.207490000000000008e-01 3.003000000000000027e-03
2.000000000000000000e+01 2.000000000000000000e+00 1.900000000000000000e+01 0.000000000000000000e+00 1.600000000000000089e+00 4.017999999999999870e-03 4.133999999999999654e-03 -9.999829999999999552e-01 2.149429999999999952e-01 -9.766209999999999614e-01 -3.173000000000000039e-03 -9.766179999999999861e-01 -2.149270000000000069e-01 -4.812000000000000305e-03
2.700000000000000000e+01 2.000000000000000000e+00 1.900000000000000000e+01 0.000000000000000000e+00 1.600000000000000089e+00 -1.136999999999999990e-03 -3.321000000000000167e-03 -9.999940000000000495e-01 2.091590000000000116e-01 -9.778769999999999962e-01 3.010000000000000089e-03 -9.778810000000000002e-01 -2.091540000000000066e-01 1.806000000000000097e-03
2.900000000000000000e+01 4.000000000000000000e+00 2.000000000000000000e+01 0.000000000000000000e+00 1.600000000000000089e+00 6.310000000000000504e-04 3.644000000000000104e-03 -9.999930000000000208e-01 2.952420000000000044e-01 -9.554169999999999607e-01 -3.295000000000000186e-03 -9.554219999999999935e-01 -2.952380000000000004e-01 -1.678999999999999937e-03
4.000000000000000000e+00 1.300000000000000000e+01 2.000000000000000000e+01 0.000000000000000000e+00 1.600000000000000089e+00 -1.131999999999999977e-03 2.399000000000000091e-03 9.999959999999999960e-01 2.606930000000000081e-01 9.654199999999999449e-01 -2.020999999999999793e-03 -9.654209999999999736e-01 2.606899999999999773e-01 -1.717999999999999909e-03
8.000000000000000000e+00 1.300000000000000000e+01 2.000000000000000000e+01 0.000000000000000000e+00 1.600000000000000089e+00 -6.509999999999999945e-04 2.191999999999999938e-03 9.999970000000000248e-01 2.607679999999999998e-01 9.654000000000000359e-01 -1.946000000000000030e-03 -9.654009999999999536e-01 2.607659999999999978e-01 -1.199999999999999895e-03
1.100000000000000000e+01 1.300000000000000000e+01 2.000000000000000000e+01 0.000000000000000000e+00 1.600000000000000089e+00 -3.190000000000000019e-04 1.348999999999999939e-03 9.999989999999999712e-01 2.606220000000000203e-01 9.654399999999999649e-01 -1.219000000000000031e-03 -9.654409999999999936e-01 2.606209999999999916e-01 -6.599999999999999964e-04
2.000000000000000000e+01 1.300000000000000000e+01 2.000000000000000000e+01 0.000000000000000000e+00 1.600000000000000089e+00 -2.359999999999999902e-04 1.175000000000000046e-03 9.999989999999999712e-01 2.618320000000000092e-01 9.651129999999999987e-01 -1.072000000000000036e-03 -9.651129999999999987e-01 2.618320000000000092e-01 -5.360000000000000181e-04
2.300000000000000000e+01 1.300000000000000000e+01 2.000000000000000000e+01 0.000000000000000000e+00 1.600000000000000089e+00 -9.169999999999999549e-04 -6.173999999999999801e-03 9.999810000000000088e-01 2.623610000000000109e-01 9.649499999999999744e-01 6.198000000000000384e-03 -9.649689999999999657e-01 2.623610000000000109e-01 7.349999999999999763e-04
8.000000000000000000e+00 1.600000000000000000e+01 2.100000000000000000e+01 0.000000000000000000e+00 1.600000000000000089e+00 -1.132999999999999893e-03 1.286000000000000034e-03 9.999989999999999712e-01 3.021209999999999729e-01 9.532690000000000330e-01 -8.840000000000000201e-04 -9.532690000000000330e-01 3.021199999999999997e-01 -1.467999999999999904e-03
1.400000000000000000e+01 1.600000000000000000e+01 2.100000000000000000e+01 0.000000000000000000e+00 1.600000000000000089e+00 3.890000000000000228e-04 3.393000000000000183e-03 9.999940000000000495e-01 3.023680000000000256e-01 9.531849999999999490e-01 -3.350999999999999812e-03 -9.531910000000000105e-01 3.023680000000000256e-01 -6.549999999999999833e-04
2.000000000000000000e+01 1.600000000000000000e+01 2.100000000000000000e+01 0.000000000000000000e+00 1.600000000000000089e+00 -3.699999999999999947e-04 3.311999999999999840e-03 9.999949999999999672e-01 2.998500000000000054e-01 9.539809999999999679e-01 -3.047999999999999928e-03 -9.539860000000000007e-01 2.998469999999999747e-01 -1.345999999999999974e-03
2.300000000000000000e+01 1.600000000000000000e+01 2.100000000000000000e+01 0.000000000000000000e+00 1.600000000000000089e+00 -2.149999999999999947e-04 -8.174000000000000710e-03 9.999670000000000503e-01 3.005340000000000233e-01 9.537390000000000034e-01 7.860999999999999932e-03 -9.537710000000000354e-01 3.005260000000000153e-01 2.250999999999999963e-03
2.700000000000000000e+01 1.600000000000000000e+01 2.100000000000000000e+01 0.000000000000000000e+00 1.600000000000000089e+00 1.441000000000000007e-03 -6.949000000000000316e-03 9.999749999999999472e-01 3.031559999999999810e-01 9.529210000000000180e-01 6.185000000000000393e-03 -9.529400000000000093e-01 3.031400000000000206e-01 3.480000000000000020e-03
7.000000000000000000e+00 4.600000000000000000e+01 2.700000000000000000e+01 0.000000000000000000e+00 1.600000000000000089e+00 -4.028000000000000330e-03 -3.190000000000000127e-03 -9.999869999999999592e-01 6.591759999999999842e-01 7.519709999999999450e-01 -5.054000000000000332e-03 7.519780000000000353e-01 -6.591879999999999962e-01 -9.259999999999999568e-04
1.200000000000000000e+01 4.600000000000000000e+01 2.700000000000000000e+01 0.000000000000000000e+00 1.600000000000000089e+00 6.960000000000000041e-04 1.479000000000000063e-03 -9.999989999999999712e-01 6.579239999999999533e-01 7.530829999999999469e-01 1.572000000000000047e-03 7.530839999999999756e-01 -6.579239999999999533e-01 -4.490000000000000176e-04
1.000000000000000000e+00 4.600000000000000000e+01 3.000000000000000000e+01 0.000000000000000000e+00 1.600000000000000089e+00 2.426999999999999904e-03 9.110000000000000259e-04 -9.999970000000000248e-01 3.196160000000000112e-01 9.475459999999999994e-01 1.639000000000000049e-03 9.475440000000000529e-01 -3.196189999999999864e-01 2.008999999999999935e-03
5.000000000000000000e+00 4.600000000000000000e+01 3.000000000000000000e+01 0.000000000000000000e+00 1.600000000000000089e+00 -1.270000000000000078e-03 -3.899000000000000122e-03 -9.999919999999999920e-01 3.167760000000000020e-01 9.484920000000000018e-01 -4.100999999999999611e-03 9.485000000000000098e-01 -3.167780000000000040e-01 3.100000000000000135e-05
1.100000000000000000e+01 4.600000000000000000e+01 3.000000000000000000e+01 0.000000000000000000e+00 1.600000000000000089e+00 -1.920000000000000049e-04 8.170000000000000179e-04 -1.000000000000000000e+00 3.187860000000000138e-01 9.478269999999999751e-01 7.140000000000000079e-04 9.478269999999999751e-01 -3.187849999999999850e-01 -4.420000000000000101e-04
1.500000000000000000e+01 4.600000000000000000e+01 3.000000000000000000e+01 0.000000000000000000e+00 1.600000000000000089e+00 1.350000000000000071e-03 -1.090000000000000067e-04 -9.999989999999999712e-01 3.241780000000000217e-01 9.459959999999999480e-01 3.350000000000000113e-04 9.459950000000000303e-01 -3.241780000000000217e-01 1.312000000000000015e-03
2.300000000000000000e+01 4.600000000000000000e+01 3.000000000000000000e+01 0.000000000000000000e+00 1.600000000000000089e+00 1.185000000000000072e-03 2.069999999999999792e-03 -9.999970000000000248e-01 3.256339999999999790e-01 9.454930000000000279e-01 2.343000000000000031e-03 9.454949999999999743e-01 -3.256359999999999810e-01 4.459999999999999989e-04
2.800000000000000000e+01 4.600000000000000000e+01 3.000000000000000000e+01 0.000000000000000000e+00 1.600000000000000089e+00 -2.049999999999999956e-04 -2.936999999999999941e-03 -9.999959999999999960e-01 3.217570000000000152e-01 9.468180000000000485e-01 -2.847000000000000138e-03 9.468220000000000525e-01 -3.217559999999999865e-01 7.510000000000000399e-04
7.000000000000000000e+00 5.800000000000000000e+01 3.100000000000000000e+01 0.000000000000000000e+00 1.600000000000000089e+00 -1.386999999999999995e-03 -2.106999999999999932e-03 9.999970000000000248e-01 -7.790430000000000410e-01 -6.269660000000000233e-01 -2.402000000000000055e-03 6.269689999999999985e-01 -7.790439999999999587e-01 -7.720000000000000083e-04
1.300000000000000000e+01 5.800000000000000000e+01 3.100000000000000000e+01 0.000000000000000000e+00 1.600000000000000089e+00 -2.175999999999999983e-03 -2.124000000000000020e-03 9.999949999999999672e-01 -7.793029999999999680e-01 -6.266399999999999748e-01 -3.027000000000000177e-03 6.266429999999999501e-01 -7.793060000000000542e-01 -2.919999999999999961e-04
1.500000000000000000e+01 5.800000000000000000e+01 3.100000000000000000e+01 0.000000000000000000e+00 1.600000000000000089e+00 -1.288000000000000082e-03 -1.869999999999999917e-03 9.999970000000000248e-01 -7.809829999999999828e-01 -6.245479999999999920e-01 -2.174000000000000151e-03 6.245509999999999673e-01 -7.809840000000000115e-01 -6.560000000000000076e-04
2.700000000000000000e+01 5.800000000000000000e+01 3.100000000000000000e+01 0.000000000000000000e+00 1.600000000000000089e+00 -3.168999999999999942e-03 -4.695000000000000388e-03 9.999839999999999840e-01 -7.841820000000000457e-01 -6.205079999999999485e-01 -5.398000000000000020e-03 6.205230000000000468e-01 -7.841860000000000497e-01 -1.714999999999999945e-03
2.000000000000000000e+00 4.600000000000000000e+01 3.500000000000000000e+01 0.000000000000000000e+00 1.600000000000000089e+00 2.099999999999999884e-05 -2.873000000000000120e-03 -9.999959999999999960e-01 3.842590000000000172e-01 -9.232219999999999871e-01 2.661000000000000171e-03 -9.232249999999999623e-01 -3.842570000000000152e-01 1.083999999999999894e-03
5.000000000000000000e+00 4.600000000000000000e+01 3.500000000000000000e+01 0.000000000000000000e+00 1.600000000000000089e+00 -5.199999999999999680e-05 -3.919999999999999873e-04 -1.000000000000000000e+00 3.846769999999999912e-01 -9.230509999999999549e-01 3.409999999999999945e-04 -9.230509999999999549e-01 -3.846769999999999912e-01 1.990000000000000124e-04
1.100000000000000000e+01 4.600000000000000000e+01 3.500000000000000000e+01 0.000000000000000000e+00 1.600000000000000089e+00 -1.610000000000000103e-04 -1.589999999999999888e-04 -1.000000000000000000e+00 3.858969999999999900e-01 -9.225419999999999732e-01 8.399999999999999535e-05 -9.225419999999999732e-01 -3.858969999999999900e-01 2.100000000000000087e-04
1.500000000000000000e+01 4.600000000000000000e+01 3.500000000000000000e+01 0.000000000000000000e+00 1.600000000000000089e+00 -1.626000000000000058e-03 5.990000000000000316e-04 -9.999980000000000535e-01 3.852829999999999866e-01 -9.227980000000000071e-01 -1.178999999999999927e-03 -9.227969999999999784e-01 -3.852840000000000154e-01 1.268999999999999946e-03
2.000000000000000000e+01 4.600000000000000000e+01 3.500000000000000000e+01 0.000000000000000000e+00 1.600000000000000089e+00 -1.162000000000000055e-03 3.371999999999999997e-03 -9.999940000000000495e-01 3.860040000000000138e-01 -9.224900000000000322e-01 -3.559000000000000098e-03 -9.224959999999999827e-01 -3.860060000000000158e-01 -2.290000000000000098e-04
2.600000000000000000e+01 4.600000000000000000e+01 3.500000000000000000e+01 0.000000000000000000e+00 1.600000000000000089e+00 -1.820000000000000057e-04 -3.016000000000000018e-03 -9.999949999999999672e-01 3.857650000000000245e-01 -9.225929999999999964e-01 2.713000000000000134e-03 -9.225970000000000004e-01 -3.857630000000000225e-01 1.330999999999999935e-03
3.000000000000000000e+01 4.600000000000000000e+01 3.500000000000000000e+01 0.000000000000000000e+00 1.600000000000000089e+00 -1.680000000000000070e-03 -1.288000000000000082e-03 -9.999980000000000535e-01 3.873719999999999941e-01 -9.219230000000000480e-01 5.370000000000000424e-04 -9.219220000000000192e-01 -3.873699999999999921e-01 2.047999999999999907e-03
5.000000000000000000e+00 9.500000000000000000e+01 3.600000000000000000e+01 0.000000000000000000e+00 1.600000000000000089e+00 -5.720000000000000258e-04 -2.296999999999999997e-03 9.999970000000000248e-01 9.975779999999999648e-01 6.955400000000000471e-02 7.299999999999999632e-04 -6.955500000000000571e-02 9.975760000000000183e-01 2.250999999999999963e-03
1.000000000000000000e+01 9.500000000000000000e+01 3.600000000000000000e+01 0.000000000000000000e+00 1.600000000000000089e+00 3.148000000000000190e-03 -1.822899999999999868e-02 9.998289999999999678e-01 9.973940000000000028e-01 7.212999999999999967e-02 -1.825000000000000016e-03 -7.208399999999999530e-02 9.972290000000000321e-01 1.840800000000000075e-02
1.500000000000000000e+01 9.500000000000000000e+01 3.600000000000000000e+01 0.000000000000000000e+00 1.600000000000000089e+00 3.356000000000000042e-03 2.451000000000000054e-03 9.999909999999999632e-01 9.967979999999999619e-01 7.987700000000000355e-02 -3.542000000000000010e-03 -7.988499999999999768e-02 9.968019999999999659e-01 -2.174999999999999850e-03
2.000000000000000000e+01 9.500000000000000000e+01 3.600000000000000000e+01 0.000000000000000000e+00 1.600000000000000089e+00 -2.707000000000000205e-03 -3.196000000000000056e-03 9.999909999999999632e-01 9.965730000000000421e-01 8.266800000000000537e-02 2.961999999999999789e-03 -8.267700000000000049e-02 9.965720000000000134e-01 2.961000000000000090e-03
2.800000000000000000e+01 9.500000000000000000e+01 3.600000000000000000e+01 0.000000000000000000e+00 1.600000000000000089e+00 -4.932999999999999885e-03 -2.320200000000000040e-02 9.997190000000000243e-01 9.971780000000000088e-01 7.477899999999999825e-02 6.655999999999999590e-03 -7.491299999999999348e-02 9.969299999999999828e-01 2.276699999999999904e-02
5.000000000000000000e+00 3.000000000000000000e+00 4.300000000000000000e+01 0.000000000000000000e+00 1.600000000000000089e+00 -1.244000000000000097e-03 -1.157700000000000048e-02 -9.999320000000000430e-01 7.380839999999999623e-01 -6.746739999999999959e-01 6.892999999999999822e-03 -6.747079999999999744e-01 -7.380250000000000421e-01 9.383999999999999980e-03
7.000000000000000000e+00 3.000000000000000000e+00 4.300000000000000000e+01 0.000000000000000000e+00 1.600000000000000089e+00 -2.586999999999999890e-03 -2.088200000000000126e-02 -9.997789999999999733e-01 7.389390000000000125e-01 -6.736630000000000118e-01 1.215800000000000040e-02 -6.737680000000000335e-01 -7.387439999999999563e-01 1.717399999999999829e-02
1.400000000000000000e+01 3.000000000000000000e+00 4.300000000000000000e+01 0.000000000000000000e+00 1.600000000000000089e+00 -1.783000000000000080e-03 -7.437000000000000034e-03 -9.999710000000000543e-01 7.416540000000000354e-01 -6.707729999999999526e-01 3.665999999999999988e-03 -6.707800000000000429e-01 -7.416260000000000074e-01 6.712000000000000084e-03
1.800000000000000000e+01 3.000000000000000000e+00 4.300000000000000000e+01 0.000000000000000000e+00 1.600000000000000089e+00 -6.629999999999999609e-04 1.149200000000000048e-02 -9.999339999999999895e-01 7.409909999999999553e-01 -6.714649999999999785e-01 -8.208999999999999284e-03 -6.715149999999999730e-01 -7.409470000000000223e-01 -8.071000000000000049e-03
2.400000000000000000e+01 3.000000000000000000e+00 4.300000000000000000e+01 0.000000000000000000e+00 1.600000000000000089e+00 -1.838999999999999923e-03 3.128000000000000138e-03 -9.999930000000000208e-01 7.383290000000000131e-01 -6.744320000000000315e-01 -3.467000000000000030e-03 -6.744390000000000107e-01 -7.383300000000000418e-01 -1.069000000000000072e-03
2.700000000000000000e+01 3.000000000000000000e+00 4.300000000000000000e+01 0.000000000000000000e+00 1.600000000000000089e+00 3.046000000000000096e-03 -7.067000000000000365e-03 -9.999700000000000255e-01 7.375049999999999661e-01 -6.753050000000000441e-01 7.019000000000000065e-03 -6.753350000000000186e-01 -7.375049999999999661e-01 3.154999999999999818e-03
7.000000000000000000e+00 8.000000000000000000e+00 4.400000000000000000e+01 0.000000000000000000e+00 1.600000000000000089e+00 -3.252000000000000116e-03 -7.370999999999999948e-03 9.999679999999999680e-01 -7.756760000000000321e-01 -6.310900000000000398e-01 -7.174999999999999954e-03 6.311229999999999896e-01 -7.756750000000000034e-01 -3.664999999999999855e-03
2.000000000000000000e+00 2.900000000000000000e+01 4.400000000000000000e+01 0.000000000000000000e+00 1.600000000000000089e+00 -1.800000000000000113e-04 -1.997000000000000077e-03 -9.999980000000000535e-01 6.784040000000000070e-01 7.346880000000000077e-01 -1.590000000000000050e-03 7.346890000000000365e-01 -6.784029999999999783e-01 1.222999999999999912e-03
1.100000000000000000e+01 2.900000000000000000e+01 4.400000000000000000e+01 0.000000000000000000e+00 1.600000000000000089e+00 -3.327999999999999795e-03 1.026999999999999918e-03 -9.999940000000000495e-01 6.648140000000000160e-01 7.470069999999999766e-01 -1.445000000000000104e-03 7.470010000000000261e-01 -6.648150000000000448e-01 -3.168999999999999942e-03
2.600000000000000000e+01 2.900000000000000000e+01 4.400000000000000000e+01 0.000000000000000000e+00 1.600000000000000089e+00 3.278999999999999797e-03 -2.000000000000000096e-04 -9.999949999999999672e-01 6.614320000000000199e-01 7.500029999999999752e-01 2.018999999999999961e-03 7.499980000000000535e-01 -6.614349999999999952e-01 2.590999999999999987e-03
4.000000000000000000e+00 5.400000000000000000e+01 4.600000000000000000e+01 0.000000000000000000e+00 1.600000000000000089e+00 -3.589999999999999984e-04 -4.451000000000000095e-03 9.999900000000000455e-01 3.274009999999999976e-01 -9.448769999999999669e-01 -4.087999999999999620e-03 9.448849999999999749e-01 3.273969999999999936e-01 1.796000000000000070e-03
2.700000000000000000e+01 7.000000000000000000e+00 5.200000000000000000e+01 0.000000000000000000e+00 1.600000000000000089e+00 -6.215000000000000038e-03 -3.167000000000000110e-03 -9.999759999999999760e-01 1.211559999999999998e-01 -9.926310000000000411e-01 2.390999999999999896e-03 -9.926139999999999963e-01 -1.211379999999999957e-01 6.552999999999999797e-03
2.000000000000000000e+00 6.300000000000000000e+01 5.400000000000000000e+01 0.000000000000000000e+00 1.600000000000000089e+00 1.879000000000000028e-03 3.557999999999999965e-03 9.999919999999999920e-01 -3.527569999999999872e-01 9.357109999999999594e-01 -2.665999999999999967e-03 -9.357130000000000170e-01 -3.527489999999999792e-01 3.014000000000000186e-03
5.000000000000000000e+00 6.300000000000000000e+01 5.400000000000000000e+01 0.000000000000000000e+00 1.600000000000000089e+00 3.609999999999999928e-04 3.034999999999999937e-03 9.999949999999999672e-01 -3.536759999999999904e-01 9.353639999999999732e-01 -2.710999999999999868e-03 -9.353679999999999772e-01 -3.536730000000000151e-01 1.410999999999999928e-03
9.000000000000000000e+00 6.300000000000000000e+01 5.400000000000000000e+01 0.000000000000000000e+00 1.600000000000000089e+00 -1.572000000000000047e-03 1.521000000000000000e-03 9.999980000000000535e-01 -3.500409999999999910e-01 9.367320000000000091e-01 -1.975000000000000193e-03 -9.367330000000000378e-01 -3.500429999999999930e-01 -9.399999999999999719e-04
1.700000000000000000e+01 6.300000000000000000e+01 5.400000000000000000e+01 0.000000000000000000e+00 1.600000000000000089e+00 2.489999999999999809e-04 -1.592000000000000099e-03 9.999989999999999712e-01 -3.477999999999999980e-01 9.375679999999999570e-01 1.579000000000000108e-03 -9.375689999999999857e-01 -3.477999999999999980e-01 -3.200000000000000262e-04
2.100000000000000000e+01 6.300000000000000000e+01 5.400000000000000000e+01 0.000000000000000000e+00 1.600000000000000089e+00 8.090000000000000403e-04 7.720000000000000083e-04 9.999989999999999712e-01 -3.529599999999999960e-01 9.356379999999999697e-01 -4.369999999999999970e-04 -9.356379999999999697e-01 -3.529599999999999960e-01 1.030000000000000100e-03
2.500000000000000000e+01 6.300000000000000000e+01 5.400000000000000000e+01 0.000000000000000000e+00 1.600000000000000089e+00 7.339999999999999520e-04 2.524999999999999901e-03 9.999970000000000248e-01 -3.562699999999999756e-01 9.343810000000000171e-01 -2.098000000000000038e-03 -9.343829999999999636e-01 -3.562670000000000003e-01 1.585000000000000037e-03
2.900000000000000000e+01 6.300000000000000000e+01 5.400000000000000000e+01 0.000000000000000000e+00 1.600000000000000089e+00 1.953000000000000092e-03 -1.968999999999999830e-03 9.999959999999999960e-01 -3.598620000000000152e-01 9.330019999999999980e-01 2.540000000000000157e-03 -9.330039999999999445e-01 -3.598649999999999904e-01 1.113999999999999973e-03
1.100000000000000000e+01 2.500000000000000000e+01 5.500000000000000000e+01 0.000000000000000000e+00 1.600000000000000089e+00 1.164000000000000104e-03 1.100000000000000066e-03 -9.999989999999999712e-01 -1.082200000000000002e-02 -9.999409999999999688e-01 -1.111999999999999924e-03 -9.999409999999999688e-01 1.082400000000000029e-02 -1.152000000000000029e-03
1.900000000000000000e+01 2.500000000000000000e+01 5.500000000000000000e+01 0.000000000000000000e+00 1.600000000000000089e+00 -1.363999999999999978e-03 -9.359999999999999831e-04 -9.999989999999999712e-01 -9.534000000000000807e-03 -9.999540000000000095e-01 9.489999999999999738e-04 -9.999540000000000095e-01 9.535000000000000073e-03 1.355000000000000085e-03
2.500000000000000000e+01 2.500000000000000000e+01 5.500000000000000000e+01 0.000000000000000000e+00 1.600000000000000089e+00 1.269999999999999970e-04 -7.200000000000000453e-04 -1.000000000000000000e+00 -1.055099999999999962e-02 -9.999440000000000550e-01 7.190000000000000210e-04 -9.999440000000000550e-01 1.055099999999999962e-02 -1.340000000000000045e-04
2.800000000000000000e+01 2.500000000000000000e+01 5.500000000000000000e+01 0.000000000000000000e+00 1.600000000000000089e+00 1.631999999999999987e-03 1.461999999999999975e-03 -9.999980000000000535e-01 -1.185100000000000042e-02 -9.999289999999999567e-01 -1.480999999999999895e-03 -9.999280000000000390e-01 1.185399999999999995e-02 -1.614999999999999899e-03
3.000000000000000000e+00 6.800000000000000000e+01 5.700000000000000000e+01 0.000000000000000000e+00 1.600000000000000089e+00 1.177000000000000095e-03 -1.796999999999999986e-03 -9.999980000000000535e-01 -2.442350000000000076e-01 -9.697149999999999936e-01 1.456000000000000046e-03 -9.697149999999999936e-01 2.442330000000000056e-01 -1.580000000000000024e-03
5.000000000000000000e+00 2.100000000000000000e+01 6.000000000000000000e+01 0.000000000000000000e+00 1.600000000000000089e+00 -1.469999999999999953e-04 -5.692000000000000011e-03 9.999839999999999840e-01 -9.546399999999999331e-02 9.954169999999999963e-01 5.651999999999999906e-03 -9.954330000000000123e-01 -9.546200000000000518e-02 -6.899999999999999667e-04
1.200000000000000000e+01 2.100000000000000000e+01 6.000000000000000000e+01 0.000000000000000000e+00 1.600000000000000089e+00 -1.699999999999999987e-05 1.696999999999999941e-03 9.999989999999999712e-01 -9.661699999999999455e-02 9.953199999999999825e-01 -1.690000000000000096e-03 -9.953220000000000400e-01 -9.661699999999999455e-02 1.469999999999999953e-04
1.500000000000000000e+01 2.100000000000000000e+01 6.000000000000000000e+01 0.000000000000000000e+00 1.600000000000000089e+00 6.759999999999999516e-04 -5.402999999999999817e-03 9.999850000000000128e-01 -9.713900000000000312e-02 9.952560000000000295e-01 5.442999999999999922e-03 -9.952710000000000168e-01 -9.714100000000000512e-02 1.479999999999999925e-04
2.200000000000000000e+01 2.100000000000000000e+01 6.000000000000000000e+01 0.000000000000000000e+00 1.600000000000000089e+00 -1.920000000000000049e-04 -2.928000000000000047e-03 9.999959999999999960e-01 -9.734199999999999797e-02 9.952469999999999928e-01 2.895000000000000004e-03 -9.952509999999999968e-01 -9.734099999999999697e-02 -4.760000000000000234e-04
2.700000000000000000e+01 2.100000000000000000e+01 6.000000000000000000e+01 0.000000000000000000e+00 1.600000000000000089e+00 1.297999999999999892e-03 -9.560000000000000355e-04 9.999989999999999712e-01 -9.651300000000000157e-02 9.953309999999999658e-01 1.077000000000000049e-03 -9.953309999999999658e-01 -9.651400000000000257e-02 1.199999999999999895e-03
7.000000000000000000e+00 6.000000000000000000e+00 6.100000000000000000e+01 0.000000000000000000e+00 1.600000000000000089e+00 1.647000000000000026e-03 6.335000000000000353e-03 9.999789999999999512e-01 5.593160000000000354e-01 -8.289429999999999854e-01 4.330999999999999781e-03 8.289530000000000509e-01 5.592970000000000441e-01 -4.909000000000000169e-03
9.000000000000000000e+00 4.000000000000000000e+00 6.200000000000000000e+01 0.000000000000000000e+00 1.600000000000000089e+00 -1.587000000000000086e-03 -2.152999999999999966e-03 9.999959999999999960e-01 -6.131079999999999863e-01 7.899990000000000068e-01 7.280000000000000230e-04 -7.899969999999999493e-01 -6.131050000000000111e-01 -2.573999999999999899e-03
2.000000000000000000e+01 3.000000000000000000e+00 6.300000000000000000e+01 0.000000000000000000e+00 1.600000000000000089e+00 6.989999999999999686e-04 4.301000000000000136e-03 9.999909999999999632e-01 -6.123739999999999739e-01 7.905630000000000157e-01 -2.971999999999999816e-03 -7.905680000000000485e-01 -6.123659999999999659e-01 3.187000000000000163e-03
2.000000000000000000e+00 2.700000000000000000e+01 6.300000000000000000e+01 0.000000000000000000e+00 1.600000000000000089e+00 7.730000000000000326e-04 -6.677999999999999908e-03 9.999770000000000048e-01 -2.788100000000000023e-01 9.603230000000000377e-01 6.629000000000000344e-03 -9.603460000000000329e-01 -2.788089999999999735e-01 -1.118999999999999986e-03
5.000000000000000000e+00 2.700000000000000000e+01 6.300000000000000000e+01 0.000000000000000000e+00 1.600000000000000089e+00 6.160000000000000111e-04 -2.109999999999999896e-03 9.999980000000000535e-01 -2.776310000000000167e-01 9.606850000000000112e-01 2.197999999999999867e-03 -9.606879999999999864e-01 -2.776310000000000167e-01 6.000000000000000152e-06
9.000000000000000000e+00 2.700000000000000000e+01 6.300000000000000000e+01 0.000000000000000000e+00 1.600000000000000089e+00 -6.729999999999999871e-04 4.510000000000000120e-04 1.000000000000000000e+00 -2.755210000000000159e-01 9.612950000000000106e-01 -6.189999999999999756e-04 -9.612950000000000106e-01 -2.755219999999999891e-01 -5.230000000000000274e-04
1.300000000000000000e+01 2.700000000000000000e+01 6.300000000000000000e+01 0.000000000000000000e+00 1.600000000000000089e+00 4.300000000000000165e-05 1.100000000000000039e-04 1.000000000000000000e+00 -2.757830000000000004e-01 9.612199999999999633e-01 -9.299999999999999727e-05 -9.612199999999999633e-01 -2.757830000000000004e-01 7.200000000000000182e-05
1.600000000000000000e+01 2.700000000000000000e+01 6.300000000000000000e+01 0.000000000000000000e+00 1.600000000000000089e+00 -2.610000000000000015e-04 -5.169999999999999899e-04 1.000000000000000000e+00 -2.770580000000000265e-01 9.608529999999999571e-01 4.240000000000000062e-04 -9.608529999999999571e-01 -2.770580000000000265e-01 -3.939999999999999817e-04
2.100000000000000000e+01 2.700000000000000000e+01 6.300000000000000000e+01 0.000000000000000000e+00 1.600000000000000089e+00 4.400000000000000157e-04 2.625999999999999862e-03 9.999959999999999960e-01 -2.755750000000000144e-01 9.612770000000000481e-01 -2.403000000000000188e-03 -9.612800000000000233e-01 -2.755730000000000124e-01 1.147000000000000016e-03
2.700000000000000000e+01 2.700000000000000000e+01 6.300000000000000000e+01 0.000000000000000000e+00 1.600000000000000089e+00 -1.466000000000000072e-03 6.491000000000000242e-03 9.999780000000000335e-01 -2.728189999999999782e-01 9.620419999999999527e-01 -6.644999999999999865e-03 -9.620640000000000303e-01 -2.728229999999999822e-01 3.600000000000000227e-04
