1.000000000000000000e+01 1.500000000000000000e+01 4.000000000000000000e+00 0.000000000000000000e+00 1.600000000000000089e+00 2.135999999999999878e-03 8.449999999999999178e-03 9.999620000000000175e-01 2.869590000000000196e-01 -9.579140000000000432e-01 7.481999999999999935e-03 9.579400000000000137e-01 2.869329999999999936e-01 -4.471000000000000148e-03
1.500000000000000000e+01 1.500000000000000000e+01 4.000000000000000000e+00 0.000000000000000000e+00 1.600000000000000089e+00 -1.727000000000000019e-03 -6.633000000000000007e-03 9.999770000000000048e-01 2.867950000000000221e-01 -9.579739999999999922e-01 -5.858999999999999625e-03 9.579900000000000082e-01 2.867790000000000061e-01 3.556999999999999832e-03
1.900000000000000000e+01 1.500000000000000000e+01 4.000000000000000000e+00 0.000000000000000000e+00 1.600000000000000089e+00 -5.212999999999999752e-03 -3.491999999999999878e-03 9.999799999999999800e-01 2.887560000000000127e-01 -9.574009999999999465e-01 -1.838000000000000007e-03 9.573890000000000455e-01 2.887399999999999967e-01 5.998999999999999992e-03
2.500000000000000000e+01 1.500000000000000000e+01 4.000000000000000000e+00 0.000000000000000000e+00 1.600000000000000089e+00 -6.715999999999999748e-03 1.105300000000000032e-02 9.999160000000000270e-01 2.877669999999999950e-01 -9.576189999999999980e-01 1.251799999999999961e-02 9.576770000000000005e-01 2.878269999999999995e-01 3.249999999999999851e-03
1.000000000000000000e+00 1.600000000000000000e+01 4.000000000000000000e+00 0.000000000000000000e+00 1.600000000000000089e+00 6.649000000000000396e-03 -1.278999999999999929e-02 9.998960000000000070e-01 3.466130000000000044e-01 -9.378990000000000382e-01 -1.430200000000000048e-02 9.379849999999999577e-01 3.466719999999999802e-01 -1.802999999999999915e-03
1.100000000000000000e+01 1.010000000000000000e+02 7.000000000000000000e+00 0.000000000000000000e+00 1.600000000000000089e+00 -1.083999999999999894e-03 -1.023199999999999978e-02 9.999470000000000303e-01 8.866829999999999989e-01 4.623430000000000040e-01 5.692000000000000011e-03 -4.623769999999999825e-01 8.866420000000000412e-01 8.571000000000000493e-03
1.900000000000000000e+01 1.010000000000000000e+02 7.000000000000000000e+00 0.000000000000000000e+00 1.600000000000000089e+00 1.394000000000000057e-03 1.412199999999999914e-02 9.998989999999999823e-01 8.855480000000000018e-01 4.644820000000000060e-01 -7.793999999999999713e-03 -4.645449999999999857e-01 8.854699999999999793e-01 -1.185800000000000048e-02
7.000000000000000000e+00 1.500000000000000000e+01 8.000000000000000000e+00 0.000000000000000000e+00 1.600000000000000089e+00 -2.138000000000000143e-03 2.570000000000000127e-04 -9.999980000000000535e-01 -5.851969999999999672e-01 -8.108910000000000284e-01 1.043000000000000090e-03 -8.108880000000000532e-01 5.851979999999999960e-01 1.884000000000000041e-03
1.200000000000000000e+01 1.500000000000000000e+01 8.000000000000000000e+00 0.000000000000000000e+00 1.600000000000000089e+00 1.259999999999999998e-04 2.912999999999999791e-03 -9.999959999999999960e-01 -5.844019999999999770e-01 -8.114609999999999879e-01 -2.436999999999999930e-03 -8.114639999999999631e-01 5.844000000000000306e-01 1.600000000000000077e-03
1.900000000000000000e+01 1.500000000000000000e+01 8.000000000000000000e+00 0.000000000000000000e+00 1.600000000000000089e+00 1.472999999999999917e-03 -3.471999999999999826e-03 -9.999930000000000208e-01 -5.822920000000000318e-01 -8.129769999999999497e-01 1.965000000000000167e-03 -8.129779999999999784e-01 5.822850000000000525e-01 -3.219000000000000073e-03
2.500000000000000000e+01 1.500000000000000000e+01 8.000000000000000000e+00 0.000000000000000000e+00 1.600000000000000089e+00 1.000999999999999980e-02 9.336000000000000548e-03 -9.999059999999999615e-01 -5.783169999999999700e-01 -8.157020000000000381e-01 -1.340500000000000025e-02 -8.157510000000000039e-01 5.783970000000000500e-01 -2.765999999999999796e-03
3.000000000000000000e+01 1.500000000000000000e+01 8.000000000000000000e+00 0.000000000000000000e+00 1.600000000000000089e+00 1.142699999999999966e-02 2.080500000000000058e-02 -9.997179999999999955e-01 -5.770100000000000229e-01 -8.163960000000000106e-01 -2.358499999999999833e-02 -8.166569999999999663e-01 5.771169999999999911e-01 2.675999999999999993e-03
5.000000000000000000e+00 2.600000000000000000e+01 8.000000000000000000e+00 0.000000000000000000e+00 1.600000000000000089e+00 3.720999999999999915e-03 7.598999999999999852e-03 -9.999639999999999640e-01 4.066350000000000242e-01 9.135520000000000307e-01 8.455000000000000709e-03 9.135830000000000339e-01 -4.066520000000000135e-01 3.089999999999999756e-04
1.000000000000000000e+01 2.600000000000000000e+01 8.000000000000000000e+00 0.000000000000000000e+00 1.600000000000000089e+00 1.463000000000000108e-03 5.780999999999999681e-03 -9.999820000000000375e-01 4.047350000000000114e-01 9.144149999999999778e-01 5.878000000000000412e-03 9.144330000000000513e-01 -4.047359999999999847e-01 -1.002000000000000069e-03
1.400000000000000000e+01 2.600000000000000000e+01 8.000000000000000000e+00 0.000000000000000000e+00 1.600000000000000089e+00 1.369999999999999907e-03 3.480000000000000020e-04 -9.999989999999999712e-01 4.047000000000000042e-01 9.144489999999999563e-01 8.720000000000000537e-04 9.144489999999999563e-01 -4.047009999999999774e-01 1.111999999999999924e-03
3.000000000000000000e+01 2.600000000000000000e+01 8.000000000000000000e+00 0.000000000000000000e+00 1.600000000000000089e+00 -5.889000000000000137e-03 -1.166400000000000076e-02 -9.999149999999999983e-01 4.083789999999999920e-01 9.127189999999999470e-01 -1.305100000000000010e-02 9.127939999999999943e-01 -4.084209999999999785e-01 -6.120000000000000223e-04
1.000000000000000000e+00 2.400000000000000000e+01 9.000000000000000000e+00 0.000000000000000000e+00 1.600000000000000089e+00 4.375000000000000416e-03 7.061999999999999701e-03 -9.999649999999999928e-01 4.572999999999999843e-01 8.892740000000000089e-01 8.281000000000000166e-03 8.893020000000000369e-01 -4.573200000000000043e-01 6.610000000000000207e-04
1.700000000000000000e+01 2.400000000000000000e+01 9.000000000000000000e+00 0.000000000000000000e+00 1.600000000000000089e+00 1.177000000000000095e-03 1.069000000000000072e-03 -9.999989999999999712e-01 4.580159999999999787e-01 8.889430000000000387e-01 1.490000000000000005e-03 8.889430000000000387e-01 -4.580179999999999807e-01 5.569999999999999864e-04
2.100000000000000000e+01 2.400000000000000000e+01 9.000000000000000000e+00 0.000000000000000000e+00 1.600000000000000089e+00 -1.853000000000000046e-03 -8.149999999999999259e-03 -9.999649999999999928e-01 4.583519999999999817e-01 8.887340000000000240e-01 -8.092999999999999500e-03 8.887690000000000312e-01 -4.583510000000000084e-01 2.089000000000000145e-03
3.000000000000000000e+01 2.400000000000000000e+01 9.000000000000000000e+00 0.000000000000000000e+00 1.600000000000000089e+00 -6.636999999999999671e-03 -1.336299999999999988e-02 -9.998890000000000278e-01 4.628550000000000164e-01 8.863079999999999847e-01 -1.491800000000000070e-02 8.864090000000000025e-01 -4.629019999999999802e-01 3.029999999999999924e-04
1.000000000000000000e+00 1.040000000000000000e+02 1.100000000000000000e+01 0.000000000000000000e+00 1.600000000000000089e+00 -3.324999999999999831e-03 -3.319999999999999926e-04 9.999940000000000495e-01 -9.736690000000000067e-01 -2.279410000000000047e-01 -3.312999999999999973e-03 2.279400000000000037e-01 -9.736749999999999572e-01 4.350000000000000026e-04
3.000000000000000000e+00 3.100000000000000000e+01 1.200000000000000000e+01 0.000000000000000000e+00 1.600000000000000089e+00 7.619999999999999820e-04 -1.915000000000000036e-03 9.999980000000000535e-01 6.622000000000000282e-03 9.999759999999999760e-01 1.910000000000000022e-03 -9.999780000000000335e-01 6.621000000000000149e-03 7.749999999999999728e-04
9.000000000000000000e+00 3.100000000000000000e+01 1.200000000000000000e+01 0.000000000000000000e+00 1.600000000000000089e+00 2.126999999999999984e-03 2.458999999999999814e-03 9.999949999999999672e-01 9.405000000000000165e-03 9.999529999999999808e-01 -2.478999999999999867e-03 -9.999540000000000095e-01 9.409999999999999962e-03 2.102999999999999835e-03
2.500000000000000000e+01 3.100000000000000000e+01 1.200000000000000000e+01 0.000000000000000000e+00 1.600000000000000089e+00 -7.649999999999999465e-04 1.048000000000000103e-03 9.999989999999999712e-01 1.850399999999999961e-02 9.998280000000000500e-01 -1.033000000000000064e-03 -9.998289999999999678e-01 1.850299999999999861e-02 -7.839999999999999747e-04
7.000000000000000000e+00 1.200000000000000000e+01 1.500000000000000000e+01 0.000000000000000000e+00 1.600000000000000089e+00 -1.642999999999999929e-03 -7.250999999999999633e-03 -9.999719999999999720e-01 -4.697620000000000129e-01 -8.827639999999999931e-01 7.172999999999999689e-03 -8.827920000000000211e-01 4.697609999999999841e-01 -1.955999999999999839e-03
1.600000000000000000e+01 1.200000000000000000e+01 1.500000000000000000e+01 0.000000000000000000e+00 1.600000000000000089e+00 -1.726000000000000104e-03 -1.879999999999999944e-03 -9.999970000000000248e-01 -4.674369999999999914e-01 -8.840230000000000032e-01 2.468999999999999841e-03 -8.840249999999999497e-01 4.674389999999999934e-01 6.470000000000000057e-04
2.000000000000000000e+01 1.200000000000000000e+01 1.500000000000000000e+01 0.000000000000000000e+00 1.600000000000000089e+00 1.309000000000000051e-03 3.782000000000000205e-03 -9.999919999999999920e-01 -4.657689999999999886e-01 -8.848970000000000447e-01 -3.956000000000000315e-03 -8.849050000000000527e-01 4.657709999999999906e-01 6.030000000000000204e-04
2.300000000000000000e+01 1.200000000000000000e+01 1.500000000000000000e+01 0.000000000000000000e+00 1.600000000000000089e+00 5.950000000000000427e-03 9.086999999999999592e-03 -9.999409999999999688e-01 -4.662540000000000018e-01 -8.845849999999999547e-01 -1.081299999999999970e-02 -8.846309999999999452e-01 4.662899999999999823e-01 -1.026000000000000002e-03
1.300000000000000000e+01 1.160000000000000000e+02 1.600000000000000000e+01 0.000000000000000000e+00 1.600000000000000089e+00 8.570000000000000144e-04 -1.100000000000000039e-04 1.000000000000000000e+00 6.807440000000000158e-01 7.325220000000000065e-01 -5.029999999999999749e-04 -7.325209999999999777e-01 6.807440000000000158e-01 7.029999999999999574e-04
2.400000000000000000e+01 1.160000000000000000e+02 1.600000000000000000e+01 0.000000000000000000e+00 1.600000000000000089e+00 8.490000000000000368e-04 2.615000000000000137e-03 9.999959999999999960e-01 7.016470000000000207e-01 7.125200000000000422e-01 -2.458999999999999814e-03 -7.125240000000000462e-01 7.016470000000000207e-01 -1.229999999999999974e-03
2.900000000000000000e+01 1.160000000000000000e+02 1.600000000000000000e+01 0.000000000000000000e+00 1.600000000000000089e+00 1.601999999999999908e-03 -1.603000000000000041e-03 9.999970000000000248e-01 7.177660000000000151e-01 6.962850000000000428e-01 -3.399999999999999973e-05 -6.962829999999999853e-01 7.177639999999999576e-01 2.265999999999999785e-03
2.000000000000000000e+00 2.000000000000000000e+00 1.900000000000000000e+01 0.000000000000000000e+00 1.600000000000000089e+00 2.913999999999999924e-03 -6.290999999999999717e-03 -9.999759999999999760e-01 1.740829999999999878e-01 -9.847080000000000277e-01 6.701999999999999624e-03 -9.847270000000000190e-01 -1.740980000000000028e-01 -1.775000000000000102e-03
1.100000000000000000e+01 2.000000000000000000e+00 1.900000000000000000e+01 0.000000000000000000e+00 1.600000000000000089e+00 8.630000000000000518e-04 1.907999999999999974e-03 -9.999980000000000535e-01 1.839899999999999869e-01 -9.829269999999999952e-01 -1.716000000000000077e-03 -9.829280000000000239e-01 -1.839880000000000126e-01 -1.198999999999999979e-03
1.700000000000000000e+01 2.000000000000000000e+00 1.900000000000000000e+01 0.000000000000000000e+00 1.600000000000000089e+00 -1.330999999999999935e-03 -1.242000000000000048e-03 -9.999980000000000535e-01 1.800599999999999978e-01 -9.836549999999999461e-01 9.820000000000000170e-04 -9.836549999999999461e-01 -1.800579999999999958e-01 1.533000000000000074e-03
2.200000000000000000e+01 2.000000000000000000e+00 1.900000000000000000e+01 0.000000000000000000e+00 1.600000000000000089e+00 -5.609999999999999752e-04 -1.689999999999999879e-04 -1.000000000000000000e+00 1.774969999999999881e-01 -9.841210000000000235e-01 6.600000000000000506e-05 -9.841210000000000235e-01 -1.774969999999999881e-01 5.820000000000000520e-04
6.000000000000000000e+00 4.000000000000000000e+00 2.000000000000000000e+01 0.000000000000000000e+00 1.600000000000000089e+00 2.069000000000000093e-03 3.223000000000000170e-03 -9.999930000000000208e-01 2.733200000000000074e-01 -9.619199999999999973e-01 -2.533999999999999794e-03 -9.619210000000000260e-01 -2.733129999999999726e-01 -2.870999999999999854e-03
1.800000000000000000e+01 4.000000000000000000e+00 2.000000000000000000e+01 0.000000000000000000e+00 1.600000000000000089e+00 9.190000000000000035e-04 -4.464000000000000086e-03 -9.999900000000000455e-01 2.728689999999999727e-01 -9.620400000000000063e-01 4.545000000000000429e-03 -9.620509999999999895e-01 -2.728709999999999747e-01 3.339999999999999870e-04
2.400000000000000000e+01 4.000000000000000000e+00 2.000000000000000000e+01 0.000000000000000000e+00 1.600000000000000089e+00 -3.506000000000000002e-03 1.912999999999999987e-03 -9.999919999999999920e-01 2.744960000000000178e-01 -9.615839999999999943e-01 -2.801999999999999803e-03 -9.615820000000000478e-01 -2.745040000000000258e-01 2.846000000000000005e-03
2.800000000000000000e+01 4.000000000000000000e+00 2.000000000000000000e+01 0.000000000000000000e+00 1.600000000000000089e+00 -1.350000000000000071e-03 -3.660000000000000059e-04 -9.999989999999999712e-01 2.762899999999999801e-01 -9.610739999999999839e-01 -2.199999999999999943e-05 -9.610729999999999551e-01 -2.762899999999999801e-01 1.397999999999999937e-03
4.000000000000000000e+00 1.300000000000000000e+01 2.000000000000000000e+01 0.000000000000000000e+00 1.600000000000000089e+00 1.279999999999999942e-04 3.543000000000000142e-03 9.999940000000000495e-01 2.593030000000000057e-01 9.657900000000000373e-01 -3.455000000000000172e-03 -9.657959999999999878e-01 2.593019999999999770e-01 -7.950000000000000252e-04
7.000000000000000000e+00 1.300000000000000000e+01 2.000000000000000000e+01 0.000000000000000000e+00 1.600000000000000089e+00 3.339999999999999870e-04 -4.198999999999999608e-03 9.999909999999999632e-01 2.597059999999999924e-01 9.656799999999999828e-01 3.968000000000000173e-03 -9.656879999999999908e-01 2.597019999999999884e-01 1.412999999999999977e-03
1.500000000000000000e+01 1.300000000000000000e+01 2.000000000000000000e+01 0.000000000000000000e+00 1.600000000000000089e+00 -2.020000000000000040e-04 7.023999999999999862e-03 9.999749999999999472e-01 2.599339999999999984e-01 9.656029999999999891e-01 -6.729999999999999871e-03 -9.656259999999999843e-01 2.599259999999999904e-01 -2.020999999999999793e-03
1.900000000000000000e+01 1.300000000000000000e+01 2.000000000000000000e+01 0.000000000000000000e+00 1.600000000000000089e+00 -7.150000000000000322e-04 2.664999999999999834e-03 9.999959999999999960e-01 2.579029999999999934e-01 9.661680000000000268e-01 -2.390999999999999896e-03 -9.661710000000000020e-01 2.579000000000000181e-01 -1.378000000000000102e-03
2.300000000000000000e+01 1.300000000000000000e+01 2.000000000000000000e+01 0.000000000000000000e+00 1.600000000000000089e+00 6.300000000000000261e-04 -3.344000000000000184e-03 9.999940000000000495e-01 2.579110000000000014e-01 9.661640000000000228e-01 3.069000000000000113e-03 -9.661680000000000268e-01 2.579080000000000261e-01 1.471000000000000085e-03
2.700000000000000000e+01 1.300000000000000000e+01 2.000000000000000000e+01 0.000000000000000000e+00 1.600000000000000089e+00 1.368999999999999991e-03 -7.679000000000000062e-03 9.999700000000000255e-01 2.586959999999999815e-01 9.659330000000000416e-01 7.063999999999999967e-03 -9.659579999999999833e-01 2.586780000000000190e-01 3.308999999999999875e-03
4.000000000000000000e+00 1.600000000000000000e+01 2.100000000000000000e+01 0.000000000000000000e+00 1.600000000000000089e+00 4.429999999999999802e-04 4.117000000000000000e-03 9.999909999999999632e-01 2.988750000000000018e-01 9.542840000000000211e-01 -4.061000000000000373e-03 -9.542920000000000291e-01 2.988750000000000018e-01 -8.080000000000000160e-04
1.300000000000000000e+01 1.600000000000000000e+01 2.100000000000000000e+01 0.000000000000000000e+00 1.600000000000000089e+00 -1.123999999999999999e-03 8.720000000000000537e-04 9.999989999999999712e-01 2.983839999999999826e-01 9.544460000000000166e-01 -4.970000000000000459e-04 -9.544449999999999878e-01 2.983839999999999826e-01 -1.332999999999999984e-03
1.700000000000000000e+01 1.600000000000000000e+01 2.100000000000000000e+01 0.000000000000000000e+00 1.600000000000000089e+00 -1.771000000000000005e-03 3.083999999999999936e-03 9.999940000000000495e-01 2.955740000000000034e-01 9.553169999999999717e-01 -2.422000000000000108e-03 -9.553180000000000005e-01 2.955679999999999974e-01 -2.602999999999999845e-03
2.800000000000000000e+01 1.600000000000000000e+01 2.100000000000000000e+01 0.000000000000000000e+00 1.600000000000000089e+00 1.463000000000000108e-03 -2.034999999999999917e-03 9.999970000000000248e-01 2.949289999999999967e-01 9.555179999999999785e-01 1.513000000000000022e-03 -9.555179999999999785e-01 2.949260000000000215e-01 1.998000000000000210e-03
3.000000000000000000e+01 3.000000000000000000e+00 2.500000000000000000e+01 0.000000000000000000e+00 1.600000000000000089e+00 -1.948000000000000079e-03 -6.899999999999999667e-04 9.999980000000000535e-01 -1.672799999999999981e-02 -9.998599999999999710e-01 -7.219999999999999855e-04 9.998580000000000245e-01 -1.672999999999999834e-02 1.936000000000000004e-03
2.000000000000000000e+00 4.600000000000000000e+01 2.700000000000000000e+01 0.000000000000000000e+00 1.600000000000000089e+00 2.409000000000000117e-03 9.730000000000000151e-04 -9.999970000000000248e-01 6.754559999999999453e-01 7.373969999999999692e-01 2.344999999999999862e-03 7.373969999999999692e-01 -6.754590000000000316e-01 1.118999999999999986e-03
1.500000000000000000e+01 4.600000000000000000e+01 2.700000000000000000e+01 0.000000000000000000e+00 1.600000000000000089e+00 -1.396000000000000105e-03 -8.379999999999999862e-04 -9.999989999999999712e-01 6.829119999999999635e-01 7.304990000000000094e-01 -1.564999999999999985e-03 7.305000000000000382e-01 -6.829129999999999923e-01 -4.479999999999999933e-04
2.700000000000000000e+01 4.600000000000000000e+01 2.700000000000000000e+01 0.000000000000000000e+00 1.600000000000000089e+00 1.353000000000000036e-03 2.458999999999999814e-03 -9.999959999999999960e-01 6.797309999999999741e-01 7.334559999999999969e-01 2.723999999999999859e-03 7.334600000000000009e-01 -6.797320000000000029e-01 -6.790000000000000245e-04
8.000000000000000000e+00 5.800000000000000000e+01 3.100000000000000000e+01 0.000000000000000000e+00 1.600000000000000089e+00 1.869999999999999917e-04 3.959999999999999978e-03 9.999919999999999920e-01 -8.018889999999999629e-01 -5.974669999999999703e-01 2.516000000000000007e-03 5.974720000000000031e-01 -8.018840000000000412e-01 3.063999999999999883e-03
1.100000000000000000e+01 5.800000000000000000e+01 3.100000000000000000e+01 0.000000000000000000e+00 1.600000000000000089e+00 2.895000000000000004e-03 3.954000000000000049e-03 9.999879999999999880e-01 -8.023689999999999989e-01 -5.968099999999999516e-01 4.682999999999999663e-03 5.968210000000000459e-01 -8.023730000000000029e-01 1.445000000000000104e-03
1.800000000000000000e+01 5.800000000000000000e+01 3.100000000000000000e+01 0.000000000000000000e+00 1.600000000000000089e+00 -2.919999999999999961e-04 2.629999999999999959e-03 9.999970000000000248e-01 -8.013660000000000228e-01 -5.981729999999999547e-01 1.338999999999999913e-03 5.981750000000000123e-01 -8.013620000000000188e-01 2.282999999999999873e-03
2.600000000000000000e+01 5.800000000000000000e+01 3.100000000000000000e+01 0.000000000000000000e+00 1.600000000000000089e+00 2.186000000000000009e-03 8.245000000000000592e-03 9.999639999999999640e-01 -8.001679999999999904e-01 -5.997379999999999933e-01 6.694000000000000297e-03 5.997719999999999718e-01 -8.001540000000000319e-01 5.285999999999999900e-03
5.000000000000000000e+00 4.600000000000000000e+01 3.500000000000000000e+01 0.000000000000000000e+00 1.600000000000000089e+00 7.209999999999999612e-04 -4.290000000000000193e-04 -1.000000000000000000e+00 3.859369999999999745e-01 -9.225250000000000394e-01 6.740000000000000114e-04 -9.225250000000000394e-01 -3.859380000000000033e-01 -5.000000000000000104e-04
8.000000000000000000e+00 4.600000000000000000e+01 3.500000000000000000e+01 0.000000000000000000e+00 1.600000000000000089e+00 5.320000000000000293e-04 3.353000000000000078e-03 -9.999940000000000495e-01 3.862639999999999962e-01 -9.223839999999999817e-01 -2.886999999999999809e-03 -9.223879999999999857e-01 -3.862599999999999922e-01 -1.786000000000000044e-03
1.200000000000000000e+01 4.600000000000000000e+01 3.500000000000000000e+01 0.000000000000000000e+00 1.600000000000000089e+00 1.433000000000000029e-03 3.680999999999999810e-03 -9.999919999999999920e-01 3.862889999999999935e-01 -9.223740000000000272e-01 -2.841999999999999908e-03 -9.223770000000000024e-01 -3.862820000000000142e-01 -2.743999999999999911e-03
2.100000000000000000e+01 4.600000000000000000e+01 3.500000000000000000e+01 0.000000000000000000e+00 1.600000000000000089e+00 -9.870000000000000301e-04 1.118000000000000070e-03 -9.999989999999999712e-01 3.844509999999999872e-01 -9.231439999999999646e-01 -1.412000000000000061e-03 -9.231449999999999934e-01 -3.844520000000000159e-01 4.809999999999999823e-04
2.000000000000000000e+00 9.500000000000000000e+01 3.600000000000000000e+01 0.000000000000000000e+00 1.600000000000000089e+00 3.621999999999999786e-03 -1.626000000000000015e-02 9.998609999999999998e-01 9.965220000000000189e-01 8.329699999999999604e-02 -2.255000000000000060e-03 -8.324900000000000355e-02 9.963920000000000554e-01 1.650599999999999984e-02
1.800000000000000000e+01 9.500000000000000000e+01 3.600000000000000000e+01 0.000000000000000000e+00 1.600000000000000089e+00 -8.533999999999999919e-03 -2.270499999999999949e-02 9.997059999999999835e-01 9.971579999999999888e-01 7.465099999999999514e-02 1.020800000000000006e-02 -7.485999999999999599e-02 9.969510000000000316e-01 2.200399999999999925e-02
2.500000000000000000e+01 9.500000000000000000e+01 3.600000000000000000e+01 0.000000000000000000e+00 1.600000000000000089e+00 -1.214999999999999934e-03 9.594999999999999363e-03 9.999529999999999808e-01 9.971240000000000103e-01 7.578600000000000614e-02 4.850000000000000253e-04 -7.577799999999999814e-02 9.970780000000000198e-01 -9.658999999999999184e-03
6.000000000000000000e+00 2.900000000000000000e+01 4.400000000000000000e+01 0.000000000000000000e+00 1.600000000000000089e+00 1.864999999999999904e-03 -7.178999999999999618e-03 -9.999730000000000008e-01 6.817330000000000334e-01 7.315899999999999626e-01 -3.981000000000000164e-03 7.315979999999999706e-01 -6.817069999999999519e-01 6.258999999999999807e-03
1.800000000000000000e+01 2.900000000000000000e+01 4.400000000000000000e+01 0.000000000000000000e+00 1.600000000000000089e+00 -3.154999999999999818e-03 -1.270999999999999994e-03 -9.999940000000000495e-01 6.698039999999999550e-01 7.425319999999999698e-01 -3.056999999999999822e-03 7.425310000000000521e-01 -6.698100000000000165e-01 -1.490999999999999921e-03
2.400000000000000000e+01 2.900000000000000000e+01 4.400000000000000000e+01 0.000000000000000000e+00 1.600000000000000089e+00 -2.073000000000000190e-03 8.000000000000000383e-04 -9.999980000000000535e-01 6.666459999999999608e-01 7.453739999999999810e-01 -7.849999999999999990e-04 7.453710000000000058e-01 -6.666459999999999608e-01 -2.079000000000000119e-03
2.800000000000000000e+01 2.900000000000000000e+01 4.400000000000000000e+01 0.000000000000000000e+00 1.600000000000000089e+00 -4.369999999999999970e-04 1.039999999999999909e-03 -9.999989999999999712e-01 6.658570000000000322e-01 7.460799999999999654e-01 4.850000000000000253e-04 7.460799999999999654e-01 -6.658560000000000034e-01 -1.018000000000000025e-03
1.300000000000000000e+01 5.400000000000000000e+01 4.600000000000000000e+01 0.000000000000000000e+00 1.600000000000000089e+00 -3.730000000000000134e-04 8.422000000000000666e-03 9.999639999999999640e-01 3.425969999999999849e-01 -9.394479999999999498e-01 8.040000000000000271e-03 9.394820000000000393e-01 3.425880000000000036e-01 -2.534999999999999927e-03
2.000000000000000000e+00 6.500000000000000000e+01 4.600000000000000000e+01 0.000000000000000000e+00 1.600000000000000089e+00 3.269999999999999795e-04 1.036000000000000029e-03 9.999989999999999712e-01 6.816769999999999774e-01 -7.316529999999999978e-01 5.349999999999999938e-04 7.316529999999999978e-01 6.816759999999999486e-01 -9.449999999999999850e-04
1.500000000000000000e+01 6.500000000000000000e+01 4.600000000000000000e+01 0.000000000000000000e+00 1.600000000000000089e+00 -2.554999999999999979e-03 1.907000000000000058e-03 9.999949999999999672e-01 6.816419999999999702e-01 -7.316789999999999683e-01 3.137000000000000031e-03 7.316820000000000546e-01 6.816459999999999742e-01 5.699999999999999772e-04
1.600000000000000000e+01 7.000000000000000000e+00 5.200000000000000000e+01 0.000000000000000000e+00 1.600000000000000089e+00 -1.884000000000000041e-03 -2.405000000000000020e-03 -9.999949999999999672e-01 8.436799999999999855e-02 -9.964319999999999844e-01 2.236999999999999839e-03 -9.964330000000000132e-01 -8.436399999999999455e-02 2.080999999999999951e-03
1.500000000000000000e+01 1.500000000000000000e+01 5.300000000000000000e+01 0.000000000000000000e+00 1.600000000000000089e+00 3.209999999999999963e-04 1.007000000000000083e-03 -9.999989999999999712e-01 6.792599999999999749e-01 7.338980000000000503e-01 9.569999999999999514e-04 7.338980000000000503e-01 -6.792589999999999462e-01 -4.490000000000000176e-04
4.000000000000000000e+00 6.300000000000000000e+01 5.400000000000000000e+01 0.000000000000000000e+00 1.600000000000000089e+00 -8.289999999999999843e-04 6.939999999999999555e-04 9.999989999999999712e-01 -3.513270000000000004e-01 9.362519999999999731e-01 -9.409999999999999962e-04 -9.362519999999999731e-01 -3.513279999999999736e-01 -5.320000000000000293e-04
1.000000000000000000e+01 6.300000000000000000e+01 5.400000000000000000e+01 0.000000000000000000e+00 1.600000000000000089e+00 -6.329999999999999906e-04 -1.652999999999999955e-03 9.999980000000000535e-01 -3.521690000000000098e-01 9.359359999999999902e-01 1.325000000000000006e-03 -9.359359999999999902e-01 -3.521670000000000078e-01 -1.175000000000000046e-03
1.400000000000000000e+01 6.300000000000000000e+01 5.400000000000000000e+01 0.000000000000000000e+00 1.600000000000000089e+00 8.819999999999999715e-04 -1.309000000000000051e-03 9.999989999999999712e-01 -3.496270000000000211e-01 9.368880000000000541e-01 1.534999999999999906e-03 -9.368880000000000541e-01 -3.496279999999999943e-01 3.690000000000000246e-04
1.900000000000000000e+01 6.300000000000000000e+01 5.400000000000000000e+01 0.000000000000000000e+00 1.600000000000000089e+00 2.500000000000000120e-05 -7.799999999999999859e-04 1.000000000000000000e+00 -3.511139999999999817e-01 9.363329999999999709e-01 7.389999999999999651e-04 -9.363329999999999709e-01 -3.511130000000000084e-01 -2.509999999999999753e-04
2.300000000000000000e+01 6.300000000000000000e+01 5.400000000000000000e+01 0.000000000000000000e+00 1.600000000000000089e+00 3.089999999999999756e-04 -1.959999999999999937e-04 1.000000000000000000e+00 -3.498930000000000096e-01 9.367900000000000116e-01 2.919999999999999961e-04 -9.367900000000000116e-01 -3.498930000000000096e-01 2.210000000000000050e-04
2.500000000000000000e+01 6.300000000000000000e+01 5.400000000000000000e+01 0.000000000000000000e+00 1.600000000000000089e+00 8.329999999999999731e-04 1.050000000000000044e-04 1.000000000000000000e+00 -3.506469999999999865e-01 9.365080000000000071e-01 1.939999999999999993e-04 -9.365069999999999784e-01 -3.506469999999999865e-01 8.170000000000000179e-04
2.900000000000000000e+01 6.300000000000000000e+01 5.400000000000000000e+01 0.000000000000000000e+00 1.600000000000000089e+00 1.330000000000000073e-04 8.429999999999999993e-04 1.000000000000000000e+00 -3.510969999999999924e-01 9.363390000000000324e-01 -7.429999999999999539e-04 -9.363390000000000324e-01 -3.510969999999999924e-01 4.209999999999999875e-04
9.000000000000000000e+00 2.500000000000000000e+01 5.500000000000000000e+01 0.000000000000000000e+00 1.600000000000000089e+00 -2.069999999999999900e-04 -1.131999999999999977e-03 -9.999989999999999712e-01 -1.045100000000000022e-02 -9.999449999999999728e-01 1.134000000000000025e-03 -9.999449999999999728e-01 1.045100000000000022e-02 1.949999999999999965e-04
1.600000000000000000e+01 2.500000000000000000e+01 5.500000000000000000e+01 0.000000000000000000e+00 1.600000000000000089e+00 -1.910000000000000077e-04 -1.098999999999999934e-03 -9.999989999999999712e-01 -1.248999999999999937e-02 -9.999209999999999487e-01 1.101999999999999898e-03 -9.999219999999999775e-01 1.249100000000000037e-02 1.769999999999999926e-04
2.100000000000000000e+01 2.500000000000000000e+01 5.500000000000000000e+01 0.000000000000000000e+00 1.600000000000000089e+00 -9.420000000000000205e-04 -2.083000000000000216e-03 -9.999970000000000248e-01 -1.111900000000000041e-02 -9.999360000000000470e-01 2.092999999999999809e-03 -9.999379999999999935e-01 1.112100000000000068e-02 9.190000000000000035e-04
2.500000000000000000e+01 2.500000000000000000e+01 5.500000000000000000e+01 0.000000000000000000e+00 1.600000000000000089e+00 7.590000000000000175e-04 4.339999999999999782e-04 -1.000000000000000000e+00 -1.115200000000000045e-02 -9.999379999999999935e-01 -4.420000000000000101e-04 -9.999379999999999935e-01 1.115200000000000045e-02 -7.540000000000000044e-04
2.700000000000000000e+01 2.500000000000000000e+01 5.500000000000000000e+01 0.000000000000000000e+00 1.600000000000000089e+00 1.386000000000000079e-03 3.333000000000000025e-03 -9.999940000000000495e-01 -1.146800000000000076e-02 -9.999289999999999567e-01 -3.347999999999999848e-03 -9.999329999999999607e-01 1.147199999999999956e-02 -1.348000000000000023e-03
2.600000000000000000e+01 5.800000000000000000e+01 5.900000000000000000e+01 0.000000000000000000e+00 1.600000000000000089e+00 -4.172000000000000361e-03 5.268000000000000113e-03 -9.999770000000000048e-01 3.864170000000000105e-01 9.223179999999999712e-01 3.246999999999999886e-03 9.223149999999999959e-01 -3.863949999999999885e-01 -5.883000000000000208e-03
8.000000000000000000e+00 2.100000000000000000e+01 6.000000000000000000e+01 0.000000000000000000e+00 1.600000000000000089e+00 2.083999999999999915e-03 -9.213999999999999968e-03 9.999550000000000383e-01 -9.307100000000000095e-02 9.956150000000000277e-01 9.367999999999999591e-03 -9.956570000000000142e-01 -9.308600000000000207e-02 1.216999999999999983e-03
3.000000000000000000e+00 2.700000000000000000e+01 6.300000000000000000e+01 0.000000000000000000e+00 1.600000000000000089e+00 -9.330000000000000186e-04 -7.709999999999999840e-04 9.999989999999999712e-01 -2.756819999999999826e-01 9.612490000000000201e-01 4.840000000000000010e-04 -9.612490000000000201e-01 -2.756810000000000094e-01 -1.110000000000000092e-03
9.000000000000000000e+00 2.700000000000000000e+01 6.300000000000000000e+01 0.000000000000000000e+00 1.600000000000000089e+00 3.735000000000000039e-03 8.500000000000000611e-05 9.999930000000000208e-01 -2.793350000000000000e-01 9.601929999999999632e-01 9.619999999999999645e-04 -9.601859999999999840e-01 -2.793370000000000020e-01 3.611000000000000060e-03
1.300000000000000000e+01 2.700000000000000000e+01 6.300000000000000000e+01 0.000000000000000000e+00 1.600000000000000089e+00 2.661999999999999870e-03 8.219000000000000611e-03 9.999630000000000463e-01 -2.738929999999999976e-01 9.617329999999999490e-01 -7.174999999999999954e-03 -9.617560000000000553e-01 -2.738639999999999963e-01 4.811000000000000172e-03
2.100000000000000000e+01 2.700000000000000000e+01 6.300000000000000000e+01 0.000000000000000000e+00 1.600000000000000089e+00 -1.693999999999999976e-03 -5.929000000000000242e-03 9.999810000000000088e-01 -2.775340000000000029e-01 9.607019999999999449e-01 5.225999999999999743e-03 -9.607139999999999569e-01 -2.775199999999999889e-01 -3.272999999999999868e-03
2.500000000000000000e+01 2.700000000000000000e+01 6.300000000000000000e+01 0.000000000000000000e+00 1.600000000000000089e+00 1.440000000000000036e-04 -9.339999999999999344e-03 9.999559999999999560e-01 -2.795759999999999912e-01 9.600809999999999622e-01 9.008000000000000382e-03 -9.601239999999999775e-01 -2.795650000000000079e-01 -2.474000000000000071e-03
4.000000000000000000e+00 2.600000000000000000e+01 6.400000000000000000e+01 0.000000000000000000e+00 1.600000000000000089e+00 4.290000000000000193e-04 -4.285999999999999879e-03 9.999909999999999632e-01 -3.584309999999999996e-01 9.335470000000000157e-01 4.154999999999999839e-03 -9.335560000000000525e-01 -3.584289999999999976e-01 -1.136000000000000074e-03
9.000000000000000000e+00 2.600000000000000000e+01 6.400000000000000000e+01 0.000000000000000000e+00 1.600000000000000089e+00 4.015000000000000339e-03 -1.979999999999999881e-04 9.999919999999999920e-01 -3.613569999999999838e-01 9.324259999999999771e-01 1.636000000000000084e-03 -9.324189999999999978e-01 -3.613600000000000145e-01 3.671999999999999917e-03
1.600000000000000000e+01 2.600000000000000000e+01 6.400000000000000000e+01 0.000000000000000000e+00 1.600000000000000089e+00 -3.106999999999999953e-03 7.509000000000000050e-03 9.999670000000000503e-01 -3.505610000000000115e-01 9.365050000000000319e-01 -8.120999999999999747e-03 -9.365350000000000064e-01 -3.505739999999999967e-01 -2.779999999999999811e-04
2.100000000000000000e+01 2.600000000000000000e+01 6.400000000000000000e+01 0.000000000000000000e+00 1.600000000000000089e+00 -8.840000000000000201e-04 -5.956999999999999622e-03 9.999820000000000375e-01 -3.590119999999999978e-01 9.333179999999999810e-01 5.242000000000000132e-03 -9.333329999999999682e-01 -3.589999999999999858e-01 -2.964000000000000055e-03
2.500000000000000000e+01 2.600000000000000000e+01 6.400000000000000000e+01 0.000000000000000000e+00 1.600000000000000089e+00 1.206000000000000041e-03 -9.048999999999999752e-03 9.999580000000000135e-01 -3.599260000000000237e-01 9.329389999999999628e-01 8.876999999999999474e-03 -9.329800000000000315e-01 -3.599209999999999909e-01 -2.132000000000000214e-03
1.000000000000000000e+00 2.500000000000000000e+01 7.300000000000000000e+01 0.000000000000000000e+00 1.600000000000000089e+00 5.910000000000000539e-04 -2.445000000000000125e-03 9.999970000000000248e-01 7.506329999999999947e-01 -6.607159999999999700e-01 -2.059000000000000066e-03 6.607189999999999452e-01 7.506319999999999659e-01 1.445000000000000104e-03
4.000000000000000000e+00 2.500000000000000000e+01 7.300000000000000000e+01 0.000000000000000000e+00 1.600000000000000089e+00 6.980000000000000527e-04 4.040000000000000080e-04 1.000000000000000000e+00 7.516770000000000396e-01 -6.595320000000000071e-01 -2.590000000000000071e-04 6.595309999999999784e-01 7.516770000000000396e-01 -7.640000000000000306e-04
1.000000000000000000e+01 2.500000000000000000e+01 7.300000000000000000e+01 0.000000000000000000e+00 1.600000000000000089e+00 6.340000000000000149e-04 -7.770000000000000214e-04 9.999989999999999712e-01 7.496770000000000378e-01 -6.618030000000000301e-01 -9.890000000000000787e-04 6.618039999999999479e-01 7.496770000000000378e-01 1.630000000000000047e-04
1.400000000000000000e+01 2.500000000000000000e+01 7.300000000000000000e+01 0.000000000000000000e+00 1.600000000000000089e+00 4.260000000000000006e-04 -1.203999999999999992e-03 9.999989999999999712e-01 7.482499999999999707e-01 -6.634160000000000057e-01 -1.118000000000000070e-03 6.634170000000000345e-01 7.482499999999999707e-01 6.179999999999999513e-04
2.300000000000000000e+01 2.500000000000000000e+01 7.300000000000000000e+01 0.000000000000000000e+00 1.600000000000000089e+00 1.343000000000000010e-03 2.279000000000000210e-03 9.999970000000000248e-01 7.564619999999999678e-01 -6.540380000000000082e-01 4.739999999999999747e-04 6.540369999999999795e-01 7.564579999999999638e-01 -2.602999999999999845e-03
2.800000000000000000e+01 2.500000000000000000e+01 7.300000000000000000e+01 0.000000000000000000e+00 1.600000000000000089e+00 -1.410000000000000012e-03 -3.295000000000000186e-03 9.999940000000000495e-01 7.573879999999999502e-01 -6.529639999999999889e-01 -1.082999999999999978e-03 6.529629999999999601e-01 7.573819999999999997e-01 3.416000000000000199e-03
9.000000000000000000e+00 4.400000000000000000e+01 7.300000000000000000e+01 0.000000000000000000e+00 1.600000000000000089e+00 -3.200000000000000262e-04 -1.876999999999999979e-03 9.999980000000000535e-01 5.095899999999999735e-02 -9.986990000000000034e-01 -1.858999999999999975e-03 9.987009999999999499e-01 5.095800000000000329e-02 4.150000000000000043e-04
1.500000000000000000e+01 4.400000000000000000e+01 7.300000000000000000e+01 0.000000000000000000e+00 1.600000000000000089e+00 4.130000000000000099e-04 -2.095000000000000074e-03 9.999980000000000535e-01 4.785600000000000270e-02 -9.988519999999999621e-01 -2.112000000000000162e-03 9.988540000000000196e-01 4.785699999999999676e-02 -3.119999999999999944e-04
2.500000000000000000e+01 4.400000000000000000e+01 7.300000000000000000e+01 0.000000000000000000e+00 1.600000000000000089e+00 -3.009999999999999980e-04 -2.580999999999999961e-03 9.999970000000000248e-01 4.881200000000000122e-02 -9.988050000000000539e-01 -2.563000000000000174e-03 9.988080000000000291e-01 4.881100000000000022e-02 4.270000000000000249e-04
1.100000000000000000e+01 5.100000000000000000e+01 7.600000000000000000e+01 0.000000000000000000e+00 1.600000000000000089e+00 -6.499999999999999431e-05 -4.800000000000000122e-04 -1.000000000000000000e+00 -4.157219999999999804e-01 -9.094919999999999671e-01 4.640000000000000027e-04 -9.094919999999999671e-01 4.157219999999999804e-01 -1.410000000000000120e-04
1.600000000000000000e+01 5.100000000000000000e+01 7.600000000000000000e+01 0.000000000000000000e+00 1.600000000000000089e+00 -6.890000000000000508e-04 4.605999999999999851e-03 -9.999890000000000168e-01 -4.139820000000000166e-01 -9.102770000000000028e-01 -3.908000000000000015e-03 -9.102850000000000108e-01 4.139749999999999819e-01 2.533999999999999794e-03
5.000000000000000000e+00 9.100000000000000000e+01 7.600000000000000000e+01 0.000000000000000000e+00 1.600000000000000089e+00 1.949999999999999965e-04 9.070000000000000371e-04 1.000000000000000000e+00 3.129210000000000047e-01 -9.497790000000000399e-01 8.000000000000000383e-04 9.497790000000000399e-01 3.129210000000000047e-01 -4.690000000000000158e-04
9.000000000000000000e+00 9.100000000000000000e+01 7.600000000000000000e+01 0.000000000000000000e+00 1.600000000000000089e+00 -3.209999999999999963e-04 -3.570000000000000040e-04 1.000000000000000000e+00 3.185450000000000226e-01 -9.479079999999999728e-01 -2.359999999999999902e-04 9.479079999999999728e-01 3.185450000000000226e-01 4.180000000000000230e-04
1.500000000000000000e+01 9.100000000000000000e+01 7.600000000000000000e+01 0.000000000000000000e+00 1.600000000000000089e+00 5.199999999999999680e-05 1.247000000000000062e-03 9.999989999999999712e-01 3.164680000000000271e-01 -9.486029999999999740e-01 1.167000000000000069e-03 9.486029999999999740e-01 3.164669999999999983e-01 -4.440000000000000045e-04
2.100000000000000000e+01 9.100000000000000000e+01 7.600000000000000000e+01 0.000000000000000000e+00 1.600000000000000089e+00 5.810000000000000277e-04 3.490000000000000263e-04 1.000000000000000000e+00 3.159170000000000034e-01 -9.487870000000000470e-01 1.479999999999999925e-04 9.487860000000000182e-01 3.159170000000000034e-01 -6.620000000000000450e-04
