3.000000000000000000e+00 1.500000000000000000e+01 4.000000000000000000e+00 0.000000000000000000e+00 1.600000000000000089e+00 1.219000000000000031e-03 1.044999999999999922e-03 9.999989999999999712e-01 2.919329999999999981e-01 -9.564390000000000391e-01 6.440000000000000412e-04 9.564380000000000104e-01 2.919309999999999961e-01 -1.471000000000000085e-03
1.200000000000000000e+01 1.500000000000000000e+01 4.000000000000000000e+00 0.000000000000000000e+00 1.600000000000000089e+00 1.459999999999999926e-03 -9.117999999999999369e-03 9.999569999999999848e-01 2.998890000000000167e-01 -9.539299999999999446e-01 -9.136000000000000024e-03 9.539729999999999599e-01 2.998899999999999899e-01 1.340999999999999961e-03
1.700000000000000000e+01 1.500000000000000000e+01 4.000000000000000000e+00 0.000000000000000000e+00 1.600000000000000089e+00 -1.423999999999999919e-03 -1.652500000000000149e-02 9.998620000000000285e-01 2.913799999999999724e-01 -9.564840000000000009e-01 -1.539300000000000043e-02 9.566059999999999564e-01 2.913180000000000214e-01 6.177000000000000199e-03
2.100000000000000000e+01 1.500000000000000000e+01 4.000000000000000000e+00 0.000000000000000000e+00 1.600000000000000089e+00 -2.247999999999999998e-03 -1.603399999999999964e-02 9.998690000000000078e-01 2.817219999999999724e-01 -9.593829999999999858e-01 -1.475199999999999949e-02 9.594930000000000403e-01 2.816520000000000135e-01 6.674000000000000245e-03
4.000000000000000000e+00 1.600000000000000000e+01 4.000000000000000000e+00 0.000000000000000000e+00 1.600000000000000089e+00 3.178999999999999968e-03 5.039000000000000076e-03 9.999820000000000375e-01 3.579309999999999992e-01 -9.337410000000000432e-01 3.566999999999999858e-03 9.337429999999999897e-01 3.579129999999999812e-01 -4.771000000000000067e-03
8.000000000000000000e+00 1.010000000000000000e+02 7.000000000000000000e+00 0.000000000000000000e+00 1.600000000000000089e+00 -4.400000000000000265e-03 -1.913499999999999923e-02 9.998070000000000013e-01 8.858599999999999808e-01 4.637769999999999948e-01 1.277400000000000063e-02 -4.639320000000000110e-01 8.857460000000000333e-01 1.491100000000000064e-02
1.700000000000000000e+01 1.010000000000000000e+02 7.000000000000000000e+00 0.000000000000000000e+00 1.600000000000000089e+00 1.379999999999999933e-03 1.835600000000000079e-02 9.998310000000000253e-01 8.856190000000000451e-01 4.643090000000000273e-01 -9.747000000000000455e-03 -4.644099999999999895e-01 8.854830000000000201e-01 -1.561500000000000041e-02
3.000000000000000000e+01 1.010000000000000000e+02 7.000000000000000000e+00 0.000000000000000000e+00 1.600000000000000089e+00 6.459999999999999814e-04 -1.199700000000000072e-02 9.999280000000000390e-01 8.856289999999999996e-01 4.643660000000000010e-01 4.998999999999999971e-03 -4.643920000000000270e-01 8.855619999999999603e-01 1.092500000000000068e-02
4.000000000000000000e+00 1.500000000000000000e+01 8.000000000000000000e+00 0.000000000000000000e+00 1.600000000000000089e+00 -3.281000000000000062e-03 -2.226999999999999813e-03 -9.999919999999999920e-01 -5.830659999999999732e-01 -8.124160000000000270e-01 3.722000000000000048e-03 -8.124179999999999735e-01 5.830729999999999524e-01 1.366999999999999943e-03
8.000000000000000000e+00 1.500000000000000000e+01 8.000000000000000000e+00 0.000000000000000000e+00 1.600000000000000089e+00 -3.625999999999999883e-03 1.994999999999999812e-03 -9.999909999999999632e-01 -5.839699999999999891e-01 -8.117750000000000243e-01 4.979999999999999618e-04 -8.117670000000000163e-01 5.839670000000000138e-01 4.108999999999999805e-03
1.900000000000000000e+01 1.500000000000000000e+01 8.000000000000000000e+00 0.000000000000000000e+00 1.600000000000000089e+00 -2.098000000000000038e-03 -1.167100000000000082e-02 -9.999299999999999855e-01 -5.875609999999999999e-01 -8.091089999999999671e-01 1.067700000000000073e-02 -8.091770000000000351e-01 5.875420000000000087e-01 -5.159999999999999656e-03
2.800000000000000000e+01 1.500000000000000000e+01 8.000000000000000000e+00 0.000000000000000000e+00 1.600000000000000089e+00 -3.621000000000000087e-03 -8.923000000000000376e-03 -9.999540000000000095e-01 -5.894939999999999625e-01 -8.077180000000000470e-01 9.341999999999999610e-03 -8.077640000000000375e-01 5.895010000000000527e-01 -2.334999999999999836e-03
4.000000000000000000e+00 2.600000000000000000e+01 8.000000000000000000e+00 0.000000000000000000e+00 1.600000000000000089e+00 2.033999999999999784e-03 7.805000000000000306e-03 -9.999679999999999680e-01 4.068479999999999874e-01 9.134609999999999674e-01 7.957999999999999796e-03 9.134940000000000282e-01 -4.068510000000000182e-01 -1.317999999999999944e-03
1.100000000000000000e+01 2.600000000000000000e+01 8.000000000000000000e+00 0.000000000000000000e+00 1.600000000000000089e+00 1.572999999999999962e-03 4.910999999999999567e-03 -9.999869999999999592e-01 4.059360000000000190e-01 9.138870000000000049e-01 5.126000000000000348e-03 9.139000000000000457e-01 -4.059389999999999943e-01 -5.559999999999999621e-04
2.400000000000000000e+01 2.600000000000000000e+01 8.000000000000000000e+00 0.000000000000000000e+00 1.600000000000000089e+00 3.635000000000000210e-03 9.279000000000000789e-03 -9.999500000000000055e-01 4.022120000000000140e-01 9.154919999999999725e-01 9.957000000000000572e-03 9.155389999999999917e-01 -4.022279999999999744e-01 -4.040000000000000080e-04
3.000000000000000000e+00 2.400000000000000000e+01 9.000000000000000000e+00 0.000000000000000000e+00 1.600000000000000089e+00 1.988999999999999883e-03 1.185100000000000042e-02 -9.999280000000000390e-01 4.620890000000000275e-01 8.867599999999999927e-01 1.142800000000000066e-02 8.868310000000000359e-01 -4.620779999999999887e-01 -3.713000000000000154e-03
6.000000000000000000e+00 2.400000000000000000e+01 9.000000000000000000e+00 0.000000000000000000e+00 1.600000000000000089e+00 2.174000000000000151e-03 8.338999999999999191e-03 -9.999630000000000463e-01 4.624710000000000210e-01 8.865950000000000220e-01 8.399000000000000216e-03 8.866319999999999757e-01 -4.624719999999999942e-01 -1.928999999999999942e-03
1.200000000000000000e+01 2.400000000000000000e+01 9.000000000000000000e+00 0.000000000000000000e+00 1.600000000000000089e+00 1.691000000000000012e-03 3.076999999999999874e-03 -9.999940000000000495e-01 4.619210000000000260e-01 8.869139999999999802e-01 3.510000000000000099e-03 8.869190000000000129e-01 -4.619240000000000013e-01 7.799999999999999859e-05
2.100000000000000000e+01 2.400000000000000000e+01 9.000000000000000000e+00 0.000000000000000000e+00 1.600000000000000089e+00 2.412000000000000081e-03 3.859000000000000017e-03 -9.999900000000000455e-01 4.598920000000000230e-01 8.879629999999999468e-01 4.536000000000000101e-03 8.879719999999999835e-01 -4.598979999999999735e-01 3.669999999999999760e-04
2.800000000000000000e+01 2.400000000000000000e+01 9.000000000000000000e+00 0.000000000000000000e+00 1.600000000000000089e+00 2.573999999999999899e-03 3.158000000000000217e-03 -9.999919999999999920e-01 4.592470000000000163e-01 8.882999999999999785e-01 3.987000000000000093e-03 8.883050000000000113e-01 -4.592530000000000223e-01 8.369999999999999619e-04
9.000000000000000000e+00 4.000000000000000000e+00 1.100000000000000000e+01 0.000000000000000000e+00 1.600000000000000089e+00 1.167999999999999984e-03 2.111299999999999982e-02 -9.997759999999999980e-01 2.247170000000000001e-01 9.742009999999999836e-01 2.083600000000000035e-02 9.744230000000000391e-01 -2.246910000000000018e-01 -3.605999999999999830e-03
1.300000000000000000e+01 4.000000000000000000e+00 1.100000000000000000e+01 0.000000000000000000e+00 1.600000000000000089e+00 1.015999999999999976e-03 6.858999999999999646e-03 -9.999759999999999760e-01 2.214800000000000102e-01 9.751410000000000355e-01 6.914000000000000007e-03 9.751640000000000308e-01 -2.214810000000000112e-01 -5.289999999999999564e-04
1.600000000000000000e+01 4.000000000000000000e+00 1.100000000000000000e+01 0.000000000000000000e+00 1.600000000000000089e+00 3.820000000000000153e-04 -1.407000000000000048e-03 -9.999989999999999712e-01 2.196200000000000097e-01 9.755850000000000355e-01 -1.288999999999999998e-03 9.755850000000000355e-01 -2.196190000000000087e-01 6.819999999999999890e-04
1.500000000000000000e+01 3.100000000000000000e+01 1.200000000000000000e+01 0.000000000000000000e+00 1.600000000000000089e+00 -8.980000000000000352e-04 9.039999999999999642e-04 9.999989999999999712e-01 -2.052700000000000011e-02 9.997890000000000388e-01 -9.219999999999999680e-04 -9.997890000000000388e-01 -2.052800000000000111e-02 -8.790000000000000070e-04
2.500000000000000000e+01 3.100000000000000000e+01 1.200000000000000000e+01 0.000000000000000000e+00 1.600000000000000089e+00 -1.600000000000000077e-03 1.293000000000000095e-03 9.999980000000000535e-01 -2.496299999999999908e-02 9.996869999999999923e-01 -1.332999999999999984e-03 -9.996869999999999923e-01 -2.496500000000000108e-02 -1.567999999999999949e-03
1.100000000000000000e+01 3.200000000000000000e+01 1.400000000000000000e+01 0.000000000000000000e+00 1.600000000000000089e+00 -1.183000000000000024e-03 1.002000000000000069e-03 -9.999989999999999712e-01 1.106749999999999956e-01 9.938559999999999617e-01 8.649999999999999920e-04 9.938559999999999617e-01 -1.106739999999999946e-01 -1.286999999999999950e-03
1.900000000000000000e+01 3.200000000000000000e+01 1.400000000000000000e+01 0.000000000000000000e+00 1.600000000000000089e+00 1.100000000000000039e-04 -4.055999999999999710e-03 -9.999919999999999920e-01 1.179230000000000000e-01 9.930149999999999810e-01 -4.014000000000000207e-03 9.930229999999999890e-01 -1.179209999999999980e-01 5.879999999999999810e-04
2.200000000000000000e+01 3.200000000000000000e+01 1.400000000000000000e+01 0.000000000000000000e+00 1.600000000000000089e+00 2.775999999999999822e-03 -2.064999999999999995e-03 -9.999940000000000495e-01 1.190620000000000012e-01 9.928850000000000176e-01 -1.719999999999999958e-03 9.928829999999999600e-01 -1.190569999999999962e-01 3.001999999999999894e-03
1.000000000000000000e+00 1.200000000000000000e+01 1.500000000000000000e+01 0.000000000000000000e+00 1.600000000000000089e+00 -1.057999999999999913e-03 1.050000000000000044e-04 -9.999989999999999712e-01 -4.709940000000000238e-01 -8.821360000000000312e-01 4.060000000000000024e-04 -8.821360000000000312e-01 4.709949999999999970e-01 9.829999999999999329e-04
5.000000000000000000e+00 1.200000000000000000e+01 1.500000000000000000e+01 0.000000000000000000e+00 1.600000000000000089e+00 -1.283000000000000069e-03 -3.464000000000000065e-03 -9.999930000000000208e-01 -4.720320000000000071e-01 -8.815739999999999688e-01 3.660000000000000059e-03 -8.815800000000000303e-01 4.720340000000000091e-01 -5.039999999999999992e-04
1.300000000000000000e+01 1.200000000000000000e+01 1.500000000000000000e+01 0.000000000000000000e+00 1.600000000000000089e+00 -1.118999999999999986e-03 -1.149000000000000065e-03 -9.999989999999999712e-01 -4.712660000000000182e-01 -8.819900000000000517e-01 1.541000000000000052e-03 -8.819900000000000517e-01 4.712680000000000202e-01 4.449999999999999746e-04
1.900000000000000000e+01 1.200000000000000000e+01 1.500000000000000000e+01 0.000000000000000000e+00 1.600000000000000089e+00 2.970000000000000092e-04 -6.549999999999999833e-04 -1.000000000000000000e+00 -4.716670000000000029e-01 -8.817770000000000330e-01 4.369999999999999970e-04 -8.817770000000000330e-01 4.716659999999999742e-01 -5.710000000000000015e-04
2.200000000000000000e+01 1.200000000000000000e+01 1.500000000000000000e+01 0.000000000000000000e+00 1.600000000000000089e+00 -1.054000000000000032e-03 -5.199999999999999680e-05 -9.999989999999999712e-01 -4.724439999999999751e-01 -8.813609999999999500e-01 5.439999999999999957e-04 -8.813600000000000323e-01 4.724439999999999751e-01 9.039999999999999642e-04
2.800000000000000000e+01 1.200000000000000000e+01 1.500000000000000000e+01 0.000000000000000000e+00 1.600000000000000089e+00 -2.648000000000000180e-03 -1.679999999999999907e-04 -9.999959999999999960e-01 -4.724720000000000031e-01 -8.813450000000000450e-01 1.399000000000000070e-03 -8.813419999999999588e-01 4.724740000000000051e-01 2.253999999999999927e-03
2.800000000000000000e+01 1.100000000000000000e+01 1.600000000000000000e+01 0.000000000000000000e+00 1.600000000000000089e+00 -2.173000000000000018e-03 -1.134999999999999941e-03 -9.999970000000000248e-01 -4.203870000000000107e-01 -9.073430000000000106e-01 1.943999999999999981e-03 -9.073419999999999819e-01 4.203899999999999859e-01 1.495000000000000018e-03
7.000000000000000000e+00 1.160000000000000000e+02 1.600000000000000000e+01 0.000000000000000000e+00 1.600000000000000089e+00 -1.356999999999999916e-03 -1.208000000000000089e-03 9.999980000000000535e-01 6.488979999999999748e-01 7.608730000000000215e-01 1.799999999999999951e-03 -7.608740000000000503e-01 6.489000000000000323e-01 -2.480000000000000108e-04
1.600000000000000000e+01 1.160000000000000000e+02 1.600000000000000000e+01 0.000000000000000000e+00 1.600000000000000089e+00 9.700000000000000505e-04 -4.366000000000000089e-03 9.999900000000000455e-01 6.645469999999999988e-01 7.472419999999999618e-01 2.618000000000000101e-03 -7.472459999999999658e-01 6.645379999999999621e-01 3.627000000000000016e-03
2.600000000000000000e+01 1.160000000000000000e+02 1.600000000000000000e+01 0.000000000000000000e+00 1.600000000000000089e+00 -1.843999999999999936e-03 5.349999999999999938e-04 9.999980000000000535e-01 6.728680000000000216e-01 7.397620000000000307e-01 8.450000000000000479e-04 -7.397610000000000019e-01 6.728680000000000216e-01 -1.724000000000000055e-03
3.000000000000000000e+00 2.000000000000000000e+00 1.900000000000000000e+01 0.000000000000000000e+00 1.600000000000000089e+00 3.863000000000000114e-03 -6.798000000000000223e-03 -9.999689999999999968e-01 2.090090000000000003e-01 -9.778850000000000042e-01 7.454999999999999821e-03 -9.779060000000000530e-01 -2.090309999999999946e-01 -2.356000000000000021e-03
9.000000000000000000e+00 2.000000000000000000e+00 1.900000000000000000e+01 0.000000000000000000e+00 1.600000000000000089e+00 4.917999999999999629e-03 -6.209000000000000109e-03 -9.999689999999999968e-01 2.084399999999999864e-01 -9.780090000000000172e-01 7.098000000000000143e-03 -9.780229999999999757e-01 -2.084679999999999866e-01 -3.516000000000000028e-03
1.200000000000000000e+01 2.000000000000000000e+00 1.900000000000000000e+01 0.000000000000000000e+00 1.600000000000000089e+00 7.540000000000000044e-04 -5.070999999999999987e-03 -9.999869999999999592e-01 2.093019999999999881e-01 -9.778379999999999850e-01 5.117000000000000021e-03 -9.778510000000000257e-01 -2.093029999999999891e-01 3.240000000000000150e-04
2.100000000000000000e+01 2.000000000000000000e+00 1.900000000000000000e+01 0.000000000000000000e+00 1.600000000000000089e+00 -1.330000000000000073e-04 -1.776999999999999934e-03 -9.999980000000000535e-01 2.109580000000000066e-01 -9.774939999999999740e-01 1.709000000000000016e-03 -9.774950000000000028e-01 -2.109580000000000066e-01 5.050000000000000235e-04
2.500000000000000000e+01 2.000000000000000000e+00 1.900000000000000000e+01 0.000000000000000000e+00 1.600000000000000089e+00 3.209999999999999963e-04 -4.360000000000000160e-03 -9.999900000000000455e-01 2.147370000000000112e-01 -9.766620000000000301e-01 4.327000000000000117e-03 -9.766719999999999846e-01 -2.147360000000000102e-01 6.229999999999999644e-04
2.900000000000000000e+01 2.000000000000000000e+00 1.900000000000000000e+01 0.000000000000000000e+00 1.600000000000000089e+00 -5.479999999999999845e-04 -9.237999999999999684e-03 -9.999569999999999848e-01 2.193789999999999907e-01 -9.755989999999999940e-01 8.892999999999999863e-03 -9.756399999999999517e-01 -2.193650000000000044e-01 2.562000000000000041e-03
2.000000000000000000e+00 4.000000000000000000e+00 2.000000000000000000e+01 0.000000000000000000e+00 1.600000000000000089e+00 1.642999999999999929e-03 -6.729999999999999871e-04 -9.999980000000000535e-01 2.891299999999999981e-01 -9.572889999999999455e-01 1.118999999999999986e-03 -9.572880000000000278e-01 -2.891320000000000001e-01 -1.378000000000000102e-03
3.000000000000000000e+00 1.300000000000000000e+01 2.000000000000000000e+01 0.000000000000000000e+00 1.600000000000000089e+00 -1.730000000000000038e-04 2.204999999999999929e-03 9.999980000000000535e-01 2.567630000000000190e-01 9.664719999999999978e-01 -2.086999999999999880e-03 -9.664740000000000553e-01 2.567619999999999902e-01 -7.330000000000000361e-04
1.100000000000000000e+01 1.300000000000000000e+01 2.000000000000000000e+01 0.000000000000000000e+00 1.600000000000000089e+00 5.490000000000000088e-04 1.620000000000000075e-04 1.000000000000000000e+00 2.562869999999999870e-01 9.666010000000000435e-01 -2.979999999999999793e-04 -9.666010000000000435e-01 2.562869999999999870e-01 4.889999999999999599e-04
1.500000000000000000e+01 1.300000000000000000e+01 2.000000000000000000e+01 0.000000000000000000e+00 1.600000000000000089e+00 -1.575000000000000011e-03 -4.342999999999999639e-03 9.999890000000000168e-01 2.576550000000000229e-01 9.662260000000000293e-01 4.602000000000000188e-03 -9.662359999999999838e-01 2.576590000000000269e-01 -4.029999999999999837e-04
2.200000000000000000e+01 1.300000000000000000e+01 2.000000000000000000e+01 0.000000000000000000e+00 1.600000000000000089e+00 7.600000000000000418e-05 1.550000000000000000e-04 1.000000000000000000e+00 2.591040000000000010e-01 9.658489999999999576e-01 -1.689999999999999879e-04 -9.658489999999999576e-01 2.591040000000000010e-01 3.399999999999999973e-05
2.600000000000000000e+01 1.300000000000000000e+01 2.000000000000000000e+01 0.000000000000000000e+00 1.600000000000000089e+00 -9.759999999999999796e-04 3.157000000000000084e-03 9.999949999999999672e-01 2.606749999999999901e-01 9.654230000000000311e-01 -2.792999999999999910e-03 -9.654260000000000064e-01 2.606709999999999861e-01 -1.765000000000000076e-03
1.400000000000000000e+01 1.600000000000000000e+01 2.100000000000000000e+01 0.000000000000000000e+00 1.600000000000000089e+00 -8.689999999999999808e-04 -4.452000000000000228e-03 9.999900000000000455e-01 3.007659999999999778e-01 9.536869999999999514e-01 4.507999999999999854e-03 -9.536980000000000457e-01 3.007659999999999778e-01 5.100000000000000366e-04
1.900000000000000000e+01 1.600000000000000000e+01 2.100000000000000000e+01 0.000000000000000000e+00 1.600000000000000089e+00 -6.390000000000000280e-04 -2.631000000000000092e-03 9.999959999999999960e-01 3.019669999999999854e-01 9.533150000000000235e-01 2.700999999999999842e-03 -9.533179999999999987e-01 3.019669999999999854e-01 1.849999999999999973e-04
3.000000000000000000e+01 1.600000000000000000e+01 2.100000000000000000e+01 0.000000000000000000e+00 1.600000000000000089e+00 -1.319000000000000077e-03 7.034999999999999587e-03 9.999740000000000295e-01 3.023359999999999936e-01 9.531800000000000272e-01 -6.307000000000000106e-03 -9.532000000000000473e-01 3.023199999999999776e-01 -3.383999999999999855e-03
1.000000000000000000e+00 4.600000000000000000e+01 2.700000000000000000e+01 0.000000000000000000e+00 1.600000000000000089e+00 5.008000000000000299e-03 1.779999999999999898e-03 -9.999860000000000415e-01 6.603860000000000285e-01 7.509120000000000239e-01 4.643999999999999691e-03 7.509099999999999664e-01 -6.603999999999999870e-01 2.585000000000000058e-03
2.200000000000000000e+01 4.600000000000000000e+01 2.700000000000000000e+01 0.000000000000000000e+00 1.600000000000000089e+00 1.441000000000000007e-03 2.762999999999999831e-03 -9.999949999999999672e-01 6.618779999999999664e-01 7.496049999999999658e-01 3.024999999999999911e-03 7.496099999999999985e-01 -6.618789999999999951e-01 -7.489999999999999913e-04
2.900000000000000000e+01 4.600000000000000000e+01 2.700000000000000000e+01 0.000000000000000000e+00 1.600000000000000089e+00 -4.945999999999999876e-03 -4.555000000000000021e-03 -9.999770000000000048e-01 6.584130000000000260e-01 7.526270000000000460e-01 -6.684999999999999970e-03 7.526410000000000045e-01 -6.584309999999999885e-01 -7.240000000000000342e-04
2.300000000000000000e+01 4.600000000000000000e+01 3.000000000000000000e+01 0.000000000000000000e+00 1.600000000000000089e+00 9.460000000000000093e-04 1.023999999999999954e-03 -9.999989999999999712e-01 3.218230000000000257e-01 9.467989999999999462e-01 1.273999999999999959e-03 9.467999999999999750e-01 -3.218230000000000257e-01 5.659999999999999884e-04
2.700000000000000000e+01 4.600000000000000000e+01 3.000000000000000000e+01 0.000000000000000000e+00 1.600000000000000089e+00 -1.461000000000000059e-03 -3.462999999999999932e-03 -9.999930000000000208e-01 3.165970000000000173e-01 9.485529999999999795e-01 -3.746999999999999897e-03 9.485590000000000410e-01 -3.165999999999999925e-01 -2.900000000000000017e-04
3.000000000000000000e+00 5.800000000000000000e+01 3.100000000000000000e+01 0.000000000000000000e+00 1.600000000000000089e+00 -1.211999999999999970e-03 5.962000000000000285e-03 9.999810000000000088e-01 -7.722369999999999512e-01 -6.353280000000000038e-01 2.851999999999999934e-03 6.353330000000000366e-01 -7.722189999999999888e-01 5.374000000000000304e-03
7.000000000000000000e+00 5.800000000000000000e+01 3.100000000000000000e+01 0.000000000000000000e+00 1.600000000000000089e+00 6.285999999999999921e-03 6.801999999999999887e-03 9.999569999999999848e-01 -7.748859999999999637e-01 -6.320339999999999847e-01 9.169999999999999332e-03 6.320700000000000207e-01 -7.749110000000000165e-01 1.297999999999999892e-03
9.000000000000000000e+00 5.800000000000000000e+01 3.100000000000000000e+01 0.000000000000000000e+00 1.600000000000000089e+00 7.067000000000000365e-03 8.515999999999999265e-03 9.999390000000000223e-01 -7.746410000000000240e-01 -6.323069999999999524e-01 1.085999999999999986e-02 6.323609999999999509e-01 -7.746709999999999985e-01 2.128000000000000117e-03
1.700000000000000000e+01 5.800000000000000000e+01 3.100000000000000000e+01 0.000000000000000000e+00 1.600000000000000089e+00 -3.014000000000000186e-03 -6.231999999999999693e-03 9.999759999999999760e-01 -7.757849999999999469e-01 -6.309669999999999446e-01 -6.270999999999999665e-03 6.309909999999999686e-01 -7.757849999999999469e-01 -2.932000000000000144e-03
2.100000000000000000e+01 5.800000000000000000e+01 3.100000000000000000e+01 0.000000000000000000e+00 1.600000000000000089e+00 2.039000000000000014e-03 -4.409999999999999858e-04 9.999980000000000535e-01 -7.767730000000000468e-01 -6.297800000000000065e-01 1.306000000000000086e-03 6.297779999999999490e-01 -7.767739999999999645e-01 -1.626999999999999974e-03
2.900000000000000000e+01 5.800000000000000000e+01 3.100000000000000000e+01 0.000000000000000000e+00 1.600000000000000089e+00 -4.928000000000000089e-03 -1.115999999999999978e-02 9.999259999999999815e-01 -7.785349999999999770e-01 -6.275070000000000370e-01 -1.084000000000000068e-02 6.275819999999999732e-01 -7.785309999999999730e-01 -5.596000000000000280e-03
1.000000000000000000e+00 6.000000000000000000e+00 3.200000000000000000e+01 0.000000000000000000e+00 1.600000000000000089e+00 7.380000000000000492e-04 -5.250999999999999591e-03 -9.999860000000000415e-01 1.566390000000000005e-01 9.876430000000000486e-01 -5.070999999999999987e-03 9.876559999999999784e-01 -1.566329999999999945e-01 1.551999999999999994e-03
6.000000000000000000e+00 4.600000000000000000e+01 3.500000000000000000e+01 0.000000000000000000e+00 1.600000000000000089e+00 -5.379999999999999583e-04 1.588000000000000002e-03 -9.999989999999999712e-01 3.852960000000000274e-01 -9.227919999999999456e-01 -1.672000000000000092e-03 -9.227929999999999744e-01 -3.852960000000000274e-01 -1.150000000000000035e-04
1.300000000000000000e+01 4.600000000000000000e+01 3.500000000000000000e+01 0.000000000000000000e+00 1.600000000000000089e+00 7.399999999999999894e-04 -2.333000000000000004e-03 -9.999970000000000248e-01 3.853269999999999751e-01 -9.227769999999999584e-01 2.438000000000000063e-03 -9.227800000000000447e-01 -3.853280000000000038e-01 2.159999999999999919e-04
1.600000000000000000e+01 4.600000000000000000e+01 3.500000000000000000e+01 0.000000000000000000e+00 1.600000000000000089e+00 6.130000000000000466e-04 -2.467000000000000009e-03 -9.999970000000000248e-01 3.847289999999999877e-01 -9.230260000000000131e-01 2.513000000000000043e-03 -9.230300000000000171e-01 -3.847289999999999877e-01 3.829999999999999854e-04
2.000000000000000000e+01 4.600000000000000000e+01 3.500000000000000000e+01 0.000000000000000000e+00 1.600000000000000089e+00 -4.300000000000000165e-05 -3.838999999999999965e-03 -9.999930000000000208e-01 3.853690000000000171e-01 -9.227560000000000207e-01 3.526000000000000054e-03 -9.227629999999999999e-01 -3.853659999999999863e-01 1.520000000000000084e-03
2.400000000000000000e+01 4.600000000000000000e+01 3.500000000000000000e+01 0.000000000000000000e+00 1.600000000000000089e+00 4.159999999999999744e-04 -5.739000000000000178e-03 -9.999829999999999552e-01 3.854870000000000241e-01 -9.226969999999999894e-01 5.454999999999999780e-03 -9.227130000000000054e-01 -3.854830000000000201e-01 1.828999999999999897e-03
2.700000000000000000e+01 4.600000000000000000e+01 3.500000000000000000e+01 0.000000000000000000e+00 1.600000000000000089e+00 3.939999999999999817e-04 -7.789999999999999616e-04 -1.000000000000000000e+00 3.841720000000000135e-01 -9.232609999999999983e-01 8.710000000000000294e-04 -9.232620000000000271e-01 -3.841720000000000135e-01 -6.399999999999999710e-05
3.000000000000000000e+00 9.500000000000000000e+01 3.600000000000000000e+01 0.000000000000000000e+00 1.600000000000000089e+00 1.072000000000000036e-03 -1.065900000000000007e-02 9.999430000000000263e-01 9.975260000000000238e-01 7.029399999999999538e-02 -3.200000000000000262e-04 -7.028600000000000125e-02 9.974690000000000500e-01 1.070800000000000050e-02
1.000000000000000000e+01 9.500000000000000000e+01 3.600000000000000000e+01 0.000000000000000000e+00 1.600000000000000089e+00 5.730000000000000501e-04 3.500600000000000239e-02 9.993870000000000253e-01 9.980839999999999712e-01 6.180499999999999883e-02 -2.736999999999999850e-03 -6.186300000000000132e-02 9.974739999999999718e-01 -3.490399999999999753e-02
1.700000000000000000e+01 9.500000000000000000e+01 3.600000000000000000e+01 0.000000000000000000e+00 1.600000000000000089e+00 -5.452000000000000249e-03 -1.765900000000000108e-02 9.998289999999999678e-01 9.973400000000000043e-01 7.258199999999999374e-02 6.720000000000000279e-03 -7.268800000000000261e-02 9.972060000000000368e-01 1.721599999999999867e-02
2.200000000000000000e+01 9.500000000000000000e+01 3.600000000000000000e+01 0.000000000000000000e+00 1.600000000000000089e+00 3.586999999999999911e-03 1.494299999999999969e-02 9.998820000000000485e-01 9.975180000000000158e-01 7.026499999999999413e-02 -4.628000000000000169e-03 -7.032599999999999962e-02 9.974159999999999693e-01 -1.465400000000000036e-02
2.700000000000000000e+01 9.500000000000000000e+01 3.600000000000000000e+01 0.000000000000000000e+00 1.600000000000000089e+00 2.629999999999999959e-04 2.232000000000000043e-03 9.999970000000000248e-01 9.975739999999999608e-01 6.961499999999999633e-02 -4.180000000000000230e-04 -6.961499999999999633e-02 9.975709999999999855e-01 -2.207999999999999893e-03
1.000000000000000000e+01 3.000000000000000000e+00 4.300000000000000000e+01 0.000000000000000000e+00 1.600000000000000089e+00 5.526999999999999795e-03 2.219700000000000145e-02 -9.997380000000000155e-01 7.413840000000000430e-01 -6.709939999999999793e-01 -1.079899999999999957e-02 -6.710580000000000434e-01 -7.411309999999999842e-01 -2.016499999999999890e-02
1.400000000000000000e+01 3.000000000000000000e+00 4.300000000000000000e+01 0.000000000000000000e+00 1.600000000000000089e+00 -8.339999999999999974e-04 1.003700000000000078e-02 -9.999489999999999768e-01 7.410400000000000320e-01 -6.714200000000000168e-01 -7.357999999999999957e-03 -6.714599999999999458e-01 -7.410090000000000288e-01 -6.878000000000000433e-03
1.900000000000000000e+01 3.000000000000000000e+00 4.300000000000000000e+01 0.000000000000000000e+00 1.600000000000000089e+00 -3.429999999999999889e-04 5.630000000000000239e-04 -1.000000000000000000e+00 7.365939999999999710e-01 -6.763350000000000195e-01 -6.329999999999999906e-04 -6.763350000000000195e-01 -7.365939999999999710e-01 -1.820000000000000057e-04
2.200000000000000000e+01 3.000000000000000000e+00 4.300000000000000000e+01 0.000000000000000000e+00 1.600000000000000089e+00 -2.066000000000000128e-03 -4.543000000000000163e-03 -9.999879999999999880e-01 7.346960000000000157e-01 -6.783949999999999703e-01 1.564000000000000069e-03 -6.783930000000000238e-01 -7.346840000000000037e-01 4.739000000000000157e-03
2.700000000000000000e+01 3.000000000000000000e+00 4.300000000000000000e+01 0.000000000000000000e+00 1.600000000000000089e+00 -1.435000000000000078e-03 -6.956000000000000377e-03 -9.999749999999999472e-01 7.378310000000000146e-01 -6.749749999999999917e-01 3.637000000000000042e-03 -6.749840000000000284e-01 -7.378069999999999906e-01 6.100999999999999653e-03
6.000000000000000000e+00 8.000000000000000000e+00 4.400000000000000000e+01 0.000000000000000000e+00 1.600000000000000089e+00 -3.563999999999999894e-03 1.337999999999999997e-03 9.999930000000000208e-01 -7.772200000000000220e-01 -6.292259999999999520e-01 -1.928000000000000026e-03 6.292189999999999728e-01 -7.772210000000000507e-01 3.282999999999999894e-03
1.500000000000000000e+01 8.000000000000000000e+00 4.400000000000000000e+01 0.000000000000000000e+00 1.600000000000000089e+00 3.530000000000000152e-03 9.964999999999999900e-03 9.999440000000000550e-01 -7.792869999999999520e-01 -6.266030000000000211e-01 8.994999999999999524e-03 6.266580000000000483e-01 -7.792750000000000510e-01 5.552999999999999776e-03
2.900000000000000000e+01 8.000000000000000000e+00 4.400000000000000000e+01 0.000000000000000000e+00 1.600000000000000089e+00 -2.876000000000000084e-03 -4.507999999999999854e-03 9.999860000000000415e-01 -7.736769999999999481e-01 -6.335600000000000120e-01 -5.081999999999999712e-03 6.335739999999999705e-01 -7.736809999999999521e-01 -1.665999999999999946e-03
2.000000000000000000e+00 2.900000000000000000e+01 4.400000000000000000e+01 0.000000000000000000e+00 1.600000000000000089e+00 2.101000000000000003e-03 2.056000000000000102e-03 -9.999959999999999960e-01 6.805660000000000043e-01 7.326810000000000267e-01 2.935999999999999808e-03 7.326840000000000019e-01 -6.805689999999999795e-01 1.399999999999999877e-04
5.000000000000000000e+00 2.900000000000000000e+01 4.400000000000000000e+01 0.000000000000000000e+00 1.600000000000000089e+00 2.088000000000000012e-03 2.509999999999999753e-04 -9.999980000000000535e-01 6.798520000000000119e-01 7.333469999999999711e-01 1.603000000000000041e-03 7.333460000000000534e-01 -6.798539999999999583e-01 1.360000000000000098e-03
1.000000000000000000e+01 2.900000000000000000e+01 4.400000000000000000e+01 0.000000000000000000e+00 1.600000000000000089e+00 2.121000000000000055e-03 1.378000000000000102e-03 -9.999970000000000248e-01 6.756929999999999881e-01 7.371790000000000287e-01 2.448999999999999788e-03 7.371799999999999464e-01 -6.756959999999999633e-01 6.319999999999999663e-04
1.400000000000000000e+01 2.900000000000000000e+01 4.400000000000000000e+01 0.000000000000000000e+00 1.600000000000000089e+00 -5.919999999999999698e-04 2.199999999999999943e-05 -1.000000000000000000e+00 6.699140000000000095e-01 7.424389999999999601e-01 -3.800000000000000209e-04 7.424389999999999601e-01 -6.699140000000000095e-01 -4.539999999999999765e-04
2.000000000000000000e+01 2.900000000000000000e+01 4.400000000000000000e+01 0.000000000000000000e+00 1.600000000000000089e+00 -1.649999999999999991e-03 -1.550000000000000000e-04 -9.999989999999999712e-01 6.756429999999999936e-01 7.372279999999999944e-01 -1.229000000000000058e-03 7.372269999999999657e-01 -6.756440000000000223e-01 -1.111000000000000008e-03
2.400000000000000000e+01 2.900000000000000000e+01 4.400000000000000000e+01 0.000000000000000000e+00 1.600000000000000089e+00 -2.321000000000000146e-03 -2.144000000000000072e-03 -9.999949999999999672e-01 6.792869999999999742e-01 7.338660000000000183e-01 -3.148999999999999889e-03 7.338689999999999936e-01 -6.792909999999999782e-01 -2.469999999999999865e-04
2.600000000000000000e+01 5.400000000000000000e+01 4.600000000000000000e+01 0.000000000000000000e+00 1.600000000000000089e+00 -2.099999999999999884e-05 -4.041000000000000321e-03 9.999919999999999920e-01 3.281279999999999752e-01 -9.446259999999999657e-01 -3.810000000000000019e-03 9.446329999999999449e-01 3.281250000000000000e-01 1.345999999999999974e-03
2.300000000000000000e+01 7.400000000000000000e+01 4.900000000000000000e+01 0.000000000000000000e+00 1.600000000000000089e+00 -3.151000000000000155e-03 -3.209999999999999963e-04 9.999949999999999672e-01 -9.798940000000000428e-01 1.994940000000000047e-01 -3.024000000000000212e-03 -1.994920000000000027e-01 -9.798989999999999645e-01 -9.430000000000000448e-04
1.100000000000000000e+01 7.000000000000000000e+00 5.200000000000000000e+01 0.000000000000000000e+00 1.600000000000000089e+00 4.722999999999999768e-03 2.831999999999999882e-03 -9.999850000000000128e-01 7.542000000000000093e-02 -9.971489999999999521e-01 -2.468000000000000142e-03 -9.971410000000000551e-01 -7.540700000000000180e-02 -4.923000000000000292e-03
5.000000000000000000e+00 6.300000000000000000e+01 5.400000000000000000e+01 0.000000000000000000e+00 1.600000000000000089e+00 1.652999999999999955e-03 -7.569999999999999689e-04 9.999980000000000535e-01 -3.493040000000000034e-01 9.370089999999999808e-01 1.286000000000000034e-03 -9.370079999999999520e-01 -3.493060000000000054e-01 1.283999999999999985e-03
1.400000000000000000e+01 6.300000000000000000e+01 5.400000000000000000e+01 0.000000000000000000e+00 1.600000000000000089e+00 1.686999999999999915e-03 -5.389999999999999826e-04 9.999980000000000535e-01 -3.497560000000000113e-01 9.368400000000000061e-01 1.095000000000000053e-03 -9.368389999999999773e-01 -3.497580000000000133e-01 1.392000000000000008e-03
1.900000000000000000e+01 6.300000000000000000e+01 5.400000000000000000e+01 0.000000000000000000e+00 1.600000000000000089e+00 -5.069999999999999637e-04 -2.418000000000000010e-03 9.999970000000000248e-01 -3.567969999999999753e-01 9.341800000000000104e-01 2.077999999999999986e-03 -9.341819999999999569e-01 -3.567949999999999733e-01 -1.335999999999999948e-03
2.700000000000000000e+01 6.300000000000000000e+01 5.400000000000000000e+01 0.000000000000000000e+00 1.600000000000000089e+00 -8.899999999999999491e-05 2.233999999999999875e-03 9.999970000000000248e-01 -3.545200000000000018e-01 9.350460000000000438e-01 -2.119999999999999923e-03 -9.350479999999999903e-01 -3.545189999999999730e-01 7.089999999999999948e-04
4.000000000000000000e+00 2.500000000000000000e+01 5.500000000000000000e+01 0.000000000000000000e+00 1.600000000000000089e+00 -5.199999999999999544e-04 -1.177000000000000095e-03 -9.999989999999999712e-01 -1.111799999999999941e-02 -9.999369999999999647e-01 1.183000000000000024e-03 -9.999379999999999935e-01 1.111900000000000041e-02 5.069999999999999637e-04
9.000000000000000000e+00 2.500000000000000000e+01 5.500000000000000000e+01 0.000000000000000000e+00 1.600000000000000089e+00 -1.335999999999999948e-03 -2.109000000000000197e-03 -9.999970000000000248e-01 -1.235999999999999946e-02 -9.999209999999999487e-01 2.125000000000000153e-03 -9.999230000000000063e-01 1.236300000000000072e-02 1.309000000000000051e-03
2.100000000000000000e+01 2.500000000000000000e+01 5.500000000000000000e+01 0.000000000000000000e+00 1.600000000000000089e+00 1.002000000000000069e-03 -1.263999999999999933e-03 -9.999989999999999712e-01 -1.071599999999999983e-02 -9.999419999999999975e-01 1.253999999999999906e-03 -9.999419999999999975e-01 1.071500000000000057e-02 -1.015999999999999976e-03
2.500000000000000000e+01 6.800000000000000000e+01 5.700000000000000000e+01 0.000000000000000000e+00 1.600000000000000089e+00 1.943999999999999981e-03 -2.618000000000000101e-03 -9.999949999999999672e-01 -2.439639999999999864e-01 -9.697820000000000329e-01 2.063999999999999863e-03 -9.697820000000000329e-01 2.439590000000000092e-01 -2.523000000000000069e-03
1.200000000000000000e+01 5.800000000000000000e+01 5.900000000000000000e+01 0.000000000000000000e+00 1.600000000000000089e+00 1.840000000000000056e-03 4.421999999999999716e-03 -9.999879999999999880e-01 3.931529999999999747e-01 9.194609999999999728e-01 4.788999999999999854e-03 9.194710000000000383e-01 -3.931569999999999787e-01 -4.600000000000000004e-05
4.000000000000000000e+00 2.100000000000000000e+01 6.000000000000000000e+01 0.000000000000000000e+00 1.600000000000000089e+00 2.317000000000000049e-03 9.622999999999999610e-03 9.999510000000000343e-01 -9.612300000000000011e-02 9.953250000000000153e-01 -9.355999999999999733e-03 -9.953670000000000018e-01 -9.609700000000000186e-02 3.230999999999999931e-03
1.600000000000000000e+01 2.100000000000000000e+01 6.000000000000000000e+01 0.000000000000000000e+00 1.600000000000000089e+00 1.679999999999999907e-04 1.593000000000000015e-03 9.999989999999999712e-01 -9.636599999999999333e-02 9.953450000000000353e-01 -1.569000000000000082e-03 -9.953459999999999530e-01 -9.636500000000000621e-02 3.209999999999999963e-04
2.000000000000000000e+01 2.100000000000000000e+01 6.000000000000000000e+01 0.000000000000000000e+00 1.600000000000000089e+00 -1.191000000000000001e-03 7.540000000000000044e-04 9.999989999999999712e-01 -9.502299999999999636e-02 9.954749999999999988e-01 -8.630000000000000518e-04 -9.954739999999999700e-01 -9.502399999999999736e-02 -1.113999999999999973e-03
2.700000000000000000e+01 2.100000000000000000e+01 6.000000000000000000e+01 0.000000000000000000e+00 1.600000000000000089e+00 -9.500000000000000523e-05 -6.016999999999999779e-03 9.999820000000000375e-01 -9.535299999999999332e-02 9.954260000000000330e-01 5.981000000000000205e-03 -9.954429999999999668e-01 -9.535100000000000520e-02 -6.679999999999999740e-04
1.500000000000000000e+01 6.000000000000000000e+00 6.100000000000000000e+01 0.000000000000000000e+00 1.600000000000000089e+00 -6.960000000000000041e-04 9.659999999999999533e-04 9.999989999999999712e-01 5.604219999999999757e-01 -8.282059999999999977e-01 1.190000000000000085e-03 8.282070000000000265e-01 5.604230000000000045e-01 3.499999999999999693e-05
2.900000000000000000e+01 6.000000000000000000e+00 6.100000000000000000e+01 0.000000000000000000e+00 1.600000000000000089e+00 5.460000000000000443e-04 8.000999999999999432e-03 9.999679999999999680e-01 5.591549999999999576e-01 -8.290389999999999704e-01 6.328000000000000291e-03 8.290629999999999944e-01 5.591340000000000199e-01 -4.925999999999999823e-03
5.000000000000000000e+00 3.000000000000000000e+00 6.300000000000000000e+01 0.000000000000000000e+00 1.600000000000000089e+00 -3.027000000000000177e-03 2.795000000000000175e-03 9.999919999999999920e-01 -6.116359999999999575e-01 7.911289999999999711e-01 -4.061999999999999639e-03 -7.911340000000000039e-01 -6.116430000000000478e-01 -6.849999999999999535e-04
2.200000000000000000e+01 3.000000000000000000e+00 6.300000000000000000e+01 0.000000000000000000e+00 1.600000000000000089e+00 2.910000000000000260e-04 -3.740999999999999968e-03 9.999930000000000208e-01 -6.109019999999999451e-01 7.916999999999999593e-01 3.139999999999999996e-03 -7.917060000000000208e-01 -6.108989999999999698e-01 -2.054999999999999969e-03
7.000000000000000000e+00 2.700000000000000000e+01 6.300000000000000000e+01 0.000000000000000000e+00 1.600000000000000089e+00 -8.750000000000000182e-04 3.213000000000000144e-03 9.999940000000000495e-01 -2.794659999999999922e-01 9.601499999999999480e-01 -3.328999999999999928e-03 -9.601549999999999807e-01 -2.794670000000000210e-01 5.800000000000000034e-05
1.100000000000000000e+01 2.700000000000000000e+01 6.300000000000000000e+01 0.000000000000000000e+00 1.600000000000000089e+00 5.000000000000000409e-06 -2.321000000000000146e-03 9.999970000000000248e-01 -2.794340000000000157e-01 9.601619999999999600e-01 2.230000000000000211e-03 -9.601650000000000462e-01 -2.794340000000000157e-01 -6.440000000000000412e-04
