1.700000000000000000e+01 1.700000000000000000e+01 3.000000000000000000e+00 0.000000000000000000e+00 1.600000000000000089e+00 -2.818400000000000072e-02 -1.768899999999999986e-02 -9.994459999999999456e-01 -7.128360000000000252e-01 -7.005770000000000053e-01 3.250100000000000211e-02 -7.007640000000000535e-01 7.133570000000000189e-01 7.135999999999999982e-03
1.000000000000000000e+00 2.100000000000000000e+01 4.000000000000000000e+00 0.000000000000000000e+00 1.600000000000000089e+00 7.849999999999999990e-04 1.005799999999999923e-02 -9.999489999999999768e-01 -6.565609999999999502e-01 -7.542290000000000383e-01 -8.101999999999999827e-03 -7.542720000000000535e-01 6.565339999999999510e-01 6.011999999999999983e-03
1.000000000000000000e+00 1.010000000000000000e+02 7.000000000000000000e+00 0.000000000000000000e+00 1.600000000000000089e+00 -5.048000000000000403e-03 6.840000000000000377e-04 9.999869999999999592e-01 8.907960000000000322e-01 4.543840000000000101e-01 4.185999999999999617e-03 -4.543760000000000021e-01 8.908049999999999580e-01 -2.903000000000000198e-03
3.000000000000000000e+00 1.010000000000000000e+02 7.000000000000000000e+00 0.000000000000000000e+00 1.600000000000000089e+00 -4.558999999999999685e-03 -1.753999999999999917e-03 9.999879999999999880e-01 8.907610000000000250e-01 4.544460000000000166e-01 4.858999999999999604e-03 -4.544489999999999919e-01 8.907720000000000082e-01 -5.090000000000000123e-04
1.100000000000000000e+01 1.010000000000000000e+02 7.000000000000000000e+00 0.000000000000000000e+00 1.600000000000000089e+00 4.119999999999999856e-04 2.187499999999999861e-02 9.997610000000000108e-01 8.880590000000000428e-01 4.596109999999999918e-01 -1.042200000000000071e-02 -4.597289999999999988e-01 8.878509999999999458e-01 -1.923700000000000063e-02
2.000000000000000000e+00 2.500000000000000000e+01 8.000000000000000000e+00 0.000000000000000000e+00 1.600000000000000089e+00 -3.065000000000000016e-03 2.171800000000000119e-02 -9.997589999999999533e-01 4.412179999999999991e-01 8.972170000000000423e-01 1.813800000000000134e-02 8.973950000000000538e-01 -4.410560000000000036e-01 -1.233199999999999921e-02
7.000000000000000000e+00 2.500000000000000000e+01 8.000000000000000000e+00 0.000000000000000000e+00 1.600000000000000089e+00 -4.800000000000000122e-04 5.369999999999999774e-03 -9.999850000000000128e-01 4.421180000000000110e-01 8.969449999999999923e-01 4.603999999999999586e-03 8.969570000000000043e-01 -4.421089999999999742e-01 -2.804000000000000069e-03
1.200000000000000000e+01 2.500000000000000000e+01 8.000000000000000000e+00 0.000000000000000000e+00 1.600000000000000089e+00 1.724999999999999971e-03 4.472000000000000280e-03 -9.999879999999999880e-01 4.397780000000000022e-01 8.980939999999999479e-01 4.774999999999999731e-03 8.981050000000000422e-01 -4.397809999999999775e-01 -4.180000000000000230e-04
1.500000000000000000e+01 2.500000000000000000e+01 8.000000000000000000e+00 0.000000000000000000e+00 1.600000000000000089e+00 6.679999999999999740e-04 8.533000000000000654e-03 -9.999630000000000463e-01 4.381530000000000147e-01 8.988650000000000251e-01 7.962999999999999592e-03 8.989000000000000323e-01 -4.381430000000000047e-01 -3.138000000000000164e-03
1.800000000000000000e+01 2.500000000000000000e+01 8.000000000000000000e+00 0.000000000000000000e+00 1.600000000000000089e+00 2.590000000000000071e-04 3.014000000000000186e-03 -9.999949999999999672e-01 4.375580000000000025e-01 8.991860000000000408e-01 2.824000000000000121e-03 8.991900000000000448e-01 -4.375569999999999737e-01 -1.085999999999999943e-03
2.600000000000000000e+01 2.500000000000000000e+01 8.000000000000000000e+00 0.000000000000000000e+00 1.600000000000000089e+00 -1.489999999999999897e-04 2.295999999999999864e-03 -9.999970000000000248e-01 4.374689999999999968e-01 8.992310000000000025e-01 2.000000000000000042e-03 8.992329999999999490e-01 -4.374680000000000235e-01 -1.137999999999999906e-03
3.000000000000000000e+01 2.500000000000000000e+01 8.000000000000000000e+00 0.000000000000000000e+00 1.600000000000000089e+00 1.689999999999999879e-04 4.480999999999999740e-03 -9.999900000000000455e-01 4.382590000000000097e-01 8.988390000000000546e-01 4.101999999999999744e-03 8.988479999999999803e-01 -4.382559999999999789e-01 -1.812000000000000026e-03
4.000000000000000000e+00 2.400000000000000000e+01 9.000000000000000000e+00 0.000000000000000000e+00 1.600000000000000089e+00 -3.361999999999999971e-03 2.136899999999999911e-02 -9.997660000000000435e-01 4.483550000000000035e-01 8.936830000000000052e-01 1.759300000000000100e-02 8.938490000000000046e-01 -4.481910000000000061e-01 -1.258599999999999997e-02
1.200000000000000000e+01 2.400000000000000000e+01 9.000000000000000000e+00 0.000000000000000000e+00 1.600000000000000089e+00 2.112000000000000162e-03 5.368000000000000375e-03 -9.999829999999999552e-01 4.462470000000000048e-01 8.948909999999999920e-01 5.746000000000000239e-03 8.949070000000000080e-01 -4.462519999999999820e-01 -5.060000000000000478e-04
1.900000000000000000e+01 2.400000000000000000e+01 9.000000000000000000e+00 0.000000000000000000e+00 1.600000000000000089e+00 2.059999999999999928e-04 9.330000000000000186e-04 -1.000000000000000000e+00 4.442639999999999922e-01 8.958960000000000257e-01 9.280000000000000054e-04 8.958960000000000257e-01 -4.442639999999999922e-01 -2.300000000000000070e-04
2.500000000000000000e+01 2.400000000000000000e+01 9.000000000000000000e+00 0.000000000000000000e+00 1.600000000000000089e+00 -2.310000000000000042e-04 4.600000000000000004e-05 -1.000000000000000000e+00 4.441010000000000235e-01 8.959770000000000234e-01 -6.099999999999999872e-05 8.959770000000000234e-01 -4.441010000000000235e-01 -2.280000000000000126e-04
2.900000000000000000e+01 2.400000000000000000e+01 9.000000000000000000e+00 0.000000000000000000e+00 1.600000000000000089e+00 -7.560000000000000530e-04 3.756999999999999923e-03 -9.999930000000000208e-01 4.443650000000000100e-01 8.958409999999999984e-01 3.030000000000000141e-03 8.958450000000000024e-01 -4.443599999999999772e-01 -2.347000000000000128e-03
2.600000000000000000e+01 8.000000000000000000e+00 1.000000000000000000e+01 0.000000000000000000e+00 1.600000000000000089e+00 -1.165999999999999953e-01 -3.978999999999999898e-02 -9.923819999999999864e-01 -9.874079999999999524e-01 -1.029169999999999946e-01 1.201419999999999988e-01 -1.069129999999999941e-01 9.938940000000000552e-01 -2.728900000000000076e-02
6.000000000000000000e+00 3.500000000000000000e+01 1.200000000000000000e+01 0.000000000000000000e+00 1.600000000000000089e+00 1.098000000000000018e-03 5.111000000000000092e-03 -9.999860000000000415e-01 4.008380000000000276e-01 -9.161390000000000366e-01 -4.242000000000000111e-03 -9.161479999999999624e-01 -4.008280000000000176e-01 -3.053999999999999857e-03
9.000000000000000000e+00 3.500000000000000000e+01 1.200000000000000000e+01 0.000000000000000000e+00 1.600000000000000089e+00 -1.926999999999999894e-03 3.699000000000000031e-03 -9.999909999999999632e-01 4.109740000000000060e-01 -9.116379999999999484e-01 -4.164000000000000166e-03 -9.116450000000000387e-01 -4.109780000000000100e-01 2.359999999999999902e-04
1.400000000000000000e+01 3.500000000000000000e+01 1.200000000000000000e+01 0.000000000000000000e+00 1.600000000000000089e+00 -2.356000000000000021e-03 3.624000000000000051e-03 -9.999909999999999632e-01 4.254700000000000149e-01 -9.049620000000000442e-01 -4.283000000000000348e-03 -9.049690000000000234e-01 -4.254760000000000209e-01 5.900000000000000296e-04
2.300000000000000000e+01 3.500000000000000000e+01 1.200000000000000000e+01 0.000000000000000000e+00 1.600000000000000089e+00 -1.466999999999999988e-03 4.370999999999999885e-03 -9.999890000000000168e-01 4.564270000000000271e-01 -8.897490000000000121e-01 -4.558999999999999685e-03 -8.897599999999999953e-01 -4.564289999999999736e-01 -6.890000000000000508e-04
2.600000000000000000e+01 3.500000000000000000e+01 1.200000000000000000e+01 0.000000000000000000e+00 1.600000000000000089e+00 -2.969999999999999984e-03 4.204000000000000271e-03 -9.999869999999999592e-01 4.555989999999999762e-01 -8.901710000000000456e-01 -5.095999999999999835e-03 -8.901799999999999713e-01 -4.556080000000000130e-01 7.290000000000000473e-04
1.100000000000000000e+01 3.200000000000000000e+01 1.400000000000000000e+01 0.000000000000000000e+00 1.600000000000000089e+00 5.779999999999999548e-04 9.600000000000000243e-05 -1.000000000000000000e+00 1.238439999999999958e-01 9.923020000000000174e-01 1.669999999999999935e-04 9.923009999999999886e-01 -1.238439999999999958e-01 5.619999999999999996e-04
1.800000000000000000e+01 1.200000000000000000e+01 1.600000000000000000e+01 0.000000000000000000e+00 1.600000000000000089e+00 2.527999999999999865e-03 -9.495800000000000074e-02 9.954779999999999740e-01 2.060790000000000122e-01 -9.740640000000000409e-01 -9.343899999999999428e-02 9.785319999999999574e-01 2.053830000000000100e-01 1.710599999999999968e-02
4.000000000000000000e+00 1.300000000000000000e+01 1.600000000000000000e+01 0.000000000000000000e+00 1.600000000000000089e+00 2.118999999999999790e-03 -2.187700000000000061e-02 9.997580000000000355e-01 1.160899999999999987e-01 -9.929959999999999898e-01 -2.197599999999999901e-02 9.932360000000000078e-01 1.161090000000000039e-01 4.360000000000000269e-04
1.100000000000000000e+01 1.300000000000000000e+01 1.600000000000000000e+01 0.000000000000000000e+00 1.600000000000000089e+00 6.087000000000000396e-03 -5.912400000000000294e-02 9.982320000000000082e-01 1.403979999999999950e-01 -9.883119999999999683e-01 -5.939200000000000035e-02 9.900759999999999561e-01 1.405109999999999970e-01 2.285000000000000139e-03
1.800000000000000000e+01 1.160000000000000000e+02 1.600000000000000000e+01 0.000000000000000000e+00 1.600000000000000089e+00 4.810000000000000039e-03 1.023999999999999954e-03 9.999879999999999880e-01 6.674080000000000013e-01 7.446810000000000374e-01 -3.972999999999999969e-03 -7.446760000000000046e-01 6.674189999999999845e-01 2.897999999999999968e-03
6.000000000000000000e+00 2.000000000000000000e+00 1.900000000000000000e+01 0.000000000000000000e+00 1.600000000000000089e+00 2.178999999999999947e-03 -9.095000000000000653e-03 -9.999559999999999560e-01 2.902839999999999865e-01 -9.568950000000000511e-01 9.336000000000000548e-03 -9.569379999999999553e-01 -2.902919999999999945e-01 5.550000000000000462e-04
1.900000000000000000e+01 2.000000000000000000e+00 1.900000000000000000e+01 0.000000000000000000e+00 1.600000000000000089e+00 1.214299999999999928e-02 -5.182799999999999907e-02 -9.985819999999999697e-01 3.320159999999999778e-01 -9.417879999999999585e-01 5.291799999999999976e-02 -9.431960000000000344e-01 -3.321879999999999833e-01 5.772000000000000221e-03
2.700000000000000000e+01 2.000000000000000000e+00 1.900000000000000000e+01 0.000000000000000000e+00 1.600000000000000089e+00 1.178000000000000054e-02 -6.732000000000000484e-02 -9.976620000000000488e-01 3.619040000000000035e-01 -9.298030000000000461e-01 6.701400000000000412e-02 -9.321409999999999973e-01 -3.618469999999999742e-01 1.341000000000000004e-02
1.000000000000000000e+01 3.000000000000000000e+00 1.900000000000000000e+01 0.000000000000000000e+00 1.600000000000000089e+00 8.312999999999999209e-03 -1.720500000000000154e-02 -9.998169999999999558e-01 3.233509999999999995e-01 -9.460889999999999578e-01 1.896899999999999975e-02 -9.462429999999999453e-01 -3.234500000000000153e-01 -2.301999999999999793e-03
1.500000000000000000e+01 3.000000000000000000e+00 1.900000000000000000e+01 0.000000000000000000e+00 1.600000000000000089e+00 1.117499999999999917e-02 -3.291199999999999681e-02 -9.993959999999999511e-01 3.319699999999999873e-01 -9.426489999999999592e-01 3.475500000000000117e-02 -9.432239999999999513e-01 -3.321580000000000088e-01 3.910000000000000172e-04
2.100000000000000000e+01 3.000000000000000000e+00 1.900000000000000000e+01 0.000000000000000000e+00 1.600000000000000089e+00 1.344300000000000009e-02 -5.634700000000000125e-02 -9.983210000000000139e-01 3.421950000000000269e-01 -9.378649999999999487e-01 5.754200000000000287e-02 -9.395329999999999515e-01 -3.423939999999999761e-01 6.674000000000000245e-03
1.000000000000000000e+00 4.000000000000000000e+00 2.000000000000000000e+01 0.000000000000000000e+00 1.600000000000000089e+00 4.600000000000000004e-05 3.229999999999999907e-04 -1.000000000000000000e+00 4.292980000000000129e-01 -9.031630000000000491e-01 -2.719999999999999979e-04 -9.031630000000000491e-01 -4.292980000000000129e-01 -1.800000000000000113e-04
4.000000000000000000e+00 4.000000000000000000e+00 2.000000000000000000e+01 0.000000000000000000e+00 1.600000000000000089e+00 2.308000000000000156e-03 -5.826999999999999715e-03 -9.999799999999999800e-01 4.288540000000000130e-01 -9.033520000000000438e-01 6.254000000000000010e-03 -9.033710000000000351e-01 -4.288600000000000190e-01 4.139999999999999800e-04
1.000000000000000000e+01 4.000000000000000000e+00 2.000000000000000000e+01 0.000000000000000000e+00 1.600000000000000089e+00 7.296000000000000402e-03 -1.839199999999999863e-02 -9.998040000000000260e-01 4.357059999999999822e-01 -8.998730000000000340e-01 1.973300000000000054e-02 -9.000599999999999712e-01 -4.357650000000000134e-01 1.448000000000000068e-03
1.500000000000000000e+01 4.000000000000000000e+00 2.000000000000000000e+01 0.000000000000000000e+00 1.600000000000000089e+00 7.992000000000000839e-03 -3.407500000000000112e-02 -9.993870000000000253e-01 4.292529999999999957e-01 -9.025360000000000049e-01 3.420499999999999929e-02 -9.031489999999999796e-01 -4.292639999999999789e-01 7.413999999999999584e-03
2.200000000000000000e+01 4.000000000000000000e+00 2.000000000000000000e+01 0.000000000000000000e+00 1.600000000000000089e+00 9.438000000000000209e-03 -5.475100000000000106e-02 -9.984549999999999814e-01 4.097160000000000246e-01 -9.106250000000000178e-01 5.380800000000000166e-02 -9.121639999999999748e-01 -4.095909999999999829e-01 1.383799999999999961e-02
6.000000000000000000e+00 1.300000000000000000e+01 2.000000000000000000e+01 0.000000000000000000e+00 1.600000000000000089e+00 -5.800000000000000034e-05 4.474999999999999811e-03 9.999900000000000455e-01 3.101280000000000148e-01 9.506850000000000023e-01 -4.236000000000000182e-03 -9.506949999999999568e-01 3.101249999999999840e-01 -1.443000000000000055e-03
1.100000000000000000e+01 1.300000000000000000e+01 2.000000000000000000e+01 0.000000000000000000e+00 1.600000000000000089e+00 3.350000000000000113e-04 1.115599999999999925e-02 9.999379999999999935e-01 3.051769999999999761e-01 9.522350000000000536e-01 -1.072599999999999942e-02 -9.522960000000000313e-01 3.051619999999999888e-01 -3.085000000000000069e-03
1.900000000000000000e+01 1.300000000000000000e+01 2.000000000000000000e+01 0.000000000000000000e+00 1.600000000000000089e+00 4.452000000000000228e-03 -8.052000000000000129e-03 9.999580000000000135e-01 2.762229999999999963e-01 9.610720000000000374e-01 6.509000000000000029e-03 -9.610830000000000206e-01 2.761819999999999831e-01 6.503000000000000100e-03
2.400000000000000000e+01 1.300000000000000000e+01 2.000000000000000000e+01 0.000000000000000000e+00 1.600000000000000089e+00 5.919999999999999698e-04 6.189999999999999756e-04 1.000000000000000000e+00 2.626370000000000093e-01 9.648940000000000294e-01 -7.519999999999999558e-04 -9.648949999999999472e-01 2.626370000000000093e-01 4.079999999999999968e-04
2.800000000000000000e+01 1.300000000000000000e+01 2.000000000000000000e+01 0.000000000000000000e+00 1.600000000000000089e+00 -4.260000000000000006e-04 1.825000000000000016e-03 9.999980000000000535e-01 2.602559999999999873e-01 9.655380000000000074e-01 -1.650999999999999907e-03 -9.655399999999999539e-01 2.602539999999999853e-01 -8.859999999999999603e-04
7.000000000000000000e+00 1.600000000000000000e+01 2.100000000000000000e+01 0.000000000000000000e+00 1.600000000000000089e+00 3.809999999999999910e-04 -2.616999999999999969e-03 9.999959999999999960e-01 3.080700000000000105e-01 9.513610000000000122e-01 2.371999999999999977e-03 -9.513629999999999587e-01 3.080680000000000085e-01 1.168999999999999900e-03
7.000000000000000000e+00 5.000000000000000000e+01 2.200000000000000000e+01 0.000000000000000000e+00 1.600000000000000089e+00 -2.093999999999999941e-03 -4.205999999999999669e-03 -9.999890000000000168e-01 -5.799400000000000110e-01 8.146560000000000468e-01 -2.211999999999999991e-03 8.146569999999999645e-01 5.799290000000000278e-01 -4.145000000000000247e-03
5.000000000000000000e+00 1.000000000000000000e+00 2.500000000000000000e+01 0.000000000000000000e+00 1.600000000000000089e+00 1.959999999999999937e-04 -4.212999999999999731e-03 9.999909999999999632e-01 -3.988599999999999784e-02 -9.991950000000000554e-01 -4.202000000000000006e-03 9.992039999999999811e-01 -3.988499999999999684e-02 -3.640000000000000115e-04
2.500000000000000000e+01 4.600000000000000000e+01 2.700000000000000000e+01 0.000000000000000000e+00 1.600000000000000089e+00 1.067000000000000023e-03 9.240000000000000166e-04 -9.999989999999999712e-01 6.771650000000000169e-01 7.358299999999999841e-01 1.402000000000000034e-03 7.358310000000000128e-01 -6.771660000000000457e-01 1.589999999999999888e-04
4.000000000000000000e+00 4.600000000000000000e+01 3.000000000000000000e+01 0.000000000000000000e+00 1.600000000000000089e+00 2.400000000000000061e-04 6.340000000000000149e-04 -1.000000000000000000e+00 3.270170000000000021e-01 9.450180000000000247e-01 6.780000000000000002e-04 9.450180000000000247e-01 -3.270170000000000021e-01 1.900000000000000105e-05
9.000000000000000000e+00 4.600000000000000000e+01 3.000000000000000000e+01 0.000000000000000000e+00 1.600000000000000089e+00 -2.100000000000000087e-04 -1.773000000000000053e-03 -9.999980000000000535e-01 3.304469999999999907e-01 9.438229999999999675e-01 -1.742999999999999975e-03 9.438239999999999963e-01 -3.304469999999999907e-01 3.879999999999999985e-04
2.200000000000000000e+01 4.600000000000000000e+01 3.000000000000000000e+01 0.000000000000000000e+00 1.600000000000000089e+00 5.209999999999999788e-04 7.429999999999999539e-04 -1.000000000000000000e+00 3.303189999999999737e-01 9.438689999999999580e-01 8.729999999999999696e-04 9.438689999999999580e-01 -3.303189999999999737e-01 2.460000000000000164e-04
6.000000000000000000e+00 5.800000000000000000e+01 3.100000000000000000e+01 0.000000000000000000e+00 1.600000000000000089e+00 -2.125999999999999852e-03 -1.739000000000000094e-03 9.999959999999999960e-01 -8.002200000000000424e-01 -5.997010000000000396e-01 -2.743999999999999911e-03 5.997029999999999861e-01 -8.002219999999999889e-01 -1.160000000000000007e-04
9.000000000000000000e+00 5.800000000000000000e+01 3.100000000000000000e+01 0.000000000000000000e+00 1.600000000000000089e+00 -1.541000000000000052e-03 -3.980000000000000248e-04 9.999989999999999712e-01 -8.017619999999999747e-01 -5.976420000000000066e-01 -1.472999999999999917e-03 5.976420000000000066e-01 -8.017630000000000035e-01 6.019999999999999961e-04
1.400000000000000000e+01 5.800000000000000000e+01 3.100000000000000000e+01 0.000000000000000000e+00 1.600000000000000089e+00 3.562000000000000062e-03 -3.449999999999999833e-04 9.999940000000000495e-01 -8.019089999999999829e-01 -5.974409999999999998e-01 2.650000000000000012e-03 5.974359999999999671e-01 -8.019129999999999869e-01 -2.405000000000000020e-03
2.100000000000000000e+01 5.800000000000000000e+01 3.100000000000000000e+01 0.000000000000000000e+00 1.600000000000000089e+00 1.376000000000000053e-03 -1.129999999999999955e-04 9.999989999999999712e-01 -8.047840000000000549e-01 -5.935669999999999558e-01 1.039999999999999909e-03 5.935660000000000380e-01 -8.047849999999999726e-01 -9.079999999999999530e-04
2.600000000000000000e+01 5.800000000000000000e+01 3.100000000000000000e+01 0.000000000000000000e+00 1.600000000000000089e+00 -1.459000000000000010e-03 -1.056999999999999997e-03 9.999980000000000535e-01 -8.064810000000000034e-01 -5.912579999999999503e-01 -1.801000000000000083e-03 5.912589999999999790e-01 -8.064820000000000322e-01 1.000000000000000082e-05
1.000000000000000000e+00 4.600000000000000000e+01 3.500000000000000000e+01 0.000000000000000000e+00 1.600000000000000089e+00 8.540000000000000499e-04 8.491000000000000283e-03 -9.999639999999999640e-01 3.914340000000000042e-01 -9.201759999999999939e-01 -7.479000000000000405e-03 -9.202059999999999684e-01 -3.914130000000000109e-01 -4.108999999999999805e-03
5.000000000000000000e+00 4.600000000000000000e+01 3.500000000000000000e+01 0.000000000000000000e+00 1.600000000000000089e+00 -1.624000000000000010e-03 6.937999999999999723e-03 -9.999749999999999472e-01 3.911890000000000089e-01 -9.202829999999999622e-01 -7.021000000000000331e-03 -9.203090000000000437e-01 -3.911910000000000109e-01 -1.219000000000000031e-03
1.200000000000000000e+01 4.600000000000000000e+01 3.500000000000000000e+01 0.000000000000000000e+00 1.600000000000000089e+00 4.850000000000000253e-04 -5.115999999999999888e-03 -9.999869999999999592e-01 3.914119999999999822e-01 -9.202029999999999932e-01 4.897999999999999576e-03 -9.202150000000000052e-01 -3.914090000000000069e-01 1.556000000000000091e-03
1.800000000000000000e+01 4.600000000000000000e+01 3.500000000000000000e+01 0.000000000000000000e+00 1.600000000000000089e+00 1.940000000000000101e-03 2.609000000000000208e-03 -9.999949999999999672e-01 3.913170000000000259e-01 -9.202540000000000164e-01 -1.642000000000000013e-03 -9.202540000000000164e-01 -3.913119999999999932e-01 -2.805999999999999901e-03
2.300000000000000000e+01 4.600000000000000000e+01 3.500000000000000000e+01 0.000000000000000000e+00 1.600000000000000089e+00 -6.679999999999999740e-04 -2.279000000000000210e-03 -9.999970000000000248e-01 3.907959999999999767e-01 -9.204759999999999609e-01 1.835999999999999958e-03 -9.204769999999999897e-01 -3.907939999999999747e-01 1.505000000000000044e-03
2.700000000000000000e+01 4.600000000000000000e+01 3.500000000000000000e+01 0.000000000000000000e+00 1.600000000000000089e+00 -7.820000000000000345e-04 -1.085999999999999943e-03 -9.999989999999999712e-01 3.903039999999999843e-01 -9.206860000000000044e-01 6.949999999999999798e-04 -9.206860000000000044e-01 -3.903039999999999843e-01 1.144000000000000052e-03
2.000000000000000000e+00 2.900000000000000000e+01 4.400000000000000000e+01 0.000000000000000000e+00 1.600000000000000089e+00 -2.003000000000000006e-03 3.722000000000000048e-03 -9.999909999999999632e-01 6.539829999999999810e-01 7.565079999999999583e-01 1.505999999999999960e-03 7.565070000000000405e-01 -6.539740000000000553e-01 -3.950000000000000386e-03
6.000000000000000000e+00 2.900000000000000000e+01 4.400000000000000000e+01 0.000000000000000000e+00 1.600000000000000089e+00 -1.384000000000000031e-03 1.953000000000000092e-03 -9.999970000000000248e-01 6.537960000000000438e-01 7.566709999999999825e-01 5.730000000000000501e-04 7.566699999999999537e-01 -6.537929999999999575e-01 -2.324000000000000111e-03
1.000000000000000000e+01 2.900000000000000000e+01 4.400000000000000000e+01 0.000000000000000000e+00 1.600000000000000089e+00 1.343999999999999926e-03 1.025000000000000086e-03 -9.999989999999999712e-01 6.601519999999999611e-01 7.511299999999999644e-01 1.657000000000000053e-03 7.511299999999999644e-01 -6.601540000000000186e-01 3.330000000000000169e-04
1.400000000000000000e+01 2.900000000000000000e+01 4.400000000000000000e+01 0.000000000000000000e+00 1.600000000000000089e+00 1.832999999999999994e-03 -3.144000000000000093e-03 -9.999930000000000208e-01 6.607680000000000220e-01 7.505899999999999794e-01 -1.149000000000000065e-03 7.505880000000000329e-01 -6.607610000000000428e-01 3.452999999999999906e-03
2.000000000000000000e+01 2.900000000000000000e+01 4.400000000000000000e+01 0.000000000000000000e+00 1.600000000000000089e+00 2.889999999999999774e-04 -3.595999999999999804e-03 -9.999930000000000208e-01 6.637380000000000502e-01 7.479609999999999870e-01 -2.497999999999999787e-03 7.479649999999999910e-01 -6.637330000000000174e-01 2.602999999999999845e-03
2.800000000000000000e+01 2.900000000000000000e+01 4.400000000000000000e+01 0.000000000000000000e+00 1.600000000000000089e+00 5.261000000000000051e-03 1.154000000000000078e-03 -9.999860000000000415e-01 6.644379999999999731e-01 7.473300000000000498e-01 4.357999999999999895e-03 7.473239999999999883e-01 -6.644520000000000426e-01 3.164999999999999845e-03
1.000000000000000000e+00 6.500000000000000000e+01 4.600000000000000000e+01 0.000000000000000000e+00 1.600000000000000089e+00 1.083999999999999894e-03 2.519999999999999996e-04 9.999989999999999712e-01 6.805630000000000290e-01 -7.326890000000000347e-01 -5.529999999999999976e-04 7.326890000000000347e-01 6.805630000000000290e-01 -9.659999999999999533e-04
2.900000000000000000e+01 5.000000000000000000e+00 5.100000000000000000e+01 0.000000000000000000e+00 1.600000000000000089e+00 4.147999999999999778e-03 -1.685100000000000139e-02 -9.998489999999999878e-01 4.824129999999999807e-01 -8.757840000000000069e-01 1.676100000000000159e-02 -8.759339999999999904e-01 -4.824089999999999767e-01 4.497000000000000129e-03
2.900000000000000000e+01 1.150000000000000000e+02 5.100000000000000000e+01 0.000000000000000000e+00 1.600000000000000089e+00 -1.567000000000000033e-03 8.855000000000000024e-03 9.999599999999999600e-01 8.452929999999999611e-01 -5.342689999999999939e-01 6.055999999999999751e-03 5.343010000000000259e-01 8.452680000000000193e-01 -6.648000000000000263e-03
1.100000000000000000e+01 7.000000000000000000e+00 5.200000000000000000e+01 0.000000000000000000e+00 1.600000000000000089e+00 -7.479999999999999670e-03 -3.870999999999999875e-03 -9.999649999999999928e-01 1.392500000000000127e-01 -9.902530000000000499e-01 2.792000000000000211e-03 -9.902290000000000258e-01 -1.392239999999999867e-01 7.945999999999999938e-03
2.000000000000000000e+00 6.300000000000000000e+01 5.400000000000000000e+01 0.000000000000000000e+00 1.600000000000000089e+00 -1.124999999999999915e-03 2.619999999999999933e-03 9.999959999999999960e-01 -3.532219999999999804e-01 9.355350000000000055e-01 -2.848999999999999970e-03 -9.355390000000000095e-01 -3.532239999999999824e-01 -1.269999999999999970e-04
7.000000000000000000e+00 6.300000000000000000e+01 5.400000000000000000e+01 0.000000000000000000e+00 1.600000000000000089e+00 2.249999999999999938e-04 -9.020000000000000240e-04 1.000000000000000000e+00 -3.513890000000000069e-01 9.362289999999999779e-01 9.229999999999999923e-04 -9.362289999999999779e-01 -3.513899999999999801e-01 -1.060000000000000016e-04
1.100000000000000000e+01 6.300000000000000000e+01 5.400000000000000000e+01 0.000000000000000000e+00 1.600000000000000089e+00 1.126999999999999964e-03 3.226999999999999834e-03 9.999940000000000495e-01 -3.470980000000000176e-01 9.378250000000000197e-01 -2.635000000000000189e-03 -9.378279999999999950e-01 -3.470929999999999849e-01 2.177000000000000116e-03
1.700000000000000000e+01 6.300000000000000000e+01 5.400000000000000000e+01 0.000000000000000000e+00 1.600000000000000089e+00 -9.510000000000000224e-04 8.729999999999999696e-04 9.999989999999999712e-01 -3.489630000000000232e-01 9.371359999999999690e-01 -1.149999999999999981e-03 -9.371359999999999690e-01 -3.489639999999999964e-01 -5.860000000000000408e-04
2.200000000000000000e+01 6.300000000000000000e+01 5.400000000000000000e+01 0.000000000000000000e+00 1.600000000000000089e+00 1.918000000000000000e-03 7.879999999999999635e-04 9.999980000000000535e-01 -3.502419999999999978e-01 9.366590000000000193e-01 -6.600000000000000506e-05 -9.366569999999999618e-01 -3.502419999999999978e-01 2.072000000000000057e-03
2.700000000000000000e+01 6.300000000000000000e+01 5.400000000000000000e+01 0.000000000000000000e+00 1.600000000000000089e+00 -1.168999999999999900e-03 -3.206000000000000082e-03 9.999940000000000495e-01 -3.550269999999999815e-01 9.348520000000000163e-01 2.582000000000000094e-03 -9.348549999999999915e-01 -3.550220000000000042e-01 -2.230999999999999910e-03
1.200000000000000000e+01 2.500000000000000000e+01 5.500000000000000000e+01 0.000000000000000000e+00 1.600000000000000089e+00 8.769999999999999584e-04 -2.614000000000000004e-03 -9.999959999999999960e-01 -1.315299999999999976e-02 -9.999099999999999655e-01 2.602000000000000146e-03 -9.999130000000000518e-01 1.315000000000000023e-02 -9.120000000000000502e-04
1.800000000000000000e+01 2.500000000000000000e+01 5.500000000000000000e+01 0.000000000000000000e+00 1.600000000000000089e+00 1.665999999999999946e-03 -4.414999999999999654e-03 -9.999890000000000168e-01 -1.314199999999999917e-02 -9.999040000000000150e-01 4.393000000000000203e-03 -9.999120000000000230e-01 1.313399999999999984e-02 -1.724000000000000055e-03
2.100000000000000000e+01 2.500000000000000000e+01 5.500000000000000000e+01 0.000000000000000000e+00 1.600000000000000089e+00 2.895000000000000004e-03 -5.879999999999999810e-03 -9.999789999999999512e-01 -1.438299999999999995e-02 -9.998799999999999910e-01 5.837000000000000174e-03 -9.998920000000000030e-01 1.436600000000000030e-02 -2.978999999999999877e-03
2.000000000000000000e+00 6.800000000000000000e+01 5.700000000000000000e+01 0.000000000000000000e+00 1.600000000000000089e+00 -1.726000000000000104e-03 2.282000000000000174e-03 -9.999959999999999960e-01 -2.407769999999999910e-01 -9.705789999999999695e-01 -1.799999999999999951e-03 -9.705789999999999695e-01 2.407729999999999870e-01 2.223999999999999849e-03
2.000000000000000000e+00 2.100000000000000000e+01 6.000000000000000000e+01 0.000000000000000000e+00 1.600000000000000089e+00 -4.899999999999999842e-04 2.915000000000000056e-03 9.999959999999999960e-01 -9.426800000000000457e-02 9.955420000000000380e-01 -2.948000000000000100e-03 -9.955469999999999597e-01 -9.426900000000000557e-02 -2.130000000000000003e-04
1.000000000000000000e+01 2.100000000000000000e+01 6.000000000000000000e+01 0.000000000000000000e+00 1.600000000000000089e+00 -7.950000000000000252e-04 2.405000000000000020e-03 9.999970000000000248e-01 -9.768300000000000594e-02 9.952140000000000430e-01 -2.471000000000000106e-03 -9.952170000000000183e-01 -9.768499999999999406e-02 -5.559999999999999621e-04
2.400000000000000000e+01 6.000000000000000000e+00 6.100000000000000000e+01 0.000000000000000000e+00 1.600000000000000089e+00 1.002999999999999985e-03 2.260999999999999989e-03 9.999970000000000248e-01 5.666609999999999703e-01 -8.239499999999999602e-01 1.294000000000000011e-03 8.239499999999999602e-01 5.666579999999999950e-01 -2.108000000000000065e-03
1.400000000000000000e+01 3.000000000000000000e+00 6.300000000000000000e+01 0.000000000000000000e+00 1.600000000000000089e+00 6.449999999999999570e-04 -1.338999999999999913e-03 9.999989999999999712e-01 -6.159160000000000190e-01 7.878110000000000390e-01 1.451999999999999949e-03 -7.878119999999999568e-01 -6.159160000000000190e-01 -3.159999999999999832e-04
5.000000000000000000e+00 2.700000000000000000e+01 6.300000000000000000e+01 0.000000000000000000e+00 1.600000000000000089e+00 -2.762999999999999831e-03 1.229000000000000058e-03 9.999949999999999672e-01 -2.726430000000000242e-01 9.621129999999999960e-01 -1.936000000000000004e-03 -9.621110000000000495e-01 -2.726469999999999727e-01 -2.322999999999999978e-03
9.000000000000000000e+00 2.700000000000000000e+01 6.300000000000000000e+01 0.000000000000000000e+00 1.600000000000000089e+00 7.550000000000000287e-04 3.304000000000000079e-03 9.999940000000000495e-01 -2.720500000000000140e-01 9.622779999999999667e-01 -2.974000000000000081e-03 -9.622829999999999995e-01 -2.720469999999999833e-01 1.624999999999999925e-03
1.200000000000000000e+01 2.700000000000000000e+01 6.300000000000000000e+01 0.000000000000000000e+00 1.600000000000000089e+00 1.920999999999999965e-03 3.652999999999999997e-03 9.999909999999999632e-01 -2.685589999999999922e-01 9.632579999999999476e-01 -3.003000000000000027e-03 -9.632610000000000339e-01 -2.685509999999999842e-01 2.831000000000000183e-03
1.500000000000000000e+01 2.700000000000000000e+01 6.300000000000000000e+01 0.000000000000000000e+00 1.600000000000000089e+00 1.778000000000000067e-03 7.689999999999999787e-03 9.999689999999999968e-01 -2.668079999999999896e-01 9.637250000000000538e-01 -6.936999999999999590e-03 -9.637480000000000491e-01 -2.667869999999999964e-01 3.765999999999999816e-03
2.000000000000000000e+01 2.700000000000000000e+01 6.300000000000000000e+01 0.000000000000000000e+00 1.600000000000000089e+00 1.910000000000000022e-03 1.113500000000000080e-02 9.999360000000000470e-01 -2.660460000000000047e-01 9.639060000000000406e-01 -1.022600000000000071e-02 -9.639579999999999815e-01 -2.660100000000000242e-01 4.804000000000000110e-03
2.500000000000000000e+01 2.700000000000000000e+01 6.300000000000000000e+01 0.000000000000000000e+00 1.600000000000000089e+00 -5.469999999999999602e-04 6.326000000000000026e-03 9.999799999999999800e-01 -2.662289999999999934e-01 9.638889999999999958e-01 -6.243000000000000285e-03 -9.639100000000000446e-01 -2.662269999999999914e-01 1.157000000000000042e-03
3.000000000000000000e+00 5.300000000000000000e+01 6.300000000000000000e+01 0.000000000000000000e+00 1.600000000000000089e+00 -1.297999999999999987e-01 5.306290000000000173e-01 8.376069999999999904e-01 4.430040000000000089e-01 -7.247160000000000268e-01 5.277619999999999534e-01 8.870730000000000004e-01 4.395669999999999855e-01 -1.410029999999999895e-01
6.000000000000000000e+00 2.600000000000000000e+01 6.400000000000000000e+01 0.000000000000000000e+00 1.600000000000000089e+00 -2.194999999999999903e-03 4.155999999999999972e-03 9.999890000000000168e-01 -3.606440000000000201e-01 9.326919999999999655e-01 -4.668000000000000274e-03 -9.327010000000000023e-01 -3.606509999999999994e-01 -5.490000000000000088e-04
1.600000000000000000e+01 2.600000000000000000e+01 6.400000000000000000e+01 0.000000000000000000e+00 1.600000000000000089e+00 1.301999999999999989e-03 7.933000000000000815e-03 9.999679999999999680e-01 -3.505829999999999780e-01 9.365059999999999496e-01 -6.973000000000000032e-03 -9.365310000000000024e-01 -3.505619999999999847e-01 4.001000000000000216e-03
2.000000000000000000e+01 2.600000000000000000e+01 6.400000000000000000e+01 0.000000000000000000e+00 1.600000000000000089e+00 2.203999999999999796e-03 1.049199999999999959e-02 9.999430000000000263e-01 -3.481029999999999958e-01 9.374120000000000230e-01 -9.069000000000000672e-03 -9.374540000000000095e-01 -3.480630000000000113e-01 5.717999999999999992e-03
2.500000000000000000e+01 2.600000000000000000e+01 6.400000000000000000e+01 0.000000000000000000e+00 1.600000000000000089e+00 -1.430999999999999980e-03 8.744000000000000036e-03 9.999609999999999888e-01 -3.441750000000000087e-01 9.388649999999999496e-01 -8.703000000000000666e-03 -9.389039999999999608e-01 -3.441739999999999799e-01 1.665999999999999946e-03
1.200000000000000000e+01 5.400000000000000000e+01 6.500000000000000000e+01 0.000000000000000000e+00 1.600000000000000089e+00 -3.590110000000000245e-01 -2.913040000000000074e-01 8.867089999999999694e-01 3.239999999999999825e-02 -9.533620000000000427e-01 -3.000840000000000174e-01 9.327710000000000168e-01 -7.900400000000000478e-02 3.517060000000000186e-01
5.000000000000000000e+00 6.900000000000000000e+01 6.600000000000000000e+01 0.000000000000000000e+00 1.600000000000000089e+00 -1.087999999999999991e-03 1.948999999999999995e-03 9.999980000000000535e-01 -9.634179999999999966e-01 2.680000000000000160e-01 -1.570999999999999914e-03 -2.680020000000000180e-01 -9.634169999999999678e-01 1.585999999999999953e-03
9.000000000000000000e+00 6.900000000000000000e+01 6.600000000000000000e+01 0.000000000000000000e+00 1.600000000000000089e+00 -3.823000000000000009e-03 -5.364999999999999977e-03 9.999780000000000335e-01 -9.536109999999999864e-01 3.010349999999999970e-01 -2.030999999999999819e-03 -3.010180000000000078e-01 -9.535979999999999457e-01 -6.267000000000000001e-03
3.000000000000000000e+00 7.000000000000000000e+01 7.200000000000000000e+01 0.000000000000000000e+00 1.600000000000000089e+00 2.607610000000000205e-01 8.493770000000000486e-01 4.588709999999999734e-01 -1.738059999999999883e-01 -4.262449999999999850e-01 8.877540000000000431e-01 9.496289999999999454e-01 -3.112460000000000226e-01 3.647899999999999754e-02
7.000000000000000000e+00 7.000000000000000000e+01 7.200000000000000000e+01 0.000000000000000000e+00 1.600000000000000089e+00 -2.864010000000000167e-01 -9.287710000000000132e-01 2.352849999999999941e-01 -2.390499999999999917e-02 -2.385690000000000033e-01 -9.708309999999999995e-01 9.578119999999999967e-01 -2.836710000000000065e-01 4.612399999999999833e-02
5.000000000000000000e+00 7.700000000000000000e+01 7.200000000000000000e+01 0.000000000000000000e+00 1.600000000000000089e+00 4.121699999999999670e-02 1.785680000000000045e-01 9.830640000000000489e-01 8.230099999999999916e-02 -9.811630000000000074e-01 1.747720000000000107e-01 9.957549999999999457e-01 7.370300000000000462e-02 -5.513699999999999851e-02
6.000000000000000000e+00 2.500000000000000000e+01 7.300000000000000000e+01 0.000000000000000000e+00 1.600000000000000089e+00 1.266999999999999897e-03 -6.569000000000000186e-03 9.999780000000000335e-01 7.552990000000000537e-01 -6.553590000000000249e-01 -5.262000000000000184e-03 6.553790000000000449e-01 7.552889999999999882e-01 4.131000000000000123e-03
1.400000000000000000e+01 2.500000000000000000e+01 7.300000000000000000e+01 0.000000000000000000e+00 1.600000000000000089e+00 -5.360000000000000181e-04 -3.544999999999999974e-03 9.999940000000000495e-01 7.513539999999999663e-01 -6.598969999999999558e-01 -1.936000000000000004e-03 6.598990000000000133e-01 7.513480000000000159e-01 3.017000000000000150e-03
2.100000000000000000e+01 2.500000000000000000e+01 7.300000000000000000e+01 0.000000000000000000e+00 1.600000000000000089e+00 -4.690000000000000158e-04 2.556000000000000112e-03 9.999970000000000248e-01 7.469630000000000436e-01 -6.648629999999999818e-01 2.050000000000000173e-03 6.648659999999999570e-01 7.469609999999999861e-01 -1.598000000000000028e-03
2.400000000000000000e+01 2.500000000000000000e+01 7.300000000000000000e+01 0.000000000000000000e+00 1.600000000000000089e+00 -1.851999999999999914e-03 2.168999999999999921e-03 9.999959999999999960e-01 7.467639999999999834e-01 -6.650829999999999798e-01 2.824999999999999820e-03 6.650859999999999550e-01 7.467669999999999586e-01 -3.879999999999999985e-04
2.400000000000000000e+01 4.400000000000000000e+01 7.300000000000000000e+01 0.000000000000000000e+00 1.600000000000000089e+00 -1.930999999999999991e-03 6.340000000000000149e-03 9.999780000000000335e-01 5.809399999999999981e-02 -9.982900000000000107e-01 6.440999999999999677e-03 9.983090000000000019e-01 5.810499999999999693e-02 1.559000000000000056e-03
2.800000000000000000e+01 4.400000000000000000e+01 7.300000000000000000e+01 0.000000000000000000e+00 1.600000000000000089e+00 -1.036000000000000029e-03 -3.818000000000000213e-03 9.999919999999999920e-01 5.774200000000000166e-02 -9.983239999999999892e-01 -3.752000000000000127e-03 9.983309999999999684e-01 5.773799999999999766e-02 1.255000000000000039e-03
9.000000000000000000e+00 6.400000000000000000e+01 7.300000000000000000e+01 0.000000000000000000e+00 1.600000000000000089e+00 -7.536169999999999813e-01 -5.725500000000000034e-01 3.228750000000000231e-01 -1.007259999999999961e-01 -3.848119999999999874e-01 -9.174830000000000485e-01 6.495499999999999607e-01 -7.239520000000000399e-01 2.323300000000000087e-01
8.000000000000000000e+00 7.000000000000000000e+01 7.300000000000000000e+01 0.000000000000000000e+00 1.600000000000000089e+00 -4.702399999999999913e-01 -8.475380000000000136e-01 2.460759999999999892e-01 1.278900000000000002e-02 -2.853419999999999845e-01 -9.583399999999999697e-01 8.824459999999999527e-01 -4.475029999999999841e-01 1.450180000000000080e-01
6.000000000000000000e+00 5.600000000000000000e+01 7.500000000000000000e+01 0.000000000000000000e+00 1.600000000000000089e+00 4.801300000000000012e-02 2.882000000000000117e-01 9.563660000000000494e-01 -7.676600000000000090e-02 9.557029999999999692e-01 -2.841460000000000097e-01 -9.958919999999999995e-01 -5.977400000000000074e-02 6.801000000000000101e-02
