1.300000000000000000e+01 2.500000000000000000e+01 1.000000000000000000e+00 0.000000000000000000e+00 1.600000000000000089e+00 1.075000000000000001e-03 -1.123999999999999999e-03 -9.999989999999999712e-01 -5.272860000000000325e-01 -8.496879999999999988e-01 3.879999999999999985e-04 -8.496869999999999701e-01 5.272850000000000037e-01 -1.505999999999999960e-03
8.000000000000000000e+00 1.500000000000000000e+01 4.000000000000000000e+00 0.000000000000000000e+00 1.600000000000000089e+00 -1.008999999999999914e-03 4.362000000000000426e-03 9.999900000000000455e-01 3.279130000000000100e-01 -9.446970000000000089e-01 4.452000000000000228e-03 9.447069999999999634e-01 3.279139999999999833e-01 -4.769999999999999934e-04
1.400000000000000000e+01 1.500000000000000000e+01 4.000000000000000000e+00 0.000000000000000000e+00 1.600000000000000089e+00 6.269999999999999532e-04 1.100000000000000039e-04 1.000000000000000000e+00 3.283079999999999887e-01 -9.445710000000000495e-01 -1.019999999999999992e-04 9.445710000000000495e-01 3.283079999999999887e-01 -6.290000000000000018e-04
1.700000000000000000e+01 1.500000000000000000e+01 4.000000000000000000e+00 0.000000000000000000e+00 1.600000000000000089e+00 -6.319999999999999663e-04 3.429000000000000190e-03 9.999940000000000495e-01 3.286180000000000212e-01 -9.444569999999999910e-01 3.445999999999999844e-03 9.444630000000000525e-01 3.286180000000000212e-01 -5.299999999999999807e-04
2.300000000000000000e+01 1.500000000000000000e+01 4.000000000000000000e+00 0.000000000000000000e+00 1.600000000000000089e+00 -8.509999999999999769e-04 5.159999999999999656e-04 9.999989999999999712e-01 3.234899999999999998e-01 -9.462310000000000443e-01 7.630000000000000063e-04 9.462310000000000443e-01 3.234909999999999730e-01 6.390000000000000280e-04
2.800000000000000000e+01 1.500000000000000000e+01 4.000000000000000000e+00 0.000000000000000000e+00 1.600000000000000089e+00 -9.899999999999999404e-05 6.445000000000000208e-03 9.999789999999999512e-01 3.258809999999999762e-01 -9.453909999999999814e-01 6.126000000000000369e-03 9.454110000000000014e-01 3.258750000000000258e-01 -2.007000000000000103e-03
1.000000000000000000e+01 1.010000000000000000e+02 7.000000000000000000e+00 0.000000000000000000e+00 1.600000000000000089e+00 2.497500000000000067e-02 -6.768000000000000405e-02 9.973940000000000028e-01 8.806610000000000271e-01 4.736389999999999767e-01 1.008700000000000048e-02 -4.730880000000000085e-01 8.781149999999999789e-01 7.143299999999999650e-02
2.600000000000000000e+01 1.010000000000000000e+02 7.000000000000000000e+00 0.000000000000000000e+00 1.600000000000000089e+00 1.727000000000000019e-03 6.999999999999999387e-05 9.999989999999999712e-01 8.853069999999999551e-01 4.650050000000000017e-01 -1.562000000000000020e-03 -4.650050000000000017e-01 8.853079999999999838e-01 7.410000000000000137e-04
3.000000000000000000e+01 1.010000000000000000e+02 7.000000000000000000e+00 0.000000000000000000e+00 1.600000000000000089e+00 6.785000000000000232e-03 -2.637400000000000161e-02 9.996289999999999898e-01 8.893219999999999459e-01 4.572410000000000085e-01 6.028000000000000372e-03 -4.572309999999999985e-01 8.889519999999999644e-01 2.655799999999999828e-02
2.000000000000000000e+00 2.500000000000000000e+01 8.000000000000000000e+00 0.000000000000000000e+00 1.600000000000000089e+00 -4.970000000000000459e-04 1.404999999999999999e-03 -9.999989999999999712e-01 4.514750000000000152e-01 8.922830000000000483e-01 1.028999999999999967e-03 8.922830000000000483e-01 -4.514739999999999864e-01 -1.077000000000000049e-03
6.000000000000000000e+00 2.500000000000000000e+01 8.000000000000000000e+00 0.000000000000000000e+00 1.600000000000000089e+00 -2.400000000000000061e-05 -3.442999999999999880e-03 -9.999940000000000495e-01 4.517680000000000029e-01 8.921299999999999786e-01 -3.082000000000000104e-03 8.921350000000000113e-01 -4.517660000000000009e-01 1.533999999999999990e-03
9.000000000000000000e+00 2.500000000000000000e+01 8.000000000000000000e+00 0.000000000000000000e+00 1.600000000000000089e+00 -2.820000000000000241e-04 -3.380999999999999891e-03 -9.999940000000000495e-01 4.530710000000000015e-01 8.914689999999999559e-01 -3.141999999999999828e-03 8.914739999999999887e-01 -4.530689999999999995e-01 1.280000000000000105e-03
1.200000000000000000e+01 2.500000000000000000e+01 8.000000000000000000e+00 0.000000000000000000e+00 1.600000000000000089e+00 -5.569999999999999864e-04 -3.753999999999999958e-03 -9.999930000000000208e-01 4.532939999999999747e-01 8.913539999999999797e-01 -3.598000000000000070e-03 8.913609999999999589e-01 -4.532930000000000015e-01 1.204999999999999908e-03
2.100000000000000000e+01 2.500000000000000000e+01 8.000000000000000000e+00 0.000000000000000000e+00 1.600000000000000089e+00 -2.072000000000000057e-03 4.493999999999999731e-03 -9.999879999999999880e-01 4.517149999999999777e-01 8.921569999999999778e-01 3.073999999999999910e-03 8.921599999999999531e-01 -4.517030000000000212e-01 -3.877999999999999937e-03
2.500000000000000000e+01 2.500000000000000000e+01 8.000000000000000000e+00 0.000000000000000000e+00 1.600000000000000089e+00 -2.853000000000000067e-03 2.769000000000000194e-03 -9.999919999999999920e-01 4.488530000000000020e-01 8.936049999999999827e-01 1.193999999999999966e-03 8.936009999999999787e-01 -4.488460000000000227e-01 -3.791999999999999798e-03
2.900000000000000000e+01 2.500000000000000000e+01 8.000000000000000000e+00 0.000000000000000000e+00 1.600000000000000089e+00 -5.330000000000000536e-04 -1.157999999999999958e-03 -9.999989999999999712e-01 4.478429999999999911e-01 8.941109999999999891e-01 -1.273999999999999959e-03 8.941120000000000179e-01 -4.478429999999999911e-01 4.199999999999999768e-05
2.000000000000000000e+00 2.400000000000000000e+01 9.000000000000000000e+00 0.000000000000000000e+00 1.600000000000000089e+00 -1.589999999999999888e-04 4.690000000000000158e-04 -1.000000000000000000e+00 4.540190000000000059e-01 8.909920000000000062e-01 3.460000000000000076e-04 8.909920000000000062e-01 -4.540190000000000059e-01 -3.539999999999999853e-04
6.000000000000000000e+00 2.400000000000000000e+01 9.000000000000000000e+00 0.000000000000000000e+00 1.600000000000000089e+00 -1.479999999999999925e-04 -4.617999999999999709e-03 -9.999890000000000168e-01 4.541009999999999769e-01 8.909399999999999542e-01 -4.181999999999999953e-03 8.909500000000000197e-01 -4.540969999999999729e-01 1.965999999999999866e-03
9.000000000000000000e+00 2.400000000000000000e+01 9.000000000000000000e+00 0.000000000000000000e+00 1.600000000000000089e+00 -4.899999999999999842e-04 -3.412000000000000102e-03 -9.999940000000000495e-01 4.550509999999999833e-01 8.904600000000000293e-01 -3.261000000000000010e-03 8.904649999999999510e-01 -4.550489999999999813e-01 1.116000000000000021e-03
1.300000000000000000e+01 2.400000000000000000e+01 9.000000000000000000e+00 0.000000000000000000e+00 1.600000000000000089e+00 -7.029999999999999574e-04 -3.883999999999999866e-03 -9.999919999999999920e-01 4.559099999999999819e-01 8.900179999999999758e-01 -3.776999999999999975e-03 8.900259999999999838e-01 -4.559090000000000087e-01 1.144999999999999967e-03
2.000000000000000000e+01 2.400000000000000000e+01 9.000000000000000000e+00 0.000000000000000000e+00 1.600000000000000089e+00 -1.435999999999999993e-03 4.503000000000000058e-03 -9.999890000000000168e-01 4.567840000000000233e-01 8.895710000000000006e-01 3.350000000000000113e-03 8.895760000000000334e-01 -4.567740000000000133e-01 -3.334000000000000158e-03
2.700000000000000000e+01 2.400000000000000000e+01 9.000000000000000000e+00 0.000000000000000000e+00 1.600000000000000089e+00 -8.109999999999999805e-04 -2.799999999999999958e-05 -1.000000000000000000e+00 4.522470000000000101e-01 8.918930000000000469e-01 -3.919999999999999873e-04 8.918920000000000181e-01 -4.522470000000000101e-01 -7.110000000000000434e-04
6.000000000000000000e+00 4.000000000000000000e+00 1.100000000000000000e+01 0.000000000000000000e+00 1.600000000000000089e+00 3.289600000000000163e-02 -2.261110000000000064e-01 -9.735460000000000225e-01 1.243879999999999986e-01 9.674260000000000081e-01 -2.204869999999999886e-01 9.916880000000000139e-01 -1.138440000000000007e-01 5.995000000000000329e-02
2.600000000000000000e+01 4.000000000000000000e+00 1.100000000000000000e+01 0.000000000000000000e+00 1.600000000000000089e+00 3.714599999999999846e-02 -2.443379999999999996e-01 -9.689790000000000347e-01 8.230999999999999428e-02 9.671009999999999884e-01 -2.407090000000000063e-01 9.959139999999999660e-01 -7.081500000000000294e-02 5.603500000000000147e-02
2.800000000000000000e+01 1.040000000000000000e+02 1.100000000000000000e+01 0.000000000000000000e+00 1.600000000000000089e+00 -7.680000000000000195e-04 1.055799999999999968e-02 9.999440000000000550e-01 -9.735970000000000457e-01 -2.282679999999999987e-01 1.662999999999999982e-03 2.282730000000000037e-01 -9.735409999999999897e-01 1.045399999999999975e-02
7.000000000000000000e+00 3.100000000000000000e+01 1.200000000000000000e+01 0.000000000000000000e+00 1.600000000000000089e+00 1.026000000000000002e-03 9.830999999999999461e-03 9.999510000000000343e-01 -1.958100000000000118e-02 9.997599999999999820e-01 -9.809000000000000011e-03 -9.998080000000000300e-01 -1.957000000000000059e-02 1.217999999999999899e-03
1.600000000000000000e+01 3.100000000000000000e+01 1.200000000000000000e+01 0.000000000000000000e+00 1.600000000000000089e+00 2.590999999999999987e-03 5.513999999999999804e-03 9.999810000000000088e-01 -7.209000000000000130e-03 9.999590000000000423e-01 -5.494999999999999885e-03 -9.999710000000000543e-01 -7.193999999999999874e-03 2.631000000000000092e-03
1.100000000000000000e+01 3.500000000000000000e+01 1.200000000000000000e+01 0.000000000000000000e+00 1.600000000000000089e+00 1.052499999999999963e-02 -1.248699999999999984e-02 -9.998669999999999503e-01 4.849649999999999794e-01 -8.743870000000000253e-01 1.602500000000000105e-02 -8.744699999999999696e-01 -4.850689999999999724e-01 -3.147000000000000058e-03
1.600000000000000000e+01 3.500000000000000000e+01 1.200000000000000000e+01 0.000000000000000000e+00 1.600000000000000089e+00 5.637999999999999783e-03 -1.474999999999999966e-03 -9.999829999999999552e-01 5.124109999999999498e-01 -8.587299999999999933e-01 4.155999999999999972e-03 -8.587219999999999853e-01 -5.124260000000000481e-01 -4.086000000000000222e-03
2.200000000000000000e+01 3.500000000000000000e+01 1.200000000000000000e+01 0.000000000000000000e+00 1.600000000000000089e+00 -6.322000000000000362e-03 4.769999999999999934e-04 -9.999799999999999800e-01 4.929439999999999933e-01 -8.700539999999999941e-01 -3.530999999999999851e-03 -8.700379999999999781e-01 -4.929560000000000053e-01 5.264999999999999715e-03
1.000000000000000000e+01 1.200000000000000000e+01 1.500000000000000000e+01 0.000000000000000000e+00 1.600000000000000089e+00 1.440199999999999987e-02 -2.497900000000000120e-02 -9.995840000000000281e-01 -4.934649999999999870e-01 -8.696430000000000549e-01 1.462199999999999958e-02 -8.696460000000000301e-01 4.930490000000000150e-01 -2.485000000000000056e-02
1.900000000000000000e+01 1.200000000000000000e+01 1.500000000000000000e+01 0.000000000000000000e+00 1.600000000000000089e+00 -8.660000000000000163e-04 -1.251500000000000008e-02 -9.999209999999999487e-01 -4.775150000000000228e-01 -8.785490000000000244e-01 1.140900000000000074e-02 -8.786230000000000429e-01 4.774880000000000235e-01 -5.215000000000000017e-03
9.000000000000000000e+00 4.000000000000000000e+00 2.000000000000000000e+01 0.000000000000000000e+00 1.600000000000000089e+00 -6.107999999999999714e-03 9.809999999999999276e-03 -9.999329999999999607e-01 2.403160000000000018e-01 -9.706320000000000503e-01 -1.099100000000000077e-02 -9.706759999999999833e-01 -2.403669999999999973e-01 3.570999999999999956e-03
1.600000000000000000e+01 4.000000000000000000e+00 2.000000000000000000e+01 0.000000000000000000e+00 1.600000000000000089e+00 5.390999999999999959e-03 -1.734499999999999931e-02 -9.998350000000000293e-01 1.791739999999999999e-01 -9.836519999999999708e-01 1.803000000000000089e-02 -9.838029999999999831e-01 -1.792410000000000114e-01 -2.194999999999999903e-03
2.700000000000000000e+01 4.000000000000000000e+00 2.000000000000000000e+01 0.000000000000000000e+00 1.600000000000000089e+00 -4.403999999999999929e-03 1.193600000000000043e-02 -9.999190000000000023e-01 2.786719999999999753e-01 -9.603019999999999889e-01 -1.268999999999999989e-02 -9.603760000000000074e-01 -2.787060000000000093e-01 9.030000000000000483e-04
3.000000000000000000e+00 1.300000000000000000e+01 2.000000000000000000e+01 0.000000000000000000e+00 1.600000000000000089e+00 -3.068399999999999947e-02 -6.749299999999999744e-02 9.972480000000000233e-01 2.824980000000000269e-01 9.564540000000000264e-01 7.342400000000000315e-02 -9.587769999999999904e-01 2.839740000000000042e-01 -1.028199999999999947e-02
1.900000000000000000e+01 1.300000000000000000e+01 2.000000000000000000e+01 0.000000000000000000e+00 1.600000000000000089e+00 2.920499999999999832e-02 8.684200000000000252e-02 9.957939999999999570e-01 2.629779999999999895e-01 9.604559999999999764e-01 -9.147299999999999875e-02 -9.643599999999999950e-01 2.645429999999999726e-01 5.212999999999999752e-03
2.800000000000000000e+01 1.300000000000000000e+01 2.000000000000000000e+01 0.000000000000000000e+00 1.600000000000000089e+00 8.649999999999999920e-04 -2.873999999999999819e-03 9.999949999999999672e-01 2.513589999999999991e-01 9.678909999999999458e-01 2.563999999999999873e-03 -9.678940000000000321e-01 2.513560000000000239e-01 1.559999999999999972e-03
4.000000000000000000e+00 1.400000000000000000e+01 2.000000000000000000e+01 0.000000000000000000e+00 1.600000000000000089e+00 -2.869899999999999882e-02 -8.182399999999999396e-02 9.962339999999999529e-01 2.633860000000000090e-01 9.608050000000000201e-01 8.650099999999999456e-02 -9.642640000000000100e-01 2.648760000000000003e-01 -6.022999999999999708e-03
1.300000000000000000e+01 1.400000000000000000e+01 2.000000000000000000e+01 0.000000000000000000e+00 1.600000000000000089e+00 7.034000000000000322e-03 -1.234200000000000054e-02 9.998989999999999823e-01 2.718579999999999885e-01 9.622859999999999747e-01 9.964999999999999900e-03 -9.623119999999999452e-01 2.717609999999999748e-01 1.012399999999999932e-02
6.000000000000000000e+00 1.600000000000000000e+01 2.100000000000000000e+01 0.000000000000000000e+00 1.600000000000000089e+00 -2.642800000000000010e-02 -1.113029999999999992e-01 9.934349999999999570e-01 3.325540000000000163e-01 9.362009999999999499e-01 1.137370000000000048e-01 -9.427140000000000519e-01 3.333760000000000057e-01 1.227199999999999992e-02
1.400000000000000000e+01 1.600000000000000000e+01 2.100000000000000000e+01 0.000000000000000000e+00 1.600000000000000089e+00 1.302599999999999938e-02 3.193000000000000092e-03 9.999099999999999655e-01 3.367800000000000238e-01 9.415540000000000020e-01 -7.394000000000000399e-03 -9.414930000000000243e-01 3.368459999999999788e-01 1.118899999999999929e-02
2.100000000000000000e+01 1.600000000000000000e+01 2.100000000000000000e+01 0.000000000000000000e+00 1.600000000000000089e+00 1.185199999999999969e-02 3.903000000000000219e-02 9.991679999999999451e-01 3.037839999999999985e-01 9.518680000000000474e-01 -4.078600000000000281e-02 -9.526670000000000416e-01 3.040140000000000065e-01 -5.749999999999999903e-04
2.500000000000000000e+01 1.600000000000000000e+01 2.100000000000000000e+01 0.000000000000000000e+00 1.600000000000000089e+00 9.489999999999999738e-04 6.745000000000000127e-03 9.999770000000000048e-01 2.978790000000000049e-01 9.545799999999999841e-01 -6.721999999999999677e-03 -9.546029999999999793e-01 2.978779999999999761e-01 -1.103000000000000031e-03
2.900000000000000000e+01 1.600000000000000000e+01 2.100000000000000000e+01 0.000000000000000000e+00 1.600000000000000089e+00 6.299999999999999990e-05 -9.319999999999999942e-04 1.000000000000000000e+00 2.973830000000000084e-01 9.547579999999999956e-01 8.710000000000000294e-04 -9.547579999999999956e-01 2.973819999999999797e-01 3.379999999999999758e-04
3.000000000000000000e+01 4.000000000000000000e+00 2.500000000000000000e+01 0.000000000000000000e+00 1.600000000000000089e+00 8.072999999999999621e-02 2.883000000000000146e-02 9.963189999999999547e-01 -6.763460000000000027e-01 -7.326529999999999987e-01 7.600300000000000111e-02 7.321469999999999922e-01 -6.799920000000000408e-01 -3.964800000000000268e-02
1.600000000000000000e+01 4.600000000000000000e+01 2.700000000000000000e+01 0.000000000000000000e+00 1.600000000000000089e+00 -2.722000000000000027e-03 1.600999999999999993e-03 -9.999949999999999672e-01 6.743449999999999722e-01 7.384159999999999613e-01 -6.539999999999999590e-04 7.384110000000000396e-01 -6.743430000000000257e-01 -3.089999999999999865e-03
2.500000000000000000e+01 4.600000000000000000e+01 2.700000000000000000e+01 0.000000000000000000e+00 1.600000000000000089e+00 -2.210000000000000050e-04 -2.199000000000000000e-03 -9.999980000000000535e-01 6.708730000000000526e-01 7.415709999999999802e-01 -1.778999999999999982e-03 7.415730000000000377e-01 -6.708709999999999951e-01 1.311000000000000099e-03
3.000000000000000000e+01 4.600000000000000000e+01 3.000000000000000000e+01 0.000000000000000000e+00 1.600000000000000089e+00 2.608000000000000075e-03 5.019000000000000024e-03 -9.999839999999999840e-01 3.225040000000000129e-01 9.465519999999999490e-01 5.591999999999999749e-03 9.465649999999999897e-01 -3.225129999999999941e-01 8.499999999999999526e-04
3.000000000000000000e+00 5.800000000000000000e+01 3.100000000000000000e+01 0.000000000000000000e+00 1.600000000000000089e+00 5.138000000000000206e-03 -4.490000000000000176e-04 9.999869999999999592e-01 -7.748059999999999947e-01 -6.321879999999999722e-01 3.697000000000000199e-03 6.321780000000000177e-01 -7.748150000000000315e-01 -3.595999999999999804e-03
7.000000000000000000e+00 5.800000000000000000e+01 3.100000000000000000e+01 0.000000000000000000e+00 1.600000000000000089e+00 5.164000000000000187e-03 6.256000000000000276e-03 9.999670000000000503e-01 -7.772179999999999644e-01 -6.291809999999999903e-01 7.950000000000000469e-03 6.292100000000000470e-01 -7.772329999999999517e-01 1.613000000000000067e-03
1.100000000000000000e+01 5.800000000000000000e+01 3.100000000000000000e+01 0.000000000000000000e+00 1.600000000000000089e+00 8.196000000000000160e-03 9.426000000000000351e-03 9.999219999999999775e-01 -7.783010000000000206e-01 -6.277709999999999679e-01 1.229700000000000064e-02 6.278380000000000072e-01 -7.783409999999999496e-01 2.190999999999999805e-03
1.500000000000000000e+01 5.800000000000000000e+01 3.100000000000000000e+01 0.000000000000000000e+00 1.600000000000000089e+00 3.880000000000000202e-03 1.281000000000000021e-03 9.999919999999999920e-01 -7.785109999999999530e-01 -6.276190000000000380e-01 3.824000000000000142e-03 6.276190000000000380e-01 -7.785189999999999610e-01 -1.438000000000000042e-03
1.700000000000000000e+01 5.800000000000000000e+01 3.100000000000000000e+01 0.000000000000000000e+00 1.600000000000000089e+00 1.796000000000000070e-03 -4.380000000000000213e-04 9.999980000000000535e-01 -7.765520000000000200e-01 -6.300519999999999454e-01 1.118000000000000070e-03 6.300499999999999989e-01 -7.765530000000000488e-01 -1.472000000000000001e-03
2.100000000000000000e+01 5.800000000000000000e+01 3.100000000000000000e+01 0.000000000000000000e+00 1.600000000000000089e+00 -4.322999999999999586e-03 -6.854999999999999982e-03 9.999670000000000503e-01 -7.703839999999999577e-01 -6.375330000000000163e-01 -7.701000000000000380e-03 6.375650000000000484e-01 -7.703919999999999657e-01 -2.524999999999999901e-03
2.500000000000000000e+01 5.800000000000000000e+01 3.100000000000000000e+01 0.000000000000000000e+00 1.600000000000000089e+00 -6.330999999999999822e-03 -1.610299999999999926e-02 9.998500000000000165e-01 -7.693959999999999688e-01 -6.385920000000000485e-01 -1.515700000000000033e-02 6.387410000000000032e-01 -7.693769999999999776e-01 -8.347000000000000253e-03
1.400000000000000000e+01 5.000000000000000000e+00 3.200000000000000000e+01 0.000000000000000000e+00 1.600000000000000089e+00 1.612570000000000114e-01 -8.793250000000000233e-01 -4.480890000000000151e-01 -6.811399999999999677e-01 2.293949999999999878e-01 -6.952890000000000459e-01 7.141739999999999755e-01 4.173310000000000075e-01 -5.619520000000000071e-01
1.200000000000000000e+01 5.000000000000000000e+00 3.300000000000000000e+01 0.000000000000000000e+00 1.600000000000000089e+00 1.148710000000000009e-01 -9.729280000000000150e-01 -2.005399999999999960e-01 -6.941720000000000113e-01 6.578699999999999826e-02 -7.167970000000000175e-01 7.105850000000000222e-01 2.215479999999999949e-01 -6.678220000000000267e-01
1.600000000000000000e+01 8.000000000000000000e+00 3.400000000000000000e+01 0.000000000000000000e+00 1.600000000000000089e+00 2.075420000000000043e-01 -9.109469999999999512e-01 -3.565119999999999956e-01 -7.100020000000000220e-01 1.104279999999999984e-01 -6.954869999999999663e-01 6.729209999999999914e-01 3.974679999999999880e-01 -6.238559999999999661e-01
1.900000000000000000e+01 9.000000000000000000e+00 3.400000000000000000e+01 0.000000000000000000e+00 1.600000000000000089e+00 2.442269999999999996e-01 -8.339050000000000074e-01 -4.949299999999999811e-01 -7.265570000000000084e-01 1.806669999999999943e-01 -6.629279999999999617e-01 6.422369999999999468e-01 5.214999999999999636e-01 -5.617560000000000331e-01
1.800000000000000000e+01 2.600000000000000000e+01 3.500000000000000000e+01 0.000000000000000000e+00 1.600000000000000089e+00 3.122719999999999940e-01 5.628630000000000022e-01 7.652919999999999723e-01 -6.790239999999999609e-01 -4.311440000000000272e-01 5.941720000000000335e-01 6.643890000000000073e-01 -7.051950000000000163e-01 2.475630000000000053e-01
7.000000000000000000e+00 4.600000000000000000e+01 3.500000000000000000e+01 0.000000000000000000e+00 1.600000000000000089e+00 3.110000000000000243e-04 1.848000000000000033e-03 -9.999980000000000535e-01 3.915319999999999911e-01 -9.201629999999999532e-01 -1.579000000000000108e-03 -9.201650000000000107e-01 -3.915299999999999891e-01 -1.010000000000000047e-03
1.200000000000000000e+01 4.600000000000000000e+01 3.500000000000000000e+01 0.000000000000000000e+00 1.600000000000000089e+00 2.024000000000000191e-03 -7.934999999999999346e-03 -9.999670000000000503e-01 3.899219999999999908e-01 -9.208119999999999639e-01 8.096000000000000765e-03 -9.208460000000000534e-01 -3.899250000000000216e-01 1.229999999999999974e-03
1.600000000000000000e+01 4.600000000000000000e+01 3.500000000000000000e+01 0.000000000000000000e+00 1.600000000000000089e+00 1.025000000000000086e-03 -1.127099999999999977e-02 -9.999360000000000470e-01 3.900589999999999891e-01 -9.207269999999999621e-01 1.077799999999999939e-02 -9.207889999999999686e-01 -3.900449999999999751e-01 3.452999999999999906e-03
2.100000000000000000e+01 4.600000000000000000e+01 3.500000000000000000e+01 0.000000000000000000e+00 1.600000000000000089e+00 -1.111999999999999924e-03 -8.097000000000000031e-03 -9.999670000000000503e-01 3.893340000000000134e-01 -9.210700000000000554e-01 7.026000000000000127e-03 -9.210960000000000258e-01 -3.893139999999999934e-01 4.177000000000000157e-03
2.600000000000000000e+01 4.600000000000000000e+01 3.500000000000000000e+01 0.000000000000000000e+00 1.600000000000000089e+00 1.359999999999999989e-04 -5.236000000000000203e-03 -9.999860000000000415e-01 3.895440000000000014e-01 -9.209950000000000081e-01 4.874999999999999993e-03 -9.210080000000000489e-01 -3.895390000000000241e-01 1.915000000000000036e-03
1.900000000000000000e+01 1.100000000000000000e+01 3.600000000000000000e+01 0.000000000000000000e+00 1.600000000000000089e+00 2.104489999999999972e-01 -9.139730000000000354e-01 -3.469360000000000221e-01 -7.260280000000000067e-01 9.153500000000000525e-02 -6.815449999999999564e-01 6.546710000000000029e-01 3.953160000000000007e-01 -6.443069999999999631e-01
2.800000000000000000e+01 2.200000000000000000e+01 3.600000000000000000e+01 0.000000000000000000e+00 1.600000000000000089e+00 -1.789840000000000042e-01 -7.149280000000000079e-01 6.759020000000000028e-01 7.267970000000000264e-01 3.669589999999999796e-01 5.806090000000000417e-01 -6.631219999999999892e-01 5.951629999999999976e-01 4.539279999999999982e-01
1.800000000000000000e+01 2.700000000000000000e+01 3.600000000000000000e+01 0.000000000000000000e+00 1.600000000000000089e+00 3.496719999999999828e-01 3.832479999999999776e-01 8.548980000000000468e-01 -6.968889999999999807e-01 -5.034710000000000019e-01 5.107479999999999798e-01 6.261590000000000211e-01 -7.743630000000000235e-01 9.103200000000000180e-02
1.700000000000000000e+01 1.100000000000000000e+01 3.700000000000000000e+01 0.000000000000000000e+00 1.600000000000000089e+00 1.725299999999999889e-01 -9.385360000000000369e-01 -2.989700000000000135e-01 -7.146919999999999940e-01 8.959000000000000297e-02 -6.936780000000000168e-01 6.778269999999999573e-01 3.333519999999999817e-01 -6.553069999999999729e-01
2.000000000000000000e+01 1.200000000000000000e+01 3.700000000000000000e+01 0.000000000000000000e+00 1.600000000000000089e+00 1.861389999999999989e-01 -9.283489999999999798e-01 -3.217470000000000052e-01 -7.370830000000000437e-01 8.458799999999999653e-02 -6.704879999999999729e-01 6.496619999999999617e-01 3.619580000000000020e-01 -6.685250000000000359e-01
1.100000000000000000e+01 2.200000000000000000e+01 3.700000000000000000e+01 0.000000000000000000e+00 1.600000000000000089e+00 7.681240000000000290e-01 -3.303019999999999845e-01 5.485309999999999908e-01 -6.308420000000000138e-01 -2.436830000000000107e-01 7.366519999999999735e-01 -1.096499999999999975e-01 -9.118770000000000486e-01 -3.955469999999999819e-01
2.900000000000000000e+01 2.300000000000000000e+01 3.700000000000000000e+01 0.000000000000000000e+00 1.600000000000000089e+00 -1.581319999999999948e-01 -7.254239999999999577e-01 6.698920000000000430e-01 7.214669999999999694e-01 3.783070000000000044e-01 5.799739999999999895e-01 -6.741509999999999447e-01 5.750170000000000003e-01 4.635469999999999868e-01
2.700000000000000000e+01 1.500000000000000000e+01 3.800000000000000000e+01 0.000000000000000000e+00 1.600000000000000089e+00 2.097360000000000058e-01 4.229609999999999759e-01 8.815410000000000190e-01 -7.827260000000000328e-01 -4.676859999999999906e-01 4.106199999999999850e-01 5.859609999999999541e-01 -7.761270000000000113e-01 2.329720000000000124e-01
2.200000000000000000e+01 3.600000000000000000e+01 3.800000000000000000e+01 0.000000000000000000e+00 1.600000000000000089e+00 -3.642349999999999755e-01 8.114699999999999691e-02 9.277649999999999508e-01 9.084090000000000220e-01 2.505020000000000024e-01 3.347260000000000235e-01 -2.052450000000000108e-01 9.647090000000000387e-01 -1.649559999999999915e-01
2.400000000000000000e+01 3.700000000000000000e+01 3.800000000000000000e+01 0.000000000000000000e+00 1.600000000000000089e+00 -2.920289999999999830e-01 -1.114720000000000016e-01 9.498910000000000409e-01 7.984449999999999603e-01 5.183309999999999862e-01 3.062969999999999859e-01 -5.265020000000000255e-01 8.478839999999999710e-01 -6.236300000000000177e-02
2.800000000000000000e+01 3.800000000000000000e+01 3.800000000000000000e+01 0.000000000000000000e+00 1.600000000000000089e+00 -1.568140000000000089e-01 -1.727619999999999989e-01 9.724000000000000421e-01 7.073509999999999520e-01 6.674769999999999870e-01 2.326590000000000047e-01 -6.892490000000000006e-01 7.243119999999999559e-01 1.753299999999999997e-02
1.900000000000000000e+01 1.400000000000000000e+01 3.900000000000000000e+01 0.000000000000000000e+00 1.600000000000000089e+00 1.403300000000000103e-01 -8.558559999999999501e-01 -4.978139999999999787e-01 -7.142420000000000435e-01 2.606959999999999833e-01 -6.495349999999999735e-01 6.856870000000000465e-01 4.467079999999999940e-01 -5.747039999999999926e-01
2.500000000000000000e+01 3.800000000000000000e+01 3.900000000000000000e+01 0.000000000000000000e+00 1.600000000000000089e+00 -2.797799999999999732e-01 -1.883170000000000122e-01 9.414139999999999731e-01 7.812799999999999745e-01 5.252250000000000529e-01 3.372539999999999982e-01 -5.579640000000000155e-01 8.298649999999999638e-01 1.810000000000000085e-04
2.500000000000000000e+01 6.100000000000000000e+01 4.000000000000000000e+01 0.000000000000000000e+00 1.600000000000000089e+00 2.650399999999999978e-02 -5.201630000000000420e-01 -8.536559999999999704e-01 3.524370000000000003e-01 -7.942599999999999660e-01 4.949129999999999918e-01 -9.354599999999999582e-01 -3.139770000000000061e-01 1.622740000000000016e-01
8.000000000000000000e+00 2.500000000000000000e+01 4.300000000000000000e+01 0.000000000000000000e+00 1.600000000000000089e+00 1.489299999999999999e-02 -1.225099999999999974e-02 -9.998139999999999805e-01 8.416270000000000140e-01 5.400270000000000348e-01 5.919999999999999915e-03 5.398539999999999450e-01 -8.415580000000000283e-01 1.835300000000000126e-02
8.000000000000000000e+00 2.400000000000000000e+01 4.400000000000000000e+01 0.000000000000000000e+00 1.600000000000000089e+00 1.862899999999999973e-02 1.592000000000000012e-02 -9.997000000000000330e-01 7.839800000000000102e-01 6.203030000000000488e-01 2.448799999999999935e-02 6.205060000000000020e-01 -7.842010000000000369e-01 -9.259999999999999568e-04
2.000000000000000000e+00 2.900000000000000000e+01 4.400000000000000000e+01 0.000000000000000000e+00 1.600000000000000089e+00 -1.407000000000000048e-03 -2.507000000000000114e-03 -9.999959999999999960e-01 6.613970000000000127e-01 7.500310000000000032e-01 -2.811000000000000131e-03 7.500350000000000072e-01 -6.613980000000000414e-01 6.030000000000000204e-04
8.000000000000000000e+00 2.900000000000000000e+01 4.400000000000000000e+01 0.000000000000000000e+00 1.600000000000000089e+00 -3.504999999999999869e-03 -4.644100000000000311e-02 -9.989149999999999974e-01 6.345260000000000344e-01 7.719610000000000083e-01 -3.811599999999999711e-02 7.728930000000000522e-01 -6.339709999999999512e-01 2.676299999999999860e-02
1.000000000000000000e+01 2.900000000000000000e+01 4.400000000000000000e+01 0.000000000000000000e+00 1.600000000000000089e+00 -4.630599999999999994e-02 -1.822159999999999891e-01 -9.821670000000000122e-01 6.560850000000000293e-01 7.358740000000000281e-01 -1.674559999999999937e-01 7.532649999999999624e-01 -6.521400000000000530e-01 8.547399999999999443e-02
2.500000000000000000e+01 2.200000000000000000e+01 4.600000000000000000e+01 0.000000000000000000e+00 1.600000000000000089e+00 6.745099999999999707e-02 -1.655299999999999827e-02 -9.975850000000000550e-01 -2.180100000000000093e-01 9.754559999999999897e-01 -3.092699999999999963e-02 9.736129999999999507e-01 2.195699999999999874e-01 6.218599999999999822e-02
2.700000000000000000e+01 5.300000000000000000e+01 4.900000000000000000e+01 0.000000000000000000e+00 1.600000000000000089e+00 -4.922050000000000036e-01 1.166559999999999958e-01 8.626270000000000326e-01 -8.591429999999999900e-01 9.430800000000000294e-02 -5.029700000000000282e-01 -1.400270000000000126e-01 -9.886850000000000360e-01 5.380499999999999866e-02
1.000000000000000000e+00 6.100000000000000000e+01 4.900000000000000000e+01 0.000000000000000000e+00 1.600000000000000089e+00 4.841999999999999950e-03 1.877209999999999990e-01 9.822100000000000275e-01 -6.511249999999999538e-01 7.460630000000000317e-01 -1.393780000000000019e-01 -7.589550000000000463e-01 -6.388669999999999627e-01 1.258420000000000094e-01
1.100000000000000000e+01 6.000000000000000000e+00 5.100000000000000000e+01 0.000000000000000000e+00 1.600000000000000089e+00 -6.871999999999999637e-03 -5.542000000000000051e-03 -9.999609999999999888e-01 3.316600000000000104e-01 -9.433939999999999548e-01 2.948999999999999799e-03 -9.433740000000000459e-01 -3.316270000000000051e-01 8.321000000000000271e-03
2.700000000000000000e+01 7.000000000000000000e+00 5.200000000000000000e+01 0.000000000000000000e+00 1.600000000000000089e+00 7.927000000000000018e-03 4.262000000000000163e-03 -9.999599999999999600e-01 8.641200000000000270e-02 -9.962530000000000552e-01 -3.560999999999999929e-03 -9.962280000000000024e-01 -8.637999999999999845e-02 -8.264999999999999777e-03
2.000000000000000000e+00 6.300000000000000000e+01 5.400000000000000000e+01 0.000000000000000000e+00 1.600000000000000089e+00 5.065000000000000058e-03 4.689200000000000312e-02 9.988869999999999694e-01 -2.005639999999999923e-01 9.786500000000000199e-01 -4.492499999999999966e-02 -9.796669999999999545e-01 -2.001130000000000131e-01 1.436199999999999977e-02
9.000000000000000000e+00 6.300000000000000000e+01 5.400000000000000000e+01 0.000000000000000000e+00 1.600000000000000089e+00 -6.185999999999999659e-03 2.199999999999999943e-05 9.999810000000000088e-01 -3.454920000000000213e-01 9.384190000000000031e-01 -2.158000000000000196e-03 -9.384010000000000407e-01 -3.454990000000000006e-01 -5.798000000000000202e-03
1.200000000000000000e+01 6.300000000000000000e+01 5.400000000000000000e+01 0.000000000000000000e+00 1.600000000000000089e+00 1.907000000000000015e-02 3.312999999999999973e-02 9.992689999999999628e-01 -3.320989999999999776e-01 9.429149999999999476e-01 -2.492400000000000171e-02 -9.430520000000000014e-01 -3.313809999999999811e-01 2.898399999999999935e-02
1.800000000000000000e+01 6.300000000000000000e+01 5.400000000000000000e+01 0.000000000000000000e+00 1.600000000000000089e+00 2.409769999999999968e-01 4.652569999999999761e-01 -8.517430000000000279e-01 8.389349999999999863e-01 3.413950000000000040e-01 4.238370000000000193e-01 4.879740000000000189e-01 -8.166919999999999735e-01 -3.080519999999999925e-01
2.000000000000000000e+00 7.500000000000000000e+01 5.400000000000000000e+01 0.000000000000000000e+00 1.600000000000000089e+00 -3.912649999999999739e-01 -3.641400000000000192e-02 9.195579999999999865e-01 -8.815429999999999655e-01 -2.720170000000000088e-01 -3.858610000000000095e-01 2.641859999999999764e-01 -9.616029999999999855e-01 7.432999999999999330e-02
5.000000000000000000e+00 2.500000000000000000e+01 5.500000000000000000e+01 0.000000000000000000e+00 1.600000000000000089e+00 1.165000000000000020e-03 9.770000000000000039e-04 -9.999989999999999712e-01 -1.248100000000000077e-02 -9.999219999999999775e-01 -9.909999999999999105e-04 -9.999209999999999487e-01 1.248200000000000004e-02 -1.152000000000000029e-03
9.000000000000000000e+00 2.500000000000000000e+01 5.500000000000000000e+01 0.000000000000000000e+00 1.600000000000000089e+00 -8.739999999999999939e-04 -7.960000000000000495e-04 -9.999989999999999712e-01 -1.096899999999999958e-02 -9.999400000000000510e-01 8.050000000000000515e-04 -9.999390000000000223e-01 1.097000000000000058e-02 8.649999999999999920e-04
1.600000000000000000e+01 2.500000000000000000e+01 5.500000000000000000e+01 0.000000000000000000e+00 1.600000000000000089e+00 -2.145999999999999904e-03 -4.463400000000000006e-02 -9.990010000000000279e-01 -1.176100000000000062e-02 -9.989329999999999599e-01 4.465600000000000125e-02 -9.999289999999999567e-01 1.184499999999999963e-02 1.618999999999999996e-03
3.000000000000000000e+00 7.800000000000000000e+01 5.500000000000000000e+01 0.000000000000000000e+00 1.600000000000000089e+00 5.626699999999999757e-02 -2.250580000000000080e-01 -9.727190000000000003e-01 2.320220000000000060e-01 -9.446419999999999817e-01 2.319839999999999958e-01 -9.710820000000000007e-01 -2.387460000000000138e-01 -9.330000000000000186e-04
1.700000000000000000e+01 8.000000000000000000e+01 5.500000000000000000e+01 0.000000000000000000e+00 1.600000000000000089e+00 -1.355079999999999896e-01 -6.121079999999999854e-01 -7.790780000000000483e-01 -1.047820000000000001e-01 -7.730669999999999487e-01 6.256099999999999994e-01 -9.852199999999999847e-01 1.664090000000000014e-01 4.061900000000000233e-02
2.000000000000000000e+00 2.100000000000000000e+01 6.000000000000000000e+01 0.000000000000000000e+00 1.600000000000000089e+00 3.052000000000000025e-03 -6.412000000000000165e-03 9.999749999999999472e-01 -9.458400000000000141e-02 9.954939999999999900e-01 6.671999999999999979e-03 -9.955119999999999525e-01 -9.460200000000000553e-02 2.432000000000000134e-03
1.300000000000000000e+01 2.100000000000000000e+01 6.000000000000000000e+01 0.000000000000000000e+00 1.600000000000000089e+00 -1.330000000000000073e-04 -7.861999999999999197e-03 9.999689999999999968e-01 -9.814399999999999513e-02 9.951419999999999710e-01 7.811000000000000235e-03 -9.951719999999999455e-01 -9.814000000000000501e-02 -9.039999999999999642e-04
2.000000000000000000e+01 2.100000000000000000e+01 6.000000000000000000e+01 0.000000000000000000e+00 1.600000000000000089e+00 2.965000000000000187e-03 -1.534999999999999906e-03 9.999940000000000495e-01 -9.881600000000000106e-02 9.951039999999999885e-01 1.820000000000000003e-03 -9.951010000000000133e-01 -9.882100000000000606e-02 2.798999999999999839e-03
1.600000000000000000e+01 6.000000000000000000e+00 6.100000000000000000e+01 0.000000000000000000e+00 1.600000000000000089e+00 -1.129999999999999928e-03 3.596999999999999937e-03 9.999930000000000208e-01 5.759360000000000035e-01 -8.174869999999999637e-01 3.592000000000000141e-03 8.174940000000000540e-01 5.759360000000000035e-01 -1.147999999999999932e-03
2.500000000000000000e+01 6.000000000000000000e+00 6.100000000000000000e+01 0.000000000000000000e+00 1.600000000000000089e+00 -2.010000000000000068e-03 -2.593999999999999952e-03 9.999949999999999672e-01 5.735259999999999803e-01 -8.191859999999999697e-01 -9.730000000000000151e-04 8.191850000000000520e-01 5.735209999999999475e-01 3.135000000000000200e-03
1.500000000000000000e+01 8.900000000000000000e+01 6.200000000000000000e+01 0.000000000000000000e+00 1.600000000000000089e+00 -1.228110000000000035e-01 4.774579999999999935e-01 8.700290000000000523e-01 8.192930000000000490e-01 5.435140000000000526e-01 -1.826230000000000075e-01 -5.600680000000000103e-01 6.903810000000000224e-01 -4.579280000000000017e-01
1.900000000000000000e+01 3.000000000000000000e+00 6.300000000000000000e+01 0.000000000000000000e+00 1.600000000000000089e+00 -1.913999999999999903e-03 -2.559000000000000077e-03 9.999949999999999672e-01 -6.193610000000000504e-01 7.851059999999999706e-01 8.239999999999999712e-04 -7.851040000000000241e-01 -6.193560000000000176e-01 -3.088000000000000033e-03
2.500000000000000000e+01 3.000000000000000000e+00 6.300000000000000000e+01 0.000000000000000000e+00 1.600000000000000089e+00 2.188999999999999974e-03 1.019999999999999992e-04 9.999980000000000535e-01 -6.152750000000000163e-01 7.883109999999999840e-01 1.265999999999999981e-03 -7.883090000000000375e-01 -6.152769999999999628e-01 1.789000000000000009e-03
4.000000000000000000e+00 2.700000000000000000e+01 6.300000000000000000e+01 0.000000000000000000e+00 1.600000000000000089e+00 -2.139999999999999975e-04 -6.478000000000000251e-03 9.999789999999999512e-01 -2.706890000000000129e-01 9.626470000000000304e-01 6.178000000000000332e-03 -9.626670000000000504e-01 -2.706819999999999782e-01 -1.959999999999999937e-03
2.200000000000000000e+01 2.700000000000000000e+01 6.300000000000000000e+01 0.000000000000000000e+00 1.600000000000000089e+00 -1.550000000000000000e-04 -6.989999999999999686e-03 9.999759999999999760e-01 -2.749229999999999730e-01 9.614430000000000476e-01 6.679000000000000041e-03 -9.614660000000000428e-01 -2.749150000000000205e-01 -2.070999999999999924e-03
3.000000000000000000e+01 2.700000000000000000e+01 6.300000000000000000e+01 0.000000000000000000e+00 1.600000000000000089e+00 -1.273999999999999959e-03 -1.064599999999999921e-02 9.999419999999999975e-01 -2.749210000000000265e-01 9.614160000000000483e-01 9.884999999999999690e-03 -9.614660000000000428e-01 -2.748929999999999985e-01 -4.152000000000000308e-03
2.800000000000000000e+01 4.400000000000000000e+01 6.300000000000000000e+01 0.000000000000000000e+00 1.600000000000000089e+00 2.253940000000000110e-01 8.617780000000000440e-01 4.544619999999999771e-01 -7.348989999999999689e-01 4.566299999999999804e-01 -5.014110000000000511e-01 -6.396260000000000279e-01 -2.209679999999999978e-01 7.362419999999999520e-01
