2.000000000000000000e+00 1.500000000000000000e+01 4.000000000000000000e+00 0.000000000000000000e+00 1.600000000000000089e+00 6.592999999999999902e-03 3.155499999999999972e-02 9.994800000000000351e-01 2.924340000000000273e-01 -9.558680000000000510e-01 2.824899999999999980e-02 9.562629999999999741e-01 2.920960000000000223e-01 -1.553000000000000040e-02
7.000000000000000000e+00 1.500000000000000000e+01 4.000000000000000000e+00 0.000000000000000000e+00 1.600000000000000089e+00 4.637999999999999762e-03 3.171399999999999914e-02 9.994859999999999856e-01 2.949749999999999872e-01 -9.550669999999999993e-01 2.893499999999999892e-02 9.554939999999999545e-01 2.946889999999999787e-01 -1.378399999999999938e-02
1.300000000000000000e+01 1.500000000000000000e+01 4.000000000000000000e+00 0.000000000000000000e+00 1.600000000000000089e+00 -5.531000000000000326e-03 9.469999999999999252e-03 9.999400000000000510e-01 2.943319999999999825e-01 -9.556440000000000490e-01 1.067799999999999999e-02 9.556869999999999532e-01 2.943729999999999958e-01 2.497999999999999787e-03
1.600000000000000000e+01 1.500000000000000000e+01 4.000000000000000000e+00 0.000000000000000000e+00 1.600000000000000089e+00 -4.464000000000000086e-03 8.276000000000000370e-03 9.999559999999999560e-01 2.897770000000000068e-01 -9.570499999999999563e-01 9.213999999999999968e-03 9.570840000000000458e-01 2.898049999999999793e-01 1.874000000000000015e-03
1.800000000000000000e+01 1.600000000000000000e+01 4.000000000000000000e+00 0.000000000000000000e+00 1.600000000000000089e+00 -4.093000000000000284e-03 1.425799999999999984e-02 9.998899999999999455e-01 3.499180000000000068e-01 -9.366640000000000521e-01 1.478900000000000006e-02 9.367720000000000491e-01 3.499399999999999733e-01 -1.154999999999999994e-03
2.600000000000000000e+01 1.600000000000000000e+01 4.000000000000000000e+00 0.000000000000000000e+00 1.600000000000000089e+00 -3.468000000000000162e-03 2.763699999999999837e-02 9.996119999999999450e-01 3.405270000000000241e-01 -9.398419999999999552e-01 2.716599999999999918e-02 9.402279999999999527e-01 3.404900000000000149e-01 -6.152000000000000350e-03
2.900000000000000000e+01 1.600000000000000000e+01 4.000000000000000000e+00 0.000000000000000000e+00 1.600000000000000089e+00 -6.549999999999999833e-04 2.889600000000000155e-02 9.995819999999999705e-01 3.388010000000000188e-01 -9.404590000000000449e-01 2.740899999999999934e-02 9.408579999999999721e-01 3.386770000000000058e-01 -9.173999999999999863e-03
2.200000000000000000e+01 1.010000000000000000e+02 7.000000000000000000e+00 0.000000000000000000e+00 1.600000000000000089e+00 2.295999999999999864e-03 6.535499999999999643e-02 9.978590000000000515e-01 8.879209999999999603e-01 4.588749999999999774e-01 -3.209700000000000053e-02 -4.599900000000000100e-01 8.860940000000000483e-01 -5.697599999999999887e-02
2.900000000000000000e+01 1.010000000000000000e+02 7.000000000000000000e+00 0.000000000000000000e+00 1.600000000000000089e+00 1.175999999999999962e-03 2.755900000000000016e-02 9.996190000000000353e-01 8.875640000000000196e-01 4.604790000000000272e-01 -1.373899999999999948e-02 -4.606830000000000092e-01 8.872419999999999751e-01 -2.391899999999999929e-02
2.000000000000000000e+00 1.500000000000000000e+01 8.000000000000000000e+00 0.000000000000000000e+00 1.600000000000000089e+00 2.236000000000000140e-03 2.928300000000000000e-02 -9.995690000000000408e-01 -5.903730000000000366e-01 -8.067450000000000454e-01 -2.495500000000000149e-02 -8.071270000000000389e-01 5.901739999999999764e-01 1.548399999999999950e-02
6.000000000000000000e+00 1.500000000000000000e+01 8.000000000000000000e+00 0.000000000000000000e+00 1.600000000000000089e+00 3.837000000000000133e-03 3.054199999999999970e-02 -9.995260000000000256e-01 -5.886259999999999826e-01 -8.079560000000000075e-01 -2.694799999999999973e-02 -8.083960000000000035e-01 5.884509999999999463e-01 1.487800000000000060e-02
1.000000000000000000e+01 1.500000000000000000e+01 8.000000000000000000e+00 0.000000000000000000e+00 1.600000000000000089e+00 7.435999999999999902e-03 1.856899999999999870e-02 -9.998000000000000220e-01 -5.862119999999999553e-01 -8.099250000000000060e-01 -1.940199999999999911e-02 -8.101239999999999553e-01 5.862389999999999546e-01 4.863000000000000135e-03
1.500000000000000000e+01 1.500000000000000000e+01 8.000000000000000000e+00 0.000000000000000000e+00 1.600000000000000089e+00 9.145000000000000351e-03 9.083000000000000795e-03 -9.999169999999999447e-01 -5.824690000000000145e-01 -8.127529999999999477e-01 -1.271000000000000081e-02 -8.128009999999999957e-01 5.825369999999999715e-01 -2.141999999999999807e-03
1.900000000000000000e+01 1.500000000000000000e+01 8.000000000000000000e+00 0.000000000000000000e+00 1.600000000000000089e+00 9.785999999999999560e-03 1.683300000000000074e-02 -9.998099999999999765e-01 -5.799940000000000095e-01 -8.143899999999999473e-01 -1.938799999999999898e-02 -8.145620000000000083e-01 5.800739999999999785e-01 1.793000000000000106e-03
2.100000000000000000e+01 1.500000000000000000e+01 8.000000000000000000e+00 0.000000000000000000e+00 1.600000000000000089e+00 1.092300000000000042e-02 1.895399999999999863e-02 -9.997610000000000108e-01 -5.786639999999999562e-01 -8.152749999999999719e-01 -2.177899999999999975e-02 -8.154930000000000234e-01 5.787630000000000274e-01 2.062000000000000031e-03
2.800000000000000000e+01 1.500000000000000000e+01 8.000000000000000000e+00 0.000000000000000000e+00 1.600000000000000089e+00 9.169000000000000067e-03 2.511000000000000038e-02 -9.996429999999999483e-01 -5.737339999999999662e-01 -8.186339999999999728e-01 -2.582600000000000173e-02 -8.189899999999999958e-01 5.737659999999999982e-01 6.899999999999999883e-03
1.600000000000000000e+01 2.600000000000000000e+01 8.000000000000000000e+00 0.000000000000000000e+00 1.600000000000000089e+00 -8.649000000000000438e-03 -1.461299999999999925e-02 -9.998559999999999670e-01 4.046919999999999962e-01 9.142970000000000264e-01 -1.686299999999999952e-02 9.144120000000000026e-01 -4.047799999999999732e-01 -1.994000000000000113e-03
2.200000000000000000e+01 2.600000000000000000e+01 8.000000000000000000e+00 0.000000000000000000e+00 1.600000000000000089e+00 -6.564999999999999655e-03 -1.522500000000000069e-02 -9.998629999999999463e-01 4.110179999999999945e-01 9.114759999999999529e-01 -1.657799999999999899e-02 9.116039999999999699e-01 -4.110699999999999910e-01 2.739999999999999923e-04
2.700000000000000000e+01 2.600000000000000000e+01 8.000000000000000000e+00 0.000000000000000000e+00 1.600000000000000089e+00 -6.787999999999999763e-03 -2.824799999999999880e-02 -9.995779999999999665e-01 4.149930000000000008e-01 9.093769999999999909e-01 -2.851700000000000068e-02 9.097990000000000244e-01 -4.150119999999999920e-01 5.550000000000000246e-03
1.000000000000000000e+00 2.400000000000000000e+01 9.000000000000000000e+00 0.000000000000000000e+00 1.600000000000000089e+00 -4.351999999999999966e-03 -6.408999999999999767e-03 -9.999700000000000255e-01 4.535509999999999819e-01 8.911970000000000169e-01 -7.686000000000000124e-03 8.912200000000000122e-01 -4.535710000000000020e-01 -9.719999999999999907e-04
1.000000000000000000e+01 2.400000000000000000e+01 9.000000000000000000e+00 0.000000000000000000e+00 1.600000000000000089e+00 -5.398000000000000020e-03 -1.457499999999999941e-02 -9.998789999999999623e-01 4.573570000000000135e-01 8.891489999999999672e-01 -1.542999999999999927e-02 8.892670000000000297e-01 -4.573849999999999860e-01 1.866000000000000037e-03
2.000000000000000000e+01 2.400000000000000000e+01 9.000000000000000000e+00 0.000000000000000000e+00 1.600000000000000089e+00 -7.786999999999999651e-03 -1.407399999999999970e-02 -9.998709999999999543e-01 4.641609999999999903e-01 8.856049999999999756e-01 -1.608000000000000054e-02 8.857169999999999765e-01 -4.642260000000000275e-01 -3.640000000000000115e-04
2.600000000000000000e+01 2.400000000000000000e+01 9.000000000000000000e+00 0.000000000000000000e+00 1.600000000000000089e+00 -7.785000000000000253e-03 -2.983299999999999841e-02 -9.995249999999999968e-01 4.692310000000000092e-01 8.825659999999999616e-01 -2.999699999999999936e-02 8.830409999999999648e-01 -4.692410000000000192e-01 7.127999999999999788e-03
3.000000000000000000e+00 4.000000000000000000e+00 1.100000000000000000e+01 0.000000000000000000e+00 1.600000000000000089e+00 -1.100000000000000066e-03 -2.105200000000000127e-02 -9.997779999999999445e-01 1.826280000000000125e-01 9.829599999999999449e-01 -2.089900000000000091e-02 9.831809999999999716e-01 -1.826099999999999945e-01 2.762999999999999831e-03
1.300000000000000000e+01 4.000000000000000000e+00 1.100000000000000000e+01 0.000000000000000000e+00 1.600000000000000089e+00 -8.700000000000000051e-05 -1.616999999999999948e-03 -9.999989999999999712e-01 1.944339999999999957e-01 9.809139999999999526e-01 -1.603000000000000041e-03 9.809160000000000101e-01 -1.944339999999999957e-01 2.290000000000000098e-04
1.600000000000000000e+01 4.000000000000000000e+00 1.100000000000000000e+01 0.000000000000000000e+00 1.600000000000000089e+00 6.719999999999999628e-04 5.329000000000000403e-03 -9.999860000000000415e-01 1.912770000000000026e-01 9.815209999999999768e-01 5.359000000000000048e-03 9.815359999999999641e-01 -1.912780000000000036e-01 -3.600000000000000227e-04
2.000000000000000000e+01 4.000000000000000000e+00 1.100000000000000000e+01 0.000000000000000000e+00 1.600000000000000089e+00 2.250999999999999963e-03 2.270499999999999949e-02 -9.997399999999999620e-01 1.799419999999999908e-01 9.834140000000000104e-01 2.273999999999999980e-02 9.836749999999999661e-01 -1.799459999999999948e-01 -1.871999999999999966e-03
1.600000000000000000e+01 1.040000000000000000e+02 1.100000000000000000e+01 0.000000000000000000e+00 1.600000000000000089e+00 4.301000000000000136e-03 3.699999999999999811e-05 9.999909999999999632e-01 -9.751239999999999908e-01 -2.216210000000000124e-01 4.202000000000000006e-03 2.216190000000000104e-01 -9.751330000000000275e-01 -9.169999999999999549e-04
2.100000000000000000e+01 1.040000000000000000e+02 1.100000000000000000e+01 0.000000000000000000e+00 1.600000000000000089e+00 9.286000000000000851e-03 9.967000000000000165e-03 9.999069999999999903e-01 -9.737000000000000099e-01 -2.275520000000000043e-01 1.131099999999999987e-02 2.276430000000000120e-01 -9.737149999999999972e-01 7.590999999999999658e-03
2.000000000000000000e+00 3.100000000000000000e+01 1.200000000000000000e+01 0.000000000000000000e+00 1.600000000000000089e+00 6.970000000000000284e-04 -9.389999999999999476e-04 9.999989999999999712e-01 -2.177899999999999975e-02 9.997620000000000395e-01 9.539999999999999869e-04 -9.997629999999999573e-01 -2.178000000000000075e-02 6.759999999999999516e-04
1.200000000000000000e+01 3.100000000000000000e+01 1.200000000000000000e+01 0.000000000000000000e+00 1.600000000000000089e+00 -3.399999999999999973e-05 -6.669999999999999497e-04 1.000000000000000000e+00 -2.038399999999999934e-02 9.997920000000000140e-01 6.669999999999999497e-04 -9.997920000000000140e-01 -2.038399999999999934e-02 -4.699999999999999724e-05
1.900000000000000000e+01 3.100000000000000000e+01 1.200000000000000000e+01 0.000000000000000000e+00 1.600000000000000089e+00 2.642999999999999950e-03 3.374999999999999962e-03 9.999909999999999632e-01 -2.284500000000000072e-02 9.997340000000000115e-01 -3.314000000000000105e-03 -9.997359999999999580e-01 -2.283599999999999866e-02 2.719000000000000063e-03
2.900000000000000000e+01 3.100000000000000000e+01 1.200000000000000000e+01 0.000000000000000000e+00 1.600000000000000089e+00 -1.095999999999999969e-03 -1.030200000000000039e-02 9.999460000000000015e-01 -2.436299999999999924e-02 9.996500000000000385e-01 1.027199999999999988e-02 -9.997030000000000083e-01 -2.435000000000000012e-02 -1.347000000000000107e-03
1.900000000000000000e+01 3.500000000000000000e+01 1.200000000000000000e+01 0.000000000000000000e+00 1.600000000000000089e+00 3.201999999999999985e-03 2.165999999999999957e-03 -9.999930000000000208e-01 4.938509999999999844e-01 -8.695460000000000411e-01 -3.020000000000000223e-04 -8.695399999999999796e-01 -4.938469999999999804e-01 -3.853999999999999787e-03
2.200000000000000000e+01 3.500000000000000000e+01 1.200000000000000000e+01 0.000000000000000000e+00 1.600000000000000089e+00 2.380000000000000171e-03 -1.123000000000000083e-03 -9.999970000000000248e-01 4.992090000000000138e-01 -8.664789999999999992e-01 2.161999999999999859e-03 -8.664779999999999704e-01 -4.992119999999999891e-01 -1.502000000000000080e-03
2.600000000000000000e+01 3.500000000000000000e+01 1.200000000000000000e+01 0.000000000000000000e+00 1.600000000000000089e+00 -2.423999999999999939e-03 -2.165999999999999957e-03 -9.999949999999999672e-01 4.897859999999999991e-01 -8.718430000000000346e-01 7.010000000000000172e-04 -8.718390000000000306e-01 -4.897810000000000219e-01 3.174000000000000172e-03
3.000000000000000000e+00 3.000000000000000000e+00 1.300000000000000000e+01 0.000000000000000000e+00 1.600000000000000089e+00 -2.178999999999999947e-03 -2.246300000000000033e-02 9.997449999999999948e-01 -1.536099999999999965e-02 9.996300000000000185e-01 2.242699999999999902e-02 -9.998799999999999910e-01 -1.530899999999999969e-02 -2.523000000000000069e-03
5.000000000000000000e+00 3.200000000000000000e+01 1.400000000000000000e+01 0.000000000000000000e+00 1.600000000000000089e+00 -1.309999999999999967e-03 -2.752000000000000106e-03 -9.999949999999999672e-01 1.199849999999999944e-01 9.927709999999999591e-01 -2.889000000000000075e-03 9.927749999999999631e-01 -1.199889999999999984e-01 -9.700000000000000505e-04
7.000000000000000000e+00 3.200000000000000000e+01 1.400000000000000000e+01 0.000000000000000000e+00 1.600000000000000089e+00 -8.469999999999999881e-04 -3.233999999999999896e-03 -9.999940000000000495e-01 1.175400000000000056e-01 9.930630000000000290e-01 -3.311000000000000141e-03 9.930679999999999508e-01 -1.175419999999999937e-01 -4.609999999999999840e-04
1.700000000000000000e+01 3.200000000000000000e+01 1.400000000000000000e+01 0.000000000000000000e+00 1.600000000000000089e+00 -1.345999999999999974e-03 -8.299999999999999815e-05 -9.999989999999999712e-01 1.133300000000000002e-01 9.935570000000000235e-01 -2.349999999999999930e-04 9.935559999999999947e-01 -1.133300000000000002e-01 -1.327999999999999970e-03
2.300000000000000000e+01 3.200000000000000000e+01 1.400000000000000000e+01 0.000000000000000000e+00 1.600000000000000089e+00 6.220000000000000485e-04 4.524000000000000243e-03 -9.999900000000000455e-01 1.119929999999999953e-01 9.936989999999999990e-01 4.565999999999999746e-03 9.937089999999999534e-01 -1.119939999999999963e-01 1.110000000000000011e-04
2.000000000000000000e+00 1.200000000000000000e+01 1.500000000000000000e+01 0.000000000000000000e+00 1.600000000000000089e+00 2.028999999999999988e-03 -6.679999999999999740e-04 -9.999980000000000535e-01 -4.678709999999999813e-01 -8.837970000000000548e-01 -3.589999999999999984e-04 -8.837949999999999973e-01 4.678700000000000081e-01 -2.105999999999999799e-03
1.100000000000000000e+01 1.200000000000000000e+01 1.500000000000000000e+01 0.000000000000000000e+00 1.600000000000000089e+00 3.203999999999999817e-03 1.502000000000000080e-03 -9.999940000000000495e-01 -4.705570000000000030e-01 -8.823649999999999549e-01 -2.833000000000000015e-03 -8.823640000000000372e-01 4.705630000000000090e-01 -2.121000000000000055e-03
2.300000000000000000e+01 1.200000000000000000e+01 1.500000000000000000e+01 0.000000000000000000e+00 1.600000000000000089e+00 8.399999999999999481e-03 1.718799999999999842e-02 -9.998169999999999558e-01 -4.691640000000000255e-01 -8.829040000000000221e-01 -1.912000000000000158e-02 -8.830710000000000504e-01 4.692390000000000172e-01 6.480000000000000300e-04
2.900000000000000000e+01 1.200000000000000000e+01 1.500000000000000000e+01 0.000000000000000000e+00 1.600000000000000089e+00 5.904000000000000394e-03 1.445899999999999963e-02 -9.998780000000000445e-01 -4.682439999999999936e-01 -8.834619999999999695e-01 -1.554099999999999926e-02 -8.835790000000000033e-01 4.682790000000000008e-01 1.554000000000000043e-03
5.000000000000000000e+00 1.100000000000000000e+01 1.600000000000000000e+01 0.000000000000000000e+00 1.600000000000000089e+00 1.110000000000000092e-03 1.188000000000000037e-03 -9.999989999999999712e-01 -4.145570000000000088e-01 -9.100219999999999976e-01 -1.541999999999999968e-03 -9.100230000000000263e-01 4.145579999999999821e-01 -5.169999999999999899e-04
1.100000000000000000e+01 1.100000000000000000e+01 1.600000000000000000e+01 0.000000000000000000e+00 1.600000000000000089e+00 2.314999999999999784e-03 1.824000000000000100e-03 -9.999959999999999960e-01 -4.198770000000000002e-01 -9.075769999999999671e-01 -2.628000000000000128e-03 -9.075779999999999959e-01 4.198810000000000042e-01 -1.335000000000000032e-03
1.800000000000000000e+01 1.100000000000000000e+01 1.600000000000000000e+01 0.000000000000000000e+00 1.600000000000000089e+00 4.314000000000000126e-03 3.066000000000000149e-03 -9.999860000000000415e-01 -4.212620000000000253e-01 -9.069270000000000387e-01 -4.597999999999999657e-03 -9.069289999999999852e-01 4.212759999999999838e-01 -2.621000000000000066e-03
2.000000000000000000e+01 1.160000000000000000e+02 1.600000000000000000e+01 0.000000000000000000e+00 1.600000000000000089e+00 5.975000000000000276e-03 4.867999999999999931e-03 9.999700000000000255e-01 7.285190000000000277e-01 6.849830000000000085e-01 -7.688000000000000389e-03 -6.850000000000000533e-01 7.285430000000000517e-01 5.460000000000000443e-04
1.000000000000000000e+00 2.000000000000000000e+00 1.900000000000000000e+01 0.000000000000000000e+00 1.600000000000000089e+00 -1.082000000000000062e-03 2.438000000000000063e-03 -9.999959999999999960e-01 2.079060000000000075e-01 -9.781450000000000422e-01 -2.609000000000000208e-03 -9.781480000000000175e-01 -2.079080000000000095e-01 5.519999999999999733e-04
6.000000000000000000e+00 2.000000000000000000e+00 1.900000000000000000e+01 0.000000000000000000e+00 1.600000000000000089e+00 -3.951999999999999784e-03 8.425000000000000197e-03 -9.999569999999999848e-01 2.059880000000000044e-01 -9.785129999999999661e-01 -9.058000000000000079e-03 -9.785469999999999446e-01 -2.060140000000000027e-01 2.132000000000000214e-03
1.100000000000000000e+01 2.000000000000000000e+00 1.900000000000000000e+01 0.000000000000000000e+00 1.600000000000000089e+00 -3.449999999999999833e-04 3.033999999999999805e-03 -9.999949999999999672e-01 1.981300000000000006e-01 -9.801710000000000145e-01 -3.041999999999999999e-03 -9.801760000000000472e-01 -1.981300000000000006e-01 -2.629999999999999959e-04
1.500000000000000000e+01 2.000000000000000000e+00 1.900000000000000000e+01 0.000000000000000000e+00 1.600000000000000089e+00 3.887999999999999963e-03 -1.729999999999999941e-02 -9.998430000000000373e-01 1.890600000000000058e-01 -9.818059999999999565e-01 1.772299999999999917e-02 -9.819579999999999975e-01 -1.890989999999999893e-01 -5.469999999999999602e-04
1.900000000000000000e+01 2.000000000000000000e+00 1.900000000000000000e+01 0.000000000000000000e+00 1.600000000000000089e+00 -2.159999999999999919e-04 -9.419000000000000289e-03 -9.999559999999999560e-01 1.859049999999999869e-01 -9.825249999999999817e-01 9.214999999999999233e-03 -9.825679999999999970e-01 -1.858950000000000047e-01 1.962999999999999901e-03
2.800000000000000000e+01 2.000000000000000000e+00 1.900000000000000000e+01 0.000000000000000000e+00 1.600000000000000089e+00 2.570000000000000127e-04 2.256599999999999925e-02 -9.997449999999999948e-01 1.645280000000000076e-01 -9.861220000000000541e-01 -2.221599999999999964e-02 -9.863720000000000265e-01 -1.644799999999999873e-01 -3.965999999999999907e-03
3.000000000000000000e+00 1.300000000000000000e+01 2.000000000000000000e+01 0.000000000000000000e+00 1.600000000000000089e+00 2.854000000000000200e-03 7.950000000000000252e-04 9.999959999999999960e-01 2.619560000000000222e-01 9.650790000000000202e-01 -1.515000000000000071e-03 -9.650760000000000449e-01 2.619589999999999974e-01 2.546000000000000086e-03
6.000000000000000000e+00 1.300000000000000000e+01 2.000000000000000000e+01 0.000000000000000000e+00 1.600000000000000089e+00 1.167000000000000069e-03 -4.214999999999999997e-03 9.999900000000000455e-01 2.614719999999999822e-01 9.652039999999999509e-01 3.762999999999999852e-03 -9.652100000000000124e-01 2.614659999999999762e-01 2.227999999999999946e-03
1.100000000000000000e+01 1.300000000000000000e+01 2.000000000000000000e+01 0.000000000000000000e+00 1.600000000000000089e+00 -6.600000000000000506e-05 -5.727999999999999585e-03 9.999839999999999840e-01 2.608539999999999748e-01 9.653620000000000534e-01 5.546999999999999847e-03 -9.653779999999999584e-01 2.608500000000000263e-01 1.430999999999999980e-03
1.500000000000000000e+01 1.300000000000000000e+01 2.000000000000000000e+01 0.000000000000000000e+00 1.600000000000000089e+00 2.639999999999999986e-03 -3.780000000000000265e-04 9.999959999999999960e-01 2.578500000000000236e-01 9.661849999999999605e-01 -3.150000000000000131e-04 -9.661809999999999565e-01 2.578500000000000236e-01 2.648000000000000180e-03
2.300000000000000000e+01 1.300000000000000000e+01 2.000000000000000000e+01 0.000000000000000000e+00 1.600000000000000089e+00 -2.341000000000000199e-03 -8.243999999999999592e-03 9.999630000000000463e-01 2.541820000000000190e-01 9.671180000000000332e-01 8.569000000000000228e-03 -9.671530000000000404e-01 2.541930000000000023e-01 -1.679999999999999907e-04
2.700000000000000000e+01 1.300000000000000000e+01 2.000000000000000000e+01 0.000000000000000000e+00 1.600000000000000089e+00 -2.465999999999999876e-03 -8.234999999999999265e-03 9.999630000000000463e-01 2.539589999999999903e-01 9.671769999999999534e-01 8.590999999999999678e-03 -9.672119999999999607e-01 2.539710000000000023e-01 -2.939999999999999905e-04
2.600000000000000000e+01 1.600000000000000000e+01 2.100000000000000000e+01 0.000000000000000000e+00 1.600000000000000089e+00 -2.968999999999999851e-03 -8.498999999999999611e-03 9.999590000000000423e-01 3.010410000000000030e-01 9.535690000000000000e-01 8.998000000000000789e-03 -9.536069999999999824e-01 3.010550000000000170e-01 -2.730000000000000222e-04
2.000000000000000000e+01 3.000000000000000000e+00 2.500000000000000000e+01 0.000000000000000000e+00 1.600000000000000089e+00 -3.699999999999999811e-05 4.493999999999999731e-03 9.999900000000000455e-01 2.057600000000000054e-02 -9.997779999999999445e-01 4.493999999999999731e-03 9.997880000000000100e-01 2.057600000000000054e-02 -5.500000000000000196e-05
7.000000000000000000e+00 4.600000000000000000e+01 2.700000000000000000e+01 0.000000000000000000e+00 1.600000000000000089e+00 -1.732999999999999948e-03 -1.085999999999999943e-03 -9.999980000000000535e-01 6.621789999999999621e-01 7.493429999999999813e-01 -1.962000000000000202e-03 7.493429999999999813e-01 -6.621810000000000196e-01 -5.789999999999999791e-04
1.500000000000000000e+01 4.600000000000000000e+01 2.700000000000000000e+01 0.000000000000000000e+00 1.600000000000000089e+00 3.625000000000000184e-03 3.941000000000000059e-03 -9.999860000000000415e-01 6.680530000000000079e-01 7.440949999999999509e-01 5.354000000000000252e-03 7.441050000000000164e-01 -6.680620000000000447e-01 6.399999999999999710e-05
2.500000000000000000e+01 4.600000000000000000e+01 2.700000000000000000e+01 0.000000000000000000e+00 1.600000000000000089e+00 -6.480000000000000300e-04 -2.169999999999999891e-04 -1.000000000000000000e+00 6.693569999999999798e-01 7.429400000000000448e-01 -5.950000000000000427e-04 7.429400000000000448e-01 -6.693580000000000085e-01 -3.359999999999999814e-04
5.000000000000000000e+00 4.600000000000000000e+01 3.000000000000000000e+01 0.000000000000000000e+00 1.600000000000000089e+00 -1.569999999999999998e-03 -3.942000000000000191e-03 -9.999909999999999632e-01 3.190149999999999930e-01 9.477400000000000269e-01 -4.237000000000000315e-03 9.477489999999999526e-01 -3.190180000000000238e-01 -2.300000000000000070e-04
2.900000000000000000e+01 4.600000000000000000e+01 3.000000000000000000e+01 0.000000000000000000e+00 1.600000000000000089e+00 4.360000000000000269e-04 1.592000000000000099e-03 -9.999989999999999712e-01 3.254079999999999750e-01 9.455719999999999681e-01 1.647999999999999942e-03 9.455740000000000256e-01 -3.254079999999999750e-01 -1.060000000000000016e-04
5.000000000000000000e+00 5.800000000000000000e+01 3.100000000000000000e+01 0.000000000000000000e+00 1.600000000000000089e+00 -5.689999999999999745e-03 -1.126800000000000024e-02 9.999200000000000310e-01 -7.681829999999999492e-01 -6.401250000000000551e-01 -1.158499999999999981e-02 6.402050000000000241e-01 -7.681879999999999820e-01 -5.014000000000000228e-03
1.600000000000000000e+01 5.800000000000000000e+01 3.100000000000000000e+01 0.000000000000000000e+00 1.600000000000000089e+00 8.418999999999999401e-03 1.630500000000000005e-02 9.998320000000000540e-01 -7.663050000000000139e-01 -6.422539999999999916e-01 1.692600000000000007e-02 6.424220000000000486e-01 -7.663180000000000547e-01 7.087000000000000417e-03
2.200000000000000000e+01 5.800000000000000000e+01 3.100000000000000000e+01 0.000000000000000000e+00 1.600000000000000089e+00 1.533000000000000074e-03 6.066000000000000211e-03 9.999799999999999800e-01 -7.673060000000000436e-01 -6.412609999999999699e-01 5.066000000000000190e-03 6.412790000000000434e-01 -7.672989999999999533e-01 3.670999999999999784e-03
3.000000000000000000e+01 5.800000000000000000e+01 3.100000000000000000e+01 0.000000000000000000e+00 1.600000000000000089e+00 4.333000000000000046e-03 -7.531999999999999633e-03 9.999620000000000175e-01 -7.624849999999999683e-01 -6.470050000000000523e-01 -1.569000000000000082e-03 6.469920000000000115e-01 -7.624490000000000434e-01 -8.545999999999999777e-03
1.700000000000000000e+01 6.000000000000000000e+00 3.200000000000000000e+01 0.000000000000000000e+00 1.600000000000000089e+00 -5.427999999999999665e-03 -7.529999999999999801e-04 -9.999850000000000128e-01 1.768909999999999927e-01 9.842290000000000205e-01 -1.701000000000000038e-03 9.842149999999999510e-01 -1.768969999999999987e-01 -5.209000000000000088e-03
1.000000000000000000e+00 4.600000000000000000e+01 3.500000000000000000e+01 0.000000000000000000e+00 1.600000000000000089e+00 -5.730000000000000501e-04 2.906000000000000163e-03 -9.999959999999999960e-01 3.859929999999999750e-01 -9.224970000000000114e-01 -2.902000000000000066e-03 -9.225020000000000442e-01 -3.859929999999999750e-01 -5.929999999999999941e-04
8.000000000000000000e+00 4.600000000000000000e+01 3.500000000000000000e+01 0.000000000000000000e+00 1.600000000000000089e+00 -1.103000000000000031e-03 3.020000000000000115e-03 -9.999949999999999672e-01 3.863039999999999807e-01 -9.223660000000000192e-01 -3.212000000000000011e-03 -9.223710000000000520e-01 -3.863059999999999827e-01 -1.489999999999999897e-04
1.600000000000000000e+01 4.600000000000000000e+01 3.500000000000000000e+01 0.000000000000000000e+00 1.600000000000000089e+00 2.171000000000000187e-03 3.049999999999999868e-04 -9.999980000000000535e-01 3.868440000000000212e-01 -9.221449999999999925e-01 5.590000000000000351e-04 -9.221430000000000460e-01 -3.868440000000000212e-01 -2.119999999999999923e-03
2.000000000000000000e+01 4.600000000000000000e+01 3.500000000000000000e+01 0.000000000000000000e+00 1.600000000000000089e+00 -9.070000000000000371e-04 1.521000000000000000e-03 -9.999980000000000535e-01 3.862479999999999802e-01 -9.223930000000000184e-01 -1.753000000000000001e-03 -9.223949999999999649e-01 -3.862490000000000090e-01 2.489999999999999809e-04
2.800000000000000000e+01 4.600000000000000000e+01 3.500000000000000000e+01 0.000000000000000000e+00 1.600000000000000089e+00 -5.240000000000000517e-04 3.759999999999999887e-03 -9.999930000000000208e-01 3.836760000000000170e-01 -9.234599999999999476e-01 -3.673000000000000050e-03 -9.234679999999999556e-01 -3.836749999999999883e-01 -9.579999999999999757e-04
4.000000000000000000e+00 9.500000000000000000e+01 3.600000000000000000e+01 0.000000000000000000e+00 1.600000000000000089e+00 1.752199999999999938e-02 -6.245999999999999816e-03 9.998270000000000213e-01 9.972630000000000106e-01 7.194699999999999707e-02 -1.702700000000000047e-02 -7.182800000000000296e-02 9.973889999999999700e-01 7.490000000000000130e-03
1.000000000000000000e+01 9.500000000000000000e+01 3.600000000000000000e+01 0.000000000000000000e+00 1.600000000000000089e+00 -5.800999999999999733e-03 -2.461199999999999846e-02 9.996800000000000130e-01 9.974469999999999725e-01 7.101699999999999680e-02 7.536000000000000164e-03 -7.117999999999999328e-02 9.971710000000000296e-01 2.413699999999999873e-02
1.600000000000000000e+01 9.500000000000000000e+01 3.600000000000000000e+01 0.000000000000000000e+00 1.600000000000000089e+00 -8.064999999999999253e-03 -6.661499999999999366e-02 9.977460000000000218e-01 9.980069999999999775e-01 6.191599999999999882e-02 1.220100000000000004e-02 -6.258900000000000574e-02 9.958559999999999635e-01 6.598299999999999998e-02
2.100000000000000000e+01 9.500000000000000000e+01 3.600000000000000000e+01 0.000000000000000000e+00 1.600000000000000089e+00 -3.976000000000000367e-03 -7.034000000000000322e-03 9.999670000000000503e-01 9.984690000000000509e-01 5.514399999999999857e-02 4.357999999999999895e-03 -5.517299999999999982e-02 9.984539999999999527e-01 6.804000000000000152e-03
2.500000000000000000e+01 9.500000000000000000e+01 3.600000000000000000e+01 0.000000000000000000e+00 1.600000000000000089e+00 2.128999999999999816e-03 9.007700000000000429e-02 9.959329999999999572e-01 9.978529999999999900e-01 6.499699999999999922e-02 -8.012000000000000025e-03 -6.545499999999999929e-02 9.938120000000000287e-01 -8.974500000000000532e-02
2.900000000000000000e+01 9.500000000000000000e+01 3.600000000000000000e+01 0.000000000000000000e+00 1.600000000000000089e+00 5.956000000000000356e-03 9.639599999999999558e-02 9.953250000000000153e-01 9.971039999999999903e-01 7.488899999999999724e-02 -1.322000000000000085e-02 -7.581300000000000539e-02 9.925220000000000153e-01 -9.567000000000000504e-02
7.000000000000000000e+00 9.500000000000000000e+01 3.700000000000000000e+01 0.000000000000000000e+00 1.600000000000000089e+00 6.867999999999999973e-03 -1.715300000000000158e-02 9.998289999999999678e-01 9.959000000000000075e-01 9.030699999999999839e-02 -5.291999999999999829e-03 -9.020100000000000340e-02 9.957660000000000400e-01 1.770299999999999999e-02
7.000000000000000000e+00 3.000000000000000000e+00 4.300000000000000000e+01 0.000000000000000000e+00 1.600000000000000089e+00 -2.905000000000000030e-03 -8.130999999999999339e-03 -9.999630000000000463e-01 7.380449999999999511e-01 -6.747440000000000104e-01 3.341999999999999919e-03 -6.747459999999999569e-01 -7.380069999999999686e-01 7.960999999999999327e-03
2.200000000000000000e+01 3.000000000000000000e+00 4.300000000000000000e+01 0.000000000000000000e+00 1.600000000000000089e+00 3.086000000000000201e-03 -3.291999999999999788e-03 -9.999900000000000455e-01 7.417270000000000252e-01 -6.706870000000000331e-01 4.495999999999999996e-03 -6.706950000000000411e-01 -7.417329999999999757e-01 3.719999999999999891e-04
2.700000000000000000e+01 3.000000000000000000e+00 4.300000000000000000e+01 0.000000000000000000e+00 1.600000000000000089e+00 -3.039000000000000035e-03 -3.353899999999999937e-02 -9.994330000000000158e-01 7.397669999999999524e-01 -6.725560000000000427e-01 2.032000000000000126e-02 -6.728560000000000096e-01 -7.392859999999999987e-01 2.685500000000000040e-02
7.000000000000000000e+00 8.000000000000000000e+00 4.400000000000000000e+01 0.000000000000000000e+00 1.600000000000000089e+00 1.482999999999999943e-03 1.275000000000000092e-03 9.999980000000000535e-01 -7.735769999999999591e-01 -6.337000000000000410e-01 1.955000000000000140e-03 6.337009999999999588e-01 -7.735779999999999879e-01 4.699999999999999724e-05
1.500000000000000000e+01 8.000000000000000000e+00 4.400000000000000000e+01 0.000000000000000000e+00 1.600000000000000089e+00 -5.372000000000000039e-03 -1.057100000000000053e-02 9.999299999999999855e-01 -7.650519999999999543e-01 -6.438760000000000039e-01 -1.091699999999999962e-02 6.439460000000000184e-01 -7.650569999999999871e-01 -4.628000000000000169e-03
2.100000000000000000e+01 8.000000000000000000e+00 4.400000000000000000e+01 0.000000000000000000e+00 1.600000000000000089e+00 -1.116000000000000021e-03 -4.590000000000000330e-03 9.999890000000000168e-01 -7.686009999999999787e-01 -6.397180000000000089e-01 -3.794000000000000063e-03 6.397279999999999633e-01 -7.685959999999999459e-01 -2.814000000000000095e-03
6.000000000000000000e+00 2.900000000000000000e+01 4.400000000000000000e+01 0.000000000000000000e+00 1.600000000000000089e+00 -6.570000000000000319e-04 1.294000000000000011e-03 -9.999989999999999712e-01 6.621709999999999541e-01 7.493530000000000468e-01 5.349999999999999938e-04 7.493530000000000468e-01 -6.621700000000000363e-01 -1.348999999999999939e-03
1.700000000000000000e+01 2.900000000000000000e+01 4.400000000000000000e+01 0.000000000000000000e+00 1.600000000000000089e+00 2.739999999999999923e-04 7.600000000000000418e-04 -1.000000000000000000e+00 6.581120000000000303e-01 7.529190000000000049e-01 7.519999999999999558e-04 7.529200000000000337e-01 -6.581120000000000303e-01 -2.939999999999999905e-04
2.100000000000000000e+01 2.900000000000000000e+01 4.400000000000000000e+01 0.000000000000000000e+00 1.600000000000000089e+00 -2.481999999999999831e-03 -3.892000000000000060e-03 -9.999890000000000168e-01 6.589629999999999654e-01 7.521619999999999973e-01 -4.563000000000000216e-03 7.521710000000000340e-01 -6.589669999999999694e-01 6.980000000000000527e-04
2.900000000000000000e+01 2.900000000000000000e+01 4.400000000000000000e+01 0.000000000000000000e+00 1.600000000000000089e+00 -1.160000000000000007e-04 -4.769999999999999934e-04 -1.000000000000000000e+00 6.682299999999999907e-01 7.439540000000000042e-01 -4.319999999999999838e-04 7.439540000000000042e-01 -6.682299999999999907e-01 2.320000000000000014e-04
2.400000000000000000e+01 5.400000000000000000e+01 4.600000000000000000e+01 0.000000000000000000e+00 1.600000000000000089e+00 -9.489999999999999738e-04 -2.693000000000000081e-03 9.999959999999999960e-01 3.033830000000000138e-01 -9.528659999999999908e-01 -2.278000000000000077e-03 9.528680000000000483e-01 3.033799999999999830e-01 1.721000000000000090e-03
2.700000000000000000e+01 7.000000000000000000e+01 4.700000000000000000e+01 0.000000000000000000e+00 1.600000000000000089e+00 1.230000000000000082e-04 3.190999999999999826e-03 -9.999949999999999672e-01 -8.380509999999999904e-01 -5.455879999999999619e-01 -1.843999999999999936e-03 -5.455919999999999659e-01 8.380469999999999864e-01 2.606999999999999942e-03
2.000000000000000000e+00 1.150000000000000000e+02 5.100000000000000000e+01 0.000000000000000000e+00 1.600000000000000089e+00 -4.899999999999999842e-05 -4.337999999999999842e-03 9.999909999999999632e-01 8.455660000000000398e-01 -5.338650000000000340e-01 -2.273999999999999980e-03 5.338699999999999557e-01 8.455580000000000318e-01 3.694999999999999934e-03
7.000000000000000000e+00 7.000000000000000000e+00 5.200000000000000000e+01 0.000000000000000000e+00 1.600000000000000089e+00 -2.292999999999999899e-03 -5.919999999999999915e-03 -9.999799999999999800e-01 9.899600000000000066e-02 -9.950719999999999565e-01 5.663999999999999764e-03 -9.950849999999999973e-01 -9.898099999999999954e-02 2.867999999999999890e-03
1.400000000000000000e+01 7.000000000000000000e+00 5.200000000000000000e+01 0.000000000000000000e+00 1.600000000000000089e+00 4.209999999999999875e-04 -4.819999999999999632e-03 -9.999879999999999880e-01 9.657499999999999418e-02 -9.953140000000000320e-01 4.838000000000000286e-03 -9.953260000000000440e-01 -9.657599999999999518e-02 4.600000000000000004e-05
2.500000000000000000e+01 7.000000000000000000e+00 5.200000000000000000e+01 0.000000000000000000e+00 1.600000000000000089e+00 -1.254199999999999933e-02 -8.224999999999999672e-03 -9.998879999999999990e-01 1.126899999999999985e-01 -9.936070000000000180e-01 6.760000000000000384e-03 -9.935509999999999620e-01 -1.125919999999999976e-01 1.338899999999999986e-02
2.100000000000000000e+01 1.500000000000000000e+01 5.300000000000000000e+01 0.000000000000000000e+00 1.600000000000000089e+00 -3.930000000000000117e-04 5.410000000000000312e-04 -1.000000000000000000e+00 6.799760000000000248e-01 7.332349999999999701e-01 1.299999999999999886e-04 7.332349999999999701e-01 -6.799760000000000248e-01 -6.560000000000000076e-04
6.000000000000000000e+00 6.300000000000000000e+01 5.400000000000000000e+01 0.000000000000000000e+00 1.600000000000000089e+00 -2.518999999999999972e-03 -1.482999999999999943e-03 9.999959999999999960e-01 -3.566960000000000131e-01 9.342200000000000504e-01 4.870000000000000197e-04 -9.342169999999999641e-01 -3.566929999999999823e-01 -2.882000000000000013e-03
1.400000000000000000e+01 6.300000000000000000e+01 5.400000000000000000e+01 0.000000000000000000e+00 1.600000000000000089e+00 3.609999999999999928e-04 -2.282999999999999873e-03 9.999970000000000248e-01 -3.510800000000000032e-01 9.363430000000000364e-01 2.263999999999999953e-03 -9.363460000000000116e-01 -3.510800000000000032e-01 -4.640000000000000027e-04
1.900000000000000000e+01 6.300000000000000000e+01 5.400000000000000000e+01 0.000000000000000000e+00 1.600000000000000089e+00 2.207000000000000194e-03 2.897999999999999968e-03 9.999930000000000208e-01 -3.501429999999999820e-01 9.366940000000000266e-01 -1.941000000000000017e-03 -9.366940000000000266e-01 -3.501360000000000028e-01 3.082000000000000104e-03
2.500000000000000000e+01 6.300000000000000000e+01 5.400000000000000000e+01 0.000000000000000000e+00 1.600000000000000089e+00 -9.439999999999999607e-04 -1.088999999999999907e-03 9.999989999999999712e-01 -3.569620000000000015e-01 9.341190000000000326e-01 6.800000000000000488e-04 -9.341180000000000039e-01 -3.569609999999999728e-01 -1.270999999999999994e-03
2.000000000000000000e+00 2.500000000000000000e+01 5.500000000000000000e+01 0.000000000000000000e+00 1.600000000000000089e+00 2.413999999999999913e-03 8.739999999999999939e-04 -9.999970000000000248e-01 -1.112499999999999947e-02 -9.999379999999999935e-01 -9.009999999999999997e-04 -9.999350000000000183e-01 1.112699999999999974e-02 -2.405000000000000020e-03
7.000000000000000000e+00 2.500000000000000000e+01 5.500000000000000000e+01 0.000000000000000000e+00 1.600000000000000089e+00 -6.499999999999999431e-05 -1.213000000000000102e-03 -9.999989999999999712e-01 -1.161200000000000079e-02 -9.999320000000000430e-01 1.214000000000000018e-03 -9.999329999999999607e-01 1.161200000000000079e-02 5.099999999999999960e-05
1.700000000000000000e+01 2.500000000000000000e+01 5.500000000000000000e+01 0.000000000000000000e+00 1.600000000000000089e+00 -6.600000000000000506e-05 3.001000000000000195e-03 -9.999949999999999672e-01 -1.369199999999999931e-02 -9.999019999999999575e-01 -3.000000000000000062e-03 -9.999059999999999615e-01 1.369100000000000004e-02 1.069999999999999988e-04
2.100000000000000000e+01 2.500000000000000000e+01 5.500000000000000000e+01 0.000000000000000000e+00 1.600000000000000089e+00 -1.425999999999999967e-03 3.103999999999999988e-03 -9.999940000000000495e-01 -1.192799999999999937e-02 -9.999240000000000350e-01 -3.086999999999999900e-03 -9.999280000000000390e-01 1.192299999999999957e-02 1.463000000000000108e-03
2.500000000000000000e+01 2.500000000000000000e+01 5.500000000000000000e+01 0.000000000000000000e+00 1.600000000000000089e+00 -2.449999999999999921e-03 2.760999999999999999e-03 -9.999930000000000208e-01 -1.013299999999999965e-02 -9.999449999999999728e-01 -2.736000000000000151e-03 -9.999460000000000015e-01 1.012599999999999958e-02 2.478000000000000168e-03
1.900000000000000000e+01 7.000000000000000000e+00 6.000000000000000000e+01 0.000000000000000000e+00 1.600000000000000089e+00 7.669999999999999951e-04 -2.547999999999999918e-03 9.999959999999999960e-01 5.723500000000000254e-01 -8.200060000000000127e-01 -2.528999999999999998e-03 8.200089999999999879e-01 5.723500000000000254e-01 8.289999999999999843e-04
