1.100000000000000000e+01 1.700000000000000000e+01 3.000000000000000000e+00 0.000000000000000000e+00 1.600000000000000089e+00 -2.818400000000000072e-02 -1.768899999999999986e-02 -9.994459999999999456e-01 -7.128360000000000252e-01 -7.005770000000000053e-01 3.250100000000000211e-02 -7.007640000000000535e-01 7.133570000000000189e-01 7.135999999999999982e-03
5.000000000000000000e+00 1.010000000000000000e+02 7.000000000000000000e+00 0.000000000000000000e+00 1.600000000000000089e+00 6.710000000000000469e-04 2.373600000000000015e-02 9.997179999999999955e-01 8.877049999999999663e-01 4.602689999999999837e-01 -1.152399999999999952e-02 -4.604130000000000167e-01 8.874619999999999731e-01 -2.076199999999999921e-02
2.600000000000000000e+01 1.010000000000000000e+02 7.000000000000000000e+00 0.000000000000000000e+00 1.600000000000000089e+00 -2.615999999999999836e-03 -1.639999999999999965e-03 9.999949999999999672e-01 8.880839999999999845e-01 4.596720000000000250e-01 3.076999999999999874e-03 -4.596750000000000003e-01 8.880869999999999598e-01 2.539999999999999940e-04
6.000000000000000000e+00 2.500000000000000000e+01 8.000000000000000000e+00 0.000000000000000000e+00 1.600000000000000089e+00 1.719000000000000042e-03 4.290999999999999676e-03 -9.999890000000000168e-01 4.395540000000000003e-01 8.982050000000000312e-01 4.610000000000000382e-03 8.982149999999999856e-01 -4.395569999999999755e-01 -3.420000000000000188e-04
9.000000000000000000e+00 2.500000000000000000e+01 8.000000000000000000e+00 0.000000000000000000e+00 1.600000000000000089e+00 6.679999999999999740e-04 8.531000000000000388e-03 -9.999630000000000463e-01 4.381530000000000147e-01 8.988650000000000251e-01 7.960999999999999327e-03 8.989000000000000323e-01 -4.381430000000000047e-01 -3.138000000000000164e-03
1.200000000000000000e+01 2.500000000000000000e+01 8.000000000000000000e+00 0.000000000000000000e+00 1.600000000000000089e+00 2.590000000000000071e-04 3.014000000000000186e-03 -9.999949999999999672e-01 4.375580000000000025e-01 8.991860000000000408e-01 2.824000000000000121e-03 8.991900000000000448e-01 -4.375569999999999737e-01 -1.085999999999999943e-03
2.000000000000000000e+01 2.500000000000000000e+01 8.000000000000000000e+00 0.000000000000000000e+00 1.600000000000000089e+00 -9.600000000000000243e-05 2.635000000000000189e-03 -9.999959999999999960e-01 4.378799999999999915e-01 8.990299999999999958e-01 2.327000000000000075e-03 8.990329999999999711e-01 -4.378779999999999895e-01 -1.240000000000000000e-03
2.400000000000000000e+01 2.500000000000000000e+01 8.000000000000000000e+00 0.000000000000000000e+00 1.600000000000000089e+00 8.499999999999999526e-04 4.334000000000000179e-03 -9.999900000000000455e-01 4.395270000000000010e-01 8.982189999999999896e-01 4.265999999999999827e-03 8.982290000000000552e-01 -4.395259999999999723e-01 -1.142000000000000003e-03
2.800000000000000000e+01 2.500000000000000000e+01 8.000000000000000000e+00 0.000000000000000000e+00 1.600000000000000089e+00 4.060000000000000024e-04 -3.506000000000000002e-03 -9.999940000000000495e-01 4.401740000000000097e-01 8.979080000000000394e-01 -2.968999999999999851e-03 8.979129999999999612e-01 -4.401700000000000057e-01 1.907000000000000058e-03
6.000000000000000000e+00 2.400000000000000000e+01 9.000000000000000000e+00 0.000000000000000000e+00 1.600000000000000089e+00 2.135000000000000179e-03 5.141999999999999869e-03 -9.999850000000000128e-01 4.460770000000000013e-01 8.949770000000000225e-01 5.555000000000000042e-03 8.949920000000000098e-01 -4.460819999999999785e-01 -3.829999999999999854e-04
1.300000000000000000e+01 2.400000000000000000e+01 9.000000000000000000e+00 0.000000000000000000e+00 1.600000000000000089e+00 2.059999999999999928e-04 9.330000000000000186e-04 -1.000000000000000000e+00 4.442639999999999922e-01 8.958960000000000257e-01 9.280000000000000054e-04 8.958960000000000257e-01 -4.442639999999999922e-01 -2.300000000000000070e-04
1.900000000000000000e+01 2.400000000000000000e+01 9.000000000000000000e+00 0.000000000000000000e+00 1.600000000000000089e+00 -2.590000000000000071e-04 4.000000000000000192e-04 -1.000000000000000000e+00 4.442869999999999875e-01 8.958850000000000424e-01 2.429999999999999977e-04 8.958850000000000424e-01 -4.442869999999999875e-01 -4.090000000000000211e-04
2.300000000000000000e+01 2.400000000000000000e+01 9.000000000000000000e+00 0.000000000000000000e+00 1.600000000000000089e+00 -3.600000000000000227e-04 5.616000000000000332e-03 -9.999839999999999840e-01 4.457039999999999891e-01 8.951670000000000460e-01 4.866999999999999799e-03 8.951799999999999757e-01 -4.456950000000000078e-01 -2.824999999999999820e-03
2.700000000000000000e+01 2.400000000000000000e+01 9.000000000000000000e+00 0.000000000000000000e+00 1.600000000000000089e+00 7.960000000000000495e-04 -7.979999999999999897e-04 -9.999989999999999712e-01 4.475959999999999939e-01 8.942360000000000309e-01 -3.579999999999999741e-04 8.942360000000000309e-01 -4.475950000000000206e-01 1.069000000000000072e-03
2.000000000000000000e+01 8.000000000000000000e+00 1.000000000000000000e+01 0.000000000000000000e+00 1.600000000000000089e+00 -1.194080000000000003e-01 -4.020699999999999968e-02 -9.920309999999999961e-01 -9.869360000000000355e-01 -1.040500000000000036e-01 1.230119999999999963e-01 -1.081659999999999983e-01 9.937589999999999479e-01 -2.725800000000000098e-02
2.800000000000000000e+01 3.000000000000000000e+00 1.100000000000000000e+01 0.000000000000000000e+00 1.600000000000000089e+00 1.228100000000000025e-02 -1.172320000000000029e-01 9.930290000000000505e-01 1.926350000000000007e-01 -9.742229999999999501e-01 -1.173949999999999994e-01 9.811940000000000106e-01 1.927339999999999887e-01 1.061899999999999997e-02
2.600000000000000000e+01 3.100000000000000000e+01 1.200000000000000000e+01 0.000000000000000000e+00 1.600000000000000089e+00 -8.009999999999999542e-04 5.239999999999999866e-03 9.999860000000000415e-01 -3.103200000000000056e-02 9.995049999999999768e-01 -5.263000000000000317e-03 -9.995180000000000176e-01 -3.103600000000000109e-02 -6.380000000000000037e-04
3.000000000000000000e+00 3.500000000000000000e+01 1.200000000000000000e+01 0.000000000000000000e+00 1.600000000000000089e+00 -3.119999999999999944e-03 2.967000000000000019e-03 -9.999909999999999632e-01 4.083450000000000135e-01 -9.128190000000000470e-01 -3.982000000000000296e-03 -9.128220000000000223e-01 -4.083539999999999948e-01 1.637000000000000000e-03
8.000000000000000000e+00 3.500000000000000000e+01 1.200000000000000000e+01 0.000000000000000000e+00 1.600000000000000089e+00 -2.360000000000000119e-03 3.621000000000000087e-03 -9.999909999999999632e-01 4.254720000000000169e-01 -9.049620000000000442e-01 -4.281000000000000083e-03 -9.049690000000000234e-01 -4.254780000000000229e-01 5.950000000000000427e-04
1.700000000000000000e+01 3.500000000000000000e+01 1.200000000000000000e+01 0.000000000000000000e+00 1.600000000000000089e+00 -1.453000000000000081e-03 4.377999999999999947e-03 -9.999890000000000168e-01 4.564380000000000104e-01 -8.897439999999999793e-01 -4.558999999999999685e-03 -8.897540000000000449e-01 -4.564400000000000124e-01 -7.050000000000000060e-04
2.000000000000000000e+01 3.500000000000000000e+01 1.200000000000000000e+01 0.000000000000000000e+00 1.600000000000000089e+00 -2.537999999999999892e-03 4.557000000000000287e-03 -9.999860000000000415e-01 4.603079999999999949e-01 -8.877439999999999776e-01 -5.213999999999999885e-03 -8.877549999999999608e-01 -4.603149999999999742e-01 1.550000000000000000e-04
5.000000000000000000e+00 3.200000000000000000e+01 1.400000000000000000e+01 0.000000000000000000e+00 1.600000000000000089e+00 8.739999999999999939e-04 3.359999999999999814e-04 -1.000000000000000000e+00 1.234139999999999959e-01 9.923549999999999871e-01 4.420000000000000101e-04 9.923549999999999871e-01 -1.234139999999999959e-01 8.260000000000000198e-04
1.200000000000000000e+01 1.200000000000000000e+01 1.600000000000000000e+01 0.000000000000000000e+00 1.600000000000000089e+00 2.527999999999999865e-03 -9.495800000000000074e-02 9.954779999999999740e-01 2.060790000000000122e-01 -9.740640000000000409e-01 -9.343899999999999428e-02 9.785319999999999574e-01 2.053830000000000100e-01 1.710599999999999968e-02
5.000000000000000000e+00 1.300000000000000000e+01 1.600000000000000000e+01 0.000000000000000000e+00 1.600000000000000089e+00 6.067999999999999609e-03 -5.881900000000000323e-02 9.982499999999999707e-01 1.396860000000000046e-01 -9.884309999999999485e-01 -5.908999999999999669e-02 9.901769999999999738e-01 1.398000000000000076e-01 2.219000000000000052e-03
1.200000000000000000e+01 1.160000000000000000e+02 1.600000000000000000e+01 0.000000000000000000e+00 1.600000000000000089e+00 4.810000000000000039e-03 1.023999999999999954e-03 9.999879999999999880e-01 6.674080000000000013e-01 7.446810000000000374e-01 -3.972999999999999969e-03 -7.446760000000000046e-01 6.674189999999999845e-01 2.897999999999999968e-03
1.300000000000000000e+01 2.000000000000000000e+00 1.900000000000000000e+01 0.000000000000000000e+00 1.600000000000000089e+00 1.214299999999999928e-02 -5.182799999999999907e-02 -9.985819999999999697e-01 3.320159999999999778e-01 -9.417879999999999585e-01 5.291799999999999976e-02 -9.431960000000000344e-01 -3.321879999999999833e-01 5.772000000000000221e-03
2.100000000000000000e+01 2.000000000000000000e+00 1.900000000000000000e+01 0.000000000000000000e+00 1.600000000000000089e+00 1.285599999999999937e-02 -6.807499999999999662e-02 -9.975969999999999560e-01 3.630740000000000078e-01 -9.292690000000000117e-01 6.809099999999999875e-02 -9.316719999999999446e-01 -3.630769999999999831e-01 1.276900000000000084e-02
2.500000000000000000e+01 2.000000000000000000e+00 1.900000000000000000e+01 0.000000000000000000e+00 1.600000000000000089e+00 1.432600000000000019e-02 -5.611300000000000315e-02 -9.983220000000000427e-01 3.663270000000000137e-01 -9.287100000000000355e-01 5.745700000000000113e-02 -9.303759999999999808e-01 -3.665359999999999729e-01 7.250999999999999633e-03
4.000000000000000000e+00 3.000000000000000000e+00 1.900000000000000000e+01 0.000000000000000000e+00 1.600000000000000089e+00 7.912000000000000630e-03 -1.654999999999999874e-02 -9.998320000000000540e-01 3.236519999999999953e-01 -9.460009999999999808e-01 1.822000000000000008e-02 -9.461429999999999563e-01 -3.237419999999999742e-01 -2.128000000000000117e-03
9.000000000000000000e+00 3.000000000000000000e+00 1.900000000000000000e+01 0.000000000000000000e+00 1.600000000000000089e+00 1.117399999999999990e-02 -3.291000000000000175e-02 -9.993959999999999511e-01 3.319699999999999873e-01 -9.426489999999999592e-01 3.475299999999999917e-02 -9.432239999999999513e-01 -3.321580000000000088e-01 3.919999999999999873e-04
1.500000000000000000e+01 3.000000000000000000e+00 1.900000000000000000e+01 0.000000000000000000e+00 1.600000000000000089e+00 1.344399999999999935e-02 -5.634700000000000125e-02 -9.983210000000000139e-01 3.421950000000000269e-01 -9.378649999999999487e-01 5.754299999999999693e-02 -9.395329999999999515e-01 -3.423939999999999761e-01 6.673000000000000112e-03
2.800000000000000000e+01 3.000000000000000000e+00 1.900000000000000000e+01 0.000000000000000000e+00 1.600000000000000089e+00 1.690200000000000036e-02 -2.669099999999999945e-02 -9.995009999999999728e-01 3.355409999999999782e-01 -9.415210000000000523e-01 3.081700000000000064e-02 -9.418739999999999890e-01 -3.358949999999999991e-01 -6.957999999999999775e-03
4.000000000000000000e+00 4.000000000000000000e+00 2.000000000000000000e+01 0.000000000000000000e+00 1.600000000000000089e+00 6.760999999999999649e-03 -1.791200000000000084e-02 -9.998169999999999558e-01 4.342520000000000269e-01 -9.005900000000000016e-01 1.907100000000000115e-02 -9.007659999999999556e-01 -4.343009999999999926e-01 1.690000000000000096e-03
9.000000000000000000e+00 4.000000000000000000e+00 2.000000000000000000e+01 0.000000000000000000e+00 1.600000000000000089e+00 7.990000000000000574e-03 -3.407299999999999912e-02 -9.993870000000000253e-01 4.292529999999999957e-01 -9.025360000000000049e-01 3.420299999999999729e-02 -9.031489999999999796e-01 -4.292630000000000057e-01 7.413999999999999584e-03
1.600000000000000000e+01 4.000000000000000000e+00 2.000000000000000000e+01 0.000000000000000000e+00 1.600000000000000089e+00 9.440000000000000474e-03 -5.475200000000000206e-02 -9.984549999999999814e-01 4.097160000000000246e-01 -9.106250000000000178e-01 5.380999999999999672e-02 -9.121639999999999748e-01 -4.095909999999999829e-01 1.383599999999999934e-02
5.000000000000000000e+00 1.300000000000000000e+01 2.000000000000000000e+01 0.000000000000000000e+00 1.600000000000000089e+00 2.809999999999999998e-04 1.111400000000000061e-02 9.999379999999999935e-01 3.048980000000000024e-01 9.523249999999999771e-01 -1.067000000000000066e-02 -9.523850000000000371e-01 3.048819999999999864e-01 -3.122000000000000209e-03
1.300000000000000000e+01 1.300000000000000000e+01 2.000000000000000000e+01 0.000000000000000000e+00 1.600000000000000089e+00 4.452000000000000228e-03 -8.052000000000000129e-03 9.999580000000000135e-01 2.762229999999999963e-01 9.610720000000000374e-01 6.509000000000000029e-03 -9.610830000000000206e-01 2.761819999999999831e-01 6.503000000000000100e-03
1.800000000000000000e+01 1.300000000000000000e+01 2.000000000000000000e+01 0.000000000000000000e+00 1.600000000000000089e+00 5.959999999999999586e-04 6.920000000000000153e-04 1.000000000000000000e+00 2.627240000000000131e-01 9.648710000000000342e-01 -8.239999999999999712e-04 -9.648710000000000342e-01 2.627240000000000131e-01 3.930000000000000117e-04
2.200000000000000000e+01 1.300000000000000000e+01 2.000000000000000000e+01 0.000000000000000000e+00 1.600000000000000089e+00 -7.499999999999999343e-05 3.834999999999999867e-03 9.999930000000000208e-01 2.604330000000000256e-01 9.654850000000000376e-01 -3.683000000000000076e-03 -9.654920000000000169e-01 2.604310000000000236e-01 -1.070999999999999903e-03
2.700000000000000000e+01 1.300000000000000000e+01 2.000000000000000000e+01 0.000000000000000000e+00 1.600000000000000089e+00 -3.099999999999999999e-04 -2.553000000000000148e-03 9.999970000000000248e-01 2.590080000000000160e-01 9.658719999999999528e-01 2.546000000000000086e-03 -9.658750000000000391e-01 2.590080000000000160e-01 3.620000000000000171e-04
1.000000000000000000e+00 1.600000000000000000e+01 2.100000000000000000e+01 0.000000000000000000e+00 1.600000000000000089e+00 -1.185000000000000072e-03 -4.442999999999999901e-03 9.999890000000000168e-01 3.092059999999999809e-01 9.509840000000000515e-01 4.591999999999999728e-03 -9.509940000000000060e-01 3.092079999999999829e-01 2.469999999999999865e-04
2.400000000000000000e+01 3.000000000000000000e+00 2.500000000000000000e+01 0.000000000000000000e+00 1.600000000000000089e+00 1.482299999999999937e-02 -3.992500000000000215e-02 9.990930000000000089e-01 -2.664000000000000135e-03 -9.992010000000000058e-01 -3.988900000000000085e-02 9.998869999999999703e-01 -2.069999999999999792e-03 -1.491699999999999970e-02
1.900000000000000000e+01 4.600000000000000000e+01 2.700000000000000000e+01 0.000000000000000000e+00 1.600000000000000089e+00 1.092000000000000089e-03 9.160000000000000390e-04 -9.999989999999999712e-01 6.777440000000000131e-01 7.352959999999999496e-01 1.413999999999999892e-03 7.352969999999999784e-01 -6.777450000000000419e-01 1.820000000000000057e-04
3.000000000000000000e+00 4.600000000000000000e+01 3.000000000000000000e+01 0.000000000000000000e+00 1.600000000000000089e+00 4.119999999999999856e-04 -6.560000000000000076e-04 -1.000000000000000000e+00 3.289449999999999874e-01 9.443489999999999940e-01 -4.840000000000000010e-04 9.443489999999999940e-01 -3.289449999999999874e-01 6.049999999999999606e-04
1.600000000000000000e+01 4.600000000000000000e+01 3.000000000000000000e+01 0.000000000000000000e+00 1.600000000000000089e+00 5.209999999999999788e-04 7.439999999999999782e-04 -1.000000000000000000e+00 3.303189999999999737e-01 9.438689999999999580e-01 8.750000000000000182e-04 9.438689999999999580e-01 -3.303189999999999737e-01 2.460000000000000164e-04
3.000000000000000000e+00 5.800000000000000000e+01 3.100000000000000000e+01 0.000000000000000000e+00 1.600000000000000089e+00 -2.416000000000000179e-03 -8.279999999999999600e-04 9.999970000000000248e-01 -8.003320000000000434e-01 -5.995519999999999738e-01 -2.429999999999999868e-03 5.995519999999999738e-01 -8.003350000000000186e-01 7.860000000000000233e-04
8.000000000000000000e+00 5.800000000000000000e+01 3.100000000000000000e+01 0.000000000000000000e+00 1.600000000000000089e+00 3.555000000000000000e-03 -3.539999999999999853e-04 9.999940000000000495e-01 -8.019100000000000117e-01 -5.974390000000000533e-01 2.638999999999999853e-03 5.974340000000000206e-01 -8.019140000000000157e-01 -2.407999999999999984e-03
1.500000000000000000e+01 5.800000000000000000e+01 3.100000000000000000e+01 0.000000000000000000e+00 1.600000000000000089e+00 1.376000000000000053e-03 -1.129999999999999955e-04 9.999989999999999712e-01 -8.047840000000000549e-01 -5.935669999999999558e-01 1.039999999999999909e-03 5.935660000000000380e-01 -8.047849999999999726e-01 -9.079999999999999530e-04
2.000000000000000000e+01 5.800000000000000000e+01 3.100000000000000000e+01 0.000000000000000000e+00 1.600000000000000089e+00 -1.832999999999999994e-03 -1.466000000000000072e-03 9.999970000000000248e-01 -8.078689999999999483e-01 -5.893580000000000485e-01 -2.344999999999999862e-03 5.893589999999999662e-01 -8.078710000000000058e-01 -1.039999999999999936e-04
2.500000000000000000e+01 5.800000000000000000e+01 3.100000000000000000e+01 0.000000000000000000e+00 1.600000000000000089e+00 -5.519999999999999733e-03 -4.225999999999999722e-03 9.999759999999999760e-01 -8.110330000000000039e-01 -5.849590000000000067e-01 -6.949000000000000316e-03 5.849739999999999940e-01 -8.110519999999999952e-01 -1.979999999999999881e-04
2.800000000000000000e+01 5.800000000000000000e+01 3.100000000000000000e+01 0.000000000000000000e+00 1.600000000000000089e+00 -5.694000000000000276e-03 -2.308999999999999855e-03 9.999810000000000088e-01 -8.117269999999999763e-01 -5.840060000000000251e-01 -5.970999999999999745e-03 5.840090000000000003e-01 -8.117459999999999676e-01 1.451000000000000033e-03
6.000000000000000000e+00 4.600000000000000000e+01 3.500000000000000000e+01 0.000000000000000000e+00 1.600000000000000089e+00 5.770000000000000389e-04 -5.401000000000000419e-03 -9.999850000000000128e-01 3.912880000000000247e-01 -9.202529999999999877e-01 5.196000000000000098e-03 -9.202679999999999749e-01 -3.912860000000000227e-01 1.582999999999999989e-03
1.200000000000000000e+01 4.600000000000000000e+01 3.500000000000000000e+01 0.000000000000000000e+00 1.600000000000000089e+00 1.940000000000000101e-03 2.609000000000000208e-03 -9.999949999999999672e-01 3.913170000000000259e-01 -9.202540000000000164e-01 -1.642000000000000013e-03 -9.202540000000000164e-01 -3.913119999999999932e-01 -2.805999999999999901e-03
1.700000000000000000e+01 4.600000000000000000e+01 3.500000000000000000e+01 0.000000000000000000e+00 1.600000000000000089e+00 -6.660000000000000338e-04 -2.288000000000000103e-03 -9.999970000000000248e-01 3.907959999999999767e-01 -9.204750000000000432e-01 1.845999999999999985e-03 -9.204769999999999897e-01 -3.907939999999999747e-01 1.507000000000000093e-03
2.100000000000000000e+01 4.600000000000000000e+01 3.500000000000000000e+01 0.000000000000000000e+00 1.600000000000000089e+00 -5.370000000000000424e-04 -2.419000000000000143e-03 -9.999970000000000248e-01 3.912720000000000087e-01 -9.202730000000000077e-01 2.015999999999999997e-03 -9.202749999999999542e-01 -3.912700000000000067e-01 1.441000000000000007e-03
2.800000000000000000e+01 4.600000000000000000e+01 3.500000000000000000e+01 0.000000000000000000e+00 1.600000000000000089e+00 3.139999999999999888e-04 1.779999999999999898e-04 -1.000000000000000000e+00 3.914590000000000014e-01 -9.201949999999999852e-01 -4.000000000000000327e-05 -9.201949999999999852e-01 -3.914590000000000014e-01 -3.589999999999999984e-04
2.600000000000000000e+01 3.000000000000000000e+00 4.300000000000000000e+01 0.000000000000000000e+00 1.600000000000000089e+00 1.093999999999999920e-03 -8.219000000000000611e-03 -9.999660000000000215e-01 7.427089999999999526e-01 -6.695849999999999858e-01 6.316000000000000433e-03 -6.696140000000000425e-01 -7.426899999999999613e-01 5.372000000000000039e-03
4.000000000000000000e+00 2.900000000000000000e+01 4.400000000000000000e+01 0.000000000000000000e+00 1.600000000000000089e+00 1.693999999999999976e-03 6.319999999999999663e-04 -9.999980000000000535e-01 6.595509999999999984e-01 7.516580000000000483e-01 1.593000000000000015e-03 7.516580000000000483e-01 -6.595529999999999449e-01 8.570000000000000144e-04
8.000000000000000000e+00 2.900000000000000000e+01 4.400000000000000000e+01 0.000000000000000000e+00 1.600000000000000089e+00 1.835999999999999958e-03 -3.148999999999999889e-03 -9.999930000000000208e-01 6.607680000000000220e-01 7.505889999999999507e-01 -1.150999999999999896e-03 7.505880000000000329e-01 -6.607619999999999605e-01 3.458999999999999835e-03
1.400000000000000000e+01 2.900000000000000000e+01 4.400000000000000000e+01 0.000000000000000000e+00 1.600000000000000089e+00 2.889999999999999774e-04 -3.595999999999999804e-03 -9.999930000000000208e-01 6.637380000000000502e-01 7.479609999999999870e-01 -2.497999999999999787e-03 7.479649999999999910e-01 -6.637330000000000174e-01 2.602999999999999845e-03
2.200000000000000000e+01 2.900000000000000000e+01 4.400000000000000000e+01 0.000000000000000000e+00 1.600000000000000089e+00 3.924999999999999670e-03 6.719999999999999628e-04 -9.999919999999999920e-01 6.650610000000000133e-01 7.467819999999999458e-01 3.112000000000000183e-03 7.467789999999999706e-01 -6.650679999999999925e-01 2.484000000000000097e-03
2.300000000000000000e+01 5.000000000000000000e+00 5.100000000000000000e+01 0.000000000000000000e+00 1.600000000000000089e+00 1.253999999999999906e-03 -1.493899999999999915e-02 -9.998879999999999990e-01 4.828069999999999862e-01 -8.756199999999999539e-01 1.368800000000000051e-02 -8.757260000000000044e-01 -4.827699999999999769e-01 6.114999999999999776e-03
2.300000000000000000e+01 1.150000000000000000e+02 5.100000000000000000e+01 0.000000000000000000e+00 1.600000000000000089e+00 -2.301000000000000094e-03 3.363000000000000104e-03 9.999919999999999920e-01 8.457729999999999970e-01 -5.335290000000000310e-01 3.740999999999999968e-03 5.335370000000000390e-01 8.457750000000000545e-01 -1.616999999999999948e-03
5.000000000000000000e+00 7.000000000000000000e+00 5.200000000000000000e+01 0.000000000000000000e+00 1.600000000000000089e+00 -7.608000000000000179e-03 -3.710999999999999889e-03 -9.999639999999999640e-01 1.399259999999999948e-01 -9.901579999999999826e-01 2.609999999999999907e-03 -9.901330000000000409e-01 -1.399009999999999976e-01 8.052000000000000129e-03
5.000000000000000000e+00 6.300000000000000000e+01 5.400000000000000000e+01 0.000000000000000000e+00 1.600000000000000089e+00 1.106999999999999911e-03 3.712000000000000022e-03 9.999919999999999920e-01 -3.483470000000000177e-01 9.373599999999999710e-01 -3.093999999999999962e-03 -9.373650000000000038e-01 -3.483410000000000117e-01 2.331000000000000173e-03
1.100000000000000000e+01 6.300000000000000000e+01 5.400000000000000000e+01 0.000000000000000000e+00 1.600000000000000089e+00 -9.510000000000000224e-04 8.729999999999999696e-04 9.999989999999999712e-01 -3.489630000000000232e-01 9.371359999999999690e-01 -1.149999999999999981e-03 -9.371359999999999690e-01 -3.489639999999999964e-01 -5.860000000000000408e-04
1.600000000000000000e+01 6.300000000000000000e+01 5.400000000000000000e+01 0.000000000000000000e+00 1.600000000000000089e+00 1.918000000000000000e-03 7.870000000000000476e-04 9.999980000000000535e-01 -3.502419999999999978e-01 9.366590000000000193e-01 -6.499999999999999431e-05 -9.366569999999999618e-01 -3.502410000000000245e-01 2.073000000000000190e-03
2.100000000000000000e+01 6.300000000000000000e+01 5.400000000000000000e+01 0.000000000000000000e+00 1.600000000000000089e+00 -1.224000000000000045e-03 -3.504999999999999869e-03 9.999930000000000208e-01 -3.529900000000000260e-01 9.356229999999999825e-01 2.847000000000000138e-03 -9.356259999999999577e-01 -3.529840000000000200e-01 -2.382000000000000003e-03
2.600000000000000000e+01 6.300000000000000000e+01 5.400000000000000000e+01 0.000000000000000000e+00 1.600000000000000089e+00 -1.835000000000000043e-03 -2.217999999999999920e-03 9.999959999999999960e-01 -3.509829999999999894e-01 9.363810000000000189e-01 1.433000000000000029e-03 -9.363799999999999901e-01 -3.509789999999999854e-01 -2.497000000000000088e-03
6.000000000000000000e+00 2.500000000000000000e+01 5.500000000000000000e+01 0.000000000000000000e+00 1.600000000000000089e+00 8.980000000000000352e-04 -2.651000000000000145e-03 -9.999959999999999960e-01 -1.301500000000000053e-02 -9.999120000000000230e-01 2.639999999999999986e-03 -9.999149999999999983e-01 1.301199999999999926e-02 -9.319999999999999942e-04
1.200000000000000000e+01 2.500000000000000000e+01 5.500000000000000000e+01 0.000000000000000000e+00 1.600000000000000089e+00 1.665999999999999946e-03 -4.414999999999999654e-03 -9.999890000000000168e-01 -1.314199999999999917e-02 -9.999040000000000150e-01 4.393000000000000203e-03 -9.999120000000000230e-01 1.313399999999999984e-02 -1.724000000000000055e-03
1.500000000000000000e+01 2.500000000000000000e+01 5.500000000000000000e+01 0.000000000000000000e+00 1.600000000000000089e+00 2.895000000000000004e-03 -5.879999999999999810e-03 -9.999789999999999512e-01 -1.438299999999999995e-02 -9.998799999999999910e-01 5.838000000000000307e-03 -9.998920000000000030e-01 1.436600000000000030e-02 -2.978999999999999877e-03
2.800000000000000000e+01 2.500000000000000000e+01 5.500000000000000000e+01 0.000000000000000000e+00 1.600000000000000089e+00 -6.480000000000000300e-04 -5.024999999999999953e-03 -9.999869999999999592e-01 -1.486299999999999948e-02 -9.998770000000000158e-01 5.034000000000000280e-03 -9.998890000000000278e-01 1.486700000000000001e-02 5.739999999999999660e-04
2.500000000000000000e+01 5.800000000000000000e+01 5.900000000000000000e+01 0.000000000000000000e+00 1.600000000000000089e+00 -2.359999999999999902e-04 -4.699000000000000052e-03 -9.999890000000000168e-01 3.943400000000000238e-01 9.189540000000000486e-01 -4.410999999999999990e-03 9.189650000000000318e-01 -3.943360000000000198e-01 1.636000000000000084e-03
4.000000000000000000e+00 2.100000000000000000e+01 6.000000000000000000e+01 0.000000000000000000e+00 1.600000000000000089e+00 -1.134000000000000025e-03 1.889999999999999970e-03 9.999980000000000535e-01 -9.764599999999999669e-02 9.952189999999999648e-01 -1.991999999999999847e-03 -9.952210000000000223e-01 -9.764799999999999869e-02 -9.439999999999999607e-04
2.900000000000000000e+01 2.100000000000000000e+01 6.000000000000000000e+01 0.000000000000000000e+00 1.600000000000000089e+00 3.132999999999999934e-03 9.119999999999999635e-03 9.999540000000000095e-01 -9.493400000000000449e-02 9.954450000000000243e-01 -8.781000000000000610e-03 -9.954790000000000028e-01 -9.490200000000000025e-02 3.983999999999999694e-03
1.800000000000000000e+01 6.000000000000000000e+00 6.100000000000000000e+01 0.000000000000000000e+00 1.600000000000000089e+00 1.043000000000000090e-03 2.386999999999999799e-03 9.999970000000000248e-01 5.666010000000000213e-01 -8.239910000000000290e-01 1.374999999999999920e-03 8.239919999999999467e-01 5.665980000000000461e-01 -2.211999999999999991e-03
8.000000000000000000e+00 3.000000000000000000e+00 6.300000000000000000e+01 0.000000000000000000e+00 1.600000000000000089e+00 6.390000000000000280e-04 -1.340999999999999961e-03 9.999989999999999712e-01 -6.159170000000000478e-01 7.878100000000000103e-01 1.449999999999999900e-03 -7.878110000000000390e-01 -6.159170000000000478e-01 -3.220000000000000206e-04
3.000000000000000000e+00 2.700000000000000000e+01 6.300000000000000000e+01 0.000000000000000000e+00 1.600000000000000089e+00 1.869999999999999917e-03 4.302000000000000268e-03 9.999890000000000168e-01 -2.712149999999999839e-01 9.625120000000000342e-01 -3.634000000000000077e-03 -9.625169999999999559e-01 -2.712049999999999739e-01 2.967000000000000019e-03
6.000000000000000000e+00 2.700000000000000000e+01 6.300000000000000000e+01 0.000000000000000000e+00 1.600000000000000089e+00 2.010000000000000068e-03 3.714999999999999986e-03 9.999909999999999632e-01 -2.684659999999999824e-01 9.632840000000000291e-01 -3.039000000000000035e-03 -9.632870000000000044e-01 -2.684570000000000012e-01 2.932999999999999843e-03
9.000000000000000000e+00 2.700000000000000000e+01 6.300000000000000000e+01 0.000000000000000000e+00 1.600000000000000089e+00 1.778999999999999982e-03 7.689999999999999787e-03 9.999689999999999968e-01 -2.668079999999999896e-01 9.637250000000000538e-01 -6.936999999999999590e-03 -9.637480000000000491e-01 -2.667869999999999964e-01 3.765999999999999816e-03
1.400000000000000000e+01 2.700000000000000000e+01 6.300000000000000000e+01 0.000000000000000000e+00 1.600000000000000089e+00 1.910000000000000022e-03 1.113500000000000080e-02 9.999360000000000470e-01 -2.660460000000000047e-01 9.639060000000000406e-01 -1.022600000000000071e-02 -9.639579999999999815e-01 -2.660100000000000242e-01 4.804000000000000110e-03
1.900000000000000000e+01 2.700000000000000000e+01 6.300000000000000000e+01 0.000000000000000000e+00 1.600000000000000089e+00 -6.560000000000000076e-04 5.931999999999999773e-03 9.999820000000000375e-01 -2.663409999999999944e-01 9.638609999999999678e-01 -5.891999999999999668e-03 -9.638790000000000413e-01 -2.663400000000000212e-01 9.470000000000000336e-04
2.900000000000000000e+01 2.700000000000000000e+01 6.300000000000000000e+01 0.000000000000000000e+00 1.600000000000000089e+00 1.012000000000000096e-03 -1.057600000000000033e-02 9.999440000000000550e-01 -2.721830000000000083e-01 9.621889999999999610e-01 1.045199999999999949e-02 -9.622450000000000170e-01 -2.721790000000000043e-01 -1.905000000000000009e-03
1.000000000000000000e+01 2.600000000000000000e+01 6.400000000000000000e+01 0.000000000000000000e+00 1.600000000000000089e+00 1.301999999999999989e-03 7.933000000000000815e-03 9.999679999999999680e-01 -3.505829999999999780e-01 9.365059999999999496e-01 -6.973000000000000032e-03 -9.365310000000000024e-01 -3.505619999999999847e-01 4.000000000000000083e-03
1.400000000000000000e+01 2.600000000000000000e+01 6.400000000000000000e+01 0.000000000000000000e+00 1.600000000000000089e+00 2.203999999999999796e-03 1.049199999999999959e-02 9.999430000000000263e-01 -3.481029999999999958e-01 9.374120000000000230e-01 -9.069000000000000672e-03 -9.374540000000000095e-01 -3.480630000000000113e-01 5.717999999999999992e-03
1.900000000000000000e+01 2.600000000000000000e+01 6.400000000000000000e+01 0.000000000000000000e+00 1.600000000000000089e+00 -1.471000000000000085e-03 8.352999999999999314e-03 9.999639999999999640e-01 -3.444240000000000079e-01 9.387769999999999726e-01 -8.347999999999999518e-03 -9.388130000000000086e-01 -3.444240000000000079e-01 1.495999999999999934e-03
3.000000000000000000e+01 2.600000000000000000e+01 6.400000000000000000e+01 0.000000000000000000e+00 1.600000000000000089e+00 2.758000000000000035e-03 -1.076599999999999953e-02 9.999379999999999935e-01 -3.537290000000000156e-01 9.352829999999999755e-01 1.104600000000000026e-02 -9.353439999999999532e-01 -3.537379999999999969e-01 -1.229000000000000058e-03
6.000000000000000000e+00 5.400000000000000000e+01 6.500000000000000000e+01 0.000000000000000000e+00 1.600000000000000089e+00 -3.594559999999999977e-01 -2.925229999999999775e-01 8.861269999999999980e-01 2.875700000000000131e-02 -9.526179999999999648e-01 -3.028069999999999928e-01 9.327189999999999648e-01 -8.336399999999999366e-02 3.508359999999999812e-01
3.000000000000000000e+00 6.900000000000000000e+01 6.600000000000000000e+01 0.000000000000000000e+00 1.600000000000000089e+00 -3.853999999999999787e-03 -2.458999999999999814e-03 9.999900000000000455e-01 -9.497659999999999991e-01 3.129480000000000040e-01 -2.890999999999999907e-03 -3.129379999999999939e-01 -9.497670000000000279e-01 -3.542000000000000010e-03
8.000000000000000000e+00 2.500000000000000000e+01 7.300000000000000000e+01 0.000000000000000000e+00 1.600000000000000089e+00 -5.400000000000000069e-04 -3.537000000000000213e-03 9.999940000000000495e-01 7.513539999999999663e-01 -6.598969999999999558e-01 -1.928000000000000026e-03 6.598990000000000133e-01 7.513480000000000159e-01 3.014000000000000186e-03
1.500000000000000000e+01 2.500000000000000000e+01 7.300000000000000000e+01 0.000000000000000000e+00 1.600000000000000089e+00 -4.679999999999999915e-04 2.556000000000000112e-03 9.999970000000000248e-01 7.469630000000000436e-01 -6.648629999999999818e-01 2.049000000000000040e-03 6.648659999999999570e-01 7.469609999999999861e-01 -1.598000000000000028e-03
1.800000000000000000e+01 2.500000000000000000e+01 7.300000000000000000e+01 0.000000000000000000e+00 1.600000000000000089e+00 -1.791000000000000057e-03 2.160000000000000028e-03 9.999959999999999960e-01 7.466749999999999776e-01 -6.651829999999999687e-01 2.773999999999999990e-03 6.651860000000000550e-01 7.466770000000000351e-01 -4.209999999999999875e-04
2.400000000000000000e+01 2.500000000000000000e+01 7.300000000000000000e+01 0.000000000000000000e+00 1.600000000000000089e+00 1.136999999999999990e-03 1.466999999999999988e-03 9.999980000000000535e-01 7.548049999999999482e-01 -6.559490000000000043e-01 1.039999999999999936e-04 6.559479999999999755e-01 7.548040000000000305e-01 -1.853000000000000046e-03
1.800000000000000000e+01 4.400000000000000000e+01 7.300000000000000000e+01 0.000000000000000000e+00 1.600000000000000089e+00 -1.931999999999999907e-03 6.315000000000000301e-03 9.999780000000000335e-01 5.803599999999999731e-02 -9.982940000000000147e-01 6.415999999999999828e-03 9.983130000000000059e-01 5.804700000000000137e-02 1.562000000000000020e-03
2.200000000000000000e+01 4.400000000000000000e+01 7.300000000000000000e+01 0.000000000000000000e+00 1.600000000000000089e+00 -1.497999999999999983e-03 -3.970999999999999704e-03 9.999909999999999632e-01 5.639700000000000268e-02 -9.984009999999999829e-01 -3.880999999999999901e-03 9.984070000000000444e-01 5.639099999999999668e-02 1.719999999999999958e-03
2.900000000000000000e+01 4.400000000000000000e+01 7.300000000000000000e+01 0.000000000000000000e+00 1.600000000000000089e+00 -1.203999999999999992e-03 -1.669999999999999957e-02 9.998599999999999710e-01 5.408400000000000013e-02 -9.983980000000000077e-01 -1.661100000000000076e-02 9.985359999999999792e-01 5.405700000000000088e-02 2.105000000000000100e-03
2.500000000000000000e+01 5.100000000000000000e+01 7.600000000000000000e+01 0.000000000000000000e+00 1.600000000000000089e+00 -1.230000000000000082e-04 -3.840000000000000097e-03 -9.999930000000000208e-01 -3.918880000000000141e-01 -9.200059999999999905e-01 3.580999999999999982e-03 -9.200129999999999697e-01 3.918860000000000121e-01 -1.391000000000000092e-03
5.000000000000000000e+00 5.900000000000000000e+01 7.600000000000000000e+01 0.000000000000000000e+00 1.600000000000000089e+00 -3.972310000000000008e-01 -8.728080000000000283e-01 -2.835730000000000195e-01 2.666740000000000221e-01 1.858849999999999947e-01 -9.456909999999999483e-01 8.781189999999999829e-01 -4.512789999999999857e-01 1.589160000000000017e-01
8.000000000000000000e+00 9.100000000000000000e+01 7.600000000000000000e+01 0.000000000000000000e+00 1.600000000000000089e+00 8.030000000000000028e-04 1.629000000000000023e-03 9.999980000000000535e-01 3.799600000000000199e-01 -9.250019999999999909e-01 1.201999999999999943e-03 9.250019999999999909e-01 3.799589999999999912e-01 -1.361999999999999929e-03
1.500000000000000000e+01 9.100000000000000000e+01 7.600000000000000000e+01 0.000000000000000000e+00 1.600000000000000089e+00 -3.009999999999999980e-04 3.640000000000000115e-04 1.000000000000000000e+00 3.817400000000000237e-01 -9.242700000000000360e-01 4.510000000000000120e-04 9.242700000000000360e-01 3.817400000000000237e-01 1.389999999999999905e-04
1.900000000000000000e+01 9.100000000000000000e+01 7.600000000000000000e+01 0.000000000000000000e+00 1.600000000000000089e+00 -3.119999999999999944e-04 -2.590000000000000071e-04 1.000000000000000000e+00 3.772240000000000038e-01 -9.261220000000000008e-01 -1.219999999999999974e-04 9.261220000000000008e-01 3.772229999999999750e-01 3.860000000000000041e-04
2.200000000000000000e+01 9.100000000000000000e+01 7.600000000000000000e+01 0.000000000000000000e+00 1.600000000000000089e+00 -1.296999999999999976e-03 -1.146000000000000100e-03 9.999989999999999712e-01 3.738130000000000064e-01 -9.275039999999999951e-01 -5.779999999999999548e-04 9.275029999999999664e-01 3.738119999999999776e-01 1.631999999999999987e-03
2.900000000000000000e+01 9.100000000000000000e+01 7.600000000000000000e+01 0.000000000000000000e+00 1.600000000000000089e+00 7.349999999999999763e-04 2.864999999999999925e-03 9.999959999999999960e-01 3.928969999999999962e-01 -9.195790000000000353e-01 2.345999999999999995e-03 9.195820000000000105e-01 3.928940000000000210e-01 -1.801999999999999999e-03
3.000000000000000000e+00 7.700000000000000000e+01 7.900000000000000000e+01 0.000000000000000000e+00 1.600000000000000089e+00 -3.026329999999999854e-01 1.574100000000000152e-02 9.529769999999999630e-01 2.082299999999999984e-01 -9.746169999999999556e-01 8.222599999999999354e-02 9.300829999999999931e-01 2.233229999999999937e-01 2.916730000000000156e-01
2.300000000000000000e+01 6.300000000000000000e+01 8.100000000000000000e+01 0.000000000000000000e+00 1.600000000000000089e+00 -5.707000000000000267e-03 -2.566999999999999837e-03 9.999799999999999800e-01 1.397900000000000011e-02 -9.998989999999999823e-01 -2.487000000000000061e-03 9.998860000000000525e-01 1.396499999999999998e-02 5.741999999999999708e-03
2.100000000000000000e+01 4.400000000000000000e+01 8.300000000000000000e+01 0.000000000000000000e+00 1.600000000000000089e+00 -9.591000000000000567e-03 1.046440000000000009e-01 9.944629999999999859e-01 4.703649999999999776e-01 -8.771430000000000060e-01 9.683600000000000541e-02 8.824199999999999822e-01 4.686899999999999955e-01 -4.080799999999999705e-02
1.000000000000000000e+01 7.700000000000000000e+01 8.400000000000000000e+01 0.000000000000000000e+00 1.600000000000000089e+00 -3.486500000000000016e-02 -8.105500000000000205e-02 -9.960999999999999854e-01 9.829890000000000017e-01 -1.826200000000000045e-01 -1.954600000000000087e-02 -1.803240000000000121e-01 -9.798369999999999580e-01 8.604299999999999449e-02
2.000000000000000000e+01 7.700000000000000000e+01 8.400000000000000000e+01 0.000000000000000000e+00 1.600000000000000089e+00 1.226000000000000093e-03 -1.477999999999999930e-03 -9.999980000000000535e-01 9.818519999999999470e-01 -1.896440000000000070e-01 1.484000000000000076e-03 -1.896460000000000090e-01 -9.818519999999999470e-01 1.217999999999999899e-03
2.500000000000000000e+01 7.700000000000000000e+01 8.400000000000000000e+01 0.000000000000000000e+00 1.600000000000000089e+00 1.941999999999999933e-03 -3.286999999999999991e-03 -9.999930000000000208e-01 9.847949999999999759e-01 -1.737039999999999973e-01 2.482999999999999964e-03 -1.737110000000000043e-01 -9.847920000000000007e-01 2.899000000000000101e-03
3.000000000000000000e+01 7.700000000000000000e+01 8.400000000000000000e+01 0.000000000000000000e+00 1.600000000000000089e+00 8.512999999999999734e-03 2.589400000000000035e-02 -9.996279999999999610e-01 9.842349999999999710e-01 -1.768270000000000119e-01 3.801999999999999824e-03 -1.766629999999999867e-01 -9.839010000000000256e-01 -2.699100000000000110e-02
3.000000000000000000e+00 1.500000000000000000e+01 8.600000000000000000e+01 0.000000000000000000e+00 1.600000000000000089e+00 -4.319999999999999838e-04 2.501999999999999884e-03 -9.999970000000000248e-01 1.792920000000000069e-01 9.837930000000000286e-01 2.383999999999999835e-03 9.837960000000000038e-01 -1.792900000000000049e-01 -8.729999999999999696e-04
