4.000000000000000000e+00 1.500000000000000000e+01 4.000000000000000000e+00 0.000000000000000000e+00 1.600000000000000089e+00 9.799999999999999684e-04 1.000999999999999980e-02 9.999489999999999768e-01 2.950470000000000037e-01 -9.554380000000000095e-01 9.275000000000000258e-03 9.554820000000000535e-01 2.950229999999999797e-01 -3.889999999999999795e-03
1.300000000000000000e+01 1.500000000000000000e+01 4.000000000000000000e+00 0.000000000000000000e+00 1.600000000000000089e+00 1.814000000000000074e-03 5.664999999999999897e-03 9.999820000000000375e-01 2.910340000000000149e-01 -9.566999999999999948e-01 4.891999999999999647e-03 9.567109999999999781e-01 2.910200000000000009e-01 -3.383999999999999855e-03
1.800000000000000000e+01 1.500000000000000000e+01 4.000000000000000000e+00 0.000000000000000000e+00 1.600000000000000089e+00 -1.814000000000000074e-03 -1.492399999999999977e-02 9.998869999999999703e-01 2.867169999999999996e-01 -9.579159999999999897e-01 -1.377699999999999932e-02 9.580140000000000322e-01 2.866589999999999971e-01 6.015999999999999646e-03
2.700000000000000000e+01 1.500000000000000000e+01 4.000000000000000000e+00 0.000000000000000000e+00 1.600000000000000089e+00 -2.997999999999999797e-03 -3.873000000000000140e-03 9.999879999999999880e-01 2.882129999999999970e-01 -9.575620000000000243e-01 -2.844000000000000174e-03 9.575620000000000243e-01 2.882009999999999850e-01 3.987000000000000093e-03
1.000000000000000000e+00 1.600000000000000000e+01 4.000000000000000000e+00 0.000000000000000000e+00 1.600000000000000089e+00 1.577999999999999976e-03 1.316999999999999942e-02 9.999120000000000230e-01 3.563620000000000121e-01 -9.342740000000000489e-01 1.174299999999999997e-02 9.343470000000000386e-01 3.563120000000000176e-01 -6.167999999999999872e-03
8.000000000000000000e+00 1.600000000000000000e+01 4.000000000000000000e+00 0.000000000000000000e+00 1.600000000000000089e+00 -9.749999999999999552e-04 1.166099999999999949e-02 9.999320000000000430e-01 3.547339999999999938e-01 -9.348999999999999533e-01 1.124900000000000032e-02 9.349669999999999925e-01 3.547210000000000085e-01 -3.225000000000000002e-03
1.200000000000000000e+01 1.010000000000000000e+02 7.000000000000000000e+00 0.000000000000000000e+00 1.600000000000000089e+00 2.122000000000000188e-03 7.687000000000000256e-03 9.999679999999999680e-01 8.853750000000000231e-01 4.648459999999999814e-01 -5.453000000000000382e-03 -4.648729999999999807e-01 8.853579999999999783e-01 -5.819999999999999653e-03
1.500000000000000000e+01 1.010000000000000000e+02 7.000000000000000000e+00 0.000000000000000000e+00 1.600000000000000089e+00 3.220000000000000206e-04 -1.170299999999999986e-02 9.999310000000000143e-01 8.845129999999999937e-01 4.664869999999999850e-01 5.174999999999999913e-03 -4.665159999999999862e-01 8.844509999999999872e-01 1.050199999999999918e-02
1.000000000000000000e+00 1.500000000000000000e+01 8.000000000000000000e+00 0.000000000000000000e+00 1.600000000000000089e+00 1.436999999999999909e-03 1.134699999999999945e-02 -9.999350000000000183e-01 -5.851450000000000262e-01 -8.108659999999999757e-01 -1.004299999999999984e-02 -8.109269999999999534e-01 5.851220000000000310e-01 5.474999999999999832e-03
5.000000000000000000e+00 1.500000000000000000e+01 8.000000000000000000e+00 0.000000000000000000e+00 1.600000000000000089e+00 1.347000000000000107e-03 8.590000000000000413e-03 -9.999620000000000175e-01 -5.849280000000000035e-01 -8.110479999999999912e-01 -7.754999999999999741e-03 -8.110840000000000272e-01 5.849159999999999915e-01 3.931999999999999731e-03
9.000000000000000000e+00 1.500000000000000000e+01 8.000000000000000000e+00 0.000000000000000000e+00 1.600000000000000089e+00 2.246000000000000166e-03 1.135399999999999951e-02 -9.999329999999999607e-01 -5.828149999999999720e-01 -8.125369999999999537e-01 -1.053499999999999923e-02 -8.126020000000000465e-01 5.827989999999999560e-01 4.792000000000000252e-03
1.300000000000000000e+01 1.500000000000000000e+01 8.000000000000000000e+00 0.000000000000000000e+00 1.600000000000000089e+00 3.480000000000000020e-04 6.308000000000000239e-03 -9.999799999999999800e-01 -5.808670000000000222e-01 -8.139809999999999546e-01 -5.336999999999999730e-03 -8.139990000000000281e-01 5.808569999999999567e-01 3.380000000000000192e-03
2.000000000000000000e+01 1.500000000000000000e+01 8.000000000000000000e+00 0.000000000000000000e+00 1.600000000000000089e+00 -9.280000000000000054e-04 -1.332400000000000077e-02 -9.999109999999999943e-01 -5.816500000000000004e-01 -8.133590000000000542e-01 1.137799999999999923e-02 -8.134379999999999944e-01 5.816090000000000426e-01 -6.995000000000000349e-03
2.500000000000000000e+01 1.500000000000000000e+01 8.000000000000000000e+00 0.000000000000000000e+00 1.600000000000000089e+00 -4.850000000000000253e-04 -7.506999999999999784e-03 -9.999719999999999720e-01 -5.828830000000000400e-01 -8.125310000000000032e-01 6.382999999999999785e-03 -8.125559999999999450e-01 5.828689999999999705e-01 -3.982000000000000296e-03
2.800000000000000000e+01 1.500000000000000000e+01 8.000000000000000000e+00 0.000000000000000000e+00 1.600000000000000089e+00 -5.259999999999999919e-04 -6.126000000000000369e-03 -9.999810000000000088e-01 -5.826970000000000205e-01 -8.126719999999999500e-01 5.284999999999999767e-03 -8.126889999999999947e-01 5.826890000000000125e-01 -3.141999999999999828e-03
1.300000000000000000e+01 2.600000000000000000e+01 8.000000000000000000e+00 0.000000000000000000e+00 1.600000000000000089e+00 -2.912999999999999791e-03 -9.806999999999999745e-03 -9.999479999999999480e-01 4.075880000000000059e-01 9.131099999999999772e-01 -1.014299999999999924e-02 9.131610000000000005e-01 -4.075960000000000139e-01 1.337999999999999997e-03
1.700000000000000000e+01 2.600000000000000000e+01 8.000000000000000000e+00 0.000000000000000000e+00 1.600000000000000089e+00 -5.749999999999999903e-04 -4.385000000000000009e-03 -9.999900000000000455e-01 4.081219999999999848e-01 9.129180000000000073e-01 -4.237999999999999580e-03 9.129270000000000440e-01 -4.081199999999999828e-01 1.265000000000000065e-03
2.100000000000000000e+01 2.600000000000000000e+01 8.000000000000000000e+00 0.000000000000000000e+00 1.600000000000000089e+00 2.817000000000000060e-03 4.059000000000000108e-03 -9.999879999999999880e-01 4.086949999999999750e-01 9.126579999999999693e-01 4.854999999999999941e-03 9.126670000000000060e-01 -4.087029999999999830e-01 9.120000000000000502e-04
2.600000000000000000e+01 2.600000000000000000e+01 8.000000000000000000e+00 0.000000000000000000e+00 1.600000000000000089e+00 1.793000000000000106e-03 2.768000000000000061e-03 -9.999949999999999672e-01 4.082970000000000210e-01 9.128429999999999600e-01 3.259000000000000178e-03 9.128469999999999640e-01 -4.083010000000000250e-01 5.060000000000000478e-04
2.000000000000000000e+00 2.400000000000000000e+01 9.000000000000000000e+00 0.000000000000000000e+00 1.600000000000000089e+00 -1.026000000000000002e-03 -1.600999999999999993e-03 -9.999980000000000535e-01 4.620480000000000143e-01 8.868530000000000024e-01 -1.894000000000000067e-03 8.868540000000000312e-01 -4.620489999999999875e-01 -1.700000000000000122e-04
7.000000000000000000e+00 2.400000000000000000e+01 9.000000000000000000e+00 0.000000000000000000e+00 1.600000000000000089e+00 -7.439999999999999782e-04 -3.883000000000000167e-03 -9.999919999999999920e-01 4.605389999999999762e-01 8.876309999999999478e-01 -3.788999999999999833e-03 8.876389999999999558e-01 -4.605380000000000029e-01 1.128000000000000096e-03
1.300000000000000000e+01 2.400000000000000000e+01 9.000000000000000000e+00 0.000000000000000000e+00 1.600000000000000089e+00 -3.181999999999999933e-03 -1.197999999999999933e-02 -9.999230000000000063e-01 4.620770000000000155e-01 8.867570000000000174e-01 -1.209499999999999985e-02 8.868340000000000112e-01 -4.620799999999999907e-01 2.713999999999999833e-03
2.000000000000000000e+01 2.400000000000000000e+01 9.000000000000000000e+00 0.000000000000000000e+00 1.600000000000000089e+00 1.925999999999999978e-03 1.200000000000000030e-05 -9.999980000000000535e-01 4.638599999999999945e-01 8.859080000000000288e-01 9.039999999999999642e-04 8.859059999999999713e-01 -4.638610000000000233e-01 1.701000000000000038e-03
2.500000000000000000e+01 2.400000000000000000e+01 9.000000000000000000e+00 0.000000000000000000e+00 1.600000000000000089e+00 2.024000000000000191e-03 4.194999999999999944e-03 -9.999890000000000168e-01 4.632069999999999799e-01 8.862379999999999702e-01 4.655000000000000283e-03 8.862480000000000357e-01 -4.632120000000000126e-01 -1.489999999999999897e-04
3.000000000000000000e+01 2.400000000000000000e+01 9.000000000000000000e+00 0.000000000000000000e+00 1.600000000000000089e+00 9.190000000000000035e-04 5.405000000000000082e-03 -9.999850000000000128e-01 4.622049999999999770e-01 8.867580000000000462e-01 5.218000000000000416e-03 8.867730000000000334e-01 -4.622029999999999750e-01 -1.683000000000000034e-03
4.000000000000000000e+00 1.020000000000000000e+02 9.000000000000000000e+00 0.000000000000000000e+00 1.600000000000000089e+00 -8.739999999999999939e-04 1.201100000000000084e-02 9.999280000000000390e-01 9.219119999999999537e-01 3.873809999999999754e-01 -3.847999999999999858e-03 -3.873989999999999934e-01 9.218410000000000215e-01 -1.141099999999999927e-02
8.000000000000000000e+00 3.500000000000000000e+01 1.200000000000000000e+01 0.000000000000000000e+00 1.600000000000000089e+00 -1.814999999999999990e-03 1.580999999999999940e-03 -9.999970000000000248e-01 4.409930000000000239e-01 -8.975079999999999725e-01 -2.220000000000000185e-03 -8.975090000000000012e-01 -4.409959999999999991e-01 9.319999999999999942e-04
1.500000000000000000e+01 3.500000000000000000e+01 1.200000000000000000e+01 0.000000000000000000e+00 1.600000000000000089e+00 5.670000000000000127e-04 -6.409999999999999682e-04 -1.000000000000000000e+00 4.532089999999999730e-01 -8.914039999999999742e-01 8.279999999999999600e-04 -8.914039999999999742e-01 -4.532089999999999730e-01 -2.139999999999999975e-04
1.900000000000000000e+01 3.500000000000000000e+01 1.200000000000000000e+01 0.000000000000000000e+00 1.600000000000000089e+00 -3.007999999999999823e-03 -3.644000000000000104e-03 -9.999890000000000168e-01 4.608329999999999926e-01 -8.874849999999999683e-01 1.848000000000000033e-03 -8.874819999999999931e-01 -4.608229999999999826e-01 4.348999999999999568e-03
2.200000000000000000e+01 3.500000000000000000e+01 1.200000000000000000e+01 0.000000000000000000e+00 1.600000000000000089e+00 -1.296000000000000060e-03 2.801999999999999803e-03 -9.999949999999999672e-01 4.706350000000000255e-01 -8.823229999999999684e-01 -3.082000000000000104e-03 -8.823269999999999724e-01 -4.706370000000000275e-01 -1.749999999999999982e-04
7.000000000000000000e+00 1.200000000000000000e+01 1.500000000000000000e+01 0.000000000000000000e+00 1.600000000000000089e+00 1.884999999999999957e-03 2.703999999999999806e-03 -9.999949999999999672e-01 -4.701210000000000111e-01 -8.825960000000000472e-01 -3.272999999999999868e-03 -8.826000000000000512e-01 4.701239999999999863e-01 -3.930000000000000117e-04
1.200000000000000000e+01 1.200000000000000000e+01 1.500000000000000000e+01 0.000000000000000000e+00 1.600000000000000089e+00 2.910000000000000260e-04 8.925999999999999907e-03 -9.999599999999999600e-01 -4.708209999999999895e-01 -8.821919999999999762e-01 -8.012000000000000025e-03 -8.822290000000000409e-01 4.708040000000000003e-01 3.945999999999999855e-03
1.700000000000000000e+01 1.200000000000000000e+01 1.500000000000000000e+01 0.000000000000000000e+00 1.600000000000000089e+00 -2.590000000000000071e-04 3.863999999999999813e-03 -9.999919999999999920e-01 -4.712589999999999835e-01 -8.819890000000000230e-01 -3.285999999999999859e-03 -8.819949999999999735e-01 4.712540000000000062e-01 2.050000000000000173e-03
2.300000000000000000e+01 1.200000000000000000e+01 1.500000000000000000e+01 0.000000000000000000e+00 1.600000000000000089e+00 -1.172999999999999998e-03 -2.001999999999999873e-03 -9.999970000000000248e-01 -4.704749999999999766e-01 -8.824100000000000277e-01 2.318999999999999881e-03 -8.824119999999999742e-01 4.704769999999999786e-01 9.299999999999999727e-05
2.800000000000000000e+01 1.200000000000000000e+01 1.500000000000000000e+01 0.000000000000000000e+00 1.600000000000000089e+00 2.489999999999999809e-04 1.683000000000000034e-03 -9.999989999999999712e-01 -4.694590000000000152e-01 -8.829529999999999879e-01 -1.603000000000000041e-03 -8.829540000000000166e-01 4.694590000000000152e-01 5.699999999999999772e-04
2.000000000000000000e+00 1.160000000000000000e+02 1.600000000000000000e+01 0.000000000000000000e+00 1.600000000000000089e+00 -3.249999999999999851e-03 -6.299999999999999990e-05 9.999949999999999672e-01 6.800159999999999538e-01 7.331940000000000124e-01 2.256000000000000193e-03 -7.331900000000000084e-01 6.800199999999999578e-01 -2.340000000000000066e-03
1.600000000000000000e+01 1.160000000000000000e+02 1.600000000000000000e+01 0.000000000000000000e+00 1.600000000000000089e+00 -5.180000000000000143e-04 1.956999999999999972e-03 9.999980000000000535e-01 6.585180000000000478e-01 7.525640000000000107e-01 -1.131999999999999977e-03 -7.525650000000000395e-01 6.585159999999999902e-01 -1.678000000000000021e-03
2.200000000000000000e+01 1.160000000000000000e+02 1.600000000000000000e+01 0.000000000000000000e+00 1.600000000000000089e+00 -6.430000000000000169e-04 -2.452000000000000186e-03 9.999970000000000248e-01 6.610690000000000177e-01 7.503220000000000445e-01 2.265000000000000086e-03 -7.503250000000000197e-01 6.610679999999999890e-01 1.137999999999999906e-03
4.000000000000000000e+00 2.000000000000000000e+00 1.900000000000000000e+01 0.000000000000000000e+00 1.600000000000000089e+00 -5.727999999999999585e-03 1.036800000000000048e-02 -9.999299999999999855e-01 2.089550000000000018e-01 -9.778599999999999515e-01 -1.133600000000000059e-02 -9.779090000000000282e-01 -2.090049999999999963e-01 3.435000000000000119e-03
7.000000000000000000e+00 2.000000000000000000e+00 1.900000000000000000e+01 0.000000000000000000e+00 1.600000000000000089e+00 -1.304999999999999953e-03 5.806999999999999662e-03 -9.999820000000000375e-01 2.076220000000000010e-01 -9.781910000000000327e-01 -5.950999999999999693e-03 -9.782079999999999664e-01 -2.076260000000000050e-01 7.100000000000000462e-05
1.400000000000000000e+01 2.000000000000000000e+00 1.900000000000000000e+01 0.000000000000000000e+00 1.600000000000000089e+00 5.368999999999999641e-03 -5.518000000000000335e-03 -9.999700000000000255e-01 1.966809999999999947e-01 -9.804460000000000397e-01 6.466000000000000393e-03 -9.804530000000000189e-01 -1.967089999999999950e-01 -4.179000000000000423e-03
1.700000000000000000e+01 2.000000000000000000e+00 1.900000000000000000e+01 0.000000000000000000e+00 1.600000000000000089e+00 5.186999999999999771e-03 -6.442999999999999942e-03 -9.999660000000000215e-01 1.979650000000000021e-01 -9.801819999999999977e-01 7.341999999999999568e-03 -9.801950000000000385e-01 -1.979960000000000053e-01 -3.808999999999999886e-03
2.200000000000000000e+01 2.000000000000000000e+00 1.900000000000000000e+01 0.000000000000000000e+00 1.600000000000000089e+00 4.098000000000000080e-03 -1.541999999999999968e-02 -9.998730000000000118e-01 2.034630000000000050e-01 -9.789529999999999621e-01 1.593100000000000072e-02 -9.790739999999999998e-01 -2.035019999999999885e-01 -8.750000000000000182e-04
9.000000000000000000e+00 1.300000000000000000e+01 2.000000000000000000e+01 0.000000000000000000e+00 1.600000000000000089e+00 3.440000000000000132e-04 1.670999999999999959e-03 9.999980000000000535e-01 2.473309999999999953e-01 9.689299999999999580e-01 -1.704000000000000003e-03 -9.689309999999999867e-01 2.473309999999999953e-01 -8.000000000000000654e-05
1.900000000000000000e+01 1.300000000000000000e+01 2.000000000000000000e+01 0.000000000000000000e+00 1.600000000000000089e+00 -3.000000000000000076e-06 -1.389999999999999905e-04 1.000000000000000000e+00 2.558960000000000123e-01 9.667040000000000077e-01 1.350000000000000017e-04 -9.667040000000000077e-01 2.558960000000000123e-01 3.300000000000000253e-05
2.500000000000000000e+01 1.300000000000000000e+01 2.000000000000000000e+01 0.000000000000000000e+00 1.600000000000000089e+00 -1.028000000000000051e-03 -1.905000000000000009e-03 9.999980000000000535e-01 2.567229999999999790e-01 9.664829999999999810e-01 2.105000000000000100e-03 -9.664840000000000098e-01 2.567249999999999810e-01 -5.039999999999999992e-04
1.600000000000000000e+01 1.600000000000000000e+01 2.100000000000000000e+01 0.000000000000000000e+00 1.600000000000000089e+00 8.549999999999999658e-04 7.376999999999999877e-03 9.999719999999999720e-01 3.008480000000000043e-01 9.536440000000000472e-01 -7.291999999999999871e-03 -9.536719999999999642e-01 3.008460000000000023e-01 -1.404000000000000083e-03
8.000000000000000000e+00 4.600000000000000000e+01 2.700000000000000000e+01 0.000000000000000000e+00 1.600000000000000089e+00 -3.970000000000000005e-04 8.739999999999999939e-04 -1.000000000000000000e+00 6.575250000000000261e-01 7.534330000000000194e-01 3.970000000000000005e-04 7.534330000000000194e-01 -6.575239999999999974e-01 -8.739999999999999939e-04
1.400000000000000000e+01 4.600000000000000000e+01 2.700000000000000000e+01 0.000000000000000000e+00 1.600000000000000089e+00 -1.242999999999999964e-03 6.620000000000000450e-04 -9.999989999999999712e-01 6.565950000000000397e-01 7.542429999999999968e-01 -3.170000000000000075e-04 7.542419999999999680e-01 -6.565950000000000397e-01 -1.371999999999999956e-03
2.800000000000000000e+01 4.600000000000000000e+01 2.700000000000000000e+01 0.000000000000000000e+00 1.600000000000000089e+00 2.213999999999999822e-03 -1.900000000000000105e-04 -9.999970000000000248e-01 6.575400000000000134e-01 7.534180000000000321e-01 1.312999999999999931e-03 7.534159999999999746e-01 -6.575410000000000421e-01 1.793000000000000106e-03
1.900000000000000000e+01 4.600000000000000000e+01 3.000000000000000000e+01 0.000000000000000000e+00 1.600000000000000089e+00 3.499999999999999693e-05 -1.920000000000000049e-04 -1.000000000000000000e+00 3.298309999999999853e-01 9.440399999999999903e-01 -1.700000000000000122e-04 9.440399999999999903e-01 -3.298309999999999853e-01 9.699999999999999963e-05
5.000000000000000000e+00 5.800000000000000000e+01 3.100000000000000000e+01 0.000000000000000000e+00 1.600000000000000089e+00 -8.547000000000000777e-03 -3.667999999999999820e-03 9.999569999999999848e-01 -7.599979999999999514e-01 -6.498639999999999972e-01 -8.880000000000000740e-03 6.498690000000000300e-01 -7.600409999999999666e-01 2.766999999999999928e-03
1.000000000000000000e+01 5.800000000000000000e+01 3.100000000000000000e+01 0.000000000000000000e+00 1.600000000000000089e+00 -2.390000000000000089e-04 1.216999999999999983e-03 9.999989999999999712e-01 -7.640449999999999742e-01 -6.451630000000000420e-01 6.030000000000000204e-04 6.451630000000000420e-01 -7.640439999999999454e-01 1.083999999999999894e-03
1.600000000000000000e+01 5.800000000000000000e+01 3.100000000000000000e+01 0.000000000000000000e+00 1.600000000000000089e+00 2.579999999999999828e-03 -2.967000000000000019e-03 9.999919999999999920e-01 -7.655300000000000438e-01 -6.434010000000000007e-01 6.600000000000000506e-05 6.433959999999999679e-01 -7.655239999999999823e-01 -3.930999999999999599e-03
2.300000000000000000e+01 5.800000000000000000e+01 3.100000000000000000e+01 0.000000000000000000e+00 1.600000000000000089e+00 -2.213999999999999822e-03 -5.336999999999999730e-03 9.999829999999999552e-01 -7.678719999999999990e-01 -6.405819999999999848e-01 -5.119000000000000286e-03 6.405990000000000295e-01 -7.678709999999999702e-01 -2.680000000000000090e-03
2.000000000000000000e+00 4.600000000000000000e+01 3.500000000000000000e+01 0.000000000000000000e+00 1.600000000000000089e+00 1.722000000000000006e-03 -2.056999999999999801e-03 -9.999959999999999960e-01 3.850830000000000086e-01 -9.228779999999999761e-01 2.560999999999999908e-03 -9.228800000000000336e-01 -3.850859999999999839e-01 -7.969999999999999654e-04
1.000000000000000000e+01 4.600000000000000000e+01 3.500000000000000000e+01 0.000000000000000000e+00 1.600000000000000089e+00 5.240000000000000517e-04 -1.874999999999999931e-03 -9.999980000000000535e-01 3.866080000000000072e-01 -9.222420000000000062e-01 1.931999999999999907e-03 -9.222439999999999527e-01 -3.866080000000000072e-01 2.420000000000000005e-04
1.200000000000000000e+01 4.600000000000000000e+01 3.500000000000000000e+01 0.000000000000000000e+00 1.600000000000000089e+00 3.229999999999999907e-04 1.965999999999999866e-03 -9.999980000000000535e-01 3.863929999999999865e-01 -9.223329999999999584e-01 -1.688000000000000047e-03 -9.223339999999999872e-01 -3.863920000000000132e-01 -1.057999999999999913e-03
1.600000000000000000e+01 4.600000000000000000e+01 3.500000000000000000e+01 0.000000000000000000e+00 1.600000000000000089e+00 3.249999999999999851e-04 -6.199999999999999999e-04 -1.000000000000000000e+00 3.860129999999999950e-01 -9.224930000000000074e-01 6.980000000000000527e-04 -9.224930000000000074e-01 -3.860129999999999950e-01 -6.099999999999999872e-05
2.200000000000000000e+01 4.600000000000000000e+01 3.500000000000000000e+01 0.000000000000000000e+00 1.600000000000000089e+00 -2.680000000000000090e-04 4.679999999999999915e-04 -1.000000000000000000e+00 3.855859999999999843e-01 -9.226720000000000477e-01 -5.349999999999999938e-04 -9.226720000000000477e-01 -3.855859999999999843e-01 6.700000000000000226e-05
2.700000000000000000e+01 4.600000000000000000e+01 3.500000000000000000e+01 0.000000000000000000e+00 1.600000000000000089e+00 -6.419999999999999925e-04 -2.269999999999999882e-03 -9.999970000000000248e-01 3.849989999999999801e-01 -9.229150000000000409e-01 1.848000000000000033e-03 -9.229169999999999874e-01 -3.849969999999999781e-01 1.466999999999999988e-03
3.000000000000000000e+00 9.500000000000000000e+01 3.600000000000000000e+01 0.000000000000000000e+00 1.600000000000000089e+00 -1.595999999999999979e-03 -2.909300000000000080e-02 9.995749999999999913e-01 9.976519999999999833e-01 6.839499999999999746e-02 3.582999999999999814e-03 -6.847000000000000308e-02 9.972339999999999538e-01 2.891600000000000073e-02
1.300000000000000000e+01 9.500000000000000000e+01 3.600000000000000000e+01 0.000000000000000000e+00 1.600000000000000089e+00 -5.010000000000000347e-04 3.380000000000000192e-03 9.999940000000000495e-01 9.976890000000000480e-01 6.794200000000000239e-02 2.700000000000000035e-04 -6.794000000000000039e-02 9.976840000000000153e-01 -3.406000000000000173e-03
1.600000000000000000e+01 9.500000000000000000e+01 3.600000000000000000e+01 0.000000000000000000e+00 1.600000000000000089e+00 4.281000000000000083e-03 7.849999999999999339e-03 9.999599999999999600e-01 9.974229999999999485e-01 7.157600000000000073e-02 -4.832000000000000357e-03 -7.161099999999999410e-02 9.974039999999999573e-01 -7.523000000000000173e-03
9.000000000000000000e+00 3.000000000000000000e+00 4.300000000000000000e+01 0.000000000000000000e+00 1.600000000000000089e+00 6.930000000000000396e-04 3.180999999999999800e-03 -9.999949999999999672e-01 7.362520000000000175e-01 -6.767050000000000010e-01 -1.642000000000000013e-03 -6.767069999999999474e-01 -7.362469999999999848e-01 -2.811000000000000131e-03
1.400000000000000000e+01 3.000000000000000000e+00 4.300000000000000000e+01 0.000000000000000000e+00 1.600000000000000089e+00 -1.281999999999999936e-03 -6.152999999999999615e-03 -9.999799999999999800e-01 7.393729999999999469e-01 -6.732879999999999976e-01 3.194999999999999923e-03 -6.732949999999999768e-01 -7.393539999999999557e-01 5.412000000000000144e-03
2.400000000000000000e+01 3.000000000000000000e+00 4.300000000000000000e+01 0.000000000000000000e+00 1.600000000000000089e+00 -2.549000000000000050e-03 -2.521999999999999936e-02 -9.996789999999999843e-01 7.357409999999999783e-01 -6.770929999999999449e-01 1.520600000000000077e-02 -6.772590000000000554e-01 -7.354650000000000354e-01 2.028200000000000142e-02
4.000000000000000000e+00 8.000000000000000000e+00 4.400000000000000000e+01 0.000000000000000000e+00 1.600000000000000089e+00 1.585999999999999953e-03 2.576000000000000165e-03 9.999949999999999672e-01 -7.810719999999999885e-01 -6.244340000000000446e-01 2.847999999999999837e-03 6.244389999999999663e-01 -7.810730000000000173e-01 1.021999999999999905e-03
6.000000000000000000e+00 2.900000000000000000e+01 4.400000000000000000e+01 0.000000000000000000e+00 1.600000000000000089e+00 8.140000000000000534e-04 -1.459999999999999926e-03 -9.999989999999999712e-01 6.716259999999999453e-01 7.408900000000000485e-01 -5.349999999999999938e-04 7.408900000000000485e-01 -6.716250000000000275e-01 1.583999999999999905e-03
1.200000000000000000e+01 2.900000000000000000e+01 4.400000000000000000e+01 0.000000000000000000e+00 1.600000000000000089e+00 -6.459999999999999814e-04 -1.905000000000000009e-03 -9.999980000000000535e-01 6.733999999999999986e-01 7.392760000000000442e-01 -1.843000000000000020e-03 7.392779999999999907e-01 -6.733999999999999986e-01 8.059999999999999673e-04
1.600000000000000000e+01 2.900000000000000000e+01 4.400000000000000000e+01 0.000000000000000000e+00 1.600000000000000089e+00 -1.794999999999999938e-03 3.060000000000000111e-04 -9.999980000000000535e-01 6.707859999999999934e-01 7.416509999999999492e-01 -9.770000000000000039e-04 7.416490000000000027e-01 -6.707859999999999934e-01 -1.536000000000000039e-03
2.000000000000000000e+01 2.900000000000000000e+01 4.400000000000000000e+01 0.000000000000000000e+00 1.600000000000000089e+00 1.435000000000000078e-03 3.119999999999999944e-04 -9.999989999999999712e-01 6.744409999999999572e-01 7.383279999999999843e-01 1.198000000000000063e-03 7.383269999999999555e-01 -6.744419999999999860e-01 8.490000000000000368e-04
2.300000000000000000e+01 2.900000000000000000e+01 4.400000000000000000e+01 0.000000000000000000e+00 1.600000000000000089e+00 2.095000000000000074e-03 -4.101999999999999744e-03 -9.999890000000000168e-01 6.794069999999999832e-01 7.337599999999999678e-01 -1.585999999999999953e-03 7.337590000000000501e-01 -6.793959999999999999e-01 4.323999999999999719e-03
2.900000000000000000e+01 2.900000000000000000e+01 4.400000000000000000e+01 0.000000000000000000e+00 1.600000000000000089e+00 5.700000000000000314e-05 1.521000000000000000e-03 -9.999989999999999712e-01 6.820300000000000251e-01 7.313229999999999453e-01 1.152000000000000029e-03 7.313239999999999741e-01 -6.820289999999999964e-01 -9.959999999999999236e-04
1.500000000000000000e+01 6.000000000000000000e+00 5.100000000000000000e+01 0.000000000000000000e+00 1.600000000000000089e+00 -5.999999999999999474e-04 4.282000000000000216e-03 -9.999909999999999632e-01 3.193509999999999960e-01 -9.476269999999999971e-01 -4.250000000000000305e-03 -9.476360000000000339e-01 -3.193500000000000227e-01 -7.990000000000000140e-04
1.000000000000000000e+01 7.000000000000000000e+00 5.200000000000000000e+01 0.000000000000000000e+00 1.600000000000000089e+00 4.339999999999999782e-04 -3.831000000000000204e-03 -9.999930000000000208e-01 1.196910000000000057e-01 -9.928040000000000198e-01 3.854999999999999920e-03 -9.928109999999999991e-01 -1.196920000000000067e-01 2.799999999999999958e-05
2.600000000000000000e+01 7.000000000000000000e+00 5.200000000000000000e+01 0.000000000000000000e+00 1.600000000000000089e+00 -6.311999999999999902e-03 -8.963000000000000481e-03 -9.999400000000000510e-01 1.366860000000000019e-01 -9.905819999999999625e-01 8.016000000000000555e-03 -9.905939999999999745e-01 -1.366279999999999994e-01 7.477000000000000139e-03
2.000000000000000000e+00 6.300000000000000000e+01 5.400000000000000000e+01 0.000000000000000000e+00 1.600000000000000089e+00 8.809999999999999472e-04 -1.431999999999999896e-03 9.999989999999999712e-01 -3.500920000000000143e-01 9.367140000000000466e-01 1.649999999999999991e-03 -9.367149999999999643e-01 -3.500929999999999875e-01 3.240000000000000150e-04
6.000000000000000000e+00 6.300000000000000000e+01 5.400000000000000000e+01 0.000000000000000000e+00 1.600000000000000089e+00 1.438999999999999958e-03 6.539999999999999590e-04 9.999989999999999712e-01 -3.528530000000000277e-01 9.356790000000000385e-01 -1.039999999999999936e-04 -9.356780000000000097e-01 -3.528530000000000277e-01 1.577000000000000060e-03
1.000000000000000000e+01 6.300000000000000000e+01 5.400000000000000000e+01 0.000000000000000000e+00 1.600000000000000089e+00 9.269999999999999811e-04 -2.961999999999999789e-03 9.999949999999999672e-01 -3.584570000000000256e-01 9.335409999999999542e-01 3.098000000000000059e-03 -9.335459999999999869e-01 -3.584579999999999989e-01 -1.959999999999999937e-04
1.500000000000000000e+01 6.300000000000000000e+01 5.400000000000000000e+01 0.000000000000000000e+00 1.600000000000000089e+00 -3.809999999999999910e-04 8.940000000000000464e-04 1.000000000000000000e+00 -3.594419999999999837e-01 9.331669999999999687e-01 -9.709999999999999664e-04 -9.331679999999999975e-01 -3.594419999999999837e-01 -3.399999999999999973e-05
1.800000000000000000e+01 6.300000000000000000e+01 5.400000000000000000e+01 0.000000000000000000e+00 1.600000000000000089e+00 -1.582999999999999989e-03 5.890000000000000053e-04 9.999989999999999712e-01 -3.537569999999999881e-01 9.353369999999999740e-01 -1.111000000000000008e-03 -9.353359999999999452e-01 -3.537580000000000169e-01 -1.271999999999999910e-03
2.400000000000000000e+01 6.300000000000000000e+01 5.400000000000000000e+01 0.000000000000000000e+00 1.600000000000000089e+00 -9.449999999999999850e-04 4.850000000000000253e-04 9.999989999999999712e-01 -3.537790000000000101e-01 9.353289999999999660e-01 -7.879999999999999635e-04 -9.353280000000000483e-01 -3.537799999999999834e-01 -7.129999999999999836e-04
2.000000000000000000e+00 2.500000000000000000e+01 5.500000000000000000e+01 0.000000000000000000e+00 1.600000000000000089e+00 -9.300000000000000541e-04 -5.990000000000000316e-04 -9.999989999999999712e-01 -1.186399999999999955e-02 -9.999289999999999567e-01 6.099999999999999737e-04 -9.999289999999999567e-01 1.186500000000000055e-02 9.229999999999999923e-04
6.000000000000000000e+00 2.500000000000000000e+01 5.500000000000000000e+01 0.000000000000000000e+00 1.600000000000000089e+00 -9.160000000000000390e-04 3.589999999999999984e-04 -1.000000000000000000e+00 -1.147600000000000009e-02 -9.999339999999999895e-01 -3.480000000000000020e-04 -9.999339999999999895e-01 1.147600000000000009e-02 9.200000000000000278e-04
1.100000000000000000e+01 2.500000000000000000e+01 5.500000000000000000e+01 0.000000000000000000e+00 1.600000000000000089e+00 -4.260000000000000006e-04 9.340000000000000429e-04 -9.999989999999999712e-01 -1.157900000000000075e-02 -9.999329999999999607e-01 -9.290000000000000297e-04 -9.999329999999999607e-01 1.157900000000000075e-02 4.369999999999999970e-04
1.400000000000000000e+01 2.500000000000000000e+01 5.500000000000000000e+01 0.000000000000000000e+00 1.600000000000000089e+00 8.549999999999999658e-04 1.087999999999999991e-03 -9.999989999999999712e-01 -1.221799999999999969e-02 -9.999249999999999527e-01 -1.098000000000000018e-03 -9.999249999999999527e-01 1.221900000000000069e-02 -8.419999999999999750e-04
2.000000000000000000e+01 2.500000000000000000e+01 5.500000000000000000e+01 0.000000000000000000e+00 1.600000000000000089e+00 9.700000000000000505e-04 9.439999999999999607e-04 -9.999989999999999712e-01 -1.379999999999999977e-02 -9.999040000000000150e-01 -9.569999999999999514e-04 -9.999040000000000150e-01 1.380100000000000077e-02 -9.569999999999999514e-04
1.100000000000000000e+01 6.800000000000000000e+01 5.700000000000000000e+01 0.000000000000000000e+00 1.600000000000000089e+00 1.704999999999999918e-03 -4.657999999999999814e-03 -9.999879999999999880e-01 -2.444860000000000089e-01 -9.696439999999999504e-01 4.100000000000000346e-03 -9.696510000000000407e-01 2.444759999999999989e-01 -2.792000000000000211e-03
2.000000000000000000e+00 2.100000000000000000e+01 6.000000000000000000e+01 0.000000000000000000e+00 1.600000000000000089e+00 8.299999999999999815e-05 3.488000000000000215e-03 9.999940000000000495e-01 -9.763900000000000357e-02 9.952159999999999895e-01 -3.462999999999999932e-03 -9.952220000000000510e-01 -9.763800000000000257e-02 4.229999999999999819e-04
2.500000000000000000e+01 2.100000000000000000e+01 6.000000000000000000e+01 0.000000000000000000e+00 1.600000000000000089e+00 -4.380000000000000213e-04 3.690000000000000138e-03 9.999930000000000208e-01 -9.359000000000000652e-02 9.956040000000000445e-01 -3.714999999999999986e-03 -9.956110000000000237e-01 -9.359099999999999364e-02 -9.100000000000000287e-05
8.000000000000000000e+00 3.000000000000000000e+00 6.300000000000000000e+01 0.000000000000000000e+00 1.600000000000000089e+00 2.628000000000000128e-03 -3.383999999999999855e-03 9.999909999999999632e-01 -6.159090000000000398e-01 7.878060000000000063e-01 4.284999999999999747e-03 -7.878129999999999855e-01 -6.159139999999999615e-01 -1.399999999999999979e-05
1.000000000000000000e+00 2.700000000000000000e+01 6.300000000000000000e+01 0.000000000000000000e+00 1.600000000000000089e+00 -1.299000000000000024e-03 3.009999999999999980e-04 9.999989999999999712e-01 -2.746839999999999837e-01 9.615350000000000286e-01 -6.459999999999999814e-04 -9.615339999999999998e-01 -2.746839999999999837e-01 -1.167000000000000069e-03
6.000000000000000000e+00 2.700000000000000000e+01 6.300000000000000000e+01 0.000000000000000000e+00 1.600000000000000089e+00 1.188000000000000037e-03 -3.422000000000000128e-03 9.999930000000000208e-01 -2.753030000000000199e-01 9.613509999999999556e-01 3.616999999999999989e-03 -9.613570000000000171e-01 -2.753050000000000219e-01 2.000000000000000096e-04
1.300000000000000000e+01 2.700000000000000000e+01 6.300000000000000000e+01 0.000000000000000000e+00 1.600000000000000089e+00 2.122999999999999887e-03 -2.601000000000000013e-03 9.999940000000000495e-01 -2.718389999999999973e-01 9.623380000000000267e-01 3.079999999999999839e-03 -9.623399999999999732e-01 -2.718439999999999745e-01 1.335999999999999948e-03
2.000000000000000000e+01 2.700000000000000000e+01 6.300000000000000000e+01 0.000000000000000000e+00 1.600000000000000089e+00 -2.089000000000000145e-03 2.569999999999999802e-03 9.999949999999999672e-01 -2.742859999999999743e-01 9.616430000000000256e-01 -3.043999999999999831e-03 -9.616460000000000008e-01 -2.742910000000000070e-01 -1.304000000000000038e-03
2.700000000000000000e+01 2.700000000000000000e+01 6.300000000000000000e+01 0.000000000000000000e+00 1.600000000000000089e+00 -3.260000000000000094e-04 -1.683999999999999950e-03 9.999989999999999712e-01 -2.807120000000000171e-01 9.597909999999999497e-01 1.523999999999999964e-03 -9.597919999999999785e-01 -2.807109999999999883e-01 -7.860000000000000233e-04
1.000000000000000000e+00 2.600000000000000000e+01 6.400000000000000000e+01 0.000000000000000000e+00 1.600000000000000089e+00 -4.640000000000000027e-04 2.530999999999999830e-03 9.999970000000000248e-01 -3.580380000000000229e-01 9.337039999999999784e-01 -2.528999999999999998e-03 -9.337069999999999537e-01 -3.580380000000000229e-01 4.730000000000000046e-04
7.000000000000000000e+00 2.600000000000000000e+01 6.400000000000000000e+01 0.000000000000000000e+00 1.600000000000000089e+00 1.410000000000000012e-03 -1.824000000000000100e-03 9.999970000000000248e-01 -3.549939999999999762e-01 9.348659999999999748e-01 2.206000000000000062e-03 -9.348670000000000035e-01 -3.549959999999999782e-01 6.700000000000000226e-04
1.900000000000000000e+01 2.600000000000000000e+01 6.400000000000000000e+01 0.000000000000000000e+00 1.600000000000000089e+00 -1.814000000000000074e-03 -1.030000000000000100e-03 9.999980000000000535e-01 -3.524070000000000258e-01 9.358469999999999844e-01 3.249999999999999851e-04 -9.358450000000000379e-01 -3.524059999999999970e-01 -2.060999999999999898e-03
2.500000000000000000e+01 2.600000000000000000e+01 6.400000000000000000e+01 0.000000000000000000e+00 1.600000000000000089e+00 -6.359999999999999551e-04 -9.950000000000000077e-04 9.999989999999999712e-01 -3.611759999999999970e-01 9.324970000000000203e-01 6.980000000000000527e-04 -9.324970000000000203e-01 -3.611750000000000238e-01 -9.520000000000000467e-04
2.800000000000000000e+01 2.600000000000000000e+01 6.400000000000000000e+01 0.000000000000000000e+00 1.600000000000000089e+00 3.289999999999999739e-04 -1.920000000000000049e-04 1.000000000000000000e+00 -3.639220000000000232e-01 9.314289999999999514e-01 2.990000000000000036e-04 -9.314289999999999514e-01 -3.639220000000000232e-01 2.369999999999999874e-04
2.200000000000000000e+01 6.900000000000000000e+01 6.600000000000000000e+01 0.000000000000000000e+00 1.600000000000000089e+00 1.022499999999999971e-02 -8.439999999999999586e-03 9.999120000000000230e-01 -9.530720000000000303e-01 3.024939999999999851e-01 1.229899999999999917e-02 -3.025709999999999789e-01 -9.531140000000000168e-01 -4.950999999999999672e-03
2.600000000000000000e+01 3.100000000000000000e+01 7.100000000000000000e+01 0.000000000000000000e+00 1.600000000000000089e+00 -6.629999999999999609e-04 3.567999999999999991e-03 -9.999930000000000208e-01 -7.055810000000000137e-01 -7.086270000000000069e-01 -2.060999999999999898e-03 -7.086289999999999534e-01 7.055749999999999522e-01 2.987000000000000072e-03
5.000000000000000000e+00 4.400000000000000000e+01 7.300000000000000000e+01 0.000000000000000000e+00 1.600000000000000089e+00 9.229999999999999923e-04 3.524999999999999922e-03 9.999930000000000208e-01 4.458999999999999769e-02 -9.989989999999999704e-01 3.480000000000000020e-03 9.990050000000000319e-01 4.458700000000000163e-02 -1.079000000000000098e-03
9.000000000000000000e+00 4.400000000000000000e+01 7.300000000000000000e+01 0.000000000000000000e+00 1.600000000000000089e+00 2.054999999999999969e-03 8.900999999999999190e-03 9.999580000000000135e-01 4.569899999999999657e-02 -9.989170000000000549e-01 8.798000000000000265e-03 9.989529999999999799e-01 4.567899999999999738e-02 -2.458999999999999814e-03
1.400000000000000000e+01 4.400000000000000000e+01 7.300000000000000000e+01 0.000000000000000000e+00 1.600000000000000089e+00 2.243000000000000202e-03 1.611999999999999935e-03 9.999959999999999960e-01 4.908699999999999869e-02 -9.987930000000000419e-01 1.500000000000000031e-03 9.987920000000000131e-01 4.908300000000000163e-02 -2.320000000000000014e-03
2.200000000000000000e+01 4.400000000000000000e+01 7.300000000000000000e+01 0.000000000000000000e+00 1.600000000000000089e+00 -2.654000000000000109e-03 -3.134000000000000067e-03 9.999919999999999920e-01 4.762700000000000267e-02 -9.988609999999999989e-01 -3.004000000000000160e-03 9.988620000000000276e-01 4.761900000000000160e-02 2.799999999999999972e-03
2.800000000000000000e+01 4.400000000000000000e+01 7.300000000000000000e+01 0.000000000000000000e+00 1.600000000000000089e+00 5.779999999999999548e-04 -8.850000000000000444e-04 9.999989999999999712e-01 4.471699999999999980e-02 -9.989989999999999704e-01 -9.100000000000000016e-04 9.989999999999999991e-01 4.471699999999999980e-02 -5.379999999999999583e-04
2.000000000000000000e+00 2.500000000000000000e+01 7.400000000000000000e+01 0.000000000000000000e+00 1.600000000000000089e+00 -3.930000000000000117e-04 -5.879999999999999810e-03 9.999829999999999552e-01 8.177400000000000224e-01 -5.755789999999999518e-01 -3.063000000000000184e-03 5.755869999999999598e-01 8.177250000000000352e-01 5.034000000000000280e-03
4.000000000000000000e+00 2.500000000000000000e+01 7.400000000000000000e+01 0.000000000000000000e+00 1.600000000000000089e+00 -6.600000000000000506e-05 -6.229000000000000162e-03 9.999810000000000088e-01 8.179530000000000411e-01 -5.752739999999999521e-01 -3.529000000000000019e-03 5.752840000000000176e-01 8.179370000000000251e-01 5.133000000000000410e-03
1.100000000000000000e+01 2.500000000000000000e+01 7.400000000000000000e+01 0.000000000000000000e+00 1.600000000000000089e+00 -1.710000000000000094e-04 5.580000000000000107e-04 1.000000000000000000e+00 8.215099999999999625e-01 -5.701939999999999786e-01 4.589999999999999896e-04 5.701939999999999786e-01 8.215099999999999625e-01 -3.609999999999999928e-04
