5.000000000000000000e+00 4.200000000000000000e+01 2.000000000000000000e+00 0.000000000000000000e+00 1.600000000000000089e+00 2.900000000000000017e-05 -6.680600000000000427e-02 -9.977660000000000418e-01 9.669389999999999930e-01 -2.544359999999999955e-01 1.706399999999999931e-02 -2.550069999999999837e-01 -9.647790000000000532e-01 6.458999999999999464e-02
1.000000000000000000e+00 1.500000000000000000e+01 4.000000000000000000e+00 0.000000000000000000e+00 1.600000000000000089e+00 1.345000000000000058e-03 -9.699999999999999963e-05 9.999989999999999712e-01 3.210770000000000013e-01 -9.470530000000000337e-01 -5.240000000000000517e-04 9.470520000000000049e-01 3.210779999999999745e-01 -1.242000000000000048e-03
8.000000000000000000e+00 1.500000000000000000e+01 4.000000000000000000e+00 0.000000000000000000e+00 1.600000000000000089e+00 -5.640000000000000482e-04 -3.608999999999999795e-03 9.999930000000000208e-01 3.239940000000000042e-01 -9.460539999999999505e-01 -3.232000000000000064e-03 9.460589999999999833e-01 3.239900000000000002e-01 1.703000000000000087e-03
1.000000000000000000e+01 1.500000000000000000e+01 4.000000000000000000e+00 0.000000000000000000e+00 1.600000000000000089e+00 1.634999999999999952e-03 2.329999999999999986e-04 9.999989999999999712e-01 3.244290000000000229e-01 -9.459100000000000286e-01 -3.099999999999999999e-04 9.459089999999999998e-01 3.244290000000000229e-01 -1.621999999999999961e-03
1.900000000000000000e+01 1.500000000000000000e+01 4.000000000000000000e+00 0.000000000000000000e+00 1.600000000000000089e+00 -1.768000000000000040e-03 9.479999999999999495e-04 9.999980000000000535e-01 3.291000000000000036e-01 -9.442939999999999667e-01 1.477000000000000014e-03 9.442930000000000490e-01 3.291020000000000056e-01 1.356999999999999916e-03
2.200000000000000000e+01 1.500000000000000000e+01 4.000000000000000000e+00 0.000000000000000000e+00 1.600000000000000089e+00 -8.220000000000000310e-04 3.047999999999999928e-03 9.999949999999999672e-01 3.261020000000000030e-01 -9.453289999999999749e-01 3.148999999999999889e-03 9.453340000000000076e-01 3.261029999999999762e-01 -2.159999999999999919e-04
2.700000000000000000e+01 1.500000000000000000e+01 4.000000000000000000e+00 0.000000000000000000e+00 1.600000000000000089e+00 6.819999999999999890e-04 5.572999999999999829e-03 9.999839999999999840e-01 3.271549999999999736e-01 -9.449570000000000469e-01 5.043999999999999873e-03 9.449710000000000054e-01 3.271459999999999924e-01 -2.467000000000000009e-03
2.900000000000000000e+01 1.500000000000000000e+01 4.000000000000000000e+00 0.000000000000000000e+00 1.600000000000000089e+00 -1.730000000000000038e-04 8.401000000000000481e-03 9.999649999999999928e-01 3.259889999999999732e-01 -9.453399999999999581e-01 7.998999999999999166e-03 9.453740000000000476e-01 3.259790000000000187e-01 -2.575000000000000032e-03
2.100000000000000000e+01 4.000000000000000000e+00 5.000000000000000000e+00 0.000000000000000000e+00 1.600000000000000089e+00 7.500000000000000156e-04 3.135000000000000200e-03 9.999949999999999672e-01 2.325109999999999955e-01 -9.725890000000000368e-01 2.874999999999999951e-03 9.725930000000000408e-01 2.325079999999999925e-01 -1.459000000000000010e-03
4.000000000000000000e+00 1.010000000000000000e+02 7.000000000000000000e+00 0.000000000000000000e+00 1.600000000000000089e+00 -3.837999999999999832e-03 -1.430999999999999980e-03 9.999919999999999920e-01 8.827490000000000059e-01 4.698269999999999946e-01 4.060000000000000241e-03 -4.698289999999999966e-01 8.827570000000000139e-01 -5.400000000000000069e-04
8.000000000000000000e+00 1.010000000000000000e+02 7.000000000000000000e+00 0.000000000000000000e+00 1.600000000000000089e+00 -4.479999999999999608e-03 -1.324900000000000036e-02 9.999019999999999575e-01 8.822830000000000394e-01 4.706089999999999995e-01 1.018799999999999914e-02 -4.706980000000000053e-01 8.822419999999999707e-01 9.580999999999999239e-03
2.100000000000000000e+01 1.010000000000000000e+02 7.000000000000000000e+00 0.000000000000000000e+00 1.600000000000000089e+00 -3.739999999999999835e-04 5.487999999999999823e-03 9.999850000000000128e-01 8.849559999999999649e-01 4.656689999999999996e-01 -2.224999999999999981e-03 -4.656739999999999768e-01 8.849420000000000064e-01 -5.030999999999999882e-03
7.000000000000000000e+00 2.500000000000000000e+01 8.000000000000000000e+00 0.000000000000000000e+00 1.600000000000000089e+00 1.840000000000000001e-04 -7.255000000000000164e-03 -9.999740000000000295e-01 4.482720000000000038e-01 8.938739999999999464e-01 -6.402999999999999838e-03 8.938970000000000526e-01 -4.482590000000000185e-01 3.416999999999999899e-03
1.400000000000000000e+01 2.500000000000000000e+01 8.000000000000000000e+00 0.000000000000000000e+00 1.600000000000000089e+00 9.309999999999999699e-04 6.275000000000000196e-03 -9.999799999999999800e-01 4.474920000000000009e-01 8.942679999999999518e-01 6.028000000000000372e-03 8.942879999999999718e-01 -4.474879999999999969e-01 -1.975999999999999892e-03
1.700000000000000000e+01 2.500000000000000000e+01 8.000000000000000000e+00 0.000000000000000000e+00 1.600000000000000089e+00 2.680000000000000090e-04 3.680000000000000111e-03 -9.999930000000000208e-01 4.470649999999999902e-01 8.944950000000000401e-01 3.412000000000000102e-03 8.945009999999999906e-01 -4.470629999999999882e-01 -1.405999999999999915e-03
2.000000000000000000e+01 2.500000000000000000e+01 8.000000000000000000e+00 0.000000000000000000e+00 1.600000000000000089e+00 -5.419999999999999471e-04 -1.129999999999999928e-03 -9.999989999999999712e-01 4.460799999999999765e-01 8.949920000000000098e-01 -1.252999999999999991e-03 8.949930000000000385e-01 -4.460799999999999765e-01 2.000000000000000164e-05
2.400000000000000000e+01 2.500000000000000000e+01 8.000000000000000000e+00 0.000000000000000000e+00 1.600000000000000089e+00 -2.939000000000000206e-03 -3.151999999999999854e-03 -9.999909999999999632e-01 4.455770000000000008e-01 8.952339999999999742e-01 -4.132000000000000256e-03 8.952390000000000070e-01 -4.455850000000000088e-01 -1.227000000000000009e-03
2.900000000000000000e+01 2.500000000000000000e+01 8.000000000000000000e+00 0.000000000000000000e+00 1.600000000000000089e+00 -2.782999999999999884e-03 -6.233999999999999958e-03 -9.999770000000000048e-01 4.469380000000000019e-01 8.945389999999999731e-01 -6.819999999999999674e-03 8.945610000000000506e-01 -4.469460000000000099e-01 2.970000000000000092e-04
6.000000000000000000e+00 2.400000000000000000e+01 9.000000000000000000e+00 0.000000000000000000e+00 1.600000000000000089e+00 2.400000000000000061e-04 -7.907000000000000833e-03 -9.999689999999999968e-01 4.513769999999999727e-01 8.923060000000000436e-01 -6.947000000000000050e-03 8.923330000000000428e-01 -4.513610000000000122e-01 3.782999999999999904e-03
1.300000000000000000e+01 2.400000000000000000e+01 9.000000000000000000e+00 0.000000000000000000e+00 1.600000000000000089e+00 8.769999999999999584e-04 5.002000000000000370e-03 -9.999869999999999592e-01 4.504340000000000011e-01 8.927969999999999517e-01 4.860999999999999870e-03 8.928089999999999637e-01 -4.504319999999999991e-01 -1.469999999999999953e-03
1.800000000000000000e+01 2.400000000000000000e+01 9.000000000000000000e+00 0.000000000000000000e+00 1.600000000000000089e+00 2.420000000000000005e-04 1.474999999999999966e-03 -9.999989999999999712e-01 4.494659999999999767e-01 8.932959999999999789e-01 1.425999999999999967e-03 8.932970000000000077e-01 -4.494659999999999767e-01 -4.470000000000000232e-04
2.400000000000000000e+01 2.400000000000000000e+01 9.000000000000000000e+00 0.000000000000000000e+00 1.600000000000000089e+00 -2.854999999999999899e-03 -3.863000000000000114e-03 -9.999879999999999880e-01 4.484779999999999878e-01 8.937810000000000477e-01 -4.733000000000000228e-03 8.937889999999999446e-01 -4.484859999999999958e-01 -8.189999999999999581e-04
2.900000000000000000e+01 2.400000000000000000e+01 9.000000000000000000e+00 0.000000000000000000e+00 1.600000000000000089e+00 -3.020000000000000115e-03 -5.748999999999999770e-03 -9.999789999999999512e-01 4.497550000000000159e-01 8.931289999999999507e-01 -6.492999999999999640e-03 8.931470000000000242e-01 -4.497650000000000259e-01 -1.119999999999999983e-04
1.100000000000000000e+01 1.020000000000000000e+02 9.000000000000000000e+00 0.000000000000000000e+00 1.600000000000000089e+00 6.489999999999999459e-04 -9.740000000000000394e-04 9.999989999999999712e-01 9.200620000000000465e-01 3.917729999999999824e-01 -2.149999999999999947e-04 -3.917720000000000091e-01 9.200620000000000465e-01 1.150999999999999896e-03
3.000000000000000000e+00 1.200000000000000000e+01 1.000000000000000000e+01 0.000000000000000000e+00 1.600000000000000089e+00 -2.805999999999999901e-03 -9.650000000000000591e-03 -9.999489999999999768e-01 -5.514090000000000380e-01 -8.341800000000000326e-01 9.598000000000000628e-03 -8.342300000000000271e-01 5.514080000000000092e-01 -2.981000000000000143e-03
1.200000000000000000e+01 1.200000000000000000e+01 1.000000000000000000e+01 0.000000000000000000e+00 1.600000000000000089e+00 3.460000000000000076e-04 4.955000000000000203e-03 -9.999879999999999880e-01 -5.505839999999999623e-01 -8.347679999999999545e-01 -4.327000000000000117e-03 -8.347790000000000488e-01 5.505790000000000406e-01 2.439000000000000196e-03
3.000000000000000000e+00 3.100000000000000000e+01 1.200000000000000000e+01 0.000000000000000000e+00 1.600000000000000089e+00 2.288000000000000103e-03 1.554999999999999959e-03 9.999959999999999960e-01 2.598000000000000049e-03 9.999949999999999672e-01 -1.559999999999999972e-03 -9.999940000000000495e-01 2.602000000000000146e-03 2.284000000000000006e-03
1.600000000000000000e+01 3.100000000000000000e+01 1.200000000000000000e+01 0.000000000000000000e+00 1.600000000000000089e+00 -5.439999999999999957e-04 2.329999999999999986e-04 1.000000000000000000e+00 -3.406999999999999872e-03 9.999940000000000495e-01 -2.339999999999999958e-04 -9.999940000000000495e-01 -3.406999999999999872e-03 -5.429999999999999714e-04
2.100000000000000000e+01 3.100000000000000000e+01 1.200000000000000000e+01 0.000000000000000000e+00 1.600000000000000089e+00 -6.000000000000000152e-05 -1.010000000000000020e-04 1.000000000000000000e+00 -2.089000000000000145e-03 9.999980000000000535e-01 1.010000000000000020e-04 -9.999980000000000535e-01 -2.089000000000000145e-03 -6.000000000000000152e-05
6.000000000000000000e+00 1.160000000000000000e+02 1.600000000000000000e+01 0.000000000000000000e+00 1.600000000000000089e+00 -7.410000000000000137e-04 1.669999999999999935e-04 1.000000000000000000e+00 6.570139999999999869e-01 7.538789999999999658e-01 3.609999999999999928e-04 -7.538780000000000481e-01 6.570139999999999869e-01 -6.689999999999999983e-04
1.800000000000000000e+01 1.160000000000000000e+02 1.600000000000000000e+01 0.000000000000000000e+00 1.600000000000000089e+00 -3.948000000000000120e-03 -3.321999999999999866e-03 9.999869999999999592e-01 7.024770000000000181e-01 7.116879999999999873e-01 5.138000000000000206e-03 -7.116959999999999953e-01 7.024880000000000013e-01 -4.760000000000000234e-04
5.000000000000000000e+00 2.000000000000000000e+00 1.900000000000000000e+01 0.000000000000000000e+00 1.600000000000000089e+00 -7.055999999999999772e-03 -1.471000000000000085e-02 -9.998669999999999503e-01 1.838460000000000094e-01 -9.828670000000000462e-01 1.316200000000000009e-02 -9.829299999999999704e-01 -1.837290000000000034e-01 9.638999999999999999e-03
1.200000000000000000e+01 2.000000000000000000e+00 1.900000000000000000e+01 0.000000000000000000e+00 1.600000000000000089e+00 7.680000000000000195e-04 -1.537700000000000004e-02 -9.998820000000000485e-01 1.836000000000000132e-01 -9.828829999999999512e-01 1.525699999999999973e-02 -9.830010000000000137e-01 -1.835900000000000032e-01 2.067999999999999960e-03
1.900000000000000000e+01 2.000000000000000000e+00 1.900000000000000000e+01 0.000000000000000000e+00 1.600000000000000089e+00 2.050999999999999872e-03 -2.760500000000000106e-02 -9.996169999999999778e-01 1.957830000000000126e-01 -9.802619999999999667e-01 2.747199999999999989e-02 -9.806449999999999889e-01 -1.957639999999999936e-01 3.393999999999999882e-03
2.400000000000000000e+01 2.000000000000000000e+00 1.900000000000000000e+01 0.000000000000000000e+00 1.600000000000000089e+00 4.029999999999999837e-04 -6.645999999999999998e-03 -9.999780000000000335e-01 2.062289999999999957e-01 -9.784819999999999629e-01 6.585999999999999840e-03 -9.785040000000000404e-01 -2.062269999999999937e-01 9.770000000000000039e-04
2.000000000000000000e+00 4.000000000000000000e+00 2.000000000000000000e+01 0.000000000000000000e+00 1.600000000000000089e+00 -6.283999999999999655e-03 -5.882000000000000076e-03 -9.999630000000000463e-01 2.739969999999999906e-01 -9.617229999999999945e-01 3.935000000000000130e-03 -9.617099999999999538e-01 -2.739619999999999833e-01 7.655000000000000346e-03
2.500000000000000000e+01 4.000000000000000000e+00 2.000000000000000000e+01 0.000000000000000000e+00 1.600000000000000089e+00 -1.180000000000000059e-03 -5.693000000000000144e-03 -9.999829999999999552e-01 3.246519999999999961e-01 -9.458199999999999941e-01 5.002000000000000370e-03 -9.458330000000000348e-01 -3.246399999999999841e-01 2.964000000000000055e-03
9.000000000000000000e+00 1.300000000000000000e+01 2.000000000000000000e+01 0.000000000000000000e+00 1.600000000000000089e+00 -2.768000000000000061e-03 -7.484000000000000201e-03 9.999679999999999680e-01 2.552050000000000152e-01 9.668539999999999912e-01 7.943000000000000407e-03 -9.668830000000000480e-01 2.552189999999999737e-01 -7.659999999999999708e-04
1.500000000000000000e+01 1.300000000000000000e+01 2.000000000000000000e+01 0.000000000000000000e+00 1.600000000000000089e+00 -4.550000000000000008e-04 -2.158000000000000196e-03 9.999980000000000535e-01 2.579899999999999971e-01 9.661450000000000315e-01 2.201999999999999964e-03 -9.661469999999999780e-01 2.579899999999999971e-01 1.169999999999999979e-04
2.900000000000000000e+01 1.300000000000000000e+01 2.000000000000000000e+01 0.000000000000000000e+00 1.600000000000000089e+00 -2.227999999999999946e-03 -7.114999999999999797e-03 9.999719999999999720e-01 2.676970000000000183e-01 9.634740000000000526e-01 7.452000000000000290e-03 -9.635000000000000231e-01 2.677069999999999728e-01 -2.420000000000000005e-04
3.000000000000000000e+00 3.000000000000000000e+00 2.500000000000000000e+01 0.000000000000000000e+00 1.600000000000000089e+00 -2.749000000000000141e-03 -1.069100000000000085e-02 9.999390000000000223e-01 -7.081199999999999994e-02 -9.974309999999999565e-01 -1.085900000000000060e-02 9.974859999999999838e-01 -7.083799999999999819e-02 1.984999999999999785e-03
1.300000000000000000e+01 3.000000000000000000e+00 2.500000000000000000e+01 0.000000000000000000e+00 1.600000000000000089e+00 -9.810000000000001011e-04 -1.418999999999999949e-02 9.998989999999999823e-01 -6.600599999999999523e-02 -9.977179999999999938e-01 -1.422400000000000053e-02 9.978190000000000115e-01 -6.601400000000000323e-02 4.199999999999999768e-05
2.000000000000000000e+01 3.000000000000000000e+00 2.500000000000000000e+01 0.000000000000000000e+00 1.600000000000000089e+00 -8.443000000000000851e-03 -2.787500000000000047e-02 9.995760000000000201e-01 -8.799899999999999389e-02 -9.957120000000000415e-01 -2.851000000000000062e-02 9.960849999999999982e-01 -8.820200000000000262e-02 5.954000000000000091e-03
2.500000000000000000e+01 3.000000000000000000e+00 2.500000000000000000e+01 0.000000000000000000e+00 1.600000000000000089e+00 -4.082999999999999824e-03 -6.969999999999999633e-03 9.999670000000000503e-01 -9.964099999999999346e-02 -9.949959999999999916e-01 -7.341999999999999568e-03 9.950149999999999828e-01 -9.966800000000000659e-02 3.367999999999999900e-03
2.000000000000000000e+00 4.600000000000000000e+01 2.700000000000000000e+01 0.000000000000000000e+00 1.600000000000000089e+00 -3.206000000000000082e-03 -2.840000000000000185e-04 -9.999949999999999672e-01 6.710460000000000313e-01 7.414119999999999600e-01 -2.363000000000000083e-03 7.414089999999999847e-01 -6.710500000000000353e-01 -2.186000000000000009e-03
9.000000000000000000e+00 4.600000000000000000e+01 2.700000000000000000e+01 0.000000000000000000e+00 1.600000000000000089e+00 -2.730000000000000222e-04 -1.093000000000000005e-03 -9.999989999999999712e-01 6.718370000000000175e-01 7.406979999999999675e-01 -9.929999999999999591e-04 7.406989999999999963e-01 -6.718370000000000175e-01 5.320000000000000293e-04
1.900000000000000000e+01 4.600000000000000000e+01 2.700000000000000000e+01 0.000000000000000000e+00 1.600000000000000089e+00 -8.239999999999999712e-04 -4.650000000000000270e-04 -1.000000000000000000e+00 6.771080000000000432e-01 7.358829999999999538e-01 -8.999999999999999754e-04 7.358829999999999538e-01 -6.771080000000000432e-01 -2.919999999999999961e-04
2.600000000000000000e+01 4.600000000000000000e+01 2.700000000000000000e+01 0.000000000000000000e+00 1.600000000000000089e+00 4.000000000000000327e-05 -1.324000000000000090e-03 -9.999989999999999712e-01 6.743609999999999882e-01 7.384009999999999740e-01 -9.510000000000000224e-04 7.384020000000000028e-01 -6.743599999999999595e-01 9.219999999999999680e-04
1.700000000000000000e+01 4.600000000000000000e+01 3.000000000000000000e+01 0.000000000000000000e+00 1.600000000000000089e+00 1.240000000000000054e-04 -1.131000000000000061e-03 -9.999989999999999712e-01 3.327530000000000210e-01 9.430129999999999901e-01 -1.026000000000000002e-03 9.430140000000000189e-01 -3.327530000000000210e-01 4.929999999999999487e-04
2.000000000000000000e+01 4.600000000000000000e+01 3.000000000000000000e+01 0.000000000000000000e+00 1.600000000000000089e+00 -3.869999999999999742e-04 -1.415000000000000025e-03 -9.999989999999999712e-01 3.312160000000000104e-01 9.435540000000000038e-01 -1.463000000000000108e-03 9.435550000000000326e-01 -3.312160000000000104e-01 1.039999999999999936e-04
3.000000000000000000e+00 5.800000000000000000e+01 3.100000000000000000e+01 0.000000000000000000e+00 1.600000000000000089e+00 -1.404000000000000083e-03 -4.839000000000000419e-03 9.999869999999999592e-01 -7.943989999999999663e-01 -6.073819999999999775e-01 -4.054000000000000312e-03 6.073939999999999895e-01 -7.943949999999999623e-01 -2.991000000000000169e-03
6.000000000000000000e+00 5.800000000000000000e+01 3.100000000000000000e+01 0.000000000000000000e+00 1.600000000000000089e+00 -3.680000000000000111e-03 -4.505000000000000324e-03 9.999829999999999552e-01 -7.960049999999999626e-01 -6.052640000000000242e-01 -5.655999999999999570e-03 6.052790000000000115e-01 -7.960120000000000529e-01 -1.358999999999999965e-03
1.100000000000000000e+01 5.800000000000000000e+01 3.100000000000000000e+01 0.000000000000000000e+00 1.600000000000000089e+00 -5.046000000000000138e-03 -2.383000000000000135e-03 9.999850000000000128e-01 -8.009690000000000420e-01 -5.986799999999999899e-01 -5.467999999999999770e-03 5.986839999999999939e-01 -8.009849999999999470e-01 1.111999999999999924e-03
1.900000000000000000e+01 5.800000000000000000e+01 3.100000000000000000e+01 0.000000000000000000e+00 1.600000000000000089e+00 6.769999999999999759e-04 -7.069999999999999462e-04 1.000000000000000000e+00 -7.986600000000000366e-01 -6.017820000000000391e-01 1.150000000000000035e-04 6.017820000000000391e-01 -7.986600000000000366e-01 -9.719999999999999907e-04
2.300000000000000000e+01 5.800000000000000000e+01 3.100000000000000000e+01 0.000000000000000000e+00 1.600000000000000089e+00 -6.109999999999999980e-04 -1.677000000000000105e-03 9.999980000000000535e-01 -7.974649999999999794e-01 -6.033640000000000114e-01 -1.498999999999999898e-03 6.033650000000000402e-01 -7.974639999999999507e-01 -9.690000000000000262e-04
2.600000000000000000e+01 5.800000000000000000e+01 3.100000000000000000e+01 0.000000000000000000e+00 1.600000000000000089e+00 -3.567999999999999991e-03 -4.327000000000000117e-03 9.999839999999999840e-01 -7.972970000000000335e-01 -6.035629999999999606e-01 -5.457000000000000045e-03 6.035770000000000302e-01 -7.973040000000000127e-01 -1.296000000000000060e-03
2.100000000000000000e+01 1.800000000000000000e+01 3.400000000000000000e+01 0.000000000000000000e+00 1.600000000000000089e+00 -1.265000000000000065e-03 -6.258999999999999807e-03 -9.999799999999999800e-01 -3.111860000000000182e-01 -9.503279999999999506e-01 6.342000000000000415e-03 -9.503479999999999706e-01 3.111869999999999914e-01 -7.450000000000000025e-04
2.600000000000000000e+01 1.800000000000000000e+01 3.400000000000000000e+01 0.000000000000000000e+00 1.600000000000000089e+00 -3.099999999999999999e-04 -1.910000000000000022e-03 -9.999980000000000535e-01 -3.057409999999999850e-01 -9.521129999999999871e-01 1.912999999999999987e-03 -9.521150000000000446e-01 3.057409999999999850e-01 -2.880000000000000073e-04
2.900000000000000000e+01 1.800000000000000000e+01 3.400000000000000000e+01 0.000000000000000000e+00 1.600000000000000089e+00 8.379999999999999862e-04 2.588000000000000023e-03 -9.999959999999999960e-01 -3.029899999999999816e-01 -9.529900000000000038e-01 -2.720000000000000195e-03 -9.529929999999999790e-01 3.029910000000000103e-01 -1.500000000000000038e-05
3.000000000000000000e+00 4.600000000000000000e+01 3.500000000000000000e+01 0.000000000000000000e+00 1.600000000000000089e+00 -3.240000000000000150e-04 4.342999999999999639e-03 -9.999909999999999632e-01 3.938800000000000079e-01 -9.191529999999999978e-01 -4.119000000000000265e-03 -9.191620000000000346e-01 -3.938769999999999771e-01 -1.412999999999999977e-03
8.000000000000000000e+00 4.600000000000000000e+01 3.500000000000000000e+01 0.000000000000000000e+00 1.600000000000000089e+00 1.546999999999999981e-03 4.996999999999999706e-03 -9.999860000000000415e-01 3.957359999999999767e-01 -9.183559999999999501e-01 -3.976999999999999633e-03 -9.183630000000000404e-01 -3.957240000000000202e-01 -3.397999999999999979e-03
1.400000000000000000e+01 4.600000000000000000e+01 3.500000000000000000e+01 0.000000000000000000e+00 1.600000000000000089e+00 -2.200000000000000133e-03 -1.520000000000000084e-03 -9.999959999999999960e-01 3.953499999999999792e-01 -9.185299999999999576e-01 5.270000000000000162e-04 -9.185280000000000111e-01 -3.953470000000000040e-01 2.621000000000000066e-03
1.900000000000000000e+01 4.600000000000000000e+01 3.500000000000000000e+01 0.000000000000000000e+00 1.600000000000000089e+00 6.520000000000000188e-04 -1.063399999999999936e-02 -9.999430000000000263e-01 3.921549999999999758e-01 -9.198439999999999950e-01 1.003800000000000005e-02 -9.198990000000000222e-01 -3.921399999999999886e-01 3.569999999999999823e-03
2.400000000000000000e+01 4.600000000000000000e+01 3.500000000000000000e+01 0.000000000000000000e+00 1.600000000000000089e+00 1.025000000000000086e-03 -6.627000000000000078e-03 -9.999770000000000048e-01 3.920199999999999796e-01 -9.199340000000000295e-01 6.498000000000000304e-03 -9.199559999999999960e-01 -3.920179999999999776e-01 1.655000000000000004e-03
2.700000000000000000e+01 4.600000000000000000e+01 3.500000000000000000e+01 0.000000000000000000e+00 1.600000000000000089e+00 -9.389999999999999476e-04 -6.030000000000000204e-04 -9.999989999999999712e-01 3.923659999999999926e-01 -9.198089999999999877e-01 1.869999999999999917e-04 -9.198089999999999877e-01 -3.923650000000000193e-01 1.100999999999999982e-03
1.000000000000000000e+00 9.500000000000000000e+01 3.600000000000000000e+01 0.000000000000000000e+00 1.600000000000000089e+00 -7.988000000000000309e-03 -8.810999999999999388e-03 9.999289999999999567e-01 9.986650000000000249e-01 5.096900000000000042e-02 8.427999999999999728e-03 -5.104000000000000203e-02 9.986610000000000209e-01 8.392000000000000154e-03
7.000000000000000000e+00 9.500000000000000000e+01 3.600000000000000000e+01 0.000000000000000000e+00 1.600000000000000089e+00 8.422000000000000666e-03 2.041600000000000012e-02 9.997559999999999780e-01 9.983710000000000084e-01 5.625299999999999745e-02 -9.558999999999999789e-03 -5.643499999999999905e-02 9.982079999999999842e-01 -1.990899999999999961e-02
1.300000000000000000e+01 9.500000000000000000e+01 3.600000000000000000e+01 0.000000000000000000e+00 1.600000000000000089e+00 7.570999999999999605e-03 1.118000000000000070e-02 9.999090000000000478e-01 9.981240000000000112e-01 6.066200000000000064e-02 -8.236000000000000265e-03 -6.074800000000000338e-02 9.980959999999999832e-01 -1.069999999999999944e-02
1.600000000000000000e+01 9.500000000000000000e+01 3.600000000000000000e+01 0.000000000000000000e+00 1.600000000000000089e+00 8.113000000000000420e-03 7.074000000000000427e-03 9.999419999999999975e-01 9.976530000000000120e-01 6.793799999999999839e-02 -8.574999999999999289e-03 -6.799399999999999888e-02 9.976650000000000240e-01 -6.505999999999999631e-03
2.400000000000000000e+01 9.500000000000000000e+01 3.600000000000000000e+01 0.000000000000000000e+00 1.600000000000000089e+00 4.205000000000000404e-03 -1.575899999999999870e-02 9.998669999999999503e-01 9.972630000000000106e-01 7.387399999999999523e-02 -3.030000000000000141e-03 -7.381699999999999373e-02 9.971430000000000016e-01 1.602599999999999858e-02
2.800000000000000000e+01 9.500000000000000000e+01 3.600000000000000000e+01 0.000000000000000000e+00 1.600000000000000089e+00 2.262999999999999821e-03 -4.242400000000000337e-02 9.990970000000000129e-01 9.971600000000000463e-01 7.530199999999999394e-02 9.389999999999999476e-04 -7.527399999999999369e-02 9.962579999999999769e-01 4.247399999999999787e-02
5.000000000000000000e+00 3.000000000000000000e+00 4.300000000000000000e+01 0.000000000000000000e+00 1.600000000000000089e+00 -6.501999999999999967e-03 -2.345399999999999915e-02 -9.997040000000000370e-01 7.401299999999999546e-01 -6.723740000000000272e-01 1.096100000000000026e-02 -6.724320000000000297e-01 -7.398400000000000531e-01 2.173100000000000032e-02
1.500000000000000000e+01 3.000000000000000000e+00 4.300000000000000000e+01 0.000000000000000000e+00 1.600000000000000089e+00 -4.512999999999999651e-03 -1.361999999999999929e-03 -9.999890000000000168e-01 7.375890000000000502e-01 -6.752449999999999841e-01 -2.409000000000000117e-03 -6.752350000000000296e-01 -7.375920000000000254e-01 4.052000000000000046e-03
2.200000000000000000e+01 3.000000000000000000e+00 4.300000000000000000e+01 0.000000000000000000e+00 1.600000000000000089e+00 2.648000000000000180e-03 1.152500000000000052e-02 -9.999299999999999855e-01 7.347299999999999942e-01 -6.783350000000000213e-01 -5.872999999999999748e-03 -6.783550000000000413e-01 -7.346629999999999550e-01 -1.026400000000000055e-02
2.600000000000000000e+01 3.000000000000000000e+00 4.300000000000000000e+01 0.000000000000000000e+00 1.600000000000000089e+00 2.354999999999999889e-03 -1.036999999999999944e-03 -9.999970000000000248e-01 7.375880000000000214e-01 -6.752470000000000416e-01 2.438000000000000063e-03 -6.752470000000000416e-01 -7.375909999999999966e-01 -8.249999999999999955e-04
3.000000000000000000e+01 3.000000000000000000e+00 4.300000000000000000e+01 0.000000000000000000e+00 1.600000000000000089e+00 3.304000000000000079e-03 4.871999999999999595e-03 -9.999829999999999552e-01 7.390010000000000190e-01 -6.737030000000000518e-01 -8.409999999999999507e-04 -6.736959999999999615e-01 -7.389860000000000317e-01 -5.826999999999999715e-03
2.300000000000000000e+01 8.000000000000000000e+00 4.400000000000000000e+01 0.000000000000000000e+00 1.600000000000000089e+00 -2.197999999999999867e-03 4.638999999999999894e-03 9.999869999999999592e-01 -7.825149999999999606e-01 -6.226300000000000168e-01 1.167999999999999984e-03 6.226270000000000415e-01 -7.825020000000000309e-01 4.998999999999999971e-03
3.000000000000000000e+00 2.900000000000000000e+01 4.400000000000000000e+01 0.000000000000000000e+00 1.600000000000000089e+00 -5.749999999999999903e-04 1.920000000000000049e-03 -9.999980000000000535e-01 6.549129999999999674e-01 7.557040000000000424e-01 1.074000000000000085e-03 7.557040000000000424e-01 -6.549110000000000209e-01 -1.691999999999999928e-03
7.000000000000000000e+00 2.900000000000000000e+01 4.400000000000000000e+01 0.000000000000000000e+00 1.600000000000000089e+00 -1.800000000000000113e-04 3.020999999999999814e-03 -9.999949999999999672e-01 6.527800000000000269e-01 7.575450000000000239e-01 2.171000000000000187e-03 7.575479999999999992e-01 -6.527760000000000229e-01 -2.108000000000000065e-03
1.000000000000000000e+01 2.900000000000000000e+01 4.400000000000000000e+01 0.000000000000000000e+00 1.600000000000000089e+00 -1.732999999999999948e-03 3.190000000000000019e-04 -9.999980000000000535e-01 6.554100000000000481e-01 7.552729999999999722e-01 -8.949999999999999623e-04 7.552710000000000257e-01 -6.554109999999999658e-01 -1.518000000000000035e-03
1.400000000000000000e+01 2.900000000000000000e+01 4.400000000000000000e+01 0.000000000000000000e+00 1.600000000000000089e+00 -3.363999999999999803e-03 -2.086999999999999880e-03 -9.999919999999999920e-01 6.611949999999999772e-01 7.502050000000000107e-01 -3.789999999999999966e-03 7.502069999999999572e-01 -6.612019999999999564e-01 -1.144000000000000052e-03
1.700000000000000000e+01 2.900000000000000000e+01 4.400000000000000000e+01 0.000000000000000000e+00 1.600000000000000089e+00 -1.853999999999999962e-03 -2.069999999999999792e-03 -9.999959999999999960e-01 6.653780000000000250e-01 7.465009999999999701e-01 -2.778999999999999786e-03 7.465039999999999454e-01 -6.653810000000000002e-01 -6.999999999999999895e-06
2.100000000000000000e+01 2.900000000000000000e+01 4.400000000000000000e+01 0.000000000000000000e+00 1.600000000000000089e+00 -7.860000000000000233e-04 -2.289999999999999935e-03 -9.999970000000000248e-01 6.674390000000000045e-01 7.446610000000000174e-01 -2.230000000000000211e-03 7.446639999999999926e-01 -6.674390000000000045e-01 9.430000000000000448e-04
2.500000000000000000e+01 2.900000000000000000e+01 4.400000000000000000e+01 0.000000000000000000e+00 1.600000000000000089e+00 3.800000000000000209e-04 1.041000000000000042e-03 -9.999989999999999712e-01 6.692489999999999828e-01 7.430379999999999763e-01 1.028000000000000051e-03 7.430379999999999763e-01 -6.692489999999999828e-01 -4.139999999999999800e-04
2.900000000000000000e+01 2.900000000000000000e+01 4.400000000000000000e+01 0.000000000000000000e+00 1.600000000000000089e+00 1.168999999999999900e-03 1.965000000000000167e-03 -9.999970000000000248e-01 6.661390000000000366e-01 7.458249999999999602e-01 2.243999999999999901e-03 7.458270000000000177e-01 -6.661399999999999544e-01 -4.369999999999999970e-04
1.300000000000000000e+01 7.000000000000000000e+01 4.700000000000000000e+01 0.000000000000000000e+00 1.600000000000000089e+00 1.958000000000000105e-03 -1.291000000000000047e-03 -9.999970000000000248e-01 -8.454380000000000228e-01 -5.340730000000000199e-01 -9.659999999999999533e-04 -5.340700000000000447e-01 8.454369999999999941e-01 -2.137000000000000011e-03
2.000000000000000000e+00 5.000000000000000000e+00 5.100000000000000000e+01 0.000000000000000000e+00 1.600000000000000089e+00 -2.010000000000000068e-04 -5.751000000000000036e-03 -9.999829999999999552e-01 4.794869999999999965e-01 -8.775349999999999540e-01 4.950000000000000407e-03 -8.775490000000000235e-01 -4.794780000000000153e-01 2.933999999999999976e-03
8.000000000000000000e+00 5.000000000000000000e+00 5.100000000000000000e+01 0.000000000000000000e+00 1.600000000000000089e+00 -4.699000000000000052e-03 -1.485000000000000035e-02 -9.998789999999999623e-01 4.847040000000000237e-01 -8.746129999999999738e-01 1.071199999999999930e-02 -8.746660000000000545e-01 -4.845949999999999980e-01 1.130800000000000034e-02
1.100000000000000000e+01 6.000000000000000000e+00 5.100000000000000000e+01 0.000000000000000000e+00 1.600000000000000089e+00 -4.291999999999999808e-03 -1.625700000000000062e-02 -9.998590000000000533e-01 3.162639999999999896e-01 -9.485670000000000490e-01 1.406499999999999938e-02 -9.486620000000000053e-01 -3.161590000000000233e-01 9.213000000000000703e-03
1.400000000000000000e+01 6.000000000000000000e+00 5.100000000000000000e+01 0.000000000000000000e+00 1.600000000000000089e+00 -4.959999999999999999e-03 -1.636200000000000154e-02 -9.998540000000000205e-01 3.144399999999999973e-01 -9.491749999999999909e-01 1.397299999999999931e-02 -9.492639999999999967e-01 -3.143239999999999923e-01 9.853000000000000647e-03
1.800000000000000000e+01 6.000000000000000000e+00 5.100000000000000000e+01 0.000000000000000000e+00 1.600000000000000089e+00 -5.538999999999999653e-03 -1.005200000000000017e-02 -9.999339999999999895e-01 3.196840000000000237e-01 -9.474930000000000296e-01 7.753999999999999608e-03 -9.475080000000000169e-01 -3.196200000000000152e-01 8.462000000000000771e-03
1.700000000000000000e+01 7.000000000000000000e+00 5.200000000000000000e+01 0.000000000000000000e+00 1.600000000000000089e+00 -7.029999999999999791e-03 -9.348000000000000406e-03 -9.999320000000000430e-01 1.192190000000000055e-01 -9.928320000000000478e-01 8.444000000000000117e-03 -9.928430000000000311e-01 -1.191510000000000069e-01 8.094000000000000500e-03
5.000000000000000000e+00 6.300000000000000000e+01 5.400000000000000000e+01 0.000000000000000000e+00 1.600000000000000089e+00 -1.137999999999999906e-03 2.556000000000000112e-03 9.999959999999999960e-01 -3.528879999999999795e-01 9.356609999999999649e-01 -2.792999999999999910e-03 -9.356649999999999689e-01 -3.528899999999999815e-01 -1.630000000000000047e-04
1.600000000000000000e+01 6.300000000000000000e+01 5.400000000000000000e+01 0.000000000000000000e+00 1.600000000000000089e+00 -2.497999999999999787e-03 -4.416999999999999919e-03 9.999869999999999592e-01 -3.382850000000000024e-01 9.410380000000000411e-01 3.311000000000000141e-03 -9.410399999999999876e-01 -3.382720000000000171e-01 -3.844999999999999894e-03
2.300000000000000000e+01 6.300000000000000000e+01 5.400000000000000000e+01 0.000000000000000000e+00 1.600000000000000089e+00 1.015000000000000060e-03 1.340000000000000045e-04 1.000000000000000000e+00 -3.346390000000000198e-01 9.423470000000000457e-01 2.130000000000000003e-04 -9.423460000000000170e-01 -3.346390000000000198e-01 1.002000000000000069e-03
2.000000000000000000e+00 6.800000000000000000e+01 5.700000000000000000e+01 0.000000000000000000e+00 1.600000000000000089e+00 -1.270999999999999994e-03 -1.598000000000000028e-03 -9.999980000000000535e-01 -2.468229999999999869e-01 -9.690590000000000037e-01 1.861999999999999940e-03 -9.690600000000000325e-01 2.468249999999999889e-01 8.369999999999999619e-04
1.500000000000000000e+01 2.000000000000000000e+01 6.000000000000000000e+01 0.000000000000000000e+00 1.600000000000000089e+00 -2.519999999999999996e-04 -9.721000000000000474e-03 9.999529999999999808e-01 -6.189000000000000057e-02 9.980360000000000342e-01 9.686999999999999431e-03 -9.980830000000000535e-01 -6.188400000000000151e-02 -8.530000000000000256e-04
5.000000000000000000e+00 2.100000000000000000e+01 6.000000000000000000e+01 0.000000000000000000e+00 1.600000000000000089e+00 -6.319999999999999663e-04 -4.586999999999999932e-03 9.999890000000000168e-01 -9.883899999999999630e-02 9.950930000000000053e-01 4.501999999999999925e-03 -9.951029999999999598e-01 -9.883500000000000618e-02 -1.082000000000000062e-03
1.100000000000000000e+01 2.100000000000000000e+01 6.000000000000000000e+01 0.000000000000000000e+00 1.600000000000000089e+00 -8.199999999999999824e-04 -7.721000000000000432e-03 9.999700000000000255e-01 -9.763299999999999756e-02 9.951929999999999943e-01 7.603999999999999648e-03 -9.952220000000000510e-01 -9.762400000000000244e-02 -1.569999999999999998e-03
1.600000000000000000e+01 2.100000000000000000e+01 6.000000000000000000e+01 0.000000000000000000e+00 1.600000000000000089e+00 2.990000000000000036e-04 -4.856000000000000073e-03 9.999879999999999880e-01 -9.548099999999999643e-02 9.954190000000000538e-01 4.863000000000000135e-03 -9.954309999999999548e-01 -9.548199999999999743e-02 -1.659999999999999963e-04
2.200000000000000000e+01 2.100000000000000000e+01 6.000000000000000000e+01 0.000000000000000000e+00 1.600000000000000089e+00 -5.670000000000000127e-04 -9.053999999999999548e-03 9.999590000000000423e-01 -9.321100000000000219e-02 9.956059999999999910e-01 8.961999999999999481e-03 -9.956460000000000310e-01 -9.320199999999999319e-02 -1.407999999999999963e-03
2.600000000000000000e+01 2.100000000000000000e+01 6.000000000000000000e+01 0.000000000000000000e+00 1.600000000000000089e+00 -1.639000000000000049e-03 -7.178999999999999618e-03 9.999730000000000008e-01 -9.282799999999999385e-02 9.956580000000000430e-01 6.995999999999999615e-03 -9.956810000000000382e-01 -9.281399999999999373e-02 -2.298999999999999828e-03
4.000000000000000000e+00 2.700000000000000000e+01 6.300000000000000000e+01 0.000000000000000000e+00 1.600000000000000089e+00 1.157000000000000042e-03 -3.242999999999999789e-03 9.999940000000000495e-01 -2.742029999999999745e-01 9.616660000000000208e-01 3.435999999999999818e-03 -9.616710000000000536e-01 -2.742049999999999765e-01 2.239999999999999966e-04
9.000000000000000000e+00 2.700000000000000000e+01 6.300000000000000000e+01 0.000000000000000000e+00 1.600000000000000089e+00 -3.380000000000000192e-03 -4.278999999999999818e-03 9.999850000000000128e-01 -2.739840000000000053e-01 9.617289999999999450e-01 3.188999999999999994e-03 -9.617280000000000273e-01 -2.739699999999999913e-01 -4.422999999999999848e-03
1.600000000000000000e+01 2.700000000000000000e+01 6.300000000000000000e+01 0.000000000000000000e+00 1.600000000000000089e+00 1.077999999999999965e-03 -3.491000000000000179e-03 9.999930000000000208e-01 -2.787310000000000065e-01 9.603620000000000489e-01 3.652999999999999997e-03 -9.603690000000000282e-01 -2.787330000000000085e-01 6.200000000000000270e-05
2.000000000000000000e+01 2.700000000000000000e+01 6.300000000000000000e+01 0.000000000000000000e+00 1.600000000000000089e+00 1.978999999999999856e-03 -4.891000000000000382e-03 9.999860000000000415e-01 -2.802990000000000204e-01 9.598980000000000290e-01 5.250000000000000326e-03 -9.599109999999999587e-01 -2.803059999999999996e-01 5.289999999999999564e-04
2.400000000000000000e+01 2.700000000000000000e+01 6.300000000000000000e+01 0.000000000000000000e+00 1.600000000000000089e+00 8.080000000000000160e-04 -3.403000000000000209e-03 9.999940000000000495e-01 -2.816330000000000222e-01 9.595160000000000355e-01 3.493000000000000011e-03 -9.595219999999999860e-01 -2.816339999999999955e-01 -1.830000000000000029e-04
3.000000000000000000e+00 2.600000000000000000e+01 6.400000000000000000e+01 0.000000000000000000e+00 1.600000000000000089e+00 1.685999999999999999e-03 -5.590000000000000351e-04 9.999980000000000535e-01 -3.574709999999999832e-01 9.339239999999999764e-01 1.124999999999999915e-03 -9.339229999999999476e-01 -3.574720000000000120e-01 1.374999999999999920e-03
8.000000000000000000e+00 2.600000000000000000e+01 6.400000000000000000e+01 0.000000000000000000e+00 1.600000000000000089e+00 -2.096999999999999906e-03 -2.982999999999999974e-03 9.999930000000000208e-01 -3.554930000000000034e-01 9.346769999999999801e-01 2.043000000000000111e-03 -9.346769999999999801e-01 -3.554860000000000242e-01 -3.020999999999999814e-03
2.000000000000000000e+01 2.600000000000000000e+01 6.400000000000000000e+01 0.000000000000000000e+00 1.600000000000000089e+00 3.030000000000000141e-03 -7.846000000000000543e-03 9.999649999999999928e-01 -3.636980000000000213e-01 9.314789999999999459e-01 8.411000000000000074e-03 -9.315120000000000067e-01 -3.637110000000000065e-01 -3.100000000000000135e-05
2.800000000000000000e+01 8.900000000000000000e+01 6.400000000000000000e+01 0.000000000000000000e+00 1.600000000000000089e+00 -7.124800000000000577e-02 -1.005169999999999952e-01 -9.923809999999999576e-01 9.779250000000000442e-01 1.888950000000000073e-01 -8.934300000000000574e-02 1.964359999999999995e-01 -9.768390000000000128e-01 8.483999999999999875e-02
2.600000000000000000e+01 8.200000000000000000e+01 7.000000000000000000e+01 0.000000000000000000e+00 1.600000000000000089e+00 7.539069999999999938e-01 -4.485399999999999943e-01 4.800380000000000202e-01 -5.052290000000000392e-01 -8.628900000000000459e-01 -1.280099999999999988e-02 4.199620000000000020e-01 -2.328780000000000017e-01 -8.771539999999999893e-01
