8.000000000000000000e+00 1.600000000000000000e+01 4.000000000000000000e+00 0.000000000000000000e+00 1.600000000000000089e+00 -1.010999999999999963e-03 1.478100000000000074e-02 9.998899999999999455e-01 3.159730000000000039e-01 -9.486599999999999477e-01 1.434299999999999985e-02 9.487670000000000270e-01 3.159529999999999839e-01 -3.710999999999999889e-03
1.400000000000000000e+01 1.600000000000000000e+01 4.000000000000000000e+00 0.000000000000000000e+00 1.600000000000000089e+00 -1.890000000000000133e-04 1.139000000000000038e-03 9.999989999999999712e-01 3.192579999999999862e-01 -9.476670000000000371e-01 1.139999999999999954e-03 9.476679999999999549e-01 3.192579999999999862e-01 -1.849999999999999973e-04
1.800000000000000000e+01 1.600000000000000000e+01 4.000000000000000000e+00 0.000000000000000000e+00 1.600000000000000089e+00 6.949999999999999798e-04 -1.270300000000000075e-02 9.999190000000000023e-01 3.175600000000000089e-01 -9.481589999999999741e-01 -1.226600000000000086e-02 9.482380000000000253e-01 3.175430000000000197e-01 3.374999999999999962e-03
2.200000000000000000e+01 1.600000000000000000e+01 4.000000000000000000e+00 0.000000000000000000e+00 1.600000000000000089e+00 1.640000000000000019e-04 -1.217700000000000032e-02 9.999259999999999815e-01 3.160729999999999928e-01 -9.486639999999999517e-01 -1.160500000000000073e-02 9.487349999999999950e-01 3.160519999999999996e-01 3.693000000000000102e-03
5.000000000000000000e+00 1.010000000000000000e+02 7.000000000000000000e+00 0.000000000000000000e+00 1.600000000000000089e+00 2.300000000000000070e-04 1.420999999999999954e-03 9.999989999999999712e-01 8.896669999999999856e-01 4.566100000000000159e-01 -8.530000000000000256e-04 -4.566109999999999891e-01 8.896659999999999568e-01 -1.159000000000000091e-03
1.100000000000000000e+01 1.010000000000000000e+02 7.000000000000000000e+00 0.000000000000000000e+00 1.600000000000000089e+00 -9.200000000000000007e-05 -2.229999999999999994e-04 1.000000000000000000e+00 8.900249999999999551e-01 4.559110000000000107e-01 1.840000000000000001e-04 -4.559110000000000107e-01 8.900249999999999551e-01 1.559999999999999972e-04
6.000000000000000000e+00 2.600000000000000000e+01 8.000000000000000000e+00 0.000000000000000000e+00 1.600000000000000089e+00 -3.780000000000000265e-04 -6.596000000000000300e-03 -9.999780000000000335e-01 4.233700000000000241e-01 9.059359999999999635e-01 -6.134999999999999828e-03 9.059570000000000123e-01 -4.233629999999999893e-01 2.449999999999999921e-03
1.300000000000000000e+01 2.600000000000000000e+01 8.000000000000000000e+00 0.000000000000000000e+00 1.600000000000000089e+00 -2.066000000000000128e-03 6.689999999999999766e-03 -9.999749999999999472e-01 4.232920000000000016e-01 9.059789999999999788e-01 5.186999999999999771e-03 9.059909999999999908e-01 -4.232710000000000083e-01 -4.703999999999999848e-03
1.800000000000000000e+01 2.600000000000000000e+01 8.000000000000000000e+00 0.000000000000000000e+00 1.600000000000000089e+00 -2.096000000000000207e-03 1.470300000000000079e-02 -9.998899999999999455e-01 4.251650000000000151e-01 9.050300000000000011e-01 1.241699999999999922e-02 9.051129999999999454e-01 -4.250920000000000254e-01 -8.148000000000000728e-03
2.300000000000000000e+01 2.600000000000000000e+01 8.000000000000000000e+00 0.000000000000000000e+00 1.600000000000000089e+00 4.354000000000000231e-03 -1.044100000000000063e-02 -9.999360000000000470e-01 4.271949999999999914e-01 9.041280000000000427e-01 -7.579999999999999932e-03 9.041489999999999805e-01 -4.271349999999999869e-01 8.396999999999999950e-03
2.900000000000000000e+01 2.600000000000000000e+01 8.000000000000000000e+00 0.000000000000000000e+00 1.600000000000000089e+00 2.170000000000000054e-03 9.100999999999999715e-03 -9.999559999999999560e-01 4.257259999999999933e-01 9.048059999999999992e-01 9.159000000000000474e-03 9.048490000000000144e-01 -4.257279999999999953e-01 -1.912000000000000071e-03
5.000000000000000000e+00 1.400000000000000000e+01 9.000000000000000000e+00 0.000000000000000000e+00 1.600000000000000089e+00 4.588000000000000064e-03 1.240499999999999936e-02 -9.999130000000000518e-01 -5.594259999999999788e-01 -8.287799999999999612e-01 -1.284899999999999931e-02 -8.288670000000000204e-01 5.594360000000000444e-01 3.137000000000000031e-03
1.000000000000000000e+01 1.400000000000000000e+01 9.000000000000000000e+00 0.000000000000000000e+00 1.600000000000000089e+00 1.309000000000000051e-03 8.621000000000000191e-03 -9.999620000000000175e-01 -5.574719999999999676e-01 -8.301579999999999515e-01 -7.886999999999999914e-03 -8.301950000000000163e-01 5.574609999999999843e-01 3.719000000000000083e-03
1.300000000000000000e+01 1.400000000000000000e+01 9.000000000000000000e+00 0.000000000000000000e+00 1.600000000000000089e+00 8.459999999999999638e-04 -3.780000000000000265e-04 -1.000000000000000000e+00 -5.568440000000000056e-01 -8.306170000000000497e-01 -1.569999999999999944e-04 -8.306170000000000497e-01 5.568429999999999769e-01 -9.129999999999999661e-04
1.600000000000000000e+01 1.400000000000000000e+01 9.000000000000000000e+00 0.000000000000000000e+00 1.600000000000000089e+00 -1.019999999999999992e-04 -2.076999999999999853e-03 -9.999980000000000535e-01 -5.564179999999999682e-01 -8.308999999999999719e-01 1.781999999999999947e-03 -8.309020000000000294e-01 5.564170000000000504e-01 -1.069999999999999988e-03
2.200000000000000000e+01 1.400000000000000000e+01 9.000000000000000000e+00 0.000000000000000000e+00 1.600000000000000089e+00 -3.062000000000000052e-03 -1.236199999999999972e-02 -9.999190000000000023e-01 -5.586609999999999632e-01 -8.293099999999999916e-01 1.196400000000000068e-02 -8.293899999999999606e-01 5.586529999999999552e-01 -4.367000000000000222e-03
3.000000000000000000e+01 1.400000000000000000e+01 9.000000000000000000e+00 0.000000000000000000e+00 1.600000000000000089e+00 -3.530000000000000152e-04 -1.516999999999999902e-03 -9.999989999999999712e-01 -5.601639999999999953e-01 -8.283810000000000340e-01 1.453999999999999997e-03 -8.283819999999999517e-01 5.601629999999999665e-01 -5.569999999999999864e-04
1.500000000000000000e+01 1.020000000000000000e+02 9.000000000000000000e+00 0.000000000000000000e+00 1.600000000000000089e+00 8.100000000000000375e-05 2.102000000000000136e-03 9.999980000000000535e-01 9.253379999999999939e-01 3.791419999999999790e-01 -8.720000000000000537e-04 -3.791430000000000078e-01 9.253360000000000474e-01 -1.913999999999999903e-03
1.700000000000000000e+01 1.040000000000000000e+02 1.100000000000000000e+01 0.000000000000000000e+00 1.600000000000000089e+00 -2.155999999999999930e-03 -5.529999999999999976e-04 9.999980000000000535e-01 -9.733070000000000332e-01 -2.294940000000000035e-01 -2.224999999999999981e-03 2.294950000000000045e-01 -9.733100000000000085e-01 -4.300000000000000165e-05
1.000000000000000000e+00 3.500000000000000000e+01 1.200000000000000000e+01 0.000000000000000000e+00 1.600000000000000089e+00 -2.164999999999999824e-03 -5.090000000000000123e-04 -9.999980000000000535e-01 4.661609999999999920e-01 -8.847000000000000419e-01 -5.590000000000000351e-04 -8.846969999999999557e-01 -4.661609999999999920e-01 2.151999999999999833e-03
9.000000000000000000e+00 3.200000000000000000e+01 1.400000000000000000e+01 0.000000000000000000e+00 1.600000000000000089e+00 2.262000000000000122e-03 -4.150000000000000043e-04 -9.999970000000000248e-01 1.100890000000000063e-01 9.939219999999999722e-01 -1.630000000000000047e-04 9.939189999999999969e-01 -1.100880000000000053e-01 2.294000000000000032e-03
1.700000000000000000e+01 3.200000000000000000e+01 1.400000000000000000e+01 0.000000000000000000e+00 1.600000000000000089e+00 -1.789400000000000018e-02 4.913599999999999912e-02 -9.986319999999999641e-01 9.186500000000000221e-02 9.946479999999999766e-01 4.729400000000000270e-02 9.956110000000000237e-01 -9.089300000000000157e-02 -2.231199999999999850e-02
2.100000000000000000e+01 3.200000000000000000e+01 1.400000000000000000e+01 0.000000000000000000e+00 1.600000000000000089e+00 1.870000000000000134e-02 -4.055700000000000277e-02 -9.990019999999999456e-01 9.216900000000000093e-02 9.949919999999999876e-01 -3.866900000000000198e-02 9.955680000000000085e-01 -9.135400000000000464e-02 2.234399999999999928e-02
1.000000000000000000e+01 1.200000000000000000e+01 1.500000000000000000e+01 0.000000000000000000e+00 1.600000000000000089e+00 2.567999999999999970e-03 5.460000000000000443e-04 -9.999970000000000248e-01 -4.650349999999999762e-01 -8.852910000000000501e-01 -1.678000000000000021e-03 -8.852879999999999638e-01 4.650380000000000069e-01 -2.018999999999999961e-03
4.000000000000000000e+00 1.160000000000000000e+02 1.600000000000000000e+01 0.000000000000000000e+00 1.600000000000000089e+00 -1.977000000000000025e-03 -4.375000000000000416e-03 9.999890000000000168e-01 6.862740000000000506e-01 7.273290000000000033e-01 4.538999999999999632e-03 -7.273399999999999865e-01 6.862749999999999684e-01 1.564999999999999985e-03
8.000000000000000000e+00 2.000000000000000000e+00 1.900000000000000000e+01 0.000000000000000000e+00 1.600000000000000089e+00 3.321999999999999866e-03 -5.429999999999999931e-03 -9.999799999999999800e-01 1.290620000000000100e-01 -9.916199999999999459e-01 5.812999999999999591e-03 -9.916310000000000402e-01 -1.290779999999999983e-01 -2.592999999999999819e-03
1.200000000000000000e+01 2.000000000000000000e+00 1.900000000000000000e+01 0.000000000000000000e+00 1.600000000000000089e+00 -4.229999999999999819e-04 -1.660000000000000017e-03 -9.999980000000000535e-01 1.258680000000000077e-01 -9.920459999999999834e-01 1.593999999999999931e-03 -9.920470000000000121e-01 -1.258680000000000077e-01 6.290000000000000018e-04
1.800000000000000000e+01 2.000000000000000000e+00 1.900000000000000000e+01 0.000000000000000000e+00 1.600000000000000089e+00 -1.356999999999999916e-03 4.174999999999999892e-03 -9.999900000000000455e-01 1.327830000000000121e-01 -9.911360000000000170e-01 -4.317999999999999790e-03 -9.911440000000000250e-01 -1.327879999999999894e-01 7.910000000000000364e-04
2.100000000000000000e+01 2.000000000000000000e+00 1.900000000000000000e+01 0.000000000000000000e+00 1.600000000000000089e+00 -7.209999999999999612e-04 5.074999999999999650e-03 -9.999869999999999592e-01 1.331789999999999918e-01 -9.910790000000000433e-01 -5.126000000000000348e-03 -9.910919999999999730e-01 -1.331809999999999938e-01 3.899999999999999929e-05
3.000000000000000000e+01 2.000000000000000000e+00 1.900000000000000000e+01 0.000000000000000000e+00 1.600000000000000089e+00 2.236999999999999839e-03 -2.013000000000000032e-03 -9.999949999999999672e-01 1.338129999999999875e-01 -9.910039999999999960e-01 2.294000000000000032e-03 -9.910039999999999960e-01 -1.338179999999999925e-01 -1.946999999999999946e-03
2.000000000000000000e+00 1.300000000000000000e+01 2.000000000000000000e+01 0.000000000000000000e+00 1.600000000000000089e+00 2.609000000000000208e-03 -2.030000000000000012e-04 9.999970000000000248e-01 2.488200000000000134e-01 9.685500000000000220e-01 -4.530000000000000064e-04 -9.685460000000000180e-01 2.488200000000000134e-01 2.577999999999999996e-03
9.000000000000000000e+00 1.300000000000000000e+01 2.000000000000000000e+01 0.000000000000000000e+00 1.600000000000000089e+00 7.399999999999999623e-05 -5.682000000000000418e-03 9.999839999999999840e-01 2.480900000000000050e-01 9.687219999999999720e-01 5.486000000000000425e-03 -9.687369999999999592e-01 2.480850000000000000e-01 1.480999999999999895e-03
1.500000000000000000e+01 1.300000000000000000e+01 2.000000000000000000e+01 0.000000000000000000e+00 1.600000000000000089e+00 -4.710000000000000102e-04 7.129999999999999836e-04 1.000000000000000000e+00 2.488940000000000041e-01 9.685310000000000308e-01 -5.739999999999999660e-04 -9.685310000000000308e-01 2.488940000000000041e-01 -6.329999999999999906e-04
2.700000000000000000e+01 1.300000000000000000e+01 2.000000000000000000e+01 0.000000000000000000e+00 1.600000000000000089e+00 -2.262999999999999821e-03 -3.599999999999999901e-03 9.999909999999999632e-01 2.514529999999999821e-01 9.678609999999999713e-01 4.053000000000000179e-03 -9.678670000000000329e-01 2.514600000000000168e-01 -1.284999999999999901e-03
3.000000000000000000e+01 1.600000000000000000e+01 2.100000000000000000e+01 0.000000000000000000e+00 1.600000000000000089e+00 -7.470000000000000511e-04 -3.066000000000000149e-03 9.999949999999999672e-01 3.000200000000000089e-01 9.539279999999999982e-01 3.148999999999999889e-03 -9.539330000000000309e-01 3.000209999999999821e-01 2.079999999999999872e-04
8.000000000000000000e+00 4.600000000000000000e+01 2.700000000000000000e+01 0.000000000000000000e+00 1.600000000000000089e+00 7.519999999999999558e-04 1.642999999999999929e-03 -9.999980000000000535e-01 6.698180000000000245e-01 7.425230000000000441e-01 1.724000000000000055e-03 7.425249999999999906e-01 -6.698180000000000245e-01 -5.419999999999999471e-04
1.300000000000000000e+01 4.600000000000000000e+01 2.700000000000000000e+01 0.000000000000000000e+00 1.600000000000000089e+00 -2.959999999999999958e-03 -3.400000000000000244e-04 -9.999959999999999960e-01 6.703200000000000269e-01 7.420689999999999786e-01 -2.236999999999999839e-03 7.420660000000000034e-01 -6.703240000000000309e-01 -1.968999999999999830e-03
1.100000000000000000e+01 4.600000000000000000e+01 3.000000000000000000e+01 0.000000000000000000e+00 1.600000000000000089e+00 -1.132999999999999893e-03 -8.000000000000000383e-04 -9.999989999999999712e-01 3.303519999999999790e-01 9.438569999999999460e-01 -1.129000000000000012e-03 9.438569999999999460e-01 -3.303530000000000078e-01 -8.050000000000000515e-04
1.900000000000000000e+01 4.600000000000000000e+01 3.000000000000000000e+01 0.000000000000000000e+00 1.600000000000000089e+00 1.753000000000000001e-03 1.183999999999999940e-03 -9.999980000000000535e-01 3.275230000000000086e-01 9.448419999999999597e-01 1.693000000000000060e-03 9.448419999999999597e-01 -3.275250000000000106e-01 1.268000000000000030e-03
2.600000000000000000e+01 4.600000000000000000e+01 3.000000000000000000e+01 0.000000000000000000e+00 1.600000000000000089e+00 -8.109999999999999805e-04 -1.164000000000000104e-03 -9.999989999999999712e-01 3.222929999999999962e-01 9.466390000000000082e-01 -1.363000000000000062e-03 9.466400000000000370e-01 -3.222940000000000249e-01 -3.930000000000000117e-04
3.000000000000000000e+00 5.800000000000000000e+01 3.100000000000000000e+01 0.000000000000000000e+00 1.600000000000000089e+00 -1.997000000000000077e-03 1.108999999999999960e-03 9.999970000000000248e-01 -7.629650000000000043e-01 -6.464389999999999858e-01 -8.069999999999999916e-04 6.464360000000000106e-01 -7.629650000000000043e-01 2.137000000000000011e-03
1.100000000000000000e+01 5.800000000000000000e+01 3.100000000000000000e+01 0.000000000000000000e+00 1.600000000000000089e+00 2.905000000000000030e-03 -1.088999999999999907e-03 9.999949999999999672e-01 -7.603239999999999998e-01 -6.495429999999999815e-01 1.502000000000000080e-03 6.495379999999999487e-01 -7.603239999999999998e-01 -2.714999999999999965e-03
1.500000000000000000e+01 5.800000000000000000e+01 3.100000000000000000e+01 0.000000000000000000e+00 1.600000000000000089e+00 1.920000000000000049e-03 -1.859999999999999945e-04 9.999980000000000535e-01 -7.607019999999999893e-01 -6.491000000000000103e-01 1.340000000000000045e-03 6.490989999999999815e-01 -7.607030000000000181e-01 -1.387999999999999911e-03
2.300000000000000000e+01 5.800000000000000000e+01 3.100000000000000000e+01 0.000000000000000000e+00 1.600000000000000089e+00 -3.615999999999999857e-03 -4.944999999999999743e-03 9.999810000000000088e-01 -7.700970000000000315e-01 -6.378989999999999938e-01 -5.938999999999999835e-03 6.379160000000000386e-01 -7.701040000000000108e-01 -1.502000000000000080e-03
2.600000000000000000e+01 5.800000000000000000e+01 3.100000000000000000e+01 0.000000000000000000e+00 1.600000000000000089e+00 -3.593999999999999972e-03 -4.475999999999999944e-03 9.999839999999999840e-01 -7.695260000000000433e-01 -6.385910000000000197e-01 -5.623999999999999659e-03 6.386060000000000070e-01 -7.695330000000000226e-01 -1.149000000000000065e-03
3.000000000000000000e+01 5.800000000000000000e+01 3.100000000000000000e+01 0.000000000000000000e+00 1.600000000000000089e+00 -4.177000000000000157e-03 -8.200000000000000095e-05 9.999909999999999632e-01 -7.686760000000000259e-01 -6.396309999999999496e-01 -3.262999999999999842e-03 6.396249999999999991e-01 -7.686819999999999764e-01 2.609000000000000208e-03
3.000000000000000000e+00 6.000000000000000000e+00 3.200000000000000000e+01 0.000000000000000000e+00 1.600000000000000089e+00 -3.609999999999999928e-04 -2.897999999999999968e-03 -9.999959999999999960e-01 2.168630000000000002e-01 9.761980000000000102e-01 -2.907999999999999995e-03 9.762020000000000142e-01 -2.168630000000000002e-01 2.759999999999999867e-04
1.100000000000000000e+01 6.000000000000000000e+00 3.200000000000000000e+01 0.000000000000000000e+00 1.600000000000000089e+00 2.066000000000000128e-03 -2.442999999999999859e-03 -9.999949999999999672e-01 2.435029999999999972e-01 9.698980000000000379e-01 -1.866000000000000037e-03 9.698980000000000379e-01 -2.434969999999999912e-01 2.599000000000000182e-03
1.400000000000000000e+01 6.000000000000000000e+00 3.200000000000000000e+01 0.000000000000000000e+00 1.600000000000000089e+00 8.589999999999999546e-04 -1.307999999999999918e-03 -9.999989999999999712e-01 2.445749999999999869e-01 9.696299999999999919e-01 -1.057999999999999913e-03 9.696299999999999919e-01 -2.445740000000000136e-01 1.152999999999999945e-03
1.500000000000000000e+01 2.200000000000000000e+01 3.400000000000000000e+01 0.000000000000000000e+00 1.600000000000000089e+00 6.870000000000000022e-04 -1.744000000000000107e-03 9.999980000000000535e-01 3.787800000000000056e-01 -9.254850000000000021e-01 -1.874999999999999931e-03 9.254869999999999486e-01 3.787800000000000056e-01 2.500000000000000120e-05
2.000000000000000000e+00 4.600000000000000000e+01 3.500000000000000000e+01 0.000000000000000000e+00 1.600000000000000089e+00 -7.519999999999999558e-04 -1.382999999999999898e-03 -9.999989999999999712e-01 3.842990000000000017e-01 -9.232080000000000286e-01 9.879999999999999460e-04 -9.232080000000000286e-01 -3.842979999999999730e-01 1.224999999999999960e-03
6.000000000000000000e+00 4.600000000000000000e+01 3.500000000000000000e+01 0.000000000000000000e+00 1.600000000000000089e+00 -5.580000000000000107e-04 1.242000000000000048e-03 -9.999989999999999712e-01 3.855979999999999963e-01 -9.226659999999999862e-01 -1.361000000000000014e-03 -9.226670000000000149e-01 -3.855990000000000251e-01 3.600000000000000091e-05
8.000000000000000000e+00 4.600000000000000000e+01 3.500000000000000000e+01 0.000000000000000000e+00 1.600000000000000089e+00 -2.300000000000000070e-04 -1.869999999999999917e-04 -1.000000000000000000e+00 3.857400000000000273e-01 -9.226079999999999837e-01 8.399999999999999535e-05 -9.226069999999999549e-01 -3.857400000000000273e-01 2.840000000000000185e-04
1.300000000000000000e+01 4.600000000000000000e+01 3.500000000000000000e+01 0.000000000000000000e+00 1.600000000000000089e+00 -1.613999999999999983e-03 4.902000000000000107e-03 -9.999869999999999592e-01 3.858050000000000090e-01 -9.225659999999999972e-01 -5.145000000000000268e-03 -9.225790000000000379e-01 -3.858079999999999843e-01 -4.020000000000000136e-04
2.100000000000000000e+01 4.600000000000000000e+01 3.500000000000000000e+01 0.000000000000000000e+00 1.600000000000000089e+00 -8.720000000000000537e-04 -9.899999999999999404e-05 -1.000000000000000000e+00 3.871859999999999746e-01 -9.220009999999999595e-01 -2.460000000000000164e-04 -9.220009999999999595e-01 -3.871859999999999746e-01 8.419999999999999750e-04
2.600000000000000000e+01 4.600000000000000000e+01 3.500000000000000000e+01 0.000000000000000000e+00 1.600000000000000089e+00 5.000000000000000240e-05 -5.681000000000000286e-03 -9.999839999999999840e-01 3.848849999999999771e-01 -9.229490000000000194e-01 5.262000000000000184e-03 -9.229640000000000066e-01 -3.848790000000000266e-01 2.139999999999999975e-03
5.000000000000000000e+00 9.500000000000000000e+01 3.600000000000000000e+01 0.000000000000000000e+00 1.600000000000000089e+00 2.539999999999999940e-04 -1.283399999999999992e-02 9.999179999999999735e-01 9.959649999999999892e-01 8.974300000000000332e-02 8.989999999999999511e-04 -8.974699999999999345e-02 9.958820000000000450e-01 1.280500000000000041e-02
1.000000000000000000e+01 9.500000000000000000e+01 3.600000000000000000e+01 0.000000000000000000e+00 1.600000000000000089e+00 2.103999999999999967e-03 6.788999999999999896e-03 9.999749999999999472e-01 9.962060000000000359e-01 8.698000000000000176e-02 -2.687000000000000152e-03 -8.699600000000000388e-02 9.961870000000000447e-01 -6.579999999999999911e-03
1.400000000000000000e+01 9.500000000000000000e+01 3.600000000000000000e+01 0.000000000000000000e+00 1.600000000000000089e+00 -4.898999999999999709e-03 2.165999999999999957e-03 9.999860000000000415e-01 9.961769999999999792e-01 8.723300000000000498e-02 4.690999999999999857e-03 -8.722100000000000686e-02 9.961860000000000159e-01 -2.585000000000000058e-03
2.300000000000000000e+01 9.500000000000000000e+01 3.600000000000000000e+01 0.000000000000000000e+00 1.600000000000000089e+00 -3.628000000000000148e-03 -7.450000000000000025e-03 9.999660000000000215e-01 9.963199999999999834e-01 8.560299999999999854e-02 4.251999999999999703e-03 -8.563199999999999978e-02 9.963009999999999922e-01 7.112000000000000266e-03
2.800000000000000000e+01 9.500000000000000000e+01 3.600000000000000000e+01 0.000000000000000000e+00 1.600000000000000089e+00 -1.730000000000000038e-04 7.045000000000000047e-03 9.999749999999999472e-01 9.964389999999999636e-01 8.430999999999999606e-02 -4.209999999999999875e-04 -8.431099999999999706e-02 9.964150000000000507e-01 -7.034999999999999587e-03
3.000000000000000000e+00 3.000000000000000000e+00 4.300000000000000000e+01 0.000000000000000000e+00 1.600000000000000089e+00 8.434999999999999790e-03 4.684599999999999875e-02 -9.988669999999999494e-01 7.395749999999999824e-01 -6.725989999999999469e-01 -2.529899999999999857e-02 -6.730220000000000091e-01 -7.385230000000000405e-01 -4.032000000000000167e-02
8.000000000000000000e+00 3.000000000000000000e+00 4.300000000000000000e+01 0.000000000000000000e+00 1.600000000000000089e+00 4.072000000000000099e-03 4.002700000000000008e-02 -9.991900000000000226e-01 7.354119999999999546e-01 -6.771899999999999586e-01 -2.413099999999999967e-02 -6.776079999999999881e-01 -7.347179999999999822e-01 -3.219400000000000039e-02
1.300000000000000000e+01 3.000000000000000000e+00 4.300000000000000000e+01 0.000000000000000000e+00 1.600000000000000089e+00 1.951000000000000043e-03 6.506999999999999763e-03 -9.999770000000000048e-01 7.372469999999999857e-01 -6.756170000000000231e-01 -2.958000000000000126e-03 -6.756210000000000271e-01 -7.372239999999999904e-01 -6.114999999999999776e-03
1.800000000000000000e+01 3.000000000000000000e+00 4.300000000000000000e+01 0.000000000000000000e+00 1.600000000000000089e+00 8.850000000000000444e-04 1.059099999999999972e-02 -9.999430000000000263e-01 7.384619999999999518e-01 -6.742629999999999457e-01 -6.487999999999999844e-03 -6.742939999999999490e-01 -7.384150000000000436e-01 -8.418000000000000135e-03
2.500000000000000000e+01 3.000000000000000000e+00 4.300000000000000000e+01 0.000000000000000000e+00 1.600000000000000089e+00 -3.199999999999999855e-05 -1.242000000000000048e-03 -9.999989999999999712e-01 7.360219999999999541e-01 -6.769570000000000309e-01 8.180000000000000422e-04 -6.769570000000000309e-01 -7.360219999999999541e-01 9.359999999999999831e-04
1.000000000000000000e+01 8.000000000000000000e+00 4.400000000000000000e+01 0.000000000000000000e+00 1.600000000000000089e+00 3.033999999999999805e-03 1.145299999999999964e-02 9.999299999999999855e-01 -7.717140000000000111e-01 -6.358970000000000455e-01 9.624999999999999875e-03 6.359629999999999450e-01 -7.716889999999999583e-01 6.909000000000000211e-03
7.000000000000000000e+00 2.900000000000000000e+01 4.400000000000000000e+01 0.000000000000000000e+00 1.600000000000000089e+00 1.010000000000000020e-04 2.275000000000000112e-03 -9.999970000000000248e-01 6.723069999999999879e-01 7.402699999999999836e-01 1.752000000000000085e-03 7.402720000000000411e-01 -6.723059999999999592e-01 -1.454999999999999913e-03
1.400000000000000000e+01 2.900000000000000000e+01 4.400000000000000000e+01 0.000000000000000000e+00 1.600000000000000089e+00 -9.650000000000000374e-04 2.086999999999999880e-03 -9.999970000000000248e-01 6.579420000000000268e-01 7.530679999999999596e-01 9.370000000000000074e-04 7.530679999999999596e-01 -6.579399999999999693e-01 -2.099999999999999870e-03
1.700000000000000000e+01 2.900000000000000000e+01 4.400000000000000000e+01 0.000000000000000000e+00 1.600000000000000089e+00 -1.283000000000000069e-03 -1.920999999999999965e-03 -9.999970000000000248e-01 6.579300000000000148e-01 7.530759999999999676e-01 -2.289999999999999935e-03 7.530780000000000252e-01 -6.579310000000000436e-01 2.979999999999999793e-04
2.500000000000000000e+01 2.900000000000000000e+01 4.400000000000000000e+01 0.000000000000000000e+00 1.600000000000000089e+00 -1.379999999999999933e-04 -4.135999999999999920e-03 -9.999909999999999632e-01 6.593790000000000484e-01 7.518040000000000278e-01 -3.200000000000000153e-03 7.518110000000000070e-01 -6.593740000000000157e-01 2.624000000000000030e-03
2.800000000000000000e+01 2.900000000000000000e+01 4.400000000000000000e+01 0.000000000000000000e+00 1.600000000000000089e+00 -1.768999999999999956e-03 -7.185999999999999679e-03 -9.999730000000000008e-01 6.587229999999999475e-01 7.523570000000000535e-01 -6.571999999999999717e-03 7.523830000000000240e-01 -6.587169999999999970e-01 3.402000000000000076e-03
6.000000000000000000e+00 5.400000000000000000e+01 4.600000000000000000e+01 0.000000000000000000e+00 1.600000000000000089e+00 3.168999999999999942e-03 7.950000000000000252e-04 9.999949999999999672e-01 3.201039999999999996e-01 -9.473829999999999751e-01 -2.610000000000000015e-04 9.473770000000000246e-01 3.201030000000000264e-01 -3.256999999999999913e-03
1.300000000000000000e+01 5.400000000000000000e+01 4.600000000000000000e+01 0.000000000000000000e+00 1.600000000000000089e+00 1.051000000000000068e-03 -3.484999999999999817e-03 9.999930000000000208e-01 3.573000000000000065e-01 -9.339830000000000076e-01 -3.629999999999999980e-03 9.339889999999999581e-01 3.573009999999999797e-01 2.640000000000000202e-04
1.500000000000000000e+01 6.500000000000000000e+01 4.600000000000000000e+01 0.000000000000000000e+00 1.600000000000000089e+00 -2.549000000000000050e-03 3.713000000000000154e-03 9.999900000000000455e-01 6.818539999999999601e-01 -7.314749999999999863e-01 4.453999999999999626e-03 7.314840000000000231e-01 6.818579999999999641e-01 -6.669999999999999497e-04
2.800000000000000000e+01 7.000000000000000000e+01 4.700000000000000000e+01 0.000000000000000000e+00 1.600000000000000089e+00 1.118000000000000070e-03 -5.209999999999999788e-04 -9.999989999999999712e-01 -8.430410000000000403e-01 -5.378490000000000215e-01 -6.620000000000000450e-04 -5.378479999999999928e-01 8.430410000000000403e-01 -1.041000000000000042e-03
1.000000000000000000e+01 5.000000000000000000e+00 5.100000000000000000e+01 0.000000000000000000e+00 1.600000000000000089e+00 3.373999999999999829e-03 1.114000000000000060e-02 -9.999320000000000430e-01 4.901780000000000026e-01 -8.715850000000000541e-01 -8.056000000000000660e-03 -8.716159999999999464e-01 -4.901170000000000249e-01 -8.401999999999999746e-03
2.600000000000000000e+01 1.500000000000000000e+01 5.300000000000000000e+01 0.000000000000000000e+00 1.600000000000000089e+00 2.454000000000000018e-03 3.609999999999999928e-03 -9.999900000000000455e-01 6.752890000000000281e-01 7.375399999999999734e-01 4.320000000000000055e-03 7.375490000000000101e-01 -6.752939999999999499e-01 -6.269999999999999532e-04
4.000000000000000000e+00 6.300000000000000000e+01 5.400000000000000000e+01 0.000000000000000000e+00 1.600000000000000089e+00 1.679999999999999907e-04 1.876999999999999979e-03 9.999980000000000535e-01 -3.481389999999999763e-01 9.374409999999999688e-01 -1.701000000000000038e-03 -9.374430000000000263e-01 -3.481380000000000030e-01 8.109999999999999805e-04
9.000000000000000000e+00 6.300000000000000000e+01 5.400000000000000000e+01 0.000000000000000000e+00 1.600000000000000089e+00 -1.360000000000000098e-03 -2.660000000000000146e-04 9.999989999999999712e-01 -3.420619999999999772e-01 9.396769999999999845e-01 -2.149999999999999947e-04 -9.396759999999999557e-01 -3.420619999999999772e-01 -1.368999999999999991e-03
1.400000000000000000e+01 6.300000000000000000e+01 5.400000000000000000e+01 0.000000000000000000e+00 1.600000000000000089e+00 5.270000000000000162e-04 -1.018999999999999941e-03 9.999989999999999712e-01 -3.423109999999999764e-01 9.395860000000000323e-01 1.137999999999999906e-03 -9.395869999999999500e-01 -3.423109999999999764e-01 1.459999999999999981e-04
2.500000000000000000e+01 6.300000000000000000e+01 5.400000000000000000e+01 0.000000000000000000e+00 1.600000000000000089e+00 1.178999999999999927e-03 -1.281000000000000021e-03 9.999980000000000535e-01 -3.584120000000000084e-01 9.335620000000000029e-01 1.618000000000000081e-03 -9.335630000000000317e-01 -3.584129999999999816e-01 6.419999999999999925e-04
8.000000000000000000e+00 2.500000000000000000e+01 5.500000000000000000e+01 0.000000000000000000e+00 1.600000000000000089e+00 -1.101999999999999898e-03 -2.674000000000000161e-03 -9.999959999999999960e-01 -9.527000000000000746e-03 -9.999510000000000343e-01 2.684000000000000188e-03 -9.999540000000000095e-01 9.530000000000000276e-03 1.075999999999999917e-03
1.100000000000000000e+01 2.500000000000000000e+01 5.500000000000000000e+01 0.000000000000000000e+00 1.600000000000000089e+00 -3.069999999999999812e-04 7.079999999999999705e-04 -1.000000000000000000e+00 -9.811999999999999542e-03 -9.999519999999999520e-01 -7.050000000000000060e-04 -9.999519999999999520e-01 9.811999999999999542e-03 3.139999999999999888e-04
1.600000000000000000e+01 2.500000000000000000e+01 5.500000000000000000e+01 0.000000000000000000e+00 1.600000000000000089e+00 7.370000000000000249e-04 1.998000000000000210e-03 -9.999980000000000535e-01 -1.000000000000000021e-02 -9.999479999999999480e-01 -2.004999999999999838e-03 -9.999500000000000055e-01 1.000200000000000047e-02 -7.169999999999999724e-04
2.000000000000000000e+01 2.500000000000000000e+01 5.500000000000000000e+01 0.000000000000000000e+00 1.600000000000000089e+00 -2.660000000000000146e-04 8.799999999999999771e-05 -1.000000000000000000e+00 -1.072999999999999995e-02 -9.999419999999999975e-01 -8.500000000000000611e-05 -9.999419999999999975e-01 1.072999999999999995e-02 2.669999999999999847e-04
2.700000000000000000e+01 2.500000000000000000e+01 5.500000000000000000e+01 0.000000000000000000e+00 1.600000000000000089e+00 1.730000000000000038e-04 3.364999999999999936e-03 -9.999940000000000495e-01 -9.249999999999999542e-03 -9.999519999999999520e-01 -3.366000000000000068e-03 -9.999569999999999848e-01 9.251000000000000542e-03 -1.420000000000000092e-04
1.500000000000000000e+01 7.000000000000000000e+00 6.000000000000000000e+01 0.000000000000000000e+00 1.600000000000000089e+00 1.459999999999999926e-03 7.156000000000000034e-03 9.999730000000000008e-01 5.663949999999999818e-01 -8.241180000000000172e-01 5.070999999999999987e-03 8.241319999999999757e-01 5.663730000000000153e-01 -5.256000000000000255e-03
2.100000000000000000e+01 7.000000000000000000e+00 6.000000000000000000e+01 0.000000000000000000e+00 1.600000000000000089e+00 1.749999999999999982e-04 5.572999999999999829e-03 9.999839999999999840e-01 5.655240000000000267e-01 -8.247189999999999799e-01 4.497000000000000129e-03 8.247320000000000206e-01 5.655149999999999899e-01 -3.295999999999999885e-03
2.500000000000000000e+01 7.000000000000000000e+00 6.000000000000000000e+01 0.000000000000000000e+00 1.600000000000000089e+00 3.879000000000000069e-03 3.755999999999999790e-03 9.999850000000000128e-01 5.625430000000000152e-01 -8.267679999999999474e-01 9.229999999999999923e-04 8.267590000000000217e-01 5.625310000000000032e-01 -5.320000000000000076e-03
4.000000000000000000e+00 2.100000000000000000e+01 6.000000000000000000e+01 0.000000000000000000e+00 1.600000000000000089e+00 2.216000000000000088e-03 1.892999999999999934e-03 9.999959999999999960e-01 -9.579799999999999427e-02 9.953990000000000338e-01 -1.670999999999999959e-03 -9.953980000000000050e-01 -9.579300000000000315e-02 2.386999999999999799e-03
7.000000000000000000e+00 2.100000000000000000e+01 6.000000000000000000e+01 0.000000000000000000e+00 1.600000000000000089e+00 2.258000000000000024e-03 7.559999999999999880e-03 9.999689999999999968e-01 -9.713199999999999612e-02 9.952450000000000463e-01 -7.304999999999999861e-03 -9.952689999999999593e-01 -9.711200000000000387e-02 2.981000000000000143e-03
2.300000000000000000e+01 2.100000000000000000e+01 6.000000000000000000e+01 0.000000000000000000e+00 1.600000000000000089e+00 -7.240000000000000342e-04 8.610000000000000032e-04 9.999989999999999712e-01 -9.750000000000000333e-02 9.952349999999999808e-01 -9.269999999999999811e-04 -9.952349999999999808e-01 -9.750100000000000433e-02 -6.369999999999999794e-04
2.700000000000000000e+01 2.100000000000000000e+01 6.000000000000000000e+01 0.000000000000000000e+00 1.600000000000000089e+00 -1.111000000000000008e-03 6.430000000000000169e-04 9.999989999999999712e-01 -9.672500000000000542e-02 9.953109999999999458e-01 -7.479999999999999670e-04 -9.953109999999999458e-01 -9.672600000000000642e-02 -1.044000000000000006e-03
1.400000000000000000e+01 6.000000000000000000e+00 6.100000000000000000e+01 0.000000000000000000e+00 1.600000000000000089e+00 4.169999999999999987e-04 2.288000000000000103e-03 9.999970000000000248e-01 5.589490000000000292e-01 -8.292000000000000481e-01 1.663999999999999898e-03 8.292019999999999946e-01 5.589469999999999716e-01 -1.624000000000000010e-03
2.100000000000000000e+01 4.000000000000000000e+00 6.200000000000000000e+01 0.000000000000000000e+00 1.600000000000000089e+00 -1.376999999999999969e-03 -5.699999999999999772e-04 9.999989999999999712e-01 -6.175749999999999851e-01 7.865119999999999889e-01 -4.029999999999999837e-04 -7.865109999999999602e-01 -6.175749999999999851e-01 -1.435000000000000078e-03
3.000000000000000000e+00 2.700000000000000000e+01 6.300000000000000000e+01 0.000000000000000000e+00 1.600000000000000089e+00 1.802999999999999915e-03 2.523000000000000069e-03 9.999949999999999672e-01 -2.753410000000000024e-01 9.613450000000000051e-01 -1.928999999999999942e-03 -9.613450000000000051e-01 -2.753360000000000252e-01 2.428000000000000037e-03
8.000000000000000000e+00 2.700000000000000000e+01 6.300000000000000000e+01 0.000000000000000000e+00 1.600000000000000089e+00 1.046999999999999971e-03 5.350999999999999854e-03 9.999850000000000128e-01 -2.777339999999999809e-01 9.606459999999999999e-01 -4.849000000000000012e-03 -9.606569999999999832e-01 -2.777249999999999996e-01 2.491999999999999858e-03
1.100000000000000000e+01 2.700000000000000000e+01 6.300000000000000000e+01 0.000000000000000000e+00 1.600000000000000089e+00 1.180000000000000059e-03 2.615000000000000137e-03 9.999959999999999960e-01 -2.772979999999999889e-01 9.607809999999999961e-01 -2.184999999999999876e-03 -9.607830000000000537e-01 -2.772950000000000137e-01 1.858000000000000059e-03
1.600000000000000000e+01 2.700000000000000000e+01 6.300000000000000000e+01 0.000000000000000000e+00 1.600000000000000089e+00 8.620000000000000275e-04 4.185000000000000352e-03 9.999909999999999632e-01 -2.798519999999999897e-01 9.600360000000000005e-01 -3.775999999999999843e-03 -9.600429999999999797e-01 -2.798459999999999837e-01 1.998999999999999909e-03
2.100000000000000000e+01 2.700000000000000000e+01 6.300000000000000000e+01 0.000000000000000000e+00 1.600000000000000089e+00 -2.020000000000000094e-03 1.041999999999999958e-03 9.999970000000000248e-01 -2.772160000000000180e-01 9.608060000000000489e-01 -1.561000000000000104e-03 -9.608060000000000489e-01 -2.772180000000000200e-01 -1.652000000000000040e-03
2.700000000000000000e+01 2.700000000000000000e+01 6.300000000000000000e+01 0.000000000000000000e+00 1.600000000000000089e+00 2.455999999999999850e-03 8.180000000000000422e-04 9.999970000000000248e-01 -2.706919999999999882e-01 9.626660000000000217e-01 -1.230000000000000082e-04 -9.626630000000000464e-01 -2.706910000000000149e-01 2.586000000000000191e-03
3.000000000000000000e+00 2.600000000000000000e+01 6.400000000000000000e+01 0.000000000000000000e+00 1.600000000000000089e+00 2.109000000000000197e-03 3.510000000000000099e-03 9.999919999999999920e-01 -3.491060000000000274e-01 9.370800000000000241e-01 -2.553000000000000148e-03 -9.370810000000000528e-01 -3.490969999999999906e-01 3.201999999999999985e-03
6.000000000000000000e+00 2.600000000000000000e+01 6.400000000000000000e+01 0.000000000000000000e+00 1.600000000000000089e+00 1.467999999999999904e-03 8.772000000000000283e-03 9.999599999999999600e-01 -3.504369999999999985e-01 9.365550000000000264e-01 -7.701999999999999645e-03 -9.365850000000000009e-01 -3.504120000000000013e-01 4.448999999999999830e-03
1.200000000000000000e+01 2.600000000000000000e+01 6.400000000000000000e+01 0.000000000000000000e+00 1.600000000000000089e+00 1.461000000000000059e-03 3.924999999999999670e-03 9.999909999999999632e-01 -3.475179999999999936e-01 9.376679999999999460e-01 -3.171999999999999906e-03 -9.376719999999999500e-01 -3.475110000000000143e-01 2.733999999999999885e-03
1.700000000000000000e+01 2.600000000000000000e+01 6.400000000000000000e+01 0.000000000000000000e+00 1.600000000000000089e+00 3.910000000000000172e-04 3.059000000000000087e-03 9.999949999999999672e-01 -3.475119999999999876e-01 9.376710000000000322e-01 -2.732000000000000053e-03 -9.376750000000000362e-01 -3.475090000000000123e-01 1.428999999999999932e-03
2.100000000000000000e+01 2.600000000000000000e+01 6.400000000000000000e+01 0.000000000000000000e+00 1.600000000000000089e+00 -2.805999999999999901e-03 5.169999999999999899e-04 9.999959999999999960e-01 -3.438709999999999822e-01 9.390159999999999618e-01 -1.451000000000000033e-03 -9.390129999999999866e-01 -3.438740000000000130e-01 -2.456999999999999983e-03
2.700000000000000000e+01 2.600000000000000000e+01 6.400000000000000000e+01 0.000000000000000000e+00 1.600000000000000089e+00 1.814999999999999990e-03 -1.628000000000000107e-03 9.999970000000000248e-01 -3.398050000000000237e-01 9.404930000000000234e-01 2.147000000000000037e-03 -9.404940000000000522e-01 -3.398079999999999989e-01 1.154000000000000078e-03
1.900000000000000000e+01 6.900000000000000000e+01 6.600000000000000000e+01 0.000000000000000000e+00 1.600000000000000089e+00 -1.012000000000000096e-03 3.978999999999999898e-03 9.999919999999999920e-01 -9.516590000000000327e-01 3.071490000000000054e-01 -2.184999999999999876e-03 -3.071550000000000114e-01 -9.516529999999999712e-01 3.475999999999999923e-03
2.600000000000000000e+01 2.500000000000000000e+01 7.300000000000000000e+01 0.000000000000000000e+00 1.600000000000000089e+00 6.068999999999999742e-03 -2.041999999999999978e-03 9.999799999999999800e-01 7.415779999999999594e-01 -6.708410000000000206e-01 -5.871000000000000350e-03 6.708389999999999631e-01 7.415990000000000082e-01 -2.556999999999999811e-03
1.000000000000000000e+00 4.400000000000000000e+01 7.300000000000000000e+01 0.000000000000000000e+00 1.600000000000000089e+00 -2.671000000000000197e-03 -6.710000000000000469e-04 9.999959999999999960e-01 3.875699999999999978e-02 -9.992490000000000538e-01 -5.670000000000000127e-04 9.992450000000000498e-01 3.875499999999999778e-02 2.694000000000000214e-03
4.000000000000000000e+00 4.400000000000000000e+01 7.300000000000000000e+01 0.000000000000000000e+00 1.600000000000000089e+00 -2.124000000000000020e-03 -2.569999999999999802e-03 9.999949999999999672e-01 3.872199999999999948e-02 -9.992469999999999963e-01 -2.485999999999999929e-03 9.992480000000000251e-01 3.871600000000000041e-02 2.222000000000000017e-03
