4.000000000000000000e+00 1.600000000000000000e+01 4.000000000000000000e+00 0.000000000000000000e+00 1.600000000000000089e+00 -2.292000000000000200e-03 1.216099999999999993e-02 9.999230000000000063e-01 3.248240000000000016e-01 -9.456949999999999523e-01 1.224599999999999994e-02 9.457719999999999461e-01 3.248280000000000056e-01 -1.783000000000000080e-03
1.400000000000000000e+01 1.600000000000000000e+01 4.000000000000000000e+00 0.000000000000000000e+00 1.600000000000000089e+00 -3.629999999999999872e-04 9.684999999999999165e-03 9.999529999999999808e-01 3.222400000000000264e-01 -9.466120000000000090e-01 9.286000000000000851e-03 9.466579999999999995e-01 3.222289999999999877e-01 -2.776999999999999955e-03
2.300000000000000000e+01 1.600000000000000000e+01 4.000000000000000000e+00 0.000000000000000000e+00 1.600000000000000089e+00 -2.256999999999999892e-03 5.494999999999999885e-03 9.999820000000000375e-01 3.231010000000000271e-01 -9.463460000000000205e-01 5.929000000000000242e-03 9.463620000000000365e-01 3.231089999999999796e-01 3.600000000000000227e-04
2.700000000000000000e+01 1.600000000000000000e+01 4.000000000000000000e+00 0.000000000000000000e+00 1.600000000000000089e+00 2.033000000000000085e-03 1.316100000000000082e-02 9.999109999999999943e-01 3.265649999999999942e-01 -9.451009999999999689e-01 1.177600000000000001e-02 9.451720000000000121e-01 3.265129999999999977e-01 -6.219999999999999835e-03
3.000000000000000000e+01 1.010000000000000000e+02 7.000000000000000000e+00 0.000000000000000000e+00 1.600000000000000089e+00 3.924999999999999670e-03 1.657399999999999846e-02 9.998550000000000493e-01 8.903560000000000363e-01 4.551310000000000078e-01 -1.103900000000000020e-02 -4.552479999999999860e-01 8.902700000000000058e-01 -1.297000000000000063e-02
1.000000000000000000e+00 1.500000000000000000e+01 8.000000000000000000e+00 0.000000000000000000e+00 1.600000000000000089e+00 5.761999999999999761e-03 1.008000000000000042e-02 -9.999329999999999607e-01 -5.647839999999999527e-01 -8.251579999999999471e-01 -1.157200000000000069e-02 -8.252190000000000358e-01 5.648130000000000095e-01 9.380000000000000317e-04
2.000000000000000000e+00 2.600000000000000000e+01 8.000000000000000000e+00 0.000000000000000000e+00 1.600000000000000089e+00 -4.238999999999999713e-03 -1.723299999999999832e-02 -9.998430000000000373e-01 4.220729999999999760e-01 9.063949999999999507e-01 -1.741200000000000039e-02 9.065520000000000245e-01 -4.220800000000000107e-01 3.431000000000000022e-03
5.000000000000000000e+00 2.600000000000000000e+01 8.000000000000000000e+00 0.000000000000000000e+00 1.600000000000000089e+00 -5.163000000000000055e-03 -2.017000000000000043e-02 -9.997829999999999773e-01 4.232670000000000043e-01 9.057739999999999680e-01 -2.045900000000000149e-02 9.059899999999999620e-01 -4.232810000000000183e-01 3.860999999999999849e-03
8.000000000000000000e+00 2.600000000000000000e+01 8.000000000000000000e+00 0.000000000000000000e+00 1.600000000000000089e+00 -5.745000000000000107e-03 -2.206199999999999828e-02 -9.997399999999999620e-01 4.254069999999999796e-01 9.047239999999999727e-01 -2.240999999999999936e-02 9.049840000000000106e-01 -4.254249999999999976e-01 4.187999999999999882e-03
1.200000000000000000e+01 2.600000000000000000e+01 8.000000000000000000e+00 0.000000000000000000e+00 1.600000000000000089e+00 -3.997999999999999818e-03 -3.409999999999999837e-03 -9.999860000000000415e-01 4.282799999999999940e-01 9.036330000000000195e-01 -4.793999999999999651e-03 9.036370000000000235e-01 -4.282929999999999793e-01 -2.152999999999999966e-03
1.700000000000000000e+01 2.600000000000000000e+01 8.000000000000000000e+00 0.000000000000000000e+00 1.600000000000000089e+00 -2.273999999999999980e-03 -9.903000000000000344e-03 -9.999479999999999480e-01 4.272029999999999994e-01 9.041010000000000435e-01 -9.926000000000000795e-03 9.041529999999999845e-01 -4.272039999999999726e-01 2.174999999999999850e-03
2.100000000000000000e+01 2.600000000000000000e+01 8.000000000000000000e+00 0.000000000000000000e+00 1.600000000000000089e+00 -3.101000000000000024e-03 -1.488199999999999940e-02 -9.998839999999999950e-01 4.272699999999999831e-01 9.040030000000000010e-01 -1.478100000000000074e-02 9.041190000000000060e-01 -4.272670000000000079e-01 3.555000000000000000e-03
2.700000000000000000e+01 2.600000000000000000e+01 8.000000000000000000e+00 0.000000000000000000e+00 1.600000000000000089e+00 -1.909000000000000107e-03 -5.114999999999999755e-03 -9.999850000000000128e-01 4.289399999999999880e-01 9.033170000000000366e-01 -5.439000000000000258e-03 9.033309999999999951e-01 -4.289439999999999920e-01 4.690000000000000158e-04
6.000000000000000000e+00 1.400000000000000000e+01 9.000000000000000000e+00 0.000000000000000000e+00 1.600000000000000089e+00 6.853999999999999850e-03 1.438900000000000075e-02 -9.998730000000000118e-01 -5.575870000000000548e-01 -8.299689999999999568e-01 -1.576599999999999877e-02 -8.300910000000000233e-01 5.576240000000000085e-01 2.334999999999999836e-03
9.000000000000000000e+00 1.400000000000000000e+01 9.000000000000000000e+00 0.000000000000000000e+00 1.600000000000000089e+00 6.492000000000000375e-03 1.648200000000000012e-02 -9.998430000000000373e-01 -5.559859999999999802e-01 -8.310119999999999729e-01 -1.730900000000000147e-02 -8.311659999999999604e-01 5.560110000000000330e-01 3.768000000000000082e-03
1.300000000000000000e+01 1.400000000000000000e+01 9.000000000000000000e+00 0.000000000000000000e+00 1.600000000000000089e+00 5.398000000000000020e-03 1.178500000000000034e-02 -9.999160000000000270e-01 -5.546240000000000059e-01 -8.320020000000000193e-01 -1.280000000000000061e-02 -8.320830000000000171e-01 5.546470000000000011e-01 2.044999999999999943e-03
1.700000000000000000e+01 1.400000000000000000e+01 9.000000000000000000e+00 0.000000000000000000e+00 1.600000000000000089e+00 2.449999999999999921e-03 3.092999999999999829e-03 -9.999919999999999920e-01 -5.551300000000000123e-01 -8.317539999999999933e-01 -3.932999999999999864e-03 -8.317600000000000549e-01 5.551350000000000451e-01 -3.209999999999999963e-04
3.000000000000000000e+00 3.100000000000000000e+01 1.200000000000000000e+01 0.000000000000000000e+00 1.600000000000000089e+00 -1.900999999999999912e-03 -6.750000000000000357e-04 9.999980000000000535e-01 1.519500000000000017e-02 9.998839999999999950e-01 7.039999999999999817e-04 -9.998829999999999663e-01 1.519599999999999944e-02 -1.889999999999999970e-03
6.000000000000000000e+00 3.100000000000000000e+01 1.200000000000000000e+01 0.000000000000000000e+00 1.600000000000000089e+00 -5.119999999999999768e-04 5.500000000000000196e-05 1.000000000000000000e+00 1.478200000000000000e-02 9.998909999999999743e-01 -4.699999999999999724e-05 -9.998909999999999743e-01 1.478200000000000000e-02 -5.130000000000000011e-04
1.100000000000000000e+01 3.100000000000000000e+01 1.200000000000000000e+01 0.000000000000000000e+00 1.600000000000000089e+00 6.999999999999999929e-04 4.539999999999999765e-04 1.000000000000000000e+00 1.457199999999999988e-02 9.998939999999999495e-01 -4.640000000000000027e-04 -9.998939999999999495e-01 1.457299999999999915e-02 6.930000000000000396e-04
2.400000000000000000e+01 3.100000000000000000e+01 1.200000000000000000e+01 0.000000000000000000e+00 1.600000000000000089e+00 2.820000000000000241e-04 -3.399999999999999973e-05 1.000000000000000000e+00 1.726199999999999957e-02 9.998510000000000453e-01 3.000000000000000076e-05 -9.998510000000000453e-01 1.726199999999999957e-02 2.829999999999999942e-04
2.700000000000000000e+01 3.200000000000000000e+01 1.400000000000000000e+01 0.000000000000000000e+00 1.600000000000000089e+00 7.829999999999999504e-04 1.949999999999999910e-03 -9.999980000000000535e-01 1.259979999999999989e-01 9.920280000000000209e-01 2.033000000000000085e-03 9.920299999999999674e-01 -1.259989999999999999e-01 5.310000000000000050e-04
7.000000000000000000e+00 1.200000000000000000e+01 1.500000000000000000e+01 0.000000000000000000e+00 1.600000000000000089e+00 4.863000000000000135e-03 5.237000000000000335e-03 -9.999740000000000295e-01 -4.686890000000000223e-01 -8.833360000000000101e-01 -6.904999999999999680e-03 -8.833499999999999686e-01 4.687100000000000155e-01 -1.840999999999999972e-03
1.400000000000000000e+01 1.160000000000000000e+02 1.600000000000000000e+01 0.000000000000000000e+00 1.600000000000000089e+00 -1.691000000000000012e-03 -2.356000000000000021e-03 9.999959999999999960e-01 7.016160000000000174e-01 7.125489999999999879e-01 2.864999999999999925e-03 -7.125529999999999919e-01 7.016179999999999639e-01 4.479999999999999933e-04
1.800000000000000000e+01 1.160000000000000000e+02 1.600000000000000000e+01 0.000000000000000000e+00 1.600000000000000089e+00 -8.970000000000000109e-04 -6.639999999999999852e-04 9.999989999999999712e-01 6.774839999999999751e-01 7.355369999999999964e-01 1.095999999999999969e-03 -7.355369999999999964e-01 6.774839999999999751e-01 -2.100000000000000087e-04
2.100000000000000000e+01 1.160000000000000000e+02 1.600000000000000000e+01 0.000000000000000000e+00 1.600000000000000089e+00 7.169999999999999724e-04 8.940000000000000464e-04 9.999989999999999712e-01 6.721089999999999565e-01 7.404509999999999703e-01 -1.144000000000000052e-03 -7.404519999999999991e-01 6.721089999999999565e-01 -6.999999999999999387e-05
2.900000000000000000e+01 1.160000000000000000e+02 1.600000000000000000e+01 0.000000000000000000e+00 1.600000000000000089e+00 8.790000000000000070e-04 -2.124000000000000020e-03 9.999970000000000248e-01 6.895470000000000210e-01 7.242399999999999949e-01 9.319999999999999942e-04 -7.242410000000000236e-01 6.895440000000000458e-01 2.101000000000000003e-03
1.000000000000000000e+00 2.000000000000000000e+00 1.900000000000000000e+01 0.000000000000000000e+00 1.600000000000000089e+00 1.226000000000000093e-03 3.567999999999999991e-03 -9.999930000000000208e-01 1.693489999999999995e-01 -9.855509999999999549e-01 -3.308999999999999875e-03 -9.855549999999999589e-01 -1.693429999999999935e-01 -1.812999999999999941e-03
8.000000000000000000e+00 2.000000000000000000e+00 1.900000000000000000e+01 0.000000000000000000e+00 1.600000000000000089e+00 -1.842000000000000104e-03 8.520000000000000013e-04 -9.999980000000000535e-01 1.687790000000000123e-01 -9.856530000000000014e-01 -1.149999999999999981e-03 -9.856519999999999726e-01 -1.687809999999999866e-01 1.672000000000000092e-03
1.200000000000000000e+01 2.000000000000000000e+00 1.900000000000000000e+01 0.000000000000000000e+00 1.600000000000000089e+00 -1.064000000000000059e-03 4.375999999999999682e-03 -9.999900000000000455e-01 1.607520000000000060e-01 -9.869850000000000012e-01 -4.491000000000000200e-03 -9.869940000000000380e-01 -1.607550000000000090e-01 3.469999999999999777e-04
1.700000000000000000e+01 2.000000000000000000e+00 1.900000000000000000e+01 0.000000000000000000e+00 1.600000000000000089e+00 3.282999999999999894e-03 2.030000000000000012e-04 -9.999949999999999672e-01 1.601819999999999911e-01 -9.870870000000000477e-01 3.260000000000000094e-04 -9.870820000000000149e-01 -1.601819999999999911e-01 -3.272999999999999868e-03
2.000000000000000000e+01 2.000000000000000000e+00 1.900000000000000000e+01 0.000000000000000000e+00 1.600000000000000089e+00 2.910999999999999959e-03 -1.804999999999999964e-03 -9.999940000000000495e-01 1.613860000000000017e-01 -9.868890000000000162e-01 2.250999999999999963e-03 -9.868869999999999587e-01 -1.613920000000000077e-01 -2.580999999999999961e-03
2.500000000000000000e+01 2.000000000000000000e+00 1.900000000000000000e+01 0.000000000000000000e+00 1.600000000000000089e+00 -6.920000000000000153e-04 -8.833999999999999839e-03 -9.999609999999999888e-01 1.617750000000000021e-01 -9.867899999999999450e-01 8.604999999999999802e-03 -9.868270000000000097e-01 -1.617619999999999891e-01 2.112000000000000162e-03
4.000000000000000000e+00 1.300000000000000000e+01 2.000000000000000000e+01 0.000000000000000000e+00 1.600000000000000089e+00 -1.652999999999999955e-03 2.329999999999999986e-04 9.999989999999999712e-01 2.632729999999999793e-01 9.647210000000000507e-01 2.100000000000000087e-04 -9.647200000000000220e-01 2.632729999999999793e-01 -1.655999999999999920e-03
1.300000000000000000e+01 1.300000000000000000e+01 2.000000000000000000e+01 0.000000000000000000e+00 1.600000000000000089e+00 9.899999999999999404e-05 -1.871000000000000050e-03 9.999980000000000535e-01 2.608170000000000210e-01 9.653869999999999951e-01 1.779999999999999898e-03 -9.653880000000000239e-01 2.608159999999999923e-01 5.829999999999999679e-04
1.900000000000000000e+01 1.300000000000000000e+01 2.000000000000000000e+01 0.000000000000000000e+00 1.600000000000000089e+00 1.077999999999999965e-03 -2.609000000000000208e-03 9.999959999999999960e-01 2.620580000000000132e-01 9.650499999999999634e-01 2.236000000000000140e-03 -9.650520000000000209e-01 2.620540000000000092e-01 1.724000000000000055e-03
2.400000000000000000e+01 1.300000000000000000e+01 2.000000000000000000e+01 0.000000000000000000e+00 1.600000000000000089e+00 9.909999999999999105e-04 8.940000000000000464e-04 9.999989999999999712e-01 2.621339999999999781e-01 9.650309999999999722e-01 -1.123000000000000083e-03 -9.650309999999999722e-01 2.621350000000000069e-01 7.219999999999999855e-04
2.800000000000000000e+01 1.300000000000000000e+01 2.000000000000000000e+01 0.000000000000000000e+00 1.600000000000000089e+00 8.679999999999999565e-04 4.120000000000000398e-03 9.999909999999999632e-01 2.610000000000000098e-01 9.653300000000000214e-01 -4.203000000000000139e-03 -9.653380000000000294e-01 2.610020000000000118e-01 -2.369999999999999874e-04
1.300000000000000000e+01 1.600000000000000000e+01 2.100000000000000000e+01 0.000000000000000000e+00 1.600000000000000089e+00 6.610000000000000207e-04 4.180000000000000230e-04 1.000000000000000000e+00 2.990099999999999980e-01 9.542500000000000426e-01 -5.959999999999999586e-04 -9.542500000000000426e-01 2.990110000000000268e-01 5.060000000000000478e-04
2.100000000000000000e+01 1.600000000000000000e+01 2.100000000000000000e+01 0.000000000000000000e+00 1.600000000000000089e+00 6.359999999999999551e-04 -1.461999999999999975e-03 9.999989999999999712e-01 2.978379999999999916e-01 9.546160000000000201e-01 1.206000000000000041e-03 -9.546160000000000201e-01 2.978370000000000184e-01 1.043000000000000090e-03
2.500000000000000000e+01 1.600000000000000000e+01 2.100000000000000000e+01 0.000000000000000000e+00 1.600000000000000089e+00 1.869999999999999917e-04 1.953000000000000092e-03 9.999980000000000535e-01 2.953439999999999954e-01 9.553890000000000438e-01 -1.920999999999999965e-03 -9.553909999999999902e-01 2.953439999999999954e-01 -3.980000000000000248e-04
2.800000000000000000e+01 1.600000000000000000e+01 2.100000000000000000e+01 0.000000000000000000e+00 1.600000000000000089e+00 5.099999999999999960e-05 2.527000000000000166e-03 9.999970000000000248e-01 2.943790000000000018e-01 9.556860000000000355e-01 -2.429999999999999868e-03 -9.556890000000000107e-01 2.943779999999999730e-01 -6.949999999999999798e-04
2.500000000000000000e+01 4.600000000000000000e+01 2.700000000000000000e+01 0.000000000000000000e+00 1.600000000000000089e+00 1.077000000000000049e-03 1.559000000000000056e-03 -9.999980000000000535e-01 6.882200000000000539e-01 7.255000000000000338e-01 1.871999999999999966e-03 7.255019999999999802e-01 -6.882200000000000539e-01 -2.919999999999999961e-04
1.000000000000000000e+01 4.600000000000000000e+01 3.000000000000000000e+01 0.000000000000000000e+00 1.600000000000000089e+00 5.000000000000000240e-05 -4.640000000000000027e-04 -1.000000000000000000e+00 3.367850000000000010e-01 9.415820000000000300e-01 -4.200000000000000174e-04 9.415820000000000300e-01 -3.367850000000000010e-01 2.030000000000000012e-04
3.000000000000000000e+00 5.800000000000000000e+01 3.100000000000000000e+01 0.000000000000000000e+00 1.600000000000000089e+00 3.150000000000000131e-04 4.229999999999999819e-04 1.000000000000000000e+00 -7.976119999999999877e-01 -6.031710000000000127e-01 5.060000000000000478e-04 6.031710000000000127e-01 -7.976119999999999877e-01 1.469999999999999953e-04
1.100000000000000000e+01 5.800000000000000000e+01 3.100000000000000000e+01 0.000000000000000000e+00 1.600000000000000089e+00 -1.703000000000000087e-03 2.020000000000000040e-04 9.999989999999999712e-01 -7.981549999999999478e-01 -6.024509999999999588e-01 -1.237999999999999951e-03 6.024500000000000410e-01 -7.981559999999999766e-01 1.188000000000000037e-03
1.600000000000000000e+01 5.800000000000000000e+01 3.100000000000000000e+01 0.000000000000000000e+00 1.600000000000000089e+00 1.420000000000000092e-04 5.770000000000000389e-04 1.000000000000000000e+00 -7.968399999999999928e-01 -6.041900000000000048e-01 4.620000000000000083e-04 6.041900000000000048e-01 -7.968399999999999928e-01 3.739999999999999835e-04
2.200000000000000000e+01 5.800000000000000000e+01 3.100000000000000000e+01 0.000000000000000000e+00 1.600000000000000089e+00 -1.023000000000000038e-03 -8.500000000000000611e-05 9.999989999999999712e-01 -7.980620000000000491e-01 -6.025749999999999718e-01 -8.670000000000000406e-04 6.025740000000000540e-01 -7.980629999999999669e-01 5.490000000000000088e-04
2.700000000000000000e+01 5.800000000000000000e+01 3.100000000000000000e+01 0.000000000000000000e+00 1.600000000000000089e+00 -5.800000000000000034e-05 -2.765999999999999796e-03 9.999959999999999960e-01 -7.966640000000000388e-01 -6.044199999999999573e-01 -1.719000000000000042e-03 6.044230000000000436e-01 -7.966609999999999525e-01 -2.167999999999999788e-03
1.800000000000000000e+01 3.200000000000000000e+01 3.300000000000000000e+01 0.000000000000000000e+00 1.600000000000000089e+00 2.000000000000000042e-03 1.997000000000000077e-03 9.999959999999999960e-01 -2.691890000000000116e-01 9.630859999999999976e-01 -1.384999999999999946e-03 -9.630849999999999689e-01 -2.691850000000000076e-01 2.462999999999999912e-03
4.000000000000000000e+00 4.600000000000000000e+01 3.500000000000000000e+01 0.000000000000000000e+00 1.600000000000000089e+00 -1.320000000000000101e-04 1.108999999999999960e-03 -9.999989999999999712e-01 3.907300000000000217e-01 -9.205050000000000177e-01 -1.072999999999999952e-03 -9.205050000000000177e-01 -3.907300000000000217e-01 -3.119999999999999944e-04
1.100000000000000000e+01 4.600000000000000000e+01 3.500000000000000000e+01 0.000000000000000000e+00 1.600000000000000089e+00 4.169999999999999987e-04 2.639999999999999986e-03 -9.999959999999999960e-01 3.909850000000000270e-01 -9.203940000000000454e-01 -2.266999999999999918e-03 -9.203970000000000207e-01 -3.909830000000000250e-01 -1.415999999999999941e-03
1.900000000000000000e+01 4.600000000000000000e+01 3.500000000000000000e+01 0.000000000000000000e+00 1.600000000000000089e+00 9.179999999999999792e-04 -5.733000000000000249e-03 -9.999829999999999552e-01 3.901680000000000148e-01 -9.207269999999999621e-01 5.636000000000000384e-03 -9.207429999999999781e-01 -3.901660000000000128e-01 1.392000000000000008e-03
2.300000000000000000e+01 4.600000000000000000e+01 3.500000000000000000e+01 0.000000000000000000e+00 1.600000000000000089e+00 2.320000000000000014e-04 -6.610000000000000207e-04 -1.000000000000000000e+00 3.893880000000000119e-01 -9.210739999999999483e-01 6.989999999999999686e-04 -9.210739999999999483e-01 -3.893880000000000119e-01 4.399999999999999886e-05
2.900000000000000000e+01 4.600000000000000000e+01 3.500000000000000000e+01 0.000000000000000000e+00 1.600000000000000089e+00 1.965000000000000167e-03 -7.259999999999999743e-04 -9.999980000000000535e-01 3.866550000000000264e-01 -9.222230000000000150e-01 1.428999999999999932e-03 -9.222219999999999862e-01 -3.866569999999999729e-01 -1.531000000000000026e-03
5.000000000000000000e+00 9.500000000000000000e+01 3.600000000000000000e+01 0.000000000000000000e+00 1.600000000000000089e+00 4.220999999999999926e-03 1.817099999999999965e-02 9.998259999999999925e-01 9.967190000000000216e-01 8.073700000000000321e-02 -5.675000000000000357e-03 -8.082599999999999507e-02 9.965699999999999559e-01 -1.777099999999999860e-02
9.000000000000000000e+00 9.500000000000000000e+01 3.600000000000000000e+01 0.000000000000000000e+00 1.600000000000000089e+00 -7.269999999999999987e-04 -9.362999999999999795e-03 9.999559999999999560e-01 9.972330000000000361e-01 7.432300000000000018e-02 1.420000000000000038e-03 -7.433299999999999630e-02 9.971900000000000208e-01 9.282999999999999585e-03
1.200000000000000000e+01 9.500000000000000000e+01 3.600000000000000000e+01 0.000000000000000000e+00 1.600000000000000089e+00 -3.027000000000000177e-03 -2.520100000000000118e-02 9.996779999999999555e-01 9.972739999999999938e-01 7.362900000000000000e-02 4.874999999999999993e-03 -7.372800000000000187e-02 9.969670000000000476e-01 2.490900000000000059e-02
1.500000000000000000e+01 9.500000000000000000e+01 3.600000000000000000e+01 0.000000000000000000e+00 1.600000000000000089e+00 -2.138999999999999842e-03 -1.842399999999999941e-02 9.998280000000000500e-01 9.973090000000000011e-01 7.323300000000000642e-02 3.482999999999999985e-03 -7.328500000000000292e-02 9.971449999999999481e-01 1.821700000000000055e-02
2.000000000000000000e+01 9.500000000000000000e+01 3.600000000000000000e+01 0.000000000000000000e+00 1.600000000000000089e+00 -1.257000000000000088e-03 3.980000000000000031e-03 9.999909999999999632e-01 9.970390000000000086e-01 7.688599999999999601e-02 9.470000000000000336e-04 -7.688100000000000489e-02 9.970320000000000293e-01 -4.065000000000000037e-03
2.300000000000000000e+01 9.500000000000000000e+01 3.600000000000000000e+01 0.000000000000000000e+00 1.600000000000000089e+00 -2.000000000000000164e-05 6.614000000000000087e-03 9.999780000000000335e-01 9.968390000000000306e-01 7.944600000000000273e-02 -5.050000000000000235e-04 -7.944800000000000473e-02 9.968169999999999531e-01 -6.595000000000000168e-03
6.000000000000000000e+00 3.000000000000000000e+00 4.300000000000000000e+01 0.000000000000000000e+00 1.600000000000000089e+00 2.403000000000000188e-03 7.686000000000000124e-03 -9.999679999999999680e-01 7.391410000000000480e-01 -6.735419999999999741e-01 -3.400999999999999943e-03 -6.735459999999999781e-01 -7.391090000000000160e-01 -7.298999999999999932e-03
1.100000000000000000e+01 3.000000000000000000e+00 4.300000000000000000e+01 0.000000000000000000e+00 1.600000000000000089e+00 -2.732000000000000053e-03 -6.237999999999999622e-03 -9.999770000000000048e-01 7.388559999999999572e-01 -6.738589999999999858e-01 2.184999999999999876e-03 -6.738579999999999570e-01 -7.388329999999999620e-01 6.448999999999999871e-03
1.700000000000000000e+01 3.000000000000000000e+00 4.300000000000000000e+01 0.000000000000000000e+00 1.600000000000000089e+00 1.427000000000000100e-03 9.890000000000000787e-04 -9.999980000000000535e-01 7.357789999999999608e-01 -6.772219999999999906e-01 3.800000000000000209e-04 -6.772200000000000442e-01 -7.357780000000000431e-01 -1.693999999999999976e-03
9.000000000000000000e+00 8.000000000000000000e+00 4.400000000000000000e+01 0.000000000000000000e+00 1.600000000000000089e+00 -2.500000000000000052e-04 1.624000000000000010e-03 9.999989999999999712e-01 -7.875170000000000226e-01 -6.162919999999999510e-01 8.040000000000000271e-04 6.162919999999999510e-01 -7.875159999999999938e-01 1.433999999999999945e-03
1.800000000000000000e+01 8.000000000000000000e+00 4.400000000000000000e+01 0.000000000000000000e+00 1.600000000000000089e+00 -3.800000000000000209e-05 1.399999999999999986e-03 9.999989999999999712e-01 -7.837429999999999675e-01 -6.210839999999999694e-01 8.390000000000000105e-04 6.210849999999999982e-01 -7.837420000000000497e-01 1.121000000000000035e-03
3.000000000000000000e+00 2.900000000000000000e+01 4.400000000000000000e+01 0.000000000000000000e+00 1.600000000000000089e+00 3.232000000000000064e-03 -2.200000000000000078e-04 -9.999949999999999672e-01 6.723909999999999609e-01 7.401929999999999898e-01 2.010000000000000068e-03 7.401889999999999858e-01 -6.723940000000000472e-01 2.540000000000000157e-03
8.000000000000000000e+00 2.900000000000000000e+01 4.400000000000000000e+01 0.000000000000000000e+00 1.600000000000000089e+00 1.113000000000000057e-03 -2.422999999999999807e-03 -9.999959999999999960e-01 6.768340000000000467e-01 7.361349999999999838e-01 -1.030000000000000100e-03 7.361339999999999550e-01 -6.768309999999999604e-01 2.459999999999999947e-03
1.200000000000000000e+01 2.900000000000000000e+01 4.400000000000000000e+01 0.000000000000000000e+00 1.600000000000000089e+00 -3.611000000000000060e-03 -2.919999999999999853e-03 -9.999890000000000168e-01 6.773209999999999509e-01 7.356740000000000501e-01 -4.593999999999999993e-03 7.356789999999999718e-01 -6.773299999999999876e-01 -6.790000000000000245e-04
2.300000000000000000e+01 2.900000000000000000e+01 4.400000000000000000e+01 0.000000000000000000e+00 1.600000000000000089e+00 -1.824000000000000100e-03 3.579999999999999741e-04 -9.999980000000000535e-01 6.561169999999999503e-01 7.546580000000000510e-01 -9.269999999999999811e-04 7.546570000000000222e-01 -6.561179999999999790e-01 -1.611000000000000019e-03
3.000000000000000000e+01 2.900000000000000000e+01 4.400000000000000000e+01 0.000000000000000000e+00 1.600000000000000089e+00 -4.697999999999999919e-03 -8.106000000000000358e-03 -9.999559999999999560e-01 6.559169999999999723e-01 7.547770000000000312e-01 -9.201000000000000845e-03 7.548179999999999890e-01 -6.559319999999999595e-01 1.771000000000000005e-03
1.600000000000000000e+01 7.000000000000000000e+01 4.700000000000000000e+01 0.000000000000000000e+00 1.600000000000000089e+00 -4.859999999999999954e-04 -3.849999999999999798e-04 -1.000000000000000000e+00 -8.423040000000000527e-01 -5.390030000000000099e-01 6.170000000000000354e-04 -5.390030000000000099e-01 8.423040000000000527e-01 -6.200000000000000270e-05
1.700000000000000000e+01 6.000000000000000000e+00 5.100000000000000000e+01 0.000000000000000000e+00 1.600000000000000089e+00 -1.466000000000000072e-03 -2.269999999999999882e-04 -9.999989999999999712e-01 3.236020000000000008e-01 -9.461929999999999508e-01 -2.599999999999999772e-04 -9.461920000000000330e-01 -3.236020000000000008e-01 1.461000000000000059e-03
1.200000000000000000e+01 1.150000000000000000e+02 5.100000000000000000e+01 0.000000000000000000e+00 1.600000000000000089e+00 -1.814999999999999990e-03 -4.884999999999999586e-03 9.999860000000000415e-01 8.440900000000000070e-01 -5.362000000000000099e-01 -1.087000000000000076e-03 5.361979999999999524e-01 8.440769999999999662e-01 5.095999999999999835e-03
2.000000000000000000e+01 7.000000000000000000e+00 5.200000000000000000e+01 0.000000000000000000e+00 1.600000000000000089e+00 3.563000000000000195e-03 -2.521999999999999936e-03 -9.999909999999999632e-01 8.889099999999999779e-02 -9.960369999999999502e-01 2.827999999999999785e-03 -9.960350000000000037e-01 -8.890099999999999392e-02 -3.324999999999999831e-03
3.000000000000000000e+00 6.300000000000000000e+01 5.400000000000000000e+01 0.000000000000000000e+00 1.600000000000000089e+00 -2.053999999999999836e-03 2.699999999999999899e-05 9.999980000000000535e-01 -3.565110000000000223e-01 9.342909999999999826e-01 -7.579999999999999932e-04 -9.342890000000000361e-01 -3.565119999999999956e-01 -1.910000000000000022e-03
1.000000000000000000e+01 6.300000000000000000e+01 5.400000000000000000e+01 0.000000000000000000e+00 1.600000000000000089e+00 1.745999999999999939e-03 -1.477999999999999930e-03 9.999970000000000248e-01 -3.503299999999999748e-01 9.366240000000000121e-01 1.995999999999999944e-03 -9.366250000000000409e-01 -3.503319999999999768e-01 1.116999999999999937e-03
1.700000000000000000e+01 6.300000000000000000e+01 5.400000000000000000e+01 0.000000000000000000e+00 1.600000000000000089e+00 -6.980000000000000527e-04 -1.000000000000000048e-04 1.000000000000000000e+00 -3.534530000000000172e-01 9.354519999999999502e-01 -1.540000000000000028e-04 -9.354519999999999502e-01 -3.534530000000000172e-01 -6.890000000000000508e-04
2.300000000000000000e+01 6.300000000000000000e+01 5.400000000000000000e+01 0.000000000000000000e+00 1.600000000000000089e+00 4.679999999999999915e-04 3.921000000000000006e-03 9.999919999999999920e-01 -3.556380000000000097e-01 9.346170000000000311e-01 -3.497999999999999807e-03 -9.346240000000000103e-01 -3.556329999999999769e-01 1.832000000000000078e-03
2.600000000000000000e+01 6.300000000000000000e+01 5.400000000000000000e+01 0.000000000000000000e+00 1.600000000000000089e+00 -9.280000000000000054e-04 2.216999999999999787e-03 9.999970000000000248e-01 -3.567759999999999820e-01 9.341869999999999896e-01 -2.403000000000000188e-03 -9.341899999999999649e-01 -3.567770000000000108e-01 -7.600000000000000418e-05
2.800000000000000000e+01 6.300000000000000000e+01 5.400000000000000000e+01 0.000000000000000000e+00 1.600000000000000089e+00 -1.477999999999999930e-03 -8.369999999999999619e-04 9.999989999999999712e-01 -3.569390000000000063e-01 9.341279999999999584e-01 2.539999999999999940e-04 -9.341270000000000406e-01 -3.569379999999999775e-01 -1.678999999999999937e-03
1.000000000000000000e+00 2.500000000000000000e+01 5.500000000000000000e+01 0.000000000000000000e+00 1.600000000000000089e+00 -8.790000000000000070e-04 -6.552999999999999797e-03 -9.999780000000000335e-01 -1.012900000000000085e-02 -9.999270000000000103e-01 6.562000000000000124e-03 -9.999479999999999480e-01 1.013499999999999991e-02 8.120000000000000048e-04
8.000000000000000000e+00 2.500000000000000000e+01 5.500000000000000000e+01 0.000000000000000000e+00 1.600000000000000089e+00 1.620000000000000075e-04 2.484999999999999796e-03 -9.999970000000000248e-01 -1.083600000000000015e-02 -9.999379999999999935e-01 -2.485999999999999929e-03 -9.999409999999999688e-01 1.083699999999999941e-02 -1.350000000000000017e-04
1.200000000000000000e+01 2.500000000000000000e+01 5.500000000000000000e+01 0.000000000000000000e+00 1.600000000000000089e+00 4.970000000000000459e-04 1.495000000000000018e-03 -9.999989999999999712e-01 -1.126599999999999997e-02 -9.999350000000000183e-01 -1.500000000000000031e-03 -9.999360000000000470e-01 1.126699999999999924e-02 -4.800000000000000122e-04
1.700000000000000000e+01 2.500000000000000000e+01 5.500000000000000000e+01 0.000000000000000000e+00 1.600000000000000089e+00 -4.510000000000000120e-04 -1.525000000000000097e-03 -9.999989999999999712e-01 -1.206499999999999934e-02 -9.999259999999999815e-01 1.529999999999999893e-03 -9.999270000000000103e-01 1.206499999999999934e-02 4.319999999999999838e-04
2.100000000000000000e+01 2.500000000000000000e+01 5.500000000000000000e+01 0.000000000000000000e+00 1.600000000000000089e+00 1.479000000000000063e-03 -2.329999999999999986e-04 -9.999989999999999712e-01 -1.240400000000000010e-02 -9.999230000000000063e-01 2.149999999999999947e-04 -9.999219999999999775e-01 1.240300000000000083e-02 -1.482000000000000027e-03
2.700000000000000000e+01 2.500000000000000000e+01 5.500000000000000000e+01 0.000000000000000000e+00 1.600000000000000089e+00 -4.360000000000000269e-04 -1.528000000000000061e-03 -9.999989999999999712e-01 -1.219899999999999977e-02 -9.999240000000000350e-01 1.533000000000000074e-03 -9.999249999999999527e-01 1.220000000000000077e-02 4.169999999999999987e-04
2.000000000000000000e+00 5.800000000000000000e+01 5.900000000000000000e+01 0.000000000000000000e+00 1.600000000000000089e+00 -2.167000000000000089e-03 -3.170000000000000075e-03 -9.999930000000000208e-01 3.825120000000000187e-01 9.239429999999999588e-01 -3.758000000000000056e-03 9.239479999999999915e-01 -3.825180000000000247e-01 -7.900000000000000121e-04
5.000000000000000000e+00 6.000000000000000000e+00 6.100000000000000000e+01 0.000000000000000000e+00 1.600000000000000089e+00 2.169999999999999891e-04 1.020899999999999933e-02 9.999479999999999480e-01 5.621660000000000545e-01 -8.269830000000000236e-01 8.321000000000000271e-03 8.270239999999999814e-01 5.621350000000000513e-01 -5.918999999999999782e-03
6.000000000000000000e+00 2.700000000000000000e+01 6.300000000000000000e+01 0.000000000000000000e+00 1.600000000000000089e+00 4.000000000000000192e-04 -1.951000000000000043e-03 9.999980000000000535e-01 -2.815500000000000225e-01 9.595449999999999813e-01 1.984000000000000086e-03 -9.595470000000000388e-01 -2.815500000000000225e-01 -1.649999999999999991e-04
1.000000000000000000e+01 2.700000000000000000e+01 6.300000000000000000e+01 0.000000000000000000e+00 1.600000000000000089e+00 2.877999999999999916e-03 3.611000000000000060e-03 9.999890000000000168e-01 -2.835289999999999755e-01 9.589600000000000346e-01 -2.647000000000000047e-03 -9.589590000000000058e-01 -2.835179999999999922e-01 3.784000000000000037e-03
1.400000000000000000e+01 2.700000000000000000e+01 6.300000000000000000e+01 0.000000000000000000e+00 1.600000000000000089e+00 2.079000000000000119e-03 2.446999999999999956e-03 9.999949999999999672e-01 -2.846110000000000029e-01 9.586409999999999654e-01 -1.753999999999999917e-03 -9.586409999999999654e-01 -2.846060000000000256e-01 2.690000000000000117e-03
2.200000000000000000e+01 2.700000000000000000e+01 6.300000000000000000e+01 0.000000000000000000e+00 1.600000000000000089e+00 1.815999999999999906e-03 -6.599999999999999964e-04 9.999980000000000535e-01 -2.876819999999999933e-01 9.577250000000000485e-01 1.154000000000000078e-03 -9.577240000000000197e-01 -2.876830000000000220e-01 1.549999999999999946e-03
2.600000000000000000e+01 2.700000000000000000e+01 6.300000000000000000e+01 0.000000000000000000e+00 1.600000000000000089e+00 -5.079999999999999880e-04 5.592999999999999881e-03 9.999839999999999840e-01 -2.907790000000000097e-01 9.567740000000000133e-01 -5.499000000000000415e-03 -9.567900000000000293e-01 -2.907779999999999809e-01 1.139999999999999954e-03
6.000000000000000000e+00 2.600000000000000000e+01 6.400000000000000000e+01 0.000000000000000000e+00 1.600000000000000089e+00 8.930000000000000221e-04 -2.916999999999999888e-03 9.999949999999999672e-01 -3.667099999999999804e-01 9.303299999999999903e-01 3.041999999999999999e-03 -9.303350000000000231e-01 -3.667110000000000092e-01 -2.390000000000000089e-04
9.000000000000000000e+00 2.600000000000000000e+01 6.400000000000000000e+01 0.000000000000000000e+00 1.600000000000000089e+00 2.801000000000000104e-03 3.161999999999999880e-03 9.999909999999999632e-01 -3.679450000000000220e-01 9.298459999999999503e-01 -1.910000000000000022e-03 -9.298429999999999751e-01 -3.679359999999999853e-01 3.768000000000000082e-03
1.400000000000000000e+01 2.600000000000000000e+01 6.400000000000000000e+01 0.000000000000000000e+00 1.600000000000000089e+00 2.347000000000000128e-03 1.991999999999999847e-03 9.999949999999999672e-01 -3.689350000000000129e-01 9.294550000000000312e-01 -9.859999999999998974e-04 -9.294519999999999449e-01 -3.689310000000000089e-01 2.916999999999999888e-03
2.200000000000000000e+01 2.600000000000000000e+01 6.400000000000000000e+01 0.000000000000000000e+00 1.600000000000000089e+00 3.720000000000000216e-03 1.358000000000000049e-03 9.999919999999999920e-01 -3.709180000000000255e-01 9.286659999999999915e-01 1.190000000000000058e-04 -9.286579999999999835e-01 -3.709160000000000235e-01 3.957999999999999713e-03
2.600000000000000000e+01 2.600000000000000000e+01 6.400000000000000000e+01 0.000000000000000000e+00 1.600000000000000089e+00 -7.309999999999999875e-04 8.141999999999999932e-03 9.999670000000000503e-01 -3.717969999999999886e-01 9.282810000000000228e-01 -7.830000000000000154e-03 -9.283139999999999725e-01 -3.717909999999999826e-01 2.347999999999999827e-03
8.000000000000000000e+00 6.900000000000000000e+01 6.600000000000000000e+01 0.000000000000000000e+00 1.600000000000000089e+00 3.784000000000000037e-03 -1.814000000000000074e-03 9.999909999999999632e-01 -9.501140000000000141e-01 3.118759999999999866e-01 4.160999999999999768e-03 -3.118810000000000193e-01 -9.501209999999999933e-01 -5.429999999999999714e-04
2.000000000000000000e+00 2.500000000000000000e+01 7.300000000000000000e+01 0.000000000000000000e+00 1.600000000000000089e+00 -1.544999999999999932e-03 4.564000000000000348e-03 9.999879999999999880e-01 7.550029999999999797e-01 -6.557079999999999576e-01 4.159999999999999636e-03 6.557199999999999696e-01 7.550010000000000332e-01 -2.432999999999999833e-03
7.000000000000000000e+00 2.500000000000000000e+01 7.300000000000000000e+01 0.000000000000000000e+00 1.600000000000000089e+00 2.739999999999999923e-04 1.144000000000000052e-03 9.999989999999999712e-01 7.524319999999999897e-01 -6.586699999999999777e-01 5.469999999999999602e-04 6.586699999999999777e-01 7.524309999999999610e-01 -1.041000000000000042e-03
1.300000000000000000e+01 2.500000000000000000e+01 7.300000000000000000e+01 0.000000000000000000e+00 1.600000000000000089e+00 3.060000000000000111e-04 -1.688999999999999963e-03 9.999989999999999712e-01 7.501959999999999740e-01 -6.612139999999999684e-01 -1.345999999999999974e-03 6.612160000000000259e-01 7.501949999999999452e-01 1.064000000000000059e-03
1.700000000000000000e+01 2.500000000000000000e+01 7.300000000000000000e+01 0.000000000000000000e+00 1.600000000000000089e+00 -3.883000000000000167e-03 -2.592000000000000120e-03 9.999890000000000168e-01 7.518960000000000088e-01 -6.592799999999999772e-01 1.211000000000000054e-03 6.592700000000000227e-01 7.518930000000000335e-01 4.508999999999999987e-03
3.000000000000000000e+01 2.500000000000000000e+01 7.300000000000000000e+01 0.000000000000000000e+00 1.600000000000000089e+00 4.088999999999999753e-03 7.100999999999999673e-03 9.999660000000000215e-01 7.577599999999999891e-01 -6.525309999999999722e-01 1.534999999999999906e-03 6.525199999999999889e-01 7.577289999999999859e-01 -8.049000000000000599e-03
2.000000000000000000e+00 4.400000000000000000e+01 7.300000000000000000e+01 0.000000000000000000e+00 1.600000000000000089e+00 8.589999999999999546e-04 6.830000000000000134e-04 9.999989999999999712e-01 5.230400000000000327e-02 -9.986310000000000464e-01 6.369999999999999794e-04 9.986310000000000464e-01 5.230300000000000227e-02 -8.930000000000000221e-04
6.000000000000000000e+00 4.400000000000000000e+01 7.300000000000000000e+01 0.000000000000000000e+00 1.600000000000000089e+00 3.350000000000000113e-04 -1.440000000000000036e-04 1.000000000000000000e+00 5.185900000000000232e-02 -9.986540000000000417e-01 -1.610000000000000103e-04 9.986540000000000417e-01 5.185900000000000232e-02 -3.269999999999999795e-04
1.000000000000000000e+01 4.400000000000000000e+01 7.300000000000000000e+01 0.000000000000000000e+00 1.600000000000000089e+00 1.312000000000000015e-03 7.590000000000000175e-04 9.999989999999999712e-01 5.329400000000000109e-02 -9.985789999999999944e-01 6.880000000000000265e-04 9.985779999999999657e-01 5.329300000000000009e-02 -1.350999999999999987e-03
1.600000000000000000e+01 4.400000000000000000e+01 7.300000000000000000e+01 0.000000000000000000e+00 1.600000000000000089e+00 1.103000000000000031e-03 4.284999999999999747e-03 9.999900000000000455e-01 5.510999999999999927e-02 -9.984709999999999974e-01 4.218000000000000395e-03 9.984800000000000342e-01 5.510500000000000120e-02 -1.337000000000000081e-03
2.300000000000000000e+01 4.400000000000000000e+01 7.300000000000000000e+01 0.000000000000000000e+00 1.600000000000000089e+00 8.350000000000000217e-04 2.540000000000000157e-03 9.999959999999999960e-01 5.483699999999999686e-02 -9.984920000000000462e-01 2.490000000000000026e-03 9.984950000000000214e-01 5.483500000000000180e-02 -9.730000000000000151e-04
2.700000000000000000e+01 4.400000000000000000e+01 7.300000000000000000e+01 0.000000000000000000e+00 1.600000000000000089e+00 -2.135999999999999878e-03 -3.939999999999999817e-04 9.999980000000000535e-01 5.443300000000000222e-02 -9.985169999999999879e-01 -2.770000000000000110e-04 9.985150000000000414e-01 5.443200000000000122e-02 2.154999999999999798e-03
2.700000000000000000e+01 2.500000000000000000e+01 7.400000000000000000e+01 0.000000000000000000e+00 1.600000000000000089e+00 2.056999999999999801e-03 6.775999999999999905e-03 9.999749999999999472e-01 8.299389999999999823e-01 -5.578499999999999570e-01 2.073000000000000190e-03 5.578509999999999858e-01 8.299140000000000406e-01 -6.771000000000000109e-03
