7.000000000000000000e+00 1.500000000000000000e+01 4.000000000000000000e+00 0.000000000000000000e+00 1.600000000000000089e+00 1.435999999999999993e-03 -9.180000000000000659e-03 9.999569999999999848e-01 3.000090000000000257e-01 -9.538919999999999622e-01 -9.187999999999999987e-03 9.539349999999999774e-01 3.000099999999999989e-01 1.384000000000000031e-03
1.200000000000000000e+01 1.500000000000000000e+01 4.000000000000000000e+00 0.000000000000000000e+00 1.600000000000000089e+00 -1.423999999999999919e-03 -1.652500000000000149e-02 9.998620000000000285e-01 2.913799999999999724e-01 -9.564840000000000009e-01 -1.539300000000000043e-02 9.566059999999999564e-01 2.913180000000000214e-01 6.177000000000000199e-03
1.600000000000000000e+01 1.500000000000000000e+01 4.000000000000000000e+00 0.000000000000000000e+00 1.600000000000000089e+00 -2.246999999999999865e-03 -1.603399999999999964e-02 9.998690000000000078e-01 2.817219999999999724e-01 -9.593829999999999858e-01 -1.475100000000000022e-02 9.594930000000000403e-01 2.816520000000000135e-01 6.673000000000000112e-03
2.500000000000000000e+01 1.500000000000000000e+01 4.000000000000000000e+00 0.000000000000000000e+00 1.600000000000000089e+00 2.577999999999999996e-03 1.294000000000000011e-03 9.999959999999999960e-01 2.826009999999999911e-01 -9.592370000000000063e-01 5.119999999999999768e-04 9.592340000000000311e-01 2.825989999999999891e-01 -2.838999999999999944e-03
2.900000000000000000e+01 1.500000000000000000e+01 4.000000000000000000e+00 0.000000000000000000e+00 1.600000000000000089e+00 4.299999999999999894e-04 7.387000000000000337e-03 9.999730000000000008e-01 2.915630000000000166e-01 -9.565270000000000161e-01 6.939999999999999988e-03 9.565519999999999579e-01 2.915519999999999778e-01 -2.565000000000000006e-03
3.000000000000000000e+00 1.010000000000000000e+02 7.000000000000000000e+00 0.000000000000000000e+00 1.600000000000000089e+00 -5.015000000000000360e-03 -2.682700000000000015e-02 9.996279999999999610e-01 8.854020000000000223e-01 4.645190000000000152e-01 1.690799999999999942e-02 -4.647990000000000177e-01 8.851569999999999716e-01 2.142399999999999860e-02
1.200000000000000000e+01 1.010000000000000000e+02 7.000000000000000000e+00 0.000000000000000000e+00 1.600000000000000089e+00 1.379999999999999933e-03 1.835600000000000079e-02 9.998310000000000253e-01 8.856190000000000451e-01 4.643090000000000273e-01 -9.747000000000000455e-03 -4.644099999999999895e-01 8.854830000000000201e-01 -1.561500000000000041e-02
2.500000000000000000e+01 1.010000000000000000e+02 7.000000000000000000e+00 0.000000000000000000e+00 1.600000000000000089e+00 -1.090999999999999956e-03 -6.688000000000000368e-03 9.999770000000000048e-01 8.854830000000000201e-01 4.646540000000000115e-01 4.074000000000000364e-03 -4.646710000000000007e-01 8.854670000000000041e-01 5.414999999999999675e-03
2.900000000000000000e+01 1.010000000000000000e+02 7.000000000000000000e+00 0.000000000000000000e+00 1.600000000000000089e+00 8.700000000000000051e-04 6.335999999999999618e-03 9.999799999999999800e-01 8.852299999999999613e-01 4.651390000000000247e-01 -3.717999999999999951e-03 -4.651529999999999831e-01 8.852149999999999741e-01 -5.204000000000000292e-03
3.000000000000000000e+00 1.500000000000000000e+01 8.000000000000000000e+00 0.000000000000000000e+00 1.600000000000000089e+00 -3.119999999999999944e-03 3.379000000000000059e-03 -9.999890000000000168e-01 -5.839779999999999971e-01 -8.117689999999999628e-01 -9.210000000000000521e-04 -8.117640000000000411e-01 5.839689999999999603e-01 4.505999999999999589e-03
1.400000000000000000e+01 1.500000000000000000e+01 8.000000000000000000e+00 0.000000000000000000e+00 1.600000000000000089e+00 -2.098000000000000038e-03 -1.167100000000000082e-02 -9.999299999999999855e-01 -5.875609999999999999e-01 -8.091089999999999671e-01 1.067700000000000073e-02 -8.091770000000000351e-01 5.875420000000000087e-01 -5.159999999999999656e-03
2.300000000000000000e+01 1.500000000000000000e+01 8.000000000000000000e+00 0.000000000000000000e+00 1.600000000000000089e+00 -4.016999999999999738e-03 -6.918999999999999803e-03 -9.999679999999999680e-01 -5.900929999999999787e-01 -8.072960000000000136e-01 7.955999999999999531e-03 -8.073249999999999593e-01 5.901060000000000194e-01 -8.400000000000000348e-04
2.800000000000000000e+01 1.500000000000000000e+01 8.000000000000000000e+00 0.000000000000000000e+00 1.600000000000000089e+00 -1.877999999999999895e-03 1.034999999999999896e-03 -9.999980000000000535e-01 -5.916420000000000012e-01 -8.062000000000000277e-01 2.770000000000000110e-04 -8.061979999999999702e-01 5.916420000000000012e-01 2.125999999999999852e-03
6.000000000000000000e+00 2.600000000000000000e+01 8.000000000000000000e+00 0.000000000000000000e+00 1.600000000000000089e+00 1.549000000000000030e-03 4.800999999999999712e-03 -9.999869999999999592e-01 4.058510000000000173e-01 9.139249999999999874e-01 5.016999999999999758e-03 9.139380000000000281e-01 -4.058539999999999925e-01 -5.330000000000000536e-04
1.900000000000000000e+01 2.600000000000000000e+01 8.000000000000000000e+00 0.000000000000000000e+00 1.600000000000000089e+00 3.650000000000000033e-03 9.306000000000000036e-03 -9.999500000000000055e-01 4.022390000000000132e-01 9.154799999999999605e-01 9.988000000000000350e-03 9.155269999999999797e-01 -4.022549999999999737e-01 -4.020000000000000136e-04
1.000000000000000000e+00 2.400000000000000000e+01 9.000000000000000000e+00 0.000000000000000000e+00 1.600000000000000089e+00 2.217999999999999920e-03 1.580000000000000024e-03 -9.999959999999999960e-01 4.628430000000000044e-01 8.864370000000000305e-01 2.426999999999999904e-03 8.864379999999999482e-01 -4.628470000000000084e-01 1.234999999999999987e-03
7.000000000000000000e+00 2.400000000000000000e+01 9.000000000000000000e+00 0.000000000000000000e+00 1.600000000000000089e+00 1.688000000000000047e-03 2.988999999999999903e-03 -9.999940000000000495e-01 4.618550000000000155e-01 8.869489999999999874e-01 3.431000000000000022e-03 8.869540000000000202e-01 -4.618579999999999908e-01 1.169999999999999979e-04
1.600000000000000000e+01 2.400000000000000000e+01 9.000000000000000000e+00 0.000000000000000000e+00 1.600000000000000089e+00 2.413000000000000214e-03 3.860000000000000150e-03 -9.999900000000000455e-01 4.598920000000000230e-01 8.879629999999999468e-01 4.537000000000000234e-03 8.879719999999999835e-01 -4.598979999999999735e-01 3.669999999999999760e-04
2.300000000000000000e+01 2.400000000000000000e+01 9.000000000000000000e+00 0.000000000000000000e+00 1.600000000000000089e+00 2.884999999999999978e-03 5.330999999999999801e-03 -9.999820000000000375e-01 4.593979999999999730e-01 8.882100000000000550e-01 6.060000000000000282e-03 8.882259999999999600e-01 -4.594070000000000098e-01 1.140000000000000063e-04
2.800000000000000000e+01 2.400000000000000000e+01 9.000000000000000000e+00 0.000000000000000000e+00 1.600000000000000089e+00 2.288000000000000103e-03 6.572999999999999850e-03 -9.999759999999999760e-01 4.591770000000000018e-01 8.883180000000000520e-01 6.890000000000000291e-03 8.883419999999999650e-01 -4.591810000000000058e-01 -9.849999999999999815e-04
4.000000000000000000e+00 4.000000000000000000e+00 1.100000000000000000e+01 0.000000000000000000e+00 1.600000000000000089e+00 2.339999999999999958e-04 1.718799999999999842e-02 -9.998519999999999630e-01 2.237500000000000044e-01 9.745019999999999794e-01 1.680500000000000049e-02 9.746470000000000411e-01 -2.237210000000000032e-01 -3.616999999999999989e-03
8.000000000000000000e+00 4.000000000000000000e+00 1.100000000000000000e+01 0.000000000000000000e+00 1.600000000000000089e+00 1.005999999999999950e-03 6.805000000000000285e-03 -9.999759999999999760e-01 2.214780000000000082e-01 9.751410000000000355e-01 6.858999999999999646e-03 9.751649999999999485e-01 -2.214800000000000102e-01 -5.259999999999999919e-04
1.100000000000000000e+01 4.000000000000000000e+00 1.100000000000000000e+01 0.000000000000000000e+00 1.600000000000000089e+00 3.820000000000000153e-04 -1.407000000000000048e-03 -9.999989999999999712e-01 2.196200000000000097e-01 9.755850000000000355e-01 -1.288999999999999998e-03 9.755850000000000355e-01 -2.196190000000000087e-01 6.819999999999999890e-04
1.000000000000000000e+01 3.100000000000000000e+01 1.200000000000000000e+01 0.000000000000000000e+00 1.600000000000000089e+00 -8.980000000000000352e-04 9.039999999999999642e-04 9.999989999999999712e-01 -2.052700000000000011e-02 9.997890000000000388e-01 -9.219999999999999680e-04 -9.997890000000000388e-01 -2.052800000000000111e-02 -8.790000000000000070e-04
2.000000000000000000e+01 3.100000000000000000e+01 1.200000000000000000e+01 0.000000000000000000e+00 1.600000000000000089e+00 -1.585000000000000037e-03 1.441999999999999922e-03 9.999980000000000535e-01 -2.453500000000000125e-02 9.996979999999999755e-01 -1.480999999999999895e-03 -9.996979999999999755e-01 -2.453800000000000078e-02 -1.549999999999999946e-03
2.500000000000000000e+01 3.100000000000000000e+01 1.200000000000000000e+01 0.000000000000000000e+00 1.600000000000000089e+00 -9.799999999999999684e-04 1.567999999999999949e-03 9.999980000000000535e-01 -2.190100000000000033e-02 9.997589999999999533e-01 -1.588999999999999918e-03 -9.997599999999999820e-01 -2.190299999999999886e-02 -9.449999999999999850e-04
6.000000000000000000e+00 3.200000000000000000e+01 1.400000000000000000e+01 0.000000000000000000e+00 1.600000000000000089e+00 -1.172999999999999998e-03 1.057999999999999913e-03 -9.999989999999999712e-01 1.103419999999999956e-01 9.938930000000000264e-01 9.219999999999999680e-04 9.938930000000000264e-01 -1.103409999999999946e-01 -1.283000000000000069e-03
1.400000000000000000e+01 3.200000000000000000e+01 1.400000000000000000e+01 0.000000000000000000e+00 1.600000000000000089e+00 1.100000000000000039e-04 -4.055999999999999710e-03 -9.999919999999999920e-01 1.179230000000000000e-01 9.930149999999999810e-01 -4.014000000000000207e-03 9.930229999999999890e-01 -1.179209999999999980e-01 5.879999999999999810e-04
1.700000000000000000e+01 3.200000000000000000e+01 1.400000000000000000e+01 0.000000000000000000e+00 1.600000000000000089e+00 2.775999999999999822e-03 -2.062000000000000031e-03 -9.999940000000000495e-01 1.190620000000000012e-01 9.928850000000000176e-01 -1.716999999999999993e-03 9.928829999999999600e-01 -1.190569999999999962e-01 3.001000000000000195e-03
8.000000000000000000e+00 1.200000000000000000e+01 1.500000000000000000e+01 0.000000000000000000e+00 1.600000000000000089e+00 -1.113000000000000057e-03 -1.146000000000000100e-03 -9.999989999999999712e-01 -4.712669999999999915e-01 -8.819890000000000230e-01 1.534999999999999906e-03 -8.819900000000000517e-01 4.712680000000000202e-01 4.409999999999999858e-04
1.400000000000000000e+01 1.200000000000000000e+01 1.500000000000000000e+01 0.000000000000000000e+00 1.600000000000000089e+00 2.970000000000000092e-04 -6.549999999999999833e-04 -1.000000000000000000e+00 -4.716670000000000029e-01 -8.817770000000000330e-01 4.369999999999999970e-04 -8.817770000000000330e-01 4.716659999999999742e-01 -5.710000000000000015e-04
1.700000000000000000e+01 1.200000000000000000e+01 1.500000000000000000e+01 0.000000000000000000e+00 1.600000000000000089e+00 -1.054000000000000032e-03 -5.599999999999999916e-05 -9.999989999999999712e-01 -4.724439999999999751e-01 -8.813609999999999500e-01 5.469999999999999602e-04 -8.813600000000000323e-01 4.724439999999999751e-01 9.030000000000000483e-04
2.300000000000000000e+01 1.200000000000000000e+01 1.500000000000000000e+01 0.000000000000000000e+00 1.600000000000000089e+00 -2.073999999999999889e-03 -1.338999999999999913e-03 -9.999970000000000248e-01 -4.736799999999999899e-01 -8.806950000000000056e-01 2.161999999999999859e-03 -8.806950000000000056e-01 4.736830000000000207e-01 1.191999999999999917e-03
2.700000000000000000e+01 1.200000000000000000e+01 1.500000000000000000e+01 0.000000000000000000e+00 1.600000000000000089e+00 3.009999999999999980e-04 4.099999999999999912e-04 -1.000000000000000000e+00 -4.732310000000000128e-01 -8.809379999999999988e-01 -5.029999999999999749e-04 -8.809379999999999988e-01 4.732310000000000128e-01 -7.100000000000000462e-05
2.300000000000000000e+01 1.100000000000000000e+01 1.600000000000000000e+01 0.000000000000000000e+00 1.600000000000000089e+00 -1.595000000000000064e-03 -1.845000000000000069e-03 -9.999970000000000248e-01 -4.216559999999999753e-01 -9.067530000000000312e-01 2.344999999999999862e-03 -9.067539999999999489e-01 4.216590000000000060e-01 6.679999999999999740e-04
2.000000000000000000e+00 1.160000000000000000e+02 1.600000000000000000e+01 0.000000000000000000e+00 1.600000000000000089e+00 -1.116000000000000021e-03 8.200000000000000095e-05 9.999989999999999712e-01 6.519979999999999665e-01 7.582210000000000338e-01 6.650000000000000095e-04 -7.582200000000000051e-01 6.519979999999999665e-01 -8.999999999999999754e-04
1.100000000000000000e+01 1.160000000000000000e+02 1.600000000000000000e+01 0.000000000000000000e+00 1.600000000000000089e+00 9.700000000000000505e-04 -4.366000000000000089e-03 9.999900000000000455e-01 6.645469999999999988e-01 7.472419999999999618e-01 2.618000000000000101e-03 -7.472459999999999658e-01 6.645379999999999621e-01 3.627000000000000016e-03
2.100000000000000000e+01 1.160000000000000000e+02 1.600000000000000000e+01 0.000000000000000000e+00 1.600000000000000089e+00 -2.011000000000000201e-03 4.020000000000000136e-04 9.999980000000000535e-01 6.704510000000000192e-01 7.419529999999999736e-01 1.049999999999999935e-03 -7.419510000000000272e-01 6.704520000000000479e-01 -1.761999999999999894e-03
2.800000000000000000e+01 1.160000000000000000e+02 1.600000000000000000e+01 0.000000000000000000e+00 1.600000000000000089e+00 7.699999999999999597e-04 1.886000000000000090e-03 9.999980000000000535e-01 7.015789999999999527e-01 7.125890000000000279e-01 -1.884999999999999957e-03 -7.125909999999999744e-01 7.015789999999999527e-01 -7.739999999999999485e-04
4.000000000000000000e+00 2.000000000000000000e+00 1.900000000000000000e+01 0.000000000000000000e+00 1.600000000000000089e+00 5.109999999999999959e-03 -6.187999999999999924e-03 -9.999679999999999680e-01 2.079660000000000120e-01 -9.781100000000000350e-01 7.114999999999999797e-03 -9.781229999999999647e-01 -2.079959999999999865e-01 -3.710999999999999889e-03
7.000000000000000000e+00 2.000000000000000000e+00 1.900000000000000000e+01 0.000000000000000000e+00 1.600000000000000089e+00 7.659999999999999708e-04 -5.095999999999999835e-03 -9.999869999999999592e-01 2.092430000000000123e-01 -9.778499999999999970e-01 5.143000000000000002e-03 -9.778630000000000377e-01 -2.092440000000000133e-01 3.179999999999999776e-04
1.600000000000000000e+01 2.000000000000000000e+00 1.900000000000000000e+01 0.000000000000000000e+00 1.600000000000000089e+00 -1.330000000000000073e-04 -1.776999999999999934e-03 -9.999980000000000535e-01 2.109580000000000066e-01 -9.774939999999999740e-01 1.709000000000000016e-03 -9.774950000000000028e-01 -2.109580000000000066e-01 5.050000000000000235e-04
2.000000000000000000e+01 2.000000000000000000e+00 1.900000000000000000e+01 0.000000000000000000e+00 1.600000000000000089e+00 4.949999999999999973e-04 -4.993000000000000042e-03 -9.999869999999999592e-01 2.152030000000000054e-01 -9.765570000000000084e-01 4.982999999999999582e-03 -9.765690000000000204e-01 -2.152030000000000054e-01 5.910000000000000539e-04
2.400000000000000000e+01 2.000000000000000000e+00 1.900000000000000000e+01 0.000000000000000000e+00 1.600000000000000089e+00 7.619999999999999820e-04 -1.380800000000000083e-02 -9.999040000000000150e-01 2.197399999999999909e-01 -9.754629999999999690e-01 1.363800000000000082e-02 -9.755580000000000362e-01 -2.197300000000000086e-01 2.291000000000000068e-03
2.700000000000000000e+01 2.000000000000000000e+00 1.900000000000000000e+01 0.000000000000000000e+00 1.600000000000000089e+00 -1.064000000000000059e-03 -1.120200000000000015e-02 -9.999369999999999647e-01 2.203489999999999893e-01 -9.753629999999999800e-01 1.069299999999999938e-02 -9.754209999999999825e-01 -2.203229999999999911e-01 3.506000000000000002e-03
2.000000000000000000e+00 1.300000000000000000e+01 2.000000000000000000e+01 0.000000000000000000e+00 1.600000000000000089e+00 5.959999999999999586e-04 6.224999999999999631e-03 9.999799999999999800e-01 2.566399999999999793e-01 9.664869999999999850e-01 -6.170000000000000137e-03 -9.665070000000000050e-01 2.566390000000000060e-01 -1.021999999999999905e-03
6.000000000000000000e+00 1.300000000000000000e+01 2.000000000000000000e+01 0.000000000000000000e+00 1.600000000000000089e+00 5.519999999999999733e-04 2.590000000000000071e-04 1.000000000000000000e+00 2.561329999999999996e-01 9.666409999999999725e-01 -3.919999999999999873e-04 -9.666409999999999725e-01 2.561329999999999996e-01 4.679999999999999915e-04
1.000000000000000000e+01 1.300000000000000000e+01 2.000000000000000000e+01 0.000000000000000000e+00 1.600000000000000089e+00 -1.575000000000000011e-03 -4.342999999999999639e-03 9.999890000000000168e-01 2.576550000000000229e-01 9.662260000000000293e-01 4.602000000000000188e-03 -9.662359999999999838e-01 2.576590000000000269e-01 -4.029999999999999837e-04
1.700000000000000000e+01 1.300000000000000000e+01 2.000000000000000000e+01 0.000000000000000000e+00 1.600000000000000089e+00 7.700000000000000139e-05 1.520000000000000084e-04 1.000000000000000000e+00 2.591040000000000010e-01 9.658489999999999576e-01 -1.669999999999999935e-04 -9.658489999999999576e-01 2.591040000000000010e-01 3.499999999999999693e-05
2.100000000000000000e+01 1.300000000000000000e+01 2.000000000000000000e+01 0.000000000000000000e+00 1.600000000000000089e+00 -8.769999999999999584e-04 2.811999999999999830e-03 9.999959999999999960e-01 2.608880000000000088e-01 9.653659999999999464e-01 -2.485999999999999929e-03 -9.653690000000000326e-01 2.608849999999999780e-01 -1.580000000000000024e-03
2.500000000000000000e+01 1.300000000000000000e+01 2.000000000000000000e+01 0.000000000000000000e+00 1.600000000000000089e+00 -6.440000000000000412e-04 2.090999999999999977e-03 9.999980000000000535e-01 2.606269999999999976e-01 9.654380000000000184e-01 -1.850999999999999998e-03 -9.654390000000000471e-01 2.606249999999999956e-01 -1.167000000000000069e-03
2.800000000000000000e+01 1.300000000000000000e+01 2.000000000000000000e+01 0.000000000000000000e+00 1.600000000000000089e+00 -3.570000000000000040e-04 3.840000000000000097e-04 1.000000000000000000e+00 2.599989999999999801e-01 9.656090000000000506e-01 -2.779999999999999811e-04 -9.656090000000000506e-01 2.599989999999999801e-01 -4.449999999999999746e-04
1.000000000000000000e+00 1.600000000000000000e+01 2.100000000000000000e+01 0.000000000000000000e+00 1.600000000000000089e+00 1.240000000000000054e-04 3.157000000000000084e-03 9.999949999999999672e-01 2.998779999999999779e-01 9.539729999999999599e-01 -3.049000000000000061e-03 -9.539779999999999927e-01 2.998770000000000047e-01 -8.289999999999999843e-04
9.000000000000000000e+00 1.600000000000000000e+01 2.100000000000000000e+01 0.000000000000000000e+00 1.600000000000000089e+00 -8.689999999999999808e-04 -4.453000000000000361e-03 9.999900000000000455e-01 3.007659999999999778e-01 9.536869999999999514e-01 4.507999999999999854e-03 -9.536980000000000457e-01 3.007659999999999778e-01 5.100000000000000366e-04
1.400000000000000000e+01 1.600000000000000000e+01 2.100000000000000000e+01 0.000000000000000000e+00 1.600000000000000089e+00 -6.390000000000000280e-04 -2.631000000000000092e-03 9.999959999999999960e-01 3.019669999999999854e-01 9.533150000000000235e-01 2.700999999999999842e-03 -9.533179999999999987e-01 3.019669999999999854e-01 1.849999999999999973e-04
2.500000000000000000e+01 1.600000000000000000e+01 2.100000000000000000e+01 0.000000000000000000e+00 1.600000000000000089e+00 -1.079000000000000098e-03 1.347000000000000107e-03 9.999989999999999712e-01 3.018350000000000199e-01 9.533599999999999852e-01 -9.590000000000000000e-04 -9.533589999999999565e-01 3.018339999999999912e-01 -1.435000000000000078e-03
1.700000000000000000e+01 4.600000000000000000e+01 2.700000000000000000e+01 0.000000000000000000e+00 1.600000000000000089e+00 1.440000000000000091e-03 2.762999999999999831e-03 -9.999949999999999672e-01 6.618779999999999664e-01 7.496049999999999658e-01 3.024000000000000212e-03 7.496099999999999985e-01 -6.618789999999999951e-01 -7.489999999999999913e-04
2.400000000000000000e+01 4.600000000000000000e+01 2.700000000000000000e+01 0.000000000000000000e+00 1.600000000000000089e+00 -4.063999999999999904e-03 -3.098000000000000059e-03 -9.999869999999999592e-01 6.591939999999999467e-01 7.519559999999999578e-01 -5.009000000000000431e-03 7.519620000000000193e-01 -6.592050000000000409e-01 -1.013999999999999927e-03
2.900000000000000000e+01 4.600000000000000000e+01 2.700000000000000000e+01 0.000000000000000000e+00 1.600000000000000089e+00 -3.939999999999999817e-04 2.644000000000000083e-03 -9.999959999999999960e-01 6.556009999999999893e-01 7.551060000000000549e-01 1.739000000000000094e-03 7.551080000000000014e-01 -6.555980000000000141e-01 -2.030999999999999819e-03
1.800000000000000000e+01 4.600000000000000000e+01 3.000000000000000000e+01 0.000000000000000000e+00 1.600000000000000089e+00 9.470000000000000336e-04 1.015999999999999976e-03 -9.999989999999999712e-01 3.218230000000000257e-01 9.467989999999999462e-01 1.265999999999999981e-03 9.467989999999999462e-01 -3.218239999999999990e-01 5.689999999999999529e-04
2.200000000000000000e+01 4.600000000000000000e+01 3.000000000000000000e+01 0.000000000000000000e+00 1.600000000000000089e+00 -1.312999999999999931e-03 -3.651000000000000165e-03 -9.999919999999999920e-01 3.179890000000000216e-01 9.480870000000000131e-01 -3.879000000000000069e-03 9.480939999999999923e-01 -3.179910000000000236e-01 -8.399999999999999535e-05
2.800000000000000000e+01 4.600000000000000000e+01 3.000000000000000000e+01 0.000000000000000000e+00 1.600000000000000089e+00 -8.419999999999999750e-04 4.539999999999999765e-04 -1.000000000000000000e+00 3.163590000000000013e-01 9.486400000000000388e-01 1.640000000000000019e-04 9.486390000000000100e-01 -3.163590000000000013e-01 -9.430000000000000448e-04
2.000000000000000000e+00 5.800000000000000000e+01 3.100000000000000000e+01 0.000000000000000000e+00 1.600000000000000089e+00 7.191999999999999608e-03 6.390999999999999980e-03 9.999540000000000095e-01 -7.739749999999999686e-01 -6.331440000000000401e-01 9.613000000000000017e-03 6.331759999999999611e-01 -7.740080000000000293e-01 3.930000000000000117e-04
4.000000000000000000e+00 5.800000000000000000e+01 3.100000000000000000e+01 0.000000000000000000e+00 1.600000000000000089e+00 7.040000000000000251e-03 8.491000000000000283e-03 9.999390000000000223e-01 -7.728610000000000202e-01 -6.344840000000000479e-01 1.082900000000000008e-02 6.345370000000000177e-01 -7.728899999999999659e-01 2.096000000000000207e-03
1.200000000000000000e+01 5.800000000000000000e+01 3.100000000000000000e+01 0.000000000000000000e+00 1.600000000000000089e+00 -3.014000000000000186e-03 -6.231999999999999693e-03 9.999759999999999760e-01 -7.757849999999999469e-01 -6.309669999999999446e-01 -6.270999999999999665e-03 6.309909999999999686e-01 -7.757849999999999469e-01 -2.932000000000000144e-03
1.600000000000000000e+01 5.800000000000000000e+01 3.100000000000000000e+01 0.000000000000000000e+00 1.600000000000000089e+00 2.039000000000000014e-03 -4.409999999999999858e-04 9.999980000000000535e-01 -7.767730000000000468e-01 -6.297800000000000065e-01 1.307000000000000002e-03 6.297779999999999490e-01 -7.767739999999999645e-01 -1.626999999999999974e-03
2.400000000000000000e+01 5.800000000000000000e+01 3.100000000000000000e+01 0.000000000000000000e+00 1.600000000000000089e+00 -1.271999999999999910e-03 -2.076000000000000154e-03 9.999970000000000248e-01 -7.790329999999999755e-01 -6.269780000000000353e-01 -2.292999999999999899e-03 6.269810000000000105e-01 -7.790340000000000042e-01 -8.199999999999999824e-04
3.000000000000000000e+01 5.800000000000000000e+01 3.100000000000000000e+01 0.000000000000000000e+00 1.600000000000000089e+00 6.189999999999999756e-04 -9.420000000000000205e-04 9.999989999999999712e-01 -7.765090000000000048e-01 -6.301060000000000549e-01 -1.129999999999999955e-04 6.301060000000000549e-01 -7.765090000000000048e-01 -1.121999999999999950e-03
8.000000000000000000e+00 4.600000000000000000e+01 3.500000000000000000e+01 0.000000000000000000e+00 1.600000000000000089e+00 7.399999999999999894e-04 -2.321000000000000146e-03 -9.999970000000000248e-01 3.853269999999999751e-01 -9.227769999999999584e-01 2.426999999999999904e-03 -9.227800000000000447e-01 -3.853280000000000038e-01 2.120000000000000031e-04
1.100000000000000000e+01 4.600000000000000000e+01 3.500000000000000000e+01 0.000000000000000000e+00 1.600000000000000089e+00 6.130000000000000466e-04 -2.467000000000000009e-03 -9.999970000000000248e-01 3.847289999999999877e-01 -9.230260000000000131e-01 2.513000000000000043e-03 -9.230300000000000171e-01 -3.847289999999999877e-01 3.829999999999999854e-04
1.500000000000000000e+01 4.600000000000000000e+01 3.500000000000000000e+01 0.000000000000000000e+00 1.600000000000000089e+00 -4.300000000000000165e-05 -3.838999999999999965e-03 -9.999930000000000208e-01 3.853690000000000171e-01 -9.227560000000000207e-01 3.526000000000000054e-03 -9.227629999999999999e-01 -3.853659999999999863e-01 1.520000000000000084e-03
1.900000000000000000e+01 4.600000000000000000e+01 3.500000000000000000e+01 0.000000000000000000e+00 1.600000000000000089e+00 3.899999999999999929e-04 -5.768999999999999823e-03 -9.999829999999999552e-01 3.854779999999999873e-01 -9.227009999999999934e-01 5.473999999999999699e-03 -9.227170000000000094e-01 -3.854730000000000101e-01 1.863999999999999988e-03
2.200000000000000000e+01 4.600000000000000000e+01 3.500000000000000000e+01 0.000000000000000000e+00 1.600000000000000089e+00 7.600000000000000418e-05 -1.175000000000000046e-03 -9.999989999999999712e-01 3.851010000000000266e-01 -9.228739999999999721e-01 1.113000000000000057e-03 -9.228739999999999721e-01 -3.851010000000000266e-01 3.820000000000000153e-04
2.800000000000000000e+01 4.600000000000000000e+01 3.500000000000000000e+01 0.000000000000000000e+00 1.600000000000000089e+00 -2.460000000000000164e-04 1.221000000000000080e-03 -9.999989999999999712e-01 3.852909999999999946e-01 -9.227940000000000031e-01 -1.221000000000000080e-03 -9.227950000000000319e-01 -3.852909999999999946e-01 -2.429999999999999977e-04
5.000000000000000000e+00 9.500000000000000000e+01 3.600000000000000000e+01 0.000000000000000000e+00 1.600000000000000089e+00 8.490000000000000368e-04 3.697799999999999698e-02 9.993159999999999821e-01 9.980809999999999960e-01 6.184499999999999720e-02 -3.137000000000000031e-03 -6.191900000000000182e-02 9.974009999999999820e-01 -3.685399999999999787e-02
1.200000000000000000e+01 9.500000000000000000e+01 3.600000000000000000e+01 0.000000000000000000e+00 1.600000000000000089e+00 -5.452000000000000249e-03 -1.765900000000000108e-02 9.998289999999999678e-01 9.973400000000000043e-01 7.258199999999999374e-02 6.720000000000000279e-03 -7.268800000000000261e-02 9.972060000000000368e-01 1.721599999999999867e-02
1.700000000000000000e+01 9.500000000000000000e+01 3.600000000000000000e+01 0.000000000000000000e+00 1.600000000000000089e+00 3.582999999999999814e-03 1.494499999999999995e-02 9.998820000000000485e-01 9.975180000000000158e-01 7.026399999999999313e-02 -4.624999999999999771e-03 -7.032499999999999862e-02 9.974159999999999693e-01 -1.465600000000000062e-02
2.200000000000000000e+01 9.500000000000000000e+01 3.600000000000000000e+01 0.000000000000000000e+00 1.600000000000000089e+00 -1.820000000000000057e-04 -1.079000000000000098e-03 9.999989999999999712e-01 9.975950000000000095e-01 6.930799999999999461e-02 2.559999999999999884e-04 -6.930899999999999561e-02 9.975950000000000095e-01 1.064000000000000059e-03
2.700000000000000000e+01 9.500000000000000000e+01 3.600000000000000000e+01 0.000000000000000000e+00 1.600000000000000089e+00 3.442000000000000181e-03 -2.264299999999999993e-02 9.997380000000000155e-01 9.974319999999999853e-01 7.159400000000000486e-02 -1.812999999999999941e-03 -7.153400000000000036e-02 9.971769999999999801e-01 2.283100000000000060e-02
5.000000000000000000e+00 3.000000000000000000e+00 4.300000000000000000e+01 0.000000000000000000e+00 1.600000000000000089e+00 5.852999999999999696e-03 2.204199999999999909e-02 -9.997399999999999620e-01 7.414920000000000400e-01 -6.708800000000000319e-01 -1.044999999999999922e-02 -6.709359999999999769e-01 -7.412379999999999525e-01 -2.027100000000000082e-02
9.000000000000000000e+00 3.000000000000000000e+00 4.300000000000000000e+01 0.000000000000000000e+00 1.600000000000000089e+00 -8.350000000000000217e-04 1.003500000000000052e-02 -9.999489999999999768e-01 7.410400000000000320e-01 -6.714200000000000168e-01 -7.356999999999999824e-03 -6.714599999999999458e-01 -7.410090000000000288e-01 -6.876000000000000167e-03
1.400000000000000000e+01 3.000000000000000000e+00 4.300000000000000000e+01 0.000000000000000000e+00 1.600000000000000089e+00 -3.429999999999999889e-04 5.630000000000000239e-04 -1.000000000000000000e+00 7.365939999999999710e-01 -6.763350000000000195e-01 -6.329999999999999906e-04 -6.763350000000000195e-01 -7.365939999999999710e-01 -1.820000000000000057e-04
1.700000000000000000e+01 3.000000000000000000e+00 4.300000000000000000e+01 0.000000000000000000e+00 1.600000000000000089e+00 -2.066999999999999827e-03 -4.551999999999999623e-03 -9.999869999999999592e-01 7.346960000000000157e-01 -6.783949999999999703e-01 1.569000000000000082e-03 -6.783930000000000238e-01 -7.346840000000000037e-01 4.746000000000000218e-03
2.200000000000000000e+01 3.000000000000000000e+00 4.300000000000000000e+01 0.000000000000000000e+00 1.600000000000000089e+00 -1.564999999999999985e-03 -1.130500000000000081e-02 -9.999350000000000183e-01 7.378900000000000459e-01 -6.748899999999999899e-01 6.474999999999999853e-03 -6.749190000000000467e-01 -7.378320000000000434e-01 9.398000000000000104e-03
2.400000000000000000e+01 3.000000000000000000e+00 4.300000000000000000e+01 0.000000000000000000e+00 1.600000000000000089e+00 -2.477000000000000035e-03 -2.064900000000000069e-02 -9.997840000000000060e-01 7.389299999999999757e-01 -6.736739999999999950e-01 1.208299999999999999e-02 -6.737769999999999593e-01 -7.387409999999999810e-01 1.692700000000000107e-02
1.000000000000000000e+01 8.000000000000000000e+00 4.400000000000000000e+01 0.000000000000000000e+00 1.600000000000000089e+00 3.530000000000000152e-03 9.964999999999999900e-03 9.999440000000000550e-01 -7.792869999999999520e-01 -6.266030000000000211e-01 8.994999999999999524e-03 6.266580000000000483e-01 -7.792750000000000510e-01 5.552999999999999776e-03
2.400000000000000000e+01 8.000000000000000000e+00 4.400000000000000000e+01 0.000000000000000000e+00 1.600000000000000089e+00 -3.278999999999999797e-03 -7.350999999999999895e-03 9.999679999999999680e-01 -7.756849999999999579e-01 -6.310789999999999456e-01 -7.182000000000000016e-03 6.311120000000000063e-01 -7.756830000000000114e-01 -3.631999999999999812e-03
5.000000000000000000e+00 2.900000000000000000e+01 4.400000000000000000e+01 0.000000000000000000e+00 1.600000000000000089e+00 2.115000000000000126e-03 1.492000000000000054e-03 -9.999970000000000248e-01 6.745449999999999502e-01 7.382300000000000528e-01 2.527999999999999865e-03 7.382309999999999706e-01 -6.745480000000000365e-01 5.550000000000000462e-04
9.000000000000000000e+00 2.900000000000000000e+01 4.400000000000000000e+01 0.000000000000000000e+00 1.600000000000000089e+00 -5.919999999999999698e-04 2.300000000000000002e-05 -1.000000000000000000e+00 6.699140000000000095e-01 7.424389999999999601e-01 -3.800000000000000209e-04 7.424389999999999601e-01 -6.699140000000000095e-01 -4.539999999999999765e-04
1.500000000000000000e+01 2.900000000000000000e+01 4.400000000000000000e+01 0.000000000000000000e+00 1.600000000000000089e+00 -1.649999999999999991e-03 -1.550000000000000000e-04 -9.999989999999999712e-01 6.756429999999999936e-01 7.372279999999999944e-01 -1.229000000000000058e-03 7.372269999999999657e-01 -6.756440000000000223e-01 -1.111000000000000008e-03
1.900000000000000000e+01 2.900000000000000000e+01 4.400000000000000000e+01 0.000000000000000000e+00 1.600000000000000089e+00 -2.367999999999999879e-03 -2.151000000000000134e-03 -9.999949999999999672e-01 6.795269999999999921e-01 7.336430000000000451e-01 -3.187000000000000163e-03 7.336460000000000203e-01 -6.795309999999999961e-01 -2.759999999999999867e-04
2.800000000000000000e+01 2.900000000000000000e+01 4.400000000000000000e+01 0.000000000000000000e+00 1.600000000000000089e+00 -3.605000000000000131e-03 1.740000000000000010e-04 -9.999940000000000495e-01 6.639709999999999779e-01 7.477549999999999475e-01 -2.262999999999999821e-03 7.477500000000000258e-01 -6.639739999999999531e-01 -2.811000000000000131e-03
2.100000000000000000e+01 5.400000000000000000e+01 4.600000000000000000e+01 0.000000000000000000e+00 1.600000000000000089e+00 -5.159999999999999656e-04 -3.628000000000000148e-03 9.999930000000000208e-01 3.289139999999999842e-01 -9.443540000000000267e-01 -3.256999999999999913e-03 9.443599999999999772e-01 3.289099999999999802e-01 1.680000000000000070e-03
1.800000000000000000e+01 7.400000000000000000e+01 4.900000000000000000e+01 0.000000000000000000e+00 1.600000000000000089e+00 -3.154000000000000119e-03 -3.249999999999999851e-04 9.999949999999999672e-01 -9.798940000000000428e-01 1.994970000000000077e-01 -3.026000000000000044e-03 -1.994950000000000057e-01 -9.798980000000000468e-01 -9.470000000000000336e-04
6.000000000000000000e+00 7.000000000000000000e+00 5.200000000000000000e+01 0.000000000000000000e+00 1.600000000000000089e+00 4.801999999999999845e-03 2.629999999999999959e-03 -9.999850000000000128e-01 7.474400000000000488e-02 -9.971999999999999753e-01 -2.262999999999999821e-03 -9.971910000000000496e-01 -7.473200000000000676e-02 -4.984999999999999848e-03
9.000000000000000000e+00 6.300000000000000000e+01 5.400000000000000000e+01 0.000000000000000000e+00 1.600000000000000089e+00 1.685999999999999999e-03 -5.389999999999999826e-04 9.999980000000000535e-01 -3.497560000000000113e-01 9.368400000000000061e-01 1.095000000000000053e-03 -9.368389999999999773e-01 -3.497580000000000133e-01 1.391000000000000092e-03
1.400000000000000000e+01 6.300000000000000000e+01 5.400000000000000000e+01 0.000000000000000000e+00 1.600000000000000089e+00 -5.069999999999999637e-04 -2.418000000000000010e-03 9.999970000000000248e-01 -3.567969999999999753e-01 9.341800000000000104e-01 2.077999999999999986e-03 -9.341819999999999569e-01 -3.567949999999999733e-01 -1.335999999999999948e-03
2.200000000000000000e+01 6.300000000000000000e+01 5.400000000000000000e+01 0.000000000000000000e+00 1.600000000000000089e+00 1.169999999999999979e-04 2.645000000000000216e-03 9.999970000000000248e-01 -3.524089999999999723e-01 9.358429999999999804e-01 -2.433999999999999966e-03 -9.358459999999999557e-01 -3.524070000000000258e-01 1.041000000000000042e-03
2.600000000000000000e+01 6.300000000000000000e+01 5.400000000000000000e+01 0.000000000000000000e+00 1.600000000000000089e+00 -1.951999999999999959e-03 1.680000000000000070e-03 9.999970000000000248e-01 -3.515820000000000056e-01 9.361540000000000417e-01 -2.259000000000000157e-03 -9.361549999999999594e-01 -3.515849999999999809e-01 -1.237000000000000035e-03
4.000000000000000000e+00 2.500000000000000000e+01 5.500000000000000000e+01 0.000000000000000000e+00 1.600000000000000089e+00 -1.498999999999999898e-03 -2.425000000000000072e-03 -9.999959999999999960e-01 -1.242200000000000075e-02 -9.999200000000000310e-01 2.442999999999999859e-03 -9.999219999999999775e-01 1.242599999999999955e-02 1.469000000000000037e-03
1.600000000000000000e+01 2.500000000000000000e+01 5.500000000000000000e+01 0.000000000000000000e+00 1.600000000000000089e+00 1.002999999999999985e-03 -1.263999999999999933e-03 -9.999989999999999712e-01 -1.071599999999999983e-02 -9.999419999999999975e-01 1.253999999999999906e-03 -9.999419999999999975e-01 1.071500000000000057e-02 -1.015999999999999976e-03
2.800000000000000000e+01 2.500000000000000000e+01 5.500000000000000000e+01 0.000000000000000000e+00 1.600000000000000089e+00 1.046000000000000055e-03 -4.490000000000000176e-04 -9.999989999999999712e-01 -1.101800000000000002e-02 -9.999390000000000223e-01 4.369999999999999970e-04 -9.999390000000000223e-01 1.101700000000000075e-02 -1.051000000000000068e-03
2.000000000000000000e+01 6.800000000000000000e+01 5.700000000000000000e+01 0.000000000000000000e+00 1.600000000000000089e+00 1.830000000000000029e-03 -2.432000000000000134e-03 -9.999949999999999672e-01 -2.438140000000000029e-01 -9.698200000000000154e-01 1.912999999999999987e-03 -9.698200000000000154e-01 2.438089999999999979e-01 -2.367999999999999879e-03
7.000000000000000000e+00 5.800000000000000000e+01 5.900000000000000000e+01 0.000000000000000000e+00 1.600000000000000089e+00 1.825000000000000016e-03 4.453000000000000361e-03 -9.999879999999999880e-01 3.931520000000000015e-01 9.194609999999999728e-01 4.812000000000000305e-03 9.194719999999999560e-01 -3.931560000000000055e-01 -7.299999999999999903e-05
1.100000000000000000e+01 2.100000000000000000e+01 6.000000000000000000e+01 0.000000000000000000e+00 1.600000000000000089e+00 1.679999999999999907e-04 1.593000000000000015e-03 9.999989999999999712e-01 -9.636599999999999333e-02 9.953450000000000353e-01 -1.569000000000000082e-03 -9.953459999999999530e-01 -9.636500000000000621e-02 3.209999999999999963e-04
1.500000000000000000e+01 2.100000000000000000e+01 6.000000000000000000e+01 0.000000000000000000e+00 1.600000000000000089e+00 -1.191000000000000001e-03 7.540000000000000044e-04 9.999989999999999712e-01 -9.502299999999999636e-02 9.954749999999999988e-01 -8.639999999999999677e-04 -9.954739999999999700e-01 -9.502399999999999736e-02 -1.113999999999999973e-03
2.200000000000000000e+01 2.100000000000000000e+01 6.000000000000000000e+01 0.000000000000000000e+00 1.600000000000000089e+00 -3.789999999999999966e-04 -5.713000000000000196e-03 9.999839999999999840e-01 -9.566299999999999804e-02 9.953980000000000050e-01 5.649999999999999641e-03 -9.954140000000000210e-01 -9.565899999999999403e-02 -9.240000000000000166e-04
2.900000000000000000e+01 2.100000000000000000e+01 6.000000000000000000e+01 0.000000000000000000e+00 1.600000000000000089e+00 -1.325999999999999922e-03 4.252999999999999836e-03 9.999900000000000455e-01 -9.615999999999999548e-02 9.953560000000000185e-01 -4.361000000000000293e-03 -9.953650000000000553e-01 -9.616500000000000048e-02 -9.110000000000000259e-04
1.000000000000000000e+01 6.000000000000000000e+00 6.100000000000000000e+01 0.000000000000000000e+00 1.600000000000000089e+00 -6.960000000000000041e-04 9.659999999999999533e-04 9.999989999999999712e-01 5.604219999999999757e-01 -8.282059999999999977e-01 1.190000000000000085e-03 8.282070000000000265e-01 5.604230000000000045e-01 3.499999999999999693e-05
2.400000000000000000e+01 6.000000000000000000e+00 6.100000000000000000e+01 0.000000000000000000e+00 1.600000000000000089e+00 1.632999999999999903e-03 6.401999999999999705e-03 9.999780000000000335e-01 5.593099999999999739e-01 -8.289469999999999894e-01 4.394000000000000336e-03 8.289570000000000549e-01 5.592899999999999539e-01 -4.934000000000000018e-03
1.700000000000000000e+01 3.000000000000000000e+00 6.300000000000000000e+01 0.000000000000000000e+00 1.600000000000000089e+00 2.919999999999999961e-04 -3.739999999999999835e-03 9.999930000000000208e-01 -6.109029999999999738e-01 7.916999999999999593e-01 3.139999999999999996e-03 -7.917060000000000208e-01 -6.108989999999999698e-01 -2.053999999999999836e-03
2.000000000000000000e+00 2.700000000000000000e+01 6.300000000000000000e+01 0.000000000000000000e+00 1.600000000000000089e+00 -2.468999999999999841e-03 -1.399999999999999979e-05 9.999970000000000248e-01 -2.793229999999999880e-01 9.601969999999999672e-01 -6.759999999999999516e-04 -9.601939999999999920e-01 -2.793240000000000167e-01 -2.374999999999999941e-03
