5.000000000000000000e+00 2.500000000000000000e+01 1.000000000000000000e+00 0.000000000000000000e+00 1.600000000000000089e+00 8.255000000000000185e-03 2.359599999999999892e-02 -9.996869999999999923e-01 -5.160740000000000327e-01 -8.561940000000000106e-01 -2.447099999999999970e-02 -8.565040000000000431e-01 5.161149999999999904e-01 5.108999999999999826e-03
1.800000000000000000e+01 2.500000000000000000e+01 1.000000000000000000e+00 0.000000000000000000e+00 1.600000000000000089e+00 -2.150000000000000001e-03 -7.908000000000000099e-03 -9.999660000000000215e-01 -5.211740000000000261e-01 -8.534140000000000059e-01 7.868999999999999259e-03 -8.534469999999999557e-01 5.211740000000000261e-01 -2.286999999999999970e-03
1.500000000000000000e+01 1.800000000000000000e+01 3.000000000000000000e+00 0.000000000000000000e+00 1.600000000000000089e+00 9.282999999999999585e-03 7.988000000000000309e-03 -9.999249999999999527e-01 -7.769580000000000375e-01 -6.294330000000000203e-01 -1.224100000000000014e-02 -6.294840000000000435e-01 7.770129999999999537e-01 3.629999999999999872e-04
1.900000000000000000e+01 2.100000000000000000e+01 4.000000000000000000e+00 0.000000000000000000e+00 1.600000000000000089e+00 -1.046000000000000055e-03 -3.350000000000000113e-04 -9.999989999999999712e-01 -6.566290000000000182e-01 -7.542130000000000223e-01 9.389999999999999476e-04 -7.542130000000000223e-01 6.566290000000000182e-01 5.689999999999999529e-04
2.200000000000000000e+01 2.100000000000000000e+01 4.000000000000000000e+00 0.000000000000000000e+00 1.600000000000000089e+00 -2.004000000000000139e-03 2.785999999999999848e-03 -9.999940000000000495e-01 -6.573539999999999939e-01 -7.535809999999999453e-01 -7.820000000000000345e-04 -7.535789999999999988e-01 6.573489999999999611e-01 3.341999999999999919e-03
1.800000000000000000e+01 1.010000000000000000e+02 7.000000000000000000e+00 0.000000000000000000e+00 1.600000000000000089e+00 6.459000000000000331e-03 2.935000000000000109e-02 9.995479999999999920e-01 8.854030000000000511e-01 4.644220000000000015e-01 -1.935900000000000121e-02 -4.647800000000000264e-01 8.851280000000000259e-01 -2.298700000000000049e-02
2.600000000000000000e+01 1.010000000000000000e+02 7.000000000000000000e+00 0.000000000000000000e+00 1.600000000000000089e+00 -6.199999999999999999e-04 1.647000000000000026e-03 9.999980000000000535e-01 8.902999999999999803e-01 4.553749999999999742e-01 -1.979999999999999881e-04 -4.553740000000000010e-01 8.902980000000000338e-01 -1.748999999999999904e-03
3.000000000000000000e+00 2.500000000000000000e+01 8.000000000000000000e+00 0.000000000000000000e+00 1.600000000000000089e+00 -2.112000000000000162e-03 8.455000000000000709e-03 -9.999620000000000175e-01 4.378349999999999742e-01 8.990310000000000246e-01 6.676999999999999776e-03 8.990529999999999911e-01 -4.378040000000000265e-01 -5.599999999999999943e-03
7.000000000000000000e+00 2.500000000000000000e+01 8.000000000000000000e+00 0.000000000000000000e+00 1.600000000000000089e+00 -5.791000000000000140e-03 1.391399999999999929e-02 -9.998860000000000525e-01 4.390129999999999866e-01 8.984259999999999469e-01 9.960000000000000103e-03 8.984619999999999829e-01 -4.389049999999999896e-01 -1.131099999999999987e-02
1.200000000000000000e+01 2.500000000000000000e+01 8.000000000000000000e+00 0.000000000000000000e+00 1.600000000000000089e+00 3.916000000000000210e-03 -2.024099999999999858e-02 -9.997869999999999813e-01 4.417460000000000275e-01 8.969899999999999540e-01 -1.643000000000000016e-02 8.971320000000000405e-01 -4.415870000000000073e-01 1.245399999999999979e-02
1.600000000000000000e+01 2.500000000000000000e+01 8.000000000000000000e+00 0.000000000000000000e+00 1.600000000000000089e+00 1.610000000000000103e-03 -2.084799999999999848e-02 -9.997810000000000308e-01 4.407059999999999866e-01 8.974710000000000187e-01 -1.800500000000000017e-02 8.976499999999999480e-01 -4.405800000000000272e-01 1.063300000000000009e-02
2.600000000000000000e+01 2.500000000000000000e+01 8.000000000000000000e+00 0.000000000000000000e+00 1.600000000000000089e+00 7.799999999999999859e-05 1.854300000000000045e-02 -9.998280000000000500e-01 4.420729999999999937e-01 8.968239999999999545e-01 1.666799999999999879e-02 8.969789999999999708e-01 -4.419989999999999752e-01 -8.127000000000000543e-03
3.000000000000000000e+00 2.400000000000000000e+01 9.000000000000000000e+00 0.000000000000000000e+00 1.600000000000000089e+00 -1.108999999999999960e-03 7.473999999999999741e-03 -9.999710000000000543e-01 4.450990000000000224e-01 8.954600000000000337e-01 6.199999999999999782e-03 8.954809999999999715e-01 -4.450790000000000024e-01 -4.320000000000000055e-03
7.000000000000000000e+00 2.400000000000000000e+01 9.000000000000000000e+00 0.000000000000000000e+00 1.600000000000000089e+00 -3.337000000000000122e-03 3.788000000000000134e-03 -9.999869999999999592e-01 4.445649999999999880e-01 8.957450000000000134e-01 1.909000000000000107e-03 8.957399999999999807e-01 -4.445529999999999760e-01 -4.673000000000000070e-03
1.100000000000000000e+01 2.400000000000000000e+01 9.000000000000000000e+00 0.000000000000000000e+00 1.600000000000000089e+00 1.195000000000000099e-03 -4.859999999999999737e-03 -9.999869999999999592e-01 4.448799999999999977e-01 8.955819999999999892e-01 -3.821000000000000178e-03 8.955889999999999684e-01 -4.448699999999999877e-01 3.233000000000000197e-03
1.700000000000000000e+01 2.400000000000000000e+01 9.000000000000000000e+00 0.000000000000000000e+00 1.600000000000000089e+00 7.190000000000000210e-04 -1.375799999999999940e-02 -9.999050000000000438e-01 4.459420000000000051e-01 8.949810000000000265e-01 -1.199300000000000019e-02 8.950620000000000243e-01 -4.458909999999999818e-01 6.779000000000000303e-03
2.400000000000000000e+01 2.400000000000000000e+01 9.000000000000000000e+00 0.000000000000000000e+00 1.600000000000000089e+00 2.158999999999999895e-03 7.648000000000000284e-03 -9.999679999999999680e-01 4.497269999999999879e-01 8.931320000000000370e-01 7.801999999999999907e-03 8.931630000000000402e-01 -4.497300000000000186e-01 -1.510999999999999973e-03
2.800000000000000000e+01 2.400000000000000000e+01 9.000000000000000000e+00 0.000000000000000000e+00 1.600000000000000089e+00 -2.608000000000000075e-03 2.752900000000000139e-02 -9.996180000000000065e-01 4.483969999999999900e-01 8.935269999999999602e-01 2.343699999999999950e-02 8.938310000000000421e-01 -4.481649999999999801e-01 -1.467399999999999954e-02
1.000000000000000000e+00 4.000000000000000000e+00 1.100000000000000000e+01 0.000000000000000000e+00 1.600000000000000089e+00 -1.889000000000000054e-03 5.324600000000000166e-02 9.985800000000000232e-01 1.610790000000000000e-01 -9.855249999999999844e-01 5.285499999999999921e-02 9.869400000000000395e-01 1.609510000000000107e-01 -6.714999999999999615e-03
2.400000000000000000e+01 3.500000000000000000e+01 1.200000000000000000e+01 0.000000000000000000e+00 1.600000000000000089e+00 8.100000000000000375e-05 -1.157999999999999958e-03 -9.999989999999999712e-01 4.040250000000000230e-01 -9.147469999999999768e-01 1.092000000000000089e-03 -9.147480000000000055e-01 -4.040250000000000230e-01 3.939999999999999817e-04
6.000000000000000000e+00 3.200000000000000000e+01 1.300000000000000000e+01 0.000000000000000000e+00 1.600000000000000089e+00 1.805100000000000107e-02 1.138009999999999994e-01 9.933400000000000007e-01 6.499999999999999702e-04 9.935000000000000497e-01 -1.138310000000000016e-01 -9.998369999999999758e-01 2.700000000000000143e-03 1.786000000000000087e-02
3.000000000000000000e+00 1.200000000000000000e+01 1.600000000000000000e+01 0.000000000000000000e+00 1.600000000000000089e+00 -1.018999999999999941e-02 7.119799999999999740e-02 9.974100000000000188e-01 2.310210000000000041e-01 -9.703089999999999771e-01 7.162399999999999323e-02 9.728949999999999543e-01 2.311529999999999974e-01 -6.560999999999999992e-03
9.000000000000000000e+00 1.300000000000000000e+01 1.600000000000000000e+01 0.000000000000000000e+00 1.600000000000000089e+00 -3.252999999999999815e-03 7.282900000000000484e-02 9.973389999999999755e-01 1.560529999999999973e-01 -9.850889999999999924e-01 7.244299999999999351e-02 9.877430000000000376e-01 1.558740000000000125e-01 -8.160999999999999852e-03
1.400000000000000000e+01 1.300000000000000000e+01 1.600000000000000000e+01 0.000000000000000000e+00 1.600000000000000089e+00 7.470000000000000511e-04 5.346599999999999964e-02 9.985690000000000399e-01 1.223329999999999973e-01 -9.910740000000000105e-01 5.297299999999999925e-02 9.924889999999999546e-01 1.221190000000000053e-01 -7.281000000000000145e-03
1.800000000000000000e+01 1.300000000000000000e+01 1.600000000000000000e+01 0.000000000000000000e+00 1.600000000000000089e+00 9.200000000000000278e-04 3.732900000000000107e-02 9.993030000000000523e-01 1.115619999999999945e-01 -9.930689999999999795e-01 3.699299999999999811e-02 9.937570000000000014e-01 1.114509999999999945e-01 -5.078000000000000048e-03
5.000000000000000000e+00 4.800000000000000000e+01 1.600000000000000000e+01 0.000000000000000000e+00 1.600000000000000089e+00 -4.021750000000000047e-01 -7.886319999999999997e-01 -4.650969999999999827e-01 9.155609999999999582e-01 -3.453919999999999768e-01 -2.060389999999999999e-01 1.848000000000000033e-03 -5.086880000000000290e-01 8.609489999999999643e-01
8.000000000000000000e+00 2.000000000000000000e+00 1.900000000000000000e+01 0.000000000000000000e+00 1.600000000000000089e+00 -9.435000000000000678e-03 3.897599999999999676e-02 -9.991959999999999731e-01 3.151579999999999937e-01 -9.481969999999999565e-01 -3.996299999999999852e-02 -9.489919999999999467e-01 -3.152820000000000067e-01 -3.337999999999999821e-03
2.000000000000000000e+01 2.000000000000000000e+00 1.900000000000000000e+01 0.000000000000000000e+00 1.600000000000000089e+00 -5.140999999999999737e-03 5.772000000000000221e-03 -9.999700000000000255e-01 2.841779999999999862e-01 -9.587459999999999871e-01 -6.995000000000000349e-03 -9.587579999999999991e-01 -2.842060000000000142e-01 3.288999999999999823e-03
4.000000000000000000e+00 3.000000000000000000e+00 1.900000000000000000e+01 0.000000000000000000e+00 1.600000000000000089e+00 -1.161900000000000086e-02 4.472500000000000087e-02 -9.989320000000000421e-01 3.313380000000000214e-01 -9.423880000000000035e-01 -4.604699999999999765e-02 -9.434399999999999453e-01 -3.315190000000000081e-01 -3.870000000000000176e-03
7.000000000000000000e+00 3.000000000000000000e+00 1.900000000000000000e+01 0.000000000000000000e+00 1.600000000000000089e+00 -1.041500000000000065e-02 3.945300000000000196e-02 -9.991670000000000273e-01 3.280989999999999740e-01 -9.437670000000000226e-01 -4.068599999999999994e-02 -9.445860000000000367e-01 -3.282499999999999862e-01 -3.115000000000000147e-03
1.200000000000000000e+01 3.000000000000000000e+00 1.900000000000000000e+01 0.000000000000000000e+00 1.600000000000000089e+00 -7.512999999999999713e-03 2.442300000000000026e-02 -9.996730000000000338e-01 3.205359999999999876e-01 -9.468919999999999559e-01 -2.554299999999999973e-02 -9.472070000000000212e-01 -3.206229999999999913e-01 -7.150000000000000322e-04
1.500000000000000000e+01 3.000000000000000000e+00 1.900000000000000000e+01 0.000000000000000000e+00 1.600000000000000089e+00 -4.322999999999999586e-03 1.999899999999999942e-02 -9.997909999999999853e-01 3.133360000000000034e-01 -9.494240000000000457e-01 -2.034599999999999950e-02 -9.496329999999999494e-01 -3.133580000000000254e-01 -2.161999999999999859e-03
2.500000000000000000e+01 3.000000000000000000e+00 1.900000000000000000e+01 0.000000000000000000e+00 1.600000000000000089e+00 -1.489999999999999897e-04 6.120000000000000223e-04 -1.000000000000000000e+00 3.030769999999999853e-01 -9.529659999999999798e-01 -6.279999999999999775e-04 -9.529659999999999798e-01 -3.030769999999999853e-01 -4.300000000000000165e-05
4.000000000000000000e+00 4.000000000000000000e+00 2.000000000000000000e+01 0.000000000000000000e+00 1.600000000000000089e+00 -8.862000000000000086e-03 4.198799999999999755e-02 -9.990790000000000504e-01 4.093300000000000272e-01 -9.114219999999999544e-01 -4.193500000000000005e-02 -9.123430000000000151e-01 -4.093249999999999944e-01 -9.110000000000000042e-03
1.300000000000000000e+01 4.000000000000000000e+00 2.000000000000000000e+01 0.000000000000000000e+00 1.600000000000000089e+00 -6.164000000000000208e-03 2.223199999999999829e-02 -9.997340000000000115e-01 4.255860000000000198e-01 -9.046319999999999917e-01 -2.274100000000000080e-02 -9.048969999999999514e-01 -4.256130000000000191e-01 -3.886000000000000131e-03
1.600000000000000000e+01 4.000000000000000000e+00 2.000000000000000000e+01 0.000000000000000000e+00 1.600000000000000089e+00 -4.532999999999999703e-03 1.821499999999999855e-02 -9.998240000000000460e-01 4.246059999999999834e-01 -9.051909999999999679e-01 -1.841599999999999834e-02 -9.053670000000000329e-01 -4.246150000000000202e-01 -3.631000000000000113e-03
2.500000000000000000e+01 4.000000000000000000e+00 2.000000000000000000e+01 0.000000000000000000e+00 1.600000000000000089e+00 5.789999999999999791e-04 2.727999999999999956e-03 -9.999959999999999960e-01 4.272389999999999799e-01 -9.041360000000000507e-01 -2.219000000000000052e-03 -9.041390000000000260e-01 -4.272360000000000047e-01 -1.688999999999999963e-03
2.800000000000000000e+01 4.000000000000000000e+00 2.000000000000000000e+01 0.000000000000000000e+00 1.600000000000000089e+00 1.987000000000000051e-03 -2.919000000000000154e-03 -9.999940000000000495e-01 4.281209999999999738e-01 -9.037150000000000460e-01 3.488999999999999914e-03 -9.037190000000000500e-01 -4.281249999999999778e-01 -5.460000000000000443e-04
1.000000000000000000e+00 1.300000000000000000e+01 2.000000000000000000e+01 0.000000000000000000e+00 1.600000000000000089e+00 -6.579999999999999478e-04 -5.725000000000000054e-03 9.999829999999999552e-01 2.695679999999999743e-01 9.629649999999999599e-01 5.689999999999999745e-03 -9.629809999999999759e-01 2.695670000000000011e-01 9.100000000000000016e-04
7.000000000000000000e+00 1.300000000000000000e+01 2.000000000000000000e+01 0.000000000000000000e+00 1.600000000000000089e+00 -2.425000000000000072e-03 -3.917999999999999608e-03 9.999890000000000168e-01 2.827180000000000248e-01 9.591929999999999623e-01 4.442999999999999901e-03 -9.592000000000000526e-01 2.827259999999999773e-01 -1.217999999999999899e-03
1.100000000000000000e+01 1.300000000000000000e+01 2.000000000000000000e+01 0.000000000000000000e+00 1.600000000000000089e+00 -1.644999999999999978e-03 -4.289000000000000278e-03 9.999890000000000168e-01 2.953200000000000269e-01 9.553869999999999862e-01 4.584000000000000401e-03 -9.553970000000000518e-01 2.953250000000000042e-01 -3.049999999999999868e-04
1.500000000000000000e+01 1.300000000000000000e+01 2.000000000000000000e+01 0.000000000000000000e+00 1.600000000000000089e+00 -9.820000000000000170e-04 2.134000000000000046e-03 9.999970000000000248e-01 3.042610000000000037e-01 9.525869999999999616e-01 -1.734000000000000081e-03 -9.525879999999999903e-01 3.042579999999999729e-01 -1.585000000000000037e-03
2.400000000000000000e+01 1.300000000000000000e+01 2.000000000000000000e+01 0.000000000000000000e+00 1.600000000000000089e+00 -5.559999999999999621e-04 1.337000000000000081e-03 9.999989999999999712e-01 3.126280000000000170e-01 9.498750000000000249e-01 -1.095999999999999969e-03 -9.498750000000000249e-01 3.126269999999999882e-01 -9.460000000000000093e-04
1.900000000000000000e+01 1.400000000000000000e+01 2.000000000000000000e+01 0.000000000000000000e+00 1.600000000000000089e+00 2.300000000000000002e-05 1.703000000000000087e-03 9.999989999999999712e-01 2.671819999999999751e-01 9.636449999999999738e-01 -1.647000000000000026e-03 -9.636460000000000026e-01 2.671819999999999751e-01 -4.330000000000000081e-04
1.900000000000000000e+01 1.600000000000000000e+01 2.100000000000000000e+01 0.000000000000000000e+00 1.600000000000000089e+00 4.910000000000000085e-04 7.257000000000000429e-03 9.999740000000000295e-01 3.035459999999999825e-01 9.527910000000000545e-01 -7.063999999999999967e-03 -9.528170000000000250e-01 3.035410000000000053e-01 -1.734999999999999997e-03
2.400000000000000000e+01 1.600000000000000000e+01 2.100000000000000000e+01 0.000000000000000000e+00 1.600000000000000089e+00 -1.142000000000000003e-03 1.450000000000000009e-04 9.999989999999999712e-01 3.042549999999999977e-01 9.525909999999999656e-01 2.090000000000000115e-04 -9.525900000000000478e-01 3.042549999999999977e-01 -1.131999999999999977e-03
9.000000000000000000e+00 4.200000000000000000e+01 2.300000000000000000e+01 0.000000000000000000e+00 1.600000000000000089e+00 -9.787299999999999889e-01 -1.831450000000000022e-01 9.244199999999999640e-02 -1.505489999999999884e-01 9.472869999999999902e-01 2.828100000000000058e-01 -1.393639999999999879e-01 2.628780000000000006e-01 -9.547109999999999763e-01
2.800000000000000000e+01 1.000000000000000000e+00 2.500000000000000000e+01 0.000000000000000000e+00 1.600000000000000089e+00 1.595000000000000064e-03 6.629999999999999609e-04 9.999989999999999712e-01 -4.570099999999999857e-02 -9.989550000000000374e-01 7.360000000000000006e-04 9.989540000000000086e-01 -4.570199999999999957e-02 -1.562999999999999936e-03
1.100000000000000000e+01 3.000000000000000000e+00 2.500000000000000000e+01 0.000000000000000000e+00 1.600000000000000089e+00 -6.190000000000000190e-03 2.615900000000000170e-02 9.996390000000000553e-01 -1.188400000000000047e-02 -9.995889999999999498e-01 2.608500000000000055e-02 9.999099999999999655e-01 -1.171900000000000025e-02 6.498000000000000304e-03
1.800000000000000000e+01 4.200000000000000000e+01 2.500000000000000000e+01 0.000000000000000000e+00 1.600000000000000089e+00 1.359800000000000071e-02 -6.688220000000000276e-01 7.432980000000000143e-01 -4.466129999999999822e-01 6.610329999999999817e-01 6.029689999999999772e-01 -8.946239999999999748e-01 -3.401660000000000239e-01 -2.897159999999999735e-01
2.400000000000000000e+01 4.600000000000000000e+01 2.700000000000000000e+01 0.000000000000000000e+00 1.600000000000000089e+00 -3.386999999999999820e-03 8.329999999999999731e-04 -9.999940000000000495e-01 6.811319999999999597e-01 7.321590000000000042e-01 -1.698000000000000074e-03 7.321530000000000538e-01 -6.811340000000000172e-01 -3.046999999999999795e-03
2.700000000000000000e+01 4.600000000000000000e+01 2.700000000000000000e+01 0.000000000000000000e+00 1.600000000000000089e+00 2.034999999999999917e-03 1.204999999999999908e-03 -9.999970000000000248e-01 6.818859999999999921e-01 7.314549999999999663e-01 2.269000000000000183e-03 7.314549999999999663e-01 -6.818889999999999674e-01 6.660000000000000338e-04
1.900000000000000000e+01 3.900000000000000000e+01 2.900000000000000000e+01 0.000000000000000000e+00 1.600000000000000089e+00 -1.621680000000000066e-01 -9.313320000000000487e-01 3.260700000000000265e-01 5.397769999999999513e-01 -3.603469999999999729e-01 -7.607829999999999870e-01 8.260399999999999965e-01 5.263000000000000317e-02 5.611490000000000089e-01
2.800000000000000000e+01 4.600000000000000000e+01 3.000000000000000000e+01 0.000000000000000000e+00 1.600000000000000089e+00 8.249999999999999955e-04 1.708000000000000100e-03 -9.999980000000000535e-01 3.262929999999999997e-01 9.452669999999999684e-01 1.884000000000000041e-03 9.452679999999999971e-01 -3.262939999999999729e-01 2.229999999999999994e-04
1.300000000000000000e+01 5.800000000000000000e+01 3.100000000000000000e+01 0.000000000000000000e+00 1.600000000000000089e+00 7.190000000000000210e-03 8.887000000000000802e-03 9.999350000000000183e-01 -7.970709999999999740e-01 -6.037839999999999874e-01 1.109800000000000023e-02 6.038430000000000186e-01 -7.970979999999999732e-01 2.743000000000000212e-03
2.000000000000000000e+01 5.800000000000000000e+01 3.100000000000000000e+01 0.000000000000000000e+00 1.600000000000000089e+00 5.689999999999999529e-04 8.505999999999999672e-03 9.999639999999999640e-01 -8.015510000000000135e-01 -5.979010000000000158e-01 5.542000000000000051e-03 5.979259999999999575e-01 -8.015250000000000430e-01 6.478000000000000251e-03
2.300000000000000000e+01 5.800000000000000000e+01 3.100000000000000000e+01 0.000000000000000000e+00 1.600000000000000089e+00 -8.159999999999999936e-04 -3.499999999999999693e-05 1.000000000000000000e+00 -8.001160000000000494e-01 -5.998449999999999616e-01 -6.729999999999999871e-04 5.998449999999999616e-01 -8.001160000000000494e-01 4.609999999999999840e-04
1.400000000000000000e+01 2.300000000000000000e+01 3.400000000000000000e+01 0.000000000000000000e+00 1.600000000000000089e+00 7.269999999999999987e-04 8.680000000000000215e-03 9.999620000000000175e-01 3.968670000000000253e-01 -9.178439999999999932e-01 7.677999999999999929e-03 9.178760000000000252e-01 3.968470000000000053e-01 -4.112000000000000204e-03
1.800000000000000000e+01 2.300000000000000000e+01 3.400000000000000000e+01 0.000000000000000000e+00 1.600000000000000089e+00 3.575000000000000053e-03 2.031999999999999952e-03 9.999919999999999920e-01 3.981169999999999987e-01 -9.173339999999999828e-01 4.409999999999999858e-04 9.173280000000000323e-01 3.981120000000000214e-01 -4.087999999999999620e-03
2.000000000000000000e+01 4.600000000000000000e+01 3.500000000000000000e+01 0.000000000000000000e+00 1.600000000000000089e+00 -6.413000000000000297e-03 -1.596069999999999989e-01 -9.871600000000000374e-01 3.834890000000000243e-01 -9.120949999999999891e-01 1.449789999999999968e-01 -9.235229999999999828e-01 -3.776349999999999985e-01 6.705600000000000449e-02
2.500000000000000000e+01 4.600000000000000000e+01 3.500000000000000000e+01 0.000000000000000000e+00 1.600000000000000089e+00 4.459999999999999989e-04 5.617999999999999730e-03 -9.999839999999999840e-01 3.906740000000000212e-01 -9.205149999999999721e-01 -4.996999999999999706e-03 -9.205290000000000417e-01 -3.906660000000000132e-01 -2.605000000000000111e-03
2.900000000000000000e+01 4.600000000000000000e+01 3.500000000000000000e+01 0.000000000000000000e+00 1.600000000000000089e+00 -1.061000000000000094e-03 8.033000000000000210e-03 -9.999670000000000503e-01 3.912189999999999834e-01 -9.202639999999999709e-01 -7.807999999999999836e-03 -9.202970000000000317e-01 -3.912149999999999794e-01 -2.167000000000000089e-03
6.000000000000000000e+00 5.000000000000000000e+01 3.600000000000000000e+01 0.000000000000000000e+00 1.600000000000000089e+00 -1.197800000000000080e-02 -1.632770000000000055e-01 -9.865070000000000228e-01 1.766729999999999967e-01 -9.714019999999999877e-01 1.586319999999999952e-01 -9.841969999999999885e-01 -1.723889999999999867e-01 4.048199999999999715e-02
1.400000000000000000e+01 9.500000000000000000e+01 3.600000000000000000e+01 0.000000000000000000e+00 1.600000000000000089e+00 -2.286999999999999970e-03 -4.595599999999999685e-02 9.989409999999999679e-01 9.984380000000000477e-01 5.565599999999999714e-02 4.845999999999999613e-03 -5.581900000000000056e-02 9.973919999999999453e-01 4.575699999999999906e-02
9.000000000000000000e+00 3.100000000000000000e+01 3.700000000000000000e+01 0.000000000000000000e+00 1.600000000000000089e+00 1.763460000000000027e-01 -9.746629999999999461e-01 -1.376030000000000031e-01 6.615680000000000449e-01 2.208700000000000108e-01 -7.166200000000000347e-01 7.288550000000000306e-01 3.533900000000000236e-02 6.837550000000000017e-01
1.500000000000000000e+01 9.500000000000000000e+01 3.700000000000000000e+01 0.000000000000000000e+00 1.600000000000000089e+00 9.759999999999999796e-04 -2.521199999999999830e-02 9.996819999999999595e-01 9.972670000000000146e-01 7.387100000000000610e-02 8.899999999999999491e-04 -7.386900000000000410e-02 9.969489999999999741e-01 2.521599999999999883e-02
3.000000000000000000e+01 9.500000000000000000e+01 3.700000000000000000e+01 0.000000000000000000e+00 1.600000000000000089e+00 -3.857000000000000185e-03 6.291999999999999850e-03 9.999730000000000008e-01 9.956540000000000390e-01 9.307300000000000295e-02 3.253999999999999948e-03 -9.304999999999999383e-02 9.956390000000000517e-01 -6.623000000000000415e-03
3.000000000000000000e+00 5.000000000000000000e+01 3.800000000000000000e+01 0.000000000000000000e+00 1.600000000000000089e+00 -8.517000000000000265e-03 -3.068870000000000209e-01 9.517079999999999984e-01 -3.265560000000000129e-01 -8.987079999999999513e-01 -2.927199999999999802e-01 9.451399999999999801e-01 -3.132789999999999742e-01 -9.256100000000000438e-02
8.000000000000000000e+00 2.800000000000000000e+01 4.000000000000000000e+01 0.000000000000000000e+00 1.600000000000000089e+00 -5.017599999999999838e-02 -8.637320000000000553e-01 -5.014469999999999761e-01 7.548380000000000090e-01 2.959720000000000129e-01 -5.853380000000000249e-01 6.539890000000000425e-01 -4.078809999999999936e-01 6.371269999999999989e-01
6.000000000000000000e+00 2.400000000000000000e+01 4.100000000000000000e+01 0.000000000000000000e+00 1.600000000000000089e+00 -2.338499999999999954e-02 -5.327229999999999466e-01 8.459670000000000245e-01 -6.970809999999999507e-01 6.152490000000000459e-01 3.681659999999999933e-01 -7.166109999999999980e-01 -5.810980000000000034e-01 -3.857389999999999985e-01
2.000000000000000000e+00 2.600000000000000000e+01 4.100000000000000000e+01 0.000000000000000000e+00 1.600000000000000089e+00 -2.728209999999999802e-01 -4.582200000000000162e-01 -8.459339999999999637e-01 9.361220000000000097e-01 7.638000000000000345e-02 -3.432799999999999740e-01 2.219109999999999971e-01 -8.855509999999999771e-01 4.081110000000000015e-01
8.000000000000000000e+00 2.700000000000000000e+01 4.100000000000000000e+01 0.000000000000000000e+00 1.600000000000000089e+00 -4.541300000000000198e-02 -6.284309999999999619e-01 -7.765379999999999505e-01 7.893069999999999808e-01 4.538980000000000237e-01 -4.134860000000000202e-01 6.123170000000000002e-01 -6.317049999999999610e-01 4.754120000000000013e-01
3.000000000000000000e+00 4.700000000000000000e+01 4.100000000000000000e+01 0.000000000000000000e+00 1.600000000000000089e+00 -1.073319999999999969e-01 5.968130000000000379e-01 -7.951690000000000147e-01 -5.641990000000000061e-01 6.219749999999999446e-01 5.429789999999999894e-01 8.186320000000000263e-01 5.069129999999999470e-01 2.699639999999999818e-01
7.000000000000000000e+00 2.600000000000000000e+01 4.200000000000000000e+01 0.000000000000000000e+00 1.600000000000000089e+00 -6.940300000000000635e-02 -4.120789999999999731e-01 -9.085010000000000030e-01 8.456110000000000015e-01 4.588679999999999981e-01 -2.727330000000000032e-01 5.292689999999999895e-01 -7.871660000000000323e-01 3.166120000000000045e-01
1.400000000000000000e+01 5.000000000000000000e+01 4.200000000000000000e+01 0.000000000000000000e+00 1.600000000000000089e+00 -3.983979999999999744e-01 8.527789999999999537e-01 -3.377069999999999794e-01 -5.363580000000000014e-01 8.206900000000000306e-02 8.399910000000000432e-01 7.440419999999999812e-01 5.157829999999999915e-01 4.246989999999999932e-01
3.000000000000000000e+01 3.000000000000000000e+00 4.300000000000000000e+01 0.000000000000000000e+00 1.600000000000000089e+00 1.498099999999999953e-02 -8.821999999999999981e-03 -9.998489999999999878e-01 7.366289999999999782e-01 -6.760829999999999895e-01 1.700300000000000075e-02 -6.761310000000000375e-01 -7.367730000000000112e-01 -3.628999999999999847e-03
6.000000000000000000e+00 2.500000000000000000e+01 4.300000000000000000e+01 0.000000000000000000e+00 1.600000000000000089e+00 -9.611000000000000099e-02 -2.963520000000000043e-01 -9.502310000000000478e-01 8.845199999999999729e-01 4.123919999999999808e-01 -2.180779999999999941e-01 4.564949999999999841e-01 -8.614570000000000283e-01 2.224939999999999973e-01
1.400000000000000000e+01 5.100000000000000000e+01 4.300000000000000000e+01 0.000000000000000000e+00 1.600000000000000089e+00 -2.997949999999999782e-01 8.436000000000000165e-01 -4.454899999999999971e-01 -5.033670000000000089e-01 2.567999999999999727e-01 8.250309999999999588e-01 8.103979999999999517e-01 4.715849999999999764e-01 3.476529999999999898e-01
9.000000000000000000e+00 2.900000000000000000e+01 4.400000000000000000e+01 0.000000000000000000e+00 1.600000000000000089e+00 -4.751899999999999874e-02 -1.860000000000000108e-03 -9.988690000000000069e-01 7.656519999999999992e-01 6.421540000000000026e-01 -3.762000000000000066e-02 6.414980000000000127e-01 -7.665729999999999489e-01 -2.909000000000000127e-02
2.200000000000000000e+01 2.900000000000000000e+01 4.400000000000000000e+01 0.000000000000000000e+00 1.600000000000000089e+00 5.810000000000000060e-03 1.019199999999999967e-02 -9.999310000000000143e-01 6.965149999999999952e-01 7.174519999999999786e-01 1.136000000000000031e-02 7.175179999999999891e-01 -6.965339999999999865e-01 -2.929999999999999879e-03
2.600000000000000000e+01 2.900000000000000000e+01 4.400000000000000000e+01 0.000000000000000000e+00 1.600000000000000089e+00 -5.609999999999999752e-04 5.100000000000000366e-03 -9.999869999999999592e-01 6.591200000000000392e-01 7.520299999999999763e-01 3.465999999999999897e-03 7.520379999999999843e-01 -6.591089999999999449e-01 -3.784000000000000037e-03
3.000000000000000000e+00 4.500000000000000000e+01 4.400000000000000000e+01 0.000000000000000000e+00 1.600000000000000089e+00 6.207740000000000480e-01 4.036310000000000175e-01 -6.721030000000000060e-01 7.421680000000000499e-01 -2.629199999999999940e-02 6.696980000000000155e-01 2.526399999999999757e-01 -9.145440000000000236e-01 -3.158830000000000249e-01
9.000000000000000000e+00 6.500000000000000000e+01 4.600000000000000000e+01 0.000000000000000000e+00 1.600000000000000089e+00 6.960000000000000041e-04 3.118000000000000112e-03 9.999949999999999672e-01 6.789129999999999887e-01 -7.342170000000000085e-01 1.817000000000000039e-03 7.342189999999999550e-01 6.789079999999999560e-01 -2.626999999999999995e-03
2.500000000000000000e+01 6.500000000000000000e+01 4.600000000000000000e+01 0.000000000000000000e+00 1.600000000000000089e+00 1.613999999999999983e-03 6.199999999999999999e-04 9.999989999999999712e-01 6.803219999999999823e-01 -7.329130000000000367e-01 -6.430000000000000169e-04 7.329120000000000079e-01 6.803219999999999823e-01 -1.605000000000000090e-03
2.400000000000000000e+01 7.000000000000000000e+01 4.700000000000000000e+01 0.000000000000000000e+00 1.600000000000000089e+00 1.990000000000000015e-03 5.631999999999999854e-03 -9.999820000000000375e-01 -8.362549999999999706e-01 -5.483209999999999473e-01 -4.752000000000000147e-03 -5.483379999999999921e-01 8.362490000000000201e-01 3.618000000000000122e-03
1.200000000000000000e+01 2.900000000000000000e+01 4.800000000000000000e+01 0.000000000000000000e+00 1.600000000000000089e+00 1.222700000000000002e-02 5.530600000000000099e-02 9.983950000000000324e-01 3.553560000000000052e-01 9.330500000000000460e-01 -5.603799999999999754e-02 -9.346510000000000096e-01 3.554709999999999814e-01 -8.245000000000000592e-03
1.700000000000000000e+01 2.900000000000000000e+01 4.800000000000000000e+01 0.000000000000000000e+00 1.600000000000000089e+00 3.288000000000000124e-03 -5.728999999999999718e-03 9.999780000000000335e-01 3.748859999999999970e-01 9.270620000000000527e-01 4.078000000000000028e-03 -9.270650000000000279e-01 3.748639999999999750e-01 5.196000000000000098e-03
2.200000000000000000e+01 2.900000000000000000e+01 4.800000000000000000e+01 0.000000000000000000e+00 1.600000000000000089e+00 -2.688999999999999984e-03 7.422999999999999911e-03 9.999689999999999968e-01 3.631380000000000163e-01 9.317170000000000174e-01 -5.939999999999999968e-03 -9.317320000000000046e-01 3.631099999999999883e-01 -5.200999999999999894e-03
9.000000000000000000e+00 4.800000000000000000e+01 4.900000000000000000e+01 0.000000000000000000e+00 1.600000000000000089e+00 6.905740000000000212e-01 -4.656339999999999923e-01 5.534379999999999855e-01 2.070359999999999978e-01 8.604410000000000114e-01 4.655929999999999791e-01 -6.929959999999999454e-01 -2.069439999999999891e-01 6.906010000000000204e-01
2.000000000000000000e+00 1.150000000000000000e+02 5.100000000000000000e+01 0.000000000000000000e+00 1.600000000000000089e+00 -4.749999999999999882e-03 1.392900000000000041e-02 9.998920000000000030e-01 8.551860000000000017e-01 -5.181980000000000475e-01 1.128099999999999936e-02 5.182989999999999542e-01 8.551469999999999905e-01 -9.450000000000000067e-03
8.000000000000000000e+00 1.150000000000000000e+02 5.100000000000000000e+01 0.000000000000000000e+00 1.600000000000000089e+00 -2.745000000000000044e-03 1.765399999999999955e-02 9.998399999999999510e-01 8.579090000000000327e-01 -5.136749999999999927e-01 1.142499999999999939e-02 5.137950000000000017e-01 8.578029999999999822e-01 -1.373599999999999995e-02
6.000000000000000000e+00 7.000000000000000000e+00 5.200000000000000000e+01 0.000000000000000000e+00 1.600000000000000089e+00 7.660000000000000142e-03 4.996999999999999706e-03 -9.999580000000000135e-01 6.606399999999999773e-02 -9.978050000000000530e-01 -4.480999999999999740e-03 -9.977859999999999507e-01 -6.602700000000000236e-02 -7.972999999999999185e-03
1.400000000000000000e+01 7.000000000000000000e+00 5.200000000000000000e+01 0.000000000000000000e+00 1.600000000000000089e+00 6.509999999999999945e-04 -3.942000000000000191e-03 -9.999919999999999920e-01 7.401199999999999446e-02 -9.972490000000000521e-01 3.978999999999999898e-03 -9.972569999999999490e-01 -7.401399999999999646e-02 -3.570000000000000040e-04
3.000000000000000000e+00 4.400000000000000000e+01 5.300000000000000000e+01 0.000000000000000000e+00 1.600000000000000089e+00 -1.480660000000000032e-01 -9.185290000000000399e-01 3.665800000000000169e-01 -8.916439999999999921e-01 2.843370000000000064e-01 3.523109999999999853e-01 -4.278399999999999981e-01 -2.746930000000000205e-01 -8.611020000000000341e-01
2.600000000000000000e+01 4.500000000000000000e+01 5.300000000000000000e+01 0.000000000000000000e+00 1.600000000000000089e+00 -3.366700000000000248e-02 -4.074220000000000064e-01 9.126189999999999580e-01 6.316399999999999793e-02 9.104440000000000310e-01 4.087810000000000055e-01 -9.974349999999999605e-01 7.140699999999999825e-02 -4.917999999999999629e-03
7.000000000000000000e+00 6.300000000000000000e+01 5.400000000000000000e+01 0.000000000000000000e+00 1.600000000000000089e+00 1.288999999999999998e-03 2.916000000000000189e-03 9.999949999999999672e-01 -3.659040000000000070e-01 9.306499999999999773e-01 -2.242000000000000069e-03 -9.306520000000000348e-01 -3.659000000000000030e-01 2.266999999999999918e-03
1.200000000000000000e+01 6.300000000000000000e+01 5.400000000000000000e+01 0.000000000000000000e+00 1.600000000000000089e+00 -1.394999999999999973e-03 -1.886000000000000090e-03 9.999970000000000248e-01 -3.651039999999999841e-01 9.309659999999999602e-01 1.247000000000000062e-03 -9.309659999999999602e-01 -3.651010000000000089e-01 -1.987000000000000051e-03
1.600000000000000000e+01 6.300000000000000000e+01 5.400000000000000000e+01 0.000000000000000000e+00 1.600000000000000089e+00 -1.054999999999999948e-03 2.530999999999999830e-03 9.999959999999999960e-01 -3.570019999999999860e-01 9.341000000000000414e-01 -2.740999999999999947e-03 -9.341030000000000166e-01 -3.570030000000000148e-01 -8.100000000000000375e-05
2.600000000000000000e+01 6.300000000000000000e+01 5.400000000000000000e+01 0.000000000000000000e+00 1.600000000000000089e+00 3.490000000000000263e-04 1.943999999999999981e-03 9.999980000000000535e-01 -3.527750000000000052e-01 9.357069999999999554e-01 -1.696000000000000025e-03 -9.357079999999999842e-01 -3.527739999999999765e-01 1.013000000000000012e-03
4.000000000000000000e+00 2.500000000000000000e+01 5.500000000000000000e+01 0.000000000000000000e+00 1.600000000000000089e+00 1.850399999999999961e-02 6.179200000000000248e-01 7.860230000000000272e-01 2.947900000000000173e-02 7.854790000000000383e-01 -6.181860000000000133e-01 -9.993940000000000046e-01 3.461000000000000187e-02 -3.681999999999999943e-03
3.000000000000000000e+00 2.600000000000000000e+01 5.500000000000000000e+01 0.000000000000000000e+00 1.600000000000000089e+00 2.016499999999999890e-02 6.482569999999999721e-01 7.611539999999999973e-01 -1.190000000000000058e-04 7.613109999999999600e-01 -6.483870000000000466e-01 -9.997970000000000468e-01 1.298400000000000075e-02 1.542999999999999927e-02
4.000000000000000000e+00 4.900000000000000000e+01 5.500000000000000000e+01 0.000000000000000000e+00 1.600000000000000089e+00 -1.220050000000000023e-01 2.644329999999999736e-01 9.566559999999999508e-01 -9.360129999999999839e-01 2.899499999999999855e-01 -1.995190000000000019e-01 -3.301419999999999910e-01 -9.197849999999999637e-01 2.121369999999999922e-01
1.000000000000000000e+00 4.500000000000000000e+01 5.600000000000000000e+01 0.000000000000000000e+00 1.600000000000000089e+00 5.996800000000000047e-02 -4.030710000000000126e-01 -9.132019999999999582e-01 9.920970000000000066e-01 1.250789999999999957e-01 9.941000000000000184e-03 1.102149999999999935e-01 -9.065809999999999702e-01 4.073869999999999991e-01
5.000000000000000000e+00 4.900000000000000000e+01 5.600000000000000000e+01 0.000000000000000000e+00 1.600000000000000089e+00 -9.310799999999999632e-02 2.618929999999999869e-01 9.605949999999999767e-01 -9.003379999999999717e-01 3.897869999999999946e-01 -1.935379999999999878e-01 -4.251139999999999919e-01 -8.828799999999999981e-01 1.995000000000000107e-01
2.600000000000000000e+01 6.800000000000000000e+01 5.700000000000000000e+01 0.000000000000000000e+00 1.600000000000000089e+00 -7.439999999999999782e-04 -4.146999999999999645e-03 -9.999909999999999632e-01 -2.406949999999999923e-01 -9.705920000000000103e-01 4.205000000000000404e-03 -9.706010000000000471e-01 2.406959999999999933e-01 -2.759999999999999867e-04
2.000000000000000000e+00 2.100000000000000000e+01 6.000000000000000000e+01 0.000000000000000000e+00 1.600000000000000089e+00 4.730100000000000277e-02 5.393700000000000161e-01 8.407390000000000141e-01 -3.310500000000000248e-02 8.420659999999999812e-01 -5.383580000000000032e-01 -9.983319999999999972e-01 -2.367999999999999879e-03 5.768600000000000116e-02
2.000000000000000000e+01 2.100000000000000000e+01 6.000000000000000000e+01 0.000000000000000000e+00 1.600000000000000089e+00 6.999999999999999387e-05 2.975000000000000214e-03 9.999959999999999960e-01 -9.697999999999999676e-02 9.952820000000000000e-01 -2.954000000000000029e-03 -9.952860000000000040e-01 -9.697899999999999576e-02 3.579999999999999741e-04
2.300000000000000000e+01 2.100000000000000000e+01 6.000000000000000000e+01 0.000000000000000000e+00 1.600000000000000089e+00 -3.390000000000000001e-04 5.410000000000000312e-04 1.000000000000000000e+00 -9.764799999999999869e-02 9.952210000000000223e-01 -5.720000000000000258e-04 -9.952210000000000223e-01 -9.764799999999999869e-02 -2.840000000000000185e-04
2.600000000000000000e+01 2.100000000000000000e+01 6.000000000000000000e+01 0.000000000000000000e+00 1.600000000000000089e+00 -2.919999999999999961e-04 1.036000000000000029e-03 9.999989999999999712e-01 -9.552299999999999680e-02 9.954269999999999508e-01 -1.059000000000000045e-03 -9.954269999999999508e-01 -9.552299999999999680e-02 -1.920000000000000049e-04
1.200000000000000000e+01 6.000000000000000000e+00 6.100000000000000000e+01 0.000000000000000000e+00 1.600000000000000089e+00 2.159999999999999919e-04 -1.262000000000000101e-03 9.999989999999999712e-01 5.682220000000000049e-01 -8.228739999999999943e-01 -1.162000000000000055e-03 8.228750000000000231e-01 5.682220000000000049e-01 5.389999999999999826e-04
2.000000000000000000e+01 4.400000000000000000e+01 6.100000000000000000e+01 0.000000000000000000e+00 1.600000000000000089e+00 -9.301390000000000491e-01 3.142690000000000206e-01 1.899399999999999977e-01 -3.569019999999999970e-01 -6.520169999999999577e-01 -6.689500000000000446e-01 -8.638600000000000445e-02 -6.900060000000000082e-01 7.186299999999999910e-01
1.300000000000000000e+01 2.900000000000000000e+01 6.200000000000000000e+01 0.000000000000000000e+00 1.600000000000000089e+00 9.133000000000000493e-03 2.061429999999999929e-01 9.784789999999999877e-01 -2.208809999999999940e-01 9.547649999999999748e-01 -1.990860000000000130e-01 -9.752579999999999583e-01 -2.143100000000000005e-01 5.425300000000000261e-02
