5.000000000000000000e+00 2.500000000000000000e+01 1.000000000000000000e+00 0.000000000000000000e+00 1.600000000000000089e+00 -1.169999999999999979e-04 -1.768000000000000040e-03 -9.999980000000000535e-01 -5.299730000000000274e-01 -8.480130000000000168e-01 1.561000000000000104e-03 -8.480140000000000455e-01 5.299730000000000274e-01 -8.369999999999999619e-04
2.500000000000000000e+01 2.500000000000000000e+01 1.000000000000000000e+00 0.000000000000000000e+00 1.600000000000000089e+00 -1.270999999999999994e-03 -5.599999999999999916e-05 -9.999989999999999712e-01 -5.311069999999999958e-01 -8.473039999999999461e-01 7.219999999999999855e-04 -8.473039999999999461e-01 5.311080000000000245e-01 1.046999999999999971e-03
4.000000000000000000e+00 1.500000000000000000e+01 4.000000000000000000e+00 0.000000000000000000e+00 1.600000000000000089e+00 1.258999999999999920e-03 6.888000000000000025e-03 9.999759999999999760e-01 3.234380000000000033e-01 -9.462300000000000155e-01 6.109999999999999980e-03 9.462490000000000068e-01 3.234219999999999873e-01 -3.419999999999999863e-03
8.000000000000000000e+00 1.500000000000000000e+01 4.000000000000000000e+00 0.000000000000000000e+00 1.600000000000000089e+00 -3.319999999999999926e-04 5.351999999999999987e-03 9.999860000000000415e-01 3.210080000000000156e-01 -9.470619999999999594e-01 5.174999999999999913e-03 9.470760000000000289e-01 3.210049999999999848e-01 -1.404000000000000083e-03
1.300000000000000000e+01 1.500000000000000000e+01 4.000000000000000000e+00 0.000000000000000000e+00 1.600000000000000089e+00 -3.480000000000000020e-03 -4.714000000000000308e-03 9.999829999999999552e-01 3.181669999999999776e-01 -9.480290000000000106e-01 -3.361999999999999971e-03 9.480279999999999818e-01 3.181499999999999884e-01 4.799000000000000314e-03
1.700000000000000000e+01 1.500000000000000000e+01 4.000000000000000000e+00 0.000000000000000000e+00 1.600000000000000089e+00 9.009999999999999997e-04 3.340000000000000087e-03 9.999940000000000495e-01 3.189819999999999878e-01 -9.477560000000000429e-01 2.877999999999999916e-03 9.477600000000000469e-01 3.189779999999999838e-01 -1.918999999999999916e-03
2.300000000000000000e+01 1.500000000000000000e+01 4.000000000000000000e+00 0.000000000000000000e+00 1.600000000000000089e+00 6.629999999999999609e-04 2.174000000000000151e-03 9.999970000000000248e-01 3.257709999999999773e-01 -9.454470000000000374e-01 1.838999999999999923e-03 9.454479999999999551e-01 3.257689999999999753e-01 -1.335000000000000032e-03
2.600000000000000000e+01 1.500000000000000000e+01 4.000000000000000000e+00 0.000000000000000000e+00 1.600000000000000089e+00 -1.649999999999999991e-04 -2.812999999999999962e-03 9.999959999999999960e-01 3.199159999999999782e-01 -9.474420000000000064e-01 -2.612999999999999871e-03 9.474460000000000104e-01 3.199139999999999762e-01 1.056000000000000081e-03
6.000000000000000000e+00 1.010000000000000000e+02 7.000000000000000000e+00 0.000000000000000000e+00 1.600000000000000089e+00 -5.289999999999999564e-04 3.846000000000000026e-03 9.999919999999999920e-01 8.893929999999999891e-01 4.571419999999999928e-01 -1.286999999999999950e-03 -4.571430000000000216e-01 8.893849999999999811e-01 -3.661999999999999891e-03
1.000000000000000000e+01 1.010000000000000000e+02 7.000000000000000000e+00 0.000000000000000000e+00 1.600000000000000089e+00 -1.890000000000000133e-04 4.477000000000000077e-03 9.999900000000000455e-01 8.894130000000000091e-01 4.571000000000000063e-01 -1.877999999999999895e-03 -4.571040000000000103e-01 8.894039999999999724e-01 -4.067999999999999568e-03
1.600000000000000000e+01 1.010000000000000000e+02 7.000000000000000000e+00 0.000000000000000000e+00 1.600000000000000089e+00 -2.259999999999999910e-04 2.073000000000000190e-03 9.999980000000000535e-01 8.900219999999999798e-01 4.559170000000000167e-01 -7.439999999999999782e-04 -4.559179999999999899e-01 8.900200000000000333e-01 -1.948000000000000079e-03
3.000000000000000000e+00 2.500000000000000000e+01 8.000000000000000000e+00 0.000000000000000000e+00 1.600000000000000089e+00 -2.030000000000000012e-04 3.946999999999999988e-03 -9.999919999999999920e-01 4.449910000000000254e-01 8.955279999999999907e-01 3.444000000000000013e-03 8.955349999999999699e-01 -4.449870000000000214e-01 -1.938999999999999968e-03
1.400000000000000000e+01 2.500000000000000000e+01 8.000000000000000000e+00 0.000000000000000000e+00 1.600000000000000089e+00 6.570000000000000319e-04 -1.810000000000000085e-04 -1.000000000000000000e+00 4.480480000000000018e-01 8.940090000000000536e-01 1.330000000000000073e-04 8.940090000000000536e-01 -4.480480000000000018e-01 6.689999999999999983e-04
1.900000000000000000e+01 2.500000000000000000e+01 8.000000000000000000e+00 0.000000000000000000e+00 1.600000000000000089e+00 -5.050000000000000235e-04 -4.616000000000000311e-03 -9.999890000000000168e-01 4.484079999999999733e-01 8.938180000000000014e-01 -4.351999999999999966e-03 8.938289999999999846e-01 -4.484060000000000268e-01 1.618999999999999996e-03
2.600000000000000000e+01 2.500000000000000000e+01 8.000000000000000000e+00 0.000000000000000000e+00 1.600000000000000089e+00 2.256000000000000193e-03 8.408999999999999808e-03 -9.999620000000000175e-01 4.478599999999999803e-01 8.940630000000000521e-01 8.529000000000000123e-03 8.941010000000000346e-01 -4.478619999999999823e-01 -1.748999999999999904e-03
4.000000000000000000e+00 2.400000000000000000e+01 9.000000000000000000e+00 0.000000000000000000e+00 1.600000000000000089e+00 -3.809999999999999910e-04 3.442000000000000181e-03 -9.999940000000000495e-01 4.509670000000000067e-01 8.925359999999999960e-01 2.900999999999999933e-03 8.925410000000000288e-01 -4.509630000000000027e-01 -1.892000000000000019e-03
1.100000000000000000e+01 2.400000000000000000e+01 9.000000000000000000e+00 0.000000000000000000e+00 1.600000000000000089e+00 -2.210000000000000050e-04 8.859999999999999603e-04 -1.000000000000000000e+00 4.521049999999999791e-01 8.919650000000000079e-01 6.899999999999999667e-04 8.919650000000000079e-01 -4.521040000000000059e-01 -5.969999999999999829e-04
1.600000000000000000e+01 2.400000000000000000e+01 9.000000000000000000e+00 0.000000000000000000e+00 1.600000000000000089e+00 1.700000000000000122e-04 2.759999999999999867e-04 -1.000000000000000000e+00 4.536220000000000252e-01 8.911940000000000417e-01 3.229999999999999907e-04 8.911940000000000417e-01 -4.536220000000000252e-01 2.699999999999999899e-05
1.800000000000000000e+01 2.400000000000000000e+01 9.000000000000000000e+00 0.000000000000000000e+00 1.600000000000000089e+00 -2.519999999999999996e-04 -2.753999999999999938e-03 -9.999959999999999960e-01 4.537169999999999814e-01 8.911419999999999897e-01 -2.567999999999999970e-03 8.911459999999999937e-01 -4.537160000000000082e-01 1.025000000000000086e-03
2.600000000000000000e+01 2.400000000000000000e+01 9.000000000000000000e+00 0.000000000000000000e+00 1.600000000000000089e+00 2.847000000000000138e-03 9.450999999999999332e-03 -9.999510000000000343e-01 4.520230000000000081e-01 8.919540000000000246e-01 9.716999999999999943e-03 8.920019999999999616e-01 -4.520279999999999854e-01 -1.732999999999999948e-03
2.300000000000000000e+01 4.000000000000000000e+00 1.100000000000000000e+01 0.000000000000000000e+00 1.600000000000000089e+00 9.200000000000000278e-04 1.007599999999999989e-02 -9.999489999999999768e-01 2.327400000000000024e-01 9.724869999999999903e-01 1.001299999999999933e-02 9.725390000000000423e-01 -2.327369999999999994e-01 -1.449999999999999900e-03
2.600000000000000000e+01 4.000000000000000000e+00 1.100000000000000000e+01 0.000000000000000000e+00 1.600000000000000089e+00 -4.414000000000000389e-03 -2.496699999999999961e-02 -9.996779999999999555e-01 2.352249999999999897e-01 9.716110000000000024e-01 -2.530500000000000110e-02 9.719309999999999894e-01 -2.352609999999999979e-01 1.583999999999999905e-03
7.000000000000000000e+00 3.100000000000000000e+01 1.200000000000000000e+01 0.000000000000000000e+00 1.600000000000000089e+00 -8.509999999999999769e-04 -2.017000000000000130e-03 9.999980000000000535e-01 4.479999999999999933e-04 9.999980000000000535e-01 2.017000000000000130e-03 -1.000000000000000000e+00 4.490000000000000176e-04 -8.499999999999999526e-04
1.400000000000000000e+01 3.100000000000000000e+01 1.200000000000000000e+01 0.000000000000000000e+00 1.600000000000000089e+00 6.030000000000000204e-04 2.223999999999999849e-03 9.999970000000000248e-01 8.400000000000000348e-04 9.999970000000000248e-01 -2.223999999999999849e-03 -9.999989999999999712e-01 8.419999999999999750e-04 6.009999999999999717e-04
1.800000000000000000e+01 3.100000000000000000e+01 1.200000000000000000e+01 0.000000000000000000e+00 1.600000000000000089e+00 5.649999999999999641e-04 3.445000000000000145e-03 9.999940000000000495e-01 4.142999999999999981e-03 9.999850000000000128e-01 -3.448000000000000110e-03 -9.999909999999999632e-01 4.145000000000000247e-03 5.509999999999999490e-04
2.400000000000000000e+01 3.100000000000000000e+01 1.200000000000000000e+01 0.000000000000000000e+00 1.600000000000000089e+00 -6.520000000000000188e-04 1.391000000000000092e-03 9.999989999999999712e-01 5.938999999999999835e-03 9.999810000000000088e-01 -1.387999999999999911e-03 -9.999820000000000375e-01 5.937999999999999702e-03 -6.610000000000000207e-04
2.800000000000000000e+01 3.100000000000000000e+01 1.200000000000000000e+01 0.000000000000000000e+00 1.600000000000000089e+00 -1.579999999999999916e-04 9.339999999999999344e-03 9.999559999999999560e-01 6.229000000000000162e-03 9.999369999999999647e-01 -9.339000000000000079e-03 -9.999810000000000088e-01 6.226999999999999896e-03 -2.159999999999999919e-04
2.000000000000000000e+00 3.500000000000000000e+01 1.200000000000000000e+01 0.000000000000000000e+00 1.600000000000000089e+00 -4.659999999999999971e-04 5.350999999999999854e-03 -9.999860000000000415e-01 5.477699999999999791e-01 -8.366160000000000263e-01 -4.732000000000000095e-03 -8.366289999999999560e-01 -5.477640000000000287e-01 -2.541999999999999989e-03
6.000000000000000000e+00 3.500000000000000000e+01 1.200000000000000000e+01 0.000000000000000000e+00 1.600000000000000089e+00 -4.415999999999999787e-03 4.954000000000000070e-03 -9.999780000000000335e-01 5.568760000000000376e-01 -8.305700000000000305e-01 -6.573999999999999982e-03 -8.305839999999999890e-01 -5.568929999999999714e-01 9.089999999999999773e-04
1.300000000000000000e+01 3.500000000000000000e+01 1.200000000000000000e+01 0.000000000000000000e+00 1.600000000000000089e+00 -9.790000000000000525e-04 6.546999999999999868e-03 -9.999780000000000335e-01 5.795219999999999816e-01 -8.149349999999999650e-01 -5.903000000000000261e-03 -8.149560000000000137e-01 -5.795150000000000023e-01 -2.997000000000000098e-03
1.700000000000000000e+01 3.500000000000000000e+01 1.200000000000000000e+01 0.000000000000000000e+00 1.600000000000000089e+00 6.380000000000000037e-04 4.158000000000000237e-03 -9.999909999999999632e-01 5.932359999999999856e-01 -8.050230000000000441e-01 -2.968999999999999851e-03 -8.050279999999999658e-01 -5.932290000000000063e-01 -2.981000000000000143e-03
2.000000000000000000e+00 3.200000000000000000e+01 1.400000000000000000e+01 0.000000000000000000e+00 1.600000000000000089e+00 -6.809999999999999647e-04 1.835999999999999958e-03 -9.999980000000000535e-01 9.822100000000000275e-02 9.951630000000000198e-01 1.760000000000000063e-03 9.951640000000000486e-01 -9.822000000000000175e-02 -8.580000000000000387e-04
8.000000000000000000e+00 3.200000000000000000e+01 1.400000000000000000e+01 0.000000000000000000e+00 1.600000000000000089e+00 2.137000000000000011e-03 -1.704000000000000003e-03 -9.999959999999999960e-01 1.027669999999999972e-01 9.947040000000000326e-01 -1.474999999999999966e-03 9.947030000000000038e-01 -1.027629999999999932e-01 2.301000000000000094e-03
2.000000000000000000e+01 3.200000000000000000e+01 1.400000000000000000e+01 0.000000000000000000e+00 1.600000000000000089e+00 5.800000000000000034e-05 7.550000000000000287e-04 -1.000000000000000000e+00 9.904599999999999516e-02 9.950830000000000508e-01 7.569999999999999689e-04 9.950830000000000508e-01 -9.904599999999999516e-02 -1.699999999999999987e-05
7.000000000000000000e+00 1.200000000000000000e+01 1.500000000000000000e+01 0.000000000000000000e+00 1.600000000000000089e+00 3.510000000000000208e-04 -6.863000000000000177e-03 -9.999759999999999760e-01 -4.731960000000000055e-01 -8.809369999999999701e-01 5.879999999999999810e-03 -8.809569999999999901e-01 4.731830000000000203e-01 -3.556000000000000133e-03
1.300000000000000000e+01 1.200000000000000000e+01 1.500000000000000000e+01 0.000000000000000000e+00 1.600000000000000089e+00 1.124999999999999915e-03 3.572999999999999787e-03 -9.999930000000000208e-01 -4.718019999999999992e-01 -8.816969999999999530e-01 -3.680999999999999810e-03 -8.817040000000000433e-01 4.718029999999999724e-01 6.939999999999999555e-04
1.900000000000000000e+01 1.200000000000000000e+01 1.500000000000000000e+01 0.000000000000000000e+00 1.600000000000000089e+00 6.639999999999999852e-04 1.778000000000000067e-03 -9.999980000000000535e-01 -4.717580000000000107e-01 -8.817260000000000097e-01 -1.881000000000000076e-03 -8.817279999999999562e-01 4.717580000000000107e-01 2.530000000000000239e-04
2.300000000000000000e+01 1.200000000000000000e+01 1.500000000000000000e+01 0.000000000000000000e+00 1.600000000000000089e+00 1.137999999999999906e-03 1.016999999999999892e-03 -9.999989999999999712e-01 -4.721369999999999734e-01 -8.815239999999999743e-01 -1.433000000000000029e-03 -8.815250000000000030e-01 4.721380000000000021e-01 -5.230000000000000274e-04
2.700000000000000000e+01 1.200000000000000000e+01 1.500000000000000000e+01 0.000000000000000000e+00 1.600000000000000089e+00 3.860000000000000041e-04 1.164000000000000104e-03 -9.999989999999999712e-01 -4.690409999999999857e-01 -8.831750000000000433e-01 -1.209000000000000005e-03 -8.831759999999999611e-01 4.690409999999999857e-01 2.049999999999999956e-04
2.000000000000000000e+00 1.100000000000000000e+01 1.600000000000000000e+01 0.000000000000000000e+00 1.600000000000000089e+00 1.590999999999999966e-03 5.178000000000000311e-03 -9.999850000000000128e-01 -4.123040000000000038e-01 -9.110310000000000352e-01 -5.373000000000000172e-03 -9.110449999999999937e-01 4.123060000000000058e-01 6.849999999999999535e-04
8.000000000000000000e+00 1.100000000000000000e+01 1.600000000000000000e+01 0.000000000000000000e+00 1.600000000000000089e+00 4.749999999999999990e-04 -6.083999999999999998e-03 -9.999810000000000088e-01 -4.158729999999999927e-01 -9.094069999999999654e-01 5.335000000000000332e-03 -9.094219999999999526e-01 4.158629999999999827e-01 -2.961999999999999789e-03
1.400000000000000000e+01 1.100000000000000000e+01 1.600000000000000000e+01 0.000000000000000000e+00 1.600000000000000089e+00 5.249999999999999676e-04 2.549000000000000050e-03 -9.999970000000000248e-01 -4.174579999999999957e-01 -9.086929999999999730e-01 -2.534999999999999927e-03 -9.086959999999999482e-01 4.174579999999999957e-01 5.869999999999999567e-04
1.100000000000000000e+01 1.160000000000000000e+02 1.600000000000000000e+01 0.000000000000000000e+00 1.600000000000000089e+00 1.750000000000000036e-03 1.098999999999999934e-03 9.999980000000000535e-01 7.890949999999999909e-01 6.142670000000000075e-01 -2.056000000000000102e-03 -6.142680000000000362e-01 7.890970000000000484e-01 2.069999999999999900e-04
1.300000000000000000e+01 1.160000000000000000e+02 1.600000000000000000e+01 0.000000000000000000e+00 1.600000000000000089e+00 1.595000000000000064e-03 4.640000000000000027e-04 9.999989999999999712e-01 7.854879999999999640e-01 6.188749999999999529e-01 -1.539999999999999919e-03 -6.188749999999999529e-01 7.854900000000000215e-01 6.229999999999999644e-04
3.000000000000000000e+00 2.000000000000000000e+00 1.900000000000000000e+01 0.000000000000000000e+00 1.600000000000000089e+00 1.404200000000000066e-02 -1.486999999999999954e-02 -9.997909999999999853e-01 2.536880000000000246e-01 -9.671199999999999797e-01 1.794700000000000115e-02 -9.671840000000000437e-01 -2.538869999999999738e-01 -9.808000000000000745e-03
7.000000000000000000e+00 2.000000000000000000e+00 1.900000000000000000e+01 0.000000000000000000e+00 1.600000000000000089e+00 1.396799999999999951e-02 4.478000000000000209e-03 -9.998920000000000030e-01 2.450849999999999973e-01 -9.695009999999999462e-01 -9.179999999999999792e-04 -9.694009999999999572e-01 -2.450460000000000138e-01 -1.464000000000000024e-02
1.600000000000000000e+01 2.000000000000000000e+00 1.900000000000000000e+01 0.000000000000000000e+00 1.600000000000000089e+00 9.062999999999999876e-03 -1.321600000000000032e-02 -9.998719999999999830e-01 2.290179999999999993e-01 -9.733079999999999510e-01 1.494000000000000015e-02 -9.733800000000000230e-01 -2.291239999999999943e-01 -5.793999999999999671e-03
2.100000000000000000e+01 2.000000000000000000e+00 1.900000000000000000e+01 0.000000000000000000e+00 1.600000000000000089e+00 4.066000000000000170e-03 -1.577699999999999936e-02 -9.998669999999999503e-01 2.239810000000000134e-01 -9.744570000000000176e-01 1.628699999999999939e-02 -9.745850000000000346e-01 -2.240179999999999949e-01 -4.279999999999999950e-04
2.700000000000000000e+01 2.000000000000000000e+00 1.900000000000000000e+01 0.000000000000000000e+00 1.600000000000000089e+00 -3.098000000000000059e-03 3.216999999999999808e-03 -9.999900000000000455e-01 2.156240000000000101e-01 -9.764690000000000314e-01 -3.810000000000000019e-03 -9.764709999999999779e-01 -2.156339999999999923e-01 2.331000000000000173e-03
8.000000000000000000e+00 3.000000000000000000e+00 1.900000000000000000e+01 0.000000000000000000e+00 1.600000000000000089e+00 1.442200000000000079e-02 8.390999999999999154e-03 -9.998609999999999998e-01 2.558579999999999743e-01 -9.667040000000000077e-01 -4.422999999999999848e-03 -9.666069999999999940e-01 -2.557579999999999854e-01 -1.608899999999999914e-02
1.000000000000000000e+01 3.000000000000000000e+00 1.900000000000000000e+01 0.000000000000000000e+00 1.600000000000000089e+00 9.383000000000000715e-03 1.131300000000000014e-02 -9.998920000000000030e-01 2.427970000000000128e-01 -9.700379999999999558e-01 -8.696999999999999870e-03 -9.700320000000000054e-01 -2.426889999999999881e-01 -1.184900000000000016e-02
7.000000000000000000e+00 4.000000000000000000e+00 2.000000000000000000e+01 0.000000000000000000e+00 1.600000000000000089e+00 7.555000000000000084e-03 1.076099999999999973e-02 -9.999139999999999695e-01 3.894259999999999944e-01 -9.210310000000000441e-01 -6.969000000000000368e-03 -9.210270000000000401e-01 -3.893400000000000194e-01 -1.114899999999999919e-02
1.000000000000000000e+01 4.000000000000000000e+00 2.000000000000000000e+01 0.000000000000000000e+00 1.600000000000000089e+00 1.044000000000000006e-03 1.561099999999999988e-02 -9.998780000000000445e-01 3.657630000000000048e-01 -9.306010000000000115e-01 -1.414699999999999985e-02 -9.307069999999999510e-01 -3.657030000000000003e-01 -6.681000000000000306e-03
3.000000000000000000e+00 1.300000000000000000e+01 2.000000000000000000e+01 0.000000000000000000e+00 1.600000000000000089e+00 4.910000000000000085e-04 -1.443000000000000055e-03 9.999989999999999712e-01 2.609339999999999993e-01 9.653559999999999919e-01 1.265000000000000065e-03 -9.653570000000000206e-01 2.609330000000000260e-01 8.509999999999999769e-04
9.000000000000000000e+00 1.300000000000000000e+01 2.000000000000000000e+01 0.000000000000000000e+00 1.600000000000000089e+00 2.109999999999999896e-03 2.975999999999999913e-03 9.999930000000000208e-01 2.596169999999999867e-01 9.657059999999999533e-01 -3.422000000000000128e-03 -9.657090000000000396e-01 2.596220000000000194e-01 1.265000000000000065e-03
1.300000000000000000e+01 1.300000000000000000e+01 2.000000000000000000e+01 0.000000000000000000e+00 1.600000000000000089e+00 6.639999999999999852e-04 2.144000000000000072e-03 9.999970000000000248e-01 2.586740000000000150e-01 9.659619999999999873e-01 -2.243000000000000202e-03 -9.659640000000000448e-01 2.586749999999999883e-01 8.700000000000000051e-05
2.400000000000000000e+01 1.300000000000000000e+01 2.000000000000000000e+01 0.000000000000000000e+00 1.600000000000000089e+00 -1.396000000000000105e-03 -4.118000000000000133e-03 9.999909999999999632e-01 2.588770000000000238e-01 9.658999999999999808e-01 4.338999999999999975e-03 -9.659090000000000176e-01 2.588809999999999722e-01 -2.820000000000000241e-04
2.900000000000000000e+01 1.300000000000000000e+01 2.000000000000000000e+01 0.000000000000000000e+00 1.600000000000000089e+00 -7.100000000000000191e-04 3.657000000000000094e-03 9.999930000000000208e-01 2.587889999999999913e-01 9.659280000000000088e-01 -3.348999999999999980e-03 -9.659339999999999593e-01 2.587849999999999873e-01 -1.631999999999999987e-03
6.000000000000000000e+00 5.000000000000000000e+01 2.200000000000000000e+01 0.000000000000000000e+00 1.600000000000000089e+00 4.028000000000000330e-03 3.755000000000000091e-03 -9.999850000000000128e-01 -5.777539999999999898e-01 8.162110000000000198e-01 7.380000000000000492e-04 8.162009999999999543e-01 5.777419999999999778e-01 5.457000000000000045e-03
3.000000000000000000e+00 3.000000000000000000e+00 2.500000000000000000e+01 0.000000000000000000e+00 1.600000000000000089e+00 -5.190000000000000386e-04 -1.603999999999999957e-03 9.999989999999999712e-01 -3.252000000000000030e-02 -9.994699999999999696e-01 -1.619999999999999912e-03 9.994709999999999983e-01 -3.252000000000000030e-02 4.670000000000000214e-04
5.000000000000000000e+00 3.000000000000000000e+00 2.500000000000000000e+01 0.000000000000000000e+00 1.600000000000000089e+00 1.317999999999999944e-03 -1.959999999999999937e-04 9.999989999999999712e-01 -3.053300000000000111e-02 -9.995340000000000336e-01 -1.550000000000000000e-04 9.995330000000000048e-01 -3.053300000000000111e-02 -1.324000000000000090e-03
1.000000000000000000e+01 3.000000000000000000e+00 2.500000000000000000e+01 0.000000000000000000e+00 1.600000000000000089e+00 -1.154999999999999994e-03 7.178000000000000352e-03 9.999740000000000295e-01 -2.346399999999999875e-02 -9.996990000000000043e-01 7.148999999999999973e-03 9.997239999999999460e-01 -2.345500000000000015e-02 1.324000000000000090e-03
1.300000000000000000e+01 3.000000000000000000e+00 2.500000000000000000e+01 0.000000000000000000e+00 1.600000000000000089e+00 -5.707000000000000267e-03 1.988699999999999843e-02 9.997859999999999525e-01 -1.938600000000000045e-02 -9.996169999999999778e-01 1.977299999999999891e-02 9.997960000000000180e-01 -1.926900000000000140e-02 6.089999999999999927e-03
2.800000000000000000e+01 3.000000000000000000e+00 2.500000000000000000e+01 0.000000000000000000e+00 1.600000000000000089e+00 -3.021999999999999947e-03 -4.312999999999999994e-03 9.999860000000000415e-01 -2.017299999999999996e-02 -9.997869999999999813e-01 -4.374000000000000284e-03 9.997920000000000140e-01 -2.018599999999999908e-02 2.933999999999999976e-03
2.000000000000000000e+01 4.600000000000000000e+01 3.000000000000000000e+01 0.000000000000000000e+00 1.600000000000000089e+00 2.520999999999999804e-03 2.135000000000000179e-03 -9.999949999999999672e-01 3.188840000000000008e-01 9.477900000000000214e-01 2.827999999999999785e-03 9.477900000000000214e-01 -3.188889999999999780e-01 1.709000000000000016e-03
3.000000000000000000e+01 4.600000000000000000e+01 3.000000000000000000e+01 0.000000000000000000e+00 1.600000000000000089e+00 1.837000000000000091e-03 1.136999999999999990e-03 -9.999980000000000535e-01 3.144339999999999913e-01 9.492779999999999552e-01 1.657000000000000053e-03 9.492770000000000374e-01 -3.144370000000000220e-01 1.386000000000000079e-03
6.000000000000000000e+00 5.800000000000000000e+01 3.100000000000000000e+01 0.000000000000000000e+00 1.600000000000000089e+00 1.296999999999999976e-03 -1.095999999999999969e-03 9.999989999999999712e-01 -7.740970000000000351e-01 -6.330670000000000464e-01 3.099999999999999999e-04 6.330660000000000176e-01 -7.740960000000000063e-01 -1.670000000000000043e-03
1.400000000000000000e+01 5.800000000000000000e+01 3.100000000000000000e+01 0.000000000000000000e+00 1.600000000000000089e+00 -3.170000000000000075e-03 -4.889999999999999599e-04 9.999949999999999672e-01 -7.773970000000000047e-01 -6.290040000000000076e-01 -2.772000000000000158e-03 6.290019999999999500e-01 -7.774020000000000374e-01 1.613999999999999983e-03
1.900000000000000000e+01 5.800000000000000000e+01 3.100000000000000000e+01 0.000000000000000000e+00 1.600000000000000089e+00 -1.783999999999999996e-03 -6.597000000000000433e-03 9.999770000000000048e-01 -7.818150000000000377e-01 -6.234859999999999847e-01 -5.507999999999999875e-03 6.235079999999999512e-01 -7.818070000000000297e-01 -4.044999999999999984e-03
2.500000000000000000e+01 5.800000000000000000e+01 3.100000000000000000e+01 0.000000000000000000e+00 1.600000000000000089e+00 -2.785999999999999848e-03 -4.557000000000000287e-03 9.999860000000000415e-01 -7.823560000000000514e-01 -6.228110000000000035e-01 -5.016999999999999758e-03 6.228249999999999620e-01 -7.823590000000000266e-01 -1.830000000000000029e-03
3.000000000000000000e+00 4.600000000000000000e+01 3.500000000000000000e+01 0.000000000000000000e+00 1.600000000000000089e+00 -1.820000000000000057e-04 -9.139999999999999904e-04 -1.000000000000000000e+00 3.894560000000000244e-01 -9.210450000000000026e-01 7.709999999999999840e-04 -9.210450000000000026e-01 -3.894560000000000244e-01 5.240000000000000517e-04
9.000000000000000000e+00 4.600000000000000000e+01 3.500000000000000000e+01 0.000000000000000000e+00 1.600000000000000089e+00 -2.649999999999999903e-04 -7.739999999999999485e-04 -1.000000000000000000e+00 3.908570000000000100e-01 -9.204510000000000192e-01 6.089999999999999494e-04 -9.204510000000000192e-01 -3.908570000000000100e-01 5.460000000000000443e-04
1.200000000000000000e+01 4.600000000000000000e+01 3.500000000000000000e+01 0.000000000000000000e+00 1.600000000000000089e+00 -3.009999999999999980e-04 3.052000000000000025e-03 -9.999949999999999672e-01 3.913760000000000017e-01 -9.202259999999999884e-01 -2.926000000000000215e-03 -9.202310000000000212e-01 -3.913749999999999729e-01 -9.179999999999999792e-04
1.700000000000000000e+01 4.600000000000000000e+01 3.500000000000000000e+01 0.000000000000000000e+00 1.600000000000000089e+00 -3.220000000000000206e-04 -4.040000000000000080e-04 -1.000000000000000000e+00 3.926399999999999890e-01 -9.196919999999999540e-01 2.449999999999999921e-04 -9.196919999999999540e-01 -3.926399999999999890e-01 4.550000000000000008e-04
2.100000000000000000e+01 4.600000000000000000e+01 3.500000000000000000e+01 0.000000000000000000e+00 1.600000000000000089e+00 7.370000000000000249e-04 -1.069999999999999988e-03 -9.999989999999999712e-01 3.914949999999999819e-01 -9.201789999999999692e-01 1.273000000000000043e-03 -9.201799999999999979e-01 -3.914949999999999819e-01 -2.590000000000000071e-04
2.100000000000000000e+01 3.000000000000000000e+00 4.300000000000000000e+01 0.000000000000000000e+00 1.600000000000000089e+00 -4.754000000000000413e-03 -6.323999999999999760e-03 -9.999689999999999968e-01 7.369959999999999845e-01 -6.758969999999999700e-01 7.709999999999999840e-04 -6.758800000000000363e-01 -7.369689999999999852e-01 7.874000000000000790e-03
7.000000000000000000e+00 2.900000000000000000e+01 4.400000000000000000e+01 0.000000000000000000e+00 1.600000000000000089e+00 1.487000000000000040e-03 8.610000000000000032e-04 -9.999989999999999712e-01 6.526070000000000482e-01 7.576950000000000074e-01 1.623000000000000094e-03 7.576950000000000074e-01 -6.526079999999999659e-01 5.640000000000000482e-04
1.000000000000000000e+01 2.900000000000000000e+01 4.400000000000000000e+01 0.000000000000000000e+00 1.600000000000000089e+00 -1.139000000000000038e-03 -1.265999999999999981e-03 -9.999989999999999712e-01 6.549500000000000322e-01 7.556699999999999529e-01 -1.703000000000000087e-03 7.556709999999999816e-01 -6.549509999999999499e-01 -3.199999999999999855e-05
1.400000000000000000e+01 2.900000000000000000e+01 4.400000000000000000e+01 0.000000000000000000e+00 1.600000000000000089e+00 -1.755999999999999965e-03 1.054000000000000032e-03 -9.999980000000000535e-01 6.586509999999999865e-01 7.524490000000000345e-01 -3.640000000000000115e-04 7.524469999999999770e-01 -6.586499999999999577e-01 -2.015999999999999997e-03
1.900000000000000000e+01 2.900000000000000000e+01 4.400000000000000000e+01 0.000000000000000000e+00 1.600000000000000089e+00 -1.240000000000000054e-04 1.182000000000000108e-03 -9.999989999999999712e-01 6.553029999999999688e-01 7.553659999999999819e-01 8.120000000000000048e-04 7.553670000000000107e-01 -6.553020000000000511e-01 -8.679999999999999565e-04
2.400000000000000000e+01 2.900000000000000000e+01 4.400000000000000000e+01 0.000000000000000000e+00 1.600000000000000089e+00 -1.476000000000000098e-03 9.590000000000000000e-04 -9.999980000000000535e-01 6.539030000000000120e-01 7.565790000000000015e-01 -2.400000000000000061e-04 7.565770000000000550e-01 -6.539019999999999833e-01 -1.744000000000000107e-03
2.700000000000000000e+01 2.900000000000000000e+01 4.400000000000000000e+01 0.000000000000000000e+00 1.600000000000000089e+00 -1.010000000000000020e-04 1.325999999999999922e-03 -9.999989999999999712e-01 6.547169999999999934e-01 7.558740000000000459e-01 9.359999999999999831e-04 7.558740000000000459e-01 -6.547159999999999647e-01 -9.439999999999999607e-04
4.000000000000000000e+00 6.500000000000000000e+01 4.600000000000000000e+01 0.000000000000000000e+00 1.600000000000000089e+00 2.906000000000000163e-03 -7.690000000000000438e-04 9.999949999999999672e-01 6.806720000000000548e-01 -7.325840000000000130e-01 -2.541999999999999989e-03 7.325829999999999842e-01 6.806759999999999478e-01 -1.606000000000000006e-03
1.500000000000000000e+01 5.000000000000000000e+00 5.100000000000000000e+01 0.000000000000000000e+00 1.600000000000000089e+00 1.014400000000000024e-02 -1.177199999999999948e-02 -9.998789999999999623e-01 4.674860000000000126e-01 -8.838700000000000445e-01 1.515000000000000027e-02 -8.839420000000000055e-01 -4.675839999999999996e-01 -3.462999999999999932e-03
2.000000000000000000e+01 5.000000000000000000e+00 5.100000000000000000e+01 0.000000000000000000e+00 1.600000000000000089e+00 1.051000000000000068e-03 -6.721000000000000411e-03 -9.999770000000000048e-01 4.808850000000000069e-01 -8.767599999999999838e-01 6.398000000000000041e-03 -8.767829999999999790e-01 -4.808799999999999741e-01 2.311000000000000120e-03
3.000000000000000000e+01 5.000000000000000000e+00 5.100000000000000000e+01 0.000000000000000000e+00 1.600000000000000089e+00 -2.991000000000000169e-03 -4.557000000000000287e-03 -9.999850000000000128e-01 4.788669999999999871e-01 -8.778839999999999977e-01 2.567999999999999970e-03 -8.778820000000000512e-01 -4.788519999999999999e-01 4.807999999999999774e-03
6.000000000000000000e+00 6.000000000000000000e+00 5.100000000000000000e+01 0.000000000000000000e+00 1.600000000000000089e+00 -2.906000000000000163e-03 9.716999999999999943e-03 -9.999489999999999768e-01 2.875949999999999895e-01 -9.576980000000000492e-01 -1.014199999999999997e-02 -9.577480000000000437e-01 -2.876090000000000035e-01 -1.099999999999999971e-05
2.900000000000000000e+01 1.150000000000000000e+02 5.100000000000000000e+01 0.000000000000000000e+00 1.600000000000000089e+00 3.099999999999999999e-04 -1.310000000000000129e-04 1.000000000000000000e+00 8.446219999999999839e-01 -5.353630000000000333e-01 -3.319999999999999926e-04 5.353630000000000333e-01 8.446219999999999839e-01 -5.500000000000000196e-05
6.000000000000000000e+00 7.000000000000000000e+00 5.200000000000000000e+01 0.000000000000000000e+00 1.600000000000000089e+00 -1.188000000000000037e-03 8.455999999999999975e-03 -9.999639999999999640e-01 3.867500000000000104e-02 -9.992159999999999931e-01 -8.496000000000000080e-03 -9.992510000000000003e-01 -3.868400000000000311e-02 8.599999999999999789e-04
2.000000000000000000e+00 6.300000000000000000e+01 5.400000000000000000e+01 0.000000000000000000e+00 1.600000000000000089e+00 -1.585000000000000037e-03 -1.340000000000000045e-04 9.999989999999999712e-01 -3.485650000000000137e-01 9.372840000000000060e-01 -4.270000000000000249e-04 -9.372829999999999773e-01 -3.485659999999999870e-01 -1.533000000000000074e-03
7.000000000000000000e+00 6.300000000000000000e+01 5.400000000000000000e+01 0.000000000000000000e+00 1.600000000000000089e+00 1.019999999999999992e-04 2.583999999999999925e-03 9.999970000000000248e-01 -3.489510000000000112e-01 9.371380000000000265e-01 -2.386000000000000100e-03 -9.371410000000000018e-01 -3.489490000000000092e-01 9.979999999999999722e-04
1.000000000000000000e+01 6.300000000000000000e+01 5.400000000000000000e+01 0.000000000000000000e+00 1.600000000000000089e+00 1.710000000000000094e-04 4.059000000000000108e-03 9.999919999999999920e-01 -3.527500000000000080e-01 9.357100000000000417e-01 -3.738000000000000003e-03 -9.357180000000000497e-01 -3.527460000000000040e-01 1.592000000000000099e-03
1.500000000000000000e+01 6.300000000000000000e+01 5.400000000000000000e+01 0.000000000000000000e+00 1.600000000000000089e+00 -1.988000000000000184e-03 -3.190000000000000127e-03 9.999930000000000208e-01 -3.515159999999999951e-01 9.361789999999999834e-01 2.288000000000000103e-03 -9.361800000000000122e-01 -3.515079999999999871e-01 -2.982999999999999974e-03
2.000000000000000000e+01 6.300000000000000000e+01 5.400000000000000000e+01 0.000000000000000000e+00 1.600000000000000089e+00 -6.740000000000000114e-04 7.730000000000000326e-04 9.999989999999999712e-01 -3.438169999999999837e-01 9.390359999999999818e-01 -9.579999999999999757e-04 -9.390359999999999818e-01 -3.438180000000000125e-01 -3.669999999999999760e-04
2.600000000000000000e+01 6.300000000000000000e+01 5.400000000000000000e+01 0.000000000000000000e+00 1.600000000000000089e+00 1.160000000000000007e-04 -2.204999999999999929e-03 9.999970000000000248e-01 -3.499729999999999785e-01 9.367569999999999508e-01 2.105999999999999799e-03 -9.367600000000000371e-01 -3.499729999999999785e-01 -6.629999999999999609e-04
6.000000000000000000e+00 2.500000000000000000e+01 5.500000000000000000e+01 0.000000000000000000e+00 1.600000000000000089e+00 1.476000000000000098e-03 5.891999999999999668e-03 -9.999820000000000375e-01 -1.913300000000000070e-02 -9.997989999999999933e-01 -5.919999999999999915e-03 -9.998160000000000380e-01 1.914099999999999829e-02 -1.363000000000000062e-03
2.300000000000000000e+01 2.500000000000000000e+01 5.500000000000000000e+01 0.000000000000000000e+00 1.600000000000000089e+00 7.929999999999999766e-04 -1.144000000000000052e-03 -9.999989999999999712e-01 -1.267199999999999924e-02 -9.999190000000000023e-01 1.134000000000000025e-03 -9.999190000000000023e-01 1.267099999999999997e-02 -8.080000000000000160e-04
1.000000000000000000e+01 2.100000000000000000e+01 6.000000000000000000e+01 0.000000000000000000e+00 1.600000000000000089e+00 -9.899999999999999404e-05 5.383999999999999897e-03 9.999860000000000415e-01 -9.533200000000000007e-02 9.954309999999999548e-01 -5.368999999999999641e-03 -9.954450000000000243e-01 -9.533099999999999907e-02 4.139999999999999800e-04
1.400000000000000000e+01 2.100000000000000000e+01 6.000000000000000000e+01 0.000000000000000000e+00 1.600000000000000089e+00 7.039999999999999817e-04 5.271999999999999777e-03 9.999860000000000415e-01 -9.735499999999999710e-02 9.952360000000000095e-01 -5.178000000000000311e-03 -9.952490000000000503e-01 -9.735000000000000597e-02 1.214000000000000018e-03
1.900000000000000000e+01 2.100000000000000000e+01 6.000000000000000000e+01 0.000000000000000000e+00 1.600000000000000089e+00 -7.529999999999999801e-04 -4.316999999999999657e-03 9.999900000000000455e-01 -9.637600000000000333e-02 9.953359999999999985e-01 4.224000000000000324e-03 -9.953450000000000353e-01 -9.637199999999999933e-02 -1.165999999999999936e-03
2.600000000000000000e+01 2.100000000000000000e+01 6.000000000000000000e+01 0.000000000000000000e+00 1.600000000000000089e+00 5.280000000000000405e-04 -5.389999999999999826e-04 1.000000000000000000e+00 -9.433199999999999918e-02 9.955410000000000093e-01 5.869999999999999567e-04 -9.955410000000000093e-01 -9.433199999999999918e-02 4.749999999999999990e-04
4.000000000000000000e+00 6.700000000000000000e+01 6.000000000000000000e+01 0.000000000000000000e+00 1.600000000000000089e+00 -6.459999999999999814e-04 -3.047999999999999928e-03 9.999949999999999672e-01 1.752229999999999899e-01 -9.845239999999999547e-01 -2.887999999999999942e-03 9.845279999999999587e-01 1.752209999999999879e-01 1.170000000000000033e-03
1.000000000000000000e+01 6.700000000000000000e+01 6.000000000000000000e+01 0.000000000000000000e+00 1.600000000000000089e+00 1.789999999999999870e-04 1.628000000000000107e-03 9.999989999999999712e-01 1.757940000000000058e-01 -9.844260000000000232e-01 1.570999999999999914e-03 9.844270000000000520e-01 1.757930000000000048e-01 -4.629999999999999784e-04
2.600000000000000000e+01 6.700000000000000000e+01 6.000000000000000000e+01 0.000000000000000000e+00 1.600000000000000089e+00 2.820000000000000241e-04 2.367000000000000180e-03 9.999970000000000248e-01 1.789040000000000075e-01 -9.838639999999999608e-01 2.278000000000000077e-03 9.838660000000000183e-01 1.789030000000000065e-01 -7.010000000000000172e-04
6.000000000000000000e+00 6.000000000000000000e+00 6.100000000000000000e+01 0.000000000000000000e+00 1.600000000000000089e+00 -2.357000000000000154e-03 -5.117000000000000021e-03 9.999839999999999840e-01 5.684099999999999708e-01 -8.227400000000000269e-01 -2.870000000000000155e-03 8.227419999999999733e-01 5.683939999999999548e-01 4.847999999999999879e-03
1.800000000000000000e+01 6.000000000000000000e+00 6.100000000000000000e+01 0.000000000000000000e+00 1.600000000000000089e+00 -1.337999999999999997e-03 6.655999999999999590e-03 9.999770000000000048e-01 5.705959999999999921e-01 -8.212070000000000203e-01 6.230000000000000294e-03 8.212300000000000155e-01 5.705909999999999593e-01 -2.700000000000000143e-03
4.000000000000000000e+00 2.700000000000000000e+01 6.300000000000000000e+01 0.000000000000000000e+00 1.600000000000000089e+00 -1.415000000000000025e-03 8.750000000000000182e-04 9.999989999999999712e-01 -2.724880000000000080e-01 9.621589999999999865e-01 -1.227000000000000009e-03 -9.621579999999999577e-01 -2.724889999999999812e-01 -1.123000000000000083e-03
9.000000000000000000e+00 2.700000000000000000e+01 6.300000000000000000e+01 0.000000000000000000e+00 1.600000000000000089e+00 -1.049000000000000019e-03 3.612000000000000193e-03 9.999930000000000208e-01 -2.733229999999999826e-01 9.619149999999999645e-01 -3.761000000000000020e-03 -9.619220000000000548e-01 -2.733249999999999846e-01 -2.199999999999999943e-05
1.400000000000000000e+01 2.700000000000000000e+01 6.300000000000000000e+01 0.000000000000000000e+00 1.600000000000000089e+00 1.636000000000000084e-03 -3.654000000000000130e-03 9.999919999999999920e-01 -2.734790000000000276e-01 9.618700000000000028e-01 3.962000000000000244e-03 -9.618769999999999820e-01 -2.734829999999999761e-01 5.739999999999999660e-04
2.100000000000000000e+01 2.700000000000000000e+01 6.300000000000000000e+01 0.000000000000000000e+00 1.600000000000000089e+00 5.050000000000000235e-04 5.264999999999999715e-03 9.999860000000000415e-01 -2.696089999999999876e-01 9.629569999999999519e-01 -4.932999999999999885e-03 -9.629699999999999926e-01 -2.696020000000000083e-01 1.905999999999999925e-03
2.700000000000000000e+01 2.700000000000000000e+01 6.300000000000000000e+01 0.000000000000000000e+00 1.600000000000000089e+00 -2.649999999999999903e-04 -1.516999999999999902e-03 9.999989999999999712e-01 -2.718309999999999893e-01 9.623439999999999772e-01 1.387999999999999911e-03 -9.623450000000000060e-01 -2.718300000000000161e-01 -6.669999999999999497e-04
4.000000000000000000e+00 2.600000000000000000e+01 6.400000000000000000e+01 0.000000000000000000e+00 1.600000000000000089e+00 -1.015999999999999976e-03 9.110000000000000259e-04 9.999989999999999712e-01 -3.523800000000000265e-01 9.358560000000000212e-01 -1.211000000000000054e-03 -9.358560000000000212e-01 -3.523809999999999998e-01 -6.290000000000000018e-04
