2.000000000000000000e+00 2.500000000000000000e+01 1.000000000000000000e+00 0.000000000000000000e+00 1.600000000000000089e+00 -1.087999999999999991e-03 -9.806999999999999745e-03 -9.999510000000000343e-01 -5.293550000000000200e-01 -8.483540000000000525e-01 8.895999999999999394e-03 -8.484000000000000430e-01 5.293390000000000040e-01 -4.268000000000000092e-03
9.000000000000000000e+00 2.500000000000000000e+01 1.000000000000000000e+00 0.000000000000000000e+00 1.600000000000000089e+00 -1.900000000000000105e-05 -1.536000000000000039e-03 -9.999989999999999712e-01 -5.300829999999999709e-01 -8.479449999999999488e-01 1.312000000000000015e-03 -8.479459999999999775e-01 5.300829999999999709e-01 -7.979999999999999897e-04
1.600000000000000000e+01 2.500000000000000000e+01 1.000000000000000000e+00 0.000000000000000000e+00 1.600000000000000089e+00 -3.399999999999999973e-05 -1.201999999999999943e-03 -9.999989999999999712e-01 -5.304079999999999906e-01 -8.477419999999999956e-01 1.036999999999999944e-03 -8.477430000000000243e-01 5.304079999999999906e-01 -6.089999999999999494e-04
1.300000000000000000e+01 3.000000000000000000e+00 4.000000000000000000e+00 0.000000000000000000e+00 1.600000000000000089e+00 -1.215640000000000054e-01 -3.328699999999999715e-02 -9.920250000000000457e-01 -8.339860000000000051e-01 -5.385199999999999987e-01 1.202669999999999989e-01 -5.382280000000000397e-01 8.419550000000000090e-01 3.770400000000000140e-02
2.000000000000000000e+00 1.500000000000000000e+01 4.000000000000000000e+00 0.000000000000000000e+00 1.600000000000000089e+00 -1.515999999999999986e-03 -9.591000000000000567e-03 9.999529999999999808e-01 3.209960000000000035e-01 -9.470420000000000504e-01 -8.597000000000000475e-03 9.470790000000000042e-01 3.209679999999999755e-01 4.513999999999999783e-03
7.000000000000000000e+00 1.500000000000000000e+01 4.000000000000000000e+00 0.000000000000000000e+00 1.600000000000000089e+00 2.420000000000000005e-04 -1.015699999999999936e-02 9.999479999999999480e-01 3.157260000000000066e-01 -9.488010000000000055e-01 -9.714000000000000412e-03 9.488510000000000000e-01 3.157119999999999926e-01 2.977000000000000045e-03
1.900000000000000000e+01 1.500000000000000000e+01 4.000000000000000000e+00 0.000000000000000000e+00 1.600000000000000089e+00 -3.429999999999999889e-04 5.321000000000000209e-03 9.999860000000000415e-01 3.210089999999999888e-01 -9.470619999999999594e-01 5.148999999999999931e-03 9.470760000000000289e-01 3.210060000000000136e-01 -1.382999999999999898e-03
2.400000000000000000e+01 1.500000000000000000e+01 4.000000000000000000e+00 0.000000000000000000e+00 1.600000000000000089e+00 -3.563999999999999894e-03 -4.923000000000000292e-03 9.999820000000000375e-01 3.182579999999999854e-01 -9.479980000000000073e-01 -3.533000000000000116e-03 9.479980000000000073e-01 3.182389999999999941e-01 4.945999999999999876e-03
2.800000000000000000e+01 1.500000000000000000e+01 4.000000000000000000e+00 0.000000000000000000e+00 1.600000000000000089e+00 -9.669999999999999776e-04 -2.239999999999999804e-03 9.999970000000000248e-01 3.195779999999999732e-01 -9.475580000000000114e-01 -1.812999999999999941e-03 9.475590000000000401e-01 3.195760000000000267e-01 1.631999999999999987e-03
1.200000000000000000e+01 1.600000000000000000e+01 4.000000000000000000e+00 0.000000000000000000e+00 1.600000000000000089e+00 3.572999999999999787e-03 -2.494000000000000123e-03 9.999909999999999632e-01 3.951709999999999945e-01 -9.185999999999999721e-01 -3.703000000000000128e-03 9.186010000000000009e-01 3.951799999999999757e-01 -2.295999999999999864e-03
2.000000000000000000e+00 1.010000000000000000e+02 7.000000000000000000e+00 0.000000000000000000e+00 1.600000000000000089e+00 2.716999999999999797e-03 -6.480999999999999782e-03 9.999749999999999472e-01 8.880059999999999620e-01 4.598309999999999897e-01 5.680000000000000370e-04 -4.598240000000000105e-01 8.879829999999999668e-01 7.004999999999999942e-03
1.700000000000000000e+01 1.010000000000000000e+02 7.000000000000000000e+00 0.000000000000000000e+00 1.600000000000000089e+00 -6.139999999999999625e-04 4.112000000000000204e-03 9.999909999999999632e-01 8.895880000000000454e-01 4.567629999999999746e-01 -1.332000000000000068e-03 -4.567640000000000033e-01 8.895790000000000086e-01 -3.937999999999999660e-03
2.100000000000000000e+01 1.010000000000000000e+02 7.000000000000000000e+00 0.000000000000000000e+00 1.600000000000000089e+00 -1.890000000000000133e-04 4.475999999999999944e-03 9.999900000000000455e-01 8.894130000000000091e-01 4.571000000000000063e-01 -1.877999999999999895e-03 -4.571040000000000103e-01 8.894039999999999724e-01 -4.067999999999999568e-03
2.700000000000000000e+01 1.010000000000000000e+02 7.000000000000000000e+00 0.000000000000000000e+00 1.600000000000000089e+00 -5.710000000000000015e-04 3.243999999999999922e-03 9.999949999999999672e-01 8.896749999999999936e-01 4.565919999999999979e-01 -9.730000000000000151e-04 -4.565930000000000266e-01 8.896699999999999608e-01 -3.147000000000000058e-03
5.000000000000000000e+00 2.500000000000000000e+01 8.000000000000000000e+00 0.000000000000000000e+00 1.600000000000000089e+00 -7.209999999999999612e-04 5.655000000000000304e-03 -9.999839999999999840e-01 4.441490000000000160e-01 8.959399999999999586e-01 4.746000000000000218e-03 8.959519999999999706e-01 -4.441390000000000060e-01 -3.158000000000000217e-03
1.200000000000000000e+01 2.500000000000000000e+01 8.000000000000000000e+00 0.000000000000000000e+00 1.600000000000000089e+00 1.049999999999999935e-03 -1.819000000000000087e-03 -9.999980000000000535e-01 4.449250000000000149e-01 8.955670000000000019e-01 -1.162000000000000055e-03 8.955670000000000019e-01 -4.449230000000000129e-01 1.750000000000000036e-03
1.400000000000000000e+01 2.500000000000000000e+01 8.000000000000000000e+00 0.000000000000000000e+00 1.600000000000000089e+00 3.559999999999999797e-04 1.299999999999999920e-05 -1.000000000000000000e+00 4.451109999999999789e-01 8.954760000000000497e-01 1.700000000000000122e-04 8.954750000000000210e-01 -4.451109999999999789e-01 3.130000000000000187e-04
2.500000000000000000e+01 2.500000000000000000e+01 8.000000000000000000e+00 0.000000000000000000e+00 1.600000000000000089e+00 7.950000000000000252e-04 6.089999999999999494e-04 -1.000000000000000000e+00 4.478650000000000131e-01 8.941000000000000059e-01 9.009999999999999997e-04 8.941010000000000346e-01 -4.478659999999999863e-01 4.380000000000000213e-04
6.000000000000000000e+00 2.400000000000000000e+01 9.000000000000000000e+00 0.000000000000000000e+00 1.600000000000000089e+00 -1.939999999999999993e-04 6.804000000000000152e-03 -9.999770000000000048e-01 4.496589999999999754e-01 8.931799999999999740e-01 5.989999999999999665e-03 8.931999999999999940e-01 -4.496479999999999921e-01 -3.232000000000000064e-03
1.100000000000000000e+01 2.400000000000000000e+01 9.000000000000000000e+00 0.000000000000000000e+00 1.600000000000000089e+00 9.110000000000000259e-04 -3.272000000000000169e-03 -9.999940000000000495e-01 4.509560000000000235e-01 8.925429999999999753e-01 -2.508999999999999946e-03 8.925459999999999505e-01 -4.509509999999999907e-01 2.288000000000000103e-03
1.500000000000000000e+01 2.400000000000000000e+01 9.000000000000000000e+00 0.000000000000000000e+00 1.600000000000000089e+00 -1.039999999999999936e-04 7.690000000000000438e-04 -1.000000000000000000e+00 4.511800000000000255e-01 8.924330000000000318e-01 6.400000000000000524e-04 8.924330000000000318e-01 -4.511800000000000255e-01 -4.400000000000000157e-04
2.200000000000000000e+01 2.400000000000000000e+01 9.000000000000000000e+00 0.000000000000000000e+00 1.600000000000000089e+00 -2.190000000000000106e-04 9.009999999999999997e-04 -1.000000000000000000e+00 4.521049999999999791e-01 8.919650000000000079e-01 7.050000000000000060e-04 8.919650000000000079e-01 -4.521040000000000059e-01 -6.030000000000000204e-04
2.700000000000000000e+01 2.400000000000000000e+01 9.000000000000000000e+00 0.000000000000000000e+00 1.600000000000000089e+00 5.910000000000000539e-04 3.285999999999999859e-03 -9.999940000000000495e-01 4.533309999999999840e-01 8.913360000000000172e-01 3.197000000000000189e-03 8.913419999999999677e-01 -4.533309999999999840e-01 -9.629999999999999888e-04
8.000000000000000000e+00 3.100000000000000000e+01 1.200000000000000000e+01 0.000000000000000000e+00 1.600000000000000089e+00 2.348999999999999960e-03 -3.167000000000000110e-03 9.999919999999999920e-01 -5.802999999999999999e-03 9.999780000000000335e-01 3.180000000000000101e-03 -9.999799999999999800e-01 -5.810000000000000060e-03 2.331000000000000173e-03
1.800000000000000000e+01 3.100000000000000000e+01 1.200000000000000000e+01 0.000000000000000000e+00 1.600000000000000089e+00 -8.589999999999999546e-04 -1.955999999999999839e-03 9.999980000000000535e-01 5.730000000000000501e-04 9.999980000000000535e-01 1.955999999999999839e-03 -9.999989999999999712e-01 5.749999999999999903e-04 -8.580000000000000387e-04
2.500000000000000000e+01 3.100000000000000000e+01 1.200000000000000000e+01 0.000000000000000000e+00 1.600000000000000089e+00 6.579999999999999478e-04 2.328000000000000208e-03 9.999970000000000248e-01 3.809999999999999910e-04 9.999970000000000248e-01 -2.328000000000000208e-03 -1.000000000000000000e+00 3.829999999999999854e-04 6.570000000000000319e-04
2.900000000000000000e+01 3.100000000000000000e+01 1.200000000000000000e+01 0.000000000000000000e+00 1.600000000000000089e+00 1.662999999999999982e-03 5.684999999999999949e-03 9.999820000000000375e-01 2.393000000000000162e-03 9.999810000000000088e-01 -5.688999999999999613e-03 -9.999959999999999960e-01 2.402000000000000055e-03 1.649000000000000075e-03
3.000000000000000000e+00 3.500000000000000000e+01 1.200000000000000000e+01 0.000000000000000000e+00 1.600000000000000089e+00 -8.610000000000000032e-04 -3.288000000000000124e-03 -9.999940000000000495e-01 5.232240000000000224e-01 -8.521919999999999495e-01 2.351999999999999924e-03 -8.521940000000000071e-01 -5.232189999999999896e-01 2.454000000000000018e-03
1.000000000000000000e+01 3.500000000000000000e+01 1.200000000000000000e+01 0.000000000000000000e+00 1.600000000000000089e+00 2.272999999999999847e-03 6.405000000000000103e-03 -9.999770000000000048e-01 5.385590000000000099e-01 -8.425780000000000491e-01 -4.172999999999999626e-03 -8.425850000000000284e-01 -5.385370000000000434e-01 -5.364999999999999977e-03
1.300000000000000000e+01 3.500000000000000000e+01 1.200000000000000000e+01 0.000000000000000000e+00 1.600000000000000089e+00 7.420000000000000380e-04 4.720000000000000237e-03 -9.999890000000000168e-01 5.482970000000000343e-01 -8.362760000000000193e-01 -3.540000000000000178e-03 -8.362829999999999986e-01 -5.482879999999999976e-01 -3.207999999999999914e-03
1.700000000000000000e+01 3.500000000000000000e+01 1.200000000000000000e+01 0.000000000000000000e+00 1.600000000000000089e+00 -4.335999999999999577e-03 4.873999999999999860e-03 -9.999789999999999512e-01 5.591089999999999671e-01 -8.290689999999999449e-01 -6.465000000000000260e-03 -8.290830000000000144e-01 -5.591249999999999831e-01 8.689999999999999808e-04
2.400000000000000000e+01 3.500000000000000000e+01 1.200000000000000000e+01 0.000000000000000000e+00 1.600000000000000089e+00 -9.510000000000000224e-04 6.553999999999999930e-03 -9.999780000000000335e-01 5.792650000000000299e-01 -8.151180000000000092e-01 -5.892999999999999801e-03 -8.151389999999999469e-01 -5.792580000000000506e-01 -3.020999999999999814e-03
2.800000000000000000e+01 3.500000000000000000e+01 1.200000000000000000e+01 0.000000000000000000e+00 1.600000000000000089e+00 1.273000000000000043e-03 4.525000000000000376e-03 -9.999890000000000168e-01 5.889699999999999935e-01 -8.081500000000000350e-01 -2.907999999999999995e-03 -8.081540000000000390e-01 -5.889590000000000103e-01 -3.693999999999999801e-03
3.000000000000000000e+00 1.070000000000000000e+02 1.300000000000000000e+01 0.000000000000000000e+00 1.600000000000000089e+00 1.068700000000000032e-02 6.785000000000000232e-03 9.999200000000000310e-01 -9.954269999999999508e-01 9.499900000000000011e-02 9.995000000000000412e-03 -9.492399999999999449e-02 -9.954539999999999500e-01 7.768999999999999864e-03
1.300000000000000000e+01 3.200000000000000000e+01 1.400000000000000000e+01 0.000000000000000000e+00 1.600000000000000089e+00 -1.286000000000000034e-03 2.445000000000000125e-03 -9.999959999999999960e-01 9.983200000000000407e-02 9.950020000000000531e-01 2.304000000000000058e-03 9.950029999999999708e-01 -9.982900000000000107e-02 -1.523999999999999964e-03
1.900000000000000000e+01 3.200000000000000000e+01 1.400000000000000000e+01 0.000000000000000000e+00 1.600000000000000089e+00 2.135999999999999878e-03 -1.693999999999999976e-03 -9.999959999999999960e-01 1.027669999999999972e-01 9.947040000000000326e-01 -1.464999999999999939e-03 9.947030000000000038e-01 -1.027629999999999932e-01 2.298999999999999828e-03
3.000000000000000000e+00 1.200000000000000000e+01 1.500000000000000000e+01 0.000000000000000000e+00 1.600000000000000089e+00 -1.214000000000000018e-03 -2.946999999999999967e-03 -9.999949999999999672e-01 -4.657069999999999821e-01 -8.849329999999999696e-01 3.173000000000000039e-03 -8.849380000000000024e-01 4.657080000000000108e-01 -2.979999999999999793e-04
9.000000000000000000e+00 1.200000000000000000e+01 1.500000000000000000e+01 0.000000000000000000e+00 1.600000000000000089e+00 1.304000000000000038e-03 -1.685000000000000083e-03 -9.999980000000000535e-01 -4.669499999999999762e-01 -8.842830000000000412e-01 8.809999999999999472e-04 -8.842830000000000412e-01 4.669470000000000010e-01 -1.940000000000000101e-03
1.800000000000000000e+01 1.200000000000000000e+01 1.500000000000000000e+01 0.000000000000000000e+00 1.600000000000000089e+00 3.420000000000000188e-04 -6.860999999999999911e-03 -9.999759999999999760e-01 -4.732450000000000268e-01 -8.809109999999999996e-01 5.882000000000000076e-03 -8.809310000000000196e-01 4.732319999999999860e-01 -3.547999999999999939e-03
2.400000000000000000e+01 1.200000000000000000e+01 1.500000000000000000e+01 0.000000000000000000e+00 1.600000000000000089e+00 1.134999999999999941e-03 3.467000000000000030e-03 -9.999930000000000208e-01 -4.717509999999999759e-01 -8.817249999999999810e-01 -3.592000000000000141e-03 -8.817310000000000425e-01 4.717520000000000047e-01 6.350000000000000392e-04
3.000000000000000000e+00 1.100000000000000000e+01 1.600000000000000000e+01 0.000000000000000000e+00 1.600000000000000089e+00 -6.740000000000000114e-04 -3.641000000000000139e-03 -9.999930000000000208e-01 -4.070309999999999762e-01 -9.134069999999999689e-01 3.599999999999999901e-03 -9.134139999999999482e-01 4.070309999999999762e-01 -8.670000000000000406e-04
7.000000000000000000e+00 1.100000000000000000e+01 1.600000000000000000e+01 0.000000000000000000e+00 1.600000000000000089e+00 1.195000000000000099e-03 -4.774999999999999731e-03 -9.999879999999999880e-01 -4.086790000000000145e-01 -9.126699999999999813e-01 3.870000000000000176e-03 -9.126769999999999605e-01 4.086699999999999777e-01 -3.041999999999999999e-03
1.300000000000000000e+01 1.100000000000000000e+01 1.600000000000000000e+01 0.000000000000000000e+00 1.600000000000000089e+00 1.701000000000000038e-03 2.997999999999999797e-03 -9.999940000000000495e-01 -4.125130000000000186e-01 -9.109450000000000047e-01 -3.432999999999999854e-03 -9.109500000000000375e-01 4.125170000000000226e-01 -3.130000000000000187e-04
1.900000000000000000e+01 1.100000000000000000e+01 1.600000000000000000e+01 0.000000000000000000e+00 1.600000000000000089e+00 4.730000000000000046e-04 -6.086000000000000264e-03 -9.999810000000000088e-01 -4.158729999999999927e-01 -9.094069999999999654e-01 5.337999999999999863e-03 -9.094229999999999814e-01 4.158629999999999827e-01 -2.961999999999999789e-03
2.500000000000000000e+01 1.100000000000000000e+01 1.600000000000000000e+01 0.000000000000000000e+00 1.600000000000000089e+00 5.550000000000000462e-04 2.292999999999999899e-03 -9.999970000000000248e-01 -4.169829999999999925e-01 -9.089110000000000245e-01 -2.314999999999999784e-03 -9.089139999999999997e-01 4.169829999999999925e-01 4.519999999999999821e-04
3.000000000000000000e+00 1.160000000000000000e+02 1.600000000000000000e+01 0.000000000000000000e+00 1.600000000000000089e+00 2.059999999999999928e-04 4.020000000000000136e-04 1.000000000000000000e+00 7.663229999999999764e-01 6.424560000000000271e-01 -4.159999999999999744e-04 -6.424560000000000271e-01 7.663229999999999764e-01 -1.759999999999999954e-04
7.000000000000000000e+00 1.160000000000000000e+02 1.600000000000000000e+01 0.000000000000000000e+00 1.600000000000000089e+00 3.400000000000000244e-04 -1.003999999999999901e-03 9.999989999999999712e-01 7.612409999999999455e-01 6.484689999999999621e-01 3.919999999999999873e-04 -6.484689999999999621e-01 7.612409999999999455e-01 9.849999999999999815e-04
2.200000000000000000e+01 1.160000000000000000e+02 1.600000000000000000e+01 0.000000000000000000e+00 1.600000000000000089e+00 1.748999999999999904e-03 1.100999999999999982e-03 9.999980000000000535e-01 7.890949999999999909e-01 6.142680000000000362e-01 -2.056000000000000102e-03 -6.142689999999999539e-01 7.890970000000000484e-01 2.049999999999999956e-04
2.400000000000000000e+01 1.160000000000000000e+02 1.600000000000000000e+01 0.000000000000000000e+00 1.600000000000000089e+00 1.582000000000000073e-03 5.010000000000000347e-04 9.999989999999999712e-01 7.849089999999999678e-01 6.196089999999999653e-01 -1.551999999999999994e-03 -6.196089999999999653e-01 7.849110000000000253e-01 5.869999999999999567e-04
3.000000000000000000e+00 2.000000000000000000e+00 1.900000000000000000e+01 0.000000000000000000e+00 1.600000000000000089e+00 -6.592999999999999902e-03 -3.146499999999999991e-02 -9.994830000000000103e-01 2.730819999999999914e-01 -9.615690000000000071e-01 2.846999999999999878e-02 -9.619680000000000453e-01 -2.727530000000000232e-01 1.493200000000000083e-02
1.100000000000000000e+01 2.000000000000000000e+00 1.900000000000000000e+01 0.000000000000000000e+00 1.600000000000000089e+00 7.759000000000000272e-03 -2.960799999999999890e-02 -9.995319999999999760e-01 2.609460000000000113e-01 -9.648679999999999479e-01 3.060699999999999879e-02 -9.653220000000000134e-01 -2.610609999999999875e-01 2.390000000000000089e-04
1.400000000000000000e+01 2.000000000000000000e+00 1.900000000000000000e+01 0.000000000000000000e+00 1.600000000000000089e+00 1.367799999999999919e-02 -1.987600000000000131e-02 -9.997089999999999588e-01 2.544680000000000275e-01 -9.668149999999999800e-01 2.270300000000000096e-02 -9.669839999999999547e-01 -2.547039999999999860e-01 -8.167000000000000648e-03
1.800000000000000000e+01 2.000000000000000000e+00 1.900000000000000000e+01 0.000000000000000000e+00 1.600000000000000089e+00 1.396200000000000045e-02 4.325999999999999984e-03 -9.998930000000000318e-01 2.451389999999999958e-01 -9.694880000000000164e-01 -7.720000000000000083e-04 -9.693869999999999987e-01 -2.451019999999999865e-01 -1.459700000000000060e-02
2.700000000000000000e+01 2.000000000000000000e+00 1.900000000000000000e+01 0.000000000000000000e+00 1.600000000000000089e+00 9.129999999999999227e-03 -1.147500000000000082e-02 -9.998920000000000030e-01 2.286759999999999904e-01 -9.734120000000000550e-01 1.325899999999999995e-02 -9.734599999999999920e-01 -2.287730000000000041e-01 -6.263000000000000338e-03
1.900000000000000000e+01 3.000000000000000000e+00 1.900000000000000000e+01 0.000000000000000000e+00 1.600000000000000089e+00 1.442399999999999932e-02 8.370999999999999969e-03 -9.998609999999999998e-01 2.558570000000000011e-01 -9.667050000000000365e-01 -4.402999999999999796e-03 -9.666069999999999940e-01 -2.557579999999999854e-01 -1.608499999999999860e-02
2.100000000000000000e+01 3.000000000000000000e+00 1.900000000000000000e+01 0.000000000000000000e+00 1.600000000000000089e+00 9.383000000000000715e-03 1.131300000000000014e-02 -9.998920000000000030e-01 2.427970000000000128e-01 -9.700379999999999558e-01 -8.696999999999999870e-03 -9.700320000000000054e-01 -2.426889999999999881e-01 -1.184900000000000016e-02
1.800000000000000000e+01 4.000000000000000000e+00 2.000000000000000000e+01 0.000000000000000000e+00 1.600000000000000089e+00 7.577000000000000401e-03 1.073299999999999949e-02 -9.999139999999999695e-01 3.895649999999999946e-01 -9.209730000000000416e-01 -6.934000000000000059e-03 -9.209680000000000089e-01 -3.894790000000000196e-01 -1.115999999999999978e-02
2.100000000000000000e+01 4.000000000000000000e+00 2.000000000000000000e+01 0.000000000000000000e+00 1.600000000000000089e+00 1.044000000000000006e-03 1.561099999999999988e-02 -9.998780000000000445e-01 3.657630000000000048e-01 -9.306010000000000115e-01 -1.414800000000000085e-02 -9.307069999999999510e-01 -3.657030000000000003e-01 -6.681000000000000306e-03
4.000000000000000000e+00 1.300000000000000000e+01 2.000000000000000000e+01 0.000000000000000000e+00 1.600000000000000089e+00 9.049999999999999885e-04 1.356000000000000000e-03 9.999989999999999712e-01 2.593250000000000277e-01 9.657890000000000086e-01 -1.544000000000000017e-03 -9.657900000000000373e-01 2.593260000000000010e-01 5.220000000000000031e-04
1.000000000000000000e+01 1.300000000000000000e+01 2.000000000000000000e+01 0.000000000000000000e+00 1.600000000000000089e+00 -6.800000000000000488e-04 -2.021999999999999926e-03 9.999980000000000535e-01 2.591840000000000255e-01 9.658259999999999623e-01 2.128999999999999816e-03 -9.658280000000000198e-01 2.591849999999999987e-01 -1.320000000000000101e-04
1.400000000000000000e+01 1.300000000000000000e+01 2.000000000000000000e+01 0.000000000000000000e+00 1.600000000000000089e+00 3.009999999999999980e-04 -2.096000000000000207e-03 9.999980000000000535e-01 2.608969999999999900e-01 9.653650000000000286e-01 1.943999999999999981e-03 -9.653669999999999751e-01 2.608960000000000168e-01 8.379999999999999862e-04
2.000000000000000000e+01 1.300000000000000000e+01 2.000000000000000000e+01 0.000000000000000000e+00 1.600000000000000089e+00 2.109000000000000197e-03 2.972999999999999948e-03 9.999930000000000208e-01 2.596169999999999867e-01 9.657059999999999533e-01 -3.418000000000000031e-03 -9.657090000000000396e-01 2.596229999999999927e-01 1.265000000000000065e-03
2.400000000000000000e+01 1.300000000000000000e+01 2.000000000000000000e+01 0.000000000000000000e+00 1.600000000000000089e+00 6.989999999999999686e-04 2.152999999999999966e-03 9.999970000000000248e-01 2.585790000000000033e-01 9.659879999999999578e-01 -2.260999999999999989e-03 -9.659900000000000153e-01 2.585799999999999765e-01 1.179999999999999951e-04
1.700000000000000000e+01 5.000000000000000000e+01 2.200000000000000000e+01 0.000000000000000000e+00 1.600000000000000089e+00 3.941000000000000059e-03 3.386000000000000121e-03 -9.999869999999999592e-01 -5.766289999999999472e-01 8.170060000000000100e-01 4.939999999999999730e-04 8.169960000000000555e-01 5.766200000000000214e-01 5.172000000000000382e-03
2.000000000000000000e+00 3.000000000000000000e+00 2.500000000000000000e+01 0.000000000000000000e+00 1.600000000000000089e+00 5.040000000000000209e-03 -9.560000000000000789e-03 9.999419999999999975e-01 -4.592600000000000154e-02 -9.989010000000000389e-01 -9.317999999999999894e-03 9.989320000000000421e-01 -4.587600000000000011e-02 -5.473999999999999699e-03
8.000000000000000000e+00 3.000000000000000000e+00 2.500000000000000000e+01 0.000000000000000000e+00 1.600000000000000089e+00 -9.169999999999999549e-04 -4.943000000000000345e-03 9.999869999999999592e-01 -4.791299999999999726e-02 -9.988390000000000324e-01 -4.982000000000000317e-03 9.988510000000000444e-01 -4.791700000000000126e-02 6.790000000000000245e-04
1.400000000000000000e+01 3.000000000000000000e+00 2.500000000000000000e+01 0.000000000000000000e+00 1.600000000000000089e+00 6.040000000000000447e-04 -1.706000000000000051e-03 9.999980000000000535e-01 -3.358799999999999980e-02 -9.994340000000000446e-01 -1.683999999999999950e-03 9.994359999999999911e-01 -3.358699999999999880e-02 -6.610000000000000207e-04
1.600000000000000000e+01 3.000000000000000000e+00 2.500000000000000000e+01 0.000000000000000000e+00 1.600000000000000089e+00 1.686999999999999915e-03 -1.289999999999999914e-04 9.999989999999999712e-01 -3.076999999999999874e-02 -9.995270000000000543e-01 -7.700000000000000139e-05 9.995249999999999968e-01 -3.076999999999999874e-02 -1.690000000000000096e-03
2.100000000000000000e+01 3.000000000000000000e+00 2.500000000000000000e+01 0.000000000000000000e+00 1.600000000000000089e+00 -1.155999999999999910e-03 7.178999999999999618e-03 9.999740000000000295e-01 -2.346399999999999875e-02 -9.996990000000000043e-01 7.150000000000000105e-03 9.997239999999999460e-01 -2.345500000000000015e-02 1.324000000000000090e-03
2.400000000000000000e+01 3.000000000000000000e+00 2.500000000000000000e+01 0.000000000000000000e+00 1.600000000000000089e+00 -5.923999999999999579e-03 2.004699999999999885e-02 9.997810000000000308e-01 -1.939700000000000105e-02 -9.996129999999999738e-01 1.992800000000000127e-02 9.997939999999999605e-01 -1.927500000000000047e-02 6.310999999999999770e-03
2.000000000000000000e+00 4.600000000000000000e+01 3.000000000000000000e+01 0.000000000000000000e+00 1.600000000000000089e+00 3.620000000000000171e-04 -2.217999999999999920e-03 -9.999970000000000248e-01 3.273150000000000226e-01 9.449130000000000029e-01 -1.978000000000000157e-03 9.449149999999999494e-01 -3.273139999999999938e-01 1.067999999999999939e-03
8.000000000000000000e+00 4.600000000000000000e+01 3.000000000000000000e+01 0.000000000000000000e+00 1.600000000000000089e+00 2.177000000000000116e-03 1.351999999999999903e-03 -9.999970000000000248e-01 3.303789999999999782e-01 9.438459999999999628e-01 1.995999999999999944e-03 9.438459999999999628e-01 -3.303829999999999822e-01 1.608000000000000054e-03
3.000000000000000000e+00 5.800000000000000000e+01 3.100000000000000000e+01 0.000000000000000000e+00 1.600000000000000089e+00 -1.016999999999999892e-03 -5.017999999999999891e-03 9.999869999999999592e-01 -7.653039999999999843e-01 -6.436570000000000347e-01 -4.008000000000000278e-03 6.436680000000000179e-01 -7.652980000000000338e-01 -3.186000000000000030e-03
7.000000000000000000e+00 5.800000000000000000e+01 3.100000000000000000e+01 0.000000000000000000e+00 1.600000000000000089e+00 -1.582999999999999989e-03 -3.864999999999999946e-03 9.999909999999999632e-01 -7.687869999999999981e-01 -6.394940000000000069e-01 -3.687999999999999872e-03 6.395030000000000436e-01 -7.687859999999999694e-01 -1.958999999999999804e-03
9.000000000000000000e+00 5.800000000000000000e+01 3.100000000000000000e+01 0.000000000000000000e+00 1.600000000000000089e+00 -1.234999999999999987e-03 -3.807000000000000054e-03 9.999919999999999920e-01 -7.693630000000000191e-01 -6.388030000000000097e-01 -3.382000000000000024e-03 6.388110000000000177e-01 -7.693609999999999616e-01 -2.139999999999999975e-03
1.700000000000000000e+01 5.800000000000000000e+01 3.100000000000000000e+01 0.000000000000000000e+00 1.600000000000000089e+00 1.262000000000000101e-03 -1.301999999999999989e-03 9.999980000000000535e-01 -7.748850000000000460e-01 -6.321020000000000527e-01 1.550000000000000000e-04 6.321010000000000240e-01 -7.748840000000000172e-01 -1.806000000000000097e-03
2.500000000000000000e+01 5.800000000000000000e+01 3.100000000000000000e+01 0.000000000000000000e+00 1.600000000000000089e+00 -3.261000000000000010e-03 -4.960000000000000216e-04 9.999949999999999672e-01 -7.764929999999999888e-01 -6.301189999999999847e-01 -2.844000000000000174e-03 6.301170000000000382e-01 -7.764980000000000215e-01 1.670000000000000043e-03
3.000000000000000000e+01 5.800000000000000000e+01 3.100000000000000000e+01 0.000000000000000000e+00 1.600000000000000089e+00 1.100000000000000039e-04 -2.347999999999999827e-03 9.999970000000000248e-01 -7.799939999999999651e-01 -6.257850000000000357e-01 -1.382999999999999898e-03 6.257869999999999822e-01 -7.799920000000000186e-01 -1.899999999999999996e-03
3.000000000000000000e+00 4.600000000000000000e+01 3.500000000000000000e+01 0.000000000000000000e+00 1.600000000000000089e+00 1.160000000000000007e-04 -2.955999999999999860e-03 -9.999959999999999960e-01 3.916600000000000081e-01 -9.201059999999999794e-01 2.765000000000000097e-03 -9.201099999999999834e-01 -3.916589999999999794e-01 1.051000000000000068e-03
7.000000000000000000e+00 4.600000000000000000e+01 3.500000000000000000e+01 0.000000000000000000e+00 1.600000000000000089e+00 -1.769999999999999926e-04 -1.087000000000000076e-03 -9.999989999999999712e-01 3.912619999999999987e-01 -9.202789999999999582e-01 9.309999999999999699e-04 -9.202789999999999582e-01 -3.912619999999999987e-01 5.879999999999999810e-04
1.400000000000000000e+01 4.600000000000000000e+01 3.500000000000000000e+01 0.000000000000000000e+00 1.600000000000000089e+00 -3.959999999999999762e-04 -2.436999999999999930e-03 -9.999970000000000248e-01 3.903030000000000110e-01 -9.206839999999999469e-01 2.089000000000000145e-03 -9.206860000000000044e-01 -3.903010000000000090e-01 1.315999999999999896e-03
2.000000000000000000e+01 4.600000000000000000e+01 3.500000000000000000e+01 0.000000000000000000e+00 1.600000000000000089e+00 -2.649999999999999903e-04 -7.749999999999999728e-04 -1.000000000000000000e+00 3.908570000000000100e-01 -9.204510000000000192e-01 6.099999999999999737e-04 -9.204510000000000192e-01 -3.908570000000000100e-01 5.469999999999999602e-04
2.300000000000000000e+01 4.600000000000000000e+01 3.500000000000000000e+01 0.000000000000000000e+00 1.600000000000000089e+00 -2.990000000000000036e-04 3.062000000000000052e-03 -9.999949999999999672e-01 3.913769999999999749e-01 -9.202259999999999884e-01 -2.935000000000000109e-03 -9.202310000000000212e-01 -3.913760000000000017e-01 -9.229999999999999923e-04
2.800000000000000000e+01 4.600000000000000000e+01 3.500000000000000000e+01 0.000000000000000000e+00 1.600000000000000089e+00 -1.800000000000000113e-04 9.219999999999999680e-04 -1.000000000000000000e+00 3.919830000000000259e-01 -9.199720000000000120e-01 -9.190000000000000035e-04 -9.199730000000000407e-01 -3.919830000000000259e-01 -1.949999999999999965e-04
3.000000000000000000e+00 3.000000000000000000e+00 4.300000000000000000e+01 0.000000000000000000e+00 1.600000000000000089e+00 -4.249999999999999763e-04 2.167399999999999882e-02 -9.997650000000000148e-01 7.513800000000000479e-01 -6.597079999999999611e-01 -1.462100000000000032e-02 -6.598699999999999566e-01 -7.512090000000000156e-01 -1.600499999999999839e-02
9.000000000000000000e+00 3.000000000000000000e+00 4.300000000000000000e+01 0.000000000000000000e+00 1.600000000000000089e+00 -4.850000000000000253e-04 6.572999999999999850e-03 -9.999780000000000335e-01 7.408869999999999623e-01 -6.716119999999999868e-01 -4.773999999999999598e-03 -6.716290000000000315e-01 -7.408740000000000325e-01 -4.544000000000000296e-03
1.000000000000000000e+00 8.000000000000000000e+00 4.400000000000000000e+01 0.000000000000000000e+00 1.600000000000000089e+00 3.578000000000000017e-03 5.243000000000000264e-03 9.999799999999999800e-01 -7.887420000000000542e-01 -6.146949999999999914e-01 6.045000000000000026e-03 6.147139999999999826e-01 -7.887480000000000047e-01 1.936000000000000004e-03
6.000000000000000000e+00 8.000000000000000000e+00 4.400000000000000000e+01 0.000000000000000000e+00 1.600000000000000089e+00 3.867000000000000211e-03 5.121999999999999817e-03 9.999789999999999512e-01 -7.893289999999999473e-01 -6.139400000000000412e-01 6.197000000000000251e-03 6.139590000000000325e-01 -7.893360000000000376e-01 1.668999999999999911e-03
1.000000000000000000e+01 8.000000000000000000e+00 4.400000000000000000e+01 0.000000000000000000e+00 1.600000000000000089e+00 2.116999999999999958e-03 3.811000000000000151e-03 9.999909999999999632e-01 -7.904290000000000482e-01 -6.125399999999999734e-01 4.008000000000000278e-03 6.125500000000000389e-01 -7.904299999999999660e-01 1.716000000000000077e-03
5.000000000000000000e+00 2.900000000000000000e+01 4.400000000000000000e+01 0.000000000000000000e+00 1.600000000000000089e+00 9.870000000000000301e-04 8.840000000000000201e-04 -9.999989999999999712e-01 6.559599999999999875e-01 7.547939999999999650e-01 1.314000000000000064e-03 7.547949999999999937e-01 -6.559610000000000163e-01 1.649999999999999991e-04
9.000000000000000000e+00 2.900000000000000000e+01 4.400000000000000000e+01 0.000000000000000000e+00 1.600000000000000089e+00 4.699999999999999724e-05 -9.110000000000000259e-04 -1.000000000000000000e+00 6.562170000000000503e-01 7.545720000000000205e-01 -6.570000000000000319e-04 7.545720000000000205e-01 -6.562170000000000503e-01 6.329999999999999906e-04
1.200000000000000000e+01 2.900000000000000000e+01 4.400000000000000000e+01 0.000000000000000000e+00 1.600000000000000089e+00 -1.101999999999999898e-03 -2.053000000000000137e-03 -9.999970000000000248e-01 6.550249999999999684e-01 7.556040000000000534e-01 -2.272999999999999847e-03 7.556070000000000286e-01 -6.550249999999999684e-01 5.119999999999999768e-04
1.800000000000000000e+01 2.900000000000000000e+01 4.400000000000000000e+01 0.000000000000000000e+00 1.600000000000000089e+00 1.502999999999999996e-03 8.859999999999999603e-04 -9.999989999999999712e-01 6.528549999999999631e-01 7.574809999999999599e-01 1.652000000000000040e-03 7.574809999999999599e-01 -6.528570000000000206e-01 5.599999999999999509e-04
2.100000000000000000e+01 2.900000000000000000e+01 4.400000000000000000e+01 0.000000000000000000e+00 1.600000000000000089e+00 -1.139000000000000038e-03 -1.265999999999999981e-03 -9.999980000000000535e-01 6.549500000000000322e-01 7.556699999999999529e-01 -1.701999999999999954e-03 7.556709999999999816e-01 -6.549509999999999499e-01 -3.199999999999999855e-05
2.500000000000000000e+01 2.900000000000000000e+01 4.400000000000000000e+01 0.000000000000000000e+00 1.600000000000000089e+00 -1.701000000000000038e-03 1.177000000000000095e-03 -9.999980000000000535e-01 6.580989999999999895e-01 7.529320000000000457e-01 -2.339999999999999958e-04 7.529299999999999882e-01 -6.580979999999999608e-01 -2.054999999999999969e-03
3.000000000000000000e+01 2.900000000000000000e+01 4.400000000000000000e+01 0.000000000000000000e+00 1.600000000000000089e+00 2.488000000000000194e-03 4.805000000000000243e-03 -9.999850000000000128e-01 6.560089999999999533e-01 7.547350000000000447e-01 5.258999999999999786e-03 7.547490000000000032e-01 -6.560120000000000395e-01 -1.273999999999999959e-03
1.500000000000000000e+01 6.500000000000000000e+01 4.600000000000000000e+01 0.000000000000000000e+00 1.600000000000000089e+00 3.213000000000000144e-03 -1.724999999999999971e-03 9.999930000000000208e-01 6.810589999999999700e-01 -7.322199999999999820e-01 -3.451000000000000074e-03 7.322210000000000107e-01 6.810659999999999492e-01 -1.177000000000000095e-03
1.000000000000000000e+01 5.000000000000000000e+00 5.100000000000000000e+01 0.000000000000000000e+00 1.600000000000000089e+00 6.710000000000000469e-04 8.592999999999999944e-03 -9.999630000000000463e-01 4.668459999999999832e-01 -8.843090000000000117e-01 -7.285999999999999942e-03 -8.843379999999999574e-01 -4.668240000000000167e-01 -4.604999999999999719e-03
2.600000000000000000e+01 5.000000000000000000e+00 5.100000000000000000e+01 0.000000000000000000e+00 1.600000000000000089e+00 1.052799999999999916e-02 -1.176699999999999968e-02 -9.998749999999999583e-01 4.670449999999999879e-01 -8.841010000000000257e-01 1.532200000000000055e-02 -8.841710000000000402e-01 -4.671480000000000077e-01 -3.811999999999999850e-03
1.700000000000000000e+01 6.000000000000000000e+00 5.100000000000000000e+01 0.000000000000000000e+00 1.600000000000000089e+00 -2.982999999999999974e-03 1.000999999999999980e-02 -9.999449999999999728e-01 2.874439999999999773e-01 -9.577400000000000357e-01 -1.044499999999999942e-02 -9.577930000000000055e-01 -2.874599999999999933e-01 -2.099999999999999884e-05
1.000000000000000000e+00 1.150000000000000000e+02 5.100000000000000000e+01 0.000000000000000000e+00 1.600000000000000089e+00 1.010999999999999963e-03 5.289999999999999564e-04 9.999989999999999712e-01 8.489449999999999497e-01 -5.284809999999999786e-01 -5.779999999999999548e-04 5.284809999999999786e-01 8.489449999999999497e-01 -9.829999999999999329e-04
1.700000000000000000e+01 7.000000000000000000e+00 5.200000000000000000e+01 0.000000000000000000e+00 1.600000000000000089e+00 -1.221000000000000080e-03 8.706000000000000197e-03 -9.999609999999999888e-01 3.952800000000000064e-02 -9.991799999999999571e-01 -8.746999999999999567e-03 -9.992180000000000506e-01 -3.953700000000000270e-02 8.760000000000000425e-04
4.000000000000000000e+00 6.300000000000000000e+01 5.400000000000000000e+01 0.000000000000000000e+00 1.600000000000000089e+00 1.734999999999999997e-03 1.680999999999999986e-03 9.999970000000000248e-01 -3.485610000000000097e-01 9.372850000000000348e-01 -9.709999999999999664e-04 -9.372840000000000060e-01 -3.485590000000000077e-01 2.211999999999999991e-03
1.300000000000000000e+01 6.300000000000000000e+01 5.400000000000000000e+01 0.000000000000000000e+00 1.600000000000000089e+00 -8.880000000000000089e-04 -5.400000000000000069e-04 9.999989999999999712e-01 -3.469920000000000226e-01 9.378680000000000350e-01 1.979999999999999881e-04 -9.378680000000000350e-01 -3.469920000000000226e-01 -1.020999999999999989e-03
1.800000000000000000e+01 6.300000000000000000e+01 5.400000000000000000e+01 0.000000000000000000e+00 1.600000000000000089e+00 1.299999999999999886e-04 2.605000000000000111e-03 9.999970000000000248e-01 -3.486029999999999962e-01 9.372669999999999613e-01 -2.396000000000000126e-03 -9.372700000000000475e-01 -3.486020000000000230e-01 1.030000000000000100e-03
2.100000000000000000e+01 6.300000000000000000e+01 5.400000000000000000e+01 0.000000000000000000e+00 1.600000000000000089e+00 1.710000000000000094e-04 4.059000000000000108e-03 9.999919999999999920e-01 -3.527500000000000080e-01 9.357100000000000417e-01 -3.738000000000000003e-03 -9.357180000000000497e-01 -3.527460000000000040e-01 1.592000000000000099e-03
2.600000000000000000e+01 6.300000000000000000e+01 5.400000000000000000e+01 0.000000000000000000e+00 1.600000000000000089e+00 -2.077999999999999986e-03 -3.173000000000000039e-03 9.999930000000000208e-01 -3.530719999999999970e-01 9.355940000000000367e-01 2.235000000000000007e-03 -9.355940000000000367e-01 -3.530650000000000177e-01 -3.063999999999999883e-03
1.700000000000000000e+01 2.500000000000000000e+01 5.500000000000000000e+01 0.000000000000000000e+00 1.600000000000000089e+00 1.435999999999999993e-03 5.839999999999999705e-03 -9.999820000000000375e-01 -1.923199999999999910e-02 -9.997979999999999645e-01 -5.866999999999999819e-03 -9.998139999999999805e-01 1.924000000000000016e-02 -1.322999999999999957e-03
2.000000000000000000e+00 1.500000000000000000e+01 5.700000000000000000e+01 0.000000000000000000e+00 1.600000000000000089e+00 3.249999999999999851e-03 5.667000000000000162e-03 -9.999789999999999512e-01 4.490790000000000060e-01 8.934680000000000399e-01 6.523000000000000152e-03 8.934860000000000024e-01 -4.490910000000000180e-01 3.589999999999999984e-04
3.000000000000000000e+00 2.100000000000000000e+01 6.000000000000000000e+01 0.000000000000000000e+00 1.600000000000000089e+00 -1.825000000000000016e-03 -5.202000000000000027e-03 9.999850000000000128e-01 -9.531799999999999995e-02 9.954340000000000410e-01 5.004999999999999900e-03 -9.954450000000000243e-01 -9.530700000000000283e-02 -2.312999999999999952e-03
7.000000000000000000e+00 2.100000000000000000e+01 6.000000000000000000e+01 0.000000000000000000e+00 1.600000000000000089e+00 -3.330000000000000169e-04 2.134000000000000046e-03 9.999980000000000535e-01 -9.550400000000000555e-02 9.954269999999999508e-01 -2.155999999999999930e-03 -9.954290000000000083e-01 -9.550500000000000655e-02 -1.279999999999999942e-04
9.000000000000000000e+00 2.100000000000000000e+01 6.000000000000000000e+01 0.000000000000000000e+00 1.600000000000000089e+00 7.919999999999999523e-04 5.047000000000000271e-03 9.999869999999999592e-01 -9.461799999999999378e-02 9.955009999999999692e-01 -4.949000000000000274e-03 -9.955129999999999812e-01 -9.461300000000000265e-02 1.265999999999999981e-03
