1.000000000000000000e+01 1.500000000000000000e+01 4.000000000000000000e+00 0.000000000000000000e+00 1.600000000000000089e+00 3.072000000000000078e-03 7.577999999999999667e-03 9.999670000000000503e-01 2.688570000000000126e-01 -9.631579999999999586e-01 6.472999999999999587e-03 9.631750000000000034e-01 2.688280000000000114e-01 -4.995999999999999573e-03
1.400000000000000000e+01 1.500000000000000000e+01 4.000000000000000000e+00 0.000000000000000000e+00 1.600000000000000089e+00 -1.717999999999999909e-03 6.641000000000000202e-03 9.999759999999999760e-01 2.723369999999999957e-01 -9.621769999999999490e-01 6.858000000000000380e-03 9.622000000000000552e-01 2.723430000000000017e-01 -1.559999999999999972e-04
8.000000000000000000e+00 1.600000000000000000e+01 4.000000000000000000e+00 0.000000000000000000e+00 1.600000000000000089e+00 2.954000000000000029e-03 -6.970000000000000284e-04 9.999949999999999672e-01 3.294670000000000099e-01 -9.441659999999999497e-01 -1.631999999999999987e-03 9.441619999999999457e-01 3.294710000000000139e-01 -2.559000000000000077e-03
2.500000000000000000e+01 1.600000000000000000e+01 4.000000000000000000e+00 0.000000000000000000e+00 1.600000000000000089e+00 7.308000000000000260e-03 -1.187700000000000040e-02 9.999029999999999863e-01 3.422339999999999827e-01 -9.395149999999999890e-01 -1.366099999999999953e-02 9.395860000000000323e-01 3.422999999999999932e-01 -2.801999999999999803e-03
4.000000000000000000e+00 1.010000000000000000e+02 7.000000000000000000e+00 0.000000000000000000e+00 1.600000000000000089e+00 2.809999999999999998e-04 1.286999999999999950e-03 9.999989999999999712e-01 8.844739999999999824e-01 4.665889999999999760e-01 -8.490000000000000368e-04 -4.665889999999999760e-01 8.844729999999999537e-01 -1.007000000000000083e-03
7.000000000000000000e+00 1.010000000000000000e+02 7.000000000000000000e+00 0.000000000000000000e+00 1.600000000000000089e+00 9.389999999999999476e-04 2.567999999999999970e-03 9.999959999999999960e-01 8.844549999999999912e-01 4.666210000000000080e-01 -2.028999999999999988e-03 -4.666239999999999832e-01 8.844539999999999624e-01 -1.832999999999999994e-03
2.300000000000000000e+01 1.010000000000000000e+02 7.000000000000000000e+00 0.000000000000000000e+00 1.600000000000000089e+00 9.169999999999999549e-04 -1.407999999999999963e-03 9.999989999999999712e-01 8.838749999999999662e-01 4.677220000000000266e-01 -1.520000000000000084e-04 -4.677209999999999979e-01 8.838740000000000485e-01 1.673000000000000008e-03
6.000000000000000000e+00 1.500000000000000000e+01 8.000000000000000000e+00 0.000000000000000000e+00 1.600000000000000089e+00 -2.746999999999999876e-03 -5.087000000000000376e-03 -9.999829999999999552e-01 -5.790459999999999496e-01 -8.152749999999999719e-01 5.738000000000000045e-03 -8.152899999999999592e-01 5.790520000000000111e-01 -7.060000000000000303e-04
1.000000000000000000e+01 1.500000000000000000e+01 8.000000000000000000e+00 0.000000000000000000e+00 1.600000000000000089e+00 -3.669999999999999760e-04 6.924999999999999732e-03 -9.999759999999999760e-01 -5.799490000000000478e-01 -8.146349999999999980e-01 -5.427999999999999665e-03 -8.146529999999999605e-01 5.799330000000000318e-01 4.315000000000000259e-03
1.300000000000000000e+01 1.500000000000000000e+01 8.000000000000000000e+00 0.000000000000000000e+00 1.600000000000000089e+00 1.494000000000000102e-03 6.056999999999999884e-03 -9.999810000000000088e-01 -5.793509999999999494e-01 -8.150570000000000315e-01 -5.801999999999999866e-03 -8.150770000000000515e-01 5.793490000000000029e-01 2.291000000000000068e-03
1.700000000000000000e+01 1.500000000000000000e+01 8.000000000000000000e+00 0.000000000000000000e+00 1.600000000000000089e+00 9.740000000000000394e-04 -4.961000000000000132e-03 -9.999869999999999592e-01 -5.776780000000000248e-01 -8.162570000000000103e-01 3.487000000000000082e-03 -8.162639999999999896e-01 5.776679999999999593e-01 -3.661000000000000192e-03
2.000000000000000000e+01 1.500000000000000000e+01 8.000000000000000000e+00 0.000000000000000000e+00 1.600000000000000089e+00 -2.981000000000000143e-03 -9.983999999999999819e-03 -9.999460000000000015e-01 -5.779680000000000373e-01 -8.159999999999999476e-01 9.870999999999999566e-03 -8.160539999999999461e-01 5.779659999999999798e-01 -3.337999999999999821e-03
2.500000000000000000e+01 1.500000000000000000e+01 8.000000000000000000e+00 0.000000000000000000e+00 1.600000000000000089e+00 -8.208999999999999284e-03 -1.357599999999999953e-02 -9.998740000000000405e-01 -5.827050000000000285e-01 -8.125299999999999745e-01 1.581600000000000020e-02 -8.126419999999999755e-01 5.827620000000000022e-01 -1.240999999999999916e-03
3.000000000000000000e+00 2.600000000000000000e+01 8.000000000000000000e+00 0.000000000000000000e+00 1.600000000000000089e+00 5.394000000000000357e-03 1.478499999999999953e-02 -9.998759999999999870e-01 4.107990000000000252e-01 9.115910000000000402e-01 1.569600000000000162e-02 9.117100000000000204e-01 -4.108330000000000037e-01 -1.157000000000000042e-03
9.000000000000000000e+00 2.600000000000000000e+01 8.000000000000000000e+00 0.000000000000000000e+00 1.600000000000000089e+00 7.100000000000000191e-04 -1.448999999999999984e-03 -9.999989999999999712e-01 4.094769999999999799e-01 9.123200000000000198e-01 -1.031000000000000015e-03 9.123200000000000198e-01 -4.094760000000000066e-01 1.240999999999999916e-03
1.700000000000000000e+01 2.600000000000000000e+01 8.000000000000000000e+00 0.000000000000000000e+00 1.600000000000000089e+00 5.180000000000000143e-04 6.310000000000000504e-04 -1.000000000000000000e+00 4.106110000000000038e-01 9.118100000000000094e-01 7.879999999999999635e-04 9.118100000000000094e-01 -4.106119999999999770e-01 2.139999999999999975e-04
2.400000000000000000e+01 2.600000000000000000e+01 8.000000000000000000e+00 0.000000000000000000e+00 1.600000000000000089e+00 5.825000000000000316e-03 1.152199999999999926e-02 -9.999169999999999447e-01 4.085179999999999922e-01 9.126589999999999980e-01 1.289599999999999948e-02 9.127319999999999878e-01 -4.085590000000000055e-01 6.099999999999999737e-04
2.900000000000000000e+01 2.600000000000000000e+01 8.000000000000000000e+00 0.000000000000000000e+00 1.600000000000000089e+00 3.817000000000000080e-03 9.294000000000000178e-03 -9.999500000000000055e-01 4.075079999999999814e-01 9.131460000000000132e-01 1.004200000000000058e-02 9.131930000000000325e-01 -4.075259999999999994e-01 -3.009999999999999980e-04
2.000000000000000000e+00 2.400000000000000000e+01 9.000000000000000000e+00 0.000000000000000000e+00 1.600000000000000089e+00 6.552999999999999797e-03 1.873299999999999965e-02 -9.998029999999999973e-01 4.657930000000000126e-01 8.846760000000000179e-01 1.962900000000000061e-02 8.848690000000000166e-01 -4.658300000000000218e-01 -2.928000000000000047e-03
6.000000000000000000e+00 2.400000000000000000e+01 9.000000000000000000e+00 0.000000000000000000e+00 1.600000000000000089e+00 4.426000000000000247e-03 1.269799999999999922e-02 -9.999099999999999655e-01 4.634670000000000178e-01 8.860139999999999683e-01 1.330300000000000059e-02 8.861029999999999740e-01 -4.634840000000000071e-01 -1.962999999999999901e-03
1.400000000000000000e+01 2.400000000000000000e+01 9.000000000000000000e+00 0.000000000000000000e+00 1.600000000000000089e+00 -5.150000000000000498e-04 -3.681999999999999943e-03 -9.999930000000000208e-01 4.623920000000000252e-01 8.866690000000000405e-01 -3.503000000000000037e-03 8.866749999999999909e-01 -4.623909999999999965e-01 1.245999999999999929e-03
1.700000000000000000e+01 2.400000000000000000e+01 9.000000000000000000e+00 0.000000000000000000e+00 1.600000000000000089e+00 5.140000000000000254e-04 2.003000000000000006e-03 -9.999980000000000535e-01 4.626720000000000277e-01 8.865269999999999539e-01 2.013000000000000032e-03 8.865290000000000115e-01 -4.626720000000000277e-01 -4.710000000000000102e-04
2.300000000000000000e+01 2.400000000000000000e+01 9.000000000000000000e+00 0.000000000000000000e+00 1.600000000000000089e+00 5.683999999999999816e-03 9.402999999999999900e-03 -9.999400000000000510e-01 4.599750000000000227e-01 8.878639999999999866e-01 1.096300000000000052e-02 8.879139999999999810e-01 -4.600099999999999745e-01 7.209999999999999612e-04
1.700000000000000000e+01 1.040000000000000000e+02 1.100000000000000000e+01 0.000000000000000000e+00 1.600000000000000089e+00 2.719999999999999979e-04 -3.995000000000000287e-03 9.999919999999999920e-01 -9.725530000000000008e-01 -2.326799999999999979e-01 -6.650000000000000095e-04 2.326809999999999989e-01 -9.725449999999999928e-01 -3.949000000000000253e-03
2.500000000000000000e+01 1.040000000000000000e+02 1.100000000000000000e+01 0.000000000000000000e+00 1.600000000000000089e+00 -2.063000000000000164e-03 4.666000000000000009e-03 9.999869999999999592e-01 -9.737190000000000012e-01 -2.277510000000000090e-01 -9.460000000000000093e-04 2.277430000000000010e-01 -9.737080000000000179e-01 5.013000000000000095e-03
4.000000000000000000e+00 3.100000000000000000e+01 1.200000000000000000e+01 0.000000000000000000e+00 1.600000000000000089e+00 -4.870000000000000197e-04 6.048000000000000424e-03 9.999820000000000375e-01 -9.482000000000000844e-03 9.999369999999999647e-01 -6.053000000000000221e-03 -9.999550000000000383e-01 -9.485000000000000375e-03 -4.299999999999999894e-04
1.000000000000000000e+01 3.100000000000000000e+01 1.200000000000000000e+01 0.000000000000000000e+00 1.600000000000000089e+00 -2.970000000000000092e-04 8.130000000000000291e-04 1.000000000000000000e+00 -5.667000000000000162e-03 9.999839999999999840e-01 -8.149999999999999693e-04 -9.999839999999999840e-01 -5.667000000000000162e-03 -2.919999999999999961e-04
1.400000000000000000e+01 3.100000000000000000e+01 1.200000000000000000e+01 0.000000000000000000e+00 1.600000000000000089e+00 1.910000000000000077e-04 2.657000000000000074e-03 9.999959999999999960e-01 -9.089999999999999773e-04 9.999959999999999960e-01 -2.657000000000000074e-03 -1.000000000000000000e+00 -9.079999999999999530e-04 1.939999999999999993e-04
2.100000000000000000e+01 3.100000000000000000e+01 1.200000000000000000e+01 0.000000000000000000e+00 1.600000000000000089e+00 -8.300000000000000086e-04 5.022000000000000422e-03 9.999869999999999592e-01 4.572999999999999808e-03 9.999770000000000048e-01 -5.017999999999999891e-03 -9.999890000000000168e-01 4.569000000000000145e-03 -8.530000000000000256e-04
4.000000000000000000e+00 1.200000000000000000e+01 1.500000000000000000e+01 0.000000000000000000e+00 1.600000000000000089e+00 -2.247999999999999998e-03 -3.602000000000000167e-03 -9.999909999999999632e-01 -4.721629999999999994e-01 -8.815009999999999790e-01 4.237000000000000315e-03 -8.815079999999999583e-01 4.721690000000000054e-01 2.809999999999999998e-04
9.000000000000000000e+00 1.200000000000000000e+01 1.500000000000000000e+01 0.000000000000000000e+00 1.600000000000000089e+00 -8.220000000000000310e-04 3.106999999999999953e-03 -9.999949999999999672e-01 -4.745139999999999914e-01 -8.802450000000000552e-01 -2.344999999999999862e-03 -8.802470000000000017e-01 4.745099999999999874e-01 2.197000000000000168e-03
1.500000000000000000e+01 1.200000000000000000e+01 1.500000000000000000e+01 0.000000000000000000e+00 1.600000000000000089e+00 1.289999999999999914e-03 4.091000000000000018e-03 -9.999909999999999632e-01 -4.739229999999999832e-01 -8.805560000000000054e-01 -4.212999999999999731e-03 -8.805650000000000421e-01 4.739240000000000119e-01 8.019999999999999785e-04
2.000000000000000000e+01 1.200000000000000000e+01 1.500000000000000000e+01 0.000000000000000000e+00 1.600000000000000089e+00 -2.227999999999999946e-03 -3.246000000000000187e-03 -9.999919999999999920e-01 -4.713430000000000120e-01 -8.819409999999999750e-01 3.912999999999999812e-03 -8.819470000000000365e-01 4.713479999999999892e-01 4.350000000000000026e-04
2.400000000000000000e+01 1.200000000000000000e+01 1.500000000000000000e+01 0.000000000000000000e+00 1.600000000000000089e+00 -5.858000000000000360e-03 -2.903000000000000198e-03 -9.999789999999999512e-01 -4.690739999999999910e-01 -8.831430000000000113e-01 5.310999999999999749e-03 -8.831390000000000073e-01 4.690949999999999842e-01 3.811999999999999850e-03
3.000000000000000000e+00 2.000000000000000000e+00 1.900000000000000000e+01 0.000000000000000000e+00 1.600000000000000089e+00 2.949999999999999931e-03 -8.130000000000000291e-04 -9.999949999999999672e-01 1.642979999999999996e-01 -9.864100000000000090e-01 1.286999999999999950e-03 -9.864060000000000050e-01 -1.643010000000000026e-01 -2.776999999999999955e-03
8.000000000000000000e+00 2.000000000000000000e+00 1.900000000000000000e+01 0.000000000000000000e+00 1.600000000000000089e+00 -5.360000000000000181e-04 9.431999999999999412e-03 -9.999550000000000383e-01 1.663320000000000076e-01 -9.860250000000000403e-01 -9.390000000000000777e-03 -9.860700000000000021e-01 -1.663290000000000046e-01 -1.041000000000000042e-03
1.200000000000000000e+01 2.000000000000000000e+00 1.900000000000000000e+01 0.000000000000000000e+00 1.600000000000000089e+00 1.373000000000000088e-03 4.936000000000000283e-03 -9.999869999999999592e-01 1.657480000000000064e-01 -9.861569999999999503e-01 -4.640000000000000027e-03 -9.861670000000000158e-01 -1.657399999999999984e-01 -2.171999999999999886e-03
1.500000000000000000e+01 2.000000000000000000e+00 1.900000000000000000e+01 0.000000000000000000e+00 1.600000000000000089e+00 2.575000000000000032e-03 -7.039999999999999817e-04 -9.999959999999999960e-01 1.648439999999999905e-01 -9.863189999999999458e-01 1.118999999999999986e-03 -9.863159999999999705e-01 -1.648459999999999925e-01 -2.423999999999999939e-03
1.700000000000000000e+01 2.000000000000000000e+00 1.900000000000000000e+01 0.000000000000000000e+00 1.600000000000000089e+00 1.195000000000000099e-03 -1.041999999999999958e-03 -9.999989999999999712e-01 1.652470000000000050e-01 -9.862509999999999888e-01 1.224999999999999960e-03 -9.862509999999999888e-01 -1.652490000000000070e-01 -1.005999999999999950e-03
2.100000000000000000e+01 2.000000000000000000e+00 1.900000000000000000e+01 0.000000000000000000e+00 1.600000000000000089e+00 -1.863999999999999988e-03 -3.559999999999999797e-03 -9.999919999999999920e-01 1.695160000000000000e-01 -9.855220000000000091e-01 3.191999999999999959e-03 -9.855260000000000131e-01 -1.695089999999999930e-01 2.439999999999999895e-03
2.900000000000000000e+01 2.000000000000000000e+00 1.900000000000000000e+01 0.000000000000000000e+00 1.600000000000000089e+00 2.971000000000000116e-03 -8.859999999999999603e-04 -9.999949999999999672e-01 1.782120000000000093e-01 -9.839909999999999490e-01 1.400999999999999902e-03 -9.839879999999999738e-01 -1.782150000000000123e-01 -2.765000000000000097e-03
3.000000000000000000e+00 4.000000000000000000e+00 2.000000000000000000e+01 0.000000000000000000e+00 1.600000000000000089e+00 3.746000000000000198e-03 -1.139999999999999954e-03 -9.999919999999999920e-01 2.544899999999999940e-01 -9.670729999999999604e-01 2.056000000000000102e-03 -9.670680000000000387e-01 -2.544960000000000000e-01 -3.333000000000000025e-03
1.100000000000000000e+01 4.000000000000000000e+00 2.000000000000000000e+01 0.000000000000000000e+00 1.600000000000000089e+00 1.859999999999999945e-04 5.648000000000000242e-03 -9.999839999999999840e-01 2.552780000000000049e-01 -9.668520000000000447e-01 -5.414000000000000409e-03 -9.668679999999999497e-01 -2.552730000000000277e-01 -1.621999999999999961e-03
1.600000000000000000e+01 4.000000000000000000e+00 2.000000000000000000e+01 0.000000000000000000e+00 1.600000000000000089e+00 2.625000000000000163e-03 1.887999999999999921e-03 -9.999949999999999672e-01 2.567590000000000150e-01 -9.664749999999999730e-01 -1.149999999999999981e-03 -9.664719999999999978e-01 -2.567550000000000110e-01 -3.021999999999999947e-03
2.300000000000000000e+01 4.000000000000000000e+00 2.000000000000000000e+01 0.000000000000000000e+00 1.600000000000000089e+00 1.134999999999999941e-03 -9.299999999999999239e-03 -9.999559999999999560e-01 2.678599999999999870e-01 -9.634129999999999638e-01 9.263999999999999665e-03 -9.634570000000000078e-01 -2.678579999999999850e-01 1.397000000000000021e-03
3.000000000000000000e+01 4.000000000000000000e+00 2.000000000000000000e+01 0.000000000000000000e+00 1.600000000000000089e+00 2.639999999999999986e-03 -1.147999999999999932e-03 -9.999959999999999960e-01 2.745469999999999855e-01 -9.615719999999999823e-01 1.828999999999999897e-03 -9.615700000000000358e-01 -2.745509999999999895e-01 -2.223999999999999849e-03
3.000000000000000000e+00 1.300000000000000000e+01 2.000000000000000000e+01 0.000000000000000000e+00 1.600000000000000089e+00 -1.118999999999999986e-03 1.564999999999999985e-03 9.999980000000000535e-01 2.556800000000000184e-01 9.667609999999999815e-01 -1.227000000000000009e-03 -9.667609999999999815e-01 2.556780000000000164e-01 -1.482000000000000027e-03
6.000000000000000000e+00 1.300000000000000000e+01 2.000000000000000000e+01 0.000000000000000000e+00 1.600000000000000089e+00 -1.227000000000000009e-03 -5.370000000000000424e-04 9.999989999999999712e-01 2.567860000000000142e-01 9.664679999999999938e-01 8.339999999999999974e-04 -9.664679999999999938e-01 2.567869999999999875e-01 -1.048000000000000103e-03
1.400000000000000000e+01 1.300000000000000000e+01 2.000000000000000000e+01 0.000000000000000000e+00 1.600000000000000089e+00 3.020000000000000223e-04 7.630000000000000063e-04 1.000000000000000000e+00 2.559339999999999948e-01 9.666940000000000532e-01 -8.149999999999999693e-04 -9.666940000000000532e-01 2.559339999999999948e-01 9.600000000000000243e-05
2.200000000000000000e+01 1.300000000000000000e+01 2.000000000000000000e+01 0.000000000000000000e+00 1.600000000000000089e+00 -1.029999999999999964e-04 8.302999999999999617e-03 9.999660000000000215e-01 2.590290000000000092e-01 9.658360000000000278e-01 -7.993000000000000105e-03 -9.658689999999999776e-01 2.590199999999999725e-01 -2.249999999999999830e-03
2.800000000000000000e+01 1.300000000000000000e+01 2.000000000000000000e+01 0.000000000000000000e+00 1.600000000000000089e+00 -8.080000000000000160e-04 4.191000000000000281e-03 9.999909999999999632e-01 2.593179999999999930e-01 9.657839999999999758e-01 -3.837999999999999832e-03 -9.657919999999999838e-01 2.593130000000000157e-01 -1.866999999999999953e-03
8.000000000000000000e+00 1.600000000000000000e+01 2.100000000000000000e+01 0.000000000000000000e+00 1.600000000000000089e+00 -1.842000000000000104e-03 -6.210000000000000242e-04 9.999980000000000535e-01 2.997980000000000089e-01 9.540020000000000167e-01 1.144000000000000052e-03 -9.540009999999999879e-01 2.998000000000000109e-01 -1.570999999999999914e-03
1.400000000000000000e+01 1.600000000000000000e+01 2.100000000000000000e+01 0.000000000000000000e+00 1.600000000000000089e+00 -1.150000000000000035e-04 2.338999999999999933e-03 9.999970000000000248e-01 2.976170000000000204e-01 9.546829999999999483e-01 -2.199000000000000000e-03 -9.546850000000000058e-01 2.976159999999999917e-01 -8.059999999999999673e-04
2.300000000000000000e+01 1.600000000000000000e+01 2.100000000000000000e+01 0.000000000000000000e+00 1.600000000000000089e+00 3.899999999999999929e-04 9.371000000000000857e-03 9.999559999999999560e-01 2.982750000000000123e-01 9.544369999999999798e-01 -9.060999999999999610e-03 -9.544799999999999951e-01 2.982650000000000023e-01 -2.422000000000000108e-03
2.800000000000000000e+01 1.600000000000000000e+01 2.100000000000000000e+01 0.000000000000000000e+00 1.600000000000000089e+00 -6.329999999999999906e-04 4.800999999999999712e-03 9.999879999999999880e-01 2.987980000000000080e-01 9.543059999999999876e-01 -4.392000000000000071e-03 -9.543160000000000531e-01 2.987920000000000020e-01 -2.039000000000000014e-03
2.600000000000000000e+01 4.600000000000000000e+01 2.700000000000000000e+01 0.000000000000000000e+00 1.600000000000000089e+00 4.285999999999999879e-03 1.580999999999999940e-03 -9.999900000000000455e-01 6.758089999999999931e-01 7.370659999999999989e-01 4.061999999999999639e-03 7.370640000000000525e-01 -6.758189999999999475e-01 2.090999999999999977e-03
2.000000000000000000e+00 4.600000000000000000e+01 3.000000000000000000e+01 0.000000000000000000e+00 1.600000000000000089e+00 -2.367999999999999879e-03 -5.000000000000000104e-04 -9.999970000000000248e-01 3.328729999999999745e-01 9.429710000000000036e-01 -1.260000000000000052e-03 9.429689999999999461e-01 -3.328749999999999765e-01 -2.066000000000000128e-03
6.000000000000000000e+00 5.800000000000000000e+01 3.100000000000000000e+01 0.000000000000000000e+00 1.600000000000000089e+00 -2.150000000000000001e-03 -2.141999999999999807e-03 9.999949999999999672e-01 -7.866549999999999931e-01 -6.173859999999999904e-01 -3.013000000000000053e-03 6.173889999999999656e-01 -7.866579999999999684e-01 -3.579999999999999741e-04
1.200000000000000000e+01 5.800000000000000000e+01 3.100000000000000000e+01 0.000000000000000000e+00 1.600000000000000089e+00 -2.358999999999999986e-03 2.220000000000000022e-04 9.999970000000000248e-01 -7.919340000000000268e-01 -6.106040000000000356e-01 -1.732999999999999948e-03 6.106019999999999781e-01 -7.919359999999999733e-01 1.616000000000000032e-03
1.600000000000000000e+01 5.800000000000000000e+01 3.100000000000000000e+01 0.000000000000000000e+00 1.600000000000000089e+00 2.079999999999999872e-04 -2.177000000000000116e-03 9.999980000000000535e-01 -7.926729999999999610e-01 -6.096460000000000212e-01 -1.162000000000000055e-03 6.096470000000000500e-01 -7.926710000000000145e-01 -1.851999999999999914e-03
2.000000000000000000e+01 5.800000000000000000e+01 3.100000000000000000e+01 0.000000000000000000e+00 1.600000000000000089e+00 -6.170000000000000354e-04 2.137000000000000011e-03 9.999970000000000248e-01 -7.961650000000000116e-01 -6.050790000000000335e-01 8.009999999999999542e-04 6.050790000000000335e-01 -7.961629999999999541e-01 2.075000000000000022e-03
2.400000000000000000e+01 5.800000000000000000e+01 3.100000000000000000e+01 0.000000000000000000e+00 1.600000000000000089e+00 -1.099999999999999971e-05 1.111999999999999924e-03 9.999989999999999712e-01 -7.987950000000000328e-01 -6.016029999999999989e-01 6.599999999999999964e-04 6.016029999999999989e-01 -7.987940000000000040e-01 8.949999999999999623e-04
1.800000000000000000e+01 6.000000000000000000e+00 3.200000000000000000e+01 0.000000000000000000e+00 1.600000000000000089e+00 1.722000000000000006e-03 5.634000000000000119e-03 -9.999829999999999552e-01 1.816309999999999869e-01 9.833490000000000286e-01 5.852999999999999696e-03 9.833650000000000446e-01 -1.816379999999999939e-01 6.700000000000000226e-04
2.300000000000000000e+01 6.000000000000000000e+00 3.200000000000000000e+01 0.000000000000000000e+00 1.600000000000000089e+00 1.191000000000000001e-03 -1.221000000000000080e-03 -9.999989999999999712e-01 1.723880000000000134e-01 9.850290000000000434e-01 -9.979999999999999722e-04 9.850280000000000147e-01 -1.723860000000000114e-01 1.384000000000000031e-03
3.000000000000000000e+01 6.000000000000000000e+00 3.200000000000000000e+01 0.000000000000000000e+00 1.600000000000000089e+00 -1.185999999999999988e-03 -4.600000000000000004e-05 -9.999989999999999712e-01 1.571430000000000049e-01 9.875760000000000094e-01 -2.320000000000000014e-04 9.875749999999999806e-01 -1.571430000000000049e-01 -1.164000000000000104e-03
1.100000000000000000e+01 2.200000000000000000e+01 3.400000000000000000e+01 0.000000000000000000e+00 1.600000000000000089e+00 1.093999999999999920e-03 1.868000000000000086e-03 9.999980000000000535e-01 3.794699999999999740e-01 -9.252029999999999976e-01 1.312999999999999931e-03 9.252029999999999976e-01 3.794680000000000275e-01 -1.722000000000000006e-03
1.100000000000000000e+01 4.300000000000000000e+01 3.400000000000000000e+01 0.000000000000000000e+00 1.600000000000000089e+00 1.175000000000000046e-03 -3.082000000000000104e-03 -9.999949999999999672e-01 -3.319520000000000248e-01 9.432909999999999906e-01 -3.297000000000000017e-03 9.432960000000000234e-01 3.319540000000000268e-01 8.500000000000000611e-05
2.000000000000000000e+00 4.600000000000000000e+01 3.500000000000000000e+01 0.000000000000000000e+00 1.600000000000000089e+00 9.470000000000000336e-04 3.148999999999999889e-03 -9.999949999999999672e-01 3.866229999999999944e-01 -9.222339999999999982e-01 -2.537999999999999892e-03 -9.222369999999999735e-01 -3.866189999999999904e-01 -2.090999999999999977e-03
7.000000000000000000e+00 4.600000000000000000e+01 3.500000000000000000e+01 0.000000000000000000e+00 1.600000000000000089e+00 4.369999999999999970e-04 1.838999999999999923e-03 -9.999980000000000535e-01 3.876029999999999753e-01 -9.218250000000000055e-01 -1.526000000000000013e-03 -9.218260000000000343e-01 -3.876009999999999733e-01 -1.116000000000000021e-03
1.300000000000000000e+01 4.600000000000000000e+01 3.500000000000000000e+01 0.000000000000000000e+00 1.600000000000000089e+00 -1.208000000000000089e-03 -1.649999999999999991e-04 -9.999989999999999712e-01 3.889380000000000059e-01 -9.212639999999999718e-01 -3.179999999999999776e-04 -9.212630000000000541e-01 -3.889380000000000059e-01 1.178000000000000011e-03
1.700000000000000000e+01 4.600000000000000000e+01 3.500000000000000000e+01 0.000000000000000000e+00 1.600000000000000089e+00 1.139000000000000038e-03 -3.399000000000000112e-03 -9.999940000000000495e-01 3.883610000000000118e-01 -9.214999999999999858e-01 3.575000000000000053e-03 -9.215069999999999650e-01 -3.883619999999999850e-01 2.709999999999999735e-04
2.100000000000000000e+01 4.600000000000000000e+01 3.500000000000000000e+01 0.000000000000000000e+00 1.600000000000000089e+00 -3.029999999999999924e-04 -1.529999999999999893e-03 -9.999989999999999712e-01 3.880830000000000113e-01 -9.216239999999999988e-01 1.293000000000000095e-03 -9.216239999999999988e-01 -3.880819999999999825e-01 8.739999999999999939e-04
2.400000000000000000e+01 4.600000000000000000e+01 3.500000000000000000e+01 0.000000000000000000e+00 1.600000000000000089e+00 -7.529999999999999801e-04 -3.445000000000000145e-03 -9.999940000000000495e-01 3.881129999999999858e-01 -9.216069999999999540e-01 2.882000000000000013e-03 -9.216109999999999580e-01 -3.881089999999999818e-01 2.030999999999999819e-03
2.900000000000000000e+01 4.600000000000000000e+01 3.500000000000000000e+01 0.000000000000000000e+00 1.600000000000000089e+00 1.150999999999999896e-03 -3.621000000000000087e-03 -9.999930000000000208e-01 3.853980000000000183e-01 -9.227429999999999799e-01 3.784000000000000037e-03 -9.227499999999999591e-01 -3.854000000000000203e-01 3.339999999999999870e-04
5.000000000000000000e+00 9.500000000000000000e+01 3.600000000000000000e+01 0.000000000000000000e+00 1.600000000000000089e+00 -1.928000000000000026e-03 4.521999999999999978e-03 9.999879999999999880e-01 9.964060000000000139e-01 8.468799999999999939e-02 1.538000000000000088e-03 -8.468000000000000527e-02 9.963969999999999771e-01 -4.669000000000000407e-03
9.000000000000000000e+00 9.500000000000000000e+01 3.600000000000000000e+01 0.000000000000000000e+00 1.600000000000000089e+00 -8.795999999999999999e-03 -1.717700000000000130e-02 9.998139999999999805e-01 9.967190000000000216e-01 8.030700000000000338e-02 1.014900000000000004e-02 -8.046599999999999586e-02 9.966220000000000079e-01 1.641499999999999904e-02
1.800000000000000000e+01 9.500000000000000000e+01 3.600000000000000000e+01 0.000000000000000000e+00 1.600000000000000089e+00 4.375999999999999682e-03 -1.428100000000000029e-02 9.998879999999999990e-01 9.967719999999999914e-01 8.022200000000000164e-02 -3.216000000000000109e-03 -8.016700000000000215e-02 9.966749999999999776e-01 1.458600000000000001e-02
2.600000000000000000e+01 9.500000000000000000e+01 3.600000000000000000e+01 0.000000000000000000e+00 1.600000000000000089e+00 2.333000000000000004e-03 -4.250999999999999571e-03 9.999879999999999880e-01 9.965650000000000341e-01 8.279400000000000648e-02 -1.972999999999999927e-03 -8.278499999999999748e-02 9.965580000000000549e-01 4.428999999999999777e-03
5.000000000000000000e+00 2.900000000000000000e+01 4.400000000000000000e+01 0.000000000000000000e+00 1.600000000000000089e+00 -2.573999999999999899e-03 2.500000000000000120e-05 -9.999970000000000248e-01 6.805099999999999483e-01 7.327369999999999717e-01 -1.732999999999999948e-03 7.327339999999999964e-01 -6.805120000000000058e-01 -1.902999999999999961e-03
9.000000000000000000e+00 2.900000000000000000e+01 4.400000000000000000e+01 0.000000000000000000e+00 1.600000000000000089e+00 -6.710000000000000469e-04 2.462999999999999912e-03 -9.999970000000000248e-01 6.794440000000000479e-01 7.337259999999999893e-01 1.350999999999999987e-03 7.337270000000000181e-01 -6.794409999999999616e-01 -2.165999999999999957e-03
1.300000000000000000e+01 2.900000000000000000e+01 4.400000000000000000e+01 0.000000000000000000e+00 1.600000000000000089e+00 1.245000000000000013e-03 2.893999999999999871e-03 -9.999949999999999672e-01 6.739929999999999533e-01 7.387320000000000553e-01 2.978000000000000178e-03 7.387369999999999770e-01 -6.739939999999999820e-01 -1.031000000000000015e-03
1.700000000000000000e+01 2.900000000000000000e+01 4.400000000000000000e+01 0.000000000000000000e+00 1.600000000000000089e+00 -8.639999999999999677e-04 9.590000000000000000e-04 -9.999989999999999712e-01 6.757849999999999691e-01 7.370980000000000310e-01 1.230000000000000082e-04 7.370980000000000310e-01 -6.757849999999999691e-01 -1.283999999999999985e-03
2.000000000000000000e+01 2.900000000000000000e+01 4.400000000000000000e+01 0.000000000000000000e+00 1.600000000000000089e+00 -1.691000000000000012e-03 7.230000000000000098e-04 -9.999980000000000535e-01 6.840720000000000134e-01 7.294140000000000068e-01 -6.290000000000000018e-04 7.294119999999999493e-01 -6.840720000000000134e-01 -1.727999999999999935e-03
2.400000000000000000e+01 2.900000000000000000e+01 4.400000000000000000e+01 0.000000000000000000e+00 1.600000000000000089e+00 -5.899999999999999754e-05 -4.053000000000000179e-03 -9.999919999999999920e-01 6.879779999999999784e-01 7.257259999999999822e-01 -2.981999999999999842e-03 7.257320000000000437e-01 -6.879720000000000280e-01 2.745000000000000044e-03
2.000000000000000000e+01 6.500000000000000000e+01 4.600000000000000000e+01 0.000000000000000000e+00 1.600000000000000089e+00 2.259999999999999910e-04 -1.247000000000000062e-03 9.999989999999999712e-01 6.825160000000000116e-01 -7.308700000000000196e-01 -1.064999999999999974e-03 7.308700000000000196e-01 6.825160000000000116e-01 6.859999999999999779e-04
2.600000000000000000e+01 6.500000000000000000e+01 4.600000000000000000e+01 0.000000000000000000e+00 1.600000000000000089e+00 2.069999999999999900e-04 3.829999999999999854e-04 1.000000000000000000e+00 6.814900000000000402e-01 -7.318280000000000340e-01 1.399999999999999877e-04 7.318280000000000340e-01 6.814900000000000402e-01 -4.130000000000000099e-04
1.400000000000000000e+01 7.000000000000000000e+01 4.700000000000000000e+01 0.000000000000000000e+00 1.600000000000000089e+00 -3.959999999999999762e-04 8.200000000000000095e-05 -1.000000000000000000e+00 -8.375230000000000175e-01 -5.464010000000000256e-01 2.869999999999999830e-04 -5.464010000000000256e-01 8.375240000000000462e-01 2.849999999999999886e-04
7.000000000000000000e+00 5.000000000000000000e+00 5.100000000000000000e+01 0.000000000000000000e+00 1.600000000000000089e+00 1.771000000000000005e-03 2.063999999999999863e-03 -9.999959999999999960e-01 4.894830000000000014e-01 -8.720120000000000093e-01 -9.330000000000000186e-04 -8.720109999999999806e-01 -4.894800000000000262e-01 -2.554999999999999979e-03
1.600000000000000000e+01 5.000000000000000000e+00 5.100000000000000000e+01 0.000000000000000000e+00 1.600000000000000089e+00 -1.172999999999999998e-03 2.069000000000000093e-03 -9.999970000000000248e-01 4.798609999999999820e-01 -8.773410000000000375e-01 -2.377999999999999906e-03 -8.773440000000000127e-01 -4.798629999999999840e-01 3.600000000000000091e-05
1.900000000000000000e+01 5.000000000000000000e+00 5.100000000000000000e+01 0.000000000000000000e+00 1.600000000000000089e+00 1.144000000000000052e-03 -9.690000000000000262e-04 -9.999989999999999712e-01 4.818000000000000060e-01 -8.762799999999999478e-01 1.399999999999999986e-03 -8.762799999999999478e-01 -4.818009999999999793e-01 -5.349999999999999938e-04
2.600000000000000000e+01 5.000000000000000000e+00 5.100000000000000000e+01 0.000000000000000000e+00 1.600000000000000089e+00 -2.811999999999999830e-03 3.902000000000000086e-03 -9.999879999999999880e-01 4.866489999999999982e-01 -8.735840000000000272e-01 -4.776999999999999996e-03 -8.735929999999999529e-01 -4.866570000000000062e-01 5.580000000000000107e-04
3.000000000000000000e+01 6.000000000000000000e+00 5.100000000000000000e+01 0.000000000000000000e+00 1.600000000000000089e+00 -7.479999999999999670e-04 -1.660000000000000017e-03 -9.999980000000000535e-01 3.224560000000000204e-01 -9.465839999999999810e-01 1.330000000000000019e-03 -9.465839999999999810e-01 -3.224540000000000184e-01 1.242999999999999964e-03
1.600000000000000000e+01 7.000000000000000000e+00 5.200000000000000000e+01 0.000000000000000000e+00 1.600000000000000089e+00 -1.484000000000000076e-03 2.409000000000000117e-03 -9.999959999999999960e-01 7.095700000000000618e-02 -9.974760000000000293e-01 -2.507999999999999813e-03 -9.974779999999999758e-01 -7.096099999999999630e-02 1.309999999999999967e-03
2.000000000000000000e+00 6.300000000000000000e+01 5.400000000000000000e+01 0.000000000000000000e+00 1.600000000000000089e+00 1.389999999999999905e-04 -1.642000000000000013e-03 9.999989999999999712e-01 -3.461469999999999825e-01 9.381789999999999852e-01 1.588000000000000002e-03 -9.381800000000000139e-01 -3.461469999999999825e-01 -4.380000000000000213e-04
6.000000000000000000e+00 6.300000000000000000e+01 5.400000000000000000e+01 0.000000000000000000e+00 1.600000000000000089e+00 -3.010999999999999788e-03 -1.679999999999999907e-04 9.999949999999999672e-01 -3.462709999999999955e-01 9.381340000000000234e-01 -8.850000000000000444e-04 -9.381300000000000194e-01 -3.462720000000000242e-01 -2.882000000000000013e-03
1.200000000000000000e+01 6.300000000000000000e+01 5.400000000000000000e+01 0.000000000000000000e+00 1.600000000000000089e+00 9.139999999999999904e-04 1.985999999999999918e-03 9.999980000000000535e-01 -3.502279999999999838e-01 9.366630000000000233e-01 -1.539999999999999919e-03 -9.366640000000000521e-01 -3.502259999999999818e-01 1.551999999999999994e-03
1.500000000000000000e+01 6.300000000000000000e+01 5.400000000000000000e+01 0.000000000000000000e+00 1.600000000000000089e+00 -1.559000000000000056e-03 1.699999999999999987e-05 9.999989999999999712e-01 -3.504419999999999757e-01 9.365839999999999721e-01 -5.619999999999999996e-04 -9.365830000000000544e-01 -3.504430000000000045e-01 -1.453999999999999997e-03
2.000000000000000000e+01 6.300000000000000000e+01 5.400000000000000000e+01 0.000000000000000000e+00 1.600000000000000089e+00 4.510000000000000120e-04 -3.359999999999999814e-04 1.000000000000000000e+00 -3.510920000000000152e-01 9.363409999999999789e-01 4.730000000000000046e-04 -9.363409999999999789e-01 -3.510920000000000152e-01 3.049999999999999868e-04
2.400000000000000000e+01 6.300000000000000000e+01 5.400000000000000000e+01 0.000000000000000000e+00 1.600000000000000089e+00 8.399999999999999535e-05 6.200000000000000270e-05 1.000000000000000000e+00 -3.496779999999999888e-01 9.368699999999999806e-01 -2.799999999999999958e-05 -9.368699999999999806e-01 -3.496779999999999888e-01 1.000000000000000048e-04
2.800000000000000000e+01 6.300000000000000000e+01 5.400000000000000000e+01 0.000000000000000000e+00 1.600000000000000089e+00 -4.070000000000000267e-04 -3.759999999999999779e-04 1.000000000000000000e+00 -3.506020000000000247e-01 9.365250000000000519e-01 2.090000000000000115e-04 -9.365250000000000519e-01 -3.506009999999999960e-01 -5.130000000000000011e-04
5.000000000000000000e+00 2.500000000000000000e+01 5.500000000000000000e+01 0.000000000000000000e+00 1.600000000000000089e+00 3.100000000000000135e-05 -1.080999999999999930e-03 -9.999989999999999712e-01 -9.783000000000000029e-03 -9.999519999999999520e-01 1.080999999999999930e-03 -9.999519999999999520e-01 9.783000000000000029e-03 -4.199999999999999768e-05
7.000000000000000000e+00 2.500000000000000000e+01 5.500000000000000000e+01 0.000000000000000000e+00 1.600000000000000089e+00 2.669999999999999847e-04 -1.079999999999999960e-04 -1.000000000000000000e+00 -1.027899999999999994e-02 -9.999470000000000303e-01 1.050000000000000044e-04 -9.999470000000000303e-01 1.027899999999999994e-02 -2.680000000000000090e-04
2.000000000000000000e+01 2.500000000000000000e+01 5.500000000000000000e+01 0.000000000000000000e+00 1.600000000000000089e+00 -1.479999999999999925e-04 5.730999999999999983e-03 -9.999839999999999840e-01 -1.229899999999999917e-02 -9.999080000000000190e-01 -5.728999999999999718e-03 -9.999240000000000350e-01 1.229799999999999990e-02 2.190000000000000106e-04
3.000000000000000000e+01 2.500000000000000000e+01 5.500000000000000000e+01 0.000000000000000000e+00 1.600000000000000089e+00 -5.500000000000000196e-05 -1.618000000000000081e-03 -9.999989999999999712e-01 -8.135999999999999135e-03 -9.999660000000000215e-01 1.618000000000000081e-03 -9.999670000000000503e-01 8.135999999999999135e-03 4.199999999999999768e-05
2.400000000000000000e+01 6.800000000000000000e+01 5.700000000000000000e+01 0.000000000000000000e+00 1.600000000000000089e+00 2.629999999999999959e-04 -2.312999999999999952e-03 -9.999970000000000248e-01 -2.445110000000000061e-01 -9.696439999999999504e-01 2.177999999999999815e-03 -9.696470000000000367e-01 2.445090000000000041e-01 -8.210000000000000067e-04
5.000000000000000000e+00 2.100000000000000000e+01 6.000000000000000000e+01 0.000000000000000000e+00 1.600000000000000089e+00 8.000000000000000654e-05 -3.876000000000000105e-03 9.999919999999999920e-01 -9.669899999999999329e-02 9.953060000000000240e-01 3.864999999999999946e-03 -9.953140000000000320e-01 -9.669800000000000617e-02 -2.950000000000000148e-04
2.300000000000000000e+01 2.100000000000000000e+01 6.000000000000000000e+01 0.000000000000000000e+00 1.600000000000000089e+00 -4.180000000000000230e-04 8.099000000000000296e-03 9.999670000000000503e-01 -9.534199999999999620e-02 9.954119999999999635e-01 -8.101999999999999827e-03 -9.954439999999999955e-01 -9.534199999999999620e-02 3.559999999999999797e-04
1.100000000000000000e+01 3.000000000000000000e+00 6.300000000000000000e+01 0.000000000000000000e+00 1.600000000000000089e+00 1.162999999999999971e-03 -6.257999999999999674e-03 9.999799999999999800e-01 -6.158329999999999638e-01 7.878560000000000008e-01 5.647000000000000110e-03 -7.878760000000000208e-01 -6.158270000000000133e-01 -2.938000000000000073e-03
1.800000000000000000e+01 3.000000000000000000e+00 6.300000000000000000e+01 0.000000000000000000e+00 1.600000000000000089e+00 1.363999999999999978e-03 -1.201000000000000028e-03 9.999980000000000535e-01 -6.142379999999999507e-01 7.891190000000000149e-01 1.784999999999999911e-03 -7.891200000000000436e-01 -6.142400000000000082e-01 3.379999999999999758e-04
2.400000000000000000e+01 3.000000000000000000e+00 6.300000000000000000e+01 0.000000000000000000e+00 1.600000000000000089e+00 -5.800000000000000034e-04 -1.784999999999999911e-03 9.999980000000000535e-01 -6.141170000000000240e-01 7.892139999999999711e-01 1.051999999999999984e-03 -7.892149999999999999e-01 -6.141159999999999952e-01 -1.554000000000000043e-03
3.000000000000000000e+00 2.700000000000000000e+01 6.300000000000000000e+01 0.000000000000000000e+00 1.600000000000000089e+00 -2.452999999999999885e-03 -4.499999999999999660e-03 9.999869999999999592e-01 -2.735060000000000269e-01 9.618630000000000235e-01 3.657000000000000094e-03 -9.618670000000000275e-01 -2.734940000000000149e-01 -3.589999999999999875e-03
8.000000000000000000e+00 2.700000000000000000e+01 6.300000000000000000e+01 0.000000000000000000e+00 1.600000000000000089e+00 -4.159999999999999744e-04 -5.445000000000000187e-03 9.999850000000000128e-01 -2.776310000000000167e-01 9.606740000000000279e-01 5.114999999999999755e-03 -9.606879999999999864e-01 -2.776250000000000107e-01 -1.912000000000000071e-03
