8.000000000000000000e+00 2.500000000000000000e+01 1.000000000000000000e+00 0.000000000000000000e+00 1.600000000000000089e+00 -1.358000000000000049e-03 3.119999999999999944e-04 -9.999989999999999712e-01 -5.313240000000000185e-01 -8.471680000000000321e-01 4.569999999999999952e-04 -8.471670000000000034e-01 5.313250000000000473e-01 1.315999999999999896e-03
1.800000000000000000e+01 2.500000000000000000e+01 1.000000000000000000e+00 0.000000000000000000e+00 1.600000000000000089e+00 5.399999999999999798e-05 -7.922000000000000222e-03 -9.999689999999999968e-01 -5.280319999999999458e-01 -8.491980000000000084e-01 6.699000000000000093e-03 -8.492239999999999789e-01 5.280150000000000121e-01 -4.229000000000000120e-03
6.000000000000000000e+00 1.500000000000000000e+01 4.000000000000000000e+00 0.000000000000000000e+00 1.600000000000000089e+00 7.190000000000000210e-04 2.445999999999999824e-03 9.999970000000000248e-01 3.268670000000000186e-01 -9.450680000000000192e-01 2.076000000000000154e-03 9.450699999999999656e-01 3.268650000000000166e-01 -1.479000000000000063e-03
9.000000000000000000e+00 1.500000000000000000e+01 4.000000000000000000e+00 0.000000000000000000e+00 1.600000000000000089e+00 -5.789999999999999791e-04 -3.187000000000000163e-03 9.999949999999999672e-01 3.182389999999999941e-01 -9.480060000000000153e-01 -2.837000000000000112e-03 9.480100000000000193e-01 3.182360000000000189e-01 1.562999999999999936e-03
1.600000000000000000e+01 1.500000000000000000e+01 4.000000000000000000e+00 0.000000000000000000e+00 1.600000000000000089e+00 -2.203999999999999796e-03 -7.585999999999999861e-03 9.999689999999999968e-01 3.106389999999999985e-01 -9.505059999999999620e-01 -6.525999999999999683e-03 9.505249999999999533e-01 3.106149999999999745e-01 4.451000000000000095e-03
2.100000000000000000e+01 1.500000000000000000e+01 4.000000000000000000e+00 0.000000000000000000e+00 1.600000000000000089e+00 1.679999999999999907e-04 -4.232999999999999784e-03 9.999909999999999632e-01 3.137469999999999981e-01 -9.494979999999999531e-01 -4.072000000000000099e-03 9.495059999999999611e-01 3.137449999999999961e-01 1.167999999999999984e-03
2.700000000000000000e+01 1.500000000000000000e+01 4.000000000000000000e+00 0.000000000000000000e+00 1.600000000000000089e+00 -3.735000000000000039e-03 -9.719999999999999907e-04 9.999930000000000208e-01 3.178079999999999794e-01 -9.481549999999999701e-01 2.649999999999999903e-04 9.481479999999999908e-01 3.178059999999999774e-01 3.850000000000000124e-03
2.000000000000000000e+00 2.500000000000000000e+01 8.000000000000000000e+00 0.000000000000000000e+00 1.600000000000000089e+00 -4.350000000000000026e-04 -7.385000000000000071e-03 -9.999730000000000008e-01 4.483969999999999900e-01 8.938089999999999646e-01 -6.795999999999999958e-03 8.938340000000000174e-01 -4.483880000000000088e-01 2.922000000000000118e-03
9.000000000000000000e+00 2.500000000000000000e+01 8.000000000000000000e+00 0.000000000000000000e+00 1.600000000000000089e+00 2.454000000000000018e-03 8.045000000000000068e-03 -9.999649999999999928e-01 4.480439999999999978e-01 8.939730000000000176e-01 8.292000000000000759e-03 8.940080000000000249e-01 -4.480480000000000018e-01 -1.410999999999999928e-03
1.500000000000000000e+01 2.500000000000000000e+01 8.000000000000000000e+00 0.000000000000000000e+00 1.600000000000000089e+00 -6.790000000000000245e-04 7.196000000000000139e-03 -9.999740000000000295e-01 4.450049999999999839e-01 8.955070000000000530e-01 6.141999999999999890e-03 8.955279999999999907e-01 -4.449890000000000234e-01 -3.811000000000000151e-03
2.100000000000000000e+01 2.500000000000000000e+01 8.000000000000000000e+00 0.000000000000000000e+00 1.600000000000000089e+00 1.598999999999999944e-03 5.441999999999999789e-03 -9.999839999999999840e-01 4.463429999999999898e-01 8.948450000000000015e-01 5.584000000000000422e-03 8.948610000000000175e-01 -4.463449999999999918e-01 -9.979999999999999722e-04
2.800000000000000000e+01 2.500000000000000000e+01 8.000000000000000000e+00 0.000000000000000000e+00 1.600000000000000089e+00 1.665000000000000030e-03 7.603999999999999648e-03 -9.999700000000000255e-01 4.435859999999999803e-01 8.961999999999999966e-01 7.553999999999999951e-03 8.962299999999999711e-01 -4.435850000000000071e-01 -1.879999999999999944e-03
1.000000000000000000e+00 2.400000000000000000e+01 9.000000000000000000e+00 0.000000000000000000e+00 1.600000000000000089e+00 -4.580000000000000195e-04 -7.884000000000000383e-03 -9.999689999999999968e-01 4.536560000000000037e-01 8.911470000000000224e-01 -7.233999999999999979e-03 8.911769999999999969e-01 -4.536450000000000204e-01 3.168999999999999942e-03
9.000000000000000000e+00 2.400000000000000000e+01 9.000000000000000000e+00 0.000000000000000000e+00 1.600000000000000089e+00 2.886999999999999809e-03 8.885000000000000536e-03 -9.999559999999999560e-01 4.521490000000000231e-01 8.918949999999999934e-01 9.230999999999999622e-03 8.919380000000000086e-01 -4.521560000000000024e-01 -1.443000000000000055e-03
1.500000000000000000e+01 2.400000000000000000e+01 9.000000000000000000e+00 0.000000000000000000e+00 1.600000000000000089e+00 -1.000999999999999937e-03 7.719000000000000167e-03 -9.999700000000000255e-01 4.489989999999999815e-01 8.935089999999999977e-01 6.447999999999999739e-03 8.935319999999999929e-01 -4.489790000000000170e-01 -4.360000000000000160e-03
2.100000000000000000e+01 2.400000000000000000e+01 9.000000000000000000e+00 0.000000000000000000e+00 1.600000000000000089e+00 1.111000000000000008e-03 4.357999999999999895e-03 -9.999900000000000455e-01 4.509920000000000040e-01 8.925170000000000048e-01 4.390999999999999938e-03 8.925269999999999593e-01 -4.509929999999999772e-01 -9.730000000000000151e-04
2.900000000000000000e+01 2.400000000000000000e+01 9.000000000000000000e+00 0.000000000000000000e+00 1.600000000000000089e+00 2.116999999999999958e-03 8.517000000000000265e-03 -9.999609999999999888e-01 4.499440000000000106e-01 8.930160000000000320e-01 8.559000000000000635e-03 8.930540000000000145e-01 -4.499449999999999839e-01 -1.941999999999999933e-03
6.000000000000000000e+00 4.000000000000000000e+00 1.100000000000000000e+01 0.000000000000000000e+00 1.600000000000000089e+00 5.630000000000000239e-04 8.743000000000000771e-03 -9.999620000000000175e-01 2.320230000000000070e-01 9.726719999999999811e-01 8.635000000000000314e-03 9.727099999999999635e-01 -2.320190000000000030e-01 -1.480999999999999895e-03
9.000000000000000000e+00 4.000000000000000000e+00 1.100000000000000000e+01 0.000000000000000000e+00 1.600000000000000089e+00 -5.076999999999999916e-03 -2.871599999999999847e-02 -9.995749999999999913e-01 2.368450000000000000e-01 9.711109999999999465e-01 -2.910199999999999940e-02 9.715340000000000087e-01 -2.368919999999999915e-01 1.871000000000000050e-03
2.100000000000000000e+01 5.000000000000000000e+00 1.200000000000000000e+01 0.000000000000000000e+00 1.600000000000000089e+00 1.290499999999999980e-02 -1.192099999999999965e-01 9.927850000000000286e-01 -2.325889999999999902e-01 9.652760000000000229e-01 1.189299999999999941e-01 -9.724890000000000478e-01 -2.324460000000000137e-01 -1.527000000000000059e-02
7.000000000000000000e+00 3.100000000000000000e+01 1.200000000000000000e+01 0.000000000000000000e+00 1.600000000000000089e+00 -6.679999999999999740e-04 1.193999999999999966e-03 9.999989999999999712e-01 5.937999999999999702e-03 9.999820000000000375e-01 -1.190000000000000085e-03 -9.999820000000000375e-01 5.936999999999999569e-03 -6.750000000000000357e-04
1.100000000000000000e+01 3.100000000000000000e+01 1.200000000000000000e+01 0.000000000000000000e+00 1.600000000000000089e+00 -3.980000000000000248e-04 4.800999999999999712e-03 9.999879999999999880e-01 6.409999999999999899e-03 9.999679999999999680e-01 -4.798000000000000181e-03 -9.999789999999999512e-01 6.407999999999999634e-03 -4.290000000000000193e-04
1.600000000000000000e+01 3.100000000000000000e+01 1.200000000000000000e+01 0.000000000000000000e+00 1.600000000000000089e+00 2.351999999999999924e-03 -7.839999999999999747e-03 9.999670000000000503e-01 4.709999999999999777e-03 9.999580000000000135e-01 7.828999999999999154e-03 -9.999860000000000415e-01 4.691999999999999990e-03 2.389000000000000064e-03
2.200000000000000000e+01 3.100000000000000000e+01 1.200000000000000000e+01 0.000000000000000000e+00 1.600000000000000089e+00 7.010000000000000172e-04 7.200000000000000182e-05 1.000000000000000000e+00 8.559999999999999901e-04 1.000000000000000000e+00 -7.200000000000000182e-05 -9.999989999999999712e-01 8.559999999999999901e-04 6.999999999999999929e-04
3.000000000000000000e+00 3.200000000000000000e+01 1.400000000000000000e+01 0.000000000000000000e+00 1.600000000000000089e+00 -1.358999999999999965e-03 -1.482999999999999943e-03 -9.999980000000000535e-01 9.792099999999999416e-02 9.951929999999999943e-01 -1.608999999999999970e-03 9.951929999999999943e-01 -9.792299999999999616e-02 -1.208000000000000089e-03
2.500000000000000000e+01 3.200000000000000000e+01 1.400000000000000000e+01 0.000000000000000000e+00 1.600000000000000089e+00 1.440000000000000091e-03 2.354999999999999889e-03 -9.999959999999999960e-01 1.029560000000000058e-01 9.946829999999999838e-01 2.491000000000000159e-03 9.946850000000000414e-01 -1.029589999999999950e-01 1.190000000000000085e-03
2.000000000000000000e+00 1.200000000000000000e+01 1.500000000000000000e+01 0.000000000000000000e+00 1.600000000000000089e+00 -2.449999999999999921e-04 -1.958000000000000105e-03 -9.999980000000000535e-01 -4.708760000000000168e-01 -8.821970000000000089e-01 1.843000000000000020e-03 -8.821989999999999554e-01 4.708760000000000168e-01 -7.050000000000000060e-04
6.000000000000000000e+00 1.200000000000000000e+01 1.500000000000000000e+01 0.000000000000000000e+00 1.600000000000000089e+00 1.059999999999999961e-03 8.069999999999999916e-04 -9.999989999999999712e-01 -4.719220000000000081e-01 -8.816399999999999793e-01 -1.211999999999999970e-03 -8.816399999999999793e-01 4.719220000000000081e-01 -5.529999999999999976e-04
1.300000000000000000e+01 1.200000000000000000e+01 1.500000000000000000e+01 0.000000000000000000e+00 1.600000000000000089e+00 8.739999999999999939e-04 5.637999999999999783e-03 -9.999839999999999840e-01 -4.693269999999999942e-01 -8.830080000000000151e-01 -5.388000000000000428e-03 -8.830240000000000311e-01 4.693240000000000189e-01 1.874999999999999931e-03
1.900000000000000000e+01 1.200000000000000000e+01 1.500000000000000000e+01 0.000000000000000000e+00 1.600000000000000089e+00 8.909999999999999734e-04 1.845999999999999985e-03 -9.999980000000000535e-01 -4.726079999999999726e-01 -8.812699999999999978e-01 -2.047999999999999907e-03 -8.812720000000000553e-01 4.726090000000000013e-01 8.700000000000000051e-05
2.600000000000000000e+01 1.200000000000000000e+01 1.500000000000000000e+01 0.000000000000000000e+00 1.600000000000000089e+00 1.882999999999999908e-03 3.913999999999999944e-03 -9.999909999999999632e-01 -4.688640000000000030e-01 -8.832600000000000451e-01 -4.340000000000000108e-03 -8.832680000000000531e-01 4.688680000000000070e-01 1.720000000000000066e-04
2.600000000000000000e+01 1.160000000000000000e+02 1.600000000000000000e+01 0.000000000000000000e+00 1.600000000000000089e+00 -2.954000000000000029e-03 -1.884999999999999957e-03 9.999940000000000495e-01 8.097469999999999946e-01 5.867689999999999850e-01 3.497999999999999807e-03 -5.867719999999999603e-01 8.097520000000000273e-01 -2.069999999999999900e-04
4.000000000000000000e+00 2.000000000000000000e+00 1.900000000000000000e+01 0.000000000000000000e+00 1.600000000000000089e+00 3.847000000000000159e-03 -1.359699999999999971e-02 -9.999000000000000110e-01 2.230779999999999985e-01 -9.746979999999999533e-01 1.411199999999999954e-02 -9.747930000000000206e-01 -2.231100000000000028e-01 -7.159999999999999481e-04
1.000000000000000000e+01 2.000000000000000000e+00 1.900000000000000000e+01 0.000000000000000000e+00 1.600000000000000089e+00 -3.043000000000000132e-03 1.459000000000000010e-03 -9.999940000000000495e-01 2.161559999999999870e-01 -9.763570000000000304e-01 -2.082000000000000083e-03 -9.763540000000000552e-01 -2.161609999999999920e-01 2.655999999999999941e-03
1.900000000000000000e+01 2.000000000000000000e+00 1.900000000000000000e+01 0.000000000000000000e+00 1.600000000000000089e+00 -8.479000000000000425e-03 4.372000000000000018e-03 -9.999540000000000095e-01 2.186220000000000108e-01 -9.757900000000000462e-01 -6.119999999999999572e-03 -9.757730000000000015e-01 -2.186639999999999973e-01 7.317999999999999852e-03
2.500000000000000000e+01 2.000000000000000000e+00 1.900000000000000000e+01 0.000000000000000000e+00 1.600000000000000089e+00 -1.209999999999999964e-02 9.648000000000000326e-03 -9.998799999999999910e-01 2.352210000000000134e-01 -9.718649999999999789e-01 -1.222400000000000049e-02 -9.718670000000000364e-01 -2.353409999999999946e-01 9.490000000000000172e-03
2.900000000000000000e+01 2.000000000000000000e+00 1.900000000000000000e+01 0.000000000000000000e+00 1.600000000000000089e+00 -4.294000000000000074e-03 1.814400000000000041e-02 -9.998259999999999925e-01 2.410549999999999915e-01 -9.703319999999999723e-01 -1.864400000000000085e-02 -9.705019999999999758e-01 -2.410930000000000017e-01 -2.069999999999999900e-04
1.400000000000000000e+01 4.000000000000000000e+00 2.000000000000000000e+01 0.000000000000000000e+00 1.600000000000000089e+00 1.472000000000000001e-03 -2.860000000000000129e-03 -9.999949999999999672e-01 3.390850000000000253e-01 -9.407499999999999751e-01 3.188999999999999994e-03 -9.407550000000000079e-01 -3.390880000000000005e-01 -4.150000000000000043e-04
7.000000000000000000e+00 1.300000000000000000e+01 2.000000000000000000e+01 0.000000000000000000e+00 1.600000000000000089e+00 -1.356000000000000000e-03 -3.996999999999999685e-03 9.999909999999999632e-01 2.588880000000000070e-01 9.658980000000000343e-01 4.211999999999999598e-03 -9.659060000000000423e-01 2.588909999999999823e-01 -2.750000000000000166e-04
1.700000000000000000e+01 1.300000000000000000e+01 2.000000000000000000e+01 0.000000000000000000e+00 1.600000000000000089e+00 -1.528999999999999977e-03 -1.807000000000000012e-03 9.999970000000000248e-01 2.634690000000000087e-01 9.646649999999999947e-01 2.145000000000000205e-03 -9.646670000000000522e-01 2.634719999999999840e-01 -9.990000000000001049e-04
2.300000000000000000e+01 1.300000000000000000e+01 2.000000000000000000e+01 0.000000000000000000e+00 1.600000000000000089e+00 1.825999999999999932e-03 -1.742000000000000059e-03 9.999970000000000248e-01 2.640839999999999854e-01 9.644989999999999952e-01 1.198000000000000063e-03 -9.644979999999999665e-01 2.640810000000000102e-01 2.220999999999999884e-03
2.900000000000000000e+01 1.300000000000000000e+01 2.000000000000000000e+01 0.000000000000000000e+00 1.600000000000000089e+00 7.900000000000000121e-04 -1.325000000000000006e-03 9.999989999999999712e-01 2.657240000000000157e-01 9.640490000000000448e-01 1.067000000000000023e-03 -9.640490000000000448e-01 2.657229999999999870e-01 1.113999999999999973e-03
1.100000000000000000e+01 3.000000000000000000e+00 2.500000000000000000e+01 0.000000000000000000e+00 1.600000000000000089e+00 -2.328999999999999907e-03 -5.671999999999999958e-03 9.999810000000000088e-01 -2.012699999999999906e-02 -9.997810000000000308e-01 -5.717999999999999992e-03 9.997949999999999893e-01 -2.014000000000000165e-02 2.213999999999999822e-03
1.900000000000000000e+01 3.000000000000000000e+00 2.500000000000000000e+01 0.000000000000000000e+00 1.600000000000000089e+00 -2.765999999999999796e-03 -3.817000000000000080e-03 9.999890000000000168e-01 -2.226799999999999960e-02 -9.997449999999999948e-01 -3.877999999999999937e-03 9.997479999999999700e-01 -2.227900000000000019e-02 2.680999999999999790e-03
2.500000000000000000e+01 3.000000000000000000e+00 2.500000000000000000e+01 0.000000000000000000e+00 1.600000000000000089e+00 -2.941000000000000038e-03 3.114000000000000015e-03 9.999909999999999632e-01 -1.745999999999999983e-02 -9.998430000000000373e-01 3.062000000000000052e-03 9.998430000000000373e-01 -1.745000000000000023e-02 2.994999999999999832e-03
2.900000000000000000e+01 3.000000000000000000e+00 2.500000000000000000e+01 0.000000000000000000e+00 1.600000000000000089e+00 1.116999999999999937e-03 4.819999999999999632e-03 9.999879999999999880e-01 -1.857999999999999929e-02 -9.998160000000000380e-01 4.839999999999999684e-03 9.998270000000000213e-01 -1.858500000000000082e-02 -1.026999999999999918e-03
1.800000000000000000e+01 4.600000000000000000e+01 2.700000000000000000e+01 0.000000000000000000e+00 1.600000000000000089e+00 -3.079999999999999839e-03 1.168999999999999900e-03 -9.999949999999999672e-01 6.668530000000000291e-01 7.451879999999999615e-01 -1.182000000000000108e-03 7.451830000000000398e-01 -6.668530000000000291e-01 -3.075000000000000042e-03
2.800000000000000000e+01 4.600000000000000000e+01 2.700000000000000000e+01 0.000000000000000000e+00 1.600000000000000089e+00 8.469999999999999881e-04 5.209999999999999788e-04 -1.000000000000000000e+00 6.690239999999999521e-01 7.432400000000000118e-01 9.539999999999999869e-04 7.432400000000000118e-01 -6.690239999999999521e-01 2.799999999999999755e-04
3.000000000000000000e+00 4.600000000000000000e+01 3.000000000000000000e+01 0.000000000000000000e+00 1.600000000000000089e+00 1.766999999999999908e-03 1.247999999999999977e-03 -9.999980000000000535e-01 3.164910000000000223e-01 9.485940000000000483e-01 1.742999999999999975e-03 9.485940000000000483e-01 -3.164930000000000243e-01 1.281000000000000021e-03
1.200000000000000000e+01 4.600000000000000000e+01 3.000000000000000000e+01 0.000000000000000000e+00 1.600000000000000089e+00 8.180000000000000422e-04 -5.000000000000000409e-06 -1.000000000000000000e+00 3.153639999999999777e-01 9.489710000000000090e-01 2.530000000000000239e-04 9.489699999999999802e-01 -3.153639999999999777e-01 7.780000000000000457e-04
1.700000000000000000e+01 4.600000000000000000e+01 3.000000000000000000e+01 0.000000000000000000e+00 1.600000000000000089e+00 -3.024999999999999911e-03 -1.149999999999999981e-03 -9.999949999999999672e-01 3.162909999999999888e-01 9.486599999999999477e-01 -2.047999999999999907e-03 9.486580000000000013e-01 -3.162949999999999928e-01 -2.505999999999999981e-03
2.100000000000000000e+01 4.600000000000000000e+01 3.000000000000000000e+01 0.000000000000000000e+00 1.600000000000000089e+00 -2.158999999999999895e-03 3.600000000000000227e-04 -9.999980000000000535e-01 3.160290000000000044e-01 9.487489999999999535e-01 -3.409999999999999945e-04 9.487470000000000070e-01 -3.160290000000000044e-01 -2.161999999999999859e-03
2.000000000000000000e+00 5.800000000000000000e+01 3.100000000000000000e+01 0.000000000000000000e+00 1.600000000000000089e+00 -1.632999999999999903e-03 -4.575000000000000074e-03 9.999879999999999880e-01 -7.815119999999999845e-01 -6.238759999999999861e-01 -4.131000000000000123e-03 6.238879999999999981e-01 -7.815100000000000380e-01 -2.556999999999999811e-03
8.000000000000000000e+00 5.800000000000000000e+01 3.100000000000000000e+01 0.000000000000000000e+00 1.600000000000000089e+00 -2.847999999999999837e-03 -4.749999999999999882e-03 9.999850000000000128e-01 -7.832430000000000225e-01 -6.216939999999999689e-01 -5.184000000000000240e-03 6.217089999999999561e-01 -7.832459999999999978e-01 -1.949999999999999910e-03
1.600000000000000000e+01 5.800000000000000000e+01 3.100000000000000000e+01 0.000000000000000000e+00 1.600000000000000089e+00 -4.840000000000000010e-04 3.390000000000000001e-04 1.000000000000000000e+00 -7.897509999999999808e-01 -6.134269999999999445e-01 -1.740000000000000010e-04 6.134269999999999445e-01 -7.897509999999999808e-01 5.649999999999999641e-04
2.100000000000000000e+01 5.800000000000000000e+01 3.100000000000000000e+01 0.000000000000000000e+00 1.600000000000000089e+00 1.448999999999999984e-03 1.794000000000000022e-03 9.999970000000000248e-01 -7.897420000000000551e-01 -6.134349999999999525e-01 2.245000000000000034e-03 6.134370000000000100e-01 -7.897429999999999728e-01 5.289999999999999564e-04
2.700000000000000000e+01 5.800000000000000000e+01 3.100000000000000000e+01 0.000000000000000000e+00 1.600000000000000089e+00 1.753999999999999917e-03 3.918999999999999741e-03 9.999909999999999632e-01 -7.859680000000000000e-01 -6.182560000000000278e-01 3.801000000000000125e-03 6.182649999999999535e-01 -7.859669999999999712e-01 1.994999999999999812e-03
4.000000000000000000e+00 4.600000000000000000e+01 3.500000000000000000e+01 0.000000000000000000e+00 1.600000000000000089e+00 9.420000000000000205e-04 -1.227000000000000009e-03 -9.999989999999999712e-01 3.905569999999999875e-01 -9.205780000000000074e-01 1.497999999999999983e-03 -9.205780000000000074e-01 -3.905580000000000163e-01 -3.879999999999999985e-04
1.400000000000000000e+01 4.600000000000000000e+01 3.500000000000000000e+01 0.000000000000000000e+00 1.600000000000000089e+00 -1.505999999999999960e-03 -4.350000000000000026e-04 -9.999989999999999712e-01 3.903340000000000143e-01 -9.206729999999999636e-01 -1.869999999999999917e-04 -9.206720000000000459e-01 -3.903340000000000143e-01 1.557000000000000007e-03
1.600000000000000000e+01 4.600000000000000000e+01 3.500000000000000000e+01 0.000000000000000000e+00 1.600000000000000089e+00 -1.378000000000000102e-03 2.528999999999999998e-03 -9.999959999999999960e-01 3.899299999999999988e-01 -9.208399999999999919e-01 -2.866000000000000058e-03 -9.208439999999999959e-01 -3.899320000000000008e-01 2.820000000000000241e-04
2.600000000000000000e+01 4.600000000000000000e+01 3.500000000000000000e+01 0.000000000000000000e+00 1.600000000000000089e+00 -4.229999999999999819e-04 2.210999999999999858e-03 -9.999970000000000248e-01 3.904179999999999873e-01 -9.206349999999999811e-01 -2.200000000000000133e-03 -9.206379999999999564e-01 -3.904179999999999873e-01 -4.739999999999999747e-04
2.900000000000000000e+01 4.600000000000000000e+01 3.500000000000000000e+01 0.000000000000000000e+00 1.600000000000000089e+00 -9.770000000000000039e-04 -1.175000000000000046e-03 -9.999989999999999712e-01 3.897990000000000066e-01 -9.209000000000000519e-01 7.010000000000000172e-04 -9.208990000000000231e-01 -3.897979999999999778e-01 1.358000000000000049e-03
4.000000000000000000e+00 3.000000000000000000e+00 4.300000000000000000e+01 0.000000000000000000e+00 1.600000000000000089e+00 -5.296000000000000360e-03 -6.838999999999999593e-03 -9.999630000000000463e-01 7.359290000000000553e-01 -6.770580000000000487e-01 7.330000000000000361e-04 -6.770380000000000287e-01 -7.358970000000000233e-01 8.618999999999999925e-03
1.300000000000000000e+01 3.000000000000000000e+00 4.300000000000000000e+01 0.000000000000000000e+00 1.600000000000000089e+00 -5.228000000000000008e-03 -6.491000000000000242e-03 -9.999649999999999928e-01 7.374370000000000092e-01 -6.754160000000000164e-01 5.289999999999999564e-04 -6.753959999999999964e-01 -7.374089999999999812e-01 8.318000000000000740e-03
2.700000000000000000e+01 3.000000000000000000e+00 4.300000000000000000e+01 0.000000000000000000e+00 1.600000000000000089e+00 2.236999999999999839e-03 -9.969999999999999696e-03 -9.999479999999999480e-01 7.409909999999999553e-01 -6.714630000000000321e-01 8.352999999999999314e-03 -6.715109999999999690e-01 -7.409710000000000463e-01 5.885999999999999739e-03
1.400000000000000000e+01 8.000000000000000000e+00 4.400000000000000000e+01 0.000000000000000000e+00 1.600000000000000089e+00 7.529999999999999801e-04 -4.081999999999999691e-03 9.999909999999999632e-01 -7.845689999999999609e-01 -6.200390000000000068e-01 -1.941000000000000017e-03 6.200409999999999533e-01 -7.845609999999999529e-01 -3.668999999999999952e-03
2.000000000000000000e+00 2.900000000000000000e+01 4.400000000000000000e+01 0.000000000000000000e+00 1.600000000000000089e+00 -1.214000000000000018e-03 -8.279999999999999600e-04 -9.999989999999999712e-01 6.524640000000000439e-01 7.578179999999999916e-01 -1.420000000000000038e-03 7.578190000000000204e-01 -6.524649999999999617e-01 -3.800000000000000209e-04
7.000000000000000000e+00 2.900000000000000000e+01 4.400000000000000000e+01 0.000000000000000000e+00 1.600000000000000089e+00 -1.449999999999999900e-03 9.659999999999999533e-04 -9.999980000000000535e-01 6.539139999999999953e-01 7.565690000000000470e-01 -2.169999999999999891e-04 7.565680000000000183e-01 -6.539129999999999665e-01 -1.729000000000000068e-03
1.000000000000000000e+01 2.900000000000000000e+01 4.400000000000000000e+01 0.000000000000000000e+00 1.600000000000000089e+00 3.490000000000000263e-04 1.649000000000000075e-03 -9.999989999999999712e-01 6.568150000000000377e-01 7.540499999999999980e-01 1.472999999999999917e-03 7.540510000000000268e-01 -6.568150000000000377e-01 -8.199999999999999824e-04
1.500000000000000000e+01 2.900000000000000000e+01 4.400000000000000000e+01 0.000000000000000000e+00 1.600000000000000089e+00 1.320000000000000101e-04 8.159999999999999936e-04 -1.000000000000000000e+00 6.635240000000000027e-01 7.481550000000000145e-01 6.989999999999999686e-04 7.481550000000000145e-01 -6.635229999999999739e-01 -4.429999999999999802e-04
2.000000000000000000e+01 2.900000000000000000e+01 4.400000000000000000e+01 0.000000000000000000e+00 1.600000000000000089e+00 1.010000000000000047e-03 -3.809999999999999910e-04 -9.999989999999999712e-01 6.581839999999999913e-01 7.528569999999999984e-01 3.780000000000000265e-04 7.528559999999999697e-01 -6.581839999999999913e-01 1.012000000000000096e-03
2.500000000000000000e+01 2.900000000000000000e+01 4.400000000000000000e+01 0.000000000000000000e+00 1.600000000000000089e+00 6.920000000000000153e-04 -1.699999999999999905e-03 -9.999980000000000535e-01 6.508230000000000404e-01 7.592290000000000427e-01 -8.400000000000000348e-04 7.592290000000000427e-01 -6.508220000000000116e-01 1.631999999999999987e-03
2.000000000000000000e+01 6.500000000000000000e+01 4.600000000000000000e+01 0.000000000000000000e+00 1.600000000000000089e+00 -5.950000000000000427e-04 -2.150000000000000001e-03 9.999970000000000248e-01 6.807229999999999670e-01 -7.325399999999999689e-01 -1.168999999999999900e-03 7.325409999999999977e-01 6.807199999999999918e-01 1.899000000000000080e-03
2.800000000000000000e+01 7.000000000000000000e+01 4.700000000000000000e+01 0.000000000000000000e+00 1.600000000000000089e+00 -8.779999999999999827e-04 2.743999999999999911e-03 -9.999959999999999960e-01 -8.424369999999999914e-01 -5.387950000000000239e-01 -7.380000000000000492e-04 -5.387939999999999952e-01 8.424329999999999874e-01 2.785000000000000149e-03
3.000000000000000000e+00 5.000000000000000000e+00 5.100000000000000000e+01 0.000000000000000000e+00 1.600000000000000089e+00 -3.065000000000000016e-03 -5.486000000000000425e-03 -9.999799999999999800e-01 4.833549999999999791e-01 -8.754180000000000295e-01 3.321000000000000167e-03 -8.754189999999999472e-01 -4.833350000000000146e-01 5.335000000000000332e-03
1.800000000000000000e+01 5.000000000000000000e+00 5.100000000000000000e+01 0.000000000000000000e+00 1.600000000000000089e+00 2.820000000000000241e-04 -2.090999999999999977e-03 -9.999980000000000535e-01 4.787449999999999761e-01 -8.779519999999999547e-01 1.971000000000000096e-03 -8.779540000000000122e-01 -4.787449999999999761e-01 7.529999999999999801e-04
2.100000000000000000e+01 5.000000000000000000e+00 5.100000000000000000e+01 0.000000000000000000e+00 1.600000000000000089e+00 7.389999999999999651e-04 6.068999999999999742e-03 -9.999810000000000088e-01 4.794269999999999921e-01 -8.775680000000000147e-01 -4.971999999999999857e-03 -8.775810000000000555e-01 -4.794149999999999801e-01 -3.557999999999999965e-03
2.900000000000000000e+01 5.000000000000000000e+00 5.100000000000000000e+01 0.000000000000000000e+00 1.600000000000000089e+00 8.040000000000000271e-04 7.759999999999999971e-04 -9.999989999999999712e-01 4.704240000000000088e-01 -8.824410000000000309e-01 -3.060000000000000111e-04 -8.824400000000000022e-01 -4.704229999999999801e-01 -1.074000000000000085e-03
1.300000000000000000e+01 1.150000000000000000e+02 5.100000000000000000e+01 0.000000000000000000e+00 1.600000000000000089e+00 1.631999999999999987e-03 6.809999999999999647e-04 9.999980000000000535e-01 8.447900000000000409e-01 -5.350970000000000448e-01 -1.013999999999999927e-03 5.350960000000000161e-01 8.447900000000000409e-01 -1.448999999999999984e-03
2.100000000000000000e+01 7.000000000000000000e+00 5.200000000000000000e+01 0.000000000000000000e+00 1.600000000000000089e+00 1.018000000000000025e-03 1.941000000000000017e-03 -9.999980000000000535e-01 1.179499999999999993e-01 -9.930179999999999563e-01 -1.807000000000000012e-03 -9.930189999999999850e-01 -1.179479999999999973e-01 -1.240000000000000000e-03
2.600000000000000000e+01 7.000000000000000000e+00 5.200000000000000000e+01 0.000000000000000000e+00 1.600000000000000089e+00 -7.579999999999999932e-04 7.560000000000000530e-04 -9.999989999999999712e-01 9.881700000000000206e-02 -9.951050000000000173e-01 -8.270000000000000441e-04 -9.951050000000000173e-01 -9.881700000000000206e-02 6.800000000000000488e-04
3.000000000000000000e+01 7.000000000000000000e+00 5.200000000000000000e+01 0.000000000000000000e+00 1.600000000000000089e+00 -4.939999999999999730e-04 2.843000000000000041e-03 -9.999959999999999960e-01 9.899099999999999566e-02 -9.950839999999999685e-01 -2.877999999999999916e-03 -9.950879999999999725e-01 -9.899199999999999666e-02 2.100000000000000087e-04
3.000000000000000000e+00 6.300000000000000000e+01 5.400000000000000000e+01 0.000000000000000000e+00 1.600000000000000089e+00 3.280000000000000038e-04 3.529000000000000019e-03 9.999940000000000495e-01 -3.449740000000000029e-01 9.386069999999999691e-01 -3.199000000000000021e-03 -9.386120000000000019e-01 -3.449699999999999989e-01 1.525000000000000097e-03
9.000000000000000000e+00 6.300000000000000000e+01 5.400000000000000000e+01 0.000000000000000000e+00 1.600000000000000089e+00 2.999999999999999737e-04 -2.258000000000000024e-03 9.999970000000000248e-01 -3.485230000000000272e-01 9.372979999999999645e-01 2.220999999999999884e-03 -9.373000000000000220e-01 -3.485230000000000272e-01 -5.060000000000000478e-04
1.300000000000000000e+01 6.300000000000000000e+01 5.400000000000000000e+01 0.000000000000000000e+00 1.600000000000000089e+00 1.348999999999999939e-03 -8.559999999999999901e-04 9.999989999999999712e-01 -3.504410000000000025e-01 9.365839999999999721e-01 1.275000000000000092e-03 -9.365839999999999721e-01 -3.504419999999999757e-01 9.629999999999999888e-04
1.800000000000000000e+01 6.300000000000000000e+01 5.400000000000000000e+01 0.000000000000000000e+00 1.600000000000000089e+00 -8.790000000000000070e-04 -5.969999999999999829e-04 9.999989999999999712e-01 -3.450940000000000119e-01 9.385679999999999579e-01 2.570000000000000127e-04 -9.385679999999999579e-01 -3.450940000000000119e-01 -1.031000000000000015e-03
2.200000000000000000e+01 6.300000000000000000e+01 5.400000000000000000e+01 0.000000000000000000e+00 1.600000000000000089e+00 -1.105000000000000079e-03 2.919999999999999961e-04 9.999989999999999712e-01 -3.418840000000000212e-01 9.397419999999999662e-01 -6.520000000000000188e-04 -9.397410000000000485e-01 -3.418849999999999945e-01 -9.380000000000000317e-04
6.000000000000000000e+00 2.500000000000000000e+01 5.500000000000000000e+01 0.000000000000000000e+00 1.600000000000000089e+00 8.509999999999999769e-04 -9.870000000000000301e-04 -9.999989999999999712e-01 -1.251099999999999955e-02 -9.999209999999999487e-01 9.770000000000000039e-04 -9.999209999999999487e-01 1.251099999999999955e-02 -8.630000000000000518e-04
1.700000000000000000e+01 2.500000000000000000e+01 5.500000000000000000e+01 0.000000000000000000e+00 1.600000000000000089e+00 -9.870000000000000301e-04 -2.883000000000000146e-03 -9.999949999999999672e-01 -1.151399999999999993e-02 -9.999299999999999855e-01 2.893999999999999871e-03 -9.999329999999999607e-01 1.151699999999999946e-02 9.539999999999999869e-04
2.500000000000000000e+01 2.500000000000000000e+01 5.500000000000000000e+01 0.000000000000000000e+00 1.600000000000000089e+00 1.874000000000000015e-03 8.418999999999999401e-03 -9.999630000000000463e-01 -1.098299999999999971e-02 -9.999040000000000150e-01 -8.439000000000000321e-03 -9.999379999999999935e-01 1.099800000000000083e-02 -1.781000000000000031e-03
2.000000000000000000e+00 2.100000000000000000e+01 6.000000000000000000e+01 0.000000000000000000e+00 1.600000000000000089e+00 -7.370000000000000249e-04 -4.131000000000000123e-03 9.999909999999999632e-01 -9.528200000000000558e-02 9.954420000000000490e-01 4.041999999999999586e-03 -9.954499999999999460e-01 -9.527900000000000258e-02 -1.128000000000000096e-03
9.000000000000000000e+00 2.100000000000000000e+01 6.000000000000000000e+01 0.000000000000000000e+00 1.600000000000000089e+00 3.800000000000000209e-04 4.310000000000000137e-04 1.000000000000000000e+00 -9.450600000000000667e-02 9.955239999999999645e-01 -3.930000000000000117e-04 -9.955239999999999645e-01 -9.450600000000000667e-02 4.189999999999999931e-04
2.300000000000000000e+01 2.100000000000000000e+01 6.000000000000000000e+01 0.000000000000000000e+00 1.600000000000000089e+00 2.232000000000000043e-03 -1.624400000000000149e-02 9.998660000000000325e-01 -9.389400000000000523e-02 9.954469999999999708e-01 1.638200000000000073e-02 -9.955800000000000205e-01 -9.391800000000000148e-02 6.960000000000000041e-04
2.700000000000000000e+01 2.100000000000000000e+01 6.000000000000000000e+01 0.000000000000000000e+00 1.600000000000000089e+00 -3.300000000000000253e-05 -9.695999999999999758e-03 9.999529999999999808e-01 -9.031500000000000639e-02 9.958660000000000290e-01 9.653000000000000122e-03 -9.959130000000000482e-01 -9.031100000000000239e-02 -9.089999999999999773e-04
9.000000000000000000e+00 6.700000000000000000e+01 6.000000000000000000e+01 0.000000000000000000e+00 1.600000000000000089e+00 3.330000000000000169e-04 3.217999999999999940e-03 9.999949999999999672e-01 1.781099999999999905e-01 -9.840060000000000473e-01 3.106999999999999953e-03 9.840109999999999690e-01 1.781079999999999885e-01 -9.009999999999999997e-04
1.500000000000000000e+01 6.700000000000000000e+01 6.000000000000000000e+01 0.000000000000000000e+00 1.600000000000000089e+00 1.719999999999999958e-03 2.552000000000000015e-03 9.999949999999999672e-01 1.742829999999999935e-01 -9.846930000000000405e-01 2.213000000000000123e-03 9.846939999999999582e-01 1.742779999999999885e-01 -2.138999999999999842e-03
1.800000000000000000e+01 1.200000000000000000e+01 6.300000000000000000e+01 0.000000000000000000e+00 1.600000000000000089e+00 7.945999999999999938e-03 3.330000000000000169e-04 -9.999679999999999680e-01 -1.545980000000000132e-01 -9.879759999999999653e-01 -1.557999999999999923e-03 -9.879459999999999908e-01 1.546049999999999924e-01 -7.798000000000000244e-03
4.000000000000000000e+00 2.700000000000000000e+01 6.300000000000000000e+01 0.000000000000000000e+00 1.600000000000000089e+00 4.769999999999999934e-04 5.557000000000000307e-03 9.999839999999999840e-01 -2.689320000000000044e-01 9.631450000000000289e-01 -5.224000000000000345e-03 -9.631589999999999874e-01 -2.689259999999999984e-01 1.954000000000000008e-03
1.000000000000000000e+01 2.700000000000000000e+01 6.300000000000000000e+01 0.000000000000000000e+00 1.600000000000000089e+00 -6.000000000000000152e-05 -1.683000000000000034e-03 9.999989999999999712e-01 -2.723169999999999757e-01 9.622060000000000057e-01 1.601999999999999908e-03 -9.622079999999999522e-01 -2.723169999999999757e-01 -5.159999999999999656e-04
1.400000000000000000e+01 2.700000000000000000e+01 6.300000000000000000e+01 0.000000000000000000e+00 1.600000000000000089e+00 -4.979999999999999618e-04 -2.700000000000000035e-04 1.000000000000000000e+00 -2.743579999999999908e-01 9.616270000000000095e-01 1.230000000000000082e-04 -9.616270000000000095e-01 -2.743579999999999908e-01 -5.529999999999999976e-04
1.800000000000000000e+01 2.700000000000000000e+01 6.300000000000000000e+01 0.000000000000000000e+00 1.600000000000000089e+00 1.949999999999999965e-04 7.550000000000000287e-04 1.000000000000000000e+00 -2.729400000000000159e-01 9.620309999999999695e-01 -6.729999999999999871e-04 -9.620309999999999695e-01 -2.729400000000000159e-01 3.939999999999999817e-04
2.100000000000000000e+01 2.700000000000000000e+01 6.300000000000000000e+01 0.000000000000000000e+00 1.600000000000000089e+00 1.407000000000000048e-03 -8.599999999999999789e-04 9.999989999999999712e-01 -2.716759999999999731e-01 9.623880000000000212e-01 1.209999999999999921e-03 -9.623880000000000212e-01 -2.716770000000000018e-01 1.121000000000000035e-03
2.700000000000000000e+01 2.700000000000000000e+01 6.300000000000000000e+01 0.000000000000000000e+00 1.600000000000000089e+00 4.390999999999999938e-03 1.080399999999999937e-02 9.999320000000000430e-01 -2.676870000000000083e-01 9.634620000000000406e-01 -9.235000000000000153e-03 -9.634960000000000191e-01 -2.676279999999999770e-01 7.122999999999999991e-03
5.000000000000000000e+00 2.600000000000000000e+01 6.400000000000000000e+01 0.000000000000000000e+00 1.600000000000000089e+00 -3.629999999999999872e-04 4.917999999999999629e-03 9.999879999999999880e-01 -3.487439999999999984e-01 9.372059999999999835e-01 -4.735999999999999759e-03 -9.372179999999999955e-01 -3.487410000000000232e-01 1.374999999999999920e-03
9.000000000000000000e+00 2.600000000000000000e+01 6.400000000000000000e+01 0.000000000000000000e+00 1.600000000000000089e+00 7.450000000000000025e-04 5.999999999999999474e-04 1.000000000000000000e+00 -3.517640000000000211e-01 9.360889999999999489e-01 -2.999999999999999737e-04 -9.360880000000000312e-01 -3.517640000000000211e-01 9.089999999999999773e-04
1.400000000000000000e+01 2.600000000000000000e+01 6.400000000000000000e+01 0.000000000000000000e+00 1.600000000000000089e+00 -3.620000000000000171e-04 -6.250000000000000130e-04 1.000000000000000000e+00 -3.539439999999999809e-01 9.352669999999999595e-01 4.569999999999999952e-04 -9.352669999999999595e-01 -3.539430000000000076e-01 -5.599999999999999509e-04
1.800000000000000000e+01 2.600000000000000000e+01 6.400000000000000000e+01 0.000000000000000000e+00 1.600000000000000089e+00 9.899999999999999404e-05 3.390000000000000001e-04 1.000000000000000000e+00 -3.530369999999999897e-01 9.356090000000000240e-01 -2.820000000000000241e-04 -9.356090000000000240e-01 -3.530369999999999897e-01 2.120000000000000031e-04
2.200000000000000000e+01 2.600000000000000000e+01 6.400000000000000000e+01 0.000000000000000000e+00 1.600000000000000089e+00 1.845999999999999985e-03 4.200000000000000174e-04 9.999980000000000535e-01 -3.514450000000000074e-01 9.362080000000000402e-01 2.550000000000000183e-04 -9.362070000000000114e-01 -3.514450000000000074e-01 1.876000000000000063e-03
2.600000000000000000e+01 2.600000000000000000e+01 6.400000000000000000e+01 0.000000000000000000e+00 1.600000000000000089e+00 1.714000000000000029e-03 7.518999999999999642e-03 9.999700000000000255e-01 -3.486429999999999807e-01 9.372329999999999828e-01 -6.450000000000000004e-03 -9.372540000000000315e-01 -3.486219999999999875e-01 4.227999999999999987e-03
2.000000000000000000e+00 6.900000000000000000e+01 6.600000000000000000e+01 0.000000000000000000e+00 1.600000000000000089e+00 -9.131999999999999493e-03 1.866000000000000037e-03 9.999569999999999848e-01 -9.500790000000000068e-01 3.118719999999999826e-01 -9.258000000000000604e-03 -3.118759999999999866e-01 -9.501220000000000221e-01 -1.075000000000000001e-03
9.000000000000000000e+00 6.900000000000000000e+01 6.600000000000000000e+01 0.000000000000000000e+00 1.600000000000000089e+00 3.818999999999999912e-03 -5.042999999999999740e-03 9.999799999999999800e-01 -9.504160000000000386e-01 3.109379999999999922e-01 5.198000000000000363e-03 -3.109580000000000122e-01 -9.504169999999999563e-01 -3.605999999999999830e-03
2.000000000000000000e+01 6.900000000000000000e+01 6.600000000000000000e+01 0.000000000000000000e+00 1.600000000000000089e+00 2.765999999999999796e-03 -4.001000000000000216e-03 9.999879999999999880e-01 -9.497409999999999464e-01 3.130140000000000144e-01 3.879000000000000069e-03 -3.130249999999999977e-01 -9.497400000000000286e-01 -2.933999999999999976e-03
