8.000000000000000000e+00 2.500000000000000000e+01 1.000000000000000000e+00 0.000000000000000000e+00 1.600000000000000089e+00 6.200000000000000270e-05 -7.917999999999999691e-03 -9.999689999999999968e-01 -5.280319999999999458e-01 -8.491980000000000084e-01 6.690999999999999899e-03 -8.492239999999999789e-01 5.280150000000000121e-01 -4.232999999999999784e-03
6.000000000000000000e+00 1.500000000000000000e+01 4.000000000000000000e+00 0.000000000000000000e+00 1.600000000000000089e+00 -2.304000000000000058e-03 -7.712000000000000105e-03 9.999679999999999680e-01 3.116849999999999898e-01 -9.501629999999999798e-01 -6.610000000000000424e-03 9.501829999999999998e-01 3.116599999999999926e-01 4.592999999999999861e-03
1.100000000000000000e+01 1.500000000000000000e+01 4.000000000000000000e+00 0.000000000000000000e+00 1.600000000000000089e+00 1.679999999999999907e-04 -4.232999999999999784e-03 9.999909999999999632e-01 3.137469999999999981e-01 -9.494979999999999531e-01 -4.072000000000000099e-03 9.495059999999999611e-01 3.137449999999999961e-01 1.167999999999999984e-03
1.700000000000000000e+01 1.500000000000000000e+01 4.000000000000000000e+00 0.000000000000000000e+00 1.600000000000000089e+00 -4.255000000000000102e-03 -6.019999999999999961e-04 9.999909999999999632e-01 3.154939999999999967e-01 -9.489269999999999650e-01 7.709999999999999840e-04 9.489180000000000392e-01 3.154939999999999967e-01 4.227999999999999987e-03
2.400000000000000000e+01 1.500000000000000000e+01 4.000000000000000000e+00 0.000000000000000000e+00 1.600000000000000089e+00 -2.292999999999999899e-03 1.152999999999999945e-03 9.999970000000000248e-01 3.126820000000000155e-01 -9.498560000000000336e-01 1.812999999999999941e-03 9.498550000000000049e-01 3.126849999999999907e-01 1.817999999999999955e-03
2.900000000000000000e+01 1.500000000000000000e+01 4.000000000000000000e+00 0.000000000000000000e+00 1.600000000000000089e+00 -4.582000000000000135e-03 4.708000000000000379e-03 9.999780000000000335e-01 3.154100000000000237e-01 -9.489370000000000305e-01 5.912999999999999853e-03 9.489440000000000097e-01 3.154299999999999882e-01 2.863000000000000093e-03
5.000000000000000000e+00 2.500000000000000000e+01 8.000000000000000000e+00 0.000000000000000000e+00 1.600000000000000089e+00 -8.949999999999999623e-04 6.524000000000000285e-03 -9.999780000000000335e-01 4.446829999999999949e-01 8.956709999999999949e-01 5.446000000000000320e-03 8.956880000000000397e-01 -4.446689999999999809e-01 -3.703000000000000128e-03
1.100000000000000000e+01 2.500000000000000000e+01 8.000000000000000000e+00 0.000000000000000000e+00 1.600000000000000089e+00 1.598999999999999944e-03 5.440999999999999656e-03 -9.999839999999999840e-01 4.463429999999999898e-01 8.948450000000000015e-01 5.582000000000000156e-03 8.948610000000000175e-01 -4.463449999999999918e-01 -9.979999999999999722e-04
1.800000000000000000e+01 2.500000000000000000e+01 8.000000000000000000e+00 0.000000000000000000e+00 1.600000000000000089e+00 1.090000000000000067e-04 -4.879999999999999898e-04 -1.000000000000000000e+00 4.443320000000000047e-01 8.958620000000000472e-01 -3.879999999999999985e-04 8.958620000000000472e-01 -4.443320000000000047e-01 3.150000000000000131e-04
2.900000000000000000e+01 2.500000000000000000e+01 8.000000000000000000e+00 0.000000000000000000e+00 1.600000000000000089e+00 -2.052000000000000005e-03 -5.379000000000000101e-03 -9.999829999999999552e-01 4.444649999999999990e-01 8.957779999999999632e-01 -5.729999999999999850e-03 8.957939999999999792e-01 -4.444690000000000030e-01 5.529999999999999976e-04
5.000000000000000000e+00 2.400000000000000000e+01 9.000000000000000000e+00 0.000000000000000000e+00 1.600000000000000089e+00 -1.258000000000000004e-03 6.936000000000000325e-03 -9.999749999999999472e-01 4.487590000000000190e-01 8.936349999999999572e-01 5.634000000000000119e-03 8.936520000000000019e-01 -4.487400000000000277e-01 -4.236000000000000182e-03
1.100000000000000000e+01 2.400000000000000000e+01 9.000000000000000000e+00 0.000000000000000000e+00 1.600000000000000089e+00 1.111000000000000008e-03 4.355999999999999629e-03 -9.999900000000000455e-01 4.509920000000000040e-01 8.925170000000000048e-01 4.388999999999999672e-03 8.925269999999999593e-01 -4.509929999999999772e-01 -9.730000000000000151e-04
1.900000000000000000e+01 2.400000000000000000e+01 9.000000000000000000e+00 0.000000000000000000e+00 1.600000000000000089e+00 -6.629999999999999609e-04 -4.403999999999999929e-03 -9.999900000000000455e-01 4.506310000000000038e-01 8.927000000000000490e-01 -4.230000000000000253e-03 8.927100000000000035e-01 -4.506299999999999750e-01 1.392999999999999924e-03
2.800000000000000000e+01 2.400000000000000000e+01 9.000000000000000000e+00 0.000000000000000000e+00 1.600000000000000089e+00 -1.490000000000000005e-03 -5.518999999999999601e-03 -9.999839999999999840e-01 4.500069999999999903e-01 8.930069999999999952e-01 -5.598999999999999810e-03 8.930240000000000400e-01 -4.500080000000000191e-01 1.152999999999999945e-03
1.100000000000000000e+01 5.000000000000000000e+00 1.200000000000000000e+01 0.000000000000000000e+00 1.600000000000000089e+00 1.290499999999999980e-02 -1.192140000000000005e-01 9.927850000000000286e-01 -2.325889999999999902e-01 9.652760000000000229e-01 1.189339999999999981e-01 -9.724890000000000478e-01 -2.324460000000000137e-01 -1.527099999999999985e-02
6.000000000000000000e+00 3.100000000000000000e+01 1.200000000000000000e+01 0.000000000000000000e+00 1.600000000000000089e+00 2.443999999999999992e-03 -8.156000000000000055e-03 9.999639999999999640e-01 4.291999999999999808e-03 9.999580000000000135e-01 8.146000000000000463e-03 -9.999879999999999880e-01 4.271999999999999756e-03 2.478999999999999867e-03
1.200000000000000000e+01 3.100000000000000000e+01 1.200000000000000000e+01 0.000000000000000000e+00 1.600000000000000089e+00 7.010000000000000172e-04 7.299999999999999903e-05 1.000000000000000000e+00 8.570000000000000144e-04 1.000000000000000000e+00 -7.299999999999999903e-05 -9.999989999999999712e-01 8.570000000000000144e-04 7.010000000000000172e-04
2.000000000000000000e+01 3.100000000000000000e+01 1.200000000000000000e+01 0.000000000000000000e+00 1.600000000000000089e+00 -1.224000000000000045e-03 -1.342000000000000094e-03 9.999980000000000535e-01 2.509999999999999753e-04 9.999989999999999712e-01 1.342000000000000094e-03 -9.999989999999999712e-01 2.519999999999999996e-04 -1.224000000000000045e-03
1.500000000000000000e+01 3.200000000000000000e+01 1.400000000000000000e+01 0.000000000000000000e+00 1.600000000000000089e+00 1.216999999999999983e-03 2.072000000000000057e-03 -9.999970000000000248e-01 1.033560000000000034e-01 9.946420000000000261e-01 2.187000000000000142e-03 9.946439999999999726e-01 -1.033590000000000064e-01 9.959999999999999236e-04
2.400000000000000000e+01 3.200000000000000000e+01 1.400000000000000000e+01 0.000000000000000000e+00 1.600000000000000089e+00 -1.593999999999999931e-03 -8.427000000000000463e-03 -9.999630000000000463e-01 1.040380000000000055e-01 9.945370000000000044e-01 -8.547000000000000777e-03 9.945720000000000116e-01 -1.040470000000000006e-01 -7.089999999999999948e-04
3.000000000000000000e+00 1.200000000000000000e+01 1.500000000000000000e+01 0.000000000000000000e+00 1.600000000000000089e+00 8.140000000000000534e-04 6.340000000000000149e-03 -9.999799999999999800e-01 -4.677069999999999839e-01 -8.838629999999999542e-01 -5.983999999999999736e-03 -8.838829999999999742e-01 4.677020000000000066e-01 2.246000000000000166e-03
9.000000000000000000e+00 1.200000000000000000e+01 1.500000000000000000e+01 0.000000000000000000e+00 1.600000000000000089e+00 8.909999999999999734e-04 1.845000000000000069e-03 -9.999980000000000535e-01 -4.726079999999999726e-01 -8.812699999999999978e-01 -2.047000000000000208e-03 -8.812720000000000553e-01 4.726090000000000013e-01 8.700000000000000051e-05
1.600000000000000000e+01 1.200000000000000000e+01 1.500000000000000000e+01 0.000000000000000000e+00 1.600000000000000089e+00 1.860000000000000108e-03 3.717999999999999951e-03 -9.999909999999999632e-01 -4.695889999999999787e-01 -8.828749999999999654e-01 -4.157000000000000105e-03 -8.828829999999999734e-01 4.695929999999999827e-01 1.039999999999999936e-04
2.200000000000000000e+01 1.200000000000000000e+01 1.500000000000000000e+01 0.000000000000000000e+00 1.600000000000000089e+00 8.509999999999999769e-04 4.341000000000000240e-03 -9.999900000000000455e-01 -4.696569999999999911e-01 -8.828390000000000404e-01 -4.231999999999999651e-03 -8.828489999999999949e-01 4.696560000000000179e-01 1.288000000000000082e-03
2.500000000000000000e+01 1.200000000000000000e+01 1.500000000000000000e+01 0.000000000000000000e+00 1.600000000000000089e+00 -1.054000000000000032e-03 7.250999999999999633e-03 -9.999730000000000008e-01 -4.659340000000000148e-01 -8.848000000000000309e-01 -5.923999999999999579e-03 -8.848190000000000222e-01 4.659150000000000236e-01 4.310999999999999728e-03
1.600000000000000000e+01 1.160000000000000000e+02 1.600000000000000000e+01 0.000000000000000000e+00 1.600000000000000089e+00 -2.722000000000000027e-03 -1.961000000000000069e-03 9.999940000000000495e-01 8.063470000000000359e-01 5.914329999999999865e-01 3.354999999999999909e-03 -5.914359999999999618e-01 8.063519999999999577e-01 -2.799999999999999958e-05
2.300000000000000000e+01 1.160000000000000000e+02 1.600000000000000000e+01 0.000000000000000000e+00 1.600000000000000089e+00 -1.299999999999999886e-04 3.080000000000000055e-04 1.000000000000000000e+00 7.435800000000000187e-01 6.686469999999999914e-01 -1.100000000000000039e-04 -6.686469999999999914e-01 7.435800000000000187e-01 -3.159999999999999832e-04
2.800000000000000000e+01 1.160000000000000000e+02 1.600000000000000000e+01 0.000000000000000000e+00 1.600000000000000089e+00 -5.119999999999999768e-04 2.422999999999999807e-03 9.999970000000000248e-01 7.522199999999999998e-01 6.589110000000000245e-01 -1.211999999999999970e-03 -6.589120000000000532e-01 7.522170000000000245e-01 -2.160000000000000028e-03
9.000000000000000000e+00 2.000000000000000000e+00 1.900000000000000000e+01 0.000000000000000000e+00 1.600000000000000089e+00 -8.477999999999999425e-03 4.369999999999999753e-03 -9.999540000000000095e-01 2.186220000000000108e-01 -9.757900000000000462e-01 -6.118000000000000174e-03 -9.757730000000000015e-01 -2.186639999999999973e-01 7.316999999999999720e-03
1.500000000000000000e+01 2.000000000000000000e+00 1.900000000000000000e+01 0.000000000000000000e+00 1.600000000000000089e+00 -1.218299999999999939e-02 1.034400000000000076e-02 -9.998719999999999830e-01 2.356689999999999896e-01 -9.717470000000000274e-01 -1.292500000000000072e-02 -9.717569999999999819e-01 -2.357960000000000056e-01 9.400999999999999635e-03
1.900000000000000000e+01 2.000000000000000000e+00 1.900000000000000000e+01 0.000000000000000000e+00 1.600000000000000089e+00 -5.794999999999999804e-03 2.589100000000000082e-02 -9.996479999999999810e-01 2.404169999999999918e-01 -9.703070000000000306e-01 -2.652499999999999997e-02 -9.706519999999999593e-01 -2.404860000000000053e-01 -6.019999999999999961e-04
2.800000000000000000e+01 2.000000000000000000e+00 1.900000000000000000e+01 0.000000000000000000e+00 1.600000000000000089e+00 2.336099999999999982e-02 5.187800000000000050e-02 -9.983800000000000452e-01 2.288300000000000056e-01 -9.724180000000000046e-01 -4.517499999999999988e-02 -9.731859999999999955e-01 -2.274039999999999950e-01 -3.458800000000000069e-02
4.000000000000000000e+00 4.000000000000000000e+00 2.000000000000000000e+01 0.000000000000000000e+00 1.600000000000000089e+00 1.871000000000000050e-03 -3.422000000000000128e-03 -9.999919999999999920e-01 3.375609999999999999e-01 -9.412960000000000216e-01 3.853000000000000088e-03 -9.413019999999999721e-01 -3.375659999999999772e-01 -6.059999999999999849e-04
7.000000000000000000e+00 1.300000000000000000e+01 2.000000000000000000e+01 0.000000000000000000e+00 1.600000000000000089e+00 -1.549000000000000030e-03 -1.905999999999999925e-03 9.999970000000000248e-01 2.633809999999999762e-01 9.646890000000000187e-01 2.246999999999999865e-03 -9.646909999999999652e-01 2.633829999999999782e-01 -9.920000000000000432e-04
1.300000000000000000e+01 1.300000000000000000e+01 2.000000000000000000e+01 0.000000000000000000e+00 1.600000000000000089e+00 1.814999999999999990e-03 -1.770000000000000089e-03 9.999970000000000248e-01 2.640839999999999854e-01 9.644989999999999952e-01 1.227000000000000009e-03 -9.644979999999999665e-01 2.640810000000000102e-01 2.217999999999999920e-03
1.900000000000000000e+01 1.300000000000000000e+01 2.000000000000000000e+01 0.000000000000000000e+00 1.600000000000000089e+00 -8.180000000000000422e-04 -3.158999999999999916e-03 9.999949999999999672e-01 2.659210000000000185e-01 9.639889999999999848e-01 3.262999999999999842e-03 -9.639940000000000175e-01 2.659230000000000205e-01 5.099999999999999960e-05
2.800000000000000000e+01 1.300000000000000000e+01 2.000000000000000000e+01 0.000000000000000000e+00 1.600000000000000089e+00 -1.304000000000000038e-03 7.849999999999999990e-04 9.999989999999999712e-01 2.645730000000000026e-01 9.643659999999999455e-01 -4.119999999999999856e-04 -9.643650000000000277e-01 2.645719999999999739e-01 -1.464999999999999939e-03
1.000000000000000000e+00 3.000000000000000000e+00 2.500000000000000000e+01 0.000000000000000000e+00 1.600000000000000089e+00 2.312999999999999952e-03 -1.660000000000000017e-03 9.999959999999999960e-01 -1.913499999999999923e-02 -9.998160000000000380e-01 -1.616000000000000032e-03 9.998139999999999805e-01 -1.913099999999999870e-02 -2.344999999999999862e-03
9.000000000000000000e+00 3.000000000000000000e+00 2.500000000000000000e+01 0.000000000000000000e+00 1.600000000000000089e+00 -2.765000000000000097e-03 -3.815999999999999948e-03 9.999890000000000168e-01 -2.226799999999999960e-02 -9.997449999999999948e-01 -3.876999999999999804e-03 9.997479999999999700e-01 -2.227900000000000019e-02 2.678999999999999958e-03
1.500000000000000000e+01 3.000000000000000000e+00 2.500000000000000000e+01 0.000000000000000000e+00 1.600000000000000089e+00 -2.811000000000000131e-03 3.495999999999999976e-03 9.999900000000000455e-01 -1.741499999999999992e-02 -9.998420000000000085e-01 3.446999999999999977e-03 9.998439999999999550e-01 -1.740500000000000033e-02 2.870999999999999854e-03
1.900000000000000000e+01 3.000000000000000000e+00 2.500000000000000000e+01 0.000000000000000000e+00 1.600000000000000089e+00 2.750999999999999973e-03 8.869000000000000147e-03 9.999569999999999848e-01 -2.018199999999999855e-02 -9.997570000000000068e-01 8.921999999999999376e-03 9.997930000000000428e-01 -2.020500000000000074e-02 -2.572000000000000067e-03
8.000000000000000000e+00 4.600000000000000000e+01 2.700000000000000000e+01 0.000000000000000000e+00 1.600000000000000089e+00 -3.086999999999999900e-03 1.167000000000000069e-03 -9.999949999999999672e-01 6.668530000000000291e-01 7.451889999999999903e-01 -1.188999999999999953e-03 7.451830000000000398e-01 -6.668530000000000291e-01 -3.079000000000000140e-03
1.800000000000000000e+01 4.600000000000000000e+01 2.700000000000000000e+01 0.000000000000000000e+00 1.600000000000000089e+00 1.262000000000000101e-03 6.009999999999999717e-04 -9.999989999999999712e-01 6.718039999999999567e-01 7.407280000000000530e-01 1.293000000000000095e-03 7.407280000000000530e-01 -6.718049999999999855e-01 5.310000000000000050e-04
2.000000000000000000e+00 4.600000000000000000e+01 3.000000000000000000e+01 0.000000000000000000e+00 1.600000000000000089e+00 -3.350000000000000113e-04 1.835999999999999958e-03 -9.999980000000000535e-01 3.141729999999999801e-01 9.493639999999999857e-01 1.637999999999999916e-03 9.493660000000000432e-01 -3.141720000000000068e-01 -8.949999999999999623e-04
7.000000000000000000e+00 4.600000000000000000e+01 3.000000000000000000e+01 0.000000000000000000e+00 1.600000000000000089e+00 -3.046999999999999795e-03 -1.103999999999999947e-03 -9.999949999999999672e-01 3.160740000000000216e-01 9.487320000000000197e-01 -2.010000000000000068e-03 9.487299999999999622e-01 -3.160789999999999988e-01 -2.541999999999999989e-03
1.100000000000000000e+01 4.600000000000000000e+01 3.000000000000000000e+01 0.000000000000000000e+00 1.600000000000000089e+00 -2.158999999999999895e-03 3.589999999999999984e-04 -9.999980000000000535e-01 3.160290000000000044e-01 9.487489999999999535e-01 -3.409999999999999945e-04 9.487470000000000070e-01 -3.160290000000000044e-01 -2.161999999999999859e-03
6.000000000000000000e+00 5.800000000000000000e+01 3.100000000000000000e+01 0.000000000000000000e+00 1.600000000000000089e+00 -4.800000000000000122e-04 3.669999999999999760e-04 1.000000000000000000e+00 -7.889800000000000146e-01 -6.144190000000000484e-01 -1.530000000000000056e-04 6.144190000000000484e-01 -7.889789999999999859e-01 5.839999999999999922e-04
1.100000000000000000e+01 5.800000000000000000e+01 3.100000000000000000e+01 0.000000000000000000e+00 1.600000000000000089e+00 1.448999999999999984e-03 1.794999999999999938e-03 9.999970000000000248e-01 -7.897420000000000551e-01 -6.134349999999999525e-01 2.245000000000000034e-03 6.134370000000000100e-01 -7.897429999999999728e-01 5.289999999999999564e-04
1.700000000000000000e+01 5.800000000000000000e+01 3.100000000000000000e+01 0.000000000000000000e+00 1.600000000000000089e+00 1.428000000000000016e-03 4.226999999999999855e-03 9.999900000000000455e-01 -7.872810000000000086e-01 -6.165829999999999922e-01 3.730999999999999941e-03 6.165920000000000289e-01 -7.872789999999999511e-01 2.446999999999999956e-03
2.300000000000000000e+01 5.800000000000000000e+01 3.100000000000000000e+01 0.000000000000000000e+00 1.600000000000000089e+00 1.959999999999999937e-04 -7.699999999999999597e-04 1.000000000000000000e+00 -7.832459999999999978e-01 -6.217120000000000424e-01 -3.260000000000000094e-04 6.217129999999999601e-01 -7.832449999999999690e-01 -7.249999999999999500e-04
3.000000000000000000e+01 5.800000000000000000e+01 3.100000000000000000e+01 0.000000000000000000e+00 1.600000000000000089e+00 -1.734999999999999997e-03 8.474000000000000629e-03 9.999630000000000463e-01 -7.779819999999999514e-01 -6.282739999999999991e-01 3.975000000000000235e-03 6.282849999999999824e-01 -7.779460000000000264e-01 7.681999999999999593e-03
4.000000000000000000e+00 4.600000000000000000e+01 3.500000000000000000e+01 0.000000000000000000e+00 1.600000000000000089e+00 -1.361999999999999929e-03 -2.130000000000000003e-04 -9.999989999999999712e-01 3.896290000000000031e-01 -9.209720000000000129e-01 -3.339999999999999870e-04 -9.209709999999999841e-01 -3.896290000000000031e-01 1.337999999999999997e-03
6.000000000000000000e+00 4.600000000000000000e+01 3.500000000000000000e+01 0.000000000000000000e+00 1.600000000000000089e+00 -1.325000000000000006e-03 2.579000000000000129e-03 -9.999959999999999960e-01 3.898229999999999751e-01 -9.208849999999999536e-01 -2.892000000000000039e-03 -9.208889999999999576e-01 -3.898249999999999771e-01 2.149999999999999947e-04
1.600000000000000000e+01 4.600000000000000000e+01 3.500000000000000000e+01 0.000000000000000000e+00 1.600000000000000089e+00 -3.770000000000000022e-04 2.255000000000000060e-03 -9.999970000000000248e-01 3.907880000000000242e-01 -9.204780000000000184e-01 -2.223000000000000149e-03 -9.204809999999999937e-01 -3.907869999999999955e-01 -5.339999999999999695e-04
1.900000000000000000e+01 4.600000000000000000e+01 3.500000000000000000e+01 0.000000000000000000e+00 1.600000000000000089e+00 -4.459999999999999989e-04 -1.472999999999999917e-03 -9.999989999999999712e-01 3.908300000000000107e-01 -9.204620000000000024e-01 1.182000000000000108e-03 -9.204630000000000312e-01 -3.908289999999999820e-01 9.859999999999998974e-04
2.400000000000000000e+01 4.600000000000000000e+01 3.500000000000000000e+01 0.000000000000000000e+00 1.600000000000000089e+00 5.990000000000000316e-04 7.370000000000000249e-04 -1.000000000000000000e+00 3.911959999999999882e-01 -9.203069999999999862e-01 -4.440000000000000045e-04 -9.203069999999999862e-01 -3.911959999999999882e-01 -8.400000000000000348e-04
2.700000000000000000e+01 4.600000000000000000e+01 3.500000000000000000e+01 0.000000000000000000e+00 1.600000000000000089e+00 -1.869999999999999917e-04 2.942999999999999870e-03 -9.999959999999999960e-01 3.907510000000000150e-01 -9.204919999999999769e-01 -2.782000000000000185e-03 -9.204970000000000097e-01 -3.907499999999999862e-01 -9.770000000000000039e-04
3.000000000000000000e+00 3.000000000000000000e+00 4.300000000000000000e+01 0.000000000000000000e+00 1.600000000000000089e+00 -5.951999999999999826e-03 -1.450000000000000074e-02 -9.998770000000000158e-01 7.373779999999999779e-01 -6.754580000000000028e-01 5.406000000000000215e-03 -6.754539999999999988e-01 -7.372560000000000224e-01 1.471199999999999938e-02
1.700000000000000000e+01 3.000000000000000000e+00 4.300000000000000000e+01 0.000000000000000000e+00 1.600000000000000089e+00 -1.210000000000000002e-04 -9.742000000000000659e-03 -9.999529999999999808e-01 7.408460000000000045e-01 -6.716440000000000188e-01 6.453999999999999668e-03 -6.716750000000000220e-01 -7.408099999999999685e-01 7.297999999999999800e-03
2.300000000000000000e+01 3.000000000000000000e+00 4.300000000000000000e+01 0.000000000000000000e+00 1.600000000000000089e+00 -1.081000000000000016e-02 -2.793400000000000050e-02 -9.995509999999999673e-01 7.361849999999999783e-01 -6.766919999999999602e-01 1.094900000000000040e-02 -6.766940000000000177e-01 -7.357359999999999456e-01 2.787900000000000100e-02
2.700000000000000000e+01 3.000000000000000000e+00 4.300000000000000000e+01 0.000000000000000000e+00 1.600000000000000089e+00 6.049999999999999606e-04 -3.703499999999999848e-02 -9.993140000000000356e-01 7.338329999999999576e-01 -6.788469999999999782e-01 2.560300000000000076e-02 -6.793299999999999894e-01 -7.333450000000000246e-01 2.676699999999999913e-02
4.000000000000000000e+00 8.000000000000000000e+00 4.400000000000000000e+01 0.000000000000000000e+00 1.600000000000000089e+00 1.518999999999999951e-03 -6.409999999999999899e-03 9.999780000000000335e-01 -7.832519999999999483e-01 -6.216979999999999729e-01 -2.795999999999999874e-03 6.217019999999999769e-01 -7.832310000000000105e-01 -5.964999999999999816e-03
5.000000000000000000e+00 2.900000000000000000e+01 4.400000000000000000e+01 0.000000000000000000e+00 1.600000000000000089e+00 2.680000000000000090e-04 1.082999999999999978e-03 -9.999989999999999712e-01 6.629000000000000448e-01 7.487070000000000114e-01 9.890000000000000787e-04 7.487080000000000402e-01 -6.629000000000000448e-01 -5.169999999999999899e-04
1.000000000000000000e+01 2.900000000000000000e+01 4.400000000000000000e+01 0.000000000000000000e+00 1.600000000000000089e+00 1.010000000000000047e-03 -3.809999999999999910e-04 -9.999989999999999712e-01 6.581839999999999913e-01 7.528569999999999984e-01 3.780000000000000265e-04 7.528559999999999697e-01 -6.581839999999999913e-01 1.012000000000000096e-03
1.500000000000000000e+01 2.900000000000000000e+01 4.400000000000000000e+01 0.000000000000000000e+00 1.600000000000000089e+00 6.880000000000000265e-04 -1.562999999999999936e-03 -9.999989999999999712e-01 6.513139999999999485e-01 7.588080000000000380e-01 -7.380000000000000492e-04 7.588080000000000380e-01 -6.513130000000000308e-01 1.539999999999999919e-03
2.200000000000000000e+01 2.900000000000000000e+01 4.400000000000000000e+01 0.000000000000000000e+00 1.600000000000000089e+00 -2.249999999999999938e-04 1.827999999999999981e-03 -9.999980000000000535e-01 6.481280000000000374e-01 7.615300000000000402e-01 1.247000000000000062e-03 7.615309999999999580e-01 -6.481270000000000087e-01 -1.356000000000000000e-03
1.000000000000000000e+01 6.500000000000000000e+01 4.600000000000000000e+01 0.000000000000000000e+00 1.600000000000000089e+00 -5.950000000000000427e-04 -2.150000000000000001e-03 9.999970000000000248e-01 6.807229999999999670e-01 -7.325399999999999689e-01 -1.168999999999999900e-03 7.325409999999999977e-01 6.807199999999999918e-01 1.899000000000000080e-03
2.000000000000000000e+01 6.500000000000000000e+01 4.600000000000000000e+01 0.000000000000000000e+00 1.600000000000000089e+00 8.670000000000000406e-04 -4.211000000000000333e-03 9.999909999999999632e-01 6.820349999999999469e-01 -7.313100000000000156e-01 -3.670999999999999784e-03 7.313190000000000524e-01 6.820319999999999716e-01 2.237999999999999972e-03
1.800000000000000000e+01 7.000000000000000000e+01 4.700000000000000000e+01 0.000000000000000000e+00 1.600000000000000089e+00 -5.320000000000000293e-04 5.339999999999999695e-04 -1.000000000000000000e+00 -8.428330000000000544e-01 -5.381749999999999590e-01 1.610000000000000103e-04 -5.381749999999999590e-01 8.428330000000000544e-01 7.360000000000000006e-04
8.000000000000000000e+00 5.000000000000000000e+00 5.100000000000000000e+01 0.000000000000000000e+00 1.600000000000000089e+00 2.840000000000000185e-04 -2.102999999999999835e-03 -9.999980000000000535e-01 4.787440000000000029e-01 -8.779519999999999547e-01 1.981999999999999821e-03 -8.779550000000000409e-01 -4.787429999999999741e-01 7.569999999999999689e-04
1.100000000000000000e+01 5.000000000000000000e+00 5.100000000000000000e+01 0.000000000000000000e+00 1.600000000000000089e+00 7.389999999999999651e-04 6.068999999999999742e-03 -9.999810000000000088e-01 4.794269999999999921e-01 -8.775680000000000147e-01 -4.971999999999999857e-03 -8.775810000000000555e-01 -4.794149999999999801e-01 -3.557999999999999965e-03
1.900000000000000000e+01 5.000000000000000000e+00 5.100000000000000000e+01 0.000000000000000000e+00 1.600000000000000089e+00 7.010000000000000172e-04 -3.183000000000000065e-03 -9.999949999999999672e-01 4.724249999999999838e-01 -8.813649999999999540e-01 3.135999999999999899e-03 -8.813710000000000155e-01 -4.724249999999999838e-01 8.859999999999999603e-04
2.500000000000000000e+01 5.000000000000000000e+00 5.100000000000000000e+01 0.000000000000000000e+00 1.600000000000000089e+00 -5.785000000000000211e-03 -1.375200000000000033e-02 -9.998890000000000278e-01 4.827250000000000152e-01 -8.757230000000000292e-01 9.251999999999999807e-03 -8.757530000000000037e-01 -4.826170000000000182e-01 1.170400000000000086e-02
3.000000000000000000e+01 5.000000000000000000e+00 5.100000000000000000e+01 0.000000000000000000e+00 1.600000000000000089e+00 -6.984999999999999890e-03 -1.231999999999999935e-02 -9.999000000000000110e-01 4.850869999999999904e-01 -8.744349999999999623e-01 7.386000000000000204e-03 -8.744380000000000486e-01 -4.849870000000000014e-01 1.208399999999999926e-02
3.000000000000000000e+00 1.150000000000000000e+02 5.100000000000000000e+01 0.000000000000000000e+00 1.600000000000000089e+00 2.132999999999999913e-03 2.739000000000000115e-03 9.999940000000000495e-01 8.451330000000000231e-01 -5.345560000000000311e-01 -3.379999999999999758e-04 5.345509999999999984e-01 8.451290000000000191e-01 -3.455000000000000172e-03
1.100000000000000000e+01 7.000000000000000000e+00 5.200000000000000000e+01 0.000000000000000000e+00 1.600000000000000089e+00 1.018000000000000025e-03 1.941000000000000017e-03 -9.999980000000000535e-01 1.179499999999999993e-01 -9.930179999999999563e-01 -1.807000000000000012e-03 -9.930189999999999850e-01 -1.179479999999999973e-01 -1.240000000000000000e-03
1.600000000000000000e+01 7.000000000000000000e+00 5.200000000000000000e+01 0.000000000000000000e+00 1.600000000000000089e+00 -6.080000000000000335e-04 3.000000000000000076e-05 -1.000000000000000000e+00 9.956199999999999772e-02 -9.950309999999999988e-01 -9.000000000000000567e-05 -9.950309999999999988e-01 -9.956199999999999772e-02 6.019999999999999961e-04
3.000000000000000000e+01 7.000000000000000000e+00 5.200000000000000000e+01 0.000000000000000000e+00 1.600000000000000089e+00 -1.132400000000000073e-02 -6.942000000000000254e-03 -9.999120000000000230e-01 1.090789999999999954e-01 -9.940170000000000394e-01 5.664999999999999897e-03 -9.939689999999999914e-01 -1.090050000000000047e-01 1.201400000000000037e-02
3.000000000000000000e+00 6.300000000000000000e+01 5.400000000000000000e+01 0.000000000000000000e+00 1.600000000000000089e+00 2.565000000000000006e-03 1.492999999999999969e-03 9.999959999999999960e-01 -3.524490000000000123e-01 9.358309999999999684e-01 -4.929999999999999487e-04 -9.358269999999999644e-01 -3.524459999999999815e-01 2.926000000000000215e-03
8.000000000000000000e+00 6.300000000000000000e+01 5.400000000000000000e+01 0.000000000000000000e+00 1.600000000000000089e+00 -8.679999999999999565e-04 -5.770000000000000389e-04 1.000000000000000000e+00 -3.450940000000000119e-01 9.385679999999999579e-01 2.429999999999999977e-04 -9.385679999999999579e-01 -3.450940000000000119e-01 -1.013999999999999927e-03
1.200000000000000000e+01 6.300000000000000000e+01 5.400000000000000000e+01 0.000000000000000000e+00 1.600000000000000089e+00 -1.103999999999999947e-03 2.900000000000000017e-04 9.999989999999999712e-01 -3.418829999999999925e-01 9.397419999999999662e-01 -6.499999999999999702e-04 -9.397419999999999662e-01 -3.418840000000000212e-01 -9.389999999999999476e-04
2.200000000000000000e+01 6.300000000000000000e+01 5.400000000000000000e+01 0.000000000000000000e+00 1.600000000000000089e+00 1.418999999999999906e-03 2.455000000000000151e-03 9.999959999999999960e-01 -3.310239999999999849e-01 9.436210000000000431e-01 -1.846999999999999901e-03 -9.436210000000000431e-01 -3.310199999999999809e-01 2.151000000000000134e-03
2.800000000000000000e+01 6.300000000000000000e+01 5.400000000000000000e+01 0.000000000000000000e+00 1.600000000000000089e+00 -2.641999999999999817e-03 -1.214000000000000018e-03 9.999959999999999960e-01 -3.358820000000000139e-01 9.419039999999999635e-01 2.559999999999999884e-04 -9.418999999999999595e-01 -3.358800000000000119e-01 -2.896000000000000137e-03
7.000000000000000000e+00 2.500000000000000000e+01 5.500000000000000000e+01 0.000000000000000000e+00 1.600000000000000089e+00 -9.890000000000000787e-04 -2.870000000000000155e-03 -9.999949999999999672e-01 -1.151800000000000046e-02 -9.999289999999999567e-01 2.880999999999999880e-03 -9.999329999999999607e-01 1.152099999999999999e-02 9.550000000000000112e-04
1.500000000000000000e+01 2.500000000000000000e+01 5.500000000000000000e+01 0.000000000000000000e+00 1.600000000000000089e+00 1.814999999999999990e-03 8.614000000000000129e-03 -9.999609999999999888e-01 -1.111799999999999941e-02 -9.999010000000000398e-01 -8.633000000000000049e-03 -9.999369999999999647e-01 1.113300000000000053e-02 -1.719999999999999958e-03
2.600000000000000000e+01 2.500000000000000000e+01 5.500000000000000000e+01 0.000000000000000000e+00 1.600000000000000089e+00 -1.309999999999999967e-03 -1.257000000000000088e-03 -9.999980000000000535e-01 -9.249999999999999542e-03 -9.999559999999999560e-01 1.268999999999999946e-03 -9.999559999999999560e-01 9.251999999999999807e-03 1.299000000000000024e-03
1.300000000000000000e+01 2.100000000000000000e+01 6.000000000000000000e+01 0.000000000000000000e+00 1.600000000000000089e+00 2.232000000000000043e-03 -1.621799999999999978e-02 9.998660000000000325e-01 -9.389400000000000523e-02 9.954479999999999995e-01 1.635599999999999901e-02 -9.955800000000000205e-01 -9.391800000000000148e-02 6.999999999999999929e-04
1.700000000000000000e+01 2.100000000000000000e+01 6.000000000000000000e+01 0.000000000000000000e+00 1.600000000000000089e+00 -2.530000000000000239e-04 -9.039999999999999425e-03 9.999590000000000423e-01 -9.060899999999999510e-02 9.958460000000000090e-01 8.978999999999999135e-03 -9.958869999999999667e-01 -9.060300000000000298e-02 -1.072000000000000036e-03
2.100000000000000000e+01 2.100000000000000000e+01 6.000000000000000000e+01 0.000000000000000000e+00 1.600000000000000089e+00 -1.717999999999999909e-03 -3.089999999999999756e-04 9.999989999999999712e-01 -8.935800000000000687e-02 9.959999999999999964e-01 1.550000000000000000e-04 -9.959980000000000500e-01 -8.935800000000000687e-02 -1.737999999999999962e-03
2.700000000000000000e+01 2.100000000000000000e+01 6.000000000000000000e+01 0.000000000000000000e+00 1.600000000000000089e+00 -8.369999999999999619e-04 1.427800000000000076e-02 9.998979999999999535e-01 -8.902400000000000591e-02 9.959270000000000067e-01 -1.429599999999999968e-02 -9.960290000000000532e-01 -8.902699999999999503e-02 4.380000000000000213e-04
5.000000000000000000e+00 6.700000000000000000e+01 6.000000000000000000e+01 0.000000000000000000e+00 1.600000000000000089e+00 2.196000000000000035e-03 3.050999999999999893e-03 9.999930000000000208e-01 1.746560000000000057e-01 -9.846260000000000012e-01 2.621000000000000066e-03 9.846270000000000300e-01 1.746489999999999987e-01 -2.694999999999999913e-03
2.500000000000000000e+01 3.000000000000000000e+00 6.300000000000000000e+01 0.000000000000000000e+00 1.600000000000000089e+00 -1.283000000000000069e-03 -8.309999999999999679e-03 9.999649999999999928e-01 -6.138949999999999685e-01 7.893670000000000408e-01 5.773000000000000353e-03 -7.893869999999999498e-01 -6.138660000000000228e-01 -6.113999999999999643e-03
8.000000000000000000e+00 1.200000000000000000e+01 6.300000000000000000e+01 0.000000000000000000e+00 1.600000000000000089e+00 7.950999999999999734e-03 2.970000000000000092e-04 -9.999679999999999680e-01 -1.545960000000000112e-01 -9.879769999999999941e-01 -1.523000000000000048e-03 -9.879459999999999908e-01 1.546029999999999904e-01 -7.808999999999999969e-03
4.000000000000000000e+00 2.700000000000000000e+01 6.300000000000000000e+01 0.000000000000000000e+00 1.600000000000000089e+00 -6.549999999999999833e-04 6.199999999999999999e-04 1.000000000000000000e+00 -2.742100000000000093e-01 9.616689999999999960e-01 -7.759999999999999971e-04 -9.616700000000000248e-01 -2.742109999999999825e-01 -4.600000000000000139e-04
8.000000000000000000e+00 2.700000000000000000e+01 6.300000000000000000e+01 0.000000000000000000e+00 1.600000000000000089e+00 1.939999999999999993e-04 7.699999999999999597e-04 1.000000000000000000e+00 -2.729400000000000159e-01 9.620309999999999695e-01 -6.880000000000000265e-04 -9.620309999999999695e-01 -2.729400000000000159e-01 3.970000000000000005e-04
1.100000000000000000e+01 2.700000000000000000e+01 6.300000000000000000e+01 0.000000000000000000e+00 1.600000000000000089e+00 1.407000000000000048e-03 -8.599999999999999789e-04 9.999989999999999712e-01 -2.716759999999999731e-01 9.623880000000000212e-01 1.209999999999999921e-03 -9.623880000000000212e-01 -2.716770000000000018e-01 1.119999999999999902e-03
1.700000000000000000e+01 2.700000000000000000e+01 6.300000000000000000e+01 0.000000000000000000e+00 1.600000000000000089e+00 3.105999999999999820e-03 8.963000000000000481e-03 9.999550000000000383e-01 -2.679699999999999860e-01 9.633960000000000301e-01 -7.803000000000000040e-03 -9.634220000000000006e-01 -2.679340000000000055e-01 5.394000000000000357e-03
2.100000000000000000e+01 2.700000000000000000e+01 6.300000000000000000e+01 0.000000000000000000e+00 1.600000000000000089e+00 -2.318999999999999881e-03 -6.165000000000000341e-03 9.999780000000000335e-01 -2.658510000000000040e-01 9.639999999999999680e-01 5.327000000000000138e-03 -9.640109999999999513e-01 -2.658320000000000127e-01 -3.874999999999999972e-03
2.900000000000000000e+01 2.700000000000000000e+01 6.300000000000000000e+01 0.000000000000000000e+00 1.600000000000000089e+00 2.952999999999999896e-03 -3.125000000000000173e-03 9.999909999999999632e-01 -2.707950000000000079e-01 9.626289999999999569e-01 3.808000000000000187e-03 -9.626320000000000432e-01 -2.708039999999999892e-01 1.995999999999999944e-03
4.000000000000000000e+00 2.600000000000000000e+01 6.400000000000000000e+01 0.000000000000000000e+00 1.600000000000000089e+00 -7.399999999999999894e-04 -7.999999999999999638e-06 1.000000000000000000e+00 -3.535579999999999834e-01 9.354130000000000500e-01 -2.539999999999999940e-04 -9.354120000000000212e-01 -3.535579999999999834e-01 -6.960000000000000041e-04
8.000000000000000000e+00 2.600000000000000000e+01 6.400000000000000000e+01 0.000000000000000000e+00 1.600000000000000089e+00 9.399999999999999448e-05 3.499999999999999964e-04 1.000000000000000000e+00 -3.530380000000000185e-01 9.356090000000000240e-01 -2.939999999999999905e-04 -9.356090000000000240e-01 -3.530380000000000185e-01 2.110000000000000059e-04
1.200000000000000000e+01 2.600000000000000000e+01 6.400000000000000000e+01 0.000000000000000000e+00 1.600000000000000089e+00 1.843999999999999936e-03 4.200000000000000174e-04 9.999980000000000535e-01 -3.514459999999999806e-01 9.362080000000000402e-01 2.550000000000000183e-04 -9.362059999999999826e-01 -3.514459999999999806e-01 1.874000000000000015e-03
1.600000000000000000e+01 2.600000000000000000e+01 6.400000000000000000e+01 0.000000000000000000e+00 1.600000000000000089e+00 1.451000000000000033e-03 6.433000000000000350e-03 9.999780000000000335e-01 -3.490570000000000062e-01 9.370849999999999458e-01 -5.520999999999999866e-03 -9.371000000000000441e-01 -3.490420000000000189e-01 3.605000000000000131e-03
2.000000000000000000e+01 2.600000000000000000e+01 6.400000000000000000e+01 0.000000000000000000e+00 1.600000000000000089e+00 -3.490000000000000263e-04 -4.714000000000000308e-03 9.999890000000000168e-01 -3.468860000000000277e-01 9.378969999999999807e-01 4.300000000000000003e-03 -9.379070000000000462e-01 -3.468809999999999949e-01 -1.962000000000000202e-03
2.500000000000000000e+01 2.600000000000000000e+01 6.400000000000000000e+01 0.000000000000000000e+00 1.600000000000000089e+00 6.109999999999999980e-04 -1.335500000000000055e-02 9.999109999999999943e-01 -3.538169999999999926e-01 9.352279999999999482e-01 1.270800000000000055e-02 -9.353139999999999787e-01 -3.537930000000000241e-01 -4.152999999999999574e-03
1.000000000000000000e+01 6.900000000000000000e+01 6.600000000000000000e+01 0.000000000000000000e+00 1.600000000000000089e+00 2.765000000000000097e-03 -4.001000000000000216e-03 9.999879999999999880e-01 -9.497409999999999464e-01 3.130140000000000144e-01 3.879000000000000069e-03 -3.130249999999999977e-01 -9.497400000000000286e-01 -2.933999999999999976e-03
1.000000000000000000e+01 2.500000000000000000e+01 7.300000000000000000e+01 0.000000000000000000e+00 1.600000000000000089e+00 -2.011999999999999900e-03 -3.082999999999999803e-03 9.999930000000000208e-01 7.452379999999999560e-01 -6.667990000000000306e-01 -5.569999999999999864e-04 6.667960000000000553e-01 7.452309999999999768e-01 3.638999999999999874e-03
1.600000000000000000e+01 2.500000000000000000e+01 7.300000000000000000e+01 0.000000000000000000e+00 1.600000000000000089e+00 3.951999999999999784e-03 1.508000000000000009e-03 9.999909999999999632e-01 7.503140000000000365e-01 -6.610789999999999722e-01 -1.968000000000000131e-03 6.610700000000000465e-01 7.503149999999999542e-01 -3.745000000000000065e-03
2.200000000000000000e+01 2.500000000000000000e+01 7.300000000000000000e+01 0.000000000000000000e+00 1.600000000000000089e+00 -3.441000000000000048e-03 8.042999999999999802e-03 9.999620000000000175e-01 7.535450000000000204e-01 -6.573489999999999611e-01 7.879999999999999852e-03 6.573870000000000546e-01 7.535429999999999628e-01 -3.798999999999999860e-03
2.700000000000000000e+01 2.500000000000000000e+01 7.300000000000000000e+01 0.000000000000000000e+00 1.600000000000000089e+00 -2.469999999999999973e-03 -8.469000000000000833e-03 9.999609999999999888e-01 7.450229999999999908e-01 -6.670279999999999543e-01 -3.808999999999999886e-03 6.670340000000000158e-01 7.449839999999999796e-01 7.957000000000000531e-03
4.000000000000000000e+00 4.400000000000000000e+01 7.300000000000000000e+01 0.000000000000000000e+00 1.600000000000000089e+00 7.879999999999999635e-04 3.305000000000000212e-03 9.999940000000000495e-01 4.567500000000000032e-02 -9.989510000000000334e-01 3.265999999999999806e-03 9.989559999999999551e-01 4.567199999999999732e-02 -9.380000000000000317e-04
1.100000000000000000e+01 4.400000000000000000e+01 7.300000000000000000e+01 0.000000000000000000e+00 1.600000000000000089e+00 4.589999999999999896e-04 -9.110000000000000259e-04 9.999989999999999712e-01 4.687100000000000294e-02 -9.989000000000000101e-01 -9.309999999999999699e-04 9.989010000000000389e-01 4.687199999999999700e-02 -4.159999999999999744e-04
