1.400000000000000000e+01 1.000000000000000000e+01 7.000000000000000000e+00 0.000000000000000000e+00 1.600000000000000089e+00 3.272900000000000115e-02 -7.922999999999999488e-03 9.994330000000000158e-01 7.948389999999999622e-01 -6.060370000000000479e-01 -3.083400000000000030e-02 6.059369999999999479e-01 7.953970000000000207e-01 -1.353700000000000042e-02
8.000000000000000000e+00 1.010000000000000000e+02 7.000000000000000000e+00 0.000000000000000000e+00 1.600000000000000089e+00 9.529999999999999626e-04 -2.959999999999999849e-04 9.999989999999999712e-01 8.862269999999999870e-01 4.632499999999999951e-01 -7.069999999999999462e-04 -4.632499999999999951e-01 8.862269999999999870e-01 7.039999999999999817e-04
1.100000000000000000e+01 1.010000000000000000e+02 7.000000000000000000e+00 0.000000000000000000e+00 1.600000000000000089e+00 -1.859999999999999945e-04 -2.834000000000000147e-03 9.999959999999999960e-01 8.870590000000000419e-01 4.616540000000000088e-01 1.472999999999999917e-03 -4.616560000000000108e-01 8.870559999999999556e-01 2.428000000000000037e-03
1.900000000000000000e+01 1.010000000000000000e+02 7.000000000000000000e+00 0.000000000000000000e+00 1.600000000000000089e+00 -3.537000000000000213e-03 -1.565100000000000172e-02 9.998709999999999543e-01 8.882499999999999840e-01 4.592439999999999856e-01 1.033099999999999991e-02 -4.593470000000000053e-01 8.881719999999999615e-01 1.227699999999999972e-02
2.100000000000000000e+01 1.010000000000000000e+02 7.000000000000000000e+00 0.000000000000000000e+00 1.600000000000000089e+00 -3.230999999999999931e-03 -1.846799999999999831e-02 9.998240000000000460e-01 8.890949999999999687e-01 4.575819999999999887e-01 1.132599999999999926e-02 -4.577109999999999790e-01 8.889759999999999884e-01 1.494200000000000042e-02
2.500000000000000000e+01 1.010000000000000000e+02 7.000000000000000000e+00 0.000000000000000000e+00 1.600000000000000089e+00 -3.569999999999999823e-03 -1.311799999999999945e-02 9.999080000000000190e-01 8.906300000000000328e-01 4.546359999999999846e-01 9.143999999999999351e-03 -4.547140000000000071e-01 8.905809999999999560e-01 1.005999999999999950e-02
3.000000000000000000e+01 1.010000000000000000e+02 7.000000000000000000e+00 0.000000000000000000e+00 1.600000000000000089e+00 -2.174000000000000151e-03 -5.641000000000000181e-03 9.999820000000000375e-01 8.903109999999999635e-01 4.553309999999999858e-01 4.504000000000000191e-03 -4.553479999999999750e-01 8.903050000000000130e-01 4.033000000000000126e-03
4.000000000000000000e+00 2.500000000000000000e+01 8.000000000000000000e+00 0.000000000000000000e+00 1.600000000000000089e+00 -2.370000000000000145e-03 5.869999999999999567e-04 -9.999970000000000248e-01 4.315880000000000272e-01 9.020709999999999562e-01 -4.939999999999999730e-04 9.020679999999999810e-01 -4.315880000000000272e-01 -2.390999999999999896e-03
8.000000000000000000e+00 2.500000000000000000e+01 8.000000000000000000e+00 0.000000000000000000e+00 1.600000000000000089e+00 -2.030000000000000120e-03 -1.869999999999999917e-03 -9.999959999999999960e-01 4.324299999999999811e-01 9.016640000000000210e-01 -2.563999999999999873e-03 9.016650000000000498e-01 -4.324330000000000118e-01 -1.021999999999999905e-03
1.400000000000000000e+01 2.500000000000000000e+01 8.000000000000000000e+00 0.000000000000000000e+00 1.600000000000000089e+00 1.369999999999999907e-03 9.219999999999999680e-04 -9.999989999999999712e-01 4.368139999999999801e-01 8.995509999999999895e-01 1.428000000000000016e-03 8.995509999999999895e-01 -4.368150000000000088e-01 8.300000000000000086e-04
2.000000000000000000e+01 2.500000000000000000e+01 8.000000000000000000e+00 0.000000000000000000e+00 1.600000000000000089e+00 2.919999999999999961e-04 2.438000000000000063e-03 -9.999970000000000248e-01 4.358730000000000104e-01 9.000050000000000550e-01 2.321999999999999845e-03 9.000080000000000302e-01 -4.358719999999999817e-01 -8.000000000000000383e-04
2.500000000000000000e+01 2.500000000000000000e+01 8.000000000000000000e+00 0.000000000000000000e+00 1.600000000000000089e+00 -2.860000000000000129e-03 -8.869999999999999846e-04 -9.999959999999999960e-01 4.362969999999999904e-01 8.998000000000000442e-01 -2.044999999999999943e-03 8.997979999999999867e-01 -4.363009999999999944e-01 -2.186000000000000009e-03
2.900000000000000000e+01 2.500000000000000000e+01 8.000000000000000000e+00 0.000000000000000000e+00 1.600000000000000089e+00 -5.199999999999999544e-04 2.969999999999999984e-03 -9.999949999999999672e-01 4.367789999999999728e-01 8.995649999999999480e-01 2.445000000000000125e-03 8.995689999999999520e-01 -4.367759999999999976e-01 -1.765000000000000076e-03
3.000000000000000000e+00 2.400000000000000000e+01 9.000000000000000000e+00 0.000000000000000000e+00 1.600000000000000089e+00 -1.082000000000000062e-03 1.440000000000000091e-03 -9.999980000000000535e-01 4.366530000000000133e-01 8.996300000000000407e-01 8.229999999999999469e-04 8.996300000000000407e-01 -4.366510000000000113e-01 -1.601999999999999908e-03
1.100000000000000000e+01 2.400000000000000000e+01 9.000000000000000000e+00 0.000000000000000000e+00 1.600000000000000089e+00 -5.800000000000000034e-04 -2.413999999999999913e-03 -9.999970000000000248e-01 4.409750000000000059e-01 8.975159999999999805e-01 -2.422999999999999807e-03 8.975189999999999557e-01 -4.409750000000000059e-01 5.439999999999999957e-04
1.400000000000000000e+01 2.400000000000000000e+01 9.000000000000000000e+00 0.000000000000000000e+00 1.600000000000000089e+00 1.314000000000000064e-03 6.139999999999999625e-04 -9.999989999999999712e-01 4.435140000000000193e-01 8.962670000000000359e-01 1.132999999999999893e-03 8.962660000000000071e-01 -4.435149999999999926e-01 9.060000000000000128e-04
1.700000000000000000e+01 2.400000000000000000e+01 9.000000000000000000e+00 0.000000000000000000e+00 1.600000000000000089e+00 1.317000000000000028e-03 4.092000000000000151e-03 -9.999909999999999632e-01 4.432110000000000216e-01 8.964069999999999538e-01 4.251999999999999703e-03 8.964170000000000194e-01 -4.432119999999999949e-01 -6.329999999999999906e-04
2.500000000000000000e+01 2.400000000000000000e+01 9.000000000000000000e+00 0.000000000000000000e+00 1.600000000000000089e+00 -2.890000000000000208e-03 -1.214000000000000018e-03 -9.999949999999999672e-01 4.429279999999999884e-01 8.965539999999999621e-01 -2.369000000000000012e-03 8.965530000000000443e-01 -4.429330000000000211e-01 -2.053000000000000137e-03
2.900000000000000000e+01 2.400000000000000000e+01 9.000000000000000000e+00 0.000000000000000000e+00 1.600000000000000089e+00 -4.780000000000000178e-04 3.611000000000000060e-03 -9.999930000000000208e-01 4.432670000000000221e-01 8.963839999999999586e-01 3.024999999999999911e-03 8.963889999999999914e-01 -4.432630000000000181e-01 -2.028999999999999988e-03
2.800000000000000000e+01 8.000000000000000000e+00 1.000000000000000000e+01 0.000000000000000000e+00 1.600000000000000089e+00 1.414200000000000006e-02 -2.967000000000000019e-03 -9.998960000000000070e-01 -9.927430000000000421e-01 -1.194700000000000067e-01 -1.368600000000000025e-02 -1.194169999999999954e-01 9.928329999999999655e-01 -4.635000000000000231e-03
2.000000000000000000e+00 4.000000000000000000e+00 1.100000000000000000e+01 0.000000000000000000e+00 1.600000000000000089e+00 -1.964000000000000034e-03 4.514900000000000163e-02 9.989780000000000326e-01 1.744529999999999970e-01 -9.836460000000000203e-01 4.479899999999999854e-02 9.846629999999999550e-01 1.743629999999999902e-01 -5.943999999999999631e-03
4.000000000000000000e+00 4.000000000000000000e+00 1.100000000000000000e+01 0.000000000000000000e+00 1.600000000000000089e+00 -2.089999999999999844e-03 4.063900000000000151e-02 9.991719999999999491e-01 1.785039999999999960e-01 -9.831109999999999571e-01 4.035899999999999904e-02 9.839369999999999505e-01 1.784409999999999885e-01 -5.199999999999999761e-03
1.700000000000000000e+01 4.000000000000000000e+00 1.100000000000000000e+01 0.000000000000000000e+00 1.600000000000000089e+00 4.970000000000000459e-04 -2.264000000000000040e-02 9.997439999999999660e-01 1.745230000000000115e-01 -9.843990000000000240e-01 -2.237899999999999959e-02 9.846530000000000005e-01 1.744900000000000062e-01 3.461999999999999800e-03
2.300000000000000000e+01 4.000000000000000000e+00 1.100000000000000000e+01 0.000000000000000000e+00 1.600000000000000089e+00 2.318999999999999881e-03 -1.213999999999999975e-02 9.999240000000000350e-01 1.774489999999999956e-01 -9.840520000000000378e-01 -1.235900000000000019e-02 9.841269999999999740e-01 1.774640000000000106e-01 -1.269999999999999970e-04
3.000000000000000000e+01 4.000000000000000000e+00 1.100000000000000000e+01 0.000000000000000000e+00 1.600000000000000089e+00 -1.159000000000000091e-03 1.399399999999999950e-02 9.999010000000000398e-01 1.421930000000000138e-01 -9.897399999999999531e-01 1.401699999999999995e-02 9.898379999999999956e-01 1.421949999999999881e-01 -8.429999999999999993e-04
2.000000000000000000e+00 3.200000000000000000e+01 1.400000000000000000e+01 0.000000000000000000e+00 1.600000000000000089e+00 -3.150000000000000131e-04 -3.288000000000000124e-03 -9.999949999999999672e-01 1.294629999999999947e-01 9.915789999999999882e-01 -3.301000000000000115e-03 9.915840000000000209e-01 -1.294629999999999947e-01 1.140000000000000063e-04
1.500000000000000000e+01 3.200000000000000000e+01 1.400000000000000000e+01 0.000000000000000000e+00 1.600000000000000089e+00 -5.850000000000000165e-04 6.000000000000000152e-06 -1.000000000000000000e+00 1.217769999999999964e-01 9.925580000000000513e-01 -6.499999999999999431e-05 9.925570000000000226e-01 -1.217769999999999964e-01 -5.820000000000000520e-04
1.900000000000000000e+01 3.200000000000000000e+01 1.400000000000000000e+01 0.000000000000000000e+00 1.600000000000000089e+00 1.910000000000000077e-04 4.376999999999999814e-03 -9.999900000000000455e-01 1.217860000000000054e-01 9.925469999999999571e-01 4.368000000000000355e-03 9.925559999999999938e-01 -1.217860000000000054e-01 -3.429999999999999889e-04
5.000000000000000000e+00 1.200000000000000000e+01 1.600000000000000000e+01 0.000000000000000000e+00 1.600000000000000089e+00 1.739000000000000094e-03 -8.949999999999999623e-04 9.999980000000000535e-01 2.632109999999999728e-01 -9.647369999999999557e-01 -1.320999999999999909e-03 9.647369999999999557e-01 2.632129999999999748e-01 -1.441999999999999922e-03
2.000000000000000000e+00 1.160000000000000000e+02 1.600000000000000000e+01 0.000000000000000000e+00 1.600000000000000089e+00 -5.140999999999999737e-03 -2.886000000000000110e-03 9.999829999999999552e-01 7.581440000000000401e-01 6.520620000000000305e-01 5.780000000000000415e-03 -6.520669999999999522e-01 7.581599999999999451e-01 -1.164000000000000104e-03
1.900000000000000000e+01 1.160000000000000000e+02 1.600000000000000000e+01 0.000000000000000000e+00 1.600000000000000089e+00 1.631000000000000071e-03 -2.779999999999999811e-04 9.999989999999999712e-01 7.002169999999999783e-01 7.139299999999999535e-01 -9.430000000000000448e-04 -7.139280000000000070e-01 7.002169999999999783e-01 1.358999999999999965e-03
1.000000000000000000e+00 2.000000000000000000e+00 1.900000000000000000e+01 0.000000000000000000e+00 1.600000000000000089e+00 -2.269000000000000183e-03 -8.828000000000000777e-03 -9.999580000000000135e-01 3.596889999999999810e-01 -9.330429999999999557e-01 7.420999999999999645e-03 -9.330699999999999550e-01 -3.596570000000000045e-01 5.292999999999999962e-03
5.000000000000000000e+00 2.000000000000000000e+00 1.900000000000000000e+01 0.000000000000000000e+00 1.600000000000000089e+00 1.350000000000000017e-04 -2.086199999999999860e-02 -9.997819999999999485e-01 3.562460000000000071e-01 -9.341880000000000184e-01 1.954200000000000034e-02 -9.343920000000000003e-01 -3.561710000000000154e-01 7.305999999999999994e-03
1.500000000000000000e+01 2.000000000000000000e+00 1.900000000000000000e+01 0.000000000000000000e+00 1.600000000000000089e+00 6.193999999999999853e-03 -1.756399999999999975e-02 -9.998270000000000213e-01 3.592650000000000010e-01 -9.330500000000000460e-01 1.861600000000000060e-02 -9.332150000000000167e-01 -3.593180000000000263e-01 5.310000000000000050e-04
6.000000000000000000e+00 3.000000000000000000e+00 1.900000000000000000e+01 0.000000000000000000e+00 1.600000000000000089e+00 -6.059999999999999849e-04 -2.181900000000000159e-02 -9.997620000000000395e-01 3.385090000000000043e-01 -9.407440000000000246e-01 2.032600000000000032e-02 -9.409629999999999939e-01 -3.384159999999999946e-01 7.955999999999999531e-03
1.600000000000000000e+01 3.000000000000000000e+00 1.900000000000000000e+01 0.000000000000000000e+00 1.600000000000000089e+00 4.721999999999999635e-03 -1.026900000000000035e-02 -9.999360000000000470e-01 3.316649999999999876e-01 -9.433300000000000018e-01 1.125400000000000011e-02 -9.433859999999999468e-01 -3.316970000000000196e-01 -1.049000000000000019e-03
2.000000000000000000e+01 3.000000000000000000e+00 1.900000000000000000e+01 0.000000000000000000e+00 1.600000000000000089e+00 3.829999999999999854e-04 -1.019999999999999992e-04 -1.000000000000000000e+00 3.330620000000000247e-01 -9.429049999999999931e-01 2.239999999999999966e-04 -9.429049999999999931e-01 -3.330620000000000247e-01 -3.280000000000000038e-04
2.400000000000000000e+01 3.000000000000000000e+00 1.900000000000000000e+01 0.000000000000000000e+00 1.600000000000000089e+00 -4.353000000000000098e-03 1.931599999999999984e-02 -9.998040000000000260e-01 3.387020000000000031e-01 -9.406879999999999686e-01 -1.964899999999999980e-02 -9.408840000000000536e-01 -3.387209999999999943e-01 -2.446999999999999956e-03
2.700000000000000000e+01 3.000000000000000000e+00 1.900000000000000000e+01 0.000000000000000000e+00 1.600000000000000089e+00 -7.435999999999999902e-03 2.480900000000000119e-02 -9.996650000000000258e-01 3.415739999999999887e-01 -9.394989999999999730e-01 -2.585700000000000151e-02 -9.398250000000000215e-01 -3.416520000000000112e-01 -1.487999999999999956e-03
3.000000000000000000e+00 1.300000000000000000e+01 2.000000000000000000e+01 0.000000000000000000e+00 1.600000000000000089e+00 6.830000000000000134e-04 4.383999999999999876e-03 9.999900000000000455e-01 2.634909999999999752e-01 9.646519999999999539e-01 -4.408999999999999725e-03 -9.646620000000000195e-01 2.634909999999999752e-01 -4.970000000000000459e-04
7.000000000000000000e+00 1.300000000000000000e+01 2.000000000000000000e+01 0.000000000000000000e+00 1.600000000000000089e+00 7.519999999999999558e-04 4.910999999999999567e-03 9.999879999999999880e-01 2.634839999999999960e-01 9.646510000000000362e-01 -4.936000000000000283e-03 -9.646630000000000482e-01 2.634850000000000247e-01 -5.680000000000000370e-04
1.100000000000000000e+01 1.300000000000000000e+01 2.000000000000000000e+01 0.000000000000000000e+00 1.600000000000000089e+00 5.770000000000000389e-04 1.105000000000000079e-03 9.999989999999999712e-01 2.614469999999999850e-01 9.652169999999999916e-01 -1.217999999999999899e-03 -9.652180000000000204e-01 2.614480000000000137e-01 2.680000000000000090e-04
1.800000000000000000e+01 1.300000000000000000e+01 2.000000000000000000e+01 0.000000000000000000e+00 1.600000000000000089e+00 -1.420000000000000092e-04 -1.283000000000000069e-03 9.999989999999999712e-01 2.595830000000000082e-01 9.657200000000000228e-01 1.275000000000000092e-03 -9.657210000000000516e-01 2.595830000000000082e-01 1.959999999999999937e-04
2.200000000000000000e+01 1.300000000000000000e+01 2.000000000000000000e+01 0.000000000000000000e+00 1.600000000000000089e+00 7.849999999999999990e-04 -1.366000000000000027e-03 9.999989999999999712e-01 2.585890000000000133e-01 9.659870000000000401e-01 1.116000000000000021e-03 -9.659870000000000401e-01 2.585879999999999845e-01 1.111000000000000008e-03
2.800000000000000000e+01 1.300000000000000000e+01 2.000000000000000000e+01 0.000000000000000000e+00 1.600000000000000089e+00 -2.469999999999999865e-04 -1.853000000000000046e-03 9.999980000000000535e-01 2.590549999999999797e-01 9.658609999999999696e-01 1.853000000000000046e-03 -9.658630000000000271e-01 2.590549999999999797e-01 2.410000000000000033e-04
3.000000000000000000e+00 1.600000000000000000e+01 2.100000000000000000e+01 0.000000000000000000e+00 1.600000000000000089e+00 5.140000000000000254e-04 3.150000000000000022e-03 9.999949999999999672e-01 2.995120000000000005e-01 9.540870000000000184e-01 -3.158999999999999916e-03 -9.540929999999999689e-01 2.995120000000000005e-01 -4.530000000000000064e-04
1.000000000000000000e+01 1.600000000000000000e+01 2.100000000000000000e+01 0.000000000000000000e+00 1.600000000000000089e+00 3.609999999999999928e-04 2.671000000000000197e-03 9.999959999999999960e-01 2.991219999999999990e-01 9.542110000000000314e-01 -2.657000000000000074e-03 -9.542150000000000354e-01 2.991219999999999990e-01 -4.539999999999999765e-04
9.000000000000000000e+00 2.000000000000000000e+00 2.500000000000000000e+01 0.000000000000000000e+00 1.600000000000000089e+00 1.016599999999999969e-02 -3.532600000000000323e-02 9.993239999999999901e-01 8.536199999999999344e-02 -9.956970000000000542e-01 -3.606700000000000184e-02 9.962980000000000169e-01 8.567099999999999715e-02 -7.106000000000000337e-03
2.900000000000000000e+01 2.000000000000000000e+00 2.500000000000000000e+01 0.000000000000000000e+00 1.600000000000000089e+00 -7.815000000000000765e-03 1.936699999999999880e-02 9.997819999999999485e-01 7.258499999999999674e-02 -9.971640000000000503e-01 1.988399999999999890e-02 9.973319999999999963e-01 7.272399999999999698e-02 6.387000000000000316e-03
8.000000000000000000e+00 3.000000000000000000e+00 2.500000000000000000e+01 0.000000000000000000e+00 1.600000000000000089e+00 5.906999999999999924e-03 -3.121300000000000116e-02 9.994950000000000223e-01 4.074000000000000364e-03 -9.995039999999999480e-01 -3.123700000000000088e-02 9.999740000000000295e-01 4.257000000000000367e-03 -5.777000000000000017e-03
1.500000000000000000e+01 3.000000000000000000e+00 2.500000000000000000e+01 0.000000000000000000e+00 1.600000000000000089e+00 3.078000000000000007e-03 -1.056099999999999921e-02 9.999400000000000510e-01 -3.282399999999999901e-02 -9.994060000000000166e-01 -1.045500000000000075e-02 9.994560000000000111e-01 -3.278999999999999970e-02 -3.422999999999999828e-03
2.100000000000000000e+01 3.000000000000000000e+00 2.500000000000000000e+01 0.000000000000000000e+00 1.600000000000000089e+00 -1.544000000000000017e-03 1.869999999999999917e-03 9.999970000000000248e-01 -3.398099999999999732e-02 -9.994210000000000038e-01 1.817000000000000039e-03 9.994210000000000038e-01 -3.397800000000000126e-02 1.606999999999999922e-03
2.100000000000000000e+01 4.600000000000000000e+01 2.700000000000000000e+01 0.000000000000000000e+00 1.600000000000000089e+00 -1.319999999999999993e-03 -1.700000000000000122e-04 -9.999989999999999712e-01 6.764139999999999597e-01 7.365209999999999813e-01 -1.018000000000000025e-03 7.365199999999999525e-01 -6.764149999999999885e-01 -8.580000000000000387e-04
3.000000000000000000e+00 4.600000000000000000e+01 3.500000000000000000e+01 0.000000000000000000e+00 1.600000000000000089e+00 -1.013999999999999927e-03 -2.307000000000000023e-03 -9.999970000000000248e-01 3.914679999999999827e-01 -9.201899999999999524e-01 1.726000000000000104e-03 -9.201909999999999812e-01 -3.914650000000000074e-01 1.835999999999999958e-03
1.100000000000000000e+01 4.600000000000000000e+01 3.500000000000000000e+01 0.000000000000000000e+00 1.600000000000000089e+00 -4.000000000000000327e-05 1.789999999999999870e-04 -1.000000000000000000e+00 3.917209999999999859e-01 -9.200840000000000130e-01 -1.800000000000000113e-04 -9.200840000000000130e-01 -3.917209999999999859e-01 -3.300000000000000253e-05
2.100000000000000000e+01 4.600000000000000000e+01 3.500000000000000000e+01 0.000000000000000000e+00 1.600000000000000089e+00 -1.258999999999999920e-03 -1.060000000000000016e-04 -9.999989999999999712e-01 3.906959999999999877e-01 -9.205200000000000049e-01 -3.939999999999999817e-04 -9.205189999999999761e-01 -3.906959999999999877e-01 1.199999999999999895e-03
2.800000000000000000e+01 4.600000000000000000e+01 3.500000000000000000e+01 0.000000000000000000e+00 1.600000000000000089e+00 -8.399999999999999535e-05 -2.716999999999999797e-03 -9.999959999999999960e-01 3.888059999999999850e-01 -9.213160000000000238e-01 2.471000000000000106e-03 -9.213200000000000278e-01 -3.888039999999999830e-01 1.134000000000000025e-03
1.300000000000000000e+01 9.500000000000000000e+01 3.600000000000000000e+01 0.000000000000000000e+00 1.600000000000000089e+00 3.180000000000000101e-03 9.645000000000000795e-03 9.999479999999999480e-01 9.967019999999999769e-01 8.105099999999999805e-02 -3.950999999999999651e-03 -8.108500000000000429e-02 9.966629999999999656e-01 -9.355000000000000468e-03
1.900000000000000000e+01 9.500000000000000000e+01 3.600000000000000000e+01 0.000000000000000000e+00 1.600000000000000089e+00 2.784000000000000016e-03 5.961000000000000153e-03 9.999780000000000335e-01 9.962419999999999609e-01 8.655000000000000193e-02 -3.289999999999999956e-03 -8.656800000000000606e-02 9.962299999999999489e-01 -5.696999999999999807e-03
2.000000000000000000e+00 2.900000000000000000e+01 4.400000000000000000e+01 0.000000000000000000e+00 1.600000000000000089e+00 -3.052000000000000025e-03 -2.374999999999999941e-03 -9.999919999999999920e-01 6.582580000000000098e-01 7.527829999999999799e-01 -3.797000000000000028e-03 7.527859999999999552e-01 -6.582649999999999890e-01 -7.339999999999999520e-04
1.100000000000000000e+01 2.900000000000000000e+01 4.400000000000000000e+01 0.000000000000000000e+00 1.600000000000000089e+00 3.060000000000000111e-04 -1.840000000000000001e-04 -1.000000000000000000e+00 6.616060000000000274e-01 7.498510000000000453e-01 6.399999999999999710e-05 7.498510000000000453e-01 -6.616060000000000274e-01 3.510000000000000208e-04
2.100000000000000000e+01 2.900000000000000000e+01 4.400000000000000000e+01 0.000000000000000000e+00 1.600000000000000089e+00 -6.899999999999999667e-05 2.226000000000000114e-03 -9.999980000000000535e-01 6.617539999999999534e-01 7.497190000000000243e-01 1.623000000000000094e-03 7.497209999999999708e-01 -6.617520000000000069e-01 -1.525000000000000097e-03
2.500000000000000000e+01 2.900000000000000000e+01 4.400000000000000000e+01 0.000000000000000000e+00 1.600000000000000089e+00 -1.154999999999999994e-03 3.291999999999999788e-03 -9.999940000000000495e-01 6.448829999999999840e-01 7.642790000000000417e-01 1.771000000000000005e-03 7.642799999999999594e-01 -6.448770000000000335e-01 -3.005999999999999991e-03
3.000000000000000000e+01 2.900000000000000000e+01 4.400000000000000000e+01 0.000000000000000000e+00 1.600000000000000089e+00 -1.244000000000000097e-03 -2.849999999999999886e-04 -9.999989999999999712e-01 6.487709999999999866e-01 7.609829999999999650e-01 -1.023999999999999954e-03 7.609829999999999650e-01 -6.487720000000000153e-01 -7.619999999999999820e-04
1.600000000000000000e+01 5.000000000000000000e+00 5.100000000000000000e+01 0.000000000000000000e+00 1.600000000000000089e+00 -1.800000000000000113e-04 7.115999999999999930e-03 -9.999749999999999472e-01 4.884569999999999745e-01 -8.725659999999999528e-01 -6.297999999999999779e-03 -8.725880000000000303e-01 -4.884450000000000180e-01 -3.318999999999999902e-03
2.900000000000000000e+01 5.000000000000000000e+00 5.100000000000000000e+01 0.000000000000000000e+00 1.600000000000000089e+00 4.501999999999999925e-03 5.952999999999999958e-03 -9.999719999999999720e-01 4.864769999999999928e-01 -8.736880000000000202e-01 -3.010999999999999788e-03 -8.736819999999999586e-01 -4.864499999999999935e-01 -6.829000000000000001e-03
1.900000000000000000e+01 6.000000000000000000e+00 5.100000000000000000e+01 0.000000000000000000e+00 1.600000000000000089e+00 6.899999999999999667e-05 4.375000000000000416e-03 -9.999900000000000455e-01 3.151010000000000200e-01 -9.490490000000000315e-01 -4.129999999999999991e-03 -9.490579999999999572e-01 -3.150979999999999892e-01 -1.443999999999999971e-03
5.000000000000000000e+00 1.150000000000000000e+02 5.100000000000000000e+01 0.000000000000000000e+00 1.600000000000000089e+00 3.519999999999999908e-04 1.255000000000000039e-03 9.999989999999999712e-01 8.467980000000000507e-01 -5.319150000000000267e-01 3.699999999999999947e-04 5.319150000000000267e-01 8.467970000000000219e-01 -1.250000000000000026e-03
3.000000000000000000e+01 1.600000000000000000e+01 5.200000000000000000e+01 0.000000000000000000e+00 1.600000000000000089e+00 -4.283000000000000348e-03 7.100000000000000462e-05 -9.999909999999999632e-01 7.750240000000000462e-01 6.319230000000000125e-01 -3.275000000000000133e-03 6.319169999999999510e-01 -7.750310000000000255e-01 -2.760999999999999999e-03
2.600000000000000000e+01 5.800000000000000000e+01 5.200000000000000000e+01 0.000000000000000000e+00 1.600000000000000089e+00 6.120000000000000223e-04 -7.546999999999999889e-03 9.999710000000000543e-01 -6.306500000000000439e-01 7.760430000000000383e-01 6.243000000000000285e-03 -7.760669999999999513e-01 -6.306349999999999456e-01 -4.284999999999999747e-03
7.000000000000000000e+00 6.300000000000000000e+01 5.400000000000000000e+01 0.000000000000000000e+00 1.600000000000000089e+00 1.433000000000000029e-03 -2.026000000000000023e-03 9.999970000000000248e-01 -3.466130000000000044e-01 9.380049999999999777e-01 2.396999999999999825e-03 -9.380070000000000352e-01 -3.466150000000000064e-01 6.419999999999999925e-04
1.100000000000000000e+01 6.300000000000000000e+01 5.400000000000000000e+01 0.000000000000000000e+00 1.600000000000000089e+00 -7.500000000000000156e-04 9.070000000000000371e-04 9.999989999999999712e-01 -3.423200000000000132e-01 9.395829999999999460e-01 -1.108999999999999960e-03 -9.395829999999999460e-01 -3.423200000000000132e-01 -3.939999999999999817e-04
2.000000000000000000e+01 6.300000000000000000e+01 5.400000000000000000e+01 0.000000000000000000e+00 1.600000000000000089e+00 -2.369999999999999874e-04 2.909999999999999826e-03 9.999959999999999960e-01 -3.462509999999999755e-01 9.381380000000000274e-01 -2.811999999999999830e-03 -9.381420000000000314e-01 -3.462500000000000022e-01 7.860000000000000233e-04
2.000000000000000000e+00 2.500000000000000000e+01 5.500000000000000000e+01 0.000000000000000000e+00 1.600000000000000089e+00 5.090000000000000123e-04 -1.820000000000000057e-04 -1.000000000000000000e+00 -1.108800000000000063e-02 -9.999379999999999935e-01 1.759999999999999954e-04 -9.999379999999999935e-01 1.108800000000000063e-02 -5.109999999999999525e-04
1.500000000000000000e+01 2.500000000000000000e+01 5.500000000000000000e+01 0.000000000000000000e+00 1.600000000000000089e+00 1.234999999999999987e-03 4.800000000000000122e-05 -9.999989999999999712e-01 -1.157700000000000048e-02 -9.999329999999999607e-01 -6.200000000000000270e-05 -9.999320000000000430e-01 1.157700000000000048e-02 -1.234000000000000071e-03
2.200000000000000000e+01 2.500000000000000000e+01 5.500000000000000000e+01 0.000000000000000000e+00 1.600000000000000089e+00 -1.320000000000000101e-04 1.572000000000000047e-03 -9.999989999999999712e-01 -1.142999999999999919e-02 -9.999329999999999607e-01 -1.569999999999999998e-03 -9.999350000000000183e-01 1.142999999999999919e-02 1.499999999999999869e-04
1.900000000000000000e+01 2.000000000000000000e+01 6.000000000000000000e+01 0.000000000000000000e+00 1.600000000000000089e+00 -7.770000000000000214e-04 -3.680000000000000003e-04 1.000000000000000000e+00 -6.275000000000000022e-02 9.980290000000000550e-01 3.179999999999999776e-04 -9.980290000000000550e-01 -6.275000000000000022e-02 -7.979999999999999897e-04
2.400000000000000000e+01 2.000000000000000000e+01 6.000000000000000000e+01 0.000000000000000000e+00 1.600000000000000089e+00 1.691000000000000012e-03 2.407999999999999984e-03 9.999959999999999960e-01 -6.156799999999999773e-02 9.980999999999999872e-01 -2.298999999999999828e-03 -9.981010000000000160e-01 -6.156299999999999967e-02 1.835999999999999958e-03
4.000000000000000000e+00 2.100000000000000000e+01 6.000000000000000000e+01 0.000000000000000000e+00 1.600000000000000089e+00 1.015999999999999976e-03 -9.590000000000000000e-04 9.999989999999999712e-01 -9.256000000000000338e-02 9.957070000000000087e-01 1.049000000000000019e-03 -9.957070000000000087e-01 -9.256100000000000438e-02 9.219999999999999680e-04
1.100000000000000000e+01 2.100000000000000000e+01 6.000000000000000000e+01 0.000000000000000000e+00 1.600000000000000089e+00 -5.240000000000000517e-04 7.232999999999999846e-03 9.999740000000000295e-01 -9.701400000000000301e-02 9.952569999999999473e-01 -7.249000000000000235e-03 -9.952830000000000288e-01 -9.701500000000000401e-02 1.800000000000000113e-04
1.500000000000000000e+01 2.100000000000000000e+01 6.000000000000000000e+01 0.000000000000000000e+00 1.600000000000000089e+00 1.319999999999999993e-03 3.305000000000000212e-03 9.999940000000000495e-01 -9.618899999999999673e-02 9.953579999999999650e-01 -3.163000000000000013e-03 -9.953619999999999690e-01 -9.618400000000000560e-02 1.631999999999999987e-03
2.700000000000000000e+01 2.100000000000000000e+01 6.000000000000000000e+01 0.000000000000000000e+00 1.600000000000000089e+00 1.152999999999999945e-03 4.260000000000000006e-04 9.999989999999999712e-01 -9.558099999999999929e-02 9.954220000000000290e-01 -3.139999999999999888e-04 -9.954210000000000003e-01 -9.557999999999999829e-02 1.188000000000000037e-03
2.200000000000000000e+01 6.700000000000000000e+01 6.000000000000000000e+01 0.000000000000000000e+00 1.600000000000000089e+00 -7.950000000000000252e-04 -4.150000000000000043e-03 9.999909999999999632e-01 1.726419999999999899e-01 -9.849769999999999914e-01 -3.950999999999999651e-03 9.849839999999999707e-01 1.726370000000000127e-01 1.500000000000000031e-03
1.200000000000000000e+01 3.000000000000000000e+00 6.300000000000000000e+01 0.000000000000000000e+00 1.600000000000000089e+00 1.304000000000000038e-03 -5.462999999999999974e-03 9.999839999999999840e-01 -6.122499999999999609e-01 7.906480000000000175e-01 5.118000000000000153e-03 -7.906630000000000047e-01 -6.122469999999999857e-01 -2.314000000000000085e-03
4.000000000000000000e+00 2.700000000000000000e+01 6.300000000000000000e+01 0.000000000000000000e+00 1.600000000000000089e+00 -1.347000000000000107e-03 7.451000000000000158e-03 9.999710000000000543e-01 -2.697309999999999985e-01 9.629060000000000397e-01 -7.538000000000000429e-03 -9.629349999999999854e-01 -2.697330000000000005e-01 7.129999999999999836e-04
1.100000000000000000e+01 2.700000000000000000e+01 6.300000000000000000e+01 0.000000000000000000e+00 1.600000000000000089e+00 6.329999999999999906e-04 -9.282000000000000320e-03 9.999569999999999848e-01 -2.747709999999999875e-01 9.614669999999999606e-01 9.098999999999999450e-03 -9.615099999999999758e-01 -2.747649999999999815e-01 -1.941999999999999933e-03
1.500000000000000000e+01 2.700000000000000000e+01 6.300000000000000000e+01 0.000000000000000000e+00 1.600000000000000089e+00 3.075000000000000042e-03 -4.593999999999999993e-03 9.999850000000000128e-01 -2.733479999999999799e-01 9.619010000000000060e-01 5.258999999999999786e-03 -9.619100000000000428e-01 -2.733599999999999919e-01 1.701999999999999954e-03
2.000000000000000000e+01 2.700000000000000000e+01 6.300000000000000000e+01 0.000000000000000000e+00 1.600000000000000089e+00 4.970000000000000459e-04 -1.881999999999999992e-03 9.999980000000000535e-01 -2.717589999999999728e-01 9.623629999999999685e-01 1.946000000000000030e-03 -9.623650000000000260e-01 -2.717600000000000016e-01 -3.300000000000000253e-05
2.800000000000000000e+01 2.700000000000000000e+01 6.300000000000000000e+01 0.000000000000000000e+00 1.600000000000000089e+00 6.449999999999999570e-04 -3.706000000000000093e-03 9.999930000000000208e-01 -2.747109999999999830e-01 9.615190000000000126e-01 3.740999999999999968e-03 -9.615270000000000206e-01 -2.747120000000000117e-01 -3.980000000000000248e-04
5.000000000000000000e+00 2.600000000000000000e+01 6.400000000000000000e+01 0.000000000000000000e+00 1.600000000000000089e+00 -3.480000000000000020e-03 5.734000000000000381e-03 9.999770000000000048e-01 -3.644899999999999807e-01 9.311840000000000117e-01 -6.608000000000000158e-03 -9.312009999999999454e-01 -3.645039999999999947e-01 -1.149999999999999981e-03
1.200000000000000000e+01 2.600000000000000000e+01 6.400000000000000000e+01 0.000000000000000000e+00 1.600000000000000089e+00 2.871999999999999987e-03 -6.780999999999999701e-03 9.999730000000000008e-01 -3.709669999999999912e-01 9.286170000000000258e-01 7.361999999999999621e-03 -9.286410000000000498e-01 -3.709779999999999744e-01 1.520000000000000084e-04
1.600000000000000000e+01 2.600000000000000000e+01 6.400000000000000000e+01 0.000000000000000000e+00 1.600000000000000089e+00 2.645999999999999915e-03 -2.762000000000000132e-03 9.999930000000000208e-01 -3.657540000000000235e-01 9.307050000000000045e-01 3.537999999999999912e-03 -9.307079999999999798e-01 -3.657599999999999740e-01 1.453000000000000081e-03
2.100000000000000000e+01 2.600000000000000000e+01 6.400000000000000000e+01 0.000000000000000000e+00 1.600000000000000089e+00 9.810000000000001011e-04 -3.969999999999999571e-03 9.999919999999999920e-01 -3.646750000000000269e-01 9.311260000000000092e-01 4.054000000000000312e-03 -9.311340000000000172e-01 -3.646760000000000002e-01 -5.339999999999999695e-04
2.600000000000000000e+01 2.600000000000000000e+01 6.400000000000000000e+01 0.000000000000000000e+00 1.600000000000000089e+00 6.610000000000000207e-04 -3.425999999999999792e-03 9.999940000000000495e-01 -3.681900000000000173e-01 9.297440000000000149e-01 3.429000000000000190e-03 -9.297499999999999654e-01 -3.681900000000000173e-01 -6.470000000000000057e-04
1.200000000000000000e+01 6.900000000000000000e+01 6.600000000000000000e+01 0.000000000000000000e+00 1.600000000000000089e+00 -4.151000000000000176e-03 -3.449999999999999942e-03 9.999850000000000128e-01 -9.467100000000000515e-01 3.220740000000000269e-01 -2.818999999999999891e-03 -3.220589999999999842e-01 -9.467079999999999940e-01 -4.603000000000000320e-03
1.700000000000000000e+01 6.900000000000000000e+01 6.600000000000000000e+01 0.000000000000000000e+00 1.600000000000000089e+00 9.060000000000000128e-04 -1.420999999999999954e-03 9.999989999999999712e-01 -9.467210000000000347e-01 3.220509999999999762e-01 1.314999999999999980e-03 -3.220520000000000049e-01 -9.467210000000000347e-01 -1.054000000000000032e-03
2.600000000000000000e+01 6.900000000000000000e+01 6.600000000000000000e+01 0.000000000000000000e+00 1.600000000000000089e+00 -2.276999999999999944e-03 -5.063999999999999925e-03 9.999850000000000128e-01 -9.479670000000000041e-01 3.183690000000000131e-01 -5.460000000000000443e-04 -3.183619999999999783e-01 -9.479530000000000456e-01 -5.525000000000000397e-03
5.000000000000000000e+00 2.500000000000000000e+01 7.300000000000000000e+01 0.000000000000000000e+00 1.600000000000000089e+00 6.049999999999999606e-04 1.699999999999999987e-05 1.000000000000000000e+00 7.541900000000000270e-01 -6.566570000000000462e-01 -4.449999999999999746e-04 6.566560000000000175e-01 7.541900000000000270e-01 -4.099999999999999912e-04
1.300000000000000000e+01 2.500000000000000000e+01 7.300000000000000000e+01 0.000000000000000000e+00 1.600000000000000089e+00 1.951000000000000043e-03 3.199999999999999855e-05 9.999980000000000535e-01 7.600710000000000521e-01 -6.498380000000000267e-01 -1.461999999999999975e-03 6.498369999999999980e-01 7.600729999999999986e-01 -1.291999999999999963e-03
2.000000000000000000e+01 2.500000000000000000e+01 7.300000000000000000e+01 0.000000000000000000e+00 1.600000000000000089e+00 -1.013999999999999927e-03 -1.955000000000000140e-03 9.999980000000000535e-01 7.554950000000000276e-01 -6.551540000000000141e-01 -5.150000000000000498e-04 6.551529999999999854e-01 7.554929999999999701e-01 2.141000000000000108e-03
2.900000000000000000e+01 2.500000000000000000e+01 7.300000000000000000e+01 0.000000000000000000e+00 1.600000000000000089e+00 3.869999999999999742e-04 -1.531999999999999942e-03 9.999989999999999712e-01 7.530240000000000267e-01 -6.579909999999999926e-01 -1.299999999999999940e-03 6.579930000000000501e-01 7.530240000000000267e-01 8.989999999999999511e-04
2.000000000000000000e+00 4.400000000000000000e+01 7.300000000000000000e+01 0.000000000000000000e+00 1.600000000000000089e+00 5.079999999999999880e-04 -1.495000000000000018e-03 9.999989999999999712e-01 5.373399999999999704e-02 -9.985540000000000527e-01 -1.520000000000000084e-03 9.985549999999999704e-01 5.373399999999999704e-02 -4.270000000000000249e-04
7.000000000000000000e+00 4.400000000000000000e+01 7.300000000000000000e+01 0.000000000000000000e+00 1.600000000000000089e+00 -3.000000000000000076e-06 1.376999999999999969e-03 9.999989999999999712e-01 5.497699999999999809e-02 -9.984870000000000134e-01 1.376000000000000053e-03 9.984880000000000422e-01 5.497699999999999809e-02 -7.299999999999999903e-05
1.400000000000000000e+01 4.400000000000000000e+01 7.300000000000000000e+01 0.000000000000000000e+00 1.600000000000000089e+00 -2.959999999999999849e-04 -1.258999999999999920e-03 9.999989999999999712e-01 5.515599999999999670e-02 -9.984769999999999479e-01 -1.240999999999999916e-03 9.984779999999999767e-01 5.515599999999999670e-02 3.649999999999999816e-04
2.000000000000000000e+01 4.400000000000000000e+01 7.300000000000000000e+01 0.000000000000000000e+00 1.600000000000000089e+00 8.249999999999999955e-04 2.999999999999999737e-04 1.000000000000000000e+00 5.680299999999999933e-02 -9.983849999999999669e-01 2.530000000000000239e-04 9.983849999999999669e-01 5.680299999999999933e-02 -8.409999999999999507e-04
2.700000000000000000e+01 4.400000000000000000e+01 7.300000000000000000e+01 0.000000000000000000e+00 1.600000000000000089e+00 1.781999999999999947e-03 2.376000000000000074e-03 9.999959999999999960e-01 5.892399999999999721e-02 -9.982600000000000362e-01 2.266999999999999918e-03 9.982609999999999539e-01 5.891899999999999915e-02 -1.918999999999999916e-03
9.000000000000000000e+00 2.500000000000000000e+01 7.400000000000000000e+01 0.000000000000000000e+00 1.600000000000000089e+00 6.849999999999999535e-04 1.975999999999999892e-03 9.999980000000000535e-01 8.307350000000000012e-01 -5.566680000000000517e-01 5.310000000000000050e-04 5.566680000000000517e-01 8.307330000000000547e-01 -2.023000000000000059e-03
1.400000000000000000e+01 9.900000000000000000e+01 7.500000000000000000e+01 0.000000000000000000e+00 1.600000000000000089e+00 -3.037000000000000203e-03 -4.793000000000000385e-03 -9.999839999999999840e-01 -8.839709999999999512e-01 4.675409999999999844e-01 4.440000000000000045e-04 4.675320000000000031e-01 8.839580000000000215e-01 -5.656999999999999702e-03
7.000000000000000000e+00 9.100000000000000000e+01 7.600000000000000000e+01 0.000000000000000000e+00 1.600000000000000089e+00 -4.569999999999999952e-04 -1.044999999999999922e-03 9.999989999999999712e-01 3.028699999999999726e-01 -9.530309999999999615e-01 -8.570000000000000144e-04 9.530319999999999903e-01 3.028699999999999726e-01 7.519999999999999558e-04
1.300000000000000000e+01 9.100000000000000000e+01 7.600000000000000000e+01 0.000000000000000000e+00 1.600000000000000089e+00 -1.899999999999999996e-03 -2.295999999999999864e-03 9.999959999999999960e-01 2.939860000000000251e-01 -9.558079999999999909e-01 -1.636000000000000084e-03 9.558079999999999909e-01 2.939820000000000211e-01 2.491000000000000159e-03
1.800000000000000000e+01 9.100000000000000000e+01 7.600000000000000000e+01 0.000000000000000000e+00 1.600000000000000089e+00 -8.829999999999999958e-04 -1.029999999999999964e-04 1.000000000000000000e+00 2.858580000000000010e-01 -9.582720000000000127e-01 1.540000000000000028e-04 9.582720000000000127e-01 2.858580000000000010e-01 8.750000000000000182e-04
2.100000000000000000e+01 9.100000000000000000e+01 7.600000000000000000e+01 0.000000000000000000e+00 1.600000000000000089e+00 -1.899999999999999996e-03 -8.319999999999999488e-04 9.999980000000000535e-01 2.870360000000000134e-01 -9.579199999999999937e-01 -2.519999999999999996e-04 9.579180000000000472e-01 2.870349999999999846e-01 2.059000000000000066e-03
