2.700000000000000000e+01 2.500000000000000000e+01 1.000000000000000000e+00 0.000000000000000000e+00 1.600000000000000089e+00 2.298999999999999828e-03 1.552999999999999910e-03 -9.999959999999999960e-01 -5.205929999999999724e-01 -8.538019999999999499e-01 -2.523000000000000069e-03 -8.538019999999999499e-01 5.205959999999999477e-01 -1.154000000000000078e-03
2.000000000000000000e+01 1.900000000000000000e+01 5.000000000000000000e+00 0.000000000000000000e+00 1.600000000000000089e+00 -1.781999999999999947e-03 -1.492999999999999969e-03 -9.999970000000000248e-01 -6.935320000000000373e-01 -7.204220000000000068e-01 2.311999999999999819e-03 -7.204230000000000356e-01 6.935339999999999838e-01 2.480000000000000108e-04
1.000000000000000000e+00 1.010000000000000000e+02 7.000000000000000000e+00 0.000000000000000000e+00 1.600000000000000089e+00 1.013000000000000012e-03 1.037800000000000007e-02 9.999460000000000015e-01 8.807850000000000401e-01 4.734809999999999852e-01 -5.806000000000000397e-03 -4.735159999999999925e-01 8.807430000000000536e-01 -8.661000000000000296e-03
7.000000000000000000e+00 1.010000000000000000e+02 7.000000000000000000e+00 0.000000000000000000e+00 1.600000000000000089e+00 2.213999999999999822e-03 4.199999999999999768e-05 9.999980000000000535e-01 8.817589999999999595e-01 4.716960000000000042e-01 -1.971999999999999795e-03 -4.716940000000000022e-01 8.817610000000000170e-01 1.007000000000000083e-03
1.200000000000000000e+01 1.010000000000000000e+02 7.000000000000000000e+00 0.000000000000000000e+00 1.600000000000000089e+00 2.854999999999999899e-03 -2.538800000000000084e-02 9.996739999999999515e-01 8.837829999999999853e-01 4.678030000000000244e-01 9.355999999999999733e-03 -4.678869999999999973e-01 8.834680000000000311e-01 2.377299999999999899e-02
1.900000000000000000e+01 1.010000000000000000e+02 7.000000000000000000e+00 0.000000000000000000e+00 1.600000000000000089e+00 9.699999999999999963e-05 1.463000000000000108e-03 9.999989999999999712e-01 8.867129999999999734e-01 4.623200000000000087e-01 -7.619999999999999820e-04 -4.623200000000000087e-01 8.867119999999999447e-01 -1.252000000000000075e-03
2.200000000000000000e+01 1.010000000000000000e+02 7.000000000000000000e+00 0.000000000000000000e+00 1.600000000000000089e+00 -3.039000000000000035e-03 7.504000000000000253e-03 9.999670000000000503e-01 8.868239999999999457e-01 4.621060000000000167e-01 -7.730000000000000326e-04 -4.620969999999999800e-01 8.867930000000000534e-01 -8.059000000000000191e-03
2.800000000000000000e+01 1.010000000000000000e+02 7.000000000000000000e+00 0.000000000000000000e+00 1.600000000000000089e+00 -2.884999999999999978e-03 5.511000000000000273e-03 9.999810000000000088e-01 8.852119999999999989e-01 4.651870000000000172e-01 -1.000000000000000082e-05 -4.651790000000000092e-01 8.851949999999999541e-01 -6.220999999999999967e-03
4.000000000000000000e+00 1.500000000000000000e+01 8.000000000000000000e+00 0.000000000000000000e+00 1.600000000000000089e+00 6.200000000000000270e-05 1.336200000000000061e-02 -9.999109999999999943e-01 -6.287880000000000136e-01 -7.775060000000000304e-01 -1.042900000000000077e-02 -7.775760000000000449e-01 6.287329999999999863e-01 8.352999999999999314e-03
2.000000000000000000e+00 2.500000000000000000e+01 8.000000000000000000e+00 0.000000000000000000e+00 1.600000000000000089e+00 1.917000000000000084e-03 -6.231999999999999693e-03 -9.999789999999999512e-01 4.443989999999999885e-01 8.958159999999999457e-01 -4.730999999999999962e-03 8.958270000000000399e-01 -4.443810000000000260e-01 4.486999999999999669e-03
7.000000000000000000e+00 2.500000000000000000e+01 8.000000000000000000e+00 0.000000000000000000e+00 1.600000000000000089e+00 2.090000000000000115e-04 3.550000000000000204e-03 -9.999940000000000495e-01 4.458710000000000173e-01 8.950909999999999700e-01 3.271000000000000036e-03 8.950970000000000315e-01 -4.458690000000000153e-01 -1.396000000000000105e-03
1.400000000000000000e+01 2.500000000000000000e+01 8.000000000000000000e+00 0.000000000000000000e+00 1.600000000000000089e+00 1.418999999999999906e-03 1.320000000000000101e-04 -9.999989999999999712e-01 4.449940000000000007e-01 8.955330000000000235e-01 7.500000000000000156e-04 8.955319999999999947e-01 -4.449940000000000007e-01 1.211999999999999970e-03
1.900000000000000000e+01 2.500000000000000000e+01 8.000000000000000000e+00 0.000000000000000000e+00 1.600000000000000089e+00 2.282000000000000174e-03 7.060000000000000303e-03 -9.999719999999999720e-01 4.422840000000000105e-01 8.968450000000000033e-01 7.341000000000000303e-03 8.968720000000000026e-01 -4.422889999999999877e-01 -1.075999999999999917e-03
2.200000000000000000e+01 2.500000000000000000e+01 8.000000000000000000e+00 0.000000000000000000e+00 1.600000000000000089e+00 3.609999999999999928e-04 5.631999999999999854e-03 -9.999839999999999840e-01 4.414959999999999996e-01 8.972480000000000455e-01 5.212999999999999752e-03 8.972630000000000328e-01 -4.414910000000000223e-01 -2.162999999999999992e-03
2.600000000000000000e+01 2.500000000000000000e+01 8.000000000000000000e+00 0.000000000000000000e+00 1.600000000000000089e+00 -1.711000000000000064e-03 -8.656000000000000499e-03 -9.999609999999999888e-01 4.427860000000000129e-01 8.965870000000000228e-01 -8.519000000000000530e-03 8.966260000000000341e-01 -4.427829999999999822e-01 2.298999999999999828e-03
1.000000000000000000e+00 2.400000000000000000e+01 9.000000000000000000e+00 0.000000000000000000e+00 1.600000000000000089e+00 1.484000000000000076e-03 -7.803000000000000040e-03 -9.999679999999999680e-01 4.527669999999999750e-01 8.916070000000000384e-01 -6.285999999999999921e-03 8.916279999999999761e-01 -4.527430000000000065e-01 4.856000000000000073e-03
6.000000000000000000e+00 2.400000000000000000e+01 9.000000000000000000e+00 0.000000000000000000e+00 1.600000000000000089e+00 -2.210000000000000050e-04 4.537000000000000234e-03 -9.999900000000000455e-01 4.535899999999999932e-01 8.912020000000000497e-01 3.943000000000000324e-03 8.912099999999999467e-01 -4.535850000000000160e-01 -2.255000000000000060e-03
1.100000000000000000e+01 2.400000000000000000e+01 9.000000000000000000e+00 0.000000000000000000e+00 1.600000000000000089e+00 1.807000000000000012e-03 1.704000000000000003e-03 -9.999970000000000248e-01 4.543179999999999996e-01 8.908359999999999612e-01 2.338999999999999933e-03 8.908380000000000187e-01 -4.543209999999999749e-01 8.360000000000000460e-04
1.400000000000000000e+01 2.400000000000000000e+01 9.000000000000000000e+00 0.000000000000000000e+00 1.600000000000000089e+00 1.930999999999999991e-03 4.000000000000000192e-04 -9.999980000000000535e-01 4.526999999999999913e-01 8.916619999999999546e-01 1.231000000000000106e-03 8.916610000000000369e-01 -4.527019999999999933e-01 1.541000000000000052e-03
1.800000000000000000e+01 2.400000000000000000e+01 9.000000000000000000e+00 0.000000000000000000e+00 1.600000000000000089e+00 2.203999999999999796e-03 4.629000000000000302e-03 -9.999869999999999592e-01 4.507249999999999868e-01 8.926479999999999970e-01 5.125000000000000215e-03 8.926600000000000090e-01 -4.507309999999999928e-01 -1.190000000000000058e-04
2.200000000000000000e+01 2.400000000000000000e+01 9.000000000000000000e+00 0.000000000000000000e+00 1.600000000000000089e+00 3.559999999999999797e-04 6.212999999999999773e-03 -9.999810000000000088e-01 4.490179999999999727e-01 8.935049999999999937e-01 5.710999999999999931e-03 8.935229999999999562e-01 -4.490109999999999935e-01 -2.471999999999999805e-03
2.600000000000000000e+01 2.400000000000000000e+01 9.000000000000000000e+00 0.000000000000000000e+00 1.600000000000000089e+00 -1.930000000000000075e-03 -7.754999999999999741e-03 -9.999679999999999680e-01 4.501689999999999858e-01 8.929089999999999527e-01 -7.792999999999999580e-03 8.929409999999999847e-01 -4.501700000000000146e-01 1.766999999999999908e-03
3.000000000000000000e+00 3.500000000000000000e+01 1.200000000000000000e+01 0.000000000000000000e+00 1.600000000000000089e+00 -1.407000000000000048e-03 1.350000000000000017e-04 -9.999989999999999712e-01 4.678030000000000244e-01 -8.838319999999999510e-01 -7.770000000000000214e-04 -8.838319999999999510e-01 -4.678039999999999976e-01 1.180999999999999975e-03
8.000000000000000000e+00 3.500000000000000000e+01 1.200000000000000000e+01 0.000000000000000000e+00 1.600000000000000089e+00 3.997999999999999818e-03 -5.531999999999999591e-03 -9.999770000000000048e-01 4.791929999999999801e-01 -8.776840000000000197e-01 6.771000000000000109e-03 -8.777009999999999534e-01 -4.792089999999999961e-01 -8.580000000000000387e-04
1.200000000000000000e+01 3.500000000000000000e+01 1.200000000000000000e+01 0.000000000000000000e+00 1.600000000000000089e+00 1.172000000000000082e-03 -6.134999999999999828e-03 -9.999810000000000088e-01 4.814760000000000151e-01 -8.764389999999999681e-01 5.941000000000000100e-03 -8.764589999999999881e-01 -4.814729999999999843e-01 1.926999999999999894e-03
1.600000000000000000e+01 3.500000000000000000e+01 1.200000000000000000e+01 0.000000000000000000e+00 1.600000000000000089e+00 -9.500000000000000523e-05 -4.166999999999999697e-03 -9.999909999999999632e-01 4.761549999999999949e-01 -8.793539999999999690e-01 3.618999999999999821e-03 -8.793619999999999770e-01 -4.761500000000000177e-01 2.067999999999999960e-03
2.100000000000000000e+01 3.500000000000000000e+01 1.200000000000000000e+01 0.000000000000000000e+00 1.600000000000000089e+00 -1.369999999999999961e-04 2.412000000000000081e-03 -9.999970000000000248e-01 4.737629999999999897e-01 -8.806500000000000439e-01 -2.188999999999999974e-03 -8.806530000000000191e-01 -4.737609999999999877e-01 -1.021999999999999905e-03
2.700000000000000000e+01 3.500000000000000000e+01 1.200000000000000000e+01 0.000000000000000000e+00 1.600000000000000089e+00 -3.171000000000000207e-03 8.455000000000000709e-03 -9.999590000000000423e-01 4.995809999999999973e-01 -8.662220000000000475e-01 -8.907999999999999252e-03 -8.662619999999999765e-01 -4.995890000000000053e-01 -1.477000000000000014e-03
1.600000000000000000e+01 3.200000000000000000e+01 1.400000000000000000e+01 0.000000000000000000e+00 1.600000000000000089e+00 1.716000000000000077e-03 -9.300000000000000541e-04 -9.999980000000000535e-01 1.019270000000000037e-01 9.947920000000000096e-01 -7.500000000000000156e-04 9.947899999999999521e-01 -1.019250000000000017e-01 1.801999999999999999e-03
2.300000000000000000e+01 1.200000000000000000e+01 1.600000000000000000e+01 0.000000000000000000e+00 1.600000000000000089e+00 -2.419000000000000143e-03 2.135899999999999951e-02 9.997690000000000188e-01 2.068949999999999956e-01 -9.781290000000000262e-01 2.139800000000000035e-02 9.783600000000000074e-01 2.068989999999999996e-01 -2.053000000000000137e-03
2.900000000000000000e+01 1.200000000000000000e+01 1.600000000000000000e+01 0.000000000000000000e+00 1.600000000000000089e+00 3.240000000000000150e-04 -1.353700000000000042e-02 9.999080000000000190e-01 2.030069999999999930e-01 -9.790870000000000406e-01 -1.332000000000000024e-02 9.791769999999999641e-01 2.029930000000000068e-01 2.431000000000000001e-03
7.000000000000000000e+00 1.160000000000000000e+02 1.600000000000000000e+01 0.000000000000000000e+00 1.600000000000000089e+00 1.271999999999999910e-03 -1.886000000000000090e-03 9.999970000000000248e-01 7.573299999999999477e-01 6.530319999999999458e-01 2.680000000000000090e-04 -6.530310000000000281e-01 7.573280000000000012e-01 2.259000000000000157e-03
2.000000000000000000e+01 1.160000000000000000e+02 1.600000000000000000e+01 0.000000000000000000e+00 1.600000000000000089e+00 3.171000000000000207e-03 9.430000000000000448e-04 9.999949999999999672e-01 7.586380000000000345e-01 6.515050000000000008e-01 -3.020000000000000115e-03 -6.515050000000000008e-01 7.586429999999999563e-01 1.350000000000000071e-03
6.000000000000000000e+00 2.000000000000000000e+00 1.900000000000000000e+01 0.000000000000000000e+00 1.600000000000000089e+00 9.460000000000000093e-04 -4.478000000000000209e-03 -9.999900000000000455e-01 3.434349999999999903e-01 -9.391650000000000276e-01 4.530000000000000172e-03 -9.391760000000000108e-01 -3.434360000000000190e-01 6.499999999999999702e-04
1.400000000000000000e+01 2.000000000000000000e+00 1.900000000000000000e+01 0.000000000000000000e+00 1.600000000000000089e+00 -4.533999999999999836e-03 1.431400000000000033e-02 -9.998869999999999703e-01 3.329630000000000090e-01 -9.428199999999999914e-01 -1.500699999999999951e-02 -9.429290000000000171e-01 -3.329940000000000122e-01 -4.910000000000000085e-04
2.000000000000000000e+01 2.000000000000000000e+00 1.900000000000000000e+01 0.000000000000000000e+00 1.600000000000000089e+00 -5.858999999999999625e-03 1.545299999999999972e-02 -9.998629999999999463e-01 3.307499999999999885e-01 -9.435740000000000238e-01 -1.652100000000000096e-02 -9.436999999999999833e-01 -3.308019999999999849e-01 4.169999999999999987e-04
2.600000000000000000e+01 3.000000000000000000e+00 1.900000000000000000e+01 0.000000000000000000e+00 1.600000000000000089e+00 -6.400000000000000524e-04 1.912499999999999964e-02 -9.998169999999999558e-01 3.133239999999999914e-01 -9.494690000000000074e-01 -1.836300000000000085e-02 -9.496459999999999901e-01 -3.132780000000000009e-01 -5.383999999999999897e-03
2.600000000000000000e+01 4.000000000000000000e+00 2.000000000000000000e+01 0.000000000000000000e+00 1.600000000000000089e+00 3.199999999999999855e-05 2.067700000000000093e-02 -9.997859999999999525e-01 3.791399999999999770e-01 -9.251420000000000199e-01 -1.912099999999999911e-02 -9.253390000000000226e-01 -3.790589999999999793e-01 -7.868999999999999259e-03
1.500000000000000000e+01 1.300000000000000000e+01 2.000000000000000000e+01 0.000000000000000000e+00 1.600000000000000089e+00 6.229999999999999644e-04 -6.809999999999999647e-04 1.000000000000000000e+00 2.686749999999999972e-01 9.632309999999999484e-01 4.889999999999999599e-04 -9.632309999999999484e-01 2.686749999999999972e-01 7.829999999999999504e-04
1.700000000000000000e+01 1.300000000000000000e+01 2.000000000000000000e+01 0.000000000000000000e+00 1.600000000000000089e+00 5.119999999999999768e-04 -5.673000000000000091e-03 9.999839999999999840e-01 2.691450000000000231e-01 9.630849999999999689e-01 5.326000000000000005e-03 -9.630999999999999561e-01 2.691379999999999884e-01 2.020000000000000094e-03
2.200000000000000000e+01 1.300000000000000000e+01 2.000000000000000000e+01 0.000000000000000000e+00 1.600000000000000089e+00 5.050000000000000235e-04 -5.540000000000000219e-04 1.000000000000000000e+00 2.715009999999999923e-01 9.624380000000000157e-01 3.959999999999999762e-04 -9.624380000000000157e-01 2.715000000000000191e-01 6.369999999999999794e-04
2.500000000000000000e+01 1.300000000000000000e+01 2.000000000000000000e+01 0.000000000000000000e+00 1.600000000000000089e+00 7.950000000000000252e-04 2.909999999999999826e-03 9.999949999999999672e-01 2.732550000000000257e-01 9.619370000000000420e-01 -3.017000000000000150e-03 -9.619410000000000460e-01 2.732559999999999989e-01 -3.000000000000000076e-05
1.600000000000000000e+01 3.000000000000000000e+00 2.500000000000000000e+01 0.000000000000000000e+00 1.600000000000000089e+00 -3.369000000000000033e-03 1.348099999999999993e-02 9.999029999999999863e-01 5.589000000000000218e-03 -9.998930000000000318e-01 1.349999999999999985e-02 9.999789999999999512e-01 5.634000000000000119e-03 3.292999999999999920e-03
2.600000000000000000e+01 3.000000000000000000e+00 2.500000000000000000e+01 0.000000000000000000e+00 1.600000000000000089e+00 -2.933999999999999976e-03 2.247000000000000039e-02 9.997430000000000483e-01 -3.697399999999999992e-02 -9.990660000000000096e-01 2.234600000000000128e-02 9.993119999999999781e-01 -3.689900000000000124e-02 3.762000000000000153e-03
3.000000000000000000e+00 4.600000000000000000e+01 3.000000000000000000e+01 0.000000000000000000e+00 1.600000000000000089e+00 -1.525000000000000097e-03 7.900000000000000121e-04 -9.999989999999999712e-01 3.265830000000000122e-01 9.451690000000000369e-01 2.480000000000000108e-04 9.451669999999999794e-01 -3.265819999999999834e-01 -1.698999999999999989e-03
2.300000000000000000e+01 4.600000000000000000e+01 3.000000000000000000e+01 0.000000000000000000e+00 1.600000000000000089e+00 -4.939999999999999730e-04 -1.662000000000000066e-03 -9.999989999999999712e-01 3.258179999999999965e-01 9.454310000000000214e-01 -1.732000000000000033e-03 9.454320000000000501e-01 -3.258190000000000253e-01 7.499999999999999343e-05
2.000000000000000000e+00 5.800000000000000000e+01 3.100000000000000000e+01 0.000000000000000000e+00 1.600000000000000089e+00 5.006000000000000033e-03 8.052999999999999395e-03 9.999550000000000383e-01 -7.635739999999999750e-01 -6.456570000000000364e-01 9.022000000000000505e-03 6.457009999999999694e-01 -7.635849999999999582e-01 2.916999999999999888e-03
1.000000000000000000e+01 5.800000000000000000e+01 3.100000000000000000e+01 0.000000000000000000e+00 1.600000000000000089e+00 -1.020999999999999989e-03 2.739000000000000115e-03 9.999959999999999960e-01 -7.667540000000000466e-01 -6.419399999999999551e-01 9.749999999999999552e-04 6.419399999999999551e-01 -7.667500000000000426e-01 2.756000000000000203e-03
1.400000000000000000e+01 5.800000000000000000e+01 3.100000000000000000e+01 0.000000000000000000e+00 1.600000000000000089e+00 5.099999999999999960e-05 -3.569000000000000124e-03 9.999940000000000495e-01 -7.668329999999999869e-01 -6.418430000000000524e-01 -2.252000000000000095e-03 6.418469999999999454e-01 -7.668279999999999541e-01 -2.769999999999999893e-03
2.500000000000000000e+01 5.800000000000000000e+01 3.100000000000000000e+01 0.000000000000000000e+00 1.600000000000000089e+00 -6.872999999999999769e-03 -3.501000000000000206e-03 9.999700000000000255e-01 -7.613299999999999512e-01 -6.483219999999999539e-01 -7.501999999999999988e-03 6.483290000000000441e-01 -7.613590000000000080e-01 1.789999999999999925e-03
2.900000000000000000e+01 5.800000000000000000e+01 3.100000000000000000e+01 0.000000000000000000e+00 1.600000000000000089e+00 -9.029000000000000567e-03 -1.140500000000000021e-02 9.998939999999999495e-01 -7.614790000000000170e-01 -6.480320000000000524e-01 -1.426799999999999943e-02 6.481259999999999799e-01 -7.615269999999999539e-01 -2.833000000000000015e-03
3.000000000000000000e+00 4.600000000000000000e+01 3.500000000000000000e+01 0.000000000000000000e+00 1.600000000000000089e+00 7.179999999999999967e-04 5.205999999999999690e-03 -9.999860000000000415e-01 3.901540000000000008e-01 -9.207389999999999741e-01 -4.512999999999999651e-03 -9.207490000000000396e-01 -3.901459999999999928e-01 -2.693000000000000081e-03
1.200000000000000000e+01 4.600000000000000000e+01 3.500000000000000000e+01 0.000000000000000000e+00 1.600000000000000089e+00 -4.659999999999999971e-04 -6.719999999999999628e-04 -1.000000000000000000e+00 3.911780000000000257e-01 -9.203149999999999942e-01 4.360000000000000269e-04 -9.203149999999999942e-01 -3.911780000000000257e-01 6.920000000000000153e-04
1.600000000000000000e+01 4.600000000000000000e+01 3.500000000000000000e+01 0.000000000000000000e+00 1.600000000000000089e+00 7.240000000000000342e-04 -2.919999999999999961e-04 -1.000000000000000000e+00 3.917430000000000079e-01 -9.200739999999999474e-01 5.519999999999999733e-04 -9.200739999999999474e-01 -3.917439999999999811e-01 -5.519999999999999733e-04
2.400000000000000000e+01 4.600000000000000000e+01 3.500000000000000000e+01 0.000000000000000000e+00 1.600000000000000089e+00 -4.569999999999999952e-04 2.939999999999999905e-04 -1.000000000000000000e+00 3.918900000000000161e-01 -9.200120000000000520e-01 -4.490000000000000176e-04 -9.200120000000000520e-01 -3.918909999999999894e-01 3.049999999999999868e-04
2.800000000000000000e+01 4.600000000000000000e+01 3.500000000000000000e+01 0.000000000000000000e+00 1.600000000000000089e+00 1.018000000000000025e-03 1.659000000000000101e-03 -9.999980000000000535e-01 3.898610000000000131e-01 -9.208730000000000526e-01 -1.131000000000000061e-03 -9.208730000000000526e-01 -3.898590000000000111e-01 -1.583999999999999905e-03
4.000000000000000000e+00 2.900000000000000000e+01 4.400000000000000000e+01 0.000000000000000000e+00 1.600000000000000089e+00 8.369999999999999619e-04 -8.776000000000000814e-03 -9.999609999999999888e-01 6.683059999999999556e-01 7.438620000000000232e-01 -5.969000000000000347e-03 7.438860000000000472e-01 -6.682749999999999524e-01 6.487999999999999844e-03
1.100000000000000000e+01 2.900000000000000000e+01 4.400000000000000000e+01 0.000000000000000000e+00 1.600000000000000089e+00 -5.550000000000000462e-04 2.951000000000000064e-03 -9.999949999999999672e-01 6.639169999999999794e-01 7.478040000000000243e-01 1.838999999999999923e-03 7.478059999999999707e-01 -6.639119999999999466e-01 -2.374999999999999941e-03
1.700000000000000000e+01 2.900000000000000000e+01 4.400000000000000000e+01 0.000000000000000000e+00 1.600000000000000089e+00 5.280000000000000405e-04 8.000000000000000383e-04 -1.000000000000000000e+00 6.548110000000000319e-01 7.557920000000000194e-01 9.499999999999999981e-04 7.557930000000000481e-01 -6.548110000000000319e-01 -1.250000000000000026e-04
2.300000000000000000e+01 2.900000000000000000e+01 4.400000000000000000e+01 0.000000000000000000e+00 1.600000000000000089e+00 2.790000000000000054e-04 -1.742999999999999975e-03 -9.999980000000000535e-01 6.502769999999999939e-01 7.596969999999999557e-01 -1.142000000000000003e-03 7.596969999999999557e-01 -6.502750000000000474e-01 1.345000000000000058e-03
2.700000000000000000e+01 2.900000000000000000e+01 4.400000000000000000e+01 0.000000000000000000e+00 1.600000000000000089e+00 -2.109000000000000197e-03 -4.434999999999999706e-03 -9.999879999999999880e-01 6.522900000000000365e-01 7.579550000000000454e-01 -4.736999999999999891e-03 7.579669999999999463e-01 -6.522919999999999829e-01 1.294000000000000011e-03
2.200000000000000000e+01 6.500000000000000000e+01 4.600000000000000000e+01 0.000000000000000000e+00 1.600000000000000089e+00 -3.555000000000000000e-03 2.364999999999999915e-03 9.999909999999999632e-01 6.828109999999999458e-01 -7.305829999999999824e-01 4.154999999999999839e-03 7.305859999999999577e-01 6.828199999999999825e-01 9.820000000000000170e-04
8.000000000000000000e+00 7.000000000000000000e+01 4.700000000000000000e+01 0.000000000000000000e+00 1.600000000000000089e+00 4.813999999999999703e-03 3.249999999999999851e-04 -9.999879999999999880e-01 -8.464580000000000437e-01 -5.324379999999999669e-01 -4.248000000000000040e-03 -5.324330000000000451e-01 8.464690000000000270e-01 -2.288000000000000103e-03
2.100000000000000000e+01 7.000000000000000000e+01 4.700000000000000000e+01 0.000000000000000000e+00 1.600000000000000089e+00 3.998999999999999951e-03 1.724999999999999971e-03 -9.999900000000000455e-01 -8.481250000000000178e-01 -5.297779999999999712e-01 -4.304999999999999799e-03 -5.297809999999999464e-01 8.481349999999999723e-01 -6.549999999999999833e-04
3.000000000000000000e+00 5.000000000000000000e+00 5.100000000000000000e+01 0.000000000000000000e+00 1.600000000000000089e+00 6.666000000000000050e-03 -3.686000000000000040e-03 -9.999710000000000543e-01 4.862319999999999975e-01 -8.738059999999999716e-01 6.461999999999999862e-03 -8.738040000000000251e-01 -4.862609999999999988e-01 -4.031999999999999994e-03
1.000000000000000000e+01 5.000000000000000000e+00 5.100000000000000000e+01 0.000000000000000000e+00 1.600000000000000089e+00 1.892000000000000019e-03 5.746000000000000239e-03 -9.999820000000000375e-01 4.798649999999999860e-01 -8.773320000000000007e-01 -4.133999999999999654e-03 -8.773400000000000087e-01 -4.798490000000000255e-01 -4.418000000000000052e-03
2.500000000000000000e+01 5.000000000000000000e+00 5.100000000000000000e+01 0.000000000000000000e+00 1.600000000000000089e+00 -3.989999999999999949e-04 6.628000000000000211e-03 -9.999780000000000335e-01 4.891090000000000160e-01 -8.722020000000000328e-01 -5.976000000000000409e-03 -8.722229999999999706e-01 -4.891010000000000080e-01 -2.893999999999999871e-03
1.000000000000000000e+00 7.000000000000000000e+00 5.200000000000000000e+01 0.000000000000000000e+00 1.600000000000000089e+00 6.854999999999999982e-03 -2.740999999999999947e-03 -9.999730000000000008e-01 1.160479999999999984e-01 -9.932370000000000365e-01 3.517999999999999860e-03 -9.932199999999999918e-01 -1.160690000000000055e-01 -6.490000000000000109e-03
2.900000000000000000e+01 7.000000000000000000e+00 5.200000000000000000e+01 0.000000000000000000e+00 1.600000000000000089e+00 2.471999999999999805e-03 -3.576000000000000185e-03 -9.999909999999999632e-01 1.275600000000000067e-01 -9.918230000000000102e-01 3.861999999999999982e-03 -9.918280000000000429e-01 -1.275679999999999870e-01 -1.995999999999999944e-03
3.000000000000000000e+00 6.300000000000000000e+01 5.400000000000000000e+01 0.000000000000000000e+00 1.600000000000000089e+00 1.270000000000000078e-03 1.856999999999999927e-03 9.999970000000000248e-01 -3.465059999999999807e-01 9.380469999999999642e-01 -1.301999999999999989e-03 -9.380469999999999642e-01 -3.465039999999999787e-01 1.835000000000000043e-03
8.000000000000000000e+00 6.300000000000000000e+01 5.400000000000000000e+01 0.000000000000000000e+00 1.600000000000000089e+00 -1.747999999999999988e-03 3.170000000000000075e-04 9.999980000000000535e-01 -3.405859999999999999e-01 9.402129999999999654e-01 -8.930000000000000221e-04 -9.402120000000000477e-01 -3.405869999999999731e-01 -1.536000000000000039e-03
1.300000000000000000e+01 6.300000000000000000e+01 5.400000000000000000e+01 0.000000000000000000e+00 1.600000000000000089e+00 1.079999999999999960e-04 6.899999999999999667e-04 1.000000000000000000e+00 -3.443729999999999847e-01 9.388330000000000286e-01 -6.099999999999999737e-04 -9.388330000000000286e-01 -3.443720000000000114e-01 3.390000000000000001e-04
1.800000000000000000e+01 6.300000000000000000e+01 5.400000000000000000e+01 0.000000000000000000e+00 1.600000000000000089e+00 7.619999999999999820e-04 -2.106999999999999932e-03 9.999970000000000248e-01 -3.458140000000000103e-01 9.383000000000000229e-01 2.239999999999999804e-03 -9.383029999999999982e-01 -3.458149999999999835e-01 -1.399999999999999979e-05
2.500000000000000000e+01 2.000000000000000000e+01 6.000000000000000000e+01 0.000000000000000000e+00 1.600000000000000089e+00 -8.600000000000000331e-05 3.985999999999999960e-03 9.999919999999999920e-01 -6.223700000000000065e-02 9.980529999999999680e-01 -3.983000000000000429e-03 -9.980609999999999760e-01 -6.223700000000000065e-02 1.620000000000000075e-04
4.000000000000000000e+00 2.100000000000000000e+01 6.000000000000000000e+01 0.000000000000000000e+00 1.600000000000000089e+00 8.809999999999999472e-04 4.821999999999999897e-03 9.999879999999999880e-01 -9.363399999999999501e-02 9.955960000000000365e-01 -4.717999999999999972e-03 -9.956059999999999910e-01 -9.362800000000000289e-02 1.329000000000000103e-03
1.200000000000000000e+01 2.100000000000000000e+01 6.000000000000000000e+01 0.000000000000000000e+00 1.600000000000000089e+00 8.099999999999999561e-04 1.248999999999999893e-03 9.999989999999999712e-01 -9.557400000000000617e-02 9.954220000000000290e-01 -1.165999999999999936e-03 -9.954220000000000290e-01 -9.557300000000000517e-02 9.259999999999999568e-04
1.700000000000000000e+01 2.100000000000000000e+01 6.000000000000000000e+01 0.000000000000000000e+00 1.600000000000000089e+00 -1.387999999999999911e-03 -9.029000000000000567e-03 9.999580000000000135e-01 -9.233099999999999641e-02 9.956890000000000462e-01 8.862000000000000086e-03 -9.957270000000000287e-01 -9.231499999999999428e-02 -2.216000000000000088e-03
2.400000000000000000e+01 2.100000000000000000e+01 6.000000000000000000e+01 0.000000000000000000e+00 1.600000000000000089e+00 1.210000000000000002e-04 4.328000000000000250e-03 9.999909999999999632e-01 -9.443999999999999617e-02 9.955209999999999892e-01 -4.296999999999999605e-03 -9.955300000000000260e-01 -9.443899999999999517e-02 5.289999999999999564e-04
2.800000000000000000e+01 2.100000000000000000e+01 6.000000000000000000e+01 0.000000000000000000e+00 1.600000000000000089e+00 -4.979999999999999618e-04 7.499999999999999722e-03 9.999719999999999720e-01 -9.450300000000000367e-02 9.954960000000000475e-01 -7.513999999999999846e-03 -9.955239999999999645e-01 -9.450500000000000567e-02 2.130000000000000003e-04
7.000000000000000000e+00 6.000000000000000000e+00 6.100000000000000000e+01 0.000000000000000000e+00 1.600000000000000089e+00 1.281000000000000021e-03 9.060000000000000128e-04 9.999989999999999712e-01 5.658109999999999529e-01 -8.245350000000000179e-01 2.199999999999999943e-05 8.245339999999999892e-01 5.658109999999999529e-01 -1.569000000000000082e-03
1.600000000000000000e+01 6.000000000000000000e+00 6.100000000000000000e+01 0.000000000000000000e+00 1.600000000000000089e+00 2.219000000000000052e-03 -3.851999999999999955e-03 9.999900000000000455e-01 5.653960000000000097e-01 -8.248079999999999856e-01 -4.432000000000000176e-03 8.248170000000000224e-01 5.654000000000000137e-01 3.480000000000000020e-04
1.000000000000000000e+00 2.700000000000000000e+01 6.300000000000000000e+01 0.000000000000000000e+00 1.600000000000000089e+00 5.399999999999999798e-05 -3.789999999999999966e-04 1.000000000000000000e+00 -2.722749999999999893e-01 9.622190000000000465e-01 3.789999999999999966e-04 -9.622190000000000465e-01 -2.722749999999999893e-01 -5.099999999999999960e-05
4.000000000000000000e+00 2.700000000000000000e+01 6.300000000000000000e+01 0.000000000000000000e+00 1.600000000000000089e+00 2.299999999999999961e-03 5.061000000000000394e-03 9.999850000000000128e-01 -2.710589999999999944e-01 9.625529999999999919e-01 -4.248000000000000040e-03 -9.625599999999999712e-01 -2.710449999999999804e-01 3.586000000000000212e-03
1.200000000000000000e+01 2.700000000000000000e+01 6.300000000000000000e+01 0.000000000000000000e+00 1.600000000000000089e+00 1.330000000000000019e-03 -5.133000000000000410e-03 9.999860000000000415e-01 -2.719449999999999923e-01 9.622979999999999867e-01 5.301000000000000156e-03 -9.623119999999999452e-01 -2.719480000000000230e-01 -1.160000000000000007e-04
2.200000000000000000e+01 2.700000000000000000e+01 6.300000000000000000e+01 0.000000000000000000e+00 1.600000000000000089e+00 -2.310000000000000042e-04 -5.037999999999999944e-03 9.999869999999999592e-01 -2.734480000000000244e-01 9.618750000000000355e-01 4.782999999999999925e-03 -9.618870000000000475e-01 -2.734429999999999916e-01 -1.600000000000000077e-03
2.800000000000000000e+01 2.700000000000000000e+01 6.300000000000000000e+01 0.000000000000000000e+00 1.600000000000000089e+00 -3.379999999999999758e-04 8.009999999999999542e-04 1.000000000000000000e+00 -2.755940000000000056e-01 9.612739999999999618e-01 -8.630000000000000518e-04 -9.612739999999999618e-01 -2.755940000000000056e-01 -1.039999999999999936e-04
4.000000000000000000e+00 2.600000000000000000e+01 6.400000000000000000e+01 0.000000000000000000e+00 1.600000000000000089e+00 2.190999999999999805e-03 5.083999999999999977e-03 9.999850000000000128e-01 -3.599330000000000029e-01 9.329699999999999660e-01 -3.954000000000000049e-03 -9.329749999999999988e-01 -3.599189999999999889e-01 3.873999999999999840e-03
1.300000000000000000e+01 2.600000000000000000e+01 6.400000000000000000e+01 0.000000000000000000e+00 1.600000000000000089e+00 2.216999999999999787e-03 -4.762999999999999873e-03 9.999860000000000415e-01 -3.639859999999999762e-01 9.313900000000000512e-01 5.243000000000000264e-03 -9.314019999999999522e-01 -3.639919999999999822e-01 3.310000000000000225e-04
2.400000000000000000e+01 2.600000000000000000e+01 6.400000000000000000e+01 0.000000000000000000e+00 1.600000000000000089e+00 1.490000000000000005e-03 -4.439000000000000237e-03 9.999890000000000168e-01 -3.637639999999999763e-01 9.314789999999999459e-01 4.676999999999999734e-03 -9.314900000000000402e-01 -3.637670000000000070e-01 -2.269999999999999882e-04
2.900000000000000000e+01 2.600000000000000000e+01 6.400000000000000000e+01 0.000000000000000000e+00 1.600000000000000089e+00 -1.203000000000000076e-03 1.034999999999999896e-03 9.999989999999999712e-01 -3.649749999999999939e-01 9.310159999999999547e-01 -1.402000000000000034e-03 -9.310169999999999835e-01 -3.649760000000000226e-01 -7.420000000000000380e-04
1.300000000000000000e+01 6.900000000000000000e+01 6.600000000000000000e+01 0.000000000000000000e+00 1.600000000000000089e+00 3.297000000000000017e-03 -2.446999999999999956e-03 9.999919999999999920e-01 -9.517630000000000257e-01 3.068089999999999984e-01 3.889000000000000096e-03 -3.068150000000000044e-01 -9.517679999999999474e-01 -1.317000000000000028e-03
1.700000000000000000e+01 6.900000000000000000e+01 6.600000000000000000e+01 0.000000000000000000e+00 1.600000000000000089e+00 2.746000000000000177e-03 -1.010000000000000020e-04 9.999959999999999960e-01 -9.527259999999999618e-01 3.038179999999999770e-01 2.647000000000000047e-03 -3.038170000000000037e-01 -9.527299999999999658e-01 7.380000000000000492e-04
2.000000000000000000e+00 2.500000000000000000e+01 7.300000000000000000e+01 0.000000000000000000e+00 1.600000000000000089e+00 -2.462000000000000213e-03 1.196000000000000014e-03 9.999959999999999960e-01 7.523159999999999847e-01 -6.587969999999999660e-01 2.639999999999999986e-03 6.587979999999999947e-01 7.523189999999999600e-01 7.219999999999999855e-04
7.000000000000000000e+00 2.500000000000000000e+01 7.300000000000000000e+01 0.000000000000000000e+00 1.600000000000000089e+00 8.600000000000000331e-05 -6.999999999999999929e-04 1.000000000000000000e+00 7.557169999999999721e-01 -6.548979999999999801e-01 -5.230000000000000274e-04 6.548990000000000089e-01 7.557169999999999721e-01 4.730000000000000046e-04
1.100000000000000000e+01 2.500000000000000000e+01 7.300000000000000000e+01 0.000000000000000000e+00 1.600000000000000089e+00 -1.052999999999999900e-03 3.570000000000000040e-04 9.999989999999999712e-01 7.542100000000000470e-01 -6.566330000000000222e-01 1.028999999999999967e-03 6.566330000000000222e-01 7.542100000000000470e-01 4.220000000000000118e-04
1.700000000000000000e+01 2.500000000000000000e+01 7.300000000000000000e+01 0.000000000000000000e+00 1.600000000000000089e+00 1.982999999999999954e-03 2.854000000000000200e-03 9.999940000000000495e-01 7.561660000000000048e-01 -6.543799999999999617e-01 3.680000000000000003e-04 6.543769999999999865e-01 7.561600000000000543e-01 -3.455000000000000172e-03
2.000000000000000000e+01 2.500000000000000000e+01 7.300000000000000000e+01 0.000000000000000000e+00 1.600000000000000089e+00 1.025000000000000086e-03 1.172000000000000082e-03 9.999989999999999712e-01 7.560090000000000421e-01 -6.545609999999999484e-01 -7.999999999999999638e-06 6.545609999999999484e-01 7.560080000000000133e-01 -1.557000000000000007e-03
2.600000000000000000e+01 2.500000000000000000e+01 7.300000000000000000e+01 0.000000000000000000e+00 1.600000000000000089e+00 -1.626999999999999974e-03 -3.380000000000000192e-03 9.999930000000000208e-01 7.520069999999999810e-01 -6.591540000000000177e-01 -1.005000000000000034e-03 6.591529999999999889e-01 7.520000000000000018e-01 3.614000000000000025e-03
2.900000000000000000e+01 2.500000000000000000e+01 7.300000000000000000e+01 0.000000000000000000e+00 1.600000000000000089e+00 8.100000000000000375e-05 -5.982999999999999603e-03 9.999820000000000375e-01 7.538010000000000543e-01 -6.570909999999999807e-01 -3.993000000000000022e-03 6.571029999999999927e-01 7.537880000000000136e-01 4.457000000000000024e-03
2.000000000000000000e+00 4.400000000000000000e+01 7.300000000000000000e+01 0.000000000000000000e+00 1.600000000000000089e+00 3.110000000000000243e-04 3.745000000000000065e-03 9.999930000000000208e-01 5.313500000000000167e-02 -9.985800000000000232e-01 3.723999999999999880e-03 9.985870000000000024e-01 5.313299999999999967e-02 -5.090000000000000123e-04
8.000000000000000000e+00 4.400000000000000000e+01 7.300000000000000000e+01 0.000000000000000000e+00 1.600000000000000089e+00 1.376000000000000053e-03 1.026999999999999918e-03 9.999980000000000535e-01 5.308800000000000324e-02 -9.985889999999999489e-01 9.529999999999999626e-04 9.985889999999999489e-01 5.308700000000000224e-02 -1.428000000000000016e-03
1.400000000000000000e+01 4.400000000000000000e+01 7.300000000000000000e+01 0.000000000000000000e+00 1.600000000000000089e+00 9.060000000000000128e-04 6.880000000000000265e-04 9.999989999999999712e-01 5.263999999999999929e-02 -9.986129999999999729e-01 6.390000000000000280e-04 9.986129999999999729e-01 5.263999999999999929e-02 -9.409999999999999962e-04
1.900000000000000000e+01 4.400000000000000000e+01 7.300000000000000000e+01 0.000000000000000000e+00 1.600000000000000089e+00 -4.510000000000000120e-04 -1.791000000000000057e-03 9.999980000000000535e-01 5.234400000000000164e-02 -9.986279999999999601e-01 -1.765000000000000076e-03 9.986289999999999889e-01 5.234300000000000064e-02 5.439999999999999957e-04
2.600000000000000000e+01 4.400000000000000000e+01 7.300000000000000000e+01 0.000000000000000000e+00 1.600000000000000089e+00 1.041000000000000042e-03 3.193000000000000092e-03 9.999940000000000495e-01 5.347600000000000270e-02 -9.985640000000000072e-01 3.132999999999999934e-03 9.985690000000000399e-01 5.347299999999999970e-02 -1.209999999999999921e-03
5.000000000000000000e+00 5.100000000000000000e+01 7.600000000000000000e+01 0.000000000000000000e+00 1.600000000000000089e+00 1.894000000000000067e-03 -2.701999999999999975e-03 -9.999949999999999672e-01 -4.021259999999999835e-01 -9.155830000000000357e-01 1.711999999999999980e-03 -9.155820000000000070e-01 4.021199999999999775e-01 -2.821000000000000157e-03
6.000000000000000000e+00 9.100000000000000000e+01 7.600000000000000000e+01 0.000000000000000000e+00 1.600000000000000089e+00 -1.817000000000000039e-03 -1.438000000000000042e-03 9.999970000000000248e-01 3.092679999999999874e-01 -9.509739999999999860e-01 -8.050000000000000515e-04 9.509729999999999572e-01 3.092659999999999854e-01 2.171999999999999886e-03
1.300000000000000000e+01 9.100000000000000000e+01 7.600000000000000000e+01 0.000000000000000000e+00 1.600000000000000089e+00 8.800000000000000313e-04 8.600000000000000331e-05 1.000000000000000000e+00 3.036449999999999982e-01 -9.527849999999999930e-01 -1.849999999999999973e-04 9.527849999999999930e-01 3.036449999999999982e-01 -8.649999999999999920e-04
1.700000000000000000e+01 9.100000000000000000e+01 7.600000000000000000e+01 0.000000000000000000e+00 1.600000000000000089e+00 2.959999999999999849e-04 7.489999999999999913e-04 1.000000000000000000e+00 3.242269999999999874e-01 -9.459790000000000143e-01 6.120000000000000223e-04 9.459790000000000143e-01 3.242269999999999874e-01 -5.230000000000000274e-04
2.000000000000000000e+01 9.100000000000000000e+01 7.600000000000000000e+01 0.000000000000000000e+00 1.600000000000000089e+00 -7.990000000000000140e-04 -9.100000000000000287e-05 1.000000000000000000e+00 3.276209999999999956e-01 -9.448090000000000099e-01 1.759999999999999954e-04 9.448090000000000099e-01 3.276209999999999956e-01 7.839999999999999747e-04
2.400000000000000000e+01 9.100000000000000000e+01 7.600000000000000000e+01 0.000000000000000000e+00 1.600000000000000089e+00 3.179999999999999776e-04 7.829999999999999504e-04 1.000000000000000000e+00 3.176990000000000092e-01 -9.481910000000000061e-01 6.409999999999999682e-04 9.481910000000000061e-01 3.176990000000000092e-01 -5.500000000000000331e-04
2.700000000000000000e+01 9.100000000000000000e+01 7.600000000000000000e+01 0.000000000000000000e+00 1.600000000000000089e+00 9.899999999999999946e-04 1.688000000000000047e-03 9.999980000000000535e-01 3.247700000000000031e-01 -9.457919999999999661e-01 1.275000000000000092e-03 9.457929999999999948e-01 3.247680000000000011e-01 -1.484999999999999992e-03
1.100000000000000000e+01 6.300000000000000000e+01 8.100000000000000000e+01 0.000000000000000000e+00 1.600000000000000089e+00 4.420000000000000101e-04 1.606999999999999922e-03 9.999989999999999712e-01 1.656799999999999939e-02 -9.998609999999999998e-01 1.600000000000000077e-03 9.998629999999999463e-01 1.656699999999999839e-02 -4.690000000000000158e-04
