3.000000000000000000e+00 1.500000000000000000e+01 4.000000000000000000e+00 0.000000000000000000e+00 1.600000000000000089e+00 -1.270000000000000078e-03 -4.625999999999999904e-03 9.999890000000000168e-01 3.118630000000000013e-01 -9.501190000000000468e-01 -4.000000000000000083e-03 9.501260000000000261e-01 3.118540000000000201e-01 2.648999999999999879e-03
1.000000000000000000e+01 1.500000000000000000e+01 4.000000000000000000e+00 0.000000000000000000e+00 1.600000000000000089e+00 -6.780999999999999701e-03 -1.375499999999999987e-02 9.998820000000000485e-01 2.990760000000000085e-01 -9.541650000000000409e-01 -1.109800000000000023e-02 9.542049999999999699e-01 2.989649999999999808e-01 1.058399999999999966e-02
1.500000000000000000e+01 1.500000000000000000e+01 4.000000000000000000e+00 0.000000000000000000e+00 1.600000000000000089e+00 -4.910000000000000085e-04 -1.258000000000000004e-03 9.999989999999999712e-01 2.961119999999999863e-01 -9.551530000000000298e-01 -1.056000000000000081e-03 9.551530000000000298e-01 2.961119999999999863e-01 8.419999999999999750e-04
2.400000000000000000e+01 1.500000000000000000e+01 4.000000000000000000e+00 0.000000000000000000e+00 1.600000000000000089e+00 -2.599000000000000182e-03 -9.529999999999999626e-04 9.999959999999999960e-01 3.045829999999999926e-01 -9.524860000000000548e-01 -1.169999999999999979e-04 9.524820000000000508e-01 3.045820000000000194e-01 2.765999999999999796e-03
2.800000000000000000e+01 1.500000000000000000e+01 4.000000000000000000e+00 0.000000000000000000e+00 1.600000000000000089e+00 2.431000000000000001e-03 -8.257999999999999716e-03 9.999630000000000463e-01 3.049220000000000264e-01 -9.523380000000000178e-01 -8.606000000000000802e-03 9.523740000000000538e-01 3.049319999999999808e-01 2.030000000000000012e-04
1.600000000000000000e+01 4.000000000000000000e+00 5.000000000000000000e+00 0.000000000000000000e+00 1.600000000000000089e+00 -6.670999999999999847e-03 -2.230199999999999891e-02 9.997289999999999788e-01 2.280469999999999997e-01 -9.734410000000000007e-01 -2.019400000000000014e-02 9.736270000000000202e-01 2.278499999999999970e-01 1.158000000000000002e-02
8.000000000000000000e+00 1.010000000000000000e+02 7.000000000000000000e+00 0.000000000000000000e+00 1.600000000000000089e+00 -7.486999999999999732e-03 -4.490000000000000176e-04 9.999719999999999720e-01 8.792590000000000128e-01 4.762959999999999972e-01 6.797000000000000090e-03 -4.762859999999999872e-01 8.792849999999999833e-01 -3.171000000000000207e-03
1.500000000000000000e+01 1.010000000000000000e+02 7.000000000000000000e+00 0.000000000000000000e+00 1.600000000000000089e+00 4.248000000000000040e-03 -9.664999999999999980e-03 9.999440000000000550e-01 8.787329999999999863e-01 4.773129999999999873e-01 8.800000000000000313e-04 -4.772950000000000248e-01 8.786800000000000166e-01 1.052100000000000084e-02
2.900000000000000000e+01 1.010000000000000000e+02 7.000000000000000000e+00 0.000000000000000000e+00 1.600000000000000089e+00 7.299999999999999903e-05 -1.616899999999999935e-02 9.998690000000000078e-01 8.842719999999999470e-01 4.669119999999999937e-01 7.485999999999999599e-03 -4.669719999999999982e-01 8.841560000000000530e-01 1.433199999999999925e-02
3.000000000000000000e+00 2.500000000000000000e+01 8.000000000000000000e+00 0.000000000000000000e+00 1.600000000000000089e+00 2.458999999999999814e-03 1.873000000000000099e-03 -9.999949999999999672e-01 4.452010000000000134e-01 8.954260000000000552e-01 2.771000000000000026e-03 8.954269999999999730e-01 -4.452059999999999906e-01 1.368000000000000075e-03
8.000000000000000000e+00 2.500000000000000000e+01 8.000000000000000000e+00 0.000000000000000000e+00 1.600000000000000089e+00 1.118999999999999986e-03 3.047999999999999928e-03 -9.999949999999999672e-01 4.439270000000000160e-01 8.960569999999999924e-01 3.227999999999999967e-03 8.960620000000000251e-01 -4.439279999999999893e-01 -3.499999999999999964e-04
1.200000000000000000e+01 2.500000000000000000e+01 8.000000000000000000e+00 0.000000000000000000e+00 1.600000000000000089e+00 -1.121000000000000035e-03 2.239999999999999804e-03 -9.999970000000000248e-01 4.433250000000000246e-01 8.963600000000000456e-01 1.510999999999999973e-03 8.963600000000000456e-01 -4.433219999999999938e-01 -1.998000000000000210e-03
1.900000000000000000e+01 2.500000000000000000e+01 8.000000000000000000e+00 0.000000000000000000e+00 1.600000000000000089e+00 3.499999999999999964e-04 -1.376999999999999969e-03 -9.999989999999999712e-01 4.425620000000000109e-01 8.967370000000000063e-01 -1.080000000000000014e-03 8.967380000000000351e-01 -4.425620000000000109e-01 9.240000000000000166e-04
2.400000000000000000e+01 2.500000000000000000e+01 8.000000000000000000e+00 0.000000000000000000e+00 1.600000000000000089e+00 2.255000000000000060e-03 4.800000000000000122e-04 -9.999970000000000248e-01 4.419299999999999895e-01 8.970489999999999853e-01 1.427000000000000100e-03 8.970470000000000388e-01 -4.419319999999999915e-01 1.810999999999999893e-03
2.800000000000000000e+01 2.500000000000000000e+01 8.000000000000000000e+00 0.000000000000000000e+00 1.600000000000000089e+00 1.309000000000000051e-03 2.562000000000000041e-03 -9.999959999999999960e-01 4.426030000000000242e-01 8.967129999999999823e-01 2.876999999999999783e-03 8.967169999999999863e-01 -4.426050000000000262e-01 4.000000000000000327e-05
3.000000000000000000e+00 2.400000000000000000e+01 9.000000000000000000e+00 0.000000000000000000e+00 1.600000000000000089e+00 2.357999999999999853e-03 3.425000000000000093e-03 -9.999909999999999632e-01 4.472670000000000257e-01 8.943910000000000471e-01 4.118000000000000133e-03 8.943969999999999976e-01 -4.472729999999999762e-01 5.770000000000000389e-04
8.000000000000000000e+00 2.400000000000000000e+01 9.000000000000000000e+00 0.000000000000000000e+00 1.600000000000000089e+00 1.322999999999999957e-03 2.962999999999999922e-03 -9.999949999999999672e-01 4.466269999999999962e-01 8.947140000000000093e-01 3.242000000000000090e-03 8.947190000000000420e-01 -4.466289999999999982e-01 -1.389999999999999905e-04
1.200000000000000000e+01 2.400000000000000000e+01 9.000000000000000000e+00 0.000000000000000000e+00 1.600000000000000089e+00 -8.890000000000000333e-04 3.060999999999999919e-03 -9.999949999999999672e-01 4.456499999999999906e-01 8.952039999999999997e-01 2.344000000000000163e-03 8.952069999999999750e-01 -4.456450000000000133e-01 -2.160000000000000028e-03
1.900000000000000000e+01 2.400000000000000000e+01 9.000000000000000000e+00 0.000000000000000000e+00 1.600000000000000089e+00 3.759999999999999779e-04 -2.811999999999999830e-03 -9.999959999999999960e-01 4.446760000000000157e-01 8.956880000000000397e-01 -2.350999999999999791e-03 8.956910000000000149e-01 -4.446740000000000137e-01 1.587000000000000086e-03
2.800000000000000000e+01 2.400000000000000000e+01 9.000000000000000000e+00 0.000000000000000000e+00 1.600000000000000089e+00 1.052999999999999900e-03 4.179999999999999688e-03 -9.999909999999999632e-01 4.442720000000000002e-01 8.958819999999999562e-01 4.211999999999999598e-03 8.958909999999999929e-01 -4.442720000000000002e-01 -9.139999999999999904e-04
2.800000000000000000e+01 3.100000000000000000e+01 1.200000000000000000e+01 0.000000000000000000e+00 1.600000000000000089e+00 -2.869999999999999830e-04 -5.667000000000000162e-03 9.999839999999999840e-01 8.099999999999999561e-03 9.999510000000000343e-01 5.669000000000000428e-03 -9.999670000000000503e-01 8.101000000000000562e-03 -2.410000000000000033e-04
9.000000000000000000e+00 1.160000000000000000e+02 1.600000000000000000e+01 0.000000000000000000e+00 1.600000000000000089e+00 7.759999999999999971e-04 -1.469000000000000037e-03 9.999989999999999712e-01 7.035740000000000327e-01 7.106219999999999759e-01 4.979999999999999618e-04 -7.106219999999999759e-01 7.035719999999999752e-01 1.585000000000000037e-03
1.600000000000000000e+01 1.160000000000000000e+02 1.600000000000000000e+01 0.000000000000000000e+00 1.600000000000000089e+00 -1.232000000000000022e-03 -4.440000000000000045e-04 9.999989999999999712e-01 6.937919999999999643e-01 7.201739999999999808e-01 1.175000000000000046e-03 -7.201739999999999808e-01 6.937929999999999930e-01 -5.789999999999999791e-04
2.900000000000000000e+01 1.160000000000000000e+02 1.600000000000000000e+01 0.000000000000000000e+00 1.600000000000000089e+00 6.970000000000000284e-04 1.173999999999999913e-03 9.999989999999999712e-01 6.714790000000000481e-01 7.410219999999999585e-01 -1.337999999999999997e-03 -7.410229999999999873e-01 6.714799999999999658e-01 -2.719999999999999979e-04
7.000000000000000000e+00 2.000000000000000000e+00 1.900000000000000000e+01 0.000000000000000000e+00 1.600000000000000089e+00 -1.858000000000000059e-03 8.576999999999999555e-03 -9.999609999999999888e-01 1.855690000000000117e-01 -9.825920000000000210e-01 -8.772000000000000283e-03 -9.826289999999999747e-01 -1.855779999999999930e-01 2.339999999999999958e-04
1.200000000000000000e+01 2.000000000000000000e+00 1.900000000000000000e+01 0.000000000000000000e+00 1.600000000000000089e+00 9.200000000000000007e-05 9.627000000000000141e-03 -9.999540000000000095e-01 1.904740000000000044e-01 -9.816470000000000473e-01 -9.433000000000000412e-03 -9.816920000000000091e-01 -1.904639999999999944e-01 -1.923999999999999929e-03
1.600000000000000000e+01 2.000000000000000000e+00 1.900000000000000000e+01 0.000000000000000000e+00 1.600000000000000089e+00 3.298999999999999849e-03 -1.045500000000000075e-02 -9.999400000000000510e-01 1.931249999999999911e-01 -9.811140000000000416e-01 1.089599999999999944e-02 -9.811689999999999579e-01 -1.931489999999999874e-01 -1.217999999999999899e-03
2.600000000000000000e+01 2.000000000000000000e+00 1.900000000000000000e+01 0.000000000000000000e+00 1.600000000000000089e+00 -1.453000000000000081e-03 2.556999999999999811e-03 -9.999959999999999960e-01 1.911390000000000033e-01 -9.815589999999999593e-01 -2.788000000000000114e-03 -9.815620000000000456e-01 -1.911420000000000063e-01 9.380000000000000317e-04
3.000000000000000000e+01 2.000000000000000000e+00 1.900000000000000000e+01 0.000000000000000000e+00 1.600000000000000089e+00 -3.906999999999999883e-03 2.469500000000000167e-02 -9.996869999999999923e-01 1.920600000000000085e-01 -9.810649999999999649e-01 -2.498600000000000126e-02 -9.813749999999999973e-01 -1.920969999999999900e-01 -9.100000000000000016e-04
7.000000000000000000e+00 1.300000000000000000e+01 2.000000000000000000e+01 0.000000000000000000e+00 1.600000000000000089e+00 -1.407000000000000048e-03 -2.736999999999999850e-03 9.999949999999999672e-01 2.496829999999999883e-01 9.683230000000000448e-01 3.001999999999999894e-03 -9.683270000000000488e-01 2.496859999999999913e-01 -6.790000000000000245e-04
1.100000000000000000e+01 1.300000000000000000e+01 2.000000000000000000e+01 0.000000000000000000e+00 1.600000000000000089e+00 -2.580999999999999961e-03 -1.137799999999999923e-02 9.999320000000000430e-01 2.510240000000000249e-01 9.679109999999999658e-01 1.166099999999999949e-02 -9.679769999999999763e-01 2.510370000000000101e-01 3.579999999999999741e-04
2.400000000000000000e+01 1.300000000000000000e+01 2.000000000000000000e+01 0.000000000000000000e+00 1.600000000000000089e+00 -2.007999999999999802e-03 -5.217000000000000283e-03 9.999839999999999840e-01 2.477999999999999925e-01 9.687949999999999617e-01 5.551000000000000378e-03 -9.688090000000000312e-01 2.478069999999999995e-01 -6.520000000000000188e-04
2.700000000000000000e+01 1.300000000000000000e+01 2.000000000000000000e+01 0.000000000000000000e+00 1.600000000000000089e+00 -7.263000000000000358e-03 -1.332000000000000024e-02 9.998850000000000238e-01 2.482540000000000024e-01 9.685829999999999718e-01 1.470600000000000032e-02 -9.686679999999999735e-01 2.483319999999999972e-01 -3.727999999999999977e-03
1.200000000000000000e+01 1.600000000000000000e+01 2.100000000000000000e+01 0.000000000000000000e+00 1.600000000000000089e+00 -1.105000000000000079e-03 -9.658999999999999184e-03 9.999529999999999808e-01 2.966170000000000195e-01 9.549490000000000478e-01 9.551999999999999727e-03 -9.549959999999999560e-01 2.966139999999999888e-01 1.809000000000000061e-03
1.600000000000000000e+01 1.600000000000000000e+01 2.100000000000000000e+01 0.000000000000000000e+00 1.600000000000000089e+00 7.955999999999999531e-03 2.052999999999999964e-02 9.997580000000000355e-01 2.956679999999999864e-01 9.550380000000000535e-01 -2.196499999999999841e-02 -9.552580000000000515e-01 2.957710000000000061e-01 1.528000000000000061e-03
6.000000000000000000e+00 3.000000000000000000e+00 2.500000000000000000e+01 0.000000000000000000e+00 1.600000000000000089e+00 3.892000000000000060e-03 4.240000000000000062e-04 9.999919999999999920e-01 -5.616299999999999765e-02 -9.984210000000000029e-01 6.419999999999999925e-04 9.984140000000000237e-01 -5.616600000000000065e-02 -3.861999999999999982e-03
9.000000000000000000e+00 3.000000000000000000e+00 2.500000000000000000e+01 0.000000000000000000e+00 1.600000000000000089e+00 4.649999999999999620e-03 1.501000000000000077e-02 9.998759999999999870e-01 -5.224899999999999683e-02 -9.985180000000000167e-01 1.523300000000000001e-02 9.986230000000000384e-01 -5.231299999999999839e-02 -3.857999999999999884e-03
1.300000000000000000e+01 3.000000000000000000e+00 2.500000000000000000e+01 0.000000000000000000e+00 1.600000000000000089e+00 -1.730999999999999900e-03 7.695999999999999716e-03 9.999689999999999968e-01 -4.954000000000000070e-02 -9.987430000000000474e-01 7.601000000000000117e-03 9.987709999999999644e-01 -4.952600000000000058e-02 2.109999999999999896e-03
2.000000000000000000e+01 3.000000000000000000e+00 2.500000000000000000e+01 0.000000000000000000e+00 1.600000000000000089e+00 1.289999999999999914e-04 -1.822000000000000052e-03 9.999980000000000535e-01 -5.716600000000000154e-02 -9.983630000000000004e-01 -1.810999999999999893e-03 9.983649999999999469e-01 -5.716600000000000154e-02 -2.329999999999999986e-04
2.500000000000000000e+01 3.000000000000000000e+00 2.500000000000000000e+01 0.000000000000000000e+00 1.600000000000000089e+00 6.138000000000000227e-03 -3.387999999999999953e-03 9.999749999999999472e-01 -6.539000000000000368e-02 -9.978550000000000475e-01 -2.978999999999999877e-03 9.978409999999999780e-01 -6.536999999999999755e-02 -6.346000000000000078e-03
2.900000000000000000e+01 3.000000000000000000e+00 2.500000000000000000e+01 0.000000000000000000e+00 1.600000000000000089e+00 1.634400000000000089e-02 1.193000000000000050e-03 9.998660000000000325e-01 -6.399299999999999433e-02 -9.979479999999999462e-01 2.236999999999999839e-03 9.978169999999999540e-01 -6.402099999999999458e-02 -1.623399999999999843e-02
1.000000000000000000e+01 4.600000000000000000e+01 2.700000000000000000e+01 0.000000000000000000e+00 1.600000000000000089e+00 -5.379999999999999583e-04 -3.395000000000000014e-03 -9.999940000000000495e-01 6.625039999999999818e-01 7.490529999999999688e-01 -2.899999999999999800e-03 7.490580000000000016e-01 -6.625010000000000066e-01 1.846999999999999901e-03
2.200000000000000000e+01 4.600000000000000000e+01 2.700000000000000000e+01 0.000000000000000000e+00 1.600000000000000089e+00 -1.242999999999999964e-03 -3.899999999999999929e-04 -9.999989999999999712e-01 6.597150000000000514e-01 7.515150000000000441e-01 -1.113999999999999973e-03 7.515150000000000441e-01 -6.597159999999999691e-01 -6.769999999999999759e-04
2.700000000000000000e+01 4.600000000000000000e+01 2.700000000000000000e+01 0.000000000000000000e+00 1.600000000000000089e+00 -3.229999999999999907e-04 -2.480000000000000000e-03 -9.999970000000000248e-01 6.535279999999999978e-01 7.568989999999999885e-01 -2.088000000000000012e-03 7.569019999999999637e-01 -6.535269999999999690e-01 1.376999999999999969e-03
2.300000000000000000e+01 4.600000000000000000e+01 3.000000000000000000e+01 0.000000000000000000e+00 1.600000000000000089e+00 -7.169999999999999724e-04 6.210000000000000242e-04 -1.000000000000000000e+00 3.327470000000000150e-01 9.430159999999999654e-01 3.469999999999999777e-04 9.430159999999999654e-01 -3.327470000000000150e-01 -8.829999999999999958e-04
4.000000000000000000e+00 5.800000000000000000e+01 3.100000000000000000e+01 0.000000000000000000e+00 1.600000000000000089e+00 -6.962999999999999572e-03 -3.500000000000000073e-03 9.999700000000000255e-01 -7.911409999999999831e-01 -6.115859999999999630e-01 -7.649000000000000417e-03 6.115949999999999998e-01 -7.911700000000000399e-01 1.489000000000000089e-03
1.000000000000000000e+01 5.800000000000000000e+01 3.100000000000000000e+01 0.000000000000000000e+00 1.600000000000000089e+00 -1.446999999999999936e-03 -8.165000000000000382e-03 9.999660000000000215e-01 -7.942350000000000243e-01 -6.075800000000000090e-01 -6.111000000000000112e-03 6.076089999999999547e-01 -7.942169999999999508e-01 -5.605999999999999872e-03
1.600000000000000000e+01 5.800000000000000000e+01 3.100000000000000000e+01 0.000000000000000000e+00 1.600000000000000089e+00 -1.758000000000000014e-03 4.178000000000000290e-03 9.999900000000000455e-01 -7.967549999999999910e-01 -6.043020000000000058e-01 1.124999999999999915e-03 6.042999999999999483e-01 -7.967450000000000365e-01 4.390999999999999938e-03
2.100000000000000000e+01 5.800000000000000000e+01 3.100000000000000000e+01 0.000000000000000000e+00 1.600000000000000089e+00 -2.817000000000000060e-03 -4.504000000000000191e-03 9.999860000000000415e-01 -7.960760000000000058e-01 -6.051760000000000472e-01 -4.969000000000000326e-03 6.051900000000000057e-01 -7.960789999999999811e-01 -1.879999999999999944e-03
2.500000000000000000e+01 5.800000000000000000e+01 3.100000000000000000e+01 0.000000000000000000e+00 1.600000000000000089e+00 1.160000000000000007e-04 -2.595999999999999783e-03 9.999970000000000248e-01 -7.947600000000000220e-01 -6.069219999999999615e-01 -1.482999999999999943e-03 6.069229999999999903e-01 -7.947570000000000467e-01 -2.134000000000000046e-03
2.300000000000000000e+01 2.300000000000000000e+01 3.400000000000000000e+01 0.000000000000000000e+00 1.600000000000000089e+00 -6.960000000000000041e-04 2.680999999999999790e-03 9.999959999999999960e-01 4.006399999999999961e-01 -9.162320000000000464e-01 2.736000000000000151e-03 9.162350000000000216e-01 4.006399999999999961e-01 -4.360000000000000269e-04
2.300000000000000000e+01 4.200000000000000000e+01 3.400000000000000000e+01 0.000000000000000000e+00 1.600000000000000089e+00 6.189999999999999756e-04 -2.206000000000000062e-03 -9.999970000000000248e-01 -2.918620000000000103e-01 9.564580000000000304e-01 -2.289999999999999935e-03 9.564599999999999769e-01 2.918629999999999836e-01 -5.199999999999999680e-05
3.000000000000000000e+00 4.600000000000000000e+01 3.500000000000000000e+01 0.000000000000000000e+00 1.600000000000000089e+00 -4.029999999999999837e-04 -5.263000000000000317e-03 -9.999860000000000415e-01 3.883960000000000190e-01 -9.214809999999999945e-01 4.693000000000000123e-03 -9.214919999999999778e-01 -3.883889999999999842e-01 2.416000000000000179e-03
1.000000000000000000e+01 4.600000000000000000e+01 3.500000000000000000e+01 0.000000000000000000e+00 1.600000000000000089e+00 -2.082000000000000083e-03 1.590000000000000050e-03 -9.999970000000000248e-01 3.908929999999999905e-01 -9.204329999999999457e-01 -2.276999999999999944e-03 -9.204339999999999744e-01 -3.908969999999999945e-01 1.294999999999999927e-03
1.600000000000000000e+01 4.600000000000000000e+01 3.500000000000000000e+01 0.000000000000000000e+00 1.600000000000000089e+00 5.372000000000000039e-03 -5.363999999999999845e-03 -9.999710000000000543e-01 3.872209999999999819e-01 -9.219600000000000017e-01 7.024999999999999994e-03 -9.219709999999999850e-01 -3.872470000000000079e-01 -2.874999999999999951e-03
1.900000000000000000e+01 4.600000000000000000e+01 3.500000000000000000e+01 0.000000000000000000e+00 1.600000000000000089e+00 3.531999999999999983e-03 -3.848999999999999991e-03 -9.999860000000000415e-01 3.847700000000000009e-01 -9.229990000000000139e-01 4.911999999999999700e-03 -9.230059999999999931e-01 -3.847820000000000129e-01 -1.778999999999999982e-03
2.400000000000000000e+01 4.600000000000000000e+01 3.500000000000000000e+01 0.000000000000000000e+00 1.600000000000000089e+00 -4.400000000000000157e-04 2.049999999999999956e-04 -1.000000000000000000e+00 3.840069999999999872e-01 -9.233299999999999841e-01 -3.579999999999999741e-04 -9.233299999999999841e-01 -3.840069999999999872e-01 3.269999999999999795e-04
3.000000000000000000e+01 4.600000000000000000e+01 3.500000000000000000e+01 0.000000000000000000e+00 1.600000000000000089e+00 -4.970999999999999724e-03 5.406000000000000215e-03 -9.999730000000000008e-01 3.880310000000000148e-01 -9.216199999999999948e-01 -6.910999999999999609e-03 -9.216330000000000355e-01 -3.880549999999999833e-01 2.484000000000000097e-03
1.100000000000000000e+01 9.500000000000000000e+01 3.600000000000000000e+01 0.000000000000000000e+00 1.600000000000000089e+00 -7.440999999999999698e-03 -1.290499999999999980e-02 9.998890000000000278e-01 9.979479999999999462e-01 6.349299999999999389e-02 8.245999999999999858e-03 -6.359299999999999675e-02 9.978989999999999805e-01 1.240600000000000036e-02
2.100000000000000000e+01 9.500000000000000000e+01 3.600000000000000000e+01 0.000000000000000000e+00 1.600000000000000089e+00 1.544200000000000086e-02 2.340899999999999925e-02 9.996070000000000233e-01 9.973710000000000075e-01 7.043399999999999661e-02 -1.705699999999999925e-02 -7.080599999999999394e-02 9.972419999999999618e-01 -2.225999999999999854e-02
2.600000000000000000e+01 9.500000000000000000e+01 3.600000000000000000e+01 0.000000000000000000e+00 1.600000000000000089e+00 3.409999999999999945e-04 -2.857000000000000164e-03 9.999959999999999960e-01 9.976479999999999793e-01 6.854399999999999382e-02 -1.450000000000000009e-04 -6.854399999999999382e-02 9.976439999999999753e-01 2.873999999999999819e-03
2.900000000000000000e+01 9.500000000000000000e+01 3.600000000000000000e+01 0.000000000000000000e+00 1.600000000000000089e+00 -1.923999999999999929e-03 -1.084300000000000021e-02 9.999390000000000223e-01 9.979639999999999622e-01 6.371999999999999886e-02 2.611000000000000040e-03 -6.374399999999999511e-02 9.979090000000000460e-01 1.069900000000000018e-02
2.500000000000000000e+01 9.500000000000000000e+01 3.700000000000000000e+01 0.000000000000000000e+00 1.600000000000000089e+00 4.028000000000000330e-03 -1.087000000000000076e-03 9.999909999999999632e-01 9.959200000000000275e-01 9.015299999999999703e-02 -3.912999999999999812e-03 -9.014800000000000590e-02 9.959270000000000067e-01 1.446000000000000020e-03
4.000000000000000000e+00 2.900000000000000000e+01 4.400000000000000000e+01 0.000000000000000000e+00 1.600000000000000089e+00 -4.710000000000000102e-04 -1.331899999999999924e-02 -9.999109999999999943e-01 6.696560000000000290e-01 7.426019999999999843e-01 -1.020700000000000079e-02 7.426719999999999988e-01 -6.696010000000000018e-01 8.569999999999999493e-03
1.400000000000000000e+01 2.900000000000000000e+01 4.400000000000000000e+01 0.000000000000000000e+00 1.600000000000000089e+00 3.226000000000000135e-03 5.636999999999999650e-03 -9.999789999999999512e-01 6.404900000000000038e-01 7.679399999999999560e-01 6.394999999999999643e-03 7.679599999999999760e-01 -6.404969999999999830e-01 -1.132999999999999893e-03
2.200000000000000000e+01 2.900000000000000000e+01 4.400000000000000000e+01 0.000000000000000000e+00 1.600000000000000089e+00 -5.410000000000000312e-04 -4.049999999999999781e-04 -1.000000000000000000e+00 6.441459999999999964e-01 7.649019999999999708e-01 -6.579999999999999478e-04 7.649029999999999996e-01 -6.441459999999999964e-01 -1.530000000000000056e-04
2.800000000000000000e+01 2.900000000000000000e+01 4.400000000000000000e+01 0.000000000000000000e+00 1.600000000000000089e+00 -6.170000000000000354e-04 -7.370000000000000249e-04 -1.000000000000000000e+00 6.494779999999999998e-01 7.603799999999999448e-01 -9.610000000000000486e-04 7.603799999999999448e-01 -6.494779999999999998e-01 9.000000000000000228e-06
2.100000000000000000e+01 6.500000000000000000e+01 4.600000000000000000e+01 0.000000000000000000e+00 1.600000000000000089e+00 -0.000000000000000000e+00 -1.378000000000000102e-03 9.999989999999999712e-01 6.798490000000000366e-01 -7.333509999999999751e-01 -1.010999999999999963e-03 7.333520000000000039e-01 6.798490000000000366e-01 9.370000000000000074e-04
3.000000000000000000e+00 2.900000000000000000e+01 4.800000000000000000e+01 0.000000000000000000e+00 1.600000000000000089e+00 -1.248800000000000084e-02 -4.726400000000000046e-02 9.988040000000000251e-01 3.847740000000000049e-01 9.217389999999999750e-01 4.842899999999999983e-02 -9.229260000000000241e-01 3.849190000000000111e-01 6.675000000000000377e-03
1.000000000000000000e+01 5.000000000000000000e+00 5.100000000000000000e+01 0.000000000000000000e+00 1.600000000000000089e+00 1.219000000000000031e-03 -8.340999999999999456e-03 -9.999639999999999640e-01 4.879000000000000004e-01 -8.728639999999999732e-01 7.875000000000000056e-03 -8.728989999999999805e-01 -4.878919999999999924e-01 3.005999999999999991e-03
1.600000000000000000e+01 5.000000000000000000e+00 5.100000000000000000e+01 0.000000000000000000e+00 1.600000000000000089e+00 -2.703999999999999806e-03 3.999999999999999819e-06 -9.999959999999999960e-01 4.876460000000000239e-01 -8.730400000000000382e-01 -1.322000000000000041e-03 -8.730369999999999520e-01 -4.876480000000000259e-01 2.358999999999999986e-03
9.000000000000000000e+00 3.900000000000000000e+01 5.100000000000000000e+01 0.000000000000000000e+00 1.600000000000000089e+00 -1.027299999999999915e-02 -3.279299999999999993e-01 9.446459999999999857e-01 3.330290000000000195e-01 8.896420000000000439e-01 3.124580000000000135e-01 -9.428609999999999491e-01 3.178039999999999754e-01 1.000709999999999933e-01
3.000000000000000000e+00 1.150000000000000000e+02 5.100000000000000000e+01 0.000000000000000000e+00 1.600000000000000089e+00 1.374999999999999920e-03 1.244100000000000067e-02 9.999219999999999775e-01 8.456559999999999633e-01 -5.336999999999999522e-01 5.477000000000000098e-03 5.337269999999999515e-01 8.455819999999999448e-01 -1.125499999999999938e-02
8.000000000000000000e+00 7.000000000000000000e+00 5.200000000000000000e+01 0.000000000000000000e+00 1.600000000000000089e+00 -2.693000000000000081e-03 -6.527999999999999949e-03 -9.999749999999999472e-01 1.068700000000000067e-01 -9.942539999999999711e-01 6.203000000000000180e-03 -9.942689999999999584e-01 -1.068500000000000005e-01 3.376000000000000095e-03
1.000000000000000000e+01 4.000000000000000000e+01 5.200000000000000000e+01 0.000000000000000000e+00 1.600000000000000089e+00 2.435000000000000098e-03 -2.116439999999999988e-01 9.773439999999999905e-01 1.693580000000000085e-01 9.633159999999999501e-01 2.081840000000000079e-01 -9.855519999999999836e-01 1.650139999999999940e-01 3.819000000000000172e-02
1.700000000000000000e+01 4.200000000000000000e+01 5.200000000000000000e+01 0.000000000000000000e+00 1.600000000000000089e+00 3.333499999999999658e-02 -6.811120000000000507e-01 7.314199999999999591e-01 8.296499999999999708e-02 7.311860000000000026e-01 6.771139999999999937e-01 -9.959949999999999637e-01 3.811099999999999904e-02 8.088299999999999657e-02
2.300000000000000000e+01 4.400000000000000000e+01 5.300000000000000000e+01 0.000000000000000000e+00 1.600000000000000089e+00 5.490099999999999841e-02 -4.645759999999999890e-01 -8.838300000000000045e-01 8.636900000000000133e-02 -8.796380000000000310e-01 4.677370000000000139e-01 -9.947489999999999943e-01 -1.020149999999999946e-01 -8.168999999999999179e-03
2.200000000000000000e+01 4.500000000000000000e+01 5.300000000000000000e+01 0.000000000000000000e+00 1.600000000000000089e+00 7.833800000000000485e-02 -6.609530000000000127e-01 -7.463269999999999627e-01 8.175699999999999634e-02 -7.418470000000000342e-01 6.655670000000000197e-01 -9.935690000000000355e-01 -1.131569999999999937e-01 -4.076999999999999895e-03
2.100000000000000000e+01 4.600000000000000000e+01 5.300000000000000000e+01 0.000000000000000000e+00 1.600000000000000089e+00 1.022740000000000038e-01 -7.293859999999999788e-01 -6.764139999999999597e-01 1.062260000000000010e-01 -6.680840000000000112e-01 7.364640000000000075e-01 -9.890679999999999472e-01 -1.471739999999999993e-01 9.152000000000000413e-03
2.900000000000000000e+01 3.700000000000000000e+01 5.400000000000000000e+01 0.000000000000000000e+00 1.600000000000000089e+00 -2.016679999999999862e-01 -5.820389999999999731e-01 -7.877570000000000405e-01 -1.557599999999999957e-02 8.060859999999999692e-01 -5.915939999999999532e-01 9.793300000000000338e-01 -1.070360000000000061e-01 -1.716280000000000028e-01
7.000000000000000000e+00 6.300000000000000000e+01 5.400000000000000000e+01 0.000000000000000000e+00 1.600000000000000089e+00 -1.289999999999999914e-04 -5.399999999999999798e-05 1.000000000000000000e+00 -3.639339999999999797e-01 9.314249999999999474e-01 3.999999999999999819e-06 -9.314249999999999474e-01 -3.639339999999999797e-01 -1.399999999999999877e-04
1.000000000000000000e+01 6.300000000000000000e+01 5.400000000000000000e+01 0.000000000000000000e+00 1.600000000000000089e+00 -6.329999999999999906e-04 1.275000000000000092e-03 9.999989999999999712e-01 -3.637199999999999878e-01 9.315069999999999739e-01 -1.417999999999999990e-03 -9.315080000000000027e-01 -3.637199999999999878e-01 -1.259999999999999998e-04
1.400000000000000000e+01 6.300000000000000000e+01 5.400000000000000000e+01 0.000000000000000000e+00 1.600000000000000089e+00 -4.040000000000000080e-04 2.187000000000000142e-03 9.999980000000000535e-01 -3.621670000000000167e-01 9.321110000000000229e-01 -2.184999999999999876e-03 -9.321129999999999693e-01 -3.621670000000000167e-01 4.159999999999999744e-04
1.800000000000000000e+01 6.300000000000000000e+01 5.400000000000000000e+01 0.000000000000000000e+00 1.600000000000000089e+00 -7.990000000000000140e-04 4.427000000000000379e-03 9.999900000000000455e-01 -3.602719999999999811e-01 9.328370000000000273e-01 -4.418000000000000052e-03 -9.328469999999999818e-01 -3.602719999999999811e-01 8.490000000000000368e-04
2.500000000000000000e+01 6.300000000000000000e+01 5.400000000000000000e+01 0.000000000000000000e+00 1.600000000000000089e+00 -4.040000000000000080e-04 1.340000000000000045e-04 1.000000000000000000e+00 -3.490380000000000149e-01 9.371089999999999698e-01 -2.669999999999999847e-04 -9.371080000000000521e-01 -3.490380000000000149e-01 -3.319999999999999926e-04
2.900000000000000000e+01 6.300000000000000000e+01 5.400000000000000000e+01 0.000000000000000000e+00 1.600000000000000089e+00 -1.075999999999999917e-03 -6.301000000000000177e-03 9.999799999999999800e-01 -3.554050000000000264e-01 9.346959999999999713e-01 5.506999999999999743e-03 -9.347119999999999873e-01 -3.553919999999999857e-01 -3.245000000000000055e-03
1.500000000000000000e+01 2.500000000000000000e+01 5.500000000000000000e+01 0.000000000000000000e+00 1.600000000000000089e+00 3.209999999999999963e-04 -4.262000000000000163e-03 -9.999909999999999632e-01 -1.220000000000000077e-02 -9.999160000000000270e-01 4.257999999999999632e-03 -9.999259999999999815e-01 1.219800000000000051e-02 -3.730000000000000134e-04
2.000000000000000000e+01 2.500000000000000000e+01 5.500000000000000000e+01 0.000000000000000000e+00 1.600000000000000089e+00 -4.569999999999999952e-04 -2.958999999999999825e-03 -9.999959999999999960e-01 -1.130800000000000034e-02 -9.999320000000000430e-01 2.964000000000000055e-03 -9.999360000000000470e-01 1.131000000000000061e-02 4.229999999999999819e-04
2.800000000000000000e+01 2.600000000000000000e+01 5.500000000000000000e+01 0.000000000000000000e+00 1.600000000000000089e+00 2.318000000000000182e-03 2.356499999999999914e-02 -9.997200000000000530e-01 -3.312400000000000067e-02 -9.991719999999999491e-01 -2.362900000000000070e-02 -9.994490000000000318e-01 3.316999999999999810e-02 -1.536000000000000039e-03
2.000000000000000000e+00 3.900000000000000000e+01 5.500000000000000000e+01 0.000000000000000000e+00 1.600000000000000089e+00 -2.443029999999999924e-01 -8.331800000000000317e-02 -9.661129999999999995e-01 7.258320000000000327e-01 6.449559999999999738e-01 -2.391649999999999887e-01 6.430270000000000152e-01 -7.596650000000000347e-01 -9.708999999999999575e-02
1.200000000000000000e+01 7.600000000000000000e+01 5.600000000000000000e+01 0.000000000000000000e+00 1.600000000000000089e+00 1.330000000000000019e-03 -2.831999999999999882e-03 -9.999949999999999672e-01 -1.389890000000000014e-01 9.902889999999999748e-01 -2.988999999999999903e-03 9.902929999999999788e-01 1.389920000000000044e-01 9.229999999999999923e-04
1.700000000000000000e+01 4.600000000000000000e+01 5.700000000000000000e+01 0.000000000000000000e+00 1.600000000000000089e+00 3.769999999999999914e-03 -5.572740000000000471e-01 -8.303199999999999470e-01 -1.910900000000000098e-01 -8.154270000000000129e-01 5.464099999999999513e-01 -9.815650000000000208e-01 1.566059999999999952e-01 -1.095629999999999937e-01
1.800000000000000000e+01 6.800000000000000000e+01 5.700000000000000000e+01 0.000000000000000000e+00 1.600000000000000089e+00 1.479000000000000063e-03 2.102999999999999835e-03 -9.999970000000000248e-01 -2.506829999999999892e-01 -9.680659999999999821e-01 -2.406000000000000152e-03 -9.680680000000000396e-01 2.506860000000000199e-01 -9.049999999999999885e-04
2.500000000000000000e+01 6.800000000000000000e+01 5.700000000000000000e+01 0.000000000000000000e+00 1.600000000000000089e+00 -1.110000000000000092e-03 -1.132400000000000073e-02 -9.999350000000000183e-01 -2.496909999999999963e-01 -9.682600000000000096e-01 1.124200000000000026e-02 -9.683249999999999913e-01 2.496869999999999923e-01 -1.752000000000000085e-03
2.800000000000000000e+01 4.000000000000000000e+01 5.800000000000000000e+01 0.000000000000000000e+00 1.600000000000000089e+00 1.072039999999999937e-01 -2.111599999999999935e-02 -9.940130000000000354e-01 -6.603830000000000533e-01 -7.488890000000000269e-01 -5.531400000000000206e-02 -7.432370000000000365e-01 6.623590000000000311e-01 -9.422899999999999332e-02
4.000000000000000000e+00 2.100000000000000000e+01 6.000000000000000000e+01 0.000000000000000000e+00 1.600000000000000089e+00 1.196999999999999930e-03 -1.536000000000000039e-03 9.999980000000000535e-01 -9.614200000000000523e-02 9.953659999999999730e-01 1.644000000000000062e-03 -9.953670000000000018e-01 -9.614399999999999336e-02 1.044000000000000006e-03
7.000000000000000000e+00 2.100000000000000000e+01 6.000000000000000000e+01 0.000000000000000000e+00 1.600000000000000089e+00 9.340000000000000429e-04 -3.608999999999999795e-03 9.999930000000000208e-01 -9.802400000000000002e-02 9.951769999999999783e-01 3.684000000000000209e-03 -9.951839999999999575e-01 -9.802700000000000302e-02 5.760000000000000146e-04
1.300000000000000000e+01 2.100000000000000000e+01 6.000000000000000000e+01 0.000000000000000000e+00 1.600000000000000089e+00 -7.110000000000000434e-04 4.891999999999999647e-03 9.999879999999999880e-01 -9.944100000000000161e-02 9.950309999999999988e-01 -4.937999999999999681e-03 -9.950430000000000108e-01 -9.944400000000000461e-02 -2.210000000000000050e-04
1.700000000000000000e+01 2.100000000000000000e+01 6.000000000000000000e+01 0.000000000000000000e+00 1.600000000000000089e+00 -1.797999999999999902e-03 -7.690000000000000438e-04 9.999980000000000535e-01 -9.942600000000000049e-02 9.950449999999999573e-01 5.869999999999999567e-04 -9.950430000000000108e-01 -9.942499999999999949e-02 -1.864999999999999904e-03
2.300000000000000000e+01 2.100000000000000000e+01 6.000000000000000000e+01 0.000000000000000000e+00 1.600000000000000089e+00 2.919000000000000154e-03 3.178999999999999968e-03 9.999909999999999632e-01 -9.823199999999999987e-02 9.951590000000000158e-01 -2.876999999999999783e-03 -9.951590000000000158e-01 -9.822300000000000475e-02 3.217999999999999940e-03
2.600000000000000000e+01 2.100000000000000000e+01 6.000000000000000000e+01 0.000000000000000000e+00 1.600000000000000089e+00 2.115000000000000126e-03 -7.700000000000000139e-05 9.999980000000000535e-01 -9.840899999999999648e-02 9.951459999999999750e-01 2.849999999999999886e-04 -9.951440000000000285e-01 -9.840899999999999648e-02 2.096999999999999906e-03
3.000000000000000000e+01 2.100000000000000000e+01 6.000000000000000000e+01 0.000000000000000000e+00 1.600000000000000089e+00 -1.505000000000000044e-03 -4.400000000000000265e-03 9.999890000000000168e-01 -9.763199999999999656e-02 9.952140000000000430e-01 4.231999999999999651e-03 -9.952210000000000223e-01 -9.762500000000000344e-02 -1.928000000000000026e-03
2.600000000000000000e+01 3.000000000000000000e+00 6.300000000000000000e+01 0.000000000000000000e+00 1.600000000000000089e+00 4.199999999999999768e-05 5.150000000000000064e-03 9.999869999999999592e-01 -6.144439999999999902e-01 7.889500000000000401e-01 -4.036999999999999790e-03 -7.889610000000000234e-01 -6.144349999999999534e-01 3.197000000000000189e-03
5.000000000000000000e+00 2.700000000000000000e+01 6.300000000000000000e+01 0.000000000000000000e+00 1.600000000000000089e+00 -1.115000000000000106e-03 -3.308999999999999875e-03 9.999940000000000495e-01 -2.794380000000000197e-01 9.601600000000000135e-01 2.864999999999999925e-03 -9.601629999999999887e-01 -2.794329999999999870e-01 -1.994999999999999812e-03
8.000000000000000000e+00 2.700000000000000000e+01 6.300000000000000000e+01 0.000000000000000000e+00 1.600000000000000089e+00 1.121000000000000035e-03 -2.620000000000000258e-04 9.999989999999999712e-01 -2.789940000000000198e-01 9.602929999999999522e-01 5.649999999999999641e-04 -9.602920000000000345e-01 -2.789940000000000198e-01 1.002999999999999985e-03
1.200000000000000000e+01 2.700000000000000000e+01 6.300000000000000000e+01 0.000000000000000000e+00 1.600000000000000089e+00 3.039000000000000035e-03 1.832999999999999994e-03 9.999940000000000495e-01 -2.750040000000000262e-01 9.614430000000000476e-01 -9.259999999999999568e-04 -9.614380000000000148e-01 -2.749989999999999934e-01 3.425999999999999792e-03
1.800000000000000000e+01 2.700000000000000000e+01 6.300000000000000000e+01 0.000000000000000000e+00 1.600000000000000089e+00 1.740000000000000010e-04 6.649000000000000396e-03 9.999780000000000335e-01 -2.728180000000000049e-01 9.620450000000000390e-01 -6.349999999999999742e-03 -9.620659999999999767e-01 -2.728110000000000257e-01 1.981000000000000122e-03
2.500000000000000000e+01 2.700000000000000000e+01 6.300000000000000000e+01 0.000000000000000000e+00 1.600000000000000089e+00 2.834999999999999847e-03 -8.030000000000000028e-04 9.999959999999999960e-01 -2.693690000000000251e-01 9.630360000000000031e-01 1.536999999999999955e-03 -9.630330000000000279e-01 -2.693720000000000003e-01 2.513000000000000043e-03
2.900000000000000000e+01 2.700000000000000000e+01 6.300000000000000000e+01 0.000000000000000000e+00 1.600000000000000089e+00 2.188999999999999974e-03 9.495999999999999233e-03 9.999529999999999808e-01 -2.653240000000000043e-01 9.641210000000000058e-01 -8.574999999999999289e-03 -9.641570000000000418e-01 -2.652930000000000010e-01 4.629000000000000302e-03
4.000000000000000000e+00 4.400000000000000000e+01 6.300000000000000000e+01 0.000000000000000000e+00 1.600000000000000089e+00 7.822000000000000827e-03 -3.491299999999999959e-02 -9.993600000000000261e-01 -7.181889999999999663e-01 -6.955970000000000208e-01 1.867999999999999869e-02 -6.958039999999999781e-01 7.175829999999999709e-01 -3.051500000000000046e-02
5.000000000000000000e+00 2.600000000000000000e+01 6.400000000000000000e+01 0.000000000000000000e+00 1.600000000000000089e+00 -7.969999999999999654e-04 -3.297000000000000017e-03 9.999940000000000495e-01 -3.692429999999999879e-01 9.293289999999999607e-01 2.769000000000000194e-03 -9.293320000000000469e-01 -3.692389999999999839e-01 -1.958000000000000105e-03
8.000000000000000000e+00 2.600000000000000000e+01 6.400000000000000000e+01 0.000000000000000000e+00 1.600000000000000089e+00 7.150000000000000322e-04 6.989999999999999686e-04 9.999989999999999712e-01 -3.692460000000000186e-01 9.293310000000000182e-01 -3.860000000000000041e-04 -9.293310000000000182e-01 -3.692460000000000186e-01 9.229999999999999923e-04
