1.400000000000000000e+01 2.500000000000000000e+01 1.000000000000000000e+00 0.000000000000000000e+00 1.600000000000000089e+00 3.873000000000000140e-03 -1.449999999999999900e-03 -9.999909999999999632e-01 -5.188869999999999871e-01 -8.548419999999999908e-01 -7.699999999999999597e-04 -8.548339999999999828e-01 5.188859999999999584e-01 -4.062999999999999771e-03
1.800000000000000000e+01 2.500000000000000000e+01 1.000000000000000000e+00 0.000000000000000000e+00 1.600000000000000089e+00 3.680000000000000003e-04 3.988000000000000225e-03 -9.999919999999999920e-01 -5.179970000000000407e-01 -8.553749999999999964e-01 -3.602000000000000167e-03 -8.553819999999999757e-01 5.179939999999999545e-01 1.750999999999999952e-03
1.000000000000000000e+01 4.200000000000000000e+01 2.000000000000000000e+00 0.000000000000000000e+00 1.600000000000000089e+00 -5.049999999999999802e-03 4.222700000000000065e-02 -9.990949999999999553e-01 9.816500000000000226e-01 -1.902490000000000014e-01 -1.300199999999999967e-02 -1.906259999999999899e-01 -9.808270000000000044e-01 -4.049099999999999921e-02
3.000000000000000000e+00 1.500000000000000000e+01 4.000000000000000000e+00 0.000000000000000000e+00 1.600000000000000089e+00 3.174999999999999871e-03 2.151999999999999833e-03 9.999930000000000208e-01 3.085709999999999842e-01 -9.512009999999999632e-01 1.067000000000000023e-03 9.511960000000000415e-01 3.085660000000000069e-01 -3.684000000000000209e-03
8.000000000000000000e+00 1.500000000000000000e+01 4.000000000000000000e+00 0.000000000000000000e+00 1.600000000000000089e+00 1.583999999999999905e-03 3.716999999999999818e-03 9.999919999999999920e-01 3.047090000000000076e-01 -9.524409999999999821e-01 3.057999999999999954e-03 9.524439999999999573e-01 3.047019999999999729e-01 -2.641000000000000118e-03
1.300000000000000000e+01 1.500000000000000000e+01 4.000000000000000000e+00 0.000000000000000000e+00 1.600000000000000089e+00 1.066000000000000107e-03 4.429999999999999910e-03 9.999900000000000455e-01 3.085319999999999729e-01 -9.512059999999999960e-01 3.884999999999999998e-03 9.512129999999999752e-01 3.085249999999999937e-01 -2.380999999999999870e-03
1.600000000000000000e+01 1.500000000000000000e+01 4.000000000000000000e+00 0.000000000000000000e+00 1.600000000000000089e+00 5.010000000000000347e-04 6.096999999999999989e-03 9.999810000000000088e-01 3.098469999999999835e-01 -9.507700000000000040e-01 5.642000000000000313e-03 9.507860000000000200e-01 3.098380000000000023e-01 -2.364999999999999915e-03
2.200000000000000000e+01 1.500000000000000000e+01 4.000000000000000000e+00 0.000000000000000000e+00 1.600000000000000089e+00 8.700000000000000051e-05 4.616000000000000311e-03 9.999890000000000168e-01 3.094520000000000048e-01 -9.509050000000000002e-01 4.362000000000000426e-03 9.509149999999999547e-01 3.094489999999999741e-01 -1.510999999999999973e-03
2.900000000000000000e+01 1.500000000000000000e+01 4.000000000000000000e+00 0.000000000000000000e+00 1.600000000000000089e+00 -3.020000000000000223e-04 -1.466999999999999988e-03 9.999989999999999712e-01 3.104230000000000045e-01 -9.505980000000000540e-01 -1.301000000000000073e-03 9.505989999999999718e-01 3.104219999999999757e-01 7.429999999999999539e-04
3.000000000000000000e+00 1.010000000000000000e+02 7.000000000000000000e+00 0.000000000000000000e+00 1.600000000000000089e+00 -4.651999999999999885e-03 7.872000000000000525e-03 9.999580000000000135e-01 8.826709999999999834e-01 4.699909999999999921e-01 4.070000000000000267e-04 -4.699679999999999969e-01 8.826359999999999761e-01 -9.135000000000000758e-03
2.800000000000000000e+01 1.010000000000000000e+02 7.000000000000000000e+00 0.000000000000000000e+00 1.600000000000000089e+00 -2.258000000000000024e-03 -1.256700000000000005e-02 9.999179999999999735e-01 8.810419999999999918e-01 4.729720000000000035e-01 7.934000000000000080e-03 -4.730329999999999813e-01 8.809879999999999933e-01 1.000400000000000074e-02
7.000000000000000000e+00 2.500000000000000000e+01 8.000000000000000000e+00 0.000000000000000000e+00 1.600000000000000089e+00 1.069999999999999988e-04 -1.541000000000000052e-03 -9.999989999999999712e-01 4.424669999999999992e-01 8.967840000000000256e-01 -1.333999999999999899e-03 8.967850000000000543e-01 -4.424660000000000259e-01 7.780000000000000457e-04
1.100000000000000000e+01 2.500000000000000000e+01 8.000000000000000000e+00 0.000000000000000000e+00 1.600000000000000089e+00 -3.184000000000000198e-03 -5.069999999999999854e-03 -9.999820000000000375e-01 4.431999999999999829e-01 8.964029999999999498e-01 -5.956000000000000356e-03 8.964170000000000194e-01 -4.432119999999999949e-01 -6.070000000000000092e-04
1.400000000000000000e+01 2.500000000000000000e+01 8.000000000000000000e+00 0.000000000000000000e+00 1.600000000000000089e+00 -1.806000000000000097e-03 -6.512999999999999692e-03 -9.999770000000000048e-01 4.443039999999999767e-01 8.958509999999999529e-01 -6.636999999999999671e-03 8.958739999999999482e-01 -4.443059999999999787e-01 1.276000000000000007e-03
1.700000000000000000e+01 2.500000000000000000e+01 8.000000000000000000e+00 0.000000000000000000e+00 1.600000000000000089e+00 1.979999999999999881e-04 -4.519999999999999712e-03 -9.999900000000000455e-01 4.444609999999999950e-01 8.957889999999999464e-01 -3.961000000000000111e-03 8.957979999999999832e-01 -4.444560000000000177e-01 2.186000000000000009e-03
2.000000000000000000e+01 2.500000000000000000e+01 8.000000000000000000e+00 0.000000000000000000e+00 1.600000000000000089e+00 1.299999999999999920e-05 -5.150000000000000064e-03 -9.999869999999999592e-01 4.438219999999999943e-01 8.961029999999999829e-01 -4.609000000000000249e-03 8.961149999999999949e-01 -4.438159999999999883e-01 2.296999999999999997e-03
2.400000000000000000e+01 2.500000000000000000e+01 8.000000000000000000e+00 0.000000000000000000e+00 1.600000000000000089e+00 -1.933000000000000039e-03 -4.015999999999999605e-03 -9.999900000000000455e-01 4.445310000000000095e-01 8.957530000000000214e-01 -4.455999999999999892e-03 8.957619999999999472e-01 -4.445350000000000135e-01 5.399999999999999798e-05
3.000000000000000000e+01 2.500000000000000000e+01 8.000000000000000000e+00 0.000000000000000000e+00 1.600000000000000089e+00 1.824000000000000100e-03 4.545000000000000429e-03 -9.999879999999999880e-01 4.464750000000000107e-01 8.947829999999999950e-01 4.882000000000000055e-03 8.947939999999999783e-01 -4.464790000000000147e-01 -3.970000000000000005e-04
7.000000000000000000e+00 2.400000000000000000e+01 9.000000000000000000e+00 0.000000000000000000e+00 1.600000000000000089e+00 7.399999999999999623e-05 -2.178999999999999947e-03 -9.999980000000000535e-01 4.455009999999999803e-01 8.952799999999999647e-01 -1.918000000000000000e-03 8.952820000000000222e-01 -4.454989999999999783e-01 1.038000000000000077e-03
1.000000000000000000e+01 2.400000000000000000e+01 9.000000000000000000e+00 0.000000000000000000e+00 1.600000000000000089e+00 -2.554999999999999979e-03 -5.338999999999999996e-03 -9.999820000000000375e-01 4.458210000000000228e-01 8.951029999999999820e-01 -5.917999999999999650e-03 8.951179999999999692e-01 -4.458280000000000021e-01 9.399999999999999448e-05
1.600000000000000000e+01 2.400000000000000000e+01 9.000000000000000000e+00 0.000000000000000000e+00 1.600000000000000089e+00 -1.900000000000000105e-04 -5.165999999999999585e-03 -9.999869999999999592e-01 4.480529999999999791e-01 8.939949999999999841e-01 -4.703999999999999848e-03 8.940069999999999961e-01 -4.480480000000000018e-01 2.144000000000000072e-03
2.000000000000000000e+01 2.400000000000000000e+01 9.000000000000000000e+00 0.000000000000000000e+00 1.600000000000000089e+00 1.939999999999999993e-04 -5.326000000000000005e-03 -9.999860000000000415e-01 4.481609999999999761e-01 8.939399999999999569e-01 -4.675000000000000336e-03 8.939529999999999976e-01 -4.481539999999999968e-01 2.560000000000000209e-03
2.300000000000000000e+01 2.400000000000000000e+01 9.000000000000000000e+00 0.000000000000000000e+00 1.600000000000000089e+00 -1.851999999999999914e-03 -5.061999999999999660e-03 -9.999850000000000128e-01 4.484890000000000265e-01 8.937720000000000109e-01 -5.355000000000000385e-03 8.937859999999999694e-01 -4.484929999999999750e-01 6.149999999999999868e-04
2.700000000000000000e+01 2.400000000000000000e+01 9.000000000000000000e+00 0.000000000000000000e+00 1.600000000000000089e+00 -4.809999999999999823e-04 -3.807000000000000054e-03 -9.999930000000000208e-01 4.495999999999999996e-01 8.932229999999999892e-01 -3.615999999999999857e-03 8.932299999999999685e-01 -4.495990000000000264e-01 1.281999999999999936e-03
7.000000000000000000e+00 3.100000000000000000e+01 1.200000000000000000e+01 0.000000000000000000e+00 1.600000000000000089e+00 -1.840000000000000001e-04 4.070000000000000267e-04 1.000000000000000000e+00 1.902300000000000171e-02 9.998190000000000133e-01 -4.040000000000000080e-04 -9.998190000000000133e-01 1.902300000000000171e-02 -1.910000000000000077e-04
1.200000000000000000e+01 3.100000000000000000e+01 1.200000000000000000e+01 0.000000000000000000e+00 1.600000000000000089e+00 9.810000000000001011e-04 8.019999999999999785e-04 9.999989999999999712e-01 1.878600000000000061e-02 9.998230000000000173e-01 -8.199999999999999824e-04 -9.998230000000000173e-01 1.878700000000000161e-02 9.659999999999999533e-04
1.800000000000000000e+01 3.100000000000000000e+01 1.200000000000000000e+01 0.000000000000000000e+00 1.600000000000000089e+00 -1.778999999999999982e-03 1.201999999999999943e-03 9.999980000000000535e-01 1.934900000000000161e-02 9.998120000000000340e-01 -1.167000000000000069e-03 -9.998110000000000053e-01 1.934599999999999861e-02 -1.801999999999999999e-03
1.000000000000000000e+01 1.160000000000000000e+02 1.600000000000000000e+01 0.000000000000000000e+00 1.600000000000000089e+00 3.669999999999999760e-04 -1.600000000000000077e-03 9.999989999999999712e-01 6.919859999999999900e-01 7.219109999999999694e-01 9.009999999999999997e-04 -7.219109999999999694e-01 6.919840000000000435e-01 1.371999999999999956e-03
1.300000000000000000e+01 1.160000000000000000e+02 1.600000000000000000e+01 0.000000000000000000e+00 1.600000000000000089e+00 4.203000000000000139e-03 3.272999999999999868e-03 9.999860000000000415e-01 6.963310000000000333e-01 7.177019999999999511e-01 -5.276000000000000308e-03 -7.177090000000000414e-01 6.963430000000000453e-01 7.380000000000000492e-04
1.900000000000000000e+01 1.160000000000000000e+02 1.600000000000000000e+01 0.000000000000000000e+00 1.600000000000000089e+00 -3.392000000000000050e-03 -3.412999999999999801e-03 9.999879999999999880e-01 6.803120000000000278e-01 7.329069999999999752e-01 4.808999999999999907e-03 -7.329149999999999832e-01 6.803200000000000358e-01 -1.640000000000000019e-04
7.000000000000000000e+00 2.000000000000000000e+00 1.900000000000000000e+01 0.000000000000000000e+00 1.600000000000000089e+00 4.577000000000000339e-03 -6.731000000000000004e-03 -9.999670000000000503e-01 1.995689999999999964e-01 -9.798550000000000315e-01 7.510000000000000182e-03 -9.798729999999999940e-01 -1.995969999999999966e-01 -3.141999999999999828e-03
1.100000000000000000e+01 2.000000000000000000e+00 1.900000000000000000e+01 0.000000000000000000e+00 1.600000000000000089e+00 2.710000000000000169e-03 -3.320000000000000034e-03 -9.999909999999999632e-01 1.980679999999999941e-01 -9.801809999999999690e-01 3.791000000000000099e-03 -9.801849999999999730e-01 -1.980760000000000021e-01 -1.998999999999999909e-03
1.500000000000000000e+01 2.000000000000000000e+00 1.900000000000000000e+01 0.000000000000000000e+00 1.600000000000000089e+00 2.739999999999999814e-03 1.271999999999999910e-03 -9.999949999999999672e-01 1.964210000000000123e-01 -9.805190000000000294e-01 -7.100000000000000191e-04 -9.805160000000000542e-01 -1.964180000000000093e-01 -2.935999999999999808e-03
2.000000000000000000e+01 2.000000000000000000e+00 1.900000000000000000e+01 0.000000000000000000e+00 1.600000000000000089e+00 -8.689999999999999808e-04 3.830000000000000071e-03 -9.999919999999999920e-01 1.914559999999999873e-01 -9.814929999999999488e-01 -3.925999999999999802e-03 -9.815009999999999568e-01 -1.914579999999999893e-01 1.200000000000000030e-04
2.300000000000000000e+01 2.000000000000000000e+00 1.900000000000000000e+01 0.000000000000000000e+00 1.600000000000000089e+00 -3.609999999999999928e-04 -1.379000000000000017e-03 -9.999989999999999712e-01 1.930240000000000011e-01 -9.811929999999999819e-01 1.283999999999999985e-03 -9.811940000000000106e-01 -1.930230000000000001e-01 6.210000000000000242e-04
2.600000000000000000e+01 2.000000000000000000e+00 1.900000000000000000e+01 0.000000000000000000e+00 1.600000000000000089e+00 -7.360000000000000006e-04 -2.560000000000000209e-03 -9.999959999999999960e-01 1.941559999999999953e-01 -9.809679999999999511e-01 2.369000000000000012e-03 -9.809700000000000086e-01 -1.941529999999999923e-01 1.219000000000000031e-03
2.900000000000000000e+01 2.000000000000000000e+00 1.900000000000000000e+01 0.000000000000000000e+00 1.600000000000000089e+00 -3.468999999999999861e-03 -4.291999999999999808e-03 -9.999850000000000128e-01 1.956249999999999933e-01 -9.806719999999999882e-01 3.530999999999999851e-03 -9.806730000000000169e-01 -1.956100000000000061e-01 4.242000000000000111e-03
8.000000000000000000e+00 4.000000000000000000e+00 2.000000000000000000e+01 0.000000000000000000e+00 1.600000000000000089e+00 6.727000000000000340e-03 -2.393000000000000162e-03 -9.999749999999999472e-01 2.832950000000000190e-01 -9.590239999999999876e-01 4.200999999999999873e-03 -9.590090000000000003e-01 -2.833160000000000123e-01 -5.773999999999999619e-03
1.500000000000000000e+01 4.000000000000000000e+00 2.000000000000000000e+01 0.000000000000000000e+00 1.600000000000000089e+00 2.318000000000000182e-03 1.824000000000000100e-03 -9.999959999999999960e-01 2.879709999999999770e-01 -9.576390000000000180e-01 -1.079000000000000098e-03 -9.576360000000000428e-01 -2.879669999999999730e-01 -2.745000000000000044e-03
4.000000000000000000e+00 1.300000000000000000e+01 2.000000000000000000e+01 0.000000000000000000e+00 1.600000000000000089e+00 -3.036000000000000070e-03 -2.846000000000000005e-03 9.999909999999999632e-01 2.566260000000000208e-01 9.665040000000000298e-01 3.529000000000000019e-03 -9.665059999999999762e-01 2.566339999999999733e-01 -2.203999999999999796e-03
9.000000000000000000e+00 1.300000000000000000e+01 2.000000000000000000e+01 0.000000000000000000e+00 1.600000000000000089e+00 6.134999999999999828e-03 8.247000000000000858e-03 9.999470000000000303e-01 2.513219999999999898e-01 9.678569999999999673e-01 -9.523999999999999480e-03 -9.678839999999999666e-01 2.513670000000000071e-01 3.864999999999999946e-03
1.700000000000000000e+01 1.300000000000000000e+01 2.000000000000000000e+01 0.000000000000000000e+00 1.600000000000000089e+00 -6.799999999999999946e-05 -1.397999999999999937e-03 9.999989999999999712e-01 2.521660000000000013e-01 9.676829999999999599e-01 1.369999999999999907e-03 -9.676839999999999886e-01 2.521660000000000013e-01 2.869999999999999830e-04
2.000000000000000000e+01 1.300000000000000000e+01 2.000000000000000000e+01 0.000000000000000000e+00 1.600000000000000089e+00 -1.614999999999999899e-03 -4.449999999999999746e-04 9.999989999999999712e-01 2.533020000000000271e-01 9.673869999999999969e-01 8.400000000000000348e-04 -9.673859999999999681e-01 2.533030000000000004e-01 -1.448999999999999984e-03
2.600000000000000000e+01 1.300000000000000000e+01 2.000000000000000000e+01 0.000000000000000000e+00 1.600000000000000089e+00 -4.369999999999999970e-04 2.169999999999999891e-04 1.000000000000000000e+00 2.530140000000000167e-01 9.674629999999999619e-01 -9.899999999999999404e-05 -9.674629999999999619e-01 2.530129999999999879e-01 -4.780000000000000178e-04
5.000000000000000000e+00 1.600000000000000000e+01 2.100000000000000000e+01 0.000000000000000000e+00 1.600000000000000089e+00 -1.680000000000000070e-03 1.909000000000000107e-03 9.999970000000000248e-01 3.009339999999999793e-01 9.536440000000000472e-01 -1.314999999999999980e-03 -9.536440000000000472e-01 3.009310000000000040e-01 -2.177000000000000116e-03
1.600000000000000000e+01 1.600000000000000000e+01 2.100000000000000000e+01 0.000000000000000000e+00 1.600000000000000089e+00 1.935000000000000088e-03 1.347000000000000107e-03 9.999970000000000248e-01 2.978089999999999904e-01 9.546240000000000281e-01 -1.863000000000000073e-03 -9.546240000000000281e-01 2.978120000000000211e-01 1.446000000000000020e-03
2.500000000000000000e+01 1.600000000000000000e+01 2.100000000000000000e+01 0.000000000000000000e+00 1.600000000000000089e+00 -6.530000000000000431e-04 1.412000000000000061e-03 9.999989999999999712e-01 2.969959999999999822e-01 9.548780000000000046e-01 -1.154999999999999994e-03 -9.548780000000000046e-01 2.969950000000000090e-01 -1.043000000000000090e-03
3.000000000000000000e+01 1.600000000000000000e+01 2.100000000000000000e+01 0.000000000000000000e+00 1.600000000000000089e+00 9.460000000000000093e-04 1.017599999999999928e-02 9.999479999999999480e-01 2.972699999999999787e-01 9.547409999999999508e-01 -9.997000000000000677e-03 -9.547930000000000028e-01 2.972639999999999727e-01 -2.122000000000000188e-03
5.000000000000000000e+00 4.800000000000000000e+01 2.400000000000000000e+01 0.000000000000000000e+00 1.600000000000000089e+00 -2.588000000000000023e-03 -1.507000000000000093e-03 9.999949999999999672e-01 8.591710000000000180e-01 5.116789999999999949e-01 2.994999999999999832e-03 -5.116819999999999702e-01 8.591750000000000220e-01 -3.000000000000000076e-05
1.100000000000000000e+01 3.000000000000000000e+00 2.500000000000000000e+01 0.000000000000000000e+00 1.600000000000000089e+00 -1.270899999999999981e-02 -2.954000000000000029e-03 9.999149999999999983e-01 -5.699599999999999805e-02 -9.983680000000000332e-01 -3.674000000000000182e-03 9.982940000000000147e-01 -5.703799999999999842e-02 1.251999999999999988e-02
1.400000000000000000e+01 3.000000000000000000e+00 2.500000000000000000e+01 0.000000000000000000e+00 1.600000000000000089e+00 -9.329000000000000486e-03 -8.469999999999999881e-04 9.999559999999999560e-01 -5.165899999999999659e-02 -9.986639999999999961e-01 -1.327000000000000055e-03 9.986209999999999809e-01 -5.166899999999999965e-02 9.272999999999999993e-03
2.100000000000000000e+01 3.000000000000000000e+00 2.500000000000000000e+01 0.000000000000000000e+00 1.600000000000000089e+00 3.148000000000000190e-03 3.655999999999999962e-03 9.999879999999999880e-01 -5.013900000000000301e-02 -9.987350000000000394e-01 3.808999999999999886e-03 9.987369999999999859e-01 -5.015000000000000013e-02 -2.961000000000000090e-03
2.800000000000000000e+01 3.000000000000000000e+00 2.500000000000000000e+01 0.000000000000000000e+00 1.600000000000000089e+00 -5.850000000000000165e-04 -2.919000000000000154e-03 9.999959999999999960e-01 -5.689099999999999713e-02 -9.983760000000000412e-01 -2.946999999999999967e-03 9.983800000000000452e-01 -5.689199999999999813e-02 4.180000000000000230e-04
1.100000000000000000e+01 4.600000000000000000e+01 2.700000000000000000e+01 0.000000000000000000e+00 1.600000000000000089e+00 -1.438999999999999958e-03 2.454000000000000018e-03 -9.999959999999999960e-01 6.500310000000000255e-01 7.599069999999999991e-01 9.290000000000000297e-04 7.599059999999999704e-01 -6.500270000000000215e-01 -2.688999999999999984e-03
1.500000000000000000e+01 4.600000000000000000e+01 2.700000000000000000e+01 0.000000000000000000e+00 1.600000000000000089e+00 -1.155999999999999910e-03 7.450000000000000025e-04 -9.999989999999999712e-01 6.491710000000000536e-01 7.606429999999999580e-01 -1.830000000000000029e-04 7.606420000000000403e-01 -6.491700000000000248e-01 -1.363000000000000062e-03
2.000000000000000000e+01 4.600000000000000000e+01 2.700000000000000000e+01 0.000000000000000000e+00 1.600000000000000089e+00 -1.314999999999999980e-03 -1.642999999999999929e-03 -9.999980000000000535e-01 6.433079999999999909e-01 7.656049999999999800e-01 -2.103999999999999967e-03 7.656070000000000375e-01 -6.433090000000000197e-01 5.000000000000000240e-05
2.000000000000000000e+00 5.800000000000000000e+01 3.100000000000000000e+01 0.000000000000000000e+00 1.600000000000000089e+00 1.366999999999999943e-03 -2.948999999999999799e-03 9.999949999999999672e-01 -7.973789999999999489e-01 -6.034789999999999877e-01 -6.899999999999999667e-04 6.034779999999999589e-01 -7.973740000000000272e-01 -3.176000000000000004e-03
8.000000000000000000e+00 5.800000000000000000e+01 3.100000000000000000e+01 0.000000000000000000e+00 1.600000000000000089e+00 -1.260000000000000052e-03 1.359999999999999989e-04 9.999989999999999712e-01 -7.991390000000000438e-01 -6.011450000000000404e-01 -9.259999999999999568e-04 6.011440000000000117e-01 -7.991399999999999615e-01 8.660000000000000163e-04
1.500000000000000000e+01 5.800000000000000000e+01 3.100000000000000000e+01 0.000000000000000000e+00 1.600000000000000089e+00 -8.220000000000000310e-04 1.866000000000000037e-03 9.999980000000000535e-01 -8.017180000000000417e-01 -5.977019999999999555e-01 4.560000000000000251e-04 5.977019999999999555e-01 -8.017159999999999842e-01 1.987000000000000051e-03
2.000000000000000000e+01 5.800000000000000000e+01 3.100000000000000000e+01 0.000000000000000000e+00 1.600000000000000089e+00 -6.459999999999999814e-04 -2.871999999999999987e-03 9.999959999999999960e-01 -8.008450000000000291e-01 -5.988670000000000382e-01 -2.236999999999999839e-03 5.988710000000000422e-01 -8.008429999999999715e-01 -1.912999999999999987e-03
2.500000000000000000e+01 5.800000000000000000e+01 3.100000000000000000e+01 0.000000000000000000e+00 1.600000000000000089e+00 -3.011999999999999920e-03 -5.870000000000000218e-03 9.999780000000000335e-01 -7.996419999999999639e-01 -6.004469999999999530e-01 -5.934000000000000039e-03 6.004690000000000305e-01 -7.996429999999999927e-01 -2.886000000000000110e-03
7.000000000000000000e+00 4.600000000000000000e+01 3.500000000000000000e+01 0.000000000000000000e+00 1.600000000000000089e+00 1.887000000000000005e-03 1.500000000000000038e-05 -9.999980000000000535e-01 3.861780000000000213e-01 -9.224240000000000217e-01 7.150000000000000322e-04 -9.224219999999999642e-01 -3.861789999999999945e-01 -1.747000000000000072e-03
1.000000000000000000e+01 4.600000000000000000e+01 3.500000000000000000e+01 0.000000000000000000e+00 1.600000000000000089e+00 1.962999999999999901e-03 4.416999999999999919e-03 -9.999879999999999880e-01 3.855310000000000126e-01 -9.226889999999999814e-01 -3.318999999999999902e-03 -9.226929999999999854e-01 -3.855199999999999738e-01 -3.514000000000000196e-03
2.000000000000000000e+01 4.600000000000000000e+01 3.500000000000000000e+01 0.000000000000000000e+00 1.600000000000000089e+00 1.340000000000000045e-04 -3.776999999999999975e-03 -9.999930000000000208e-01 3.870609999999999884e-01 -9.220469999999999500e-01 3.534999999999999948e-03 -9.220540000000000402e-01 -3.870589999999999864e-01 1.337999999999999997e-03
2.600000000000000000e+01 4.600000000000000000e+01 3.500000000000000000e+01 0.000000000000000000e+00 1.600000000000000089e+00 -6.980000000000000527e-04 -3.080000000000000055e-04 -1.000000000000000000e+00 3.858790000000000275e-01 -9.225499999999999812e-01 1.500000000000000038e-05 -9.225489999999999524e-01 -3.858790000000000275e-01 7.630000000000000063e-04
1.000000000000000000e+01 9.500000000000000000e+01 3.600000000000000000e+01 0.000000000000000000e+00 1.600000000000000089e+00 -2.883999999999999845e-03 -1.355699999999999961e-02 9.999040000000000150e-01 9.984979999999999967e-01 5.467299999999999938e-02 3.621999999999999786e-03 -5.471700000000000175e-02 9.984119999999999662e-01 1.337900000000000027e-02
1.700000000000000000e+01 9.500000000000000000e+01 3.600000000000000000e+01 0.000000000000000000e+00 1.600000000000000089e+00 -7.069999999999999462e-04 4.839000000000000419e-03 9.999879999999999880e-01 9.983009999999999939e-01 5.826499999999999735e-02 4.229999999999999819e-04 -5.826300000000000229e-02 9.982889999999999819e-01 -4.871999999999999595e-03
2.000000000000000000e+01 9.500000000000000000e+01 3.600000000000000000e+01 0.000000000000000000e+00 1.600000000000000089e+00 4.110000000000000155e-04 7.126000000000000389e-03 9.999749999999999472e-01 9.982210000000000250e-01 5.962200000000000139e-02 -8.350000000000000217e-04 -5.962699999999999945e-02 9.981959999999999722e-01 -7.087999999999999683e-03
6.000000000000000000e+00 3.000000000000000000e+00 4.300000000000000000e+01 0.000000000000000000e+00 1.600000000000000089e+00 1.490000000000000005e-02 -1.390199999999999943e-02 -9.997920000000000140e-01 7.319120000000000070e-01 -6.810950000000000060e-01 2.037800000000000028e-02 -6.812369999999999814e-01 -7.320630000000000193e-01 2.699999999999999899e-05
4.000000000000000000e+00 2.900000000000000000e+01 4.400000000000000000e+01 0.000000000000000000e+00 1.600000000000000089e+00 1.221000000000000080e-03 5.948000000000000162e-03 -9.999820000000000375e-01 6.589220000000000077e-01 7.521930000000000005e-01 5.278999999999999838e-03 7.522100000000000453e-01 -6.589159999999999462e-01 -3.000000000000000062e-03
8.000000000000000000e+00 2.900000000000000000e+01 4.400000000000000000e+01 0.000000000000000000e+00 1.600000000000000089e+00 1.700000000000000122e-04 -2.331000000000000173e-03 -9.999970000000000248e-01 6.682090000000000529e-01 7.439719999999999667e-01 -1.621000000000000045e-03 7.439740000000000242e-01 -6.682069999999999954e-01 1.683999999999999950e-03
1.200000000000000000e+01 2.900000000000000000e+01 4.400000000000000000e+01 0.000000000000000000e+00 1.600000000000000089e+00 -1.289999999999999914e-04 -2.090999999999999977e-03 -9.999980000000000535e-01 6.657469999999999777e-01 7.461750000000000327e-01 -1.645999999999999894e-03 7.461769999999999792e-01 -6.657459999999999489e-01 1.296000000000000060e-03
1.700000000000000000e+01 2.900000000000000000e+01 4.400000000000000000e+01 0.000000000000000000e+00 1.600000000000000089e+00 6.310000000000000504e-04 -3.393000000000000183e-03 -9.999940000000000495e-01 6.660700000000000509e-01 7.458869999999999667e-01 -2.109999999999999896e-03 7.458890000000000242e-01 -6.660639999999999894e-01 2.730999999999999921e-03
2.300000000000000000e+01 2.900000000000000000e+01 4.400000000000000000e+01 0.000000000000000000e+00 1.600000000000000089e+00 1.430000000000000064e-03 -1.820000000000000003e-03 -9.999970000000000248e-01 6.689760000000000151e-01 7.432839999999999447e-01 -3.970000000000000005e-04 7.432819999999999983e-01 -6.689739999999999576e-01 2.281000000000000041e-03
1.100000000000000000e+01 5.000000000000000000e+00 5.100000000000000000e+01 0.000000000000000000e+00 1.600000000000000089e+00 -2.258000000000000024e-03 -5.738000000000000045e-03 -9.999810000000000088e-01 4.851849999999999774e-01 -8.744020000000000126e-01 3.922000000000000139e-03 -8.744079999999999631e-01 -4.851670000000000149e-01 4.758000000000000076e-03
1.900000000000000000e+01 5.000000000000000000e+00 5.100000000000000000e+01 0.000000000000000000e+00 1.600000000000000089e+00 7.699999999999999597e-04 -9.671000000000000776e-03 -9.999529999999999808e-01 4.865900000000000225e-01 -8.735859999999999737e-01 8.824000000000000246e-03 -8.736300000000000177e-01 -4.865740000000000065e-01 4.033000000000000126e-03
2.400000000000000000e+01 5.000000000000000000e+00 5.100000000000000000e+01 0.000000000000000000e+00 1.600000000000000089e+00 6.809999999999999647e-04 2.324999999999999810e-03 -9.999970000000000248e-01 4.903259999999999841e-01 -8.715380000000000349e-01 -1.693000000000000060e-03 -8.715389999999999526e-01 -4.903230000000000088e-01 -1.732999999999999948e-03
1.500000000000000000e+01 6.000000000000000000e+00 5.100000000000000000e+01 0.000000000000000000e+00 1.600000000000000089e+00 -3.667999999999999820e-03 -9.915999999999999467e-03 -9.999440000000000550e-01 3.111530000000000129e-01 -9.503239999999999466e-01 8.281999999999999432e-03 -9.503530000000000033e-01 -3.111050000000000204e-01 6.570999999999999584e-03
5.000000000000000000e+00 6.300000000000000000e+01 5.400000000000000000e+01 0.000000000000000000e+00 1.600000000000000089e+00 -5.869999999999999567e-04 -8.800000000000000313e-04 9.999989999999999712e-01 -3.528200000000000225e-01 9.356910000000000505e-01 6.160000000000000111e-04 -9.356910000000000505e-01 -3.528189999999999937e-01 -8.599999999999999789e-04
1.000000000000000000e+01 6.300000000000000000e+01 5.400000000000000000e+01 0.000000000000000000e+00 1.600000000000000089e+00 1.776999999999999934e-03 -2.310000000000000042e-04 9.999980000000000535e-01 -3.531670000000000087e-01 9.355599999999999472e-01 8.429999999999999993e-04 -9.355590000000000295e-01 -3.531670000000000087e-01 1.580999999999999940e-03
1.400000000000000000e+01 6.300000000000000000e+01 5.400000000000000000e+01 0.000000000000000000e+00 1.600000000000000089e+00 1.134000000000000025e-03 -1.142999999999999919e-03 9.999989999999999712e-01 -3.537680000000000269e-01 9.353320000000000523e-01 1.471000000000000085e-03 -9.353320000000000523e-01 -3.537690000000000001e-01 6.570000000000000319e-04
1.800000000000000000e+01 6.300000000000000000e+01 5.400000000000000000e+01 0.000000000000000000e+00 1.600000000000000089e+00 -9.129999999999999661e-04 -4.960000000000000216e-04 9.999989999999999712e-01 -3.517239999999999811e-01 9.361040000000000472e-01 1.430000000000000064e-04 -9.361030000000000184e-01 -3.517239999999999811e-01 -1.028999999999999967e-03
2.400000000000000000e+01 6.300000000000000000e+01 5.400000000000000000e+01 0.000000000000000000e+00 1.600000000000000089e+00 1.700000000000000122e-04 2.304000000000000058e-03 9.999970000000000248e-01 -3.494200000000000084e-01 9.369640000000000191e-01 -2.099000000000000171e-03 -9.369659999999999656e-01 -3.494189999999999796e-01 9.640000000000000131e-04
2.700000000000000000e+01 6.300000000000000000e+01 5.400000000000000000e+01 0.000000000000000000e+00 1.600000000000000089e+00 1.310000000000000129e-04 1.436999999999999909e-03 9.999989999999999712e-01 -3.496389999999999776e-01 9.368840000000000501e-01 -1.299999999999999940e-03 -9.368840000000000501e-01 -3.496389999999999776e-01 6.250000000000000130e-04
8.000000000000000000e+00 7.600000000000000000e+01 5.600000000000000000e+01 0.000000000000000000e+00 1.600000000000000089e+00 -1.789999999999999870e-04 -4.129999999999999991e-03 -9.999909999999999632e-01 -1.191480000000000039e-01 9.928679999999999728e-01 -4.079000000000000160e-03 9.928759999999999808e-01 1.191470000000000029e-01 -6.700000000000000226e-04
3.000000000000000000e+01 6.800000000000000000e+01 5.700000000000000000e+01 0.000000000000000000e+00 1.600000000000000089e+00 2.353000000000000057e-03 -1.094799999999999940e-02 -9.999369999999999647e-01 -2.467030000000000056e-01 -9.690389999999999837e-01 1.002899999999999972e-02 -9.690879999999999495e-01 2.466639999999999944e-01 -4.981000000000000184e-03
1.000000000000000000e+01 2.000000000000000000e+01 6.000000000000000000e+01 0.000000000000000000e+00 1.600000000000000089e+00 -1.423000000000000003e-03 5.239999999999999866e-03 9.999850000000000128e-01 -6.400999999999999746e-02 9.979350000000000165e-01 -5.321000000000000209e-03 -9.979479999999999462e-01 -6.401700000000000446e-02 -1.083999999999999894e-03
6.000000000000000000e+00 2.100000000000000000e+01 6.000000000000000000e+01 0.000000000000000000e+00 1.600000000000000089e+00 -9.000000000000000228e-06 4.191000000000000281e-03 9.999909999999999632e-01 -9.453300000000000591e-02 9.955129999999999812e-01 -4.172999999999999626e-03 -9.955220000000000180e-01 -9.453200000000000491e-02 3.879999999999999985e-04
1.500000000000000000e+01 2.100000000000000000e+01 6.000000000000000000e+01 0.000000000000000000e+00 1.600000000000000089e+00 -1.840000000000000001e-04 7.310999999999999791e-03 9.999730000000000008e-01 -9.503699999999999648e-02 9.954469999999999708e-01 -7.296000000000000402e-03 -9.954739999999999700e-01 -9.503599999999999548e-02 5.109999999999999525e-04
1.800000000000000000e+01 2.100000000000000000e+01 6.000000000000000000e+01 0.000000000000000000e+00 1.600000000000000089e+00 7.370000000000000249e-04 6.047000000000000292e-03 9.999810000000000088e-01 -9.658899999999999431e-02 9.953070000000000528e-01 -5.947000000000000029e-03 -9.953239999999999865e-01 -9.658300000000000218e-02 1.317999999999999944e-03
2.200000000000000000e+01 2.100000000000000000e+01 6.000000000000000000e+01 0.000000000000000000e+00 1.600000000000000089e+00 6.999999999999999387e-05 -5.735999999999999779e-03 9.999839999999999840e-01 -9.636400000000000521e-02 9.953300000000000480e-01 5.715999999999999727e-03 -9.953459999999999530e-01 -9.636300000000000421e-02 -4.829999999999999767e-04
2.800000000000000000e+01 2.100000000000000000e+01 6.000000000000000000e+01 0.000000000000000000e+00 1.600000000000000089e+00 2.788000000000000114e-03 3.150000000000000022e-03 9.999909999999999632e-01 -9.077999999999999958e-02 9.958669999999999467e-01 -2.883999999999999845e-03 -9.958669999999999467e-01 -9.077100000000000446e-02 3.062000000000000052e-03
4.000000000000000000e+00 4.500000000000000000e+01 6.200000000000000000e+01 0.000000000000000000e+00 1.600000000000000089e+00 -2.021299999999999833e-02 2.430300000000000168e-02 -9.995000000000000551e-01 -6.051260000000000527e-01 -7.960979999999999723e-01 -7.119999999999999593e-03 -7.958730000000000526e-01 6.046789999999999665e-01 3.079799999999999899e-02
4.000000000000000000e+00 2.700000000000000000e+01 6.300000000000000000e+01 0.000000000000000000e+00 1.600000000000000089e+00 -2.167000000000000089e-03 9.268000000000000196e-03 9.999550000000000383e-01 -2.505149999999999877e-01 9.680659999999999821e-01 -9.516000000000000153e-03 -9.681100000000000261e-01 -2.505249999999999977e-01 2.249999999999999938e-04
1.000000000000000000e+01 2.700000000000000000e+01 6.300000000000000000e+01 0.000000000000000000e+00 1.600000000000000089e+00 3.600000000000000227e-04 -1.873199999999999865e-02 9.998240000000000460e-01 -2.662080000000000002e-01 9.637449999999999628e-01 1.815200000000000147e-02 -9.639149999999999663e-01 -2.661680000000000157e-01 -4.640000000000000027e-03
1.300000000000000000e+01 2.700000000000000000e+01 6.300000000000000000e+01 0.000000000000000000e+00 1.600000000000000089e+00 1.144000000000000052e-03 -5.544000000000000317e-03 9.999839999999999840e-01 -2.662740000000000107e-01 9.638809999999999878e-01 5.649000000000000375e-03 -9.638970000000000038e-01 -2.662760000000000127e-01 -3.730000000000000134e-04
2.000000000000000000e+01 2.700000000000000000e+01 6.300000000000000000e+01 0.000000000000000000e+00 1.600000000000000089e+00 7.879999999999999635e-04 4.558999999999999685e-03 9.999890000000000168e-01 -2.666000000000000036e-01 9.637980000000000436e-01 -4.184000000000000219e-03 -9.638069999999999693e-01 -2.665939999999999976e-01 1.975000000000000193e-03
2.800000000000000000e+01 2.700000000000000000e+01 6.300000000000000000e+01 0.000000000000000000e+00 1.600000000000000089e+00 -1.730000000000000038e-04 6.450000000000000004e-03 9.999789999999999512e-01 -2.681430000000000202e-01 9.633589999999999653e-01 -6.261000000000000072e-03 -9.633789999999999853e-01 -2.681379999999999875e-01 1.562999999999999936e-03
5.000000000000000000e+00 4.400000000000000000e+01 6.300000000000000000e+01 0.000000000000000000e+00 1.600000000000000089e+00 -1.418400000000000043e-02 3.704600000000000254e-02 -9.992130000000000178e-01 -6.796130000000000226e-01 -7.333610000000000406e-01 -1.754199999999999857e-02 -7.334330000000000016e-01 6.788300000000000445e-01 3.557899999999999952e-02
1.100000000000000000e+01 4.400000000000000000e+01 6.300000000000000000e+01 0.000000000000000000e+00 1.600000000000000089e+00 2.440399999999999861e-02 -1.156689999999999940e-01 -9.929879999999999818e-01 -7.339820000000000233e-01 -6.764459999999999917e-01 6.075699999999999851e-02 -6.787300000000000555e-01 7.273530000000000273e-01 -1.014069999999999971e-01
6.000000000000000000e+00 2.600000000000000000e+01 6.400000000000000000e+01 0.000000000000000000e+00 1.600000000000000089e+00 -2.426999999999999904e-03 -6.722999999999999809e-03 9.999740000000000295e-01 -3.532159999999999744e-01 9.355259999999999687e-01 5.432000000000000196e-03 -9.355390000000000095e-01 -3.531940000000000079e-01 -4.644999999999999823e-03
9.000000000000000000e+00 2.600000000000000000e+01 6.400000000000000000e+01 0.000000000000000000e+00 1.600000000000000089e+00 1.253999999999999906e-03 -1.301700000000000079e-02 9.999149999999999983e-01 -3.546449999999999880e-01 9.349159999999999693e-01 1.261600000000000048e-02 -9.350000000000000533e-01 -3.546309999999999740e-01 -3.444000000000000013e-03
2.000000000000000000e+01 2.600000000000000000e+01 6.400000000000000000e+01 0.000000000000000000e+00 1.600000000000000089e+00 5.789999999999999791e-04 3.758000000000000056e-03 9.999930000000000208e-01 -3.478890000000000038e-01 9.375299999999999745e-01 -3.321999999999999866e-03 -9.375350000000000072e-01 -3.478849999999999998e-01 1.850000000000000082e-03
2.400000000000000000e+01 2.600000000000000000e+01 6.400000000000000000e+01 0.000000000000000000e+00 1.600000000000000089e+00 2.280000000000000126e-04 5.372000000000000039e-03 9.999860000000000415e-01 -3.470039999999999791e-01 9.378509999999999902e-01 -4.959999999999999999e-03 -9.378640000000000310e-01 -3.469979999999999731e-01 2.077999999999999986e-03
6.000000000000000000e+00 4.300000000000000000e+01 6.400000000000000000e+01 0.000000000000000000e+00 1.600000000000000089e+00 -4.655000000000000283e-03 2.067799999999999847e-02 -9.997749999999999693e-01 -7.286110000000000086e-01 -6.848429999999999795e-01 -1.077200000000000032e-02 -6.849119999999999653e-01 7.283969999999999612e-01 1.825399999999999939e-02
3.000000000000000000e+00 3.200000000000000000e+01 6.600000000000000000e+01 0.000000000000000000e+00 1.600000000000000089e+00 -9.742999999999999924e-03 1.170000000000000033e-02 -9.998839999999999950e-01 -8.608670000000000488e-01 -5.088240000000000540e-01 2.435000000000000098e-03 -5.087369999999999948e-01 8.607909999999999728e-01 1.502999999999999996e-02
1.000000000000000000e+01 2.500000000000000000e+01 7.400000000000000000e+01 0.000000000000000000e+00 1.600000000000000089e+00 -5.499999999999999681e-03 -3.534999999999999948e-03 9.999789999999999512e-01 8.230910000000000171e-01 -5.679030000000000467e-01 2.520000000000000104e-03 5.678819999999999979e-01 8.230880000000000418e-01 6.033000000000000168e-03
1.900000000000000000e+01 2.500000000000000000e+01 7.400000000000000000e+01 0.000000000000000000e+00 1.600000000000000089e+00 2.840000000000000076e-03 -8.890000000000000333e-04 9.999959999999999960e-01 8.233099999999999863e-01 -5.675850000000000062e-01 -2.843000000000000041e-03 5.675850000000000062e-01 8.233150000000000190e-01 -8.800000000000000313e-04
2.300000000000000000e+01 2.500000000000000000e+01 7.400000000000000000e+01 0.000000000000000000e+00 1.600000000000000089e+00 1.969999999999999909e-04 -1.247999999999999977e-03 9.999989999999999712e-01 8.223549999999999471e-01 -5.689739999999999798e-01 -8.720000000000000537e-04 5.689739999999999798e-01 8.223549999999999471e-01 9.139999999999999904e-04
2.500000000000000000e+01 2.500000000000000000e+01 7.400000000000000000e+01 0.000000000000000000e+00 1.600000000000000089e+00 -3.899999999999999929e-04 -2.239999999999999804e-03 9.999970000000000248e-01 8.226900000000000324e-01 -5.684890000000000221e-01 -9.529999999999999626e-04 5.684900000000000508e-01 8.226879999999999749e-01 2.063999999999999863e-03
2.900000000000000000e+01 2.500000000000000000e+01 7.400000000000000000e+01 0.000000000000000000e+00 1.600000000000000089e+00 -1.099999999999999971e-05 -3.082000000000000104e-03 9.999949999999999672e-01 8.218229999999999702e-01 -5.697400000000000242e-01 -1.747000000000000072e-03 5.697419999999999707e-01 8.218189999999999662e-01 2.539000000000000024e-03
3.000000000000000000e+00 4.300000000000000000e+01 7.500000000000000000e+01 0.000000000000000000e+00 1.600000000000000089e+00 2.559300000000000117e-02 -3.296549999999999758e-01 -9.437539999999999818e-01 -2.877160000000000273e-01 -9.065469999999999917e-01 3.088560000000000194e-01 -9.573739999999999473e-01 2.636279999999999735e-01 -1.180490000000000012e-01
