1.100000000000000000e+01 1.900000000000000000e+01 5.000000000000000000e+00 0.000000000000000000e+00 1.600000000000000089e+00 5.139999999999999604e-03 4.525999999999999641e-03 -9.999770000000000048e-01 -6.941119999999999512e-01 -7.198339999999999739e-01 -6.825999999999999603e-03 -7.198480000000000434e-01 6.941310000000000535e-01 -5.590000000000000351e-04
2.400000000000000000e+01 1.000000000000000000e+01 7.000000000000000000e+00 0.000000000000000000e+00 1.600000000000000089e+00 3.288599999999999857e-02 -7.853000000000000605e-03 9.994279999999999831e-01 7.947140000000000315e-01 -6.061969999999999859e-01 -3.091299999999999951e-02 6.060929999999999929e-01 7.952759999999999829e-01 -1.369500000000000058e-02
1.800000000000000000e+01 1.010000000000000000e+02 7.000000000000000000e+00 0.000000000000000000e+00 1.600000000000000089e+00 9.560000000000000355e-04 -2.750000000000000166e-04 9.999989999999999712e-01 8.862269999999999870e-01 4.632510000000000239e-01 -7.200000000000000453e-04 -4.632499999999999951e-01 8.862269999999999870e-01 6.870000000000000022e-04
2.100000000000000000e+01 1.010000000000000000e+02 7.000000000000000000e+00 0.000000000000000000e+00 1.600000000000000089e+00 -1.859999999999999945e-04 -2.834000000000000147e-03 9.999959999999999960e-01 8.870590000000000419e-01 4.616540000000000088e-01 1.474000000000000050e-03 -4.616560000000000108e-01 8.870559999999999556e-01 2.428000000000000037e-03
2.800000000000000000e+01 1.010000000000000000e+02 7.000000000000000000e+00 0.000000000000000000e+00 1.600000000000000089e+00 -3.124000000000000041e-03 -9.086999999999999592e-03 9.999540000000000095e-01 8.874309999999999699e-01 4.608880000000000199e-01 6.960000000000000041e-03 -4.609300000000000064e-01 8.874119999999999786e-01 6.623999999999999680e-03
4.000000000000000000e+00 2.500000000000000000e+01 8.000000000000000000e+00 0.000000000000000000e+00 1.600000000000000089e+00 1.884999999999999957e-03 3.638999999999999874e-03 -9.999919999999999920e-01 4.358569999999999944e-01 9.000059999999999727e-01 4.096999999999999947e-03 9.000139999999999807e-01 -4.358609999999999984e-01 1.110000000000000011e-04
8.000000000000000000e+00 2.500000000000000000e+01 8.000000000000000000e+00 0.000000000000000000e+00 1.600000000000000089e+00 2.213999999999999822e-03 1.368999999999999991e-03 -9.999970000000000248e-01 4.360350000000000059e-01 8.999270000000000325e-01 2.197000000000000168e-03 8.999270000000000325e-01 -4.360379999999999812e-01 1.394999999999999973e-03
1.400000000000000000e+01 2.500000000000000000e+01 8.000000000000000000e+00 0.000000000000000000e+00 1.600000000000000089e+00 -1.955000000000000140e-03 1.340000000000000045e-03 -9.999970000000000248e-01 4.321909999999999918e-01 9.017819999999999725e-01 3.629999999999999872e-04 9.017800000000000260e-01 -4.321889999999999898e-01 -2.341999999999999898e-03
1.800000000000000000e+01 2.500000000000000000e+01 8.000000000000000000e+00 0.000000000000000000e+00 1.600000000000000089e+00 -2.028999999999999988e-03 -1.860000000000000108e-03 -9.999959999999999960e-01 4.324299999999999811e-01 9.016640000000000210e-01 -2.553999999999999847e-03 9.016650000000000498e-01 -4.324339999999999851e-01 -1.025000000000000086e-03
2.400000000000000000e+01 2.500000000000000000e+01 8.000000000000000000e+00 0.000000000000000000e+00 1.600000000000000089e+00 1.371000000000000040e-03 8.859999999999999603e-04 -9.999989999999999712e-01 4.367519999999999736e-01 8.995809999999999640e-01 1.396000000000000105e-03 8.995809999999999640e-01 -4.367530000000000023e-01 8.459999999999999638e-04
4.000000000000000000e+00 2.400000000000000000e+01 9.000000000000000000e+00 0.000000000000000000e+00 1.600000000000000089e+00 1.626000000000000058e-03 4.455999999999999892e-03 -9.999890000000000168e-01 4.415229999999999988e-01 8.972369999999999512e-01 4.715999999999999706e-03 8.972480000000000455e-01 -4.415259999999999740e-01 -5.079999999999999880e-04
9.000000000000000000e+00 2.400000000000000000e+01 9.000000000000000000e+00 0.000000000000000000e+00 1.600000000000000089e+00 1.539999999999999919e-03 2.605999999999999810e-03 -9.999949999999999672e-01 4.419259999999999855e-01 8.970460000000000100e-01 3.018999999999999982e-03 8.970500000000000140e-01 -4.419290000000000163e-01 2.300000000000000070e-04
1.300000000000000000e+01 2.400000000000000000e+01 9.000000000000000000e+00 0.000000000000000000e+00 1.600000000000000089e+00 -3.519999999999999908e-04 2.334000000000000137e-03 -9.999970000000000248e-01 4.377869999999999817e-01 8.990770000000000151e-01 1.943999999999999981e-03 8.990789999999999615e-01 -4.377849999999999797e-01 -1.337999999999999997e-03
2.100000000000000000e+01 2.400000000000000000e+01 9.000000000000000000e+00 0.000000000000000000e+00 1.600000000000000089e+00 -5.800000000000000034e-04 -2.413999999999999913e-03 -9.999970000000000248e-01 4.409750000000000059e-01 8.975159999999999805e-01 -2.422999999999999807e-03 8.975189999999999557e-01 -4.409750000000000059e-01 5.439999999999999957e-04
2.400000000000000000e+01 2.400000000000000000e+01 9.000000000000000000e+00 0.000000000000000000e+00 1.600000000000000089e+00 1.296000000000000060e-03 5.890000000000000053e-04 -9.999989999999999712e-01 4.434670000000000001e-01 8.962900000000000311e-01 1.101999999999999898e-03 8.962900000000000311e-01 -4.434679999999999733e-01 9.009999999999999997e-04
2.700000000000000000e+01 2.400000000000000000e+01 9.000000000000000000e+00 0.000000000000000000e+00 1.600000000000000089e+00 1.281000000000000021e-03 3.686000000000000040e-03 -9.999919999999999920e-01 4.430129999999999901e-01 8.965070000000000539e-01 3.872000000000000008e-03 8.965140000000000331e-01 -4.430140000000000189e-01 -4.850000000000000253e-04
9.000000000000000000e+00 8.000000000000000000e+00 1.000000000000000000e+01 0.000000000000000000e+00 1.600000000000000089e+00 9.020400000000000640e-02 5.180400000000000282e-02 -9.945749999999999869e-01 -9.850050000000000194e-01 -1.428290000000000115e-01 -9.677499999999999991e-02 -1.470670000000000033e-01 9.883910000000000196e-01 3.814399999999999735e-02
2.000000000000000000e+00 3.000000000000000000e+00 1.100000000000000000e+01 0.000000000000000000e+00 1.600000000000000089e+00 3.556999999999999832e-03 1.099470000000000031e-01 9.939310000000000089e-01 1.159099999999999991e-01 -9.872830000000000217e-01 1.087960000000000038e-01 9.932530000000000525e-01 1.148200000000000054e-01 -1.625599999999999962e-02
7.000000000000000000e+00 4.000000000000000000e+00 1.100000000000000000e+01 0.000000000000000000e+00 1.600000000000000089e+00 -1.090000000000000040e-03 1.149990000000000040e-01 9.933650000000000535e-01 1.541220000000000090e-01 -9.814770000000000438e-01 1.137920000000000043e-01 9.880510000000000126e-01 1.532229999999999981e-01 -1.665399999999999867e-02
2.700000000000000000e+01 4.000000000000000000e+00 1.100000000000000000e+01 0.000000000000000000e+00 1.600000000000000089e+00 -1.010000000000000020e-04 -2.064500000000000016e-02 9.997869999999999813e-01 1.734509999999999941e-01 -9.846329999999999805e-01 -2.031499999999999972e-02 9.848419999999999952e-01 1.734120000000000106e-01 3.680999999999999810e-03
2.500000000000000000e+01 3.200000000000000000e+01 1.400000000000000000e+01 0.000000000000000000e+00 1.600000000000000089e+00 -6.160000000000000111e-04 -6.099999999999999872e-05 -1.000000000000000000e+00 1.214490000000000014e-01 9.925979999999999803e-01 -1.359999999999999989e-04 9.925979999999999803e-01 -1.214490000000000014e-01 -6.040000000000000447e-04
2.900000000000000000e+01 3.200000000000000000e+01 1.400000000000000000e+01 0.000000000000000000e+00 1.600000000000000089e+00 -1.669999999999999935e-04 6.586999999999999973e-03 -9.999780000000000335e-01 1.219540000000000068e-01 9.925140000000000073e-01 6.517000000000000223e-03 9.925359999999999738e-01 -1.219500000000000028e-01 -9.690000000000000262e-04
1.500000000000000000e+01 1.200000000000000000e+01 1.600000000000000000e+01 0.000000000000000000e+00 1.600000000000000089e+00 1.422000000000000087e-03 -1.930000000000000021e-04 9.999989999999999712e-01 2.640799999999999814e-01 -9.645000000000000240e-01 -5.619999999999999996e-04 9.645000000000000240e-01 2.640810000000000102e-01 -1.319999999999999993e-03
4.000000000000000000e+00 1.160000000000000000e+02 1.600000000000000000e+01 0.000000000000000000e+00 1.600000000000000089e+00 -1.606999999999999922e-03 -2.120000000000000031e-04 9.999989999999999712e-01 7.441470000000000029e-01 6.680150000000000254e-01 1.337999999999999997e-03 -6.680139999999999967e-01 7.441480000000000317e-01 -9.160000000000000390e-04
9.000000000000000000e+00 1.160000000000000000e+02 1.600000000000000000e+01 0.000000000000000000e+00 1.600000000000000089e+00 -2.508999999999999946e-03 -7.269999999999999987e-04 9.999970000000000248e-01 7.501560000000000450e-01 6.612569999999999837e-01 2.363000000000000083e-03 -6.612559999999999549e-01 7.501590000000000202e-01 -1.113000000000000057e-03
1.200000000000000000e+01 1.160000000000000000e+02 1.600000000000000000e+01 0.000000000000000000e+00 1.600000000000000089e+00 -3.954000000000000049e-03 -2.294000000000000032e-03 9.999900000000000455e-01 7.517160000000000508e-01 6.594719999999999471e-01 4.485000000000000271e-03 -6.594750000000000334e-01 7.517260000000000053e-01 -8.829999999999999958e-04
2.900000000000000000e+01 1.160000000000000000e+02 1.600000000000000000e+01 0.000000000000000000e+00 1.600000000000000089e+00 1.391000000000000092e-03 6.870000000000000022e-04 9.999989999999999712e-01 7.081269999999999509e-01 7.060830000000000162e-01 -1.469999999999999953e-03 -7.060830000000000162e-01 7.081290000000000084e-01 4.960000000000000216e-04
1.500000000000000000e+01 2.000000000000000000e+00 1.900000000000000000e+01 0.000000000000000000e+00 1.600000000000000089e+00 4.500000000000000283e-05 -1.958199999999999871e-02 -9.998080000000000300e-01 3.573830000000000062e-01 -9.337790000000000257e-01 1.830499999999999836e-02 -9.339579999999999549e-01 -3.573149999999999937e-01 6.956000000000000377e-03
2.500000000000000000e+01 2.000000000000000000e+00 1.900000000000000000e+01 0.000000000000000000e+00 1.600000000000000089e+00 6.296000000000000381e-03 -1.778100000000000167e-02 -9.998219999999999885e-01 3.585990000000000011e-01 -9.333010000000000472e-01 1.885699999999999876e-02 -9.334700000000000220e-01 -3.586539999999999728e-01 5.000000000000000104e-04
5.000000000000000000e+00 3.000000000000000000e+00 1.900000000000000000e+01 0.000000000000000000e+00 1.600000000000000089e+00 -4.107999999999999673e-03 4.604500000000000259e-02 -9.989310000000000134e-01 3.537560000000000149e-01 -9.342780000000000529e-01 -4.451900000000000301e-02 -9.353289999999999660e-01 -3.535610000000000142e-01 -1.244999999999999926e-02
9.000000000000000000e+00 3.000000000000000000e+00 1.900000000000000000e+01 0.000000000000000000e+00 1.600000000000000089e+00 -5.164000000000000187e-03 2.725699999999999998e-02 -9.996150000000000313e-01 3.512910000000000199e-01 -9.358670000000000044e-01 -2.733400000000000066e-02 -9.362519999999999731e-01 -3.512970000000000259e-01 -4.741999999999999688e-03
1.600000000000000000e+01 3.000000000000000000e+00 1.900000000000000000e+01 0.000000000000000000e+00 1.600000000000000089e+00 -6.089999999999999494e-04 -2.151399999999999840e-02 -9.997679999999999900e-01 3.392209999999999948e-01 -9.404930000000000234e-01 2.003200000000000119e-02 -9.407060000000000421e-01 -3.391310000000000158e-01 7.870999999999999525e-03
2.600000000000000000e+01 3.000000000000000000e+00 1.900000000000000000e+01 0.000000000000000000e+00 1.600000000000000089e+00 4.924999999999999691e-03 -1.062300000000000050e-02 -9.999310000000000143e-01 3.308470000000000022e-01 -9.436130000000000351e-01 1.165399999999999943e-02 -9.436719999999999553e-01 -3.308809999999999807e-01 -1.131999999999999977e-03
6.000000000000000000e+00 1.300000000000000000e+01 2.000000000000000000e+01 0.000000000000000000e+00 1.600000000000000089e+00 1.520000000000000084e-04 -3.337999999999999821e-03 9.999940000000000495e-01 2.605480000000000018e-01 9.654559999999999809e-01 3.183000000000000065e-03 -9.654610000000000136e-01 2.605459999999999998e-01 1.015999999999999976e-03
1.300000000000000000e+01 1.300000000000000000e+01 2.000000000000000000e+01 0.000000000000000000e+00 1.600000000000000089e+00 5.240000000000000517e-04 1.582000000000000073e-03 9.999989999999999712e-01 2.633460000000000245e-01 9.647000000000000020e-01 -1.663999999999999898e-03 -9.647010000000000307e-01 2.633460000000000245e-01 8.899999999999999491e-05
1.700000000000000000e+01 1.300000000000000000e+01 2.000000000000000000e+01 0.000000000000000000e+00 1.600000000000000089e+00 7.560000000000000530e-04 4.840999999999999817e-03 9.999879999999999880e-01 2.635689999999999977e-01 9.646280000000000410e-01 -4.869000000000000064e-03 -9.646400000000000530e-01 2.635689999999999977e-01 -5.469999999999999602e-04
2.100000000000000000e+01 1.300000000000000000e+01 2.000000000000000000e+01 0.000000000000000000e+00 1.600000000000000089e+00 5.770000000000000389e-04 1.105000000000000079e-03 9.999989999999999712e-01 2.614469999999999850e-01 9.652169999999999916e-01 -1.216999999999999983e-03 -9.652180000000000204e-01 2.614480000000000137e-01 2.680000000000000090e-04
2.800000000000000000e+01 1.300000000000000000e+01 2.000000000000000000e+01 0.000000000000000000e+00 1.600000000000000089e+00 8.299999999999999815e-05 -2.618999999999999800e-03 9.999970000000000248e-01 2.593860000000000054e-01 9.657710000000000461e-01 2.507999999999999813e-03 -9.657740000000000213e-01 2.593849999999999767e-01 7.590000000000000175e-04
1.300000000000000000e+01 1.600000000000000000e+01 2.100000000000000000e+01 0.000000000000000000e+00 1.600000000000000089e+00 5.320000000000000293e-04 2.079000000000000119e-03 9.999980000000000535e-01 3.002130000000000076e-01 9.538699999999999957e-01 -2.142999999999999940e-03 -9.538720000000000532e-01 3.002130000000000076e-01 -1.160000000000000007e-04
2.000000000000000000e+01 1.600000000000000000e+01 2.100000000000000000e+01 0.000000000000000000e+00 1.600000000000000089e+00 3.609999999999999928e-04 2.671000000000000197e-03 9.999959999999999960e-01 2.991219999999999990e-01 9.542110000000000314e-01 -2.657000000000000074e-03 -9.542150000000000354e-01 2.991219999999999990e-01 -4.539999999999999765e-04
1.900000000000000000e+01 2.000000000000000000e+00 2.500000000000000000e+01 0.000000000000000000e+00 1.600000000000000089e+00 1.016399999999999942e-02 -3.532400000000000123e-02 9.993239999999999901e-01 8.536199999999999344e-02 -9.956970000000000542e-01 -3.606399999999999884e-02 9.962980000000000169e-01 8.567099999999999715e-02 -7.105000000000000204e-03
1.000000000000000000e+01 3.000000000000000000e+00 2.500000000000000000e+01 0.000000000000000000e+00 1.600000000000000089e+00 -4.640000000000000027e-04 8.942000000000000295e-03 9.999599999999999600e-01 3.563899999999999707e-02 -9.993250000000000188e-01 8.952999999999999153e-03 9.993649999999999478e-01 3.564200000000000007e-02 1.450000000000000009e-04
1.800000000000000000e+01 3.000000000000000000e+00 2.500000000000000000e+01 0.000000000000000000e+00 1.600000000000000089e+00 5.898999999999999730e-03 -3.119699999999999904e-02 9.994960000000000511e-01 4.073000000000000231e-03 -9.995039999999999480e-01 -3.122099999999999875e-02 9.999740000000000295e-01 4.255000000000000102e-03 -5.768999999999999823e-03
2.500000000000000000e+01 3.000000000000000000e+00 2.500000000000000000e+01 0.000000000000000000e+00 1.600000000000000089e+00 3.387999999999999953e-03 -1.051099999999999951e-02 9.999390000000000223e-01 -3.308599999999999736e-02 -9.993980000000000086e-01 -1.039299999999999946e-02 9.994469999999999743e-01 -3.304900000000000199e-02 -3.733999999999999906e-03
4.000000000000000000e+00 4.600000000000000000e+01 3.500000000000000000e+01 0.000000000000000000e+00 1.600000000000000089e+00 1.000000000000000082e-05 2.109999999999999896e-03 -9.999980000000000535e-01 3.928329999999999878e-01 -9.196079999999999810e-01 -1.936999999999999920e-03 -9.196100000000000385e-01 -3.928320000000000145e-01 -8.379999999999999862e-04
1.300000000000000000e+01 4.600000000000000000e+01 3.500000000000000000e+01 0.000000000000000000e+00 1.600000000000000089e+00 -8.630000000000000518e-04 -2.776999999999999955e-03 -9.999959999999999960e-01 3.922399999999999776e-01 -9.198600000000000110e-01 2.216000000000000088e-03 -9.198629999999999862e-01 -3.922359999999999736e-01 1.882999999999999908e-03
2.100000000000000000e+01 4.600000000000000000e+01 3.500000000000000000e+01 0.000000000000000000e+00 1.600000000000000089e+00 -4.000000000000000327e-05 1.789999999999999870e-04 -1.000000000000000000e+00 3.917209999999999859e-01 -9.200840000000000130e-01 -1.800000000000000113e-04 -9.200840000000000130e-01 -3.917209999999999859e-01 -3.300000000000000253e-05
6.000000000000000000e+00 9.500000000000000000e+01 3.600000000000000000e+01 0.000000000000000000e+00 1.600000000000000089e+00 -6.172999999999999668e-03 -9.471000000000000252e-03 9.999360000000000470e-01 9.957549999999999457e-01 9.177399999999999447e-02 7.016999999999999800e-03 -9.183499999999999996e-02 9.957350000000000367e-01 8.864000000000000351e-03
2.300000000000000000e+01 9.500000000000000000e+01 3.600000000000000000e+01 0.000000000000000000e+00 1.600000000000000089e+00 3.201999999999999985e-03 9.709999999999999881e-03 9.999479999999999480e-01 9.967019999999999769e-01 8.105400000000000105e-02 -3.977999999999999765e-03 -8.108899999999999442e-02 9.966620000000000479e-01 -9.417999999999999289e-03
2.900000000000000000e+01 9.500000000000000000e+01 3.600000000000000000e+01 0.000000000000000000e+00 1.600000000000000089e+00 4.795999999999999916e-03 2.143799999999999872e-02 9.997589999999999533e-01 9.962419999999999609e-01 8.635700000000000320e-02 -6.630999999999999742e-03 -8.647799999999999931e-02 9.960339999999999749e-01 -2.094299999999999981e-02
1.600000000000000000e+01 9.500000000000000000e+01 3.700000000000000000e+01 0.000000000000000000e+00 1.600000000000000089e+00 -1.626999999999999974e-03 -1.145900000000000044e-02 9.999329999999999607e-01 9.948280000000000456e-01 1.015390000000000043e-01 2.782000000000000185e-03 -1.015640000000000015e-01 9.947660000000000391e-01 1.123399999999999919e-02
1.000000000000000000e+01 6.000000000000000000e+01 3.900000000000000000e+01 0.000000000000000000e+00 1.600000000000000089e+00 -1.340999999999999961e-03 -1.140299999999999994e-02 -9.999339999999999895e-01 2.963149999999999951e-01 -9.550330000000000208e-01 1.049399999999999986e-02 -9.550889999999999658e-01 -2.962810000000000166e-01 4.658999999999999947e-03
4.000000000000000000e+00 2.900000000000000000e+01 4.400000000000000000e+01 0.000000000000000000e+00 1.600000000000000089e+00 -1.526999999999999929e-03 -1.632999999999999903e-03 -9.999970000000000248e-01 6.550350000000000339e-01 7.555950000000000166e-01 -2.235000000000000007e-03 7.555969999999999631e-01 -6.550369999999999804e-01 -8.399999999999999535e-05
1.200000000000000000e+01 2.900000000000000000e+01 4.400000000000000000e+01 0.000000000000000000e+00 1.600000000000000089e+00 -1.590999999999999966e-03 -3.154000000000000119e-03 -9.999940000000000495e-01 6.610430000000000472e-01 7.503400000000000070e-01 -3.419000000000000164e-03 7.503459999999999575e-01 -6.610449999999999937e-01 8.909999999999999734e-04
2.100000000000000000e+01 2.900000000000000000e+01 4.400000000000000000e+01 0.000000000000000000e+00 1.600000000000000089e+00 3.049999999999999868e-04 -1.840000000000000001e-04 -1.000000000000000000e+00 6.616060000000000274e-01 7.498510000000000453e-01 6.399999999999999710e-05 7.498510000000000453e-01 -6.616060000000000274e-01 3.510000000000000208e-04
7.000000000000000000e+00 4.000000000000000000e+00 5.000000000000000000e+01 0.000000000000000000e+00 1.600000000000000089e+00 1.098000000000000018e-03 -3.288999999999999823e-03 -9.999940000000000495e-01 5.324809999999999821e-01 -8.464350000000000485e-01 3.369000000000000033e-03 -8.464409999999999989e-01 -5.324809999999999821e-01 8.220000000000000310e-04
2.600000000000000000e+01 5.000000000000000000e+00 5.100000000000000000e+01 0.000000000000000000e+00 1.600000000000000089e+00 -4.920000000000000328e-04 7.309000000000000392e-03 -9.999730000000000008e-01 4.885669999999999735e-01 -8.725009999999999710e-01 -6.617999999999999751e-03 -8.725260000000000238e-01 -4.885570000000000190e-01 -3.141999999999999828e-03
2.900000000000000000e+01 6.000000000000000000e+00 5.100000000000000000e+01 0.000000000000000000e+00 1.600000000000000089e+00 -1.183000000000000024e-03 6.903000000000000282e-03 -9.999749999999999472e-01 3.135609999999999786e-01 -9.495430000000000259e-01 -6.924999999999999732e-03 -9.495670000000000499e-01 -3.135620000000000074e-01 -1.041999999999999958e-03
1.100000000000000000e+01 1.150000000000000000e+02 5.100000000000000000e+01 0.000000000000000000e+00 1.600000000000000089e+00 -2.425000000000000072e-03 -4.471000000000000148e-03 9.999869999999999592e-01 8.471279999999999921e-01 -5.313890000000000002e-01 -3.220000000000000206e-04 5.313839999999999675e-01 8.471159999999999801e-01 5.074999999999999650e-03
1.500000000000000000e+01 1.150000000000000000e+02 5.100000000000000000e+01 0.000000000000000000e+00 1.600000000000000089e+00 5.500000000000000196e-05 4.339999999999999782e-04 1.000000000000000000e+00 8.466879999999999962e-01 -5.320899999999999519e-01 1.840000000000000001e-04 5.320899999999999519e-01 8.466879999999999962e-01 -3.959999999999999762e-04
4.000000000000000000e+00 6.300000000000000000e+01 5.400000000000000000e+01 0.000000000000000000e+00 1.600000000000000089e+00 -1.845999999999999985e-03 -3.782999999999999904e-03 9.999909999999999632e-01 -3.532529999999999837e-01 9.355240000000000222e-01 2.886999999999999809e-03 -9.355259999999999687e-01 -3.532440000000000024e-01 -3.063999999999999883e-03
1.700000000000000000e+01 6.300000000000000000e+01 5.400000000000000000e+01 0.000000000000000000e+00 1.600000000000000089e+00 1.427000000000000100e-03 -2.007000000000000103e-03 9.999970000000000248e-01 -3.462819999999999787e-01 9.381270000000000442e-01 2.377000000000000206e-03 -9.381289999999999907e-01 -3.462850000000000095e-01 6.440000000000000412e-04
2.100000000000000000e+01 6.300000000000000000e+01 5.400000000000000000e+01 0.000000000000000000e+00 1.600000000000000089e+00 -7.500000000000000156e-04 9.070000000000000371e-04 9.999989999999999712e-01 -3.423189999999999844e-01 9.395829999999999460e-01 -1.108999999999999960e-03 -9.395829999999999460e-01 -3.423200000000000132e-01 -3.950000000000000061e-04
2.500000000000000000e+01 2.500000000000000000e+01 5.500000000000000000e+01 0.000000000000000000e+00 1.600000000000000089e+00 1.325000000000000006e-03 3.600000000000000091e-05 -9.999989999999999712e-01 -1.145299999999999964e-02 -9.999339999999999895e-01 -5.099999999999999960e-05 -9.999339999999999895e-01 1.145400000000000064e-02 -1.325000000000000006e-03
2.900000000000000000e+01 2.000000000000000000e+01 6.000000000000000000e+01 0.000000000000000000e+00 1.600000000000000089e+00 -2.059999999999999928e-04 -2.822999999999999989e-03 9.999959999999999960e-01 -6.280600000000000072e-02 9.980219999999999647e-01 2.804000000000000069e-03 -9.980259999999999687e-01 -6.280499999999999972e-02 -3.829999999999999854e-04
2.000000000000000000e+00 2.100000000000000000e+01 6.000000000000000000e+01 0.000000000000000000e+00 1.600000000000000089e+00 -2.622000000000000199e-03 1.008200000000000068e-02 9.999460000000000015e-01 -9.501300000000000023e-02 9.954229999999999468e-01 -1.028600000000000000e-02 -9.954730000000000523e-01 -9.503499999999999448e-02 -1.652000000000000040e-03
7.000000000000000000e+00 2.100000000000000000e+01 6.000000000000000000e+01 0.000000000000000000e+00 1.600000000000000089e+00 -7.540000000000000044e-04 1.794000000000000022e-03 9.999980000000000535e-01 -9.567199999999999316e-02 9.954110000000000458e-01 -1.858000000000000059e-03 -9.954129999999999923e-01 -9.567299999999999416e-02 -5.789999999999999791e-04
1.400000000000000000e+01 2.100000000000000000e+01 6.000000000000000000e+01 0.000000000000000000e+00 1.600000000000000089e+00 8.589999999999999546e-04 -1.654000000000000088e-03 9.999980000000000535e-01 -9.298099999999999421e-02 9.956660000000000510e-01 1.727000000000000019e-03 -9.956679999999999975e-01 -9.298199999999999521e-02 7.020000000000000415e-04
2.100000000000000000e+01 2.100000000000000000e+01 6.000000000000000000e+01 0.000000000000000000e+00 1.600000000000000089e+00 -5.240000000000000517e-04 7.232999999999999846e-03 9.999740000000000295e-01 -9.701400000000000301e-02 9.952569999999999473e-01 -7.249000000000000235e-03 -9.952830000000000288e-01 -9.701500000000000401e-02 1.800000000000000113e-04
2.500000000000000000e+01 2.100000000000000000e+01 6.000000000000000000e+01 0.000000000000000000e+00 1.600000000000000089e+00 1.417000000000000074e-03 3.223999999999999869e-03 9.999940000000000495e-01 -9.606099999999999361e-02 9.953710000000000058e-01 -3.073000000000000211e-03 -9.953750000000000098e-01 -9.605600000000000249e-02 1.719999999999999958e-03
1.000000000000000000e+00 3.000000000000000000e+00 6.300000000000000000e+01 0.000000000000000000e+00 1.600000000000000089e+00 -2.162999999999999992e-03 -2.067999999999999960e-03 9.999959999999999960e-01 -6.135819999999999608e-01 7.896309999999999718e-01 3.060000000000000111e-04 -7.896279999999999966e-01 -6.135779999999999568e-01 -2.977000000000000045e-03
2.200000000000000000e+01 3.000000000000000000e+00 6.300000000000000000e+01 0.000000000000000000e+00 1.600000000000000089e+00 1.302999999999999905e-03 -5.455999999999999912e-03 9.999839999999999840e-01 -6.122499999999999609e-01 7.906480000000000175e-01 5.112000000000000224e-03 -7.906630000000000047e-01 -6.122469999999999857e-01 -2.309999999999999987e-03
3.000000000000000000e+00 2.700000000000000000e+01 6.300000000000000000e+01 0.000000000000000000e+00 1.600000000000000089e+00 -2.609000000000000208e-03 7.179999999999999967e-04 9.999959999999999960e-01 -2.776179999999999759e-01 9.606900000000000439e-01 -1.413999999999999892e-03 -9.606879999999999864e-01 -2.776210000000000067e-01 -2.307000000000000023e-03
6.000000000000000000e+00 2.700000000000000000e+01 6.300000000000000000e+01 0.000000000000000000e+00 1.600000000000000089e+00 -3.570000000000000040e-04 4.227999999999999987e-03 9.999909999999999632e-01 -2.780090000000000061e-01 9.605690000000000062e-01 -4.160999999999999768e-03 -9.605780000000000429e-01 -2.780079999999999774e-01 8.329999999999999731e-04
9.000000000000000000e+00 2.700000000000000000e+01 6.300000000000000000e+01 0.000000000000000000e+00 1.600000000000000089e+00 2.625000000000000163e-03 6.366000000000000131e-03 9.999759999999999760e-01 -2.765420000000000100e-01 9.609870000000000356e-01 -5.392000000000000091e-03 -9.609980000000000189e-01 -2.765219999999999900e-01 4.283999999999999614e-03
1.400000000000000000e+01 2.700000000000000000e+01 6.300000000000000000e+01 0.000000000000000000e+00 1.600000000000000089e+00 -9.120000000000000502e-04 8.319999999999999271e-03 9.999649999999999928e-01 -2.705469999999999819e-01 9.626710000000000544e-01 -8.255999999999999450e-03 -9.627059999999999507e-01 -2.705449999999999799e-01 1.373000000000000088e-03
2.100000000000000000e+01 2.700000000000000000e+01 6.300000000000000000e+01 0.000000000000000000e+00 1.600000000000000089e+00 6.329999999999999906e-04 -9.282999999999999585e-03 9.999569999999999848e-01 -2.747709999999999875e-01 9.614669999999999606e-01 9.098999999999999450e-03 -9.615099999999999758e-01 -2.747649999999999815e-01 -1.941999999999999933e-03
2.500000000000000000e+01 2.700000000000000000e+01 6.300000000000000000e+01 0.000000000000000000e+00 1.600000000000000089e+00 2.977000000000000045e-03 -4.756999999999999944e-03 9.999839999999999840e-01 -2.733829999999999871e-01 9.618900000000000228e-01 5.389999999999999826e-03 -9.619010000000000060e-01 -2.733940000000000259e-01 1.562999999999999936e-03
3.000000000000000000e+01 2.700000000000000000e+01 6.300000000000000000e+01 0.000000000000000000e+00 1.600000000000000089e+00 -1.618999999999999996e-03 -4.498000000000000262e-03 9.999890000000000168e-01 -2.739579999999999793e-01 9.617339999999999778e-01 3.883000000000000167e-03 -9.617400000000000393e-01 -2.739480000000000248e-01 -2.788999999999999813e-03
3.000000000000000000e+00 2.600000000000000000e+01 6.400000000000000000e+01 0.000000000000000000e+00 1.600000000000000089e+00 -3.422999999999999828e-03 1.175000000000000046e-03 9.999940000000000495e-01 -3.705390000000000073e-01 9.288140000000000285e-01 -2.360000000000000119e-03 -9.288110000000000532e-01 -3.705439999999999845e-01 -2.743999999999999911e-03
7.000000000000000000e+00 2.600000000000000000e+01 6.400000000000000000e+01 0.000000000000000000e+00 1.600000000000000089e+00 1.900000000000000105e-04 3.939999999999999926e-03 9.999919999999999920e-01 -3.716760000000000064e-01 9.283559999999999590e-01 -3.586999999999999911e-03 -9.283630000000000493e-01 -3.716720000000000024e-01 1.641000000000000097e-03
9.000000000000000000e+00 2.600000000000000000e+01 6.400000000000000000e+01 0.000000000000000000e+00 1.600000000000000089e+00 2.160000000000000028e-03 4.364999999999999956e-03 9.999879999999999880e-01 -3.702949999999999853e-01 9.289079999999999560e-01 -3.255000000000000081e-03 -9.289119999999999600e-01 -3.702840000000000020e-01 3.622999999999999918e-03
1.500000000000000000e+01 2.600000000000000000e+01 6.400000000000000000e+01 0.000000000000000000e+00 1.600000000000000089e+00 -3.301000000000000115e-03 6.086000000000000264e-03 9.999759999999999760e-01 -3.650200000000000111e-01 9.309739999999999682e-01 -6.871000000000000371e-03 -9.309939999999999882e-01 -3.650340000000000251e-01 -8.509999999999999769e-04
2.200000000000000000e+01 2.600000000000000000e+01 6.400000000000000000e+01 0.000000000000000000e+00 1.600000000000000089e+00 2.871999999999999987e-03 -6.782999999999999967e-03 9.999730000000000008e-01 -3.709680000000000200e-01 9.286170000000000258e-01 7.363999999999999886e-03 -9.286410000000000498e-01 -3.709790000000000032e-01 1.510000000000000112e-04
2.600000000000000000e+01 2.600000000000000000e+01 6.400000000000000000e+01 0.000000000000000000e+00 1.600000000000000089e+00 2.569999999999999802e-03 -2.886999999999999809e-03 9.999919999999999920e-01 -3.655909999999999993e-01 9.307680000000000398e-01 3.625999999999999883e-03 -9.307720000000000438e-01 -3.655979999999999785e-01 1.335999999999999948e-03
9.000000000000000000e+00 6.900000000000000000e+01 6.600000000000000000e+01 0.000000000000000000e+00 1.600000000000000089e+00 1.530000000000000056e-04 -4.197000000000000210e-03 9.999909999999999632e-01 -9.493099999999999872e-01 3.143380000000000063e-01 1.464999999999999939e-03 -3.143420000000000103e-01 -9.493019999999999792e-01 -3.936000000000000262e-03
2.200000000000000000e+01 6.900000000000000000e+01 6.600000000000000000e+01 0.000000000000000000e+00 1.600000000000000089e+00 -4.150000000000000043e-03 -3.452999999999999906e-03 9.999850000000000128e-01 -9.467109999999999692e-01 3.220729999999999982e-01 -2.817000000000000060e-03 -3.220589999999999842e-01 -9.467090000000000227e-01 -4.605999999999999851e-03
2.700000000000000000e+01 6.900000000000000000e+01 6.600000000000000000e+01 0.000000000000000000e+00 1.600000000000000089e+00 1.361999999999999929e-03 -3.412000000000000102e-03 9.999930000000000208e-01 -9.461889999999999468e-01 3.236060000000000048e-01 2.393000000000000162e-03 -3.236120000000000108e-01 -9.461859999999999715e-01 -2.786999999999999981e-03
3.000000000000000000e+00 2.500000000000000000e+01 7.300000000000000000e+01 0.000000000000000000e+00 1.600000000000000089e+00 -5.800000000000000034e-05 2.886999999999999809e-03 9.999959999999999960e-01 7.545830000000000037e-01 -6.562019999999999520e-01 1.938000000000000052e-03 6.562050000000000383e-01 7.545800000000000285e-01 -2.139999999999999975e-03
7.000000000000000000e+00 2.500000000000000000e+01 7.300000000000000000e+01 0.000000000000000000e+00 1.600000000000000089e+00 -9.340000000000000429e-04 -4.180000000000000230e-04 1.000000000000000000e+00 7.565960000000000463e-01 -6.538829999999999920e-01 4.330000000000000081e-04 6.538819999999999633e-01 7.565960000000000463e-01 9.269999999999999811e-04
1.000000000000000000e+01 2.500000000000000000e+01 7.300000000000000000e+01 0.000000000000000000e+00 1.600000000000000089e+00 -1.574000000000000095e-03 -3.896000000000000157e-03 9.999909999999999632e-01 7.555020000000000069e-01 -6.551449999999999774e-01 -1.363999999999999978e-03 6.551439999999999486e-01 7.554929999999999701e-01 3.974000000000000102e-03
1.500000000000000000e+01 2.500000000000000000e+01 7.300000000000000000e+01 0.000000000000000000e+00 1.600000000000000089e+00 3.809999999999999910e-04 -5.739999999999999660e-04 1.000000000000000000e+00 7.538639999999999786e-01 -6.570310000000000317e-01 -6.639999999999999852e-04 6.570310000000000317e-01 7.538639999999999786e-01 1.820000000000000057e-04
2.300000000000000000e+01 2.500000000000000000e+01 7.300000000000000000e+01 0.000000000000000000e+00 1.600000000000000089e+00 1.944999999999999897e-03 5.599999999999999916e-05 9.999980000000000535e-01 7.600710000000000521e-01 -6.498380000000000267e-01 -1.441999999999999922e-03 6.498369999999999980e-01 7.600719999999999699e-01 -1.307000000000000002e-03
3.000000000000000000e+00 4.400000000000000000e+01 7.300000000000000000e+01 0.000000000000000000e+00 1.600000000000000089e+00 3.699999999999999811e-05 9.600000000000000243e-04 1.000000000000000000e+00 5.575600000000000001e-02 -9.984439999999999982e-01 9.560000000000000355e-04 9.984439999999999982e-01 5.575600000000000001e-02 -9.100000000000000287e-05
9.000000000000000000e+00 4.400000000000000000e+01 7.300000000000000000e+01 0.000000000000000000e+00 1.600000000000000089e+00 -6.600000000000000506e-05 -4.979999999999999618e-04 1.000000000000000000e+00 5.351399999999999907e-02 -9.985669999999999824e-01 -4.939999999999999730e-04 9.985669999999999824e-01 5.351399999999999907e-02 9.299999999999999727e-05
1.200000000000000000e+01 4.400000000000000000e+01 7.300000000000000000e+01 0.000000000000000000e+00 1.600000000000000089e+00 5.749999999999999903e-04 -1.598999999999999944e-03 9.999989999999999712e-01 5.311799999999999855e-02 -9.985870000000000024e-01 -1.626999999999999974e-03 9.985880000000000312e-01 5.311899999999999955e-02 -4.889999999999999599e-04
1.700000000000000000e+01 4.400000000000000000e+01 7.300000000000000000e+01 0.000000000000000000e+00 1.600000000000000089e+00 6.999999999999999895e-06 1.360000000000000098e-03 9.999989999999999712e-01 5.492899999999999866e-02 -9.984889999999999599e-01 1.358000000000000049e-03 9.984899999999999887e-01 5.492899999999999866e-02 -8.200000000000000095e-05
2.400000000000000000e+01 4.400000000000000000e+01 7.300000000000000000e+01 0.000000000000000000e+00 1.600000000000000089e+00 -3.060000000000000111e-04 -1.276000000000000007e-03 9.999989999999999712e-01 5.519899999999999807e-02 -9.984750000000000014e-01 -1.258000000000000004e-03 9.984750000000000014e-01 5.519799999999999707e-02 3.759999999999999779e-04
3.000000000000000000e+01 4.400000000000000000e+01 7.300000000000000000e+01 0.000000000000000000e+00 1.600000000000000089e+00 1.259999999999999998e-04 1.314999999999999980e-03 9.999989999999999712e-01 5.608899999999999997e-02 -9.984250000000000069e-01 1.306000000000000086e-03 9.984260000000000357e-01 5.608799999999999897e-02 -2.000000000000000096e-04
1.900000000000000000e+01 2.500000000000000000e+01 7.400000000000000000e+01 0.000000000000000000e+00 1.600000000000000089e+00 6.859999999999999779e-04 1.972999999999999927e-03 9.999980000000000535e-01 8.307350000000000012e-01 -5.566680000000000517e-01 5.289999999999999564e-04 5.566680000000000517e-01 8.307330000000000547e-01 -2.020999999999999793e-03
2.400000000000000000e+01 9.900000000000000000e+01 7.500000000000000000e+01 0.000000000000000000e+00 1.600000000000000089e+00 -3.079999999999999839e-03 -4.676999999999999734e-03 -9.999839999999999840e-01 -8.839799999999999880e-01 4.675250000000000239e-01 5.360000000000000181e-04 4.675150000000000139e-01 8.839669999999999472e-01 -5.573999999999999962e-03
5.000000000000000000e+00 5.100000000000000000e+01 7.600000000000000000e+01 0.000000000000000000e+00 1.600000000000000089e+00 -1.146000000000000100e-03 -2.410000000000000033e-04 -9.999989999999999712e-01 -4.007430000000000159e-01 -9.161899999999999489e-01 6.800000000000000488e-04 -9.161899999999999489e-01 4.007439999999999891e-01 9.529999999999999626e-04
1.000000000000000000e+00 9.100000000000000000e+01 7.600000000000000000e+01 0.000000000000000000e+00 1.600000000000000089e+00 -1.477000000000000014e-03 4.840000000000000010e-04 9.999989999999999712e-01 2.937549999999999883e-01 -9.558799999999999519e-01 8.959999999999999866e-04 9.558799999999999519e-01 2.937560000000000171e-01 1.270000000000000078e-03
5.000000000000000000e+00 9.100000000000000000e+01 7.600000000000000000e+01 0.000000000000000000e+00 1.600000000000000089e+00 -1.720000000000000066e-04 6.359999999999999551e-04 1.000000000000000000e+00 2.924089999999999745e-01 -9.562929999999999486e-01 6.589999999999999721e-04 9.562929999999999486e-01 2.924089999999999745e-01 -2.199999999999999943e-05
9.000000000000000000e+00 9.100000000000000000e+01 7.600000000000000000e+01 0.000000000000000000e+00 1.600000000000000089e+00 -8.739999999999999939e-04 2.709999999999999735e-04 1.000000000000000000e+00 2.983600000000000141e-01 -9.544529999999999959e-01 5.190000000000000386e-04 9.544529999999999959e-01 2.983600000000000141e-01 7.540000000000000044e-04
1.700000000000000000e+01 9.100000000000000000e+01 7.600000000000000000e+01 0.000000000000000000e+00 1.600000000000000089e+00 -4.640000000000000027e-04 -1.056999999999999997e-03 9.999989999999999712e-01 3.026130000000000209e-01 -9.531129999999999880e-01 -8.670000000000000406e-04 9.531140000000000168e-01 3.026119999999999921e-01 7.619999999999999820e-04
2.300000000000000000e+01 9.100000000000000000e+01 7.600000000000000000e+01 0.000000000000000000e+00 1.600000000000000089e+00 -1.905999999999999925e-03 -2.305000000000000191e-03 9.999959999999999960e-01 2.939840000000000231e-01 -9.558090000000000197e-01 -1.642000000000000013e-03 9.558090000000000197e-01 2.939789999999999903e-01 2.498999999999999919e-03
2.800000000000000000e+01 9.100000000000000000e+01 7.600000000000000000e+01 0.000000000000000000e+00 1.600000000000000089e+00 -7.940000000000000009e-04 -5.270000000000000162e-04 1.000000000000000000e+00 2.860920000000000130e-01 -9.582019999999999982e-01 -2.779999999999999811e-04 9.582019999999999982e-01 2.860909999999999842e-01 9.120000000000000502e-04
3.000000000000000000e+00 6.300000000000000000e+01 8.100000000000000000e+01 0.000000000000000000e+00 1.600000000000000089e+00 -1.260000000000000052e-03 6.220999999999999967e-03 9.999799999999999800e-01 3.587100000000000011e-02 -9.993370000000000308e-01 6.262000000000000205e-03 9.993560000000000221e-01 3.587800000000000017e-02 1.036999999999999944e-03
1.900000000000000000e+01 6.300000000000000000e+01 8.100000000000000000e+01 0.000000000000000000e+00 1.600000000000000089e+00 -5.507999999999999875e-03 -1.042900000000000077e-02 9.999299999999999855e-01 3.076999999999999874e-02 -9.994739999999999736e-01 -1.025500000000000023e-02 9.995110000000000383e-01 3.071199999999999972e-02 5.825999999999999582e-03
3.000000000000000000e+00 4.400000000000000000e+01 8.300000000000000000e+01 0.000000000000000000e+00 1.600000000000000089e+00 6.689999999999999983e-04 2.968000000000000152e-03 9.999949999999999672e-01 5.775130000000000541e-01 -8.163789999999999658e-01 2.037000000000000182e-03 8.163810000000000233e-01 5.775090000000000501e-01 -2.259999999999999856e-03
7.000000000000000000e+00 4.400000000000000000e+01 8.300000000000000000e+01 0.000000000000000000e+00 1.600000000000000089e+00 -4.789999999999999879e-04 -1.997000000000000077e-03 9.999980000000000535e-01 5.738180000000000502e-01 -8.189819999999999878e-01 -1.361000000000000014e-03 8.189830000000000165e-01 5.738159999999999927e-01 1.538000000000000088e-03
