2.800000000000000000e+01 1.900000000000000000e+01 5.000000000000000000e+00 0.000000000000000000e+00 1.600000000000000089e+00 2.599999999999999840e-05 -1.159000000000000091e-03 -9.999989999999999712e-01 -7.070159999999999778e-01 -7.071969999999999645e-01 8.009999999999999542e-04 -7.071979999999999933e-01 7.070159999999999778e-01 -8.369999999999999619e-04
4.000000000000000000e+00 1.000000000000000000e+01 7.000000000000000000e+00 0.000000000000000000e+00 1.600000000000000089e+00 3.204200000000000104e-02 -1.147399999999999982e-02 9.994210000000000038e-01 7.882059999999999622e-01 -6.145629999999999704e-01 -3.232600000000000057e-02 6.145770000000000399e-01 7.887849999999999584e-01 -1.064799999999999948e-02
9.000000000000000000e+00 1.010000000000000000e+02 7.000000000000000000e+00 0.000000000000000000e+00 1.600000000000000089e+00 -3.537999999999999912e-03 -1.565499999999999878e-02 9.998709999999999543e-01 8.882499999999999840e-01 4.592439999999999856e-01 1.033300000000000017e-02 -4.593470000000000053e-01 8.881719999999999615e-01 1.228100000000000025e-02
1.100000000000000000e+01 1.010000000000000000e+02 7.000000000000000000e+00 0.000000000000000000e+00 1.600000000000000089e+00 -3.230999999999999931e-03 -1.847000000000000031e-02 9.998240000000000460e-01 8.890949999999999687e-01 4.575819999999999887e-01 1.132700000000000026e-02 -4.577109999999999790e-01 8.889759999999999884e-01 1.494299999999999969e-02
1.500000000000000000e+01 1.010000000000000000e+02 7.000000000000000000e+00 0.000000000000000000e+00 1.600000000000000089e+00 -3.654000000000000130e-03 -1.361300000000000010e-02 9.999010000000000398e-01 8.908150000000000235e-01 4.542680000000000051e-01 9.440000000000000474e-03 -4.543510000000000049e-01 8.907610000000000250e-01 1.046700000000000061e-02
2.000000000000000000e+01 1.010000000000000000e+02 7.000000000000000000e+00 0.000000000000000000e+00 1.600000000000000089e+00 -2.745000000000000044e-03 -1.602599999999999858e-02 9.998679999999999790e-01 8.899040000000000283e-01 4.560429999999999762e-01 9.752999999999999517e-03 -4.561390000000000167e-01 8.898139999999999938e-01 1.300899999999999973e-02
4.000000000000000000e+00 2.500000000000000000e+01 8.000000000000000000e+00 0.000000000000000000e+00 1.600000000000000089e+00 1.832000000000000078e-03 7.889999999999999878e-04 -9.999980000000000535e-01 4.366530000000000133e-01 8.996290000000000120e-01 1.510000000000000057e-03 8.996279999999999832e-01 -4.366550000000000153e-01 1.302999999999999905e-03
1.000000000000000000e+01 2.500000000000000000e+01 8.000000000000000000e+00 0.000000000000000000e+00 1.600000000000000089e+00 2.919999999999999961e-04 2.438000000000000063e-03 -9.999970000000000248e-01 4.358730000000000104e-01 9.000050000000000550e-01 2.321999999999999845e-03 9.000080000000000302e-01 -4.358719999999999817e-01 -8.000000000000000383e-04
1.500000000000000000e+01 2.500000000000000000e+01 8.000000000000000000e+00 0.000000000000000000e+00 1.600000000000000089e+00 -2.850000000000000103e-03 -1.108999999999999960e-03 -9.999949999999999672e-01 4.365200000000000191e-01 8.996920000000000472e-01 -2.242000000000000069e-03 8.996899999999999897e-01 -4.365240000000000231e-01 -2.079999999999999818e-03
1.900000000000000000e+01 2.500000000000000000e+01 8.000000000000000000e+00 0.000000000000000000e+00 1.600000000000000089e+00 -8.620000000000000275e-04 -1.415999999999999941e-03 -9.999989999999999712e-01 4.371459999999999790e-01 8.993889999999999940e-01 -1.649999999999999991e-03 8.993900000000000228e-01 -4.371470000000000078e-01 -1.559999999999999972e-04
2.800000000000000000e+01 2.500000000000000000e+01 8.000000000000000000e+00 0.000000000000000000e+00 1.600000000000000089e+00 -1.683999999999999950e-03 5.553999999999999909e-03 -9.999829999999999552e-01 4.360249999999999959e-01 8.999249999999999750e-01 4.264000000000000429e-03 8.999329999999999830e-01 -4.360100000000000087e-01 -3.937000000000000395e-03
2.200000000000000000e+01 9.000000000000000000e+00 9.000000000000000000e+00 0.000000000000000000e+00 1.600000000000000089e+00 1.610999999999999932e-02 6.758000000000000118e-03 -9.998470000000000413e-01 -9.714359999999999662e-01 -2.366739999999999955e-01 -1.725199999999999997e-02 -2.367549999999999932e-01 9.715660000000000407e-01 2.752000000000000106e-03
2.800000000000000000e+01 9.000000000000000000e+00 9.000000000000000000e+00 0.000000000000000000e+00 1.600000000000000089e+00 2.087999999999999926e-02 1.483100000000000043e-02 -9.996720000000000050e-01 -9.690889999999999782e-01 -2.455509999999999915e-01 -2.388399999999999898e-02 -2.458249999999999880e-01 9.692699999999999649e-01 9.244999999999999746e-03
4.000000000000000000e+00 2.400000000000000000e+01 9.000000000000000000e+00 0.000000000000000000e+00 1.600000000000000089e+00 2.027000000000000156e-03 5.999999999999999474e-04 -9.999980000000000535e-01 4.435870000000000091e-01 8.962299999999999711e-01 1.436999999999999909e-03 8.962290000000000534e-01 -4.435890000000000111e-01 1.551000000000000078e-03
7.000000000000000000e+00 2.400000000000000000e+01 9.000000000000000000e+00 0.000000000000000000e+00 1.600000000000000089e+00 1.348999999999999939e-03 4.047000000000000250e-03 -9.999909999999999632e-01 4.431620000000000004e-01 8.964309999999999778e-01 4.225999999999999722e-03 8.964400000000000146e-01 -4.431640000000000024e-01 -5.839999999999999922e-04
1.500000000000000000e+01 2.400000000000000000e+01 9.000000000000000000e+00 0.000000000000000000e+00 1.600000000000000089e+00 -2.907999999999999995e-03 -1.449999999999999900e-03 -9.999949999999999672e-01 4.430870000000000086e-01 8.964750000000000218e-01 -2.589000000000000155e-03 8.964739999999999931e-01 -4.430930000000000146e-01 -1.964000000000000034e-03
1.900000000000000000e+01 2.400000000000000000e+01 9.000000000000000000e+00 0.000000000000000000e+00 1.600000000000000089e+00 -1.038000000000000077e-03 -9.150000000000000147e-04 -9.999989999999999712e-01 4.437769999999999770e-01 8.961360000000000436e-01 -1.280000000000000105e-03 8.961369999999999614e-01 -4.437780000000000058e-01 -5.240000000000000517e-04
2.500000000000000000e+01 2.400000000000000000e+01 9.000000000000000000e+00 0.000000000000000000e+00 1.600000000000000089e+00 -1.412000000000000061e-03 1.113999999999999973e-03 -9.999980000000000535e-01 4.437369999999999925e-01 8.961569999999999814e-01 3.719999999999999891e-04 8.961559999999999526e-01 -4.437360000000000193e-01 -1.758999999999999930e-03
2.800000000000000000e+01 2.400000000000000000e+01 9.000000000000000000e+00 0.000000000000000000e+00 1.600000000000000089e+00 -6.139999999999999625e-04 -6.799999999999999946e-05 -1.000000000000000000e+00 4.424540000000000139e-01 8.967910000000000048e-01 -3.330000000000000169e-04 8.967910000000000048e-01 -4.424540000000000139e-01 -5.199999999999999544e-04
1.800000000000000000e+01 8.000000000000000000e+00 1.000000000000000000e+01 0.000000000000000000e+00 1.600000000000000089e+00 1.534199999999999973e-02 -3.802999999999999957e-03 -9.998749999999999583e-01 -9.943440000000000056e-01 -1.051639999999999936e-01 -1.485700000000000041e-02 -1.050949999999999940e-01 9.944479999999999986e-01 -5.394999999999999622e-03
7.000000000000000000e+00 4.000000000000000000e+00 1.100000000000000000e+01 0.000000000000000000e+00 1.600000000000000089e+00 4.739999999999999747e-04 -2.279099999999999876e-02 9.997399999999999620e-01 1.745089999999999975e-01 -9.843979999999999952e-01 -2.252399999999999888e-02 9.846559999999999757e-01 1.744739999999999902e-01 3.510999999999999798e-03
1.300000000000000000e+01 4.000000000000000000e+00 1.100000000000000000e+01 0.000000000000000000e+00 1.600000000000000089e+00 2.301000000000000094e-03 -1.213400000000000069e-02 9.999240000000000350e-01 1.774419999999999886e-01 -9.840539999999999843e-01 -1.234900000000000060e-02 9.841290000000000315e-01 1.774570000000000036e-01 -1.119999999999999983e-04
1.900000000000000000e+01 4.000000000000000000e+00 1.100000000000000000e+01 0.000000000000000000e+00 1.600000000000000089e+00 -3.359000000000000007e-03 1.393600000000000047e-02 9.998970000000000358e-01 1.402569999999999928e-01 -9.900120000000000031e-01 1.426900000000000043e-02 9.901090000000000169e-01 1.402909999999999990e-01 1.371000000000000040e-03
2.300000000000000000e+01 4.000000000000000000e+00 1.100000000000000000e+01 0.000000000000000000e+00 1.600000000000000089e+00 -3.471000000000000127e-03 1.400599999999999935e-02 9.998960000000000070e-01 1.360550000000000093e-01 -9.905969999999999498e-01 1.434799999999999964e-02 9.906949999999999923e-01 1.360909999999999898e-01 1.533000000000000074e-03
2.800000000000000000e+01 2.900000000000000000e+01 1.300000000000000000e+01 0.000000000000000000e+00 1.600000000000000089e+00 1.817900000000000071e-02 2.729759999999999964e-01 9.618489999999999540e-01 -1.930199999999999971e-02 9.619250000000000300e-01 -2.726330000000000142e-01 -9.996479999999999810e-01 -1.360899999999999957e-02 2.275599999999999845e-02
5.000000000000000000e+00 3.200000000000000000e+01 1.400000000000000000e+01 0.000000000000000000e+00 1.600000000000000089e+00 -6.530000000000000431e-04 2.410000000000000033e-04 -1.000000000000000000e+00 1.212440000000000045e-01 9.926230000000000331e-01 1.600000000000000131e-04 9.926230000000000331e-01 -1.212430000000000035e-01 -6.780000000000000002e-04
9.000000000000000000e+00 3.200000000000000000e+01 1.400000000000000000e+01 0.000000000000000000e+00 1.600000000000000089e+00 1.910000000000000077e-04 4.379000000000000080e-03 -9.999900000000000455e-01 1.217860000000000054e-01 9.925469999999999571e-01 4.369999999999999753e-03 9.925559999999999938e-01 -1.217860000000000054e-01 -3.440000000000000132e-04
9.000000000000000000e+00 1.160000000000000000e+02 1.600000000000000000e+01 0.000000000000000000e+00 1.600000000000000089e+00 1.629999999999999939e-03 -2.779999999999999811e-04 9.999989999999999712e-01 7.002169999999999783e-01 7.139290000000000358e-01 -9.420000000000000205e-04 -7.139280000000000070e-01 7.002180000000000071e-01 1.358000000000000049e-03
5.000000000000000000e+00 2.000000000000000000e+00 1.900000000000000000e+01 0.000000000000000000e+00 1.600000000000000089e+00 5.961000000000000153e-03 -1.557599999999999957e-02 -9.998609999999999998e-01 3.583709999999999951e-01 -9.334299999999999820e-01 1.667700000000000085e-02 -9.335599999999999454e-01 -3.584200000000000164e-01 1.800000000000000046e-05
6.000000000000000000e+00 3.000000000000000000e+00 1.900000000000000000e+01 0.000000000000000000e+00 1.600000000000000089e+00 4.604999999999999719e-03 -9.679000000000000103e-03 -9.999430000000000263e-01 3.310259999999999869e-01 -9.435609999999999831e-01 1.065800000000000081e-02 -9.436099999999999488e-01 -3.310560000000000169e-01 -1.141000000000000087e-03
1.000000000000000000e+01 3.000000000000000000e+00 1.900000000000000000e+01 0.000000000000000000e+00 1.600000000000000089e+00 3.829999999999999854e-04 -1.019999999999999992e-04 -1.000000000000000000e+00 3.330620000000000247e-01 -9.429049999999999931e-01 2.239999999999999966e-04 -9.429049999999999931e-01 -3.330620000000000247e-01 -3.280000000000000038e-04
1.400000000000000000e+01 3.000000000000000000e+00 1.900000000000000000e+01 0.000000000000000000e+00 1.600000000000000089e+00 -4.361000000000000293e-03 1.936299999999999827e-02 -9.998029999999999973e-01 3.387729999999999908e-01 -9.406619999999999981e-01 -1.969600000000000170e-02 -9.408579999999999721e-01 -3.387919999999999821e-01 -2.456999999999999983e-03
1.700000000000000000e+01 3.000000000000000000e+00 1.900000000000000000e+01 0.000000000000000000e+00 1.600000000000000089e+00 -7.028000000000000393e-03 2.473399999999999904e-02 -9.996690000000000298e-01 3.427769999999999984e-01 -9.390669999999999851e-01 -2.564500000000000113e-02 -9.393909999999999760e-01 -3.428430000000000089e-01 -1.879000000000000028e-03
2.200000000000000000e+01 3.000000000000000000e+00 1.900000000000000000e+01 0.000000000000000000e+00 1.600000000000000089e+00 -2.407999999999999984e-03 1.595900000000000096e-02 -9.998700000000000365e-01 3.456650000000000000e-01 -9.382249999999999757e-01 -1.580799999999999914e-02 -9.383550000000000502e-01 -3.456580000000000208e-01 -3.258000000000000045e-03
2.700000000000000000e+01 3.000000000000000000e+00 1.900000000000000000e+01 0.000000000000000000e+00 1.600000000000000089e+00 -3.451000000000000074e-03 1.539699999999999923e-02 -9.998759999999999870e-01 3.438829999999999942e-01 -9.388819999999999943e-01 -1.564400000000000165e-02 -9.390060000000000073e-01 -3.438950000000000062e-01 -2.054999999999999969e-03
3.000000000000000000e+01 3.000000000000000000e+00 1.900000000000000000e+01 0.000000000000000000e+00 1.600000000000000089e+00 -3.930999999999999599e-03 1.615799999999999875e-02 -9.998620000000000285e-01 3.438809999999999922e-01 -9.388680000000000359e-01 -1.652500000000000149e-02 -9.390049999999999786e-01 -3.438979999999999815e-01 -1.866000000000000037e-03
2.300000000000000000e+01 4.000000000000000000e+00 2.000000000000000000e+01 0.000000000000000000e+00 1.600000000000000089e+00 -1.309000000000000051e-03 1.373399999999999968e-02 -9.999050000000000438e-01 3.792499999999999760e-01 -9.252000000000000224e-01 -1.320400000000000046e-02 -9.252930000000000321e-01 -3.792309999999999848e-01 -3.997999999999999818e-03
2.900000000000000000e+01 4.000000000000000000e+00 2.000000000000000000e+01 0.000000000000000000e+00 1.600000000000000089e+00 -3.361999999999999971e-03 1.535899999999999939e-02 -9.998759999999999870e-01 3.833119999999999861e-01 -9.234890000000000043e-01 -1.547399999999999991e-02 -9.236130000000000173e-01 -3.833170000000000188e-01 -2.782000000000000185e-03
8.000000000000000000e+00 1.300000000000000000e+01 2.000000000000000000e+01 0.000000000000000000e+00 1.600000000000000089e+00 -1.430000000000000064e-04 -1.304999999999999953e-03 9.999989999999999712e-01 2.595830000000000082e-01 9.657200000000000228e-01 1.296999999999999976e-03 -9.657210000000000516e-01 2.595830000000000082e-01 2.000000000000000096e-04
1.200000000000000000e+01 1.300000000000000000e+01 2.000000000000000000e+01 0.000000000000000000e+00 1.600000000000000089e+00 7.870000000000000476e-04 -1.358999999999999965e-03 9.999989999999999712e-01 2.585890000000000133e-01 9.659870000000000401e-01 1.110000000000000092e-03 -9.659870000000000401e-01 2.585870000000000113e-01 1.111000000000000008e-03
1.800000000000000000e+01 1.300000000000000000e+01 2.000000000000000000e+01 0.000000000000000000e+00 1.600000000000000089e+00 -7.100000000000000462e-05 -1.879999999999999944e-03 9.999980000000000535e-01 2.597289999999999877e-01 9.656799999999999828e-01 1.833999999999999910e-03 -9.656810000000000116e-01 2.597289999999999877e-01 4.189999999999999931e-04
2.100000000000000000e+01 1.300000000000000000e+01 2.000000000000000000e+01 0.000000000000000000e+00 1.600000000000000089e+00 -1.520000000000000084e-04 -3.092000000000000130e-03 9.999949999999999672e-01 2.608190000000000230e-01 9.653829999999999911e-01 3.024000000000000212e-03 -9.653880000000000239e-01 2.608179999999999943e-01 6.589999999999999721e-04
2.500000000000000000e+01 1.300000000000000000e+01 2.000000000000000000e+01 0.000000000000000000e+00 1.600000000000000089e+00 1.162999999999999971e-03 -4.460000000000000422e-03 9.999890000000000168e-01 2.606680000000000108e-01 9.654199999999999449e-01 4.002999999999999614e-03 -9.654279999999999529e-01 2.606609999999999761e-01 2.285999999999999838e-03
2.900000000000000000e+01 1.300000000000000000e+01 2.000000000000000000e+01 0.000000000000000000e+00 1.600000000000000089e+00 2.397999999999999958e-03 -4.014000000000000207e-03 9.999890000000000168e-01 2.593820000000000014e-01 9.657689999999999886e-01 3.253999999999999948e-03 -9.657719999999999638e-01 2.593710000000000182e-01 3.356000000000000042e-03
2.100000000000000000e+01 1.600000000000000000e+01 2.100000000000000000e+01 0.000000000000000000e+00 1.600000000000000089e+00 -6.359999999999999551e-04 -4.523000000000000111e-03 9.999900000000000455e-01 2.978740000000000276e-01 9.545940000000000536e-01 4.506999999999999722e-03 -9.546050000000000368e-01 2.978740000000000276e-01 7.399999999999999894e-04
1.900000000000000000e+01 2.000000000000000000e+00 2.500000000000000000e+01 0.000000000000000000e+00 1.600000000000000089e+00 -9.360999999999999530e-03 1.998199999999999976e-02 9.997570000000000068e-01 7.649400000000000643e-02 -9.968559999999999643e-01 2.064099999999999963e-02 9.970259999999999678e-01 7.666900000000000104e-02 7.803000000000000040e-03
2.200000000000000000e+01 2.000000000000000000e+00 2.500000000000000000e+01 0.000000000000000000e+00 1.600000000000000089e+00 -7.933000000000000815e-03 1.622099999999999931e-02 9.998369999999999758e-01 8.452500000000000291e-02 -9.962790000000000257e-01 1.683399999999999827e-02 9.963899999999999979e-01 8.464499999999999802e-02 6.532999999999999745e-03
5.000000000000000000e+00 3.000000000000000000e+00 2.500000000000000000e+01 0.000000000000000000e+00 1.600000000000000089e+00 2.742000000000000080e-03 -8.645999999999999172e-03 9.999590000000000423e-01 -3.404800000000000187e-02 -9.993840000000000501e-01 -8.548000000000000043e-03 9.994159999999999711e-01 -3.402299999999999769e-02 -3.034999999999999937e-03
1.100000000000000000e+01 3.000000000000000000e+00 2.500000000000000000e+01 0.000000000000000000e+00 1.600000000000000089e+00 -1.544999999999999932e-03 1.871000000000000050e-03 9.999970000000000248e-01 -3.398099999999999732e-02 -9.994210000000000038e-01 1.817000000000000039e-03 9.994210000000000038e-01 -3.397800000000000126e-02 1.606999999999999922e-03
2.900000000000000000e+01 3.000000000000000000e+00 2.500000000000000000e+01 0.000000000000000000e+00 1.600000000000000089e+00 -2.651999999999999844e-03 1.467300000000000028e-02 9.998890000000000278e-01 6.825000000000000337e-03 -9.998690000000000078e-01 1.469099999999999920e-02 9.999730000000000008e-01 6.863000000000000177e-03 2.550999999999999882e-03
3.000000000000000000e+00 4.600000000000000000e+01 2.700000000000000000e+01 0.000000000000000000e+00 1.600000000000000089e+00 5.190000000000000386e-04 1.433000000000000029e-03 -9.999989999999999712e-01 6.755619999999999958e-01 7.373020000000000129e-01 1.407000000000000048e-03 7.373030000000000417e-01 -6.755619999999999958e-01 -5.850000000000000165e-04
1.100000000000000000e+01 4.600000000000000000e+01 2.700000000000000000e+01 0.000000000000000000e+00 1.600000000000000089e+00 -1.320999999999999909e-03 -1.700000000000000122e-04 -9.999989999999999712e-01 6.764139999999999597e-01 7.365209999999999813e-01 -1.018999999999999941e-03 7.365199999999999525e-01 -6.764149999999999885e-01 -8.580000000000000387e-04
2.800000000000000000e+01 4.600000000000000000e+01 2.700000000000000000e+01 0.000000000000000000e+00 1.600000000000000089e+00 -5.224999999999999610e-03 -1.368000000000000075e-03 -9.999850000000000128e-01 6.782409999999999828e-01 7.348259999999999792e-01 -4.550000000000000225e-03 7.348209999999999464e-01 -6.782540000000000235e-01 -2.912000000000000092e-03
2.000000000000000000e+01 4.600000000000000000e+01 3.000000000000000000e+01 0.000000000000000000e+00 1.600000000000000089e+00 -1.381000000000000066e-03 -1.899000000000000080e-03 -9.999970000000000248e-01 3.336700000000000221e-01 9.426870000000000527e-01 -2.250999999999999963e-03 9.426889999999999992e-01 -3.336720000000000241e-01 -6.679999999999999740e-04
2.600000000000000000e+01 4.300000000000000000e+01 3.400000000000000000e+01 0.000000000000000000e+00 1.600000000000000089e+00 -2.799999999999999958e-05 -3.494000000000000144e-03 -9.999940000000000495e-01 -3.250609999999999888e-01 9.456870000000000553e-01 -3.295000000000000186e-03 9.456930000000000058e-01 3.250589999999999868e-01 -1.162000000000000055e-03
2.000000000000000000e+00 4.600000000000000000e+01 3.500000000000000000e+01 0.000000000000000000e+00 1.600000000000000089e+00 4.119999999999999856e-04 1.716999999999999993e-03 -9.999989999999999712e-01 3.907039999999999957e-01 -9.205149999999999721e-01 -1.420000000000000038e-03 -9.205160000000000009e-01 -3.907030000000000225e-01 -1.051000000000000068e-03
1.100000000000000000e+01 4.600000000000000000e+01 3.500000000000000000e+01 0.000000000000000000e+00 1.600000000000000089e+00 -1.258999999999999920e-03 -1.060000000000000016e-04 -9.999989999999999712e-01 3.906959999999999877e-01 -9.205200000000000049e-01 -3.939999999999999817e-04 -9.205189999999999761e-01 -3.906959999999999877e-01 1.199999999999999895e-03
1.800000000000000000e+01 4.600000000000000000e+01 3.500000000000000000e+01 0.000000000000000000e+00 1.600000000000000089e+00 -7.299999999999999903e-05 -2.150000000000000001e-03 -9.999980000000000535e-01 3.895569999999999866e-01 -9.210000000000000409e-01 1.951000000000000043e-03 -9.210019999999999873e-01 -3.895560000000000134e-01 9.049999999999999885e-04
2.400000000000000000e+01 4.600000000000000000e+01 3.500000000000000000e+01 0.000000000000000000e+00 1.600000000000000089e+00 2.829999999999999942e-04 7.529000000000000102e-03 -9.999719999999999720e-01 3.897039999999999949e-01 -9.209150000000000391e-01 -6.823000000000000072e-03 -9.209399999999999809e-01 -3.896910000000000096e-01 -3.194999999999999923e-03
2.900000000000000000e+01 4.600000000000000000e+01 3.500000000000000000e+01 0.000000000000000000e+00 1.600000000000000089e+00 -1.724999999999999971e-03 1.510000000000000112e-04 -9.999989999999999712e-01 3.895190000000000041e-01 -9.210180000000000033e-01 -8.109999999999999805e-04 -9.210169999999999746e-01 -3.895199999999999774e-01 1.529999999999999893e-03
3.000000000000000000e+00 9.500000000000000000e+01 3.600000000000000000e+01 0.000000000000000000e+00 1.600000000000000089e+00 2.047999999999999907e-03 8.762000000000000691e-03 9.999599999999999600e-01 9.966909999999999936e-01 8.123500000000000165e-02 -2.752999999999999805e-03 -8.125499999999999390e-02 9.966559999999999864e-01 -8.566000000000000697e-03
9.000000000000000000e+00 9.500000000000000000e+01 3.600000000000000000e+01 0.000000000000000000e+00 1.600000000000000089e+00 2.781000000000000052e-03 5.956999999999999622e-03 9.999780000000000335e-01 9.962419999999999609e-01 8.655000000000000193e-02 -3.285999999999999859e-03 -8.656800000000000606e-02 9.962299999999999489e-01 -5.694000000000000276e-03
2.300000000000000000e+01 9.500000000000000000e+01 3.600000000000000000e+01 0.000000000000000000e+00 1.600000000000000089e+00 2.579999999999999828e-03 2.415399999999999839e-02 9.997049999999999548e-01 9.969599999999999573e-01 7.778999999999999804e-02 -4.453000000000000361e-03 -7.787499999999999978e-02 9.966770000000000351e-01 -2.387999999999999845e-02
1.100000000000000000e+01 2.900000000000000000e+01 4.400000000000000000e+01 0.000000000000000000e+00 1.600000000000000089e+00 -6.899999999999999667e-05 2.224999999999999981e-03 -9.999970000000000248e-01 6.617539999999999534e-01 7.497190000000000243e-01 1.621999999999999961e-03 7.497209999999999708e-01 -6.617520000000000069e-01 -1.525000000000000097e-03
1.500000000000000000e+01 2.900000000000000000e+01 4.400000000000000000e+01 0.000000000000000000e+00 1.600000000000000089e+00 -1.294999999999999927e-03 3.017000000000000150e-03 -9.999949999999999672e-01 6.455689999999999484e-01 7.637000000000000455e-01 1.467999999999999904e-03 7.637009999999999632e-01 -6.455640000000000267e-01 -2.936999999999999941e-03
1.900000000000000000e+01 2.900000000000000000e+01 4.400000000000000000e+01 0.000000000000000000e+00 1.600000000000000089e+00 -2.749000000000000141e-03 -1.484000000000000076e-03 -9.999949999999999672e-01 6.504320000000000102e-01 7.595589999999999842e-01 -2.915000000000000056e-03 7.595589999999999842e-01 -6.504370000000000429e-01 -1.123000000000000083e-03
2.500000000000000000e+01 2.900000000000000000e+01 4.400000000000000000e+01 0.000000000000000000e+00 1.600000000000000089e+00 -2.664000000000000135e-03 7.540000000000000044e-04 -9.999959999999999960e-01 6.586940000000000017e-01 7.524100000000000232e-01 -1.186999999999999904e-03 7.524070000000000480e-01 -6.586940000000000017e-01 -2.501000000000000185e-03
2.700000000000000000e+01 2.900000000000000000e+01 4.400000000000000000e+01 0.000000000000000000e+00 1.600000000000000089e+00 -2.645999999999999915e-03 -6.290000000000000018e-04 -9.999959999999999960e-01 6.593139999999999556e-01 7.518639999999999768e-01 -2.217999999999999920e-03 7.518629999999999480e-01 -6.593179999999999596e-01 -1.575000000000000011e-03
2.000000000000000000e+00 5.000000000000000000e+00 5.100000000000000000e+01 0.000000000000000000e+00 1.600000000000000089e+00 1.209999999999999921e-03 3.008999999999999956e-03 -9.999949999999999672e-01 4.943600000000000216e-01 -8.692549999999999999e-01 -2.017000000000000130e-03 -8.692569999999999464e-01 -4.943549999999999889e-01 -2.539000000000000024e-03
6.000000000000000000e+00 5.000000000000000000e+00 5.100000000000000000e+01 0.000000000000000000e+00 1.600000000000000089e+00 -1.479999999999999925e-04 7.570000000000000340e-03 -9.999710000000000543e-01 4.886150000000000215e-01 -8.724739999999999718e-01 -6.676999999999999776e-03 -8.725000000000000533e-01 -4.886019999999999808e-01 -3.569000000000000124e-03
9.000000000000000000e+00 6.000000000000000000e+00 5.100000000000000000e+01 0.000000000000000000e+00 1.600000000000000089e+00 6.999999999999999387e-05 4.379000000000000080e-03 -9.999900000000000455e-01 3.151010000000000200e-01 -9.490490000000000315e-01 -4.133999999999999654e-03 -9.490579999999999572e-01 -3.150979999999999892e-01 -1.446000000000000020e-03
2.700000000000000000e+01 1.150000000000000000e+02 5.100000000000000000e+01 0.000000000000000000e+00 1.600000000000000089e+00 -5.270000000000000162e-04 9.759999999999999796e-04 9.999989999999999712e-01 8.466190000000000104e-01 -5.321989999999999776e-01 9.659999999999999533e-04 5.322000000000000064e-01 8.466190000000000104e-01 -5.460000000000000443e-04
2.000000000000000000e+01 1.600000000000000000e+01 5.200000000000000000e+01 0.000000000000000000e+00 1.600000000000000089e+00 -2.423999999999999939e-03 -5.330000000000000536e-04 -9.999970000000000248e-01 7.769340000000000135e-01 6.295779999999999710e-01 -2.219000000000000052e-03 6.295770000000000532e-01 -7.769369999999999887e-01 -1.111999999999999924e-03
1.600000000000000000e+01 5.800000000000000000e+01 5.200000000000000000e+01 0.000000000000000000e+00 1.600000000000000089e+00 6.939999999999999555e-04 -8.078999999999999376e-03 9.999670000000000503e-01 -6.309719999999999773e-01 7.757770000000000499e-01 6.705000000000000022e-03 -7.758059999999999956e-01 -6.309550000000000436e-01 -4.558999999999999685e-03
1.000000000000000000e+00 6.300000000000000000e+01 5.400000000000000000e+01 0.000000000000000000e+00 1.600000000000000089e+00 -3.021999999999999947e-03 4.029999999999999837e-04 9.999949999999999672e-01 -3.417419999999999902e-01 9.397929999999999895e-01 -1.412000000000000061e-03 -9.397889999999999855e-01 -3.417439999999999922e-01 -2.701999999999999975e-03
1.000000000000000000e+01 6.300000000000000000e+01 5.400000000000000000e+01 0.000000000000000000e+00 1.600000000000000089e+00 -2.369999999999999874e-04 2.909999999999999826e-03 9.999959999999999960e-01 -3.462509999999999755e-01 9.381380000000000274e-01 -2.811999999999999830e-03 -9.381420000000000314e-01 -3.462500000000000022e-01 7.860000000000000233e-04
2.100000000000000000e+01 6.300000000000000000e+01 5.400000000000000000e+01 0.000000000000000000e+00 1.600000000000000089e+00 9.600000000000000243e-04 -5.983999999999999736e-03 9.999820000000000375e-01 -3.538100000000000134e-01 9.352979999999999627e-01 5.936999999999999569e-03 -9.353169999999999540e-01 -3.538100000000000134e-01 -1.219999999999999947e-03
2.500000000000000000e+01 6.300000000000000000e+01 5.400000000000000000e+01 0.000000000000000000e+00 1.600000000000000089e+00 3.980000000000000248e-04 -1.034999999999999896e-03 9.999989999999999712e-01 -3.552679999999999727e-01 9.347640000000000393e-01 1.108999999999999960e-03 -9.347640000000000393e-01 -3.552679999999999727e-01 3.999999999999999819e-06
2.900000000000000000e+01 6.300000000000000000e+01 5.400000000000000000e+01 0.000000000000000000e+00 1.600000000000000089e+00 -1.675999999999999972e-03 2.141000000000000108e-03 9.999959999999999960e-01 -3.551130000000000120e-01 9.348199999999999843e-01 -2.595999999999999783e-03 -9.348220000000000418e-01 -3.551159999999999872e-01 -8.059999999999999673e-04
5.000000000000000000e+00 2.500000000000000000e+01 5.500000000000000000e+01 0.000000000000000000e+00 1.600000000000000089e+00 1.456000000000000046e-03 3.750000000000000078e-04 -9.999989999999999712e-01 -1.150699999999999987e-02 -9.999339999999999895e-01 -3.919999999999999873e-04 -9.999329999999999607e-01 1.150799999999999913e-02 -1.451999999999999949e-03
1.200000000000000000e+01 2.500000000000000000e+01 5.500000000000000000e+01 0.000000000000000000e+00 1.600000000000000089e+00 -1.310000000000000129e-04 1.572000000000000047e-03 -9.999989999999999712e-01 -1.142999999999999919e-02 -9.999329999999999607e-01 -1.569999999999999998e-03 -9.999350000000000183e-01 1.142999999999999919e-02 1.489999999999999897e-04
2.000000000000000000e+01 2.500000000000000000e+01 5.500000000000000000e+01 0.000000000000000000e+00 1.600000000000000089e+00 8.069999999999999916e-04 7.579999999999999932e-04 -9.999989999999999712e-01 -1.232699999999999942e-02 -9.999240000000000350e-01 -7.680000000000000195e-04 -9.999240000000000350e-01 1.232800000000000042e-02 -7.979999999999999897e-04
9.000000000000000000e+00 2.000000000000000000e+01 6.000000000000000000e+01 0.000000000000000000e+00 1.600000000000000089e+00 -7.759999999999999971e-04 -3.690000000000000246e-04 1.000000000000000000e+00 -6.275000000000000022e-02 9.980290000000000550e-01 3.190000000000000019e-04 -9.980290000000000550e-01 -6.275000000000000022e-02 -7.979999999999999897e-04
1.400000000000000000e+01 2.000000000000000000e+01 6.000000000000000000e+01 0.000000000000000000e+00 1.600000000000000089e+00 1.649999999999999991e-03 2.347000000000000128e-03 9.999959999999999960e-01 -6.156899999999999873e-02 9.980999999999999872e-01 -2.240999999999999936e-03 -9.981010000000000160e-01 -6.156500000000000167e-02 1.791000000000000057e-03
5.000000000000000000e+00 2.100000000000000000e+01 6.000000000000000000e+01 0.000000000000000000e+00 1.600000000000000089e+00 1.500000000000000031e-03 2.899000000000000101e-03 9.999949999999999672e-01 -9.589599999999999513e-02 9.953880000000000505e-01 -2.742000000000000080e-03 -9.953899999999999970e-01 -9.589100000000000401e-02 1.771000000000000005e-03
1.700000000000000000e+01 2.100000000000000000e+01 6.000000000000000000e+01 0.000000000000000000e+00 1.600000000000000089e+00 6.620000000000000450e-04 -4.650000000000000270e-04 1.000000000000000000e+00 -9.585200000000000664e-02 9.953950000000000298e-01 5.259999999999999919e-04 -9.953950000000000298e-01 -9.585299999999999376e-02 6.139999999999999625e-04
2.100000000000000000e+01 2.100000000000000000e+01 6.000000000000000000e+01 0.000000000000000000e+00 1.600000000000000089e+00 -1.196999999999999930e-03 1.430000000000000064e-03 9.999980000000000535e-01 -9.606800000000000062e-02 9.953739999999999810e-01 -1.538000000000000088e-03 -9.953739999999999810e-01 -9.607000000000000262e-02 -1.054000000000000032e-03
2.500000000000000000e+01 2.100000000000000000e+01 6.000000000000000000e+01 0.000000000000000000e+00 1.600000000000000089e+00 -5.289999999999999564e-04 2.141999999999999807e-03 9.999980000000000535e-01 -9.360300000000000564e-02 9.956070000000000197e-01 -2.181999999999999912e-03 -9.956089999999999662e-01 -9.360400000000000664e-02 -3.260000000000000094e-04
1.200000000000000000e+01 6.700000000000000000e+01 6.000000000000000000e+01 0.000000000000000000e+00 1.600000000000000089e+00 -7.960000000000000495e-04 -4.147999999999999778e-03 9.999909999999999632e-01 1.726419999999999899e-01 -9.849769999999999914e-01 -3.949000000000000253e-03 9.849839999999999707e-01 1.726380000000000137e-01 1.500000000000000031e-03
2.000000000000000000e+01 3.000000000000000000e+00 6.300000000000000000e+01 0.000000000000000000e+00 1.600000000000000089e+00 -1.286000000000000034e-03 -7.531000000000000368e-03 9.999710000000000543e-01 -6.154020000000000046e-01 7.881970000000000365e-01 5.144000000000000135e-03 -7.882130000000000525e-01 -6.153769999999999518e-01 -5.648000000000000242e-03
2.800000000000000000e+01 3.000000000000000000e+00 6.300000000000000000e+01 0.000000000000000000e+00 1.600000000000000089e+00 2.905000000000000030e-03 -5.949000000000000295e-03 9.999780000000000335e-01 -6.137660000000000338e-01 7.894609999999999683e-01 6.479999999999999649e-03 -7.894830000000000458e-01 -6.137709999999999555e-01 -1.358000000000000049e-03
5.000000000000000000e+00 2.700000000000000000e+01 6.300000000000000000e+01 0.000000000000000000e+00 1.600000000000000089e+00 3.092000000000000130e-03 -3.706999999999999792e-03 9.999879999999999880e-01 -2.730639999999999734e-01 9.619860000000000078e-01 4.409999999999999858e-03 -9.619910000000000405e-01 -2.730739999999999834e-01 1.962000000000000202e-03
1.000000000000000000e+01 2.700000000000000000e+01 6.300000000000000000e+01 0.000000000000000000e+00 1.600000000000000089e+00 4.970000000000000459e-04 -1.881999999999999992e-03 9.999980000000000535e-01 -2.717589999999999728e-01 9.623629999999999685e-01 1.946000000000000030e-03 -9.623650000000000260e-01 -2.717600000000000016e-01 -3.300000000000000253e-05
1.800000000000000000e+01 2.700000000000000000e+01 6.300000000000000000e+01 0.000000000000000000e+00 1.600000000000000089e+00 1.310000000000000129e-04 -4.597000000000000391e-03 9.999890000000000168e-01 -2.750119999999999787e-01 9.614300000000000068e-01 4.455999999999999892e-03 -9.614409999999999901e-01 -2.750099999999999767e-01 -1.137999999999999906e-03
2.300000000000000000e+01 2.700000000000000000e+01 6.300000000000000000e+01 0.000000000000000000e+00 1.600000000000000089e+00 1.141000000000000087e-03 1.371999999999999956e-03 9.999980000000000535e-01 -2.748749999999999805e-01 9.614800000000000013e-01 -1.005999999999999950e-03 -9.614789999999999726e-01 -2.748729999999999785e-01 1.474000000000000050e-03
2.800000000000000000e+01 2.700000000000000000e+01 6.300000000000000000e+01 0.000000000000000000e+00 1.600000000000000089e+00 2.142999999999999940e-03 7.559999999999999880e-03 9.999689999999999968e-01 -2.759510000000000018e-01 9.611490000000000311e-01 -6.675999999999999643e-03 -9.611690000000000511e-01 -2.759280000000000066e-01 4.146000000000000379e-03
2.000000000000000000e+00 2.600000000000000000e+01 6.400000000000000000e+01 0.000000000000000000e+00 1.600000000000000089e+00 4.601000000000000055e-03 -6.246999999999999949e-03 9.999700000000000255e-01 -3.684029999999999805e-01 9.296360000000000179e-01 7.503000000000000121e-03 -9.296550000000000091e-01 -3.684259999999999757e-01 1.975999999999999892e-03
6.000000000000000000e+00 2.600000000000000000e+01 6.400000000000000000e+01 0.000000000000000000e+00 1.600000000000000089e+00 2.611000000000000040e-03 -2.553999999999999847e-03 9.999930000000000208e-01 -3.654479999999999951e-01 9.308260000000000423e-01 3.331000000000000193e-03 -9.308279999999999887e-01 -3.654540000000000011e-01 1.497000000000000067e-03
1.100000000000000000e+01 2.600000000000000000e+01 6.400000000000000000e+01 0.000000000000000000e+00 1.600000000000000089e+00 9.810000000000001011e-04 -3.969999999999999571e-03 9.999919999999999920e-01 -3.646750000000000269e-01 9.311260000000000092e-01 4.054000000000000312e-03 -9.311340000000000172e-01 -3.646760000000000002e-01 -5.339999999999999695e-04
1.600000000000000000e+01 2.600000000000000000e+01 6.400000000000000000e+01 0.000000000000000000e+00 1.600000000000000089e+00 5.590000000000000351e-04 -3.787000000000000002e-03 9.999930000000000208e-01 -3.685930000000000040e-01 9.295830000000000481e-01 3.726999999999999844e-03 -9.295909999999999451e-01 -3.685930000000000040e-01 -8.769999999999999584e-04
2.000000000000000000e+01 2.600000000000000000e+01 6.400000000000000000e+01 0.000000000000000000e+00 1.600000000000000089e+00 8.149999999999999693e-04 -3.706999999999999792e-03 9.999930000000000208e-01 -3.690120000000000067e-01 9.294170000000000487e-01 3.746000000000000198e-03 -9.294240000000000279e-01 -3.690129999999999799e-01 -6.099999999999999737e-04
2.700000000000000000e+01 2.600000000000000000e+01 6.400000000000000000e+01 0.000000000000000000e+00 1.600000000000000089e+00 2.390000000000000197e-03 7.672000000000000000e-03 9.999679999999999680e-01 -3.666260000000000074e-01 9.303470000000000351e-01 -6.262000000000000205e-03 -9.303649999999999975e-01 -3.665999999999999814e-01 5.035999999999999678e-03
7.000000000000000000e+00 6.900000000000000000e+01 6.600000000000000000e+01 0.000000000000000000e+00 1.600000000000000089e+00 9.600000000000000243e-04 -1.430000000000000064e-03 9.999989999999999712e-01 -9.466679999999999540e-01 3.222079999999999944e-01 1.368999999999999991e-03 -3.222090000000000232e-01 -9.466679999999999540e-01 -1.044000000000000006e-03
1.600000000000000000e+01 6.900000000000000000e+01 6.600000000000000000e+01 0.000000000000000000e+00 1.600000000000000089e+00 -1.922000000000000097e-03 -6.296999999999999646e-03 9.999780000000000335e-01 -9.487630000000000230e-01 3.159890000000000199e-01 1.669999999999999935e-04 -3.159830000000000139e-01 -9.487419999999999742e-01 -6.582000000000000177e-03
2.700000000000000000e+01 6.900000000000000000e+01 6.600000000000000000e+01 0.000000000000000000e+00 1.600000000000000089e+00 -4.688000000000000327e-03 3.441000000000000048e-03 9.999829999999999552e-01 -9.478309999999999791e-01 3.187260000000000093e-01 -5.539999999999999786e-03 -3.187389999999999946e-01 -9.478410000000000446e-01 1.766999999999999908e-03
3.000000000000000000e+00 2.500000000000000000e+01 7.300000000000000000e+01 0.000000000000000000e+00 1.600000000000000089e+00 6.120000000000000223e-04 -1.010999999999999963e-03 9.999989999999999712e-01 7.611200000000000188e-01 -6.486100000000000199e-01 -1.121999999999999950e-03 6.486110000000000486e-01 7.611200000000000188e-01 3.730000000000000134e-04
1.000000000000000000e+01 2.500000000000000000e+01 7.300000000000000000e+01 0.000000000000000000e+00 1.600000000000000089e+00 -1.013999999999999927e-03 -1.955000000000000140e-03 9.999980000000000535e-01 7.554950000000000276e-01 -6.551540000000000141e-01 -5.150000000000000498e-04 6.551529999999999854e-01 7.554929999999999701e-01 2.141999999999999807e-03
1.900000000000000000e+01 2.500000000000000000e+01 7.300000000000000000e+01 0.000000000000000000e+00 1.600000000000000089e+00 -1.440000000000000091e-03 -2.382000000000000003e-03 9.999959999999999960e-01 7.539949999999999708e-01 -6.568800000000000194e-01 -4.789999999999999879e-04 6.568789999999999907e-01 7.539909999999999668e-01 2.742000000000000080e-03
2.800000000000000000e+01 2.500000000000000000e+01 7.300000000000000000e+01 0.000000000000000000e+00 1.600000000000000089e+00 1.023000000000000038e-03 1.917000000000000084e-03 9.999980000000000535e-01 7.540000000000000036e-01 -6.568739999999999579e-01 4.879999999999999898e-04 6.568739999999999579e-01 7.539979999999999460e-01 -2.116999999999999958e-03
3.000000000000000000e+01 2.500000000000000000e+01 7.300000000000000000e+01 0.000000000000000000e+00 1.600000000000000089e+00 -3.150000000000000131e-04 1.686999999999999915e-03 9.999989999999999712e-01 7.532419999999999671e-01 -6.577420000000000488e-01 1.345999999999999974e-03 6.577429999999999666e-01 7.532419999999999671e-01 -1.064000000000000059e-03
4.000000000000000000e+00 4.400000000000000000e+01 7.300000000000000000e+01 0.000000000000000000e+00 1.600000000000000089e+00 -4.339999999999999782e-04 -2.367999999999999879e-03 9.999970000000000248e-01 5.577900000000000219e-02 -9.984399999999999942e-01 -2.340000000000000066e-03 9.984429999999999694e-01 5.577800000000000119e-02 5.659999999999999884e-04
1.000000000000000000e+01 4.400000000000000000e+01 7.300000000000000000e+01 0.000000000000000000e+00 1.600000000000000089e+00 8.249999999999999955e-04 2.999999999999999737e-04 1.000000000000000000e+00 5.680299999999999933e-02 -9.983849999999999669e-01 2.530000000000000239e-04 9.983849999999999669e-01 5.680299999999999933e-02 -8.409999999999999507e-04
