2.000000000000000000e+00 1.600000000000000000e+01 4.000000000000000000e+00 0.000000000000000000e+00 1.600000000000000089e+00 6.185999999999999659e-03 2.800300000000000011e-02 9.995889999999999498e-01 3.243809999999999749e-01 -9.456099999999999506e-01 2.448300000000000129e-02 9.459060000000000246e-01 3.240959999999999952e-01 -1.493300000000000009e-02
7.000000000000000000e+00 1.600000000000000000e+01 4.000000000000000000e+00 0.000000000000000000e+00 1.600000000000000089e+00 -8.419999999999999750e-04 1.546499999999999958e-02 9.998799999999999910e-01 3.230120000000000213e-01 -9.462770000000000348e-01 1.490799999999999938e-02 9.463939999999999575e-01 3.229859999999999953e-01 -4.198999999999999608e-03
1.700000000000000000e+01 1.600000000000000000e+01 4.000000000000000000e+00 0.000000000000000000e+00 1.600000000000000089e+00 -3.629999999999999872e-04 9.684999999999999165e-03 9.999529999999999808e-01 3.222400000000000264e-01 -9.466120000000000090e-01 9.286000000000000851e-03 9.466579999999999995e-01 3.222289999999999877e-01 -2.776999999999999955e-03
2.600000000000000000e+01 1.600000000000000000e+01 4.000000000000000000e+00 0.000000000000000000e+00 1.600000000000000089e+00 -2.652999999999999976e-03 4.405000000000000061e-03 9.999869999999999592e-01 3.245069999999999899e-01 -9.458699999999999886e-01 5.028000000000000351e-03 9.458800000000000541e-01 3.245160000000000267e-01 1.080000000000000014e-03
4.000000000000000000e+00 1.500000000000000000e+01 8.000000000000000000e+00 0.000000000000000000e+00 1.600000000000000089e+00 4.595000000000000126e-03 2.188999999999999974e-02 -9.997500000000000275e-01 -5.641209999999999836e-01 -8.254329999999999723e-01 -2.066600000000000034e-02 -8.256790000000000518e-01 5.640749999999999931e-01 8.555999999999999370e-03
1.000000000000000000e+00 2.600000000000000000e+01 8.000000000000000000e+00 0.000000000000000000e+00 1.600000000000000089e+00 -3.961000000000000111e-03 -2.184499999999999983e-02 -9.997540000000000315e-01 4.202299999999999924e-01 9.071630000000000527e-01 -2.148600000000000163e-02 9.074090000000000211e-01 -4.202110000000000012e-01 5.586999999999999952e-03
5.000000000000000000e+00 2.600000000000000000e+01 8.000000000000000000e+00 0.000000000000000000e+00 1.600000000000000089e+00 -4.444000000000000034e-03 -1.932100000000000137e-02 -9.998029999999999973e-01 4.214979999999999838e-01 9.066220000000000390e-01 -1.939400000000000152e-02 9.068190000000000417e-01 -4.215010000000000145e-01 4.113999999999999602e-03
8.000000000000000000e+00 2.600000000000000000e+01 8.000000000000000000e+00 0.000000000000000000e+00 1.600000000000000089e+00 -5.207999999999999956e-03 -2.040499999999999953e-02 -9.997779999999999445e-01 4.233029999999999848e-01 9.057520000000000016e-01 -2.069100000000000106e-02 9.059730000000000283e-01 -4.233169999999999988e-01 3.919999999999999873e-03
1.100000000000000000e+01 2.600000000000000000e+01 8.000000000000000000e+00 0.000000000000000000e+00 1.600000000000000089e+00 -5.746000000000000239e-03 -2.206400000000000028e-02 -9.997399999999999620e-01 4.254069999999999796e-01 9.047250000000000014e-01 -2.241200000000000137e-02 9.049840000000000106e-01 -4.254249999999999976e-01 4.186999999999999750e-03
1.500000000000000000e+01 2.600000000000000000e+01 8.000000000000000000e+00 0.000000000000000000e+00 1.600000000000000089e+00 -3.997999999999999818e-03 -3.409999999999999837e-03 -9.999860000000000415e-01 4.282799999999999940e-01 9.036330000000000195e-01 -4.793999999999999651e-03 9.036370000000000235e-01 -4.282929999999999793e-01 -2.152999999999999966e-03
2.000000000000000000e+01 2.600000000000000000e+01 8.000000000000000000e+00 0.000000000000000000e+00 1.600000000000000089e+00 -2.273999999999999980e-03 -9.903000000000000344e-03 -9.999479999999999480e-01 4.272029999999999994e-01 9.041010000000000435e-01 -9.926000000000000795e-03 9.041529999999999845e-01 -4.272039999999999726e-01 2.174999999999999850e-03
2.400000000000000000e+01 2.600000000000000000e+01 8.000000000000000000e+00 0.000000000000000000e+00 1.600000000000000089e+00 -3.085000000000000069e-03 -1.472500000000000024e-02 -9.998869999999999703e-01 4.272179999999999866e-01 9.040300000000000002e-01 -1.463099999999999991e-02 9.041430000000000300e-01 -4.272150000000000114e-01 3.501999999999999905e-03
9.000000000000000000e+00 1.400000000000000000e+01 9.000000000000000000e+00 0.000000000000000000e+00 1.600000000000000089e+00 6.864999999999999575e-03 1.496300000000000061e-02 -9.998639999999999750e-01 -5.576449999999999463e-01 -8.299199999999999910e-01 -1.624899999999999956e-02 -8.300509999999999833e-01 5.576809999999999823e-01 2.647000000000000047e-03
1.200000000000000000e+01 1.400000000000000000e+01 9.000000000000000000e+00 0.000000000000000000e+00 1.600000000000000089e+00 6.492999999999999640e-03 1.648700000000000165e-02 -9.998430000000000373e-01 -5.559859999999999802e-01 -8.310110000000000552e-01 -1.731299999999999853e-02 -8.311659999999999604e-01 5.560110000000000330e-01 3.771000000000000046e-03
1.600000000000000000e+01 1.400000000000000000e+01 9.000000000000000000e+00 0.000000000000000000e+00 1.600000000000000089e+00 5.398000000000000020e-03 1.178500000000000034e-02 -9.999160000000000270e-01 -5.546240000000000059e-01 -8.320020000000000193e-01 -1.280000000000000061e-02 -8.320830000000000171e-01 5.546470000000000011e-01 2.044999999999999943e-03
2.000000000000000000e+01 1.400000000000000000e+01 9.000000000000000000e+00 0.000000000000000000e+00 1.600000000000000089e+00 2.449999999999999921e-03 3.092999999999999829e-03 -9.999919999999999920e-01 -5.551300000000000123e-01 -8.317539999999999933e-01 -3.932999999999999864e-03 -8.317600000000000549e-01 5.551350000000000451e-01 -3.209999999999999963e-04
2.000000000000000000e+00 1.020000000000000000e+02 9.000000000000000000e+00 0.000000000000000000e+00 1.600000000000000089e+00 1.480999999999999895e-03 9.492999999999999702e-03 9.999540000000000095e-01 9.260899999999999688e-01 3.772699999999999942e-01 -4.952999999999999937e-03 -3.772989999999999955e-01 9.260549999999999615e-01 -8.231999999999999734e-03
6.000000000000000000e+00 3.100000000000000000e+01 1.200000000000000000e+01 0.000000000000000000e+00 1.600000000000000089e+00 -1.838999999999999923e-03 -2.349999999999999930e-04 9.999980000000000535e-01 1.526399999999999979e-02 9.998829999999999663e-01 2.629999999999999959e-04 -9.998820000000000485e-01 1.526500000000000079e-02 -1.835000000000000043e-03
9.000000000000000000e+00 3.100000000000000000e+01 1.200000000000000000e+01 0.000000000000000000e+00 1.600000000000000089e+00 -4.929999999999999487e-04 8.899999999999999491e-05 1.000000000000000000e+00 1.528599999999999924e-02 9.998829999999999663e-01 -8.200000000000000095e-05 -9.998829999999999663e-01 1.528599999999999924e-02 -4.949999999999999973e-04
1.400000000000000000e+01 3.100000000000000000e+01 1.200000000000000000e+01 0.000000000000000000e+00 1.600000000000000089e+00 6.999999999999999929e-04 4.539999999999999765e-04 1.000000000000000000e+00 1.457199999999999988e-02 9.998939999999999495e-01 -4.640000000000000027e-04 -9.998939999999999495e-01 1.457299999999999915e-02 6.930000000000000396e-04
2.700000000000000000e+01 3.100000000000000000e+01 1.200000000000000000e+01 0.000000000000000000e+00 1.600000000000000089e+00 7.680000000000000195e-04 -1.693000000000000060e-03 9.999980000000000535e-01 1.658700000000000105e-02 9.998609999999999998e-01 1.680000000000000070e-03 -9.998620000000000285e-01 1.658499999999999905e-02 7.960000000000000495e-04
4.000000000000000000e+00 3.200000000000000000e+01 1.400000000000000000e+01 0.000000000000000000e+00 1.600000000000000089e+00 3.854999999999999920e-03 -1.779999999999999898e-04 -9.999930000000000208e-01 1.211809999999999971e-01 9.926300000000000123e-01 2.910000000000000260e-04 9.926230000000000331e-01 -1.211809999999999971e-01 3.848999999999999991e-03
2.000000000000000000e+00 1.200000000000000000e+01 1.500000000000000000e+01 0.000000000000000000e+00 1.600000000000000089e+00 3.392000000000000050e-03 1.269999999999999948e-02 -9.999139999999999695e-01 -4.687859999999999805e-01 -8.832189999999999763e-01 -1.280799999999999994e-02 -8.833050000000000068e-01 4.687890000000000112e-01 2.958000000000000126e-03
1.000000000000000000e+01 1.200000000000000000e+01 1.500000000000000000e+01 0.000000000000000000e+00 1.600000000000000089e+00 4.890000000000000249e-03 5.308000000000000218e-03 -9.999740000000000295e-01 -4.687769999999999992e-01 -8.832889999999999908e-01 -6.981000000000000226e-03 -8.833029999999999493e-01 4.687990000000000212e-01 -1.830999999999999945e-03
1.700000000000000000e+01 1.160000000000000000e+02 1.600000000000000000e+01 0.000000000000000000e+00 1.600000000000000089e+00 -1.691000000000000012e-03 -2.356000000000000021e-03 9.999959999999999960e-01 7.016160000000000174e-01 7.125489999999999879e-01 2.864999999999999925e-03 -7.125529999999999919e-01 7.016179999999999639e-01 4.479999999999999933e-04
2.100000000000000000e+01 1.160000000000000000e+02 1.600000000000000000e+01 0.000000000000000000e+00 1.600000000000000089e+00 -8.970000000000000109e-04 -6.639999999999999852e-04 9.999989999999999712e-01 6.774839999999999751e-01 7.355369999999999964e-01 1.095999999999999969e-03 -7.355369999999999964e-01 6.774839999999999751e-01 -2.100000000000000087e-04
2.400000000000000000e+01 1.160000000000000000e+02 1.600000000000000000e+01 0.000000000000000000e+00 1.600000000000000089e+00 7.190000000000000210e-04 9.640000000000000131e-04 9.999989999999999712e-01 6.720140000000000002e-01 7.405370000000000008e-01 -1.196999999999999930e-03 -7.405380000000000296e-01 6.720150000000000290e-01 -1.160000000000000007e-04
5.000000000000000000e+00 2.000000000000000000e+00 1.900000000000000000e+01 0.000000000000000000e+00 1.600000000000000089e+00 2.409999999999999816e-03 6.884999999999999627e-03 -9.999730000000000008e-01 1.693610000000000115e-01 -9.855340000000000211e-01 -6.377999999999999989e-03 -9.855509999999999549e-01 -1.693409999999999915e-01 -3.542000000000000010e-03
1.100000000000000000e+01 2.000000000000000000e+00 1.900000000000000000e+01 0.000000000000000000e+00 1.600000000000000089e+00 -1.832000000000000078e-03 8.480000000000000124e-04 -9.999980000000000535e-01 1.687800000000000133e-01 -9.856530000000000014e-01 -1.144999999999999967e-03 -9.856519999999999726e-01 -1.687819999999999876e-01 1.662999999999999982e-03
1.500000000000000000e+01 2.000000000000000000e+00 1.900000000000000000e+01 0.000000000000000000e+00 1.600000000000000089e+00 -1.064000000000000059e-03 4.375999999999999682e-03 -9.999900000000000455e-01 1.607520000000000060e-01 -9.869850000000000012e-01 -4.491000000000000200e-03 -9.869940000000000380e-01 -1.607550000000000090e-01 3.469999999999999777e-04
2.000000000000000000e+01 2.000000000000000000e+00 1.900000000000000000e+01 0.000000000000000000e+00 1.600000000000000089e+00 3.282999999999999894e-03 2.030000000000000012e-04 -9.999949999999999672e-01 1.601819999999999911e-01 -9.870870000000000477e-01 3.260000000000000094e-04 -9.870820000000000149e-01 -1.601819999999999911e-01 -3.272999999999999868e-03
2.300000000000000000e+01 2.000000000000000000e+00 1.900000000000000000e+01 0.000000000000000000e+00 1.600000000000000089e+00 2.912000000000000092e-03 -1.814000000000000074e-03 -9.999940000000000495e-01 1.613839999999999997e-01 -9.868890000000000162e-01 2.259999999999999856e-03 -9.868869999999999587e-01 -1.613900000000000057e-01 -2.580999999999999961e-03
2.700000000000000000e+01 2.000000000000000000e+00 1.900000000000000000e+01 0.000000000000000000e+00 1.600000000000000089e+00 1.090000000000000067e-04 -9.343999999999999875e-03 -9.999559999999999560e-01 1.611360000000000015e-01 -9.868890000000000162e-01 9.239999999999999949e-03 -9.869320000000000315e-01 -1.611299999999999955e-01 1.397999999999999937e-03
3.000000000000000000e+00 1.300000000000000000e+01 2.000000000000000000e+01 0.000000000000000000e+00 1.600000000000000089e+00 -2.439999999999999949e-04 6.909000000000000211e-03 9.999759999999999760e-01 2.599460000000000104e-01 9.656000000000000139e-01 -6.608000000000000158e-03 -9.656230000000000091e-01 2.599389999999999756e-01 -2.030999999999999819e-03
7.000000000000000000e+00 1.300000000000000000e+01 2.000000000000000000e+01 0.000000000000000000e+00 1.600000000000000089e+00 -1.286999999999999950e-03 8.279999999999999600e-04 9.999989999999999712e-01 2.633110000000000173e-01 9.647109999999999852e-01 -4.600000000000000139e-04 -9.647099999999999564e-01 2.633099999999999885e-01 -1.459999999999999926e-03
1.600000000000000000e+01 1.300000000000000000e+01 2.000000000000000000e+01 0.000000000000000000e+00 1.600000000000000089e+00 9.899999999999999404e-05 -1.871000000000000050e-03 9.999980000000000535e-01 2.608170000000000210e-01 9.653869999999999951e-01 1.779999999999999898e-03 -9.653880000000000239e-01 2.608159999999999923e-01 5.829999999999999679e-04
2.200000000000000000e+01 1.300000000000000000e+01 2.000000000000000000e+01 0.000000000000000000e+00 1.600000000000000089e+00 1.077000000000000049e-03 -2.615999999999999836e-03 9.999959999999999960e-01 2.620580000000000132e-01 9.650499999999999634e-01 2.243000000000000202e-03 -9.650520000000000209e-01 2.620540000000000092e-01 1.724999999999999971e-03
2.700000000000000000e+01 1.300000000000000000e+01 2.000000000000000000e+01 0.000000000000000000e+00 1.600000000000000089e+00 8.480000000000000124e-04 -4.119999999999999856e-04 1.000000000000000000e+00 2.618789999999999729e-01 9.651009999999999867e-01 1.759999999999999954e-04 -9.650999999999999579e-01 2.618789999999999729e-01 9.269999999999999811e-04
1.600000000000000000e+01 1.600000000000000000e+01 2.100000000000000000e+01 0.000000000000000000e+00 1.600000000000000089e+00 6.610000000000000207e-04 4.180000000000000230e-04 1.000000000000000000e+00 2.990099999999999980e-01 9.542500000000000426e-01 -5.959999999999999586e-04 -9.542500000000000426e-01 2.990110000000000268e-01 5.060000000000000478e-04
2.400000000000000000e+01 1.600000000000000000e+01 2.100000000000000000e+01 0.000000000000000000e+00 1.600000000000000089e+00 6.400000000000000524e-04 -1.559999999999999972e-03 9.999989999999999712e-01 2.977850000000000219e-01 9.546320000000000361e-01 1.299000000000000024e-03 -9.546329999999999538e-01 2.977839999999999931e-01 1.075000000000000001e-03
2.800000000000000000e+01 1.600000000000000000e+01 2.100000000000000000e+01 0.000000000000000000e+00 1.600000000000000089e+00 2.779999999999999811e-04 4.510000000000000120e-04 1.000000000000000000e+00 2.955820000000000114e-01 9.553169999999999717e-01 -5.130000000000000011e-04 -9.553169999999999717e-01 2.955820000000000114e-01 1.320000000000000101e-04
3.000000000000000000e+01 4.600000000000000000e+01 2.700000000000000000e+01 0.000000000000000000e+00 1.600000000000000089e+00 1.981999999999999821e-03 1.856999999999999927e-03 -9.999959999999999960e-01 6.871760000000000090e-01 7.264859999999999651e-01 2.710999999999999868e-03 7.264880000000000226e-01 -6.871789999999999843e-01 1.640000000000000019e-04
1.000000000000000000e+00 4.600000000000000000e+01 3.000000000000000000e+01 0.000000000000000000e+00 1.600000000000000089e+00 5.659999999999999884e-04 -9.219999999999999680e-04 -9.999989999999999712e-01 3.362109999999999821e-01 9.417870000000000408e-01 -6.780000000000000002e-04 9.417870000000000408e-01 -3.362100000000000088e-01 8.429999999999999993e-04
1.300000000000000000e+01 4.600000000000000000e+01 3.000000000000000000e+01 0.000000000000000000e+00 1.600000000000000089e+00 5.000000000000000240e-05 -4.640000000000000027e-04 -1.000000000000000000e+00 3.367850000000000010e-01 9.415820000000000300e-01 -4.200000000000000174e-04 9.415820000000000300e-01 -3.367850000000000010e-01 2.030000000000000012e-04
6.000000000000000000e+00 5.800000000000000000e+01 3.100000000000000000e+01 0.000000000000000000e+00 1.600000000000000089e+00 -1.289999999999999914e-04 -1.031000000000000015e-03 9.999989999999999712e-01 -7.976910000000000389e-01 -6.030659999999999910e-01 -7.249999999999999500e-04 6.030659999999999910e-01 -7.976910000000000389e-01 -7.439999999999999782e-04
1.400000000000000000e+01 5.800000000000000000e+01 3.100000000000000000e+01 0.000000000000000000e+00 1.600000000000000089e+00 -1.703000000000000087e-03 2.020000000000000040e-04 9.999989999999999712e-01 -7.981549999999999478e-01 -6.024509999999999588e-01 -1.237999999999999951e-03 6.024500000000000410e-01 -7.981559999999999766e-01 1.188000000000000037e-03
1.900000000000000000e+01 5.800000000000000000e+01 3.100000000000000000e+01 0.000000000000000000e+00 1.600000000000000089e+00 1.420000000000000092e-04 5.770000000000000389e-04 1.000000000000000000e+00 -7.968399999999999928e-01 -6.041900000000000048e-01 4.620000000000000083e-04 6.041900000000000048e-01 -7.968399999999999928e-01 3.739999999999999835e-04
2.500000000000000000e+01 5.800000000000000000e+01 3.100000000000000000e+01 0.000000000000000000e+00 1.600000000000000089e+00 -1.332000000000000068e-03 -3.379999999999999758e-04 9.999989999999999712e-01 -7.972730000000000095e-01 -6.036169999999999591e-01 -1.265999999999999981e-03 6.036169999999999591e-01 -7.972740000000000382e-01 5.349999999999999938e-04
3.000000000000000000e+01 5.800000000000000000e+01 3.100000000000000000e+01 0.000000000000000000e+00 1.600000000000000089e+00 -4.955000000000000203e-03 -9.166000000000000536e-03 9.999460000000000015e-01 -7.975959999999999717e-01 -6.031170000000000142e-01 -9.480999999999999844e-03 6.031720000000000415e-01 -7.975999999999999757e-01 -4.322000000000000321e-03
2.100000000000000000e+01 3.200000000000000000e+01 3.300000000000000000e+01 0.000000000000000000e+00 1.600000000000000089e+00 2.000000000000000042e-03 1.997000000000000077e-03 9.999959999999999960e-01 -2.691890000000000116e-01 9.630859999999999976e-01 -1.384999999999999946e-03 -9.630849999999999689e-01 -2.691850000000000076e-01 2.462999999999999912e-03
4.000000000000000000e+00 4.600000000000000000e+01 3.500000000000000000e+01 0.000000000000000000e+00 1.600000000000000089e+00 -2.014999999999999864e-03 5.551999999999999644e-03 -9.999829999999999552e-01 3.911279999999999757e-01 -9.203179999999999694e-01 -5.897000000000000332e-03 -9.203339999999999854e-01 -3.911330000000000084e-01 -3.170000000000000075e-04
7.000000000000000000e+00 4.600000000000000000e+01 3.500000000000000000e+01 0.000000000000000000e+00 1.600000000000000089e+00 -6.380000000000000037e-04 1.814999999999999990e-03 -9.999980000000000535e-01 3.915370000000000239e-01 -9.201599999999999779e-01 -1.920000000000000049e-03 -9.201620000000000354e-01 -3.915379999999999971e-01 -1.230000000000000082e-04
1.400000000000000000e+01 4.600000000000000000e+01 3.500000000000000000e+01 0.000000000000000000e+00 1.600000000000000089e+00 4.169999999999999987e-04 2.639999999999999986e-03 -9.999959999999999960e-01 3.909850000000000270e-01 -9.203940000000000454e-01 -2.266999999999999918e-03 -9.203970000000000207e-01 -3.909830000000000250e-01 -1.415999999999999941e-03
2.200000000000000000e+01 4.600000000000000000e+01 3.500000000000000000e+01 0.000000000000000000e+00 1.600000000000000089e+00 9.179999999999999792e-04 -5.735999999999999779e-03 -9.999829999999999552e-01 3.901680000000000148e-01 -9.207260000000000444e-01 5.640000000000000048e-03 -9.207429999999999781e-01 -3.901660000000000128e-01 1.392999999999999924e-03
2.600000000000000000e+01 4.600000000000000000e+01 3.500000000000000000e+01 0.000000000000000000e+00 1.600000000000000089e+00 1.659999999999999963e-04 -1.216000000000000067e-03 -9.999989999999999712e-01 3.890870000000000162e-01 -9.212000000000000188e-01 1.185000000000000072e-03 -9.212010000000000476e-01 -3.890870000000000162e-01 3.209999999999999963e-04
4.000000000000000000e+00 9.500000000000000000e+01 3.600000000000000000e+01 0.000000000000000000e+00 1.600000000000000089e+00 5.389999999999999826e-03 1.716399999999999870e-02 9.998380000000000045e-01 9.964610000000000412e-01 8.377999999999999337e-02 -6.810000000000000081e-03 -8.388400000000000023e-02 9.963359999999999994e-01 -1.665200000000000014e-02
8.000000000000000000e+00 9.500000000000000000e+01 3.600000000000000000e+01 0.000000000000000000e+00 1.600000000000000089e+00 4.078000000000000028e-03 1.889599999999999960e-02 9.998129999999999518e-01 9.967240000000000544e-01 8.068699999999999484e-02 -5.590999999999999616e-03 -8.077700000000000158e-02 9.965600000000000014e-01 -1.850500000000000062e-02
1.200000000000000000e+01 9.500000000000000000e+01 3.600000000000000000e+01 0.000000000000000000e+00 1.600000000000000089e+00 -7.259999999999999743e-04 -9.353999999999999468e-03 9.999559999999999560e-01 9.972330000000000361e-01 7.432300000000000018e-02 1.420000000000000038e-03 -7.433299999999999630e-02 9.971900000000000208e-01 9.273999999999999258e-03
1.500000000000000000e+01 9.500000000000000000e+01 3.600000000000000000e+01 0.000000000000000000e+00 1.600000000000000089e+00 -3.027000000000000177e-03 -2.520100000000000118e-02 9.996779999999999555e-01 9.972739999999999938e-01 7.362900000000000000e-02 4.874999999999999993e-03 -7.372800000000000187e-02 9.969670000000000476e-01 2.490900000000000059e-02
1.800000000000000000e+01 9.500000000000000000e+01 3.600000000000000000e+01 0.000000000000000000e+00 1.600000000000000089e+00 -2.138999999999999842e-03 -1.842399999999999941e-02 9.998280000000000500e-01 9.973090000000000011e-01 7.323300000000000642e-02 3.482999999999999985e-03 -7.328500000000000292e-02 9.971449999999999481e-01 1.821700000000000055e-02
2.300000000000000000e+01 9.500000000000000000e+01 3.600000000000000000e+01 0.000000000000000000e+00 1.600000000000000089e+00 -1.273000000000000043e-03 3.967000000000000040e-03 9.999909999999999632e-01 9.970390000000000086e-01 7.688499999999999501e-02 9.640000000000000131e-04 -7.688000000000000389e-02 9.970320000000000293e-01 -4.053000000000000179e-03
2.600000000000000000e+01 9.500000000000000000e+01 3.600000000000000000e+01 0.000000000000000000e+00 1.600000000000000089e+00 -7.169999999999999724e-04 6.184000000000000261e-03 9.999810000000000088e-01 9.968240000000000434e-01 7.963199999999999446e-02 2.220000000000000022e-04 -7.962900000000000533e-02 9.968050000000000521e-01 -6.220999999999999967e-03
9.000000000000000000e+00 3.000000000000000000e+00 4.300000000000000000e+01 0.000000000000000000e+00 1.600000000000000089e+00 2.272000000000000148e-03 7.637999999999999824e-03 -9.999679999999999680e-01 7.389379999999999837e-01 -6.737649999999999473e-01 -3.467000000000000030e-03 -6.737699999999999800e-01 -7.389069999999999805e-01 -7.174999999999999954e-03
1.400000000000000000e+01 3.000000000000000000e+00 4.300000000000000000e+01 0.000000000000000000e+00 1.600000000000000089e+00 -2.732000000000000053e-03 -6.237999999999999622e-03 -9.999770000000000048e-01 7.388559999999999572e-01 -6.738589999999999858e-01 2.184999999999999876e-03 -6.738579999999999570e-01 -7.388329999999999620e-01 6.448999999999999871e-03
2.000000000000000000e+01 3.000000000000000000e+00 4.300000000000000000e+01 0.000000000000000000e+00 1.600000000000000089e+00 1.427000000000000100e-03 9.890000000000000787e-04 -9.999989999999999712e-01 7.357789999999999608e-01 -6.772219999999999906e-01 3.800000000000000209e-04 -6.772200000000000442e-01 -7.357780000000000431e-01 -1.693999999999999976e-03
1.200000000000000000e+01 8.000000000000000000e+00 4.400000000000000000e+01 0.000000000000000000e+00 1.600000000000000089e+00 -2.509999999999999753e-04 1.624000000000000010e-03 9.999989999999999712e-01 -7.875170000000000226e-01 -6.162919999999999510e-01 8.040000000000000271e-04 6.162919999999999510e-01 -7.875159999999999938e-01 1.433999999999999945e-03
2.100000000000000000e+01 8.000000000000000000e+00 4.400000000000000000e+01 0.000000000000000000e+00 1.600000000000000089e+00 -3.899999999999999929e-05 1.399999999999999986e-03 9.999989999999999712e-01 -7.837429999999999675e-01 -6.210839999999999694e-01 8.390000000000000105e-04 6.210849999999999982e-01 -7.837420000000000497e-01 1.121000000000000035e-03
2.000000000000000000e+00 2.900000000000000000e+01 4.400000000000000000e+01 0.000000000000000000e+00 1.600000000000000089e+00 6.792000000000000294e-03 3.186000000000000030e-03 -9.999719999999999720e-01 6.602289999999999548e-01 7.510329999999999506e-01 6.878000000000000433e-03 7.510339999999999794e-01 -6.602569999999999828e-01 2.997999999999999797e-03
6.000000000000000000e+00 2.900000000000000000e+01 4.400000000000000000e+01 0.000000000000000000e+00 1.600000000000000089e+00 4.189000000000000015e-03 3.319999999999999926e-04 -9.999909999999999632e-01 6.709319999999999729e-01 7.415129999999999777e-01 3.056999999999999822e-03 7.415070000000000272e-01 -6.709389999999999521e-01 2.883999999999999845e-03
1.100000000000000000e+01 2.900000000000000000e+01 4.400000000000000000e+01 0.000000000000000000e+00 1.600000000000000089e+00 1.118000000000000070e-03 -2.425000000000000072e-03 -9.999959999999999960e-01 6.768309999999999604e-01 7.361379999999999590e-01 -1.028000000000000051e-03 7.361370000000000413e-01 -6.768279999999999852e-01 2.464000000000000044e-03
1.500000000000000000e+01 2.900000000000000000e+01 4.400000000000000000e+01 0.000000000000000000e+00 1.600000000000000089e+00 -3.611000000000000060e-03 -2.919999999999999853e-03 -9.999890000000000168e-01 6.773209999999999509e-01 7.356740000000000501e-01 -4.593999999999999993e-03 7.356789999999999718e-01 -6.773299999999999876e-01 -6.790000000000000245e-04
2.600000000000000000e+01 2.900000000000000000e+01 4.400000000000000000e+01 0.000000000000000000e+00 1.600000000000000089e+00 -1.541000000000000052e-03 1.311000000000000099e-03 -9.999980000000000535e-01 6.551670000000000549e-01 7.554840000000000444e-01 -2.000000000000000164e-05 7.554830000000000156e-01 -6.551660000000000261e-01 -2.023000000000000059e-03
1.900000000000000000e+01 7.000000000000000000e+01 4.700000000000000000e+01 0.000000000000000000e+00 1.600000000000000089e+00 -4.859999999999999954e-04 -3.849999999999999798e-04 -1.000000000000000000e+00 -8.423040000000000527e-01 -5.390030000000000099e-01 6.170000000000000354e-04 -5.390030000000000099e-01 8.423040000000000527e-01 -6.200000000000000270e-05
2.000000000000000000e+01 6.000000000000000000e+00 5.100000000000000000e+01 0.000000000000000000e+00 1.600000000000000089e+00 -1.466000000000000072e-03 -2.269999999999999882e-04 -9.999989999999999712e-01 3.236020000000000008e-01 -9.461929999999999508e-01 -2.599999999999999772e-04 -9.461920000000000330e-01 -3.236020000000000008e-01 1.461000000000000059e-03
1.500000000000000000e+01 1.150000000000000000e+02 5.100000000000000000e+01 0.000000000000000000e+00 1.600000000000000089e+00 -1.814999999999999990e-03 -4.884999999999999586e-03 9.999860000000000415e-01 8.440900000000000070e-01 -5.362000000000000099e-01 -1.087000000000000076e-03 5.361979999999999524e-01 8.440769999999999662e-01 5.095999999999999835e-03
2.000000000000000000e+00 7.000000000000000000e+00 5.200000000000000000e+01 0.000000000000000000e+00 1.600000000000000089e+00 -1.513999999999999938e-03 -1.799000000000000035e-03 -9.999970000000000248e-01 8.458400000000000640e-02 -9.964150000000000507e-01 1.663999999999999898e-03 -9.964150000000000507e-01 -8.458100000000000340e-02 1.660999999999999933e-03
2.300000000000000000e+01 7.000000000000000000e+00 5.200000000000000000e+01 0.000000000000000000e+00 1.600000000000000089e+00 3.559000000000000098e-03 -2.511999999999999910e-03 -9.999909999999999632e-01 8.889800000000000479e-02 -9.960369999999999502e-01 2.818000000000000192e-03 -9.960339999999999749e-01 -8.890699999999999992e-02 -3.321000000000000167e-03
6.000000000000000000e+00 6.300000000000000000e+01 5.400000000000000000e+01 0.000000000000000000e+00 1.600000000000000089e+00 -1.337999999999999997e-03 -3.770000000000000022e-04 9.999989999999999712e-01 -3.556110000000000104e-01 9.346339999999999648e-01 -1.230000000000000082e-04 -9.346330000000000471e-01 -3.556110000000000104e-01 -1.384000000000000031e-03
1.300000000000000000e+01 6.300000000000000000e+01 5.400000000000000000e+01 0.000000000000000000e+00 1.600000000000000089e+00 1.745999999999999939e-03 -1.477999999999999930e-03 9.999970000000000248e-01 -3.503299999999999748e-01 9.366240000000000121e-01 1.995999999999999944e-03 -9.366250000000000409e-01 -3.503319999999999768e-01 1.116999999999999937e-03
2.000000000000000000e+01 6.300000000000000000e+01 5.400000000000000000e+01 0.000000000000000000e+00 1.600000000000000089e+00 -6.980000000000000527e-04 -1.000000000000000048e-04 1.000000000000000000e+00 -3.534530000000000172e-01 9.354519999999999502e-01 -1.540000000000000028e-04 -9.354519999999999502e-01 -3.534530000000000172e-01 -6.890000000000000508e-04
2.600000000000000000e+01 6.300000000000000000e+01 5.400000000000000000e+01 0.000000000000000000e+00 1.600000000000000089e+00 4.420000000000000101e-04 4.003999999999999747e-03 9.999919999999999920e-01 -3.570969999999999978e-01 9.340600000000000014e-01 -3.582000000000000114e-03 -9.340669999999999806e-01 -3.570929999999999938e-01 1.842000000000000104e-03
2.900000000000000000e+01 6.300000000000000000e+01 5.400000000000000000e+01 0.000000000000000000e+00 1.600000000000000089e+00 -8.739999999999999939e-04 3.838999999999999965e-03 9.999919999999999920e-01 -3.574840000000000240e-01 9.339110000000000467e-01 -3.897999999999999989e-03 -9.339190000000000547e-01 -3.574849999999999972e-01 5.559999999999999621e-04
4.000000000000000000e+00 2.500000000000000000e+01 5.500000000000000000e+01 0.000000000000000000e+00 1.600000000000000089e+00 -5.599999999999999509e-04 -4.521999999999999978e-03 -9.999900000000000455e-01 -1.037100000000000001e-02 -9.999360000000000470e-01 4.527999999999999907e-03 -9.999460000000000015e-01 1.037399999999999954e-02 5.130000000000000011e-04
1.100000000000000000e+01 2.500000000000000000e+01 5.500000000000000000e+01 0.000000000000000000e+00 1.600000000000000089e+00 1.649999999999999991e-04 2.488000000000000194e-03 -9.999970000000000248e-01 -1.083699999999999941e-02 -9.999379999999999935e-01 -2.490000000000000026e-03 -9.999409999999999688e-01 1.083699999999999941e-02 -1.389999999999999905e-04
1.500000000000000000e+01 2.500000000000000000e+01 5.500000000000000000e+01 0.000000000000000000e+00 1.600000000000000089e+00 4.970000000000000459e-04 1.495000000000000018e-03 -9.999989999999999712e-01 -1.126599999999999997e-02 -9.999350000000000183e-01 -1.500000000000000031e-03 -9.999360000000000470e-01 1.126699999999999924e-02 -4.800000000000000122e-04
2.000000000000000000e+01 2.500000000000000000e+01 5.500000000000000000e+01 0.000000000000000000e+00 1.600000000000000089e+00 -4.510000000000000120e-04 -1.525000000000000097e-03 -9.999989999999999712e-01 -1.206499999999999934e-02 -9.999259999999999815e-01 1.529999999999999893e-03 -9.999270000000000103e-01 1.206499999999999934e-02 4.319999999999999838e-04
2.400000000000000000e+01 2.500000000000000000e+01 5.500000000000000000e+01 0.000000000000000000e+00 1.600000000000000089e+00 1.472000000000000001e-03 -2.229999999999999994e-04 -9.999989999999999712e-01 -1.240600000000000036e-02 -9.999230000000000063e-01 2.049999999999999956e-04 -9.999219999999999775e-01 1.240600000000000036e-02 -1.474999999999999966e-03
5.000000000000000000e+00 5.800000000000000000e+01 5.900000000000000000e+01 0.000000000000000000e+00 1.600000000000000089e+00 -2.559000000000000077e-03 -6.353000000000000140e-03 -9.999770000000000048e-01 3.817849999999999855e-01 9.242259999999999920e-01 -6.849000000000000053e-03 9.242479999999999585e-01 -3.817929999999999935e-01 6.000000000000000152e-05
8.000000000000000000e+00 6.000000000000000000e+00 6.100000000000000000e+01 0.000000000000000000e+00 1.600000000000000089e+00 3.910000000000000172e-04 1.033899999999999923e-02 9.999460000000000015e-01 5.623200000000000420e-01 -8.268780000000000019e-01 8.330000000000000598e-03 8.269199999999999884e-01 5.622869999999999813e-01 -6.137000000000000094e-03
2.000000000000000000e+00 2.700000000000000000e+01 6.300000000000000000e+01 0.000000000000000000e+00 1.600000000000000089e+00 -5.609999999999999752e-04 -4.892999999999999780e-03 9.999879999999999880e-01 -2.841409999999999769e-01 9.587719999999999576e-01 4.531999999999999570e-03 -9.587820000000000231e-01 -2.841350000000000264e-01 -1.928999999999999942e-03
9.000000000000000000e+00 2.700000000000000000e+01 6.300000000000000000e+01 0.000000000000000000e+00 1.600000000000000089e+00 4.189999999999999931e-04 -1.882999999999999908e-03 9.999980000000000535e-01 -2.816290000000000182e-01 9.595209999999999573e-01 1.925000000000000062e-03 -9.595230000000000148e-01 -2.816290000000000182e-01 -1.279999999999999942e-04
1.300000000000000000e+01 2.700000000000000000e+01 6.300000000000000000e+01 0.000000000000000000e+00 1.600000000000000089e+00 2.877999999999999916e-03 3.611000000000000060e-03 9.999890000000000168e-01 -2.835289999999999755e-01 9.589600000000000346e-01 -2.647000000000000047e-03 -9.589590000000000058e-01 -2.835179999999999922e-01 3.784000000000000037e-03
1.700000000000000000e+01 2.700000000000000000e+01 6.300000000000000000e+01 0.000000000000000000e+00 1.600000000000000089e+00 2.079000000000000119e-03 2.446999999999999956e-03 9.999949999999999672e-01 -2.846110000000000029e-01 9.586409999999999654e-01 -1.753999999999999917e-03 -9.586409999999999654e-01 -2.846060000000000256e-01 2.690000000000000117e-03
2.500000000000000000e+01 2.700000000000000000e+01 6.300000000000000000e+01 0.000000000000000000e+00 1.600000000000000089e+00 1.902999999999999961e-03 -5.550000000000000462e-04 9.999980000000000535e-01 -2.876130000000000075e-01 9.577459999999999862e-01 1.079000000000000098e-03 -9.577449999999999575e-01 -2.876139999999999808e-01 1.662999999999999982e-03
2.900000000000000000e+01 2.700000000000000000e+01 6.300000000000000000e+01 0.000000000000000000e+00 1.600000000000000089e+00 2.700000000000000035e-04 7.378000000000000010e-03 9.999730000000000008e-01 -2.912379999999999969e-01 9.566249999999999476e-01 -6.980000000000000093e-03 -9.566510000000000291e-01 -2.912279999999999869e-01 2.406999999999999851e-03
1.000000000000000000e+00 2.600000000000000000e+01 6.400000000000000000e+01 0.000000000000000000e+00 1.600000000000000089e+00 -5.109999999999999525e-04 -3.765999999999999816e-03 9.999930000000000208e-01 -3.688690000000000024e-01 9.294750000000000512e-01 3.311999999999999840e-03 -9.294810000000000016e-01 -3.688649999999999984e-01 -1.864999999999999904e-03
9.000000000000000000e+00 2.600000000000000000e+01 6.400000000000000000e+01 0.000000000000000000e+00 1.600000000000000089e+00 9.060000000000000128e-04 -2.876999999999999783e-03 9.999949999999999672e-01 -3.668980000000000019e-01 9.302559999999999718e-01 3.008999999999999956e-03 -9.302610000000000046e-01 -3.668989999999999752e-01 -2.130000000000000003e-04
1.200000000000000000e+01 2.600000000000000000e+01 6.400000000000000000e+01 0.000000000000000000e+00 1.600000000000000089e+00 2.801000000000000104e-03 3.164000000000000146e-03 9.999909999999999632e-01 -3.679450000000000220e-01 9.298459999999999503e-01 -1.910999999999999938e-03 -9.298429999999999751e-01 -3.679359999999999853e-01 3.769000000000000215e-03
1.700000000000000000e+01 2.600000000000000000e+01 6.400000000000000000e+01 0.000000000000000000e+00 1.600000000000000089e+00 2.347000000000000128e-03 1.991999999999999847e-03 9.999949999999999672e-01 -3.689350000000000129e-01 9.294550000000000312e-01 -9.859999999999998974e-04 -9.294519999999999449e-01 -3.689310000000000089e-01 2.916999999999999888e-03
2.500000000000000000e+01 2.600000000000000000e+01 6.400000000000000000e+01 0.000000000000000000e+00 1.600000000000000089e+00 3.823000000000000009e-03 1.312000000000000015e-03 9.999919999999999920e-01 -3.707779999999999965e-01 9.287210000000000187e-01 1.990000000000000124e-04 -9.287140000000000395e-01 -3.707759999999999945e-01 4.036999999999999790e-03
2.900000000000000000e+01 2.600000000000000000e+01 6.400000000000000000e+01 0.000000000000000000e+00 1.600000000000000089e+00 4.200000000000000174e-04 8.474999999999999895e-03 9.999639999999999640e-01 -3.722340000000000093e-01 9.281070000000000153e-01 -7.709999999999999840e-03 -9.281390000000000473e-01 -3.722179999999999933e-01 3.544999999999999974e-03
1.100000000000000000e+01 6.900000000000000000e+01 6.600000000000000000e+01 0.000000000000000000e+00 1.600000000000000089e+00 3.785000000000000170e-03 -1.819000000000000087e-03 9.999909999999999632e-01 -9.501129999999999853e-01 3.118779999999999886e-01 4.164000000000000166e-03 -3.118819999999999926e-01 -9.501209999999999933e-01 -5.479999999999999845e-04
5.000000000000000000e+00 2.500000000000000000e+01 7.300000000000000000e+01 0.000000000000000000e+00 1.600000000000000089e+00 1.789999999999999870e-04 4.161999999999999901e-03 9.999909999999999632e-01 7.545110000000000428e-01 -6.562820000000000320e-01 2.595999999999999783e-03 6.562869999999999537e-01 7.545039999999999525e-01 -3.258000000000000045e-03
1.000000000000000000e+01 2.500000000000000000e+01 7.300000000000000000e+01 0.000000000000000000e+00 1.600000000000000089e+00 2.999999999999999737e-04 1.131000000000000061e-03 9.999989999999999712e-01 7.523499999999999632e-01 -6.587629999999999875e-01 5.190000000000000386e-04 6.587640000000000162e-01 7.523490000000000455e-01 -1.049000000000000019e-03
1.600000000000000000e+01 2.500000000000000000e+01 7.300000000000000000e+01 0.000000000000000000e+00 1.600000000000000089e+00 3.060000000000000111e-04 -1.688999999999999963e-03 9.999989999999999712e-01 7.501959999999999740e-01 -6.612139999999999684e-01 -1.345999999999999974e-03 6.612160000000000259e-01 7.501949999999999452e-01 1.064000000000000059e-03
2.000000000000000000e+01 2.500000000000000000e+01 7.300000000000000000e+01 0.000000000000000000e+00 1.600000000000000089e+00 -3.883000000000000167e-03 -2.592000000000000120e-03 9.999890000000000168e-01 7.518960000000000088e-01 -6.592799999999999772e-01 1.211000000000000054e-03 6.592700000000000227e-01 7.518930000000000335e-01 4.508999999999999987e-03
2.000000000000000000e+00 4.400000000000000000e+01 7.300000000000000000e+01 0.000000000000000000e+00 1.600000000000000089e+00 8.829999999999999958e-04 4.989999999999999644e-03 9.999869999999999592e-01 5.127999999999999919e-02 -9.986720000000000041e-01 4.937999999999999681e-03 9.986840000000000162e-01 5.127500000000000113e-02 -1.136999999999999990e-03
5.000000000000000000e+00 4.400000000000000000e+01 7.300000000000000000e+01 0.000000000000000000e+00 1.600000000000000089e+00 1.018000000000000025e-03 2.338999999999999933e-03 9.999970000000000248e-01 5.190499999999999975e-02 -9.986490000000000089e-01 2.282999999999999873e-03 9.986519999999999841e-01 5.190299999999999775e-02 -1.137999999999999906e-03
9.000000000000000000e+00 4.400000000000000000e+01 7.300000000000000000e+01 0.000000000000000000e+00 1.600000000000000089e+00 3.690000000000000246e-04 -7.399999999999999623e-05 1.000000000000000000e+00 5.151399999999999729e-02 -9.986720000000000041e-01 -9.299999999999999727e-05 9.986720000000000041e-01 5.151399999999999729e-02 -3.649999999999999816e-04
1.300000000000000000e+01 4.400000000000000000e+01 7.300000000000000000e+01 0.000000000000000000e+00 1.600000000000000089e+00 1.312000000000000015e-03 7.590000000000000175e-04 9.999989999999999712e-01 5.329400000000000109e-02 -9.985789999999999944e-01 6.880000000000000265e-04 9.985779999999999657e-01 5.329300000000000009e-02 -1.350999999999999987e-03
1.900000000000000000e+01 4.400000000000000000e+01 7.300000000000000000e+01 0.000000000000000000e+00 1.600000000000000089e+00 1.103000000000000031e-03 4.284999999999999747e-03 9.999900000000000455e-01 5.510999999999999927e-02 -9.984709999999999974e-01 4.218000000000000395e-03 9.984800000000000342e-01 5.510500000000000120e-02 -1.337000000000000081e-03
2.600000000000000000e+01 4.400000000000000000e+01 7.300000000000000000e+01 0.000000000000000000e+00 1.600000000000000089e+00 9.380000000000000317e-04 3.131999999999999802e-03 9.999949999999999672e-01 5.548299999999999760e-02 -9.984549999999999814e-01 3.075000000000000042e-03 9.984589999999999854e-01 5.548000000000000154e-02 -1.110000000000000092e-03
