1.200000000000000000e+01 1.500000000000000000e+01 4.000000000000000000e+00 0.000000000000000000e+00 1.600000000000000089e+00 3.072000000000000078e-03 7.577999999999999667e-03 9.999670000000000503e-01 2.688570000000000126e-01 -9.631579999999999586e-01 6.472999999999999587e-03 9.631750000000000034e-01 2.688280000000000114e-01 -4.995999999999999573e-03
1.600000000000000000e+01 1.500000000000000000e+01 4.000000000000000000e+00 0.000000000000000000e+00 1.600000000000000089e+00 -1.717999999999999909e-03 6.641000000000000202e-03 9.999759999999999760e-01 2.723369999999999957e-01 -9.621769999999999490e-01 6.858000000000000380e-03 9.622000000000000552e-01 2.723430000000000017e-01 -1.559999999999999972e-04
1.000000000000000000e+01 1.600000000000000000e+01 4.000000000000000000e+00 0.000000000000000000e+00 1.600000000000000089e+00 2.962999999999999922e-03 -6.930000000000000396e-04 9.999949999999999672e-01 3.294650000000000079e-01 -9.441659999999999497e-01 -1.629999999999999939e-03 9.441629999999999745e-01 3.294679999999999831e-01 -2.569000000000000103e-03
2.700000000000000000e+01 1.600000000000000000e+01 4.000000000000000000e+00 0.000000000000000000e+00 1.600000000000000089e+00 7.825000000000000358e-03 -1.257100000000000058e-02 9.998899999999999455e-01 3.424220000000000041e-01 -9.394350000000000200e-01 -1.449100000000000041e-02 9.395139999999999603e-01 3.424980000000000246e-01 -3.046999999999999795e-03
6.000000000000000000e+00 1.010000000000000000e+02 7.000000000000000000e+00 0.000000000000000000e+00 1.600000000000000089e+00 -3.399999999999999973e-05 2.269999999999999882e-04 1.000000000000000000e+00 8.846469999999999612e-01 4.662620000000000098e-01 -7.499999999999999343e-05 -4.662620000000000098e-01 8.846469999999999612e-01 -2.169999999999999891e-04
9.000000000000000000e+00 1.010000000000000000e+02 7.000000000000000000e+00 0.000000000000000000e+00 1.600000000000000089e+00 9.250000000000000409e-04 2.484000000000000097e-03 9.999959999999999960e-01 8.844840000000000479e-01 4.665670000000000095e-01 -1.977000000000000025e-03 -4.665699999999999847e-01 8.844830000000000192e-01 -1.765000000000000076e-03
2.500000000000000000e+01 1.010000000000000000e+02 7.000000000000000000e+00 0.000000000000000000e+00 1.600000000000000089e+00 1.044000000000000006e-03 3.449999999999999833e-04 9.999989999999999712e-01 8.836749999999999883e-01 4.681009999999999893e-01 -1.083999999999999894e-03 -4.681009999999999893e-01 8.836749999999999883e-01 1.840000000000000001e-04
3.000000000000000000e+00 1.500000000000000000e+01 8.000000000000000000e+00 0.000000000000000000e+00 1.600000000000000089e+00 -6.237999999999999622e-03 -2.106699999999999892e-02 -9.997589999999999533e-01 -5.758219999999999450e-01 -8.173099999999999810e-01 2.081500000000000017e-02 -8.175510000000000277e-01 5.758130000000000193e-01 -7.033000000000000189e-03
8.000000000000000000e+00 1.500000000000000000e+01 8.000000000000000000e+00 0.000000000000000000e+00 1.600000000000000089e+00 -2.818000000000000192e-03 -5.479000000000000363e-03 -9.999810000000000088e-01 -5.790520000000000111e-01 -8.152679999999999927e-01 6.099000000000000254e-03 -8.152859999999999552e-01 5.790589999999999904e-01 -8.750000000000000182e-04
1.200000000000000000e+01 1.500000000000000000e+01 8.000000000000000000e+00 0.000000000000000000e+00 1.600000000000000089e+00 -3.669999999999999760e-04 6.924999999999999732e-03 -9.999759999999999760e-01 -5.799490000000000478e-01 -8.146349999999999980e-01 -5.427999999999999665e-03 -8.146529999999999605e-01 5.799330000000000318e-01 4.315000000000000259e-03
1.500000000000000000e+01 1.500000000000000000e+01 8.000000000000000000e+00 0.000000000000000000e+00 1.600000000000000089e+00 1.494000000000000102e-03 6.056999999999999884e-03 -9.999810000000000088e-01 -5.793509999999999494e-01 -8.150570000000000315e-01 -5.801999999999999866e-03 -8.150770000000000515e-01 5.793490000000000029e-01 2.291000000000000068e-03
1.900000000000000000e+01 1.500000000000000000e+01 8.000000000000000000e+00 0.000000000000000000e+00 1.600000000000000089e+00 9.740000000000000394e-04 -4.961000000000000132e-03 -9.999869999999999592e-01 -5.776780000000000248e-01 -8.162570000000000103e-01 3.487000000000000082e-03 -8.162639999999999896e-01 5.776679999999999593e-01 -3.661000000000000192e-03
2.200000000000000000e+01 1.500000000000000000e+01 8.000000000000000000e+00 0.000000000000000000e+00 1.600000000000000089e+00 -2.981000000000000143e-03 -9.985000000000000819e-03 -9.999460000000000015e-01 -5.779680000000000373e-01 -8.159999999999999476e-01 9.870999999999999566e-03 -8.160539999999999461e-01 5.779659999999999798e-01 -3.338999999999999954e-03
2.700000000000000000e+01 1.500000000000000000e+01 8.000000000000000000e+00 0.000000000000000000e+00 1.600000000000000089e+00 -8.533999999999999919e-03 -1.409299999999999962e-02 -9.998639999999999750e-01 -5.824110000000000120e-01 -8.127280000000000060e-01 1.642700000000000063e-02 -8.128490000000000437e-01 5.824730000000000185e-01 -1.271999999999999910e-03
3.000000000000000000e+00 2.600000000000000000e+01 8.000000000000000000e+00 0.000000000000000000e+00 1.600000000000000089e+00 6.355000000000000406e-03 2.262700000000000128e-02 -9.997239999999999460e-01 4.121349999999999736e-01 9.108260000000000245e-01 2.323499999999999871e-02 9.111010000000000497e-01 -4.121690000000000076e-01 -3.537000000000000213e-03
1.100000000000000000e+01 2.600000000000000000e+01 8.000000000000000000e+00 0.000000000000000000e+00 1.600000000000000089e+00 7.119999999999999593e-04 -1.443999999999999971e-03 -9.999989999999999712e-01 4.094769999999999799e-01 9.123200000000000198e-01 -1.026000000000000002e-03 9.123200000000000198e-01 -4.094760000000000066e-01 1.240000000000000000e-03
1.900000000000000000e+01 2.600000000000000000e+01 8.000000000000000000e+00 0.000000000000000000e+00 1.600000000000000089e+00 5.180000000000000143e-04 6.310000000000000504e-04 -1.000000000000000000e+00 4.106110000000000038e-01 9.118100000000000094e-01 7.879999999999999635e-04 9.118100000000000094e-01 -4.106119999999999770e-01 2.139999999999999975e-04
2.600000000000000000e+01 2.600000000000000000e+01 8.000000000000000000e+00 0.000000000000000000e+00 1.600000000000000089e+00 5.943000000000000366e-03 1.110399999999999929e-02 -9.999209999999999487e-01 4.084869999999999890e-01 9.126779999999999893e-01 1.256299999999999951e-02 9.127450000000000285e-01 -4.085289999999999755e-01 8.880000000000000089e-04
4.000000000000000000e+00 2.400000000000000000e+01 9.000000000000000000e+00 0.000000000000000000e+00 1.600000000000000089e+00 7.053000000000000241e-03 2.372499999999999956e-02 -9.996939999999999715e-01 4.664079999999999893e-01 8.842360000000000220e-01 2.427500000000000144e-02 8.845420000000000504e-01 -4.664369999999999905e-01 -4.828999999999999959e-03
8.000000000000000000e+00 2.400000000000000000e+01 9.000000000000000000e+00 0.000000000000000000e+00 1.600000000000000089e+00 4.538999999999999632e-03 1.330300000000000059e-02 -9.999010000000000398e-01 4.636430000000000273e-01 8.859129999999999505e-01 1.389100000000000057e-02 8.860099999999999643e-01 -4.636600000000000166e-01 -2.147000000000000037e-03
1.600000000000000000e+01 2.400000000000000000e+01 9.000000000000000000e+00 0.000000000000000000e+00 1.600000000000000089e+00 -5.150000000000000498e-04 -3.681999999999999943e-03 -9.999930000000000208e-01 4.623920000000000252e-01 8.866690000000000405e-01 -3.503000000000000037e-03 8.866749999999999909e-01 -4.623909999999999965e-01 1.245999999999999929e-03
1.900000000000000000e+01 2.400000000000000000e+01 9.000000000000000000e+00 0.000000000000000000e+00 1.600000000000000089e+00 5.140000000000000254e-04 2.003000000000000006e-03 -9.999980000000000535e-01 4.626720000000000277e-01 8.865269999999999539e-01 2.013000000000000032e-03 8.865290000000000115e-01 -4.626720000000000277e-01 -4.710000000000000102e-04
2.500000000000000000e+01 2.400000000000000000e+01 9.000000000000000000e+00 0.000000000000000000e+00 1.600000000000000089e+00 5.632999999999999986e-03 9.197000000000000314e-03 -9.999419999999999975e-01 4.598619999999999930e-01 8.879249999999999643e-01 1.075699999999999920e-02 8.879719999999999835e-01 -4.598960000000000270e-01 7.720000000000000083e-04
1.900000000000000000e+01 1.040000000000000000e+02 1.100000000000000000e+01 0.000000000000000000e+00 1.600000000000000089e+00 2.719999999999999979e-04 -3.995000000000000287e-03 9.999919999999999920e-01 -9.725530000000000008e-01 -2.326799999999999979e-01 -6.650000000000000095e-04 2.326809999999999989e-01 -9.725449999999999928e-01 -3.949000000000000253e-03
2.700000000000000000e+01 1.040000000000000000e+02 1.100000000000000000e+01 0.000000000000000000e+00 1.600000000000000089e+00 -2.729000000000000089e-03 3.857000000000000185e-03 9.999890000000000168e-01 -9.732750000000000012e-01 -2.296360000000000068e-01 -1.770000000000000089e-03 2.296269999999999978e-01 -9.732690000000000508e-01 4.381000000000000345e-03
2.000000000000000000e+00 3.100000000000000000e+01 1.200000000000000000e+01 0.000000000000000000e+00 1.600000000000000089e+00 1.259999999999999998e-04 1.632999999999999903e-03 9.999989999999999712e-01 -1.033799999999999997e-02 9.999449999999999728e-01 -1.631999999999999987e-03 -9.999470000000000303e-01 -1.033799999999999997e-02 1.430000000000000064e-04
6.000000000000000000e+00 3.100000000000000000e+01 1.200000000000000000e+01 0.000000000000000000e+00 1.600000000000000089e+00 -5.419999999999999471e-04 5.226999999999999875e-03 9.999860000000000415e-01 -9.357000000000000733e-03 9.999430000000000263e-01 -5.231999999999999672e-03 -9.999559999999999560e-01 -9.358999999999999264e-03 -4.929999999999999487e-04
1.200000000000000000e+01 3.100000000000000000e+01 1.200000000000000000e+01 0.000000000000000000e+00 1.600000000000000089e+00 -2.970000000000000092e-04 8.130000000000000291e-04 1.000000000000000000e+00 -5.667000000000000162e-03 9.999839999999999840e-01 -8.149999999999999693e-04 -9.999839999999999840e-01 -5.667000000000000162e-03 -2.919999999999999961e-04
1.600000000000000000e+01 3.100000000000000000e+01 1.200000000000000000e+01 0.000000000000000000e+00 1.600000000000000089e+00 1.910000000000000077e-04 2.657000000000000074e-03 9.999959999999999960e-01 -9.089999999999999773e-04 9.999959999999999960e-01 -2.657000000000000074e-03 -1.000000000000000000e+00 -9.079999999999999530e-04 1.939999999999999993e-04
2.300000000000000000e+01 3.100000000000000000e+01 1.200000000000000000e+01 0.000000000000000000e+00 1.600000000000000089e+00 -8.379999999999999862e-04 5.022999999999999687e-03 9.999869999999999592e-01 4.576000000000000206e-03 9.999770000000000048e-01 -5.019000000000000024e-03 -9.999890000000000168e-01 4.571000000000000410e-03 -8.610000000000000032e-04
6.000000000000000000e+00 1.200000000000000000e+01 1.500000000000000000e+01 0.000000000000000000e+00 1.600000000000000089e+00 -1.920999999999999965e-03 -4.196000000000000077e-03 -9.999890000000000168e-01 -4.730710000000000193e-01 -8.810120000000000173e-01 4.605999999999999851e-03 -8.810219999999999718e-01 4.730739999999999945e-01 -2.930000000000000204e-04
1.100000000000000000e+01 1.200000000000000000e+01 1.500000000000000000e+01 0.000000000000000000e+00 1.600000000000000089e+00 -8.210000000000000067e-04 3.105999999999999820e-03 -9.999949999999999672e-01 -4.745139999999999914e-01 -8.802450000000000552e-01 -2.344000000000000163e-03 -8.802470000000000017e-01 4.745099999999999874e-01 2.197000000000000168e-03
1.700000000000000000e+01 1.200000000000000000e+01 1.500000000000000000e+01 0.000000000000000000e+00 1.600000000000000089e+00 1.289999999999999914e-03 4.091000000000000018e-03 -9.999909999999999632e-01 -4.739229999999999832e-01 -8.805560000000000054e-01 -4.212999999999999731e-03 -8.805650000000000421e-01 4.739240000000000119e-01 8.019999999999999785e-04
2.200000000000000000e+01 1.200000000000000000e+01 1.500000000000000000e+01 0.000000000000000000e+00 1.600000000000000089e+00 -2.230000000000000211e-03 -3.239000000000000126e-03 -9.999919999999999920e-01 -4.713430000000000120e-01 -8.819409999999999750e-01 3.908000000000000015e-03 -8.819470000000000365e-01 4.713479999999999892e-01 4.389999999999999914e-04
2.600000000000000000e+01 1.200000000000000000e+01 1.500000000000000000e+01 0.000000000000000000e+00 1.600000000000000089e+00 -6.210000000000000242e-03 -2.053000000000000137e-03 -9.999789999999999512e-01 -4.684470000000000023e-01 -8.834790000000000143e-01 4.721999999999999635e-03 -8.834699999999999775e-01 4.684659999999999935e-01 4.524000000000000243e-03
2.000000000000000000e+00 2.000000000000000000e+00 1.900000000000000000e+01 0.000000000000000000e+00 1.600000000000000089e+00 3.467000000000000030e-03 -1.629799999999999999e-02 -9.998609999999999998e-01 1.612870000000000137e-01 -9.867669999999999497e-01 1.664399999999999907e-02 -9.869010000000000282e-01 -1.613219999999999932e-01 -7.919999999999999523e-04
5.000000000000000000e+00 2.000000000000000000e+00 1.900000000000000000e+01 0.000000000000000000e+00 1.600000000000000089e+00 3.284000000000000027e-03 -5.210000000000000221e-03 -9.999810000000000088e-01 1.636299999999999977e-01 -9.865059999999999940e-01 5.676999999999999755e-03 -9.865159999999999485e-01 -1.636450000000000127e-01 -2.386999999999999799e-03
1.000000000000000000e+01 2.000000000000000000e+00 1.900000000000000000e+01 0.000000000000000000e+00 1.600000000000000089e+00 -5.280000000000000405e-04 9.412000000000000227e-03 -9.999559999999999560e-01 1.663310000000000066e-01 -9.860250000000000403e-01 -9.367999999999999591e-03 -9.860700000000000021e-01 -1.663290000000000046e-01 -1.044999999999999922e-03
1.400000000000000000e+01 2.000000000000000000e+00 1.900000000000000000e+01 0.000000000000000000e+00 1.600000000000000089e+00 1.373000000000000088e-03 4.936000000000000283e-03 -9.999869999999999592e-01 1.657480000000000064e-01 -9.861569999999999503e-01 -4.640000000000000027e-03 -9.861670000000000158e-01 -1.657399999999999984e-01 -2.171999999999999886e-03
1.700000000000000000e+01 2.000000000000000000e+00 1.900000000000000000e+01 0.000000000000000000e+00 1.600000000000000089e+00 2.575000000000000032e-03 -7.039999999999999817e-04 -9.999959999999999960e-01 1.648439999999999905e-01 -9.863189999999999458e-01 1.118999999999999986e-03 -9.863159999999999705e-01 -1.648459999999999925e-01 -2.423999999999999939e-03
1.900000000000000000e+01 2.000000000000000000e+00 1.900000000000000000e+01 0.000000000000000000e+00 1.600000000000000089e+00 1.195000000000000099e-03 -1.041999999999999958e-03 -9.999989999999999712e-01 1.652470000000000050e-01 -9.862509999999999888e-01 1.224999999999999960e-03 -9.862509999999999888e-01 -1.652490000000000070e-01 -1.005999999999999950e-03
2.300000000000000000e+01 2.000000000000000000e+00 1.900000000000000000e+01 0.000000000000000000e+00 1.600000000000000089e+00 -1.866000000000000037e-03 -3.586999999999999911e-03 -9.999919999999999920e-01 1.695149999999999990e-01 -9.855220000000000091e-01 3.219000000000000073e-03 -9.855260000000000131e-01 -1.695079999999999920e-01 2.446999999999999956e-03
2.800000000000000000e+01 2.000000000000000000e+00 1.900000000000000000e+01 0.000000000000000000e+00 1.600000000000000089e+00 1.991999999999999847e-03 -1.290499999999999980e-02 -9.999149999999999983e-01 1.713560000000000083e-01 -9.851229999999999709e-01 1.305500000000000063e-02 -9.852070000000000549e-01 -1.713679999999999926e-01 2.489999999999999809e-04
5.000000000000000000e+00 4.000000000000000000e+00 2.000000000000000000e+01 0.000000000000000000e+00 1.600000000000000089e+00 4.521999999999999978e-03 -5.533999999999999857e-03 -9.999740000000000295e-01 2.552719999999999989e-01 -9.668470000000000120e-01 6.505000000000000365e-03 -9.668590000000000240e-01 -2.552949999999999942e-01 -2.958999999999999825e-03
1.300000000000000000e+01 4.000000000000000000e+00 2.000000000000000000e+01 0.000000000000000000e+00 1.600000000000000089e+00 1.859999999999999945e-04 5.648000000000000242e-03 -9.999839999999999840e-01 2.552780000000000049e-01 -9.668520000000000447e-01 -5.414000000000000409e-03 -9.668679999999999497e-01 -2.552730000000000277e-01 -1.621999999999999961e-03
1.800000000000000000e+01 4.000000000000000000e+00 2.000000000000000000e+01 0.000000000000000000e+00 1.600000000000000089e+00 2.625000000000000163e-03 1.887999999999999921e-03 -9.999949999999999672e-01 2.567590000000000150e-01 -9.664749999999999730e-01 -1.149999999999999981e-03 -9.664719999999999978e-01 -2.567550000000000110e-01 -3.021999999999999947e-03
2.500000000000000000e+01 4.000000000000000000e+00 2.000000000000000000e+01 0.000000000000000000e+00 1.600000000000000089e+00 1.154999999999999994e-03 -9.549999999999999462e-03 -9.999540000000000095e-01 2.667979999999999796e-01 -9.637059999999999516e-01 9.511999999999999622e-03 -9.637520000000000531e-01 -2.667970000000000064e-01 1.433999999999999945e-03
5.000000000000000000e+00 1.300000000000000000e+01 2.000000000000000000e+01 0.000000000000000000e+00 1.600000000000000089e+00 -6.139999999999999625e-04 9.979999999999999722e-04 9.999989999999999712e-01 2.555959999999999899e-01 9.667829999999999480e-01 -8.080000000000000160e-04 -9.667839999999999767e-01 2.555950000000000166e-01 -8.490000000000000368e-04
8.000000000000000000e+00 1.300000000000000000e+01 2.000000000000000000e+01 0.000000000000000000e+00 1.600000000000000089e+00 -1.170999999999999949e-03 -5.749999999999999903e-04 9.999989999999999712e-01 2.569279999999999897e-01 9.664300000000000113e-01 8.559999999999999901e-04 -9.664300000000000113e-01 2.569290000000000185e-01 -9.840000000000000656e-04
1.600000000000000000e+01 1.300000000000000000e+01 2.000000000000000000e+01 0.000000000000000000e+00 1.600000000000000089e+00 3.020000000000000223e-04 7.630000000000000063e-04 1.000000000000000000e+00 2.559339999999999948e-01 9.666940000000000532e-01 -8.149999999999999693e-04 -9.666940000000000532e-01 2.559339999999999948e-01 9.600000000000000243e-05
2.400000000000000000e+01 1.300000000000000000e+01 2.000000000000000000e+01 0.000000000000000000e+00 1.600000000000000089e+00 -5.199999999999999680e-05 8.706999999999999462e-03 9.999620000000000175e-01 2.589319999999999955e-01 9.658590000000000231e-01 -8.396000000000000685e-03 -9.658949999999999481e-01 2.589219999999999855e-01 -2.305000000000000191e-03
3.000000000000000000e+01 1.300000000000000000e+01 2.000000000000000000e+01 0.000000000000000000e+00 1.600000000000000089e+00 1.196999999999999930e-03 2.143400000000000166e-02 9.997700000000000475e-01 2.595350000000000157e-01 9.655049999999999466e-01 -2.101000000000000090e-02 -9.657329999999999526e-01 2.595000000000000084e-01 -4.407000000000000327e-03
1.000000000000000000e+01 1.600000000000000000e+01 2.100000000000000000e+01 0.000000000000000000e+00 1.600000000000000089e+00 -1.838000000000000007e-03 -6.239999999999999887e-04 9.999980000000000535e-01 2.997980000000000089e-01 9.540020000000000167e-01 1.146000000000000100e-03 -9.540009999999999879e-01 2.997989999999999822e-01 -1.565999999999999901e-03
1.600000000000000000e+01 1.600000000000000000e+01 2.100000000000000000e+01 0.000000000000000000e+00 1.600000000000000089e+00 -1.150000000000000035e-04 2.338999999999999933e-03 9.999970000000000248e-01 2.976170000000000204e-01 9.546829999999999483e-01 -2.199000000000000000e-03 -9.546850000000000058e-01 2.976159999999999917e-01 -8.059999999999999673e-04
2.500000000000000000e+01 1.600000000000000000e+01 2.100000000000000000e+01 0.000000000000000000e+00 1.600000000000000089e+00 5.259999999999999919e-04 1.042099999999999971e-02 9.999460000000000015e-01 2.979519999999999946e-01 9.545270000000000143e-01 -1.010400000000000013e-02 -9.545810000000000128e-01 2.979419999999999846e-01 -2.602999999999999845e-03
1.000000000000000000e+00 4.600000000000000000e+01 2.700000000000000000e+01 0.000000000000000000e+00 1.600000000000000089e+00 1.515999999999999986e-03 4.380000000000000213e-04 -9.999989999999999712e-01 6.830460000000000420e-01 7.303739999999999677e-01 1.355000000000000085e-03 7.303739999999999677e-01 -6.830469999999999597e-01 8.080000000000000160e-04
2.800000000000000000e+01 4.600000000000000000e+01 2.700000000000000000e+01 0.000000000000000000e+00 1.600000000000000089e+00 5.124000000000000082e-03 2.520000000000000104e-03 -9.999839999999999840e-01 6.766940000000000177e-01 7.362459999999999560e-01 5.322000000000000342e-03 7.362469999999999848e-01 -6.767100000000000337e-01 2.066999999999999827e-03
4.000000000000000000e+00 4.600000000000000000e+01 3.000000000000000000e+01 0.000000000000000000e+00 1.600000000000000089e+00 -7.720000000000000083e-04 -3.049999999999999868e-04 -1.000000000000000000e+00 3.333849999999999869e-01 9.427910000000000457e-01 -5.450000000000000200e-04 9.427900000000000169e-01 -3.333849999999999869e-01 -6.260000000000000373e-04
3.000000000000000000e+00 5.800000000000000000e+01 3.100000000000000000e+01 0.000000000000000000e+00 1.600000000000000089e+00 -8.660000000000000163e-04 7.640000000000000306e-04 9.999989999999999712e-01 -7.834569999999999590e-01 -6.214460000000000539e-01 -2.039999999999999984e-04 6.214450000000000252e-01 -7.834569999999999590e-01 1.136000000000000074e-03
8.000000000000000000e+00 5.800000000000000000e+01 3.100000000000000000e+01 0.000000000000000000e+00 1.600000000000000089e+00 -2.406000000000000152e-03 -2.367000000000000180e-03 9.999940000000000495e-01 -7.875039999999999818e-01 -6.162999999999999590e-01 -3.354000000000000210e-03 6.163039999999999630e-01 -7.875079999999999858e-01 -3.809999999999999910e-04
1.400000000000000000e+01 5.800000000000000000e+01 3.100000000000000000e+01 0.000000000000000000e+00 1.600000000000000089e+00 -2.358999999999999986e-03 2.220000000000000022e-04 9.999970000000000248e-01 -7.919340000000000268e-01 -6.106040000000000356e-01 -1.732999999999999948e-03 6.106019999999999781e-01 -7.919359999999999733e-01 1.616000000000000032e-03
1.800000000000000000e+01 5.800000000000000000e+01 3.100000000000000000e+01 0.000000000000000000e+00 1.600000000000000089e+00 2.079999999999999872e-04 -2.177000000000000116e-03 9.999980000000000535e-01 -7.926729999999999610e-01 -6.096460000000000212e-01 -1.162000000000000055e-03 6.096470000000000500e-01 -7.926710000000000145e-01 -1.851999999999999914e-03
2.200000000000000000e+01 5.800000000000000000e+01 3.100000000000000000e+01 0.000000000000000000e+00 1.600000000000000089e+00 -6.170000000000000354e-04 2.137000000000000011e-03 9.999980000000000535e-01 -7.961650000000000116e-01 -6.050780000000000047e-01 8.019999999999999785e-04 6.050790000000000335e-01 -7.961629999999999541e-01 2.075000000000000022e-03
2.600000000000000000e+01 5.800000000000000000e+01 3.100000000000000000e+01 0.000000000000000000e+00 1.600000000000000089e+00 6.099999999999999872e-05 1.067999999999999939e-03 9.999989999999999712e-01 -7.975569999999999604e-01 -6.032440000000000024e-01 6.930000000000000396e-04 6.032440000000000024e-01 -7.975560000000000427e-01 8.149999999999999693e-04
2.000000000000000000e+01 6.000000000000000000e+00 3.200000000000000000e+01 0.000000000000000000e+00 1.600000000000000089e+00 1.722000000000000006e-03 5.634000000000000119e-03 -9.999829999999999552e-01 1.816309999999999869e-01 9.833490000000000286e-01 5.852999999999999696e-03 9.833650000000000446e-01 -1.816379999999999939e-01 6.700000000000000226e-04
2.500000000000000000e+01 6.000000000000000000e+00 3.200000000000000000e+01 0.000000000000000000e+00 1.600000000000000089e+00 1.248999999999999893e-03 -1.394000000000000057e-03 -9.999980000000000535e-01 1.713850000000000096e-01 9.852030000000000509e-01 -1.159000000000000091e-03 9.852030000000000509e-01 -1.713840000000000086e-01 1.469000000000000037e-03
1.300000000000000000e+01 2.200000000000000000e+01 3.400000000000000000e+01 0.000000000000000000e+00 1.600000000000000089e+00 1.093999999999999920e-03 1.868000000000000086e-03 9.999980000000000535e-01 3.794699999999999740e-01 -9.252029999999999976e-01 1.312999999999999931e-03 9.252029999999999976e-01 3.794680000000000275e-01 -1.722000000000000006e-03
1.300000000000000000e+01 4.300000000000000000e+01 3.400000000000000000e+01 0.000000000000000000e+00 1.600000000000000089e+00 1.175000000000000046e-03 -3.082000000000000104e-03 -9.999949999999999672e-01 -3.319520000000000248e-01 9.432909999999999906e-01 -3.297000000000000017e-03 9.432960000000000234e-01 3.319540000000000268e-01 8.500000000000000611e-05
4.000000000000000000e+00 4.600000000000000000e+01 3.500000000000000000e+01 0.000000000000000000e+00 1.600000000000000089e+00 1.099999999999999971e-05 2.550000000000000183e-04 -1.000000000000000000e+00 3.869790000000000174e-01 -9.220890000000000475e-01 -2.310000000000000042e-04 -9.220890000000000475e-01 -3.869790000000000174e-01 -1.090000000000000067e-04
9.000000000000000000e+00 4.600000000000000000e+01 3.500000000000000000e+01 0.000000000000000000e+00 1.600000000000000089e+00 4.169999999999999987e-04 1.793000000000000106e-03 -9.999980000000000535e-01 3.875899999999999901e-01 -9.218300000000000383e-01 -1.490999999999999921e-03 -9.218319999999999848e-01 -3.875890000000000168e-01 -1.079000000000000098e-03
1.500000000000000000e+01 4.600000000000000000e+01 3.500000000000000000e+01 0.000000000000000000e+00 1.600000000000000089e+00 -1.208000000000000089e-03 -1.649999999999999991e-04 -9.999989999999999712e-01 3.889380000000000059e-01 -9.212639999999999718e-01 -3.179999999999999776e-04 -9.212630000000000541e-01 -3.889380000000000059e-01 1.178000000000000011e-03
1.900000000000000000e+01 4.600000000000000000e+01 3.500000000000000000e+01 0.000000000000000000e+00 1.600000000000000089e+00 1.139000000000000038e-03 -3.399000000000000112e-03 -9.999940000000000495e-01 3.883610000000000118e-01 -9.214999999999999858e-01 3.575000000000000053e-03 -9.215069999999999650e-01 -3.883619999999999850e-01 2.709999999999999735e-04
2.300000000000000000e+01 4.600000000000000000e+01 3.500000000000000000e+01 0.000000000000000000e+00 1.600000000000000089e+00 -3.020000000000000223e-04 -1.529999999999999893e-03 -9.999989999999999712e-01 3.880830000000000113e-01 -9.216229999999999700e-01 1.293000000000000095e-03 -9.216239999999999988e-01 -3.880819999999999825e-01 8.720000000000000537e-04
2.600000000000000000e+01 4.600000000000000000e+01 3.500000000000000000e+01 0.000000000000000000e+00 1.600000000000000089e+00 -7.829999999999999504e-04 -3.366000000000000068e-03 -9.999940000000000495e-01 3.878159999999999941e-01 -9.217319999999999958e-01 2.798999999999999839e-03 -9.217359999999999998e-01 -3.878119999999999901e-01 2.027000000000000156e-03
7.000000000000000000e+00 9.500000000000000000e+01 3.600000000000000000e+01 0.000000000000000000e+00 1.600000000000000089e+00 -2.199000000000000000e-03 1.863000000000000073e-03 9.999959999999999960e-01 9.964169999999999972e-01 8.455200000000000216e-02 2.033999999999999784e-03 -8.454799999999999816e-02 9.964169999999999972e-01 -2.043000000000000111e-03
1.100000000000000000e+01 9.500000000000000000e+01 3.600000000000000000e+01 0.000000000000000000e+00 1.600000000000000089e+00 -8.798000000000000265e-03 -1.718899999999999942e-02 9.998139999999999805e-01 9.967190000000000216e-01 8.030700000000000338e-02 1.015100000000000030e-02 -8.046599999999999586e-02 9.966220000000000079e-01 1.642599999999999963e-02
2.000000000000000000e+01 9.500000000000000000e+01 3.600000000000000000e+01 0.000000000000000000e+00 1.600000000000000089e+00 4.375999999999999682e-03 -1.428100000000000029e-02 9.998879999999999990e-01 9.967719999999999914e-01 8.022200000000000164e-02 -3.216000000000000109e-03 -8.016700000000000215e-02 9.966749999999999776e-01 1.458600000000000001e-02
2.800000000000000000e+01 9.500000000000000000e+01 3.600000000000000000e+01 0.000000000000000000e+00 1.600000000000000089e+00 3.079999999999999839e-03 7.241000000000000041e-03 9.999689999999999968e-01 9.966030000000000166e-01 8.226999999999999591e-02 -3.664999999999999855e-03 -8.229400000000000603e-02 9.965840000000000254e-01 -6.962999999999999572e-03
1.000000000000000000e+00 2.900000000000000000e+01 4.400000000000000000e+01 0.000000000000000000e+00 1.600000000000000089e+00 3.139999999999999888e-04 4.114999999999999734e-03 -9.999909999999999632e-01 6.780549999999999633e-01 7.350039999999999907e-01 3.236999999999999860e-03 7.350109999999999699e-01 -6.780500000000000416e-01 -2.560000000000000209e-03
7.000000000000000000e+00 2.900000000000000000e+01 4.400000000000000000e+01 0.000000000000000000e+00 1.600000000000000089e+00 -2.409999999999999816e-03 2.229999999999999994e-04 -9.999970000000000248e-01 6.811310000000000420e-01 7.321600000000000330e-01 -1.477999999999999930e-03 7.321579999999999755e-01 -6.811319999999999597e-01 -1.915999999999999951e-03
1.100000000000000000e+01 2.900000000000000000e+01 4.400000000000000000e+01 0.000000000000000000e+00 1.600000000000000089e+00 -6.710000000000000469e-04 2.462999999999999912e-03 -9.999970000000000248e-01 6.794440000000000479e-01 7.337259999999999893e-01 1.350999999999999987e-03 7.337270000000000181e-01 -6.794409999999999616e-01 -2.165999999999999957e-03
1.500000000000000000e+01 2.900000000000000000e+01 4.400000000000000000e+01 0.000000000000000000e+00 1.600000000000000089e+00 1.245000000000000013e-03 2.893999999999999871e-03 -9.999949999999999672e-01 6.739929999999999533e-01 7.387320000000000553e-01 2.978000000000000178e-03 7.387369999999999770e-01 -6.739939999999999820e-01 -1.031000000000000015e-03
1.900000000000000000e+01 2.900000000000000000e+01 4.400000000000000000e+01 0.000000000000000000e+00 1.600000000000000089e+00 -8.639999999999999677e-04 9.590000000000000000e-04 -9.999989999999999712e-01 6.757849999999999691e-01 7.370980000000000310e-01 1.230000000000000082e-04 7.370980000000000310e-01 -6.757849999999999691e-01 -1.283999999999999985e-03
2.200000000000000000e+01 2.900000000000000000e+01 4.400000000000000000e+01 0.000000000000000000e+00 1.600000000000000089e+00 -1.690000000000000096e-03 7.249999999999999500e-04 -9.999980000000000535e-01 6.840720000000000134e-01 7.294140000000000068e-01 -6.269999999999999532e-04 7.294119999999999493e-01 -6.840720000000000134e-01 -1.729000000000000068e-03
2.600000000000000000e+01 2.900000000000000000e+01 4.400000000000000000e+01 0.000000000000000000e+00 1.600000000000000089e+00 -3.800000000000000209e-05 -3.959999999999999978e-03 -9.999919999999999920e-01 6.874179999999999735e-01 7.262570000000000414e-01 -2.902000000000000066e-03 7.262619999999999632e-01 -6.874120000000000230e-01 2.694000000000000214e-03
2.200000000000000000e+01 6.500000000000000000e+01 4.600000000000000000e+01 0.000000000000000000e+00 1.600000000000000089e+00 2.249999999999999938e-04 -1.245999999999999929e-03 9.999989999999999712e-01 6.825160000000000116e-01 -7.308700000000000196e-01 -1.064000000000000059e-03 7.308700000000000196e-01 6.825160000000000116e-01 6.859999999999999779e-04
2.800000000000000000e+01 6.500000000000000000e+01 4.600000000000000000e+01 0.000000000000000000e+00 1.600000000000000089e+00 -2.000000000000000096e-04 1.160000000000000007e-03 9.999989999999999712e-01 6.815149999999999819e-01 -7.318040000000000100e-01 9.859999999999998974e-04 7.318040000000000100e-01 6.815139999999999532e-01 -6.440000000000000412e-04
1.600000000000000000e+01 7.000000000000000000e+01 4.700000000000000000e+01 0.000000000000000000e+00 1.600000000000000089e+00 -3.959999999999999762e-04 8.200000000000000095e-05 -1.000000000000000000e+00 -8.375230000000000175e-01 -5.464010000000000256e-01 2.869999999999999830e-04 -5.464010000000000256e-01 8.375240000000000462e-01 2.849999999999999886e-04
3.000000000000000000e+01 7.000000000000000000e+01 4.700000000000000000e+01 0.000000000000000000e+00 1.600000000000000089e+00 -2.300000000000000002e-05 3.872000000000000008e-03 -9.999930000000000208e-01 -8.395519999999999650e-01 -5.432749999999999524e-01 -2.083999999999999915e-03 -5.432789999999999564e-01 8.395460000000000145e-01 3.263999999999999974e-03
9.000000000000000000e+00 5.000000000000000000e+00 5.100000000000000000e+01 0.000000000000000000e+00 1.600000000000000089e+00 1.791000000000000057e-03 2.044999999999999943e-03 -9.999959999999999960e-01 4.893919999999999937e-01 -8.720630000000000326e-01 -9.070000000000000371e-04 -8.720620000000000038e-01 -4.893890000000000184e-01 -2.563000000000000174e-03
1.800000000000000000e+01 5.000000000000000000e+00 5.100000000000000000e+01 0.000000000000000000e+00 1.600000000000000089e+00 -1.172999999999999998e-03 2.069000000000000093e-03 -9.999970000000000248e-01 4.798609999999999820e-01 -8.773410000000000375e-01 -2.377999999999999906e-03 -8.773440000000000127e-01 -4.798629999999999840e-01 3.600000000000000091e-05
2.100000000000000000e+01 5.000000000000000000e+00 5.100000000000000000e+01 0.000000000000000000e+00 1.600000000000000089e+00 1.144000000000000052e-03 -9.680000000000000019e-04 -9.999989999999999712e-01 4.818000000000000060e-01 -8.762799999999999478e-01 1.399999999999999986e-03 -8.762799999999999478e-01 -4.818009999999999793e-01 -5.360000000000000181e-04
2.800000000000000000e+01 5.000000000000000000e+00 5.100000000000000000e+01 0.000000000000000000e+00 1.600000000000000089e+00 -3.495999999999999976e-03 7.206999999999999865e-03 -9.999679999999999680e-01 4.860249999999999848e-01 -8.739080000000000181e-01 -7.997999999999999901e-03 -8.739379999999999926e-01 -4.860369999999999968e-01 -4.470000000000000232e-04
1.800000000000000000e+01 7.000000000000000000e+00 5.200000000000000000e+01 0.000000000000000000e+00 1.600000000000000089e+00 -1.484000000000000076e-03 2.409000000000000117e-03 -9.999959999999999960e-01 7.095700000000000618e-02 -9.974760000000000293e-01 -2.507999999999999813e-03 -9.974779999999999758e-01 -7.096099999999999630e-02 1.309999999999999967e-03
4.000000000000000000e+00 6.300000000000000000e+01 5.400000000000000000e+01 0.000000000000000000e+00 1.600000000000000089e+00 1.567999999999999949e-03 -7.360000000000000006e-04 9.999989999999999712e-01 -3.449380000000000224e-01 9.386250000000000426e-01 1.231000000000000106e-03 -9.386240000000000139e-01 -3.449389999999999956e-01 1.217999999999999899e-03
8.000000000000000000e+00 6.300000000000000000e+01 5.400000000000000000e+01 0.000000000000000000e+00 1.600000000000000089e+00 -2.873000000000000120e-03 -8.200000000000000095e-05 9.999959999999999960e-01 -3.451069999999999971e-01 9.385630000000000361e-01 -9.139999999999999904e-04 -9.385590000000000321e-01 -3.451080000000000259e-01 -2.724999999999999992e-03
1.400000000000000000e+01 6.300000000000000000e+01 5.400000000000000000e+01 0.000000000000000000e+00 1.600000000000000089e+00 9.139999999999999904e-04 1.985999999999999918e-03 9.999980000000000535e-01 -3.502279999999999838e-01 9.366630000000000233e-01 -1.539999999999999919e-03 -9.366640000000000521e-01 -3.502259999999999818e-01 1.551999999999999994e-03
1.700000000000000000e+01 6.300000000000000000e+01 5.400000000000000000e+01 0.000000000000000000e+00 1.600000000000000089e+00 -1.559000000000000056e-03 1.699999999999999987e-05 9.999989999999999712e-01 -3.504419999999999757e-01 9.365839999999999721e-01 -5.619999999999999996e-04 -9.365830000000000544e-01 -3.504430000000000045e-01 -1.453999999999999997e-03
2.200000000000000000e+01 6.300000000000000000e+01 5.400000000000000000e+01 0.000000000000000000e+00 1.600000000000000089e+00 4.519999999999999821e-04 -3.330000000000000169e-04 1.000000000000000000e+00 -3.510920000000000152e-01 9.363409999999999789e-01 4.710000000000000102e-04 -9.363409999999999789e-01 -3.510920000000000152e-01 3.060000000000000111e-04
2.600000000000000000e+01 6.300000000000000000e+01 5.400000000000000000e+01 0.000000000000000000e+00 1.600000000000000089e+00 1.550000000000000000e-04 5.450000000000000200e-04 1.000000000000000000e+00 -3.506870000000000265e-01 9.364930000000000199e-01 -4.560000000000000251e-04 -9.364930000000000199e-01 -3.506870000000000265e-01 3.359999999999999814e-04
7.000000000000000000e+00 2.500000000000000000e+01 5.500000000000000000e+01 0.000000000000000000e+00 1.600000000000000089e+00 6.499999999999999431e-05 -4.870000000000000197e-04 -1.000000000000000000e+00 -9.960999999999999369e-03 -9.999500000000000055e-01 4.859999999999999954e-04 -9.999500000000000055e-01 9.960999999999999369e-03 -6.999999999999999387e-05
9.000000000000000000e+00 2.500000000000000000e+01 5.500000000000000000e+01 0.000000000000000000e+00 1.600000000000000089e+00 2.680000000000000090e-04 -3.300000000000000253e-05 -1.000000000000000000e+00 -1.028199999999999947e-02 -9.999470000000000303e-01 3.000000000000000076e-05 -9.999470000000000303e-01 1.028199999999999947e-02 -2.680000000000000090e-04
2.200000000000000000e+01 2.500000000000000000e+01 5.500000000000000000e+01 0.000000000000000000e+00 1.600000000000000089e+00 -1.489999999999999897e-04 5.730999999999999983e-03 -9.999839999999999840e-01 -1.229899999999999917e-02 -9.999080000000000190e-01 -5.728999999999999718e-03 -9.999240000000000350e-01 1.229799999999999990e-02 2.190000000000000106e-04
2.600000000000000000e+01 6.800000000000000000e+01 5.700000000000000000e+01 0.000000000000000000e+00 1.600000000000000089e+00 6.319999999999999663e-04 -1.626000000000000058e-03 -9.999980000000000535e-01 -2.447000000000000008e-01 -9.695979999999999599e-01 1.422000000000000087e-03 -9.695989999999999887e-01 2.446979999999999988e-01 -1.010999999999999963e-03
2.000000000000000000e+00 2.100000000000000000e+01 6.000000000000000000e+01 0.000000000000000000e+00 1.600000000000000089e+00 1.539000000000000003e-03 6.035000000000000434e-03 9.999810000000000088e-01 -9.525699999999999446e-02 9.954349999999999588e-01 -5.860999999999999890e-03 -9.954520000000000035e-01 -9.524599999999999733e-02 2.106999999999999932e-03
7.000000000000000000e+00 2.100000000000000000e+01 6.000000000000000000e+01 0.000000000000000000e+00 1.600000000000000089e+00 3.170000000000000075e-04 -3.959999999999999978e-03 9.999919999999999920e-01 -9.684399999999999953e-02 9.952919999999999545e-01 3.971999999999999836e-03 -9.952999999999999625e-01 -9.684399999999999953e-02 -6.799999999999999946e-05
2.500000000000000000e+01 2.100000000000000000e+01 6.000000000000000000e+01 0.000000000000000000e+00 1.600000000000000089e+00 -4.820000000000000066e-04 9.972999999999999227e-03 9.999500000000000055e-01 -9.519700000000000384e-02 9.954079999999999595e-01 -9.974000000000000227e-03 -9.954579999999999540e-01 -9.519700000000000384e-02 4.699999999999999859e-04
1.300000000000000000e+01 3.000000000000000000e+00 6.300000000000000000e+01 0.000000000000000000e+00 1.600000000000000089e+00 1.162999999999999971e-03 -6.257999999999999674e-03 9.999799999999999800e-01 -6.158329999999999638e-01 7.878560000000000008e-01 5.647000000000000110e-03 -7.878760000000000208e-01 -6.158270000000000133e-01 -2.938000000000000073e-03
2.000000000000000000e+01 3.000000000000000000e+00 6.300000000000000000e+01 0.000000000000000000e+00 1.600000000000000089e+00 1.363999999999999978e-03 -1.201000000000000028e-03 9.999980000000000535e-01 -6.142379999999999507e-01 7.891190000000000149e-01 1.784999999999999911e-03 -7.891200000000000436e-01 -6.142400000000000082e-01 3.379999999999999758e-04
2.600000000000000000e+01 3.000000000000000000e+00 6.300000000000000000e+01 0.000000000000000000e+00 1.600000000000000089e+00 -6.589999999999999721e-04 -1.709000000000000016e-03 9.999980000000000535e-01 -6.132880000000000553e-01 7.898589999999999778e-01 9.460000000000000093e-04 -7.898589999999999778e-01 -6.132859999999999978e-01 -1.569000000000000082e-03
5.000000000000000000e+00 2.700000000000000000e+01 6.300000000000000000e+01 0.000000000000000000e+00 1.600000000000000089e+00 -1.206999999999999957e-03 -2.631000000000000092e-03 9.999959999999999960e-01 -2.732840000000000269e-01 9.619309999999999805e-01 2.200999999999999832e-03 -9.619330000000000380e-01 -2.732800000000000229e-01 -1.879999999999999944e-03
1.000000000000000000e+01 2.700000000000000000e+01 6.300000000000000000e+01 0.000000000000000000e+00 1.600000000000000089e+00 -4.060000000000000024e-04 -5.420999999999999604e-03 9.999850000000000128e-01 -2.776299999999999879e-01 9.606740000000000279e-01 5.094999999999999703e-03 -9.606879999999999864e-01 -2.776239999999999819e-01 -1.894999999999999983e-03
