2.000000000000000000e+00 1.500000000000000000e+01 4.000000000000000000e+00 0.000000000000000000e+00 1.600000000000000089e+00 2.426000000000000205e-03 2.696000000000000046e-03 9.999940000000000495e-01 2.926520000000000232e-01 -9.562169999999999837e-01 1.868000000000000086e-03 9.562159999999999549e-01 2.926449999999999885e-01 -3.108000000000000086e-03
1.100000000000000000e+01 1.500000000000000000e+01 4.000000000000000000e+00 0.000000000000000000e+00 1.600000000000000089e+00 1.459999999999999926e-03 -9.117999999999999369e-03 9.999569999999999848e-01 2.998890000000000167e-01 -9.539299999999999446e-01 -9.136000000000000024e-03 9.539729999999999599e-01 2.998899999999999899e-01 1.340999999999999961e-03
1.600000000000000000e+01 1.500000000000000000e+01 4.000000000000000000e+00 0.000000000000000000e+00 1.600000000000000089e+00 -1.423999999999999919e-03 -1.652500000000000149e-02 9.998620000000000285e-01 2.913799999999999724e-01 -9.564840000000000009e-01 -1.539300000000000043e-02 9.566059999999999564e-01 2.913180000000000214e-01 6.177000000000000199e-03
2.000000000000000000e+01 1.500000000000000000e+01 4.000000000000000000e+00 0.000000000000000000e+00 1.600000000000000089e+00 -2.246999999999999865e-03 -1.603399999999999964e-02 9.998690000000000078e-01 2.817219999999999724e-01 -9.593829999999999858e-01 -1.475100000000000022e-02 9.594930000000000403e-01 2.816520000000000135e-01 6.673000000000000112e-03
2.900000000000000000e+01 1.500000000000000000e+01 4.000000000000000000e+00 0.000000000000000000e+00 1.600000000000000089e+00 2.690999999999999816e-03 -3.762000000000000153e-03 9.999890000000000168e-01 2.804980000000000251e-01 -9.598449999999999482e-01 -4.364999999999999956e-03 9.598510000000000097e-01 2.805070000000000063e-01 -1.526999999999999929e-03
3.000000000000000000e+00 1.600000000000000000e+01 4.000000000000000000e+00 0.000000000000000000e+00 1.600000000000000089e+00 3.765999999999999816e-03 6.212999999999999773e-03 9.999740000000000295e-01 3.585300000000000153e-01 -9.335069999999999757e-01 4.448999999999999830e-03 9.335099999999999509e-01 3.585039999999999893e-01 -5.742999999999999841e-03
7.000000000000000000e+00 1.010000000000000000e+02 7.000000000000000000e+00 0.000000000000000000e+00 1.600000000000000089e+00 -4.459000000000000290e-03 -1.919999999999999832e-02 9.998059999999999725e-01 8.858289999999999775e-01 4.638329999999999953e-01 1.285799999999999964e-02 -4.639900000000000135e-01 8.857150000000000301e-01 1.493899999999999915e-02
1.600000000000000000e+01 1.010000000000000000e+02 7.000000000000000000e+00 0.000000000000000000e+00 1.600000000000000089e+00 1.379999999999999933e-03 1.835600000000000079e-02 9.998310000000000253e-01 8.856190000000000451e-01 4.643090000000000273e-01 -9.747000000000000455e-03 -4.644099999999999895e-01 8.854830000000000201e-01 -1.561500000000000041e-02
2.900000000000000000e+01 1.010000000000000000e+02 7.000000000000000000e+00 0.000000000000000000e+00 1.600000000000000089e+00 -5.529999999999999976e-04 -1.352300000000000030e-02 9.999080000000000190e-01 8.852919999999999678e-01 4.649849999999999817e-01 6.778000000000000171e-03 -4.650340000000000029e-01 8.852149999999999741e-01 1.171499999999999972e-02
3.000000000000000000e+00 1.500000000000000000e+01 8.000000000000000000e+00 0.000000000000000000e+00 1.600000000000000089e+00 -3.490000000000000047e-03 3.049999999999999868e-04 -9.999940000000000495e-01 -5.832119999999999527e-01 -8.123179999999999845e-01 1.788000000000000093e-03 -8.123120000000000340e-01 5.832150000000000389e-01 3.013000000000000053e-03
7.000000000000000000e+00 1.500000000000000000e+01 8.000000000000000000e+00 0.000000000000000000e+00 1.600000000000000089e+00 -3.622999999999999918e-03 2.115999999999999825e-03 -9.999909999999999632e-01 -5.839440000000000186e-01 -8.117940000000000156e-01 3.980000000000000248e-04 -8.117860000000000076e-01 5.839410000000000434e-01 4.177000000000000157e-03
1.800000000000000000e+01 1.500000000000000000e+01 8.000000000000000000e+00 0.000000000000000000e+00 1.600000000000000089e+00 -2.098000000000000038e-03 -1.167100000000000082e-02 -9.999299999999999855e-01 -5.875609999999999999e-01 -8.091089999999999671e-01 1.067700000000000073e-02 -8.091770000000000351e-01 5.875420000000000087e-01 -5.159999999999999656e-03
2.700000000000000000e+01 1.500000000000000000e+01 8.000000000000000000e+00 0.000000000000000000e+00 1.600000000000000089e+00 -3.989000000000000358e-03 -8.571000000000000493e-03 -9.999550000000000383e-01 -5.898039999999999949e-01 -8.074930000000000163e-01 9.275000000000000258e-03 -8.075369999999999493e-01 5.898149999999999782e-01 -1.833999999999999910e-03
3.000000000000000000e+00 2.600000000000000000e+01 8.000000000000000000e+00 0.000000000000000000e+00 1.600000000000000089e+00 1.863999999999999988e-03 6.721000000000000411e-03 -9.999759999999999760e-01 4.067330000000000112e-01 9.135210000000000274e-01 6.897999999999999618e-03 9.135450000000000514e-01 -4.067359999999999864e-01 -1.030000000000000100e-03
1.000000000000000000e+01 2.600000000000000000e+01 8.000000000000000000e+00 0.000000000000000000e+00 1.600000000000000089e+00 1.572999999999999962e-03 4.910999999999999567e-03 -9.999869999999999592e-01 4.059360000000000190e-01 9.138870000000000049e-01 5.126000000000000348e-03 9.139000000000000457e-01 -4.059389999999999943e-01 -5.559999999999999621e-04
2.300000000000000000e+01 2.600000000000000000e+01 8.000000000000000000e+00 0.000000000000000000e+00 1.600000000000000089e+00 3.651999999999999864e-03 9.298999999999999974e-03 -9.999500000000000055e-01 4.022390000000000132e-01 9.154799999999999605e-01 9.981999999999999554e-03 9.155269999999999797e-01 -4.022560000000000024e-01 -3.970000000000000005e-04
2.000000000000000000e+00 2.400000000000000000e+01 9.000000000000000000e+00 0.000000000000000000e+00 1.600000000000000089e+00 1.534999999999999906e-03 1.104499999999999926e-02 -9.999379999999999935e-01 4.621009999999999840e-01 8.867650000000000254e-01 1.050399999999999945e-02 8.868260000000000032e-01 -4.620890000000000275e-01 -3.742999999999999799e-03
5.000000000000000000e+00 2.400000000000000000e+01 9.000000000000000000e+00 0.000000000000000000e+00 1.600000000000000089e+00 2.063999999999999863e-03 8.000000000000000167e-03 -9.999660000000000215e-01 4.624570000000000070e-01 8.866049999999999764e-01 8.047999999999999599e-03 8.866389999999999549e-01 -4.624579999999999802e-01 -1.869999999999999917e-03
1.100000000000000000e+01 2.400000000000000000e+01 9.000000000000000000e+00 0.000000000000000000e+00 1.600000000000000089e+00 1.691000000000000012e-03 3.076999999999999874e-03 -9.999940000000000495e-01 4.619210000000000260e-01 8.869139999999999802e-01 3.510000000000000099e-03 8.869190000000000129e-01 -4.619240000000000013e-01 7.799999999999999859e-05
2.000000000000000000e+01 2.400000000000000000e+01 9.000000000000000000e+00 0.000000000000000000e+00 1.600000000000000089e+00 2.413000000000000214e-03 3.860000000000000150e-03 -9.999900000000000455e-01 4.598920000000000230e-01 8.879629999999999468e-01 4.537000000000000234e-03 8.879719999999999835e-01 -4.598979999999999735e-01 3.669999999999999760e-04
2.700000000000000000e+01 2.400000000000000000e+01 9.000000000000000000e+00 0.000000000000000000e+00 1.600000000000000089e+00 2.906000000000000163e-03 3.768000000000000082e-03 -9.999890000000000168e-01 4.592100000000000071e-01 8.883149999999999658e-01 4.682000000000000398e-03 8.883229999999999738e-01 -4.592180000000000151e-01 8.509999999999999769e-04
8.000000000000000000e+00 4.000000000000000000e+00 1.100000000000000000e+01 0.000000000000000000e+00 1.600000000000000089e+00 1.142000000000000003e-03 2.099499999999999977e-02 -9.997789999999999733e-01 2.247109999999999941e-01 9.742049999999999876e-01 2.071500000000000077e-02 9.744249999999999856e-01 -2.246849999999999958e-01 -3.605000000000000131e-03
1.200000000000000000e+01 4.000000000000000000e+00 1.100000000000000000e+01 0.000000000000000000e+00 1.600000000000000089e+00 1.015999999999999976e-03 6.858999999999999646e-03 -9.999759999999999760e-01 2.214800000000000102e-01 9.751410000000000355e-01 6.914000000000000007e-03 9.751640000000000308e-01 -2.214810000000000112e-01 -5.289999999999999564e-04
1.500000000000000000e+01 4.000000000000000000e+00 1.100000000000000000e+01 0.000000000000000000e+00 1.600000000000000089e+00 3.820000000000000153e-04 -1.407000000000000048e-03 -9.999989999999999712e-01 2.196200000000000097e-01 9.755850000000000355e-01 -1.288999999999999998e-03 9.755850000000000355e-01 -2.196190000000000087e-01 6.819999999999999890e-04
1.400000000000000000e+01 3.100000000000000000e+01 1.200000000000000000e+01 0.000000000000000000e+00 1.600000000000000089e+00 -8.980000000000000352e-04 9.039999999999999642e-04 9.999989999999999712e-01 -2.052700000000000011e-02 9.997890000000000388e-01 -9.219999999999999680e-04 -9.997890000000000388e-01 -2.052800000000000111e-02 -8.790000000000000070e-04
2.400000000000000000e+01 3.100000000000000000e+01 1.200000000000000000e+01 0.000000000000000000e+00 1.600000000000000089e+00 -1.569000000000000082e-03 1.495000000000000018e-03 9.999980000000000535e-01 -2.465699999999999836e-02 9.996950000000000003e-01 -1.533000000000000074e-03 -9.996950000000000003e-01 -2.466000000000000136e-02 -1.531000000000000026e-03
2.900000000000000000e+01 3.100000000000000000e+01 1.200000000000000000e+01 0.000000000000000000e+00 1.600000000000000089e+00 1.289999999999999914e-04 1.737000000000000046e-03 9.999980000000000535e-01 -2.323300000000000018e-02 9.997289999999999788e-01 -1.732999999999999948e-03 -9.997300000000000075e-01 -2.323300000000000018e-02 1.700000000000000122e-04
1.000000000000000000e+01 3.200000000000000000e+01 1.400000000000000000e+01 0.000000000000000000e+00 1.600000000000000089e+00 -1.183000000000000024e-03 1.002000000000000069e-03 -9.999989999999999712e-01 1.106749999999999956e-01 9.938559999999999617e-01 8.649999999999999920e-04 9.938559999999999617e-01 -1.106739999999999946e-01 -1.286999999999999950e-03
1.800000000000000000e+01 3.200000000000000000e+01 1.400000000000000000e+01 0.000000000000000000e+00 1.600000000000000089e+00 1.100000000000000039e-04 -4.055999999999999710e-03 -9.999919999999999920e-01 1.179230000000000000e-01 9.930149999999999810e-01 -4.014000000000000207e-03 9.930229999999999890e-01 -1.179209999999999980e-01 5.879999999999999810e-04
2.100000000000000000e+01 3.200000000000000000e+01 1.400000000000000000e+01 0.000000000000000000e+00 1.600000000000000089e+00 2.775999999999999822e-03 -2.062000000000000031e-03 -9.999940000000000495e-01 1.190620000000000012e-01 9.928850000000000176e-01 -1.716999999999999993e-03 9.928829999999999600e-01 -1.190569999999999962e-01 3.001000000000000195e-03
4.000000000000000000e+00 1.200000000000000000e+01 1.500000000000000000e+01 0.000000000000000000e+00 1.600000000000000089e+00 -1.314000000000000064e-03 -3.445000000000000145e-03 -9.999930000000000208e-01 -4.716580000000000217e-01 -8.817739999999999467e-01 3.657000000000000094e-03 -8.817810000000000370e-01 4.716589999999999949e-01 -4.659999999999999971e-04
1.200000000000000000e+01 1.200000000000000000e+01 1.500000000000000000e+01 0.000000000000000000e+00 1.600000000000000089e+00 -1.118999999999999986e-03 -1.149000000000000065e-03 -9.999989999999999712e-01 -4.712660000000000182e-01 -8.819900000000000517e-01 1.541000000000000052e-03 -8.819900000000000517e-01 4.712680000000000202e-01 4.449999999999999746e-04
1.800000000000000000e+01 1.200000000000000000e+01 1.500000000000000000e+01 0.000000000000000000e+00 1.600000000000000089e+00 2.970000000000000092e-04 -6.549999999999999833e-04 -1.000000000000000000e+00 -4.716670000000000029e-01 -8.817770000000000330e-01 4.369999999999999970e-04 -8.817770000000000330e-01 4.716659999999999742e-01 -5.710000000000000015e-04
2.100000000000000000e+01 1.200000000000000000e+01 1.500000000000000000e+01 0.000000000000000000e+00 1.600000000000000089e+00 -1.054000000000000032e-03 -5.500000000000000196e-05 -9.999989999999999712e-01 -4.724439999999999751e-01 -8.813609999999999500e-01 5.469999999999999602e-04 -8.813600000000000323e-01 4.724439999999999751e-01 9.030000000000000483e-04
2.700000000000000000e+01 1.200000000000000000e+01 1.500000000000000000e+01 0.000000000000000000e+00 1.600000000000000089e+00 -2.808000000000000166e-03 -1.355000000000000085e-03 -9.999949999999999672e-01 -4.724889999999999923e-01 -8.813330000000000330e-01 2.520000000000000104e-03 -8.813320000000000043e-01 4.724929999999999963e-01 1.835000000000000043e-03
2.700000000000000000e+01 1.100000000000000000e+01 1.600000000000000000e+01 0.000000000000000000e+00 1.600000000000000089e+00 -2.394999999999999993e-03 -2.118000000000000091e-03 -9.999949999999999672e-01 -4.202759999999999829e-01 -9.073919999999999764e-01 2.929000000000000180e-03 -9.073930000000000051e-01 4.202799999999999869e-01 1.283000000000000069e-03
6.000000000000000000e+00 1.160000000000000000e+02 1.600000000000000000e+01 0.000000000000000000e+00 1.600000000000000089e+00 -1.539000000000000003e-03 -1.253999999999999906e-03 9.999980000000000535e-01 6.502719999999999612e-01 7.596990000000000132e-01 1.953000000000000092e-03 -7.597000000000000419e-01 6.502740000000000187e-01 -3.539999999999999853e-04
1.500000000000000000e+01 1.160000000000000000e+02 1.600000000000000000e+01 0.000000000000000000e+00 1.600000000000000089e+00 9.700000000000000505e-04 -4.366000000000000089e-03 9.999900000000000455e-01 6.645469999999999988e-01 7.472419999999999618e-01 2.618000000000000101e-03 -7.472459999999999658e-01 6.645379999999999621e-01 3.627000000000000016e-03
2.500000000000000000e+01 1.160000000000000000e+02 1.600000000000000000e+01 0.000000000000000000e+00 1.600000000000000089e+00 -1.994999999999999812e-03 4.470000000000000232e-04 9.999980000000000535e-01 6.714480000000000448e-01 7.410510000000000153e-01 1.007999999999999998e-03 -7.410489999999999577e-01 6.714489999999999625e-01 -1.778000000000000067e-03
3.000000000000000000e+01 1.160000000000000000e+02 1.600000000000000000e+01 0.000000000000000000e+00 1.600000000000000089e+00 -1.840999999999999972e-03 -1.616999999999999948e-03 9.999970000000000248e-01 6.743930000000000202e-01 7.383690000000000531e-01 2.435999999999999797e-03 -7.383709999999999996e-01 6.743949999999999667e-01 -2.680000000000000090e-04
2.000000000000000000e+00 2.000000000000000000e+00 1.900000000000000000e+01 0.000000000000000000e+00 1.600000000000000089e+00 4.144000000000000114e-03 -9.292999999999999178e-03 -9.999479999999999480e-01 2.084570000000000034e-01 -9.779809999999999892e-01 9.953000000000000042e-03 -9.780229999999999757e-01 -2.084870000000000057e-01 -2.115999999999999825e-03
8.000000000000000000e+00 2.000000000000000000e+00 1.900000000000000000e+01 0.000000000000000000e+00 1.600000000000000089e+00 4.923000000000000292e-03 -6.228000000000000029e-03 -9.999679999999999680e-01 2.084399999999999864e-01 -9.780090000000000172e-01 7.117000000000000062e-03 -9.780229999999999757e-01 -2.084679999999999866e-01 -3.516000000000000028e-03
1.100000000000000000e+01 2.000000000000000000e+00 1.900000000000000000e+01 0.000000000000000000e+00 1.600000000000000089e+00 7.540000000000000044e-04 -5.070999999999999987e-03 -9.999869999999999592e-01 2.093019999999999881e-01 -9.778379999999999850e-01 5.117000000000000021e-03 -9.778510000000000257e-01 -2.093029999999999891e-01 3.240000000000000150e-04
2.000000000000000000e+01 2.000000000000000000e+00 1.900000000000000000e+01 0.000000000000000000e+00 1.600000000000000089e+00 -1.330000000000000073e-04 -1.776999999999999934e-03 -9.999980000000000535e-01 2.109580000000000066e-01 -9.774939999999999740e-01 1.709000000000000016e-03 -9.774950000000000028e-01 -2.109580000000000066e-01 5.050000000000000235e-04
2.400000000000000000e+01 2.000000000000000000e+00 1.900000000000000000e+01 0.000000000000000000e+00 1.600000000000000089e+00 4.479999999999999933e-04 -4.872999999999999728e-03 -9.999879999999999880e-01 2.151419999999999999e-01 -9.765709999999999669e-01 4.854999999999999941e-03 -9.765829999999999789e-01 -2.151419999999999999e-01 6.109999999999999980e-04
2.800000000000000000e+01 2.000000000000000000e+00 1.900000000000000000e+01 0.000000000000000000e+00 1.600000000000000089e+00 7.720000000000000083e-04 -1.347399999999999987e-02 -9.999090000000000478e-01 2.190310000000000035e-01 -9.756270000000000220e-01 1.331599999999999971e-02 -9.757179999999999742e-01 -2.190209999999999935e-01 2.197999999999999867e-03
1.000000000000000000e+00 4.000000000000000000e+00 2.000000000000000000e+01 0.000000000000000000e+00 1.600000000000000089e+00 2.523000000000000069e-03 -3.804000000000000090e-03 -9.999900000000000455e-01 2.886110000000000064e-01 -9.574369999999999825e-01 4.370999999999999885e-03 -9.574430000000000440e-01 -2.886190000000000144e-01 -1.317000000000000028e-03
2.000000000000000000e+00 1.300000000000000000e+01 2.000000000000000000e+01 0.000000000000000000e+00 1.600000000000000089e+00 -6.729999999999999871e-04 -8.210000000000000067e-04 9.999989999999999712e-01 2.564699999999999758e-01 9.665519999999999667e-01 9.659999999999999533e-04 -9.665519999999999667e-01 2.564699999999999758e-01 -4.400000000000000157e-04
1.000000000000000000e+01 1.300000000000000000e+01 2.000000000000000000e+01 0.000000000000000000e+00 1.600000000000000089e+00 5.490000000000000088e-04 1.620000000000000075e-04 1.000000000000000000e+00 2.562869999999999870e-01 9.666010000000000435e-01 -2.979999999999999793e-04 -9.666010000000000435e-01 2.562869999999999870e-01 4.889999999999999599e-04
1.400000000000000000e+01 1.300000000000000000e+01 2.000000000000000000e+01 0.000000000000000000e+00 1.600000000000000089e+00 -1.575000000000000011e-03 -4.342999999999999639e-03 9.999890000000000168e-01 2.576550000000000229e-01 9.662260000000000293e-01 4.602000000000000188e-03 -9.662359999999999838e-01 2.576590000000000269e-01 -4.029999999999999837e-04
2.100000000000000000e+01 1.300000000000000000e+01 2.000000000000000000e+01 0.000000000000000000e+00 1.600000000000000089e+00 7.700000000000000139e-05 1.520000000000000084e-04 1.000000000000000000e+00 2.591040000000000010e-01 9.658489999999999576e-01 -1.669999999999999935e-04 -9.658489999999999576e-01 2.591040000000000010e-01 3.499999999999999693e-05
2.500000000000000000e+01 1.300000000000000000e+01 2.000000000000000000e+01 0.000000000000000000e+00 1.600000000000000089e+00 -8.429999999999999993e-04 3.005999999999999991e-03 9.999949999999999672e-01 2.607519999999999838e-01 9.654019999999999824e-01 -2.681999999999999922e-03 -9.654049999999999576e-01 2.607490000000000085e-01 -1.598000000000000028e-03
2.900000000000000000e+01 1.300000000000000000e+01 2.000000000000000000e+01 0.000000000000000000e+00 1.600000000000000089e+00 -4.040000000000000080e-04 4.885999999999999718e-03 9.999879999999999880e-01 2.606310000000000016e-01 9.654270000000000351e-01 -4.611999999999999780e-03 -9.654380000000000184e-01 2.606260000000000243e-01 -1.663999999999999898e-03
1.300000000000000000e+01 1.600000000000000000e+01 2.100000000000000000e+01 0.000000000000000000e+00 1.600000000000000089e+00 -8.689999999999999808e-04 -4.452000000000000228e-03 9.999900000000000455e-01 3.007659999999999778e-01 9.536869999999999514e-01 4.507999999999999854e-03 -9.536980000000000457e-01 3.007659999999999778e-01 5.100000000000000366e-04
1.800000000000000000e+01 1.600000000000000000e+01 2.100000000000000000e+01 0.000000000000000000e+00 1.600000000000000089e+00 -6.390000000000000280e-04 -2.631000000000000092e-03 9.999959999999999960e-01 3.019669999999999854e-01 9.533150000000000235e-01 2.700999999999999842e-03 -9.533179999999999987e-01 3.019669999999999854e-01 1.849999999999999973e-04
2.900000000000000000e+01 1.600000000000000000e+01 2.100000000000000000e+01 0.000000000000000000e+00 1.600000000000000089e+00 -1.490999999999999921e-03 4.490000000000000067e-03 9.999890000000000168e-01 3.017929999999999779e-01 9.533660000000000467e-01 -3.830000000000000071e-03 -9.533719999999999972e-01 3.017839999999999967e-01 -2.775999999999999822e-03
2.100000000000000000e+01 4.600000000000000000e+01 2.700000000000000000e+01 0.000000000000000000e+00 1.600000000000000089e+00 1.440000000000000091e-03 2.762999999999999831e-03 -9.999949999999999672e-01 6.618779999999999664e-01 7.496049999999999658e-01 3.024000000000000212e-03 7.496099999999999985e-01 -6.618789999999999951e-01 -7.489999999999999913e-04
2.800000000000000000e+01 4.600000000000000000e+01 2.700000000000000000e+01 0.000000000000000000e+00 1.600000000000000089e+00 -4.741000000000000422e-03 -3.980000000000000031e-03 -9.999810000000000088e-01 6.583780000000000188e-01 7.526629999999999709e-01 -6.117000000000000041e-03 7.526730000000000365e-01 -6.583940000000000348e-01 -9.489999999999999738e-04
2.200000000000000000e+01 4.600000000000000000e+01 3.000000000000000000e+01 0.000000000000000000e+00 1.600000000000000089e+00 9.449999999999999850e-04 1.013999999999999927e-03 -9.999989999999999712e-01 3.218230000000000257e-01 9.467989999999999462e-01 1.263999999999999933e-03 9.467989999999999462e-01 -3.218239999999999990e-01 5.689999999999999529e-04
2.600000000000000000e+01 4.600000000000000000e+01 3.000000000000000000e+01 0.000000000000000000e+00 1.600000000000000089e+00 -1.431999999999999896e-03 -3.807000000000000054e-03 -9.999919999999999920e-01 3.170089999999999852e-01 9.484139999999999793e-01 -4.065000000000000037e-03 9.484209999999999585e-01 -3.170120000000000160e-01 -1.510000000000000112e-04
2.000000000000000000e+00 5.800000000000000000e+01 3.100000000000000000e+01 0.000000000000000000e+00 1.600000000000000089e+00 1.626999999999999974e-03 5.781999999999999813e-03 9.999820000000000375e-01 -7.729409999999999892e-01 -6.344579999999999664e-01 4.925999999999999823e-03 6.344750000000000112e-01 -7.729359999999999564e-01 3.436999999999999951e-03
6.000000000000000000e+00 5.800000000000000000e+01 3.100000000000000000e+01 0.000000000000000000e+00 1.600000000000000089e+00 6.538000000000000408e-03 6.827999999999999868e-03 9.999550000000000383e-01 -7.741400000000000503e-01 -6.329449999999999799e-01 9.383999999999999980e-03 6.329810000000000159e-01 -7.741660000000000208e-01 1.147000000000000016e-03
8.000000000000000000e+00 5.800000000000000000e+01 3.100000000000000000e+01 0.000000000000000000e+00 1.600000000000000089e+00 7.081999999999999754e-03 8.522999999999999327e-03 9.999390000000000223e-01 -7.746410000000000240e-01 -6.323079999999999812e-01 1.087600000000000025e-02 6.323619999999999797e-01 -7.746699999999999697e-01 2.124000000000000020e-03
1.600000000000000000e+01 5.800000000000000000e+01 3.100000000000000000e+01 0.000000000000000000e+00 1.600000000000000089e+00 -3.014000000000000186e-03 -6.231999999999999693e-03 9.999759999999999760e-01 -7.757849999999999469e-01 -6.309669999999999446e-01 -6.270999999999999665e-03 6.309909999999999686e-01 -7.757849999999999469e-01 -2.932000000000000144e-03
2.000000000000000000e+01 5.800000000000000000e+01 3.100000000000000000e+01 0.000000000000000000e+00 1.600000000000000089e+00 2.039000000000000014e-03 -4.409999999999999858e-04 9.999980000000000535e-01 -7.767730000000000468e-01 -6.297800000000000065e-01 1.306000000000000086e-03 6.297779999999999490e-01 -7.767739999999999645e-01 -1.626999999999999974e-03
2.800000000000000000e+01 5.800000000000000000e+01 3.100000000000000000e+01 0.000000000000000000e+00 1.600000000000000089e+00 -2.700999999999999842e-03 -6.780999999999999701e-03 9.999730000000000008e-01 -7.776159999999999739e-01 -6.287070000000000158e-01 -6.363999999999999865e-03 6.287340000000000151e-01 -7.776129999999999987e-01 -3.575000000000000053e-03
5.000000000000000000e+00 4.600000000000000000e+01 3.500000000000000000e+01 0.000000000000000000e+00 1.600000000000000089e+00 -5.730000000000000501e-04 1.497999999999999983e-03 -9.999989999999999712e-01 3.850390000000000201e-01 -9.228990000000000249e-01 -1.603000000000000041e-03 -9.229000000000000536e-01 -3.850390000000000201e-01 -4.800000000000000122e-05
1.200000000000000000e+01 4.600000000000000000e+01 3.500000000000000000e+01 0.000000000000000000e+00 1.600000000000000089e+00 7.399999999999999894e-04 -2.333000000000000004e-03 -9.999970000000000248e-01 3.853269999999999751e-01 -9.227769999999999584e-01 2.438000000000000063e-03 -9.227800000000000447e-01 -3.853280000000000038e-01 2.159999999999999919e-04
1.500000000000000000e+01 4.600000000000000000e+01 3.500000000000000000e+01 0.000000000000000000e+00 1.600000000000000089e+00 6.130000000000000466e-04 -2.467000000000000009e-03 -9.999970000000000248e-01 3.847289999999999877e-01 -9.230260000000000131e-01 2.513000000000000043e-03 -9.230300000000000171e-01 -3.847289999999999877e-01 3.829999999999999854e-04
1.900000000000000000e+01 4.600000000000000000e+01 3.500000000000000000e+01 0.000000000000000000e+00 1.600000000000000089e+00 -4.300000000000000165e-05 -3.838999999999999965e-03 -9.999930000000000208e-01 3.853690000000000171e-01 -9.227560000000000207e-01 3.526000000000000054e-03 -9.227629999999999999e-01 -3.853659999999999863e-01 1.520000000000000084e-03
2.300000000000000000e+01 4.600000000000000000e+01 3.500000000000000000e+01 0.000000000000000000e+00 1.600000000000000089e+00 3.890000000000000228e-04 -5.747000000000000372e-03 -9.999829999999999552e-01 3.854770000000000141e-01 -9.227009999999999934e-01 5.453000000000000382e-03 -9.227170000000000094e-01 -3.854730000000000101e-01 1.856000000000000011e-03
2.600000000000000000e+01 4.600000000000000000e+01 3.500000000000000000e+01 0.000000000000000000e+00 1.600000000000000089e+00 8.000000000000000654e-05 -6.719999999999999628e-04 -1.000000000000000000e+00 3.846410000000000107e-01 -9.230660000000000531e-01 6.520000000000000188e-04 -9.230660000000000531e-01 -3.846410000000000107e-01 1.840000000000000001e-04
2.000000000000000000e+00 9.500000000000000000e+01 3.600000000000000000e+01 0.000000000000000000e+00 1.600000000000000089e+00 1.129000000000000012e-03 -1.545999999999999978e-02 9.998799999999999910e-01 9.976800000000000113e-01 6.808300000000000463e-02 -7.399999999999999623e-05 -6.807399999999999562e-02 9.975600000000000023e-01 1.550099999999999915e-02
9.000000000000000000e+00 9.500000000000000000e+01 3.600000000000000000e+01 0.000000000000000000e+00 1.600000000000000089e+00 5.749999999999999903e-04 3.500600000000000239e-02 9.993870000000000253e-01 9.980839999999999712e-01 6.180499999999999883e-02 -2.739000000000000115e-03 -6.186300000000000132e-02 9.974739999999999718e-01 -3.490300000000000347e-02
1.600000000000000000e+01 9.500000000000000000e+01 3.600000000000000000e+01 0.000000000000000000e+00 1.600000000000000089e+00 -5.452000000000000249e-03 -1.765900000000000108e-02 9.998289999999999678e-01 9.973400000000000043e-01 7.258199999999999374e-02 6.720000000000000279e-03 -7.268800000000000261e-02 9.972060000000000368e-01 1.721599999999999867e-02
2.100000000000000000e+01 9.500000000000000000e+01 3.600000000000000000e+01 0.000000000000000000e+00 1.600000000000000089e+00 3.582999999999999814e-03 1.494599999999999922e-02 9.998820000000000485e-01 9.975180000000000158e-01 7.026399999999999313e-02 -4.624999999999999771e-03 -7.032499999999999862e-02 9.974159999999999693e-01 -1.465799999999999916e-02
2.600000000000000000e+01 9.500000000000000000e+01 3.600000000000000000e+01 0.000000000000000000e+00 1.600000000000000089e+00 -8.130000000000000291e-04 5.670000000000000127e-04 1.000000000000000000e+00 9.975810000000000510e-01 6.950399999999999634e-02 7.709999999999999840e-04 -6.950399999999999634e-02 9.975810000000000510e-01 -6.220000000000000485e-04
9.000000000000000000e+00 3.000000000000000000e+00 4.300000000000000000e+01 0.000000000000000000e+00 1.600000000000000089e+00 5.527999999999999928e-03 2.220499999999999904e-02 -9.997380000000000155e-01 7.413849999999999607e-01 -6.709939999999999793e-01 -1.080399999999999937e-02 -6.710580000000000434e-01 -7.411309999999999842e-01 -2.017199999999999896e-02
1.300000000000000000e+01 3.000000000000000000e+00 4.300000000000000000e+01 0.000000000000000000e+00 1.600000000000000089e+00 -8.339999999999999974e-04 1.003700000000000078e-02 -9.999489999999999768e-01 7.410400000000000320e-01 -6.714200000000000168e-01 -7.357999999999999957e-03 -6.714599999999999458e-01 -7.410090000000000288e-01 -6.878000000000000433e-03
1.800000000000000000e+01 3.000000000000000000e+00 4.300000000000000000e+01 0.000000000000000000e+00 1.600000000000000089e+00 -3.429999999999999889e-04 5.630000000000000239e-04 -1.000000000000000000e+00 7.365939999999999710e-01 -6.763350000000000195e-01 -6.329999999999999906e-04 -6.763350000000000195e-01 -7.365939999999999710e-01 -1.820000000000000057e-04
2.100000000000000000e+01 3.000000000000000000e+00 4.300000000000000000e+01 0.000000000000000000e+00 1.600000000000000089e+00 -2.066999999999999827e-03 -4.551999999999999623e-03 -9.999869999999999592e-01 7.346960000000000157e-01 -6.783940000000000525e-01 1.569999999999999998e-03 -6.783930000000000238e-01 -7.346840000000000037e-01 4.746000000000000218e-03
2.600000000000000000e+01 3.000000000000000000e+00 4.300000000000000000e+01 0.000000000000000000e+00 1.600000000000000089e+00 -1.451999999999999949e-03 -1.034900000000000056e-02 -9.999449999999999728e-01 7.379930000000000101e-01 -6.747830000000000217e-01 5.911999999999999721e-03 -6.748070000000000457e-01 -7.379440000000000444e-01 8.616999999999999660e-03
2.800000000000000000e+01 3.000000000000000000e+00 4.300000000000000000e+01 0.000000000000000000e+00 1.600000000000000089e+00 -2.768000000000000061e-03 -1.950299999999999950e-02 -9.998059999999999725e-01 7.389130000000000420e-01 -6.737090000000000023e-01 1.109599999999999996e-02 -6.737950000000000328e-01 -7.387390000000000345e-01 1.627500000000000127e-02
5.000000000000000000e+00 8.000000000000000000e+00 4.400000000000000000e+01 0.000000000000000000e+00 1.600000000000000089e+00 -3.331999999999999892e-03 1.926999999999999894e-03 9.999930000000000208e-01 -7.768639999999999990e-01 -6.296669999999999767e-01 -1.374999999999999920e-03 6.296589999999999687e-01 -7.768629999999999702e-01 3.595000000000000105e-03
1.400000000000000000e+01 8.000000000000000000e+00 4.400000000000000000e+01 0.000000000000000000e+00 1.600000000000000089e+00 3.530000000000000152e-03 9.964999999999999900e-03 9.999440000000000550e-01 -7.792869999999999520e-01 -6.266030000000000211e-01 8.994999999999999524e-03 6.266580000000000483e-01 -7.792750000000000510e-01 5.552999999999999776e-03
2.800000000000000000e+01 8.000000000000000000e+00 4.400000000000000000e+01 0.000000000000000000e+00 1.600000000000000089e+00 -1.897999999999999948e-03 -4.676999999999999734e-03 9.999869999999999592e-01 -7.739070000000000116e-01 -6.332839999999999581e-01 -4.431000000000000043e-03 6.332969999999999988e-01 -7.739049999999999541e-01 -2.416999999999999878e-03
4.000000000000000000e+00 2.900000000000000000e+01 4.400000000000000000e+01 0.000000000000000000e+00 1.600000000000000089e+00 2.301000000000000094e-03 -1.160000000000000007e-04 -9.999970000000000248e-01 6.791890000000000427e-01 7.339620000000000033e-01 1.477999999999999930e-03 7.339590000000000281e-01 -6.791909999999999892e-01 1.766999999999999908e-03
9.000000000000000000e+00 2.900000000000000000e+01 4.400000000000000000e+01 0.000000000000000000e+00 1.600000000000000089e+00 2.121000000000000055e-03 1.376999999999999969e-03 -9.999970000000000248e-01 6.756929999999999881e-01 7.371790000000000287e-01 2.448999999999999788e-03 7.371799999999999464e-01 -6.756959999999999633e-01 6.329999999999999906e-04
1.300000000000000000e+01 2.900000000000000000e+01 4.400000000000000000e+01 0.000000000000000000e+00 1.600000000000000089e+00 -5.919999999999999698e-04 2.199999999999999943e-05 -1.000000000000000000e+00 6.699140000000000095e-01 7.424389999999999601e-01 -3.800000000000000209e-04 7.424389999999999601e-01 -6.699140000000000095e-01 -4.539999999999999765e-04
1.900000000000000000e+01 2.900000000000000000e+01 4.400000000000000000e+01 0.000000000000000000e+00 1.600000000000000089e+00 -1.649999999999999991e-03 -1.550000000000000000e-04 -9.999989999999999712e-01 6.756429999999999936e-01 7.372279999999999944e-01 -1.229000000000000058e-03 7.372269999999999657e-01 -6.756440000000000223e-01 -1.111000000000000008e-03
2.300000000000000000e+01 2.900000000000000000e+01 4.400000000000000000e+01 0.000000000000000000e+00 1.600000000000000089e+00 -2.367000000000000180e-03 -2.155999999999999930e-03 -9.999949999999999672e-01 6.795269999999999921e-01 7.336439999999999628e-01 -3.190999999999999826e-03 7.336470000000000491e-01 -6.795309999999999961e-01 -2.719999999999999979e-04
3.000000000000000000e+01 2.900000000000000000e+01 4.400000000000000000e+01 0.000000000000000000e+00 1.600000000000000089e+00 -3.337999999999999821e-03 1.315999999999999896e-03 -9.999940000000000495e-01 6.672550000000000425e-01 7.448280000000000456e-01 -1.247000000000000062e-03 7.448219999999999841e-01 -6.672550000000000425e-01 -3.364999999999999936e-03
2.500000000000000000e+01 5.400000000000000000e+01 4.600000000000000000e+01 0.000000000000000000e+00 1.600000000000000089e+00 -5.779999999999999548e-04 -3.599999999999999901e-03 9.999930000000000208e-01 3.279850000000000265e-01 -9.446769999999999889e-01 -3.210999999999999879e-03 9.446830000000000505e-01 3.279810000000000225e-01 1.727000000000000019e-03
2.200000000000000000e+01 7.400000000000000000e+01 4.900000000000000000e+01 0.000000000000000000e+00 1.600000000000000089e+00 -3.154999999999999818e-03 -3.240000000000000150e-04 9.999949999999999672e-01 -9.798940000000000428e-01 1.994970000000000077e-01 -3.027000000000000177e-03 -1.994950000000000057e-01 -9.798980000000000468e-01 -9.470000000000000336e-04
1.000000000000000000e+01 7.000000000000000000e+00 5.200000000000000000e+01 0.000000000000000000e+00 1.600000000000000089e+00 4.722999999999999768e-03 2.831999999999999882e-03 -9.999850000000000128e-01 7.542000000000000093e-02 -9.971489999999999521e-01 -2.468000000000000142e-03 -9.971410000000000551e-01 -7.540700000000000180e-02 -4.923000000000000292e-03
4.000000000000000000e+00 6.300000000000000000e+01 5.400000000000000000e+01 0.000000000000000000e+00 1.600000000000000089e+00 1.931999999999999907e-03 -3.260000000000000094e-04 9.999980000000000535e-01 -3.496319999999999983e-01 9.368870000000000253e-01 9.810000000000001011e-04 -9.368849999999999678e-01 -3.496330000000000271e-01 1.696000000000000025e-03
1.300000000000000000e+01 6.300000000000000000e+01 5.400000000000000000e+01 0.000000000000000000e+00 1.600000000000000089e+00 1.686999999999999915e-03 -5.389999999999999826e-04 9.999980000000000535e-01 -3.497560000000000113e-01 9.368400000000000061e-01 1.095000000000000053e-03 -9.368389999999999773e-01 -3.497580000000000133e-01 1.392000000000000008e-03
1.800000000000000000e+01 6.300000000000000000e+01 5.400000000000000000e+01 0.000000000000000000e+00 1.600000000000000089e+00 -5.069999999999999637e-04 -2.418000000000000010e-03 9.999970000000000248e-01 -3.567969999999999753e-01 9.341800000000000104e-01 2.077999999999999986e-03 -9.341819999999999569e-01 -3.567949999999999733e-01 -1.335999999999999948e-03
2.600000000000000000e+01 6.300000000000000000e+01 5.400000000000000000e+01 0.000000000000000000e+00 1.600000000000000089e+00 2.750000000000000166e-04 2.262999999999999821e-03 9.999970000000000248e-01 -3.539590000000000236e-01 9.352589999999999515e-01 -2.018999999999999961e-03 -9.352610000000000090e-01 -3.539570000000000216e-01 1.057999999999999913e-03
3.000000000000000000e+00 2.500000000000000000e+01 5.500000000000000000e+01 0.000000000000000000e+00 1.600000000000000089e+00 -5.659999999999999884e-04 9.200000000000000007e-05 -1.000000000000000000e+00 -1.130300000000000055e-02 -9.999360000000000470e-01 -8.500000000000000611e-05 -9.999360000000000470e-01 1.130300000000000055e-02 5.670000000000000127e-04
8.000000000000000000e+00 2.500000000000000000e+01 5.500000000000000000e+01 0.000000000000000000e+00 1.600000000000000089e+00 -1.335999999999999948e-03 -2.101000000000000003e-03 -9.999970000000000248e-01 -1.235999999999999946e-02 -9.999209999999999487e-01 2.118000000000000091e-03 -9.999230000000000063e-01 1.236300000000000072e-02 1.309999999999999967e-03
2.000000000000000000e+01 2.500000000000000000e+01 5.500000000000000000e+01 0.000000000000000000e+00 1.600000000000000089e+00 1.002999999999999985e-03 -1.263999999999999933e-03 -9.999989999999999712e-01 -1.071599999999999983e-02 -9.999419999999999975e-01 1.253999999999999906e-03 -9.999419999999999975e-01 1.071500000000000057e-02 -1.015999999999999976e-03
2.400000000000000000e+01 6.800000000000000000e+01 5.700000000000000000e+01 0.000000000000000000e+00 1.600000000000000089e+00 1.838999999999999923e-03 -2.569000000000000103e-03 -9.999949999999999672e-01 -2.438619999999999954e-01 -9.698080000000000034e-01 2.043000000000000111e-03 -9.698080000000000034e-01 2.438569999999999904e-01 -2.409999999999999816e-03
1.100000000000000000e+01 5.800000000000000000e+01 5.900000000000000000e+01 0.000000000000000000e+00 1.600000000000000089e+00 1.840000000000000056e-03 4.421999999999999716e-03 -9.999879999999999880e-01 3.931529999999999747e-01 9.194609999999999728e-01 4.788999999999999854e-03 9.194710000000000383e-01 -3.931569999999999787e-01 -4.600000000000000004e-05
3.000000000000000000e+00 2.100000000000000000e+01 6.000000000000000000e+01 0.000000000000000000e+00 1.600000000000000089e+00 2.520999999999999804e-03 1.050799999999999998e-02 9.999419999999999975e-01 -9.627800000000000247e-02 9.953020000000000200e-01 -1.021700000000000039e-02 -9.953509999999999858e-01 -9.624699999999999922e-02 3.520999999999999824e-03
1.500000000000000000e+01 2.100000000000000000e+01 6.000000000000000000e+01 0.000000000000000000e+00 1.600000000000000089e+00 1.679999999999999907e-04 1.593000000000000015e-03 9.999989999999999712e-01 -9.636599999999999333e-02 9.953450000000000353e-01 -1.569000000000000082e-03 -9.953459999999999530e-01 -9.636500000000000621e-02 3.209999999999999963e-04
1.900000000000000000e+01 2.100000000000000000e+01 6.000000000000000000e+01 0.000000000000000000e+00 1.600000000000000089e+00 -1.191000000000000001e-03 7.540000000000000044e-04 9.999989999999999712e-01 -9.502299999999999636e-02 9.954749999999999988e-01 -8.639999999999999677e-04 -9.954739999999999700e-01 -9.502399999999999736e-02 -1.113999999999999973e-03
2.600000000000000000e+01 2.100000000000000000e+01 6.000000000000000000e+01 0.000000000000000000e+00 1.600000000000000089e+00 -6.299999999999999990e-05 -6.099000000000000254e-03 9.999810000000000088e-01 -9.538900000000000157e-02 9.954220000000000290e-01 6.065000000000000079e-03 -9.954399999999999915e-01 -9.538699999999999957e-02 -6.449999999999999570e-04
1.400000000000000000e+01 6.000000000000000000e+00 6.100000000000000000e+01 0.000000000000000000e+00 1.600000000000000089e+00 -6.960000000000000041e-04 9.659999999999999533e-04 9.999989999999999712e-01 5.604219999999999757e-01 -8.282059999999999977e-01 1.190000000000000085e-03 8.282070000000000265e-01 5.604230000000000045e-01 3.499999999999999693e-05
2.800000000000000000e+01 6.000000000000000000e+00 6.100000000000000000e+01 0.000000000000000000e+00 1.600000000000000089e+00 3.780000000000000265e-04 9.679999999999999369e-03 9.999529999999999808e-01 5.592270000000000296e-01 -8.289779999999999927e-01 7.813999999999999765e-03 8.290140000000000287e-01 5.591979999999999729e-01 -5.727000000000000320e-03
4.000000000000000000e+00 3.000000000000000000e+00 6.300000000000000000e+01 0.000000000000000000e+00 1.600000000000000089e+00 -2.204999999999999929e-03 1.784999999999999911e-03 9.999959999999999960e-01 -6.110830000000000428e-01 7.915609999999999591e-01 -2.760999999999999999e-03 -7.915630000000000166e-01 -6.110870000000000468e-01 -6.549999999999999833e-04
2.100000000000000000e+01 3.000000000000000000e+00 6.300000000000000000e+01 0.000000000000000000e+00 1.600000000000000089e+00 2.919999999999999961e-04 -3.740999999999999968e-03 9.999930000000000208e-01 -6.109029999999999738e-01 7.916999999999999593e-01 3.141000000000000129e-03 -7.917060000000000208e-01 -6.108989999999999698e-01 -2.053999999999999836e-03
