3.000000000000000000e+00 1.600000000000000000e+01 4.000000000000000000e+00 0.000000000000000000e+00 1.600000000000000089e+00 -3.361999999999999971e-03 9.150999999999999412e-03 9.999519999999999520e-01 3.247889999999999944e-01 -9.457360000000000211e-01 9.747000000000000455e-03 9.457799999999999541e-01 3.248070000000000124e-01 2.079999999999999872e-04
1.300000000000000000e+01 1.600000000000000000e+01 4.000000000000000000e+00 0.000000000000000000e+00 1.600000000000000089e+00 -3.629999999999999872e-04 9.684999999999999165e-03 9.999529999999999808e-01 3.222400000000000264e-01 -9.466120000000000090e-01 9.286000000000000851e-03 9.466579999999999995e-01 3.222289999999999877e-01 -2.776999999999999955e-03
2.200000000000000000e+01 1.600000000000000000e+01 4.000000000000000000e+00 0.000000000000000000e+00 1.600000000000000089e+00 -2.269999999999999882e-03 5.466999999999999638e-03 9.999820000000000375e-01 3.230979999999999963e-01 -9.463470000000000493e-01 5.906999999999999924e-03 9.463629999999999542e-01 3.231060000000000043e-01 3.820000000000000153e-04
2.600000000000000000e+01 1.600000000000000000e+01 4.000000000000000000e+00 0.000000000000000000e+00 1.600000000000000089e+00 1.453000000000000081e-03 1.171699999999999998e-02 9.999299999999999855e-01 3.261430000000000162e-01 -9.452610000000000179e-01 1.060200000000000031e-02 9.453190000000000204e-01 3.261049999999999782e-01 -5.194999999999999965e-03
2.800000000000000000e+01 1.010000000000000000e+02 7.000000000000000000e+00 0.000000000000000000e+00 1.600000000000000089e+00 3.099000000000000192e-03 6.361000000000000335e-03 9.999749999999999472e-01 8.900230000000000086e-01 4.558800000000000074e-01 -5.657999999999999835e-03 -4.559050000000000047e-01 8.900190000000000046e-01 -4.248000000000000040e-03
4.000000000000000000e+00 2.600000000000000000e+01 8.000000000000000000e+00 0.000000000000000000e+00 1.600000000000000089e+00 -5.093000000000000305e-03 -2.124200000000000046e-02 -9.997610000000000108e-01 4.233680000000000221e-01 9.057049999999999823e-01 -2.139999999999999888e-02 9.059430000000000538e-01 -4.233759999999999746e-01 4.380000000000000213e-03
7.000000000000000000e+00 2.600000000000000000e+01 8.000000000000000000e+00 0.000000000000000000e+00 1.600000000000000089e+00 -5.726000000000000187e-03 -2.212700000000000083e-02 -9.997390000000000443e-01 4.253660000000000219e-01 9.047429999999999639e-01 -2.246099999999999833e-02 9.050030000000000019e-01 -4.253839999999999844e-01 4.231000000000000386e-03
1.100000000000000000e+01 2.600000000000000000e+01 8.000000000000000000e+00 0.000000000000000000e+00 1.600000000000000089e+00 -3.997999999999999818e-03 -3.409999999999999837e-03 -9.999860000000000415e-01 4.282799999999999940e-01 9.036330000000000195e-01 -4.793999999999999651e-03 9.036370000000000235e-01 -4.282929999999999793e-01 -2.152999999999999966e-03
1.600000000000000000e+01 2.600000000000000000e+01 8.000000000000000000e+00 0.000000000000000000e+00 1.600000000000000089e+00 -2.273999999999999980e-03 -9.903000000000000344e-03 -9.999479999999999480e-01 4.272029999999999994e-01 9.041010000000000435e-01 -9.926000000000000795e-03 9.041529999999999845e-01 -4.272039999999999726e-01 2.174999999999999850e-03
2.000000000000000000e+01 2.600000000000000000e+01 8.000000000000000000e+00 0.000000000000000000e+00 1.600000000000000089e+00 -3.102000000000000157e-03 -1.488300000000000040e-02 -9.998839999999999950e-01 4.272699999999999831e-01 9.040030000000000010e-01 -1.478100000000000074e-02 9.041190000000000060e-01 -4.272670000000000079e-01 3.555000000000000000e-03
2.600000000000000000e+01 2.600000000000000000e+01 8.000000000000000000e+00 0.000000000000000000e+00 1.600000000000000089e+00 -2.194000000000000204e-03 -6.546999999999999868e-03 -9.999759999999999760e-01 4.289560000000000040e-01 9.032989999999999631e-01 -6.856000000000000115e-03 9.033229999999999871e-01 -4.289609999999999812e-01 8.270000000000000441e-04
5.000000000000000000e+00 1.400000000000000000e+01 9.000000000000000000e+00 0.000000000000000000e+00 1.600000000000000089e+00 6.812000000000000347e-03 1.390599999999999996e-02 -9.998799999999999910e-01 -5.575440000000000396e-01 -8.300060000000000215e-01 -1.534199999999999973e-02 -8.301190000000000513e-01 5.575820000000000221e-01 2.099000000000000171e-03
8.000000000000000000e+00 1.400000000000000000e+01 9.000000000000000000e+00 0.000000000000000000e+00 1.600000000000000089e+00 6.486999999999999711e-03 1.646099999999999994e-02 -9.998430000000000373e-01 -5.559849999999999515e-01 -8.310119999999999729e-01 -1.728899999999999881e-02 -8.311669999999999892e-01 5.560100000000000042e-01 3.761000000000000020e-03
1.200000000000000000e+01 1.400000000000000000e+01 9.000000000000000000e+00 0.000000000000000000e+00 1.600000000000000089e+00 5.398000000000000020e-03 1.178500000000000034e-02 -9.999160000000000270e-01 -5.546240000000000059e-01 -8.320020000000000193e-01 -1.280000000000000061e-02 -8.320830000000000171e-01 5.546470000000000011e-01 2.044999999999999943e-03
1.600000000000000000e+01 1.400000000000000000e+01 9.000000000000000000e+00 0.000000000000000000e+00 1.600000000000000089e+00 2.449999999999999921e-03 3.092999999999999829e-03 -9.999919999999999920e-01 -5.551300000000000123e-01 -8.317539999999999933e-01 -3.932999999999999864e-03 -8.317600000000000549e-01 5.551350000000000451e-01 -3.209999999999999963e-04
2.000000000000000000e+00 3.100000000000000000e+01 1.200000000000000000e+01 0.000000000000000000e+00 1.600000000000000089e+00 -1.907000000000000058e-03 -8.429999999999999993e-04 9.999980000000000535e-01 1.500399999999999998e-02 9.998869999999999703e-01 8.720000000000000537e-04 -9.998860000000000525e-01 1.500499999999999924e-02 -1.894000000000000067e-03
5.000000000000000000e+00 3.100000000000000000e+01 1.200000000000000000e+01 0.000000000000000000e+00 1.600000000000000089e+00 -4.920000000000000328e-04 2.400000000000000061e-05 1.000000000000000000e+00 1.463599999999999970e-02 9.998930000000000318e-01 -1.699999999999999987e-05 -9.998930000000000318e-01 1.463599999999999970e-02 -4.929999999999999487e-04
1.000000000000000000e+01 3.100000000000000000e+01 1.200000000000000000e+01 0.000000000000000000e+00 1.600000000000000089e+00 6.999999999999999929e-04 4.539999999999999765e-04 1.000000000000000000e+00 1.457199999999999988e-02 9.998939999999999495e-01 -4.640000000000000027e-04 -9.998939999999999495e-01 1.457299999999999915e-02 6.930000000000000396e-04
2.300000000000000000e+01 3.100000000000000000e+01 1.200000000000000000e+01 0.000000000000000000e+00 1.600000000000000089e+00 2.730000000000000222e-04 -1.000000000000000082e-05 1.000000000000000000e+00 1.740600000000000133e-02 9.998479999999999590e-01 6.000000000000000152e-06 -9.998479999999999590e-01 1.740600000000000133e-02 2.730000000000000222e-04
2.600000000000000000e+01 3.200000000000000000e+01 1.400000000000000000e+01 0.000000000000000000e+00 1.600000000000000089e+00 1.077000000000000049e-03 2.590999999999999987e-03 -9.999959999999999960e-01 1.264840000000000131e-01 9.919649999999999856e-01 2.706000000000000072e-03 9.919679999999999609e-01 -1.264859999999999873e-01 7.410000000000000137e-04
6.000000000000000000e+00 1.200000000000000000e+01 1.500000000000000000e+01 0.000000000000000000e+00 1.600000000000000089e+00 4.831000000000000225e-03 5.045000000000000005e-03 -9.999759999999999760e-01 -4.684710000000000263e-01 -8.834530000000000438e-01 -6.720000000000000279e-03 -8.834659999999999735e-01 4.684920000000000195e-01 -1.904000000000000093e-03
1.300000000000000000e+01 1.160000000000000000e+02 1.600000000000000000e+01 0.000000000000000000e+00 1.600000000000000089e+00 -1.691000000000000012e-03 -2.356000000000000021e-03 9.999959999999999960e-01 7.016160000000000174e-01 7.125489999999999879e-01 2.864999999999999925e-03 -7.125529999999999919e-01 7.016179999999999639e-01 4.479999999999999933e-04
1.700000000000000000e+01 1.160000000000000000e+02 1.600000000000000000e+01 0.000000000000000000e+00 1.600000000000000089e+00 -8.970000000000000109e-04 -6.639999999999999852e-04 9.999989999999999712e-01 6.774839999999999751e-01 7.355369999999999964e-01 1.095999999999999969e-03 -7.355369999999999964e-01 6.774839999999999751e-01 -2.100000000000000087e-04
2.000000000000000000e+01 1.160000000000000000e+02 1.600000000000000000e+01 0.000000000000000000e+00 1.600000000000000089e+00 7.169999999999999724e-04 8.940000000000000464e-04 9.999989999999999712e-01 6.721089999999999565e-01 7.404519999999999991e-01 -1.144000000000000052e-03 -7.404519999999999991e-01 6.721089999999999565e-01 -6.999999999999999387e-05
2.800000000000000000e+01 1.160000000000000000e+02 1.600000000000000000e+01 0.000000000000000000e+00 1.600000000000000089e+00 1.588999999999999918e-03 -1.735999999999999913e-03 9.999970000000000248e-01 6.887529999999999486e-01 7.249959999999999738e-01 1.640000000000000019e-04 -7.249940000000000273e-01 6.887510000000000021e-01 2.347000000000000128e-03
7.000000000000000000e+00 2.000000000000000000e+00 1.900000000000000000e+01 0.000000000000000000e+00 1.600000000000000089e+00 -1.887999999999999921e-03 9.349999999999999587e-04 -9.999980000000000535e-01 1.687160000000000049e-01 -9.856639999999999846e-01 -1.240000000000000000e-03 -9.856629999999999558e-01 -1.687180000000000069e-01 1.703000000000000087e-03
1.100000000000000000e+01 2.000000000000000000e+00 1.900000000000000000e+01 0.000000000000000000e+00 1.600000000000000089e+00 -1.064000000000000059e-03 4.375999999999999682e-03 -9.999900000000000455e-01 1.607520000000000060e-01 -9.869850000000000012e-01 -4.491000000000000200e-03 -9.869940000000000380e-01 -1.607550000000000090e-01 3.469999999999999777e-04
1.600000000000000000e+01 2.000000000000000000e+00 1.900000000000000000e+01 0.000000000000000000e+00 1.600000000000000089e+00 3.282999999999999894e-03 2.030000000000000012e-04 -9.999949999999999672e-01 1.601819999999999911e-01 -9.870870000000000477e-01 3.260000000000000094e-04 -9.870820000000000149e-01 -1.601819999999999911e-01 -3.272999999999999868e-03
1.900000000000000000e+01 2.000000000000000000e+00 1.900000000000000000e+01 0.000000000000000000e+00 1.600000000000000089e+00 2.910999999999999959e-03 -1.804999999999999964e-03 -9.999940000000000495e-01 1.613860000000000017e-01 -9.868890000000000162e-01 2.250999999999999963e-03 -9.868869999999999587e-01 -1.613920000000000077e-01 -2.580999999999999961e-03
2.400000000000000000e+01 2.000000000000000000e+00 1.900000000000000000e+01 0.000000000000000000e+00 1.600000000000000089e+00 -6.830000000000000134e-04 -9.027000000000000302e-03 -9.999590000000000423e-01 1.621460000000000123e-01 -9.867280000000000495e-01 8.795999999999999999e-03 -9.867669999999999497e-01 -1.621340000000000003e-01 2.138000000000000143e-03
2.800000000000000000e+01 4.000000000000000000e+00 2.000000000000000000e+01 0.000000000000000000e+00 1.600000000000000089e+00 -8.989999999999999511e-04 -3.856000000000000053e-03 -9.999919999999999920e-01 2.567570000000000130e-01 -9.664700000000000513e-01 3.494999999999999843e-03 -9.664760000000000018e-01 -2.567519999999999802e-01 1.858999999999999975e-03
3.000000000000000000e+00 1.300000000000000000e+01 2.000000000000000000e+01 0.000000000000000000e+00 1.600000000000000089e+00 -1.981999999999999821e-03 -3.330000000000000169e-04 9.999980000000000535e-01 2.635520000000000085e-01 9.646449999999999747e-01 8.429999999999999993e-04 -9.646430000000000282e-01 2.635529999999999817e-01 -1.824000000000000100e-03
1.200000000000000000e+01 1.300000000000000000e+01 2.000000000000000000e+01 0.000000000000000000e+00 1.600000000000000089e+00 9.899999999999999404e-05 -1.871000000000000050e-03 9.999980000000000535e-01 2.608170000000000210e-01 9.653869999999999951e-01 1.779999999999999898e-03 -9.653880000000000239e-01 2.608159999999999923e-01 5.829999999999999679e-04
1.800000000000000000e+01 1.300000000000000000e+01 2.000000000000000000e+01 0.000000000000000000e+00 1.600000000000000089e+00 1.077999999999999965e-03 -2.609000000000000208e-03 9.999959999999999960e-01 2.620580000000000132e-01 9.650499999999999634e-01 2.236000000000000140e-03 -9.650520000000000209e-01 2.620540000000000092e-01 1.724000000000000055e-03
2.300000000000000000e+01 1.300000000000000000e+01 2.000000000000000000e+01 0.000000000000000000e+00 1.600000000000000089e+00 9.740000000000000394e-04 9.439999999999999607e-04 9.999989999999999712e-01 2.622269999999999879e-01 9.650060000000000304e-01 -1.165999999999999936e-03 -9.650060000000000304e-01 2.622280000000000166e-01 6.920000000000000153e-04
2.700000000000000000e+01 1.300000000000000000e+01 2.000000000000000000e+01 0.000000000000000000e+00 1.600000000000000089e+00 5.370000000000000424e-04 4.505999999999999589e-03 9.999900000000000455e-01 2.608679999999999888e-01 9.653639999999999999e-01 -4.490000000000000067e-03 -9.653739999999999544e-01 2.608679999999999888e-01 -6.570000000000000319e-04
1.200000000000000000e+01 1.600000000000000000e+01 2.100000000000000000e+01 0.000000000000000000e+00 1.600000000000000089e+00 6.610000000000000207e-04 4.180000000000000230e-04 1.000000000000000000e+00 2.990099999999999980e-01 9.542500000000000426e-01 -5.959999999999999586e-04 -9.542500000000000426e-01 2.990110000000000268e-01 5.060000000000000478e-04
2.000000000000000000e+01 1.600000000000000000e+01 2.100000000000000000e+01 0.000000000000000000e+00 1.600000000000000089e+00 6.359999999999999551e-04 -1.461999999999999975e-03 9.999989999999999712e-01 2.978390000000000204e-01 9.546160000000000201e-01 1.206000000000000041e-03 -9.546160000000000201e-01 2.978370000000000184e-01 1.043000000000000090e-03
2.400000000000000000e+01 1.600000000000000000e+01 2.100000000000000000e+01 0.000000000000000000e+00 1.600000000000000089e+00 1.430000000000000064e-04 1.931999999999999907e-03 9.999980000000000535e-01 2.955590000000000162e-01 9.553230000000000333e-01 -1.887999999999999921e-03 -9.553249999999999797e-01 2.955590000000000162e-01 -4.339999999999999782e-04
2.800000000000000000e+01 1.600000000000000000e+01 2.100000000000000000e+01 0.000000000000000000e+00 1.600000000000000089e+00 -3.519999999999999908e-04 2.030000000000000120e-03 9.999980000000000535e-01 2.941300000000000026e-01 9.557639999999999469e-01 -1.837000000000000091e-03 -9.557649999999999757e-01 2.941289999999999738e-01 -9.340000000000000429e-04
2.400000000000000000e+01 4.600000000000000000e+01 2.700000000000000000e+01 0.000000000000000000e+00 1.600000000000000089e+00 1.087999999999999991e-03 1.603999999999999957e-03 -9.999980000000000535e-01 6.885480000000000489e-01 7.251880000000000548e-01 1.912000000000000071e-03 7.251900000000000013e-01 -6.885489999999999666e-01 -3.150000000000000131e-04
9.000000000000000000e+00 4.600000000000000000e+01 3.000000000000000000e+01 0.000000000000000000e+00 1.600000000000000089e+00 4.899999999999999842e-05 -4.640000000000000027e-04 -1.000000000000000000e+00 3.367850000000000010e-01 9.415820000000000300e-01 -4.209999999999999875e-04 9.415820000000000300e-01 -3.367850000000000010e-01 2.030000000000000012e-04
2.000000000000000000e+00 5.800000000000000000e+01 3.100000000000000000e+01 0.000000000000000000e+00 1.600000000000000089e+00 3.363999999999999803e-03 2.726999999999999823e-03 9.999909999999999632e-01 -7.983289999999999553e-01 -6.022060000000000191e-01 4.328000000000000250e-03 6.022119999999999695e-01 -7.983360000000000456e-01 1.510000000000000112e-04
1.000000000000000000e+01 5.800000000000000000e+01 3.100000000000000000e+01 0.000000000000000000e+00 1.600000000000000089e+00 -1.703000000000000087e-03 2.030000000000000012e-04 9.999989999999999712e-01 -7.981549999999999478e-01 -6.024509999999999588e-01 -1.237000000000000035e-03 6.024500000000000410e-01 -7.981559999999999766e-01 1.188000000000000037e-03
1.500000000000000000e+01 5.800000000000000000e+01 3.100000000000000000e+01 0.000000000000000000e+00 1.600000000000000089e+00 1.420000000000000092e-04 5.770000000000000389e-04 1.000000000000000000e+00 -7.968399999999999928e-01 -6.041900000000000048e-01 4.620000000000000083e-04 6.041900000000000048e-01 -7.968399999999999928e-01 3.739999999999999835e-04
2.100000000000000000e+01 5.800000000000000000e+01 3.100000000000000000e+01 0.000000000000000000e+00 1.600000000000000089e+00 -1.023000000000000038e-03 -8.399999999999999535e-05 1.000000000000000000e+00 -7.980620000000000491e-01 -6.025749999999999718e-01 -8.670000000000000406e-04 6.025740000000000540e-01 -7.980629999999999669e-01 5.490000000000000088e-04
2.600000000000000000e+01 5.800000000000000000e+01 3.100000000000000000e+01 0.000000000000000000e+00 1.600000000000000089e+00 1.200000000000000030e-05 -2.691999999999999948e-03 9.999959999999999960e-01 -7.970129999999999715e-01 -6.039600000000000524e-01 -1.616000000000000032e-03 6.039619999999999989e-01 -7.970099999999999962e-01 -2.152999999999999966e-03
1.700000000000000000e+01 3.200000000000000000e+01 3.300000000000000000e+01 0.000000000000000000e+00 1.600000000000000089e+00 2.000000000000000042e-03 1.997000000000000077e-03 9.999959999999999960e-01 -2.691890000000000116e-01 9.630859999999999976e-01 -1.384999999999999946e-03 -9.630849999999999689e-01 -2.691850000000000076e-01 2.462999999999999912e-03
3.000000000000000000e+00 4.600000000000000000e+01 3.500000000000000000e+01 0.000000000000000000e+00 1.600000000000000089e+00 2.930000000000000204e-04 -6.669999999999999497e-04 -1.000000000000000000e+00 3.905830000000000135e-01 -9.205670000000000242e-01 7.280000000000000230e-04 -9.205680000000000529e-01 -3.905830000000000135e-01 -9.000000000000000228e-06
1.000000000000000000e+01 4.600000000000000000e+01 3.500000000000000000e+01 0.000000000000000000e+00 1.600000000000000089e+00 4.169999999999999987e-04 2.639999999999999986e-03 -9.999959999999999960e-01 3.909850000000000270e-01 -9.203940000000000454e-01 -2.266999999999999918e-03 -9.203970000000000207e-01 -3.909830000000000250e-01 -1.415999999999999941e-03
1.800000000000000000e+01 4.600000000000000000e+01 3.500000000000000000e+01 0.000000000000000000e+00 1.600000000000000089e+00 9.179999999999999792e-04 -5.733000000000000249e-03 -9.999829999999999552e-01 3.901680000000000148e-01 -9.207269999999999621e-01 5.636000000000000384e-03 -9.207429999999999781e-01 -3.901660000000000128e-01 1.392000000000000008e-03
2.200000000000000000e+01 4.600000000000000000e+01 3.500000000000000000e+01 0.000000000000000000e+00 1.600000000000000089e+00 2.249999999999999938e-04 -6.719999999999999628e-04 -1.000000000000000000e+00 3.893880000000000119e-01 -9.210739999999999483e-01 7.060000000000000303e-04 -9.210739999999999483e-01 -3.893880000000000119e-01 5.500000000000000196e-05
2.800000000000000000e+01 4.600000000000000000e+01 3.500000000000000000e+01 0.000000000000000000e+00 1.600000000000000089e+00 1.165999999999999936e-03 -2.425000000000000072e-03 -9.999959999999999960e-01 3.866299999999999737e-01 -9.222310000000000230e-01 2.687000000000000152e-03 -9.222339999999999982e-01 -3.866319999999999757e-01 -1.379999999999999933e-04
4.000000000000000000e+00 9.500000000000000000e+01 3.600000000000000000e+01 0.000000000000000000e+00 1.600000000000000089e+00 2.612999999999999871e-03 1.790699999999999931e-02 9.998359999999999470e-01 9.967390000000000416e-01 8.058899999999999397e-02 -4.048000000000000383e-03 -8.064799999999999747e-02 9.965870000000000006e-01 -1.763800000000000090e-02
8.000000000000000000e+00 9.500000000000000000e+01 3.600000000000000000e+01 0.000000000000000000e+00 1.600000000000000089e+00 -7.489999999999999913e-04 -9.360000000000000264e-03 9.999559999999999560e-01 9.972330000000000361e-01 7.432300000000000018e-02 1.441999999999999922e-03 -7.433299999999999630e-02 9.971900000000000208e-01 9.279000000000000789e-03
1.100000000000000000e+01 9.500000000000000000e+01 3.600000000000000000e+01 0.000000000000000000e+00 1.600000000000000089e+00 -3.027000000000000177e-03 -2.520100000000000118e-02 9.996779999999999555e-01 9.972739999999999938e-01 7.362900000000000000e-02 4.874999999999999993e-03 -7.372800000000000187e-02 9.969670000000000476e-01 2.490900000000000059e-02
1.400000000000000000e+01 9.500000000000000000e+01 3.600000000000000000e+01 0.000000000000000000e+00 1.600000000000000089e+00 -2.138999999999999842e-03 -1.842399999999999941e-02 9.998280000000000500e-01 9.973090000000000011e-01 7.323300000000000642e-02 3.482999999999999985e-03 -7.328500000000000292e-02 9.971449999999999481e-01 1.821700000000000055e-02
1.900000000000000000e+01 9.500000000000000000e+01 3.600000000000000000e+01 0.000000000000000000e+00 1.600000000000000089e+00 -1.257000000000000088e-03 3.980000000000000031e-03 9.999909999999999632e-01 9.970390000000000086e-01 7.688599999999999601e-02 9.470000000000000336e-04 -7.688100000000000489e-02 9.970320000000000293e-01 -4.065000000000000037e-03
2.200000000000000000e+01 9.500000000000000000e+01 3.600000000000000000e+01 0.000000000000000000e+00 1.600000000000000089e+00 -1.800000000000000046e-05 6.596000000000000300e-03 9.999780000000000335e-01 9.968390000000000306e-01 7.945000000000000673e-02 -5.060000000000000478e-04 -7.945199999999999485e-02 9.968169999999999531e-01 -6.576000000000000248e-03
5.000000000000000000e+00 3.000000000000000000e+00 4.300000000000000000e+01 0.000000000000000000e+00 1.600000000000000089e+00 2.272000000000000148e-03 8.330999999999999864e-03 -9.999630000000000463e-01 7.391029999999999545e-01 -6.735809999999999853e-01 -3.932999999999999864e-03 -6.735889999999999933e-01 -7.390660000000000007e-01 -7.688000000000000389e-03
1.000000000000000000e+01 3.000000000000000000e+00 4.300000000000000000e+01 0.000000000000000000e+00 1.600000000000000089e+00 -2.732000000000000053e-03 -6.237000000000000356e-03 -9.999770000000000048e-01 7.388559999999999572e-01 -6.738589999999999858e-01 2.184999999999999876e-03 -6.738579999999999570e-01 -7.388329999999999620e-01 6.448999999999999871e-03
1.600000000000000000e+01 3.000000000000000000e+00 4.300000000000000000e+01 0.000000000000000000e+00 1.600000000000000089e+00 1.427000000000000100e-03 9.890000000000000787e-04 -9.999980000000000535e-01 7.357789999999999608e-01 -6.772219999999999906e-01 3.800000000000000209e-04 -6.772200000000000442e-01 -7.357780000000000431e-01 -1.693999999999999976e-03
8.000000000000000000e+00 8.000000000000000000e+00 4.400000000000000000e+01 0.000000000000000000e+00 1.600000000000000089e+00 -2.579999999999999828e-04 1.624999999999999925e-03 9.999989999999999712e-01 -7.875189999999999690e-01 -6.162900000000000045e-01 7.979999999999999897e-04 6.162910000000000332e-01 -7.875170000000000226e-01 1.438999999999999958e-03
1.700000000000000000e+01 8.000000000000000000e+00 4.400000000000000000e+01 0.000000000000000000e+00 1.600000000000000089e+00 -3.800000000000000209e-05 1.399999999999999986e-03 9.999989999999999712e-01 -7.837429999999999675e-01 -6.210839999999999694e-01 8.390000000000000105e-04 6.210849999999999982e-01 -7.837420000000000497e-01 1.121000000000000035e-03
2.000000000000000000e+00 2.900000000000000000e+01 4.400000000000000000e+01 0.000000000000000000e+00 1.600000000000000089e+00 1.690000000000000096e-03 -2.890999999999999907e-03 -9.999940000000000495e-01 6.739220000000000210e-01 7.388019999999999587e-01 -9.970000000000000563e-04 7.388000000000000123e-01 -6.739169999999999883e-01 3.197000000000000189e-03
7.000000000000000000e+00 2.900000000000000000e+01 4.400000000000000000e+01 0.000000000000000000e+00 1.600000000000000089e+00 1.066000000000000107e-03 -2.504000000000000149e-03 -9.999959999999999960e-01 6.766299999999999537e-01 7.363229999999999498e-01 -1.123000000000000083e-03 7.363229999999999498e-01 -6.766259999999999497e-01 2.480000000000000000e-03
1.100000000000000000e+01 2.900000000000000000e+01 4.400000000000000000e+01 0.000000000000000000e+00 1.600000000000000089e+00 -3.611000000000000060e-03 -2.919999999999999853e-03 -9.999890000000000168e-01 6.773209999999999509e-01 7.356740000000000501e-01 -4.593999999999999993e-03 7.356789999999999718e-01 -6.773299999999999876e-01 -6.790000000000000245e-04
2.200000000000000000e+01 2.900000000000000000e+01 4.400000000000000000e+01 0.000000000000000000e+00 1.600000000000000089e+00 -1.837000000000000091e-03 3.649999999999999816e-04 -9.999980000000000535e-01 6.561139999999999750e-01 7.546610000000000262e-01 -9.300000000000000541e-04 7.546599999999999975e-01 -6.561139999999999750e-01 -1.626000000000000058e-03
1.500000000000000000e+01 7.000000000000000000e+01 4.700000000000000000e+01 0.000000000000000000e+00 1.600000000000000089e+00 -4.859999999999999954e-04 -3.849999999999999798e-04 -1.000000000000000000e+00 -8.423040000000000527e-01 -5.390030000000000099e-01 6.170000000000000354e-04 -5.390030000000000099e-01 8.423040000000000527e-01 -6.200000000000000270e-05
1.600000000000000000e+01 6.000000000000000000e+00 5.100000000000000000e+01 0.000000000000000000e+00 1.600000000000000089e+00 -1.466000000000000072e-03 -2.269999999999999882e-04 -9.999989999999999712e-01 3.236020000000000008e-01 -9.461929999999999508e-01 -2.599999999999999772e-04 -9.461920000000000330e-01 -3.236020000000000008e-01 1.461000000000000059e-03
1.100000000000000000e+01 1.150000000000000000e+02 5.100000000000000000e+01 0.000000000000000000e+00 1.600000000000000089e+00 -1.814999999999999990e-03 -4.884999999999999586e-03 9.999860000000000415e-01 8.440900000000000070e-01 -5.362000000000000099e-01 -1.087000000000000076e-03 5.361979999999999524e-01 8.440769999999999662e-01 5.095999999999999835e-03
1.900000000000000000e+01 7.000000000000000000e+00 5.200000000000000000e+01 0.000000000000000000e+00 1.600000000000000089e+00 3.563000000000000195e-03 -2.521999999999999936e-03 -9.999909999999999632e-01 8.889099999999999779e-02 -9.960369999999999502e-01 2.827999999999999785e-03 -9.960350000000000037e-01 -8.890099999999999392e-02 -3.324999999999999831e-03
2.000000000000000000e+00 6.300000000000000000e+01 5.400000000000000000e+01 0.000000000000000000e+00 1.600000000000000089e+00 -3.138000000000000164e-03 1.276000000000000007e-03 9.999940000000000495e-01 -3.562040000000000206e-01 9.344050000000000411e-01 -2.309999999999999987e-03 -9.344029999999999836e-01 -3.562089999999999979e-01 -2.478000000000000168e-03
9.000000000000000000e+00 6.300000000000000000e+01 5.400000000000000000e+01 0.000000000000000000e+00 1.600000000000000089e+00 1.745000000000000023e-03 -1.477000000000000014e-03 9.999970000000000248e-01 -3.503299999999999748e-01 9.366240000000000121e-01 1.994000000000000113e-03 -9.366250000000000409e-01 -3.503319999999999768e-01 1.116999999999999937e-03
1.600000000000000000e+01 6.300000000000000000e+01 5.400000000000000000e+01 0.000000000000000000e+00 1.600000000000000089e+00 -6.980000000000000527e-04 -1.000000000000000048e-04 1.000000000000000000e+00 -3.534530000000000172e-01 9.354519999999999502e-01 -1.540000000000000028e-04 -9.354519999999999502e-01 -3.534530000000000172e-01 -6.890000000000000508e-04
2.200000000000000000e+01 6.300000000000000000e+01 5.400000000000000000e+01 0.000000000000000000e+00 1.600000000000000089e+00 4.780000000000000178e-04 3.930999999999999599e-03 9.999919999999999920e-01 -3.556400000000000117e-01 9.346160000000000023e-01 -3.504000000000000170e-03 -9.346229999999999816e-01 -3.556349999999999789e-01 1.845000000000000069e-03
2.500000000000000000e+01 6.300000000000000000e+01 5.400000000000000000e+01 0.000000000000000000e+00 1.600000000000000089e+00 -7.370000000000000249e-04 2.275000000000000112e-03 9.999970000000000248e-01 -3.564100000000000046e-01 9.343259999999999899e-01 -2.387999999999999932e-03 -9.343289999999999651e-01 -3.564109999999999778e-01 1.219999999999999974e-04
2.700000000000000000e+01 6.300000000000000000e+01 5.400000000000000000e+01 0.000000000000000000e+00 1.600000000000000089e+00 -9.070000000000000371e-04 -5.410000000000000312e-04 9.999989999999999712e-01 -3.570169999999999733e-01 9.340979999999999839e-01 1.820000000000000057e-04 -9.340969999999999551e-01 -3.570169999999999733e-01 -1.039999999999999909e-03
7.000000000000000000e+00 2.500000000000000000e+01 5.500000000000000000e+01 0.000000000000000000e+00 1.600000000000000089e+00 1.540000000000000028e-04 2.527999999999999865e-03 -9.999970000000000248e-01 -1.084199999999999921e-02 -9.999379999999999935e-01 -2.530000000000000131e-03 -9.999409999999999688e-01 1.084199999999999921e-02 -1.259999999999999998e-04
1.100000000000000000e+01 2.500000000000000000e+01 5.500000000000000000e+01 0.000000000000000000e+00 1.600000000000000089e+00 4.970000000000000459e-04 1.495000000000000018e-03 -9.999989999999999712e-01 -1.126599999999999997e-02 -9.999350000000000183e-01 -1.500000000000000031e-03 -9.999360000000000470e-01 1.126699999999999924e-02 -4.800000000000000122e-04
1.600000000000000000e+01 2.500000000000000000e+01 5.500000000000000000e+01 0.000000000000000000e+00 1.600000000000000089e+00 -4.510000000000000120e-04 -1.525000000000000097e-03 -9.999989999999999712e-01 -1.206499999999999934e-02 -9.999259999999999815e-01 1.529999999999999893e-03 -9.999270000000000103e-01 1.206499999999999934e-02 4.319999999999999838e-04
2.000000000000000000e+01 2.500000000000000000e+01 5.500000000000000000e+01 0.000000000000000000e+00 1.600000000000000089e+00 1.479000000000000063e-03 -2.329999999999999986e-04 -9.999989999999999712e-01 -1.240400000000000010e-02 -9.999230000000000063e-01 2.149999999999999947e-04 -9.999219999999999775e-01 1.240300000000000083e-02 -1.482000000000000027e-03
2.600000000000000000e+01 2.500000000000000000e+01 5.500000000000000000e+01 0.000000000000000000e+00 1.600000000000000089e+00 -3.260000000000000094e-04 -7.280000000000000230e-04 -1.000000000000000000e+00 -1.211399999999999977e-02 -9.999259999999999815e-01 7.320000000000000118e-04 -9.999270000000000103e-01 1.211399999999999977e-02 3.170000000000000075e-04
4.000000000000000000e+00 6.000000000000000000e+00 6.100000000000000000e+01 0.000000000000000000e+00 1.600000000000000089e+00 8.270000000000000441e-04 9.705999999999999350e-03 9.999529999999999808e-01 5.620220000000000216e-01 -8.270880000000000454e-01 7.563000000000000278e-03 8.271220000000000239e-01 5.619889999999999608e-01 -6.139000000000000359e-03
5.000000000000000000e+00 2.700000000000000000e+01 6.300000000000000000e+01 0.000000000000000000e+00 1.600000000000000089e+00 4.749999999999999990e-04 -1.423000000000000003e-03 9.999989999999999712e-01 -2.813530000000000197e-01 9.596029999999999838e-01 1.498999999999999898e-03 -9.596040000000000125e-01 -2.813530000000000197e-01 5.500000000000000196e-05
9.000000000000000000e+00 2.700000000000000000e+01 6.300000000000000000e+01 0.000000000000000000e+00 1.600000000000000089e+00 2.877999999999999916e-03 3.612999999999999892e-03 9.999890000000000168e-01 -2.835289999999999755e-01 9.589600000000000346e-01 -2.648999999999999879e-03 -9.589590000000000058e-01 -2.835179999999999922e-01 3.784000000000000037e-03
1.300000000000000000e+01 2.700000000000000000e+01 6.300000000000000000e+01 0.000000000000000000e+00 1.600000000000000089e+00 2.079000000000000119e-03 2.446999999999999956e-03 9.999949999999999672e-01 -2.846110000000000029e-01 9.586409999999999654e-01 -1.753999999999999917e-03 -9.586409999999999654e-01 -2.846060000000000256e-01 2.690000000000000117e-03
2.100000000000000000e+01 2.700000000000000000e+01 6.300000000000000000e+01 0.000000000000000000e+00 1.600000000000000089e+00 1.817000000000000039e-03 -6.620000000000000450e-04 9.999980000000000535e-01 -2.876819999999999933e-01 9.577250000000000485e-01 1.155999999999999910e-03 -9.577240000000000197e-01 -2.876830000000000220e-01 1.549000000000000030e-03
2.500000000000000000e+01 2.700000000000000000e+01 6.300000000000000000e+01 0.000000000000000000e+00 1.600000000000000089e+00 -5.039999999999999992e-04 5.337999999999999863e-03 9.999860000000000415e-01 -2.908120000000000149e-01 9.567660000000000053e-01 -5.253999999999999990e-03 -9.567799999999999638e-01 -2.908109999999999862e-01 1.070999999999999903e-03
5.000000000000000000e+00 2.600000000000000000e+01 6.400000000000000000e+01 0.000000000000000000e+00 1.600000000000000089e+00 9.749999999999999552e-04 -2.285000000000000139e-03 9.999970000000000248e-01 -3.665100000000000025e-01 9.304109999999999880e-01 2.482999999999999964e-03 -9.304139999999999633e-01 -3.665109999999999757e-01 6.999999999999999387e-05
8.000000000000000000e+00 2.600000000000000000e+01 6.400000000000000000e+01 0.000000000000000000e+00 1.600000000000000089e+00 2.802999999999999936e-03 3.180999999999999800e-03 9.999909999999999632e-01 -3.679450000000000220e-01 9.298459999999999503e-01 -1.926999999999999894e-03 -9.298429999999999751e-01 -3.679359999999999853e-01 3.776999999999999975e-03
1.300000000000000000e+01 2.600000000000000000e+01 6.400000000000000000e+01 0.000000000000000000e+00 1.600000000000000089e+00 2.347000000000000128e-03 1.991999999999999847e-03 9.999949999999999672e-01 -3.689350000000000129e-01 9.294550000000000312e-01 -9.859999999999998974e-04 -9.294519999999999449e-01 -3.689310000000000089e-01 2.916999999999999888e-03
2.100000000000000000e+01 2.600000000000000000e+01 6.400000000000000000e+01 0.000000000000000000e+00 1.600000000000000089e+00 3.720000000000000216e-03 1.356999999999999916e-03 9.999919999999999920e-01 -3.709180000000000255e-01 9.286659999999999915e-01 1.190000000000000058e-04 -9.286579999999999835e-01 -3.709160000000000235e-01 3.957999999999999713e-03
2.500000000000000000e+01 2.600000000000000000e+01 6.400000000000000000e+01 0.000000000000000000e+00 1.600000000000000089e+00 -7.820000000000000345e-04 7.891999999999999710e-03 9.999689999999999968e-01 -3.718150000000000066e-01 9.282759999999999900e-01 -7.616999999999999639e-03 -9.283069999999999933e-01 -3.718090000000000006e-01 2.207999999999999893e-03
2.900000000000000000e+01 2.600000000000000000e+01 6.400000000000000000e+01 0.000000000000000000e+00 1.600000000000000089e+00 -2.608000000000000075e-03 5.379000000000000101e-03 9.999820000000000375e-01 -3.681220000000000048e-01 9.297590000000000021e-01 -5.961000000000000153e-03 -9.297739999999999894e-01 -3.681309999999999860e-01 -4.440000000000000045e-04
7.000000000000000000e+00 6.900000000000000000e+01 6.600000000000000000e+01 0.000000000000000000e+00 1.600000000000000089e+00 3.840999999999999796e-03 -1.810999999999999893e-03 9.999909999999999632e-01 -9.500610000000000444e-01 3.120370000000000088e-01 4.214999999999999997e-03 -3.120410000000000128e-01 -9.500680000000000236e-01 -5.220000000000000031e-04
6.000000000000000000e+00 2.500000000000000000e+01 7.300000000000000000e+01 0.000000000000000000e+00 1.600000000000000089e+00 2.709999999999999735e-04 8.310000000000000329e-04 1.000000000000000000e+00 7.526110000000000300e-01 -6.584659999999999958e-01 3.429999999999999889e-04 6.584659999999999958e-01 7.526100000000000012e-01 -8.040000000000000271e-04
1.200000000000000000e+01 2.500000000000000000e+01 7.300000000000000000e+01 0.000000000000000000e+00 1.600000000000000089e+00 3.060000000000000111e-04 -1.688999999999999963e-03 9.999989999999999712e-01 7.501959999999999740e-01 -6.612139999999999684e-01 -1.345999999999999974e-03 6.612160000000000259e-01 7.501949999999999452e-01 1.064000000000000059e-03
1.600000000000000000e+01 2.500000000000000000e+01 7.300000000000000000e+01 0.000000000000000000e+00 1.600000000000000089e+00 -3.883000000000000167e-03 -2.592000000000000120e-03 9.999890000000000168e-01 7.518960000000000088e-01 -6.592799999999999772e-01 1.211000000000000054e-03 6.592700000000000227e-01 7.518930000000000335e-01 4.508999999999999987e-03
2.900000000000000000e+01 2.500000000000000000e+01 7.300000000000000000e+01 0.000000000000000000e+00 1.600000000000000089e+00 3.161000000000000181e-03 6.642999999999999600e-03 9.999730000000000008e-01 7.592950000000000532e-01 -6.507439999999999891e-01 1.923000000000000013e-03 6.507389999999999564e-01 7.592680000000000540e-01 -7.100999999999999673e-03
1.000000000000000000e+00 4.400000000000000000e+01 7.300000000000000000e+01 0.000000000000000000e+00 1.600000000000000089e+00 2.550000000000000183e-04 1.150000000000000035e-04 1.000000000000000000e+00 5.187900000000000150e-02 -9.986530000000000129e-01 1.019999999999999992e-04 9.986530000000000129e-01 5.187900000000000150e-02 -2.599999999999999772e-04
5.000000000000000000e+00 4.400000000000000000e+01 7.300000000000000000e+01 0.000000000000000000e+00 1.600000000000000089e+00 2.290000000000000098e-04 -2.700000000000000035e-04 1.000000000000000000e+00 5.203100000000000086e-02 -9.986450000000000049e-01 -2.820000000000000241e-04 9.986450000000000049e-01 5.203100000000000086e-02 -2.139999999999999975e-04
9.000000000000000000e+00 4.400000000000000000e+01 7.300000000000000000e+01 0.000000000000000000e+00 1.600000000000000089e+00 1.312000000000000015e-03 7.569999999999999689e-04 9.999989999999999712e-01 5.329400000000000109e-02 -9.985789999999999944e-01 6.859999999999999779e-04 9.985779999999999657e-01 5.329300000000000009e-02 -1.350000000000000071e-03
1.500000000000000000e+01 4.400000000000000000e+01 7.300000000000000000e+01 0.000000000000000000e+00 1.600000000000000089e+00 1.103000000000000031e-03 4.284999999999999747e-03 9.999900000000000455e-01 5.510999999999999927e-02 -9.984709999999999974e-01 4.218000000000000395e-03 9.984800000000000342e-01 5.510500000000000120e-02 -1.337000000000000081e-03
2.200000000000000000e+01 4.400000000000000000e+01 7.300000000000000000e+01 0.000000000000000000e+00 1.600000000000000089e+00 8.379999999999999862e-04 2.524000000000000202e-03 9.999959999999999960e-01 5.483699999999999686e-02 -9.984920000000000462e-01 2.474000000000000071e-03 9.984950000000000214e-01 5.483500000000000180e-02 -9.749999999999999552e-04
2.600000000000000000e+01 4.400000000000000000e+01 7.300000000000000000e+01 0.000000000000000000e+00 1.600000000000000089e+00 -1.902000000000000045e-03 -1.090000000000000040e-03 9.999980000000000535e-01 5.423000000000000043e-02 -9.985279999999999712e-01 -9.849999999999999815e-04 9.985270000000000534e-01 5.422799999999999843e-02 1.958000000000000105e-03
2.600000000000000000e+01 2.500000000000000000e+01 7.400000000000000000e+01 0.000000000000000000e+00 1.600000000000000089e+00 1.747000000000000072e-03 6.772000000000000242e-03 9.999759999999999760e-01 8.301250000000000018e-01 -5.575719999999999565e-01 2.325999999999999943e-03 5.575740000000000141e-01 8.301009999999999778e-01 -6.595000000000000168e-03
4.000000000000000000e+00 9.900000000000000000e+01 7.500000000000000000e+01 0.000000000000000000e+00 1.600000000000000089e+00 3.119999999999999944e-04 -2.050000000000000173e-03 -9.999980000000000535e-01 -8.858730000000000215e-01 4.639260000000000050e-01 -1.227000000000000009e-03 4.639280000000000070e-01 8.858719999999999928e-01 -1.670999999999999959e-03
2.200000000000000000e+01 5.100000000000000000e+01 7.600000000000000000e+01 0.000000000000000000e+00 1.600000000000000089e+00 -7.240000000000000342e-04 -3.119999999999999944e-04 -1.000000000000000000e+00 -4.145690000000000208e-01 -9.100179999999999936e-01 5.839999999999999922e-04 -9.100179999999999936e-01 4.145690000000000208e-01 5.289999999999999564e-04
2.900000000000000000e+01 5.100000000000000000e+01 7.600000000000000000e+01 0.000000000000000000e+00 1.600000000000000089e+00 -1.056999999999999997e-03 1.039999999999999936e-04 -9.999989999999999712e-01 -4.118640000000000079e-01 -9.112449999999999717e-01 3.409999999999999945e-04 -9.112449999999999717e-01 4.118640000000000079e-01 1.005999999999999950e-03
8.000000000000000000e+00 9.100000000000000000e+01 7.600000000000000000e+01 0.000000000000000000e+00 1.600000000000000089e+00 1.700000000000000122e-04 -2.990000000000000036e-04 1.000000000000000000e+00 3.310500000000000109e-01 -9.436130000000000351e-01 -3.379999999999999758e-04 9.436130000000000351e-01 3.310500000000000109e-01 -6.099999999999999872e-05
1.300000000000000000e+01 9.100000000000000000e+01 7.600000000000000000e+01 0.000000000000000000e+00 1.600000000000000089e+00 7.870000000000000476e-04 -2.154999999999999798e-03 9.999970000000000248e-01 3.166209999999999858e-01 -9.485489999999999755e-01 -2.292999999999999899e-03 9.485519999999999508e-01 3.166220000000000145e-01 -6.499999999999999431e-05
