2.000000000000000000e+01 1.500000000000000000e+01 4.000000000000000000e+00 0.000000000000000000e+00 1.600000000000000089e+00 -1.033999999999999980e-03 2.953799999999999829e-02 9.995629999999999793e-01 3.826629999999999754e-01 -9.234729999999999883e-01 2.768500000000000127e-02 9.238880000000000425e-01 3.825239999999999752e-01 -1.034799999999999956e-02
2.000000000000000000e+00 1.300000000000000000e+01 5.000000000000000000e+00 0.000000000000000000e+00 1.600000000000000089e+00 -5.028999999999999616e-03 5.668200000000000321e-02 9.983800000000000452e-01 3.415150000000000130e-01 -9.382660000000000444e-01 5.498999999999999722e-02 9.398630000000000040e-01 3.412379999999999858e-01 -1.463899999999999924e-02
8.000000000000000000e+00 1.000000000000000000e+00 6.000000000000000000e+00 0.000000000000000000e+00 1.600000000000000089e+00 -1.779700000000000032e-02 1.144600000000000062e-01 -9.932680000000000398e-01 -1.817749999999999921e-01 -9.772410000000000263e-01 -1.093559999999999949e-01 -9.831790000000000251e-01 1.786050000000000137e-01 3.819800000000000278e-02
4.000000000000000000e+00 1.010000000000000000e+02 7.000000000000000000e+00 0.000000000000000000e+00 1.600000000000000089e+00 6.719999999999999628e-04 2.175500000000000003e-02 9.997629999999999573e-01 8.890930000000000222e-01 4.576049999999999840e-01 -1.055500000000000015e-02 -4.577260000000000217e-01 8.888899999999999579e-01 -1.903499999999999984e-02
1.300000000000000000e+01 1.010000000000000000e+02 7.000000000000000000e+00 0.000000000000000000e+00 1.600000000000000089e+00 -1.154999999999999994e-03 -5.424000000000000002e-03 9.999850000000000128e-01 8.882970000000000033e-01 4.592559999999999976e-01 3.517000000000000161e-03 -4.592680000000000096e-01 8.882870000000000488e-01 4.287000000000000012e-03
1.800000000000000000e+01 1.010000000000000000e+02 7.000000000000000000e+00 0.000000000000000000e+00 1.600000000000000089e+00 -8.490000000000000368e-04 1.194800000000000029e-02 9.999280000000000390e-01 8.861780000000000213e-01 4.633209999999999829e-01 -4.784000000000000058e-03 -4.633450000000000069e-01 8.861099999999999532e-01 -1.098200000000000044e-02
2.900000000000000000e+01 1.010000000000000000e+02 7.000000000000000000e+00 0.000000000000000000e+00 1.600000000000000089e+00 -6.629999999999999609e-04 7.380000000000000492e-04 1.000000000000000000e+00 8.850540000000000074e-01 4.654889999999999861e-01 2.429999999999999977e-04 -4.654889999999999861e-01 8.850529999999999786e-01 -9.619999999999999645e-04
2.100000000000000000e+01 1.500000000000000000e+01 8.000000000000000000e+00 0.000000000000000000e+00 1.600000000000000089e+00 9.929999999999999591e-04 1.798599999999999852e-02 -9.998380000000000045e-01 -6.145059999999999967e-01 -7.887729999999999464e-01 -1.480000000000000066e-02 -7.889110000000000289e-01 6.144209999999999949e-01 1.026900000000000035e-02
5.000000000000000000e+00 2.500000000000000000e+01 8.000000000000000000e+00 0.000000000000000000e+00 1.600000000000000089e+00 -1.706999999999999967e-03 -1.941000000000000017e-03 -9.999970000000000248e-01 4.466010000000000257e-01 8.947300000000000253e-01 -2.498999999999999919e-03 8.947319999999999718e-01 -4.466040000000000010e-01 -6.599999999999999964e-04
1.200000000000000000e+01 2.500000000000000000e+01 8.000000000000000000e+00 0.000000000000000000e+00 1.600000000000000089e+00 -3.420000000000000188e-04 2.769000000000000194e-03 -9.999959999999999960e-01 4.468960000000000155e-01 8.945830000000000171e-01 2.324000000000000111e-03 8.945859999999999923e-01 -4.468940000000000135e-01 -1.543000000000000101e-03
1.500000000000000000e+01 2.500000000000000000e+01 8.000000000000000000e+00 0.000000000000000000e+00 1.600000000000000089e+00 -1.258000000000000004e-03 4.669000000000000407e-03 -9.999879999999999880e-01 4.474040000000000239e-01 8.943250000000000366e-01 3.612999999999999892e-03 8.943309999999999871e-01 -4.473940000000000139e-01 -3.213999999999999843e-03
2.000000000000000000e+01 2.500000000000000000e+01 8.000000000000000000e+00 0.000000000000000000e+00 1.600000000000000089e+00 -6.570000000000000319e-04 -1.118000000000000070e-03 -9.999989999999999712e-01 4.486809999999999965e-01 8.936910000000000132e-01 -1.294000000000000011e-03 8.936920000000000419e-01 -4.486820000000000253e-01 -8.600000000000000331e-05
2.200000000000000000e+01 2.500000000000000000e+01 8.000000000000000000e+00 0.000000000000000000e+00 1.600000000000000089e+00 -4.899999999999999842e-05 -1.719000000000000042e-03 -9.999989999999999712e-01 4.485379999999999923e-01 8.937629999999999741e-01 -1.559000000000000056e-03 8.937640000000000029e-01 -4.485370000000000190e-01 7.269999999999999987e-04
5.000000000000000000e+00 2.400000000000000000e+01 9.000000000000000000e+00 0.000000000000000000e+00 1.600000000000000089e+00 -8.469999999999999881e-04 -3.699999999999999947e-04 -1.000000000000000000e+00 4.528619999999999868e-01 8.915800000000000392e-01 -7.129999999999999836e-04 8.915800000000000392e-01 -4.528619999999999868e-01 -5.879999999999999810e-04
9.000000000000000000e+00 2.400000000000000000e+01 9.000000000000000000e+00 0.000000000000000000e+00 1.600000000000000089e+00 -5.090000000000000123e-04 -4.761999999999999740e-03 -9.999890000000000168e-01 4.522410000000000041e-01 8.918840000000000101e-01 -4.478000000000000209e-03 8.918949999999999934e-01 -4.522390000000000021e-01 1.698999999999999989e-03
1.500000000000000000e+01 2.400000000000000000e+01 9.000000000000000000e+00 0.000000000000000000e+00 1.600000000000000089e+00 -1.765000000000000076e-03 4.017999999999999870e-03 -9.999900000000000455e-01 4.546540000000000026e-01 8.906640000000000112e-01 2.775999999999999822e-03 8.906659999999999577e-01 -4.546450000000000213e-01 -3.399000000000000112e-03
2.200000000000000000e+01 2.400000000000000000e+01 9.000000000000000000e+00 0.000000000000000000e+00 1.600000000000000089e+00 -8.200000000000000095e-05 -2.978999999999999877e-03 -9.999959999999999960e-01 4.561000000000000054e-01 8.899249999999999661e-01 -2.687999999999999851e-03 8.899289999999999701e-01 -4.560980000000000034e-01 1.284999999999999901e-03
1.400000000000000000e+01 7.000000000000000000e+00 1.000000000000000000e+01 0.000000000000000000e+00 1.600000000000000089e+00 1.077380000000000004e-01 1.002699999999999980e-01 -9.891100000000000447e-01 -9.339300000000000379e-01 -3.308740000000000014e-01 -1.352690000000000003e-01 -3.408349999999999991e-01 9.383329999999999727e-01 5.799800000000000094e-02
2.000000000000000000e+00 3.500000000000000000e+01 1.200000000000000000e+01 0.000000000000000000e+00 1.600000000000000089e+00 4.580000000000000195e-04 -8.500000000000000611e-03 -9.999639999999999640e-01 5.254370000000000429e-01 -8.508000000000000007e-01 7.472999999999999608e-03 -8.508320000000000327e-01 -5.254219999999999446e-01 4.075999999999999762e-03
6.000000000000000000e+00 3.500000000000000000e+01 1.200000000000000000e+01 0.000000000000000000e+00 1.600000000000000089e+00 -1.062999999999999926e-03 -6.487999999999999844e-03 -9.999780000000000335e-01 5.120959999999999956e-01 -8.589139999999999553e-01 5.028000000000000351e-03 -8.589280000000000248e-01 -5.120799999999999796e-01 4.235000000000000049e-03
1.100000000000000000e+01 3.500000000000000000e+01 1.200000000000000000e+01 0.000000000000000000e+00 1.600000000000000089e+00 9.759999999999999796e-04 -4.563000000000000216e-03 -9.999890000000000168e-01 4.942340000000000066e-01 -8.693180000000000351e-01 4.448999999999999830e-03 -8.693290000000000184e-01 -4.942329999999999779e-01 1.407000000000000048e-03
1.700000000000000000e+01 3.500000000000000000e+01 1.200000000000000000e+01 0.000000000000000000e+00 1.600000000000000089e+00 1.175999999999999962e-03 -4.832000000000000357e-03 -9.999879999999999880e-01 4.657999999999999918e-01 -8.848770000000000246e-01 4.823000000000000030e-03 -8.848890000000000366e-01 -4.657999999999999918e-01 1.209999999999999921e-03
2.100000000000000000e+01 3.500000000000000000e+01 1.200000000000000000e+01 0.000000000000000000e+00 1.600000000000000089e+00 4.510000000000000120e-04 -5.353000000000000119e-03 -9.999860000000000415e-01 4.530390000000000250e-01 -8.914769999999999639e-01 4.976999999999999653e-03 -8.914910000000000334e-01 -4.530350000000000210e-01 2.023000000000000059e-03
2.600000000000000000e+01 3.500000000000000000e+01 1.200000000000000000e+01 0.000000000000000000e+00 1.600000000000000089e+00 -5.810000000000000277e-04 -5.542000000000000051e-03 -9.999850000000000128e-01 4.497990000000000044e-01 -8.931179999999999675e-01 4.688999999999999592e-03 -8.931299999999999795e-01 -4.497889999999999944e-01 3.011999999999999920e-03
1.300000000000000000e+01 3.200000000000000000e+01 1.400000000000000000e+01 0.000000000000000000e+00 1.600000000000000089e+00 -3.359999999999999814e-04 -8.869999999999999846e-04 -1.000000000000000000e+00 9.469800000000000439e-02 9.955060000000000020e-01 -9.150000000000000147e-04 9.955060000000000020e-01 -9.469800000000000439e-02 -2.500000000000000052e-04
4.000000000000000000e+00 1.160000000000000000e+02 1.600000000000000000e+01 0.000000000000000000e+00 1.600000000000000089e+00 9.139999999999999904e-04 -6.989999999999999686e-04 9.999989999999999712e-01 7.628850000000000353e-01 6.465340000000000531e-01 -2.449999999999999921e-04 -6.465330000000000243e-01 7.628850000000000353e-01 1.123999999999999999e-03
2.900000000000000000e+01 1.160000000000000000e+02 1.600000000000000000e+01 0.000000000000000000e+00 1.600000000000000089e+00 3.674999999999999881e-03 3.420999999999999996e-03 9.999869999999999592e-01 7.629899999999999460e-01 6.463900000000000201e-01 -5.015000000000000360e-03 -6.463989999999999458e-01 7.629989999999999828e-01 -2.349999999999999930e-04
1.100000000000000000e+01 2.000000000000000000e+00 1.900000000000000000e+01 0.000000000000000000e+00 1.600000000000000089e+00 9.349999999999999587e-04 5.109899999999999859e-02 -9.986930000000000529e-01 3.490170000000000217e-01 -9.359089999999999909e-01 -4.755999999999999811e-02 -9.371159999999999490e-01 -3.485159999999999925e-01 -1.871000000000000094e-02
1.700000000000000000e+01 2.000000000000000000e+00 1.900000000000000000e+01 0.000000000000000000e+00 1.600000000000000089e+00 3.282999999999999894e-03 2.061699999999999991e-02 -9.997819999999999485e-01 3.467149999999999954e-01 -9.377940000000000165e-01 -1.820000000000000090e-02 -9.379650000000000487e-01 -3.465790000000000259e-01 -1.022699999999999998e-02
2.000000000000000000e+01 2.000000000000000000e+00 1.900000000000000000e+01 0.000000000000000000e+00 1.600000000000000089e+00 3.155999999999999951e-03 3.161999999999999880e-03 -9.999900000000000455e-01 3.401159999999999739e-01 -9.403820000000000512e-01 -1.899999999999999996e-03 -9.403780000000000472e-01 -3.401060000000000194e-01 -4.042999999999999719e-03
2.700000000000000000e+01 2.000000000000000000e+00 1.900000000000000000e+01 0.000000000000000000e+00 1.600000000000000089e+00 -2.573000000000000200e-03 1.394699999999999933e-02 -9.998989999999999823e-01 3.264310000000000267e-01 -9.451169999999999849e-01 -1.402300000000000074e-02 -9.452180000000000026e-01 -3.264340000000000019e-01 -2.121000000000000055e-03
8.000000000000000000e+00 3.000000000000000000e+00 1.900000000000000000e+01 0.000000000000000000e+00 1.600000000000000089e+00 -4.680000000000000132e-03 3.239700000000000218e-02 -9.994640000000000191e-01 3.321169999999999956e-01 -9.426919999999999744e-01 -3.211200000000000165e-02 -9.432270000000000376e-01 -3.320890000000000231e-01 -6.348000000000000344e-03
2.200000000000000000e+01 3.000000000000000000e+00 1.900000000000000000e+01 0.000000000000000000e+00 1.600000000000000089e+00 6.909999999999999910e-04 4.477000000000000077e-03 -9.999900000000000455e-01 3.084549999999999792e-01 -9.512300000000000200e-01 -4.046000000000000117e-03 -9.512389999999999457e-01 -3.084489999999999732e-01 -2.039000000000000014e-03
3.000000000000000000e+00 4.000000000000000000e+00 2.000000000000000000e+01 0.000000000000000000e+00 1.600000000000000089e+00 1.260000000000000052e-03 7.969000000000000389e-03 -9.999670000000000503e-01 3.571250000000000258e-01 -9.340300000000000269e-01 -6.994000000000000217e-03 -9.340559999999999974e-01 -3.571050000000000058e-01 -4.022999999999999667e-03
4.000000000000000000e+00 1.300000000000000000e+01 2.000000000000000000e+01 0.000000000000000000e+00 1.600000000000000089e+00 -9.879999999999999460e-04 -1.781000000000000031e-03 9.999980000000000535e-01 2.639360000000000039e-01 9.645380000000000065e-01 1.978000000000000157e-03 -9.645399999999999530e-01 2.639369999999999772e-01 -4.829999999999999767e-04
1.000000000000000000e+01 1.300000000000000000e+01 2.000000000000000000e+01 0.000000000000000000e+00 1.600000000000000089e+00 -5.109999999999999525e-04 3.010000000000000089e-03 9.999949999999999672e-01 2.637419999999999765e-01 9.645890000000000297e-01 -2.769000000000000194e-03 -9.645930000000000337e-01 2.637390000000000012e-01 -1.286999999999999950e-03
1.400000000000000000e+01 1.300000000000000000e+01 2.000000000000000000e+01 0.000000000000000000e+00 1.600000000000000089e+00 9.759999999999999796e-04 3.655999999999999962e-03 9.999930000000000208e-01 2.601919999999999789e-01 9.655489999999999906e-01 -3.784000000000000037e-03 -9.655559999999999699e-01 2.601939999999999809e-01 -9.000000000000000228e-06
1.700000000000000000e+01 1.300000000000000000e+01 2.000000000000000000e+01 0.000000000000000000e+00 1.600000000000000089e+00 1.549000000000000030e-03 -8.800000000000000313e-04 9.999980000000000535e-01 2.587289999999999868e-01 9.659499999999999753e-01 4.499999999999999877e-04 -9.659489999999999466e-01 2.587280000000000135e-01 1.724000000000000055e-03
2.100000000000000000e+01 1.300000000000000000e+01 2.000000000000000000e+01 0.000000000000000000e+00 1.600000000000000089e+00 4.350000000000000026e-04 8.360000000000000460e-04 1.000000000000000000e+00 2.589730000000000087e-01 9.658839999999999648e-01 -9.210000000000000521e-04 -9.658839999999999648e-01 2.589730000000000087e-01 2.039999999999999984e-04
2.500000000000000000e+01 1.300000000000000000e+01 2.000000000000000000e+01 0.000000000000000000e+00 1.600000000000000089e+00 2.900000000000000017e-05 8.270000000000000441e-04 1.000000000000000000e+00 2.602340000000000209e-01 9.655449999999999866e-01 -8.059999999999999673e-04 -9.655460000000000154e-01 2.602340000000000209e-01 -1.879999999999999890e-04
2.800000000000000000e+01 1.300000000000000000e+01 2.000000000000000000e+01 0.000000000000000000e+00 1.600000000000000089e+00 -1.289999999999999914e-04 -2.242000000000000069e-03 9.999970000000000248e-01 2.601359999999999784e-01 9.655700000000000394e-01 2.197999999999999867e-03 -9.655719999999999859e-01 2.601350000000000051e-01 4.589999999999999896e-04
1.000000000000000000e+01 1.600000000000000000e+01 2.100000000000000000e+01 0.000000000000000000e+00 1.600000000000000089e+00 -1.116999999999999937e-03 1.856000000000000011e-03 9.999980000000000535e-01 2.998190000000000022e-01 9.539950000000000374e-01 -1.435999999999999993e-03 -9.539950000000000374e-01 2.998170000000000002e-01 -1.621999999999999961e-03
1.800000000000000000e+01 2.000000000000000000e+00 2.500000000000000000e+01 0.000000000000000000e+00 1.600000000000000089e+00 -9.359999999999999831e-04 -2.320000000000000014e-04 1.000000000000000000e+00 7.935000000000000386e-02 -9.968470000000000386e-01 -1.569999999999999944e-04 9.968460000000000099e-01 7.935000000000000386e-02 9.510000000000000224e-04
2.200000000000000000e+01 2.000000000000000000e+00 2.500000000000000000e+01 0.000000000000000000e+00 1.600000000000000089e+00 -5.509999999999999490e-04 -6.806999999999999683e-03 9.999770000000000048e-01 6.750299999999999356e-02 -9.976960000000000273e-01 -6.753999999999999587e-03 9.977190000000000225e-01 6.749700000000000144e-02 1.010000000000000047e-03
2.000000000000000000e+00 3.000000000000000000e+00 2.500000000000000000e+01 0.000000000000000000e+00 1.600000000000000089e+00 1.706999999999999967e-03 -1.263999999999999933e-03 9.999980000000000535e-01 -4.926300000000000123e-02 -9.987850000000000339e-01 -1.178999999999999927e-03 9.987840000000000051e-01 -4.926099999999999923e-02 -1.768000000000000040e-03
8.000000000000000000e+00 3.000000000000000000e+00 2.500000000000000000e+01 0.000000000000000000e+00 1.600000000000000089e+00 2.576000000000000165e-03 2.446999999999999956e-03 9.999940000000000495e-01 -4.359099999999999780e-02 -9.990459999999999896e-01 2.556999999999999811e-03 9.990459999999999896e-01 -4.359799999999999787e-02 -2.467000000000000009e-03
1.300000000000000000e+01 3.000000000000000000e+00 2.500000000000000000e+01 0.000000000000000000e+00 1.600000000000000089e+00 -6.769999999999999759e-04 1.503200000000000022e-02 9.998869999999999703e-01 -2.178400000000000128e-02 -9.996500000000000385e-01 1.501399999999999957e-02 9.997620000000000395e-01 -2.177099999999999869e-02 1.003999999999999901e-03
2.300000000000000000e+01 3.000000000000000000e+00 2.500000000000000000e+01 0.000000000000000000e+00 1.600000000000000089e+00 -1.157000000000000042e-03 -3.814000000000000116e-03 9.999919999999999920e-01 -1.710899999999999921e-02 -9.998460000000000125e-01 -3.834000000000000168e-03 9.998529999999999918e-01 -1.711400000000000074e-02 1.092000000000000089e-03
2.800000000000000000e+01 3.000000000000000000e+00 2.500000000000000000e+01 0.000000000000000000e+00 1.600000000000000089e+00 -4.264000000000000429e-03 1.238700000000000044e-02 9.999139999999999695e-01 -1.532999999999999988e-02 -9.998070000000000013e-01 1.231999999999999935e-02 9.998730000000000118e-01 -1.527599999999999965e-02 4.453000000000000361e-03
6.000000000000000000e+00 4.600000000000000000e+01 2.700000000000000000e+01 0.000000000000000000e+00 1.600000000000000089e+00 -1.177000000000000095e-03 -2.024999999999999890e-03 -9.999970000000000248e-01 6.640049999999999564e-01 7.477249999999999730e-01 -2.295000000000000165e-03 7.477270000000000305e-01 -6.640059999999999851e-01 4.640000000000000027e-04
1.000000000000000000e+01 4.600000000000000000e+01 2.700000000000000000e+01 0.000000000000000000e+00 1.600000000000000089e+00 -1.248999999999999893e-03 1.417000000000000074e-03 -9.999980000000000535e-01 6.615360000000000129e-01 7.499130000000000518e-01 2.359999999999999902e-04 7.499120000000000230e-01 -6.615349999999999842e-01 -1.874000000000000015e-03
9.000000000000000000e+00 4.600000000000000000e+01 3.000000000000000000e+01 0.000000000000000000e+00 1.600000000000000089e+00 -1.629000000000000023e-03 -1.178000000000000011e-03 -9.999980000000000535e-01 3.255730000000000013e-01 9.455149999999999944e-01 -1.644000000000000062e-03 9.455149999999999944e-01 -3.255750000000000033e-01 -1.157000000000000042e-03
2.500000000000000000e+01 4.600000000000000000e+01 3.000000000000000000e+01 0.000000000000000000e+00 1.600000000000000089e+00 -1.850999999999999998e-03 -2.471999999999999805e-03 -9.999949999999999672e-01 3.317669999999999786e-01 9.433570000000000011e-01 -2.945999999999999834e-03 9.433589999999999476e-01 -3.317709999999999826e-01 -9.259999999999999568e-04
4.000000000000000000e+00 5.800000000000000000e+01 3.100000000000000000e+01 0.000000000000000000e+00 1.600000000000000089e+00 1.142000000000000003e-03 -3.220000000000000206e-04 9.999989999999999712e-01 -7.674509999999999943e-01 -6.411069999999999824e-01 6.700000000000000226e-04 6.411059999999999537e-01 -7.674520000000000231e-01 -9.799999999999999684e-04
1.100000000000000000e+01 5.800000000000000000e+01 3.100000000000000000e+01 0.000000000000000000e+00 1.600000000000000089e+00 -4.290000000000000193e-04 1.655999999999999920e-03 9.999989999999999712e-01 -7.664260000000000517e-01 -6.423320000000000141e-01 7.349999999999999763e-04 6.423320000000000141e-01 -7.664250000000000229e-01 1.544999999999999932e-03
1.500000000000000000e+01 5.800000000000000000e+01 3.100000000000000000e+01 0.000000000000000000e+00 1.600000000000000089e+00 -8.310000000000000329e-04 -5.969999999999999829e-04 1.000000000000000000e+00 -7.621149999999999869e-01 -6.474410000000000442e-01 -1.020000000000000073e-03 6.474410000000000442e-01 -7.621160000000000156e-01 8.299999999999999815e-05
2.100000000000000000e+01 5.800000000000000000e+01 3.100000000000000000e+01 0.000000000000000000e+00 1.600000000000000089e+00 -4.360000000000000269e-04 1.845000000000000069e-03 9.999980000000000535e-01 -7.596640000000000059e-01 -6.503160000000000052e-01 8.689999999999999808e-04 6.503160000000000052e-01 -7.596619999999999484e-01 1.685000000000000083e-03
2.400000000000000000e+01 5.800000000000000000e+01 3.100000000000000000e+01 0.000000000000000000e+00 1.600000000000000089e+00 5.442999999999999922e-03 7.021999999999999596e-03 9.999609999999999888e-01 -7.600010000000000376e-01 -6.498639999999999972e-01 8.699999999999999400e-03 6.498990000000000045e-01 -7.600179999999999714e-01 1.799999999999999951e-03
5.000000000000000000e+00 4.600000000000000000e+01 3.500000000000000000e+01 0.000000000000000000e+00 1.600000000000000089e+00 2.110000000000000059e-04 -6.440000000000000412e-04 -1.000000000000000000e+00 3.941100000000000159e-01 -9.190629999999999633e-01 6.750000000000000357e-04 -9.190629999999999633e-01 -3.941109999999999891e-01 6.000000000000000152e-05
9.000000000000000000e+00 4.600000000000000000e+01 3.500000000000000000e+01 0.000000000000000000e+00 1.600000000000000089e+00 -2.400000000000000061e-05 4.812999999999999570e-03 -9.999879999999999880e-01 3.930069999999999952e-01 -9.195250000000000368e-01 -4.434999999999999706e-03 -9.195360000000000200e-01 -3.930020000000000180e-01 -1.869000000000000002e-03
1.800000000000000000e+01 4.600000000000000000e+01 3.500000000000000000e+01 0.000000000000000000e+00 1.600000000000000089e+00 4.789999999999999879e-04 -5.035000000000000413e-03 -9.999869999999999592e-01 3.895799999999999819e-01 -9.209800000000000209e-01 4.824000000000000163e-03 -9.209920000000000329e-01 -3.895770000000000066e-01 1.520000000000000084e-03
2.600000000000000000e+01 4.600000000000000000e+01 3.500000000000000000e+01 0.000000000000000000e+00 1.600000000000000089e+00 4.150000000000000043e-04 1.044000000000000006e-03 -9.999989999999999712e-01 3.934429999999999872e-01 -9.193480000000000540e-01 -7.960000000000000495e-04 -9.193489999999999718e-01 -3.934429999999999872e-01 -7.919999999999999523e-04
3.000000000000000000e+01 4.600000000000000000e+01 3.500000000000000000e+01 0.000000000000000000e+00 1.600000000000000089e+00 4.749999999999999990e-04 3.840000000000000097e-04 -1.000000000000000000e+00 3.922889999999999988e-01 -9.198420000000000485e-01 -1.669999999999999935e-04 -9.198420000000000485e-01 -3.922889999999999988e-01 -5.879999999999999810e-04
3.000000000000000000e+00 3.000000000000000000e+00 4.300000000000000000e+01 0.000000000000000000e+00 1.600000000000000089e+00 2.759999999999999867e-03 3.873200000000000254e-02 -9.992459999999999676e-01 7.351999999999999647e-01 -6.774179999999999646e-01 -2.422699999999999854e-02 -6.778450000000000308e-01 -7.345779999999999532e-01 -3.034600000000000145e-02
9.000000000000000000e+00 3.000000000000000000e+00 4.300000000000000000e+01 0.000000000000000000e+00 1.600000000000000089e+00 2.938000000000000073e-03 6.297999999999999779e-03 -9.999759999999999760e-01 7.342840000000000478e-01 -6.788389999999999702e-01 -2.118999999999999790e-03 -6.788359999999999950e-01 -7.342600000000000238e-01 -6.618999999999999884e-03
1.300000000000000000e+01 3.000000000000000000e+00 4.300000000000000000e+01 0.000000000000000000e+00 1.600000000000000089e+00 1.784999999999999911e-03 -8.880000000000000740e-03 -9.999590000000000423e-01 7.364479999999999915e-01 -6.764539999999999997e-01 7.322000000000000383e-03 -6.764919999999999822e-01 -7.364309999999999468e-01 5.331999999999999934e-03
1.600000000000000000e+01 3.000000000000000000e+00 4.300000000000000000e+01 0.000000000000000000e+00 1.600000000000000089e+00 1.124999999999999915e-03 4.629000000000000302e-03 -9.999890000000000168e-01 7.399540000000000006e-01 -6.726529999999999454e-01 -2.281000000000000041e-03 -6.726560000000000317e-01 -7.399430000000000174e-01 -4.181999999999999953e-03
2.400000000000000000e+01 3.000000000000000000e+00 4.300000000000000000e+01 0.000000000000000000e+00 1.600000000000000089e+00 -2.997000000000000098e-03 -4.560999999999999950e-03 -9.999850000000000128e-01 7.407259999999999955e-01 -6.718070000000000430e-01 8.440000000000000236e-04 -6.717999999999999527e-01 -7.407129999999999548e-01 5.392000000000000091e-03
1.600000000000000000e+01 8.000000000000000000e+00 4.400000000000000000e+01 0.000000000000000000e+00 1.600000000000000089e+00 4.400000000000000157e-04 -8.419999999999999750e-04 1.000000000000000000e+00 -7.869810000000000416e-01 -6.169769999999999976e-01 -1.730000000000000038e-04 6.169769999999999976e-01 -7.869810000000000416e-01 -9.340000000000000429e-04
2.000000000000000000e+01 8.000000000000000000e+00 4.400000000000000000e+01 0.000000000000000000e+00 1.600000000000000089e+00 4.409999999999999858e-04 2.337999999999999801e-03 9.999970000000000248e-01 -7.891460000000000141e-01 -6.142030000000000545e-01 1.783999999999999996e-03 6.142050000000000010e-01 -7.891449999999999854e-01 1.574000000000000095e-03
5.000000000000000000e+00 2.900000000000000000e+01 4.400000000000000000e+01 0.000000000000000000e+00 1.600000000000000089e+00 7.669999999999999951e-04 -4.059000000000000108e-03 -9.999919999999999920e-01 6.526440000000000019e-01 7.576600000000000001e-01 -2.575000000000000032e-03 7.576640000000000041e-01 -6.526359999999999939e-01 3.229999999999999798e-03
1.200000000000000000e+01 2.900000000000000000e+01 4.400000000000000000e+01 0.000000000000000000e+00 1.600000000000000089e+00 -6.639999999999999852e-04 -2.612000000000000172e-03 -9.999959999999999960e-01 6.576319999999999943e-01 7.533360000000000056e-01 -2.403999999999999887e-03 7.533389999999999809e-01 -6.576309999999999656e-01 1.217999999999999899e-03
1.700000000000000000e+01 2.900000000000000000e+01 4.400000000000000000e+01 0.000000000000000000e+00 1.600000000000000089e+00 5.289999999999999564e-04 -1.951000000000000043e-03 -9.999980000000000535e-01 6.606210000000000138e-01 7.507190000000000252e-01 -1.115000000000000106e-03 7.507200000000000539e-01 -6.606189999999999563e-01 1.685999999999999999e-03
2.000000000000000000e+01 2.900000000000000000e+01 4.400000000000000000e+01 0.000000000000000000e+00 1.600000000000000089e+00 -1.299999999999999920e-05 -3.523999999999999789e-03 -9.999940000000000495e-01 6.602050000000000418e-01 7.510809999999999986e-01 -2.655999999999999941e-03 7.510850000000000026e-01 -6.602010000000000378e-01 2.317000000000000049e-03
2.400000000000000000e+01 2.900000000000000000e+01 4.400000000000000000e+01 0.000000000000000000e+00 1.600000000000000089e+00 -8.930000000000000221e-04 -1.490999999999999921e-03 -9.999980000000000535e-01 6.586999999999999522e-01 7.524039999999999617e-01 -1.709999999999999932e-03 7.524049999999999905e-01 -6.586999999999999522e-01 3.099999999999999999e-04
3.000000000000000000e+00 6.500000000000000000e+01 4.600000000000000000e+01 0.000000000000000000e+00 1.600000000000000089e+00 -1.884999999999999957e-03 3.853999999999999787e-03 9.999909999999999632e-01 6.777189999999999603e-01 -7.353100000000000191e-01 4.112000000000000204e-03 7.353189999999999449e-01 6.777199999999999891e-01 -1.226000000000000093e-03
2.400000000000000000e+01 6.500000000000000000e+01 4.600000000000000000e+01 0.000000000000000000e+00 1.600000000000000089e+00 1.443000000000000055e-03 -1.977000000000000025e-03 9.999970000000000248e-01 6.779279999999999751e-01 -7.351250000000000284e-01 -2.432000000000000134e-03 7.351269999999999749e-01 6.779290000000000038e-01 2.799999999999999755e-04
1.900000000000000000e+01 7.000000000000000000e+01 4.700000000000000000e+01 0.000000000000000000e+00 1.600000000000000089e+00 -8.159999999999999936e-04 -1.456999999999999962e-03 -9.999989999999999712e-01 -8.421469999999999789e-01 -5.392460000000000031e-01 1.472999999999999917e-03 -5.392470000000000319e-01 8.421469999999999789e-01 -7.870000000000000476e-04
3.000000000000000000e+00 5.000000000000000000e+00 5.100000000000000000e+01 0.000000000000000000e+00 1.600000000000000089e+00 8.229999999999999469e-04 2.085100000000000148e-02 -9.997819999999999485e-01 4.814789999999999903e-01 -8.762750000000000261e-01 -1.787899999999999906e-02 -8.764570000000000416e-01 -4.813589999999999813e-01 -1.076000000000000047e-02
8.000000000000000000e+00 5.000000000000000000e+00 5.100000000000000000e+01 0.000000000000000000e+00 1.600000000000000089e+00 -1.469999999999999953e-03 1.049800000000000039e-02 -9.999440000000000550e-01 4.816130000000000133e-01 -8.763279999999999959e-01 -9.908000000000000140e-03 -8.763830000000000231e-01 -4.815999999999999726e-01 -3.768000000000000082e-03
2.300000000000000000e+01 5.000000000000000000e+00 5.100000000000000000e+01 0.000000000000000000e+00 1.600000000000000089e+00 -1.239000000000000084e-03 -1.271999999999999910e-03 -9.999980000000000535e-01 4.857670000000000043e-01 -8.740879999999999761e-01 5.100000000000000366e-04 -8.740879999999999761e-01 -4.857650000000000023e-01 1.701000000000000038e-03
2.600000000000000000e+01 5.000000000000000000e+00 5.100000000000000000e+01 0.000000000000000000e+00 1.600000000000000089e+00 -9.979999999999999722e-04 -1.394000000000000057e-03 -9.999989999999999712e-01 4.939819999999999767e-01 -8.694720000000000226e-01 7.190000000000000210e-04 -8.694709999999999939e-01 -4.939810000000000034e-01 1.556000000000000091e-03
2.900000000000000000e+01 5.000000000000000000e+00 5.100000000000000000e+01 0.000000000000000000e+00 1.600000000000000089e+00 -2.579999999999999828e-04 -2.724999999999999992e-03 -9.999959999999999960e-01 4.953759999999999830e-01 -8.686760000000000037e-01 2.239999999999999804e-03 -8.686789999999999790e-01 -4.953730000000000078e-01 1.574000000000000095e-03
1.400000000000000000e+01 7.000000000000000000e+00 5.200000000000000000e+01 0.000000000000000000e+00 1.600000000000000089e+00 -1.550000000000000000e-04 -1.247999999999999977e-03 -9.999989999999999712e-01 9.566700000000000204e-02 -9.954129999999999923e-01 1.227999999999999925e-03 -9.954129999999999923e-01 -9.566700000000000204e-02 2.739999999999999923e-04
3.000000000000000000e+00 6.300000000000000000e+01 5.400000000000000000e+01 0.000000000000000000e+00 1.600000000000000089e+00 1.479000000000000063e-03 1.949999999999999965e-04 9.999989999999999712e-01 -3.352229999999999932e-01 9.421389999999999487e-01 3.119999999999999944e-04 -9.421380000000000310e-01 -3.352229999999999932e-01 1.458000000000000095e-03
8.000000000000000000e+00 6.300000000000000000e+01 5.400000000000000000e+01 0.000000000000000000e+00 1.600000000000000089e+00 2.932999999999999843e-03 -1.685999999999999999e-03 9.999940000000000495e-01 -3.464099999999999957e-01 9.380789999999999962e-01 2.598000000000000049e-03 -9.380789999999999962e-01 -3.464160000000000017e-01 2.167000000000000089e-03
1.700000000000000000e+01 6.300000000000000000e+01 5.400000000000000000e+01 0.000000000000000000e+00 1.600000000000000089e+00 -1.226000000000000093e-03 1.546000000000000065e-03 9.999980000000000535e-01 -3.405969999999999831e-01 9.402070000000000149e-01 -1.871999999999999966e-03 -9.402080000000000437e-01 -3.405989999999999851e-01 -6.260000000000000373e-04
2.200000000000000000e+01 6.300000000000000000e+01 5.400000000000000000e+01 0.000000000000000000e+00 1.600000000000000089e+00 -1.098999999999999934e-03 1.505999999999999960e-03 9.999980000000000535e-01 -3.381759999999999766e-01 9.410809999999999453e-01 -1.789000000000000009e-03 -9.410819999999999741e-01 -3.381770000000000054e-01 -5.249999999999999676e-04
2.900000000000000000e+01 6.300000000000000000e+01 5.400000000000000000e+01 0.000000000000000000e+00 1.600000000000000089e+00 2.611000000000000040e-03 5.808999999999999928e-03 9.999799999999999800e-01 -3.407600000000000073e-01 9.401389999999999469e-01 -4.571999999999999675e-03 -9.401469999999999549e-01 -3.407419999999999893e-01 4.433999999999999574e-03
1.300000000000000000e+01 2.500000000000000000e+01 5.500000000000000000e+01 0.000000000000000000e+00 1.600000000000000089e+00 7.410000000000000137e-04 -2.603999999999999978e-03 -9.999959999999999960e-01 -1.401999999999999948e-02 -9.998979999999999535e-01 2.593999999999999952e-03 -9.999010000000000398e-01 1.401799999999999921e-02 -7.770000000000000214e-04
1.900000000000000000e+01 2.500000000000000000e+01 5.500000000000000000e+01 0.000000000000000000e+00 1.600000000000000089e+00 9.529999999999999626e-04 3.184000000000000198e-03 -9.999949999999999672e-01 -1.305899999999999943e-02 -9.999099999999999655e-01 -3.197000000000000189e-03 -9.999139999999999695e-01 1.306200000000000069e-02 -9.110000000000000259e-04
2.700000000000000000e+01 2.500000000000000000e+01 5.500000000000000000e+01 0.000000000000000000e+00 1.600000000000000089e+00 -2.495999999999999955e-03 -3.455000000000000172e-03 -9.999909999999999632e-01 -1.347199999999999960e-02 -9.999029999999999863e-01 3.488000000000000215e-03 -9.999059999999999615e-01 1.348099999999999993e-02 2.449999999999999921e-03
6.000000000000000000e+00 2.100000000000000000e+01 6.000000000000000000e+01 0.000000000000000000e+00 1.600000000000000089e+00 1.340999999999999961e-03 1.981000000000000122e-03 9.999970000000000248e-01 -9.560599999999999654e-02 9.954180000000000250e-01 -1.843999999999999936e-03 -9.954180000000000250e-01 -9.560299999999999354e-02 1.525000000000000097e-03
9.000000000000000000e+00 2.100000000000000000e+01 6.000000000000000000e+01 0.000000000000000000e+00 1.600000000000000089e+00 1.472999999999999917e-03 -6.597000000000000433e-03 9.999770000000000048e-01 -9.600000000000000200e-02 9.953589999999999938e-01 6.708000000000000421e-03 -9.953800000000000425e-01 -9.600799999999999612e-02 8.319999999999999488e-04
1.700000000000000000e+01 2.100000000000000000e+01 6.000000000000000000e+01 0.000000000000000000e+00 1.600000000000000089e+00 -1.227000000000000009e-03 3.399000000000000112e-03 9.999930000000000208e-01 -9.413900000000000046e-02 9.955530000000000213e-01 -3.498999999999999940e-03 -9.955580000000000540e-01 -9.414300000000000446e-02 -9.009999999999999997e-04
2.600000000000000000e+01 2.100000000000000000e+01 6.000000000000000000e+01 0.000000000000000000e+00 1.600000000000000089e+00 7.249999999999999500e-04 -3.089999999999999756e-04 1.000000000000000000e+00 -9.300500000000000433e-02 9.956660000000000510e-01 3.750000000000000078e-04 -9.956650000000000222e-01 -9.300500000000000433e-02 6.930000000000000396e-04
2.500000000000000000e+01 3.000000000000000000e+00 6.300000000000000000e+01 0.000000000000000000e+00 1.600000000000000089e+00 -1.074000000000000085e-03 3.285999999999999859e-03 9.999940000000000495e-01 -6.107709999999999528e-01 7.918009999999999771e-01 -3.258000000000000045e-03 -7.918070000000000386e-01 -6.107709999999999528e-01 1.157000000000000042e-03
3.000000000000000000e+00 2.700000000000000000e+01 6.300000000000000000e+01 0.000000000000000000e+00 1.600000000000000089e+00 -2.779999999999999811e-04 -4.282000000000000216e-03 9.999909999999999632e-01 -2.727249999999999952e-01 9.620840000000000503e-01 4.043999999999999852e-03 -9.620919999999999472e-01 -2.727209999999999912e-01 -1.435000000000000078e-03
1.000000000000000000e+01 2.700000000000000000e+01 6.300000000000000000e+01 0.000000000000000000e+00 1.600000000000000089e+00 1.998000000000000210e-03 5.389999999999999826e-04 9.999980000000000535e-01 -2.775110000000000077e-01 9.607229999999999936e-01 3.600000000000000091e-05 -9.607200000000000184e-01 -2.775099999999999789e-01 2.069000000000000093e-03
1.800000000000000000e+01 2.700000000000000000e+01 6.300000000000000000e+01 0.000000000000000000e+00 1.600000000000000089e+00 -2.276999999999999944e-03 -2.063999999999999863e-03 9.999949999999999672e-01 -2.779190000000000271e-01 9.606029999999999847e-01 1.350000000000000071e-03 -9.606019999999999559e-01 -2.779150000000000231e-01 -2.760999999999999999e-03
2.200000000000000000e+01 2.700000000000000000e+01 6.300000000000000000e+01 0.000000000000000000e+00 1.600000000000000089e+00 1.049999999999999935e-03 -5.880999999999999943e-03 9.999820000000000375e-01 -2.804459999999999731e-01 9.598520000000000385e-01 5.938999999999999835e-03 -9.598689999999999722e-01 -2.804470000000000018e-01 -6.409999999999999682e-04
2.800000000000000000e+01 2.700000000000000000e+01 6.300000000000000000e+01 0.000000000000000000e+00 1.600000000000000089e+00 -1.234000000000000071e-03 -1.270999999999999994e-03 9.999989999999999712e-01 -2.832890000000000130e-01 9.590340000000000531e-01 8.700000000000000051e-04 -9.590340000000000531e-01 -2.832879999999999843e-01 -1.543000000000000101e-03
7.000000000000000000e+00 2.600000000000000000e+01 6.400000000000000000e+01 0.000000000000000000e+00 1.600000000000000089e+00 -2.509999999999999753e-04 -2.988000000000000204e-03 9.999959999999999960e-01 -3.643629999999999924e-01 9.312529999999999974e-01 2.690999999999999816e-03 -9.312570000000000014e-01 -3.643600000000000172e-01 -1.322000000000000041e-03
1.000000000000000000e+01 2.600000000000000000e+01 6.400000000000000000e+01 0.000000000000000000e+00 1.600000000000000089e+00 2.343000000000000031e-03 -1.019999999999999992e-04 9.999970000000000248e-01 -3.666329999999999867e-01 9.303649999999999975e-01 9.529999999999999626e-04 -9.303630000000000511e-01 -3.666349999999999887e-01 2.142999999999999940e-03
1.600000000000000000e+01 2.600000000000000000e+01 6.400000000000000000e+01 0.000000000000000000e+00 1.600000000000000089e+00 -2.640000000000000202e-04 -5.469999999999999602e-04 1.000000000000000000e+00 -3.651030000000000109e-01 9.309669999999999890e-01 4.130000000000000099e-04 -9.309669999999999890e-01 -3.651030000000000109e-01 -4.459999999999999989e-04
2.400000000000000000e+01 2.600000000000000000e+01 6.400000000000000000e+01 0.000000000000000000e+00 1.600000000000000089e+00 3.678999999999999979e-03 -6.387999999999999581e-03 9.999730000000000008e-01 -3.724810000000000065e-01 9.280110000000000303e-01 7.297999999999999800e-03 -9.280319999999999681e-01 -3.724979999999999958e-01 1.034999999999999896e-03
2.800000000000000000e+01 2.600000000000000000e+01 6.400000000000000000e+01 0.000000000000000000e+00 1.600000000000000089e+00 -1.175999999999999962e-03 -8.050000000000000515e-04 9.999989999999999712e-01 -3.730890000000000040e-01 9.277950000000000363e-01 3.080000000000000055e-04 -9.277950000000000363e-01 -3.730890000000000040e-01 -1.392000000000000008e-03
2.000000000000000000e+00 6.900000000000000000e+01 6.600000000000000000e+01 0.000000000000000000e+00 1.600000000000000089e+00 2.701999999999999975e-03 1.499999999999999869e-04 9.999959999999999960e-01 -9.438520000000000243e-01 3.303590000000000138e-01 2.501000000000000185e-03 -3.303570000000000118e-01 -9.438549999999999995e-01 1.034999999999999896e-03
7.000000000000000000e+00 6.900000000000000000e+01 6.600000000000000000e+01 0.000000000000000000e+00 1.600000000000000089e+00 5.789999999999999791e-04 -1.877999999999999895e-03 9.999980000000000535e-01 -9.487950000000000550e-01 3.158909999999999774e-01 1.142000000000000003e-03 -3.158920000000000061e-01 -9.487940000000000262e-01 -1.598999999999999944e-03
1.900000000000000000e+01 6.900000000000000000e+01 6.600000000000000000e+01 0.000000000000000000e+00 1.600000000000000089e+00 -2.033999999999999784e-03 2.018999999999999961e-03 9.999959999999999960e-01 -9.488229999999999720e-01 3.157989999999999964e-01 -2.567999999999999970e-03 -3.158030000000000004e-01 -9.488240000000000007e-01 1.273000000000000043e-03
2.400000000000000000e+01 6.900000000000000000e+01 6.600000000000000000e+01 0.000000000000000000e+00 1.600000000000000089e+00 -4.085000000000000089e-03 4.506999999999999722e-03 9.999810000000000088e-01 -9.499729999999999563e-01 3.122860000000000080e-01 -5.288000000000000166e-03 -3.123040000000000260e-01 -9.499779999999999891e-01 3.004999999999999859e-03
8.000000000000000000e+00 3.100000000000000000e+01 7.100000000000000000e+01 0.000000000000000000e+00 1.600000000000000089e+00 -2.583999999999999925e-03 8.400000000000000348e-04 -9.999959999999999960e-01 -7.307280000000000442e-01 -6.826680000000000526e-01 1.314999999999999980e-03 -6.826640000000000486e-01 7.307280000000000442e-01 2.377000000000000206e-03
