1.400000000000000000e+01 1.500000000000000000e+01 4.000000000000000000e+00 0.000000000000000000e+00 1.600000000000000089e+00 1.427000000000000100e-03 3.899000000000000122e-03 9.999909999999999632e-01 3.195029999999999815e-01 -9.475799999999999779e-01 3.239000000000000126e-03 9.475839999999999819e-01 3.194960000000000022e-01 -2.598000000000000049e-03
1.900000000000000000e+01 1.500000000000000000e+01 4.000000000000000000e+00 0.000000000000000000e+00 1.600000000000000089e+00 2.108000000000000065e-03 6.002999999999999656e-03 9.999799999999999800e-01 3.225589999999999846e-01 -9.465360000000000440e-01 5.002999999999999635e-03 9.465470000000000272e-01 3.225419999999999954e-01 -3.930999999999999599e-03
2.400000000000000000e+01 1.500000000000000000e+01 4.000000000000000000e+00 0.000000000000000000e+00 1.600000000000000089e+00 -3.154999999999999818e-03 -7.922000000000000222e-03 9.999639999999999640e-01 3.212550000000000128e-01 -9.469699999999999784e-01 -6.488999999999999976e-03 9.469870000000000232e-01 3.212229999999999808e-01 5.532999999999999724e-03
2.900000000000000000e+01 1.500000000000000000e+01 4.000000000000000000e+00 0.000000000000000000e+00 1.600000000000000089e+00 1.547999999999999897e-03 -9.428000000000000616e-03 9.999540000000000095e-01 3.246510000000000229e-01 -9.457870000000000443e-01 -9.419999999999999554e-03 9.458320000000000061e-01 3.246510000000000229e-01 1.596999999999999895e-03
2.000000000000000000e+00 7.600000000000000000e+01 6.000000000000000000e+00 0.000000000000000000e+00 1.600000000000000089e+00 -3.412910000000000110e-01 -8.944180000000000463e-01 2.890289999999999804e-01 -9.107669999999999932e-01 3.907059999999999977e-01 1.336120000000000085e-01 -2.324299999999999977e-01 -2.176379999999999981e-01 -9.479499999999999593e-01
6.000000000000000000e+00 1.010000000000000000e+02 7.000000000000000000e+00 0.000000000000000000e+00 1.600000000000000089e+00 2.199999999999999943e-05 -2.984900000000000053e-02 9.995540000000000536e-01 8.851729999999999876e-01 4.650549999999999962e-01 1.386800000000000012e-02 -4.652620000000000089e-01 8.847779999999999534e-01 2.643200000000000063e-02
2.300000000000000000e+01 1.010000000000000000e+02 7.000000000000000000e+00 0.000000000000000000e+00 1.600000000000000089e+00 -6.013000000000000116e-03 1.467599999999999981e-02 9.998740000000000405e-01 8.810710000000000486e-01 4.729820000000000135e-01 -1.644000000000000062e-03 -4.729459999999999775e-01 8.809500000000000108e-01 -1.577500000000000083e-02
5.000000000000000000e+00 2.500000000000000000e+01 8.000000000000000000e+00 0.000000000000000000e+00 1.600000000000000089e+00 -1.119999999999999983e-04 -1.173999999999999913e-03 -9.999989999999999712e-01 4.532349999999999990e-01 8.913900000000000157e-01 -1.098000000000000018e-03 8.913910000000000444e-01 -4.532349999999999990e-01 4.319999999999999838e-04
1.100000000000000000e+01 2.500000000000000000e+01 8.000000000000000000e+00 0.000000000000000000e+00 1.600000000000000089e+00 -7.360000000000000006e-04 9.300000000000000541e-04 -9.999989999999999712e-01 4.523229999999999751e-01 8.918540000000000356e-01 4.970000000000000459e-04 8.918540000000000356e-01 -4.523220000000000018e-01 -1.077000000000000049e-03
1.600000000000000000e+01 2.500000000000000000e+01 8.000000000000000000e+00 0.000000000000000000e+00 1.600000000000000089e+00 -1.302999999999999905e-03 -1.312999999999999931e-03 -9.999980000000000535e-01 4.536180000000000212e-01 8.911940000000000417e-01 -1.761999999999999894e-03 8.911949999999999594e-01 -4.536200000000000232e-01 -5.659999999999999884e-04
2.200000000000000000e+01 2.500000000000000000e+01 8.000000000000000000e+00 0.000000000000000000e+00 1.600000000000000089e+00 -9.829999999999999329e-04 6.695999999999999695e-03 -9.999770000000000048e-01 4.530980000000000008e-01 8.914440000000000142e-01 5.524000000000000264e-03 8.914600000000000302e-01 -4.530819999999999848e-01 -3.910000000000000281e-03
2.500000000000000000e+01 2.500000000000000000e+01 8.000000000000000000e+00 0.000000000000000000e+00 1.600000000000000089e+00 -1.118999999999999986e-03 -3.020999999999999814e-03 -9.999949999999999672e-01 4.542240000000000166e-01 8.908819999999999517e-01 -3.200000000000000153e-03 8.908869999999999845e-01 -4.542260000000000186e-01 3.750000000000000078e-04
1.000000000000000000e+00 2.400000000000000000e+01 9.000000000000000000e+00 0.000000000000000000e+00 1.600000000000000089e+00 -6.819999999999999890e-04 -1.270000000000000078e-03 -9.999989999999999712e-01 4.552829999999999933e-01 8.903450000000000530e-01 -1.441000000000000007e-03 8.903459999999999708e-01 -4.552840000000000220e-01 -2.900000000000000017e-05
5.000000000000000000e+00 2.400000000000000000e+01 9.000000000000000000e+00 0.000000000000000000e+00 1.600000000000000089e+00 -1.699999999999999987e-05 -5.130000000000000011e-04 -1.000000000000000000e+00 4.562180000000000124e-01 8.898679999999999923e-01 -4.640000000000000027e-04 8.898679999999999923e-01 -4.562180000000000124e-01 2.190000000000000106e-04
1.600000000000000000e+01 2.400000000000000000e+01 9.000000000000000000e+00 0.000000000000000000e+00 1.600000000000000089e+00 -1.266999999999999897e-03 -2.197000000000000168e-03 -9.999970000000000248e-01 4.554469999999999907e-01 8.902590000000000225e-01 -2.533000000000000095e-03 8.902619999999999978e-01 -4.554489999999999927e-01 -1.279999999999999942e-04
2.500000000000000000e+01 2.400000000000000000e+01 9.000000000000000000e+00 0.000000000000000000e+00 1.600000000000000089e+00 -1.281000000000000021e-03 -3.005999999999999991e-03 -9.999949999999999672e-01 4.558189999999999742e-01 8.900670000000000526e-01 -3.259000000000000178e-03 8.900719999999999743e-01 -4.558200000000000029e-01 2.300000000000000070e-04
1.200000000000000000e+01 3.100000000000000000e+01 1.200000000000000000e+01 0.000000000000000000e+00 1.600000000000000089e+00 -4.500000000000000283e-05 -2.789999999999999945e-03 9.999959999999999960e-01 -1.629699999999999899e-02 9.998629999999999463e-01 2.788999999999999813e-03 -9.998669999999999503e-01 -1.629699999999999899e-02 -9.000000000000000567e-05
4.000000000000000000e+00 3.500000000000000000e+01 1.200000000000000000e+01 0.000000000000000000e+00 1.600000000000000089e+00 1.745000000000000023e-03 -8.451000000000000179e-03 -9.999630000000000463e-01 4.655679999999999819e-01 -8.849730000000000096e-01 8.292000000000000759e-03 -8.850109999999999921e-01 -4.655650000000000066e-01 2.390000000000000197e-03
7.000000000000000000e+00 3.500000000000000000e+01 1.200000000000000000e+01 0.000000000000000000e+00 1.600000000000000089e+00 3.069999999999999812e-04 -5.669000000000000428e-03 -9.999839999999999840e-01 4.649380000000000179e-01 -8.853280000000000038e-01 5.161999999999999922e-03 -8.853429999999999911e-01 -4.649329999999999852e-01 2.364000000000000216e-03
1.100000000000000000e+01 3.500000000000000000e+01 1.200000000000000000e+01 0.000000000000000000e+00 1.600000000000000089e+00 -6.179999999999999513e-04 -2.000000000000000042e-03 -9.999980000000000535e-01 4.602060000000000040e-01 -8.878110000000000168e-01 1.490999999999999921e-03 -8.878120000000000456e-01 -4.602040000000000020e-01 1.469000000000000037e-03
1.600000000000000000e+01 3.500000000000000000e+01 1.200000000000000000e+01 0.000000000000000000e+00 1.600000000000000089e+00 1.552999999999999910e-03 6.799999999999999946e-05 -9.999989999999999712e-01 4.500339999999999896e-01 -8.930109999999999992e-01 6.380000000000000037e-04 -8.930099999999999705e-01 -4.500339999999999896e-01 -1.417000000000000074e-03
2.500000000000000000e+01 3.500000000000000000e+01 1.200000000000000000e+01 0.000000000000000000e+00 1.600000000000000089e+00 -5.990000000000000316e-04 -6.310000000000000504e-04 -1.000000000000000000e+00 4.148160000000000180e-01 -9.099049999999999638e-01 3.260000000000000094e-04 -9.099049999999999638e-01 -4.148160000000000180e-01 8.069999999999999916e-04
2.900000000000000000e+01 3.500000000000000000e+01 1.200000000000000000e+01 0.000000000000000000e+00 1.600000000000000089e+00 2.526000000000000034e-03 -5.673000000000000091e-03 -9.999810000000000088e-01 4.028280000000000194e-01 -9.152550000000000407e-01 6.210000000000000242e-03 -9.152719999999999745e-01 -4.028360000000000274e-01 -2.699999999999999899e-05
3.000000000000000000e+00 3.200000000000000000e+01 1.400000000000000000e+01 0.000000000000000000e+00 1.600000000000000089e+00 3.027000000000000177e-03 3.041999999999999999e-03 -9.999909999999999632e-01 1.022929999999999950e-01 9.947489999999999943e-01 3.335999999999999990e-03 9.947500000000000231e-01 -1.023020000000000040e-01 2.700000000000000143e-03
6.000000000000000000e+00 3.200000000000000000e+01 1.400000000000000000e+01 0.000000000000000000e+00 1.600000000000000089e+00 5.490000000000000088e-04 4.899999999999999842e-04 -1.000000000000000000e+00 1.033980000000000038e-01 9.946399999999999686e-01 5.439999999999999957e-04 9.946399999999999686e-01 -1.033990000000000048e-01 4.960000000000000216e-04
1.600000000000000000e+01 1.200000000000000000e+01 1.500000000000000000e+01 0.000000000000000000e+00 1.600000000000000089e+00 -4.800000000000000122e-05 -1.211000000000000054e-03 -9.999989999999999712e-01 -4.635520000000000196e-01 -8.860689999999999955e-01 1.095000000000000053e-03 -8.860700000000000243e-01 4.635520000000000196e-01 -5.190000000000000386e-04
2.500000000000000000e+01 1.200000000000000000e+01 1.500000000000000000e+01 0.000000000000000000e+00 1.600000000000000089e+00 -1.317999999999999944e-03 -3.128999999999999837e-03 -9.999940000000000495e-01 -4.635110000000000063e-01 -8.860839999999999828e-01 3.383999999999999855e-03 -8.860900000000000443e-01 4.635130000000000083e-01 -2.829999999999999942e-04
1.400000000000000000e+01 1.160000000000000000e+02 1.600000000000000000e+01 0.000000000000000000e+00 1.600000000000000089e+00 2.710999999999999868e-03 7.230999999999999581e-03 9.999700000000000255e-01 7.360449999999999493e-01 6.768969999999999709e-01 -6.891000000000000424e-03 -6.769269999999999454e-01 7.360419999999999741e-01 -3.487000000000000082e-03
2.000000000000000000e+00 2.000000000000000000e+00 1.900000000000000000e+01 0.000000000000000000e+00 1.600000000000000089e+00 -2.641999999999999817e-03 1.597700000000000162e-02 -9.998690000000000078e-01 1.845249999999999946e-01 -9.826949999999999852e-01 -1.618999999999999953e-02 -9.828240000000000309e-01 -1.845430000000000126e-01 -3.519999999999999908e-04
1.000000000000000000e+01 2.000000000000000000e+00 1.900000000000000000e+01 0.000000000000000000e+00 1.600000000000000089e+00 -1.097000000000000102e-03 2.442000000000000160e-03 -9.999959999999999960e-01 1.753220000000000056e-01 -9.845080000000000497e-01 -2.596999999999999916e-03 -9.845099999999999962e-01 -1.753240000000000076e-01 6.509999999999999945e-04
1.500000000000000000e+01 2.000000000000000000e+00 1.900000000000000000e+01 0.000000000000000000e+00 1.600000000000000089e+00 -4.099999999999999912e-04 5.324999999999999872e-03 -9.999860000000000415e-01 1.690190000000000026e-01 -9.855979999999999741e-01 -5.317999999999999811e-03 -9.856129999999999614e-01 -1.690190000000000026e-01 -4.960000000000000216e-04
2.500000000000000000e+01 2.000000000000000000e+00 1.900000000000000000e+01 0.000000000000000000e+00 1.600000000000000089e+00 -9.200000000000000007e-05 -4.113999999999999602e-03 -9.999919999999999920e-01 1.607010000000000105e-01 -9.869949999999999557e-01 4.046000000000000117e-03 -9.870029999999999637e-01 -1.606990000000000085e-01 7.519999999999999558e-04
3.000000000000000000e+01 2.000000000000000000e+00 1.900000000000000000e+01 0.000000000000000000e+00 1.600000000000000089e+00 -1.374999999999999920e-03 -1.681300000000000155e-02 -9.998580000000000245e-01 1.603680000000000105e-01 -9.869219999999999660e-01 1.637500000000000067e-02 -9.870560000000000445e-01 -1.603219999999999923e-01 4.053000000000000179e-03
1.100000000000000000e+01 4.000000000000000000e+00 2.000000000000000000e+01 0.000000000000000000e+00 1.600000000000000089e+00 -1.562999999999999936e-03 3.040000000000000167e-03 -9.999940000000000495e-01 2.603190000000000226e-01 -9.655169999999999586e-01 -3.341999999999999919e-03 -9.655209999999999626e-01 -2.603230000000000266e-01 7.179999999999999967e-04
4.000000000000000000e+00 1.300000000000000000e+01 2.000000000000000000e+01 0.000000000000000000e+00 1.600000000000000089e+00 1.953000000000000092e-03 3.863999999999999813e-03 9.999909999999999632e-01 2.566780000000000173e-01 9.664880000000000138e-01 -4.236000000000000182e-03 -9.664949999999999930e-01 2.566840000000000233e-01 8.959999999999999866e-04
9.000000000000000000e+00 1.300000000000000000e+01 2.000000000000000000e+01 0.000000000000000000e+00 1.600000000000000089e+00 1.376999999999999969e-03 -5.599999999999999916e-05 9.999989999999999712e-01 2.555620000000000114e-01 9.667930000000000135e-01 -2.979999999999999793e-04 -9.667919999999999847e-01 2.555620000000000114e-01 1.345999999999999974e-03
1.500000000000000000e+01 1.300000000000000000e+01 2.000000000000000000e+01 0.000000000000000000e+00 1.600000000000000089e+00 1.279999999999999942e-04 9.709999999999999664e-04 9.999989999999999712e-01 2.520549999999999735e-01 9.677120000000000166e-01 -9.719999999999999907e-04 -9.677130000000000454e-01 2.520549999999999735e-01 -1.210000000000000002e-04
1.900000000000000000e+01 1.300000000000000000e+01 2.000000000000000000e+01 0.000000000000000000e+00 1.600000000000000089e+00 4.749999999999999990e-04 -2.864999999999999925e-03 9.999959999999999960e-01 2.500959999999999850e-01 9.682169999999999943e-01 2.654999999999999808e-03 -9.682209999999999983e-01 2.500939999999999830e-01 1.177000000000000095e-03
2.600000000000000000e+01 1.300000000000000000e+01 2.000000000000000000e+01 0.000000000000000000e+00 1.600000000000000089e+00 -2.069999999999999900e-04 -1.361999999999999929e-03 9.999989999999999712e-01 2.511860000000000204e-01 9.679379999999999651e-01 1.369999999999999907e-03 -9.679389999999999938e-01 2.511860000000000204e-01 1.420000000000000092e-04
5.000000000000000000e+00 1.600000000000000000e+01 2.100000000000000000e+01 0.000000000000000000e+00 1.600000000000000089e+00 1.971999999999999795e-03 3.180999999999999800e-03 9.999930000000000208e-01 2.993770000000000042e-01 9.541279999999999761e-01 -3.625000000000000184e-03 -9.541330000000000089e-01 2.993819999999999815e-01 9.290000000000000297e-04
9.000000000000000000e+00 1.600000000000000000e+01 2.100000000000000000e+01 0.000000000000000000e+00 1.600000000000000089e+00 1.709000000000000016e-03 -4.939999999999999730e-04 9.999980000000000535e-01 2.994560000000000000e-01 9.541100000000000136e-01 -4.100000000000000047e-05 -9.541089999999999849e-01 2.994550000000000267e-01 1.778000000000000067e-03
1.700000000000000000e+01 1.600000000000000000e+01 2.100000000000000000e+01 0.000000000000000000e+00 1.600000000000000089e+00 2.400000000000000061e-05 -5.150000000000000498e-04 1.000000000000000000e+00 2.983990000000000253e-01 9.544409999999999838e-01 4.850000000000000253e-04 -9.544409999999999838e-01 2.983990000000000253e-01 1.759999999999999954e-04
2.200000000000000000e+01 1.600000000000000000e+01 2.100000000000000000e+01 0.000000000000000000e+00 1.600000000000000089e+00 7.299999999999999903e-05 -6.714999999999999615e-03 9.999770000000000048e-01 2.973500000000000032e-01 9.547470000000000123e-01 6.389999999999999847e-03 -9.547689999999999788e-01 2.973430000000000240e-01 2.066000000000000128e-03
5.000000000000000000e+00 3.000000000000000000e+00 2.500000000000000000e+01 0.000000000000000000e+00 1.600000000000000089e+00 3.576999999999999885e-03 1.085799999999999960e-02 9.999350000000000183e-01 -4.790900000000000020e-02 -9.987909999999999844e-01 1.101700000000000075e-02 9.988449999999999829e-01 -4.794500000000000151e-02 -3.053000000000000158e-03
1.100000000000000000e+01 4.600000000000000000e+01 2.700000000000000000e+01 0.000000000000000000e+00 1.600000000000000089e+00 -7.789999999999999616e-04 9.709999999999999664e-04 -9.999989999999999712e-01 6.665229999999999766e-01 7.454849999999999532e-01 2.049999999999999956e-04 7.454840000000000355e-01 -6.665219999999999478e-01 -1.227999999999999925e-03
2.500000000000000000e+01 4.600000000000000000e+01 2.700000000000000000e+01 0.000000000000000000e+00 1.600000000000000089e+00 2.693000000000000081e-03 -2.350999999999999791e-03 -9.999940000000000495e-01 6.731279999999999486e-01 7.395260000000000167e-01 7.399999999999999623e-05 7.395209999999999839e-01 -6.731239999999999446e-01 3.573999999999999920e-03
1.400000000000000000e+01 4.600000000000000000e+01 3.000000000000000000e+01 0.000000000000000000e+00 1.600000000000000089e+00 4.299999999999999894e-04 2.199999999999999943e-05 -1.000000000000000000e+00 3.295870000000000188e-01 9.441249999999999920e-01 1.620000000000000075e-04 9.441249999999999920e-01 -3.295870000000000188e-01 3.989999999999999949e-04
5.000000000000000000e+00 5.800000000000000000e+01 3.100000000000000000e+01 0.000000000000000000e+00 1.600000000000000089e+00 5.666000000000000029e-03 6.492000000000000375e-03 9.999630000000000463e-01 -7.738450000000000051e-01 -6.333180000000000476e-01 8.496999999999999345e-03 6.333499999999999686e-01 -7.738639999999999963e-01 1.435999999999999993e-03
9.000000000000000000e+00 5.800000000000000000e+01 3.100000000000000000e+01 0.000000000000000000e+00 1.600000000000000089e+00 4.389999999999999805e-03 5.828999999999999980e-03 9.999730000000000008e-01 -7.720040000000000235e-01 -6.355779999999999763e-01 7.093999999999999612e-03 6.356020000000000003e-01 -7.720150000000000068e-01 1.709999999999999932e-03
1.400000000000000000e+01 5.800000000000000000e+01 3.100000000000000000e+01 0.000000000000000000e+00 1.600000000000000089e+00 1.211999999999999970e-03 2.519999999999999996e-04 9.999989999999999712e-01 -7.722139999999999560e-01 -6.353619999999999823e-01 1.095999999999999969e-03 6.353609999999999536e-01 -7.722149999999999848e-01 -5.749999999999999903e-04
2.200000000000000000e+01 5.800000000000000000e+01 3.100000000000000000e+01 0.000000000000000000e+00 1.600000000000000089e+00 2.639400000000000079e-02 -8.893099999999999616e-02 9.956880000000000175e-01 -7.646979999999999889e-01 -6.433149999999999702e-01 -3.718699999999999783e-02 6.438479999999999759e-01 -7.604189999999999561e-01 -8.498600000000000598e-02
2.600000000000000000e+01 5.600000000000000000e+01 3.300000000000000000e+01 0.000000000000000000e+00 1.600000000000000089e+00 -2.630040000000000155e-01 -3.101280000000000148e-01 -9.135919999999999597e-01 4.545460000000000056e-01 -8.750799999999999690e-01 1.662009999999999876e-01 -8.510100000000000442e-01 -3.715570000000000261e-01 3.711169999999999747e-01
2.000000000000000000e+00 4.600000000000000000e+01 3.500000000000000000e+01 0.000000000000000000e+00 1.600000000000000089e+00 -1.101999999999999898e-03 4.760000000000000234e-04 -9.999989999999999712e-01 3.917059999999999986e-01 -9.200899999999999634e-01 -8.700000000000000051e-04 -9.200899999999999634e-01 -3.917070000000000274e-01 8.279999999999999600e-04
8.000000000000000000e+00 4.600000000000000000e+01 3.500000000000000000e+01 0.000000000000000000e+00 1.600000000000000089e+00 -6.949999999999999798e-04 2.144000000000000072e-03 -9.999970000000000248e-01 3.933050000000000157e-01 -9.194050000000000278e-01 -2.245000000000000034e-03 -9.194080000000000030e-01 -3.933050000000000157e-01 -2.049999999999999956e-04
1.100000000000000000e+01 4.600000000000000000e+01 3.500000000000000000e+01 0.000000000000000000e+00 1.600000000000000089e+00 -9.349999999999999587e-04 3.105000000000000121e-03 -9.999949999999999672e-01 3.925370000000000248e-01 -9.197309999999999652e-01 -3.223000000000000170e-03 -9.197359999999999980e-01 -3.925379999999999980e-01 -3.589999999999999984e-04
1.500000000000000000e+01 4.600000000000000000e+01 3.500000000000000000e+01 0.000000000000000000e+00 1.600000000000000089e+00 -8.679999999999999565e-04 3.756999999999999923e-03 -9.999930000000000208e-01 3.937019999999999964e-01 -9.192299999999999915e-01 -3.795000000000000196e-03 -9.192379999999999995e-01 -3.937030000000000252e-01 -6.819999999999999890e-04
1.800000000000000000e+01 4.600000000000000000e+01 3.500000000000000000e+01 0.000000000000000000e+00 1.600000000000000089e+00 2.900000000000000017e-04 -9.265999999999999931e-03 -9.999569999999999848e-01 3.956120000000000192e-01 -9.183769999999999989e-01 8.625000000000000722e-03 -9.184179999999999566e-01 -3.955969999999999764e-01 3.399999999999999811e-03
2.500000000000000000e+01 4.600000000000000000e+01 3.500000000000000000e+01 0.000000000000000000e+00 1.600000000000000089e+00 -2.969499999999999917e-02 -1.607119999999999937e-01 -9.865549999999999597e-01 3.612130000000000063e-01 -9.220159999999999467e-01 1.393260000000000054e-01 -9.320100000000000051e-01 -3.522190000000000043e-01 8.543000000000000593e-02
2.000000000000000000e+01 9.500000000000000000e+01 3.600000000000000000e+01 0.000000000000000000e+00 1.600000000000000089e+00 -2.449700000000000141e-02 5.475599999999999912e-02 9.981989999999999474e-01 9.957840000000000025e-01 8.963300000000000434e-02 1.952100000000000016e-02 -8.840299999999999547e-02 9.944690000000000474e-01 -5.672100000000000058e-02
2.500000000000000000e+01 9.500000000000000000e+01 3.600000000000000000e+01 0.000000000000000000e+00 1.600000000000000089e+00 -4.560000000000000251e-04 2.814300000000000135e-02 9.996040000000000481e-01 9.976019999999999888e-01 6.919500000000000650e-02 -1.492999999999999969e-03 -6.920900000000000662e-02 9.972060000000000368e-01 -2.810700000000000004e-02
3.000000000000000000e+00 2.900000000000000000e+01 4.400000000000000000e+01 0.000000000000000000e+00 1.600000000000000089e+00 -5.649999999999999641e-04 7.510000000000000399e-04 -1.000000000000000000e+00 6.495619999999999727e-01 7.603090000000000126e-01 2.039999999999999984e-04 7.603090000000000126e-01 -6.495610000000000550e-01 -9.169999999999999549e-04
7.000000000000000000e+00 2.900000000000000000e+01 4.400000000000000000e+01 0.000000000000000000e+00 1.600000000000000089e+00 -2.595000000000000084e-03 -2.259000000000000157e-03 -9.999940000000000495e-01 6.617659999999999654e-01 7.497030000000000083e-01 -3.410999999999999970e-03 7.497059999999999835e-01 -6.617709999999999981e-01 -4.510000000000000120e-04
1.100000000000000000e+01 2.900000000000000000e+01 4.400000000000000000e+01 0.000000000000000000e+00 1.600000000000000089e+00 -3.327999999999999795e-03 -3.180999999999999800e-03 -9.999890000000000168e-01 6.695600000000000440e-01 7.427430000000000421e-01 -4.590999999999999595e-03 7.427500000000000213e-01 -6.695689999999999698e-01 -3.420000000000000188e-04
1.500000000000000000e+01 2.900000000000000000e+01 4.400000000000000000e+01 0.000000000000000000e+00 1.600000000000000089e+00 4.730000000000000046e-04 -5.860000000000000408e-04 -1.000000000000000000e+00 6.694679999999999520e-01 7.428409999999999735e-01 -1.179999999999999951e-04 7.428409999999999735e-01 -6.694679999999999520e-01 7.439999999999999782e-04
2.100000000000000000e+01 2.900000000000000000e+01 4.400000000000000000e+01 0.000000000000000000e+00 1.600000000000000089e+00 2.530000000000000239e-04 8.199999999999999824e-04 -1.000000000000000000e+00 6.622639999999999638e-01 7.492710000000000203e-01 7.820000000000000345e-04 7.492710000000000203e-01 -6.622639999999999638e-01 -3.539999999999999853e-04
2.700000000000000000e+01 2.900000000000000000e+01 4.400000000000000000e+01 0.000000000000000000e+00 1.600000000000000089e+00 -3.606999999999999963e-03 -6.549999999999999833e-04 -9.999930000000000208e-01 6.566149999999999487e-01 7.542210000000000303e-01 -2.863000000000000093e-03 7.542180000000000550e-01 -6.566210000000000102e-01 -2.291000000000000068e-03
1.200000000000000000e+01 5.000000000000000000e+01 4.500000000000000000e+01 0.000000000000000000e+00 1.600000000000000089e+00 -5.616349999999999953e-01 1.140550000000000036e-01 -8.194860000000000477e-01 -2.971699999999999897e-01 -9.521699999999999608e-01 7.114399999999999891e-02 -7.721759999999999735e-01 2.834840000000000138e-01 5.686660000000000048e-01
2.600000000000000000e+01 6.400000000000000000e+01 4.700000000000000000e+01 0.000000000000000000e+00 1.600000000000000089e+00 1.700499999999999928e-02 1.345500000000000029e-01 9.907610000000000028e-01 6.423200000000000021e-01 -7.608580000000000343e-01 9.230299999999999616e-02 7.662480000000000402e-01 6.348160000000000469e-01 -9.936300000000000687e-02
1.100000000000000000e+01 7.000000000000000000e+01 4.700000000000000000e+01 0.000000000000000000e+00 1.600000000000000089e+00 -2.171999999999999972e-02 1.465600000000000062e-02 -9.996570000000000178e-01 -8.426470000000000349e-01 -5.383660000000000112e-01 1.041599999999999991e-02 -5.380289999999999795e-01 8.425839999999999996e-01 2.404299999999999840e-02
8.000000000000000000e+00 5.000000000000000000e+00 5.100000000000000000e+01 0.000000000000000000e+00 1.600000000000000089e+00 -1.799000000000000035e-03 -1.789999999999999925e-03 -9.999970000000000248e-01 4.895430000000000059e-01 -8.719789999999999486e-01 6.800000000000000488e-04 -8.719770000000000021e-01 -4.895399999999999752e-01 2.443999999999999992e-03
1.700000000000000000e+01 5.000000000000000000e+00 5.100000000000000000e+01 0.000000000000000000e+00 1.600000000000000089e+00 1.041000000000000042e-03 2.956999999999999993e-03 -9.999949999999999672e-01 4.898390000000000244e-01 -8.718099999999999739e-01 -2.067999999999999960e-03 -8.718120000000000314e-01 -4.898350000000000204e-01 -2.356000000000000021e-03
2.000000000000000000e+01 5.000000000000000000e+00 5.100000000000000000e+01 0.000000000000000000e+00 1.600000000000000089e+00 -1.620000000000000075e-04 6.740000000000000331e-03 -9.999770000000000048e-01 4.882790000000000186e-01 -8.726669999999999705e-01 -5.961000000000000153e-03 -8.726880000000000193e-01 -4.882690000000000086e-01 -3.150000000000000022e-03
2.500000000000000000e+01 5.000000000000000000e+00 5.100000000000000000e+01 0.000000000000000000e+00 1.600000000000000089e+00 -4.970000000000000459e-04 6.760999999999999649e-03 -9.999770000000000048e-01 4.830349999999999921e-01 -8.755789999999999962e-01 -6.159999999999999677e-03 -8.756009999999999627e-01 -4.830269999999999841e-01 -2.830000000000000050e-03
3.000000000000000000e+01 5.000000000000000000e+00 5.100000000000000000e+01 0.000000000000000000e+00 1.600000000000000089e+00 -1.928000000000000026e-03 -1.240000000000000000e-03 -9.999970000000000248e-01 4.809140000000000081e-01 -8.767679999999999918e-01 1.600000000000000131e-04 -8.767650000000000166e-01 -4.809129999999999794e-01 2.286999999999999970e-03
1.100000000000000000e+01 7.000000000000000000e+00 5.200000000000000000e+01 0.000000000000000000e+00 1.600000000000000089e+00 -3.900999999999999954e-03 -7.945999999999999938e-03 -9.999609999999999888e-01 1.113790000000000058e-01 -9.937500000000000222e-01 7.461999999999999883e-03 -9.937700000000000422e-01 -1.113449999999999995e-01 4.760999999999999607e-03
2.000000000000000000e+00 6.300000000000000000e+01 5.400000000000000000e+01 0.000000000000000000e+00 1.600000000000000089e+00 5.934000000000000039e-03 1.382999999999999898e-03 9.999810000000000088e-01 -3.289050000000000029e-01 9.443629999999999525e-01 6.459999999999999814e-04 -9.443439999999999612e-01 -3.289020000000000277e-01 6.058000000000000017e-03
8.000000000000000000e+00 6.300000000000000000e+01 5.400000000000000000e+01 0.000000000000000000e+00 1.600000000000000089e+00 -1.082699999999999982e-02 -8.168999999999999179e-03 9.999080000000000190e-01 -3.347789999999999933e-01 9.422880000000000145e-01 4.074000000000000364e-03 -9.422350000000000447e-01 -3.347040000000000015e-01 -1.293700000000000058e-02
1.600000000000000000e+01 6.300000000000000000e+01 5.400000000000000000e+01 0.000000000000000000e+00 1.600000000000000089e+00 -4.640000000000000027e-04 -3.814000000000000116e-03 9.999930000000000208e-01 -3.332849999999999979e-01 9.428199999999999914e-01 3.442000000000000181e-03 -9.428260000000000529e-01 -3.332809999999999939e-01 -1.708000000000000100e-03
1.000000000000000000e+00 2.500000000000000000e+01 5.500000000000000000e+01 0.000000000000000000e+00 1.600000000000000089e+00 -4.199999999999999768e-05 -1.177600000000000001e-02 -9.999310000000000143e-01 -1.107400000000000051e-02 -9.998690000000000078e-01 1.177500000000000074e-02 -9.999390000000000223e-01 1.107299999999999951e-02 -8.799999999999999771e-05
5.000000000000000000e+00 2.500000000000000000e+01 5.500000000000000000e+01 0.000000000000000000e+00 1.600000000000000089e+00 5.730000000000000501e-04 -8.762999999999999956e-03 -9.999609999999999888e-01 -1.407899999999999950e-02 -9.998629999999999463e-01 8.753999999999999629e-03 -9.999010000000000398e-01 1.407399999999999970e-02 -6.970000000000000284e-04
1.400000000000000000e+01 2.500000000000000000e+01 5.500000000000000000e+01 0.000000000000000000e+00 1.600000000000000089e+00 1.379000000000000017e-03 5.088999999999999774e-03 -9.999860000000000415e-01 -1.251400000000000082e-02 -9.999090000000000478e-01 -5.106000000000000295e-03 -9.999209999999999487e-01 1.252099999999999914e-02 -1.314999999999999980e-03
2.000000000000000000e+01 5.200000000000000000e+01 5.700000000000000000e+01 0.000000000000000000e+00 1.600000000000000089e+00 8.931200000000000250e-02 4.685619999999999785e-01 8.789040000000000186e-01 3.190819999999999768e-01 -8.493829999999999991e-01 4.203990000000000227e-01 9.435090000000000421e-01 2.428960000000000008e-01 -2.253699999999999870e-01
1.000000000000000000e+00 6.800000000000000000e+01 5.700000000000000000e+01 0.000000000000000000e+00 1.600000000000000089e+00 -3.065800000000000122e-02 7.563229999999999675e-01 6.534790000000000321e-01 -2.832319999999999838e-01 6.204159999999999675e-01 -7.313439999999999941e-01 -9.585609999999999964e-01 -2.075079999999999980e-01 1.951940000000000064e-01
7.000000000000000000e+00 2.100000000000000000e+01 6.000000000000000000e+01 0.000000000000000000e+00 1.600000000000000089e+00 5.519999999999999733e-04 1.511799999999999949e-02 9.998860000000000525e-01 -9.742900000000000171e-02 9.951299999999999590e-01 -1.499200000000000012e-02 -9.952419999999999600e-01 -9.740999999999999659e-02 2.021999999999999926e-03
1.100000000000000000e+01 2.100000000000000000e+01 6.000000000000000000e+01 0.000000000000000000e+00 1.600000000000000089e+00 -1.856000000000000011e-03 -2.703999999999999806e-03 9.999949999999999672e-01 -9.804699999999999527e-02 9.951790000000000358e-01 2.508999999999999946e-03 -9.951799999999999535e-01 -9.804100000000000315e-02 -2.112000000000000162e-03
2.000000000000000000e+01 2.100000000000000000e+01 6.000000000000000000e+01 0.000000000000000000e+00 1.600000000000000089e+00 4.119999999999999856e-04 -1.028100000000000021e-02 9.999470000000000303e-01 -9.643400000000000583e-02 9.952860000000000040e-01 1.027199999999999988e-02 -9.953389999999999738e-01 -9.643300000000000483e-02 -5.820000000000000520e-04
2.500000000000000000e+01 2.100000000000000000e+01 6.000000000000000000e+01 0.000000000000000000e+00 1.600000000000000089e+00 -4.699999999999999724e-05 7.609999999999999577e-04 1.000000000000000000e+00 -9.721699999999999786e-02 9.952630000000000088e-01 -7.619999999999999820e-04 -9.952630000000000088e-01 -9.721699999999999786e-02 2.699999999999999899e-05
6.000000000000000000e+00 3.000000000000000000e+00 6.300000000000000000e+01 0.000000000000000000e+00 1.600000000000000089e+00 5.720000000000000258e-04 1.369999999999999907e-03 9.999989999999999712e-01 -6.170700000000000074e-01 7.869080000000000519e-01 -7.249999999999999500e-04 -7.869080000000000519e-01 -6.170689999999999786e-01 1.294999999999999927e-03
2.200000000000000000e+01 3.000000000000000000e+00 6.300000000000000000e+01 0.000000000000000000e+00 1.600000000000000089e+00 -7.079999999999999705e-04 7.060000000000000303e-04 1.000000000000000000e+00 -6.149149999999999894e-01 7.885929999999999884e-01 -9.920000000000000432e-04 -7.885929999999999884e-01 -6.149149999999999894e-01 -1.240000000000000054e-04
6.000000000000000000e+00 2.700000000000000000e+01 6.300000000000000000e+01 0.000000000000000000e+00 1.600000000000000089e+00 1.079999999999999960e-04 -1.840999999999999972e-03 9.999980000000000535e-01 -2.794090000000000185e-01 9.601699999999999680e-01 1.797999999999999902e-03 -9.601720000000000255e-01 -2.794090000000000185e-01 -4.099999999999999912e-04
1.300000000000000000e+01 2.700000000000000000e+01 6.300000000000000000e+01 0.000000000000000000e+00 1.600000000000000089e+00 -5.490000000000000088e-04 6.260000000000000373e-04 1.000000000000000000e+00 -2.788499999999999868e-01 9.603340000000000209e-01 -7.550000000000000287e-04 -9.603350000000000497e-01 -2.788499999999999868e-01 -3.530000000000000152e-04
1.800000000000000000e+01 2.700000000000000000e+01 6.300000000000000000e+01 0.000000000000000000e+00 1.600000000000000089e+00 9.479999999999999495e-04 -1.214000000000000018e-03 9.999989999999999712e-01 -2.793590000000000240e-01 9.601859999999999840e-01 1.430999999999999980e-03 -9.601859999999999840e-01 -2.793599999999999972e-01 5.710000000000000015e-04
2.000000000000000000e+01 2.700000000000000000e+01 6.300000000000000000e+01 0.000000000000000000e+00 1.600000000000000089e+00 3.570000000000000040e-04 -2.027000000000000156e-03 9.999980000000000535e-01 -2.787399999999999878e-01 9.603639999999999954e-01 2.046000000000000076e-03 -9.603660000000000529e-01 -2.787410000000000165e-01 -2.220000000000000022e-04
2.400000000000000000e+01 2.700000000000000000e+01 6.300000000000000000e+01 0.000000000000000000e+00 1.600000000000000089e+00 6.030000000000000204e-04 -2.648000000000000180e-03 9.999959999999999960e-01 -2.781560000000000143e-01 9.605320000000000524e-01 2.710999999999999868e-03 -9.605359999999999454e-01 -2.781560000000000143e-01 -1.579999999999999916e-04
2.900000000000000000e+01 2.700000000000000000e+01 6.300000000000000000e+01 0.000000000000000000e+00 1.600000000000000089e+00 8.660000000000000163e-04 -7.041000000000000383e-03 9.999749999999999472e-01 -2.796989999999999754e-01 9.600619999999999710e-01 7.002999999999999677e-03 -9.600870000000000237e-01 -2.796980000000000022e-01 -1.137999999999999906e-03
6.000000000000000000e+00 2.600000000000000000e+01 6.400000000000000000e+01 0.000000000000000000e+00 1.600000000000000089e+00 -1.759999999999999954e-04 -1.528999999999999977e-03 9.999989999999999712e-01 -3.646320000000000117e-01 9.311509999999999510e-01 1.358999999999999965e-03 -9.311519999999999797e-01 -3.646309999999999829e-01 -7.209999999999999612e-04
1.200000000000000000e+01 2.600000000000000000e+01 6.400000000000000000e+01 0.000000000000000000e+00 1.600000000000000089e+00 -8.769999999999999584e-04 -1.196000000000000014e-03 9.999989999999999712e-01 -3.639580000000000037e-01 9.314149999999999929e-01 7.950000000000000252e-04 -9.314149999999999929e-01 -3.639569999999999750e-01 -1.252000000000000075e-03
1.900000000000000000e+01 2.600000000000000000e+01 6.400000000000000000e+01 0.000000000000000000e+00 1.600000000000000089e+00 9.409999999999999962e-04 -1.958000000000000105e-03 9.999980000000000535e-01 -3.627799999999999914e-01 9.318720000000000336e-01 2.165999999999999957e-03 -9.318739999999999801e-01 -3.627819999999999934e-01 1.659999999999999963e-04
2.500000000000000000e+01 2.600000000000000000e+01 6.400000000000000000e+01 0.000000000000000000e+00 1.600000000000000089e+00 1.405999999999999915e-03 -2.727999999999999956e-03 9.999949999999999672e-01 -3.640590000000000215e-01 9.313709999999999489e-01 3.053000000000000158e-03 -9.313749999999999529e-01 -3.640619999999999967e-01 3.170000000000000075e-04
2.900000000000000000e+01 2.600000000000000000e+01 6.400000000000000000e+01 0.000000000000000000e+00 1.600000000000000089e+00 1.446000000000000020e-03 -6.714000000000000350e-03 9.999759999999999760e-01 -3.658540000000000125e-01 9.306470000000000020e-01 6.778000000000000171e-03 -9.306710000000000260e-01 -3.658560000000000145e-01 -1.111000000000000008e-03
1.400000000000000000e+01 6.900000000000000000e+01 6.600000000000000000e+01 0.000000000000000000e+00 1.600000000000000089e+00 -2.752000000000000106e-03 9.804999999999999480e-03 9.999479999999999480e-01 -9.565730000000000066e-01 2.914419999999999789e-01 -5.490000000000000088e-03 -2.914809999999999901e-01 -9.565379999999999994e-01 8.576999999999999555e-03
2.000000000000000000e+00 8.500000000000000000e+01 6.600000000000000000e+01 0.000000000000000000e+00 1.600000000000000089e+00 1.786300000000000041e-02 -1.765299999999999855e-02 9.996850000000000458e-01 2.438460000000000072e-01 -9.695759999999999934e-01 -2.147800000000000056e-02 9.696489999999999831e-01 2.441530000000000089e-01 -1.301500000000000053e-02
1.000000000000000000e+01 2.500000000000000000e+01 7.300000000000000000e+01 0.000000000000000000e+00 1.600000000000000089e+00 -2.688999999999999984e-03 1.172999999999999998e-03 9.999959999999999960e-01 7.516040000000000498e-01 -6.596090000000000009e-01 2.795000000000000175e-03 6.596090000000000009e-01 7.516080000000000538e-01 8.919999999999999978e-04
1.700000000000000000e+01 2.500000000000000000e+01 7.300000000000000000e+01 0.000000000000000000e+00 1.600000000000000089e+00 -6.149999999999999868e-04 4.104000000000000009e-03 9.999909999999999632e-01 7.457789999999999697e-01 -6.661859999999999449e-01 3.193000000000000092e-03 6.661930000000000351e-01 7.457740000000000480e-01 -2.650000000000000012e-03
2.500000000000000000e+01 2.500000000000000000e+01 7.300000000000000000e+01 0.000000000000000000e+00 1.600000000000000089e+00 -6.179999999999999513e-04 -4.616999999999999577e-03 9.999890000000000168e-01 7.460820000000000229e-01 -6.658490000000000242e-01 -2.612999999999999871e-03 6.658530000000000282e-01 7.460729999999999862e-01 3.856000000000000053e-03
2.900000000000000000e+01 4.400000000000000000e+01 7.300000000000000000e+01 0.000000000000000000e+00 1.600000000000000089e+00 2.903100000000000125e-02 1.790229999999999877e-01 9.834159999999999568e-01 2.600900000000000087e-02 -9.836329999999999796e-01 1.782950000000000090e-01 9.992400000000000171e-01 2.040099999999999900e-02 -3.321199999999999847e-02
3.000000000000000000e+00 7.800000000000000000e+01 7.300000000000000000e+01 0.000000000000000000e+00 1.600000000000000089e+00 8.816499999999999337e-02 -9.576219999999999732e-01 2.742029999999999745e-01 1.703260000000000052e-01 -2.567280000000000117e-01 -9.513570000000000082e-01 9.814359999999999751e-01 1.305810000000000026e-01 1.404729999999999868e-01
1.200000000000000000e+01 2.500000000000000000e+01 7.400000000000000000e+01 0.000000000000000000e+00 1.600000000000000089e+00 -2.723000000000000160e-03 -4.870000000000000197e-04 9.999959999999999960e-01 8.263279999999999514e-01 -5.631850000000000467e-01 1.975999999999999892e-03 5.631819999999999604e-01 8.263300000000000090e-01 1.936000000000000004e-03
1.800000000000000000e+01 2.500000000000000000e+01 7.400000000000000000e+01 0.000000000000000000e+00 1.600000000000000089e+00 -6.729999999999999871e-04 1.533999999999999990e-03 9.999989999999999712e-01 8.221249999999999947e-01 -5.693049999999999500e-01 1.425999999999999967e-03 5.693059999999999787e-01 8.221249999999999947e-01 -8.779999999999999827e-04
2.200000000000000000e+01 2.500000000000000000e+01 7.400000000000000000e+01 0.000000000000000000e+00 1.600000000000000089e+00 1.730000000000000038e-04 -6.000000000000000125e-03 9.999820000000000375e-01 8.222190000000000332e-01 -5.691610000000000280e-01 -3.556999999999999832e-03 5.691720000000000113e-01 8.222040000000000459e-01 4.834999999999999888e-03
2.400000000000000000e+01 2.500000000000000000e+01 7.400000000000000000e+01 0.000000000000000000e+00 1.600000000000000089e+00 -4.699999999999999724e-05 -4.741999999999999688e-03 9.999890000000000168e-01 8.227919999999999678e-01 -5.683369999999999811e-01 -2.655999999999999941e-03 5.683430000000000426e-01 8.227820000000000134e-01 3.929000000000000201e-03
3.000000000000000000e+00 7.400000000000000000e+01 7.400000000000000000e+01 0.000000000000000000e+00 1.600000000000000089e+00 1.196409999999999973e-01 -9.928139999999999743e-01 2.353000000000000057e-03 2.559890000000000221e-01 2.855800000000000005e-02 -9.662579999999999503e-01 9.592469999999999608e-01 1.162070000000000047e-01 2.575660000000000172e-01
