1.200000000000000000e+01 2.500000000000000000e+01 1.000000000000000000e+00 0.000000000000000000e+00 1.600000000000000089e+00 3.873000000000000140e-03 -1.449999999999999900e-03 -9.999909999999999632e-01 -5.188869999999999871e-01 -8.548419999999999908e-01 -7.699999999999999597e-04 -8.548339999999999828e-01 5.188859999999999584e-01 -4.062999999999999771e-03
1.600000000000000000e+01 2.500000000000000000e+01 1.000000000000000000e+00 0.000000000000000000e+00 1.600000000000000089e+00 3.680000000000000003e-04 3.988000000000000225e-03 -9.999919999999999920e-01 -5.179970000000000407e-01 -8.553749999999999964e-01 -3.602000000000000167e-03 -8.553819999999999757e-01 5.179939999999999545e-01 1.750999999999999952e-03
8.000000000000000000e+00 4.200000000000000000e+01 2.000000000000000000e+00 0.000000000000000000e+00 1.600000000000000089e+00 -5.030999999999999882e-03 4.209399999999999947e-02 -9.991010000000000169e-01 9.816500000000000226e-01 -1.902520000000000044e-01 -1.295800000000000077e-02 -1.906259999999999899e-01 -9.808329999999999549e-01 -4.036399999999999710e-02
6.000000000000000000e+00 1.500000000000000000e+01 4.000000000000000000e+00 0.000000000000000000e+00 1.600000000000000089e+00 1.662999999999999982e-03 3.765000000000000117e-03 9.999909999999999632e-01 3.058449999999999780e-01 -9.520760000000000334e-01 3.076000000000000175e-03 9.520800000000000374e-01 3.058379999999999987e-01 -2.735000000000000018e-03
1.100000000000000000e+01 1.500000000000000000e+01 4.000000000000000000e+00 0.000000000000000000e+00 1.600000000000000089e+00 1.066000000000000107e-03 4.429999999999999910e-03 9.999900000000000455e-01 3.085319999999999729e-01 -9.512059999999999960e-01 3.884999999999999998e-03 9.512129999999999752e-01 3.085249999999999937e-01 -2.380999999999999870e-03
1.400000000000000000e+01 1.500000000000000000e+01 4.000000000000000000e+00 0.000000000000000000e+00 1.600000000000000089e+00 5.010000000000000347e-04 6.096999999999999989e-03 9.999810000000000088e-01 3.098469999999999835e-01 -9.507700000000000040e-01 5.642000000000000313e-03 9.507860000000000200e-01 3.098380000000000023e-01 -2.364999999999999915e-03
2.000000000000000000e+01 1.500000000000000000e+01 4.000000000000000000e+00 0.000000000000000000e+00 1.600000000000000089e+00 8.399999999999999535e-05 4.610999999999999648e-03 9.999890000000000168e-01 3.094520000000000048e-01 -9.509050000000000002e-01 4.359000000000000027e-03 9.509149999999999547e-01 3.094489999999999741e-01 -1.507000000000000093e-03
2.700000000000000000e+01 1.500000000000000000e+01 4.000000000000000000e+00 0.000000000000000000e+00 1.600000000000000089e+00 -2.530000000000000131e-03 -5.817000000000000122e-03 9.999799999999999800e-01 3.112469999999999959e-01 -9.503169999999999673e-01 -4.740000000000000289e-03 9.503260000000000041e-01 3.112280000000000046e-01 4.214999999999999997e-03
1.000000000000000000e+00 1.010000000000000000e+02 7.000000000000000000e+00 0.000000000000000000e+00 1.600000000000000089e+00 -5.917999999999999650e-03 1.856000000000000011e-03 9.999810000000000088e-01 8.823980000000000157e-01 4.704840000000000133e-01 4.348999999999999568e-03 -4.704670000000000241e-01 8.824070000000000524e-01 -4.422999999999999848e-03
1.000000000000000000e+00 2.500000000000000000e+01 8.000000000000000000e+00 0.000000000000000000e+00 1.600000000000000089e+00 9.179999999999999792e-04 9.200000000000000007e-05 -1.000000000000000000e+00 4.425600000000000089e-01 8.967389999999999528e-01 4.889999999999999599e-04 8.967389999999999528e-01 -4.425600000000000089e-01 7.820000000000000345e-04
5.000000000000000000e+00 2.500000000000000000e+01 8.000000000000000000e+00 0.000000000000000000e+00 1.600000000000000089e+00 7.200000000000000182e-05 -1.268000000000000030e-03 -9.999989999999999712e-01 4.422980000000000245e-01 8.968669999999999698e-01 -1.105000000000000079e-03 8.968679999999999986e-01 -4.422980000000000245e-01 6.250000000000000130e-04
9.000000000000000000e+00 2.500000000000000000e+01 8.000000000000000000e+00 0.000000000000000000e+00 1.600000000000000089e+00 -3.184999999999999897e-03 -5.068999999999999721e-03 -9.999820000000000375e-01 4.432010000000000116e-01 8.964029999999999498e-01 -5.956000000000000356e-03 8.964170000000000194e-01 -4.432119999999999949e-01 -6.080000000000000335e-04
1.200000000000000000e+01 2.500000000000000000e+01 8.000000000000000000e+00 0.000000000000000000e+00 1.600000000000000089e+00 -1.806000000000000097e-03 -6.512999999999999692e-03 -9.999770000000000048e-01 4.443039999999999767e-01 8.958509999999999529e-01 -6.636999999999999671e-03 8.958739999999999482e-01 -4.443059999999999787e-01 1.276000000000000007e-03
1.500000000000000000e+01 2.500000000000000000e+01 8.000000000000000000e+00 0.000000000000000000e+00 1.600000000000000089e+00 1.979999999999999881e-04 -4.519999999999999712e-03 -9.999900000000000455e-01 4.444609999999999950e-01 8.957889999999999464e-01 -3.961000000000000111e-03 8.957979999999999832e-01 -4.444560000000000177e-01 2.186000000000000009e-03
1.800000000000000000e+01 2.500000000000000000e+01 8.000000000000000000e+00 0.000000000000000000e+00 1.600000000000000089e+00 1.299999999999999920e-05 -5.150000000000000064e-03 -9.999869999999999592e-01 4.438219999999999943e-01 8.961029999999999829e-01 -4.609000000000000249e-03 8.961149999999999949e-01 -4.438159999999999883e-01 2.296999999999999997e-03
2.200000000000000000e+01 2.500000000000000000e+01 8.000000000000000000e+00 0.000000000000000000e+00 1.600000000000000089e+00 -1.958999999999999804e-03 -4.095999999999999815e-03 -9.999900000000000455e-01 4.445819999999999772e-01 8.957260000000000222e-01 -4.539999999999999765e-03 8.957359999999999767e-01 -4.445870000000000100e-01 6.600000000000000506e-05
2.800000000000000000e+01 2.500000000000000000e+01 8.000000000000000000e+00 0.000000000000000000e+00 1.600000000000000089e+00 5.429999999999999714e-04 3.190999999999999826e-03 -9.999949999999999672e-01 4.451240000000000197e-01 8.954640000000000377e-01 3.099000000000000192e-03 8.954689999999999594e-01 -4.451229999999999909e-01 -9.340000000000000429e-04
5.000000000000000000e+00 2.400000000000000000e+01 9.000000000000000000e+00 0.000000000000000000e+00 1.600000000000000089e+00 3.600000000000000091e-05 -2.036000000000000049e-03 -9.999980000000000535e-01 4.454239999999999866e-01 8.953179999999999472e-01 -1.807000000000000012e-03 8.953200000000000047e-01 -4.454230000000000134e-01 9.389999999999999476e-04
8.000000000000000000e+00 2.400000000000000000e+01 9.000000000000000000e+00 0.000000000000000000e+00 1.600000000000000089e+00 -2.556999999999999811e-03 -5.329999999999999669e-03 -9.999829999999999552e-01 4.458210000000000228e-01 8.951029999999999820e-01 -5.910999999999999588e-03 8.951189999999999980e-01 -4.458280000000000021e-01 8.700000000000000051e-05
1.400000000000000000e+01 2.400000000000000000e+01 9.000000000000000000e+00 0.000000000000000000e+00 1.600000000000000089e+00 -1.900000000000000105e-04 -5.165999999999999585e-03 -9.999869999999999592e-01 4.480529999999999791e-01 8.939949999999999841e-01 -4.703999999999999848e-03 8.940069999999999961e-01 -4.480480000000000018e-01 2.144000000000000072e-03
1.800000000000000000e+01 2.400000000000000000e+01 9.000000000000000000e+00 0.000000000000000000e+00 1.600000000000000089e+00 1.939999999999999993e-04 -5.326000000000000005e-03 -9.999860000000000415e-01 4.481609999999999761e-01 8.939399999999999569e-01 -4.675000000000000336e-03 8.939529999999999976e-01 -4.481539999999999968e-01 2.560000000000000209e-03
2.100000000000000000e+01 2.400000000000000000e+01 9.000000000000000000e+00 0.000000000000000000e+00 1.600000000000000089e+00 -1.853999999999999962e-03 -5.074999999999999650e-03 -9.999850000000000128e-01 4.484879999999999978e-01 8.937730000000000397e-01 -5.367000000000000243e-03 8.937869999999999981e-01 -4.484920000000000018e-01 6.189999999999999756e-04
2.500000000000000000e+01 2.400000000000000000e+01 9.000000000000000000e+00 0.000000000000000000e+00 1.600000000000000089e+00 -4.580000000000000195e-04 -3.746000000000000198e-03 -9.999930000000000208e-01 4.495149999999999979e-01 8.932660000000000045e-01 -3.553000000000000169e-03 8.932729999999999837e-01 -4.495140000000000247e-01 1.275000000000000092e-03
5.000000000000000000e+00 3.100000000000000000e+01 1.200000000000000000e+01 0.000000000000000000e+00 1.600000000000000089e+00 -2.919999999999999961e-04 7.100000000000000462e-05 1.000000000000000000e+00 1.887899999999999995e-02 9.998219999999999885e-01 -6.600000000000000506e-05 -9.998219999999999885e-01 1.887899999999999995e-02 -2.930000000000000204e-04
1.000000000000000000e+01 3.100000000000000000e+01 1.200000000000000000e+01 0.000000000000000000e+00 1.600000000000000089e+00 9.810000000000001011e-04 8.019999999999999785e-04 9.999989999999999712e-01 1.878600000000000061e-02 9.998230000000000173e-01 -8.199999999999999824e-04 -9.998230000000000173e-01 1.878700000000000161e-02 9.659999999999999533e-04
1.600000000000000000e+01 3.100000000000000000e+01 1.200000000000000000e+01 0.000000000000000000e+00 1.600000000000000089e+00 -1.778999999999999982e-03 1.201999999999999943e-03 9.999980000000000535e-01 1.934900000000000161e-02 9.998120000000000340e-01 -1.167000000000000069e-03 -9.998110000000000053e-01 1.934599999999999861e-02 -1.801999999999999999e-03
8.000000000000000000e+00 1.160000000000000000e+02 1.600000000000000000e+01 0.000000000000000000e+00 1.600000000000000089e+00 3.640000000000000115e-04 -1.608999999999999970e-03 9.999989999999999712e-01 6.919769999999999532e-01 7.219189999999999774e-01 9.100000000000000016e-04 -7.219200000000000061e-01 6.919750000000000068e-01 1.376000000000000053e-03
1.100000000000000000e+01 1.160000000000000000e+02 1.600000000000000000e+01 0.000000000000000000e+00 1.600000000000000089e+00 4.203000000000000139e-03 3.272999999999999868e-03 9.999860000000000415e-01 6.963310000000000333e-01 7.177019999999999511e-01 -5.276000000000000308e-03 -7.177090000000000414e-01 6.963430000000000453e-01 7.380000000000000492e-04
1.700000000000000000e+01 1.160000000000000000e+02 1.600000000000000000e+01 0.000000000000000000e+00 1.600000000000000089e+00 -3.392000000000000050e-03 -3.412999999999999801e-03 9.999879999999999880e-01 6.803120000000000278e-01 7.329069999999999752e-01 4.808999999999999907e-03 -7.329149999999999832e-01 6.803200000000000358e-01 -1.640000000000000019e-04
2.800000000000000000e+01 1.160000000000000000e+02 1.600000000000000000e+01 0.000000000000000000e+00 1.600000000000000089e+00 4.970000000000000459e-04 -2.520000000000000104e-03 9.999970000000000248e-01 6.953420000000000156e-01 7.186770000000000103e-01 1.466000000000000072e-03 -7.186780000000000390e-01 6.953390000000000404e-01 2.109999999999999896e-03
5.000000000000000000e+00 2.000000000000000000e+00 1.900000000000000000e+01 0.000000000000000000e+00 1.600000000000000089e+00 5.152999999999999595e-03 -7.442999999999999963e-03 -9.999590000000000423e-01 1.989239999999999897e-01 -9.799799999999999622e-01 8.319000000000000006e-03 -9.800010000000000110e-01 -1.989589999999999970e-01 -3.569999999999999823e-03
9.000000000000000000e+00 2.000000000000000000e+00 1.900000000000000000e+01 0.000000000000000000e+00 1.600000000000000089e+00 2.712000000000000001e-03 -3.321999999999999866e-03 -9.999909999999999632e-01 1.980679999999999941e-01 -9.801809999999999690e-01 3.792999999999999931e-03 -9.801849999999999730e-01 -1.980760000000000021e-01 -2.000000000000000042e-03
1.300000000000000000e+01 2.000000000000000000e+00 1.900000000000000000e+01 0.000000000000000000e+00 1.600000000000000089e+00 2.739999999999999814e-03 1.271999999999999910e-03 -9.999949999999999672e-01 1.964210000000000123e-01 -9.805190000000000294e-01 -7.100000000000000191e-04 -9.805160000000000542e-01 -1.964180000000000093e-01 -2.935999999999999808e-03
1.800000000000000000e+01 2.000000000000000000e+00 1.900000000000000000e+01 0.000000000000000000e+00 1.600000000000000089e+00 -8.689999999999999808e-04 3.830000000000000071e-03 -9.999919999999999920e-01 1.914559999999999873e-01 -9.814929999999999488e-01 -3.925999999999999802e-03 -9.815009999999999568e-01 -1.914579999999999893e-01 1.200000000000000030e-04
2.100000000000000000e+01 2.000000000000000000e+00 1.900000000000000000e+01 0.000000000000000000e+00 1.600000000000000089e+00 -3.600000000000000227e-04 -1.358999999999999965e-03 -9.999989999999999712e-01 1.930219999999999991e-01 -9.811940000000000106e-01 1.263999999999999933e-03 -9.811940000000000106e-01 -1.930219999999999991e-01 6.149999999999999868e-04
2.400000000000000000e+01 2.000000000000000000e+00 1.900000000000000000e+01 0.000000000000000000e+00 1.600000000000000089e+00 -6.790000000000000245e-04 -2.462999999999999912e-03 -9.999970000000000248e-01 1.950399999999999912e-01 -9.807930000000000259e-01 2.282999999999999873e-03 -9.807949999999999724e-01 -1.950379999999999892e-01 1.146000000000000100e-03
2.700000000000000000e+01 2.000000000000000000e+00 1.900000000000000000e+01 0.000000000000000000e+00 1.600000000000000089e+00 -2.716000000000000098e-03 -4.176000000000000024e-03 -9.999879999999999880e-01 1.960439999999999960e-01 -9.805890000000000439e-01 3.562000000000000062e-03 -9.805909999999999904e-01 -1.960320000000000118e-01 3.481999999999999852e-03
6.000000000000000000e+00 4.000000000000000000e+00 2.000000000000000000e+01 0.000000000000000000e+00 1.600000000000000089e+00 6.982999999999999624e-03 -2.495999999999999955e-03 -9.999730000000000008e-01 2.824150000000000271e-01 -9.592829999999999968e-01 4.367000000000000222e-03 -9.592669999999999808e-01 -2.824369999999999936e-01 -5.993000000000000063e-03
1.300000000000000000e+01 4.000000000000000000e+00 2.000000000000000000e+01 0.000000000000000000e+00 1.600000000000000089e+00 2.318000000000000182e-03 1.824000000000000100e-03 -9.999959999999999960e-01 2.879709999999999770e-01 -9.576390000000000180e-01 -1.079000000000000098e-03 -9.576360000000000428e-01 -2.879669999999999730e-01 -2.745000000000000044e-03
2.800000000000000000e+01 4.000000000000000000e+00 2.000000000000000000e+01 0.000000000000000000e+00 1.600000000000000089e+00 -1.546999999999999981e-03 -5.271999999999999777e-03 -9.999850000000000128e-01 2.893870000000000053e-01 -9.572009999999999685e-01 4.598999999999999790e-03 -9.572110000000000340e-01 -2.893749999999999933e-01 3.005999999999999991e-03
2.000000000000000000e+00 1.300000000000000000e+01 2.000000000000000000e+01 0.000000000000000000e+00 1.600000000000000089e+00 1.232999999999999938e-03 3.448000000000000110e-03 9.999930000000000208e-01 2.566039999999999988e-01 9.665099999999999802e-01 -3.648999999999999900e-03 -9.665160000000000418e-01 2.566069999999999740e-01 3.069999999999999812e-04
7.000000000000000000e+00 1.300000000000000000e+01 2.000000000000000000e+01 0.000000000000000000e+00 1.600000000000000089e+00 6.213999999999999906e-03 8.384000000000000827e-03 9.999460000000000015e-01 2.512280000000000069e-01 9.678799999999999626e-01 -9.676000000000000573e-03 -9.679079999999999906e-01 2.512750000000000261e-01 3.908000000000000015e-03
1.500000000000000000e+01 1.300000000000000000e+01 2.000000000000000000e+01 0.000000000000000000e+00 1.600000000000000089e+00 -6.799999999999999946e-05 -1.397999999999999937e-03 9.999989999999999712e-01 2.521660000000000013e-01 9.676829999999999599e-01 1.369999999999999907e-03 -9.676839999999999886e-01 2.521660000000000013e-01 2.869999999999999830e-04
1.800000000000000000e+01 1.300000000000000000e+01 2.000000000000000000e+01 0.000000000000000000e+00 1.600000000000000089e+00 -1.614999999999999899e-03 -4.449999999999999746e-04 9.999989999999999712e-01 2.533020000000000271e-01 9.673869999999999969e-01 8.400000000000000348e-04 -9.673859999999999681e-01 2.533030000000000004e-01 -1.448999999999999984e-03
2.400000000000000000e+01 1.300000000000000000e+01 2.000000000000000000e+01 0.000000000000000000e+00 1.600000000000000089e+00 -3.390000000000000001e-04 1.749999999999999982e-04 1.000000000000000000e+00 2.531649999999999734e-01 9.674230000000000329e-01 -8.399999999999999535e-05 -9.674230000000000329e-01 2.531649999999999734e-01 -3.719999999999999891e-04
3.000000000000000000e+00 1.600000000000000000e+01 2.100000000000000000e+01 0.000000000000000000e+00 1.600000000000000089e+00 9.290000000000000297e-04 6.237999999999999622e-03 9.999799999999999800e-01 3.011229999999999740e-01 9.535649999999999959e-01 -6.228000000000000029e-03 -9.535850000000000160e-01 3.011229999999999740e-01 -9.929999999999999591e-04
1.400000000000000000e+01 1.600000000000000000e+01 2.100000000000000000e+01 0.000000000000000000e+00 1.600000000000000089e+00 1.935000000000000088e-03 1.347000000000000107e-03 9.999970000000000248e-01 2.978089999999999904e-01 9.546240000000000281e-01 -1.863000000000000073e-03 -9.546240000000000281e-01 2.978120000000000211e-01 1.446000000000000020e-03
2.300000000000000000e+01 1.600000000000000000e+01 2.100000000000000000e+01 0.000000000000000000e+00 1.600000000000000089e+00 -6.350000000000000392e-04 1.440000000000000091e-03 9.999989999999999712e-01 2.972620000000000262e-01 9.547949999999999493e-01 -1.185999999999999988e-03 -9.547959999999999781e-01 2.972609999999999975e-01 -1.033999999999999980e-03
2.800000000000000000e+01 1.600000000000000000e+01 2.100000000000000000e+01 0.000000000000000000e+00 1.600000000000000089e+00 9.859999999999998974e-04 8.833000000000000573e-03 9.999599999999999600e-01 2.965599999999999903e-01 9.549739999999999895e-01 -8.727999999999999647e-03 -9.550140000000000295e-01 2.965570000000000150e-01 -1.678000000000000021e-03
3.000000000000000000e+00 4.800000000000000000e+01 2.400000000000000000e+01 0.000000000000000000e+00 1.600000000000000089e+00 -1.843999999999999936e-03 -1.789000000000000009e-03 9.999970000000000248e-01 8.596129999999999605e-01 5.109390000000000320e-01 2.498999999999999919e-03 -5.109420000000000073e-01 8.596150000000000180e-01 5.950000000000000427e-04
9.000000000000000000e+00 3.000000000000000000e+00 2.500000000000000000e+01 0.000000000000000000e+00 1.600000000000000089e+00 -1.271100000000000008e-02 -2.949999999999999931e-03 9.999149999999999983e-01 -5.699599999999999805e-02 -9.983680000000000332e-01 -3.670000000000000085e-03 9.982940000000000147e-01 -5.703799999999999842e-02 1.252200000000000014e-02
1.200000000000000000e+01 3.000000000000000000e+00 2.500000000000000000e+01 0.000000000000000000e+00 1.600000000000000089e+00 -9.329000000000000486e-03 -8.469999999999999881e-04 9.999559999999999560e-01 -5.165899999999999659e-02 -9.986639999999999961e-01 -1.327000000000000055e-03 9.986209999999999809e-01 -5.166899999999999965e-02 9.272999999999999993e-03
1.900000000000000000e+01 3.000000000000000000e+00 2.500000000000000000e+01 0.000000000000000000e+00 1.600000000000000089e+00 3.148000000000000190e-03 3.657000000000000094e-03 9.999879999999999880e-01 -5.013900000000000301e-02 -9.987350000000000394e-01 3.810000000000000019e-03 9.987369999999999859e-01 -5.015000000000000013e-02 -2.961000000000000090e-03
2.600000000000000000e+01 3.000000000000000000e+00 2.500000000000000000e+01 0.000000000000000000e+00 1.600000000000000089e+00 -6.340000000000000149e-04 1.015999999999999976e-03 9.999989999999999712e-01 -5.677100000000000202e-02 -9.983870000000000244e-01 9.790000000000000525e-04 9.983870000000000244e-01 -5.677100000000000202e-02 6.909999999999999910e-04
9.000000000000000000e+00 4.600000000000000000e+01 2.700000000000000000e+01 0.000000000000000000e+00 1.600000000000000089e+00 -1.438999999999999958e-03 2.455000000000000151e-03 -9.999959999999999960e-01 6.500310000000000255e-01 7.599069999999999991e-01 9.300000000000000541e-04 7.599059999999999704e-01 -6.500270000000000215e-01 -2.688999999999999984e-03
1.300000000000000000e+01 4.600000000000000000e+01 2.700000000000000000e+01 0.000000000000000000e+00 1.600000000000000089e+00 -1.155999999999999910e-03 7.450000000000000025e-04 -9.999989999999999712e-01 6.491710000000000536e-01 7.606429999999999580e-01 -1.830000000000000029e-04 7.606420000000000403e-01 -6.491700000000000248e-01 -1.363000000000000062e-03
1.800000000000000000e+01 4.600000000000000000e+01 2.700000000000000000e+01 0.000000000000000000e+00 1.600000000000000089e+00 -1.314999999999999980e-03 -1.642999999999999929e-03 -9.999980000000000535e-01 6.433079999999999909e-01 7.656049999999999800e-01 -2.103999999999999967e-03 7.656070000000000375e-01 -6.433090000000000197e-01 5.000000000000000240e-05
2.800000000000000000e+01 4.600000000000000000e+01 2.700000000000000000e+01 0.000000000000000000e+00 1.600000000000000089e+00 -1.618000000000000081e-03 -9.000000000000000567e-05 -9.999989999999999712e-01 6.410940000000000527e-01 7.674609999999999488e-01 -1.105999999999999995e-03 7.674609999999999488e-01 -6.410949999999999704e-01 -1.183999999999999940e-03
6.000000000000000000e+00 5.800000000000000000e+01 3.100000000000000000e+01 0.000000000000000000e+00 1.600000000000000089e+00 -1.157999999999999958e-03 4.519999999999999821e-04 9.999989999999999712e-01 -7.982970000000000343e-01 -6.022629999999999928e-01 -6.520000000000000188e-04 6.022619999999999640e-01 -7.982979999999999521e-01 1.057999999999999913e-03
1.300000000000000000e+01 5.800000000000000000e+01 3.100000000000000000e+01 0.000000000000000000e+00 1.600000000000000089e+00 -8.220000000000000310e-04 1.866000000000000037e-03 9.999980000000000535e-01 -8.017180000000000417e-01 -5.977019999999999555e-01 4.560000000000000251e-04 5.977019999999999555e-01 -8.017159999999999842e-01 1.987000000000000051e-03
1.800000000000000000e+01 5.800000000000000000e+01 3.100000000000000000e+01 0.000000000000000000e+00 1.600000000000000089e+00 -6.459999999999999814e-04 -2.871999999999999987e-03 9.999959999999999960e-01 -8.008450000000000291e-01 -5.988670000000000382e-01 -2.236999999999999839e-03 5.988710000000000422e-01 -8.008429999999999715e-01 -1.912999999999999987e-03
2.300000000000000000e+01 5.800000000000000000e+01 3.100000000000000000e+01 0.000000000000000000e+00 1.600000000000000089e+00 -3.183000000000000065e-03 -6.067000000000000344e-03 9.999770000000000048e-01 -8.004550000000000276e-01 -5.993610000000000326e-01 -6.185000000000000393e-03 5.993849999999999456e-01 -8.004559999999999453e-01 -2.948999999999999799e-03
3.000000000000000000e+01 5.800000000000000000e+01 3.100000000000000000e+01 0.000000000000000000e+00 1.600000000000000089e+00 -6.670999999999999847e-03 -1.124499999999999979e-02 9.999149999999999983e-01 -8.014409999999999590e-01 -5.979520000000000390e-01 -1.207199999999999940e-02 5.980360000000000120e-01 -8.014529999999999710e-01 -5.022999999999999687e-03
5.000000000000000000e+00 4.600000000000000000e+01 3.500000000000000000e+01 0.000000000000000000e+00 1.600000000000000089e+00 2.174000000000000151e-03 -1.399999999999999979e-05 -9.999980000000000535e-01 3.856740000000000168e-01 -9.226349999999999829e-01 8.509999999999999769e-04 -9.226320000000000077e-01 -3.856749999999999901e-01 -2.001000000000000174e-03
8.000000000000000000e+00 4.600000000000000000e+01 3.500000000000000000e+01 0.000000000000000000e+00 1.600000000000000089e+00 1.968000000000000131e-03 4.407999999999999592e-03 -9.999879999999999880e-01 3.855310000000000126e-01 -9.226889999999999814e-01 -3.308999999999999875e-03 -9.226929999999999854e-01 -3.855199999999999738e-01 -3.514999999999999895e-03
1.800000000000000000e+01 4.600000000000000000e+01 3.500000000000000000e+01 0.000000000000000000e+00 1.600000000000000089e+00 1.340000000000000045e-04 -3.776999999999999975e-03 -9.999930000000000208e-01 3.870609999999999884e-01 -9.220469999999999500e-01 3.534999999999999948e-03 -9.220540000000000402e-01 -3.870589999999999864e-01 1.337999999999999997e-03
2.400000000000000000e+01 4.600000000000000000e+01 3.500000000000000000e+01 0.000000000000000000e+00 1.600000000000000089e+00 -5.789999999999999791e-04 -5.540000000000000219e-04 -1.000000000000000000e+00 3.862249999999999850e-01 -9.224050000000000304e-01 2.880000000000000073e-04 -9.224040000000000017e-01 -3.862249999999999850e-01 7.479999999999999670e-04
3.000000000000000000e+01 4.600000000000000000e+01 3.500000000000000000e+01 0.000000000000000000e+00 1.600000000000000089e+00 1.165000000000000020e-03 -1.930000000000000021e-04 -9.999989999999999712e-01 3.839819999999999900e-01 -9.233400000000000496e-01 6.260000000000000373e-04 -9.233400000000000496e-01 -3.839830000000000187e-01 -1.002000000000000069e-03
8.000000000000000000e+00 9.500000000000000000e+01 3.600000000000000000e+01 0.000000000000000000e+00 1.600000000000000089e+00 -2.846000000000000005e-03 -1.355100000000000054e-02 9.999040000000000150e-01 9.984979999999999967e-01 5.467199999999999838e-02 3.582999999999999814e-03 -5.471499999999999975e-02 9.984119999999999662e-01 1.337600000000000074e-02
1.500000000000000000e+01 9.500000000000000000e+01 3.600000000000000000e+01 0.000000000000000000e+00 1.600000000000000089e+00 -7.069999999999999462e-04 4.839000000000000419e-03 9.999879999999999880e-01 9.983009999999999939e-01 5.826499999999999735e-02 4.229999999999999819e-04 -5.826300000000000229e-02 9.982889999999999819e-01 -4.871999999999999595e-03
1.800000000000000000e+01 9.500000000000000000e+01 3.600000000000000000e+01 0.000000000000000000e+00 1.600000000000000089e+00 4.110000000000000155e-04 7.126000000000000389e-03 9.999749999999999472e-01 9.982210000000000250e-01 5.962200000000000139e-02 -8.350000000000000217e-04 -5.962699999999999945e-02 9.981959999999999722e-01 -7.087999999999999683e-03
4.000000000000000000e+00 3.000000000000000000e+00 4.300000000000000000e+01 0.000000000000000000e+00 1.600000000000000089e+00 1.378200000000000085e-02 -1.326100000000000022e-02 -9.998169999999999558e-01 7.319059999999999455e-01 -6.811380000000000212e-01 1.912300000000000111e-02 -6.812669999999999559e-01 -7.320349999999999913e-01 3.179999999999999776e-04
2.000000000000000000e+00 2.900000000000000000e+01 4.400000000000000000e+01 0.000000000000000000e+00 1.600000000000000089e+00 2.465999999999999876e-03 5.274000000000000042e-03 -9.999829999999999552e-01 6.622099999999999653e-01 7.492980000000000196e-01 5.584999999999999687e-03 7.493149999999999533e-01 -6.622120000000000228e-01 -1.644000000000000062e-03
6.000000000000000000e+00 2.900000000000000000e+01 4.400000000000000000e+01 0.000000000000000000e+00 1.600000000000000089e+00 2.380000000000000117e-04 -2.468999999999999841e-03 -9.999970000000000248e-01 6.677889999999999660e-01 7.443490000000000384e-01 -1.678999999999999937e-03 7.443509999999999849e-01 -6.677859999999999907e-01 1.825999999999999932e-03
1.000000000000000000e+01 2.900000000000000000e+01 4.400000000000000000e+01 0.000000000000000000e+00 1.600000000000000089e+00 -1.289999999999999914e-04 -2.090999999999999977e-03 -9.999980000000000535e-01 6.657469999999999777e-01 7.461750000000000327e-01 -1.645999999999999894e-03 7.461769999999999792e-01 -6.657459999999999489e-01 1.296000000000000060e-03
1.500000000000000000e+01 2.900000000000000000e+01 4.400000000000000000e+01 0.000000000000000000e+00 1.600000000000000089e+00 6.310000000000000504e-04 -3.393000000000000183e-03 -9.999940000000000495e-01 6.660700000000000509e-01 7.458869999999999667e-01 -2.109999999999999896e-03 7.458890000000000242e-01 -6.660639999999999894e-01 2.730999999999999921e-03
2.100000000000000000e+01 2.900000000000000000e+01 4.400000000000000000e+01 0.000000000000000000e+00 1.600000000000000089e+00 1.430999999999999980e-03 -1.835000000000000043e-03 -9.999970000000000248e-01 6.689760000000000151e-01 7.432839999999999447e-01 -4.070000000000000267e-04 7.432830000000000270e-01 -6.689730000000000398e-01 2.291000000000000068e-03
2.700000000000000000e+01 2.900000000000000000e+01 4.400000000000000000e+01 0.000000000000000000e+00 1.600000000000000089e+00 2.250999999999999963e-03 -4.445000000000000166e-03 -9.999879999999999880e-01 6.690989999999999993e-01 7.431720000000000548e-01 -1.796999999999999986e-03 7.431699999999999973e-01 -6.690859999999999586e-01 4.647000000000000089e-03
9.000000000000000000e+00 5.000000000000000000e+00 5.100000000000000000e+01 0.000000000000000000e+00 1.600000000000000089e+00 -2.258000000000000024e-03 -5.734000000000000381e-03 -9.999810000000000088e-01 4.851849999999999774e-01 -8.744030000000000413e-01 3.918999999999999741e-03 -8.744079999999999631e-01 -4.851670000000000149e-01 4.755999999999999811e-03
1.700000000000000000e+01 5.000000000000000000e+00 5.100000000000000000e+01 0.000000000000000000e+00 1.600000000000000089e+00 7.699999999999999597e-04 -9.671000000000000776e-03 -9.999529999999999808e-01 4.865900000000000225e-01 -8.735859999999999737e-01 8.824000000000000246e-03 -8.736300000000000177e-01 -4.865740000000000065e-01 4.033000000000000126e-03
2.200000000000000000e+01 5.000000000000000000e+00 5.100000000000000000e+01 0.000000000000000000e+00 1.600000000000000089e+00 6.579999999999999478e-04 2.325999999999999943e-03 -9.999970000000000248e-01 4.902500000000000191e-01 -8.715800000000000214e-01 -1.704999999999999918e-03 -8.715810000000000501e-01 -4.902480000000000171e-01 -1.714000000000000029e-03
2.900000000000000000e+01 5.000000000000000000e+00 5.100000000000000000e+01 0.000000000000000000e+00 1.600000000000000089e+00 -2.418000000000000010e-03 -5.100000000000000366e-04 -9.999970000000000248e-01 4.914720000000000200e-01 -8.708930000000000282e-01 -7.439999999999999782e-04 -8.708900000000000530e-01 -4.914720000000000200e-01 2.356000000000000021e-03
1.300000000000000000e+01 6.000000000000000000e+00 5.100000000000000000e+01 0.000000000000000000e+00 1.600000000000000089e+00 -3.667999999999999820e-03 -9.915999999999999467e-03 -9.999440000000000550e-01 3.111530000000000129e-01 -9.503239999999999466e-01 8.281999999999999432e-03 -9.503530000000000033e-01 -3.111050000000000204e-01 6.570999999999999584e-03
3.000000000000000000e+00 6.300000000000000000e+01 5.400000000000000000e+01 0.000000000000000000e+00 1.600000000000000089e+00 -6.369999999999999794e-04 -1.804999999999999964e-03 9.999980000000000535e-01 -3.528609999999999802e-01 9.356740000000000057e-01 1.464000000000000024e-03 -9.356750000000000345e-01 -3.528600000000000070e-01 -1.232999999999999938e-03
8.000000000000000000e+00 6.300000000000000000e+01 5.400000000000000000e+01 0.000000000000000000e+00 1.600000000000000089e+00 1.771999999999999921e-03 -2.429999999999999977e-04 9.999980000000000535e-01 -3.531650000000000067e-01 9.355609999999999760e-01 8.540000000000000499e-04 -9.355599999999999472e-01 -3.531650000000000067e-01 1.572000000000000047e-03
1.200000000000000000e+01 6.300000000000000000e+01 5.400000000000000000e+01 0.000000000000000000e+00 1.600000000000000089e+00 1.134000000000000025e-03 -1.142999999999999919e-03 9.999989999999999712e-01 -3.537680000000000269e-01 9.353320000000000523e-01 1.471000000000000085e-03 -9.353320000000000523e-01 -3.537690000000000001e-01 6.570000000000000319e-04
1.600000000000000000e+01 6.300000000000000000e+01 5.400000000000000000e+01 0.000000000000000000e+00 1.600000000000000089e+00 -9.129999999999999661e-04 -4.960000000000000216e-04 9.999989999999999712e-01 -3.517239999999999811e-01 9.361040000000000472e-01 1.430000000000000064e-04 -9.361030000000000184e-01 -3.517239999999999811e-01 -1.028999999999999967e-03
2.200000000000000000e+01 6.300000000000000000e+01 5.400000000000000000e+01 0.000000000000000000e+00 1.600000000000000089e+00 1.700000000000000122e-04 2.435000000000000098e-03 9.999970000000000248e-01 -3.491139999999999799e-01 9.370779999999999665e-01 -2.222000000000000017e-03 -9.370800000000000241e-01 -3.491130000000000067e-01 1.008999999999999914e-03
2.500000000000000000e+01 6.300000000000000000e+01 5.400000000000000000e+01 0.000000000000000000e+00 1.600000000000000089e+00 -6.799999999999999946e-05 2.892000000000000039e-03 9.999959999999999960e-01 -3.497700000000000253e-01 9.368319999999999981e-01 -2.733999999999999885e-03 -9.368360000000000021e-01 -3.497680000000000233e-01 9.479999999999999495e-04
2.900000000000000000e+01 6.300000000000000000e+01 5.400000000000000000e+01 0.000000000000000000e+00 1.600000000000000089e+00 4.629999999999999784e-04 5.181999999999999974e-03 9.999860000000000415e-01 -3.581210000000000226e-01 9.336640000000000494e-01 -4.671999999999999938e-03 -9.336750000000000327e-01 -3.581139999999999879e-01 2.288999999999999802e-03
3.000000000000000000e+01 2.500000000000000000e+01 5.500000000000000000e+01 0.000000000000000000e+00 1.600000000000000089e+00 -6.099999999999999737e-04 -2.952000000000000197e-03 -9.999949999999999672e-01 -1.380100000000000077e-02 -9.999000000000000110e-01 2.961000000000000090e-03 -9.999050000000000438e-01 1.380200000000000003e-02 5.699999999999999772e-04
6.000000000000000000e+00 7.600000000000000000e+01 5.600000000000000000e+01 0.000000000000000000e+00 1.600000000000000089e+00 -1.900000000000000105e-05 -4.081000000000000426e-03 -9.999919999999999920e-01 -1.192460000000000048e-01 9.928569999999999895e-01 -4.049999999999999781e-03 9.928649999999999975e-01 1.192450000000000038e-01 -5.060000000000000478e-04
2.800000000000000000e+01 6.800000000000000000e+01 5.700000000000000000e+01 0.000000000000000000e+00 1.600000000000000089e+00 -4.399999999999999886e-05 -9.887999999999999221e-03 -9.999510000000000343e-01 -2.464629999999999876e-01 -9.691049999999999942e-01 9.594000000000000097e-03 -9.691520000000000135e-01 2.464510000000000034e-01 -2.393999999999999861e-03
8.000000000000000000e+00 2.000000000000000000e+01 6.000000000000000000e+01 0.000000000000000000e+00 1.600000000000000089e+00 -1.420999999999999954e-03 5.248000000000000061e-03 9.999850000000000128e-01 -6.400999999999999746e-02 9.979350000000000165e-01 -5.328000000000000271e-03 -9.979479999999999462e-01 -6.401600000000000346e-02 -1.082000000000000062e-03
4.000000000000000000e+00 2.100000000000000000e+01 6.000000000000000000e+01 0.000000000000000000e+00 1.600000000000000089e+00 6.899999999999999667e-05 5.793999999999999671e-03 9.999829999999999552e-01 -9.435799999999999743e-02 9.955220000000000180e-01 -5.760999999999999628e-03 -9.955380000000000340e-01 -9.435599999999999543e-02 6.149999999999999868e-04
1.300000000000000000e+01 2.100000000000000000e+01 6.000000000000000000e+01 0.000000000000000000e+00 1.600000000000000089e+00 -1.840000000000000001e-04 7.310999999999999791e-03 9.999730000000000008e-01 -9.503699999999999648e-02 9.954469999999999708e-01 -7.296000000000000402e-03 -9.954739999999999700e-01 -9.503599999999999548e-02 5.109999999999999525e-04
1.600000000000000000e+01 2.100000000000000000e+01 6.000000000000000000e+01 0.000000000000000000e+00 1.600000000000000089e+00 7.370000000000000249e-04 6.047000000000000292e-03 9.999810000000000088e-01 -9.658899999999999431e-02 9.953070000000000528e-01 -5.947000000000000029e-03 -9.953239999999999865e-01 -9.658300000000000218e-02 1.317999999999999944e-03
2.000000000000000000e+01 2.100000000000000000e+01 6.000000000000000000e+01 0.000000000000000000e+00 1.600000000000000089e+00 6.899999999999999667e-05 -5.734999999999999647e-03 9.999839999999999840e-01 -9.636400000000000521e-02 9.953300000000000480e-01 5.714999999999999594e-03 -9.953459999999999530e-01 -9.636300000000000421e-02 -4.840000000000000010e-04
2.600000000000000000e+01 2.100000000000000000e+01 6.000000000000000000e+01 0.000000000000000000e+00 1.600000000000000089e+00 2.289999999999999935e-03 3.928000000000000068e-03 9.999900000000000455e-01 -9.108399999999999830e-02 9.958360000000000545e-01 -3.703000000000000128e-03 -9.958409999999999762e-01 -9.107500000000000318e-02 2.638000000000000154e-03
2.000000000000000000e+00 4.500000000000000000e+01 6.200000000000000000e+01 0.000000000000000000e+00 1.600000000000000089e+00 -2.115600000000000119e-02 1.843500000000000000e-02 -9.996059999999999945e-01 -5.939729999999999732e-01 -8.044820000000000304e-01 -2.265000000000000086e-03 -8.042070000000000052e-01 5.936909999999999688e-01 2.796999999999999834e-02
3.000000000000000000e+01 3.000000000000000000e+00 6.300000000000000000e+01 0.000000000000000000e+00 1.600000000000000089e+00 8.099999999999999561e-04 -8.122000000000000747e-03 9.999670000000000503e-01 -6.148810000000000109e-01 7.885900000000000132e-01 6.904000000000000414e-03 -7.886189999999999589e-01 -6.148660000000000236e-01 -4.355999999999999629e-03
8.000000000000000000e+00 2.700000000000000000e+01 6.300000000000000000e+01 0.000000000000000000e+00 1.600000000000000089e+00 3.579999999999999741e-04 -1.878799999999999915e-02 9.998230000000000173e-01 -2.662070000000000269e-01 9.637440000000000451e-01 1.820499999999999896e-02 -9.639159999999999950e-01 -2.661669999999999869e-01 -4.656000000000000416e-03
1.100000000000000000e+01 2.700000000000000000e+01 6.300000000000000000e+01 0.000000000000000000e+00 1.600000000000000089e+00 1.144000000000000052e-03 -5.544000000000000317e-03 9.999839999999999840e-01 -2.662740000000000107e-01 9.638809999999999878e-01 5.649000000000000375e-03 -9.638970000000000038e-01 -2.662760000000000127e-01 -3.730000000000000134e-04
1.800000000000000000e+01 2.700000000000000000e+01 6.300000000000000000e+01 0.000000000000000000e+00 1.600000000000000089e+00 7.879999999999999635e-04 4.558999999999999685e-03 9.999890000000000168e-01 -2.666000000000000036e-01 9.637980000000000436e-01 -4.184000000000000219e-03 -9.638069999999999693e-01 -2.665939999999999976e-01 1.975000000000000193e-03
2.600000000000000000e+01 2.700000000000000000e+01 6.300000000000000000e+01 0.000000000000000000e+00 1.600000000000000089e+00 -5.609999999999999752e-04 3.699000000000000031e-03 9.999930000000000208e-01 -2.692570000000000241e-01 9.630609999999999449e-01 -3.713999999999999854e-03 -9.630680000000000351e-01 -2.692579999999999973e-01 4.550000000000000008e-04
3.000000000000000000e+00 4.400000000000000000e+01 6.300000000000000000e+01 0.000000000000000000e+00 1.600000000000000089e+00 -1.203199999999999929e-02 3.180800000000000294e-02 -9.994220000000000326e-01 -6.745670000000000277e-01 -7.380539999999999878e-01 -1.536900000000000072e-02 -7.381159999999999943e-01 6.739920000000000355e-01 3.033699999999999938e-02
9.000000000000000000e+00 4.400000000000000000e+01 6.300000000000000000e+01 0.000000000000000000e+00 1.600000000000000089e+00 2.440799999999999914e-02 -1.156790000000000040e-01 -9.929869999999999530e-01 -7.339820000000000233e-01 -6.764459999999999917e-01 6.076100000000000251e-02 -6.787309999999999732e-01 7.273509999999999698e-01 -1.014169999999999933e-01
4.000000000000000000e+00 2.600000000000000000e+01 6.400000000000000000e+01 0.000000000000000000e+00 1.600000000000000089e+00 -2.520000000000000104e-03 -9.731999999999999332e-03 9.999489999999999768e-01 -3.530519999999999770e-01 9.355670000000000375e-01 8.215999999999999345e-03 -9.355999999999999872e-01 -3.530139999999999945e-01 -5.793999999999999671e-03
7.000000000000000000e+00 2.600000000000000000e+01 6.400000000000000000e+01 0.000000000000000000e+00 1.600000000000000089e+00 1.258999999999999920e-03 -1.312900000000000005e-02 9.999130000000000518e-01 -3.545809999999999795e-01 9.349389999999999645e-01 1.272200000000000067e-02 -9.350239999999999663e-01 -3.545659999999999923e-01 -3.478000000000000189e-03
1.800000000000000000e+01 2.600000000000000000e+01 6.400000000000000000e+01 0.000000000000000000e+00 1.600000000000000089e+00 5.789999999999999791e-04 3.758000000000000056e-03 9.999930000000000208e-01 -3.478890000000000038e-01 9.375299999999999745e-01 -3.321999999999999866e-03 -9.375350000000000072e-01 -3.478849999999999998e-01 1.850000000000000082e-03
2.200000000000000000e+01 2.600000000000000000e+01 6.400000000000000000e+01 0.000000000000000000e+00 1.600000000000000089e+00 2.339999999999999958e-04 5.315000000000000280e-03 9.999860000000000415e-01 -3.470799999999999996e-01 9.378229999999999622e-01 -4.903000000000000240e-03 -9.378360000000000030e-01 -3.470739999999999936e-01 2.063999999999999863e-03
2.900000000000000000e+01 2.600000000000000000e+01 6.400000000000000000e+01 0.000000000000000000e+00 1.600000000000000089e+00 -1.959999999999999937e-04 -2.279999999999999909e-03 9.999970000000000248e-01 -3.497660000000000213e-01 9.368349999999999733e-01 2.066999999999999827e-03 -9.368370000000000308e-01 -3.497649999999999926e-01 -9.810000000000001011e-04
