1.000000000000000000e+01 2.500000000000000000e+01 1.000000000000000000e+00 0.000000000000000000e+00 1.600000000000000089e+00 1.810999999999999893e-03 4.912999999999999833e-03 -9.999860000000000415e-01 -5.301059999999999661e-01 -8.479160000000000030e-01 -5.126000000000000348e-03 -8.479299999999999615e-01 5.301080000000000236e-01 1.069000000000000072e-03
1.700000000000000000e+01 2.500000000000000000e+01 1.000000000000000000e+00 0.000000000000000000e+00 1.600000000000000089e+00 2.694999999999999913e-03 -6.741999999999999729e-03 -9.999740000000000295e-01 -5.352329999999999588e-01 -8.446939999999999449e-01 4.251999999999999703e-03 -8.447000000000000064e-01 5.352069999999999883e-01 -5.884999999999999606e-03
2.100000000000000000e+01 2.500000000000000000e+01 1.000000000000000000e+00 0.000000000000000000e+00 1.600000000000000089e+00 2.948999999999999799e-03 -1.804000000000000048e-03 -9.999940000000000495e-01 -5.371569999999999956e-01 -8.434819999999999540e-01 -6.200000000000000270e-05 -8.434770000000000323e-01 5.371540000000000203e-01 -3.455999999999999871e-03
8.000000000000000000e+00 1.500000000000000000e+01 4.000000000000000000e+00 0.000000000000000000e+00 1.600000000000000089e+00 1.739000000000000094e-03 2.357999999999999853e-03 9.999959999999999960e-01 3.013049999999999895e-01 -9.535259999999999847e-01 1.724999999999999971e-03 9.535259999999999847e-01 3.013009999999999855e-01 -2.369000000000000012e-03
2.300000000000000000e+01 1.500000000000000000e+01 4.000000000000000000e+00 0.000000000000000000e+00 1.600000000000000089e+00 -1.039999999999999936e-04 1.476799999999999988e-02 9.998909999999999743e-01 2.921969999999999845e-01 -9.562540000000000484e-01 1.415399999999999991e-02 9.563580000000000414e-01 2.921659999999999813e-01 -4.216000000000000129e-03
2.600000000000000000e+01 1.500000000000000000e+01 4.000000000000000000e+00 0.000000000000000000e+00 1.600000000000000089e+00 -1.487999999999999956e-03 1.487699999999999960e-02 9.998879999999999990e-01 2.950510000000000077e-01 -9.553690000000000238e-01 1.465400000000000036e-02 9.554799999999999960e-01 2.950400000000000245e-01 -2.968000000000000152e-03
9.000000000000000000e+00 1.010000000000000000e+02 7.000000000000000000e+00 0.000000000000000000e+00 1.600000000000000089e+00 -5.069999999999999637e-04 -9.057000000000000814e-03 9.999590000000000423e-01 8.876190000000000468e-01 4.605549999999999922e-01 4.622000000000000240e-03 -4.605779999999999874e-01 8.875849999999999573e-01 7.805000000000000306e-03
1.300000000000000000e+01 1.010000000000000000e+02 7.000000000000000000e+00 0.000000000000000000e+00 1.600000000000000089e+00 -2.632999999999999924e-03 -2.089999999999999844e-03 9.999940000000000495e-01 8.888369999999999882e-01 4.582109999999999794e-01 3.298000000000000150e-03 -4.582160000000000122e-01 8.888409999999999922e-01 6.509999999999999945e-04
2.400000000000000000e+01 1.010000000000000000e+02 7.000000000000000000e+00 0.000000000000000000e+00 1.600000000000000089e+00 9.169999999999999549e-04 2.439000000000000196e-03 9.999970000000000248e-01 8.834649999999999448e-01 4.684940000000000215e-01 -1.953000000000000092e-03 -4.684969999999999968e-01 8.834629999999999983e-01 -1.726000000000000104e-03
3.000000000000000000e+01 1.010000000000000000e+02 7.000000000000000000e+00 0.000000000000000000e+00 1.600000000000000089e+00 9.899999999999999404e-05 1.487999999999999956e-03 9.999989999999999712e-01 8.827580000000000426e-01 4.698269999999999946e-01 -7.870000000000000476e-04 -4.698269999999999946e-01 8.827570000000000139e-01 -1.266999999999999897e-03
3.000000000000000000e+00 1.500000000000000000e+01 8.000000000000000000e+00 0.000000000000000000e+00 1.600000000000000089e+00 8.700000000000000051e-05 1.288000000000000082e-02 -9.999169999999999447e-01 -5.919809999999999794e-01 -8.058840000000000447e-01 -1.043200000000000030e-02 -8.059520000000000017e-01 5.919330000000000425e-01 7.553999999999999951e-03
2.400000000000000000e+01 1.500000000000000000e+01 8.000000000000000000e+00 0.000000000000000000e+00 1.600000000000000089e+00 4.643000000000000425e-03 1.353500000000000016e-02 -9.998979999999999535e-01 -5.905669999999999531e-01 -8.068729999999999514e-01 -1.366500000000000006e-02 -8.069749999999999979e-01 5.905700000000000394e-01 4.246999999999999907e-03
2.700000000000000000e+01 1.500000000000000000e+01 8.000000000000000000e+00 0.000000000000000000e+00 1.600000000000000089e+00 4.189000000000000015e-03 1.144599999999999958e-02 -9.999259999999999815e-01 -5.883650000000000269e-01 -8.085099999999999509e-01 -1.171999999999999952e-02 -8.085839999999999694e-01 5.883709999999999773e-01 3.347999999999999848e-03
6.000000000000000000e+00 2.400000000000000000e+01 9.000000000000000000e+00 0.000000000000000000e+00 1.600000000000000089e+00 -1.724000000000000055e-03 -8.264999999999999777e-03 -9.999639999999999640e-01 4.545020000000000171e-01 8.907089999999999730e-01 -8.146000000000000463e-03 8.907439999999999802e-01 -4.545000000000000151e-01 2.220999999999999884e-03
1.200000000000000000e+01 2.400000000000000000e+01 9.000000000000000000e+00 0.000000000000000000e+00 1.600000000000000089e+00 -2.240999999999999936e-03 -9.286000000000000851e-03 -9.999540000000000095e-01 4.556479999999999975e-01 8.901109999999999856e-01 -9.287000000000000116e-03 8.901569999999999760e-01 -4.556479999999999975e-01 2.236000000000000140e-03
2.100000000000000000e+01 2.400000000000000000e+01 9.000000000000000000e+00 0.000000000000000000e+00 1.600000000000000089e+00 -3.657000000000000094e-03 -7.068999999999999763e-03 -9.999679999999999680e-01 4.598539999999999850e-01 8.879590000000000538e-01 -7.959000000000000796e-03 8.879869999999999708e-01 -4.598690000000000278e-01 3.999999999999999819e-06
2.000000000000000000e+01 1.040000000000000000e+02 1.100000000000000000e+01 0.000000000000000000e+00 1.600000000000000089e+00 2.194000000000000204e-03 -1.079100000000000024e-02 9.999390000000000223e-01 -9.746979999999999533e-01 -2.235240000000000005e-01 -2.739999999999999923e-04 2.235139999999999905e-01 -9.746390000000000331e-01 -1.100800000000000042e-02
6.000000000000000000e+00 3.100000000000000000e+01 1.200000000000000000e+01 0.000000000000000000e+00 1.600000000000000089e+00 4.350000000000000026e-04 -3.995000000000000287e-03 9.999919999999999920e-01 7.420999999999999645e-03 9.999639999999999640e-01 3.991999999999999889e-03 -9.999719999999999720e-01 7.419000000000000247e-03 4.650000000000000270e-04
1.300000000000000000e+01 3.100000000000000000e+01 1.200000000000000000e+01 0.000000000000000000e+00 1.600000000000000089e+00 1.087000000000000076e-03 -4.199999999999999740e-03 9.999909999999999632e-01 4.677999999999999867e-03 9.999799999999999800e-01 4.194999999999999944e-03 -9.999879999999999880e-01 4.673000000000000070e-03 1.106999999999999911e-03
1.900000000000000000e+01 3.100000000000000000e+01 1.200000000000000000e+01 0.000000000000000000e+00 1.600000000000000089e+00 -5.479999999999999845e-04 -6.131000000000000165e-03 9.999810000000000088e-01 2.284000000000000006e-03 9.999789999999999512e-01 6.132000000000000298e-03 -9.999970000000000248e-01 2.286999999999999970e-03 -5.339999999999999695e-04
1.000000000000000000e+00 3.200000000000000000e+01 1.400000000000000000e+01 0.000000000000000000e+00 1.600000000000000089e+00 -1.046000000000000055e-03 3.207999999999999914e-03 -9.999940000000000495e-01 1.034820000000000045e-01 9.946270000000000389e-01 3.082999999999999803e-03 9.946310000000000429e-01 -1.034780000000000005e-01 -1.371999999999999956e-03
6.000000000000000000e+00 1.200000000000000000e+01 1.500000000000000000e+01 0.000000000000000000e+00 1.600000000000000089e+00 -1.046000000000000055e-03 2.269999999999999882e-04 -9.999989999999999712e-01 -4.684559999999999835e-01 -8.834870000000000223e-01 2.889999999999999774e-04 -8.834859999999999935e-01 4.684559999999999835e-01 1.030000000000000100e-03
1.600000000000000000e+01 1.200000000000000000e+01 1.500000000000000000e+01 0.000000000000000000e+00 1.600000000000000089e+00 3.530000000000000152e-04 4.699999999999999859e-04 -1.000000000000000000e+00 -4.676660000000000261e-01 -8.839050000000000518e-01 -5.810000000000000277e-04 -8.839050000000000518e-01 4.676660000000000261e-01 -9.299999999999999727e-05
2.500000000000000000e+01 1.200000000000000000e+01 1.500000000000000000e+01 0.000000000000000000e+00 1.600000000000000089e+00 1.853000000000000046e-03 2.575000000000000032e-03 -9.999949999999999672e-01 -4.672930000000000139e-01 -8.840970000000000217e-01 -3.141999999999999828e-03 -8.841010000000000257e-01 4.672959999999999892e-01 -4.350000000000000026e-04
2.800000000000000000e+01 1.200000000000000000e+01 1.500000000000000000e+01 0.000000000000000000e+00 1.600000000000000089e+00 2.778999999999999786e-03 5.322999999999999607e-03 -9.999820000000000375e-01 -4.682490000000000263e-01 -8.835760000000000280e-01 -6.004999999999999921e-03 -8.835920000000000440e-01 4.682580000000000076e-01 3.699999999999999811e-05
5.000000000000000000e+00 1.100000000000000000e+01 1.600000000000000000e+01 0.000000000000000000e+00 1.600000000000000089e+00 -1.077000000000000049e-03 -4.470000000000000232e-04 -9.999989999999999712e-01 -4.160420000000000229e-01 -9.093449999999999589e-01 8.540000000000000499e-04 -9.093449999999999589e-01 4.160429999999999962e-01 7.929999999999999766e-04
9.000000000000000000e+00 1.100000000000000000e+01 1.600000000000000000e+01 0.000000000000000000e+00 1.600000000000000089e+00 -1.093000000000000005e-03 3.723000000000000181e-03 -9.999919999999999920e-01 -4.185479999999999756e-01 -9.081900000000000528e-01 -2.923999999999999950e-03 -9.081939999999999458e-01 4.185420000000000251e-01 2.550999999999999882e-03
7.000000000000000000e+00 1.160000000000000000e+02 1.600000000000000000e+01 0.000000000000000000e+00 1.600000000000000089e+00 1.502000000000000080e-03 1.933999999999999955e-03 9.999970000000000248e-01 6.940410000000000190e-01 7.199309999999999876e-01 -2.435000000000000098e-03 -7.199330000000000451e-01 6.940429999999999655e-01 -2.610000000000000015e-04
2.000000000000000000e+01 1.160000000000000000e+02 1.600000000000000000e+01 0.000000000000000000e+00 1.600000000000000089e+00 -1.667999999999999995e-03 -1.098999999999999934e-03 9.999980000000000535e-01 7.044719999999999871e-01 7.097290000000000543e-01 1.955000000000000140e-03 -7.097290000000000543e-01 7.044740000000000446e-01 -4.099999999999999912e-04
2.500000000000000000e+01 1.160000000000000000e+02 1.600000000000000000e+01 0.000000000000000000e+00 1.600000000000000089e+00 3.570000000000000040e-04 -3.550000000000000096e-04 1.000000000000000000e+00 7.095930000000000293e-01 7.046109999999999873e-01 -3.000000000000000076e-06 -7.046109999999999873e-01 7.095930000000000293e-01 5.029999999999999749e-04
1.000000000000000000e+00 2.000000000000000000e+00 1.900000000000000000e+01 0.000000000000000000e+00 1.600000000000000089e+00 -1.103000000000000031e-03 -1.956999999999999972e-03 -9.999970000000000248e-01 1.851959999999999995e-01 -9.827000000000000179e-01 1.719000000000000042e-03 -9.827010000000000467e-01 -1.851939999999999975e-01 1.446999999999999936e-03
6.000000000000000000e+00 2.000000000000000000e+00 1.900000000000000000e+01 0.000000000000000000e+00 1.600000000000000089e+00 -3.690000000000000138e-03 5.699999999999999772e-04 -9.999930000000000208e-01 1.830170000000000130e-01 -9.831090000000000106e-01 -1.234999999999999987e-03 -9.831029999999999491e-01 -1.830199999999999882e-01 3.523999999999999789e-03
1.100000000000000000e+01 2.000000000000000000e+00 1.900000000000000000e+01 0.000000000000000000e+00 1.600000000000000089e+00 3.950000000000000061e-04 -7.576000000000000269e-03 -9.999710000000000543e-01 1.791669999999999929e-01 -9.837900000000000533e-01 7.524999999999999571e-03 -9.838189999999999991e-01 -1.791649999999999909e-01 9.690000000000000262e-04
2.800000000000000000e+01 2.000000000000000000e+00 1.900000000000000000e+01 0.000000000000000000e+00 1.600000000000000089e+00 9.829999999999999329e-04 -5.573999999999999962e-03 -9.999839999999999840e-01 1.838229999999999864e-01 -9.829430000000000112e-01 5.660000000000000100e-03 -9.829590000000000272e-01 -1.838249999999999884e-01 5.800000000000000034e-05
6.000000000000000000e+00 4.000000000000000000e+00 2.000000000000000000e+01 0.000000000000000000e+00 1.600000000000000089e+00 -5.772000000000000221e-03 3.132999999999999934e-03 -9.999780000000000335e-01 2.748599999999999932e-01 -9.614730000000000221e-01 -4.598999999999999790e-03 -9.614669999999999606e-01 -2.748809999999999865e-01 4.688000000000000327e-03
1.000000000000000000e+01 4.000000000000000000e+00 2.000000000000000000e+01 0.000000000000000000e+00 1.600000000000000089e+00 -2.272000000000000148e-03 -9.372000000000000122e-03 -9.999529999999999808e-01 2.809940000000000215e-01 -9.596729999999999983e-01 8.356000000000000580e-03 -9.597069999999999768e-01 -2.809619999999999895e-01 4.813999999999999703e-03
7.000000000000000000e+00 1.300000000000000000e+01 2.000000000000000000e+01 0.000000000000000000e+00 1.600000000000000089e+00 -4.600000000000000139e-04 -1.700000000000000122e-04 1.000000000000000000e+00 2.525859999999999772e-01 9.675749999999999629e-01 2.799999999999999755e-04 -9.675740000000000451e-01 2.525859999999999772e-01 -4.020000000000000136e-04
1.400000000000000000e+01 1.300000000000000000e+01 2.000000000000000000e+01 0.000000000000000000e+00 1.600000000000000089e+00 -4.739999999999999747e-04 -3.497999999999999807e-03 9.999940000000000495e-01 2.551080000000000014e-01 9.669060000000000432e-01 3.503000000000000037e-03 -9.669130000000000225e-01 2.551080000000000014e-01 4.339999999999999782e-04
1.900000000000000000e+01 1.300000000000000000e+01 2.000000000000000000e+01 0.000000000000000000e+00 1.600000000000000089e+00 -6.059999999999999849e-04 -2.798000000000000140e-03 9.999959999999999960e-01 2.573369999999999824e-01 9.663169999999999815e-01 2.860000000000000129e-03 -9.663209999999999855e-01 2.573380000000000112e-01 1.340000000000000045e-04
2.500000000000000000e+01 1.300000000000000000e+01 2.000000000000000000e+01 0.000000000000000000e+00 1.600000000000000089e+00 6.229999999999999644e-04 2.030000000000000012e-04 1.000000000000000000e+00 2.571479999999999877e-01 9.663720000000000088e-01 -3.570000000000000040e-04 -9.663720000000000088e-01 2.571479999999999877e-01 5.490000000000000088e-04
2.900000000000000000e+01 1.300000000000000000e+01 2.000000000000000000e+01 0.000000000000000000e+00 1.600000000000000089e+00 4.159999999999999744e-04 6.319999999999999663e-04 1.000000000000000000e+00 2.549109999999999987e-01 9.669640000000000457e-01 -7.169999999999999724e-04 -9.669640000000000457e-01 2.549109999999999987e-01 2.410000000000000033e-04
3.000000000000000000e+00 1.600000000000000000e+01 2.100000000000000000e+01 0.000000000000000000e+00 1.600000000000000089e+00 -1.057999999999999913e-03 2.609999999999999907e-03 9.999959999999999960e-01 2.976349999999999829e-01 9.546769999999999978e-01 -2.177000000000000116e-03 -9.546790000000000553e-01 2.976320000000000077e-01 -1.786999999999999960e-03
7.000000000000000000e+00 1.600000000000000000e+01 2.100000000000000000e+01 0.000000000000000000e+00 1.600000000000000089e+00 -5.869999999999999567e-04 2.086000000000000180e-03 9.999980000000000535e-01 2.965949999999999975e-01 9.550020000000000175e-01 -1.817999999999999955e-03 -9.550030000000000463e-01 2.965929999999999955e-01 -1.180000000000000059e-03
1.500000000000000000e+01 1.600000000000000000e+01 2.100000000000000000e+01 0.000000000000000000e+00 1.600000000000000089e+00 -4.699999999999999859e-04 -5.825999999999999582e-03 9.999829999999999552e-01 2.970200000000000062e-01 9.548539999999999806e-01 5.702999999999999736e-03 -9.548710000000000253e-01 2.970180000000000042e-01 1.281999999999999936e-03
1.900000000000000000e+01 1.600000000000000000e+01 2.100000000000000000e+01 0.000000000000000000e+00 1.600000000000000089e+00 -3.390000000000000001e-04 -4.330999999999999781e-03 9.999909999999999632e-01 2.971050000000000080e-01 9.548349999999999893e-01 4.236000000000000182e-03 -9.548450000000000548e-01 2.971030000000000060e-01 9.629999999999999888e-04
2.200000000000000000e+01 1.600000000000000000e+01 2.100000000000000000e+01 0.000000000000000000e+00 1.600000000000000089e+00 -1.620000000000000075e-04 3.159999999999999832e-04 1.000000000000000000e+00 2.974180000000000157e-01 9.547470000000000123e-01 -2.530000000000000239e-04 -9.547470000000000123e-01 2.974180000000000157e-01 -2.489999999999999809e-04
2.800000000000000000e+01 1.600000000000000000e+01 2.100000000000000000e+01 0.000000000000000000e+00 1.600000000000000089e+00 -1.550000000000000000e-04 6.607000000000000026e-03 9.999780000000000335e-01 2.985800000000000121e-01 9.543639999999999901e-01 -6.258999999999999807e-03 -9.543850000000000389e-01 2.985720000000000041e-01 -2.119999999999999923e-03
2.000000000000000000e+00 3.000000000000000000e+00 2.500000000000000000e+01 0.000000000000000000e+00 1.600000000000000089e+00 -5.343999999999999792e-03 3.089000000000000166e-03 9.999810000000000088e-01 -3.569900000000000156e-02 -9.993579999999999686e-01 2.896999999999999836e-03 9.993480000000000141e-01 -3.568299999999999944e-02 5.451000000000000116e-03
9.000000000000000000e+00 3.000000000000000000e+00 2.500000000000000000e+01 0.000000000000000000e+00 1.600000000000000089e+00 2.271000000000000015e-03 3.193999999999999791e-03 9.999919999999999920e-01 -3.919500000000000067e-02 -9.992259999999999476e-01 3.279999999999999930e-03 9.992290000000000338e-01 -3.920200000000000073e-02 -2.144000000000000072e-03
1.900000000000000000e+01 3.000000000000000000e+00 2.500000000000000000e+01 0.000000000000000000e+00 1.600000000000000089e+00 -7.721999999999999698e-03 -1.320000000000000101e-04 9.999700000000000255e-01 -2.956299999999999900e-02 -9.995629999999999793e-01 -3.600000000000000227e-04 9.995330000000000048e-01 -2.956400000000000000e-02 7.714000000000000370e-03
2.800000000000000000e+01 3.000000000000000000e+00 2.500000000000000000e+01 0.000000000000000000e+00 1.600000000000000089e+00 -1.345000000000000058e-03 -2.828999999999999918e-03 9.999949999999999672e-01 -2.664199999999999902e-02 -9.996410000000000018e-01 -2.863000000000000093e-03 9.996439999999999770e-01 -2.664599999999999955e-02 1.268999999999999946e-03
8.000000000000000000e+00 4.600000000000000000e+01 2.700000000000000000e+01 0.000000000000000000e+00 1.600000000000000089e+00 2.121000000000000055e-03 1.820999999999999919e-03 -9.999959999999999960e-01 6.629289999999999905e-01 7.486770000000000369e-01 2.769999999999999893e-03 7.486789999999999834e-01 -6.629319999999999657e-01 3.809999999999999910e-04
1.600000000000000000e+01 4.600000000000000000e+01 2.700000000000000000e+01 0.000000000000000000e+00 1.600000000000000089e+00 -2.157000000000000063e-03 -3.036000000000000070e-03 -9.999930000000000208e-01 6.610120000000000440e-01 7.503659999999999775e-01 -3.703999999999999827e-03 7.503720000000000390e-01 -6.610160000000000480e-01 3.879999999999999985e-04
2.500000000000000000e+01 4.600000000000000000e+01 2.700000000000000000e+01 0.000000000000000000e+00 1.600000000000000089e+00 -6.480000000000000300e-04 6.600000000000000506e-05 -1.000000000000000000e+00 6.645130000000000203e-01 7.472769999999999690e-01 -3.809999999999999910e-04 7.472769999999999690e-01 -6.645130000000000203e-01 -5.280000000000000405e-04
3.000000000000000000e+01 4.600000000000000000e+01 2.700000000000000000e+01 0.000000000000000000e+00 1.600000000000000089e+00 -1.595000000000000064e-03 -1.435999999999999993e-03 -9.999980000000000535e-01 6.622310000000000141e-01 7.492959999999999621e-01 -2.132999999999999913e-03 7.492980000000000196e-01 -6.622329999999999606e-01 -2.439999999999999949e-04
7.000000000000000000e+00 5.800000000000000000e+01 3.100000000000000000e+01 0.000000000000000000e+00 1.600000000000000089e+00 8.670000000000000406e-04 4.389999999999999914e-04 1.000000000000000000e+00 -7.946490000000000498e-01 -6.070689999999999698e-01 9.560000000000000355e-04 6.070689999999999698e-01 -7.946490000000000498e-01 -1.769999999999999926e-04
1.100000000000000000e+01 5.800000000000000000e+01 3.100000000000000000e+01 0.000000000000000000e+00 1.600000000000000089e+00 1.479999999999999979e-03 5.119999999999999768e-04 9.999989999999999712e-01 -7.951820000000000555e-01 -6.063690000000000468e-01 1.487999999999999956e-03 6.063690000000000468e-01 -7.951829999999999732e-01 -4.899999999999999842e-04
1.700000000000000000e+01 5.800000000000000000e+01 3.100000000000000000e+01 0.000000000000000000e+00 1.600000000000000089e+00 -5.010000000000000347e-04 5.060000000000000478e-04 1.000000000000000000e+00 -7.929070000000000285e-01 -6.093429999999999680e-01 -8.899999999999999491e-05 6.093429999999999680e-01 -7.929070000000000285e-01 7.069999999999999462e-04
2.400000000000000000e+01 5.800000000000000000e+01 3.100000000000000000e+01 0.000000000000000000e+00 1.600000000000000089e+00 5.240000000000000517e-04 -4.137000000000000052e-03 9.999909999999999632e-01 -7.911759999999999904e-01 -6.115840000000000165e-01 -2.115999999999999825e-03 6.115880000000000205e-01 -7.911690000000000111e-01 -3.592999999999999840e-03
1.100000000000000000e+01 6.000000000000000000e+00 3.200000000000000000e+01 0.000000000000000000e+00 1.600000000000000089e+00 -2.199000000000000000e-03 -6.059000000000000150e-03 -9.999789999999999512e-01 1.379019999999999968e-01 9.904260000000000286e-01 -6.304999999999999841e-03 9.904429999999999623e-01 -1.379130000000000078e-01 -1.343000000000000010e-03
1.600000000000000000e+01 6.000000000000000000e+00 3.200000000000000000e+01 0.000000000000000000e+00 1.600000000000000089e+00 -3.693999999999999801e-03 -3.335999999999999990e-03 -9.999879999999999880e-01 1.414080000000000059e-01 9.899440000000000461e-01 -3.824999999999999841e-03 9.899440000000000461e-01 -1.414209999999999912e-01 -3.184999999999999897e-03
2.700000000000000000e+01 4.200000000000000000e+01 3.400000000000000000e+01 0.000000000000000000e+00 1.600000000000000089e+00 2.196000000000000035e-03 1.363999999999999978e-03 -9.999970000000000248e-01 -2.870119999999999894e-01 9.579269999999999730e-01 6.769999999999999759e-04 9.579239999999999977e-01 2.870099999999999874e-01 2.495999999999999955e-03
2.000000000000000000e+00 4.600000000000000000e+01 3.500000000000000000e+01 0.000000000000000000e+00 1.600000000000000089e+00 7.249999999999999500e-04 1.490999999999999921e-03 -9.999989999999999712e-01 3.834640000000000271e-01 -9.235550000000000148e-01 -1.098999999999999934e-03 -9.235550000000000148e-01 -3.834629999999999983e-01 -1.240999999999999916e-03
7.000000000000000000e+00 4.600000000000000000e+01 3.500000000000000000e+01 0.000000000000000000e+00 1.600000000000000089e+00 -1.450000000000000009e-04 -1.039999999999999936e-04 -1.000000000000000000e+00 3.846370000000000067e-01 -9.230679999999999996e-01 4.000000000000000327e-05 -9.230679999999999996e-01 -3.846370000000000067e-01 1.730000000000000038e-04
1.500000000000000000e+01 4.600000000000000000e+01 3.500000000000000000e+01 0.000000000000000000e+00 1.600000000000000089e+00 -1.079000000000000098e-03 5.469999999999999602e-04 -9.999989999999999712e-01 3.822420000000000262e-01 -9.240620000000000500e-01 -9.179999999999999792e-04 -9.240620000000000500e-01 -3.822429999999999994e-01 7.879999999999999635e-04
2.000000000000000000e+01 4.600000000000000000e+01 3.500000000000000000e+01 0.000000000000000000e+00 1.600000000000000089e+00 3.179999999999999776e-04 1.168999999999999900e-03 -9.999989999999999712e-01 3.820379999999999887e-01 -9.241460000000000230e-01 -9.590000000000000000e-04 -9.241470000000000518e-01 -3.820370000000000155e-01 -7.399999999999999894e-04
2.500000000000000000e+01 4.600000000000000000e+01 3.500000000000000000e+01 0.000000000000000000e+00 1.600000000000000089e+00 -1.366000000000000027e-03 4.825000000000000296e-03 -9.999869999999999592e-01 3.834620000000000251e-01 -9.235430000000000028e-01 -4.980000000000000052e-03 -9.235560000000000436e-01 -3.834640000000000271e-01 -5.879999999999999810e-04
2.900000000000000000e+01 4.600000000000000000e+01 3.500000000000000000e+01 0.000000000000000000e+00 1.600000000000000089e+00 2.694999999999999913e-03 2.262000000000000122e-03 -9.999940000000000495e-01 3.841870000000000007e-01 -9.232550000000000479e-01 -1.052999999999999900e-03 -9.232510000000000439e-01 -3.841820000000000235e-01 -3.357999999999999874e-03
4.000000000000000000e+00 9.500000000000000000e+01 3.600000000000000000e+01 0.000000000000000000e+00 1.600000000000000089e+00 9.318999999999999159e-03 6.873999999999999902e-03 9.999329999999999607e-01 9.965019999999999989e-01 8.298200000000000021e-02 -9.856999999999999443e-03 -8.304499999999999382e-02 9.965270000000000516e-01 -6.076999999999999937e-03
9.000000000000000000e+00 9.500000000000000000e+01 3.600000000000000000e+01 0.000000000000000000e+00 1.600000000000000089e+00 2.667999999999999799e-03 1.897199999999999928e-02 9.998160000000000380e-01 9.966599999999999904e-01 8.155199999999999949e-02 -4.206999999999999802e-03 -8.161699999999999511e-02 9.964889999999999581e-01 -1.869099999999999928e-02
1.500000000000000000e+01 9.500000000000000000e+01 3.600000000000000000e+01 0.000000000000000000e+00 1.600000000000000089e+00 -2.944000000000000002e-03 -1.493000000000000056e-02 9.998839999999999950e-01 9.961269999999999847e-01 8.781799999999999329e-02 4.244999999999999642e-03 -8.787100000000000466e-02 9.960250000000000492e-01 1.461400000000000025e-02
2.000000000000000000e+01 9.500000000000000000e+01 3.600000000000000000e+01 0.000000000000000000e+00 1.600000000000000089e+00 -4.471000000000000148e-03 -8.549999999999999658e-04 9.999900000000000455e-01 9.957810000000000272e-01 9.164600000000000524e-02 4.531000000000000305e-03 -9.164899999999999436e-02 9.957909999999999817e-01 4.409999999999999858e-04
2.400000000000000000e+01 9.500000000000000000e+01 3.600000000000000000e+01 0.000000000000000000e+00 1.600000000000000089e+00 -1.082000000000000062e-03 -9.100000000000000016e-04 9.999989999999999712e-01 9.959799999999999764e-01 8.956999999999999684e-02 1.159000000000000091e-03 -8.957099999999999784e-02 9.959799999999999764e-01 8.090000000000000403e-04
5.000000000000000000e+00 3.000000000000000000e+00 4.300000000000000000e+01 0.000000000000000000e+00 1.600000000000000089e+00 -4.586999999999999932e-03 -4.669399999999999940e-02 -9.988989999999999814e-01 7.389090000000000380e-01 -6.732190000000000119e-01 2.807700000000000126e-02 -6.737889999999999713e-01 -7.379670000000000396e-01 3.759099999999999941e-02
1.200000000000000000e+01 3.000000000000000000e+00 4.300000000000000000e+01 0.000000000000000000e+00 1.600000000000000089e+00 -7.506999999999999784e-03 -5.754800000000000193e-02 -9.983140000000000347e-01 7.438730000000000064e-01 -6.675109999999999655e-01 3.288499999999999757e-02 -6.682789999999999564e-01 -7.423729999999999496e-01 4.781900000000000039e-02
1.700000000000000000e+01 3.000000000000000000e+00 4.300000000000000000e+01 0.000000000000000000e+00 1.600000000000000089e+00 -7.832999999999999685e-03 -2.936000000000000068e-02 -9.995380000000000376e-01 7.463070000000000537e-01 -6.654609999999999692e-01 1.369800000000000011e-02 -6.655560000000000365e-01 -7.458550000000000457e-01 2.712399999999999881e-02
2.100000000000000000e+01 3.000000000000000000e+00 4.300000000000000000e+01 0.000000000000000000e+00 1.600000000000000089e+00 -5.701999999999999603e-03 -5.926999999999999977e-03 -9.999660000000000215e-01 7.469099999999999628e-01 -6.649249999999999883e-01 -3.179999999999999776e-04 -6.649009999999999643e-01 -7.468869999999999676e-01 8.219000000000000611e-03
2.800000000000000000e+01 3.000000000000000000e+00 4.300000000000000000e+01 0.000000000000000000e+00 1.600000000000000089e+00 -1.479000000000000063e-03 1.745299999999999976e-02 -9.998470000000000413e-01 7.427049999999999486e-01 -6.694959999999999800e-01 -1.278499999999999949e-02 -6.696170000000000178e-01 -7.426099999999999923e-01 -1.197200000000000000e-02
2.100000000000000000e+01 8.000000000000000000e+00 4.400000000000000000e+01 0.000000000000000000e+00 1.600000000000000089e+00 3.020000000000000223e-04 -2.043999999999999810e-03 9.999980000000000535e-01 -7.687749999999999861e-01 -6.395180000000000309e-01 -1.075000000000000001e-03 6.395189999999999486e-01 -7.687730000000000397e-01 -1.765000000000000076e-03
2.500000000000000000e+01 8.000000000000000000e+00 4.400000000000000000e+01 0.000000000000000000e+00 1.600000000000000089e+00 3.595999999999999804e-03 5.692000000000000011e-03 9.999770000000000048e-01 -7.689970000000000416e-01 -6.392210000000000392e-01 6.403999999999999970e-03 6.392430000000000057e-01 -7.690019999999999634e-01 2.077999999999999986e-03
4.000000000000000000e+00 2.900000000000000000e+01 4.400000000000000000e+01 0.000000000000000000e+00 1.600000000000000089e+00 -9.500000000000000523e-05 2.867999999999999890e-03 -9.999959999999999960e-01 6.594130000000000269e-01 7.517779999999999463e-01 2.093999999999999941e-03 7.517810000000000326e-01 -6.594100000000000517e-01 -1.962999999999999901e-03
9.000000000000000000e+00 2.900000000000000000e+01 4.400000000000000000e+01 0.000000000000000000e+00 1.600000000000000089e+00 9.139999999999999904e-04 2.469999999999999973e-03 -9.999970000000000248e-01 6.561860000000000470e-01 7.545950000000000157e-01 2.464000000000000044e-03 7.545979999999999910e-01 -6.561860000000000470e-01 -9.319999999999999942e-04
1.400000000000000000e+01 2.900000000000000000e+01 4.400000000000000000e+01 0.000000000000000000e+00 1.600000000000000089e+00 1.399999999999999986e-03 -2.054999999999999969e-03 -9.999970000000000248e-01 6.550740000000000451e-01 7.555640000000000134e-01 -6.350000000000000392e-04 7.555629999999999846e-01 -6.550709999999999589e-01 2.403000000000000188e-03
1.700000000000000000e+01 2.900000000000000000e+01 4.400000000000000000e+01 0.000000000000000000e+00 1.600000000000000089e+00 1.409000000000000096e-03 -3.831000000000000204e-03 -9.999919999999999920e-01 6.567709999999999937e-01 7.540879999999999805e-01 -1.962999999999999901e-03 7.540890000000000093e-01 -6.567629999999999857e-01 3.579000000000000150e-03
2.400000000000000000e+01 2.900000000000000000e+01 4.400000000000000000e+01 0.000000000000000000e+00 1.600000000000000089e+00 2.001999999999999873e-03 -5.609000000000000270e-03 -9.999820000000000375e-01 6.719049999999999745e-01 7.406319999999999570e-01 -2.808999999999999865e-03 7.406350000000000433e-01 -6.718870000000000120e-01 5.251999999999999724e-03
2.800000000000000000e+01 2.900000000000000000e+01 4.400000000000000000e+01 0.000000000000000000e+00 1.600000000000000089e+00 2.239999999999999966e-04 -8.180000000000000422e-04 -1.000000000000000000e+00 6.781300000000000106e-01 7.349419999999999842e-01 -4.490000000000000176e-04 7.349419999999999842e-01 -6.781300000000000106e-01 7.190000000000000210e-04
8.000000000000000000e+00 5.400000000000000000e+01 4.600000000000000000e+01 0.000000000000000000e+00 1.600000000000000089e+00 5.320000000000000293e-04 -9.577999999999999708e-03 9.999540000000000095e-01 3.175060000000000104e-01 -9.482110000000000261e-01 -9.251000000000000542e-03 9.482559999999999878e-01 3.174960000000000004e-01 2.536000000000000060e-03
3.000000000000000000e+01 6.000000000000000000e+00 5.100000000000000000e+01 0.000000000000000000e+00 1.600000000000000089e+00 -1.054000000000000032e-03 -1.722999999999999922e-03 -9.999980000000000535e-01 3.288229999999999764e-01 -9.443909999999999805e-01 1.281000000000000021e-03 -9.443909999999999805e-01 -3.288209999999999744e-01 1.562000000000000020e-03
2.600000000000000000e+01 7.000000000000000000e+00 5.200000000000000000e+01 0.000000000000000000e+00 1.600000000000000089e+00 7.330000000000000361e-04 -2.729000000000000089e-03 -9.999959999999999960e-01 1.175520000000000037e-01 -9.930630000000000290e-01 2.795999999999999874e-03 -9.930660000000000043e-01 -1.175530000000000047e-01 -4.070000000000000267e-04
1.000000000000000000e+00 6.300000000000000000e+01 5.400000000000000000e+01 0.000000000000000000e+00 1.600000000000000089e+00 -3.537999999999999912e-03 1.121999999999999950e-03 9.999930000000000208e-01 -3.481409999999999783e-01 9.374390000000000223e-01 -2.282999999999999873e-03 -9.374350000000000183e-01 -3.481469999999999843e-01 -2.926000000000000215e-03
5.000000000000000000e+00 6.300000000000000000e+01 5.400000000000000000e+01 0.000000000000000000e+00 1.600000000000000089e+00 1.769999999999999926e-04 4.348999999999999568e-03 9.999909999999999632e-01 -3.498479999999999923e-01 9.367980000000000196e-01 -4.011999999999999941e-03 -9.368060000000000276e-01 -3.498439999999999883e-01 1.688000000000000047e-03
9.000000000000000000e+00 6.300000000000000000e+01 5.400000000000000000e+01 0.000000000000000000e+00 1.600000000000000089e+00 -2.130000000000000003e-04 4.739999999999999747e-04 1.000000000000000000e+00 -3.477180000000000271e-01 9.375989999999999602e-01 -5.190000000000000386e-04 -9.375989999999999602e-01 -3.477180000000000271e-01 -3.499999999999999693e-05
2.000000000000000000e+01 6.300000000000000000e+01 5.400000000000000000e+01 0.000000000000000000e+00 1.600000000000000089e+00 1.773000000000000053e-03 -1.275000000000000092e-03 9.999980000000000535e-01 -3.563200000000000256e-01 9.343620000000000259e-01 1.822999999999999968e-03 -9.343620000000000259e-01 -3.563220000000000276e-01 1.203000000000000076e-03
2.400000000000000000e+01 6.300000000000000000e+01 5.400000000000000000e+01 0.000000000000000000e+00 1.600000000000000089e+00 2.100000000000000087e-04 -1.230000000000000082e-04 1.000000000000000000e+00 -3.598700000000000232e-01 9.330019999999999980e-01 1.900000000000000105e-04 -9.330019999999999980e-01 -3.598700000000000232e-01 1.520000000000000084e-04
2.700000000000000000e+01 6.300000000000000000e+01 5.400000000000000000e+01 0.000000000000000000e+00 1.600000000000000089e+00 -9.770000000000000039e-04 -1.497999999999999983e-03 9.999980000000000535e-01 -3.598390000000000200e-01 9.330140000000000100e-01 1.046000000000000055e-03 -9.330140000000000100e-01 -3.598370000000000180e-01 -1.451000000000000033e-03
8.000000000000000000e+00 2.500000000000000000e+01 5.500000000000000000e+01 0.000000000000000000e+00 1.600000000000000089e+00 4.560000000000000251e-04 -1.459999999999999981e-04 -1.000000000000000000e+00 -1.076300000000000000e-02 -9.999419999999999975e-01 1.410000000000000120e-04 -9.999419999999999975e-01 1.076300000000000000e-02 -4.580000000000000195e-04
1.400000000000000000e+01 2.500000000000000000e+01 5.500000000000000000e+01 0.000000000000000000e+00 1.600000000000000089e+00 1.056999999999999997e-03 -2.018999999999999961e-03 -9.999970000000000248e-01 -1.214900000000000008e-02 -9.999240000000000350e-01 2.005999999999999971e-03 -9.999259999999999815e-01 1.214699999999999981e-02 -1.080999999999999930e-03
1.800000000000000000e+01 2.500000000000000000e+01 5.500000000000000000e+01 0.000000000000000000e+00 1.600000000000000089e+00 5.140000000000000254e-04 1.938000000000000052e-03 -9.999980000000000535e-01 -1.295900000000000003e-02 -9.999139999999999695e-01 -1.943999999999999981e-03 -9.999160000000000270e-01 1.295999999999999930e-02 -4.889999999999999599e-04
2.800000000000000000e+01 2.500000000000000000e+01 5.500000000000000000e+01 0.000000000000000000e+00 1.600000000000000089e+00 1.801000000000000083e-03 -2.518999999999999972e-03 -9.999949999999999672e-01 -1.177600000000000001e-02 -9.999280000000000390e-01 2.497999999999999787e-03 -9.999289999999999567e-01 1.177100000000000021e-02 -1.830000000000000029e-03
4.000000000000000000e+00 2.100000000000000000e+01 6.000000000000000000e+01 0.000000000000000000e+00 1.600000000000000089e+00 -9.920000000000000432e-04 -8.899999999999999491e-05 9.999989999999999712e-01 -9.399499999999999522e-02 9.955730000000000413e-01 -3.999999999999999819e-06 -9.955720000000000125e-01 -9.399499999999999522e-02 -9.959999999999999236e-04
1.300000000000000000e+01 2.100000000000000000e+01 6.000000000000000000e+01 0.000000000000000000e+00 1.600000000000000089e+00 -9.020000000000000240e-04 -1.276000000000000007e-03 9.999989999999999712e-01 -9.671599999999999642e-02 9.953109999999999458e-01 1.182000000000000108e-03 -9.953119999999999745e-01 -9.671399999999999442e-02 -1.020999999999999989e-03
1.700000000000000000e+01 2.100000000000000000e+01 6.000000000000000000e+01 0.000000000000000000e+00 1.600000000000000089e+00 -2.387999999999999932e-03 -6.942000000000000254e-03 9.999730000000000008e-01 -9.740600000000000647e-02 9.952220000000000510e-01 6.676999999999999776e-03 -9.952419999999999600e-01 -9.738700000000000134e-02 -3.053000000000000158e-03
2.400000000000000000e+01 2.100000000000000000e+01 6.000000000000000000e+01 0.000000000000000000e+00 1.600000000000000089e+00 -7.519999999999999558e-04 1.532999999999999988e-02 9.998820000000000485e-01 -9.580199999999999827e-02 9.952820000000000000e-01 -1.533099999999999914e-02 -9.953999999999999515e-01 -9.580199999999999827e-02 7.200000000000000453e-04
3.000000000000000000e+01 2.100000000000000000e+01 6.000000000000000000e+01 0.000000000000000000e+00 1.600000000000000089e+00 2.037000000000000182e-03 9.890000000000000787e-04 9.999970000000000248e-01 -9.479600000000000526e-02 9.954960000000000475e-01 -7.910000000000000364e-04 -9.954950000000000188e-01 -9.479400000000000326e-02 2.121000000000000055e-03
1.300000000000000000e+01 6.000000000000000000e+00 6.100000000000000000e+01 0.000000000000000000e+00 1.600000000000000089e+00 6.368000000000000396e-03 2.958999999999999825e-03 9.999749999999999472e-01 5.771330000000000071e-01 -8.166489999999999583e-01 -1.258999999999999920e-03 8.166250000000000453e-01 5.771269999999999456e-01 -6.908000000000000078e-03
4.000000000000000000e+00 3.000000000000000000e+00 6.300000000000000000e+01 0.000000000000000000e+00 1.600000000000000089e+00 -1.198999999999999979e-03 9.970000000000000563e-04 9.999989999999999712e-01 -6.131699999999999928e-01 7.899490000000000123e-01 -1.523000000000000048e-03 -7.899500000000000410e-01 -6.131710000000000216e-01 -3.350000000000000113e-04
9.000000000000000000e+00 3.000000000000000000e+00 6.300000000000000000e+01 0.000000000000000000e+00 1.600000000000000089e+00 -1.013000000000000012e-03 1.139999999999999954e-03 9.999989999999999712e-01 -6.156409999999999938e-01 7.880249999999999755e-01 -1.521999999999999915e-03 -7.880260000000000042e-01 -6.156420000000000226e-01 -9.600000000000000243e-05
5.000000000000000000e+00 2.700000000000000000e+01 6.300000000000000000e+01 0.000000000000000000e+00 1.600000000000000089e+00 1.083999999999999894e-03 1.796999999999999986e-03 9.999980000000000535e-01 -2.813869999999999982e-01 9.595930000000000293e-01 -1.418999999999999906e-03 -9.595939999999999470e-01 -2.813849999999999962e-01 1.546000000000000065e-03
9.000000000000000000e+00 2.700000000000000000e+01 6.300000000000000000e+01 0.000000000000000000e+00 1.600000000000000089e+00 -2.349999999999999930e-04 3.416999999999999899e-03 9.999940000000000495e-01 -2.780929999999999791e-01 9.605479999999999574e-01 -3.347999999999999848e-03 -9.605540000000000189e-01 -2.780920000000000059e-01 7.240000000000000342e-04
1.300000000000000000e+01 2.700000000000000000e+01 6.300000000000000000e+01 0.000000000000000000e+00 1.600000000000000089e+00 -2.396000000000000126e-03 -3.518999999999999993e-03 9.999909999999999632e-01 -2.785440000000000138e-01 9.604200000000000514e-01 2.712000000000000001e-03 -9.604200000000000514e-01 -2.785349999999999770e-01 -3.281000000000000062e-03
1.800000000000000000e+01 2.700000000000000000e+01 6.300000000000000000e+01 0.000000000000000000e+00 1.600000000000000089e+00 -9.389999999999999476e-04 -4.294000000000000074e-03 9.999900000000000455e-01 -2.765619999999999745e-01 9.609879999999999534e-01 3.867000000000000211e-03 -9.609959999999999614e-01 -2.765560000000000240e-01 -2.089999999999999844e-03
2.600000000000000000e+01 2.700000000000000000e+01 6.300000000000000000e+01 0.000000000000000000e+00 1.600000000000000089e+00 1.129000000000000012e-03 2.206000000000000062e-03 9.999970000000000248e-01 -2.744590000000000085e-01 9.615970000000000351e-01 -1.812000000000000026e-03 -9.615979999999999528e-01 -2.744559999999999778e-01 1.691000000000000012e-03
