2.200000000000000000e+01 2.500000000000000000e+01 1.000000000000000000e+00 0.000000000000000000e+00 1.600000000000000089e+00 1.619999999999999912e-03 -2.059999999999999928e-04 -9.999989999999999712e-01 -5.172020000000000506e-01 -8.558630000000000404e-01 -6.620000000000000450e-04 -8.558620000000000116e-01 5.172029999999999683e-01 -1.492999999999999969e-03
3.000000000000000000e+00 1.500000000000000000e+01 4.000000000000000000e+00 0.000000000000000000e+00 1.600000000000000089e+00 -2.528999999999999998e-03 -2.298000000000000129e-03 9.999940000000000495e-01 3.090399999999999814e-01 -9.510480000000000045e-01 -1.404999999999999999e-03 9.510459999999999470e-01 3.090350000000000041e-01 3.115000000000000147e-03
9.000000000000000000e+00 1.500000000000000000e+01 4.000000000000000000e+00 0.000000000000000000e+00 1.600000000000000089e+00 6.539999999999999590e-04 -3.710000000000000190e-04 1.000000000000000000e+00 3.094899999999999873e-01 -9.509030000000000538e-01 -5.550000000000000462e-04 9.509030000000000538e-01 3.094899999999999873e-01 -5.069999999999999637e-04
1.600000000000000000e+01 1.500000000000000000e+01 4.000000000000000000e+00 0.000000000000000000e+00 1.600000000000000089e+00 2.007999999999999802e-03 -4.500999999999999793e-03 9.999879999999999880e-01 3.109439999999999982e-01 -9.504160000000000386e-01 -4.902000000000000107e-03 9.504259999999999931e-01 3.109500000000000042e-01 -5.090000000000000123e-04
2.000000000000000000e+01 1.500000000000000000e+01 4.000000000000000000e+00 0.000000000000000000e+00 1.600000000000000089e+00 1.214999999999999934e-03 -1.039999999999999936e-04 9.999989999999999712e-01 3.106320000000000192e-01 -9.505299999999999860e-01 -4.760000000000000234e-04 9.505299999999999860e-01 3.106320000000000192e-01 -1.121999999999999950e-03
2.700000000000000000e+01 1.500000000000000000e+01 4.000000000000000000e+00 0.000000000000000000e+00 1.600000000000000089e+00 -1.010000000000000020e-04 6.185999999999999659e-03 9.999810000000000088e-01 3.155029999999999779e-01 -9.489060000000000272e-01 5.902000000000000128e-03 9.489250000000000185e-01 3.154970000000000274e-01 -1.856000000000000011e-03
2.000000000000000000e+00 1.010000000000000000e+02 7.000000000000000000e+00 0.000000000000000000e+00 1.600000000000000089e+00 1.464000000000000024e-03 -2.742599999999999899e-02 9.996230000000000393e-01 8.915279999999999871e-01 4.528280000000000083e-01 1.111799999999999941e-02 -4.529619999999999758e-01 8.911759999999999682e-01 2.511400000000000091e-02
8.000000000000000000e+00 1.010000000000000000e+02 7.000000000000000000e+00 0.000000000000000000e+00 1.600000000000000089e+00 -1.159000000000000091e-03 -5.797000000000000069e-03 9.999829999999999552e-01 8.916100000000000136e-01 4.527900000000000258e-01 3.657999999999999793e-03 -4.528030000000000110e-01 8.915980000000000016e-01 4.643999999999999691e-03
2.600000000000000000e+01 1.010000000000000000e+02 7.000000000000000000e+00 0.000000000000000000e+00 1.600000000000000089e+00 4.459999999999999989e-04 -1.002999999999999985e-03 9.999989999999999712e-01 8.858949999999999880e-01 4.638849999999999918e-01 6.999999999999999387e-05 -4.638849999999999918e-01 8.858949999999999880e-01 1.095999999999999969e-03
4.000000000000000000e+00 2.500000000000000000e+01 8.000000000000000000e+00 0.000000000000000000e+00 1.600000000000000089e+00 -6.040000000000000447e-04 4.628000000000000169e-03 -9.999890000000000168e-01 4.441869999999999985e-01 8.959260000000000002e-01 3.877999999999999937e-03 8.959340000000000082e-01 -4.441789999999999905e-01 -2.595999999999999783e-03
8.000000000000000000e+00 2.500000000000000000e+01 8.000000000000000000e+00 0.000000000000000000e+00 1.600000000000000089e+00 -5.199999999999999680e-05 7.489999999999999913e-04 -1.000000000000000000e+00 4.437240000000000073e-01 8.961630000000000429e-01 6.489999999999999459e-04 8.961639999999999606e-01 -4.437240000000000073e-01 -3.789999999999999966e-04
1.500000000000000000e+01 2.500000000000000000e+01 8.000000000000000000e+00 0.000000000000000000e+00 1.600000000000000089e+00 1.789999999999999870e-04 -2.227999999999999946e-03 -9.999980000000000535e-01 4.451669999999999794e-01 8.954450000000000465e-01 -1.915000000000000036e-03 8.954469999999999930e-01 -4.451660000000000061e-01 1.152000000000000029e-03
1.800000000000000000e+01 2.500000000000000000e+01 8.000000000000000000e+00 0.000000000000000000e+00 1.600000000000000089e+00 -4.859999999999999954e-04 -7.476000000000000006e-03 -9.999719999999999720e-01 4.471640000000000059e-01 8.944260000000000543e-01 -6.904999999999999680e-03 8.944520000000000248e-01 -4.471539999999999959e-01 2.907999999999999995e-03
2.200000000000000000e+01 2.500000000000000000e+01 8.000000000000000000e+00 0.000000000000000000e+00 1.600000000000000089e+00 -2.099999999999999870e-03 -5.505000000000000344e-03 -9.999829999999999552e-01 4.481550000000000256e-01 8.939369999999999816e-01 -5.862000000000000023e-03 8.939540000000000264e-01 -4.481589999999999741e-01 5.900000000000000296e-04
2.600000000000000000e+01 2.500000000000000000e+01 8.000000000000000000e+00 0.000000000000000000e+00 1.600000000000000089e+00 -1.510000000000000057e-03 -9.070000000000000371e-04 -9.999980000000000535e-01 4.488050000000000095e-01 8.936279999999999779e-01 -1.487999999999999956e-03 8.936279999999999779e-01 -4.488070000000000115e-01 -9.430000000000000448e-04
2.900000000000000000e+01 2.500000000000000000e+01 8.000000000000000000e+00 0.000000000000000000e+00 1.600000000000000089e+00 -7.060000000000000303e-04 2.905000000000000030e-03 -9.999959999999999960e-01 4.497260000000000146e-01 8.931639999999999580e-01 2.276999999999999944e-03 8.931660000000000155e-01 -4.497220000000000106e-01 -1.936999999999999920e-03
5.000000000000000000e+00 2.400000000000000000e+01 9.000000000000000000e+00 0.000000000000000000e+00 1.600000000000000089e+00 -9.200000000000000007e-05 3.327999999999999795e-03 -9.999940000000000495e-01 4.496260000000000256e-01 8.932120000000000060e-01 2.931000000000000012e-03 8.932170000000000387e-01 -4.496240000000000236e-01 -1.579000000000000108e-03
1.100000000000000000e+01 2.400000000000000000e+01 9.000000000000000000e+00 0.000000000000000000e+00 1.600000000000000089e+00 1.240000000000000054e-04 2.128999999999999816e-03 -9.999980000000000535e-01 4.490569999999999840e-01 8.935009999999999897e-01 1.958000000000000105e-03 8.935030000000000472e-01 -4.490560000000000107e-01 -8.450000000000000479e-04
1.500000000000000000e+01 2.400000000000000000e+01 9.000000000000000000e+00 0.000000000000000000e+00 1.600000000000000089e+00 -2.439999999999999949e-04 -2.870999999999999854e-03 -9.999959999999999960e-01 4.507669999999999733e-01 8.926370000000000138e-01 -2.673000000000000029e-03 8.926410000000000178e-01 -4.507660000000000000e-01 1.075999999999999917e-03
1.800000000000000000e+01 2.400000000000000000e+01 9.000000000000000000e+00 0.000000000000000000e+00 1.600000000000000089e+00 -6.999999999999999929e-04 -7.706000000000000176e-03 -9.999700000000000255e-01 4.526160000000000183e-01 8.916770000000000529e-01 -7.189000000000000078e-03 8.917049999999999699e-01 -4.526069999999999816e-01 2.863999999999999792e-03
2.200000000000000000e+01 2.400000000000000000e+01 9.000000000000000000e+00 0.000000000000000000e+00 1.600000000000000089e+00 -1.760000000000000063e-03 -4.193999999999999811e-03 -9.999900000000000455e-01 4.536410000000000164e-01 8.911729999999999929e-01 -4.536000000000000101e-03 8.911829999999999474e-01 -4.536439999999999917e-01 3.339999999999999870e-04
2.700000000000000000e+01 2.400000000000000000e+01 9.000000000000000000e+00 0.000000000000000000e+00 1.600000000000000089e+00 -1.463000000000000108e-03 2.870000000000000155e-03 -9.999949999999999672e-01 4.546069999999999833e-01 8.906899999999999817e-01 1.891000000000000103e-03 8.906910000000000105e-01 -4.546020000000000061e-01 -2.608000000000000075e-03
3.000000000000000000e+01 2.400000000000000000e+01 9.000000000000000000e+00 0.000000000000000000e+00 1.600000000000000089e+00 -8.859999999999999603e-04 5.127999999999999746e-03 -9.999860000000000415e-01 4.551390000000000158e-01 8.904109999999999525e-01 4.161999999999999901e-03 8.904199999999999893e-01 -4.551290000000000058e-01 -3.122999999999999908e-03
2.400000000000000000e+01 3.100000000000000000e+01 1.200000000000000000e+01 0.000000000000000000e+00 1.600000000000000089e+00 2.079999999999999872e-04 -2.690000000000000117e-03 9.999959999999999960e-01 -8.300000000000000086e-04 9.999959999999999960e-01 2.690000000000000117e-03 -1.000000000000000000e+00 -8.310000000000000329e-04 2.049999999999999956e-04
9.000000000000000000e+00 3.000000000000000000e+00 1.300000000000000000e+01 0.000000000000000000e+00 1.600000000000000089e+00 2.723999999999999859e-03 1.377599999999999936e-01 9.904619999999999536e-01 -2.196400000000000088e-02 9.902349999999999763e-01 -1.376680000000000126e-01 -9.997549999999999493e-01 -2.137999999999999970e-02 5.723999999999999921e-03
1.900000000000000000e+01 3.200000000000000000e+01 1.400000000000000000e+01 0.000000000000000000e+00 1.600000000000000089e+00 1.990000000000000124e-04 -3.499999999999999693e-05 -1.000000000000000000e+00 1.084350000000000036e-01 9.941029999999999589e-01 -1.299999999999999920e-05 9.941029999999999589e-01 -1.084350000000000036e-01 2.020000000000000040e-04
3.000000000000000000e+01 3.200000000000000000e+01 1.400000000000000000e+01 0.000000000000000000e+00 1.600000000000000089e+00 -1.858999999999999975e-03 5.196000000000000098e-03 -9.999850000000000128e-01 1.043280000000000041e-01 9.945300000000000251e-01 4.974000000000000123e-03 9.945410000000000084e-01 -1.043179999999999941e-01 -2.390999999999999896e-03
4.000000000000000000e+00 1.200000000000000000e+01 1.500000000000000000e+01 0.000000000000000000e+00 1.600000000000000089e+00 -3.665999999999999988e-03 -3.229000000000000099e-03 -9.999879999999999880e-01 -4.682589999999999808e-01 -8.835790000000000033e-01 4.570000000000000277e-03 -8.835840000000000360e-01 4.682700000000000196e-01 1.727999999999999935e-03
8.000000000000000000e+00 1.200000000000000000e+01 1.500000000000000000e+01 0.000000000000000000e+00 1.600000000000000089e+00 -3.419000000000000164e-03 -2.382000000000000003e-03 -9.999909999999999632e-01 -4.677350000000000119e-01 -8.838610000000000078e-01 3.704999999999999960e-03 -8.838620000000000365e-01 4.677430000000000199e-01 1.907999999999999974e-03
1.200000000000000000e+01 1.200000000000000000e+01 1.500000000000000000e+01 0.000000000000000000e+00 1.600000000000000089e+00 -1.227999999999999925e-03 -8.566999999999999962e-03 -9.999630000000000463e-01 -4.662899999999999823e-01 -8.845939999999999914e-01 8.151000000000000259e-03 -8.846309999999999452e-01 4.662830000000000030e-01 -2.909000000000000127e-03
1.600000000000000000e+01 1.200000000000000000e+01 1.500000000000000000e+01 0.000000000000000000e+00 1.600000000000000089e+00 -2.079999999999999818e-03 -5.834999999999999909e-03 -9.999810000000000088e-01 -4.671529999999999849e-01 -8.841560000000000530e-01 6.131000000000000165e-03 -8.841740000000000155e-01 4.671560000000000157e-01 -8.869999999999999846e-04
1.900000000000000000e+01 1.200000000000000000e+01 1.500000000000000000e+01 0.000000000000000000e+00 1.600000000000000089e+00 -1.203999999999999992e-03 3.280000000000000038e-04 -9.999989999999999712e-01 -4.707540000000000058e-01 -8.822649999999999659e-01 2.770000000000000110e-04 -8.822640000000000482e-01 4.707540000000000058e-01 1.216000000000000067e-03
2.300000000000000000e+01 1.200000000000000000e+01 1.500000000000000000e+01 0.000000000000000000e+00 1.600000000000000089e+00 -6.809999999999999647e-04 -2.448999999999999788e-03 -9.999970000000000248e-01 -4.724160000000000026e-01 -8.813720000000000443e-01 2.480000000000000000e-03 -8.813750000000000195e-01 4.724160000000000026e-01 -5.569999999999999864e-04
5.000000000000000000e+00 1.160000000000000000e+02 1.600000000000000000e+01 0.000000000000000000e+00 1.600000000000000089e+00 -1.356999999999999916e-03 -1.835999999999999958e-03 9.999970000000000248e-01 7.293290000000000051e-01 6.841589999999999616e-01 2.246000000000000166e-03 -6.841620000000000479e-01 7.293300000000000338e-01 4.099999999999999912e-04
8.000000000000000000e+00 1.160000000000000000e+02 1.600000000000000000e+01 0.000000000000000000e+00 1.600000000000000089e+00 -1.124999999999999915e-03 -8.570000000000000144e-04 9.999989999999999712e-01 6.963249999999999718e-01 7.177249999999999464e-01 1.397999999999999937e-03 -7.177259999999999751e-01 6.963260000000000005e-01 -2.100000000000000087e-04
2.500000000000000000e+01 1.160000000000000000e+02 1.600000000000000000e+01 0.000000000000000000e+00 1.600000000000000089e+00 5.869999999999999567e-04 2.485999999999999929e-03 9.999970000000000248e-01 6.953359999999999541e-01 7.186820000000000430e-01 -2.194999999999999903e-03 -7.186850000000000183e-01 6.953350000000000364e-01 -1.307000000000000002e-03
1.000000000000000000e+00 2.000000000000000000e+00 1.900000000000000000e+01 0.000000000000000000e+00 1.600000000000000089e+00 6.453999999999999668e-03 -5.066000000000000190e-03 -9.999660000000000215e-01 2.350329999999999919e-01 -9.719659999999999966e-01 6.440999999999999677e-03 -9.719659999999999966e-01 -2.350659999999999972e-01 -5.081999999999999712e-03
5.000000000000000000e+00 2.000000000000000000e+00 1.900000000000000000e+01 0.000000000000000000e+00 1.600000000000000089e+00 6.277999999999999726e-03 -1.131199999999999914e-02 -9.999160000000000270e-01 2.255939999999999890e-01 -9.741419999999999524e-01 1.243700000000000014e-02 -9.742009999999999836e-01 -2.256529999999999925e-01 -3.563999999999999894e-03
2.000000000000000000e+01 2.000000000000000000e+00 1.900000000000000000e+01 0.000000000000000000e+00 1.600000000000000089e+00 7.439999999999999782e-04 1.933999999999999955e-03 -9.999980000000000535e-01 1.901919999999999999e-01 -9.817449999999999788e-01 -1.758000000000000014e-03 -9.817470000000000363e-01 -1.901899999999999979e-01 -1.098000000000000018e-03
2.700000000000000000e+01 2.000000000000000000e+00 1.900000000000000000e+01 0.000000000000000000e+00 1.600000000000000089e+00 2.505999999999999981e-03 2.677999999999999825e-03 -9.999930000000000208e-01 1.903360000000000052e-01 -9.817169999999999508e-01 -2.151999999999999833e-03 -9.817160000000000331e-01 -1.903289999999999982e-01 -2.969999999999999984e-03
3.000000000000000000e+00 1.300000000000000000e+01 2.000000000000000000e+01 0.000000000000000000e+00 1.600000000000000089e+00 1.577999999999999976e-03 6.718000000000000013e-03 9.999759999999999760e-01 2.616910000000000069e-01 9.651269999999999571e-01 -6.896000000000000220e-03 -9.651499999999999524e-01 2.616959999999999842e-01 -2.349999999999999930e-04
8.000000000000000000e+00 1.300000000000000000e+01 2.000000000000000000e+01 0.000000000000000000e+00 1.600000000000000089e+00 -8.080000000000000160e-04 3.693000000000000102e-03 9.999930000000000208e-01 2.631950000000000123e-01 9.647369999999999557e-01 -3.350000000000000113e-03 -9.647419999999999884e-01 2.631899999999999795e-01 -1.752000000000000085e-03
1.500000000000000000e+01 1.300000000000000000e+01 2.000000000000000000e+01 0.000000000000000000e+00 1.600000000000000089e+00 -1.269999999999999970e-04 -2.988000000000000204e-03 9.999949999999999672e-01 2.600390000000000201e-01 9.655939999999999523e-01 2.919000000000000154e-03 -9.655979999999999563e-01 2.600379999999999914e-01 6.539999999999999590e-04
2.100000000000000000e+01 1.300000000000000000e+01 2.000000000000000000e+01 0.000000000000000000e+00 1.600000000000000089e+00 -5.419999999999999471e-04 -3.527999999999999886e-03 9.999940000000000495e-01 2.609239999999999893e-01 9.653530000000000166e-01 3.546999999999999806e-03 -9.653589999999999671e-01 2.609239999999999893e-01 3.970000000000000005e-04
2.300000000000000000e+01 1.300000000000000000e+01 2.000000000000000000e+01 0.000000000000000000e+00 1.600000000000000089e+00 2.259999999999999910e-04 -1.087999999999999991e-03 9.999989999999999712e-01 2.608210000000000250e-01 9.653869999999999951e-01 9.909999999999999105e-04 -9.653869999999999951e-01 2.608210000000000250e-01 5.019999999999999506e-04
2.800000000000000000e+01 1.300000000000000000e+01 2.000000000000000000e+01 0.000000000000000000e+00 1.600000000000000089e+00 4.449999999999999746e-04 1.580000000000000024e-03 9.999989999999999712e-01 2.594509999999999872e-01 9.657550000000000301e-01 -1.642000000000000013e-03 -9.657559999999999478e-01 2.594520000000000159e-01 2.000000000000000164e-05
9.000000000000000000e+00 3.000000000000000000e+00 2.500000000000000000e+01 0.000000000000000000e+00 1.600000000000000089e+00 2.918000000000000021e-03 -1.979999999999999881e-04 9.999959999999999960e-01 -4.537100000000000161e-02 -9.989700000000000246e-01 -6.600000000000000506e-05 9.989660000000000206e-01 -4.537000000000000061e-02 -2.923999999999999950e-03
1.200000000000000000e+01 3.000000000000000000e+00 2.500000000000000000e+01 0.000000000000000000e+00 1.600000000000000089e+00 3.163000000000000013e-03 -2.829999999999999942e-04 9.999949999999999672e-01 -4.896500000000000158e-02 -9.988010000000000499e-01 -1.279999999999999942e-04 9.987960000000000171e-01 -4.896400000000000058e-02 -3.173000000000000039e-03
1.600000000000000000e+01 3.000000000000000000e+00 2.500000000000000000e+01 0.000000000000000000e+00 1.600000000000000089e+00 4.490000000000000176e-04 -4.243000000000000244e-03 9.999909999999999632e-01 -5.465300000000000019e-02 -9.984969999999999679e-01 -4.211999999999999598e-03 9.985049999999999759e-01 -5.465099999999999819e-02 -6.809999999999999647e-04
2.000000000000000000e+01 3.000000000000000000e+00 2.500000000000000000e+01 0.000000000000000000e+00 1.600000000000000089e+00 -8.850000000000000444e-04 2.639999999999999986e-03 9.999959999999999960e-01 -5.757999999999999924e-02 -9.983379999999999477e-01 2.583999999999999925e-03 9.983400000000000052e-01 -5.757700000000000318e-02 1.034999999999999896e-03
2.500000000000000000e+01 3.000000000000000000e+00 2.500000000000000000e+01 0.000000000000000000e+00 1.600000000000000089e+00 9.749999999999999552e-04 5.910000000000000323e-03 9.999820000000000375e-01 -5.867100000000000093e-02 -9.982600000000000362e-01 5.956999999999999622e-03 9.982769999999999699e-01 -5.867499999999999799e-02 -6.260000000000000373e-04
5.000000000000000000e+00 4.600000000000000000e+01 2.700000000000000000e+01 0.000000000000000000e+00 1.600000000000000089e+00 -6.830000000000000134e-04 2.036000000000000049e-03 -9.999980000000000535e-01 6.821739999999999471e-01 7.311889999999999779e-01 1.023000000000000038e-03 7.311889999999999779e-01 -6.821720000000000006e-01 -1.887999999999999921e-03
1.000000000000000000e+01 4.600000000000000000e+01 2.700000000000000000e+01 0.000000000000000000e+00 1.600000000000000089e+00 -1.230000000000000082e-04 -8.379999999999999862e-04 -1.000000000000000000e+00 6.795170000000000377e-01 7.336599999999999788e-01 -6.980000000000000527e-04 7.336599999999999788e-01 -6.795170000000000377e-01 4.789999999999999879e-04
2.000000000000000000e+01 4.600000000000000000e+01 2.700000000000000000e+01 0.000000000000000000e+00 1.600000000000000089e+00 -4.369999999999999970e-04 -5.100000000000000366e-04 -1.000000000000000000e+00 6.787549999999999972e-01 7.343640000000000168e-01 -6.710000000000000469e-04 7.343640000000000168e-01 -6.787560000000000260e-01 2.500000000000000120e-05
2.400000000000000000e+01 4.600000000000000000e+01 2.700000000000000000e+01 0.000000000000000000e+00 1.600000000000000089e+00 8.210000000000000067e-04 8.200000000000000095e-05 -1.000000000000000000e+00 6.782010000000000538e-01 7.348759999999999737e-01 6.170000000000000354e-04 7.348759999999999737e-01 -6.782019999999999715e-01 5.479999999999999845e-04
2.900000000000000000e+01 4.600000000000000000e+01 2.700000000000000000e+01 0.000000000000000000e+00 1.600000000000000089e+00 1.685000000000000083e-03 -1.369999999999999961e-04 -9.999989999999999712e-01 6.782529999999999948e-01 7.348280000000000367e-01 1.041999999999999958e-03 7.348259999999999792e-01 -6.782540000000000235e-01 1.330999999999999935e-03
5.000000000000000000e+00 4.600000000000000000e+01 3.000000000000000000e+01 0.000000000000000000e+00 1.600000000000000089e+00 -7.649999999999999465e-04 -7.659999999999999708e-04 -9.999989999999999712e-01 3.321640000000000148e-01 9.432209999999999761e-01 -9.770000000000000039e-04 9.432209999999999761e-01 -3.321649999999999880e-01 -4.670000000000000214e-04
1.400000000000000000e+01 4.600000000000000000e+01 3.000000000000000000e+01 0.000000000000000000e+00 1.600000000000000089e+00 1.320000000000000101e-04 -9.399999999999999719e-04 -1.000000000000000000e+00 3.317330000000000001e-01 9.433730000000000171e-01 -8.419999999999999750e-04 9.433730000000000171e-01 -3.317330000000000001e-01 4.360000000000000269e-04
4.000000000000000000e+00 5.800000000000000000e+01 3.100000000000000000e+01 0.000000000000000000e+00 1.600000000000000089e+00 -5.010000000000000347e-04 -4.046000000000000117e-03 9.999919999999999920e-01 -8.130060000000000064e-01 -5.822479999999999878e-01 -2.762999999999999831e-03 5.822549999999999670e-01 -8.130009999999999737e-01 -2.997000000000000098e-03
9.000000000000000000e+00 5.800000000000000000e+01 3.100000000000000000e+01 0.000000000000000000e+00 1.600000000000000089e+00 3.910000000000000172e-04 -5.472000000000000301e-03 9.999850000000000128e-01 -8.119119999999999671e-01 -5.837729999999999864e-01 -2.876999999999999783e-03 5.837799999999999656e-01 -8.118990000000000373e-01 -4.670999999999999805e-03
1.400000000000000000e+01 5.800000000000000000e+01 3.100000000000000000e+01 0.000000000000000000e+00 1.600000000000000089e+00 -2.526000000000000034e-03 -1.170000000000000033e-03 9.999959999999999960e-01 -8.092510000000000536e-01 -5.874559999999999782e-01 -2.732000000000000053e-03 5.874570000000000070e-01 -8.092549999999999466e-01 5.379999999999999583e-04
1.800000000000000000e+01 5.800000000000000000e+01 3.100000000000000000e+01 0.000000000000000000e+00 1.600000000000000089e+00 -2.638000000000000154e-03 -8.289999999999999843e-04 9.999959999999999960e-01 -8.102209999999999690e-01 -5.861189999999999456e-01 -2.622999999999999898e-03 5.861189999999999456e-01 -8.102249999999999730e-01 8.739999999999999939e-04
2.200000000000000000e+01 5.800000000000000000e+01 3.100000000000000000e+01 0.000000000000000000e+00 1.600000000000000089e+00 6.390000000000000280e-04 -3.037000000000000203e-03 9.999949999999999672e-01 -8.102190000000000225e-01 -5.861269999999999536e-01 -1.262000000000000101e-03 5.861279999999999824e-01 -8.102139999999999898e-01 -2.834999999999999847e-03
2.600000000000000000e+01 5.800000000000000000e+01 3.100000000000000000e+01 0.000000000000000000e+00 1.600000000000000089e+00 -1.804999999999999964e-03 7.299999999999999903e-05 9.999980000000000535e-01 -8.089060000000000139e-01 -5.879360000000000142e-01 -1.417000000000000074e-03 5.879349999999999854e-01 -8.089070000000000427e-01 1.119999999999999902e-03
6.000000000000000000e+00 6.000000000000000000e+00 3.200000000000000000e+01 0.000000000000000000e+00 1.600000000000000089e+00 -4.659999999999999971e-04 -4.107000000000000407e-03 -9.999909999999999632e-01 9.599000000000000588e-02 9.953739999999999810e-01 -4.133000000000000389e-03 9.953819999999999890e-01 -9.599100000000000688e-02 -6.899999999999999667e-05
1.000000000000000000e+01 6.000000000000000000e+00 3.200000000000000000e+01 0.000000000000000000e+00 1.600000000000000089e+00 -1.689999999999999879e-04 -4.590999999999999595e-03 -9.999890000000000168e-01 1.000410000000000049e-01 9.949729999999999963e-01 -4.584999999999999666e-03 9.949829999999999508e-01 -1.000400000000000039e-01 2.910000000000000260e-04
5.000000000000000000e+00 5.900000000000000000e+01 3.200000000000000000e+01 0.000000000000000000e+00 1.600000000000000089e+00 7.039999999999999817e-04 -2.629999999999999959e-04 1.000000000000000000e+00 -7.239839999999999609e-01 -6.898159999999999847e-01 3.280000000000000038e-04 6.898159999999999847e-01 -7.239839999999999609e-01 -6.759999999999999516e-04
2.000000000000000000e+00 4.600000000000000000e+01 3.500000000000000000e+01 0.000000000000000000e+00 1.600000000000000089e+00 1.552999999999999910e-03 -2.289999999999999935e-03 -9.999959999999999960e-01 3.907089999999999730e-01 -9.205100000000000504e-01 2.713999999999999833e-03 -9.205130000000000257e-01 -3.907120000000000037e-01 -5.349999999999999938e-04
7.000000000000000000e+00 4.600000000000000000e+01 3.500000000000000000e+01 0.000000000000000000e+00 1.600000000000000089e+00 -8.170000000000000179e-04 3.232000000000000064e-03 -9.999940000000000495e-01 3.905190000000000050e-01 -9.205889999999999906e-01 -3.294000000000000053e-03 -9.205940000000000234e-01 -3.905199999999999783e-01 -5.100000000000000366e-04
1.500000000000000000e+01 4.600000000000000000e+01 3.500000000000000000e+01 0.000000000000000000e+00 1.600000000000000089e+00 -4.870000000000000197e-04 -2.455000000000000151e-03 -9.999970000000000248e-01 3.902470000000000105e-01 -9.207079999999999709e-01 2.069999999999999792e-03 -9.207100000000000284e-01 -3.902450000000000085e-01 1.405999999999999915e-03
2.100000000000000000e+01 4.600000000000000000e+01 3.500000000000000000e+01 0.000000000000000000e+00 1.600000000000000089e+00 1.369999999999999961e-04 1.958000000000000105e-03 -9.999980000000000535e-01 3.922539999999999916e-01 -9.198549999999999782e-01 -1.747999999999999988e-03 -9.198570000000000357e-01 -3.922530000000000183e-01 -8.940000000000000464e-04
2.700000000000000000e+01 4.600000000000000000e+01 3.500000000000000000e+01 0.000000000000000000e+00 1.600000000000000089e+00 -8.400000000000000348e-04 2.599999999999999840e-05 -1.000000000000000000e+00 3.916510000000000269e-01 -9.201139999999999874e-01 -3.530000000000000152e-04 -9.201139999999999874e-01 -3.916510000000000269e-01 7.630000000000000063e-04
2.200000000000000000e+01 9.500000000000000000e+01 3.600000000000000000e+01 0.000000000000000000e+00 1.600000000000000089e+00 -8.108999999999999889e-03 -1.454999999999999913e-03 9.999660000000000215e-01 9.970750000000000446e-01 7.599499999999999311e-02 8.196000000000000160e-03 -7.600400000000000211e-02 9.971069999999999656e-01 8.350000000000000217e-04
2.800000000000000000e+01 9.500000000000000000e+01 3.600000000000000000e+01 0.000000000000000000e+00 1.600000000000000089e+00 2.628999999999999827e-03 -2.505100000000000035e-02 9.996829999999999883e-01 9.970390000000000086e-01 7.690099999999999714e-02 -6.949999999999999798e-04 -7.685899999999999677e-02 9.967240000000000544e-01 2.517899999999999999e-02
1.800000000000000000e+01 3.000000000000000000e+00 4.300000000000000000e+01 0.000000000000000000e+00 1.600000000000000089e+00 4.600000000000000004e-05 -8.038000000000000006e-03 -9.999679999999999680e-01 7.353990000000000249e-01 -6.776119999999999921e-01 5.479999999999999628e-03 -6.776339999999999586e-01 -7.353760000000000296e-01 5.879999999999999810e-03
2.400000000000000000e+01 3.000000000000000000e+00 4.300000000000000000e+01 0.000000000000000000e+00 1.600000000000000089e+00 -5.000000000000000104e-04 7.733000000000000290e-03 -9.999700000000000255e-01 7.364810000000000523e-01 -6.764350000000000085e-01 -5.598999999999999810e-03 -6.764580000000000037e-01 -7.364619999999999500e-01 -5.356999999999999783e-03
2.000000000000000000e+00 2.900000000000000000e+01 4.400000000000000000e+01 0.000000000000000000e+00 1.600000000000000089e+00 -6.750000000000000357e-04 3.278999999999999797e-03 -9.999940000000000495e-01 6.682649999999999979e-01 7.439210000000000544e-01 1.988999999999999883e-03 7.439230000000000009e-01 -6.682599999999999651e-01 -2.693000000000000081e-03
4.000000000000000000e+00 2.900000000000000000e+01 4.400000000000000000e+01 0.000000000000000000e+00 1.600000000000000089e+00 -9.590000000000000000e-04 3.348999999999999980e-03 -9.999940000000000495e-01 6.665910000000000446e-01 7.454210000000000003e-01 1.856999999999999927e-03 7.454229999999999468e-01 -6.665849999999999831e-01 -2.948000000000000100e-03
1.500000000000000000e+01 2.900000000000000000e+01 4.400000000000000000e+01 0.000000000000000000e+00 1.600000000000000089e+00 -2.629999999999999959e-04 -3.950000000000000061e-04 -1.000000000000000000e+00 6.678290000000000060e-01 7.443149999999999489e-01 -4.699999999999999859e-04 7.443149999999999489e-01 -6.678290000000000060e-01 6.799999999999999946e-05
2.100000000000000000e+01 2.900000000000000000e+01 4.400000000000000000e+01 0.000000000000000000e+00 1.600000000000000089e+00 2.485999999999999929e-03 -2.752999999999999805e-03 -9.999930000000000208e-01 6.752820000000000489e-01 7.375589999999999646e-01 -3.519999999999999908e-04 7.375549999999999606e-01 -6.752770000000000161e-01 3.691999999999999969e-03
2.400000000000000000e+01 2.900000000000000000e+01 4.400000000000000000e+01 0.000000000000000000e+00 1.600000000000000089e+00 1.296999999999999976e-03 -3.750999999999999994e-03 -9.999919999999999920e-01 6.716419999999999613e-01 7.408730000000000038e-01 -1.907999999999999974e-03 7.408749999999999503e-01 -6.716339999999999533e-01 3.480000000000000020e-03
3.000000000000000000e+01 2.900000000000000000e+01 4.400000000000000000e+01 0.000000000000000000e+00 1.600000000000000089e+00 -3.829999999999999854e-04 1.688999999999999963e-03 -9.999980000000000535e-01 6.661909999999999776e-01 7.457810000000000272e-01 1.005000000000000034e-03 7.457810000000000272e-01 -6.661899999999999489e-01 -1.410999999999999928e-03
3.000000000000000000e+00 5.000000000000000000e+00 5.100000000000000000e+01 0.000000000000000000e+00 1.600000000000000089e+00 -1.427000000000000100e-03 2.746000000000000177e-03 -9.999949999999999672e-01 4.833790000000000031e-01 -8.754049999999999887e-01 -3.092999999999999829e-03 -8.754100000000000215e-01 -4.833810000000000051e-01 -7.799999999999999859e-05
8.000000000000000000e+00 5.000000000000000000e+00 5.100000000000000000e+01 0.000000000000000000e+00 1.600000000000000089e+00 -4.809999999999999823e-04 -1.879999999999999890e-04 -1.000000000000000000e+00 4.859899999999999776e-01 -8.739639999999999631e-01 -6.999999999999999387e-05 -8.739639999999999631e-01 -4.859899999999999776e-01 5.119999999999999768e-04
1.800000000000000000e+01 5.000000000000000000e+00 5.100000000000000000e+01 0.000000000000000000e+00 1.600000000000000089e+00 -1.108999999999999960e-03 -2.533999999999999794e-03 -9.999959999999999960e-01 4.835820000000000118e-01 -8.752980000000000205e-01 1.681999999999999901e-03 -8.752990000000000492e-01 -4.835780000000000078e-01 2.196000000000000035e-03
2.600000000000000000e+01 5.000000000000000000e+00 5.100000000000000000e+01 0.000000000000000000e+00 1.600000000000000089e+00 1.154000000000000078e-03 1.134000000000000025e-03 -9.999989999999999712e-01 4.864879999999999760e-01 -8.736869999999999914e-01 -4.299999999999999894e-04 -8.736859999999999626e-01 -4.864870000000000028e-01 -1.559999999999999972e-03
1.100000000000000000e+01 6.000000000000000000e+00 5.100000000000000000e+01 0.000000000000000000e+00 1.600000000000000089e+00 5.609999999999999752e-04 -2.719999999999999979e-04 -1.000000000000000000e+00 3.198500000000000232e-01 -9.474679999999999769e-01 4.369999999999999970e-04 -9.474679999999999769e-01 -3.198500000000000232e-01 -4.440000000000000045e-04
2.000000000000000000e+00 1.150000000000000000e+02 5.100000000000000000e+01 0.000000000000000000e+00 1.600000000000000089e+00 1.897000000000000032e-03 -2.544999999999999953e-03 9.999949999999999672e-01 8.458400000000000363e-01 -5.334290000000000420e-01 -2.961999999999999789e-03 5.334339999999999637e-01 8.458409999999999540e-01 1.141000000000000087e-03
1.300000000000000000e+01 1.600000000000000000e+01 5.200000000000000000e+01 0.000000000000000000e+00 1.600000000000000089e+00 -1.640799999999999897e-02 -1.592700000000000018e-02 -9.997380000000000155e-01 7.812700000000000200e-01 6.237780000000000546e-01 -2.276099999999999998e-02 6.239770000000000039e-01 -7.814389999999999947e-01 2.207999999999999893e-03
1.500000000000000000e+01 1.600000000000000000e+01 5.200000000000000000e+01 0.000000000000000000e+00 1.600000000000000089e+00 -1.545799999999999952e-02 -2.322899999999999965e-02 -9.996110000000000273e-01 7.902949999999999697e-01 6.121560000000000334e-01 -2.644699999999999829e-02 6.125319999999999654e-01 -7.903959999999999875e-01 8.895000000000000129e-03
3.000000000000000000e+00 6.300000000000000000e+01 5.400000000000000000e+01 0.000000000000000000e+00 1.600000000000000089e+00 -4.800000000000000122e-05 4.739999999999999747e-04 1.000000000000000000e+00 -3.567670000000000008e-01 9.341930000000000511e-01 -4.600000000000000139e-04 -9.341930000000000511e-01 -3.567670000000000008e-01 1.240000000000000054e-04
1.400000000000000000e+01 6.300000000000000000e+01 5.400000000000000000e+01 0.000000000000000000e+00 1.600000000000000089e+00 -4.949999999999999973e-04 -1.778000000000000067e-03 9.999980000000000535e-01 -3.475880000000000081e-01 9.376459999999999795e-01 1.495000000000000018e-03 -9.376470000000000082e-01 -3.475860000000000061e-01 -1.082000000000000062e-03
1.900000000000000000e+01 6.300000000000000000e+01 5.400000000000000000e+01 0.000000000000000000e+00 1.600000000000000089e+00 1.123000000000000083e-03 -4.510000000000000120e-04 9.999989999999999712e-01 -3.416620000000000212e-01 9.398229999999999640e-01 8.080000000000000160e-04 -9.398220000000000462e-01 -3.416620000000000212e-01 9.009999999999999997e-04
2.400000000000000000e+01 6.300000000000000000e+01 5.400000000000000000e+01 0.000000000000000000e+00 1.600000000000000089e+00 2.259999999999999910e-04 4.569999999999999952e-04 1.000000000000000000e+00 -3.460250000000000270e-01 9.382249999999999757e-01 -3.510000000000000208e-04 -9.382249999999999757e-01 -3.460250000000000270e-01 3.699999999999999947e-04
2.900000000000000000e+01 6.300000000000000000e+01 5.400000000000000000e+01 0.000000000000000000e+00 1.600000000000000089e+00 2.539999999999999940e-04 6.239999999999999887e-04 1.000000000000000000e+00 -3.504929999999999990e-01 9.365649999999999809e-01 -4.949999999999999973e-04 -9.365649999999999809e-01 -3.504929999999999990e-01 4.560000000000000251e-04
1.000000000000000000e+00 2.500000000000000000e+01 5.500000000000000000e+01 0.000000000000000000e+00 1.600000000000000089e+00 6.369999999999999794e-04 3.197999999999999888e-03 -9.999949999999999672e-01 -1.525999999999999926e-02 -9.998780000000000445e-01 -3.207000000000000215e-03 -9.998829999999999663e-01 1.526199999999999952e-02 -5.879999999999999810e-04
6.000000000000000000e+00 2.500000000000000000e+01 5.500000000000000000e+01 0.000000000000000000e+00 1.600000000000000089e+00 1.539999999999999919e-03 2.919999999999999853e-03 -9.999949999999999672e-01 -1.213799999999999948e-02 -9.999219999999999775e-01 -2.939000000000000206e-03 -9.999249999999999527e-01 1.214200000000000002e-02 -1.503999999999999912e-03
2.200000000000000000e+01 2.500000000000000000e+01 5.500000000000000000e+01 0.000000000000000000e+00 1.600000000000000089e+00 1.240000000000000000e-03 2.069999999999999792e-03 -9.999970000000000248e-01 -8.661000000000000296e-03 -9.999599999999999600e-01 -2.080999999999999951e-03 -9.999620000000000175e-01 8.663000000000000561e-03 -1.221999999999999996e-03
2.000000000000000000e+01 6.800000000000000000e+01 5.700000000000000000e+01 0.000000000000000000e+00 1.600000000000000089e+00 6.040000000000000447e-04 3.625999999999999883e-03 -9.999930000000000208e-01 -2.426560000000000106e-01 -9.701060000000000239e-01 -3.664999999999999855e-03 -9.701119999999999743e-01 2.426560000000000106e-01 2.939999999999999905e-04
2.600000000000000000e+01 2.000000000000000000e+01 6.000000000000000000e+01 0.000000000000000000e+00 1.600000000000000089e+00 8.706000000000000197e-03 -1.780299999999999938e-02 9.998040000000000260e-01 -6.205399999999999805e-02 9.979050000000000420e-01 1.830899999999999889e-02 -9.980350000000000055e-01 -6.220099999999999935e-02 7.583000000000000330e-03
8.000000000000000000e+00 2.100000000000000000e+01 6.000000000000000000e+01 0.000000000000000000e+00 1.600000000000000089e+00 -8.400000000000000348e-04 -1.232999999999999938e-03 9.999989999999999712e-01 -9.782599999999999629e-02 9.952029999999999488e-01 1.144999999999999967e-03 -9.952029999999999488e-01 -9.782499999999999529e-02 -9.569999999999999514e-04
1.300000000000000000e+01 2.100000000000000000e+01 6.000000000000000000e+01 0.000000000000000000e+00 1.600000000000000089e+00 -2.935000000000000109e-03 -2.073999999999999889e-03 9.999940000000000495e-01 -9.673099999999999754e-02 9.953089999999999993e-01 1.781000000000000031e-03 -9.953060000000000240e-01 -9.672500000000000542e-02 -3.122000000000000209e-03
1.800000000000000000e+01 6.000000000000000000e+00 6.100000000000000000e+01 0.000000000000000000e+00 1.600000000000000089e+00 2.877999999999999916e-03 -6.568000000000000053e-03 9.999740000000000295e-01 5.688739999999999908e-01 -8.223949999999999871e-01 -7.039000000000000118e-03 8.224200000000000399e-01 5.688790000000000235e-01 1.368999999999999991e-03
6.000000000000000000e+00 3.000000000000000000e+00 6.300000000000000000e+01 0.000000000000000000e+00 1.600000000000000089e+00 -4.690000000000000158e-04 2.199000000000000000e-03 9.999970000000000248e-01 -6.151720000000000521e-01 7.883900000000000352e-01 -2.023000000000000059e-03 -7.883930000000000105e-01 -6.151710000000000234e-01 9.829999999999999329e-04
2.600000000000000000e+01 3.000000000000000000e+00 6.300000000000000000e+01 0.000000000000000000e+00 1.600000000000000089e+00 9.449999999999999850e-04 -2.262000000000000122e-03 9.999970000000000248e-01 -6.160619999999999985e-01 7.876940000000000053e-01 2.364000000000000216e-03 -7.876969999999999805e-01 -6.160619999999999985e-01 -6.489999999999999459e-04
3.000000000000000000e+00 2.700000000000000000e+01 6.300000000000000000e+01 0.000000000000000000e+00 1.600000000000000089e+00 3.750000000000000078e-04 -5.749999999999999903e-04 1.000000000000000000e+00 -2.701129999999999920e-01 9.628280000000000172e-01 6.539999999999999590e-04 -9.628290000000000459e-01 -2.701129999999999920e-01 2.049999999999999956e-04
8.000000000000000000e+00 2.700000000000000000e+01 6.300000000000000000e+01 0.000000000000000000e+00 1.600000000000000089e+00 -1.146000000000000100e-03 5.810000000000000277e-04 9.999989999999999712e-01 -2.700919999999999987e-01 9.628339999999999677e-01 -8.689999999999999808e-04 -9.628339999999999677e-01 -2.700919999999999987e-01 -9.470000000000000336e-04
1.300000000000000000e+01 2.700000000000000000e+01 6.300000000000000000e+01 0.000000000000000000e+00 1.600000000000000089e+00 -2.478000000000000168e-03 -4.185000000000000352e-03 9.999879999999999880e-01 -2.708740000000000037e-01 9.626090000000000479e-01 3.357000000000000175e-03 -9.626120000000000232e-01 -2.708619999999999917e-01 -3.517999999999999860e-03
1.700000000000000000e+01 2.700000000000000000e+01 6.300000000000000000e+01 0.000000000000000000e+00 1.600000000000000089e+00 -3.229999999999999907e-04 -5.869999999999999567e-04 1.000000000000000000e+00 -2.737169999999999881e-01 9.618100000000000538e-01 4.769999999999999934e-04 -9.618100000000000538e-01 -2.737169999999999881e-01 -4.719999999999999803e-04
2.300000000000000000e+01 2.700000000000000000e+01 6.300000000000000000e+01 0.000000000000000000e+00 1.600000000000000089e+00 -3.860000000000000041e-04 7.067999999999999630e-03 9.999749999999999472e-01 -2.704230000000000245e-01 9.627170000000000449e-01 -6.909000000000000211e-03 -9.627409999999999579e-01 -2.704190000000000205e-01 1.539999999999999919e-03
2.000000000000000000e+00 2.600000000000000000e+01 6.400000000000000000e+01 0.000000000000000000e+00 1.600000000000000089e+00 4.899999999999999842e-04 -8.729999999999999696e-04 1.000000000000000000e+00 -3.534900000000000264e-01 9.354379999999999917e-01 9.899999999999999946e-04 -9.354379999999999917e-01 -3.534900000000000264e-01 1.499999999999999869e-04
5.000000000000000000e+00 2.600000000000000000e+01 6.400000000000000000e+01 0.000000000000000000e+00 1.600000000000000089e+00 -6.799999999999999946e-05 -1.734000000000000081e-03 9.999989999999999712e-01 -3.544789999999999885e-01 9.350629999999999775e-01 1.596999999999999895e-03 -9.350640000000000063e-01 -3.544789999999999885e-01 -6.780000000000000002e-04
