4.000000000000000000e+00 2.500000000000000000e+01 1.000000000000000000e+00 0.000000000000000000e+00 1.600000000000000089e+00 9.730000000000000151e-04 3.929000000000000201e-03 -9.999919999999999920e-01 -5.208129999999999704e-01 -8.536620000000000319e-01 -3.860999999999999849e-03 -8.536700000000000399e-01 5.208120000000000527e-01 1.214999999999999934e-03
1.100000000000000000e+01 2.500000000000000000e+01 1.000000000000000000e+00 0.000000000000000000e+00 1.600000000000000089e+00 -1.463000000000000108e-03 2.492999999999999990e-03 -9.999959999999999960e-01 -5.246549999999999825e-01 -8.513140000000000152e-01 -1.355000000000000085e-03 -8.513140000000000152e-01 5.246499999999999497e-01 2.553000000000000148e-03
1.900000000000000000e+01 1.500000000000000000e+01 4.000000000000000000e+00 0.000000000000000000e+00 1.600000000000000089e+00 7.269999999999999987e-04 -1.382800000000000001e-02 9.999040000000000150e-01 3.803599999999999759e-01 -9.247459999999999569e-01 -1.306500000000000022e-02 9.248380000000000489e-01 3.803329999999999766e-01 4.588000000000000064e-03
2.800000000000000000e+01 1.500000000000000000e+01 4.000000000000000000e+00 0.000000000000000000e+00 1.600000000000000089e+00 -6.140999999999999757e-03 3.956300000000000094e-02 9.991980000000000306e-01 4.193230000000000013e-01 -9.070209999999999662e-01 3.849099999999999744e-02 9.078159999999999563e-01 4.192230000000000123e-01 -1.102000000000000028e-02
5.000000000000000000e+00 1.010000000000000000e+02 7.000000000000000000e+00 0.000000000000000000e+00 1.600000000000000089e+00 -2.482999999999999964e-03 2.896000000000000137e-03 9.999930000000000208e-01 8.848810000000000286e-01 4.658160000000000078e-01 8.490000000000000368e-04 -4.658100000000000018e-01 8.848770000000000246e-01 -3.719000000000000083e-03
8.000000000000000000e+00 1.010000000000000000e+02 7.000000000000000000e+00 0.000000000000000000e+00 1.600000000000000089e+00 -5.280000000000000405e-04 1.301000000000000073e-03 9.999989999999999712e-01 8.839770000000000127e-01 4.675309999999999744e-01 -1.420000000000000092e-04 -4.675309999999999744e-01 8.839759999999999840e-01 -1.397000000000000021e-03
2.300000000000000000e+01 1.010000000000000000e+02 7.000000000000000000e+00 0.000000000000000000e+00 1.600000000000000089e+00 2.396999999999999825e-03 -9.731000000000000066e-03 9.999500000000000055e-01 8.864549999999999930e-01 4.628079999999999972e-01 2.379000000000000038e-03 -4.628079999999999972e-01 8.864049999999999985e-01 9.735000000000000597e-03
1.600000000000000000e+01 1.500000000000000000e+01 8.000000000000000000e+00 0.000000000000000000e+00 1.600000000000000089e+00 -4.220000000000000118e-04 -2.432899999999999993e-02 -9.997040000000000370e-01 -6.186439999999999717e-01 -7.854330000000000478e-01 1.937600000000000086e-02 -7.856720000000000370e-01 6.184690000000000465e-01 -1.471899999999999945e-02
3.000000000000000000e+00 2.500000000000000000e+01 8.000000000000000000e+00 0.000000000000000000e+00 1.600000000000000089e+00 -1.054000000000000032e-03 -8.151999999999999524e-03 -9.999660000000000215e-01 4.432599999999999874e-01 8.963600000000000456e-01 -7.774999999999999793e-03 8.963929999999999954e-01 -4.432530000000000081e-01 2.668999999999999932e-03
9.000000000000000000e+00 2.500000000000000000e+01 8.000000000000000000e+00 0.000000000000000000e+00 1.600000000000000089e+00 9.990000000000001049e-04 2.948000000000000100e-03 -9.999949999999999672e-01 4.439939999999999998e-01 8.960249999999999604e-01 3.086000000000000201e-03 8.960289999999999644e-01 -4.439939999999999998e-01 -4.139999999999999800e-04
1.300000000000000000e+01 2.500000000000000000e+01 8.000000000000000000e+00 0.000000000000000000e+00 1.600000000000000089e+00 1.822999999999999968e-03 5.982000000000000338e-03 -9.999799999999999800e-01 4.429199999999999804e-01 8.965400000000000036e-01 6.171000000000000270e-03 8.965589999999999948e-01 -4.429230000000000111e-01 -1.015000000000000060e-03
1.700000000000000000e+01 2.500000000000000000e+01 8.000000000000000000e+00 0.000000000000000000e+00 1.600000000000000089e+00 1.479000000000000063e-03 -2.180000000000000134e-04 -9.999989999999999712e-01 4.415410000000000168e-01 8.972409999999999553e-01 4.580000000000000195e-04 8.972400000000000375e-01 -4.415419999999999900e-01 1.423000000000000003e-03
2.100000000000000000e+01 2.500000000000000000e+01 8.000000000000000000e+00 0.000000000000000000e+00 1.600000000000000089e+00 -5.230000000000000274e-04 -2.449999999999999921e-04 -1.000000000000000000e+00 4.404390000000000249e-01 8.977829999999999977e-01 -4.499999999999999877e-04 8.977819999999999689e-01 -4.404390000000000249e-01 -3.620000000000000171e-04
2.600000000000000000e+01 2.500000000000000000e+01 8.000000000000000000e+00 0.000000000000000000e+00 1.600000000000000089e+00 2.374999999999999941e-03 6.857000000000000248e-03 -9.999740000000000295e-01 4.383710000000000107e-01 8.987650000000000361e-01 7.204000000000000334e-03 8.987910000000000066e-01 -4.383770000000000167e-01 -8.720000000000000537e-04
3.000000000000000000e+00 2.400000000000000000e+01 9.000000000000000000e+00 0.000000000000000000e+00 1.600000000000000089e+00 -1.583999999999999905e-03 -7.437000000000000034e-03 -9.999710000000000543e-01 4.505330000000000168e-01 8.927289999999999948e-01 -7.353000000000000161e-03 8.927580000000000515e-01 -4.505319999999999880e-01 1.936999999999999920e-03
9.000000000000000000e+00 2.400000000000000000e+01 9.000000000000000000e+00 0.000000000000000000e+00 1.600000000000000089e+00 9.529999999999999626e-04 2.413999999999999913e-03 -9.999970000000000248e-01 4.512399999999999745e-01 8.923990000000000533e-01 2.583999999999999925e-03 8.924020000000000286e-01 -4.512410000000000032e-01 -2.380000000000000117e-04
1.500000000000000000e+01 2.400000000000000000e+01 9.000000000000000000e+00 0.000000000000000000e+00 1.600000000000000089e+00 2.138000000000000143e-03 4.658999999999999947e-03 -9.999869999999999592e-01 4.487459999999999782e-01 8.936439999999999939e-01 5.122999999999999950e-03 8.936570000000000347e-01 -4.487510000000000110e-01 -1.800000000000000113e-04
2.100000000000000000e+01 2.400000000000000000e+01 9.000000000000000000e+00 0.000000000000000000e+00 1.600000000000000089e+00 -2.020000000000000040e-04 -4.850000000000000253e-04 -1.000000000000000000e+00 4.468360000000000110e-01 8.946159999999999668e-01 -5.249999999999999676e-04 8.946159999999999668e-01 -4.468360000000000110e-01 3.600000000000000091e-05
2.700000000000000000e+01 2.400000000000000000e+01 9.000000000000000000e+00 0.000000000000000000e+00 1.600000000000000089e+00 2.614000000000000004e-03 5.078000000000000048e-03 -9.999839999999999840e-01 4.443420000000000147e-01 8.958390000000000519e-01 5.710999999999999931e-03 8.958540000000000392e-01 -4.443489999999999940e-01 8.500000000000000611e-05
2.800000000000000000e+01 7.000000000000000000e+00 1.000000000000000000e+01 0.000000000000000000e+00 1.600000000000000089e+00 5.589899999999999730e-02 2.795299999999999868e-02 -9.980449999999999600e-01 -9.764399999999999746e-01 -2.071350000000000136e-01 -6.049000000000000210e-02 -2.084209999999999952e-01 9.779130000000000322e-01 1.571600000000000080e-02
1.300000000000000000e+01 8.000000000000000000e+00 1.000000000000000000e+01 0.000000000000000000e+00 1.600000000000000089e+00 -1.583400000000000085e-01 -1.133269999999999972e-01 -9.808599999999999541e-01 -9.489229999999999610e-01 -2.570919999999999872e-01 1.828889999999999960e-01 -2.728979999999999739e-01 9.597189999999999888e-01 -6.683100000000000152e-02
8.000000000000000000e+00 3.100000000000000000e+01 1.200000000000000000e+01 0.000000000000000000e+00 1.600000000000000089e+00 1.448999999999999984e-03 -2.180000000000000134e-04 9.999989999999999712e-01 -1.181699999999999938e-02 9.999299999999999855e-01 2.349999999999999930e-04 -9.999289999999999567e-01 -1.181699999999999938e-02 1.446000000000000020e-03
1.900000000000000000e+01 3.100000000000000000e+01 1.200000000000000000e+01 0.000000000000000000e+00 1.600000000000000089e+00 -8.159999999999999936e-04 6.159000000000000412e-03 9.999810000000000088e-01 -4.562000000000000083e-03 9.999710000000000543e-01 -6.163000000000000075e-03 -9.999890000000000168e-01 -4.566999999999999879e-03 -7.879999999999999635e-04
4.000000000000000000e+00 3.500000000000000000e+01 1.200000000000000000e+01 0.000000000000000000e+00 1.600000000000000089e+00 -4.328000000000000250e-03 1.193400000000000016e-02 -9.999190000000000023e-01 5.052959999999999674e-01 -8.628559999999999564e-01 -1.248499999999999957e-02 -8.629350000000000076e-01 -5.053090000000000082e-01 -2.295999999999999864e-03
1.100000000000000000e+01 3.500000000000000000e+01 1.200000000000000000e+01 0.000000000000000000e+00 1.600000000000000089e+00 -4.734999999999999626e-03 1.720999999999999960e-02 -9.998409999999999798e-01 5.617339999999999556e-01 -8.271450000000000191e-01 -1.689799999999999983e-02 -8.273040000000000393e-01 -5.617250000000000298e-01 -5.751000000000000036e-03
5.000000000000000000e+00 1.200000000000000000e+01 1.600000000000000000e+01 0.000000000000000000e+00 1.600000000000000089e+00 2.930000000000000204e-04 -2.323499999999999871e-02 9.997300000000000075e-01 2.046590000000000076e-01 -9.785679999999999934e-01 -2.280300000000000035e-02 9.788329999999999531e-01 2.046099999999999863e-01 4.467999999999999750e-03
8.000000000000000000e+00 1.160000000000000000e+02 1.600000000000000000e+01 0.000000000000000000e+00 1.600000000000000089e+00 2.093999999999999941e-03 -4.600000000000000004e-05 9.999980000000000535e-01 7.679070000000000062e-01 6.405589999999999895e-01 -1.579000000000000108e-03 -6.405579999999999607e-01 7.679089999999999527e-01 1.376000000000000053e-03
1.800000000000000000e+01 1.160000000000000000e+02 1.600000000000000000e+01 0.000000000000000000e+00 1.600000000000000089e+00 3.899999999999999929e-04 4.929999999999999487e-04 1.000000000000000000e+00 7.620310000000000139e-01 6.475410000000000332e-01 -6.170000000000000354e-04 -6.475410000000000332e-01 7.620310000000000139e-01 -1.230000000000000082e-04
2.300000000000000000e+01 1.160000000000000000e+02 1.600000000000000000e+01 0.000000000000000000e+00 1.600000000000000089e+00 6.299999999999999990e-05 3.299999999999999982e-04 1.000000000000000000e+00 7.525680000000000147e-01 6.585149999999999615e-01 -2.640000000000000202e-04 -6.585149999999999615e-01 7.525680000000000147e-01 -2.069999999999999900e-04
2.700000000000000000e+01 1.160000000000000000e+02 1.600000000000000000e+01 0.000000000000000000e+00 1.600000000000000089e+00 -7.389999999999999651e-04 -1.521000000000000000e-03 9.999989999999999712e-01 7.566349999999999465e-01 6.538350000000000550e-01 1.554000000000000043e-03 -6.538370000000000015e-01 7.566349999999999465e-01 6.679999999999999740e-04
3.000000000000000000e+01 1.160000000000000000e+02 1.600000000000000000e+01 0.000000000000000000e+00 1.600000000000000089e+00 -1.077999999999999965e-03 5.509999999999999490e-04 9.999989999999999712e-01 7.572269999999999834e-01 6.531519999999999548e-01 4.569999999999999952e-04 -6.531510000000000371e-01 7.572269999999999834e-01 -1.121000000000000035e-03
1.100000000000000000e+01 2.000000000000000000e+00 1.900000000000000000e+01 0.000000000000000000e+00 1.600000000000000089e+00 7.407000000000000389e-03 -5.866299999999999987e-02 -9.982499999999999707e-01 3.411069999999999935e-01 -9.382540000000000324e-01 5.766899999999999804e-02 -9.399950000000000250e-01 -3.409369999999999901e-01 1.306099999999999969e-02
1.800000000000000000e+01 2.000000000000000000e+00 1.900000000000000000e+01 0.000000000000000000e+00 1.600000000000000089e+00 7.212999999999999794e-03 -6.456900000000000139e-02 -9.978869999999999685e-01 3.677000000000000268e-01 -9.278290000000000148e-01 6.269299999999999873e-02 -9.299169999999999936e-01 -3.673750000000000071e-01 1.704900000000000165e-02
2.500000000000000000e+01 2.000000000000000000e+00 1.900000000000000000e+01 0.000000000000000000e+00 1.600000000000000089e+00 4.840000000000000010e-04 1.056999999999999953e-02 -9.999440000000000550e-01 3.640439999999999787e-01 -9.313320000000000487e-01 -9.667999999999999511e-03 -9.313820000000000432e-01 -3.640189999999999815e-01 -4.297999999999999737e-03
3.000000000000000000e+00 3.000000000000000000e+00 1.900000000000000000e+01 0.000000000000000000e+00 1.600000000000000089e+00 6.059999999999999849e-04 1.454000000000000084e-02 -9.998939999999999495e-01 3.139529999999999821e-01 -9.493409999999999904e-01 -1.361500000000000037e-02 -9.494380000000000042e-01 -3.139109999999999956e-01 -5.139999999999999604e-03
2.900000000000000000e+01 3.000000000000000000e+00 1.900000000000000000e+01 0.000000000000000000e+00 1.600000000000000089e+00 2.128000000000000117e-03 2.609699999999999867e-02 -9.996570000000000178e-01 3.381790000000000074e-01 -9.407799999999999496e-01 -2.384000000000000008e-02 -9.410789999999999988e-01 -3.380130000000000079e-01 -1.082800000000000082e-02
3.000000000000000000e+00 4.000000000000000000e+00 2.000000000000000000e+01 0.000000000000000000e+00 1.600000000000000089e+00 8.469999999999999881e-04 1.535000000000000080e-02 -9.998820000000000485e-01 3.799069999999999947e-01 -9.249209999999999932e-01 -1.387700000000000045e-02 -9.250239999999999574e-01 -3.798500000000000210e-01 -6.615000000000000220e-03
7.000000000000000000e+00 4.000000000000000000e+00 2.000000000000000000e+01 0.000000000000000000e+00 1.600000000000000089e+00 4.442999999999999901e-03 -1.159100000000000061e-02 -9.999230000000000063e-01 3.803799999999999959e-01 -9.247469999999999857e-01 1.240999999999999916e-02 -9.248199999999999754e-01 -3.804049999999999931e-01 2.999999999999999737e-04
2.000000000000000000e+00 1.300000000000000000e+01 2.000000000000000000e+01 0.000000000000000000e+00 1.600000000000000089e+00 1.505000000000000044e-03 2.275999999999999811e-03 9.999959999999999960e-01 2.737870000000000026e-01 9.617869999999999475e-01 -2.601000000000000013e-03 -9.617890000000000050e-01 2.737899999999999778e-01 8.239999999999999712e-04
7.000000000000000000e+00 1.300000000000000000e+01 2.000000000000000000e+01 0.000000000000000000e+00 1.600000000000000089e+00 7.050000000000000060e-04 -3.300000000000000253e-05 1.000000000000000000e+00 2.693389999999999951e-01 9.630450000000000399e-01 -1.579999999999999916e-04 -9.630450000000000399e-01 2.693389999999999951e-01 6.870000000000000022e-04
1.300000000000000000e+01 1.300000000000000000e+01 2.000000000000000000e+01 0.000000000000000000e+00 1.600000000000000089e+00 4.229999999999999819e-04 1.157999999999999958e-03 9.999989999999999712e-01 2.594940000000000024e-01 9.657440000000000468e-01 -1.227999999999999925e-03 -9.657440000000000468e-01 2.594949999999999757e-01 1.079999999999999960e-04
2.100000000000000000e+01 1.300000000000000000e+01 2.000000000000000000e+01 0.000000000000000000e+00 1.600000000000000089e+00 6.009999999999999717e-04 8.245999999999999858e-03 9.999660000000000215e-01 2.610689999999999955e-01 9.652859999999999774e-01 -8.116999999999999216e-03 -9.653199999999999559e-01 2.610649999999999915e-01 -1.572999999999999962e-03
2.500000000000000000e+01 1.300000000000000000e+01 2.000000000000000000e+01 0.000000000000000000e+00 1.600000000000000089e+00 -6.610000000000000207e-04 -2.602999999999999845e-03 9.999959999999999960e-01 2.613249999999999740e-01 9.652469999999999661e-01 2.686000000000000019e-03 -9.652509999999999701e-01 2.613260000000000027e-01 4.199999999999999768e-05
2.500000000000000000e+01 1.600000000000000000e+01 2.100000000000000000e+01 0.000000000000000000e+00 1.600000000000000089e+00 -1.673999999999999924e-03 -5.176000000000000045e-03 9.999850000000000128e-01 2.986880000000000090e-01 9.543350000000000444e-01 5.440000000000000391e-03 -9.543490000000000029e-01 2.986929999999999863e-01 -5.099999999999999960e-05
2.200000000000000000e+01 2.000000000000000000e+00 2.500000000000000000e+01 0.000000000000000000e+00 1.600000000000000089e+00 2.337000000000000102e-03 -9.206000000000000641e-03 9.999550000000000383e-01 6.821399999999999686e-02 -9.976270000000000415e-01 -9.343999999999999875e-03 9.976679999999999993e-01 6.823200000000000098e-02 -1.704000000000000003e-03
3.000000000000000000e+00 3.000000000000000000e+00 2.500000000000000000e+01 0.000000000000000000e+00 1.600000000000000089e+00 -2.272000000000000148e-03 1.757399999999999934e-02 9.998430000000000373e-01 -3.764499999999999791e-02 -9.991379999999999706e-01 1.747599999999999848e-02 9.992889999999999828e-01 -3.759900000000000048e-02 2.931000000000000012e-03
8.000000000000000000e+00 3.000000000000000000e+00 2.500000000000000000e+01 0.000000000000000000e+00 1.600000000000000089e+00 1.523999999999999964e-03 -1.808200000000000085e-02 9.998350000000000293e-01 -1.711599999999999927e-02 -9.996909999999999963e-01 -1.805299999999999960e-02 9.998519999999999630e-01 -1.708499999999999949e-02 -1.832999999999999994e-03
1.300000000000000000e+01 3.000000000000000000e+00 2.500000000000000000e+01 0.000000000000000000e+00 1.600000000000000089e+00 9.114999999999999838e-03 -4.975399999999999961e-02 9.987200000000000522e-01 2.706899999999999931e-02 -9.983830000000000204e-01 -4.998400000000000065e-02 9.995920000000000361e-01 2.749000000000000055e-02 -7.753000000000000343e-03
2.100000000000000000e+01 3.000000000000000000e+00 2.500000000000000000e+01 0.000000000000000000e+00 1.600000000000000089e+00 1.958000000000000105e-03 -1.299799999999999914e-02 9.999139999999999695e-01 -1.321300000000000079e-02 -9.998289999999999678e-01 -1.297099999999999989e-02 9.999109999999999943e-01 -1.318700000000000080e-02 -2.128999999999999816e-03
2.700000000000000000e+01 3.000000000000000000e+00 2.500000000000000000e+01 0.000000000000000000e+00 1.600000000000000089e+00 1.394999999999999973e-03 6.314000000000000168e-03 9.999789999999999512e-01 -2.067000000000000087e-02 -9.997660000000000435e-01 6.341000000000000282e-03 9.997850000000000348e-01 -2.067799999999999847e-02 -1.263999999999999933e-03
1.600000000000000000e+01 4.600000000000000000e+01 2.700000000000000000e+01 0.000000000000000000e+00 1.600000000000000089e+00 3.400000000000000244e-04 2.497000000000000088e-03 -9.999970000000000248e-01 6.728929999999999634e-01 7.397369999999999779e-01 2.076000000000000154e-03 7.397399999999999531e-01 -6.728920000000000456e-01 -1.428000000000000016e-03
2.500000000000000000e+01 4.600000000000000000e+01 2.700000000000000000e+01 0.000000000000000000e+00 1.600000000000000089e+00 -6.399999999999999710e-05 -2.640000000000000202e-04 -1.000000000000000000e+00 6.795259999999999634e-01 7.336510000000000531e-01 -2.380000000000000117e-04 7.336510000000000531e-01 -6.795259999999999634e-01 1.320000000000000101e-04
2.000000000000000000e+00 5.800000000000000000e+01 3.100000000000000000e+01 0.000000000000000000e+00 1.600000000000000089e+00 -5.820999999999999786e-03 8.500000000000000611e-05 9.999829999999999552e-01 -7.608120000000000438e-01 -6.489570000000000061e-01 -4.373000000000000151e-03 6.489460000000000228e-01 -7.608249999999999735e-01 3.841999999999999929e-03
6.000000000000000000e+00 5.800000000000000000e+01 3.100000000000000000e+01 0.000000000000000000e+00 1.600000000000000089e+00 -4.346000000000000037e-03 -5.291999999999999829e-03 9.999770000000000048e-01 -7.628779999999999450e-01 -6.465070000000000539e-01 -6.735999999999999800e-03 6.465279999999999916e-01 -7.628890000000000393e-01 -1.227000000000000009e-03
2.400000000000000000e+01 5.800000000000000000e+01 3.100000000000000000e+01 0.000000000000000000e+00 1.600000000000000089e+00 -3.942000000000000191e-03 -8.885999999999999802e-03 9.999529999999999808e-01 -7.970260000000000122e-01 -6.038850000000000051e-01 -8.507999999999999938e-03 6.039320000000000244e-01 -7.970220000000000082e-01 -4.701999999999999583e-03
1.300000000000000000e+01 2.300000000000000000e+01 3.400000000000000000e+01 0.000000000000000000e+00 1.600000000000000089e+00 -1.216000000000000067e-03 6.246999999999999949e-03 9.999799999999999800e-01 4.069749999999999757e-01 -9.134179999999999522e-01 6.200999999999999915e-03 9.134379999999999722e-01 4.069740000000000024e-01 -1.431999999999999896e-03
5.000000000000000000e+00 4.600000000000000000e+01 3.500000000000000000e+01 0.000000000000000000e+00 1.600000000000000089e+00 5.929999999999999941e-04 3.517000000000000161e-03 -9.999940000000000495e-01 3.903900000000000148e-01 -9.206450000000000466e-01 -3.005999999999999991e-03 -9.206490000000000506e-01 -3.903860000000000108e-01 -1.918999999999999916e-03
1.200000000000000000e+01 4.600000000000000000e+01 3.500000000000000000e+01 0.000000000000000000e+00 1.600000000000000089e+00 2.999999999999999737e-04 1.090999999999999956e-03 -9.999989999999999712e-01 3.901950000000000141e-01 -9.207319999999999949e-01 -8.869999999999999846e-04 -9.207319999999999949e-01 -3.901950000000000141e-01 -7.020000000000000415e-04
1.800000000000000000e+01 4.600000000000000000e+01 3.500000000000000000e+01 0.000000000000000000e+00 1.600000000000000089e+00 2.018999999999999961e-03 2.935000000000000109e-03 -9.999940000000000495e-01 3.894299999999999984e-01 -9.210540000000000393e-01 -1.917000000000000084e-03 -9.210540000000000393e-01 -3.894230000000000191e-01 -3.003000000000000027e-03
2.300000000000000000e+01 4.600000000000000000e+01 3.500000000000000000e+01 0.000000000000000000e+00 1.600000000000000089e+00 -1.296000000000000060e-03 -2.152999999999999966e-03 -9.999970000000000248e-01 3.898380000000000178e-01 -9.208819999999999784e-01 1.477000000000000014e-03 -9.208830000000000071e-01 -3.898349999999999871e-01 2.033000000000000085e-03
2.700000000000000000e+01 4.600000000000000000e+01 3.500000000000000000e+01 0.000000000000000000e+00 1.600000000000000089e+00 -1.201000000000000028e-03 -9.070000000000000371e-04 -9.999989999999999712e-01 3.895279999999999854e-01 -9.210139999999999993e-01 3.680000000000000003e-04 -9.210139999999999993e-01 -3.895270000000000121e-01 1.459999999999999926e-03
4.000000000000000000e+00 2.900000000000000000e+01 4.400000000000000000e+01 0.000000000000000000e+00 1.600000000000000089e+00 -1.962999999999999901e-03 -4.477000000000000077e-03 -9.999879999999999880e-01 6.531379999999999963e-01 7.572250000000000369e-01 -4.673000000000000070e-03 7.572360000000000202e-01 -6.531390000000000251e-01 1.436999999999999909e-03
9.000000000000000000e+00 2.900000000000000000e+01 4.400000000000000000e+01 0.000000000000000000e+00 1.600000000000000089e+00 -7.190000000000000210e-04 -3.687999999999999872e-03 -9.999930000000000208e-01 6.576579999999999648e-01 7.533100000000000351e-01 -3.250999999999999984e-03 7.533159999999999856e-01 -6.576560000000000183e-01 1.884000000000000041e-03
1.400000000000000000e+01 2.900000000000000000e+01 4.400000000000000000e+01 0.000000000000000000e+00 1.600000000000000089e+00 4.730000000000000046e-04 5.090000000000000123e-04 -1.000000000000000000e+00 6.561320000000000485e-01 7.546460000000000390e-01 6.949999999999999798e-04 7.546460000000000390e-01 -6.561320000000000485e-01 2.300000000000000002e-05
2.000000000000000000e+01 2.900000000000000000e+01 4.400000000000000000e+01 0.000000000000000000e+00 1.600000000000000089e+00 4.972999999999999990e-03 4.547999999999999959e-03 -9.999770000000000048e-01 6.603919999999999790e-01 7.508920000000000039e-01 6.700000000000000226e-03 7.509050000000000447e-01 -6.604100000000000525e-01 7.299999999999999632e-04
2.500000000000000000e+01 2.900000000000000000e+01 4.400000000000000000e+01 0.000000000000000000e+00 1.600000000000000089e+00 -2.131000000000000082e-03 2.621000000000000066e-03 -9.999940000000000495e-01 6.583689999999999820e-01 7.526950000000000029e-01 5.699999999999999772e-04 7.526920000000000277e-01 -6.583639999999999493e-01 -3.330000000000000061e-03
2.000000000000000000e+00 5.000000000000000000e+00 5.100000000000000000e+01 0.000000000000000000e+00 1.600000000000000089e+00 -1.709999999999999932e-03 9.284999999999999851e-03 -9.999550000000000383e-01 4.877400000000000069e-01 -8.729430000000000245e-01 -8.940000000000000030e-03 -8.729879999999999862e-01 -4.877330000000000276e-01 -3.036000000000000070e-03
9.000000000000000000e+00 5.000000000000000000e+00 5.100000000000000000e+01 0.000000000000000000e+00 1.600000000000000089e+00 1.214999999999999934e-03 -2.047000000000000208e-03 -9.999970000000000248e-01 4.865840000000000165e-01 -8.736300000000000177e-01 2.380000000000000171e-03 -8.736329999999999929e-01 -4.865860000000000185e-01 -6.600000000000000506e-05
1.700000000000000000e+01 1.150000000000000000e+02 5.100000000000000000e+01 0.000000000000000000e+00 1.600000000000000089e+00 -2.919999999999999961e-04 -4.356999999999999762e-03 9.999900000000000455e-01 8.443789999999999907e-01 -5.357420000000000515e-01 -2.086999999999999880e-03 5.357460000000000555e-01 8.443709999999999827e-01 3.836000000000000000e-03
6.000000000000000000e+00 7.000000000000000000e+00 5.200000000000000000e+01 0.000000000000000000e+00 1.600000000000000089e+00 1.224000000000000045e-03 -2.965999999999999887e-03 -9.999949999999999672e-01 1.243900000000000006e-01 -9.922290000000000276e-01 3.095000000000000095e-03 -9.922330000000000316e-01 -1.243930000000000036e-01 -8.450000000000000479e-04
1.100000000000000000e+01 6.300000000000000000e+01 5.400000000000000000e+01 0.000000000000000000e+00 1.600000000000000089e+00 -2.590000000000000071e-04 -1.485999999999999908e-03 9.999989999999999712e-01 -3.484459999999999780e-01 9.373280000000000500e-01 1.302999999999999905e-03 -9.373289999999999678e-01 -3.484450000000000047e-01 -7.609999999999999577e-04
1.500000000000000000e+01 6.300000000000000000e+01 5.400000000000000000e+01 0.000000000000000000e+00 1.600000000000000089e+00 -1.227000000000000009e-03 1.789999999999999870e-04 9.999989999999999712e-01 -3.497520000000000073e-01 9.368419999999999526e-01 -5.969999999999999829e-04 -9.368419999999999526e-01 -3.497520000000000073e-01 -1.087000000000000076e-03
2.000000000000000000e+01 6.300000000000000000e+01 5.400000000000000000e+01 0.000000000000000000e+00 1.600000000000000089e+00 1.310000000000000129e-04 2.786999999999999981e-03 9.999959999999999960e-01 -3.496770000000000156e-01 9.368670000000000053e-01 -2.565000000000000006e-03 -9.368699999999999806e-01 -3.496750000000000136e-01 1.098000000000000018e-03
2.600000000000000000e+01 6.300000000000000000e+01 5.400000000000000000e+01 0.000000000000000000e+00 1.600000000000000089e+00 1.407000000000000048e-03 7.140000000000000079e-04 9.999989999999999712e-01 -3.539470000000000116e-01 9.352660000000000418e-01 -1.700000000000000122e-04 -9.352639999999999842e-01 -3.539459999999999829e-01 1.569000000000000082e-03
1.300000000000000000e+01 2.500000000000000000e+01 5.500000000000000000e+01 0.000000000000000000e+00 1.600000000000000089e+00 -3.860000000000000041e-04 1.399999999999999986e-03 -9.999989999999999712e-01 -1.188099999999999920e-02 -9.999280000000000390e-01 -1.394999999999999973e-03 -9.999289999999999567e-01 1.188099999999999920e-02 4.029999999999999837e-04
2.800000000000000000e+01 2.500000000000000000e+01 5.500000000000000000e+01 0.000000000000000000e+00 1.600000000000000089e+00 -3.400000000000000244e-04 2.249999999999999830e-03 -9.999970000000000248e-01 -1.358400000000000059e-02 -9.999050000000000438e-01 -2.246000000000000166e-03 -9.999080000000000190e-01 1.358299999999999959e-02 3.699999999999999947e-04
1.900000000000000000e+01 6.800000000000000000e+01 5.700000000000000000e+01 0.000000000000000000e+00 1.600000000000000089e+00 2.420000000000000005e-04 -4.954000000000000070e-03 -9.999879999999999880e-01 -2.416850000000000109e-01 -9.703429999999999556e-01 4.748999999999999749e-03 -9.703549999999999676e-01 2.416800000000000059e-01 -1.431999999999999896e-03
2.000000000000000000e+00 2.000000000000000000e+01 6.000000000000000000e+01 0.000000000000000000e+00 1.600000000000000089e+00 -1.796999999999999986e-03 8.954000000000000153e-03 9.999580000000000135e-01 -6.208199999999999830e-02 9.980299999999999727e-01 -9.048000000000000487e-03 -9.980689999999999840e-01 -6.209599999999999842e-02 -1.237999999999999951e-03
1.300000000000000000e+01 2.000000000000000000e+01 6.000000000000000000e+01 0.000000000000000000e+00 1.600000000000000089e+00 4.290000000000000193e-04 -8.772000000000000283e-03 9.999609999999999888e-01 -6.330500000000000016e-02 9.979559999999999542e-01 8.781999999999999876e-03 -9.979940000000000477e-01 -6.330600000000000116e-02 -1.269999999999999970e-04
1.000000000000000000e+00 2.100000000000000000e+01 6.000000000000000000e+01 0.000000000000000000e+00 1.600000000000000089e+00 -2.386999999999999799e-03 1.407199999999999944e-02 9.998979999999999535e-01 -9.421799999999999620e-02 9.954499999999999460e-01 -1.423400000000000012e-02 -9.955490000000000173e-01 -9.424200000000000632e-02 -1.049999999999999935e-03
6.000000000000000000e+00 2.100000000000000000e+01 6.000000000000000000e+01 0.000000000000000000e+00 1.600000000000000089e+00 -8.739999999999999939e-04 3.569999999999999823e-03 9.999930000000000208e-01 -9.446400000000000630e-02 9.955220000000000180e-01 -3.637000000000000042e-03 -9.955279999999999685e-01 -9.446599999999999442e-02 -5.320000000000000293e-04
2.000000000000000000e+01 2.100000000000000000e+01 6.000000000000000000e+01 0.000000000000000000e+00 1.600000000000000089e+00 -7.200000000000000453e-04 5.506999999999999743e-03 9.999850000000000128e-01 -9.526300000000000046e-02 9.954370000000000163e-01 -5.551000000000000378e-03 -9.954520000000000035e-01 -9.526600000000000346e-02 -1.930000000000000021e-04
2.600000000000000000e+01 2.100000000000000000e+01 6.000000000000000000e+01 0.000000000000000000e+00 1.600000000000000089e+00 6.800000000000000488e-04 -7.564999999999999676e-03 9.999710000000000543e-01 -9.648800000000000432e-02 9.953049999999999953e-01 7.595000000000000188e-03 -9.953340000000000520e-01 -9.649000000000000632e-02 -5.300000000000000078e-05
1.300000000000000000e+01 6.700000000000000000e+01 6.000000000000000000e+01 0.000000000000000000e+00 1.600000000000000089e+00 -8.130000000000000291e-04 -3.946999999999999988e-03 9.999919999999999920e-01 1.733260000000000078e-01 -9.848569999999999824e-01 -3.746000000000000198e-03 9.848639999999999617e-01 1.733220000000000038e-01 1.484999999999999992e-03
2.100000000000000000e+01 6.700000000000000000e+01 6.000000000000000000e+01 0.000000000000000000e+00 1.600000000000000089e+00 -1.358000000000000049e-03 -3.184999999999999897e-03 9.999940000000000495e-01 1.749729999999999897e-01 -9.845690000000000275e-01 -2.897999999999999968e-03 9.845720000000000027e-01 1.749680000000000124e-01 1.894999999999999983e-03
5.000000000000000000e+00 2.700000000000000000e+01 6.300000000000000000e+01 0.000000000000000000e+00 1.600000000000000089e+00 -5.439999999999999957e-04 -7.600000000000000418e-05 1.000000000000000000e+00 -2.751830000000000109e-01 9.613920000000000243e-01 -7.700000000000000139e-05 -9.613920000000000243e-01 -2.751830000000000109e-01 -5.439999999999999957e-04
1.500000000000000000e+01 2.700000000000000000e+01 6.300000000000000000e+01 0.000000000000000000e+00 1.600000000000000089e+00 -4.040000000000000080e-04 -7.470000000000000511e-04 1.000000000000000000e+00 -2.746290000000000120e-01 9.615500000000000158e-01 6.080000000000000335e-04 -9.615500000000000158e-01 -2.746290000000000120e-01 -5.940000000000000184e-04
2.000000000000000000e+01 2.700000000000000000e+01 6.300000000000000000e+01 0.000000000000000000e+00 1.600000000000000089e+00 -1.064999999999999974e-03 -2.099000000000000171e-03 9.999970000000000248e-01 -2.755279999999999951e-01 9.612920000000000353e-01 1.724000000000000055e-03 -9.612929999999999531e-01 -2.755250000000000199e-01 -1.601999999999999908e-03
6.000000000000000000e+00 2.600000000000000000e+01 6.400000000000000000e+01 0.000000000000000000e+00 1.600000000000000089e+00 -9.929999999999999591e-04 -9.970000000000000563e-04 9.999989999999999712e-01 -3.644009999999999749e-01 9.312420000000000142e-01 5.659999999999999884e-04 -9.312420000000000142e-01 -3.644000000000000017e-01 -1.288000000000000082e-03
1.200000000000000000e+01 2.600000000000000000e+01 6.400000000000000000e+01 0.000000000000000000e+00 1.600000000000000089e+00 -1.069999999999999988e-04 -8.319999999999999488e-04 1.000000000000000000e+00 -3.650660000000000016e-01 9.309819999999999762e-01 7.360000000000000006e-04 -9.309819999999999762e-01 -3.650649999999999729e-01 -4.029999999999999837e-04
1.600000000000000000e+01 2.600000000000000000e+01 6.400000000000000000e+01 0.000000000000000000e+00 1.600000000000000089e+00 6.299999999999999990e-05 -1.361000000000000014e-03 9.999989999999999712e-01 -3.683660000000000267e-01 9.296799999999999509e-01 1.288999999999999998e-03 -9.296809999999999796e-01 -3.683660000000000267e-01 -4.429999999999999802e-04
2.000000000000000000e+01 2.600000000000000000e+01 6.400000000000000000e+01 0.000000000000000000e+00 1.600000000000000089e+00 -1.062000000000000010e-03 -1.583999999999999905e-03 9.999980000000000535e-01 -3.682849999999999735e-01 9.297119999999999829e-01 1.080999999999999930e-03 -9.297130000000000116e-01 -3.682830000000000270e-01 -1.570999999999999914e-03
1.100000000000000000e+01 6.900000000000000000e+01 6.600000000000000000e+01 0.000000000000000000e+00 1.600000000000000089e+00 -1.005999999999999950e-03 -1.497000000000000067e-03 9.999980000000000535e-01 -9.556360000000000410e-01 2.945510000000000073e-01 -5.209999999999999788e-04 -2.945499999999999785e-01 -9.556350000000000122e-01 -1.727000000000000019e-03
2.400000000000000000e+01 6.900000000000000000e+01 6.600000000000000000e+01 0.000000000000000000e+00 1.600000000000000089e+00 1.690000000000000096e-03 1.252000000000000075e-03 9.999980000000000535e-01 -9.536379999999999857e-01 3.009539999999999993e-01 1.234999999999999987e-03 -3.009510000000000240e-01 -9.536379999999999857e-01 1.703000000000000087e-03
3.000000000000000000e+00 2.500000000000000000e+01 7.300000000000000000e+01 0.000000000000000000e+00 1.600000000000000089e+00 -1.551000000000000078e-03 -5.986000000000000001e-03 9.999810000000000088e-01 7.516129999999999756e-01 -6.595980000000000176e-01 -2.782000000000000185e-03 6.596020000000000216e-01 7.515950000000000131e-01 5.521999999999999999e-03
6.000000000000000000e+00 2.500000000000000000e+01 7.300000000000000000e+01 0.000000000000000000e+00 1.600000000000000089e+00 -4.240000000000000062e-04 -4.984999999999999848e-03 9.999869999999999592e-01 7.534290000000000154e-01 -6.575220000000000509e-01 -2.958000000000000126e-03 6.575290000000000301e-01 7.534189999999999499e-01 4.034000000000000259e-03
1.100000000000000000e+01 2.500000000000000000e+01 7.300000000000000000e+01 0.000000000000000000e+00 1.600000000000000089e+00 5.240000000000000517e-04 -6.780000000000000002e-04 1.000000000000000000e+00 7.545049999999999812e-01 -6.562940000000000440e-01 -8.409999999999999507e-04 6.562940000000000440e-01 7.545049999999999812e-01 1.669999999999999935e-04
1.800000000000000000e+01 2.500000000000000000e+01 7.300000000000000000e+01 0.000000000000000000e+00 1.600000000000000089e+00 -7.150000000000000322e-04 1.123999999999999999e-03 9.999989999999999712e-01 7.572269999999999834e-01 -6.531500000000000083e-01 1.275000000000000092e-03 6.531510000000000371e-01 7.572269999999999834e-01 -3.840000000000000097e-04
2.300000000000000000e+01 2.500000000000000000e+01 7.300000000000000000e+01 0.000000000000000000e+00 1.600000000000000089e+00 1.639000000000000049e-03 1.214999999999999934e-03 9.999980000000000535e-01 7.573499999999999677e-01 -6.530089999999999506e-01 -4.479999999999999933e-04 6.530070000000000041e-01 7.573490000000000499e-01 -1.991000000000000148e-03
2.800000000000000000e+01 2.500000000000000000e+01 7.300000000000000000e+01 0.000000000000000000e+00 1.600000000000000089e+00 -2.590000000000000071e-04 7.730000000000000326e-04 1.000000000000000000e+00 7.598449999999999926e-01 -6.501040000000000152e-01 6.999999999999999929e-04 6.501050000000000439e-01 7.598449999999999926e-01 -4.189999999999999931e-04
3.000000000000000000e+00 4.400000000000000000e+01 7.300000000000000000e+01 0.000000000000000000e+00 1.600000000000000089e+00 1.596999999999999895e-03 6.099000000000000254e-03 9.999799999999999800e-01 5.388199999999999934e-02 -9.985289999999999999e-01 6.004999999999999921e-03 9.985460000000000447e-01 5.387100000000000222e-02 -1.923000000000000013e-03
9.000000000000000000e+00 4.400000000000000000e+01 7.300000000000000000e+01 0.000000000000000000e+00 1.600000000000000089e+00 1.062000000000000010e-03 2.722000000000000027e-03 9.999959999999999960e-01 5.622400000000000314e-02 -9.984150000000000524e-01 2.658000000000000206e-03 9.984180000000000277e-01 5.622100000000000014e-02 -1.213000000000000102e-03
1.600000000000000000e+01 4.400000000000000000e+01 7.300000000000000000e+01 0.000000000000000000e+00 1.600000000000000089e+00 -6.199999999999999999e-04 -3.288999999999999823e-03 9.999940000000000495e-01 5.412200000000000344e-02 -9.985289999999999999e-01 -3.249999999999999851e-03 9.985340000000000327e-01 5.411900000000000044e-02 7.969999999999999654e-04
2.000000000000000000e+01 4.400000000000000000e+01 7.300000000000000000e+01 0.000000000000000000e+00 1.600000000000000089e+00 6.930000000000000396e-04 -2.618000000000000101e-03 9.999959999999999960e-01 5.392099999999999671e-02 -9.985420000000000407e-01 -2.651000000000000145e-03 9.985450000000000159e-01 5.392299999999999871e-02 -5.500000000000000331e-04
2.500000000000000000e+01 4.400000000000000000e+01 7.300000000000000000e+01 0.000000000000000000e+00 1.600000000000000089e+00 4.200000000000000174e-04 5.029999999999999749e-04 1.000000000000000000e+00 5.785699999999999871e-02 -9.983250000000000179e-01 4.780000000000000178e-04 9.983250000000000179e-01 5.785599999999999771e-02 -4.479999999999999933e-04
4.000000000000000000e+00 9.100000000000000000e+01 7.600000000000000000e+01 0.000000000000000000e+00 1.600000000000000089e+00 2.449999999999999921e-04 1.203000000000000076e-03 9.999989999999999712e-01 3.255930000000000213e-01 -9.455090000000000439e-01 1.057999999999999913e-03 9.455099999999999616e-01 3.255930000000000213e-01 -6.229999999999999644e-04
8.000000000000000000e+00 9.100000000000000000e+01 7.600000000000000000e+01 0.000000000000000000e+00 1.600000000000000089e+00 -6.149999999999999868e-04 -8.689999999999999808e-04 1.000000000000000000e+00 3.205700000000000216e-01 -9.472249999999999837e-01 -6.260000000000000373e-04 9.472249999999999837e-01 3.205700000000000216e-01 8.610000000000000032e-04
1.100000000000000000e+01 9.100000000000000000e+01 7.600000000000000000e+01 0.000000000000000000e+00 1.600000000000000089e+00 1.500000000000000038e-05 -2.113999999999999994e-03 9.999980000000000535e-01 3.155020000000000047e-01 -9.489229999999999610e-01 -2.011000000000000201e-03 9.489250000000000185e-01 3.155020000000000047e-01 6.520000000000000188e-04
1.800000000000000000e+01 9.100000000000000000e+01 7.600000000000000000e+01 0.000000000000000000e+00 1.600000000000000089e+00 -2.118999999999999790e-03 1.291999999999999963e-03 9.999970000000000248e-01 3.114129999999999954e-01 -9.502730000000000343e-01 1.887999999999999921e-03 9.502720000000000056e-01 3.114160000000000261e-01 1.611999999999999935e-03
2.200000000000000000e+01 9.100000000000000000e+01 7.600000000000000000e+01 0.000000000000000000e+00 1.600000000000000089e+00 -2.680000000000000090e-04 -1.590000000000000050e-03 9.999989999999999712e-01 3.203329999999999789e-01 -9.473040000000000349e-01 -1.420000000000000038e-03 9.473049999999999526e-01 3.203320000000000056e-01 7.640000000000000306e-04
2.700000000000000000e+01 9.100000000000000000e+01 7.600000000000000000e+01 0.000000000000000000e+00 1.600000000000000089e+00 2.501999999999999884e-03 -3.319999999999999926e-04 9.999970000000000248e-01 3.224040000000000239e-01 -9.466010000000000257e-01 -1.121000000000000035e-03 9.465989999999999682e-01 3.224060000000000259e-01 -2.262000000000000122e-03
2.200000000000000000e+01 1.020000000000000000e+02 8.200000000000000000e+01 0.000000000000000000e+00 1.600000000000000089e+00 -9.009999999999999997e-04 -3.201999999999999985e-03 -9.999949999999999672e-01 -6.377650000000000263e-01 7.702290000000000525e-01 -1.891000000000000103e-03 7.702309999999999990e-01 6.377589999999999648e-01 -2.736000000000000151e-03
