3.000000000000000000e+00 1.600000000000000000e+01 4.000000000000000000e+00 0.000000000000000000e+00 1.600000000000000089e+00 -1.502999999999999996e-03 2.740099999999999827e-02 9.996230000000000393e-01 3.390889999999999738e-01 -9.403869999999999729e-01 2.628700000000000134e-02 9.407529999999999504e-01 3.390000000000000235e-01 -7.877999999999999586e-03
7.000000000000000000e+00 1.600000000000000000e+01 4.000000000000000000e+00 0.000000000000000000e+00 1.600000000000000089e+00 -2.814000000000000095e-03 2.614500000000000157e-02 9.996540000000000425e-01 3.351600000000000135e-01 -9.418140000000000400e-01 2.557600000000000151e-02 9.421570000000000222e-01 3.351160000000000250e-01 -6.112000000000000245e-03
1.400000000000000000e+01 1.600000000000000000e+01 4.000000000000000000e+00 0.000000000000000000e+00 1.600000000000000089e+00 -2.396999999999999825e-03 1.157900000000000075e-02 9.999299999999999855e-01 3.228570000000000051e-01 -9.463749999999999662e-01 1.173199999999999937e-02 9.464449999999999807e-01 3.228619999999999823e-01 -1.469999999999999953e-03
2.100000000000000000e+01 1.600000000000000000e+01 4.000000000000000000e+00 0.000000000000000000e+00 1.600000000000000089e+00 -1.030000000000000100e-03 1.474699999999999969e-02 9.998909999999999743e-01 3.159750000000000059e-01 -9.486599999999999477e-01 1.431699999999999987e-02 9.487670000000000270e-01 3.159549999999999859e-01 -3.683000000000000076e-03
2.700000000000000000e+01 1.600000000000000000e+01 4.000000000000000000e+00 0.000000000000000000e+00 1.600000000000000089e+00 -2.770000000000000110e-04 3.712000000000000022e-03 9.999930000000000208e-01 3.213050000000000073e-01 -9.469689999999999497e-01 3.603999999999999999e-03 9.469760000000000399e-01 3.213039999999999785e-01 -9.309999999999999699e-04
3.000000000000000000e+00 1.010000000000000000e+02 7.000000000000000000e+00 0.000000000000000000e+00 1.600000000000000089e+00 -5.460000000000000443e-04 8.708999999999999728e-03 9.999620000000000175e-01 8.867730000000000334e-01 4.621910000000000185e-01 -3.540999999999999877e-03 -4.622049999999999770e-01 8.867369999999999974e-01 -7.974999999999999450e-03
1.800000000000000000e+01 1.010000000000000000e+02 7.000000000000000000e+00 0.000000000000000000e+00 1.600000000000000089e+00 2.079999999999999872e-04 1.655999999999999920e-03 9.999989999999999712e-01 8.899420000000000108e-01 4.560730000000000062e-01 -9.399999999999999719e-04 -4.560739999999999794e-01 8.899409999999999821e-01 -1.379000000000000017e-03
2.400000000000000000e+01 1.010000000000000000e+02 7.000000000000000000e+00 0.000000000000000000e+00 1.600000000000000089e+00 -1.610000000000000103e-04 -3.959999999999999762e-04 1.000000000000000000e+00 8.899939999999999518e-01 4.559719999999999884e-01 3.240000000000000150e-04 -4.559719999999999884e-01 8.899939999999999518e-01 2.790000000000000054e-04
2.000000000000000000e+00 1.500000000000000000e+01 8.000000000000000000e+00 0.000000000000000000e+00 1.600000000000000089e+00 9.544000000000000400e-03 2.178899999999999934e-02 -9.997169999999999668e-01 -5.726679999999999549e-01 -8.194559999999999622e-01 -2.332800000000000151e-02 -8.197320000000000162e-01 5.727280000000000149e-01 4.656999999999999681e-03
7.000000000000000000e+00 1.500000000000000000e+01 8.000000000000000000e+00 0.000000000000000000e+00 1.600000000000000089e+00 1.054399999999999955e-02 2.592699999999999866e-02 -9.996080000000000521e-01 -5.711600000000000010e-01 -8.203850000000000309e-01 -2.730300000000000088e-02 -8.207710000000000283e-01 5.712239999999999540e-01 6.159000000000000412e-03
1.200000000000000000e+01 1.500000000000000000e+01 8.000000000000000000e+00 0.000000000000000000e+00 1.600000000000000089e+00 6.432000000000000217e-03 1.713299999999999892e-02 -9.998329999999999718e-01 -5.677309999999999857e-01 -8.230229999999999491e-01 -1.775499999999999995e-02 -8.231889999999999485e-01 5.677499999999999769e-01 4.433999999999999574e-03
1.000000000000000000e+01 2.600000000000000000e+01 8.000000000000000000e+00 0.000000000000000000e+00 1.600000000000000089e+00 -6.243000000000000285e-03 -1.135300000000000024e-02 -9.999160000000000270e-01 4.226750000000000229e-01 9.061890000000000223e-01 -1.292800000000000026e-02 9.062599999999999545e-01 -4.227199999999999847e-01 -8.589999999999999546e-04
1.400000000000000000e+01 2.600000000000000000e+01 8.000000000000000000e+00 0.000000000000000000e+00 1.600000000000000089e+00 -4.919999999999999894e-03 -1.081099999999999943e-02 -9.999289999999999567e-01 4.235510000000000108e-01 9.057939999999999880e-01 -1.187799999999999967e-02 9.058589999999999698e-01 -4.235800000000000121e-01 1.219999999999999974e-04
1.900000000000000000e+01 2.600000000000000000e+01 8.000000000000000000e+00 0.000000000000000000e+00 1.600000000000000089e+00 -4.899999999999999842e-04 -6.603000000000000362e-03 -9.999780000000000335e-01 4.234669999999999823e-01 9.058910000000000018e-01 -6.189000000000000057e-03 9.059120000000000505e-01 -4.234600000000000031e-01 2.351999999999999924e-03
2.600000000000000000e+01 2.600000000000000000e+01 8.000000000000000000e+00 0.000000000000000000e+00 1.600000000000000089e+00 -1.515999999999999986e-03 5.503000000000000079e-03 -9.999839999999999840e-01 4.230970000000000009e-01 9.060740000000000460e-01 4.344999999999999904e-03 9.060829999999999718e-01 -4.230829999999999869e-01 -3.701999999999999996e-03
1.200000000000000000e+01 1.400000000000000000e+01 9.000000000000000000e+00 0.000000000000000000e+00 1.600000000000000089e+00 6.589000000000000239e-03 1.943800000000000042e-02 -9.997890000000000388e-01 -5.613479999999999581e-01 -8.273439999999999683e-01 -1.978399999999999950e-02 -8.275540000000000118e-01 5.613599999999999701e-01 5.459999999999999576e-03
1.800000000000000000e+01 1.400000000000000000e+01 9.000000000000000000e+00 0.000000000000000000e+00 1.600000000000000089e+00 4.662999999999999610e-03 1.200400000000000078e-02 -9.999169999999999447e-01 -5.595280000000000253e-01 -8.287170000000000369e-01 -1.255799999999999972e-02 -8.287989999999999524e-01 5.595400000000000373e-01 2.851999999999999934e-03
2.300000000000000000e+01 1.400000000000000000e+01 9.000000000000000000e+00 0.000000000000000000e+00 1.600000000000000089e+00 1.314999999999999980e-03 8.654999999999999499e-03 -9.999620000000000175e-01 -5.574700000000000211e-01 -8.301589999999999803e-01 -7.917999999999999691e-03 -8.301960000000000450e-01 5.574590000000000378e-01 3.733000000000000207e-03
2.600000000000000000e+01 1.400000000000000000e+01 9.000000000000000000e+00 0.000000000000000000e+00 1.600000000000000089e+00 1.070999999999999903e-03 3.930000000000000117e-04 -9.999989999999999712e-01 -5.567680000000000407e-01 -8.306670000000000442e-01 -9.229999999999999923e-04 -8.306670000000000442e-01 5.567689999999999584e-01 -6.710000000000000469e-04
3.000000000000000000e+01 1.400000000000000000e+01 9.000000000000000000e+00 0.000000000000000000e+00 1.600000000000000089e+00 1.577999999999999976e-03 2.262000000000000122e-03 -9.999959999999999960e-01 -5.556330000000000435e-01 -8.314230000000000231e-01 -2.758000000000000035e-03 -8.314259999999999984e-01 5.556349999999999900e-01 -5.500000000000000196e-05
6.000000000000000000e+00 2.400000000000000000e+01 9.000000000000000000e+00 0.000000000000000000e+00 1.600000000000000089e+00 -9.280000000000000054e-03 -2.414099999999999926e-02 -9.996650000000000258e-01 4.761790000000000189e-01 8.789740000000000331e-01 -2.564699999999999966e-02 8.792999999999999705e-01 -4.762569999999999859e-01 3.337999999999999821e-03
2.800000000000000000e+01 1.020000000000000000e+02 9.000000000000000000e+00 0.000000000000000000e+00 1.600000000000000089e+00 -1.765999999999999992e-03 -2.039000000000000014e-03 9.999959999999999960e-01 9.249380000000000379e-01 3.801109999999999767e-01 2.407999999999999984e-03 -3.801140000000000074e-01 9.249389999999999556e-01 1.214999999999999934e-03
3.000000000000000000e+00 3.100000000000000000e+01 1.200000000000000000e+01 0.000000000000000000e+00 1.600000000000000089e+00 -5.929999999999999941e-04 -8.344999999999999987e-03 9.999649999999999928e-01 -2.394699999999999954e-02 9.996789999999999843e-01 8.328999999999999598e-03 -9.997129999999999628e-01 -2.394100000000000047e-02 -7.929999999999999766e-04
5.000000000000000000e+00 3.500000000000000000e+01 1.200000000000000000e+01 0.000000000000000000e+00 1.600000000000000089e+00 -2.549000000000000050e-03 -2.171000000000000187e-03 -9.999940000000000495e-01 4.789300000000000224e-01 -8.778529999999999944e-01 6.849999999999999535e-04 -8.778489999999999904e-01 -4.789249999999999896e-01 3.276999999999999965e-03
1.400000000000000000e+01 3.500000000000000000e+01 1.200000000000000000e+01 0.000000000000000000e+00 1.600000000000000089e+00 2.944000000000000002e-03 8.050000000000000515e-04 -9.999949999999999672e-01 4.671339999999999937e-01 -8.841860000000000275e-01 6.629999999999999609e-04 -8.841809999999999947e-01 -4.671339999999999937e-01 -2.978999999999999877e-03
2.200000000000000000e+01 3.200000000000000000e+01 1.400000000000000000e+01 0.000000000000000000e+00 1.600000000000000089e+00 2.272000000000000148e-03 -4.749999999999999990e-04 -9.999970000000000248e-01 1.100909999999999944e-01 9.939219999999999722e-01 -2.220000000000000022e-04 9.939189999999999969e-01 -1.100899999999999934e-01 2.309999999999999987e-03
3.000000000000000000e+01 3.200000000000000000e+01 1.400000000000000000e+01 0.000000000000000000e+00 1.600000000000000089e+00 -1.889899999999999913e-02 4.805899999999999755e-02 -9.986660000000000537e-01 1.066310000000000036e-01 9.932440000000000158e-01 4.578000000000000125e-02 9.941189999999999749e-01 -1.056229999999999947e-01 -2.389600000000000057e-02
3.000000000000000000e+00 1.200000000000000000e+01 1.500000000000000000e+01 0.000000000000000000e+00 1.600000000000000089e+00 7.177000000000000220e-03 1.592100000000000112e-02 -9.998470000000000413e-01 -4.683160000000000101e-01 -8.833889999999999798e-01 -1.742799999999999905e-02 -8.835319999999999840e-01 4.683700000000000085e-01 1.116000000000000021e-03
7.000000000000000000e+00 1.200000000000000000e+01 1.500000000000000000e+01 0.000000000000000000e+00 1.600000000000000089e+00 7.476000000000000006e-03 1.380800000000000083e-02 -9.998770000000000158e-01 -4.685710000000000153e-01 -8.832860000000000156e-01 -1.570099999999999968e-02 -8.833940000000000126e-01 4.686310000000000198e-01 -1.330000000000000073e-04
2.300000000000000000e+01 1.200000000000000000e+01 1.500000000000000000e+01 0.000000000000000000e+00 1.600000000000000089e+00 2.569000000000000103e-03 5.569999999999999864e-04 -9.999970000000000248e-01 -4.650360000000000049e-01 -8.852900000000000214e-01 -1.688000000000000047e-03 -8.852879999999999638e-01 4.650380000000000069e-01 -2.014999999999999864e-03
1.700000000000000000e+01 1.160000000000000000e+02 1.600000000000000000e+01 0.000000000000000000e+00 1.600000000000000089e+00 -2.037999999999999881e-03 -3.755000000000000091e-03 9.999909999999999632e-01 6.795639999999999459e-01 7.336049999999999516e-01 4.139999999999999583e-03 -7.336139999999999883e-01 6.795660000000000034e-01 1.056999999999999997e-03
3.000000000000000000e+00 2.000000000000000000e+00 1.900000000000000000e+01 0.000000000000000000e+00 1.600000000000000089e+00 1.637000000000000000e-03 1.628200000000000133e-02 -9.998660000000000325e-01 1.597250000000000059e-01 -9.870349999999999957e-01 -1.581199999999999967e-02 -9.871600000000000374e-01 -1.596779999999999866e-01 -4.217000000000000262e-03
1.000000000000000000e+01 2.000000000000000000e+00 1.900000000000000000e+01 0.000000000000000000e+00 1.600000000000000089e+00 2.880999999999999880e-03 2.200999999999999832e-03 -9.999930000000000208e-01 1.397690000000000043e-01 -9.901830000000000354e-01 -1.776999999999999934e-03 -9.901799999999999491e-01 -1.397629999999999983e-01 -3.160000000000000048e-03
2.100000000000000000e+01 2.000000000000000000e+00 1.900000000000000000e+01 0.000000000000000000e+00 1.600000000000000089e+00 3.322999999999999999e-03 -5.433999999999999594e-03 -9.999799999999999800e-01 1.290620000000000100e-01 -9.916190000000000282e-01 5.818000000000000255e-03 -9.916310000000000402e-01 -1.290789999999999993e-01 -2.592999999999999819e-03
2.500000000000000000e+01 2.000000000000000000e+00 1.900000000000000000e+01 0.000000000000000000e+00 1.600000000000000089e+00 -3.159999999999999832e-04 -1.536000000000000039e-03 -9.999989999999999712e-01 1.253670000000000062e-01 -9.921090000000000186e-01 1.484000000000000076e-03 -9.921100000000000474e-01 -1.253670000000000062e-01 5.069999999999999637e-04
4.000000000000000000e+00 1.300000000000000000e+01 2.000000000000000000e+01 0.000000000000000000e+00 1.600000000000000089e+00 -1.005999999999999950e-03 -7.780999999999999722e-03 9.999689999999999968e-01 2.542880000000000140e-01 9.670969999999999844e-01 7.780999999999999722e-03 -9.671279999999999877e-01 2.542880000000000140e-01 1.005000000000000034e-03
9.000000000000000000e+00 1.300000000000000000e+01 2.000000000000000000e+01 0.000000000000000000e+00 1.600000000000000089e+00 1.701000000000000038e-03 1.659999999999999963e-04 9.999989999999999712e-01 2.521729999999999805e-01 9.676820000000000421e-01 -5.900000000000000296e-04 -9.676810000000000134e-01 2.521729999999999805e-01 1.603999999999999957e-03
1.400000000000000000e+01 1.300000000000000000e+01 2.000000000000000000e+01 0.000000000000000000e+00 1.600000000000000089e+00 2.325999999999999943e-03 4.721000000000000370e-03 9.999860000000000415e-01 2.493750000000000133e-01 9.683929999999999483e-01 -5.152000000000000329e-03 -9.684040000000000425e-01 2.493829999999999936e-01 1.075000000000000001e-03
2.200000000000000000e+01 1.300000000000000000e+01 2.000000000000000000e+01 0.000000000000000000e+00 1.600000000000000089e+00 7.299999999999999903e-05 -5.682999999999999684e-03 9.999839999999999840e-01 2.480900000000000050e-01 9.687210000000000543e-01 5.486999999999999690e-03 -9.687369999999999592e-01 2.480860000000000010e-01 1.480999999999999895e-03
2.800000000000000000e+01 1.300000000000000000e+01 2.000000000000000000e+01 0.000000000000000000e+00 1.600000000000000089e+00 -5.169999999999999899e-04 -7.700000000000000139e-05 1.000000000000000000e+00 2.482330000000000092e-01 9.687000000000000055e-01 2.030000000000000012e-04 -9.687000000000000055e-01 2.482330000000000092e-01 -4.820000000000000066e-04
6.000000000000000000e+00 1.600000000000000000e+01 2.100000000000000000e+01 0.000000000000000000e+00 1.600000000000000089e+00 -6.130000000000000466e-04 -4.362999999999999691e-03 9.999900000000000455e-01 3.023669999999999969e-01 9.531819999999999737e-01 4.343999999999999771e-03 -9.531910000000000105e-01 3.023669999999999969e-01 7.349999999999999763e-04
1.000000000000000000e+01 1.600000000000000000e+01 2.100000000000000000e+01 0.000000000000000000e+00 1.600000000000000089e+00 2.204999999999999929e-03 8.814000000000000654e-03 9.999590000000000423e-01 3.025829999999999909e-01 9.530800000000000383e-01 -9.067999999999999672e-03 -9.531209999999999960e-01 3.025900000000000256e-01 -5.659999999999999884e-04
7.000000000000000000e+00 4.600000000000000000e+01 2.700000000000000000e+01 0.000000000000000000e+00 1.600000000000000089e+00 -2.699000000000000010e-03 -1.443999999999999971e-03 -9.999949999999999672e-01 6.669599999999999973e-01 7.450879999999999725e-01 -2.876000000000000084e-03 7.450890000000000013e-01 -6.669650000000000301e-01 -1.048000000000000103e-03
1.300000000000000000e+01 4.600000000000000000e+01 2.700000000000000000e+01 0.000000000000000000e+00 1.600000000000000089e+00 -3.020000000000000223e-04 5.810000000000000277e-04 -1.000000000000000000e+00 6.627450000000000285e-01 7.488449999999999829e-01 2.349999999999999930e-04 7.488449999999999829e-01 -6.627450000000000285e-01 -6.109999999999999980e-04
2.100000000000000000e+01 4.600000000000000000e+01 2.700000000000000000e+01 0.000000000000000000e+00 1.600000000000000089e+00 7.470000000000000511e-04 1.645999999999999894e-03 -9.999980000000000535e-01 6.698159999999999670e-01 7.425249999999999906e-01 1.722999999999999922e-03 7.425270000000000481e-01 -6.698159999999999670e-01 -5.479999999999999845e-04
2.600000000000000000e+01 4.600000000000000000e+01 2.700000000000000000e+01 0.000000000000000000e+00 1.600000000000000089e+00 -3.237999999999999993e-03 -5.820000000000000520e-04 -9.999949999999999672e-01 6.694769999999999888e-01 7.428280000000000438e-01 -2.599999999999999881e-03 7.428259999999999863e-01 -6.694820000000000215e-01 -2.015999999999999997e-03
6.000000000000000000e+00 4.600000000000000000e+01 3.000000000000000000e+01 0.000000000000000000e+00 1.600000000000000089e+00 -1.521000000000000000e-03 -2.458000000000000115e-03 -9.999959999999999960e-01 3.273349999999999871e-01 9.449039999999999662e-01 -2.820000000000000024e-03 9.449070000000000524e-01 -3.273380000000000178e-01 -6.329999999999999906e-04
9.000000000000000000e+00 4.600000000000000000e+01 3.000000000000000000e+01 0.000000000000000000e+00 1.600000000000000089e+00 -2.884999999999999978e-03 -1.603000000000000041e-03 -9.999949999999999672e-01 3.265919999999999934e-01 9.451619999999999466e-01 -2.456999999999999983e-03 9.451610000000000289e-01 -3.265970000000000262e-01 -2.203000000000000097e-03
2.400000000000000000e+01 4.600000000000000000e+01 3.000000000000000000e+01 0.000000000000000000e+00 1.600000000000000089e+00 -1.128000000000000096e-03 -8.429999999999999993e-04 -9.999989999999999712e-01 3.301390000000000158e-01 9.439319999999999933e-01 -1.167999999999999984e-03 9.439319999999999933e-01 -3.301399999999999890e-01 -7.870000000000000476e-04
4.000000000000000000e+00 5.800000000000000000e+01 3.100000000000000000e+01 0.000000000000000000e+00 1.600000000000000089e+00 8.566999999999999962e-03 1.003999999999999901e-03 9.999630000000000463e-01 -7.591109999999999802e-01 -6.509220000000000006e-01 7.157000000000000167e-03 6.509049999999999558e-01 -7.591440000000000410e-01 -4.813999999999999703e-03
8.000000000000000000e+00 5.800000000000000000e+01 3.100000000000000000e+01 0.000000000000000000e+00 1.600000000000000089e+00 4.258999999999999765e-03 9.058000000000000079e-03 9.999500000000000055e-01 -7.580480000000000551e-01 -6.521350000000000202e-01 9.136000000000000024e-03 6.521850000000000147e-01 -7.580489999999999728e-01 4.088999999999999753e-03
1.300000000000000000e+01 5.800000000000000000e+01 3.100000000000000000e+01 0.000000000000000000e+00 1.600000000000000089e+00 -4.836000000000000021e-03 -3.664999999999999855e-03 9.999820000000000375e-01 -7.623210000000000264e-01 -6.471710000000000518e-01 -6.058000000000000017e-03 6.471810000000000063e-01 -7.623360000000000136e-01 3.359999999999999814e-04
1.600000000000000000e+01 5.800000000000000000e+01 3.100000000000000000e+01 0.000000000000000000e+00 1.600000000000000089e+00 -2.906999999999999862e-03 -9.539999999999999869e-04 9.999949999999999672e-01 -7.645690000000000541e-01 -6.445359999999999978e-01 -2.837000000000000112e-03 6.445349999999999691e-01 -7.645739999999999759e-01 1.144000000000000052e-03
2.400000000000000000e+01 5.800000000000000000e+01 3.100000000000000000e+01 0.000000000000000000e+00 1.600000000000000089e+00 2.886000000000000110e-03 -1.083999999999999894e-03 9.999949999999999672e-01 -7.602179999999999493e-01 -6.496669999999999945e-01 1.490000000000000005e-03 6.496619999999999617e-01 -7.602179999999999493e-01 -2.699000000000000010e-03
2.800000000000000000e+01 5.800000000000000000e+01 3.100000000000000000e+01 0.000000000000000000e+00 1.600000000000000089e+00 2.043999999999999810e-03 -5.940000000000000184e-04 9.999980000000000535e-01 -7.586829999999999963e-01 -6.514590000000000103e-01 1.164000000000000104e-03 6.514560000000000350e-01 -7.586840000000000250e-01 -1.781999999999999947e-03
7.000000000000000000e+00 6.000000000000000000e+00 3.200000000000000000e+01 0.000000000000000000e+00 1.600000000000000089e+00 3.380000000000000192e-03 -1.544000000000000017e-03 -9.999930000000000208e-01 2.066979999999999928e-01 9.784040000000000514e-01 -8.120000000000000048e-04 9.783990000000000187e-01 -2.066939999999999888e-01 3.627000000000000016e-03
1.600000000000000000e+01 6.000000000000000000e+00 3.200000000000000000e+01 0.000000000000000000e+00 1.600000000000000089e+00 -1.776000000000000018e-03 6.030000000000000204e-04 -9.999980000000000535e-01 2.200910000000000089e-01 9.754789999999999850e-01 1.969999999999999909e-04 9.754779999999999562e-01 -2.200900000000000079e-01 -1.866000000000000037e-03
2.400000000000000000e+01 6.000000000000000000e+00 3.200000000000000000e+01 0.000000000000000000e+00 1.600000000000000089e+00 2.073999999999999889e-03 -2.426999999999999904e-03 -9.999949999999999672e-01 2.433599999999999930e-01 9.699339999999999629e-01 -1.848999999999999949e-03 9.699339999999999629e-01 -2.433549999999999880e-01 2.602000000000000146e-03
2.700000000000000000e+01 6.000000000000000000e+00 3.200000000000000000e+01 0.000000000000000000e+00 1.600000000000000089e+00 1.217999999999999899e-03 -1.825999999999999932e-03 -9.999980000000000535e-01 2.417060000000000042e-01 9.703479999999999883e-01 -1.477999999999999930e-03 9.703490000000000171e-01 -2.417040000000000022e-01 1.623000000000000094e-03
2.800000000000000000e+01 2.200000000000000000e+01 3.400000000000000000e+01 0.000000000000000000e+00 1.600000000000000089e+00 2.799999999999999958e-05 2.700000000000000035e-04 1.000000000000000000e+00 3.789250000000000118e-01 -9.254269999999999996e-01 2.390000000000000089e-04 9.254280000000000284e-01 3.789250000000000118e-01 -1.289999999999999914e-04
1.000000000000000000e+00 4.600000000000000000e+01 3.500000000000000000e+01 0.000000000000000000e+00 1.600000000000000089e+00 -3.110000000000000243e-04 5.533999999999999857e-03 -9.999850000000000128e-01 3.840029999999999832e-01 -9.233170000000000543e-01 -5.229000000000000141e-03 -9.233320000000000416e-01 -3.839989999999999792e-01 -1.838000000000000007e-03
1.000000000000000000e+01 4.600000000000000000e+01 3.500000000000000000e+01 0.000000000000000000e+00 1.600000000000000089e+00 2.017999999999999829e-03 -1.128000000000000096e-03 -9.999970000000000248e-01 3.865049999999999875e-01 -9.222860000000000502e-01 1.820000000000000003e-03 -9.222850000000000215e-01 -3.865069999999999895e-01 -1.425000000000000051e-03
1.500000000000000000e+01 4.600000000000000000e+01 3.500000000000000000e+01 0.000000000000000000e+00 1.600000000000000089e+00 6.300000000000000261e-04 -3.976000000000000367e-03 -9.999919999999999920e-01 3.853820000000000023e-01 -9.227490000000000414e-01 3.911000000000000414e-03 -9.227570000000000494e-01 -3.853809999999999736e-01 9.510000000000000224e-04
1.900000000000000000e+01 4.600000000000000000e+01 3.500000000000000000e+01 0.000000000000000000e+00 1.600000000000000089e+00 -4.850000000000000253e-04 1.038000000000000077e-03 -9.999989999999999712e-01 3.857220000000000093e-01 -9.226149999999999629e-01 -1.144999999999999967e-03 -9.226149999999999629e-01 -3.857220000000000093e-01 4.699999999999999724e-05
2.100000000000000000e+01 4.600000000000000000e+01 3.500000000000000000e+01 0.000000000000000000e+00 1.600000000000000089e+00 -2.269999999999999882e-04 -1.990000000000000124e-04 -1.000000000000000000e+00 3.857400000000000273e-01 -9.226069999999999549e-01 9.600000000000000243e-05 -9.226069999999999549e-01 -3.857400000000000273e-01 2.860000000000000129e-04
2.600000000000000000e+01 4.600000000000000000e+01 3.500000000000000000e+01 0.000000000000000000e+00 1.600000000000000089e+00 -1.698999999999999989e-03 4.748999999999999749e-03 -9.999869999999999592e-01 3.854000000000000203e-01 -9.227360000000000007e-01 -5.036999999999999811e-03 -9.227480000000000127e-01 -3.854040000000000243e-01 -2.620000000000000258e-04
3.000000000000000000e+00 9.500000000000000000e+01 3.600000000000000000e+01 0.000000000000000000e+00 1.600000000000000089e+00 5.575000000000000094e-03 7.192600000000000382e-02 9.973940000000000028e-01 9.968320000000000514e-01 7.873199999999999643e-02 -1.124999999999999958e-02 -7.933600000000000374e-02 9.942980000000000151e-01 -7.125900000000000289e-02
8.000000000000000000e+00 9.500000000000000000e+01 3.600000000000000000e+01 0.000000000000000000e+00 1.600000000000000089e+00 2.017000000000000130e-03 2.961199999999999943e-02 9.995589999999999753e-01 9.970290000000000541e-01 7.691099999999999326e-02 -4.290999999999999676e-03 -7.700400000000000300e-02 9.965979999999999839e-01 -2.936799999999999827e-02
1.400000000000000000e+01 9.500000000000000000e+01 3.600000000000000000e+01 0.000000000000000000e+00 1.600000000000000089e+00 2.939999999999999905e-03 -2.180899999999999853e-02 9.997580000000000355e-01 9.965089999999999781e-01 8.348400000000000265e-02 -1.108999999999999960e-03 -8.343899999999999928e-02 9.962699999999999889e-01 2.197800000000000101e-02
1.800000000000000000e+01 9.500000000000000000e+01 3.600000000000000000e+01 0.000000000000000000e+00 1.600000000000000089e+00 6.520000000000000188e-04 -1.125699999999999965e-02 9.999360000000000470e-01 9.960130000000000372e-01 8.920300000000000451e-02 3.550000000000000096e-04 -8.920100000000000251e-02 9.959500000000000020e-01 1.127000000000000050e-02
2.300000000000000000e+01 9.500000000000000000e+01 3.600000000000000000e+01 0.000000000000000000e+00 1.600000000000000089e+00 2.070999999999999924e-03 6.795999999999999958e-03 9.999749999999999472e-01 9.962069999999999537e-01 8.697599999999999776e-02 -2.654000000000000109e-03 -8.699199999999999988e-02 9.961870000000000447e-01 -6.590000000000000371e-03
2.700000000000000000e+01 9.500000000000000000e+01 3.600000000000000000e+01 0.000000000000000000e+00 1.600000000000000089e+00 -6.323999999999999760e-03 3.041999999999999999e-03 9.999749999999999472e-01 9.961719999999999464e-01 8.720999999999999586e-02 6.034000000000000301e-03 -8.719000000000000361e-02 9.961849999999999872e-01 -3.582000000000000114e-03
1.000000000000000000e+00 3.000000000000000000e+00 4.300000000000000000e+01 0.000000000000000000e+00 1.600000000000000089e+00 -2.812999999999999962e-03 -2.284600000000000172e-02 -9.997350000000000403e-01 7.358940000000000481e-01 -6.769640000000000102e-01 1.340000000000000045e-02 -6.770909999999999984e-01 -7.356610000000000094e-01 1.871600000000000000e-02
1.200000000000000000e+01 3.000000000000000000e+00 4.300000000000000000e+01 0.000000000000000000e+00 1.600000000000000089e+00 7.668999999999999602e-03 3.709599999999999703e-02 -9.992820000000000036e-01 7.425230000000000441e-01 -6.695459999999999745e-01 -1.915700000000000042e-02 -6.697760000000000380e-01 -7.418430000000000302e-01 -3.268000000000000071e-02
1.600000000000000000e+01 3.000000000000000000e+00 4.300000000000000000e+01 0.000000000000000000e+00 1.600000000000000089e+00 8.776000000000000814e-03 4.731099999999999889e-02 -9.988420000000000076e-01 7.405030000000000223e-01 -6.715769999999999795e-01 -2.530299999999999910e-02 -6.719960000000000377e-01 -7.394230000000000524e-01 -4.092799999999999910e-02
2.100000000000000000e+01 3.000000000000000000e+00 4.300000000000000000e+01 0.000000000000000000e+00 1.600000000000000089e+00 4.082999999999999824e-03 4.005600000000000133e-02 -9.991889999999999938e-01 7.354129999999999834e-01 -6.771890000000000409e-01 -2.414200000000000026e-02 -6.776069999999999593e-01 -7.347179999999999822e-01 -3.222200000000000064e-02
2.600000000000000000e+01 3.000000000000000000e+00 4.300000000000000000e+01 0.000000000000000000e+00 1.600000000000000089e+00 1.918999999999999916e-03 5.908000000000000057e-03 -9.999810000000000088e-01 7.373269999999999547e-01 -6.755320000000000213e-01 -2.576999999999999864e-03 -6.755339999999999678e-01 -7.373070000000000457e-01 -5.651999999999999906e-03
5.000000000000000000e+00 8.000000000000000000e+00 4.400000000000000000e+01 0.000000000000000000e+00 1.600000000000000089e+00 -1.502000000000000080e-03 -6.009999999999999717e-04 9.999989999999999712e-01 -7.638920000000000154e-01 -6.453430000000000000e-01 -1.534999999999999906e-03 6.453430000000000000e-01 -7.638930000000000442e-01 5.100000000000000366e-04
1.100000000000000000e+01 8.000000000000000000e+00 4.400000000000000000e+01 0.000000000000000000e+00 1.600000000000000089e+00 1.060000000000000016e-04 7.479000000000000405e-03 9.999719999999999720e-01 -7.705910000000000259e-01 -6.373109999999999609e-01 4.849000000000000012e-03 6.373299999999999521e-01 -7.705699999999999772e-01 5.695999999999999674e-03
2.300000000000000000e+01 8.000000000000000000e+00 4.400000000000000000e+01 0.000000000000000000e+00 1.600000000000000089e+00 3.024999999999999911e-03 1.145799999999999944e-02 9.999299999999999855e-01 -7.717150000000000398e-01 -6.358960000000000168e-01 9.622000000000000344e-03 6.359620000000000273e-01 -7.716899999999999871e-01 6.918999999999999803e-03
2.700000000000000000e+01 8.000000000000000000e+00 4.400000000000000000e+01 0.000000000000000000e+00 1.600000000000000089e+00 8.999999999999999754e-04 6.310999999999999770e-03 9.999799999999999800e-01 -7.718880000000000186e-01 -6.357410000000000005e-01 4.707000000000000246e-03 6.357580000000000453e-01 -7.718770000000000353e-01 4.298999999999999870e-03
2.000000000000000000e+00 2.900000000000000000e+01 4.400000000000000000e+01 0.000000000000000000e+00 1.600000000000000089e+00 1.528999999999999977e-03 2.292999999999999899e-03 -9.999959999999999960e-01 6.709100000000000064e-01 7.415340000000000265e-01 2.726000000000000124e-03 7.415370000000000017e-01 -6.709110000000000351e-01 -4.040000000000000080e-04
6.000000000000000000e+00 2.900000000000000000e+01 4.400000000000000000e+01 0.000000000000000000e+00 1.600000000000000089e+00 1.379999999999999933e-03 2.478000000000000168e-03 -9.999959999999999960e-01 6.778330000000000188e-01 7.352100000000000302e-01 2.756999999999999902e-03 7.352140000000000342e-01 -6.778340000000000476e-01 -6.650000000000000095e-04
1.100000000000000000e+01 2.900000000000000000e+01 4.400000000000000000e+01 0.000000000000000000e+00 1.600000000000000089e+00 1.397999999999999937e-03 -2.279000000000000210e-03 -9.999959999999999960e-01 6.831939999999999680e-01 7.302359999999999962e-01 -7.089999999999999948e-04 7.302349999999999675e-01 -6.831909999999999927e-01 2.576999999999999864e-03
2.000000000000000000e+01 2.900000000000000000e+01 4.400000000000000000e+01 0.000000000000000000e+00 1.600000000000000089e+00 9.899999999999999404e-05 2.240999999999999936e-03 -9.999970000000000248e-01 6.725740000000000052e-01 7.400280000000000191e-01 1.724999999999999971e-03 7.400299999999999656e-01 -6.725729999999999764e-01 -1.433999999999999945e-03
2.700000000000000000e+01 2.900000000000000000e+01 4.400000000000000000e+01 0.000000000000000000e+00 1.600000000000000089e+00 -1.118000000000000070e-03 3.031999999999999973e-03 -9.999949999999999672e-01 6.563550000000000217e-01 7.544509999999999827e-01 1.554000000000000043e-03 7.544520000000000115e-01 -6.563489999999999602e-01 -2.834000000000000147e-03
1.900000000000000000e+01 5.400000000000000000e+01 4.600000000000000000e+01 0.000000000000000000e+00 1.600000000000000089e+00 3.259999999999999877e-03 4.920000000000000328e-04 9.999949999999999672e-01 3.209299999999999931e-01 -9.471030000000000282e-01 -5.800000000000000034e-04 9.470969999999999667e-01 3.209299999999999931e-01 -3.245000000000000055e-03
2.600000000000000000e+01 5.400000000000000000e+01 4.600000000000000000e+01 0.000000000000000000e+00 1.600000000000000089e+00 1.139999999999999954e-03 -4.178000000000000290e-03 9.999909999999999632e-01 3.571759999999999935e-01 -9.340270000000000516e-01 -4.309000000000000330e-03 9.340370000000000061e-01 3.571770000000000223e-01 4.279999999999999950e-04
4.000000000000000000e+00 6.500000000000000000e+01 4.600000000000000000e+01 0.000000000000000000e+00 1.600000000000000089e+00 3.560999999999999929e-03 -3.059999999999999786e-03 9.999890000000000168e-01 6.822369999999999823e-01 -7.311159999999999881e-01 -4.666000000000000009e-03 7.311220000000000496e-01 6.822460000000000191e-01 -5.159999999999999656e-04
1.300000000000000000e+01 6.500000000000000000e+01 4.600000000000000000e+01 0.000000000000000000e+00 1.600000000000000089e+00 1.955999999999999839e-03 -1.219999999999999974e-04 9.999980000000000535e-01 6.808300000000000463e-01 -7.324410000000000087e-01 -1.420999999999999954e-03 7.324389999999999512e-01 6.808309999999999640e-01 -1.350000000000000071e-03
2.800000000000000000e+01 6.500000000000000000e+01 4.600000000000000000e+01 0.000000000000000000e+00 1.600000000000000089e+00 -4.447999999999999697e-03 4.597999999999999657e-03 9.999789999999999512e-01 6.811230000000000340e-01 -7.321410000000000418e-01 6.395999999999999776e-03 7.321550000000000002e-01 6.811380000000000212e-01 1.240000000000000054e-04
1.000000000000000000e+00 7.000000000000000000e+01 4.700000000000000000e+01 0.000000000000000000e+00 1.600000000000000089e+00 -2.882000000000000013e-03 -1.971999999999999795e-03 -9.999940000000000495e-01 -8.395000000000000240e-01 -5.433489999999999709e-01 3.491000000000000179e-03 -5.433529999999999749e-01 8.395049999999999457e-01 -9.000000000000000567e-05
4.000000000000000000e+00 7.000000000000000000e+01 4.700000000000000000e+01 0.000000000000000000e+00 1.600000000000000089e+00 -2.876999999999999783e-03 -3.122000000000000209e-03 -9.999909999999999632e-01 -8.408759999999999568e-01 -5.412120000000000264e-01 4.108999999999999805e-03 -5.412200000000000344e-01 8.408809999999999896e-01 -1.067999999999999939e-03
2.300000000000000000e+01 5.000000000000000000e+00 5.100000000000000000e+01 0.000000000000000000e+00 1.600000000000000089e+00 3.386999999999999820e-03 1.113300000000000053e-02 -9.999320000000000430e-01 4.901750000000000274e-01 -8.715870000000000006e-01 -8.042999999999999802e-03 -8.716169999999999751e-01 -4.901150000000000229e-01 -8.408999999999999808e-03
9.000000000000000000e+00 1.150000000000000000e+02 5.100000000000000000e+01 0.000000000000000000e+00 1.600000000000000089e+00 -2.396000000000000126e-03 -6.479999999999999649e-03 9.999759999999999760e-01 8.420760000000000467e-01 -5.393580000000000041e-01 -1.477000000000000014e-03 5.393540000000000001e-01 8.420520000000000227e-01 6.748999999999999791e-03
2.000000000000000000e+00 6.300000000000000000e+01 5.400000000000000000e+01 0.000000000000000000e+00 1.600000000000000089e+00 -2.272000000000000148e-03 2.999999999999999737e-04 9.999970000000000248e-01 -3.578589999999999827e-01 9.337750000000000217e-01 -1.093999999999999920e-03 -9.337729999999999642e-01 -3.578600000000000114e-01 -2.014000000000000165e-03
5.000000000000000000e+00 6.300000000000000000e+01 5.400000000000000000e+01 0.000000000000000000e+00 1.600000000000000089e+00 -2.079999999999999872e-04 -1.399999999999999877e-04 1.000000000000000000e+00 -3.554289999999999949e-01 9.347029999999999506e-01 5.599999999999999916e-05 -9.347029999999999506e-01 -3.554289999999999949e-01 -2.439999999999999949e-04
1.000000000000000000e+01 6.300000000000000000e+01 5.400000000000000000e+01 0.000000000000000000e+00 1.600000000000000089e+00 -1.550000000000000000e-04 2.014000000000000165e-03 9.999980000000000535e-01 -3.543479999999999963e-01 9.351120000000000543e-01 -1.938000000000000052e-03 -9.351129999999999720e-01 -3.543479999999999963e-01 5.680000000000000370e-04
1.700000000000000000e+01 6.300000000000000000e+01 5.400000000000000000e+01 0.000000000000000000e+00 1.600000000000000089e+00 2.900000000000000017e-05 2.520000000000000104e-03 9.999970000000000248e-01 -3.468470000000000164e-01 9.379189999999999472e-01 -2.354000000000000190e-03 -9.379220000000000335e-01 -3.468459999999999877e-01 9.020000000000000240e-04
2.200000000000000000e+01 6.300000000000000000e+01 5.400000000000000000e+01 0.000000000000000000e+00 1.600000000000000089e+00 -1.361999999999999929e-03 -2.669999999999999847e-04 9.999989999999999712e-01 -3.420619999999999772e-01 9.396769999999999845e-01 -2.149999999999999947e-04 -9.396759999999999557e-01 -3.420619999999999772e-01 -1.371000000000000040e-03
2.700000000000000000e+01 6.300000000000000000e+01 5.400000000000000000e+01 0.000000000000000000e+00 1.600000000000000089e+00 -1.399999999999999979e-05 -9.770000000000000039e-04 1.000000000000000000e+00 -3.437020000000000075e-01 9.390779999999999683e-01 9.129999999999999661e-04 -9.390789999999999971e-01 -3.437020000000000075e-01 -3.490000000000000263e-04
4.000000000000000000e+00 2.500000000000000000e+01 5.500000000000000000e+01 0.000000000000000000e+00 1.600000000000000089e+00 -9.020000000000000240e-04 -8.329999999999999731e-04 -9.999989999999999712e-01 -1.056200000000000021e-02 -9.999440000000000550e-01 8.429999999999999993e-04 -9.999440000000000550e-01 1.056299999999999947e-02 8.930000000000000221e-04
9.000000000000000000e+00 2.500000000000000000e+01 5.500000000000000000e+01 0.000000000000000000e+00 1.600000000000000089e+00 1.647999999999999942e-03 2.138000000000000143e-03 -9.999959999999999960e-01 -8.847999999999999962e-03 -9.999590000000000423e-01 -2.151999999999999833e-03 -9.999590000000000423e-01 8.850999999999999493e-03 -1.629000000000000023e-03
2.100000000000000000e+01 2.500000000000000000e+01 5.500000000000000000e+01 0.000000000000000000e+00 1.600000000000000089e+00 -1.105000000000000079e-03 -2.681999999999999922e-03 -9.999959999999999960e-01 -9.525999999999999746e-03 -9.999510000000000343e-01 2.691999999999999948e-03 -9.999540000000000095e-01 9.528999999999999276e-03 1.079000000000000098e-03
2.400000000000000000e+01 2.500000000000000000e+01 5.500000000000000000e+01 0.000000000000000000e+00 1.600000000000000089e+00 -3.060000000000000111e-04 7.050000000000000060e-04 -1.000000000000000000e+00 -9.816999999999999338e-03 -9.999519999999999520e-01 -7.020000000000000415e-04 -9.999519999999999520e-01 9.816999999999999338e-03 3.130000000000000187e-04
2.900000000000000000e+01 2.500000000000000000e+01 5.500000000000000000e+01 0.000000000000000000e+00 1.600000000000000089e+00 1.376000000000000053e-03 1.479000000000000063e-03 -9.999980000000000535e-01 -1.018400000000000034e-02 -9.999470000000000303e-01 -1.492999999999999969e-03 -9.999470000000000303e-01 1.018600000000000061e-02 -1.361000000000000014e-03
5.000000000000000000e+00 7.000000000000000000e+00 6.000000000000000000e+01 0.000000000000000000e+00 1.600000000000000089e+00 6.790000000000000245e-04 1.506200000000000074e-02 9.998860000000000525e-01 5.712930000000000508e-01 -8.206590000000000273e-01 1.197400000000000027e-02 8.207459999999999756e-01 5.712199999999999500e-01 -9.162000000000000005e-03
1.300000000000000000e+01 7.000000000000000000e+00 6.000000000000000000e+01 0.000000000000000000e+00 1.600000000000000089e+00 -2.301999999999999793e-03 -1.054800000000000008e-02 9.999419999999999975e-01 5.695360000000000422e-01 -8.219330000000000247e-01 -7.359000000000000090e-03 8.219629999999999992e-01 5.694860000000000477e-01 7.898999999999999772e-03
2.800000000000000000e+01 7.000000000000000000e+00 6.000000000000000000e+01 0.000000000000000000e+00 1.600000000000000089e+00 -3.330000000000000169e-04 3.628999999999999847e-03 9.999930000000000208e-01 5.662540000000000351e-01 -8.242239999999999567e-01 3.178999999999999968e-03 8.242300000000000182e-01 5.662519999999999776e-01 -1.779999999999999898e-03
1.000000000000000000e+01 2.100000000000000000e+01 6.000000000000000000e+01 0.000000000000000000e+00 1.600000000000000089e+00 9.959999999999999236e-04 8.321000000000000271e-03 9.999649999999999928e-01 -9.472200000000000064e-02 9.954699999999999660e-01 -8.189000000000000098e-03 -9.955030000000000268e-01 -9.471100000000000352e-02 1.779999999999999898e-03
1.300000000000000000e+01 2.100000000000000000e+01 6.000000000000000000e+01 0.000000000000000000e+00 1.600000000000000089e+00 2.503000000000000017e-03 2.075000000000000022e-03 9.999949999999999672e-01 -9.478300000000000614e-02 9.954960000000000475e-01 -1.827999999999999981e-03 -9.954950000000000188e-01 -9.477800000000000114e-02 2.687999999999999851e-03
1.700000000000000000e+01 2.100000000000000000e+01 6.000000000000000000e+01 0.000000000000000000e+00 1.600000000000000089e+00 2.811999999999999830e-03 2.945999999999999834e-03 9.999919999999999920e-01 -9.590400000000000313e-02 9.953870000000000218e-01 -2.663000000000000003e-03 -9.953870000000000218e-01 -9.589599999999999513e-02 3.082000000000000104e-03
