1.800000000000000000e+01 2.500000000000000000e+01 1.000000000000000000e+00 0.000000000000000000e+00 1.600000000000000089e+00 -1.361000000000000014e-03 2.990000000000000036e-04 -9.999989999999999712e-01 -5.313250000000000473e-01 -8.471680000000000321e-01 4.699999999999999859e-04 -8.471670000000000034e-01 5.313250000000000473e-01 1.311000000000000099e-03
2.800000000000000000e+01 2.500000000000000000e+01 1.000000000000000000e+00 0.000000000000000000e+00 1.600000000000000089e+00 2.664999999999999834e-03 -7.907000000000000833e-03 -9.999649999999999928e-01 -5.277720000000000189e-01 -8.493690000000000406e-01 5.309999999999999616e-03 -8.493819999999999704e-01 5.277399999999999869e-01 -6.437000000000000013e-03
6.000000000000000000e+00 1.500000000000000000e+01 4.000000000000000000e+00 0.000000000000000000e+00 1.600000000000000089e+00 -3.341999999999999919e-03 -4.421999999999999716e-03 9.999850000000000128e-01 3.191939999999999777e-01 -9.476839999999999709e-01 -3.125000000000000173e-03 9.476830000000000531e-01 3.191789999999999905e-01 4.578999999999999737e-03
1.000000000000000000e+01 1.500000000000000000e+01 4.000000000000000000e+00 0.000000000000000000e+00 1.600000000000000089e+00 9.009999999999999997e-04 3.340000000000000087e-03 9.999940000000000495e-01 3.189819999999999878e-01 -9.477560000000000429e-01 2.877999999999999916e-03 9.477600000000000469e-01 3.189779999999999838e-01 -1.920000000000000049e-03
1.600000000000000000e+01 1.500000000000000000e+01 4.000000000000000000e+00 0.000000000000000000e+00 1.600000000000000089e+00 6.549999999999999833e-04 2.167999999999999788e-03 9.999970000000000248e-01 3.257720000000000060e-01 -9.454470000000000374e-01 1.835999999999999958e-03 9.454479999999999551e-01 3.257700000000000040e-01 -1.325000000000000006e-03
1.900000000000000000e+01 1.500000000000000000e+01 4.000000000000000000e+00 0.000000000000000000e+00 1.600000000000000089e+00 -5.800000000000000034e-04 -3.190000000000000127e-03 9.999949999999999672e-01 3.182389999999999941e-01 -9.480060000000000153e-01 -2.838999999999999944e-03 9.480100000000000193e-01 3.182360000000000189e-01 1.564999999999999985e-03
2.600000000000000000e+01 1.500000000000000000e+01 4.000000000000000000e+00 0.000000000000000000e+00 1.600000000000000089e+00 -1.988999999999999883e-03 -7.178999999999999618e-03 9.999719999999999720e-01 3.120859999999999745e-01 -9.500340000000000451e-01 -6.199999999999999782e-03 9.500520000000000076e-01 3.120649999999999813e-01 4.129999999999999991e-03
3.000000000000000000e+00 1.010000000000000000e+02 7.000000000000000000e+00 0.000000000000000000e+00 1.600000000000000089e+00 8.729999999999999696e-04 9.988999999999999616e-03 9.999500000000000055e-01 8.891000000000000014e-01 4.576819999999999777e-01 -5.348000000000000323e-03 -4.577120000000000077e-01 8.890599999999999614e-01 -8.481000000000000691e-03
9.000000000000000000e+00 1.010000000000000000e+02 7.000000000000000000e+00 0.000000000000000000e+00 1.600000000000000089e+00 -2.249999999999999938e-04 2.079999999999999818e-03 9.999980000000000535e-01 8.900219999999999798e-01 4.559170000000000167e-01 -7.489999999999999913e-04 -4.559179999999999899e-01 8.900200000000000333e-01 -1.954000000000000008e-03
7.000000000000000000e+00 2.500000000000000000e+01 8.000000000000000000e+00 0.000000000000000000e+00 1.600000000000000089e+00 6.750000000000000357e-04 -2.190000000000000106e-04 -1.000000000000000000e+00 4.479899999999999993e-01 8.940379999999999994e-01 1.069999999999999988e-04 8.940379999999999994e-01 -4.479899999999999993e-01 7.020000000000000415e-04
1.200000000000000000e+01 2.500000000000000000e+01 8.000000000000000000e+00 0.000000000000000000e+00 1.600000000000000089e+00 -5.050000000000000235e-04 -4.616000000000000311e-03 -9.999890000000000168e-01 4.484079999999999733e-01 8.938180000000000014e-01 -4.351999999999999966e-03 8.938289999999999846e-01 -4.484060000000000268e-01 1.618999999999999996e-03
1.900000000000000000e+01 2.500000000000000000e+01 8.000000000000000000e+00 0.000000000000000000e+00 1.600000000000000089e+00 2.452999999999999885e-03 8.042999999999999802e-03 -9.999649999999999928e-01 4.480439999999999978e-01 8.939730000000000176e-01 8.288999999999999493e-03 8.940080000000000249e-01 -4.480480000000000018e-01 -1.410999999999999928e-03
2.500000000000000000e+01 2.500000000000000000e+01 8.000000000000000000e+00 0.000000000000000000e+00 1.600000000000000089e+00 -8.040000000000000271e-04 6.323999999999999760e-03 -9.999799999999999800e-01 4.448219999999999952e-01 8.956030000000000380e-01 5.305999999999999953e-03 8.956180000000000252e-01 -4.448090000000000099e-01 -3.533000000000000116e-03
4.000000000000000000e+00 2.400000000000000000e+01 9.000000000000000000e+00 0.000000000000000000e+00 1.600000000000000089e+00 -1.060000000000000016e-04 4.299999999999999894e-04 -1.000000000000000000e+00 4.520779999999999799e-01 8.919789999999999663e-01 3.350000000000000113e-04 8.919789999999999663e-01 -4.520779999999999799e-01 -2.889999999999999774e-04
9.000000000000000000e+00 2.400000000000000000e+01 9.000000000000000000e+00 0.000000000000000000e+00 1.600000000000000089e+00 1.700000000000000122e-04 2.759999999999999867e-04 -1.000000000000000000e+00 4.536220000000000252e-01 8.911940000000000417e-01 3.229999999999999907e-04 8.911940000000000417e-01 -4.536220000000000252e-01 2.699999999999999899e-05
1.100000000000000000e+01 2.400000000000000000e+01 9.000000000000000000e+00 0.000000000000000000e+00 1.600000000000000089e+00 -2.519999999999999996e-04 -2.753999999999999938e-03 -9.999959999999999960e-01 4.537169999999999814e-01 8.911419999999999897e-01 -2.567999999999999970e-03 8.911459999999999937e-01 -4.537160000000000082e-01 1.025000000000000086e-03
1.900000000000000000e+01 2.400000000000000000e+01 9.000000000000000000e+00 0.000000000000000000e+00 1.600000000000000089e+00 2.886999999999999809e-03 8.883000000000000271e-03 -9.999559999999999560e-01 4.521490000000000231e-01 8.918949999999999934e-01 9.228000000000000091e-03 8.919380000000000086e-01 -4.521560000000000024e-01 -1.441999999999999922e-03
2.500000000000000000e+01 2.400000000000000000e+01 9.000000000000000000e+00 0.000000000000000000e+00 1.600000000000000089e+00 -1.087999999999999991e-03 6.844000000000000257e-03 -9.999759999999999760e-01 4.488659999999999872e-01 8.935809999999999587e-01 5.628000000000000190e-03 8.935980000000000034e-01 -4.488489999999999980e-01 -4.043999999999999852e-03
1.600000000000000000e+01 4.000000000000000000e+00 1.100000000000000000e+01 0.000000000000000000e+00 1.600000000000000089e+00 9.009999999999999997e-04 9.946999999999999245e-03 -9.999500000000000055e-01 2.327440000000000064e-01 9.724880000000000191e-01 9.884000000000000424e-03 9.725380000000000136e-01 -2.327410000000000034e-01 -1.438999999999999958e-03
1.900000000000000000e+01 4.000000000000000000e+00 1.100000000000000000e+01 0.000000000000000000e+00 1.600000000000000089e+00 -5.074000000000000385e-03 -2.870699999999999988e-02 -9.995749999999999913e-01 2.368460000000000010e-01 9.711119999999999752e-01 -2.909199999999999980e-02 9.715340000000000087e-01 -2.368919999999999915e-01 1.871999999999999966e-03
2.700000000000000000e+01 5.000000000000000000e+00 1.100000000000000000e+01 0.000000000000000000e+00 1.600000000000000089e+00 -1.511999999999999976e-02 -7.416100000000000469e-02 -9.971320000000000183e-01 2.665520000000000111e-01 9.608590000000000186e-01 -7.550500000000000267e-02 9.637019999999999476e-01 -2.669290000000000274e-01 5.239999999999999866e-03
4.000000000000000000e+00 5.000000000000000000e+00 1.200000000000000000e+01 0.000000000000000000e+00 1.600000000000000089e+00 -1.190300000000000039e-02 1.230070000000000052e-01 9.923340000000000494e-01 -2.238610000000000044e-01 9.668870000000000520e-01 -1.225379999999999941e-01 -9.745479999999999698e-01 -2.236029999999999962e-01 1.602800000000000058e-02
7.000000000000000000e+00 3.100000000000000000e+01 1.200000000000000000e+01 0.000000000000000000e+00 1.600000000000000089e+00 5.879999999999999810e-04 2.246999999999999865e-03 9.999970000000000248e-01 6.949999999999999798e-04 9.999970000000000248e-01 -2.247999999999999998e-03 -1.000000000000000000e+00 6.970000000000000284e-04 5.860000000000000408e-04
1.100000000000000000e+01 3.100000000000000000e+01 1.200000000000000000e+01 0.000000000000000000e+00 1.600000000000000089e+00 5.649999999999999641e-04 3.445000000000000145e-03 9.999940000000000495e-01 4.142999999999999981e-03 9.999850000000000128e-01 -3.448000000000000110e-03 -9.999909999999999632e-01 4.145000000000000247e-03 5.509999999999999490e-04
1.700000000000000000e+01 3.100000000000000000e+01 1.200000000000000000e+01 0.000000000000000000e+00 1.600000000000000089e+00 -6.849999999999999535e-04 1.268000000000000030e-03 9.999989999999999712e-01 6.071000000000000008e-03 9.999810000000000088e-01 -1.263000000000000017e-03 -9.999810000000000088e-01 6.069999999999999875e-03 -6.930000000000000396e-04
2.100000000000000000e+01 3.100000000000000000e+01 1.200000000000000000e+01 0.000000000000000000e+00 1.600000000000000089e+00 -3.980000000000000248e-04 4.800999999999999712e-03 9.999879999999999880e-01 6.411000000000000032e-03 9.999679999999999680e-01 -4.798000000000000181e-03 -9.999789999999999512e-01 6.408999999999999767e-03 -4.290000000000000193e-04
2.600000000000000000e+01 3.100000000000000000e+01 1.200000000000000000e+01 0.000000000000000000e+00 1.600000000000000089e+00 2.069000000000000093e-03 -8.443000000000000851e-03 9.999620000000000175e-01 4.680000000000000132e-03 9.999540000000000095e-01 8.434000000000000524e-03 -9.999869999999999592e-01 4.662000000000000345e-03 2.108000000000000065e-03
6.000000000000000000e+00 3.500000000000000000e+01 1.200000000000000000e+01 0.000000000000000000e+00 1.600000000000000089e+00 -8.499999999999999526e-04 6.471000000000000189e-03 -9.999789999999999512e-01 5.772880000000000233e-01 -8.165200000000000236e-01 -5.773999999999999619e-03 -8.165400000000000436e-01 -5.772800000000000153e-01 -3.040999999999999866e-03
1.000000000000000000e+01 3.500000000000000000e+01 1.200000000000000000e+01 0.000000000000000000e+00 1.600000000000000089e+00 6.380000000000000037e-04 4.158000000000000237e-03 -9.999909999999999632e-01 5.932359999999999856e-01 -8.050230000000000441e-01 -2.968000000000000152e-03 -8.050279999999999658e-01 -5.932290000000000063e-01 -2.981000000000000143e-03
1.300000000000000000e+01 3.200000000000000000e+01 1.400000000000000000e+01 0.000000000000000000e+00 1.600000000000000089e+00 5.800000000000000034e-05 7.550000000000000287e-04 -1.000000000000000000e+00 9.904599999999999516e-02 9.950830000000000508e-01 7.569999999999999689e-04 9.950830000000000508e-01 -9.904599999999999516e-02 -1.699999999999999987e-05
6.000000000000000000e+00 1.200000000000000000e+01 1.500000000000000000e+01 0.000000000000000000e+00 1.600000000000000089e+00 1.160000000000000007e-03 4.119000000000000265e-03 -9.999909999999999632e-01 -4.715280000000000027e-01 -8.818409999999999860e-01 -4.179000000000000423e-03 -8.818500000000000227e-01 4.715289999999999759e-01 9.190000000000000035e-04
1.200000000000000000e+01 1.200000000000000000e+01 1.500000000000000000e+01 0.000000000000000000e+00 1.600000000000000089e+00 6.639999999999999852e-04 1.778000000000000067e-03 -9.999980000000000535e-01 -4.717580000000000107e-01 -8.817260000000000097e-01 -1.881000000000000076e-03 -8.817279999999999562e-01 4.717580000000000107e-01 2.530000000000000239e-04
1.600000000000000000e+01 1.200000000000000000e+01 1.500000000000000000e+01 0.000000000000000000e+00 1.600000000000000089e+00 1.137999999999999906e-03 1.039999999999999909e-03 -9.999989999999999712e-01 -4.721380000000000021e-01 -8.815229999999999455e-01 -1.454999999999999913e-03 -8.815239999999999743e-01 4.721389999999999754e-01 -5.119999999999999768e-04
2.300000000000000000e+01 1.200000000000000000e+01 1.500000000000000000e+01 0.000000000000000000e+00 1.600000000000000089e+00 8.559999999999999901e-04 5.623000000000000394e-03 -9.999839999999999840e-01 -4.693260000000000209e-01 -8.830080000000000151e-01 -5.367000000000000243e-03 -8.830240000000000311e-01 4.693229999999999902e-01 1.882999999999999908e-03
2.900000000000000000e+01 1.200000000000000000e+01 1.500000000000000000e+01 0.000000000000000000e+00 1.600000000000000089e+00 -5.519999999999999733e-04 3.565000000000000027e-03 -9.999930000000000208e-01 -4.712709999999999955e-01 -8.819839999999999902e-01 -2.883999999999999845e-03 -8.819879999999999942e-01 4.712660000000000182e-01 2.167000000000000089e-03
7.000000000000000000e+00 1.100000000000000000e+01 1.600000000000000000e+01 0.000000000000000000e+00 1.600000000000000089e+00 5.299999999999999807e-04 2.710000000000000169e-03 -9.999959999999999960e-01 -4.174610000000000265e-01 -9.086910000000000265e-01 -2.684000000000000188e-03 -9.086950000000000305e-01 4.174610000000000265e-01 6.499999999999999702e-04
4.000000000000000000e+00 1.160000000000000000e+02 1.600000000000000000e+01 0.000000000000000000e+00 1.600000000000000089e+00 1.577000000000000060e-03 1.312000000000000015e-03 9.999980000000000535e-01 7.930869999999999864e-01 6.091050000000000075e-01 -2.050000000000000173e-03 -6.091069999999999540e-01 7.930880000000000152e-01 -8.000000000000000654e-05
6.000000000000000000e+00 1.160000000000000000e+02 1.600000000000000000e+01 0.000000000000000000e+00 1.600000000000000089e+00 1.549999999999999946e-03 5.029999999999999749e-04 9.999989999999999712e-01 7.854229999999999823e-01 6.189569999999999794e-01 -1.528999999999999977e-03 -6.189569999999999794e-01 7.854250000000000398e-01 5.649999999999999641e-04
9.000000000000000000e+00 2.000000000000000000e+00 1.900000000000000000e+01 0.000000000000000000e+00 1.600000000000000089e+00 9.062999999999999876e-03 -1.321699999999999958e-02 -9.998719999999999830e-01 2.290179999999999993e-01 -9.733079999999999510e-01 1.494099999999999942e-02 -9.733800000000000230e-01 -2.291239999999999943e-01 -5.793999999999999671e-03
1.400000000000000000e+01 2.000000000000000000e+00 1.900000000000000000e+01 0.000000000000000000e+00 1.600000000000000089e+00 4.066000000000000170e-03 -1.577699999999999936e-02 -9.998669999999999503e-01 2.239810000000000134e-01 -9.744570000000000176e-01 1.628699999999999939e-02 -9.745850000000000346e-01 -2.240179999999999949e-01 -4.279999999999999950e-04
2.000000000000000000e+01 2.000000000000000000e+00 1.900000000000000000e+01 0.000000000000000000e+00 1.600000000000000089e+00 -3.043000000000000132e-03 1.458000000000000095e-03 -9.999940000000000495e-01 2.161559999999999870e-01 -9.763570000000000304e-01 -2.082000000000000083e-03 -9.763540000000000552e-01 -2.161609999999999920e-01 2.655999999999999941e-03
2.900000000000000000e+01 2.000000000000000000e+00 1.900000000000000000e+01 0.000000000000000000e+00 1.600000000000000089e+00 -7.565999999999999809e-03 4.754000000000000413e-03 -9.999599999999999600e-01 2.173589999999999967e-01 -9.760710000000000219e-01 -6.284999999999999788e-03 -9.760619999999999852e-01 -2.173980000000000079e-01 6.350999999999999875e-03
3.000000000000000000e+00 3.000000000000000000e+00 1.900000000000000000e+01 0.000000000000000000e+00 1.600000000000000089e+00 5.564999999999999634e-03 1.161000000000000053e-02 -9.999169999999999447e-01 2.388089999999999935e-01 -9.710159999999999902e-01 -9.945999999999999980e-03 -9.710509999999999975e-01 -2.387340000000000018e-01 -8.175999999999999240e-03
3.000000000000000000e+00 4.000000000000000000e+00 2.000000000000000000e+01 0.000000000000000000e+00 1.600000000000000089e+00 -1.915000000000000036e-03 1.595900000000000096e-02 -9.998709999999999543e-01 3.595470000000000055e-01 -9.329969999999999652e-01 -1.558000000000000010e-02 -9.331249999999999822e-01 -3.595309999999999895e-01 -3.951999999999999784e-03
2.400000000000000000e+01 4.000000000000000000e+00 2.000000000000000000e+01 0.000000000000000000e+00 1.600000000000000089e+00 1.458000000000000095e-03 -2.841999999999999908e-03 -9.999949999999999672e-01 3.389409999999999923e-01 -9.408020000000000271e-01 3.167999999999999809e-03 -9.408069999999999489e-01 -3.389440000000000230e-01 -4.079999999999999968e-04
2.000000000000000000e+00 1.300000000000000000e+01 2.000000000000000000e+01 0.000000000000000000e+00 1.600000000000000089e+00 8.030000000000000028e-04 1.500999999999999947e-03 9.999989999999999712e-01 2.581950000000000078e-01 9.660919999999999508e-01 -1.657999999999999969e-03 -9.660929999999999795e-01 2.581959999999999811e-01 3.879999999999999985e-04
6.000000000000000000e+00 1.300000000000000000e+01 2.000000000000000000e+01 0.000000000000000000e+00 1.600000000000000089e+00 5.680000000000000370e-04 1.972999999999999927e-03 9.999980000000000535e-01 2.585160000000000236e-01 9.660050000000000026e-01 -2.053000000000000137e-03 -9.660069999999999490e-01 2.585169999999999968e-01 3.800000000000000209e-05
1.700000000000000000e+01 1.300000000000000000e+01 2.000000000000000000e+01 0.000000000000000000e+00 1.600000000000000089e+00 -1.379000000000000017e-03 -4.094000000000000417e-03 9.999909999999999632e-01 2.589670000000000027e-01 9.658769999999999856e-01 4.311999999999999861e-03 -9.658849999999999936e-01 2.589699999999999780e-01 -2.719999999999999979e-04
2.700000000000000000e+01 1.300000000000000000e+01 2.000000000000000000e+01 0.000000000000000000e+00 1.600000000000000089e+00 -2.028999999999999988e-03 -1.541999999999999968e-03 9.999970000000000248e-01 2.630080000000000195e-01 9.647919999999999829e-01 2.020999999999999793e-03 -9.647919999999999829e-01 2.630109999999999948e-01 -1.551999999999999994e-03
3.000000000000000000e+00 3.000000000000000000e+00 2.500000000000000000e+01 0.000000000000000000e+00 1.600000000000000089e+00 -3.005999999999999991e-03 8.866999999999999882e-03 9.999559999999999560e-01 -2.254300000000000054e-02 -9.997070000000000123e-01 8.796999999999999265e-03 9.997409999999999908e-01 -2.251600000000000129e-02 3.204999999999999950e-03
6.000000000000000000e+00 3.000000000000000000e+00 2.500000000000000000e+01 0.000000000000000000e+00 1.600000000000000089e+00 -5.910000000000000323e-03 2.007899999999999963e-02 9.997810000000000308e-01 -1.945500000000000007e-02 -9.996110000000000273e-01 1.996099999999999958e-02 9.997930000000000428e-01 -1.933299999999999949e-02 6.297999999999999779e-03
2.100000000000000000e+01 3.000000000000000000e+00 2.500000000000000000e+01 0.000000000000000000e+00 1.600000000000000089e+00 -2.328999999999999907e-03 -5.671999999999999958e-03 9.999810000000000088e-01 -2.012699999999999906e-02 -9.997810000000000308e-01 -5.717999999999999992e-03 9.997949999999999893e-01 -2.014000000000000165e-02 2.213999999999999822e-03
4.000000000000000000e+00 4.600000000000000000e+01 2.700000000000000000e+01 0.000000000000000000e+00 1.600000000000000089e+00 -3.258000000000000045e-03 6.660000000000000338e-04 -9.999940000000000495e-01 6.774080000000000101e-01 7.356059999999999821e-01 -1.716999999999999993e-03 7.356009999999999494e-01 -6.774090000000000389e-01 -2.847999999999999837e-03
2.800000000000000000e+01 4.600000000000000000e+01 2.700000000000000000e+01 0.000000000000000000e+00 1.600000000000000089e+00 -3.250999999999999984e-03 1.172000000000000082e-03 -9.999940000000000495e-01 6.643980000000000441e-01 7.473779999999999868e-01 -1.283999999999999985e-03 7.473720000000000363e-01 -6.643980000000000441e-01 -3.209000000000000047e-03
4.000000000000000000e+00 4.600000000000000000e+01 3.000000000000000000e+01 0.000000000000000000e+00 1.600000000000000089e+00 -2.684999999999999887e-03 -2.445000000000000125e-03 -9.999930000000000208e-01 3.247709999999999764e-01 9.457870000000000443e-01 -3.184999999999999897e-03 9.457889999999999908e-01 -3.247780000000000111e-01 -1.745999999999999939e-03
1.300000000000000000e+01 4.600000000000000000e+01 3.000000000000000000e+01 0.000000000000000000e+00 1.600000000000000089e+00 2.520999999999999804e-03 2.135000000000000179e-03 -9.999949999999999672e-01 3.188840000000000008e-01 9.477900000000000214e-01 2.827999999999999785e-03 9.477900000000000214e-01 -3.188889999999999780e-01 1.709000000000000016e-03
2.200000000000000000e+01 4.600000000000000000e+01 3.000000000000000000e+01 0.000000000000000000e+00 1.600000000000000089e+00 8.180000000000000422e-04 -7.999999999999999638e-06 -1.000000000000000000e+00 3.153639999999999777e-01 9.489710000000000090e-01 2.509999999999999753e-04 9.489710000000000090e-01 -3.153639999999999777e-01 7.780000000000000457e-04
2.700000000000000000e+01 4.600000000000000000e+01 3.000000000000000000e+01 0.000000000000000000e+00 1.600000000000000089e+00 -2.959999999999999958e-03 -1.701999999999999954e-03 -9.999940000000000495e-01 3.147070000000000145e-01 9.491849999999999454e-01 -2.546999999999999785e-03 9.491840000000000277e-01 -3.147130000000000205e-01 -2.273999999999999980e-03
7.000000000000000000e+00 5.800000000000000000e+01 3.100000000000000000e+01 0.000000000000000000e+00 1.600000000000000089e+00 -3.216000000000000109e-03 -5.540000000000000219e-04 9.999949999999999672e-01 -7.772940000000000405e-01 -6.291309999999999958e-01 -2.847999999999999837e-03 6.291299999999999670e-01 -7.772989999999999622e-01 1.593000000000000015e-03
1.200000000000000000e+01 5.800000000000000000e+01 3.100000000000000000e+01 0.000000000000000000e+00 1.600000000000000089e+00 -1.783999999999999996e-03 -6.597000000000000433e-03 9.999770000000000048e-01 -7.818150000000000377e-01 -6.234859999999999847e-01 -5.507999999999999875e-03 6.235079999999999512e-01 -7.818070000000000297e-01 -4.044999999999999984e-03
1.800000000000000000e+01 5.800000000000000000e+01 3.100000000000000000e+01 0.000000000000000000e+00 1.600000000000000089e+00 -2.854000000000000200e-03 -4.766000000000000271e-03 9.999850000000000128e-01 -7.832419999999999938e-01 -6.216949999999999976e-01 -5.198000000000000363e-03 6.217099999999999849e-01 -7.832449999999999690e-01 -1.958999999999999804e-03
2.600000000000000000e+01 5.800000000000000000e+01 3.100000000000000000e+01 0.000000000000000000e+00 1.600000000000000089e+00 -2.159999999999999919e-04 7.290000000000000473e-04 1.000000000000000000e+00 -7.884139999999999482e-01 -6.151450000000000529e-01 2.779999999999999811e-04 6.151450000000000529e-01 -7.884139999999999482e-01 7.079999999999999705e-04
1.000000000000000000e+00 4.600000000000000000e+01 3.500000000000000000e+01 0.000000000000000000e+00 1.600000000000000089e+00 1.255999999999999955e-03 -2.714999999999999965e-03 -9.999959999999999960e-01 3.907329999999999970e-01 -9.204989999999999561e-01 2.990000000000000036e-03 -9.205029999999999601e-01 -3.907349999999999990e-01 -9.500000000000000523e-05
5.000000000000000000e+00 4.600000000000000000e+01 3.500000000000000000e+01 0.000000000000000000e+00 1.600000000000000089e+00 -3.399999999999999973e-05 3.131999999999999802e-03 -9.999949999999999672e-01 3.910580000000000167e-01 -9.203620000000000134e-01 -2.896000000000000137e-03 -9.203660000000000174e-01 -3.910560000000000147e-01 -1.193999999999999966e-03
1.000000000000000000e+01 4.600000000000000000e+01 3.500000000000000000e+01 0.000000000000000000e+00 1.600000000000000089e+00 -3.220000000000000206e-04 -4.040000000000000080e-04 -1.000000000000000000e+00 3.926399999999999890e-01 -9.196919999999999540e-01 2.449999999999999921e-04 -9.196919999999999540e-01 -3.926399999999999890e-01 4.550000000000000008e-04
1.400000000000000000e+01 4.600000000000000000e+01 3.500000000000000000e+01 0.000000000000000000e+00 1.600000000000000089e+00 7.370000000000000249e-04 -1.069000000000000072e-03 -9.999989999999999712e-01 3.914949999999999819e-01 -9.201789999999999692e-01 1.271999999999999910e-03 -9.201799999999999979e-01 -3.914960000000000107e-01 -2.590000000000000071e-04
2.400000000000000000e+01 4.600000000000000000e+01 3.500000000000000000e+01 0.000000000000000000e+00 1.600000000000000089e+00 -1.551000000000000078e-03 -3.829999999999999854e-04 -9.999989999999999712e-01 3.903499999999999748e-01 -9.206659999999999844e-01 -2.530000000000000239e-04 -9.206649999999999556e-01 -3.903499999999999748e-01 1.577999999999999976e-03
2.600000000000000000e+01 4.600000000000000000e+01 3.500000000000000000e+01 0.000000000000000000e+00 1.600000000000000089e+00 -1.740000000000000010e-03 2.853000000000000067e-03 -9.999940000000000495e-01 3.895959999999999979e-01 -9.209800000000000209e-01 -3.305999999999999911e-03 -9.209840000000000249e-01 -3.896000000000000019e-01 4.910000000000000085e-04
1.400000000000000000e+01 3.000000000000000000e+00 4.300000000000000000e+01 0.000000000000000000e+00 1.600000000000000089e+00 -4.754999999999999678e-03 -6.324999999999999893e-03 -9.999689999999999968e-01 7.369959999999999845e-01 -6.758969999999999700e-01 7.709999999999999840e-04 -6.758800000000000363e-01 -7.369689999999999852e-01 7.875000000000000056e-03
2.300000000000000000e+01 3.000000000000000000e+00 4.300000000000000000e+01 0.000000000000000000e+00 1.600000000000000089e+00 -5.231000000000000406e-03 -6.523000000000000152e-03 -9.999649999999999928e-01 7.374349999999999516e-01 -6.754179999999999628e-01 5.490000000000000088e-04 -6.753980000000000539e-01 -7.374060000000000059e-01 8.342999999999999722e-03
2.400000000000000000e+01 8.000000000000000000e+00 4.400000000000000000e+01 0.000000000000000000e+00 1.600000000000000089e+00 7.749999999999999728e-04 -4.225999999999999722e-03 9.999909999999999632e-01 -7.845079999999999831e-01 -6.201160000000000005e-01 -2.013000000000000032e-03 6.201189999999999758e-01 -7.844989999999999464e-01 -3.795999999999999895e-03
3.000000000000000000e+00 2.900000000000000000e+01 4.400000000000000000e+01 0.000000000000000000e+00 1.600000000000000089e+00 -2.064999999999999995e-03 -2.518999999999999972e-03 -9.999949999999999672e-01 6.538969999999999505e-01 7.565760000000000263e-01 -3.256000000000000213e-03 7.565809999999999480e-01 -6.539009999999999545e-01 8.500000000000000611e-05
7.000000000000000000e+00 2.900000000000000000e+01 4.400000000000000000e+01 0.000000000000000000e+00 1.600000000000000089e+00 -1.766999999999999908e-03 1.023999999999999954e-03 -9.999980000000000535e-01 6.583980000000000388e-01 7.526699999999999502e-01 -3.930000000000000117e-04 7.526680000000000037e-01 -6.583970000000000100e-01 -2.004000000000000139e-03
1.200000000000000000e+01 2.900000000000000000e+01 4.400000000000000000e+01 0.000000000000000000e+00 1.600000000000000089e+00 -1.240000000000000054e-04 1.182000000000000108e-03 -9.999989999999999712e-01 6.553029999999999688e-01 7.553659999999999819e-01 8.120000000000000048e-04 7.553670000000000107e-01 -6.553020000000000511e-01 -8.679999999999999565e-04
1.700000000000000000e+01 2.900000000000000000e+01 4.400000000000000000e+01 0.000000000000000000e+00 1.600000000000000089e+00 -1.430000000000000064e-03 1.010000000000000047e-03 -9.999989999999999712e-01 6.541690000000000005e-01 7.563480000000000203e-01 -1.720000000000000066e-04 7.563469999999999915e-01 -6.541679999999999717e-01 -1.742000000000000059e-03
2.000000000000000000e+01 2.900000000000000000e+01 4.400000000000000000e+01 0.000000000000000000e+00 1.600000000000000089e+00 3.490000000000000263e-04 1.649999999999999991e-03 -9.999989999999999712e-01 6.568150000000000377e-01 7.540499999999999980e-01 1.472999999999999917e-03 7.540510000000000268e-01 -6.568150000000000377e-01 -8.199999999999999824e-04
2.500000000000000000e+01 2.900000000000000000e+01 4.400000000000000000e+01 0.000000000000000000e+00 1.600000000000000089e+00 1.510000000000000112e-04 1.079000000000000098e-03 -9.999989999999999712e-01 6.630209999999999715e-01 7.486000000000000432e-01 9.070000000000000371e-04 7.486000000000000432e-01 -6.630209999999999715e-01 -6.030000000000000204e-04
8.000000000000000000e+00 5.000000000000000000e+00 5.100000000000000000e+01 0.000000000000000000e+00 1.600000000000000089e+00 1.014699999999999977e-02 -1.181899999999999964e-02 -9.998789999999999623e-01 4.674900000000000166e-01 -8.838679999999999870e-01 1.519200000000000064e-02 -8.839399999999999480e-01 -4.675869999999999749e-01 -3.444000000000000013e-03
1.300000000000000000e+01 5.000000000000000000e+00 5.100000000000000000e+01 0.000000000000000000e+00 1.600000000000000089e+00 1.051000000000000068e-03 -6.721000000000000411e-03 -9.999770000000000048e-01 4.808850000000000069e-01 -8.767599999999999838e-01 6.398000000000000041e-03 -8.767829999999999790e-01 -4.808799999999999741e-01 2.311000000000000120e-03
2.800000000000000000e+01 5.000000000000000000e+00 5.100000000000000000e+01 0.000000000000000000e+00 1.600000000000000089e+00 1.879999999999999890e-04 -5.231000000000000406e-03 -9.999860000000000415e-01 4.779430000000000067e-01 -8.783790000000000209e-01 4.684999999999999928e-03 -8.783910000000000329e-01 -4.779370000000000007e-01 2.334999999999999836e-03
2.300000000000000000e+01 1.150000000000000000e+02 5.100000000000000000e+01 0.000000000000000000e+00 1.600000000000000089e+00 1.641000000000000097e-03 7.020000000000000415e-04 9.999980000000000535e-01 8.447890000000000121e-01 -5.350989999999999913e-01 -1.010999999999999963e-03 5.350970000000000448e-01 8.447890000000000121e-01 -1.471000000000000085e-03
3.000000000000000000e+01 7.000000000000000000e+00 5.200000000000000000e+01 0.000000000000000000e+00 1.600000000000000089e+00 -3.240000000000000150e-04 2.415000000000000046e-03 -9.999970000000000248e-01 1.149170000000000053e-01 -9.933720000000000327e-01 -2.435999999999999797e-03 -9.933750000000000080e-01 -1.149180000000000063e-01 4.500000000000000283e-05
3.000000000000000000e+00 6.300000000000000000e+01 5.400000000000000000e+01 0.000000000000000000e+00 1.600000000000000089e+00 6.570000000000000319e-04 5.099000000000000234e-03 9.999869999999999592e-01 -3.561920000000000086e-01 9.344019999999999548e-01 -4.530000000000000172e-03 -9.344120000000000203e-01 -3.561849999999999739e-01 2.429999999999999868e-03
8.000000000000000000e+00 6.300000000000000000e+01 5.400000000000000000e+01 0.000000000000000000e+00 1.600000000000000089e+00 -1.984999999999999785e-03 -3.184999999999999897e-03 9.999930000000000208e-01 -3.515159999999999951e-01 9.361789999999999834e-01 2.284000000000000006e-03 -9.361800000000000122e-01 -3.515090000000000159e-01 -2.978000000000000178e-03
1.300000000000000000e+01 6.300000000000000000e+01 5.400000000000000000e+01 0.000000000000000000e+00 1.600000000000000089e+00 -6.740000000000000114e-04 7.730000000000000326e-04 9.999989999999999712e-01 -3.438169999999999837e-01 9.390359999999999818e-01 -9.579999999999999757e-04 -9.390359999999999818e-01 -3.438180000000000125e-01 -3.669999999999999760e-04
1.900000000000000000e+01 6.300000000000000000e+01 5.400000000000000000e+01 0.000000000000000000e+00 1.600000000000000089e+00 2.990000000000000036e-04 -2.260999999999999989e-03 9.999970000000000248e-01 -3.485230000000000272e-01 9.372979999999999645e-01 2.223000000000000149e-03 -9.373000000000000220e-01 -3.485230000000000272e-01 -5.079999999999999880e-04
2.300000000000000000e+01 6.300000000000000000e+01 5.400000000000000000e+01 0.000000000000000000e+00 1.600000000000000089e+00 1.347000000000000107e-03 -8.570000000000000144e-04 9.999989999999999712e-01 -3.504459999999999797e-01 9.365820000000000256e-01 1.275000000000000092e-03 -9.365820000000000256e-01 -3.504479999999999817e-01 9.610000000000000486e-04
2.800000000000000000e+01 6.300000000000000000e+01 5.400000000000000000e+01 0.000000000000000000e+00 1.600000000000000089e+00 -9.920000000000000432e-04 -1.480999999999999895e-03 9.999980000000000535e-01 -3.484269999999999867e-01 9.373350000000000293e-01 1.043000000000000090e-03 -9.373350000000000293e-01 -3.484249999999999847e-01 -1.446000000000000020e-03
1.600000000000000000e+01 2.500000000000000000e+01 5.500000000000000000e+01 0.000000000000000000e+00 1.600000000000000089e+00 7.919999999999999523e-04 -1.147999999999999932e-03 -9.999989999999999712e-01 -1.267099999999999997e-02 -9.999190000000000023e-01 1.137999999999999906e-03 -9.999190000000000023e-01 1.267000000000000071e-02 -8.069999999999999916e-04
2.700000000000000000e+01 2.500000000000000000e+01 5.500000000000000000e+01 0.000000000000000000e+00 1.600000000000000089e+00 -1.013000000000000012e-03 -1.717999999999999909e-03 -9.999980000000000535e-01 -1.150699999999999987e-02 -9.999320000000000430e-01 1.729999999999999984e-03 -9.999329999999999607e-01 1.150900000000000013e-02 9.929999999999999591e-04
2.000000000000000000e+00 2.100000000000000000e+01 6.000000000000000000e+01 0.000000000000000000e+00 1.600000000000000089e+00 -8.140000000000000534e-04 8.793000000000000468e-03 9.999609999999999888e-01 -9.478899999999999826e-02 9.954579999999999540e-01 -8.829999999999999308e-03 -9.954969999999999652e-01 -9.479200000000000126e-02 2.300000000000000002e-05
7.000000000000000000e+00 2.100000000000000000e+01 6.000000000000000000e+01 0.000000000000000000e+00 1.600000000000000089e+00 6.890000000000000508e-04 5.300000000000000024e-03 9.999860000000000415e-01 -9.734500000000000097e-02 9.952370000000000383e-01 -5.207999999999999956e-03 -9.952499999999999680e-01 -9.733999999999999597e-02 1.201999999999999943e-03
1.200000000000000000e+01 2.100000000000000000e+01 6.000000000000000000e+01 0.000000000000000000e+00 1.600000000000000089e+00 -7.529999999999999801e-04 -4.316999999999999657e-03 9.999900000000000455e-01 -9.637600000000000333e-02 9.953359999999999985e-01 4.224000000000000324e-03 -9.953450000000000353e-01 -9.637199999999999933e-02 -1.165999999999999936e-03
1.900000000000000000e+01 2.100000000000000000e+01 6.000000000000000000e+01 0.000000000000000000e+00 1.600000000000000089e+00 3.780000000000000265e-04 4.270000000000000249e-04 1.000000000000000000e+00 -9.450600000000000667e-02 9.955239999999999645e-01 -3.890000000000000228e-04 -9.955239999999999645e-01 -9.450600000000000667e-02 4.169999999999999987e-04
3.000000000000000000e+00 6.700000000000000000e+01 6.000000000000000000e+01 0.000000000000000000e+00 1.600000000000000089e+00 -7.999999999999999638e-06 3.266999999999999939e-03 9.999949999999999672e-01 1.762710000000000110e-01 -9.843359999999999888e-01 3.216999999999999808e-03 9.843420000000000503e-01 1.762700000000000100e-01 -5.680000000000000370e-04
1.900000000000000000e+01 6.700000000000000000e+01 6.000000000000000000e+01 0.000000000000000000e+00 1.600000000000000089e+00 3.330000000000000169e-04 3.219000000000000073e-03 9.999949999999999672e-01 1.781099999999999905e-01 -9.840060000000000473e-01 3.108000000000000086e-03 9.840109999999999690e-01 1.781079999999999885e-01 -9.009999999999999997e-04
2.500000000000000000e+01 6.700000000000000000e+01 6.000000000000000000e+01 0.000000000000000000e+00 1.600000000000000089e+00 1.882999999999999908e-03 2.309999999999999987e-03 9.999959999999999960e-01 1.748629999999999907e-01 -9.845909999999999940e-01 1.944999999999999897e-03 9.845909999999999940e-01 1.748580000000000134e-01 -2.258000000000000024e-03
1.100000000000000000e+01 6.000000000000000000e+00 6.100000000000000000e+01 0.000000000000000000e+00 1.600000000000000089e+00 -1.337999999999999997e-03 6.655999999999999590e-03 9.999770000000000048e-01 5.705959999999999921e-01 -8.212070000000000203e-01 6.230000000000000294e-03 8.212300000000000155e-01 5.705909999999999593e-01 -2.700000000000000143e-03
2.800000000000000000e+01 1.200000000000000000e+01 6.300000000000000000e+01 0.000000000000000000e+00 1.600000000000000089e+00 1.283100000000000039e-02 7.237999999999999642e-03 -9.998909999999999743e-01 -1.591909999999999992e-01 -9.872049999999999992e-01 -9.188999999999999252e-03 -9.871640000000000414e-01 1.592909999999999882e-01 -1.151499999999999919e-02
1.000000000000000000e+00 2.700000000000000000e+01 6.300000000000000000e+01 0.000000000000000000e+00 1.600000000000000089e+00 -2.010000000000000068e-03 1.819000000000000087e-03 9.999959999999999960e-01 -2.724940000000000140e-01 9.621549999999999825e-01 -2.298000000000000129e-03 -9.621549999999999825e-01 -2.724969999999999892e-01 -1.438999999999999958e-03
7.000000000000000000e+00 2.700000000000000000e+01 6.300000000000000000e+01 0.000000000000000000e+00 1.600000000000000089e+00 1.634999999999999952e-03 -3.706000000000000093e-03 9.999919999999999920e-01 -2.735040000000000249e-01 9.618630000000000235e-01 4.011999999999999941e-03 -9.618689999999999740e-01 -2.735079999999999734e-01 5.599999999999999509e-04
1.400000000000000000e+01 2.700000000000000000e+01 6.300000000000000000e+01 0.000000000000000000e+00 1.600000000000000089e+00 5.050000000000000235e-04 5.263999999999999582e-03 9.999860000000000415e-01 -2.696089999999999876e-01 9.629569999999999519e-01 -4.932999999999999885e-03 -9.629699999999999926e-01 -2.696020000000000083e-01 1.905999999999999925e-03
2.000000000000000000e+01 2.700000000000000000e+01 6.300000000000000000e+01 0.000000000000000000e+00 1.600000000000000089e+00 -6.000000000000000152e-05 -1.683000000000000034e-03 9.999989999999999712e-01 -2.723169999999999757e-01 9.622060000000000057e-01 1.603000000000000041e-03 -9.622079999999999522e-01 -2.723169999999999757e-01 -5.159999999999999656e-04
2.400000000000000000e+01 2.700000000000000000e+01 6.300000000000000000e+01 0.000000000000000000e+00 1.600000000000000089e+00 -5.339999999999999695e-04 -2.180000000000000134e-04 1.000000000000000000e+00 -2.743880000000000208e-01 9.616190000000000015e-01 6.299999999999999990e-05 -9.616190000000000015e-01 -2.743880000000000208e-01 -5.730000000000000501e-04
2.800000000000000000e+01 2.700000000000000000e+01 6.300000000000000000e+01 0.000000000000000000e+00 1.600000000000000089e+00 -6.549999999999999833e-04 1.642000000000000013e-03 9.999980000000000535e-01 -2.728579999999999894e-01 9.620530000000000470e-01 -1.758999999999999930e-03 -9.620539999999999647e-01 -2.728590000000000182e-01 -1.820000000000000057e-04
9.000000000000000000e+00 2.600000000000000000e+01 6.400000000000000000e+01 0.000000000000000000e+00 1.600000000000000089e+00 2.036000000000000049e-03 9.219999999999999680e-04 9.999970000000000248e-01 -3.537199999999999789e-01 9.353510000000000435e-01 -1.430000000000000064e-04 -9.353489999999999860e-01 -3.537190000000000056e-01 2.230999999999999910e-03
1.500000000000000000e+01 2.600000000000000000e+01 6.400000000000000000e+01 0.000000000000000000e+00 1.600000000000000089e+00 -3.499999999999999964e-04 5.023999999999999820e-03 9.999869999999999592e-01 -3.492219999999999769e-01 9.370279999999999720e-01 -4.830000000000000092e-03 -9.370399999999999840e-01 -3.492190000000000016e-01 1.427000000000000100e-03
1.900000000000000000e+01 2.600000000000000000e+01 6.400000000000000000e+01 0.000000000000000000e+00 1.600000000000000089e+00 7.450000000000000025e-04 5.999999999999999474e-04 1.000000000000000000e+00 -3.517640000000000211e-01 9.360889999999999489e-01 -2.999999999999999737e-04 -9.360880000000000312e-01 -3.517640000000000211e-01 9.089999999999999773e-04
2.400000000000000000e+01 2.600000000000000000e+01 6.400000000000000000e+01 0.000000000000000000e+00 1.600000000000000089e+00 -3.939999999999999817e-04 -5.839999999999999922e-04 1.000000000000000000e+00 -3.538649999999999851e-01 9.352970000000000450e-01 4.070000000000000267e-04 -9.352970000000000450e-01 -3.538640000000000119e-01 -5.760000000000000146e-04
2.800000000000000000e+01 2.600000000000000000e+01 6.400000000000000000e+01 0.000000000000000000e+00 1.600000000000000089e+00 -1.010999999999999963e-03 8.130000000000000291e-04 9.999989999999999712e-01 -3.527830000000000132e-01 9.357039999999999802e-01 -1.118000000000000070e-03 -9.357050000000000090e-01 -3.527839999999999865e-01 -6.589999999999999721e-04
7.000000000000000000e+00 6.900000000000000000e+01 6.600000000000000000e+01 0.000000000000000000e+00 1.600000000000000089e+00 2.589999999999999854e-03 1.899999999999999996e-03 9.999949999999999672e-01 -9.481690000000000396e-01 3.177619999999999889e-01 1.851999999999999914e-03 -3.177570000000000117e-01 -9.481690000000000396e-01 2.625000000000000163e-03
1.200000000000000000e+01 6.900000000000000000e+01 6.600000000000000000e+01 0.000000000000000000e+00 1.600000000000000089e+00 -3.627000000000000016e-03 -1.538000000000000088e-03 9.999919999999999920e-01 -9.496329999999999494e-01 3.133520000000000194e-01 -2.962999999999999922e-03 -3.133449999999999847e-01 -9.496360000000000356e-01 -2.596999999999999916e-03
