2.400000000000000000e+01 1.300000000000000000e+01 5.000000000000000000e+00 0.000000000000000000e+00 1.600000000000000089e+00 1.928600000000000106e-02 -1.087670000000000026e-01 9.938799999999999857e-01 3.676079999999999903e-01 -9.236630000000000118e-01 -1.082160000000000066e-01 9.297809999999999686e-01 3.674450000000000216e-01 2.216999999999999874e-02
2.300000000000000000e+01 1.000000000000000000e+00 6.000000000000000000e+00 0.000000000000000000e+00 1.600000000000000089e+00 2.048300000000000121e-02 -1.249399999999999955e-01 -9.919529999999999736e-01 -1.762809999999999933e-01 -9.770680000000000476e-01 1.194260000000000044e-01 -9.841269999999999740e-01 1.724160000000000137e-01 -4.203799999999999898e-02
1.200000000000000000e+01 1.010000000000000000e+02 7.000000000000000000e+00 0.000000000000000000e+00 1.600000000000000089e+00 -2.471000000000000106e-03 5.069999999999999637e-04 9.999970000000000248e-01 8.883210000000000273e-01 4.592189999999999883e-01 1.962999999999999901e-03 -4.592160000000000131e-01 8.883229999999999738e-01 -1.585000000000000037e-03
2.300000000000000000e+01 1.010000000000000000e+02 7.000000000000000000e+00 0.000000000000000000e+00 1.600000000000000089e+00 1.688000000000000047e-03 -1.782100000000000004e-02 9.998399999999999510e-01 8.861750000000000460e-01 4.633010000000000184e-01 6.761999999999999782e-03 -4.633479999999999821e-01 8.860209999999999475e-01 1.657499999999999946e-02
1.000000000000000000e+00 2.500000000000000000e+01 8.000000000000000000e+00 0.000000000000000000e+00 1.600000000000000089e+00 -9.389999999999999476e-04 -8.000000000000000654e-05 -1.000000000000000000e+00 4.375319999999999765e-01 8.992029999999999745e-01 -4.829999999999999767e-04 8.992019999999999458e-01 -4.375319999999999765e-01 -8.099999999999999561e-04
6.000000000000000000e+00 2.500000000000000000e+01 8.000000000000000000e+00 0.000000000000000000e+00 1.600000000000000089e+00 -1.019999999999999992e-04 2.913999999999999924e-03 -9.999959999999999960e-01 4.376780000000000115e-01 8.991280000000000383e-01 2.576000000000000165e-03 8.991320000000000423e-01 -4.376760000000000095e-01 -1.366999999999999943e-03
1.000000000000000000e+01 2.500000000000000000e+01 8.000000000000000000e+00 0.000000000000000000e+00 1.600000000000000089e+00 8.499999999999999526e-04 4.441999999999999768e-03 -9.999900000000000455e-01 4.395930000000000115e-01 8.981869999999999576e-01 4.363999999999999824e-03 8.981970000000000232e-01 -4.395919999999999828e-01 -1.188999999999999953e-03
1.400000000000000000e+01 2.500000000000000000e+01 8.000000000000000000e+00 0.000000000000000000e+00 1.600000000000000089e+00 5.379999999999999583e-04 -1.788000000000000093e-03 -9.999980000000000535e-01 4.405299999999999772e-01 8.977370000000000072e-01 -1.368000000000000075e-03 8.977380000000000360e-01 -4.405290000000000039e-01 1.270000000000000078e-03
1.800000000000000000e+01 2.500000000000000000e+01 8.000000000000000000e+00 0.000000000000000000e+00 1.600000000000000089e+00 8.319999999999999488e-04 -5.529999999999999976e-04 -1.000000000000000000e+00 4.403369999999999784e-01 8.978329999999999922e-01 -1.299999999999999886e-04 8.978319999999999634e-01 -4.403369999999999784e-01 9.899999999999999946e-04
2.100000000000000000e+01 2.500000000000000000e+01 8.000000000000000000e+00 0.000000000000000000e+00 1.600000000000000089e+00 1.090999999999999956e-03 3.987000000000000093e-03 -9.999909999999999632e-01 4.399230000000000085e-01 8.980259999999999909e-01 4.061000000000000373e-03 8.980350000000000277e-01 -4.399230000000000085e-01 -7.739999999999999485e-04
2.700000000000000000e+01 2.500000000000000000e+01 8.000000000000000000e+00 0.000000000000000000e+00 1.600000000000000089e+00 1.198000000000000063e-03 5.818000000000000255e-03 -9.999820000000000375e-01 4.390240000000000253e-01 8.984569999999999501e-01 5.753000000000000301e-03 8.984750000000000236e-01 -4.390229999999999966e-01 -1.477999999999999930e-03
5.000000000000000000e+00 2.400000000000000000e+01 9.000000000000000000e+00 0.000000000000000000e+00 1.600000000000000089e+00 -3.539999999999999853e-04 7.699999999999999597e-04 -1.000000000000000000e+00 4.440649999999999875e-01 8.959939999999999571e-01 5.330000000000000536e-04 8.959949999999999859e-01 -4.440649999999999875e-01 -6.589999999999999721e-04
9.000000000000000000e+00 2.400000000000000000e+01 9.000000000000000000e+00 0.000000000000000000e+00 1.600000000000000089e+00 -3.609999999999999928e-04 5.649000000000000375e-03 -9.999839999999999840e-01 4.457039999999999891e-01 8.951670000000000460e-01 4.896000000000000178e-03 8.951799999999999757e-01 -4.456959999999999811e-01 -2.841000000000000209e-03
1.300000000000000000e+01 2.400000000000000000e+01 9.000000000000000000e+00 0.000000000000000000e+00 1.600000000000000089e+00 7.389999999999999651e-04 3.899999999999999929e-05 -1.000000000000000000e+00 4.479179999999999828e-01 8.940740000000000354e-01 3.660000000000000059e-04 8.940740000000000354e-01 -4.479179999999999828e-01 6.440000000000000412e-04
1.700000000000000000e+01 2.400000000000000000e+01 9.000000000000000000e+00 0.000000000000000000e+00 1.600000000000000089e+00 6.909999999999999910e-04 -2.549000000000000050e-03 -9.999970000000000248e-01 4.478659999999999863e-01 8.940989999999999771e-01 -1.969999999999999963e-03 8.941000000000000059e-01 -4.478630000000000111e-01 1.758999999999999930e-03
2.200000000000000000e+01 2.400000000000000000e+01 9.000000000000000000e+00 0.000000000000000000e+00 1.600000000000000089e+00 8.229999999999999469e-04 5.269000000000000246e-03 -9.999860000000000415e-01 4.464170000000000083e-01 8.948110000000000230e-01 5.082999999999999845e-03 8.948249999999999815e-01 -4.464150000000000063e-01 -1.614999999999999899e-03
2.800000000000000000e+01 2.400000000000000000e+01 9.000000000000000000e+00 0.000000000000000000e+00 1.600000000000000089e+00 7.780000000000000457e-04 5.335999999999999598e-03 -9.999850000000000128e-01 4.458289999999999753e-01 8.951040000000000108e-01 5.122999999999999950e-03 8.951179999999999692e-01 -4.458260000000000001e-01 -1.681999999999999901e-03
1.500000000000000000e+01 7.000000000000000000e+00 1.000000000000000000e+01 0.000000000000000000e+00 1.600000000000000089e+00 -1.375510000000000066e-01 -7.334300000000000541e-02 -9.877759999999999874e-01 -9.509079999999999755e-01 -2.693380000000000218e-01 1.524159999999999959e-01 -2.772240000000000260e-01 9.602490000000000192e-01 -3.269400000000000084e-02
6.000000000000000000e+00 8.000000000000000000e+00 1.000000000000000000e+01 0.000000000000000000e+00 1.600000000000000089e+00 -1.187649999999999956e-01 -4.090200000000000086e-02 -9.920790000000000441e-01 -9.865690000000000293e-01 -1.079890000000000017e-01 1.225580000000000003e-01 -1.121469999999999967e-01 9.933100000000000263e-01 -2.752800000000000039e-02
1.500000000000000000e+01 3.000000000000000000e+00 1.100000000000000000e+01 0.000000000000000000e+00 1.600000000000000089e+00 1.486200000000000021e-02 -1.502030000000000032e-01 9.885439999999999783e-01 1.965909999999999880e-01 -9.689159999999999995e-01 -1.501760000000000039e-01 9.803730000000000500e-01 1.965709999999999957e-01 1.512900000000000009e-02
1.200000000000000000e+01 3.100000000000000000e+01 1.200000000000000000e+01 0.000000000000000000e+00 1.600000000000000089e+00 -5.659999999999999884e-04 4.815999999999999968e-03 9.999879999999999880e-01 -3.063799999999999857e-02 9.995190000000000463e-01 -4.831000000000000225e-03 -9.995300000000000296e-01 -3.064000000000000057e-02 -4.180000000000000230e-04
3.000000000000000000e+00 3.500000000000000000e+01 1.200000000000000000e+01 0.000000000000000000e+00 1.600000000000000089e+00 -1.704000000000000003e-03 4.843000000000000083e-03 -9.999869999999999592e-01 4.577970000000000095e-01 -8.890419999999999989e-01 -5.086000000000000243e-03 -8.890550000000000397e-01 -4.577999999999999847e-01 -7.020000000000000415e-04
6.000000000000000000e+00 3.500000000000000000e+01 1.200000000000000000e+01 0.000000000000000000e+00 1.600000000000000089e+00 -2.573999999999999899e-03 4.609000000000000249e-03 -9.999860000000000415e-01 4.581560000000000077e-01 -8.888559999999999794e-01 -5.276000000000000308e-03 -8.888679999999999914e-01 -4.581629999999999869e-01 1.759999999999999954e-04
2.400000000000000000e+01 3.200000000000000000e+01 1.400000000000000000e+01 0.000000000000000000e+00 1.600000000000000089e+00 -1.338999999999999913e-03 -4.200999999999999873e-03 -9.999900000000000455e-01 1.261700000000000044e-01 9.919989999999999641e-01 -4.335999999999999577e-03 9.920080000000000009e-01 -1.261750000000000094e-01 -7.979999999999999897e-04
2.100000000000000000e+01 1.200000000000000000e+01 1.500000000000000000e+01 0.000000000000000000e+00 1.600000000000000089e+00 1.136999999999999990e-02 1.704900000000000165e-02 -9.997899999999999565e-01 -4.021640000000000215e-01 -9.153449999999999642e-01 -2.018299999999999955e-02 -9.154970000000000052e-01 4.023090000000000277e-01 -3.550999999999999903e-03
2.800000000000000000e+01 1.200000000000000000e+01 1.500000000000000000e+01 0.000000000000000000e+00 1.600000000000000089e+00 8.790000000000000070e-04 -3.976999999999999633e-03 -9.999919999999999920e-01 -4.300080000000000013e-01 -9.028190000000000381e-01 3.212000000000000011e-03 -9.028249999999999886e-01 4.300019999999999953e-01 -2.504000000000000149e-03
3.000000000000000000e+00 1.200000000000000000e+01 1.600000000000000000e+01 0.000000000000000000e+00 1.600000000000000089e+00 1.027899999999999994e-02 -6.692700000000000038e-02 9.977049999999999530e-01 2.465090000000000059e-01 -9.667940000000000422e-01 -6.739299999999999458e-02 9.690860000000000030e-01 2.466359999999999941e-01 6.559999999999999859e-03
1.900000000000000000e+01 1.160000000000000000e+02 1.600000000000000000e+01 0.000000000000000000e+00 1.600000000000000089e+00 9.349999999999999587e-04 1.546000000000000065e-03 9.999980000000000535e-01 7.022230000000000416e-01 7.119550000000000045e-01 -1.757000000000000098e-03 -7.119569999999999510e-01 7.022230000000000416e-01 -4.200000000000000174e-04
7.000000000000000000e+00 2.000000000000000000e+00 1.900000000000000000e+01 0.000000000000000000e+00 1.600000000000000089e+00 1.279399999999999982e-02 -6.783999999999999753e-02 -9.976140000000000008e-01 3.630869999999999931e-01 -9.292820000000000524e-01 6.784900000000000653e-02 -9.316670000000000229e-01 -3.630889999999999951e-01 1.274300000000000085e-02
1.100000000000000000e+01 2.000000000000000000e+00 1.900000000000000000e+01 0.000000000000000000e+00 1.600000000000000089e+00 1.416700000000000077e-02 -5.645200000000000218e-02 -9.983049999999999979e-01 3.667030000000000012e-01 -9.285470000000000113e-01 5.771099999999999841e-02 -9.302300000000000013e-01 -3.668989999999999752e-01 7.545999999999999756e-03
1.700000000000000000e+01 2.000000000000000000e+00 1.900000000000000000e+01 0.000000000000000000e+00 1.600000000000000089e+00 6.163000000000000075e-03 -4.436199999999999866e-02 -9.989959999999999951e-01 3.544019999999999948e-01 -9.340730000000000421e-01 4.366600000000000342e-02 -9.350730000000000430e-01 -3.543160000000000198e-01 9.964999999999999900e-03
2.000000000000000000e+01 2.000000000000000000e+00 1.900000000000000000e+01 0.000000000000000000e+00 1.600000000000000089e+00 -1.618999999999999996e-03 -6.670800000000000340e-02 -9.977709999999999635e-01 3.410579999999999723e-01 -9.379849999999999577e-01 6.215699999999999698e-02 -9.400410000000000155e-01 -3.401970000000000272e-01 2.426899999999999891e-02
2.500000000000000000e+01 2.000000000000000000e+00 1.900000000000000000e+01 0.000000000000000000e+00 1.600000000000000089e+00 -2.732199999999999906e-02 -6.716099999999999848e-02 -9.973680000000000323e-01 3.122139999999999915e-01 -9.484000000000000208e-01 5.531099999999999905e-02 -9.496189999999999909e-01 -3.098810000000000175e-01 4.688099999999999906e-02
2.800000000000000000e+01 2.000000000000000000e+00 1.900000000000000000e+01 0.000000000000000000e+00 1.600000000000000089e+00 -3.265099999999999947e-02 -6.263299999999999423e-02 -9.975019999999999998e-01 2.944010000000000238e-01 -9.543580000000000396e-01 5.028699999999999837e-02 -9.551239999999999730e-01 -2.920240000000000058e-01 4.959999999999999826e-02
1.400000000000000000e+01 3.000000000000000000e+00 1.900000000000000000e+01 0.000000000000000000e+00 1.600000000000000089e+00 1.234000000000000027e-02 -3.087399999999999867e-02 -9.994469999999999743e-01 3.336359999999999881e-01 -9.421169999999999822e-01 3.322200000000000153e-02 -9.426210000000000422e-01 -3.338610000000000189e-01 -1.325999999999999922e-03
1.900000000000000000e+01 3.000000000000000000e+00 1.900000000000000000e+01 0.000000000000000000e+00 1.600000000000000089e+00 -9.719999999999999907e-04 -4.942900000000000071e-02 -9.987770000000000259e-01 3.208799999999999986e-01 -9.459779999999999855e-01 4.650399999999999673e-02 -9.471190000000000442e-01 -3.204420000000000046e-01 1.677999999999999978e-02
2.400000000000000000e+01 3.000000000000000000e+00 1.900000000000000000e+01 0.000000000000000000e+00 1.600000000000000089e+00 -2.734200000000000172e-02 -6.704599999999999449e-02 -9.973750000000000115e-01 3.022810000000000219e-01 -9.515909999999999647e-01 5.568100000000000133e-02 -9.528269999999999795e-01 -2.999649999999999817e-01 4.628499999999999975e-02
2.000000000000000000e+00 4.000000000000000000e+00 2.000000000000000000e+01 0.000000000000000000e+00 1.600000000000000089e+00 7.988999999999999574e-03 -5.044900000000000079e-02 -9.986949999999999994e-01 4.056899999999999951e-01 -9.126779999999999893e-01 4.934899999999999703e-02 -9.139760000000000106e-01 -4.055540000000000256e-01 1.317600000000000021e-02
2.000000000000000000e+01 4.000000000000000000e+00 2.000000000000000000e+01 0.000000000000000000e+00 1.600000000000000089e+00 -1.928999999999999942e-03 -2.916699999999999848e-02 -9.995730000000000448e-01 3.367829999999999990e-01 -9.412000000000000366e-01 2.681300000000000003e-02 -9.415799999999999725e-01 -3.365870000000000251e-01 1.163900000000000004e-02
4.000000000000000000e+00 1.300000000000000000e+01 2.000000000000000000e+01 0.000000000000000000e+00 1.600000000000000089e+00 5.199999999999999544e-04 4.244999999999999642e-03 9.999909999999999632e-01 2.618349999999999844e-01 9.651030000000000442e-01 -4.232999999999999784e-03 -9.651129999999999987e-01 2.618349999999999844e-01 -6.099999999999999737e-04
8.000000000000000000e+00 1.300000000000000000e+01 2.000000000000000000e+01 0.000000000000000000e+00 1.600000000000000089e+00 -6.799999999999999946e-05 3.899000000000000122e-03 9.999919999999999920e-01 2.604339999999999988e-01 9.654840000000000089e-01 -3.746999999999999897e-03 -9.654920000000000169e-01 2.604319999999999968e-01 -1.080999999999999930e-03
1.300000000000000000e+01 1.300000000000000000e+01 2.000000000000000000e+01 0.000000000000000000e+00 1.600000000000000089e+00 -6.840000000000000377e-04 -2.648000000000000180e-03 9.999959999999999960e-01 2.595930000000000182e-01 9.657139999999999613e-01 2.733999999999999885e-03 -9.657179999999999653e-01 2.595939999999999914e-01 2.699999999999999899e-05
1.700000000000000000e+01 1.300000000000000000e+01 2.000000000000000000e+01 0.000000000000000000e+00 1.600000000000000089e+00 -1.809000000000000061e-03 -7.931000000000000549e-03 9.999670000000000503e-01 2.622929999999999984e-01 9.649539999999999784e-01 8.127999999999999808e-03 -9.649870000000000392e-01 2.622990000000000044e-01 3.350000000000000113e-04
2.200000000000000000e+01 1.300000000000000000e+01 2.000000000000000000e+01 0.000000000000000000e+00 1.600000000000000089e+00 -1.210000000000000002e-04 -3.217999999999999940e-03 9.999949999999999672e-01 2.647700000000000053e-01 9.643070000000000253e-01 3.135000000000000200e-03 -9.643119999999999470e-01 2.647689999999999766e-01 7.360000000000000006e-04
2.700000000000000000e+01 1.300000000000000000e+01 2.000000000000000000e+01 0.000000000000000000e+00 1.600000000000000089e+00 1.033999999999999980e-03 4.330999999999999781e-03 9.999900000000000455e-01 2.638809999999999767e-01 9.645449999999999857e-01 -4.449999999999999963e-03 -9.645550000000000512e-01 2.638829999999999787e-01 -1.450000000000000009e-04
2.000000000000000000e+00 3.000000000000000000e+00 2.500000000000000000e+01 0.000000000000000000e+00 1.600000000000000089e+00 1.020599999999999979e-02 -4.485499999999999904e-02 9.989409999999999679e-01 1.750900000000000026e-02 -9.988320000000000531e-01 -4.502899999999999958e-02 9.997949999999999893e-01 1.795000000000000068e-02 -9.409000000000000696e-03
1.000000000000000000e+01 3.000000000000000000e+00 2.500000000000000000e+01 0.000000000000000000e+00 1.600000000000000089e+00 1.474800000000000069e-02 -3.979400000000000298e-02 9.990989999999999593e-01 -2.716999999999999797e-03 -9.992060000000000386e-01 -3.975800000000000167e-02 9.998879999999999990e-01 -2.128000000000000117e-03 -1.484399999999999956e-02
1.600000000000000000e+01 3.000000000000000000e+00 2.500000000000000000e+01 0.000000000000000000e+00 1.600000000000000089e+00 -3.886000000000000131e-03 5.189000000000000036e-03 9.999789999999999512e-01 -3.858899999999999830e-02 -9.992419999999999636e-01 5.035000000000000413e-03 9.992480000000000251e-01 -3.856899999999999912e-02 4.082999999999999824e-03
5.000000000000000000e+00 4.600000000000000000e+01 2.700000000000000000e+01 0.000000000000000000e+00 1.600000000000000089e+00 1.244000000000000097e-03 1.044999999999999922e-03 -9.999989999999999712e-01 6.765130000000000310e-01 7.364290000000000003e-01 1.611000000000000019e-03 7.364290000000000003e-01 -6.765149999999999775e-01 2.090000000000000115e-04
1.700000000000000000e+01 4.600000000000000000e+01 2.700000000000000000e+01 0.000000000000000000e+00 1.600000000000000089e+00 -4.350000000000000026e-04 -2.854999999999999899e-03 -9.999959999999999960e-01 6.807189999999999630e-01 7.325409999999999977e-01 -2.387999999999999932e-03 7.325450000000000017e-01 -6.807170000000000165e-01 1.624000000000000010e-03
2.600000000000000000e+01 4.600000000000000000e+01 2.700000000000000000e+01 0.000000000000000000e+00 1.600000000000000089e+00 -7.110000000000000434e-04 2.498999999999999919e-03 -9.999970000000000248e-01 6.767279999999999962e-01 7.362319999999999975e-01 1.358999999999999965e-03 7.362330000000000263e-01 -6.767239999999999922e-01 -2.214999999999999955e-03
2.800000000000000000e+01 4.600000000000000000e+01 3.000000000000000000e+01 0.000000000000000000e+00 1.600000000000000089e+00 -1.069999999999999988e-03 2.980000000000000010e-03 -9.999949999999999672e-01 3.290319999999999911e-01 9.443150000000000155e-01 2.462000000000000213e-03 9.443179999999999907e-01 -3.290279999999999871e-01 -1.991000000000000148e-03
6.000000000000000000e+00 5.800000000000000000e+01 3.100000000000000000e+01 0.000000000000000000e+00 1.600000000000000089e+00 -1.894000000000000067e-03 -1.618999999999999996e-03 9.999970000000000248e-01 -8.071110000000000229e-01 -5.903939999999999744e-01 -2.484000000000000097e-03 5.903960000000000319e-01 -8.071139999999999981e-01 -1.879999999999999890e-04
1.100000000000000000e+01 5.800000000000000000e+01 3.100000000000000000e+01 0.000000000000000000e+00 1.600000000000000089e+00 -5.126000000000000348e-03 -3.949000000000000253e-03 9.999789999999999512e-01 -8.117760000000000531e-01 -5.839330000000000354e-01 -6.466999999999999658e-03 5.839459999999999651e-01 -8.117929999999999868e-01 -2.130000000000000003e-04
1.500000000000000000e+01 5.800000000000000000e+01 3.100000000000000000e+01 0.000000000000000000e+00 1.600000000000000089e+00 2.259999999999999910e-04 1.337999999999999997e-03 9.999989999999999712e-01 -8.120979999999999865e-01 -5.835200000000000387e-01 9.640000000000000131e-04 5.835200000000000387e-01 -8.120979999999999865e-01 9.550000000000000112e-04
1.900000000000000000e+01 5.800000000000000000e+01 3.100000000000000000e+01 0.000000000000000000e+00 1.600000000000000089e+00 3.387999999999999953e-03 3.968000000000000173e-03 9.999860000000000415e-01 -8.097499999999999698e-01 -5.867529999999999690e-01 5.072000000000000119e-03 5.867649999999999810e-01 -8.097560000000000313e-01 1.224999999999999960e-03
2.600000000000000000e+01 5.800000000000000000e+01 3.100000000000000000e+01 0.000000000000000000e+00 1.600000000000000089e+00 -2.099999999999999870e-03 -5.246999999999999928e-03 9.999839999999999840e-01 -8.133930000000000327e-01 -5.816949999999999621e-01 -4.760000000000000342e-03 5.817109999999999781e-01 -8.133899999999999464e-01 -3.046999999999999795e-03
3.000000000000000000e+00 4.600000000000000000e+01 3.500000000000000000e+01 0.000000000000000000e+00 1.600000000000000089e+00 -2.194000000000000204e-03 -3.333000000000000025e-03 -9.999919999999999920e-01 3.898889999999999856e-01 -9.208589999999999831e-01 2.213999999999999822e-03 -9.208589999999999831e-01 -3.898809999999999776e-01 3.320000000000000034e-03
7.000000000000000000e+00 4.600000000000000000e+01 3.500000000000000000e+01 0.000000000000000000e+00 1.600000000000000089e+00 -5.779999999999999548e-04 -2.403000000000000188e-03 -9.999970000000000248e-01 3.912889999999999979e-01 -9.202660000000000284e-01 1.984999999999999785e-03 -9.202679999999999749e-01 -3.912860000000000227e-01 1.472000000000000001e-03
1.400000000000000000e+01 4.600000000000000000e+01 3.500000000000000000e+01 0.000000000000000000e+00 1.600000000000000089e+00 3.699999999999999947e-04 -3.789999999999999966e-04 -1.000000000000000000e+00 3.921029999999999793e-01 -9.199209999999999887e-01 4.939999999999999730e-04 -9.199209999999999887e-01 -3.921040000000000081e-01 -1.920000000000000049e-04
1.600000000000000000e+01 4.600000000000000000e+01 3.500000000000000000e+01 0.000000000000000000e+00 1.600000000000000089e+00 2.689999999999999791e-04 1.090999999999999956e-03 -9.999989999999999712e-01 3.914380000000000082e-01 -9.202040000000000219e-01 -8.980000000000000352e-04 -9.202050000000000507e-01 -3.914369999999999794e-01 -6.750000000000000357e-04
2.400000000000000000e+01 4.600000000000000000e+01 3.500000000000000000e+01 0.000000000000000000e+00 1.600000000000000089e+00 -6.809999999999999647e-04 -1.119999999999999983e-04 -1.000000000000000000e+00 3.912209999999999854e-01 -9.202970000000000317e-01 -1.640000000000000019e-04 -9.202960000000000029e-01 -3.912209999999999854e-01 6.700000000000000226e-04
2.800000000000000000e+01 4.600000000000000000e+01 3.500000000000000000e+01 0.000000000000000000e+00 1.600000000000000089e+00 9.690000000000000262e-04 5.799999999999999600e-03 -9.999829999999999552e-01 3.895390000000000241e-01 -9.209960000000000369e-01 -4.963999999999999663e-03 -9.210089999999999666e-01 -3.895279999999999854e-01 -3.151999999999999854e-03
2.100000000000000000e+01 9.500000000000000000e+01 3.600000000000000000e+01 0.000000000000000000e+00 1.600000000000000089e+00 2.900000000000000017e-04 6.164000000000000208e-03 9.999810000000000088e-01 9.967369999999999841e-01 8.071599999999999608e-02 -7.870000000000000476e-04 -8.071899999999999908e-02 9.967179999999999929e-01 -6.120999999999999705e-03
2.400000000000000000e+01 9.500000000000000000e+01 3.600000000000000000e+01 0.000000000000000000e+00 1.600000000000000089e+00 -4.600000000000000004e-05 -8.493000000000000549e-03 9.999639999999999640e-01 9.967279999999999474e-01 8.082200000000000495e-02 7.320000000000000118e-04 -8.082499999999999407e-02 9.966920000000000224e-01 8.460999999999999771e-03
1.200000000000000000e+01 3.000000000000000000e+00 4.300000000000000000e+01 0.000000000000000000e+00 1.600000000000000089e+00 5.450000000000000200e-04 -8.356999999999999845e-03 -9.999649999999999928e-01 7.427390000000000381e-01 -6.695539999999999825e-01 6.000000000000000125e-03 -6.695809999999999818e-01 -7.427160000000000428e-01 5.841999999999999971e-03
8.000000000000000000e+00 2.900000000000000000e+01 4.400000000000000000e+01 0.000000000000000000e+00 1.600000000000000089e+00 3.933999999999999997e-03 6.769999999999999759e-04 -9.999919999999999920e-01 6.650650000000000173e-01 7.467789999999999706e-01 3.121000000000000076e-03 7.467749999999999666e-01 -6.650719999999999965e-01 2.487000000000000061e-03
1.700000000000000000e+01 2.900000000000000000e+01 4.400000000000000000e+01 0.000000000000000000e+00 1.600000000000000089e+00 -1.209999999999999921e-03 4.139000000000000318e-03 -9.999909999999999632e-01 6.644670000000000298e-01 7.473140000000000338e-01 2.288999999999999802e-03 7.473170000000000091e-01 -6.644579999999999931e-01 -3.654999999999999829e-03
2.300000000000000000e+01 5.400000000000000000e+01 4.600000000000000000e+01 0.000000000000000000e+00 1.600000000000000089e+00 4.470000000000000232e-04 3.147000000000000058e-03 9.999949999999999672e-01 2.896619999999999751e-01 -9.571250000000000036e-01 2.883000000000000146e-03 9.571290000000000076e-01 2.896589999999999998e-01 -1.340000000000000045e-03
9.000000000000000000e+00 5.000000000000000000e+00 5.100000000000000000e+01 0.000000000000000000e+00 1.600000000000000089e+00 1.242000000000000048e-03 -1.489200000000000072e-02 -9.998879999999999990e-01 4.828089999999999882e-01 -8.756190000000000362e-01 1.364100000000000035e-02 -8.757249999999999757e-01 -4.827719999999999789e-01 6.101999999999999785e-03
2.000000000000000000e+01 5.000000000000000000e+00 5.100000000000000000e+01 0.000000000000000000e+00 1.600000000000000089e+00 -2.093999999999999941e-03 2.857000000000000164e-03 -9.999940000000000495e-01 4.823500000000000010e-01 -8.759719999999999729e-01 -3.513000000000000064e-03 -8.759759999999999769e-01 -4.823540000000000050e-01 4.560000000000000251e-04
2.600000000000000000e+01 5.000000000000000000e+00 5.100000000000000000e+01 0.000000000000000000e+00 1.600000000000000089e+00 1.374000000000000004e-03 1.435000000000000078e-03 -9.999980000000000535e-01 4.904689999999999883e-01 -8.714589999999999836e-01 -5.770000000000000389e-04 -8.714579999999999549e-01 -4.904669999999999863e-01 -1.900999999999999912e-03
2.900000000000000000e+01 5.000000000000000000e+00 5.100000000000000000e+01 0.000000000000000000e+00 1.600000000000000089e+00 -2.837999999999999811e-03 -2.694000000000000214e-03 -9.999919999999999920e-01 4.952860000000000040e-01 -8.687300000000000022e-01 9.340000000000000429e-04 -8.687249999999999694e-01 -4.952790000000000248e-01 3.799999999999999992e-03
9.000000000000000000e+00 1.150000000000000000e+02 5.100000000000000000e+01 0.000000000000000000e+00 1.600000000000000089e+00 -2.295999999999999864e-03 3.380000000000000192e-03 9.999919999999999920e-01 8.457729999999999970e-01 -5.335299999999999487e-01 3.745000000000000065e-03 5.335379999999999567e-01 8.457740000000000258e-01 -1.632999999999999903e-03
2.000000000000000000e+00 6.300000000000000000e+01 5.400000000000000000e+01 0.000000000000000000e+00 1.600000000000000089e+00 3.089999999999999865e-03 -2.469999999999999973e-03 9.999919999999999920e-01 -3.525630000000000153e-01 9.357820000000000027e-01 3.400999999999999943e-03 -9.357830000000000314e-01 -3.525699999999999945e-01 2.020000000000000094e-03
7.000000000000000000e+00 6.300000000000000000e+01 5.400000000000000000e+01 0.000000000000000000e+00 1.600000000000000089e+00 -1.221999999999999996e-03 -3.595000000000000105e-03 9.999930000000000208e-01 -3.533049999999999802e-01 9.355040000000000022e-01 2.932000000000000144e-03 -9.355080000000000062e-01 -3.532980000000000009e-01 -2.413000000000000214e-03
1.200000000000000000e+01 6.300000000000000000e+01 5.400000000000000000e+01 0.000000000000000000e+00 1.600000000000000089e+00 -1.441000000000000007e-03 -1.521999999999999915e-03 9.999980000000000535e-01 -3.496619999999999728e-01 9.368750000000000133e-01 9.219999999999999680e-04 -9.368750000000000133e-01 -3.496600000000000263e-01 -1.881999999999999992e-03
2.400000000000000000e+01 6.300000000000000000e+01 5.400000000000000000e+01 0.000000000000000000e+00 1.600000000000000089e+00 -1.301000000000000073e-03 -3.144999999999999792e-03 9.999940000000000495e-01 -3.538009999999999766e-01 9.353179999999999827e-01 2.481999999999999831e-03 -9.353200000000000403e-01 -3.537959999999999994e-01 -2.328999999999999907e-03
2.800000000000000000e+01 6.300000000000000000e+01 5.400000000000000000e+01 0.000000000000000000e+00 1.600000000000000089e+00 -7.450000000000000025e-04 1.969999999999999909e-04 1.000000000000000000e+00 -3.501110000000000055e-01 9.367079999999999851e-01 -4.449999999999999746e-04 -9.367079999999999851e-01 -3.501110000000000055e-01 -6.290000000000000018e-04
1.400000000000000000e+01 2.500000000000000000e+01 5.500000000000000000e+01 0.000000000000000000e+00 1.600000000000000089e+00 -3.449999999999999833e-04 -3.147000000000000058e-03 -9.999949999999999672e-01 -1.488399999999999966e-02 -9.998839999999999950e-01 3.151999999999999854e-03 -9.998890000000000278e-01 1.488500000000000066e-02 2.979999999999999793e-04
1.700000000000000000e+01 2.500000000000000000e+01 5.500000000000000000e+01 0.000000000000000000e+00 1.600000000000000089e+00 3.950000000000000061e-04 3.171999999999999906e-03 -9.999949999999999672e-01 -1.502099999999999963e-02 -9.998820000000000485e-01 -3.177000000000000136e-03 -9.998869999999999703e-01 1.502299999999999990e-02 -3.469999999999999777e-04
2.200000000000000000e+01 2.500000000000000000e+01 5.500000000000000000e+01 0.000000000000000000e+00 1.600000000000000089e+00 -1.128000000000000096e-03 3.791999999999999798e-03 -9.999919999999999920e-01 -1.378099999999999985e-02 -9.998979999999999535e-01 -3.775999999999999843e-03 -9.999040000000000150e-01 1.377600000000000005e-02 1.180000000000000059e-03
2.900000000000000000e+01 2.500000000000000000e+01 5.500000000000000000e+01 0.000000000000000000e+00 1.600000000000000089e+00 2.863000000000000093e-03 -7.945000000000000673e-03 -9.999639999999999640e-01 -1.412599999999999967e-02 -9.998690000000000078e-01 7.903999999999999568e-03 -9.998960000000000070e-01 1.410299999999999922e-02 -2.975000000000000214e-03
1.100000000000000000e+01 5.800000000000000000e+01 5.900000000000000000e+01 0.000000000000000000e+00 1.600000000000000089e+00 -3.130000000000000187e-04 -4.217000000000000262e-03 -9.999909999999999632e-01 3.944670000000000121e-01 9.189009999999999678e-01 -3.998999999999999951e-03 9.189100000000000046e-01 -3.944650000000000101e-01 1.376000000000000053e-03
1.500000000000000000e+01 2.100000000000000000e+01 6.000000000000000000e+01 0.000000000000000000e+00 1.600000000000000089e+00 4.108999999999999805e-03 -7.999999999999999638e-06 9.999919999999999920e-01 -9.709800000000000375e-02 9.952750000000000208e-01 4.070000000000000267e-04 -9.952659999999999840e-01 -9.709900000000000475e-02 4.088999999999999753e-03
1.900000000000000000e+01 2.100000000000000000e+01 6.000000000000000000e+01 0.000000000000000000e+00 1.600000000000000089e+00 4.278999999999999818e-03 -1.746699999999999989e-02 9.998380000000000045e-01 -1.013109999999999983e-01 9.946949999999999958e-01 1.781100000000000044e-02 -9.948460000000000081e-01 -1.013710000000000028e-01 2.487000000000000061e-03
2.500000000000000000e+01 2.100000000000000000e+01 6.000000000000000000e+01 0.000000000000000000e+00 1.600000000000000089e+00 -2.095000000000000074e-03 2.268000000000000051e-03 9.999949999999999672e-01 -9.566199999999999704e-02 9.954110000000000458e-01 -2.458000000000000115e-03 -9.954119999999999635e-01 -9.566700000000000204e-02 -1.868000000000000086e-03
4.000000000000000000e+00 6.000000000000000000e+00 6.100000000000000000e+01 0.000000000000000000e+00 1.600000000000000089e+00 1.299999999999999940e-03 2.295000000000000165e-03 9.999970000000000248e-01 5.660840000000000316e-01 -8.243470000000000519e-01 1.155999999999999910e-03 8.243460000000000232e-01 5.660809999999999453e-01 -2.370999999999999844e-03
5.000000000000000000e+00 2.700000000000000000e+01 6.300000000000000000e+01 0.000000000000000000e+00 1.600000000000000089e+00 -8.779999999999999827e-04 5.454999999999999780e-03 9.999850000000000128e-01 -2.662240000000000162e-01 9.638949999999999463e-01 -5.492000000000000354e-03 -9.639109999999999623e-01 -2.662249999999999894e-01 6.059999999999999849e-04
1.500000000000000000e+01 2.700000000000000000e+01 6.300000000000000000e+01 0.000000000000000000e+00 1.600000000000000089e+00 4.070000000000000267e-04 -6.447999999999999739e-03 9.999789999999999512e-01 -2.731910000000000172e-01 9.619389999999999885e-01 6.313000000000000035e-03 -9.619600000000000373e-01 -2.731870000000000132e-01 -1.369999999999999907e-03
2.300000000000000000e+01 2.700000000000000000e+01 6.300000000000000000e+01 0.000000000000000000e+00 1.600000000000000089e+00 4.458000000000000157e-03 8.064999999999999253e-03 9.999580000000000135e-01 -2.732350000000000056e-01 9.619250000000000300e-01 -6.539999999999999807e-03 -9.619370000000000420e-01 -2.731939999999999924e-01 6.492000000000000375e-03
5.000000000000000000e+00 2.600000000000000000e+01 6.400000000000000000e+01 0.000000000000000000e+00 1.600000000000000089e+00 -1.807999999999999928e-03 7.816999999999999296e-03 9.999679999999999680e-01 -3.440389999999999837e-01 9.389220000000000343e-01 -7.960999999999999327e-03 -9.389539999999999553e-01 -3.440429999999999877e-01 9.920000000000000432e-04
1.600000000000000000e+01 2.600000000000000000e+01 6.400000000000000000e+01 0.000000000000000000e+00 1.600000000000000089e+00 1.958000000000000105e-03 -3.455000000000000172e-03 9.999919999999999920e-01 -3.552270000000000150e-01 9.347720000000000473e-01 3.924999999999999670e-03 -9.347779999999999978e-01 -3.552319999999999922e-01 6.030000000000000204e-04
1.900000000000000000e+01 2.600000000000000000e+01 6.400000000000000000e+01 0.000000000000000000e+00 1.600000000000000089e+00 4.245999999999999774e-03 3.923000000000000272e-03 9.999829999999999552e-01 -3.566449999999999898e-01 9.342380000000000129e-01 -2.151000000000000134e-03 -9.342300000000000049e-01 -3.566300000000000026e-01 5.366000000000000110e-03
2.500000000000000000e+01 2.600000000000000000e+01 6.400000000000000000e+01 0.000000000000000000e+00 1.600000000000000089e+00 4.028999999999999596e-03 6.079000000000000202e-03 9.999730000000000008e-01 -3.538950000000000151e-01 9.352749999999999675e-01 -4.259999999999999898e-03 -9.352759999999999962e-01 -3.538689999999999891e-01 5.918999999999999782e-03
2.100000000000000000e+01 6.900000000000000000e+01 6.600000000000000000e+01 0.000000000000000000e+00 1.600000000000000089e+00 1.154000000000000078e-03 -2.089000000000000145e-03 9.999970000000000248e-01 -9.487409999999999455e-01 3.160499999999999976e-01 1.755000000000000050e-03 -3.160529999999999728e-01 -9.487400000000000277e-01 -1.616999999999999948e-03
4.000000000000000000e+00 2.500000000000000000e+01 7.300000000000000000e+01 0.000000000000000000e+00 1.600000000000000089e+00 -2.928000000000000047e-03 9.730000000000000151e-04 9.999949999999999672e-01 7.470719999999999583e-01 -6.647370000000000223e-01 2.834000000000000147e-03 6.647359999999999935e-01 7.470769999999999911e-01 1.219000000000000031e-03
1.000000000000000000e+01 2.500000000000000000e+01 7.300000000000000000e+01 0.000000000000000000e+00 1.600000000000000089e+00 1.108999999999999960e-03 1.453000000000000081e-03 9.999980000000000535e-01 7.547110000000000207e-01 -6.560570000000000013e-01 1.160000000000000007e-04 6.560570000000000013e-01 7.547099999999999920e-01 -1.824000000000000100e-03
2.500000000000000000e+01 2.500000000000000000e+01 7.300000000000000000e+01 0.000000000000000000e+00 1.600000000000000089e+00 2.220000000000000022e-04 -1.369999999999999907e-03 9.999989999999999712e-01 7.484899999999999887e-01 -6.631460000000000132e-01 -1.075000000000000001e-03 6.631460000000000132e-01 7.484889999999999599e-01 8.779999999999999827e-04
3.000000000000000000e+01 2.500000000000000000e+01 7.300000000000000000e+01 0.000000000000000000e+00 1.600000000000000089e+00 9.120000000000000502e-04 1.494200000000000042e-02 9.998879999999999990e-01 7.518690000000000095e-01 -6.592489999999999739e-01 9.166000000000000536e-03 6.593120000000000092e-01 7.517759999999999998e-01 -1.183599999999999930e-02
4.000000000000000000e+00 4.400000000000000000e+01 7.300000000000000000e+01 0.000000000000000000e+00 1.600000000000000089e+00 -1.776000000000000018e-03 3.959999999999999978e-03 9.999909999999999632e-01 5.820700000000000179e-02 -9.982959999999999612e-01 4.056999999999999842e-03 9.983030000000000515e-01 5.821300000000000086e-02 1.541999999999999968e-03
8.000000000000000000e+00 4.400000000000000000e+01 7.300000000000000000e+01 0.000000000000000000e+00 1.600000000000000089e+00 -1.502999999999999996e-03 -4.007000000000000145e-03 9.999909999999999632e-01 5.639500000000000068e-02 -9.984009999999999829e-01 -3.916000000000000210e-03 9.984070000000000444e-01 5.638900000000000162e-02 1.727000000000000019e-03
1.500000000000000000e+01 4.400000000000000000e+01 7.300000000000000000e+01 0.000000000000000000e+00 1.600000000000000089e+00 -4.081000000000000426e-03 -1.625700000000000062e-02 9.998590000000000533e-01 5.334300000000000153e-02 -9.984480000000000022e-01 -1.601599999999999899e-02 9.985680000000000112e-01 5.326999999999999791e-02 4.941000000000000079e-03
2.900000000000000000e+01 4.400000000000000000e+01 7.300000000000000000e+01 0.000000000000000000e+00 1.600000000000000089e+00 1.363200000000000002e-02 1.704400000000000012e-02 9.997620000000000395e-01 5.089400000000000174e-02 -9.985709999999999864e-01 1.633000000000000076e-02 9.986110000000000264e-01 5.065999999999999670e-02 -1.447999999999999982e-02
1.100000000000000000e+01 5.100000000000000000e+01 7.600000000000000000e+01 0.000000000000000000e+00 1.600000000000000089e+00 -9.370000000000000074e-04 -5.386000000000000162e-03 -9.999850000000000128e-01 -3.925770000000000093e-01 -9.197039999999999660e-01 5.322000000000000342e-03 -9.197189999999999532e-01 3.925759999999999805e-01 -1.252999999999999991e-03
5.000000000000000000e+00 9.100000000000000000e+01 7.600000000000000000e+01 0.000000000000000000e+00 1.600000000000000089e+00 -6.419999999999999925e-04 -4.859999999999999954e-04 1.000000000000000000e+00 3.780490000000000239e-01 -9.257859999999999978e-01 -2.069999999999999900e-04 9.257849999999999691e-01 3.780490000000000239e-01 7.780000000000000457e-04
8.000000000000000000e+00 9.100000000000000000e+01 7.600000000000000000e+01 0.000000000000000000e+00 1.600000000000000089e+00 -1.309000000000000051e-03 -1.154000000000000078e-03 9.999989999999999712e-01 3.738119999999999776e-01 -9.275039999999999951e-01 -5.810000000000000277e-04 9.275029999999999664e-01 3.738110000000000044e-01 1.644999999999999978e-03
1.600000000000000000e+01 9.100000000000000000e+01 7.600000000000000000e+01 0.000000000000000000e+00 1.600000000000000089e+00 -1.450000000000000009e-04 1.046000000000000055e-03 9.999989999999999712e-01 3.900669999999999971e-01 -9.207859999999999934e-01 1.018999999999999941e-03 9.207859999999999934e-01 3.900669999999999971e-01 -2.739999999999999923e-04
1.900000000000000000e+01 9.100000000000000000e+01 7.600000000000000000e+01 0.000000000000000000e+00 1.600000000000000089e+00 -3.840000000000000097e-04 -1.724999999999999971e-03 9.999980000000000535e-01 3.844980000000000064e-01 -9.231249999999999734e-01 -1.443999999999999971e-03 9.231260000000000021e-01 3.844969999999999777e-01 1.018000000000000025e-03
2.500000000000000000e+01 9.100000000000000000e+01 7.600000000000000000e+01 0.000000000000000000e+00 1.600000000000000089e+00 2.092000000000000109e-03 -3.800000000000000209e-05 9.999980000000000535e-01 3.604769999999999919e-01 -9.327680000000000415e-01 -7.900000000000000121e-04 9.327659999999999840e-01 3.604780000000000206e-01 -1.938000000000000052e-03
2.800000000000000000e+01 9.100000000000000000e+01 7.600000000000000000e+01 0.000000000000000000e+00 1.600000000000000089e+00 2.961999999999999789e-03 -1.520000000000000084e-04 9.999959999999999960e-01 3.549780000000000157e-01 -9.348739999999999828e-01 -1.193000000000000050e-03 9.348699999999999788e-01 3.549800000000000177e-01 -2.714999999999999965e-03
9.000000000000000000e+00 6.300000000000000000e+01 8.100000000000000000e+01 0.000000000000000000e+00 1.600000000000000089e+00 -5.699000000000000073e-03 -2.560999999999999908e-03 9.999810000000000088e-01 1.398499999999999917e-02 -9.998989999999999823e-01 -2.481000000000000132e-03 9.998860000000000525e-01 1.397100000000000078e-02 5.734000000000000381e-03
