2.300000000000000000e+01 2.500000000000000000e+01 1.000000000000000000e+00 0.000000000000000000e+00 1.600000000000000089e+00 3.933999999999999997e-03 -4.490000000000000067e-03 -9.999820000000000375e-01 -5.219989999999999908e-01 -8.529440000000000355e-01 1.776000000000000018e-03 -8.529369999999999452e-01 5.219829999999999748e-01 -5.700000000000000205e-03
1.700000000000000000e+01 4.200000000000000000e+01 2.000000000000000000e+00 0.000000000000000000e+00 1.600000000000000089e+00 6.590999999999999637e-03 -1.327500000000000034e-02 -9.998899999999999455e-01 9.829879999999999729e-01 -1.834510000000000030e-01 8.914999999999999314e-03 -1.835489999999999899e-01 -9.829390000000000072e-01 1.183999999999999983e-02
3.000000000000000000e+00 1.500000000000000000e+01 4.000000000000000000e+00 0.000000000000000000e+00 1.600000000000000089e+00 -6.250000000000000130e-04 2.007999999999999802e-03 9.999980000000000535e-01 3.113750000000000129e-01 -9.502850000000000463e-01 2.102999999999999835e-03 9.502869999999999928e-01 3.113759999999999861e-01 -3.100000000000000135e-05
1.000000000000000000e+01 1.500000000000000000e+01 4.000000000000000000e+00 0.000000000000000000e+00 1.600000000000000089e+00 -2.377999999999999906e-03 -4.530000000000000172e-03 9.999869999999999592e-01 3.089990000000000236e-01 -9.510560000000000125e-01 -3.572999999999999787e-03 9.510589999999999877e-01 3.089859999999999829e-01 3.661000000000000192e-03
1.300000000000000000e+01 1.500000000000000000e+01 4.000000000000000000e+00 0.000000000000000000e+00 1.600000000000000089e+00 -3.116999999999999979e-03 -2.625999999999999862e-03 9.999919999999999920e-01 3.089919999999999889e-01 -9.510629999999999917e-01 -1.534999999999999906e-03 9.510600000000000165e-01 3.089839999999999809e-01 3.775999999999999843e-03
2.200000000000000000e+01 1.500000000000000000e+01 4.000000000000000000e+00 0.000000000000000000e+00 1.600000000000000089e+00 1.990000000000000015e-03 3.282999999999999894e-03 9.999930000000000208e-01 3.055999999999999828e-01 -9.521570000000000311e-01 2.517999999999999839e-03 9.521579999999999488e-01 3.055930000000000035e-01 -2.897999999999999968e-03
9.000000000000000000e+00 1.010000000000000000e+02 7.000000000000000000e+00 0.000000000000000000e+00 1.600000000000000089e+00 -1.729999999999999984e-03 -8.267999999999999308e-03 9.999639999999999640e-01 8.812200000000000033e-01 4.726750000000000118e-01 5.432000000000000196e-03 -4.727029999999999843e-01 8.811980000000000368e-01 6.467999999999999791e-03
1.400000000000000000e+01 1.500000000000000000e+01 8.000000000000000000e+00 0.000000000000000000e+00 1.600000000000000089e+00 1.209000000000000005e-03 5.850000000000000165e-04 -9.999989999999999712e-01 -5.990450000000000497e-01 -8.007140000000000368e-01 -1.191999999999999917e-03 -8.007140000000000368e-01 5.990459999999999674e-01 -6.179999999999999513e-04
5.000000000000000000e+00 2.500000000000000000e+01 8.000000000000000000e+00 0.000000000000000000e+00 1.600000000000000089e+00 -2.093999999999999941e-03 -4.427999999999999645e-03 -9.999879999999999880e-01 4.443710000000000160e-01 8.958289999999999864e-01 -4.897999999999999576e-03 8.958399999999999697e-01 -4.443759999999999932e-01 9.200000000000000007e-05
1.100000000000000000e+01 2.500000000000000000e+01 8.000000000000000000e+00 0.000000000000000000e+00 1.600000000000000089e+00 -4.339999999999999782e-04 2.716000000000000098e-03 -9.999959999999999960e-01 4.449230000000000129e-01 8.955659999999999732e-01 2.239000000000000105e-03 8.955689999999999484e-01 -4.449199999999999822e-01 -1.596999999999999895e-03
1.400000000000000000e+01 2.500000000000000000e+01 8.000000000000000000e+00 0.000000000000000000e+00 1.600000000000000089e+00 -1.897000000000000032e-03 -1.255999999999999955e-03 -9.999970000000000248e-01 4.435230000000000006e-01 8.962609999999999744e-01 -1.966999999999999998e-03 8.962609999999999744e-01 -4.435259999999999758e-01 -1.142999999999999919e-03
1.700000000000000000e+01 2.500000000000000000e+01 8.000000000000000000e+00 0.000000000000000000e+00 1.600000000000000089e+00 -1.007999999999999998e-03 -7.298999999999999932e-03 -9.999730000000000008e-01 4.445470000000000255e-01 8.957279999999999687e-01 -6.986000000000000022e-03 8.957549999999999679e-01 -4.445419999999999927e-01 2.341999999999999898e-03
2.100000000000000000e+01 2.500000000000000000e+01 8.000000000000000000e+00 0.000000000000000000e+00 1.600000000000000089e+00 -1.603999999999999957e-03 -5.899999999999999863e-03 -9.999810000000000088e-01 4.471700000000000119e-01 8.944290000000000296e-01 -5.994000000000000196e-03 8.944469999999999921e-01 -4.471720000000000139e-01 1.203999999999999992e-03
2.400000000000000000e+01 2.500000000000000000e+01 8.000000000000000000e+00 0.000000000000000000e+00 1.600000000000000089e+00 -3.354000000000000210e-03 -4.650999999999999752e-03 -9.999839999999999840e-01 4.486870000000000025e-01 8.936709999999999932e-01 -5.661000000000000233e-03 8.936830000000000052e-01 -4.486990000000000145e-01 -9.100000000000000016e-04
4.000000000000000000e+00 2.400000000000000000e+01 9.000000000000000000e+00 0.000000000000000000e+00 1.600000000000000089e+00 -2.125000000000000153e-03 -5.832999999999999644e-03 -9.999810000000000088e-01 4.482920000000000238e-01 8.938660000000000494e-01 -6.165999999999999606e-03 8.938840000000000119e-01 -4.482970000000000010e-01 7.159999999999999481e-04
8.000000000000000000e+00 2.400000000000000000e+01 9.000000000000000000e+00 0.000000000000000000e+00 1.600000000000000089e+00 -5.439999999999999957e-04 -3.618000000000000122e-03 -9.999930000000000208e-01 4.496109999999999829e-01 8.932179999999999565e-01 -3.475999999999999923e-03 8.932250000000000467e-01 -4.496089999999999809e-01 1.139999999999999954e-03
1.400000000000000000e+01 2.400000000000000000e+01 9.000000000000000000e+00 0.000000000000000000e+00 1.600000000000000089e+00 -1.345000000000000058e-03 -1.387999999999999911e-03 -9.999980000000000535e-01 4.471189999999999887e-01 8.944720000000000448e-01 -1.843000000000000020e-03 8.944729999999999626e-01 -4.471209999999999907e-01 -5.829999999999999679e-04
1.800000000000000000e+01 2.400000000000000000e+01 9.000000000000000000e+00 0.000000000000000000e+00 1.600000000000000089e+00 -9.870000000000000301e-04 -6.320000000000000097e-03 -9.999799999999999800e-01 4.480999999999999983e-01 8.939629999999999521e-01 -6.092000000000000193e-03 8.939829999999999721e-01 -4.480970000000000231e-01 1.949999999999999910e-03
2.500000000000000000e+01 2.400000000000000000e+01 9.000000000000000000e+00 0.000000000000000000e+00 1.600000000000000089e+00 -3.105000000000000121e-03 -1.727000000000000019e-03 -9.999940000000000495e-01 4.508900000000000130e-01 8.925750000000000073e-01 -2.941000000000000038e-03 8.925739999999999785e-01 -4.508960000000000190e-01 -1.992999999999999980e-03
2.900000000000000000e+01 2.400000000000000000e+01 9.000000000000000000e+00 0.000000000000000000e+00 1.600000000000000089e+00 -2.556999999999999811e-03 -7.614000000000000108e-03 -9.999679999999999680e-01 4.516439999999999899e-01 8.921630000000000393e-01 -7.948000000000000204e-03 8.921949999999999603e-01 -4.516499999999999959e-01 1.157000000000000042e-03
2.600000000000000000e+01 3.200000000000000000e+01 1.400000000000000000e+01 0.000000000000000000e+00 1.600000000000000089e+00 2.100000000000000087e-04 -6.299999999999999990e-05 -1.000000000000000000e+00 1.060350000000000042e-01 9.943619999999999681e-01 -4.100000000000000047e-05 9.943619999999999681e-01 -1.060350000000000042e-01 2.159999999999999919e-04
1.100000000000000000e+01 1.160000000000000000e+02 1.600000000000000000e+01 0.000000000000000000e+00 1.600000000000000089e+00 4.530000000000000064e-04 -1.340999999999999961e-03 9.999989999999999712e-01 6.879899999999999904e-01 7.257200000000000317e-01 6.610000000000000207e-04 -7.257200000000000317e-01 6.879889999999999617e-01 1.250999999999999942e-03
2.200000000000000000e+01 1.160000000000000000e+02 1.600000000000000000e+01 0.000000000000000000e+00 1.600000000000000089e+00 2.026000000000000023e-03 9.629999999999999888e-04 9.999970000000000248e-01 6.791390000000000482e-01 7.340069999999999650e-01 -2.083000000000000216e-03 -7.340069999999999650e-01 6.791409999999999947e-01 8.329999999999999731e-04
2.700000000000000000e+01 1.160000000000000000e+02 1.600000000000000000e+01 0.000000000000000000e+00 1.600000000000000089e+00 5.700000000000000314e-05 2.818999999999999891e-03 9.999959999999999960e-01 7.037309999999999954e-01 7.104639999999999844e-01 -2.043000000000000111e-03 -7.104669999999999597e-01 7.037280000000000202e-01 -1.943999999999999981e-03
4.000000000000000000e+00 2.000000000000000000e+00 1.900000000000000000e+01 0.000000000000000000e+00 1.600000000000000089e+00 -4.350000000000000026e-04 -1.994000000000000113e-03 -9.999980000000000535e-01 1.924420000000000019e-01 -9.813070000000000404e-01 1.873000000000000099e-03 -9.813079999999999581e-01 -1.924410000000000009e-01 8.099999999999999561e-04
7.000000000000000000e+00 2.000000000000000000e+00 1.900000000000000000e+01 0.000000000000000000e+00 1.600000000000000089e+00 -6.880000000000000265e-04 -2.380000000000000171e-03 -9.999970000000000248e-01 1.950379999999999892e-01 -9.807930000000000259e-01 2.200000000000000133e-03 -9.807949999999999724e-01 -1.950359999999999872e-01 1.139000000000000038e-03
1.000000000000000000e+01 2.000000000000000000e+00 1.900000000000000000e+01 0.000000000000000000e+00 1.600000000000000089e+00 -2.456999999999999983e-03 -2.517999999999999839e-03 -9.999940000000000495e-01 1.968350000000000100e-01 -9.804349999999999454e-01 1.984999999999999785e-03 -9.804340000000000277e-01 -1.968280000000000030e-01 2.905000000000000030e-03
1.500000000000000000e+01 2.000000000000000000e+00 1.900000000000000000e+01 0.000000000000000000e+00 1.600000000000000089e+00 -1.557999999999999923e-03 5.263000000000000317e-03 -9.999850000000000128e-01 1.979960000000000053e-01 -9.801870000000000305e-01 -5.466999999999999638e-03 -9.802009999999999890e-01 -1.980020000000000113e-01 4.850000000000000253e-04
1.900000000000000000e+01 2.000000000000000000e+00 1.900000000000000000e+01 0.000000000000000000e+00 1.600000000000000089e+00 -3.941000000000000059e-03 6.295000000000000248e-03 -9.999719999999999720e-01 1.980959999999999943e-01 -9.801579999999999737e-01 -6.950999999999999714e-03 -9.801750000000000185e-01 -1.981179999999999886e-01 2.615000000000000137e-03
2.200000000000000000e+01 2.000000000000000000e+00 1.900000000000000000e+01 0.000000000000000000e+00 1.600000000000000089e+00 -2.292999999999999899e-03 7.659999999999999708e-04 -9.999970000000000248e-01 1.966189999999999882e-01 -9.804789999999999894e-01 -1.201000000000000028e-03 -9.804770000000000429e-01 -1.966209999999999902e-01 2.098000000000000038e-03
2.800000000000000000e+01 2.000000000000000000e+00 1.900000000000000000e+01 0.000000000000000000e+00 1.600000000000000089e+00 2.151999999999999833e-03 -6.904999999999999680e-03 -9.999740000000000295e-01 1.919720000000000037e-01 -9.813739999999999686e-01 7.190000000000000210e-03 -9.813979999999999926e-01 -1.919820000000000138e-01 -7.870000000000000476e-04
1.100000000000000000e+01 4.000000000000000000e+00 2.000000000000000000e+01 0.000000000000000000e+00 1.600000000000000089e+00 -1.066000000000000107e-03 -2.132999999999999913e-03 -9.999970000000000248e-01 2.916560000000000263e-01 -9.565219999999999834e-01 1.729999999999999984e-03 -9.565230000000000121e-01 -2.916540000000000243e-01 1.641000000000000097e-03
2.200000000000000000e+01 4.000000000000000000e+00 2.000000000000000000e+01 0.000000000000000000e+00 1.600000000000000089e+00 -4.335000000000000311e-03 -1.997000000000000077e-03 -9.999890000000000168e-01 2.908359999999999834e-01 -9.567729999999999846e-01 6.499999999999999702e-04 -9.567630000000000301e-01 -2.908299999999999774e-01 4.728000000000000431e-03
2.500000000000000000e+01 4.000000000000000000e+00 2.000000000000000000e+01 0.000000000000000000e+00 1.600000000000000089e+00 -3.280000000000000038e-04 -3.433999999999999986e-03 -9.999940000000000495e-01 2.870940000000000158e-01 -9.578969999999999985e-01 3.194999999999999923e-03 -9.579020000000000312e-01 -2.870909999999999851e-01 1.299999999999999940e-03
7.000000000000000000e+00 1.300000000000000000e+01 2.000000000000000000e+01 0.000000000000000000e+00 1.600000000000000089e+00 -3.579999999999999741e-04 1.330000000000000073e-04 1.000000000000000000e+00 2.531700000000000061e-01 9.674220000000000041e-01 -3.800000000000000209e-05 -9.674220000000000041e-01 2.531700000000000061e-01 -3.800000000000000209e-04
1.400000000000000000e+01 1.300000000000000000e+01 2.000000000000000000e+01 0.000000000000000000e+00 1.600000000000000089e+00 -7.320000000000000118e-04 -5.509999999999999490e-04 1.000000000000000000e+00 2.540799999999999725e-01 9.671830000000000149e-01 7.190000000000000210e-04 -9.671830000000000149e-01 2.540799999999999725e-01 -5.680000000000000370e-04
1.900000000000000000e+01 1.300000000000000000e+01 2.000000000000000000e+01 0.000000000000000000e+00 1.600000000000000089e+00 -2.484999999999999796e-03 -6.591999999999999769e-03 9.999749999999999472e-01 2.566499999999999893e-01 9.664789999999999770e-01 7.008999999999999606e-03 -9.665010000000000545e-01 2.566609999999999725e-01 -7.100000000000000191e-04
2.400000000000000000e+01 1.300000000000000000e+01 2.000000000000000000e+01 0.000000000000000000e+00 1.600000000000000089e+00 -1.379999999999999933e-04 -6.549999999999999833e-04 1.000000000000000000e+00 2.568070000000000075e-01 9.664620000000000433e-01 6.689999999999999983e-04 -9.664629999999999610e-01 2.568070000000000075e-01 3.499999999999999693e-05
2.600000000000000000e+01 1.300000000000000000e+01 2.000000000000000000e+01 0.000000000000000000e+00 1.600000000000000089e+00 2.629999999999999959e-04 -1.330000000000000073e-04 1.000000000000000000e+00 2.560239999999999738e-01 9.666709999999999470e-01 6.099999999999999872e-05 -9.666709999999999470e-01 2.560239999999999738e-01 2.880000000000000073e-04
6.000000000000000000e+00 1.600000000000000000e+01 2.100000000000000000e+01 0.000000000000000000e+00 1.600000000000000089e+00 -6.250000000000000130e-04 1.379000000000000017e-03 9.999989999999999712e-01 2.969740000000000157e-01 9.548849999999999838e-01 -1.131000000000000061e-03 -9.548849999999999838e-01 2.969729999999999870e-01 -1.007000000000000083e-03
1.100000000000000000e+01 1.600000000000000000e+01 2.100000000000000000e+01 0.000000000000000000e+00 1.600000000000000089e+00 4.659999999999999971e-04 5.824000000000000184e-03 9.999829999999999552e-01 2.969069999999999765e-01 9.548900000000000166e-01 -5.700000000000000205e-03 -9.549060000000000326e-01 2.969040000000000012e-01 -1.283999999999999985e-03
1.400000000000000000e+01 1.600000000000000000e+01 2.100000000000000000e+01 0.000000000000000000e+00 1.600000000000000089e+00 -4.949999999999999973e-04 -7.730000000000000326e-04 1.000000000000000000e+00 2.967839999999999923e-01 9.549440000000000150e-01 8.850000000000000444e-04 -9.549440000000000150e-01 2.967850000000000210e-01 -2.429999999999999977e-04
1.900000000000000000e+01 1.600000000000000000e+01 2.100000000000000000e+01 0.000000000000000000e+00 1.600000000000000089e+00 -2.070999999999999924e-03 -6.773000000000000374e-03 9.999749999999999472e-01 2.986289999999999778e-01 9.543430000000000524e-01 7.082999999999999886e-03 -9.543669999999999654e-01 2.986360000000000126e-01 4.699999999999999724e-05
2.000000000000000000e+00 3.000000000000000000e+00 2.500000000000000000e+01 0.000000000000000000e+00 1.600000000000000089e+00 5.981000000000000205e-03 5.252999999999999857e-03 9.999679999999999680e-01 -5.134899999999999881e-02 -9.986650000000000249e-01 5.552999999999999776e-03 9.986629999999999674e-01 -5.138000000000000206e-02 -5.702999999999999736e-03
9.000000000000000000e+00 3.000000000000000000e+00 2.500000000000000000e+01 0.000000000000000000e+00 1.600000000000000089e+00 -8.400000000000000348e-04 5.569999999999999864e-04 1.000000000000000000e+00 -5.672200000000000158e-02 -9.983899999999999997e-01 5.090000000000000123e-04 9.983899999999999997e-01 -5.672100000000000058e-02 8.710000000000000294e-04
1.800000000000000000e+01 3.000000000000000000e+00 2.500000000000000000e+01 0.000000000000000000e+00 1.600000000000000089e+00 5.866999999999999819e-03 6.708000000000000421e-03 9.999599999999999600e-01 -5.480499999999999955e-02 -9.984720000000000262e-01 7.020000000000000198e-03 9.984800000000000342e-01 -5.484399999999999692e-02 -5.490000000000000088e-03
2.300000000000000000e+01 3.000000000000000000e+00 2.500000000000000000e+01 0.000000000000000000e+00 1.600000000000000089e+00 2.089000000000000145e-03 -4.054000000000000312e-03 9.999900000000000455e-01 -5.534300000000000330e-02 -9.984600000000000142e-01 -3.931999999999999731e-03 9.984650000000000469e-01 -5.533400000000000124e-02 -2.311000000000000120e-03
1.100000000000000000e+01 4.600000000000000000e+01 2.700000000000000000e+01 0.000000000000000000e+00 1.600000000000000089e+00 -1.531999999999999942e-03 3.440000000000000132e-04 -9.999989999999999712e-01 6.426579999999999515e-01 7.661529999999999729e-01 -7.209999999999999612e-04 7.661520000000000552e-01 -6.426579999999999515e-01 -1.394999999999999973e-03
1.700000000000000000e+01 4.600000000000000000e+01 2.700000000000000000e+01 0.000000000000000000e+00 1.600000000000000089e+00 1.132999999999999893e-03 -2.079999999999999872e-04 -9.999989999999999712e-01 6.442400000000000349e-01 7.648230000000000306e-01 5.699999999999999772e-04 7.648230000000000306e-01 -6.442400000000000349e-01 1.000000000000000021e-03
2.000000000000000000e+01 4.600000000000000000e+01 2.700000000000000000e+01 0.000000000000000000e+00 1.600000000000000089e+00 3.187999999999999862e-03 -5.969999999999999829e-04 -9.999949999999999672e-01 6.457720000000000127e-01 7.635290000000000132e-01 1.603000000000000041e-03 7.635239999999999805e-01 -6.457730000000000414e-01 2.818999999999999891e-03
2.300000000000000000e+01 4.600000000000000000e+01 3.000000000000000000e+01 0.000000000000000000e+00 1.600000000000000089e+00 1.547999999999999897e-03 1.850000000000000082e-03 -9.999970000000000248e-01 3.261539999999999995e-01 9.453139999999999876e-01 2.253999999999999927e-03 9.453150000000000164e-01 -3.261560000000000015e-01 8.599999999999999789e-04
6.000000000000000000e+00 5.800000000000000000e+01 3.100000000000000000e+01 0.000000000000000000e+00 1.600000000000000089e+00 -3.089000000000000166e-03 -6.001000000000000258e-03 9.999770000000000048e-01 -7.996159999999999934e-01 -6.004810000000000425e-01 -6.073000000000000273e-03 6.005040000000000378e-01 -7.996170000000000222e-01 -2.944000000000000002e-03
1.300000000000000000e+01 5.800000000000000000e+01 3.100000000000000000e+01 0.000000000000000000e+00 1.600000000000000089e+00 -3.710000000000000190e-04 -2.001999999999999873e-03 9.999980000000000535e-01 -8.017239999999999922e-01 -5.976930000000000298e-01 -1.492999999999999969e-03 5.976939999999999475e-01 -8.017229999999999634e-01 -1.382999999999999898e-03
2.600000000000000000e+01 5.800000000000000000e+01 3.100000000000000000e+01 0.000000000000000000e+00 1.600000000000000089e+00 -6.470000000000000057e-04 -1.835000000000000043e-03 9.999980000000000535e-01 -8.015379999999999727e-01 -5.979419999999999735e-01 -1.616000000000000032e-03 5.979440000000000310e-01 -8.015370000000000550e-01 -1.083999999999999894e-03
2.100000000000000000e+01 6.000000000000000000e+00 3.200000000000000000e+01 0.000000000000000000e+00 1.600000000000000089e+00 3.549000000000000071e-03 2.870999999999999854e-03 -9.999900000000000455e-01 9.382200000000000262e-02 9.955840000000000245e-01 3.190999999999999826e-03 9.955829999999999957e-01 -9.383299999999999974e-02 3.263999999999999974e-03
1.000000000000000000e+00 4.600000000000000000e+01 3.500000000000000000e+01 0.000000000000000000e+00 1.600000000000000089e+00 -1.681999999999999901e-03 2.150000000000000001e-03 -9.999959999999999960e-01 3.862639999999999962e-01 -9.223839999999999817e-01 -2.632999999999999924e-03 -9.223869999999999569e-01 -3.862670000000000270e-01 7.209999999999999612e-04
7.000000000000000000e+00 4.600000000000000000e+01 3.500000000000000000e+01 0.000000000000000000e+00 1.600000000000000089e+00 -6.099999999999999737e-04 -3.980000000000000248e-04 -1.000000000000000000e+00 3.862229999999999830e-01 -9.224050000000000304e-01 1.320000000000000101e-04 -9.224050000000000304e-01 -3.862229999999999830e-01 7.169999999999999724e-04
1.300000000000000000e+01 4.600000000000000000e+01 3.500000000000000000e+01 0.000000000000000000e+00 1.600000000000000089e+00 3.570000000000000040e-04 1.755999999999999965e-03 -9.999980000000000535e-01 3.848070000000000102e-01 -9.229960000000000386e-01 -1.484000000000000076e-03 -9.229969999999999564e-01 -3.848059999999999814e-01 -1.005000000000000034e-03
1.800000000000000000e+01 4.600000000000000000e+01 3.500000000000000000e+01 0.000000000000000000e+00 1.600000000000000089e+00 -1.320000000000000101e-04 3.286999999999999991e-03 -9.999949999999999672e-01 3.856200000000000183e-01 -9.226529999999999454e-01 -3.083999999999999936e-03 -9.226579999999999782e-01 -3.856180000000000163e-01 -1.146000000000000100e-03
2.400000000000000000e+01 4.600000000000000000e+01 3.500000000000000000e+01 0.000000000000000000e+00 1.600000000000000089e+00 2.709999999999999735e-04 -1.850999999999999998e-03 -9.999980000000000535e-01 3.850040000000000129e-01 -9.229129999999999834e-01 1.812999999999999941e-03 -9.229150000000000409e-01 -3.850040000000000129e-01 4.620000000000000083e-04
2.900000000000000000e+01 4.600000000000000000e+01 3.500000000000000000e+01 0.000000000000000000e+00 1.600000000000000089e+00 4.550000000000000008e-04 -2.314999999999999784e-03 -9.999970000000000248e-01 3.841030000000000277e-01 -9.232869999999999688e-01 2.311999999999999819e-03 -9.232900000000000551e-01 -3.841030000000000277e-01 4.690000000000000158e-04
1.400000000000000000e+01 9.500000000000000000e+01 3.600000000000000000e+01 0.000000000000000000e+00 1.600000000000000089e+00 1.379999999999999933e-03 3.020000000000000115e-03 9.999940000000000495e-01 9.982670000000000154e-01 5.882099999999999829e-02 -1.554999999999999959e-03 -5.882500000000000229e-02 9.982640000000000402e-01 -2.933999999999999976e-03
1.900000000000000000e+01 9.500000000000000000e+01 3.600000000000000000e+01 0.000000000000000000e+00 1.600000000000000089e+00 8.071000000000000049e-03 9.339999999999999344e-03 9.999240000000000350e-01 9.976110000000000255e-01 6.852900000000000658e-02 -8.692999999999999339e-03 -6.860499999999999932e-02 9.976049999999999640e-01 -8.763999999999999221e-03
2.300000000000000000e+01 9.500000000000000000e+01 3.600000000000000000e+01 0.000000000000000000e+00 1.600000000000000089e+00 7.948999999999999469e-03 1.105199999999999932e-02 9.999069999999999903e-01 9.975730000000000430e-01 6.908400000000000651e-02 -8.694999999999999604e-03 -6.917399999999999938e-02 9.975500000000000478e-01 -1.047599999999999920e-02
8.000000000000000000e+00 3.000000000000000000e+00 4.300000000000000000e+01 0.000000000000000000e+00 1.600000000000000089e+00 -3.699999999999999947e-04 -7.851000000000000340e-03 -9.999689999999999968e-01 7.410989999999999522e-01 -6.713770000000000016e-01 4.996999999999999706e-03 -6.713959999999999928e-01 -7.410740000000000105e-01 6.067000000000000344e-03
1.500000000000000000e+01 3.000000000000000000e+00 4.300000000000000000e+01 0.000000000000000000e+00 1.600000000000000089e+00 2.043999999999999810e-03 -2.345999999999999995e-03 -9.999949999999999672e-01 7.380320000000000213e-01 -6.747579999999999689e-01 3.092000000000000130e-03 -6.747619999999999729e-01 -7.380349999999999966e-01 3.519999999999999908e-04
2.200000000000000000e+01 3.000000000000000000e+00 4.300000000000000000e+01 0.000000000000000000e+00 1.600000000000000089e+00 -4.369999999999999970e-04 2.339799999999999866e-02 -9.997260000000000035e-01 7.396549999999999514e-01 -6.727950000000000319e-01 -1.607000000000000095e-02 -6.729870000000000019e-01 -7.394589999999999774e-01 -1.701199999999999934e-02
2.900000000000000000e+01 3.000000000000000000e+00 4.300000000000000000e+01 0.000000000000000000e+00 1.600000000000000089e+00 5.828999999999999980e-03 8.002000000000000432e-03 -9.999510000000000343e-01 7.375570000000000181e-01 -6.752839999999999954e-01 -1.103999999999999947e-03 -6.752590000000000536e-01 -7.375150000000000317e-01 -9.839000000000000523e-03
1.100000000000000000e+01 8.000000000000000000e+00 4.400000000000000000e+01 0.000000000000000000e+00 1.600000000000000089e+00 -3.260000000000000094e-04 -6.213999999999999906e-03 9.999810000000000088e-01 -7.830799999999999983e-01 -6.219069999999999876e-01 -4.120000000000000398e-03 6.219209999999999461e-01 -7.830660000000000398e-01 -4.663999999999999743e-03
1.500000000000000000e+01 8.000000000000000000e+00 4.400000000000000000e+01 0.000000000000000000e+00 1.600000000000000089e+00 -9.110000000000000259e-04 4.575000000000000074e-03 9.999890000000000168e-01 -7.828720000000000123e-01 -6.221790000000000376e-01 2.132999999999999913e-03 6.221820000000000128e-01 -7.828610000000000291e-01 4.148999999999999910e-03
2.500000000000000000e+01 8.000000000000000000e+00 4.400000000000000000e+01 0.000000000000000000e+00 1.600000000000000089e+00 1.329000000000000103e-03 2.733999999999999885e-03 9.999949999999999672e-01 -7.847769999999999468e-01 -6.197719999999999896e-01 2.736999999999999850e-03 6.197759999999999936e-01 -7.847769999999999468e-01 1.322000000000000041e-03
4.000000000000000000e+00 2.900000000000000000e+01 4.400000000000000000e+01 0.000000000000000000e+00 1.600000000000000089e+00 1.201999999999999943e-03 -8.400000000000000348e-04 -9.999989999999999712e-01 6.678260000000000307e-01 7.443170000000000064e-01 1.769999999999999926e-04 7.443159999999999776e-01 -6.678260000000000307e-01 1.456000000000000046e-03
1.000000000000000000e+01 2.900000000000000000e+01 4.400000000000000000e+01 0.000000000000000000e+00 1.600000000000000089e+00 2.197999999999999867e-03 -4.153999999999999707e-03 -9.999890000000000168e-01 6.709169999999999856e-01 7.415310000000000512e-01 -1.606000000000000006e-03 7.415289999999999937e-01 -6.709060000000000024e-01 4.416999999999999919e-03
1.500000000000000000e+01 2.900000000000000000e+01 4.400000000000000000e+01 0.000000000000000000e+00 1.600000000000000089e+00 1.438000000000000042e-03 -3.465000000000000198e-03 -9.999930000000000208e-01 6.772099999999999786e-01 7.357879999999999976e-01 -1.575000000000000011e-03 7.357879999999999976e-01 -6.772029999999999994e-01 3.403999999999999908e-03
2.300000000000000000e+01 2.900000000000000000e+01 4.400000000000000000e+01 0.000000000000000000e+00 1.600000000000000089e+00 1.965000000000000167e-03 -5.659999999999999884e-04 -9.999980000000000535e-01 6.843949999999999756e-01 7.291109999999999536e-01 9.319999999999999942e-04 7.291090000000000071e-01 -6.843960000000000043e-01 1.820000000000000003e-03
2.700000000000000000e+01 2.900000000000000000e+01 4.400000000000000000e+01 0.000000000000000000e+00 1.600000000000000089e+00 1.157999999999999958e-03 -1.381999999999999982e-03 -9.999980000000000535e-01 6.862059999999999826e-01 7.274080000000000545e-01 -2.100000000000000087e-04 7.274070000000000258e-01 -6.862040000000000362e-01 1.789999999999999925e-03
5.000000000000000000e+00 5.000000000000000000e+00 5.100000000000000000e+01 0.000000000000000000e+00 1.600000000000000089e+00 8.869999999999999846e-04 2.985999999999999939e-03 -9.999949999999999672e-01 4.905479999999999841e-01 -8.714119999999999644e-01 -2.167000000000000089e-03 -8.714140000000000219e-01 -4.905439999999999801e-01 -2.237999999999999972e-03
1.200000000000000000e+01 5.000000000000000000e+00 5.100000000000000000e+01 0.000000000000000000e+00 1.600000000000000089e+00 -2.335999999999999969e-03 1.690000000000000096e-03 -9.999959999999999960e-01 4.906139999999999946e-01 -8.713729999999999531e-01 -2.618000000000000101e-03 -8.713739999999999819e-01 -4.906179999999999986e-01 1.206000000000000041e-03
1.500000000000000000e+01 5.000000000000000000e+00 5.100000000000000000e+01 0.000000000000000000e+00 1.600000000000000089e+00 -2.624000000000000030e-03 3.284000000000000027e-03 -9.999909999999999632e-01 4.920220000000000149e-01 -8.705730000000000413e-01 -4.150000000000000043e-03 -8.705789999999999917e-01 -4.920280000000000209e-01 6.679999999999999740e-04
1.700000000000000000e+01 6.000000000000000000e+00 5.100000000000000000e+01 0.000000000000000000e+00 1.600000000000000089e+00 -2.719999999999999979e-04 1.379999999999999933e-03 -9.999989999999999712e-01 3.276189999999999936e-01 -9.448090000000000099e-01 -1.392999999999999924e-03 -9.448100000000000387e-01 -3.276189999999999936e-01 -1.949999999999999965e-04
1.300000000000000000e+01 7.000000000000000000e+00 5.200000000000000000e+01 0.000000000000000000e+00 1.600000000000000089e+00 -8.559999999999999901e-04 4.739000000000000157e-03 -9.999879999999999880e-01 1.094310000000000005e-01 -9.939829999999999499e-01 -4.804000000000000110e-03 -9.939940000000000442e-01 -1.094340000000000035e-01 3.319999999999999926e-04
1.000000000000000000e+00 6.300000000000000000e+01 5.400000000000000000e+01 0.000000000000000000e+00 1.600000000000000089e+00 9.449999999999999850e-04 1.200000000000000030e-04 1.000000000000000000e+00 -3.508740000000000192e-01 9.364230000000000054e-01 2.190000000000000106e-04 -9.364219999999999766e-01 -3.508740000000000192e-01 9.269999999999999811e-04
5.000000000000000000e+00 6.300000000000000000e+01 5.400000000000000000e+01 0.000000000000000000e+00 1.600000000000000089e+00 3.049999999999999868e-04 2.256999999999999892e-03 9.999970000000000248e-01 -3.505650000000000155e-01 9.365360000000000351e-01 -2.007000000000000103e-03 -9.365379999999999816e-01 -3.505630000000000135e-01 1.077000000000000049e-03
8.000000000000000000e+00 6.300000000000000000e+01 5.400000000000000000e+01 0.000000000000000000e+00 1.600000000000000089e+00 -8.200000000000000095e-05 2.556000000000000112e-03 9.999970000000000248e-01 -3.488470000000000182e-01 9.371770000000000378e-01 -2.423999999999999939e-03 -9.371800000000000130e-01 -3.488459999999999894e-01 8.149999999999999693e-04
1.300000000000000000e+01 6.300000000000000000e+01 5.400000000000000000e+01 0.000000000000000000e+00 1.600000000000000089e+00 -3.899999999999999929e-04 -4.539999999999999765e-04 1.000000000000000000e+00 -3.584260000000000224e-01 9.335579999999999989e-01 2.840000000000000185e-04 -9.335579999999999989e-01 -3.584260000000000224e-01 -5.270000000000000162e-04
1.800000000000000000e+01 6.300000000000000000e+01 5.400000000000000000e+01 0.000000000000000000e+00 1.600000000000000089e+00 6.800000000000000488e-04 -1.453000000000000081e-03 9.999989999999999712e-01 -3.525079999999999880e-01 9.358070000000000555e-01 1.598999999999999944e-03 -9.358090000000000019e-01 -3.525090000000000168e-01 1.250000000000000026e-04
2.700000000000000000e+01 6.300000000000000000e+01 5.400000000000000000e+01 0.000000000000000000e+00 1.600000000000000089e+00 -1.640000000000000019e-04 -4.956000000000000336e-03 9.999879999999999880e-01 -3.520869999999999833e-01 9.359560000000000102e-01 4.581000000000000003e-03 -9.359669999999999934e-01 -3.520820000000000061e-01 -1.899000000000000080e-03
2.100000000000000000e+01 2.500000000000000000e+01 5.500000000000000000e+01 0.000000000000000000e+00 1.600000000000000089e+00 9.810000000000001011e-04 -1.350000000000000071e-03 -9.999989999999999712e-01 -1.351600000000000024e-02 -9.999080000000000190e-01 1.337000000000000081e-03 -9.999080000000000190e-01 1.351499999999999924e-02 -1.000000000000000021e-03
1.100000000000000000e+01 6.800000000000000000e+01 5.700000000000000000e+01 0.000000000000000000e+00 1.600000000000000089e+00 -1.640000000000000019e-04 -8.574000000000000024e-03 -9.999630000000000463e-01 -2.456280000000000130e-01 -9.693279999999999674e-01 8.352000000000000049e-03 -9.693640000000000034e-01 2.456200000000000050e-01 -1.946999999999999946e-03
2.400000000000000000e+01 6.800000000000000000e+01 5.700000000000000000e+01 0.000000000000000000e+00 1.600000000000000089e+00 -1.968000000000000131e-03 6.425000000000000155e-03 -9.999770000000000048e-01 -2.455650000000000055e-01 -9.693629999999999747e-01 -5.745000000000000107e-03 -9.693779999999999619e-01 2.455479999999999885e-01 3.485999999999999949e-03
3.000000000000000000e+01 6.800000000000000000e+01 5.700000000000000000e+01 0.000000000000000000e+00 1.600000000000000089e+00 1.005000000000000034e-03 -8.144000000000000197e-03 -9.999660000000000215e-01 -2.436480000000000035e-01 -9.698339999999999739e-01 7.653000000000000080e-03 -9.698630000000000306e-01 2.436319999999999875e-01 -2.958999999999999825e-03
3.000000000000000000e+00 2.100000000000000000e+01 6.000000000000000000e+01 0.000000000000000000e+00 1.600000000000000089e+00 -2.509999999999999753e-04 -3.423999999999999960e-03 9.999940000000000495e-01 -9.607000000000000262e-02 9.953689999999999483e-01 3.383999999999999855e-03 -9.953750000000000098e-01 -9.606900000000000162e-02 -5.789999999999999791e-04
9.000000000000000000e+00 2.100000000000000000e+01 6.000000000000000000e+01 0.000000000000000000e+00 1.600000000000000089e+00 2.602999999999999845e-03 3.161000000000000181e-03 9.999919999999999920e-01 -9.131400000000000627e-02 9.958179999999999810e-01 -2.909999999999999826e-03 -9.958190000000000097e-01 -9.130599999999999827e-02 2.880000000000000181e-03
1.800000000000000000e+01 2.100000000000000000e+01 6.000000000000000000e+01 0.000000000000000000e+00 1.600000000000000089e+00 7.619999999999999820e-04 -2.818999999999999891e-03 9.999959999999999960e-01 -9.009499999999999453e-02 9.959289999999999532e-01 2.876000000000000084e-03 -9.959329999999999572e-01 -9.009699999999999653e-02 5.050000000000000235e-04
1.300000000000000000e+01 3.000000000000000000e+00 6.300000000000000000e+01 0.000000000000000000e+00 1.600000000000000089e+00 1.327000000000000055e-03 -2.416999999999999878e-03 9.999959999999999960e-01 -6.147350000000000314e-01 7.887290000000000134e-01 2.722000000000000027e-03 -7.887319999999999887e-01 -6.147359999999999491e-01 -4.389999999999999914e-04
9.000000000000000000e+00 2.700000000000000000e+01 6.300000000000000000e+01 0.000000000000000000e+00 1.600000000000000089e+00 -7.100000000000000462e-05 4.529000000000000040e-03 9.999900000000000455e-01 -2.696379999999999888e-01 9.629520000000000302e-01 -4.381000000000000345e-03 -9.629619999999999846e-01 -2.696359999999999868e-01 1.152999999999999945e-03
1.400000000000000000e+01 2.700000000000000000e+01 6.300000000000000000e+01 0.000000000000000000e+00 1.600000000000000089e+00 2.592999999999999819e-03 6.710999999999999951e-03 9.999740000000000295e-01 -2.753329999999999944e-01 9.613319999999999643e-01 -5.738000000000000045e-03 -9.613450000000000051e-01 -2.753109999999999724e-01 4.341000000000000240e-03
2.000000000000000000e+01 2.700000000000000000e+01 6.300000000000000000e+01 0.000000000000000000e+00 1.600000000000000089e+00 1.310000000000000129e-04 -1.789000000000000009e-03 9.999980000000000535e-01 -2.788789999999999880e-01 9.603249999999999842e-01 1.753999999999999917e-03 -9.603260000000000129e-01 -2.788789999999999880e-01 -3.730000000000000134e-04
2.600000000000000000e+01 2.700000000000000000e+01 6.300000000000000000e+01 0.000000000000000000e+00 1.600000000000000089e+00 -2.113999999999999994e-03 -1.588000000000000002e-03 9.999959999999999960e-01 -2.766979999999999995e-01 9.609560000000000324e-01 9.409999999999999962e-04 -9.609550000000000036e-01 -2.766950000000000243e-01 -2.471000000000000106e-03
3.000000000000000000e+01 2.700000000000000000e+01 6.300000000000000000e+01 0.000000000000000000e+00 1.600000000000000089e+00 -3.010000000000000089e-03 -5.670999999999999826e-03 9.999789999999999512e-01 -2.762100000000000111e-01 9.610859999999999959e-01 4.618999999999999842e-03 -9.610929999999999751e-01 -2.761899999999999911e-01 -4.459000000000000290e-03
5.000000000000000000e+00 2.600000000000000000e+01 6.400000000000000000e+01 0.000000000000000000e+00 1.600000000000000089e+00 4.629999999999999784e-04 5.518000000000000335e-03 9.999850000000000128e-01 -3.467319999999999847e-01 9.379509999999999792e-01 -5.015000000000000360e-03 -9.379640000000000200e-01 -3.467239999999999767e-01 2.347999999999999827e-03
1.200000000000000000e+01 2.600000000000000000e+01 6.400000000000000000e+01 0.000000000000000000e+00 1.600000000000000089e+00 2.350999999999999791e-03 3.956000000000000315e-03 9.999890000000000168e-01 -3.513390000000000124e-01 9.362439999999999651e-01 -2.877999999999999916e-03 -9.362449999999999939e-01 -3.513290000000000024e-01 3.591000000000000008e-03
2.500000000000000000e+01 2.600000000000000000e+01 6.400000000000000000e+01 0.000000000000000000e+00 1.600000000000000089e+00 -3.027000000000000177e-03 -2.100000000000000087e-04 9.999949999999999672e-01 -3.536440000000000139e-01 9.353799999999999892e-01 -8.739999999999999939e-04 -9.353749999999999565e-01 -3.536460000000000159e-01 -2.906000000000000163e-03
3.000000000000000000e+01 2.600000000000000000e+01 6.400000000000000000e+01 0.000000000000000000e+00 1.600000000000000089e+00 -3.968000000000000173e-03 -5.986000000000000001e-03 9.999740000000000295e-01 -3.548769999999999980e-01 9.349039999999999573e-01 4.187999999999999882e-03 -9.349039999999999573e-01 -3.548520000000000008e-01 -5.833999999999999776e-03
2.200000000000000000e+01 4.400000000000000000e+01 7.300000000000000000e+01 0.000000000000000000e+00 1.600000000000000089e+00 6.559999999999999859e-03 -2.462800000000000059e-02 9.996749999999999803e-01 4.693699999999999956e-02 -9.985870000000000024e-01 -2.490900000000000059e-02 9.988759999999999861e-01 4.708500000000000185e-02 -5.394999999999999622e-03
2.500000000000000000e+01 4.400000000000000000e+01 7.300000000000000000e+01 0.000000000000000000e+00 1.600000000000000089e+00 -1.949999999999999965e-04 -3.818000000000000213e-03 9.999930000000000208e-01 4.910799999999999887e-02 -9.987859999999999516e-01 -3.804000000000000090e-03 9.987930000000000419e-01 4.910699999999999787e-02 3.820000000000000153e-04
2.800000000000000000e+01 4.400000000000000000e+01 7.300000000000000000e+01 0.000000000000000000e+00 1.600000000000000089e+00 -2.237999999999999972e-03 -1.665999999999999946e-03 9.999959999999999960e-01 4.744199999999999806e-02 -9.988730000000000109e-01 -1.557999999999999923e-03 9.988719999999999821e-01 4.743800000000000100e-02 2.314999999999999784e-03
1.700000000000000000e+01 4.500000000000000000e+01 7.300000000000000000e+01 0.000000000000000000e+00 1.600000000000000089e+00 -5.860000000000000408e-04 5.309000000000000351e-03 9.999860000000000415e-01 2.377000000000000206e-03 -9.999829999999999552e-01 5.310999999999999749e-03 9.999970000000000248e-01 2.380000000000000171e-03 5.739999999999999660e-04
4.000000000000000000e+00 2.500000000000000000e+01 7.400000000000000000e+01 0.000000000000000000e+00 1.600000000000000089e+00 -6.909999999999999910e-04 -1.935000000000000088e-03 9.999980000000000535e-01 8.223679999999999879e-01 -5.689560000000000173e-01 -5.320000000000000293e-04 5.689560000000000173e-01 8.223660000000000414e-01 1.984000000000000086e-03
6.000000000000000000e+00 2.500000000000000000e+01 7.400000000000000000e+01 0.000000000000000000e+00 1.600000000000000089e+00 -5.670000000000000127e-04 -2.318000000000000182e-03 9.999970000000000248e-01 8.226569999999999716e-01 -5.685369999999999591e-01 -8.509999999999999769e-04 5.685369999999999591e-01 8.226539999999999964e-01 2.229000000000000078e-03
1.000000000000000000e+01 2.500000000000000000e+01 7.400000000000000000e+01 0.000000000000000000e+00 1.600000000000000089e+00 7.600000000000000418e-04 -7.900000000000000121e-04 9.999989999999999712e-01 8.218689999999999607e-01 -5.696750000000000425e-01 -1.074000000000000085e-03 5.696750000000000425e-01 8.218699999999999894e-01 2.169999999999999891e-04
1.600000000000000000e+01 2.500000000000000000e+01 7.400000000000000000e+01 0.000000000000000000e+00 1.600000000000000089e+00 1.015000000000000060e-03 2.498999999999999919e-03 9.999959999999999960e-01 8.229959999999999498e-01 -5.680460000000000509e-01 5.839999999999999922e-04 5.680460000000000509e-01 8.229929999999999746e-01 -2.634000000000000057e-03
