8.000000000000000000e+00 1.900000000000000000e+01 5.000000000000000000e+00 0.000000000000000000e+00 1.600000000000000089e+00 5.150000000000000064e-03 4.564000000000000348e-03 -9.999759999999999760e-01 -6.941119999999999512e-01 -7.198339999999999739e-01 -6.859999999999999779e-03 -7.198480000000000434e-01 6.941310000000000535e-01 -5.400000000000000069e-04
2.100000000000000000e+01 1.000000000000000000e+01 7.000000000000000000e+00 0.000000000000000000e+00 1.600000000000000089e+00 3.272900000000000115e-02 -7.922999999999999488e-03 9.994330000000000158e-01 7.948389999999999622e-01 -6.060370000000000479e-01 -3.083400000000000030e-02 6.059369999999999479e-01 7.953970000000000207e-01 -1.353700000000000042e-02
1.500000000000000000e+01 1.010000000000000000e+02 7.000000000000000000e+00 0.000000000000000000e+00 1.600000000000000089e+00 9.560000000000000355e-04 -2.750000000000000166e-04 9.999989999999999712e-01 8.862269999999999870e-01 4.632510000000000239e-01 -7.200000000000000453e-04 -4.632499999999999951e-01 8.862269999999999870e-01 6.870000000000000022e-04
1.800000000000000000e+01 1.010000000000000000e+02 7.000000000000000000e+00 0.000000000000000000e+00 1.600000000000000089e+00 -1.859999999999999945e-04 -2.834000000000000147e-03 9.999959999999999960e-01 8.870590000000000419e-01 4.616540000000000088e-01 1.472999999999999917e-03 -4.616560000000000108e-01 8.870559999999999556e-01 2.428000000000000037e-03
2.600000000000000000e+01 1.010000000000000000e+02 7.000000000000000000e+00 0.000000000000000000e+00 1.600000000000000089e+00 -3.807000000000000054e-03 -1.736100000000000143e-02 9.998420000000000085e-01 8.878509999999999458e-01 4.599900000000000100e-01 1.136799999999999963e-02 -4.601149999999999962e-01 8.877540000000000431e-01 1.366299999999999980e-02
2.800000000000000000e+01 1.010000000000000000e+02 7.000000000000000000e+00 0.000000000000000000e+00 1.600000000000000089e+00 -4.121999999999999796e-03 -2.396799999999999972e-02 9.997040000000000370e-01 8.882940000000000280e-01 4.590400000000000036e-01 1.466899999999999975e-02 -4.592559999999999976e-01 8.880919999999999925e-01 1.939799999999999858e-02
1.000000000000000000e+00 2.500000000000000000e+01 8.000000000000000000e+00 0.000000000000000000e+00 1.600000000000000089e+00 3.269999999999999795e-04 -6.246999999999999949e-03 -9.999799999999999800e-01 4.355609999999999760e-01 9.001419999999999977e-01 -5.480999999999999761e-03 9.001590000000000424e-01 -4.355510000000000215e-01 3.014999999999999885e-03
5.000000000000000000e+00 2.500000000000000000e+01 8.000000000000000000e+00 0.000000000000000000e+00 1.600000000000000089e+00 2.015999999999999997e-03 4.029999999999999837e-04 -9.999980000000000535e-01 4.357210000000000250e-01 9.000810000000000199e-01 1.240999999999999916e-03 9.000799999999999912e-01 -4.357219999999999982e-01 1.639000000000000049e-03
1.100000000000000000e+01 2.500000000000000000e+01 8.000000000000000000e+00 0.000000000000000000e+00 1.600000000000000089e+00 -1.955000000000000140e-03 1.340000000000000045e-03 -9.999970000000000248e-01 4.321909999999999918e-01 9.017819999999999725e-01 3.629999999999999872e-04 9.017800000000000260e-01 -4.321889999999999898e-01 -2.341999999999999898e-03
1.500000000000000000e+01 2.500000000000000000e+01 8.000000000000000000e+00 0.000000000000000000e+00 1.600000000000000089e+00 -2.028999999999999988e-03 -1.860000000000000108e-03 -9.999959999999999960e-01 4.324299999999999811e-01 9.016640000000000210e-01 -2.553999999999999847e-03 9.016650000000000498e-01 -4.324339999999999851e-01 -1.025000000000000086e-03
2.100000000000000000e+01 2.500000000000000000e+01 8.000000000000000000e+00 0.000000000000000000e+00 1.600000000000000089e+00 1.369999999999999907e-03 9.219999999999999680e-04 -9.999989999999999712e-01 4.368139999999999801e-01 8.995509999999999895e-01 1.428000000000000016e-03 8.995509999999999895e-01 -4.368150000000000088e-01 8.300000000000000086e-04
2.700000000000000000e+01 2.500000000000000000e+01 8.000000000000000000e+00 0.000000000000000000e+00 1.600000000000000089e+00 1.051000000000000068e-03 3.344999999999999883e-03 -9.999940000000000495e-01 4.355220000000000202e-01 9.001710000000000544e-01 3.468999999999999861e-03 9.001770000000000049e-01 -4.355229999999999935e-01 -5.109999999999999525e-04
6.000000000000000000e+00 2.400000000000000000e+01 9.000000000000000000e+00 0.000000000000000000e+00 1.600000000000000089e+00 1.446999999999999936e-03 2.124000000000000020e-03 -9.999970000000000248e-01 4.417829999999999813e-01 8.971179999999999710e-01 2.544999999999999953e-03 8.971209999999999463e-01 -4.417849999999999833e-01 3.600000000000000227e-04
1.000000000000000000e+01 2.400000000000000000e+01 9.000000000000000000e+00 0.000000000000000000e+00 1.600000000000000089e+00 -3.519999999999999908e-04 2.333000000000000004e-03 -9.999970000000000248e-01 4.377869999999999817e-01 8.990770000000000151e-01 1.943999999999999981e-03 8.990789999999999615e-01 -4.377849999999999797e-01 -1.337999999999999997e-03
1.800000000000000000e+01 2.400000000000000000e+01 9.000000000000000000e+00 0.000000000000000000e+00 1.600000000000000089e+00 -5.800000000000000034e-04 -2.413999999999999913e-03 -9.999970000000000248e-01 4.409750000000000059e-01 8.975159999999999805e-01 -2.422999999999999807e-03 8.975189999999999557e-01 -4.409750000000000059e-01 5.439999999999999957e-04
2.100000000000000000e+01 2.400000000000000000e+01 9.000000000000000000e+00 0.000000000000000000e+00 1.600000000000000089e+00 1.314000000000000064e-03 6.130000000000000466e-04 -9.999989999999999712e-01 4.435140000000000193e-01 8.962670000000000359e-01 1.132999999999999893e-03 8.962660000000000071e-01 -4.435149999999999926e-01 9.060000000000000128e-04
2.400000000000000000e+01 2.400000000000000000e+01 9.000000000000000000e+00 0.000000000000000000e+00 1.600000000000000089e+00 1.358999999999999965e-03 4.131000000000000123e-03 -9.999909999999999632e-01 4.431550000000000211e-01 8.964349999999999818e-01 4.305999999999999932e-03 8.964440000000000186e-01 -4.431570000000000231e-01 -6.120000000000000223e-04
6.000000000000000000e+00 8.000000000000000000e+00 1.000000000000000000e+01 0.000000000000000000e+00 1.600000000000000089e+00 8.879499999999999893e-02 5.109799999999999759e-02 -9.947380000000000111e-01 -9.848919999999999897e-01 -1.445609999999999951e-01 -9.534199999999999620e-02 -1.486719999999999986e-01 9.881760000000000543e-01 3.748900000000000149e-02
4.000000000000000000e+00 4.000000000000000000e+00 1.100000000000000000e+01 0.000000000000000000e+00 1.600000000000000089e+00 -1.203999999999999992e-03 1.078960000000000058e-01 9.941609999999999614e-01 1.525759999999999894e-01 -9.825019999999999865e-01 1.068159999999999943e-01 9.882910000000000306e-01 1.518140000000000045e-01 -1.528000000000000018e-02
2.400000000000000000e+01 4.000000000000000000e+00 1.100000000000000000e+01 0.000000000000000000e+00 1.600000000000000089e+00 5.190000000000000386e-04 -2.256999999999999978e-02 9.997449999999999948e-01 1.745329999999999937e-01 -9.843979999999999952e-01 -2.231400000000000050e-02 9.846510000000000540e-01 1.744999999999999885e-01 3.429000000000000190e-03
2.200000000000000000e+01 3.200000000000000000e+01 1.400000000000000000e+01 0.000000000000000000e+00 1.600000000000000089e+00 -5.850000000000000165e-04 6.000000000000000152e-06 -1.000000000000000000e+00 1.217769999999999964e-01 9.925580000000000513e-01 -6.499999999999999431e-05 9.925570000000000226e-01 -1.217769999999999964e-01 -5.810000000000000277e-04
2.600000000000000000e+01 3.200000000000000000e+01 1.400000000000000000e+01 0.000000000000000000e+00 1.600000000000000089e+00 3.099999999999999999e-04 4.543000000000000163e-03 -9.999900000000000455e-01 1.212659999999999988e-01 9.926099999999999923e-01 4.546999999999999827e-03 9.926199999999999468e-01 -1.212659999999999988e-01 -2.429999999999999977e-04
1.200000000000000000e+01 1.200000000000000000e+01 1.600000000000000000e+01 0.000000000000000000e+00 1.600000000000000089e+00 1.422000000000000087e-03 -1.930000000000000021e-04 9.999989999999999712e-01 2.640799999999999814e-01 -9.645000000000000240e-01 -5.619999999999999996e-04 9.645000000000000240e-01 2.640810000000000102e-01 -1.319999999999999993e-03
6.000000000000000000e+00 1.160000000000000000e+02 1.600000000000000000e+01 0.000000000000000000e+00 1.600000000000000089e+00 -2.389000000000000064e-03 -6.870000000000000022e-04 9.999970000000000248e-01 7.507139999999999924e-01 6.606229999999999603e-01 2.246999999999999865e-03 -6.606229999999999603e-01 7.507169999999999677e-01 -1.062000000000000010e-03
9.000000000000000000e+00 1.160000000000000000e+02 1.600000000000000000e+01 0.000000000000000000e+00 1.600000000000000089e+00 -3.951999999999999784e-03 -2.294000000000000032e-03 9.999900000000000455e-01 7.517169999999999686e-01 6.594710000000000294e-01 4.484000000000000138e-03 -6.594740000000000046e-01 7.517260000000000053e-01 -8.819999999999999715e-04
2.600000000000000000e+01 1.160000000000000000e+02 1.600000000000000000e+01 0.000000000000000000e+00 1.600000000000000089e+00 1.466000000000000072e-03 -6.160000000000000111e-04 9.999989999999999712e-01 7.030450000000000310e-01 7.111450000000000271e-01 -5.919999999999999698e-04 -7.111439999999999984e-01 7.030450000000000310e-01 1.476000000000000098e-03
1.200000000000000000e+01 2.000000000000000000e+00 1.900000000000000000e+01 0.000000000000000000e+00 1.600000000000000089e+00 4.500000000000000283e-05 -1.958199999999999871e-02 -9.998080000000000300e-01 3.573830000000000062e-01 -9.337790000000000257e-01 1.830499999999999836e-02 -9.339579999999999549e-01 -3.573149999999999937e-01 6.956000000000000377e-03
2.200000000000000000e+01 2.000000000000000000e+00 1.900000000000000000e+01 0.000000000000000000e+00 1.600000000000000089e+00 6.193999999999999853e-03 -1.756900000000000128e-02 -9.998259999999999925e-01 3.592650000000000010e-01 -9.330500000000000460e-01 1.862099999999999866e-02 -9.332150000000000167e-01 -3.593180000000000263e-01 5.330000000000000536e-04
2.000000000000000000e+00 3.000000000000000000e+00 1.900000000000000000e+01 0.000000000000000000e+00 1.600000000000000089e+00 -4.714000000000000308e-03 3.840899999999999870e-02 -9.992510000000000003e-01 3.558209999999999984e-01 -9.337990000000000457e-01 -3.757200000000000123e-02 -9.345419999999999838e-01 -3.557310000000000194e-01 -9.265000000000000666e-03
6.000000000000000000e+00 3.000000000000000000e+00 1.900000000000000000e+01 0.000000000000000000e+00 1.600000000000000089e+00 -5.105000000000000163e-03 2.670399999999999857e-02 -9.996300000000000185e-01 3.507870000000000155e-01 -9.360720000000000152e-01 -2.679700000000000137e-02 -9.364409999999999679e-01 -3.507939999999999947e-01 -4.589000000000000197e-03
1.300000000000000000e+01 3.000000000000000000e+00 1.900000000000000000e+01 0.000000000000000000e+00 1.600000000000000089e+00 -6.089999999999999494e-04 -2.151399999999999840e-02 -9.997679999999999900e-01 3.392209999999999948e-01 -9.404930000000000234e-01 2.003200000000000119e-02 -9.407060000000000421e-01 -3.391310000000000158e-01 7.870999999999999525e-03
2.300000000000000000e+01 3.000000000000000000e+00 1.900000000000000000e+01 0.000000000000000000e+00 1.600000000000000089e+00 4.721999999999999635e-03 -1.030299999999999966e-02 -9.999360000000000470e-01 3.316629999999999856e-01 -9.433300000000000018e-01 1.128599999999999916e-02 -9.433859999999999468e-01 -3.316950000000000176e-01 -1.036999999999999944e-03
2.700000000000000000e+01 3.000000000000000000e+00 1.900000000000000000e+01 0.000000000000000000e+00 1.600000000000000089e+00 1.031000000000000015e-03 -3.490000000000000047e-03 -9.999930000000000208e-01 3.318820000000000103e-01 -9.433139999999999858e-01 3.634000000000000077e-03 -9.433200000000000474e-01 -3.318840000000000123e-01 1.859999999999999945e-04
3.000000000000000000e+00 1.300000000000000000e+01 2.000000000000000000e+01 0.000000000000000000e+00 1.600000000000000089e+00 -5.760000000000000146e-04 -4.821999999999999897e-03 9.999879999999999880e-01 2.600720000000000254e-01 9.655770000000000186e-01 4.806000000000000376e-03 -9.655890000000000306e-01 2.600720000000000254e-01 6.980000000000000527e-04
1.000000000000000000e+01 1.300000000000000000e+01 2.000000000000000000e+01 0.000000000000000000e+00 1.600000000000000089e+00 5.240000000000000517e-04 1.582000000000000073e-03 9.999989999999999712e-01 2.633460000000000245e-01 9.647000000000000020e-01 -1.663999999999999898e-03 -9.647010000000000307e-01 2.633460000000000245e-01 8.899999999999999491e-05
1.400000000000000000e+01 1.300000000000000000e+01 2.000000000000000000e+01 0.000000000000000000e+00 1.600000000000000089e+00 7.560000000000000530e-04 4.840999999999999817e-03 9.999879999999999880e-01 2.635689999999999977e-01 9.646280000000000410e-01 -4.869000000000000064e-03 -9.646400000000000530e-01 2.635689999999999977e-01 -5.469999999999999602e-04
1.800000000000000000e+01 1.300000000000000000e+01 2.000000000000000000e+01 0.000000000000000000e+00 1.600000000000000089e+00 5.770000000000000389e-04 1.105000000000000079e-03 9.999989999999999712e-01 2.614469999999999850e-01 9.652169999999999916e-01 -1.217999999999999899e-03 -9.652180000000000204e-01 2.614480000000000137e-01 2.680000000000000090e-04
2.500000000000000000e+01 1.300000000000000000e+01 2.000000000000000000e+01 0.000000000000000000e+00 1.600000000000000089e+00 -1.859999999999999945e-04 -1.229999999999999974e-03 9.999989999999999712e-01 2.594940000000000024e-01 9.657440000000000468e-01 1.235999999999999903e-03 -9.657449999999999646e-01 2.594940000000000024e-01 1.399999999999999877e-04
2.900000000000000000e+01 1.300000000000000000e+01 2.000000000000000000e+01 0.000000000000000000e+00 1.600000000000000089e+00 1.969999999999999909e-04 -5.090000000000000123e-04 1.000000000000000000e+00 2.585330000000000128e-01 9.660020000000000273e-01 4.409999999999999858e-04 -9.660020000000000273e-01 2.585330000000000128e-01 3.220000000000000206e-04
1.000000000000000000e+01 1.600000000000000000e+01 2.100000000000000000e+01 0.000000000000000000e+00 1.600000000000000089e+00 5.320000000000000293e-04 2.079000000000000119e-03 9.999980000000000535e-01 3.002130000000000076e-01 9.538699999999999957e-01 -2.142999999999999940e-03 -9.538720000000000532e-01 3.002130000000000076e-01 -1.160000000000000007e-04
1.700000000000000000e+01 1.600000000000000000e+01 2.100000000000000000e+01 0.000000000000000000e+00 1.600000000000000089e+00 3.609999999999999928e-04 2.671000000000000197e-03 9.999959999999999960e-01 2.991219999999999990e-01 9.542110000000000314e-01 -2.657000000000000074e-03 -9.542150000000000354e-01 2.991219999999999990e-01 -4.539999999999999765e-04
1.600000000000000000e+01 2.000000000000000000e+00 2.500000000000000000e+01 0.000000000000000000e+00 1.600000000000000089e+00 1.016399999999999942e-02 -3.532400000000000123e-02 9.993239999999999901e-01 8.536199999999999344e-02 -9.956970000000000542e-01 -3.606399999999999884e-02 9.962980000000000169e-01 8.567099999999999715e-02 -7.105000000000000204e-03
7.000000000000000000e+00 3.000000000000000000e+00 2.500000000000000000e+01 0.000000000000000000e+00 1.600000000000000089e+00 -3.890000000000000228e-04 8.814000000000000654e-03 9.999609999999999888e-01 3.564300000000000107e-02 -9.993260000000000476e-01 8.821999999999999981e-03 9.993640000000000301e-01 3.564500000000000307e-02 7.399999999999999623e-05
1.500000000000000000e+01 3.000000000000000000e+00 2.500000000000000000e+01 0.000000000000000000e+00 1.600000000000000089e+00 5.898999999999999730e-03 -3.119699999999999904e-02 9.994960000000000511e-01 4.073000000000000231e-03 -9.995039999999999480e-01 -3.122099999999999875e-02 9.999740000000000295e-01 4.255000000000000102e-03 -5.768999999999999823e-03
2.200000000000000000e+01 3.000000000000000000e+00 2.500000000000000000e+01 0.000000000000000000e+00 1.600000000000000089e+00 3.079000000000000140e-03 -1.056700000000000000e-02 9.999390000000000223e-01 -3.282500000000000001e-02 -9.994060000000000166e-01 -1.046000000000000055e-02 9.994560000000000111e-01 -3.279100000000000070e-02 -3.423999999999999960e-03
2.800000000000000000e+01 3.000000000000000000e+00 2.500000000000000000e+01 0.000000000000000000e+00 1.600000000000000089e+00 -1.977000000000000025e-03 -3.830000000000000071e-03 9.999909999999999632e-01 -3.612499999999999739e-02 -9.993400000000000061e-01 -3.899000000000000122e-03 9.993450000000000388e-01 -3.613199999999999745e-02 1.837000000000000091e-03
2.000000000000000000e+00 4.600000000000000000e+01 2.700000000000000000e+01 0.000000000000000000e+00 1.600000000000000089e+00 1.010000000000000020e-04 1.554999999999999959e-03 -9.999989999999999712e-01 6.817499999999999671e-01 7.315840000000000121e-01 1.206000000000000041e-03 7.315850000000000408e-01 -6.817490000000000494e-01 -9.870000000000000301e-04
2.800000000000000000e+01 4.600000000000000000e+01 2.700000000000000000e+01 0.000000000000000000e+00 1.600000000000000089e+00 -1.768999999999999956e-03 -1.129000000000000012e-03 -9.999980000000000535e-01 6.742489999999999872e-01 7.385019999999999918e-01 -2.027000000000000156e-03 7.385019999999999918e-01 -6.742510000000000447e-01 -5.450000000000000200e-04
3.000000000000000000e+00 4.600000000000000000e+01 3.000000000000000000e+01 0.000000000000000000e+00 1.600000000000000089e+00 -1.820000000000000057e-04 2.191999999999999938e-03 -9.999980000000000535e-01 3.243280000000000052e-01 9.459419999999999495e-01 2.014999999999999864e-03 9.459450000000000358e-01 -3.243269999999999764e-01 -8.829999999999999958e-04
1.000000000000000000e+01 4.600000000000000000e+01 3.500000000000000000e+01 0.000000000000000000e+00 1.600000000000000089e+00 -8.630000000000000518e-04 -2.776999999999999955e-03 -9.999959999999999960e-01 3.922399999999999776e-01 -9.198600000000000110e-01 2.216000000000000088e-03 -9.198629999999999862e-01 -3.922359999999999736e-01 1.882999999999999908e-03
1.800000000000000000e+01 4.600000000000000000e+01 3.500000000000000000e+01 0.000000000000000000e+00 1.600000000000000089e+00 -4.000000000000000327e-05 1.789999999999999870e-04 -1.000000000000000000e+00 3.917209999999999859e-01 -9.200840000000000130e-01 -1.800000000000000113e-04 -9.200840000000000130e-01 -3.917209999999999859e-01 -3.300000000000000253e-05
2.800000000000000000e+01 4.600000000000000000e+01 3.500000000000000000e+01 0.000000000000000000e+00 1.600000000000000089e+00 -2.193000000000000071e-03 2.599999999999999840e-05 -9.999980000000000535e-01 3.899639999999999773e-01 -9.208300000000000374e-01 -8.800000000000000313e-04 -9.208269999999999511e-01 -3.899650000000000061e-01 2.010000000000000068e-03
3.000000000000000000e+00 9.500000000000000000e+01 3.600000000000000000e+01 0.000000000000000000e+00 1.600000000000000089e+00 -6.146000000000000421e-03 -2.752999999999999805e-03 9.999770000000000048e-01 9.958510000000000417e-01 9.077499999999999458e-02 6.370999999999999927e-03 -9.079099999999999671e-02 9.958679999999999755e-01 2.184000000000000177e-03
2.000000000000000000e+01 9.500000000000000000e+01 3.600000000000000000e+01 0.000000000000000000e+00 1.600000000000000089e+00 3.180000000000000101e-03 9.645000000000000795e-03 9.999479999999999480e-01 9.967019999999999769e-01 8.105099999999999805e-02 -3.950999999999999651e-03 -8.108500000000000429e-02 9.966629999999999656e-01 -9.355000000000000468e-03
2.600000000000000000e+01 9.500000000000000000e+01 3.600000000000000000e+01 0.000000000000000000e+00 1.600000000000000089e+00 2.773999999999999990e-03 7.411000000000000053e-03 9.999689999999999968e-01 9.962140000000000439e-01 8.687100000000000377e-02 -3.408000000000000005e-03 -8.689399999999999902e-02 9.961919999999999664e-01 -7.141999999999999911e-03
1.300000000000000000e+01 9.500000000000000000e+01 3.700000000000000000e+01 0.000000000000000000e+00 1.600000000000000089e+00 -1.626999999999999974e-03 -1.145900000000000044e-02 9.999329999999999607e-01 9.948280000000000456e-01 1.015390000000000043e-01 2.782000000000000185e-03 -1.015640000000000015e-01 9.947660000000000391e-01 1.123399999999999919e-02
7.000000000000000000e+00 6.000000000000000000e+01 3.900000000000000000e+01 0.000000000000000000e+00 1.600000000000000089e+00 -1.312000000000000015e-03 -1.139699999999999915e-02 -9.999339999999999895e-01 2.962739999999999818e-01 -9.550450000000000328e-01 1.049699999999999939e-02 -9.551020000000000065e-01 -2.962409999999999766e-01 4.629999999999999567e-03
9.000000000000000000e+00 2.900000000000000000e+01 4.400000000000000000e+01 0.000000000000000000e+00 1.600000000000000089e+00 -1.592000000000000099e-03 -3.154000000000000119e-03 -9.999940000000000495e-01 6.610430000000000472e-01 7.503400000000000070e-01 -3.419000000000000164e-03 7.503459999999999575e-01 -6.610449999999999937e-01 8.909999999999999734e-04
1.800000000000000000e+01 2.900000000000000000e+01 4.400000000000000000e+01 0.000000000000000000e+00 1.600000000000000089e+00 3.060000000000000111e-04 -1.840000000000000001e-04 -1.000000000000000000e+00 6.616060000000000274e-01 7.498510000000000453e-01 6.399999999999999710e-05 7.498510000000000453e-01 -6.616060000000000274e-01 3.510000000000000208e-04
2.800000000000000000e+01 2.900000000000000000e+01 4.400000000000000000e+01 0.000000000000000000e+00 1.600000000000000089e+00 -4.350000000000000026e-04 6.840000000000000377e-04 -1.000000000000000000e+00 6.640939999999999621e-01 7.476490000000000080e-01 2.229999999999999994e-04 7.476490000000000080e-01 -6.640939999999999621e-01 -7.799999999999999859e-04
4.000000000000000000e+00 4.000000000000000000e+00 5.000000000000000000e+01 0.000000000000000000e+00 1.600000000000000089e+00 1.577999999999999976e-03 -4.026000000000000065e-03 -9.999909999999999632e-01 5.328420000000000378e-01 -8.462039999999999562e-01 4.248000000000000040e-03 -8.462129999999999930e-01 -5.328439999999999843e-01 8.099999999999999561e-04
2.300000000000000000e+01 5.000000000000000000e+00 5.100000000000000000e+01 0.000000000000000000e+00 1.600000000000000089e+00 -1.859999999999999945e-04 7.113000000000000399e-03 -9.999749999999999472e-01 4.884539999999999993e-01 -8.725669999999999815e-01 -6.297999999999999779e-03 -8.725899999999999768e-01 -4.884419999999999873e-01 -3.311999999999999840e-03
2.600000000000000000e+01 6.000000000000000000e+00 5.100000000000000000e+01 0.000000000000000000e+00 1.600000000000000089e+00 -2.799999999999999755e-04 4.421999999999999716e-03 -9.999900000000000455e-01 3.148290000000000255e-01 -9.491389999999999549e-01 -4.285999999999999879e-03 -9.491479999999999917e-01 -3.148279999999999967e-01 -1.126000000000000048e-03
8.000000000000000000e+00 1.150000000000000000e+02 5.100000000000000000e+01 0.000000000000000000e+00 1.600000000000000089e+00 -2.419000000000000143e-03 -4.479999999999999608e-03 9.999869999999999592e-01 8.471279999999999921e-01 -5.313879999999999715e-01 -3.310000000000000225e-04 5.313830000000000497e-01 8.471170000000000089e-01 5.080999999999999579e-03
1.200000000000000000e+01 1.150000000000000000e+02 5.100000000000000000e+01 0.000000000000000000e+00 1.600000000000000089e+00 5.500000000000000196e-05 4.339999999999999782e-04 1.000000000000000000e+00 8.466879999999999962e-01 -5.320899999999999519e-01 1.840000000000000001e-04 5.320899999999999519e-01 8.466879999999999962e-01 -3.959999999999999762e-04
1.400000000000000000e+01 6.300000000000000000e+01 5.400000000000000000e+01 0.000000000000000000e+00 1.600000000000000089e+00 1.427000000000000100e-03 -2.007000000000000103e-03 9.999970000000000248e-01 -3.462819999999999787e-01 9.381270000000000442e-01 2.377000000000000206e-03 -9.381289999999999907e-01 -3.462850000000000095e-01 6.440000000000000412e-04
1.800000000000000000e+01 6.300000000000000000e+01 5.400000000000000000e+01 0.000000000000000000e+00 1.600000000000000089e+00 -7.500000000000000156e-04 9.070000000000000371e-04 9.999989999999999712e-01 -3.423200000000000132e-01 9.395829999999999460e-01 -1.108999999999999960e-03 -9.395829999999999460e-01 -3.423200000000000132e-01 -3.939999999999999817e-04
2.700000000000000000e+01 6.300000000000000000e+01 5.400000000000000000e+01 0.000000000000000000e+00 1.600000000000000089e+00 -4.290000000000000193e-04 2.807000000000000033e-03 9.999959999999999960e-01 -3.472669999999999924e-01 9.377619999999999845e-01 -2.781000000000000052e-03 -9.377659999999999885e-01 -3.472669999999999924e-01 5.720000000000000258e-04
2.200000000000000000e+01 2.500000000000000000e+01 5.500000000000000000e+01 0.000000000000000000e+00 1.600000000000000089e+00 1.234999999999999987e-03 4.800000000000000122e-05 -9.999989999999999712e-01 -1.157700000000000048e-02 -9.999329999999999607e-01 -6.200000000000000270e-05 -9.999320000000000430e-01 1.157700000000000048e-02 -1.234000000000000071e-03
2.900000000000000000e+01 2.500000000000000000e+01 5.500000000000000000e+01 0.000000000000000000e+00 1.600000000000000089e+00 -4.760000000000000234e-04 2.005999999999999971e-03 -9.999980000000000535e-01 -1.148199999999999915e-02 -9.999320000000000430e-01 -2.000000000000000042e-03 -9.999339999999999895e-01 1.148099999999999989e-02 4.989999999999999861e-04
2.600000000000000000e+01 2.000000000000000000e+01 6.000000000000000000e+01 0.000000000000000000e+00 1.600000000000000089e+00 -1.072000000000000036e-03 1.999999999999999909e-06 9.999989999999999712e-01 -6.275999999999999635e-02 9.980290000000000550e-01 -6.899999999999999667e-05 -9.980280000000000262e-01 -6.275999999999999635e-02 -1.069999999999999988e-03
4.000000000000000000e+00 2.100000000000000000e+01 6.000000000000000000e+01 0.000000000000000000e+00 1.600000000000000089e+00 -3.649999999999999816e-04 1.897999999999999948e-03 9.999980000000000535e-01 -9.541399999999999881e-02 9.954359999999999875e-01 -1.925000000000000062e-03 -9.954380000000000450e-01 -9.541399999999999881e-02 -1.820000000000000057e-04
1.100000000000000000e+01 2.100000000000000000e+01 6.000000000000000000e+01 0.000000000000000000e+00 1.600000000000000089e+00 8.589999999999999546e-04 -1.654000000000000088e-03 9.999980000000000535e-01 -9.298099999999999421e-02 9.956660000000000510e-01 1.727000000000000019e-03 -9.956679999999999975e-01 -9.298199999999999521e-02 7.020000000000000415e-04
1.800000000000000000e+01 2.100000000000000000e+01 6.000000000000000000e+01 0.000000000000000000e+00 1.600000000000000089e+00 -5.240000000000000517e-04 7.232999999999999846e-03 9.999740000000000295e-01 -9.701400000000000301e-02 9.952569999999999473e-01 -7.249000000000000235e-03 -9.952830000000000288e-01 -9.701500000000000401e-02 1.800000000000000113e-04
2.200000000000000000e+01 2.100000000000000000e+01 6.000000000000000000e+01 0.000000000000000000e+00 1.600000000000000089e+00 1.319000000000000077e-03 3.305000000000000212e-03 9.999940000000000495e-01 -9.618899999999999673e-02 9.953579999999999650e-01 -3.163000000000000013e-03 -9.953619999999999690e-01 -9.618400000000000560e-02 1.631000000000000071e-03
2.900000000000000000e+01 6.700000000000000000e+01 6.000000000000000000e+01 0.000000000000000000e+00 1.600000000000000089e+00 -2.233000000000000176e-03 -6.934000000000000059e-03 9.999740000000000295e-01 1.741270000000000040e-01 -9.847019999999999662e-01 -6.439000000000000279e-03 9.847209999999999575e-01 1.741080000000000128e-01 3.406000000000000173e-03
1.900000000000000000e+01 3.000000000000000000e+00 6.300000000000000000e+01 0.000000000000000000e+00 1.600000000000000089e+00 1.304000000000000038e-03 -5.462999999999999974e-03 9.999839999999999840e-01 -6.122499999999999609e-01 7.906480000000000175e-01 5.118000000000000153e-03 -7.906630000000000047e-01 -6.122469999999999857e-01 -2.314000000000000085e-03
3.000000000000000000e+00 2.700000000000000000e+01 6.300000000000000000e+01 0.000000000000000000e+00 1.600000000000000089e+00 6.499999999999999702e-04 5.276999999999999573e-03 9.999860000000000415e-01 -2.776100000000000234e-01 9.606810000000000072e-01 -4.889000000000000117e-03 -9.606940000000000479e-01 -2.776029999999999887e-01 2.089999999999999844e-03
6.000000000000000000e+00 2.700000000000000000e+01 6.300000000000000000e+01 0.000000000000000000e+00 1.600000000000000089e+00 2.752000000000000106e-03 6.428999999999999819e-03 9.999759999999999760e-01 -2.764849999999999808e-01 9.610030000000000516e-01 -5.418000000000000073e-03 -9.610140000000000349e-01 -2.764639999999999875e-01 4.421999999999999716e-03
1.100000000000000000e+01 2.700000000000000000e+01 6.300000000000000000e+01 0.000000000000000000e+00 1.600000000000000089e+00 -9.120000000000000502e-04 8.319999999999999271e-03 9.999649999999999928e-01 -2.705469999999999819e-01 9.626710000000000544e-01 -8.255999999999999450e-03 -9.627059999999999507e-01 -2.705449999999999799e-01 1.373000000000000088e-03
1.800000000000000000e+01 2.700000000000000000e+01 6.300000000000000000e+01 0.000000000000000000e+00 1.600000000000000089e+00 6.329999999999999906e-04 -9.282000000000000320e-03 9.999569999999999848e-01 -2.747709999999999875e-01 9.614669999999999606e-01 9.098999999999999450e-03 -9.615099999999999758e-01 -2.747649999999999815e-01 -1.941999999999999933e-03
2.200000000000000000e+01 2.700000000000000000e+01 6.300000000000000000e+01 0.000000000000000000e+00 1.600000000000000089e+00 3.078000000000000007e-03 -4.593999999999999993e-03 9.999850000000000128e-01 -2.733479999999999799e-01 9.619010000000000060e-01 5.259999999999999919e-03 -9.619100000000000428e-01 -2.733599999999999919e-01 1.704999999999999918e-03
2.700000000000000000e+01 2.700000000000000000e+01 6.300000000000000000e+01 0.000000000000000000e+00 1.600000000000000089e+00 1.360000000000000098e-03 -2.106999999999999932e-03 9.999970000000000248e-01 -2.710279999999999911e-01 9.625679999999999792e-01 2.396000000000000126e-03 -9.625700000000000367e-01 -2.710310000000000219e-01 7.380000000000000492e-04
4.000000000000000000e+00 2.600000000000000000e+01 6.400000000000000000e+01 0.000000000000000000e+00 1.600000000000000089e+00 9.169999999999999549e-04 4.390999999999999938e-03 9.999900000000000455e-01 -3.711729999999999752e-01 9.285560000000000480e-01 -3.736999999999999870e-03 -9.285630000000000273e-01 -3.711659999999999959e-01 2.481999999999999831e-03
6.000000000000000000e+00 2.600000000000000000e+01 6.400000000000000000e+01 0.000000000000000000e+00 1.600000000000000089e+00 2.304000000000000058e-03 4.426000000000000247e-03 9.999879999999999880e-01 -3.700860000000000261e-01 9.289920000000000400e-01 -3.259000000000000178e-03 -9.289950000000000152e-01 -3.700740000000000141e-01 3.778000000000000108e-03
1.200000000000000000e+01 2.600000000000000000e+01 6.400000000000000000e+01 0.000000000000000000e+00 1.600000000000000089e+00 -3.301000000000000115e-03 6.086000000000000264e-03 9.999759999999999760e-01 -3.650200000000000111e-01 9.309739999999999682e-01 -6.871000000000000371e-03 -9.309939999999999882e-01 -3.650340000000000251e-01 -8.509999999999999769e-04
1.900000000000000000e+01 2.600000000000000000e+01 6.400000000000000000e+01 0.000000000000000000e+00 1.600000000000000089e+00 2.871999999999999987e-03 -6.780999999999999701e-03 9.999730000000000008e-01 -3.709669999999999912e-01 9.286170000000000258e-01 7.361999999999999621e-03 -9.286410000000000498e-01 -3.709779999999999744e-01 1.520000000000000084e-04
2.300000000000000000e+01 2.600000000000000000e+01 6.400000000000000000e+01 0.000000000000000000e+00 1.600000000000000089e+00 2.654999999999999808e-03 -2.769999999999999893e-03 9.999930000000000208e-01 -3.657500000000000195e-01 9.307069999999999510e-01 3.549000000000000071e-03 -9.307090000000000085e-01 -3.657560000000000255e-01 1.458000000000000095e-03
2.800000000000000000e+01 2.600000000000000000e+01 6.400000000000000000e+01 0.000000000000000000e+00 1.600000000000000089e+00 1.832999999999999994e-03 -4.841999999999999950e-03 9.999869999999999592e-01 -3.627610000000000001e-01 9.318680000000000296e-01 5.177000000000000178e-03 -9.318800000000000416e-01 -3.627659999999999774e-01 -4.899999999999999842e-05
6.000000000000000000e+00 6.900000000000000000e+01 6.600000000000000000e+01 0.000000000000000000e+00 1.600000000000000089e+00 9.799999999999999684e-05 -4.198999999999999608e-03 9.999909999999999632e-01 -9.489039999999999697e-01 3.155629999999999824e-01 1.417999999999999990e-03 -3.155660000000000132e-01 -9.488959999999999617e-01 -3.954000000000000049e-03
1.900000000000000000e+01 6.900000000000000000e+01 6.600000000000000000e+01 0.000000000000000000e+00 1.600000000000000089e+00 -4.151000000000000176e-03 -3.449999999999999942e-03 9.999850000000000128e-01 -9.467100000000000515e-01 3.220740000000000269e-01 -2.818999999999999891e-03 -3.220589999999999842e-01 -9.467079999999999940e-01 -4.603000000000000320e-03
2.400000000000000000e+01 6.900000000000000000e+01 6.600000000000000000e+01 0.000000000000000000e+00 1.600000000000000089e+00 8.800000000000000313e-04 -1.278999999999999972e-03 9.999989999999999712e-01 -9.466599999999999460e-01 3.222309999999999897e-01 1.245000000000000013e-03 -3.222320000000000184e-01 -9.466599999999999460e-01 -9.280000000000000054e-04
4.000000000000000000e+00 2.500000000000000000e+01 7.300000000000000000e+01 0.000000000000000000e+00 1.600000000000000089e+00 -1.083999999999999894e-03 -1.376999999999999969e-03 9.999980000000000535e-01 7.573090000000000099e-01 -6.530569999999999986e-01 -7.799999999999999859e-05 6.530559999999999699e-01 7.573079999999999812e-01 1.750999999999999952e-03
7.000000000000000000e+00 2.500000000000000000e+01 7.300000000000000000e+01 0.000000000000000000e+00 1.600000000000000089e+00 -1.582000000000000073e-03 -3.939999999999999926e-03 9.999909999999999632e-01 7.555800000000000294e-01 -6.550550000000000539e-01 -1.386000000000000079e-03 6.550550000000000539e-01 7.555709999999999926e-01 4.013000000000000074e-03
1.200000000000000000e+01 2.500000000000000000e+01 7.300000000000000000e+01 0.000000000000000000e+00 1.600000000000000089e+00 3.809999999999999910e-04 -5.739999999999999660e-04 1.000000000000000000e+00 7.538639999999999786e-01 -6.570310000000000317e-01 -6.639999999999999852e-04 6.570310000000000317e-01 7.538639999999999786e-01 1.820000000000000057e-04
2.000000000000000000e+01 2.500000000000000000e+01 7.300000000000000000e+01 0.000000000000000000e+00 1.600000000000000089e+00 1.951000000000000043e-03 3.199999999999999855e-05 9.999980000000000535e-01 7.600710000000000521e-01 -6.498380000000000267e-01 -1.461999999999999975e-03 6.498369999999999980e-01 7.600729999999999986e-01 -1.291999999999999963e-03
2.700000000000000000e+01 2.500000000000000000e+01 7.300000000000000000e+01 0.000000000000000000e+00 1.600000000000000089e+00 -1.938000000000000052e-03 -2.181999999999999912e-03 9.999959999999999960e-01 7.559280000000000443e-01 -6.546549999999999869e-01 3.699999999999999811e-05 6.546520000000000117e-01 7.559249999999999581e-01 2.918000000000000021e-03
6.000000000000000000e+00 4.400000000000000000e+01 7.300000000000000000e+01 0.000000000000000000e+00 1.600000000000000089e+00 -8.399999999999999535e-05 -4.920000000000000328e-04 1.000000000000000000e+00 5.386099999999999915e-02 -9.985479999999999912e-01 -4.870000000000000197e-04 9.985479999999999912e-01 5.386099999999999915e-02 1.100000000000000039e-04
9.000000000000000000e+00 4.400000000000000000e+01 7.300000000000000000e+01 0.000000000000000000e+00 1.600000000000000089e+00 5.749999999999999903e-04 -1.598000000000000028e-03 9.999989999999999712e-01 5.311799999999999855e-02 -9.985870000000000024e-01 -1.626000000000000058e-03 9.985880000000000312e-01 5.311899999999999955e-02 -4.889999999999999599e-04
1.400000000000000000e+01 4.400000000000000000e+01 7.300000000000000000e+01 0.000000000000000000e+00 1.600000000000000089e+00 6.999999999999999895e-06 1.360000000000000098e-03 9.999989999999999712e-01 5.492899999999999866e-02 -9.984889999999999599e-01 1.358000000000000049e-03 9.984899999999999887e-01 5.492899999999999866e-02 -8.200000000000000095e-05
2.100000000000000000e+01 4.400000000000000000e+01 7.300000000000000000e+01 0.000000000000000000e+00 1.600000000000000089e+00 -2.959999999999999849e-04 -1.258000000000000004e-03 9.999989999999999712e-01 5.515599999999999670e-02 -9.984769999999999479e-01 -1.240000000000000000e-03 9.984779999999999767e-01 5.515599999999999670e-02 3.649999999999999816e-04
2.700000000000000000e+01 4.400000000000000000e+01 7.300000000000000000e+01 0.000000000000000000e+00 1.600000000000000089e+00 3.750000000000000078e-04 8.130000000000000291e-04 1.000000000000000000e+00 5.718299999999999772e-02 -9.983630000000000004e-01 7.900000000000000121e-04 9.983640000000000292e-01 5.718299999999999772e-02 -4.209999999999999875e-04
1.600000000000000000e+01 2.500000000000000000e+01 7.400000000000000000e+01 0.000000000000000000e+00 1.600000000000000089e+00 6.859999999999999779e-04 1.972999999999999927e-03 9.999980000000000535e-01 8.307350000000000012e-01 -5.566680000000000517e-01 5.289999999999999564e-04 5.566680000000000517e-01 8.307330000000000547e-01 -2.020999999999999793e-03
2.100000000000000000e+01 9.900000000000000000e+01 7.500000000000000000e+01 0.000000000000000000e+00 1.600000000000000089e+00 -3.037000000000000203e-03 -4.793000000000000385e-03 -9.999839999999999840e-01 -8.839709999999999512e-01 4.675409999999999844e-01 4.440000000000000045e-04 4.675320000000000031e-01 8.839580000000000215e-01 -5.656999999999999702e-03
2.000000000000000000e+00 9.100000000000000000e+01 7.600000000000000000e+01 0.000000000000000000e+00 1.600000000000000089e+00 7.950000000000000252e-04 7.020000000000000415e-04 9.999989999999999712e-01 2.912710000000000021e-01 -9.566409999999999636e-01 4.400000000000000157e-04 9.566400000000000459e-01 2.912699999999999734e-01 -9.650000000000000374e-04
6.000000000000000000e+00 9.100000000000000000e+01 7.600000000000000000e+01 0.000000000000000000e+00 1.600000000000000089e+00 -8.249999999999999955e-04 2.759999999999999867e-04 1.000000000000000000e+00 2.987770000000000148e-01 -9.543230000000000324e-01 5.100000000000000366e-04 9.543230000000000324e-01 2.987779999999999880e-01 7.039999999999999817e-04
1.400000000000000000e+01 9.100000000000000000e+01 7.600000000000000000e+01 0.000000000000000000e+00 1.600000000000000089e+00 -4.640000000000000027e-04 -1.056999999999999997e-03 9.999989999999999712e-01 3.026130000000000209e-01 -9.531129999999999880e-01 -8.670000000000000406e-04 9.531140000000000168e-01 3.026119999999999921e-01 7.619999999999999820e-04
2.000000000000000000e+01 9.100000000000000000e+01 7.600000000000000000e+01 0.000000000000000000e+00 1.600000000000000089e+00 -1.899999999999999996e-03 -2.295999999999999864e-03 9.999959999999999960e-01 2.939860000000000251e-01 -9.558079999999999909e-01 -1.636000000000000084e-03 9.558079999999999909e-01 2.939820000000000211e-01 2.491000000000000159e-03
2.500000000000000000e+01 9.100000000000000000e+01 7.600000000000000000e+01 0.000000000000000000e+00 1.600000000000000089e+00 -6.809999999999999647e-04 5.399999999999999798e-05 1.000000000000000000e+00 2.862390000000000212e-01 -9.581579999999999542e-01 2.469999999999999865e-04 9.581579999999999542e-01 2.862390000000000212e-01 6.369999999999999794e-04
2.800000000000000000e+01 9.100000000000000000e+01 7.600000000000000000e+01 0.000000000000000000e+00 1.600000000000000089e+00 -4.820000000000000066e-04 8.970000000000000109e-04 1.000000000000000000e+00 2.890510000000000024e-01 -9.573129999999999695e-01 9.979999999999999722e-04 9.573129999999999695e-01 2.890519999999999756e-01 2.020000000000000040e-04
1.600000000000000000e+01 6.300000000000000000e+01 8.100000000000000000e+01 0.000000000000000000e+00 1.600000000000000089e+00 -5.507999999999999875e-03 -1.042900000000000077e-02 9.999299999999999855e-01 3.076999999999999874e-02 -9.994739999999999736e-01 -1.025500000000000023e-02 9.995110000000000383e-01 3.071199999999999972e-02 5.825999999999999582e-03
4.000000000000000000e+00 4.400000000000000000e+01 8.300000000000000000e+01 0.000000000000000000e+00 1.600000000000000089e+00 -6.109999999999999980e-04 -3.311000000000000141e-03 9.999940000000000495e-01 5.743939999999999602e-01 -8.185750000000000526e-01 -2.358999999999999986e-03 8.185789999999999456e-01 5.743899999999999562e-01 2.402000000000000055e-03
