1.700000000000000000e+01 1.010000000000000000e+02 7.000000000000000000e+00 0.000000000000000000e+00 1.600000000000000089e+00 -1.250000000000000026e-03 -3.461000000000000101e-03 9.999930000000000208e-01 8.856009999999999716e-01 4.644389999999999907e-01 2.714999999999999965e-03 -4.644460000000000255e-01 8.855979999999999963e-01 2.484000000000000097e-03
2.700000000000000000e+01 1.010000000000000000e+02 7.000000000000000000e+00 0.000000000000000000e+00 1.600000000000000089e+00 -1.484000000000000076e-03 2.726999999999999823e-03 9.999949999999999672e-01 8.820620000000000127e-01 4.711339999999999972e-01 2.400000000000000061e-05 -4.711310000000000220e-01 8.820580000000000087e-01 -3.105000000000000121e-03
2.500000000000000000e+01 1.500000000000000000e+01 8.000000000000000000e+00 0.000000000000000000e+00 1.600000000000000089e+00 -1.863000000000000073e-03 -1.301100000000000000e-02 -9.999139999999999695e-01 -6.279360000000000497e-01 -7.781829999999999581e-01 1.129600000000000048e-02 -7.782620000000000093e-01 6.279029999999999889e-01 -6.720000000000000279e-03
3.000000000000000000e+01 1.500000000000000000e+01 8.000000000000000000e+00 0.000000000000000000e+00 1.600000000000000089e+00 1.696000000000000025e-03 1.765000000000000076e-03 -9.999970000000000248e-01 -6.280630000000000379e-01 -7.781580000000000163e-01 -2.439000000000000196e-03 -7.781599999999999628e-01 6.280649999999999844e-01 -2.110000000000000059e-04
3.000000000000000000e+00 2.500000000000000000e+01 8.000000000000000000e+00 0.000000000000000000e+00 1.600000000000000089e+00 3.444000000000000013e-03 3.503000000000000037e-03 -9.999879999999999880e-01 4.465040000000000120e-01 8.947690000000000365e-01 4.671999999999999938e-03 8.947749999999999870e-01 -4.465149999999999952e-01 1.516999999999999902e-03
7.000000000000000000e+00 2.500000000000000000e+01 8.000000000000000000e+00 0.000000000000000000e+00 1.600000000000000089e+00 2.798000000000000140e-03 8.323999999999999802e-03 -9.999609999999999888e-01 4.450549999999999784e-01 8.954609999999999514e-01 8.699000000000000135e-03 8.954990000000000450e-01 -4.450620000000000132e-01 -1.198999999999999979e-03
1.200000000000000000e+01 2.500000000000000000e+01 8.000000000000000000e+00 0.000000000000000000e+00 1.600000000000000089e+00 2.599999999999999840e-05 7.690000000000000438e-04 -1.000000000000000000e+00 4.440310000000000090e-01 8.960110000000000019e-01 7.010000000000000172e-04 8.960110000000000019e-01 -4.440310000000000090e-01 -3.179999999999999776e-04
1.600000000000000000e+01 2.500000000000000000e+01 8.000000000000000000e+00 0.000000000000000000e+00 1.600000000000000089e+00 -9.139999999999999904e-04 -1.629000000000000023e-03 -9.999980000000000535e-01 4.457559999999999856e-01 8.951529999999999765e-01 -1.866000000000000037e-03 8.951540000000000052e-01 -4.457570000000000143e-01 -9.200000000000000007e-05
1.900000000000000000e+01 2.500000000000000000e+01 8.000000000000000000e+00 0.000000000000000000e+00 1.600000000000000089e+00 2.919999999999999961e-04 -2.798000000000000140e-03 -9.999959999999999960e-01 4.467220000000000080e-01 8.946690000000000476e-01 -2.371999999999999977e-03 8.946730000000000516e-01 -4.467200000000000060e-01 1.510999999999999973e-03
2.400000000000000000e+01 2.500000000000000000e+01 8.000000000000000000e+00 0.000000000000000000e+00 1.600000000000000089e+00 8.480000000000000124e-04 4.369999999999999970e-04 -1.000000000000000000e+00 4.452300000000000146e-01 8.954159999999999897e-01 7.690000000000000438e-04 8.954159999999999897e-01 -4.452300000000000146e-01 5.649999999999999641e-04
2.800000000000000000e+01 2.500000000000000000e+01 8.000000000000000000e+00 0.000000000000000000e+00 1.600000000000000089e+00 7.169999999999999724e-04 -1.122000000000000081e-02 -9.999369999999999647e-01 4.441910000000000025e-01 8.958789999999999809e-01 -9.733999999999999597e-03 8.959319999999999506e-01 -4.441559999999999953e-01 5.625999999999999925e-03
8.000000000000000000e+00 9.000000000000000000e+00 9.000000000000000000e+00 0.000000000000000000e+00 1.600000000000000089e+00 3.961000000000000111e-03 -7.874000000000000790e-03 -9.999609999999999888e-01 -9.447520000000000362e-01 -3.277840000000000198e-01 -1.162000000000000055e-03 -3.277619999999999978e-01 9.447200000000000042e-01 -8.736999999999999975e-03
1.500000000000000000e+01 9.000000000000000000e+00 9.000000000000000000e+00 0.000000000000000000e+00 1.600000000000000089e+00 -2.072299999999999837e-02 -2.302999999999999839e-02 -9.995199999999999640e-01 -9.462080000000000490e-01 -3.224270000000000191e-01 2.704700000000000160e-02 -3.228949999999999876e-01 9.463139999999999885e-01 -1.511000000000000017e-02
7.000000000000000000e+00 2.400000000000000000e+01 9.000000000000000000e+00 0.000000000000000000e+00 1.600000000000000089e+00 2.846000000000000005e-03 8.654000000000000234e-03 -9.999590000000000423e-01 4.526569999999999760e-01 8.916389999999999594e-01 9.005000000000000851e-03 8.916800000000000281e-01 -4.526629999999999820e-01 -1.379999999999999933e-03
1.000000000000000000e+01 2.400000000000000000e+01 9.000000000000000000e+00 0.000000000000000000e+00 1.600000000000000089e+00 1.221999999999999996e-03 1.873000000000000099e-03 -9.999970000000000248e-01 4.515370000000000217e-01 8.922489999999999588e-01 2.223000000000000149e-03 8.922510000000000163e-01 -4.515390000000000237e-01 2.449999999999999921e-04
1.600000000000000000e+01 2.400000000000000000e+01 9.000000000000000000e+00 0.000000000000000000e+00 1.600000000000000089e+00 -1.221000000000000080e-03 -1.843999999999999936e-03 -9.999980000000000535e-01 4.534949999999999815e-01 8.912560000000000482e-01 -2.197000000000000168e-03 8.912579999999999947e-01 -4.534969999999999835e-01 -2.519999999999999996e-04
1.900000000000000000e+01 2.400000000000000000e+01 9.000000000000000000e+00 0.000000000000000000e+00 1.600000000000000089e+00 -6.200000000000000270e-05 -2.867000000000000191e-03 -9.999959999999999960e-01 4.547010000000000218e-01 8.906399999999999872e-01 -2.580999999999999961e-03 8.906439999999999912e-01 -4.546999999999999931e-01 1.247999999999999977e-03
2.500000000000000000e+01 2.400000000000000000e+01 9.000000000000000000e+00 0.000000000000000000e+00 1.600000000000000089e+00 9.740000000000000394e-04 -2.102000000000000136e-03 -9.999970000000000248e-01 4.531040000000000068e-01 8.914570000000000549e-01 -1.433000000000000029e-03 8.914570000000000549e-01 -4.531009999999999760e-01 1.820000000000000003e-03
3.000000000000000000e+00 3.500000000000000000e+01 1.200000000000000000e+01 0.000000000000000000e+00 1.600000000000000089e+00 -1.322999999999999957e-03 4.741999999999999688e-03 -9.999879999999999880e-01 4.346800000000000108e-01 -9.005720000000000391e-01 -4.845000000000000348e-03 -9.005840000000000511e-01 -4.346809999999999841e-01 -8.700000000000000051e-04
1.000000000000000000e+01 3.500000000000000000e+01 1.200000000000000000e+01 0.000000000000000000e+00 1.600000000000000089e+00 1.544000000000000017e-03 7.669999999999999951e-04 -9.999989999999999712e-01 4.600850000000000217e-01 -8.878749999999999698e-01 2.900000000000000017e-05 -8.878740000000000521e-01 -4.600839999999999930e-01 -1.724000000000000055e-03
1.300000000000000000e+01 3.500000000000000000e+01 1.200000000000000000e+01 0.000000000000000000e+00 1.600000000000000089e+00 1.013999999999999927e-03 -3.592000000000000141e-03 -9.999930000000000208e-01 4.676279999999999881e-01 -8.839179999999999815e-01 3.648999999999999900e-03 -8.839249999999999607e-01 -4.676290000000000169e-01 7.829999999999999504e-04
1.600000000000000000e+01 3.500000000000000000e+01 1.200000000000000000e+01 0.000000000000000000e+00 1.600000000000000089e+00 8.429999999999999993e-04 -1.080000000000000014e-03 -9.999989999999999712e-01 4.724599999999999911e-01 -8.813509999999999955e-01 1.350000000000000071e-03 -8.813520000000000243e-01 -4.724599999999999911e-01 -2.329999999999999986e-04
2.000000000000000000e+01 3.500000000000000000e+01 1.200000000000000000e+01 0.000000000000000000e+00 1.600000000000000089e+00 -2.445999999999999824e-03 1.734000000000000081e-03 -9.999959999999999960e-01 4.710340000000000082e-01 -8.821109999999999784e-01 -2.681999999999999922e-03 -8.821109999999999784e-01 -4.710389999999999855e-01 1.340999999999999961e-03
2.900000000000000000e+01 3.500000000000000000e+01 1.200000000000000000e+01 0.000000000000000000e+00 1.600000000000000089e+00 -1.322999999999999957e-03 6.989999999999999686e-03 -9.999749999999999472e-01 4.665239999999999942e-01 -8.844819999999999904e-01 -6.799999999999999621e-03 -8.845079999999999609e-01 -4.665210000000000190e-01 -2.090999999999999977e-03
2.000000000000000000e+00 3.200000000000000000e+01 1.400000000000000000e+01 0.000000000000000000e+00 1.600000000000000089e+00 1.345999999999999974e-03 -5.708999999999999665e-03 -9.999829999999999552e-01 1.048130000000000034e-01 9.944760000000000266e-01 -5.536000000000000122e-03 9.944910000000000139e-01 -1.048039999999999944e-01 1.936999999999999920e-03
1.400000000000000000e+01 3.200000000000000000e+01 1.400000000000000000e+01 0.000000000000000000e+00 1.600000000000000089e+00 -1.900000000000000105e-05 2.164999999999999824e-03 -9.999980000000000535e-01 1.032799999999999968e-01 9.946500000000000341e-01 2.151999999999999833e-03 9.946519999999999806e-01 -1.032789999999999958e-01 -2.420000000000000005e-04
2.100000000000000000e+01 3.200000000000000000e+01 1.400000000000000000e+01 0.000000000000000000e+00 1.600000000000000089e+00 8.880000000000000089e-04 -6.102999999999999918e-03 -9.999810000000000088e-01 1.034869999999999957e-01 9.946129999999999693e-01 -5.977999999999999807e-03 9.946300000000000141e-01 -1.034800000000000025e-01 1.515000000000000071e-03
2.800000000000000000e+01 3.200000000000000000e+01 1.400000000000000000e+01 0.000000000000000000e+00 1.600000000000000089e+00 1.217999999999999899e-03 9.940000000000000918e-04 -9.999989999999999712e-01 9.508600000000000385e-02 9.954680000000000195e-01 1.105000000000000079e-03 9.954680000000000195e-01 -9.508700000000000485e-02 1.118000000000000070e-03
1.100000000000000000e+01 1.160000000000000000e+02 1.600000000000000000e+01 0.000000000000000000e+00 1.600000000000000089e+00 7.060000000000000303e-04 1.121999999999999950e-03 9.999989999999999712e-01 7.051910000000000123e-01 7.090159999999999796e-01 -1.293000000000000095e-03 -7.090170000000000083e-01 7.051920000000000410e-01 -2.910000000000000260e-04
1.900000000000000000e+01 1.160000000000000000e+02 1.600000000000000000e+01 0.000000000000000000e+00 1.600000000000000089e+00 -1.435999999999999993e-03 4.479999999999999933e-04 9.999989999999999712e-01 7.577869999999999884e-01 6.525020000000000264e-01 7.960000000000000495e-04 -6.525009999999999977e-01 7.577869999999999884e-01 -1.276000000000000007e-03
5.000000000000000000e+00 2.000000000000000000e+00 1.900000000000000000e+01 0.000000000000000000e+00 1.600000000000000089e+00 3.699999999999999811e-05 2.988999999999999903e-03 -9.999959999999999960e-01 3.254369999999999763e-01 -9.455599999999999561e-01 -2.814999999999999794e-03 -9.455639999999999601e-01 -3.254349999999999743e-01 -1.007999999999999998e-03
1.100000000000000000e+01 2.000000000000000000e+00 1.900000000000000000e+01 0.000000000000000000e+00 1.600000000000000089e+00 1.005999999999999950e-03 5.982000000000000338e-03 -9.999820000000000375e-01 3.266160000000000174e-01 -9.451420000000000377e-01 -5.324999999999999872e-03 -9.451570000000000249e-01 -3.266049999999999787e-01 -2.905000000000000030e-03
1.600000000000000000e+01 2.000000000000000000e+00 1.900000000000000000e+01 0.000000000000000000e+00 1.600000000000000089e+00 -3.119999999999999944e-04 -4.904000000000000373e-03 -9.999879999999999880e-01 3.297260000000000191e-01 -9.440659999999999608e-01 4.526999999999999774e-03 -9.440770000000000550e-01 -3.297200000000000131e-01 1.912000000000000071e-03
2.200000000000000000e+01 2.000000000000000000e+00 1.900000000000000000e+01 0.000000000000000000e+00 1.600000000000000089e+00 -6.419999999999999925e-04 6.582000000000000177e-03 -9.999780000000000335e-01 3.351790000000000047e-01 -9.421329999999999982e-01 -6.415999999999999828e-03 -9.421540000000000470e-01 -3.351759999999999740e-01 -1.601999999999999908e-03
2.700000000000000000e+01 2.000000000000000000e+00 1.900000000000000000e+01 0.000000000000000000e+00 1.600000000000000089e+00 9.600000000000000243e-05 5.663999999999999764e-03 -9.999839999999999840e-01 3.415569999999999995e-01 -9.398459999999999592e-01 -5.290000000000000431e-03 -9.398609999999999465e-01 -3.415509999999999935e-01 -2.024000000000000191e-03
5.000000000000000000e+00 1.300000000000000000e+01 2.000000000000000000e+01 0.000000000000000000e+00 1.600000000000000089e+00 7.380000000000000492e-04 -3.780000000000000265e-04 1.000000000000000000e+00 2.625319999999999876e-01 9.649229999999999752e-01 1.710000000000000094e-04 -9.649229999999999752e-01 2.625319999999999876e-01 8.109999999999999805e-04
1.000000000000000000e+01 1.300000000000000000e+01 2.000000000000000000e+01 0.000000000000000000e+00 1.600000000000000089e+00 1.624999999999999925e-03 -2.500000000000000052e-04 9.999989999999999712e-01 2.626390000000000113e-01 9.648940000000000294e-01 -1.859999999999999945e-04 -9.648930000000000007e-01 2.626390000000000113e-01 1.632999999999999903e-03
1.500000000000000000e+01 1.300000000000000000e+01 2.000000000000000000e+01 0.000000000000000000e+00 1.600000000000000089e+00 -8.570000000000000144e-04 3.879999999999999985e-04 1.000000000000000000e+00 2.642450000000000077e-01 9.644559999999999800e-01 -1.479999999999999925e-04 -9.644549999999999512e-01 2.642439999999999789e-01 -9.290000000000000297e-04
1.800000000000000000e+01 1.300000000000000000e+01 2.000000000000000000e+01 0.000000000000000000e+00 1.600000000000000089e+00 -1.590000000000000050e-03 9.439999999999999607e-04 9.999980000000000535e-01 2.649590000000000001e-01 9.642600000000000060e-01 -4.889999999999999599e-04 -9.642579999999999485e-01 2.649569999999999981e-01 -1.783999999999999996e-03
2.300000000000000000e+01 1.300000000000000000e+01 2.000000000000000000e+01 0.000000000000000000e+00 1.600000000000000089e+00 1.186999999999999904e-03 -4.137000000000000052e-03 9.999909999999999632e-01 2.623989999999999934e-01 9.649520000000000319e-01 3.680000000000000111e-03 -9.649590000000000112e-01 2.623920000000000141e-01 2.230999999999999910e-03
2.600000000000000000e+01 1.300000000000000000e+01 2.000000000000000000e+01 0.000000000000000000e+00 1.600000000000000089e+00 2.145000000000000205e-03 -3.266999999999999939e-03 9.999919999999999920e-01 2.607059999999999933e-01 9.654150000000000231e-01 2.595000000000000084e-03 -9.654160000000000519e-01 2.606990000000000141e-01 2.922999999999999817e-03
5.000000000000000000e+00 5.000000000000000000e+01 2.200000000000000000e+01 0.000000000000000000e+00 1.600000000000000089e+00 -2.099000000000000171e-03 7.190000000000000210e-04 -9.999970000000000248e-01 -5.665810000000000013e-01 8.240039999999999587e-01 1.781999999999999947e-03 8.240030000000000410e-01 5.665839999999999765e-01 -1.322000000000000041e-03
1.100000000000000000e+01 5.000000000000000000e+01 2.200000000000000000e+01 0.000000000000000000e+00 1.600000000000000089e+00 9.330000000000000186e-04 3.795000000000000196e-03 -9.999919999999999920e-01 -5.633939999999999504e-01 8.261840000000000295e-01 2.609999999999999907e-03 8.261880000000000335e-01 5.633879999999999999e-01 2.909000000000000127e-03
3.000000000000000000e+00 3.000000000000000000e+00 2.500000000000000000e+01 0.000000000000000000e+00 1.600000000000000089e+00 -3.989999999999999949e-04 -4.333000000000000046e-03 9.999909999999999632e-01 -1.871000000000000050e-03 -9.999890000000000168e-01 -4.333000000000000046e-03 9.999980000000000535e-01 -1.873000000000000099e-03 3.910000000000000172e-04
8.000000000000000000e+00 3.000000000000000000e+00 2.500000000000000000e+01 0.000000000000000000e+00 1.600000000000000089e+00 -4.100999999999999611e-03 5.760999999999999628e-03 9.999749999999999472e-01 8.199999999999999824e-04 -9.999829999999999552e-01 5.764000000000000026e-03 9.999909999999999632e-01 8.429999999999999993e-04 4.095999999999999815e-03
1.200000000000000000e+01 3.000000000000000000e+00 2.500000000000000000e+01 0.000000000000000000e+00 1.600000000000000089e+00 -3.769999999999999914e-03 8.339999999999999974e-04 9.999919999999999920e-01 9.039000000000000160e-03 -9.999590000000000423e-01 8.679999999999999565e-04 9.999519999999999520e-01 9.041999999999999690e-03 3.762000000000000153e-03
1.000000000000000000e+00 4.600000000000000000e+01 2.700000000000000000e+01 0.000000000000000000e+00 1.600000000000000089e+00 1.975999999999999892e-03 1.064000000000000059e-03 -9.999970000000000248e-01 6.654679999999999485e-01 7.464229999999999476e-01 2.109000000000000197e-03 7.464229999999999476e-01 -6.654710000000000347e-01 7.669999999999999951e-04
5.000000000000000000e+00 4.600000000000000000e+01 2.700000000000000000e+01 0.000000000000000000e+00 1.600000000000000089e+00 1.619999999999999912e-03 3.079999999999999839e-03 -9.999940000000000495e-01 6.669910000000000005e-01 7.450590000000000268e-01 3.374999999999999962e-03 7.450639999999999485e-01 -6.669920000000000293e-01 -8.480000000000000124e-04
2.900000000000000000e+01 4.600000000000000000e+01 2.700000000000000000e+01 0.000000000000000000e+00 1.600000000000000089e+00 -2.945999999999999834e-03 -3.500000000000000073e-03 -9.999900000000000455e-01 6.626419999999999533e-01 7.489230000000000054e-01 -4.573999999999999941e-03 7.489310000000000134e-01 -6.626480000000000148e-01 1.129999999999999955e-04
2.900000000000000000e+01 4.600000000000000000e+01 3.000000000000000000e+01 0.000000000000000000e+00 1.600000000000000089e+00 -2.073999999999999889e-03 5.529999999999999976e-04 -9.999980000000000535e-01 3.260270000000000112e-01 9.453610000000000069e-01 -1.530000000000000056e-04 9.453580000000000316e-01 -3.260259999999999825e-01 -2.141000000000000108e-03
8.000000000000000000e+00 5.800000000000000000e+01 3.100000000000000000e+01 0.000000000000000000e+00 1.600000000000000089e+00 -1.025000000000000086e-03 2.843000000000000041e-03 9.999949999999999672e-01 -7.533769999999999634e-01 -6.575879999999999503e-01 1.097000000000000102e-03 6.575879999999999503e-01 -7.533720000000000416e-01 2.815999999999999927e-03
1.800000000000000000e+01 5.800000000000000000e+01 3.100000000000000000e+01 0.000000000000000000e+00 1.600000000000000089e+00 -7.386000000000000204e-03 -1.535599999999999986e-02 9.998550000000000493e-01 -7.597589999999999621e-01 -6.500179999999999847e-01 -1.559499999999999949e-02 6.501630000000000464e-01 -7.597639999999999949e-01 -6.865999999999999708e-03
2.800000000000000000e+01 5.800000000000000000e+01 3.100000000000000000e+01 0.000000000000000000e+00 1.600000000000000089e+00 3.841999999999999929e-03 2.840000000000000185e-04 9.999930000000000208e-01 -7.631179999999999630e-01 -6.462520000000000486e-01 3.115000000000000147e-03 6.462480000000000446e-01 -7.631240000000000245e-01 -2.265999999999999785e-03
7.000000000000000000e+00 2.300000000000000000e+01 3.400000000000000000e+01 0.000000000000000000e+00 1.600000000000000089e+00 5.900000000000000296e-04 -2.331000000000000173e-03 9.999970000000000248e-01 3.966839999999999811e-01 -9.179519999999999902e-01 -2.373999999999999808e-03 9.179549999999999654e-01 3.966839999999999811e-01 3.840000000000000097e-04
6.000000000000000000e+00 4.600000000000000000e+01 3.500000000000000000e+01 0.000000000000000000e+00 1.600000000000000089e+00 6.279999999999999775e-04 1.655000000000000004e-03 -9.999980000000000535e-01 3.911120000000000152e-01 -9.203419999999999934e-01 -1.278000000000000056e-03 -9.203430000000000222e-01 -3.911109999999999864e-01 -1.224999999999999960e-03
1.000000000000000000e+01 4.600000000000000000e+01 3.500000000000000000e+01 0.000000000000000000e+00 1.600000000000000089e+00 1.034999999999999896e-03 8.050000000000000515e-04 -9.999989999999999712e-01 3.898510000000000031e-01 -9.208779999999999744e-01 -3.379999999999999758e-04 -9.208769999999999456e-01 -3.898499999999999743e-01 -1.266999999999999897e-03
1.300000000000000000e+01 4.600000000000000000e+01 3.500000000000000000e+01 0.000000000000000000e+00 1.600000000000000089e+00 -3.170000000000000075e-04 9.060000000000000128e-04 -1.000000000000000000e+00 3.896959999999999869e-01 -9.209429999999999561e-01 -9.579999999999999757e-04 -9.209439999999999849e-01 -3.896959999999999869e-01 -6.099999999999999872e-05
1.800000000000000000e+01 4.600000000000000000e+01 3.500000000000000000e+01 0.000000000000000000e+00 1.600000000000000089e+00 -5.469999999999999602e-04 -2.386999999999999799e-03 -9.999970000000000248e-01 3.907640000000000002e-01 -9.204890000000000017e-01 1.982999999999999954e-03 -9.204909999999999481e-01 -3.907619999999999982e-01 1.435999999999999993e-03
2.500000000000000000e+01 4.600000000000000000e+01 3.500000000000000000e+01 0.000000000000000000e+00 1.600000000000000089e+00 1.389999999999999905e-04 -3.714999999999999986e-03 -9.999930000000000208e-01 3.913240000000000052e-01 -9.202460000000000084e-01 3.472999999999999959e-03 -9.202529999999999877e-01 -3.913220000000000032e-01 1.325999999999999922e-03
2.900000000000000000e+01 4.600000000000000000e+01 3.500000000000000000e+01 0.000000000000000000e+00 1.600000000000000089e+00 1.139999999999999954e-03 2.501999999999999884e-03 -9.999959999999999960e-01 3.902709999999999790e-01 -9.206980000000000164e-01 -1.858000000000000059e-03 -9.206990000000000451e-01 -3.902669999999999750e-01 -2.026000000000000023e-03
4.000000000000000000e+00 2.900000000000000000e+01 4.400000000000000000e+01 0.000000000000000000e+00 1.600000000000000089e+00 5.410000000000000312e-04 3.543000000000000142e-03 -9.999940000000000495e-01 6.542519999999999447e-01 7.562710000000000266e-01 3.033999999999999805e-03 7.562769999999999770e-01 -6.542489999999999695e-01 -1.909000000000000107e-03
8.000000000000000000e+00 2.900000000000000000e+01 4.400000000000000000e+01 0.000000000000000000e+00 1.600000000000000089e+00 6.870000000000000022e-04 1.771000000000000005e-03 -9.999980000000000535e-01 6.567610000000000392e-01 7.540970000000000173e-01 1.786999999999999960e-03 7.540980000000000461e-01 -6.567610000000000392e-01 -6.449999999999999570e-04
1.200000000000000000e+01 2.900000000000000000e+01 4.400000000000000000e+01 0.000000000000000000e+00 1.600000000000000089e+00 1.219999999999999974e-04 1.118999999999999986e-03 -9.999989999999999712e-01 6.598319999999999741e-01 7.514129999999999976e-01 9.210000000000000521e-04 7.514129999999999976e-01 -6.598319999999999741e-01 -6.470000000000000057e-04
1.800000000000000000e+01 2.900000000000000000e+01 4.400000000000000000e+01 0.000000000000000000e+00 1.600000000000000089e+00 2.037000000000000182e-03 -7.360000000000000006e-04 -9.999980000000000535e-01 6.621179999999999843e-01 7.493990000000000373e-01 7.969999999999999654e-04 7.493969999999999798e-01 -6.621179999999999843e-01 2.014000000000000165e-03
2.300000000000000000e+01 2.900000000000000000e+01 4.400000000000000000e+01 0.000000000000000000e+00 1.600000000000000089e+00 -1.740000000000000010e-03 4.559999999999999817e-03 -9.999879999999999880e-01 6.572820000000000329e-01 7.536410000000000053e-01 2.292999999999999899e-03 7.536429999999999518e-01 -6.572700000000000209e-01 -4.309000000000000330e-03
2.800000000000000000e+01 2.900000000000000000e+01 4.400000000000000000e+01 0.000000000000000000e+00 1.600000000000000089e+00 -1.899000000000000080e-03 -7.839999999999999747e-04 -9.999980000000000535e-01 6.649140000000000050e-01 7.469179999999999708e-01 -1.848000000000000033e-03 7.469179999999999708e-01 -6.649159999999999515e-01 -8.970000000000000109e-04
2.200000000000000000e+01 5.000000000000000000e+00 5.100000000000000000e+01 0.000000000000000000e+00 1.600000000000000089e+00 -3.325999999999999963e-03 -3.034999999999999937e-03 -9.999900000000000455e-01 4.926740000000000008e-01 -8.702140000000000430e-01 1.002000000000000069e-03 -8.702079999999999815e-01 -4.926650000000000196e-01 4.388999999999999672e-03
2.900000000000000000e+01 5.000000000000000000e+00 5.100000000000000000e+01 0.000000000000000000e+00 1.600000000000000089e+00 5.369999999999999774e-03 -8.323000000000000537e-03 -9.999510000000000343e-01 4.885789999999999855e-01 -8.724640000000000173e-01 9.886000000000000690e-03 -8.725030000000000285e-01 -4.886079999999999868e-01 -6.189999999999999756e-04
1.700000000000000000e+01 1.150000000000000000e+02 5.100000000000000000e+01 0.000000000000000000e+00 1.600000000000000089e+00 -1.515999999999999986e-03 -3.363000000000000104e-03 9.999930000000000208e-01 8.461600000000000232e-01 -5.329279999999999573e-01 -5.100000000000000366e-04 5.329260000000000108e-01 8.461539999999999617e-01 3.652999999999999997e-03
7.000000000000000000e+00 7.000000000000000000e+00 5.200000000000000000e+01 0.000000000000000000e+00 1.600000000000000089e+00 -3.452000000000000207e-03 2.328000000000000208e-03 -9.999909999999999632e-01 1.169629999999999975e-01 -9.931330000000000435e-01 -2.714999999999999965e-03 -9.931299999999999573e-01 -1.169710000000000055e-01 3.157000000000000084e-03
2.700000000000000000e+01 7.000000000000000000e+00 5.200000000000000000e+01 0.000000000000000000e+00 1.600000000000000089e+00 -1.962000000000000202e-03 -4.435999999999999839e-03 -9.999879999999999880e-01 1.066760000000000069e-01 -9.942849999999999744e-01 4.200999999999999873e-03 -9.942919999999999536e-01 -1.066659999999999969e-01 2.423999999999999939e-03
5.000000000000000000e+00 6.300000000000000000e+01 5.400000000000000000e+01 0.000000000000000000e+00 1.600000000000000089e+00 -1.425999999999999967e-03 -7.507999999999999917e-03 9.999710000000000543e-01 -3.457479999999999998e-01 9.383049999999999446e-01 6.551999999999999665e-03 -9.383259999999999934e-01 -3.457279999999999798e-01 -3.933999999999999997e-03
9.000000000000000000e+00 6.300000000000000000e+01 5.400000000000000000e+01 0.000000000000000000e+00 1.600000000000000089e+00 -4.300000000000000165e-05 -3.593999999999999972e-03 9.999940000000000495e-01 -3.388229999999999853e-01 9.408440000000000136e-01 3.367000000000000201e-03 -9.408499999999999641e-01 -3.388200000000000101e-01 -1.258000000000000004e-03
1.100000000000000000e+01 6.300000000000000000e+01 5.400000000000000000e+01 0.000000000000000000e+00 1.600000000000000089e+00 3.959999999999999762e-04 -6.019999999999999961e-04 1.000000000000000000e+00 -3.390679999999999805e-01 9.407619999999999871e-01 6.999999999999999929e-04 -9.407619999999999871e-01 -3.390679999999999805e-01 1.689999999999999879e-04
1.600000000000000000e+01 6.300000000000000000e+01 5.400000000000000000e+01 0.000000000000000000e+00 1.600000000000000089e+00 3.750000000000000078e-04 1.126999999999999964e-03 9.999989999999999712e-01 -3.413649999999999740e-01 9.399300000000000432e-01 -9.309999999999999699e-04 -9.399309999999999610e-01 -3.413640000000000008e-01 7.370000000000000249e-04
2.200000000000000000e+01 6.300000000000000000e+01 5.400000000000000000e+01 0.000000000000000000e+00 1.600000000000000089e+00 -2.889999999999999774e-04 1.579999999999999916e-04 1.000000000000000000e+00 -3.407810000000000006e-01 9.401429999999999509e-01 -2.469999999999999865e-04 -9.401429999999999509e-01 -3.407810000000000006e-01 -2.180000000000000134e-04
2.900000000000000000e+01 6.300000000000000000e+01 5.400000000000000000e+01 0.000000000000000000e+00 1.600000000000000089e+00 2.131000000000000082e-03 6.597999999999999698e-03 9.999759999999999760e-01 -3.496839999999999948e-01 9.368520000000000181e-01 -5.435999999999999860e-03 -9.368649999999999478e-01 -3.496639999999999748e-01 4.303999999999999666e-03
2.000000000000000000e+00 2.500000000000000000e+01 5.500000000000000000e+01 0.000000000000000000e+00 1.600000000000000089e+00 -5.419999999999999471e-04 5.644999999999999844e-03 -9.999839999999999840e-01 -1.147199999999999956e-02 -9.999179999999999735e-01 -5.637999999999999783e-03 -9.999339999999999895e-01 1.146900000000000003e-02 6.070000000000000092e-04
6.000000000000000000e+00 2.500000000000000000e+01 5.500000000000000000e+01 0.000000000000000000e+00 1.600000000000000089e+00 -1.779999999999999898e-04 -4.960000000000000216e-04 -1.000000000000000000e+00 -1.072700000000000042e-02 -9.999419999999999975e-01 4.979999999999999618e-04 -9.999419999999999975e-01 1.072700000000000042e-02 1.730000000000000038e-04
1.100000000000000000e+01 2.500000000000000000e+01 5.500000000000000000e+01 0.000000000000000000e+00 1.600000000000000089e+00 -9.829999999999999329e-04 5.779999999999999548e-04 -9.999989999999999712e-01 -1.032800000000000037e-02 -9.999460000000000015e-01 -5.680000000000000370e-04 -9.999460000000000015e-01 1.032800000000000037e-02 9.890000000000000787e-04
2.200000000000000000e+01 2.500000000000000000e+01 5.500000000000000000e+01 0.000000000000000000e+00 1.600000000000000089e+00 1.355000000000000085e-03 -4.270999999999999623e-03 -9.999900000000000455e-01 -1.266100000000000038e-02 -9.999109999999999943e-01 4.252999999999999836e-03 -9.999190000000000023e-01 1.265600000000000058e-02 -1.409000000000000096e-03
3.000000000000000000e+00 2.100000000000000000e+01 6.000000000000000000e+01 0.000000000000000000e+00 1.600000000000000089e+00 -6.700000000000000226e-04 8.790000000000000070e-04 9.999989999999999712e-01 -9.142799999999999538e-02 9.958110000000000017e-01 -9.359999999999999831e-04 -9.958110000000000017e-01 -9.142799999999999538e-02 -5.869999999999999567e-04
7.000000000000000000e+00 2.100000000000000000e+01 6.000000000000000000e+01 0.000000000000000000e+00 1.600000000000000089e+00 8.799999999999999771e-05 -1.649999999999999991e-04 1.000000000000000000e+00 -9.311099999999999932e-02 9.956559999999999855e-01 1.730000000000000038e-04 -9.956559999999999855e-01 -9.311099999999999932e-02 7.299999999999999903e-05
1.400000000000000000e+01 2.100000000000000000e+01 6.000000000000000000e+01 0.000000000000000000e+00 1.600000000000000089e+00 2.530000000000000239e-04 -7.740999999999999617e-03 9.999700000000000255e-01 -9.352900000000000102e-02 9.955869999999999997e-01 7.731000000000000025e-03 -9.956169999999999742e-01 -9.352800000000000002e-02 -4.719999999999999803e-04
2.100000000000000000e+01 2.100000000000000000e+01 6.000000000000000000e+01 0.000000000000000000e+00 1.600000000000000089e+00 -1.074000000000000085e-03 -2.169999999999999891e-04 9.999989999999999712e-01 -9.421499999999999320e-02 9.955519999999999925e-01 1.140000000000000063e-04 -9.955509999999999637e-01 -9.421499999999999320e-02 -1.090000000000000040e-03
3.000000000000000000e+01 2.100000000000000000e+01 6.000000000000000000e+01 0.000000000000000000e+00 1.600000000000000089e+00 -1.149000000000000065e-03 8.292000000000000759e-03 9.999649999999999928e-01 -9.450699999999999379e-02 9.954889999999999572e-01 -8.363999999999999907e-03 -9.955239999999999645e-01 -9.451400000000000079e-02 -3.600000000000000227e-04
8.000000000000000000e+00 3.000000000000000000e+00 6.300000000000000000e+01 0.000000000000000000e+00 1.600000000000000089e+00 -5.839999999999999922e-04 3.690000000000000246e-04 1.000000000000000000e+00 -6.186279999999999557e-01 7.856840000000000490e-01 -6.509999999999999945e-04 -7.856840000000000490e-01 -6.186279999999999557e-01 -2.310000000000000042e-04
5.000000000000000000e+00 2.700000000000000000e+01 6.300000000000000000e+01 0.000000000000000000e+00 1.600000000000000089e+00 -1.031999999999999931e-03 -4.722999999999999768e-03 9.999879999999999880e-01 -2.773599999999999954e-01 9.607569999999999721e-01 4.250999999999999571e-03 -9.607649999999999801e-01 -2.773519999999999874e-01 -2.301999999999999793e-03
1.200000000000000000e+01 2.700000000000000000e+01 6.300000000000000000e+01 0.000000000000000000e+00 1.600000000000000089e+00 1.824000000000000100e-03 2.974000000000000081e-03 9.999940000000000495e-01 -2.770619999999999750e-01 9.608489999999999531e-01 -2.353000000000000057e-03 -9.608499999999999819e-01 -2.770560000000000245e-01 2.576000000000000165e-03
1.900000000000000000e+01 2.700000000000000000e+01 6.300000000000000000e+01 0.000000000000000000e+00 1.600000000000000089e+00 -9.560000000000000355e-04 1.758999999999999930e-03 9.999980000000000535e-01 -2.729570000000000052e-01 9.620239999999999903e-01 -1.953000000000000092e-03 -9.620260000000000478e-01 -2.729590000000000072e-01 -4.400000000000000157e-04
2.400000000000000000e+01 2.700000000000000000e+01 6.300000000000000000e+01 0.000000000000000000e+00 1.600000000000000089e+00 7.609999999999999577e-04 -3.726999999999999844e-03 9.999930000000000208e-01 -2.720489999999999853e-01 9.622760000000000202e-01 3.794000000000000063e-03 -9.622829999999999995e-01 -2.720500000000000140e-01 -2.820000000000000241e-04
2.800000000000000000e+01 2.700000000000000000e+01 6.300000000000000000e+01 0.000000000000000000e+00 1.600000000000000089e+00 -1.062999999999999926e-03 -2.794000000000000043e-03 9.999949999999999672e-01 -2.723430000000000017e-01 9.621969999999999690e-01 2.399000000000000091e-03 -9.622000000000000552e-01 -2.723389999999999977e-01 -1.783000000000000080e-03
6.000000000000000000e+00 2.600000000000000000e+01 6.400000000000000000e+01 0.000000000000000000e+00 1.600000000000000089e+00 -6.019999999999999961e-04 -4.309000000000000330e-03 9.999909999999999632e-01 -3.701340000000000185e-01 9.289709999999999912e-01 3.779999999999999940e-03 -9.289779999999999704e-01 -3.701280000000000125e-01 -2.154000000000000099e-03
1.000000000000000000e+01 2.600000000000000000e+01 6.400000000000000000e+01 0.000000000000000000e+00 1.600000000000000089e+00 1.033999999999999980e-03 -1.131999999999999977e-03 9.999989999999999712e-01 -3.699999999999999956e-01 9.290310000000000512e-01 1.433999999999999945e-03 -9.290310000000000512e-01 -3.700010000000000243e-01 5.419999999999999471e-04
1.300000000000000000e+01 2.600000000000000000e+01 6.400000000000000000e+01 0.000000000000000000e+00 1.600000000000000089e+00 1.549000000000000030e-03 5.047000000000000271e-03 9.999860000000000415e-01 -3.675709999999999811e-01 9.299859999999999793e-01 -4.125000000000000194e-03 -9.299939999999999873e-01 -3.675590000000000246e-01 3.295999999999999885e-03
2.400000000000000000e+01 2.600000000000000000e+01 6.400000000000000000e+01 0.000000000000000000e+00 1.600000000000000089e+00 9.560000000000000355e-04 -4.206999999999999802e-03 9.999909999999999632e-01 -3.611090000000000133e-01 9.325139999999999540e-01 4.268000000000000092e-03 -9.325229999999999908e-01 -3.611090000000000133e-01 -6.279999999999999775e-04
2.700000000000000000e+01 2.600000000000000000e+01 6.400000000000000000e+01 0.000000000000000000e+00 1.600000000000000089e+00 -9.520000000000000467e-04 -1.226000000000000093e-03 9.999989999999999712e-01 -3.617099999999999760e-01 9.322899999999999521e-01 7.990000000000000140e-04 -9.322899999999999521e-01 -3.617090000000000027e-01 -1.332000000000000068e-03
3.000000000000000000e+00 6.900000000000000000e+01 6.600000000000000000e+01 0.000000000000000000e+00 1.600000000000000089e+00 7.903000000000000302e-03 -8.399999999999999535e-05 9.999689999999999968e-01 -9.467480000000000340e-01 3.218889999999999807e-01 7.509000000000000050e-03 -3.218799999999999994e-01 -9.467769999999999797e-01 2.464000000000000044e-03
1.000000000000000000e+01 2.500000000000000000e+01 7.300000000000000000e+01 0.000000000000000000e+00 1.600000000000000089e+00 -1.137999999999999906e-03 2.926999999999999914e-03 9.999949999999999672e-01 7.494269999999999543e-01 -6.620810000000000306e-01 2.791000000000000078e-03 6.620859999999999523e-01 7.494260000000000366e-01 -1.440000000000000091e-03
1.300000000000000000e+01 2.500000000000000000e+01 7.300000000000000000e+01 0.000000000000000000e+00 1.600000000000000089e+00 -2.180000000000000080e-03 -2.831000000000000183e-03 9.999940000000000495e-01 7.510829999999999451e-01 -6.602080000000000171e-01 -2.320000000000000014e-04 6.602040000000000131e-01 7.510780000000000234e-01 3.566000000000000159e-03
1.600000000000000000e+01 2.500000000000000000e+01 7.300000000000000000e+01 0.000000000000000000e+00 1.600000000000000089e+00 -3.374999999999999962e-03 -7.428999999999999840e-03 9.999670000000000503e-01 7.522299999999999542e-01 -6.588960000000000372e-01 -2.356000000000000021e-03 6.588920000000000332e-01 7.521970000000000045e-01 7.812000000000000367e-03
2.100000000000000000e+01 2.500000000000000000e+01 7.300000000000000000e+01 0.000000000000000000e+00 1.600000000000000089e+00 -1.642999999999999929e-03 -2.439000000000000196e-03 9.999959999999999960e-01 7.542649999999999633e-01 -6.565699999999999870e-01 -3.620000000000000171e-04 6.565680000000000405e-01 7.542609999999999593e-01 2.918000000000000021e-03
2.700000000000000000e+01 2.500000000000000000e+01 7.300000000000000000e+01 0.000000000000000000e+00 1.600000000000000089e+00 -9.629999999999999888e-04 2.592000000000000120e-03 9.999959999999999960e-01 7.513039999999999718e-01 -6.599519999999999831e-01 2.435000000000000098e-03 6.599559999999999871e-01 7.513030000000000541e-01 -1.312000000000000015e-03
1.000000000000000000e+00 4.400000000000000000e+01 7.300000000000000000e+01 0.000000000000000000e+00 1.600000000000000089e+00 -8.229999999999999469e-04 -7.211999999999999661e-03 9.999740000000000295e-01 5.400699999999999945e-02 -9.985150000000000414e-01 -7.157000000000000167e-03 9.985399999999999832e-01 5.399999999999999939e-02 1.211000000000000054e-03
3.000000000000000000e+00 4.400000000000000000e+01 7.300000000000000000e+01 0.000000000000000000e+00 1.600000000000000089e+00 -8.040000000000000271e-04 -5.991999999999999930e-03 9.999820000000000375e-01 5.380100000000000160e-02 -9.985340000000000327e-01 -5.939999999999999968e-03 9.985509999999999664e-01 5.379500000000000254e-02 1.124999999999999915e-03
8.000000000000000000e+00 4.400000000000000000e+01 7.300000000000000000e+01 0.000000000000000000e+00 1.600000000000000089e+00 -3.249999999999999851e-04 -7.100000000000000462e-05 1.000000000000000000e+00 5.086600000000000149e-02 -9.987059999999999826e-01 -5.399999999999999798e-05 9.987049999999999539e-01 5.086500000000000049e-02 3.289999999999999739e-04
1.300000000000000000e+01 4.400000000000000000e+01 7.300000000000000000e+01 0.000000000000000000e+00 1.600000000000000089e+00 -9.730000000000000151e-04 -1.399000000000000070e-03 9.999989999999999712e-01 5.067300000000000276e-02 -9.987139999999999906e-01 -1.348000000000000023e-03 9.987150000000000194e-01 5.067200000000000176e-02 1.043000000000000090e-03
2.200000000000000000e+01 4.400000000000000000e+01 7.300000000000000000e+01 0.000000000000000000e+00 1.600000000000000089e+00 -1.030000000000000100e-03 -1.304999999999999953e-03 9.999989999999999712e-01 5.339800000000000102e-02 -9.985730000000000439e-01 -1.247999999999999977e-03 9.985730000000000439e-01 5.339700000000000002e-02 1.098000000000000018e-03
6.000000000000000000e+00 9.100000000000000000e+01 7.600000000000000000e+01 0.000000000000000000e+00 1.600000000000000089e+00 1.190000000000000058e-04 -2.300000000000000002e-05 1.000000000000000000e+00 3.024839999999999751e-01 -9.531539999999999457e-01 -5.800000000000000034e-05 9.531539999999999457e-01 3.024839999999999751e-01 -1.060000000000000016e-04
1.100000000000000000e+01 9.100000000000000000e+01 7.600000000000000000e+01 0.000000000000000000e+00 1.600000000000000089e+00 -5.500000000000000196e-05 7.950000000000000252e-04 1.000000000000000000e+00 3.122530000000000028e-01 -9.499990000000000379e-01 7.720000000000000083e-04 9.499990000000000379e-01 3.122530000000000028e-01 -1.959999999999999937e-04
1.600000000000000000e+01 9.100000000000000000e+01 7.600000000000000000e+01 0.000000000000000000e+00 1.600000000000000089e+00 -3.939999999999999817e-04 -1.851999999999999914e-03 9.999980000000000535e-01 3.270649999999999946e-01 -9.450009999999999799e-01 -1.621999999999999961e-03 9.450020000000000087e-01 3.270629999999999926e-01 9.779999999999999197e-04
2.000000000000000000e+01 9.100000000000000000e+01 7.600000000000000000e+01 0.000000000000000000e+00 1.600000000000000089e+00 -2.090000000000000115e-04 -7.739999999999999485e-04 1.000000000000000000e+00 3.191039999999999988e-01 -9.477200000000000069e-01 -6.660000000000000338e-04 9.477200000000000069e-01 3.191039999999999988e-01 4.449999999999999746e-04
