5.000000000000000000e+00 1.700000000000000000e+01 3.000000000000000000e+00 0.000000000000000000e+00 1.600000000000000089e+00 -2.721399999999999861e-02 -1.618400000000000047e-02 -9.994990000000000263e-01 -7.115829999999999655e-01 -7.019300000000000539e-01 3.074100000000000096e-02 -7.020750000000000046e-01 7.120619999999999727e-01 7.584999999999999729e-03
2.000000000000000000e+01 1.010000000000000000e+02 7.000000000000000000e+00 0.000000000000000000e+00 1.600000000000000089e+00 -2.471000000000000106e-03 5.069999999999999637e-04 9.999970000000000248e-01 8.883210000000000273e-01 4.592189999999999883e-01 1.962999999999999901e-03 -4.592160000000000131e-01 8.883229999999999738e-01 -1.585000000000000037e-03
3.000000000000000000e+00 2.500000000000000000e+01 8.000000000000000000e+00 0.000000000000000000e+00 1.600000000000000089e+00 -1.800000000000000046e-05 7.720000000000000299e-03 -9.999700000000000255e-01 4.373340000000000005e-01 8.992719999999999603e-01 6.935000000000000192e-03 8.992989999999999595e-01 -4.373210000000000153e-01 -3.393000000000000183e-03
6.000000000000000000e+00 2.500000000000000000e+01 8.000000000000000000e+00 0.000000000000000000e+00 1.600000000000000089e+00 2.079999999999999872e-04 2.726000000000000124e-03 -9.999959999999999960e-01 4.373210000000000153e-01 8.993020000000000458e-01 2.543000000000000121e-03 8.993060000000000498e-01 -4.373199999999999865e-01 -1.005000000000000034e-03
1.400000000000000000e+01 2.500000000000000000e+01 8.000000000000000000e+00 0.000000000000000000e+00 1.600000000000000089e+00 -9.600000000000000243e-05 2.635000000000000189e-03 -9.999959999999999960e-01 4.378799999999999915e-01 8.990299999999999958e-01 2.327000000000000075e-03 8.990329999999999711e-01 -4.378779999999999895e-01 -1.240000000000000000e-03
1.800000000000000000e+01 2.500000000000000000e+01 8.000000000000000000e+00 0.000000000000000000e+00 1.600000000000000089e+00 8.499999999999999526e-04 4.441999999999999768e-03 -9.999900000000000455e-01 4.395930000000000115e-01 8.981869999999999576e-01 4.362999999999999691e-03 8.981970000000000232e-01 -4.395919999999999828e-01 -1.188999999999999953e-03
2.200000000000000000e+01 2.500000000000000000e+01 8.000000000000000000e+00 0.000000000000000000e+00 1.600000000000000089e+00 5.379999999999999583e-04 -1.786000000000000044e-03 -9.999980000000000535e-01 4.405299999999999772e-01 8.977370000000000072e-01 -1.366000000000000027e-03 8.977380000000000360e-01 -4.405290000000000039e-01 1.270000000000000078e-03
2.600000000000000000e+01 2.500000000000000000e+01 8.000000000000000000e+00 0.000000000000000000e+00 1.600000000000000089e+00 8.840000000000000201e-04 -4.920000000000000328e-04 -1.000000000000000000e+00 4.400439999999999907e-01 8.979759999999999964e-01 -5.300000000000000078e-05 8.979759999999999964e-01 -4.400439999999999907e-01 1.010000000000000047e-03
2.900000000000000000e+01 2.500000000000000000e+01 8.000000000000000000e+00 0.000000000000000000e+00 1.600000000000000089e+00 1.240000000000000000e-03 4.333000000000000046e-03 -9.999900000000000455e-01 4.396559999999999913e-01 8.981550000000000367e-01 4.436999999999999972e-03 8.981660000000000199e-01 -4.396570000000000200e-01 -7.910000000000000364e-04
7.000000000000000000e+00 2.400000000000000000e+01 9.000000000000000000e+00 0.000000000000000000e+00 1.600000000000000089e+00 1.800000000000000113e-04 8.400000000000000348e-04 -1.000000000000000000e+00 4.442059999999999897e-01 8.959249999999999714e-01 8.329999999999999731e-04 8.959249999999999714e-01 -4.442059999999999897e-01 -2.120000000000000031e-04
1.300000000000000000e+01 2.400000000000000000e+01 9.000000000000000000e+00 0.000000000000000000e+00 1.600000000000000089e+00 -2.590000000000000071e-04 4.000000000000000192e-04 -1.000000000000000000e+00 4.442869999999999875e-01 8.958850000000000424e-01 2.429999999999999977e-04 8.958850000000000424e-01 -4.442869999999999875e-01 -4.090000000000000211e-04
1.700000000000000000e+01 2.400000000000000000e+01 9.000000000000000000e+00 0.000000000000000000e+00 1.600000000000000089e+00 -3.609999999999999928e-04 5.645999999999999977e-03 -9.999839999999999840e-01 4.457050000000000178e-01 8.951670000000000460e-01 4.892999999999999780e-03 8.951799999999999757e-01 -4.456959999999999811e-01 -2.838999999999999944e-03
2.100000000000000000e+01 2.400000000000000000e+01 9.000000000000000000e+00 0.000000000000000000e+00 1.600000000000000089e+00 7.399999999999999894e-04 4.000000000000000327e-05 -1.000000000000000000e+00 4.479179999999999828e-01 8.940740000000000354e-01 3.669999999999999760e-04 8.940740000000000354e-01 -4.479179999999999828e-01 6.430000000000000169e-04
2.500000000000000000e+01 2.400000000000000000e+01 9.000000000000000000e+00 0.000000000000000000e+00 1.600000000000000089e+00 7.420000000000000380e-04 -2.576999999999999864e-03 -9.999959999999999960e-01 4.477130000000000276e-01 8.941750000000000531e-01 -1.971999999999999795e-03 8.941769999999999996e-01 -4.477099999999999969e-01 1.817000000000000039e-03
3.000000000000000000e+01 2.400000000000000000e+01 9.000000000000000000e+00 0.000000000000000000e+00 1.600000000000000089e+00 1.018000000000000025e-03 4.930999999999999620e-03 -9.999869999999999592e-01 4.459600000000000231e-01 8.950399999999999467e-01 4.867999999999999931e-03 8.950519999999999587e-01 -4.459589999999999943e-01 -1.288000000000000082e-03
2.300000000000000000e+01 7.000000000000000000e+00 1.000000000000000000e+01 0.000000000000000000e+00 1.600000000000000089e+00 -1.373870000000000091e-01 -7.335300000000000153e-02 -9.877979999999999539e-01 -9.509360000000000035e-01 -2.693280000000000118e-01 1.522610000000000074e-01 -2.772100000000000120e-01 9.602509999999999657e-01 -3.275200000000000333e-02
1.400000000000000000e+01 8.000000000000000000e+00 1.000000000000000000e+01 0.000000000000000000e+00 1.600000000000000089e+00 -1.194080000000000003e-01 -4.020699999999999968e-02 -9.920309999999999961e-01 -9.869360000000000355e-01 -1.040500000000000036e-01 1.230119999999999963e-01 -1.081669999999999993e-01 9.937589999999999479e-01 -2.725800000000000098e-02
2.900000000000000000e+01 2.000000000000000000e+00 1.100000000000000000e+01 0.000000000000000000e+00 1.600000000000000089e+00 9.088999999999999857e-03 -1.680669999999999942e-01 9.857339999999999991e-01 1.383459999999999968e-01 -9.760830000000000339e-01 -1.676970000000000127e-01 9.903419999999999446e-01 1.378969999999999918e-01 1.438000000000000042e-02
2.300000000000000000e+01 3.000000000000000000e+00 1.100000000000000000e+01 0.000000000000000000e+00 1.600000000000000089e+00 1.484199999999999929e-02 -1.499350000000000127e-01 9.885840000000000183e-01 1.965919999999999890e-01 -9.689569999999999572e-01 -1.499099999999999877e-01 9.803730000000000500e-01 1.965729999999999977e-01 1.509500000000000078e-02
2.000000000000000000e+01 3.100000000000000000e+01 1.200000000000000000e+01 0.000000000000000000e+00 1.600000000000000089e+00 -5.659999999999999884e-04 4.815999999999999968e-03 9.999879999999999880e-01 -3.063799999999999857e-02 9.995190000000000463e-01 -4.831000000000000225e-03 -9.995300000000000296e-01 -3.064000000000000057e-02 -4.180000000000000230e-04
2.000000000000000000e+00 3.500000000000000000e+01 1.200000000000000000e+01 0.000000000000000000e+00 1.600000000000000089e+00 -2.697999999999999877e-03 4.823000000000000030e-03 -9.999850000000000128e-01 4.250180000000000069e-01 -9.051679999999999726e-01 -5.512000000000000406e-03 -9.051810000000000134e-01 -4.250260000000000149e-01 3.919999999999999873e-04
1.100000000000000000e+01 3.500000000000000000e+01 1.200000000000000000e+01 0.000000000000000000e+00 1.600000000000000089e+00 -1.453000000000000081e-03 4.377999999999999947e-03 -9.999890000000000168e-01 4.564380000000000104e-01 -8.897439999999999793e-01 -4.558999999999999685e-03 -8.897540000000000449e-01 -4.564400000000000124e-01 -7.050000000000000060e-04
1.400000000000000000e+01 3.500000000000000000e+01 1.200000000000000000e+01 0.000000000000000000e+00 1.600000000000000089e+00 -2.537999999999999892e-03 4.557000000000000287e-03 -9.999860000000000415e-01 4.603079999999999949e-01 -8.877439999999999776e-01 -5.213999999999999885e-03 -8.877549999999999608e-01 -4.603149999999999742e-01 1.550000000000000000e-04
2.900000000000000000e+01 1.200000000000000000e+01 1.500000000000000000e+01 0.000000000000000000e+00 1.600000000000000089e+00 1.380600000000000056e-02 2.043100000000000124e-02 -9.996960000000000290e-01 -3.940150000000000041e-01 -9.187849999999999628e-01 -2.421900000000000094e-02 -9.190009999999999568e-01 3.942289999999999961e-01 -4.634000000000000098e-03
6.000000000000000000e+00 1.200000000000000000e+01 1.600000000000000000e+01 0.000000000000000000e+00 1.600000000000000089e+00 2.350999999999999791e-03 -9.409299999999999609e-02 9.955610000000000293e-01 2.057209999999999872e-01 -9.742229999999999501e-01 -9.256200000000000538e-02 9.786080000000000334e-01 2.050260000000000138e-01 1.706600000000000131e-02
6.000000000000000000e+00 1.160000000000000000e+02 1.600000000000000000e+01 0.000000000000000000e+00 1.600000000000000089e+00 4.792000000000000252e-03 8.440000000000000236e-04 9.999879999999999880e-01 6.686849999999999739e-01 7.435359999999999747e-01 -3.831999999999999903e-03 -7.435310000000000530e-01 6.686950000000000394e-01 2.998999999999999930e-03
2.700000000000000000e+01 1.160000000000000000e+02 1.600000000000000000e+01 0.000000000000000000e+00 1.600000000000000089e+00 1.266999999999999897e-03 2.488999999999999893e-03 9.999959999999999960e-01 7.091319999999999846e-01 7.050710000000000033e-01 -2.654000000000000109e-03 -7.050739999999999785e-01 7.091330000000000133e-01 -8.720000000000000537e-04
7.000000000000000000e+00 2.000000000000000000e+00 1.900000000000000000e+01 0.000000000000000000e+00 1.600000000000000089e+00 1.211399999999999977e-02 -5.181800000000000295e-02 -9.985829999999999984e-01 3.320100000000000273e-01 -9.417919999999999625e-01 5.289800000000000058e-02 -9.431979999999999809e-01 -3.321799999999999753e-01 5.794999999999999804e-03
1.500000000000000000e+01 2.000000000000000000e+00 1.900000000000000000e+01 0.000000000000000000e+00 1.600000000000000089e+00 1.285700000000000037e-02 -6.807499999999999662e-02 -9.975969999999999560e-01 3.630740000000000078e-01 -9.292690000000000117e-01 6.809199999999999975e-02 -9.316719999999999446e-01 -3.630769999999999831e-01 1.276900000000000084e-02
1.900000000000000000e+01 2.000000000000000000e+00 1.900000000000000000e+01 0.000000000000000000e+00 1.600000000000000089e+00 1.416700000000000077e-02 -5.645200000000000218e-02 -9.983049999999999979e-01 3.667030000000000012e-01 -9.285470000000000113e-01 5.771099999999999841e-02 -9.302300000000000013e-01 -3.668989999999999752e-01 7.545999999999999756e-03
2.500000000000000000e+01 2.000000000000000000e+00 1.900000000000000000e+01 0.000000000000000000e+00 1.600000000000000089e+00 6.663999999999999785e-03 -4.388999999999999846e-02 -9.990139999999999576e-01 3.541270000000000251e-01 -9.341899999999999649e-01 4.340399999999999814e-02 -9.351739999999999498e-01 -3.540670000000000206e-01 9.317000000000000628e-03
2.800000000000000000e+01 2.000000000000000000e+00 1.900000000000000000e+01 0.000000000000000000e+00 1.600000000000000089e+00 4.495999999999999996e-03 -6.218699999999999922e-02 -9.980539999999999967e-01 3.439320000000000155e-01 -9.370800000000000241e-01 5.993699999999999722e-02 -9.389840000000000408e-01 -3.435329999999999773e-01 1.717499999999999930e-02
3.000000000000000000e+00 3.000000000000000000e+00 1.900000000000000000e+01 0.000000000000000000e+00 1.600000000000000089e+00 9.962999999999999634e-03 -3.474200000000000205e-02 -9.993469999999999853e-01 3.321490000000000276e-01 -9.425369999999999582e-01 3.607799999999999896e-02 -9.431739999999999569e-01 -3.322910000000000030e-01 2.148999999999999869e-03
9.000000000000000000e+00 3.000000000000000000e+00 1.900000000000000000e+01 0.000000000000000000e+00 1.600000000000000089e+00 1.344300000000000009e-02 -5.634700000000000125e-02 -9.983210000000000139e-01 3.421950000000000269e-01 -9.378649999999999487e-01 5.754200000000000287e-02 -9.395329999999999515e-01 -3.423939999999999761e-01 6.674000000000000245e-03
2.200000000000000000e+01 3.000000000000000000e+00 1.900000000000000000e+01 0.000000000000000000e+00 1.600000000000000089e+00 1.234599999999999934e-02 -3.087300000000000114e-02 -9.994469999999999743e-01 3.336359999999999881e-01 -9.421159999999999535e-01 3.322300000000000253e-02 -9.426210000000000422e-01 -3.338619999999999921e-01 -1.330999999999999935e-03
2.700000000000000000e+01 3.000000000000000000e+00 1.900000000000000000e+01 0.000000000000000000e+00 1.600000000000000089e+00 2.834999999999999847e-03 -4.582399999999999668e-02 -9.989449999999999719e-01 3.218019999999999770e-01 -9.457699999999999996e-01 4.429799999999999710e-02 -9.468029999999999502e-01 -3.215879999999999850e-01 1.206499999999999934e-02
3.000000000000000000e+00 4.000000000000000000e+00 2.000000000000000000e+01 0.000000000000000000e+00 1.600000000000000089e+00 6.956999999999999643e-03 -3.565100000000000213e-02 -9.993400000000000061e-01 4.262900000000000023e-01 -9.039009999999999545e-01 3.521400000000000224e-02 -9.045600000000000307e-01 -4.262540000000000218e-01 8.909999999999999518e-03
1.000000000000000000e+01 4.000000000000000000e+00 2.000000000000000000e+01 0.000000000000000000e+00 1.600000000000000089e+00 9.440000000000000474e-03 -5.475200000000000206e-02 -9.984549999999999814e-01 4.097160000000000246e-01 -9.106250000000000178e-01 5.380999999999999672e-02 -9.121639999999999748e-01 -4.095909999999999829e-01 1.383599999999999934e-02
2.800000000000000000e+01 4.000000000000000000e+00 2.000000000000000000e+01 0.000000000000000000e+00 1.600000000000000089e+00 5.296000000000000360e-03 -2.322199999999999959e-02 -9.997160000000000490e-01 3.378369999999999984e-01 -9.409079999999999666e-01 2.364600000000000035e-02 -9.411899999999999711e-01 -3.378659999999999997e-01 2.863000000000000093e-03
7.000000000000000000e+00 1.300000000000000000e+01 2.000000000000000000e+01 0.000000000000000000e+00 1.600000000000000089e+00 4.473000000000000413e-03 -8.007999999999999494e-03 9.999580000000000135e-01 2.761399999999999966e-01 9.610959999999999503e-01 6.461999999999999862e-03 -9.611070000000000446e-01 2.760989999999999833e-01 6.510000000000000162e-03
1.200000000000000000e+01 1.300000000000000000e+01 2.000000000000000000e+01 0.000000000000000000e+00 1.600000000000000089e+00 5.959999999999999586e-04 6.920000000000000153e-04 1.000000000000000000e+00 2.627240000000000131e-01 9.648710000000000342e-01 -8.239999999999999712e-04 -9.648710000000000342e-01 2.627240000000000131e-01 3.930000000000000117e-04
1.600000000000000000e+01 1.300000000000000000e+01 2.000000000000000000e+01 0.000000000000000000e+00 1.600000000000000089e+00 -7.600000000000000418e-05 3.837000000000000133e-03 9.999930000000000208e-01 2.604330000000000256e-01 9.654850000000000376e-01 -3.684999999999999908e-03 -9.654920000000000169e-01 2.604310000000000236e-01 -1.072000000000000036e-03
2.100000000000000000e+01 1.300000000000000000e+01 2.000000000000000000e+01 0.000000000000000000e+00 1.600000000000000089e+00 -6.830000000000000134e-04 -2.647000000000000047e-03 9.999959999999999960e-01 2.595930000000000182e-01 9.657139999999999613e-01 2.733999999999999885e-03 -9.657179999999999653e-01 2.595939999999999914e-01 2.699999999999999899e-05
2.500000000000000000e+01 1.300000000000000000e+01 2.000000000000000000e+01 0.000000000000000000e+00 1.600000000000000089e+00 -1.788000000000000093e-03 -7.785000000000000253e-03 9.999679999999999680e-01 2.621649999999999814e-01 9.649900000000000144e-01 7.981000000000000247e-03 -9.650210000000000177e-01 2.621709999999999874e-01 3.150000000000000131e-04
1.800000000000000000e+01 3.000000000000000000e+00 2.500000000000000000e+01 0.000000000000000000e+00 1.600000000000000089e+00 1.474800000000000069e-02 -3.979400000000000298e-02 9.990989999999999593e-01 -2.716999999999999797e-03 -9.992060000000000386e-01 -3.975900000000000267e-02 9.998879999999999990e-01 -2.128000000000000117e-03 -1.484500000000000056e-02
2.400000000000000000e+01 3.000000000000000000e+00 2.500000000000000000e+01 0.000000000000000000e+00 1.600000000000000089e+00 -3.867999999999999911e-03 5.465000000000000240e-03 9.999780000000000335e-01 -3.859900000000000136e-02 -9.992410000000000458e-01 5.311999999999999882e-03 9.992469999999999963e-01 -3.857800000000000118e-02 4.075999999999999762e-03
1.300000000000000000e+01 4.600000000000000000e+01 2.700000000000000000e+01 0.000000000000000000e+00 1.600000000000000089e+00 1.092000000000000089e-03 9.160000000000000390e-04 -9.999989999999999712e-01 6.777440000000000131e-01 7.352959999999999496e-01 1.413999999999999892e-03 7.352969999999999784e-01 -6.777450000000000419e-01 1.820000000000000057e-04
2.500000000000000000e+01 4.600000000000000000e+01 2.700000000000000000e+01 0.000000000000000000e+00 1.600000000000000089e+00 -4.200000000000000174e-04 -2.853000000000000067e-03 -9.999959999999999960e-01 6.803369999999999695e-01 7.328959999999999919e-01 -2.376000000000000074e-03 7.328999999999999959e-01 -6.803350000000000231e-01 1.632999999999999903e-03
1.000000000000000000e+01 4.600000000000000000e+01 3.000000000000000000e+01 0.000000000000000000e+00 1.600000000000000089e+00 5.209999999999999788e-04 7.439999999999999782e-04 -1.000000000000000000e+00 3.303189999999999737e-01 9.438689999999999580e-01 8.739999999999999939e-04 9.438689999999999580e-01 -3.303189999999999737e-01 2.460000000000000164e-04
2.000000000000000000e+00 5.800000000000000000e+01 3.100000000000000000e+01 0.000000000000000000e+00 1.600000000000000089e+00 3.944999999999999722e-03 4.337999999999999842e-03 9.999829999999999552e-01 -8.008300000000000418e-01 -5.988649999999999807e-01 5.756999999999999965e-03 5.988790000000000502e-01 -8.008380000000000498e-01 1.111000000000000008e-03
9.000000000000000000e+00 5.800000000000000000e+01 3.100000000000000000e+01 0.000000000000000000e+00 1.600000000000000089e+00 1.376999999999999969e-03 -1.110000000000000011e-04 9.999989999999999712e-01 -8.047840000000000549e-01 -5.935669999999999558e-01 1.041999999999999958e-03 5.935660000000000380e-01 -8.047849999999999726e-01 -9.070000000000000371e-04
1.400000000000000000e+01 5.800000000000000000e+01 3.100000000000000000e+01 0.000000000000000000e+00 1.600000000000000089e+00 -1.832999999999999994e-03 -1.466000000000000072e-03 9.999970000000000248e-01 -8.078689999999999483e-01 -5.893580000000000485e-01 -2.344999999999999862e-03 5.893589999999999662e-01 -8.078710000000000058e-01 -1.039999999999999936e-04
1.900000000000000000e+01 5.800000000000000000e+01 3.100000000000000000e+01 0.000000000000000000e+00 1.600000000000000089e+00 -5.126000000000000348e-03 -3.949000000000000253e-03 9.999789999999999512e-01 -8.117760000000000531e-01 -5.839330000000000354e-01 -6.466999999999999658e-03 5.839459999999999651e-01 -8.117919999999999581e-01 -2.130000000000000003e-04
2.300000000000000000e+01 5.800000000000000000e+01 3.100000000000000000e+01 0.000000000000000000e+00 1.600000000000000089e+00 2.130000000000000003e-04 1.330999999999999935e-03 9.999989999999999712e-01 -8.120960000000000401e-01 -5.835230000000000139e-01 9.499999999999999981e-04 5.835240000000000427e-01 -8.120960000000000401e-01 9.569999999999999514e-04
2.700000000000000000e+01 5.800000000000000000e+01 3.100000000000000000e+01 0.000000000000000000e+00 1.600000000000000089e+00 3.742000000000000100e-03 4.420000000000000318e-03 9.999829999999999552e-01 -8.078769999999999563e-01 -5.893239999999999590e-01 5.628000000000000190e-03 5.893389999999999462e-01 -8.078840000000000465e-01 1.366000000000000027e-03
6.000000000000000000e+00 4.600000000000000000e+01 3.500000000000000000e+01 0.000000000000000000e+00 1.600000000000000089e+00 1.920000000000000049e-03 2.831000000000000183e-03 -9.999940000000000495e-01 3.911899999999999822e-01 -9.203080000000000149e-01 -1.853999999999999962e-03 -9.203080000000000149e-01 -3.911839999999999762e-01 -2.873999999999999819e-03
1.100000000000000000e+01 4.600000000000000000e+01 3.500000000000000000e+01 0.000000000000000000e+00 1.600000000000000089e+00 -6.660000000000000338e-04 -2.288000000000000103e-03 -9.999970000000000248e-01 3.907959999999999767e-01 -9.204750000000000432e-01 1.845999999999999985e-03 -9.204769999999999897e-01 -3.907939999999999747e-01 1.507000000000000093e-03
1.500000000000000000e+01 4.600000000000000000e+01 3.500000000000000000e+01 0.000000000000000000e+00 1.600000000000000089e+00 -5.370000000000000424e-04 -2.418000000000000010e-03 -9.999970000000000248e-01 3.912720000000000087e-01 -9.202730000000000077e-01 2.014999999999999864e-03 -9.202749999999999542e-01 -3.912700000000000067e-01 1.441000000000000007e-03
2.200000000000000000e+01 4.600000000000000000e+01 3.500000000000000000e+01 0.000000000000000000e+00 1.600000000000000089e+00 3.699999999999999947e-04 -3.759999999999999779e-04 -1.000000000000000000e+00 3.921029999999999793e-01 -9.199209999999999887e-01 4.910000000000000085e-04 -9.199209999999999887e-01 -3.921040000000000081e-01 -1.939999999999999993e-04
2.400000000000000000e+01 4.600000000000000000e+01 3.500000000000000000e+01 0.000000000000000000e+00 1.600000000000000089e+00 2.840000000000000185e-04 1.162000000000000055e-03 -9.999989999999999712e-01 3.914509999999999934e-01 -9.201979999999999604e-01 -9.579999999999999757e-04 -9.201989999999999892e-01 -3.914509999999999934e-01 -7.159999999999999481e-04
2.900000000000000000e+01 9.500000000000000000e+01 3.600000000000000000e+01 0.000000000000000000e+00 1.600000000000000089e+00 4.566999999999999879e-03 1.052999999999999943e-02 9.999339999999999895e-01 9.967570000000000041e-01 8.028399999999999426e-02 -5.398000000000000020e-03 -8.033600000000000463e-02 9.967160000000000464e-01 -1.012900000000000085e-02
2.000000000000000000e+01 3.000000000000000000e+00 4.300000000000000000e+01 0.000000000000000000e+00 1.600000000000000089e+00 5.439999999999999957e-04 -8.356999999999999845e-03 -9.999649999999999928e-01 7.427390000000000381e-01 -6.695539999999999825e-01 6.000000000000000125e-03 -6.695809999999999818e-01 -7.427160000000000428e-01 5.841999999999999971e-03
2.000000000000000000e+00 2.900000000000000000e+01 4.400000000000000000e+01 0.000000000000000000e+00 1.600000000000000089e+00 1.404000000000000083e-03 -5.346000000000000058e-03 -9.999850000000000128e-01 6.588450000000000140e-01 7.522729999999999695e-01 -3.096999999999999927e-03 7.522780000000000022e-01 -6.588300000000000267e-01 4.577999999999999604e-03
8.000000000000000000e+00 2.900000000000000000e+01 4.400000000000000000e+01 0.000000000000000000e+00 1.600000000000000089e+00 2.829999999999999942e-04 -3.599000000000000202e-03 -9.999940000000000495e-01 6.637370000000000214e-01 7.479620000000000157e-01 -2.504000000000000149e-03 7.479660000000000197e-01 -6.637319999999999887e-01 2.599999999999999881e-03
1.600000000000000000e+01 2.900000000000000000e+01 4.400000000000000000e+01 0.000000000000000000e+00 1.600000000000000089e+00 3.923000000000000272e-03 6.729999999999999871e-04 -9.999919999999999920e-01 6.650620000000000420e-01 7.467819999999999458e-01 3.112000000000000183e-03 7.467780000000000529e-01 -6.650690000000000213e-01 2.481999999999999831e-03
2.500000000000000000e+01 2.900000000000000000e+01 4.400000000000000000e+01 0.000000000000000000e+00 1.600000000000000089e+00 -1.219000000000000031e-03 4.323999999999999719e-03 -9.999900000000000455e-01 6.638460000000000472e-01 7.478650000000000020e-01 2.425000000000000072e-03 7.478679999999999772e-01 -6.638370000000000104e-01 -3.782000000000000205e-03
1.700000000000000000e+01 5.000000000000000000e+00 5.100000000000000000e+01 0.000000000000000000e+00 1.600000000000000089e+00 1.240000000000000000e-03 -1.489500000000000025e-02 -9.998879999999999990e-01 4.828089999999999882e-01 -8.756190000000000362e-01 1.364300000000000061e-02 -8.757249999999999757e-01 -4.827719999999999789e-01 6.106000000000000316e-03
2.800000000000000000e+01 5.000000000000000000e+00 5.100000000000000000e+01 0.000000000000000000e+00 1.600000000000000089e+00 -2.504000000000000149e-03 -1.630000000000000047e-04 -9.999970000000000248e-01 4.819510000000000183e-01 -8.761980000000000324e-01 -1.064000000000000059e-03 -8.761949999999999461e-01 -4.819519999999999915e-01 2.272000000000000148e-03
1.700000000000000000e+01 1.150000000000000000e+02 5.100000000000000000e+01 0.000000000000000000e+00 1.600000000000000089e+00 -2.295000000000000165e-03 3.380000000000000192e-03 9.999919999999999920e-01 8.457729999999999970e-01 -5.335299999999999487e-01 3.743999999999999932e-03 5.335379999999999567e-01 8.457740000000000258e-01 -1.634999999999999952e-03
5.000000000000000000e+00 6.300000000000000000e+01 5.400000000000000000e+01 0.000000000000000000e+00 1.600000000000000089e+00 -1.093999999999999920e-03 6.269999999999999532e-04 9.999989999999999712e-01 -3.506050000000000000e-01 9.365229999999999944e-01 -9.709999999999999664e-04 -9.365229999999999944e-01 -3.506059999999999732e-01 -8.040000000000000271e-04
1.000000000000000000e+01 6.300000000000000000e+01 5.400000000000000000e+01 0.000000000000000000e+00 1.600000000000000089e+00 1.918000000000000000e-03 7.870000000000000476e-04 9.999980000000000535e-01 -3.502419999999999978e-01 9.366590000000000193e-01 -6.499999999999999431e-05 -9.366569999999999618e-01 -3.502410000000000245e-01 2.073000000000000190e-03
1.500000000000000000e+01 6.300000000000000000e+01 5.400000000000000000e+01 0.000000000000000000e+00 1.600000000000000089e+00 -1.224000000000000045e-03 -3.504000000000000170e-03 9.999930000000000208e-01 -3.529900000000000260e-01 9.356229999999999825e-01 2.847000000000000138e-03 -9.356259999999999577e-01 -3.529840000000000200e-01 -2.382000000000000003e-03
2.000000000000000000e+01 6.300000000000000000e+01 5.400000000000000000e+01 0.000000000000000000e+00 1.600000000000000089e+00 -1.441000000000000007e-03 -1.521999999999999915e-03 9.999980000000000535e-01 -3.496619999999999728e-01 9.368750000000000133e-01 9.219999999999999680e-04 -9.368750000000000133e-01 -3.496600000000000263e-01 -1.881999999999999992e-03
6.000000000000000000e+00 2.500000000000000000e+01 5.500000000000000000e+01 0.000000000000000000e+00 1.600000000000000089e+00 1.608000000000000054e-03 -4.549000000000000092e-03 -9.999879999999999880e-01 -1.299999999999999940e-02 -9.999050000000000438e-01 4.526999999999999774e-03 -9.999139999999999695e-01 1.299299999999999934e-02 -1.667000000000000079e-03
9.000000000000000000e+00 2.500000000000000000e+01 5.500000000000000000e+01 0.000000000000000000e+00 1.600000000000000089e+00 2.893999999999999871e-03 -5.879999999999999810e-03 -9.999789999999999512e-01 -1.438299999999999995e-02 -9.998799999999999910e-01 5.838000000000000307e-03 -9.998920000000000030e-01 1.436600000000000030e-02 -2.978999999999999877e-03
2.200000000000000000e+01 2.500000000000000000e+01 5.500000000000000000e+01 0.000000000000000000e+00 1.600000000000000089e+00 -3.449999999999999833e-04 -3.147000000000000058e-03 -9.999949999999999672e-01 -1.488399999999999966e-02 -9.998839999999999950e-01 3.151999999999999854e-03 -9.998890000000000278e-01 1.488500000000000066e-02 2.979999999999999793e-04
2.500000000000000000e+01 2.500000000000000000e+01 5.500000000000000000e+01 0.000000000000000000e+00 1.600000000000000089e+00 4.180000000000000230e-04 3.115999999999999846e-03 -9.999949999999999672e-01 -1.489900000000000078e-02 -9.998839999999999950e-01 -3.122000000000000209e-03 -9.998890000000000278e-01 1.490000000000000005e-02 -3.719999999999999891e-04
3.000000000000000000e+01 2.500000000000000000e+01 5.500000000000000000e+01 0.000000000000000000e+00 1.600000000000000089e+00 -1.407999999999999963e-03 9.359999999999999831e-04 -9.999989999999999712e-01 -1.526399999999999979e-02 -9.998829999999999663e-01 -9.150000000000000147e-04 -9.998829999999999663e-01 1.526199999999999952e-02 1.423000000000000003e-03
1.900000000000000000e+01 5.800000000000000000e+01 5.900000000000000000e+01 0.000000000000000000e+00 1.600000000000000089e+00 -3.130000000000000187e-04 -4.217000000000000262e-03 -9.999909999999999632e-01 3.944670000000000121e-01 9.189009999999999678e-01 -3.998999999999999951e-03 9.189100000000000046e-01 -3.944650000000000101e-01 1.376000000000000053e-03
2.300000000000000000e+01 2.100000000000000000e+01 6.000000000000000000e+01 0.000000000000000000e+00 1.600000000000000089e+00 4.114999999999999734e-03 -2.699999999999999899e-05 9.999909999999999632e-01 -9.709900000000000475e-02 9.952750000000000208e-01 4.270000000000000249e-04 -9.952659999999999840e-01 -9.710000000000000575e-02 4.093000000000000284e-03
2.700000000000000000e+01 2.100000000000000000e+01 6.000000000000000000e+01 0.000000000000000000e+00 1.600000000000000089e+00 5.034000000000000280e-03 -1.971300000000000135e-02 9.997930000000000428e-01 -1.011809999999999932e-01 9.946650000000000214e-01 2.012200000000000100e-02 -9.948550000000000448e-01 -1.012610000000000038e-01 3.013000000000000053e-03
1.200000000000000000e+01 6.000000000000000000e+00 6.100000000000000000e+01 0.000000000000000000e+00 1.600000000000000089e+00 1.043000000000000090e-03 2.386999999999999799e-03 9.999970000000000248e-01 5.666010000000000213e-01 -8.239910000000000290e-01 1.374999999999999920e-03 8.239919999999999467e-01 5.665980000000000461e-01 -2.211999999999999991e-03
2.000000000000000000e+00 3.000000000000000000e+00 6.300000000000000000e+01 0.000000000000000000e+00 1.600000000000000089e+00 -2.049999999999999956e-04 -1.990000000000000015e-03 9.999980000000000535e-01 -6.148839999999999861e-01 7.886159999999999837e-01 1.443999999999999971e-03 -7.886180000000000412e-01 -6.148820000000000396e-01 -1.384999999999999946e-03
3.000000000000000000e+00 2.700000000000000000e+01 6.300000000000000000e+01 0.000000000000000000e+00 1.600000000000000089e+00 1.507000000000000093e-03 9.062999999999999876e-03 9.999580000000000135e-01 -2.663309999999999844e-01 9.638459999999999805e-01 -8.333999999999999395e-03 -9.638799999999999590e-01 -2.663070000000000159e-01 3.866000000000000079e-03
8.000000000000000000e+00 2.700000000000000000e+01 6.300000000000000000e+01 0.000000000000000000e+00 1.600000000000000089e+00 1.907999999999999974e-03 1.113300000000000053e-02 9.999360000000000470e-01 -2.660460000000000047e-01 9.639060000000000406e-01 -1.022400000000000045e-02 -9.639590000000000103e-01 -2.660089999999999955e-01 4.800999999999999712e-03
1.300000000000000000e+01 2.700000000000000000e+01 6.300000000000000000e+01 0.000000000000000000e+00 1.600000000000000089e+00 -6.560000000000000076e-04 5.931999999999999773e-03 9.999820000000000375e-01 -2.663409999999999944e-01 9.638609999999999678e-01 -5.891999999999999668e-03 -9.638790000000000413e-01 -2.663400000000000212e-01 9.470000000000000336e-04
2.300000000000000000e+01 2.700000000000000000e+01 6.300000000000000000e+01 0.000000000000000000e+00 1.600000000000000089e+00 4.090000000000000211e-04 -6.460999999999999729e-03 9.999789999999999512e-01 -2.731910000000000172e-01 9.619389999999999885e-01 6.327000000000000159e-03 -9.619600000000000373e-01 -2.731879999999999864e-01 -1.371999999999999956e-03
4.000000000000000000e+00 2.600000000000000000e+01 6.400000000000000000e+01 0.000000000000000000e+00 1.600000000000000089e+00 1.296999999999999976e-03 8.486000000000000487e-03 9.999630000000000463e-01 -3.498600000000000043e-01 9.367720000000000491e-01 -7.496000000000000059e-03 -9.368009999999999948e-01 -3.498370000000000091e-01 4.184000000000000219e-03
8.000000000000000000e+00 2.600000000000000000e+01 6.400000000000000000e+01 0.000000000000000000e+00 1.600000000000000089e+00 2.203000000000000097e-03 1.049100000000000033e-02 9.999430000000000263e-01 -3.481029999999999958e-01 9.374120000000000230e-01 -9.067999999999999672e-03 -9.374540000000000095e-01 -3.480630000000000113e-01 5.716999999999999860e-03
1.300000000000000000e+01 2.600000000000000000e+01 6.400000000000000000e+01 0.000000000000000000e+00 1.600000000000000089e+00 -1.471000000000000085e-03 8.352999999999999314e-03 9.999639999999999640e-01 -3.444240000000000079e-01 9.387769999999999726e-01 -8.347999999999999518e-03 -9.388130000000000086e-01 -3.444240000000000079e-01 1.495999999999999934e-03
2.400000000000000000e+01 2.600000000000000000e+01 6.400000000000000000e+01 0.000000000000000000e+00 1.600000000000000089e+00 1.974000000000000060e-03 -3.531999999999999983e-03 9.999919999999999920e-01 -3.551570000000000005e-01 9.347980000000000178e-01 4.002999999999999614e-03 -9.348039999999999683e-01 -3.551619999999999777e-01 5.910000000000000539e-04
2.700000000000000000e+01 2.600000000000000000e+01 6.400000000000000000e+01 0.000000000000000000e+00 1.600000000000000089e+00 4.207999999999999935e-03 3.194999999999999923e-03 9.999860000000000415e-01 -3.561420000000000141e-01 9.344310000000000116e-01 -1.487000000000000040e-03 -9.344219999999999748e-01 -3.561309999999999754e-01 5.069999999999999854e-03
2.900000000000000000e+01 6.900000000000000000e+01 6.600000000000000000e+01 0.000000000000000000e+00 1.600000000000000089e+00 -2.743999999999999911e-03 -1.569000000000000082e-03 9.999949999999999672e-01 -9.473740000000000494e-01 3.201209999999999889e-01 -2.096999999999999906e-03 -3.201160000000000116e-01 -9.473759999999999959e-01 -2.364999999999999915e-03
2.000000000000000000e+00 2.500000000000000000e+01 7.300000000000000000e+01 0.000000000000000000e+00 1.600000000000000089e+00 -8.720000000000000537e-04 -8.637000000000000580e-03 9.999620000000000175e-01 7.518510000000000471e-01 -6.593130000000000379e-01 -5.039000000000000076e-03 6.593320000000000292e-01 7.518190000000000150e-01 7.068999999999999763e-03
9.000000000000000000e+00 2.500000000000000000e+01 7.300000000000000000e+01 0.000000000000000000e+00 1.600000000000000089e+00 -4.690000000000000158e-04 2.553000000000000148e-03 9.999970000000000248e-01 7.469630000000000436e-01 -6.648629999999999818e-01 2.047999999999999907e-03 6.648659999999999570e-01 7.469609999999999861e-01 -1.595999999999999979e-03
1.200000000000000000e+01 2.500000000000000000e+01 7.300000000000000000e+01 0.000000000000000000e+00 1.600000000000000089e+00 -1.791000000000000057e-03 2.160000000000000028e-03 9.999959999999999960e-01 7.466749999999999776e-01 -6.651829999999999687e-01 2.773999999999999990e-03 6.651860000000000550e-01 7.466770000000000351e-01 -4.209999999999999875e-04
1.800000000000000000e+01 2.500000000000000000e+01 7.300000000000000000e+01 0.000000000000000000e+00 1.600000000000000089e+00 1.108999999999999960e-03 1.453000000000000081e-03 9.999980000000000535e-01 7.547110000000000207e-01 -6.560570000000000013e-01 1.169999999999999979e-04 6.560570000000000013e-01 7.547099999999999920e-01 -1.824000000000000100e-03
1.200000000000000000e+01 4.400000000000000000e+01 7.300000000000000000e+01 0.000000000000000000e+00 1.600000000000000089e+00 -1.931999999999999907e-03 6.315000000000000301e-03 9.999780000000000335e-01 5.803599999999999731e-02 -9.982940000000000147e-01 6.415999999999999828e-03 9.983130000000000059e-01 5.804700000000000137e-02 1.562000000000000020e-03
1.600000000000000000e+01 4.400000000000000000e+01 7.300000000000000000e+01 0.000000000000000000e+00 1.600000000000000089e+00 -1.502999999999999996e-03 -3.997999999999999818e-03 9.999909999999999632e-01 5.639600000000000168e-02 -9.984009999999999829e-01 -3.906999999999999883e-03 9.984070000000000444e-01 5.639000000000000262e-02 1.726000000000000104e-03
2.300000000000000000e+01 4.400000000000000000e+01 7.300000000000000000e+01 0.000000000000000000e+00 1.600000000000000089e+00 -4.054999999999999577e-03 -1.619400000000000006e-02 9.998609999999999998e-01 5.333999999999999853e-02 -9.984490000000000309e-01 -1.595500000000000043e-02 9.985680000000000112e-01 5.326800000000000285e-02 4.912999999999999833e-03
1.900000000000000000e+01 5.100000000000000000e+01 7.600000000000000000e+01 0.000000000000000000e+00 1.600000000000000089e+00 -9.370000000000000074e-04 -5.386000000000000162e-03 -9.999850000000000128e-01 -3.925770000000000093e-01 -9.197039999999999660e-01 5.322000000000000342e-03 -9.197189999999999532e-01 3.925759999999999805e-01 -1.252999999999999991e-03
2.000000000000000000e+00 9.100000000000000000e+01 7.600000000000000000e+01 0.000000000000000000e+00 1.600000000000000089e+00 1.019999999999999992e-04 2.680000000000000090e-03 9.999959999999999960e-01 3.843179999999999930e-01 -9.231979999999999631e-01 2.435000000000000098e-03 9.232010000000000494e-01 3.843159999999999910e-01 -1.123999999999999999e-03
9.000000000000000000e+00 9.100000000000000000e+01 7.600000000000000000e+01 0.000000000000000000e+00 1.600000000000000089e+00 -3.009999999999999980e-04 3.640000000000000115e-04 1.000000000000000000e+00 3.817400000000000237e-01 -9.242700000000000360e-01 4.510000000000000120e-04 9.242700000000000360e-01 3.817400000000000237e-01 1.389999999999999905e-04
1.300000000000000000e+01 9.100000000000000000e+01 7.600000000000000000e+01 0.000000000000000000e+00 1.600000000000000089e+00 -3.119999999999999944e-04 -2.590000000000000071e-04 1.000000000000000000e+00 3.772240000000000038e-01 -9.261220000000000008e-01 -1.219999999999999974e-04 9.261220000000000008e-01 3.772229999999999750e-01 3.860000000000000041e-04
1.600000000000000000e+01 9.100000000000000000e+01 7.600000000000000000e+01 0.000000000000000000e+00 1.600000000000000089e+00 -1.297999999999999892e-03 -1.147999999999999932e-03 9.999980000000000535e-01 3.738130000000000064e-01 -9.275039999999999951e-01 -5.789999999999999791e-04 9.275029999999999664e-01 3.738119999999999776e-01 1.632999999999999903e-03
2.400000000000000000e+01 9.100000000000000000e+01 7.600000000000000000e+01 0.000000000000000000e+00 1.600000000000000089e+00 -1.240000000000000054e-04 1.051999999999999984e-03 9.999989999999999712e-01 3.904259999999999953e-01 -9.206339999999999524e-01 1.015999999999999976e-03 9.206339999999999524e-01 3.904259999999999953e-01 -2.970000000000000092e-04
2.700000000000000000e+01 9.100000000000000000e+01 7.600000000000000000e+01 0.000000000000000000e+00 1.600000000000000089e+00 -1.820000000000000057e-04 -1.861999999999999940e-03 9.999980000000000535e-01 3.881399999999999850e-01 -9.215989999999999460e-01 -1.644999999999999978e-03 9.215999999999999748e-01 3.881390000000000118e-01 8.909999999999999734e-04
1.700000000000000000e+01 6.300000000000000000e+01 8.100000000000000000e+01 0.000000000000000000e+00 1.600000000000000089e+00 -5.699000000000000073e-03 -2.556000000000000112e-03 9.999810000000000088e-01 1.398499999999999917e-02 -9.998989999999999823e-01 -2.475999999999999902e-03 9.998860000000000525e-01 1.397100000000000078e-02 5.734000000000000381e-03
1.500000000000000000e+01 4.400000000000000000e+01 8.300000000000000000e+01 0.000000000000000000e+00 1.600000000000000089e+00 -9.589999999999999566e-03 1.046500000000000069e-01 9.944629999999999859e-01 4.703649999999999776e-01 -8.771419999999999773e-01 9.683999999999999553e-02 8.824199999999999822e-01 4.686890000000000223e-01 -4.081200000000000105e-02
2.700000000000000000e+01 4.400000000000000000e+01 8.300000000000000000e+01 0.000000000000000000e+00 1.600000000000000089e+00 2.699999999999999899e-05 5.686200000000000282e-02 9.983819999999999917e-01 5.148430000000000506e-01 -8.558980000000000476e-01 4.873299999999999854e-02 8.572849999999999637e-01 5.140080000000000204e-01 -2.929800000000000113e-02
4.000000000000000000e+00 7.700000000000000000e+01 8.400000000000000000e+01 0.000000000000000000e+00 1.600000000000000089e+00 1.626000000000000058e-03 -1.050300000000000018e-02 -9.999430000000000263e-01 9.828989999999999672e-01 -1.841119999999999979e-01 3.533000000000000116e-03 -1.841379999999999961e-01 -9.828489999999999727e-01 1.002399999999999992e-02
1.400000000000000000e+01 7.700000000000000000e+01 8.400000000000000000e+01 0.000000000000000000e+00 1.600000000000000089e+00 1.226000000000000093e-03 -1.477999999999999930e-03 -9.999980000000000535e-01 9.818519999999999470e-01 -1.896440000000000070e-01 1.484000000000000076e-03 -1.896460000000000090e-01 -9.818519999999999470e-01 1.217999999999999899e-03
