6.000000000000000000e+00 2.500000000000000000e+01 1.000000000000000000e+00 0.000000000000000000e+00 1.600000000000000089e+00 -1.392999999999999924e-03 -1.943999999999999981e-03 -9.999970000000000248e-01 -5.347709999999999964e-01 -8.449940000000000229e-01 2.387999999999999932e-03 -8.449959999999999694e-01 5.347730000000000539e-01 1.379999999999999933e-04
1.200000000000000000e+01 2.500000000000000000e+01 1.000000000000000000e+00 0.000000000000000000e+00 1.600000000000000089e+00 -9.210000000000000521e-04 -1.513000000000000022e-03 -9.999980000000000535e-01 -5.301270000000000149e-01 -8.479170000000000318e-01 1.771000000000000005e-03 -8.479179999999999495e-01 5.301270000000000149e-01 -2.099999999999999884e-05
1.900000000000000000e+01 2.500000000000000000e+01 1.000000000000000000e+00 0.000000000000000000e+00 1.600000000000000089e+00 -1.699999999999999987e-05 -1.536000000000000039e-03 -9.999989999999999712e-01 -5.300829999999999709e-01 -8.479449999999999488e-01 1.312000000000000015e-03 -8.479459999999999775e-01 5.300829999999999709e-01 -8.000000000000000383e-04
2.600000000000000000e+01 2.500000000000000000e+01 1.000000000000000000e+00 0.000000000000000000e+00 1.600000000000000089e+00 -2.310000000000000042e-04 -1.296999999999999976e-03 -9.999989999999999712e-01 -5.299409999999999954e-01 -8.480339999999999545e-01 1.221999999999999996e-03 -8.480349999999999833e-01 5.299399999999999666e-01 -4.920000000000000328e-04
2.300000000000000000e+01 3.000000000000000000e+00 4.000000000000000000e+00 0.000000000000000000e+00 1.600000000000000089e+00 -1.215050000000000019e-01 -3.325700000000000184e-02 -9.920330000000000537e-01 -8.339940000000000131e-01 -5.385210000000000274e-01 1.202020000000000033e-01 -5.382289999999999575e-01 8.419550000000000090e-01 3.769600000000000034e-02
4.000000000000000000e+00 1.500000000000000000e+01 4.000000000000000000e+00 0.000000000000000000e+00 1.600000000000000089e+00 2.129999999999999949e-03 8.196000000000000160e-03 9.999639999999999640e-01 3.232599999999999918e-01 -9.462840000000000140e-01 7.067999999999999630e-03 9.463080000000000380e-01 3.232340000000000213e-01 -4.664999999999999876e-03
1.200000000000000000e+01 1.500000000000000000e+01 4.000000000000000000e+00 0.000000000000000000e+00 1.600000000000000089e+00 -4.270999999999999623e-03 -9.627000000000000141e-03 9.999449999999999728e-01 3.200790000000000024e-01 -9.473589999999999511e-01 -7.753999999999999608e-03 9.473810000000000286e-01 3.200290000000000079e-01 7.127999999999999788e-03
1.700000000000000000e+01 1.500000000000000000e+01 4.000000000000000000e+00 0.000000000000000000e+00 1.600000000000000089e+00 2.030000000000000012e-04 -1.015600000000000010e-02 9.999479999999999480e-01 3.156129999999999769e-01 -9.488379999999999592e-01 -9.700999999999999554e-03 9.488879999999999537e-01 3.155990000000000184e-01 3.013000000000000053e-03
2.900000000000000000e+01 1.500000000000000000e+01 4.000000000000000000e+00 0.000000000000000000e+00 1.600000000000000089e+00 -5.810000000000000277e-04 4.217000000000000262e-03 9.999909999999999632e-01 3.230899999999999883e-01 -9.463589999999999502e-01 4.179000000000000423e-03 9.463679999999999870e-01 3.230890000000000151e-01 -8.130000000000000291e-04
3.000000000000000000e+00 1.600000000000000000e+01 4.000000000000000000e+00 0.000000000000000000e+00 1.600000000000000089e+00 5.730000000000000501e-04 7.810000000000000102e-03 9.999689999999999968e-01 3.948110000000000230e-01 -9.187359999999999971e-01 6.949000000000000316e-03 9.187619999999999676e-01 3.947950000000000070e-01 -3.609999999999999928e-03
2.200000000000000000e+01 1.600000000000000000e+01 4.000000000000000000e+00 0.000000000000000000e+00 1.600000000000000089e+00 3.569999999999999823e-03 -2.501000000000000185e-03 9.999909999999999632e-01 3.951709999999999945e-01 -9.185999999999999721e-01 -3.707999999999999925e-03 9.186010000000000009e-01 3.951799999999999757e-01 -2.291000000000000068e-03
2.000000000000000000e+00 1.010000000000000000e+02 7.000000000000000000e+00 0.000000000000000000e+00 1.600000000000000089e+00 2.808999999999999865e-03 -1.661899999999999836e-02 9.998580000000000245e-01 8.862740000000000062e-01 4.631319999999999881e-01 5.207999999999999956e-03 -4.631529999999999814e-01 8.861329999999999485e-01 1.602999999999999911e-02
8.000000000000000000e+00 1.010000000000000000e+02 7.000000000000000000e+00 0.000000000000000000e+00 1.600000000000000089e+00 -6.160000000000000111e-04 -1.480700000000000072e-02 9.998899999999999455e-01 8.894440000000000124e-01 4.569860000000000033e-01 7.315000000000000321e-03 -4.570440000000000058e-01 8.893510000000000026e-01 1.288899999999999942e-02
1.200000000000000000e+01 1.010000000000000000e+02 7.000000000000000000e+00 0.000000000000000000e+00 1.600000000000000089e+00 1.134000000000000025e-03 -1.461299999999999925e-02 9.998930000000000318e-01 8.890400000000000524e-01 4.577950000000000075e-01 5.682000000000000418e-03 -4.578280000000000127e-01 8.889380000000000059e-01 1.350999999999999944e-02
2.700000000000000000e+01 1.010000000000000000e+02 7.000000000000000000e+00 0.000000000000000000e+00 1.600000000000000089e+00 -1.077999999999999965e-03 5.280000000000000405e-04 9.999989999999999712e-01 8.892050000000000232e-01 4.575089999999999990e-01 7.169999999999999724e-04 -4.575080000000000258e-01 8.892050000000000232e-01 -9.629999999999999888e-04
4.000000000000000000e+00 2.500000000000000000e+01 8.000000000000000000e+00 0.000000000000000000e+00 1.600000000000000089e+00 8.589999999999999546e-04 2.863999999999999792e-03 -9.999959999999999960e-01 4.497229999999999839e-01 8.931630000000000402e-01 2.945000000000000135e-03 8.931679999999999620e-01 -4.497229999999999839e-01 -5.209999999999999788e-04
9.000000000000000000e+00 2.500000000000000000e+01 8.000000000000000000e+00 0.000000000000000000e+00 1.600000000000000089e+00 2.762000000000000132e-03 1.111000000000000008e-03 -9.999959999999999960e-01 4.499750000000000139e-01 8.930390000000000272e-01 2.235000000000000007e-03 8.930369999999999697e-01 -4.499790000000000179e-01 1.966999999999999998e-03
1.500000000000000000e+01 2.500000000000000000e+01 8.000000000000000000e+00 0.000000000000000000e+00 1.600000000000000089e+00 -4.499999999999999877e-04 5.671999999999999958e-03 -9.999839999999999840e-01 4.445569999999999800e-01 8.957370000000000054e-01 4.880999999999999922e-03 8.957500000000000462e-01 -4.445479999999999987e-01 -2.923999999999999950e-03
2.200000000000000000e+01 2.500000000000000000e+01 8.000000000000000000e+00 0.000000000000000000e+00 1.600000000000000089e+00 1.051000000000000068e-03 -1.822000000000000052e-03 -9.999980000000000535e-01 4.449250000000000149e-01 8.955670000000000019e-01 -1.164000000000000104e-03 8.955670000000000019e-01 -4.449230000000000129e-01 1.752000000000000085e-03
2.400000000000000000e+01 2.500000000000000000e+01 8.000000000000000000e+00 0.000000000000000000e+00 1.600000000000000089e+00 3.730000000000000134e-04 -9.200000000000000007e-05 -1.000000000000000000e+00 4.450500000000000012e-01 8.955060000000000242e-01 8.399999999999999535e-05 8.955060000000000242e-01 -4.450500000000000012e-01 3.750000000000000078e-04
4.000000000000000000e+00 2.400000000000000000e+01 9.000000000000000000e+00 0.000000000000000000e+00 1.600000000000000089e+00 9.110000000000000259e-04 1.835999999999999958e-03 -9.999980000000000535e-01 4.545770000000000088e-01 8.907049999999999690e-01 2.049000000000000040e-03 8.907070000000000265e-01 -4.545779999999999821e-01 -2.300000000000000002e-05
7.000000000000000000e+00 2.400000000000000000e+01 9.000000000000000000e+00 0.000000000000000000e+00 1.600000000000000089e+00 1.242000000000000048e-03 2.007000000000000103e-03 -9.999970000000000248e-01 4.553749999999999742e-01 8.902970000000000050e-01 2.353000000000000057e-03 8.902989999999999515e-01 -4.553769999999999762e-01 1.920000000000000049e-04
1.000000000000000000e+01 2.400000000000000000e+01 9.000000000000000000e+00 0.000000000000000000e+00 1.600000000000000089e+00 2.736999999999999850e-03 4.910000000000000085e-04 -9.999959999999999960e-01 4.550150000000000028e-01 8.904819999999999958e-01 1.681999999999999901e-03 8.904790000000000205e-01 -4.550179999999999780e-01 2.213999999999999822e-03
1.600000000000000000e+01 2.400000000000000000e+01 9.000000000000000000e+00 0.000000000000000000e+00 1.600000000000000089e+00 -1.129999999999999955e-04 6.821999999999999939e-03 -9.999770000000000048e-01 4.498360000000000136e-01 8.930909999999999682e-01 6.041999999999999628e-03 8.931109999999999882e-01 -4.498249999999999749e-01 -3.170000000000000075e-03
2.100000000000000000e+01 2.400000000000000000e+01 9.000000000000000000e+00 0.000000000000000000e+00 1.600000000000000089e+00 9.110000000000000259e-04 -3.272000000000000169e-03 -9.999940000000000495e-01 4.509560000000000235e-01 8.925429999999999753e-01 -2.510000000000000078e-03 8.925459999999999505e-01 -4.509509999999999907e-01 2.288999999999999802e-03
2.500000000000000000e+01 2.400000000000000000e+01 9.000000000000000000e+00 0.000000000000000000e+00 1.600000000000000089e+00 -5.300000000000000078e-05 4.200000000000000174e-04 -1.000000000000000000e+00 4.510419999999999985e-01 8.925030000000000463e-01 3.510000000000000208e-04 8.925030000000000463e-01 -4.510419999999999985e-01 -2.369999999999999874e-04
1.000000000000000000e+00 3.100000000000000000e+01 1.200000000000000000e+01 0.000000000000000000e+00 1.600000000000000089e+00 5.589000000000000218e-03 1.270999999999999994e-03 9.999839999999999840e-01 -1.120999999999999948e-02 9.999360000000000470e-01 -1.208000000000000089e-03 -9.999219999999999775e-01 -1.120299999999999942e-02 5.603000000000000341e-03
1.800000000000000000e+01 3.100000000000000000e+01 1.200000000000000000e+01 0.000000000000000000e+00 1.600000000000000089e+00 2.347000000000000128e-03 -3.199000000000000021e-03 9.999919999999999920e-01 -5.801999999999999866e-03 9.999780000000000335e-01 3.212000000000000011e-03 -9.999799999999999800e-01 -5.808999999999999928e-03 2.328999999999999907e-03
2.800000000000000000e+01 3.100000000000000000e+01 1.200000000000000000e+01 0.000000000000000000e+00 1.600000000000000089e+00 -7.219999999999999855e-04 -1.446000000000000020e-03 9.999989999999999712e-01 4.189999999999999931e-04 9.999989999999999712e-01 1.446000000000000020e-03 -1.000000000000000000e+00 4.200000000000000174e-04 -7.219999999999999855e-04
4.000000000000000000e+00 3.500000000000000000e+01 1.200000000000000000e+01 0.000000000000000000e+00 1.600000000000000089e+00 7.132999999999999584e-03 -4.976000000000000388e-03 -9.999620000000000175e-01 4.916309999999999847e-01 -8.707679999999999865e-01 7.839999999999999747e-03 -8.707740000000000480e-01 -4.916679999999999939e-01 -3.765000000000000117e-03
9.000000000000000000e+00 3.500000000000000000e+01 1.200000000000000000e+01 0.000000000000000000e+00 1.600000000000000089e+00 6.650000000000000095e-04 -1.810000000000000085e-04 -1.000000000000000000e+00 5.104239999999999888e-01 -8.599229999999999929e-01 4.949999999999999973e-04 -8.599229999999999929e-01 -5.104239999999999888e-01 -4.800000000000000122e-04
1.300000000000000000e+01 3.500000000000000000e+01 1.200000000000000000e+01 0.000000000000000000e+00 1.600000000000000089e+00 -1.851999999999999914e-03 -3.699999999999999947e-04 -9.999980000000000535e-01 5.262790000000000523e-01 -8.503119999999999568e-01 -6.599999999999999964e-04 -8.503100000000000103e-01 -5.262799999999999701e-01 1.768999999999999956e-03
2.000000000000000000e+01 3.500000000000000000e+01 1.200000000000000000e+01 0.000000000000000000e+00 1.600000000000000089e+00 2.272999999999999847e-03 6.405000000000000103e-03 -9.999770000000000048e-01 5.385590000000000099e-01 -8.425780000000000491e-01 -4.172999999999999626e-03 -8.425850000000000284e-01 -5.385370000000000434e-01 -5.364999999999999977e-03
2.300000000000000000e+01 3.500000000000000000e+01 1.200000000000000000e+01 0.000000000000000000e+00 1.600000000000000089e+00 7.399999999999999894e-04 4.696999999999999786e-03 -9.999890000000000168e-01 5.482949999999999768e-01 -8.362779999999999658e-01 -3.521999999999999957e-03 -8.362849999999999451e-01 -5.482860000000000511e-01 -3.194999999999999923e-03
2.700000000000000000e+01 3.500000000000000000e+01 1.200000000000000000e+01 0.000000000000000000e+00 1.600000000000000089e+00 -4.454999999999999759e-03 3.853000000000000088e-03 -9.999829999999999552e-01 5.540159999999999529e-01 -8.324859999999999483e-01 -5.675999999999999622e-03 -8.324939999999999563e-01 -5.540319999999999689e-01 1.574000000000000095e-03
2.300000000000000000e+01 3.200000000000000000e+01 1.400000000000000000e+01 0.000000000000000000e+00 1.600000000000000089e+00 -1.293000000000000095e-03 2.443999999999999992e-03 -9.999959999999999960e-01 9.983599999999999419e-02 9.950010000000000243e-01 2.302999999999999926e-03 9.950029999999999708e-01 -9.983300000000000507e-02 -1.531000000000000026e-03
2.000000000000000000e+00 1.200000000000000000e+01 1.500000000000000000e+01 0.000000000000000000e+00 1.600000000000000089e+00 7.029999999999999574e-04 -3.516000000000000028e-03 -9.999940000000000495e-01 -4.676170000000000049e-01 -8.839270000000000183e-01 2.778999999999999786e-03 -8.839310000000000223e-01 4.676120000000000276e-01 -2.265999999999999785e-03
8.000000000000000000e+00 1.200000000000000000e+01 1.500000000000000000e+01 0.000000000000000000e+00 1.600000000000000089e+00 3.420000000000000188e-04 -4.687000000000000194e-03 -9.999890000000000168e-01 -4.679110000000000213e-01 -8.837669999999999693e-01 3.982000000000000296e-03 -8.837760000000000060e-01 4.679039999999999866e-01 -2.495999999999999955e-03
1.300000000000000000e+01 1.200000000000000000e+01 1.500000000000000000e+01 0.000000000000000000e+00 1.600000000000000089e+00 -9.070000000000000371e-04 -2.779999999999999919e-03 -9.999959999999999960e-01 -4.666609999999999925e-01 -8.844309999999999672e-01 2.882000000000000013e-03 -8.844359999999999999e-01 4.666620000000000212e-01 -4.949999999999999973e-04
1.900000000000000000e+01 1.200000000000000000e+01 1.500000000000000000e+01 0.000000000000000000e+00 1.600000000000000089e+00 1.304000000000000038e-03 -1.685999999999999999e-03 -9.999980000000000535e-01 -4.669499999999999762e-01 -8.842839999999999590e-01 8.819999999999999715e-04 -8.842830000000000412e-01 4.669470000000000010e-01 -1.941000000000000017e-03
2.800000000000000000e+01 1.200000000000000000e+01 1.500000000000000000e+01 0.000000000000000000e+00 1.600000000000000089e+00 -2.329999999999999986e-04 -9.534000000000000807e-03 -9.999540000000000095e-01 -4.720790000000000264e-01 -8.815150000000000485e-01 8.514999999999999999e-03 -8.815560000000000063e-01 4.720590000000000064e-01 -4.295000000000000207e-03
1.300000000000000000e+01 1.100000000000000000e+01 1.600000000000000000e+01 0.000000000000000000e+00 1.600000000000000089e+00 -4.220000000000000118e-04 -3.487000000000000082e-03 -9.999940000000000495e-01 -4.082799999999999763e-01 -9.128500000000000503e-01 3.356000000000000042e-03 -9.128570000000000295e-01 4.082790000000000030e-01 -1.038000000000000077e-03
1.700000000000000000e+01 1.100000000000000000e+01 1.600000000000000000e+01 0.000000000000000000e+00 1.600000000000000089e+00 1.201000000000000028e-03 -4.794999999999999783e-03 -9.999879999999999880e-01 -4.086759999999999837e-01 -9.126710000000000100e-01 3.884999999999999998e-03 -9.126790000000000180e-01 4.086659999999999737e-01 -3.056000000000000123e-03
2.300000000000000000e+01 1.100000000000000000e+01 1.600000000000000000e+01 0.000000000000000000e+00 1.600000000000000089e+00 1.699999999999999905e-03 2.995999999999999965e-03 -9.999940000000000495e-01 -4.125130000000000186e-01 -9.109450000000000047e-01 -3.429999999999999889e-03 -9.109500000000000375e-01 4.125159999999999938e-01 -3.130000000000000187e-04
2.900000000000000000e+01 1.100000000000000000e+01 1.600000000000000000e+01 0.000000000000000000e+00 1.600000000000000089e+00 2.750000000000000166e-04 -1.063399999999999936e-02 -9.999430000000000263e-01 -4.137750000000000039e-01 -9.103290000000000548e-01 9.567000000000000851e-03 -9.103790000000000493e-01 4.137489999999999779e-01 -4.649999999999999620e-03
2.000000000000000000e+00 1.160000000000000000e+02 1.600000000000000000e+01 0.000000000000000000e+00 1.600000000000000089e+00 -2.589000000000000155e-03 1.108000000000000044e-03 9.999959999999999960e-01 7.026240000000000263e-01 7.115599999999999703e-01 1.031000000000000015e-03 -7.115559999999999663e-01 7.026240000000000263e-01 -2.621000000000000066e-03
1.300000000000000000e+01 1.160000000000000000e+02 1.600000000000000000e+01 0.000000000000000000e+00 1.600000000000000089e+00 -2.820000000000000241e-04 4.939999999999999730e-04 1.000000000000000000e+00 7.600949999999999651e-01 6.498129999999999740e-01 -1.060000000000000016e-04 -6.498119999999999452e-01 7.600940000000000474e-01 -5.590000000000000351e-04
1.700000000000000000e+01 1.160000000000000000e+02 1.600000000000000000e+01 0.000000000000000000e+00 1.600000000000000089e+00 3.029999999999999924e-04 -1.016999999999999892e-03 9.999989999999999712e-01 7.617329999999999934e-01 6.478909999999999947e-01 4.279999999999999950e-04 -6.478909999999999947e-01 7.617319999999999647e-01 9.709999999999999664e-04
5.000000000000000000e+00 2.000000000000000000e+00 1.900000000000000000e+01 0.000000000000000000e+00 1.600000000000000089e+00 5.501999999999999946e-03 1.512900000000000009e-02 -9.998700000000000365e-01 2.537269999999999803e-01 -9.671849999999999614e-01 -1.323799999999999977e-02 -9.672600000000000087e-01 -2.536209999999999853e-01 -9.159999999999999740e-03
1.300000000000000000e+01 2.000000000000000000e+00 1.900000000000000000e+01 0.000000000000000000e+00 1.600000000000000089e+00 -6.415999999999999828e-03 -2.566799999999999984e-02 -9.996500000000000385e-01 2.713169999999999749e-01 -9.622159999999999602e-01 2.296600000000000030e-02 -9.624690000000000190e-01 -2.710739999999999816e-01 1.313800000000000037e-02
2.100000000000000000e+01 2.000000000000000000e+00 1.900000000000000000e+01 0.000000000000000000e+00 1.600000000000000089e+00 7.760000000000000404e-03 -2.960799999999999890e-02 -9.995309999999999473e-01 2.609460000000000113e-01 -9.648679999999999479e-01 3.060699999999999879e-02 -9.653220000000000134e-01 -2.610609999999999875e-01 2.390000000000000089e-04
2.400000000000000000e+01 2.000000000000000000e+00 1.900000000000000000e+01 0.000000000000000000e+00 1.600000000000000089e+00 1.374900000000000080e-02 -1.989600000000000049e-02 -9.997080000000000410e-01 2.543400000000000105e-01 -9.668480000000000407e-01 2.273999999999999980e-02 -9.670170000000000154e-01 -2.545780000000000265e-01 -8.231999999999999734e-03
2.800000000000000000e+01 2.000000000000000000e+00 1.900000000000000000e+01 0.000000000000000000e+00 1.600000000000000089e+00 1.613900000000000057e-02 3.399999999999999811e-03 -9.998639999999999750e-01 2.453930000000000000e-01 -9.694230000000000347e-01 6.639999999999999852e-04 -9.692889999999999562e-01 -2.453700000000000048e-01 -1.648000000000000159e-02
2.900000000000000000e+01 3.000000000000000000e+00 1.900000000000000000e+01 0.000000000000000000e+00 1.600000000000000089e+00 1.833500000000000060e-02 7.356999999999999824e-03 -9.998050000000000548e-01 2.630410000000000248e-01 -9.647820000000000285e-01 -2.275999999999999811e-03 -9.646099999999999675e-01 -2.629480000000000151e-01 -1.962500000000000008e-02
2.800000000000000000e+01 4.000000000000000000e+00 2.000000000000000000e+01 0.000000000000000000e+00 1.600000000000000089e+00 1.054599999999999982e-02 9.582999999999999505e-03 -9.998979999999999535e-01 3.924420000000000130e-01 -9.197650000000000547e-01 -4.675999999999999601e-03 -9.197159999999999780e-01 -3.923519999999999786e-01 -1.346100000000000074e-02
2.000000000000000000e+00 1.300000000000000000e+01 2.000000000000000000e+01 0.000000000000000000e+00 1.600000000000000089e+00 1.848999999999999949e-03 -6.290000000000000018e-04 9.999980000000000535e-01 2.621069999999999789e-01 9.650389999999999802e-01 1.219999999999999974e-04 -9.650370000000000337e-01 2.621060000000000056e-01 1.948999999999999995e-03
9.000000000000000000e+00 1.300000000000000000e+01 2.000000000000000000e+01 0.000000000000000000e+00 1.600000000000000089e+00 5.710000000000000015e-04 -4.879999999999999898e-04 1.000000000000000000e+00 2.590439999999999965e-01 9.658649999999999736e-01 3.229999999999999907e-04 -9.658649999999999736e-01 2.590439999999999965e-01 6.780000000000000002e-04
1.400000000000000000e+01 1.300000000000000000e+01 2.000000000000000000e+01 0.000000000000000000e+00 1.600000000000000089e+00 7.900000000000000121e-04 1.312999999999999931e-03 9.999989999999999712e-01 2.597249999999999837e-01 9.656820000000000404e-01 -1.472999999999999917e-03 -9.656820000000000404e-01 2.597260000000000124e-01 4.220000000000000118e-04
2.000000000000000000e+01 1.300000000000000000e+01 2.000000000000000000e+01 0.000000000000000000e+00 1.600000000000000089e+00 -6.800000000000000488e-04 -2.021999999999999926e-03 9.999980000000000535e-01 2.591840000000000255e-01 9.658259999999999623e-01 2.128999999999999816e-03 -9.658280000000000198e-01 2.591849999999999987e-01 -1.320000000000000101e-04
2.400000000000000000e+01 1.300000000000000000e+01 2.000000000000000000e+01 0.000000000000000000e+00 1.600000000000000089e+00 3.240000000000000150e-04 -1.955999999999999839e-03 9.999980000000000535e-01 2.608050000000000090e-01 9.653899999999999704e-01 1.804000000000000048e-03 -9.653909999999999991e-01 2.608039999999999803e-01 8.229999999999999469e-04
3.000000000000000000e+01 1.300000000000000000e+01 2.000000000000000000e+01 0.000000000000000000e+00 1.600000000000000089e+00 3.908000000000000015e-03 6.693000000000000164e-03 9.999700000000000255e-01 2.599920000000000009e-01 9.655820000000000514e-01 -7.479000000000000405e-03 -9.656029999999999891e-01 2.600129999999999941e-01 2.033000000000000085e-03
2.700000000000000000e+01 5.000000000000000000e+01 2.200000000000000000e+01 0.000000000000000000e+00 1.600000000000000089e+00 4.422999999999999848e-03 3.354999999999999909e-03 -9.999850000000000128e-01 -5.778219999999999468e-01 8.161629999999999718e-01 1.830000000000000029e-04 8.161509999999999598e-01 5.778130000000000210e-01 5.547999999999999980e-03
2.000000000000000000e+00 3.000000000000000000e+00 2.500000000000000000e+01 0.000000000000000000e+00 1.600000000000000089e+00 -5.032000000000000015e-03 -2.781000000000000052e-03 9.999829999999999552e-01 -3.541099999999999803e-02 -9.993680000000000341e-01 -2.958000000000000126e-03 9.993600000000000261e-01 -3.542599999999999916e-02 4.930999999999999620e-03
8.000000000000000000e+00 3.000000000000000000e+00 2.500000000000000000e+01 0.000000000000000000e+00 1.600000000000000089e+00 -2.169999999999999891e-04 6.595000000000000168e-03 9.999780000000000335e-01 -3.330299999999999927e-02 -9.994239999999999791e-01 6.584999999999999708e-03 9.994450000000000278e-01 -3.330000000000000321e-02 4.360000000000000269e-04
1.800000000000000000e+01 3.000000000000000000e+00 2.500000000000000000e+01 0.000000000000000000e+00 1.600000000000000089e+00 -9.060000000000000128e-04 -4.937999999999999681e-03 9.999869999999999592e-01 -4.791299999999999726e-02 -9.988390000000000324e-01 -4.976000000000000388e-03 9.988510000000000444e-01 -4.791700000000000126e-02 6.689999999999999983e-04
2.400000000000000000e+01 3.000000000000000000e+00 2.500000000000000000e+01 0.000000000000000000e+00 1.600000000000000089e+00 6.870000000000000022e-04 -1.614999999999999899e-03 9.999980000000000535e-01 -3.357600000000000168e-02 -9.994349999999999623e-01 -1.590999999999999966e-03 9.994359999999999911e-01 -3.357500000000000068e-02 -7.410000000000000137e-04
2.600000000000000000e+01 3.000000000000000000e+00 2.500000000000000000e+01 0.000000000000000000e+00 1.600000000000000089e+00 2.223999999999999849e-03 2.770000000000000110e-04 9.999970000000000248e-01 -3.100100000000000078e-02 -9.995190000000000463e-01 3.460000000000000076e-04 9.995169999999999888e-01 -3.100199999999999831e-02 -2.214999999999999955e-03
1.200000000000000000e+01 4.600000000000000000e+01 3.000000000000000000e+01 0.000000000000000000e+00 1.600000000000000089e+00 -9.349999999999999587e-04 -1.054999999999999948e-03 -9.999989999999999712e-01 3.285179999999999767e-01 9.444970000000000310e-01 -1.302999999999999905e-03 9.444970000000000310e-01 -3.285190000000000055e-01 -5.360000000000000181e-04
1.800000000000000000e+01 4.600000000000000000e+01 3.000000000000000000e+01 0.000000000000000000e+00 1.600000000000000089e+00 2.171000000000000187e-03 1.355000000000000085e-03 -9.999970000000000248e-01 3.303780000000000050e-01 9.438469999999999915e-01 1.997000000000000077e-03 9.438459999999999628e-01 -3.303809999999999802e-01 1.601999999999999908e-03
5.000000000000000000e+00 5.800000000000000000e+01 3.100000000000000000e+01 0.000000000000000000e+00 1.600000000000000089e+00 7.240000000000000342e-04 5.773000000000000353e-03 9.999829999999999552e-01 -7.693389999999999951e-01 -6.388270000000000337e-01 4.244999999999999642e-03 6.388399999999999634e-01 -7.693290000000000406e-01 3.978999999999999898e-03
1.300000000000000000e+01 5.800000000000000000e+01 3.100000000000000000e+01 0.000000000000000000e+00 1.600000000000000089e+00 -1.536999999999999955e-03 -3.278999999999999797e-03 9.999930000000000208e-01 -7.669399999999999551e-01 -6.417100000000000026e-01 -3.282999999999999894e-03 6.417169999999999819e-01 -7.669399999999999551e-01 -1.528000000000000061e-03
1.700000000000000000e+01 5.800000000000000000e+01 3.100000000000000000e+01 0.000000000000000000e+00 1.600000000000000089e+00 -1.613999999999999983e-03 -3.883999999999999866e-03 9.999909999999999632e-01 -7.688880000000000159e-01 -6.393729999999999691e-01 -3.723999999999999880e-03 6.393820000000000059e-01 -7.688869999999999871e-01 -1.955000000000000140e-03
1.900000000000000000e+01 5.800000000000000000e+01 3.100000000000000000e+01 0.000000000000000000e+00 1.600000000000000089e+00 -1.235999999999999903e-03 -3.808000000000000187e-03 9.999919999999999920e-01 -7.693630000000000191e-01 -6.388030000000000097e-01 -3.383000000000000156e-03 6.388110000000000177e-01 -7.693609999999999616e-01 -2.139999999999999975e-03
2.700000000000000000e+01 5.800000000000000000e+01 3.100000000000000000e+01 0.000000000000000000e+00 1.600000000000000089e+00 1.119999999999999902e-03 -1.603999999999999957e-03 9.999980000000000535e-01 -7.732090000000000352e-01 -6.341510000000000202e-01 -1.510000000000000112e-04 6.341499999999999915e-01 -7.732080000000000064e-01 -1.949999999999999910e-03
5.000000000000000000e+00 4.600000000000000000e+01 3.500000000000000000e+01 0.000000000000000000e+00 1.600000000000000089e+00 1.863000000000000073e-03 -1.276000000000000007e-03 -9.999970000000000248e-01 3.930219999999999825e-01 -9.195269999999999833e-01 1.905000000000000009e-03 -9.195269999999999833e-01 -3.930250000000000132e-01 -1.211999999999999970e-03
1.300000000000000000e+01 4.600000000000000000e+01 3.500000000000000000e+01 0.000000000000000000e+00 1.600000000000000089e+00 3.750000000000000078e-04 -1.041999999999999958e-03 -9.999989999999999712e-01 3.926950000000000163e-01 -9.196680000000000410e-01 1.105999999999999995e-03 -9.196689999999999587e-01 -3.926950000000000163e-01 6.499999999999999431e-05
1.700000000000000000e+01 4.600000000000000000e+01 3.500000000000000000e+01 0.000000000000000000e+00 1.600000000000000089e+00 -1.659999999999999963e-04 -1.041000000000000042e-03 -9.999989999999999712e-01 3.912479999999999847e-01 -9.202850000000000197e-01 8.930000000000000221e-04 -9.202850000000000197e-01 -3.912479999999999847e-01 5.599999999999999509e-04
2.400000000000000000e+01 4.600000000000000000e+01 3.500000000000000000e+01 0.000000000000000000e+00 1.600000000000000089e+00 -4.090000000000000211e-04 -2.422000000000000108e-03 -9.999970000000000248e-01 3.903229999999999755e-01 -9.206760000000000499e-01 2.069999999999999792e-03 -9.206779999999999964e-01 -3.903209999999999735e-01 1.322999999999999957e-03
3.000000000000000000e+01 4.600000000000000000e+01 3.500000000000000000e+01 0.000000000000000000e+00 1.600000000000000089e+00 -1.490999999999999921e-03 -1.939999999999999993e-04 -9.999989999999999712e-01 3.905589999999999895e-01 -9.205780000000000074e-01 -4.040000000000000080e-04 -9.205769999999999786e-01 -3.905589999999999895e-01 1.448000000000000068e-03
3.000000000000000000e+00 3.000000000000000000e+00 4.300000000000000000e+01 0.000000000000000000e+00 1.600000000000000089e+00 -1.033000000000000064e-03 -3.339500000000000107e-02 -9.994420000000000526e-01 7.452800000000000535e-01 -6.664050000000000251e-01 2.149699999999999875e-02 -6.667509999999999826e-01 -7.448420000000000041e-01 2.557699999999999904e-02
5.000000000000000000e+00 3.000000000000000000e+00 4.300000000000000000e+01 0.000000000000000000e+00 1.600000000000000089e+00 -4.387000000000000274e-03 -2.808899999999999939e-02 -9.995960000000000401e-01 7.484420000000000517e-01 -6.630230000000000290e-01 1.534699999999999953e-02 -6.631860000000000532e-01 -7.480719999999999592e-01 2.393100000000000088e-02
1.200000000000000000e+01 3.000000000000000000e+00 4.300000000000000000e+01 0.000000000000000000e+00 1.600000000000000089e+00 -9.990000000000001049e-04 2.320099999999999940e-02 -9.997300000000000075e-01 7.539280000000000426e-01 -6.567619999999999569e-01 -1.599599999999999980e-02 -6.569559999999999844e-01 -7.537409999999999943e-01 -1.683600000000000027e-02
1.900000000000000000e+01 3.000000000000000000e+00 4.300000000000000000e+01 0.000000000000000000e+00 1.600000000000000089e+00 -4.840000000000000010e-04 6.575000000000000115e-03 -9.999780000000000335e-01 7.408869999999999623e-01 -6.716119999999999868e-01 -4.774999999999999731e-03 -6.716290000000000315e-01 -7.408740000000000325e-01 -4.545999999999999694e-03
5.000000000000000000e+00 8.000000000000000000e+00 4.400000000000000000e+01 0.000000000000000000e+00 1.600000000000000089e+00 -5.322999999999999607e-03 -1.128200000000000036e-02 9.999219999999999775e-01 -7.832329999999999570e-01 -6.216279999999999584e-01 -1.118300000000000023e-02 6.217049999999999521e-01 -7.832320000000000393e-01 -5.527999999999999928e-03
1.200000000000000000e+01 8.000000000000000000e+00 4.400000000000000000e+01 0.000000000000000000e+00 1.600000000000000089e+00 2.344999999999999862e-03 5.292999999999999962e-03 9.999829999999999552e-01 -7.894039999999999946e-01 -6.138529999999999820e-01 5.100000000000000366e-03 6.138700000000000268e-01 -7.894029999999999658e-01 2.737999999999999982e-03
1.600000000000000000e+01 8.000000000000000000e+00 4.400000000000000000e+01 0.000000000000000000e+00 1.600000000000000089e+00 3.896000000000000157e-03 5.126999999999999613e-03 9.999789999999999512e-01 -7.897830000000000128e-01 -6.133539999999999548e-01 6.222000000000000100e-03 6.133739999999999748e-01 -7.897910000000000208e-01 1.660000000000000017e-03
2.000000000000000000e+01 8.000000000000000000e+00 4.400000000000000000e+01 0.000000000000000000e+00 1.600000000000000089e+00 2.116999999999999958e-03 3.811000000000000151e-03 9.999909999999999632e-01 -7.904290000000000482e-01 -6.125399999999999734e-01 4.008000000000000278e-03 6.125500000000000389e-01 -7.904299999999999660e-01 1.716000000000000077e-03
1.000000000000000000e+00 2.900000000000000000e+01 4.400000000000000000e+01 0.000000000000000000e+00 1.600000000000000089e+00 -9.349999999999999587e-04 -1.073200000000000022e-02 -9.999419999999999975e-01 6.470179999999999820e-01 7.624239999999999906e-01 -8.788000000000000672e-03 7.624739999999999851e-01 -6.469880000000000075e-01 6.231000000000000427e-03
6.000000000000000000e+00 2.900000000000000000e+01 4.400000000000000000e+01 0.000000000000000000e+00 1.600000000000000089e+00 1.168999999999999900e-03 -1.139999999999999954e-03 -9.999989999999999712e-01 6.511040000000000161e-01 7.589890000000000247e-01 -1.039999999999999936e-04 7.589879999999999960e-01 -6.511029999999999873e-01 1.629000000000000023e-03
1.500000000000000000e+01 2.900000000000000000e+01 4.400000000000000000e+01 0.000000000000000000e+00 1.600000000000000089e+00 8.549999999999999658e-04 5.580000000000000107e-04 -1.000000000000000000e+00 6.568950000000000067e-01 7.539810000000000123e-01 9.820000000000000170e-04 7.539820000000000411e-01 -6.568960000000000354e-01 2.779999999999999811e-04
1.900000000000000000e+01 2.900000000000000000e+01 4.400000000000000000e+01 0.000000000000000000e+00 1.600000000000000089e+00 4.600000000000000004e-05 -9.129999999999999661e-04 -1.000000000000000000e+00 6.562170000000000503e-01 7.545720000000000205e-01 -6.589999999999999721e-04 7.545720000000000205e-01 -6.562170000000000503e-01 6.340000000000000149e-04
2.200000000000000000e+01 2.900000000000000000e+01 4.400000000000000000e+01 0.000000000000000000e+00 1.600000000000000089e+00 -1.103000000000000031e-03 -2.053000000000000137e-03 -9.999970000000000248e-01 6.550240000000000506e-01 7.556040000000000534e-01 -2.273999999999999980e-03 7.556070000000000286e-01 -6.550249999999999684e-01 5.109999999999999525e-04
2.800000000000000000e+01 2.900000000000000000e+01 4.400000000000000000e+01 0.000000000000000000e+00 1.600000000000000089e+00 2.031999999999999952e-03 1.789999999999999925e-03 -9.999959999999999960e-01 6.505750000000000144e-01 7.594370000000000287e-01 2.680999999999999790e-03 7.594389999999999752e-01 -6.505779999999999896e-01 3.789999999999999966e-04
2.500000000000000000e+01 6.500000000000000000e+01 4.600000000000000000e+01 0.000000000000000000e+00 1.600000000000000089e+00 3.203999999999999817e-03 -1.533000000000000074e-03 9.999940000000000495e-01 6.807250000000000245e-01 -7.325310000000000432e-01 -3.304000000000000079e-03 7.325319999999999609e-01 6.807320000000000038e-01 -1.302999999999999905e-03
8.000000000000000000e+00 7.000000000000000000e+01 4.700000000000000000e+01 0.000000000000000000e+00 1.600000000000000089e+00 1.848999999999999949e-03 -5.930999999999999640e-03 -9.999810000000000088e-01 -8.427630000000000399e-01 -5.382820000000000382e-01 1.634000000000000036e-03 -5.382810000000000095e-01 8.427440000000000486e-01 -5.994000000000000196e-03
3.000000000000000000e+00 5.000000000000000000e+00 5.100000000000000000e+01 0.000000000000000000e+00 1.600000000000000089e+00 -2.944000000000000002e-03 -1.982300000000000034e-02 -9.997989999999999933e-01 4.782680000000000264e-01 -8.780679999999999596e-01 1.600100000000000133e-02 -8.782090000000000174e-01 -4.781250000000000222e-01 1.206600000000000034e-02
9.000000000000000000e+00 5.000000000000000000e+00 5.100000000000000000e+01 0.000000000000000000e+00 1.600000000000000089e+00 1.926999999999999894e-03 5.083999999999999977e-03 -9.999850000000000128e-01 4.727899999999999880e-01 -8.811679999999999513e-01 -3.569000000000000124e-03 -8.811729999999999841e-01 -4.727759999999999740e-01 -4.101999999999999744e-03
2.000000000000000000e+01 5.000000000000000000e+00 5.100000000000000000e+01 0.000000000000000000e+00 1.600000000000000089e+00 6.710000000000000469e-04 8.592999999999999944e-03 -9.999630000000000463e-01 4.668459999999999832e-01 -8.843090000000000117e-01 -7.285999999999999942e-03 -8.843379999999999574e-01 -4.668240000000000167e-01 -4.604999999999999719e-03
2.700000000000000000e+01 6.000000000000000000e+00 5.100000000000000000e+01 0.000000000000000000e+00 1.600000000000000089e+00 -1.378000000000000102e-03 1.132400000000000073e-02 -9.999350000000000183e-01 2.859570000000000167e-01 -9.581769999999999454e-01 -1.124499999999999979e-02 -9.582420000000000382e-01 -2.859530000000000127e-01 -1.918000000000000000e-03
1.100000000000000000e+01 1.150000000000000000e+02 5.100000000000000000e+01 0.000000000000000000e+00 1.600000000000000089e+00 6.560000000000000076e-04 2.320000000000000014e-04 1.000000000000000000e+00 8.484099999999999975e-01 -5.293400000000000327e-01 -4.339999999999999782e-04 5.293390000000000040e-01 8.484099999999999975e-01 -5.450000000000000200e-04
2.700000000000000000e+01 7.000000000000000000e+00 5.200000000000000000e+01 0.000000000000000000e+00 1.600000000000000089e+00 2.680000000000000090e-04 8.434000000000000524e-03 -9.999639999999999640e-01 3.701299999999999729e-02 -9.992790000000000283e-01 -8.418000000000000135e-03 -9.993149999999999533e-01 -3.700900000000000023e-02 -5.800000000000000034e-04
4.000000000000000000e+00 6.300000000000000000e+01 5.400000000000000000e+01 0.000000000000000000e+00 1.600000000000000089e+00 1.529999999999999893e-03 -6.480000000000000300e-04 9.999989999999999712e-01 -3.372160000000000157e-01 9.414270000000000138e-01 1.126000000000000048e-03 -9.414259999999999851e-01 -3.372169999999999890e-01 1.221999999999999996e-03
9.000000000000000000e+00 6.300000000000000000e+01 5.400000000000000000e+01 0.000000000000000000e+00 1.600000000000000089e+00 1.698000000000000074e-03 -9.060000000000000128e-04 9.999980000000000535e-01 -3.400460000000000149e-01 9.404080000000000217e-01 1.428999999999999932e-03 -9.404069999999999929e-01 -3.400480000000000169e-01 1.288999999999999998e-03
1.400000000000000000e+01 6.300000000000000000e+01 5.400000000000000000e+01 0.000000000000000000e+00 1.600000000000000089e+00 1.776000000000000018e-03 1.044999999999999922e-03 9.999980000000000535e-01 -3.463109999999999800e-01 9.381199999999999539e-01 -3.660000000000000059e-04 -9.381180000000000074e-01 -3.463089999999999780e-01 2.027999999999999855e-03
2.300000000000000000e+01 6.300000000000000000e+01 5.400000000000000000e+01 0.000000000000000000e+00 1.600000000000000089e+00 -8.930000000000000221e-04 -5.410000000000000312e-04 9.999989999999999712e-01 -3.469920000000000226e-01 9.378680000000000350e-01 1.979999999999999881e-04 -9.378670000000000062e-01 -3.469920000000000226e-01 -1.025000000000000086e-03
2.800000000000000000e+01 6.300000000000000000e+01 5.400000000000000000e+01 0.000000000000000000e+00 1.600000000000000089e+00 -2.620000000000000258e-04 2.093999999999999941e-03 9.999980000000000535e-01 -3.499450000000000061e-01 9.367680000000000451e-01 -2.053000000000000137e-03 -9.367699999999999916e-01 -3.499439999999999773e-01 4.870000000000000197e-04
2.000000000000000000e+00 2.500000000000000000e+01 5.500000000000000000e+01 0.000000000000000000e+00 1.600000000000000089e+00 9.169999999999999549e-04 1.400999999999999902e-03 -9.999989999999999712e-01 -1.314199999999999917e-02 -9.999130000000000518e-01 -1.412999999999999977e-03 -9.999130000000000518e-01 1.314300000000000017e-02 -8.989999999999999511e-04
8.000000000000000000e+00 2.500000000000000000e+01 5.500000000000000000e+01 0.000000000000000000e+00 1.600000000000000089e+00 9.899999999999999946e-04 4.451000000000000095e-03 -9.999900000000000455e-01 -9.990999999999999881e-03 -9.999400000000000510e-01 -4.460999999999999688e-03 -9.999500000000000055e-01 9.995000000000000412e-03 -9.460000000000000093e-04
2.700000000000000000e+01 2.500000000000000000e+01 5.500000000000000000e+01 0.000000000000000000e+00 1.600000000000000089e+00 1.776000000000000018e-03 4.375999999999999682e-03 -9.999890000000000168e-01 -1.954200000000000034e-02 -9.997989999999999933e-01 -4.409999999999999858e-03 -9.998070000000000013e-01 1.955000000000000140e-02 -1.690000000000000096e-03
6.000000000000000000e+00 2.100000000000000000e+01 6.000000000000000000e+01 0.000000000000000000e+00 1.600000000000000089e+00 1.410000000000000120e-04 -1.562999999999999936e-03 9.999989999999999712e-01 -9.509700000000000097e-02 9.954669999999999908e-01 1.569000000000000082e-03 -9.954680000000000195e-01 -9.509700000000000097e-02 -7.999999999999999638e-06
1.000000000000000000e+01 2.100000000000000000e+01 6.000000000000000000e+01 0.000000000000000000e+00 1.600000000000000089e+00 -7.730000000000000326e-04 -5.739999999999999660e-04 1.000000000000000000e+00 -9.469500000000000139e-02 9.955060000000000020e-01 4.989999999999999861e-04 -9.955060000000000020e-01 -9.469400000000000039e-02 -8.239999999999999712e-04
1.300000000000000000e+01 2.100000000000000000e+01 6.000000000000000000e+01 0.000000000000000000e+00 1.600000000000000089e+00 -1.739000000000000094e-03 -3.642999999999999971e-03 9.999919999999999920e-01 -9.550200000000000355e-02 9.954229999999999468e-01 3.459999999999999968e-03 -9.954279999999999795e-01 -9.549499999999999655e-02 -2.079000000000000119e-03
