3.000000000000000000e+00 1.600000000000000000e+01 4.000000000000000000e+00 0.000000000000000000e+00 1.600000000000000089e+00 -8.000000000000000654e-05 -1.585699999999999957e-02 9.998740000000000405e-01 3.190189999999999970e-01 -9.476299999999999724e-01 -1.500300000000000071e-02 9.477480000000000349e-01 3.189779999999999838e-01 5.133999999999999675e-03
7.000000000000000000e+00 1.600000000000000000e+01 4.000000000000000000e+00 0.000000000000000000e+00 1.600000000000000089e+00 1.050000000000000044e-04 -1.224500000000000068e-02 9.999249999999999527e-01 3.162159999999999971e-01 -9.486149999999999860e-01 -1.165000000000000063e-02 9.486869999999999470e-01 3.161939999999999751e-01 3.772999999999999878e-03
1.900000000000000000e+01 1.600000000000000000e+01 4.000000000000000000e+00 0.000000000000000000e+00 1.600000000000000089e+00 -1.938999999999999968e-03 -1.175900000000000035e-02 9.999289999999999567e-01 3.150519999999999987e-01 -9.490159999999999707e-01 -1.054899999999999935e-02 9.490730000000000555e-01 3.150089999999999835e-01 5.544999999999999582e-03
2.400000000000000000e+01 1.600000000000000000e+01 4.000000000000000000e+00 0.000000000000000000e+00 1.600000000000000089e+00 2.794000000000000043e-03 -1.388400000000000051e-02 9.999000000000000110e-01 3.132349999999999857e-01 -9.495719999999999716e-01 -1.406100000000000058e-02 9.496719999999999606e-01 3.132429999999999937e-01 1.694999999999999892e-03
2.700000000000000000e+01 1.600000000000000000e+01 4.000000000000000000e+00 0.000000000000000000e+00 1.600000000000000089e+00 2.432999999999999833e-03 -1.843300000000000147e-02 9.998270000000000213e-01 3.165950000000000153e-01 -9.483850000000000335e-01 -1.825500000000000039e-02 9.485580000000000123e-01 3.165850000000000053e-01 3.527999999999999886e-03
1.500000000000000000e+01 1.010000000000000000e+02 7.000000000000000000e+00 0.000000000000000000e+00 1.600000000000000089e+00 -1.069999999999999988e-04 -9.518999999999999684e-03 9.999550000000000383e-01 8.865389999999999660e-01 4.626319999999999877e-01 4.498000000000000262e-03 -4.626540000000000097e-01 8.864990000000000370e-01 8.389000000000000623e-03
2.000000000000000000e+01 1.010000000000000000e+02 7.000000000000000000e+00 0.000000000000000000e+00 1.600000000000000089e+00 2.869000000000000022e-03 4.028999999999999596e-03 9.999879999999999880e-01 8.856880000000000308e-01 4.642600000000000060e-01 -4.412000000000000123e-03 -4.642729999999999912e-01 8.856899999999999773e-01 -2.236000000000000140e-03
1.700000000000000000e+01 1.500000000000000000e+01 8.000000000000000000e+00 0.000000000000000000e+00 1.600000000000000089e+00 -3.536000000000000081e-03 -1.027100000000000062e-02 -9.999409999999999688e-01 -5.663939999999999531e-01 -8.240680000000000227e-01 1.046700000000000061e-02 -8.241270000000000540e-01 5.663979999999999571e-01 -2.903999999999999897e-03
2.100000000000000000e+01 1.500000000000000000e+01 8.000000000000000000e+00 0.000000000000000000e+00 1.600000000000000089e+00 -4.498000000000000262e-03 -9.315999999999999628e-03 -9.999460000000000015e-01 -5.655480000000000507e-01 -8.246520000000000516e-01 1.022699999999999998e-02 -8.247029999999999639e-01 5.655639999999999556e-01 -1.559999999999999972e-03
2.400000000000000000e+01 1.500000000000000000e+01 8.000000000000000000e+00 0.000000000000000000e+00 1.600000000000000089e+00 -7.562000000000000145e-03 -1.148300000000000015e-02 -9.999050000000000438e-01 -5.656200000000000117e-01 -8.245510000000000339e-01 1.374700000000000054e-02 -8.246310000000000029e-01 5.656710000000000349e-01 -2.590000000000000071e-04
2.800000000000000000e+01 1.500000000000000000e+01 8.000000000000000000e+00 0.000000000000000000e+00 1.600000000000000089e+00 -7.356999999999999824e-03 -1.743700000000000111e-02 -9.998209999999999598e-01 -5.675480000000000524e-01 -8.231319999999999748e-01 1.853199999999999986e-02 -8.233080000000000398e-01 5.675829999999999487e-01 -3.840999999999999796e-03
2.000000000000000000e+00 2.600000000000000000e+01 8.000000000000000000e+00 0.000000000000000000e+00 1.600000000000000089e+00 -4.033000000000000126e-03 2.442000000000000073e-02 -9.996939999999999715e-01 4.249609999999999776e-01 9.049819999999999531e-01 2.039200000000000040e-02 9.052029999999999799e-01 -4.247480000000000144e-01 -1.402699999999999954e-02
8.000000000000000000e+00 2.600000000000000000e+01 8.000000000000000000e+00 0.000000000000000000e+00 1.600000000000000089e+00 4.350999999999999833e-03 -1.045699999999999928e-02 -9.999360000000000470e-01 4.271949999999999914e-01 9.041280000000000427e-01 -7.596000000000000321e-03 9.041489999999999805e-01 -4.271349999999999869e-01 8.401000000000000481e-03
1.400000000000000000e+01 2.600000000000000000e+01 8.000000000000000000e+00 0.000000000000000000e+00 1.600000000000000089e+00 2.099000000000000171e-03 4.224999999999999589e-03 -9.999890000000000168e-01 4.252940000000000054e-01 9.050430000000000419e-01 4.715999999999999706e-03 9.050529999999999964e-01 -4.252989999999999826e-01 1.029999999999999964e-04
2.100000000000000000e+01 2.600000000000000000e+01 8.000000000000000000e+00 0.000000000000000000e+00 1.600000000000000089e+00 1.905999999999999925e-03 8.281000000000000166e-03 -9.999639999999999640e-01 4.237199999999999855e-01 9.057549999999999768e-01 8.309000000000000413e-03 9.057910000000000128e-01 -4.237210000000000143e-01 -1.781999999999999947e-03
2.600000000000000000e+01 2.600000000000000000e+01 8.000000000000000000e+00 0.000000000000000000e+00 1.600000000000000089e+00 5.584000000000000422e-03 2.589299999999999935e-02 -9.996490000000000098e-01 4.207029999999999936e-01 9.068310000000000537e-01 2.583900000000000086e-02 9.071810000000000151e-01 -4.206989999999999896e-01 -5.828999999999999980e-03
2.900000000000000000e+01 2.600000000000000000e+01 8.000000000000000000e+00 0.000000000000000000e+00 1.600000000000000089e+00 6.354000000000000273e-03 2.229300000000000032e-02 -9.997310000000000363e-01 4.186440000000000161e-01 9.078610000000000291e-01 2.290499999999999828e-02 9.081280000000000463e-01 -4.186770000000000214e-01 -3.563999999999999894e-03
1.000000000000000000e+00 1.400000000000000000e+01 9.000000000000000000e+00 0.000000000000000000e+00 1.600000000000000089e+00 -1.864999999999999904e-03 -4.649999999999999620e-03 -9.999869999999999592e-01 -5.559020000000000072e-01 -8.312329999999999997e-01 4.902000000000000107e-03 -8.312460000000000404e-01 5.559039999999999537e-01 -1.033999999999999980e-03
7.000000000000000000e+00 1.400000000000000000e+01 9.000000000000000000e+00 0.000000000000000000e+00 1.600000000000000089e+00 -3.083999999999999936e-03 -1.245800000000000032e-02 -9.999179999999999735e-01 -5.586430000000000007e-01 -8.293199999999999461e-01 1.205600000000000074e-02 -8.294019999999999726e-01 5.586339999999999639e-01 -4.401999999999999663e-03
1.500000000000000000e+01 1.400000000000000000e+01 9.000000000000000000e+00 0.000000000000000000e+00 1.600000000000000089e+00 -2.922000000000000118e-03 -5.667000000000000162e-03 -9.999799999999999800e-01 -5.607779999999999987e-01 -8.279419999999999558e-01 6.330999999999999822e-03 -8.279609999999999470e-01 5.607849999999999779e-01 -7.590000000000000175e-04
2.100000000000000000e+01 1.400000000000000000e+01 9.000000000000000000e+00 0.000000000000000000e+00 1.600000000000000089e+00 -5.107000000000000428e-03 -1.135199999999999924e-02 -9.999230000000000063e-01 -5.616090000000000249e-01 -8.273120000000000474e-01 1.226099999999999933e-02 -8.273869999999999836e-01 5.616280000000000161e-01 -2.150000000000000001e-03
2.000000000000000000e+00 1.040000000000000000e+02 1.100000000000000000e+01 0.000000000000000000e+00 1.600000000000000089e+00 -3.949000000000000253e-03 -3.531999999999999983e-03 9.999860000000000415e-01 -9.725169999999999648e-01 -2.327829999999999899e-01 -4.662999999999999610e-03 2.327970000000000039e-01 -9.725219999999999976e-01 -2.516000000000000007e-03
2.500000000000000000e+01 3.100000000000000000e+01 1.200000000000000000e+01 0.000000000000000000e+00 1.600000000000000089e+00 1.561000000000000104e-03 1.860000000000000108e-03 9.999970000000000248e-01 -1.529900000000000010e-02 9.998810000000000198e-01 -1.835999999999999958e-03 -9.998820000000000485e-01 -1.529600000000000057e-02 1.590000000000000050e-03
2.000000000000000000e+00 3.200000000000000000e+01 1.400000000000000000e+01 0.000000000000000000e+00 1.600000000000000089e+00 -2.172699999999999979e-02 5.734299999999999814e-02 -9.981179999999999497e-01 8.407299999999999496e-02 9.949219999999999731e-01 5.532900000000000318e-02 9.962229999999999697e-01 -8.271299999999999486e-02 -2.643799999999999970e-02
6.000000000000000000e+00 3.200000000000000000e+01 1.400000000000000000e+01 0.000000000000000000e+00 1.600000000000000089e+00 1.890199999999999866e-02 -4.152800000000000241e-02 -9.989590000000000414e-01 9.176299999999999735e-02 9.949919999999999876e-01 -3.962700000000000250e-02 9.956009999999999582e-01 -9.091799999999999882e-02 2.261799999999999922e-02
1.700000000000000000e+01 1.200000000000000000e+01 1.500000000000000000e+01 0.000000000000000000e+00 1.600000000000000089e+00 -8.419999999999999750e-04 -5.118000000000000153e-03 -9.999869999999999592e-01 -4.653510000000000146e-01 -8.851130000000000386e-01 4.922000000000000160e-03 -8.851259999999999684e-01 4.653490000000000126e-01 -1.637000000000000000e-03
2.300000000000000000e+01 1.200000000000000000e+01 1.500000000000000000e+01 0.000000000000000000e+00 1.600000000000000089e+00 -4.040000000000000188e-03 -6.590000000000000371e-03 -9.999700000000000255e-01 -4.690309999999999757e-01 -8.831480000000000441e-01 7.715999999999999769e-03 -8.831719999999999571e-01 4.690480000000000205e-01 4.769999999999999934e-04
3.000000000000000000e+00 2.000000000000000000e+00 1.900000000000000000e+01 0.000000000000000000e+00 1.600000000000000089e+00 -8.750000000000000182e-04 3.933999999999999997e-03 -9.999919999999999920e-01 1.331660000000000066e-01 -9.910860000000000225e-01 -4.015000000000000339e-03 -9.910930000000000017e-01 -1.331680000000000086e-01 3.429999999999999889e-04
6.000000000000000000e+00 2.000000000000000000e+00 1.900000000000000000e+01 0.000000000000000000e+00 1.600000000000000089e+00 -6.960000000000000041e-04 5.020000000000000157e-03 -9.999869999999999592e-01 1.327959999999999974e-01 -9.911299999999999555e-01 -5.067999999999999589e-03 -9.911429999999999962e-01 -1.327979999999999994e-01 2.300000000000000002e-05
1.500000000000000000e+01 2.000000000000000000e+00 1.900000000000000000e+01 0.000000000000000000e+00 1.600000000000000089e+00 -1.060000000000000016e-04 -1.301999999999999989e-03 -9.999989999999999712e-01 1.375339999999999896e-01 -9.904960000000000431e-01 1.275000000000000092e-03 -9.904969999999999608e-01 -1.375329999999999886e-01 2.840000000000000185e-04
1.700000000000000000e+01 2.000000000000000000e+00 1.900000000000000000e+01 0.000000000000000000e+00 1.600000000000000089e+00 -6.059999999999999849e-04 -1.765000000000000076e-03 -9.999980000000000535e-01 1.415379999999999971e-01 -9.899310000000000054e-01 1.660999999999999933e-03 -9.899329999999999519e-01 -1.415369999999999961e-01 8.499999999999999526e-04
2.000000000000000000e+01 2.000000000000000000e+00 1.900000000000000000e+01 0.000000000000000000e+00 1.600000000000000089e+00 -1.413999999999999892e-03 -1.183999999999999940e-03 -9.999980000000000535e-01 1.458359999999999934e-01 -9.893079999999999652e-01 9.650000000000000374e-04 -9.893079999999999652e-01 -1.458339999999999914e-01 1.572000000000000047e-03
3.000000000000000000e+01 2.000000000000000000e+00 1.900000000000000000e+01 0.000000000000000000e+00 1.600000000000000089e+00 2.229000000000000078e-03 -5.785000000000000211e-03 -9.999810000000000088e-01 1.511419999999999986e-01 -9.884939999999999838e-01 6.054999999999999619e-03 -9.885099999999999998e-01 -1.511520000000000086e-01 -1.329000000000000103e-03
1.200000000000000000e+01 1.300000000000000000e+01 2.000000000000000000e+01 0.000000000000000000e+00 1.600000000000000089e+00 -1.984000000000000086e-03 -3.836000000000000000e-03 9.999909999999999632e-01 2.519199999999999773e-01 9.677390000000000159e-01 4.211999999999999598e-03 -9.677459999999999951e-01 2.519259999999999833e-01 -9.539999999999999869e-04
1.800000000000000000e+01 1.300000000000000000e+01 2.000000000000000000e+01 0.000000000000000000e+00 1.600000000000000089e+00 4.449999999999999746e-04 -1.337000000000000081e-03 9.999989999999999712e-01 2.518659999999999788e-01 9.677620000000000111e-01 1.182000000000000108e-03 -9.677620000000000111e-01 2.518650000000000055e-01 7.669999999999999951e-04
2.400000000000000000e+01 1.300000000000000000e+01 2.000000000000000000e+01 0.000000000000000000e+00 1.600000000000000089e+00 1.159000000000000091e-03 5.296999999999999625e-03 9.999850000000000128e-01 2.530200000000000227e-01 9.674460000000000282e-01 -5.418000000000000073e-03 -9.674599999999999866e-01 2.530229999999999979e-01 -2.190000000000000106e-04
1.500000000000000000e+01 1.600000000000000000e+01 2.100000000000000000e+01 0.000000000000000000e+00 1.600000000000000089e+00 -5.289999999999999564e-04 -5.368000000000000375e-03 9.999850000000000128e-01 2.998930000000000207e-01 9.539579999999999727e-01 5.278999999999999838e-03 -9.539729999999999599e-01 2.998919999999999919e-01 1.105000000000000079e-03
3.000000000000000000e+01 1.600000000000000000e+01 2.100000000000000000e+01 0.000000000000000000e+00 1.600000000000000089e+00 1.830999999999999945e-03 1.007899999999999942e-02 9.999470000000000303e-01 2.983589999999999853e-01 9.543989999999999974e-01 -1.016599999999999969e-02 -9.544519999999999671e-01 2.983620000000000161e-01 -1.260000000000000052e-03
1.900000000000000000e+01 4.600000000000000000e+01 2.700000000000000000e+01 0.000000000000000000e+00 1.600000000000000089e+00 1.804999999999999964e-03 4.960000000000000216e-04 -9.999980000000000535e-01 6.654679999999999485e-01 7.464250000000000052e-01 1.570999999999999914e-03 7.464250000000000052e-01 -6.654689999999999772e-01 1.016999999999999892e-03
2.600000000000000000e+01 4.600000000000000000e+01 2.700000000000000000e+01 0.000000000000000000e+00 1.600000000000000089e+00 1.095000000000000053e-03 2.183000000000000045e-03 -9.999970000000000248e-01 6.765090000000000270e-01 7.364309999999999468e-01 2.347999999999999827e-03 7.364340000000000330e-01 -6.765090000000000270e-01 -6.700000000000000226e-04
4.000000000000000000e+00 4.600000000000000000e+01 3.000000000000000000e+01 0.000000000000000000e+00 1.600000000000000089e+00 2.086999999999999880e-03 1.933000000000000039e-03 -9.999959999999999960e-01 3.258280000000000065e-01 9.454259999999999886e-01 2.507999999999999813e-03 9.454270000000000174e-01 -3.258320000000000105e-01 1.343000000000000010e-03
1.100000000000000000e+01 4.600000000000000000e+01 3.000000000000000000e+01 0.000000000000000000e+00 1.600000000000000089e+00 -8.289999999999999843e-04 -1.461000000000000059e-03 -9.999989999999999712e-01 3.233759999999999968e-01 9.462690000000000268e-01 -1.650999999999999907e-03 9.462699999999999445e-01 -3.233770000000000255e-01 -3.119999999999999944e-04
2.100000000000000000e+01 4.600000000000000000e+01 3.000000000000000000e+01 0.000000000000000000e+00 1.600000000000000089e+00 8.030000000000000028e-04 1.190000000000000058e-04 -1.000000000000000000e+00 3.241049999999999764e-01 9.460210000000000008e-01 3.730000000000000134e-04 9.460210000000000008e-01 -3.241049999999999764e-01 7.209999999999999612e-04
2.500000000000000000e+01 4.600000000000000000e+01 3.000000000000000000e+01 0.000000000000000000e+00 1.600000000000000089e+00 -6.549999999999999833e-04 6.239999999999999887e-04 -1.000000000000000000e+00 3.307459999999999845e-01 9.437200000000000033e-01 3.719999999999999891e-04 9.437200000000000033e-01 -3.307459999999999845e-01 -8.249999999999999955e-04
8.000000000000000000e+00 5.800000000000000000e+01 3.100000000000000000e+01 0.000000000000000000e+00 1.600000000000000089e+00 -3.619999999999999954e-03 -4.956999999999999601e-03 9.999810000000000088e-01 -7.700960000000000027e-01 -6.379000000000000226e-01 -5.949000000000000295e-03 6.379179999999999851e-01 -7.701029999999999820e-01 -1.508000000000000009e-03
1.100000000000000000e+01 5.800000000000000000e+01 3.100000000000000000e+01 0.000000000000000000e+00 1.600000000000000089e+00 -3.893999999999999892e-03 -4.837000000000000154e-03 9.999810000000000088e-01 -7.709120000000000417e-01 -6.369120000000000337e-01 -6.082999999999999866e-03 6.369289999999999674e-01 -7.709209999999999674e-01 -1.248999999999999893e-03
1.400000000000000000e+01 5.800000000000000000e+01 3.100000000000000000e+01 0.000000000000000000e+00 1.600000000000000089e+00 -5.525999999999999662e-03 -4.354000000000000231e-03 9.999749999999999472e-01 -7.698169999999999735e-01 -6.382250000000000423e-01 -7.033000000000000189e-03 6.382400000000000295e-01 -7.698369999999999935e-01 1.749999999999999982e-04
1.800000000000000000e+01 5.800000000000000000e+01 3.100000000000000000e+01 0.000000000000000000e+00 1.600000000000000089e+00 -4.584000000000000401e-03 -5.418000000000000073e-03 9.999749999999999472e-01 -7.713309999999999889e-01 -6.363959999999999617e-01 -6.983999999999999757e-03 6.364180000000000392e-01 -7.713440000000000296e-01 -1.262000000000000101e-03
2.100000000000000000e+01 5.800000000000000000e+01 3.100000000000000000e+01 0.000000000000000000e+00 1.600000000000000089e+00 -2.226000000000000114e-03 -5.091000000000000039e-03 9.999850000000000128e-01 -7.726950000000000207e-01 -6.347580000000000444e-01 -4.951999999999999805e-03 6.347730000000000317e-01 -7.726939999999999920e-01 -2.520999999999999804e-03
2.900000000000000000e+01 5.800000000000000000e+01 3.100000000000000000e+01 0.000000000000000000e+00 1.600000000000000089e+00 -1.118999999999999986e-03 -7.429999999999999539e-04 9.999989999999999712e-01 -7.744039999999999813e-01 -6.326899999999999746e-01 -1.337000000000000081e-03 6.326899999999999746e-01 -7.744050000000000100e-01 1.320000000000000101e-04
1.400000000000000000e+01 6.000000000000000000e+00 3.200000000000000000e+01 0.000000000000000000e+00 1.600000000000000089e+00 1.551000000000000078e-03 1.948999999999999995e-03 -9.999970000000000248e-01 2.298250000000000015e-01 9.732290000000000108e-01 2.253999999999999927e-03 9.732309999999999572e-01 -2.298280000000000045e-01 1.062000000000000010e-03
2.400000000000000000e+01 6.000000000000000000e+00 3.200000000000000000e+01 0.000000000000000000e+00 1.600000000000000089e+00 -2.999999999999999737e-04 4.083999999999999957e-03 -9.999919999999999920e-01 1.995530000000000082e-01 9.798789999999999445e-01 3.942000000000000191e-03 9.798869999999999525e-01 -1.995500000000000052e-01 -1.108999999999999960e-03
6.000000000000000000e+00 4.600000000000000000e+01 3.500000000000000000e+01 0.000000000000000000e+00 1.600000000000000089e+00 -8.750000000000000182e-04 -2.770000000000000110e-04 -1.000000000000000000e+00 3.870560000000000112e-01 -9.220559999999999867e-01 -8.299999999999999815e-05 -9.220559999999999867e-01 -3.870560000000000112e-01 9.139999999999999904e-04
1.100000000000000000e+01 4.600000000000000000e+01 3.500000000000000000e+01 0.000000000000000000e+00 1.600000000000000089e+00 -1.700000000000000122e-04 -5.178999999999999576e-03 -9.999869999999999592e-01 3.853269999999999751e-01 -9.227680000000000327e-01 4.714000000000000308e-03 -9.227800000000000447e-01 -3.853210000000000246e-01 2.152999999999999966e-03
1.600000000000000000e+01 4.600000000000000000e+01 3.500000000000000000e+01 0.000000000000000000e+00 1.600000000000000089e+00 -7.720000000000000083e-04 7.960000000000000495e-04 -9.999989999999999712e-01 3.854830000000000201e-01 -9.227140000000000342e-01 -1.031999999999999931e-03 -9.227149999999999519e-01 -3.854830000000000201e-01 4.060000000000000024e-04
1.900000000000000000e+01 4.600000000000000000e+01 3.500000000000000000e+01 0.000000000000000000e+00 1.600000000000000089e+00 6.059999999999999849e-04 -2.118000000000000091e-03 -9.999980000000000535e-01 3.869179999999999842e-01 -9.221110000000000140e-01 2.187999999999999841e-03 -9.221139999999999892e-01 -3.869190000000000129e-01 2.610000000000000015e-04
2.600000000000000000e+01 4.600000000000000000e+01 3.500000000000000000e+01 0.000000000000000000e+00 1.600000000000000089e+00 -2.809999999999999998e-04 5.486000000000000425e-03 -9.999850000000000128e-01 3.871809999999999974e-01 -9.219889999999999475e-01 -5.165999999999999585e-03 -9.220040000000000457e-01 -3.871769999999999934e-01 -1.864999999999999904e-03
8.000000000000000000e+00 9.500000000000000000e+01 3.600000000000000000e+01 0.000000000000000000e+00 1.600000000000000089e+00 -3.618000000000000122e-03 -7.505999999999999651e-03 9.999649999999999928e-01 9.963199999999999834e-01 8.560299999999999854e-02 4.246999999999999907e-03 -8.563199999999999978e-02 9.963009999999999922e-01 7.169000000000000025e-03
1.300000000000000000e+01 9.500000000000000000e+01 3.600000000000000000e+01 0.000000000000000000e+00 1.600000000000000089e+00 -9.049999999999999885e-04 -2.827999999999999785e-03 9.999959999999999960e-01 9.963490000000000402e-01 8.536599999999999744e-02 1.142999999999999919e-03 -8.536900000000000044e-02 9.963459999999999539e-01 2.739999999999999814e-03
1.600000000000000000e+01 9.500000000000000000e+01 3.600000000000000000e+01 0.000000000000000000e+00 1.600000000000000089e+00 -1.510000000000000112e-04 -7.830999999999999420e-03 9.999689999999999968e-01 9.961830000000000407e-01 8.728400000000000047e-02 8.339999999999999974e-04 -8.728800000000000447e-02 9.961529999999999552e-01 7.787999999999999784e-03
2.300000000000000000e+01 9.500000000000000000e+01 3.600000000000000000e+01 0.000000000000000000e+00 1.600000000000000089e+00 6.202000000000000048e-03 1.006899999999999983e-02 9.999299999999999855e-01 9.965519999999999934e-01 8.267599999999999949e-02 -7.014000000000000269e-03 -8.274099999999999511e-02 9.965260000000000229e-01 -9.521999999999999215e-03
2.600000000000000000e+01 9.500000000000000000e+01 3.600000000000000000e+01 0.000000000000000000e+00 1.600000000000000089e+00 3.629999999999999980e-03 4.236000000000000182e-03 9.999839999999999840e-01 9.961100000000000509e-01 8.803300000000000014e-02 -3.989000000000000358e-03 -8.804900000000000226e-02 9.961090000000000222e-01 -3.899999999999999821e-03
3.000000000000000000e+00 3.000000000000000000e+00 4.300000000000000000e+01 0.000000000000000000e+00 1.600000000000000089e+00 1.389999999999999960e-03 1.476000000000000055e-02 -9.998899999999999455e-01 7.381720000000000503e-01 -6.745529999999999582e-01 -8.930999999999999703e-03 -6.746109999999999607e-01 -7.380790000000000406e-01 -1.183400000000000077e-02
1.000000000000000000e+01 3.000000000000000000e+00 4.300000000000000000e+01 0.000000000000000000e+00 1.600000000000000089e+00 -1.389999999999999905e-04 -1.557000000000000007e-03 -9.999989999999999712e-01 7.358660000000000201e-01 -6.771270000000000344e-01 9.510000000000000224e-04 -6.771270000000000344e-01 -7.358649999999999913e-01 1.240000000000000000e-03
1.800000000000000000e+01 3.000000000000000000e+00 4.300000000000000000e+01 0.000000000000000000e+00 1.600000000000000089e+00 2.149999999999999947e-04 1.146100000000000070e-02 -9.999339999999999895e-01 7.372229999999999617e-01 -6.756060000000000398e-01 -7.584999999999999729e-03 -6.756490000000000551e-01 -7.371729999999999672e-01 -8.593999999999999209e-03
2.500000000000000000e+01 3.000000000000000000e+00 4.300000000000000000e+01 0.000000000000000000e+00 1.600000000000000089e+00 3.836000000000000000e-03 1.398199999999999964e-02 -9.998949999999999783e-01 7.299909999999999455e-01 -6.834240000000000315e-01 -6.755999999999999853e-03 -6.834459999999999980e-01 -7.298879999999999812e-01 -1.282800000000000086e-02
2.800000000000000000e+01 3.000000000000000000e+00 4.300000000000000000e+01 0.000000000000000000e+00 1.600000000000000089e+00 -1.845999999999999985e-03 -6.145000000000000288e-03 -9.999789999999999512e-01 7.299630000000000285e-01 -6.834810000000000052e-01 2.853000000000000067e-03 -6.834850000000000092e-01 -7.299419999999999797e-01 5.747000000000000372e-03
1.800000000000000000e+01 8.000000000000000000e+00 4.400000000000000000e+01 0.000000000000000000e+00 1.600000000000000089e+00 8.869999999999999846e-04 4.743999999999999953e-03 9.999879999999999880e-01 -7.684010000000000007e-01 -6.399580000000000268e-01 3.716999999999999818e-03 6.399690000000000101e-01 -7.683950000000000502e-01 3.076999999999999874e-03
3.000000000000000000e+01 8.000000000000000000e+00 4.400000000000000000e+01 0.000000000000000000e+00 1.600000000000000089e+00 4.799000000000000314e-03 6.542000000000000072e-03 9.999670000000000503e-01 -7.792210000000000525e-01 -6.267009999999999525e-01 7.839999999999999747e-03 6.267310000000000381e-01 -7.792329999999999535e-01 2.089999999999999844e-03
2.000000000000000000e+00 2.900000000000000000e+01 4.400000000000000000e+01 0.000000000000000000e+00 1.600000000000000089e+00 1.969999999999999909e-04 -1.683999999999999950e-03 -9.999989999999999712e-01 6.574940000000000229e-01 7.534589999999999899e-01 -1.139000000000000038e-03 7.534600000000000186e-01 -6.574919999999999654e-01 1.255999999999999955e-03
1.000000000000000000e+01 2.900000000000000000e+01 4.400000000000000000e+01 0.000000000000000000e+00 1.600000000000000089e+00 -1.210000000000000002e-04 -4.255000000000000102e-03 -9.999909999999999632e-01 6.598840000000000261e-01 7.513600000000000279e-01 -3.275999999999999832e-03 7.513670000000000071e-01 -6.598789999999999933e-01 2.716999999999999797e-03
1.300000000000000000e+01 2.900000000000000000e+01 4.400000000000000000e+01 0.000000000000000000e+00 1.600000000000000089e+00 -1.286999999999999950e-03 -7.275000000000000216e-03 -9.999730000000000008e-01 6.596509999999999874e-01 7.515460000000000473e-01 -6.316999999999999699e-03 7.515709999999999891e-01 -6.596410000000000329e-01 3.831999999999999903e-03
1.700000000000000000e+01 2.900000000000000000e+01 4.400000000000000000e+01 0.000000000000000000e+00 1.600000000000000089e+00 -9.600000000000000243e-05 -4.872999999999999728e-03 -9.999879999999999880e-01 6.597239999999999771e-01 7.514990000000000281e-01 -3.725000000000000012e-03 7.515079999999999538e-01 -6.597169999999999979e-01 3.142999999999999960e-03
2.700000000000000000e+01 2.900000000000000000e+01 4.400000000000000000e+01 0.000000000000000000e+00 1.600000000000000089e+00 4.104000000000000009e-03 3.128000000000000138e-03 -9.999869999999999592e-01 6.697739999999999805e-01 7.425479999999999858e-01 5.072000000000000119e-03 7.425540000000000473e-01 -6.697859999999999925e-01 9.520000000000000467e-04
1.300000000000000000e+01 7.000000000000000000e+01 4.700000000000000000e+01 0.000000000000000000e+00 1.600000000000000089e+00 -1.969999999999999909e-04 1.173999999999999913e-03 -9.999989999999999712e-01 -8.429210000000000313e-01 -5.380369999999999875e-01 -4.659999999999999971e-04 -5.380369999999999875e-01 8.429200000000000026e-01 1.095000000000000053e-03
2.100000000000000000e+01 5.000000000000000000e+00 5.100000000000000000e+01 0.000000000000000000e+00 1.600000000000000089e+00 4.049999999999999781e-04 6.957999999999999775e-03 -9.999759999999999760e-01 4.735369999999999857e-01 -8.807540000000000369e-01 -5.936000000000000304e-03 -8.807739999999999458e-01 -4.735230000000000272e-01 -3.651999999999999864e-03
1.100000000000000000e+01 1.500000000000000000e+01 5.300000000000000000e+01 0.000000000000000000e+00 1.600000000000000089e+00 2.260999999999999989e-03 3.899999999999999821e-03 -9.999900000000000455e-01 6.755710000000000326e-01 7.372819999999999929e-01 4.402999999999999796e-03 7.372910000000000297e-01 -6.755740000000000078e-01 -9.680000000000000019e-04
1.000000000000000000e+01 6.300000000000000000e+01 5.400000000000000000e+01 0.000000000000000000e+00 1.600000000000000089e+00 1.108000000000000044e-03 -1.361999999999999929e-03 9.999989999999999712e-01 -3.572949999999999737e-01 9.339899999999999869e-01 1.667999999999999995e-03 -9.339910000000000156e-01 -3.572960000000000025e-01 5.490000000000000088e-04
1.600000000000000000e+01 6.300000000000000000e+01 5.400000000000000000e+01 0.000000000000000000e+00 1.600000000000000089e+00 -1.417999999999999990e-03 -2.614000000000000004e-03 9.999959999999999960e-01 -3.521989999999999843e-01 9.359229999999999494e-01 1.946999999999999946e-03 -9.359239999999999782e-01 -3.521949999999999803e-01 -2.247999999999999998e-03
2.100000000000000000e+01 6.300000000000000000e+01 5.400000000000000000e+01 0.000000000000000000e+00 1.600000000000000089e+00 -2.820000000000000241e-04 5.599999999999999916e-05 1.000000000000000000e+00 -3.524269999999999903e-01 9.358389999999999764e-01 -1.510000000000000112e-04 -9.358389999999999764e-01 -3.524269999999999903e-01 -2.449999999999999921e-04
2.500000000000000000e+01 6.300000000000000000e+01 5.400000000000000000e+01 0.000000000000000000e+00 1.600000000000000089e+00 -4.929999999999999487e-04 1.317999999999999944e-03 9.999989999999999712e-01 -3.527219999999999800e-01 9.357269999999999754e-01 -1.407000000000000048e-03 -9.357280000000000042e-01 -3.527230000000000087e-01 3.999999999999999819e-06
5.000000000000000000e+00 2.500000000000000000e+01 5.500000000000000000e+01 0.000000000000000000e+00 1.600000000000000089e+00 -3.970000000000000005e-04 -1.060000000000000016e-04 -1.000000000000000000e+00 -1.063200000000000083e-02 -9.999430000000000263e-01 1.100000000000000039e-04 -9.999430000000000263e-01 1.063200000000000083e-02 3.959999999999999762e-04
1.200000000000000000e+01 2.500000000000000000e+01 5.500000000000000000e+01 0.000000000000000000e+00 1.600000000000000089e+00 9.899999999999999404e-05 2.436999999999999930e-03 -9.999970000000000248e-01 -9.440999999999999739e-03 -9.999519999999999520e-01 -2.436999999999999930e-03 -9.999550000000000383e-01 9.440999999999999739e-03 -7.600000000000000418e-05
1.900000000000000000e+01 2.500000000000000000e+01 5.500000000000000000e+01 0.000000000000000000e+00 1.600000000000000089e+00 -3.519999999999999908e-04 -4.000000000000000083e-03 -9.999919999999999920e-01 -1.111099999999999935e-02 -9.999299999999999855e-01 4.003999999999999747e-03 -9.999379999999999935e-01 1.111200000000000035e-02 3.080000000000000055e-04
2.300000000000000000e+01 2.500000000000000000e+01 5.500000000000000000e+01 0.000000000000000000e+00 1.600000000000000089e+00 -3.980000000000000248e-04 3.778000000000000108e-03 -9.999930000000000208e-01 -1.198199999999999960e-02 -9.999209999999999487e-01 -3.772999999999999878e-03 -9.999280000000000390e-01 1.197999999999999933e-02 4.429999999999999802e-04
2.600000000000000000e+01 2.500000000000000000e+01 5.500000000000000000e+01 0.000000000000000000e+00 1.600000000000000089e+00 -4.180000000000000230e-04 3.282999999999999894e-03 -9.999949999999999672e-01 -1.204900000000000068e-02 -9.999219999999999775e-01 -3.276999999999999965e-03 -9.999270000000000103e-01 1.204700000000000042e-02 4.580000000000000195e-04
6.000000000000000000e+00 7.000000000000000000e+00 6.000000000000000000e+01 0.000000000000000000e+00 1.600000000000000089e+00 1.330000000000000073e-04 5.760000000000000363e-03 9.999829999999999552e-01 5.656740000000000101e-01 -8.246160000000000156e-01 4.675000000000000336e-03 8.246289999999999454e-01 5.656639999999999446e-01 -3.367999999999999900e-03
1.000000000000000000e+01 7.000000000000000000e+00 6.000000000000000000e+01 0.000000000000000000e+00 1.600000000000000089e+00 4.065000000000000037e-03 3.818000000000000213e-03 9.999839999999999840e-01 5.622580000000000355e-01 -8.269609999999999461e-01 8.720000000000000537e-04 8.269520000000000204e-01 5.622460000000000235e-01 -5.507999999999999875e-03
2.900000000000000000e+01 7.000000000000000000e+00 6.000000000000000000e+01 0.000000000000000000e+00 1.600000000000000089e+00 -3.226000000000000135e-03 2.736000000000000151e-03 9.999909999999999632e-01 5.651300000000000212e-01 -8.249919999999999476e-01 4.081000000000000426e-03 8.249950000000000339e-01 5.651380000000000292e-01 1.115000000000000106e-03
8.000000000000000000e+00 2.100000000000000000e+01 6.000000000000000000e+01 0.000000000000000000e+00 1.600000000000000089e+00 -7.269999999999999987e-04 8.630000000000000518e-04 9.999989999999999712e-01 -9.750100000000000433e-02 9.952349999999999808e-01 -9.290000000000000297e-04 -9.952349999999999808e-01 -9.750200000000000533e-02 -6.390000000000000280e-04
1.200000000000000000e+01 2.100000000000000000e+01 6.000000000000000000e+01 0.000000000000000000e+00 1.600000000000000089e+00 -2.359999999999999902e-04 2.376000000000000074e-03 9.999970000000000248e-01 -9.704400000000000526e-02 9.952769999999999673e-01 -2.386999999999999799e-03 -9.952800000000000535e-01 -9.704400000000000526e-02 -5.000000000000000409e-06
2.800000000000000000e+01 2.100000000000000000e+01 6.000000000000000000e+01 0.000000000000000000e+00 1.600000000000000089e+00 -1.167000000000000069e-03 -1.771899999999999864e-02 9.998420000000000085e-01 -9.435599999999999543e-02 9.953840000000000465e-01 1.753000000000000044e-02 -9.955380000000000340e-01 -9.432100000000000206e-02 -2.834000000000000147e-03
1.700000000000000000e+01 4.000000000000000000e+00 6.200000000000000000e+01 0.000000000000000000e+00 1.600000000000000089e+00 -2.990000000000000036e-04 8.108000000000000623e-03 9.999670000000000503e-01 -6.168029999999999902e-01 7.870899999999999563e-01 -6.565999999999999788e-03 -7.871179999999999843e-01 -6.167850000000000277e-01 4.766000000000000271e-03
6.000000000000000000e+00 2.700000000000000000e+01 6.300000000000000000e+01 0.000000000000000000e+00 1.600000000000000089e+00 -2.108000000000000065e-03 8.580000000000000387e-04 9.999970000000000248e-01 -2.771230000000000082e-01 9.608330000000000481e-01 -1.407999999999999963e-03 -9.608320000000000194e-01 -2.771250000000000102e-01 -1.788000000000000093e-03
1.200000000000000000e+01 2.700000000000000000e+01 6.300000000000000000e+01 0.000000000000000000e+00 1.600000000000000089e+00 2.214999999999999955e-03 -1.438000000000000042e-03 9.999959999999999960e-01 -2.713220000000000076e-01 9.624869999999999814e-01 1.984999999999999785e-03 -9.624859999999999527e-01 -2.713260000000000116e-01 1.740999999999999926e-03
1.800000000000000000e+01 2.700000000000000000e+01 6.300000000000000000e+01 0.000000000000000000e+00 1.600000000000000089e+00 1.781000000000000031e-03 -8.063999999999999987e-03 9.999660000000000215e-01 -2.766710000000000003e-01 9.609290000000000331e-01 8.241999999999999327e-03 -9.609630000000000116e-01 -2.766759999999999775e-01 -5.199999999999999544e-04
2.300000000000000000e+01 2.700000000000000000e+01 6.300000000000000000e+01 0.000000000000000000e+00 1.600000000000000089e+00 -1.019999999999999992e-04 2.007999999999999802e-03 9.999980000000000535e-01 -2.748590000000000200e-01 9.614829999999999766e-01 -1.958000000000000105e-03 -9.614850000000000341e-01 -2.748579999999999912e-01 4.530000000000000064e-04
2.900000000000000000e+01 2.700000000000000000e+01 6.300000000000000000e+01 0.000000000000000000e+00 1.600000000000000089e+00 -1.165000000000000020e-03 -3.275000000000000133e-03 9.999940000000000495e-01 -2.719039999999999790e-01 9.623199999999999532e-01 2.834999999999999847e-03 -9.623239999999999572e-01 -2.718990000000000018e-01 -2.011000000000000201e-03
2.000000000000000000e+00 2.600000000000000000e+01 6.400000000000000000e+01 0.000000000000000000e+00 1.600000000000000089e+00 -1.477999999999999930e-03 1.696999999999999941e-03 9.999970000000000248e-01 -3.469220000000000081e-01 9.378919999999999479e-01 -2.103999999999999967e-03 -9.378929999999999767e-01 -3.469240000000000101e-01 -7.969999999999999654e-04
6.000000000000000000e+00 2.600000000000000000e+01 6.400000000000000000e+01 0.000000000000000000e+00 1.600000000000000089e+00 -2.958000000000000126e-03 3.200000000000000262e-04 9.999959999999999960e-01 -3.436370000000000258e-01 9.391019999999999923e-01 -1.317000000000000028e-03 -9.390979999999999883e-01 -3.436389999999999723e-01 -2.667999999999999799e-03
1.200000000000000000e+01 2.600000000000000000e+01 6.400000000000000000e+01 0.000000000000000000e+00 1.600000000000000089e+00 1.940000000000000101e-03 -3.641999999999999838e-03 9.999909999999999632e-01 -3.405750000000000166e-01 9.402080000000000437e-01 4.085000000000000089e-03 -9.402150000000000230e-01 -3.405799999999999939e-01 5.839999999999999922e-04
1.700000000000000000e+01 2.600000000000000000e+01 6.400000000000000000e+01 0.000000000000000000e+00 1.600000000000000089e+00 3.550000000000000204e-03 -1.019899999999999973e-02 9.999419999999999975e-01 -3.442040000000000100e-01 9.388330000000000286e-01 1.079800000000000031e-02 -9.388879999999999448e-01 -3.442219999999999724e-01 -1.779999999999999898e-04
2.400000000000000000e+01 2.600000000000000000e+01 6.400000000000000000e+01 0.000000000000000000e+00 1.600000000000000089e+00 -1.381000000000000066e-03 1.252000000000000075e-03 9.999980000000000535e-01 -3.446960000000000024e-01 9.387130000000000196e-01 -1.650999999999999907e-03 -9.387130000000000196e-01 -3.446980000000000044e-01 -8.649999999999999920e-04
4.000000000000000000e+00 6.900000000000000000e+01 6.600000000000000000e+01 0.000000000000000000e+00 1.600000000000000089e+00 -1.345999999999999974e-03 4.287000000000000012e-03 9.999900000000000455e-01 -9.506900000000000350e-01 3.101309999999999900e-01 -2.609000000000000208e-03 -3.101389999999999980e-01 -9.506839999999999735e-01 3.657999999999999793e-03
1.100000000000000000e+01 2.500000000000000000e+01 7.300000000000000000e+01 0.000000000000000000e+00 1.600000000000000089e+00 5.956999999999999622e-03 -1.856000000000000011e-03 9.999799999999999800e-01 7.410940000000000305e-01 -6.713780000000000303e-01 -5.661000000000000233e-03 6.713750000000000551e-01 7.411130000000000217e-01 -2.624000000000000030e-03
1.900000000000000000e+01 2.500000000000000000e+01 7.300000000000000000e+01 0.000000000000000000e+00 1.600000000000000089e+00 -1.309000000000000051e-03 2.575000000000000032e-03 9.999959999999999960e-01 7.409900000000000375e-01 -6.715100000000000513e-01 2.699000000000000010e-03 6.715140000000000553e-01 7.409909999999999553e-01 -1.028999999999999967e-03
2.500000000000000000e+01 2.500000000000000000e+01 7.300000000000000000e+01 0.000000000000000000e+00 1.600000000000000089e+00 -8.750000000000000182e-04 3.681999999999999943e-03 9.999930000000000208e-01 7.456709999999999727e-01 -6.663069999999999826e-01 3.105999999999999820e-03 6.663130000000000441e-01 7.456690000000000262e-01 -2.161999999999999859e-03
3.000000000000000000e+01 2.500000000000000000e+01 7.300000000000000000e+01 0.000000000000000000e+00 1.600000000000000089e+00 2.288999999999999802e-03 5.147999999999999798e-03 9.999839999999999840e-01 7.501299999999999635e-01 -6.612890000000000157e-01 1.686999999999999915e-03 6.612869999999999582e-01 7.501139999999999475e-01 -5.375999999999999703e-03
7.000000000000000000e+00 4.400000000000000000e+01 7.300000000000000000e+01 0.000000000000000000e+00 1.600000000000000089e+00 1.294999999999999927e-03 4.849000000000000012e-03 9.999869999999999592e-01 3.731199999999999795e-02 -9.992919999999999581e-01 4.797000000000000049e-03 9.993030000000000523e-01 3.730499999999999788e-02 -1.474999999999999966e-03
1.300000000000000000e+01 4.400000000000000000e+01 7.300000000000000000e+01 0.000000000000000000e+00 1.600000000000000089e+00 2.942000000000000171e-03 1.788000000000000093e-03 9.999940000000000495e-01 3.992199999999999915e-02 -9.992010000000000058e-01 1.668999999999999911e-03 9.991980000000000306e-01 3.991700000000000109e-02 -3.010999999999999788e-03
1.700000000000000000e+01 4.400000000000000000e+01 7.300000000000000000e+01 0.000000000000000000e+00 1.600000000000000089e+00 4.571999999999999675e-03 2.727999999999999956e-03 9.999860000000000415e-01 4.351900000000000213e-02 -9.990489999999999648e-01 2.527000000000000166e-03 9.990419999999999856e-01 4.350699999999999706e-02 -4.686000000000000061e-03
2.000000000000000000e+01 4.400000000000000000e+01 7.300000000000000000e+01 0.000000000000000000e+00 1.600000000000000089e+00 2.211999999999999991e-03 1.623000000000000094e-03 9.999959999999999960e-01 4.580399999999999749e-02 -9.989489999999999759e-01 1.520000000000000084e-03 9.989479999999999471e-01 4.580000000000000043e-02 -2.284000000000000006e-03
