7.000000000000000000e+00 2.500000000000000000e+01 1.000000000000000000e+00 0.000000000000000000e+00 1.600000000000000089e+00 9.299999999999999727e-05 -7.872000000000000525e-03 -9.999689999999999968e-01 -5.280259999999999954e-01 -8.492020000000000124e-01 6.636000000000000405e-03 -8.492279999999999829e-01 5.280089999999999506e-01 -4.235000000000000049e-03
5.000000000000000000e+00 1.500000000000000000e+01 4.000000000000000000e+00 0.000000000000000000e+00 1.600000000000000089e+00 -2.269000000000000183e-03 -7.718000000000000034e-03 9.999679999999999680e-01 3.122739999999999960e-01 -9.499689999999999523e-01 -6.623000000000000415e-03 9.499889999999999723e-01 3.122489999999999988e-01 4.564999999999999614e-03
1.000000000000000000e+01 1.500000000000000000e+01 4.000000000000000000e+00 0.000000000000000000e+00 1.600000000000000089e+00 1.679999999999999907e-04 -4.232999999999999784e-03 9.999909999999999632e-01 3.137469999999999981e-01 -9.494979999999999531e-01 -4.072000000000000099e-03 9.495059999999999611e-01 3.137449999999999961e-01 1.167999999999999984e-03
1.600000000000000000e+01 1.500000000000000000e+01 4.000000000000000000e+00 0.000000000000000000e+00 1.600000000000000089e+00 -4.255000000000000102e-03 -6.019999999999999961e-04 9.999909999999999632e-01 3.154939999999999967e-01 -9.489269999999999650e-01 7.709999999999999840e-04 9.489180000000000392e-01 3.154939999999999967e-01 4.227999999999999987e-03
2.300000000000000000e+01 1.500000000000000000e+01 4.000000000000000000e+00 0.000000000000000000e+00 1.600000000000000089e+00 -2.275999999999999811e-03 1.226000000000000093e-03 9.999970000000000248e-01 3.125580000000000025e-01 -9.498969999999999914e-01 1.876000000000000063e-03 9.498959999999999626e-01 3.125620000000000065e-01 1.778999999999999982e-03
2.800000000000000000e+01 1.500000000000000000e+01 4.000000000000000000e+00 0.000000000000000000e+00 1.600000000000000089e+00 -3.667999999999999820e-03 7.243999999999999571e-03 9.999670000000000503e-01 3.158619999999999761e-01 -9.487710000000000310e-01 8.031999999999999210e-03 9.487980000000000302e-01 3.158810000000000229e-01 1.193000000000000050e-03
4.000000000000000000e+00 2.500000000000000000e+01 8.000000000000000000e+00 0.000000000000000000e+00 1.600000000000000089e+00 -1.075999999999999917e-03 6.091000000000000060e-03 -9.999810000000000088e-01 4.446860000000000257e-01 8.956730000000000524e-01 4.976999999999999653e-03 8.956859999999999822e-01 -4.446720000000000117e-01 -3.673000000000000050e-03
1.000000000000000000e+01 2.500000000000000000e+01 8.000000000000000000e+00 0.000000000000000000e+00 1.600000000000000089e+00 1.598999999999999944e-03 5.440999999999999656e-03 -9.999839999999999840e-01 4.463429999999999898e-01 8.948450000000000015e-01 5.582000000000000156e-03 8.948610000000000175e-01 -4.463449999999999918e-01 -9.979999999999999722e-04
1.700000000000000000e+01 2.500000000000000000e+01 8.000000000000000000e+00 0.000000000000000000e+00 1.600000000000000089e+00 1.090000000000000067e-04 -4.879999999999999898e-04 -1.000000000000000000e+00 4.443320000000000047e-01 8.958620000000000472e-01 -3.879999999999999985e-04 8.958620000000000472e-01 -4.443320000000000047e-01 3.150000000000000131e-04
2.500000000000000000e+01 2.500000000000000000e+01 8.000000000000000000e+00 0.000000000000000000e+00 1.600000000000000089e+00 -2.454000000000000018e-03 -4.328000000000000250e-03 -9.999879999999999880e-01 4.450589999999999824e-01 8.954879999999999507e-01 -4.968000000000000194e-03 8.954980000000000162e-01 -4.450649999999999884e-01 -2.709999999999999735e-04
2.800000000000000000e+01 2.500000000000000000e+01 8.000000000000000000e+00 0.000000000000000000e+00 1.600000000000000089e+00 -1.912000000000000071e-03 -3.775000000000000144e-03 -9.999909999999999632e-01 4.441590000000000260e-01 8.959380000000000122e-01 -4.231999999999999651e-03 8.959460000000000202e-01 -4.441629999999999745e-01 -3.699999999999999811e-05
4.000000000000000000e+00 2.400000000000000000e+01 9.000000000000000000e+00 0.000000000000000000e+00 1.600000000000000089e+00 -1.495999999999999934e-03 6.429999999999999952e-03 -9.999780000000000335e-01 4.487389999999999990e-01 8.936479999999999979e-01 5.075999999999999783e-03 8.936610000000000387e-01 -4.487220000000000097e-01 -4.222000000000000058e-03
1.000000000000000000e+01 2.400000000000000000e+01 9.000000000000000000e+00 0.000000000000000000e+00 1.600000000000000089e+00 1.111000000000000008e-03 4.355999999999999629e-03 -9.999900000000000455e-01 4.509920000000000040e-01 8.925170000000000048e-01 4.388999999999999672e-03 8.925269999999999593e-01 -4.509929999999999772e-01 -9.730000000000000151e-04
1.800000000000000000e+01 2.400000000000000000e+01 9.000000000000000000e+00 0.000000000000000000e+00 1.600000000000000089e+00 -6.629999999999999609e-04 -4.403999999999999929e-03 -9.999900000000000455e-01 4.506310000000000038e-01 8.927000000000000490e-01 -4.230000000000000253e-03 8.927100000000000035e-01 -4.506299999999999750e-01 1.392999999999999924e-03
2.700000000000000000e+01 2.400000000000000000e+01 9.000000000000000000e+00 0.000000000000000000e+00 1.600000000000000089e+00 -1.456999999999999962e-03 -4.989999999999999644e-03 -9.999860000000000415e-01 4.499199999999999866e-01 8.930540000000000145e-01 -5.112000000000000224e-03 8.930679999999999730e-01 -4.499210000000000154e-01 9.439999999999999607e-04
1.000000000000000000e+01 5.000000000000000000e+00 1.200000000000000000e+01 0.000000000000000000e+00 1.600000000000000089e+00 1.290499999999999980e-02 -1.192129999999999995e-01 9.927850000000000286e-01 -2.325889999999999902e-01 9.652760000000000229e-01 1.189339999999999981e-01 -9.724890000000000478e-01 -2.324460000000000137e-01 -1.527099999999999985e-02
5.000000000000000000e+00 3.100000000000000000e+01 1.200000000000000000e+01 0.000000000000000000e+00 1.600000000000000089e+00 2.645999999999999915e-03 -8.800000000000000530e-03 9.999580000000000135e-01 4.218999999999999660e-03 9.999519999999999520e-01 8.788999999999999937e-03 -9.999879999999999880e-01 4.196000000000000077e-03 2.683000000000000055e-03
1.100000000000000000e+01 3.100000000000000000e+01 1.200000000000000000e+01 0.000000000000000000e+00 1.600000000000000089e+00 7.010000000000000172e-04 7.299999999999999903e-05 1.000000000000000000e+00 8.570000000000000144e-04 1.000000000000000000e+00 -7.299999999999999903e-05 -9.999989999999999712e-01 8.570000000000000144e-04 7.010000000000000172e-04
1.900000000000000000e+01 3.100000000000000000e+01 1.200000000000000000e+01 0.000000000000000000e+00 1.600000000000000089e+00 -1.224000000000000045e-03 -1.342000000000000094e-03 9.999980000000000535e-01 2.509999999999999753e-04 9.999989999999999712e-01 1.342000000000000094e-03 -9.999989999999999712e-01 2.519999999999999996e-04 -1.224000000000000045e-03
3.000000000000000000e+01 3.100000000000000000e+01 1.200000000000000000e+01 0.000000000000000000e+00 1.600000000000000089e+00 8.360000000000000460e-04 -4.068999999999999700e-03 9.999909999999999632e-01 -2.945000000000000135e-03 9.999869999999999592e-01 4.070999999999999966e-03 -9.999949999999999672e-01 -2.948999999999999799e-03 8.239999999999999712e-04
1.400000000000000000e+01 3.200000000000000000e+01 1.400000000000000000e+01 0.000000000000000000e+00 1.600000000000000089e+00 1.216999999999999983e-03 2.072000000000000057e-03 -9.999970000000000248e-01 1.033560000000000034e-01 9.946420000000000261e-01 2.187000000000000142e-03 9.946439999999999726e-01 -1.033590000000000064e-01 9.959999999999999236e-04
2.300000000000000000e+01 3.200000000000000000e+01 1.400000000000000000e+01 0.000000000000000000e+00 1.600000000000000089e+00 -1.670999999999999959e-03 -8.439000000000000321e-03 -9.999630000000000463e-01 1.041969999999999980e-01 9.945199999999999596e-01 -8.567999999999999228e-03 9.945549999999999669e-01 -1.042069999999999941e-01 -7.820000000000000345e-04
2.000000000000000000e+00 1.200000000000000000e+01 1.500000000000000000e+01 0.000000000000000000e+00 1.600000000000000089e+00 1.677000000000000105e-03 6.131000000000000165e-03 -9.999799999999999800e-01 -4.677299999999999791e-01 -8.838500000000000245e-01 -6.203000000000000180e-03 -8.838700000000000445e-01 4.677310000000000079e-01 1.384999999999999946e-03
8.000000000000000000e+00 1.200000000000000000e+01 1.500000000000000000e+01 0.000000000000000000e+00 1.600000000000000089e+00 8.930000000000000221e-04 1.830999999999999945e-03 -9.999980000000000535e-01 -4.726079999999999726e-01 -8.812710000000000266e-01 -2.036000000000000049e-03 -8.812720000000000553e-01 4.726079999999999726e-01 7.899999999999999579e-05
1.500000000000000000e+01 1.200000000000000000e+01 1.500000000000000000e+01 0.000000000000000000e+00 1.600000000000000089e+00 1.860000000000000108e-03 3.717999999999999951e-03 -9.999909999999999632e-01 -4.695889999999999787e-01 -8.828749999999999654e-01 -4.157000000000000105e-03 -8.828829999999999734e-01 4.695929999999999827e-01 1.039999999999999936e-04
2.100000000000000000e+01 1.200000000000000000e+01 1.500000000000000000e+01 0.000000000000000000e+00 1.600000000000000089e+00 8.499999999999999526e-04 4.342999999999999639e-03 -9.999900000000000455e-01 -4.696569999999999911e-01 -8.828390000000000404e-01 -4.233999999999999916e-03 -8.828489999999999949e-01 4.696560000000000179e-01 1.288999999999999998e-03
2.400000000000000000e+01 1.200000000000000000e+01 1.500000000000000000e+01 0.000000000000000000e+00 1.600000000000000089e+00 -1.090999999999999956e-03 7.315999999999999587e-03 -9.999730000000000008e-01 -4.661179999999999768e-01 -8.847030000000000172e-01 -5.963999999999999684e-03 -8.847220000000000084e-01 4.660980000000000123e-01 4.375000000000000416e-03
2.900000000000000000e+01 1.200000000000000000e+01 1.500000000000000000e+01 0.000000000000000000e+00 1.600000000000000089e+00 -5.180000000000000143e-04 5.152999999999999595e-03 -9.999869999999999592e-01 -4.592530000000000223e-01 -8.882949999999999458e-01 -4.340000000000000108e-03 -8.883050000000000113e-01 4.592450000000000143e-01 2.827000000000000086e-03
1.000000000000000000e+00 1.160000000000000000e+02 1.600000000000000000e+01 0.000000000000000000e+00 1.600000000000000089e+00 3.805999999999999921e-03 8.503999999999999407e-03 9.999569999999999848e-01 7.731449999999999712e-01 6.341740000000000155e-01 -8.335999999999999660e-03 -6.342170000000000307e-01 7.731440000000000534e-01 -4.161999999999999901e-03
1.500000000000000000e+01 1.160000000000000000e+02 1.600000000000000000e+01 0.000000000000000000e+00 1.600000000000000089e+00 -2.722000000000000027e-03 -1.961000000000000069e-03 9.999940000000000495e-01 8.063470000000000359e-01 5.914329999999999865e-01 3.354999999999999909e-03 -5.914359999999999618e-01 8.063519999999999577e-01 -2.799999999999999958e-05
2.200000000000000000e+01 1.160000000000000000e+02 1.600000000000000000e+01 0.000000000000000000e+00 1.600000000000000089e+00 -1.289999999999999914e-04 3.159999999999999832e-04 1.000000000000000000e+00 7.435810000000000475e-01 6.686459999999999626e-01 -1.160000000000000007e-04 -6.686459999999999626e-01 7.435810000000000475e-01 -3.209999999999999963e-04
2.700000000000000000e+01 1.160000000000000000e+02 1.600000000000000000e+01 0.000000000000000000e+00 1.600000000000000089e+00 -2.970000000000000092e-04 2.825999999999999953e-03 9.999959999999999960e-01 7.534889999999999644e-01 6.574590000000000156e-01 -1.634999999999999952e-03 -6.574609999999999621e-01 7.534849999999999604e-01 -2.324999999999999810e-03
2.000000000000000000e+00 2.000000000000000000e+00 1.900000000000000000e+01 0.000000000000000000e+00 1.600000000000000089e+00 4.479999999999999933e-04 -5.869000000000000085e-03 -9.999829999999999552e-01 2.167920000000000125e-01 -9.761999999999999567e-01 5.826999999999999715e-03 -9.762180000000000302e-01 -2.167910000000000115e-01 8.350000000000000217e-04
8.000000000000000000e+00 2.000000000000000000e+00 1.900000000000000000e+01 0.000000000000000000e+00 1.600000000000000089e+00 -8.472999999999999629e-03 4.342000000000000373e-03 -9.999550000000000383e-01 2.186210000000000098e-01 -9.757909999999999640e-01 -6.088999999999999795e-03 -9.757730000000000015e-01 -2.186629999999999963e-01 7.317999999999999852e-03
1.400000000000000000e+01 2.000000000000000000e+00 1.900000000000000000e+01 0.000000000000000000e+00 1.600000000000000089e+00 -1.218299999999999939e-02 1.034400000000000076e-02 -9.998719999999999830e-01 2.356689999999999896e-01 -9.717470000000000274e-01 -1.292500000000000072e-02 -9.717569999999999819e-01 -2.357960000000000056e-01 9.400999999999999635e-03
1.800000000000000000e+01 2.000000000000000000e+00 1.900000000000000000e+01 0.000000000000000000e+00 1.600000000000000089e+00 -5.794999999999999804e-03 2.589100000000000082e-02 -9.996479999999999810e-01 2.404169999999999918e-01 -9.703070000000000306e-01 -2.652499999999999997e-02 -9.706519999999999593e-01 -2.404860000000000053e-01 -6.019999999999999961e-04
2.700000000000000000e+01 2.000000000000000000e+00 1.900000000000000000e+01 0.000000000000000000e+00 1.600000000000000089e+00 2.471800000000000039e-02 5.766199999999999798e-02 -9.980299999999999727e-01 2.316290000000000016e-01 -9.714979999999999727e-01 -5.039199999999999929e-02 -9.724899999999999656e-01 -2.299269999999999925e-01 -3.737000000000000044e-02
3.000000000000000000e+00 4.000000000000000000e+00 2.000000000000000000e+01 0.000000000000000000e+00 1.600000000000000089e+00 2.556000000000000112e-03 -3.919999999999999873e-03 -9.999890000000000168e-01 3.379750000000000254e-01 -9.411439999999999806e-01 4.552999999999999756e-03 -9.411519999999999886e-01 -3.379829999999999779e-01 -1.080000000000000014e-03
6.000000000000000000e+00 1.300000000000000000e+01 2.000000000000000000e+01 0.000000000000000000e+00 1.600000000000000089e+00 -1.526000000000000013e-03 -2.092999999999999809e-03 9.999970000000000248e-01 2.633829999999999782e-01 9.646879999999999900e-01 2.420999999999999975e-03 -9.646900000000000475e-01 2.633860000000000090e-01 -9.210000000000000521e-04
1.200000000000000000e+01 1.300000000000000000e+01 2.000000000000000000e+01 0.000000000000000000e+00 1.600000000000000089e+00 1.814999999999999990e-03 -1.770000000000000089e-03 9.999970000000000248e-01 2.640839999999999854e-01 9.644989999999999952e-01 1.227000000000000009e-03 -9.644979999999999665e-01 2.640810000000000102e-01 2.217999999999999920e-03
1.800000000000000000e+01 1.300000000000000000e+01 2.000000000000000000e+01 0.000000000000000000e+00 1.600000000000000089e+00 -8.180000000000000422e-04 -3.158999999999999916e-03 9.999949999999999672e-01 2.659210000000000185e-01 9.639889999999999848e-01 3.262999999999999842e-03 -9.639940000000000175e-01 2.659230000000000205e-01 5.099999999999999960e-05
2.700000000000000000e+01 1.300000000000000000e+01 2.000000000000000000e+01 0.000000000000000000e+00 1.600000000000000089e+00 -1.359999999999999989e-04 2.252999999999999794e-03 9.999970000000000248e-01 2.644219999999999904e-01 9.644049999999999567e-01 -2.135999999999999878e-03 -9.644070000000000142e-01 2.644210000000000171e-01 -7.269999999999999987e-04
8.000000000000000000e+00 3.000000000000000000e+00 2.500000000000000000e+01 0.000000000000000000e+00 1.600000000000000089e+00 -2.769999999999999893e-03 -3.792999999999999931e-03 9.999890000000000168e-01 -2.227000000000000160e-02 -9.997449999999999948e-01 -3.853999999999999787e-03 9.997479999999999700e-01 -2.228000000000000119e-02 2.684999999999999887e-03
1.400000000000000000e+01 3.000000000000000000e+00 2.500000000000000000e+01 0.000000000000000000e+00 1.600000000000000089e+00 -2.811000000000000131e-03 3.495999999999999976e-03 9.999900000000000455e-01 -1.741499999999999992e-02 -9.998420000000000085e-01 3.446999999999999977e-03 9.998439999999999550e-01 -1.740500000000000033e-02 2.870999999999999854e-03
1.800000000000000000e+01 3.000000000000000000e+00 2.500000000000000000e+01 0.000000000000000000e+00 1.600000000000000089e+00 2.750999999999999973e-03 8.869000000000000147e-03 9.999569999999999848e-01 -2.018199999999999855e-02 -9.997570000000000068e-01 8.921999999999999376e-03 9.997930000000000428e-01 -2.020500000000000074e-02 -2.572000000000000067e-03
7.000000000000000000e+00 4.600000000000000000e+01 2.700000000000000000e+01 0.000000000000000000e+00 1.600000000000000089e+00 -3.095000000000000095e-03 1.164000000000000104e-03 -9.999949999999999672e-01 6.668469999999999676e-01 7.451940000000000230e-01 -1.196999999999999930e-03 7.451889999999999903e-01 -6.668469999999999676e-01 -3.082000000000000104e-03
1.700000000000000000e+01 4.600000000000000000e+01 2.700000000000000000e+01 0.000000000000000000e+00 1.600000000000000089e+00 1.262000000000000101e-03 6.009999999999999717e-04 -9.999989999999999712e-01 6.718039999999999567e-01 7.407280000000000530e-01 1.293000000000000095e-03 7.407280000000000530e-01 -6.718049999999999855e-01 5.310000000000000050e-04
6.000000000000000000e+00 4.600000000000000000e+01 3.000000000000000000e+01 0.000000000000000000e+00 1.600000000000000089e+00 -3.054999999999999990e-03 -1.198000000000000063e-03 -9.999949999999999672e-01 3.156109999999999749e-01 9.488860000000000072e-01 -2.101000000000000003e-03 9.488839999999999497e-01 -3.156160000000000077e-01 -2.520999999999999804e-03
1.000000000000000000e+01 4.600000000000000000e+01 3.000000000000000000e+01 0.000000000000000000e+00 1.600000000000000089e+00 -2.158999999999999895e-03 3.589999999999999984e-04 -9.999980000000000535e-01 3.160290000000000044e-01 9.487489999999999535e-01 -3.409999999999999945e-04 9.487470000000000070e-01 -3.160290000000000044e-01 -2.161999999999999859e-03
5.000000000000000000e+00 5.800000000000000000e+01 3.100000000000000000e+01 0.000000000000000000e+00 1.600000000000000089e+00 -3.519999999999999908e-04 3.229999999999999907e-04 1.000000000000000000e+00 -7.886020000000000252e-01 -6.149040000000000061e-01 -7.899999999999999579e-05 6.149040000000000061e-01 -7.886020000000000252e-01 4.710000000000000102e-04
1.000000000000000000e+01 5.800000000000000000e+01 3.100000000000000000e+01 0.000000000000000000e+00 1.600000000000000089e+00 1.448999999999999984e-03 1.794999999999999938e-03 9.999970000000000248e-01 -7.897420000000000551e-01 -6.134349999999999525e-01 2.245000000000000034e-03 6.134370000000000100e-01 -7.897429999999999728e-01 5.289999999999999564e-04
1.600000000000000000e+01 5.800000000000000000e+01 3.100000000000000000e+01 0.000000000000000000e+00 1.600000000000000089e+00 1.428000000000000016e-03 4.226999999999999855e-03 9.999900000000000455e-01 -7.872810000000000086e-01 -6.165829999999999922e-01 3.730999999999999941e-03 6.165920000000000289e-01 -7.872789999999999511e-01 2.446999999999999956e-03
2.200000000000000000e+01 5.800000000000000000e+01 3.100000000000000000e+01 0.000000000000000000e+00 1.600000000000000089e+00 2.069999999999999900e-04 -7.640000000000000306e-04 1.000000000000000000e+00 -7.832459999999999978e-01 -6.217120000000000424e-01 -3.130000000000000187e-04 6.217120000000000424e-01 -7.832449999999999690e-01 -7.269999999999999987e-04
2.900000000000000000e+01 5.800000000000000000e+01 3.100000000000000000e+01 0.000000000000000000e+00 1.600000000000000089e+00 3.130000000000000187e-04 7.998999999999999166e-03 9.999679999999999680e-01 -7.770759999999999890e-01 -6.293840000000000545e-01 5.277999999999999706e-03 6.294060000000000210e-01 -7.770529999999999937e-01 6.019000000000000045e-03
3.000000000000000000e+00 4.600000000000000000e+01 3.500000000000000000e+01 0.000000000000000000e+00 1.600000000000000089e+00 -1.962999999999999901e-03 1.126999999999999964e-03 -9.999970000000000248e-01 3.895410000000000261e-01 -9.210070000000000201e-01 -1.801999999999999999e-03 -9.210070000000000201e-01 -3.895440000000000014e-01 1.368999999999999991e-03
5.000000000000000000e+00 4.600000000000000000e+01 3.500000000000000000e+01 0.000000000000000000e+00 1.600000000000000089e+00 -1.505000000000000044e-03 2.991999999999999868e-03 -9.999940000000000495e-01 3.895859999999999879e-01 -9.209840000000000249e-01 -3.341999999999999919e-03 -9.209889999999999466e-01 -3.895890000000000186e-01 2.200000000000000078e-04
1.500000000000000000e+01 4.600000000000000000e+01 3.500000000000000000e+01 0.000000000000000000e+00 1.600000000000000089e+00 -3.770000000000000022e-04 2.255000000000000060e-03 -9.999970000000000248e-01 3.907880000000000242e-01 -9.204780000000000184e-01 -2.223000000000000149e-03 -9.204809999999999937e-01 -3.907869999999999955e-01 -5.339999999999999695e-04
1.800000000000000000e+01 4.600000000000000000e+01 3.500000000000000000e+01 0.000000000000000000e+00 1.600000000000000089e+00 -4.459999999999999989e-04 -1.472999999999999917e-03 -9.999989999999999712e-01 3.908300000000000107e-01 -9.204620000000000024e-01 1.182000000000000108e-03 -9.204630000000000312e-01 -3.908289999999999820e-01 9.859999999999998974e-04
2.300000000000000000e+01 4.600000000000000000e+01 3.500000000000000000e+01 0.000000000000000000e+00 1.600000000000000089e+00 6.170000000000000354e-04 7.249999999999999500e-04 -1.000000000000000000e+00 3.911800000000000277e-01 -9.203139999999999654e-01 -4.260000000000000006e-04 -9.203139999999999654e-01 -3.911789999999999989e-01 -8.509999999999999769e-04
2.600000000000000000e+01 4.600000000000000000e+01 3.500000000000000000e+01 0.000000000000000000e+00 1.600000000000000089e+00 -1.299999999999999920e-05 2.399000000000000091e-03 -9.999970000000000248e-01 3.911709999999999909e-01 -9.203149999999999942e-01 -2.213000000000000123e-03 -9.203179999999999694e-01 -3.911700000000000177e-01 -9.259999999999999568e-04
3.000000000000000000e+01 4.600000000000000000e+01 3.500000000000000000e+01 0.000000000000000000e+00 1.600000000000000089e+00 1.100000000000000039e-04 -3.318999999999999902e-03 -9.999940000000000495e-01 3.914590000000000014e-01 -9.201899999999999524e-01 3.098000000000000059e-03 -9.201960000000000139e-01 -3.914569999999999994e-01 1.198000000000000063e-03
2.000000000000000000e+00 3.000000000000000000e+00 4.300000000000000000e+01 0.000000000000000000e+00 1.600000000000000089e+00 -3.193000000000000092e-03 -1.872000000000000053e-02 -9.998200000000000420e-01 7.380299999999999638e-01 -6.746900000000000119e-01 1.027600000000000041e-02 -6.747600000000000264e-01 -7.378639999999999644e-01 1.597099999999999909e-02
1.600000000000000000e+01 3.000000000000000000e+00 4.300000000000000000e+01 0.000000000000000000e+00 1.600000000000000089e+00 -1.210000000000000002e-04 -9.742000000000000659e-03 -9.999529999999999808e-01 7.408460000000000045e-01 -6.716440000000000188e-01 6.453999999999999668e-03 -6.716750000000000220e-01 -7.408099999999999685e-01 7.297999999999999800e-03
2.200000000000000000e+01 3.000000000000000000e+00 4.300000000000000000e+01 0.000000000000000000e+00 1.600000000000000089e+00 -1.081299999999999970e-02 -2.792499999999999843e-02 -9.995519999999999960e-01 7.361830000000000318e-01 -6.766940000000000177e-01 1.094099999999999934e-02 -6.766959999999999642e-01 -7.357350000000000279e-01 2.787500000000000047e-02
2.600000000000000000e+01 3.000000000000000000e+00 4.300000000000000000e+01 0.000000000000000000e+00 1.600000000000000089e+00 2.990000000000000036e-04 -3.566400000000000126e-02 -9.993640000000000301e-01 7.339630000000000321e-01 -6.787499999999999645e-01 2.444199999999999845e-02 -6.791890000000000427e-01 -7.335030000000000161e-01 2.597299999999999956e-02
3.000000000000000000e+00 8.000000000000000000e+00 4.400000000000000000e+01 0.000000000000000000e+00 1.600000000000000089e+00 1.779999999999999898e-03 -7.734000000000000423e-03 9.999679999999999680e-01 -7.834529999999999550e-01 -6.214420000000000499e-01 -3.412000000000000102e-03 6.214490000000000292e-01 -7.834219999999999517e-01 -7.165999999999999627e-03
4.000000000000000000e+00 2.900000000000000000e+01 4.400000000000000000e+01 0.000000000000000000e+00 1.600000000000000089e+00 4.000000000000000192e-04 1.466000000000000072e-03 -9.999989999999999712e-01 6.629380000000000273e-01 7.486730000000000329e-01 1.363000000000000062e-03 7.486739999999999506e-01 -6.629380000000000273e-01 -6.719999999999999628e-04
9.000000000000000000e+00 2.900000000000000000e+01 4.400000000000000000e+01 0.000000000000000000e+00 1.600000000000000089e+00 1.010999999999999963e-03 -3.789999999999999966e-04 -9.999989999999999712e-01 6.581839999999999913e-01 7.528569999999999984e-01 3.809999999999999910e-04 7.528559999999999697e-01 -6.581839999999999913e-01 1.010999999999999963e-03
1.400000000000000000e+01 2.900000000000000000e+01 4.400000000000000000e+01 0.000000000000000000e+00 1.600000000000000089e+00 6.880000000000000265e-04 -1.562999999999999936e-03 -9.999989999999999712e-01 6.513139999999999485e-01 7.588080000000000380e-01 -7.380000000000000492e-04 7.588080000000000380e-01 -6.513130000000000308e-01 1.539999999999999919e-03
2.100000000000000000e+01 2.900000000000000000e+01 4.400000000000000000e+01 0.000000000000000000e+00 1.600000000000000089e+00 -2.259999999999999910e-04 1.827000000000000065e-03 -9.999980000000000535e-01 6.481289999999999552e-01 7.615300000000000402e-01 1.245000000000000013e-03 7.615309999999999580e-01 -6.481270000000000087e-01 -1.356000000000000000e-03
2.900000000000000000e+01 2.900000000000000000e+01 4.400000000000000000e+01 0.000000000000000000e+00 1.600000000000000089e+00 -2.566000000000000138e-03 1.250999999999999942e-03 -9.999959999999999960e-01 6.472269999999999968e-01 7.622970000000000024e-01 -7.069999999999999462e-04 7.622929999999999984e-01 -6.472259999999999680e-01 -2.765999999999999796e-03
9.000000000000000000e+00 6.500000000000000000e+01 4.600000000000000000e+01 0.000000000000000000e+00 1.600000000000000089e+00 -5.950000000000000427e-04 -2.148999999999999869e-03 9.999970000000000248e-01 6.807229999999999670e-01 -7.325399999999999689e-01 -1.168999999999999900e-03 7.325409999999999977e-01 6.807199999999999918e-01 1.899000000000000080e-03
1.900000000000000000e+01 6.500000000000000000e+01 4.600000000000000000e+01 0.000000000000000000e+00 1.600000000000000089e+00 8.670000000000000406e-04 -4.211000000000000333e-03 9.999909999999999632e-01 6.820349999999999469e-01 -7.313100000000000156e-01 -3.670999999999999784e-03 7.313190000000000524e-01 6.820319999999999716e-01 2.237999999999999972e-03
1.700000000000000000e+01 7.000000000000000000e+01 4.700000000000000000e+01 0.000000000000000000e+00 1.600000000000000089e+00 -5.320000000000000293e-04 5.339999999999999695e-04 -1.000000000000000000e+00 -8.428330000000000544e-01 -5.381749999999999590e-01 1.610000000000000103e-04 -5.381749999999999590e-01 8.428330000000000544e-01 7.360000000000000006e-04
2.900000000000000000e+01 7.000000000000000000e+01 4.700000000000000000e+01 0.000000000000000000e+00 1.600000000000000089e+00 -1.311000000000000099e-03 2.978999999999999877e-03 -9.999949999999999672e-01 -8.435850000000000293e-01 -5.369960000000000289e-01 -4.939999999999999730e-04 -5.369939999999999714e-01 8.435799999999999965e-01 3.216999999999999808e-03
1.000000000000000000e+00 5.000000000000000000e+00 5.100000000000000000e+01 0.000000000000000000e+00 1.600000000000000089e+00 -1.216999999999999983e-03 -4.566999999999999879e-03 -9.999890000000000168e-01 4.753669999999999840e-01 -8.797810000000000352e-01 3.439999999999999915e-03 -8.797869999999999857e-01 -4.753580000000000028e-01 3.242000000000000090e-03
7.000000000000000000e+00 5.000000000000000000e+00 5.100000000000000000e+01 0.000000000000000000e+00 1.600000000000000089e+00 2.959999999999999849e-04 -2.142999999999999940e-03 -9.999980000000000535e-01 4.788229999999999986e-01 -8.779090000000000504e-01 2.023000000000000059e-03 -8.779109999999999969e-01 -4.788229999999999986e-01 7.659999999999999708e-04
1.000000000000000000e+01 5.000000000000000000e+00 5.100000000000000000e+01 0.000000000000000000e+00 1.600000000000000089e+00 7.389999999999999651e-04 6.068999999999999742e-03 -9.999810000000000088e-01 4.794269999999999921e-01 -8.775680000000000147e-01 -4.971999999999999857e-03 -8.775810000000000555e-01 -4.794149999999999801e-01 -3.557999999999999965e-03
1.800000000000000000e+01 5.000000000000000000e+00 5.100000000000000000e+01 0.000000000000000000e+00 1.600000000000000089e+00 7.010000000000000172e-04 -3.183000000000000065e-03 -9.999949999999999672e-01 4.724249999999999838e-01 -8.813649999999999540e-01 3.135999999999999899e-03 -8.813710000000000155e-01 -4.724249999999999838e-01 8.859999999999999603e-04
2.400000000000000000e+01 5.000000000000000000e+00 5.100000000000000000e+01 0.000000000000000000e+00 1.600000000000000089e+00 -5.740999999999999576e-03 -1.345099999999999942e-02 -9.998930000000000318e-01 4.826719999999999899e-01 -8.757549999999999502e-01 9.010000000000000647e-03 -8.757829999999999782e-01 -4.825679999999999970e-01 1.152000000000000073e-02
2.900000000000000000e+01 5.000000000000000000e+00 5.100000000000000000e+01 0.000000000000000000e+00 1.600000000000000089e+00 -5.440000000000000391e-03 -6.407000000000000368e-03 -9.999649999999999928e-01 4.854209999999999914e-01 -8.742760000000000531e-01 2.961000000000000090e-03 -8.742640000000000411e-01 -4.853879999999999861e-01 7.865999999999999728e-03
2.000000000000000000e+00 1.150000000000000000e+02 5.100000000000000000e+01 0.000000000000000000e+00 1.600000000000000089e+00 3.114000000000000015e-03 2.919999999999999961e-04 9.999949999999999672e-01 8.453119999999999523e-01 -5.342670000000000474e-01 -2.475999999999999902e-03 5.342639999999999612e-01 8.453159999999999563e-01 -1.910000000000000022e-03
1.000000000000000000e+01 7.000000000000000000e+00 5.200000000000000000e+01 0.000000000000000000e+00 1.600000000000000089e+00 1.018000000000000025e-03 1.941000000000000017e-03 -9.999980000000000535e-01 1.179499999999999993e-01 -9.930179999999999563e-01 -1.807000000000000012e-03 -9.930189999999999850e-01 -1.179479999999999973e-01 -1.240000000000000000e-03
1.500000000000000000e+01 7.000000000000000000e+00 5.200000000000000000e+01 0.000000000000000000e+00 1.600000000000000089e+00 -6.080000000000000335e-04 3.000000000000000076e-05 -1.000000000000000000e+00 9.956199999999999772e-02 -9.950309999999999988e-01 -9.000000000000000567e-05 -9.950309999999999988e-01 -9.956199999999999772e-02 6.019999999999999961e-04
2.900000000000000000e+01 7.000000000000000000e+00 5.200000000000000000e+01 0.000000000000000000e+00 1.600000000000000089e+00 -7.035999999999999720e-03 -2.334000000000000137e-03 -9.999719999999999720e-01 1.114150000000000001e-01 -9.937730000000000175e-01 1.534999999999999906e-03 -9.937489999999999934e-01 -1.114010000000000000e-01 7.252999999999999899e-03
2.000000000000000000e+00 6.300000000000000000e+01 5.400000000000000000e+01 0.000000000000000000e+00 1.600000000000000089e+00 2.991000000000000169e-03 -2.030000000000000012e-04 9.999959999999999960e-01 -3.515099999999999891e-01 9.361829999999999874e-01 1.242000000000000048e-03 -9.361789999999999834e-01 -3.515119999999999911e-01 2.729000000000000089e-03
7.000000000000000000e+00 6.300000000000000000e+01 5.400000000000000000e+01 0.000000000000000000e+00 1.600000000000000089e+00 -8.540000000000000499e-04 -6.310000000000000504e-04 9.999989999999999712e-01 -3.454200000000000048e-01 9.384479999999999489e-01 2.970000000000000092e-04 -9.384479999999999489e-01 -3.454189999999999761e-01 -1.018999999999999941e-03
1.100000000000000000e+01 6.300000000000000000e+01 5.400000000000000000e+01 0.000000000000000000e+00 1.600000000000000089e+00 -1.103999999999999947e-03 2.900000000000000017e-04 9.999989999999999712e-01 -3.418829999999999925e-01 9.397419999999999662e-01 -6.499999999999999702e-04 -9.397419999999999662e-01 -3.418840000000000212e-01 -9.389999999999999476e-04
2.100000000000000000e+01 6.300000000000000000e+01 5.400000000000000000e+01 0.000000000000000000e+00 1.600000000000000089e+00 1.420000000000000038e-03 2.455999999999999850e-03 9.999959999999999960e-01 -3.310239999999999849e-01 9.436200000000000143e-01 -1.848000000000000033e-03 -9.436210000000000431e-01 -3.310199999999999809e-01 2.152999999999999966e-03
2.700000000000000000e+01 6.300000000000000000e+01 5.400000000000000000e+01 0.000000000000000000e+00 1.600000000000000089e+00 -2.510000000000000078e-03 -1.131000000000000061e-03 9.999959999999999960e-01 -3.363349999999999951e-01 9.417429999999999968e-01 2.210000000000000050e-04 -9.417389999999999928e-01 -3.363329999999999931e-01 -2.743999999999999911e-03
6.000000000000000000e+00 2.500000000000000000e+01 5.500000000000000000e+01 0.000000000000000000e+00 1.600000000000000089e+00 -9.799999999999999684e-04 -2.893000000000000172e-03 -9.999949999999999672e-01 -1.137799999999999923e-02 -9.999310000000000143e-01 2.903999999999999897e-03 -9.999350000000000183e-01 1.137999999999999949e-02 9.470000000000000336e-04
1.400000000000000000e+01 2.500000000000000000e+01 5.500000000000000000e+01 0.000000000000000000e+00 1.600000000000000089e+00 1.814999999999999990e-03 8.614000000000000129e-03 -9.999609999999999888e-01 -1.111799999999999941e-02 -9.999010000000000398e-01 -8.633000000000000049e-03 -9.999369999999999647e-01 1.113300000000000053e-02 -1.719999999999999958e-03
2.500000000000000000e+01 2.500000000000000000e+01 5.500000000000000000e+01 0.000000000000000000e+00 1.600000000000000089e+00 -1.188999999999999953e-03 -1.232000000000000022e-03 -9.999989999999999712e-01 -9.270000000000000462e-03 -9.999559999999999560e-01 1.242999999999999964e-03 -9.999559999999999560e-01 9.272000000000000727e-03 1.178000000000000011e-03
1.200000000000000000e+01 2.100000000000000000e+01 6.000000000000000000e+01 0.000000000000000000e+00 1.600000000000000089e+00 2.232000000000000043e-03 -1.621799999999999978e-02 9.998660000000000325e-01 -9.389400000000000523e-02 9.954479999999999995e-01 1.635599999999999901e-02 -9.955800000000000205e-01 -9.391800000000000148e-02 6.999999999999999929e-04
1.600000000000000000e+01 2.100000000000000000e+01 6.000000000000000000e+01 0.000000000000000000e+00 1.600000000000000089e+00 -2.530000000000000239e-04 -9.039999999999999425e-03 9.999590000000000423e-01 -9.060899999999999510e-02 9.958460000000000090e-01 8.978999999999999135e-03 -9.958869999999999667e-01 -9.060300000000000298e-02 -1.072000000000000036e-03
2.000000000000000000e+01 2.100000000000000000e+01 6.000000000000000000e+01 0.000000000000000000e+00 1.600000000000000089e+00 -1.716999999999999993e-03 -3.089999999999999756e-04 9.999989999999999712e-01 -8.935800000000000687e-02 9.959999999999999964e-01 1.540000000000000028e-04 -9.959980000000000500e-01 -8.935800000000000687e-02 -1.737999999999999962e-03
2.600000000000000000e+01 2.100000000000000000e+01 6.000000000000000000e+01 0.000000000000000000e+00 1.600000000000000089e+00 5.710000000000000015e-04 1.399000000000000070e-02 9.999019999999999575e-01 -8.943800000000000361e-02 9.958960000000000035e-01 -1.388299999999999951e-02 -9.959919999999999884e-01 -8.942100000000000048e-02 1.820000000000000003e-03
3.000000000000000000e+01 2.100000000000000000e+01 6.000000000000000000e+01 0.000000000000000000e+00 1.600000000000000089e+00 8.276999999999999635e-03 1.238799999999999971e-02 9.998890000000000278e-01 -9.017699999999999327e-02 9.958580000000000210e-01 -1.159100000000000061e-02 -9.958909999999999707e-01 -9.007099999999999829e-02 9.360000000000000264e-03
4.000000000000000000e+00 6.700000000000000000e+01 6.000000000000000000e+01 0.000000000000000000e+00 1.600000000000000089e+00 2.488999999999999893e-03 3.994000000000000154e-03 9.999890000000000168e-01 1.746330000000000104e-01 -9.846270000000000300e-01 3.497999999999999807e-03 9.846300000000000052e-01 1.746219999999999994e-01 -3.148999999999999889e-03
2.400000000000000000e+01 3.000000000000000000e+00 6.300000000000000000e+01 0.000000000000000000e+00 1.600000000000000089e+00 -1.206999999999999957e-03 -8.694000000000000339e-03 9.999609999999999888e-01 -6.143370000000000219e-01 7.890200000000000546e-01 6.119000000000000307e-03 -7.890430000000000499e-01 -6.143060000000000187e-01 -6.292999999999999983e-03
7.000000000000000000e+00 1.200000000000000000e+01 6.300000000000000000e+01 0.000000000000000000e+00 1.600000000000000089e+00 7.974000000000000185e-03 2.280000000000000126e-04 -9.999679999999999680e-01 -1.545819999999999972e-01 -9.879790000000000516e-01 -1.458000000000000095e-03 -9.879480000000000484e-01 1.545890000000000042e-01 -7.842999999999999278e-03
3.000000000000000000e+00 2.700000000000000000e+01 6.300000000000000000e+01 0.000000000000000000e+00 1.600000000000000089e+00 -2.579999999999999828e-04 -1.710000000000000094e-04 1.000000000000000000e+00 -2.742169999999999885e-01 9.616679999999999673e-01 9.299999999999999727e-05 -9.616679999999999673e-01 -2.742169999999999885e-01 -2.950000000000000148e-04
7.000000000000000000e+00 2.700000000000000000e+01 6.300000000000000000e+01 0.000000000000000000e+00 1.600000000000000089e+00 2.190000000000000106e-04 7.069999999999999462e-04 1.000000000000000000e+00 -2.729710000000000192e-01 9.620220000000000438e-01 -6.210000000000000242e-04 -9.620220000000000438e-01 -2.729710000000000192e-01 4.040000000000000080e-04
1.000000000000000000e+01 2.700000000000000000e+01 6.300000000000000000e+01 0.000000000000000000e+00 1.600000000000000089e+00 1.407000000000000048e-03 -8.599999999999999789e-04 9.999989999999999712e-01 -2.716759999999999731e-01 9.623880000000000212e-01 1.209999999999999921e-03 -9.623880000000000212e-01 -2.716770000000000018e-01 1.119999999999999902e-03
1.600000000000000000e+01 2.700000000000000000e+01 6.300000000000000000e+01 0.000000000000000000e+00 1.600000000000000089e+00 3.105999999999999820e-03 8.963000000000000481e-03 9.999550000000000383e-01 -2.679699999999999860e-01 9.633960000000000301e-01 -7.803000000000000040e-03 -9.634220000000000006e-01 -2.679340000000000055e-01 5.394000000000000357e-03
2.000000000000000000e+01 2.700000000000000000e+01 6.300000000000000000e+01 0.000000000000000000e+00 1.600000000000000089e+00 -2.318999999999999881e-03 -6.165000000000000341e-03 9.999780000000000335e-01 -2.658510000000000040e-01 9.639999999999999680e-01 5.327000000000000138e-03 -9.640109999999999513e-01 -2.658320000000000127e-01 -3.874999999999999972e-03
2.800000000000000000e+01 2.700000000000000000e+01 6.300000000000000000e+01 0.000000000000000000e+00 1.600000000000000089e+00 1.863999999999999988e-03 -2.882000000000000013e-03 9.999940000000000495e-01 -2.712300000000000266e-01 9.625089999999999479e-01 3.278999999999999797e-03 -9.625129999999999519e-01 -2.712339999999999751e-01 1.013000000000000012e-03
3.000000000000000000e+00 2.600000000000000000e+01 6.400000000000000000e+01 0.000000000000000000e+00 1.600000000000000089e+00 -5.800000000000000034e-04 -6.359999999999999551e-04 1.000000000000000000e+00 -3.533850000000000047e-01 9.354780000000000317e-01 3.899999999999999929e-04 -9.354780000000000317e-01 -3.533839999999999759e-01 -7.680000000000000195e-04
7.000000000000000000e+00 2.600000000000000000e+01 6.400000000000000000e+01 0.000000000000000000e+00 1.600000000000000089e+00 1.060000000000000016e-04 2.939999999999999905e-04 1.000000000000000000e+00 -3.529649999999999732e-01 9.356370000000000520e-01 -2.380000000000000117e-04 -9.356370000000000520e-01 -3.529649999999999732e-01 2.030000000000000012e-04
1.100000000000000000e+01 2.600000000000000000e+01 6.400000000000000000e+01 0.000000000000000000e+00 1.600000000000000089e+00 1.843999999999999936e-03 4.200000000000000174e-04 9.999980000000000535e-01 -3.514459999999999806e-01 9.362080000000000402e-01 2.550000000000000183e-04 -9.362059999999999826e-01 -3.514459999999999806e-01 1.874000000000000015e-03
1.500000000000000000e+01 2.600000000000000000e+01 6.400000000000000000e+01 0.000000000000000000e+00 1.600000000000000089e+00 1.451000000000000033e-03 6.433000000000000350e-03 9.999780000000000335e-01 -3.490570000000000062e-01 9.370849999999999458e-01 -5.520999999999999866e-03 -9.371000000000000441e-01 -3.490420000000000189e-01 3.605000000000000131e-03
1.900000000000000000e+01 2.600000000000000000e+01 6.400000000000000000e+01 0.000000000000000000e+00 1.600000000000000089e+00 -3.490000000000000263e-04 -4.714000000000000308e-03 9.999890000000000168e-01 -3.468860000000000277e-01 9.378969999999999807e-01 4.300000000000000003e-03 -9.379070000000000462e-01 -3.468809999999999949e-01 -1.962000000000000202e-03
