2.000000000000000000e+00 2.500000000000000000e+01 1.000000000000000000e+00 0.000000000000000000e+00 1.600000000000000089e+00 -5.670000000000000127e-04 1.702800000000000147e-02 -9.998550000000000493e-01 -5.355830000000000313e-01 -8.443650000000000322e-01 -1.407699999999999924e-02 -8.444819999999999549e-01 5.354970000000000008e-01 9.598000000000000628e-03
6.000000000000000000e+00 2.500000000000000000e+01 1.000000000000000000e+00 0.000000000000000000e+00 1.600000000000000089e+00 1.941000000000000017e-03 2.757199999999999929e-02 -9.996180000000000065e-01 -5.312759999999999705e-01 -8.468480000000000452e-01 -2.438999999999999849e-02 -8.471969999999999779e-01 5.311200000000000365e-01 1.300499999999999920e-02
2.200000000000000000e+01 2.500000000000000000e+01 1.000000000000000000e+00 0.000000000000000000e+00 1.600000000000000089e+00 1.072000000000000036e-03 -1.106999999999999911e-03 -9.999989999999999712e-01 -5.272860000000000325e-01 -8.496879999999999988e-01 3.750000000000000078e-04 -8.496869999999999701e-01 5.272850000000000037e-01 -1.495000000000000018e-03
1.000000000000000000e+00 1.500000000000000000e+01 4.000000000000000000e+00 0.000000000000000000e+00 1.600000000000000089e+00 3.614000000000000025e-03 1.368000000000000075e-03 9.999930000000000208e-01 3.198199999999999932e-01 -9.474780000000000424e-01 1.399999999999999877e-04 9.474709999999999521e-01 3.198170000000000179e-01 -3.861999999999999982e-03
5.000000000000000000e+00 1.500000000000000000e+01 4.000000000000000000e+00 0.000000000000000000e+00 1.600000000000000089e+00 1.978999999999999856e-03 3.830000000000000071e-03 9.999909999999999632e-01 3.218389999999999862e-01 -9.467900000000000205e-01 2.988999999999999903e-03 9.467919999999999670e-01 3.218300000000000050e-01 -3.106999999999999953e-03
9.000000000000000000e+00 1.500000000000000000e+01 4.000000000000000000e+00 0.000000000000000000e+00 1.600000000000000089e+00 4.598999999999999790e-03 9.348999999999999672e-03 9.999460000000000015e-01 3.246569999999999734e-01 -9.458029999999999493e-01 7.349999999999999763e-03 9.458210000000000228e-01 3.246060000000000056e-01 -7.385000000000000071e-03
1.700000000000000000e+01 1.500000000000000000e+01 4.000000000000000000e+00 0.000000000000000000e+00 1.600000000000000089e+00 -1.000999999999999937e-03 4.375999999999999682e-03 9.999900000000000455e-01 3.279110000000000080e-01 -9.446980000000000377e-01 4.461999999999999821e-03 9.447079999999999922e-01 3.279119999999999813e-01 -4.899999999999999842e-04
2.300000000000000000e+01 1.500000000000000000e+01 4.000000000000000000e+00 0.000000000000000000e+00 1.600000000000000089e+00 6.279999999999999775e-04 1.169999999999999979e-04 1.000000000000000000e+00 3.283110000000000195e-01 -9.445700000000000207e-01 -9.600000000000000243e-05 9.445700000000000207e-01 3.283110000000000195e-01 -6.319999999999999663e-04
2.600000000000000000e+01 1.500000000000000000e+01 4.000000000000000000e+00 0.000000000000000000e+00 1.600000000000000089e+00 -5.680000000000000370e-04 3.570999999999999956e-03 9.999940000000000495e-01 3.305080000000000240e-01 -9.437959999999999683e-01 3.557999999999999965e-03 9.438029999999999475e-01 3.305080000000000240e-01 -6.440000000000000412e-04
1.000000000000000000e+01 1.010000000000000000e+02 7.000000000000000000e+00 0.000000000000000000e+00 1.600000000000000089e+00 -2.072999999999999843e-02 4.560199999999999670e-02 9.987449999999999939e-01 8.763079999999999758e-01 4.817370000000000263e-01 -3.807000000000000054e-03 -4.813049999999999828e-01 8.751290000000000457e-01 -4.994699999999999834e-02
1.900000000000000000e+01 1.010000000000000000e+02 7.000000000000000000e+00 0.000000000000000000e+00 1.600000000000000089e+00 2.497600000000000167e-02 -6.767900000000000305e-02 9.973940000000000028e-01 8.806610000000000271e-01 4.736389999999999767e-01 1.008700000000000048e-02 -4.730880000000000085e-01 8.781149999999999789e-01 7.143199999999999550e-02
4.000000000000000000e+00 2.500000000000000000e+01 8.000000000000000000e+00 0.000000000000000000e+00 1.600000000000000089e+00 1.358999999999999965e-03 3.882000000000000034e-03 -9.999919999999999920e-01 4.504630000000000023e-01 8.927859999999999685e-01 4.078000000000000028e-03 8.927939999999999765e-01 -4.504639999999999755e-01 -5.349999999999999938e-04
1.000000000000000000e+01 2.500000000000000000e+01 8.000000000000000000e+00 0.000000000000000000e+00 1.600000000000000089e+00 -9.299999999999999727e-05 6.814999999999999877e-03 -9.999770000000000048e-01 4.524639999999999773e-01 8.917620000000000546e-01 6.035000000000000434e-03 8.917829999999999924e-01 -4.524529999999999941e-01 -3.165999999999999977e-03
1.500000000000000000e+01 2.500000000000000000e+01 8.000000000000000000e+00 0.000000000000000000e+00 1.600000000000000089e+00 1.800000000000000046e-05 -3.069000000000000113e-03 -9.999949999999999672e-01 4.519469999999999876e-01 8.920409999999999728e-01 -2.729999999999999788e-03 8.920449999999999768e-01 -4.519440000000000124e-01 1.402999999999999950e-03
1.800000000000000000e+01 2.500000000000000000e+01 8.000000000000000000e+00 0.000000000000000000e+00 1.600000000000000089e+00 -2.820000000000000241e-04 -3.377999999999999926e-03 -9.999940000000000495e-01 4.530710000000000015e-01 8.914689999999999559e-01 -3.138999999999999863e-03 8.914739999999999887e-01 -4.530689999999999995e-01 1.278999999999999972e-03
2.100000000000000000e+01 2.500000000000000000e+01 8.000000000000000000e+00 0.000000000000000000e+00 1.600000000000000089e+00 -5.569999999999999864e-04 -3.752999999999999826e-03 -9.999930000000000208e-01 4.532939999999999747e-01 8.913539999999999797e-01 -3.598000000000000070e-03 8.913609999999999589e-01 -4.532930000000000015e-01 1.204999999999999908e-03
4.000000000000000000e+00 2.400000000000000000e+01 9.000000000000000000e+00 0.000000000000000000e+00 1.600000000000000089e+00 3.379999999999999758e-04 7.322000000000000383e-03 -9.999730000000000008e-01 4.531519999999999992e-01 8.914079999999999782e-01 6.681000000000000306e-03 8.914330000000000309e-01 -4.531419999999999892e-01 -3.016000000000000018e-03
1.100000000000000000e+01 2.400000000000000000e+01 9.000000000000000000e+00 0.000000000000000000e+00 1.600000000000000089e+00 6.700000000000000226e-05 4.827999999999999826e-03 -9.999879999999999880e-01 4.547689999999999788e-01 8.905990000000000295e-01 4.330999999999999781e-03 8.906089999999999840e-01 -4.547640000000000016e-01 -2.135999999999999878e-03
1.500000000000000000e+01 2.400000000000000000e+01 9.000000000000000000e+00 0.000000000000000000e+00 1.600000000000000089e+00 -1.069999999999999988e-04 -4.209000000000000068e-03 -9.999909999999999632e-01 4.542479999999999851e-01 8.908669999999999645e-01 -3.798999999999999860e-03 8.908749999999999725e-01 -4.542450000000000099e-01 1.817000000000000039e-03
1.800000000000000000e+01 2.400000000000000000e+01 9.000000000000000000e+00 0.000000000000000000e+00 1.600000000000000089e+00 -4.889999999999999599e-04 -3.408000000000000005e-03 -9.999940000000000495e-01 4.550509999999999833e-01 8.904600000000000293e-01 -3.256999999999999913e-03 8.904649999999999510e-01 -4.550500000000000100e-01 1.115000000000000106e-03
2.200000000000000000e+01 2.400000000000000000e+01 9.000000000000000000e+00 0.000000000000000000e+00 1.600000000000000089e+00 -7.029999999999999574e-04 -3.876000000000000105e-03 -9.999919999999999920e-01 4.559099999999999819e-01 8.900179999999999758e-01 -3.769999999999999914e-03 8.900259999999999838e-01 -4.559090000000000087e-01 1.141000000000000087e-03
2.900000000000000000e+01 2.400000000000000000e+01 9.000000000000000000e+00 0.000000000000000000e+00 1.600000000000000089e+00 -1.564999999999999985e-03 1.003500000000000052e-02 -9.999479999999999480e-01 4.567749999999999866e-01 8.895440000000000014e-01 8.212999999999999814e-03 8.895809999999999551e-01 -4.567390000000000061e-01 -5.976000000000000409e-03
8.000000000000000000e+00 1.200000000000000000e+01 1.000000000000000000e+01 0.000000000000000000e+00 1.600000000000000089e+00 1.822000000000000052e-03 6.137000000000000094e-03 -9.999789999999999512e-01 -5.535139999999999505e-01 -8.328170000000000295e-01 -6.119999999999999572e-03 -8.328379999999999672e-01 5.535139999999999505e-01 1.879000000000000028e-03
7.000000000000000000e+00 4.000000000000000000e+00 1.100000000000000000e+01 0.000000000000000000e+00 1.600000000000000089e+00 1.778100000000000167e-02 -1.245379999999999959e-01 -9.920550000000000201e-01 1.297840000000000105e-01 9.841050000000000075e-01 -1.212140000000000023e-01 9.913830000000000142e-01 -1.265979999999999883e-01 3.366100000000000342e-02
1.500000000000000000e+01 4.000000000000000000e+00 1.100000000000000000e+01 0.000000000000000000e+00 1.600000000000000089e+00 3.339600000000000207e-02 -2.200479999999999936e-01 -9.749170000000000336e-01 1.241889999999999938e-01 9.688149999999999817e-01 -2.144159999999999955e-01 9.916960000000000219e-01 -1.139130000000000004e-01 5.968199999999999894e-02
4.000000000000000000e+00 3.100000000000000000e+01 1.200000000000000000e+01 0.000000000000000000e+00 1.600000000000000089e+00 -5.913999999999999986e-03 -3.069200000000000053e-02 9.995110000000000383e-01 -1.621600000000000125e-02 9.993999999999999551e-01 3.059299999999999867e-02 -9.998510000000000453e-01 -1.602699999999999958e-02 -6.408999999999999767e-03
9.000000000000000000e+00 3.100000000000000000e+01 1.200000000000000000e+01 0.000000000000000000e+00 1.600000000000000089e+00 -3.780000000000000265e-04 -1.822599999999999915e-02 9.998340000000000005e-01 -2.586899999999999963e-02 9.994990000000000263e-01 1.821000000000000049e-02 -9.996650000000000258e-01 -2.585700000000000151e-02 -8.490000000000000368e-04
1.600000000000000000e+01 3.100000000000000000e+01 1.200000000000000000e+01 0.000000000000000000e+00 1.600000000000000089e+00 1.067999999999999939e-03 9.717999999999999208e-03 9.999519999999999520e-01 -1.948599999999999985e-02 9.997629999999999573e-01 -9.695000000000000492e-03 -9.998099999999999765e-01 -1.947499999999999926e-02 1.257000000000000088e-03
2.500000000000000000e+01 3.100000000000000000e+01 1.200000000000000000e+01 0.000000000000000000e+00 1.600000000000000089e+00 2.700999999999999842e-03 5.921000000000000048e-03 9.999789999999999512e-01 -7.530000000000000235e-03 9.999540000000000095e-01 -5.900999999999999995e-03 -9.999679999999999680e-01 -7.513999999999999846e-03 2.745000000000000044e-03
2.800000000000000000e+01 3.100000000000000000e+01 1.200000000000000000e+01 0.000000000000000000e+00 1.600000000000000089e+00 2.824000000000000121e-03 -4.344999999999999904e-03 9.999869999999999592e-01 -6.288000000000000186e-03 9.999710000000000543e-01 4.362000000000000426e-03 -9.999759999999999760e-01 -6.300000000000000044e-03 2.797000000000000007e-03
3.000000000000000000e+00 3.500000000000000000e+01 1.200000000000000000e+01 0.000000000000000000e+00 1.600000000000000089e+00 -1.709199999999999955e-02 1.808900000000000091e-02 -9.996899999999999675e-01 4.974029999999999840e-01 -8.671820000000000084e-01 -2.419599999999999876e-02 -8.673509999999999831e-01 -4.976619999999999933e-01 5.825000000000000316e-03
2.000000000000000000e+01 3.500000000000000000e+01 1.200000000000000000e+01 0.000000000000000000e+00 1.600000000000000089e+00 1.052499999999999963e-02 -1.248699999999999984e-02 -9.998669999999999503e-01 4.849649999999999794e-01 -8.743870000000000253e-01 1.602500000000000105e-02 -8.744699999999999696e-01 -4.850689999999999724e-01 -3.147000000000000058e-03
2.500000000000000000e+01 3.500000000000000000e+01 1.200000000000000000e+01 0.000000000000000000e+00 1.600000000000000089e+00 5.878000000000000412e-03 -1.384999999999999946e-03 -9.999820000000000375e-01 5.102470000000000061e-01 -8.600170000000000314e-01 4.191000000000000281e-03 -8.600079999999999947e-01 -5.102630000000000221e-01 -4.348999999999999568e-03
1.900000000000000000e+01 1.200000000000000000e+01 1.500000000000000000e+01 0.000000000000000000e+00 1.600000000000000089e+00 1.440199999999999987e-02 -2.497900000000000120e-02 -9.995840000000000281e-01 -4.934649999999999870e-01 -8.696430000000000549e-01 1.462199999999999958e-02 -8.696460000000000301e-01 4.930490000000000150e-01 -2.485000000000000056e-02
2.800000000000000000e+01 1.200000000000000000e+01 1.500000000000000000e+01 0.000000000000000000e+00 1.600000000000000089e+00 -5.349999999999999938e-04 -1.325800000000000069e-02 -9.999120000000000230e-01 -4.779709999999999792e-01 -8.782950000000000479e-01 1.190100000000000012e-02 -8.783760000000000456e-01 4.779349999999999987e-01 -5.866999999999999819e-03
3.000000000000000000e+00 4.000000000000000000e+00 2.000000000000000000e+01 0.000000000000000000e+00 1.600000000000000089e+00 1.645800000000000041e-02 6.809999999999999647e-04 -9.998639999999999750e-01 2.004839999999999955e-01 -9.796930000000000360e-01 2.631999999999999791e-03 -9.795589999999999575e-01 -2.005000000000000115e-01 -1.626000000000000015e-02
1.100000000000000000e+01 4.000000000000000000e+00 2.000000000000000000e+01 0.000000000000000000e+00 1.600000000000000089e+00 -1.243499999999999987e-02 3.678700000000000025e-02 -9.992459999999999676e-01 2.456260000000000110e-01 -9.685909999999999798e-01 -3.871499999999999941e-02 -9.692849999999999522e-01 -2.459220000000000017e-01 3.007999999999999823e-03
1.800000000000000000e+01 4.000000000000000000e+00 2.000000000000000000e+01 0.000000000000000000e+00 1.600000000000000089e+00 -6.099000000000000254e-03 9.809000000000000011e-03 -9.999329999999999607e-01 2.403160000000000018e-01 -9.706320000000000503e-01 -1.098700000000000024e-02 -9.706749999999999545e-01 -2.403669999999999973e-01 3.562000000000000062e-03
2.500000000000000000e+01 4.000000000000000000e+00 2.000000000000000000e+01 0.000000000000000000e+00 1.600000000000000089e+00 5.314000000000000147e-03 -1.744400000000000117e-02 -9.998340000000000005e-01 1.785529999999999895e-01 -9.837639999999999718e-01 1.811300000000000063e-02 -9.839160000000000128e-01 -1.786200000000000010e-01 -2.112999999999999861e-03
3.000000000000000000e+00 1.300000000000000000e+01 2.000000000000000000e+01 0.000000000000000000e+00 1.600000000000000089e+00 -1.655999999999999920e-03 -1.897999999999999948e-03 9.999970000000000248e-01 2.465489999999999904e-01 9.691279999999999895e-01 2.247999999999999998e-03 -9.691290000000000182e-01 2.465519999999999934e-01 -1.136999999999999990e-03
9.000000000000000000e+00 1.300000000000000000e+01 2.000000000000000000e+01 0.000000000000000000e+00 1.600000000000000089e+00 -9.230000000000000357e-03 -2.327200000000000102e-02 9.996869999999999923e-01 2.559770000000000101e-01 9.663629999999999720e-01 2.485899999999999915e-02 -9.666390000000000260e-01 2.561260000000000203e-01 -2.961999999999999789e-03
1.200000000000000000e+01 1.300000000000000000e+01 2.000000000000000000e+01 0.000000000000000000e+00 1.600000000000000089e+00 -2.676600000000000160e-02 -6.175200000000000133e-02 9.977329999999999810e-01 2.779889999999999861e-01 9.582610000000000294e-01 6.676600000000000590e-02 -9.602110000000000367e-01 2.791460000000000052e-01 -8.482999999999999222e-03
2.800000000000000000e+01 1.300000000000000000e+01 2.000000000000000000e+01 0.000000000000000000e+00 1.600000000000000089e+00 3.459500000000000075e-02 1.012129999999999974e-01 9.942630000000000079e-01 2.642660000000000009e-01 9.585219999999999851e-01 -1.067690000000000028e-01 -9.638290000000000468e-01 2.664440000000000142e-01 6.413000000000000297e-03
1.300000000000000000e+01 1.400000000000000000e+01 2.000000000000000000e+01 0.000000000000000000e+00 1.600000000000000089e+00 -2.695600000000000079e-02 -7.838499999999999635e-02 9.965589999999999726e-01 2.609949999999999770e-01 9.617900000000000338e-01 8.271000000000000574e-02 -9.649640000000000439e-01 2.623269999999999769e-01 -5.467999999999999770e-03
2.200000000000000000e+01 1.400000000000000000e+01 2.000000000000000000e+01 0.000000000000000000e+00 1.600000000000000089e+00 7.034000000000000322e-03 -1.234200000000000054e-02 9.998989999999999823e-01 2.718579999999999885e-01 9.622859999999999747e-01 9.964999999999999900e-03 -9.623119999999999452e-01 2.717609999999999748e-01 1.012399999999999932e-02
9.000000000000000000e+00 1.600000000000000000e+01 2.100000000000000000e+01 0.000000000000000000e+00 1.600000000000000089e+00 -4.406000000000000194e-03 -1.327099999999999981e-02 9.999019999999999575e-01 3.003850000000000131e-01 9.537160000000000082e-01 1.398199999999999964e-02 -9.538079999999999892e-01 3.004169999999999896e-01 -2.159999999999999919e-04
1.500000000000000000e+01 1.600000000000000000e+01 2.100000000000000000e+01 0.000000000000000000e+00 1.600000000000000089e+00 -2.629599999999999993e-02 -1.108549999999999952e-01 9.934889999999999555e-01 3.326270000000000060e-01 9.362310000000000354e-01 1.132699999999999957e-01 -9.426919999999999744e-01 3.334389999999999854e-01 1.225399999999999927e-02
2.300000000000000000e+01 1.600000000000000000e+01 2.100000000000000000e+01 0.000000000000000000e+00 1.600000000000000089e+00 1.302799999999999965e-02 3.178999999999999968e-03 9.999099999999999655e-01 3.367800000000000238e-01 9.415540000000000020e-01 -7.381999999999999673e-03 -9.414930000000000243e-01 3.368459999999999788e-01 1.119599999999999936e-02
3.000000000000000000e+00 4.600000000000000000e+01 2.700000000000000000e+01 0.000000000000000000e+00 1.600000000000000089e+00 -4.669000000000000407e-03 -1.394300000000000053e-02 -9.998920000000000030e-01 6.777189999999999603e-01 7.351990000000000469e-01 -1.341700000000000011e-02 7.353060000000000151e-01 -6.777079999999999771e-01 6.016999999999999779e-03
2.500000000000000000e+01 4.600000000000000000e+01 2.700000000000000000e+01 0.000000000000000000e+00 1.600000000000000089e+00 -2.677999999999999825e-03 1.745000000000000023e-03 -9.999949999999999672e-01 6.739030000000000298e-01 7.388200000000000323e-01 -5.150000000000000498e-04 7.388149999999999995e-01 -6.739009999999999723e-01 -3.154999999999999818e-03
6.000000000000000000e+00 4.600000000000000000e+01 3.000000000000000000e+01 0.000000000000000000e+00 1.600000000000000089e+00 -3.269999999999999795e-04 -4.725000000000000033e-03 -9.999890000000000168e-01 3.243489999999999984e-01 9.459269999999999623e-01 -4.576000000000000206e-03 9.459379999999999455e-01 -3.243469999999999964e-01 1.224000000000000045e-03
2.900000000000000000e+01 1.500000000000000000e+01 3.100000000000000000e+01 0.000000000000000000e+00 1.600000000000000089e+00 9.959099999999999897e-02 -5.192949999999999511e-01 -8.487729999999999997e-01 -4.629429999999999934e-01 7.308850000000000069e-01 -5.014889999999999626e-01 8.807760000000000034e-01 4.428770000000000207e-01 -1.676140000000000130e-01
3.000000000000000000e+00 5.800000000000000000e+01 3.100000000000000000e+01 0.000000000000000000e+00 1.600000000000000089e+00 -9.834000000000000727e-03 6.300999999999999657e-02 9.979649999999999910e-01 -7.687530000000000197e-01 -6.387059999999999960e-01 3.275200000000000333e-02 6.394699999999999829e-01 -7.668660000000000476e-01 5.471999999999999781e-02
1.100000000000000000e+01 5.800000000000000000e+01 3.100000000000000000e+01 0.000000000000000000e+00 1.600000000000000089e+00 -7.780000000000000457e-04 -4.164000000000000166e-03 9.999909999999999632e-01 -7.754349999999999854e-01 -6.314199999999999813e-01 -3.232000000000000064e-03 6.314269999999999605e-01 -7.754299999999999526e-01 -2.737999999999999982e-03
1.600000000000000000e+01 5.800000000000000000e+01 3.100000000000000000e+01 0.000000000000000000e+00 1.600000000000000089e+00 5.107999999999999693e-03 6.228000000000000029e-03 9.999679999999999680e-01 -7.773280000000000189e-01 -6.290459999999999940e-01 7.887999999999999179e-03 6.290750000000000508e-01 -7.773430000000000062e-01 1.628000000000000107e-03
2.000000000000000000e+01 5.800000000000000000e+01 3.100000000000000000e+01 0.000000000000000000e+00 1.600000000000000089e+00 8.196000000000000160e-03 9.426000000000000351e-03 9.999219999999999775e-01 -7.783010000000000206e-01 -6.277709999999999679e-01 1.229700000000000064e-02 6.278380000000000072e-01 -7.783409999999999496e-01 2.190999999999999805e-03
2.400000000000000000e+01 5.800000000000000000e+01 3.100000000000000000e+01 0.000000000000000000e+00 1.600000000000000089e+00 3.866000000000000079e-03 1.209000000000000005e-03 9.999919999999999920e-01 -7.784140000000000503e-01 -6.277390000000000470e-01 3.769000000000000215e-03 6.277390000000000470e-01 -7.784229999999999761e-01 -1.485999999999999908e-03
2.600000000000000000e+01 5.800000000000000000e+01 3.100000000000000000e+01 0.000000000000000000e+00 1.600000000000000089e+00 1.971999999999999795e-03 -6.809999999999999647e-04 9.999980000000000535e-01 -7.753430000000000044e-01 -6.315399999999999903e-01 1.098000000000000018e-03 6.315370000000000150e-01 -7.753430000000000044e-01 -1.773000000000000053e-03
2.300000000000000000e+01 5.000000000000000000e+00 3.200000000000000000e+01 0.000000000000000000e+00 1.600000000000000089e+00 1.605379999999999863e-01 -8.793459999999999610e-01 -4.483059999999999823e-01 -6.811719999999999997e-01 2.299950000000000050e-01 -6.950589999999999824e-01 7.143059999999999965e-01 4.169570000000000221e-01 -5.620619999999999505e-01
3.000000000000000000e+00 9.600000000000000000e+01 3.200000000000000000e+01 0.000000000000000000e+00 1.600000000000000089e+00 1.770170000000000077e-01 3.840529999999999777e-01 -9.061829999999999607e-01 -9.840520000000000378e-01 8.545999999999999430e-02 -1.560090000000000088e-01 1.752700000000000091e-02 9.193470000000000253e-01 3.930560000000000165e-01
2.100000000000000000e+01 5.000000000000000000e+00 3.300000000000000000e+01 0.000000000000000000e+00 1.600000000000000089e+00 1.148610000000000048e-01 -9.729299999999999615e-01 -2.005369999999999930e-01 -6.941720000000000113e-01 6.579200000000000326e-02 -7.167959999999999887e-01 7.105860000000000509e-01 2.215390000000000137e-01 -6.678239999999999732e-01
2.500000000000000000e+01 8.000000000000000000e+00 3.400000000000000000e+01 0.000000000000000000e+00 1.600000000000000089e+00 2.030240000000000100e-01 -9.144560000000000466e-01 -3.500730000000000230e-01 -7.097369999999999512e-01 1.088719999999999966e-01 -6.960030000000000383e-01 6.745769999999999822e-01 3.897649999999999726e-01 -6.269200000000000328e-01
2.800000000000000000e+01 9.000000000000000000e+00 3.400000000000000000e+01 0.000000000000000000e+00 1.600000000000000089e+00 2.120609999999999995e-01 -8.744180000000000286e-01 -4.363750000000000129e-01 -7.197630000000000416e-01 1.622929999999999928e-01 -6.749829999999999997e-01 6.610380000000000145e-01 4.572240000000000193e-01 -5.949579999999999869e-01
2.700000000000000000e+01 2.600000000000000000e+01 3.500000000000000000e+01 0.000000000000000000e+00 1.600000000000000089e+00 3.169950000000000268e-01 5.354229999999999823e-01 7.828380000000000338e-01 -6.809340000000000392e-01 -4.460689999999999933e-01 5.808200000000000029e-01 6.601839999999999931e-01 -7.171779999999999822e-01 2.231859999999999955e-01
3.000000000000000000e+00 4.600000000000000000e+01 3.500000000000000000e+01 0.000000000000000000e+00 1.600000000000000089e+00 -3.020000000000000223e-04 5.849000000000000032e-03 -9.999829999999999552e-01 3.894469999999999876e-01 -9.210329999999999906e-01 -5.505000000000000344e-03 -9.210490000000000066e-01 -3.894420000000000104e-01 -2.000000000000000042e-03
9.000000000000000000e+00 4.600000000000000000e+01 3.500000000000000000e+01 0.000000000000000000e+00 1.600000000000000089e+00 -2.020000000000000040e-04 7.846999999999999809e-03 -9.999689999999999968e-01 3.916859999999999786e-01 -9.200700000000000545e-01 -7.298999999999999932e-03 -9.200990000000000002e-01 -3.916760000000000241e-01 -2.886999999999999809e-03
1.600000000000000000e+01 4.600000000000000000e+01 3.500000000000000000e+01 0.000000000000000000e+00 1.600000000000000089e+00 3.350000000000000113e-04 1.933000000000000039e-03 -9.999980000000000535e-01 3.915159999999999751e-01 -9.201700000000000434e-01 -1.647999999999999942e-03 -9.201709999999999612e-01 -3.915139999999999731e-01 -1.064999999999999974e-03
2.100000000000000000e+01 4.600000000000000000e+01 3.500000000000000000e+01 0.000000000000000000e+00 1.600000000000000089e+00 2.024000000000000191e-03 -7.934999999999999346e-03 -9.999670000000000503e-01 3.899219999999999908e-01 -9.208119999999999639e-01 8.096000000000000765e-03 -9.208460000000000534e-01 -3.899250000000000216e-01 1.229999999999999974e-03
2.500000000000000000e+01 4.600000000000000000e+01 3.500000000000000000e+01 0.000000000000000000e+00 1.600000000000000089e+00 1.043000000000000090e-03 -1.129999999999999928e-02 -9.999360000000000470e-01 3.899460000000000148e-01 -9.207739999999999814e-01 1.081200000000000043e-02 -9.208370000000000166e-01 -3.899320000000000008e-01 3.445999999999999844e-03
2.700000000000000000e+01 2.700000000000000000e+01 3.600000000000000000e+01 0.000000000000000000e+00 1.600000000000000089e+00 3.501319999999999988e-01 3.548640000000000128e-01 8.668789999999999552e-01 -6.993540000000000312e-01 -5.166349999999999554e-01 4.939569999999999794e-01 6.231470000000000065e-01 -7.792050000000000365e-01 6.728499999999999759e-02
2.600000000000000000e+01 1.100000000000000000e+01 3.700000000000000000e+01 0.000000000000000000e+00 1.600000000000000089e+00 1.709489999999999899e-01 -9.367309999999999803e-01 -3.054700000000000193e-01 -7.141089999999999938e-01 9.581299999999999539e-02 -6.934460000000000068e-01 6.788399999999999990e-01 3.366830000000000100e-01 -6.525490000000000457e-01
2.000000000000000000e+01 2.200000000000000000e+01 3.700000000000000000e+01 0.000000000000000000e+00 1.600000000000000089e+00 7.681240000000000290e-01 -3.303019999999999845e-01 5.485309999999999908e-01 -6.308420000000000138e-01 -2.436830000000000107e-01 7.366530000000000022e-01 -1.096499999999999975e-01 -9.118770000000000486e-01 -3.955469999999999819e-01
1.000000000000000000e+00 7.000000000000000000e+01 4.200000000000000000e+01 0.000000000000000000e+00 1.600000000000000089e+00 -1.248859999999999970e-01 -5.820880000000000498e-01 -8.034780000000000255e-01 -9.915730000000000377e-01 1.013339999999999935e-01 8.071000000000000396e-02 3.443899999999999739e-02 8.067870000000000319e-01 -5.898379999999999734e-01
2.200000000000000000e+01 3.000000000000000000e+00 4.300000000000000000e+01 0.000000000000000000e+00 1.600000000000000089e+00 5.830000000000000113e-03 -3.566000000000000159e-03 -9.999770000000000048e-01 7.434680000000000177e-01 -6.687380000000000546e-01 6.720000000000000279e-03 -6.687459999999999516e-01 -7.434899999999999842e-01 -1.247999999999999977e-03
1.700000000000000000e+01 2.500000000000000000e+01 4.300000000000000000e+01 0.000000000000000000e+00 1.600000000000000089e+00 1.488300000000000040e-02 -1.226499999999999986e-02 -9.998139999999999805e-01 8.416270000000000140e-01 5.400270000000000348e-01 5.903000000000000261e-03 5.398539999999999450e-01 -8.415580000000000283e-01 1.836000000000000132e-02
5.000000000000000000e+00 6.700000000000000000e+01 4.300000000000000000e+01 0.000000000000000000e+00 1.600000000000000089e+00 -7.773000000000000395e-03 -5.055999999999999731e-03 -9.999569999999999848e-01 -4.572519999999999918e-01 8.893370000000000442e-01 -9.420000000000000205e-04 8.893029999999999546e-01 4.572249999999999925e-01 -9.223999999999999561e-03
1.700000000000000000e+01 2.400000000000000000e+01 4.400000000000000000e+01 0.000000000000000000e+00 1.600000000000000089e+00 1.861900000000000013e-02 1.591100000000000153e-02 -9.997000000000000330e-01 7.839810000000000390e-01 6.203020000000000200e-01 2.447399999999999923e-02 6.205049999999999732e-01 -7.842019999999999547e-01 -9.250000000000000409e-04
2.000000000000000000e+00 2.900000000000000000e+01 4.400000000000000000e+01 0.000000000000000000e+00 1.600000000000000089e+00 -1.505999999999999960e-03 4.133999999999999654e-03 -9.999900000000000455e-01 6.600780000000000536e-01 7.511940000000000284e-01 2.111000000000000029e-03 7.511959999999999749e-01 -6.600679999999999881e-01 -3.860000000000000150e-03
8.000000000000000000e+00 2.900000000000000000e+01 4.400000000000000000e+01 0.000000000000000000e+00 1.600000000000000089e+00 -6.290000000000000018e-04 -1.418999999999999906e-03 -9.999989999999999712e-01 6.610709999999999642e-01 7.503220000000000445e-01 -1.480999999999999895e-03 7.503229999999999622e-01 -6.610709999999999642e-01 4.659999999999999971e-04
1.100000000000000000e+01 2.900000000000000000e+01 4.400000000000000000e+01 0.000000000000000000e+00 1.600000000000000089e+00 -9.100000000000000016e-04 -3.027000000000000177e-03 -9.999949999999999672e-01 6.617210000000000036e-01 7.497449999999999948e-01 -2.871999999999999987e-03 7.497500000000000275e-01 -6.617199999999999749e-01 1.320999999999999909e-03
1.700000000000000000e+01 2.900000000000000000e+01 4.400000000000000000e+01 0.000000000000000000e+00 1.600000000000000089e+00 -3.507999999999999834e-03 -4.645599999999999730e-02 -9.989139999999999686e-01 6.345229999999999482e-01 7.719629999999999548e-01 -3.812900000000000317e-02 7.728960000000000274e-01 -6.339679999999999760e-01 2.676999999999999866e-02
1.900000000000000000e+01 2.900000000000000000e+01 4.400000000000000000e+01 0.000000000000000000e+00 1.600000000000000089e+00 -4.630700000000000094e-02 -1.822169999999999901e-01 -9.821670000000000122e-01 6.560850000000000293e-01 7.358740000000000281e-01 -1.674559999999999937e-01 7.532649999999999624e-01 -6.521400000000000530e-01 8.547399999999999443e-02
3.000000000000000000e+00 6.900000000000000000e+01 4.700000000000000000e+01 0.000000000000000000e+00 1.600000000000000089e+00 -9.768000000000000640e-03 -2.835639999999999827e-01 -9.589039999999999786e-01 -9.947460000000000191e-01 -9.497200000000000086e-02 3.821800000000000197e-02 -1.019059999999999966e-01 9.542389999999999484e-01 -2.811460000000000070e-01
6.000000000000000000e+00 6.800000000000000000e+01 4.800000000000000000e+01 0.000000000000000000e+00 1.600000000000000089e+00 -2.177199999999999969e-02 -1.557199999999999973e-01 -9.875610000000000221e-01 -9.686339999999999950e-01 -2.412880000000000025e-01 5.940100000000000241e-02 -2.475370000000000070e-01 9.578790000000000360e-01 -1.455819999999999892e-01
1.000000000000000000e+01 6.100000000000000000e+01 4.900000000000000000e+01 0.000000000000000000e+00 1.600000000000000089e+00 -1.216700000000000073e-02 -2.550000000000000183e-04 9.999259999999999815e-01 -6.426520000000000010e-01 7.661200000000000232e-01 -7.624999999999999833e-03 -7.660609999999999919e-01 -6.426969999999999628e-01 -9.485000000000000375e-03
1.100000000000000000e+01 7.100000000000000000e+01 4.900000000000000000e+01 0.000000000000000000e+00 1.600000000000000089e+00 -3.946450000000000236e-01 8.801139999999999519e-01 2.639219999999999899e-01 -9.058680000000000065e-01 -3.245970000000000244e-01 -2.721049999999999858e-01 -1.538150000000000073e-01 -3.464630000000000210e-01 9.253670000000000506e-01
3.000000000000000000e+00 5.000000000000000000e+00 5.100000000000000000e+01 0.000000000000000000e+00 1.600000000000000089e+00 -4.000000000000000192e-04 5.484000000000000159e-03 -9.999850000000000128e-01 4.829939999999999789e-01 -8.756089999999999707e-01 -4.995000000000000308e-03 -8.756230000000000402e-01 -4.829890000000000017e-01 -2.298999999999999828e-03
7.000000000000000000e+00 5.000000000000000000e+00 5.100000000000000000e+01 0.000000000000000000e+00 1.600000000000000089e+00 -4.565999999999999746e-03 -2.432000000000000134e-03 -9.999869999999999592e-01 4.866059999999999830e-01 -8.736209999999999809e-01 -9.699999999999999963e-05 -8.736099999999999977e-01 -4.865999999999999770e-01 5.172000000000000382e-03
2.000000000000000000e+01 6.000000000000000000e+00 5.100000000000000000e+01 0.000000000000000000e+00 1.600000000000000089e+00 -6.871999999999999637e-03 -5.542000000000000051e-03 -9.999609999999999888e-01 3.316600000000000104e-01 -9.433939999999999548e-01 2.948999999999999799e-03 -9.433740000000000459e-01 -3.316270000000000051e-01 8.321000000000000271e-03
9.000000000000000000e+00 6.300000000000000000e+01 5.400000000000000000e+01 0.000000000000000000e+00 1.600000000000000089e+00 1.065600000000000054e-02 3.574200000000000293e-02 9.993039999999999701e-01 -1.843200000000000116e-01 9.823060000000000125e-01 -3.316800000000000304e-02 -9.828080000000000149e-01 -1.838390000000000024e-01 1.705600000000000172e-02
1.100000000000000000e+01 6.300000000000000000e+01 5.400000000000000000e+01 0.000000000000000000e+00 1.600000000000000089e+00 5.584000000000000422e-03 3.908199999999999869e-02 9.992199999999999971e-01 -1.986189999999999900e-01 9.793709999999999916e-01 -3.719599999999999990e-02 -9.800609999999999600e-01 -1.982559999999999878e-01 1.323099999999999971e-02
1.800000000000000000e+01 6.300000000000000000e+01 5.400000000000000000e+01 0.000000000000000000e+00 1.600000000000000089e+00 -6.185000000000000393e-03 2.300000000000000002e-05 9.999810000000000088e-01 -3.454929999999999946e-01 9.384190000000000031e-01 -2.158000000000000196e-03 -9.384010000000000407e-01 -3.454990000000000006e-01 -5.797000000000000069e-03
2.100000000000000000e+01 6.300000000000000000e+01 5.400000000000000000e+01 0.000000000000000000e+00 1.600000000000000089e+00 1.906800000000000161e-02 3.313699999999999979e-02 9.992689999999999628e-01 -3.321000000000000063e-01 9.429149999999999476e-01 -2.493099999999999830e-02 -9.430520000000000014e-01 -3.313809999999999811e-01 2.898399999999999935e-02
2.700000000000000000e+01 6.300000000000000000e+01 5.400000000000000000e+01 0.000000000000000000e+00 1.600000000000000089e+00 1.880070000000000074e-01 4.453940000000000121e-01 -8.753729999999999567e-01 8.149420000000000552e-01 4.267219999999999902e-01 3.921459999999999946e-01 5.482000000000000206e-01 -7.871040000000000258e-01 -2.827430000000000221e-01
1.100000000000000000e+01 7.500000000000000000e+01 5.400000000000000000e+01 0.000000000000000000e+00 1.600000000000000089e+00 -5.237359999999999793e-01 -1.601269999999999916e-01 8.366959999999999953e-01 -8.347999999999999865e-01 -9.922100000000000364e-02 -5.415379999999999638e-01 1.697329999999999950e-01 -9.820969999999999978e-01 -8.170900000000000385e-02
2.700000000000000000e+01 7.900000000000000000e+01 5.400000000000000000e+01 0.000000000000000000e+00 1.600000000000000089e+00 -3.104750000000000010e-01 -4.408039999999999736e-01 -8.421980000000000022e-01 -1.161640000000000034e-01 -8.617470000000000407e-01 4.938600000000000212e-01 -9.434569999999999901e-01 2.511639999999999984e-01 2.163450000000000095e-01
2.000000000000000000e+00 2.500000000000000000e+01 5.500000000000000000e+01 0.000000000000000000e+00 1.600000000000000089e+00 1.061000000000000094e-03 -1.631000000000000071e-03 -9.999980000000000535e-01 -6.983999999999999757e-03 -9.999740000000000295e-01 1.623000000000000094e-03 -9.999749999999999472e-01 6.982000000000000359e-03 -1.072000000000000036e-03
6.000000000000000000e+00 2.500000000000000000e+01 5.500000000000000000e+01 0.000000000000000000e+00 1.600000000000000089e+00 6.999999999999999895e-06 -4.146000000000000379e-03 -9.999909999999999632e-01 -7.979999999999999247e-03 -9.999599999999999600e-01 4.145000000000000247e-03 -9.999679999999999680e-01 7.979999999999999247e-03 -4.000000000000000327e-05
1.400000000000000000e+01 2.500000000000000000e+01 5.500000000000000000e+01 0.000000000000000000e+00 1.600000000000000089e+00 1.193000000000000050e-03 9.479999999999999495e-04 -9.999989999999999712e-01 -1.256900000000000031e-02 -9.999209999999999487e-01 -9.629999999999999888e-04 -9.999200000000000310e-01 1.256999999999999958e-02 -1.180999999999999975e-03
1.800000000000000000e+01 2.500000000000000000e+01 5.500000000000000000e+01 0.000000000000000000e+00 1.600000000000000089e+00 -8.739999999999999939e-04 -7.950000000000000252e-04 -9.999989999999999712e-01 -1.096899999999999958e-02 -9.999400000000000510e-01 8.050000000000000515e-04 -9.999390000000000223e-01 1.097000000000000058e-02 8.649999999999999920e-04
2.500000000000000000e+01 2.500000000000000000e+01 5.500000000000000000e+01 0.000000000000000000e+00 1.600000000000000089e+00 -1.920000000000000049e-03 -3.926500000000000129e-02 -9.992269999999999763e-01 -1.154499999999999971e-02 -9.991609999999999658e-01 3.928500000000000048e-02 -9.999320000000000430e-01 1.161099999999999979e-02 1.464999999999999939e-03
2.600000000000000000e+01 8.000000000000000000e+01 5.500000000000000000e+01 0.000000000000000000e+00 1.600000000000000089e+00 -1.040119999999999933e-01 -5.543139999999999734e-01 -8.257830000000000448e-01 -6.586300000000000487e-02 -8.246250000000000524e-01 5.618330000000000268e-01 -9.923929999999999696e-01 1.128259999999999957e-01 4.926200000000000023e-02
4.000000000000000000e+00 8.500000000000000000e+01 5.500000000000000000e+01 0.000000000000000000e+00 1.600000000000000089e+00 9.343500000000000416e-02 -3.800919999999999854e-01 -9.202179999999999804e-01 8.184540000000000148e-01 -4.969660000000000188e-01 2.883720000000000172e-01 -5.669250000000000123e-01 -7.800989999999999869e-01 2.646530000000000271e-01
2.000000000000000000e+00 2.100000000000000000e+01 6.000000000000000000e+01 0.000000000000000000e+00 1.600000000000000089e+00 1.010000000000000020e-04 6.912999999999999874e-03 9.999759999999999760e-01 -9.644800000000000595e-02 9.953140000000000320e-01 -6.871000000000000371e-03 -9.953379999999999450e-01 -9.644500000000000295e-02 7.669999999999999951e-04
1.100000000000000000e+01 2.100000000000000000e+01 6.000000000000000000e+01 0.000000000000000000e+00 1.600000000000000089e+00 2.925000000000000083e-03 -1.757000000000000098e-03 9.999940000000000495e-01 -9.468400000000000427e-02 9.955049999999999732e-01 2.026000000000000023e-03 -9.955030000000000268e-01 -9.468899999999999539e-02 2.745000000000000044e-03
2.200000000000000000e+01 2.100000000000000000e+01 6.000000000000000000e+01 0.000000000000000000e+00 1.600000000000000089e+00 -1.340000000000000045e-04 -7.861999999999999197e-03 9.999689999999999968e-01 -9.814399999999999513e-02 9.951419999999999710e-01 7.811000000000000235e-03 -9.951719999999999455e-01 -9.814000000000000501e-02 -9.049999999999999885e-04
2.900000000000000000e+01 2.100000000000000000e+01 6.000000000000000000e+01 0.000000000000000000e+00 1.600000000000000089e+00 2.699000000000000010e-03 -3.440000000000000132e-04 9.999959999999999960e-01 -9.702500000000000013e-02 9.952820000000000000e-01 6.049999999999999606e-04 -9.952779999999999960e-01 -9.702600000000000113e-02 2.652999999999999976e-03
2.000000000000000000e+00 6.800000000000000000e+01 6.000000000000000000e+01 0.000000000000000000e+00 1.600000000000000089e+00 1.497159999999999880e-01 -3.151079999999999992e-01 9.371720000000000050e-01 6.163920000000000510e-01 -7.113709999999999756e-01 -3.376569999999999849e-01 7.730759999999999854e-01 6.282180000000000542e-01 8.772599999999999842e-02
2.500000000000000000e+01 6.000000000000000000e+00 6.100000000000000000e+01 0.000000000000000000e+00 1.600000000000000089e+00 -1.131999999999999977e-03 3.680999999999999810e-03 9.999930000000000208e-01 5.759330000000000283e-01 -8.174890000000000212e-01 3.661000000000000192e-03 8.174960000000000004e-01 5.759319999999999995e-01 -1.193999999999999966e-03
2.000000000000000000e+00 7.600000000000000000e+01 6.200000000000000000e+01 0.000000000000000000e+00 1.600000000000000089e+00 8.119750000000000023e-01 -4.697009999999999796e-01 3.465230000000000254e-01 5.285800000000000498e-01 8.435289999999999733e-01 -9.519299999999999984e-02 -2.475900000000000045e-01 2.604589999999999961e-01 9.331990000000000007e-01
2.400000000000000000e+01 8.900000000000000000e+01 6.200000000000000000e+01 0.000000000000000000e+00 1.600000000000000089e+00 -1.235139999999999988e-01 4.800110000000000210e-01 8.685239999999999627e-01 8.176729999999999832e-01 5.451460000000000194e-01 -1.850060000000000038e-01 -5.622770000000000268e-01 6.873179999999999845e-01 -4.598249999999999837e-01
3.000000000000000000e+00 3.000000000000000000e+00 6.300000000000000000e+01 0.000000000000000000e+00 1.600000000000000089e+00 7.140000000000000079e-04 1.546000000000000065e-03 9.999989999999999712e-01 -6.130470000000000086e-01 7.900460000000000260e-01 -7.839999999999999747e-04 -7.900460000000000260e-01 -6.130449999999999511e-01 1.512000000000000106e-03
