1.300000000000000000e+01 2.500000000000000000e+01 1.000000000000000000e+00 0.000000000000000000e+00 1.600000000000000089e+00 1.569999999999999998e-03 1.951000000000000043e-03 -9.999970000000000248e-01 -5.212379999999999791e-01 -8.534080000000000554e-01 -2.482999999999999964e-03 -8.534100000000000019e-01 5.212400000000000366e-01 -3.229999999999999907e-04
2.000000000000000000e+01 2.500000000000000000e+01 1.000000000000000000e+00 0.000000000000000000e+00 1.600000000000000089e+00 -1.463000000000000108e-03 2.492999999999999990e-03 -9.999959999999999960e-01 -5.246549999999999825e-01 -8.513140000000000152e-01 -1.355000000000000085e-03 -8.513140000000000152e-01 5.246499999999999497e-01 2.553000000000000148e-03
2.800000000000000000e+01 1.500000000000000000e+01 4.000000000000000000e+00 0.000000000000000000e+00 1.600000000000000089e+00 2.612000000000000172e-03 -1.898299999999999987e-02 9.998160000000000380e-01 3.820450000000000235e-01 -9.239579999999999460e-01 -1.854099999999999845e-02 9.241399999999999615e-01 3.820230000000000015e-01 4.839000000000000419e-03
6.000000000000000000e+00 1.900000000000000000e+01 5.000000000000000000e+00 0.000000000000000000e+00 1.600000000000000089e+00 -1.745999999999999939e-03 -9.890000000000000787e-04 -9.999980000000000535e-01 -6.932779999999999498e-01 -7.206679999999999753e-01 1.923000000000000013e-03 -7.206690000000000040e-01 6.932800000000000074e-01 5.730000000000000501e-04
5.000000000000000000e+00 1.010000000000000000e+02 7.000000000000000000e+00 0.000000000000000000e+00 1.600000000000000089e+00 2.020000000000000040e-04 3.448999999999999809e-03 9.999940000000000495e-01 8.864520000000000177e-01 4.628160000000000052e-01 -1.776000000000000018e-03 -4.628200000000000092e-01 8.864469999999999850e-01 -2.964000000000000055e-03
8.000000000000000000e+00 1.010000000000000000e+02 7.000000000000000000e+00 0.000000000000000000e+00 1.600000000000000089e+00 -3.033999999999999805e-03 7.574000000000000003e-03 9.999670000000000503e-01 8.868239999999999457e-01 4.621069999999999900e-01 -8.090000000000000403e-04 -4.620980000000000087e-01 8.867920000000000247e-01 -8.118999999999999481e-03
1.400000000000000000e+01 1.010000000000000000e+02 7.000000000000000000e+00 0.000000000000000000e+00 1.600000000000000089e+00 -2.611000000000000040e-03 4.124000000000000062e-03 9.999879999999999880e-01 8.852170000000000316e-01 4.651779999999999804e-01 3.930000000000000117e-04 -4.651710000000000012e-01 8.852069999999999661e-01 -4.865000000000000401e-03
1.700000000000000000e+01 1.010000000000000000e+02 7.000000000000000000e+00 0.000000000000000000e+00 1.600000000000000089e+00 -5.299999999999999807e-04 1.325000000000000006e-03 9.999989999999999712e-01 8.839759999999999840e-01 4.675320000000000031e-01 -1.520000000000000084e-04 -4.675320000000000031e-01 8.839749999999999552e-01 -1.418999999999999906e-03
2.500000000000000000e+01 1.500000000000000000e+01 8.000000000000000000e+00 0.000000000000000000e+00 1.600000000000000089e+00 -4.189999999999999931e-04 -2.437100000000000030e-02 -9.997030000000000083e-01 -6.186300000000000132e-01 -7.854430000000000023e-01 1.940700000000000064e-02 -7.856819999999999915e-01 6.184549999999999770e-01 -1.474800000000000069e-02
5.000000000000000000e+00 2.500000000000000000e+01 8.000000000000000000e+00 0.000000000000000000e+00 1.600000000000000089e+00 2.295999999999999864e-03 6.710999999999999951e-03 -9.999749999999999472e-01 4.419290000000000163e-01 8.970219999999999860e-01 7.034999999999999587e-03 8.970470000000000388e-01 -4.419339999999999935e-01 -9.060000000000000128e-04
8.000000000000000000e+00 2.500000000000000000e+01 8.000000000000000000e+00 0.000000000000000000e+00 1.600000000000000089e+00 3.609999999999999928e-04 5.624999999999999792e-03 -9.999839999999999840e-01 4.414950000000000263e-01 8.972489999999999633e-01 5.205999999999999690e-03 8.972639999999999505e-01 -4.414899999999999936e-01 -2.158999999999999895e-03
1.200000000000000000e+01 2.500000000000000000e+01 8.000000000000000000e+00 0.000000000000000000e+00 1.600000000000000089e+00 -1.361999999999999929e-03 -7.488999999999999997e-03 -9.999710000000000543e-01 4.430919999999999859e-01 8.964469999999999938e-01 -7.316999999999999720e-03 8.964750000000000218e-01 -4.430890000000000106e-01 2.098000000000000038e-03
1.800000000000000000e+01 2.500000000000000000e+01 8.000000000000000000e+00 0.000000000000000000e+00 1.600000000000000089e+00 9.979999999999999722e-04 2.942999999999999870e-03 -9.999949999999999672e-01 4.439939999999999998e-01 8.960249999999999604e-01 3.079999999999999839e-03 8.960289999999999644e-01 -4.439939999999999998e-01 -4.119999999999999856e-04
2.200000000000000000e+01 2.500000000000000000e+01 8.000000000000000000e+00 0.000000000000000000e+00 1.600000000000000089e+00 1.824000000000000100e-03 5.987000000000000134e-03 -9.999799999999999800e-01 4.429199999999999804e-01 8.965400000000000036e-01 6.176000000000000066e-03 8.965589999999999948e-01 -4.429230000000000111e-01 -1.016999999999999892e-03
2.600000000000000000e+01 2.500000000000000000e+01 8.000000000000000000e+00 0.000000000000000000e+00 1.600000000000000089e+00 1.667999999999999995e-03 4.079999999999999968e-04 -9.999989999999999712e-01 4.412889999999999868e-01 8.973640000000000505e-01 1.101999999999999898e-03 8.973640000000000505e-01 -4.412900000000000156e-01 1.317000000000000028e-03
2.000000000000000000e+00 9.000000000000000000e+00 9.000000000000000000e+00 0.000000000000000000e+00 1.600000000000000089e+00 4.324499999999999872e-02 2.733400000000000066e-02 -9.986909999999999954e-01 -9.509279999999999955e-01 -3.054230000000000000e-01 -4.953599999999999670e-02 -3.063770000000000104e-01 9.518240000000000034e-01 1.278400000000000022e-02
4.000000000000000000e+00 2.400000000000000000e+01 9.000000000000000000e+00 0.000000000000000000e+00 1.600000000000000089e+00 2.162999999999999992e-03 3.282999999999999894e-03 -9.999919999999999920e-01 4.503289999999999793e-01 8.928540000000000365e-01 3.906000000000000184e-03 8.928599999999999870e-01 -4.503340000000000121e-01 4.530000000000000064e-04
8.000000000000000000e+00 2.400000000000000000e+01 9.000000000000000000e+00 0.000000000000000000e+00 1.600000000000000089e+00 3.539999999999999853e-04 6.194999999999999986e-03 -9.999810000000000088e-01 4.490169999999999995e-01 8.935049999999999937e-01 5.695000000000000409e-03 8.935229999999999562e-01 -4.490109999999999935e-01 -2.465000000000000177e-03
1.200000000000000000e+01 2.400000000000000000e+01 9.000000000000000000e+00 0.000000000000000000e+00 1.600000000000000089e+00 -1.603000000000000041e-03 -6.731000000000000004e-03 -9.999759999999999760e-01 4.504059999999999730e-01 8.927990000000000093e-01 -6.732000000000000137e-03 8.928230000000000333e-01 -4.504059999999999730e-01 1.600999999999999993e-03
1.800000000000000000e+01 2.400000000000000000e+01 9.000000000000000000e+00 0.000000000000000000e+00 1.600000000000000089e+00 9.529999999999999626e-04 2.407999999999999984e-03 -9.999970000000000248e-01 4.512399999999999745e-01 8.923990000000000533e-01 2.579000000000000129e-03 8.924020000000000286e-01 -4.512410000000000032e-01 -2.359999999999999902e-04
2.400000000000000000e+01 2.400000000000000000e+01 9.000000000000000000e+00 0.000000000000000000e+00 1.600000000000000089e+00 2.162999999999999992e-03 4.784000000000000058e-03 -9.999860000000000415e-01 4.486930000000000085e-01 8.936699999999999644e-01 5.245999999999999795e-03 8.936830000000000052e-01 -4.486979999999999857e-01 -2.139999999999999975e-04
2.200000000000000000e+01 8.000000000000000000e+00 1.000000000000000000e+01 0.000000000000000000e+00 1.600000000000000089e+00 -1.583380000000000065e-01 -1.133229999999999932e-01 -9.808599999999999541e-01 -9.489229999999999610e-01 -2.570939999999999892e-01 1.828859999999999930e-01 -2.728979999999999739e-01 9.597189999999999888e-01 -6.682699999999999751e-02
1.700000000000000000e+01 3.100000000000000000e+01 1.200000000000000000e+01 0.000000000000000000e+00 1.600000000000000089e+00 1.453999999999999997e-03 -2.210000000000000050e-04 9.999989999999999712e-01 -1.181699999999999938e-02 9.999299999999999855e-01 2.380000000000000117e-04 -9.999289999999999567e-01 -1.181699999999999938e-02 1.451000000000000033e-03
2.800000000000000000e+01 3.100000000000000000e+01 1.200000000000000000e+01 0.000000000000000000e+00 1.600000000000000089e+00 -5.919999999999999698e-04 2.572000000000000067e-03 9.999959999999999960e-01 -5.746000000000000239e-03 9.999799999999999800e-01 -2.575000000000000032e-03 -9.999829999999999552e-01 -5.747000000000000372e-03 -5.770000000000000389e-04
2.000000000000000000e+00 3.500000000000000000e+01 1.200000000000000000e+01 0.000000000000000000e+00 1.600000000000000089e+00 -1.255999999999999955e-03 -3.112000000000000183e-03 -9.999940000000000495e-01 4.718570000000000264e-01 -8.816720000000000113e-01 2.151000000000000134e-03 -8.816739999999999577e-01 -4.718519999999999937e-01 2.576000000000000165e-03
7.000000000000000000e+00 3.500000000000000000e+01 1.200000000000000000e+01 0.000000000000000000e+00 1.600000000000000089e+00 -1.579999999999999916e-04 2.429000000000000169e-03 -9.999970000000000248e-01 4.735090000000000132e-01 -8.807859999999999578e-01 -2.213999999999999822e-03 -8.807890000000000441e-01 -4.735079999999999845e-01 -1.010000000000000047e-03
1.300000000000000000e+01 3.500000000000000000e+01 1.200000000000000000e+01 0.000000000000000000e+00 1.600000000000000089e+00 -3.660000000000000059e-03 1.106399999999999918e-02 -9.999320000000000430e-01 5.077019999999999866e-01 -8.614570000000000283e-01 -1.139000000000000082e-02 -8.615249999999999853e-01 -5.077089999999999659e-01 -2.464000000000000044e-03
2.000000000000000000e+01 3.500000000000000000e+01 1.200000000000000000e+01 0.000000000000000000e+00 1.600000000000000089e+00 -4.734999999999999626e-03 1.720999999999999960e-02 -9.998409999999999798e-01 5.617339999999999556e-01 -8.271450000000000191e-01 -1.689799999999999983e-02 -8.273040000000000393e-01 -5.617250000000000298e-01 -5.751000000000000036e-03
2.000000000000000000e+00 3.200000000000000000e+01 1.400000000000000000e+01 0.000000000000000000e+00 1.600000000000000089e+00 4.035999999999999657e-03 1.503999999999999912e-03 -9.999909999999999632e-01 9.963400000000000034e-02 9.950219999999999620e-01 1.899000000000000080e-03 9.950160000000000116e-01 -9.964099999999999346e-02 3.866000000000000079e-03
9.000000000000000000e+00 1.200000000000000000e+01 1.600000000000000000e+01 0.000000000000000000e+00 1.600000000000000089e+00 -2.432999999999999833e-03 2.126000000000000112e-02 9.997709999999999653e-01 2.069000000000000006e-01 -9.781300000000000550e-01 2.130299999999999902e-02 9.783589999999999787e-01 2.069050000000000056e-01 -2.017999999999999829e-03
1.400000000000000000e+01 1.200000000000000000e+01 1.600000000000000000e+01 0.000000000000000000e+00 1.600000000000000089e+00 3.690000000000000246e-04 -2.145599999999999938e-02 9.997700000000000475e-01 2.058039999999999869e-01 -9.783659999999999579e-01 -2.107300000000000145e-02 9.785930000000000462e-01 2.057640000000000025e-01 4.054999999999999577e-03
6.000000000000000000e+00 1.160000000000000000e+02 1.600000000000000000e+01 0.000000000000000000e+00 1.600000000000000089e+00 3.220000000000000206e-03 1.172999999999999998e-03 9.999940000000000495e-01 7.588709999999999622e-01 6.512329999999999508e-01 -3.207999999999999914e-03 -6.512329999999999508e-01 7.588770000000000238e-01 1.206999999999999957e-03
1.700000000000000000e+01 1.160000000000000000e+02 1.600000000000000000e+01 0.000000000000000000e+00 1.600000000000000089e+00 2.080999999999999951e-03 -3.899999999999999929e-05 9.999980000000000535e-01 7.679070000000000062e-01 6.405600000000000183e-01 -1.572999999999999962e-03 -6.405579999999999607e-01 7.679080000000000350e-01 1.363000000000000062e-03
2.700000000000000000e+01 1.160000000000000000e+02 1.600000000000000000e+01 0.000000000000000000e+00 1.600000000000000089e+00 3.829999999999999854e-04 4.569999999999999952e-04 1.000000000000000000e+00 7.663489999999999469e-01 6.424239999999999950e-01 -5.869999999999999567e-04 -6.424250000000000238e-01 7.663489999999999469e-01 -1.050000000000000044e-04
2.000000000000000000e+00 2.000000000000000000e+00 1.900000000000000000e+01 0.000000000000000000e+00 1.600000000000000089e+00 -6.152000000000000350e-03 1.621099999999999972e-02 -9.998500000000000165e-01 3.306359999999999855e-01 -9.435989999999999656e-01 -1.733300000000000118e-02 -9.437379999999999658e-01 -3.306930000000000147e-01 4.449999999999999746e-04
6.000000000000000000e+00 2.000000000000000000e+00 1.900000000000000000e+01 0.000000000000000000e+00 1.600000000000000089e+00 -5.787999999999999742e-03 1.544799999999999993e-02 -9.998639999999999750e-01 3.301000000000000045e-01 -9.438020000000000298e-01 -1.649300000000000072e-02 -9.439279999999999893e-01 -3.301499999999999990e-01 3.629999999999999872e-04
2.000000000000000000e+01 2.000000000000000000e+00 1.900000000000000000e+01 0.000000000000000000e+00 1.600000000000000089e+00 7.407000000000000389e-03 -5.866299999999999987e-02 -9.982499999999999707e-01 3.411069999999999935e-01 -9.382540000000000324e-01 5.766899999999999804e-02 -9.399950000000000250e-01 -3.409369999999999901e-01 1.306099999999999969e-02
2.700000000000000000e+01 2.000000000000000000e+00 1.900000000000000000e+01 0.000000000000000000e+00 1.600000000000000089e+00 7.178999999999999618e-03 -6.681299999999999739e-02 -9.977399999999999602e-01 3.669410000000000172e-01 -9.279859999999999776e-01 6.478200000000000625e-02 -9.302160000000000428e-01 -3.665769999999999862e-01 1.785499999999999934e-02
1.200000000000000000e+01 3.000000000000000000e+00 1.900000000000000000e+01 0.000000000000000000e+00 1.600000000000000089e+00 -2.100000000000000087e-04 1.778000000000000067e-02 -9.998420000000000085e-01 3.142039999999999833e-01 -9.492040000000000477e-01 -1.694500000000000173e-02 -9.493559999999999777e-01 -3.141579999999999928e-01 -5.387000000000000295e-03
1.200000000000000000e+01 4.000000000000000000e+00 2.000000000000000000e+01 0.000000000000000000e+00 1.600000000000000089e+00 3.820000000000000153e-04 1.931099999999999831e-02 -9.998129999999999518e-01 3.798059999999999770e-01 -9.248960000000000514e-01 -1.771899999999999864e-02 -9.250660000000000549e-01 -3.797280000000000100e-01 -7.687000000000000256e-03
1.600000000000000000e+01 4.000000000000000000e+00 2.000000000000000000e+01 0.000000000000000000e+00 1.600000000000000089e+00 4.422999999999999848e-03 -1.139300000000000035e-02 -9.999249999999999527e-01 3.804669999999999996e-01 -9.247140000000000359e-01 1.221900000000000069e-02 -9.247840000000000504e-01 -3.804930000000000256e-01 2.439999999999999949e-04
3.000000000000000000e+00 1.300000000000000000e+01 2.000000000000000000e+01 0.000000000000000000e+00 1.600000000000000089e+00 6.560000000000000076e-04 -8.819000000000000450e-03 9.999609999999999888e-01 2.691120000000000179e-01 9.630729999999999569e-01 8.316999999999999740e-03 -9.631089999999999929e-01 2.690960000000000019e-01 3.004999999999999859e-03
8.000000000000000000e+00 1.300000000000000000e+01 2.000000000000000000e+01 0.000000000000000000e+00 1.600000000000000089e+00 5.069999999999999637e-04 -5.850000000000000165e-04 1.000000000000000000e+00 2.715009999999999923e-01 9.624380000000000157e-01 4.249999999999999763e-04 -9.624380000000000157e-01 2.715009999999999923e-01 6.470000000000000057e-04
1.100000000000000000e+01 1.300000000000000000e+01 2.000000000000000000e+01 0.000000000000000000e+00 1.600000000000000089e+00 8.210000000000000067e-04 2.184999999999999876e-03 9.999970000000000248e-01 2.733010000000000161e-01 9.619259999999999478e-01 -2.327000000000000075e-03 -9.619280000000000053e-01 2.733019999999999894e-01 1.920000000000000049e-04
1.600000000000000000e+01 1.300000000000000000e+01 2.000000000000000000e+01 0.000000000000000000e+00 1.600000000000000089e+00 6.769999999999999759e-04 -3.199999999999999855e-05 1.000000000000000000e+00 2.694170000000000176e-01 9.630239999999999911e-01 -1.520000000000000084e-04 -9.630229999999999624e-01 2.694170000000000176e-01 6.599999999999999964e-04
2.200000000000000000e+01 1.300000000000000000e+01 2.000000000000000000e+01 0.000000000000000000e+00 1.600000000000000089e+00 4.240000000000000062e-04 1.155999999999999910e-03 9.999989999999999712e-01 2.594940000000000024e-01 9.657440000000000468e-01 -1.226000000000000093e-03 -9.657440000000000468e-01 2.594949999999999757e-01 1.090000000000000067e-04
1.200000000000000000e+01 3.000000000000000000e+00 2.500000000000000000e+01 0.000000000000000000e+00 1.600000000000000089e+00 -2.478000000000000168e-03 2.041899999999999965e-02 9.997880000000000100e-01 -3.590700000000000142e-02 -9.991489999999999538e-01 2.031700000000000172e-02 9.993520000000000181e-01 -3.584899999999999892e-02 3.209000000000000047e-03
1.700000000000000000e+01 3.000000000000000000e+00 2.500000000000000000e+01 0.000000000000000000e+00 1.600000000000000089e+00 1.518999999999999951e-03 -1.804400000000000101e-02 9.998359999999999470e-01 -1.711800000000000127e-02 -9.996909999999999963e-01 -1.801600000000000076e-02 9.998519999999999630e-01 -1.708799999999999902e-02 -1.827000000000000065e-03
2.200000000000000000e+01 3.000000000000000000e+00 2.500000000000000000e+01 0.000000000000000000e+00 1.600000000000000089e+00 9.114000000000000573e-03 -4.975500000000000062e-02 9.987200000000000522e-01 2.706899999999999931e-02 -9.983830000000000204e-01 -4.998600000000000265e-02 9.995920000000000361e-01 2.749000000000000055e-02 -7.753000000000000343e-03
3.000000000000000000e+01 3.000000000000000000e+00 2.500000000000000000e+01 0.000000000000000000e+00 1.600000000000000089e+00 3.488999999999999914e-03 -2.312700000000000172e-02 9.997260000000000035e-01 -7.008000000000000340e-03 -9.997089999999999588e-01 -2.310200000000000101e-02 9.999689999999999968e-01 -6.925999999999999865e-03 -3.650000000000000033e-03
2.500000000000000000e+01 4.600000000000000000e+01 2.700000000000000000e+01 0.000000000000000000e+00 1.600000000000000089e+00 3.899999999999999929e-04 2.448000000000000089e-03 -9.999970000000000248e-01 6.722890000000000255e-01 7.402859999999999996e-01 2.073999999999999889e-03 7.402879999999999461e-01 -6.722879999999999967e-01 -1.356999999999999916e-03
2.900000000000000000e+01 4.600000000000000000e+01 2.700000000000000000e+01 0.000000000000000000e+00 1.600000000000000089e+00 2.926999999999999914e-03 2.301999999999999793e-03 -9.999930000000000208e-01 6.763470000000000315e-01 7.365739999999999510e-01 3.674999999999999881e-03 7.365770000000000373e-01 -6.763529999999999820e-01 5.990000000000000316e-04
9.000000000000000000e+00 4.600000000000000000e+01 3.000000000000000000e+01 0.000000000000000000e+00 1.600000000000000089e+00 -4.899999999999999842e-04 -1.657999999999999969e-03 -9.999989999999999712e-01 3.258199999999999985e-01 9.454299999999999926e-01 -1.727000000000000019e-03 9.454320000000000501e-01 -3.258199999999999985e-01 7.799999999999999859e-05
1.100000000000000000e+01 5.800000000000000000e+01 3.100000000000000000e+01 0.000000000000000000e+00 1.600000000000000089e+00 -6.727000000000000340e-03 -3.278999999999999797e-03 9.999719999999999720e-01 -7.621369999999999534e-01 -6.473750000000000338e-01 -7.250000000000000368e-03 6.473809999999999842e-01 -7.621639999999999526e-01 1.856000000000000011e-03
1.500000000000000000e+01 5.800000000000000000e+01 3.100000000000000000e+01 0.000000000000000000e+00 1.600000000000000089e+00 -4.526999999999999774e-03 -5.521999999999999999e-03 9.999749999999999472e-01 -7.636479999999999935e-01 -6.455940000000000012e-01 -7.021999999999999596e-03 6.456169999999999964e-01 -7.636610000000000342e-01 -1.294000000000000011e-03
2.200000000000000000e+01 2.300000000000000000e+01 3.400000000000000000e+01 0.000000000000000000e+00 1.600000000000000089e+00 -1.216000000000000067e-03 6.249000000000000214e-03 9.999799999999999800e-01 4.069749999999999757e-01 -9.134179999999999522e-01 6.203000000000000180e-03 9.134390000000000009e-01 4.069740000000000024e-01 -1.431999999999999896e-03
2.000000000000000000e+00 4.600000000000000000e+01 3.500000000000000000e+01 0.000000000000000000e+00 1.600000000000000089e+00 1.696000000000000025e-03 -1.547999999999999897e-03 -9.999970000000000248e-01 3.913440000000000252e-01 -9.202420000000000044e-01 2.088000000000000012e-03 -9.202430000000000332e-01 -3.913460000000000272e-01 -9.550000000000000112e-04
1.000000000000000000e+01 4.600000000000000000e+01 3.500000000000000000e+01 0.000000000000000000e+00 1.600000000000000089e+00 -4.629999999999999784e-04 4.180000000000000230e-04 -1.000000000000000000e+00 3.918749999999999734e-01 -9.200180000000000025e-01 -5.659999999999999884e-04 -9.200180000000000025e-01 -3.918760000000000021e-01 2.629999999999999959e-04
1.400000000000000000e+01 4.600000000000000000e+01 3.500000000000000000e+01 0.000000000000000000e+00 1.600000000000000089e+00 5.529999999999999976e-04 2.997000000000000098e-03 -9.999949999999999672e-01 3.907720000000000082e-01 -9.204839999999999689e-01 -2.543000000000000121e-03 -9.204870000000000552e-01 -3.907689999999999775e-01 -1.680000000000000070e-03
2.100000000000000000e+01 4.600000000000000000e+01 3.500000000000000000e+01 0.000000000000000000e+00 1.600000000000000089e+00 2.999999999999999737e-04 1.090999999999999956e-03 -9.999989999999999712e-01 3.901950000000000141e-01 -9.207319999999999949e-01 -8.880000000000000089e-04 -9.207319999999999949e-01 -3.901950000000000141e-01 -7.020000000000000415e-04
2.700000000000000000e+01 4.600000000000000000e+01 3.500000000000000000e+01 0.000000000000000000e+00 1.600000000000000089e+00 2.654999999999999808e-03 3.742999999999999799e-03 -9.999900000000000455e-01 3.885489999999999777e-01 -9.214250000000000496e-01 -2.416999999999999878e-03 -9.214240000000000208e-01 -3.885379999999999945e-01 -3.900999999999999954e-03
3.000000000000000000e+00 2.900000000000000000e+01 4.400000000000000000e+01 0.000000000000000000e+00 1.600000000000000089e+00 1.322999999999999957e-03 6.999999999999999895e-06 -9.999989999999999712e-01 6.516199999999999770e-01 7.585450000000000248e-01 8.670000000000000406e-04 7.585450000000000248e-01 -6.516199999999999770e-01 9.990000000000001049e-04
9.000000000000000000e+00 2.900000000000000000e+01 4.400000000000000000e+01 0.000000000000000000e+00 1.600000000000000089e+00 2.809999999999999998e-04 -1.732999999999999948e-03 -9.999980000000000535e-01 6.502759999999999652e-01 7.596969999999999557e-01 -1.132999999999999893e-03 7.596979999999999844e-01 -6.502750000000000474e-01 1.340000000000000045e-03
1.300000000000000000e+01 2.900000000000000000e+01 4.400000000000000000e+01 0.000000000000000000e+00 1.600000000000000089e+00 -1.771999999999999921e-03 -4.367000000000000222e-03 -9.999890000000000168e-01 6.539850000000000385e-01 7.564939999999999998e-01 -4.461999999999999821e-03 7.565049999999999830e-01 -6.539859999999999562e-01 1.515999999999999986e-03
1.800000000000000000e+01 2.900000000000000000e+01 4.400000000000000000e+01 0.000000000000000000e+00 1.600000000000000089e+00 -7.190000000000000210e-04 -3.689000000000000005e-03 -9.999930000000000208e-01 6.576579999999999648e-01 7.533100000000000351e-01 -3.252000000000000116e-03 7.533159999999999856e-01 -6.576560000000000183e-01 1.884000000000000041e-03
2.300000000000000000e+01 2.900000000000000000e+01 4.400000000000000000e+01 0.000000000000000000e+00 1.600000000000000089e+00 4.539999999999999765e-04 4.889999999999999599e-04 -1.000000000000000000e+00 6.561360000000000525e-01 7.546429999999999527e-01 6.669999999999999497e-04 7.546429999999999527e-01 -6.561360000000000525e-01 2.199999999999999943e-05
8.000000000000000000e+00 6.500000000000000000e+01 4.600000000000000000e+01 0.000000000000000000e+00 1.600000000000000089e+00 -3.553000000000000169e-03 2.373000000000000109e-03 9.999909999999999632e-01 6.828119999999999745e-01 -7.305819999999999537e-01 4.159999999999999636e-03 7.305859999999999577e-01 6.828199999999999825e-01 9.759999999999999796e-04
7.000000000000000000e+00 7.000000000000000000e+01 4.700000000000000000e+01 0.000000000000000000e+00 1.600000000000000089e+00 3.990999999999999756e-03 1.781999999999999947e-03 -9.999900000000000455e-01 -8.481180000000000385e-01 -5.297899999999999832e-01 -4.329000000000000382e-03 -5.297929999999999584e-01 8.481269999999999643e-01 -6.030000000000000204e-04
1.100000000000000000e+01 5.000000000000000000e+00 5.100000000000000000e+01 0.000000000000000000e+00 1.600000000000000089e+00 -5.760000000000000146e-04 6.278999999999999859e-03 -9.999799999999999800e-01 4.889200000000000212e-01 -8.723090000000000011e-01 -5.759000000000000230e-03 -8.723279999999999923e-01 -4.889140000000000152e-01 -2.567999999999999970e-03
1.800000000000000000e+01 5.000000000000000000e+00 5.100000000000000000e+01 0.000000000000000000e+00 1.600000000000000089e+00 1.216000000000000067e-03 -2.043999999999999810e-03 -9.999970000000000248e-01 4.865849999999999898e-01 -8.736300000000000177e-01 2.377999999999999906e-03 -8.736329999999999929e-01 -4.865860000000000185e-01 -6.799999999999999946e-05
2.600000000000000000e+01 1.150000000000000000e+02 5.100000000000000000e+01 0.000000000000000000e+00 1.600000000000000089e+00 1.010000000000000020e-04 -3.687000000000000173e-03 9.999930000000000208e-01 8.443859999999999699e-01 -5.357319999999999860e-01 -2.060000000000000199e-03 5.357349999999999612e-01 8.443800000000000194e-01 3.059000000000000087e-03
1.500000000000000000e+01 7.000000000000000000e+00 5.200000000000000000e+01 0.000000000000000000e+00 1.600000000000000089e+00 1.165999999999999936e-03 -2.879000000000000049e-03 -9.999949999999999672e-01 1.247960000000000041e-01 -9.921780000000000044e-01 3.001999999999999894e-03 -9.921820000000000084e-01 -1.247989999999999933e-01 -7.969999999999999654e-04
4.000000000000000000e+00 6.300000000000000000e+01 5.400000000000000000e+01 0.000000000000000000e+00 1.600000000000000089e+00 4.690000000000000158e-04 -2.786999999999999981e-03 9.999959999999999960e-01 -3.478140000000000120e-01 9.375590000000000312e-01 2.775999999999999822e-03 -9.375630000000000353e-01 -3.478140000000000120e-01 -5.299999999999999807e-04
2.000000000000000000e+01 6.300000000000000000e+01 5.400000000000000000e+01 0.000000000000000000e+00 1.600000000000000089e+00 -2.590000000000000071e-04 -1.485999999999999908e-03 9.999989999999999712e-01 -3.484459999999999780e-01 9.373280000000000500e-01 1.302999999999999905e-03 -9.373289999999999678e-01 -3.484450000000000047e-01 -7.609999999999999577e-04
2.400000000000000000e+01 6.300000000000000000e+01 5.400000000000000000e+01 0.000000000000000000e+00 1.600000000000000089e+00 -1.191000000000000001e-03 1.800000000000000113e-04 9.999989999999999712e-01 -3.500880000000000103e-01 9.367170000000000218e-01 -5.850000000000000165e-04 -9.367159999999999931e-01 -3.500889999999999835e-01 -1.052999999999999900e-03
3.000000000000000000e+01 6.300000000000000000e+01 5.400000000000000000e+01 0.000000000000000000e+00 1.600000000000000089e+00 1.025000000000000086e-03 3.589999999999999875e-03 9.999930000000000208e-01 -3.513510000000000244e-01 9.362390000000000434e-01 -3.001000000000000195e-03 -9.362430000000000474e-01 -3.513459999999999916e-01 2.220999999999999884e-03
2.200000000000000000e+01 2.500000000000000000e+01 5.500000000000000000e+01 0.000000000000000000e+00 1.600000000000000089e+00 -3.860000000000000041e-04 1.402000000000000034e-03 -9.999989999999999712e-01 -1.188099999999999920e-02 -9.999280000000000390e-01 -1.397000000000000021e-03 -9.999289999999999567e-01 1.188099999999999920e-02 4.029999999999999837e-04
2.800000000000000000e+01 6.800000000000000000e+01 5.700000000000000000e+01 0.000000000000000000e+00 1.600000000000000089e+00 4.110000000000000155e-04 -5.765000000000000159e-03 -9.999829999999999552e-01 -2.415029999999999955e-01 -9.703840000000000243e-01 5.494999999999999885e-03 -9.704000000000000403e-01 2.414969999999999895e-01 -1.791000000000000057e-03
1.100000000000000000e+01 2.000000000000000000e+01 6.000000000000000000e+01 0.000000000000000000e+00 1.600000000000000089e+00 -1.090000000000000067e-04 3.701999999999999996e-03 9.999930000000000208e-01 -6.230299999999999727e-02 9.980499999999999927e-01 -3.701999999999999996e-03 -9.980569999999999720e-01 -6.230299999999999727e-02 1.219999999999999974e-04
2.200000000000000000e+01 2.000000000000000000e+01 6.000000000000000000e+01 0.000000000000000000e+00 1.600000000000000089e+00 4.310000000000000137e-04 -8.765000000000000221e-03 9.999609999999999888e-01 -6.330500000000000016e-02 9.979559999999999542e-01 8.774999999999999814e-03 -9.979940000000000477e-01 -6.330600000000000116e-02 -1.250000000000000026e-04
3.000000000000000000e+00 2.100000000000000000e+01 6.000000000000000000e+01 0.000000000000000000e+00 1.600000000000000089e+00 -1.123999999999999999e-03 -5.872999999999999748e-03 9.999820000000000375e-01 -9.129500000000000115e-02 9.958069999999999977e-01 5.746000000000000239e-03 -9.958230000000000137e-01 -9.128699999999999315e-02 -1.655999999999999920e-03
1.000000000000000000e+01 2.100000000000000000e+01 6.000000000000000000e+01 0.000000000000000000e+00 1.600000000000000089e+00 1.219999999999999974e-04 4.131000000000000123e-03 9.999909999999999632e-01 -9.445399999999999630e-02 9.955209999999999892e-01 -4.100999999999999611e-03 -9.955289999999999973e-01 -9.445299999999999530e-02 5.119999999999999768e-04
1.500000000000000000e+01 2.100000000000000000e+01 6.000000000000000000e+01 0.000000000000000000e+00 1.600000000000000089e+00 -7.330000000000000361e-04 3.383999999999999855e-03 9.999940000000000495e-01 -9.462099999999999678e-02 9.955070000000000308e-01 -3.438000000000000084e-03 -9.955129999999999812e-01 -9.462299999999999878e-02 -4.090000000000000211e-04
2.900000000000000000e+01 2.100000000000000000e+01 6.000000000000000000e+01 0.000000000000000000e+00 1.600000000000000089e+00 6.949999999999999798e-04 9.159000000000000474e-03 9.999580000000000135e-01 -9.482699999999999463e-02 9.954530000000000323e-01 -9.051999999999999283e-03 -9.954939999999999900e-01 -9.481599999999999751e-02 1.559999999999999972e-03
2.200000000000000000e+01 6.700000000000000000e+01 6.000000000000000000e+01 0.000000000000000000e+00 1.600000000000000089e+00 -8.130000000000000291e-04 -3.939999999999999926e-03 9.999919999999999920e-01 1.733260000000000078e-01 -9.848569999999999824e-01 -3.739000000000000136e-03 9.848639999999999617e-01 1.733210000000000028e-01 1.482999999999999943e-03
3.000000000000000000e+01 6.700000000000000000e+01 6.000000000000000000e+01 0.000000000000000000e+00 1.600000000000000089e+00 -1.897000000000000032e-03 1.074000000000000085e-03 9.999980000000000535e-01 1.737130000000000063e-01 -9.847949999999999759e-01 1.386999999999999995e-03 9.847939999999999472e-01 1.737150000000000083e-01 1.680999999999999986e-03
2.000000000000000000e+00 6.000000000000000000e+00 6.100000000000000000e+01 0.000000000000000000e+00 1.600000000000000089e+00 3.944999999999999722e-03 -3.005999999999999991e-03 9.999879999999999880e-01 5.645790000000000530e-01 -8.253650000000000153e-01 -4.708000000000000379e-03 8.253690000000000193e-01 5.645909999999999540e-01 -1.559000000000000056e-03
8.000000000000000000e+00 2.700000000000000000e+01 6.300000000000000000e+01 0.000000000000000000e+00 1.600000000000000089e+00 -2.300000000000000070e-04 -5.063999999999999925e-03 9.999869999999999592e-01 -2.734489999999999976e-01 9.618740000000000068e-01 4.807999999999999774e-03 -9.618860000000000188e-01 -2.734440000000000204e-01 -1.605000000000000090e-03
1.400000000000000000e+01 2.700000000000000000e+01 6.300000000000000000e+01 0.000000000000000000e+00 1.600000000000000089e+00 -1.520000000000000084e-04 -4.040000000000000080e-04 1.000000000000000000e+00 -2.752700000000000147e-01 9.613669999999999716e-01 3.469999999999999777e-04 -9.613669999999999716e-01 -2.752700000000000147e-01 -2.579999999999999828e-04
2.400000000000000000e+01 2.700000000000000000e+01 6.300000000000000000e+01 0.000000000000000000e+00 1.600000000000000089e+00 -4.249999999999999763e-04 -7.860000000000000233e-04 1.000000000000000000e+00 -2.746589999999999865e-01 9.615409999999999791e-01 6.390000000000000280e-04 -9.615420000000000078e-01 -2.746589999999999865e-01 -6.250000000000000130e-04
3.000000000000000000e+01 2.700000000000000000e+01 6.300000000000000000e+01 0.000000000000000000e+00 1.600000000000000089e+00 -2.403000000000000188e-03 -4.959999999999999999e-03 9.999850000000000128e-01 -2.758349999999999969e-01 9.611960000000000504e-01 4.105000000000000142e-03 -9.612020000000000008e-01 -2.758209999999999829e-01 -3.677000000000000147e-03
1.000000000000000000e+01 2.600000000000000000e+01 6.400000000000000000e+01 0.000000000000000000e+00 1.600000000000000089e+00 1.500000000000000031e-03 -4.466999999999999617e-03 9.999890000000000168e-01 -3.638370000000000215e-01 9.314510000000000289e-01 4.706000000000000114e-03 -9.314609999999999834e-01 -3.638399999999999967e-01 -2.280000000000000126e-04
1.500000000000000000e+01 2.600000000000000000e+01 6.400000000000000000e+01 0.000000000000000000e+00 1.600000000000000089e+00 -7.870000000000000476e-04 -1.123000000000000083e-03 9.999989999999999712e-01 -3.645900000000000252e-01 9.311679999999999957e-01 7.590000000000000175e-04 -9.311679999999999957e-01 -3.645889999999999964e-01 -1.142000000000000003e-03
2.100000000000000000e+01 2.600000000000000000e+01 6.400000000000000000e+01 0.000000000000000000e+00 1.600000000000000089e+00 -1.069999999999999988e-04 -8.329999999999999731e-04 1.000000000000000000e+00 -3.650660000000000016e-01 9.309819999999999762e-01 7.360000000000000006e-04 -9.309819999999999762e-01 -3.650649999999999729e-01 -4.029999999999999837e-04
2.500000000000000000e+01 2.600000000000000000e+01 6.400000000000000000e+01 0.000000000000000000e+00 1.600000000000000089e+00 2.799999999999999958e-05 -1.507000000000000093e-03 9.999989999999999712e-01 -3.682010000000000005e-01 9.297450000000000436e-01 1.410999999999999928e-03 -9.297459999999999614e-01 -3.682010000000000005e-01 -5.289999999999999564e-04
2.900000000000000000e+01 2.600000000000000000e+01 6.400000000000000000e+01 0.000000000000000000e+00 1.600000000000000089e+00 -1.796000000000000070e-03 -3.360000000000000139e-03 9.999930000000000208e-01 -3.686440000000000272e-01 9.295670000000000321e-01 2.461000000000000080e-03 -9.295689999999999786e-01 -3.686369999999999925e-01 -2.907999999999999995e-03
3.000000000000000000e+00 6.900000000000000000e+01 6.600000000000000000e+01 0.000000000000000000e+00 1.600000000000000089e+00 9.389999999999999476e-04 1.057999999999999913e-03 9.999989999999999712e-01 -9.517569999999999641e-01 3.068520000000000136e-01 5.689999999999999529e-04 -3.068509999999999849e-01 -9.517569999999999641e-01 1.294999999999999927e-03
2.000000000000000000e+01 6.900000000000000000e+01 6.600000000000000000e+01 0.000000000000000000e+00 1.600000000000000089e+00 -1.005999999999999950e-03 -1.497000000000000067e-03 9.999980000000000535e-01 -9.556360000000000410e-01 2.945510000000000073e-01 -5.209999999999999788e-04 -2.945499999999999785e-01 -9.556350000000000122e-01 -1.727000000000000019e-03
3.000000000000000000e+00 2.500000000000000000e+01 7.300000000000000000e+01 0.000000000000000000e+00 1.600000000000000089e+00 1.152000000000000029e-03 3.364999999999999936e-03 9.999940000000000495e-01 7.574109999999999454e-01 -6.529369999999999896e-01 1.324000000000000090e-03 6.529369999999999896e-01 7.574049999999999949e-01 -3.301000000000000115e-03
6.000000000000000000e+00 2.500000000000000000e+01 7.300000000000000000e+01 0.000000000000000000e+00 1.600000000000000089e+00 8.620000000000000275e-04 1.217999999999999899e-03 9.999989999999999712e-01 7.563619999999999788e-01 -6.541529999999999845e-01 1.440000000000000036e-04 6.541529999999999845e-01 7.563609999999999500e-01 -1.484999999999999992e-03
1.200000000000000000e+01 2.500000000000000000e+01 7.300000000000000000e+01 0.000000000000000000e+00 1.600000000000000089e+00 -1.747000000000000072e-03 -3.327999999999999795e-03 9.999930000000000208e-01 7.515540000000000553e-01 -6.596699999999999786e-01 -8.819999999999999715e-04 6.596689999999999499e-01 7.515479999999999938e-01 3.654000000000000130e-03
1.500000000000000000e+01 2.500000000000000000e+01 7.300000000000000000e+01 0.000000000000000000e+00 1.600000000000000089e+00 -4.850000000000000253e-04 -4.743999999999999953e-03 9.999890000000000168e-01 7.531369999999999454e-01 -6.578580000000000538e-01 -2.756000000000000203e-03 6.578629999999999756e-01 7.531269999999999909e-01 3.892000000000000060e-03
2.000000000000000000e+01 2.500000000000000000e+01 7.300000000000000000e+01 0.000000000000000000e+00 1.600000000000000089e+00 5.240000000000000517e-04 -6.780000000000000002e-04 1.000000000000000000e+00 7.545049999999999812e-01 -6.562940000000000440e-01 -8.409999999999999507e-04 6.562940000000000440e-01 7.545049999999999812e-01 1.679999999999999907e-04
2.700000000000000000e+01 2.500000000000000000e+01 7.300000000000000000e+01 0.000000000000000000e+00 1.600000000000000089e+00 -9.349999999999999587e-04 4.970000000000000459e-04 9.999989999999999712e-01 7.578310000000000324e-01 -6.524499999999999744e-01 1.033000000000000064e-03 6.524499999999999744e-01 7.578310000000000324e-01 2.329999999999999986e-04
5.000000000000000000e+00 4.400000000000000000e+01 7.300000000000000000e+01 0.000000000000000000e+00 1.600000000000000089e+00 -5.990000000000000316e-04 -1.936999999999999920e-03 9.999980000000000535e-01 5.286699999999999733e-02 -9.986000000000000432e-01 -1.902000000000000045e-03 9.986009999999999609e-01 5.286600000000000327e-02 7.010000000000000172e-04
1.200000000000000000e+01 4.400000000000000000e+01 7.300000000000000000e+01 0.000000000000000000e+00 1.600000000000000089e+00 8.069999999999999916e-04 3.599999999999999901e-03 9.999930000000000208e-01 5.304099999999999787e-02 -9.985859999999999737e-01 3.552000000000000036e-03 9.985920000000000352e-01 5.303800000000000181e-02 -9.959999999999999236e-04
1.800000000000000000e+01 4.400000000000000000e+01 7.300000000000000000e+01 0.000000000000000000e+00 1.600000000000000089e+00 1.062000000000000010e-03 2.719000000000000063e-03 9.999959999999999960e-01 5.622400000000000314e-02 -9.984150000000000524e-01 2.654999999999999808e-03 9.984180000000000277e-01 5.622100000000000014e-02 -1.213000000000000102e-03
2.500000000000000000e+01 4.400000000000000000e+01 7.300000000000000000e+01 0.000000000000000000e+00 1.600000000000000089e+00 -6.179999999999999513e-04 -3.193999999999999791e-03 9.999949999999999672e-01 5.446999999999999759e-02 -9.985100000000000087e-01 -3.154999999999999818e-03 9.985150000000000414e-01 5.446800000000000253e-02 7.910000000000000364e-04
2.900000000000000000e+01 4.400000000000000000e+01 7.300000000000000000e+01 0.000000000000000000e+00 1.600000000000000089e+00 5.090000000000000123e-04 -3.229000000000000099e-03 9.999949999999999672e-01 5.381999999999999978e-02 -9.985450000000000159e-01 -3.250999999999999984e-03 9.985509999999999664e-01 5.382100000000000078e-02 -3.350000000000000113e-04
3.000000000000000000e+00 9.100000000000000000e+01 7.600000000000000000e+01 0.000000000000000000e+00 1.600000000000000089e+00 2.169999999999999891e-04 1.262000000000000101e-03 9.999989999999999712e-01 3.297059999999999991e-01 -9.440830000000000055e-01 1.119999999999999902e-03 9.440840000000000343e-01 3.297059999999999991e-01 -6.210000000000000242e-04
6.000000000000000000e+00 9.100000000000000000e+01 7.600000000000000000e+01 0.000000000000000000e+00 1.600000000000000089e+00 -8.090000000000000403e-04 -5.800000000000000034e-05 1.000000000000000000e+00 3.283889999999999865e-01 -9.445430000000000215e-01 2.110000000000000059e-04 9.445419999999999927e-01 3.283889999999999865e-01 7.829999999999999504e-04
1.000000000000000000e+01 9.100000000000000000e+01 7.600000000000000000e+01 0.000000000000000000e+00 1.600000000000000089e+00 2.860000000000000129e-04 7.550000000000000287e-04 1.000000000000000000e+00 3.174239999999999839e-01 -9.482840000000000158e-01 6.250000000000000130e-04 9.482840000000000158e-01 3.174239999999999839e-01 -5.109999999999999525e-04
