3.000000000000000000e+00 2.500000000000000000e+01 1.000000000000000000e+00 0.000000000000000000e+00 1.600000000000000089e+00 1.025000000000000086e-03 4.889000000000000117e-03 -9.999869999999999592e-01 -5.210360000000000547e-01 -8.535220000000000029e-01 -4.707000000000000246e-03 -8.535340000000000149e-01 5.210350000000000259e-01 1.673000000000000008e-03
1.000000000000000000e+01 2.500000000000000000e+01 1.000000000000000000e+00 0.000000000000000000e+00 1.600000000000000089e+00 -1.463000000000000108e-03 2.492999999999999990e-03 -9.999959999999999960e-01 -5.246549999999999825e-01 -8.513140000000000152e-01 -1.355000000000000085e-03 -8.513140000000000152e-01 5.246499999999999497e-01 2.553000000000000148e-03
2.500000000000000000e+01 2.500000000000000000e+01 1.000000000000000000e+00 0.000000000000000000e+00 1.600000000000000089e+00 -6.459999999999999814e-04 1.817999999999999955e-03 -9.999980000000000535e-01 -5.216889999999999583e-01 -8.531349999999999767e-01 -1.214000000000000018e-03 -8.531360000000000054e-01 5.216870000000000118e-01 1.498999999999999898e-03
1.800000000000000000e+01 1.500000000000000000e+01 4.000000000000000000e+00 0.000000000000000000e+00 1.600000000000000089e+00 7.269999999999999987e-04 -1.382800000000000001e-02 9.999040000000000150e-01 3.803599999999999759e-01 -9.247459999999999569e-01 -1.306500000000000022e-02 9.248380000000000489e-01 3.803329999999999766e-01 4.588000000000000064e-03
2.700000000000000000e+01 1.500000000000000000e+01 4.000000000000000000e+00 0.000000000000000000e+00 1.600000000000000089e+00 -7.912000000000000630e-03 3.827699999999999853e-02 9.992360000000000131e-01 4.223319999999999852e-01 -9.056429999999999758e-01 3.803499999999999936e-02 9.064069999999999627e-01 4.223100000000000187e-01 -8.999999999999999320e-03
4.000000000000000000e+00 1.010000000000000000e+02 7.000000000000000000e+00 0.000000000000000000e+00 1.600000000000000089e+00 -2.116999999999999958e-03 4.046000000000000117e-03 9.999900000000000455e-01 8.846749999999999892e-01 4.662080000000000113e-01 -1.299999999999999920e-05 -4.662029999999999785e-01 8.846659999999999524e-01 -4.565999999999999746e-03
7.000000000000000000e+00 1.010000000000000000e+02 7.000000000000000000e+00 0.000000000000000000e+00 1.600000000000000089e+00 -4.939999999999999730e-04 1.386000000000000079e-03 9.999989999999999712e-01 8.839489999999999847e-01 4.675839999999999996e-01 -2.110000000000000059e-04 -4.675839999999999996e-01 8.839470000000000383e-01 -1.456000000000000046e-03
2.200000000000000000e+01 1.010000000000000000e+02 7.000000000000000000e+00 0.000000000000000000e+00 1.600000000000000089e+00 2.396000000000000126e-03 -9.771000000000000171e-03 9.999489999999999768e-01 8.864549999999999930e-01 4.628079999999999972e-01 2.397999999999999958e-03 -4.628079999999999972e-01 8.864049999999999985e-01 9.769999999999999171e-03
2.900000000000000000e+01 1.010000000000000000e+02 7.000000000000000000e+00 0.000000000000000000e+00 1.600000000000000089e+00 -2.572000000000000067e-03 2.984999999999999806e-03 9.999919999999999920e-01 8.865049999999999875e-01 4.627180000000000182e-01 8.989999999999999511e-04 -4.627109999999999834e-01 8.865009999999999835e-01 -3.837000000000000133e-03
1.500000000000000000e+01 1.500000000000000000e+01 8.000000000000000000e+00 0.000000000000000000e+00 1.600000000000000089e+00 -4.220000000000000118e-04 -2.432899999999999993e-02 -9.997040000000000370e-01 -6.186439999999999717e-01 -7.854330000000000478e-01 1.937600000000000086e-02 -7.856720000000000370e-01 6.184690000000000465e-01 -1.471899999999999945e-02
2.000000000000000000e+00 2.500000000000000000e+01 8.000000000000000000e+00 0.000000000000000000e+00 1.600000000000000089e+00 -4.749999999999999990e-04 -1.013900000000000044e-02 -9.999489999999999768e-01 4.437650000000000206e-01 8.960949999999999749e-01 -9.296999999999999709e-03 8.961430000000000229e-01 -4.437470000000000026e-01 4.073000000000000231e-03
8.000000000000000000e+00 2.500000000000000000e+01 8.000000000000000000e+00 0.000000000000000000e+00 1.600000000000000089e+00 1.002999999999999985e-03 2.939999999999999905e-03 -9.999949999999999672e-01 4.439949999999999730e-01 8.960240000000000427e-01 3.079999999999999839e-03 8.960289999999999644e-01 -4.439960000000000018e-01 -4.070000000000000267e-04
1.200000000000000000e+01 2.500000000000000000e+01 8.000000000000000000e+00 0.000000000000000000e+00 1.600000000000000089e+00 1.822999999999999968e-03 5.982000000000000338e-03 -9.999799999999999800e-01 4.429199999999999804e-01 8.965400000000000036e-01 6.171000000000000270e-03 8.965589999999999948e-01 -4.429230000000000111e-01 -1.015000000000000060e-03
1.600000000000000000e+01 2.500000000000000000e+01 8.000000000000000000e+00 0.000000000000000000e+00 1.600000000000000089e+00 1.479000000000000063e-03 -2.180000000000000134e-04 -9.999989999999999712e-01 4.415410000000000168e-01 8.972409999999999553e-01 4.580000000000000195e-04 8.972400000000000375e-01 -4.415419999999999900e-01 1.423000000000000003e-03
2.000000000000000000e+01 2.500000000000000000e+01 8.000000000000000000e+00 0.000000000000000000e+00 1.600000000000000089e+00 -5.230000000000000274e-04 -2.460000000000000164e-04 -1.000000000000000000e+00 4.404390000000000249e-01 8.977829999999999977e-01 -4.510000000000000120e-04 8.977819999999999689e-01 -4.404390000000000249e-01 -3.620000000000000171e-04
2.500000000000000000e+01 2.500000000000000000e+01 8.000000000000000000e+00 0.000000000000000000e+00 1.600000000000000089e+00 2.327000000000000075e-03 6.087999999999999662e-03 -9.999789999999999512e-01 4.384790000000000076e-01 8.987180000000000168e-01 6.492000000000000375e-03 8.987389999999999546e-01 -4.384839999999999849e-01 -5.779999999999999548e-04
3.000000000000000000e+01 2.500000000000000000e+01 8.000000000000000000e+00 0.000000000000000000e+00 1.600000000000000089e+00 1.342000000000000094e-03 -1.232999999999999938e-03 -9.999980000000000535e-01 4.380060000000000064e-01 8.989719999999999933e-01 -5.209999999999999788e-04 8.989709999999999646e-01 -4.380040000000000044e-01 1.745999999999999939e-03
2.000000000000000000e+00 2.400000000000000000e+01 9.000000000000000000e+00 0.000000000000000000e+00 1.600000000000000089e+00 -5.270000000000000162e-04 -9.409999999999999962e-03 -9.999559999999999560e-01 4.511160000000000170e-01 8.924229999999999663e-01 -8.635999999999999580e-03 8.924649999999999528e-01 -4.511009999999999742e-01 3.775000000000000144e-03
8.000000000000000000e+00 2.400000000000000000e+01 9.000000000000000000e+00 0.000000000000000000e+00 1.600000000000000089e+00 9.619999999999999645e-04 2.403000000000000188e-03 -9.999970000000000248e-01 4.512419999999999765e-01 8.923980000000000246e-01 2.579000000000000129e-03 8.924009999999999998e-01 -4.512430000000000052e-01 -2.259999999999999910e-04
1.400000000000000000e+01 2.400000000000000000e+01 9.000000000000000000e+00 0.000000000000000000e+00 1.600000000000000089e+00 2.138000000000000143e-03 4.658999999999999947e-03 -9.999869999999999592e-01 4.487459999999999782e-01 8.936439999999999939e-01 5.122999999999999950e-03 8.936570000000000347e-01 -4.487510000000000110e-01 -1.800000000000000113e-04
2.000000000000000000e+01 2.400000000000000000e+01 9.000000000000000000e+00 0.000000000000000000e+00 1.600000000000000089e+00 -2.020000000000000040e-04 -4.870000000000000197e-04 -1.000000000000000000e+00 4.468360000000000110e-01 8.946159999999999668e-01 -5.259999999999999919e-04 8.946159999999999668e-01 -4.468360000000000110e-01 3.699999999999999811e-05
2.600000000000000000e+01 2.400000000000000000e+01 9.000000000000000000e+00 0.000000000000000000e+00 1.600000000000000089e+00 2.389000000000000064e-03 3.755999999999999790e-03 -9.999900000000000455e-01 4.444279999999999897e-01 8.958040000000000447e-01 4.426000000000000247e-03 8.958120000000000527e-01 -4.444339999999999957e-01 4.699999999999999859e-04
2.800000000000000000e+01 2.400000000000000000e+01 9.000000000000000000e+00 0.000000000000000000e+00 1.600000000000000089e+00 1.848999999999999949e-03 1.699999999999999987e-05 -9.999980000000000535e-01 4.437559999999999838e-01 8.961470000000000269e-01 8.360000000000000460e-04 8.961459999999999981e-01 -4.437570000000000126e-01 1.649999999999999991e-03
1.200000000000000000e+01 8.000000000000000000e+00 1.000000000000000000e+01 0.000000000000000000e+00 1.600000000000000089e+00 -1.583400000000000085e-01 -1.133269999999999972e-01 -9.808599999999999541e-01 -9.489229999999999610e-01 -2.570919999999999872e-01 1.828889999999999960e-01 -2.728979999999999739e-01 9.597189999999999888e-01 -6.683100000000000152e-02
4.000000000000000000e+00 9.000000000000000000e+00 1.000000000000000000e+01 0.000000000000000000e+00 1.600000000000000089e+00 -4.139700000000000324e-02 -3.243800000000000155e-02 -9.986159999999999481e-01 -9.629619999999999846e-01 -2.652340000000000253e-01 4.853400000000000075e-02 -2.664420000000000122e-01 9.636379999999999946e-01 -2.025700000000000070e-02
2.900000000000000000e+01 7.000000000000000000e+00 1.100000000000000000e+01 0.000000000000000000e+00 1.600000000000000089e+00 7.060900000000000509e-02 4.536300000000000054e-02 -9.964720000000000244e-01 -9.583009999999999584e-01 -2.742220000000000213e-01 -8.038700000000000012e-02 -2.769010000000000082e-01 9.605960000000000054e-01 2.410899999999999849e-02
7.000000000000000000e+00 3.100000000000000000e+01 1.200000000000000000e+01 0.000000000000000000e+00 1.600000000000000089e+00 1.431999999999999896e-03 -2.869999999999999830e-04 9.999989999999999712e-01 -1.192499999999999984e-02 9.999289999999999567e-01 3.040000000000000167e-04 -9.999280000000000390e-01 -1.192600000000000084e-02 1.428999999999999932e-03
1.800000000000000000e+01 3.100000000000000000e+01 1.200000000000000000e+01 0.000000000000000000e+00 1.600000000000000089e+00 -8.159999999999999936e-04 6.159000000000000412e-03 9.999810000000000088e-01 -4.562000000000000083e-03 9.999710000000000543e-01 -6.163000000000000075e-03 -9.999890000000000168e-01 -4.566999999999999879e-03 -7.879999999999999635e-04
3.000000000000000000e+00 3.500000000000000000e+01 1.200000000000000000e+01 0.000000000000000000e+00 1.600000000000000089e+00 -5.198999999999999629e-03 1.121400000000000001e-02 -9.999240000000000350e-01 5.084119999999999751e-01 -8.610259999999999581e-01 -1.229899999999999917e-02 -8.610980000000000301e-01 -5.084370000000000278e-01 -1.224999999999999960e-03
1.000000000000000000e+01 3.500000000000000000e+01 1.200000000000000000e+01 0.000000000000000000e+00 1.600000000000000089e+00 -4.734999999999999626e-03 1.720999999999999960e-02 -9.998409999999999798e-01 5.617339999999999556e-01 -8.271450000000000191e-01 -1.689799999999999983e-02 -8.273040000000000393e-01 -5.617250000000000298e-01 -5.751000000000000036e-03
4.000000000000000000e+00 1.200000000000000000e+01 1.600000000000000000e+01 0.000000000000000000e+00 1.600000000000000089e+00 2.970000000000000092e-04 -2.576200000000000018e-02 9.996680000000000010e-01 2.041860000000000064e-01 -9.786059999999999759e-01 -2.528000000000000039e-02 9.789320000000000244e-01 2.041260000000000019e-01 4.969000000000000326e-03
7.000000000000000000e+00 1.160000000000000000e+02 1.600000000000000000e+01 0.000000000000000000e+00 1.600000000000000089e+00 2.121000000000000055e-03 9.000000000000000228e-06 9.999980000000000535e-01 7.673240000000000061e-01 6.412569999999999659e-01 -1.634000000000000036e-03 -6.412560000000000482e-01 7.673259999999999525e-01 1.353000000000000036e-03
1.700000000000000000e+01 1.160000000000000000e+02 1.600000000000000000e+01 0.000000000000000000e+00 1.600000000000000089e+00 3.899999999999999929e-04 4.929999999999999487e-04 1.000000000000000000e+00 7.620310000000000139e-01 6.475410000000000332e-01 -6.170000000000000354e-04 -6.475410000000000332e-01 7.620310000000000139e-01 -1.230000000000000082e-04
2.200000000000000000e+01 1.160000000000000000e+02 1.600000000000000000e+01 0.000000000000000000e+00 1.600000000000000089e+00 6.700000000000000226e-05 3.280000000000000038e-04 1.000000000000000000e+00 7.525650000000000395e-01 6.585180000000000478e-01 -2.660000000000000146e-04 -6.585180000000000478e-01 7.525650000000000395e-01 -2.030000000000000012e-04
2.600000000000000000e+01 1.160000000000000000e+02 1.600000000000000000e+01 0.000000000000000000e+00 1.600000000000000089e+00 -5.349999999999999938e-04 -1.422000000000000087e-03 9.999989999999999712e-01 7.546410000000000062e-01 6.561369999999999703e-01 1.337000000000000081e-03 -6.561379999999999990e-01 7.546410000000000062e-01 7.219999999999999855e-04
1.000000000000000000e+01 2.000000000000000000e+00 1.900000000000000000e+01 0.000000000000000000e+00 1.600000000000000089e+00 7.407000000000000389e-03 -5.866299999999999987e-02 -9.982499999999999707e-01 3.411069999999999935e-01 -9.382540000000000324e-01 5.766899999999999804e-02 -9.399950000000000250e-01 -3.409369999999999901e-01 1.306000000000000043e-02
1.700000000000000000e+01 2.000000000000000000e+00 1.900000000000000000e+01 0.000000000000000000e+00 1.600000000000000089e+00 7.212999999999999794e-03 -6.456900000000000139e-02 -9.978869999999999685e-01 3.677000000000000268e-01 -9.278290000000000148e-01 6.269299999999999873e-02 -9.299169999999999936e-01 -3.673750000000000071e-01 1.704900000000000165e-02
2.400000000000000000e+01 2.000000000000000000e+00 1.900000000000000000e+01 0.000000000000000000e+00 1.600000000000000089e+00 6.409999999999999682e-04 1.094499999999999987e-02 -9.999400000000000510e-01 3.647779999999999911e-01 -9.310410000000000075e-01 -9.957000000000000572e-03 -9.310939999999999772e-01 -3.647500000000000187e-01 -4.589000000000000197e-03
2.000000000000000000e+00 3.000000000000000000e+00 1.900000000000000000e+01 0.000000000000000000e+00 1.600000000000000089e+00 1.399999999999999986e-03 1.270899999999999981e-02 -9.999179999999999735e-01 3.147739999999999982e-01 -9.490950000000000220e-01 -1.162299999999999965e-02 -9.491659999999999542e-01 -3.147320000000000118e-01 -5.329000000000000403e-03
2.800000000000000000e+01 3.000000000000000000e+00 1.900000000000000000e+01 0.000000000000000000e+00 1.600000000000000089e+00 4.138000000000000185e-03 2.942600000000000077e-02 -9.995579999999999465e-01 3.385580000000000256e-01 -9.405780000000000252e-01 -2.628799999999999887e-02 -9.409359999999999946e-01 -3.382999999999999896e-01 -1.385499999999999926e-02
1.000000000000000000e+00 4.000000000000000000e+00 2.000000000000000000e+01 0.000000000000000000e+00 1.600000000000000089e+00 9.359999999999999831e-04 1.590099999999999847e-02 -9.998730000000000118e-01 3.816789999999999905e-01 -9.241840000000000055e-01 -1.434000000000000032e-02 -9.242949999999999777e-01 -3.816169999999999840e-01 -6.934000000000000059e-03
6.000000000000000000e+00 4.000000000000000000e+00 2.000000000000000000e+01 0.000000000000000000e+00 1.600000000000000089e+00 4.512000000000000385e-03 -1.195099999999999982e-02 -9.999179999999999735e-01 3.800229999999999997e-01 -9.248889999999999612e-01 1.276900000000000084e-02 -9.249659999999999549e-01 -3.800499999999999989e-01 3.680000000000000003e-04
1.000000000000000000e+00 1.300000000000000000e+01 2.000000000000000000e+01 0.000000000000000000e+00 1.600000000000000089e+00 1.606000000000000006e-03 3.190000000000000019e-04 9.999989999999999712e-01 2.738689999999999736e-01 9.617670000000000385e-01 -7.460000000000000268e-04 -9.617660000000000098e-01 2.738689999999999736e-01 1.456999999999999962e-03
6.000000000000000000e+00 1.300000000000000000e+01 2.000000000000000000e+01 0.000000000000000000e+00 1.600000000000000089e+00 6.980000000000000527e-04 -2.030000000000000012e-04 1.000000000000000000e+00 2.692880000000000273e-01 9.630600000000000271e-01 6.999999999999999895e-06 -9.630589999999999984e-01 2.692880000000000273e-01 7.269999999999999987e-04
1.200000000000000000e+01 1.300000000000000000e+01 2.000000000000000000e+01 0.000000000000000000e+00 1.600000000000000089e+00 4.229999999999999819e-04 1.157999999999999958e-03 9.999989999999999712e-01 2.594940000000000024e-01 9.657440000000000468e-01 -1.227999999999999925e-03 -9.657440000000000468e-01 2.594949999999999757e-01 1.079999999999999960e-04
2.000000000000000000e+01 1.300000000000000000e+01 2.000000000000000000e+01 0.000000000000000000e+00 1.600000000000000089e+00 6.009999999999999717e-04 8.245999999999999858e-03 9.999660000000000215e-01 2.610689999999999955e-01 9.652859999999999774e-01 -8.116999999999999216e-03 -9.653199999999999559e-01 2.610649999999999915e-01 -1.572999999999999962e-03
2.400000000000000000e+01 1.300000000000000000e+01 2.000000000000000000e+01 0.000000000000000000e+00 1.600000000000000089e+00 -8.289999999999999843e-04 -2.488999999999999893e-03 9.999970000000000248e-01 2.613670000000000160e-01 9.652359999999999829e-01 2.618999999999999800e-03 -9.652389999999999581e-01 2.613690000000000180e-01 -1.499999999999999869e-04
2.400000000000000000e+01 1.600000000000000000e+01 2.100000000000000000e+01 0.000000000000000000e+00 1.600000000000000089e+00 -1.817000000000000039e-03 -5.218000000000000416e-03 9.999850000000000128e-01 2.989430000000000143e-01 9.542549999999999644e-01 5.521999999999999999e-03 -9.542690000000000339e-01 2.989490000000000203e-01 -1.740000000000000010e-04
2.100000000000000000e+01 2.000000000000000000e+00 2.500000000000000000e+01 0.000000000000000000e+00 1.600000000000000089e+00 2.337999999999999801e-03 -9.211000000000000437e-03 9.999550000000000383e-01 6.821399999999999686e-02 -9.976270000000000415e-01 -9.348999999999999672e-03 9.976679999999999993e-01 6.823300000000000198e-02 -1.704000000000000003e-03
1.000000000000000000e+00 3.000000000000000000e+00 2.500000000000000000e+01 0.000000000000000000e+00 1.600000000000000089e+00 -1.603999999999999957e-03 1.779199999999999879e-02 9.998399999999999510e-01 -3.819899999999999685e-02 -9.991130000000000289e-01 1.771800000000000111e-02 9.992689999999999628e-01 -3.816399999999999654e-02 2.282000000000000174e-03
7.000000000000000000e+00 3.000000000000000000e+00 2.500000000000000000e+01 0.000000000000000000e+00 1.600000000000000089e+00 1.552999999999999910e-03 -1.819199999999999984e-02 9.998329999999999718e-01 -1.719700000000000048e-02 -9.996869999999999923e-01 -1.816200000000000106e-02 9.998510000000000453e-01 -1.716600000000000070e-02 -1.864999999999999904e-03
1.200000000000000000e+01 3.000000000000000000e+00 2.500000000000000000e+01 0.000000000000000000e+00 1.600000000000000089e+00 9.114999999999999838e-03 -4.975399999999999961e-02 9.987200000000000522e-01 2.706899999999999931e-02 -9.983830000000000204e-01 -4.998400000000000065e-02 9.995920000000000361e-01 2.749000000000000055e-02 -7.753000000000000343e-03
2.000000000000000000e+01 3.000000000000000000e+00 2.500000000000000000e+01 0.000000000000000000e+00 1.600000000000000089e+00 1.958000000000000105e-03 -1.299900000000000014e-02 9.999139999999999695e-01 -1.321300000000000079e-02 -9.998289999999999678e-01 -1.297199999999999916e-02 9.999109999999999943e-01 -1.318700000000000080e-02 -2.128999999999999816e-03
2.600000000000000000e+01 3.000000000000000000e+00 2.500000000000000000e+01 0.000000000000000000e+00 1.600000000000000089e+00 1.902000000000000045e-03 5.337999999999999863e-03 9.999839999999999840e-01 -1.903099999999999931e-02 -9.998040000000000260e-01 5.373000000000000172e-03 9.998169999999999558e-01 -1.904099999999999890e-02 -1.799999999999999951e-03
1.500000000000000000e+01 4.600000000000000000e+01 2.700000000000000000e+01 0.000000000000000000e+00 1.600000000000000089e+00 3.400000000000000244e-04 2.497000000000000088e-03 -9.999970000000000248e-01 6.728929999999999634e-01 7.397369999999999779e-01 2.076000000000000154e-03 7.397399999999999531e-01 -6.728920000000000456e-01 -1.428000000000000016e-03
2.400000000000000000e+01 4.600000000000000000e+01 2.700000000000000000e+01 0.000000000000000000e+00 1.600000000000000089e+00 -1.090000000000000067e-04 -4.490000000000000176e-04 -1.000000000000000000e+00 6.799429999999999641e-01 7.332649999999999446e-01 -4.029999999999999837e-04 7.332649999999999446e-01 -6.799429999999999641e-01 2.249999999999999938e-04
5.000000000000000000e+00 5.800000000000000000e+01 3.100000000000000000e+01 0.000000000000000000e+00 1.600000000000000089e+00 -4.381999999999999611e-03 -5.478000000000000230e-03 9.999749999999999472e-01 -7.624760000000000426e-01 -6.469789999999999708e-01 -6.885999999999999760e-03 6.470010000000000483e-01 -7.624880000000000546e-01 -1.340999999999999961e-03
2.300000000000000000e+01 5.800000000000000000e+01 3.100000000000000000e+01 0.000000000000000000e+00 1.600000000000000089e+00 -3.924999999999999670e-03 -8.866999999999999882e-03 9.999529999999999808e-01 -7.971310000000000340e-01 -6.037470000000000336e-01 -8.481999999999999956e-03 6.037940000000000529e-01 -7.971270000000000300e-01 -4.697999999999999919e-03
2.900000000000000000e+01 5.800000000000000000e+01 3.100000000000000000e+01 0.000000000000000000e+00 1.600000000000000089e+00 8.850000000000000444e-04 2.060999999999999898e-03 9.999970000000000248e-01 -8.027579999999999716e-01 -5.963009999999999700e-01 1.938999999999999968e-03 5.963039999999999452e-01 -8.027579999999999716e-01 1.126999999999999964e-03
1.200000000000000000e+01 2.300000000000000000e+01 3.400000000000000000e+01 0.000000000000000000e+00 1.600000000000000089e+00 -1.216000000000000067e-03 6.246999999999999949e-03 9.999799999999999800e-01 4.069749999999999757e-01 -9.134179999999999522e-01 6.200999999999999915e-03 9.134379999999999722e-01 4.069740000000000024e-01 -1.431999999999999896e-03
4.000000000000000000e+00 4.600000000000000000e+01 3.500000000000000000e+01 0.000000000000000000e+00 1.600000000000000089e+00 8.270000000000000441e-04 2.769999999999999893e-03 -9.999959999999999960e-01 3.899480000000000168e-01 -9.208340000000000414e-01 -2.229000000000000078e-03 -9.208359999999999879e-01 -3.899449999999999861e-01 -1.842000000000000104e-03
1.100000000000000000e+01 4.600000000000000000e+01 3.500000000000000000e+01 0.000000000000000000e+00 1.600000000000000089e+00 2.999999999999999737e-04 1.090999999999999956e-03 -9.999989999999999712e-01 3.901950000000000141e-01 -9.207319999999999949e-01 -8.869999999999999846e-04 -9.207319999999999949e-01 -3.901950000000000141e-01 -7.020000000000000415e-04
1.700000000000000000e+01 4.600000000000000000e+01 3.500000000000000000e+01 0.000000000000000000e+00 1.600000000000000089e+00 2.018999999999999961e-03 2.935000000000000109e-03 -9.999940000000000495e-01 3.894299999999999984e-01 -9.210540000000000393e-01 -1.917000000000000084e-03 -9.210540000000000393e-01 -3.894230000000000191e-01 -3.003000000000000027e-03
2.200000000000000000e+01 4.600000000000000000e+01 3.500000000000000000e+01 0.000000000000000000e+00 1.600000000000000089e+00 -1.296999999999999976e-03 -2.158999999999999895e-03 -9.999970000000000248e-01 3.898389999999999911e-01 -9.208819999999999784e-01 1.482000000000000027e-03 -9.208819999999999784e-01 -3.898349999999999871e-01 2.036000000000000049e-03
2.600000000000000000e+01 4.600000000000000000e+01 3.500000000000000000e+01 0.000000000000000000e+00 1.600000000000000089e+00 -1.185999999999999988e-03 -1.105000000000000079e-03 -9.999989999999999712e-01 3.901870000000000061e-01 -9.207349999999999701e-01 5.550000000000000462e-04 -9.207349999999999701e-01 -3.901859999999999773e-01 1.523000000000000048e-03
3.000000000000000000e+00 2.900000000000000000e+01 4.400000000000000000e+01 0.000000000000000000e+00 1.600000000000000089e+00 -7.860000000000000233e-04 -3.846000000000000026e-03 -9.999919999999999920e-01 6.538789999999999880e-01 7.565920000000000423e-01 -3.423999999999999960e-03 7.565990000000000215e-01 -6.538760000000000128e-01 1.920000000000000049e-03
8.000000000000000000e+00 2.900000000000000000e+01 4.400000000000000000e+01 0.000000000000000000e+00 1.600000000000000089e+00 -7.020000000000000415e-04 -3.673000000000000050e-03 -9.999930000000000208e-01 6.576600000000000223e-01 7.533079999999999776e-01 -3.227999999999999967e-03 7.533140000000000391e-01 -6.576579999999999648e-01 1.887000000000000005e-03
1.300000000000000000e+01 2.900000000000000000e+01 4.400000000000000000e+01 0.000000000000000000e+00 1.600000000000000089e+00 4.730000000000000046e-04 5.090000000000000123e-04 -1.000000000000000000e+00 6.561320000000000485e-01 7.546460000000000390e-01 6.949999999999999798e-04 7.546460000000000390e-01 -6.561320000000000485e-01 2.300000000000000002e-05
1.900000000000000000e+01 2.900000000000000000e+01 4.400000000000000000e+01 0.000000000000000000e+00 1.600000000000000089e+00 4.972999999999999990e-03 4.547999999999999959e-03 -9.999770000000000048e-01 6.603919999999999790e-01 7.508920000000000039e-01 6.700000000000000226e-03 7.509050000000000447e-01 -6.604100000000000525e-01 7.299999999999999632e-04
2.400000000000000000e+01 2.900000000000000000e+01 4.400000000000000000e+01 0.000000000000000000e+00 1.600000000000000089e+00 -2.272000000000000148e-03 2.464000000000000044e-03 -9.999940000000000495e-01 6.588810000000000500e-01 7.522469999999999990e-01 3.559999999999999797e-04 7.522440000000000238e-01 -6.588770000000000460e-01 -3.333000000000000025e-03
1.000000000000000000e+00 5.000000000000000000e+00 5.100000000000000000e+01 0.000000000000000000e+00 1.600000000000000089e+00 2.076000000000000154e-03 7.225999999999999784e-03 -9.999719999999999720e-01 4.894540000000000002e-01 -8.720130000000000381e-01 -5.285999999999999900e-03 -8.720269999999999966e-01 -4.894290000000000029e-01 -5.347000000000000190e-03
8.000000000000000000e+00 5.000000000000000000e+00 5.100000000000000000e+01 0.000000000000000000e+00 1.600000000000000089e+00 1.231000000000000106e-03 -2.062000000000000031e-03 -9.999970000000000248e-01 4.865869999999999918e-01 -8.736289999999999889e-01 2.399999999999999790e-03 -8.736310000000000464e-01 -4.865889999999999938e-01 -7.200000000000000182e-05
1.600000000000000000e+01 1.150000000000000000e+02 5.100000000000000000e+01 0.000000000000000000e+00 1.600000000000000089e+00 -2.919999999999999961e-04 -4.356999999999999762e-03 9.999900000000000455e-01 8.443789999999999907e-01 -5.357420000000000515e-01 -2.086999999999999880e-03 5.357460000000000555e-01 8.443709999999999827e-01 3.836000000000000000e-03
5.000000000000000000e+00 7.000000000000000000e+00 5.200000000000000000e+01 0.000000000000000000e+00 1.600000000000000089e+00 1.471000000000000085e-03 -3.716999999999999818e-03 -9.999919999999999920e-01 1.243370000000000031e-01 -9.922330000000000316e-01 3.870999999999999875e-03 -9.922389999999999821e-01 -1.243409999999999932e-01 -9.979999999999999722e-04
1.000000000000000000e+01 6.300000000000000000e+01 5.400000000000000000e+01 0.000000000000000000e+00 1.600000000000000089e+00 -2.590000000000000071e-04 -1.485999999999999908e-03 9.999989999999999712e-01 -3.484459999999999780e-01 9.373280000000000500e-01 1.302999999999999905e-03 -9.373289999999999678e-01 -3.484450000000000047e-01 -7.609999999999999577e-04
1.400000000000000000e+01 6.300000000000000000e+01 5.400000000000000000e+01 0.000000000000000000e+00 1.600000000000000089e+00 -1.227000000000000009e-03 1.789999999999999870e-04 9.999989999999999712e-01 -3.497520000000000073e-01 9.368419999999999526e-01 -5.969999999999999829e-04 -9.368419999999999526e-01 -3.497520000000000073e-01 -1.087000000000000076e-03
1.900000000000000000e+01 6.300000000000000000e+01 5.400000000000000000e+01 0.000000000000000000e+00 1.600000000000000089e+00 1.310000000000000129e-04 2.786999999999999981e-03 9.999959999999999960e-01 -3.496770000000000156e-01 9.368670000000000053e-01 -2.565000000000000006e-03 -9.368699999999999806e-01 -3.496750000000000136e-01 1.098000000000000018e-03
2.500000000000000000e+01 6.300000000000000000e+01 5.400000000000000000e+01 0.000000000000000000e+00 1.600000000000000089e+00 1.469000000000000037e-03 7.200000000000000453e-04 9.999989999999999712e-01 -3.536079999999999779e-01 9.353939999999999477e-01 -1.550000000000000000e-04 -9.353920000000000012e-01 -3.536079999999999779e-01 1.629000000000000023e-03
3.000000000000000000e+01 6.300000000000000000e+01 5.400000000000000000e+01 0.000000000000000000e+00 1.600000000000000089e+00 -5.760000000000000146e-04 5.330000000000000536e-04 1.000000000000000000e+00 -3.518149999999999888e-01 9.360690000000000399e-01 -7.020000000000000415e-04 -9.360690000000000399e-01 -3.518149999999999888e-01 -3.519999999999999908e-04
1.200000000000000000e+01 2.500000000000000000e+01 5.500000000000000000e+01 0.000000000000000000e+00 1.600000000000000089e+00 -3.860000000000000041e-04 1.399999999999999986e-03 -9.999989999999999712e-01 -1.188099999999999920e-02 -9.999280000000000390e-01 -1.394999999999999973e-03 -9.999289999999999567e-01 1.188099999999999920e-02 4.029999999999999837e-04
2.700000000000000000e+01 2.500000000000000000e+01 5.500000000000000000e+01 0.000000000000000000e+00 1.600000000000000089e+00 -5.039999999999999992e-04 6.130000000000000466e-04 -1.000000000000000000e+00 -1.367499999999999966e-02 -9.999059999999999615e-01 -6.059999999999999849e-04 -9.999059999999999615e-01 1.367400000000000039e-02 5.130000000000000011e-04
1.800000000000000000e+01 6.800000000000000000e+01 5.700000000000000000e+01 0.000000000000000000e+00 1.600000000000000089e+00 2.420000000000000005e-04 -4.954000000000000070e-03 -9.999879999999999880e-01 -2.416850000000000109e-01 -9.703429999999999556e-01 4.748999999999999749e-03 -9.703549999999999676e-01 2.416800000000000059e-01 -1.431999999999999896e-03
1.200000000000000000e+01 2.000000000000000000e+01 6.000000000000000000e+01 0.000000000000000000e+00 1.600000000000000089e+00 4.290000000000000193e-04 -8.772000000000000283e-03 9.999609999999999888e-01 -6.330500000000000016e-02 9.979559999999999542e-01 8.781999999999999876e-03 -9.979940000000000477e-01 -6.330600000000000116e-02 -1.269999999999999970e-04
5.000000000000000000e+00 2.100000000000000000e+01 6.000000000000000000e+01 0.000000000000000000e+00 1.600000000000000089e+00 -6.099999999999999737e-04 2.704999999999999939e-03 9.999959999999999960e-01 -9.436600000000000543e-02 9.955340000000000300e-01 -2.749999999999999840e-03 -9.955370000000000053e-01 -9.436700000000000643e-02 -3.519999999999999908e-04
1.900000000000000000e+01 2.100000000000000000e+01 6.000000000000000000e+01 0.000000000000000000e+00 1.600000000000000089e+00 -7.200000000000000453e-04 5.506999999999999743e-03 9.999850000000000128e-01 -9.526300000000000046e-02 9.954370000000000163e-01 -5.551000000000000378e-03 -9.954520000000000035e-01 -9.526600000000000346e-02 -1.930000000000000021e-04
2.500000000000000000e+01 2.100000000000000000e+01 6.000000000000000000e+01 0.000000000000000000e+00 1.600000000000000089e+00 7.039999999999999817e-04 -7.356999999999999824e-03 9.999730000000000008e-01 -9.655800000000000494e-02 9.952999999999999625e-01 7.391000000000000000e-03 -9.953269999999999618e-01 -9.656099999999999406e-02 -9.000000000000000228e-06
2.900000000000000000e+01 2.100000000000000000e+01 6.000000000000000000e+01 0.000000000000000000e+00 1.600000000000000089e+00 2.576999999999999864e-03 -1.724000000000000055e-03 9.999949999999999672e-01 -9.751999999999999558e-02 9.952320000000000055e-01 1.966999999999999998e-03 -9.952299999999999480e-01 -9.752500000000000058e-02 2.396000000000000126e-03
1.200000000000000000e+01 6.700000000000000000e+01 6.000000000000000000e+01 0.000000000000000000e+00 1.600000000000000089e+00 -8.130000000000000291e-04 -3.946999999999999988e-03 9.999919999999999920e-01 1.733260000000000078e-01 -9.848569999999999824e-01 -3.746000000000000198e-03 9.848639999999999617e-01 1.733220000000000038e-01 1.484999999999999992e-03
2.000000000000000000e+01 6.700000000000000000e+01 6.000000000000000000e+01 0.000000000000000000e+00 1.600000000000000089e+00 -1.358000000000000049e-03 -3.184000000000000198e-03 9.999940000000000495e-01 1.749729999999999897e-01 -9.845690000000000275e-01 -2.896999999999999836e-03 9.845720000000000027e-01 1.749680000000000124e-01 1.894000000000000067e-03
4.000000000000000000e+00 2.700000000000000000e+01 6.300000000000000000e+01 0.000000000000000000e+00 1.600000000000000089e+00 -4.270000000000000249e-04 1.289999999999999914e-04 1.000000000000000000e+00 -2.751680000000000237e-01 9.613960000000000283e-01 -2.410000000000000033e-04 -9.613960000000000283e-01 -2.751680000000000237e-01 -3.750000000000000078e-04
1.400000000000000000e+01 2.700000000000000000e+01 6.300000000000000000e+01 0.000000000000000000e+00 1.600000000000000089e+00 -4.040000000000000080e-04 -7.470000000000000511e-04 1.000000000000000000e+00 -2.746290000000000120e-01 9.615500000000000158e-01 6.080000000000000335e-04 -9.615500000000000158e-01 -2.746290000000000120e-01 -5.940000000000000184e-04
1.900000000000000000e+01 2.700000000000000000e+01 6.300000000000000000e+01 0.000000000000000000e+00 1.600000000000000089e+00 -1.064999999999999974e-03 -2.098000000000000038e-03 9.999970000000000248e-01 -2.755279999999999951e-01 9.612920000000000353e-01 1.724000000000000055e-03 -9.612929999999999531e-01 -2.755250000000000199e-01 -1.601999999999999908e-03
2.900000000000000000e+01 2.700000000000000000e+01 6.300000000000000000e+01 0.000000000000000000e+00 1.600000000000000089e+00 1.817000000000000039e-03 -2.134000000000000046e-03 9.999959999999999960e-01 -2.731850000000000112e-01 9.619579999999999798e-01 2.549000000000000050e-03 -9.619600000000000373e-01 -2.731890000000000152e-01 1.165000000000000020e-03
5.000000000000000000e+00 2.600000000000000000e+01 6.400000000000000000e+01 0.000000000000000000e+00 1.600000000000000089e+00 -1.013999999999999927e-03 -6.350000000000000392e-04 9.999989999999999712e-01 -3.643489999999999784e-01 9.312629999999999519e-01 2.220000000000000022e-04 -9.312620000000000342e-01 -3.643480000000000052e-01 -1.175000000000000046e-03
1.100000000000000000e+01 2.600000000000000000e+01 6.400000000000000000e+01 0.000000000000000000e+00 1.600000000000000089e+00 -1.069999999999999988e-04 -8.319999999999999488e-04 1.000000000000000000e+00 -3.650660000000000016e-01 9.309819999999999762e-01 7.360000000000000006e-04 -9.309819999999999762e-01 -3.650649999999999729e-01 -4.029999999999999837e-04
1.500000000000000000e+01 2.600000000000000000e+01 6.400000000000000000e+01 0.000000000000000000e+00 1.600000000000000089e+00 6.299999999999999990e-05 -1.361000000000000014e-03 9.999989999999999712e-01 -3.683660000000000267e-01 9.296799999999999509e-01 1.288999999999999998e-03 -9.296809999999999796e-01 -3.683660000000000267e-01 -4.429999999999999802e-04
1.900000000000000000e+01 2.600000000000000000e+01 6.400000000000000000e+01 0.000000000000000000e+00 1.600000000000000089e+00 -1.062000000000000010e-03 -1.583999999999999905e-03 9.999980000000000535e-01 -3.682849999999999735e-01 9.297119999999999829e-01 1.080999999999999930e-03 -9.297130000000000116e-01 -3.682830000000000270e-01 -1.570999999999999914e-03
2.900000000000000000e+01 2.600000000000000000e+01 6.400000000000000000e+01 0.000000000000000000e+00 1.600000000000000089e+00 2.367999999999999879e-03 -2.230999999999999910e-03 9.999949999999999672e-01 -3.643020000000000147e-01 9.312759999999999927e-01 2.939999999999999905e-03 -9.312780000000000502e-01 -3.643069999999999919e-01 1.392000000000000008e-03
1.000000000000000000e+01 6.900000000000000000e+01 6.600000000000000000e+01 0.000000000000000000e+00 1.600000000000000089e+00 -1.005999999999999950e-03 -1.495999999999999934e-03 9.999980000000000535e-01 -9.556360000000000410e-01 2.945510000000000073e-01 -5.209999999999999788e-04 -2.945499999999999785e-01 -9.556350000000000122e-01 -1.726000000000000104e-03
2.300000000000000000e+01 6.900000000000000000e+01 6.600000000000000000e+01 0.000000000000000000e+00 1.600000000000000089e+00 1.585999999999999953e-03 1.335000000000000032e-03 9.999980000000000535e-01 -9.536679999999999602e-01 3.008600000000000163e-01 1.111000000000000008e-03 -3.008580000000000143e-01 -9.536670000000000424e-01 1.750000000000000036e-03
2.000000000000000000e+00 2.500000000000000000e+01 7.300000000000000000e+01 0.000000000000000000e+00 1.600000000000000089e+00 -1.286000000000000034e-03 -7.459999999999999618e-03 9.999710000000000543e-01 7.515749999999999931e-01 -6.596349999999999714e-01 -3.954000000000000049e-03 6.596459999999999546e-01 7.515490000000000226e-01 6.454999999999999800e-03
5.000000000000000000e+00 2.500000000000000000e+01 7.300000000000000000e+01 0.000000000000000000e+00 1.600000000000000089e+00 -3.719999999999999891e-04 -5.190000000000000169e-03 9.999869999999999592e-01 7.535920000000000396e-01 -6.573350000000000026e-01 -3.131999999999999802e-03 6.573419999999999819e-01 7.535809999999999453e-01 4.155999999999999972e-03
1.000000000000000000e+01 2.500000000000000000e+01 7.300000000000000000e+01 0.000000000000000000e+00 1.600000000000000089e+00 5.240000000000000517e-04 -6.780000000000000002e-04 1.000000000000000000e+00 7.545049999999999812e-01 -6.562940000000000440e-01 -8.409999999999999507e-04 6.562940000000000440e-01 7.545049999999999812e-01 1.679999999999999907e-04
1.700000000000000000e+01 2.500000000000000000e+01 7.300000000000000000e+01 0.000000000000000000e+00 1.600000000000000089e+00 -7.150000000000000322e-04 1.123999999999999999e-03 9.999989999999999712e-01 7.572269999999999834e-01 -6.531500000000000083e-01 1.275000000000000092e-03 6.531510000000000371e-01 7.572269999999999834e-01 -3.840000000000000097e-04
2.200000000000000000e+01 2.500000000000000000e+01 7.300000000000000000e+01 0.000000000000000000e+00 1.600000000000000089e+00 1.642999999999999929e-03 1.224999999999999960e-03 9.999980000000000535e-01 7.573499999999999677e-01 -6.530089999999999506e-01 -4.440000000000000045e-04 6.530070000000000041e-01 7.573499999999999677e-01 -2.001000000000000174e-03
2.700000000000000000e+01 2.500000000000000000e+01 7.300000000000000000e+01 0.000000000000000000e+00 1.600000000000000089e+00 -4.809999999999999823e-04 8.000000000000000383e-04 1.000000000000000000e+00 7.595669999999999922e-01 -6.504280000000000062e-01 8.859999999999999603e-04 6.504290000000000349e-01 7.595669999999999922e-01 -2.950000000000000148e-04
2.000000000000000000e+00 4.400000000000000000e+01 7.300000000000000000e+01 0.000000000000000000e+00 1.600000000000000089e+00 1.340999999999999961e-03 6.832000000000000399e-03 9.999759999999999760e-01 5.434599999999999848e-02 -9.984990000000000254e-01 6.748999999999999791e-03 9.985209999999999919e-01 5.433600000000000235e-02 -1.709999999999999932e-03
8.000000000000000000e+00 4.400000000000000000e+01 7.300000000000000000e+01 0.000000000000000000e+00 1.600000000000000089e+00 1.059000000000000045e-03 2.713999999999999833e-03 9.999959999999999960e-01 5.622300000000000214e-02 -9.984150000000000524e-01 2.651000000000000145e-03 9.984180000000000277e-01 5.621999999999999914e-02 -1.209999999999999921e-03
1.500000000000000000e+01 4.400000000000000000e+01 7.300000000000000000e+01 0.000000000000000000e+00 1.600000000000000089e+00 -6.199999999999999999e-04 -3.288999999999999823e-03 9.999940000000000495e-01 5.412200000000000344e-02 -9.985289999999999999e-01 -3.249999999999999851e-03 9.985340000000000327e-01 5.411900000000000044e-02 7.969999999999999654e-04
1.900000000000000000e+01 4.400000000000000000e+01 7.300000000000000000e+01 0.000000000000000000e+00 1.600000000000000089e+00 6.930000000000000396e-04 -2.618000000000000101e-03 9.999959999999999960e-01 5.392099999999999671e-02 -9.985420000000000407e-01 -2.651000000000000145e-03 9.985450000000000159e-01 5.392299999999999871e-02 -5.500000000000000331e-04
2.400000000000000000e+01 4.400000000000000000e+01 7.300000000000000000e+01 0.000000000000000000e+00 1.600000000000000089e+00 3.640000000000000115e-04 5.670000000000000127e-04 1.000000000000000000e+00 5.753699999999999787e-02 -9.983429999999999804e-01 5.460000000000000443e-04 9.983429999999999804e-01 5.753699999999999787e-02 -3.959999999999999762e-04
3.000000000000000000e+00 9.100000000000000000e+01 7.600000000000000000e+01 0.000000000000000000e+00 1.600000000000000089e+00 1.459999999999999981e-04 1.361999999999999929e-03 9.999989999999999712e-01 3.273360000000000158e-01 -9.449070000000000524e-01 1.239000000000000084e-03 9.449079999999999702e-01 3.273349999999999871e-01 -5.839999999999999922e-04
