5.000000000000000000e+00 1.500000000000000000e+01 4.000000000000000000e+00 0.000000000000000000e+00 1.600000000000000089e+00 -5.169999999999999899e-04 3.902000000000000086e-03 9.999919999999999920e-01 3.276060000000000083e-01 -9.448069999999999524e-01 3.856000000000000053e-03 9.448140000000000427e-01 3.276049999999999796e-01 -7.889999999999999878e-04
1.000000000000000000e+01 1.500000000000000000e+01 4.000000000000000000e+00 0.000000000000000000e+00 1.600000000000000089e+00 7.370000000000000249e-04 6.581000000000000044e-03 9.999780000000000335e-01 3.245720000000000272e-01 -9.458419999999999606e-01 5.984999999999999869e-03 9.458609999999999518e-01 3.245600000000000152e-01 -2.833000000000000015e-03
1.200000000000000000e+01 1.500000000000000000e+01 4.000000000000000000e+00 0.000000000000000000e+00 1.600000000000000089e+00 2.539999999999999940e-04 1.070300000000000071e-02 9.999430000000000263e-01 3.223840000000000039e-01 -9.465559999999999530e-01 1.004999999999999991e-02 9.466090000000000337e-01 3.223630000000000106e-01 -3.690999999999999837e-03
1.600000000000000000e+01 1.500000000000000000e+01 4.000000000000000000e+00 0.000000000000000000e+00 1.600000000000000089e+00 1.168999999999999900e-03 1.282900000000000013e-02 9.999169999999999447e-01 3.189440000000000053e-01 -9.476999999999999869e-01 1.178599999999999960e-02 9.477729999999999766e-01 3.189040000000000208e-01 -5.199999999999999761e-03
2.500000000000000000e+01 1.500000000000000000e+01 4.000000000000000000e+00 0.000000000000000000e+00 1.600000000000000089e+00 2.308999999999999855e-03 9.660999999999999449e-03 9.999510000000000343e-01 3.194370000000000265e-01 -9.475700000000000234e-01 8.418000000000000135e-03 9.476050000000000306e-01 3.194020000000000192e-01 -5.274000000000000042e-03
2.300000000000000000e+01 7.400000000000000000e+01 4.000000000000000000e+00 0.000000000000000000e+00 1.600000000000000089e+00 -8.807869999999999866e-01 -3.783790000000000209e-01 2.846810000000000174e-01 -4.001750000000000029e-01 9.162130000000000551e-01 -2.035000000000000003e-02 -2.531289999999999929e-01 -1.318459999999999910e-01 -9.584059999999999802e-01
4.000000000000000000e+00 4.000000000000000000e+00 5.000000000000000000e+00 0.000000000000000000e+00 1.600000000000000089e+00 2.770000000000000110e-04 3.792999999999999931e-03 9.999930000000000208e-01 2.315659999999999941e-01 -9.728120000000000100e-01 3.625000000000000184e-03 9.728189999999999893e-01 2.315629999999999911e-01 -1.147999999999999932e-03
4.000000000000000000e+00 1.010000000000000000e+02 7.000000000000000000e+00 0.000000000000000000e+00 1.600000000000000089e+00 -4.009999999999999893e-04 8.706999999999999462e-03 9.999620000000000175e-01 8.845429999999999682e-01 4.664440000000000253e-01 -3.706999999999999792e-03 -4.664579999999999838e-01 8.845079999999999609e-01 -7.889000000000000179e-03
1.800000000000000000e+01 1.010000000000000000e+02 7.000000000000000000e+00 0.000000000000000000e+00 1.600000000000000089e+00 -1.556000000000000091e-03 -1.064700000000000021e-02 9.999419999999999975e-01 8.829110000000000014e-01 4.694980000000000264e-01 6.373000000000000193e-03 -4.695389999999999842e-01 8.828690000000000149e-01 8.670000000000000623e-03
2.500000000000000000e+01 1.010000000000000000e+02 7.000000000000000000e+00 0.000000000000000000e+00 1.600000000000000089e+00 3.037000000000000203e-03 -3.799700000000000299e-02 9.992729999999999668e-01 8.844929999999999737e-01 4.663109999999999755e-01 1.504400000000000008e-02 -4.665440000000000142e-01 8.838040000000000340e-01 3.502399999999999958e-02
3.000000000000000000e+01 1.010000000000000000e+02 7.000000000000000000e+00 0.000000000000000000e+00 1.600000000000000089e+00 4.741999999999999688e-03 -3.042800000000000019e-02 9.995260000000000256e-01 8.851809999999999956e-01 4.651399999999999979e-01 9.960000000000000103e-03 -4.652229999999999976e-01 8.847140000000000004e-01 2.913999999999999924e-02
3.000000000000000000e+00 2.500000000000000000e+01 8.000000000000000000e+00 0.000000000000000000e+00 1.600000000000000089e+00 -8.739999999999999939e-04 -3.674999999999999881e-03 -9.999930000000000208e-01 4.455740000000000256e-01 8.952379999999999782e-01 -3.680000000000000111e-03 8.952449999999999575e-01 -4.455740000000000256e-01 8.549999999999999658e-04
7.000000000000000000e+00 2.500000000000000000e+01 8.000000000000000000e+00 0.000000000000000000e+00 1.600000000000000089e+00 -2.995999999999999965e-03 -3.390999999999999917e-03 -9.999900000000000455e-01 4.455839999999999801e-01 8.952299999999999702e-01 -4.369999999999999753e-03 8.952350000000000030e-01 -4.455919999999999881e-01 -1.170999999999999949e-03
1.200000000000000000e+01 2.500000000000000000e+01 8.000000000000000000e+00 0.000000000000000000e+00 1.600000000000000089e+00 -3.749000000000000162e-03 -7.609000000000000312e-03 -9.999639999999999640e-01 4.476999999999999869e-01 8.941440000000000499e-01 -8.481999999999999956e-03 8.941759999999999708e-01 -4.477160000000000029e-01 5.399999999999999798e-05
1.600000000000000000e+01 2.500000000000000000e+01 8.000000000000000000e+00 0.000000000000000000e+00 1.600000000000000089e+00 -2.226999999999999813e-03 -4.519999999999999712e-03 -9.999869999999999592e-01 4.491490000000000204e-01 8.934419999999999584e-01 -5.039000000000000076e-03 8.934539999999999704e-01 -4.491550000000000264e-01 4.000000000000000327e-05
2.100000000000000000e+01 2.500000000000000000e+01 8.000000000000000000e+00 0.000000000000000000e+00 1.600000000000000089e+00 -2.105999999999999799e-03 -8.285999999999999963e-03 -9.999630000000000463e-01 4.494469999999999854e-01 8.932679999999999509e-01 -8.349000000000000518e-03 8.933050000000000157e-01 -4.494480000000000142e-01 1.843000000000000020e-03
2.900000000000000000e+01 2.500000000000000000e+01 8.000000000000000000e+00 0.000000000000000000e+00 1.600000000000000089e+00 -5.999999999999999474e-04 -2.900000000000000017e-05 -1.000000000000000000e+00 4.535969999999999724e-01 8.912069999999999714e-01 -2.979999999999999793e-04 8.912069999999999714e-01 -4.535969999999999724e-01 -5.209999999999999788e-04
7.000000000000000000e+00 2.400000000000000000e+01 9.000000000000000000e+00 0.000000000000000000e+00 1.600000000000000089e+00 -2.912000000000000092e-03 -4.111000000000000071e-03 -9.999869999999999592e-01 4.484879999999999978e-01 8.937749999999999861e-01 -4.980000000000000052e-03 8.937840000000000229e-01 -4.484969999999999790e-01 -7.590000000000000175e-04
1.200000000000000000e+01 2.400000000000000000e+01 9.000000000000000000e+00 0.000000000000000000e+00 1.600000000000000089e+00 -3.739000000000000136e-03 -7.455999999999999954e-03 -9.999649999999999928e-01 4.507010000000000183e-01 8.926359999999999850e-01 -8.340999999999999456e-03 8.926669999999999883e-01 -4.507160000000000055e-01 2.300000000000000002e-05
1.700000000000000000e+01 2.400000000000000000e+01 9.000000000000000000e+00 0.000000000000000000e+00 1.600000000000000089e+00 -1.624999999999999925e-03 -4.791000000000000120e-03 -9.999869999999999592e-01 4.519389999999999796e-01 8.920350000000000223e-01 -5.008000000000000299e-03 8.920470000000000343e-01 -4.519409999999999816e-01 7.159999999999999481e-04
2.200000000000000000e+01 2.400000000000000000e+01 9.000000000000000000e+00 0.000000000000000000e+00 1.600000000000000089e+00 -2.001999999999999873e-03 -1.090099999999999923e-02 -9.999390000000000223e-01 4.517120000000000024e-01 8.921000000000000041e-01 -1.063000000000000056e-02 8.921609999999999818e-01 -4.517059999999999964e-01 3.138999999999999863e-03
2.600000000000000000e+01 2.400000000000000000e+01 9.000000000000000000e+00 0.000000000000000000e+00 1.600000000000000089e+00 -1.593999999999999931e-03 -7.740999999999999617e-03 -9.999689999999999968e-01 4.545230000000000103e-01 8.907019999999999937e-01 -7.618999999999999904e-03 8.907329999999999970e-01 -4.545210000000000083e-01 2.099000000000000171e-03
2.900000000000000000e+01 2.400000000000000000e+01 9.000000000000000000e+00 0.000000000000000000e+00 1.600000000000000089e+00 -9.840000000000000656e-04 7.330000000000000361e-04 -9.999989999999999712e-01 4.563420000000000254e-01 8.898040000000000393e-01 2.030000000000000012e-04 8.898040000000000393e-01 -4.563420000000000254e-01 -1.209999999999999921e-03
4.000000000000000000e+00 3.100000000000000000e+01 1.200000000000000000e+01 0.000000000000000000e+00 1.600000000000000089e+00 9.699999999999999963e-05 -1.034999999999999896e-03 9.999989999999999712e-01 -2.344999999999999862e-03 9.999970000000000248e-01 1.034999999999999896e-03 -9.999970000000000248e-01 -2.344999999999999862e-03 9.500000000000000523e-05
2.000000000000000000e+01 3.100000000000000000e+01 1.200000000000000000e+01 0.000000000000000000e+00 1.600000000000000089e+00 1.050000000000000044e-04 -1.853999999999999962e-03 9.999980000000000535e-01 -1.326500000000000075e-02 9.999099999999999655e-01 1.855000000000000095e-03 -9.999120000000000230e-01 -1.326500000000000075e-02 8.100000000000000375e-05
1.800000000000000000e+01 3.500000000000000000e+01 1.200000000000000000e+01 0.000000000000000000e+00 1.600000000000000089e+00 -1.039999999999999936e-04 -5.577999999999999625e-03 -9.999839999999999840e-01 4.933710000000000040e-01 -8.698059999999999681e-01 4.800999999999999712e-03 -8.698190000000000088e-01 -4.933629999999999960e-01 2.843000000000000041e-03
2.400000000000000000e+01 3.500000000000000000e+01 1.200000000000000000e+01 0.000000000000000000e+00 1.600000000000000089e+00 1.858000000000000059e-03 -2.720000000000000195e-03 -9.999949999999999672e-01 4.799640000000000017e-01 -8.772820000000000062e-01 3.278000000000000098e-03 -8.772860000000000102e-01 -4.799669999999999770e-01 -3.249999999999999851e-04
2.800000000000000000e+01 3.500000000000000000e+01 1.200000000000000000e+01 0.000000000000000000e+00 1.600000000000000089e+00 2.128000000000000117e-03 -6.942000000000000254e-03 -9.999740000000000295e-01 4.671440000000000037e-01 -8.841529999999999667e-01 7.132000000000000318e-03 -8.841790000000000482e-01 -4.671469999999999789e-01 1.361000000000000014e-03
2.100000000000000000e+01 7.300000000000000000e+01 1.300000000000000000e+01 0.000000000000000000e+00 1.600000000000000089e+00 -9.140160000000000506e-01 -2.217590000000000117e-01 3.397029999999999772e-01 -3.369900000000000118e-01 8.812400000000000233e-01 -3.314400000000000124e-01 -2.258600000000000052e-01 -4.174189999999999845e-01 -8.801980000000000359e-01
2.700000000000000000e+01 3.200000000000000000e+01 1.400000000000000000e+01 0.000000000000000000e+00 1.600000000000000089e+00 2.367000000000000180e-03 2.569000000000000103e-03 -9.999940000000000495e-01 1.027350000000000069e-01 9.947049999999999503e-01 2.798000000000000140e-03 9.947059999999999791e-01 -1.027409999999999990e-01 2.089999999999999844e-03
2.000000000000000000e+00 1.160000000000000000e+02 1.600000000000000000e+01 0.000000000000000000e+00 1.600000000000000089e+00 -4.990999999999999777e-03 -5.485000000000000292e-03 9.999730000000000008e-01 6.953700000000000436e-01 7.186139999999999750e-01 7.412000000000000186e-03 -7.186350000000000238e-01 6.953880000000000061e-01 2.269999999999999882e-04
2.900000000000000000e+01 1.160000000000000000e+02 1.600000000000000000e+01 0.000000000000000000e+00 1.600000000000000089e+00 1.266399999999999991e-02 1.337900000000000027e-02 9.998299999999999965e-01 7.498609999999999998e-01 6.613400000000000389e-01 -1.834699999999999873e-02 -6.614740000000000064e-01 7.499670000000000503e-01 -1.657000000000000053e-03
2.000000000000000000e+00 2.000000000000000000e+00 1.900000000000000000e+01 0.000000000000000000e+00 1.600000000000000089e+00 3.980000000000000248e-04 -2.755000000000000157e-02 -9.996199999999999530e-01 1.989070000000000005e-01 -9.796439999999999593e-01 2.707899999999999890e-02 -9.800179999999999447e-01 -1.988419999999999910e-01 5.089999999999999906e-03
7.000000000000000000e+00 2.000000000000000000e+00 1.900000000000000000e+01 0.000000000000000000e+00 1.600000000000000089e+00 4.229999999999999819e-04 -6.426000000000000288e-03 -9.999789999999999512e-01 2.062460000000000127e-01 -9.784789999999999877e-01 6.374999999999999591e-03 -9.785000000000000364e-01 -2.062450000000000117e-01 9.120000000000000502e-04
1.300000000000000000e+01 2.000000000000000000e+00 1.900000000000000000e+01 0.000000000000000000e+00 1.600000000000000089e+00 1.877999999999999895e-03 1.568400000000000002e-02 -9.998749999999999583e-01 2.038699999999999957e-01 -9.788839999999999764e-01 -1.497099999999999993e-02 -9.789959999999999773e-01 -2.038159999999999972e-01 -5.035999999999999678e-03
1.600000000000000000e+01 2.000000000000000000e+00 1.900000000000000000e+01 0.000000000000000000e+00 1.600000000000000089e+00 1.270000000000000078e-03 2.510099999999999831e-02 -9.996840000000000170e-01 1.981159999999999866e-01 -9.798759999999999692e-01 -2.435199999999999865e-02 -9.801779999999999937e-01 -1.980230000000000046e-01 -6.217000000000000304e-03
2.300000000000000000e+01 2.000000000000000000e+00 1.900000000000000000e+01 0.000000000000000000e+00 1.600000000000000089e+00 -3.147000000000000058e-03 1.513300000000000062e-02 -9.998810000000000198e-01 1.855370000000000075e-01 -9.825159999999999449e-01 -1.545499999999999999e-02 -9.826319999999999499e-01 -1.855630000000000057e-01 2.840000000000000185e-04
2.700000000000000000e+01 2.000000000000000000e+00 1.900000000000000000e+01 0.000000000000000000e+00 1.600000000000000089e+00 -3.060999999999999919e-03 1.537299999999999951e-02 -9.998770000000000158e-01 1.847580000000000056e-01 -9.826589999999999492e-01 -1.567400000000000043e-02 -9.827789999999999582e-01 -1.847830000000000028e-01 1.669999999999999935e-04
8.000000000000000000e+00 4.000000000000000000e+00 2.000000000000000000e+01 0.000000000000000000e+00 1.600000000000000089e+00 -1.038999999999999993e-03 -5.154999999999999860e-03 -9.999860000000000415e-01 3.256390000000000118e-01 -9.454829999999999623e-01 4.536000000000000101e-03 -9.454939999999999456e-01 -3.256299999999999750e-01 2.661000000000000171e-03
1.300000000000000000e+01 4.000000000000000000e+00 2.000000000000000000e+01 0.000000000000000000e+00 1.600000000000000089e+00 7.720000000000000083e-04 1.434299999999999985e-02 -9.998970000000000358e-01 3.217679999999999985e-01 -9.467250000000000387e-01 -1.333200000000000010e-02 -9.468180000000000485e-01 -3.217240000000000100e-01 -5.346000000000000058e-03
1.200000000000000000e+01 1.300000000000000000e+01 2.000000000000000000e+01 0.000000000000000000e+00 1.600000000000000089e+00 -3.119999999999999944e-04 -1.198000000000000063e-03 9.999989999999999712e-01 2.672709999999999808e-01 9.636209999999999498e-01 1.237999999999999951e-03 -9.636209999999999498e-01 2.672709999999999808e-01 2.000000000000000164e-05
1.500000000000000000e+01 1.300000000000000000e+01 2.000000000000000000e+01 0.000000000000000000e+00 1.600000000000000089e+00 1.745000000000000023e-03 7.283000000000000411e-03 9.999719999999999720e-01 2.652939999999999743e-01 9.641389999999999683e-01 -7.485000000000000334e-03 -9.641659999999999675e-01 2.652990000000000070e-01 -2.500000000000000052e-04
2.100000000000000000e+01 1.300000000000000000e+01 2.000000000000000000e+01 0.000000000000000000e+00 1.600000000000000089e+00 3.110000000000000243e-04 -2.788999999999999813e-03 9.999959999999999960e-01 2.604739999999999833e-01 9.654770000000000296e-01 2.612000000000000172e-03 -9.654810000000000336e-01 2.604719999999999813e-01 1.026999999999999918e-03
2.500000000000000000e+01 1.300000000000000000e+01 2.000000000000000000e+01 0.000000000000000000e+00 1.600000000000000089e+00 1.624000000000000010e-03 1.999999999999999909e-06 9.999989999999999712e-01 2.595509999999999762e-01 9.657289999999999486e-01 -4.240000000000000062e-04 -9.657280000000000308e-01 2.595509999999999762e-01 1.567999999999999949e-03
2.800000000000000000e+01 1.300000000000000000e+01 2.000000000000000000e+01 0.000000000000000000e+00 1.600000000000000089e+00 1.742999999999999975e-03 3.853000000000000088e-03 9.999909999999999632e-01 2.570430000000000215e-01 9.663910000000000000e-01 -4.172000000000000361e-03 -9.663979999999999793e-01 2.570479999999999987e-01 6.939999999999999555e-04
2.900000000000000000e+01 1.600000000000000000e+01 2.100000000000000000e+01 0.000000000000000000e+00 1.600000000000000089e+00 1.160999999999999923e-03 6.257000000000000409e-03 9.999799999999999800e-01 2.994499999999999940e-01 9.540910000000000224e-01 -6.317999999999999831e-03 -9.541110000000000424e-01 2.994510000000000227e-01 -7.659999999999999708e-04
3.000000000000000000e+00 3.000000000000000000e+00 2.500000000000000000e+01 0.000000000000000000e+00 1.600000000000000089e+00 -7.487999999999999864e-03 -2.909300000000000080e-02 9.995490000000000208e-01 -9.053400000000000336e-02 -9.954520000000000035e-01 -2.965200000000000127e-02 9.958650000000000002e-01 -9.071500000000000397e-02 4.820999999999999765e-03
8.000000000000000000e+00 3.000000000000000000e+00 2.500000000000000000e+01 0.000000000000000000e+00 1.600000000000000089e+00 -3.949000000000000253e-03 -6.349999999999999742e-03 9.999719999999999720e-01 -9.950900000000000023e-02 -9.950139999999999540e-01 -6.712000000000000084e-03 9.950290000000000523e-01 -9.953299999999999648e-02 3.297000000000000017e-03
1.300000000000000000e+01 3.000000000000000000e+00 2.500000000000000000e+01 0.000000000000000000e+00 1.600000000000000089e+00 2.197000000000000168e-03 1.379400000000000071e-02 9.999019999999999575e-01 -9.352800000000000002e-02 -9.955190000000000428e-01 1.393900000000000000e-02 9.956139999999999990e-01 -9.354899999999999327e-02 -8.970000000000000109e-04
1.600000000000000000e+01 3.000000000000000000e+00 2.500000000000000000e+01 0.000000000000000000e+00 1.600000000000000089e+00 3.830000000000000071e-03 1.787599999999999953e-02 9.998329999999999718e-01 -8.784000000000000141e-02 -9.959689999999999932e-01 1.814299999999999941e-02 9.961269999999999847e-01 -8.789500000000000091e-02 -2.243999999999999901e-03
2.200000000000000000e+01 3.000000000000000000e+00 2.500000000000000000e+01 0.000000000000000000e+00 1.600000000000000089e+00 3.870999999999999875e-03 1.874100000000000071e-02 9.998169999999999558e-01 -6.959300000000000208e-02 -9.973950000000000315e-01 1.896499999999999922e-02 9.975680000000000103e-01 -6.965399999999999370e-02 -2.556999999999999811e-03
2.500000000000000000e+01 3.000000000000000000e+00 2.500000000000000000e+01 0.000000000000000000e+00 1.600000000000000089e+00 4.321000000000000188e-03 1.888899999999999954e-02 9.998120000000000340e-01 -6.315199999999999980e-02 -9.978209999999999580e-01 1.912399999999999864e-02 9.979949999999999655e-01 -6.322300000000000142e-02 -3.118000000000000112e-03
2.900000000000000000e+01 3.000000000000000000e+00 2.500000000000000000e+01 0.000000000000000000e+00 1.600000000000000089e+00 3.720999999999999915e-03 1.058699999999999919e-02 9.999369999999999647e-01 -5.182900000000000007e-02 -9.985979999999999857e-01 1.076599999999999953e-02 9.986490000000000089e-01 -5.186500000000000138e-02 -3.167000000000000110e-03
2.000000000000000000e+00 4.600000000000000000e+01 2.700000000000000000e+01 0.000000000000000000e+00 1.600000000000000089e+00 -1.178999999999999927e-03 -2.925000000000000083e-03 -9.999949999999999672e-01 6.762930000000000330e-01 7.366270000000000318e-01 -2.952000000000000197e-03 7.366319999999999535e-01 -6.762930000000000330e-01 1.110000000000000092e-03
9.000000000000000000e+00 4.600000000000000000e+01 2.700000000000000000e+01 0.000000000000000000e+00 1.600000000000000089e+00 -2.660000000000000146e-04 -1.405999999999999915e-03 -9.999989999999999712e-01 6.751479999999999704e-01 7.376819999999999489e-01 -1.216999999999999983e-03 7.376829999999999776e-01 -6.751470000000000526e-01 7.529999999999999801e-04
1.300000000000000000e+01 4.600000000000000000e+01 2.700000000000000000e+01 0.000000000000000000e+00 1.600000000000000089e+00 -6.019999999999999961e-04 -2.053000000000000137e-03 -9.999980000000000535e-01 6.703890000000000127e-01 7.420069999999999721e-01 -1.926999999999999894e-03 7.420090000000000297e-01 -6.703890000000000127e-01 9.290000000000000297e-04
2.400000000000000000e+01 4.600000000000000000e+01 2.700000000000000000e+01 0.000000000000000000e+00 1.600000000000000089e+00 -1.320000000000000101e-04 2.100000000000000087e-04 -1.000000000000000000e+00 6.637290000000000134e-01 7.479740000000000277e-01 6.899999999999999667e-05 7.479740000000000277e-01 -6.637290000000000134e-01 -2.380000000000000117e-04
3.000000000000000000e+00 4.600000000000000000e+01 3.000000000000000000e+01 0.000000000000000000e+00 1.600000000000000089e+00 -2.159999999999999919e-04 -2.249999999999999830e-03 -9.999970000000000248e-01 3.292669999999999764e-01 9.442340000000000177e-01 -2.194999999999999903e-03 9.442369999999999930e-01 -3.292669999999999764e-01 5.370000000000000424e-04
1.800000000000000000e+01 4.600000000000000000e+01 3.000000000000000000e+01 0.000000000000000000e+00 1.600000000000000089e+00 6.589999999999999721e-04 9.529999999999999626e-04 -9.999989999999999712e-01 3.201919999999999766e-01 9.473519999999999719e-01 1.113999999999999973e-03 9.473519999999999719e-01 -3.201930000000000054e-01 3.190000000000000019e-04
2.500000000000000000e+01 4.600000000000000000e+01 3.000000000000000000e+01 0.000000000000000000e+00 1.600000000000000089e+00 1.489999999999999897e-04 2.339999999999999958e-04 -1.000000000000000000e+00 3.201899999999999746e-01 9.473530000000000006e-01 2.689999999999999791e-04 9.473530000000000006e-01 -3.201899999999999746e-01 6.600000000000000506e-05
2.000000000000000000e+00 5.800000000000000000e+01 3.100000000000000000e+01 0.000000000000000000e+00 1.600000000000000089e+00 -1.269999999999999970e-04 1.990000000000000124e-04 1.000000000000000000e+00 -7.971279999999999477e-01 -6.038109999999999866e-01 1.900000000000000105e-05 6.038109999999999866e-01 -7.971279999999999477e-01 2.349999999999999930e-04
6.000000000000000000e+00 5.800000000000000000e+01 3.100000000000000000e+01 0.000000000000000000e+00 1.600000000000000089e+00 -7.410000000000000137e-04 -1.716999999999999993e-03 9.999980000000000535e-01 -7.966710000000000180e-01 -6.044110000000000316e-01 -1.628000000000000107e-03 6.044119999999999493e-01 -7.966710000000000180e-01 -9.190000000000000035e-04
9.000000000000000000e+00 5.800000000000000000e+01 3.100000000000000000e+01 0.000000000000000000e+00 1.600000000000000089e+00 -3.419999999999999863e-03 -5.148999999999999931e-03 9.999810000000000088e-01 -7.984179999999999611e-01 -6.020759999999999446e-01 -5.831000000000000245e-03 6.020940000000000181e-01 -7.984229999999999938e-01 -2.052000000000000005e-03
1.400000000000000000e+01 5.800000000000000000e+01 3.100000000000000000e+01 0.000000000000000000e+00 1.600000000000000089e+00 -6.329999999999999906e-04 -4.494999999999999864e-03 9.999900000000000455e-01 -7.958070000000000421e-01 -6.055420000000000247e-01 -3.226000000000000135e-03 6.055500000000000327e-01 -7.958009999999999806e-01 -3.193999999999999791e-03
1.900000000000000000e+01 5.800000000000000000e+01 3.100000000000000000e+01 0.000000000000000000e+00 1.600000000000000089e+00 5.133000000000000410e-03 4.061000000000000373e-03 9.999789999999999512e-01 -7.858150000000000412e-01 -6.184269999999999490e-01 6.544999999999999603e-03 6.184399999999999897e-01 -7.858319999999999750e-01 1.699999999999999987e-05
2.500000000000000000e+01 5.800000000000000000e+01 3.100000000000000000e+01 0.000000000000000000e+00 1.600000000000000089e+00 1.213000000000000102e-03 6.750000000000000357e-04 9.999989999999999712e-01 -7.779730000000000256e-01 -6.282959999999999656e-01 1.368000000000000075e-03 6.282959999999999656e-01 -7.779740000000000544e-01 -2.369999999999999874e-04
2.900000000000000000e+01 5.800000000000000000e+01 3.100000000000000000e+01 0.000000000000000000e+00 1.600000000000000089e+00 3.523999999999999789e-03 4.172999999999999626e-03 9.999850000000000128e-01 -7.750380000000000047e-01 -6.318909999999999805e-01 5.368000000000000375e-03 6.319040000000000212e-01 -7.750460000000000127e-01 1.007999999999999998e-03
4.000000000000000000e+00 1.800000000000000000e+01 3.400000000000000000e+01 0.000000000000000000e+00 1.600000000000000089e+00 -2.199000000000000000e-03 -5.636999999999999650e-03 -9.999820000000000375e-01 -3.106220000000000092e-01 -9.505139999999999700e-01 6.041000000000000363e-03 -9.505310000000000148e-01 3.106300000000000172e-01 3.390000000000000001e-04
9.000000000000000000e+00 1.800000000000000000e+01 3.400000000000000000e+01 0.000000000000000000e+00 1.600000000000000089e+00 -4.479999999999999933e-04 -2.175999999999999983e-03 -9.999980000000000535e-01 -3.062790000000000235e-01 -9.519389999999999796e-01 2.209000000000000026e-03 -9.519419999999999549e-01 3.062790000000000235e-01 -2.400000000000000061e-04
2.000000000000000000e+00 4.600000000000000000e+01 3.500000000000000000e+01 0.000000000000000000e+00 1.600000000000000089e+00 1.443999999999999971e-03 -1.106299999999999992e-02 -9.999379999999999935e-01 3.903530000000000055e-01 -9.206029999999999491e-01 1.074899999999999987e-02 -9.206640000000000379e-01 -3.903440000000000243e-01 2.988999999999999903e-03
7.000000000000000000e+00 4.600000000000000000e+01 3.500000000000000000e+01 0.000000000000000000e+00 1.600000000000000089e+00 1.038000000000000077e-03 -6.573999999999999982e-03 -9.999780000000000335e-01 3.920130000000000003e-01 -9.199370000000000047e-01 6.454999999999999800e-03 -9.199589999999999712e-01 -3.920109999999999983e-01 1.621999999999999961e-03
1.000000000000000000e+01 4.600000000000000000e+01 3.500000000000000000e+01 0.000000000000000000e+00 1.600000000000000089e+00 -5.599999999999999509e-04 -1.379999999999999933e-03 -9.999989999999999712e-01 3.930089999999999972e-01 -9.195339999999999625e-01 1.049000000000000019e-03 -9.195339999999999625e-01 -3.930080000000000240e-01 1.056999999999999997e-03
1.600000000000000000e+01 4.600000000000000000e+01 3.500000000000000000e+01 0.000000000000000000e+00 1.600000000000000089e+00 1.075999999999999917e-03 -5.974000000000000143e-03 -9.999820000000000375e-01 3.915219999999999811e-01 -9.201500000000000234e-01 5.917999999999999650e-03 -9.201679999999999859e-01 -3.915210000000000079e-01 1.348999999999999939e-03
2.000000000000000000e+01 4.600000000000000000e+01 3.500000000000000000e+01 0.000000000000000000e+00 1.600000000000000089e+00 5.090000000000000123e-04 -1.866000000000000037e-03 -9.999980000000000535e-01 3.910509999999999819e-01 -9.203670000000000462e-01 1.915999999999999951e-03 -9.203689999999999927e-01 -3.910520000000000107e-01 2.610000000000000015e-04
2.600000000000000000e+01 4.600000000000000000e+01 3.500000000000000000e+01 0.000000000000000000e+00 1.600000000000000089e+00 -6.719999999999999628e-04 1.824000000000000100e-03 -9.999980000000000535e-01 3.916970000000000174e-01 -9.200920000000000210e-01 -1.941999999999999933e-03 -9.200939999999999674e-01 -3.916979999999999906e-01 -9.600000000000000243e-05
7.000000000000000000e+00 9.500000000000000000e+01 3.600000000000000000e+01 0.000000000000000000e+00 1.600000000000000089e+00 4.216000000000000129e-03 -1.593299999999999925e-02 9.998639999999999750e-01 9.972630000000000106e-01 7.387199999999999322e-02 -3.027999999999999876e-03 -7.381400000000000461e-02 9.971400000000000263e-01 1.620100000000000012e-02
1.100000000000000000e+01 9.500000000000000000e+01 3.600000000000000000e+01 0.000000000000000000e+00 1.600000000000000089e+00 1.482000000000000027e-03 -5.870999999999999830e-02 9.982739999999999947e-01 9.971470000000000056e-01 7.542999999999999705e-02 2.955999999999999860e-03 -7.547299999999999842e-02 9.954210000000000003e-01 5.865399999999999781e-02
4.000000000000000000e+00 2.900000000000000000e+01 4.400000000000000000e+01 0.000000000000000000e+00 1.600000000000000089e+00 -5.640000000000000482e-04 -2.547999999999999918e-03 -9.999970000000000248e-01 6.661690000000000111e-01 7.457979999999999610e-01 -2.275999999999999811e-03 7.458010000000000472e-01 -6.661679999999999824e-01 1.276999999999999923e-03
8.000000000000000000e+00 2.900000000000000000e+01 4.400000000000000000e+01 0.000000000000000000e+00 1.600000000000000089e+00 4.949999999999999973e-04 1.093000000000000005e-03 -9.999989999999999712e-01 6.697910000000000252e-01 7.425490000000000146e-01 1.142999999999999919e-03 7.425490000000000146e-01 -6.697910000000000252e-01 -3.640000000000000115e-04
1.100000000000000000e+01 2.900000000000000000e+01 4.400000000000000000e+01 0.000000000000000000e+00 1.600000000000000089e+00 1.910999999999999938e-03 1.881000000000000076e-03 -9.999959999999999960e-01 6.666539999999999688e-01 7.453619999999999690e-01 2.675999999999999993e-03 7.453650000000000553e-01 -6.666570000000000551e-01 1.710000000000000094e-04
1.500000000000000000e+01 2.900000000000000000e+01 4.400000000000000000e+01 0.000000000000000000e+00 1.600000000000000089e+00 1.348000000000000023e-03 2.719999999999999979e-04 -9.999989999999999712e-01 6.550789999999999669e-01 7.555600000000000094e-01 1.087999999999999991e-03 7.555600000000000094e-01 -6.550789999999999669e-01 8.400000000000000348e-04
1.900000000000000000e+01 2.900000000000000000e+01 4.400000000000000000e+01 0.000000000000000000e+00 1.600000000000000089e+00 -6.660000000000000338e-04 -1.461999999999999975e-03 -9.999989999999999712e-01 6.507230000000000514e-01 7.593140000000000445e-01 -1.543000000000000101e-03 7.593149999999999622e-01 -6.507230000000000514e-01 4.459999999999999989e-04
2.700000000000000000e+01 2.900000000000000000e+01 4.400000000000000000e+01 0.000000000000000000e+00 1.600000000000000089e+00 7.590000000000000175e-04 1.701000000000000038e-03 -9.999980000000000535e-01 6.487770000000000481e-01 7.609770000000000145e-01 1.786999999999999960e-03 7.609789999999999610e-01 -6.487770000000000481e-01 -5.259999999999999919e-04
1.500000000000000000e+01 6.000000000000000000e+00 5.100000000000000000e+01 0.000000000000000000e+00 1.600000000000000089e+00 3.848999999999999991e-03 1.581400000000000167e-02 -9.998679999999999790e-01 3.097460000000000213e-01 -9.507189999999999808e-01 -1.384499999999999967e-02 -9.508119999999999905e-01 -3.096519999999999828e-01 -8.557000000000000370e-03
1.600000000000000000e+01 7.000000000000000000e+00 5.200000000000000000e+01 0.000000000000000000e+00 1.600000000000000089e+00 9.480000000000000579e-03 1.461699999999999978e-02 -9.998479999999999590e-01 9.926500000000000601e-02 -9.949679999999999636e-01 -1.360500000000000077e-02 -9.950160000000000116e-01 -9.912100000000000077e-02 -1.088300000000000031e-02
2.000000000000000000e+01 7.000000000000000000e+00 5.200000000000000000e+01 0.000000000000000000e+00 1.600000000000000089e+00 6.542000000000000072e-03 9.416000000000000758e-03 -9.999339999999999895e-01 9.421799999999999620e-02 -9.955129999999999812e-01 -8.758000000000000160e-03 -9.955300000000000260e-01 -9.415500000000000258e-02 -7.399000000000000195e-03
6.000000000000000000e+00 6.300000000000000000e+01 5.400000000000000000e+01 0.000000000000000000e+00 1.600000000000000089e+00 1.059000000000000045e-03 2.159999999999999919e-04 9.999989999999999712e-01 -3.356870000000000132e-01 9.419739999999999780e-01 1.520000000000000084e-04 -9.419729999999999492e-01 -3.356870000000000132e-01 1.069999999999999988e-03
1.500000000000000000e+01 6.300000000000000000e+01 5.400000000000000000e+01 0.000000000000000000e+00 1.600000000000000089e+00 6.792000000000000294e-03 4.307000000000000065e-03 9.999679999999999680e-01 -3.422390000000000154e-01 9.396109999999999740e-01 -1.722000000000000006e-03 -9.395879999999999788e-01 -3.422160000000000202e-01 7.856000000000000136e-03
2.600000000000000000e+01 6.300000000000000000e+01 5.400000000000000000e+01 0.000000000000000000e+00 1.600000000000000089e+00 2.489999999999999809e-04 6.999999999999999387e-05 1.000000000000000000e+00 -3.185899999999999843e-01 9.478929999999999856e-01 1.200000000000000030e-05 -9.478929999999999856e-01 -3.185899999999999843e-01 2.579999999999999828e-04
2.500000000000000000e+01 2.500000000000000000e+01 5.500000000000000000e+01 0.000000000000000000e+00 1.600000000000000089e+00 1.859999999999999945e-04 -6.288000000000000186e-03 -9.999799999999999800e-01 -1.123200000000000066e-02 -9.999169999999999447e-01 6.284999999999999788e-03 -9.999369999999999647e-01 1.123099999999999966e-02 -2.570000000000000127e-04
2.900000000000000000e+01 2.500000000000000000e+01 5.500000000000000000e+01 0.000000000000000000e+00 1.600000000000000089e+00 -3.629999999999999872e-04 -1.167299999999999935e-02 -9.999320000000000430e-01 -1.357300000000000000e-02 -9.998399999999999510e-01 1.167699999999999988e-02 -9.999080000000000190e-01 1.357700000000000053e-02 2.039999999999999984e-04
5.000000000000000000e+00 2.100000000000000000e+01 6.000000000000000000e+01 0.000000000000000000e+00 1.600000000000000089e+00 -6.300000000000000261e-04 -9.164000000000000271e-03 9.999580000000000135e-01 -9.294399999999999884e-02 9.956300000000000150e-01 9.065999999999999406e-03 -9.956709999999999727e-01 -9.293400000000000272e-02 -1.479000000000000063e-03
9.000000000000000000e+00 2.100000000000000000e+01 6.000000000000000000e+01 0.000000000000000000e+00 1.600000000000000089e+00 -1.621999999999999961e-03 -6.604999999999999760e-03 9.999770000000000048e-01 -9.318500000000000394e-02 9.956279999999999575e-01 6.425000000000000155e-03 -9.956469999999999487e-01 -9.317300000000000582e-02 -2.230000000000000211e-03
1.500000000000000000e+01 2.100000000000000000e+01 6.000000000000000000e+01 0.000000000000000000e+00 1.600000000000000089e+00 -1.453999999999999997e-03 4.637999999999999762e-03 9.999879999999999880e-01 -9.584700000000000164e-02 9.953849999999999643e-01 -4.755999999999999811e-03 -9.953950000000000298e-01 -9.585200000000000664e-02 -1.002000000000000069e-03
2.000000000000000000e+01 2.100000000000000000e+01 6.000000000000000000e+01 0.000000000000000000e+00 1.600000000000000089e+00 1.353999999999999952e-03 1.072700000000000042e-02 9.999419999999999975e-01 -9.600599999999999412e-02 9.953250000000000153e-01 -1.054800000000000008e-02 -9.953800000000000425e-01 -9.598700000000000288e-02 2.377000000000000206e-03
2.400000000000000000e+01 2.100000000000000000e+01 6.000000000000000000e+01 0.000000000000000000e+00 1.600000000000000089e+00 2.739999999999999814e-03 -5.379999999999999583e-04 9.999959999999999960e-01 -9.436700000000000643e-02 9.955370000000000053e-01 7.940000000000000009e-04 -9.955340000000000300e-01 -9.436899999999999455e-02 2.677000000000000126e-03
1.400000000000000000e+01 8.200000000000000000e+01 6.200000000000000000e+01 0.000000000000000000e+00 1.600000000000000089e+00 6.359580000000000233e-01 -7.463459999999999539e-01 1.962780000000000080e-01 -6.464090000000000114e-01 -6.541059999999999652e-01 -3.928119999999999945e-01 4.215599999999999903e-01 1.229360000000000036e-01 -8.984290000000000331e-01
1.500000000000000000e+01 3.000000000000000000e+00 6.300000000000000000e+01 0.000000000000000000e+00 1.600000000000000089e+00 1.704999999999999918e-03 1.383299999999999981e-02 9.999029999999999863e-01 -6.250449999999999617e-01 7.805279999999999996e-01 -9.733000000000000332e-03 -7.805870000000000308e-01 -6.249670000000000503e-01 9.976999999999999758e-03
2.200000000000000000e+01 3.000000000000000000e+00 6.300000000000000000e+01 0.000000000000000000e+00 1.600000000000000089e+00 7.339999999999999520e-04 2.295999999999999864e-03 9.999970000000000248e-01 -6.174100000000000144e-01 7.866410000000000347e-01 -1.353000000000000036e-03 -7.866410000000000347e-01 -6.174070000000000391e-01 1.994999999999999812e-03
3.000000000000000000e+01 3.000000000000000000e+00 6.300000000000000000e+01 0.000000000000000000e+00 1.600000000000000089e+00 1.799999999999999951e-03 -7.972999999999999185e-03 9.999670000000000503e-01 -6.177150000000000141e-01 7.863670000000000382e-01 7.381999999999999673e-03 -7.863999999999999879e-01 -6.177080000000000348e-01 -3.508999999999999966e-03
3.000000000000000000e+00 2.700000000000000000e+01 6.300000000000000000e+01 0.000000000000000000e+00 1.600000000000000089e+00 1.278000000000000056e-03 -5.937999999999999702e-03 9.999820000000000375e-01 -2.798340000000000272e-01 9.600290000000000212e-01 6.059000000000000150e-03 -9.600480000000000125e-01 -2.798359999999999737e-01 -4.350000000000000026e-04
7.000000000000000000e+00 2.700000000000000000e+01 6.300000000000000000e+01 0.000000000000000000e+00 1.600000000000000089e+00 7.510000000000000399e-04 -3.356000000000000042e-03 9.999940000000000495e-01 -2.816009999999999902e-01 9.595249999999999613e-01 3.431000000000000022e-03 -9.595310000000000228e-01 -2.816020000000000190e-01 -2.239999999999999966e-04
1.300000000000000000e+01 2.700000000000000000e+01 6.300000000000000000e+01 0.000000000000000000e+00 1.600000000000000089e+00 -1.227999999999999925e-03 -3.047999999999999928e-03 9.999949999999999672e-01 -2.761799999999999811e-01 9.611030000000000406e-01 2.589999999999999854e-03 -9.611049999999999871e-01 -2.761750000000000038e-01 -2.021999999999999926e-03
1.600000000000000000e+01 2.700000000000000000e+01 6.300000000000000000e+01 0.000000000000000000e+00 1.600000000000000089e+00 2.339999999999999958e-04 1.530000000000000056e-04 1.000000000000000000e+00 -2.714039999999999786e-01 9.624650000000000150e-01 -8.299999999999999815e-05 -9.624650000000000150e-01 -2.714039999999999786e-01 2.669999999999999847e-04
2.300000000000000000e+01 2.700000000000000000e+01 6.300000000000000000e+01 0.000000000000000000e+00 1.600000000000000089e+00 2.258000000000000024e-03 6.695000000000000430e-03 9.999749999999999472e-01 -2.728820000000000134e-01 9.620300000000000518e-01 -5.824000000000000184e-03 -9.620450000000000390e-01 -2.728619999999999934e-01 4.000000000000000083e-03
3.000000000000000000e+00 2.600000000000000000e+01 6.400000000000000000e+01 0.000000000000000000e+00 1.600000000000000089e+00 2.753999999999999938e-03 -9.081999999999999795e-03 9.999550000000000383e-01 -3.628939999999999944e-01 9.317819999999999991e-01 9.461999999999999925e-03 -9.318260000000000431e-01 -3.629040000000000044e-01 -7.299999999999999632e-04
1.300000000000000000e+01 2.600000000000000000e+01 6.400000000000000000e+01 0.000000000000000000e+00 1.600000000000000089e+00 -2.135999999999999878e-03 -2.884999999999999978e-03 9.999940000000000495e-01 -3.567259999999999875e-01 9.342070000000000096e-01 1.933000000000000039e-03 -9.342059999999999809e-01 -3.567199999999999815e-01 -3.024000000000000212e-03
1.700000000000000000e+01 2.600000000000000000e+01 6.400000000000000000e+01 0.000000000000000000e+00 1.600000000000000089e+00 2.979999999999999793e-04 -1.051999999999999984e-03 9.999989999999999712e-01 -3.528180000000000205e-01 9.356910000000000505e-01 1.090000000000000040e-03 -9.356919999999999682e-01 -3.528180000000000205e-01 -9.299999999999999727e-05
2.400000000000000000e+01 2.600000000000000000e+01 6.400000000000000000e+01 0.000000000000000000e+00 1.600000000000000089e+00 1.618999999999999996e-03 8.564000000000000432e-03 9.999620000000000175e-01 -3.589379999999999793e-01 9.333320000000000505e-01 -7.413000000000000318e-03 -9.333599999999999675e-01 -3.589120000000000088e-01 4.584999999999999666e-03
2.600000000000000000e+01 7.300000000000000000e+01 6.400000000000000000e+01 0.000000000000000000e+00 1.600000000000000089e+00 -9.706850000000000200e-01 1.529659999999999909e-01 -1.853970000000000062e-01 -1.442019999999999968e-01 -9.877310000000000256e-01 -5.994900000000000229e-02 -1.922919999999999907e-01 -3.145699999999999885e-02 9.808329999999999549e-01
9.000000000000000000e+00 8.200000000000000000e+01 7.000000000000000000e+01 0.000000000000000000e+00 1.600000000000000089e+00 7.524999999999999467e-01 -4.492340000000000222e-01 4.815940000000000221e-01 -5.073720000000000452e-01 -8.616570000000000062e-01 -1.098299999999999971e-02 4.199030000000000262e-01 -2.360829999999999873e-01 -8.763260000000000494e-01
8.000000000000000000e+00 7.100000000000000000e+01 7.200000000000000000e+01 0.000000000000000000e+00 1.600000000000000089e+00 4.393540000000000223e-01 -3.826700000000000240e-02 -8.974980000000000180e-01 8.847490000000000077e-01 1.914029999999999898e-01 4.249519999999999964e-01 1.555219999999999936e-01 -9.807649999999999979e-01 1.179510000000000003e-01
