7.000000000000000000e+00 2.500000000000000000e+01 1.000000000000000000e+00 0.000000000000000000e+00 1.600000000000000089e+00 -1.510000000000000057e-03 2.438000000000000063e-03 -9.999959999999999960e-01 -5.246429999999999705e-01 -8.513209999999999944e-01 -1.283000000000000069e-03 -8.513209999999999944e-01 5.246389999999999665e-01 2.565000000000000006e-03
2.200000000000000000e+01 2.500000000000000000e+01 1.000000000000000000e+00 0.000000000000000000e+00 1.600000000000000089e+00 -7.020000000000000415e-04 1.873000000000000099e-03 -9.999980000000000535e-01 -5.220059999999999700e-01 -8.529409999999999492e-01 -1.232000000000000022e-03 -8.529419999999999780e-01 5.220040000000000235e-01 1.575999999999999927e-03
1.500000000000000000e+01 1.500000000000000000e+01 4.000000000000000000e+00 0.000000000000000000e+00 1.600000000000000089e+00 7.269999999999999987e-04 -1.382800000000000001e-02 9.999040000000000150e-01 3.803599999999999759e-01 -9.247459999999999569e-01 -1.306500000000000022e-02 9.248380000000000489e-01 3.803329999999999766e-01 4.588000000000000064e-03
2.400000000000000000e+01 1.500000000000000000e+01 4.000000000000000000e+00 0.000000000000000000e+00 1.600000000000000089e+00 -8.777000000000000079e-03 4.321699999999999847e-02 9.990269999999999984e-01 4.241889999999999827e-01 -9.045590000000000019e-01 4.285699999999999926e-02 9.055309999999999748e-01 4.241519999999999735e-01 -1.039200000000000020e-02
4.000000000000000000e+00 1.010000000000000000e+02 7.000000000000000000e+00 0.000000000000000000e+00 1.600000000000000089e+00 -2.860000000000000129e-04 -1.997000000000000077e-03 9.999980000000000535e-01 8.834790000000000143e-01 4.684699999999999975e-01 1.188000000000000037e-03 -4.684710000000000263e-01 8.834769999999999568e-01 1.629999999999999939e-03
1.900000000000000000e+01 1.010000000000000000e+02 7.000000000000000000e+00 0.000000000000000000e+00 1.600000000000000089e+00 2.393999999999999861e-03 -9.771999999999999437e-03 9.999489999999999768e-01 8.864549999999999930e-01 4.628079999999999972e-01 2.399999999999999790e-03 -4.628079999999999972e-01 8.864049999999999985e-01 9.771000000000000171e-03
2.600000000000000000e+01 1.010000000000000000e+02 7.000000000000000000e+00 0.000000000000000000e+00 1.600000000000000089e+00 -2.024999999999999890e-03 5.716999999999999860e-03 9.999820000000000375e-01 8.864750000000000130e-01 4.627749999999999919e-01 -8.509999999999999769e-04 -4.627709999999999879e-01 8.864570000000000505e-01 -6.004999999999999921e-03
1.200000000000000000e+01 1.500000000000000000e+01 8.000000000000000000e+00 0.000000000000000000e+00 1.600000000000000089e+00 -4.220000000000000118e-04 -2.432899999999999993e-02 -9.997040000000000370e-01 -6.186439999999999717e-01 -7.854330000000000478e-01 1.937600000000000086e-02 -7.856720000000000370e-01 6.184690000000000465e-01 -1.471899999999999945e-02
1.000000000000000000e+00 2.500000000000000000e+01 8.000000000000000000e+00 0.000000000000000000e+00 1.600000000000000089e+00 -1.564999999999999985e-03 2.991000000000000169e-03 -9.999940000000000495e-01 4.437130000000000241e-01 8.961670000000000469e-01 1.985999999999999918e-03 8.961679999999999646e-01 -4.437070000000000181e-01 -2.729999999999999788e-03
5.000000000000000000e+00 2.500000000000000000e+01 8.000000000000000000e+00 0.000000000000000000e+00 1.600000000000000089e+00 9.420000000000000205e-04 4.138000000000000185e-03 -9.999909999999999632e-01 4.437079999999999913e-01 8.961620000000000141e-01 4.126000000000000327e-03 8.961710000000000509e-01 -4.437079999999999913e-01 -9.920000000000000432e-04
9.000000000000000000e+00 2.500000000000000000e+01 8.000000000000000000e+00 0.000000000000000000e+00 1.600000000000000089e+00 1.822999999999999968e-03 5.986000000000000001e-03 -9.999799999999999800e-01 4.429199999999999804e-01 8.965400000000000036e-01 6.173999999999999801e-03 8.965589999999999948e-01 -4.429230000000000111e-01 -1.016999999999999892e-03
1.300000000000000000e+01 2.500000000000000000e+01 8.000000000000000000e+00 0.000000000000000000e+00 1.600000000000000089e+00 1.479000000000000063e-03 -2.180000000000000134e-04 -9.999989999999999712e-01 4.415410000000000168e-01 8.972409999999999553e-01 4.580000000000000195e-04 8.972400000000000375e-01 -4.415419999999999900e-01 1.423000000000000003e-03
1.700000000000000000e+01 2.500000000000000000e+01 8.000000000000000000e+00 0.000000000000000000e+00 1.600000000000000089e+00 -5.230000000000000274e-04 -2.460000000000000164e-04 -1.000000000000000000e+00 4.404390000000000249e-01 8.977829999999999977e-01 -4.510000000000000120e-04 8.977819999999999689e-01 -4.404390000000000249e-01 -3.620000000000000171e-04
2.200000000000000000e+01 2.500000000000000000e+01 8.000000000000000000e+00 0.000000000000000000e+00 1.600000000000000089e+00 2.314000000000000085e-03 6.145000000000000288e-03 -9.999780000000000335e-01 4.386889999999999956e-01 8.986150000000000526e-01 6.537000000000000276e-03 8.986359999999999904e-01 -4.386939999999999729e-01 -6.160000000000000111e-04
2.600000000000000000e+01 2.500000000000000000e+01 8.000000000000000000e+00 0.000000000000000000e+00 1.600000000000000089e+00 1.425999999999999967e-03 1.030000000000000100e-03 -9.999980000000000535e-01 4.378179999999999850e-01 8.990620000000000278e-01 1.551000000000000078e-03 8.990629999999999455e-01 -4.378190000000000137e-01 8.310000000000000329e-04
5.000000000000000000e+00 2.400000000000000000e+01 9.000000000000000000e+00 0.000000000000000000e+00 1.600000000000000089e+00 8.520000000000000013e-04 3.491000000000000179e-03 -9.999940000000000495e-01 4.510480000000000045e-01 8.924929999999999808e-01 3.500000000000000073e-03 8.924990000000000423e-01 -4.510480000000000045e-01 -8.140000000000000534e-04
1.100000000000000000e+01 2.400000000000000000e+01 9.000000000000000000e+00 0.000000000000000000e+00 1.600000000000000089e+00 2.138000000000000143e-03 4.658999999999999947e-03 -9.999869999999999592e-01 4.487459999999999782e-01 8.936439999999999939e-01 5.122999999999999950e-03 8.936570000000000347e-01 -4.487510000000000110e-01 -1.800000000000000113e-04
1.700000000000000000e+01 2.400000000000000000e+01 9.000000000000000000e+00 0.000000000000000000e+00 1.600000000000000089e+00 -2.020000000000000040e-04 -4.870000000000000197e-04 -1.000000000000000000e+00 4.468360000000000110e-01 8.946159999999999668e-01 -5.259999999999999919e-04 8.946159999999999668e-01 -4.468360000000000110e-01 3.699999999999999811e-05
2.300000000000000000e+01 2.400000000000000000e+01 9.000000000000000000e+00 0.000000000000000000e+00 1.600000000000000089e+00 2.337000000000000102e-03 3.932999999999999864e-03 -9.999900000000000455e-01 4.445810000000000040e-01 8.957270000000000509e-01 4.562000000000000083e-03 8.957359999999999767e-01 -4.445870000000000100e-01 3.440000000000000132e-04
9.000000000000000000e+00 8.000000000000000000e+00 1.000000000000000000e+01 0.000000000000000000e+00 1.600000000000000089e+00 -1.583400000000000085e-01 -1.133269999999999972e-01 -9.808599999999999541e-01 -9.489229999999999610e-01 -2.570919999999999872e-01 1.828889999999999960e-01 -2.728970000000000007e-01 9.597189999999999888e-01 -6.683000000000000052e-02
2.600000000000000000e+01 3.000000000000000000e+00 1.100000000000000000e+01 0.000000000000000000e+00 1.600000000000000089e+00 -6.831000000000000266e-03 1.015329999999999983e-01 9.948090000000000543e-01 1.354450000000000098e-01 -9.855699999999999461e-01 1.015199999999999991e-01 9.907610000000000028e-01 1.354349999999999998e-01 -7.020000000000000198e-03
4.000000000000000000e+00 3.100000000000000000e+01 1.200000000000000000e+01 0.000000000000000000e+00 1.600000000000000089e+00 1.747000000000000072e-03 -6.579999999999999478e-04 9.999980000000000535e-01 -1.185100000000000042e-02 9.999299999999999855e-01 6.790000000000000245e-04 -9.999280000000000390e-01 -1.185300000000000069e-02 1.739000000000000094e-03
1.500000000000000000e+01 3.100000000000000000e+01 1.200000000000000000e+01 0.000000000000000000e+00 1.600000000000000089e+00 -8.159999999999999936e-04 6.159000000000000412e-03 9.999810000000000088e-01 -4.562000000000000083e-03 9.999710000000000543e-01 -6.163000000000000075e-03 -9.999890000000000168e-01 -4.566999999999999879e-03 -7.879999999999999635e-04
7.000000000000000000e+00 3.500000000000000000e+01 1.200000000000000000e+01 0.000000000000000000e+00 1.600000000000000089e+00 -4.729999999999999830e-03 1.716399999999999870e-02 -9.998420000000000085e-01 5.615099999999999536e-01 -8.272979999999999778e-01 -1.685899999999999899e-02 -8.274559999999999693e-01 -5.615010000000000279e-01 -5.725000000000000054e-03
2.000000000000000000e+00 1.200000000000000000e+01 1.600000000000000000e+01 0.000000000000000000e+00 1.600000000000000089e+00 4.363999999999999824e-03 -4.773899999999999672e-02 9.988500000000000156e-01 2.109320000000000084e-01 -9.763420000000000432e-01 -4.758500000000000230e-02 9.774909999999999988e-01 2.108970000000000011e-01 5.808999999999999928e-03
4.000000000000000000e+00 1.160000000000000000e+02 1.600000000000000000e+01 0.000000000000000000e+00 1.600000000000000089e+00 2.199000000000000000e-03 -3.190000000000000019e-04 9.999980000000000535e-01 7.703769999999999785e-01 6.375870000000000148e-01 -1.490999999999999921e-03 -6.375849999999999573e-01 7.703790000000000360e-01 1.647999999999999942e-03
1.400000000000000000e+01 1.160000000000000000e+02 1.600000000000000000e+01 0.000000000000000000e+00 1.600000000000000089e+00 3.899999999999999929e-04 4.929999999999999487e-04 1.000000000000000000e+00 7.620310000000000139e-01 6.475410000000000332e-01 -6.170000000000000354e-04 -6.475410000000000332e-01 7.620310000000000139e-01 -1.230000000000000082e-04
1.900000000000000000e+01 1.160000000000000000e+02 1.600000000000000000e+01 0.000000000000000000e+00 1.600000000000000089e+00 6.700000000000000226e-05 3.249999999999999851e-04 1.000000000000000000e+00 7.525659999999999572e-01 6.585170000000000190e-01 -2.649999999999999903e-04 -6.585170000000000190e-01 7.525659999999999572e-01 -2.000000000000000096e-04
2.300000000000000000e+01 1.160000000000000000e+02 1.600000000000000000e+01 0.000000000000000000e+00 1.600000000000000089e+00 -4.690000000000000158e-04 -1.923999999999999929e-03 9.999980000000000535e-01 7.533539999999999681e-01 6.576130000000000031e-01 1.618999999999999996e-03 -6.576149999999999496e-01 7.533539999999999681e-01 1.141000000000000087e-03
2.600000000000000000e+01 1.160000000000000000e+02 1.600000000000000000e+01 0.000000000000000000e+00 1.600000000000000089e+00 4.300000000000000165e-05 -2.154999999999999798e-03 9.999980000000000535e-01 7.628479999999999706e-01 6.465760000000000396e-01 1.361000000000000014e-03 -6.465769999999999573e-01 7.628470000000000528e-01 1.672000000000000092e-03
7.000000000000000000e+00 2.000000000000000000e+00 1.900000000000000000e+01 0.000000000000000000e+00 1.600000000000000089e+00 7.383999999999999939e-03 -5.874800000000000161e-02 -9.982459999999999667e-01 3.410839999999999983e-01 -9.382580000000000364e-01 5.774100000000000066e-02 -9.400039999999999507e-01 -3.409119999999999928e-01 1.310900000000000086e-02
1.400000000000000000e+01 2.000000000000000000e+00 1.900000000000000000e+01 0.000000000000000000e+00 1.600000000000000089e+00 7.212999999999999794e-03 -6.456900000000000139e-02 -9.978869999999999685e-01 3.677000000000000268e-01 -9.278290000000000148e-01 6.269299999999999873e-02 -9.299169999999999936e-01 -3.673750000000000071e-01 1.704900000000000165e-02
2.100000000000000000e+01 2.000000000000000000e+00 1.900000000000000000e+01 0.000000000000000000e+00 1.600000000000000089e+00 5.789999999999999791e-04 1.107299999999999951e-02 -9.999390000000000223e-01 3.648210000000000064e-01 -9.310230000000000450e-01 -1.009900000000000034e-02 -9.310779999999999612e-01 -3.647929999999999784e-01 -4.578999999999999737e-03
2.500000000000000000e+01 3.000000000000000000e+00 1.900000000000000000e+01 0.000000000000000000e+00 1.600000000000000089e+00 3.419000000000000164e-03 3.545600000000000140e-02 -9.993649999999999478e-01 3.399909999999999877e-01 -9.398779999999999912e-01 -3.218300000000000327e-02 -9.404230000000000089e-01 -3.396649999999999947e-01 -1.526899999999999959e-02
2.900000000000000000e+01 3.000000000000000000e+00 1.900000000000000000e+01 0.000000000000000000e+00 1.600000000000000089e+00 2.324000000000000111e-03 4.313899999999999679e-02 -9.990660000000000096e-01 3.454559999999999853e-01 -9.375959999999999850e-01 -3.968100000000000099e-02 -9.384320000000000439e-01 -3.450409999999999866e-01 -1.708099999999999896e-02
3.000000000000000000e+00 4.000000000000000000e+00 2.000000000000000000e+01 0.000000000000000000e+00 1.600000000000000089e+00 4.616000000000000311e-03 -1.928399999999999906e-02 -9.998029999999999973e-01 3.790250000000000008e-01 -9.251789999999999736e-01 1.959400000000000031e-02 -9.253749999999999476e-01 -3.790410000000000168e-01 3.037999999999999902e-03
3.000000000000000000e+00 1.300000000000000000e+01 2.000000000000000000e+01 0.000000000000000000e+00 1.600000000000000089e+00 3.570000000000000040e-04 7.299999999999999903e-05 1.000000000000000000e+00 2.683389999999999942e-01 9.633239999999999581e-01 -1.659999999999999963e-04 -9.633239999999999581e-01 2.683389999999999942e-01 3.240000000000000150e-04
9.000000000000000000e+00 1.300000000000000000e+01 2.000000000000000000e+01 0.000000000000000000e+00 1.600000000000000089e+00 4.229999999999999819e-04 1.160000000000000007e-03 9.999989999999999712e-01 2.594940000000000024e-01 9.657440000000000468e-01 -1.229999999999999974e-03 -9.657440000000000468e-01 2.594949999999999757e-01 1.079999999999999960e-04
1.700000000000000000e+01 1.300000000000000000e+01 2.000000000000000000e+01 0.000000000000000000e+00 1.600000000000000089e+00 6.009999999999999717e-04 8.245999999999999858e-03 9.999660000000000215e-01 2.610689999999999955e-01 9.652859999999999774e-01 -8.116999999999999216e-03 -9.653199999999999559e-01 2.610649999999999915e-01 -1.572999999999999962e-03
2.100000000000000000e+01 1.300000000000000000e+01 2.000000000000000000e+01 0.000000000000000000e+00 1.600000000000000089e+00 -8.459999999999999638e-04 -2.534999999999999927e-03 9.999959999999999960e-01 2.614469999999999850e-01 9.652140000000000164e-01 2.667999999999999799e-03 -9.652180000000000204e-01 2.614480000000000137e-01 -1.530000000000000056e-04
2.800000000000000000e+01 1.300000000000000000e+01 2.000000000000000000e+01 0.000000000000000000e+00 1.600000000000000089e+00 -2.095000000000000074e-03 -4.283999999999999614e-03 9.999890000000000168e-01 2.609759999999999858e-01 9.653340000000000254e-01 4.682000000000000398e-03 -9.653429999999999511e-01 2.609830000000000205e-01 -9.039999999999999642e-04
2.100000000000000000e+01 1.600000000000000000e+01 2.100000000000000000e+01 0.000000000000000000e+00 1.600000000000000089e+00 -1.822999999999999968e-03 -5.193999999999999832e-03 9.999850000000000128e-01 2.990160000000000040e-01 9.542319999999999691e-01 5.501999999999999946e-03 -9.542460000000000386e-01 2.990220000000000100e-01 -1.869999999999999917e-04
1.800000000000000000e+01 2.000000000000000000e+00 2.500000000000000000e+01 0.000000000000000000e+00 1.600000000000000089e+00 2.337999999999999801e-03 -9.209999999999999437e-03 9.999550000000000383e-01 6.821399999999999686e-02 -9.976270000000000415e-01 -9.348000000000000406e-03 9.976679999999999993e-01 6.823300000000000198e-02 -1.704000000000000003e-03
4.000000000000000000e+00 3.000000000000000000e+00 2.500000000000000000e+01 0.000000000000000000e+00 1.600000000000000089e+00 1.968999999999999830e-03 -2.245300000000000074e-02 9.997460000000000235e-01 -1.609800000000000120e-02 -9.996190000000000353e-01 -2.241800000000000043e-02 9.998679999999999790e-01 -1.604999999999999830e-02 -2.330000000000000040e-03
9.000000000000000000e+00 3.000000000000000000e+00 2.500000000000000000e+01 0.000000000000000000e+00 1.600000000000000089e+00 9.114999999999999838e-03 -4.975799999999999668e-02 9.987200000000000522e-01 2.706899999999999931e-02 -9.983830000000000204e-01 -4.998799999999999771e-02 9.995920000000000361e-01 2.749000000000000055e-02 -7.753999999999999608e-03
1.700000000000000000e+01 3.000000000000000000e+00 2.500000000000000000e+01 0.000000000000000000e+00 1.600000000000000089e+00 1.958000000000000105e-03 -1.299900000000000014e-02 9.999139999999999695e-01 -1.321300000000000079e-02 -9.998289999999999678e-01 -1.297199999999999916e-02 9.999109999999999943e-01 -1.318700000000000080e-02 -2.128999999999999816e-03
2.300000000000000000e+01 3.000000000000000000e+00 2.500000000000000000e+01 0.000000000000000000e+00 1.600000000000000089e+00 1.606000000000000006e-03 5.794999999999999804e-03 9.999820000000000375e-01 -1.787899999999999906e-02 -9.998230000000000173e-01 5.823000000000000051e-03 9.998390000000000333e-01 -1.788800000000000112e-02 -1.502000000000000080e-03
1.200000000000000000e+01 4.600000000000000000e+01 2.700000000000000000e+01 0.000000000000000000e+00 1.600000000000000089e+00 3.400000000000000244e-04 2.497000000000000088e-03 -9.999970000000000248e-01 6.728929999999999634e-01 7.397369999999999779e-01 2.076000000000000154e-03 7.397399999999999531e-01 -6.728920000000000456e-01 -1.428000000000000016e-03
2.100000000000000000e+01 4.600000000000000000e+01 2.700000000000000000e+01 0.000000000000000000e+00 1.600000000000000089e+00 -1.479999999999999925e-04 -5.090000000000000123e-04 -1.000000000000000000e+00 6.799619999999999553e-01 7.332469999999999821e-01 -4.739999999999999747e-04 7.332480000000000109e-01 -6.799619999999999553e-01 2.380000000000000117e-04
2.000000000000000000e+00 5.800000000000000000e+01 3.100000000000000000e+01 0.000000000000000000e+00 1.600000000000000089e+00 -2.556999999999999811e-03 -1.001299999999999933e-02 9.999470000000000303e-01 -7.628200000000000536e-01 -6.465560000000000196e-01 -8.425000000000000197e-03 6.466060000000000141e-01 -7.628009999999999513e-01 -5.983999999999999736e-03
2.000000000000000000e+01 5.800000000000000000e+01 3.100000000000000000e+01 0.000000000000000000e+00 1.600000000000000089e+00 -3.938999999999999793e-03 -8.883000000000000271e-03 9.999529999999999808e-01 -7.971310000000000340e-01 -6.037470000000000336e-01 -8.503999999999999407e-03 6.037940000000000529e-01 -7.971270000000000300e-01 -4.702999999999999715e-03
2.900000000000000000e+01 5.800000000000000000e+01 3.100000000000000000e+01 0.000000000000000000e+00 1.600000000000000089e+00 -1.940000000000000101e-03 -5.627000000000000057e-03 9.999820000000000375e-01 -8.032859999999999445e-01 -5.955740000000000478e-01 -4.910000000000000302e-03 5.955909999999999815e-01 -8.032810000000000228e-01 -3.363999999999999803e-03
9.000000000000000000e+00 2.300000000000000000e+01 3.400000000000000000e+01 0.000000000000000000e+00 1.600000000000000089e+00 -1.216000000000000067e-03 6.248000000000000081e-03 9.999799999999999800e-01 4.069749999999999757e-01 -9.134179999999999522e-01 6.202000000000000048e-03 9.134379999999999722e-01 4.069740000000000024e-01 -1.431999999999999896e-03
8.000000000000000000e+00 4.600000000000000000e+01 3.500000000000000000e+01 0.000000000000000000e+00 1.600000000000000089e+00 2.970000000000000092e-04 1.087999999999999991e-03 -9.999989999999999712e-01 3.901950000000000141e-01 -9.207319999999999949e-01 -8.859999999999999603e-04 -9.207319999999999949e-01 -3.901950000000000141e-01 -6.980000000000000527e-04
1.400000000000000000e+01 4.600000000000000000e+01 3.500000000000000000e+01 0.000000000000000000e+00 1.600000000000000089e+00 2.018999999999999961e-03 2.935000000000000109e-03 -9.999940000000000495e-01 3.894299999999999984e-01 -9.210540000000000393e-01 -1.917000000000000084e-03 -9.210540000000000393e-01 -3.894230000000000191e-01 -3.003000000000000027e-03
1.900000000000000000e+01 4.600000000000000000e+01 3.500000000000000000e+01 0.000000000000000000e+00 1.600000000000000089e+00 -1.296999999999999976e-03 -2.158000000000000196e-03 -9.999970000000000248e-01 3.898389999999999911e-01 -9.208819999999999784e-01 1.482000000000000027e-03 -9.208819999999999784e-01 -3.898349999999999871e-01 2.034999999999999917e-03
2.300000000000000000e+01 4.600000000000000000e+01 3.500000000000000000e+01 0.000000000000000000e+00 1.600000000000000089e+00 -1.095999999999999969e-03 -1.510999999999999973e-03 -9.999980000000000535e-01 3.906319999999999792e-01 -9.205459999999999754e-01 9.629999999999999888e-04 -9.205459999999999754e-01 -3.906310000000000060e-01 1.598999999999999944e-03
2.700000000000000000e+01 4.600000000000000000e+01 3.500000000000000000e+01 0.000000000000000000e+00 1.600000000000000089e+00 -6.729999999999999871e-04 -4.120000000000000398e-03 -9.999909999999999632e-01 3.924679999999999835e-01 -9.197589999999999932e-01 3.524999999999999922e-03 -9.197650000000000547e-01 -3.924619999999999775e-01 2.236000000000000140e-03
5.000000000000000000e+00 2.900000000000000000e+01 4.400000000000000000e+01 0.000000000000000000e+00 1.600000000000000089e+00 -6.440000000000000412e-04 -3.298000000000000150e-03 -9.999940000000000495e-01 6.567779999999999729e-01 7.540790000000000548e-01 -2.910999999999999959e-03 7.540839999999999765e-01 -6.567760000000000264e-01 1.680000000000000070e-03
1.000000000000000000e+01 2.900000000000000000e+01 4.400000000000000000e+01 0.000000000000000000e+00 1.600000000000000089e+00 4.730000000000000046e-04 5.090000000000000123e-04 -1.000000000000000000e+00 6.561320000000000485e-01 7.546460000000000390e-01 6.949999999999999798e-04 7.546460000000000390e-01 -6.561320000000000485e-01 2.300000000000000002e-05
1.600000000000000000e+01 2.900000000000000000e+01 4.400000000000000000e+01 0.000000000000000000e+00 1.600000000000000089e+00 4.972999999999999990e-03 4.547999999999999959e-03 -9.999770000000000048e-01 6.603919999999999790e-01 7.508920000000000039e-01 6.700000000000000226e-03 7.509050000000000447e-01 -6.604100000000000525e-01 7.299999999999999632e-04
2.100000000000000000e+01 2.900000000000000000e+01 4.400000000000000000e+01 0.000000000000000000e+00 1.600000000000000089e+00 -2.275000000000000112e-03 2.456999999999999983e-03 -9.999940000000000495e-01 6.591200000000000392e-01 7.520379999999999843e-01 3.490000000000000263e-04 7.520350000000000090e-01 -6.591150000000000064e-01 -3.330000000000000061e-03
5.000000000000000000e+00 5.000000000000000000e+00 5.100000000000000000e+01 0.000000000000000000e+00 1.600000000000000089e+00 8.210000000000000067e-04 -2.820000000000000024e-03 -9.999959999999999960e-01 4.866119999999999890e-01 -8.736140000000000017e-01 2.863000000000000093e-03 -8.736180000000000057e-01 -4.866119999999999890e-01 6.549999999999999833e-04
1.300000000000000000e+01 1.150000000000000000e+02 5.100000000000000000e+01 0.000000000000000000e+00 1.600000000000000089e+00 -2.919999999999999961e-04 -4.356999999999999762e-03 9.999900000000000455e-01 8.443789999999999907e-01 -5.357420000000000515e-01 -2.086999999999999880e-03 5.357460000000000555e-01 8.443709999999999827e-01 3.836000000000000000e-03
1.000000000000000000e+00 6.300000000000000000e+01 5.400000000000000000e+01 0.000000000000000000e+00 1.600000000000000089e+00 7.789999999999999616e-04 6.019999999999999961e-04 1.000000000000000000e+00 -3.517930000000000224e-01 9.360779999999999657e-01 -2.900000000000000017e-04 -9.360779999999999657e-01 -3.517919999999999936e-01 9.409999999999999962e-04
7.000000000000000000e+00 6.300000000000000000e+01 5.400000000000000000e+01 0.000000000000000000e+00 1.600000000000000089e+00 -2.660000000000000146e-04 -1.461000000000000059e-03 9.999989999999999712e-01 -3.487839999999999829e-01 9.372019999999999795e-01 1.276000000000000007e-03 -9.372030000000000083e-01 -3.487839999999999829e-01 -7.590000000000000175e-04
1.100000000000000000e+01 6.300000000000000000e+01 5.400000000000000000e+01 0.000000000000000000e+00 1.600000000000000089e+00 -1.227000000000000009e-03 1.789999999999999870e-04 9.999989999999999712e-01 -3.497520000000000073e-01 9.368419999999999526e-01 -5.969999999999999829e-04 -9.368419999999999526e-01 -3.497520000000000073e-01 -1.087000000000000076e-03
1.600000000000000000e+01 6.300000000000000000e+01 5.400000000000000000e+01 0.000000000000000000e+00 1.600000000000000089e+00 1.310000000000000129e-04 2.786999999999999981e-03 9.999959999999999960e-01 -3.496770000000000156e-01 9.368670000000000053e-01 -2.565000000000000006e-03 -9.368699999999999806e-01 -3.496750000000000136e-01 1.098000000000000018e-03
2.200000000000000000e+01 6.300000000000000000e+01 5.400000000000000000e+01 0.000000000000000000e+00 1.600000000000000089e+00 1.505000000000000044e-03 5.509999999999999490e-04 9.999989999999999712e-01 -3.525880000000000125e-01 9.357779999999999987e-01 1.500000000000000038e-05 -9.357769999999999699e-01 -3.525880000000000125e-01 1.603000000000000041e-03
2.700000000000000000e+01 6.300000000000000000e+01 5.400000000000000000e+01 0.000000000000000000e+00 1.600000000000000089e+00 4.600000000000000139e-04 -3.432000000000000155e-03 9.999940000000000495e-01 -3.522359999999999935e-01 9.359049999999999869e-01 3.373999999999999829e-03 -9.359110000000000484e-01 -3.522359999999999935e-01 -7.780000000000000457e-04
9.000000000000000000e+00 2.500000000000000000e+01 5.500000000000000000e+01 0.000000000000000000e+00 1.600000000000000089e+00 -3.860000000000000041e-04 1.399000000000000070e-03 -9.999989999999999712e-01 -1.188099999999999920e-02 -9.999280000000000390e-01 -1.394000000000000057e-03 -9.999289999999999567e-01 1.188099999999999920e-02 4.029999999999999837e-04
2.400000000000000000e+01 2.500000000000000000e+01 5.500000000000000000e+01 0.000000000000000000e+00 1.600000000000000089e+00 -2.020000000000000040e-04 4.060000000000000024e-04 -1.000000000000000000e+00 -1.394100000000000027e-02 -9.999029999999999863e-01 -4.029999999999999837e-04 -9.999029999999999863e-01 1.394100000000000027e-02 2.079999999999999872e-04
2.900000000000000000e+01 2.500000000000000000e+01 5.500000000000000000e+01 0.000000000000000000e+00 1.600000000000000089e+00 1.013999999999999927e-03 1.056999999999999997e-03 -9.999989999999999712e-01 -1.559199999999999996e-02 -9.998780000000000445e-01 -1.072999999999999952e-03 -9.998780000000000445e-01 1.559299999999999922e-02 -9.970000000000000563e-04
2.800000000000000000e+01 2.600000000000000000e+01 5.500000000000000000e+01 0.000000000000000000e+00 1.600000000000000089e+00 9.719999999999999907e-04 2.638999999999999853e-03 -9.999959999999999960e-01 -3.362099999999999811e-02 -9.994309999999999583e-01 -2.671000000000000197e-03 -9.994340000000000446e-01 3.362400000000000111e-02 -8.829999999999999958e-04
1.500000000000000000e+01 6.800000000000000000e+01 5.700000000000000000e+01 0.000000000000000000e+00 1.600000000000000089e+00 2.420000000000000005e-04 -4.954000000000000070e-03 -9.999879999999999880e-01 -2.416850000000000109e-01 -9.703429999999999556e-01 4.748999999999999749e-03 -9.703549999999999676e-01 2.416800000000000059e-01 -1.431999999999999896e-03
9.000000000000000000e+00 2.000000000000000000e+01 6.000000000000000000e+01 0.000000000000000000e+00 1.600000000000000089e+00 4.290000000000000193e-04 -8.770999999999999283e-03 9.999609999999999888e-01 -6.330500000000000016e-02 9.979559999999999542e-01 8.781000000000000610e-03 -9.979940000000000477e-01 -6.330600000000000116e-02 -1.269999999999999970e-04
2.000000000000000000e+00 2.100000000000000000e+01 6.000000000000000000e+01 0.000000000000000000e+00 1.600000000000000089e+00 -1.101999999999999898e-03 8.530000000000000256e-04 9.999989999999999712e-01 -9.410499999999999421e-02 9.955619999999999470e-01 -9.529999999999999626e-04 -9.955619999999999470e-01 -9.410599999999999521e-02 -1.016999999999999892e-03
1.600000000000000000e+01 2.100000000000000000e+01 6.000000000000000000e+01 0.000000000000000000e+00 1.600000000000000089e+00 -7.200000000000000453e-04 5.506999999999999743e-03 9.999850000000000128e-01 -9.526300000000000046e-02 9.954370000000000163e-01 -5.551000000000000378e-03 -9.954520000000000035e-01 -9.526600000000000346e-02 -1.930000000000000021e-04
2.200000000000000000e+01 2.100000000000000000e+01 6.000000000000000000e+01 0.000000000000000000e+00 1.600000000000000089e+00 7.190000000000000210e-04 -7.389999999999999868e-03 9.999730000000000008e-01 -9.669099999999999917e-02 9.952870000000000328e-01 7.425000000000000176e-03 -9.953140000000000320e-01 -9.669300000000000117e-02 9.999999999999999547e-07
2.600000000000000000e+01 2.100000000000000000e+01 6.000000000000000000e+01 0.000000000000000000e+00 1.600000000000000089e+00 1.936999999999999920e-03 -9.970000000000000563e-04 9.999980000000000535e-01 -9.698800000000000476e-02 9.952849999999999753e-01 1.180000000000000059e-03 -9.952839999999999465e-01 -9.699000000000000676e-02 1.830999999999999945e-03
9.000000000000000000e+00 6.700000000000000000e+01 6.000000000000000000e+01 0.000000000000000000e+00 1.600000000000000089e+00 -8.130000000000000291e-04 -3.944999999999999722e-03 9.999919999999999920e-01 1.733260000000000078e-01 -9.848569999999999824e-01 -3.743999999999999932e-03 9.848639999999999617e-01 1.733220000000000038e-01 1.484000000000000076e-03
1.700000000000000000e+01 6.700000000000000000e+01 6.000000000000000000e+01 0.000000000000000000e+00 1.600000000000000089e+00 -1.358000000000000049e-03 -3.184000000000000198e-03 9.999940000000000495e-01 1.749729999999999897e-01 -9.845690000000000275e-01 -2.896999999999999836e-03 9.845720000000000027e-01 1.749680000000000124e-01 1.894000000000000067e-03
1.000000000000000000e+00 2.700000000000000000e+01 6.300000000000000000e+01 0.000000000000000000e+00 1.600000000000000089e+00 -8.980000000000000352e-04 1.662999999999999982e-03 9.999980000000000535e-01 -2.752939999999999832e-01 9.613580000000000458e-01 -1.845999999999999985e-03 -9.613599999999999923e-01 -2.752959999999999852e-01 -4.049999999999999781e-04
1.100000000000000000e+01 2.700000000000000000e+01 6.300000000000000000e+01 0.000000000000000000e+00 1.600000000000000089e+00 -4.040000000000000080e-04 -7.470000000000000511e-04 1.000000000000000000e+00 -2.746290000000000120e-01 9.615500000000000158e-01 6.080000000000000335e-04 -9.615500000000000158e-01 -2.746290000000000120e-01 -5.940000000000000184e-04
1.600000000000000000e+01 2.700000000000000000e+01 6.300000000000000000e+01 0.000000000000000000e+00 1.600000000000000089e+00 -1.064999999999999974e-03 -2.098000000000000038e-03 9.999970000000000248e-01 -2.755279999999999951e-01 9.612920000000000353e-01 1.724000000000000055e-03 -9.612929999999999531e-01 -2.755250000000000199e-01 -1.601999999999999908e-03
2.600000000000000000e+01 2.700000000000000000e+01 6.300000000000000000e+01 0.000000000000000000e+00 1.600000000000000089e+00 2.101000000000000003e-03 -5.150000000000000498e-04 9.999980000000000535e-01 -2.745580000000000243e-01 9.615700000000000358e-01 1.072000000000000036e-03 -9.615679999999999783e-01 -2.745600000000000263e-01 1.879000000000000028e-03
2.000000000000000000e+00 2.600000000000000000e+01 6.400000000000000000e+01 0.000000000000000000e+00 1.600000000000000089e+00 -1.610000000000000103e-03 -2.128000000000000117e-03 9.999959999999999960e-01 -3.636440000000000228e-01 9.315369999999999484e-01 1.397000000000000021e-03 -9.315369999999999484e-01 -3.636400000000000188e-01 -2.273999999999999980e-03
8.000000000000000000e+00 2.600000000000000000e+01 6.400000000000000000e+01 0.000000000000000000e+00 1.600000000000000089e+00 -1.060000000000000016e-04 -8.339999999999999974e-04 1.000000000000000000e+00 -3.650660000000000016e-01 9.309809999999999475e-01 7.380000000000000492e-04 -9.309819999999999762e-01 -3.650660000000000016e-01 -4.029999999999999837e-04
1.200000000000000000e+01 2.600000000000000000e+01 6.400000000000000000e+01 0.000000000000000000e+00 1.600000000000000089e+00 6.299999999999999990e-05 -1.361000000000000014e-03 9.999989999999999712e-01 -3.683660000000000267e-01 9.296799999999999509e-01 1.288999999999999998e-03 -9.296809999999999796e-01 -3.683660000000000267e-01 -4.429999999999999802e-04
1.600000000000000000e+01 2.600000000000000000e+01 6.400000000000000000e+01 0.000000000000000000e+00 1.600000000000000089e+00 -1.062000000000000010e-03 -1.583999999999999905e-03 9.999980000000000535e-01 -3.682849999999999735e-01 9.297119999999999829e-01 1.080999999999999930e-03 -9.297130000000000116e-01 -3.682830000000000270e-01 -1.570999999999999914e-03
2.600000000000000000e+01 2.600000000000000000e+01 6.400000000000000000e+01 0.000000000000000000e+00 1.600000000000000089e+00 2.765999999999999796e-03 2.570000000000000127e-04 9.999959999999999960e-01 -3.666719999999999979e-01 9.303500000000000103e-01 7.749999999999999728e-04 -9.303460000000000063e-01 -3.666730000000000267e-01 2.667000000000000100e-03
7.000000000000000000e+00 6.900000000000000000e+01 6.600000000000000000e+01 0.000000000000000000e+00 1.600000000000000089e+00 -8.570000000000000144e-04 -1.541000000000000052e-03 9.999980000000000535e-01 -9.555930000000000257e-01 2.946889999999999787e-01 -3.649999999999999816e-04 -2.946880000000000055e-01 -9.555919999999999970e-01 -1.724999999999999971e-03
2.000000000000000000e+01 6.900000000000000000e+01 6.600000000000000000e+01 0.000000000000000000e+00 1.600000000000000089e+00 1.598999999999999944e-03 1.330999999999999935e-03 9.999980000000000535e-01 -9.536670000000000424e-01 3.008609999999999896e-01 1.123999999999999999e-03 -3.008589999999999876e-01 -9.536670000000000424e-01 1.750999999999999952e-03
1.000000000000000000e+00 2.500000000000000000e+01 7.300000000000000000e+01 0.000000000000000000e+00 1.600000000000000089e+00 -1.066000000000000107e-03 -2.020000000000000094e-03 9.999970000000000248e-01 7.546829999999999927e-01 -6.560890000000000333e-01 -5.209999999999999788e-04 6.560890000000000333e-01 7.546800000000000175e-01 2.223999999999999849e-03
7.000000000000000000e+00 2.500000000000000000e+01 7.300000000000000000e+01 0.000000000000000000e+00 1.600000000000000089e+00 4.870000000000000197e-04 -5.980000000000000072e-04 1.000000000000000000e+00 7.545950000000000157e-01 -6.561900000000000510e-01 -7.600000000000000418e-04 6.561900000000000510e-01 7.545960000000000445e-01 1.320000000000000101e-04
1.400000000000000000e+01 2.500000000000000000e+01 7.300000000000000000e+01 0.000000000000000000e+00 1.600000000000000089e+00 -7.150000000000000322e-04 1.123999999999999999e-03 9.999989999999999712e-01 7.572269999999999834e-01 -6.531500000000000083e-01 1.275000000000000092e-03 6.531510000000000371e-01 7.572269999999999834e-01 -3.840000000000000097e-04
1.900000000000000000e+01 2.500000000000000000e+01 7.300000000000000000e+01 0.000000000000000000e+00 1.600000000000000089e+00 1.644999999999999978e-03 1.224999999999999960e-03 9.999980000000000535e-01 7.573499999999999677e-01 -6.530089999999999506e-01 -4.459999999999999989e-04 6.530070000000000041e-01 7.573490000000000499e-01 -2.001999999999999873e-03
2.400000000000000000e+01 2.500000000000000000e+01 7.300000000000000000e+01 0.000000000000000000e+00 1.600000000000000089e+00 -4.220000000000000118e-04 4.020000000000000136e-04 1.000000000000000000e+00 7.584189999999999543e-01 -6.517669999999999852e-01 5.820000000000000520e-04 6.517669999999999852e-01 7.584189999999999543e-01 -3.000000000000000076e-05
5.000000000000000000e+00 4.400000000000000000e+01 7.300000000000000000e+01 0.000000000000000000e+00 1.600000000000000089e+00 1.087000000000000076e-03 2.262000000000000122e-03 9.999970000000000248e-01 5.680500000000000133e-02 -9.983830000000000204e-01 2.197000000000000168e-03 9.983849999999999669e-01 5.680199999999999833e-02 -1.214000000000000018e-03
1.200000000000000000e+01 4.400000000000000000e+01 7.300000000000000000e+01 0.000000000000000000e+00 1.600000000000000089e+00 -6.199999999999999999e-04 -3.288999999999999823e-03 9.999940000000000495e-01 5.412200000000000344e-02 -9.985289999999999999e-01 -3.249999999999999851e-03 9.985340000000000327e-01 5.411900000000000044e-02 7.969999999999999654e-04
1.600000000000000000e+01 4.400000000000000000e+01 7.300000000000000000e+01 0.000000000000000000e+00 1.600000000000000089e+00 6.930000000000000396e-04 -2.618000000000000101e-03 9.999959999999999960e-01 5.392099999999999671e-02 -9.985420000000000407e-01 -2.651000000000000145e-03 9.985450000000000159e-01 5.392299999999999871e-02 -5.500000000000000331e-04
2.100000000000000000e+01 4.400000000000000000e+01 7.300000000000000000e+01 0.000000000000000000e+00 1.600000000000000089e+00 3.490000000000000263e-04 4.949999999999999973e-04 1.000000000000000000e+00 5.748799999999999744e-02 -9.983459999999999557e-01 4.739999999999999747e-04 9.983459999999999557e-01 5.748799999999999744e-02 -3.770000000000000022e-04
2.700000000000000000e+01 4.400000000000000000e+01 7.300000000000000000e+01 0.000000000000000000e+00 1.600000000000000089e+00 -7.320000000000000118e-04 -1.529999999999999893e-03 9.999989999999999712e-01 5.517500000000000182e-02 -9.984760000000000302e-01 -1.487999999999999956e-03 9.984760000000000302e-01 5.517299999999999982e-02 8.149999999999999693e-04
4.000000000000000000e+00 9.100000000000000000e+01 7.600000000000000000e+01 0.000000000000000000e+00 1.600000000000000089e+00 -3.249999999999999851e-04 -1.273000000000000043e-03 9.999989999999999712e-01 3.213230000000000253e-01 -9.469689999999999497e-01 -1.100999999999999982e-03 9.469689999999999497e-01 3.213230000000000253e-01 7.169999999999999724e-04
7.000000000000000000e+00 9.100000000000000000e+01 7.600000000000000000e+01 0.000000000000000000e+00 1.600000000000000089e+00 4.500000000000000283e-05 -2.128999999999999816e-03 9.999980000000000535e-01 3.157469999999999999e-01 -9.488410000000000455e-01 -2.033999999999999784e-03 9.488429999999999920e-01 3.157469999999999999e-01 6.290000000000000018e-04
1.400000000000000000e+01 9.100000000000000000e+01 7.600000000000000000e+01 0.000000000000000000e+00 1.600000000000000089e+00 -2.118999999999999790e-03 1.291999999999999963e-03 9.999970000000000248e-01 3.114129999999999954e-01 -9.502730000000000343e-01 1.887999999999999921e-03 9.502720000000000056e-01 3.114160000000000261e-01 1.611999999999999935e-03
1.800000000000000000e+01 9.100000000000000000e+01 7.600000000000000000e+01 0.000000000000000000e+00 1.600000000000000089e+00 -2.689999999999999791e-04 -1.590999999999999966e-03 9.999989999999999712e-01 3.203309999999999769e-01 -9.473049999999999526e-01 -1.420999999999999954e-03 9.473059999999999814e-01 3.203300000000000036e-01 7.649999999999999465e-04
2.300000000000000000e+01 9.100000000000000000e+01 7.600000000000000000e+01 0.000000000000000000e+00 1.600000000000000089e+00 1.977000000000000025e-03 -9.280000000000000054e-04 9.999980000000000535e-01 3.196060000000000012e-01 -9.475489999999999746e-01 -1.510999999999999973e-03 9.475489999999999746e-01 3.196080000000000032e-01 -1.577000000000000060e-03
3.000000000000000000e+01 9.100000000000000000e+01 7.600000000000000000e+01 0.000000000000000000e+00 1.600000000000000089e+00 -2.625999999999999862e-03 -2.344999999999999862e-03 9.999940000000000495e-01 3.045579999999999954e-01 -9.524930000000000341e-01 -1.433999999999999945e-03 9.524899999999999478e-01 3.045530000000000181e-01 3.216000000000000109e-03
3.000000000000000000e+01 6.300000000000000000e+01 8.100000000000000000e+01 0.000000000000000000e+00 1.600000000000000089e+00 -4.989999999999999861e-04 9.417000000000000023e-03 9.999550000000000383e-01 2.213599999999999943e-02 -9.997110000000000163e-01 9.426000000000000351e-03 9.997549999999999493e-01 2.213999999999999996e-02 2.900000000000000017e-04
1.800000000000000000e+01 1.020000000000000000e+02 8.200000000000000000e+01 0.000000000000000000e+00 1.600000000000000089e+00 -9.030000000000000483e-04 -3.203999999999999817e-03 -9.999940000000000495e-01 -6.377650000000000263e-01 7.702290000000000525e-01 -1.892000000000000019e-03 7.702299999999999702e-01 6.377599999999999936e-01 -2.737999999999999982e-03
4.000000000000000000e+00 4.400000000000000000e+01 8.300000000000000000e+01 0.000000000000000000e+00 1.600000000000000089e+00 1.348000000000000023e-03 8.600000000000000331e-05 9.999989999999999712e-01 5.798569999999999558e-01 -8.147180000000000533e-01 -7.119999999999999593e-04 8.147170000000000245e-01 5.798569999999999558e-01 -1.147999999999999932e-03
