4.000000000000000000e+00 1.500000000000000000e+01 4.000000000000000000e+00 0.000000000000000000e+00 1.600000000000000089e+00 3.080999999999999971e-03 1.065800000000000081e-02 9.999379999999999935e-01 3.202409999999999979e-01 -9.472920000000000229e-01 9.110000000000000042e-03 9.473310000000000342e-01 3.201939999999999786e-01 -6.330999999999999822e-03
1.700000000000000000e+01 1.500000000000000000e+01 4.000000000000000000e+00 0.000000000000000000e+00 1.600000000000000089e+00 1.427000000000000100e-03 3.899000000000000122e-03 9.999909999999999632e-01 3.195029999999999815e-01 -9.475799999999999779e-01 3.239000000000000126e-03 9.475839999999999819e-01 3.194960000000000022e-01 -2.598000000000000049e-03
2.200000000000000000e+01 1.500000000000000000e+01 4.000000000000000000e+00 0.000000000000000000e+00 1.600000000000000089e+00 2.109000000000000197e-03 6.007000000000000187e-03 9.999799999999999800e-01 3.225589999999999846e-01 -9.465360000000000440e-01 5.006000000000000033e-03 9.465470000000000272e-01 3.225419999999999954e-01 -3.933999999999999997e-03
2.700000000000000000e+01 1.500000000000000000e+01 4.000000000000000000e+00 0.000000000000000000e+00 1.600000000000000089e+00 -3.629999999999999980e-03 -6.233999999999999958e-03 9.999740000000000295e-01 3.230450000000000266e-01 -9.463719999999999910e-01 -4.728000000000000431e-03 9.463770000000000238e-01 3.230199999999999738e-01 5.448999999999999851e-03
4.000000000000000000e+00 1.010000000000000000e+02 7.000000000000000000e+00 0.000000000000000000e+00 1.600000000000000089e+00 2.825999999999999953e-03 -3.939900000000000346e-02 9.992199999999999971e-01 8.843959999999999599e-01 4.664670000000000205e-01 1.589199999999999988e-02 -4.667290000000000050e-01 8.836610000000000298e-01 3.616199999999999970e-02
9.000000000000000000e+00 1.010000000000000000e+02 7.000000000000000000e+00 0.000000000000000000e+00 1.600000000000000089e+00 4.800000000000000122e-05 -2.982999999999999888e-02 9.995549999999999713e-01 8.853799999999999448e-01 4.646629999999999927e-01 1.382399999999999948e-02 -4.648689999999999767e-01 8.849850000000000216e-01 2.643300000000000163e-02
2.600000000000000000e+01 1.010000000000000000e+02 7.000000000000000000e+00 0.000000000000000000e+00 1.600000000000000089e+00 -6.122999999999999970e-03 1.414999999999999938e-02 9.998810000000000198e-01 8.807859999999999578e-01 4.735139999999999905e-01 -1.307999999999999918e-03 -4.734760000000000080e-01 8.806730000000000391e-01 -1.536200000000000065e-02
8.000000000000000000e+00 2.500000000000000000e+01 8.000000000000000000e+00 0.000000000000000000e+00 1.600000000000000089e+00 -2.629999999999999959e-04 -2.367000000000000180e-03 -9.999970000000000248e-01 4.533969999999999945e-01 8.913060000000000427e-01 -2.229000000000000078e-03 8.913090000000000179e-01 -4.533960000000000212e-01 8.390000000000000105e-04
1.400000000000000000e+01 2.500000000000000000e+01 8.000000000000000000e+00 0.000000000000000000e+00 1.600000000000000089e+00 -7.360000000000000006e-04 9.300000000000000541e-04 -9.999989999999999712e-01 4.523229999999999751e-01 8.918540000000000356e-01 4.970000000000000459e-04 8.918540000000000356e-01 -4.523220000000000018e-01 -1.077000000000000049e-03
1.900000000000000000e+01 2.500000000000000000e+01 8.000000000000000000e+00 0.000000000000000000e+00 1.600000000000000089e+00 -1.302999999999999905e-03 -1.312999999999999931e-03 -9.999980000000000535e-01 4.536180000000000212e-01 8.911940000000000417e-01 -1.761999999999999894e-03 8.911949999999999594e-01 -4.536200000000000232e-01 -5.659999999999999884e-04
2.500000000000000000e+01 2.500000000000000000e+01 8.000000000000000000e+00 0.000000000000000000e+00 1.600000000000000089e+00 -9.970000000000000563e-04 7.089999999999999948e-03 -9.999740000000000295e-01 4.529239999999999933e-01 8.915300000000000447e-01 5.869000000000000085e-03 8.915480000000000071e-01 -4.529070000000000040e-01 -4.100000000000000346e-03
2.800000000000000000e+01 2.500000000000000000e+01 8.000000000000000000e+00 0.000000000000000000e+00 1.600000000000000089e+00 -1.074000000000000085e-03 3.170000000000000075e-04 -9.999989999999999712e-01 4.540770000000000084e-01 8.909629999999999495e-01 -2.049999999999999956e-04 8.909620000000000317e-01 -4.540759999999999796e-01 -1.100999999999999982e-03
5.000000000000000000e+00 2.400000000000000000e+01 9.000000000000000000e+00 0.000000000000000000e+00 1.600000000000000089e+00 -1.387999999999999911e-03 -8.640000000000000110e-03 -9.999620000000000175e-01 4.546149999999999913e-01 8.906490000000000240e-01 -8.326999999999999333e-03 8.906870000000000065e-01 -4.546089999999999853e-01 2.691999999999999948e-03
8.000000000000000000e+00 2.400000000000000000e+01 9.000000000000000000e+00 0.000000000000000000e+00 1.600000000000000089e+00 -1.630000000000000047e-04 -1.894000000000000067e-03 -9.999980000000000535e-01 4.562689999999999801e-01 8.898399999999999643e-01 -1.760000000000000063e-03 8.898420000000000218e-01 -4.562689999999999801e-01 7.190000000000000210e-04
1.900000000000000000e+01 2.400000000000000000e+01 9.000000000000000000e+00 0.000000000000000000e+00 1.600000000000000089e+00 -1.266999999999999897e-03 -2.197000000000000168e-03 -9.999970000000000248e-01 4.554469999999999907e-01 8.902590000000000225e-01 -2.533000000000000095e-03 8.902619999999999978e-01 -4.554489999999999927e-01 -1.279999999999999942e-04
2.800000000000000000e+01 2.400000000000000000e+01 9.000000000000000000e+00 0.000000000000000000e+00 1.600000000000000089e+00 -1.312000000000000015e-03 1.330000000000000019e-03 -9.999980000000000535e-01 4.554679999999999840e-01 8.902520000000000433e-01 5.860000000000000408e-04 8.902510000000000145e-01 -4.554659999999999820e-01 -1.773999999999999969e-03
1.500000000000000000e+01 3.100000000000000000e+01 1.200000000000000000e+01 0.000000000000000000e+00 1.600000000000000089e+00 -4.500000000000000283e-05 -2.789999999999999945e-03 9.999959999999999960e-01 -1.629699999999999899e-02 9.998629999999999463e-01 2.788999999999999813e-03 -9.998669999999999503e-01 -1.629699999999999899e-02 -9.000000000000000567e-05
3.000000000000000000e+00 3.500000000000000000e+01 1.200000000000000000e+01 0.000000000000000000e+00 1.600000000000000089e+00 1.675000000000000057e-03 -5.002000000000000370e-03 -9.999860000000000415e-01 4.755730000000000235e-01 -8.796610000000000262e-01 5.197000000000000230e-03 -8.796749999999999847e-01 -4.755750000000000255e-01 9.049999999999999885e-04
7.000000000000000000e+00 3.500000000000000000e+01 1.200000000000000000e+01 0.000000000000000000e+00 1.600000000000000089e+00 1.549999999999999946e-03 -8.111999999999999419e-03 -9.999660000000000215e-01 4.707419999999999938e-01 -8.822360000000000202e-01 7.886999999999999914e-03 -8.822689999999999699e-01 -4.707379999999999898e-01 2.451000000000000054e-03
1.000000000000000000e+01 3.500000000000000000e+01 1.200000000000000000e+01 0.000000000000000000e+00 1.600000000000000089e+00 2.900000000000000017e-04 -5.680000000000000153e-03 -9.999839999999999840e-01 4.652470000000000216e-01 -8.851660000000000084e-01 5.163000000000000055e-03 -8.851809999999999956e-01 -4.652410000000000156e-01 2.386000000000000100e-03
1.400000000000000000e+01 3.500000000000000000e+01 1.200000000000000000e+01 0.000000000000000000e+00 1.600000000000000089e+00 -6.179999999999999513e-04 -2.000000000000000042e-03 -9.999980000000000535e-01 4.602060000000000040e-01 -8.878110000000000168e-01 1.490999999999999921e-03 -8.878120000000000456e-01 -4.602040000000000020e-01 1.469000000000000037e-03
1.900000000000000000e+01 3.500000000000000000e+01 1.200000000000000000e+01 0.000000000000000000e+00 1.600000000000000089e+00 1.552999999999999910e-03 6.799999999999999946e-05 -9.999989999999999712e-01 4.500339999999999896e-01 -8.930109999999999992e-01 6.380000000000000037e-04 -8.930099999999999705e-01 -4.500339999999999896e-01 -1.417000000000000074e-03
2.800000000000000000e+01 3.500000000000000000e+01 1.200000000000000000e+01 0.000000000000000000e+00 1.600000000000000089e+00 -1.490999999999999921e-03 1.655999999999999920e-03 -9.999970000000000248e-01 4.156329999999999747e-01 -9.095299999999999496e-01 -2.125999999999999852e-03 -9.095309999999999784e-01 -4.156349999999999767e-01 6.679999999999999740e-04
6.000000000000000000e+00 3.200000000000000000e+01 1.400000000000000000e+01 0.000000000000000000e+00 1.600000000000000089e+00 2.848999999999999970e-03 2.700999999999999842e-03 -9.999919999999999920e-01 1.028960000000000014e-01 9.946880000000000166e-01 2.980000000000000010e-03 9.946880000000000166e-01 -1.029029999999999945e-01 2.556000000000000112e-03
9.000000000000000000e+00 3.200000000000000000e+01 1.400000000000000000e+01 0.000000000000000000e+00 1.600000000000000089e+00 6.059999999999999849e-04 5.130000000000000011e-04 -1.000000000000000000e+00 1.037190000000000056e-01 9.946070000000000189e-01 5.730000000000000501e-04 9.946059999999999901e-01 -1.037190000000000056e-01 5.490000000000000088e-04
1.900000000000000000e+01 1.200000000000000000e+01 1.500000000000000000e+01 0.000000000000000000e+00 1.600000000000000089e+00 -4.800000000000000122e-05 -1.211000000000000054e-03 -9.999989999999999712e-01 -4.635520000000000196e-01 -8.860689999999999955e-01 1.095000000000000053e-03 -8.860700000000000243e-01 4.635520000000000196e-01 -5.190000000000000386e-04
2.800000000000000000e+01 1.200000000000000000e+01 1.500000000000000000e+01 0.000000000000000000e+00 1.600000000000000089e+00 5.980000000000000072e-04 -1.186999999999999904e-03 -9.999989999999999712e-01 -4.627859999999999752e-01 -8.864699999999999802e-01 7.759999999999999971e-04 -8.864699999999999802e-01 4.627850000000000019e-01 -1.079000000000000098e-03
3.000000000000000000e+00 7.500000000000000000e+01 1.600000000000000000e+01 0.000000000000000000e+00 1.600000000000000089e+00 -6.235709999999999864e-01 -7.339179999999999593e-01 2.693019999999999858e-01 -7.353020000000000111e-01 6.676010000000000000e-01 1.167910000000000059e-01 -2.655009999999999870e-01 -1.251909999999999967e-01 -9.559480000000000199e-01
1.700000000000000000e+01 1.160000000000000000e+02 1.600000000000000000e+01 0.000000000000000000e+00 1.600000000000000089e+00 2.710999999999999868e-03 7.230999999999999581e-03 9.999700000000000255e-01 7.360449999999999493e-01 6.768969999999999709e-01 -6.891000000000000424e-03 -6.769269999999999454e-01 7.360419999999999741e-01 -3.487000000000000082e-03
1.000000000000000000e+00 2.000000000000000000e+00 1.900000000000000000e+01 0.000000000000000000e+00 1.600000000000000089e+00 -2.441000000000000027e-03 1.293500000000000032e-02 -9.999130000000000518e-01 1.849240000000000050e-01 -9.826650000000000107e-01 -1.316400000000000035e-02 -9.827500000000000124e-01 -1.849399999999999933e-01 6.999999999999999895e-06
6.000000000000000000e+00 2.000000000000000000e+00 1.900000000000000000e+01 0.000000000000000000e+00 1.600000000000000089e+00 -2.778000000000000087e-03 1.630500000000000005e-02 -9.998629999999999463e-01 1.845169999999999866e-01 -9.826899999999999524e-01 -1.653699999999999962e-02 -9.828249999999999487e-01 -1.845370000000000066e-01 -2.779999999999999811e-04
1.300000000000000000e+01 2.000000000000000000e+00 1.900000000000000000e+01 0.000000000000000000e+00 1.600000000000000089e+00 -1.097000000000000102e-03 2.442000000000000160e-03 -9.999959999999999960e-01 1.753220000000000056e-01 -9.845080000000000497e-01 -2.596999999999999916e-03 -9.845099999999999962e-01 -1.753240000000000076e-01 6.509999999999999945e-04
1.800000000000000000e+01 2.000000000000000000e+00 1.900000000000000000e+01 0.000000000000000000e+00 1.600000000000000089e+00 -4.099999999999999912e-04 5.324999999999999872e-03 -9.999860000000000415e-01 1.690190000000000026e-01 -9.855979999999999741e-01 -5.317999999999999811e-03 -9.856129999999999614e-01 -1.690190000000000026e-01 -4.960000000000000216e-04
2.800000000000000000e+01 2.000000000000000000e+00 1.900000000000000000e+01 0.000000000000000000e+00 1.600000000000000089e+00 7.709999999999999840e-04 -2.109000000000000197e-03 -9.999970000000000248e-01 1.605100000000000138e-01 -9.870320000000000205e-01 2.204999999999999929e-03 -9.870339999999999669e-01 -1.605109999999999870e-01 -4.220000000000000118e-04
1.400000000000000000e+01 4.000000000000000000e+00 2.000000000000000000e+01 0.000000000000000000e+00 1.600000000000000089e+00 -1.562999999999999936e-03 3.040000000000000167e-03 -9.999940000000000495e-01 2.603190000000000226e-01 -9.655169999999999586e-01 -3.341999999999999919e-03 -9.655209999999999626e-01 -2.603230000000000266e-01 7.179999999999999967e-04
4.000000000000000000e+00 1.300000000000000000e+01 2.000000000000000000e+01 0.000000000000000000e+00 1.600000000000000089e+00 1.719000000000000042e-03 8.310000000000000329e-04 9.999980000000000535e-01 2.592999999999999750e-01 9.657959999999999878e-01 -1.247999999999999977e-03 -9.657949999999999591e-01 2.593019999999999770e-01 1.445000000000000104e-03
7.000000000000000000e+00 1.300000000000000000e+01 2.000000000000000000e+01 0.000000000000000000e+00 1.600000000000000089e+00 1.755999999999999965e-03 3.514000000000000196e-03 9.999919999999999920e-01 2.572119999999999962e-01 9.663469999999999560e-01 -3.847000000000000159e-03 -9.663530000000000175e-01 2.572169999999999734e-01 7.929999999999999766e-04
1.200000000000000000e+01 1.300000000000000000e+01 2.000000000000000000e+01 0.000000000000000000e+00 1.600000000000000089e+00 1.376999999999999969e-03 -5.399999999999999798e-05 9.999989999999999712e-01 2.555620000000000114e-01 9.667930000000000135e-01 -2.999999999999999737e-04 -9.667919999999999847e-01 2.555620000000000114e-01 1.345000000000000058e-03
1.800000000000000000e+01 1.300000000000000000e+01 2.000000000000000000e+01 0.000000000000000000e+00 1.600000000000000089e+00 1.279999999999999942e-04 9.709999999999999664e-04 9.999989999999999712e-01 2.520549999999999735e-01 9.677120000000000166e-01 -9.719999999999999907e-04 -9.677130000000000454e-01 2.520549999999999735e-01 -1.210000000000000002e-04
2.200000000000000000e+01 1.300000000000000000e+01 2.000000000000000000e+01 0.000000000000000000e+00 1.600000000000000089e+00 4.749999999999999990e-04 -2.866000000000000058e-03 9.999959999999999960e-01 2.500959999999999850e-01 9.682169999999999943e-01 2.657000000000000074e-03 -9.682209999999999983e-01 2.500939999999999830e-01 1.177000000000000095e-03
3.000000000000000000e+01 1.300000000000000000e+01 2.000000000000000000e+01 0.000000000000000000e+00 1.600000000000000089e+00 -1.869999999999999917e-04 -3.053999999999999857e-03 9.999949999999999672e-01 2.509430000000000271e-01 9.679969999999999963e-01 3.003000000000000027e-03 -9.680020000000000291e-01 2.509419999999999984e-01 5.850000000000000165e-04
8.000000000000000000e+00 1.600000000000000000e+01 2.100000000000000000e+01 0.000000000000000000e+00 1.600000000000000089e+00 1.910000000000000022e-03 3.798000000000000161e-03 9.999909999999999632e-01 2.998279999999999834e-01 9.539840000000000542e-01 -4.196000000000000077e-03 -9.539910000000000334e-01 2.998330000000000162e-01 6.840000000000000377e-04
1.200000000000000000e+01 1.600000000000000000e+01 2.100000000000000000e+01 0.000000000000000000e+00 1.600000000000000089e+00 1.709000000000000016e-03 -4.899999999999999842e-04 9.999980000000000535e-01 2.994560000000000000e-01 9.541100000000000136e-01 -4.399999999999999886e-05 -9.541089999999999849e-01 2.994550000000000267e-01 1.776999999999999934e-03
2.000000000000000000e+01 1.600000000000000000e+01 2.100000000000000000e+01 0.000000000000000000e+00 1.600000000000000089e+00 2.400000000000000061e-05 -5.150000000000000498e-04 1.000000000000000000e+00 2.983990000000000253e-01 9.544409999999999838e-01 4.850000000000000253e-04 -9.544409999999999838e-01 2.983990000000000253e-01 1.759999999999999954e-04
2.500000000000000000e+01 1.600000000000000000e+01 2.100000000000000000e+01 0.000000000000000000e+00 1.600000000000000089e+00 -9.000000000000000228e-06 -6.989000000000000420e-03 9.999759999999999760e-01 2.970309999999999895e-01 9.548450000000000548e-01 6.675999999999999643e-03 -9.548680000000000501e-01 2.970240000000000102e-01 2.066999999999999827e-03
2.700000000000000000e+01 1.600000000000000000e+01 2.100000000000000000e+01 0.000000000000000000e+00 1.600000000000000089e+00 -1.900000000000000105e-04 -7.629999999999999630e-03 9.999710000000000543e-01 2.972179999999999822e-01 9.547809999999999908e-01 7.341999999999999568e-03 -9.548090000000000188e-01 2.972110000000000030e-01 2.086999999999999880e-03
4.000000000000000000e+00 3.000000000000000000e+00 2.500000000000000000e+01 0.000000000000000000e+00 1.600000000000000089e+00 4.480999999999999740e-03 1.917800000000000060e-02 9.998059999999999725e-01 -6.210299999999999848e-02 -9.978810000000000180e-01 1.941899999999999876e-02 9.980599999999999472e-01 -6.217799999999999716e-02 -3.281000000000000062e-03
8.000000000000000000e+00 3.000000000000000000e+00 2.500000000000000000e+01 0.000000000000000000e+00 1.600000000000000089e+00 3.420999999999999996e-03 1.138400000000000002e-02 9.999289999999999567e-01 -4.837500000000000133e-02 -9.987629999999999564e-01 1.153599999999999938e-02 9.988230000000000164e-01 -4.841100000000000264e-02 -2.866000000000000058e-03
3.000000000000000000e+00 4.600000000000000000e+01 2.700000000000000000e+01 0.000000000000000000e+00 1.600000000000000089e+00 1.299999999999999920e-05 1.208000000000000089e-03 -9.999989999999999712e-01 6.619930000000000536e-01 7.495100000000000096e-01 9.139999999999999904e-04 7.495100000000000096e-01 -6.619920000000000249e-01 -7.900000000000000121e-04
1.400000000000000000e+01 4.600000000000000000e+01 2.700000000000000000e+01 0.000000000000000000e+00 1.600000000000000089e+00 -7.789999999999999616e-04 9.709999999999999664e-04 -9.999989999999999712e-01 6.665229999999999766e-01 7.454849999999999532e-01 2.049999999999999956e-04 7.454840000000000355e-01 -6.665219999999999478e-01 -1.227999999999999925e-03
2.800000000000000000e+01 4.600000000000000000e+01 2.700000000000000000e+01 0.000000000000000000e+00 1.600000000000000089e+00 9.309999999999999699e-04 -5.599999999999999509e-04 -9.999989999999999712e-01 6.745679999999999454e-01 7.382130000000000081e-01 2.149999999999999947e-04 7.382119999999999793e-01 -6.745679999999999454e-01 1.064999999999999974e-03
4.000000000000000000e+00 4.600000000000000000e+01 3.000000000000000000e+01 0.000000000000000000e+00 1.600000000000000089e+00 1.469999999999999953e-04 9.500000000000000523e-05 -1.000000000000000000e+00 3.197539999999999827e-01 9.475010000000000376e-01 1.369999999999999961e-04 9.475010000000000376e-01 -3.197539999999999827e-01 1.090000000000000067e-04
1.700000000000000000e+01 4.600000000000000000e+01 3.000000000000000000e+01 0.000000000000000000e+00 1.600000000000000089e+00 4.299999999999999894e-04 2.199999999999999943e-05 -1.000000000000000000e+00 3.295870000000000188e-01 9.441249999999999920e-01 1.620000000000000075e-04 9.441249999999999920e-01 -3.295870000000000188e-01 3.989999999999999949e-04
4.000000000000000000e+00 5.800000000000000000e+01 3.100000000000000000e+01 0.000000000000000000e+00 1.600000000000000089e+00 1.186999999999999904e-03 6.480000000000000300e-04 9.999989999999999712e-01 -7.766600000000000170e-01 -6.299190000000000067e-01 1.330000000000000019e-03 6.299190000000000067e-01 -7.766610000000000458e-01 -2.439999999999999949e-04
8.000000000000000000e+00 5.800000000000000000e+01 3.100000000000000000e+01 0.000000000000000000e+00 1.600000000000000089e+00 5.459000000000000311e-03 6.637999999999999803e-03 9.999630000000000463e-01 -7.753470000000000084e-01 -6.314790000000000125e-01 8.425000000000000197e-03 6.315119999999999623e-01 -7.753640000000000532e-01 1.698999999999999989e-03
1.200000000000000000e+01 5.800000000000000000e+01 3.100000000000000000e+01 0.000000000000000000e+00 1.600000000000000089e+00 4.389999999999999805e-03 5.828999999999999980e-03 9.999730000000000008e-01 -7.720040000000000235e-01 -6.355779999999999763e-01 7.093999999999999612e-03 6.356020000000000003e-01 -7.720150000000000068e-01 1.709999999999999932e-03
1.700000000000000000e+01 5.800000000000000000e+01 3.100000000000000000e+01 0.000000000000000000e+00 1.600000000000000089e+00 1.211999999999999970e-03 2.519999999999999996e-04 9.999989999999999712e-01 -7.722139999999999560e-01 -6.353619999999999823e-01 1.095999999999999969e-03 6.353609999999999536e-01 -7.722149999999999848e-01 -5.749999999999999903e-04
2.500000000000000000e+01 5.800000000000000000e+01 3.100000000000000000e+01 0.000000000000000000e+00 1.600000000000000089e+00 2.408400000000000124e-02 -8.009600000000000053e-02 9.964960000000000484e-01 -7.645349999999999646e-01 -6.437239999999999629e-01 -3.326300000000000090e-02 6.441320000000000379e-01 -7.610550000000000370e-01 -7.673900000000000166e-02
2.800000000000000000e+01 5.500000000000000000e+01 3.200000000000000000e+01 0.000000000000000000e+00 1.600000000000000089e+00 -2.575040000000000107e-01 -2.556350000000000011e-01 -9.318490000000000384e-01 3.540369999999999906e-01 -9.222679999999999767e-01 1.551740000000000064e-01 -8.990829999999999655e-01 -2.899519999999999875e-01 3.279920000000000058e-01
5.000000000000000000e+00 4.600000000000000000e+01 3.500000000000000000e+01 0.000000000000000000e+00 1.600000000000000089e+00 -9.309999999999999699e-04 1.693999999999999976e-03 -9.999980000000000535e-01 3.917599999999999971e-01 -9.200650000000000217e-01 -1.923000000000000013e-03 -9.200669999999999682e-01 -3.917610000000000259e-01 1.930000000000000021e-04
1.100000000000000000e+01 4.600000000000000000e+01 3.500000000000000000e+01 0.000000000000000000e+00 1.600000000000000089e+00 -6.939999999999999555e-04 2.141000000000000108e-03 -9.999970000000000248e-01 3.933039999999999869e-01 -9.194059999999999455e-01 -2.240999999999999936e-03 -9.194080000000000030e-01 -3.933050000000000157e-01 -2.039999999999999984e-04
1.400000000000000000e+01 4.600000000000000000e+01 3.500000000000000000e+01 0.000000000000000000e+00 1.600000000000000089e+00 -9.349999999999999587e-04 3.105000000000000121e-03 -9.999949999999999672e-01 3.925370000000000248e-01 -9.197309999999999652e-01 -3.223000000000000170e-03 -9.197359999999999980e-01 -3.925379999999999980e-01 -3.589999999999999984e-04
1.800000000000000000e+01 4.600000000000000000e+01 3.500000000000000000e+01 0.000000000000000000e+00 1.600000000000000089e+00 -8.679999999999999565e-04 3.756999999999999923e-03 -9.999930000000000208e-01 3.937019999999999964e-01 -9.192299999999999915e-01 -3.795000000000000196e-03 -9.192379999999999995e-01 -3.937030000000000252e-01 -6.819999999999999890e-04
2.100000000000000000e+01 4.600000000000000000e+01 3.500000000000000000e+01 0.000000000000000000e+00 1.600000000000000089e+00 2.900000000000000017e-04 -9.265999999999999931e-03 -9.999569999999999848e-01 3.956120000000000192e-01 -9.183769999999999989e-01 8.625000000000000722e-03 -9.184179999999999566e-01 -3.955969999999999764e-01 3.399999999999999811e-03
2.800000000000000000e+01 4.600000000000000000e+01 3.500000000000000000e+01 0.000000000000000000e+00 1.600000000000000089e+00 -2.466000000000000136e-02 -1.412259999999999904e-01 -9.896700000000000497e-01 3.673899999999999944e-01 -9.219760000000000177e-01 1.224120000000000069e-01 -9.297400000000000109e-01 -3.605760000000000076e-01 7.462100000000000677e-02
2.300000000000000000e+01 9.500000000000000000e+01 3.600000000000000000e+01 0.000000000000000000e+00 1.600000000000000089e+00 -2.451199999999999907e-02 5.471999999999999781e-02 9.982010000000000050e-01 9.957829999999999737e-01 8.963599999999999346e-02 1.953900000000000081e-02 -8.840599999999999847e-02 9.944699999999999651e-01 -5.668600000000000028e-02
2.800000000000000000e+01 9.500000000000000000e+01 3.600000000000000000e+01 0.000000000000000000e+00 1.600000000000000089e+00 -1.288999999999999998e-03 3.230000000000000232e-02 9.994769999999999488e-01 9.976150000000000295e-01 6.902099999999999902e-02 -9.439999999999999607e-04 -6.901500000000000690e-02 9.970919999999999783e-01 -3.231200000000000044e-02
6.000000000000000000e+00 2.900000000000000000e+01 4.400000000000000000e+01 0.000000000000000000e+00 1.600000000000000089e+00 4.060000000000000024e-04 1.307999999999999918e-03 -9.999989999999999712e-01 6.505130000000000079e-01 7.594940000000000024e-01 1.257000000000000088e-03 7.594950000000000312e-01 -6.505130000000000079e-01 -5.419999999999999471e-04
1.000000000000000000e+01 2.900000000000000000e+01 4.400000000000000000e+01 0.000000000000000000e+00 1.600000000000000089e+00 -2.559000000000000077e-03 -2.235000000000000007e-03 -9.999940000000000495e-01 6.620230000000000281e-01 7.494760000000000311e-01 -3.369000000000000033e-03 7.494790000000000063e-01 -6.620279999999999498e-01 -4.380000000000000213e-04
1.400000000000000000e+01 2.900000000000000000e+01 4.400000000000000000e+01 0.000000000000000000e+00 1.600000000000000089e+00 -3.327999999999999795e-03 -3.180999999999999800e-03 -9.999890000000000168e-01 6.695600000000000440e-01 7.427430000000000421e-01 -4.590999999999999595e-03 7.427500000000000213e-01 -6.695689999999999698e-01 -3.420000000000000188e-04
1.800000000000000000e+01 2.900000000000000000e+01 4.400000000000000000e+01 0.000000000000000000e+00 1.600000000000000089e+00 4.730000000000000046e-04 -5.860000000000000408e-04 -1.000000000000000000e+00 6.694679999999999520e-01 7.428409999999999735e-01 -1.179999999999999951e-04 7.428409999999999735e-01 -6.694679999999999520e-01 7.439999999999999782e-04
2.400000000000000000e+01 2.900000000000000000e+01 4.400000000000000000e+01 0.000000000000000000e+00 1.600000000000000089e+00 2.999999999999999737e-04 8.919999999999999978e-04 -1.000000000000000000e+00 6.620099999999999874e-01 7.494950000000000223e-01 8.670000000000000406e-04 7.494950000000000223e-01 -6.620099999999999874e-01 -3.660000000000000059e-04
3.000000000000000000e+01 2.900000000000000000e+01 4.400000000000000000e+01 0.000000000000000000e+00 1.600000000000000089e+00 -2.191999999999999938e-03 4.408999999999999725e-03 -9.999879999999999880e-01 6.527910000000000101e-01 7.575359999999999872e-01 1.909000000000000107e-03 7.575349999999999584e-01 -6.527789999999999981e-01 -4.538999999999999632e-03
1.500000000000000000e+01 5.000000000000000000e+01 4.500000000000000000e+01 0.000000000000000000e+00 1.600000000000000089e+00 -5.616349999999999953e-01 1.140550000000000036e-01 -8.194860000000000477e-01 -2.971699999999999897e-01 -9.521699999999999608e-01 7.114399999999999891e-02 -7.721759999999999735e-01 2.834840000000000138e-01 5.686660000000000048e-01
1.000000000000000000e+00 6.500000000000000000e+01 4.600000000000000000e+01 0.000000000000000000e+00 1.600000000000000089e+00 3.024999999999999911e-03 2.817000000000000060e-02 9.995990000000000153e-01 7.021410000000000151e-01 -7.118120000000000003e-01 1.793499999999999955e-02 7.120309999999999695e-01 7.018050000000000122e-01 -2.193300000000000111e-02
1.400000000000000000e+01 7.000000000000000000e+01 4.700000000000000000e+01 0.000000000000000000e+00 1.600000000000000089e+00 -2.171999999999999972e-02 1.465600000000000062e-02 -9.996570000000000178e-01 -8.426470000000000349e-01 -5.383660000000000112e-01 1.041599999999999991e-02 -5.380289999999999795e-01 8.425839999999999996e-01 2.404299999999999840e-02
1.100000000000000000e+01 5.000000000000000000e+00 5.100000000000000000e+01 0.000000000000000000e+00 1.600000000000000089e+00 -1.796000000000000070e-03 -1.781999999999999947e-03 -9.999970000000000248e-01 4.895430000000000059e-01 -8.719789999999999486e-01 6.750000000000000357e-04 -8.719770000000000021e-01 -4.895399999999999752e-01 2.438000000000000063e-03
2.000000000000000000e+01 5.000000000000000000e+00 5.100000000000000000e+01 0.000000000000000000e+00 1.600000000000000089e+00 1.041000000000000042e-03 2.956999999999999993e-03 -9.999949999999999672e-01 4.898390000000000244e-01 -8.718099999999999739e-01 -2.067999999999999960e-03 -8.718120000000000314e-01 -4.898350000000000204e-01 -2.356000000000000021e-03
2.300000000000000000e+01 5.000000000000000000e+00 5.100000000000000000e+01 0.000000000000000000e+00 1.600000000000000089e+00 -1.489999999999999897e-04 6.749999999999999924e-03 -9.999770000000000048e-01 4.882819999999999938e-01 -8.726660000000000528e-01 -5.963999999999999684e-03 -8.726859999999999618e-01 -4.882710000000000106e-01 -3.165999999999999977e-03
2.800000000000000000e+01 5.000000000000000000e+00 5.100000000000000000e+01 0.000000000000000000e+00 1.600000000000000089e+00 6.459999999999999814e-04 8.961999999999999481e-03 -9.999599999999999600e-01 4.833999999999999964e-01 -8.753670000000000062e-01 -7.532999999999999766e-03 -8.753990000000000382e-01 -4.833759999999999724e-01 -4.897999999999999576e-03
1.400000000000000000e+01 7.000000000000000000e+00 5.200000000000000000e+01 0.000000000000000000e+00 1.600000000000000089e+00 -3.900999999999999954e-03 -7.945999999999999938e-03 -9.999609999999999888e-01 1.113790000000000058e-01 -9.937500000000000222e-01 7.461999999999999883e-03 -9.937700000000000422e-01 -1.113449999999999995e-01 4.760999999999999607e-03
5.000000000000000000e+00 6.300000000000000000e+01 5.400000000000000000e+01 0.000000000000000000e+00 1.600000000000000089e+00 -1.529999999999999893e-03 -1.165999999999999936e-03 9.999980000000000535e-01 -3.203329999999999789e-01 9.473049999999999526e-01 6.139999999999999625e-04 -9.473040000000000349e-01 -3.203309999999999769e-01 -1.822000000000000052e-03
1.100000000000000000e+01 6.300000000000000000e+01 5.400000000000000000e+01 0.000000000000000000e+00 1.600000000000000089e+00 -1.082699999999999982e-02 -8.168999999999999179e-03 9.999080000000000190e-01 -3.347749999999999893e-01 9.422890000000000432e-01 4.074000000000000364e-03 -9.422359999999999625e-01 -3.346999999999999975e-01 -1.293700000000000058e-02
1.900000000000000000e+01 6.300000000000000000e+01 5.400000000000000000e+01 0.000000000000000000e+00 1.600000000000000089e+00 -4.640000000000000027e-04 -3.814000000000000116e-03 9.999930000000000208e-01 -3.332849999999999979e-01 9.428199999999999914e-01 3.442000000000000181e-03 -9.428260000000000529e-01 -3.332809999999999939e-01 -1.708000000000000100e-03
2.900000000000000000e+01 6.300000000000000000e+01 5.400000000000000000e+01 0.000000000000000000e+00 1.600000000000000089e+00 2.907999999999999995e-03 -8.730599999999999472e-02 9.961769999999999792e-01 -3.126439999999999775e-01 9.461629999999999763e-01 8.383500000000000674e-02 -9.498659999999999881e-01 -3.116929999999999978e-01 -2.454399999999999984e-02
4.000000000000000000e+00 2.500000000000000000e+01 5.500000000000000000e+01 0.000000000000000000e+00 1.600000000000000089e+00 2.629999999999999959e-04 -5.599999999999999943e-03 -9.999839999999999840e-01 -1.126199999999999944e-02 -9.999209999999999487e-01 5.597000000000000412e-03 -9.999369999999999647e-01 1.126100000000000018e-02 -3.260000000000000094e-04
8.000000000000000000e+00 2.500000000000000000e+01 5.500000000000000000e+01 0.000000000000000000e+00 1.600000000000000089e+00 5.339999999999999695e-04 -8.366000000000000172e-03 -9.999649999999999928e-01 -1.416199999999999924e-02 -9.998650000000000038e-01 8.356999999999999845e-03 -9.999000000000000110e-01 1.415699999999999945e-02 -6.520000000000000188e-04
1.700000000000000000e+01 2.500000000000000000e+01 5.500000000000000000e+01 0.000000000000000000e+00 1.600000000000000089e+00 1.379000000000000017e-03 5.088999999999999774e-03 -9.999860000000000415e-01 -1.251400000000000082e-02 -9.999090000000000478e-01 -5.106000000000000295e-03 -9.999209999999999487e-01 1.252099999999999914e-02 -1.314999999999999980e-03
2.300000000000000000e+01 5.200000000000000000e+01 5.700000000000000000e+01 0.000000000000000000e+00 1.600000000000000089e+00 8.931400000000000450e-02 4.683479999999999865e-01 8.790179999999999660e-01 3.191010000000000235e-01 -8.494800000000000129e-01 4.201869999999999772e-01 9.435029999999999806e-01 2.429669999999999885e-01 -2.253209999999999935e-01
3.000000000000000000e+00 2.100000000000000000e+01 6.000000000000000000e+01 0.000000000000000000e+00 1.600000000000000089e+00 2.615000000000000137e-03 -3.171000000000000207e-03 9.999919999999999920e-01 -9.378000000000000225e-02 9.955869999999999997e-01 3.402000000000000076e-03 -9.955899999999999750e-01 -9.378799999999999637e-02 2.305999999999999890e-03
1.000000000000000000e+01 2.100000000000000000e+01 6.000000000000000000e+01 0.000000000000000000e+00 1.600000000000000089e+00 5.779999999999999548e-04 1.505500000000000067e-02 9.998869999999999703e-01 -9.744600000000000484e-02 9.951290000000000413e-01 -1.492699999999999930e-02 -9.952410000000000423e-01 -9.742599999999999871e-02 2.041999999999999978e-03
1.400000000000000000e+01 2.100000000000000000e+01 6.000000000000000000e+01 0.000000000000000000e+00 1.600000000000000089e+00 -1.856000000000000011e-03 -2.703999999999999806e-03 9.999949999999999672e-01 -9.804699999999999527e-02 9.951790000000000358e-01 2.508999999999999946e-03 -9.951799999999999535e-01 -9.804100000000000315e-02 -2.112000000000000162e-03
2.300000000000000000e+01 2.100000000000000000e+01 6.000000000000000000e+01 0.000000000000000000e+00 1.600000000000000089e+00 4.119999999999999856e-04 -1.026400000000000055e-02 9.999470000000000303e-01 -9.643400000000000583e-02 9.952870000000000328e-01 1.025500000000000023e-02 -9.953389999999999738e-01 -9.643300000000000483e-02 -5.789999999999999791e-04
2.800000000000000000e+01 2.100000000000000000e+01 6.000000000000000000e+01 0.000000000000000000e+00 1.600000000000000089e+00 4.490000000000000176e-04 3.180000000000000101e-03 9.999949999999999672e-01 -9.699800000000000089e-02 9.952800000000000535e-01 -3.121000000000000076e-03 -9.952839999999999465e-01 -9.699599999999999889e-02 7.560000000000000530e-04
9.000000000000000000e+00 3.000000000000000000e+00 6.300000000000000000e+01 0.000000000000000000e+00 1.600000000000000089e+00 5.649999999999999641e-04 1.095000000000000053e-03 9.999989999999999712e-01 -6.175640000000000018e-01 7.865210000000000257e-01 -5.119999999999999768e-04 -7.865199999999999969e-01 -6.175629999999999731e-01 1.121000000000000035e-03
2.500000000000000000e+01 3.000000000000000000e+00 6.300000000000000000e+01 0.000000000000000000e+00 1.600000000000000089e+00 -8.270000000000000441e-04 6.109999999999999980e-04 9.999989999999999712e-01 -6.144110000000000404e-01 7.889859999999999651e-01 -9.909999999999999105e-04 -7.889859999999999651e-01 -6.144110000000000404e-01 -2.770000000000000110e-04
2.000000000000000000e+00 2.700000000000000000e+01 6.300000000000000000e+01 0.000000000000000000e+00 1.600000000000000089e+00 1.425999999999999967e-03 1.251799999999999961e-02 9.999209999999999487e-01 -2.739090000000000136e-01 9.616850000000000120e-01 -1.164800000000000037e-02 -9.617550000000000265e-01 -2.738709999999999756e-01 4.799999999999999580e-03
9.000000000000000000e+00 2.700000000000000000e+01 6.300000000000000000e+01 0.000000000000000000e+00 1.600000000000000089e+00 1.259999999999999998e-04 -1.694999999999999892e-03 9.999989999999999712e-01 -2.794209999999999749e-01 9.601669999999999927e-01 1.662999999999999982e-03 -9.601690000000000502e-01 -2.794209999999999749e-01 -3.530000000000000152e-04
1.600000000000000000e+01 2.700000000000000000e+01 6.300000000000000000e+01 0.000000000000000000e+00 1.600000000000000089e+00 -5.490000000000000088e-04 6.260000000000000373e-04 1.000000000000000000e+00 -2.788499999999999868e-01 9.603340000000000209e-01 -7.550000000000000287e-04 -9.603350000000000497e-01 -2.788499999999999868e-01 -3.530000000000000152e-04
2.100000000000000000e+01 2.700000000000000000e+01 6.300000000000000000e+01 0.000000000000000000e+00 1.600000000000000089e+00 9.479999999999999495e-04 -1.214000000000000018e-03 9.999989999999999712e-01 -2.793590000000000240e-01 9.601859999999999840e-01 1.430000000000000064e-03 -9.601859999999999840e-01 -2.793599999999999972e-01 5.710000000000000015e-04
2.300000000000000000e+01 2.700000000000000000e+01 6.300000000000000000e+01 0.000000000000000000e+00 1.600000000000000089e+00 3.620000000000000171e-04 -1.988000000000000184e-03 9.999980000000000535e-01 -2.787370000000000125e-01 9.603650000000000242e-01 2.010000000000000068e-03 -9.603669999999999707e-01 -2.787379999999999858e-01 -2.059999999999999928e-04
2.700000000000000000e+01 2.700000000000000000e+01 6.300000000000000000e+01 0.000000000000000000e+00 1.600000000000000089e+00 7.420000000000000380e-04 -5.630000000000000239e-04 1.000000000000000000e+00 -2.773789999999999867e-01 9.607599999999999474e-01 7.460000000000000268e-04 -9.607599999999999474e-01 -2.773789999999999867e-01 5.559999999999999621e-04
3.000000000000000000e+00 2.600000000000000000e+01 6.400000000000000000e+01 0.000000000000000000e+00 1.600000000000000089e+00 7.420000000000000380e-04 1.126599999999999997e-02 9.999360000000000470e-01 -3.594249999999999945e-01 9.331180000000000030e-01 -1.024599999999999990e-02 -9.331739999999999480e-01 -3.593950000000000200e-01 4.741999999999999688e-03
9.000000000000000000e+00 2.600000000000000000e+01 6.400000000000000000e+01 0.000000000000000000e+00 1.600000000000000089e+00 -7.399999999999999623e-05 -1.376000000000000053e-03 9.999989999999999712e-01 -3.647819999999999951e-01 9.310920000000000307e-01 1.255000000000000039e-03 -9.310929999999999485e-01 -3.647810000000000219e-01 -5.710000000000000015e-04
1.500000000000000000e+01 2.600000000000000000e+01 6.400000000000000000e+01 0.000000000000000000e+00 1.600000000000000089e+00 -8.769999999999999584e-04 -1.196000000000000014e-03 9.999989999999999712e-01 -3.639580000000000037e-01 9.314149999999999929e-01 7.950000000000000252e-04 -9.314149999999999929e-01 -3.639569999999999750e-01 -1.252000000000000075e-03
2.200000000000000000e+01 2.600000000000000000e+01 6.400000000000000000e+01 0.000000000000000000e+00 1.600000000000000089e+00 9.399999999999999719e-04 -1.951000000000000043e-03 9.999980000000000535e-01 -3.627799999999999914e-01 9.318720000000000336e-01 2.158999999999999895e-03 -9.318739999999999801e-01 -3.627810000000000201e-01 1.679999999999999907e-04
2.800000000000000000e+01 2.600000000000000000e+01 6.400000000000000000e+01 0.000000000000000000e+00 1.600000000000000089e+00 1.353999999999999952e-03 1.106999999999999911e-03 9.999980000000000535e-01 -3.626059999999999839e-01 9.319420000000000481e-01 -5.400000000000000069e-04 -9.319410000000000194e-01 -3.626050000000000106e-01 1.662999999999999982e-03
5.000000000000000000e+00 7.300000000000000000e+01 6.400000000000000000e+01 0.000000000000000000e+00 1.600000000000000089e+00 -9.731290000000000218e-01 1.343030000000000057e-01 -1.870390000000000108e-01 -1.248640000000000028e-01 -9.902710000000000123e-01 -6.141699999999999937e-02 -1.934680000000000011e-01 -3.641199999999999992e-02 9.804310000000000525e-01
1.700000000000000000e+01 6.900000000000000000e+01 6.600000000000000000e+01 0.000000000000000000e+00 1.600000000000000089e+00 -2.752000000000000106e-03 9.804999999999999480e-03 9.999479999999999480e-01 -9.565730000000000066e-01 2.914419999999999789e-01 -5.490000000000000088e-03 -2.914809999999999901e-01 -9.565379999999999994e-01 8.576999999999999555e-03
4.000000000000000000e+00 7.000000000000000000e+01 7.000000000000000000e+01 0.000000000000000000e+00 1.600000000000000089e+00 -7.930930000000000479e-01 5.779959999999999543e-01 1.921559999999999935e-01 -1.487930000000000086e-01 1.220720000000000000e-01 -9.813049999999999828e-01 -5.906470000000000331e-01 -8.068579999999999641e-01 -1.081299999999999970e-02
1.300000000000000000e+01 2.500000000000000000e+01 7.300000000000000000e+01 0.000000000000000000e+00 1.600000000000000089e+00 -2.688999999999999984e-03 1.172999999999999998e-03 9.999959999999999960e-01 7.516040000000000498e-01 -6.596090000000000009e-01 2.795000000000000175e-03 6.596090000000000009e-01 7.516080000000000538e-01 8.919999999999999978e-04
2.000000000000000000e+01 2.500000000000000000e+01 7.300000000000000000e+01 0.000000000000000000e+00 1.600000000000000089e+00 -6.149999999999999868e-04 4.104000000000000009e-03 9.999909999999999632e-01 7.457789999999999697e-01 -6.661859999999999449e-01 3.193000000000000092e-03 6.661930000000000351e-01 7.457740000000000480e-01 -2.650000000000000012e-03
