1.200000000000000000e+01 2.500000000000000000e+01 1.000000000000000000e+00 0.000000000000000000e+00 1.600000000000000089e+00 -2.266999999999999918e-03 4.571000000000000410e-03 -9.999869999999999592e-01 -5.345189999999999664e-01 -8.451520000000000143e-01 -2.651000000000000145e-03 -8.451530000000000431e-01 5.345060000000000366e-01 4.359000000000000027e-03
1.800000000000000000e+01 2.500000000000000000e+01 1.000000000000000000e+00 0.000000000000000000e+00 1.600000000000000089e+00 -1.358999999999999965e-03 -2.694999999999999913e-03 -9.999949999999999672e-01 -5.345600000000000351e-01 -8.451250000000000151e-01 3.004000000000000160e-03 -8.451290000000000191e-01 5.345619999999999816e-01 -2.919999999999999961e-04
2.500000000000000000e+01 2.500000000000000000e+01 1.000000000000000000e+00 0.000000000000000000e+00 1.600000000000000089e+00 -9.600000000000000243e-05 -1.190500000000000065e-02 -9.999289999999999567e-01 -5.358389999999999542e-01 -8.442600000000000104e-01 1.010299999999999913e-02 -8.443199999999999594e-01 5.358020000000000005e-01 -6.297999999999999779e-03
2.800000000000000000e+01 2.500000000000000000e+01 1.000000000000000000e+00 0.000000000000000000e+00 1.600000000000000089e+00 -4.220000000000000118e-04 2.357000000000000154e-03 -9.999970000000000248e-01 -5.359390000000000542e-01 -8.442549999999999777e-01 -1.763999999999999943e-03 -8.442570000000000352e-01 5.359359999999999680e-01 1.619999999999999912e-03
1.000000000000000000e+01 1.500000000000000000e+01 4.000000000000000000e+00 0.000000000000000000e+00 1.600000000000000089e+00 -2.993000000000000001e-03 -1.296199999999999956e-02 9.999120000000000230e-01 3.248619999999999841e-01 -9.456940000000000346e-01 -1.128700000000000016e-02 9.457569999999999588e-01 3.247990000000000044e-01 7.041999999999999649e-03
1.300000000000000000e+01 1.500000000000000000e+01 4.000000000000000000e+00 0.000000000000000000e+00 1.600000000000000089e+00 8.999999999999999754e-04 -4.039000000000000055e-03 9.999909999999999632e-01 3.256600000000000050e-01 -9.454780000000000406e-01 -4.112000000000000204e-03 9.454869999999999663e-01 3.256609999999999783e-01 4.650000000000000270e-04
1.700000000000000000e+01 1.500000000000000000e+01 4.000000000000000000e+00 0.000000000000000000e+00 1.600000000000000089e+00 1.191999999999999917e-03 -6.019999999999999961e-04 9.999989999999999712e-01 3.270270000000000121e-01 -9.450150000000000494e-01 -9.590000000000000000e-04 9.450140000000000207e-01 3.270279999999999854e-01 -9.290000000000000297e-04
2.100000000000000000e+01 1.500000000000000000e+01 4.000000000000000000e+00 0.000000000000000000e+00 1.600000000000000089e+00 3.820000000000000153e-04 -9.160000000000000390e-04 9.999989999999999712e-01 3.249810000000000199e-01 -9.457200000000000051e-01 -9.899999999999999946e-04 9.457210000000000338e-01 3.249810000000000199e-01 -6.399999999999999710e-05
2.700000000000000000e+01 1.500000000000000000e+01 4.000000000000000000e+00 0.000000000000000000e+00 1.600000000000000089e+00 6.449999999999999570e-04 2.614000000000000004e-03 9.999959999999999960e-01 3.217280000000000140e-01 -9.468299999999999494e-01 2.266999999999999918e-03 9.468320000000000070e-01 3.217249999999999832e-01 -1.451999999999999949e-03
2.200000000000000000e+01 9.000000000000000000e+01 4.000000000000000000e+00 0.000000000000000000e+00 1.600000000000000089e+00 2.115740000000000121e-01 5.847050000000000303e-01 -7.831709999999999505e-01 -3.055450000000000110e-01 8.007170000000000121e-01 5.152609999999999690e-01 9.283740000000000325e-01 1.302780000000000049e-01 3.480650000000000133e-01
1.200000000000000000e+01 8.700000000000000000e+01 6.000000000000000000e+00 0.000000000000000000e+00 1.600000000000000089e+00 -6.835660000000000069e-01 -6.258759999999999879e-01 -3.755220000000000224e-01 -7.280769999999999742e-01 6.209240000000000315e-01 2.904419999999999780e-01 5.138999999999999818e-02 4.719450000000000034e-01 -8.801290000000000502e-01
1.300000000000000000e+01 8.600000000000000000e+01 7.000000000000000000e+00 0.000000000000000000e+00 1.600000000000000089e+00 -6.872030000000000083e-01 -6.648570000000000313e-01 -2.927750000000000075e-01 -7.263669999999999849e-01 6.354720000000000368e-01 2.618510000000000004e-01 1.195700000000000061e-02 3.926060000000000105e-01 -9.196290000000000298e-01
5.000000000000000000e+00 2.500000000000000000e+01 8.000000000000000000e+00 0.000000000000000000e+00 1.600000000000000089e+00 1.582000000000000073e-03 -2.169999999999999891e-04 -9.999989999999999712e-01 4.526109999999999856e-01 8.917079999999999451e-01 5.220000000000000031e-04 8.917070000000000274e-01 -4.526120000000000143e-01 1.508999999999999925e-03
9.000000000000000000e+00 2.500000000000000000e+01 8.000000000000000000e+00 0.000000000000000000e+00 1.600000000000000089e+00 1.054999999999999948e-03 3.011999999999999920e-03 -9.999949999999999672e-01 4.519409999999999816e-01 8.920420000000000016e-01 3.164000000000000146e-03 8.920470000000000343e-01 -4.519429999999999836e-01 -4.200000000000000174e-04
1.400000000000000000e+01 2.500000000000000000e+01 8.000000000000000000e+00 0.000000000000000000e+00 1.600000000000000089e+00 2.369999999999999874e-04 -2.400000000000000061e-04 -1.000000000000000000e+00 4.532169999999999810e-01 8.913999999999999702e-01 -1.060000000000000016e-04 8.913999999999999702e-01 -4.532169999999999810e-01 3.200000000000000262e-04
2.300000000000000000e+01 2.500000000000000000e+01 8.000000000000000000e+00 0.000000000000000000e+00 1.600000000000000089e+00 1.265999999999999981e-03 5.688000000000000347e-03 -9.999829999999999552e-01 4.528059999999999863e-01 8.915910000000000224e-01 5.644999999999999844e-03 8.916079999999999561e-01 -4.528050000000000130e-01 -1.446999999999999936e-03
2.500000000000000000e+01 2.500000000000000000e+01 8.000000000000000000e+00 0.000000000000000000e+00 1.600000000000000089e+00 1.737999999999999962e-03 3.598000000000000070e-03 -9.999919999999999920e-01 4.509750000000000147e-01 8.925279999999999880e-01 3.995000000000000287e-03 8.925349999999999673e-01 -4.509779999999999900e-01 -7.100000000000000462e-05
4.000000000000000000e+00 2.400000000000000000e+01 9.000000000000000000e+00 0.000000000000000000e+00 1.600000000000000089e+00 1.680000000000000070e-03 1.734999999999999997e-03 -9.999970000000000248e-01 4.561839999999999784e-01 8.898819999999999508e-01 2.309999999999999987e-03 8.898840000000000083e-01 -4.561870000000000092e-01 7.029999999999999574e-04
1.300000000000000000e+01 2.400000000000000000e+01 9.000000000000000000e+00 0.000000000000000000e+00 1.600000000000000089e+00 -1.100000000000000039e-04 1.262000000000000101e-03 -9.999989999999999712e-01 4.554830000000000267e-01 8.902440000000000353e-01 1.074000000000000085e-03 8.902440000000000353e-01 -4.554830000000000267e-01 -6.729999999999999871e-04
1.700000000000000000e+01 2.400000000000000000e+01 9.000000000000000000e+00 0.000000000000000000e+00 1.600000000000000089e+00 -6.049999999999999606e-04 2.175999999999999983e-03 -9.999970000000000248e-01 4.568720000000000003e-01 8.895309999999999606e-01 1.659000000000000101e-03 8.895319999999999894e-01 -4.568699999999999983e-01 -1.533000000000000074e-03
2.100000000000000000e+01 2.400000000000000000e+01 9.000000000000000000e+00 0.000000000000000000e+00 1.600000000000000089e+00 6.260000000000000373e-04 4.903000000000000240e-03 -9.999879999999999880e-01 4.559309999999999752e-01 8.900029999999999886e-01 4.649000000000000354e-03 8.900150000000000006e-01 -4.559279999999999999e-01 -1.678000000000000021e-03
2.500000000000000000e+01 2.400000000000000000e+01 9.000000000000000000e+00 0.000000000000000000e+00 1.600000000000000089e+00 2.027999999999999855e-03 2.883999999999999845e-03 -9.999940000000000495e-01 4.537379999999999747e-01 8.911280000000000312e-01 3.490000000000000047e-03 8.911329999999999529e-01 -4.537419999999999787e-01 4.979999999999999618e-04
1.100000000000000000e+01 8.900000000000000000e+01 9.000000000000000000e+00 0.000000000000000000e+00 1.600000000000000089e+00 -9.305149999999999810e-01 1.294999999999999927e-03 -3.662520000000000220e-01 -1.044029999999999958e-01 9.575660000000000283e-01 2.686379999999999879e-01 3.510579999999999812e-01 2.882100000000000217e-01 -8.908949999999999925e-01
1.500000000000000000e+01 1.200000000000000000e+01 1.000000000000000000e+01 0.000000000000000000e+00 1.600000000000000089e+00 -2.651000000000000145e-03 7.500000000000000156e-04 -9.999959999999999960e-01 -5.520479999999999832e-01 -8.338119999999999976e-01 8.379999999999999862e-04 -8.338079999999999936e-01 5.520490000000000119e-01 2.624000000000000030e-03
2.800000000000000000e+01 9.900000000000000000e+01 1.000000000000000000e+01 0.000000000000000000e+00 1.600000000000000089e+00 4.756900000000000017e-02 9.074300000000000421e-02 -9.947380000000000111e-01 -9.016159999999999730e-01 4.325229999999999908e-01 -3.660000000000000059e-03 4.299149999999999916e-01 8.970449999999999813e-01 1.023899999999999949e-01
7.000000000000000000e+00 3.500000000000000000e+01 1.200000000000000000e+01 0.000000000000000000e+00 1.600000000000000089e+00 -6.886999999999999893e-03 7.636000000000000426e-03 -9.999470000000000303e-01 4.439389999999999725e-01 -8.960019999999999651e-01 -9.898999999999999813e-03 -8.960310000000000219e-01 -4.439839999999999898e-01 2.781000000000000052e-03
2.900000000000000000e+01 3.500000000000000000e+01 1.200000000000000000e+01 0.000000000000000000e+00 1.600000000000000089e+00 -3.465999999999999897e-03 6.564999999999999655e-03 -9.999719999999999720e-01 5.064030000000000475e-01 -8.622649999999999482e-01 -7.415999999999999849e-03 -8.622900000000000009e-01 -5.064149999999999485e-01 -3.359999999999999814e-04
1.400000000000000000e+01 8.400000000000000000e+01 1.200000000000000000e+01 0.000000000000000000e+00 1.600000000000000089e+00 -7.831310000000000215e-01 -5.940290000000000292e-01 -1.839419999999999944e-01 -6.218399999999999483e-01 7.458970000000000322e-01 2.386490000000000000e-01 -4.563000000000000216e-03 3.012759999999999883e-01 -9.535259999999999847e-01
1.900000000000000000e+01 9.600000000000000000e+01 1.200000000000000000e+01 0.000000000000000000e+00 1.600000000000000089e+00 -1.380100000000000077e-02 8.394599999999999840e-01 -5.432460000000000067e-01 -9.146009999999999973e-01 2.089820000000000011e-01 3.461679999999999757e-01 4.041230000000000100e-01 5.016310000000000491e-01 7.648859999999999548e-01
2.000000000000000000e+00 3.200000000000000000e+01 1.400000000000000000e+01 0.000000000000000000e+00 1.600000000000000089e+00 -1.350000000000000017e-04 -4.094000000000000417e-03 -9.999919999999999920e-01 1.063909999999999995e-01 9.943159999999999776e-01 -4.085000000000000089e-03 9.943239999999999856e-01 -1.063909999999999995e-01 3.020000000000000223e-04
2.000000000000000000e+00 1.160000000000000000e+02 1.600000000000000000e+01 0.000000000000000000e+00 1.600000000000000089e+00 -4.756999999999999944e-03 -8.881000000000000005e-03 9.999489999999999768e-01 7.469069999999999876e-01 6.648610000000000353e-01 9.459000000000000394e-03 -6.649119999999999475e-01 7.469139999999999668e-01 3.469999999999999994e-03
8.000000000000000000e+00 1.160000000000000000e+02 1.600000000000000000e+01 0.000000000000000000e+00 1.600000000000000089e+00 -1.943000000000000066e-03 -6.885999999999999760e-03 9.999740000000000295e-01 6.598180000000000156e-01 7.513980000000000103e-01 6.457000000000000066e-03 -7.514229999999999521e-01 6.598129999999999828e-01 3.083999999999999936e-03
1.600000000000000000e+01 1.160000000000000000e+02 1.600000000000000000e+01 0.000000000000000000e+00 1.600000000000000089e+00 -8.602999999999999536e-03 -8.474999999999999895e-03 9.999270000000000103e-01 7.502220000000000555e-01 6.610759999999999970e-01 1.205799999999999927e-02 -6.611299999999999955e-01 7.502710000000000212e-01 6.710000000000000469e-04
4.000000000000000000e+00 2.000000000000000000e+00 1.900000000000000000e+01 0.000000000000000000e+00 1.600000000000000089e+00 9.009999999999999997e-04 8.758000000000000160e-03 -9.999609999999999888e-01 1.583430000000000115e-01 -9.873480000000000034e-01 -8.505000000000000407e-03 -9.873840000000000394e-01 -1.583289999999999975e-01 -2.276999999999999944e-03
7.000000000000000000e+00 2.000000000000000000e+00 1.900000000000000000e+01 0.000000000000000000e+00 1.600000000000000089e+00 1.793000000000000106e-03 1.240600000000000036e-02 -9.999209999999999487e-01 1.592169999999999974e-01 -9.871710000000000207e-01 -1.196299999999999968e-02 -9.872419999999999529e-01 -1.591829999999999912e-01 -3.745000000000000065e-03
9.000000000000000000e+00 2.000000000000000000e+00 1.900000000000000000e+01 0.000000000000000000e+00 1.600000000000000089e+00 1.776999999999999934e-03 7.668999999999999602e-03 -9.999689999999999968e-01 1.567709999999999937e-01 -9.876080000000000414e-01 -7.296000000000000402e-03 -9.876329999999999831e-01 -1.567530000000000034e-01 -2.956999999999999993e-03
1.500000000000000000e+01 2.000000000000000000e+00 1.900000000000000000e+01 0.000000000000000000e+00 1.600000000000000089e+00 1.843999999999999936e-03 2.768000000000000061e-03 -9.999940000000000495e-01 1.527429999999999899e-01 -9.882630000000000026e-01 -2.454000000000000018e-03 -9.882640000000000313e-01 -1.527380000000000126e-01 -2.245000000000000034e-03
1.800000000000000000e+01 2.000000000000000000e+00 1.900000000000000000e+01 0.000000000000000000e+00 1.600000000000000089e+00 2.439000000000000196e-03 -7.079999999999999705e-04 -9.999970000000000248e-01 1.573219999999999896e-01 -9.875469999999999526e-01 1.082999999999999978e-03 -9.875439999999999774e-01 -1.573239999999999916e-01 -2.296999999999999997e-03
2.400000000000000000e+01 2.000000000000000000e+00 1.900000000000000000e+01 0.000000000000000000e+00 1.600000000000000089e+00 4.145000000000000247e-03 -2.693500000000000061e-02 -9.996289999999999898e-01 1.531319999999999903e-01 -9.878299999999999859e-01 2.725199999999999845e-02 -9.881969999999999921e-01 -1.531879999999999908e-01 3.000000000000000076e-05
6.000000000000000000e+00 1.300000000000000000e+01 2.000000000000000000e+01 0.000000000000000000e+00 1.600000000000000089e+00 -4.719999999999999803e-04 2.742000000000000080e-03 9.999959999999999960e-01 2.480239999999999945e-01 9.687500000000000000e-01 -2.539000000000000024e-03 -9.687540000000000040e-01 2.480219999999999925e-01 -1.137999999999999906e-03
1.200000000000000000e+01 1.300000000000000000e+01 2.000000000000000000e+01 0.000000000000000000e+00 1.600000000000000089e+00 -2.608000000000000075e-03 -8.085000000000000173e-03 9.999639999999999640e-01 2.491210000000000091e-01 9.684350000000000458e-01 8.479999999999999691e-03 -9.684690000000000243e-01 2.491339999999999943e-01 -5.119999999999999768e-04
1.400000000000000000e+01 1.300000000000000000e+01 2.000000000000000000e+01 0.000000000000000000e+00 1.600000000000000089e+00 -1.505999999999999960e-03 -8.791999999999999468e-03 9.999599999999999600e-01 2.493630000000000013e-01 9.683690000000000353e-01 8.890000000000000333e-03 -9.684089999999999643e-01 2.493670000000000053e-01 7.339999999999999520e-04
2.000000000000000000e+01 1.300000000000000000e+01 2.000000000000000000e+01 0.000000000000000000e+00 1.600000000000000089e+00 4.995000000000000308e-03 7.198999999999999670e-03 9.999620000000000175e-01 2.478160000000000085e-01 9.687719999999999665e-01 -8.212999999999999814e-03 -9.687940000000000440e-01 2.478480000000000127e-01 3.054999999999999990e-03
2.500000000000000000e+01 1.300000000000000000e+01 2.000000000000000000e+01 0.000000000000000000e+00 1.600000000000000089e+00 -1.296000000000000060e-03 -4.589999999999999896e-04 9.999989999999999712e-01 2.458529999999999882e-01 9.693070000000000297e-01 7.640000000000000306e-04 -9.693060000000000009e-01 2.458539999999999892e-01 -1.142999999999999919e-03
2.900000000000000000e+01 1.300000000000000000e+01 2.000000000000000000e+01 0.000000000000000000e+00 1.600000000000000089e+00 -2.798999999999999839e-03 -3.812999999999999983e-03 9.999890000000000168e-01 2.458940000000000015e-01 9.692870000000000097e-01 4.385000000000000009e-03 -9.692929999999999602e-01 2.459040000000000115e-01 -1.776000000000000018e-03
1.000000000000000000e+01 1.600000000000000000e+01 2.100000000000000000e+01 0.000000000000000000e+00 1.600000000000000089e+00 -2.694000000000000214e-03 -5.781999999999999813e-03 9.999799999999999800e-01 2.978000000000000091e-01 9.546069999999999833e-01 6.322000000000000362e-03 -9.546249999999999458e-01 2.978109999999999924e-01 -8.499999999999999526e-04
1.500000000000000000e+01 1.600000000000000000e+01 2.100000000000000000e+01 0.000000000000000000e+00 1.600000000000000089e+00 -6.819999999999999890e-04 -5.897999999999999597e-03 9.999820000000000375e-01 2.991659999999999875e-01 9.541830000000000034e-01 5.832000000000000378e-03 -9.542009999999999659e-01 2.991639999999999855e-01 1.113999999999999973e-03
1.800000000000000000e+01 1.600000000000000000e+01 2.100000000000000000e+01 0.000000000000000000e+00 1.600000000000000089e+00 4.871000000000000330e-03 5.806000000000000397e-03 9.999710000000000543e-01 2.984479999999999911e-01 9.544000000000000261e-01 -6.995000000000000349e-03 -9.544129999999999558e-01 2.984740000000000171e-01 2.916000000000000189e-03
3.000000000000000000e+01 1.600000000000000000e+01 2.100000000000000000e+01 0.000000000000000000e+00 1.600000000000000089e+00 -2.409000000000000117e-03 -6.846999999999999788e-03 9.999740000000000295e-01 2.959249999999999936e-01 9.551840000000000330e-01 7.252999999999999899e-03 -9.552079999999999460e-01 2.959350000000000036e-01 -2.750000000000000166e-04
2.300000000000000000e+01 4.600000000000000000e+01 2.700000000000000000e+01 0.000000000000000000e+00 1.600000000000000089e+00 1.126500000000000071e-02 1.726099999999999857e-02 -9.997880000000000100e-01 6.349759999999999849e-01 7.722599999999999465e-01 2.048699999999999827e-02 7.724499999999999700e-01 -6.350719999999999699e-01 -2.260999999999999989e-03
2.900000000000000000e+01 4.600000000000000000e+01 2.700000000000000000e+01 0.000000000000000000e+00 1.600000000000000089e+00 -2.196000000000000035e-03 -4.172999999999999626e-03 -9.999890000000000168e-01 6.791249999999999787e-01 7.340079999999999938e-01 -4.555000000000000021e-03 7.340189999999999770e-01 -6.791279999999999539e-01 1.221999999999999996e-03
5.000000000000000000e+00 4.900000000000000000e+01 2.900000000000000000e+01 0.000000000000000000e+00 1.600000000000000089e+00 -2.214999999999999955e-03 1.032840000000000008e-01 -9.946490000000000054e-01 6.657170000000000032e-01 -7.420590000000000241e-01 -7.853799999999999670e-02 -7.462010000000000032e-01 -6.623289999999999456e-01 -6.711499999999999411e-02
6.000000000000000000e+00 5.000000000000000000e+01 3.000000000000000000e+01 0.000000000000000000e+00 1.600000000000000089e+00 -3.989999999999999623e-03 1.653310000000000057e-01 -9.862300000000000511e-01 6.595699999999999896e-01 -7.408590000000000453e-01 -1.268650000000000055e-01 -7.516329999999999956e-01 -6.509939999999999616e-01 -1.060910000000000047e-01
1.100000000000000000e+01 5.000000000000000000e+01 3.000000000000000000e+01 0.000000000000000000e+00 1.600000000000000089e+00 -9.379000000000000184e-03 2.726750000000000007e-01 -9.620610000000000550e-01 6.371250000000000524e-01 -7.398989999999999734e-01 -2.159200000000000008e-01 -7.707039999999999447e-01 -6.149780000000000246e-01 -1.667879999999999918e-01
1.700000000000000000e+01 8.000000000000000000e+01 3.000000000000000000e+01 0.000000000000000000e+00 1.600000000000000089e+00 -9.172949999999999715e-01 -3.903530000000000055e-01 -7.870399999999999618e-02 -3.982029999999999736e-01 8.981710000000000527e-01 1.863400000000000056e-01 -2.049000000000000040e-03 2.022690000000000043e-01 -9.793279999999999763e-01
1.800000000000000000e+01 9.000000000000000000e+01 3.000000000000000000e+01 0.000000000000000000e+00 1.600000000000000089e+00 -9.294360000000000399e-01 3.247800000000000131e-01 -1.751209999999999989e-01 2.585520000000000040e-01 9.118490000000000206e-01 3.188770000000000215e-01 2.632479999999999820e-01 2.510970000000000146e-01 -9.314780000000000282e-01
1.500000000000000000e+01 5.100000000000000000e+01 3.100000000000000000e+01 0.000000000000000000e+00 1.600000000000000089e+00 2.522900000000000142e-02 3.988579999999999903e-01 -9.166649999999999521e-01 5.482639999999999736e-01 -7.722719999999999585e-01 -3.209400000000000031e-01 -8.359250000000000291e-01 -4.944779999999999731e-01 -2.381630000000000136e-01
1.500000000000000000e+01 5.200000000000000000e+01 3.200000000000000000e+01 0.000000000000000000e+00 1.600000000000000089e+00 3.796700000000000075e-02 4.218109999999999915e-01 -9.058890000000000553e-01 5.385940000000000172e-01 -7.722339999999999760e-01 -3.370029999999999970e-01 -8.417090000000000405e-01 -4.751119999999999788e-01 -2.565040000000000098e-01
2.600000000000000000e+01 5.600000000000000000e+01 3.300000000000000000e+01 0.000000000000000000e+00 1.600000000000000089e+00 1.332689999999999986e-01 1.800279999999999936e-01 -9.745920000000000138e-01 2.815630000000000077e-01 -9.497219999999999551e-01 -1.369319999999999982e-01 -9.502429999999999488e-01 -2.561599999999999988e-01 -1.772579999999999989e-01
2.400000000000000000e+01 4.600000000000000000e+01 3.500000000000000000e+01 0.000000000000000000e+00 1.600000000000000089e+00 1.273600000000000079e-02 7.997500000000000442e-02 -9.967150000000000176e-01 3.803480000000000194e-01 -9.222559999999999647e-01 -6.914099999999999413e-02 -9.247560000000000224e-01 -3.782179999999999986e-01 -4.216400000000000009e-02
3.000000000000000000e+01 4.600000000000000000e+01 3.500000000000000000e+01 0.000000000000000000e+00 1.600000000000000089e+00 -2.709999999999999735e-04 8.240000000000000796e-03 -9.999660000000000215e-01 3.889270000000000227e-01 -9.212360000000000548e-01 -7.696999999999999849e-03 -9.212679999999999758e-01 -3.889159999999999839e-01 -2.955000000000000161e-03
1.800000000000000000e+01 7.900000000000000000e+01 3.500000000000000000e+01 0.000000000000000000e+00 1.600000000000000089e+00 -9.399699999999999722e-01 -3.375090000000000034e-01 -5.044799999999999979e-02 -3.411580000000000168e-01 9.257950000000000346e-01 1.628340000000000065e-01 -8.253999999999999185e-03 1.702700000000000047e-01 -9.853629999999999889e-01
1.900000000000000000e+01 8.900000000000000000e+01 3.500000000000000000e+01 0.000000000000000000e+00 1.600000000000000089e+00 -6.058599999999999541e-01 7.671729999999999938e-01 -2.106649999999999912e-01 7.195120000000000404e-01 6.413649999999999629e-01 2.663699999999999957e-01 3.394650000000000167e-01 9.806999999999999745e-03 -9.405679999999999596e-01
1.900000000000000000e+01 7.800000000000000000e+01 3.600000000000000000e+01 0.000000000000000000e+00 1.600000000000000089e+00 -7.865799999999999459e-01 -6.135739999999999528e-01 -6.941500000000000448e-02 -6.158099999999999685e-01 7.711890000000000134e-01 1.613880000000000037e-01 -4.549199999999999772e-02 1.696900000000000075e-01 -9.844469999999999610e-01
6.000000000000000000e+00 9.500000000000000000e+01 3.600000000000000000e+01 0.000000000000000000e+00 1.600000000000000089e+00 -1.597700000000000162e-02 -5.982099999999999917e-02 9.980809999999999960e-01 9.973849999999999660e-01 6.941799999999999360e-02 2.012600000000000153e-02 -7.048899999999999610e-02 9.957920000000000105e-01 5.855500000000000288e-02
6.000000000000000000e+00 2.900000000000000000e+01 4.400000000000000000e+01 0.000000000000000000e+00 1.600000000000000089e+00 -7.810000000000000102e-04 1.342000000000000094e-03 -9.999989999999999712e-01 6.551559999999999606e-01 7.554929999999999701e-01 5.029999999999999749e-04 7.554929999999999701e-01 -6.551550000000000429e-01 -1.469000000000000037e-03
1.100000000000000000e+01 2.900000000000000000e+01 4.400000000000000000e+01 0.000000000000000000e+00 1.600000000000000089e+00 9.399999999999999448e-05 -1.662000000000000066e-03 -9.999989999999999712e-01 6.553099999999999481e-01 7.553590000000000027e-01 -1.193999999999999966e-03 7.553600000000000314e-01 -6.553090000000000304e-01 1.160000000000000007e-03
1.400000000000000000e+01 2.900000000000000000e+01 4.400000000000000000e+01 0.000000000000000000e+00 1.600000000000000089e+00 8.649999999999999920e-04 -1.559000000000000056e-03 -9.999980000000000535e-01 6.569650000000000212e-01 7.539200000000000346e-01 -6.070000000000000092e-04 7.539200000000000346e-01 -6.569639999999999924e-01 1.677000000000000105e-03
2.500000000000000000e+01 2.900000000000000000e+01 4.400000000000000000e+01 0.000000000000000000e+00 1.600000000000000089e+00 -1.577000000000000060e-03 4.342999999999999639e-03 -9.999890000000000168e-01 6.569949999999999957e-01 7.538920000000000066e-01 2.237999999999999972e-03 7.538939999999999531e-01 -6.569840000000000124e-01 -4.041999999999999586e-03
2.800000000000000000e+01 2.900000000000000000e+01 4.400000000000000000e+01 0.000000000000000000e+00 1.600000000000000089e+00 -1.337999999999999997e-03 6.516000000000000091e-03 -9.999780000000000335e-01 6.587720000000000242e-01 7.523320000000000007e-01 4.021000000000000268e-03 7.523419999999999552e-01 -6.587520000000000042e-01 -5.300000000000000024e-03
3.000000000000000000e+00 6.500000000000000000e+01 4.600000000000000000e+01 0.000000000000000000e+00 1.600000000000000089e+00 2.093599999999999975e-02 1.627649999999999930e-01 9.864429999999999588e-01 6.647939999999999960e-01 -7.391990000000000505e-01 1.078599999999999975e-01 7.467329999999999801e-01 6.535229999999999650e-01 -1.236809999999999993e-01
2.900000000000000000e+01 6.900000000000000000e+01 4.700000000000000000e+01 0.000000000000000000e+00 1.600000000000000089e+00 -8.053399999999999448e-02 -2.307700000000000029e-01 -9.696700000000000319e-01 -9.913030000000000452e-01 -8.303499999999999770e-02 1.020920000000000022e-01 -1.040760000000000018e-01 9.694589999999999597e-01 -2.220759999999999956e-01
1.800000000000000000e+01 5.900000000000000000e+01 4.800000000000000000e+01 0.000000000000000000e+00 1.600000000000000089e+00 4.849370000000000069e-01 3.321700000000000208e-01 -8.090110000000000356e-01 -8.352410000000000112e-01 4.501290000000000013e-01 -3.158429999999999849e-01 2.592459999999999765e-01 8.288830000000000364e-01 4.957260000000000000e-01
1.800000000000000000e+01 7.400000000000000000e+01 4.900000000000000000e+01 0.000000000000000000e+00 1.600000000000000089e+00 4.305300000000000099e-02 5.813289999999999846e-01 8.125289999999999457e-01 -9.658830000000000471e-01 2.321030000000000038e-01 -1.148799999999999960e-01 -2.553739999999999899e-01 -7.798620000000000552e-01 5.714879999999999960e-01
4.000000000000000000e+00 4.900000000000000000e+01 5.000000000000000000e+01 0.000000000000000000e+00 1.600000000000000089e+00 3.983169999999999766e-01 1.092930000000000013e-01 9.107129999999999947e-01 -8.026990000000000514e-01 -4.389299999999999868e-01 4.037510000000000265e-01 4.438659999999999828e-01 -8.918500000000000316e-01 -8.710400000000000087e-02
1.300000000000000000e+01 5.000000000000000000e+00 5.100000000000000000e+01 0.000000000000000000e+00 1.600000000000000089e+00 1.472999999999999917e-03 -3.041999999999999999e-03 -9.999940000000000495e-01 4.892790000000000195e-01 -8.721210000000000351e-01 3.373999999999999829e-03 -8.721259999999999568e-01 -4.892810000000000215e-01 2.039999999999999984e-04
2.000000000000000000e+01 5.000000000000000000e+00 5.100000000000000000e+01 0.000000000000000000e+00 1.600000000000000089e+00 2.311000000000000120e-03 9.000000000000000228e-06 -9.999970000000000248e-01 4.846440000000000192e-01 -8.747110000000000163e-01 1.111999999999999924e-03 -8.747080000000000410e-01 -4.846449999999999925e-01 -2.026000000000000023e-03
2.900000000000000000e+01 5.000000000000000000e+00 5.100000000000000000e+01 0.000000000000000000e+00 1.600000000000000089e+00 2.122000000000000188e-03 -3.112000000000000183e-03 -9.999930000000000208e-01 4.807020000000000182e-01 -8.768759999999999888e-01 3.749000000000000162e-03 -8.768810000000000215e-01 -4.807069999999999954e-01 -3.649999999999999816e-04
7.000000000000000000e+00 5.100000000000000000e+01 5.100000000000000000e+01 0.000000000000000000e+00 1.600000000000000089e+00 4.171119999999999828e-01 9.189500000000000446e-02 9.041970000000000285e-01 -7.907290000000000152e-01 -4.537829999999999919e-01 4.108870000000000022e-01 4.480680000000000218e-01 -8.863609999999999545e-01 -1.166139999999999954e-01
1.900000000000000000e+01 6.400000000000000000e+01 5.100000000000000000e+01 0.000000000000000000e+00 1.600000000000000089e+00 1.269609999999999905e-01 -3.708859999999999935e-01 -9.199589999999999712e-01 5.311160000000000325e-01 8.087250000000000272e-01 -2.527440000000000242e-01 8.377329999999999499e-01 -4.565170000000000061e-01 2.996599999999999819e-01
9.000000000000000000e+00 1.150000000000000000e+02 5.100000000000000000e+01 0.000000000000000000e+00 1.600000000000000089e+00 -1.456999999999999962e-03 1.850200000000000108e-02 9.998280000000000500e-01 8.441830000000000167e-01 -5.359390000000000542e-01 1.114700000000000066e-02 5.360530000000000017e-01 8.440539999999999710e-01 -1.483800000000000049e-02
2.500000000000000000e+01 1.150000000000000000e+02 5.100000000000000000e+01 0.000000000000000000e+00 1.600000000000000089e+00 -1.031900000000000005e-02 7.431000000000000105e-03 9.999190000000000023e-01 8.510170000000000234e-01 -5.249840000000000062e-01 1.268400000000000083e-02 5.250359999999999472e-01 8.510790000000000299e-01 -9.070000000000000371e-04
1.000000000000000000e+01 7.000000000000000000e+00 5.200000000000000000e+01 0.000000000000000000e+00 1.600000000000000089e+00 9.030000000000000483e-04 -7.526999999999999837e-03 -9.999710000000000543e-01 1.109269999999999978e-01 -9.938000000000000167e-01 7.581000000000000065e-03 -9.938280000000000447e-01 -1.109300000000000008e-01 -6.299999999999999990e-05
4.000000000000000000e+00 5.000000000000000000e+01 5.200000000000000000e+01 0.000000000000000000e+00 1.600000000000000089e+00 4.166799999999999948e-01 9.551199999999999968e-02 9.040219999999999922e-01 -8.060629999999999740e-01 -4.209539999999999949e-01 4.160039999999999849e-01 4.202850000000000197e-01 -9.020390000000000352e-01 -9.841400000000000148e-02
6.000000000000000000e+00 5.100000000000000000e+01 5.200000000000000000e+01 0.000000000000000000e+00 1.600000000000000089e+00 4.258009999999999851e-01 5.584000000000000422e-03 9.047990000000000199e-01 -7.999849999999999461e-01 -4.648889999999999967e-01 3.793440000000000145e-01 4.227489999999999859e-01 -8.853509999999999991e-01 -1.934839999999999893e-01
1.600000000000000000e+01 8.000000000000000000e+01 5.200000000000000000e+01 0.000000000000000000e+00 1.600000000000000089e+00 5.966099999999999876e-02 -1.797519999999999951e-01 9.819010000000000238e-01 1.069910000000000028e-01 9.791379999999999528e-01 1.727460000000000107e-01 -9.924680000000000168e-01 9.474799999999999889e-02 7.764799999999999480e-02
2.900000000000000000e+01 7.100000000000000000e+01 5.300000000000000000e+01 0.000000000000000000e+00 1.600000000000000089e+00 -2.129139999999999922e-01 5.672760000000000025e-01 7.955290000000000417e-01 -9.643220000000000125e-01 9.093999999999999653e-03 -2.645750000000000046e-01 -1.573219999999999896e-01 -8.234780000000000433e-01 5.451000000000000290e-01
1.000000000000000000e+00 2.500000000000000000e+01 5.500000000000000000e+01 0.000000000000000000e+00 1.600000000000000089e+00 -8.189999999999999581e-04 -5.649999999999999641e-04 -1.000000000000000000e+00 -1.288899999999999942e-02 -9.999169999999999447e-01 5.749999999999999903e-04 -9.999169999999999447e-01 1.289000000000000042e-02 8.120000000000000048e-04
7.000000000000000000e+00 2.500000000000000000e+01 5.500000000000000000e+01 0.000000000000000000e+00 1.600000000000000089e+00 -5.860000000000000408e-04 4.380000000000000213e-04 -1.000000000000000000e+00 -1.042799999999999977e-02 -9.999460000000000015e-01 -4.319999999999999838e-04 -9.999449999999999728e-01 1.042799999999999977e-02 5.900000000000000296e-04
1.300000000000000000e+01 2.500000000000000000e+01 5.500000000000000000e+01 0.000000000000000000e+00 1.600000000000000089e+00 -7.649999999999999465e-04 -3.699999999999999811e-05 -1.000000000000000000e+00 -1.058199999999999939e-02 -9.999440000000000550e-01 4.500000000000000283e-05 -9.999440000000000550e-01 1.058199999999999939e-02 7.640000000000000306e-04
1.800000000000000000e+01 2.500000000000000000e+01 5.500000000000000000e+01 0.000000000000000000e+00 1.600000000000000089e+00 -1.255000000000000039e-03 4.131000000000000123e-03 -9.999909999999999632e-01 -8.803000000000000061e-03 -9.999529999999999808e-01 -4.120000000000000398e-03 -9.999599999999999600e-01 8.796999999999999265e-03 1.291000000000000047e-03
2.200000000000000000e+01 2.500000000000000000e+01 5.500000000000000000e+01 0.000000000000000000e+00 1.600000000000000089e+00 -8.239999999999999712e-04 2.347000000000000128e-03 -9.999970000000000248e-01 -7.668999999999999602e-03 -9.999679999999999680e-01 -2.341000000000000199e-03 -9.999700000000000255e-01 7.667000000000000204e-03 8.419999999999999750e-04
2.600000000000000000e+01 2.500000000000000000e+01 5.500000000000000000e+01 0.000000000000000000e+00 1.600000000000000089e+00 1.830000000000000029e-04 9.190000000000000035e-04 -1.000000000000000000e+00 -7.269000000000000287e-03 -9.999730000000000008e-01 -9.210000000000000521e-04 -9.999740000000000295e-01 7.269000000000000287e-03 -1.759999999999999954e-04
2.800000000000000000e+01 2.500000000000000000e+01 5.500000000000000000e+01 0.000000000000000000e+00 1.600000000000000089e+00 9.150000000000000147e-04 1.810000000000000085e-04 -1.000000000000000000e+00 -7.119999999999999593e-03 -9.999749999999999472e-01 -1.879999999999999890e-04 -9.999740000000000295e-01 7.119999999999999593e-03 -9.129999999999999661e-04
1.800000000000000000e+01 5.800000000000000000e+01 5.500000000000000000e+01 0.000000000000000000e+00 1.600000000000000089e+00 -8.557399999999999729e-02 -3.062960000000000127e-01 9.480819999999999803e-01 -1.588420000000000110e-01 9.435959999999999903e-01 2.905090000000000172e-01 -9.835880000000000178e-01 -1.257359999999999867e-01 -1.293999999999999873e-01
7.000000000000000000e+00 6.000000000000000000e+01 5.500000000000000000e+01 0.000000000000000000e+00 1.600000000000000089e+00 -1.942800000000000082e-02 -1.033390000000000003e-01 9.944560000000000066e-01 8.068200000000000371e-02 9.912379999999999525e-01 1.045800000000000063e-01 -9.965509999999999646e-01 8.226600000000000579e-02 -1.091999999999999915e-02
2.800000000000000000e+01 6.600000000000000000e+01 5.700000000000000000e+01 0.000000000000000000e+00 1.600000000000000089e+00 -1.148700000000000068e-02 5.192160000000000108e-01 8.545660000000000478e-01 -2.153650000000000009e-01 8.332800000000000207e-01 -5.091790000000000482e-01 -9.764659999999999451e-01 -1.898920000000000052e-01 1.022490000000000065e-01
1.000000000000000000e+01 6.800000000000000000e+01 5.700000000000000000e+01 0.000000000000000000e+00 1.600000000000000089e+00 -1.515999999999999986e-03 -4.308000000000000197e-03 -9.999900000000000455e-01 -2.497469999999999968e-01 -9.683000000000000496e-01 4.551000000000000358e-03 -9.683100000000000041e-01 2.497510000000000008e-01 3.919999999999999873e-04
1.600000000000000000e+01 5.800000000000000000e+01 5.900000000000000000e+01 0.000000000000000000e+00 1.600000000000000089e+00 -6.412299999999999944e-02 -1.772950000000000081e-01 -9.820670000000000233e-01 1.940900000000000125e-01 9.630840000000000511e-01 -1.865410000000000124e-01 9.788860000000000339e-01 -2.025710000000000011e-01 -2.734500000000000125e-02
4.000000000000000000e+00 2.100000000000000000e+01 6.000000000000000000e+01 0.000000000000000000e+00 1.600000000000000089e+00 -4.580000000000000195e-04 5.799999999999999600e-03 9.999829999999999552e-01 -9.663399999999999768e-02 9.953030000000000488e-01 -5.817000000000000122e-03 -9.953199999999999825e-01 -9.663499999999999868e-02 1.039999999999999936e-04
9.000000000000000000e+00 2.100000000000000000e+01 6.000000000000000000e+01 0.000000000000000000e+00 1.600000000000000089e+00 -8.649999999999999920e-04 1.742999999999999975e-03 9.999980000000000535e-01 -9.583800000000000652e-02 9.953950000000000298e-01 -1.817999999999999955e-03 -9.953969999999999763e-01 -9.583899999999999364e-02 -6.939999999999999555e-04
1.500000000000000000e+01 2.100000000000000000e+01 6.000000000000000000e+01 0.000000000000000000e+00 1.600000000000000089e+00 1.889999999999999970e-03 -2.149999999999999947e-04 9.999980000000000535e-01 -9.468999999999999639e-02 9.955070000000000308e-01 3.930000000000000117e-04 -9.955049999999999732e-01 -9.468999999999999639e-02 1.861000000000000024e-03
2.300000000000000000e+01 2.100000000000000000e+01 6.000000000000000000e+01 0.000000000000000000e+00 1.600000000000000089e+00 -2.475999999999999902e-03 -5.445000000000000187e-03 9.999820000000000375e-01 -9.717699999999999949e-02 9.952539999999999720e-01 5.178000000000000311e-03 -9.952640000000000375e-01 -9.716199999999999837e-02 -2.993000000000000001e-03
2.800000000000000000e+01 2.100000000000000000e+01 6.000000000000000000e+01 0.000000000000000000e+00 1.600000000000000089e+00 -8.059999999999999673e-04 -6.585999999999999840e-03 9.999780000000000335e-01 -9.690200000000000202e-02 9.952729999999999633e-01 6.475999999999999986e-03 -9.952940000000000120e-01 -9.689399999999999402e-02 -1.441000000000000007e-03
1.400000000000000000e+01 6.000000000000000000e+00 6.100000000000000000e+01 0.000000000000000000e+00 1.600000000000000089e+00 -5.191999999999999567e-03 -1.015300000000000057e-02 9.999350000000000183e-01 5.706809999999999938e-01 -8.211540000000000505e-01 -5.374000000000000304e-03 8.211549999999999683e-01 5.706160000000000121e-01 1.005799999999999923e-02
3.000000000000000000e+00 3.000000000000000000e+00 6.300000000000000000e+01 0.000000000000000000e+00 1.600000000000000089e+00 -2.000000000000000096e-04 -3.654999999999999829e-03 9.999930000000000208e-01 -6.158550000000000413e-01 7.878540000000000543e-01 2.756999999999999902e-03 -7.878589999999999760e-01 -6.158510000000000373e-01 -2.409000000000000117e-03
5.000000000000000000e+00 3.000000000000000000e+00 6.300000000000000000e+01 0.000000000000000000e+00 1.600000000000000089e+00 -1.540000000000000028e-04 -2.975999999999999913e-03 9.999959999999999960e-01 -6.164600000000000080e-01 7.873830000000000551e-01 2.247999999999999998e-03 -7.873860000000000303e-01 -6.164570000000000327e-01 -1.955999999999999839e-03
2.900000000000000000e+01 3.000000000000000000e+00 6.300000000000000000e+01 0.000000000000000000e+00 1.600000000000000089e+00 2.132000000000000214e-03 -2.785000000000000149e-03 9.999940000000000495e-01 -6.133509999999999796e-01 7.898030000000000328e-01 3.507999999999999834e-03 -7.898079999999999545e-01 -6.133539999999999548e-01 -2.400000000000000061e-05
4.000000000000000000e+00 2.700000000000000000e+01 6.300000000000000000e+01 0.000000000000000000e+00 1.600000000000000089e+00 -2.559999999999999884e-04 8.536000000000000185e-03 9.999639999999999640e-01 -2.676600000000000090e-01 9.634779999999999456e-01 -8.293000000000000024e-03 -9.635129999999999528e-01 -2.676520000000000010e-01 2.037999999999999881e-03
1.000000000000000000e+01 2.700000000000000000e+01 6.300000000000000000e+01 0.000000000000000000e+00 1.600000000000000089e+00 -5.029999999999999749e-04 3.298999999999999849e-03 9.999940000000000495e-01 -2.695710000000000051e-01 9.629750000000000254e-01 -3.311999999999999840e-03 -9.629799999999999471e-01 -2.695710000000000051e-01 4.049999999999999781e-04
1.400000000000000000e+01 2.700000000000000000e+01 6.300000000000000000e+01 0.000000000000000000e+00 1.600000000000000089e+00 6.319999999999999663e-04 2.781000000000000052e-03 9.999959999999999960e-01 -2.679509999999999947e-01 9.634289999999999798e-01 -2.510000000000000078e-03 -9.634319999999999551e-01 -2.679489999999999927e-01 1.353999999999999952e-03
2.500000000000000000e+01 2.700000000000000000e+01 6.300000000000000000e+01 0.000000000000000000e+00 1.600000000000000089e+00 -2.856000000000000032e-03 -2.585000000000000058e-03 9.999930000000000208e-01 -2.689099999999999824e-01 9.631640000000000201e-01 1.722000000000000006e-03 -9.631610000000000449e-01 -2.689030000000000031e-01 -3.445999999999999844e-03
