1.200000000000000000e+01 1.000000000000000000e+01 7.000000000000000000e+00 0.000000000000000000e+00 1.600000000000000089e+00 3.272900000000000115e-02 -7.922999999999999488e-03 9.994330000000000158e-01 7.948389999999999622e-01 -6.060370000000000479e-01 -3.083400000000000030e-02 6.059369999999999479e-01 7.953970000000000207e-01 -1.353700000000000042e-02
6.000000000000000000e+00 1.010000000000000000e+02 7.000000000000000000e+00 0.000000000000000000e+00 1.600000000000000089e+00 1.049000000000000019e-03 3.640000000000000115e-04 9.999989999999999712e-01 8.860489999999999755e-01 4.635909999999999753e-01 -1.098000000000000018e-03 -4.635909999999999753e-01 8.860489999999999755e-01 1.640000000000000019e-04
9.000000000000000000e+00 1.010000000000000000e+02 7.000000000000000000e+00 0.000000000000000000e+00 1.600000000000000089e+00 -1.849999999999999973e-04 -2.824999999999999820e-03 9.999959999999999960e-01 8.870590000000000419e-01 4.616540000000000088e-01 1.467999999999999904e-03 -4.616560000000000108e-01 8.870559999999999556e-01 2.420999999999999975e-03
1.700000000000000000e+01 1.010000000000000000e+02 7.000000000000000000e+00 0.000000000000000000e+00 1.600000000000000089e+00 -3.537000000000000213e-03 -1.565100000000000172e-02 9.998709999999999543e-01 8.882499999999999840e-01 4.592439999999999856e-01 1.033099999999999991e-02 -4.593470000000000053e-01 8.881719999999999615e-01 1.227699999999999972e-02
1.900000000000000000e+01 1.010000000000000000e+02 7.000000000000000000e+00 0.000000000000000000e+00 1.600000000000000089e+00 -3.230999999999999931e-03 -1.847000000000000031e-02 9.998240000000000460e-01 8.890949999999999687e-01 4.575819999999999887e-01 1.132700000000000026e-02 -4.577109999999999790e-01 8.889759999999999884e-01 1.494299999999999969e-02
2.300000000000000000e+01 1.010000000000000000e+02 7.000000000000000000e+00 0.000000000000000000e+00 1.600000000000000089e+00 -3.648000000000000201e-03 -1.353700000000000042e-02 9.999019999999999575e-01 8.908169999999999700e-01 4.542660000000000031e-01 9.398999999999999369e-03 -4.543479999999999741e-01 8.907629999999999715e-01 1.040199999999999979e-02
2.800000000000000000e+01 1.010000000000000000e+02 7.000000000000000000e+00 0.000000000000000000e+00 1.600000000000000089e+00 -2.694999999999999913e-03 -9.336999999999999814e-03 9.999529999999999808e-01 8.899059999999999748e-01 4.560949999999999727e-01 6.656999999999999723e-03 -4.561359999999999859e-01 8.898819999999999508e-01 7.080000000000000356e-03
2.000000000000000000e+00 2.500000000000000000e+01 8.000000000000000000e+00 0.000000000000000000e+00 1.600000000000000089e+00 -1.918000000000000000e-03 -1.869999999999999917e-03 -9.999959999999999960e-01 4.308449999999999780e-01 9.024229999999999752e-01 -2.514000000000000175e-03 9.024240000000000039e-01 -4.308480000000000087e-01 -9.250000000000000409e-04
6.000000000000000000e+00 2.500000000000000000e+01 8.000000000000000000e+00 0.000000000000000000e+00 1.600000000000000089e+00 -1.968999999999999830e-03 -2.024999999999999890e-03 -9.999959999999999960e-01 4.322010000000000018e-01 9.017730000000000468e-01 -2.677000000000000126e-03 9.017749999999999932e-01 -4.322050000000000058e-01 -8.999999999999999754e-04
1.200000000000000000e+01 2.500000000000000000e+01 8.000000000000000000e+00 0.000000000000000000e+00 1.600000000000000089e+00 1.369999999999999907e-03 9.219999999999999680e-04 -9.999989999999999712e-01 4.368139999999999801e-01 8.995509999999999895e-01 1.428000000000000016e-03 8.995509999999999895e-01 -4.368150000000000088e-01 8.300000000000000086e-04
1.800000000000000000e+01 2.500000000000000000e+01 8.000000000000000000e+00 0.000000000000000000e+00 1.600000000000000089e+00 2.919999999999999961e-04 2.438000000000000063e-03 -9.999970000000000248e-01 4.358730000000000104e-01 9.000050000000000550e-01 2.321999999999999845e-03 9.000080000000000302e-01 -4.358719999999999817e-01 -8.000000000000000383e-04
2.300000000000000000e+01 2.500000000000000000e+01 8.000000000000000000e+00 0.000000000000000000e+00 1.600000000000000089e+00 -2.844999999999999873e-03 -1.087999999999999991e-03 -9.999949999999999672e-01 4.365189999999999904e-01 8.996920000000000472e-01 -2.220000000000000185e-03 8.996910000000000185e-01 -4.365229999999999944e-01 -2.085000000000000048e-03
2.700000000000000000e+01 2.500000000000000000e+01 8.000000000000000000e+00 0.000000000000000000e+00 1.600000000000000089e+00 -5.429999999999999714e-04 -7.519999999999999558e-04 -1.000000000000000000e+00 4.366789999999999838e-01 8.996170000000000000e-01 -9.139999999999999904e-04 8.996170000000000000e-01 -4.366789999999999838e-01 -1.600000000000000131e-04
3.000000000000000000e+01 9.000000000000000000e+00 9.000000000000000000e+00 0.000000000000000000e+00 1.600000000000000089e+00 1.364899999999999967e-02 -6.669999999999999497e-04 -9.999069999999999903e-01 -9.715719999999999912e-01 -2.363820000000000088e-01 -1.310500000000000033e-02 -2.363510000000000055e-01 9.716599999999999682e-01 -3.874999999999999972e-03
9.000000000000000000e+00 2.400000000000000000e+01 9.000000000000000000e+00 0.000000000000000000e+00 1.600000000000000089e+00 -5.789999999999999791e-04 -2.416999999999999878e-03 -9.999970000000000248e-01 4.409750000000000059e-01 8.975159999999999805e-01 -2.425000000000000072e-03 8.975189999999999557e-01 -4.409750000000000059e-01 5.460000000000000443e-04
1.200000000000000000e+01 2.400000000000000000e+01 9.000000000000000000e+00 0.000000000000000000e+00 1.600000000000000089e+00 1.314000000000000064e-03 6.139999999999999625e-04 -9.999989999999999712e-01 4.435140000000000193e-01 8.962670000000000359e-01 1.132999999999999893e-03 8.962660000000000071e-01 -4.435149999999999926e-01 9.060000000000000128e-04
1.500000000000000000e+01 2.400000000000000000e+01 9.000000000000000000e+00 0.000000000000000000e+00 1.600000000000000089e+00 1.317000000000000028e-03 4.092000000000000151e-03 -9.999909999999999632e-01 4.432110000000000216e-01 8.964069999999999538e-01 4.251999999999999703e-03 8.964170000000000194e-01 -4.432119999999999949e-01 -6.329999999999999906e-04
2.300000000000000000e+01 2.400000000000000000e+01 9.000000000000000000e+00 0.000000000000000000e+00 1.600000000000000089e+00 -2.903999999999999897e-03 -1.431999999999999896e-03 -9.999949999999999672e-01 4.430870000000000086e-01 8.964750000000000218e-01 -2.569999999999999802e-03 8.964739999999999931e-01 -4.430919999999999859e-01 -1.968999999999999830e-03
2.700000000000000000e+01 2.400000000000000000e+01 9.000000000000000000e+00 0.000000000000000000e+00 1.600000000000000089e+00 -7.739999999999999485e-04 -3.869999999999999742e-04 -1.000000000000000000e+00 4.433099999999999818e-01 8.963680000000000536e-01 -6.899999999999999667e-04 8.963680000000000536e-01 -4.433099999999999818e-01 -5.220000000000000031e-04
2.600000000000000000e+01 8.000000000000000000e+00 1.000000000000000000e+01 0.000000000000000000e+00 1.600000000000000089e+00 1.481599999999999931e-02 -4.270999999999999623e-03 -9.998810000000000198e-01 -9.935450000000000115e-01 -1.125440000000000051e-01 -1.424199999999999945e-02 -1.124700000000000005e-01 9.936380000000000212e-01 -5.910999999999999588e-03
3.000000000000000000e+00 4.000000000000000000e+00 1.100000000000000000e+01 0.000000000000000000e+00 1.600000000000000089e+00 -1.997000000000000077e-03 3.093399999999999969e-02 9.995190000000000463e-01 1.823170000000000068e-01 -9.827580000000000204e-01 3.077900000000000080e-02 9.832379999999999454e-01 1.822910000000000086e-01 -3.677000000000000147e-03
1.500000000000000000e+01 4.000000000000000000e+00 1.100000000000000000e+01 0.000000000000000000e+00 1.600000000000000089e+00 4.970000000000000459e-04 -2.264000000000000040e-02 9.997439999999999660e-01 1.745230000000000115e-01 -9.843990000000000240e-01 -2.237899999999999959e-02 9.846530000000000005e-01 1.744900000000000062e-01 3.461999999999999800e-03
2.100000000000000000e+01 4.000000000000000000e+00 1.100000000000000000e+01 0.000000000000000000e+00 1.600000000000000089e+00 2.301000000000000094e-03 -1.213400000000000069e-02 9.999240000000000350e-01 1.774419999999999886e-01 -9.840539999999999843e-01 -1.234999999999999987e-02 9.841290000000000315e-01 1.774570000000000036e-01 -1.110000000000000011e-04
2.700000000000000000e+01 4.000000000000000000e+00 1.100000000000000000e+01 0.000000000000000000e+00 1.600000000000000089e+00 -3.314999999999999804e-03 1.335399999999999955e-02 9.999050000000000438e-01 1.403959999999999930e-01 -9.900010000000000199e-01 1.368699999999999951e-02 9.900900000000000256e-01 1.404279999999999973e-01 1.407000000000000048e-03
1.300000000000000000e+01 3.200000000000000000e+01 1.400000000000000000e+01 0.000000000000000000e+00 1.600000000000000089e+00 -5.850000000000000165e-04 6.000000000000000152e-06 -1.000000000000000000e+00 1.217769999999999964e-01 9.925580000000000513e-01 -6.499999999999999431e-05 9.925570000000000226e-01 -1.217769999999999964e-01 -5.820000000000000520e-04
1.700000000000000000e+01 3.200000000000000000e+01 1.400000000000000000e+01 0.000000000000000000e+00 1.600000000000000089e+00 1.910000000000000077e-04 4.376999999999999814e-03 -9.999900000000000455e-01 1.217860000000000054e-01 9.925469999999999571e-01 4.368000000000000355e-03 9.925559999999999938e-01 -1.217860000000000054e-01 -3.429999999999999889e-04
2.600000000000000000e+01 3.200000000000000000e+01 1.400000000000000000e+01 0.000000000000000000e+00 1.600000000000000089e+00 -4.181999999999999953e-03 7.504000000000000253e-03 -9.999630000000000463e-01 1.222939999999999999e-01 9.924699999999999633e-01 6.936999999999999590e-03 9.924849999999999506e-01 -1.222599999999999937e-01 -5.067999999999999589e-03
2.900000000000000000e+01 3.200000000000000000e+01 1.400000000000000000e+01 0.000000000000000000e+00 1.600000000000000089e+00 -5.135999999999999940e-03 3.139100000000000223e-02 -9.994939999999999936e-01 1.198030000000000067e-01 9.923279999999999879e-01 3.055000000000000077e-02 9.927839999999999998e-01 -1.195859999999999979e-01 -8.857000000000000289e-03
3.000000000000000000e+00 1.200000000000000000e+01 1.600000000000000000e+01 0.000000000000000000e+00 1.600000000000000089e+00 2.037999999999999881e-03 -5.710999999999999931e-03 9.999820000000000375e-01 2.621249999999999969e-01 -9.650149999999999562e-01 -6.046000000000000159e-03 9.650320000000000009e-01 2.621319999999999761e-01 -4.699999999999999859e-04
1.700000000000000000e+01 1.160000000000000000e+02 1.600000000000000000e+01 0.000000000000000000e+00 1.600000000000000089e+00 1.631000000000000071e-03 -2.779999999999999811e-04 9.999989999999999712e-01 7.002169999999999783e-01 7.139299999999999535e-01 -9.430000000000000448e-04 -7.139280000000000070e-01 7.002169999999999783e-01 1.358999999999999965e-03
3.000000000000000000e+00 2.000000000000000000e+00 1.900000000000000000e+01 0.000000000000000000e+00 1.600000000000000089e+00 2.062000000000000031e-03 -2.140099999999999988e-02 -9.997690000000000188e-01 3.555840000000000112e-01 -9.344139999999999668e-01 2.073499999999999996e-02 -9.346419999999999728e-01 -3.555449999999999999e-01 5.683999999999999816e-03
1.300000000000000000e+01 2.000000000000000000e+00 1.900000000000000000e+01 0.000000000000000000e+00 1.600000000000000089e+00 6.193999999999999853e-03 -1.756399999999999975e-02 -9.998270000000000213e-01 3.592650000000000010e-01 -9.330500000000000460e-01 1.861600000000000060e-02 -9.332150000000000167e-01 -3.593180000000000263e-01 5.310000000000000050e-04
4.000000000000000000e+00 3.000000000000000000e+00 1.900000000000000000e+01 0.000000000000000000e+00 1.600000000000000089e+00 4.670000000000000214e-04 -2.246599999999999986e-02 -9.997470000000000523e-01 3.378019999999999912e-01 -9.409760000000000346e-01 2.130299999999999902e-02 -9.412169999999999703e-01 -3.377269999999999994e-01 7.150000000000000105e-03
1.400000000000000000e+01 3.000000000000000000e+00 1.900000000000000000e+01 0.000000000000000000e+00 1.600000000000000089e+00 4.721999999999999635e-03 -1.026900000000000035e-02 -9.999360000000000470e-01 3.316649999999999876e-01 -9.433300000000000018e-01 1.125400000000000011e-02 -9.433859999999999468e-01 -3.316970000000000196e-01 -1.049000000000000019e-03
1.800000000000000000e+01 3.000000000000000000e+00 1.900000000000000000e+01 0.000000000000000000e+00 1.600000000000000089e+00 3.829999999999999854e-04 -1.019999999999999992e-04 -1.000000000000000000e+00 3.330620000000000247e-01 -9.429049999999999931e-01 2.239999999999999966e-04 -9.429049999999999931e-01 -3.330620000000000247e-01 -3.280000000000000038e-04
2.200000000000000000e+01 3.000000000000000000e+00 1.900000000000000000e+01 0.000000000000000000e+00 1.600000000000000089e+00 -4.360000000000000160e-03 1.936299999999999827e-02 -9.998029999999999973e-01 3.387729999999999908e-01 -9.406619999999999981e-01 -1.969500000000000070e-02 -9.408579999999999721e-01 -3.387919999999999821e-01 -2.458000000000000115e-03
2.500000000000000000e+01 3.000000000000000000e+00 1.900000000000000000e+01 0.000000000000000000e+00 1.600000000000000089e+00 -7.027000000000000260e-03 2.474799999999999917e-02 -9.996690000000000298e-01 3.420560000000000267e-01 -9.393289999999999695e-01 -2.565900000000000125e-02 -9.396529999999999605e-01 -3.421230000000000104e-01 -1.863999999999999988e-03
3.000000000000000000e+01 3.000000000000000000e+00 1.900000000000000000e+01 0.000000000000000000e+00 1.600000000000000089e+00 -2.615000000000000137e-03 1.616599999999999981e-02 -9.998660000000000325e-01 3.446279999999999899e-01 -9.386010000000000186e-01 -1.607700000000000101e-02 -9.387360000000000149e-01 -3.446239999999999859e-01 -3.116999999999999979e-03
1.000000000000000000e+00 1.300000000000000000e+01 2.000000000000000000e+01 0.000000000000000000e+00 1.600000000000000089e+00 5.529999999999999976e-04 1.123999999999999999e-03 9.999989999999999712e-01 2.649949999999999806e-01 9.642490000000000228e-01 -1.231000000000000106e-03 -9.642500000000000515e-01 2.649949999999999806e-01 2.349999999999999930e-04
5.000000000000000000e+00 1.300000000000000000e+01 2.000000000000000000e+01 0.000000000000000000e+00 1.600000000000000089e+00 7.230000000000000098e-04 4.446000000000000299e-03 9.999900000000000455e-01 2.634310000000000263e-01 9.646679999999999700e-01 -4.479000000000000342e-03 -9.646780000000000355e-01 2.634319999999999995e-01 -4.739999999999999747e-04
9.000000000000000000e+00 1.300000000000000000e+01 2.000000000000000000e+01 0.000000000000000000e+00 1.600000000000000089e+00 5.760000000000000146e-04 1.101999999999999898e-03 9.999989999999999712e-01 2.614469999999999850e-01 9.652169999999999916e-01 -1.214000000000000018e-03 -9.652180000000000204e-01 2.614480000000000137e-01 2.680000000000000090e-04
1.600000000000000000e+01 1.300000000000000000e+01 2.000000000000000000e+01 0.000000000000000000e+00 1.600000000000000089e+00 -1.420000000000000092e-04 -1.283000000000000069e-03 9.999989999999999712e-01 2.595830000000000082e-01 9.657200000000000228e-01 1.275000000000000092e-03 -9.657210000000000516e-01 2.595830000000000082e-01 1.959999999999999937e-04
2.000000000000000000e+01 1.300000000000000000e+01 2.000000000000000000e+01 0.000000000000000000e+00 1.600000000000000089e+00 7.870000000000000476e-04 -1.358999999999999965e-03 9.999989999999999712e-01 2.585890000000000133e-01 9.659870000000000401e-01 1.110000000000000092e-03 -9.659870000000000401e-01 2.585870000000000113e-01 1.111000000000000008e-03
2.600000000000000000e+01 1.300000000000000000e+01 2.000000000000000000e+01 0.000000000000000000e+00 1.600000000000000089e+00 -2.300000000000000002e-05 -1.402000000000000034e-03 9.999989999999999712e-01 2.594569999999999932e-01 9.657540000000000013e-01 1.360000000000000098e-03 -9.657550000000000301e-01 2.594560000000000199e-01 3.409999999999999945e-04
2.900000000000000000e+01 1.300000000000000000e+01 2.000000000000000000e+01 0.000000000000000000e+00 1.600000000000000089e+00 -1.649999999999999991e-04 -8.859999999999999603e-04 1.000000000000000000e+00 2.602679999999999993e-01 9.655359999999999498e-01 8.980000000000000352e-04 -9.655359999999999498e-01 2.602679999999999993e-01 7.200000000000000182e-05
1.000000000000000000e+00 1.600000000000000000e+01 2.100000000000000000e+01 0.000000000000000000e+00 1.600000000000000089e+00 -1.069999999999999988e-04 -2.158000000000000196e-03 9.999980000000000535e-01 2.991989999999999927e-01 9.541880000000000361e-01 2.090999999999999977e-03 -9.541910000000000114e-01 2.991989999999999927e-01 5.439999999999999957e-04
8.000000000000000000e+00 1.600000000000000000e+01 2.100000000000000000e+01 0.000000000000000000e+00 1.600000000000000089e+00 3.589999999999999984e-04 2.650000000000000012e-03 9.999959999999999960e-01 2.991210000000000258e-01 9.542119999999999491e-01 -2.635999999999999888e-03 -9.542150000000000354e-01 2.991210000000000258e-01 -4.499999999999999877e-04
2.900000000000000000e+01 1.600000000000000000e+01 2.100000000000000000e+01 0.000000000000000000e+00 1.600000000000000089e+00 -2.829999999999999942e-04 -4.110000000000000155e-04 1.000000000000000000e+00 2.972549999999999915e-01 9.547980000000000356e-01 4.769999999999999934e-04 -9.547980000000000356e-01 2.972549999999999915e-01 -1.479999999999999925e-04
7.000000000000000000e+00 2.000000000000000000e+00 2.500000000000000000e+01 0.000000000000000000e+00 1.600000000000000089e+00 1.003199999999999925e-02 -3.523500000000000243e-02 9.993290000000000228e-01 8.519599999999999396e-02 -9.957150000000000167e-01 -3.596300000000000191e-02 9.963140000000000329e-01 8.550000000000000655e-02 -6.987000000000000155e-03
2.700000000000000000e+01 2.000000000000000000e+00 2.500000000000000000e+01 0.000000000000000000e+00 1.600000000000000089e+00 -9.067999999999999672e-03 1.969900000000000123e-02 9.997650000000000148e-01 7.490499999999999936e-02 -9.969839999999999813e-01 2.032399999999999832e-02 9.971489999999999521e-01 7.507199999999999984e-02 7.564999999999999676e-03
6.000000000000000000e+00 3.000000000000000000e+00 2.500000000000000000e+01 0.000000000000000000e+00 1.600000000000000089e+00 5.625999999999999925e-03 -3.110800000000000023e-02 9.995000000000000551e-01 3.338999999999999954e-03 -9.995100000000000096e-01 -3.112699999999999842e-02 9.999789999999999512e-01 3.513000000000000064e-03 -5.518999999999999601e-03
1.300000000000000000e+01 3.000000000000000000e+00 2.500000000000000000e+01 0.000000000000000000e+00 1.600000000000000089e+00 3.078000000000000007e-03 -1.056099999999999921e-02 9.999400000000000510e-01 -3.282399999999999901e-02 -9.994060000000000166e-01 -1.045500000000000075e-02 9.994560000000000111e-01 -3.278999999999999970e-02 -3.422999999999999828e-03
1.900000000000000000e+01 3.000000000000000000e+00 2.500000000000000000e+01 0.000000000000000000e+00 1.600000000000000089e+00 -1.544999999999999932e-03 1.871000000000000050e-03 9.999970000000000248e-01 -3.398099999999999732e-02 -9.994210000000000038e-01 1.817000000000000039e-03 9.994210000000000038e-01 -3.397800000000000126e-02 1.606999999999999922e-03
1.900000000000000000e+01 4.600000000000000000e+01 2.700000000000000000e+01 0.000000000000000000e+00 1.600000000000000089e+00 -1.320999999999999909e-03 -1.700000000000000122e-04 -9.999989999999999712e-01 6.764139999999999597e-01 7.365209999999999813e-01 -1.018999999999999941e-03 7.365199999999999525e-01 -6.764149999999999885e-01 -8.580000000000000387e-04
2.800000000000000000e+01 4.600000000000000000e+01 3.000000000000000000e+01 0.000000000000000000e+00 1.600000000000000089e+00 -4.829999999999999767e-04 -1.049000000000000019e-03 -9.999989999999999712e-01 3.313479999999999759e-01 9.435080000000000133e-01 -1.149999999999999981e-03 9.435090000000000421e-01 -3.313479999999999759e-01 -1.079999999999999960e-04
1.000000000000000000e+00 4.600000000000000000e+01 3.500000000000000000e+01 0.000000000000000000e+00 1.600000000000000089e+00 1.654000000000000088e-03 3.471999999999999826e-03 -9.999930000000000208e-01 3.919929999999999803e-01 -9.199650000000000327e-01 -2.546000000000000086e-03 -9.199669999999999792e-01 -3.919860000000000011e-01 -2.882000000000000013e-03
9.000000000000000000e+00 4.600000000000000000e+01 3.500000000000000000e+01 0.000000000000000000e+00 1.600000000000000089e+00 -3.899999999999999929e-05 1.820000000000000057e-04 -1.000000000000000000e+00 3.917209999999999859e-01 -9.200840000000000130e-01 -1.830000000000000029e-04 -9.200840000000000130e-01 -3.917209999999999859e-01 -3.600000000000000091e-05
1.900000000000000000e+01 4.600000000000000000e+01 3.500000000000000000e+01 0.000000000000000000e+00 1.600000000000000089e+00 -1.258999999999999920e-03 -1.060000000000000016e-04 -9.999989999999999712e-01 3.906959999999999877e-01 -9.205200000000000049e-01 -3.939999999999999817e-04 -9.205189999999999761e-01 -3.906959999999999877e-01 1.199999999999999895e-03
2.600000000000000000e+01 4.600000000000000000e+01 3.500000000000000000e+01 0.000000000000000000e+00 1.600000000000000089e+00 -1.079999999999999960e-04 -2.269000000000000183e-03 -9.999970000000000248e-01 3.891530000000000267e-01 -9.211709999999999621e-01 2.047999999999999907e-03 -9.211730000000000196e-01 -3.891519999999999979e-01 9.829999999999999329e-04
1.100000000000000000e+01 9.500000000000000000e+01 3.600000000000000000e+01 0.000000000000000000e+00 1.600000000000000089e+00 3.180000000000000101e-03 9.645000000000000795e-03 9.999479999999999480e-01 9.967019999999999769e-01 8.105099999999999805e-02 -3.950999999999999651e-03 -8.108500000000000429e-02 9.966629999999999656e-01 -9.355000000000000468e-03
1.700000000000000000e+01 9.500000000000000000e+01 3.600000000000000000e+01 0.000000000000000000e+00 1.600000000000000089e+00 2.784000000000000016e-03 5.961000000000000153e-03 9.999780000000000335e-01 9.962419999999999609e-01 8.655000000000000193e-02 -3.289999999999999956e-03 -8.656800000000000606e-02 9.962299999999999489e-01 -5.696999999999999807e-03
4.000000000000000000e+00 9.500000000000000000e+01 3.700000000000000000e+01 0.000000000000000000e+00 1.600000000000000089e+00 -3.047999999999999928e-03 -1.215499999999999914e-02 9.999219999999999775e-01 9.948609999999999953e-01 1.011620000000000019e-01 4.262000000000000163e-03 -1.012060000000000043e-01 9.947960000000000136e-01 1.178399999999999934e-02
9.000000000000000000e+00 2.900000000000000000e+01 4.400000000000000000e+01 0.000000000000000000e+00 1.600000000000000089e+00 3.060000000000000111e-04 -1.840000000000000001e-04 -1.000000000000000000e+00 6.616060000000000274e-01 7.498510000000000453e-01 6.499999999999999431e-05 7.498510000000000453e-01 -6.616060000000000274e-01 3.510000000000000208e-04
1.900000000000000000e+01 2.900000000000000000e+01 4.400000000000000000e+01 0.000000000000000000e+00 1.600000000000000089e+00 -6.899999999999999667e-05 2.224999999999999981e-03 -9.999970000000000248e-01 6.617539999999999534e-01 7.497190000000000243e-01 1.621999999999999961e-03 7.497209999999999708e-01 -6.617520000000000069e-01 -1.525000000000000097e-03
2.300000000000000000e+01 2.900000000000000000e+01 4.400000000000000000e+01 0.000000000000000000e+00 1.600000000000000089e+00 -1.291999999999999963e-03 3.017999999999999849e-03 -9.999949999999999672e-01 6.455710000000000059e-01 7.636990000000000167e-01 1.469999999999999953e-03 7.637000000000000455e-01 -6.455650000000000555e-01 -2.935000000000000109e-03
2.700000000000000000e+01 2.900000000000000000e+01 4.400000000000000000e+01 0.000000000000000000e+00 1.600000000000000089e+00 -2.651999999999999844e-03 -2.139999999999999975e-03 -9.999940000000000495e-01 6.487140000000000128e-01 7.610249999999999515e-01 -3.347999999999999848e-03 7.610280000000000378e-01 -6.487190000000000456e-01 -6.300000000000000261e-04
1.400000000000000000e+01 5.000000000000000000e+00 5.100000000000000000e+01 0.000000000000000000e+00 1.600000000000000089e+00 -1.800000000000000113e-04 7.115999999999999930e-03 -9.999749999999999472e-01 4.884569999999999745e-01 -8.725659999999999528e-01 -6.297999999999999779e-03 -8.725880000000000303e-01 -4.884450000000000180e-01 -3.318999999999999902e-03
2.700000000000000000e+01 5.000000000000000000e+00 5.100000000000000000e+01 0.000000000000000000e+00 1.600000000000000089e+00 -5.619999999999999996e-04 9.700000000000000289e-03 -9.999529999999999808e-01 4.877759999999999874e-01 -8.729249999999999510e-01 -8.741999999999999771e-03 -8.729689999999999950e-01 -4.877580000000000249e-01 -4.240999999999999978e-03
1.700000000000000000e+01 6.000000000000000000e+00 5.100000000000000000e+01 0.000000000000000000e+00 1.600000000000000089e+00 6.899999999999999667e-05 4.375000000000000416e-03 -9.999900000000000455e-01 3.151010000000000200e-01 -9.490490000000000315e-01 -4.129999999999999991e-03 -9.490579999999999572e-01 -3.150979999999999892e-01 -1.443999999999999971e-03
3.000000000000000000e+00 1.150000000000000000e+02 5.100000000000000000e+01 0.000000000000000000e+00 1.600000000000000089e+00 6.719999999999999628e-04 8.419999999999999750e-04 9.999989999999999712e-01 8.465869999999999784e-01 -5.322500000000000009e-01 -1.210000000000000002e-04 5.322500000000000009e-01 8.465869999999999784e-01 -1.070999999999999903e-03
2.800000000000000000e+01 1.600000000000000000e+01 5.200000000000000000e+01 0.000000000000000000e+00 1.600000000000000089e+00 -2.896999999999999836e-03 1.043000000000000090e-03 -9.999949999999999672e-01 7.742790000000000505e-01 6.328420000000000156e-01 -1.582999999999999989e-03 6.328369999999999829e-01 -7.742799999999999683e-01 -2.641000000000000118e-03
2.400000000000000000e+01 5.800000000000000000e+01 5.200000000000000000e+01 0.000000000000000000e+00 1.600000000000000089e+00 6.899999999999999667e-04 -7.981999999999999512e-03 9.999679999999999680e-01 -6.310109999999999886e-01 7.757460000000000466e-01 6.627000000000000078e-03 -7.757739999999999636e-01 -6.309949999999999726e-01 -4.501999999999999925e-03
2.000000000000000000e+00 6.300000000000000000e+01 5.400000000000000000e+01 0.000000000000000000e+00 1.600000000000000089e+00 1.556000000000000091e-03 -7.780000000000000457e-04 9.999989999999999712e-01 -3.482489999999999752e-01 9.374010000000000398e-01 1.271999999999999910e-03 -9.374010000000000398e-01 -3.482509999999999772e-01 1.188000000000000037e-03
5.000000000000000000e+00 6.300000000000000000e+01 5.400000000000000000e+01 0.000000000000000000e+00 1.600000000000000089e+00 1.487999999999999956e-03 -2.209000000000000026e-03 9.999959999999999960e-01 -3.477359999999999896e-01 9.375890000000000057e-01 2.589000000000000155e-03 -9.375909999999999522e-01 -3.477390000000000203e-01 6.269999999999999532e-04
9.000000000000000000e+00 6.300000000000000000e+01 5.400000000000000000e+01 0.000000000000000000e+00 1.600000000000000089e+00 -7.500000000000000156e-04 9.079999999999999530e-04 9.999989999999999712e-01 -3.423200000000000132e-01 9.395829999999999460e-01 -1.110000000000000092e-03 -9.395829999999999460e-01 -3.423200000000000132e-01 -3.939999999999999817e-04
1.800000000000000000e+01 6.300000000000000000e+01 5.400000000000000000e+01 0.000000000000000000e+00 1.600000000000000089e+00 -2.369999999999999874e-04 2.909999999999999826e-03 9.999959999999999960e-01 -3.462509999999999755e-01 9.381380000000000274e-01 -2.811999999999999830e-03 -9.381420000000000314e-01 -3.462500000000000022e-01 7.860000000000000233e-04
2.900000000000000000e+01 6.300000000000000000e+01 5.400000000000000000e+01 0.000000000000000000e+00 1.600000000000000089e+00 7.950000000000000252e-04 -7.228000000000000050e-03 9.999740000000000295e-01 -3.556969999999999854e-01 9.345750000000000446e-01 7.037999999999999985e-03 -9.346010000000000151e-01 -3.556929999999999814e-01 -1.827999999999999981e-03
4.000000000000000000e+00 2.500000000000000000e+01 5.500000000000000000e+01 0.000000000000000000e+00 1.600000000000000089e+00 1.309000000000000051e-03 1.469999999999999953e-04 -9.999989999999999712e-01 -9.265999999999999931e-03 -9.999569999999999848e-01 -1.589999999999999888e-04 -9.999559999999999560e-01 9.265999999999999931e-03 -1.307000000000000002e-03
1.300000000000000000e+01 2.500000000000000000e+01 5.500000000000000000e+01 0.000000000000000000e+00 1.600000000000000089e+00 1.234999999999999987e-03 4.800000000000000122e-05 -9.999989999999999712e-01 -1.157700000000000048e-02 -9.999329999999999607e-01 -6.200000000000000270e-05 -9.999320000000000430e-01 1.157700000000000048e-02 -1.234000000000000071e-03
2.000000000000000000e+01 2.500000000000000000e+01 5.500000000000000000e+01 0.000000000000000000e+00 1.600000000000000089e+00 -1.310000000000000129e-04 1.572000000000000047e-03 -9.999989999999999712e-01 -1.142999999999999919e-02 -9.999329999999999607e-01 -1.569999999999999998e-03 -9.999350000000000183e-01 1.142999999999999919e-02 1.489999999999999897e-04
2.800000000000000000e+01 2.500000000000000000e+01 5.500000000000000000e+01 0.000000000000000000e+00 1.600000000000000089e+00 7.990000000000000140e-04 -2.410000000000000033e-04 -1.000000000000000000e+00 -1.269400000000000042e-02 -9.999190000000000023e-01 2.310000000000000042e-04 -9.999190000000000023e-01 1.269400000000000042e-02 -8.019999999999999785e-04
1.700000000000000000e+01 2.000000000000000000e+01 6.000000000000000000e+01 0.000000000000000000e+00 1.600000000000000089e+00 -7.770000000000000214e-04 -3.680000000000000003e-04 1.000000000000000000e+00 -6.275000000000000022e-02 9.980290000000000550e-01 3.179999999999999776e-04 -9.980290000000000550e-01 -6.275000000000000022e-02 -7.979999999999999897e-04
2.200000000000000000e+01 2.000000000000000000e+01 6.000000000000000000e+01 0.000000000000000000e+00 1.600000000000000089e+00 1.649000000000000075e-03 2.347000000000000128e-03 9.999959999999999960e-01 -6.156899999999999873e-02 9.980999999999999872e-01 -2.240999999999999936e-03 -9.981010000000000160e-01 -6.156500000000000167e-02 1.789999999999999925e-03
2.000000000000000000e+00 2.100000000000000000e+01 6.000000000000000000e+01 0.000000000000000000e+00 1.600000000000000089e+00 -7.789999999999999616e-04 -8.342999999999999722e-03 9.999649999999999928e-01 -9.241299999999999515e-02 9.956869999999999887e-01 8.234999999999999265e-03 -9.957200000000000495e-01 -9.240299999999999903e-02 -1.546000000000000065e-03
9.000000000000000000e+00 2.100000000000000000e+01 6.000000000000000000e+01 0.000000000000000000e+00 1.600000000000000089e+00 -5.249999999999999676e-04 7.224999999999999652e-03 9.999740000000000295e-01 -9.701400000000000301e-02 9.952569999999999473e-01 -7.242000000000000173e-03 -9.952830000000000288e-01 -9.701500000000000401e-02 1.779999999999999898e-04
1.300000000000000000e+01 2.100000000000000000e+01 6.000000000000000000e+01 0.000000000000000000e+00 1.600000000000000089e+00 1.319999999999999993e-03 3.305000000000000212e-03 9.999940000000000495e-01 -9.618899999999999673e-02 9.953579999999999650e-01 -3.163000000000000013e-03 -9.953619999999999690e-01 -9.618400000000000560e-02 1.631999999999999987e-03
2.500000000000000000e+01 2.100000000000000000e+01 6.000000000000000000e+01 0.000000000000000000e+00 1.600000000000000089e+00 6.549999999999999833e-04 -4.789999999999999879e-04 1.000000000000000000e+00 -9.570900000000000241e-02 9.954089999999999883e-01 5.400000000000000069e-04 -9.954089999999999883e-01 -9.570900000000000241e-02 6.059999999999999849e-04
2.900000000000000000e+01 2.100000000000000000e+01 6.000000000000000000e+01 0.000000000000000000e+00 1.600000000000000089e+00 -1.193999999999999966e-03 -1.283999999999999985e-03 9.999980000000000535e-01 -9.612800000000000511e-02 9.953680000000000305e-01 1.162999999999999971e-03 -9.953680000000000305e-01 -9.612700000000000411e-02 -1.312000000000000015e-03
2.000000000000000000e+01 6.700000000000000000e+01 6.000000000000000000e+01 0.000000000000000000e+00 1.600000000000000089e+00 -7.960000000000000495e-04 -4.147999999999999778e-03 9.999909999999999632e-01 1.726419999999999899e-01 -9.849769999999999914e-01 -3.949000000000000253e-03 9.849839999999999707e-01 1.726380000000000137e-01 1.500000000000000031e-03
1.000000000000000000e+01 3.000000000000000000e+00 6.300000000000000000e+01 0.000000000000000000e+00 1.600000000000000089e+00 1.304000000000000038e-03 -5.462999999999999974e-03 9.999839999999999840e-01 -6.122499999999999609e-01 7.906480000000000175e-01 5.118000000000000153e-03 -7.906630000000000047e-01 -6.122469999999999857e-01 -2.314000000000000085e-03
2.800000000000000000e+01 3.000000000000000000e+00 6.300000000000000000e+01 0.000000000000000000e+00 1.600000000000000089e+00 -3.089000000000000166e-03 -8.507000000000000672e-03 9.999590000000000423e-01 -6.137669999999999515e-01 7.894729999999999803e-01 4.820999999999999765e-03 -7.894809999999999883e-01 -6.137270000000000225e-01 -7.660000000000000142e-03
2.000000000000000000e+00 2.700000000000000000e+01 6.300000000000000000e+01 0.000000000000000000e+00 1.600000000000000089e+00 -5.236000000000000203e-03 7.261000000000000093e-03 9.999599999999999600e-01 -2.690919999999999979e-01 9.630779999999999896e-01 -8.401999999999999746e-03 -9.630999999999999561e-01 -2.691250000000000031e-01 -3.089000000000000166e-03
9.000000000000000000e+00 2.700000000000000000e+01 6.300000000000000000e+01 0.000000000000000000e+00 1.600000000000000089e+00 6.310000000000000504e-04 -9.284999999999999851e-03 9.999569999999999848e-01 -2.747709999999999875e-01 9.614669999999999606e-01 9.100999999999999715e-03 -9.615099999999999758e-01 -2.747649999999999815e-01 -1.944999999999999897e-03
1.300000000000000000e+01 2.700000000000000000e+01 6.300000000000000000e+01 0.000000000000000000e+00 1.600000000000000089e+00 3.075000000000000042e-03 -4.593999999999999993e-03 9.999850000000000128e-01 -2.733479999999999799e-01 9.619010000000000060e-01 5.258999999999999786e-03 -9.619100000000000428e-01 -2.733599999999999919e-01 1.701999999999999954e-03
1.800000000000000000e+01 2.700000000000000000e+01 6.300000000000000000e+01 0.000000000000000000e+00 1.600000000000000089e+00 4.970000000000000459e-04 -1.881999999999999992e-03 9.999980000000000535e-01 -2.717589999999999728e-01 9.623629999999999685e-01 1.946000000000000030e-03 -9.623650000000000260e-01 -2.717600000000000016e-01 -3.399999999999999973e-05
2.600000000000000000e+01 2.700000000000000000e+01 6.300000000000000000e+01 0.000000000000000000e+00 1.600000000000000089e+00 -7.600000000000000418e-05 -4.604999999999999719e-03 9.999890000000000168e-01 -2.748590000000000200e-01 9.614740000000000508e-01 4.407000000000000327e-03 -9.614850000000000341e-01 -2.748559999999999892e-01 -1.338999999999999913e-03
3.000000000000000000e+00 2.600000000000000000e+01 6.400000000000000000e+01 0.000000000000000000e+00 1.600000000000000089e+00 -6.407999999999999634e-03 5.562000000000000104e-03 9.999639999999999640e-01 -3.639479999999999937e-01 9.313890000000000224e-01 -7.512999999999999713e-03 -9.313970000000000304e-01 -3.639830000000000010e-01 -3.943999999999999589e-03
1.000000000000000000e+01 2.600000000000000000e+01 6.400000000000000000e+01 0.000000000000000000e+00 1.600000000000000089e+00 2.871999999999999987e-03 -6.780999999999999701e-03 9.999730000000000008e-01 -3.709669999999999912e-01 9.286170000000000258e-01 7.361999999999999621e-03 -9.286410000000000498e-01 -3.709779999999999744e-01 1.520000000000000084e-04
1.400000000000000000e+01 2.600000000000000000e+01 6.400000000000000000e+01 0.000000000000000000e+00 1.600000000000000089e+00 2.645999999999999915e-03 -2.762000000000000132e-03 9.999930000000000208e-01 -3.657540000000000235e-01 9.307050000000000045e-01 3.537999999999999912e-03 -9.307079999999999798e-01 -3.657599999999999740e-01 1.453000000000000081e-03
1.900000000000000000e+01 2.600000000000000000e+01 6.400000000000000000e+01 0.000000000000000000e+00 1.600000000000000089e+00 9.810000000000001011e-04 -3.969999999999999571e-03 9.999919999999999920e-01 -3.646750000000000269e-01 9.311260000000000092e-01 4.054000000000000312e-03 -9.311340000000000172e-01 -3.646760000000000002e-01 -5.339999999999999695e-04
2.400000000000000000e+01 2.600000000000000000e+01 6.400000000000000000e+01 0.000000000000000000e+00 1.600000000000000089e+00 5.280000000000000405e-04 -3.769999999999999914e-03 9.999930000000000208e-01 -3.685189999999999855e-01 9.296130000000000226e-01 3.699000000000000031e-03 -9.296200000000000019e-01 -3.685180000000000122e-01 -8.980000000000000352e-04
2.800000000000000000e+01 2.600000000000000000e+01 6.400000000000000000e+01 0.000000000000000000e+00 1.600000000000000089e+00 2.970000000000000092e-04 -4.431000000000000043e-03 9.999900000000000455e-01 -3.684470000000000245e-01 9.296389999999999931e-01 4.229000000000000120e-03 -9.296489999999999476e-01 -3.684450000000000225e-01 -1.356999999999999916e-03
1.000000000000000000e+01 6.900000000000000000e+01 6.600000000000000000e+01 0.000000000000000000e+00 1.600000000000000089e+00 -4.151000000000000176e-03 -3.449999999999999942e-03 9.999850000000000128e-01 -9.467100000000000515e-01 3.220740000000000269e-01 -2.818999999999999891e-03 -3.220589999999999842e-01 -9.467079999999999940e-01 -4.603000000000000320e-03
1.500000000000000000e+01 6.900000000000000000e+01 6.600000000000000000e+01 0.000000000000000000e+00 1.600000000000000089e+00 9.060000000000000128e-04 -1.420999999999999954e-03 9.999989999999999712e-01 -9.467210000000000347e-01 3.220509999999999762e-01 1.314999999999999980e-03 -3.220520000000000049e-01 -9.467210000000000347e-01 -1.054000000000000032e-03
2.400000000000000000e+01 6.900000000000000000e+01 6.600000000000000000e+01 0.000000000000000000e+00 1.600000000000000089e+00 -1.900999999999999912e-03 -6.237999999999999622e-03 9.999789999999999512e-01 -9.487029999999999630e-01 3.161700000000000066e-01 1.689999999999999879e-04 -3.161640000000000006e-01 -9.486820000000000253e-01 -6.518999999999999621e-03
3.000000000000000000e+00 2.500000000000000000e+01 7.300000000000000000e+01 0.000000000000000000e+00 1.600000000000000089e+00 1.154999999999999994e-03 1.528999999999999977e-03 9.999980000000000535e-01 7.543469999999999898e-01 -6.564759999999999485e-01 1.330000000000000073e-04 6.564750000000000307e-01 7.543459999999999610e-01 -1.910999999999999938e-03
1.100000000000000000e+01 2.500000000000000000e+01 7.300000000000000000e+01 0.000000000000000000e+00 1.600000000000000089e+00 1.951000000000000043e-03 3.199999999999999855e-05 9.999980000000000535e-01 7.600710000000000521e-01 -6.498380000000000267e-01 -1.461999999999999975e-03 6.498369999999999980e-01 7.600729999999999986e-01 -1.291999999999999963e-03
1.800000000000000000e+01 2.500000000000000000e+01 7.300000000000000000e+01 0.000000000000000000e+00 1.600000000000000089e+00 -1.013999999999999927e-03 -1.955000000000000140e-03 9.999980000000000535e-01 7.554950000000000276e-01 -6.551540000000000141e-01 -5.150000000000000498e-04 6.551529999999999854e-01 7.554929999999999701e-01 2.141000000000000108e-03
2.700000000000000000e+01 2.500000000000000000e+01 7.300000000000000000e+01 0.000000000000000000e+00 1.600000000000000089e+00 -1.892000000000000019e-03 -2.871999999999999987e-03 9.999940000000000495e-01 7.543539999999999690e-01 -6.564670000000000227e-01 -4.580000000000000195e-04 6.564649999999999652e-01 7.543490000000000473e-01 3.408000000000000005e-03
5.000000000000000000e+00 4.400000000000000000e+01 7.300000000000000000e+01 0.000000000000000000e+00 1.600000000000000089e+00 -1.050000000000000044e-04 1.221999999999999996e-03 9.999989999999999712e-01 5.553099999999999703e-02 -9.984560000000000102e-01 1.226000000000000093e-03 9.984570000000000389e-01 5.553099999999999703e-02 3.699999999999999811e-05
1.200000000000000000e+01 4.400000000000000000e+01 7.300000000000000000e+01 0.000000000000000000e+00 1.600000000000000089e+00 -2.959999999999999849e-04 -1.258999999999999920e-03 9.999989999999999712e-01 5.515599999999999670e-02 -9.984769999999999479e-01 -1.240999999999999916e-03 9.984779999999999767e-01 5.515599999999999670e-02 3.649999999999999816e-04
1.800000000000000000e+01 4.400000000000000000e+01 7.300000000000000000e+01 0.000000000000000000e+00 1.600000000000000089e+00 8.249999999999999955e-04 2.999999999999999737e-04 1.000000000000000000e+00 5.680299999999999933e-02 -9.983849999999999669e-01 2.530000000000000239e-04 9.983849999999999669e-01 5.680299999999999933e-02 -8.409999999999999507e-04
