4.000000000000000000e+00 2.500000000000000000e+01 1.000000000000000000e+00 0.000000000000000000e+00 1.600000000000000089e+00 4.304999999999999799e-03 -3.821999999999999877e-03 -9.999829999999999552e-01 -5.219960000000000155e-01 -8.529470000000000107e-01 1.012000000000000096e-03 -8.529369999999999452e-01 5.219829999999999748e-01 -5.667000000000000162e-03
1.200000000000000000e+01 2.500000000000000000e+01 1.000000000000000000e+00 0.000000000000000000e+00 1.600000000000000089e+00 2.795000000000000175e-03 4.634000000000000098e-03 -9.999850000000000128e-01 -5.249620000000000397e-01 -8.511079999999999757e-01 -5.411000000000000011e-03 -8.511210000000000164e-01 5.249700000000000477e-01 5.300000000000000078e-05
3.000000000000000000e+00 1.500000000000000000e+01 4.000000000000000000e+00 0.000000000000000000e+00 1.600000000000000089e+00 2.703999999999999806e-03 4.262000000000000163e-03 9.999869999999999592e-01 3.073299999999999921e-01 -9.515970000000000262e-01 3.223999999999999869e-03 9.515989999999999727e-01 3.073179999999999801e-01 -3.882000000000000034e-03
1.300000000000000000e+01 1.500000000000000000e+01 4.000000000000000000e+00 0.000000000000000000e+00 1.600000000000000089e+00 -8.123999999999999277e-03 -3.353000000000000078e-03 9.999609999999999888e-01 2.994569999999999732e-01 -9.541089999999999849e-01 -7.659999999999999708e-04 9.540750000000000064e-01 2.994390000000000107e-01 8.755000000000000629e-03
1.700000000000000000e+01 1.500000000000000000e+01 4.000000000000000000e+00 0.000000000000000000e+00 1.600000000000000089e+00 -5.112000000000000224e-03 -2.716999999999999797e-03 9.999829999999999552e-01 2.966289999999999760e-01 -9.549919999999999520e-01 -1.079000000000000098e-03 9.549790000000000223e-01 2.966190000000000215e-01 5.688000000000000347e-03
2.900000000000000000e+01 1.500000000000000000e+01 4.000000000000000000e+00 0.000000000000000000e+00 1.600000000000000089e+00 2.376000000000000074e-03 1.274300000000000085e-02 9.999160000000000270e-01 2.963669999999999916e-01 -9.550049999999999928e-01 1.146600000000000050e-02 9.550710000000000033e-01 2.963149999999999951e-01 -6.046000000000000159e-03
2.400000000000000000e+01 1.600000000000000000e+01 4.000000000000000000e+00 0.000000000000000000e+00 1.600000000000000089e+00 -2.709999999999999735e-04 1.002399999999999992e-02 9.999500000000000055e-01 3.700450000000000128e-01 -9.289659999999999584e-01 9.412000000000000227e-03 9.290140000000000065e-01 3.700289999999999968e-01 -3.458000000000000136e-03
1.600000000000000000e+01 1.010000000000000000e+02 7.000000000000000000e+00 0.000000000000000000e+00 1.600000000000000089e+00 -3.620000000000000171e-04 1.500699999999999951e-02 9.998869999999999703e-01 8.844929999999999737e-01 4.665059999999999762e-01 -6.681999999999999572e-03 -4.665540000000000243e-01 8.843910000000000382e-01 -1.344300000000000009e-02
2.200000000000000000e+01 1.010000000000000000e+02 7.000000000000000000e+00 0.000000000000000000e+00 1.600000000000000089e+00 -8.980000000000000352e-04 1.093599999999999954e-02 9.999400000000000510e-01 8.837789999999999813e-01 4.678849999999999953e-01 -4.322999999999999586e-03 -4.679039999999999866e-01 8.837220000000000075e-01 -1.008500000000000021e-02
2.700000000000000000e+01 1.010000000000000000e+02 7.000000000000000000e+00 0.000000000000000000e+00 1.600000000000000089e+00 2.520999999999999804e-03 -2.841999999999999908e-03 9.999930000000000208e-01 8.825960000000000472e-01 4.701319999999999943e-01 -8.890000000000000333e-04 -4.701259999999999883e-01 8.825920000000000432e-01 3.693999999999999801e-03
2.000000000000000000e+00 2.500000000000000000e+01 8.000000000000000000e+00 0.000000000000000000e+00 1.600000000000000089e+00 -2.435000000000000098e-03 8.120000000000000048e-04 -9.999970000000000248e-01 4.476470000000000171e-01 8.942099999999999493e-01 -3.640000000000000115e-04 8.942069999999999741e-01 -4.476470000000000171e-01 -2.540999999999999856e-03
5.000000000000000000e+00 2.500000000000000000e+01 8.000000000000000000e+00 0.000000000000000000e+00 1.600000000000000089e+00 -3.494999999999999843e-03 -3.340000000000000087e-03 -9.999879999999999880e-01 4.485890000000000155e-01 8.937270000000000492e-01 -4.552999999999999756e-03 8.937319999999999709e-01 -4.485990000000000255e-01 -1.626000000000000058e-03
6.000000000000000000e+00 2.400000000000000000e+01 9.000000000000000000e+00 0.000000000000000000e+00 1.600000000000000089e+00 -3.122000000000000209e-03 -1.119999999999999902e-03 -9.999949999999999672e-01 4.509050000000000002e-01 8.925689999999999458e-01 -2.406999999999999851e-03 8.925669999999999993e-01 -4.509099999999999775e-01 -2.281000000000000041e-03
1.000000000000000000e+01 2.400000000000000000e+01 9.000000000000000000e+00 0.000000000000000000e+00 1.600000000000000089e+00 -2.187000000000000142e-03 -6.696999999999999828e-03 -9.999749999999999472e-01 4.519960000000000089e-01 8.919930000000000359e-01 -6.962000000000000306e-03 8.920169999999999488e-01 -4.520000000000000129e-01 1.075999999999999917e-03
1.300000000000000000e+01 2.400000000000000000e+01 9.000000000000000000e+00 0.000000000000000000e+00 1.600000000000000089e+00 -2.628000000000000128e-03 -5.917999999999999650e-03 -9.999789999999999512e-01 4.524599999999999733e-01 8.917610000000000259e-01 -6.466999999999999658e-03 8.917810000000000459e-01 -4.524679999999999813e-01 3.339999999999999870e-04
1.900000000000000000e+01 2.400000000000000000e+01 9.000000000000000000e+00 0.000000000000000000e+00 1.600000000000000089e+00 -1.268000000000000030e-03 -1.098999999999999934e-03 -9.999989999999999712e-01 4.533110000000000195e-01 8.913510000000000044e-01 -1.554000000000000043e-03 8.913510000000000044e-01 -4.533130000000000215e-01 -6.319999999999999663e-04
2.800000000000000000e+01 2.400000000000000000e+01 9.000000000000000000e+00 0.000000000000000000e+00 1.600000000000000089e+00 -6.369999999999999794e-04 -4.765000000000000138e-03 -9.999879999999999880e-01 4.536930000000000129e-01 8.911459999999999937e-01 -4.536000000000000101e-03 8.911580000000000057e-01 -4.536910000000000109e-01 1.595000000000000064e-03
2.000000000000000000e+01 3.100000000000000000e+01 1.200000000000000000e+01 0.000000000000000000e+00 1.600000000000000089e+00 1.366999999999999943e-03 -2.069999999999999792e-03 9.999970000000000248e-01 4.590000000000000330e-03 9.999869999999999592e-01 2.063000000000000164e-03 -9.999890000000000168e-01 4.586999999999999932e-03 1.376999999999999969e-03
7.000000000000000000e+00 3.200000000000000000e+01 1.400000000000000000e+01 0.000000000000000000e+00 1.600000000000000089e+00 3.130000000000000187e-04 5.630000000000000239e-04 -1.000000000000000000e+00 1.062530000000000002e-01 9.943389999999999729e-01 5.929999999999999941e-04 9.943389999999999729e-01 -1.062530000000000002e-01 2.509999999999999753e-04
3.000000000000000000e+01 3.200000000000000000e+01 1.400000000000000000e+01 0.000000000000000000e+00 1.600000000000000089e+00 6.629999999999999609e-04 -1.665000000000000030e-03 -9.999980000000000535e-01 9.826500000000000512e-02 9.951590000000000158e-01 -1.592000000000000099e-03 9.951600000000000446e-01 -9.826400000000000412e-02 8.239999999999999712e-04
1.400000000000000000e+01 1.200000000000000000e+01 1.500000000000000000e+01 0.000000000000000000e+00 1.600000000000000089e+00 2.732000000000000053e-03 4.435999999999999839e-03 -9.999860000000000415e-01 -4.695750000000000202e-01 -8.828770000000000229e-01 -5.198999999999999629e-03 -8.828890000000000349e-01 4.695819999999999994e-01 -3.289999999999999739e-04
2.100000000000000000e+01 1.200000000000000000e+01 1.500000000000000000e+01 0.000000000000000000e+00 1.600000000000000089e+00 4.622000000000000240e-03 4.290999999999999676e-03 -9.999799999999999800e-01 -4.695139999999999869e-01 -8.829050000000000509e-01 -5.957999999999999755e-03 -8.829129999999999479e-01 4.695320000000000049e-01 -2.066000000000000128e-03
2.600000000000000000e+01 1.200000000000000000e+01 1.500000000000000000e+01 0.000000000000000000e+00 1.600000000000000089e+00 3.209999999999999963e-04 3.161999999999999880e-03 -9.999949999999999672e-01 -4.705269999999999730e-01 -8.823809999999999709e-01 -2.942000000000000171e-03 -8.823849999999999749e-01 4.705259999999999998e-01 1.203999999999999992e-03
1.000000000000000000e+01 1.100000000000000000e+01 1.600000000000000000e+01 0.000000000000000000e+00 1.600000000000000089e+00 1.028000000000000051e-03 8.499999999999999526e-04 -9.999989999999999712e-01 -4.169689999999999785e-01 -9.089199999999999502e-01 -1.201000000000000028e-03 -9.089199999999999502e-01 4.169700000000000073e-01 -5.800000000000000034e-04
2.200000000000000000e+01 1.100000000000000000e+01 1.600000000000000000e+01 0.000000000000000000e+00 1.600000000000000089e+00 3.627000000000000016e-03 4.536000000000000101e-03 -9.999829999999999552e-01 -4.173490000000000255e-01 -9.087290000000000090e-01 -5.636000000000000384e-03 -9.087389999999999635e-01 4.173620000000000108e-01 -1.402999999999999950e-03
3.000000000000000000e+00 1.160000000000000000e+02 1.600000000000000000e+01 0.000000000000000000e+00 1.600000000000000089e+00 1.971999999999999795e-03 1.010000000000000047e-03 9.999980000000000535e-01 6.902869999999999839e-01 7.235319999999999530e-01 -2.092000000000000109e-03 -7.235329999999999817e-01 6.902899999999999592e-01 7.299999999999999632e-04
8.000000000000000000e+00 1.160000000000000000e+02 1.600000000000000000e+01 0.000000000000000000e+00 1.600000000000000089e+00 -1.749999999999999982e-04 1.732999999999999948e-03 9.999980000000000535e-01 6.958990000000000453e-01 7.181389999999999718e-01 -1.123000000000000083e-03 -7.181389999999999718e-01 6.958980000000000166e-01 -1.330999999999999935e-03
1.300000000000000000e+01 1.160000000000000000e+02 1.600000000000000000e+01 0.000000000000000000e+00 1.600000000000000089e+00 1.598999999999999944e-03 -1.595000000000000064e-03 9.999970000000000248e-01 6.769060000000000077e-01 7.360689999999999733e-01 9.100000000000000287e-05 -7.360670000000000268e-01 6.769039999999999502e-01 2.256999999999999892e-03
2.100000000000000000e+01 1.160000000000000000e+02 1.600000000000000000e+01 0.000000000000000000e+00 1.600000000000000089e+00 -5.820000000000000520e-04 2.590999999999999987e-03 9.999959999999999960e-01 7.150729999999999587e-01 6.990480000000000027e-01 -1.394999999999999973e-03 -6.990499999999999492e-01 7.150699999999999834e-01 -2.259000000000000157e-03
3.000000000000000000e+00 2.000000000000000000e+00 1.900000000000000000e+01 0.000000000000000000e+00 1.600000000000000089e+00 -1.704000000000000003e-03 -1.343000000000000010e-03 -9.999980000000000535e-01 1.956219999999999903e-01 -9.806789999999999674e-01 9.829999999999999329e-04 -9.806780000000000497e-01 -1.956199999999999883e-01 1.933999999999999955e-03
9.000000000000000000e+00 2.000000000000000000e+00 1.900000000000000000e+01 0.000000000000000000e+00 1.600000000000000089e+00 4.180000000000000230e-04 -5.151000000000000197e-03 -9.999869999999999592e-01 1.935060000000000113e-01 -9.810860000000000136e-01 5.134999999999999808e-03 -9.810990000000000544e-01 -1.935060000000000113e-01 5.869999999999999567e-04
1.400000000000000000e+01 2.000000000000000000e+00 1.900000000000000000e+01 0.000000000000000000e+00 1.600000000000000089e+00 5.360000000000000181e-04 -5.000000000000000240e-05 -1.000000000000000000e+00 1.966539999999999955e-01 -9.804730000000000389e-01 1.540000000000000028e-04 -9.804730000000000389e-01 -1.966539999999999955e-01 -5.159999999999999656e-04
2.200000000000000000e+01 2.000000000000000000e+00 1.900000000000000000e+01 0.000000000000000000e+00 1.600000000000000089e+00 2.782000000000000185e-03 5.662999999999999631e-03 -9.999799999999999800e-01 1.915530000000000010e-01 -9.814690000000000358e-01 -5.024999999999999953e-03 -9.814779999999999616e-01 -1.915350000000000108e-01 -3.815999999999999948e-03
2.600000000000000000e+01 2.000000000000000000e+00 1.900000000000000000e+01 0.000000000000000000e+00 1.600000000000000089e+00 1.951000000000000043e-03 -1.278999999999999972e-03 -9.999970000000000248e-01 1.887109999999999899e-01 -9.820309999999999873e-01 1.624000000000000010e-03 -9.820309999999999873e-01 -1.887139999999999929e-01 -1.673999999999999924e-03
3.000000000000000000e+01 2.000000000000000000e+00 1.900000000000000000e+01 0.000000000000000000e+00 1.600000000000000089e+00 -1.618000000000000081e-03 -7.820000000000000345e-04 -9.999980000000000535e-01 1.876649999999999985e-01 -9.822330000000000227e-01 4.640000000000000027e-04 -9.822319999999999940e-01 -1.876639999999999975e-01 1.735999999999999913e-03
2.000000000000000000e+00 4.000000000000000000e+00 2.000000000000000000e+01 0.000000000000000000e+00 1.600000000000000089e+00 -5.598999999999999810e-03 -3.815999999999999948e-03 -9.999770000000000048e-01 2.891389999999999794e-01 -9.572850000000000525e-01 2.033999999999999784e-03 -9.572709999999999830e-01 -2.891210000000000169e-01 6.462999999999999995e-03
6.000000000000000000e+00 4.000000000000000000e+00 2.000000000000000000e+01 0.000000000000000000e+00 1.600000000000000089e+00 -4.629999999999999784e-04 -3.446999999999999977e-03 -9.999940000000000495e-01 2.871449999999999836e-01 -9.578820000000000112e-01 3.168999999999999942e-03 -9.578870000000000440e-01 -2.871420000000000083e-01 1.433000000000000029e-03
1.200000000000000000e+01 4.000000000000000000e+00 2.000000000000000000e+01 0.000000000000000000e+00 1.600000000000000089e+00 7.889999999999999878e-04 -2.560000000000000209e-03 -9.999959999999999960e-01 2.929640000000000022e-01 -9.561199999999999699e-01 2.678999999999999958e-03 -9.561229999999999452e-01 -2.929649999999999754e-01 -5.000000000000000409e-06
1.800000000000000000e+01 4.000000000000000000e+00 2.000000000000000000e+01 0.000000000000000000e+00 1.600000000000000089e+00 1.250999999999999942e-03 8.311999999999999944e-03 -9.999649999999999928e-01 2.929140000000000077e-01 -9.561089999999999867e-01 -7.581000000000000065e-03 -9.561380000000000434e-01 -2.928939999999999877e-01 -3.631000000000000113e-03
2.800000000000000000e+01 4.000000000000000000e+00 2.000000000000000000e+01 0.000000000000000000e+00 1.600000000000000089e+00 1.877999999999999895e-03 -1.152000000000000029e-03 -9.999980000000000535e-01 2.830820000000000003e-01 -9.590940000000000021e-01 1.637000000000000000e-03 -9.590940000000000021e-01 -2.830840000000000023e-01 -1.474000000000000050e-03
5.000000000000000000e+00 1.300000000000000000e+01 2.000000000000000000e+01 0.000000000000000000e+00 1.600000000000000089e+00 2.010000000000000068e-04 -1.740000000000000010e-04 1.000000000000000000e+00 2.567099999999999937e-01 9.664890000000000425e-01 1.160000000000000007e-04 -9.664890000000000425e-01 2.567099999999999937e-01 2.390000000000000089e-04
7.000000000000000000e+00 1.300000000000000000e+01 2.000000000000000000e+01 0.000000000000000000e+00 1.600000000000000089e+00 4.760000000000000234e-04 1.410000000000000120e-04 1.000000000000000000e+00 2.561490000000000156e-01 9.666369999999999685e-01 -2.579999999999999828e-04 -9.666369999999999685e-01 2.561490000000000156e-01 4.240000000000000062e-04
1.200000000000000000e+01 1.300000000000000000e+01 2.000000000000000000e+01 0.000000000000000000e+00 1.600000000000000089e+00 1.608000000000000054e-03 1.190000000000000085e-03 9.999980000000000535e-01 2.555509999999999726e-01 9.667940000000000422e-01 -1.562000000000000020e-03 -9.667940000000000422e-01 2.555529999999999746e-01 1.250000000000000026e-03
1.800000000000000000e+01 1.300000000000000000e+01 2.000000000000000000e+01 0.000000000000000000e+00 1.600000000000000089e+00 9.030000000000000483e-04 7.900000000000000121e-04 9.999989999999999712e-01 2.544950000000000268e-01 9.670729999999999604e-01 -9.929999999999999591e-04 -9.670739999999999892e-01 2.544960000000000000e-01 6.719999999999999628e-04
2.300000000000000000e+01 1.300000000000000000e+01 2.000000000000000000e+01 0.000000000000000000e+00 1.600000000000000089e+00 1.147999999999999932e-03 -3.697999999999999898e-03 9.999919999999999920e-01 2.552249999999999797e-01 9.668759999999999577e-01 3.282000000000000195e-03 -9.668809999999999905e-01 2.552200000000000024e-01 2.053999999999999836e-03
2.800000000000000000e+01 1.300000000000000000e+01 2.000000000000000000e+01 0.000000000000000000e+00 1.600000000000000089e+00 -1.430000000000000064e-03 7.479999999999999670e-04 9.999989999999999712e-01 2.559759999999999813e-01 9.666829999999999590e-01 -3.570000000000000040e-04 -9.666820000000000412e-01 2.559750000000000081e-01 -1.572999999999999962e-03
1.200000000000000000e+01 1.600000000000000000e+01 2.100000000000000000e+01 0.000000000000000000e+00 1.600000000000000089e+00 1.371000000000000040e-03 1.510999999999999973e-03 9.999980000000000535e-01 2.994890000000000052e-01 9.540980000000000016e-01 -1.851999999999999914e-03 -9.540990000000000304e-01 2.994910000000000072e-01 8.549999999999999658e-04
1.500000000000000000e+01 1.600000000000000000e+01 2.100000000000000000e+01 0.000000000000000000e+00 1.600000000000000089e+00 3.699999999999999947e-04 5.209000000000000088e-03 9.999860000000000415e-01 2.988430000000000253e-01 9.542890000000000539e-01 -5.081999999999999712e-03 -9.543019999999999836e-01 2.988410000000000233e-01 -1.203999999999999992e-03
1.900000000000000000e+01 1.600000000000000000e+01 2.100000000000000000e+01 0.000000000000000000e+00 1.600000000000000089e+00 1.319000000000000077e-03 3.225000000000000002e-03 9.999940000000000495e-01 2.974649999999999794e-01 9.547259999999999636e-01 -3.471999999999999826e-03 -9.547320000000000251e-01 2.974680000000000102e-01 2.999999999999999737e-04
2.700000000000000000e+01 1.600000000000000000e+01 2.100000000000000000e+01 0.000000000000000000e+00 1.600000000000000089e+00 -1.343000000000000010e-03 -2.838999999999999944e-03 9.999949999999999672e-01 2.974200000000000177e-01 9.547419999999999796e-01 3.109999999999999917e-03 -9.547459999999999836e-01 2.974220000000000197e-01 -4.380000000000000213e-04
4.000000000000000000e+00 3.000000000000000000e+00 2.500000000000000000e+01 0.000000000000000000e+00 1.600000000000000089e+00 1.172999999999999998e-03 -6.701000000000000359e-03 9.999770000000000048e-01 -5.558600000000000346e-02 -9.984319999999999862e-01 -6.625999999999999945e-03 9.984530000000000349e-01 -5.557700000000000140e-02 -1.544000000000000017e-03
1.600000000000000000e+01 3.000000000000000000e+00 2.500000000000000000e+01 0.000000000000000000e+00 1.600000000000000089e+00 -2.284000000000000006e-03 3.778000000000000108e-03 9.999900000000000455e-01 -6.289500000000000646e-02 -9.980139999999999567e-01 3.627000000000000016e-03 9.980179999999999607e-01 -6.288599999999999746e-02 2.517000000000000140e-03
2.600000000000000000e+01 3.000000000000000000e+00 2.500000000000000000e+01 0.000000000000000000e+00 1.600000000000000089e+00 -4.580000000000000195e-04 -1.293000000000000095e-03 9.999989999999999712e-01 -4.426999999999999685e-02 -9.990189999999999904e-01 -1.312000000000000015e-03 9.990200000000000191e-01 -4.427099999999999785e-02 4.009999999999999893e-04
3.000000000000000000e+01 3.000000000000000000e+00 2.500000000000000000e+01 0.000000000000000000e+00 1.600000000000000089e+00 -4.169999999999999987e-04 -4.779000000000000262e-03 9.999879999999999880e-01 -4.427600000000000285e-02 -9.990080000000000071e-01 -4.793000000000000385e-03 9.990189999999999904e-01 -4.427699999999999692e-02 2.049999999999999956e-04
1.000000000000000000e+00 4.600000000000000000e+01 2.700000000000000000e+01 0.000000000000000000e+00 1.600000000000000089e+00 3.782000000000000205e-03 -1.210000000000000002e-04 -9.999930000000000208e-01 6.464429999999999898e-01 7.629590000000000538e-01 2.353000000000000057e-03 7.629529999999999923e-01 -6.464469999999999938e-01 2.964000000000000055e-03
1.100000000000000000e+01 4.600000000000000000e+01 2.700000000000000000e+01 0.000000000000000000e+00 1.600000000000000089e+00 -1.131000000000000061e-03 2.354000000000000190e-03 -9.999970000000000248e-01 6.550080000000000346e-01 7.556209999999999871e-01 1.038000000000000077e-03 7.556209999999999871e-01 -6.550049999999999484e-01 -2.396999999999999825e-03
2.500000000000000000e+01 4.600000000000000000e+01 2.700000000000000000e+01 0.000000000000000000e+00 1.600000000000000089e+00 2.690999999999999816e-03 2.451000000000000054e-03 -9.999930000000000208e-01 6.593050000000000299e-01 7.518669999999999520e-01 3.616999999999999989e-03 7.518700000000000383e-01 -6.593109999999999804e-01 4.070000000000000267e-04
2.900000000000000000e+01 4.600000000000000000e+01 2.700000000000000000e+01 0.000000000000000000e+00 1.600000000000000089e+00 3.600000000000000227e-04 1.242000000000000048e-03 -9.999989999999999712e-01 6.634160000000000057e-01 7.482499999999999707e-01 1.167999999999999984e-03 7.482509999999999994e-01 -6.634160000000000057e-01 -5.550000000000000462e-04
4.000000000000000000e+00 4.600000000000000000e+01 3.000000000000000000e+01 0.000000000000000000e+00 1.600000000000000089e+00 1.520000000000000084e-03 1.755999999999999965e-03 -9.999970000000000248e-01 3.245629999999999904e-01 9.458619999999999806e-01 2.154000000000000099e-03 9.458630000000000093e-01 -3.245649999999999924e-01 8.679999999999999565e-04
7.000000000000000000e+00 5.800000000000000000e+01 3.100000000000000000e+01 0.000000000000000000e+00 1.600000000000000089e+00 -7.609999999999999577e-04 -1.956999999999999972e-03 9.999980000000000535e-01 -8.027220000000000466e-01 -5.963500000000000467e-01 -1.778000000000000067e-03 5.963530000000000220e-01 -8.027220000000000466e-01 -1.116999999999999937e-03
1.200000000000000000e+01 5.800000000000000000e+01 3.100000000000000000e+01 0.000000000000000000e+00 1.600000000000000089e+00 5.300000000000000078e-05 -5.081999999999999712e-03 9.999869999999999592e-01 -8.010450000000000070e-01 -5.985970000000000457e-01 -3.000000000000000062e-03 5.986050000000000537e-01 -8.010340000000000238e-01 -4.101999999999999744e-03
1.600000000000000000e+01 5.800000000000000000e+01 3.100000000000000000e+01 0.000000000000000000e+00 1.600000000000000089e+00 3.056999999999999822e-03 -3.448000000000000110e-03 9.999890000000000168e-01 -7.968520000000000048e-01 -6.041750000000000176e-01 3.530000000000000152e-04 6.041670000000000096e-01 -7.968439999999999968e-01 -4.595000000000000126e-03
2.900000000000000000e+01 5.800000000000000000e+01 3.100000000000000000e+01 0.000000000000000000e+00 1.600000000000000089e+00 -4.209999999999999875e-04 3.884999999999999998e-03 9.999919999999999920e-01 -7.929100000000000037e-01 -6.093349999999999600e-01 2.033000000000000085e-03 6.093380000000000463e-01 -7.929030000000000244e-01 3.337000000000000122e-03
1.000000000000000000e+00 6.000000000000000000e+00 3.200000000000000000e+01 0.000000000000000000e+00 1.600000000000000089e+00 1.972999999999999927e-03 4.557000000000000287e-03 -9.999879999999999880e-01 9.061700000000000310e-02 9.958749999999999547e-01 4.716999999999999839e-03 9.958839999999999915e-01 -9.062499999999999722e-02 1.551999999999999994e-03
2.000000000000000000e+01 5.900000000000000000e+01 3.200000000000000000e+01 0.000000000000000000e+00 1.600000000000000089e+00 2.308000000000000156e-03 4.948000000000000141e-03 9.999850000000000128e-01 -6.931150000000000366e-01 -7.208080000000000043e-01 5.166999999999999718e-03 7.208229999999999915e-01 -6.931169999999999831e-01 1.765999999999999992e-03
5.000000000000000000e+00 4.600000000000000000e+01 3.500000000000000000e+01 0.000000000000000000e+00 1.600000000000000089e+00 1.090000000000000067e-04 -1.994999999999999812e-03 -9.999980000000000535e-01 3.845839999999999814e-01 -9.230880000000000196e-01 1.882999999999999908e-03 -9.230899999999999661e-01 -3.845830000000000082e-01 6.660000000000000338e-04
1.000000000000000000e+01 4.600000000000000000e+01 3.500000000000000000e+01 0.000000000000000000e+00 1.600000000000000089e+00 8.429999999999999993e-04 -1.310000000000000129e-04 -1.000000000000000000e+00 3.849969999999999781e-01 -9.229180000000000161e-01 4.459999999999999989e-04 -9.229169999999999874e-01 -3.849980000000000069e-01 -7.280000000000000230e-04
1.600000000000000000e+01 4.600000000000000000e+01 3.500000000000000000e+01 0.000000000000000000e+00 1.600000000000000089e+00 -3.780000000000000265e-04 -1.691999999999999928e-03 -9.999989999999999712e-01 3.852430000000000021e-01 -9.228140000000000231e-01 1.415999999999999941e-03 -9.228150000000000519e-01 -3.852419999999999733e-01 1.000000000000000021e-03
2.000000000000000000e+01 4.600000000000000000e+01 3.500000000000000000e+01 0.000000000000000000e+00 1.600000000000000089e+00 6.149999999999999868e-04 -4.429999999999999802e-04 -1.000000000000000000e+00 3.849360000000000004e-01 -9.229429999999999579e-01 6.459999999999999814e-04 -9.229429999999999579e-01 -3.849360000000000004e-01 -3.970000000000000005e-04
2.400000000000000000e+01 4.600000000000000000e+01 3.500000000000000000e+01 0.000000000000000000e+00 1.600000000000000089e+00 -1.369999999999999961e-04 -2.049999999999999956e-04 -1.000000000000000000e+00 3.844310000000000227e-01 -9.231540000000000301e-01 1.359999999999999989e-04 -9.231540000000000301e-01 -3.844310000000000227e-01 2.059999999999999928e-04
4.000000000000000000e+00 9.500000000000000000e+01 3.600000000000000000e+01 0.000000000000000000e+00 1.600000000000000089e+00 6.415999999999999828e-03 1.064200000000000042e-02 9.999230000000000063e-01 9.975969999999999560e-01 6.891700000000000603e-02 -7.133999999999999717e-03 -6.898700000000000665e-02 9.975659999999999528e-01 -1.017400000000000075e-02
1.200000000000000000e+01 9.500000000000000000e+01 3.600000000000000000e+01 0.000000000000000000e+00 1.600000000000000089e+00 -2.357000000000000154e-03 2.057999999999999934e-03 9.999949999999999672e-01 9.967449999999999921e-01 8.058800000000000685e-02 2.183000000000000045e-03 -8.058300000000000185e-02 9.967449999999999921e-01 -2.240999999999999936e-03
1.700000000000000000e+01 9.500000000000000000e+01 3.600000000000000000e+01 0.000000000000000000e+00 1.600000000000000089e+00 -2.625999999999999862e-03 7.481999999999999935e-03 9.999689999999999968e-01 9.971929999999999961e-01 7.484599999999999587e-02 2.057999999999999934e-03 -7.482800000000000562e-02 9.971670000000000256e-01 -7.656999999999999744e-03
2.200000000000000000e+01 9.500000000000000000e+01 3.600000000000000000e+01 0.000000000000000000e+00 1.600000000000000089e+00 -3.049000000000000061e-03 1.662699999999999942e-02 9.998569999999999958e-01 9.972710000000000186e-01 7.380399999999999461e-02 1.814000000000000074e-03 -7.376399999999999624e-02 9.971339999999999648e-01 -1.680699999999999902e-02
2.700000000000000000e+01 9.500000000000000000e+01 3.600000000000000000e+01 0.000000000000000000e+00 1.600000000000000089e+00 9.641000000000000264e-03 1.375200000000000033e-02 9.998590000000000533e-01 9.967019999999999769e-01 8.043300000000000449e-02 -1.071700000000000083e-02 -8.056900000000000173e-02 9.966650000000000231e-01 -1.293200000000000079e-02
3.000000000000000000e+00 3.000000000000000000e+00 4.300000000000000000e+01 0.000000000000000000e+00 1.600000000000000089e+00 2.407999999999999984e-03 2.365000000000000088e-02 -9.997169999999999668e-01 7.391280000000000072e-01 -6.734160000000000146e-01 -1.414999999999999938e-02 -6.735600000000000476e-01 -7.388850000000000140e-01 -1.910099999999999992e-02
1.000000000000000000e+01 3.000000000000000000e+00 4.300000000000000000e+01 0.000000000000000000e+00 1.600000000000000089e+00 1.613999999999999983e-03 4.399000000000000132e-03 -9.999890000000000168e-01 7.366570000000000062e-01 -6.762639999999999763e-01 -1.786000000000000044e-03 -6.762639999999999763e-01 -7.366460000000000230e-01 -4.331999999999999913e-03
1.700000000000000000e+01 3.000000000000000000e+00 4.300000000000000000e+01 0.000000000000000000e+00 1.600000000000000089e+00 1.217999999999999899e-03 -2.151399999999999840e-02 -9.997679999999999900e-01 7.339599999999999458e-01 -6.790159999999999529e-01 1.550600000000000069e-02 -6.791920000000000179e-01 -7.338080000000000158e-01 1.496300000000000061e-02
2.500000000000000000e+01 3.000000000000000000e+00 4.300000000000000000e+01 0.000000000000000000e+00 1.600000000000000089e+00 4.402999999999999796e-03 2.825000000000000080e-02 -9.995910000000000073e-01 7.405880000000000241e-01 -6.717750000000000110e-01 -1.572399999999999839e-02 -6.719450000000000145e-01 -7.402159999999999851e-01 -2.387900000000000092e-02
6.000000000000000000e+00 8.000000000000000000e+00 4.400000000000000000e+01 0.000000000000000000e+00 1.600000000000000089e+00 1.345999999999999974e-03 2.831999999999999882e-03 9.999949999999999672e-01 -7.847969999999999668e-01 -6.197460000000000191e-01 2.811999999999999830e-03 6.197510000000000518e-01 -7.847969999999999668e-01 1.387999999999999911e-03
4.000000000000000000e+00 2.900000000000000000e+01 4.400000000000000000e+01 0.000000000000000000e+00 1.600000000000000089e+00 1.662999999999999982e-03 -3.110000000000000243e-04 -9.999989999999999712e-01 6.828330000000000233e-01 7.305739999999999457e-01 9.079999999999999530e-04 7.305730000000000279e-01 -6.828330000000000233e-01 1.427000000000000100e-03
8.000000000000000000e+00 2.900000000000000000e+01 4.400000000000000000e+01 0.000000000000000000e+00 1.600000000000000089e+00 1.335000000000000032e-03 -1.466000000000000072e-03 -9.999980000000000535e-01 6.873209999999999598e-01 7.263530000000000264e-01 -1.469999999999999953e-04 7.263519999999999976e-01 -6.873200000000000420e-01 1.977000000000000025e-03
1.200000000000000000e+01 2.900000000000000000e+01 4.400000000000000000e+01 0.000000000000000000e+00 1.600000000000000089e+00 -3.579999999999999741e-04 3.660000000000000059e-04 -1.000000000000000000e+00 6.870129999999999848e-01 7.266449999999999854e-01 2.000000000000000164e-05 7.266449999999999854e-01 -6.870129999999999848e-01 -5.109999999999999525e-04
1.800000000000000000e+01 2.900000000000000000e+01 4.400000000000000000e+01 0.000000000000000000e+00 1.600000000000000089e+00 -2.567999999999999970e-03 1.683000000000000034e-03 -9.999949999999999672e-01 6.846980000000000288e-01 7.288270000000000026e-01 -5.310000000000000050e-04 7.288229999999999986e-01 -6.846959999999999713e-01 -3.024000000000000212e-03
2.400000000000000000e+01 2.900000000000000000e+01 4.400000000000000000e+01 0.000000000000000000e+00 1.600000000000000089e+00 -2.869000000000000022e-03 3.694999999999999934e-03 -9.999890000000000168e-01 6.716699999999999893e-01 7.408500000000000085e-01 8.099999999999999561e-04 7.408439999999999470e-01 -6.716609999999999525e-01 -4.606999999999999984e-03
1.700000000000000000e+01 5.400000000000000000e+01 4.600000000000000000e+01 0.000000000000000000e+00 1.600000000000000089e+00 -2.069000000000000093e-03 1.080000000000000014e-03 9.999970000000000248e-01 3.112199999999999966e-01 -9.503359999999999586e-01 1.670999999999999959e-03 9.503359999999999586e-01 3.112230000000000274e-01 1.629999999999999939e-03
2.600000000000000000e+01 5.400000000000000000e+01 4.600000000000000000e+01 0.000000000000000000e+00 1.600000000000000089e+00 1.284999999999999901e-03 -9.362999999999999795e-03 9.999550000000000383e-01 3.075740000000000141e-01 -9.514789999999999637e-01 -9.303999999999999770e-03 9.515230000000000077e-01 3.075729999999999853e-01 1.657000000000000053e-03
1.900000000000000000e+01 6.500000000000000000e+01 4.600000000000000000e+01 0.000000000000000000e+00 1.600000000000000089e+00 1.544999999999999932e-03 -8.419999999999999750e-04 9.999980000000000535e-01 6.802359999999999518e-01 -7.329909999999999481e-01 -1.667999999999999995e-03 7.329919999999999769e-01 6.802369999999999806e-01 -5.599999999999999509e-04
1.400000000000000000e+01 7.000000000000000000e+00 5.200000000000000000e+01 0.000000000000000000e+00 1.600000000000000089e+00 -4.846999999999999746e-03 -7.797000000000000111e-03 -9.999580000000000135e-01 1.056070000000000064e-01 -9.943819999999999881e-01 7.241000000000000041e-03 -9.943959999999999466e-01 -1.055669999999999942e-01 5.643999999999999712e-03
1.600000000000000000e+01 7.000000000000000000e+00 5.200000000000000000e+01 0.000000000000000000e+00 1.600000000000000089e+00 -3.954000000000000049e-03 -4.349999999999999700e-03 -9.999829999999999552e-01 1.056689999999999990e-01 -9.943940000000000001e-01 3.908000000000000015e-03 -9.943929999999999714e-01 -1.056519999999999959e-01 4.390999999999999938e-03
8.000000000000000000e+00 6.300000000000000000e+01 5.400000000000000000e+01 0.000000000000000000e+00 1.600000000000000089e+00 1.100000000000000039e-04 -3.199000000000000021e-03 9.999949999999999672e-01 -3.502210000000000045e-01 9.366619999999999946e-01 3.034999999999999937e-03 -9.366670000000000273e-01 -3.502190000000000025e-01 -1.018000000000000025e-03
1.700000000000000000e+01 6.300000000000000000e+01 5.400000000000000000e+01 0.000000000000000000e+00 1.600000000000000089e+00 1.433999999999999945e-03 1.232999999999999938e-03 9.999980000000000535e-01 -3.592940000000000023e-01 9.332240000000000535e-01 -6.350000000000000392e-04 -9.332230000000000247e-01 -3.592929999999999735e-01 1.781000000000000031e-03
2.000000000000000000e+01 6.300000000000000000e+01 5.400000000000000000e+01 0.000000000000000000e+00 1.600000000000000089e+00 6.719999999999999628e-04 2.402000000000000055e-03 9.999970000000000248e-01 -3.608529999999999793e-01 9.326210000000000333e-01 -1.998000000000000210e-03 -9.326229999999999798e-01 -3.608500000000000041e-01 1.492999999999999969e-03
2.400000000000000000e+01 6.300000000000000000e+01 5.400000000000000000e+01 0.000000000000000000e+00 1.600000000000000089e+00 -8.600000000000000331e-05 2.314999999999999784e-03 9.999970000000000248e-01 -3.630220000000000113e-01 9.317779999999999951e-01 -2.187999999999999841e-03 -9.317809999999999704e-01 -3.630209999999999826e-01 7.600000000000000418e-04
2.900000000000000000e+01 6.300000000000000000e+01 5.400000000000000000e+01 0.000000000000000000e+00 1.600000000000000089e+00 -1.750999999999999952e-03 1.245000000000000013e-03 9.999980000000000535e-01 -3.567130000000000023e-01 9.342120000000000424e-01 -1.788000000000000093e-03 -9.342120000000000424e-01 -3.567150000000000043e-01 -1.191999999999999917e-03
2.000000000000000000e+00 2.500000000000000000e+01 5.500000000000000000e+01 0.000000000000000000e+00 1.600000000000000089e+00 1.793000000000000106e-03 -3.701999999999999996e-03 -9.999919999999999920e-01 -1.404900000000000072e-02 -9.998949999999999783e-01 3.677000000000000147e-03 -9.999000000000000110e-01 1.404200000000000066e-02 -1.843999999999999936e-03
1.100000000000000000e+01 2.500000000000000000e+01 5.500000000000000000e+01 0.000000000000000000e+00 1.600000000000000089e+00 2.790000000000000054e-04 1.492000000000000054e-03 -9.999989999999999712e-01 -1.484399999999999956e-02 -9.998890000000000278e-01 -1.495999999999999934e-03 -9.998899999999999455e-01 1.484500000000000056e-02 -2.570000000000000127e-04
2.100000000000000000e+01 2.500000000000000000e+01 5.500000000000000000e+01 0.000000000000000000e+00 1.600000000000000089e+00 -3.550000000000000096e-04 -6.199999999999999999e-04 -1.000000000000000000e+00 -1.115700000000000025e-02 -9.999379999999999935e-01 6.239999999999999887e-04 -9.999379999999999935e-01 1.115799999999999952e-02 3.480000000000000020e-04
2.500000000000000000e+01 2.500000000000000000e+01 5.500000000000000000e+01 0.000000000000000000e+00 1.600000000000000089e+00 1.269999999999999970e-04 1.859999999999999945e-04 -1.000000000000000000e+00 -1.018100000000000081e-02 -9.999479999999999480e-01 -1.869999999999999917e-04 -9.999479999999999480e-01 1.018100000000000081e-02 -1.250000000000000026e-04
2.800000000000000000e+01 2.500000000000000000e+01 5.500000000000000000e+01 0.000000000000000000e+00 1.600000000000000089e+00 6.999999999999999929e-04 -3.620000000000000171e-04 -1.000000000000000000e+00 -1.018200000000000008e-02 -9.999479999999999480e-01 3.539999999999999853e-04 -9.999479999999999480e-01 1.018100000000000081e-02 -7.039999999999999817e-04
5.000000000000000000e+00 6.800000000000000000e+01 5.700000000000000000e+01 0.000000000000000000e+00 1.600000000000000089e+00 -2.284000000000000006e-03 6.035999999999999699e-03 -9.999789999999999512e-01 -2.458720000000000072e-01 -9.692880000000000384e-01 -5.289000000000000298e-03 -9.693000000000000504e-01 2.458549999999999902e-01 3.697999999999999898e-03
1.000000000000000000e+01 6.800000000000000000e+01 5.700000000000000000e+01 0.000000000000000000e+00 1.600000000000000089e+00 -4.580000000000000195e-04 -1.203000000000000076e-03 -9.999989999999999712e-01 -2.440730000000000122e-01 -9.697559999999999514e-01 1.278999999999999972e-03 -9.697569999999999801e-01 2.440740000000000132e-01 1.510000000000000112e-04
2.600000000000000000e+01 6.800000000000000000e+01 5.700000000000000000e+01 0.000000000000000000e+00 1.600000000000000089e+00 1.376999999999999969e-03 3.327999999999999795e-03 -9.999940000000000495e-01 -2.462580000000000047e-01 -9.691980000000000040e-01 -3.565000000000000027e-03 -9.692030000000000367e-01 2.462610000000000077e-01 -5.150000000000000498e-04
1.700000000000000000e+01 2.100000000000000000e+01 6.000000000000000000e+01 0.000000000000000000e+00 1.600000000000000089e+00 -1.289999999999999914e-04 -9.719999999999999474e-03 9.999529999999999808e-01 -9.301299999999999846e-02 9.956180000000000030e-01 9.665999999999999245e-03 -9.956650000000000222e-01 -9.300799999999999346e-02 -1.031999999999999931e-03
2.000000000000000000e+01 2.100000000000000000e+01 6.000000000000000000e+01 0.000000000000000000e+00 1.600000000000000089e+00 -1.701999999999999954e-03 2.259000000000000157e-03 9.999959999999999960e-01 -9.394600000000000173e-02 9.955739999999999590e-01 -2.409000000000000117e-03 -9.955760000000000165e-01 -9.395000000000000573e-02 -1.482999999999999943e-03
2.800000000000000000e+01 2.100000000000000000e+01 6.000000000000000000e+01 0.000000000000000000e+00 1.600000000000000089e+00 5.169999999999999899e-04 7.132999999999999584e-03 9.999740000000000295e-01 -9.524699999999999833e-02 9.954290000000000083e-01 -7.050999999999999976e-03 -9.954530000000000323e-01 -9.524100000000000621e-02 1.193999999999999966e-03
2.000000000000000000e+00 2.700000000000000000e+01 6.300000000000000000e+01 0.000000000000000000e+00 1.600000000000000089e+00 -1.510000000000000112e-04 9.120000000000000502e-04 1.000000000000000000e+00 -2.782040000000000068e-01 9.605219999999999869e-01 -9.179999999999999792e-04 -9.605219999999999869e-01 -2.782040000000000068e-01 1.090000000000000067e-04
7.000000000000000000e+00 2.700000000000000000e+01 6.300000000000000000e+01 0.000000000000000000e+00 1.600000000000000089e+00 -1.975999999999999892e-03 -1.605000000000000090e-03 9.999970000000000248e-01 -2.769980000000000220e-01 9.608700000000000019e-01 9.950000000000000077e-04 -9.608680000000000554e-01 -2.769949999999999912e-01 -2.343000000000000031e-03
1.200000000000000000e+01 2.700000000000000000e+01 6.300000000000000000e+01 0.000000000000000000e+00 1.600000000000000089e+00 -9.510000000000000224e-04 -2.991000000000000169e-03 9.999949999999999672e-01 -2.776060000000000194e-01 9.606909999999999616e-01 2.609999999999999907e-03 -9.606940000000000479e-01 -2.776029999999999887e-01 -1.744000000000000107e-03
1.900000000000000000e+01 2.700000000000000000e+01 6.300000000000000000e+01 0.000000000000000000e+00 1.600000000000000089e+00 -2.158999999999999895e-03 -1.032199999999999958e-02 9.999440000000000550e-01 -2.777549999999999741e-01 9.606069999999999887e-01 9.315999999999999628e-03 -9.606500000000000039e-01 -2.777189999999999936e-01 -4.939999999999999947e-03
2.200000000000000000e+01 2.700000000000000000e+01 6.300000000000000000e+01 0.000000000000000000e+00 1.600000000000000089e+00 -1.016999999999999892e-03 -4.898999999999999709e-03 9.999869999999999592e-01 -2.770710000000000117e-01 9.608389999999999986e-01 4.426000000000000247e-03 -9.608489999999999531e-01 -2.770630000000000037e-01 -2.334999999999999836e-03
2.700000000000000000e+01 2.700000000000000000e+01 6.300000000000000000e+01 0.000000000000000000e+00 1.600000000000000089e+00 1.015999999999999976e-03 3.930000000000000333e-03 9.999919999999999920e-01 -2.793849999999999945e-01 9.601730000000000542e-01 -3.490000000000000047e-03 -9.601790000000000047e-01 -2.793789999999999885e-01 2.073999999999999889e-03
