1.100000000000000000e+01 2.500000000000000000e+01 1.000000000000000000e+00 0.000000000000000000e+00 1.600000000000000089e+00 -1.361000000000000014e-03 2.990000000000000036e-04 -9.999989999999999712e-01 -5.313250000000000473e-01 -8.471680000000000321e-01 4.699999999999999859e-04 -8.471670000000000034e-01 5.313250000000000473e-01 1.311000000000000099e-03
2.100000000000000000e+01 2.500000000000000000e+01 1.000000000000000000e+00 0.000000000000000000e+00 1.600000000000000089e+00 5.399999999999999798e-05 -7.922000000000000222e-03 -9.999689999999999968e-01 -5.280319999999999458e-01 -8.491980000000000084e-01 6.699000000000000093e-03 -8.492239999999999789e-01 5.280150000000000121e-01 -4.229000000000000120e-03
3.000000000000000000e+00 1.500000000000000000e+01 4.000000000000000000e+00 0.000000000000000000e+00 1.600000000000000089e+00 2.383000000000000135e-03 5.500999999999999814e-03 9.999820000000000375e-01 3.213179999999999925e-01 -9.469610000000000527e-01 4.442999999999999901e-03 9.469680000000000319e-01 3.213019999999999765e-01 -4.023999999999999799e-03
9.000000000000000000e+00 1.500000000000000000e+01 4.000000000000000000e+00 0.000000000000000000e+00 1.600000000000000089e+00 6.560000000000000076e-04 2.168999999999999921e-03 9.999970000000000248e-01 3.257720000000000060e-01 -9.454470000000000374e-01 1.837000000000000091e-03 9.454479999999999551e-01 3.257700000000000040e-01 -1.327000000000000055e-03
1.200000000000000000e+01 1.500000000000000000e+01 4.000000000000000000e+00 0.000000000000000000e+00 1.600000000000000089e+00 -5.800000000000000034e-04 -3.190000000000000127e-03 9.999949999999999672e-01 3.182389999999999941e-01 -9.480060000000000153e-01 -2.838999999999999944e-03 9.480100000000000193e-01 3.182360000000000189e-01 1.564999999999999985e-03
1.900000000000000000e+01 1.500000000000000000e+01 4.000000000000000000e+00 0.000000000000000000e+00 1.600000000000000089e+00 -2.203999999999999796e-03 -7.585999999999999861e-03 9.999689999999999968e-01 3.106389999999999985e-01 -9.505059999999999620e-01 -6.525999999999999683e-03 9.505249999999999533e-01 3.106149999999999745e-01 4.451000000000000095e-03
2.400000000000000000e+01 1.500000000000000000e+01 4.000000000000000000e+00 0.000000000000000000e+00 1.600000000000000089e+00 1.859999999999999945e-04 -4.272999999999999889e-03 9.999909999999999632e-01 3.138679999999999803e-01 -9.494580000000000242e-01 -4.115999999999999867e-03 9.494669999999999499e-01 3.138659999999999783e-01 1.165000000000000020e-03
5.000000000000000000e+00 2.500000000000000000e+01 8.000000000000000000e+00 0.000000000000000000e+00 1.600000000000000089e+00 -4.780000000000000178e-04 -4.924000000000000425e-03 -9.999879999999999880e-01 4.481709999999999861e-01 8.939359999999999529e-01 -4.616000000000000311e-03 8.939479999999999649e-01 -4.481680000000000108e-01 1.779999999999999898e-03
1.200000000000000000e+01 2.500000000000000000e+01 8.000000000000000000e+00 0.000000000000000000e+00 1.600000000000000089e+00 2.452999999999999885e-03 8.042999999999999802e-03 -9.999649999999999928e-01 4.480439999999999978e-01 8.939730000000000176e-01 8.288999999999999493e-03 8.940080000000000249e-01 -4.480480000000000018e-01 -1.410999999999999928e-03
1.800000000000000000e+01 2.500000000000000000e+01 8.000000000000000000e+00 0.000000000000000000e+00 1.600000000000000089e+00 -6.790000000000000245e-04 7.196000000000000139e-03 -9.999740000000000295e-01 4.450049999999999839e-01 8.955070000000000530e-01 6.141999999999999890e-03 8.955279999999999907e-01 -4.449890000000000234e-01 -3.811000000000000151e-03
2.400000000000000000e+01 2.500000000000000000e+01 8.000000000000000000e+00 0.000000000000000000e+00 1.600000000000000089e+00 1.582999999999999989e-03 5.231000000000000406e-03 -9.999850000000000128e-01 4.462940000000000240e-01 8.948700000000000543e-01 5.388000000000000428e-03 8.948850000000000415e-01 -4.462949999999999973e-01 -9.179999999999999792e-04
2.000000000000000000e+00 2.400000000000000000e+01 9.000000000000000000e+00 0.000000000000000000e+00 1.600000000000000089e+00 5.109999999999999525e-04 7.489999999999999913e-04 -1.000000000000000000e+00 4.533479999999999732e-01 8.913330000000000419e-01 8.989999999999999511e-04 8.913330000000000419e-01 -4.533490000000000020e-01 1.160000000000000007e-04
4.000000000000000000e+00 2.400000000000000000e+01 9.000000000000000000e+00 0.000000000000000000e+00 1.600000000000000089e+00 -8.399999999999999535e-05 -3.092000000000000130e-03 -9.999949999999999672e-01 4.534679999999999822e-01 8.912679999999999492e-01 -2.794000000000000043e-03 8.912729999999999819e-01 -4.534659999999999802e-01 1.327000000000000055e-03
1.200000000000000000e+01 2.400000000000000000e+01 9.000000000000000000e+00 0.000000000000000000e+00 1.600000000000000089e+00 2.886999999999999809e-03 8.883000000000000271e-03 -9.999559999999999560e-01 4.521490000000000231e-01 8.918949999999999934e-01 9.228000000000000091e-03 8.919380000000000086e-01 -4.521560000000000024e-01 -1.441999999999999922e-03
1.800000000000000000e+01 2.400000000000000000e+01 9.000000000000000000e+00 0.000000000000000000e+00 1.600000000000000089e+00 -1.000999999999999937e-03 7.719000000000000167e-03 -9.999700000000000255e-01 4.489989999999999815e-01 8.935089999999999977e-01 6.447999999999999739e-03 8.935319999999999929e-01 -4.489790000000000170e-01 -4.360000000000000160e-03
2.400000000000000000e+01 2.400000000000000000e+01 9.000000000000000000e+00 0.000000000000000000e+00 1.600000000000000089e+00 1.067999999999999939e-03 4.118000000000000133e-03 -9.999909999999999632e-01 4.509540000000000215e-01 8.925370000000000248e-01 4.157000000000000105e-03 8.925459999999999505e-01 -4.509549999999999947e-01 -9.030000000000000483e-04
9.000000000000000000e+00 4.000000000000000000e+00 1.100000000000000000e+01 0.000000000000000000e+00 1.600000000000000089e+00 8.959999999999999866e-04 9.920999999999999264e-03 -9.999500000000000055e-01 2.327440000000000064e-01 9.724880000000000191e-01 9.856999999999999443e-03 9.725380000000000136e-01 -2.327410000000000034e-01 -1.438000000000000042e-03
1.200000000000000000e+01 4.000000000000000000e+00 1.100000000000000000e+01 0.000000000000000000e+00 1.600000000000000089e+00 -5.074000000000000385e-03 -2.870699999999999988e-02 -9.995749999999999913e-01 2.368460000000000010e-01 9.711119999999999752e-01 -2.909199999999999980e-02 9.715340000000000087e-01 -2.368919999999999915e-01 1.871999999999999966e-03
2.400000000000000000e+01 5.000000000000000000e+00 1.200000000000000000e+01 0.000000000000000000e+00 1.600000000000000089e+00 1.279600000000000008e-02 -1.182099999999999956e-01 9.929059999999999553e-01 -2.325450000000000017e-01 9.654089999999999616e-01 1.179329999999999962e-01 -9.725009999999999488e-01 -2.324039999999999995e-01 -1.513600000000000015e-02
4.000000000000000000e+00 3.100000000000000000e+01 1.200000000000000000e+01 0.000000000000000000e+00 1.600000000000000089e+00 3.440000000000000132e-04 3.996000000000000420e-03 9.999919999999999920e-01 3.883999999999999866e-03 9.999839999999999840e-01 -3.996999999999999685e-03 -9.999919999999999920e-01 3.886000000000000131e-03 3.280000000000000038e-04
1.000000000000000000e+01 3.100000000000000000e+01 1.200000000000000000e+01 0.000000000000000000e+00 1.600000000000000089e+00 -6.849999999999999535e-04 1.268000000000000030e-03 9.999989999999999712e-01 6.071000000000000008e-03 9.999810000000000088e-01 -1.263000000000000017e-03 -9.999810000000000088e-01 6.069999999999999875e-03 -6.930000000000000396e-04
1.400000000000000000e+01 3.100000000000000000e+01 1.200000000000000000e+01 0.000000000000000000e+00 1.600000000000000089e+00 -3.980000000000000248e-04 4.800999999999999712e-03 9.999879999999999880e-01 6.409999999999999899e-03 9.999679999999999680e-01 -4.798000000000000181e-03 -9.999789999999999512e-01 6.407999999999999634e-03 -4.290000000000000193e-04
1.900000000000000000e+01 3.100000000000000000e+01 1.200000000000000000e+01 0.000000000000000000e+00 1.600000000000000089e+00 2.351999999999999924e-03 -7.839999999999999747e-03 9.999670000000000503e-01 4.709999999999999777e-03 9.999580000000000135e-01 7.828999999999999154e-03 -9.999860000000000415e-01 4.691999999999999990e-03 2.389000000000000064e-03
2.500000000000000000e+01 3.100000000000000000e+01 1.200000000000000000e+01 0.000000000000000000e+00 1.600000000000000089e+00 7.550000000000000287e-04 -2.239999999999999966e-04 1.000000000000000000e+00 5.100000000000000366e-04 1.000000000000000000e+00 2.239999999999999966e-04 -1.000000000000000000e+00 5.100000000000000366e-04 7.550000000000000287e-04
3.000000000000000000e+00 3.500000000000000000e+01 1.200000000000000000e+01 0.000000000000000000e+00 1.600000000000000089e+00 1.554000000000000043e-03 2.846000000000000005e-03 -9.999949999999999672e-01 5.896810000000000107e-01 -8.076349999999999918e-01 -1.381999999999999982e-03 -8.076349999999999918e-01 -5.896759999999999780e-01 -2.932999999999999843e-03
6.000000000000000000e+00 3.200000000000000000e+01 1.400000000000000000e+01 0.000000000000000000e+00 1.600000000000000089e+00 2.199999999999999943e-05 7.140000000000000079e-04 -1.000000000000000000e+00 9.870199999999999807e-02 9.951170000000000293e-01 7.129999999999999836e-04 9.951170000000000293e-01 -9.870199999999999807e-02 -4.899999999999999842e-05
2.800000000000000000e+01 3.200000000000000000e+01 1.400000000000000000e+01 0.000000000000000000e+00 1.600000000000000089e+00 -1.610000000000000103e-04 -6.840000000000000377e-04 -1.000000000000000000e+00 1.019940000000000013e-01 9.947850000000000303e-01 -6.970000000000000284e-04 9.947850000000000303e-01 -1.019940000000000013e-01 -9.000000000000000567e-05
5.000000000000000000e+00 1.200000000000000000e+01 1.500000000000000000e+01 0.000000000000000000e+00 1.600000000000000089e+00 7.069999999999999462e-04 1.917000000000000084e-03 -9.999980000000000535e-01 -4.711859999999999937e-01 -8.820320000000000382e-01 -2.024000000000000191e-03 -8.820339999999999847e-01 4.711859999999999937e-01 2.799999999999999755e-04
9.000000000000000000e+00 1.200000000000000000e+01 1.500000000000000000e+01 0.000000000000000000e+00 1.600000000000000089e+00 1.137999999999999906e-03 1.041000000000000042e-03 -9.999989999999999712e-01 -4.721380000000000021e-01 -8.815229999999999455e-01 -1.454999999999999913e-03 -8.815239999999999743e-01 4.721389999999999754e-01 -5.119999999999999768e-04
1.600000000000000000e+01 1.200000000000000000e+01 1.500000000000000000e+01 0.000000000000000000e+00 1.600000000000000089e+00 8.739999999999999939e-04 5.637999999999999783e-03 -9.999839999999999840e-01 -4.693269999999999942e-01 -8.830080000000000151e-01 -5.388000000000000428e-03 -8.830240000000000311e-01 4.693240000000000189e-01 1.874999999999999931e-03
2.200000000000000000e+01 1.200000000000000000e+01 1.500000000000000000e+01 0.000000000000000000e+00 1.600000000000000089e+00 8.909999999999999734e-04 1.843999999999999936e-03 -9.999980000000000535e-01 -4.726079999999999726e-01 -8.812699999999999978e-01 -2.046000000000000076e-03 -8.812720000000000553e-01 4.726090000000000013e-01 8.600000000000000331e-05
2.900000000000000000e+01 1.200000000000000000e+01 1.500000000000000000e+01 0.000000000000000000e+00 1.600000000000000089e+00 1.779999999999999898e-03 1.200000000000000030e-05 -9.999980000000000535e-01 -4.684490000000000043e-01 -8.834899999999999975e-01 -8.450000000000000479e-04 -8.834889999999999688e-01 4.684499999999999775e-01 -1.567000000000000033e-03
3.000000000000000000e+01 1.160000000000000000e+02 1.600000000000000000e+01 0.000000000000000000e+00 1.600000000000000089e+00 -3.615000000000000158e-03 -2.399999999999999790e-03 9.999909999999999632e-01 8.088060000000000249e-01 5.880600000000000271e-01 4.335999999999999577e-03 -5.880649999999999489e-01 8.088140000000000329e-01 -1.849999999999999973e-04
2.000000000000000000e+00 2.000000000000000000e+00 1.900000000000000000e+01 0.000000000000000000e+00 1.600000000000000089e+00 6.976999999999999695e-03 -2.231800000000000103e-02 -9.997270000000000323e-01 2.289130000000000054e-01 -9.731670000000000043e-01 2.332299999999999998e-02 -9.734220000000000095e-01 -2.290129999999999943e-01 -1.680999999999999986e-03
7.000000000000000000e+00 2.000000000000000000e+00 1.900000000000000000e+01 0.000000000000000000e+00 1.600000000000000089e+00 3.991999999999999889e-03 -1.574199999999999905e-02 -9.998679999999999790e-01 2.239180000000000059e-01 -9.744730000000000336e-01 1.623600000000000043e-02 -9.746000000000000218e-01 -2.239530000000000132e-01 -3.660000000000000059e-04
1.300000000000000000e+01 2.000000000000000000e+00 1.900000000000000000e+01 0.000000000000000000e+00 1.600000000000000089e+00 -3.043000000000000132e-03 1.458000000000000095e-03 -9.999940000000000495e-01 2.161559999999999870e-01 -9.763570000000000304e-01 -2.082000000000000083e-03 -9.763540000000000552e-01 -2.161609999999999920e-01 2.655999999999999941e-03
2.200000000000000000e+01 2.000000000000000000e+00 1.900000000000000000e+01 0.000000000000000000e+00 1.600000000000000089e+00 -8.477999999999999425e-03 4.369999999999999753e-03 -9.999550000000000383e-01 2.186220000000000108e-01 -9.757909999999999640e-01 -6.118000000000000174e-03 -9.757730000000000015e-01 -2.186639999999999973e-01 7.317999999999999852e-03
2.800000000000000000e+01 2.000000000000000000e+00 1.900000000000000000e+01 0.000000000000000000e+00 1.600000000000000089e+00 -1.332599999999999930e-02 6.059000000000000150e-03 -9.998930000000000318e-01 2.349569999999999992e-01 -9.719640000000000502e-01 -9.020999999999999505e-03 -9.719139999999999446e-01 -2.350520000000000109e-01 1.152899999999999932e-02
1.700000000000000000e+01 4.000000000000000000e+00 2.000000000000000000e+01 0.000000000000000000e+00 1.600000000000000089e+00 1.472000000000000001e-03 -2.860000000000000129e-03 -9.999949999999999672e-01 3.390850000000000253e-01 -9.407499999999999751e-01 3.188999999999999994e-03 -9.407550000000000079e-01 -3.390880000000000005e-01 -4.150000000000000043e-04
1.000000000000000000e+01 1.300000000000000000e+01 2.000000000000000000e+01 0.000000000000000000e+00 1.600000000000000089e+00 -1.379000000000000017e-03 -4.094000000000000417e-03 9.999909999999999632e-01 2.589670000000000027e-01 9.658769999999999856e-01 4.311999999999999861e-03 -9.658849999999999936e-01 2.589699999999999780e-01 -2.719999999999999979e-04
2.000000000000000000e+01 1.300000000000000000e+01 2.000000000000000000e+01 0.000000000000000000e+00 1.600000000000000089e+00 -1.528999999999999977e-03 -1.807000000000000012e-03 9.999970000000000248e-01 2.634690000000000087e-01 9.646649999999999947e-01 2.145000000000000205e-03 -9.646670000000000522e-01 2.634719999999999840e-01 -9.990000000000001049e-04
2.600000000000000000e+01 1.300000000000000000e+01 2.000000000000000000e+01 0.000000000000000000e+00 1.600000000000000089e+00 1.806000000000000097e-03 -2.066999999999999827e-03 9.999959999999999960e-01 2.637579999999999925e-01 9.645880000000000010e-01 1.518000000000000035e-03 -9.645869999999999722e-01 2.637539999999999885e-01 2.286999999999999970e-03
1.400000000000000000e+01 3.000000000000000000e+00 2.500000000000000000e+01 0.000000000000000000e+00 1.600000000000000089e+00 -2.328999999999999907e-03 -5.671999999999999958e-03 9.999810000000000088e-01 -2.012699999999999906e-02 -9.997810000000000308e-01 -5.717999999999999992e-03 9.997949999999999893e-01 -2.014000000000000165e-02 2.213999999999999822e-03
2.200000000000000000e+01 3.000000000000000000e+00 2.500000000000000000e+01 0.000000000000000000e+00 1.600000000000000089e+00 -2.768000000000000061e-03 -3.818000000000000213e-03 9.999890000000000168e-01 -2.226799999999999960e-02 -9.997449999999999948e-01 -3.877999999999999937e-03 9.997479999999999700e-01 -2.227799999999999919e-02 2.683000000000000055e-03
2.800000000000000000e+01 3.000000000000000000e+00 2.500000000000000000e+01 0.000000000000000000e+00 1.600000000000000089e+00 -4.222000000000000058e-03 2.586000000000000191e-03 9.999879999999999880e-01 -1.705500000000000071e-02 -9.998510000000000453e-01 2.514000000000000175e-03 9.998460000000000125e-01 -1.704400000000000012e-02 4.265999999999999827e-03
2.100000000000000000e+01 4.600000000000000000e+01 2.700000000000000000e+01 0.000000000000000000e+00 1.600000000000000089e+00 -3.079999999999999839e-03 1.168999999999999900e-03 -9.999949999999999672e-01 6.668530000000000291e-01 7.451879999999999615e-01 -1.182000000000000108e-03 7.451830000000000398e-01 -6.668530000000000291e-01 -3.075000000000000042e-03
6.000000000000000000e+00 4.600000000000000000e+01 3.000000000000000000e+01 0.000000000000000000e+00 1.600000000000000089e+00 2.556999999999999811e-03 2.171000000000000187e-03 -9.999940000000000495e-01 3.180350000000000121e-01 9.480750000000000011e-01 2.871999999999999987e-03 9.480750000000000011e-01 -3.180410000000000181e-01 1.734000000000000081e-03
1.500000000000000000e+01 4.600000000000000000e+01 3.000000000000000000e+01 0.000000000000000000e+00 1.600000000000000089e+00 8.180000000000000422e-04 -5.000000000000000409e-06 -1.000000000000000000e+00 3.153639999999999777e-01 9.489710000000000090e-01 2.530000000000000239e-04 9.489699999999999802e-01 -3.153639999999999777e-01 7.780000000000000457e-04
2.000000000000000000e+01 4.600000000000000000e+01 3.000000000000000000e+01 0.000000000000000000e+00 1.600000000000000089e+00 -3.024999999999999911e-03 -1.149999999999999981e-03 -9.999949999999999672e-01 3.162909999999999888e-01 9.486599999999999477e-01 -2.047999999999999907e-03 9.486580000000000013e-01 -3.162949999999999928e-01 -2.505999999999999981e-03
2.400000000000000000e+01 4.600000000000000000e+01 3.000000000000000000e+01 0.000000000000000000e+00 1.600000000000000089e+00 -2.145999999999999904e-03 3.680000000000000003e-04 -9.999980000000000535e-01 3.158050000000000024e-01 9.488240000000000007e-01 -3.289999999999999739e-04 9.488220000000000542e-01 -3.158050000000000024e-01 -2.151999999999999833e-03
5.000000000000000000e+00 5.800000000000000000e+01 3.100000000000000000e+01 0.000000000000000000e+00 1.600000000000000089e+00 -1.521000000000000000e-03 -7.068999999999999763e-03 9.999740000000000295e-01 -7.806269999999999598e-01 -6.249719999999999720e-01 -5.604999999999999739e-03 6.249949999999999672e-01 -7.806149999999999478e-01 -4.568000000000000012e-03
1.100000000000000000e+01 5.800000000000000000e+01 3.100000000000000000e+01 0.000000000000000000e+00 1.600000000000000089e+00 -2.854000000000000200e-03 -4.766000000000000271e-03 9.999850000000000128e-01 -7.832419999999999938e-01 -6.216949999999999976e-01 -5.198000000000000363e-03 6.217099999999999849e-01 -7.832449999999999690e-01 -1.958999999999999804e-03
1.900000000000000000e+01 5.800000000000000000e+01 3.100000000000000000e+01 0.000000000000000000e+00 1.600000000000000089e+00 -4.840000000000000010e-04 3.390000000000000001e-04 1.000000000000000000e+00 -7.897509999999999808e-01 -6.134269999999999445e-01 -1.740000000000000010e-04 6.134269999999999445e-01 -7.897509999999999808e-01 5.649999999999999641e-04
2.400000000000000000e+01 5.800000000000000000e+01 3.100000000000000000e+01 0.000000000000000000e+00 1.600000000000000089e+00 1.409000000000000096e-03 1.804000000000000048e-03 9.999970000000000248e-01 -7.896459999999999591e-01 -6.135580000000000478e-01 2.220000000000000185e-03 6.135610000000000230e-01 -7.896469999999999878e-01 5.599999999999999509e-04
3.000000000000000000e+00 4.600000000000000000e+01 3.500000000000000000e+01 0.000000000000000000e+00 1.600000000000000089e+00 -2.169999999999999891e-04 -2.190000000000000106e-03 -9.999980000000000535e-01 3.920020000000000171e-01 -9.199619999999999465e-01 1.928999999999999942e-03 -9.199640000000000040e-01 -3.920009999999999883e-01 1.057999999999999913e-03
7.000000000000000000e+00 4.600000000000000000e+01 3.500000000000000000e+01 0.000000000000000000e+00 1.600000000000000089e+00 7.360000000000000006e-04 -1.067000000000000023e-03 -9.999989999999999712e-01 3.915129999999999999e-01 -9.201719999999999899e-01 1.270000000000000078e-03 -9.201719999999999899e-01 -3.915129999999999999e-01 -2.599999999999999772e-04
1.700000000000000000e+01 4.600000000000000000e+01 3.500000000000000000e+01 0.000000000000000000e+00 1.600000000000000089e+00 -1.505999999999999960e-03 -4.350000000000000026e-04 -9.999989999999999712e-01 3.903340000000000143e-01 -9.206729999999999636e-01 -1.869999999999999917e-04 -9.206720000000000459e-01 -3.903340000000000143e-01 1.557000000000000007e-03
1.900000000000000000e+01 4.600000000000000000e+01 3.500000000000000000e+01 0.000000000000000000e+00 1.600000000000000089e+00 -1.378000000000000102e-03 2.528999999999999998e-03 -9.999959999999999960e-01 3.899299999999999988e-01 -9.208399999999999919e-01 -2.866000000000000058e-03 -9.208439999999999959e-01 -3.899320000000000008e-01 2.820000000000000241e-04
2.900000000000000000e+01 4.600000000000000000e+01 3.500000000000000000e+01 0.000000000000000000e+00 1.600000000000000089e+00 -4.400000000000000157e-04 4.257000000000000367e-03 -9.999909999999999632e-01 3.898760000000000003e-01 -9.208579999999999544e-01 -4.092000000000000151e-03 -9.208669999999999911e-01 -3.898739999999999983e-01 -1.255000000000000039e-03
7.000000000000000000e+00 3.000000000000000000e+00 4.300000000000000000e+01 0.000000000000000000e+00 1.600000000000000089e+00 -4.673000000000000070e-03 -6.152000000000000350e-03 -9.999700000000000255e-01 7.370560000000000445e-01 -6.758309999999999595e-01 7.140000000000000079e-04 -6.758150000000000546e-01 -7.370309999999999917e-01 7.693000000000000185e-03
1.600000000000000000e+01 3.000000000000000000e+00 4.300000000000000000e+01 0.000000000000000000e+00 1.600000000000000089e+00 -5.228000000000000008e-03 -6.491000000000000242e-03 -9.999649999999999928e-01 7.374370000000000092e-01 -6.754160000000000164e-01 5.289999999999999564e-04 -6.753959999999999964e-01 -7.374089999999999812e-01 8.318000000000000740e-03
1.700000000000000000e+01 8.000000000000000000e+00 4.400000000000000000e+01 0.000000000000000000e+00 1.600000000000000089e+00 7.529999999999999801e-04 -4.081999999999999691e-03 9.999909999999999632e-01 -7.845689999999999609e-01 -6.200390000000000068e-01 -1.941000000000000017e-03 6.200409999999999533e-01 -7.845609999999999529e-01 -3.668999999999999952e-03
5.000000000000000000e+00 2.900000000000000000e+01 4.400000000000000000e+01 0.000000000000000000e+00 1.600000000000000089e+00 1.500000000000000038e-05 1.116000000000000021e-03 -9.999989999999999712e-01 6.541989999999999750e-01 7.563220000000000498e-01 8.540000000000000499e-04 7.563220000000000498e-01 -6.541989999999999750e-01 -7.190000000000000210e-04
1.000000000000000000e+01 2.900000000000000000e+01 4.400000000000000000e+01 0.000000000000000000e+00 1.600000000000000089e+00 -1.430000000000000064e-03 1.010000000000000047e-03 -9.999989999999999712e-01 6.541690000000000005e-01 7.563480000000000203e-01 -1.720000000000000066e-04 7.563469999999999915e-01 -6.541679999999999717e-01 -1.742000000000000059e-03
1.300000000000000000e+01 2.900000000000000000e+01 4.400000000000000000e+01 0.000000000000000000e+00 1.600000000000000089e+00 3.490000000000000263e-04 1.649000000000000075e-03 -9.999989999999999712e-01 6.568150000000000377e-01 7.540499999999999980e-01 1.472999999999999917e-03 7.540510000000000268e-01 -6.568150000000000377e-01 -8.199999999999999824e-04
1.800000000000000000e+01 2.900000000000000000e+01 4.400000000000000000e+01 0.000000000000000000e+00 1.600000000000000089e+00 1.320000000000000101e-04 8.159999999999999936e-04 -1.000000000000000000e+00 6.635240000000000027e-01 7.481550000000000145e-01 6.989999999999999686e-04 7.481550000000000145e-01 -6.635229999999999739e-01 -4.429999999999999802e-04
2.300000000000000000e+01 2.900000000000000000e+01 4.400000000000000000e+01 0.000000000000000000e+00 1.600000000000000089e+00 1.013999999999999927e-03 -3.849999999999999798e-04 -9.999989999999999712e-01 6.581850000000000200e-01 7.528559999999999697e-01 3.770000000000000022e-04 7.528550000000000519e-01 -6.581850000000000200e-01 1.016999999999999892e-03
2.800000000000000000e+01 2.900000000000000000e+01 4.400000000000000000e+01 0.000000000000000000e+00 1.600000000000000089e+00 1.518000000000000035e-03 -1.732999999999999948e-03 -9.999970000000000248e-01 6.500209999999999599e-01 7.599160000000000359e-01 -3.299999999999999982e-04 7.599150000000000071e-01 -6.500190000000000135e-01 2.279000000000000210e-03
2.300000000000000000e+01 6.500000000000000000e+01 4.600000000000000000e+01 0.000000000000000000e+00 1.600000000000000089e+00 -6.009999999999999717e-04 -2.141000000000000108e-03 9.999970000000000248e-01 6.807229999999999670e-01 -7.325399999999999689e-01 -1.159000000000000091e-03 7.325409999999999977e-01 6.807199999999999918e-01 1.897999999999999948e-03
6.000000000000000000e+00 5.000000000000000000e+00 5.100000000000000000e+01 0.000000000000000000e+00 1.600000000000000089e+00 9.280000000000000054e-04 -6.100999999999999653e-03 -9.999810000000000088e-01 4.811469999999999914e-01 -8.766209999999999836e-01 5.794999999999999804e-03 -8.766399999999999748e-01 -4.811429999999999874e-01 2.122000000000000188e-03
2.100000000000000000e+01 5.000000000000000000e+00 5.100000000000000000e+01 0.000000000000000000e+00 1.600000000000000089e+00 2.820000000000000241e-04 -2.089999999999999844e-03 -9.999980000000000535e-01 4.787449999999999761e-01 -8.779519999999999547e-01 1.969999999999999963e-03 -8.779540000000000122e-01 -4.787449999999999761e-01 7.529999999999999801e-04
2.400000000000000000e+01 5.000000000000000000e+00 5.100000000000000000e+01 0.000000000000000000e+00 1.600000000000000089e+00 7.500000000000000156e-04 6.146999999999999686e-03 -9.999810000000000088e-01 4.795309999999999850e-01 -8.775100000000000122e-01 -5.034000000000000280e-03 -8.775249999999999995e-01 -4.795179999999999998e-01 -3.605999999999999830e-03
3.000000000000000000e+01 5.000000000000000000e+00 5.100000000000000000e+01 0.000000000000000000e+00 1.600000000000000089e+00 2.900000000000000017e-04 2.320000000000000014e-04 -1.000000000000000000e+00 4.727540000000000076e-01 -8.811940000000000328e-01 -6.700000000000000226e-05 -8.811940000000000328e-01 -4.727540000000000076e-01 -3.649999999999999816e-04
1.600000000000000000e+01 1.150000000000000000e+02 5.100000000000000000e+01 0.000000000000000000e+00 1.600000000000000089e+00 1.631999999999999987e-03 6.809999999999999647e-04 9.999980000000000535e-01 8.447900000000000409e-01 -5.350970000000000448e-01 -1.013999999999999927e-03 5.350960000000000161e-01 8.447900000000000409e-01 -1.448999999999999984e-03
2.400000000000000000e+01 7.000000000000000000e+00 5.200000000000000000e+01 0.000000000000000000e+00 1.600000000000000089e+00 1.054000000000000032e-03 1.920000000000000049e-03 -9.999980000000000535e-01 1.179660000000000014e-01 -9.930160000000000098e-01 -1.783000000000000080e-03 -9.930170000000000385e-01 -1.179639999999999994e-01 -1.273000000000000043e-03
2.900000000000000000e+01 7.000000000000000000e+00 5.200000000000000000e+01 0.000000000000000000e+00 1.600000000000000089e+00 -5.399999999999999798e-05 -3.959999999999999762e-04 -1.000000000000000000e+00 9.743899999999999784e-02 -9.952410000000000423e-01 3.879999999999999985e-04 -9.952419999999999600e-01 -9.743899999999999784e-02 9.200000000000000007e-05
1.000000000000000000e+00 6.300000000000000000e+01 5.400000000000000000e+01 0.000000000000000000e+00 1.600000000000000089e+00 -3.650000000000000033e-03 -6.272999999999999930e-03 9.999740000000000295e-01 -3.500780000000000003e-01 9.367090000000000138e-01 4.598999999999999790e-03 -9.367130000000000178e-01 -3.500519999999999743e-01 -5.615000000000000199e-03
6.000000000000000000e+00 6.300000000000000000e+01 5.400000000000000000e+01 0.000000000000000000e+00 1.600000000000000089e+00 -7.380000000000000492e-04 6.660000000000000338e-04 9.999989999999999712e-01 -3.447970000000000201e-01 9.386769999999999836e-01 -8.790000000000000070e-04 -9.386769999999999836e-01 -3.447979999999999934e-01 -4.629999999999999784e-04
1.200000000000000000e+01 6.300000000000000000e+01 5.400000000000000000e+01 0.000000000000000000e+00 1.600000000000000089e+00 2.990000000000000036e-04 -2.260999999999999989e-03 9.999970000000000248e-01 -3.485230000000000272e-01 9.372979999999999645e-01 2.223000000000000149e-03 -9.373000000000000220e-01 -3.485230000000000272e-01 -5.079999999999999880e-04
1.600000000000000000e+01 6.300000000000000000e+01 5.400000000000000000e+01 0.000000000000000000e+00 1.600000000000000089e+00 1.348999999999999939e-03 -8.559999999999999901e-04 9.999989999999999712e-01 -3.504410000000000025e-01 9.365839999999999721e-01 1.275000000000000092e-03 -9.365839999999999721e-01 -3.504419999999999757e-01 9.629999999999999888e-04
2.100000000000000000e+01 6.300000000000000000e+01 5.400000000000000000e+01 0.000000000000000000e+00 1.600000000000000089e+00 -8.790000000000000070e-04 -5.969999999999999829e-04 9.999989999999999712e-01 -3.450940000000000119e-01 9.385679999999999579e-01 2.570000000000000127e-04 -9.385679999999999579e-01 -3.450940000000000119e-01 -1.031000000000000015e-03
2.500000000000000000e+01 6.300000000000000000e+01 5.400000000000000000e+01 0.000000000000000000e+00 1.600000000000000089e+00 -1.098000000000000018e-03 3.449999999999999833e-04 9.999989999999999712e-01 -3.429380000000000206e-01 9.393580000000000263e-01 -7.010000000000000172e-04 -9.393580000000000263e-01 -3.429380000000000206e-01 -9.129999999999999661e-04
9.000000000000000000e+00 2.500000000000000000e+01 5.500000000000000000e+01 0.000000000000000000e+00 1.600000000000000089e+00 7.919999999999999523e-04 -1.149000000000000065e-03 -9.999989999999999712e-01 -1.267099999999999997e-02 -9.999190000000000023e-01 1.139000000000000038e-03 -9.999190000000000023e-01 1.267000000000000071e-02 -8.069999999999999916e-04
2.000000000000000000e+01 2.500000000000000000e+01 5.500000000000000000e+01 0.000000000000000000e+00 1.600000000000000089e+00 -9.870000000000000301e-04 -2.883000000000000146e-03 -9.999949999999999672e-01 -1.151399999999999993e-02 -9.999299999999999855e-01 2.893999999999999871e-03 -9.999329999999999607e-01 1.151699999999999946e-02 9.539999999999999869e-04
2.800000000000000000e+01 2.500000000000000000e+01 5.500000000000000000e+01 0.000000000000000000e+00 1.600000000000000089e+00 2.389000000000000064e-03 1.053499999999999923e-02 -9.999419999999999975e-01 -1.149999999999999981e-02 -9.998780000000000445e-01 -1.056200000000000021e-02 -9.999310000000000143e-01 1.152399999999999952e-02 -2.266999999999999918e-03
2.000000000000000000e+00 2.100000000000000000e+01 6.000000000000000000e+01 0.000000000000000000e+00 1.600000000000000089e+00 -1.900000000000000105e-04 -3.608999999999999795e-03 9.999930000000000208e-01 -9.717900000000000149e-02 9.952600000000000335e-01 3.572999999999999787e-03 -9.952670000000000128e-01 -9.717800000000000049e-02 -5.389999999999999826e-04
5.000000000000000000e+00 2.100000000000000000e+01 6.000000000000000000e+01 0.000000000000000000e+00 1.600000000000000089e+00 -8.880000000000000089e-04 -4.945999999999999876e-03 9.999869999999999592e-01 -9.611300000000000399e-02 9.953589999999999938e-01 4.838000000000000286e-03 -9.953699999999999770e-01 -9.610799999999999899e-02 -1.360000000000000098e-03
1.200000000000000000e+01 2.100000000000000000e+01 6.000000000000000000e+01 0.000000000000000000e+00 1.600000000000000089e+00 3.780000000000000265e-04 4.270000000000000249e-04 1.000000000000000000e+00 -9.450600000000000667e-02 9.955239999999999645e-01 -3.890000000000000228e-04 -9.955239999999999645e-01 -9.450600000000000667e-02 4.169999999999999987e-04
2.600000000000000000e+01 2.100000000000000000e+01 6.000000000000000000e+01 0.000000000000000000e+00 1.600000000000000089e+00 2.446999999999999956e-03 -1.640499999999999944e-02 9.998620000000000285e-01 -9.382300000000000362e-02 9.954509999999999748e-01 1.656200000000000033e-02 -9.955859999999999710e-01 -9.385000000000000286e-02 8.970000000000000109e-04
3.000000000000000000e+01 2.100000000000000000e+01 6.000000000000000000e+01 0.000000000000000000e+00 1.600000000000000089e+00 3.299999999999999982e-04 -2.088699999999999932e-02 9.997819999999999485e-01 -9.212900000000000256e-02 9.955289999999999973e-01 2.082799999999999929e-02 -9.957470000000000487e-01 -9.211600000000000343e-02 -1.595999999999999979e-03
1.200000000000000000e+01 6.700000000000000000e+01 6.000000000000000000e+01 0.000000000000000000e+00 1.600000000000000089e+00 3.330000000000000169e-04 3.219000000000000073e-03 9.999949999999999672e-01 1.781099999999999905e-01 -9.840060000000000473e-01 3.108000000000000086e-03 9.840109999999999690e-01 1.781079999999999885e-01 -9.009999999999999997e-04
1.800000000000000000e+01 6.700000000000000000e+01 6.000000000000000000e+01 0.000000000000000000e+00 1.600000000000000089e+00 1.719999999999999958e-03 2.552000000000000015e-03 9.999949999999999672e-01 1.742829999999999935e-01 -9.846930000000000405e-01 2.213000000000000123e-03 9.846939999999999582e-01 1.742779999999999885e-01 -2.138999999999999842e-03
4.000000000000000000e+00 6.000000000000000000e+00 6.100000000000000000e+01 0.000000000000000000e+00 1.600000000000000089e+00 -1.425000000000000051e-03 8.163000000000000117e-03 9.999660000000000215e-01 5.706029999999999713e-01 -8.211920000000000330e-01 7.517000000000000244e-03 8.212249999999999828e-01 5.705940000000000456e-01 -3.488000000000000215e-03
2.100000000000000000e+01 1.200000000000000000e+01 6.300000000000000000e+01 0.000000000000000000e+00 1.600000000000000089e+00 7.945000000000000673e-03 3.330000000000000169e-04 -9.999679999999999680e-01 -1.545980000000000132e-01 -9.879759999999999653e-01 -1.557999999999999923e-03 -9.879459999999999908e-01 1.546049999999999924e-01 -7.798000000000000244e-03
7.000000000000000000e+00 2.700000000000000000e+01 6.300000000000000000e+01 0.000000000000000000e+00 1.600000000000000089e+00 5.000000000000000104e-04 5.334000000000000200e-03 9.999860000000000415e-01 -2.696350000000000136e-01 9.629499999999999726e-01 -5.001000000000000237e-03 -9.629619999999999846e-01 -2.696290000000000076e-01 1.920000000000000049e-03
1.300000000000000000e+01 2.700000000000000000e+01 6.300000000000000000e+01 0.000000000000000000e+00 1.600000000000000089e+00 -6.000000000000000152e-05 -1.683000000000000034e-03 9.999989999999999712e-01 -2.723169999999999757e-01 9.622060000000000057e-01 1.603000000000000041e-03 -9.622079999999999522e-01 -2.723169999999999757e-01 -5.159999999999999656e-04
1.700000000000000000e+01 2.700000000000000000e+01 6.300000000000000000e+01 0.000000000000000000e+00 1.600000000000000089e+00 -4.979999999999999618e-04 -2.700000000000000035e-04 1.000000000000000000e+00 -2.743579999999999908e-01 9.616270000000000095e-01 1.230000000000000082e-04 -9.616270000000000095e-01 -2.743579999999999908e-01 -5.529999999999999976e-04
2.100000000000000000e+01 2.700000000000000000e+01 6.300000000000000000e+01 0.000000000000000000e+00 1.600000000000000089e+00 1.949999999999999965e-04 7.540000000000000044e-04 1.000000000000000000e+00 -2.729400000000000159e-01 9.620309999999999695e-01 -6.719999999999999628e-04 -9.620309999999999695e-01 -2.729400000000000159e-01 3.930000000000000117e-04
2.400000000000000000e+01 2.700000000000000000e+01 6.300000000000000000e+01 0.000000000000000000e+00 1.600000000000000089e+00 1.366999999999999943e-03 -1.105999999999999995e-03 9.999989999999999712e-01 -2.717209999999999903e-01 9.623749999999999805e-01 1.435999999999999993e-03 -9.623749999999999805e-01 -2.717229999999999923e-01 1.015000000000000060e-03
2.900000000000000000e+01 2.700000000000000000e+01 6.300000000000000000e+01 0.000000000000000000e+00 1.600000000000000089e+00 2.216000000000000088e-03 2.622000000000000199e-03 9.999940000000000495e-01 -2.714090000000000114e-01 9.624620000000000397e-01 -1.922000000000000097e-03 -9.624620000000000397e-01 -2.714030000000000054e-01 2.844999999999999873e-03
2.000000000000000000e+00 2.600000000000000000e+01 6.400000000000000000e+01 0.000000000000000000e+00 1.600000000000000089e+00 1.962000000000000202e-03 4.114999999999999734e-03 9.999900000000000455e-01 -3.531440000000000135e-01 9.355639999999999512e-01 -3.157000000000000084e-03 -9.355670000000000375e-01 -3.531340000000000034e-01 3.288999999999999823e-03
8.000000000000000000e+00 2.600000000000000000e+01 6.400000000000000000e+01 0.000000000000000000e+00 1.600000000000000089e+00 -3.519999999999999908e-04 5.039000000000000076e-03 9.999869999999999592e-01 -3.492219999999999769e-01 9.370270000000000543e-01 -4.845000000000000348e-03 -9.370399999999999840e-01 -3.492199999999999749e-01 1.430000000000000064e-03
1.200000000000000000e+01 2.600000000000000000e+01 6.400000000000000000e+01 0.000000000000000000e+00 1.600000000000000089e+00 7.450000000000000025e-04 5.999999999999999474e-04 1.000000000000000000e+00 -3.517640000000000211e-01 9.360889999999999489e-01 -2.999999999999999737e-04 -9.360880000000000312e-01 -3.517640000000000211e-01 9.089999999999999773e-04
1.700000000000000000e+01 2.600000000000000000e+01 6.400000000000000000e+01 0.000000000000000000e+00 1.600000000000000089e+00 -3.620000000000000171e-04 -6.250000000000000130e-04 1.000000000000000000e+00 -3.539439999999999809e-01 9.352669999999999595e-01 4.569999999999999952e-04 -9.352669999999999595e-01 -3.539430000000000076e-01 -5.599999999999999509e-04
2.100000000000000000e+01 2.600000000000000000e+01 6.400000000000000000e+01 0.000000000000000000e+00 1.600000000000000089e+00 9.899999999999999404e-05 3.379999999999999758e-04 1.000000000000000000e+00 -3.530369999999999897e-01 9.356090000000000240e-01 -2.809999999999999998e-04 -9.356090000000000240e-01 -3.530369999999999897e-01 2.120000000000000031e-04
2.500000000000000000e+01 2.600000000000000000e+01 6.400000000000000000e+01 0.000000000000000000e+00 1.600000000000000089e+00 1.869000000000000002e-03 -5.399999999999999798e-05 9.999980000000000535e-01 -3.513109999999999844e-01 9.362589999999999524e-01 7.069999999999999462e-04 -9.362570000000000059e-01 -3.513109999999999844e-01 1.730999999999999900e-03
2.900000000000000000e+01 2.600000000000000000e+01 6.400000000000000000e+01 0.000000000000000000e+00 1.600000000000000089e+00 1.729000000000000068e-03 3.484000000000000118e-03 9.999919999999999920e-01 -3.506839999999999957e-01 9.364900000000000446e-01 -2.655999999999999941e-03 -9.364919999999999911e-01 -3.506770000000000165e-01 2.841000000000000209e-03
5.000000000000000000e+00 6.900000000000000000e+01 6.600000000000000000e+01 0.000000000000000000e+00 1.600000000000000089e+00 -3.275999999999999832e-03 -1.758999999999999930e-03 9.999930000000000208e-01 -9.489640000000000297e-01 3.153739999999999877e-01 -2.553999999999999847e-03 -3.153679999999999817e-01 -9.489659999999999762e-01 -2.701999999999999975e-03
1.200000000000000000e+01 6.900000000000000000e+01 6.600000000000000000e+01 0.000000000000000000e+00 1.600000000000000089e+00 3.823000000000000009e-03 -5.046000000000000138e-03 9.999799999999999800e-01 -9.504160000000000386e-01 3.109379999999999922e-01 5.202000000000000027e-03 -3.109580000000000122e-01 -9.504169999999999563e-01 -3.606999999999999963e-03
2.300000000000000000e+01 6.900000000000000000e+01 6.600000000000000000e+01 0.000000000000000000e+00 1.600000000000000089e+00 2.789999999999999945e-03 -4.011999999999999941e-03 9.999879999999999880e-01 -9.497389999999999999e-01 3.130180000000000184e-01 3.906000000000000184e-03 -3.130299999999999749e-01 -9.497389999999999999e-01 -2.936999999999999941e-03
4.000000000000000000e+00 2.500000000000000000e+01 7.300000000000000000e+01 0.000000000000000000e+00 1.600000000000000089e+00 -2.772000000000000158e-03 -7.309999999999999658e-03 9.999689999999999968e-01 7.426479999999999748e-01 -6.696760000000000490e-01 -2.837000000000000112e-03 6.696760000000000490e-01 7.426169999999999716e-01 7.284999999999999809e-03
9.000000000000000000e+00 2.500000000000000000e+01 7.300000000000000000e+01 0.000000000000000000e+00 1.600000000000000089e+00 -9.290000000000000297e-04 -1.837000000000000091e-03 9.999980000000000535e-01 7.455730000000000413e-01 -6.664240000000000164e-01 -5.320000000000000293e-04 6.664229999999999876e-01 7.455709999999999837e-01 1.988999999999999883e-03
