2.900000000000000000e+01 2.500000000000000000e+01 1.000000000000000000e+00 0.000000000000000000e+00 1.600000000000000089e+00 -4.013000000000000074e-03 7.505999999999999651e-03 -9.999639999999999640e-01 -5.344499999999999806e-01 -8.451899999999999968e-01 -4.199999999999999740e-03 -8.451910000000000256e-01 5.344139999999999446e-01 7.403999999999999991e-03
5.000000000000000000e+00 1.500000000000000000e+01 4.000000000000000000e+00 0.000000000000000000e+00 1.600000000000000089e+00 1.842000000000000104e-03 -5.741999999999999708e-03 9.999820000000000375e-01 3.252970000000000028e-01 -9.455930000000000168e-01 -6.028999999999999637e-03 9.456099999999999506e-01 3.253019999999999801e-01 1.259999999999999998e-04
1.200000000000000000e+01 1.500000000000000000e+01 4.000000000000000000e+00 0.000000000000000000e+00 1.600000000000000089e+00 -5.987000000000000134e-03 -1.030299999999999966e-02 9.999289999999999567e-01 3.212809999999999833e-01 -9.469520000000000159e-01 -7.832999999999999685e-03 9.469649999999999457e-01 3.212110000000000243e-01 8.980000000000000135e-03
1.500000000000000000e+01 1.500000000000000000e+01 4.000000000000000000e+00 0.000000000000000000e+00 1.600000000000000089e+00 -4.255000000000000102e-03 -1.366999999999999986e-02 9.998979999999999535e-01 3.192849999999999855e-01 -9.475879999999999859e-01 -1.159600000000000040e-02 9.476489999999999636e-01 3.192030000000000145e-01 8.396999999999999950e-03
1.800000000000000000e+01 1.500000000000000000e+01 4.000000000000000000e+00 0.000000000000000000e+00 1.600000000000000089e+00 8.909999999999999734e-04 -9.391000000000000042e-03 9.999550000000000383e-01 3.202860000000000151e-01 -9.472760000000000069e-01 -9.181999999999999190e-03 9.473200000000000509e-01 3.202800000000000091e-01 2.164000000000000125e-03
2.700000000000000000e+01 1.500000000000000000e+01 4.000000000000000000e+00 0.000000000000000000e+00 1.600000000000000089e+00 -3.970999999999999704e-03 -1.475199999999999949e-02 9.998829999999999663e-01 3.266419999999999879e-01 -9.450640000000000152e-01 -1.264599999999999926e-02 9.451399999999999801e-01 3.265540000000000109e-01 8.571000000000000493e-03
6.000000000000000000e+00 1.900000000000000000e+01 5.000000000000000000e+00 0.000000000000000000e+00 1.600000000000000089e+00 -1.698000000000000074e-03 -4.841999999999999950e-03 -9.999869999999999592e-01 -6.740589999999999637e-01 -7.386620000000000408e-01 4.721000000000000370e-03 -7.386749999999999705e-01 6.740580000000000460e-01 -2.010000000000000068e-03
2.900000000000000000e+01 8.700000000000000000e+01 6.000000000000000000e+00 0.000000000000000000e+00 1.600000000000000089e+00 -6.749450000000000172e-01 -6.250820000000000265e-01 -3.920739999999999781e-01 -7.273539999999999450e-01 6.530120000000000369e-01 2.110249999999999904e-01 1.241209999999999952e-01 4.276070000000000149e-01 -8.954029999999999490e-01
9.000000000000000000e+00 1.010000000000000000e+02 7.000000000000000000e+00 0.000000000000000000e+00 1.600000000000000089e+00 -1.962999999999999901e-03 -5.208399999999999835e-02 9.986410000000000009e-01 8.809850000000000181e-01 4.724079999999999946e-01 2.637000000000000108e-02 -4.731389999999999763e-01 8.798399999999999554e-01 4.495799999999999796e-02
1.000000000000000000e+00 2.500000000000000000e+01 8.000000000000000000e+00 0.000000000000000000e+00 1.600000000000000089e+00 -2.903999999999999897e-03 -2.120500000000000163e-02 -9.997709999999999653e-01 4.552350000000000008e-01 8.901419999999999888e-01 -2.020200000000000121e-02 8.903659999999999908e-01 -4.551899999999999835e-01 7.067999999999999630e-03
5.000000000000000000e+00 2.500000000000000000e+01 8.000000000000000000e+00 0.000000000000000000e+00 1.600000000000000089e+00 -1.041999999999999958e-03 -2.190000000000000106e-04 -9.999989999999999712e-01 4.552530000000000188e-01 8.903619999999999868e-01 -6.700000000000000226e-04 8.903609999999999580e-01 -4.552539999999999920e-01 -8.279999999999999600e-04
1.400000000000000000e+01 2.500000000000000000e+01 8.000000000000000000e+00 0.000000000000000000e+00 1.600000000000000089e+00 5.039999999999999992e-04 -1.144599999999999958e-02 -9.999339999999999895e-01 4.528960000000000208e-01 8.915079999999999671e-01 -9.976000000000000492e-03 8.915629999999999944e-01 -4.528610000000000135e-01 5.632999999999999986e-03
2.200000000000000000e+01 2.500000000000000000e+01 8.000000000000000000e+00 0.000000000000000000e+00 1.600000000000000089e+00 1.569000000000000082e-03 1.099999999999999971e-05 -9.999989999999999712e-01 4.528429999999999955e-01 8.915899999999999936e-01 7.200000000000000453e-04 8.915889999999999649e-01 -4.528440000000000243e-01 1.394000000000000057e-03
2.600000000000000000e+01 2.500000000000000000e+01 8.000000000000000000e+00 0.000000000000000000e+00 1.600000000000000089e+00 1.072000000000000036e-03 4.301000000000000136e-03 -9.999900000000000455e-01 4.517109999999999737e-01 8.921540000000000026e-01 4.321000000000000188e-03 8.921639999999999571e-01 -4.517109999999999737e-01 -9.870000000000000301e-04
9.000000000000000000e+00 2.400000000000000000e+01 9.000000000000000000e+00 0.000000000000000000e+00 1.600000000000000089e+00 7.140000000000000079e-04 -3.739999999999999835e-04 -1.000000000000000000e+00 4.580500000000000127e-01 8.889259999999999939e-01 -6.000000000000000152e-06 8.889259999999999939e-01 -4.580500000000000127e-01 8.069999999999999916e-04
1.500000000000000000e+01 2.400000000000000000e+01 9.000000000000000000e+00 0.000000000000000000e+00 1.600000000000000089e+00 9.929999999999999591e-04 -6.393000000000000245e-03 -9.999789999999999512e-01 4.568710000000000271e-01 8.895180000000000309e-01 -5.232999999999999804e-03 8.895319999999999894e-01 -4.568559999999999843e-01 3.804000000000000090e-03
2.100000000000000000e+01 2.400000000000000000e+01 9.000000000000000000e+00 0.000000000000000000e+00 1.600000000000000089e+00 1.624000000000000010e-03 2.112999999999999861e-03 -9.999959999999999960e-01 4.564289999999999736e-01 8.897559999999999913e-01 2.622000000000000199e-03 8.897580000000000489e-01 -4.564320000000000044e-01 4.800000000000000122e-04
9.000000000000000000e+00 1.200000000000000000e+01 1.000000000000000000e+01 0.000000000000000000e+00 1.600000000000000089e+00 -4.360000000000000269e-04 -5.107999999999999693e-03 -9.999869999999999592e-01 -5.512559999999999683e-01 -8.343239999999999545e-01 4.501999999999999925e-03 -8.343359999999999665e-01 5.512510000000000465e-01 -2.452000000000000186e-03
1.000000000000000000e+00 3.500000000000000000e+01 1.200000000000000000e+01 0.000000000000000000e+00 1.600000000000000089e+00 6.189999999999999756e-04 -2.269000000000000183e-03 -9.999970000000000248e-01 4.147580000000000156e-01 -9.099289999999999878e-01 2.321000000000000146e-03 -9.099319999999999631e-01 -4.147580000000000156e-01 3.780000000000000265e-04
5.000000000000000000e+00 3.500000000000000000e+01 1.200000000000000000e+01 0.000000000000000000e+00 1.600000000000000089e+00 2.484999999999999796e-03 -6.415999999999999828e-03 -9.999759999999999760e-01 3.991330000000000156e-01 -9.168669999999999876e-01 6.873999999999999902e-03 -9.168899999999999828e-01 -3.991410000000000236e-01 2.820000000000000241e-04
2.400000000000000000e+01 3.500000000000000000e+01 1.200000000000000000e+01 0.000000000000000000e+00 1.600000000000000089e+00 -6.825999999999999603e-03 7.491000000000000263e-03 -9.999489999999999768e-01 4.438770000000000215e-01 -8.960350000000000259e-01 -9.742000000000000659e-03 -8.960609999999999964e-01 -4.439210000000000100e-01 2.791000000000000078e-03
1.100000000000000000e+01 3.200000000000000000e+01 1.400000000000000000e+01 0.000000000000000000e+00 1.600000000000000089e+00 8.109999999999999805e-04 2.471999999999999805e-03 -9.999970000000000248e-01 1.054559999999999942e-01 9.944209999999999994e-01 2.543000000000000121e-03 9.944239999999999746e-01 -1.054579999999999962e-01 5.450000000000000200e-04
1.900000000000000000e+01 3.200000000000000000e+01 1.400000000000000000e+01 0.000000000000000000e+00 1.600000000000000089e+00 -3.869999999999999742e-04 -4.841999999999999950e-03 -9.999879999999999880e-01 1.055510000000000059e-01 9.944020000000000081e-01 -4.854999999999999941e-03 9.944140000000000201e-01 -1.055520000000000069e-01 1.259999999999999998e-04
6.000000000000000000e+00 1.160000000000000000e+02 1.600000000000000000e+01 0.000000000000000000e+00 1.600000000000000089e+00 -6.200000000000000270e-05 1.529999999999999893e-03 9.999989999999999712e-01 7.596939999999999804e-01 6.502799999999999692e-01 -9.479999999999999495e-04 -6.502809999999999979e-01 7.596929999999999517e-01 -1.201999999999999943e-03
1.100000000000000000e+01 1.160000000000000000e+02 1.600000000000000000e+01 0.000000000000000000e+00 1.600000000000000089e+00 -3.023000000000000079e-03 -4.440000000000000045e-04 9.999949999999999672e-01 7.668430000000000524e-01 6.418300000000000116e-01 2.602999999999999845e-03 -6.418279999999999541e-01 7.668469999999999454e-01 -1.600000000000000077e-03
1.900000000000000000e+01 1.160000000000000000e+02 1.600000000000000000e+01 0.000000000000000000e+00 1.600000000000000089e+00 -4.120999999999999663e-03 -9.412000000000000227e-03 9.999470000000000303e-01 7.598759999999999959e-01 6.500019999999999687e-01 9.249000000000000277e-03 -6.500550000000000495e-01 7.598740000000000494e-01 4.473000000000000413e-03
2.500000000000000000e+01 1.160000000000000000e+02 1.600000000000000000e+01 0.000000000000000000e+00 1.600000000000000089e+00 -2.046000000000000076e-03 -6.901000000000000016e-03 9.999740000000000295e-01 6.599519999999999831e-01 7.512790000000000301e-01 6.535000000000000010e-03 -7.513050000000000006e-01 6.599490000000000078e-01 3.017999999999999849e-03
5.000000000000000000e+00 2.000000000000000000e+00 1.900000000000000000e+01 0.000000000000000000e+00 1.600000000000000089e+00 -1.332999999999999984e-03 -1.843900000000000053e-02 -9.998289999999999678e-01 1.587850000000000095e-01 -9.871490000000000542e-01 1.799399999999999958e-02 -9.873119999999999674e-01 -1.587339999999999862e-01 4.243000000000000244e-03
1.000000000000000000e+01 2.000000000000000000e+00 1.900000000000000000e+01 0.000000000000000000e+00 1.600000000000000089e+00 1.669999999999999935e-04 -1.704000000000000003e-03 -9.999989999999999712e-01 1.532910000000000106e-01 -9.881799999999999473e-01 1.709000000000000016e-03 -9.881809999999999761e-01 -1.532910000000000106e-01 9.600000000000000243e-05
1.300000000000000000e+01 2.000000000000000000e+00 1.900000000000000000e+01 0.000000000000000000e+00 1.600000000000000089e+00 1.487999999999999956e-03 7.825000000000000358e-03 -9.999679999999999680e-01 1.520100000000000062e-01 -9.883499999999999508e-01 -7.507999999999999917e-03 -9.883779999999999788e-01 -1.519939999999999902e-01 -2.660000000000000038e-03
2.100000000000000000e+01 2.000000000000000000e+00 1.900000000000000000e+01 0.000000000000000000e+00 1.600000000000000089e+00 3.420000000000000188e-04 7.894999999999999241e-03 -9.999689999999999968e-01 1.586720000000000075e-01 -9.873009999999999842e-01 -7.740999999999999617e-03 -9.873309999999999587e-01 -1.586650000000000005e-01 -1.590999999999999966e-03
2.400000000000000000e+01 2.000000000000000000e+00 1.900000000000000000e+01 0.000000000000000000e+00 1.600000000000000089e+00 1.752000000000000085e-03 1.230499999999999997e-02 -9.999230000000000063e-01 1.592040000000000122e-01 -9.871739999999999959e-01 -1.186899999999999934e-02 -9.872440000000000104e-01 -1.591710000000000069e-01 -3.689000000000000005e-03
2.600000000000000000e+01 2.000000000000000000e+00 1.900000000000000000e+01 0.000000000000000000e+00 1.600000000000000089e+00 1.760999999999999979e-03 7.145999999999999575e-03 -9.999730000000000008e-01 1.560680000000000123e-01 -9.877230000000000176e-01 -6.784000000000000100e-03 -9.877449999999999841e-01 -1.560519999999999963e-01 -2.854999999999999899e-03
2.000000000000000000e+00 1.300000000000000000e+01 2.000000000000000000e+01 0.000000000000000000e+00 1.600000000000000089e+00 2.149999999999999947e-04 4.586999999999999932e-03 9.999890000000000168e-01 2.513619999999999743e-01 9.678830000000000489e-01 -4.492999999999999598e-03 -9.678930000000000033e-01 2.513599999999999723e-01 -9.449999999999999850e-04
1.400000000000000000e+01 1.300000000000000000e+01 2.000000000000000000e+01 0.000000000000000000e+00 1.600000000000000089e+00 1.730999999999999900e-03 -3.246000000000000187e-03 9.999930000000000208e-01 2.455489999999999895e-01 9.693800000000000194e-01 2.720999999999999894e-03 -9.693829999999999947e-01 2.455430000000000113e-01 2.475000000000000203e-03
2.300000000000000000e+01 1.300000000000000000e+01 2.000000000000000000e+01 0.000000000000000000e+00 1.600000000000000089e+00 -4.730000000000000046e-04 2.472999999999999938e-03 9.999970000000000248e-01 2.481540000000000135e-01 9.687179999999999680e-01 -2.278000000000000077e-03 -9.687200000000000255e-01 2.481520000000000115e-01 -1.072000000000000036e-03
2.900000000000000000e+01 1.300000000000000000e+01 2.000000000000000000e+01 0.000000000000000000e+00 1.600000000000000089e+00 -2.982999999999999974e-03 -6.780999999999999701e-03 9.999730000000000008e-01 2.484879999999999867e-01 9.686069999999999958e-01 7.309999999999999658e-03 -9.686299999999999910e-01 2.485030000000000017e-01 -1.203999999999999992e-03
7.000000000000000000e+00 1.600000000000000000e+01 2.100000000000000000e+01 0.000000000000000000e+00 1.600000000000000089e+00 2.184000000000000177e-03 1.098799999999999950e-02 9.999369999999999647e-01 2.989740000000000175e-01 9.541960000000000441e-01 -1.113800000000000033e-02 -9.542589999999999684e-01 2.989789999999999948e-01 -1.201000000000000028e-03
1.000000000000000000e+01 1.600000000000000000e+01 2.100000000000000000e+01 0.000000000000000000e+00 1.600000000000000089e+00 1.930999999999999991e-03 1.198300000000000060e-02 9.999259999999999815e-01 2.975090000000000234e-01 9.546430000000000193e-01 -1.201499999999999964e-02 -9.547170000000000378e-01 2.975099999999999967e-01 -1.721000000000000090e-03
2.700000000000000000e+01 1.600000000000000000e+01 2.100000000000000000e+01 0.000000000000000000e+00 1.600000000000000089e+00 -2.664999999999999834e-03 -5.394000000000000357e-03 9.999820000000000375e-01 2.972529999999999895e-01 9.547799999999999621e-01 5.942000000000000233e-03 -9.547949999999999493e-01 2.972629999999999995e-01 -9.409999999999999962e-04
1.100000000000000000e+01 3.000000000000000000e+00 2.500000000000000000e+01 0.000000000000000000e+00 1.600000000000000089e+00 -2.281000000000000041e-03 1.176899999999999995e-02 9.999280000000000390e-01 -4.172100000000000114e-02 -9.990609999999999769e-01 1.166400000000000076e-02 9.991269999999999873e-01 -4.169099999999999889e-02 2.769999999999999893e-03
1.500000000000000000e+01 4.900000000000000000e+01 2.500000000000000000e+01 0.000000000000000000e+00 1.600000000000000089e+00 8.911999999999999783e-03 7.065399999999999459e-02 9.974610000000000420e-01 6.695759999999999490e-01 7.404420000000000446e-01 -5.843099999999999683e-02 -7.426899999999999613e-01 6.683970000000000189e-01 -4.071000000000000313e-02
1.300000000000000000e+01 4.500000000000000000e+01 2.600000000000000000e+01 0.000000000000000000e+00 1.600000000000000089e+00 2.143000000000000113e-02 3.178000000000000269e-02 9.992649999999999588e-01 4.842069999999999985e-01 8.741200000000000081e-01 -3.818400000000000266e-02 -8.746909999999999963e-01 4.846699999999999897e-01 3.344000000000000184e-03
2.200000000000000000e+01 4.900000000000000000e+01 2.900000000000000000e+01 0.000000000000000000e+00 1.600000000000000089e+00 -2.605999999999999810e-03 9.773800000000000543e-02 -9.952090000000000103e-01 6.663310000000000066e-01 -7.419139999999999624e-01 -7.460700000000000665e-02 -7.456509999999999527e-01 -6.633329999999999504e-01 -6.319199999999999817e-02
1.100000000000000000e+01 5.000000000000000000e+01 3.000000000000000000e+01 0.000000000000000000e+00 1.600000000000000089e+00 -6.470399999999999763e-02 -3.589919999999999778e-01 -9.310950000000000060e-01 5.978069999999999773e-01 -7.610400000000000498e-01 2.518830000000000235e-01 -7.990239999999999565e-01 -5.403170000000000472e-01 2.638510000000000022e-01
2.300000000000000000e+01 5.000000000000000000e+01 3.000000000000000000e+01 0.000000000000000000e+00 1.600000000000000089e+00 -4.355999999999999629e-03 1.629690000000000027e-01 -9.866219999999999990e-01 6.597119999999999651e-01 -7.409970000000000168e-01 -1.253100000000000047e-01 -7.515060000000000073e-01 -6.514320000000000110e-01 -1.042850000000000027e-01
2.700000000000000000e+01 5.000000000000000000e+01 3.000000000000000000e+01 0.000000000000000000e+00 1.600000000000000089e+00 -6.825000000000000337e-03 2.276380000000000070e-01 -9.737219999999999764e-01 6.451339999999999852e-01 -7.429930000000000145e-01 -1.782209999999999905e-01 -7.640390000000000237e-01 -6.293980000000000130e-01 -1.417859999999999954e-01
2.800000000000000000e+01 5.100000000000000000e+01 3.100000000000000000e+01 0.000000000000000000e+00 1.600000000000000089e+00 -7.144000000000000176e-03 2.391010000000000080e-01 -9.709680000000000533e-01 6.295539999999999470e-01 -7.533309999999999729e-01 -1.901400000000000035e-01 -7.769239999999999480e-01 -6.126359999999999584e-01 -1.451459999999999972e-01
1.000000000000000000e+00 4.600000000000000000e+01 3.500000000000000000e+01 0.000000000000000000e+00 1.600000000000000089e+00 -4.352000000000000313e-02 -1.797479999999999911e-01 -9.827500000000000124e-01 3.329840000000000022e-01 -9.300450000000000106e-01 1.553630000000000011e-01 -9.419279999999999875e-01 -3.204790000000000139e-01 1.003280000000000005e-01
2.000000000000000000e+00 9.500000000000000000e+01 3.600000000000000000e+01 0.000000000000000000e+00 1.600000000000000089e+00 4.113000000000000336e-03 5.055999999999999731e-03 9.999789999999999512e-01 9.977399999999999602e-01 6.704100000000000337e-02 -4.441999999999999768e-03 -6.706199999999999661e-02 9.977369999999999850e-01 -4.768999999999999802e-03
7.000000000000000000e+00 9.500000000000000000e+01 3.600000000000000000e+01 0.000000000000000000e+00 1.600000000000000089e+00 9.705999999999999350e-03 5.792000000000000273e-03 9.999360000000000470e-01 9.970050000000000301e-01 7.666599999999999804e-02 -1.012200000000000079e-02 -7.671999999999999653e-02 9.970400000000000373e-01 -5.030999999999999882e-03
2.300000000000000000e+01 9.500000000000000000e+01 3.600000000000000000e+01 0.000000000000000000e+00 1.600000000000000089e+00 -1.564000000000000112e-02 -5.596899999999999792e-02 9.983100000000000307e-01 9.973919999999999453e-01 6.948899999999999522e-02 1.952200000000000116e-02 -7.046399999999999886e-02 9.960109999999999797e-01 5.473700000000000093e-02
2.800000000000000000e+01 9.500000000000000000e+01 3.600000000000000000e+01 0.000000000000000000e+00 1.600000000000000089e+00 -4.898799999999999683e-02 -3.937220000000000164e-01 9.179230000000000445e-01 9.958860000000000490e-01 5.088700000000000168e-02 7.497600000000000098e-02 -7.623000000000000609e-02 9.178199999999999692e-01 3.896089999999999831e-01
3.000000000000000000e+00 2.900000000000000000e+01 4.400000000000000000e+01 0.000000000000000000e+00 1.600000000000000089e+00 -4.187999999999999882e-03 2.599999999999999840e-05 -9.999909999999999632e-01 6.567579999999999529e-01 7.540970000000000173e-01 -2.730999999999999921e-03 7.540900000000000380e-01 -6.567629999999999857e-01 -3.176000000000000004e-03
8.000000000000000000e+00 2.900000000000000000e+01 4.400000000000000000e+01 0.000000000000000000e+00 1.600000000000000089e+00 6.080000000000000335e-04 2.233000000000000176e-03 -9.999970000000000248e-01 6.594689999999999719e-01 7.517289999999999806e-01 2.079999999999999818e-03 7.517310000000000381e-01 -6.594689999999999719e-01 -1.015000000000000060e-03
1.200000000000000000e+01 2.900000000000000000e+01 4.400000000000000000e+01 0.000000000000000000e+00 1.600000000000000089e+00 6.599999999999999964e-04 5.400000000000000069e-04 -1.000000000000000000e+00 6.576180000000000359e-01 7.533509999999999929e-01 8.400000000000000348e-04 7.533509999999999929e-01 -6.576189999999999536e-01 1.420000000000000092e-04
1.600000000000000000e+01 2.900000000000000000e+01 4.400000000000000000e+01 0.000000000000000000e+00 1.600000000000000089e+00 1.299999999999999920e-05 -1.677000000000000105e-03 -9.999989999999999712e-01 6.610070000000000112e-01 7.503790000000000182e-01 -1.250000000000000026e-03 7.503800000000000470e-01 -6.610059999999999825e-01 1.118000000000000070e-03
2.300000000000000000e+01 2.900000000000000000e+01 4.400000000000000000e+01 0.000000000000000000e+00 1.600000000000000089e+00 -8.229999999999999469e-04 1.216000000000000067e-03 -9.999989999999999712e-01 6.557680000000000176e-01 7.549620000000000219e-01 3.780000000000000265e-04 7.549620000000000219e-01 -6.557669999999999888e-01 -1.417999999999999990e-03
2.800000000000000000e+01 2.900000000000000000e+01 4.400000000000000000e+01 0.000000000000000000e+00 1.600000000000000089e+00 -3.420000000000000188e-04 -1.198999999999999979e-03 -9.999989999999999712e-01 6.535710000000000131e-01 7.568639999999999812e-01 -1.131000000000000061e-03 7.568650000000000100e-01 -6.535710000000000131e-01 5.249999999999999676e-04
9.000000000000000000e+00 6.000000000000000000e+01 4.600000000000000000e+01 0.000000000000000000e+00 1.600000000000000089e+00 -4.265419999999999767e-01 -2.650100000000000233e-01 8.647719999999999851e-01 2.091560000000000086e-01 9.012959999999999861e-01 3.793670000000000098e-01 -8.799519999999999564e-01 3.426879999999999926e-01 -3.290129999999999999e-01
2.000000000000000000e+01 6.500000000000000000e+01 4.600000000000000000e+01 0.000000000000000000e+00 1.600000000000000089e+00 1.753700000000000050e-02 1.600860000000000061e-01 9.869470000000000187e-01 6.483200000000000074e-01 -7.532830000000000359e-01 1.106649999999999995e-01 7.611660000000000093e-01 6.379169999999999563e-01 -1.169970000000000038e-01
2.100000000000000000e+01 4.900000000000000000e+01 5.000000000000000000e+01 0.000000000000000000e+00 1.600000000000000089e+00 4.083269999999999955e-01 9.238000000000000378e-02 9.081489999999999840e-01 -8.106849999999999890e-01 -4.206010000000000026e-01 4.072890000000000121e-01 4.195929999999999938e-01 -9.025300000000000544e-01 -9.685199999999999365e-02
5.000000000000000000e+00 5.000000000000000000e+00 5.100000000000000000e+01 0.000000000000000000e+00 1.600000000000000089e+00 -2.095000000000000074e-03 -4.015000000000000339e-03 -9.999900000000000455e-01 4.849040000000000017e-01 -8.745640000000000081e-01 2.494999999999999822e-03 -8.745650000000000368e-01 -4.848939999999999917e-01 3.778999999999999807e-03
1.200000000000000000e+01 5.000000000000000000e+00 5.100000000000000000e+01 0.000000000000000000e+00 1.600000000000000089e+00 3.684000000000000209e-03 3.272999999999999868e-03 -9.999879999999999880e-01 4.891730000000000245e-01 -8.721860000000000168e-01 -1.052999999999999900e-03 -8.721790000000000376e-01 -4.891630000000000145e-01 -4.813999999999999703e-03
1.600000000000000000e+01 5.000000000000000000e+00 5.100000000000000000e+01 0.000000000000000000e+00 1.600000000000000089e+00 2.592999999999999819e-03 6.408999999999999767e-03 -9.999759999999999760e-01 4.853669999999999929e-01 -8.742999999999999661e-01 -4.344999999999999904e-03 -8.743069999999999453e-01 -4.853439999999999976e-01 -5.376999999999999835e-03
1.900000000000000000e+01 5.000000000000000000e+00 5.100000000000000000e+01 0.000000000000000000e+00 1.600000000000000089e+00 -5.291999999999999829e-03 -1.497999999999999983e-03 -9.999850000000000128e-01 4.887670000000000070e-01 -8.724140000000000228e-01 -1.278999999999999972e-03 -8.723980000000000068e-01 -4.887659999999999783e-01 5.348999999999999588e-03
3.000000000000000000e+01 5.000000000000000000e+00 5.100000000000000000e+01 0.000000000000000000e+00 1.600000000000000089e+00 1.907000000000000058e-03 -3.846000000000000026e-03 -9.999909999999999632e-01 4.876489999999999991e-01 -8.730290000000000550e-01 4.288000000000000145e-03 -8.730379999999999807e-01 -4.876519999999999744e-01 2.110000000000000059e-04
2.400000000000000000e+01 5.100000000000000000e+01 5.100000000000000000e+01 0.000000000000000000e+00 1.600000000000000089e+00 4.185550000000000104e-01 9.110100000000000142e-02 9.036110000000000531e-01 -7.904290000000000482e-01 -4.534380000000000077e-01 4.118439999999999879e-01 4.472510000000000097e-01 -8.866199999999999637e-01 -1.177809999999999968e-01
7.000000000000000000e+00 1.150000000000000000e+02 5.100000000000000000e+01 0.000000000000000000e+00 1.600000000000000089e+00 1.923999999999999929e-03 7.399999999999999894e-04 9.999980000000000535e-01 8.473530000000000229e-01 -5.310289999999999733e-01 -1.237999999999999951e-03 5.310270000000000268e-01 8.473540000000000516e-01 -1.647999999999999942e-03
2.600000000000000000e+01 1.150000000000000000e+02 5.100000000000000000e+01 0.000000000000000000e+00 1.600000000000000089e+00 -1.090000000000000040e-03 2.054599999999999829e-02 9.997880000000000100e-01 8.443420000000000369e-01 -5.356720000000000370e-01 1.192799999999999937e-02 5.358030000000000292e-01 8.441760000000000375e-01 -1.676400000000000112e-02
7.000000000000000000e+00 7.000000000000000000e+00 5.200000000000000000e+01 0.000000000000000000e+00 1.600000000000000089e+00 -1.495999999999999934e-03 -5.026000000000000086e-03 -9.999860000000000415e-01 9.945900000000000574e-02 -9.950299999999999701e-01 4.852999999999999675e-03 -9.950409999999999533e-01 -9.945099999999999774e-02 1.988999999999999883e-03
2.700000000000000000e+01 7.000000000000000000e+00 5.200000000000000000e+01 0.000000000000000000e+00 1.600000000000000089e+00 9.409999999999999962e-04 -7.529000000000000102e-03 -9.999710000000000543e-01 1.092120000000000035e-01 -9.939900000000000402e-01 7.586999999999999994e-03 -9.940179999999999572e-01 -1.092159999999999936e-01 -1.129999999999999955e-04
2.100000000000000000e+01 5.000000000000000000e+01 5.200000000000000000e+01 0.000000000000000000e+00 1.600000000000000089e+00 4.348690000000000055e-01 8.923999999999999988e-02 8.960609999999999964e-01 -8.012909999999999755e-01 -4.156880000000000019e-01 4.302750000000000186e-01 4.108800000000000230e-01 -9.051179999999999781e-01 -1.092629999999999990e-01
2.300000000000000000e+01 5.100000000000000000e+01 5.200000000000000000e+01 0.000000000000000000e+00 1.600000000000000089e+00 4.304569999999999785e-01 6.213999999999999906e-03 9.025900000000000034e-01 -7.981510000000000549e-01 -4.643470000000000097e-01 3.838449999999999918e-01 4.214999999999999858e-01 -8.856309999999999460e-01 -1.949220000000000119e-01
1.800000000000000000e+01 2.500000000000000000e+01 5.500000000000000000e+01 0.000000000000000000e+00 1.600000000000000089e+00 -2.099000000000000171e-03 -2.790000000000000054e-04 -9.999980000000000535e-01 -1.369300000000000031e-02 -9.999059999999999615e-01 3.069999999999999812e-04 -9.999040000000000150e-01 1.369300000000000031e-02 2.095000000000000074e-03
2.400000000000000000e+01 2.500000000000000000e+01 5.500000000000000000e+01 0.000000000000000000e+00 1.600000000000000089e+00 -6.390000000000000280e-04 4.679999999999999915e-04 -1.000000000000000000e+00 -1.043299999999999957e-02 -9.999449999999999728e-01 -4.609999999999999840e-04 -9.999449999999999728e-01 1.043299999999999957e-02 6.440000000000000412e-04
2.000000000000000000e+01 6.000000000000000000e+01 5.500000000000000000e+01 0.000000000000000000e+00 1.600000000000000089e+00 -4.557699999999999946e-02 -9.222500000000000142e-02 9.946949999999999958e-01 -3.076800000000000021e-02 9.953870000000000218e-01 9.087900000000000145e-02 -9.984870000000000134e-01 -2.646300000000000041e-02 -4.820399999999999685e-02
2.400000000000000000e+01 6.000000000000000000e+01 5.500000000000000000e+01 0.000000000000000000e+00 1.600000000000000089e+00 -2.063800000000000009e-02 -1.025719999999999965e-01 9.945110000000000339e-01 8.136899999999999689e-02 9.912509999999999932e-01 1.039240000000000025e-01 -9.964699999999999669e-01 8.306700000000000195e-02 -1.211100000000000024e-02
2.000000000000000000e+01 5.100000000000000000e+01 5.600000000000000000e+01 0.000000000000000000e+00 1.600000000000000089e+00 4.191079999999999806e-01 -1.610260000000000025e-01 8.935429999999999762e-01 -8.833710000000000173e-01 -2.997000000000000219e-01 3.603279999999999816e-01 2.097729999999999873e-01 -9.403460000000000152e-01 -2.678530000000000078e-01
1.000000000000000000e+00 6.800000000000000000e+01 5.700000000000000000e+01 0.000000000000000000e+00 1.600000000000000089e+00 1.820000000000000057e-04 1.255000000000000039e-03 -9.999989999999999712e-01 -2.399070000000000091e-01 -9.707949999999999635e-01 -1.262000000000000101e-03 -9.707959999999999923e-01 2.399070000000000091e-01 1.250000000000000026e-04
6.000000000000000000e+00 6.800000000000000000e+01 5.700000000000000000e+01 0.000000000000000000e+00 1.600000000000000089e+00 -4.865000000000000401e-03 1.000700000000000027e-02 -9.999379999999999935e-01 -2.359499999999999931e-01 -9.717270000000000074e-01 -8.576999999999999555e-03 -9.717529999999999779e-01 2.358929999999999916e-01 7.088999999999999815e-03
2.700000000000000000e+01 6.800000000000000000e+01 5.700000000000000000e+01 0.000000000000000000e+00 1.600000000000000089e+00 -1.786000000000000044e-03 -4.788999999999999854e-03 -9.999869999999999592e-01 -2.491289999999999893e-01 -9.684570000000000123e-01 5.082999999999999845e-03 -9.684690000000000243e-01 2.491349999999999953e-01 5.370000000000000424e-04
8.000000000000000000e+00 2.100000000000000000e+01 6.000000000000000000e+01 0.000000000000000000e+00 1.600000000000000089e+00 -8.419999999999999750e-04 7.997000000000000636e-03 9.999679999999999680e-01 -9.614799999999999736e-02 9.953349999999999698e-01 -8.040999999999999537e-03 -9.953670000000000018e-01 -9.615200000000000136e-02 -6.999999999999999387e-05
1.300000000000000000e+01 2.100000000000000000e+01 6.000000000000000000e+01 0.000000000000000000e+00 1.600000000000000089e+00 -5.180000000000000143e-04 -1.027499999999999941e-02 9.999470000000000303e-01 -9.779100000000000292e-02 9.951550000000000118e-01 1.017599999999999928e-02 -9.952069999999999528e-01 -9.778000000000000580e-02 -1.521000000000000000e-03
2.100000000000000000e+01 2.100000000000000000e+01 6.000000000000000000e+01 0.000000000000000000e+00 1.600000000000000089e+00 -5.959999999999999586e-04 4.622000000000000240e-03 9.999890000000000168e-01 -9.721200000000000674e-02 9.952530000000000543e-01 -4.657999999999999814e-03 -9.952630000000000088e-01 -9.721399999999999486e-02 -1.440000000000000036e-04
2.600000000000000000e+01 2.100000000000000000e+01 6.000000000000000000e+01 0.000000000000000000e+00 1.600000000000000089e+00 -1.038999999999999993e-03 2.098000000000000038e-03 9.999970000000000248e-01 -9.568400000000000516e-02 9.954089999999999883e-01 -2.187999999999999841e-03 -9.954110000000000458e-01 -9.568699999999999428e-02 -8.339999999999999974e-04
3.000000000000000000e+00 3.000000000000000000e+00 6.300000000000000000e+01 0.000000000000000000e+00 1.600000000000000089e+00 -4.000000000000000327e-05 1.559000000000000056e-03 9.999989999999999712e-01 -6.100170000000000314e-01 7.923869999999999525e-01 -1.258999999999999920e-03 -7.923879999999999812e-01 -6.100160000000000027e-01 9.190000000000000035e-04
2.200000000000000000e+01 3.000000000000000000e+00 6.300000000000000000e+01 0.000000000000000000e+00 1.600000000000000089e+00 4.300000000000000165e-05 -2.312999999999999952e-03 9.999970000000000248e-01 -6.172180000000000444e-01 7.867899999999999894e-01 1.845999999999999985e-03 -7.867920000000000469e-01 -6.172159999999999869e-01 -1.394000000000000057e-03
5.000000000000000000e+00 2.700000000000000000e+01 6.300000000000000000e+01 0.000000000000000000e+00 1.600000000000000089e+00 1.415000000000000025e-03 -4.193999999999999811e-03 9.999900000000000455e-01 -2.786330000000000195e-01 9.603880000000000194e-01 4.421999999999999716e-03 -9.603969999999999452e-01 -2.786359999999999948e-01 1.900000000000000105e-04
1.000000000000000000e+01 2.700000000000000000e+01 6.300000000000000000e+01 0.000000000000000000e+00 1.600000000000000089e+00 -4.730000000000000046e-04 -1.456999999999999962e-03 9.999989999999999712e-01 -2.710400000000000031e-01 9.625669999999999504e-01 1.273999999999999959e-03 -9.625679999999999792e-01 -2.710389999999999744e-01 -8.499999999999999526e-04
1.600000000000000000e+01 2.700000000000000000e+01 6.300000000000000000e+01 0.000000000000000000e+00 1.600000000000000089e+00 7.240000000000000342e-04 -2.442999999999999859e-03 9.999970000000000248e-01 -2.656930000000000125e-01 9.640539999999999665e-01 2.547999999999999918e-03 -9.640570000000000528e-01 -2.656939999999999857e-01 4.899999999999999842e-05
2.100000000000000000e+01 2.700000000000000000e+01 6.300000000000000000e+01 0.000000000000000000e+00 1.600000000000000089e+00 3.879999999999999985e-04 7.550000000000000287e-03 9.999710000000000543e-01 -2.677919999999999745e-01 9.634500000000000286e-01 -7.171000000000000291e-03 -9.634770000000000278e-01 -2.677820000000000200e-01 2.396000000000000126e-03
2.700000000000000000e+01 2.700000000000000000e+01 6.300000000000000000e+01 0.000000000000000000e+00 1.600000000000000089e+00 -1.074000000000000085e-03 3.867000000000000211e-03 9.999919999999999920e-01 -2.693590000000000151e-01 9.630309999999999704e-01 -4.014000000000000207e-03 -9.630389999999999784e-01 -2.693610000000000171e-01 6.999999999999999895e-06
5.000000000000000000e+00 2.600000000000000000e+01 6.400000000000000000e+01 0.000000000000000000e+00 1.600000000000000089e+00 1.922000000000000097e-03 -4.689999999999999725e-03 9.999869999999999592e-01 -3.638810000000000100e-01 9.314320000000000377e-01 5.067999999999999589e-03 -9.314430000000000209e-01 -3.638859999999999872e-01 8.299999999999999815e-05
1.300000000000000000e+01 2.600000000000000000e+01 6.400000000000000000e+01 0.000000000000000000e+00 1.600000000000000089e+00 -4.629999999999999784e-04 -4.433999999999999574e-03 9.999900000000000455e-01 -3.462480000000000002e-01 9.381340000000000234e-01 3.998999999999999951e-03 -9.381429999999999492e-01 -3.462430000000000230e-01 -1.968999999999999830e-03
1.900000000000000000e+01 2.600000000000000000e+01 6.400000000000000000e+01 0.000000000000000000e+00 1.600000000000000089e+00 5.349999999999999938e-04 4.342000000000000373e-03 9.999900000000000455e-01 -3.464900000000000202e-01 9.380460000000000464e-01 -3.886999999999999830e-03 -9.380530000000000257e-01 -3.464849999999999874e-01 2.005999999999999971e-03
2.300000000000000000e+01 2.600000000000000000e+01 6.400000000000000000e+01 0.000000000000000000e+00 1.600000000000000089e+00 -1.620000000000000075e-04 6.885999999999999760e-03 9.999759999999999760e-01 -3.517060000000000186e-01 9.360880000000000312e-01 -6.503000000000000100e-03 -9.361099999999999977e-01 -3.516989999999999839e-01 2.269999999999999882e-03
2.700000000000000000e+01 2.600000000000000000e+01 6.400000000000000000e+01 0.000000000000000000e+00 1.600000000000000089e+00 -1.837000000000000091e-03 4.401999999999999663e-03 9.999890000000000168e-01 -3.516690000000000094e-01 9.361120000000000552e-01 -4.767000000000000404e-03 -9.361230000000000384e-01 -3.516739999999999866e-01 -1.710000000000000094e-04
1.300000000000000000e+01 5.400000000000000000e+01 6.400000000000000000e+01 0.000000000000000000e+00 1.600000000000000089e+00 3.939559999999999729e-01 -7.670299999999999341e-02 -9.159230000000000427e-01 -7.829429999999999445e-01 4.939850000000000074e-01 -3.781269999999999909e-01 4.814550000000000218e-01 8.660809999999999897e-01 1.345550000000000079e-01
1.800000000000000000e+01 5.000000000000000000e+01 6.500000000000000000e+01 0.000000000000000000e+00 1.600000000000000089e+00 -1.770670000000000022e-01 -2.647260000000000169e-01 -9.479279999999999928e-01 3.031909999999999883e-01 9.016349999999999643e-01 -3.084319999999999840e-01 9.363350000000000284e-01 -3.420159999999999867e-01 -7.938699999999999923e-02
1.100000000000000000e+01 5.300000000000000000e+01 6.500000000000000000e+01 0.000000000000000000e+00 1.600000000000000089e+00 4.624630000000000130e-01 -1.084180000000000005e-01 -8.799850000000000172e-01 -7.664349999999999774e-01 4.501009999999999733e-01 -4.582430000000000114e-01 4.457639999999999936e-01 8.863720000000000487e-01 1.250600000000000045e-01
1.000000000000000000e+00 2.500000000000000000e+01 7.300000000000000000e+01 0.000000000000000000e+00 1.600000000000000089e+00 -7.720000000000000083e-04 -4.095999999999999815e-03 9.999909999999999632e-01 7.469090000000000451e-01 -6.649230000000000418e-01 -2.147000000000000037e-03 6.649260000000000170e-01 7.469010000000000371e-01 3.572000000000000088e-03
1.000000000000000000e+01 2.500000000000000000e+01 7.300000000000000000e+01 0.000000000000000000e+00 1.600000000000000089e+00 -9.810000000000001011e-04 -1.410499999999999948e-02 9.999000000000000110e-01 7.446989999999999998e-01 -6.673440000000000483e-01 -8.682999999999999746e-03 6.673989999999999645e-01 7.446159999999999446e-01 1.115799999999999952e-02
2.700000000000000000e+01 2.500000000000000000e+01 7.300000000000000000e+01 0.000000000000000000e+00 1.600000000000000089e+00 4.819000000000000367e-03 4.950999999999999672e-03 9.999759999999999760e-01 7.426840000000000108e-01 -6.696419999999999595e-01 -2.629999999999999959e-04 6.696250000000000258e-01 7.426679999999999948e-01 -6.904000000000000414e-03
5.000000000000000000e+00 4.400000000000000000e+01 7.300000000000000000e+01 0.000000000000000000e+00 1.600000000000000089e+00 1.872000000000000053e-02 1.175400000000000056e-01 9.928919999999999968e-01 3.438100000000000184e-02 -9.925540000000000473e-01 1.168519999999999975e-01 9.992330000000000378e-01 3.194899999999999823e-02 -2.262099999999999875e-02
1.300000000000000000e+01 4.400000000000000000e+01 7.300000000000000000e+01 0.000000000000000000e+00 1.600000000000000089e+00 1.925999999999999978e-03 1.366000000000000027e-03 9.999970000000000248e-01 5.319499999999999923e-02 -9.985829999999999984e-01 1.262000000000000101e-03 9.985819999999999697e-01 5.319299999999999723e-02 -1.995999999999999944e-03
1.900000000000000000e+01 4.400000000000000000e+01 7.300000000000000000e+01 0.000000000000000000e+00 1.600000000000000089e+00 -3.319999999999999926e-04 -6.916000000000000272e-03 9.999759999999999760e-01 5.064599999999999658e-02 -9.986930000000000529e-01 -6.890000000000000291e-03 9.987169999999999659e-01 5.064300000000000052e-02 6.819999999999999890e-04
2.800000000000000000e+01 4.400000000000000000e+01 7.300000000000000000e+01 0.000000000000000000e+00 1.600000000000000089e+00 5.310000000000000050e-04 -1.526999999999999929e-03 9.999989999999999712e-01 4.832800000000000290e-02 -9.988299999999999956e-01 -1.549999999999999946e-03 9.988310000000000244e-01 4.832899999999999696e-02 -4.560000000000000251e-04
7.000000000000000000e+00 2.500000000000000000e+01 7.400000000000000000e+01 0.000000000000000000e+00 1.600000000000000089e+00 1.588000000000000002e-03 -6.864000000000000309e-03 9.999749999999999472e-01 8.224000000000000199e-01 -5.688860000000000028e-01 -5.211000000000000354e-03 5.689079999999999693e-01 8.223880000000000079e-01 4.741000000000000422e-03
1.100000000000000000e+01 5.100000000000000000e+01 7.600000000000000000e+01 0.000000000000000000e+00 1.600000000000000089e+00 -1.177000000000000095e-03 -7.889000000000000179e-03 -9.999679999999999680e-01 -4.048559999999999937e-01 -9.143480000000000496e-01 7.689999999999999787e-03 -9.143799999999999706e-01 4.048519999999999897e-01 -2.118000000000000091e-03
2.300000000000000000e+01 5.100000000000000000e+01 7.600000000000000000e+01 0.000000000000000000e+00 1.600000000000000089e+00 3.308000000000000176e-03 5.884999999999999606e-03 -9.999770000000000048e-01 -4.021589999999999887e-01 -9.155450000000000532e-01 -6.718000000000000013e-03 -9.155640000000000445e-01 4.021719999999999740e-01 -6.620000000000000450e-04
4.000000000000000000e+00 9.100000000000000000e+01 7.600000000000000000e+01 0.000000000000000000e+00 1.600000000000000089e+00 2.511999999999999910e-03 -2.150000000000000001e-03 9.999949999999999672e-01 3.121889999999999943e-01 -9.500159999999999716e-01 -2.827000000000000086e-03 9.500170000000000003e-01 3.121950000000000003e-01 -1.714999999999999945e-03
