1.300000000000000000e+01 2.500000000000000000e+01 1.000000000000000000e+00 0.000000000000000000e+00 1.600000000000000089e+00 -4.063999999999999904e-03 -4.662000000000000345e-03 -9.999810000000000088e-01 -5.310570000000000013e-01 -8.473140000000000116e-01 6.107999999999999714e-03 -8.473270000000000524e-01 5.310709999999999598e-01 9.669999999999999776e-04
2.200000000000000000e+01 2.500000000000000000e+01 1.000000000000000000e+00 0.000000000000000000e+00 1.600000000000000089e+00 -7.609999999999999577e-04 -3.134000000000000067e-03 -9.999949999999999672e-01 -5.252259999999999707e-01 -8.509569999999999634e-01 3.066000000000000149e-03 -8.509619999999999962e-01 5.252259999999999707e-01 -9.990000000000001049e-04
7.000000000000000000e+00 1.500000000000000000e+01 4.000000000000000000e+00 0.000000000000000000e+00 1.600000000000000089e+00 4.550000000000000008e-04 -2.742000000000000080e-03 9.999959999999999960e-01 2.940869999999999873e-01 -9.557750000000000412e-01 -2.753999999999999938e-03 9.557790000000000452e-01 2.940869999999999873e-01 3.719999999999999891e-04
1.300000000000000000e+01 1.500000000000000000e+01 4.000000000000000000e+00 0.000000000000000000e+00 1.600000000000000089e+00 2.750000000000000166e-04 -1.964700000000000127e-02 9.998070000000000013e-01 2.903589999999999782e-01 -9.567320000000000269e-01 -1.888000000000000095e-02 9.569180000000000463e-01 2.903080000000000105e-01 5.441999999999999789e-03
2.300000000000000000e+01 1.500000000000000000e+01 4.000000000000000000e+00 0.000000000000000000e+00 1.600000000000000089e+00 -2.337000000000000102e-03 -1.003000000000000072e-02 9.999470000000000303e-01 2.810340000000000060e-01 -9.596559999999999535e-01 -8.968999999999999542e-03 9.596949999999999648e-01 2.809980000000000255e-01 5.061000000000000394e-03
1.000000000000000000e+00 1.010000000000000000e+02 7.000000000000000000e+00 0.000000000000000000e+00 1.600000000000000089e+00 4.039000000000000055e-03 -7.910000000000000364e-03 9.999609999999999888e-01 8.844570000000000487e-01 4.666210000000000080e-01 1.190000000000000058e-04 -4.666029999999999900e-01 8.844220000000000415e-01 8.881000000000000005e-03
9.000000000000000000e+00 1.010000000000000000e+02 7.000000000000000000e+00 0.000000000000000000e+00 1.600000000000000089e+00 -2.064999999999999995e-03 -1.563499999999999959e-02 9.998759999999999870e-01 8.867660000000000542e-01 4.621299999999999852e-01 9.058000000000000079e-03 -4.622140000000000137e-01 8.866739999999999622e-01 1.290999999999999960e-02
1.900000000000000000e+01 1.010000000000000000e+02 7.000000000000000000e+00 0.000000000000000000e+00 1.600000000000000089e+00 -1.092000000000000089e-03 -3.154000000000000119e-03 9.999940000000000495e-01 8.859489999999999865e-01 4.637760000000000216e-01 2.429999999999999868e-03 -4.637809999999999988e-01 8.859470000000000400e-01 2.288000000000000103e-03
2.500000000000000000e+01 1.010000000000000000e+02 7.000000000000000000e+00 0.000000000000000000e+00 1.600000000000000089e+00 -1.982999999999999954e-03 -4.641000000000000160e-03 9.999869999999999592e-01 8.840090000000000447e-01 4.674539999999999806e-01 3.922000000000000139e-03 -4.674659999999999926e-01 8.840050000000000407e-01 3.176000000000000004e-03
1.100000000000000000e+01 1.500000000000000000e+01 8.000000000000000000e+00 0.000000000000000000e+00 1.600000000000000089e+00 -2.096999999999999906e-03 -6.573999999999999982e-03 -9.999759999999999760e-01 -5.911969999999999725e-01 -8.065010000000000234e-01 6.542000000000000072e-03 -8.065250000000000474e-01 5.911969999999999725e-01 -2.196000000000000035e-03
1.500000000000000000e+01 1.500000000000000000e+01 8.000000000000000000e+00 0.000000000000000000e+00 1.600000000000000089e+00 -3.115000000000000147e-03 -2.016199999999999937e-02 -9.997920000000000140e-01 -5.937989999999999657e-01 -8.044099999999999584e-01 1.807200000000000126e-02 -8.046069999999999611e-01 5.937320000000000375e-01 -9.466999999999999721e-03
2.500000000000000000e+01 1.500000000000000000e+01 8.000000000000000000e+00 0.000000000000000000e+00 1.600000000000000089e+00 -4.001000000000000216e-03 -3.086000000000000201e-03 -9.999869999999999592e-01 -5.942709999999999937e-01 -8.042500000000000204e-01 4.859999999999999737e-03 -8.042550000000000532e-01 5.942830000000000057e-01 1.384000000000000031e-03
5.000000000000000000e+00 2.400000000000000000e+01 9.000000000000000000e+00 0.000000000000000000e+00 1.600000000000000089e+00 1.077000000000000049e-03 3.469999999999999994e-03 -9.999930000000000208e-01 4.596660000000000190e-01 8.880850000000000133e-01 3.576999999999999885e-03 8.880909999999999638e-01 -4.596669999999999923e-01 -6.380000000000000037e-04
1.000000000000000000e+01 2.400000000000000000e+01 9.000000000000000000e+00 0.000000000000000000e+00 1.600000000000000089e+00 2.370999999999999844e-03 8.448000000000000648e-03 -9.999609999999999888e-01 4.585879999999999956e-01 8.886070000000000357e-01 8.593999999999999209e-03 8.886460000000000470e-01 -4.585910000000000264e-01 -1.766999999999999908e-03
1.500000000000000000e+01 2.400000000000000000e+01 9.000000000000000000e+00 0.000000000000000000e+00 1.600000000000000089e+00 4.266999999999999960e-03 1.063300000000000009e-02 -9.999339999999999895e-01 4.581990000000000229e-01 8.887760000000000105e-01 1.140599999999999947e-02 8.888390000000000457e-01 -4.582180000000000142e-01 -1.080000000000000014e-03
1.700000000000000000e+01 2.400000000000000000e+01 9.000000000000000000e+00 0.000000000000000000e+00 1.600000000000000089e+00 4.536000000000000101e-03 1.042200000000000071e-02 -9.999350000000000183e-01 4.574650000000000105e-01 8.891550000000000287e-01 1.134199999999999965e-02 8.892160000000000064e-01 -4.574869999999999770e-01 -7.349999999999999763e-04
2.000000000000000000e+01 2.400000000000000000e+01 9.000000000000000000e+00 0.000000000000000000e+00 1.600000000000000089e+00 3.844999999999999894e-03 7.435999999999999902e-03 -9.999649999999999928e-01 4.560750000000000082e-01 8.899019999999999708e-01 8.370999999999999969e-03 8.899329999999999741e-01 -4.560910000000000242e-01 3.000000000000000076e-05
2.400000000000000000e+01 2.400000000000000000e+01 9.000000000000000000e+00 0.000000000000000000e+00 1.600000000000000089e+00 3.640000000000000115e-04 -1.499999999999999869e-04 -1.000000000000000000e+00 4.541669999999999874e-01 8.909160000000000412e-01 3.199999999999999855e-05 8.909160000000000412e-01 -4.541669999999999874e-01 3.930000000000000117e-04
3.000000000000000000e+00 4.000000000000000000e+00 1.100000000000000000e+01 0.000000000000000000e+00 1.600000000000000089e+00 2.637000000000000021e-03 1.507999999999999965e-02 -9.998829999999999663e-01 2.078750000000000042e-01 9.780360000000000165e-01 1.529900000000000010e-02 9.781520000000000215e-01 -2.078909999999999925e-01 -5.559999999999999621e-04
7.000000000000000000e+00 4.000000000000000000e+00 1.100000000000000000e+01 0.000000000000000000e+00 1.600000000000000089e+00 3.125000000000000173e-03 2.106699999999999892e-02 -9.997730000000000228e-01 2.017930000000000001e-01 9.791969999999999841e-01 2.126400000000000165e-02 9.794230000000000436e-01 -2.018139999999999934e-01 -1.191999999999999917e-03
1.700000000000000000e+01 4.000000000000000000e+00 1.100000000000000000e+01 0.000000000000000000e+00 1.600000000000000089e+00 8.750000000000000182e-04 2.206299999999999928e-02 -9.997559999999999780e-01 1.752279999999999949e-01 9.842849999999999655e-01 2.187499999999999861e-02 9.845270000000000410e-01 -1.752049999999999996e-01 -3.004999999999999859e-03
4.000000000000000000e+00 3.100000000000000000e+01 1.200000000000000000e+01 0.000000000000000000e+00 1.600000000000000089e+00 7.399999999999999623e-05 -5.360000000000000181e-04 1.000000000000000000e+00 -1.661699999999999983e-02 9.998620000000000285e-01 5.370000000000000424e-04 -9.998620000000000285e-01 -1.661699999999999983e-02 6.499999999999999431e-05
8.000000000000000000e+00 3.100000000000000000e+01 1.200000000000000000e+01 0.000000000000000000e+00 1.600000000000000089e+00 2.359999999999999902e-04 2.180000000000000080e-03 9.999980000000000535e-01 -1.652599999999999902e-02 9.998609999999999998e-01 -2.175999999999999983e-03 -9.998629999999999463e-01 -1.652599999999999902e-02 2.719999999999999979e-04
1.700000000000000000e+01 3.000000000000000000e+00 1.300000000000000000e+01 0.000000000000000000e+00 1.600000000000000089e+00 6.520000000000000188e-04 2.221800000000000164e-02 9.997530000000000028e-01 -2.867000000000000191e-03 9.997489999999999988e-01 -2.221599999999999964e-02 -9.999959999999999960e-01 -2.851999999999999934e-03 7.150000000000000322e-04
1.900000000000000000e+01 3.000000000000000000e+00 1.300000000000000000e+01 0.000000000000000000e+00 1.600000000000000089e+00 4.929999999999999487e-04 1.635899999999999854e-02 9.998660000000000325e-01 -1.585999999999999953e-03 9.998650000000000038e-01 -1.635800000000000101e-02 -9.999989999999999712e-01 -1.577999999999999976e-03 5.190000000000000386e-04
2.200000000000000000e+01 3.000000000000000000e+00 1.300000000000000000e+01 0.000000000000000000e+00 1.600000000000000089e+00 1.179999999999999951e-04 7.401999999999999726e-03 9.999730000000000008e-01 -1.095000000000000053e-03 9.999719999999999720e-01 -7.401999999999999726e-03 -9.999989999999999712e-01 -1.093999999999999920e-03 1.259999999999999998e-04
1.200000000000000000e+01 1.200000000000000000e+01 1.500000000000000000e+01 0.000000000000000000e+00 1.600000000000000089e+00 -1.008999999999999914e-03 -2.772000000000000158e-03 -9.999959999999999960e-01 -4.731009999999999938e-01 -8.810040000000000093e-01 2.919999999999999853e-03 -8.810080000000000133e-01 4.731009999999999938e-01 -4.229999999999999819e-04
1.900000000000000000e+01 1.200000000000000000e+01 1.500000000000000000e+01 0.000000000000000000e+00 1.600000000000000089e+00 -1.366999999999999943e-03 -9.726999999999999535e-03 -9.999519999999999520e-01 -4.710690000000000155e-01 -8.820480000000000542e-01 9.223999999999999561e-03 -8.820959999999999912e-01 4.710579999999999767e-01 -3.376000000000000095e-03
2.400000000000000000e+01 1.200000000000000000e+01 1.500000000000000000e+01 0.000000000000000000e+00 1.600000000000000089e+00 -3.363999999999999803e-03 -3.327000000000000096e-03 -9.999890000000000168e-01 -4.690599999999999770e-01 -8.831550000000000233e-01 4.517000000000000182e-03 -8.831599999999999451e-01 4.690699999999999870e-01 1.410000000000000012e-03
8.000000000000000000e+00 1.160000000000000000e+02 1.600000000000000000e+01 0.000000000000000000e+00 1.600000000000000089e+00 -1.474000000000000050e-03 -1.881000000000000076e-03 9.999970000000000248e-01 6.680249999999999799e-01 7.441349999999999909e-01 2.383999999999999835e-03 -7.441379999999999661e-01 6.680260000000000087e-01 1.600000000000000131e-04
9.000000000000000000e+00 2.000000000000000000e+00 1.900000000000000000e+01 0.000000000000000000e+00 1.600000000000000089e+00 4.020000000000000136e-03 4.131000000000000123e-03 -9.999829999999999552e-01 2.149429999999999952e-01 -9.766209999999999614e-01 -3.171000000000000207e-03 -9.766179999999999861e-01 -2.149270000000000069e-01 -4.813999999999999703e-03
1.600000000000000000e+01 2.000000000000000000e+00 1.900000000000000000e+01 0.000000000000000000e+00 1.600000000000000089e+00 -5.900000000000000296e-04 -6.229000000000000162e-03 -9.999799999999999800e-01 2.100450000000000095e-01 -9.776730000000000143e-01 5.967000000000000082e-03 -9.776909999999999767e-01 -2.100380000000000025e-01 1.884999999999999957e-03
2.200000000000000000e+01 2.000000000000000000e+00 1.900000000000000000e+01 0.000000000000000000e+00 1.600000000000000089e+00 1.523999999999999964e-03 -1.436800000000000056e-02 -9.998960000000000070e-01 2.143049999999999955e-01 -9.766610000000000014e-01 1.436100000000000050e-02 -9.767660000000000231e-01 -2.143039999999999945e-01 1.590000000000000050e-03
2.600000000000000000e+01 2.000000000000000000e+00 1.900000000000000000e+01 0.000000000000000000e+00 1.600000000000000089e+00 -2.709999999999999735e-04 -3.552000000000000036e-03 -9.999940000000000495e-01 2.109000000000000041e-01 -9.775019999999999820e-01 3.415000000000000067e-03 -9.775080000000000435e-01 -2.108980000000000021e-01 1.013999999999999927e-03
1.800000000000000000e+01 4.000000000000000000e+00 2.000000000000000000e+01 0.000000000000000000e+00 1.600000000000000089e+00 1.100000000000000066e-03 -7.683999999999999858e-03 -9.999700000000000255e-01 2.981260000000000021e-01 -9.544960000000000111e-01 7.662000000000000408e-03 -9.545259999999999856e-01 -2.981249999999999734e-01 1.240000000000000000e-03
9.000000000000000000e+00 1.300000000000000000e+01 2.000000000000000000e+01 0.000000000000000000e+00 1.600000000000000089e+00 -2.359999999999999902e-04 1.175999999999999962e-03 9.999989999999999712e-01 2.618320000000000092e-01 9.651129999999999987e-01 -1.072999999999999952e-03 -9.651129999999999987e-01 2.618320000000000092e-01 -5.349999999999999938e-04
1.200000000000000000e+01 1.300000000000000000e+01 2.000000000000000000e+01 0.000000000000000000e+00 1.600000000000000089e+00 -9.129999999999999661e-04 -6.173999999999999801e-03 9.999810000000000088e-01 2.623610000000000109e-01 9.649499999999999744e-01 6.198000000000000384e-03 -9.649689999999999657e-01 2.623610000000000109e-01 7.380000000000000492e-04
2.000000000000000000e+01 1.300000000000000000e+01 2.000000000000000000e+01 0.000000000000000000e+00 1.600000000000000089e+00 4.690000000000000158e-04 7.129999999999999836e-04 1.000000000000000000e+00 2.645390000000000241e-01 9.643749999999999822e-01 -8.120000000000000048e-04 -9.643749999999999822e-01 2.645390000000000241e-01 2.629999999999999959e-04
2.500000000000000000e+01 1.300000000000000000e+01 2.000000000000000000e+01 0.000000000000000000e+00 1.600000000000000089e+00 -9.899999999999999404e-05 6.999999999999999929e-04 1.000000000000000000e+00 2.638869999999999827e-01 9.645529999999999937e-01 -6.489999999999999459e-04 -9.645540000000000225e-01 2.638869999999999827e-01 -2.799999999999999755e-04
3.000000000000000000e+00 1.600000000000000000e+01 2.100000000000000000e+01 0.000000000000000000e+00 1.600000000000000089e+00 4.979999999999999618e-04 5.351999999999999987e-03 9.999860000000000415e-01 3.021440000000000237e-01 9.532479999999999842e-01 -5.252999999999999857e-03 -9.532620000000000537e-01 3.021420000000000217e-01 -1.142000000000000003e-03
9.000000000000000000e+00 1.600000000000000000e+01 2.100000000000000000e+01 0.000000000000000000e+00 1.600000000000000089e+00 -3.699999999999999947e-04 3.312999999999999973e-03 9.999940000000000495e-01 2.998500000000000054e-01 9.539809999999999679e-01 -3.050000000000000194e-03 -9.539860000000000007e-01 2.998469999999999747e-01 -1.345999999999999974e-03
1.200000000000000000e+01 1.600000000000000000e+01 2.100000000000000000e+01 0.000000000000000000e+00 1.600000000000000089e+00 -2.149999999999999947e-04 -8.184000000000000302e-03 9.999670000000000503e-01 3.005329999999999946e-01 9.537390000000000034e-01 7.870000000000000259e-03 -9.537710000000000354e-01 3.005249999999999866e-01 2.255000000000000060e-03
1.600000000000000000e+01 1.600000000000000000e+01 2.100000000000000000e+01 0.000000000000000000e+00 1.600000000000000089e+00 1.281999999999999936e-03 -7.832999999999999685e-03 9.999679999999999680e-01 3.034080000000000110e-01 9.528339999999999588e-01 7.074999999999999692e-03 -9.528600000000000403e-01 3.033899999999999930e-01 3.598000000000000070e-03
2.000000000000000000e+01 1.600000000000000000e+01 2.100000000000000000e+01 0.000000000000000000e+00 1.600000000000000089e+00 -3.289999999999999739e-04 -3.495999999999999976e-03 9.999940000000000495e-01 3.029510000000000258e-01 9.529999999999999583e-01 3.431000000000000022e-03 -9.530060000000000198e-01 3.029499999999999971e-01 7.450000000000000025e-04
2.600000000000000000e+01 1.600000000000000000e+01 2.100000000000000000e+01 0.000000000000000000e+00 1.600000000000000089e+00 2.079999999999999872e-04 3.076999999999999874e-03 9.999949999999999672e-01 3.026269999999999794e-01 9.531039999999999512e-01 -2.995999999999999965e-03 -9.531089999999999840e-01 3.026269999999999794e-01 -7.330000000000000361e-04
3.000000000000000000e+01 3.000000000000000000e+00 2.500000000000000000e+01 0.000000000000000000e+00 1.600000000000000089e+00 -5.572999999999999829e-03 -4.840999999999999817e-03 9.999730000000000008e-01 -1.726199999999999957e-02 -9.998390000000000333e-01 -4.937000000000000416e-03 9.998350000000000293e-01 -1.728899999999999881e-02 5.488999999999999956e-03
1.000000000000000000e+00 4.600000000000000000e+01 2.700000000000000000e+01 0.000000000000000000e+00 1.600000000000000089e+00 2.116999999999999958e-03 1.724999999999999971e-03 -9.999959999999999960e-01 6.584100000000000508e-01 7.526549999999999629e-01 2.691999999999999948e-03 7.526559999999999917e-01 -6.584130000000000260e-01 4.580000000000000195e-04
2.000000000000000000e+01 4.600000000000000000e+01 2.700000000000000000e+01 0.000000000000000000e+00 1.600000000000000089e+00 -1.340000000000000045e-03 5.039999999999999992e-04 -9.999989999999999712e-01 6.685459999999999736e-01 7.436709999999999710e-01 -5.209999999999999788e-04 7.436700000000000532e-01 -6.685459999999999736e-01 -1.333999999999999899e-03
4.000000000000000000e+00 4.600000000000000000e+01 3.000000000000000000e+01 0.000000000000000000e+00 1.600000000000000089e+00 1.513000000000000022e-03 -3.049999999999999868e-04 -9.999989999999999712e-01 3.233759999999999968e-01 9.462709999999999733e-01 2.000000000000000096e-04 9.462690000000000268e-01 -3.233759999999999968e-01 1.529999999999999893e-03
1.200000000000000000e+01 4.600000000000000000e+01 3.000000000000000000e+01 0.000000000000000000e+00 1.600000000000000089e+00 1.183999999999999940e-03 2.079000000000000119e-03 -9.999970000000000248e-01 3.256339999999999790e-01 9.454930000000000279e-01 2.350999999999999791e-03 9.454949999999999743e-01 -3.256359999999999810e-01 4.420000000000000101e-04
1.700000000000000000e+01 4.600000000000000000e+01 3.000000000000000000e+01 0.000000000000000000e+00 1.600000000000000089e+00 -3.609999999999999928e-04 -1.681999999999999901e-03 -9.999989999999999712e-01 3.238199999999999967e-01 9.461169999999999858e-01 -1.708000000000000100e-03 9.461190000000000433e-01 -3.238199999999999967e-01 2.030000000000000012e-04
2.700000000000000000e+01 4.600000000000000000e+01 3.000000000000000000e+01 0.000000000000000000e+00 1.600000000000000089e+00 -5.649999999999999641e-04 -3.869999999999999742e-04 -1.000000000000000000e+00 3.154870000000000174e-01 9.489300000000000512e-01 -5.450000000000000200e-04 9.489300000000000512e-01 -3.154870000000000174e-01 -4.139999999999999800e-04
2.000000000000000000e+00 5.800000000000000000e+01 3.100000000000000000e+01 0.000000000000000000e+00 1.600000000000000089e+00 -4.608000000000000117e-03 -9.343999999999999875e-03 9.999460000000000015e-01 -7.786499999999999533e-01 -6.273870000000000280e-01 -9.450999999999999332e-03 6.274410000000000265e-01 -7.786509999999999820e-01 -4.383999999999999876e-03
4.000000000000000000e+00 5.800000000000000000e+01 3.100000000000000000e+01 0.000000000000000000e+00 1.600000000000000089e+00 -1.796000000000000070e-03 -3.697999999999999898e-03 9.999919999999999920e-01 -7.794400000000000217e-01 -6.264659999999999673e-01 -3.716000000000000119e-03 6.264750000000000041e-01 -7.794400000000000217e-01 -1.757000000000000098e-03
1.600000000000000000e+01 5.800000000000000000e+01 3.100000000000000000e+01 0.000000000000000000e+00 1.600000000000000089e+00 -2.325999999999999943e-03 -4.074999999999999629e-03 9.999890000000000168e-01 -7.858300000000000285e-01 -6.184279999999999777e-01 -4.348000000000000302e-03 6.184389999999999610e-01 -7.858309999999999462e-01 -1.763999999999999943e-03
2.300000000000000000e+01 5.800000000000000000e+01 3.100000000000000000e+01 0.000000000000000000e+00 1.600000000000000089e+00 1.034999999999999896e-03 -2.040000000000000147e-03 9.999970000000000248e-01 -7.838699999999999557e-01 -6.209249999999999492e-01 -4.550000000000000008e-04 6.209249999999999492e-01 -7.838669999999999805e-01 -2.240999999999999936e-03
2.700000000000000000e+01 5.800000000000000000e+01 3.100000000000000000e+01 0.000000000000000000e+00 1.600000000000000089e+00 -1.667999999999999995e-03 -1.691999999999999928e-03 9.999970000000000248e-01 -7.823269999999999946e-01 -6.228639999999999732e-01 -2.358999999999999986e-03 6.228660000000000307e-01 -7.823280000000000234e-01 -2.840000000000000185e-04
4.000000000000000000e+00 4.600000000000000000e+01 3.500000000000000000e+01 0.000000000000000000e+00 1.600000000000000089e+00 -1.866000000000000037e-03 7.969999999999999654e-04 -9.999980000000000535e-01 3.843300000000000050e-01 -9.231939999999999591e-01 -1.453000000000000081e-03 -9.231939999999999591e-01 -3.843320000000000070e-01 1.417000000000000074e-03
9.000000000000000000e+00 4.600000000000000000e+01 3.500000000000000000e+01 0.000000000000000000e+00 1.600000000000000089e+00 -1.162999999999999971e-03 3.371999999999999997e-03 -9.999940000000000495e-01 3.860040000000000138e-01 -9.224900000000000322e-01 -3.559000000000000098e-03 -9.224959999999999827e-01 -3.860060000000000158e-01 -2.290000000000000098e-04
1.500000000000000000e+01 4.600000000000000000e+01 3.500000000000000000e+01 0.000000000000000000e+00 1.600000000000000089e+00 -7.600000000000000418e-05 -2.465000000000000177e-03 -9.999970000000000248e-01 3.860850000000000115e-01 -9.224609999999999754e-01 2.245000000000000034e-03 -9.224630000000000329e-01 -3.860830000000000095e-01 1.021999999999999905e-03
1.900000000000000000e+01 4.600000000000000000e+01 3.500000000000000000e+01 0.000000000000000000e+00 1.600000000000000089e+00 -4.920000000000000328e-04 4.229999999999999819e-04 -1.000000000000000000e+00 3.869790000000000174e-01 -9.220880000000000187e-01 -5.800000000000000034e-04 -9.220880000000000187e-01 -3.869799999999999907e-01 2.900000000000000017e-04
2.500000000000000000e+01 4.600000000000000000e+01 3.500000000000000000e+01 0.000000000000000000e+00 1.600000000000000089e+00 2.159999999999999919e-04 -6.589999999999999721e-04 -1.000000000000000000e+00 3.860669999999999935e-01 -9.224710000000000409e-01 6.909999999999999910e-04 -9.224710000000000409e-01 -3.860669999999999935e-01 5.500000000000000196e-05
2.900000000000000000e+01 4.600000000000000000e+01 3.500000000000000000e+01 0.000000000000000000e+00 1.600000000000000089e+00 8.880000000000000089e-04 2.083000000000000216e-03 -9.999970000000000248e-01 3.845399999999999929e-01 -9.231070000000000109e-01 -1.580999999999999940e-03 -9.231080000000000396e-01 -3.845379999999999909e-01 -1.621000000000000045e-03
4.000000000000000000e+00 9.500000000000000000e+01 3.600000000000000000e+01 0.000000000000000000e+00 1.600000000000000089e+00 2.442000000000000160e-03 6.199999999999999782e-03 9.999780000000000335e-01 9.967230000000000256e-01 8.083999999999999519e-02 -2.935999999999999808e-03 -8.085599999999999732e-02 9.967080000000000384e-01 -5.982999999999999603e-03
9.000000000000000000e+00 9.500000000000000000e+01 3.600000000000000000e+01 0.000000000000000000e+00 1.600000000000000089e+00 -2.707999999999999904e-03 -3.188999999999999994e-03 9.999909999999999632e-01 9.965730000000000421e-01 8.266800000000000537e-02 2.962999999999999922e-03 -8.267700000000000049e-02 9.965720000000000134e-01 2.954000000000000029e-03
1.700000000000000000e+01 9.500000000000000000e+01 3.600000000000000000e+01 0.000000000000000000e+00 1.600000000000000089e+00 -4.329999999999999648e-03 -2.439099999999999949e-02 9.996930000000000538e-01 9.972579999999999778e-01 7.375600000000000211e-02 6.119000000000000307e-03 -7.388300000000000423e-02 9.969780000000000308e-01 2.400400000000000103e-02
2.200000000000000000e+01 9.500000000000000000e+01 3.600000000000000000e+01 0.000000000000000000e+00 1.600000000000000089e+00 -2.547999999999999918e-03 -1.467500000000000054e-02 9.998890000000000278e-01 9.975979999999999848e-01 6.917500000000000038e-02 3.556999999999999832e-03 -6.922000000000000375e-02 9.974969999999999670e-01 1.446300000000000016e-02
2.900000000000000000e+01 9.500000000000000000e+01 3.600000000000000000e+01 0.000000000000000000e+00 1.600000000000000089e+00 1.150000000000000035e-04 -3.281799999999999995e-02 9.994610000000000438e-01 9.977740000000000498e-01 6.665500000000000591e-02 2.073000000000000190e-03 -6.668799999999999728e-02 9.972360000000000113e-01 3.275299999999999739e-02
3.000000000000000000e+00 3.000000000000000000e+00 4.300000000000000000e+01 0.000000000000000000e+00 1.600000000000000089e+00 -2.893999999999999871e-03 -6.159999999999999677e-03 -9.999770000000000048e-01 7.421429999999999971e-01 -6.702380000000000004e-01 1.981000000000000122e-03 -6.702350000000000252e-01 -7.421200000000000019e-01 6.511000000000000294e-03
7.000000000000000000e+00 3.000000000000000000e+00 4.300000000000000000e+01 0.000000000000000000e+00 1.600000000000000089e+00 -7.039999999999999817e-04 1.144599999999999958e-02 -9.999339999999999895e-01 7.410529999999999617e-01 -6.713959999999999928e-01 -8.207000000000000753e-03 -6.714459999999999873e-01 -7.410099999999999465e-01 -8.009000000000000494e-03
1.300000000000000000e+01 3.000000000000000000e+00 4.300000000000000000e+01 0.000000000000000000e+00 1.600000000000000089e+00 -1.724000000000000055e-03 3.201999999999999985e-03 -9.999930000000000208e-01 7.382830000000000226e-01 -6.744830000000000547e-01 -3.432000000000000155e-03 -6.744890000000000052e-01 -7.382840000000000513e-01 -1.201000000000000028e-03
1.600000000000000000e+01 3.000000000000000000e+00 4.300000000000000000e+01 0.000000000000000000e+00 1.600000000000000089e+00 3.805999999999999921e-03 -7.291999999999999871e-03 -9.999660000000000215e-01 7.378770000000000051e-01 -6.748910000000000187e-01 7.729999999999999892e-03 -6.749239999999999684e-01 -7.378820000000000379e-01 2.811999999999999830e-03
2.200000000000000000e+01 3.000000000000000000e+00 4.300000000000000000e+01 0.000000000000000000e+00 1.600000000000000089e+00 -2.448999999999999788e-03 -9.560000000000000355e-04 -9.999970000000000248e-01 7.398190000000000044e-01 -6.728049999999999864e-01 -1.168999999999999900e-03 -6.728020000000000111e-01 -7.398190000000000044e-01 2.354999999999999889e-03
2.900000000000000000e+01 3.000000000000000000e+00 4.300000000000000000e+01 0.000000000000000000e+00 1.600000000000000089e+00 -2.007999999999999802e-03 -2.293900000000000106e-02 -9.997350000000000403e-01 7.419329999999999536e-01 -6.703310000000000102e-01 1.389100000000000057e-02 -6.704710000000000392e-01 -7.417080000000000339e-01 1.836499999999999938e-02
1.500000000000000000e+01 2.900000000000000000e+01 4.400000000000000000e+01 0.000000000000000000e+00 1.600000000000000089e+00 2.088000000000000012e-03 -4.600000000000000139e-04 -9.999980000000000535e-01 6.626319999999999988e-01 7.489440000000000541e-01 1.038999999999999993e-03 7.489419999999999966e-01 -6.626330000000000275e-01 1.869000000000000002e-03
1.900000000000000000e+01 2.900000000000000000e+01 4.400000000000000000e+01 0.000000000000000000e+00 1.600000000000000089e+00 -3.339999999999999870e-04 -5.190000000000000386e-04 -1.000000000000000000e+00 6.718199999999999728e-01 7.407139999999999835e-01 -6.080000000000000335e-04 7.407139999999999835e-01 -6.718199999999999728e-01 1.019999999999999992e-04
2.400000000000000000e+01 6.000000000000000000e+00 5.100000000000000000e+01 0.000000000000000000e+00 1.600000000000000089e+00 1.735999999999999913e-03 -2.018999999999999961e-03 -9.999959999999999960e-01 3.317890000000000006e-01 -9.433500000000000218e-01 2.480000000000000000e-03 -9.433519999999999683e-01 -3.317919999999999758e-01 -9.680000000000000019e-04
2.900000000000000000e+01 6.000000000000000000e+00 5.100000000000000000e+01 0.000000000000000000e+00 1.600000000000000089e+00 -4.399999999999999886e-05 -3.621000000000000087e-03 -9.999930000000000208e-01 3.248500000000000276e-01 -9.457590000000000163e-01 3.409999999999999837e-03 -9.457659999999999956e-01 -3.248480000000000256e-01 1.217999999999999899e-03
1.600000000000000000e+01 7.000000000000000000e+00 5.200000000000000000e+01 0.000000000000000000e+00 1.600000000000000089e+00 -5.656999999999999702e-03 -3.791000000000000099e-03 -9.999770000000000048e-01 1.232950000000000018e-01 -9.923650000000000526e-01 3.063999999999999883e-03 -9.923539999999999583e-01 -1.232749999999999957e-01 6.080999999999999600e-03
2.800000000000000000e+01 7.000000000000000000e+00 5.200000000000000000e+01 0.000000000000000000e+00 1.600000000000000089e+00 5.900000000000000296e-04 -2.347999999999999827e-03 -9.999970000000000248e-01 1.082359999999999989e-01 -9.941219999999999501e-01 2.397999999999999958e-03 -9.941250000000000364e-01 -1.082369999999999999e-01 -3.319999999999999926e-04
2.200000000000000000e+01 1.600000000000000000e+01 5.200000000000000000e+01 0.000000000000000000e+00 1.600000000000000089e+00 8.472999999999999629e-03 1.108499999999999937e-02 -9.999029999999999863e-01 7.780030000000000001e-01 6.281139999999999501e-01 1.355600000000000034e-02 6.282029999999999559e-01 -7.780420000000000114e-01 -3.301999999999999814e-03
6.000000000000000000e+00 6.300000000000000000e+01 5.400000000000000000e+01 0.000000000000000000e+00 1.600000000000000089e+00 4.339999999999999782e-04 -1.520000000000000084e-03 9.999989999999999712e-01 -3.488060000000000049e-01 9.371939999999999715e-01 1.575999999999999927e-03 -9.371950000000000003e-01 -3.488060000000000049e-01 -1.230000000000000082e-04
1.000000000000000000e+01 6.300000000000000000e+01 5.400000000000000000e+01 0.000000000000000000e+00 1.600000000000000089e+00 8.090000000000000403e-04 7.720000000000000083e-04 9.999989999999999712e-01 -3.529599999999999960e-01 9.356379999999999697e-01 -4.360000000000000269e-04 -9.356379999999999697e-01 -3.529599999999999960e-01 1.030000000000000100e-03
1.400000000000000000e+01 6.300000000000000000e+01 5.400000000000000000e+01 0.000000000000000000e+00 1.600000000000000089e+00 6.970000000000000284e-04 2.197000000000000168e-03 9.999970000000000248e-01 -3.552130000000000010e-01 9.347839999999999483e-01 -1.806000000000000097e-03 -9.347849999999999770e-01 -3.552109999999999990e-01 1.431999999999999896e-03
1.800000000000000000e+01 6.300000000000000000e+01 5.400000000000000000e+01 0.000000000000000000e+00 1.600000000000000089e+00 1.121999999999999950e-03 -3.681999999999999943e-03 9.999930000000000208e-01 -3.554479999999999862e-01 9.346879999999999633e-01 3.840000000000000097e-03 -9.346950000000000536e-01 -3.554490000000000149e-01 -2.599999999999999772e-04
2.200000000000000000e+01 6.300000000000000000e+01 5.400000000000000000e+01 0.000000000000000000e+00 1.600000000000000089e+00 -1.134999999999999941e-03 -1.740000000000000010e-04 9.999989999999999712e-01 -3.497390000000000221e-01 9.368469999999999853e-01 -2.339999999999999958e-04 -9.368469999999999853e-01 -3.497390000000000221e-01 -1.123999999999999999e-03
2.700000000000000000e+01 6.300000000000000000e+01 5.400000000000000000e+01 0.000000000000000000e+00 1.600000000000000089e+00 8.850000000000000444e-04 2.121000000000000055e-03 9.999970000000000248e-01 -3.526110000000000078e-01 9.357689999999999619e-01 -1.672000000000000092e-03 -9.357699999999999907e-01 -3.526079999999999770e-01 1.575999999999999927e-03
8.000000000000000000e+00 2.500000000000000000e+01 5.500000000000000000e+01 0.000000000000000000e+00 1.600000000000000089e+00 -1.361999999999999929e-03 -9.370000000000000074e-04 -9.999989999999999712e-01 -9.534000000000000807e-03 -9.999540000000000095e-01 9.499999999999999981e-04 -9.999540000000000095e-01 9.535000000000000073e-03 1.353000000000000036e-03
1.400000000000000000e+01 2.500000000000000000e+01 5.500000000000000000e+01 0.000000000000000000e+00 1.600000000000000089e+00 1.430000000000000064e-04 -5.980000000000000072e-04 -1.000000000000000000e+00 -1.068599999999999932e-02 -9.999430000000000263e-01 5.959999999999999586e-04 -9.999430000000000263e-01 1.068599999999999932e-02 -1.499999999999999869e-04
1.700000000000000000e+01 2.500000000000000000e+01 5.500000000000000000e+01 0.000000000000000000e+00 1.600000000000000089e+00 1.552999999999999910e-03 1.371000000000000040e-03 -9.999980000000000535e-01 -1.174799999999999976e-02 -9.999299999999999855e-01 -1.389999999999999960e-03 -9.999299999999999855e-01 1.175000000000000003e-02 -1.536999999999999955e-03
2.000000000000000000e+01 2.500000000000000000e+01 5.500000000000000000e+01 0.000000000000000000e+00 1.600000000000000089e+00 7.770000000000000214e-04 -1.583999999999999905e-03 -9.999980000000000535e-01 -1.187900000000000067e-02 -9.999280000000000390e-01 1.575000000000000011e-03 -9.999289999999999567e-01 1.187799999999999967e-02 -7.960000000000000495e-04
2.500000000000000000e+01 6.800000000000000000e+01 5.700000000000000000e+01 0.000000000000000000e+00 1.600000000000000089e+00 3.840000000000000097e-04 -4.341000000000000240e-03 -9.999909999999999632e-01 -2.405660000000000021e-01 -9.706240000000000423e-01 4.120999999999999663e-03 -9.706329999999999680e-01 2.405619999999999981e-01 -1.417000000000000074e-03
4.000000000000000000e+00 2.100000000000000000e+01 6.000000000000000000e+01 0.000000000000000000e+00 1.600000000000000089e+00 1.093999999999999920e-03 -8.406999999999999543e-03 9.999639999999999640e-01 -9.686400000000000565e-02 9.952619999999999800e-01 8.474000000000000629e-03 -9.952969999999999873e-01 -9.686999999999999778e-02 2.739999999999999923e-04
1.100000000000000000e+01 2.100000000000000000e+01 6.000000000000000000e+01 0.000000000000000000e+00 1.600000000000000089e+00 -1.930000000000000021e-04 -2.929999999999999879e-03 9.999959999999999960e-01 -9.734199999999999797e-02 9.952469999999999928e-01 2.896999999999999836e-03 -9.952509999999999968e-01 -9.734099999999999697e-02 -4.769999999999999934e-04
1.600000000000000000e+01 2.100000000000000000e+01 6.000000000000000000e+01 0.000000000000000000e+00 1.600000000000000089e+00 1.007000000000000083e-03 -1.562999999999999936e-03 9.999980000000000535e-01 -9.680700000000000416e-02 9.953020000000000200e-01 1.652999999999999955e-03 -9.953030000000000488e-01 -9.680900000000000616e-02 8.509999999999999769e-04
2.200000000000000000e+01 2.100000000000000000e+01 6.000000000000000000e+01 0.000000000000000000e+00 1.600000000000000089e+00 -9.879999999999999460e-04 -3.591000000000000008e-03 9.999930000000000208e-01 -9.755300000000000082e-02 9.952239999999999975e-01 3.478000000000000189e-03 -9.952299999999999480e-01 -9.754899999999999682e-02 -1.333999999999999899e-03
2.700000000000000000e+01 2.100000000000000000e+01 6.000000000000000000e+01 0.000000000000000000e+00 1.600000000000000089e+00 -2.390000000000000089e-04 3.412999999999999801e-03 9.999940000000000495e-01 -9.730300000000000060e-02 9.952490000000000503e-01 -3.419999999999999863e-03 -9.952550000000000008e-01 -9.730400000000000160e-02 9.399999999999999448e-05
9.000000000000000000e+00 3.000000000000000000e+00 6.300000000000000000e+01 0.000000000000000000e+00 1.600000000000000089e+00 6.999999999999999929e-04 4.300000000000000003e-03 9.999909999999999632e-01 -6.123739999999999739e-01 7.905630000000000157e-01 -2.971000000000000116e-03 -7.905680000000000485e-01 -6.123659999999999659e-01 3.187000000000000163e-03
2.000000000000000000e+00 2.700000000000000000e+01 6.300000000000000000e+01 0.000000000000000000e+00 1.600000000000000089e+00 1.297999999999999892e-03 6.610000000000000207e-04 9.999989999999999712e-01 -2.756970000000000254e-01 9.612450000000000161e-01 -2.779999999999999811e-04 -9.612439999999999873e-01 -2.756959999999999966e-01 1.430000000000000064e-03
5.000000000000000000e+00 2.700000000000000000e+01 6.300000000000000000e+01 0.000000000000000000e+00 1.600000000000000089e+00 -1.119999999999999983e-04 -4.099999999999999912e-04 1.000000000000000000e+00 -2.769179999999999975e-01 9.608929999999999971e-01 3.629999999999999872e-04 -9.608940000000000259e-01 -2.769179999999999975e-01 -2.210000000000000050e-04
1.000000000000000000e+01 2.700000000000000000e+01 6.300000000000000000e+01 0.000000000000000000e+00 1.600000000000000089e+00 4.400000000000000157e-04 2.625999999999999862e-03 9.999959999999999960e-01 -2.755750000000000144e-01 9.612770000000000481e-01 -2.403000000000000188e-03 -9.612800000000000233e-01 -2.755730000000000124e-01 1.147000000000000016e-03
1.600000000000000000e+01 2.700000000000000000e+01 6.300000000000000000e+01 0.000000000000000000e+00 1.600000000000000089e+00 -1.077000000000000049e-03 4.826000000000000428e-03 9.999879999999999880e-01 -2.731819999999999804e-01 9.619499999999999718e-01 -4.937000000000000416e-03 -9.619619999999999838e-01 -2.731839999999999824e-01 2.829999999999999942e-04
1.900000000000000000e+01 2.700000000000000000e+01 6.300000000000000000e+01 0.000000000000000000e+00 1.600000000000000089e+00 3.860000000000000041e-04 -8.270000000000000441e-04 1.000000000000000000e+00 -2.742559999999999998e-01 9.616559999999999553e-01 9.009999999999999997e-04 -9.616569999999999840e-01 -2.742559999999999998e-01 1.450000000000000009e-04
2.500000000000000000e+01 2.700000000000000000e+01 6.300000000000000000e+01 0.000000000000000000e+00 1.600000000000000089e+00 -1.077999999999999965e-03 -2.602999999999999845e-03 9.999959999999999960e-01 -2.735480000000000134e-01 9.618560000000000443e-01 2.207999999999999893e-03 -9.618579999999999908e-01 -2.735449999999999826e-01 -1.748999999999999904e-03
3.000000000000000000e+01 2.700000000000000000e+01 6.300000000000000000e+01 0.000000000000000000e+00 1.600000000000000089e+00 -1.700000000000000122e-04 -2.903999999999999897e-03 9.999959999999999960e-01 -2.738030000000000186e-01 9.617820000000000258e-01 2.746999999999999876e-03 -9.617860000000000298e-01 -2.738019999999999898e-01 -9.590000000000000000e-04
8.000000000000000000e+00 2.600000000000000000e+01 6.400000000000000000e+01 0.000000000000000000e+00 1.600000000000000089e+00 -3.899999999999999929e-05 5.199999999999999680e-05 1.000000000000000000e+00 -3.611679999999999890e-01 9.325010000000000243e-01 -6.200000000000000270e-05 -9.325010000000000243e-01 -3.611679999999999890e-01 -1.699999999999999987e-05
1.300000000000000000e+01 2.600000000000000000e+01 6.400000000000000000e+01 0.000000000000000000e+00 1.600000000000000089e+00 -1.033000000000000064e-03 6.341000000000000282e-03 9.999789999999999512e-01 -3.581849999999999756e-01 9.336290000000000422e-01 -6.289999999999999584e-03 -9.336499999999999799e-01 -3.581840000000000024e-01 1.307000000000000002e-03
1.800000000000000000e+01 2.600000000000000000e+01 6.400000000000000000e+01 0.000000000000000000e+00 1.600000000000000089e+00 3.310000000000000225e-04 1.732000000000000033e-03 9.999980000000000535e-01 -3.591440000000000188e-01 9.332810000000000272e-01 -1.497000000000000067e-03 -9.332819999999999450e-01 -3.591429999999999900e-01 9.309999999999999699e-04
2.500000000000000000e+01 2.600000000000000000e+01 6.400000000000000000e+01 0.000000000000000000e+00 1.600000000000000089e+00 -1.260000000000000052e-03 -2.664000000000000135e-03 9.999959999999999960e-01 -3.584919999999999773e-01 9.335309999999999997e-01 2.034999999999999917e-03 -9.335320000000000285e-01 -3.584879999999999733e-01 -2.131000000000000082e-03
2.900000000000000000e+01 2.600000000000000000e+01 6.400000000000000000e+01 0.000000000000000000e+00 1.600000000000000089e+00 3.490000000000000263e-04 -1.469999999999999953e-03 9.999989999999999712e-01 -3.572899999999999965e-01 9.339920000000000444e-01 1.497000000000000067e-03 -9.339929999999999621e-01 -3.572899999999999965e-01 -1.990000000000000124e-04
1.100000000000000000e+01 8.500000000000000000e+01 6.600000000000000000e+01 0.000000000000000000e+00 1.600000000000000089e+00 -8.326000000000000068e-03 1.202499999999999923e-02 9.998930000000000318e-01 1.499179999999999957e-01 -9.886110000000000175e-01 1.313800000000000037e-02 9.886629999999999585e-01 1.500120000000000064e-01 6.427999999999999686e-03
2.400000000000000000e+01 3.100000000000000000e+01 7.100000000000000000e+01 0.000000000000000000e+00 1.600000000000000089e+00 1.477999999999999930e-03 -6.065000000000000079e-03 -9.999799999999999800e-01 -7.087569999999999704e-01 -7.054460000000000175e-01 3.230999999999999931e-03 -7.054510000000000502e-01 7.087379999999999791e-01 -5.341000000000000261e-03
