4.000000000000000000e+00 2.500000000000000000e+01 1.000000000000000000e+00 0.000000000000000000e+00 1.600000000000000089e+00 2.696000000000000046e-03 3.080000000000000055e-04 -9.999959999999999960e-01 -5.365349999999999842e-01 -8.438769999999999882e-01 -1.706999999999999967e-03 -8.438740000000000130e-01 5.365370000000000417e-01 -2.109999999999999896e-03
1.100000000000000000e+01 2.500000000000000000e+01 1.000000000000000000e+00 0.000000000000000000e+00 1.600000000000000089e+00 -1.281999999999999936e-03 -1.557999999999999923e-03 -9.999980000000000535e-01 -5.350470000000000503e-01 -8.448200000000000154e-01 2.001999999999999873e-03 -8.448219999999999619e-01 5.350479999999999681e-01 2.489999999999999809e-04
1.700000000000000000e+01 2.500000000000000000e+01 1.000000000000000000e+00 0.000000000000000000e+00 1.600000000000000089e+00 -9.210000000000000521e-04 -1.513000000000000022e-03 -9.999980000000000535e-01 -5.301270000000000149e-01 -8.479170000000000318e-01 1.771000000000000005e-03 -8.479179999999999495e-01 5.301270000000000149e-01 -2.099999999999999884e-05
2.400000000000000000e+01 2.500000000000000000e+01 1.000000000000000000e+00 0.000000000000000000e+00 1.600000000000000089e+00 -5.000000000000000409e-06 -1.497000000000000067e-03 -9.999989999999999712e-01 -5.300770000000000204e-01 -8.479480000000000350e-01 1.271999999999999910e-03 -8.479489999999999528e-01 5.300770000000000204e-01 -7.889999999999999878e-04
2.800000000000000000e+01 3.000000000000000000e+00 4.000000000000000000e+00 0.000000000000000000e+00 1.600000000000000089e+00 -1.129949999999999982e-01 -2.488200000000000134e-02 -9.932839999999999447e-01 -8.541670000000000096e-01 -5.082520000000000371e-01 1.099009999999999987e-01 -5.075730000000000519e-01 8.608489999999999753e-01 3.617700000000000082e-02
3.000000000000000000e+00 1.500000000000000000e+01 4.000000000000000000e+00 0.000000000000000000e+00 1.600000000000000089e+00 -3.640000000000000006e-03 -4.207999999999999935e-03 9.999850000000000128e-01 3.241680000000000117e-01 -9.459950000000000303e-01 -2.801000000000000104e-03 9.459920000000000551e-01 3.241530000000000244e-01 4.806999999999999641e-03
9.000000000000000000e+00 1.500000000000000000e+01 4.000000000000000000e+00 0.000000000000000000e+00 1.600000000000000089e+00 2.442000000000000160e-03 7.015999999999999667e-03 9.999719999999999720e-01 3.214460000000000095e-01 -9.469100000000000295e-01 5.858999999999999625e-03 9.469250000000000167e-01 3.214230000000000143e-01 -4.568000000000000012e-03
1.700000000000000000e+01 1.500000000000000000e+01 4.000000000000000000e+00 0.000000000000000000e+00 1.600000000000000089e+00 -4.270999999999999623e-03 -9.627000000000000141e-03 9.999449999999999728e-01 3.200790000000000024e-01 -9.473589999999999511e-01 -7.753999999999999608e-03 9.473810000000000286e-01 3.200290000000000079e-01 7.127999999999999788e-03
2.200000000000000000e+01 1.500000000000000000e+01 4.000000000000000000e+00 0.000000000000000000e+00 1.600000000000000089e+00 2.010000000000000068e-04 -1.016099999999999989e-02 9.999479999999999480e-01 3.156129999999999769e-01 -9.488379999999999592e-01 -9.705000000000000085e-03 9.488879999999999537e-01 3.155990000000000184e-01 3.016000000000000018e-03
8.000000000000000000e+00 1.600000000000000000e+01 4.000000000000000000e+00 0.000000000000000000e+00 1.600000000000000089e+00 1.312000000000000015e-03 5.734999999999999647e-03 9.999829999999999552e-01 3.936439999999999939e-01 -9.192510000000000403e-01 4.755999999999999811e-03 9.192620000000000235e-01 3.936310000000000087e-01 -3.462999999999999932e-03
2.700000000000000000e+01 1.600000000000000000e+01 4.000000000000000000e+00 0.000000000000000000e+00 1.600000000000000089e+00 3.990999999999999756e-03 -5.516000000000000070e-03 9.999770000000000048e-01 3.969070000000000098e-01 -9.178349999999999564e-01 -6.645999999999999998e-03 9.178500000000000547e-01 3.969239999999999990e-01 -1.472999999999999917e-03
2.000000000000000000e+00 1.010000000000000000e+02 7.000000000000000000e+00 0.000000000000000000e+00 1.600000000000000089e+00 1.152999999999999945e-03 -7.017999999999999933e-03 9.999749999999999472e-01 8.861679999999999557e-01 4.633579999999999921e-01 2.230000000000000211e-03 -4.633619999999999961e-01 8.861430000000000140e-01 6.753000000000000322e-03
7.000000000000000000e+00 1.010000000000000000e+02 7.000000000000000000e+00 0.000000000000000000e+00 1.600000000000000089e+00 2.497999999999999787e-03 -1.546999999999999938e-02 9.998770000000000158e-01 8.866140000000000132e-01 4.624849999999999794e-01 4.941000000000000079e-03 -4.625040000000000262e-01 8.864919999999999467e-01 1.487100000000000054e-02
1.300000000000000000e+01 1.010000000000000000e+02 7.000000000000000000e+00 0.000000000000000000e+00 1.600000000000000089e+00 -6.170000000000000354e-04 -1.479899999999999965e-02 9.998899999999999455e-01 8.894440000000000124e-01 4.569860000000000033e-01 7.313000000000000056e-03 -4.570449999999999791e-01 8.893510000000000026e-01 1.288100000000000009e-02
1.700000000000000000e+01 1.010000000000000000e+02 7.000000000000000000e+00 0.000000000000000000e+00 1.600000000000000089e+00 1.134000000000000025e-03 -1.461299999999999925e-02 9.998930000000000318e-01 8.890400000000000524e-01 4.577950000000000075e-01 5.682000000000000418e-03 -4.578280000000000127e-01 8.889380000000000059e-01 1.350999999999999944e-02
1.000000000000000000e+00 2.500000000000000000e+01 8.000000000000000000e+00 0.000000000000000000e+00 1.600000000000000089e+00 -2.214999999999999955e-03 -9.690000000000000696e-03 -9.999510000000000343e-01 4.496209999999999929e-01 8.931670000000000442e-01 -9.650999999999999857e-03 8.932170000000000387e-01 -4.496200000000000196e-01 2.379000000000000038e-03
9.000000000000000000e+00 2.500000000000000000e+01 8.000000000000000000e+00 0.000000000000000000e+00 1.600000000000000089e+00 2.660000000000000146e-04 1.340999999999999961e-03 -9.999989999999999712e-01 4.499489999999999879e-01 8.930529999999999857e-01 1.317000000000000028e-03 8.930540000000000145e-01 -4.499489999999999879e-01 -3.649999999999999816e-04
1.400000000000000000e+01 2.500000000000000000e+01 8.000000000000000000e+00 0.000000000000000000e+00 1.600000000000000089e+00 2.760999999999999999e-03 1.108000000000000044e-03 -9.999959999999999960e-01 4.499750000000000139e-01 8.930390000000000272e-01 2.232000000000000043e-03 8.930369999999999697e-01 -4.499790000000000179e-01 1.966999999999999998e-03
2.000000000000000000e+01 2.500000000000000000e+01 8.000000000000000000e+00 0.000000000000000000e+00 1.600000000000000089e+00 -4.499999999999999877e-04 5.671999999999999958e-03 -9.999839999999999840e-01 4.445569999999999800e-01 8.957370000000000054e-01 4.880999999999999922e-03 8.957500000000000462e-01 -4.445479999999999987e-01 -2.923999999999999950e-03
2.700000000000000000e+01 2.500000000000000000e+01 8.000000000000000000e+00 0.000000000000000000e+00 1.600000000000000089e+00 1.229999999999999974e-03 -6.830000000000000134e-04 -9.999989999999999712e-01 4.446880000000000277e-01 8.956859999999999822e-01 -6.499999999999999431e-05 8.956849999999999534e-01 -4.446869999999999989e-01 1.404999999999999999e-03
3.000000000000000000e+01 2.500000000000000000e+01 8.000000000000000000e+00 0.000000000000000000e+00 1.600000000000000089e+00 7.789999999999999616e-04 4.427000000000000379e-03 -9.999900000000000455e-01 4.452699999999999991e-01 8.953860000000000152e-01 4.310999999999999728e-03 8.953959999999999697e-01 -4.452690000000000259e-01 -1.273000000000000043e-03
1.000000000000000000e+00 2.400000000000000000e+01 9.000000000000000000e+00 0.000000000000000000e+00 1.600000000000000089e+00 -1.356999999999999916e-03 -9.091999999999999388e-03 -9.999580000000000135e-01 4.554849999999999732e-01 8.902010000000000201e-01 -8.711999999999999258e-03 8.902430000000000065e-01 -4.554770000000000207e-01 2.933999999999999976e-03
9.000000000000000000e+00 2.400000000000000000e+01 9.000000000000000000e+00 0.000000000000000000e+00 1.600000000000000089e+00 3.029999999999999924e-04 4.600000000000000139e-04 -1.000000000000000000e+00 4.548280000000000101e-01 8.905790000000000095e-01 5.479999999999999845e-04 8.905790000000000095e-01 -4.548280000000000101e-01 6.099999999999999872e-05
1.200000000000000000e+01 2.400000000000000000e+01 9.000000000000000000e+00 0.000000000000000000e+00 1.600000000000000089e+00 1.199999999999999895e-03 1.923999999999999929e-03 -9.999970000000000248e-01 4.554279999999999995e-01 8.902700000000000058e-01 2.259999999999999856e-03 8.902719999999999523e-01 -4.554300000000000015e-01 1.920000000000000049e-04
1.500000000000000000e+01 2.400000000000000000e+01 9.000000000000000000e+00 0.000000000000000000e+00 1.600000000000000089e+00 2.736000000000000151e-03 4.899999999999999842e-04 -9.999959999999999960e-01 4.550150000000000028e-01 8.904819999999999958e-01 1.681999999999999901e-03 8.904790000000000205e-01 -4.550179999999999780e-01 2.213999999999999822e-03
2.100000000000000000e+01 2.400000000000000000e+01 9.000000000000000000e+00 0.000000000000000000e+00 1.600000000000000089e+00 -1.129999999999999955e-04 6.823000000000000072e-03 -9.999770000000000048e-01 4.498360000000000136e-01 8.930909999999999682e-01 6.042999999999999761e-03 8.931109999999999882e-01 -4.498249999999999749e-01 -3.170000000000000075e-03
2.600000000000000000e+01 2.400000000000000000e+01 9.000000000000000000e+00 0.000000000000000000e+00 1.600000000000000089e+00 9.179999999999999792e-04 -2.945999999999999834e-03 -9.999949999999999672e-01 4.507950000000000013e-01 8.926250000000000018e-01 -2.214999999999999955e-03 8.926269999999999483e-01 -4.507909999999999973e-01 2.148000000000000170e-03
6.000000000000000000e+00 3.100000000000000000e+01 1.200000000000000000e+01 0.000000000000000000e+00 1.600000000000000089e+00 3.660000000000000059e-04 -8.080000000000000160e-04 1.000000000000000000e+00 -1.071899999999999936e-02 9.999419999999999975e-01 8.120000000000000048e-04 -9.999419999999999975e-01 -1.071899999999999936e-02 3.579999999999999741e-04
2.300000000000000000e+01 3.100000000000000000e+01 1.200000000000000000e+01 0.000000000000000000e+00 1.600000000000000089e+00 2.356000000000000021e-03 -3.200999999999999852e-03 9.999919999999999920e-01 -5.802999999999999999e-03 9.999780000000000335e-01 3.214999999999999976e-03 -9.999799999999999800e-01 -5.810000000000000060e-03 2.337000000000000102e-03
1.000000000000000000e+00 3.500000000000000000e+01 1.200000000000000000e+01 0.000000000000000000e+00 1.600000000000000089e+00 -3.572000000000000088e-03 -1.559999999999999972e-04 -9.999940000000000495e-01 5.100059999999999594e-01 -8.601689999999999614e-01 -1.688000000000000047e-03 -8.601630000000000109e-01 -5.100090000000000456e-01 3.152999999999999987e-03
5.000000000000000000e+00 3.500000000000000000e+01 1.200000000000000000e+01 0.000000000000000000e+00 1.600000000000000089e+00 -6.629999999999999609e-04 -2.448999999999999788e-03 -9.999970000000000248e-01 4.993790000000000173e-01 -8.663819999999999855e-01 1.791000000000000057e-03 -8.663830000000000142e-01 -4.993759999999999866e-01 1.797999999999999902e-03
9.000000000000000000e+00 3.500000000000000000e+01 1.200000000000000000e+01 0.000000000000000000e+00 1.600000000000000089e+00 6.068999999999999742e-03 -4.837000000000000154e-03 -9.999700000000000255e-01 4.968790000000000151e-01 -8.677899999999999503e-01 7.212999999999999794e-03 -8.677989999999999871e-01 -4.969080000000000163e-01 -2.863000000000000093e-03
1.400000000000000000e+01 3.500000000000000000e+01 1.200000000000000000e+01 0.000000000000000000e+00 1.600000000000000089e+00 6.650000000000000095e-04 -1.810000000000000085e-04 -1.000000000000000000e+00 5.104239999999999888e-01 -8.599229999999999929e-01 4.949999999999999973e-04 -8.599229999999999929e-01 -5.104239999999999888e-01 -4.789999999999999879e-04
1.800000000000000000e+01 3.500000000000000000e+01 1.200000000000000000e+01 0.000000000000000000e+00 1.600000000000000089e+00 -1.851999999999999914e-03 -3.699999999999999947e-04 -9.999980000000000535e-01 5.262790000000000523e-01 -8.503119999999999568e-01 -6.599999999999999964e-04 -8.503100000000000103e-01 -5.262799999999999701e-01 1.768999999999999956e-03
2.500000000000000000e+01 3.500000000000000000e+01 1.200000000000000000e+01 0.000000000000000000e+00 1.600000000000000089e+00 2.315999999999999916e-03 6.323999999999999760e-03 -9.999770000000000048e-01 5.359580000000000455e-01 -8.442349999999999577e-01 -4.096999999999999947e-03 -8.442420000000000480e-01 -5.359359999999999680e-01 -5.344999999999999925e-03
2.800000000000000000e+01 3.500000000000000000e+01 1.200000000000000000e+01 0.000000000000000000e+00 1.600000000000000089e+00 1.861999999999999940e-03 4.040000000000000188e-03 -9.999900000000000455e-01 5.404560000000000475e-01 -8.413690000000000335e-01 -2.393000000000000162e-03 -8.413699999999999513e-01 -5.404470000000000107e-01 -3.749999999999999861e-03
2.800000000000000000e+01 3.200000000000000000e+01 1.400000000000000000e+01 0.000000000000000000e+00 1.600000000000000089e+00 -1.889999999999999970e-03 3.105000000000000121e-03 -9.999930000000000208e-01 9.921399999999999664e-02 9.950620000000000021e-01 2.903000000000000198e-03 9.950639999999999485e-01 -9.920800000000000451e-02 -2.187999999999999841e-03
7.000000000000000000e+00 1.200000000000000000e+01 1.500000000000000000e+01 0.000000000000000000e+00 1.600000000000000089e+00 3.400000000000000244e-04 2.710000000000000169e-03 -9.999959999999999960e-01 -4.687970000000000192e-01 -8.833020000000000316e-01 -2.553000000000000148e-03 -8.833060000000000356e-01 4.687970000000000192e-01 9.700000000000000505e-04
1.300000000000000000e+01 1.200000000000000000e+01 1.500000000000000000e+01 0.000000000000000000e+00 1.600000000000000089e+00 3.440000000000000132e-04 -4.670999999999999805e-03 -9.999890000000000168e-01 -4.679099999999999926e-01 -8.837669999999999693e-01 3.967000000000000040e-03 -8.837760000000000060e-01 4.679030000000000133e-01 -2.488999999999999893e-03
1.800000000000000000e+01 1.200000000000000000e+01 1.500000000000000000e+01 0.000000000000000000e+00 1.600000000000000089e+00 -9.070000000000000371e-04 -2.779999999999999919e-03 -9.999959999999999960e-01 -4.666609999999999925e-01 -8.844309999999999672e-01 2.882000000000000013e-03 -8.844359999999999999e-01 4.666620000000000212e-01 -4.949999999999999973e-04
2.400000000000000000e+01 1.200000000000000000e+01 1.500000000000000000e+01 0.000000000000000000e+00 1.600000000000000089e+00 1.301000000000000073e-03 -1.647999999999999942e-03 -9.999980000000000535e-01 -4.668930000000000025e-01 -8.843130000000000157e-01 8.499999999999999526e-04 -8.843130000000000157e-01 4.668910000000000005e-01 -1.920000000000000049e-03
1.800000000000000000e+01 1.100000000000000000e+01 1.600000000000000000e+01 0.000000000000000000e+00 1.600000000000000089e+00 -4.220000000000000118e-04 -3.487000000000000082e-03 -9.999940000000000495e-01 -4.082799999999999763e-01 -9.128500000000000503e-01 3.356000000000000042e-03 -9.128570000000000295e-01 4.082790000000000030e-01 -1.038000000000000077e-03
2.200000000000000000e+01 1.100000000000000000e+01 1.600000000000000000e+01 0.000000000000000000e+00 1.600000000000000089e+00 1.199999999999999895e-03 -4.797000000000000049e-03 -9.999879999999999880e-01 -4.086759999999999837e-01 -9.126710000000000100e-01 3.886999999999999830e-03 -9.126790000000000180e-01 4.086659999999999737e-01 -3.056000000000000123e-03
2.800000000000000000e+01 1.100000000000000000e+01 1.600000000000000000e+01 0.000000000000000000e+00 1.600000000000000089e+00 1.093999999999999920e-03 5.374000000000000304e-03 -9.999850000000000128e-01 -4.105739999999999945e-01 -9.118119999999999559e-01 -5.348999999999999588e-03 -9.118270000000000541e-01 4.105739999999999945e-01 1.209000000000000005e-03
7.000000000000000000e+00 1.160000000000000000e+02 1.600000000000000000e+01 0.000000000000000000e+00 1.600000000000000089e+00 -2.203000000000000097e-03 -5.919999999999999698e-04 9.999970000000000248e-01 7.056189999999999962e-01 7.085890000000000244e-01 1.972999999999999927e-03 -7.085879999999999956e-01 7.056210000000000537e-01 -1.142999999999999919e-03
1.800000000000000000e+01 1.160000000000000000e+02 1.600000000000000000e+01 0.000000000000000000e+00 1.600000000000000089e+00 -2.820000000000000241e-04 4.939999999999999730e-04 1.000000000000000000e+00 7.600949999999999651e-01 6.498129999999999740e-01 -1.060000000000000016e-04 -6.498119999999999452e-01 7.600940000000000474e-01 -5.590000000000000351e-04
2.200000000000000000e+01 1.160000000000000000e+02 1.600000000000000000e+01 0.000000000000000000e+00 1.600000000000000089e+00 2.999999999999999737e-04 -1.021999999999999905e-03 9.999989999999999712e-01 7.617260000000000142e-01 6.478990000000000027e-01 4.339999999999999782e-04 -6.479000000000000314e-01 7.617249999999999854e-01 9.730000000000000151e-04
1.000000000000000000e+01 2.000000000000000000e+00 1.900000000000000000e+01 0.000000000000000000e+00 1.600000000000000089e+00 5.399000000000000153e-03 1.605399999999999883e-02 -9.998569999999999958e-01 2.537650000000000183e-01 -9.671619999999999662e-01 -1.415899999999999971e-02 -9.672509999999999719e-01 -2.536519999999999886e-01 -9.296000000000000443e-03
1.800000000000000000e+01 2.000000000000000000e+00 1.900000000000000000e+01 0.000000000000000000e+00 1.600000000000000089e+00 -6.415999999999999828e-03 -2.566799999999999984e-02 -9.996500000000000385e-01 2.713169999999999749e-01 -9.622159999999999602e-01 2.296600000000000030e-02 -9.624690000000000190e-01 -2.710739999999999816e-01 1.313800000000000037e-02
2.600000000000000000e+01 2.000000000000000000e+00 1.900000000000000000e+01 0.000000000000000000e+00 1.600000000000000089e+00 7.171000000000000291e-03 -3.102500000000000049e-02 -9.994929999999999648e-01 2.607700000000000018e-01 -9.648759999999999559e-01 3.182200000000000306e-02 -9.653739999999999544e-01 -2.608659999999999868e-01 1.172000000000000082e-03
4.000000000000000000e+00 4.000000000000000000e+00 2.000000000000000000e+01 0.000000000000000000e+00 1.600000000000000089e+00 9.520000000000000467e-04 6.637999999999999803e-03 -9.999770000000000048e-01 4.529030000000000000e-01 -8.915429999999999744e-01 -5.486999999999999690e-03 -8.915589999999999904e-01 -4.528880000000000128e-01 -3.854999999999999920e-03
3.000000000000000000e+00 1.300000000000000000e+01 2.000000000000000000e+01 0.000000000000000000e+00 1.600000000000000089e+00 -1.134999999999999941e-03 5.774999999999999752e-03 9.999829999999999552e-01 2.586930000000000063e-01 9.659450000000000536e-01 -5.284999999999999767e-03 -9.659590000000000121e-01 2.586829999999999963e-01 -2.589999999999999854e-03
7.000000000000000000e+00 1.300000000000000000e+01 2.000000000000000000e+01 0.000000000000000000e+00 1.600000000000000089e+00 -3.139999999999999888e-04 -1.456000000000000046e-03 9.999989999999999712e-01 2.616749999999999909e-01 9.651549999999999851e-01 1.487000000000000040e-03 -9.651560000000000139e-01 2.616749999999999909e-01 7.799999999999999859e-05
1.400000000000000000e+01 1.300000000000000000e+01 2.000000000000000000e+01 0.000000000000000000e+00 1.600000000000000089e+00 5.699999999999999772e-04 -4.910000000000000085e-04 1.000000000000000000e+00 2.590439999999999965e-01 9.658649999999999736e-01 3.269999999999999795e-04 -9.658649999999999736e-01 2.590439999999999965e-01 6.780000000000000002e-04
1.900000000000000000e+01 1.300000000000000000e+01 2.000000000000000000e+01 0.000000000000000000e+00 1.600000000000000089e+00 7.900000000000000121e-04 1.312999999999999931e-03 9.999989999999999712e-01 2.597249999999999837e-01 9.656820000000000404e-01 -1.472999999999999917e-03 -9.656820000000000404e-01 2.597260000000000124e-01 4.220000000000000118e-04
2.500000000000000000e+01 1.300000000000000000e+01 2.000000000000000000e+01 0.000000000000000000e+00 1.600000000000000089e+00 -7.579999999999999932e-04 -1.933000000000000039e-03 9.999980000000000535e-01 2.590250000000000052e-01 9.658679999999999488e-01 2.063000000000000164e-03 -9.658700000000000063e-01 2.590259999999999785e-01 -2.310000000000000042e-04
2.900000000000000000e+01 1.300000000000000000e+01 2.000000000000000000e+01 0.000000000000000000e+00 1.600000000000000089e+00 -1.409000000000000096e-03 -2.416000000000000179e-03 9.999959999999999960e-01 2.598779999999999979e-01 9.656379999999999963e-01 2.699000000000000010e-03 -9.656400000000000539e-01 2.598809999999999731e-01 -7.330000000000000361e-04
7.000000000000000000e+00 3.000000000000000000e+00 2.500000000000000000e+01 0.000000000000000000e+00 1.600000000000000089e+00 -9.390000000000000777e-03 -2.678999999999999958e-03 9.999519999999999520e-01 -3.683899999999999675e-02 -9.993170000000000108e-01 -3.024000000000000212e-03 9.992769999999999708e-01 -3.686500000000000193e-02 9.284000000000000585e-03
1.300000000000000000e+01 3.000000000000000000e+00 2.500000000000000000e+01 0.000000000000000000e+00 1.600000000000000089e+00 -2.380000000000000117e-04 6.616000000000000353e-03 9.999780000000000335e-01 -3.330500000000000127e-02 -9.994229999999999503e-01 6.603999999999999627e-03 9.994450000000000278e-01 -3.330299999999999927e-02 4.580000000000000195e-04
2.300000000000000000e+01 3.000000000000000000e+00 2.500000000000000000e+01 0.000000000000000000e+00 1.600000000000000089e+00 -9.020000000000000240e-04 -4.949000000000000274e-03 9.999869999999999592e-01 -4.791399999999999826e-02 -9.988390000000000324e-01 -4.987000000000000113e-03 9.988510000000000444e-01 -4.791800000000000226e-02 6.639999999999999852e-04
2.900000000000000000e+01 3.000000000000000000e+00 2.500000000000000000e+01 0.000000000000000000e+00 1.600000000000000089e+00 -5.130000000000000011e-04 -2.997000000000000098e-03 9.999949999999999672e-01 -3.558599999999999958e-02 -9.993619999999999726e-01 -3.013000000000000053e-03 9.993659999999999766e-01 -3.558800000000000158e-02 4.060000000000000024e-04
1.700000000000000000e+01 4.600000000000000000e+01 3.000000000000000000e+01 0.000000000000000000e+00 1.600000000000000089e+00 -9.349999999999999587e-04 -1.054999999999999948e-03 -9.999989999999999712e-01 3.285179999999999767e-01 9.444970000000000310e-01 -1.302999999999999905e-03 9.444970000000000310e-01 -3.285190000000000055e-01 -5.360000000000000181e-04
2.300000000000000000e+01 4.600000000000000000e+01 3.000000000000000000e+01 0.000000000000000000e+00 1.600000000000000089e+00 2.171000000000000187e-03 1.356000000000000000e-03 -9.999970000000000248e-01 3.303749999999999742e-01 9.438480000000000203e-01 1.997000000000000077e-03 9.438469999999999915e-01 -3.303780000000000050e-01 1.600999999999999993e-03
1.000000000000000000e+00 5.800000000000000000e+01 3.100000000000000000e+01 0.000000000000000000e+00 1.600000000000000089e+00 2.239000000000000105e-03 -5.930000000000000375e-03 9.999799999999999800e-01 -7.677770000000000428e-01 -6.407140000000000057e-01 -2.080999999999999951e-03 6.407129999999999770e-01 -7.677570000000000228e-01 -5.987000000000000134e-03
1.000000000000000000e+01 5.800000000000000000e+01 3.100000000000000000e+01 0.000000000000000000e+00 1.600000000000000089e+00 4.310000000000000137e-04 4.921000000000000027e-03 9.999879999999999880e-01 -7.706349999999999589e-01 -6.372679999999999456e-01 3.468000000000000162e-03 6.372769999999999824e-01 -7.706269999999999509e-01 3.517999999999999860e-03
1.800000000000000000e+01 5.800000000000000000e+01 3.100000000000000000e+01 0.000000000000000000e+00 1.600000000000000089e+00 -1.536999999999999955e-03 -3.278999999999999797e-03 9.999930000000000208e-01 -7.669399999999999551e-01 -6.417100000000000026e-01 -3.282999999999999894e-03 6.417169999999999819e-01 -7.669399999999999551e-01 -1.528000000000000061e-03
2.200000000000000000e+01 5.800000000000000000e+01 3.100000000000000000e+01 0.000000000000000000e+00 1.600000000000000089e+00 -1.610000000000000103e-03 -3.883000000000000167e-03 9.999909999999999632e-01 -7.688869999999999871e-01 -6.393729999999999691e-01 -3.720999999999999915e-03 6.393820000000000059e-01 -7.688869999999999871e-01 -1.955999999999999839e-03
2.400000000000000000e+01 5.800000000000000000e+01 3.100000000000000000e+01 0.000000000000000000e+00 1.600000000000000089e+00 -1.185000000000000072e-03 -3.797000000000000028e-03 9.999919999999999920e-01 -7.692510000000000181e-01 -6.389390000000000347e-01 -3.337999999999999821e-03 6.389460000000000139e-01 -7.692480000000000429e-01 -2.162999999999999992e-03
1.000000000000000000e+00 4.600000000000000000e+01 3.500000000000000000e+01 0.000000000000000000e+00 1.600000000000000089e+00 -2.000000000000000096e-04 -1.291000000000000047e-03 -9.999989999999999712e-01 3.919469999999999898e-01 -9.199869999999999992e-01 1.110000000000000092e-03 -9.199880000000000280e-01 -3.919469999999999898e-01 6.899999999999999667e-04
4.000000000000000000e+00 4.600000000000000000e+01 3.500000000000000000e+01 0.000000000000000000e+00 1.600000000000000089e+00 4.530000000000000064e-04 -2.701999999999999975e-03 -9.999959999999999960e-01 3.920540000000000136e-01 -9.199380000000000335e-01 2.663000000000000003e-03 -9.199420000000000375e-01 -3.920540000000000136e-01 6.430000000000000169e-04
1.000000000000000000e+01 4.600000000000000000e+01 3.500000000000000000e+01 0.000000000000000000e+00 1.600000000000000089e+00 1.825000000000000016e-03 -1.222999999999999912e-03 -9.999980000000000535e-01 3.933530000000000082e-01 -9.193860000000000365e-01 1.842000000000000104e-03 -9.193860000000000365e-01 -3.933550000000000102e-01 -1.196000000000000014e-03
1.800000000000000000e+01 4.600000000000000000e+01 3.500000000000000000e+01 0.000000000000000000e+00 1.600000000000000089e+00 3.750000000000000078e-04 -1.041999999999999958e-03 -9.999989999999999712e-01 3.926950000000000163e-01 -9.196680000000000410e-01 1.105999999999999995e-03 -9.196689999999999587e-01 -3.926950000000000163e-01 6.499999999999999431e-05
2.200000000000000000e+01 4.600000000000000000e+01 3.500000000000000000e+01 0.000000000000000000e+00 1.600000000000000089e+00 -1.669999999999999935e-04 -1.041999999999999958e-03 -9.999989999999999712e-01 3.912479999999999847e-01 -9.202850000000000197e-01 8.930000000000000221e-04 -9.202850000000000197e-01 -3.912479999999999847e-01 5.619999999999999996e-04
2.900000000000000000e+01 4.600000000000000000e+01 3.500000000000000000e+01 0.000000000000000000e+00 1.600000000000000089e+00 -7.569999999999999689e-04 -5.814999999999999857e-03 -9.999829999999999552e-01 3.893619999999999859e-01 -9.210709999999999731e-01 5.061999999999999660e-03 -9.210840000000000138e-01 -3.893519999999999759e-01 2.961000000000000090e-03
2.000000000000000000e+00 9.500000000000000000e+01 3.600000000000000000e+01 0.000000000000000000e+00 1.600000000000000089e+00 1.907000000000000058e-03 -2.366800000000000154e-02 9.997179999999999955e-01 9.972729999999999650e-01 7.380200000000000649e-02 -1.550000000000000000e-04 -7.377699999999999536e-02 9.969919999999999893e-01 2.374400000000000122e-02
4.000000000000000000e+00 3.000000000000000000e+00 4.300000000000000000e+01 0.000000000000000000e+00 1.600000000000000089e+00 2.871999999999999987e-03 -1.118099999999999997e-02 -9.999329999999999607e-01 7.360520000000000396e-01 -6.768560000000000132e-01 9.681999999999999634e-03 -6.769190000000000484e-01 -7.360309999999999908e-01 6.285999999999999921e-03
8.000000000000000000e+00 3.000000000000000000e+00 4.300000000000000000e+01 0.000000000000000000e+00 1.600000000000000089e+00 -1.069999999999999988e-04 -3.176799999999999763e-02 -9.994950000000000223e-01 7.441429999999999989e-01 -6.676860000000000017e-01 2.114200000000000107e-02 -6.680199999999999472e-01 -7.437650000000000095e-01 2.371200000000000044e-02
1.000000000000000000e+01 3.000000000000000000e+00 4.300000000000000000e+01 0.000000000000000000e+00 1.600000000000000089e+00 -4.031999999999999994e-03 -2.844400000000000053e-02 -9.995870000000000033e-01 7.481179999999999497e-01 -6.633759999999999657e-01 1.585999999999999910e-02 -6.635539999999999772e-01 -7.477449999999999930e-01 2.395399999999999960e-02
1.700000000000000000e+01 3.000000000000000000e+00 4.300000000000000000e+01 0.000000000000000000e+00 1.600000000000000089e+00 -9.990000000000001049e-04 2.320099999999999940e-02 -9.997300000000000075e-01 7.539280000000000426e-01 -6.567619999999999569e-01 -1.599599999999999980e-02 -6.569559999999999844e-01 -7.537409999999999943e-01 -1.683600000000000027e-02
2.400000000000000000e+01 3.000000000000000000e+00 4.300000000000000000e+01 0.000000000000000000e+00 1.600000000000000089e+00 -3.919999999999999873e-04 6.257999999999999674e-03 -9.999799999999999800e-01 7.409630000000000383e-01 -6.715309999999999890e-01 -4.492999999999999598e-03 -6.715459999999999763e-01 -7.409499999999999975e-01 -4.373000000000000151e-03
1.000000000000000000e+01 8.000000000000000000e+00 4.400000000000000000e+01 0.000000000000000000e+00 1.600000000000000089e+00 -4.976999999999999653e-03 -1.159999999999999920e-02 9.999200000000000310e-01 -7.839850000000000430e-01 -6.206810000000000382e-01 -1.110300000000000002e-02 6.207599999999999785e-01 -7.839770000000000350e-01 -6.004999999999999921e-03
1.700000000000000000e+01 8.000000000000000000e+00 4.400000000000000000e+01 0.000000000000000000e+00 1.600000000000000089e+00 2.344999999999999862e-03 5.292999999999999962e-03 9.999829999999999552e-01 -7.894039999999999946e-01 -6.138529999999999820e-01 5.100000000000000366e-03 6.138700000000000268e-01 -7.894029999999999658e-01 2.737999999999999982e-03
2.100000000000000000e+01 8.000000000000000000e+00 4.400000000000000000e+01 0.000000000000000000e+00 1.600000000000000089e+00 3.896000000000000157e-03 5.126999999999999613e-03 9.999789999999999512e-01 -7.897830000000000128e-01 -6.133539999999999548e-01 6.222000000000000100e-03 6.133739999999999748e-01 -7.897910000000000208e-01 1.659000000000000101e-03
2.500000000000000000e+01 8.000000000000000000e+00 4.400000000000000000e+01 0.000000000000000000e+00 1.600000000000000089e+00 1.910999999999999938e-03 3.712000000000000022e-03 9.999909999999999632e-01 -7.899389999999999468e-01 -6.131739999999999968e-01 3.785999999999999869e-03 6.131830000000000336e-01 -7.899389999999999468e-01 1.760000000000000063e-03
6.000000000000000000e+00 2.900000000000000000e+01 4.400000000000000000e+01 0.000000000000000000e+00 1.600000000000000089e+00 -2.384999999999999967e-03 1.630000000000000047e-04 -9.999970000000000248e-01 6.480219999999999869e-01 7.616199999999999637e-01 -1.420999999999999954e-03 7.616180000000000172e-01 -6.480240000000000444e-01 -1.922000000000000097e-03
1.100000000000000000e+01 2.900000000000000000e+01 4.400000000000000000e+01 0.000000000000000000e+00 1.600000000000000089e+00 1.056999999999999997e-03 -4.490000000000000176e-04 -9.999989999999999712e-01 6.517060000000000075e-01 7.584720000000000351e-01 3.480000000000000020e-04 7.584710000000000063e-01 -6.517049999999999788e-01 1.093999999999999920e-03
2.000000000000000000e+01 2.900000000000000000e+01 4.400000000000000000e+01 0.000000000000000000e+00 1.600000000000000089e+00 8.549999999999999658e-04 5.580000000000000107e-04 -1.000000000000000000e+00 6.568950000000000067e-01 7.539810000000000123e-01 9.820000000000000170e-04 7.539820000000000411e-01 -6.568960000000000354e-01 2.779999999999999811e-04
2.400000000000000000e+01 2.900000000000000000e+01 4.400000000000000000e+01 0.000000000000000000e+00 1.600000000000000089e+00 2.400000000000000061e-05 -9.489999999999999738e-04 -1.000000000000000000e+00 6.559629999999999628e-01 7.547920000000000185e-01 -7.010000000000000172e-04 7.547930000000000472e-01 -6.559629999999999628e-01 6.400000000000000524e-04
2.700000000000000000e+01 2.900000000000000000e+01 4.400000000000000000e+01 0.000000000000000000e+00 1.600000000000000089e+00 -1.649000000000000075e-03 -2.743000000000000212e-03 -9.999949999999999672e-01 6.537129999999999885e-01 7.567359999999999642e-01 -3.154000000000000119e-03 7.567409999999999970e-01 -6.537140000000000173e-01 5.450000000000000200e-04
3.000000000000000000e+01 6.500000000000000000e+01 4.600000000000000000e+01 0.000000000000000000e+00 1.600000000000000089e+00 2.350999999999999791e-03 -1.142000000000000003e-03 9.999970000000000248e-01 6.797490000000000476e-01 -7.334399999999999809e-01 -2.435999999999999797e-03 7.334410000000000096e-01 6.797530000000000516e-01 -9.470000000000000336e-04
1.300000000000000000e+01 7.000000000000000000e+01 4.700000000000000000e+01 0.000000000000000000e+00 1.600000000000000089e+00 1.843999999999999936e-03 -5.932999999999999906e-03 -9.999810000000000088e-01 -8.427639999999999576e-01 -5.382810000000000095e-01 1.639999999999999965e-03 -5.382799999999999807e-01 8.427449999999999664e-01 -5.993000000000000063e-03
4.000000000000000000e+00 5.000000000000000000e+00 5.100000000000000000e+01 0.000000000000000000e+00 1.600000000000000089e+00 3.778000000000000108e-03 -2.717999999999999930e-03 -9.999890000000000168e-01 4.790059999999999873e-01 -8.778019999999999712e-01 4.194999999999999944e-03 -8.778040000000000287e-01 -4.790159999999999973e-01 -2.014000000000000165e-03
8.000000000000000000e+00 5.000000000000000000e+00 5.100000000000000000e+01 0.000000000000000000e+00 1.600000000000000089e+00 -2.603999999999999978e-03 -1.464999999999999983e-02 -9.998890000000000278e-01 4.785690000000000222e-01 -8.779730000000000034e-01 1.161700000000000059e-02 -8.780459999999999932e-01 -4.784860000000000224e-01 9.296999999999999709e-03
1.400000000000000000e+01 5.000000000000000000e+00 5.100000000000000000e+01 0.000000000000000000e+00 1.600000000000000089e+00 1.925999999999999978e-03 5.086000000000000243e-03 -9.999850000000000128e-01 4.727899999999999880e-01 -8.811679999999999513e-01 -3.570999999999999956e-03 -8.811729999999999841e-01 -4.727759999999999740e-01 -4.101999999999999744e-03
2.500000000000000000e+01 5.000000000000000000e+00 5.100000000000000000e+01 0.000000000000000000e+00 1.600000000000000089e+00 8.679999999999999565e-04 8.654999999999999499e-03 -9.999620000000000175e-01 4.669550000000000090e-01 -8.842520000000000380e-01 -7.248000000000000102e-03 -8.842809999999999837e-01 -4.669309999999999850e-01 -4.808999999999999907e-03
1.600000000000000000e+01 1.150000000000000000e+02 5.100000000000000000e+01 0.000000000000000000e+00 1.600000000000000089e+00 6.560000000000000076e-04 2.320000000000000014e-04 1.000000000000000000e+00 8.484099999999999975e-01 -5.293400000000000327e-01 -4.339999999999999782e-04 5.293390000000000040e-01 8.484099999999999975e-01 -5.450000000000000200e-04
2.000000000000000000e+00 6.300000000000000000e+01 5.400000000000000000e+01 0.000000000000000000e+00 1.600000000000000089e+00 -2.265000000000000086e-03 3.874999999999999972e-03 9.999900000000000455e-01 -3.420770000000000199e-01 9.396609999999999685e-01 -4.415999999999999787e-03 -9.396689999999999765e-01 -3.420839999999999992e-01 -8.030000000000000028e-04
9.000000000000000000e+00 6.300000000000000000e+01 5.400000000000000000e+01 0.000000000000000000e+00 1.600000000000000089e+00 9.840000000000000656e-04 -4.739999999999999747e-04 9.999989999999999712e-01 -3.351790000000000047e-01 9.421540000000000470e-01 7.770000000000000214e-04 -9.421540000000000470e-01 -3.351799999999999780e-01 7.680000000000000195e-04
1.400000000000000000e+01 6.300000000000000000e+01 5.400000000000000000e+01 0.000000000000000000e+00 1.600000000000000089e+00 1.698000000000000074e-03 -9.049999999999999885e-04 9.999980000000000535e-01 -3.400460000000000149e-01 9.404080000000000217e-01 1.428999999999999932e-03 -9.404069999999999929e-01 -3.400480000000000169e-01 1.288999999999999998e-03
1.900000000000000000e+01 6.300000000000000000e+01 5.400000000000000000e+01 0.000000000000000000e+00 1.600000000000000089e+00 1.776000000000000018e-03 1.044999999999999922e-03 9.999980000000000535e-01 -3.463109999999999800e-01 9.381199999999999539e-01 -3.660000000000000059e-04 -9.381180000000000074e-01 -3.463089999999999780e-01 2.027999999999999855e-03
2.800000000000000000e+01 6.300000000000000000e+01 5.400000000000000000e+01 0.000000000000000000e+00 1.600000000000000089e+00 -1.724000000000000055e-03 4.960000000000000216e-04 9.999980000000000535e-01 -3.490889999999999826e-01 9.370889999999999498e-01 -1.066000000000000107e-03 -9.370880000000000321e-01 -3.490900000000000114e-01 -1.441999999999999922e-03
4.000000000000000000e+00 2.500000000000000000e+01 5.500000000000000000e+01 0.000000000000000000e+00 1.600000000000000089e+00 1.894999999999999983e-03 -2.873000000000000120e-03 -9.999940000000000495e-01 -1.183299999999999977e-02 -9.999259999999999815e-01 2.850000000000000103e-03 -9.999280000000000390e-01 1.182700000000000071e-02 -1.928999999999999942e-03
7.000000000000000000e+00 2.500000000000000000e+01 5.500000000000000000e+01 0.000000000000000000e+00 1.600000000000000089e+00 1.647000000000000026e-03 6.660000000000000338e-04 -9.999980000000000535e-01 -1.269400000000000042e-02 -9.999190000000000023e-01 -6.870000000000000022e-04 -9.999179999999999735e-01 1.269499999999999969e-02 -1.639000000000000049e-03
1.300000000000000000e+01 2.500000000000000000e+01 5.500000000000000000e+01 0.000000000000000000e+00 1.600000000000000089e+00 9.950000000000000077e-04 4.457000000000000024e-03 -9.999900000000000455e-01 -9.990999999999999881e-03 -9.999400000000000510e-01 -4.466999999999999617e-03 -9.999500000000000055e-01 9.995000000000000412e-03 -9.510000000000000224e-04
3.000000000000000000e+01 2.500000000000000000e+01 5.500000000000000000e+01 0.000000000000000000e+00 1.600000000000000089e+00 4.330000000000000081e-04 -2.853000000000000067e-03 -9.999959999999999960e-01 -1.834900000000000073e-02 -9.998280000000000500e-01 2.844999999999999873e-03 -9.998320000000000540e-01 1.834799999999999973e-02 -4.850000000000000253e-04
2.000000000000000000e+00 2.100000000000000000e+01 6.000000000000000000e+01 0.000000000000000000e+00 1.600000000000000089e+00 -1.269999999999999970e-04 -1.408599999999999956e-02 9.999010000000000398e-01 -9.314999999999999669e-02 9.955530000000000213e-01 1.401299999999999941e-02 -9.956519999999999815e-01 -9.313899999999999957e-02 -1.438999999999999958e-03
1.100000000000000000e+01 2.100000000000000000e+01 6.000000000000000000e+01 0.000000000000000000e+00 1.600000000000000089e+00 1.930000000000000021e-04 -1.628000000000000107e-03 9.999989999999999712e-01 -9.524100000000000621e-02 9.954530000000000323e-01 1.639000000000000049e-03 -9.954539999999999500e-01 -9.524100000000000621e-02 3.699999999999999811e-05
1.500000000000000000e+01 2.100000000000000000e+01 6.000000000000000000e+01 0.000000000000000000e+00 1.600000000000000089e+00 -7.730000000000000326e-04 -5.749999999999999903e-04 1.000000000000000000e+00 -9.469500000000000139e-02 9.955060000000000020e-01 4.989999999999999861e-04 -9.955060000000000020e-01 -9.469400000000000039e-02 -8.239999999999999712e-04
1.800000000000000000e+01 2.100000000000000000e+01 6.000000000000000000e+01 0.000000000000000000e+00 1.600000000000000089e+00 -1.739000000000000094e-03 -3.642999999999999971e-03 9.999919999999999920e-01 -9.550200000000000355e-02 9.954229999999999468e-01 3.459999999999999968e-03 -9.954279999999999795e-01 -9.549499999999999655e-02 -2.079000000000000119e-03
2.200000000000000000e+01 2.100000000000000000e+01 6.000000000000000000e+01 0.000000000000000000e+00 1.600000000000000089e+00 -3.420000000000000188e-04 2.158000000000000196e-03 9.999980000000000535e-01 -9.551900000000000668e-02 9.954250000000000043e-01 -2.181000000000000213e-03 -9.954279999999999795e-01 -9.551900000000000668e-02 -1.340000000000000045e-04
2.400000000000000000e+01 2.100000000000000000e+01 6.000000000000000000e+01 0.000000000000000000e+00 1.600000000000000089e+00 7.860000000000000233e-04 5.304999999999999820e-03 9.999860000000000415e-01 -9.460599999999999565e-02 9.955009999999999692e-01 -5.206999999999999823e-03 -9.955140000000000100e-01 -9.460100000000000453e-02 1.284999999999999901e-03
7.000000000000000000e+00 6.700000000000000000e+01 6.000000000000000000e+01 0.000000000000000000e+00 1.600000000000000089e+00 -1.348000000000000023e-03 -3.242999999999999789e-03 9.999940000000000495e-01 1.746659999999999879e-01 -9.846230000000000260e-01 -2.958000000000000126e-03 9.846270000000000300e-01 1.746610000000000107e-01 1.894000000000000067e-03
