2.200000000000000000e+01 2.500000000000000000e+01 1.000000000000000000e+00 0.000000000000000000e+00 1.600000000000000089e+00 3.930000000000000333e-03 -4.480999999999999740e-03 -9.999820000000000375e-01 -5.219979999999999620e-01 -8.529449999999999532e-01 1.771000000000000005e-03 -8.529379999999999740e-01 5.219819999999999460e-01 -5.690999999999999878e-03
3.000000000000000000e+01 2.500000000000000000e+01 1.000000000000000000e+00 0.000000000000000000e+00 1.600000000000000089e+00 4.145000000000000247e-03 8.160000000000000586e-03 -9.999580000000000135e-01 -5.257739999999999636e-01 -8.505759999999999987e-01 -9.119999999999999635e-03 -8.506139999999999812e-01 5.257889999999999509e-01 7.649999999999999465e-04
1.600000000000000000e+01 4.200000000000000000e+01 2.000000000000000000e+00 0.000000000000000000e+00 1.600000000000000089e+00 6.590999999999999637e-03 -1.327500000000000034e-02 -9.998899999999999455e-01 9.829879999999999729e-01 -1.834510000000000030e-01 8.914999999999999314e-03 -1.835489999999999899e-01 -9.829390000000000072e-01 1.183999999999999983e-02
2.000000000000000000e+00 1.500000000000000000e+01 4.000000000000000000e+00 0.000000000000000000e+00 1.600000000000000089e+00 4.970000000000000459e-04 4.362000000000000426e-03 9.999900000000000455e-01 3.105319999999999747e-01 -9.505550000000000388e-01 3.991999999999999889e-03 9.505630000000000468e-01 3.105269999999999975e-01 -1.827000000000000065e-03
9.000000000000000000e+00 1.500000000000000000e+01 4.000000000000000000e+00 0.000000000000000000e+00 1.600000000000000089e+00 -2.377000000000000206e-03 -4.527999999999999907e-03 9.999869999999999592e-01 3.089990000000000236e-01 -9.510560000000000125e-01 -3.572000000000000088e-03 9.510589999999999877e-01 3.089859999999999829e-01 3.660000000000000059e-03
1.200000000000000000e+01 1.500000000000000000e+01 4.000000000000000000e+00 0.000000000000000000e+00 1.600000000000000089e+00 -3.116999999999999979e-03 -2.625999999999999862e-03 9.999919999999999920e-01 3.089919999999999889e-01 -9.510629999999999917e-01 -1.534999999999999906e-03 9.510600000000000165e-01 3.089839999999999809e-01 3.775999999999999843e-03
2.100000000000000000e+01 1.500000000000000000e+01 4.000000000000000000e+00 0.000000000000000000e+00 1.600000000000000089e+00 1.985999999999999918e-03 3.278000000000000098e-03 9.999930000000000208e-01 3.055999999999999828e-01 -9.521570000000000311e-01 2.514000000000000175e-03 9.521579999999999488e-01 3.055930000000000035e-01 -2.893000000000000172e-03
8.000000000000000000e+00 1.010000000000000000e+02 7.000000000000000000e+00 0.000000000000000000e+00 1.600000000000000089e+00 -1.734000000000000081e-03 -8.295999999999999555e-03 9.999639999999999640e-01 8.812200000000000033e-01 4.726750000000000118e-01 5.448999999999999851e-03 -4.727029999999999843e-01 8.811980000000000368e-01 6.491000000000000242e-03
1.300000000000000000e+01 1.500000000000000000e+01 8.000000000000000000e+00 0.000000000000000000e+00 1.600000000000000089e+00 1.209000000000000005e-03 5.850000000000000165e-04 -9.999989999999999712e-01 -5.990450000000000497e-01 -8.007140000000000368e-01 -1.191999999999999917e-03 -8.007140000000000368e-01 5.990459999999999674e-01 -6.179999999999999513e-04
4.000000000000000000e+00 2.500000000000000000e+01 8.000000000000000000e+00 0.000000000000000000e+00 1.600000000000000089e+00 -2.246999999999999865e-03 -2.910999999999999959e-03 -9.999930000000000208e-01 4.444130000000000025e-01 8.958150000000000279e-01 -3.605999999999999830e-03 8.958190000000000319e-01 -4.444179999999999797e-01 -7.190000000000000210e-04
1.000000000000000000e+01 2.500000000000000000e+01 8.000000000000000000e+00 0.000000000000000000e+00 1.600000000000000089e+00 -4.339999999999999782e-04 2.716000000000000098e-03 -9.999959999999999960e-01 4.449230000000000129e-01 8.955659999999999732e-01 2.239000000000000105e-03 8.955689999999999484e-01 -4.449199999999999822e-01 -1.596999999999999895e-03
1.300000000000000000e+01 2.500000000000000000e+01 8.000000000000000000e+00 0.000000000000000000e+00 1.600000000000000089e+00 -1.897000000000000032e-03 -1.255999999999999955e-03 -9.999970000000000248e-01 4.435230000000000006e-01 8.962609999999999744e-01 -1.966999999999999998e-03 8.962609999999999744e-01 -4.435259999999999758e-01 -1.142999999999999919e-03
1.600000000000000000e+01 2.500000000000000000e+01 8.000000000000000000e+00 0.000000000000000000e+00 1.600000000000000089e+00 -1.007999999999999998e-03 -7.298999999999999932e-03 -9.999730000000000008e-01 4.445470000000000255e-01 8.957279999999999687e-01 -6.986000000000000022e-03 8.957549999999999679e-01 -4.445419999999999927e-01 2.341999999999999898e-03
2.000000000000000000e+01 2.500000000000000000e+01 8.000000000000000000e+00 0.000000000000000000e+00 1.600000000000000089e+00 -1.603999999999999957e-03 -5.899999999999999863e-03 -9.999810000000000088e-01 4.471700000000000119e-01 8.944290000000000296e-01 -5.995000000000000329e-03 8.944469999999999921e-01 -4.471720000000000139e-01 1.203999999999999992e-03
2.300000000000000000e+01 2.500000000000000000e+01 8.000000000000000000e+00 0.000000000000000000e+00 1.600000000000000089e+00 -3.356000000000000042e-03 -4.734000000000000360e-03 -9.999829999999999552e-01 4.487380000000000257e-01 8.936450000000000227e-01 -5.736999999999999912e-03 8.936570000000000347e-01 -4.487490000000000090e-01 -8.739999999999999939e-04
3.000000000000000000e+00 2.400000000000000000e+01 9.000000000000000000e+00 0.000000000000000000e+00 1.600000000000000089e+00 -2.567999999999999970e-03 -3.186000000000000030e-03 -9.999919999999999920e-01 4.483509999999999995e-01 8.938479999999999759e-01 -3.998999999999999951e-03 8.938540000000000374e-01 -4.483579999999999788e-01 -8.670000000000000406e-04
7.000000000000000000e+00 2.400000000000000000e+01 9.000000000000000000e+00 0.000000000000000000e+00 1.600000000000000089e+00 -5.569999999999999864e-04 -3.478999999999999888e-03 -9.999940000000000495e-01 4.495680000000000232e-01 8.932400000000000340e-01 -3.359000000000000007e-03 8.932459999999999845e-01 -4.495669999999999944e-01 1.066000000000000107e-03
1.300000000000000000e+01 2.400000000000000000e+01 9.000000000000000000e+00 0.000000000000000000e+00 1.600000000000000089e+00 -1.345000000000000058e-03 -1.387999999999999911e-03 -9.999980000000000535e-01 4.471189999999999887e-01 8.944720000000000448e-01 -1.843000000000000020e-03 8.944729999999999626e-01 -4.471209999999999907e-01 -5.829999999999999679e-04
1.700000000000000000e+01 2.400000000000000000e+01 9.000000000000000000e+00 0.000000000000000000e+00 1.600000000000000089e+00 -9.870000000000000301e-04 -6.320000000000000097e-03 -9.999799999999999800e-01 4.480999999999999983e-01 8.939629999999999521e-01 -6.092000000000000193e-03 8.939829999999999721e-01 -4.480970000000000231e-01 1.949999999999999910e-03
2.400000000000000000e+01 2.400000000000000000e+01 9.000000000000000000e+00 0.000000000000000000e+00 1.600000000000000089e+00 -3.095000000000000095e-03 -1.915000000000000036e-03 -9.999930000000000208e-01 4.509819999999999940e-01 8.925269999999999593e-01 -3.105000000000000121e-03 8.925279999999999880e-01 -4.509889999999999732e-01 -1.897999999999999948e-03
2.800000000000000000e+01 2.400000000000000000e+01 9.000000000000000000e+00 0.000000000000000000e+00 1.600000000000000089e+00 -2.291000000000000068e-03 -8.847000000000000697e-03 -9.999580000000000135e-01 4.518619999999999859e-01 8.920430000000000303e-01 -8.926999999999999172e-03 8.920850000000000168e-01 -4.518639999999999879e-01 1.954000000000000008e-03
3.000000000000000000e+00 1.200000000000000000e+01 1.000000000000000000e+01 0.000000000000000000e+00 1.600000000000000089e+00 1.467999999999999904e-03 -3.122000000000000209e-03 -9.999940000000000495e-01 -5.510779999999999568e-01 -8.344519999999999715e-01 1.796000000000000070e-03 -8.344530000000000003e-01 5.510720000000000063e-01 -2.945000000000000135e-03
2.500000000000000000e+01 3.200000000000000000e+01 1.400000000000000000e+01 0.000000000000000000e+00 1.600000000000000089e+00 2.530000000000000239e-04 2.559999999999999884e-04 -1.000000000000000000e+00 1.061269999999999991e-01 9.943530000000000424e-01 2.809999999999999998e-04 9.943530000000000424e-01 -1.061269999999999991e-01 2.239999999999999966e-04
2.800000000000000000e+01 1.100000000000000000e+01 1.600000000000000000e+01 0.000000000000000000e+00 1.600000000000000089e+00 6.130000000000000466e-04 1.113000000000000057e-03 -9.999989999999999712e-01 -4.152359999999999940e-01 -9.097129999999999939e-01 -1.266999999999999897e-03 -9.097129999999999939e-01 4.152370000000000227e-01 -9.600000000000000243e-05
1.000000000000000000e+01 1.160000000000000000e+02 1.600000000000000000e+01 0.000000000000000000e+00 1.600000000000000089e+00 4.530000000000000064e-04 -1.340999999999999961e-03 9.999989999999999712e-01 6.879899999999999904e-01 7.257200000000000317e-01 6.610000000000000207e-04 -7.257200000000000317e-01 6.879889999999999617e-01 1.250999999999999942e-03
2.100000000000000000e+01 1.160000000000000000e+02 1.600000000000000000e+01 0.000000000000000000e+00 1.600000000000000089e+00 2.026000000000000023e-03 9.629999999999999888e-04 9.999970000000000248e-01 6.791369999999999907e-01 7.340090000000000225e-01 -2.083000000000000216e-03 -7.340090000000000225e-01 6.791390000000000482e-01 8.329999999999999731e-04
2.600000000000000000e+01 1.160000000000000000e+02 1.600000000000000000e+01 0.000000000000000000e+00 1.600000000000000089e+00 1.200000000000000030e-04 2.324000000000000111e-03 9.999970000000000248e-01 7.002300000000000191e-01 7.139149999999999663e-01 -1.742999999999999975e-03 -7.139170000000000238e-01 7.002289999999999903e-01 -1.541999999999999968e-03
3.000000000000000000e+00 2.000000000000000000e+00 1.900000000000000000e+01 0.000000000000000000e+00 1.600000000000000089e+00 3.510000000000000208e-04 -3.674000000000000182e-03 -9.999930000000000208e-01 1.925840000000000052e-01 -9.812739999999999796e-01 3.671999999999999917e-03 -9.812800000000000411e-01 -1.925840000000000052e-01 3.629999999999999872e-04
6.000000000000000000e+00 2.000000000000000000e+00 1.900000000000000000e+01 0.000000000000000000e+00 1.600000000000000089e+00 -6.089999999999999494e-04 -2.622000000000000199e-03 -9.999959999999999960e-01 1.946050000000000002e-01 -9.808789999999999454e-01 2.452999999999999885e-03 -9.808820000000000316e-01 -1.946019999999999972e-01 1.108000000000000044e-03
9.000000000000000000e+00 2.000000000000000000e+00 1.900000000000000000e+01 0.000000000000000000e+00 1.600000000000000089e+00 -2.455999999999999850e-03 -2.520999999999999804e-03 -9.999940000000000495e-01 1.968350000000000100e-01 -9.804349999999999454e-01 1.988000000000000184e-03 -9.804340000000000277e-01 -1.968280000000000030e-01 2.905000000000000030e-03
1.400000000000000000e+01 2.000000000000000000e+00 1.900000000000000000e+01 0.000000000000000000e+00 1.600000000000000089e+00 -1.557999999999999923e-03 5.263000000000000317e-03 -9.999850000000000128e-01 1.979960000000000053e-01 -9.801870000000000305e-01 -5.466999999999999638e-03 -9.802009999999999890e-01 -1.980020000000000113e-01 4.850000000000000253e-04
1.800000000000000000e+01 2.000000000000000000e+00 1.900000000000000000e+01 0.000000000000000000e+00 1.600000000000000089e+00 -3.941000000000000059e-03 6.295000000000000248e-03 -9.999719999999999720e-01 1.980959999999999943e-01 -9.801579999999999737e-01 -6.950999999999999714e-03 -9.801750000000000185e-01 -1.981179999999999886e-01 2.615000000000000137e-03
2.100000000000000000e+01 2.000000000000000000e+00 1.900000000000000000e+01 0.000000000000000000e+00 1.600000000000000089e+00 -2.295000000000000165e-03 7.709999999999999840e-04 -9.999970000000000248e-01 1.966189999999999882e-01 -9.804789999999999894e-01 -1.206999999999999957e-03 -9.804770000000000429e-01 -1.966209999999999902e-01 2.099000000000000171e-03
2.800000000000000000e+01 2.000000000000000000e+00 1.900000000000000000e+01 0.000000000000000000e+00 1.600000000000000089e+00 9.600000000000000243e-04 -4.483000000000000006e-03 -9.999900000000000455e-01 1.930060000000000109e-01 -9.811870000000000314e-01 4.584000000000000401e-03 -9.811969999999999859e-01 -1.930080000000000129e-01 -7.700000000000000139e-05
1.000000000000000000e+01 4.000000000000000000e+00 2.000000000000000000e+01 0.000000000000000000e+00 1.600000000000000089e+00 -1.066000000000000107e-03 -2.132999999999999913e-03 -9.999970000000000248e-01 2.916560000000000263e-01 -9.565219999999999834e-01 1.729999999999999984e-03 -9.565230000000000121e-01 -2.916540000000000243e-01 1.641000000000000097e-03
2.100000000000000000e+01 4.000000000000000000e+00 2.000000000000000000e+01 0.000000000000000000e+00 1.600000000000000089e+00 -4.335999999999999577e-03 -1.994999999999999812e-03 -9.999890000000000168e-01 2.908359999999999834e-01 -9.567729999999999846e-01 6.470000000000000057e-04 -9.567630000000000301e-01 -2.908299999999999774e-01 4.728999999999999697e-03
2.400000000000000000e+01 4.000000000000000000e+00 2.000000000000000000e+01 0.000000000000000000e+00 1.600000000000000089e+00 -4.060000000000000024e-04 -3.286999999999999991e-03 -9.999949999999999672e-01 2.879789999999999850e-01 -9.576320000000000388e-01 3.030000000000000141e-03 -9.576369999999999605e-01 -2.879760000000000097e-01 1.335000000000000032e-03
3.000000000000000000e+01 4.000000000000000000e+00 2.000000000000000000e+01 0.000000000000000000e+00 1.600000000000000089e+00 2.125000000000000153e-03 -2.749999999999999840e-03 -9.999940000000000495e-01 2.903560000000000030e-01 -9.569130000000000136e-01 3.248000000000000019e-03 -9.569159999999999888e-01 -2.903609999999999802e-01 -1.234999999999999987e-03
1.000000000000000000e+00 1.300000000000000000e+01 2.000000000000000000e+01 0.000000000000000000e+00 1.600000000000000089e+00 -9.240000000000000166e-04 1.000000000000000048e-04 1.000000000000000000e+00 2.540000000000000036e-01 9.672039999999999527e-01 1.379999999999999933e-04 -9.672039999999999527e-01 2.540000000000000036e-01 -9.190000000000000035e-04
6.000000000000000000e+00 1.300000000000000000e+01 2.000000000000000000e+01 0.000000000000000000e+00 1.600000000000000089e+00 -3.559999999999999797e-04 1.190000000000000058e-04 1.000000000000000000e+00 2.531320000000000237e-01 9.674319999999999586e-01 -2.500000000000000120e-05 -9.674319999999999586e-01 2.531320000000000237e-01 -3.739999999999999835e-04
1.300000000000000000e+01 1.300000000000000000e+01 2.000000000000000000e+01 0.000000000000000000e+00 1.600000000000000089e+00 -7.320000000000000118e-04 -5.509999999999999490e-04 1.000000000000000000e+00 2.540799999999999725e-01 9.671830000000000149e-01 7.190000000000000210e-04 -9.671830000000000149e-01 2.540799999999999725e-01 -5.680000000000000370e-04
1.800000000000000000e+01 1.300000000000000000e+01 2.000000000000000000e+01 0.000000000000000000e+00 1.600000000000000089e+00 -2.484999999999999796e-03 -6.591999999999999769e-03 9.999749999999999472e-01 2.566499999999999893e-01 9.664789999999999770e-01 7.008999999999999606e-03 -9.665010000000000545e-01 2.566609999999999725e-01 -7.100000000000000191e-04
2.300000000000000000e+01 1.300000000000000000e+01 2.000000000000000000e+01 0.000000000000000000e+00 1.600000000000000089e+00 -1.129999999999999955e-04 -5.869999999999999567e-04 1.000000000000000000e+00 2.569009999999999905e-01 9.664380000000000193e-01 5.969999999999999829e-04 -9.664380000000000193e-01 2.569009999999999905e-01 4.100000000000000047e-05
2.500000000000000000e+01 1.300000000000000000e+01 2.000000000000000000e+01 0.000000000000000000e+00 1.600000000000000089e+00 4.249999999999999763e-04 3.119999999999999944e-04 1.000000000000000000e+00 2.561390000000000056e-01 9.666400000000000547e-01 -4.099999999999999912e-04 -9.666400000000000547e-01 2.561390000000000056e-01 3.310000000000000225e-04
5.000000000000000000e+00 1.600000000000000000e+01 2.100000000000000000e+01 0.000000000000000000e+00 1.600000000000000089e+00 -5.140000000000000254e-04 1.397000000000000021e-03 9.999989999999999712e-01 2.968839999999999812e-01 9.549130000000000118e-01 -1.182000000000000108e-03 -9.549130000000000118e-01 2.968830000000000080e-01 -9.049999999999999885e-04
1.000000000000000000e+01 1.600000000000000000e+01 2.100000000000000000e+01 0.000000000000000000e+00 1.600000000000000089e+00 4.659999999999999971e-04 5.824000000000000184e-03 9.999829999999999552e-01 2.969069999999999765e-01 9.548900000000000166e-01 -5.699000000000000073e-03 -9.549060000000000326e-01 2.969040000000000012e-01 -1.283999999999999985e-03
1.300000000000000000e+01 1.600000000000000000e+01 2.100000000000000000e+01 0.000000000000000000e+00 1.600000000000000089e+00 -4.949999999999999973e-04 -7.730000000000000326e-04 1.000000000000000000e+00 2.967839999999999923e-01 9.549440000000000150e-01 8.850000000000000444e-04 -9.549440000000000150e-01 2.967850000000000210e-01 -2.429999999999999977e-04
1.800000000000000000e+01 1.600000000000000000e+01 2.100000000000000000e+01 0.000000000000000000e+00 1.600000000000000089e+00 -2.070999999999999924e-03 -6.773000000000000374e-03 9.999749999999999472e-01 2.986289999999999778e-01 9.543430000000000524e-01 7.082999999999999886e-03 -9.543669999999999654e-01 2.986360000000000126e-01 4.699999999999999724e-05
3.000000000000000000e+01 1.600000000000000000e+01 2.100000000000000000e+01 0.000000000000000000e+00 1.600000000000000089e+00 2.631999999999999791e-03 6.101999999999999785e-03 9.999780000000000335e-01 3.002900000000000014e-01 9.538250000000000339e-01 -6.610999999999999689e-03 -9.538440000000000252e-01 3.003009999999999846e-01 6.780000000000000002e-04
1.000000000000000000e+00 3.000000000000000000e+00 2.500000000000000000e+01 0.000000000000000000e+00 1.600000000000000089e+00 5.028999999999999616e-03 5.955000000000000224e-03 9.999700000000000255e-01 -5.234599999999999670e-02 -9.986099999999999977e-01 6.210000000000000242e-03 9.986159999999999481e-01 -5.237599999999999895e-02 -4.709999999999999777e-03
8.000000000000000000e+00 3.000000000000000000e+00 2.500000000000000000e+01 0.000000000000000000e+00 1.600000000000000089e+00 -8.419999999999999750e-04 5.630000000000000239e-04 9.999989999999999712e-01 -5.671999999999999958e-02 -9.983899999999999997e-01 5.140000000000000254e-04 9.983899999999999997e-01 -5.671899999999999858e-02 8.729999999999999696e-04
1.700000000000000000e+01 3.000000000000000000e+00 2.500000000000000000e+01 0.000000000000000000e+00 1.600000000000000089e+00 5.866999999999999819e-03 6.708000000000000421e-03 9.999599999999999600e-01 -5.480499999999999955e-02 -9.984720000000000262e-01 7.020000000000000198e-03 9.984800000000000342e-01 -5.484399999999999692e-02 -5.490000000000000088e-03
2.200000000000000000e+01 3.000000000000000000e+00 2.500000000000000000e+01 0.000000000000000000e+00 1.600000000000000089e+00 2.089000000000000145e-03 -4.028000000000000330e-03 9.999900000000000455e-01 -5.534700000000000036e-02 -9.984600000000000142e-01 -3.906000000000000184e-03 9.984650000000000469e-01 -5.533799999999999830e-02 -2.308999999999999855e-03
1.000000000000000000e+01 4.600000000000000000e+01 2.700000000000000000e+01 0.000000000000000000e+00 1.600000000000000089e+00 -1.531999999999999942e-03 3.440000000000000132e-04 -9.999989999999999712e-01 6.426579999999999515e-01 7.661529999999999729e-01 -7.209999999999999612e-04 7.661520000000000552e-01 -6.426579999999999515e-01 -1.394999999999999973e-03
1.600000000000000000e+01 4.600000000000000000e+01 2.700000000000000000e+01 0.000000000000000000e+00 1.600000000000000089e+00 1.132999999999999893e-03 -2.079999999999999872e-04 -9.999989999999999712e-01 6.442400000000000349e-01 7.648230000000000306e-01 5.699999999999999772e-04 7.648230000000000306e-01 -6.442400000000000349e-01 1.000000000000000021e-03
1.900000000000000000e+01 4.600000000000000000e+01 2.700000000000000000e+01 0.000000000000000000e+00 1.600000000000000089e+00 3.187999999999999862e-03 -5.969999999999999829e-04 -9.999949999999999672e-01 6.457720000000000127e-01 7.635290000000000132e-01 1.603000000000000041e-03 7.635239999999999805e-01 -6.457730000000000414e-01 2.818999999999999891e-03
2.900000000000000000e+01 4.600000000000000000e+01 2.700000000000000000e+01 0.000000000000000000e+00 1.600000000000000089e+00 3.460000000000000076e-04 3.955000000000000182e-03 -9.999919999999999920e-01 6.527249999999999996e-01 7.575880000000000392e-01 3.222000000000000038e-03 7.575939999999999896e-01 -6.527209999999999956e-01 -2.318999999999999881e-03
2.200000000000000000e+01 4.600000000000000000e+01 3.000000000000000000e+01 0.000000000000000000e+00 1.600000000000000089e+00 1.541000000000000052e-03 1.855000000000000095e-03 -9.999970000000000248e-01 3.261560000000000015e-01 9.453129999999999589e-01 2.256999999999999892e-03 9.453150000000000164e-01 -3.261589999999999767e-01 8.520000000000000013e-04
5.000000000000000000e+00 5.800000000000000000e+01 3.100000000000000000e+01 0.000000000000000000e+00 1.600000000000000089e+00 -3.262000000000000142e-03 -4.549000000000000092e-03 9.999839999999999840e-01 -7.991120000000000445e-01 -6.011579999999999702e-01 -5.341000000000000261e-03 6.011729999999999574e-01 -7.991169999999999662e-01 -1.673999999999999924e-03
1.200000000000000000e+01 5.800000000000000000e+01 3.100000000000000000e+01 0.000000000000000000e+00 1.600000000000000089e+00 -3.710000000000000190e-04 -2.001999999999999873e-03 9.999980000000000535e-01 -8.017239999999999922e-01 -5.976930000000000298e-01 -1.492999999999999969e-03 5.976939999999999475e-01 -8.017229999999999634e-01 -1.382999999999999898e-03
2.500000000000000000e+01 5.800000000000000000e+01 3.100000000000000000e+01 0.000000000000000000e+00 1.600000000000000089e+00 -8.180000000000000422e-04 -1.716000000000000077e-03 9.999980000000000535e-01 -8.020479999999999832e-01 -5.972570000000000379e-01 -1.680999999999999986e-03 5.972589999999999844e-01 -8.020479999999999832e-01 -8.880000000000000089e-04
3.000000000000000000e+01 5.800000000000000000e+01 3.100000000000000000e+01 0.000000000000000000e+00 1.600000000000000089e+00 -2.511000000000000211e-03 -2.017000000000000130e-03 9.999949999999999672e-01 -8.023789999999999534e-01 -5.968059999999999476e-01 -3.219000000000000073e-03 5.968099999999999516e-01 -8.023829999999999574e-01 -1.200000000000000030e-04
2.000000000000000000e+01 6.000000000000000000e+00 3.200000000000000000e+01 0.000000000000000000e+00 1.600000000000000089e+00 3.549000000000000071e-03 2.870999999999999854e-03 -9.999900000000000455e-01 9.382200000000000262e-02 9.955840000000000245e-01 3.190999999999999826e-03 9.955829999999999957e-01 -9.383299999999999974e-02 3.263999999999999974e-03
6.000000000000000000e+00 4.600000000000000000e+01 3.500000000000000000e+01 0.000000000000000000e+00 1.600000000000000089e+00 -5.330000000000000536e-04 -3.080000000000000055e-04 -1.000000000000000000e+00 3.860720000000000263e-01 -9.224689999999999834e-01 7.899999999999999579e-05 -9.224679999999999547e-01 -3.860720000000000263e-01 6.109999999999999980e-04
1.200000000000000000e+01 4.600000000000000000e+01 3.500000000000000000e+01 0.000000000000000000e+00 1.600000000000000089e+00 3.570000000000000040e-04 1.755999999999999965e-03 -9.999980000000000535e-01 3.848070000000000102e-01 -9.229960000000000386e-01 -1.484000000000000076e-03 -9.229969999999999564e-01 -3.848059999999999814e-01 -1.005000000000000034e-03
1.700000000000000000e+01 4.600000000000000000e+01 3.500000000000000000e+01 0.000000000000000000e+00 1.600000000000000089e+00 -1.320000000000000101e-04 3.286999999999999991e-03 -9.999949999999999672e-01 3.856200000000000183e-01 -9.226529999999999454e-01 -3.083999999999999936e-03 -9.226579999999999782e-01 -3.856180000000000163e-01 -1.146000000000000100e-03
2.300000000000000000e+01 4.600000000000000000e+01 3.500000000000000000e+01 0.000000000000000000e+00 1.600000000000000089e+00 2.959999999999999849e-04 -1.832999999999999994e-03 -9.999980000000000535e-01 3.849899999999999989e-01 -9.229190000000000449e-01 1.806000000000000097e-03 -9.229209999999999914e-01 -3.849890000000000256e-01 4.330000000000000081e-04
2.800000000000000000e+01 4.600000000000000000e+01 3.500000000000000000e+01 0.000000000000000000e+00 1.600000000000000089e+00 1.093000000000000005e-03 -9.759999999999999796e-04 -9.999989999999999712e-01 3.841729999999999867e-01 -9.232599999999999696e-01 1.320999999999999909e-03 -9.232599999999999696e-01 -3.841749999999999887e-01 -6.340000000000000149e-04
1.300000000000000000e+01 9.500000000000000000e+01 3.600000000000000000e+01 0.000000000000000000e+00 1.600000000000000089e+00 1.379999999999999933e-03 3.020000000000000115e-03 9.999940000000000495e-01 9.982670000000000154e-01 5.882099999999999829e-02 -1.554999999999999959e-03 -5.882500000000000229e-02 9.982640000000000402e-01 -2.933999999999999976e-03
1.800000000000000000e+01 9.500000000000000000e+01 3.600000000000000000e+01 0.000000000000000000e+00 1.600000000000000089e+00 8.071000000000000049e-03 9.339999999999999344e-03 9.999240000000000350e-01 9.976110000000000255e-01 6.852900000000000658e-02 -8.692999999999999339e-03 -6.860499999999999932e-02 9.976049999999999640e-01 -8.763999999999999221e-03
2.200000000000000000e+01 9.500000000000000000e+01 3.600000000000000000e+01 0.000000000000000000e+00 1.600000000000000089e+00 7.964999999999999858e-03 1.105899999999999939e-02 9.999069999999999903e-01 9.975730000000000430e-01 6.908699999999999564e-02 -8.710000000000000728e-03 -6.917700000000000238e-02 9.975490000000000190e-01 -1.048200000000000000e-02
3.000000000000000000e+01 9.500000000000000000e+01 3.600000000000000000e+01 0.000000000000000000e+00 1.600000000000000089e+00 4.452000000000000228e-03 1.275300000000000045e-02 9.999090000000000478e-01 9.966340000000000199e-01 8.179400000000000559e-02 -5.480999999999999761e-03 -8.185699999999999921e-02 9.965680000000000094e-01 -1.234599999999999934e-02
7.000000000000000000e+00 3.000000000000000000e+00 4.300000000000000000e+01 0.000000000000000000e+00 1.600000000000000089e+00 -3.339999999999999870e-04 -7.514999999999999979e-03 -9.999719999999999720e-01 7.411659999999999915e-01 -6.713050000000000406e-01 4.798000000000000181e-03 -6.713219999999999743e-01 -7.411429999999999962e-01 5.793999999999999671e-03
1.400000000000000000e+01 3.000000000000000000e+00 4.300000000000000000e+01 0.000000000000000000e+00 1.600000000000000089e+00 2.043999999999999810e-03 -2.345999999999999995e-03 -9.999949999999999672e-01 7.380320000000000213e-01 -6.747579999999999689e-01 3.092000000000000130e-03 -6.747619999999999729e-01 -7.380349999999999966e-01 3.519999999999999908e-04
2.100000000000000000e+01 3.000000000000000000e+00 4.300000000000000000e+01 0.000000000000000000e+00 1.600000000000000089e+00 -4.429999999999999802e-04 2.339700000000000113e-02 -9.997260000000000035e-01 7.396540000000000337e-01 -6.727950000000000319e-01 -1.607300000000000048e-02 -6.729870000000000019e-01 -7.394589999999999774e-01 -1.700799999999999881e-02
2.800000000000000000e+01 3.000000000000000000e+00 4.300000000000000000e+01 0.000000000000000000e+00 1.600000000000000089e+00 2.073000000000000190e-03 6.731000000000000004e-03 -9.999749999999999472e-01 7.372290000000000232e-01 -6.756360000000000143e-01 -3.018999999999999982e-03 -6.756400000000000183e-01 -7.372049999999999992e-01 -6.362999999999999733e-03
1.000000000000000000e+01 8.000000000000000000e+00 4.400000000000000000e+01 0.000000000000000000e+00 1.600000000000000089e+00 -3.260000000000000094e-04 -6.213999999999999906e-03 9.999810000000000088e-01 -7.830799999999999983e-01 -6.219069999999999876e-01 -4.120000000000000398e-03 6.219209999999999461e-01 -7.830660000000000398e-01 -4.663999999999999743e-03
1.400000000000000000e+01 8.000000000000000000e+00 4.400000000000000000e+01 0.000000000000000000e+00 1.600000000000000089e+00 -9.110000000000000259e-04 4.575000000000000074e-03 9.999890000000000168e-01 -7.828720000000000123e-01 -6.221790000000000376e-01 2.132999999999999913e-03 6.221820000000000128e-01 -7.828610000000000291e-01 4.148999999999999910e-03
2.400000000000000000e+01 8.000000000000000000e+00 4.400000000000000000e+01 0.000000000000000000e+00 1.600000000000000089e+00 1.381000000000000066e-03 2.968000000000000152e-03 9.999949999999999672e-01 -7.851949999999999763e-01 -6.192419999999999591e-01 2.922999999999999817e-03 6.192480000000000206e-01 -7.851939999999999475e-01 1.474999999999999966e-03
3.000000000000000000e+00 2.900000000000000000e+01 4.400000000000000000e+01 0.000000000000000000e+00 1.600000000000000089e+00 1.448000000000000068e-03 -6.620000000000000450e-04 -9.999989999999999712e-01 6.677769999999999539e-01 7.443610000000000504e-01 4.739999999999999747e-04 7.443600000000000216e-01 -6.677769999999999539e-01 1.520000000000000084e-03
9.000000000000000000e+00 2.900000000000000000e+01 4.400000000000000000e+01 0.000000000000000000e+00 1.600000000000000089e+00 2.197999999999999867e-03 -4.152999999999999574e-03 -9.999890000000000168e-01 6.709180000000000144e-01 7.415300000000000225e-01 -1.605000000000000090e-03 7.415289999999999937e-01 -6.709070000000000311e-01 4.415999999999999787e-03
1.400000000000000000e+01 2.900000000000000000e+01 4.400000000000000000e+01 0.000000000000000000e+00 1.600000000000000089e+00 1.438000000000000042e-03 -3.465000000000000198e-03 -9.999930000000000208e-01 6.772099999999999786e-01 7.357879999999999976e-01 -1.575000000000000011e-03 7.357879999999999976e-01 -6.772029999999999994e-01 3.403999999999999908e-03
2.200000000000000000e+01 2.900000000000000000e+01 4.400000000000000000e+01 0.000000000000000000e+00 1.600000000000000089e+00 1.974000000000000060e-03 -5.630000000000000239e-04 -9.999980000000000535e-01 6.843909999999999716e-01 7.291149999999999576e-01 9.399999999999999719e-04 7.291130000000000111e-01 -6.843909999999999716e-01 1.825000000000000016e-03
2.600000000000000000e+01 2.900000000000000000e+01 4.400000000000000000e+01 0.000000000000000000e+00 1.600000000000000089e+00 1.400999999999999902e-03 -1.262000000000000101e-03 -9.999980000000000535e-01 6.864019999999999566e-01 7.272220000000000351e-01 4.399999999999999886e-05 7.272210000000000063e-01 -6.864010000000000389e-01 1.884999999999999957e-03
4.000000000000000000e+00 5.000000000000000000e+00 5.100000000000000000e+01 0.000000000000000000e+00 1.600000000000000089e+00 5.800000000000000034e-05 9.920000000000000432e-04 -1.000000000000000000e+00 4.901249999999999774e-01 -8.716519999999999824e-01 -8.360000000000000460e-04 -8.716519999999999824e-01 -4.901249999999999774e-01 -5.360000000000000181e-04
1.100000000000000000e+01 5.000000000000000000e+00 5.100000000000000000e+01 0.000000000000000000e+00 1.600000000000000089e+00 -2.335999999999999969e-03 1.690000000000000096e-03 -9.999959999999999960e-01 4.906139999999999946e-01 -8.713729999999999531e-01 -2.618000000000000101e-03 -8.713739999999999819e-01 -4.906179999999999986e-01 1.206000000000000041e-03
1.400000000000000000e+01 5.000000000000000000e+00 5.100000000000000000e+01 0.000000000000000000e+00 1.600000000000000089e+00 -2.624000000000000030e-03 3.284000000000000027e-03 -9.999909999999999632e-01 4.920220000000000149e-01 -8.705730000000000413e-01 -4.150000000000000043e-03 -8.705789999999999917e-01 -4.920280000000000209e-01 6.679999999999999740e-04
1.600000000000000000e+01 6.000000000000000000e+00 5.100000000000000000e+01 0.000000000000000000e+00 1.600000000000000089e+00 -2.719999999999999979e-04 1.379999999999999933e-03 -9.999989999999999712e-01 3.276189999999999936e-01 -9.448090000000000099e-01 -1.392999999999999924e-03 -9.448100000000000387e-01 -3.276189999999999936e-01 -1.949999999999999965e-04
1.200000000000000000e+01 7.000000000000000000e+00 5.200000000000000000e+01 0.000000000000000000e+00 1.600000000000000089e+00 -8.559999999999999901e-04 4.739000000000000157e-03 -9.999879999999999880e-01 1.094310000000000005e-01 -9.939829999999999499e-01 -4.804000000000000110e-03 -9.939940000000000442e-01 -1.094340000000000035e-01 3.319999999999999926e-04
4.000000000000000000e+00 6.300000000000000000e+01 5.400000000000000000e+01 0.000000000000000000e+00 1.600000000000000089e+00 3.609999999999999928e-04 1.895999999999999899e-03 9.999980000000000535e-01 -3.511319999999999997e-01 9.363249999999999629e-01 -1.649000000000000075e-03 -9.363259999999999916e-01 -3.511299999999999977e-01 1.003999999999999901e-03
7.000000000000000000e+00 6.300000000000000000e+01 5.400000000000000000e+01 0.000000000000000000e+00 1.600000000000000089e+00 -8.399999999999999535e-05 2.517000000000000140e-03 9.999970000000000248e-01 -3.491799999999999904e-01 9.370519999999999960e-01 -2.387999999999999932e-03 -9.370560000000000000e-01 -3.491790000000000171e-01 8.000000000000000383e-04
1.200000000000000000e+01 6.300000000000000000e+01 5.400000000000000000e+01 0.000000000000000000e+00 1.600000000000000089e+00 -3.899999999999999929e-04 -4.539999999999999765e-04 1.000000000000000000e+00 -3.584260000000000224e-01 9.335579999999999989e-01 2.840000000000000185e-04 -9.335579999999999989e-01 -3.584260000000000224e-01 -5.270000000000000162e-04
1.700000000000000000e+01 6.300000000000000000e+01 5.400000000000000000e+01 0.000000000000000000e+00 1.600000000000000089e+00 6.800000000000000488e-04 -1.453000000000000081e-03 9.999989999999999712e-01 -3.525079999999999880e-01 9.358070000000000555e-01 1.598999999999999944e-03 -9.358090000000000019e-01 -3.525090000000000168e-01 1.250000000000000026e-04
2.600000000000000000e+01 6.300000000000000000e+01 5.400000000000000000e+01 0.000000000000000000e+00 1.600000000000000089e+00 1.530000000000000056e-04 -3.389999999999999784e-03 9.999940000000000495e-01 -3.515769999999999729e-01 9.361530000000000129e-01 3.226999999999999834e-03 -9.361589999999999634e-01 -3.515759999999999996e-01 -1.049000000000000019e-03
2.000000000000000000e+01 2.500000000000000000e+01 5.500000000000000000e+01 0.000000000000000000e+00 1.600000000000000089e+00 9.810000000000001011e-04 -1.350000000000000071e-03 -9.999989999999999712e-01 -1.351600000000000024e-02 -9.999080000000000190e-01 1.337000000000000081e-03 -9.999080000000000190e-01 1.351499999999999924e-02 -1.000000000000000021e-03
2.900000000000000000e+01 2.500000000000000000e+01 5.500000000000000000e+01 0.000000000000000000e+00 1.600000000000000089e+00 1.479999999999999925e-04 -4.139999999999999800e-04 -1.000000000000000000e+00 -1.538300000000000084e-02 -9.998820000000000485e-01 4.119999999999999856e-04 -9.998820000000000485e-01 1.538300000000000084e-02 -1.550000000000000000e-04
1.000000000000000000e+01 6.800000000000000000e+01 5.700000000000000000e+01 0.000000000000000000e+00 1.600000000000000089e+00 -1.640000000000000019e-04 -8.574000000000000024e-03 -9.999630000000000463e-01 -2.456280000000000130e-01 -9.693279999999999674e-01 8.352000000000000049e-03 -9.693640000000000034e-01 2.456200000000000050e-01 -1.946999999999999946e-03
2.300000000000000000e+01 6.800000000000000000e+01 5.700000000000000000e+01 0.000000000000000000e+00 1.600000000000000089e+00 -2.007000000000000103e-03 6.595000000000000168e-03 -9.999759999999999760e-01 -2.455120000000000080e-01 -9.693760000000000154e-01 -5.900999999999999995e-03 -9.693920000000000314e-01 2.454939999999999900e-01 3.563999999999999894e-03
2.800000000000000000e+01 6.800000000000000000e+01 5.700000000000000000e+01 0.000000000000000000e+00 1.600000000000000089e+00 -4.420000000000000101e-04 -1.523000000000000048e-03 -9.999989999999999712e-01 -2.441029999999999867e-01 -9.697480000000000544e-01 1.585000000000000037e-03 -9.697489999999999721e-01 2.441029999999999867e-01 5.700000000000000314e-05
2.000000000000000000e+00 2.100000000000000000e+01 6.000000000000000000e+01 0.000000000000000000e+00 1.600000000000000089e+00 -8.270000000000000441e-04 -1.434500000000000011e-02 9.998970000000000358e-01 -9.534499999999999920e-02 9.953429999999999778e-01 1.420100000000000008e-02 -9.954439999999999955e-01 -9.532300000000000495e-02 -2.190999999999999805e-03
8.000000000000000000e+00 2.100000000000000000e+01 6.000000000000000000e+01 0.000000000000000000e+00 1.600000000000000089e+00 2.599000000000000182e-03 3.089000000000000166e-03 9.999919999999999920e-01 -9.131400000000000627e-02 9.958179999999999810e-01 -2.837999999999999811e-03 -9.958190000000000097e-01 -9.130599999999999827e-02 2.870000000000000155e-03
1.700000000000000000e+01 2.100000000000000000e+01 6.000000000000000000e+01 0.000000000000000000e+00 1.600000000000000089e+00 7.619999999999999820e-04 -2.818999999999999891e-03 9.999959999999999960e-01 -9.009499999999999453e-02 9.959289999999999532e-01 2.876000000000000084e-03 -9.959329999999999572e-01 -9.009699999999999653e-02 5.050000000000000235e-04
1.200000000000000000e+01 3.000000000000000000e+00 6.300000000000000000e+01 0.000000000000000000e+00 1.600000000000000089e+00 1.327000000000000055e-03 -2.416999999999999878e-03 9.999959999999999960e-01 -6.147350000000000314e-01 7.887290000000000134e-01 2.722000000000000027e-03 -7.887319999999999887e-01 -6.147359999999999491e-01 -4.389999999999999914e-04
8.000000000000000000e+00 2.700000000000000000e+01 6.300000000000000000e+01 0.000000000000000000e+00 1.600000000000000089e+00 -7.299999999999999903e-05 4.512999999999999651e-03 9.999900000000000455e-01 -2.696379999999999888e-01 9.629520000000000302e-01 -4.366000000000000089e-03 -9.629619999999999846e-01 -2.696359999999999868e-01 1.146000000000000100e-03
1.300000000000000000e+01 2.700000000000000000e+01 6.300000000000000000e+01 0.000000000000000000e+00 1.600000000000000089e+00 2.592999999999999819e-03 6.710999999999999951e-03 9.999740000000000295e-01 -2.753329999999999944e-01 9.613319999999999643e-01 -5.738000000000000045e-03 -9.613450000000000051e-01 -2.753109999999999724e-01 4.341000000000000240e-03
1.900000000000000000e+01 2.700000000000000000e+01 6.300000000000000000e+01 0.000000000000000000e+00 1.600000000000000089e+00 1.310000000000000129e-04 -1.789000000000000009e-03 9.999980000000000535e-01 -2.788789999999999880e-01 9.603249999999999842e-01 1.753999999999999917e-03 -9.603260000000000129e-01 -2.788789999999999880e-01 -3.730000000000000134e-04
2.500000000000000000e+01 2.700000000000000000e+01 6.300000000000000000e+01 0.000000000000000000e+00 1.600000000000000089e+00 -2.145999999999999904e-03 -1.701000000000000038e-03 9.999959999999999960e-01 -2.769190000000000262e-01 9.608929999999999971e-01 1.039999999999999909e-03 -9.608910000000000506e-01 -2.769150000000000222e-01 -2.533000000000000095e-03
4.000000000000000000e+00 2.600000000000000000e+01 6.400000000000000000e+01 0.000000000000000000e+00 1.600000000000000089e+00 2.280000000000000126e-04 4.996999999999999706e-03 9.999869999999999592e-01 -3.464800000000000102e-01 9.380460000000000464e-01 -4.609000000000000249e-03 -9.380570000000000297e-01 -3.464749999999999774e-01 1.946000000000000030e-03
1.100000000000000000e+01 2.600000000000000000e+01 6.400000000000000000e+01 0.000000000000000000e+00 1.600000000000000089e+00 2.350999999999999791e-03 3.956000000000000315e-03 9.999890000000000168e-01 -3.513390000000000124e-01 9.362439999999999651e-01 -2.877999999999999916e-03 -9.362449999999999939e-01 -3.513290000000000024e-01 3.591000000000000008e-03
2.400000000000000000e+01 2.600000000000000000e+01 6.400000000000000000e+01 0.000000000000000000e+00 1.600000000000000089e+00 -3.020000000000000115e-03 -2.759999999999999867e-04 9.999949999999999672e-01 -3.538350000000000106e-01 9.353069999999999995e-01 -8.109999999999999805e-04 -9.353029999999999955e-01 -3.538359999999999839e-01 -2.922000000000000118e-03
2.100000000000000000e+01 4.400000000000000000e+01 7.300000000000000000e+01 0.000000000000000000e+00 1.600000000000000089e+00 6.558999999999999726e-03 -2.462900000000000159e-02 9.996749999999999803e-01 4.693699999999999956e-02 -9.985870000000000024e-01 -2.491000000000000159e-02 9.988759999999999861e-01 4.708500000000000185e-02 -5.394000000000000357e-03
2.400000000000000000e+01 4.400000000000000000e+01 7.300000000000000000e+01 0.000000000000000000e+00 1.600000000000000089e+00 -2.259999999999999910e-04 -3.916000000000000210e-03 9.999919999999999920e-01 4.885300000000000059e-02 -9.987979999999999636e-01 -3.899999999999999821e-03 9.988059999999999716e-01 4.885099999999999859e-02 4.169999999999999987e-04
