1.600000000000000000e+01 2.500000000000000000e+01 1.000000000000000000e+00 0.000000000000000000e+00 1.600000000000000089e+00 -1.041999999999999958e-03 1.276000000000000007e-03 -9.999989999999999712e-01 -5.240019999999999678e-01 -8.517169999999999463e-01 -5.410000000000000312e-04 -8.517160000000000286e-01 5.240010000000000501e-01 1.556000000000000091e-03
2.000000000000000000e+01 2.500000000000000000e+01 1.000000000000000000e+00 0.000000000000000000e+00 1.600000000000000089e+00 -7.519999999999999558e-04 3.330000000000000061e-03 -9.999940000000000495e-01 -5.225940000000000030e-01 -8.525779999999999470e-01 -2.445999999999999824e-03 -8.525819999999999510e-01 5.225889999999999702e-01 2.380999999999999870e-03
3.000000000000000000e+00 1.500000000000000000e+01 4.000000000000000000e+00 0.000000000000000000e+00 1.600000000000000089e+00 2.768000000000000061e-03 -1.198000000000000063e-03 9.999949999999999672e-01 3.199960000000000027e-01 -9.474169999999999536e-01 -2.020999999999999793e-03 9.474150000000000071e-01 3.200000000000000067e-01 -2.239999999999999804e-03
1.100000000000000000e+01 1.500000000000000000e+01 4.000000000000000000e+00 0.000000000000000000e+00 1.600000000000000089e+00 1.448999999999999984e-03 -1.855000000000000095e-03 9.999970000000000248e-01 3.176829999999999932e-01 -9.481939999999999813e-01 -2.219000000000000052e-03 9.481960000000000388e-01 3.176860000000000239e-01 -7.849999999999999990e-04
1.700000000000000000e+01 1.500000000000000000e+01 4.000000000000000000e+00 0.000000000000000000e+00 1.600000000000000089e+00 1.088999999999999907e-03 -3.214999999999999976e-03 9.999940000000000495e-01 3.252200000000000091e-01 -9.456320000000000281e-01 -3.393999999999999882e-03 9.456379999999999786e-01 3.252220000000000111e-01 1.500000000000000038e-05
2.100000000000000000e+01 1.500000000000000000e+01 4.000000000000000000e+00 0.000000000000000000e+00 1.600000000000000089e+00 6.600000000000000506e-05 2.429999999999999977e-04 1.000000000000000000e+00 3.259969999999999812e-01 -9.453709999999999614e-01 2.079999999999999872e-04 9.453709999999999614e-01 3.259969999999999812e-01 -1.420000000000000092e-04
2.500000000000000000e+01 1.500000000000000000e+01 4.000000000000000000e+00 0.000000000000000000e+00 1.600000000000000089e+00 -2.766999999999999928e-03 -5.166999999999999718e-03 9.999829999999999552e-01 3.263570000000000082e-01 -9.452380000000000226e-01 -3.981000000000000164e-03 9.452430000000000554e-01 3.263400000000000190e-01 4.302000000000000268e-03
2.800000000000000000e+01 1.500000000000000000e+01 4.000000000000000000e+00 0.000000000000000000e+00 1.600000000000000089e+00 -4.316000000000000392e-03 -6.649999999999999661e-03 9.999689999999999968e-01 3.261519999999999975e-01 -9.453049999999999509e-01 -4.878000000000000391e-03 9.453070000000000084e-01 3.261209999999999942e-01 6.249000000000000214e-03
1.100000000000000000e+01 1.010000000000000000e+02 7.000000000000000000e+00 0.000000000000000000e+00 1.600000000000000089e+00 1.600000000000000131e-04 1.672399999999999928e-02 9.998599999999999710e-01 8.886420000000000430e-01 4.585339999999999971e-01 -7.811000000000000235e-03 -4.586009999999999809e-01 8.885189999999999477e-01 -1.478800000000000080e-02
1.500000000000000000e+01 1.010000000000000000e+02 7.000000000000000000e+00 0.000000000000000000e+00 1.600000000000000089e+00 -3.748000000000000029e-03 2.615999999999999836e-03 9.999900000000000455e-01 8.886540000000000550e-01 4.585739999999999816e-01 2.131000000000000082e-03 -4.585629999999999984e-01 8.886519999999999975e-01 -4.042999999999999719e-03
2.900000000000000000e+01 1.010000000000000000e+02 7.000000000000000000e+00 0.000000000000000000e+00 1.600000000000000089e+00 -1.977000000000000025e-03 7.757000000000000006e-03 9.999679999999999680e-01 8.843659999999999854e-01 4.667910000000000115e-01 -1.873000000000000099e-03 -4.667899999999999827e-01 8.843339999999999534e-01 -7.782999999999999988e-03
3.000000000000000000e+00 2.500000000000000000e+01 8.000000000000000000e+00 0.000000000000000000e+00 1.600000000000000089e+00 9.009999999999999997e-04 -1.891000000000000103e-03 -9.999980000000000535e-01 4.480790000000000051e-01 8.939930000000000376e-01 -1.286999999999999950e-03 8.939939999999999554e-01 -4.480770000000000031e-01 1.652999999999999955e-03
9.000000000000000000e+00 2.500000000000000000e+01 8.000000000000000000e+00 0.000000000000000000e+00 1.600000000000000089e+00 2.396999999999999825e-03 6.041000000000000363e-03 -9.999789999999999512e-01 4.482300000000000173e-01 8.938949999999999951e-01 6.474999999999999853e-03 8.939150000000000151e-01 -4.482360000000000233e-01 -5.659999999999999884e-04
1.400000000000000000e+01 2.500000000000000000e+01 8.000000000000000000e+00 0.000000000000000000e+00 1.600000000000000089e+00 7.159999999999999481e-04 3.640000000000000006e-03 -9.999930000000000208e-01 4.467349999999999932e-01 8.946589999999999820e-01 3.576999999999999885e-03 8.946659999999999613e-01 -4.467340000000000200e-01 -9.849999999999999815e-04
1.800000000000000000e+01 2.500000000000000000e+01 8.000000000000000000e+00 0.000000000000000000e+00 1.600000000000000089e+00 1.345999999999999974e-03 -4.053000000000000179e-03 -9.999909999999999632e-01 4.456499999999999906e-01 8.952020000000000532e-01 -3.027999999999999876e-03 8.952059999999999462e-01 -4.456410000000000093e-01 3.010999999999999788e-03
2.400000000000000000e+01 2.500000000000000000e+01 8.000000000000000000e+00 0.000000000000000000e+00 1.600000000000000089e+00 1.242999999999999964e-03 3.677999999999999846e-03 -9.999919999999999920e-01 4.472169999999999757e-01 8.944170000000000176e-01 3.846000000000000026e-03 8.944250000000000256e-01 -4.472180000000000044e-01 -5.330000000000000536e-04
2.800000000000000000e+01 2.500000000000000000e+01 8.000000000000000000e+00 0.000000000000000000e+00 1.600000000000000089e+00 1.106999999999999911e-03 3.370000000000000166e-03 -9.999940000000000495e-01 4.479420000000000068e-01 8.940559999999999619e-01 3.508999999999999966e-03 8.940620000000000234e-01 -4.479429999999999801e-01 -5.199999999999999544e-04
3.000000000000000000e+00 2.400000000000000000e+01 9.000000000000000000e+00 0.000000000000000000e+00 1.600000000000000089e+00 8.670000000000000406e-04 -1.912999999999999987e-03 -9.999980000000000535e-01 4.528860000000000108e-01 8.915680000000000271e-01 -1.312999999999999931e-03 8.915680000000000271e-01 -4.528840000000000088e-01 1.639000000000000049e-03
9.000000000000000000e+00 2.400000000000000000e+01 9.000000000000000000e+00 0.000000000000000000e+00 1.600000000000000089e+00 2.246999999999999865e-03 6.032000000000000035e-03 -9.999789999999999512e-01 4.513889999999999847e-01 8.923039999999999861e-01 6.395999999999999776e-03 8.923240000000000061e-01 -4.513940000000000174e-01 -7.179999999999999967e-04
1.400000000000000000e+01 2.400000000000000000e+01 9.000000000000000000e+00 0.000000000000000000e+00 1.600000000000000089e+00 6.599999999999999964e-04 2.706000000000000072e-03 -9.999959999999999960e-01 4.485259999999999803e-01 8.937659999999999494e-01 2.714999999999999965e-03 8.937690000000000357e-01 -4.485259999999999803e-01 -6.239999999999999887e-04
1.700000000000000000e+01 2.400000000000000000e+01 9.000000000000000000e+00 0.000000000000000000e+00 1.600000000000000089e+00 1.402999999999999950e-03 -2.690000000000000117e-03 -9.999949999999999672e-01 4.480009999999999826e-01 8.940310000000000201e-01 -1.776000000000000018e-03 8.940320000000000489e-01 -4.479960000000000053e-01 2.458999999999999814e-03
2.100000000000000000e+01 2.400000000000000000e+01 9.000000000000000000e+00 0.000000000000000000e+00 1.600000000000000089e+00 7.910000000000000364e-04 -3.180999999999999800e-03 -9.999949999999999672e-01 4.478090000000000126e-01 8.941259999999999764e-01 -2.490000000000000026e-03 8.941289999999999516e-01 -4.478039999999999798e-01 2.132000000000000214e-03
2.700000000000000000e+01 2.400000000000000000e+01 9.000000000000000000e+00 0.000000000000000000e+00 1.600000000000000089e+00 9.460000000000000093e-04 7.882000000000000117e-03 -9.999689999999999968e-01 4.507260000000000155e-01 8.926309999999999523e-01 7.461999999999999883e-03 8.926619999999999555e-01 -4.507189999999999808e-01 -2.707999999999999904e-03
1.300000000000000000e+01 1.200000000000000000e+01 1.000000000000000000e+01 0.000000000000000000e+00 1.600000000000000089e+00 -5.370000000000000424e-04 -3.112999999999999882e-03 -9.999949999999999672e-01 -5.538589999999999902e-01 -8.326059999999999572e-01 2.890000000000000208e-03 -8.326099999999999612e-01 5.538579999999999615e-01 -1.276999999999999923e-03
1.600000000000000000e+01 1.200000000000000000e+01 1.000000000000000000e+01 0.000000000000000000e+00 1.600000000000000089e+00 -1.376999999999999969e-03 -1.041899999999999944e-02 -9.999449999999999728e-01 -5.548189999999999511e-01 -8.319180000000000463e-01 9.431999999999999412e-03 -8.319699999999999873e-01 5.548009999999999886e-01 -4.635000000000000231e-03
2.700000000000000000e+01 1.200000000000000000e+01 1.000000000000000000e+01 0.000000000000000000e+00 1.600000000000000089e+00 1.351999999999999903e-03 -2.942000000000000171e-03 -9.999949999999999672e-01 -5.533580000000000165e-01 -8.329419999999999602e-01 1.701999999999999954e-03 -8.329429999999999890e-01 5.533529999999999838e-01 -2.753999999999999938e-03
2.000000000000000000e+00 3.100000000000000000e+01 1.200000000000000000e+01 0.000000000000000000e+00 1.600000000000000089e+00 2.109999999999999896e-03 3.139999999999999996e-03 9.999930000000000208e-01 4.297999999999999737e-03 9.999860000000000415e-01 -3.148999999999999889e-03 -9.999890000000000168e-01 4.303999999999999666e-03 2.096999999999999906e-03
1.000000000000000000e+01 3.100000000000000000e+01 1.200000000000000000e+01 0.000000000000000000e+00 1.600000000000000089e+00 9.610000000000000486e-04 -5.303000000000000422e-03 9.999850000000000128e-01 6.453000000000000402e-03 9.999649999999999928e-01 5.296999999999999625e-03 -9.999789999999999512e-01 6.447999999999999739e-03 9.959999999999999236e-04
1.300000000000000000e+01 3.100000000000000000e+01 1.200000000000000000e+01 0.000000000000000000e+00 1.600000000000000089e+00 8.660000000000000163e-04 1.325999999999999922e-03 9.999989999999999712e-01 4.288000000000000145e-03 9.999900000000000455e-01 -1.329000000000000103e-03 -9.999900000000000455e-01 4.289000000000000278e-03 8.599999999999999789e-04
1.600000000000000000e+01 3.100000000000000000e+01 1.200000000000000000e+01 0.000000000000000000e+00 1.600000000000000089e+00 -6.449999999999999570e-04 1.742000000000000059e-03 9.999980000000000535e-01 4.239999999999999845e-03 9.999900000000000455e-01 -1.740000000000000010e-03 -9.999909999999999632e-01 4.237999999999999580e-03 -6.520000000000000188e-04
2.400000000000000000e+01 3.200000000000000000e+01 1.400000000000000000e+01 0.000000000000000000e+00 1.600000000000000089e+00 2.886000000000000110e-03 -5.220000000000000031e-04 -9.999959999999999960e-01 9.632400000000000684e-02 9.953499999999999570e-01 -2.410000000000000033e-04 9.953459999999999530e-01 -9.632300000000000584e-02 2.922999999999999817e-03
6.000000000000000000e+00 1.160000000000000000e+02 1.600000000000000000e+01 0.000000000000000000e+00 1.600000000000000089e+00 8.170000000000000179e-04 1.544000000000000017e-03 9.999980000000000535e-01 6.628690000000000415e-01 7.487340000000000106e-01 -1.698000000000000074e-03 -7.487350000000000394e-01 6.628690000000000415e-01 -4.119999999999999856e-04
9.000000000000000000e+00 1.160000000000000000e+02 1.600000000000000000e+01 0.000000000000000000e+00 1.600000000000000089e+00 1.663999999999999898e-03 9.859999999999998974e-04 9.999980000000000535e-01 6.762179999999999858e-01 7.366989999999999927e-01 -1.851999999999999914e-03 -7.366989999999999927e-01 6.762200000000000433e-01 5.590000000000000351e-04
7.000000000000000000e+00 2.000000000000000000e+00 1.900000000000000000e+01 0.000000000000000000e+00 1.600000000000000089e+00 1.185999999999999988e-03 -3.485999999999999949e-03 -9.999930000000000208e-01 1.893420000000000103e-01 -9.819050000000000278e-01 3.647000000000000068e-03 -9.819109999999999783e-01 -1.893450000000000133e-01 -5.050000000000000235e-04
1.100000000000000000e+01 2.000000000000000000e+00 1.900000000000000000e+01 0.000000000000000000e+00 1.600000000000000089e+00 -1.167000000000000069e-03 -7.709999999999999840e-04 -9.999989999999999712e-01 1.917750000000000010e-01 -9.814389999999999503e-01 5.330000000000000536e-04 -9.814380000000000326e-01 -1.917740000000000000e-01 1.293000000000000095e-03
1.500000000000000000e+01 2.000000000000000000e+00 1.900000000000000000e+01 0.000000000000000000e+00 1.600000000000000089e+00 3.739999999999999835e-04 -4.009999999999999893e-04 -1.000000000000000000e+00 1.930709999999999926e-01 -9.811849999999999739e-01 4.659999999999999971e-04 -9.811849999999999739e-01 -1.930709999999999926e-01 -2.889999999999999774e-04
1.800000000000000000e+01 2.000000000000000000e+00 1.900000000000000000e+01 0.000000000000000000e+00 1.600000000000000089e+00 2.120000000000000031e-04 -3.181999999999999933e-03 -9.999949999999999672e-01 1.924460000000000059e-01 -9.813020000000000076e-01 3.163000000000000013e-03 -9.813079999999999581e-01 -1.924460000000000059e-01 4.040000000000000080e-04
2.200000000000000000e+01 2.000000000000000000e+00 1.900000000000000000e+01 0.000000000000000000e+00 1.600000000000000089e+00 6.509999999999999945e-04 -1.557999999999999923e-03 -9.999989999999999712e-01 1.887520000000000031e-01 -9.820229999999999793e-01 1.652999999999999955e-03 -9.820250000000000368e-01 -1.887530000000000041e-01 -3.460000000000000076e-04
2.600000000000000000e+01 2.000000000000000000e+00 1.900000000000000000e+01 0.000000000000000000e+00 1.600000000000000089e+00 -2.420000000000000005e-04 2.063000000000000164e-03 -9.999980000000000535e-01 1.879190000000000027e-01 -9.821819999999999995e-01 -2.072000000000000057e-03 -9.821839999999999460e-01 -1.879200000000000037e-01 -1.499999999999999869e-04
1.800000000000000000e+01 4.000000000000000000e+00 2.000000000000000000e+01 0.000000000000000000e+00 1.600000000000000089e+00 -4.920000000000000328e-04 -2.913999999999999924e-03 -9.999959999999999960e-01 2.891090000000000049e-01 -9.572929999999999495e-01 2.648000000000000180e-03 -9.572960000000000358e-01 -2.891059999999999741e-01 1.314000000000000064e-03
4.000000000000000000e+00 1.300000000000000000e+01 2.000000000000000000e+01 0.000000000000000000e+00 1.600000000000000089e+00 -1.172999999999999998e-03 -4.154999999999999839e-03 9.999909999999999632e-01 2.573779999999999957e-01 9.663009999999999655e-01 4.316999999999999657e-03 -9.663100000000000023e-01 2.573799999999999977e-01 -6.399999999999999710e-05
1.800000000000000000e+01 1.300000000000000000e+01 2.000000000000000000e+01 0.000000000000000000e+00 1.600000000000000089e+00 -2.739999999999999923e-04 -4.449999999999999746e-04 1.000000000000000000e+00 2.571350000000000025e-01 9.663749999999999840e-01 5.000000000000000104e-04 -9.663749999999999840e-01 2.571350000000000025e-01 -1.499999999999999869e-04
2.300000000000000000e+01 1.300000000000000000e+01 2.000000000000000000e+01 0.000000000000000000e+00 1.600000000000000089e+00 6.780000000000000002e-04 -1.630000000000000047e-04 1.000000000000000000e+00 2.561660000000000048e-01 9.666329999999999645e-01 -1.599999999999999928e-05 -9.666329999999999645e-01 2.561660000000000048e-01 6.970000000000000284e-04
2.600000000000000000e+01 1.300000000000000000e+01 2.000000000000000000e+01 0.000000000000000000e+00 1.600000000000000089e+00 9.359999999999999831e-04 -7.640000000000000306e-04 9.999989999999999712e-01 2.548170000000000157e-01 9.669889999999999874e-01 5.010000000000000347e-04 -9.669889999999999874e-01 2.548170000000000157e-01 1.100000000000000066e-03
3.000000000000000000e+01 1.300000000000000000e+01 2.000000000000000000e+01 0.000000000000000000e+00 1.600000000000000089e+00 3.989999999999999949e-04 4.297999999999999737e-03 9.999909999999999632e-01 2.532030000000000114e-01 9.674040000000000417e-01 -4.258999999999999765e-03 -9.674129999999999674e-01 2.532019999999999826e-01 -7.029999999999999574e-04
7.000000000000000000e+00 3.000000000000000000e+00 2.500000000000000000e+01 0.000000000000000000e+00 1.600000000000000089e+00 1.088999999999999907e-03 -7.978000000000000716e-03 9.999679999999999680e-01 -7.220999999999999641e-02 -9.973579999999999668e-01 -7.879000000000000586e-03 9.973889999999999700e-01 -7.220000000000000029e-02 -1.662000000000000066e-03
1.200000000000000000e+01 3.000000000000000000e+00 2.500000000000000000e+01 0.000000000000000000e+00 1.600000000000000089e+00 5.490000000000000088e-04 -2.193000000000000071e-03 9.999970000000000248e-01 -7.215199999999999392e-02 -9.973910000000000275e-01 -2.148000000000000170e-03 9.973929999999999740e-01 -7.215100000000000680e-02 -7.050000000000000060e-04
1.500000000000000000e+01 3.000000000000000000e+00 2.500000000000000000e+01 0.000000000000000000e+00 1.600000000000000089e+00 8.909999999999999734e-04 -1.549999999999999946e-03 9.999980000000000535e-01 -7.584599999999999675e-02 -9.971179999999999488e-01 -1.477999999999999930e-03 9.971189999999999776e-01 -7.584399999999999475e-02 -1.005999999999999950e-03
1.800000000000000000e+01 3.000000000000000000e+00 2.500000000000000000e+01 0.000000000000000000e+00 1.600000000000000089e+00 1.051999999999999984e-03 -3.620000000000000171e-04 9.999989999999999712e-01 -7.989599999999999480e-02 -9.968029999999999946e-01 -2.759999999999999867e-04 9.968029999999999946e-01 -7.989499999999999380e-02 -1.077999999999999965e-03
2.600000000000000000e+01 3.000000000000000000e+00 2.500000000000000000e+01 0.000000000000000000e+00 1.600000000000000089e+00 5.839999999999999922e-04 -1.150000000000000035e-04 1.000000000000000000e+00 -7.527200000000000557e-02 -9.971630000000000216e-01 -6.999999999999999387e-05 9.971630000000000216e-01 -7.527200000000000557e-02 -5.910000000000000539e-04
1.100000000000000000e+01 4.600000000000000000e+01 2.700000000000000000e+01 0.000000000000000000e+00 1.600000000000000089e+00 -1.234000000000000071e-03 -2.498999999999999919e-03 -9.999959999999999960e-01 6.783350000000000213e-01 7.347479999999999567e-01 -2.674000000000000161e-03 7.347519999999999607e-01 -6.783360000000000500e-01 7.879999999999999635e-04
2.500000000000000000e+01 4.600000000000000000e+01 2.700000000000000000e+01 0.000000000000000000e+00 1.600000000000000089e+00 1.749999999999999982e-04 5.950000000000000427e-04 -1.000000000000000000e+00 6.713080000000000158e-01 7.411790000000000322e-01 5.590000000000000351e-04 7.411790000000000322e-01 -6.713080000000000158e-01 -2.700000000000000035e-04
2.800000000000000000e+01 4.600000000000000000e+01 3.000000000000000000e+01 0.000000000000000000e+00 1.600000000000000089e+00 2.134000000000000046e-03 1.250000000000000026e-03 -9.999970000000000248e-01 3.287080000000000002e-01 9.444299999999999917e-01 1.881999999999999992e-03 9.444289999999999630e-01 -3.287109999999999754e-01 1.605000000000000090e-03
4.000000000000000000e+00 5.800000000000000000e+01 3.100000000000000000e+01 0.000000000000000000e+00 1.600000000000000089e+00 9.691999999999999227e-03 2.330000000000000040e-03 9.999500000000000055e-01 -8.051639999999999908e-01 -5.929820000000000091e-01 9.185999999999999721e-03 5.929740000000000011e-01 -8.052129999999999566e-01 -3.870999999999999875e-03
8.000000000000000000e+00 5.800000000000000000e+01 3.100000000000000000e+01 0.000000000000000000e+00 1.600000000000000089e+00 6.649000000000000396e-03 3.118000000000000112e-03 9.999730000000000008e-01 -8.024780000000000246e-01 -5.966380000000000017e-01 7.196000000000000139e-03 5.966449999999999809e-01 -8.025039999999999951e-01 -1.466000000000000072e-03
1.900000000000000000e+01 5.800000000000000000e+01 3.100000000000000000e+01 0.000000000000000000e+00 1.600000000000000089e+00 4.020000000000000136e-04 -5.590000000000000351e-04 1.000000000000000000e+00 -8.056250000000000355e-01 -5.924260000000000081e-01 -6.999999999999999895e-06 5.924260000000000081e-01 -8.056250000000000355e-01 -6.890000000000000508e-04
2.400000000000000000e+01 5.800000000000000000e+01 3.100000000000000000e+01 0.000000000000000000e+00 1.600000000000000089e+00 4.197000000000000210e-03 2.805999999999999901e-03 9.999869999999999592e-01 -8.000249999999999861e-01 -5.999449999999999505e-01 5.041000000000000342e-03 5.999510000000000121e-01 -8.000359999999999694e-01 -2.739999999999999923e-04
2.800000000000000000e+01 5.800000000000000000e+01 3.100000000000000000e+01 0.000000000000000000e+00 1.600000000000000089e+00 1.013000000000000012e-03 1.984999999999999785e-03 9.999980000000000535e-01 -7.949920000000000320e-01 -6.066169999999999618e-01 2.010000000000000068e-03 6.066190000000000193e-01 -7.949920000000000320e-01 9.640000000000000131e-04
1.400000000000000000e+01 2.200000000000000000e+01 3.400000000000000000e+01 0.000000000000000000e+00 1.600000000000000089e+00 8.509999999999999769e-04 8.199999999999999824e-04 9.999989999999999712e-01 3.789460000000000051e-01 -9.254189999999999916e-01 4.360000000000000269e-04 9.254179999999999628e-01 3.789449999999999763e-01 -1.098000000000000018e-03
1.600000000000000000e+01 2.200000000000000000e+01 3.400000000000000000e+01 0.000000000000000000e+00 1.600000000000000089e+00 -3.989999999999999949e-04 4.483000000000000006e-03 9.999900000000000455e-01 3.780240000000000267e-01 -9.257859999999999978e-01 4.301000000000000136e-03 9.257959999999999523e-01 3.780220000000000247e-01 -1.325000000000000006e-03
2.100000000000000000e+01 2.300000000000000000e+01 3.400000000000000000e+01 0.000000000000000000e+00 1.600000000000000089e+00 -1.433000000000000029e-03 -1.248999999999999893e-03 9.999980000000000535e-01 3.998669999999999725e-01 -9.165729999999999711e-01 -5.720000000000000258e-04 9.165720000000000534e-01 3.998650000000000260e-01 1.812999999999999941e-03
2.300000000000000000e+01 2.300000000000000000e+01 3.400000000000000000e+01 0.000000000000000000e+00 1.600000000000000089e+00 -3.739999999999999835e-04 -5.282000000000000237e-03 9.999860000000000415e-01 3.996600000000000152e-01 -9.166520000000000223e-01 -4.693000000000000123e-03 9.166640000000000343e-01 3.996520000000000072e-01 2.454000000000000018e-03
1.000000000000000000e+00 4.600000000000000000e+01 3.500000000000000000e+01 0.000000000000000000e+00 1.600000000000000089e+00 7.209999999999999612e-04 7.333000000000000108e-03 -9.999730000000000008e-01 3.899190000000000156e-01 -9.208260000000000334e-01 -6.471000000000000189e-03 -9.208490000000000286e-01 -3.899039999999999728e-01 -3.523000000000000090e-03
8.000000000000000000e+00 4.600000000000000000e+01 3.500000000000000000e+01 0.000000000000000000e+00 1.600000000000000089e+00 -1.389999999999999905e-04 -3.000000000000000076e-06 -1.000000000000000000e+00 3.911319999999999797e-01 -9.203339999999999854e-01 -5.099999999999999960e-05 -9.203339999999999854e-01 -3.911319999999999797e-01 1.289999999999999914e-04
1.300000000000000000e+01 4.600000000000000000e+01 3.500000000000000000e+01 0.000000000000000000e+00 1.600000000000000089e+00 -6.350000000000000392e-04 -8.559999999999999901e-04 -9.999989999999999712e-01 3.928269999999999817e-01 -9.196119999999999850e-01 5.379999999999999583e-04 -9.196119999999999850e-01 -3.928269999999999817e-01 9.200000000000000278e-04
2.100000000000000000e+01 4.600000000000000000e+01 3.500000000000000000e+01 0.000000000000000000e+00 1.600000000000000089e+00 1.659999999999999963e-04 5.599999999999999916e-05 -1.000000000000000000e+00 3.923760000000000026e-01 -9.198049999999999837e-01 1.399999999999999979e-05 -9.198049999999999837e-01 -3.923760000000000026e-01 -1.749999999999999982e-04
2.500000000000000000e+01 4.600000000000000000e+01 3.500000000000000000e+01 0.000000000000000000e+00 1.600000000000000089e+00 -7.100000000000000191e-04 -6.210000000000000242e-04 -1.000000000000000000e+00 3.915969999999999729e-01 -9.201369999999999827e-01 2.930000000000000204e-04 -9.201369999999999827e-01 -3.915969999999999729e-01 8.959999999999999866e-04
2.800000000000000000e+01 4.600000000000000000e+01 3.500000000000000000e+01 0.000000000000000000e+00 1.600000000000000089e+00 -3.319999999999999926e-04 -5.370000000000000424e-04 -1.000000000000000000e+00 3.907840000000000202e-01 -9.204820000000000224e-01 3.640000000000000115e-04 -9.204820000000000224e-01 -3.907840000000000202e-01 5.150000000000000498e-04
9.000000000000000000e+00 9.500000000000000000e+01 3.600000000000000000e+01 0.000000000000000000e+00 1.600000000000000089e+00 -7.024999999999999994e-03 -1.044800000000000069e-02 9.999209999999999487e-01 9.971069999999999656e-01 7.560600000000000653e-02 7.794999999999999846e-03 -7.568199999999999927e-02 9.970830000000000526e-01 9.886000000000000690e-03
1.100000000000000000e+01 9.500000000000000000e+01 3.600000000000000000e+01 0.000000000000000000e+00 1.600000000000000089e+00 -7.036999999999999852e-03 -2.049099999999999880e-02 9.997650000000000148e-01 9.970329999999999471e-01 7.649999999999999856e-02 8.585000000000000617e-03 -7.665800000000000392e-02 9.968590000000000506e-01 1.989199999999999996e-02
1.600000000000000000e+01 9.500000000000000000e+01 3.600000000000000000e+01 0.000000000000000000e+00 1.600000000000000089e+00 -3.451000000000000074e-03 1.313100000000000031e-02 9.999080000000000190e-01 9.969869999999999566e-01 7.753000000000000169e-02 2.422999999999999807e-03 -7.749100000000000432e-02 9.969029999999999836e-01 -1.335899999999999935e-02
1.900000000000000000e+01 9.500000000000000000e+01 3.600000000000000000e+01 0.000000000000000000e+00 1.600000000000000089e+00 -6.015000000000000381e-03 1.370999999999999996e-02 9.998879999999999990e-01 9.973990000000000355e-01 7.190699999999999870e-02 5.014000000000000228e-03 -7.183000000000000496e-02 9.973170000000000091e-01 -1.410699999999999975e-02
2.400000000000000000e+01 9.500000000000000000e+01 3.600000000000000000e+01 0.000000000000000000e+00 1.600000000000000089e+00 -7.114999999999999797e-03 -8.838000000000000370e-03 9.999360000000000470e-01 9.975629999999999775e-01 6.934999999999999498e-02 7.710999999999999972e-03 -6.941300000000000248e-02 9.975530000000000230e-01 8.323000000000000537e-03
5.000000000000000000e+00 2.900000000000000000e+01 4.400000000000000000e+01 0.000000000000000000e+00 1.600000000000000089e+00 -6.340000000000000149e-04 1.262000000000000101e-03 -9.999989999999999712e-01 6.625889999999999835e-01 7.489829999999999544e-01 5.249999999999999676e-04 7.489829999999999544e-01 -6.625879999999999548e-01 -1.311000000000000099e-03
1.000000000000000000e+01 2.900000000000000000e+01 4.400000000000000000e+01 0.000000000000000000e+00 1.600000000000000089e+00 -5.609999999999999752e-04 4.021000000000000268e-03 -9.999919999999999920e-01 6.706990000000000451e-01 7.417249999999999677e-01 2.605999999999999810e-03 7.417289999999999717e-01 -6.706919999999999549e-01 -3.114000000000000015e-03
1.800000000000000000e+01 2.900000000000000000e+01 4.400000000000000000e+01 0.000000000000000000e+00 1.600000000000000089e+00 -2.550000000000000183e-04 -1.051000000000000068e-03 -9.999989999999999712e-01 6.714210000000000456e-01 7.410750000000000393e-01 -9.499999999999999981e-04 7.410759999999999570e-01 -6.714210000000000456e-01 5.169999999999999899e-04
2.200000000000000000e+01 2.900000000000000000e+01 4.400000000000000000e+01 0.000000000000000000e+00 1.600000000000000089e+00 2.671000000000000197e-03 3.180000000000000101e-03 -9.999909999999999632e-01 6.696389999999999842e-01 7.426749999999999741e-01 4.150000000000000043e-03 7.426819999999999533e-01 -6.696450000000000458e-01 -1.459999999999999981e-04
4.000000000000000000e+00 5.000000000000000000e+00 5.100000000000000000e+01 0.000000000000000000e+00 1.600000000000000089e+00 1.407999999999999963e-03 -3.260000000000000094e-04 -9.999989999999999712e-01 4.942679999999999851e-01 -8.693089999999999984e-01 9.790000000000000525e-04 -8.693089999999999984e-01 -4.942690000000000139e-01 -1.062999999999999926e-03
8.000000000000000000e+00 5.000000000000000000e+00 5.100000000000000000e+01 0.000000000000000000e+00 1.600000000000000089e+00 -1.528000000000000061e-03 2.981000000000000143e-03 -9.999940000000000495e-01 4.959540000000000060e-01 -8.683429999999999760e-01 -3.347000000000000149e-03 -8.683480000000000087e-01 -4.959560000000000080e-01 -1.510000000000000112e-04
2.000000000000000000e+01 5.000000000000000000e+00 5.100000000000000000e+01 0.000000000000000000e+00 1.600000000000000089e+00 3.248000000000000019e-03 1.325999999999999922e-03 -9.999940000000000495e-01 4.890470000000000095e-01 -8.722569999999999490e-01 4.319999999999999838e-04 -8.722509999999999986e-01 -4.890459999999999807e-01 -3.481999999999999852e-03
2.400000000000000000e+01 5.000000000000000000e+00 5.100000000000000000e+01 0.000000000000000000e+00 1.600000000000000089e+00 8.999999999999999754e-04 -8.645999999999999172e-03 -9.999620000000000175e-01 4.885530000000000150e-01 -8.724979999999999958e-01 7.983999999999999778e-03 -8.725340000000000318e-01 -4.885419999999999763e-01 3.439000000000000216e-03
2.700000000000000000e+01 5.000000000000000000e+00 5.100000000000000000e+01 0.000000000000000000e+00 1.600000000000000089e+00 9.890000000000000787e-04 -5.163000000000000055e-03 -9.999860000000000415e-01 4.880999999999999783e-01 -8.727730000000000210e-01 4.989000000000000379e-03 -8.727869999999999795e-01 -4.880990000000000051e-01 1.657000000000000053e-03
1.300000000000000000e+01 6.300000000000000000e+01 5.400000000000000000e+01 0.000000000000000000e+00 1.600000000000000089e+00 -7.129999999999999836e-04 -1.619999999999999912e-03 9.999980000000000535e-01 -3.538930000000000131e-01 9.352850000000000330e-01 1.263000000000000017e-03 -9.352859999999999507e-01 -3.538910000000000111e-01 -1.240000000000000000e-03
1.800000000000000000e+01 6.300000000000000000e+01 5.400000000000000000e+01 0.000000000000000000e+00 1.600000000000000089e+00 -6.980000000000000527e-04 -8.159999999999999936e-04 1.000000000000000000e+00 -3.520730000000000248e-01 9.359730000000000549e-01 5.180000000000000143e-04 -9.359720000000000262e-01 -3.520719999999999961e-01 -9.409999999999999962e-04
2.200000000000000000e+01 6.300000000000000000e+01 5.400000000000000000e+01 0.000000000000000000e+00 1.600000000000000089e+00 1.291000000000000047e-03 3.637000000000000042e-03 9.999930000000000208e-01 -3.490119999999999889e-01 9.371129999999999738e-01 -2.958000000000000126e-03 -9.371169999999999778e-01 -3.490059999999999829e-01 2.478999999999999867e-03
2.600000000000000000e+01 6.300000000000000000e+01 5.400000000000000000e+01 0.000000000000000000e+00 1.600000000000000089e+00 1.520000000000000084e-04 1.353999999999999952e-03 9.999989999999999712e-01 -3.545039999999999858e-01 9.350540000000000518e-01 -1.211999999999999970e-03 -9.350540000000000518e-01 -3.545039999999999858e-01 6.220000000000000485e-04
2.900000000000000000e+01 6.300000000000000000e+01 5.400000000000000000e+01 0.000000000000000000e+00 1.600000000000000089e+00 -3.550000000000000096e-04 -3.433999999999999986e-03 9.999940000000000495e-01 -3.565760000000000041e-01 9.342610000000000081e-01 3.082000000000000104e-03 -9.342660000000000409e-01 -3.565729999999999733e-01 -1.557000000000000007e-03
1.100000000000000000e+01 2.500000000000000000e+01 5.500000000000000000e+01 0.000000000000000000e+00 1.600000000000000089e+00 -9.299999999999999727e-05 3.369000000000000033e-03 -9.999940000000000495e-01 -1.218999999999999945e-02 -9.999200000000000310e-01 -3.367000000000000201e-03 -9.999259999999999815e-01 1.218999999999999945e-02 1.340000000000000045e-04
1.700000000000000000e+01 2.500000000000000000e+01 5.500000000000000000e+01 0.000000000000000000e+00 1.600000000000000089e+00 1.356000000000000000e-03 2.079999999999999818e-03 -9.999970000000000248e-01 -1.069299999999999938e-02 -9.999409999999999688e-01 -2.093999999999999941e-03 -9.999419999999999975e-01 1.069499999999999965e-02 -1.333999999999999899e-03
2.400000000000000000e+01 2.500000000000000000e+01 5.500000000000000000e+01 0.000000000000000000e+00 1.600000000000000089e+00 -5.810000000000000277e-04 1.610000000000000103e-04 -1.000000000000000000e+00 -1.220000000000000077e-02 -9.999259999999999815e-01 -1.540000000000000028e-04 -9.999249999999999527e-01 1.220000000000000077e-02 5.829999999999999679e-04
5.000000000000000000e+00 2.100000000000000000e+01 6.000000000000000000e+01 0.000000000000000000e+00 1.600000000000000089e+00 -5.559999999999999838e-03 -5.394999999999999622e-03 9.999700000000000255e-01 -9.640100000000000058e-02 9.953309999999999658e-01 4.833999999999999755e-03 -9.953269999999999618e-01 -9.637099999999999833e-02 -6.054000000000000353e-03
1.000000000000000000e+01 2.100000000000000000e+01 6.000000000000000000e+01 0.000000000000000000e+00 1.600000000000000089e+00 -9.380000000000000317e-04 -5.006000000000000033e-03 9.999869999999999592e-01 -9.676700000000000579e-02 9.952950000000000408e-01 4.891000000000000382e-03 -9.953070000000000528e-01 -9.676099999999999979e-02 -1.417999999999999990e-03
1.300000000000000000e+01 3.000000000000000000e+00 6.300000000000000000e+01 0.000000000000000000e+00 1.600000000000000089e+00 1.574000000000000095e-03 -1.039999999999999936e-04 9.999989999999999712e-01 -6.163539999999999575e-01 7.874689999999999745e-01 1.051999999999999984e-03 -7.874679999999999458e-01 -6.163549999999999862e-01 1.175000000000000046e-03
3.000000000000000000e+00 2.700000000000000000e+01 6.300000000000000000e+01 0.000000000000000000e+00 1.600000000000000089e+00 -6.759999999999999516e-04 -9.330000000000000186e-04 9.999989999999999712e-01 -2.681350000000000122e-01 9.633810000000000429e-01 7.169999999999999724e-04 -9.633810000000000429e-01 -2.681350000000000122e-01 -9.009999999999999997e-04
1.100000000000000000e+01 2.700000000000000000e+01 6.300000000000000000e+01 0.000000000000000000e+00 1.600000000000000089e+00 -1.809999999999999977e-03 -3.759999999999999887e-03 9.999909999999999632e-01 -2.677129999999999788e-01 9.634930000000000438e-01 3.138000000000000164e-03 -9.634970000000000478e-01 -2.677050000000000263e-01 -2.749999999999999840e-03
1.900000000000000000e+01 2.700000000000000000e+01 6.300000000000000000e+01 0.000000000000000000e+00 1.600000000000000089e+00 2.099999999999999870e-03 -5.339999999999999695e-04 9.999980000000000535e-01 -2.677749999999999853e-01 9.634810000000000318e-01 1.077000000000000049e-03 -9.634789999999999743e-01 -2.677760000000000140e-01 1.879999999999999944e-03
2.300000000000000000e+01 2.700000000000000000e+01 6.300000000000000000e+01 0.000000000000000000e+00 1.600000000000000089e+00 2.517000000000000140e-03 4.899999999999999842e-04 9.999970000000000248e-01 -2.683450000000000002e-01 9.633230000000000404e-01 2.039999999999999984e-04 -9.633199999999999541e-01 -2.683450000000000002e-01 2.556000000000000112e-03
2.800000000000000000e+01 2.700000000000000000e+01 6.300000000000000000e+01 0.000000000000000000e+00 1.600000000000000089e+00 -2.997999999999999797e-03 1.043700000000000010e-02 9.999409999999999688e-01 -2.689520000000000244e-01 9.630919999999999481e-01 -1.085900000000000060e-02 -9.631490000000000329e-01 -2.689679999999999849e-01 -8.100000000000000375e-05
7.000000000000000000e+00 2.600000000000000000e+01 6.400000000000000000e+01 0.000000000000000000e+00 1.600000000000000089e+00 -2.011999999999999900e-03 -3.268000000000000071e-03 9.999930000000000208e-01 -3.469419999999999726e-01 9.378840000000000510e-01 2.367000000000000180e-03 -9.378840000000000510e-01 -3.469349999999999934e-01 -3.020999999999999814e-03
1.200000000000000000e+01 2.600000000000000000e+01 6.400000000000000000e+01 0.000000000000000000e+00 1.600000000000000089e+00 -1.463000000000000108e-03 -2.428000000000000037e-03 9.999959999999999960e-01 -3.492390000000000216e-01 9.370319999999999760e-01 1.763999999999999943e-03 -9.370330000000000048e-01 -3.492350000000000176e-01 -2.219000000000000052e-03
1.900000000000000000e+01 2.600000000000000000e+01 6.400000000000000000e+01 0.000000000000000000e+00 1.600000000000000089e+00 1.915999999999999951e-03 3.330000000000000169e-04 9.999980000000000535e-01 -3.497810000000000086e-01 9.368309999999999693e-01 3.579999999999999741e-04 -9.368290000000000228e-01 -3.497810000000000086e-01 1.912000000000000071e-03
2.400000000000000000e+01 2.600000000000000000e+01 6.400000000000000000e+01 0.000000000000000000e+00 1.600000000000000089e+00 1.547999999999999897e-03 1.400999999999999902e-03 9.999980000000000535e-01 -3.492600000000000149e-01 9.370249999999999968e-01 -7.720000000000000083e-04 -9.370249999999999968e-01 -3.492580000000000129e-01 1.938999999999999968e-03
2.700000000000000000e+01 2.600000000000000000e+01 6.400000000000000000e+01 0.000000000000000000e+00 1.600000000000000089e+00 -2.165999999999999957e-03 6.708999999999999686e-03 9.999749999999999472e-01 -3.509419999999999762e-01 9.363709999999999534e-01 -7.041999999999999649e-03 -9.363949999999999774e-01 -3.509490000000000109e-01 3.260000000000000094e-04
5.000000000000000000e+00 2.500000000000000000e+01 7.300000000000000000e+01 0.000000000000000000e+00 1.600000000000000089e+00 -2.749199999999999908e-02 -2.389499999999999957e-02 9.993360000000000021e-01 7.572670000000000234e-01 -6.530839999999999979e-01 5.217000000000000283e-03 6.525260000000000504e-01 7.569080000000000252e-01 3.604899999999999771e-02
1.300000000000000000e+01 2.500000000000000000e+01 7.300000000000000000e+01 0.000000000000000000e+00 1.600000000000000089e+00 5.779999999999999548e-04 -6.310000000000000504e-04 1.000000000000000000e+00 7.476120000000000543e-01 -6.641350000000000309e-01 -8.509999999999999769e-04 6.641350000000000309e-01 7.476129999999999720e-01 8.799999999999999771e-05
1.600000000000000000e+01 2.500000000000000000e+01 7.300000000000000000e+01 0.000000000000000000e+00 1.600000000000000089e+00 -1.657999999999999969e-03 -1.915000000000000036e-03 9.999970000000000248e-01 7.490909999999999513e-01 -6.624670000000000281e-01 -2.699999999999999899e-05 6.624649999999999705e-01 7.490890000000000049e-01 2.533000000000000095e-03
2.100000000000000000e+01 2.500000000000000000e+01 7.300000000000000000e+01 0.000000000000000000e+00 1.600000000000000089e+00 1.008999999999999914e-03 3.379999999999999758e-04 1.000000000000000000e+00 7.422159999999999869e-01 -6.701599999999999779e-01 -5.220000000000000031e-04 6.701599999999999779e-01 7.422159999999999869e-01 -9.269999999999999811e-04
2.800000000000000000e+01 2.500000000000000000e+01 7.300000000000000000e+01 0.000000000000000000e+00 1.600000000000000089e+00 -8.069999999999999916e-04 -2.550000000000000183e-04 1.000000000000000000e+00 7.441290000000000404e-01 -6.680350000000000454e-01 4.299999999999999894e-04 6.680350000000000454e-01 7.441290000000000404e-01 7.290000000000000473e-04
6.000000000000000000e+00 4.400000000000000000e+01 7.300000000000000000e+01 0.000000000000000000e+00 1.600000000000000089e+00 -2.256000000000000193e-03 -5.662999999999999631e-03 9.999810000000000088e-01 4.658099999999999741e-02 -9.988989999999999814e-01 -5.551000000000000378e-03 9.989120000000000221e-01 4.656799999999999828e-02 2.517000000000000140e-03
1.200000000000000000e+01 4.400000000000000000e+01 7.300000000000000000e+01 0.000000000000000000e+00 1.600000000000000089e+00 -2.541999999999999989e-03 -9.870000000000000301e-04 9.999959999999999960e-01 4.567899999999999738e-02 -9.989559999999999551e-01 -8.700000000000000051e-04 9.989529999999999799e-01 4.567700000000000232e-02 2.585000000000000058e-03
1.700000000000000000e+01 4.400000000000000000e+01 7.300000000000000000e+01 0.000000000000000000e+00 1.600000000000000089e+00 -1.910000000000000077e-04 -8.009999999999999542e-04 1.000000000000000000e+00 4.373900000000000010e-02 -9.990430000000000144e-01 -7.919999999999999523e-04 9.990430000000000144e-01 4.373900000000000010e-02 2.259999999999999910e-04
2.200000000000000000e+01 4.400000000000000000e+01 7.300000000000000000e+01 0.000000000000000000e+00 1.600000000000000089e+00 -1.389999999999999905e-04 -1.309000000000000051e-03 9.999989999999999712e-01 4.309400000000000036e-02 -9.990700000000000136e-01 -1.301999999999999989e-03 9.990710000000000424e-01 4.309400000000000036e-02 1.949999999999999965e-04
