1.100000000000000000e+01 2.500000000000000000e+01 1.000000000000000000e+00 0.000000000000000000e+00 1.600000000000000089e+00 3.926999999999999935e-03 -4.477000000000000077e-03 -9.999820000000000375e-01 -5.219979999999999620e-01 -8.529449999999999532e-01 1.768999999999999956e-03 -8.529379999999999740e-01 5.219810000000000283e-01 -5.687000000000000215e-03
1.900000000000000000e+01 2.500000000000000000e+01 1.000000000000000000e+00 0.000000000000000000e+00 1.600000000000000089e+00 2.795000000000000175e-03 4.634000000000000098e-03 -9.999850000000000128e-01 -5.249620000000000397e-01 -8.511079999999999757e-01 -5.411000000000000011e-03 -8.511210000000000164e-01 5.249700000000000477e-01 5.300000000000000078e-05
5.000000000000000000e+00 4.200000000000000000e+01 2.000000000000000000e+00 0.000000000000000000e+00 1.600000000000000089e+00 7.178000000000000352e-03 -1.536599999999999945e-02 -9.998559999999999670e-01 9.829020000000000534e-01 -1.838670000000000027e-01 9.882000000000000159e-03 -1.839919999999999889e-01 -9.828310000000000102e-01 1.378300000000000011e-02
1.000000000000000000e+00 1.500000000000000000e+01 4.000000000000000000e+00 0.000000000000000000e+00 1.600000000000000089e+00 3.899999999999999929e-05 5.093000000000000305e-03 9.999869999999999592e-01 3.089009999999999811e-01 -9.510819999999999830e-01 4.832000000000000357e-03 9.510939999999999950e-01 3.088960000000000039e-01 -1.610000000000000103e-03
1.000000000000000000e+01 1.500000000000000000e+01 4.000000000000000000e+00 0.000000000000000000e+00 1.600000000000000089e+00 1.985999999999999918e-03 3.278000000000000098e-03 9.999930000000000208e-01 3.055999999999999828e-01 -9.521570000000000311e-01 2.514000000000000175e-03 9.521579999999999488e-01 3.055930000000000035e-01 -2.893000000000000172e-03
2.000000000000000000e+01 1.500000000000000000e+01 4.000000000000000000e+00 0.000000000000000000e+00 1.600000000000000089e+00 -8.123999999999999277e-03 -3.353000000000000078e-03 9.999609999999999888e-01 2.994569999999999732e-01 -9.541089999999999849e-01 -7.659999999999999708e-04 9.540750000000000064e-01 2.994390000000000107e-01 8.755000000000000629e-03
2.400000000000000000e+01 1.500000000000000000e+01 4.000000000000000000e+00 0.000000000000000000e+00 1.600000000000000089e+00 -5.126999999999999613e-03 -2.663000000000000003e-03 9.999829999999999552e-01 2.967629999999999990e-01 -9.549509999999999943e-01 -1.020999999999999989e-03 9.549370000000000358e-01 2.967529999999999890e-01 5.686000000000000082e-03
2.000000000000000000e+00 1.010000000000000000e+02 7.000000000000000000e+00 0.000000000000000000e+00 1.600000000000000089e+00 -3.299999999999999982e-04 1.486700000000000001e-02 9.998890000000000278e-01 8.794429999999999747e-01 4.759570000000000189e-01 -6.786000000000000365e-03 -4.760050000000000114e-01 8.793429999999999858e-01 -1.323200000000000071e-02
2.300000000000000000e+01 1.010000000000000000e+02 7.000000000000000000e+00 0.000000000000000000e+00 1.600000000000000089e+00 -3.559999999999999797e-04 1.504400000000000008e-02 9.998869999999999703e-01 8.844940000000000024e-01 4.665039999999999742e-01 -6.703999999999999890e-03 -4.665520000000000223e-01 8.843910000000000382e-01 -1.347199999999999960e-02
2.900000000000000000e+01 1.010000000000000000e+02 7.000000000000000000e+00 0.000000000000000000e+00 1.600000000000000089e+00 -9.740000000000000394e-04 1.431400000000000033e-02 9.998970000000000358e-01 8.837249999999999828e-01 4.679699999999999971e-01 -5.838000000000000307e-03 -4.680059999999999776e-01 8.836279999999999690e-01 -1.310599999999999959e-02
2.000000000000000000e+00 1.500000000000000000e+01 8.000000000000000000e+00 0.000000000000000000e+00 1.600000000000000089e+00 9.300000000000000541e-04 7.851999999999999605e-03 -9.999689999999999968e-01 -5.983380000000000365e-01 -8.012150000000000105e-01 -6.847999999999999921e-03 -8.012430000000000385e-01 5.983260000000000245e-01 3.952999999999999917e-03
2.000000000000000000e+00 2.500000000000000000e+01 8.000000000000000000e+00 0.000000000000000000e+00 1.600000000000000089e+00 -2.137000000000000011e-03 -3.186000000000000030e-03 -9.999930000000000208e-01 4.428279999999999994e-01 8.965980000000000061e-01 -3.802999999999999957e-03 8.966039999999999566e-01 -4.428329999999999766e-01 -5.050000000000000235e-04
5.000000000000000000e+00 2.500000000000000000e+01 8.000000000000000000e+00 0.000000000000000000e+00 1.600000000000000089e+00 -9.210000000000000521e-04 -7.454999999999999821e-03 -9.999719999999999720e-01 4.443289999999999740e-01 8.958350000000000479e-01 -7.087000000000000417e-03 8.958629999999999649e-01 -4.443230000000000235e-01 2.487000000000000061e-03
9.000000000000000000e+00 2.500000000000000000e+01 8.000000000000000000e+00 0.000000000000000000e+00 1.600000000000000089e+00 -1.603000000000000041e-03 -5.897999999999999597e-03 -9.999810000000000088e-01 4.471700000000000119e-01 8.944290000000000296e-01 -5.991999999999999930e-03 8.944469999999999921e-01 -4.471720000000000139e-01 1.203000000000000076e-03
1.200000000000000000e+01 2.500000000000000000e+01 8.000000000000000000e+00 0.000000000000000000e+00 1.600000000000000089e+00 -3.350999999999999812e-03 -4.682999999999999663e-03 -9.999829999999999552e-01 4.487349999999999950e-01 8.936469999999999692e-01 -5.688999999999999613e-03 8.936579999999999524e-01 -4.487470000000000070e-01 -8.930000000000000221e-04
2.000000000000000000e+00 2.400000000000000000e+01 9.000000000000000000e+00 0.000000000000000000e+00 1.600000000000000089e+00 -2.125999999999999852e-03 -3.037999999999999902e-03 -9.999930000000000208e-01 4.463690000000000158e-01 8.948409999999999975e-01 -3.667999999999999820e-03 8.948460000000000303e-01 -4.463739999999999930e-01 -5.460000000000000443e-04
6.000000000000000000e+00 2.400000000000000000e+01 9.000000000000000000e+00 0.000000000000000000e+00 1.600000000000000089e+00 -9.950000000000000077e-04 -6.344999999999999946e-03 -9.999789999999999512e-01 4.479739999999999833e-01 8.940249999999999586e-01 -6.118000000000000174e-03 8.940460000000000074e-01 -4.479710000000000081e-01 1.951999999999999959e-03
1.300000000000000000e+01 2.400000000000000000e+01 9.000000000000000000e+00 0.000000000000000000e+00 1.600000000000000089e+00 -3.072000000000000078e-03 -1.763999999999999943e-03 -9.999940000000000495e-01 4.510199999999999765e-01 8.925089999999999968e-01 -2.959999999999999958e-03 8.925079999999999680e-01 -4.510270000000000112e-01 -1.946000000000000030e-03
1.700000000000000000e+01 2.400000000000000000e+01 9.000000000000000000e+00 0.000000000000000000e+00 1.600000000000000089e+00 -2.187000000000000142e-03 -6.697999999999999961e-03 -9.999749999999999472e-01 4.519960000000000089e-01 8.919930000000000359e-01 -6.962999999999999572e-03 8.920169999999999488e-01 -4.520000000000000129e-01 1.077000000000000049e-03
2.000000000000000000e+01 2.400000000000000000e+01 9.000000000000000000e+00 0.000000000000000000e+00 1.600000000000000089e+00 -2.628000000000000128e-03 -5.917999999999999650e-03 -9.999789999999999512e-01 4.524599999999999733e-01 8.917610000000000259e-01 -6.466999999999999658e-03 8.917810000000000459e-01 -4.524679999999999813e-01 3.339999999999999870e-04
2.700000000000000000e+01 3.100000000000000000e+01 1.200000000000000000e+01 0.000000000000000000e+00 1.600000000000000089e+00 1.165000000000000020e-03 -3.693000000000000102e-03 9.999930000000000208e-01 3.469999999999999994e-03 9.999869999999999592e-01 3.689000000000000005e-03 -9.999930000000000208e-01 3.465000000000000198e-03 1.177000000000000095e-03
1.400000000000000000e+01 3.200000000000000000e+01 1.400000000000000000e+01 0.000000000000000000e+00 1.600000000000000089e+00 3.589999999999999984e-04 6.409999999999999682e-04 -1.000000000000000000e+00 1.064260000000000067e-01 9.943199999999999816e-01 6.759999999999999516e-04 9.943210000000000104e-01 -1.064269999999999938e-01 2.889999999999999774e-04
2.100000000000000000e+01 1.200000000000000000e+01 1.500000000000000000e+01 0.000000000000000000e+00 1.600000000000000089e+00 2.732000000000000053e-03 4.436999999999999972e-03 -9.999860000000000415e-01 -4.695750000000000202e-01 -8.828770000000000229e-01 -5.199999999999999761e-03 -8.828890000000000349e-01 4.695819999999999994e-01 -3.289999999999999739e-04
2.800000000000000000e+01 1.200000000000000000e+01 1.500000000000000000e+01 0.000000000000000000e+00 1.600000000000000089e+00 6.595000000000000168e-03 5.396999999999999888e-03 -9.999639999999999640e-01 -4.679400000000000226e-01 -8.837249999999999828e-01 -7.856000000000000136e-03 -8.837350000000000483e-01 4.679749999999999743e-01 -3.301999999999999814e-03
1.700000000000000000e+01 1.100000000000000000e+01 1.600000000000000000e+01 0.000000000000000000e+00 1.600000000000000089e+00 1.028000000000000051e-03 8.499999999999999526e-04 -9.999989999999999712e-01 -4.169689999999999785e-01 -9.089199999999999502e-01 -1.201000000000000028e-03 -9.089199999999999502e-01 4.169700000000000073e-01 -5.800000000000000034e-04
2.900000000000000000e+01 1.100000000000000000e+01 1.600000000000000000e+01 0.000000000000000000e+00 1.600000000000000089e+00 6.075999999999999804e-03 4.949000000000000274e-03 -9.999689999999999968e-01 -4.153819999999999735e-01 -9.096199999999999841e-01 -7.026000000000000127e-03 -9.096269999999999634e-01 4.154120000000000035e-01 -3.471999999999999826e-03
3.000000000000000000e+00 1.160000000000000000e+02 1.600000000000000000e+01 0.000000000000000000e+00 1.600000000000000089e+00 2.770000000000000110e-04 2.579000000000000129e-03 9.999970000000000248e-01 6.833380000000000010e-01 7.300990000000000535e-01 -2.073000000000000190e-03 -7.301020000000000287e-01 6.833369999999999722e-01 -1.559999999999999972e-03
1.000000000000000000e+01 1.160000000000000000e+02 1.600000000000000000e+01 0.000000000000000000e+00 1.600000000000000089e+00 2.026000000000000023e-03 9.619999999999999645e-04 9.999970000000000248e-01 6.791369999999999907e-01 7.340090000000000225e-01 -2.082000000000000083e-03 -7.340090000000000225e-01 6.791390000000000482e-01 8.339999999999999974e-04
1.500000000000000000e+01 1.160000000000000000e+02 1.600000000000000000e+01 0.000000000000000000e+00 1.600000000000000089e+00 -1.730000000000000038e-04 1.740000000000000010e-03 9.999980000000000535e-01 6.958950000000000413e-01 7.181429999999999758e-01 -1.129000000000000012e-03 -7.181440000000000046e-01 6.958929999999999838e-01 -1.335000000000000032e-03
2.000000000000000000e+01 1.160000000000000000e+02 1.600000000000000000e+01 0.000000000000000000e+00 1.600000000000000089e+00 1.598999999999999944e-03 -1.595000000000000064e-03 9.999970000000000248e-01 6.769060000000000077e-01 7.360689999999999733e-01 9.100000000000000287e-05 -7.360670000000000268e-01 6.769039999999999502e-01 2.256999999999999892e-03
2.800000000000000000e+01 1.160000000000000000e+02 1.600000000000000000e+01 0.000000000000000000e+00 1.600000000000000089e+00 -4.169999999999999987e-04 2.099000000000000171e-03 9.999980000000000535e-01 7.258999999999999897e-01 6.877999999999999670e-01 -1.141000000000000087e-03 -6.878009999999999957e-01 7.258970000000000145e-01 -1.810999999999999893e-03
2.000000000000000000e+00 2.000000000000000000e+00 1.900000000000000000e+01 0.000000000000000000e+00 1.600000000000000089e+00 -8.840000000000000201e-04 5.860999999999999890e-03 -9.999820000000000375e-01 1.971259999999999957e-01 -9.803600000000000092e-01 -5.919999999999999915e-03 -9.803779999999999717e-01 -1.971279999999999977e-01 -2.889999999999999774e-04
7.000000000000000000e+00 2.000000000000000000e+00 1.900000000000000000e+01 0.000000000000000000e+00 1.600000000000000089e+00 -3.949000000000000253e-03 6.303999999999999708e-03 -9.999719999999999720e-01 1.980339999999999878e-01 -9.801699999999999857e-01 -6.961000000000000174e-03 -9.801870000000000305e-01 -1.980560000000000098e-01 2.622999999999999898e-03
1.000000000000000000e+01 2.000000000000000000e+00 1.900000000000000000e+01 0.000000000000000000e+00 1.600000000000000089e+00 -2.295000000000000165e-03 7.709999999999999840e-04 -9.999970000000000248e-01 1.966189999999999882e-01 -9.804789999999999894e-01 -1.206999999999999957e-03 -9.804770000000000429e-01 -1.966209999999999902e-01 2.099000000000000171e-03
1.600000000000000000e+01 2.000000000000000000e+00 1.900000000000000000e+01 0.000000000000000000e+00 1.600000000000000089e+00 4.169999999999999987e-04 -5.150000000000000064e-03 -9.999869999999999592e-01 1.935060000000000113e-01 -9.810860000000000136e-01 5.133999999999999675e-03 -9.810990000000000544e-01 -1.935060000000000113e-01 5.869999999999999567e-04
2.100000000000000000e+01 2.000000000000000000e+00 1.900000000000000000e+01 0.000000000000000000e+00 1.600000000000000089e+00 5.360000000000000181e-04 -4.899999999999999842e-05 -1.000000000000000000e+00 1.966539999999999955e-01 -9.804730000000000389e-01 1.540000000000000028e-04 -9.804730000000000389e-01 -1.966539999999999955e-01 -5.150000000000000498e-04
2.900000000000000000e+01 2.000000000000000000e+00 1.900000000000000000e+01 0.000000000000000000e+00 1.600000000000000089e+00 2.187999999999999841e-03 8.467000000000000567e-03 -9.999620000000000175e-01 1.915810000000000013e-01 -9.814450000000000118e-01 -7.891000000000000444e-03 -9.814739999999999576e-01 -1.915560000000000040e-01 -3.769000000000000215e-03
1.000000000000000000e+01 4.000000000000000000e+00 2.000000000000000000e+01 0.000000000000000000e+00 1.600000000000000089e+00 -4.335999999999999577e-03 -1.994999999999999812e-03 -9.999890000000000168e-01 2.908359999999999834e-01 -9.567729999999999846e-01 6.470000000000000057e-04 -9.567630000000000301e-01 -2.908299999999999774e-01 4.728999999999999697e-03
1.300000000000000000e+01 4.000000000000000000e+00 2.000000000000000000e+01 0.000000000000000000e+00 1.600000000000000089e+00 -4.539999999999999765e-04 -3.318999999999999902e-03 -9.999940000000000495e-01 2.881150000000000100e-01 -9.575909999999999700e-01 3.047999999999999928e-03 -9.575960000000000027e-01 -2.881119999999999792e-01 1.391000000000000092e-03
1.900000000000000000e+01 4.000000000000000000e+00 2.000000000000000000e+01 0.000000000000000000e+00 1.600000000000000089e+00 7.889999999999999878e-04 -2.560000000000000209e-03 -9.999959999999999960e-01 2.929640000000000022e-01 -9.561199999999999699e-01 2.678999999999999958e-03 -9.561229999999999452e-01 -2.929649999999999754e-01 -5.000000000000000409e-06
2.500000000000000000e+01 4.000000000000000000e+00 2.000000000000000000e+01 0.000000000000000000e+00 1.600000000000000089e+00 1.196999999999999930e-03 8.276000000000000370e-03 -9.999649999999999928e-01 2.919800000000000173e-01 -9.563939999999999664e-01 -7.565999999999999809e-03 -9.564240000000000519e-01 -2.919610000000000261e-01 -3.560999999999999929e-03
2.000000000000000000e+00 1.300000000000000000e+01 2.000000000000000000e+01 0.000000000000000000e+00 1.600000000000000089e+00 -1.557999999999999923e-03 -2.977000000000000045e-03 9.999940000000000495e-01 2.537619999999999876e-01 9.672610000000000374e-01 3.275000000000000133e-03 -9.672650000000000414e-01 2.537659999999999916e-01 -7.519999999999999558e-04
7.000000000000000000e+00 1.300000000000000000e+01 2.000000000000000000e+01 0.000000000000000000e+00 1.600000000000000089e+00 -2.503000000000000017e-03 -6.597000000000000433e-03 9.999749999999999472e-01 2.565629999999999855e-01 9.665019999999999722e-01 7.017999999999999933e-03 -9.665240000000000498e-01 2.565740000000000243e-01 -7.259999999999999743e-04
1.200000000000000000e+01 1.300000000000000000e+01 2.000000000000000000e+01 0.000000000000000000e+00 1.600000000000000089e+00 -1.129999999999999955e-04 -6.089999999999999494e-04 1.000000000000000000e+00 2.568989999999999885e-01 9.664380000000000193e-01 6.179999999999999513e-04 -9.664380000000000193e-01 2.568989999999999885e-01 4.699999999999999724e-05
1.400000000000000000e+01 1.300000000000000000e+01 2.000000000000000000e+01 0.000000000000000000e+00 1.600000000000000089e+00 4.350000000000000026e-04 8.899999999999999491e-05 1.000000000000000000e+00 2.562329999999999885e-01 9.666150000000000020e-01 -1.979999999999999881e-04 -9.666150000000000020e-01 2.562329999999999885e-01 3.980000000000000248e-04
1.900000000000000000e+01 1.300000000000000000e+01 2.000000000000000000e+01 0.000000000000000000e+00 1.600000000000000089e+00 1.608000000000000054e-03 1.190000000000000085e-03 9.999980000000000535e-01 2.555509999999999726e-01 9.667940000000000422e-01 -1.562000000000000020e-03 -9.667940000000000422e-01 2.555529999999999746e-01 1.250000000000000026e-03
2.500000000000000000e+01 1.300000000000000000e+01 2.000000000000000000e+01 0.000000000000000000e+00 1.600000000000000089e+00 1.049999999999999935e-03 1.360000000000000098e-03 9.999989999999999712e-01 2.543500000000000205e-01 9.671110000000000539e-01 -1.582000000000000073e-03 -9.671119999999999717e-01 2.543520000000000225e-01 6.700000000000000226e-04
2.000000000000000000e+00 1.600000000000000000e+01 2.100000000000000000e+01 0.000000000000000000e+00 1.600000000000000089e+00 -1.317999999999999944e-03 -5.178000000000000311e-03 9.999860000000000415e-01 2.964069999999999760e-01 9.550469999999999793e-01 5.335999999999999598e-03 -9.550610000000000488e-01 2.964100000000000068e-01 2.759999999999999867e-04
7.000000000000000000e+00 1.600000000000000000e+01 2.100000000000000000e+01 0.000000000000000000e+00 1.600000000000000089e+00 -2.079000000000000119e-03 -6.791000000000000161e-03 9.999749999999999472e-01 2.985680000000000001e-01 9.543620000000000436e-01 7.101999999999999806e-03 -9.543859999999999566e-01 2.985749999999999793e-01 4.399999999999999886e-05
1.900000000000000000e+01 1.600000000000000000e+01 2.100000000000000000e+01 0.000000000000000000e+00 1.600000000000000089e+00 1.371000000000000040e-03 1.510999999999999973e-03 9.999980000000000535e-01 2.994890000000000052e-01 9.540980000000000016e-01 -1.851999999999999914e-03 -9.540990000000000304e-01 2.994910000000000072e-01 8.549999999999999658e-04
2.200000000000000000e+01 1.600000000000000000e+01 2.100000000000000000e+01 0.000000000000000000e+00 1.600000000000000089e+00 3.759999999999999779e-04 5.231999999999999672e-03 9.999860000000000415e-01 2.988430000000000253e-01 9.542880000000000251e-01 -5.106000000000000295e-03 -9.543019999999999836e-01 2.988410000000000233e-01 -1.204999999999999908e-03
2.600000000000000000e+01 1.600000000000000000e+01 2.100000000000000000e+01 0.000000000000000000e+00 1.600000000000000089e+00 1.771999999999999921e-03 6.507999999999999896e-03 9.999770000000000048e-01 2.971079999999999832e-01 9.548200000000000021e-01 -6.740999999999999596e-03 -9.548419999999999686e-01 2.971130000000000160e-01 -2.420000000000000005e-04
6.000000000000000000e+00 3.000000000000000000e+00 2.500000000000000000e+01 0.000000000000000000e+00 1.600000000000000089e+00 5.910000000000000323e-03 6.295000000000000248e-03 9.999630000000000463e-01 -5.494199999999999778e-02 -9.984680000000000222e-01 6.610000000000000424e-03 9.984720000000000262e-01 -5.497900000000000009e-02 -5.555000000000000042e-03
1.100000000000000000e+01 3.000000000000000000e+00 2.500000000000000000e+01 0.000000000000000000e+00 1.600000000000000089e+00 2.092000000000000109e-03 -4.030999999999999861e-03 9.999900000000000455e-01 -5.534700000000000036e-02 -9.984600000000000142e-01 -3.909000000000000148e-03 9.984650000000000469e-01 -5.533799999999999830e-02 -2.311999999999999819e-03
2.300000000000000000e+01 3.000000000000000000e+00 2.500000000000000000e+01 0.000000000000000000e+00 1.600000000000000089e+00 -2.279000000000000210e-03 3.759000000000000188e-03 9.999900000000000455e-01 -6.289899999999999658e-02 -9.980130000000000390e-01 3.608999999999999795e-03 9.980170000000000430e-01 -6.289000000000000146e-02 2.511000000000000211e-03
5.000000000000000000e+00 4.600000000000000000e+01 2.700000000000000000e+01 0.000000000000000000e+00 1.600000000000000089e+00 1.476000000000000098e-03 -1.679999999999999907e-04 -9.999989999999999712e-01 6.434330000000000327e-01 7.655020000000000158e-01 8.210000000000000067e-04 7.655009999999999870e-01 -6.434339999999999504e-01 1.237999999999999951e-03
8.000000000000000000e+00 4.600000000000000000e+01 2.700000000000000000e+01 0.000000000000000000e+00 1.600000000000000089e+00 3.191999999999999959e-03 -5.980000000000000072e-04 -9.999949999999999672e-01 6.457720000000000127e-01 7.635279999999999845e-01 1.605000000000000090e-03 7.635229999999999517e-01 -6.457739999999999592e-01 2.822999999999999989e-03
1.800000000000000000e+01 4.600000000000000000e+01 2.700000000000000000e+01 0.000000000000000000e+00 1.600000000000000089e+00 -1.131000000000000061e-03 2.354000000000000190e-03 -9.999970000000000248e-01 6.550080000000000346e-01 7.556209999999999871e-01 1.038000000000000077e-03 7.556209999999999871e-01 -6.550049999999999484e-01 -2.396999999999999825e-03
3.000000000000000000e+01 4.600000000000000000e+01 2.700000000000000000e+01 0.000000000000000000e+00 1.600000000000000089e+00 -8.500000000000000611e-05 2.528999999999999998e-03 -9.999970000000000248e-01 6.563309999999999977e-01 7.544710000000000027e-01 1.851999999999999914e-03 7.544729999999999492e-01 -6.563290000000000513e-01 -1.724000000000000055e-03
1.000000000000000000e+00 4.600000000000000000e+01 3.000000000000000000e+01 0.000000000000000000e+00 1.600000000000000089e+00 -6.890000000000000508e-04 -8.149999999999999693e-04 -9.999989999999999712e-01 3.278949999999999920e-01 9.447130000000000249e-01 -9.959999999999999236e-04 9.447140000000000537e-01 -3.278960000000000208e-01 -3.829999999999999854e-04
1.100000000000000000e+01 4.600000000000000000e+01 3.000000000000000000e+01 0.000000000000000000e+00 1.600000000000000089e+00 1.539999999999999919e-03 1.853999999999999962e-03 -9.999970000000000248e-01 3.261560000000000015e-01 9.453129999999999589e-01 2.255000000000000060e-03 9.453150000000000164e-01 -3.261589999999999767e-01 8.509999999999999769e-04
1.400000000000000000e+01 5.800000000000000000e+01 3.100000000000000000e+01 0.000000000000000000e+00 1.600000000000000089e+00 -7.619999999999999820e-04 -1.969999999999999963e-03 9.999980000000000535e-01 -8.028300000000000436e-01 -5.962060000000000137e-01 -1.786000000000000044e-03 5.962079999999999602e-01 -8.028290000000000148e-01 -1.128000000000000096e-03
1.900000000000000000e+01 5.800000000000000000e+01 3.100000000000000000e+01 0.000000000000000000e+00 1.600000000000000089e+00 5.300000000000000078e-05 -5.081999999999999712e-03 9.999869999999999592e-01 -8.010450000000000070e-01 -5.985970000000000457e-01 -3.000000000000000062e-03 5.986050000000000537e-01 -8.010340000000000238e-01 -4.101999999999999744e-03
2.300000000000000000e+01 5.800000000000000000e+01 3.100000000000000000e+01 0.000000000000000000e+00 1.600000000000000089e+00 3.033999999999999805e-03 -3.457000000000000003e-03 9.999890000000000168e-01 -7.968490000000000295e-01 -6.041779999999999928e-01 3.289999999999999739e-04 6.041710000000000136e-01 -7.968420000000000503e-01 -4.588000000000000064e-03
2.900000000000000000e+01 5.800000000000000000e+01 3.100000000000000000e+01 0.000000000000000000e+00 1.600000000000000089e+00 -8.769999999999999584e-04 3.804000000000000090e-03 9.999919999999999920e-01 -7.925539999999999807e-01 -6.098000000000000087e-01 1.624999999999999925e-03 6.098019999999999552e-01 -7.925459999999999727e-01 3.550000000000000204e-03
9.000000000000000000e+00 6.000000000000000000e+00 3.200000000000000000e+01 0.000000000000000000e+00 1.600000000000000089e+00 3.549000000000000071e-03 2.870000000000000155e-03 -9.999900000000000455e-01 9.382200000000000262e-02 9.955840000000000245e-01 3.190999999999999826e-03 9.955829999999999957e-01 -9.383299999999999974e-02 3.263999999999999974e-03
2.700000000000000000e+01 5.900000000000000000e+01 3.200000000000000000e+01 0.000000000000000000e+00 1.600000000000000089e+00 1.229000000000000058e-03 3.883999999999999866e-03 9.999919999999999920e-01 -6.912129999999999663e-01 -7.226409999999999778e-01 3.655999999999999962e-03 7.226500000000000146e-01 -6.912120000000000486e-01 1.796000000000000070e-03
6.000000000000000000e+00 4.600000000000000000e+01 3.500000000000000000e+01 0.000000000000000000e+00 1.600000000000000089e+00 -1.679999999999999907e-04 3.373000000000000130e-03 -9.999940000000000495e-01 3.855190000000000006e-01 -9.226940000000000142e-01 -3.177000000000000136e-03 -9.226999999999999647e-01 -3.855169999999999986e-01 -1.146000000000000100e-03
1.200000000000000000e+01 4.600000000000000000e+01 3.500000000000000000e+01 0.000000000000000000e+00 1.600000000000000089e+00 2.979999999999999793e-04 -1.827000000000000065e-03 -9.999980000000000535e-01 3.849890000000000256e-01 -9.229190000000000449e-01 1.801000000000000083e-03 -9.229209999999999914e-01 -3.849890000000000256e-01 4.290000000000000193e-04
1.700000000000000000e+01 4.600000000000000000e+01 3.500000000000000000e+01 0.000000000000000000e+00 1.600000000000000089e+00 8.429999999999999993e-04 -1.310000000000000129e-04 -1.000000000000000000e+00 3.849969999999999781e-01 -9.229180000000000161e-01 4.459999999999999989e-04 -9.229169999999999874e-01 -3.849980000000000069e-01 -7.280000000000000230e-04
2.300000000000000000e+01 4.600000000000000000e+01 3.500000000000000000e+01 0.000000000000000000e+00 1.600000000000000089e+00 -3.739999999999999835e-04 -1.690000000000000096e-03 -9.999989999999999712e-01 3.852430000000000021e-01 -9.228140000000000231e-01 1.415999999999999941e-03 -9.228150000000000519e-01 -3.852419999999999733e-01 9.959999999999999236e-04
2.700000000000000000e+01 4.600000000000000000e+01 3.500000000000000000e+01 0.000000000000000000e+00 1.600000000000000089e+00 9.190000000000000035e-04 -7.399999999999999894e-04 -9.999989999999999712e-01 3.840649999999999897e-01 -9.233059999999999601e-01 1.036000000000000029e-03 -9.233059999999999601e-01 -3.840660000000000185e-01 -5.649999999999999641e-04
7.000000000000000000e+00 9.500000000000000000e+01 3.600000000000000000e+01 0.000000000000000000e+00 1.600000000000000089e+00 8.035999999999999741e-03 9.516999999999999418e-03 9.999219999999999775e-01 9.976110000000000255e-01 6.853499999999999870e-02 -8.670000000000000623e-03 -6.861200000000000632e-02 9.976030000000000175e-01 -8.944000000000000561e-03
1.100000000000000000e+01 9.500000000000000000e+01 3.600000000000000000e+01 0.000000000000000000e+00 1.600000000000000089e+00 7.962000000000000327e-03 1.105300000000000032e-02 9.999069999999999903e-01 9.975730000000000430e-01 6.908699999999999564e-02 -8.706999999999999462e-03 -6.917700000000000238e-02 9.975490000000000190e-01 -1.047599999999999920e-02
1.900000000000000000e+01 9.500000000000000000e+01 3.600000000000000000e+01 0.000000000000000000e+00 1.600000000000000089e+00 -2.357000000000000154e-03 2.057999999999999934e-03 9.999949999999999672e-01 9.967449999999999921e-01 8.058800000000000685e-02 2.183000000000000045e-03 -8.058300000000000185e-02 9.967449999999999921e-01 -2.240999999999999936e-03
2.400000000000000000e+01 9.500000000000000000e+01 3.600000000000000000e+01 0.000000000000000000e+00 1.600000000000000089e+00 -2.556000000000000112e-03 7.732000000000000157e-03 9.999670000000000503e-01 9.971950000000000536e-01 7.481699999999999462e-02 1.971000000000000096e-03 -7.479900000000000437e-02 9.971670000000000256e-01 -7.901000000000000037e-03
2.900000000000000000e+01 9.500000000000000000e+01 3.600000000000000000e+01 0.000000000000000000e+00 1.600000000000000089e+00 -5.021000000000000289e-03 1.734399999999999831e-02 9.998369999999999758e-01 9.973370000000000291e-01 7.283900000000000097e-02 3.745000000000000065e-03 -7.276199999999999335e-02 9.971929999999999961e-01 -1.766399999999999915e-02
3.000000000000000000e+00 3.000000000000000000e+00 4.300000000000000000e+01 0.000000000000000000e+00 1.600000000000000089e+00 2.126999999999999984e-03 -4.419000000000000185e-03 -9.999879999999999880e-01 7.378200000000000314e-01 -6.749819999999999709e-01 4.551999999999999623e-03 -6.749950000000000117e-01 -7.378209999999999491e-01 1.824000000000000100e-03
1.000000000000000000e+01 3.000000000000000000e+00 4.300000000000000000e+01 0.000000000000000000e+00 1.600000000000000089e+00 -4.429999999999999802e-04 2.339600000000000013e-02 -9.997260000000000035e-01 7.396540000000000337e-01 -6.727950000000000319e-01 -1.607300000000000048e-02 -6.729870000000000019e-01 -7.394589999999999774e-01 -1.700700000000000128e-02
1.700000000000000000e+01 3.000000000000000000e+00 4.300000000000000000e+01 0.000000000000000000e+00 1.600000000000000089e+00 1.613999999999999983e-03 4.399000000000000132e-03 -9.999890000000000168e-01 7.366570000000000062e-01 -6.762639999999999763e-01 -1.786000000000000044e-03 -6.762639999999999763e-01 -7.366460000000000230e-01 -4.331999999999999913e-03
2.400000000000000000e+01 3.000000000000000000e+00 4.300000000000000000e+01 0.000000000000000000e+00 1.600000000000000089e+00 1.132999999999999893e-03 -2.157099999999999990e-02 -9.997669999999999613e-01 7.340170000000000305e-01 -6.789539999999999464e-01 1.548099999999999997e-02 -6.791300000000000114e-01 -7.338630000000000431e-01 1.506399999999999927e-02
3.000000000000000000e+01 3.000000000000000000e+00 4.300000000000000000e+01 0.000000000000000000e+00 1.600000000000000089e+00 8.479000000000000425e-03 2.321000000000000146e-02 -9.996950000000000003e-01 7.400039999999999951e-01 -6.725379999999999692e-01 -9.338000000000000814e-03 -6.725489999999999524e-01 -7.396989999999999954e-01 -2.287799999999999903e-02
3.000000000000000000e+00 8.000000000000000000e+00 4.400000000000000000e+01 0.000000000000000000e+00 1.600000000000000089e+00 -6.400000000000000524e-04 8.278999999999999901e-03 9.999649999999999928e-01 -7.813369999999999482e-01 -6.240919999999999801e-01 4.667000000000000141e-03 6.241090000000000249e-01 -7.813069999999999737e-01 6.869000000000000106e-03
1.300000000000000000e+01 8.000000000000000000e+00 4.400000000000000000e+01 0.000000000000000000e+00 1.600000000000000089e+00 1.337999999999999997e-03 2.889000000000000075e-03 9.999949999999999672e-01 -7.852510000000000323e-01 -6.191710000000000269e-01 2.840000000000000076e-03 6.191759999999999486e-01 -7.852510000000000323e-01 1.440000000000000091e-03
3.000000000000000000e+00 2.900000000000000000e+01 4.400000000000000000e+01 0.000000000000000000e+00 1.600000000000000089e+00 1.832000000000000078e-03 -2.537999999999999892e-03 -9.999949999999999672e-01 6.771890000000000409e-01 7.358090000000000463e-01 -6.269999999999999532e-04 7.358069999999999888e-01 -6.771850000000000369e-01 3.066999999999999848e-03
1.100000000000000000e+01 2.900000000000000000e+01 4.400000000000000000e+01 0.000000000000000000e+00 1.600000000000000089e+00 1.974000000000000060e-03 -5.659999999999999884e-04 -9.999980000000000535e-01 6.843900000000000539e-01 7.291149999999999576e-01 9.389999999999999476e-04 7.291130000000000111e-01 -6.843909999999999716e-01 1.827000000000000065e-03
1.500000000000000000e+01 2.900000000000000000e+01 4.400000000000000000e+01 0.000000000000000000e+00 1.600000000000000089e+00 1.337999999999999997e-03 -1.464999999999999939e-03 -9.999980000000000535e-01 6.873209999999999598e-01 7.263540000000000552e-01 -1.440000000000000036e-04 7.263530000000000264e-01 -6.873190000000000133e-01 1.978999999999999856e-03
1.900000000000000000e+01 2.900000000000000000e+01 4.400000000000000000e+01 0.000000000000000000e+00 1.600000000000000089e+00 -3.579999999999999741e-04 3.660000000000000059e-04 -1.000000000000000000e+00 6.870129999999999848e-01 7.266449999999999854e-01 2.000000000000000164e-05 7.266449999999999854e-01 -6.870129999999999848e-01 -5.109999999999999525e-04
2.500000000000000000e+01 2.900000000000000000e+01 4.400000000000000000e+01 0.000000000000000000e+00 1.600000000000000089e+00 -2.546999999999999785e-03 1.521999999999999915e-03 -9.999959999999999960e-01 6.841749999999999776e-01 7.293180000000000218e-01 -6.329999999999999906e-04 7.293129999999999891e-01 -6.841739999999999489e-01 -2.899000000000000101e-03
2.400000000000000000e+01 5.400000000000000000e+01 4.600000000000000000e+01 0.000000000000000000e+00 1.600000000000000089e+00 -2.099000000000000171e-03 8.570000000000000144e-04 9.999970000000000248e-01 3.112079999999999846e-01 -9.503409999999999913e-01 1.467999999999999904e-03 9.503399999999999626e-01 3.112099999999999866e-01 1.727999999999999935e-03
3.000000000000000000e+01 5.400000000000000000e+01 4.600000000000000000e+01 0.000000000000000000e+00 1.600000000000000089e+00 4.402999999999999796e-03 1.094299999999999960e-02 9.999299999999999855e-01 3.053679999999999728e-01 -9.521910000000000096e-01 9.076000000000000734e-03 9.522239999999999593e-01 3.053069999999999951e-01 -7.533999999999999898e-03
2.600000000000000000e+01 6.500000000000000000e+01 4.600000000000000000e+01 0.000000000000000000e+00 1.600000000000000089e+00 1.487000000000000040e-03 -9.790000000000000525e-04 9.999980000000000535e-01 6.798440000000000039e-01 -7.333549999999999791e-01 -1.729000000000000068e-03 7.333549999999999791e-01 6.798450000000000326e-01 -4.249999999999999763e-04
3.000000000000000000e+00 5.000000000000000000e+00 5.100000000000000000e+01 0.000000000000000000e+00 1.600000000000000089e+00 -2.429000000000000169e-03 3.578000000000000017e-03 -9.999909999999999632e-01 4.923930000000000251e-01 -8.703619999999999690e-01 -4.309999999999999595e-03 -8.703689999999999483e-01 -4.923989999999999756e-01 3.519999999999999908e-04
5.000000000000000000e+00 6.000000000000000000e+00 5.100000000000000000e+01 0.000000000000000000e+00 1.600000000000000089e+00 -2.629999999999999959e-04 1.188999999999999953e-03 -9.999989999999999712e-01 3.280469999999999775e-01 -9.446609999999999729e-01 -1.209999999999999921e-03 -9.446609999999999729e-01 -3.280469999999999775e-01 -1.410000000000000120e-04
1.000000000000000000e+00 7.000000000000000000e+00 5.200000000000000000e+01 0.000000000000000000e+00 1.600000000000000089e+00 -2.759999999999999867e-03 3.376000000000000095e-03 -9.999909999999999632e-01 1.088680000000000064e-01 -9.940499999999999892e-01 -3.655999999999999962e-03 -9.940520000000000467e-01 -1.088770000000000016e-01 2.376000000000000074e-03
2.100000000000000000e+01 7.000000000000000000e+00 5.200000000000000000e+01 0.000000000000000000e+00 1.600000000000000089e+00 -4.847999999999999879e-03 -7.798000000000000244e-03 -9.999580000000000135e-01 1.056070000000000064e-01 -9.943819999999999881e-01 7.242000000000000173e-03 -9.943959999999999466e-01 -1.055669999999999942e-01 5.643999999999999712e-03
2.300000000000000000e+01 7.000000000000000000e+00 5.200000000000000000e+01 0.000000000000000000e+00 1.600000000000000089e+00 -3.967000000000000040e-03 -4.399000000000000132e-03 -9.999820000000000375e-01 1.056730000000000030e-01 -9.943929999999999714e-01 3.956000000000000315e-03 -9.943929999999999714e-01 -1.056559999999999999e-01 4.409999999999999858e-03
6.000000000000000000e+00 6.300000000000000000e+01 5.400000000000000000e+01 0.000000000000000000e+00 1.600000000000000089e+00 7.249999999999999500e-04 -1.742000000000000059e-03 9.999980000000000535e-01 -3.534550000000000192e-01 9.354500000000000037e-01 1.886000000000000090e-03 -9.354510000000000325e-01 -3.534559999999999924e-01 6.200000000000000270e-05
1.500000000000000000e+01 6.300000000000000000e+01 5.400000000000000000e+01 0.000000000000000000e+00 1.600000000000000089e+00 1.200000000000000030e-04 -3.190999999999999826e-03 9.999949999999999672e-01 -3.502190000000000025e-01 9.366630000000000233e-01 3.030999999999999840e-03 -9.366679999999999451e-01 -3.502179999999999738e-01 -1.005000000000000034e-03
2.400000000000000000e+01 6.300000000000000000e+01 5.400000000000000000e+01 0.000000000000000000e+00 1.600000000000000089e+00 1.413999999999999892e-03 1.265999999999999981e-03 9.999980000000000535e-01 -3.596110000000000140e-01 9.331019999999999870e-01 -6.729999999999999871e-04 -9.331009999999999582e-01 -3.596099999999999852e-01 1.773999999999999969e-03
2.700000000000000000e+01 6.300000000000000000e+01 5.400000000000000000e+01 0.000000000000000000e+00 1.600000000000000089e+00 6.759999999999999516e-04 2.729999999999999788e-03 9.999959999999999960e-01 -3.624539999999999984e-01 9.319990000000000219e-01 -2.298999999999999828e-03 -9.320009999999999684e-01 -3.624510000000000232e-01 1.618999999999999996e-03
9.000000000000000000e+00 2.500000000000000000e+01 5.500000000000000000e+01 0.000000000000000000e+00 1.600000000000000089e+00 9.820000000000000170e-04 -1.350000000000000071e-03 -9.999989999999999712e-01 -1.351600000000000024e-02 -9.999080000000000190e-01 1.335999999999999948e-03 -9.999080000000000190e-01 1.351499999999999924e-02 -1.000000000000000021e-03
1.800000000000000000e+01 2.500000000000000000e+01 5.500000000000000000e+01 0.000000000000000000e+00 1.600000000000000089e+00 2.790000000000000054e-04 1.492000000000000054e-03 -9.999989999999999712e-01 -1.484399999999999956e-02 -9.998890000000000278e-01 -1.495999999999999934e-03 -9.998899999999999455e-01 1.484500000000000056e-02 -2.570000000000000127e-04
2.800000000000000000e+01 2.500000000000000000e+01 5.500000000000000000e+01 0.000000000000000000e+00 1.600000000000000089e+00 -6.319999999999999663e-04 -1.773000000000000053e-03 -9.999980000000000535e-01 -1.134100000000000039e-02 -9.999339999999999895e-01 1.779999999999999898e-03 -9.999360000000000470e-01 1.134199999999999965e-02 6.120000000000000223e-04
1.200000000000000000e+01 6.800000000000000000e+01 5.700000000000000000e+01 0.000000000000000000e+00 1.600000000000000089e+00 -2.005999999999999971e-03 6.595000000000000168e-03 -9.999759999999999760e-01 -2.455120000000000080e-01 -9.693760000000000154e-01 -5.899999999999999863e-03 -9.693920000000000314e-01 2.454939999999999900e-01 3.563999999999999894e-03
1.700000000000000000e+01 6.800000000000000000e+01 5.700000000000000000e+01 0.000000000000000000e+00 1.600000000000000089e+00 -4.580000000000000195e-04 -1.203000000000000076e-03 -9.999989999999999712e-01 -2.440730000000000122e-01 -9.697559999999999514e-01 1.278999999999999972e-03 -9.697569999999999801e-01 2.440740000000000132e-01 1.510000000000000112e-04
6.000000000000000000e+00 2.100000000000000000e+01 6.000000000000000000e+01 0.000000000000000000e+00 1.600000000000000089e+00 7.839999999999999747e-04 -2.968999999999999851e-03 9.999949999999999672e-01 -8.993500000000000105e-02 9.959430000000000227e-01 3.027000000000000177e-03 -9.959470000000000267e-01 -8.993700000000000305e-02 5.140000000000000254e-04
2.400000000000000000e+01 2.100000000000000000e+01 6.000000000000000000e+01 0.000000000000000000e+00 1.600000000000000089e+00 -1.620000000000000075e-04 -9.695999999999999758e-03 9.999529999999999808e-01 -9.299599999999999533e-02 9.956199999999999495e-01 9.638999999999999999e-03 -9.956660000000000510e-01 -9.299000000000000321e-02 -1.062999999999999926e-03
2.700000000000000000e+01 2.100000000000000000e+01 6.000000000000000000e+01 0.000000000000000000e+00 1.600000000000000089e+00 -2.364000000000000216e-03 2.158999999999999895e-03 9.999949999999999672e-01 -9.353499999999999315e-02 9.956129999999999702e-01 -2.370000000000000145e-03 -9.956129999999999702e-01 -9.353999999999999815e-02 -2.151999999999999833e-03
2.000000000000000000e+00 2.700000000000000000e+01 6.300000000000000000e+01 0.000000000000000000e+00 1.600000000000000089e+00 4.035000000000000392e-03 1.237599999999999985e-02 9.999149999999999983e-01 -2.763269999999999893e-01 9.610030000000000516e-01 -1.077900000000000039e-02 -9.610549999999999926e-01 -2.762600000000000056e-01 7.296999999999999667e-03
8.000000000000000000e+00 2.700000000000000000e+01 6.300000000000000000e+01 0.000000000000000000e+00 1.600000000000000089e+00 1.340000000000000045e-04 -1.768999999999999956e-03 9.999980000000000535e-01 -2.788809999999999900e-01 9.603239999999999554e-01 1.735999999999999913e-03 -9.603260000000000129e-01 -2.788809999999999900e-01 -3.649999999999999816e-04
1.400000000000000000e+01 2.700000000000000000e+01 6.300000000000000000e+01 0.000000000000000000e+00 1.600000000000000089e+00 -1.971999999999999795e-03 -1.709999999999999932e-03 9.999970000000000248e-01 -2.769789999999999752e-01 9.608750000000000346e-01 1.097000000000000102e-03 -9.608740000000000059e-01 -2.769750000000000267e-01 -2.369000000000000012e-03
