3.000000000000000000e+00 1.500000000000000000e+01 4.000000000000000000e+00 0.000000000000000000e+00 1.600000000000000089e+00 -2.579999999999999828e-03 -1.729199999999999834e-02 9.998470000000000413e-01 2.874030000000000196e-01 -9.576789999999999470e-01 -1.582100000000000173e-02 9.578060000000000462e-01 2.873180000000000178e-01 7.440999999999999698e-03
1.200000000000000000e+01 1.500000000000000000e+01 4.000000000000000000e+00 0.000000000000000000e+00 1.600000000000000089e+00 -2.243000000000000202e-03 -3.451000000000000074e-03 9.999919999999999920e-01 2.862100000000000199e-01 -9.581629999999999869e-01 -2.664999999999999834e-03 9.581640000000000157e-01 2.862020000000000119e-01 3.137000000000000031e-03
1.500000000000000000e+01 1.500000000000000000e+01 4.000000000000000000e+00 0.000000000000000000e+00 1.600000000000000089e+00 6.120000000000000223e-04 1.005000000000000034e-03 9.999989999999999712e-01 2.891489999999999894e-01 -9.572840000000000238e-01 7.849999999999999990e-04 9.572840000000000238e-01 2.891480000000000161e-01 -8.769999999999999584e-04
2.400000000000000000e+01 1.500000000000000000e+01 4.000000000000000000e+00 0.000000000000000000e+00 1.600000000000000089e+00 1.480999999999999895e-03 -8.942999999999999561e-03 9.999590000000000423e-01 3.000129999999999741e-01 -9.538929999999999909e-01 -8.975999999999999604e-03 9.539339999999999486e-01 3.000140000000000029e-01 1.270000000000000078e-03
2.900000000000000000e+01 1.500000000000000000e+01 4.000000000000000000e+00 0.000000000000000000e+00 1.600000000000000089e+00 -1.320000000000000101e-04 -7.676999999999999796e-03 9.999700000000000255e-01 2.964729999999999865e-01 -9.550130000000000008e-01 -7.293000000000000003e-03 9.550410000000000288e-01 2.964640000000000053e-01 2.403000000000000188e-03
1.600000000000000000e+01 1.600000000000000000e+01 4.000000000000000000e+00 0.000000000000000000e+00 1.600000000000000089e+00 2.733000000000000186e-03 4.956999999999999601e-03 9.999839999999999840e-01 3.555119999999999947e-01 -9.346640000000000503e-01 3.661999999999999891e-03 9.346680000000000543e-01 3.554959999999999787e-01 -4.316000000000000392e-03
1.000000000000000000e+00 1.010000000000000000e+02 7.000000000000000000e+00 0.000000000000000000e+00 1.600000000000000089e+00 -2.586999999999999890e-03 -2.907600000000000115e-02 9.995739999999999625e-01 8.844480000000000119e-01 4.663689999999999780e-01 1.585500000000000104e-02 -4.666319999999999912e-01 8.841120000000000090e-01 2.451000000000000054e-02
2.000000000000000000e+01 1.010000000000000000e+02 7.000000000000000000e+00 0.000000000000000000e+00 1.600000000000000089e+00 -4.388000000000000407e-03 -1.911699999999999858e-02 9.998080000000000300e-01 8.858610000000000095e-01 4.637760000000000216e-01 1.275599999999999998e-02 -4.639309999999999823e-01 8.857460000000000333e-01 1.490000000000000005e-02
2.900000000000000000e+01 1.010000000000000000e+02 7.000000000000000000e+00 0.000000000000000000e+00 1.600000000000000089e+00 1.276999999999999923e-03 2.099499999999999977e-02 9.997789999999999733e-01 8.848399999999999599e-01 4.657680000000000153e-01 -1.091100000000000056e-02 -4.658939999999999748e-01 8.846580000000000554e-01 -1.798299999999999899e-02
5.000000000000000000e+00 1.500000000000000000e+01 8.000000000000000000e+00 0.000000000000000000e+00 1.600000000000000089e+00 -8.999999999999999754e-04 -1.353700000000000042e-02 -9.999080000000000190e-01 -5.815669999999999451e-01 -8.134169999999999456e-01 1.153599999999999938e-02 -8.134980000000000544e-01 5.815240000000000409e-01 -7.139999999999999646e-03
1.000000000000000000e+01 1.500000000000000000e+01 8.000000000000000000e+00 0.000000000000000000e+00 1.600000000000000089e+00 -5.829999999999999679e-04 -7.452000000000000290e-03 -9.999719999999999720e-01 -5.829640000000000377e-01 -8.124719999999999720e-01 6.394999999999999643e-03 -8.124970000000000248e-01 5.829520000000000257e-01 -3.870000000000000176e-03
1.300000000000000000e+01 1.500000000000000000e+01 8.000000000000000000e+00 0.000000000000000000e+00 1.600000000000000089e+00 -1.500000000000000031e-03 -5.411000000000000011e-03 -9.999839999999999840e-01 -5.829250000000000265e-01 -8.125090000000000368e-01 5.270999999999999644e-03 -8.125250000000000528e-01 5.829229999999999690e-01 -1.935000000000000088e-03
1.600000000000000000e+01 1.500000000000000000e+01 8.000000000000000000e+00 0.000000000000000000e+00 1.600000000000000089e+00 -3.193999999999999791e-03 -2.083999999999999915e-03 -9.999930000000000208e-01 -5.831899999999999862e-01 -8.123280000000000500e-01 3.556000000000000133e-03 -8.123289999999999678e-01 5.831969999999999654e-01 1.379000000000000017e-03
2.000000000000000000e+01 1.500000000000000000e+01 8.000000000000000000e+00 0.000000000000000000e+00 1.600000000000000089e+00 -3.628999999999999847e-03 2.007999999999999802e-03 -9.999909999999999632e-01 -5.839710000000000178e-01 -8.117739999999999956e-01 4.889999999999999599e-04 -8.117659999999999876e-01 5.839680000000000426e-01 4.118000000000000133e-03
3.000000000000000000e+01 1.500000000000000000e+01 8.000000000000000000e+00 0.000000000000000000e+00 1.600000000000000089e+00 1.394000000000000057e-03 -1.430000000000000064e-04 -9.999989999999999712e-01 -5.877559999999999452e-01 -8.090380000000000349e-01 -7.039999999999999817e-04 -8.090370000000000061e-01 5.877559999999999452e-01 -1.211999999999999970e-03
6.000000000000000000e+00 2.600000000000000000e+01 8.000000000000000000e+00 0.000000000000000000e+00 1.600000000000000089e+00 2.938000000000000073e-03 4.359000000000000027e-03 -9.999860000000000415e-01 4.086130000000000040e-01 9.126929999999999765e-01 5.178999999999999576e-03 9.127030000000000420e-01 -4.086230000000000140e-01 9.009999999999999997e-04
1.100000000000000000e+01 2.600000000000000000e+01 8.000000000000000000e+00 0.000000000000000000e+00 1.600000000000000089e+00 1.946999999999999946e-03 3.291000000000000088e-03 -9.999930000000000208e-01 4.083789999999999920e-01 9.128049999999999775e-01 3.798999999999999860e-03 9.128100000000000103e-01 -4.083829999999999960e-01 4.330000000000000081e-04
1.600000000000000000e+01 2.600000000000000000e+01 8.000000000000000000e+00 0.000000000000000000e+00 1.600000000000000089e+00 1.897000000000000032e-03 6.486999999999999711e-03 -9.999770000000000048e-01 4.071139999999999759e-01 9.133529999999999704e-01 6.697999999999999961e-03 9.133750000000000480e-01 -4.071179999999999799e-01 -9.079999999999999530e-04
2.300000000000000000e+01 2.600000000000000000e+01 8.000000000000000000e+00 0.000000000000000000e+00 1.600000000000000089e+00 1.569000000000000082e-03 4.867999999999999931e-03 -9.999869999999999592e-01 4.059369999999999923e-01 9.138870000000000049e-01 5.086000000000000243e-03 9.139000000000000457e-01 -4.059400000000000230e-01 -5.419999999999999471e-04
2.000000000000000000e+00 2.400000000000000000e+01 9.000000000000000000e+00 0.000000000000000000e+00 1.600000000000000089e+00 1.338999999999999913e-03 -1.487000000000000040e-03 -9.999980000000000535e-01 4.631489999999999774e-01 8.862799999999999567e-01 -6.980000000000000527e-04 8.862790000000000390e-01 -4.631469999999999754e-01 1.874999999999999931e-03
5.000000000000000000e+00 2.400000000000000000e+01 9.000000000000000000e+00 0.000000000000000000e+00 1.600000000000000089e+00 2.219000000000000052e-03 9.399999999999999448e-05 -9.999970000000000248e-01 4.637270000000000003e-01 8.859780000000000433e-01 1.111999999999999924e-03 8.859759999999999858e-01 -4.637279999999999736e-01 1.922000000000000097e-03
1.000000000000000000e+01 2.400000000000000000e+01 9.000000000000000000e+00 0.000000000000000000e+00 1.600000000000000089e+00 2.080999999999999951e-03 4.634000000000000098e-03 -9.999869999999999592e-01 4.633399999999999741e-01 8.861660000000000093e-01 5.070999999999999987e-03 8.861780000000000213e-01 -4.633439999999999781e-01 -3.029999999999999924e-04
1.500000000000000000e+01 2.400000000000000000e+01 9.000000000000000000e+00 0.000000000000000000e+00 1.600000000000000089e+00 1.820999999999999919e-03 9.924000000000000529e-03 -9.999489999999999768e-01 4.624329999999999830e-01 8.866020000000000012e-01 9.641000000000000264e-03 8.866519999999999957e-01 -4.624269999999999770e-01 -2.975000000000000214e-03
1.800000000000000000e+01 2.400000000000000000e+01 9.000000000000000000e+00 0.000000000000000000e+00 1.600000000000000089e+00 2.152999999999999966e-03 8.267999999999999308e-03 -9.999639999999999640e-01 4.626160000000000272e-01 8.865199999999999747e-01 8.326000000000000068e-03 8.865560000000000107e-01 -4.626170000000000004e-01 -1.915999999999999951e-03
2.400000000000000000e+01 2.400000000000000000e+01 9.000000000000000000e+00 0.000000000000000000e+00 1.600000000000000089e+00 1.660999999999999933e-03 2.870000000000000155e-03 -9.999949999999999672e-01 4.618639999999999968e-01 8.869439999999999547e-01 3.311999999999999840e-03 8.869489999999999874e-01 -4.618670000000000275e-01 1.479999999999999925e-04
2.100000000000000000e+01 4.000000000000000000e+00 1.100000000000000000e+01 0.000000000000000000e+00 1.600000000000000089e+00 1.172000000000000082e-03 2.112999999999999948e-02 -9.997759999999999980e-01 2.247170000000000001e-01 9.742009999999999836e-01 2.085300000000000001e-02 9.744230000000000391e-01 -2.246910000000000018e-01 -3.606999999999999963e-03
2.500000000000000000e+01 4.000000000000000000e+00 1.100000000000000000e+01 0.000000000000000000e+00 1.600000000000000089e+00 1.059999999999999961e-03 7.040000000000000251e-03 -9.999749999999999472e-01 2.210270000000000012e-01 9.752420000000000533e-01 7.100999999999999673e-03 9.752669999999999950e-01 -2.210290000000000032e-01 -5.220000000000000031e-04
2.800000000000000000e+01 4.000000000000000000e+00 1.100000000000000000e+01 0.000000000000000000e+00 1.600000000000000089e+00 2.889999999999999774e-04 -3.469999999999999777e-04 -1.000000000000000000e+00 2.195400000000000129e-01 9.756029999999999980e-01 -2.750000000000000166e-04 9.756029999999999980e-01 -2.195400000000000129e-01 3.579999999999999741e-04
3.000000000000000000e+01 1.040000000000000000e+02 1.100000000000000000e+01 0.000000000000000000e+00 1.600000000000000089e+00 -4.859999999999999954e-04 4.323999999999999719e-03 9.999909999999999632e-01 -9.726420000000000066e-01 -2.323099999999999887e-01 5.320000000000000293e-04 2.323099999999999887e-01 -9.726320000000000521e-01 4.318999999999999923e-03
2.700000000000000000e+01 3.100000000000000000e+01 1.200000000000000000e+01 0.000000000000000000e+00 1.600000000000000089e+00 -6.499999999999999702e-04 1.569999999999999998e-03 9.999989999999999712e-01 -2.076899999999999927e-02 9.997829999999999773e-01 -1.582999999999999989e-03 -9.997840000000000060e-01 -2.077000000000000027e-02 -6.170000000000000354e-04
4.000000000000000000e+00 3.500000000000000000e+01 1.200000000000000000e+01 0.000000000000000000e+00 1.600000000000000089e+00 -3.576000000000000185e-03 -4.283000000000000348e-03 -9.999839999999999840e-01 4.559790000000000232e-01 -8.899880000000000013e-01 2.181000000000000213e-03 -8.899829999999999686e-01 -4.559639999999999804e-01 5.135999999999999940e-03
7.000000000000000000e+00 3.500000000000000000e+01 1.200000000000000000e+01 0.000000000000000000e+00 1.600000000000000089e+00 -1.306000000000000086e-03 2.769000000000000194e-03 -9.999949999999999672e-01 4.703149999999999831e-01 -8.824929999999999719e-01 -3.057999999999999954e-03 -8.824969999999999759e-01 -4.703169999999999851e-01 -1.499999999999999869e-04
2.300000000000000000e+01 3.200000000000000000e+01 1.400000000000000000e+01 0.000000000000000000e+00 1.600000000000000089e+00 -1.177000000000000095e-03 1.005999999999999950e-03 -9.999989999999999712e-01 1.106769999999999976e-01 9.938559999999999617e-01 8.700000000000000051e-04 9.938559999999999617e-01 -1.106759999999999966e-01 -1.281000000000000021e-03
2.000000000000000000e+00 1.200000000000000000e+01 1.500000000000000000e+01 0.000000000000000000e+00 1.600000000000000089e+00 1.180999999999999975e-03 -8.829999999999999958e-04 -9.999989999999999712e-01 -4.701060000000000239e-01 -8.826100000000000056e-01 2.239999999999999966e-04 -8.826089999999999769e-01 4.701060000000000239e-01 -1.456999999999999962e-03
8.000000000000000000e+00 1.200000000000000000e+01 1.500000000000000000e+01 0.000000000000000000e+00 1.600000000000000089e+00 -1.167000000000000069e-03 -2.043999999999999810e-03 -9.999970000000000248e-01 -4.704760000000000053e-01 -8.824100000000000277e-01 2.353000000000000057e-03 -8.824119999999999742e-01 4.704769999999999786e-01 6.799999999999999946e-05
1.300000000000000000e+01 1.200000000000000000e+01 1.500000000000000000e+01 0.000000000000000000e+00 1.600000000000000089e+00 -1.299999999999999886e-04 -1.240000000000000054e-04 -1.000000000000000000e+00 -4.710050000000000070e-01 -8.821299999999999697e-01 1.700000000000000122e-04 -8.821299999999999697e-01 4.710050000000000070e-01 5.599999999999999916e-05
1.700000000000000000e+01 1.200000000000000000e+01 1.500000000000000000e+01 0.000000000000000000e+00 1.600000000000000089e+00 -1.108999999999999960e-03 -3.654999999999999829e-03 -9.999930000000000208e-01 -4.724920000000000231e-01 -8.813269999999999715e-01 3.745000000000000065e-03 -8.813339999999999508e-01 4.724929999999999963e-01 -7.489999999999999913e-04
2.500000000000000000e+01 1.200000000000000000e+01 1.500000000000000000e+01 0.000000000000000000e+00 1.600000000000000089e+00 -1.152000000000000029e-03 -1.015000000000000060e-03 -9.999989999999999712e-01 -4.710090000000000110e-01 -8.821269999999999945e-01 1.438000000000000042e-03 -8.821269999999999945e-01 4.710099999999999842e-01 5.379999999999999583e-04
7.000000000000000000e+00 1.160000000000000000e+02 1.600000000000000000e+01 0.000000000000000000e+00 1.600000000000000089e+00 -5.929999999999999941e-04 -2.443999999999999992e-03 9.999970000000000248e-01 6.607279999999999820e-01 7.506220000000000114e-01 2.226999999999999813e-03 -7.506249999999999867e-01 6.607269999999999532e-01 1.170000000000000033e-03
1.900000000000000000e+01 1.160000000000000000e+02 1.600000000000000000e+01 0.000000000000000000e+00 1.600000000000000089e+00 -1.351999999999999903e-03 -1.180000000000000059e-03 9.999980000000000535e-01 6.491010000000000391e-01 7.607000000000000428e-01 1.775000000000000102e-03 -7.607009999999999605e-01 6.491029999999999855e-01 -2.629999999999999959e-04
2.800000000000000000e+01 1.160000000000000000e+02 1.600000000000000000e+01 0.000000000000000000e+00 1.600000000000000089e+00 1.116000000000000021e-03 -5.682999999999999684e-03 9.999829999999999552e-01 6.715940000000000243e-01 7.409120000000000150e-01 3.461000000000000101e-03 -7.409189999999999943e-01 6.715780000000000083e-01 4.643000000000000425e-03
2.000000000000000000e+00 2.000000000000000000e+00 1.900000000000000000e+01 0.000000000000000000e+00 1.600000000000000089e+00 6.274000000000000063e-03 -6.178999999999999597e-03 -9.999609999999999888e-01 1.989680000000000060e-01 -9.799790000000000445e-01 7.303999999999999729e-03 -9.799860000000000237e-01 -1.990059999999999885e-01 -4.917999999999999629e-03
7.000000000000000000e+00 2.000000000000000000e+00 1.900000000000000000e+01 0.000000000000000000e+00 1.600000000000000089e+00 4.146000000000000379e-03 -1.543100000000000027e-02 -9.998719999999999830e-01 2.033969999999999945e-01 -9.789660000000000029e-01 1.595200000000000090e-02 -9.790879999999999583e-01 -2.034370000000000067e-01 -9.200000000000000278e-04
1.500000000000000000e+01 2.000000000000000000e+00 1.900000000000000000e+01 0.000000000000000000e+00 1.600000000000000089e+00 3.671999999999999917e-03 -7.085000000000000152e-03 -9.999679999999999680e-01 2.097729999999999873e-01 -9.777200000000000335e-01 7.697999999999999982e-03 -9.777430000000000287e-01 -2.097940000000000083e-01 -2.103999999999999967e-03
2.100000000000000000e+01 2.000000000000000000e+00 1.900000000000000000e+01 0.000000000000000000e+00 1.600000000000000089e+00 4.917999999999999629e-03 -6.209000000000000109e-03 -9.999689999999999968e-01 2.084399999999999864e-01 -9.780100000000000460e-01 7.098000000000000143e-03 -9.780229999999999757e-01 -2.084679999999999866e-01 -3.516000000000000028e-03
2.400000000000000000e+01 2.000000000000000000e+00 1.900000000000000000e+01 0.000000000000000000e+00 1.600000000000000089e+00 7.349999999999999763e-04 -5.037999999999999944e-03 -9.999869999999999592e-01 2.092600000000000016e-01 -9.778470000000000217e-01 5.080000000000000314e-03 -9.778599999999999515e-01 -2.092610000000000026e-01 3.350000000000000113e-04
1.400000000000000000e+01 4.000000000000000000e+00 2.000000000000000000e+01 0.000000000000000000e+00 1.600000000000000089e+00 8.999999999999999754e-04 -1.582999999999999989e-03 -9.999980000000000535e-01 2.921059999999999768e-01 -9.563840000000000119e-01 1.776999999999999934e-03 -9.563850000000000406e-01 -2.921070000000000055e-01 -3.980000000000000248e-04
3.000000000000000000e+01 4.000000000000000000e+00 2.000000000000000000e+01 0.000000000000000000e+00 1.600000000000000089e+00 -2.331000000000000173e-03 1.528000000000000061e-03 -9.999959999999999960e-01 2.828640000000000043e-01 -9.591579999999999551e-01 -2.125000000000000153e-03 -9.591570000000000373e-01 -2.828680000000000083e-01 1.804000000000000048e-03
4.000000000000000000e+00 1.300000000000000000e+01 2.000000000000000000e+01 0.000000000000000000e+00 1.600000000000000089e+00 1.279999999999999942e-04 -2.369000000000000012e-03 9.999970000000000248e-01 2.557030000000000136e-01 9.667529999999999735e-01 2.258000000000000024e-03 -9.667550000000000310e-01 2.557019999999999849e-01 7.299999999999999632e-04
1.000000000000000000e+01 1.300000000000000000e+01 2.000000000000000000e+01 0.000000000000000000e+00 1.600000000000000089e+00 -1.082999999999999978e-03 -2.487000000000000061e-03 9.999959999999999960e-01 2.568869999999999765e-01 9.664380000000000193e-01 2.681999999999999922e-03 -9.664409999999999945e-01 2.568889999999999785e-01 -4.070000000000000267e-04
1.500000000000000000e+01 1.300000000000000000e+01 2.000000000000000000e+01 0.000000000000000000e+00 1.600000000000000089e+00 3.399999999999999973e-05 3.240000000000000150e-04 1.000000000000000000e+00 2.573329999999999784e-01 9.663230000000000430e-01 -3.209999999999999963e-04 -9.663230000000000430e-01 2.573329999999999784e-01 -5.000000000000000240e-05
2.300000000000000000e+01 1.300000000000000000e+01 2.000000000000000000e+01 0.000000000000000000e+00 1.600000000000000089e+00 5.410000000000000312e-04 1.730000000000000038e-04 1.000000000000000000e+00 2.562869999999999870e-01 9.666010000000000435e-01 -3.060000000000000111e-04 -9.666010000000000435e-01 2.562869999999999870e-01 4.789999999999999879e-04
2.700000000000000000e+01 1.300000000000000000e+01 2.000000000000000000e+01 0.000000000000000000e+00 1.600000000000000089e+00 -2.069000000000000093e-03 -4.094999999999999682e-03 9.999890000000000168e-01 2.571720000000000117e-01 9.663549999999999640e-01 4.490000000000000067e-03 -9.663629999999999720e-01 2.571789999999999909e-01 -9.460000000000000093e-04
2.600000000000000000e+01 1.600000000000000000e+01 2.100000000000000000e+01 0.000000000000000000e+00 1.600000000000000089e+00 -1.010999999999999963e-03 -4.564000000000000348e-03 9.999890000000000168e-01 3.003739999999999744e-01 9.538100000000000467e-01 4.656999999999999681e-03 -9.538210000000000299e-01 3.003750000000000031e-01 4.070000000000000267e-04
1.300000000000000000e+01 4.600000000000000000e+01 2.700000000000000000e+01 0.000000000000000000e+00 1.600000000000000089e+00 2.138000000000000143e-03 4.600000000000000004e-05 -9.999980000000000535e-01 6.598209999999999908e-01 7.514210000000000056e-01 1.446000000000000020e-03 7.514199999999999768e-01 -6.598230000000000484e-01 1.575999999999999927e-03
4.000000000000000000e+00 4.600000000000000000e+01 3.000000000000000000e+01 0.000000000000000000e+00 1.600000000000000089e+00 -3.699999999999999947e-04 3.319999999999999926e-04 -1.000000000000000000e+00 3.287979999999999792e-01 9.444000000000000172e-01 1.920000000000000049e-04 9.444000000000000172e-01 -3.287979999999999792e-01 -4.589999999999999896e-04
8.000000000000000000e+00 5.800000000000000000e+01 3.100000000000000000e+01 0.000000000000000000e+00 1.600000000000000089e+00 -2.191999999999999938e-03 -5.300000000000000024e-03 9.999839999999999840e-01 -7.678730000000000278e-01 -6.405819999999999848e-01 -5.079000000000000181e-03 6.405990000000000295e-01 -7.678709999999999702e-01 -2.664999999999999834e-03
1.500000000000000000e+01 5.800000000000000000e+01 3.100000000000000000e+01 0.000000000000000000e+00 1.600000000000000089e+00 -1.515000000000000071e-03 2.951000000000000064e-03 9.999949999999999672e-01 -7.732339999999999769e-01 -6.341200000000000170e-01 6.999999999999999929e-04 6.341189999999999882e-01 -7.732290000000000552e-01 3.242999999999999789e-03
1.900000000000000000e+01 5.800000000000000000e+01 3.100000000000000000e+01 0.000000000000000000e+00 1.600000000000000089e+00 6.271999999999999797e-03 6.729999999999999871e-03 9.999580000000000135e-01 -7.749840000000000062e-01 -6.319150000000000045e-01 9.114000000000000573e-03 6.319489999999999830e-01 -7.750089999999999479e-01 1.252999999999999991e-03
2.100000000000000000e+01 5.800000000000000000e+01 3.100000000000000000e+01 0.000000000000000000e+00 1.600000000000000089e+00 7.067000000000000365e-03 8.514999999999999999e-03 9.999390000000000223e-01 -7.746410000000000240e-01 -6.323079999999999812e-01 1.085900000000000060e-02 6.323609999999999509e-01 -7.746709999999999985e-01 2.128000000000000117e-03
3.000000000000000000e+01 5.800000000000000000e+01 3.100000000000000000e+01 0.000000000000000000e+00 1.600000000000000089e+00 -5.786999999999999610e-03 -9.355999999999999733e-03 9.999390000000000223e-01 -7.750150000000000095e-01 -6.318570000000000020e-01 -1.039699999999999999e-02 6.319160000000000332e-01 -7.750280000000000502e-01 -3.593999999999999972e-03
7.000000000000000000e+00 4.600000000000000000e+01 3.500000000000000000e+01 0.000000000000000000e+00 1.600000000000000089e+00 -2.469999999999999865e-04 4.960000000000000216e-04 -1.000000000000000000e+00 3.856010000000000271e-01 -9.226649999999999574e-01 -5.519999999999999733e-04 -9.226659999999999862e-01 -3.856010000000000271e-01 3.699999999999999811e-05
1.200000000000000000e+01 4.600000000000000000e+01 3.500000000000000000e+01 0.000000000000000000e+00 1.600000000000000089e+00 -5.090000000000000123e-04 -2.141999999999999807e-03 -9.999980000000000535e-01 3.857400000000000273e-01 -9.226060000000000372e-01 1.779999999999999898e-03 -9.226069999999999549e-01 -3.857380000000000253e-01 1.296000000000000060e-03
1.800000000000000000e+01 4.600000000000000000e+01 3.500000000000000000e+01 0.000000000000000000e+00 1.600000000000000089e+00 -5.270000000000000162e-04 1.453999999999999997e-03 -9.999989999999999712e-01 3.854330000000000256e-01 -9.227340000000000542e-01 -1.544999999999999932e-03 -9.227360000000000007e-01 -3.854330000000000256e-01 -7.399999999999999623e-05
2.500000000000000000e+01 4.600000000000000000e+01 3.500000000000000000e+01 0.000000000000000000e+00 1.600000000000000089e+00 7.489999999999999913e-04 -2.354999999999999889e-03 -9.999970000000000248e-01 3.852059999999999929e-01 -9.228269999999999529e-01 2.462000000000000213e-03 -9.228300000000000392e-01 -3.852070000000000216e-01 2.159999999999999919e-04
2.800000000000000000e+01 4.600000000000000000e+01 3.500000000000000000e+01 0.000000000000000000e+00 1.600000000000000089e+00 9.150000000000000147e-04 -2.637000000000000021e-03 -9.999959999999999960e-01 3.838119999999999865e-01 -9.234069999999999778e-01 2.785999999999999848e-03 -9.234109999999999818e-01 -3.838130000000000153e-01 1.669999999999999935e-04
1.500000000000000000e+01 9.500000000000000000e+01 3.600000000000000000e+01 0.000000000000000000e+00 1.600000000000000089e+00 -4.299999999999999894e-04 -1.312699999999999978e-02 9.999139999999999695e-01 9.974830000000000085e-01 7.088999999999999468e-02 1.360000000000000098e-03 -7.090200000000000669e-02 9.973980000000000068e-01 1.306399999999999922e-02
2.200000000000000000e+01 9.500000000000000000e+01 3.600000000000000000e+01 0.000000000000000000e+00 1.600000000000000089e+00 5.770000000000000389e-04 3.501400000000000345e-02 9.993870000000000253e-01 9.980839999999999712e-01 6.180499999999999883e-02 -2.742000000000000080e-03 -6.186300000000000132e-02 9.974739999999999718e-01 -3.491099999999999759e-02
2.900000000000000000e+01 9.500000000000000000e+01 3.600000000000000000e+01 0.000000000000000000e+00 1.600000000000000089e+00 -8.071999999999999315e-03 -2.344699999999999909e-02 9.996920000000000250e-01 9.973469999999999835e-01 7.213500000000000467e-02 9.745000000000000190e-03 -7.234100000000000252e-02 9.971189999999999776e-01 2.280300000000000035e-02
9.000000000000000000e+00 3.000000000000000000e+00 4.300000000000000000e+01 0.000000000000000000e+00 1.600000000000000089e+00 -2.615999999999999836e-03 -2.521800000000000083e-02 -9.996789999999999843e-01 7.356810000000000294e-01 -6.771580000000000377e-01 1.515700000000000033e-02 -6.773230000000000084e-01 -7.354049999999999754e-01 2.032399999999999832e-02
2.200000000000000000e+01 3.000000000000000000e+00 4.300000000000000000e+01 0.000000000000000000e+00 1.600000000000000089e+00 5.521999999999999999e-03 2.219000000000000139e-02 -9.997390000000000443e-01 7.413849999999999607e-01 -6.709939999999999793e-01 -1.079800000000000031e-02 -6.710580000000000434e-01 -7.411309999999999842e-01 -2.015600000000000031e-02
2.600000000000000000e+01 3.000000000000000000e+00 4.300000000000000000e+01 0.000000000000000000e+00 1.600000000000000089e+00 -1.231000000000000106e-03 1.036800000000000048e-02 -9.999460000000000015e-01 7.412800000000000500e-01 -6.711489999999999956e-01 -7.870999999999999525e-03 -6.711939999999999573e-01 -7.412499999999999645e-01 -6.859999999999999779e-03
1.800000000000000000e+01 8.000000000000000000e+00 4.400000000000000000e+01 0.000000000000000000e+00 1.600000000000000089e+00 -3.690999999999999837e-03 8.090000000000000403e-04 9.999930000000000208e-01 -7.777180000000000204e-01 -6.286089999999999733e-01 -2.361999999999999950e-03 6.286019999999999941e-01 -7.777209999999999956e-01 2.948999999999999799e-03
2.700000000000000000e+01 8.000000000000000000e+00 4.400000000000000000e+01 0.000000000000000000e+00 1.600000000000000089e+00 3.821999999999999877e-03 1.088700000000000084e-02 9.999329999999999607e-01 -7.778709999999999791e-01 -6.283469999999999889e-01 9.813999999999999807e-03 6.284119999999999706e-01 -7.778570000000000206e-01 6.067999999999999609e-03
5.000000000000000000e+00 2.900000000000000000e+01 4.400000000000000000e+01 0.000000000000000000e+00 1.600000000000000089e+00 1.549000000000000030e-03 1.589999999999999888e-04 -9.999989999999999712e-01 6.734299999999999731e-01 7.392509999999999915e-01 1.160999999999999923e-03 7.392499999999999627e-01 -6.734310000000000018e-01 1.038000000000000077e-03
8.000000000000000000e+00 2.900000000000000000e+01 4.400000000000000000e+01 0.000000000000000000e+00 1.600000000000000089e+00 2.111000000000000029e-03 -4.111000000000000071e-03 -9.999890000000000168e-01 6.794040000000000079e-01 7.337630000000000541e-01 -1.582000000000000073e-03 7.337620000000000253e-01 -6.793930000000000247e-01 4.342000000000000373e-03
1.400000000000000000e+01 2.900000000000000000e+01 4.400000000000000000e+01 0.000000000000000000e+00 1.600000000000000089e+00 1.605000000000000090e-03 7.529999999999999801e-04 -9.999980000000000535e-01 6.824799999999999756e-01 7.309020000000000516e-01 1.645999999999999894e-03 7.309020000000000516e-01 -6.824820000000000331e-01 6.589999999999999721e-04
1.700000000000000000e+01 2.900000000000000000e+01 4.400000000000000000e+01 0.000000000000000000e+00 1.600000000000000089e+00 2.086000000000000180e-03 2.979999999999999793e-04 -9.999980000000000535e-01 6.810329999999999995e-01 7.322509999999999852e-01 1.639000000000000049e-03 7.322490000000000387e-01 -6.810349999999999460e-01 1.325000000000000006e-03
2.200000000000000000e+01 2.900000000000000000e+01 4.400000000000000000e+01 0.000000000000000000e+00 1.600000000000000089e+00 2.121000000000000055e-03 1.376000000000000053e-03 -9.999970000000000248e-01 6.756929999999999881e-01 7.371790000000000287e-01 2.448000000000000089e-03 7.371799999999999464e-01 -6.756959999999999633e-01 6.340000000000000149e-04
2.600000000000000000e+01 2.900000000000000000e+01 4.400000000000000000e+01 0.000000000000000000e+00 1.600000000000000089e+00 -6.070000000000000092e-04 -2.610000000000000015e-04 -1.000000000000000000e+00 6.687610000000000499e-01 7.434779999999999722e-01 -5.999999999999999474e-04 7.434779999999999722e-01 -6.687610000000000499e-01 -2.770000000000000110e-04
1.100000000000000000e+01 7.000000000000000000e+00 5.200000000000000000e+01 0.000000000000000000e+00 1.600000000000000089e+00 -6.200999999999999915e-03 -7.642999999999999620e-03 -9.999519999999999520e-01 1.364070000000000005e-01 -9.906300000000000106e-01 6.726000000000000208e-03 -9.906340000000000146e-01 -1.363580000000000070e-01 7.185999999999999679e-03
2.300000000000000000e+01 7.000000000000000000e+00 5.200000000000000000e+01 0.000000000000000000e+00 1.600000000000000089e+00 4.735999999999999759e-03 2.828999999999999918e-03 -9.999850000000000128e-01 7.542500000000000593e-02 -9.971480000000000343e-01 -2.464000000000000044e-03 -9.971400000000000263e-01 -7.541200000000000681e-02 -4.935000000000000150e-03
3.000000000000000000e+00 6.300000000000000000e+01 5.400000000000000000e+01 0.000000000000000000e+00 1.600000000000000089e+00 -1.943000000000000066e-03 1.211000000000000054e-03 9.999970000000000248e-01 -3.538680000000000159e-01 9.352939999999999587e-01 -1.820000000000000003e-03 -9.352939999999999587e-01 -3.538700000000000179e-01 -1.389000000000000044e-03
9.000000000000000000e+00 6.300000000000000000e+01 5.400000000000000000e+01 0.000000000000000000e+00 1.600000000000000089e+00 -9.070000000000000371e-04 5.569999999999999864e-04 9.999989999999999712e-01 -3.534470000000000112e-01 9.354540000000000077e-01 -8.419999999999999750e-04 -9.354540000000000077e-01 -3.534479999999999844e-01 -6.509999999999999945e-04
1.700000000000000000e+01 6.300000000000000000e+01 5.400000000000000000e+01 0.000000000000000000e+00 1.600000000000000089e+00 1.402999999999999950e-03 -8.819999999999999715e-04 9.999989999999999712e-01 -3.481179999999999830e-01 9.374500000000000055e-01 1.314999999999999980e-03 -9.374500000000000055e-01 -3.481190000000000118e-01 1.008999999999999914e-03
2.600000000000000000e+01 6.300000000000000000e+01 5.400000000000000000e+01 0.000000000000000000e+00 1.600000000000000089e+00 1.887999999999999921e-03 -4.889999999999999599e-04 9.999980000000000535e-01 -3.508539999999999992e-01 9.364299999999999846e-01 1.119999999999999902e-03 -9.364280000000000381e-01 -3.508549999999999724e-01 1.596999999999999895e-03
5.000000000000000000e+00 2.500000000000000000e+01 5.500000000000000000e+01 0.000000000000000000e+00 1.600000000000000089e+00 9.479999999999999495e-04 3.640000000000000115e-04 -1.000000000000000000e+00 -1.368600000000000025e-02 -9.999059999999999615e-01 -3.770000000000000022e-04 -9.999059999999999615e-01 1.368600000000000025e-02 -9.430000000000000448e-04
1.600000000000000000e+01 2.500000000000000000e+01 5.500000000000000000e+01 0.000000000000000000e+00 1.600000000000000089e+00 -3.099999999999999999e-04 -3.390000000000000001e-04 -1.000000000000000000e+00 -1.114399999999999939e-02 -9.999379999999999935e-01 3.420000000000000188e-04 -9.999379999999999935e-01 1.114399999999999939e-02 3.060000000000000111e-04
2.100000000000000000e+01 2.500000000000000000e+01 5.500000000000000000e+01 0.000000000000000000e+00 1.600000000000000089e+00 -1.335000000000000032e-03 -2.108000000000000065e-03 -9.999970000000000248e-01 -1.235999999999999946e-02 -9.999209999999999487e-01 2.124000000000000020e-03 -9.999230000000000063e-01 1.236300000000000072e-02 1.309000000000000051e-03
2.400000000000000000e+01 5.800000000000000000e+01 5.900000000000000000e+01 0.000000000000000000e+00 1.600000000000000089e+00 1.812999999999999941e-03 4.444000000000000034e-03 -9.999879999999999880e-01 3.931589999999999807e-01 9.194579999999999975e-01 4.799000000000000314e-03 9.194689999999999808e-01 -3.931629999999999847e-01 -8.000000000000000654e-05
1.000000000000000000e+01 2.100000000000000000e+01 6.000000000000000000e+01 0.000000000000000000e+00 1.600000000000000089e+00 -2.539999999999999940e-04 4.372000000000000018e-03 9.999900000000000455e-01 -9.374300000000000688e-02 9.955869999999999997e-01 -4.375999999999999682e-03 -9.955960000000000365e-01 -9.374300000000000688e-02 1.569999999999999944e-04
1.600000000000000000e+01 2.100000000000000000e+01 6.000000000000000000e+01 0.000000000000000000e+00 1.600000000000000089e+00 2.089999999999999844e-03 5.246999999999999928e-03 9.999839999999999840e-01 -9.611799999999999511e-02 9.953570000000000473e-01 -5.022000000000000422e-03 -9.953680000000000305e-01 -9.610599999999999699e-02 2.585000000000000058e-03
2.800000000000000000e+01 2.100000000000000000e+01 6.000000000000000000e+01 0.000000000000000000e+00 1.600000000000000089e+00 7.879999999999999635e-04 -1.815999999999999906e-03 9.999980000000000535e-01 -9.631499999999999784e-02 9.953490000000000393e-01 1.882999999999999908e-03 -9.953509999999999858e-01 -9.631599999999999884e-02 6.089999999999999494e-04
2.700000000000000000e+01 6.000000000000000000e+00 6.100000000000000000e+01 0.000000000000000000e+00 1.600000000000000089e+00 -7.770000000000000214e-04 2.880000000000000073e-04 1.000000000000000000e+00 5.603390000000000315e-01 -8.282629999999999715e-01 6.740000000000000114e-04 8.282629999999999715e-01 5.603390000000000315e-01 4.820000000000000066e-04
1.700000000000000000e+01 3.000000000000000000e+00 6.300000000000000000e+01 0.000000000000000000e+00 1.600000000000000089e+00 -2.949999999999999931e-03 1.721000000000000090e-03 9.999940000000000495e-01 -6.125559999999999894e-01 7.904210000000000402e-01 -3.167000000000000110e-03 -7.904219999999999580e-01 -6.125610000000000221e-01 -1.278000000000000056e-03
5.000000000000000000e+00 2.700000000000000000e+01 6.300000000000000000e+01 0.000000000000000000e+00 1.600000000000000089e+00 -2.409000000000000117e-03 3.023000000000000079e-03 9.999919999999999920e-01 -2.742209999999999925e-01 9.616599999999999593e-01 -3.567999999999999991e-03 -9.616639999999999633e-01 -2.742280000000000273e-01 -1.487999999999999956e-03
1.200000000000000000e+01 2.700000000000000000e+01 6.300000000000000000e+01 0.000000000000000000e+00 1.600000000000000089e+00 7.839999999999999747e-04 6.399999999999999710e-05 1.000000000000000000e+00 -2.808559999999999945e-01 9.597499999999999920e-01 1.579999999999999916e-04 -9.597499999999999920e-01 -2.808559999999999945e-01 7.699999999999999597e-04
1.900000000000000000e+01 2.700000000000000000e+01 6.300000000000000000e+01 0.000000000000000000e+00 1.600000000000000089e+00 -8.980000000000000352e-04 3.204999999999999950e-03 9.999949999999999672e-01 -2.794389999999999930e-01 9.601579999999999560e-01 -3.328999999999999928e-03 -9.601629999999999887e-01 -2.794400000000000217e-01 3.300000000000000253e-05
2.300000000000000000e+01 2.700000000000000000e+01 6.300000000000000000e+01 0.000000000000000000e+00 1.600000000000000089e+00 3.000000000000000076e-06 -2.317000000000000049e-03 9.999970000000000248e-01 -2.794360000000000177e-01 9.601619999999999600e-01 2.224999999999999981e-03 -9.601640000000000175e-01 -2.794349999999999890e-01 -6.440000000000000412e-04
3.000000000000000000e+01 2.700000000000000000e+01 6.300000000000000000e+01 0.000000000000000000e+00 1.600000000000000089e+00 -1.134000000000000025e-03 -6.189999999999999756e-04 9.999989999999999712e-01 -2.792459999999999942e-01 9.602199999999999624e-01 2.779999999999999811e-04 -9.602190000000000447e-01 -2.792459999999999942e-01 -1.262000000000000101e-03
4.000000000000000000e+00 2.600000000000000000e+01 6.400000000000000000e+01 0.000000000000000000e+00 1.600000000000000089e+00 -2.684999999999999887e-03 -2.719999999999999979e-04 9.999959999999999960e-01 -3.522859999999999880e-01 9.358919999999999462e-01 -6.920000000000000153e-04 -9.358889999999999709e-01 -3.522859999999999880e-01 -2.608000000000000075e-03
1.000000000000000000e+01 2.600000000000000000e+01 6.400000000000000000e+01 0.000000000000000000e+00 1.600000000000000089e+00 -3.499999999999999964e-04 -6.639999999999999852e-04 1.000000000000000000e+00 -3.613589999999999858e-01 9.324270000000000058e-01 4.929999999999999487e-04 -9.324270000000000058e-01 -3.613589999999999858e-01 -5.659999999999999884e-04
1.300000000000000000e+01 2.600000000000000000e+01 6.400000000000000000e+01 0.000000000000000000e+00 1.600000000000000089e+00 1.838000000000000007e-03 2.260999999999999989e-03 9.999959999999999960e-01 -3.642810000000000215e-01 9.312880000000000047e-01 -1.435999999999999993e-03 -9.312869999999999759e-01 -3.642770000000000175e-01 2.534999999999999927e-03
1.800000000000000000e+01 2.600000000000000000e+01 6.400000000000000000e+01 0.000000000000000000e+00 1.600000000000000089e+00 -4.180000000000000230e-04 4.663999999999999743e-03 9.999890000000000168e-01 -3.635450000000000070e-01 9.315660000000000052e-01 -4.497000000000000129e-03 -9.315759999999999597e-01 -3.635430000000000050e-01 1.306000000000000086e-03
2.400000000000000000e+01 2.600000000000000000e+01 6.400000000000000000e+01 0.000000000000000000e+00 1.600000000000000089e+00 -9.000000000000000567e-05 -4.060000000000000241e-03 9.999919999999999920e-01 -3.630280000000000173e-01 9.317710000000000159e-01 3.749999999999999861e-03 -9.317779999999999951e-01 -3.630249999999999866e-01 -1.557999999999999923e-03
2.900000000000000000e+01 2.600000000000000000e+01 6.400000000000000000e+01 0.000000000000000000e+00 1.600000000000000089e+00 -9.470000000000000336e-04 -6.480000000000000300e-04 9.999989999999999712e-01 -3.648259999999999836e-01 9.310760000000000147e-01 2.579999999999999828e-04 -9.310749999999999860e-01 -3.648250000000000104e-01 -1.118000000000000070e-03
7.000000000000000000e+00 6.900000000000000000e+01 6.600000000000000000e+01 0.000000000000000000e+00 1.600000000000000089e+00 1.034299999999999976e-02 -8.500000000000000611e-03 9.999099999999999655e-01 -9.530229999999999535e-01 3.026429999999999954e-01 1.243000000000000008e-02 -3.027210000000000178e-01 -9.530659999999999688e-01 -4.969999999999999592e-03
1.500000000000000000e+01 6.900000000000000000e+01 6.600000000000000000e+01 0.000000000000000000e+00 1.600000000000000089e+00 5.465000000000000240e-03 -8.180000000000000422e-04 9.999850000000000128e-01 -9.532840000000000202e-01 3.020260000000000167e-01 5.457000000000000045e-03 -3.020260000000000167e-01 -9.532990000000000075e-01 8.710000000000000294e-04
1.900000000000000000e+01 3.100000000000000000e+01 7.100000000000000000e+01 0.000000000000000000e+00 1.600000000000000089e+00 5.039999999999999992e-04 4.650000000000000270e-04 -1.000000000000000000e+00 -7.107510000000000217e-01 -7.034439999999999582e-01 -6.849999999999999535e-04 -7.034439999999999582e-01 7.107510000000000217e-01 -2.400000000000000061e-05
2.300000000000000000e+01 2.500000000000000000e+01 7.300000000000000000e+01 0.000000000000000000e+00 1.600000000000000089e+00 2.422999999999999807e-03 3.176000000000000004e-03 9.999919999999999920e-01 7.431520000000000348e-01 -6.691219999999999946e-01 3.240000000000000150e-04 6.691179999999999906e-01 7.431449999999999445e-01 -3.982000000000000296e-03
7.000000000000000000e+00 4.400000000000000000e+01 7.300000000000000000e+01 0.000000000000000000e+00 1.600000000000000089e+00 -2.657000000000000074e-03 -3.213000000000000144e-03 9.999909999999999632e-01 4.768100000000000116e-02 -9.988580000000000236e-01 -3.082999999999999803e-03 9.988590000000000524e-01 4.767300000000000010e-02 2.807000000000000033e-03
1.300000000000000000e+01 4.400000000000000000e+01 7.300000000000000000e+01 0.000000000000000000e+00 1.600000000000000089e+00 1.028000000000000051e-03 -2.095000000000000074e-03 9.999970000000000248e-01 4.404500000000000082e-02 -9.990269999999999984e-01 -2.138000000000000143e-03 9.990289999999999448e-01 4.404700000000000282e-02 -9.349999999999999587e-04
