2.000000000000000000e+00 2.500000000000000000e+01 1.000000000000000000e+00 0.000000000000000000e+00 1.600000000000000089e+00 -9.100000000000000016e-04 -6.837000000000000195e-03 -9.999759999999999760e-01 -5.283630000000000271e-01 -8.489959999999999729e-01 6.284999999999999788e-03 -8.490180000000000504e-01 5.283560000000000478e-01 -2.840000000000000076e-03
5.000000000000000000e+00 1.500000000000000000e+01 4.000000000000000000e+00 0.000000000000000000e+00 1.600000000000000089e+00 4.029999999999999837e-04 -3.602000000000000167e-03 9.999930000000000208e-01 3.153139999999999832e-01 -9.489809999999999635e-01 -3.544999999999999974e-03 9.489870000000000250e-01 3.153130000000000099e-01 7.529999999999999801e-04
1.100000000000000000e+01 1.500000000000000000e+01 4.000000000000000000e+00 0.000000000000000000e+00 1.600000000000000089e+00 -4.255000000000000102e-03 -6.019999999999999961e-04 9.999909999999999632e-01 3.154939999999999967e-01 -9.489269999999999650e-01 7.709999999999999840e-04 9.489180000000000392e-01 3.154939999999999967e-01 4.227999999999999987e-03
1.800000000000000000e+01 1.500000000000000000e+01 4.000000000000000000e+00 0.000000000000000000e+00 1.600000000000000089e+00 -2.252999999999999794e-03 1.275000000000000092e-03 9.999970000000000248e-01 3.125620000000000065e-01 -9.498950000000000449e-01 1.915000000000000036e-03 9.498950000000000449e-01 3.125649999999999817e-01 1.742000000000000059e-03
2.300000000000000000e+01 1.500000000000000000e+01 4.000000000000000000e+00 0.000000000000000000e+00 1.600000000000000089e+00 -2.458000000000000115e-03 1.345700000000000021e-02 9.999059999999999615e-01 3.146610000000000240e-01 -9.491070000000000340e-01 1.354700000000000001e-02 9.492009999999999614e-01 3.146649999999999725e-01 -1.902000000000000045e-03
2.900000000000000000e+01 1.010000000000000000e+02 7.000000000000000000e+00 0.000000000000000000e+00 1.600000000000000089e+00 3.510000000000000208e-04 -4.108999999999999805e-03 9.999909999999999632e-01 8.886150000000000437e-01 4.586509999999999754e-01 1.572999999999999962e-03 -4.586540000000000061e-01 8.886070000000000357e-01 3.812999999999999983e-03
5.000000000000000000e+00 2.500000000000000000e+01 8.000000000000000000e+00 0.000000000000000000e+00 1.600000000000000089e+00 1.940000000000000101e-03 5.479999999999999628e-03 -9.999829999999999552e-01 4.461089999999999778e-01 8.949599999999999778e-01 5.769999999999999955e-03 8.949759999999999938e-01 -4.461129999999999818e-01 -7.089999999999999948e-04
1.200000000000000000e+01 2.500000000000000000e+01 8.000000000000000000e+00 0.000000000000000000e+00 1.600000000000000089e+00 1.090000000000000067e-04 -4.879999999999999898e-04 -1.000000000000000000e+00 4.443320000000000047e-01 8.958620000000000472e-01 -3.879999999999999985e-04 8.958620000000000472e-01 -4.443320000000000047e-01 3.150000000000000131e-04
2.000000000000000000e+01 2.500000000000000000e+01 8.000000000000000000e+00 0.000000000000000000e+00 1.600000000000000089e+00 -2.441000000000000027e-03 -4.414999999999999654e-03 -9.999869999999999592e-01 4.452479999999999771e-01 8.953929999999999945e-01 -5.040000000000000209e-03 8.954039999999999777e-01 -4.452539999999999831e-01 -2.200000000000000078e-04
2.300000000000000000e+01 2.500000000000000000e+01 8.000000000000000000e+00 0.000000000000000000e+00 1.600000000000000089e+00 -1.613000000000000067e-03 -4.200999999999999873e-03 -9.999900000000000455e-01 4.444850000000000190e-01 8.957749999999999879e-01 -4.479999999999999608e-03 8.957850000000000534e-01 -4.444879999999999942e-01 4.229999999999999819e-04
2.900000000000000000e+01 2.500000000000000000e+01 8.000000000000000000e+00 0.000000000000000000e+00 1.600000000000000089e+00 -5.929999999999999941e-04 -3.304000000000000079e-03 -9.999940000000000495e-01 4.458529999999999993e-01 8.951010000000000355e-01 -3.222000000000000038e-03 8.951059999999999572e-01 -4.458520000000000261e-01 9.430000000000000448e-04
5.000000000000000000e+00 2.400000000000000000e+01 9.000000000000000000e+00 0.000000000000000000e+00 1.600000000000000089e+00 1.435000000000000078e-03 4.337999999999999842e-03 -9.999900000000000455e-01 4.508349999999999858e-01 8.925959999999999450e-01 4.518999999999999580e-03 8.926060000000000105e-01 -4.508369999999999878e-01 -6.750000000000000357e-04
1.300000000000000000e+01 2.400000000000000000e+01 9.000000000000000000e+00 0.000000000000000000e+00 1.600000000000000089e+00 -6.629999999999999609e-04 -4.403999999999999929e-03 -9.999900000000000455e-01 4.506310000000000038e-01 8.927000000000000490e-01 -4.230000000000000253e-03 8.927100000000000035e-01 -4.506299999999999750e-01 1.392999999999999924e-03
2.200000000000000000e+01 2.400000000000000000e+01 9.000000000000000000e+00 0.000000000000000000e+00 1.600000000000000089e+00 -1.464999999999999939e-03 -5.101999999999999764e-03 -9.999860000000000415e-01 4.501660000000000106e-01 8.929300000000000015e-01 -5.215000000000000017e-03 8.929439999999999600e-01 -4.501669999999999838e-01 9.879999999999999460e-04
3.000000000000000000e+01 2.400000000000000000e+01 9.000000000000000000e+00 0.000000000000000000e+00 1.600000000000000089e+00 -1.160000000000000007e-03 -5.105000000000000163e-03 -9.999860000000000415e-01 4.514130000000000087e-01 8.923010000000000108e-01 -5.079000000000000181e-03 8.923140000000000516e-01 -4.514130000000000087e-01 1.270000000000000078e-03
5.000000000000000000e+00 5.000000000000000000e+00 1.200000000000000000e+01 0.000000000000000000e+00 1.600000000000000089e+00 1.265900000000000011e-02 -1.185770000000000018e-01 9.928639999999999688e-01 -2.339060000000000028e-01 9.650429999999999842e-01 1.182359999999999939e-01 -9.721769999999999579e-01 -2.337339999999999973e-01 -1.551899999999999981e-02
6.000000000000000000e+00 3.100000000000000000e+01 1.200000000000000000e+01 0.000000000000000000e+00 1.600000000000000089e+00 6.229999999999999644e-04 2.930000000000000204e-04 1.000000000000000000e+00 4.130000000000000099e-04 1.000000000000000000e+00 -2.930000000000000204e-04 -1.000000000000000000e+00 4.139999999999999800e-04 6.220000000000000485e-04
1.400000000000000000e+01 3.100000000000000000e+01 1.200000000000000000e+01 0.000000000000000000e+00 1.600000000000000089e+00 -1.224000000000000045e-03 -1.342000000000000094e-03 9.999980000000000535e-01 2.509999999999999753e-04 9.999989999999999712e-01 1.342000000000000094e-03 -9.999989999999999712e-01 2.519999999999999996e-04 -1.224000000000000045e-03
2.400000000000000000e+01 3.100000000000000000e+01 1.200000000000000000e+01 0.000000000000000000e+00 1.600000000000000089e+00 8.819999999999999715e-04 -1.379999999999999933e-04 1.000000000000000000e+00 -1.975000000000000193e-03 9.999980000000000535e-01 1.399999999999999877e-04 -9.999980000000000535e-01 -1.975000000000000193e-03 8.819999999999999715e-04
2.500000000000000000e+01 3.500000000000000000e+01 1.200000000000000000e+01 0.000000000000000000e+00 1.600000000000000089e+00 3.576999999999999885e-03 -4.207999999999999935e-03 -9.999850000000000128e-01 5.704789999999999583e-01 -8.212939999999999685e-01 5.497000000000000150e-03 -8.213049999999999518e-01 -5.704900000000000526e-01 -5.370000000000000424e-04
9.000000000000000000e+00 3.200000000000000000e+01 1.400000000000000000e+01 0.000000000000000000e+00 1.600000000000000089e+00 1.217999999999999899e-03 2.073999999999999889e-03 -9.999970000000000248e-01 1.033560000000000034e-01 9.946420000000000261e-01 2.188999999999999974e-03 9.946439999999999726e-01 -1.033580000000000054e-01 9.970000000000000563e-04
1.800000000000000000e+01 3.200000000000000000e+01 1.400000000000000000e+01 0.000000000000000000e+00 1.600000000000000089e+00 -1.691000000000000012e-03 -8.430999999999999259e-03 -9.999630000000000463e-01 1.041959999999999970e-01 9.945199999999999596e-01 -8.560999999999999166e-03 9.945549999999999669e-01 -1.042059999999999931e-01 -8.030000000000000028e-04
3.000000000000000000e+00 1.200000000000000000e+01 1.500000000000000000e+01 0.000000000000000000e+00 1.600000000000000089e+00 3.300000000000000253e-05 -2.320000000000000014e-04 -1.000000000000000000e+00 -4.717279999999999807e-01 -8.817439999999999722e-01 1.890000000000000133e-04 -8.817439999999999722e-01 4.717279999999999807e-01 -1.389999999999999905e-04
1.000000000000000000e+01 1.200000000000000000e+01 1.500000000000000000e+01 0.000000000000000000e+00 1.600000000000000089e+00 1.860000000000000108e-03 3.717999999999999951e-03 -9.999909999999999632e-01 -4.695889999999999787e-01 -8.828749999999999654e-01 -4.155999999999999972e-03 -8.828829999999999734e-01 4.695929999999999827e-01 1.039999999999999936e-04
1.600000000000000000e+01 1.200000000000000000e+01 1.500000000000000000e+01 0.000000000000000000e+00 1.600000000000000089e+00 8.499999999999999526e-04 4.342999999999999639e-03 -9.999900000000000455e-01 -4.696569999999999911e-01 -8.828390000000000404e-01 -4.233999999999999916e-03 -8.828489999999999949e-01 4.696560000000000179e-01 1.288999999999999998e-03
1.900000000000000000e+01 1.200000000000000000e+01 1.500000000000000000e+01 0.000000000000000000e+00 1.600000000000000089e+00 -1.036000000000000029e-03 7.375999999999999744e-03 -9.999719999999999720e-01 -4.661790000000000100e-01 -8.846699999999999564e-01 -6.042999999999999761e-03 -8.846899999999999764e-01 4.661600000000000188e-01 4.355000000000000364e-03
2.400000000000000000e+01 1.200000000000000000e+01 1.500000000000000000e+01 0.000000000000000000e+00 1.600000000000000089e+00 9.030000000000000483e-04 7.870000000000000259e-03 -9.999689999999999968e-01 -4.595620000000000260e-01 -8.881149999999999878e-01 -7.403999999999999991e-03 -8.881449999999999623e-01 4.595540000000000180e-01 2.814000000000000095e-03
2.900000000000000000e+01 1.200000000000000000e+01 1.500000000000000000e+01 0.000000000000000000e+00 1.600000000000000089e+00 1.193000000000000050e-03 7.766999999999999599e-03 -9.999689999999999968e-01 -4.541270000000000029e-01 -8.909059999999999757e-01 -7.460999999999999750e-03 -8.909359999999999502e-01 4.541220000000000256e-01 2.464000000000000044e-03
1.000000000000000000e+01 1.160000000000000000e+02 1.600000000000000000e+01 0.000000000000000000e+00 1.600000000000000089e+00 -2.722000000000000027e-03 -1.961000000000000069e-03 9.999940000000000495e-01 8.063470000000000359e-01 5.914329999999999865e-01 3.354999999999999909e-03 -5.914359999999999618e-01 8.063519999999999577e-01 -2.799999999999999958e-05
1.700000000000000000e+01 1.160000000000000000e+02 1.600000000000000000e+01 0.000000000000000000e+00 1.600000000000000089e+00 -1.289999999999999914e-04 3.150000000000000131e-04 1.000000000000000000e+00 7.435810000000000475e-01 6.686459999999999626e-01 -1.150000000000000035e-04 -6.686459999999999626e-01 7.435810000000000475e-01 -3.209999999999999963e-04
2.200000000000000000e+01 1.160000000000000000e+02 1.600000000000000000e+01 0.000000000000000000e+00 1.600000000000000089e+00 -3.390000000000000001e-04 2.592000000000000120e-03 9.999970000000000248e-01 7.491600000000000481e-01 6.623879999999999768e-01 -1.463000000000000108e-03 -6.623900000000000343e-01 7.491560000000000441e-01 -2.165999999999999957e-03
3.000000000000000000e+00 2.000000000000000000e+00 1.900000000000000000e+01 0.000000000000000000e+00 1.600000000000000089e+00 -1.094999999999999966e-02 5.971999999999999878e-03 -9.999219999999999775e-01 2.184210000000000040e-01 -9.758200000000000207e-01 -8.219999999999999876e-03 -9.757930000000000215e-01 -2.184939999999999938e-01 9.381000000000000449e-03
9.000000000000000000e+00 2.000000000000000000e+00 1.900000000000000000e+01 0.000000000000000000e+00 1.600000000000000089e+00 -1.218600000000000065e-02 1.034599999999999929e-02 -9.998719999999999830e-01 2.356689999999999896e-01 -9.717470000000000274e-01 -1.292699999999999926e-02 -9.717569999999999819e-01 -2.357960000000000056e-01 9.402999999999999900e-03
1.300000000000000000e+01 2.000000000000000000e+00 1.900000000000000000e+01 0.000000000000000000e+00 1.600000000000000089e+00 -5.794999999999999804e-03 2.589100000000000082e-02 -9.996479999999999810e-01 2.404169999999999918e-01 -9.703070000000000306e-01 -2.652499999999999997e-02 -9.706519999999999593e-01 -2.404860000000000053e-01 -6.019999999999999961e-04
2.200000000000000000e+01 2.000000000000000000e+00 1.900000000000000000e+01 0.000000000000000000e+00 1.600000000000000089e+00 2.692299999999999902e-02 6.263399999999999523e-02 -9.976730000000000320e-01 2.352980000000000071e-01 -9.703899999999999748e-01 -5.457100000000000145e-02 -9.715500000000000247e-01 -2.332809999999999884e-01 -4.086399999999999755e-02
2.800000000000000000e+01 2.000000000000000000e+00 1.900000000000000000e+01 0.000000000000000000e+00 1.600000000000000089e+00 2.682500000000000162e-02 7.750400000000000345e-02 -9.966310000000000446e-01 2.822339999999999849e-01 -9.570149999999999491e-01 -6.682599999999999651e-02 -9.589710000000000178e-01 -2.794900000000000162e-01 -4.754699999999999899e-02
2.400000000000000000e+01 4.000000000000000000e+00 2.000000000000000000e+01 0.000000000000000000e+00 1.600000000000000089e+00 1.858699999999999936e-02 4.659399999999999653e-02 -9.987409999999999899e-01 4.009179999999999966e-01 -9.154349999999999987e-01 -3.524599999999999955e-02 -9.159249999999999892e-01 -3.997589999999999755e-01 -3.569499999999999756e-02
1.000000000000000000e+00 1.300000000000000000e+01 2.000000000000000000e+01 0.000000000000000000e+00 1.600000000000000089e+00 -1.479999999999999979e-03 -3.687999999999999872e-03 9.999919999999999920e-01 2.643320000000000114e-01 9.644239999999999480e-01 3.948000000000000120e-03 -9.644310000000000382e-01 2.643349999999999866e-01 -4.530000000000000064e-04
7.000000000000000000e+00 1.300000000000000000e+01 2.000000000000000000e+01 0.000000000000000000e+00 1.600000000000000089e+00 1.817999999999999955e-03 -1.794000000000000022e-03 9.999970000000000248e-01 2.639960000000000084e-01 9.645230000000000192e-01 1.250000000000000026e-03 -9.645219999999999905e-01 2.639929999999999777e-01 2.226999999999999813e-03
1.300000000000000000e+01 1.300000000000000000e+01 2.000000000000000000e+01 0.000000000000000000e+00 1.600000000000000089e+00 -8.180000000000000422e-04 -3.158999999999999916e-03 9.999949999999999672e-01 2.659210000000000185e-01 9.639889999999999848e-01 3.262999999999999842e-03 -9.639940000000000175e-01 2.659230000000000205e-01 5.099999999999999960e-05
2.200000000000000000e+01 1.300000000000000000e+01 2.000000000000000000e+01 0.000000000000000000e+00 1.600000000000000089e+00 1.240000000000000054e-04 1.487000000000000040e-03 9.999989999999999712e-01 2.647189999999999821e-01 9.643239999999999590e-01 -1.466999999999999988e-03 -9.643260000000000165e-01 2.647189999999999821e-01 -2.739999999999999923e-04
2.900000000000000000e+01 1.300000000000000000e+01 2.000000000000000000e+01 0.000000000000000000e+00 1.600000000000000089e+00 2.649999999999999903e-04 -3.236000000000000161e-03 9.999949999999999672e-01 2.624799999999999911e-01 9.649330000000000407e-01 3.053000000000000158e-03 -9.649370000000000447e-01 2.624779999999999891e-01 1.105000000000000079e-03
3.000000000000000000e+00 3.000000000000000000e+00 2.500000000000000000e+01 0.000000000000000000e+00 1.600000000000000089e+00 -3.112999999999999882e-03 -3.134000000000000067e-03 9.999900000000000455e-01 -2.262000000000000122e-02 -9.997390000000000443e-01 -3.203999999999999817e-03 9.997390000000000443e-01 -2.263000000000000081e-02 3.040999999999999866e-03
9.000000000000000000e+00 3.000000000000000000e+00 2.500000000000000000e+01 0.000000000000000000e+00 1.600000000000000089e+00 -2.811000000000000131e-03 3.494999999999999843e-03 9.999900000000000455e-01 -1.741499999999999992e-02 -9.998420000000000085e-01 3.445000000000000145e-03 9.998439999999999550e-01 -1.740500000000000033e-02 2.870999999999999854e-03
1.300000000000000000e+01 3.000000000000000000e+00 2.500000000000000000e+01 0.000000000000000000e+00 1.600000000000000089e+00 2.750999999999999973e-03 8.869000000000000147e-03 9.999569999999999848e-01 -2.018199999999999855e-02 -9.997570000000000068e-01 8.921999999999999376e-03 9.997930000000000428e-01 -2.020500000000000074e-02 -2.572000000000000067e-03
2.800000000000000000e+01 3.000000000000000000e+00 2.500000000000000000e+01 0.000000000000000000e+00 1.600000000000000089e+00 -3.161999999999999880e-03 1.810600000000000057e-02 9.998310000000000253e-01 -3.024200000000000152e-02 -9.993800000000000461e-01 1.800200000000000064e-02 9.995380000000000376e-01 -3.017999999999999849e-02 3.707999999999999925e-03
2.000000000000000000e+00 4.600000000000000000e+01 2.700000000000000000e+01 0.000000000000000000e+00 1.600000000000000089e+00 -1.075999999999999917e-03 2.066000000000000128e-03 -9.999970000000000248e-01 6.654060000000000530e-01 7.464809999999999501e-01 8.260000000000000198e-04 7.464809999999999501e-01 -6.654039999999999955e-01 -2.177000000000000116e-03
1.200000000000000000e+01 4.600000000000000000e+01 2.700000000000000000e+01 0.000000000000000000e+00 1.600000000000000089e+00 1.262000000000000101e-03 6.009999999999999717e-04 -9.999989999999999712e-01 6.718039999999999567e-01 7.407280000000000530e-01 1.293000000000000095e-03 7.407280000000000530e-01 -6.718049999999999855e-01 5.310000000000000050e-04
5.000000000000000000e+00 4.600000000000000000e+01 3.000000000000000000e+01 0.000000000000000000e+00 1.600000000000000089e+00 -1.930999999999999991e-03 5.159999999999999656e-04 -9.999980000000000535e-01 3.149520000000000097e-01 9.491079999999999517e-01 -1.190000000000000058e-04 9.491060000000000052e-01 -3.149509999999999810e-01 -1.994999999999999812e-03
3.000000000000000000e+01 4.600000000000000000e+01 3.000000000000000000e+01 0.000000000000000000e+00 1.600000000000000089e+00 7.399999999999999623e-05 -1.769999999999999926e-04 -1.000000000000000000e+00 3.246589999999999754e-01 9.458309999999999773e-01 -1.430000000000000064e-04 9.458309999999999773e-01 -3.246589999999999754e-01 1.269999999999999970e-04
5.000000000000000000e+00 5.800000000000000000e+01 3.100000000000000000e+01 0.000000000000000000e+00 1.600000000000000089e+00 1.766999999999999908e-03 1.964000000000000034e-03 9.999970000000000248e-01 -7.884470000000000089e-01 -6.150980000000000336e-01 2.601000000000000013e-03 6.151010000000000089e-01 -7.884480000000000377e-01 4.609999999999999840e-04
1.100000000000000000e+01 5.800000000000000000e+01 3.100000000000000000e+01 0.000000000000000000e+00 1.600000000000000089e+00 1.428000000000000016e-03 4.226999999999999855e-03 9.999900000000000455e-01 -7.872810000000000086e-01 -6.165829999999999922e-01 3.730999999999999941e-03 6.165920000000000289e-01 -7.872789999999999511e-01 2.446999999999999956e-03
1.700000000000000000e+01 5.800000000000000000e+01 3.100000000000000000e+01 0.000000000000000000e+00 1.600000000000000089e+00 2.100000000000000087e-04 -7.630000000000000063e-04 1.000000000000000000e+00 -7.832459999999999978e-01 -6.217120000000000424e-01 -3.099999999999999999e-04 6.217120000000000424e-01 -7.832449999999999690e-01 -7.290000000000000473e-04
2.400000000000000000e+01 5.800000000000000000e+01 3.100000000000000000e+01 0.000000000000000000e+00 1.600000000000000089e+00 3.818999999999999912e-03 4.632999999999999965e-03 9.999820000000000375e-01 -7.780449999999999866e-01 -6.281809999999999894e-01 5.882000000000000076e-03 6.281970000000000054e-01 -7.780529999999999946e-01 1.204999999999999908e-03
1.000000000000000000e+01 4.600000000000000000e+01 3.500000000000000000e+01 0.000000000000000000e+00 1.600000000000000089e+00 -3.770000000000000022e-04 2.255000000000000060e-03 -9.999970000000000248e-01 3.907880000000000242e-01 -9.204780000000000184e-01 -2.223000000000000149e-03 -9.204809999999999937e-01 -3.907869999999999955e-01 -5.339999999999999695e-04
1.300000000000000000e+01 4.600000000000000000e+01 3.500000000000000000e+01 0.000000000000000000e+00 1.600000000000000089e+00 -4.459999999999999989e-04 -1.472999999999999917e-03 -9.999989999999999712e-01 3.908300000000000107e-01 -9.204620000000000024e-01 1.182000000000000108e-03 -9.204630000000000312e-01 -3.908289999999999820e-01 9.859999999999998974e-04
1.800000000000000000e+01 4.600000000000000000e+01 3.500000000000000000e+01 0.000000000000000000e+00 1.600000000000000089e+00 6.109999999999999980e-04 7.399999999999999894e-04 -1.000000000000000000e+00 3.911800000000000277e-01 -9.203139999999999654e-01 -4.420000000000000101e-04 -9.203139999999999654e-01 -3.911789999999999989e-01 -8.520000000000000013e-04
2.100000000000000000e+01 4.600000000000000000e+01 3.500000000000000000e+01 0.000000000000000000e+00 1.600000000000000089e+00 -1.430000000000000064e-04 2.740999999999999947e-03 -9.999959999999999960e-01 3.915409999999999724e-01 -9.201570000000000027e-01 -2.577999999999999996e-03 -9.201610000000000067e-01 -3.915399999999999991e-01 -9.420000000000000205e-04
2.500000000000000000e+01 4.600000000000000000e+01 3.500000000000000000e+01 0.000000000000000000e+00 1.600000000000000089e+00 -3.099999999999999999e-04 -1.659999999999999963e-04 -1.000000000000000000e+00 3.920040000000000191e-01 -9.199640000000000040e-01 3.100000000000000135e-05 -9.199640000000000040e-01 -3.920040000000000191e-01 3.510000000000000208e-04
1.100000000000000000e+01 3.000000000000000000e+00 4.300000000000000000e+01 0.000000000000000000e+00 1.600000000000000089e+00 -1.210000000000000002e-04 -9.742000000000000659e-03 -9.999529999999999808e-01 7.408460000000000045e-01 -6.716440000000000188e-01 6.453999999999999668e-03 -6.716750000000000220e-01 -7.408099999999999685e-01 7.297999999999999800e-03
1.700000000000000000e+01 3.000000000000000000e+00 4.300000000000000000e+01 0.000000000000000000e+00 1.600000000000000089e+00 -1.081400000000000070e-02 -2.792299999999999990e-02 -9.995519999999999960e-01 7.361830000000000318e-01 -6.766940000000000177e-01 1.093900000000000081e-02 -6.766959999999999642e-01 -7.357350000000000279e-01 2.787399999999999947e-02
2.100000000000000000e+01 3.000000000000000000e+00 4.300000000000000000e+01 0.000000000000000000e+00 1.600000000000000089e+00 2.059999999999999928e-04 -3.480599999999999666e-02 -9.993940000000000046e-01 7.339379999999999793e-01 -6.787999999999999590e-01 2.379200000000000065e-02 -6.792169999999999597e-01 -7.334979999999999833e-01 2.540600000000000150e-02
2.700000000000000000e+01 3.000000000000000000e+00 4.300000000000000000e+01 0.000000000000000000e+00 1.600000000000000089e+00 -3.945999999999999855e-03 -5.093999999999999570e-03 -9.999789999999999512e-01 7.372710000000000097e-01 -6.755970000000000031e-01 5.330000000000000536e-04 -6.755849999999999911e-01 -7.372539999999999649e-01 6.421999999999999757e-03
4.000000000000000000e+00 2.900000000000000000e+01 4.400000000000000000e+01 0.000000000000000000e+00 1.600000000000000089e+00 1.860000000000000108e-03 -0.000000000000000000e+00 -9.999980000000000535e-01 6.562440000000000495e-01 7.545479999999999965e-01 1.221000000000000080e-03 7.545460000000000500e-01 -6.562449999999999672e-01 1.404000000000000083e-03
9.000000000000000000e+00 2.900000000000000000e+01 4.400000000000000000e+01 0.000000000000000000e+00 1.600000000000000089e+00 6.899999999999999667e-04 -1.562000000000000020e-03 -9.999989999999999712e-01 6.513139999999999485e-01 7.588080000000000380e-01 -7.360000000000000006e-04 7.588080000000000380e-01 -6.513130000000000308e-01 1.541000000000000052e-03
1.600000000000000000e+01 2.900000000000000000e+01 4.400000000000000000e+01 0.000000000000000000e+00 1.600000000000000089e+00 -2.259999999999999910e-04 1.827000000000000065e-03 -9.999980000000000535e-01 6.481289999999999552e-01 7.615300000000000402e-01 1.245000000000000013e-03 7.615309999999999580e-01 -6.481270000000000087e-01 -1.356000000000000000e-03
2.400000000000000000e+01 2.900000000000000000e+01 4.400000000000000000e+01 0.000000000000000000e+00 1.600000000000000089e+00 -2.292999999999999899e-03 1.698000000000000074e-03 -9.999959999999999960e-01 6.504330000000000389e-01 7.595629999999999882e-01 -2.020000000000000040e-04 7.595600000000000129e-01 -6.504309999999999814e-01 -2.846000000000000005e-03
4.000000000000000000e+00 6.500000000000000000e+01 4.600000000000000000e+01 0.000000000000000000e+00 1.600000000000000089e+00 -6.639999999999999852e-04 -1.791999999999999973e-03 9.999980000000000535e-01 6.801150000000000251e-01 -7.331050000000000066e-01 -8.620000000000000275e-04 7.331050000000000066e-01 6.801129999999999676e-01 1.704999999999999918e-03
1.400000000000000000e+01 6.500000000000000000e+01 4.600000000000000000e+01 0.000000000000000000e+00 1.600000000000000089e+00 8.670000000000000406e-04 -4.211000000000000333e-03 9.999909999999999632e-01 6.820349999999999469e-01 -7.313100000000000156e-01 -3.670999999999999784e-03 7.313190000000000524e-01 6.820319999999999716e-01 2.237999999999999972e-03
1.200000000000000000e+01 7.000000000000000000e+01 4.700000000000000000e+01 0.000000000000000000e+00 1.600000000000000089e+00 -5.320000000000000293e-04 5.339999999999999695e-04 -1.000000000000000000e+00 -8.428330000000000544e-01 -5.381749999999999590e-01 1.610000000000000103e-04 -5.381749999999999590e-01 8.428330000000000544e-01 7.360000000000000006e-04
2.400000000000000000e+01 7.000000000000000000e+01 4.700000000000000000e+01 0.000000000000000000e+00 1.600000000000000089e+00 -8.419999999999999750e-04 -2.588000000000000023e-03 -9.999959999999999960e-01 -8.437040000000000095e-01 -5.368049999999999766e-01 2.099000000000000171e-03 -5.368079999999999519e-01 8.437019999999999520e-01 -1.732000000000000033e-03
3.000000000000000000e+00 5.000000000000000000e+00 5.100000000000000000e+01 0.000000000000000000e+00 1.600000000000000089e+00 -4.029999999999999837e-04 4.138000000000000185e-03 -9.999909999999999632e-01 4.795490000000000030e-01 -8.775070000000000370e-01 -3.824999999999999841e-03 -8.775150000000000450e-01 -4.795459999999999723e-01 -1.631000000000000071e-03
5.000000000000000000e+00 5.000000000000000000e+00 5.100000000000000000e+01 0.000000000000000000e+00 1.600000000000000089e+00 5.209999999999999788e-04 6.987000000000000155e-03 -9.999759999999999760e-01 4.796440000000000148e-01 -8.774429999999999730e-01 -5.880999999999999943e-03 -8.774629999999999930e-01 -4.796300000000000008e-01 -3.808000000000000187e-03
1.300000000000000000e+01 5.000000000000000000e+00 5.100000000000000000e+01 0.000000000000000000e+00 1.600000000000000089e+00 7.010000000000000172e-04 -3.183000000000000065e-03 -9.999949999999999672e-01 4.724249999999999838e-01 -8.813649999999999540e-01 3.135999999999999899e-03 -8.813710000000000155e-01 -4.724249999999999838e-01 8.859999999999999603e-04
1.900000000000000000e+01 5.000000000000000000e+00 5.100000000000000000e+01 0.000000000000000000e+00 1.600000000000000089e+00 -5.683999999999999816e-03 -1.337999999999999953e-02 -9.998939999999999495e-01 4.825760000000000050e-01 -8.758080000000000309e-01 8.977000000000000604e-03 -8.758359999999999479e-01 -4.824740000000000140e-01 1.143500000000000072e-02
2.400000000000000000e+01 5.000000000000000000e+00 5.100000000000000000e+01 0.000000000000000000e+00 1.600000000000000089e+00 -2.403999999999999887e-03 -2.700000000000000143e-03 -9.999930000000000208e-01 4.858979999999999966e-01 -8.740149999999999864e-01 1.191999999999999917e-03 -8.740120000000000111e-01 -4.858919999999999906e-01 3.412999999999999801e-03
2.800000000000000000e+01 5.000000000000000000e+00 5.100000000000000000e+01 0.000000000000000000e+00 1.600000000000000089e+00 7.820000000000000345e-04 5.231999999999999672e-03 -9.999860000000000415e-01 4.882980000000000098e-01 -8.726669999999999705e-01 -4.184000000000000219e-03 -8.726760000000000073e-01 -4.882879999999999998e-01 -3.236999999999999860e-03
5.000000000000000000e+00 7.000000000000000000e+00 5.200000000000000000e+01 0.000000000000000000e+00 1.600000000000000089e+00 7.820000000000000345e-04 2.175999999999999983e-03 -9.999970000000000248e-01 1.181409999999999960e-01 -9.929949999999999610e-01 -2.069000000000000093e-03 -9.929970000000000185e-01 -1.181389999999999940e-01 -1.033999999999999980e-03
1.000000000000000000e+01 7.000000000000000000e+00 5.200000000000000000e+01 0.000000000000000000e+00 1.600000000000000089e+00 -6.080000000000000335e-04 3.000000000000000076e-05 -1.000000000000000000e+00 9.956199999999999772e-02 -9.950309999999999988e-01 -9.000000000000000567e-05 -9.950309999999999988e-01 -9.956199999999999772e-02 6.019999999999999961e-04
2.400000000000000000e+01 7.000000000000000000e+00 5.200000000000000000e+01 0.000000000000000000e+00 1.600000000000000089e+00 -2.773999999999999990e-03 -9.269999999999999811e-04 -9.999959999999999960e-01 1.149270000000000014e-01 -9.933739999999999792e-01 6.019999999999999961e-04 -9.933699999999999752e-01 -1.149249999999999994e-01 2.863000000000000093e-03
2.000000000000000000e+00 6.300000000000000000e+01 5.400000000000000000e+01 0.000000000000000000e+00 1.600000000000000089e+00 -9.550000000000000112e-04 9.110000000000000259e-04 9.999989999999999712e-01 -3.458010000000000250e-01 9.383070000000000022e-01 -1.185000000000000072e-03 -9.383080000000000309e-01 -3.458019999999999983e-01 -5.810000000000000277e-04
6.000000000000000000e+00 6.300000000000000000e+01 5.400000000000000000e+01 0.000000000000000000e+00 1.600000000000000089e+00 -1.056000000000000081e-03 3.420000000000000188e-04 9.999989999999999712e-01 -3.428840000000000221e-01 9.393780000000000463e-01 -6.830000000000000134e-04 -9.393770000000000175e-01 -3.428840000000000221e-01 -8.750000000000000182e-04
1.600000000000000000e+01 6.300000000000000000e+01 5.400000000000000000e+01 0.000000000000000000e+00 1.600000000000000089e+00 1.420000000000000038e-03 2.456999999999999983e-03 9.999959999999999960e-01 -3.310239999999999849e-01 9.436200000000000143e-01 -1.848000000000000033e-03 -9.436210000000000431e-01 -3.310199999999999809e-01 2.152999999999999966e-03
2.200000000000000000e+01 6.300000000000000000e+01 5.400000000000000000e+01 0.000000000000000000e+00 1.600000000000000089e+00 -1.994999999999999812e-03 -4.749999999999999990e-04 9.999980000000000535e-01 -3.352100000000000080e-01 9.421429999999999527e-01 -2.210000000000000050e-04 -9.421410000000000062e-01 -3.352100000000000080e-01 -2.039000000000000014e-03
2.700000000000000000e+01 6.300000000000000000e+01 5.400000000000000000e+01 0.000000000000000000e+00 1.600000000000000089e+00 -2.770000000000000110e-04 -3.177000000000000136e-03 9.999949999999999672e-01 -3.475079999999999836e-01 9.376719999999999500e-01 2.882000000000000013e-03 -9.376769999999999827e-01 -3.475059999999999816e-01 -1.363999999999999978e-03
2.000000000000000000e+00 2.500000000000000000e+01 5.500000000000000000e+01 0.000000000000000000e+00 1.600000000000000089e+00 -1.387999999999999911e-03 2.152999999999999966e-03 -9.999970000000000248e-01 -1.180999999999999932e-02 -9.999280000000000390e-01 -2.135999999999999878e-03 -9.999289999999999567e-01 1.180699999999999979e-02 1.412999999999999977e-03
9.000000000000000000e+00 2.500000000000000000e+01 5.500000000000000000e+01 0.000000000000000000e+00 1.600000000000000089e+00 1.814999999999999990e-03 8.616000000000000394e-03 -9.999609999999999888e-01 -1.111799999999999941e-02 -9.999010000000000398e-01 -8.635999999999999580e-03 -9.999369999999999647e-01 1.113300000000000053e-02 -1.719000000000000042e-03
2.000000000000000000e+01 2.500000000000000000e+01 5.500000000000000000e+01 0.000000000000000000e+00 1.600000000000000089e+00 -1.118000000000000070e-03 -1.257000000000000088e-03 -9.999989999999999712e-01 -9.409000000000000696e-03 -9.999550000000000383e-01 1.266999999999999897e-03 -9.999550000000000383e-01 9.409999999999999962e-03 1.105999999999999995e-03
7.000000000000000000e+00 2.100000000000000000e+01 6.000000000000000000e+01 0.000000000000000000e+00 1.600000000000000089e+00 2.237999999999999972e-03 -1.632700000000000123e-02 9.998639999999999750e-01 -9.387800000000000311e-02 9.954479999999999995e-01 1.646500000000000047e-02 -9.955810000000000493e-01 -9.390199999999999936e-02 6.949999999999999798e-04
1.100000000000000000e+01 2.100000000000000000e+01 6.000000000000000000e+01 0.000000000000000000e+00 1.600000000000000089e+00 -2.530000000000000239e-04 -9.039999999999999425e-03 9.999590000000000423e-01 -9.060899999999999510e-02 9.958460000000000090e-01 8.980000000000000135e-03 -9.958869999999999667e-01 -9.060300000000000298e-02 -1.072000000000000036e-03
1.500000000000000000e+01 2.100000000000000000e+01 6.000000000000000000e+01 0.000000000000000000e+00 1.600000000000000089e+00 -1.716999999999999993e-03 -3.089999999999999756e-04 9.999989999999999712e-01 -8.935800000000000687e-02 9.959999999999999964e-01 1.540000000000000028e-04 -9.959980000000000500e-01 -8.935800000000000687e-02 -1.737999999999999962e-03
2.100000000000000000e+01 2.100000000000000000e+01 6.000000000000000000e+01 0.000000000000000000e+00 1.600000000000000089e+00 1.399999999999999986e-03 1.099999999999999936e-02 9.999379999999999935e-01 -8.982900000000000607e-02 9.958979999999999499e-01 -1.082900000000000008e-02 -9.959559999999999524e-01 -8.980799999999999894e-02 2.383000000000000135e-03
2.500000000000000000e+01 2.100000000000000000e+01 6.000000000000000000e+01 0.000000000000000000e+00 1.600000000000000089e+00 8.094999999999999765e-03 -7.179999999999999750e-03 9.999419999999999975e-01 -9.216399999999999593e-02 9.957129999999999592e-01 7.896000000000000241e-03 -9.957110000000000127e-01 -9.222199999999999842e-02 7.399000000000000195e-03
1.900000000000000000e+01 3.000000000000000000e+00 6.300000000000000000e+01 0.000000000000000000e+00 1.600000000000000089e+00 -1.188999999999999953e-03 -8.776000000000000814e-03 9.999609999999999888e-01 -6.144190000000000484e-01 7.889559999999999906e-01 6.193999999999999853e-03 -7.889789999999999859e-01 -6.143870000000000164e-01 -6.329999999999999689e-03
2.000000000000000000e+00 1.200000000000000000e+01 6.300000000000000000e+01 0.000000000000000000e+00 1.600000000000000089e+00 4.722999999999999768e-03 -5.891999999999999668e-03 -9.999710000000000543e-01 -1.509590000000000098e-01 -9.885270000000000445e-01 5.111000000000000092e-03 -9.885289999999999910e-01 1.509310000000000096e-01 -5.557999999999999573e-03
2.000000000000000000e+00 2.700000000000000000e+01 6.300000000000000000e+01 0.000000000000000000e+00 1.600000000000000089e+00 9.590000000000000000e-04 -3.465000000000000198e-03 9.999940000000000495e-01 -2.720130000000000048e-01 9.622870000000000035e-01 3.595000000000000105e-03 -9.622929999999999540e-01 -2.720150000000000068e-01 -1.900000000000000105e-05
5.000000000000000000e+00 2.700000000000000000e+01 6.300000000000000000e+01 0.000000000000000000e+00 1.600000000000000089e+00 1.574000000000000095e-03 -1.647999999999999942e-03 9.999970000000000248e-01 -2.713800000000000101e-01 9.624700000000000477e-01 2.014000000000000165e-03 -9.624709999999999654e-01 -2.713820000000000121e-01 1.067999999999999939e-03
1.100000000000000000e+01 2.700000000000000000e+01 6.300000000000000000e+01 0.000000000000000000e+00 1.600000000000000089e+00 3.105999999999999820e-03 8.963000000000000481e-03 9.999550000000000383e-01 -2.679699999999999860e-01 9.633960000000000301e-01 -7.803000000000000040e-03 -9.634220000000000006e-01 -2.679340000000000055e-01 5.394000000000000357e-03
1.500000000000000000e+01 2.700000000000000000e+01 6.300000000000000000e+01 0.000000000000000000e+00 1.600000000000000089e+00 -2.318999999999999881e-03 -6.165999999999999606e-03 9.999780000000000335e-01 -2.658510000000000040e-01 9.639999999999999680e-01 5.327000000000000138e-03 -9.640109999999999513e-01 -2.658320000000000127e-01 -3.874999999999999972e-03
2.300000000000000000e+01 2.700000000000000000e+01 6.300000000000000000e+01 0.000000000000000000e+00 1.600000000000000089e+00 1.231000000000000106e-03 -4.354000000000000231e-03 9.999900000000000455e-01 -2.736549999999999816e-01 9.618170000000000330e-01 4.524000000000000243e-03 -9.618269999999999875e-01 -2.736569999999999836e-01 -7.999999999999999638e-06
2.800000000000000000e+01 2.700000000000000000e+01 6.300000000000000000e+01 0.000000000000000000e+00 1.600000000000000089e+00 -9.870000000000000301e-04 -2.462000000000000213e-03 9.999959999999999960e-01 -2.833240000000000203e-01 9.590220000000000411e-01 2.082000000000000083e-03 -9.590239999999999876e-01 -2.833209999999999895e-01 -1.644000000000000062e-03
2.000000000000000000e+00 2.600000000000000000e+01 6.400000000000000000e+01 0.000000000000000000e+00 1.600000000000000089e+00 8.980000000000000352e-04 -2.922000000000000118e-03 9.999949999999999672e-01 -3.522100000000000231e-01 9.359159999999999702e-01 3.050999999999999893e-03 -9.359210000000000029e-01 -3.522109999999999963e-01 -1.890000000000000133e-04
6.000000000000000000e+00 2.600000000000000000e+01 6.400000000000000000e+01 0.000000000000000000e+00 1.600000000000000089e+00 1.915999999999999951e-03 1.700000000000000122e-04 9.999980000000000535e-01 -3.512060000000000182e-01 9.362979999999999636e-01 5.130000000000000011e-04 -9.362960000000000171e-01 -3.512060000000000182e-01 1.853999999999999962e-03
1.000000000000000000e+01 2.600000000000000000e+01 6.400000000000000000e+01 0.000000000000000000e+00 1.600000000000000089e+00 1.451000000000000033e-03 6.432000000000000217e-03 9.999780000000000335e-01 -3.490570000000000062e-01 9.370849999999999458e-01 -5.520999999999999866e-03 -9.371000000000000441e-01 -3.490420000000000189e-01 3.605000000000000131e-03
1.400000000000000000e+01 2.600000000000000000e+01 6.400000000000000000e+01 0.000000000000000000e+00 1.600000000000000089e+00 -3.490000000000000263e-04 -4.714000000000000308e-03 9.999890000000000168e-01 -3.468860000000000277e-01 9.378969999999999807e-01 4.300000000000000003e-03 -9.379070000000000462e-01 -3.468809999999999949e-01 -1.962000000000000202e-03
1.900000000000000000e+01 2.600000000000000000e+01 6.400000000000000000e+01 0.000000000000000000e+00 1.600000000000000089e+00 5.710000000000000015e-04 -1.342899999999999996e-02 9.999099999999999655e-01 -3.541119999999999823e-01 9.351159999999999473e-01 1.276099999999999977e-02 -9.352030000000000065e-01 -3.540869999999999851e-01 -4.220999999999999926e-03
2.800000000000000000e+01 2.600000000000000000e+01 6.400000000000000000e+01 0.000000000000000000e+00 1.600000000000000089e+00 4.550000000000000008e-04 4.879999999999999898e-04 1.000000000000000000e+00 -3.679549999999999765e-01 9.298440000000000039e-01 -2.860000000000000129e-04 -9.298440000000000039e-01 -3.679540000000000033e-01 6.030000000000000204e-04
4.000000000000000000e+00 6.900000000000000000e+01 6.600000000000000000e+01 0.000000000000000000e+00 1.600000000000000089e+00 2.843000000000000041e-03 -4.759000000000000209e-03 9.999850000000000128e-01 -9.488140000000000462e-01 3.158079999999999776e-01 4.199999999999999740e-03 -3.158230000000000204e-01 -9.488109999999999600e-01 -3.616999999999999989e-03
4.000000000000000000e+00 2.500000000000000000e+01 7.300000000000000000e+01 0.000000000000000000e+00 1.600000000000000089e+00 -2.125999999999999852e-03 -3.874999999999999972e-03 9.999900000000000455e-01 7.457599999999999785e-01 -6.662139999999999729e-01 -9.970000000000000563e-04 6.662109999999999976e-01 7.457510000000000527e-01 4.305999999999999932e-03
1.000000000000000000e+01 2.500000000000000000e+01 7.300000000000000000e+01 0.000000000000000000e+00 1.600000000000000089e+00 3.951999999999999784e-03 1.508000000000000009e-03 9.999909999999999632e-01 7.503140000000000365e-01 -6.610789999999999722e-01 -1.968000000000000131e-03 6.610700000000000465e-01 7.503149999999999542e-01 -3.743999999999999932e-03
1.600000000000000000e+01 2.500000000000000000e+01 7.300000000000000000e+01 0.000000000000000000e+00 1.600000000000000089e+00 -3.436999999999999951e-03 8.045000000000000068e-03 9.999620000000000175e-01 7.535450000000000204e-01 -6.573489999999999611e-01 7.879000000000000586e-03 6.573870000000000546e-01 7.535429999999999628e-01 -3.802999999999999957e-03
2.100000000000000000e+01 2.500000000000000000e+01 7.300000000000000000e+01 0.000000000000000000e+00 1.600000000000000089e+00 -1.268000000000000030e-03 -7.012000000000000004e-03 9.999749999999999472e-01 7.445800000000000196e-01 -6.675229999999999775e-01 -3.736000000000000171e-03 6.675320000000000142e-01 7.445559999999999956e-01 6.067999999999999609e-03
