4.000000000000000000e+00 2.500000000000000000e+01 1.000000000000000000e+00 0.000000000000000000e+00 1.600000000000000089e+00 3.795000000000000196e-03 4.614000000000000046e-03 -9.999820000000000375e-01 -5.432339999999999947e-01 -8.395610000000000017e-01 -5.936000000000000304e-03 -8.395730000000000137e-01 5.432470000000000354e-01 -6.790000000000000245e-04
1.200000000000000000e+01 1.500000000000000000e+01 4.000000000000000000e+00 0.000000000000000000e+00 1.600000000000000089e+00 2.187999999999999841e-03 4.723999999999999901e-03 9.999860000000000415e-01 2.902250000000000107e-01 -9.569509999999999961e-01 3.886000000000000131e-03 9.569560000000000288e-01 2.902120000000000255e-01 -3.464000000000000065e-03
1.800000000000000000e+01 1.500000000000000000e+01 4.000000000000000000e+00 0.000000000000000000e+00 1.600000000000000089e+00 8.260000000000000198e-04 1.026499999999999982e-02 9.999470000000000303e-01 2.929649999999999754e-01 -9.560750000000000082e-01 9.572999999999999912e-03 9.561229999999999452e-01 2.929419999999999802e-01 -3.797000000000000028e-03
2.700000000000000000e+01 1.500000000000000000e+01 4.000000000000000000e+00 0.000000000000000000e+00 1.600000000000000089e+00 2.200000000000000133e-03 8.463999999999999302e-03 9.999620000000000175e-01 2.934689999999999799e-01 -9.559389999999999832e-01 7.446000000000000361e-03 9.559659999999999824e-01 2.934419999999999806e-01 -4.586999999999999932e-03
2.000000000000000000e+00 1.600000000000000000e+01 4.000000000000000000e+00 0.000000000000000000e+00 1.600000000000000089e+00 9.200000000000000007e-05 1.024899999999999943e-02 9.999470000000000303e-01 3.533970000000000167e-01 -9.354249999999999510e-01 9.554999999999999258e-03 9.354729999999999990e-01 3.533780000000000254e-01 -3.707999999999999925e-03
6.000000000000000000e+00 1.600000000000000000e+01 4.000000000000000000e+00 0.000000000000000000e+00 1.600000000000000089e+00 -7.829999999999999504e-04 4.668000000000000274e-03 9.999890000000000168e-01 3.541830000000000256e-01 -9.351639999999999953e-01 4.643000000000000425e-03 9.351760000000000073e-01 3.541830000000000256e-01 -9.210000000000000521e-04
1.500000000000000000e+01 1.600000000000000000e+01 4.000000000000000000e+00 0.000000000000000000e+00 1.600000000000000089e+00 5.980000000000000072e-04 9.048999999999999752e-03 9.999590000000000423e-01 3.563310000000000088e-01 -9.343240000000000434e-01 8.241999999999999327e-03 9.343599999999999683e-01 3.563109999999999888e-01 -3.782999999999999904e-03
2.200000000000000000e+01 1.600000000000000000e+01 4.000000000000000000e+00 0.000000000000000000e+00 1.600000000000000089e+00 -9.799999999999999684e-04 1.166099999999999949e-02 9.999320000000000430e-01 3.547370000000000245e-01 -9.348990000000000355e-01 1.124999999999999958e-02 9.349659999999999638e-01 3.547230000000000105e-01 -3.220999999999999905e-03
3.000000000000000000e+00 1.010000000000000000e+02 7.000000000000000000e+00 0.000000000000000000e+00 1.600000000000000089e+00 1.469999999999999953e-04 1.646200000000000094e-02 9.998650000000000038e-01 8.877939999999999721e-01 4.601759999999999740e-01 -7.707000000000000309e-03 -4.602410000000000112e-01 8.876749999999999918e-01 -1.454699999999999917e-02
8.000000000000000000e+00 1.010000000000000000e+02 7.000000000000000000e+00 0.000000000000000000e+00 1.600000000000000089e+00 -2.059000000000000066e-03 -5.105000000000000163e-03 9.999850000000000128e-01 8.890519999999999534e-01 4.577869999999999995e-01 4.167999999999999830e-03 -4.578019999999999867e-01 8.890470000000000317e-01 3.595999999999999804e-03
1.300000000000000000e+01 1.010000000000000000e+02 7.000000000000000000e+00 0.000000000000000000e+00 1.600000000000000089e+00 1.312999999999999931e-03 -7.651999999999999948e-03 9.999700000000000255e-01 8.865389999999999660e-01 4.626469999999999749e-01 2.376000000000000074e-03 -4.626509999999999789e-01 8.865100000000000202e-01 7.392000000000000133e-03
2.600000000000000000e+01 1.010000000000000000e+02 7.000000000000000000e+00 0.000000000000000000e+00 1.600000000000000089e+00 2.514999999999999875e-03 1.057800000000000060e-02 9.999409999999999688e-01 8.850559999999999539e-01 4.654300000000000104e-01 -7.150000000000000105e-03 -4.654780000000000029e-01 8.850219999999999754e-01 -8.191999999999999629e-03
7.000000000000000000e+00 1.500000000000000000e+01 8.000000000000000000e+00 0.000000000000000000e+00 1.600000000000000089e+00 1.877999999999999895e-03 2.743000000000000212e-03 -9.999949999999999672e-01 -5.842209999999999903e-01 -8.115879999999999761e-01 -3.322999999999999999e-03 -8.115919999999999801e-01 5.842239999999999656e-01 7.799999999999999859e-05
1.000000000000000000e+01 1.500000000000000000e+01 8.000000000000000000e+00 0.000000000000000000e+00 1.600000000000000089e+00 -5.760000000000000146e-04 1.760999999999999979e-03 -9.999980000000000535e-01 -5.849499999999999700e-01 -8.110680000000000112e-01 -1.092000000000000089e-03 -8.110690000000000399e-01 5.849490000000000522e-01 1.497000000000000067e-03
1.500000000000000000e+01 1.500000000000000000e+01 8.000000000000000000e+00 0.000000000000000000e+00 1.600000000000000089e+00 1.807000000000000012e-03 9.211000000000000437e-03 -9.999559999999999560e-01 -5.857419999999999849e-01 -8.104529999999999790e-01 -8.524000000000000327e-03 -8.104959999999999942e-01 5.857310000000000016e-01 3.930999999999999599e-03
1.900000000000000000e+01 1.500000000000000000e+01 8.000000000000000000e+00 0.000000000000000000e+00 1.600000000000000089e+00 1.561000000000000104e-03 9.171999999999999598e-03 -9.999569999999999848e-01 -5.850880000000000525e-01 -8.109269999999999534e-01 -8.351000000000000784e-03 -8.109680000000000222e-01 5.850760000000000405e-01 4.100000000000000346e-03
2.300000000000000000e+01 1.500000000000000000e+01 8.000000000000000000e+00 0.000000000000000000e+00 1.600000000000000089e+00 2.252000000000000095e-03 1.136799999999999963e-02 -9.999329999999999607e-01 -5.828149999999999720e-01 -8.125369999999999537e-01 -1.055000000000000035e-02 -8.126020000000000465e-01 5.827989999999999560e-01 4.794999999999999783e-03
2.700000000000000000e+01 1.500000000000000000e+01 8.000000000000000000e+00 0.000000000000000000e+00 1.600000000000000089e+00 4.710000000000000102e-04 7.617999999999999772e-03 -9.999710000000000543e-01 -5.807139999999999525e-01 -8.140819999999999723e-01 -6.475999999999999986e-03 -8.141070000000000251e-01 5.806999999999999940e-01 4.040000000000000188e-03
5.000000000000000000e+00 2.600000000000000000e+01 8.000000000000000000e+00 0.000000000000000000e+00 1.600000000000000089e+00 -2.168999999999999921e-03 -6.891000000000000424e-03 -9.999740000000000295e-01 4.087270000000000070e-01 9.126290000000000235e-01 -7.174999999999999954e-03 9.126539999999999653e-01 -4.087319999999999842e-01 8.369999999999999619e-04
1.100000000000000000e+01 2.600000000000000000e+01 8.000000000000000000e+00 0.000000000000000000e+00 1.600000000000000089e+00 -8.300000000000000086e-04 3.278999999999999797e-03 -9.999940000000000495e-01 4.090550000000000019e-01 9.125060000000000393e-01 2.651999999999999844e-03 9.125090000000000146e-01 -4.090500000000000247e-01 -2.099000000000000171e-03
2.700000000000000000e+01 2.600000000000000000e+01 8.000000000000000000e+00 0.000000000000000000e+00 1.600000000000000089e+00 -2.967000000000000019e-03 -1.033799999999999997e-02 -9.999419999999999975e-01 4.075010000000000021e-01 9.131420000000000092e-01 -1.064999999999999974e-02 9.132000000000000117e-01 -4.075090000000000101e-01 1.503999999999999912e-03
7.000000000000000000e+00 2.400000000000000000e+01 9.000000000000000000e+00 0.000000000000000000e+00 1.600000000000000089e+00 -1.853000000000000046e-03 -2.573000000000000200e-03 -9.999949999999999672e-01 4.619150000000000200e-01 8.869190000000000129e-01 -3.138000000000000164e-03 8.869219999999999882e-01 -4.619190000000000240e-01 -4.550000000000000008e-04
1.600000000000000000e+01 2.400000000000000000e+01 9.000000000000000000e+00 0.000000000000000000e+00 1.600000000000000089e+00 -8.189999999999999581e-04 -5.299999999999999807e-04 -1.000000000000000000e+00 4.627839999999999732e-01 8.864710000000000090e-01 -8.490000000000000368e-04 8.864710000000000090e-01 -4.627850000000000019e-01 -4.800000000000000122e-04
2.100000000000000000e+01 2.400000000000000000e+01 9.000000000000000000e+00 0.000000000000000000e+00 1.600000000000000089e+00 -7.429999999999999539e-04 -3.937000000000000395e-03 -9.999919999999999920e-01 4.606069999999999887e-01 8.875960000000000516e-01 -3.837000000000000133e-03 8.876039999999999486e-01 -4.606060000000000154e-01 1.154000000000000078e-03
2.700000000000000000e+01 2.400000000000000000e+01 9.000000000000000000e+00 0.000000000000000000e+00 1.600000000000000089e+00 -3.455000000000000172e-03 -1.272700000000000047e-02 -9.999130000000000518e-01 4.618959999999999733e-01 8.868399999999999617e-01 -1.288399999999999962e-02 8.869270000000000209e-01 -4.618999999999999773e-01 2.814000000000000095e-03
1.800000000000000000e+01 1.020000000000000000e+02 9.000000000000000000e+00 0.000000000000000000e+00 1.600000000000000089e+00 -8.620000000000000275e-04 7.860999999999999932e-03 9.999689999999999968e-01 9.223689999999999944e-01 3.863039999999999807e-01 -2.240999999999999936e-03 -3.863090000000000135e-01 9.223379999999999912e-01 -7.583999999999999596e-03
4.000000000000000000e+00 3.100000000000000000e+01 1.200000000000000000e+01 0.000000000000000000e+00 1.600000000000000089e+00 -1.123000000000000083e-03 -8.390000000000000105e-04 9.999989999999999712e-01 -2.414499999999999980e-02 9.997080000000000410e-01 8.120000000000000048e-04 -9.997080000000000410e-01 -2.414399999999999880e-02 -1.142999999999999919e-03
2.400000000000000000e+01 3.100000000000000000e+01 1.200000000000000000e+01 0.000000000000000000e+00 1.600000000000000089e+00 -3.800000000000000209e-05 -6.605999999999999893e-03 9.999780000000000335e-01 -2.815900000000000000e-02 9.995819999999999705e-01 6.602000000000000229e-03 -9.996030000000000193e-01 -2.815900000000000000e-02 -2.239999999999999966e-04
9.000000000000000000e+00 3.500000000000000000e+01 1.200000000000000000e+01 0.000000000000000000e+00 1.600000000000000089e+00 1.301000000000000073e-03 -5.225999999999999743e-03 -9.999850000000000128e-01 4.695480000000000209e-01 -8.828909999999999814e-01 5.224999999999999610e-03 -8.829059999999999686e-01 -4.695480000000000209e-01 1.304999999999999953e-03
1.500000000000000000e+01 3.500000000000000000e+01 1.200000000000000000e+01 0.000000000000000000e+00 1.600000000000000089e+00 1.154999999999999994e-03 -6.727000000000000340e-03 -9.999770000000000048e-01 4.495680000000000232e-01 -8.932219999999999605e-01 6.527999999999999949e-03 -8.932449999999999557e-01 -4.495649999999999924e-01 1.991999999999999847e-03
2.200000000000000000e+01 3.500000000000000000e+01 1.200000000000000000e+01 0.000000000000000000e+00 1.600000000000000089e+00 -1.810999999999999893e-03 1.583999999999999905e-03 -9.999970000000000248e-01 4.409890000000000199e-01 -8.975100000000000300e-01 -2.220000000000000185e-03 -8.975100000000000300e-01 -4.409919999999999951e-01 9.259999999999999568e-04
2.900000000000000000e+01 3.500000000000000000e+01 1.200000000000000000e+01 0.000000000000000000e+00 1.600000000000000089e+00 2.289999999999999935e-03 3.393999999999999882e-03 -9.999919999999999920e-01 4.492169999999999774e-01 -8.934199999999999919e-01 -2.004000000000000139e-03 -8.934199999999999919e-01 -4.492090000000000249e-01 -3.570999999999999956e-03
1.200000000000000000e+01 4.000000000000000000e+00 1.300000000000000000e+01 0.000000000000000000e+00 1.600000000000000089e+00 3.759999999999999779e-04 -2.202459999999999973e-01 9.754439999999999777e-01 -1.021539999999999948e-01 9.703330000000000011e-01 2.191309999999999925e-01 -9.947690000000000143e-01 -9.972799999999999720e-02 -2.213400000000000090e-02
5.000000000000000000e+00 1.200000000000000000e+01 1.500000000000000000e+01 0.000000000000000000e+00 1.600000000000000089e+00 2.511999999999999910e-03 -8.499999999999999526e-04 -9.999959999999999960e-01 -4.671690000000000009e-01 -8.841679999999999540e-01 -4.220000000000000118e-04 -8.841649999999999787e-01 4.671680000000000277e-01 -2.618000000000000101e-03
8.000000000000000000e+00 1.200000000000000000e+01 1.500000000000000000e+01 0.000000000000000000e+00 1.600000000000000089e+00 2.469999999999999973e-03 -4.229999999999999819e-04 -9.999970000000000248e-01 -4.680210000000000203e-01 -8.837169999999999748e-01 -7.820000000000000345e-04 -8.837139999999999995e-01 4.680219999999999936e-01 -2.380999999999999870e-03
1.000000000000000000e+01 1.200000000000000000e+01 1.500000000000000000e+01 0.000000000000000000e+00 1.600000000000000089e+00 1.497999999999999983e-03 -4.299999999999999894e-04 -9.999989999999999712e-01 -4.682520000000000016e-01 -8.835950000000000193e-01 -3.220000000000000206e-04 -8.835939999999999905e-01 4.682509999999999728e-01 -1.523999999999999964e-03
2.100000000000000000e+01 1.200000000000000000e+01 1.500000000000000000e+01 0.000000000000000000e+00 1.600000000000000089e+00 1.897999999999999948e-03 2.750999999999999973e-03 -9.999940000000000495e-01 -4.701670000000000016e-01 -8.825709999999999944e-01 -3.320000000000000034e-03 -8.825760000000000272e-01 4.701710000000000056e-01 -3.820000000000000153e-04
2.600000000000000000e+01 1.200000000000000000e+01 1.500000000000000000e+01 0.000000000000000000e+00 1.600000000000000089e+00 1.679999999999999907e-04 9.228999999999999357e-03 -9.999569999999999848e-01 -4.702580000000000093e-01 -8.824910000000000254e-01 -8.224000000000000407e-03 -8.825290000000000079e-01 4.702390000000000181e-01 4.192000000000000413e-03
1.000000000000000000e+00 1.100000000000000000e+01 1.600000000000000000e+01 0.000000000000000000e+00 1.600000000000000089e+00 9.970000000000000563e-04 -1.900000000000000105e-04 -9.999989999999999712e-01 -4.181509999999999949e-01 -9.083769999999999900e-01 -2.439999999999999949e-04 -9.083769999999999900e-01 4.181509999999999949e-01 -9.849999999999999815e-04
7.000000000000000000e+00 1.100000000000000000e+01 1.600000000000000000e+01 0.000000000000000000e+00 1.600000000000000089e+00 2.268000000000000051e-03 5.999999999999999474e-04 -9.999970000000000248e-01 -4.203459999999999974e-01 -9.073630000000000306e-01 -1.497999999999999983e-03 -9.073609999999999731e-01 4.203479999999999994e-01 -1.806000000000000097e-03
4.000000000000000000e+00 1.160000000000000000e+02 1.600000000000000000e+01 0.000000000000000000e+00 1.600000000000000089e+00 8.159999999999999936e-04 1.794999999999999938e-03 9.999980000000000535e-01 7.451830000000000398e-01 6.668570000000000331e-01 -1.804999999999999964e-03 -6.668589999999999796e-01 7.451830000000000398e-01 -7.940000000000000009e-04
1.600000000000000000e+01 1.160000000000000000e+02 1.600000000000000000e+01 0.000000000000000000e+00 1.600000000000000089e+00 -3.079000000000000140e-03 -3.566000000000000159e-03 9.999890000000000168e-01 6.926139999999999519e-01 7.212929999999999620e-01 4.704999999999999981e-03 -7.213009999999999700e-01 6.926210000000000422e-01 2.489999999999999809e-04
3.000000000000000000e+01 1.160000000000000000e+02 1.600000000000000000e+01 0.000000000000000000e+00 1.600000000000000089e+00 -4.543000000000000163e-03 -2.200000000000000078e-04 9.999900000000000455e-01 6.621129999999999516e-01 7.493969999999999798e-01 3.173000000000000039e-03 -7.493900000000000006e-01 6.621209999999999596e-01 -3.259000000000000178e-03
3.000000000000000000e+00 2.000000000000000000e+00 1.900000000000000000e+01 0.000000000000000000e+00 1.600000000000000089e+00 -2.671999999999999896e-03 1.384499999999999967e-02 -9.999010000000000398e-01 1.753730000000000011e-01 -9.844009999999999705e-01 -1.409900000000000042e-02 -9.844979999999999842e-01 -1.753929999999999934e-01 2.030000000000000012e-04
8.000000000000000000e+00 2.000000000000000000e+00 1.900000000000000000e+01 0.000000000000000000e+00 1.600000000000000089e+00 -8.640999999999999376e-03 2.399099999999999844e-02 -9.996749999999999803e-01 1.850580000000000003e-01 -9.824049999999999727e-01 -2.517600000000000046e-02 -9.826899999999999524e-01 -1.852149999999999908e-01 4.048999999999999648e-03
1.800000000000000000e+01 2.000000000000000000e+00 1.900000000000000000e+01 0.000000000000000000e+00 1.600000000000000089e+00 -8.496000000000000080e-03 1.292699999999999926e-02 -9.998799999999999910e-01 2.094280000000000030e-01 -9.777179999999999760e-01 -1.442000000000000053e-02 -9.777869999999999617e-01 -2.095249999999999890e-01 5.599999999999999943e-03
2.100000000000000000e+01 2.000000000000000000e+00 1.900000000000000000e+01 0.000000000000000000e+00 1.600000000000000089e+00 -1.428999999999999932e-03 5.904000000000000394e-03 -9.999820000000000375e-01 2.076919999999999877e-01 -9.781750000000000167e-01 -6.072000000000000140e-03 -9.781929999999999792e-01 -2.076969999999999927e-01 1.720000000000000066e-04
2.800000000000000000e+01 2.000000000000000000e+00 1.900000000000000000e+01 0.000000000000000000e+00 1.600000000000000089e+00 4.082999999999999824e-03 -7.764000000000000068e-03 -9.999609999999999888e-01 1.960220000000000018e-01 -9.805629999999999624e-01 8.413999999999999604e-03 -9.805909999999999904e-01 -1.960490000000000010e-01 -2.481999999999999831e-03
7.000000000000000000e+00 1.300000000000000000e+01 2.000000000000000000e+01 0.000000000000000000e+00 1.600000000000000089e+00 -6.899999999999999667e-05 -6.071000000000000008e-03 9.999820000000000375e-01 2.505410000000000137e-01 9.680879999999999486e-01 5.895000000000000066e-03 -9.681060000000000221e-01 2.505370000000000097e-01 1.453999999999999997e-03
1.300000000000000000e+01 1.300000000000000000e+01 2.000000000000000000e+01 0.000000000000000000e+00 1.600000000000000089e+00 -7.699999999999999597e-04 -5.334000000000000200e-03 9.999850000000000128e-01 2.479830000000000090e-01 9.687489999999999712e-01 5.357999999999999916e-03 -9.687639999999999585e-01 2.479840000000000100e-01 5.760000000000000146e-04
2.300000000000000000e+01 1.300000000000000000e+01 2.000000000000000000e+01 0.000000000000000000e+00 1.600000000000000089e+00 3.460000000000000076e-04 1.678000000000000021e-03 9.999989999999999712e-01 2.473299999999999943e-01 9.689299999999999580e-01 -1.711999999999999980e-03 -9.689309999999999867e-01 2.473309999999999953e-01 -7.899999999999999579e-05
4.000000000000000000e+00 1.600000000000000000e+01 2.100000000000000000e+01 0.000000000000000000e+00 1.600000000000000089e+00 -9.899999999999999404e-05 -3.016000000000000018e-03 9.999949999999999672e-01 2.989120000000000110e-01 9.542760000000000131e-01 2.907999999999999995e-03 -9.542810000000000459e-01 2.989109999999999823e-01 8.069999999999999916e-04
7.000000000000000000e+00 1.600000000000000000e+01 2.100000000000000000e+01 0.000000000000000000e+00 1.600000000000000089e+00 -5.890000000000000053e-04 -9.114999999999999838e-03 9.999580000000000135e-01 2.993750000000000022e-01 9.540939999999999976e-01 8.873000000000000678e-03 -9.541349999999999554e-01 2.993680000000000230e-01 2.167000000000000089e-03
1.200000000000000000e+01 1.600000000000000000e+01 2.100000000000000000e+01 0.000000000000000000e+00 1.600000000000000089e+00 -1.306000000000000086e-03 -6.445000000000000208e-03 9.999780000000000335e-01 2.989959999999999840e-01 9.542319999999999691e-01 6.540999999999999939e-03 -9.542530000000000179e-01 2.989979999999999860e-01 6.800000000000000488e-04
1.000000000000000000e+01 5.000000000000000000e+01 2.200000000000000000e+01 0.000000000000000000e+00 1.600000000000000089e+00 -4.000000000000000192e-04 -3.203000000000000118e-03 -9.999949999999999672e-01 -5.800149999999999473e-01 8.146020000000000483e-01 -2.377000000000000206e-03 8.146060000000000523e-01 5.800110000000000543e-01 -2.184000000000000177e-03
5.000000000000000000e+00 4.600000000000000000e+01 2.700000000000000000e+01 0.000000000000000000e+00 1.600000000000000089e+00 1.512000000000000106e-03 -2.620000000000000258e-04 -9.999989999999999712e-01 6.577220000000000288e-01 7.532609999999999584e-01 7.969999999999999654e-04 7.532590000000000119e-01 -6.577220000000000288e-01 1.312000000000000015e-03
9.000000000000000000e+00 4.600000000000000000e+01 2.700000000000000000e+01 0.000000000000000000e+00 1.600000000000000089e+00 -1.132999999999999893e-03 -1.041999999999999958e-03 -9.999989999999999712e-01 6.617199999999999749e-01 7.497500000000000275e-01 -1.531000000000000026e-03 7.497500000000000275e-01 -6.617210000000000036e-01 -1.589999999999999888e-04
1.600000000000000000e+01 4.600000000000000000e+01 2.700000000000000000e+01 0.000000000000000000e+00 1.600000000000000089e+00 -2.079999999999999818e-03 -8.869999999999999846e-04 -9.999970000000000248e-01 6.587589999999999835e-01 7.523520000000000207e-01 -2.037000000000000182e-03 7.523509999999999920e-01 -6.587610000000000410e-01 -9.810000000000001011e-04
2.200000000000000000e+01 4.600000000000000000e+01 2.700000000000000000e+01 0.000000000000000000e+00 1.600000000000000089e+00 -4.099999999999999912e-04 8.670000000000000406e-04 -1.000000000000000000e+00 6.575260000000000549e-01 7.534319999999999906e-01 3.840000000000000097e-04 7.534319999999999906e-01 -6.575250000000000261e-01 -8.790000000000000070e-04
2.800000000000000000e+01 4.600000000000000000e+01 2.700000000000000000e+01 0.000000000000000000e+00 1.600000000000000089e+00 -1.832000000000000078e-03 -2.880000000000000073e-04 -9.999980000000000535e-01 6.545520000000000227e-01 7.560149999999999926e-01 -1.417000000000000074e-03 7.560139999999999638e-01 -6.545539999999999692e-01 -1.196999999999999930e-03
5.000000000000000000e+00 5.800000000000000000e+01 3.100000000000000000e+01 0.000000000000000000e+00 1.600000000000000089e+00 2.892000000000000039e-03 5.015000000000000360e-03 9.999829999999999552e-01 -7.682769999999999877e-01 -6.400949999999999696e-01 5.432000000000000196e-03 6.401109999999999856e-01 -7.682799999999999629e-01 2.001999999999999873e-03
1.000000000000000000e+01 5.800000000000000000e+01 3.100000000000000000e+01 0.000000000000000000e+00 1.600000000000000089e+00 1.485999999999999908e-03 2.285999999999999838e-03 9.999959999999999960e-01 -7.672900000000000276e-01 -6.412949999999999484e-01 2.605999999999999810e-03 6.412980000000000347e-01 -7.672909999999999453e-01 8.009999999999999542e-04
1.300000000000000000e+01 5.800000000000000000e+01 3.100000000000000000e+01 0.000000000000000000e+00 1.600000000000000089e+00 6.239999999999999887e-04 4.670000000000000214e-04 1.000000000000000000e+00 -7.642440000000000344e-01 -6.449270000000000280e-01 7.780000000000000457e-04 6.449270000000000280e-01 -7.642440000000000344e-01 -4.600000000000000004e-05
1.900000000000000000e+01 5.800000000000000000e+01 3.100000000000000000e+01 0.000000000000000000e+00 1.600000000000000089e+00 -7.825000000000000358e-03 -2.892000000000000039e-03 9.999649999999999928e-01 -7.614659999999999762e-01 -6.481580000000000119e-01 -7.832999999999999685e-03 6.481580000000000119e-01 -7.615009999999999835e-01 2.870000000000000155e-03
2.400000000000000000e+01 5.800000000000000000e+01 3.100000000000000000e+01 0.000000000000000000e+00 1.600000000000000089e+00 -2.550000000000000183e-04 1.356000000000000000e-03 9.999989999999999712e-01 -7.639409999999999812e-01 -6.452860000000000262e-01 6.800000000000000488e-04 6.452870000000000550e-01 -7.639399999999999524e-01 1.199999999999999895e-03
3.000000000000000000e+01 5.800000000000000000e+01 3.100000000000000000e+01 0.000000000000000000e+00 1.600000000000000089e+00 3.046000000000000096e-03 9.129999999999999227e-03 9.999540000000000095e-01 -7.655309999999999615e-01 -6.433459999999999734e-01 8.207000000000000753e-03 6.433910000000000462e-01 -7.655210000000000070e-01 5.029999999999999749e-03
3.000000000000000000e+00 4.600000000000000000e+01 3.500000000000000000e+01 0.000000000000000000e+00 1.600000000000000089e+00 6.049999999999999606e-04 -5.435999999999999860e-03 -9.999850000000000128e-01 3.858110000000000150e-01 -9.225630000000000219e-01 5.248000000000000061e-03 -9.225780000000000092e-01 -3.858079999999999843e-01 1.539000000000000003e-03
7.000000000000000000e+00 4.600000000000000000e+01 3.500000000000000000e+01 0.000000000000000000e+00 1.600000000000000089e+00 2.950000000000000148e-04 5.519999999999999733e-04 -1.000000000000000000e+00 3.866189999999999904e-01 -9.222399999999999487e-01 -3.950000000000000061e-04 -9.222399999999999487e-01 -3.866180000000000172e-01 -4.859999999999999954e-04
1.600000000000000000e+01 4.600000000000000000e+01 3.500000000000000000e+01 0.000000000000000000e+00 1.600000000000000089e+00 7.119999999999999593e-04 -3.519999999999999908e-04 -1.000000000000000000e+00 3.859090000000000020e-01 -9.225370000000000514e-01 5.999999999999999474e-04 -9.225360000000000227e-01 -3.859099999999999753e-01 -5.209999999999999788e-04
2.400000000000000000e+01 4.600000000000000000e+01 3.500000000000000000e+01 0.000000000000000000e+00 1.600000000000000089e+00 5.169999999999999899e-04 -1.904000000000000093e-03 -9.999980000000000535e-01 3.866229999999999944e-01 -9.222359999999999447e-01 1.955999999999999839e-03 -9.222380000000000022e-01 -3.866229999999999944e-01 2.599999999999999772e-04
2.600000000000000000e+01 4.600000000000000000e+01 3.500000000000000000e+01 0.000000000000000000e+00 1.600000000000000089e+00 2.449999999999999921e-04 1.953000000000000092e-03 -9.999980000000000535e-01 3.860199999999999743e-01 -9.224890000000000034e-01 -1.706999999999999967e-03 -9.224900000000000322e-01 -3.860190000000000010e-01 -9.790000000000000525e-04
6.000000000000000000e+00 9.500000000000000000e+01 3.600000000000000000e+01 0.000000000000000000e+00 1.600000000000000089e+00 -8.700000000000000051e-04 8.632000000000000783e-03 9.999620000000000175e-01 9.965950000000000086e-01 8.244899999999999451e-02 1.559999999999999972e-04 -8.244500000000000439e-02 9.965580000000000549e-01 -8.673999999999999419e-03
9.000000000000000000e+00 9.500000000000000000e+01 3.600000000000000000e+01 0.000000000000000000e+00 1.600000000000000089e+00 -9.120000000000000502e-04 1.562200000000000047e-02 9.998780000000000445e-01 9.970379999999999798e-01 7.691599999999999826e-02 -2.919999999999999961e-04 -7.691099999999999326e-02 9.969149999999999956e-01 -1.564600000000000019e-02
1.700000000000000000e+01 9.500000000000000000e+01 3.600000000000000000e+01 0.000000000000000000e+00 1.600000000000000089e+00 -1.275000000000000092e-03 -2.627600000000000074e-02 9.996540000000000425e-01 9.976089999999999680e-01 6.904399999999999427e-02 3.086999999999999900e-03 -6.910099999999999576e-02 9.972670000000000146e-01 2.612499999999999892e-02
2.700000000000000000e+01 9.500000000000000000e+01 3.600000000000000000e+01 0.000000000000000000e+00 1.600000000000000089e+00 -1.856000000000000011e-03 2.403000000000000188e-03 9.999949999999999672e-01 9.976709999999999745e-01 6.818599999999999661e-02 1.686999999999999915e-03 -6.818100000000000549e-02 9.976699999999999458e-01 -2.524000000000000202e-03
1.400000000000000000e+01 3.000000000000000000e+00 4.300000000000000000e+01 0.000000000000000000e+00 1.600000000000000089e+00 -5.770000000000000389e-04 6.657999999999999856e-03 -9.999780000000000335e-01 7.384920000000000373e-01 -6.742449999999999832e-01 -4.915000000000000098e-03 -6.742620000000000280e-01 -7.384779999999999678e-01 -4.527999999999999907e-03
2.300000000000000000e+01 3.000000000000000000e+00 4.300000000000000000e+01 0.000000000000000000e+00 1.600000000000000089e+00 6.899999999999999667e-04 3.217999999999999940e-03 -9.999949999999999672e-01 7.362520000000000175e-01 -6.767060000000000297e-01 -1.668999999999999911e-03 -6.767069999999999474e-01 -7.362469999999999848e-01 -2.835999999999999979e-03
2.800000000000000000e+01 3.000000000000000000e+00 4.300000000000000000e+01 0.000000000000000000e+00 1.600000000000000089e+00 -1.201000000000000028e-03 -6.746000000000000260e-03 -9.999770000000000048e-01 7.390050000000000230e-01 -6.736900000000000110e-01 3.657000000000000094e-03 -6.736990000000000478e-01 -7.389829999999999455e-01 5.794999999999999804e-03
8.000000000000000000e+00 8.000000000000000000e+00 4.400000000000000000e+01 0.000000000000000000e+00 1.600000000000000089e+00 3.300000000000000253e-05 -1.611000000000000019e-03 9.999989999999999712e-01 -7.819920000000000204e-01 -6.232870000000000354e-01 -9.779999999999999197e-04 6.232879999999999532e-01 -7.819909999999999917e-01 -1.280000000000000105e-03
1.200000000000000000e+01 8.000000000000000000e+00 4.400000000000000000e+01 0.000000000000000000e+00 1.600000000000000089e+00 1.010999999999999963e-03 2.298999999999999828e-03 9.999970000000000248e-01 -7.821270000000000167e-01 -6.231160000000000032e-01 2.223000000000000149e-03 6.231189999999999785e-01 -7.821259999999999879e-01 1.167999999999999984e-03
1.600000000000000000e+01 8.000000000000000000e+00 4.400000000000000000e+01 0.000000000000000000e+00 1.600000000000000089e+00 2.677000000000000126e-03 4.082999999999999824e-03 9.999879999999999880e-01 -7.836980000000000057e-01 -6.211240000000000094e-01 4.634000000000000098e-03 6.211360000000000214e-01 -7.837009999999999810e-01 1.536999999999999955e-03
1.800000000000000000e+01 8.000000000000000000e+00 4.400000000000000000e+01 0.000000000000000000e+00 1.600000000000000089e+00 2.150000000000000001e-03 4.196000000000000077e-03 9.999890000000000168e-01 -7.826300000000000479e-01 -6.224720000000000253e-01 4.295000000000000207e-03 6.224830000000000085e-01 -7.826309999999999656e-01 1.946000000000000030e-03
6.000000000000000000e+00 2.900000000000000000e+01 4.400000000000000000e+01 0.000000000000000000e+00 1.600000000000000089e+00 -7.969999999999999654e-04 2.004000000000000139e-03 -9.999980000000000535e-01 6.697100000000000275e-01 7.426220000000000043e-01 9.550000000000000112e-04 7.426220000000000043e-01 -6.697079999999999700e-01 -1.933999999999999955e-03
1.100000000000000000e+01 2.900000000000000000e+01 4.400000000000000000e+01 0.000000000000000000e+00 1.600000000000000089e+00 -3.400000000000000244e-04 -5.450000000000000200e-04 -1.000000000000000000e+00 6.729779999999999651e-01 7.396620000000000417e-01 -6.319999999999999663e-04 7.396620000000000417e-01 -6.729779999999999651e-01 1.150000000000000035e-04
2.000000000000000000e+01 2.900000000000000000e+01 4.400000000000000000e+01 0.000000000000000000e+00 1.600000000000000089e+00 7.370000000000000249e-04 -1.410000000000000012e-03 -9.999989999999999712e-01 6.723179999999999712e-01 7.402619999999999756e-01 -5.479999999999999845e-04 7.402619999999999756e-01 -6.723170000000000535e-01 1.494000000000000102e-03
2.600000000000000000e+01 2.900000000000000000e+01 4.400000000000000000e+01 0.000000000000000000e+00 1.600000000000000089e+00 -4.789999999999999879e-04 -1.856999999999999927e-03 -9.999980000000000535e-01 6.724550000000000249e-01 7.401360000000000161e-01 -1.696000000000000025e-03 7.401379999999999626e-01 -6.724550000000000249e-01 8.949999999999999623e-04
6.000000000000000000e+00 5.400000000000000000e+01 4.600000000000000000e+01 0.000000000000000000e+00 1.600000000000000089e+00 -1.701999999999999954e-03 7.649999999999999465e-04 9.999980000000000535e-01 3.283929999999999905e-01 -9.445400000000000462e-01 1.281999999999999936e-03 9.445400000000000462e-01 3.283940000000000192e-01 1.356999999999999916e-03
1.000000000000000000e+01 6.000000000000000000e+00 5.100000000000000000e+01 0.000000000000000000e+00 1.600000000000000089e+00 -3.119999999999999944e-04 -4.000000000000000192e-04 -1.000000000000000000e+00 3.301709999999999923e-01 -9.439210000000000100e-01 2.739999999999999923e-04 -9.439210000000000100e-01 -3.301709999999999923e-01 4.270000000000000249e-04
2.900000000000000000e+01 6.000000000000000000e+00 5.100000000000000000e+01 0.000000000000000000e+00 1.600000000000000089e+00 -3.436999999999999951e-03 -6.610000000000000207e-04 -9.999940000000000495e-01 3.172420000000000240e-01 -9.483449999999999935e-01 -4.629999999999999784e-04 -9.483380000000000143e-01 -3.172420000000000240e-01 3.468999999999999861e-03
2.400000000000000000e+01 7.000000000000000000e+00 5.200000000000000000e+01 0.000000000000000000e+00 1.600000000000000089e+00 2.930000000000000204e-04 -3.874999999999999972e-03 -9.999919999999999920e-01 1.197509999999999963e-01 -9.927960000000000118e-01 3.882000000000000034e-03 -9.928040000000000198e-01 -1.197509999999999963e-01 1.730000000000000038e-04
4.000000000000000000e+00 6.300000000000000000e+01 5.400000000000000000e+01 0.000000000000000000e+00 1.600000000000000089e+00 4.040000000000000080e-04 1.726000000000000104e-03 9.999980000000000535e-01 -3.554089999999999749e-01 9.347100000000000408e-01 -1.469999999999999953e-03 -9.347109999999999586e-01 -3.554080000000000017e-01 9.909999999999999105e-04
1.000000000000000000e+01 6.300000000000000000e+01 5.400000000000000000e+01 0.000000000000000000e+00 1.600000000000000089e+00 4.859999999999999954e-04 -4.279999999999999950e-04 1.000000000000000000e+00 -3.491630000000000011e-01 9.370619999999999505e-01 5.699999999999999772e-04 -9.370619999999999505e-01 -3.491630000000000011e-01 3.060000000000000111e-04
1.200000000000000000e+01 6.300000000000000000e+01 5.400000000000000000e+01 0.000000000000000000e+00 1.600000000000000089e+00 1.190000000000000085e-03 -1.430000000000000064e-04 9.999989999999999712e-01 -3.468200000000000172e-01 9.379309999999999592e-01 5.469999999999999602e-04 -9.379309999999999592e-01 -3.468209999999999904e-01 1.067000000000000023e-03
1.600000000000000000e+01 6.300000000000000000e+01 5.400000000000000000e+01 0.000000000000000000e+00 1.600000000000000089e+00 5.879999999999999810e-04 3.110000000000000243e-04 1.000000000000000000e+00 -3.476429999999999798e-01 9.376269999999999882e-01 -8.700000000000000051e-05 -9.376269999999999882e-01 -3.476429999999999798e-01 6.589999999999999721e-04
2.000000000000000000e+01 6.300000000000000000e+01 5.400000000000000000e+01 0.000000000000000000e+00 1.600000000000000089e+00 1.378000000000000102e-03 8.260000000000000198e-04 9.999989999999999712e-01 -3.517930000000000224e-01 9.360779999999999657e-01 -2.880000000000000073e-04 -9.360770000000000479e-01 -3.517919999999999936e-01 1.580000000000000024e-03
2.400000000000000000e+01 6.300000000000000000e+01 5.400000000000000000e+01 0.000000000000000000e+00 1.600000000000000089e+00 9.470000000000000336e-04 -3.050999999999999893e-03 9.999949999999999672e-01 -3.588060000000000138e-01 9.334069999999999867e-01 3.187999999999999862e-03 -9.334120000000000195e-01 -3.588069999999999871e-01 -2.110000000000000059e-04
2.900000000000000000e+01 6.300000000000000000e+01 5.400000000000000000e+01 0.000000000000000000e+00 1.600000000000000089e+00 7.380000000000000492e-04 -1.951000000000000043e-03 9.999980000000000535e-01 -3.648230000000000084e-01 9.310739999999999572e-01 2.086000000000000180e-03 -9.310760000000000147e-01 -3.648239999999999816e-01 -2.500000000000000120e-05
1.100000000000000000e+01 2.500000000000000000e+01 5.500000000000000000e+01 0.000000000000000000e+00 1.600000000000000089e+00 1.382999999999999898e-03 -4.279999999999999950e-03 -9.999900000000000455e-01 -1.124299999999999952e-02 -9.999280000000000390e-01 4.264000000000000429e-03 -9.999360000000000470e-01 1.123700000000000046e-02 -1.430999999999999980e-03
1.600000000000000000e+01 2.500000000000000000e+01 5.500000000000000000e+01 0.000000000000000000e+00 1.600000000000000089e+00 -6.629999999999999609e-04 3.669999999999999760e-04 -1.000000000000000000e+00 -1.155600000000000030e-02 -9.999329999999999607e-01 -3.600000000000000227e-04 -9.999329999999999607e-01 1.155600000000000030e-02 6.669999999999999497e-04
2.000000000000000000e+01 2.500000000000000000e+01 5.500000000000000000e+01 0.000000000000000000e+00 1.600000000000000089e+00 -9.359999999999999831e-04 4.749999999999999990e-04 -9.999989999999999712e-01 -1.161500000000000032e-02 -9.999320000000000430e-01 -4.640000000000000027e-04 -9.999320000000000430e-01 1.161399999999999932e-02 9.409999999999999962e-04
2.500000000000000000e+01 2.500000000000000000e+01 5.500000000000000000e+01 0.000000000000000000e+00 1.600000000000000089e+00 -4.539999999999999765e-04 1.291000000000000047e-03 -9.999989999999999712e-01 -1.142600000000000039e-02 -9.999339999999999895e-01 -1.286000000000000034e-03 -9.999350000000000183e-01 1.142600000000000039e-02 4.679999999999999915e-04
2.800000000000000000e+01 2.500000000000000000e+01 5.500000000000000000e+01 0.000000000000000000e+00 1.600000000000000089e+00 6.920000000000000153e-04 4.689999999999999725e-03 -9.999890000000000168e-01 -1.200900000000000058e-02 -9.999169999999999447e-01 -4.697999999999999919e-03 -9.999280000000000390e-01 1.201200000000000011e-02 -6.350000000000000392e-04
1.800000000000000000e+01 6.800000000000000000e+01 5.700000000000000000e+01 0.000000000000000000e+00 1.600000000000000089e+00 2.730000000000000222e-04 -2.995999999999999965e-03 -9.999949999999999672e-01 -2.446810000000000096e-01 -9.695989999999999887e-01 2.837999999999999811e-03 -9.696040000000000214e-01 2.446790000000000076e-01 -9.979999999999999722e-04
2.500000000000000000e+01 6.800000000000000000e+01 5.700000000000000000e+01 0.000000000000000000e+00 1.600000000000000089e+00 1.778999999999999982e-03 -4.592999999999999861e-03 -9.999879999999999880e-01 -2.446079999999999921e-01 -9.696139999999999759e-01 4.017999999999999870e-03 -9.696200000000000374e-01 2.445980000000000099e-01 -2.848999999999999970e-03
5.000000000000000000e+00 2.100000000000000000e+01 6.000000000000000000e+01 0.000000000000000000e+00 1.600000000000000089e+00 3.570000000000000040e-04 -1.618000000000000081e-03 9.999989999999999712e-01 -9.458800000000000541e-02 9.955150000000000388e-01 1.644000000000000062e-03 -9.955159999999999565e-01 -9.458800000000000541e-02 2.020000000000000040e-04
1.100000000000000000e+01 2.100000000000000000e+01 6.000000000000000000e+01 0.000000000000000000e+00 1.600000000000000089e+00 -4.249999999999999763e-04 -3.390999999999999917e-03 9.999940000000000495e-01 -9.781600000000000017e-02 9.951989999999999448e-01 3.333000000000000025e-03 -9.952039999999999775e-01 -9.781399999999999817e-02 -7.550000000000000287e-04
1.600000000000000000e+01 2.100000000000000000e+01 6.000000000000000000e+01 0.000000000000000000e+00 1.600000000000000089e+00 -9.200000000000000007e-05 4.649999999999999620e-03 9.999890000000000168e-01 -9.743100000000000371e-02 9.952320000000000055e-01 -4.636999999999999629e-03 -9.952419999999999600e-01 -9.743000000000000271e-02 3.620000000000000171e-04
1.400000000000000000e+01 6.000000000000000000e+00 6.100000000000000000e+01 0.000000000000000000e+00 1.600000000000000089e+00 4.034000000000000259e-03 -3.016000000000000018e-03 9.999869999999999592e-01 5.685470000000000246e-01 -8.226369999999999516e-01 -4.774999999999999731e-03 8.226409999999999556e-01 5.685590000000000366e-01 -1.603999999999999957e-03
2.000000000000000000e+00 3.000000000000000000e+00 6.300000000000000000e+01 0.000000000000000000e+00 1.600000000000000089e+00 1.359999999999999989e-04 -6.834999999999999930e-03 9.999770000000000048e-01 -6.192980000000000151e-01 7.851369999999999738e-01 5.451000000000000116e-03 -7.851559999999999651e-01 -6.192839999999999456e-01 -4.126000000000000327e-03
9.000000000000000000e+00 3.000000000000000000e+00 6.300000000000000000e+01 0.000000000000000000e+00 1.600000000000000089e+00 -5.940000000000000184e-04 -2.959999999999999849e-04 1.000000000000000000e+00 -6.193889999999999674e-01 7.850840000000000041e-01 -1.359999999999999989e-04 -7.850840000000000041e-01 -6.193889999999999674e-01 -6.499999999999999702e-04
2.200000000000000000e+01 3.000000000000000000e+00 6.300000000000000000e+01 0.000000000000000000e+00 1.600000000000000089e+00 2.624000000000000030e-03 -3.374999999999999962e-03 9.999909999999999632e-01 -6.159080000000000110e-01 7.878060000000000063e-01 4.275000000000000154e-03 -7.878140000000000143e-01 -6.159139999999999615e-01 -1.099999999999999971e-05
1.000000000000000000e+00 2.700000000000000000e+01 6.300000000000000000e+01 0.000000000000000000e+00 1.600000000000000089e+00 -3.384999999999999988e-03 1.074999999999999914e-02 9.999360000000000470e-01 -2.723479999999999790e-01 9.621330000000000160e-01 -1.126599999999999997e-02 -9.621929999999999650e-01 -2.723690000000000278e-01 -3.289999999999999739e-04
