9.000000000000000000e+00 2.500000000000000000e+01 1.000000000000000000e+00 0.000000000000000000e+00 1.600000000000000089e+00 2.314000000000000085e-03 7.940000000000000009e-04 -9.999970000000000248e-01 -5.367520000000000069e-01 -8.437379999999999880e-01 -1.912000000000000071e-03 -8.437369999999999592e-01 5.367549999999999821e-01 -1.526000000000000013e-03
1.600000000000000000e+01 2.500000000000000000e+01 1.000000000000000000e+00 0.000000000000000000e+00 1.600000000000000089e+00 -1.281999999999999936e-03 -1.557999999999999923e-03 -9.999980000000000535e-01 -5.350470000000000503e-01 -8.448200000000000154e-01 2.001999999999999873e-03 -8.448219999999999619e-01 5.350479999999999681e-01 2.489999999999999809e-04
2.200000000000000000e+01 2.500000000000000000e+01 1.000000000000000000e+00 0.000000000000000000e+00 1.600000000000000089e+00 -9.219999999999999680e-04 -1.515000000000000071e-03 -9.999980000000000535e-01 -5.301270000000000149e-01 -8.479170000000000318e-01 1.773000000000000053e-03 -8.479179999999999495e-01 5.301270000000000149e-01 -2.099999999999999884e-05
2.900000000000000000e+01 2.500000000000000000e+01 1.000000000000000000e+00 0.000000000000000000e+00 1.600000000000000089e+00 2.210000000000000050e-04 -5.003999999999999768e-03 -9.999869999999999592e-01 -5.304910000000000458e-01 -8.476810000000000178e-01 4.124000000000000062e-03 -8.476909999999999723e-01 5.304830000000000378e-01 -2.841000000000000209e-03
1.000000000000000000e+00 3.000000000000000000e+00 4.000000000000000000e+00 0.000000000000000000e+00 1.600000000000000089e+00 6.642199999999999493e-02 8.758999999999999425e-03 -9.977530000000000010e-01 -8.962099999999999511e-01 -4.390589999999999771e-01 -6.351600000000000301e-02 -4.386289999999999911e-01 8.984149999999999636e-01 -2.131299999999999861e-02
2.000000000000000000e+00 1.500000000000000000e+01 4.000000000000000000e+00 0.000000000000000000e+00 1.600000000000000089e+00 -1.325999999999999922e-03 2.726000000000000124e-03 9.999949999999999672e-01 3.283490000000000020e-01 -9.445519999999999472e-01 3.010999999999999788e-03 9.445559999999999512e-01 3.283510000000000040e-01 3.579999999999999741e-04
8.000000000000000000e+00 1.500000000000000000e+01 4.000000000000000000e+00 0.000000000000000000e+00 1.600000000000000089e+00 -2.635000000000000189e-03 -2.641000000000000118e-03 9.999930000000000208e-01 3.226919999999999789e-01 -9.465029999999999832e-01 -1.649000000000000075e-03 9.465000000000000080e-01 3.226849999999999996e-01 3.346000000000000016e-03
1.400000000000000000e+01 1.500000000000000000e+01 4.000000000000000000e+00 0.000000000000000000e+00 1.600000000000000089e+00 2.442000000000000160e-03 7.015999999999999667e-03 9.999719999999999720e-01 3.214469999999999827e-01 -9.469100000000000295e-01 5.858999999999999625e-03 9.469250000000000167e-01 3.214230000000000143e-01 -4.568000000000000012e-03
2.200000000000000000e+01 1.500000000000000000e+01 4.000000000000000000e+00 0.000000000000000000e+00 1.600000000000000089e+00 -4.268000000000000092e-03 -9.620999999999999344e-03 9.999449999999999728e-01 3.200799999999999756e-01 -9.473589999999999511e-01 -7.748999999999999812e-03 9.473810000000000286e-01 3.200290000000000079e-01 7.122999999999999991e-03
2.700000000000000000e+01 1.500000000000000000e+01 4.000000000000000000e+00 0.000000000000000000e+00 1.600000000000000089e+00 3.150000000000000131e-04 -7.978000000000000716e-03 9.999679999999999680e-01 3.175890000000000102e-01 -9.481979999999999853e-01 -7.664999999999999938e-03 9.482289999999999885e-01 3.175810000000000022e-01 2.235000000000000007e-03
7.000000000000000000e+00 1.600000000000000000e+01 4.000000000000000000e+00 0.000000000000000000e+00 1.600000000000000089e+00 -2.670000000000000064e-03 -3.236999999999999860e-03 9.999909999999999632e-01 3.962809999999999944e-01 -9.181270000000000264e-01 -1.913999999999999903e-03 9.181259999999999977e-01 3.962720000000000131e-01 3.735000000000000039e-03
1.300000000000000000e+01 1.600000000000000000e+01 4.000000000000000000e+00 0.000000000000000000e+00 1.600000000000000089e+00 1.307999999999999918e-03 5.734000000000000381e-03 9.999829999999999552e-01 3.936459999999999959e-01 -9.192500000000000115e-01 4.755999999999999811e-03 9.192609999999999948e-01 3.936330000000000107e-01 -3.459999999999999968e-03
1.000000000000000000e+00 1.010000000000000000e+02 7.000000000000000000e+00 0.000000000000000000e+00 1.600000000000000089e+00 1.685000000000000083e-03 5.278999999999999838e-03 9.999850000000000128e-01 8.850209999999999466e-01 4.655340000000000034e-01 -3.949000000000000253e-03 -4.655469999999999886e-01 8.850139999999999674e-01 -3.886999999999999830e-03
7.000000000000000000e+00 1.010000000000000000e+02 7.000000000000000000e+00 0.000000000000000000e+00 1.600000000000000089e+00 2.089000000000000145e-03 8.790000000000000070e-04 9.999970000000000248e-01 8.861580000000000013e-01 4.633769999999999833e-01 -2.259000000000000157e-03 -4.633780000000000121e-01 8.861609999999999765e-01 1.890000000000000133e-04
1.200000000000000000e+01 1.010000000000000000e+02 7.000000000000000000e+00 0.000000000000000000e+00 1.600000000000000089e+00 2.540999999999999856e-03 -1.531300000000000022e-02 9.998799999999999910e-01 8.866380000000000372e-01 4.624400000000000177e-01 4.828999999999999959e-03 -4.624579999999999802e-01 8.865189999999999459e-01 1.475199999999999949e-02
1.800000000000000000e+01 1.010000000000000000e+02 7.000000000000000000e+00 0.000000000000000000e+00 1.600000000000000089e+00 -6.170000000000000354e-04 -1.479899999999999965e-02 9.998899999999999455e-01 8.894440000000000124e-01 4.569860000000000033e-01 7.313000000000000056e-03 -4.570449999999999791e-01 8.893510000000000026e-01 1.288100000000000009e-02
2.200000000000000000e+01 1.010000000000000000e+02 7.000000000000000000e+00 0.000000000000000000e+00 1.600000000000000089e+00 1.136000000000000074e-03 -1.461199999999999999e-02 9.998930000000000318e-01 8.890400000000000524e-01 4.577950000000000075e-01 5.680000000000000153e-03 -4.578280000000000127e-01 8.889380000000000059e-01 1.350999999999999944e-02
2.000000000000000000e+00 2.500000000000000000e+01 8.000000000000000000e+00 0.000000000000000000e+00 1.600000000000000089e+00 -2.480000000000000108e-04 2.039999999999999984e-04 -1.000000000000000000e+00 4.477659999999999973e-01 8.941510000000000291e-01 7.100000000000000462e-05 8.941510000000000291e-01 -4.477659999999999973e-01 -3.130000000000000187e-04
6.000000000000000000e+00 2.500000000000000000e+01 8.000000000000000000e+00 0.000000000000000000e+00 1.600000000000000089e+00 -1.155999999999999910e-03 -4.905999999999999771e-03 -9.999869999999999592e-01 4.483460000000000223e-01 8.938469999999999471e-01 -4.904000000000000373e-03 8.938589999999999591e-01 -4.483460000000000223e-01 1.165999999999999936e-03
1.400000000000000000e+01 2.500000000000000000e+01 8.000000000000000000e+00 0.000000000000000000e+00 1.600000000000000089e+00 2.669999999999999847e-04 1.342000000000000094e-03 -9.999989999999999712e-01 4.499489999999999879e-01 8.930529999999999857e-01 1.319000000000000077e-03 8.930540000000000145e-01 -4.499489999999999879e-01 -3.649999999999999816e-04
1.900000000000000000e+01 2.500000000000000000e+01 8.000000000000000000e+00 0.000000000000000000e+00 1.600000000000000089e+00 2.760999999999999999e-03 1.108000000000000044e-03 -9.999959999999999960e-01 4.499750000000000139e-01 8.930390000000000272e-01 2.232000000000000043e-03 8.930369999999999697e-01 -4.499790000000000179e-01 1.966999999999999998e-03
2.500000000000000000e+01 2.500000000000000000e+01 8.000000000000000000e+00 0.000000000000000000e+00 1.600000000000000089e+00 -5.000000000000000104e-04 6.153999999999999748e-03 -9.999810000000000088e-01 4.443610000000000060e-01 8.958319999999999617e-01 5.290000000000000431e-03 8.958479999999999777e-01 -4.443500000000000227e-01 -3.181999999999999933e-03
2.900000000000000000e+01 2.500000000000000000e+01 8.000000000000000000e+00 0.000000000000000000e+00 1.600000000000000089e+00 -5.789999999999999791e-04 7.071000000000000028e-03 -9.999749999999999472e-01 4.431069999999999731e-01 8.964480000000000226e-01 6.082999999999999866e-03 8.964680000000000426e-01 -4.430930000000000146e-01 -3.651999999999999864e-03
6.000000000000000000e+00 2.400000000000000000e+01 9.000000000000000000e+00 0.000000000000000000e+00 1.600000000000000089e+00 -1.111999999999999924e-03 -5.610999999999999668e-03 -9.999839999999999840e-01 4.543630000000000169e-01 8.908000000000000362e-01 -5.503000000000000079e-03 8.908160000000000522e-01 -4.543619999999999881e-01 1.559000000000000056e-03
1.400000000000000000e+01 2.400000000000000000e+01 9.000000000000000000e+00 0.000000000000000000e+00 1.600000000000000089e+00 3.029999999999999924e-04 4.600000000000000139e-04 -1.000000000000000000e+00 4.548280000000000101e-01 8.905790000000000095e-01 5.479999999999999845e-04 8.905790000000000095e-01 -4.548280000000000101e-01 6.099999999999999872e-05
1.700000000000000000e+01 2.400000000000000000e+01 9.000000000000000000e+00 0.000000000000000000e+00 1.600000000000000089e+00 1.199999999999999895e-03 1.923999999999999929e-03 -9.999970000000000248e-01 4.554279999999999995e-01 8.902700000000000058e-01 2.259999999999999856e-03 8.902719999999999523e-01 -4.554300000000000015e-01 1.920000000000000049e-04
2.000000000000000000e+01 2.400000000000000000e+01 9.000000000000000000e+00 0.000000000000000000e+00 1.600000000000000089e+00 2.736000000000000151e-03 4.899999999999999842e-04 -9.999959999999999960e-01 4.550150000000000028e-01 8.904819999999999958e-01 1.681999999999999901e-03 8.904790000000000205e-01 -4.550179999999999780e-01 2.213999999999999822e-03
2.600000000000000000e+01 2.400000000000000000e+01 9.000000000000000000e+00 0.000000000000000000e+00 1.600000000000000089e+00 -2.110000000000000059e-04 8.366000000000000172e-03 -9.999649999999999928e-01 4.495790000000000064e-01 8.932099999999999485e-01 7.379000000000000142e-03 8.932409999999999517e-01 -4.495609999999999884e-01 -3.950000000000000386e-03
2.000000000000000000e+00 3.100000000000000000e+01 1.200000000000000000e+01 0.000000000000000000e+00 1.600000000000000089e+00 -1.599999999999999928e-05 2.039000000000000014e-03 9.999980000000000535e-01 -9.806999999999999745e-03 9.999500000000000055e-01 -2.039000000000000014e-03 -9.999519999999999520e-01 -9.806999999999999745e-03 3.999999999999999819e-06
1.100000000000000000e+01 3.100000000000000000e+01 1.200000000000000000e+01 0.000000000000000000e+00 1.600000000000000089e+00 4.319999999999999838e-04 -1.010000000000000047e-03 9.999989999999999712e-01 -1.037599999999999981e-02 9.999460000000000015e-01 1.013999999999999927e-03 -9.999460000000000015e-01 -1.037599999999999981e-02 4.220000000000000118e-04
2.800000000000000000e+01 3.100000000000000000e+01 1.200000000000000000e+01 0.000000000000000000e+00 1.600000000000000089e+00 2.763999999999999964e-03 -5.660000000000000100e-03 9.999799999999999800e-01 -7.098000000000000143e-03 9.999590000000000423e-01 5.680000000000000153e-03 -9.999710000000000543e-01 -7.113999999999999664e-03 2.723999999999999859e-03
6.000000000000000000e+00 3.500000000000000000e+01 1.200000000000000000e+01 0.000000000000000000e+00 1.600000000000000089e+00 -7.190000000000000210e-04 1.069000000000000072e-03 -9.999989999999999712e-01 5.122569999999999624e-01 -8.588310000000000111e-01 -1.286000000000000034e-03 -8.588320000000000398e-01 -5.122579999999999911e-01 6.999999999999999387e-05
1.000000000000000000e+01 3.500000000000000000e+01 1.200000000000000000e+01 0.000000000000000000e+00 1.600000000000000089e+00 -4.420000000000000101e-04 -1.884999999999999957e-03 -9.999980000000000535e-01 5.036739999999999551e-01 -8.638919999999999932e-01 1.405999999999999915e-03 -8.638940000000000508e-01 -5.036730000000000373e-01 1.330999999999999935e-03
1.400000000000000000e+01 3.500000000000000000e+01 1.200000000000000000e+01 0.000000000000000000e+00 1.600000000000000089e+00 6.068999999999999742e-03 -4.834999999999999888e-03 -9.999700000000000255e-01 4.968790000000000151e-01 -8.677899999999999503e-01 7.211000000000000396e-03 -8.677989999999999871e-01 -4.969080000000000163e-01 -2.863999999999999792e-03
1.900000000000000000e+01 3.500000000000000000e+01 1.200000000000000000e+01 0.000000000000000000e+00 1.600000000000000089e+00 6.650000000000000095e-04 -1.810000000000000085e-04 -1.000000000000000000e+00 5.104239999999999888e-01 -8.599229999999999929e-01 4.949999999999999973e-04 -8.599229999999999929e-01 -5.104239999999999888e-01 -4.789999999999999879e-04
2.300000000000000000e+01 3.500000000000000000e+01 1.200000000000000000e+01 0.000000000000000000e+00 1.600000000000000089e+00 -1.850999999999999998e-03 -3.710000000000000190e-04 -9.999980000000000535e-01 5.262769999999999948e-01 -8.503129999999999855e-01 -6.589999999999999721e-04 -8.503110000000000390e-01 -5.262769999999999948e-01 1.768999999999999956e-03
1.000000000000000000e+00 3.200000000000000000e+01 1.400000000000000000e+01 0.000000000000000000e+00 1.600000000000000089e+00 2.520999999999999804e-03 4.798000000000000181e-03 -9.999850000000000128e-01 1.061310000000000031e-01 9.943389999999999729e-01 5.039000000000000076e-03 9.943490000000000384e-01 -1.061420000000000002e-01 1.997000000000000077e-03
5.000000000000000000e+00 1.200000000000000000e+01 1.500000000000000000e+01 0.000000000000000000e+00 1.600000000000000089e+00 -3.229999999999999907e-04 6.324999999999999893e-03 -9.999799999999999800e-01 -4.694169999999999732e-01 -8.829599999999999671e-01 -5.433000000000000329e-03 -8.829759999999999831e-01 4.694059999999999899e-01 3.255000000000000081e-03
1.200000000000000000e+01 1.200000000000000000e+01 1.500000000000000000e+01 0.000000000000000000e+00 1.600000000000000089e+00 3.620000000000000171e-04 2.775000000000000123e-03 -9.999959999999999960e-01 -4.688459999999999850e-01 -8.832759999999999501e-01 -2.621000000000000066e-03 -8.832799999999999541e-01 4.688450000000000117e-01 9.810000000000001011e-04
1.800000000000000000e+01 1.200000000000000000e+01 1.500000000000000000e+01 0.000000000000000000e+00 1.600000000000000089e+00 3.440000000000000132e-04 -4.670999999999999805e-03 -9.999890000000000168e-01 -4.679099999999999926e-01 -8.837669999999999693e-01 3.967000000000000040e-03 -8.837760000000000060e-01 4.679030000000000133e-01 -2.488999999999999893e-03
2.300000000000000000e+01 1.200000000000000000e+01 1.500000000000000000e+01 0.000000000000000000e+00 1.600000000000000089e+00 -9.070000000000000371e-04 -2.782000000000000185e-03 -9.999959999999999960e-01 -4.666620000000000212e-01 -8.844309999999999672e-01 2.883000000000000146e-03 -8.844349999999999712e-01 4.666629999999999945e-01 -4.960000000000000216e-04
3.000000000000000000e+01 1.200000000000000000e+01 1.500000000000000000e+01 0.000000000000000000e+00 1.600000000000000089e+00 2.684000000000000188e-03 -2.467000000000000009e-03 -9.999930000000000208e-01 -4.660880000000000023e-01 -8.847380000000000244e-01 9.319999999999999942e-04 -8.847340000000000204e-01 4.660819999999999963e-01 -3.524999999999999922e-03
4.000000000000000000e+00 1.100000000000000000e+01 1.600000000000000000e+01 0.000000000000000000e+00 1.600000000000000089e+00 -1.840000000000000001e-04 3.950000000000000386e-03 -9.999919999999999920e-01 -4.109740000000000060e-01 -9.116400000000000059e-01 -3.526000000000000054e-03 -9.116469999999999851e-01 4.109700000000000020e-01 1.791000000000000057e-03
2.300000000000000000e+01 1.100000000000000000e+01 1.600000000000000000e+01 0.000000000000000000e+00 1.600000000000000089e+00 -4.209999999999999875e-04 -3.484000000000000118e-03 -9.999940000000000495e-01 -4.082799999999999763e-01 -9.128509999999999680e-01 3.351999999999999945e-03 -9.128570000000000295e-01 4.082790000000000030e-01 -1.038000000000000077e-03
2.700000000000000000e+01 1.100000000000000000e+01 1.600000000000000000e+01 0.000000000000000000e+00 1.600000000000000089e+00 1.309000000000000051e-03 -5.039000000000000076e-03 -9.999860000000000415e-01 -4.069130000000000247e-01 -9.134579999999999922e-01 4.069999999999999833e-03 -9.134660000000000002e-01 4.069030000000000147e-01 -3.246000000000000187e-03
5.000000000000000000e+00 1.160000000000000000e+02 1.600000000000000000e+01 0.000000000000000000e+00 1.600000000000000089e+00 -6.489999999999999459e-04 -1.984999999999999785e-03 9.999980000000000535e-01 7.546429999999999527e-01 6.561339999999999950e-01 1.793000000000000106e-03 -6.561360000000000525e-01 7.546420000000000350e-01 1.072000000000000036e-03
1.200000000000000000e+01 1.160000000000000000e+02 1.600000000000000000e+01 0.000000000000000000e+00 1.600000000000000089e+00 -2.157000000000000063e-03 -5.839999999999999922e-04 9.999970000000000248e-01 7.059940000000000104e-01 7.082150000000000389e-01 1.936000000000000004e-03 -7.082140000000000102e-01 7.059969999999999857e-01 -1.116000000000000021e-03
2.300000000000000000e+01 1.160000000000000000e+02 1.600000000000000000e+01 0.000000000000000000e+00 1.600000000000000089e+00 -2.849999999999999886e-04 4.870000000000000197e-04 1.000000000000000000e+00 7.601029999999999731e-01 6.498030000000000195e-01 -9.899999999999999404e-05 -6.498030000000000195e-01 7.601020000000000554e-01 -5.550000000000000462e-04
2.700000000000000000e+01 1.160000000000000000e+02 1.600000000000000000e+01 0.000000000000000000e+00 1.600000000000000089e+00 3.269999999999999795e-04 -1.404999999999999999e-03 9.999989999999999712e-01 7.680430000000000312e-01 6.403980000000000228e-01 6.489999999999999459e-04 -6.403990000000000515e-01 7.680420000000000025e-01 1.288999999999999998e-03
3.000000000000000000e+00 2.000000000000000000e+00 1.900000000000000000e+01 0.000000000000000000e+00 1.600000000000000089e+00 -1.038000000000000077e-03 1.630699999999999858e-02 -9.998660000000000325e-01 2.568770000000000220e-01 -9.663110000000000310e-01 -1.602599999999999858e-02 -9.664430000000000520e-01 -2.568599999999999772e-01 -3.186000000000000030e-03
6.000000000000000000e+00 2.000000000000000000e+00 1.900000000000000000e+01 0.000000000000000000e+00 1.600000000000000089e+00 3.805999999999999921e-03 1.811099999999999863e-02 -9.998289999999999678e-01 2.527300000000000102e-01 -9.673950000000000049e-01 -1.656099999999999933e-02 -9.675289999999999724e-01 -2.526229999999999865e-01 -8.259000000000000716e-03
1.500000000000000000e+01 2.000000000000000000e+00 1.900000000000000000e+01 0.000000000000000000e+00 1.600000000000000089e+00 5.399000000000000153e-03 1.605399999999999883e-02 -9.998569999999999958e-01 2.537650000000000183e-01 -9.671619999999999662e-01 -1.415899999999999971e-02 -9.672509999999999719e-01 -2.536519999999999886e-01 -9.296000000000000443e-03
2.300000000000000000e+01 2.000000000000000000e+00 1.900000000000000000e+01 0.000000000000000000e+00 1.600000000000000089e+00 -6.403999999999999970e-03 -2.562100000000000141e-02 -9.996509999999999563e-01 2.713130000000000264e-01 -9.622180000000000177e-01 2.292399999999999993e-02 -9.624700000000000477e-01 -2.710719999999999796e-01 1.311400000000000066e-02
9.000000000000000000e+00 4.000000000000000000e+00 2.000000000000000000e+01 0.000000000000000000e+00 1.600000000000000089e+00 9.749999999999999552e-04 6.119999999999999572e-03 -9.999810000000000088e-01 4.535049999999999915e-01 -8.912400000000000322e-01 -5.011999999999999962e-03 -8.912529999999999619e-01 -4.534909999999999775e-01 -3.644000000000000104e-03
3.000000000000000000e+00 1.300000000000000000e+01 2.000000000000000000e+01 0.000000000000000000e+00 1.600000000000000089e+00 5.710000000000000015e-04 2.080999999999999951e-03 9.999980000000000535e-01 2.570410000000000195e-01 9.663979999999999793e-01 -2.158000000000000196e-03 -9.664000000000000368e-01 2.570419999999999927e-01 1.699999999999999987e-05
8.000000000000000000e+00 1.300000000000000000e+01 2.000000000000000000e+01 0.000000000000000000e+00 1.600000000000000089e+00 -6.809999999999999647e-04 5.361000000000000314e-03 9.999850000000000128e-01 2.589029999999999943e-01 9.658900000000000263e-01 -5.002000000000000370e-03 -9.659029999999999561e-01 2.588960000000000150e-01 -2.046000000000000076e-03
1.200000000000000000e+01 1.300000000000000000e+01 2.000000000000000000e+01 0.000000000000000000e+00 1.600000000000000089e+00 -2.979999999999999793e-04 -1.417999999999999990e-03 9.999989999999999712e-01 2.617650000000000254e-01 9.651309999999999611e-01 1.446000000000000020e-03 -9.651319999999999899e-01 2.617650000000000254e-01 8.399999999999999535e-05
1.900000000000000000e+01 1.300000000000000000e+01 2.000000000000000000e+01 0.000000000000000000e+00 1.600000000000000089e+00 5.699999999999999772e-04 -4.910000000000000085e-04 1.000000000000000000e+00 2.590439999999999965e-01 9.658649999999999736e-01 3.269999999999999795e-04 -9.658649999999999736e-01 2.590439999999999965e-01 6.780000000000000002e-04
2.400000000000000000e+01 1.300000000000000000e+01 2.000000000000000000e+01 0.000000000000000000e+00 1.600000000000000089e+00 8.059999999999999673e-04 1.405999999999999915e-03 9.999989999999999712e-01 2.596359999999999779e-01 9.657050000000000356e-01 -1.567000000000000033e-03 -9.657059999999999533e-01 2.596370000000000067e-01 4.139999999999999800e-04
3.000000000000000000e+01 1.300000000000000000e+01 2.000000000000000000e+01 0.000000000000000000e+00 1.600000000000000089e+00 3.499999999999999964e-04 -1.090000000000000067e-04 1.000000000000000000e+00 2.590270000000000072e-01 9.658700000000000063e-01 1.500000000000000038e-05 -9.658700000000000063e-01 2.590270000000000072e-01 3.660000000000000059e-04
2.000000000000000000e+00 1.600000000000000000e+01 2.100000000000000000e+01 0.000000000000000000e+00 1.600000000000000089e+00 4.110000000000000155e-04 3.542000000000000010e-03 9.999940000000000495e-01 2.997319999999999984e-01 9.540170000000000039e-01 -3.501999999999999905e-03 -9.540229999999999544e-01 2.997310000000000252e-01 -6.700000000000000226e-04
4.000000000000000000e+00 3.000000000000000000e+00 2.500000000000000000e+01 0.000000000000000000e+00 1.600000000000000089e+00 6.300000000000000261e-04 5.765000000000000159e-03 9.999829999999999552e-01 -3.201199999999999879e-02 -9.994709999999999983e-01 5.782999999999999946e-03 9.994870000000000143e-01 -3.201500000000000179e-02 -4.449999999999999746e-04
1.200000000000000000e+01 3.000000000000000000e+00 2.500000000000000000e+01 0.000000000000000000e+00 1.600000000000000089e+00 -9.350000000000000672e-03 -2.534999999999999927e-03 9.999529999999999808e-01 -3.682799999999999963e-02 -9.993170000000000108e-01 -2.876999999999999783e-03 9.992779999999999996e-01 -3.685299999999999687e-02 9.249999999999999542e-03
1.800000000000000000e+01 3.000000000000000000e+00 2.500000000000000000e+01 0.000000000000000000e+00 1.600000000000000089e+00 -2.380000000000000117e-04 6.616000000000000353e-03 9.999780000000000335e-01 -3.330500000000000127e-02 -9.994229999999999503e-01 6.603999999999999627e-03 9.994450000000000278e-01 -3.330299999999999927e-02 4.580000000000000195e-04
2.800000000000000000e+01 3.000000000000000000e+00 2.500000000000000000e+01 0.000000000000000000e+00 1.600000000000000089e+00 -2.629999999999999959e-03 -5.466000000000000372e-03 9.999820000000000375e-01 -4.903300000000000020e-02 -9.987819999999999476e-01 -5.588000000000000085e-03 9.987939999999999596e-01 -4.904700000000000032e-02 2.358999999999999986e-03
2.200000000000000000e+01 4.600000000000000000e+01 3.000000000000000000e+01 0.000000000000000000e+00 1.600000000000000089e+00 -9.309999999999999699e-04 -1.052999999999999900e-03 -9.999989999999999712e-01 3.285179999999999767e-01 9.444970000000000310e-01 -1.299999999999999940e-03 9.444970000000000310e-01 -3.285190000000000055e-01 -5.339999999999999695e-04
2.800000000000000000e+01 4.600000000000000000e+01 3.000000000000000000e+01 0.000000000000000000e+00 1.600000000000000089e+00 3.710000000000000190e-03 3.808999999999999886e-03 -9.999860000000000415e-01 3.288499999999999757e-01 9.443700000000000427e-01 4.817000000000000101e-03 9.443749999999999645e-01 -3.288630000000000164e-01 2.250999999999999963e-03
5.000000000000000000e+00 5.800000000000000000e+01 3.100000000000000000e+01 0.000000000000000000e+00 1.600000000000000089e+00 -4.146999999999999645e-03 -2.101000000000000003e-03 9.999890000000000168e-01 -7.685319999999999929e-01 -6.397950000000000026e-01 -4.531000000000000305e-03 6.397979999999999778e-01 -7.685429999999999762e-01 1.038999999999999993e-03
1.500000000000000000e+01 5.800000000000000000e+01 3.100000000000000000e+01 0.000000000000000000e+00 1.600000000000000089e+00 4.310000000000000137e-04 4.921000000000000027e-03 9.999879999999999880e-01 -7.706349999999999589e-01 -6.372679999999999456e-01 3.468000000000000162e-03 6.372769999999999824e-01 -7.706269999999999509e-01 3.517999999999999860e-03
2.300000000000000000e+01 5.800000000000000000e+01 3.100000000000000000e+01 0.000000000000000000e+00 1.600000000000000089e+00 -1.528999999999999977e-03 -3.261000000000000010e-03 9.999940000000000495e-01 -7.669399999999999551e-01 -6.417100000000000026e-01 -3.265999999999999806e-03 6.417169999999999819e-01 -7.669399999999999551e-01 -1.520000000000000084e-03
2.700000000000000000e+01 5.800000000000000000e+01 3.100000000000000000e+01 0.000000000000000000e+00 1.600000000000000089e+00 -1.680000000000000070e-03 -3.108999999999999785e-03 9.999940000000000495e-01 -7.672060000000000546e-01 -6.413929999999999909e-01 -3.282999999999999894e-03 6.413990000000000524e-01 -7.672060000000000546e-01 -1.307000000000000002e-03
2.900000000000000000e+01 5.800000000000000000e+01 3.100000000000000000e+01 0.000000000000000000e+00 1.600000000000000089e+00 -1.828999999999999897e-03 -2.954000000000000029e-03 9.999940000000000495e-01 -7.680749999999999522e-01 -6.403510000000000035e-01 -3.297000000000000017e-03 6.403569999999999540e-01 -7.680770000000000097e-01 -1.098000000000000018e-03
2.000000000000000000e+00 4.600000000000000000e+01 3.500000000000000000e+01 0.000000000000000000e+00 1.600000000000000089e+00 -6.199999999999999999e-04 5.209999999999999788e-04 -1.000000000000000000e+00 3.936459999999999959e-01 -9.192620000000000235e-01 -7.230000000000000098e-04 -9.192620000000000235e-01 -3.936459999999999959e-01 3.649999999999999816e-04
6.000000000000000000e+00 4.600000000000000000e+01 3.500000000000000000e+01 0.000000000000000000e+00 1.600000000000000089e+00 -3.890000000000000228e-04 -1.374999999999999920e-03 -9.999989999999999712e-01 3.927789999999999893e-01 -9.196320000000000050e-01 1.111999999999999924e-03 -9.196330000000000338e-01 -3.927780000000000160e-01 8.980000000000000352e-04
9.000000000000000000e+00 4.600000000000000000e+01 3.500000000000000000e+01 0.000000000000000000e+00 1.600000000000000089e+00 3.099999999999999999e-04 -3.034999999999999937e-03 -9.999949999999999672e-01 3.928400000000000225e-01 -9.196020000000000305e-01 2.912999999999999791e-03 -9.196069999999999522e-01 -3.928389999999999938e-01 9.079999999999999530e-04
1.500000000000000000e+01 4.600000000000000000e+01 3.500000000000000000e+01 0.000000000000000000e+00 1.600000000000000089e+00 1.825000000000000016e-03 -1.222999999999999912e-03 -9.999980000000000535e-01 3.933530000000000082e-01 -9.193860000000000365e-01 1.842000000000000104e-03 -9.193860000000000365e-01 -3.933550000000000102e-01 -1.196000000000000014e-03
2.300000000000000000e+01 4.600000000000000000e+01 3.500000000000000000e+01 0.000000000000000000e+00 1.600000000000000089e+00 3.739999999999999835e-04 -1.034999999999999896e-03 -9.999989999999999712e-01 3.926950000000000163e-01 -9.196680000000000410e-01 1.098999999999999934e-03 -9.196689999999999587e-01 -3.926950000000000163e-01 6.200000000000000270e-05
2.700000000000000000e+01 4.600000000000000000e+01 3.500000000000000000e+01 0.000000000000000000e+00 1.600000000000000089e+00 -2.900000000000000017e-05 2.750000000000000166e-04 -1.000000000000000000e+00 3.905489999999999795e-01 -9.205820000000000114e-01 -2.649999999999999903e-04 -9.205820000000000114e-01 -3.905489999999999795e-01 -8.100000000000000375e-05
3.000000000000000000e+01 4.600000000000000000e+01 3.500000000000000000e+01 0.000000000000000000e+00 1.600000000000000089e+00 -2.530000000000000239e-04 1.222999999999999912e-03 -9.999989999999999712e-01 3.903050000000000130e-01 -9.206849999999999756e-01 -1.224999999999999960e-03 -9.206860000000000044e-01 -3.903050000000000130e-01 -2.439999999999999949e-04
7.000000000000000000e+00 9.500000000000000000e+01 3.600000000000000000e+01 0.000000000000000000e+00 1.600000000000000089e+00 8.360000000000000460e-04 -7.522000000000000040e-03 9.999710000000000543e-01 9.971680000000000543e-01 7.520899999999999808e-02 -2.680000000000000090e-04 -7.520499999999999408e-02 9.971389999999999976e-01 7.564000000000000411e-03
5.000000000000000000e+00 3.000000000000000000e+00 4.300000000000000000e+01 0.000000000000000000e+00 1.600000000000000089e+00 2.259999999999999856e-03 -2.827000000000000086e-03 -9.999930000000000208e-01 7.302060000000000217e-01 -6.832169999999999632e-01 3.582000000000000114e-03 -6.832230000000000247e-01 -7.302100000000000257e-01 5.199999999999999544e-04
9.000000000000000000e+00 3.000000000000000000e+00 4.300000000000000000e+01 0.000000000000000000e+00 1.600000000000000089e+00 2.392000000000000029e-03 -1.074999999999999914e-02 -9.999390000000000223e-01 7.355570000000000164e-01 -6.774019999999999486e-01 9.041000000000000425e-03 -6.774580000000000046e-01 -7.355340000000000211e-01 6.287000000000000054e-03
1.300000000000000000e+01 3.000000000000000000e+00 4.300000000000000000e+01 0.000000000000000000e+00 1.600000000000000089e+00 -1.190000000000000058e-04 -3.179400000000000281e-02 -9.994939999999999936e-01 7.441429999999999989e-01 -6.676860000000000017e-01 2.115099999999999966e-02 -6.680209999999999759e-01 -7.437639999999999807e-01 2.373899999999999968e-02
1.500000000000000000e+01 3.000000000000000000e+00 4.300000000000000000e+01 0.000000000000000000e+00 1.600000000000000089e+00 -4.031999999999999994e-03 -2.844500000000000153e-02 -9.995870000000000033e-01 7.481179999999999497e-01 -6.633759999999999657e-01 1.585999999999999910e-02 -6.635539999999999772e-01 -7.477449999999999930e-01 2.395500000000000060e-02
2.200000000000000000e+01 3.000000000000000000e+00 4.300000000000000000e+01 0.000000000000000000e+00 1.600000000000000089e+00 -1.002999999999999985e-03 2.318999999999999881e-02 -9.997310000000000363e-01 7.539280000000000426e-01 -6.567619999999999569e-01 -1.599099999999999827e-02 -6.569559999999999844e-01 -7.537409999999999943e-01 -1.682399999999999868e-02
2.900000000000000000e+01 3.000000000000000000e+00 4.300000000000000000e+01 0.000000000000000000e+00 1.600000000000000089e+00 -2.314000000000000085e-03 -1.175000000000000046e-03 -9.999970000000000248e-01 7.436899999999999622e-01 -6.685240000000000071e-01 -9.349999999999999587e-04 -6.685210000000000319e-01 -7.436899999999999622e-01 2.420999999999999975e-03
4.000000000000000000e+00 8.000000000000000000e+00 4.400000000000000000e+01 0.000000000000000000e+00 1.600000000000000089e+00 -1.920999999999999965e-03 5.021000000000000289e-03 9.999860000000000415e-01 -7.813550000000000217e-01 -6.240850000000000009e-01 1.632999999999999903e-03 6.240839999999999721e-01 -7.813400000000000345e-01 5.121999999999999817e-03
1.500000000000000000e+01 8.000000000000000000e+00 4.400000000000000000e+01 0.000000000000000000e+00 1.600000000000000089e+00 -4.976999999999999653e-03 -1.159999999999999920e-02 9.999200000000000310e-01 -7.839850000000000430e-01 -6.206810000000000382e-01 -1.110300000000000002e-02 6.207599999999999785e-01 -7.839770000000000350e-01 -6.004999999999999921e-03
2.200000000000000000e+01 8.000000000000000000e+00 4.400000000000000000e+01 0.000000000000000000e+00 1.600000000000000089e+00 2.344000000000000163e-03 5.290999999999999696e-03 9.999829999999999552e-01 -7.894039999999999946e-01 -6.138529999999999820e-01 5.099000000000000234e-03 6.138700000000000268e-01 -7.894029999999999658e-01 2.737999999999999982e-03
2.600000000000000000e+01 8.000000000000000000e+00 4.400000000000000000e+01 0.000000000000000000e+00 1.600000000000000089e+00 3.480000000000000020e-03 4.795999999999999916e-03 9.999820000000000375e-01 -7.890139999999999931e-01 -6.143490000000000339e-01 5.692000000000000011e-03 6.143650000000000500e-01 -7.890200000000000546e-01 1.647000000000000026e-03
3.000000000000000000e+00 2.900000000000000000e+01 4.400000000000000000e+01 0.000000000000000000e+00 1.600000000000000089e+00 2.994999999999999832e-03 3.766999999999999949e-03 -9.999879999999999880e-01 6.493609999999999660e-01 7.604649999999999466e-01 4.810000000000000039e-03 7.604739999999999833e-01 -6.493679999999999453e-01 -1.679999999999999907e-04
5.000000000000000000e+00 2.900000000000000000e+01 4.400000000000000000e+01 0.000000000000000000e+00 1.600000000000000089e+00 1.335999999999999948e-03 2.187000000000000142e-03 -9.999970000000000248e-01 6.495999999999999552e-01 7.602719999999999478e-01 2.530000000000000131e-03 7.602750000000000341e-01 -6.496009999999999840e-01 -4.049999999999999781e-04
1.100000000000000000e+01 2.900000000000000000e+01 4.400000000000000000e+01 0.000000000000000000e+00 1.600000000000000089e+00 -2.357000000000000154e-03 3.269999999999999795e-04 -9.999970000000000248e-01 6.486070000000000446e-01 7.611219999999999652e-01 -1.280000000000000105e-03 7.611200000000000188e-01 -6.486079999999999623e-01 -2.005999999999999971e-03
1.600000000000000000e+01 2.900000000000000000e+01 4.400000000000000000e+01 0.000000000000000000e+00 1.600000000000000089e+00 1.056999999999999997e-03 -4.490000000000000176e-04 -9.999989999999999712e-01 6.517060000000000075e-01 7.584720000000000351e-01 3.480000000000000020e-04 7.584710000000000063e-01 -6.517049999999999788e-01 1.093999999999999920e-03
2.500000000000000000e+01 2.900000000000000000e+01 4.400000000000000000e+01 0.000000000000000000e+00 1.600000000000000089e+00 7.969999999999999654e-04 4.809999999999999823e-04 -1.000000000000000000e+00 6.562999999999999945e-01 7.544990000000000308e-01 8.869999999999999846e-04 7.544990000000000308e-01 -6.563010000000000232e-01 2.860000000000000129e-04
2.900000000000000000e+01 2.900000000000000000e+01 4.400000000000000000e+01 0.000000000000000000e+00 1.600000000000000089e+00 1.749999999999999982e-04 -1.039999999999999909e-03 -9.999989999999999712e-01 6.551470000000000349e-01 7.555009999999999781e-01 -6.719999999999999628e-04 7.555009999999999781e-01 -6.551470000000000349e-01 8.130000000000000291e-04
4.000000000000000000e+00 6.500000000000000000e+01 4.600000000000000000e+01 0.000000000000000000e+00 1.600000000000000089e+00 -3.240000000000000150e-04 -1.010000000000000047e-03 9.999989999999999712e-01 6.812139999999999862e-01 -7.320839999999999570e-01 -5.180000000000000143e-04 7.320839999999999570e-01 6.812129999999999574e-01 9.250000000000000409e-04
1.800000000000000000e+01 7.000000000000000000e+01 4.700000000000000000e+01 0.000000000000000000e+00 1.600000000000000089e+00 1.843999999999999936e-03 -5.932999999999999906e-03 -9.999810000000000088e-01 -8.427639999999999576e-01 -5.382810000000000095e-01 1.639999999999999965e-03 -5.382799999999999807e-01 8.427449999999999664e-01 -5.993000000000000063e-03
9.000000000000000000e+00 5.000000000000000000e+00 5.100000000000000000e+01 0.000000000000000000e+00 1.600000000000000089e+00 3.464000000000000065e-03 -2.680000000000000090e-03 -9.999900000000000455e-01 4.794869999999999965e-01 -8.775399999999999867e-01 4.013000000000000074e-03 -8.775420000000000442e-01 -4.794970000000000065e-01 -1.755000000000000050e-03
1.300000000000000000e+01 5.000000000000000000e+00 5.100000000000000000e+01 0.000000000000000000e+00 1.600000000000000089e+00 -2.602999999999999845e-03 -1.465499999999999962e-02 -9.998890000000000278e-01 4.785690000000000222e-01 -8.779730000000000034e-01 1.162200000000000039e-02 -8.780459999999999932e-01 -4.784860000000000224e-01 9.298999999999999974e-03
1.900000000000000000e+01 5.000000000000000000e+00 5.100000000000000000e+01 0.000000000000000000e+00 1.600000000000000089e+00 1.925999999999999978e-03 5.086000000000000243e-03 -9.999850000000000128e-01 4.727899999999999880e-01 -8.811679999999999513e-01 -3.570999999999999956e-03 -8.811729999999999841e-01 -4.727759999999999740e-01 -4.101999999999999744e-03
2.100000000000000000e+01 1.150000000000000000e+02 5.100000000000000000e+01 0.000000000000000000e+00 1.600000000000000089e+00 6.570000000000000319e-04 2.329999999999999986e-04 1.000000000000000000e+00 8.484099999999999975e-01 -5.293400000000000327e-01 -4.339999999999999782e-04 5.293390000000000040e-01 8.484099999999999975e-01 -5.450000000000000200e-04
7.000000000000000000e+00 6.300000000000000000e+01 5.400000000000000000e+01 0.000000000000000000e+00 1.600000000000000089e+00 -1.231000000000000106e-03 4.316999999999999657e-03 9.999900000000000455e-01 -3.412279999999999758e-01 9.399699999999999722e-01 -4.478000000000000209e-03 -9.399800000000000377e-01 -3.412310000000000065e-01 3.159999999999999832e-04
1.400000000000000000e+01 6.300000000000000000e+01 5.400000000000000000e+01 0.000000000000000000e+00 1.600000000000000089e+00 9.849999999999999815e-04 -4.719999999999999803e-04 9.999989999999999712e-01 -3.351790000000000047e-01 9.421540000000000470e-01 7.749999999999999728e-04 -9.421540000000000470e-01 -3.351799999999999780e-01 7.699999999999999597e-04
1.900000000000000000e+01 6.300000000000000000e+01 5.400000000000000000e+01 0.000000000000000000e+00 1.600000000000000089e+00 1.698000000000000074e-03 -9.049999999999999885e-04 9.999980000000000535e-01 -3.400460000000000149e-01 9.404080000000000217e-01 1.428999999999999932e-03 -9.404069999999999929e-01 -3.400480000000000169e-01 1.288999999999999998e-03
2.400000000000000000e+01 6.300000000000000000e+01 5.400000000000000000e+01 0.000000000000000000e+00 1.600000000000000089e+00 1.750000000000000036e-03 1.020999999999999989e-03 9.999980000000000535e-01 -3.466139999999999777e-01 9.380079999999999529e-01 -3.510000000000000208e-04 -9.380060000000000064e-01 -3.466119999999999757e-01 1.995999999999999944e-03
5.000000000000000000e+00 2.500000000000000000e+01 5.500000000000000000e+01 0.000000000000000000e+00 1.600000000000000089e+00 -5.159999999999999656e-04 -5.410000000000000312e-04 -1.000000000000000000e+00 -1.168899999999999974e-02 -9.999320000000000430e-01 5.469999999999999602e-04 -9.999320000000000430e-01 1.168899999999999974e-02 5.100000000000000366e-04
9.000000000000000000e+00 2.500000000000000000e+01 5.500000000000000000e+01 0.000000000000000000e+00 1.600000000000000089e+00 1.528000000000000061e-03 -2.102000000000000136e-03 -9.999970000000000248e-01 -1.194600000000000002e-02 -9.999259999999999815e-01 2.083999999999999915e-03 -9.999270000000000103e-01 1.194300000000000049e-02 -1.552999999999999910e-03
1.200000000000000000e+01 2.500000000000000000e+01 5.500000000000000000e+01 0.000000000000000000e+00 1.600000000000000089e+00 1.631999999999999987e-03 6.930000000000000396e-04 -9.999980000000000535e-01 -1.269400000000000042e-02 -9.999190000000000023e-01 -7.140000000000000079e-04 -9.999179999999999735e-01 1.269499999999999969e-02 -1.623000000000000094e-03
1.800000000000000000e+01 2.500000000000000000e+01 5.500000000000000000e+01 0.000000000000000000e+00 1.600000000000000089e+00 9.950000000000000077e-04 4.457000000000000024e-03 -9.999900000000000455e-01 -9.990999999999999881e-03 -9.999400000000000510e-01 -4.466999999999999617e-03 -9.999500000000000055e-01 9.995000000000000412e-03 -9.510000000000000224e-04
7.000000000000000000e+00 2.100000000000000000e+01 6.000000000000000000e+01 0.000000000000000000e+00 1.600000000000000089e+00 9.269999999999999811e-04 -7.565999999999999809e-03 9.999710000000000543e-01 -9.450500000000000567e-02 9.954950000000000188e-01 7.620000000000000037e-03 -9.955239999999999645e-01 -9.450899999999999579e-02 2.079999999999999872e-04
1.600000000000000000e+01 2.100000000000000000e+01 6.000000000000000000e+01 0.000000000000000000e+00 1.600000000000000089e+00 1.930000000000000021e-04 -1.628000000000000107e-03 9.999989999999999712e-01 -9.524100000000000621e-02 9.954530000000000323e-01 1.639000000000000049e-03 -9.954539999999999500e-01 -9.524100000000000621e-02 3.699999999999999811e-05
