1.200000000000000000e+01 1.500000000000000000e+01 4.000000000000000000e+00 0.000000000000000000e+00 1.600000000000000089e+00 2.135999999999999878e-03 8.449999999999999178e-03 9.999620000000000175e-01 2.869590000000000196e-01 -9.579140000000000432e-01 7.481999999999999935e-03 9.579400000000000137e-01 2.869329999999999936e-01 -4.471000000000000148e-03
1.700000000000000000e+01 1.500000000000000000e+01 4.000000000000000000e+00 0.000000000000000000e+00 1.600000000000000089e+00 -1.727000000000000019e-03 -6.633000000000000007e-03 9.999770000000000048e-01 2.867950000000000221e-01 -9.579739999999999922e-01 -5.858999999999999625e-03 9.579900000000000082e-01 2.867790000000000061e-01 3.556999999999999832e-03
2.100000000000000000e+01 1.500000000000000000e+01 4.000000000000000000e+00 0.000000000000000000e+00 1.600000000000000089e+00 -5.212999999999999752e-03 -3.491999999999999878e-03 9.999799999999999800e-01 2.887560000000000127e-01 -9.574009999999999465e-01 -1.838000000000000007e-03 9.573890000000000455e-01 2.887399999999999967e-01 5.998999999999999992e-03
2.700000000000000000e+01 1.500000000000000000e+01 4.000000000000000000e+00 0.000000000000000000e+00 1.600000000000000089e+00 -6.740000000000000331e-03 8.817999999999999450e-03 9.999379999999999935e-01 2.889990000000000059e-01 -9.572730000000000405e-01 1.038999999999999993e-02 9.573059999999999903e-01 2.890510000000000024e-01 3.902999999999999785e-03
3.000000000000000000e+00 1.600000000000000000e+01 4.000000000000000000e+00 0.000000000000000000e+00 1.600000000000000089e+00 6.994000000000000217e-03 -1.341400000000000058e-02 9.998860000000000525e-01 3.447830000000000061e-01 -9.385630000000000361e-01 -1.500300000000000071e-02 9.386569999999999636e-01 3.448479999999999879e-01 -1.940000000000000101e-03
1.000000000000000000e+00 1.010000000000000000e+02 7.000000000000000000e+00 0.000000000000000000e+00 1.600000000000000089e+00 1.229999999999999974e-03 -9.634000000000000202e-03 9.999529999999999808e-01 8.830770000000000008e-01 4.692149999999999932e-01 3.435000000000000119e-03 -4.692259999999999764e-01 8.830310000000000104e-01 9.084000000000000061e-03
1.300000000000000000e+01 1.010000000000000000e+02 7.000000000000000000e+00 0.000000000000000000e+00 1.600000000000000089e+00 -1.083999999999999894e-03 -1.023199999999999978e-02 9.999470000000000303e-01 8.866829999999999989e-01 4.623430000000000040e-01 5.692000000000000011e-03 -4.623769999999999825e-01 8.866420000000000412e-01 8.571000000000000493e-03
2.100000000000000000e+01 1.010000000000000000e+02 7.000000000000000000e+00 0.000000000000000000e+00 1.600000000000000089e+00 1.394000000000000057e-03 1.412199999999999914e-02 9.998989999999999823e-01 8.855480000000000018e-01 4.644820000000000060e-01 -7.793999999999999713e-03 -4.645449999999999857e-01 8.854699999999999793e-01 -1.185899999999999975e-02
3.000000000000000000e+00 1.500000000000000000e+01 8.000000000000000000e+00 0.000000000000000000e+00 1.600000000000000089e+00 -8.253999999999999185e-03 -1.336399999999999914e-02 -9.998770000000000158e-01 -5.833469999999999489e-01 -8.120720000000000161e-01 1.566899999999999890e-02 -8.121810000000000418e-01 5.834040000000000337e-01 -1.092000000000000089e-03
9.000000000000000000e+00 1.500000000000000000e+01 8.000000000000000000e+00 0.000000000000000000e+00 1.600000000000000089e+00 -2.164999999999999824e-03 2.159999999999999919e-04 -9.999980000000000535e-01 -5.852199999999999624e-01 -8.108739999999999837e-01 1.092000000000000089e-03 -8.108720000000000372e-01 5.852209999999999912e-01 1.881999999999999992e-03
1.400000000000000000e+01 1.500000000000000000e+01 8.000000000000000000e+00 0.000000000000000000e+00 1.600000000000000089e+00 1.259999999999999998e-04 2.912999999999999791e-03 -9.999959999999999960e-01 -5.844019999999999770e-01 -8.114609999999999879e-01 -2.436999999999999930e-03 -8.114639999999999631e-01 5.844000000000000306e-01 1.600000000000000077e-03
2.100000000000000000e+01 1.500000000000000000e+01 8.000000000000000000e+00 0.000000000000000000e+00 1.600000000000000089e+00 1.472000000000000001e-03 -3.474000000000000091e-03 -9.999930000000000208e-01 -5.822920000000000318e-01 -8.129769999999999497e-01 1.966999999999999998e-03 -8.129779999999999784e-01 5.822850000000000525e-01 -3.220000000000000206e-03
2.700000000000000000e+01 1.500000000000000000e+01 8.000000000000000000e+00 0.000000000000000000e+00 1.600000000000000089e+00 8.939000000000000765e-03 6.386000000000000183e-03 -9.999400000000000510e-01 -5.783979999999999677e-01 -8.156889999999999974e-01 -1.038000000000000034e-02 -8.157060000000000421e-01 5.784559999999999702e-01 -3.598000000000000070e-03
2.000000000000000000e+00 2.600000000000000000e+01 8.000000000000000000e+00 0.000000000000000000e+00 1.600000000000000089e+00 6.241000000000000020e-03 1.388700000000000004e-02 -9.998839999999999950e-01 4.078570000000000251e-01 9.129190000000000360e-01 1.522500000000000069e-02 9.130249999999999755e-01 -4.079050000000000176e-01 3.399999999999999973e-05
7.000000000000000000e+00 2.600000000000000000e+01 8.000000000000000000e+00 0.000000000000000000e+00 1.600000000000000089e+00 3.941000000000000059e-03 8.188000000000000833e-03 -9.999590000000000423e-01 4.067919999999999869e-01 9.134759999999999547e-01 9.083000000000000795e-03 9.135119999999999907e-01 -4.068109999999999782e-01 2.700000000000000035e-04
1.200000000000000000e+01 2.600000000000000000e+01 8.000000000000000000e+00 0.000000000000000000e+00 1.600000000000000089e+00 1.463000000000000108e-03 5.780999999999999681e-03 -9.999820000000000375e-01 4.047350000000000114e-01 9.144149999999999778e-01 5.878000000000000412e-03 9.144330000000000513e-01 -4.047359999999999847e-01 -1.002000000000000069e-03
1.600000000000000000e+01 2.600000000000000000e+01 8.000000000000000000e+00 0.000000000000000000e+00 1.600000000000000089e+00 1.369999999999999907e-03 3.480000000000000020e-04 -9.999989999999999712e-01 4.047000000000000042e-01 9.144489999999999563e-01 8.720000000000000537e-04 9.144489999999999563e-01 -4.047009999999999774e-01 1.111999999999999924e-03
1.900000000000000000e+01 2.400000000000000000e+01 9.000000000000000000e+00 0.000000000000000000e+00 1.600000000000000089e+00 1.177000000000000095e-03 1.069000000000000072e-03 -9.999989999999999712e-01 4.580159999999999787e-01 8.889430000000000387e-01 1.490000000000000005e-03 8.889430000000000387e-01 -4.580179999999999807e-01 5.569999999999999864e-04
2.300000000000000000e+01 2.400000000000000000e+01 9.000000000000000000e+00 0.000000000000000000e+00 1.600000000000000089e+00 -1.850000000000000082e-03 -8.158000000000000321e-03 -9.999649999999999928e-01 4.583510000000000084e-01 8.887340000000000240e-01 -8.099000000000000296e-03 8.887690000000000312e-01 -4.583499999999999797e-01 2.095000000000000074e-03
3.000000000000000000e+00 1.040000000000000000e+02 1.100000000000000000e+01 0.000000000000000000e+00 1.600000000000000089e+00 -3.748000000000000029e-03 9.280999999999999320e-03 9.999500000000000055e-01 -9.731720000000000370e-01 -2.300740000000000007e-01 -1.512000000000000106e-03 2.300480000000000025e-01 -9.731290000000000218e-01 9.894999999999999282e-03
6.000000000000000000e+00 3.100000000000000000e+01 1.200000000000000000e+01 0.000000000000000000e+00 1.600000000000000089e+00 5.310000000000000050e-04 2.799999999999999958e-05 1.000000000000000000e+00 6.819000000000000408e-03 9.999770000000000048e-01 -3.199999999999999855e-05 -9.999770000000000048e-01 6.819000000000000408e-03 5.310000000000000050e-04
1.100000000000000000e+01 3.100000000000000000e+01 1.200000000000000000e+01 0.000000000000000000e+00 1.600000000000000089e+00 2.128000000000000117e-03 2.461000000000000080e-03 9.999949999999999672e-01 9.405000000000000165e-03 9.999529999999999808e-01 -2.481000000000000132e-03 -9.999540000000000095e-01 9.409999999999999962e-03 2.103999999999999967e-03
2.700000000000000000e+01 3.100000000000000000e+01 1.200000000000000000e+01 0.000000000000000000e+00 1.600000000000000089e+00 -7.349999999999999763e-04 6.269999999999999532e-04 1.000000000000000000e+00 1.834399999999999920e-02 9.998320000000000540e-01 -6.130000000000000466e-04 -9.998310000000000253e-01 1.834399999999999920e-02 -7.470000000000000511e-04
2.000000000000000000e+00 1.200000000000000000e+01 1.500000000000000000e+01 0.000000000000000000e+00 1.600000000000000089e+00 -6.109999999999999980e-03 -4.237000000000000315e-03 -9.999719999999999720e-01 -4.677180000000000226e-01 -8.838529999999999998e-01 6.603000000000000362e-03 -8.838570000000000038e-01 4.677459999999999951e-01 3.418000000000000031e-03
9.000000000000000000e+00 1.200000000000000000e+01 1.500000000000000000e+01 0.000000000000000000e+00 1.600000000000000089e+00 -1.680999999999999986e-03 -7.282000000000000278e-03 -9.999719999999999720e-01 -4.698249999999999926e-01 -8.827300000000000146e-01 7.217999999999999590e-03 -8.827580000000000426e-01 4.698240000000000194e-01 -1.938000000000000052e-03
1.800000000000000000e+01 1.200000000000000000e+01 1.500000000000000000e+01 0.000000000000000000e+00 1.600000000000000089e+00 -1.726000000000000104e-03 -1.879999999999999944e-03 -9.999970000000000248e-01 -4.674369999999999914e-01 -8.840230000000000032e-01 2.468999999999999841e-03 -8.840249999999999497e-01 4.674389999999999934e-01 6.470000000000000057e-04
2.200000000000000000e+01 1.200000000000000000e+01 1.500000000000000000e+01 0.000000000000000000e+00 1.600000000000000089e+00 1.307999999999999918e-03 3.784000000000000037e-03 -9.999919999999999920e-01 -4.657689999999999886e-01 -8.848970000000000447e-01 -3.957999999999999713e-03 -8.849050000000000527e-01 4.657709999999999906e-01 6.049999999999999606e-04
2.500000000000000000e+01 1.200000000000000000e+01 1.500000000000000000e+01 0.000000000000000000e+00 1.600000000000000089e+00 5.768999999999999823e-03 9.162000000000000005e-03 -9.999409999999999688e-01 -4.659510000000000041e-01 -8.847450000000000037e-01 -1.079500000000000078e-02 -8.847920000000000229e-01 4.659860000000000113e-01 -8.350000000000000217e-04
1.500000000000000000e+01 1.160000000000000000e+02 1.600000000000000000e+01 0.000000000000000000e+00 1.600000000000000089e+00 8.570000000000000144e-04 -1.100000000000000039e-04 1.000000000000000000e+00 6.807440000000000158e-01 7.325220000000000065e-01 -5.029999999999999749e-04 -7.325209999999999777e-01 6.807440000000000158e-01 7.029999999999999574e-04
2.600000000000000000e+01 1.160000000000000000e+02 1.600000000000000000e+01 0.000000000000000000e+00 1.600000000000000089e+00 5.389999999999999826e-04 2.882000000000000013e-03 9.999959999999999960e-01 7.040779999999999816e-01 7.101189999999999447e-01 -2.426000000000000205e-03 -7.101229999999999487e-01 7.040760000000000352e-01 -1.647000000000000026e-03
1.300000000000000000e+01 2.000000000000000000e+00 1.900000000000000000e+01 0.000000000000000000e+00 1.600000000000000089e+00 8.630000000000000518e-04 1.907999999999999974e-03 -9.999980000000000535e-01 1.839899999999999869e-01 -9.829269999999999952e-01 -1.716000000000000077e-03 -9.829280000000000239e-01 -1.839880000000000126e-01 -1.198999999999999979e-03
1.900000000000000000e+01 2.000000000000000000e+00 1.900000000000000000e+01 0.000000000000000000e+00 1.600000000000000089e+00 -1.330999999999999935e-03 -1.242000000000000048e-03 -9.999980000000000535e-01 1.800599999999999978e-01 -9.836549999999999461e-01 9.820000000000000170e-04 -9.836549999999999461e-01 -1.800579999999999958e-01 1.533000000000000074e-03
2.400000000000000000e+01 2.000000000000000000e+00 1.900000000000000000e+01 0.000000000000000000e+00 1.600000000000000089e+00 -5.469999999999999602e-04 -1.830000000000000029e-04 -1.000000000000000000e+00 1.774409999999999876e-01 -9.841309999999999780e-01 8.299999999999999815e-05 -9.841309999999999780e-01 -1.774409999999999876e-01 5.699999999999999772e-04
3.000000000000000000e+01 2.000000000000000000e+00 1.900000000000000000e+01 0.000000000000000000e+00 1.600000000000000089e+00 -1.353000000000000036e-03 -1.183999999999999940e-03 -9.999980000000000535e-01 1.785339999999999983e-01 -9.839329999999999465e-01 9.229999999999999923e-04 -9.839329999999999465e-01 -1.785329999999999973e-01 1.543000000000000101e-03
8.000000000000000000e+00 4.000000000000000000e+00 2.000000000000000000e+01 0.000000000000000000e+00 1.600000000000000089e+00 2.049000000000000040e-03 3.135999999999999899e-03 -9.999930000000000208e-01 2.744090000000000140e-01 -9.616099999999999648e-01 -2.454000000000000018e-03 -9.616109999999999935e-01 -2.744019999999999793e-01 -2.831000000000000183e-03
2.000000000000000000e+01 4.000000000000000000e+00 2.000000000000000000e+01 0.000000000000000000e+00 1.600000000000000089e+00 9.190000000000000035e-04 -4.464000000000000086e-03 -9.999900000000000455e-01 2.728689999999999727e-01 -9.620400000000000063e-01 4.545000000000000429e-03 -9.620509999999999895e-01 -2.728709999999999747e-01 3.339999999999999870e-04
2.600000000000000000e+01 4.000000000000000000e+00 2.000000000000000000e+01 0.000000000000000000e+00 1.600000000000000089e+00 -3.513000000000000064e-03 2.406000000000000152e-03 -9.999909999999999632e-01 2.729770000000000252e-01 -9.620149999999999535e-01 -3.274000000000000000e-03 -9.620140000000000358e-01 -2.729860000000000064e-01 2.722000000000000027e-03
6.000000000000000000e+00 1.300000000000000000e+01 2.000000000000000000e+01 0.000000000000000000e+00 1.600000000000000089e+00 -1.890000000000000133e-04 3.056000000000000123e-03 9.999949999999999672e-01 2.596010000000000262e-01 9.657120000000000148e-01 -2.902000000000000066e-03 -9.657160000000000188e-01 2.595990000000000242e-01 -9.759999999999999796e-04
9.000000000000000000e+00 1.300000000000000000e+01 2.000000000000000000e+01 0.000000000000000000e+00 1.600000000000000089e+00 3.089999999999999756e-04 -4.231000000000000386e-03 9.999909999999999632e-01 2.598030000000000062e-01 9.656529999999999836e-01 4.004999999999999880e-03 -9.656620000000000203e-01 2.597990000000000022e-01 1.397999999999999937e-03
1.700000000000000000e+01 1.300000000000000000e+01 2.000000000000000000e+01 0.000000000000000000e+00 1.600000000000000089e+00 -2.020000000000000040e-04 7.023999999999999862e-03 9.999749999999999472e-01 2.599339999999999984e-01 9.656029999999999891e-01 -6.729999999999999871e-03 -9.656259999999999843e-01 2.599259999999999904e-01 -2.020999999999999793e-03
2.100000000000000000e+01 1.300000000000000000e+01 2.000000000000000000e+01 0.000000000000000000e+00 1.600000000000000089e+00 -7.140000000000000079e-04 2.665999999999999967e-03 9.999959999999999960e-01 2.579029999999999934e-01 9.661680000000000268e-01 -2.392000000000000029e-03 -9.661710000000000020e-01 2.579000000000000181e-01 -1.378000000000000102e-03
2.500000000000000000e+01 1.300000000000000000e+01 2.000000000000000000e+01 0.000000000000000000e+00 1.600000000000000089e+00 7.969999999999999654e-04 -2.370000000000000145e-03 9.999970000000000248e-01 2.577709999999999724e-01 9.662039999999999518e-01 2.085000000000000048e-03 -9.662060000000000093e-01 2.577679999999999971e-01 1.381000000000000066e-03
2.900000000000000000e+01 1.300000000000000000e+01 2.000000000000000000e+01 0.000000000000000000e+00 1.600000000000000089e+00 3.370000000000000166e-03 3.996999999999999685e-03 9.999860000000000415e-01 2.588059999999999805e-01 9.659180000000000543e-01 -4.733000000000000228e-03 -9.659229999999999761e-01 2.588179999999999925e-01 2.220999999999999884e-03
6.000000000000000000e+00 1.600000000000000000e+01 2.100000000000000000e+01 0.000000000000000000e+00 1.600000000000000089e+00 8.799999999999999771e-05 4.172999999999999626e-03 9.999909999999999632e-01 2.988819999999999810e-01 9.542819999999999636e-01 -4.008000000000000278e-03 -9.542899999999999716e-01 2.988790000000000058e-01 -1.162999999999999971e-03
1.500000000000000000e+01 1.600000000000000000e+01 2.100000000000000000e+01 0.000000000000000000e+00 1.600000000000000089e+00 -1.123999999999999999e-03 8.720000000000000537e-04 9.999989999999999712e-01 2.983839999999999826e-01 9.544460000000000166e-01 -4.970000000000000459e-04 -9.544449999999999878e-01 2.983839999999999826e-01 -1.332999999999999984e-03
1.900000000000000000e+01 1.600000000000000000e+01 2.100000000000000000e+01 0.000000000000000000e+00 1.600000000000000089e+00 -1.771000000000000005e-03 3.083999999999999936e-03 9.999940000000000495e-01 2.955740000000000034e-01 9.553169999999999717e-01 -2.422000000000000108e-03 -9.553180000000000005e-01 2.955679999999999974e-01 -2.602999999999999845e-03
4.000000000000000000e+00 4.600000000000000000e+01 2.700000000000000000e+01 0.000000000000000000e+00 1.600000000000000089e+00 3.720000000000000216e-03 1.781000000000000031e-03 -9.999919999999999920e-01 6.757339999999999458e-01 7.371360000000000134e-01 3.827000000000000107e-03 7.371370000000000422e-01 -6.757419999999999538e-01 1.539000000000000003e-03
1.700000000000000000e+01 4.600000000000000000e+01 2.700000000000000000e+01 0.000000000000000000e+00 1.600000000000000089e+00 -1.396000000000000105e-03 -8.379999999999999862e-04 -9.999989999999999712e-01 6.829119999999999635e-01 7.304990000000000094e-01 -1.564999999999999985e-03 7.305000000000000382e-01 -6.829129999999999923e-01 -4.479999999999999933e-04
3.000000000000000000e+01 4.600000000000000000e+01 2.700000000000000000e+01 0.000000000000000000e+00 1.600000000000000089e+00 6.210000000000000242e-04 3.506000000000000002e-03 -9.999940000000000495e-01 6.826480000000000325e-01 7.307409999999999739e-01 2.985999999999999939e-03 7.307470000000000354e-01 -6.826459999999999750e-01 -1.940000000000000101e-03
2.000000000000000000e+00 5.800000000000000000e+01 3.100000000000000000e+01 0.000000000000000000e+00 1.600000000000000089e+00 -3.080000000000000055e-04 -2.239000000000000105e-03 9.999970000000000248e-01 -7.979669999999999819e-01 -6.026989999999999847e-01 -1.595000000000000064e-03 6.027010000000000423e-01 -7.979659999999999531e-01 -1.601999999999999908e-03
1.000000000000000000e+01 5.800000000000000000e+01 3.100000000000000000e+01 0.000000000000000000e+00 1.600000000000000089e+00 1.840000000000000001e-04 3.948000000000000120e-03 9.999919999999999920e-01 -8.018899999999999917e-01 -5.974669999999999703e-01 2.507000000000000114e-03 5.974720000000000031e-01 -8.018840000000000412e-01 3.056000000000000123e-03
1.300000000000000000e+01 5.800000000000000000e+01 3.100000000000000000e+01 0.000000000000000000e+00 1.600000000000000089e+00 2.895000000000000004e-03 3.954000000000000049e-03 9.999879999999999880e-01 -8.023689999999999989e-01 -5.968099999999999516e-01 4.682999999999999663e-03 5.968210000000000459e-01 -8.023730000000000029e-01 1.445000000000000104e-03
2.000000000000000000e+01 5.800000000000000000e+01 3.100000000000000000e+01 0.000000000000000000e+00 1.600000000000000089e+00 -2.919999999999999961e-04 2.629999999999999959e-03 9.999970000000000248e-01 -8.013660000000000228e-01 -5.981729999999999547e-01 1.338999999999999913e-03 5.981750000000000123e-01 -8.013620000000000188e-01 2.282999999999999873e-03
2.800000000000000000e+01 5.800000000000000000e+01 3.100000000000000000e+01 0.000000000000000000e+00 1.600000000000000089e+00 2.060000000000000199e-03 7.714000000000000370e-03 9.999679999999999680e-01 -7.996360000000000134e-01 -6.004519999999999857e-01 6.279999999999999992e-03 6.004819999999999602e-01 -7.996229999999999727e-01 4.930999999999999620e-03
1.000000000000000000e+00 6.000000000000000000e+00 3.200000000000000000e+01 0.000000000000000000e+00 1.600000000000000089e+00 -4.470000000000000232e-04 -4.157000000000000105e-03 -9.999909999999999632e-01 1.663969999999999894e-01 9.860499999999999821e-01 -4.173999999999999759e-03 9.860590000000000188e-01 -1.663969999999999894e-01 2.509999999999999753e-04
2.000000000000000000e+00 4.600000000000000000e+01 3.500000000000000000e+01 0.000000000000000000e+00 1.600000000000000089e+00 6.899999999999999667e-05 -6.755999999999999853e-03 -9.999770000000000048e-01 3.872619999999999951e-01 -9.219490000000000185e-01 6.256000000000000276e-03 -9.219699999999999562e-01 -3.872530000000000139e-01 2.552000000000000015e-03
7.000000000000000000e+00 4.600000000000000000e+01 3.500000000000000000e+01 0.000000000000000000e+00 1.600000000000000089e+00 6.419999999999999925e-04 -6.989999999999999686e-04 -1.000000000000000000e+00 3.863889999999999825e-01 -9.223360000000000447e-01 8.930000000000000221e-04 -9.223360000000000447e-01 -3.863889999999999825e-01 -3.220000000000000206e-04
1.000000000000000000e+01 4.600000000000000000e+01 3.500000000000000000e+01 0.000000000000000000e+00 1.600000000000000089e+00 5.299999999999999807e-04 3.348999999999999980e-03 -9.999940000000000495e-01 3.862639999999999962e-01 -9.223839999999999817e-01 -2.884999999999999978e-03 -9.223879999999999857e-01 -3.862599999999999922e-01 -1.781999999999999947e-03
1.400000000000000000e+01 4.600000000000000000e+01 3.500000000000000000e+01 0.000000000000000000e+00 1.600000000000000089e+00 1.433000000000000029e-03 3.680999999999999810e-03 -9.999919999999999920e-01 3.862889999999999935e-01 -9.223740000000000272e-01 -2.841999999999999908e-03 -9.223770000000000024e-01 -3.862820000000000142e-01 -2.743999999999999911e-03
2.300000000000000000e+01 4.600000000000000000e+01 3.500000000000000000e+01 0.000000000000000000e+00 1.600000000000000089e+00 -9.879999999999999460e-04 1.126999999999999964e-03 -9.999989999999999712e-01 3.844520000000000159e-01 -9.231439999999999646e-01 -1.420000000000000038e-03 -9.231449999999999934e-01 -3.844529999999999892e-01 4.780000000000000178e-04
4.000000000000000000e+00 9.500000000000000000e+01 3.600000000000000000e+01 0.000000000000000000e+00 1.600000000000000089e+00 1.449999999999999900e-03 -4.294000000000000074e-03 9.999900000000000455e-01 9.965519999999999934e-01 8.296299999999999508e-02 -1.088999999999999907e-03 -8.295800000000000396e-02 9.965429999999999566e-01 4.400000000000000265e-03
2.000000000000000000e+01 9.500000000000000000e+01 3.600000000000000000e+01 0.000000000000000000e+00 1.600000000000000089e+00 -8.533999999999999919e-03 -2.270499999999999949e-02 9.997059999999999835e-01 9.971579999999999888e-01 7.465099999999999514e-02 1.020800000000000006e-02 -7.485999999999999599e-02 9.969510000000000316e-01 2.200399999999999925e-02
2.700000000000000000e+01 9.500000000000000000e+01 3.600000000000000000e+01 0.000000000000000000e+00 1.600000000000000089e+00 -1.080999999999999930e-03 1.455799999999999976e-02 9.998930000000000318e-01 9.970869999999999456e-01 7.627699999999999758e-02 -3.300000000000000253e-05 -7.626900000000000346e-02 9.969799999999999773e-01 -1.459799999999999986e-02
2.000000000000000000e+00 2.900000000000000000e+01 4.400000000000000000e+01 0.000000000000000000e+00 1.600000000000000089e+00 2.328000000000000208e-03 -6.784000000000000100e-03 -9.999740000000000295e-01 6.871699999999999475e-01 7.264890000000000514e-01 -3.328999999999999928e-03 7.264930000000000554e-01 -6.871439999999999770e-01 6.353000000000000140e-03
8.000000000000000000e+00 2.900000000000000000e+01 4.400000000000000000e+01 0.000000000000000000e+00 1.600000000000000089e+00 1.887000000000000005e-03 -7.372000000000000081e-03 -9.999710000000000543e-01 6.824860000000000371e-01 7.308869999999999534e-01 -4.100999999999999611e-03 7.308970000000000189e-01 -6.824580000000000091e-01 6.411000000000000032e-03
2.000000000000000000e+01 2.900000000000000000e+01 4.400000000000000000e+01 0.000000000000000000e+00 1.600000000000000089e+00 -3.154999999999999818e-03 -1.270999999999999994e-03 -9.999940000000000495e-01 6.698039999999999550e-01 7.425319999999999698e-01 -3.056999999999999822e-03 7.425310000000000521e-01 -6.698100000000000165e-01 -1.490999999999999921e-03
2.600000000000000000e+01 2.900000000000000000e+01 4.400000000000000000e+01 0.000000000000000000e+00 1.600000000000000089e+00 -1.879000000000000028e-03 7.230000000000000098e-04 -9.999980000000000535e-01 6.660540000000000349e-01 7.459029999999999827e-01 -7.119999999999999593e-04 7.459010000000000362e-01 -6.660540000000000349e-01 -1.882999999999999908e-03
3.000000000000000000e+01 2.900000000000000000e+01 4.400000000000000000e+01 0.000000000000000000e+00 1.600000000000000089e+00 1.923000000000000013e-03 5.000000000000000104e-04 -9.999980000000000535e-01 6.678250000000000020e-01 7.443170000000000064e-01 1.655999999999999920e-03 7.443159999999999776e-01 -6.678260000000000307e-01 1.097000000000000102e-03
1.500000000000000000e+01 5.400000000000000000e+01 4.600000000000000000e+01 0.000000000000000000e+00 1.600000000000000089e+00 -3.730000000000000134e-04 8.422000000000000666e-03 9.999639999999999640e-01 3.425969999999999849e-01 -9.394479999999999498e-01 8.040000000000000271e-03 9.394820000000000393e-01 3.425880000000000036e-01 -2.534999999999999927e-03
4.000000000000000000e+00 6.500000000000000000e+01 4.600000000000000000e+01 0.000000000000000000e+00 1.600000000000000089e+00 1.050000000000000044e-04 1.830000000000000029e-04 1.000000000000000000e+00 6.814210000000000544e-01 -7.318919999999999870e-01 6.200000000000000270e-05 7.318919999999999870e-01 6.814210000000000544e-01 -2.010000000000000068e-04
1.700000000000000000e+01 6.500000000000000000e+01 4.600000000000000000e+01 0.000000000000000000e+00 1.600000000000000089e+00 -2.554999999999999979e-03 1.907000000000000058e-03 9.999949999999999672e-01 6.816419999999999702e-01 -7.316789999999999683e-01 3.137000000000000031e-03 7.316820000000000546e-01 6.816459999999999742e-01 5.699999999999999772e-04
4.000000000000000000e+00 5.000000000000000000e+00 5.100000000000000000e+01 0.000000000000000000e+00 1.600000000000000089e+00 -2.481999999999999831e-03 3.190999999999999826e-03 -9.999919999999999920e-01 4.868640000000000190e-01 -8.734690000000000509e-01 -3.996000000000000420e-03 -8.734739999999999727e-01 -4.868700000000000250e-01 6.139999999999999625e-04
1.800000000000000000e+01 7.000000000000000000e+00 5.200000000000000000e+01 0.000000000000000000e+00 1.600000000000000089e+00 -1.884000000000000041e-03 -2.405000000000000020e-03 -9.999949999999999672e-01 8.436799999999999855e-02 -9.964319999999999844e-01 2.236999999999999839e-03 -9.964330000000000132e-01 -8.436399999999999455e-02 2.080999999999999951e-03
1.700000000000000000e+01 1.500000000000000000e+01 5.300000000000000000e+01 0.000000000000000000e+00 1.600000000000000089e+00 3.209999999999999963e-04 1.007000000000000083e-03 -9.999989999999999712e-01 6.792599999999999749e-01 7.338980000000000503e-01 9.569999999999999514e-04 7.338980000000000503e-01 -6.792589999999999462e-01 -4.490000000000000176e-04
2.000000000000000000e+00 6.300000000000000000e+01 5.400000000000000000e+01 0.000000000000000000e+00 1.600000000000000089e+00 3.100000000000000135e-05 1.714999999999999945e-03 9.999980000000000535e-01 -3.507500000000000062e-01 9.364679999999999671e-01 -1.595000000000000064e-03 -9.364689999999999959e-01 -3.507500000000000062e-01 6.310000000000000504e-04
6.000000000000000000e+00 6.300000000000000000e+01 5.400000000000000000e+01 0.000000000000000000e+00 1.600000000000000089e+00 -4.949999999999999973e-04 8.980000000000000352e-04 1.000000000000000000e+00 -3.504360000000000253e-01 9.365860000000000296e-01 -1.013999999999999927e-03 -9.365860000000000296e-01 -3.504369999999999985e-01 -1.489999999999999897e-04
1.200000000000000000e+01 6.300000000000000000e+01 5.400000000000000000e+01 0.000000000000000000e+00 1.600000000000000089e+00 -6.329999999999999906e-04 -1.652999999999999955e-03 9.999980000000000535e-01 -3.521690000000000098e-01 9.359359999999999902e-01 1.325000000000000006e-03 -9.359359999999999902e-01 -3.521670000000000078e-01 -1.175000000000000046e-03
1.600000000000000000e+01 6.300000000000000000e+01 5.400000000000000000e+01 0.000000000000000000e+00 1.600000000000000089e+00 8.819999999999999715e-04 -1.309000000000000051e-03 9.999989999999999712e-01 -3.496270000000000211e-01 9.368880000000000541e-01 1.534999999999999906e-03 -9.368880000000000541e-01 -3.496279999999999943e-01 3.690000000000000246e-04
2.100000000000000000e+01 6.300000000000000000e+01 5.400000000000000000e+01 0.000000000000000000e+00 1.600000000000000089e+00 2.500000000000000120e-05 -7.799999999999999859e-04 1.000000000000000000e+00 -3.511139999999999817e-01 9.363329999999999709e-01 7.389999999999999651e-04 -9.363329999999999709e-01 -3.511139999999999817e-01 -2.509999999999999753e-04
2.500000000000000000e+01 6.300000000000000000e+01 5.400000000000000000e+01 0.000000000000000000e+00 1.600000000000000089e+00 3.139999999999999888e-04 -1.669999999999999935e-04 1.000000000000000000e+00 -3.509749999999999814e-01 9.363850000000000229e-01 2.669999999999999847e-04 -9.363850000000000229e-01 -3.509749999999999814e-01 2.359999999999999902e-04
2.700000000000000000e+01 6.300000000000000000e+01 5.400000000000000000e+01 0.000000000000000000e+00 1.600000000000000089e+00 9.579999999999999757e-04 1.679999999999999907e-04 1.000000000000000000e+00 -3.518999999999999906e-01 9.360380000000000367e-01 1.800000000000000113e-04 -9.360370000000000079e-01 -3.518999999999999906e-01 9.560000000000000355e-04
1.100000000000000000e+01 2.500000000000000000e+01 5.500000000000000000e+01 0.000000000000000000e+00 1.600000000000000089e+00 -2.059999999999999928e-04 -1.132999999999999893e-03 -9.999989999999999712e-01 -1.045100000000000022e-02 -9.999449999999999728e-01 1.134999999999999941e-03 -9.999449999999999728e-01 1.045100000000000022e-02 1.939999999999999993e-04
1.800000000000000000e+01 2.500000000000000000e+01 5.500000000000000000e+01 0.000000000000000000e+00 1.600000000000000089e+00 -1.910000000000000077e-04 -1.098999999999999934e-03 -9.999989999999999712e-01 -1.248999999999999937e-02 -9.999209999999999487e-01 1.101999999999999898e-03 -9.999219999999999775e-01 1.249100000000000037e-02 1.769999999999999926e-04
2.300000000000000000e+01 2.500000000000000000e+01 5.500000000000000000e+01 0.000000000000000000e+00 1.600000000000000089e+00 -9.420000000000000205e-04 -2.101000000000000003e-03 -9.999970000000000248e-01 -1.111999999999999968e-02 -9.999360000000000470e-01 2.111000000000000029e-03 -9.999379999999999935e-01 1.112199999999999994e-02 9.190000000000000035e-04
2.700000000000000000e+01 2.500000000000000000e+01 5.500000000000000000e+01 0.000000000000000000e+00 1.600000000000000089e+00 8.419999999999999750e-04 -1.436999999999999909e-03 -9.999989999999999712e-01 -1.134600000000000018e-02 -9.999350000000000183e-01 1.428000000000000016e-03 -9.999350000000000183e-01 1.134499999999999918e-02 -8.589999999999999546e-04
2.900000000000000000e+01 2.500000000000000000e+01 5.500000000000000000e+01 0.000000000000000000e+00 1.600000000000000089e+00 1.861999999999999940e-03 -1.784999999999999911e-03 -9.999970000000000248e-01 -1.196700000000000021e-02 -9.999270000000000103e-01 1.763000000000000027e-03 -9.999270000000000103e-01 1.196299999999999968e-02 -1.882999999999999908e-03
2.000000000000000000e+00 6.800000000000000000e+01 5.700000000000000000e+01 0.000000000000000000e+00 1.600000000000000089e+00 -4.079999999999999968e-04 1.418999999999999906e-03 -9.999989999999999712e-01 -2.444900000000000129e-01 -9.696510000000000407e-01 -1.276000000000000007e-03 -9.696519999999999584e-01 2.444890000000000119e-01 7.420000000000000380e-04
2.800000000000000000e+01 5.800000000000000000e+01 5.900000000000000000e+01 0.000000000000000000e+00 1.600000000000000089e+00 -4.721999999999999635e-03 5.466999999999999638e-03 -9.999740000000000295e-01 3.858429999999999915e-01 9.225590000000000179e-01 3.222000000000000038e-03 9.225520000000000387e-01 -3.858179999999999943e-01 -6.466000000000000393e-03
1.000000000000000000e+00 2.100000000000000000e+01 6.000000000000000000e+01 0.000000000000000000e+00 1.600000000000000089e+00 -1.240000000000000000e-03 1.104100000000000047e-02 9.999379999999999935e-01 -9.415600000000000358e-02 9.954950000000000188e-01 -1.110900000000000082e-02 -9.955570000000000253e-01 -9.416399999999999770e-02 -1.949999999999999965e-04
1.000000000000000000e+01 2.100000000000000000e+01 6.000000000000000000e+01 0.000000000000000000e+00 1.600000000000000089e+00 2.076999999999999853e-03 -9.188999999999999252e-03 9.999559999999999560e-01 -9.307100000000000095e-02 9.956159999999999455e-01 9.343000000000000610e-03 -9.956570000000000142e-01 -9.308600000000000207e-02 1.213000000000000102e-03
3.000000000000000000e+01 6.000000000000000000e+00 6.100000000000000000e+01 0.000000000000000000e+00 1.600000000000000089e+00 -2.981000000000000143e-03 -3.044999999999999964e-03 9.999909999999999632e-01 5.575510000000000188e-01 -8.301420000000000465e-01 -8.660000000000000163e-04 8.301370000000000138e-01 5.575440000000000396e-01 4.172000000000000361e-03
2.000000000000000000e+00 3.000000000000000000e+00 6.300000000000000000e+01 0.000000000000000000e+00 1.600000000000000089e+00 -1.394999999999999973e-03 -3.403000000000000209e-03 9.999930000000000208e-01 -6.133579999999999588e-01 7.898030000000000328e-01 1.832000000000000078e-03 -7.898039999999999505e-01 -6.133520000000000083e-01 -3.188999999999999994e-03
2.000000000000000000e+00 2.700000000000000000e+01 6.300000000000000000e+01 0.000000000000000000e+00 1.600000000000000089e+00 1.783000000000000080e-03 -1.360000000000000098e-03 9.999970000000000248e-01 -2.751430000000000264e-01 9.614019999999999788e-01 1.797999999999999902e-03 -9.614019999999999788e-01 -2.751460000000000017e-01 1.340000000000000045e-03
5.000000000000000000e+00 2.700000000000000000e+01 6.300000000000000000e+01 0.000000000000000000e+00 1.600000000000000089e+00 1.060000000000000016e-04 -1.773000000000000053e-03 9.999980000000000535e-01 -2.759389999999999898e-01 9.611730000000000551e-01 1.734000000000000081e-03 -9.611750000000000016e-01 -2.759389999999999898e-01 -3.869999999999999742e-04
1.100000000000000000e+01 2.700000000000000000e+01 6.300000000000000000e+01 0.000000000000000000e+00 1.600000000000000089e+00 3.736000000000000171e-03 8.399999999999999535e-05 9.999930000000000208e-01 -2.793350000000000000e-01 9.601929999999999632e-01 9.629999999999999888e-04 -9.601859999999999840e-01 -2.793370000000000020e-01 3.611000000000000060e-03
1.500000000000000000e+01 2.700000000000000000e+01 6.300000000000000000e+01 0.000000000000000000e+00 1.600000000000000089e+00 2.661999999999999870e-03 8.219000000000000611e-03 9.999630000000000463e-01 -2.738929999999999976e-01 9.617329999999999490e-01 -7.174999999999999954e-03 -9.617560000000000553e-01 -2.738639999999999963e-01 4.811000000000000172e-03
2.300000000000000000e+01 2.700000000000000000e+01 6.300000000000000000e+01 0.000000000000000000e+00 1.600000000000000089e+00 -1.693000000000000060e-03 -5.930000000000000375e-03 9.999810000000000088e-01 -2.775340000000000029e-01 9.607019999999999449e-01 5.226999999999999875e-03 -9.607139999999999569e-01 -2.775190000000000157e-01 -3.272000000000000169e-03
2.700000000000000000e+01 2.700000000000000000e+01 6.300000000000000000e+01 0.000000000000000000e+00 1.600000000000000089e+00 -2.199999999999999943e-05 -9.964000000000000634e-03 9.999500000000000055e-01 -2.790420000000000122e-01 9.602309999999999457e-01 9.563000000000000320e-03 -9.602789999999999937e-01 -2.790279999999999982e-01 -2.801000000000000104e-03
6.000000000000000000e+00 2.600000000000000000e+01 6.400000000000000000e+01 0.000000000000000000e+00 1.600000000000000089e+00 9.389999999999999476e-04 -4.668000000000000274e-03 9.999890000000000168e-01 -3.588520000000000043e-01 9.333829999999999627e-01 4.694000000000000256e-03 -9.333939999999999459e-01 -3.588520000000000043e-01 -7.990000000000000140e-04
1.100000000000000000e+01 2.600000000000000000e+01 6.400000000000000000e+01 0.000000000000000000e+00 1.600000000000000089e+00 4.015999999999999605e-03 -2.000000000000000096e-04 9.999919999999999920e-01 -3.613569999999999838e-01 9.324259999999999771e-01 1.637000000000000000e-03 -9.324189999999999978e-01 -3.613600000000000145e-01 3.671999999999999917e-03
1.800000000000000000e+01 2.600000000000000000e+01 6.400000000000000000e+01 0.000000000000000000e+00 1.600000000000000089e+00 -3.106999999999999953e-03 7.509000000000000050e-03 9.999670000000000503e-01 -3.505610000000000115e-01 9.365050000000000319e-01 -8.120999999999999747e-03 -9.365350000000000064e-01 -3.505739999999999967e-01 -2.779999999999999811e-04
2.300000000000000000e+01 2.600000000000000000e+01 6.400000000000000000e+01 0.000000000000000000e+00 1.600000000000000089e+00 -8.829999999999999958e-04 -5.957999999999999755e-03 9.999820000000000375e-01 -3.590099999999999958e-01 9.333190000000000097e-01 5.244000000000000397e-03 -9.333329999999999682e-01 -3.589990000000000125e-01 -2.962999999999999922e-03
2.700000000000000000e+01 2.600000000000000000e+01 6.400000000000000000e+01 0.000000000000000000e+00 1.600000000000000089e+00 1.172000000000000082e-03 -9.815000000000000807e-03 9.999510000000000343e-01 -3.592699999999999783e-01 9.331840000000000135e-01 9.580999999999999239e-03 -9.332329999999999792e-01 -3.592639999999999723e-01 -2.432000000000000134e-03
3.000000000000000000e+00 2.500000000000000000e+01 7.300000000000000000e+01 0.000000000000000000e+00 1.600000000000000089e+00 1.069000000000000072e-03 4.818000000000000234e-03 9.999879999999999880e-01 7.496749999999999803e-01 -6.618020000000000014e-01 2.386999999999999799e-03 6.618060000000000054e-01 7.496629999999999683e-01 -4.318999999999999923e-03
6.000000000000000000e+00 2.500000000000000000e+01 7.300000000000000000e+01 0.000000000000000000e+00 1.600000000000000089e+00 8.840000000000000201e-04 2.354000000000000190e-03 9.999970000000000248e-01 7.511079999999999979e-01 -6.601789999999999603e-01 8.899999999999999491e-04 6.601789999999999603e-01 7.511050000000000226e-01 -2.350999999999999791e-03
1.200000000000000000e+01 2.500000000000000000e+01 7.300000000000000000e+01 0.000000000000000000e+00 1.600000000000000089e+00 6.340000000000000149e-04 -7.759999999999999971e-04 9.999989999999999712e-01 7.496770000000000378e-01 -6.618030000000000301e-01 -9.890000000000000787e-04 6.618039999999999479e-01 7.496770000000000378e-01 1.620000000000000075e-04
1.600000000000000000e+01 2.500000000000000000e+01 7.300000000000000000e+01 0.000000000000000000e+00 1.600000000000000089e+00 4.260000000000000006e-04 -1.203999999999999992e-03 9.999989999999999712e-01 7.482499999999999707e-01 -6.634160000000000057e-01 -1.118000000000000070e-03 6.634170000000000345e-01 7.482499999999999707e-01 6.179999999999999513e-04
2.500000000000000000e+01 2.500000000000000000e+01 7.300000000000000000e+01 0.000000000000000000e+00 1.600000000000000089e+00 1.498999999999999898e-03 2.520999999999999804e-03 9.999959999999999960e-01 7.566960000000000353e-01 -6.537659999999999583e-01 5.140000000000000254e-04 6.537650000000000405e-01 7.566920000000000313e-01 -2.886999999999999809e-03
3.000000000000000000e+01 2.500000000000000000e+01 7.300000000000000000e+01 0.000000000000000000e+00 1.600000000000000089e+00 1.744000000000000107e-03 -1.046999999999999971e-03 9.999980000000000535e-01 7.564429999999999765e-01 -6.540569999999999995e-01 -2.004000000000000139e-03 6.540580000000000283e-01 7.564450000000000340e-01 -3.490000000000000263e-04
2.000000000000000000e+00 4.400000000000000000e+01 7.300000000000000000e+01 0.000000000000000000e+00 1.600000000000000089e+00 3.284000000000000027e-03 7.569999999999999689e-04 9.999940000000000495e-01 4.794500000000000151e-02 -9.988500000000000156e-01 5.990000000000000316e-04 9.988449999999999829e-01 4.794299999999999951e-02 -3.315999999999999937e-03
1.100000000000000000e+01 4.400000000000000000e+01 7.300000000000000000e+01 0.000000000000000000e+00 1.600000000000000089e+00 -3.200000000000000262e-04 -1.876999999999999979e-03 9.999980000000000535e-01 5.095899999999999735e-02 -9.986990000000000034e-01 -1.858999999999999975e-03 9.987009999999999499e-01 5.095800000000000329e-02 4.150000000000000043e-04
1.700000000000000000e+01 4.400000000000000000e+01 7.300000000000000000e+01 0.000000000000000000e+00 1.600000000000000089e+00 4.130000000000000099e-04 -2.095000000000000074e-03 9.999980000000000535e-01 4.785600000000000270e-02 -9.988519999999999621e-01 -2.112000000000000162e-03 9.988540000000000196e-01 4.785699999999999676e-02 -3.119999999999999944e-04
