1.700000000000000000e+01 2.500000000000000000e+01 1.000000000000000000e+00 0.000000000000000000e+00 1.600000000000000089e+00 -4.063999999999999904e-03 -4.662000000000000345e-03 -9.999810000000000088e-01 -5.310570000000000013e-01 -8.473140000000000116e-01 6.107999999999999714e-03 -8.473270000000000524e-01 5.310709999999999598e-01 9.669999999999999776e-04
2.600000000000000000e+01 2.500000000000000000e+01 1.000000000000000000e+00 0.000000000000000000e+00 1.600000000000000089e+00 -8.159999999999999936e-04 -4.910999999999999567e-03 -9.999879999999999880e-01 -5.247429999999999595e-01 -8.512480000000000047e-01 4.609000000000000249e-03 -8.512600000000000167e-01 5.247399999999999842e-01 -1.881999999999999992e-03
5.000000000000000000e+00 1.500000000000000000e+01 4.000000000000000000e+00 0.000000000000000000e+00 1.600000000000000089e+00 -1.002000000000000069e-03 2.922999999999999817e-03 9.999949999999999672e-01 2.933250000000000024e-01 -9.560079999999999689e-01 3.088000000000000033e-03 9.560119999999999729e-01 2.933270000000000044e-01 1.000000000000000048e-04
1.100000000000000000e+01 1.500000000000000000e+01 4.000000000000000000e+00 0.000000000000000000e+00 1.600000000000000089e+00 4.110000000000000155e-04 -2.746000000000000177e-03 9.999959999999999960e-01 2.939590000000000258e-01 -9.558140000000000525e-01 -2.745000000000000044e-03 9.558179999999999454e-01 2.939590000000000258e-01 4.150000000000000043e-04
1.700000000000000000e+01 1.500000000000000000e+01 4.000000000000000000e+00 0.000000000000000000e+00 1.600000000000000089e+00 2.750000000000000166e-04 -1.964700000000000127e-02 9.998070000000000013e-01 2.903589999999999782e-01 -9.567320000000000269e-01 -1.888000000000000095e-02 9.569180000000000463e-01 2.903080000000000105e-01 5.441999999999999789e-03
2.700000000000000000e+01 1.500000000000000000e+01 4.000000000000000000e+00 0.000000000000000000e+00 1.600000000000000089e+00 -3.637000000000000042e-03 -1.228699999999999931e-02 9.999179999999999735e-01 2.824499999999999789e-01 -9.592220000000000191e-01 -1.075899999999999947e-02 9.592749999999999888e-01 2.823869999999999991e-01 6.958999999999999908e-03
5.000000000000000000e+00 1.010000000000000000e+02 7.000000000000000000e+00 0.000000000000000000e+00 1.600000000000000089e+00 2.077999999999999986e-03 2.056000000000000102e-03 9.999959999999999960e-01 8.846100000000000074e-01 4.663229999999999875e-01 -2.797000000000000007e-03 -4.663269999999999915e-01 8.846119999999999539e-01 -8.490000000000000368e-04
1.300000000000000000e+01 1.010000000000000000e+02 7.000000000000000000e+00 0.000000000000000000e+00 1.600000000000000089e+00 -2.063999999999999863e-03 -1.562699999999999853e-02 9.998759999999999870e-01 8.867660000000000542e-01 4.621299999999999852e-01 9.053000000000000283e-03 -4.622140000000000137e-01 8.866749999999999909e-01 1.290400000000000054e-02
2.300000000000000000e+01 1.010000000000000000e+02 7.000000000000000000e+00 0.000000000000000000e+00 1.600000000000000089e+00 -1.085000000000000027e-03 -3.106999999999999953e-03 9.999949999999999672e-01 8.859479999999999578e-01 4.637780000000000236e-01 2.403000000000000188e-03 -4.637830000000000008e-01 8.859460000000000113e-01 2.249000000000000131e-03
2.900000000000000000e+01 1.010000000000000000e+02 7.000000000000000000e+00 0.000000000000000000e+00 1.600000000000000089e+00 -2.118999999999999790e-03 2.971000000000000116e-03 9.999930000000000208e-01 8.837420000000000275e-01 4.679740000000000011e-01 4.820000000000000066e-04 -4.679690000000000238e-01 8.837369999999999948e-01 -3.616999999999999989e-03
4.000000000000000000e+00 1.500000000000000000e+01 8.000000000000000000e+00 0.000000000000000000e+00 1.600000000000000089e+00 -1.825999999999999932e-03 -1.978000000000000157e-03 -9.999959999999999960e-01 -5.917339999999999822e-01 -8.061289999999999845e-01 2.674999999999999861e-03 -8.061319999999999597e-01 5.917360000000000397e-01 3.009999999999999980e-04
1.500000000000000000e+01 1.500000000000000000e+01 8.000000000000000000e+00 0.000000000000000000e+00 1.600000000000000089e+00 -2.096999999999999906e-03 -6.573999999999999982e-03 -9.999759999999999760e-01 -5.911969999999999725e-01 -8.065010000000000234e-01 6.542000000000000072e-03 -8.065250000000000474e-01 5.911969999999999725e-01 -2.196000000000000035e-03
1.900000000000000000e+01 1.500000000000000000e+01 8.000000000000000000e+00 0.000000000000000000e+00 1.600000000000000089e+00 -3.115000000000000147e-03 -2.016199999999999937e-02 -9.997920000000000140e-01 -5.937989999999999657e-01 -8.044099999999999584e-01 1.807200000000000126e-02 -8.046069999999999611e-01 5.937320000000000375e-01 -9.466999999999999721e-03
2.900000000000000000e+01 1.500000000000000000e+01 8.000000000000000000e+00 0.000000000000000000e+00 1.600000000000000089e+00 -2.281000000000000041e-03 -1.953000000000000092e-03 -9.999949999999999672e-01 -5.934230000000000338e-01 -8.048849999999999616e-01 2.926000000000000215e-03 -8.048870000000000191e-01 5.934270000000000378e-01 6.769999999999999759e-04
4.000000000000000000e+00 2.400000000000000000e+01 9.000000000000000000e+00 0.000000000000000000e+00 1.600000000000000089e+00 2.677999999999999825e-03 1.112900000000000000e-02 -9.999339999999999895e-01 4.593169999999999753e-01 8.882029999999999648e-01 1.111599999999999915e-02 8.882689999999999753e-01 -4.593160000000000021e-01 -2.733000000000000186e-03
9.000000000000000000e+00 2.400000000000000000e+01 9.000000000000000000e+00 0.000000000000000000e+00 1.600000000000000089e+00 1.149000000000000065e-03 3.913999999999999944e-03 -9.999919999999999920e-01 4.598070000000000213e-01 8.880099999999999660e-01 4.003999999999999747e-03 8.880179999999999740e-01 -4.598070000000000213e-01 -7.799999999999999859e-04
1.400000000000000000e+01 2.400000000000000000e+01 9.000000000000000000e+00 0.000000000000000000e+00 1.600000000000000089e+00 2.370999999999999844e-03 8.448000000000000648e-03 -9.999609999999999888e-01 4.585879999999999956e-01 8.886070000000000357e-01 8.593999999999999209e-03 8.886460000000000470e-01 -4.585910000000000264e-01 -1.766999999999999908e-03
1.900000000000000000e+01 2.400000000000000000e+01 9.000000000000000000e+00 0.000000000000000000e+00 1.600000000000000089e+00 4.266999999999999960e-03 1.063300000000000009e-02 -9.999339999999999895e-01 4.581990000000000229e-01 8.887760000000000105e-01 1.140599999999999947e-02 8.888390000000000457e-01 -4.582180000000000142e-01 -1.080000000000000014e-03
2.100000000000000000e+01 2.400000000000000000e+01 9.000000000000000000e+00 0.000000000000000000e+00 1.600000000000000089e+00 4.536000000000000101e-03 1.042200000000000071e-02 -9.999350000000000183e-01 4.574650000000000105e-01 8.891550000000000287e-01 1.134300000000000065e-02 8.892160000000000064e-01 -4.574869999999999770e-01 -7.349999999999999763e-04
2.400000000000000000e+01 2.400000000000000000e+01 9.000000000000000000e+00 0.000000000000000000e+00 1.600000000000000089e+00 3.857000000000000185e-03 7.492000000000000395e-03 -9.999649999999999928e-01 4.560210000000000097e-01 8.899289999999999701e-01 8.427000000000000463e-03 8.899610000000000021e-01 -4.560370000000000257e-01 1.599999999999999928e-05
2.800000000000000000e+01 2.400000000000000000e+01 9.000000000000000000e+00 0.000000000000000000e+00 1.600000000000000089e+00 9.859999999999998974e-04 1.170999999999999949e-03 -9.999989999999999712e-01 4.539790000000000214e-01 8.910109999999999975e-01 1.490999999999999921e-03 8.910120000000000262e-01 -4.539799999999999947e-01 3.469999999999999777e-04
7.000000000000000000e+00 4.000000000000000000e+00 1.100000000000000000e+01 0.000000000000000000e+00 1.600000000000000089e+00 1.972999999999999927e-03 1.462300000000000058e-02 -9.998909999999999743e-01 2.083099999999999952e-01 9.779520000000000435e-01 1.471300000000000038e-02 9.780609999999999582e-01 -2.083170000000000022e-01 -1.116000000000000021e-03
1.100000000000000000e+01 4.000000000000000000e+00 1.100000000000000000e+01 0.000000000000000000e+00 1.600000000000000089e+00 3.106999999999999953e-03 2.109700000000000117e-02 -9.997730000000000228e-01 2.019509999999999916e-01 9.791640000000000343e-01 2.128999999999999990e-02 9.793910000000000116e-01 -2.019710000000000116e-01 -1.217999999999999899e-03
2.100000000000000000e+01 4.000000000000000000e+00 1.100000000000000000e+01 0.000000000000000000e+00 1.600000000000000089e+00 8.739999999999999939e-04 2.206299999999999928e-02 -9.997559999999999780e-01 1.752279999999999949e-01 9.842849999999999655e-01 2.187499999999999861e-02 9.845270000000000410e-01 -1.752049999999999996e-01 -3.004999999999999859e-03
3.000000000000000000e+00 3.100000000000000000e+01 1.200000000000000000e+01 0.000000000000000000e+00 1.600000000000000089e+00 -1.912000000000000071e-03 3.076999999999999874e-03 9.999940000000000495e-01 -1.928200000000000053e-02 9.998089999999999478e-01 -3.112999999999999882e-03 -9.998120000000000340e-01 -1.928799999999999959e-02 -1.851999999999999914e-03
8.000000000000000000e+00 3.100000000000000000e+01 1.200000000000000000e+01 0.000000000000000000e+00 1.600000000000000089e+00 -2.519999999999999996e-04 5.169999999999999899e-04 1.000000000000000000e+00 -1.630200000000000052e-02 9.998669999999999503e-01 -5.209999999999999788e-04 -9.998669999999999503e-01 -1.630300000000000152e-02 -2.429999999999999977e-04
1.200000000000000000e+01 3.100000000000000000e+01 1.200000000000000000e+01 0.000000000000000000e+00 1.600000000000000089e+00 2.359999999999999902e-04 2.200000000000000133e-03 9.999980000000000535e-01 -1.652700000000000002e-02 9.998609999999999998e-01 -2.194999999999999903e-03 -9.998629999999999463e-01 -1.652700000000000002e-02 2.719999999999999979e-04
2.100000000000000000e+01 3.000000000000000000e+00 1.300000000000000000e+01 0.000000000000000000e+00 1.600000000000000089e+00 6.520000000000000188e-04 2.221700000000000064e-02 9.997530000000000028e-01 -2.867000000000000191e-03 9.997489999999999988e-01 -2.221499999999999864e-02 -9.999959999999999960e-01 -2.851999999999999934e-03 7.159999999999999481e-04
2.300000000000000000e+01 3.000000000000000000e+00 1.300000000000000000e+01 0.000000000000000000e+00 1.600000000000000089e+00 5.000000000000000104e-04 1.634499999999999842e-02 9.998660000000000325e-01 -1.583999999999999905e-03 9.998650000000000038e-01 -1.634400000000000089e-02 -9.999989999999999712e-01 -1.575999999999999927e-03 5.259999999999999919e-04
2.600000000000000000e+01 3.000000000000000000e+00 1.300000000000000000e+01 0.000000000000000000e+00 1.600000000000000089e+00 3.559999999999999797e-04 7.107999999999999735e-03 9.999749999999999472e-01 -1.675000000000000057e-03 9.999730000000000008e-01 -7.106999999999999602e-03 -9.999989999999999712e-01 -1.672000000000000092e-03 3.680000000000000003e-04
3.000000000000000000e+00 1.200000000000000000e+01 1.500000000000000000e+01 0.000000000000000000e+00 1.600000000000000089e+00 2.030000000000000012e-04 -8.000000000000000654e-05 -1.000000000000000000e+00 -4.730369999999999853e-01 -8.810419999999999918e-01 -2.599999999999999840e-05 -8.810419999999999918e-01 4.730369999999999853e-01 -2.169999999999999891e-04
1.600000000000000000e+01 1.200000000000000000e+01 1.500000000000000000e+01 0.000000000000000000e+00 1.600000000000000089e+00 -1.008999999999999914e-03 -2.772000000000000158e-03 -9.999959999999999960e-01 -4.731009999999999938e-01 -8.810040000000000093e-01 2.919999999999999853e-03 -8.810080000000000133e-01 4.731009999999999938e-01 -4.229999999999999819e-04
2.300000000000000000e+01 1.200000000000000000e+01 1.500000000000000000e+01 0.000000000000000000e+00 1.600000000000000089e+00 -1.356000000000000000e-03 -9.695000000000000492e-03 -9.999519999999999520e-01 -4.710679999999999867e-01 -8.820489999999999720e-01 9.190000000000000252e-03 -8.820959999999999912e-01 4.710579999999999767e-01 -3.370999999999999865e-03
2.800000000000000000e+01 1.200000000000000000e+01 1.500000000000000000e+01 0.000000000000000000e+00 1.600000000000000089e+00 -2.576999999999999864e-03 -1.428999999999999932e-03 -9.999959999999999960e-01 -4.669449999999999990e-01 -8.842830000000000412e-01 2.467000000000000009e-03 -8.842830000000000412e-01 4.669490000000000030e-01 1.611999999999999935e-03
4.000000000000000000e+00 1.160000000000000000e+02 1.600000000000000000e+01 0.000000000000000000e+00 1.600000000000000089e+00 1.085000000000000027e-03 2.088000000000000012e-03 9.999970000000000248e-01 7.001549999999999718e-01 7.139870000000000383e-01 -2.250999999999999963e-03 -7.139900000000000135e-01 7.001560000000000006e-01 -6.870000000000000022e-04
1.200000000000000000e+01 1.160000000000000000e+02 1.600000000000000000e+01 0.000000000000000000e+00 1.600000000000000089e+00 -1.472000000000000001e-03 -1.873000000000000099e-03 9.999970000000000248e-01 6.680230000000000334e-01 7.441370000000000484e-01 2.377000000000000206e-03 -7.441389999999999949e-01 6.680249999999999799e-01 1.559999999999999972e-04
3.000000000000000000e+00 2.000000000000000000e+00 1.900000000000000000e+01 0.000000000000000000e+00 1.600000000000000089e+00 -1.182000000000000108e-03 -8.557999999999999635e-03 -9.999630000000000463e-01 2.201929999999999998e-01 -9.754230000000000400e-01 8.087999999999999703e-03 -9.754559999999999897e-01 -2.201750000000000096e-01 3.037000000000000203e-03
1.300000000000000000e+01 2.000000000000000000e+00 1.900000000000000000e+01 0.000000000000000000e+00 1.600000000000000089e+00 4.017999999999999870e-03 4.133999999999999654e-03 -9.999829999999999552e-01 2.149429999999999952e-01 -9.766209999999999614e-01 -3.173000000000000039e-03 -9.766179999999999861e-01 -2.149270000000000069e-01 -4.812000000000000305e-03
2.000000000000000000e+01 2.000000000000000000e+00 1.900000000000000000e+01 0.000000000000000000e+00 1.600000000000000089e+00 -5.900000000000000296e-04 -6.229000000000000162e-03 -9.999799999999999800e-01 2.100450000000000095e-01 -9.776730000000000143e-01 5.967000000000000082e-03 -9.776909999999999767e-01 -2.100380000000000025e-01 1.884999999999999957e-03
2.600000000000000000e+01 2.000000000000000000e+00 1.900000000000000000e+01 0.000000000000000000e+00 1.600000000000000089e+00 1.899999999999999996e-03 -1.475899999999999955e-02 -9.998890000000000278e-01 2.136240000000000083e-01 -9.768029999999999768e-01 1.482400000000000037e-02 -9.769139999999999491e-01 -2.136280000000000123e-01 1.296999999999999976e-03
2.200000000000000000e+01 4.000000000000000000e+00 2.000000000000000000e+01 0.000000000000000000e+00 1.600000000000000089e+00 1.101999999999999898e-03 -7.682999999999999725e-03 -9.999700000000000255e-01 2.981260000000000021e-01 -9.544960000000000111e-01 7.662000000000000408e-03 -9.545259999999999856e-01 -2.981249999999999734e-01 1.237999999999999951e-03
1.000000000000000000e+00 1.300000000000000000e+01 2.000000000000000000e+01 0.000000000000000000e+00 1.600000000000000089e+00 2.709999999999999735e-04 -1.585000000000000037e-03 9.999989999999999712e-01 2.601840000000000264e-01 9.655580000000000274e-01 1.459000000000000010e-03 -9.655589999999999451e-01 2.601829999999999976e-01 6.740000000000000114e-04
4.000000000000000000e+00 1.300000000000000000e+01 2.000000000000000000e+01 0.000000000000000000e+00 1.600000000000000089e+00 -4.500000000000000283e-05 3.879999999999999985e-04 1.000000000000000000e+00 2.601910000000000056e-01 9.655569999999999986e-01 -3.629999999999999872e-04 -9.655569999999999986e-01 2.601910000000000056e-01 -1.440000000000000036e-04
1.300000000000000000e+01 1.300000000000000000e+01 2.000000000000000000e+01 0.000000000000000000e+00 1.600000000000000089e+00 -2.359999999999999902e-04 1.175000000000000046e-03 9.999989999999999712e-01 2.618320000000000092e-01 9.651129999999999987e-01 -1.072000000000000036e-03 -9.651129999999999987e-01 2.618320000000000092e-01 -5.360000000000000181e-04
1.600000000000000000e+01 1.300000000000000000e+01 2.000000000000000000e+01 0.000000000000000000e+00 1.600000000000000089e+00 -9.129999999999999661e-04 -6.173999999999999801e-03 9.999810000000000088e-01 2.623610000000000109e-01 9.649499999999999744e-01 6.198000000000000384e-03 -9.649689999999999657e-01 2.623610000000000109e-01 7.380000000000000492e-04
2.400000000000000000e+01 1.300000000000000000e+01 2.000000000000000000e+01 0.000000000000000000e+00 1.600000000000000089e+00 4.699999999999999859e-04 8.229999999999999469e-04 1.000000000000000000e+00 2.644460000000000144e-01 9.644000000000000350e-01 -9.179999999999999792e-04 -9.644000000000000350e-01 2.644460000000000144e-01 2.349999999999999930e-04
2.900000000000000000e+01 1.300000000000000000e+01 2.000000000000000000e+01 0.000000000000000000e+00 1.600000000000000089e+00 4.960000000000000216e-04 1.941999999999999933e-03 9.999980000000000535e-01 2.632590000000000208e-01 9.647229999999999972e-01 -2.004000000000000139e-03 -9.647250000000000547e-01 2.632599999999999940e-01 -3.199999999999999855e-05
7.000000000000000000e+00 1.600000000000000000e+01 2.100000000000000000e+01 0.000000000000000000e+00 1.600000000000000089e+00 4.020000000000000136e-04 3.297000000000000017e-03 9.999940000000000495e-01 3.023080000000000211e-01 9.532049999999999690e-01 -3.263999999999999974e-03 -9.532100000000000017e-01 3.023069999999999924e-01 -6.130000000000000466e-04
1.300000000000000000e+01 1.600000000000000000e+01 2.100000000000000000e+01 0.000000000000000000e+00 1.600000000000000089e+00 -3.699999999999999947e-04 3.311999999999999840e-03 9.999949999999999672e-01 2.998500000000000054e-01 9.539809999999999679e-01 -3.047999999999999928e-03 -9.539860000000000007e-01 2.998469999999999747e-01 -1.345999999999999974e-03
1.600000000000000000e+01 1.600000000000000000e+01 2.100000000000000000e+01 0.000000000000000000e+00 1.600000000000000089e+00 -2.149999999999999947e-04 -8.184000000000000302e-03 9.999670000000000503e-01 3.005329999999999946e-01 9.537390000000000034e-01 7.870000000000000259e-03 -9.537710000000000354e-01 3.005249999999999866e-01 2.255000000000000060e-03
2.000000000000000000e+01 1.600000000000000000e+01 2.100000000000000000e+01 0.000000000000000000e+00 1.600000000000000089e+00 1.281999999999999936e-03 -7.832999999999999685e-03 9.999679999999999680e-01 3.034080000000000110e-01 9.528339999999999588e-01 7.074999999999999692e-03 -9.528600000000000403e-01 3.033899999999999930e-01 3.598000000000000070e-03
2.400000000000000000e+01 1.600000000000000000e+01 2.100000000000000000e+01 0.000000000000000000e+00 1.600000000000000089e+00 -3.359999999999999814e-04 -3.397999999999999979e-03 9.999940000000000495e-01 3.028870000000000173e-01 9.530210000000000070e-01 3.340999999999999786e-03 -9.530260000000000398e-01 3.028870000000000173e-01 7.089999999999999948e-04
5.000000000000000000e+00 4.600000000000000000e+01 2.700000000000000000e+01 0.000000000000000000e+00 1.600000000000000089e+00 1.044999999999999922e-03 1.727999999999999935e-03 -9.999980000000000535e-01 6.570700000000000429e-01 7.538270000000000248e-01 1.988999999999999883e-03 7.538289999999999713e-01 -6.570709999999999607e-01 -3.480000000000000020e-04
2.400000000000000000e+01 4.600000000000000000e+01 2.700000000000000000e+01 0.000000000000000000e+00 1.600000000000000089e+00 -1.348000000000000023e-03 5.400000000000000069e-04 -9.999989999999999712e-01 6.685299999999999576e-01 7.436850000000000405e-01 -4.989999999999999861e-04 7.436840000000000117e-01 -6.685299999999999576e-01 -1.363000000000000062e-03
4.000000000000000000e+00 4.600000000000000000e+01 3.000000000000000000e+01 0.000000000000000000e+00 1.600000000000000089e+00 4.260000000000000006e-04 1.703000000000000087e-03 -9.999989999999999712e-01 3.176340000000000274e-01 9.482120000000000548e-01 1.750000000000000036e-03 9.482129999999999725e-01 -3.176350000000000007e-01 -1.369999999999999961e-04
8.000000000000000000e+00 4.600000000000000000e+01 3.000000000000000000e+01 0.000000000000000000e+00 1.600000000000000089e+00 1.356999999999999916e-03 -1.010000000000000020e-04 -9.999989999999999712e-01 3.241789999999999949e-01 9.459959999999999480e-01 3.440000000000000132e-04 9.459950000000000303e-01 -3.241789999999999949e-01 1.315999999999999896e-03
1.600000000000000000e+01 4.600000000000000000e+01 3.000000000000000000e+01 0.000000000000000000e+00 1.600000000000000089e+00 1.183999999999999940e-03 2.079000000000000119e-03 -9.999970000000000248e-01 3.256339999999999790e-01 9.454930000000000279e-01 2.350999999999999791e-03 9.454949999999999743e-01 -3.256359999999999810e-01 4.420000000000000101e-04
2.100000000000000000e+01 4.600000000000000000e+01 3.000000000000000000e+01 0.000000000000000000e+00 1.600000000000000089e+00 -3.609999999999999928e-04 -1.681999999999999901e-03 -9.999989999999999712e-01 3.238199999999999967e-01 9.461169999999999858e-01 -1.708000000000000100e-03 9.461190000000000433e-01 -3.238199999999999967e-01 2.030000000000000012e-04
6.000000000000000000e+00 5.800000000000000000e+01 3.100000000000000000e+01 0.000000000000000000e+00 1.600000000000000089e+00 -2.070999999999999924e-03 -1.794999999999999938e-03 9.999959999999999960e-01 -7.783970000000000056e-01 -6.277660000000000462e-01 -2.739000000000000115e-03 6.277679999999999927e-01 -7.783999999999999808e-01 -9.699999999999999963e-05
8.000000000000000000e+00 5.800000000000000000e+01 3.100000000000000000e+01 0.000000000000000000e+00 1.600000000000000089e+00 -1.276999999999999923e-03 -1.850000000000000082e-03 9.999970000000000248e-01 -7.809829999999999828e-01 -6.245490000000000208e-01 -2.152999999999999966e-03 6.245509999999999673e-01 -7.809840000000000115e-01 -6.470000000000000057e-04
2.000000000000000000e+01 5.800000000000000000e+01 3.100000000000000000e+01 0.000000000000000000e+00 1.600000000000000089e+00 -2.325999999999999943e-03 -4.074999999999999629e-03 9.999890000000000168e-01 -7.858300000000000285e-01 -6.184279999999999777e-01 -4.348000000000000302e-03 6.184389999999999610e-01 -7.858309999999999462e-01 -1.763999999999999943e-03
2.700000000000000000e+01 5.800000000000000000e+01 3.100000000000000000e+01 0.000000000000000000e+00 1.600000000000000089e+00 1.544999999999999932e-03 -5.940000000000000184e-04 9.999989999999999712e-01 -7.819639999999999924e-01 -6.233229999999999604e-01 8.379999999999999862e-04 6.233220000000000427e-01 -7.819639999999999924e-01 -1.428000000000000016e-03
4.000000000000000000e+00 4.600000000000000000e+01 3.500000000000000000e+01 0.000000000000000000e+00 1.600000000000000089e+00 -2.169999999999999891e-04 -8.999999999999999754e-04 -1.000000000000000000e+00 3.851629999999999776e-01 -9.228480000000000016e-01 7.470000000000000511e-04 -9.228490000000000304e-01 -3.851620000000000044e-01 5.469999999999999602e-04
8.000000000000000000e+00 4.600000000000000000e+01 3.500000000000000000e+01 0.000000000000000000e+00 1.600000000000000089e+00 -1.628000000000000107e-03 5.950000000000000427e-04 -9.999989999999999712e-01 3.852829999999999866e-01 -9.227980000000000071e-01 -1.177000000000000095e-03 -9.227969999999999784e-01 -3.852840000000000154e-01 1.273000000000000043e-03
1.300000000000000000e+01 4.600000000000000000e+01 3.500000000000000000e+01 0.000000000000000000e+00 1.600000000000000089e+00 -1.162000000000000055e-03 3.371999999999999997e-03 -9.999940000000000495e-01 3.860040000000000138e-01 -9.224900000000000322e-01 -3.559000000000000098e-03 -9.224959999999999827e-01 -3.860060000000000158e-01 -2.290000000000000098e-04
1.900000000000000000e+01 4.600000000000000000e+01 3.500000000000000000e+01 0.000000000000000000e+00 1.600000000000000089e+00 -7.600000000000000418e-05 -2.465000000000000177e-03 -9.999970000000000248e-01 3.860850000000000115e-01 -9.224609999999999754e-01 2.245000000000000034e-03 -9.224630000000000329e-01 -3.860830000000000095e-01 1.021999999999999905e-03
2.300000000000000000e+01 4.600000000000000000e+01 3.500000000000000000e+01 0.000000000000000000e+00 1.600000000000000089e+00 -4.949999999999999973e-04 4.220000000000000118e-04 -1.000000000000000000e+00 3.869790000000000174e-01 -9.220880000000000187e-01 -5.810000000000000277e-04 -9.220880000000000187e-01 -3.869790000000000174e-01 2.930000000000000204e-04
2.900000000000000000e+01 4.600000000000000000e+01 3.500000000000000000e+01 0.000000000000000000e+00 1.600000000000000089e+00 -2.640000000000000202e-04 -1.938999999999999968e-03 -9.999980000000000535e-01 3.855000000000000093e-01 -9.227060000000000262e-01 1.688000000000000047e-03 -9.227079999999999727e-01 -3.854989999999999806e-01 9.909999999999999105e-04
3.000000000000000000e+00 9.500000000000000000e+01 3.600000000000000000e+01 0.000000000000000000e+00 1.600000000000000089e+00 3.557999999999999965e-03 -1.173800000000000017e-02 9.999249999999999527e-01 9.973300000000000498e-01 7.297900000000000220e-02 -2.691999999999999948e-03 -7.294200000000000683e-02 9.972640000000000393e-01 1.196700000000000021e-02
8.000000000000000000e+00 9.500000000000000000e+01 3.600000000000000000e+01 0.000000000000000000e+00 1.600000000000000089e+00 3.350999999999999812e-03 2.517000000000000140e-03 9.999909999999999632e-01 9.967979999999999619e-01 7.988000000000000655e-02 -3.542000000000000010e-03 -7.988800000000000068e-02 9.968010000000000481e-01 -2.240999999999999936e-03
1.300000000000000000e+01 9.500000000000000000e+01 3.600000000000000000e+01 0.000000000000000000e+00 1.600000000000000089e+00 -2.707000000000000205e-03 -3.196000000000000056e-03 9.999909999999999632e-01 9.965730000000000421e-01 8.266800000000000537e-02 2.961999999999999789e-03 -8.267700000000000049e-02 9.965720000000000134e-01 2.961000000000000090e-03
2.100000000000000000e+01 9.500000000000000000e+01 3.600000000000000000e+01 0.000000000000000000e+00 1.600000000000000089e+00 -4.329000000000000382e-03 -2.438900000000000096e-02 9.996930000000000538e-01 9.972579999999999778e-01 7.375600000000000211e-02 6.118000000000000174e-03 -7.388300000000000423e-02 9.969780000000000308e-01 2.400300000000000003e-02
2.600000000000000000e+01 9.500000000000000000e+01 3.600000000000000000e+01 0.000000000000000000e+00 1.600000000000000089e+00 -2.122999999999999887e-03 -1.214699999999999981e-02 9.999240000000000350e-01 9.975829999999999975e-01 6.941500000000000448e-02 2.961000000000000090e-03 -6.944599999999999385e-02 9.975140000000000118e-01 1.196999999999999974e-02
7.000000000000000000e+00 3.000000000000000000e+00 4.300000000000000000e+01 0.000000000000000000e+00 1.600000000000000089e+00 -1.739000000000000094e-03 -7.343999999999999834e-03 -9.999719999999999720e-01 7.417099999999999804e-01 -6.707109999999999461e-01 3.635999999999999909e-03 -6.707189999999999541e-01 -7.416819999999999524e-01 6.614000000000000087e-03
1.100000000000000000e+01 3.000000000000000000e+00 4.300000000000000000e+01 0.000000000000000000e+00 1.600000000000000089e+00 -6.629999999999999609e-04 1.149200000000000048e-02 -9.999339999999999895e-01 7.409909999999999553e-01 -6.714649999999999785e-01 -8.208999999999999284e-03 -6.715149999999999730e-01 -7.409470000000000223e-01 -8.071000000000000049e-03
1.700000000000000000e+01 3.000000000000000000e+00 4.300000000000000000e+01 0.000000000000000000e+00 1.600000000000000089e+00 -1.724000000000000055e-03 3.201999999999999985e-03 -9.999930000000000208e-01 7.382830000000000226e-01 -6.744830000000000547e-01 -3.432000000000000155e-03 -6.744890000000000052e-01 -7.382840000000000513e-01 -1.201000000000000028e-03
2.000000000000000000e+01 3.000000000000000000e+00 4.300000000000000000e+01 0.000000000000000000e+00 1.600000000000000089e+00 3.805999999999999921e-03 -7.291999999999999871e-03 -9.999660000000000215e-01 7.378770000000000051e-01 -6.748910000000000187e-01 7.729999999999999892e-03 -6.749239999999999684e-01 -7.378820000000000379e-01 2.811999999999999830e-03
2.600000000000000000e+01 3.000000000000000000e+00 4.300000000000000000e+01 0.000000000000000000e+00 1.600000000000000089e+00 -3.229000000000000099e-03 2.439999999999999949e-04 -9.999949999999999672e-01 7.397719999999999851e-01 -6.728520000000000056e-01 -2.553000000000000148e-03 -6.728490000000000304e-01 -7.397770000000000179e-01 1.991999999999999847e-03
4.000000000000000000e+00 2.900000000000000000e+01 4.400000000000000000e+01 0.000000000000000000e+00 1.600000000000000089e+00 -3.308999999999999875e-03 6.989999999999999686e-04 -9.999940000000000495e-01 6.630190000000000250e-01 7.486009999999999609e-01 -1.670999999999999959e-03 7.485960000000000392e-01 -6.630200000000000538e-01 -2.941000000000000038e-03
1.900000000000000000e+01 2.900000000000000000e+01 4.400000000000000000e+01 0.000000000000000000e+00 1.600000000000000089e+00 2.088000000000000012e-03 -4.600000000000000139e-04 -9.999980000000000535e-01 6.626319999999999988e-01 7.489440000000000541e-01 1.038999999999999993e-03 7.489419999999999966e-01 -6.626330000000000275e-01 1.869000000000000002e-03
2.300000000000000000e+01 2.900000000000000000e+01 4.400000000000000000e+01 0.000000000000000000e+00 1.600000000000000089e+00 -3.420000000000000188e-04 -5.249999999999999676e-04 -1.000000000000000000e+00 6.718199999999999728e-01 7.407139999999999835e-01 -6.189999999999999756e-04 7.407139999999999835e-01 -6.718199999999999728e-01 9.899999999999999404e-05
2.800000000000000000e+01 6.000000000000000000e+00 5.100000000000000000e+01 0.000000000000000000e+00 1.600000000000000089e+00 1.647000000000000026e-03 -4.702999999999999715e-03 -9.999879999999999880e-01 3.323269999999999835e-01 -9.431509999999999616e-01 4.982999999999999582e-03 -9.431629999999999736e-01 -3.323309999999999875e-01 9.000000000000000228e-06
2.000000000000000000e+01 7.000000000000000000e+00 5.200000000000000000e+01 0.000000000000000000e+00 1.600000000000000089e+00 -5.656999999999999702e-03 -3.791000000000000099e-03 -9.999770000000000048e-01 1.232950000000000018e-01 -9.923650000000000526e-01 3.063999999999999883e-03 -9.923539999999999583e-01 -1.232749999999999957e-01 6.080999999999999600e-03
2.600000000000000000e+01 1.600000000000000000e+01 5.200000000000000000e+01 0.000000000000000000e+00 1.600000000000000089e+00 8.895999999999999394e-03 1.101500000000000049e-02 -9.999000000000000110e-01 7.762430000000000163e-01 6.302820000000000089e-01 1.384999999999999946e-02 6.303710000000000147e-01 -7.762890000000000068e-01 -2.942999999999999870e-03
2.000000000000000000e+00 6.300000000000000000e+01 5.400000000000000000e+01 0.000000000000000000e+00 1.600000000000000089e+00 -1.466999999999999988e-03 1.860000000000000108e-03 9.999970000000000248e-01 -3.504200000000000093e-01 9.365900000000000336e-01 -2.256999999999999892e-03 -9.365919999999999801e-01 -3.504220000000000113e-01 -7.219999999999999855e-04
1.000000000000000000e+01 6.300000000000000000e+01 5.400000000000000000e+01 0.000000000000000000e+00 1.600000000000000089e+00 2.489999999999999809e-04 -1.592000000000000099e-03 9.999989999999999712e-01 -3.477999999999999980e-01 9.375679999999999570e-01 1.579000000000000108e-03 -9.375689999999999857e-01 -3.477999999999999980e-01 -3.200000000000000262e-04
1.400000000000000000e+01 6.300000000000000000e+01 5.400000000000000000e+01 0.000000000000000000e+00 1.600000000000000089e+00 8.090000000000000403e-04 7.720000000000000083e-04 9.999989999999999712e-01 -3.529599999999999960e-01 9.356379999999999697e-01 -4.360000000000000269e-04 -9.356379999999999697e-01 -3.529599999999999960e-01 1.028999999999999967e-03
1.800000000000000000e+01 6.300000000000000000e+01 5.400000000000000000e+01 0.000000000000000000e+00 1.600000000000000089e+00 6.970000000000000284e-04 2.197000000000000168e-03 9.999970000000000248e-01 -3.552130000000000010e-01 9.347839999999999483e-01 -1.806000000000000097e-03 -9.347849999999999770e-01 -3.552109999999999990e-01 1.431999999999999896e-03
2.200000000000000000e+01 6.300000000000000000e+01 5.400000000000000000e+01 0.000000000000000000e+00 1.600000000000000089e+00 1.123000000000000083e-03 -3.680999999999999810e-03 9.999930000000000208e-01 -3.554479999999999862e-01 9.346879999999999633e-01 3.840000000000000097e-03 -9.346950000000000536e-01 -3.554499999999999882e-01 -2.590000000000000071e-04
2.600000000000000000e+01 6.300000000000000000e+01 5.400000000000000000e+01 0.000000000000000000e+00 1.600000000000000089e+00 -1.150999999999999896e-03 1.000000000000000082e-05 9.999989999999999712e-01 -3.512790000000000079e-01 9.362709999999999644e-01 -4.139999999999999800e-04 -9.362700000000000466e-01 -3.512790000000000079e-01 -1.075000000000000001e-03
4.000000000000000000e+00 2.500000000000000000e+01 5.500000000000000000e+01 0.000000000000000000e+00 1.600000000000000089e+00 1.495999999999999934e-03 5.789999999999999791e-04 -9.999989999999999712e-01 -1.076599999999999953e-02 -9.999419999999999975e-01 -5.950000000000000427e-04 -9.999409999999999688e-01 1.076700000000000053e-02 -1.490000000000000005e-03
1.200000000000000000e+01 2.500000000000000000e+01 5.500000000000000000e+01 0.000000000000000000e+00 1.600000000000000089e+00 -1.363999999999999978e-03 -9.359999999999999831e-04 -9.999989999999999712e-01 -9.534000000000000807e-03 -9.999540000000000095e-01 9.489999999999999738e-04 -9.999540000000000095e-01 9.535000000000000073e-03 1.355000000000000085e-03
1.800000000000000000e+01 2.500000000000000000e+01 5.500000000000000000e+01 0.000000000000000000e+00 1.600000000000000089e+00 1.430000000000000064e-04 -5.980000000000000072e-04 -1.000000000000000000e+00 -1.068599999999999932e-02 -9.999430000000000263e-01 5.959999999999999586e-04 -9.999430000000000263e-01 1.068599999999999932e-02 -1.499999999999999869e-04
2.100000000000000000e+01 2.500000000000000000e+01 5.500000000000000000e+01 0.000000000000000000e+00 1.600000000000000089e+00 1.552999999999999910e-03 1.371000000000000040e-03 -9.999980000000000535e-01 -1.174799999999999976e-02 -9.999299999999999855e-01 -1.389000000000000044e-03 -9.999299999999999855e-01 1.175000000000000003e-02 -1.536999999999999955e-03
2.400000000000000000e+01 2.500000000000000000e+01 5.500000000000000000e+01 0.000000000000000000e+00 1.600000000000000089e+00 7.619999999999999820e-04 -1.628000000000000107e-03 -9.999980000000000535e-01 -1.188299999999999947e-02 -9.999280000000000390e-01 1.618000000000000081e-03 -9.999289999999999567e-01 1.188200000000000020e-02 -7.810000000000000102e-04
5.000000000000000000e+00 2.100000000000000000e+01 6.000000000000000000e+01 0.000000000000000000e+00 1.600000000000000089e+00 7.999999999999999638e-06 2.299999999999999961e-03 9.999970000000000248e-01 -9.639100000000000446e-02 9.953410000000000313e-01 -2.288999999999999802e-03 -9.953440000000000065e-01 -9.639000000000000346e-02 2.300000000000000070e-04
8.000000000000000000e+00 2.100000000000000000e+01 6.000000000000000000e+01 0.000000000000000000e+00 1.600000000000000089e+00 6.759999999999999516e-04 -5.379000000000000101e-03 9.999850000000000128e-01 -9.713900000000000312e-02 9.952560000000000295e-01 5.419000000000000206e-03 -9.952710000000000168e-01 -9.714100000000000512e-02 1.510000000000000112e-04
1.500000000000000000e+01 2.100000000000000000e+01 6.000000000000000000e+01 0.000000000000000000e+00 1.600000000000000089e+00 -1.930000000000000021e-04 -2.929999999999999879e-03 9.999959999999999960e-01 -9.734199999999999797e-02 9.952469999999999928e-01 2.896999999999999836e-03 -9.952509999999999968e-01 -9.734099999999999697e-02 -4.769999999999999934e-04
2.000000000000000000e+01 2.100000000000000000e+01 6.000000000000000000e+01 0.000000000000000000e+00 1.600000000000000089e+00 1.007000000000000083e-03 -1.562999999999999936e-03 9.999980000000000535e-01 -9.680700000000000416e-02 9.953020000000000200e-01 1.652999999999999955e-03 -9.953030000000000488e-01 -9.680900000000000616e-02 8.509999999999999769e-04
2.600000000000000000e+01 2.100000000000000000e+01 6.000000000000000000e+01 0.000000000000000000e+00 1.600000000000000089e+00 -1.183999999999999940e-03 -3.272000000000000169e-03 9.999940000000000495e-01 -9.731399999999999773e-02 9.952490000000000503e-01 3.141000000000000129e-03 -9.952530000000000543e-01 -9.730999999999999373e-02 -1.495999999999999934e-03
1.300000000000000000e+01 3.000000000000000000e+00 6.300000000000000000e+01 0.000000000000000000e+00 1.600000000000000089e+00 6.989999999999999686e-04 4.301000000000000136e-03 9.999909999999999632e-01 -6.123739999999999739e-01 7.905630000000000157e-01 -2.971999999999999816e-03 -7.905680000000000485e-01 -6.123659999999999659e-01 3.187000000000000163e-03
2.000000000000000000e+00 2.700000000000000000e+01 6.300000000000000000e+01 0.000000000000000000e+00 1.600000000000000089e+00 -1.342000000000000094e-03 1.056999999999999997e-03 9.999989999999999712e-01 -2.747839999999999727e-01 9.615050000000000541e-01 -1.384999999999999946e-03 -9.615050000000000541e-01 -2.747859999999999747e-01 -1.000000000000000021e-03
6.000000000000000000e+00 2.700000000000000000e+01 6.300000000000000000e+01 0.000000000000000000e+00 1.600000000000000089e+00 1.999999999999999909e-06 1.890000000000000133e-04 1.000000000000000000e+00 -2.757390000000000119e-01 9.612319999999999753e-01 -1.810000000000000085e-04 -9.612319999999999753e-01 -2.757390000000000119e-01 5.399999999999999798e-05
9.000000000000000000e+00 2.700000000000000000e+01 6.300000000000000000e+01 0.000000000000000000e+00 1.600000000000000089e+00 -2.620000000000000258e-04 -5.150000000000000498e-04 1.000000000000000000e+00 -2.770580000000000265e-01 9.608529999999999571e-01 4.220000000000000118e-04 -9.608529999999999571e-01 -2.770580000000000265e-01 -3.939999999999999817e-04
1.400000000000000000e+01 2.700000000000000000e+01 6.300000000000000000e+01 0.000000000000000000e+00 1.600000000000000089e+00 4.400000000000000157e-04 2.625999999999999862e-03 9.999959999999999960e-01 -2.755750000000000144e-01 9.612770000000000481e-01 -2.403000000000000188e-03 -9.612800000000000233e-01 -2.755730000000000124e-01 1.147000000000000016e-03
2.000000000000000000e+01 2.700000000000000000e+01 6.300000000000000000e+01 0.000000000000000000e+00 1.600000000000000089e+00 -1.077000000000000049e-03 4.826000000000000428e-03 9.999879999999999880e-01 -2.731819999999999804e-01 9.619499999999999718e-01 -4.937000000000000416e-03 -9.619619999999999838e-01 -2.731839999999999824e-01 2.829999999999999942e-04
2.300000000000000000e+01 2.700000000000000000e+01 6.300000000000000000e+01 0.000000000000000000e+00 1.600000000000000089e+00 3.879999999999999985e-04 -8.249999999999999955e-04 1.000000000000000000e+00 -2.742539999999999978e-01 9.616569999999999840e-01 8.999999999999999754e-04 -9.616569999999999840e-01 -2.742539999999999978e-01 1.459999999999999981e-04
2.900000000000000000e+01 2.700000000000000000e+01 6.300000000000000000e+01 0.000000000000000000e+00 1.600000000000000089e+00 -1.629000000000000023e-03 -2.345999999999999995e-03 9.999959999999999960e-01 -2.730179999999999829e-01 9.620069999999999455e-01 1.812000000000000026e-03 -9.620079999999999742e-01 -2.730139999999999789e-01 -2.207000000000000194e-03
5.000000000000000000e+00 2.600000000000000000e+01 6.400000000000000000e+01 0.000000000000000000e+00 1.600000000000000089e+00 -3.629999999999999872e-04 -3.759999999999999779e-04 1.000000000000000000e+00 -3.590289999999999870e-01 9.333259999999999890e-01 2.210000000000000050e-04 -9.333259999999999890e-01 -3.590289999999999870e-01 -4.739999999999999747e-04
1.200000000000000000e+01 2.600000000000000000e+01 6.400000000000000000e+01 0.000000000000000000e+00 1.600000000000000089e+00 -4.500000000000000283e-05 4.399999999999999886e-05 1.000000000000000000e+00 -3.611679999999999890e-01 9.325010000000000243e-01 -5.700000000000000314e-05 -9.325010000000000243e-01 -3.611679999999999890e-01 -2.599999999999999840e-05
1.700000000000000000e+01 2.600000000000000000e+01 6.400000000000000000e+01 0.000000000000000000e+00 1.600000000000000089e+00 -1.033000000000000064e-03 6.341000000000000282e-03 9.999789999999999512e-01 -3.581849999999999756e-01 9.336290000000000422e-01 -6.289999999999999584e-03 -9.336499999999999799e-01 -3.581840000000000024e-01 1.307000000000000002e-03
2.200000000000000000e+01 2.600000000000000000e+01 6.400000000000000000e+01 0.000000000000000000e+00 1.600000000000000089e+00 3.310000000000000225e-04 1.732000000000000033e-03 9.999989999999999712e-01 -3.591440000000000188e-01 9.332810000000000272e-01 -1.497000000000000067e-03 -9.332819999999999450e-01 -3.591429999999999900e-01 9.309999999999999699e-04
