7.000000000000000000e+00 2.500000000000000000e+01 1.000000000000000000e+00 0.000000000000000000e+00 1.600000000000000089e+00 3.884999999999999998e-03 -1.512000000000000106e-03 -9.999909999999999632e-01 -5.189059999999999784e-01 -8.548310000000000075e-01 -7.240000000000000342e-04 -8.548229999999999995e-01 5.189040000000000319e-01 -4.105000000000000142e-03
1.100000000000000000e+01 2.500000000000000000e+01 1.000000000000000000e+00 0.000000000000000000e+00 1.600000000000000089e+00 3.680000000000000003e-04 3.988000000000000225e-03 -9.999919999999999920e-01 -5.179970000000000407e-01 -8.553749999999999964e-01 -3.602000000000000167e-03 -8.553819999999999757e-01 5.179939999999999545e-01 1.750999999999999952e-03
6.000000000000000000e+00 1.500000000000000000e+01 4.000000000000000000e+00 0.000000000000000000e+00 1.600000000000000089e+00 1.113000000000000057e-03 4.141999999999999849e-03 9.999909999999999632e-01 3.097779999999999978e-01 -9.508020000000000360e-01 3.593999999999999972e-03 9.508079999999999865e-01 3.097710000000000186e-01 -2.341999999999999898e-03
9.000000000000000000e+00 1.500000000000000000e+01 4.000000000000000000e+00 0.000000000000000000e+00 1.600000000000000089e+00 5.019999999999999506e-04 6.096999999999999989e-03 9.999810000000000088e-01 3.098469999999999835e-01 -9.507700000000000040e-01 5.641000000000000181e-03 9.507860000000000200e-01 3.098380000000000023e-01 -2.366000000000000048e-03
1.500000000000000000e+01 1.500000000000000000e+01 4.000000000000000000e+00 0.000000000000000000e+00 1.600000000000000089e+00 8.399999999999999535e-05 4.610999999999999648e-03 9.999890000000000168e-01 3.094520000000000048e-01 -9.509050000000000002e-01 4.359000000000000027e-03 9.509149999999999547e-01 3.094489999999999741e-01 -1.507000000000000093e-03
2.200000000000000000e+01 1.500000000000000000e+01 4.000000000000000000e+00 0.000000000000000000e+00 1.600000000000000089e+00 -2.377999999999999906e-03 -4.527999999999999907e-03 9.999869999999999592e-01 3.089990000000000236e-01 -9.510560000000000125e-01 -3.570999999999999956e-03 9.510589999999999877e-01 3.089870000000000116e-01 3.661000000000000192e-03
2.500000000000000000e+01 1.500000000000000000e+01 4.000000000000000000e+00 0.000000000000000000e+00 1.600000000000000089e+00 -3.099000000000000192e-03 -2.507000000000000114e-03 9.999919999999999920e-01 3.102409999999999890e-01 -9.506569999999999743e-01 -1.422000000000000087e-03 9.506529999999999703e-01 3.102340000000000098e-01 3.723999999999999880e-03
2.100000000000000000e+01 1.010000000000000000e+02 7.000000000000000000e+00 0.000000000000000000e+00 1.600000000000000089e+00 -1.730999999999999900e-03 -8.273000000000000839e-03 9.999639999999999640e-01 8.812200000000000033e-01 4.726750000000000118e-01 5.435999999999999860e-03 -4.727029999999999843e-01 8.811980000000000368e-01 6.472000000000000322e-03
2.600000000000000000e+01 1.500000000000000000e+01 8.000000000000000000e+00 0.000000000000000000e+00 1.600000000000000089e+00 1.211999999999999970e-03 4.760000000000000234e-04 -9.999989999999999712e-01 -5.989529999999999577e-01 -8.007830000000000226e-01 -1.106999999999999911e-03 -8.007830000000000226e-01 5.989539999999999864e-01 -6.849999999999999535e-04
4.000000000000000000e+00 2.500000000000000000e+01 8.000000000000000000e+00 0.000000000000000000e+00 1.600000000000000089e+00 -3.729999999999999809e-03 -4.598999999999999790e-03 -9.999829999999999552e-01 4.430089999999999861e-01 8.964990000000000459e-01 -5.774999999999999752e-03 8.965090000000000003e-01 -4.430230000000000001e-01 -1.306000000000000086e-03
7.000000000000000000e+00 2.500000000000000000e+01 8.000000000000000000e+00 0.000000000000000000e+00 1.600000000000000089e+00 -1.817999999999999955e-03 -6.453000000000000402e-03 -9.999770000000000048e-01 4.442559999999999842e-01 8.958760000000000057e-01 -6.589000000000000239e-03 8.958979999999999722e-01 -4.442579999999999862e-01 1.237999999999999951e-03
1.000000000000000000e+01 2.500000000000000000e+01 8.000000000000000000e+00 0.000000000000000000e+00 1.600000000000000089e+00 1.979999999999999881e-04 -4.519999999999999712e-03 -9.999900000000000455e-01 4.444609999999999950e-01 8.957889999999999464e-01 -3.961000000000000111e-03 8.957979999999999832e-01 -4.444560000000000177e-01 2.186000000000000009e-03
1.300000000000000000e+01 2.500000000000000000e+01 8.000000000000000000e+00 0.000000000000000000e+00 1.600000000000000089e+00 1.299999999999999920e-05 -5.150000000000000064e-03 -9.999869999999999592e-01 4.438219999999999943e-01 8.961029999999999829e-01 -4.609000000000000249e-03 8.961149999999999949e-01 -4.438159999999999883e-01 2.296999999999999997e-03
1.700000000000000000e+01 2.500000000000000000e+01 8.000000000000000000e+00 0.000000000000000000e+00 1.600000000000000089e+00 -1.961000000000000069e-03 -4.093000000000000284e-03 -9.999900000000000455e-01 4.445819999999999772e-01 8.957260000000000222e-01 -4.538000000000000367e-03 8.957359999999999767e-01 -4.445870000000000100e-01 6.399999999999999710e-05
2.300000000000000000e+01 2.500000000000000000e+01 8.000000000000000000e+00 0.000000000000000000e+00 1.600000000000000089e+00 -4.360000000000000269e-04 2.773999999999999990e-03 -9.999959999999999960e-01 4.449230000000000129e-01 8.955659999999999732e-01 2.291000000000000068e-03 8.955689999999999484e-01 -4.449199999999999822e-01 -1.624000000000000010e-03
2.600000000000000000e+01 2.500000000000000000e+01 8.000000000000000000e+00 0.000000000000000000e+00 1.600000000000000089e+00 -2.034999999999999917e-03 3.049999999999999868e-04 -9.999980000000000535e-01 4.432119999999999949e-01 8.964170000000000194e-01 -6.279999999999999775e-04 8.964149999999999618e-01 -4.432119999999999949e-01 -1.959999999999999937e-03
2.900000000000000000e+01 2.500000000000000000e+01 8.000000000000000000e+00 0.000000000000000000e+00 1.600000000000000089e+00 -1.688000000000000047e-03 -1.319000000000000077e-03 -9.999980000000000535e-01 4.435439999999999938e-01 8.962510000000000199e-01 -1.930000000000000075e-03 8.962510000000000199e-01 -4.435459999999999958e-01 -9.280000000000000054e-04
3.000000000000000000e+00 2.400000000000000000e+01 9.000000000000000000e+00 0.000000000000000000e+00 1.600000000000000089e+00 -3.521999999999999957e-03 -4.627000000000000036e-03 -9.999829999999999552e-01 4.455859999999999821e-01 8.952210000000000445e-01 -5.712000000000000063e-03 8.952320000000000277e-01 -4.455979999999999941e-01 -1.090999999999999956e-03
9.000000000000000000e+00 2.400000000000000000e+01 9.000000000000000000e+00 0.000000000000000000e+00 1.600000000000000089e+00 -1.900000000000000105e-04 -5.164000000000000187e-03 -9.999869999999999592e-01 4.480529999999999791e-01 8.939949999999999841e-01 -4.701999999999999583e-03 8.940069999999999961e-01 -4.480480000000000018e-01 2.142999999999999940e-03
1.300000000000000000e+01 2.400000000000000000e+01 9.000000000000000000e+00 0.000000000000000000e+00 1.600000000000000089e+00 1.939999999999999993e-04 -5.326000000000000005e-03 -9.999860000000000415e-01 4.481609999999999761e-01 8.939399999999999569e-01 -4.675000000000000336e-03 8.939529999999999976e-01 -4.481539999999999968e-01 2.560000000000000209e-03
1.600000000000000000e+01 2.400000000000000000e+01 9.000000000000000000e+00 0.000000000000000000e+00 1.600000000000000089e+00 -1.853999999999999962e-03 -5.074000000000000385e-03 -9.999850000000000128e-01 4.484879999999999978e-01 8.937730000000000397e-01 -5.367000000000000243e-03 8.937869999999999981e-01 -4.484920000000000018e-01 6.189999999999999756e-04
2.000000000000000000e+01 2.400000000000000000e+01 9.000000000000000000e+00 0.000000000000000000e+00 1.600000000000000089e+00 -5.429999999999999714e-04 -3.595000000000000105e-03 -9.999930000000000208e-01 4.496109999999999829e-01 8.932179999999999565e-01 -3.455000000000000172e-03 8.932240000000000180e-01 -4.496100000000000096e-01 1.131000000000000061e-03
2.600000000000000000e+01 2.400000000000000000e+01 9.000000000000000000e+00 0.000000000000000000e+00 1.600000000000000089e+00 -1.487999999999999956e-03 1.890000000000000133e-04 -9.999989999999999712e-01 4.469179999999999819e-01 8.945750000000000091e-01 -4.960000000000000216e-04 8.945739999999999803e-01 -4.469190000000000107e-01 -1.415000000000000025e-03
3.000000000000000000e+01 2.400000000000000000e+01 9.000000000000000000e+00 0.000000000000000000e+00 1.600000000000000089e+00 -1.902999999999999961e-03 9.089999999999999773e-04 -9.999980000000000535e-01 4.470810000000000062e-01 8.944940000000000113e-01 -3.699999999999999811e-05 8.944919999999999538e-01 -4.470799999999999774e-01 -2.108000000000000065e-03
5.000000000000000000e+00 3.100000000000000000e+01 1.200000000000000000e+01 0.000000000000000000e+00 1.600000000000000089e+00 1.162000000000000055e-03 1.044000000000000006e-03 9.999989999999999712e-01 1.817799999999999971e-02 9.998340000000000005e-01 -1.064999999999999974e-03 -9.998340000000000005e-01 1.817900000000000071e-02 1.142000000000000003e-03
1.100000000000000000e+01 3.100000000000000000e+01 1.200000000000000000e+01 0.000000000000000000e+00 1.600000000000000089e+00 -1.778999999999999982e-03 1.201999999999999943e-03 9.999980000000000535e-01 1.934900000000000161e-02 9.998120000000000340e-01 -1.167000000000000069e-03 -9.998110000000000053e-01 1.934599999999999861e-02 -1.801999999999999999e-03
3.000000000000000000e+00 1.160000000000000000e+02 1.600000000000000000e+01 0.000000000000000000e+00 1.600000000000000089e+00 2.926999999999999914e-03 -8.940000000000000464e-04 9.999949999999999672e-01 6.996139999999999581e-01 7.145200000000000440e-01 -1.409000000000000096e-03 -7.145150000000000112e-01 6.996149999999999869e-01 2.716999999999999797e-03
6.000000000000000000e+00 1.160000000000000000e+02 1.600000000000000000e+01 0.000000000000000000e+00 1.600000000000000089e+00 4.499999999999999660e-03 3.396999999999999846e-03 9.999839999999999840e-01 6.975059999999999594e-01 7.165569999999999995e-01 -5.573999999999999962e-03 -7.165639999999999787e-01 6.975200000000000289e-01 8.549999999999999658e-04
1.200000000000000000e+01 1.160000000000000000e+02 1.600000000000000000e+01 0.000000000000000000e+00 1.600000000000000089e+00 -3.392000000000000050e-03 -3.412999999999999801e-03 9.999879999999999880e-01 6.803120000000000278e-01 7.329069999999999752e-01 4.808999999999999907e-03 -7.329149999999999832e-01 6.803200000000000358e-01 -1.640000000000000019e-04
2.300000000000000000e+01 1.160000000000000000e+02 1.600000000000000000e+01 0.000000000000000000e+00 1.600000000000000089e+00 4.479999999999999933e-04 -1.350999999999999987e-03 9.999989999999999712e-01 6.879849999999999577e-01 7.257240000000000357e-01 6.719999999999999628e-04 -7.257240000000000357e-01 6.879840000000000400e-01 1.253999999999999906e-03
2.700000000000000000e+01 1.160000000000000000e+02 1.600000000000000000e+01 0.000000000000000000e+00 1.600000000000000089e+00 7.389999999999999651e-04 3.000000000000000062e-03 9.999949999999999672e-01 6.862249999999999739e-01 7.273840000000000305e-01 -2.688999999999999984e-03 -7.273889999999999523e-01 6.862239999999999451e-01 -1.521000000000000000e-03
4.000000000000000000e+00 2.000000000000000000e+00 1.900000000000000000e+01 0.000000000000000000e+00 1.600000000000000089e+00 2.027000000000000156e-03 -2.128000000000000117e-03 -9.999959999999999960e-01 1.970189999999999997e-01 -9.803960000000000452e-01 2.485999999999999929e-03 -9.803979999999999917e-01 -1.970240000000000047e-01 -1.567999999999999949e-03
8.000000000000000000e+00 2.000000000000000000e+00 1.900000000000000000e+01 0.000000000000000000e+00 1.600000000000000089e+00 2.733999999999999885e-03 1.286000000000000034e-03 -9.999949999999999672e-01 1.964210000000000123e-01 -9.805190000000000294e-01 -7.240000000000000342e-04 -9.805160000000000542e-01 -1.964180000000000093e-01 -2.932999999999999843e-03
1.300000000000000000e+01 2.000000000000000000e+00 1.900000000000000000e+01 0.000000000000000000e+00 1.600000000000000089e+00 -8.689999999999999808e-04 3.830000000000000071e-03 -9.999919999999999920e-01 1.914559999999999873e-01 -9.814929999999999488e-01 -3.925999999999999802e-03 -9.815009999999999568e-01 -1.914579999999999893e-01 1.200000000000000030e-04
1.600000000000000000e+01 2.000000000000000000e+00 1.900000000000000000e+01 0.000000000000000000e+00 1.600000000000000089e+00 -3.600000000000000227e-04 -1.358999999999999965e-03 -9.999989999999999712e-01 1.930219999999999991e-01 -9.811940000000000106e-01 1.263999999999999933e-03 -9.811940000000000106e-01 -1.930219999999999991e-01 6.149999999999999868e-04
1.900000000000000000e+01 2.000000000000000000e+00 1.900000000000000000e+01 0.000000000000000000e+00 1.600000000000000089e+00 -6.819999999999999890e-04 -2.382000000000000003e-03 -9.999970000000000248e-01 1.950909999999999866e-01 -9.807829999999999604e-01 2.203000000000000097e-03 -9.807850000000000179e-01 -1.950890000000000124e-01 1.134000000000000025e-03
2.200000000000000000e+01 2.000000000000000000e+00 1.900000000000000000e+01 0.000000000000000000e+00 1.600000000000000089e+00 -2.456999999999999983e-03 -2.520000000000000104e-03 -9.999940000000000495e-01 1.968350000000000100e-01 -9.804349999999999454e-01 1.987000000000000051e-03 -9.804340000000000277e-01 -1.968290000000000040e-01 2.905000000000000030e-03
2.700000000000000000e+01 2.000000000000000000e+00 1.900000000000000000e+01 0.000000000000000000e+00 1.600000000000000089e+00 -1.129999999999999928e-03 4.287000000000000012e-03 -9.999900000000000455e-01 1.970530000000000059e-01 -9.803830000000000044e-01 -4.426000000000000247e-03 -9.803920000000000412e-01 -1.970560000000000089e-01 2.629999999999999959e-04
1.000000000000000000e+00 4.000000000000000000e+00 2.000000000000000000e+01 0.000000000000000000e+00 1.600000000000000089e+00 3.696000000000000067e-03 -1.183999999999999940e-03 -9.999919999999999920e-01 2.815929999999999822e-01 -9.595320000000000515e-01 2.177000000000000116e-03 -9.595270000000000188e-01 -2.815980000000000150e-01 -3.213000000000000144e-03
8.000000000000000000e+00 4.000000000000000000e+00 2.000000000000000000e+01 0.000000000000000000e+00 1.600000000000000089e+00 2.312999999999999952e-03 1.832000000000000078e-03 -9.999959999999999960e-01 2.879700000000000037e-01 -9.576390000000000180e-01 -1.088999999999999907e-03 -9.576369999999999605e-01 -2.879659999999999997e-01 -2.742000000000000080e-03
2.300000000000000000e+01 4.000000000000000000e+00 2.000000000000000000e+01 0.000000000000000000e+00 1.600000000000000089e+00 -1.072999999999999952e-03 -2.147000000000000037e-03 -9.999970000000000248e-01 2.916579999999999728e-01 -9.565209999999999546e-01 1.740999999999999926e-03 -9.565219999999999834e-01 -2.916560000000000263e-01 1.652000000000000040e-03
2.000000000000000000e+00 1.300000000000000000e+01 2.000000000000000000e+01 0.000000000000000000e+00 1.600000000000000089e+00 6.617999999999999751e-03 6.982999999999999624e-03 9.999540000000000095e-01 2.490709999999999869e-01 9.684490000000000043e-01 -8.411999999999999339e-03 -9.684629999999999628e-01 2.491160000000000041e-01 4.669999999999999672e-03
1.000000000000000000e+01 1.300000000000000000e+01 2.000000000000000000e+01 0.000000000000000000e+00 1.600000000000000089e+00 -6.799999999999999946e-05 -1.397999999999999937e-03 9.999989999999999712e-01 2.521660000000000013e-01 9.676829999999999599e-01 1.369999999999999907e-03 -9.676839999999999886e-01 2.521660000000000013e-01 2.869999999999999830e-04
1.300000000000000000e+01 1.300000000000000000e+01 2.000000000000000000e+01 0.000000000000000000e+00 1.600000000000000089e+00 -1.614999999999999899e-03 -4.449999999999999746e-04 9.999989999999999712e-01 2.533020000000000271e-01 9.673869999999999969e-01 8.400000000000000348e-04 -9.673859999999999681e-01 2.533030000000000004e-01 -1.448999999999999984e-03
1.900000000000000000e+01 1.300000000000000000e+01 2.000000000000000000e+01 0.000000000000000000e+00 1.600000000000000089e+00 -3.629999999999999872e-04 1.730000000000000038e-04 1.000000000000000000e+00 2.532519999999999771e-01 9.674000000000000377e-01 -7.600000000000000418e-05 -9.674000000000000377e-01 2.532519999999999771e-01 -3.950000000000000061e-04
2.600000000000000000e+01 1.300000000000000000e+01 2.000000000000000000e+01 0.000000000000000000e+00 1.600000000000000089e+00 -4.299999999999999894e-04 -3.199999999999999855e-05 1.000000000000000000e+00 2.537360000000000171e-01 9.672730000000000494e-01 1.399999999999999877e-04 -9.672730000000000494e-01 2.537369999999999903e-01 -4.079999999999999968e-04
9.000000000000000000e+00 1.600000000000000000e+01 2.100000000000000000e+01 0.000000000000000000e+00 1.600000000000000089e+00 1.935000000000000088e-03 1.348000000000000023e-03 9.999970000000000248e-01 2.978089999999999904e-01 9.546240000000000281e-01 -1.863999999999999988e-03 -9.546240000000000281e-01 2.978120000000000211e-01 1.446000000000000020e-03
1.800000000000000000e+01 1.600000000000000000e+01 2.100000000000000000e+01 0.000000000000000000e+00 1.600000000000000089e+00 -6.430000000000000169e-04 1.418999999999999906e-03 9.999989999999999712e-01 2.972620000000000262e-01 9.547949999999999493e-01 -1.162999999999999971e-03 -9.547959999999999781e-01 2.972609999999999975e-01 -1.036000000000000029e-03
2.300000000000000000e+01 1.600000000000000000e+01 2.100000000000000000e+01 0.000000000000000000e+00 1.600000000000000089e+00 4.699999999999999859e-04 5.834999999999999909e-03 9.999829999999999552e-01 2.969069999999999765e-01 9.548889999999999878e-01 -5.710999999999999931e-03 -9.549060000000000326e-01 2.969040000000000012e-01 -1.283000000000000069e-03
2.600000000000000000e+01 1.600000000000000000e+01 2.100000000000000000e+01 0.000000000000000000e+00 1.600000000000000089e+00 -2.979999999999999793e-04 -3.099999999999999999e-04 1.000000000000000000e+00 2.963439999999999963e-01 9.550809999999999578e-01 3.840000000000000097e-04 -9.550809999999999578e-01 2.963439999999999963e-01 -1.930000000000000021e-04
4.000000000000000000e+00 3.000000000000000000e+00 2.500000000000000000e+01 0.000000000000000000e+00 1.600000000000000089e+00 -1.365199999999999921e-02 -2.912999999999999791e-03 9.999029999999999863e-01 -5.658799999999999941e-02 -9.983910000000000284e-01 -3.680999999999999810e-03 9.983039999999999692e-01 -5.663300000000000278e-02 1.346499999999999954e-02
7.000000000000000000e+00 3.000000000000000000e+00 2.500000000000000000e+01 0.000000000000000000e+00 1.600000000000000089e+00 -9.332000000000000017e-03 -8.319999999999999488e-04 9.999559999999999560e-01 -5.159899999999999903e-02 -9.986669999999999714e-01 -1.312999999999999931e-03 9.986239999999999561e-01 -5.160900000000000210e-02 9.277000000000000524e-03
1.400000000000000000e+01 3.000000000000000000e+00 2.500000000000000000e+01 0.000000000000000000e+00 1.600000000000000089e+00 3.148000000000000190e-03 3.657000000000000094e-03 9.999879999999999880e-01 -5.013900000000000301e-02 -9.987350000000000394e-01 3.810000000000000019e-03 9.987369999999999859e-01 -5.015000000000000013e-02 -2.961000000000000090e-03
2.100000000000000000e+01 3.000000000000000000e+00 2.500000000000000000e+01 0.000000000000000000e+00 1.600000000000000089e+00 -8.409999999999999507e-04 5.590000000000000351e-04 1.000000000000000000e+00 -5.672200000000000158e-02 -9.983899999999999997e-01 5.100000000000000366e-04 9.983899999999999997e-01 -5.672100000000000058e-02 8.720000000000000537e-04
3.000000000000000000e+01 3.000000000000000000e+00 2.500000000000000000e+01 0.000000000000000000e+00 1.600000000000000089e+00 3.023000000000000079e-03 4.431000000000000043e-03 9.999860000000000415e-01 -5.697200000000000181e-02 -9.983649999999999469e-01 4.596000000000000259e-03 9.983710000000000084e-01 -5.698500000000000093e-02 -2.765999999999999796e-03
4.000000000000000000e+00 4.600000000000000000e+01 2.700000000000000000e+01 0.000000000000000000e+00 1.600000000000000089e+00 -8.580000000000000387e-04 3.010000000000000089e-03 -9.999949999999999672e-01 6.485929999999999751e-01 7.611329999999999485e-01 1.734000000000000081e-03 7.611350000000000060e-01 -6.485889999999999711e-01 -2.605000000000000111e-03
8.000000000000000000e+00 4.600000000000000000e+01 2.700000000000000000e+01 0.000000000000000000e+00 1.600000000000000089e+00 -1.146000000000000100e-03 7.510000000000000399e-04 -9.999989999999999712e-01 6.491689999999999960e-01 7.606439999999999868e-01 -1.730000000000000038e-04 7.606439999999999868e-01 -6.491679999999999673e-01 -1.358999999999999965e-03
1.300000000000000000e+01 4.600000000000000000e+01 2.700000000000000000e+01 0.000000000000000000e+00 1.600000000000000089e+00 -1.314999999999999980e-03 -1.642999999999999929e-03 -9.999980000000000535e-01 6.433079999999999909e-01 7.656049999999999800e-01 -2.103999999999999967e-03 7.656070000000000375e-01 -6.433090000000000197e-01 5.000000000000000240e-05
2.300000000000000000e+01 4.600000000000000000e+01 2.700000000000000000e+01 0.000000000000000000e+00 1.600000000000000089e+00 -1.536000000000000039e-03 3.480000000000000020e-04 -9.999989999999999712e-01 6.426549999999999763e-01 7.661550000000000304e-01 -7.209999999999999612e-04 7.661540000000000017e-01 -6.426549999999999763e-01 -1.400999999999999902e-03
2.900000000000000000e+01 4.600000000000000000e+01 2.700000000000000000e+01 0.000000000000000000e+00 1.600000000000000089e+00 -4.409999999999999858e-04 5.100000000000000366e-04 -1.000000000000000000e+00 6.419669999999999543e-01 7.667319999999999691e-01 1.079999999999999960e-04 7.667319999999999691e-01 -6.419669999999999543e-01 -6.660000000000000338e-04
8.000000000000000000e+00 5.800000000000000000e+01 3.100000000000000000e+01 0.000000000000000000e+00 1.600000000000000089e+00 -8.080000000000000160e-04 1.894000000000000067e-03 9.999980000000000535e-01 -8.017170000000000130e-01 -5.977029999999999843e-01 4.840000000000000010e-04 5.977029999999999843e-01 -8.017149999999999554e-01 2.001000000000000174e-03
1.300000000000000000e+01 5.800000000000000000e+01 3.100000000000000000e+01 0.000000000000000000e+00 1.600000000000000089e+00 -6.459999999999999814e-04 -2.871999999999999987e-03 9.999959999999999960e-01 -8.008450000000000291e-01 -5.988670000000000382e-01 -2.236999999999999839e-03 5.988710000000000422e-01 -8.008429999999999715e-01 -1.912999999999999987e-03
1.800000000000000000e+01 5.800000000000000000e+01 3.100000000000000000e+01 0.000000000000000000e+00 1.600000000000000089e+00 -3.177000000000000136e-03 -6.067000000000000344e-03 9.999770000000000048e-01 -8.004550000000000276e-01 -5.993610000000000326e-01 -6.179999999999999730e-03 5.993849999999999456e-01 -8.004559999999999453e-01 -2.952000000000000197e-03
2.500000000000000000e+01 5.800000000000000000e+01 3.100000000000000000e+01 0.000000000000000000e+00 1.600000000000000089e+00 -3.950000000000000061e-04 -1.946999999999999946e-03 9.999980000000000535e-01 -8.008990000000000276e-01 -5.987970000000000237e-01 -1.482999999999999943e-03 5.987989999999999702e-01 -8.008979999999999988e-01 -1.322999999999999957e-03
3.000000000000000000e+00 4.600000000000000000e+01 3.500000000000000000e+01 0.000000000000000000e+00 1.600000000000000089e+00 1.662000000000000066e-03 6.315000000000000301e-03 -9.999789999999999512e-01 3.845230000000000037e-01 -9.231009999999999494e-01 -5.191000000000000301e-03 -9.231139999999999901e-01 -3.845060000000000144e-01 -3.962000000000000244e-03
1.300000000000000000e+01 4.600000000000000000e+01 3.500000000000000000e+01 0.000000000000000000e+00 1.600000000000000089e+00 1.340000000000000045e-04 -3.776999999999999975e-03 -9.999930000000000208e-01 3.870609999999999884e-01 -9.220469999999999500e-01 3.534999999999999948e-03 -9.220540000000000402e-01 -3.870589999999999864e-01 1.337999999999999997e-03
1.900000000000000000e+01 4.600000000000000000e+01 3.500000000000000000e+01 0.000000000000000000e+00 1.600000000000000089e+00 -5.800000000000000034e-04 -5.190000000000000386e-04 -1.000000000000000000e+00 3.862099999999999977e-01 -9.224109999999999809e-01 2.539999999999999940e-04 -9.224109999999999809e-01 -3.862099999999999977e-01 7.360000000000000006e-04
2.500000000000000000e+01 4.600000000000000000e+01 3.500000000000000000e+01 0.000000000000000000e+00 1.600000000000000089e+00 2.689999999999999791e-04 1.726000000000000104e-03 -9.999989999999999712e-01 3.846789999999999932e-01 -9.230490000000000084e-01 -1.489000000000000089e-03 -9.230509999999999549e-01 -3.846780000000000199e-01 -9.120000000000000502e-04
3.000000000000000000e+01 4.600000000000000000e+01 3.500000000000000000e+01 0.000000000000000000e+00 1.600000000000000089e+00 -1.565999999999999901e-03 3.518999999999999993e-03 -9.999930000000000208e-01 3.850709999999999966e-01 -9.228790000000000049e-01 -3.850999999999999823e-03 -9.228859999999999841e-01 -3.850740000000000274e-01 9.000000000000000567e-05
3.000000000000000000e+00 9.500000000000000000e+01 3.600000000000000000e+01 0.000000000000000000e+00 1.600000000000000089e+00 -2.460000000000000164e-04 -4.302000000000000268e-03 9.999909999999999632e-01 9.984840000000000382e-01 5.504499999999999671e-02 4.829999999999999767e-04 -5.504599999999999771e-02 9.984750000000000014e-01 4.282000000000000216e-03
1.000000000000000000e+01 9.500000000000000000e+01 3.600000000000000000e+01 0.000000000000000000e+00 1.600000000000000089e+00 -7.060000000000000303e-04 4.840999999999999817e-03 9.999879999999999880e-01 9.983009999999999939e-01 5.826499999999999735e-02 4.229999999999999819e-04 -5.826300000000000229e-02 9.982889999999999819e-01 -4.872999999999999728e-03
1.300000000000000000e+01 9.500000000000000000e+01 3.600000000000000000e+01 0.000000000000000000e+00 1.600000000000000089e+00 4.110000000000000155e-04 7.126000000000000389e-03 9.999749999999999472e-01 9.982210000000000250e-01 5.962200000000000139e-02 -8.350000000000000217e-04 -5.962699999999999945e-02 9.981959999999999722e-01 -7.087999999999999683e-03
2.600000000000000000e+01 9.500000000000000000e+01 3.600000000000000000e+01 0.000000000000000000e+00 1.600000000000000089e+00 3.970000000000000005e-04 2.586999999999999890e-03 9.999970000000000248e-01 9.982889999999999819e-01 5.847200000000000314e-02 -5.469999999999999602e-04 -5.847299999999999720e-02 9.982860000000000067e-01 -2.560000000000000209e-03
1.000000000000000000e+00 2.900000000000000000e+01 4.400000000000000000e+01 0.000000000000000000e+00 1.600000000000000089e+00 -6.189999999999999756e-04 -9.591000000000000567e-03 -9.999540000000000095e-01 6.683379999999999876e-01 7.438190000000000079e-01 -7.548000000000000022e-03 7.438569999999999904e-01 -6.683120000000000172e-01 5.950000000000000427e-03
5.000000000000000000e+00 2.900000000000000000e+01 4.400000000000000000e+01 0.000000000000000000e+00 1.600000000000000089e+00 -1.749999999999999982e-04 -2.605000000000000111e-03 -9.999970000000000248e-01 6.646400000000000086e-01 7.471609999999999641e-01 -2.063000000000000164e-03 7.471640000000000503e-01 -6.646379999999999511e-01 1.600000000000000077e-03
1.000000000000000000e+01 2.900000000000000000e+01 4.400000000000000000e+01 0.000000000000000000e+00 1.600000000000000089e+00 6.310000000000000504e-04 -3.393000000000000183e-03 -9.999940000000000495e-01 6.660700000000000509e-01 7.458869999999999667e-01 -2.111000000000000029e-03 7.458890000000000242e-01 -6.660639999999999894e-01 2.730999999999999921e-03
1.600000000000000000e+01 2.900000000000000000e+01 4.400000000000000000e+01 0.000000000000000000e+00 1.600000000000000089e+00 1.430999999999999980e-03 -1.835000000000000043e-03 -9.999970000000000248e-01 6.689760000000000151e-01 7.432839999999999447e-01 -4.070000000000000267e-04 7.432830000000000270e-01 -6.689730000000000398e-01 2.291000000000000068e-03
2.200000000000000000e+01 2.900000000000000000e+01 4.400000000000000000e+01 0.000000000000000000e+00 1.600000000000000089e+00 2.197000000000000168e-03 -4.153999999999999707e-03 -9.999890000000000168e-01 6.709169999999999856e-01 7.415310000000000512e-01 -1.606000000000000006e-03 7.415289999999999937e-01 -6.709060000000000024e-01 4.416999999999999919e-03
2.700000000000000000e+01 2.900000000000000000e+01 4.400000000000000000e+01 0.000000000000000000e+00 1.600000000000000089e+00 9.309999999999999699e-04 -3.673000000000000050e-03 -9.999930000000000208e-01 6.748229999999999507e-01 7.379769999999999941e-01 -2.082000000000000083e-03 7.379790000000000516e-01 -6.748159999999999714e-01 3.164999999999999845e-03
4.000000000000000000e+00 5.000000000000000000e+00 5.100000000000000000e+01 0.000000000000000000e+00 1.600000000000000089e+00 -2.629999999999999959e-03 -5.851000000000000298e-03 -9.999789999999999512e-01 4.848069999999999879e-01 -8.746129999999999738e-01 3.841999999999999929e-03 -8.746169999999999778e-01 -4.847870000000000235e-01 5.137000000000000073e-03
1.200000000000000000e+01 5.000000000000000000e+00 5.100000000000000000e+01 0.000000000000000000e+00 1.600000000000000089e+00 7.699999999999999597e-04 -9.671000000000000776e-03 -9.999529999999999808e-01 4.865900000000000225e-01 -8.735859999999999737e-01 8.824000000000000246e-03 -8.736300000000000177e-01 -4.865740000000000065e-01 4.033000000000000126e-03
1.700000000000000000e+01 5.000000000000000000e+00 5.100000000000000000e+01 0.000000000000000000e+00 1.600000000000000089e+00 6.570000000000000319e-04 2.322999999999999978e-03 -9.999970000000000248e-01 4.902500000000000191e-01 -8.715800000000000214e-01 -1.701999999999999954e-03 -8.715819999999999679e-01 -4.902469999999999883e-01 -1.711999999999999980e-03
2.400000000000000000e+01 5.000000000000000000e+00 5.100000000000000000e+01 0.000000000000000000e+00 1.600000000000000089e+00 -2.415000000000000046e-03 1.793000000000000106e-03 -9.999949999999999672e-01 4.907039999999999735e-01 -8.713220000000000409e-01 -2.748000000000000009e-03 -8.713229999999999587e-01 -4.907079999999999775e-01 1.224999999999999960e-03
2.700000000000000000e+01 5.000000000000000000e+00 5.100000000000000000e+01 0.000000000000000000e+00 1.600000000000000089e+00 -3.812999999999999983e-03 4.645999999999999956e-03 -9.999820000000000375e-01 4.910519999999999885e-01 -8.711100000000000509e-01 -5.919999999999999915e-03 -8.711219999999999519e-01 -4.910649999999999737e-01 1.039999999999999909e-03
8.000000000000000000e+00 6.000000000000000000e+00 5.100000000000000000e+01 0.000000000000000000e+00 1.600000000000000089e+00 -3.658999999999999926e-03 -9.908999999999999406e-03 -9.999440000000000550e-01 3.111510000000000109e-01 -9.503239999999999466e-01 8.278999999999999901e-03 -9.503540000000000321e-01 -3.111030000000000184e-01 6.560999999999999992e-03
2.900000000000000000e+01 6.000000000000000000e+00 5.100000000000000000e+01 0.000000000000000000e+00 1.600000000000000089e+00 -3.044999999999999964e-03 4.474999999999999811e-03 -9.999850000000000128e-01 3.230410000000000226e-01 -9.463709999999999622e-01 -5.218999999999999681e-03 -9.463799999999999990e-01 -3.230520000000000058e-01 1.435999999999999993e-03
2.500000000000000000e+01 7.000000000000000000e+00 5.200000000000000000e+01 0.000000000000000000e+00 1.600000000000000089e+00 -1.059000000000000045e-03 5.203000000000000159e-03 -9.999860000000000415e-01 1.089340000000000031e-01 -9.940350000000000019e-01 -5.288000000000000166e-03 -9.940480000000000427e-01 -1.089379999999999932e-01 4.859999999999999954e-04
3.000000000000000000e+00 6.300000000000000000e+01 5.400000000000000000e+01 0.000000000000000000e+00 1.600000000000000089e+00 2.948000000000000100e-03 1.280000000000000105e-03 9.999949999999999672e-01 -3.557150000000000034e-01 9.345949999999999536e-01 -1.479999999999999925e-04 -9.345900000000000318e-01 -3.557130000000000014e-01 3.210000000000000180e-03
7.000000000000000000e+00 6.300000000000000000e+01 5.400000000000000000e+01 0.000000000000000000e+00 1.600000000000000089e+00 1.164000000000000104e-03 -1.085000000000000027e-03 9.999989999999999712e-01 -3.541039999999999743e-01 9.352049999999999530e-01 1.427000000000000100e-03 -9.352049999999999530e-01 -3.541059999999999763e-01 7.050000000000000060e-04
1.100000000000000000e+01 6.300000000000000000e+01 5.400000000000000000e+01 0.000000000000000000e+00 1.600000000000000089e+00 -9.129999999999999661e-04 -4.960000000000000216e-04 9.999989999999999712e-01 -3.517239999999999811e-01 9.361040000000000472e-01 1.430000000000000064e-04 -9.361030000000000184e-01 -3.517239999999999811e-01 -1.028999999999999967e-03
1.700000000000000000e+01 6.300000000000000000e+01 5.400000000000000000e+01 0.000000000000000000e+00 1.600000000000000089e+00 1.689999999999999879e-04 2.431000000000000001e-03 9.999970000000000248e-01 -3.491139999999999799e-01 9.370779999999999665e-01 -2.219000000000000052e-03 -9.370800000000000241e-01 -3.491119999999999779e-01 1.007000000000000083e-03
2.000000000000000000e+01 6.300000000000000000e+01 5.400000000000000000e+01 0.000000000000000000e+00 1.600000000000000089e+00 -8.399999999999999535e-05 2.556999999999999811e-03 9.999970000000000248e-01 -3.488470000000000182e-01 9.371770000000000378e-01 -2.426000000000000205e-03 -9.371800000000000130e-01 -3.488459999999999894e-01 8.130000000000000291e-04
2.500000000000000000e+01 6.300000000000000000e+01 5.400000000000000000e+01 0.000000000000000000e+00 1.600000000000000089e+00 -5.450000000000000200e-04 -5.039999999999999992e-04 1.000000000000000000e+00 -3.594789999999999930e-01 9.331530000000000102e-01 2.750000000000000166e-04 -9.331530000000000102e-01 -3.594789999999999930e-01 -6.890000000000000508e-04
3.000000000000000000e+01 6.300000000000000000e+01 5.400000000000000000e+01 0.000000000000000000e+00 1.600000000000000089e+00 -1.659000000000000101e-03 -1.546999999999999981e-03 9.999970000000000248e-01 -3.553279999999999772e-01 9.347410000000000441e-01 8.570000000000000144e-04 -9.347400000000000153e-01 -3.553259999999999752e-01 -2.099999999999999870e-03
2.000000000000000000e+00 7.600000000000000000e+01 5.600000000000000000e+01 0.000000000000000000e+00 1.600000000000000089e+00 8.399999999999999535e-05 -5.000000000000000104e-04 -1.000000000000000000e+00 -1.187980000000000008e-01 9.929179999999999673e-01 -5.060000000000000478e-04 9.929179999999999673e-01 1.187980000000000008e-01 2.400000000000000061e-05
2.300000000000000000e+01 6.800000000000000000e+01 5.700000000000000000e+01 0.000000000000000000e+00 1.600000000000000089e+00 -1.669999999999999935e-04 -8.586999999999999147e-03 -9.999630000000000463e-01 -2.456250000000000100e-01 -9.693289999999999962e-01 8.364999999999999172e-03 -9.693650000000000322e-01 2.456180000000000030e-01 -1.948000000000000079e-03
3.000000000000000000e+00 2.000000000000000000e+01 6.000000000000000000e+01 0.000000000000000000e+00 1.600000000000000089e+00 -1.809000000000000061e-03 7.551000000000000420e-03 9.999700000000000255e-01 -6.380199999999999760e-02 9.979329999999999590e-01 -7.650999999999999815e-03 -9.979609999999999870e-01 -6.381399999999999573e-02 -1.322999999999999957e-03
8.000000000000000000e+00 2.100000000000000000e+01 6.000000000000000000e+01 0.000000000000000000e+00 1.600000000000000089e+00 -1.820000000000000057e-04 7.344999999999999966e-03 9.999730000000000008e-01 -9.503799999999999748e-02 9.954469999999999708e-01 -7.328999999999999578e-03 -9.954739999999999700e-01 -9.503699999999999648e-02 5.169999999999999899e-04
1.100000000000000000e+01 2.100000000000000000e+01 6.000000000000000000e+01 0.000000000000000000e+00 1.600000000000000089e+00 7.370000000000000249e-04 6.047000000000000292e-03 9.999810000000000088e-01 -9.658899999999999431e-02 9.953070000000000528e-01 -5.948000000000000162e-03 -9.953239999999999865e-01 -9.658300000000000218e-02 1.317999999999999944e-03
1.500000000000000000e+01 2.100000000000000000e+01 6.000000000000000000e+01 0.000000000000000000e+00 1.600000000000000089e+00 6.899999999999999667e-05 -5.734999999999999647e-03 9.999839999999999840e-01 -9.636400000000000521e-02 9.953300000000000480e-01 5.714999999999999594e-03 -9.953459999999999530e-01 -9.636300000000000421e-02 -4.840000000000000010e-04
2.100000000000000000e+01 2.100000000000000000e+01 6.000000000000000000e+01 0.000000000000000000e+00 1.600000000000000089e+00 2.602999999999999845e-03 3.147000000000000058e-03 9.999919999999999920e-01 -9.131400000000000627e-02 9.958179999999999810e-01 -2.896000000000000137e-03 -9.958190000000000097e-01 -9.130599999999999827e-02 2.879000000000000049e-03
2.500000000000000000e+01 3.000000000000000000e+00 6.300000000000000000e+01 0.000000000000000000e+00 1.600000000000000089e+00 1.271999999999999910e-03 -2.269999999999999882e-03 9.999970000000000248e-01 -6.141630000000000145e-01 7.891749999999999599e-01 2.572000000000000067e-03 -7.891780000000000461e-01 -6.141649999999999610e-01 -3.899999999999999929e-04
3.000000000000000000e+00 2.700000000000000000e+01 6.300000000000000000e+01 0.000000000000000000e+00 1.600000000000000089e+00 3.910000000000000281e-03 -1.177100000000000021e-02 9.999230000000000063e-01 -2.680739999999999790e-01 9.633190000000000364e-01 1.238900000000000071e-02 -9.633899999999999686e-01 -2.681020000000000070e-01 6.109999999999999980e-04
6.000000000000000000e+00 2.700000000000000000e+01 6.300000000000000000e+01 0.000000000000000000e+00 1.600000000000000089e+00 1.500999999999999947e-03 -4.473999999999999679e-03 9.999890000000000168e-01 -2.663479999999999737e-01 9.638649999999999718e-01 4.712000000000000043e-03 -9.638759999999999550e-01 -2.663519999999999777e-01 2.550000000000000183e-04
1.300000000000000000e+01 2.700000000000000000e+01 6.300000000000000000e+01 0.000000000000000000e+00 1.600000000000000089e+00 7.879999999999999635e-04 4.558999999999999685e-03 9.999890000000000168e-01 -2.666000000000000036e-01 9.637980000000000436e-01 -4.184000000000000219e-03 -9.638069999999999693e-01 -2.665939999999999976e-01 1.975000000000000193e-03
2.100000000000000000e+01 2.700000000000000000e+01 6.300000000000000000e+01 0.000000000000000000e+00 1.600000000000000089e+00 -7.100000000000000462e-05 4.529000000000000040e-03 9.999900000000000455e-01 -2.696379999999999888e-01 9.629520000000000302e-01 -4.381000000000000345e-03 -9.629619999999999846e-01 -2.696359999999999868e-01 1.152000000000000029e-03
2.600000000000000000e+01 2.700000000000000000e+01 6.300000000000000000e+01 0.000000000000000000e+00 1.600000000000000089e+00 2.629999999999999959e-03 7.609999999999999577e-03 9.999679999999999680e-01 -2.749670000000000170e-01 9.614310000000000356e-01 -6.594000000000000035e-03 -9.614500000000000268e-01 -2.749409999999999910e-01 4.621000000000000107e-03
4.000000000000000000e+00 4.400000000000000000e+01 6.300000000000000000e+01 0.000000000000000000e+00 1.600000000000000089e+00 2.598999999999999921e-02 -1.294379999999999975e-01 -9.912469999999999892e-01 -7.384830000000000005e-01 -6.708110000000000461e-01 6.823300000000000198e-02 -6.737710000000000088e-01 7.302450000000000330e-01 -1.130219999999999975e-01
3.000000000000000000e+00 2.600000000000000000e+01 6.400000000000000000e+01 0.000000000000000000e+00 1.600000000000000089e+00 4.658999999999999947e-03 -6.282000000000000257e-03 9.999689999999999968e-01 -3.530829999999999802e-01 9.355620000000000047e-01 7.523000000000000173e-03 -9.355799999999999672e-01 -3.531079999999999774e-01 2.141000000000000108e-03
1.300000000000000000e+01 2.600000000000000000e+01 6.400000000000000000e+01 0.000000000000000000e+00 1.600000000000000089e+00 5.789999999999999791e-04 3.758000000000000056e-03 9.999930000000000208e-01 -3.478890000000000038e-01 9.375299999999999745e-01 -3.321999999999999866e-03 -9.375350000000000072e-01 -3.478849999999999998e-01 1.850000000000000082e-03
1.700000000000000000e+01 2.600000000000000000e+01 6.400000000000000000e+01 0.000000000000000000e+00 1.600000000000000089e+00 2.359999999999999902e-04 5.317999999999999811e-03 9.999860000000000415e-01 -3.470799999999999996e-01 9.378229999999999622e-01 -4.905999999999999771e-03 -9.378360000000000030e-01 -3.470739999999999936e-01 2.066999999999999827e-03
2.400000000000000000e+01 2.600000000000000000e+01 6.400000000000000000e+01 0.000000000000000000e+00 1.600000000000000089e+00 2.350999999999999791e-03 4.035999999999999657e-03 9.999890000000000168e-01 -3.512580000000000147e-01 9.362740000000000506e-01 -2.952999999999999896e-03 -9.362759999999999971e-01 -3.512480000000000047e-01 3.618999999999999821e-03
