2.000000000000000000e+00 1.500000000000000000e+01 4.000000000000000000e+00 0.000000000000000000e+00 1.600000000000000089e+00 -1.217000000000000026e-02 4.010500000000000176e-02 9.991210000000000369e-01 4.354990000000000250e-01 -8.992369999999999530e-01 4.139999999999999930e-02 9.001069999999999904e-01 4.356200000000000072e-01 -6.522000000000000020e-03
1.700000000000000000e+01 1.900000000000000000e+01 5.000000000000000000e+00 0.000000000000000000e+00 1.600000000000000089e+00 5.139999999999999604e-03 4.525999999999999641e-03 -9.999770000000000048e-01 -6.941119999999999512e-01 -7.198339999999999739e-01 -6.825999999999999603e-03 -7.198480000000000434e-01 6.941310000000000535e-01 -5.590000000000000351e-04
3.000000000000000000e+01 1.000000000000000000e+01 7.000000000000000000e+00 0.000000000000000000e+00 1.600000000000000089e+00 2.720200000000000048e-02 7.110000000000000434e-04 9.996300000000000185e-01 8.005290000000000461e-01 -5.989130000000000287e-01 -2.135799999999999851e-02 5.986759999999999859e-01 8.008140000000000258e-01 -1.685999999999999999e-02
4.000000000000000000e+00 1.010000000000000000e+02 7.000000000000000000e+00 0.000000000000000000e+00 1.600000000000000089e+00 -1.688000000000000047e-03 7.602000000000000250e-03 9.999700000000000255e-01 8.862889999999999935e-01 4.631290000000000129e-01 -2.024999999999999890e-03 -4.631299999999999861e-01 8.862579999999999902e-01 -7.518999999999999642e-03
2.400000000000000000e+01 1.010000000000000000e+02 7.000000000000000000e+00 0.000000000000000000e+00 1.600000000000000089e+00 9.380000000000000317e-04 -1.700000000000000122e-04 1.000000000000000000e+00 8.862010000000000165e-01 4.633010000000000184e-01 -7.529999999999999801e-04 -4.633010000000000184e-01 8.862010000000000165e-01 5.850000000000000165e-04
2.700000000000000000e+01 1.010000000000000000e+02 7.000000000000000000e+00 0.000000000000000000e+00 1.600000000000000089e+00 6.899999999999999667e-05 -1.492000000000000054e-03 9.999989999999999712e-01 8.866119999999999557e-01 4.625130000000000075e-01 6.290000000000000018e-04 -4.625130000000000075e-01 8.866110000000000380e-01 1.353999999999999952e-03
4.000000000000000000e+00 2.500000000000000000e+01 8.000000000000000000e+00 0.000000000000000000e+00 1.600000000000000089e+00 1.188999999999999953e-03 1.124999999999999915e-03 -9.999989999999999712e-01 4.377269999999999772e-01 8.991069999999999895e-01 1.531999999999999942e-03 8.991069999999999895e-01 -4.377280000000000060e-01 5.760000000000000146e-04
1.000000000000000000e+01 2.500000000000000000e+01 8.000000000000000000e+00 0.000000000000000000e+00 1.600000000000000089e+00 1.768999999999999956e-03 3.429999999999999889e-03 -9.999930000000000208e-01 4.363330000000000264e-01 8.997770000000000490e-01 3.857999999999999884e-03 8.997840000000000282e-01 -4.363360000000000016e-01 9.500000000000000523e-05
1.400000000000000000e+01 2.500000000000000000e+01 8.000000000000000000e+00 0.000000000000000000e+00 1.600000000000000089e+00 2.213000000000000123e-03 1.373000000000000088e-03 -9.999970000000000248e-01 4.360350000000000059e-01 8.999270000000000325e-01 2.200000000000000133e-03 8.999270000000000325e-01 -4.360379999999999812e-01 1.392999999999999924e-03
2.000000000000000000e+01 2.500000000000000000e+01 8.000000000000000000e+00 0.000000000000000000e+00 1.600000000000000089e+00 -1.955000000000000140e-03 1.340000000000000045e-03 -9.999970000000000248e-01 4.321909999999999918e-01 9.017819999999999725e-01 3.629999999999999872e-04 9.017800000000000260e-01 -4.321889999999999898e-01 -2.341999999999999898e-03
2.400000000000000000e+01 2.500000000000000000e+01 8.000000000000000000e+00 0.000000000000000000e+00 1.600000000000000089e+00 -2.001000000000000174e-03 -1.781999999999999947e-03 -9.999959999999999960e-01 4.323620000000000241e-01 9.016969999999999708e-01 -2.471999999999999805e-03 9.016979999999999995e-01 -4.323649999999999993e-01 -1.033999999999999980e-03
3.000000000000000000e+01 2.500000000000000000e+01 8.000000000000000000e+00 0.000000000000000000e+00 1.600000000000000089e+00 2.896000000000000137e-03 -1.291000000000000047e-03 -9.999949999999999672e-01 4.372750000000000248e-01 8.993280000000000163e-01 1.050000000000000044e-04 8.993229999999999835e-01 -4.372730000000000228e-01 3.168999999999999942e-03
3.000000000000000000e+00 2.400000000000000000e+01 9.000000000000000000e+00 0.000000000000000000e+00 1.600000000000000089e+00 1.041000000000000042e-03 -5.259999999999999919e-04 -9.999989999999999712e-01 4.433690000000000131e-01 8.963389999999999969e-01 -9.000000000000000228e-06 8.963389999999999969e-01 -4.433690000000000131e-01 1.165999999999999936e-03
1.000000000000000000e+01 2.400000000000000000e+01 9.000000000000000000e+00 0.000000000000000000e+00 1.600000000000000089e+00 1.497000000000000067e-03 4.298999999999999870e-03 -9.999900000000000455e-01 4.419310000000000183e-01 8.970380000000000020e-01 4.518000000000000314e-03 8.970479999999999565e-01 -4.419330000000000203e-01 -5.569999999999999864e-04
1.500000000000000000e+01 2.400000000000000000e+01 9.000000000000000000e+00 0.000000000000000000e+00 1.600000000000000089e+00 1.539999999999999919e-03 2.606999999999999942e-03 -9.999949999999999672e-01 4.419259999999999855e-01 8.970460000000000100e-01 3.018999999999999982e-03 8.970500000000000140e-01 -4.419290000000000163e-01 2.300000000000000070e-04
1.900000000000000000e+01 2.400000000000000000e+01 9.000000000000000000e+00 0.000000000000000000e+00 1.600000000000000089e+00 -3.519999999999999908e-04 2.334000000000000137e-03 -9.999970000000000248e-01 4.377869999999999817e-01 8.990770000000000151e-01 1.943999999999999981e-03 8.990789999999999615e-01 -4.377849999999999797e-01 -1.337999999999999997e-03
2.700000000000000000e+01 2.400000000000000000e+01 9.000000000000000000e+00 0.000000000000000000e+00 1.600000000000000089e+00 -5.980000000000000072e-04 -2.850000000000000103e-03 -9.999959999999999960e-01 4.405049999999999799e-01 8.977460000000000440e-01 -2.821999999999999856e-03 8.977500000000000480e-01 -4.405049999999999799e-01 7.179999999999999967e-04
3.000000000000000000e+01 2.400000000000000000e+01 9.000000000000000000e+00 0.000000000000000000e+00 1.600000000000000089e+00 1.990000000000000015e-03 -3.452000000000000207e-03 -9.999919999999999920e-01 4.435430000000000206e-01 8.962499999999999911e-01 -2.210999999999999858e-03 8.962510000000000199e-01 -4.435350000000000126e-01 3.314999999999999804e-03
1.500000000000000000e+01 8.000000000000000000e+00 1.000000000000000000e+01 0.000000000000000000e+00 1.600000000000000089e+00 9.020999999999999852e-02 5.180499999999999688e-02 -9.945739999999999581e-01 -9.850039999999999907e-01 -1.428290000000000115e-01 -9.678200000000000691e-02 -1.470670000000000033e-01 9.883910000000000196e-01 3.814399999999999735e-02
4.000000000000000000e+00 3.000000000000000000e+00 1.100000000000000000e+01 0.000000000000000000e+00 1.600000000000000089e+00 -5.891999999999999668e-03 1.095349999999999935e-01 9.939660000000000162e-01 1.312250000000000083e-01 -9.853030000000000399e-01 1.093579999999999969e-01 9.913349999999999662e-01 1.310769999999999991e-01 -8.567999999999999228e-03
1.300000000000000000e+01 4.000000000000000000e+00 1.100000000000000000e+01 0.000000000000000000e+00 1.600000000000000089e+00 -1.191000000000000001e-03 1.156770000000000020e-01 9.932860000000000023e-01 1.541210000000000080e-01 -9.813979999999999926e-01 1.144769999999999954e-01 9.880510000000000126e-01 1.532219999999999971e-01 -1.665900000000000020e-02
2.100000000000000000e+01 1.200000000000000000e+01 1.600000000000000000e+01 0.000000000000000000e+00 1.600000000000000089e+00 1.422000000000000087e-03 -1.930000000000000021e-04 9.999989999999999712e-01 2.640799999999999814e-01 -9.645000000000000240e-01 -5.609999999999999752e-04 9.645000000000000240e-01 2.640810000000000102e-01 -1.320999999999999909e-03
4.000000000000000000e+00 1.160000000000000000e+02 1.600000000000000000e+01 0.000000000000000000e+00 1.600000000000000089e+00 3.999999999999999819e-06 -1.681999999999999901e-03 9.999989999999999712e-01 7.646549999999999736e-01 6.444389999999999841e-01 1.080999999999999930e-03 -6.444400000000000128e-01 7.646539999999999448e-01 1.288999999999999998e-03
1.000000000000000000e+01 1.160000000000000000e+02 1.600000000000000000e+01 0.000000000000000000e+00 1.600000000000000089e+00 -1.374999999999999920e-03 -9.160000000000000390e-04 9.999989999999999712e-01 7.415079999999999449e-01 6.709420000000000384e-01 1.634000000000000036e-03 -6.709429999999999561e-01 7.415089999999999737e-01 -2.429999999999999977e-04
1.500000000000000000e+01 1.160000000000000000e+02 1.600000000000000000e+01 0.000000000000000000e+00 1.600000000000000089e+00 -2.507999999999999813e-03 -7.280000000000000230e-04 9.999970000000000248e-01 7.501560000000000450e-01 6.612569999999999837e-01 2.363000000000000083e-03 -6.612569999999999837e-01 7.501590000000000202e-01 -1.113000000000000057e-03
1.800000000000000000e+01 1.160000000000000000e+02 1.600000000000000000e+01 0.000000000000000000e+00 1.600000000000000089e+00 -3.954000000000000049e-03 -2.294000000000000032e-03 9.999900000000000455e-01 7.517160000000000508e-01 6.594719999999999471e-01 4.485000000000000271e-03 -6.594750000000000334e-01 7.517260000000000053e-01 -8.829999999999999958e-04
2.100000000000000000e+01 2.000000000000000000e+00 1.900000000000000000e+01 0.000000000000000000e+00 1.600000000000000089e+00 4.500000000000000283e-05 -1.958199999999999871e-02 -9.998080000000000300e-01 3.573830000000000062e-01 -9.337790000000000257e-01 1.830499999999999836e-02 -9.339579999999999549e-01 -3.573149999999999937e-01 6.956000000000000377e-03
3.000000000000000000e+00 3.000000000000000000e+00 1.900000000000000000e+01 0.000000000000000000e+00 1.600000000000000089e+00 3.931999999999999731e-03 3.846200000000000313e-02 -9.992520000000000291e-01 3.408149999999999791e-01 -9.394850000000000145e-01 -3.482099999999999779e-02 -9.401220000000000132e-01 -3.404229999999999756e-01 -1.680299999999999849e-02
7.000000000000000000e+00 3.000000000000000000e+00 1.900000000000000000e+01 0.000000000000000000e+00 1.600000000000000089e+00 5.559999999999999621e-04 5.049399999999999722e-02 -9.987239999999999451e-01 3.483499999999999930e-01 -9.361789999999999834e-01 -4.713799999999999935e-02 -9.373639999999999750e-01 -3.478789999999999938e-01 -1.811000000000000110e-02
1.100000000000000000e+01 3.000000000000000000e+00 1.900000000000000000e+01 0.000000000000000000e+00 1.600000000000000089e+00 -4.081000000000000426e-03 4.698499999999999899e-02 -9.988869999999999694e-01 3.541070000000000051e-01 -9.341030000000000166e-01 -4.538400000000000073e-02 -9.351960000000000273e-01 -3.538979999999999904e-01 -1.282600000000000059e-02
1.500000000000000000e+01 3.000000000000000000e+00 1.900000000000000000e+01 0.000000000000000000e+00 1.600000000000000089e+00 -5.165000000000000320e-03 2.725800000000000098e-02 -9.996150000000000313e-01 3.512910000000000199e-01 -9.358670000000000044e-01 -2.733500000000000166e-02 -9.362519999999999731e-01 -3.512970000000000259e-01 -4.741999999999999688e-03
2.200000000000000000e+01 3.000000000000000000e+00 1.900000000000000000e+01 0.000000000000000000e+00 1.600000000000000089e+00 -6.089999999999999494e-04 -2.151199999999999987e-02 -9.997679999999999900e-01 3.392209999999999948e-01 -9.404930000000000234e-01 2.002999999999999919e-02 -9.407060000000000421e-01 -3.391299999999999870e-01 7.870000000000000259e-03
1.000000000000000000e+00 1.300000000000000000e+01 2.000000000000000000e+01 0.000000000000000000e+00 1.600000000000000089e+00 -2.113999999999999994e-03 -7.466999999999999679e-03 9.999700000000000255e-01 2.602700000000000014e-01 9.655049999999999466e-01 7.760000000000000404e-03 -9.655329999999999746e-01 2.602789999999999826e-01 -9.699999999999999963e-05
1.200000000000000000e+01 1.300000000000000000e+01 2.000000000000000000e+01 0.000000000000000000e+00 1.600000000000000089e+00 1.119999999999999983e-04 -3.487000000000000082e-03 9.999940000000000495e-01 2.606740000000000168e-01 9.654209999999999736e-01 3.337000000000000122e-03 -9.654270000000000351e-01 2.606720000000000148e-01 1.016999999999999892e-03
1.900000000000000000e+01 1.300000000000000000e+01 2.000000000000000000e+01 0.000000000000000000e+00 1.600000000000000089e+00 5.240000000000000517e-04 1.582000000000000073e-03 9.999989999999999712e-01 2.633460000000000245e-01 9.647000000000000020e-01 -1.663999999999999898e-03 -9.647010000000000307e-01 2.633460000000000245e-01 8.899999999999999491e-05
2.300000000000000000e+01 1.300000000000000000e+01 2.000000000000000000e+01 0.000000000000000000e+00 1.600000000000000089e+00 7.510000000000000399e-04 4.831000000000000225e-03 9.999879999999999880e-01 2.635680000000000245e-01 9.646280000000000410e-01 -4.858000000000000339e-03 -9.646400000000000530e-01 2.635689999999999977e-01 -5.490000000000000088e-04
2.700000000000000000e+01 1.300000000000000000e+01 2.000000000000000000e+01 0.000000000000000000e+00 1.600000000000000089e+00 5.609999999999999752e-04 8.149999999999999693e-04 1.000000000000000000e+00 2.612519999999999842e-01 9.652699999999999614e-01 -9.330000000000000186e-04 -9.652699999999999614e-01 2.612530000000000130e-01 3.289999999999999739e-04
1.900000000000000000e+01 1.600000000000000000e+01 2.100000000000000000e+01 0.000000000000000000e+00 1.600000000000000089e+00 5.320000000000000293e-04 2.079000000000000119e-03 9.999980000000000535e-01 3.002130000000000076e-01 9.538699999999999957e-01 -2.142999999999999940e-03 -9.538720000000000532e-01 3.002130000000000076e-01 -1.160000000000000007e-04
2.600000000000000000e+01 1.600000000000000000e+01 2.100000000000000000e+01 0.000000000000000000e+00 1.600000000000000089e+00 2.820000000000000241e-04 2.334999999999999836e-03 9.999970000000000248e-01 2.987299999999999955e-01 9.543350000000000444e-01 -2.312999999999999952e-03 -9.543380000000000196e-01 2.987290000000000223e-01 -4.290000000000000193e-04
2.500000000000000000e+01 2.000000000000000000e+00 2.500000000000000000e+01 0.000000000000000000e+00 1.600000000000000089e+00 1.017099999999999949e-02 -3.522900000000000337e-02 9.993269999999999653e-01 8.511599999999999722e-02 -9.957219999999999960e-01 -3.596799999999999997e-02 9.963189999999999547e-01 8.542500000000000093e-02 -7.128999999999999920e-03
1.000000000000000000e+00 3.000000000000000000e+00 2.500000000000000000e+01 0.000000000000000000e+00 1.600000000000000089e+00 1.229999999999999974e-03 1.204900000000000068e-02 9.999270000000000103e-01 -1.114000000000000060e-02 -9.998650000000000038e-01 1.206199999999999981e-02 9.999369999999999647e-01 -1.115400000000000072e-02 -1.095000000000000053e-03
1.600000000000000000e+01 3.000000000000000000e+00 2.500000000000000000e+01 0.000000000000000000e+00 1.600000000000000089e+00 -4.640000000000000027e-04 8.942000000000000295e-03 9.999599999999999600e-01 3.563899999999999707e-02 -9.993250000000000188e-01 8.952999999999999153e-03 9.993649999999999478e-01 3.564200000000000007e-02 1.450000000000000009e-04
2.400000000000000000e+01 3.000000000000000000e+00 2.500000000000000000e+01 0.000000000000000000e+00 1.600000000000000089e+00 5.903000000000000261e-03 -3.111500000000000030e-02 9.994979999999999976e-01 4.128999999999999858e-03 -9.995070000000000343e-01 -3.114000000000000101e-02 9.999740000000000295e-01 4.310999999999999728e-03 -5.772000000000000221e-03
1.000000000000000000e+00 4.600000000000000000e+01 2.700000000000000000e+01 0.000000000000000000e+00 1.600000000000000089e+00 -1.409000000000000096e-03 -1.396000000000000105e-03 -9.999980000000000535e-01 6.781239999999999490e-01 7.349449999999999594e-01 -1.981999999999999821e-03 7.349459999999999882e-01 -6.781260000000000066e-01 -8.899999999999999491e-05
1.000000000000000000e+00 4.600000000000000000e+01 3.500000000000000000e+01 0.000000000000000000e+00 1.600000000000000089e+00 -3.399999999999999973e-05 4.224999999999999589e-03 -9.999909999999999632e-01 3.910089999999999955e-01 -9.203789999999999472e-01 -3.902000000000000086e-03 -9.203869999999999552e-01 -3.910060000000000202e-01 -1.621000000000000045e-03
5.000000000000000000e+00 4.600000000000000000e+01 3.500000000000000000e+01 0.000000000000000000e+00 1.600000000000000089e+00 -7.060000000000000303e-04 -3.327000000000000096e-03 -9.999940000000000495e-01 3.930699999999999750e-01 -9.195039999999999880e-01 2.781000000000000052e-03 -9.195079999999999920e-01 -3.930660000000000265e-01 1.956999999999999972e-03
1.000000000000000000e+01 4.600000000000000000e+01 3.500000000000000000e+01 0.000000000000000000e+00 1.600000000000000089e+00 -7.999999999999999638e-06 1.154000000000000078e-03 -9.999989999999999712e-01 3.936899999999999844e-01 -9.192430000000000323e-01 -1.064000000000000059e-03 -9.192430000000000323e-01 -3.936890000000000112e-01 -4.459999999999999989e-04
1.900000000000000000e+01 4.600000000000000000e+01 3.500000000000000000e+01 0.000000000000000000e+00 1.600000000000000089e+00 -8.630000000000000518e-04 -2.776999999999999955e-03 -9.999959999999999960e-01 3.922399999999999776e-01 -9.198600000000000110e-01 2.216000000000000088e-03 -9.198629999999999862e-01 -3.922359999999999736e-01 1.882999999999999908e-03
2.700000000000000000e+01 4.600000000000000000e+01 3.500000000000000000e+01 0.000000000000000000e+00 1.600000000000000089e+00 -3.150000000000000131e-04 1.399999999999999979e-05 -1.000000000000000000e+00 3.909580000000000277e-01 -9.204090000000000327e-01 -1.369999999999999961e-04 -9.204090000000000327e-01 -3.909580000000000277e-01 2.849999999999999886e-04
1.200000000000000000e+01 9.500000000000000000e+01 3.600000000000000000e+01 0.000000000000000000e+00 1.600000000000000089e+00 -6.322999999999999628e-03 -1.044800000000000069e-02 9.999249999999999527e-01 9.957570000000000032e-01 9.173499999999999710e-02 7.256000000000000297e-03 -9.180399999999999672e-02 9.957289999999999752e-01 9.823000000000000134e-03
2.900000000000000000e+01 9.500000000000000000e+01 3.600000000000000000e+01 0.000000000000000000e+00 1.600000000000000089e+00 3.729999999999999809e-03 5.407000000000000348e-03 9.999780000000000335e-01 9.967049999999999521e-01 8.100499999999999368e-02 -4.155999999999999972e-03 -8.102499999999999980e-02 9.966990000000000016e-01 -5.087000000000000376e-03
2.200000000000000000e+01 9.500000000000000000e+01 3.700000000000000000e+01 0.000000000000000000e+00 1.600000000000000089e+00 -1.624999999999999925e-03 -1.145599999999999917e-02 9.999329999999999607e-01 9.948280000000000456e-01 1.015390000000000043e-01 2.779999999999999919e-03 -1.015640000000000015e-01 9.947660000000000391e-01 1.123099999999999966e-02
1.600000000000000000e+01 6.000000000000000000e+01 3.900000000000000000e+01 0.000000000000000000e+00 1.600000000000000089e+00 -1.340999999999999961e-03 -1.140399999999999921e-02 -9.999339999999999895e-01 2.963149999999999951e-01 -9.550330000000000208e-01 1.049399999999999986e-02 -9.550889999999999658e-01 -2.962810000000000166e-01 4.658999999999999947e-03
1.000000000000000000e+01 2.900000000000000000e+01 4.400000000000000000e+01 0.000000000000000000e+00 1.600000000000000089e+00 -1.730999999999999900e-03 -1.874000000000000015e-03 -9.999970000000000248e-01 6.577979999999999938e-01 7.531900000000000261e-01 -2.550000000000000183e-03 7.531919999999999726e-01 -6.578000000000000513e-01 -7.100000000000000462e-05
1.800000000000000000e+01 2.900000000000000000e+01 4.400000000000000000e+01 0.000000000000000000e+00 1.600000000000000089e+00 -1.590999999999999966e-03 -3.154000000000000119e-03 -9.999940000000000495e-01 6.610430000000000472e-01 7.503400000000000070e-01 -3.419000000000000164e-03 7.503459999999999575e-01 -6.610449999999999937e-01 8.909999999999999734e-04
2.700000000000000000e+01 2.900000000000000000e+01 4.400000000000000000e+01 0.000000000000000000e+00 1.600000000000000089e+00 -1.079999999999999960e-04 -1.023999999999999954e-03 -9.999989999999999712e-01 6.594139999999999446e-01 7.517789999999999750e-01 -8.409999999999999507e-04 7.517800000000000038e-01 -6.594139999999999446e-01 5.940000000000000184e-04
1.300000000000000000e+01 4.000000000000000000e+00 5.000000000000000000e+01 0.000000000000000000e+00 1.600000000000000089e+00 1.178999999999999927e-03 -3.275999999999999832e-03 -9.999940000000000495e-01 5.323999999999999844e-01 -8.464859999999999607e-01 3.400999999999999943e-03 -8.464920000000000222e-01 -5.324010000000000131e-01 7.460000000000000268e-04
1.700000000000000000e+01 1.150000000000000000e+02 5.100000000000000000e+01 0.000000000000000000e+00 1.600000000000000089e+00 -2.425000000000000072e-03 -4.471000000000000148e-03 9.999869999999999592e-01 8.471279999999999921e-01 -5.313890000000000002e-01 -3.220000000000000206e-04 5.313839999999999675e-01 8.471159999999999801e-01 5.075999999999999783e-03
2.100000000000000000e+01 1.150000000000000000e+02 5.100000000000000000e+01 0.000000000000000000e+00 1.600000000000000089e+00 5.500000000000000196e-05 4.339999999999999782e-04 1.000000000000000000e+00 8.466879999999999962e-01 -5.320899999999999519e-01 1.840000000000000001e-04 5.320899999999999519e-01 8.466879999999999962e-01 -3.970000000000000005e-04
5.000000000000000000e+00 6.300000000000000000e+01 5.400000000000000000e+01 0.000000000000000000e+00 1.600000000000000089e+00 5.300000000000000078e-05 -3.374999999999999962e-03 9.999940000000000495e-01 -3.519720000000000071e-01 9.360049999999999759e-01 3.177999999999999835e-03 -9.360110000000000374e-01 -3.519700000000000051e-01 -1.139000000000000038e-03
1.000000000000000000e+01 6.300000000000000000e+01 5.400000000000000000e+01 0.000000000000000000e+00 1.600000000000000089e+00 -1.417000000000000074e-03 -4.225999999999999722e-03 9.999900000000000455e-01 -3.513049999999999784e-01 9.362549999999999484e-01 3.458999999999999835e-03 -9.362599999999999811e-01 -3.512959999999999972e-01 -2.811000000000000131e-03
2.300000000000000000e+01 6.300000000000000000e+01 5.400000000000000000e+01 0.000000000000000000e+00 1.600000000000000089e+00 1.431999999999999896e-03 -2.004999999999999838e-03 9.999970000000000248e-01 -3.462830000000000075e-01 9.381270000000000442e-01 2.376000000000000074e-03 -9.381289999999999907e-01 -3.462859999999999827e-01 6.489999999999999459e-04
2.700000000000000000e+01 6.300000000000000000e+01 5.400000000000000000e+01 0.000000000000000000e+00 1.600000000000000089e+00 -4.879999999999999898e-04 1.101999999999999898e-03 9.999989999999999712e-01 -3.442029999999999812e-01 9.388940000000000063e-01 -1.203000000000000076e-03 -9.388950000000000351e-01 -3.442040000000000100e-01 -7.899999999999999579e-05
2.000000000000000000e+00 2.500000000000000000e+01 5.500000000000000000e+01 0.000000000000000000e+00 1.600000000000000089e+00 1.098999999999999934e-03 1.763000000000000027e-03 -9.999980000000000535e-01 -1.425000000000000051e-02 -9.998970000000000358e-01 -1.778000000000000067e-03 -9.998979999999999535e-01 1.425200000000000078e-02 -1.074000000000000085e-03
6.000000000000000000e+00 2.600000000000000000e+01 5.500000000000000000e+01 0.000000000000000000e+00 1.600000000000000089e+00 1.394999999999999973e-03 5.222000000000000079e-03 -9.999850000000000128e-01 -3.284100000000000213e-02 -9.994469999999999743e-01 -5.264999999999999715e-03 -9.994600000000000151e-01 3.284800000000000220e-02 -1.222999999999999912e-03
4.000000000000000000e+00 2.100000000000000000e+01 6.000000000000000000e+01 0.000000000000000000e+00 1.600000000000000089e+00 1.962999999999999901e-03 9.999999999999999547e-07 9.999980000000000535e-01 -9.694999999999999452e-02 9.952889999999999793e-01 1.890000000000000133e-04 -9.952870000000000328e-01 -9.694999999999999452e-02 1.954000000000000008e-03
8.000000000000000000e+00 2.100000000000000000e+01 6.000000000000000000e+01 0.000000000000000000e+00 1.600000000000000089e+00 -1.598999999999999944e-03 6.790000000000000029e-03 9.999759999999999760e-01 -9.576999999999999402e-02 9.953800000000000425e-01 -6.911999999999999741e-03 -9.954020000000000090e-01 -9.577800000000000202e-02 -9.409999999999999962e-04
1.300000000000000000e+01 2.100000000000000000e+01 6.000000000000000000e+01 0.000000000000000000e+00 1.600000000000000089e+00 -7.540000000000000044e-04 1.760999999999999979e-03 9.999980000000000535e-01 -9.568899999999999628e-02 9.954100000000000170e-01 -1.825000000000000016e-03 -9.954110000000000458e-01 -9.568999999999999728e-02 -5.820000000000000520e-04
2.000000000000000000e+01 2.100000000000000000e+01 6.000000000000000000e+01 0.000000000000000000e+00 1.600000000000000089e+00 8.589999999999999546e-04 -1.654000000000000088e-03 9.999980000000000535e-01 -9.298099999999999421e-02 9.956660000000000510e-01 1.727000000000000019e-03 -9.956679999999999975e-01 -9.298199999999999521e-02 7.020000000000000415e-04
2.700000000000000000e+01 2.100000000000000000e+01 6.000000000000000000e+01 0.000000000000000000e+00 1.600000000000000089e+00 -1.399999999999999986e-03 6.590999999999999637e-03 9.999770000000000048e-01 -9.679799999999999516e-02 9.952820000000000000e-01 -6.695000000000000430e-03 -9.953030000000000488e-01 -9.680500000000000216e-02 -7.560000000000000530e-04
7.000000000000000000e+00 3.000000000000000000e+00 6.300000000000000000e+01 0.000000000000000000e+00 1.600000000000000089e+00 -1.121000000000000035e-03 -3.818999999999999912e-03 9.999919999999999920e-01 -6.131410000000000471e-01 7.899699999999999500e-01 2.330000000000000040e-03 -7.899730000000000363e-01 -6.131330000000000391e-01 -3.226999999999999834e-03
2.800000000000000000e+01 3.000000000000000000e+00 6.300000000000000000e+01 0.000000000000000000e+00 1.600000000000000089e+00 7.969999999999999654e-04 -3.946999999999999988e-03 9.999919999999999920e-01 -6.106800000000000006e-01 7.918699999999999628e-01 3.612000000000000193e-03 -7.918770000000000531e-01 -6.106780000000000541e-01 -1.778999999999999982e-03
4.000000000000000000e+00 2.700000000000000000e+01 6.300000000000000000e+01 0.000000000000000000e+00 1.600000000000000089e+00 2.069000000000000093e-03 6.610000000000000207e-04 9.999980000000000535e-01 -2.744210000000000260e-01 9.616099999999999648e-01 -6.799999999999999946e-05 -9.616069999999999895e-01 -2.744210000000000260e-01 2.171000000000000187e-03
9.000000000000000000e+00 2.700000000000000000e+01 6.300000000000000000e+01 0.000000000000000000e+00 1.600000000000000089e+00 -1.544000000000000017e-03 1.644999999999999978e-03 9.999970000000000248e-01 -2.777229999999999976e-01 9.606590000000000407e-01 -2.008999999999999935e-03 -9.606599999999999584e-01 -2.777249999999999996e-01 -1.026000000000000002e-03
1.200000000000000000e+01 2.700000000000000000e+01 6.300000000000000000e+01 0.000000000000000000e+00 1.600000000000000089e+00 -2.869999999999999830e-04 4.325999999999999984e-03 9.999909999999999632e-01 -2.780309999999999726e-01 9.605629999999999447e-01 -4.235000000000000049e-03 -9.605719999999999814e-01 -2.780299999999999994e-01 9.269999999999999811e-04
1.500000000000000000e+01 2.700000000000000000e+01 6.300000000000000000e+01 0.000000000000000000e+00 1.600000000000000089e+00 2.625999999999999862e-03 6.368000000000000396e-03 9.999759999999999760e-01 -2.765420000000000100e-01 9.609870000000000356e-01 -5.393000000000000224e-03 -9.609980000000000189e-01 -2.765219999999999900e-01 4.284999999999999747e-03
2.000000000000000000e+01 2.700000000000000000e+01 6.300000000000000000e+01 0.000000000000000000e+00 1.600000000000000089e+00 -9.120000000000000502e-04 8.319999999999999271e-03 9.999649999999999928e-01 -2.705469999999999819e-01 9.626710000000000544e-01 -8.255999999999999450e-03 -9.627059999999999507e-01 -2.705449999999999799e-01 1.373000000000000088e-03
2.700000000000000000e+01 2.700000000000000000e+01 6.300000000000000000e+01 0.000000000000000000e+00 1.600000000000000089e+00 -6.939999999999999555e-04 -9.247999999999999277e-03 9.999569999999999848e-01 -2.746739999999999737e-01 9.614979999999999638e-01 8.701999999999999666e-03 -9.615369999999999751e-01 -2.746560000000000112e-01 -3.207999999999999914e-03
4.000000000000000000e+00 2.600000000000000000e+01 6.400000000000000000e+01 0.000000000000000000e+00 1.600000000000000089e+00 2.658000000000000206e-03 1.536000000000000039e-03 9.999949999999999672e-01 -3.666599999999999859e-01 9.303550000000000431e-01 -4.539999999999999765e-04 -9.303510000000000391e-01 -3.666570000000000107e-01 3.036000000000000070e-03
9.000000000000000000e+00 2.600000000000000000e+01 6.400000000000000000e+01 0.000000000000000000e+00 1.600000000000000089e+00 -1.978000000000000157e-03 2.318999999999999881e-03 9.999949999999999672e-01 -3.711459999999999759e-01 9.285700000000000065e-01 -2.887999999999999942e-03 -9.285719999999999530e-01 -3.711499999999999799e-01 -9.759999999999999796e-04
1.300000000000000000e+01 2.600000000000000000e+01 6.400000000000000000e+01 0.000000000000000000e+00 1.600000000000000089e+00 2.200000000000000078e-04 3.983000000000000429e-03 9.999919999999999920e-01 -3.717520000000000269e-01 9.283249999999999558e-01 -3.615999999999999857e-03 -9.283320000000000460e-01 -3.717489999999999961e-01 1.685000000000000083e-03
1.500000000000000000e+01 2.600000000000000000e+01 6.400000000000000000e+01 0.000000000000000000e+00 1.600000000000000089e+00 2.161000000000000160e-03 4.366000000000000089e-03 9.999879999999999880e-01 -3.702949999999999853e-01 9.289079999999999560e-01 -3.255000000000000081e-03 -9.289119999999999600e-01 -3.702840000000000020e-01 3.624000000000000051e-03
2.100000000000000000e+01 2.600000000000000000e+01 6.400000000000000000e+01 0.000000000000000000e+00 1.600000000000000089e+00 -3.301000000000000115e-03 6.086000000000000264e-03 9.999759999999999760e-01 -3.650200000000000111e-01 9.309739999999999682e-01 -6.871000000000000371e-03 -9.309939999999999882e-01 -3.650340000000000251e-01 -8.520000000000000013e-04
2.800000000000000000e+01 2.600000000000000000e+01 6.400000000000000000e+01 0.000000000000000000e+00 1.600000000000000089e+00 6.599999999999999964e-04 -6.557000000000000328e-03 9.999780000000000335e-01 -3.717530000000000001e-01 9.283099999999999685e-01 6.331999999999999955e-03 -9.283310000000000173e-01 -3.717489999999999961e-01 -1.825000000000000016e-03
1.500000000000000000e+01 6.900000000000000000e+01 6.600000000000000000e+01 0.000000000000000000e+00 1.600000000000000089e+00 1.550000000000000000e-04 -4.198000000000000342e-03 9.999909999999999632e-01 -9.493099999999999872e-01 3.143380000000000063e-01 1.466999999999999988e-03 -3.143420000000000103e-01 -9.493019999999999792e-01 -3.937000000000000395e-03
2.800000000000000000e+01 6.900000000000000000e+01 6.600000000000000000e+01 0.000000000000000000e+00 1.600000000000000089e+00 -5.714999999999999594e-03 -3.869000000000000043e-03 9.999759999999999760e-01 -9.453040000000000331e-01 3.261640000000000095e-01 -4.139999999999999583e-03 -3.261399999999999855e-01 -9.453049999999999509e-01 -5.521999999999999999e-03
2.000000000000000000e+00 2.500000000000000000e+01 7.300000000000000000e+01 0.000000000000000000e+00 1.600000000000000089e+00 -1.082999999999999978e-03 -1.231000000000000106e-03 9.999989999999999712e-01 7.591999999999999860e-01 -6.508570000000000189e-01 2.099999999999999884e-05 6.508559999999999901e-01 7.591989999999999572e-01 1.639000000000000049e-03
9.000000000000000000e+00 2.500000000000000000e+01 7.300000000000000000e+01 0.000000000000000000e+00 1.600000000000000089e+00 -4.550000000000000008e-04 1.463000000000000108e-03 9.999989999999999712e-01 7.541710000000000358e-01 -6.566769999999999552e-01 1.304000000000000038e-03 6.566779999999999839e-01 7.541700000000000070e-01 -8.040000000000000271e-04
1.300000000000000000e+01 2.500000000000000000e+01 7.300000000000000000e+01 0.000000000000000000e+00 1.600000000000000089e+00 -9.340000000000000429e-04 -4.539999999999999765e-04 9.999989999999999712e-01 7.565300000000000358e-01 -6.539589999999999570e-01 4.099999999999999912e-04 6.539589999999999570e-01 7.565300000000000358e-01 9.539999999999999869e-04
1.600000000000000000e+01 2.500000000000000000e+01 7.300000000000000000e+01 0.000000000000000000e+00 1.600000000000000089e+00 -1.572999999999999962e-03 -3.896000000000000157e-03 9.999909999999999632e-01 7.555020000000000069e-01 -6.551449999999999774e-01 -1.363999999999999978e-03 6.551439999999999486e-01 7.554929999999999701e-01 3.974000000000000102e-03
2.100000000000000000e+01 2.500000000000000000e+01 7.300000000000000000e+01 0.000000000000000000e+00 1.600000000000000089e+00 3.820000000000000153e-04 -5.730000000000000501e-04 1.000000000000000000e+00 7.538639999999999786e-01 -6.570310000000000317e-01 -6.639999999999999852e-04 6.570310000000000317e-01 7.538639999999999786e-01 1.810000000000000085e-04
3.000000000000000000e+01 2.500000000000000000e+01 7.300000000000000000e+01 0.000000000000000000e+00 1.600000000000000089e+00 2.337999999999999801e-03 -2.601000000000000013e-03 9.999940000000000495e-01 7.614819999999999922e-01 -6.481770000000000032e-01 -3.465999999999999897e-03 6.481820000000000359e-01 7.614849999999999675e-01 4.650000000000000270e-04
5.000000000000000000e+00 4.400000000000000000e+01 7.300000000000000000e+01 0.000000000000000000e+00 1.600000000000000089e+00 -6.530000000000000431e-04 -1.340999999999999961e-03 9.999989999999999712e-01 5.507700000000000096e-02 -9.984809999999999519e-01 -1.302999999999999905e-03 9.984819999999999807e-01 5.507599999999999996e-02 7.259999999999999743e-04
9.000000000000000000e+00 4.400000000000000000e+01 7.300000000000000000e+01 0.000000000000000000e+00 1.600000000000000089e+00 -2.460000000000000164e-04 -8.739999999999999939e-04 1.000000000000000000e+00 5.497300000000000103e-02 -9.984870000000000134e-01 -8.599999999999999789e-04 9.984880000000000422e-01 5.497300000000000103e-02 2.939999999999999905e-04
1.500000000000000000e+01 4.400000000000000000e+01 7.300000000000000000e+01 0.000000000000000000e+00 1.600000000000000089e+00 -6.700000000000000226e-05 -5.000000000000000104e-04 1.000000000000000000e+00 5.351399999999999907e-02 -9.985669999999999824e-01 -4.960000000000000216e-04 9.985669999999999824e-01 5.351399999999999907e-02 9.299999999999999727e-05
1.800000000000000000e+01 4.400000000000000000e+01 7.300000000000000000e+01 0.000000000000000000e+00 1.600000000000000089e+00 5.749999999999999903e-04 -1.598999999999999944e-03 9.999989999999999712e-01 5.311799999999999855e-02 -9.985870000000000024e-01 -1.626999999999999974e-03 9.985880000000000312e-01 5.311899999999999955e-02 -4.889999999999999599e-04
2.300000000000000000e+01 4.400000000000000000e+01 7.300000000000000000e+01 0.000000000000000000e+00 1.600000000000000089e+00 3.000000000000000076e-06 1.361999999999999929e-03 9.999989999999999712e-01 5.492799999999999766e-02 -9.984889999999999599e-01 1.360000000000000098e-03 9.984899999999999887e-01 5.492799999999999766e-02 -7.700000000000000139e-05
2.900000000000000000e+01 4.400000000000000000e+01 7.300000000000000000e+01 0.000000000000000000e+00 1.600000000000000089e+00 -1.172000000000000082e-03 -1.489000000000000089e-03 9.999980000000000535e-01 5.628299999999999970e-02 -9.984140000000000237e-01 -1.420000000000000038e-03 9.984140000000000237e-01 5.628099999999999770e-02 1.253999999999999906e-03
2.500000000000000000e+01 2.500000000000000000e+01 7.400000000000000000e+01 0.000000000000000000e+00 1.600000000000000089e+00 6.750000000000000357e-04 2.173000000000000018e-03 9.999970000000000248e-01 8.306599999999999540e-01 -5.567800000000000527e-01 6.489999999999999459e-04 5.567800000000000527e-01 8.306569999999999787e-01 -2.181000000000000213e-03
3.000000000000000000e+01 9.900000000000000000e+01 7.500000000000000000e+01 0.000000000000000000e+00 1.600000000000000089e+00 -1.139000000000000038e-03 -7.105000000000000204e-03 -9.999740000000000295e-01 -8.847869999999999902e-01 4.659889999999999866e-01 -2.302999999999999926e-03 4.659940000000000193e-01 8.847620000000000484e-01 -6.818000000000000276e-03
1.000000000000000000e+00 9.100000000000000000e+01 7.600000000000000000e+01 0.000000000000000000e+00 1.600000000000000089e+00 1.727000000000000019e-03 1.770000000000000089e-03 9.999970000000000248e-01 3.212630000000000208e-01 -9.469889999999999697e-01 1.121000000000000035e-03 9.469880000000000519e-01 3.212599999999999900e-01 -2.203999999999999796e-03
7.000000000000000000e+00 9.100000000000000000e+01 7.600000000000000000e+01 0.000000000000000000e+00 1.600000000000000089e+00 -2.142999999999999940e-03 -1.428000000000000016e-03 9.999970000000000248e-01 3.012210000000000165e-01 -9.535540000000000127e-01 -7.159999999999999481e-04 9.535519999999999552e-01 3.012179999999999858e-01 2.474000000000000071e-03
1.100000000000000000e+01 9.100000000000000000e+01 7.600000000000000000e+01 0.000000000000000000e+00 1.600000000000000089e+00 -4.099999999999999912e-04 2.930000000000000204e-04 1.000000000000000000e+00 2.920800000000000063e-01 -9.563939999999999664e-01 4.000000000000000192e-04 9.563939999999999664e-01 2.920800000000000063e-01 3.069999999999999812e-04
1.500000000000000000e+01 9.100000000000000000e+01 7.600000000000000000e+01 0.000000000000000000e+00 1.600000000000000089e+00 -8.750000000000000182e-04 2.700000000000000035e-04 1.000000000000000000e+00 2.983600000000000141e-01 -9.544529999999999959e-01 5.190000000000000386e-04 9.544529999999999959e-01 2.983600000000000141e-01 7.550000000000000287e-04
2.300000000000000000e+01 9.100000000000000000e+01 7.600000000000000000e+01 0.000000000000000000e+00 1.600000000000000089e+00 -4.530000000000000064e-04 -1.044999999999999922e-03 9.999989999999999712e-01 3.026289999999999814e-01 -9.531079999999999552e-01 -8.589999999999999546e-04 9.531079999999999552e-01 3.026289999999999814e-01 7.479999999999999670e-04
2.900000000000000000e+01 9.100000000000000000e+01 7.600000000000000000e+01 0.000000000000000000e+00 1.600000000000000089e+00 -1.140000000000000063e-04 -1.536999999999999955e-03 9.999989999999999712e-01 3.009359999999999813e-01 -9.536430000000000184e-01 -1.431999999999999896e-03 9.536440000000000472e-01 3.009359999999999813e-01 5.720000000000000258e-04
3.000000000000000000e+01 1.000000000000000000e+02 7.600000000000000000e+01 0.000000000000000000e+00 1.600000000000000089e+00 -8.189999999999999581e-04 -6.983999999999999757e-03 -9.999749999999999472e-01 -9.143299999999999761e-01 4.049659999999999926e-01 -2.079999999999999818e-03 4.049699999999999966e-01 9.143050000000000344e-01 -6.716999999999999880e-03
9.000000000000000000e+00 6.300000000000000000e+01 8.100000000000000000e+01 0.000000000000000000e+00 1.600000000000000089e+00 -1.699999999999999987e-05 7.036999999999999852e-03 9.999749999999999472e-01 3.079099999999999893e-02 -9.995009999999999728e-01 7.034000000000000322e-03 9.995260000000000256e-01 3.079099999999999893e-02 -2.000000000000000096e-04
2.500000000000000000e+01 6.300000000000000000e+01 8.100000000000000000e+01 0.000000000000000000e+00 1.600000000000000089e+00 -5.131000000000000144e-03 -9.993999999999999412e-03 9.999369999999999647e-01 3.234999999999999681e-02 -9.994279999999999831e-01 -9.823000000000000134e-03 9.994629999999999903e-01 3.229699999999999932e-02 5.452000000000000249e-03
3.000000000000000000e+00 4.400000000000000000e+01 8.300000000000000000e+01 0.000000000000000000e+00 1.600000000000000089e+00 -1.136000000000000074e-03 7.119000000000000328e-03 9.999740000000000295e-01 5.811100000000000154e-01 -8.137990000000000501e-01 6.453999999999999668e-03 8.138239999999999919e-01 5.811020000000000074e-01 -3.213000000000000144e-03
9.000000000000000000e+00 4.400000000000000000e+01 8.300000000000000000e+01 0.000000000000000000e+00 1.600000000000000089e+00 3.049999999999999868e-04 3.667000000000000121e-03 9.999930000000000208e-01 5.772209999999999841e-01 -8.165829999999999478e-01 2.818000000000000192e-03 8.165879999999999805e-01 5.772159999999999513e-01 -2.366000000000000048e-03
1.300000000000000000e+01 4.400000000000000000e+01 8.300000000000000000e+01 0.000000000000000000e+00 1.600000000000000089e+00 -4.879999999999999898e-04 -1.965000000000000167e-03 9.999980000000000535e-01 5.735179999999999723e-01 -8.191920000000000313e-01 -1.330000000000000019e-03 8.191929999999999490e-01 5.735160000000000258e-01 1.526999999999999929e-03
