6.000000000000000000e+00 2.500000000000000000e+01 1.000000000000000000e+00 0.000000000000000000e+00 1.600000000000000089e+00 -7.889999999999999878e-04 -1.250999999999999942e-03 -9.999989999999999712e-01 -5.298450000000000104e-01 -8.480929999999999858e-01 1.479000000000000063e-03 -8.480940000000000145e-01 5.298460000000000392e-01 6.999999999999999895e-06
1.300000000000000000e+01 2.500000000000000000e+01 1.000000000000000000e+00 0.000000000000000000e+00 1.600000000000000089e+00 -1.699999999999999987e-05 -1.536000000000000039e-03 -9.999989999999999712e-01 -5.300829999999999709e-01 -8.479449999999999488e-01 1.312000000000000015e-03 -8.479459999999999775e-01 5.300829999999999709e-01 -8.000000000000000383e-04
2.000000000000000000e+01 2.500000000000000000e+01 1.000000000000000000e+00 0.000000000000000000e+00 1.600000000000000089e+00 -3.399999999999999973e-05 -1.201999999999999943e-03 -9.999989999999999712e-01 -5.304079999999999906e-01 -8.477419999999999956e-01 1.036999999999999944e-03 -8.477430000000000243e-01 5.304079999999999906e-01 -6.089999999999999494e-04
1.700000000000000000e+01 3.000000000000000000e+00 4.000000000000000000e+00 0.000000000000000000e+00 1.600000000000000089e+00 -1.215640000000000054e-01 -3.328699999999999715e-02 -9.920250000000000457e-01 -8.339860000000000051e-01 -5.385199999999999987e-01 1.202669999999999989e-01 -5.382280000000000397e-01 8.419550000000000090e-01 3.770400000000000140e-02
6.000000000000000000e+00 1.500000000000000000e+01 4.000000000000000000e+00 0.000000000000000000e+00 1.600000000000000089e+00 -4.381000000000000345e-03 -9.737000000000000863e-03 9.999430000000000263e-01 3.212030000000000163e-01 -9.469779999999999864e-01 -7.813999999999999765e-03 9.469999999999999529e-01 3.211499999999999910e-01 7.276000000000000349e-03
1.100000000000000000e+01 1.500000000000000000e+01 4.000000000000000000e+00 0.000000000000000000e+00 1.600000000000000089e+00 2.030000000000000012e-04 -1.015600000000000010e-02 9.999479999999999480e-01 3.156129999999999769e-01 -9.488379999999999592e-01 -9.700999999999999554e-03 9.488879999999999537e-01 3.155990000000000184e-01 3.013000000000000053e-03
2.300000000000000000e+01 1.500000000000000000e+01 4.000000000000000000e+00 0.000000000000000000e+00 1.600000000000000089e+00 -3.440000000000000132e-04 5.315000000000000280e-03 9.999860000000000415e-01 3.210069999999999868e-01 -9.470629999999999882e-01 5.144000000000000135e-03 9.470769999999999467e-01 3.210040000000000115e-01 -1.379999999999999933e-03
2.800000000000000000e+01 1.500000000000000000e+01 4.000000000000000000e+00 0.000000000000000000e+00 1.600000000000000089e+00 -3.831999999999999903e-03 -5.741999999999999708e-03 9.999759999999999760e-01 3.200930000000000164e-01 -9.473770000000000246e-01 -4.212999999999999731e-03 9.473780000000000534e-01 3.200700000000000212e-01 5.467999999999999770e-03
1.600000000000000000e+01 1.600000000000000000e+01 4.000000000000000000e+00 0.000000000000000000e+00 1.600000000000000089e+00 3.572999999999999787e-03 -2.494000000000000123e-03 9.999909999999999632e-01 3.951709999999999945e-01 -9.185999999999999721e-01 -3.703000000000000128e-03 9.186010000000000009e-01 3.951799999999999757e-01 -2.295999999999999864e-03
2.000000000000000000e+00 1.010000000000000000e+02 7.000000000000000000e+00 0.000000000000000000e+00 1.600000000000000089e+00 -2.981999999999999842e-03 -2.001899999999999860e-02 9.997949999999999893e-01 8.897530000000000161e-01 4.562899999999999734e-01 1.179000000000000013e-02 -4.564329999999999776e-01 8.896060000000000079e-01 1.645100000000000035e-02
6.000000000000000000e+00 1.010000000000000000e+02 7.000000000000000000e+00 0.000000000000000000e+00 1.600000000000000089e+00 1.020999999999999989e-03 -1.505699999999999920e-02 9.998860000000000525e-01 8.888599999999999834e-01 4.581410000000000204e-01 5.990999999999999798e-03 -4.581790000000000029e-01 8.887519999999999865e-01 1.385100000000000046e-02
2.100000000000000000e+01 1.010000000000000000e+02 7.000000000000000000e+00 0.000000000000000000e+00 1.600000000000000089e+00 -6.139999999999999625e-04 4.112000000000000204e-03 9.999909999999999632e-01 8.895880000000000454e-01 4.567629999999999746e-01 -1.332000000000000068e-03 -4.567640000000000033e-01 8.895790000000000086e-01 -3.938999999999999793e-03
2.500000000000000000e+01 1.010000000000000000e+02 7.000000000000000000e+00 0.000000000000000000e+00 1.600000000000000089e+00 -8.000000000000000654e-05 4.636000000000000364e-03 9.999890000000000168e-01 8.892210000000000392e-01 4.574730000000000185e-01 -2.050000000000000173e-03 -4.574779999999999958e-01 8.892109999999999737e-01 -4.159999999999999636e-03
3.000000000000000000e+00 2.500000000000000000e+01 8.000000000000000000e+00 0.000000000000000000e+00 1.600000000000000089e+00 3.129999999999999970e-03 1.939999999999999993e-04 -9.999949999999999672e-01 4.498429999999999929e-01 8.931059999999999555e-01 1.580999999999999940e-03 8.931019999999999515e-01 -4.498460000000000236e-01 2.707999999999999904e-03
9.000000000000000000e+00 2.500000000000000000e+01 8.000000000000000000e+00 0.000000000000000000e+00 1.600000000000000089e+00 -4.499999999999999877e-04 5.669000000000000428e-03 -9.999839999999999840e-01 4.445569999999999800e-01 8.957370000000000054e-01 4.878000000000000391e-03 8.957500000000000462e-01 -4.445479999999999987e-01 -2.922999999999999817e-03
1.600000000000000000e+01 2.500000000000000000e+01 8.000000000000000000e+00 0.000000000000000000e+00 1.600000000000000089e+00 1.049999999999999935e-03 -1.819000000000000087e-03 -9.999980000000000535e-01 4.449250000000000149e-01 8.955670000000000019e-01 -1.162000000000000055e-03 8.955670000000000019e-01 -4.449230000000000129e-01 1.750000000000000036e-03
1.800000000000000000e+01 2.500000000000000000e+01 8.000000000000000000e+00 0.000000000000000000e+00 1.600000000000000089e+00 3.559999999999999797e-04 1.299999999999999920e-05 -1.000000000000000000e+00 4.451109999999999789e-01 8.954760000000000497e-01 1.700000000000000122e-04 8.954750000000000210e-01 -4.451109999999999789e-01 3.130000000000000187e-04
2.900000000000000000e+01 2.500000000000000000e+01 8.000000000000000000e+00 0.000000000000000000e+00 1.600000000000000089e+00 8.750000000000000182e-04 -1.069999999999999988e-03 -9.999989999999999712e-01 4.481140000000000123e-01 8.939759999999999929e-01 -5.640000000000000482e-04 8.939759999999999929e-01 -4.481129999999999836e-01 1.260999999999999968e-03
1.000000000000000000e+00 2.400000000000000000e+01 9.000000000000000000e+00 0.000000000000000000e+00 1.600000000000000089e+00 2.308000000000000156e-03 6.750000000000000357e-04 -9.999970000000000248e-01 4.563530000000000086e-01 8.897969999999999491e-01 1.654000000000000088e-03 8.897960000000000313e-01 -4.563559999999999839e-01 1.745000000000000023e-03
4.000000000000000000e+00 2.400000000000000000e+01 9.000000000000000000e+00 0.000000000000000000e+00 1.600000000000000089e+00 3.093999999999999962e-03 -1.430000000000000064e-04 -9.999949999999999672e-01 4.549090000000000078e-01 8.905370000000000230e-01 1.280000000000000105e-03 8.905330000000000190e-01 -4.549110000000000098e-01 2.820000000000000024e-03
1.000000000000000000e+01 2.400000000000000000e+01 9.000000000000000000e+00 0.000000000000000000e+00 1.600000000000000089e+00 -1.129999999999999955e-04 6.821999999999999939e-03 -9.999770000000000048e-01 4.498360000000000136e-01 8.930909999999999682e-01 6.041999999999999628e-03 8.931109999999999882e-01 -4.498249999999999749e-01 -3.170000000000000075e-03
1.500000000000000000e+01 2.400000000000000000e+01 9.000000000000000000e+00 0.000000000000000000e+00 1.600000000000000089e+00 9.110000000000000259e-04 -3.272000000000000169e-03 -9.999940000000000495e-01 4.509560000000000235e-01 8.925429999999999753e-01 -2.508999999999999946e-03 8.925459999999999505e-01 -4.509509999999999907e-01 2.288000000000000103e-03
1.900000000000000000e+01 2.400000000000000000e+01 9.000000000000000000e+00 0.000000000000000000e+00 1.600000000000000089e+00 -1.039999999999999936e-04 7.690000000000000438e-04 -1.000000000000000000e+00 4.511800000000000255e-01 8.924330000000000318e-01 6.400000000000000524e-04 8.924330000000000318e-01 -4.511800000000000255e-01 -4.400000000000000157e-04
2.600000000000000000e+01 2.400000000000000000e+01 9.000000000000000000e+00 0.000000000000000000e+00 1.600000000000000089e+00 -3.280000000000000038e-04 6.920000000000000153e-04 -1.000000000000000000e+00 4.519270000000000231e-01 8.920550000000000423e-01 4.690000000000000158e-04 8.920550000000000423e-01 -4.519270000000000231e-01 -6.059999999999999849e-04
1.200000000000000000e+01 3.100000000000000000e+01 1.200000000000000000e+01 0.000000000000000000e+00 1.600000000000000089e+00 2.347000000000000128e-03 -3.199000000000000021e-03 9.999919999999999920e-01 -5.801999999999999866e-03 9.999780000000000335e-01 3.212000000000000011e-03 -9.999799999999999800e-01 -5.808999999999999928e-03 2.328999999999999907e-03
2.200000000000000000e+01 3.100000000000000000e+01 1.200000000000000000e+01 0.000000000000000000e+00 1.600000000000000089e+00 -8.599999999999999789e-04 -1.958999999999999804e-03 9.999980000000000535e-01 5.730000000000000501e-04 9.999980000000000535e-01 1.958999999999999804e-03 -9.999989999999999712e-01 5.749999999999999903e-04 -8.589999999999999546e-04
2.900000000000000000e+01 3.100000000000000000e+01 1.200000000000000000e+01 0.000000000000000000e+00 1.600000000000000089e+00 3.400000000000000244e-04 -1.464999999999999939e-03 9.999989999999999712e-01 -4.470000000000000232e-04 9.999989999999999712e-01 1.464999999999999939e-03 -1.000000000000000000e+00 -4.479999999999999933e-04 3.400000000000000244e-04
3.000000000000000000e+00 3.500000000000000000e+01 1.200000000000000000e+01 0.000000000000000000e+00 1.600000000000000089e+00 -1.026999999999999918e-03 1.459000000000000010e-03 -9.999980000000000535e-01 5.080379999999999896e-01 -8.613330000000000153e-01 -1.778000000000000067e-03 -8.613340000000000440e-01 -5.080390000000000184e-01 1.430000000000000064e-04
7.000000000000000000e+00 3.500000000000000000e+01 1.200000000000000000e+01 0.000000000000000000e+00 1.600000000000000089e+00 -1.881999999999999992e-03 -3.319999999999999926e-04 -9.999980000000000535e-01 5.259869999999999823e-01 -8.504930000000000545e-01 -7.079999999999999705e-04 -8.504909999999999970e-01 -5.259869999999999823e-01 1.775000000000000102e-03
1.400000000000000000e+01 3.500000000000000000e+01 1.200000000000000000e+01 0.000000000000000000e+00 1.600000000000000089e+00 2.272999999999999847e-03 6.405000000000000103e-03 -9.999770000000000048e-01 5.385590000000000099e-01 -8.425780000000000491e-01 -4.172999999999999626e-03 -8.425850000000000284e-01 -5.385370000000000434e-01 -5.364999999999999977e-03
1.700000000000000000e+01 3.500000000000000000e+01 1.200000000000000000e+01 0.000000000000000000e+00 1.600000000000000089e+00 7.420000000000000380e-04 4.720000000000000237e-03 -9.999890000000000168e-01 5.482970000000000343e-01 -8.362760000000000193e-01 -3.540000000000000178e-03 -8.362829999999999986e-01 -5.482879999999999976e-01 -3.207999999999999914e-03
2.100000000000000000e+01 3.500000000000000000e+01 1.200000000000000000e+01 0.000000000000000000e+00 1.600000000000000089e+00 -4.335999999999999577e-03 4.873999999999999860e-03 -9.999789999999999512e-01 5.591089999999999671e-01 -8.290689999999999449e-01 -6.465000000000000260e-03 -8.290830000000000144e-01 -5.591249999999999831e-01 8.700000000000000051e-04
2.800000000000000000e+01 3.500000000000000000e+01 1.200000000000000000e+01 0.000000000000000000e+00 1.600000000000000089e+00 -1.601999999999999908e-03 6.952999999999999979e-03 -9.999749999999999472e-01 5.708220000000000516e-01 -8.210469999999999713e-01 -6.623000000000000415e-03 -8.210720000000000240e-01 -5.708180000000000476e-01 -2.654000000000000109e-03
1.700000000000000000e+01 3.200000000000000000e+01 1.400000000000000000e+01 0.000000000000000000e+00 1.600000000000000089e+00 -1.286000000000000034e-03 2.445000000000000125e-03 -9.999959999999999960e-01 9.983200000000000407e-02 9.950020000000000531e-01 2.304000000000000058e-03 9.950029999999999708e-01 -9.982900000000000107e-02 -1.523999999999999964e-03
2.300000000000000000e+01 3.200000000000000000e+01 1.400000000000000000e+01 0.000000000000000000e+00 1.600000000000000089e+00 2.141000000000000108e-03 -1.706000000000000051e-03 -9.999959999999999960e-01 1.027659999999999962e-01 9.947040000000000326e-01 -1.477000000000000014e-03 9.947030000000000038e-01 -1.027629999999999932e-01 2.305000000000000191e-03
2.000000000000000000e+00 1.200000000000000000e+01 1.500000000000000000e+01 0.000000000000000000e+00 1.600000000000000089e+00 -3.490000000000000263e-04 8.700000000000000051e-04 -1.000000000000000000e+00 -4.656939999999999968e-01 -8.849460000000000104e-01 -6.070000000000000092e-04 -8.849460000000000104e-01 4.656939999999999968e-01 7.140000000000000079e-04
7.000000000000000000e+00 1.200000000000000000e+01 1.500000000000000000e+01 0.000000000000000000e+00 1.600000000000000089e+00 -9.389999999999999476e-04 -2.654999999999999808e-03 -9.999959999999999960e-01 -4.666040000000000187e-01 -8.844619999999999704e-01 2.785999999999999848e-03 -8.844659999999999744e-01 4.666040000000000187e-01 -4.079999999999999968e-04
1.300000000000000000e+01 1.200000000000000000e+01 1.500000000000000000e+01 0.000000000000000000e+00 1.600000000000000089e+00 1.304000000000000038e-03 -1.685999999999999999e-03 -9.999980000000000535e-01 -4.669499999999999762e-01 -8.842839999999999590e-01 8.819999999999999715e-04 -8.842830000000000412e-01 4.669470000000000010e-01 -1.941000000000000017e-03
2.200000000000000000e+01 1.200000000000000000e+01 1.500000000000000000e+01 0.000000000000000000e+00 1.600000000000000089e+00 3.429999999999999889e-04 -6.860999999999999911e-03 -9.999759999999999760e-01 -4.732450000000000268e-01 -8.809109999999999996e-01 5.882000000000000076e-03 -8.809310000000000196e-01 4.732319999999999860e-01 -3.549000000000000071e-03
2.800000000000000000e+01 1.200000000000000000e+01 1.500000000000000000e+01 0.000000000000000000e+00 1.600000000000000089e+00 8.739999999999999939e-04 1.955999999999999839e-03 -9.999980000000000535e-01 -4.708370000000000055e-01 -8.822179999999999467e-01 -2.138000000000000143e-03 -8.822200000000000042e-01 4.708379999999999788e-01 1.499999999999999869e-04
7.000000000000000000e+00 1.100000000000000000e+01 1.600000000000000000e+01 0.000000000000000000e+00 1.600000000000000089e+00 -4.550000000000000008e-04 -3.410999999999999970e-03 -9.999940000000000495e-01 -4.082759999999999723e-01 -9.128530000000000255e-01 3.299999999999999982e-03 -9.128589999999999760e-01 4.082749999999999990e-01 -9.770000000000000039e-04
1.100000000000000000e+01 1.100000000000000000e+01 1.600000000000000000e+01 0.000000000000000000e+00 1.600000000000000089e+00 1.201000000000000028e-03 -4.794999999999999783e-03 -9.999879999999999880e-01 -4.086759999999999837e-01 -9.126710000000000100e-01 3.884999999999999998e-03 -9.126790000000000180e-01 4.086659999999999737e-01 -3.056000000000000123e-03
1.700000000000000000e+01 1.100000000000000000e+01 1.600000000000000000e+01 0.000000000000000000e+00 1.600000000000000089e+00 1.701000000000000038e-03 2.997999999999999797e-03 -9.999940000000000495e-01 -4.125130000000000186e-01 -9.109450000000000047e-01 -3.432999999999999854e-03 -9.109500000000000375e-01 4.125170000000000226e-01 -3.130000000000000187e-04
2.300000000000000000e+01 1.100000000000000000e+01 1.600000000000000000e+01 0.000000000000000000e+00 1.600000000000000089e+00 4.769999999999999934e-04 -6.098000000000000122e-03 -9.999810000000000088e-01 -4.158740000000000214e-01 -9.094069999999999654e-01 5.347000000000000190e-03 -9.094219999999999526e-01 4.158629999999999827e-01 -2.969999999999999984e-03
2.900000000000000000e+01 1.100000000000000000e+01 1.600000000000000000e+01 0.000000000000000000e+00 1.600000000000000089e+00 4.000000000000000192e-04 1.610000000000000103e-04 -1.000000000000000000e+00 -4.164249999999999896e-01 -9.091700000000000337e-01 -3.130000000000000187e-04 -9.091700000000000337e-01 4.164249999999999896e-01 -2.970000000000000092e-04
7.000000000000000000e+00 1.160000000000000000e+02 1.600000000000000000e+01 0.000000000000000000e+00 1.600000000000000089e+00 -2.550000000000000183e-04 5.429999999999999714e-04 1.000000000000000000e+00 7.595870000000000122e-01 6.504060000000000397e-01 -1.589999999999999888e-04 -6.504060000000000397e-01 7.595870000000000122e-01 -5.779999999999999548e-04
1.100000000000000000e+01 1.160000000000000000e+02 1.600000000000000000e+01 0.000000000000000000e+00 1.600000000000000089e+00 3.029999999999999924e-04 -1.016999999999999892e-03 9.999989999999999712e-01 7.617329999999999934e-01 6.478909999999999947e-01 4.279999999999999950e-04 -6.478909999999999947e-01 7.617319999999999647e-01 9.709999999999999664e-04
2.600000000000000000e+01 1.160000000000000000e+02 1.600000000000000000e+01 0.000000000000000000e+00 1.600000000000000089e+00 2.416000000000000179e-03 1.608000000000000054e-03 9.999959999999999960e-01 7.915240000000000054e-01 6.111320000000000086e-01 -2.896000000000000137e-03 -6.111339999999999550e-01 7.915269999999999806e-01 2.039999999999999984e-04
2.900000000000000000e+01 1.160000000000000000e+02 1.600000000000000000e+01 0.000000000000000000e+00 1.600000000000000089e+00 5.063999999999999925e-03 2.400999999999999922e-03 9.999839999999999840e-01 7.921439999999999593e-01 6.103100000000000191e-01 -5.477000000000000098e-03 -6.103140000000000231e-01 7.921589999999999465e-01 1.188999999999999953e-03
7.000000000000000000e+00 2.000000000000000000e+00 1.900000000000000000e+01 0.000000000000000000e+00 1.600000000000000089e+00 -6.388999999999999714e-03 -2.574099999999999999e-02 -9.996479999999999810e-01 2.712990000000000124e-01 -9.622190000000000465e-01 2.304399999999999851e-02 -9.624740000000000517e-01 -2.710560000000000191e-01 1.313100000000000031e-02
1.500000000000000000e+01 2.000000000000000000e+00 1.900000000000000000e+01 0.000000000000000000e+00 1.600000000000000089e+00 7.759000000000000272e-03 -2.960799999999999890e-02 -9.995319999999999760e-01 2.609460000000000113e-01 -9.648679999999999479e-01 3.060699999999999879e-02 -9.653220000000000134e-01 -2.610609999999999875e-01 2.390000000000000089e-04
1.800000000000000000e+01 2.000000000000000000e+00 1.900000000000000000e+01 0.000000000000000000e+00 1.600000000000000089e+00 1.367799999999999919e-02 -1.987600000000000131e-02 -9.997089999999999588e-01 2.544680000000000275e-01 -9.668149999999999800e-01 2.270300000000000096e-02 -9.669839999999999547e-01 -2.547039999999999860e-01 -8.167000000000000648e-03
2.200000000000000000e+01 2.000000000000000000e+00 1.900000000000000000e+01 0.000000000000000000e+00 1.600000000000000089e+00 1.395899999999999919e-02 4.331999999999999913e-03 -9.998930000000000318e-01 2.451389999999999958e-01 -9.694880000000000164e-01 -7.780000000000000457e-04 -9.693869999999999987e-01 -2.451019999999999865e-01 -1.459500000000000033e-02
2.300000000000000000e+01 3.000000000000000000e+00 1.900000000000000000e+01 0.000000000000000000e+00 1.600000000000000089e+00 1.440899999999999993e-02 8.399999999999999481e-03 -9.998609999999999998e-01 2.558559999999999723e-01 -9.667050000000000365e-01 -4.433999999999999574e-03 -9.666080000000000227e-01 -2.557559999999999834e-01 -1.607799999999999854e-02
2.500000000000000000e+01 3.000000000000000000e+00 1.900000000000000000e+01 0.000000000000000000e+00 1.600000000000000089e+00 9.239000000000000684e-03 1.166400000000000076e-02 -9.998890000000000278e-01 2.421379999999999921e-01 -9.701990000000000336e-01 -9.081000000000000530e-03 -9.701980000000000048e-01 -2.420269999999999921e-01 -1.178799999999999987e-02
2.200000000000000000e+01 4.000000000000000000e+00 2.000000000000000000e+01 0.000000000000000000e+00 1.600000000000000089e+00 7.572999999999999871e-03 1.073799999999999928e-02 -9.999139999999999695e-01 3.895649999999999946e-01 -9.209730000000000416e-01 -6.939999999999999988e-03 -9.209680000000000089e-01 -3.894790000000000196e-01 -1.115799999999999952e-02
2.500000000000000000e+01 4.000000000000000000e+00 2.000000000000000000e+01 0.000000000000000000e+00 1.600000000000000089e+00 8.210000000000000067e-04 1.578500000000000042e-02 -9.998749999999999583e-01 3.647219999999999906e-01 -9.310049999999999715e-01 -1.439900000000000034e-02 -9.311160000000000547e-01 -3.646650000000000169e-01 -6.520999999999999887e-03
3.000000000000000000e+00 1.300000000000000000e+01 2.000000000000000000e+01 0.000000000000000000e+00 1.600000000000000089e+00 1.939999999999999993e-04 2.373999999999999808e-03 9.999970000000000248e-01 2.584339999999999971e-01 9.660260000000000513e-01 -2.343000000000000031e-03 -9.660290000000000266e-01 2.584339999999999971e-01 -4.260000000000000006e-04
8.000000000000000000e+00 1.300000000000000000e+01 2.000000000000000000e+01 0.000000000000000000e+00 1.600000000000000089e+00 7.879999999999999635e-04 1.330999999999999935e-03 9.999989999999999712e-01 2.597240000000000104e-01 9.656820000000000404e-01 -1.490000000000000005e-03 -9.656829999999999581e-01 2.597249999999999837e-01 4.150000000000000043e-04
1.400000000000000000e+01 1.300000000000000000e+01 2.000000000000000000e+01 0.000000000000000000e+00 1.600000000000000089e+00 -6.800000000000000488e-04 -2.021999999999999926e-03 9.999980000000000535e-01 2.591840000000000255e-01 9.658259999999999623e-01 2.128999999999999816e-03 -9.658280000000000198e-01 2.591849999999999987e-01 -1.320000000000000101e-04
1.800000000000000000e+01 1.300000000000000000e+01 2.000000000000000000e+01 0.000000000000000000e+00 1.600000000000000089e+00 3.009999999999999980e-04 -2.096000000000000207e-03 9.999980000000000535e-01 2.608969999999999900e-01 9.653650000000000286e-01 1.943999999999999981e-03 -9.653669999999999751e-01 2.608960000000000168e-01 8.379999999999999862e-04
2.400000000000000000e+01 1.300000000000000000e+01 2.000000000000000000e+01 0.000000000000000000e+00 1.600000000000000089e+00 2.119999999999999923e-03 3.014000000000000186e-03 9.999930000000000208e-01 2.595350000000000157e-01 9.657270000000000021e-01 -3.461000000000000101e-03 -9.657310000000000061e-01 2.595410000000000217e-01 1.265000000000000065e-03
2.800000000000000000e+01 1.300000000000000000e+01 2.000000000000000000e+01 0.000000000000000000e+00 1.600000000000000089e+00 1.129999999999999928e-03 3.778999999999999807e-03 9.999919999999999920e-01 2.583150000000000168e-01 9.660530000000000506e-01 -3.942000000000000191e-03 -9.660600000000000298e-01 2.583170000000000188e-01 1.160000000000000007e-04
2.100000000000000000e+01 5.000000000000000000e+01 2.200000000000000000e+01 0.000000000000000000e+00 1.600000000000000089e+00 3.941000000000000059e-03 3.386000000000000121e-03 -9.999869999999999592e-01 -5.766289999999999472e-01 8.170060000000000100e-01 4.939999999999999730e-04 8.169960000000000555e-01 5.766200000000000214e-01 5.172000000000000382e-03
2.000000000000000000e+00 3.000000000000000000e+00 2.500000000000000000e+01 0.000000000000000000e+00 1.600000000000000089e+00 2.632999999999999924e-03 9.161000000000000740e-03 9.999550000000000383e-01 -3.362799999999999817e-02 -9.993919999999999471e-01 9.244000000000000480e-03 9.994309999999999583e-01 -3.365100000000000036e-02 -2.324000000000000111e-03
1.200000000000000000e+01 3.000000000000000000e+00 2.500000000000000000e+01 0.000000000000000000e+00 1.600000000000000089e+00 -9.060000000000000128e-04 -4.937999999999999681e-03 9.999869999999999592e-01 -4.791299999999999726e-02 -9.988390000000000324e-01 -4.976000000000000388e-03 9.988510000000000444e-01 -4.791700000000000126e-02 6.689999999999999983e-04
1.800000000000000000e+01 3.000000000000000000e+00 2.500000000000000000e+01 0.000000000000000000e+00 1.600000000000000089e+00 6.040000000000000447e-04 -1.706000000000000051e-03 9.999980000000000535e-01 -3.358799999999999980e-02 -9.994340000000000446e-01 -1.683999999999999950e-03 9.994359999999999911e-01 -3.358699999999999880e-02 -6.610000000000000207e-04
2.000000000000000000e+01 3.000000000000000000e+00 2.500000000000000000e+01 0.000000000000000000e+00 1.600000000000000089e+00 1.686999999999999915e-03 -1.289999999999999914e-04 9.999989999999999712e-01 -3.076999999999999874e-02 -9.995270000000000543e-01 -7.700000000000000139e-05 9.995249999999999968e-01 -3.076999999999999874e-02 -1.690000000000000096e-03
2.500000000000000000e+01 3.000000000000000000e+00 2.500000000000000000e+01 0.000000000000000000e+00 1.600000000000000089e+00 -9.330000000000000186e-04 6.603000000000000362e-03 9.999780000000000335e-01 -2.353299999999999836e-02 -9.997009999999999508e-01 6.579999999999999911e-03 9.997230000000000283e-01 -2.352599999999999830e-02 1.087999999999999991e-03
2.800000000000000000e+01 3.000000000000000000e+00 2.500000000000000000e+01 0.000000000000000000e+00 1.600000000000000089e+00 -4.951999999999999805e-03 1.846199999999999924e-02 9.998169999999999558e-01 -1.712199999999999833e-02 -9.996850000000000458e-01 1.837499999999999897e-02 9.998409999999999798e-01 -1.702800000000000147e-02 5.266999999999999980e-03
6.000000000000000000e+00 4.600000000000000000e+01 3.000000000000000000e+01 0.000000000000000000e+00 1.600000000000000089e+00 -8.989999999999999511e-04 -1.103000000000000031e-03 -9.999989999999999712e-01 3.277769999999999850e-01 9.447539999999999827e-01 -1.335999999999999948e-03 9.447550000000000114e-01 -3.277780000000000138e-01 -4.879999999999999898e-04
1.200000000000000000e+01 4.600000000000000000e+01 3.000000000000000000e+01 0.000000000000000000e+00 1.600000000000000089e+00 2.171000000000000187e-03 1.355000000000000085e-03 -9.999970000000000248e-01 3.303780000000000050e-01 9.438469999999999915e-01 1.997000000000000077e-03 9.438459999999999628e-01 -3.303809999999999802e-01 1.601999999999999908e-03
7.000000000000000000e+00 5.800000000000000000e+01 3.100000000000000000e+01 0.000000000000000000e+00 1.600000000000000089e+00 -1.626999999999999974e-03 -3.383000000000000156e-03 9.999930000000000208e-01 -7.668350000000000444e-01 -6.418350000000000444e-01 -3.419000000000000164e-03 6.418420000000000236e-01 -7.668350000000000444e-01 -1.549999999999999946e-03
1.100000000000000000e+01 5.800000000000000000e+01 3.100000000000000000e+01 0.000000000000000000e+00 1.600000000000000089e+00 -1.613999999999999983e-03 -3.883999999999999866e-03 9.999909999999999632e-01 -7.688880000000000159e-01 -6.393729999999999691e-01 -3.723999999999999880e-03 6.393820000000000059e-01 -7.688869999999999871e-01 -1.955000000000000140e-03
1.300000000000000000e+01 5.800000000000000000e+01 3.100000000000000000e+01 0.000000000000000000e+00 1.600000000000000089e+00 -1.235999999999999903e-03 -3.808000000000000187e-03 9.999919999999999920e-01 -7.693630000000000191e-01 -6.388030000000000097e-01 -3.383000000000000156e-03 6.388110000000000177e-01 -7.693609999999999616e-01 -2.139999999999999975e-03
2.100000000000000000e+01 5.800000000000000000e+01 3.100000000000000000e+01 0.000000000000000000e+00 1.600000000000000089e+00 1.262000000000000101e-03 -1.301999999999999989e-03 9.999980000000000535e-01 -7.748850000000000460e-01 -6.321020000000000527e-01 1.550000000000000000e-04 6.321010000000000240e-01 -7.748840000000000172e-01 -1.807000000000000012e-03
7.000000000000000000e+00 4.600000000000000000e+01 3.500000000000000000e+01 0.000000000000000000e+00 1.600000000000000089e+00 3.669999999999999760e-04 -1.113000000000000057e-03 -9.999989999999999712e-01 3.927109999999999768e-01 -9.196609999999999507e-01 1.167000000000000069e-03 -9.196619999999999795e-01 -3.927120000000000055e-01 9.899999999999999404e-05
1.100000000000000000e+01 4.600000000000000000e+01 3.500000000000000000e+01 0.000000000000000000e+00 1.600000000000000089e+00 -1.659999999999999963e-04 -1.041000000000000042e-03 -9.999989999999999712e-01 3.912479999999999847e-01 -9.202850000000000197e-01 8.930000000000000221e-04 -9.202850000000000197e-01 -3.912479999999999847e-01 5.599999999999999509e-04
1.800000000000000000e+01 4.600000000000000000e+01 3.500000000000000000e+01 0.000000000000000000e+00 1.600000000000000089e+00 -3.959999999999999762e-04 -2.436999999999999930e-03 -9.999970000000000248e-01 3.903030000000000110e-01 -9.206839999999999469e-01 2.089000000000000145e-03 -9.206860000000000044e-01 -3.903010000000000090e-01 1.315999999999999896e-03
2.400000000000000000e+01 4.600000000000000000e+01 3.500000000000000000e+01 0.000000000000000000e+00 1.600000000000000089e+00 -2.420000000000000005e-04 -7.389999999999999651e-04 -1.000000000000000000e+00 3.908679999999999932e-01 -9.204470000000000152e-01 5.850000000000000165e-04 -9.204470000000000152e-01 -3.908679999999999932e-01 5.119999999999999768e-04
2.700000000000000000e+01 4.600000000000000000e+01 3.500000000000000000e+01 0.000000000000000000e+00 1.600000000000000089e+00 -2.000000000000000164e-05 3.687999999999999872e-03 -9.999930000000000208e-01 3.904400000000000093e-01 -9.206220000000000514e-01 -3.403999999999999908e-03 -9.206290000000000306e-01 -3.904369999999999785e-01 -1.420999999999999954e-03
6.000000000000000000e+00 3.000000000000000000e+00 4.300000000000000000e+01 0.000000000000000000e+00 1.600000000000000089e+00 -6.819999999999999890e-04 2.408700000000000077e-02 -9.997099999999999875e-01 7.540689999999999893e-01 -6.565929999999999822e-01 -1.633400000000000130e-02 -6.567950000000000177e-01 -7.538610000000000033e-01 -1.771500000000000158e-02
1.300000000000000000e+01 3.000000000000000000e+00 4.300000000000000000e+01 0.000000000000000000e+00 1.600000000000000089e+00 -4.840000000000000010e-04 6.575000000000000115e-03 -9.999780000000000335e-01 7.408869999999999623e-01 -6.716119999999999868e-01 -4.774999999999999731e-03 -6.716290000000000315e-01 -7.408740000000000325e-01 -4.545999999999999694e-03
6.000000000000000000e+00 8.000000000000000000e+00 4.400000000000000000e+01 0.000000000000000000e+00 1.600000000000000089e+00 2.426000000000000205e-03 5.300000000000000024e-03 9.999829999999999552e-01 -7.888990000000000169e-01 -6.145009999999999639e-01 5.171000000000000249e-03 6.145180000000000087e-01 -7.888979999999999881e-01 2.690000000000000117e-03
1.000000000000000000e+01 8.000000000000000000e+00 4.400000000000000000e+01 0.000000000000000000e+00 1.600000000000000089e+00 3.896999999999999856e-03 5.126999999999999613e-03 9.999789999999999512e-01 -7.897830000000000128e-01 -6.133539999999999548e-01 6.222000000000000100e-03 6.133739999999999748e-01 -7.897910000000000208e-01 1.660000000000000017e-03
1.400000000000000000e+01 8.000000000000000000e+00 4.400000000000000000e+01 0.000000000000000000e+00 1.600000000000000089e+00 2.116999999999999958e-03 3.811000000000000151e-03 9.999909999999999632e-01 -7.904290000000000482e-01 -6.125399999999999734e-01 4.008000000000000278e-03 6.125500000000000389e-01 -7.904299999999999660e-01 1.716000000000000077e-03
9.000000000000000000e+00 2.900000000000000000e+01 4.400000000000000000e+01 0.000000000000000000e+00 1.600000000000000089e+00 8.530000000000000256e-04 5.550000000000000462e-04 -9.999989999999999712e-01 6.568950000000000067e-01 7.539810000000000123e-01 9.790000000000000525e-04 7.539810000000000123e-01 -6.568960000000000354e-01 2.790000000000000054e-04
1.300000000000000000e+01 2.900000000000000000e+01 4.400000000000000000e+01 0.000000000000000000e+00 1.600000000000000089e+00 4.600000000000000004e-05 -9.129999999999999661e-04 -1.000000000000000000e+00 6.562170000000000503e-01 7.545720000000000205e-01 -6.589999999999999721e-04 7.545720000000000205e-01 -6.562170000000000503e-01 6.340000000000000149e-04
1.600000000000000000e+01 2.900000000000000000e+01 4.400000000000000000e+01 0.000000000000000000e+00 1.600000000000000089e+00 -1.101999999999999898e-03 -2.053000000000000137e-03 -9.999970000000000248e-01 6.550249999999999684e-01 7.556040000000000534e-01 -2.272999999999999847e-03 7.556070000000000286e-01 -6.550249999999999684e-01 5.119999999999999768e-04
2.200000000000000000e+01 2.900000000000000000e+01 4.400000000000000000e+01 0.000000000000000000e+00 1.600000000000000089e+00 1.502000000000000080e-03 8.840000000000000201e-04 -9.999980000000000535e-01 6.528549999999999631e-01 7.574809999999999599e-01 1.649999999999999991e-03 7.574809999999999599e-01 -6.528570000000000206e-01 5.609999999999999752e-04
2.500000000000000000e+01 2.900000000000000000e+01 4.400000000000000000e+01 0.000000000000000000e+00 1.600000000000000089e+00 -1.204999999999999908e-03 -1.407999999999999963e-03 -9.999980000000000535e-01 6.543259999999999632e-01 7.562100000000000488e-01 -1.853000000000000046e-03 7.562119999999999953e-01 -6.543269999999999920e-01 1.000000000000000082e-05
2.900000000000000000e+01 2.900000000000000000e+01 4.400000000000000000e+01 0.000000000000000000e+00 1.600000000000000089e+00 -3.595999999999999804e-03 -1.002999999999999985e-03 -9.999930000000000208e-01 6.576089999999999991e-01 7.533530000000000504e-01 -3.119999999999999944e-03 7.533509999999999929e-01 -6.576149999999999496e-01 -2.050000000000000173e-03
1.900000000000000000e+01 6.500000000000000000e+01 4.600000000000000000e+01 0.000000000000000000e+00 1.600000000000000089e+00 3.213000000000000144e-03 -1.724999999999999971e-03 9.999930000000000208e-01 6.810589999999999700e-01 -7.322199999999999820e-01 -3.451000000000000074e-03 7.322210000000000107e-01 6.810659999999999492e-01 -1.177000000000000095e-03
2.000000000000000000e+00 7.000000000000000000e+01 4.700000000000000000e+01 0.000000000000000000e+00 1.600000000000000089e+00 2.390999999999999896e-03 -2.991999999999999868e-03 -9.999930000000000208e-01 -8.434160000000000545e-01 -5.372609999999999886e-01 -4.090000000000000211e-04 -5.372559999999999558e-01 8.434110000000000218e-01 -3.808000000000000187e-03
3.000000000000000000e+00 5.000000000000000000e+00 5.100000000000000000e+01 0.000000000000000000e+00 1.600000000000000089e+00 1.990000000000000015e-03 8.526000000000000592e-03 -9.999620000000000175e-01 4.711369999999999725e-01 -8.820360000000000422e-01 -6.583000000000000310e-03 -8.820580000000000087e-01 -4.711060000000000247e-01 -5.772000000000000221e-03
1.400000000000000000e+01 5.000000000000000000e+00 5.100000000000000000e+01 0.000000000000000000e+00 1.600000000000000089e+00 6.710000000000000469e-04 8.592999999999999944e-03 -9.999630000000000463e-01 4.668459999999999832e-01 -8.843090000000000117e-01 -7.285999999999999942e-03 -8.843379999999999574e-01 -4.668240000000000167e-01 -4.604999999999999719e-03
3.000000000000000000e+01 5.000000000000000000e+00 5.100000000000000000e+01 0.000000000000000000e+00 1.600000000000000089e+00 5.794999999999999804e-03 -1.408500000000000030e-02 -9.998839999999999950e-01 4.666560000000000152e-01 -8.843090000000000117e-01 1.516200000000000013e-02 -8.844199999999999839e-01 -4.666899999999999937e-01 1.448000000000000068e-03
2.100000000000000000e+01 6.000000000000000000e+00 5.100000000000000000e+01 0.000000000000000000e+00 1.600000000000000089e+00 -2.982999999999999974e-03 1.000999999999999980e-02 -9.999449999999999728e-01 2.874439999999999773e-01 -9.577400000000000357e-01 -1.044499999999999942e-02 -9.577930000000000055e-01 -2.874599999999999933e-01 -2.000000000000000164e-05
5.000000000000000000e+00 1.150000000000000000e+02 5.100000000000000000e+01 0.000000000000000000e+00 1.600000000000000089e+00 4.730000000000000046e-04 2.290000000000000098e-04 1.000000000000000000e+00 8.484439999999999760e-01 -5.292850000000000055e-01 -2.799999999999999755e-04 5.292850000000000055e-01 8.484439999999999760e-01 -4.440000000000000045e-04
2.100000000000000000e+01 7.000000000000000000e+00 5.200000000000000000e+01 0.000000000000000000e+00 1.600000000000000089e+00 -1.221000000000000080e-03 8.706000000000000197e-03 -9.999609999999999888e-01 3.952800000000000064e-02 -9.991799999999999571e-01 -8.746999999999999567e-03 -9.992180000000000506e-01 -3.953700000000000270e-02 8.760000000000000425e-04
3.000000000000000000e+00 6.300000000000000000e+01 5.400000000000000000e+01 0.000000000000000000e+00 1.600000000000000089e+00 2.328000000000000208e-03 1.196000000000000014e-03 9.999970000000000248e-01 -3.430090000000000083e-01 9.393319999999999448e-01 -3.249999999999999851e-04 -9.393289999999999695e-01 -3.430079999999999796e-01 2.596999999999999916e-03
8.000000000000000000e+00 6.300000000000000000e+01 5.400000000000000000e+01 0.000000000000000000e+00 1.600000000000000089e+00 1.783000000000000080e-03 1.064999999999999974e-03 9.999980000000000535e-01 -3.463080000000000047e-01 9.381209999999999827e-01 -3.809999999999999910e-04 -9.381190000000000362e-01 -3.463069999999999760e-01 2.041999999999999978e-03
1.700000000000000000e+01 6.300000000000000000e+01 5.400000000000000000e+01 0.000000000000000000e+00 1.600000000000000089e+00 -8.880000000000000089e-04 -5.400000000000000069e-04 9.999989999999999712e-01 -3.469920000000000226e-01 9.378680000000000350e-01 1.979999999999999881e-04 -9.378680000000000350e-01 -3.469920000000000226e-01 -1.020999999999999989e-03
2.200000000000000000e+01 6.300000000000000000e+01 5.400000000000000000e+01 0.000000000000000000e+00 1.600000000000000089e+00 1.340000000000000045e-04 2.611000000000000040e-03 9.999970000000000248e-01 -3.486040000000000250e-01 9.372669999999999613e-01 -2.400999999999999922e-03 -9.372700000000000475e-01 -3.486020000000000230e-01 1.034999999999999896e-03
2.500000000000000000e+01 6.300000000000000000e+01 5.400000000000000000e+01 0.000000000000000000e+00 1.600000000000000089e+00 4.049999999999999781e-04 4.500999999999999793e-03 9.999900000000000455e-01 -3.538479999999999959e-01 9.352939999999999587e-01 -4.067000000000000302e-03 -9.353029999999999955e-01 -3.538419999999999899e-01 1.971999999999999795e-03
2.100000000000000000e+01 2.500000000000000000e+01 5.500000000000000000e+01 0.000000000000000000e+00 1.600000000000000089e+00 1.435999999999999993e-03 5.839999999999999705e-03 -9.999820000000000375e-01 -1.923199999999999910e-02 -9.997979999999999645e-01 -5.866999999999999819e-03 -9.998139999999999805e-01 1.924000000000000016e-02 -1.322999999999999957e-03
4.000000000000000000e+00 2.100000000000000000e+01 6.000000000000000000e+01 0.000000000000000000e+00 1.600000000000000089e+00 -9.139999999999999904e-04 -4.119999999999999856e-04 9.999989999999999712e-01 -9.426400000000000057e-02 9.955469999999999597e-01 3.240000000000000150e-04 -9.955469999999999597e-01 -9.426400000000000057e-02 -9.489999999999999738e-04
7.000000000000000000e+00 2.100000000000000000e+01 6.000000000000000000e+01 0.000000000000000000e+00 1.600000000000000089e+00 -1.750000000000000036e-03 -3.660000000000000059e-03 9.999919999999999920e-01 -9.548700000000000243e-02 9.954250000000000043e-01 3.475999999999999923e-03 -9.954290000000000083e-01 -9.547999999999999543e-02 -2.090999999999999977e-03
1.100000000000000000e+01 2.100000000000000000e+01 6.000000000000000000e+01 0.000000000000000000e+00 1.600000000000000089e+00 -3.420000000000000188e-04 2.150000000000000001e-03 9.999980000000000535e-01 -9.551900000000000668e-02 9.954250000000000043e-01 -2.173000000000000018e-03 -9.954279999999999795e-01 -9.551900000000000668e-02 -1.350000000000000017e-04
1.300000000000000000e+01 2.100000000000000000e+01 6.000000000000000000e+01 0.000000000000000000e+00 1.600000000000000089e+00 7.919999999999999523e-04 5.047000000000000271e-03 9.999869999999999592e-01 -9.461799999999999378e-02 9.955009999999999692e-01 -4.949000000000000274e-03 -9.955129999999999812e-01 -9.461300000000000265e-02 1.265999999999999981e-03
2.500000000000000000e+01 2.100000000000000000e+01 6.000000000000000000e+01 0.000000000000000000e+00 1.600000000000000089e+00 -1.910000000000000077e-04 5.546999999999999847e-03 9.999850000000000128e-01 -9.516700000000000159e-02 9.954460000000000530e-01 -5.539999999999999786e-03 -9.954610000000000403e-01 -9.516600000000000059e-02 3.379999999999999758e-04
2.900000000000000000e+01 2.100000000000000000e+01 6.000000000000000000e+01 0.000000000000000000e+00 1.600000000000000089e+00 4.319999999999999838e-04 9.409000000000000696e-03 9.999559999999999560e-01 -9.674800000000000066e-02 9.952649999999999553e-01 -9.322999999999999690e-03 -9.953089999999999993e-01 -9.673900000000000554e-02 1.340000000000000045e-03
