9.000000000000000000e+00 2.500000000000000000e+01 1.000000000000000000e+00 0.000000000000000000e+00 1.600000000000000089e+00 -2.301999999999999793e-03 -5.407000000000000348e-03 -9.999829999999999552e-01 -5.208270000000000399e-01 -8.536420000000000119e-01 5.813999999999999724e-03 -8.536589999999999456e-01 5.208310000000000439e-01 -8.499999999999999526e-04
2.100000000000000000e+01 2.500000000000000000e+01 1.000000000000000000e+00 0.000000000000000000e+00 1.600000000000000089e+00 7.853000000000000605e-03 2.243900000000000061e-02 -9.997169999999999668e-01 -5.168340000000000156e-01 -8.557690000000000019e-01 -2.326800000000000049e-02 -8.560499999999999776e-01 5.168709999999999694e-01 4.877000000000000259e-03
1.700000000000000000e+01 1.700000000000000000e+01 3.000000000000000000e+00 0.000000000000000000e+00 1.600000000000000089e+00 2.466499999999999942e-02 2.242399999999999949e-02 -9.994439999999999991e-01 -7.069079999999999808e-01 -7.065209999999999546e-01 -3.329800000000000121e-02 -7.068750000000000311e-01 7.073369999999999935e-01 -1.574000000000000095e-03
1.500000000000000000e+01 4.200000000000000000e+01 3.000000000000000000e+00 0.000000000000000000e+00 1.600000000000000089e+00 -5.518009999999999859e-01 -5.978869999999999463e-01 5.814179999999999904e-01 -7.233629999999999782e-01 6.900810000000000555e-01 2.311200000000000060e-02 -4.150440000000000240e-01 -4.078229999999999911e-01 -8.132770000000000277e-01
1.000000000000000000e+01 1.900000000000000000e+01 5.000000000000000000e+00 0.000000000000000000e+00 1.600000000000000089e+00 -1.492000000000000054e-03 -3.664000000000000156e-03 -9.999919999999999920e-01 -7.026019999999999488e-01 -7.115730000000000111e-01 3.655999999999999962e-03 -7.115810000000000191e-01 7.026019999999999488e-01 -1.512000000000000106e-03
4.000000000000000000e+00 2.500000000000000000e+01 8.000000000000000000e+00 0.000000000000000000e+00 1.600000000000000089e+00 -1.399999999999999979e-05 3.279999999999999930e-03 -9.999949999999999672e-01 4.388969999999999816e-01 8.985330000000000261e-01 2.941000000000000038e-03 8.985379999999999479e-01 -4.388940000000000063e-01 -1.451999999999999949e-03
9.000000000000000000e+00 2.500000000000000000e+01 8.000000000000000000e+00 0.000000000000000000e+00 1.600000000000000089e+00 1.317000000000000028e-03 4.355000000000000364e-03 -9.999900000000000455e-01 4.394879999999999898e-01 8.982369999999999521e-01 4.490000000000000067e-03 8.982480000000000464e-01 -4.394890000000000185e-01 -7.309999999999999875e-04
1.300000000000000000e+01 2.500000000000000000e+01 8.000000000000000000e+00 0.000000000000000000e+00 1.600000000000000089e+00 2.220000000000000185e-03 3.772999999999999878e-03 -9.999900000000000455e-01 4.390720000000000178e-01 8.984410000000000451e-01 4.364999999999999956e-03 8.984490000000000531e-01 -4.390780000000000238e-01 3.379999999999999758e-04
1.900000000000000000e+01 2.500000000000000000e+01 8.000000000000000000e+00 0.000000000000000000e+00 1.600000000000000089e+00 -1.397999999999999937e-03 4.734999999999999626e-03 -9.999879999999999880e-01 4.381349999999999967e-01 8.989019999999999788e-01 3.644000000000000104e-03 8.989080000000000403e-01 -4.381240000000000134e-01 -3.331000000000000193e-03
2.300000000000000000e+01 2.500000000000000000e+01 8.000000000000000000e+00 0.000000000000000000e+00 1.600000000000000089e+00 -5.786000000000000344e-03 1.378000000000000058e-02 -9.998879999999999990e-01 4.390780000000000238e-01 8.983950000000000546e-01 9.841000000000000789e-03 8.984299999999999509e-01 -4.389719999999999733e-01 -1.124900000000000032e-02
2.800000000000000000e+01 2.500000000000000000e+01 8.000000000000000000e+00 0.000000000000000000e+00 1.600000000000000089e+00 4.747000000000000351e-03 -2.008199999999999916e-02 -9.997869999999999813e-01 4.417369999999999908e-01 8.970029999999999948e-01 -1.592000000000000012e-02 8.971320000000000405e-01 -4.415669999999999873e-01 1.312900000000000005e-02
5.000000000000000000e+00 2.400000000000000000e+01 9.000000000000000000e+00 0.000000000000000000e+00 1.600000000000000089e+00 2.759999999999999867e-04 4.889000000000000117e-03 -9.999879999999999880e-01 4.445299999999999807e-01 8.957519999999999927e-01 4.503000000000000058e-03 8.957640000000000047e-01 -4.445259999999999767e-01 -1.925999999999999978e-03
1.000000000000000000e+01 2.400000000000000000e+01 9.000000000000000000e+00 0.000000000000000000e+00 1.600000000000000089e+00 1.239000000000000084e-03 5.387000000000000295e-03 -9.999850000000000128e-01 4.458579999999999766e-01 8.950879999999999947e-01 5.374000000000000304e-03 8.951029999999999820e-01 -4.458570000000000033e-01 -1.293000000000000095e-03
1.400000000000000000e+01 2.400000000000000000e+01 9.000000000000000000e+00 0.000000000000000000e+00 1.600000000000000089e+00 1.994999999999999812e-03 6.037999999999999964e-03 -9.999799999999999800e-01 4.452249999999999819e-01 8.953959999999999697e-01 6.295000000000000248e-03 8.954159999999999897e-01 -4.452289999999999859e-01 -9.020000000000000240e-04
1.900000000000000000e+01 2.400000000000000000e+01 9.000000000000000000e+00 0.000000000000000000e+00 1.600000000000000089e+00 -7.230000000000000098e-04 3.788000000000000134e-03 -9.999930000000000208e-01 4.452610000000000179e-01 8.953959999999999697e-01 3.069999999999999812e-03 8.954010000000000025e-01 -4.452559999999999851e-01 -2.334000000000000137e-03
2.300000000000000000e+01 2.400000000000000000e+01 9.000000000000000000e+00 0.000000000000000000e+00 1.600000000000000089e+00 -3.340000000000000087e-03 3.635999999999999909e-03 -9.999879999999999880e-01 4.446160000000000112e-01 8.957199999999999607e-01 1.771999999999999921e-03 8.957150000000000389e-01 -4.446039999999999992e-01 -4.608000000000000117e-03
2.700000000000000000e+01 2.400000000000000000e+01 9.000000000000000000e+00 0.000000000000000000e+00 1.600000000000000089e+00 1.350000000000000071e-03 -3.432000000000000155e-03 -9.999930000000000208e-01 4.445669999999999900e-01 8.957420000000000382e-01 -2.474000000000000071e-03 8.957450000000000134e-01 -4.445609999999999840e-01 2.735000000000000018e-03
7.000000000000000000e+00 8.000000000000000000e+00 1.000000000000000000e+01 0.000000000000000000e+00 1.600000000000000089e+00 6.444800000000000528e-02 2.516799999999999940e-02 -9.976040000000000463e-01 -9.883830000000000116e-01 -1.362760000000000082e-01 -6.729000000000000259e-02 -1.376429999999999876e-01 9.903509999999999813e-01 1.609299999999999967e-02
1.200000000000000000e+01 8.000000000000000000e+00 1.000000000000000000e+01 0.000000000000000000e+00 1.600000000000000089e+00 6.301600000000000257e-02 9.735999999999999863e-03 -9.979649999999999910e-01 -9.970980000000000398e-01 -4.219200000000000034e-02 -6.337299999999999878e-02 -4.272299999999999709e-02 9.990620000000000056e-01 7.048999999999999710e-03
1.800000000000000000e+01 4.900000000000000000e+01 1.000000000000000000e+01 0.000000000000000000e+00 1.600000000000000089e+00 8.165599999999999525e-01 -2.567519999999999802e-01 5.170179999999999776e-01 -4.229060000000000041e-01 -8.756920000000000259e-01 2.330530000000000102e-01 3.929119999999999835e-01 -4.089519999999999822e-01 -8.236369999999999525e-01
1.300000000000000000e+01 4.000000000000000000e+00 1.100000000000000000e+01 0.000000000000000000e+00 1.600000000000000089e+00 -2.663000000000000003e-03 5.859199999999999825e-02 9.982779999999999987e-01 1.735210000000000086e-01 -9.831109999999999571e-01 5.816500000000000142e-02 9.848270000000000080e-01 1.733770000000000033e-01 -7.549000000000000155e-03
1.700000000000000000e+01 4.000000000000000000e+00 1.100000000000000000e+01 0.000000000000000000e+00 1.600000000000000089e+00 -6.790000000000000245e-04 6.322500000000000342e-02 9.979989999999999695e-01 1.646420000000000106e-01 -9.843730000000000535e-01 6.247300000000000075e-02 9.863530000000000353e-01 1.643550000000000011e-01 -9.740999999999999659e-03
2.200000000000000000e+01 3.200000000000000000e+01 1.300000000000000000e+01 0.000000000000000000e+00 1.600000000000000089e+00 1.803899999999999948e-02 1.129060000000000064e-01 9.934420000000000472e-01 6.120000000000000223e-04 9.936019999999999852e-01 -1.129349999999999937e-01 -9.998369999999999758e-01 2.645000000000000216e-03 1.785399999999999834e-02
1.600000000000000000e+01 4.800000000000000000e+01 1.300000000000000000e+01 0.000000000000000000e+00 1.600000000000000089e+00 8.632410000000000361e-01 -1.230910000000000060e-01 4.895539999999999892e-01 -2.380929999999999991e-01 -9.544449999999999878e-01 1.798530000000000129e-01 4.451140000000000096e-01 -2.718149999999999733e-01 -8.532229999999999537e-01
1.000000000000000000e+00 3.200000000000000000e+01 1.400000000000000000e+01 0.000000000000000000e+00 1.600000000000000089e+00 2.681999999999999922e-03 7.370999999999999948e-03 -9.999689999999999968e-01 1.182769999999999933e-01 9.929510000000000280e-01 7.636999999999999691e-03 9.929769999999999985e-01 -1.182939999999999964e-01 1.791000000000000057e-03
1.200000000000000000e+01 3.200000000000000000e+01 1.400000000000000000e+01 0.000000000000000000e+00 1.600000000000000089e+00 -1.688000000000000047e-03 7.611999999999999843e-03 -9.999700000000000255e-01 1.156819999999999932e-01 9.932590000000000030e-01 7.366000000000000152e-03 9.932849999999999735e-01 -1.156660000000000049e-01 -2.556999999999999811e-03
1.500000000000000000e+01 4.800000000000000000e+01 1.500000000000000000e+01 0.000000000000000000e+00 1.600000000000000089e+00 8.488019999999999454e-01 -2.177439999999999931e-01 4.817899999999999960e-01 -3.224029999999999951e-01 -9.353920000000000012e-01 1.452489999999999892e-01 4.190360000000000196e-01 -2.786190000000000055e-01 -8.641649999999999610e-01
1.900000000000000000e+01 1.200000000000000000e+01 1.600000000000000000e+01 0.000000000000000000e+00 1.600000000000000089e+00 -1.022799999999999924e-02 7.122699999999999865e-02 9.974079999999999613e-01 2.356520000000000004e-01 -9.691940000000000000e-01 7.162899999999999823e-02 9.717839999999999812e-01 2.357740000000000113e-01 -6.871999999999999637e-03
2.500000000000000000e+01 1.300000000000000000e+01 1.600000000000000000e+01 0.000000000000000000e+00 1.600000000000000089e+00 -3.382000000000000024e-03 7.187599999999999545e-02 9.974079999999999613e-01 1.558209999999999873e-01 -9.851919999999999566e-01 7.152400000000000424e-02 9.877789999999999626e-01 1.556589999999999918e-01 -7.867999999999999994e-03
2.900000000000000000e+01 1.300000000000000000e+01 1.600000000000000000e+01 0.000000000000000000e+00 1.600000000000000089e+00 -1.864999999999999904e-03 5.183999999999999719e-02 9.986540000000000417e-01 1.303080000000000072e-01 -9.901280000000000081e-01 5.164099999999999940e-02 9.914720000000000200e-01 1.302290000000000114e-01 -4.908000000000000036e-03
2.100000000000000000e+01 4.800000000000000000e+01 1.600000000000000000e+01 0.000000000000000000e+00 1.600000000000000089e+00 -4.243979999999999975e-01 -7.804940000000000211e-01 -4.590380000000000016e-01 9.054229999999999778e-01 -3.712509999999999977e-01 -2.058669999999999944e-01 -9.740999999999999659e-03 -5.029930000000000234e-01 8.642349999999999755e-01
1.500000000000000000e+01 1.160000000000000000e+02 1.600000000000000000e+01 0.000000000000000000e+00 1.600000000000000089e+00 -2.413000000000000214e-03 1.085999999999999943e-03 9.999970000000000248e-01 8.290939999999999976e-01 5.591070000000000206e-01 1.394000000000000057e-03 -5.591030000000000166e-01 8.290950000000000264e-01 -2.249999999999999830e-03
1.500000000000000000e+01 3.500000000000000000e+01 1.700000000000000000e+01 0.000000000000000000e+00 1.600000000000000089e+00 -3.371770000000000045e-01 -1.870360000000000078e-01 -9.226750000000000229e-01 -8.598989999999999689e-01 -3.377950000000000119e-01 3.827119999999999966e-01 -3.832559999999999856e-01 9.224489999999999634e-01 -4.693499999999999756e-02
1.300000000000000000e+01 3.600000000000000000e+01 1.800000000000000000e+01 0.000000000000000000e+00 1.600000000000000089e+00 -4.486669999999999825e-01 2.647300000000000000e-02 -8.933069999999999622e-01 -8.836669999999999803e-01 -1.624849999999999905e-01 4.390109999999999846e-01 -1.335270000000000068e-01 9.863560000000000105e-01 9.629500000000000559e-02
2.400000000000000000e+01 2.000000000000000000e+00 1.900000000000000000e+01 0.000000000000000000e+00 1.600000000000000089e+00 -9.468000000000000721e-03 3.891399999999999720e-02 -9.991980000000000306e-01 3.151510000000000145e-01 -9.482019999999999893e-01 -3.991499999999999909e-02 -9.489940000000000042e-01 -3.152760000000000007e-01 -3.285999999999999859e-03
2.000000000000000000e+00 3.000000000000000000e+00 1.900000000000000000e+01 0.000000000000000000e+00 1.600000000000000089e+00 1.101999999999999898e-03 2.812900000000000122e-02 -9.996040000000000481e-01 3.232470000000000065e-01 -9.459499999999999575e-01 -2.626300000000000162e-02 -9.463139999999999885e-01 -3.230899999999999883e-01 -1.013499999999999991e-02
6.000000000000000000e+00 3.000000000000000000e+00 1.900000000000000000e+01 0.000000000000000000e+00 1.600000000000000089e+00 -5.597999999999999678e-03 3.485800000000000010e-02 -9.993769999999999598e-01 3.252590000000000203e-01 -9.449849999999999639e-01 -3.478200000000000042e-02 -9.456080000000000041e-01 -3.252510000000000123e-01 -6.048000000000000424e-03
1.300000000000000000e+01 3.000000000000000000e+00 1.900000000000000000e+01 0.000000000000000000e+00 1.600000000000000089e+00 -9.065000000000000141e-03 4.166899999999999771e-02 -9.990900000000000336e-01 3.347539999999999960e-01 -9.413559999999999706e-01 -4.229800000000000226e-02 -9.422620000000000440e-01 -3.348329999999999917e-01 -5.415999999999999807e-03
2.000000000000000000e+01 3.000000000000000000e+00 1.900000000000000000e+01 0.000000000000000000e+00 1.600000000000000089e+00 -1.195500000000000035e-02 4.592000000000000248e-02 -9.988740000000000396e-01 3.322330000000000005e-01 -9.420110000000000428e-01 -4.728299999999999864e-02 -9.431220000000000159e-01 -3.324239999999999973e-01 -3.994000000000000154e-03
2.300000000000000000e+01 3.000000000000000000e+00 1.900000000000000000e+01 0.000000000000000000e+00 1.600000000000000089e+00 -1.046000000000000055e-02 3.952300000000000257e-02 -9.991640000000000521e-01 3.281479999999999952e-01 -9.437459999999999738e-01 -4.076599999999999668e-02 -9.445679999999999632e-01 -3.282999999999999807e-01 -3.098000000000000059e-03
2.800000000000000000e+01 3.000000000000000000e+00 1.900000000000000000e+01 0.000000000000000000e+00 1.600000000000000089e+00 -8.734000000000000444e-03 2.276500000000000051e-02 -9.997030000000000083e-01 3.215520000000000045e-01 -9.465780000000000305e-01 -2.436500000000000124e-02 -9.468509999999999982e-01 -3.216700000000000115e-01 9.470000000000000336e-04
9.000000000000000000e+00 4.000000000000000000e+00 2.000000000000000000e+01 0.000000000000000000e+00 1.600000000000000089e+00 -4.092000000000000151e-03 3.126899999999999819e-02 -9.995030000000000303e-01 3.645090000000000274e-01 -9.306969999999999965e-01 -3.060900000000000079e-02 -9.311909999999999910e-01 -3.644530000000000269e-01 -7.589000000000000259e-03
1.400000000000000000e+01 4.000000000000000000e+00 2.000000000000000000e+01 0.000000000000000000e+00 1.600000000000000089e+00 -5.963000000000000418e-03 3.752400000000000180e-02 -9.992779999999999996e-01 3.869139999999999802e-01 -9.213770000000000016e-01 -3.690700000000000230e-02 -9.220960000000000267e-01 -3.868550000000000044e-01 -9.024000000000000771e-03
1.700000000000000000e+01 4.000000000000000000e+00 2.000000000000000000e+01 0.000000000000000000e+00 1.600000000000000089e+00 -8.295999999999999555e-03 3.952900000000000164e-02 -9.991839999999999611e-01 3.981810000000000072e-01 -9.164529999999999621e-01 -3.956199999999999994e-02 -9.172690000000000010e-01 -3.981839999999999824e-01 -8.137000000000000136e-03
2.000000000000000000e+01 4.000000000000000000e+00 2.000000000000000000e+01 0.000000000000000000e+00 1.600000000000000089e+00 -9.088999999999999857e-03 4.287699999999999845e-02 -9.990390000000000104e-01 4.091549999999999909e-01 -9.114579999999999904e-01 -4.284000000000000308e-02 -9.124189999999999801e-01 -4.091520000000000157e-01 -9.258999999999999869e-03
2.900000000000000000e+01 4.000000000000000000e+00 2.000000000000000000e+01 0.000000000000000000e+00 1.600000000000000089e+00 -6.608000000000000158e-03 2.087800000000000072e-02 -9.997599999999999820e-01 4.244809999999999972e-01 -9.051770000000000094e-01 -2.170800000000000160e-02 -9.054130000000000233e-01 -4.245229999999999837e-01 -2.880999999999999880e-03
2.000000000000000000e+00 1.300000000000000000e+01 2.000000000000000000e+01 0.000000000000000000e+00 1.600000000000000089e+00 1.250000000000000026e-04 2.034999999999999917e-03 9.999980000000000535e-01 2.582999999999999741e-01 9.660630000000000051e-01 -1.998999999999999909e-03 -9.660649999999999515e-01 2.582990000000000008e-01 -4.049999999999999781e-04
5.000000000000000000e+00 1.300000000000000000e+01 2.000000000000000000e+01 0.000000000000000000e+00 1.600000000000000089e+00 -6.239999999999999887e-04 -1.448999999999999984e-03 9.999989999999999712e-01 2.593650000000000122e-01 9.657780000000000253e-01 1.561000000000000104e-03 -9.657790000000000541e-01 2.593659999999999854e-01 -2.269999999999999882e-04
1.100000000000000000e+01 1.300000000000000000e+01 2.000000000000000000e+01 0.000000000000000000e+00 1.600000000000000089e+00 4.550000000000000008e-04 -3.229999999999999907e-04 1.000000000000000000e+00 2.613960000000000172e-01 9.652319999999999789e-01 1.930000000000000021e-04 -9.652309999999999501e-01 2.613960000000000172e-01 5.240000000000000517e-04
1.700000000000000000e+01 1.300000000000000000e+01 2.000000000000000000e+01 0.000000000000000000e+00 1.600000000000000089e+00 1.499999999999999869e-04 -3.229000000000000099e-03 9.999949999999999672e-01 2.670310000000000183e-01 9.636829999999999563e-01 3.070999999999999945e-03 -9.636879999999999891e-01 2.670290000000000163e-01 1.007000000000000083e-03
2.300000000000000000e+01 1.300000000000000000e+01 2.000000000000000000e+01 0.000000000000000000e+00 1.600000000000000089e+00 -2.426999999999999904e-03 -3.886000000000000131e-03 9.999900000000000455e-01 2.827830000000000066e-01 9.591739999999999711e-01 4.413000000000000256e-03 -9.591809999999999503e-01 2.827910000000000146e-01 -1.229000000000000058e-03
2.700000000000000000e+01 1.300000000000000000e+01 2.000000000000000000e+01 0.000000000000000000e+00 1.600000000000000089e+00 -1.405999999999999915e-03 -5.917000000000000384e-03 9.999820000000000375e-01 2.943129999999999913e-01 9.556900000000000395e-01 6.068999999999999742e-03 -9.557080000000000020e-01 2.943160000000000220e-01 3.970000000000000005e-04
1.400000000000000000e+01 3.900000000000000000e+01 2.300000000000000000e+01 0.000000000000000000e+00 1.600000000000000089e+00 -4.626549999999999829e-01 -8.102949999999999875e-01 3.596829999999999750e-01 -8.286010000000000320e-01 5.394940000000000291e-01 1.495549999999999935e-01 -3.152300000000000102e-01 -2.288409999999999889e-01 -9.210110000000000241e-01
2.500000000000000000e+01 4.200000000000000000e+01 2.300000000000000000e+01 0.000000000000000000e+00 1.600000000000000089e+00 -9.666890000000000205e-01 -2.346650000000000125e-01 1.022010000000000002e-01 -1.981340000000000046e-01 9.388480000000000159e-01 2.816150000000000042e-01 -1.620369999999999866e-01 2.519839999999999858e-01 -9.540689999999999449e-01
7.000000000000000000e+00 2.000000000000000000e+00 2.500000000000000000e+01 0.000000000000000000e+00 1.600000000000000089e+00 -8.477999999999999425e-03 2.270600000000000049e-02 9.997059999999999835e-01 8.966499999999999471e-02 -9.956979999999999720e-01 2.337499999999999994e-02 9.959360000000000435e-01 8.983599999999999919e-02 6.405000000000000103e-03
1.000000000000000000e+01 3.000000000000000000e+00 2.500000000000000000e+01 0.000000000000000000e+00 1.600000000000000089e+00 -8.982999999999999666e-03 2.840099999999999916e-02 9.995560000000000000e-01 2.729799999999999935e-02 -9.992170000000000218e-01 2.863699999999999926e-02 9.995870000000000033e-01 2.754300000000000151e-02 8.200999999999999956e-03
1.600000000000000000e+01 3.000000000000000000e+00 2.500000000000000000e+01 0.000000000000000000e+00 1.600000000000000089e+00 -1.161399999999999932e-02 3.404999999999999694e-02 9.993530000000000468e-01 3.290900000000000075e-02 -9.988660000000000316e-01 3.441500000000000115e-02 9.993910000000000293e-01 3.328799999999999815e-02 1.047999999999999973e-02
1.900000000000000000e+01 3.000000000000000000e+00 2.500000000000000000e+01 0.000000000000000000e+00 1.600000000000000089e+00 -8.959999999999999215e-03 3.976199999999999873e-02 9.991689999999999738e-01 2.266699999999999965e-02 -9.989440000000000541e-01 3.995599999999999846e-02 9.997030000000000083e-01 2.300699999999999967e-02 8.049999999999999864e-03
2.700000000000000000e+01 3.000000000000000000e+00 2.500000000000000000e+01 0.000000000000000000e+00 1.600000000000000089e+00 -6.755999999999999853e-03 2.556999999999999898e-02 9.996500000000000385e-01 -1.101300000000000022e-02 -9.996140000000000025e-01 2.549500000000000030e-02 9.999169999999999447e-01 -1.083600000000000015e-02 7.034999999999999587e-03
1.300000000000000000e+01 3.800000000000000000e+01 2.900000000000000000e+01 0.000000000000000000e+00 1.600000000000000089e+00 3.407060000000000088e-01 3.124770000000000048e-01 -8.867230000000000389e-01 8.636810000000000320e-01 2.686009999999999787e-01 4.265070000000000250e-01 3.714480000000000004e-01 -9.111599999999999699e-01 -1.783669999999999978e-01
9.000000000000000000e+00 4.400000000000000000e+01 3.100000000000000000e+01 0.000000000000000000e+00 1.600000000000000089e+00 9.117300000000000404e-01 -2.000860000000000138e-01 -3.587679999999999758e-01 2.169969999999999954e-01 9.761469999999999869e-01 7.048999999999999710e-03 3.487999999999999989e-01 -8.427800000000000569e-02 9.334000000000000075e-01
1.000000000000000000e+00 5.800000000000000000e+01 3.100000000000000000e+01 0.000000000000000000e+00 1.600000000000000089e+00 -1.585000000000000037e-03 -1.053699999999999949e-02 9.999430000000000263e-01 -8.072089999999999543e-01 -5.902190000000000492e-01 -7.498999999999999590e-03 5.902640000000000109e-01 -8.071749999999999758e-01 -7.570000000000000340e-03
5.000000000000000000e+00 5.800000000000000000e+01 3.100000000000000000e+01 0.000000000000000000e+00 1.600000000000000089e+00 -3.860000000000000041e-04 -1.021500000000000012e-02 9.999479999999999480e-01 -8.053299999999999903e-01 -5.927930000000000144e-01 -6.366000000000000131e-03 5.928269999999999929e-01 -8.052899999999999503e-01 -7.997999999999999901e-03
1.100000000000000000e+01 5.800000000000000000e+01 3.100000000000000000e+01 0.000000000000000000e+00 1.600000000000000089e+00 1.033999999999999980e-03 -1.593899999999999831e-02 9.998719999999999830e-01 -7.979309999999999459e-01 -6.026850000000000263e-01 -8.782999999999999141e-03 6.027489999999999792e-01 -7.978199999999999736e-01 -1.334100000000000043e-02
1.600000000000000000e+01 5.800000000000000000e+01 3.100000000000000000e+01 0.000000000000000000e+00 1.600000000000000089e+00 1.495999999999999934e-03 1.765800000000000008e-02 9.998430000000000373e-01 -7.915520000000000334e-01 -6.109839999999999716e-01 1.197499999999999953e-02 6.110999999999999766e-01 -7.914459999999999829e-01 1.306299999999999996e-02
2.900000000000000000e+01 5.800000000000000000e+01 3.100000000000000000e+01 0.000000000000000000e+00 1.600000000000000089e+00 8.562999999999999431e-03 8.340999999999999456e-03 9.999289999999999567e-01 -7.935680000000000511e-01 -6.083659999999999624e-01 1.187000000000000034e-02 6.084220000000000184e-01 -7.936130000000000129e-01 1.410000000000000012e-03
1.100000000000000000e+01 3.800000000000000000e+01 3.400000000000000000e+01 0.000000000000000000e+00 1.600000000000000089e+00 4.848629999999999884e-01 -8.526829999999999687e-01 -1.945260000000000045e-01 8.547090000000000520e-01 5.091259999999999675e-01 -1.013050000000000062e-01 1.854190000000000005e-01 -1.171449999999999991e-01 9.756519999999999637e-01
1.500000000000000000e+01 2.900000000000000000e+01 3.600000000000000000e+01 0.000000000000000000e+00 1.600000000000000089e+00 5.163410000000000499e-01 5.296520000000000117e-01 -6.729490000000000194e-01 7.841580000000000217e-01 2.344100000000000003e-02 6.201189999999999758e-01 3.442219999999999724e-01 -8.478909999999999503e-01 -4.032270000000000021e-01
1.300000000000000000e+01 3.000000000000000000e+01 3.600000000000000000e+01 0.000000000000000000e+00 1.600000000000000089e+00 3.514050000000000229e-01 4.430890000000000106e-01 -8.247339999999999671e-01 8.187470000000000026e-01 2.817919999999999869e-01 5.002469999999999972e-01 4.540569999999999884e-01 -8.510379999999999612e-01 -2.637539999999999885e-01
2.200000000000000000e+01 5.000000000000000000e+01 3.600000000000000000e+01 0.000000000000000000e+00 1.600000000000000089e+00 -9.971999999999999961e-03 -1.760889999999999955e-01 -9.843239999999999768e-01 1.764419999999999877e-01 -9.692370000000000152e-01 1.716030000000000055e-01 -9.842610000000000525e-01 -1.719650000000000067e-01 4.073500000000000038e-02
2.900000000000000000e+01 9.500000000000000000e+01 3.600000000000000000e+01 0.000000000000000000e+00 1.600000000000000089e+00 -9.239000000000000684e-03 -5.127000000000000307e-02 9.986420000000000297e-01 9.982159999999999922e-01 5.843500000000000083e-02 1.223499999999999935e-02 -5.898300000000000071e-02 9.969740000000000268e-01 5.063800000000000245e-02
2.500000000000000000e+01 3.100000000000000000e+01 3.700000000000000000e+01 0.000000000000000000e+00 1.600000000000000089e+00 2.063210000000000044e-01 -9.719170000000000309e-01 -1.131729999999999958e-01 6.594440000000000301e-01 2.235650000000000137e-01 -7.177409999999999624e-01 7.228869999999999463e-01 7.345400000000000540e-02 6.870509999999999673e-01
1.900000000000000000e+01 5.000000000000000000e+01 3.800000000000000000e+01 0.000000000000000000e+00 1.600000000000000089e+00 -1.906000000000000055e-02 -3.334849999999999759e-01 9.425630000000000397e-01 -3.292450000000000099e-01 -8.880580000000000140e-01 -3.208590000000000053e-01 9.440520000000000023e-01 -3.164500000000000091e-01 -9.287099999999999522e-02
1.500000000000000000e+01 2.000000000000000000e+01 3.900000000000000000e+01 0.000000000000000000e+00 1.600000000000000089e+00 9.088000000000000592e-03 -1.462399999999999985e-02 9.998519999999999630e-01 -4.799269999999999925e-01 8.771400000000000308e-01 1.719100000000000142e-02 -8.772609999999999575e-01 -4.800119999999999942e-01 9.529999999999999626e-04
2.400000000000000000e+01 2.800000000000000000e+01 4.000000000000000000e+01 0.000000000000000000e+00 1.600000000000000089e+00 -4.689900000000000319e-02 -8.682600000000000318e-01 -4.938879999999999937e-01 7.550470000000000237e-01 2.928970000000000184e-01 -5.866139999999999688e-01 6.539920000000000178e-01 -4.004199999999999982e-01 6.418409999999999949e-01
7.000000000000000000e+00 3.400000000000000000e+01 4.000000000000000000e+01 0.000000000000000000e+00 1.600000000000000089e+00 6.600699999999999623e-02 -7.110729999999999551e-01 7.000129999999999963e-01 7.617479999999999807e-01 -4.172239999999999838e-01 -4.956439999999999735e-01 6.445020000000000193e-01 5.659490000000000354e-01 5.141189999999999927e-01
9.000000000000000000e+00 3.800000000000000000e+01 4.000000000000000000e+01 0.000000000000000000e+00 1.600000000000000089e+00 -5.531760000000000010e-01 -7.586519999999999930e-01 -3.441560000000000175e-01 -8.207100000000000506e-01 4.254109999999999836e-01 3.813920000000000088e-01 -1.429350000000000065e-01 4.934290000000000065e-01 -8.579609999999999737e-01
2.200000000000000000e+01 2.400000000000000000e+01 4.100000000000000000e+01 0.000000000000000000e+00 1.600000000000000089e+00 -2.597199999999999856e-02 -5.360979999999999634e-01 8.437559999999999505e-01 -6.972599999999999909e-01 6.145460000000000367e-01 3.690019999999999967e-01 -7.163479999999999848e-01 -5.787330000000000529e-01 -3.897610000000000241e-01
2.400000000000000000e+01 2.700000000000000000e+01 4.100000000000000000e+01 0.000000000000000000e+00 1.600000000000000089e+00 -4.356899999999999662e-02 -6.317019999999999857e-01 -7.739859999999999518e-01 7.895299999999999541e-01 4.529360000000000053e-01 -4.141150000000000109e-01 6.121640000000000414e-01 -6.291280000000000205e-01 4.790139999999999953e-01
1.900000000000000000e+01 4.700000000000000000e+01 4.100000000000000000e+01 0.000000000000000000e+00 1.600000000000000089e+00 -1.392819999999999891e-01 6.513139999999999485e-01 -7.459160000000000235e-01 -5.861499999999999488e-01 5.528980000000000006e-01 5.922260000000000302e-01 7.981399999999999606e-01 5.197049999999999725e-01 3.047590000000000021e-01
2.300000000000000000e+01 2.600000000000000000e+01 4.200000000000000000e+01 0.000000000000000000e+00 1.600000000000000089e+00 -6.727199999999999847e-02 -4.121159999999999823e-01 -9.086450000000000360e-01 8.455599999999999783e-01 4.598800000000000110e-01 -2.711790000000000034e-01 5.296250000000000124e-01 -7.865569999999999506e-01 3.175319999999999809e-01
1.300000000000000000e+01 2.500000000000000000e+01 4.300000000000000000e+01 0.000000000000000000e+00 1.600000000000000089e+00 1.110130000000000006e-01 1.759040000000000048e-01 -9.781279999999999974e-01 8.170290000000000052e-01 5.441850000000000298e-01 1.905940000000000134e-01 5.658090000000000064e-01 -8.203169999999999629e-01 -8.330700000000000605e-02
2.200000000000000000e+01 2.500000000000000000e+01 4.300000000000000000e+01 0.000000000000000000e+00 1.600000000000000089e+00 -8.929800000000000237e-02 -2.938479999999999981e-01 -9.516719999999999624e-01 8.844769999999999577e-01 4.159340000000000259e-01 -2.114209999999999978e-01 4.579579999999999762e-01 -8.606110000000000149e-01 2.227600000000000136e-01
1.200000000000000000e+01 5.100000000000000000e+01 4.300000000000000000e+01 0.000000000000000000e+00 1.600000000000000089e+00 -1.160149999999999931e-01 4.348079999999999723e-01 -8.930190000000000072e-01 -6.145690000000000319e-01 6.748920000000000474e-01 4.084430000000000005e-01 7.802850000000000064e-01 5.962070000000000425e-01 1.889220000000000066e-01
1.100000000000000000e+01 5.200000000000000000e+01 4.300000000000000000e+01 0.000000000000000000e+00 1.600000000000000089e+00 -6.557499999999999440e-02 4.185639999999999916e-01 -9.058169999999999833e-01 -5.072940000000000227e-01 7.677230000000000443e-01 3.914770000000000194e-01 8.592739999999999823e-01 4.851869999999999794e-01 1.619919999999999971e-01
9.000000000000000000e+00 8.000000000000000000e+00 4.400000000000000000e+01 0.000000000000000000e+00 1.600000000000000089e+00 -2.449999999999999921e-03 -5.170000000000000116e-03 9.999839999999999840e-01 -7.857990000000000252e-01 -6.184610000000000385e-01 -5.122999999999999950e-03 6.184770000000000545e-01 -7.857979999999999965e-01 -2.546999999999999785e-03
2.200000000000000000e+01 8.000000000000000000e+00 4.400000000000000000e+01 0.000000000000000000e+00 1.600000000000000089e+00 3.199999999999999855e-05 -7.110000000000000434e-04 1.000000000000000000e+00 -7.806060000000000221e-01 -6.250240000000000240e-01 -4.189999999999999931e-04 6.250240000000000240e-01 -7.806049999999999933e-01 -5.749999999999999903e-04
2.500000000000000000e+01 8.000000000000000000e+00 4.400000000000000000e+01 0.000000000000000000e+00 1.600000000000000089e+00 4.110000000000000155e-04 1.588999999999999918e-03 9.999989999999999712e-01 -7.892200000000000326e-01 -6.141090000000000160e-01 1.299999999999999940e-03 6.141100000000000447e-01 -7.892200000000000326e-01 1.002000000000000069e-03
2.000000000000000000e+00 2.900000000000000000e+01 4.400000000000000000e+01 0.000000000000000000e+00 1.600000000000000089e+00 -7.872999999999999790e-03 -6.989999999999999686e-03 -9.999449999999999728e-01 6.984690000000000065e-01 7.155639999999999779e-01 -1.050199999999999918e-02 7.155970000000000386e-01 -6.985130000000000505e-01 -7.510000000000000399e-04
2.500000000000000000e+01 2.900000000000000000e+01 4.400000000000000000e+01 0.000000000000000000e+00 1.600000000000000089e+00 -4.519900000000000306e-02 -1.730999999999999900e-03 -9.989770000000000039e-01 7.653440000000000243e-01 6.426290000000000058e-01 -3.574200000000000293e-02 6.420329999999999648e-01 -7.661759999999999682e-01 -2.772099999999999911e-02
1.000000000000000000e+01 6.500000000000000000e+01 4.600000000000000000e+01 0.000000000000000000e+00 1.600000000000000089e+00 -3.128999999999999837e-03 2.602999999999999845e-03 9.999919999999999920e-01 6.790929999999999467e-01 -7.340419999999999723e-01 4.035999999999999657e-03 7.340459999999999763e-01 6.791000000000000369e-01 5.289999999999999564e-04
2.500000000000000000e+01 6.500000000000000000e+01 4.600000000000000000e+01 0.000000000000000000e+00 1.600000000000000089e+00 6.620000000000000450e-04 3.289999999999999956e-03 9.999940000000000495e-01 6.785879999999999690e-01 -7.345169999999999755e-01 1.966999999999999998e-03 7.345190000000000330e-01 6.785830000000000473e-01 -2.719000000000000063e-03
5.000000000000000000e+00 2.900000000000000000e+01 4.800000000000000000e+01 0.000000000000000000e+00 1.600000000000000089e+00 1.726000000000000104e-03 1.052299999999999937e-02 9.999430000000000263e-01 3.588330000000000131e-01 9.333430000000000337e-01 -1.044100000000000063e-02 -9.334000000000000075e-01 3.588310000000000111e-01 -2.164999999999999824e-03
1.000000000000000000e+01 2.900000000000000000e+01 4.800000000000000000e+01 0.000000000000000000e+00 1.600000000000000089e+00 9.072999999999999468e-03 3.183219999999999938e-01 9.479389999999999761e-01 3.989929999999999866e-01 8.680930000000000035e-01 -2.953279999999999794e-01 -9.169089999999999741e-01 3.809000000000000163e-01 -1.191320000000000018e-01
2.800000000000000000e+01 2.900000000000000000e+01 4.800000000000000000e+01 0.000000000000000000e+00 1.600000000000000089e+00 1.344500000000000035e-02 9.483300000000000063e-02 9.954020000000000090e-01 3.545789999999999775e-01 9.303470000000000351e-01 -9.342499999999999416e-02 -9.349290000000000100e-01 3.542049999999999921e-01 -2.111800000000000135e-02
2.500000000000000000e+01 4.800000000000000000e+01 4.900000000000000000e+01 0.000000000000000000e+00 1.600000000000000089e+00 6.825670000000000348e-01 -4.666969999999999730e-01 5.624019999999999575e-01 2.086280000000000079e-01 8.619550000000000267e-01 4.620699999999999807e-01 -7.004120000000000346e-01 -1.980609999999999871e-01 6.857079999999999842e-01
1.400000000000000000e+01 6.000000000000000000e+00 5.100000000000000000e+01 0.000000000000000000e+00 1.600000000000000089e+00 -9.009999999999999997e-04 -5.191000000000000301e-03 -9.999860000000000415e-01 2.972659999999999747e-01 -9.547830000000000483e-01 4.688000000000000327e-03 -9.547940000000000316e-01 -2.972569999999999935e-01 2.403999999999999887e-03
5.000000000000000000e+00 4.500000000000000000e+01 5.100000000000000000e+01 0.000000000000000000e+00 1.600000000000000089e+00 9.227750000000000119e-01 -2.077720000000000122e-01 -3.245270000000000099e-01 3.505349999999999855e-01 8.023839999999999861e-01 4.830160000000000009e-01 1.600380000000000136e-01 -5.594729999999999981e-01 8.132519999999999749e-01
7.000000000000000000e+00 1.150000000000000000e+02 5.100000000000000000e+01 0.000000000000000000e+00 1.600000000000000089e+00 -1.554999999999999959e-03 -2.580700000000000008e-02 9.996660000000000545e-01 8.386449999999999738e-01 -5.445299999999999585e-01 -1.275300000000000045e-02 5.446769999999999667e-01 8.383439999999999781e-01 2.248899999999999857e-02
1.200000000000000000e+01 1.150000000000000000e+02 5.100000000000000000e+01 0.000000000000000000e+00 1.600000000000000089e+00 -6.837000000000000195e-03 -1.243999999999999967e-02 9.998989999999999823e-01 8.439740000000000020e-01 -5.363830000000000542e-01 -9.020000000000000240e-04 5.363409999999999567e-01 8.438830000000000497e-01 1.416599999999999977e-02
1.800000000000000000e+01 1.150000000000000000e+02 5.100000000000000000e+01 0.000000000000000000e+00 1.600000000000000089e+00 -6.267000000000000001e-03 1.118800000000000003e-02 9.999179999999999735e-01 8.537679999999999714e-01 -5.205340000000000522e-01 1.117499999999999917e-02 5.206169999999999964e-01 8.537670000000000536e-01 -6.289999999999999584e-03
2.400000000000000000e+01 1.150000000000000000e+02 5.100000000000000000e+01 0.000000000000000000e+00 1.600000000000000089e+00 -2.752000000000000106e-03 1.777499999999999913e-02 9.998380000000000045e-01 8.579149999999999832e-01 -5.136629999999999807e-01 1.149299999999999974e-02 5.137840000000000185e-01 8.578080000000000149e-01 -1.383599999999999934e-02
2.200000000000000000e+01 7.000000000000000000e+00 5.200000000000000000e+01 0.000000000000000000e+00 1.600000000000000089e+00 7.493999999999999793e-03 4.833999999999999755e-03 -9.999599999999999600e-01 6.671799999999999953e-02 -9.977629999999999555e-01 -4.322999999999999586e-03 -9.977439999999999642e-01 -6.668300000000000616e-02 -7.799999999999999642e-03
3.000000000000000000e+01 7.000000000000000000e+00 5.200000000000000000e+01 0.000000000000000000e+00 1.600000000000000089e+00 2.952999999999999896e-03 1.454999999999999913e-03 -9.999949999999999672e-01 7.559200000000000641e-02 -9.971379999999999688e-01 -1.227999999999999925e-03 -9.971349999999999936e-01 -7.558800000000000241e-02 -3.053999999999999857e-03
1.900000000000000000e+01 4.400000000000000000e+01 5.300000000000000000e+01 0.000000000000000000e+00 1.600000000000000089e+00 -2.779490000000000016e-01 -9.091439999999999522e-01 3.101630000000000220e-01 -8.572079999999999700e-01 3.804679999999999729e-01 3.470440000000000191e-01 -4.335200000000000164e-01 -1.694140000000000090e-01 -8.850759999999999739e-01
2.000000000000000000e+00 6.300000000000000000e+01 5.400000000000000000e+01 0.000000000000000000e+00 1.600000000000000089e+00 2.961999999999999789e-03 1.633400000000000130e-02 9.998620000000000285e-01 -3.887780000000000125e-01 9.212270000000000181e-01 -1.389800000000000063e-02 -9.213270000000000071e-01 -3.886839999999999740e-01 9.079000000000000264e-03
7.000000000000000000e+00 6.300000000000000000e+01 5.400000000000000000e+01 0.000000000000000000e+00 1.600000000000000089e+00 -1.116999999999999937e-03 1.758000000000000014e-03 9.999980000000000535e-01 -3.807599999999999874e-01 9.246720000000000494e-01 -2.050000000000000173e-03 -9.246729999999999672e-01 -3.807610000000000161e-01 -3.629999999999999872e-04
9.000000000000000000e+00 6.300000000000000000e+01 5.400000000000000000e+01 0.000000000000000000e+00 1.600000000000000089e+00 6.819999999999999890e-04 1.551000000000000078e-03 9.999989999999999712e-01 -3.733989999999999809e-01 9.276699999999999946e-01 -1.183999999999999940e-03 -9.276699999999999946e-01 -3.733980000000000077e-01 1.211999999999999970e-03
1.300000000000000000e+01 6.300000000000000000e+01 5.400000000000000000e+01 0.000000000000000000e+00 1.600000000000000089e+00 8.099999999999999561e-04 5.080000000000000314e-03 9.999869999999999592e-01 -3.640939999999999732e-01 9.313510000000000399e-01 -4.436999999999999972e-03 -9.313620000000000232e-01 -3.640860000000000207e-01 2.603999999999999978e-03
1.700000000000000000e+01 6.300000000000000000e+01 5.400000000000000000e+01 0.000000000000000000e+00 1.600000000000000089e+00 8.580000000000000387e-04 3.524999999999999922e-03 9.999930000000000208e-01 -3.584890000000000021e-01 9.335290000000000532e-01 -2.982999999999999974e-03 -9.335329999999999462e-01 -3.584840000000000249e-01 2.064999999999999995e-03
2.300000000000000000e+01 6.300000000000000000e+01 5.400000000000000000e+01 0.000000000000000000e+00 1.600000000000000089e+00 1.314000000000000064e-03 2.956999999999999993e-03 9.999949999999999672e-01 -3.655649999999999733e-01 9.307830000000000270e-01 -2.272000000000000148e-03 -9.307849999999999735e-01 -3.655599999999999961e-01 2.304000000000000058e-03
2.800000000000000000e+01 6.300000000000000000e+01 5.400000000000000000e+01 0.000000000000000000e+00 1.600000000000000089e+00 -2.167000000000000089e-03 -2.585000000000000058e-03 9.999940000000000495e-01 -3.684549999999999770e-01 9.296440000000000259e-01 1.605000000000000090e-03 -9.296429999999999971e-01 -3.684499999999999997e-01 -2.967000000000000019e-03
