8.000000000000000000e+00 1.500000000000000000e+01 4.000000000000000000e+00 0.000000000000000000e+00 1.600000000000000089e+00 -1.044000000000000006e-03 2.949200000000000085e-02 9.995640000000000081e-01 3.826640000000000041e-01 -9.234740000000000171e-01 2.764600000000000043e-02 9.238870000000000138e-01 3.825270000000000059e-01 -1.032100000000000031e-02
2.400000000000000000e+01 1.600000000000000000e+01 4.000000000000000000e+00 0.000000000000000000e+00 1.600000000000000089e+00 -2.475000000000000203e-03 1.345999999999999974e-03 9.999959999999999960e-01 4.567720000000000113e-01 -8.895809999999999551e-01 2.328000000000000208e-03 8.895800000000000374e-01 4.567760000000000153e-01 1.585999999999999953e-03
1.000000000000000000e+00 1.010000000000000000e+02 7.000000000000000000e+00 0.000000000000000000e+00 1.600000000000000089e+00 -2.569000000000000103e-03 -1.407500000000000070e-02 9.998979999999999535e-01 8.874769999999999603e-01 4.607689999999999841e-01 8.765999999999999487e-03 -4.608450000000000046e-01 8.874090000000000034e-01 1.130699999999999934e-02
6.000000000000000000e+00 1.010000000000000000e+02 7.000000000000000000e+00 0.000000000000000000e+00 1.600000000000000089e+00 -9.409999999999999962e-04 1.168699999999999947e-02 9.999310000000000143e-01 8.859759999999999858e-01 4.637080000000000091e-01 -4.585999999999999799e-03 -4.637290000000000023e-01 8.859110000000000040e-01 -1.079100000000000024e-02
1.700000000000000000e+01 1.010000000000000000e+02 7.000000000000000000e+00 0.000000000000000000e+00 1.600000000000000089e+00 -3.049999999999999868e-04 -3.628999999999999847e-03 9.999930000000000208e-01 8.856559999999999988e-01 4.643369999999999997e-01 1.955999999999999839e-03 -4.643410000000000037e-01 8.856509999999999661e-01 3.072000000000000078e-03
2.200000000000000000e+01 1.010000000000000000e+02 7.000000000000000000e+00 0.000000000000000000e+00 1.600000000000000089e+00 -1.193999999999999966e-03 -7.153999999999999769e-03 9.999740000000000295e-01 8.858340000000000103e-01 4.639820000000000055e-01 4.376999999999999814e-03 -4.640009999999999968e-01 8.858160000000000478e-01 5.784000000000000079e-03
4.000000000000000000e+00 1.500000000000000000e+01 8.000000000000000000e+00 0.000000000000000000e+00 1.600000000000000089e+00 -1.890000000000000133e-04 1.300100000000000040e-02 -9.999149999999999983e-01 -6.164439999999999920e-01 -7.873339999999999783e-01 -1.012099999999999979e-02 -7.873989999999999601e-01 6.163899999999999935e-01 8.163000000000000117e-03
9.000000000000000000e+00 1.500000000000000000e+01 8.000000000000000000e+00 0.000000000000000000e+00 1.600000000000000089e+00 9.929999999999999591e-04 1.798699999999999952e-02 -9.998380000000000045e-01 -6.145059999999999967e-01 -7.887729999999999464e-01 -1.480000000000000066e-02 -7.889110000000000289e-01 6.144209999999999949e-01 1.026999999999999962e-02
3.000000000000000000e+00 2.500000000000000000e+01 8.000000000000000000e+00 0.000000000000000000e+00 1.600000000000000089e+00 -1.245000000000000013e-03 5.483000000000000027e-03 -9.999839999999999840e-01 4.471140000000000114e-01 8.944670000000000121e-01 4.347000000000000169e-03 8.944760000000000488e-01 -4.471010000000000262e-01 -3.565000000000000027e-03
8.000000000000000000e+00 2.500000000000000000e+01 8.000000000000000000e+00 0.000000000000000000e+00 1.600000000000000089e+00 -6.539999999999999590e-04 -1.118999999999999986e-03 -9.999989999999999712e-01 4.486809999999999965e-01 8.936910000000000132e-01 -1.293000000000000095e-03 8.936920000000000419e-01 -4.486820000000000253e-01 -8.200000000000000095e-05
1.000000000000000000e+01 2.500000000000000000e+01 8.000000000000000000e+00 0.000000000000000000e+00 1.600000000000000089e+00 -5.000000000000000240e-05 -1.724999999999999971e-03 -9.999980000000000535e-01 4.485379999999999923e-01 8.937619999999999454e-01 -1.564000000000000069e-03 8.937640000000000029e-01 -4.485370000000000190e-01 7.290000000000000473e-04
2.600000000000000000e+01 2.500000000000000000e+01 8.000000000000000000e+00 0.000000000000000000e+00 1.600000000000000089e+00 1.998000000000000210e-03 3.017000000000000150e-03 -9.999930000000000208e-01 4.465970000000000217e-01 8.947279999999999678e-01 3.592000000000000141e-03 8.947330000000000005e-01 -4.466010000000000257e-01 4.400000000000000157e-04
3.000000000000000000e+01 2.500000000000000000e+01 8.000000000000000000e+00 0.000000000000000000e+00 1.600000000000000089e+00 3.814999999999999815e-03 1.823899999999999827e-02 -9.998259999999999925e-01 4.460339999999999860e-01 8.948340000000000183e-01 1.802499999999999936e-02 8.950080000000000258e-01 -4.460250000000000048e-01 -4.721000000000000370e-03
3.000000000000000000e+00 2.400000000000000000e+01 9.000000000000000000e+00 0.000000000000000000e+00 1.600000000000000089e+00 -1.832999999999999994e-03 5.027000000000000218e-03 -9.999860000000000415e-01 4.544460000000000166e-01 8.907669999999999755e-01 3.644999999999999803e-03 8.907730000000000370e-01 -4.544320000000000026e-01 -3.917000000000000343e-03
1.000000000000000000e+01 2.400000000000000000e+01 9.000000000000000000e+00 0.000000000000000000e+00 1.600000000000000089e+00 -8.299999999999999815e-05 -2.988999999999999903e-03 -9.999959999999999960e-01 4.561000000000000054e-01 8.899249999999999661e-01 -2.697000000000000178e-03 8.899289999999999701e-01 -4.560980000000000034e-01 1.288999999999999998e-03
1.800000000000000000e+01 2.400000000000000000e+01 9.000000000000000000e+00 0.000000000000000000e+00 1.600000000000000089e+00 -1.183000000000000024e-03 -3.703000000000000128e-03 -9.999919999999999920e-01 4.545699999999999741e-01 8.907030000000000225e-01 -3.836000000000000000e-03 8.907100000000000017e-01 -4.545710000000000028e-01 6.290000000000000018e-04
2.200000000000000000e+01 2.400000000000000000e+01 9.000000000000000000e+00 0.000000000000000000e+00 1.600000000000000089e+00 -8.000000000000000383e-04 -3.825999999999999974e-03 -9.999919999999999920e-01 4.544210000000000194e-01 8.907789999999999875e-01 -3.771000000000000046e-03 8.907869999999999955e-01 -4.544199999999999906e-01 1.026000000000000002e-03
2.000000000000000000e+00 7.000000000000000000e+00 1.000000000000000000e+01 0.000000000000000000e+00 1.600000000000000089e+00 8.943800000000000361e-02 8.207699999999999718e-02 -9.926049999999999596e-01 -9.372779999999999445e-01 -3.301830000000000043e-01 -1.117549999999999932e-01 -3.369139999999999913e-01 9.403420000000000112e-01 4.739899999999999669e-02
5.000000000000000000e+00 3.500000000000000000e+01 1.200000000000000000e+01 0.000000000000000000e+00 1.600000000000000089e+00 1.363999999999999978e-03 -5.203000000000000159e-03 -9.999860000000000415e-01 4.612809999999999966e-01 -8.872379999999999711e-01 5.244999999999999662e-03 -8.872529999999999584e-01 -4.612820000000000253e-01 1.190000000000000085e-03
9.000000000000000000e+00 3.500000000000000000e+01 1.200000000000000000e+01 0.000000000000000000e+00 1.600000000000000089e+00 4.530000000000000064e-04 -5.354000000000000252e-03 -9.999860000000000415e-01 4.530390000000000250e-01 -8.914769999999999639e-01 4.978999999999999919e-03 -8.914910000000000334e-01 -4.530339999999999923e-01 2.021999999999999926e-03
1.400000000000000000e+01 3.500000000000000000e+01 1.200000000000000000e+01 0.000000000000000000e+00 1.600000000000000089e+00 -5.500000000000000331e-04 -5.192999999999999700e-03 -9.999860000000000415e-01 4.529449999999999865e-01 -8.915279999999999871e-01 4.381000000000000345e-03 -8.915380000000000527e-01 -4.529369999999999785e-01 2.843000000000000041e-03
2.200000000000000000e+01 3.500000000000000000e+01 1.200000000000000000e+01 0.000000000000000000e+00 1.600000000000000089e+00 8.490000000000000368e-04 -1.505000000000000044e-03 -9.999980000000000535e-01 4.424409999999999732e-01 -8.967960000000000376e-01 1.726000000000000104e-03 -8.967969999999999553e-01 -4.424409999999999732e-01 -9.600000000000000243e-05
2.600000000000000000e+01 3.500000000000000000e+01 1.200000000000000000e+01 0.000000000000000000e+00 1.600000000000000089e+00 -1.454999999999999913e-03 3.501999999999999905e-03 -9.999930000000000208e-01 4.358589999999999964e-01 -9.000070000000000014e-01 -3.785999999999999869e-03 -9.000139999999999807e-01 -4.358609999999999984e-01 -2.169999999999999891e-04
2.000000000000000000e+01 3.200000000000000000e+01 1.400000000000000000e+01 0.000000000000000000e+00 1.600000000000000089e+00 -9.409999999999999962e-04 1.126000000000000048e-03 -9.999989999999999712e-01 1.071560000000000012e-01 9.942419999999999591e-01 1.018999999999999941e-03 9.942419999999999591e-01 -1.071550000000000002e-01 -1.056999999999999997e-03
2.500000000000000000e+01 3.200000000000000000e+01 1.400000000000000000e+01 0.000000000000000000e+00 1.600000000000000089e+00 4.339999999999999782e-04 -3.726999999999999844e-03 -9.999930000000000208e-01 1.061399999999999982e-01 9.943440000000000056e-01 -3.660000000000000059e-03 9.943509999999999849e-01 -1.061369999999999952e-01 8.270000000000000441e-04
1.000000000000000000e+00 1.160000000000000000e+02 1.600000000000000000e+01 0.000000000000000000e+00 1.600000000000000089e+00 -2.436999999999999930e-03 6.296000000000000381e-03 9.999770000000000048e-01 7.292960000000000553e-01 6.841939999999999689e-01 -2.530000000000000131e-03 -6.841939999999999689e-01 7.292729999999999491e-01 -6.258999999999999807e-03
1.700000000000000000e+01 1.160000000000000000e+02 1.600000000000000000e+01 0.000000000000000000e+00 1.600000000000000089e+00 1.704000000000000003e-03 2.265000000000000086e-03 9.999959999999999960e-01 7.529360000000000497e-01 6.580880000000000063e-01 -2.772999999999999857e-03 -6.580909999999999815e-01 7.529379999999999962e-01 -5.839999999999999922e-04
5.000000000000000000e+00 2.000000000000000000e+00 1.900000000000000000e+01 0.000000000000000000e+00 1.600000000000000089e+00 3.099000000000000192e-03 1.899800000000000100e-02 -9.998150000000000093e-01 3.458339999999999748e-01 -9.381460000000000354e-01 -1.675400000000000153e-02 -9.382899999999999574e-01 -3.457180000000000253e-01 -9.476999999999999313e-03
8.000000000000000000e+00 2.000000000000000000e+00 1.900000000000000000e+01 0.000000000000000000e+00 1.600000000000000089e+00 3.152999999999999987e-03 3.138000000000000164e-03 -9.999900000000000455e-01 3.401170000000000027e-01 -9.403810000000000224e-01 -1.879000000000000028e-03 -9.403780000000000472e-01 -3.401080000000000214e-01 -4.033000000000000126e-03
1.500000000000000000e+01 2.000000000000000000e+00 1.900000000000000000e+01 0.000000000000000000e+00 1.600000000000000089e+00 -3.419999999999999863e-03 1.525699999999999973e-02 -9.998780000000000445e-01 3.276270000000000016e-01 -9.446790000000000465e-01 -1.553599999999999946e-02 -9.448010000000000019e-01 -3.276399999999999868e-01 -1.768000000000000040e-03
2.200000000000000000e+01 2.000000000000000000e+00 1.900000000000000000e+01 0.000000000000000000e+00 1.600000000000000089e+00 -8.019999999999999785e-04 1.941299999999999970e-02 -9.998110000000000053e-01 3.284500000000000197e-01 -9.443380000000000107e-01 -1.859999999999999848e-02 -9.445210000000000550e-01 -3.284030000000000005e-01 -5.618999999999999863e-03
2.700000000000000000e+01 2.000000000000000000e+00 1.900000000000000000e+01 0.000000000000000000e+00 1.600000000000000089e+00 6.740000000000000114e-04 3.893999999999999892e-03 -9.999919999999999920e-01 3.259090000000000042e-01 -9.453949999999999854e-01 -3.461000000000000101e-03 -9.454010000000000469e-01 -3.259040000000000270e-01 -1.907000000000000058e-03
1.000000000000000000e+01 3.000000000000000000e+00 1.900000000000000000e+01 0.000000000000000000e+00 1.600000000000000089e+00 6.880000000000000265e-04 4.478000000000000209e-03 -9.999900000000000455e-01 3.084549999999999792e-01 -9.512300000000000200e-01 -4.048000000000000383e-03 -9.512389999999999457e-01 -3.084489999999999732e-01 -2.034999999999999917e-03
2.100000000000000000e+01 3.000000000000000000e+00 1.900000000000000000e+01 0.000000000000000000e+00 1.600000000000000089e+00 -1.345999999999999974e-03 1.847800000000000137e-02 -9.998280000000000500e-01 3.000249999999999861e-01 -9.537609999999999699e-01 -1.803099999999999842e-02 -9.539309999999999734e-01 -2.999970000000000137e-01 -4.259999999999999898e-03
2.000000000000000000e+00 1.300000000000000000e+01 2.000000000000000000e+01 0.000000000000000000e+00 1.600000000000000089e+00 1.781000000000000031e-03 1.639000000000000049e-03 9.999970000000000248e-01 2.586280000000000245e-01 9.659750000000000281e-01 -2.043999999999999810e-03 -9.659750000000000281e-01 2.586309999999999998e-01 1.296000000000000060e-03
5.000000000000000000e+00 1.300000000000000000e+01 2.000000000000000000e+01 0.000000000000000000e+00 1.600000000000000089e+00 1.632999999999999903e-03 -1.521999999999999915e-03 9.999970000000000248e-01 2.584060000000000246e-01 9.660360000000000058e-01 1.049000000000000019e-03 -9.660349999999999770e-01 2.584029999999999938e-01 1.971000000000000096e-03
9.000000000000000000e+00 1.300000000000000000e+01 2.000000000000000000e+01 0.000000000000000000e+00 1.600000000000000089e+00 4.350000000000000026e-04 8.329999999999999731e-04 1.000000000000000000e+00 2.589730000000000087e-01 9.658839999999999648e-01 -9.169999999999999549e-04 -9.658849999999999936e-01 2.589730000000000087e-01 2.039999999999999984e-04
1.300000000000000000e+01 1.300000000000000000e+01 2.000000000000000000e+01 0.000000000000000000e+00 1.600000000000000089e+00 -4.000000000000000327e-05 6.340000000000000149e-04 1.000000000000000000e+00 2.603489999999999971e-01 9.655139999999999834e-01 -6.019999999999999961e-04 -9.655150000000000121e-01 2.603489999999999971e-01 -2.030000000000000012e-04
1.600000000000000000e+01 1.300000000000000000e+01 2.000000000000000000e+01 0.000000000000000000e+00 1.600000000000000089e+00 -6.310000000000000504e-04 -3.213999999999999843e-03 9.999949999999999672e-01 2.604730000000000101e-01 9.654760000000000009e-01 3.266999999999999939e-03 -9.654810000000000336e-01 2.604739999999999833e-01 2.280000000000000126e-04
2.100000000000000000e+01 1.300000000000000000e+01 2.000000000000000000e+01 0.000000000000000000e+00 1.600000000000000089e+00 -1.311000000000000099e-03 -6.669999999999999497e-04 9.999989999999999712e-01 2.622849999999999904e-01 9.649900000000000144e-01 9.870000000000000301e-04 -9.649900000000000144e-01 2.622860000000000191e-01 -1.090999999999999956e-03
2.800000000000000000e+01 1.300000000000000000e+01 2.000000000000000000e+01 0.000000000000000000e+00 1.600000000000000089e+00 -4.090000000000000211e-04 4.459999999999999989e-04 1.000000000000000000e+00 2.624380000000000046e-01 9.649489999999999457e-01 -3.229999999999999907e-04 -9.649489999999999457e-01 2.624380000000000046e-01 -5.109999999999999525e-04
1.900000000000000000e+01 5.000000000000000000e+01 2.200000000000000000e+01 0.000000000000000000e+00 1.600000000000000089e+00 -7.200000000000000182e-05 1.832999999999999994e-03 -9.999980000000000535e-01 -5.622920000000000140e-01 8.269379999999999509e-01 1.557000000000000007e-03 8.269389999999999796e-01 5.622909999999999853e-01 9.709999999999999664e-04
2.800000000000000000e+01 5.000000000000000000e+01 2.200000000000000000e+01 0.000000000000000000e+00 1.600000000000000089e+00 -3.883000000000000167e-03 -1.110000000000000092e-03 -9.999919999999999920e-01 -5.669100000000000250e-01 8.237790000000000390e-01 1.286999999999999950e-03 8.237710000000000310e-01 5.669100000000000250e-01 -3.827999999999999806e-03
6.000000000000000000e+00 2.000000000000000000e+00 2.500000000000000000e+01 0.000000000000000000e+00 1.600000000000000089e+00 -9.269999999999999811e-04 -2.400000000000000061e-04 1.000000000000000000e+00 7.892399999999999416e-02 -9.968810000000000171e-01 -1.659999999999999963e-04 9.968799999999999883e-01 7.892299999999999316e-02 9.430000000000000448e-04
1.000000000000000000e+01 2.000000000000000000e+00 2.500000000000000000e+01 0.000000000000000000e+00 1.600000000000000089e+00 -5.509999999999999490e-04 -6.800999999999999754e-03 9.999770000000000048e-01 6.750200000000000644e-02 -9.976960000000000273e-01 -6.748999999999999791e-03 9.977190000000000225e-01 6.749700000000000144e-02 1.008999999999999914e-03
1.000000000000000000e+00 3.000000000000000000e+00 2.500000000000000000e+01 0.000000000000000000e+00 1.600000000000000089e+00 -1.459000000000000010e-03 2.026499999999999829e-02 9.997939999999999605e-01 -1.349500000000000005e-02 -9.997040000000000370e-01 2.024400000000000158e-02 9.999080000000000190e-01 -1.346200000000000001e-02 1.732000000000000033e-03
1.100000000000000000e+01 3.000000000000000000e+00 2.500000000000000000e+01 0.000000000000000000e+00 1.600000000000000089e+00 -1.159000000000000091e-03 -3.778999999999999807e-03 9.999919999999999920e-01 -1.711000000000000021e-02 -9.998460000000000125e-01 -3.798000000000000161e-03 9.998529999999999918e-01 -1.711400000000000074e-02 1.093999999999999920e-03
1.600000000000000000e+01 3.000000000000000000e+00 2.500000000000000000e+01 0.000000000000000000e+00 1.600000000000000089e+00 -4.964999999999999795e-03 1.391200000000000075e-02 9.998909999999999743e-01 -1.382599999999999975e-02 -9.998089999999999478e-01 1.384299999999999940e-02 9.998920000000000030e-01 -1.375600000000000087e-02 5.157000000000000126e-03
2.200000000000000000e+01 3.000000000000000000e+00 2.500000000000000000e+01 0.000000000000000000e+00 1.600000000000000089e+00 -3.340000000000000087e-03 8.888000000000000067e-03 9.999550000000000383e-01 -3.465000000000000198e-03 -9.999550000000000383e-01 8.876000000000000209e-03 9.999879999999999880e-01 -3.435999999999999818e-03 3.370000000000000166e-03
2.600000000000000000e+01 3.000000000000000000e+00 2.500000000000000000e+01 0.000000000000000000e+00 1.600000000000000089e+00 -2.919999999999999961e-04 -9.259999999999999568e-04 1.000000000000000000e+00 -1.827999999999999981e-03 -9.999980000000000535e-01 -9.259999999999999568e-04 9.999980000000000535e-01 -1.827999999999999981e-03 2.910000000000000260e-04
2.800000000000000000e+01 4.600000000000000000e+01 2.700000000000000000e+01 0.000000000000000000e+00 1.600000000000000089e+00 6.880000000000000265e-04 3.409000000000000138e-03 -9.999940000000000495e-01 6.649570000000000203e-01 7.468749999999999556e-01 3.004000000000000160e-03 7.468810000000000171e-01 -6.649559999999999915e-01 -1.753000000000000001e-03
1.300000000000000000e+01 4.600000000000000000e+01 3.000000000000000000e+01 0.000000000000000000e+00 1.600000000000000089e+00 -1.765999999999999992e-03 -2.252999999999999794e-03 -9.999959999999999960e-01 3.324909999999999810e-01 9.431019999999999959e-01 -2.712000000000000001e-03 9.431049999999999711e-01 -3.324949999999999850e-01 -9.169999999999999549e-04
2.000000000000000000e+01 4.600000000000000000e+01 3.000000000000000000e+01 0.000000000000000000e+00 1.600000000000000089e+00 1.099999999999999971e-05 -1.110000000000000011e-04 -1.000000000000000000e+00 3.352350000000000052e-01 9.421349999999999447e-01 -1.010000000000000020e-04 9.421349999999999447e-01 -3.352350000000000052e-01 4.699999999999999724e-05
3.000000000000000000e+00 5.800000000000000000e+01 3.100000000000000000e+01 0.000000000000000000e+00 1.600000000000000089e+00 -2.474000000000000071e-03 -1.897999999999999948e-03 9.999949999999999672e-01 -7.593870000000000342e-01 -6.506319999999999881e-01 -3.114000000000000015e-03 6.506340000000000456e-01 -7.593910000000000382e-01 1.689999999999999879e-04
9.000000000000000000e+00 5.800000000000000000e+01 3.100000000000000000e+01 0.000000000000000000e+00 1.600000000000000089e+00 -4.380000000000000213e-04 1.843999999999999936e-03 9.999980000000000535e-01 -7.596640000000000059e-01 -6.503160000000000052e-01 8.660000000000000163e-04 6.503160000000000052e-01 -7.596619999999999484e-01 1.685999999999999999e-03
1.200000000000000000e+01 5.800000000000000000e+01 3.100000000000000000e+01 0.000000000000000000e+00 1.600000000000000089e+00 5.452000000000000249e-03 7.002999999999999677e-03 9.999609999999999888e-01 -7.600949999999999651e-01 -6.497540000000000537e-01 8.694999999999999604e-03 6.497889999999999500e-01 -7.601120000000000099e-01 1.781000000000000031e-03
2.000000000000000000e+01 5.800000000000000000e+01 3.100000000000000000e+01 0.000000000000000000e+00 1.600000000000000089e+00 3.667000000000000121e-03 5.171000000000000249e-03 9.999799999999999800e-01 -7.571759999999999602e-01 -6.531820000000000404e-01 6.153999999999999748e-03 6.532010000000000316e-01 -7.571830000000000505e-01 1.520000000000000084e-03
6.000000000000000000e+00 4.600000000000000000e+01 3.500000000000000000e+01 0.000000000000000000e+00 1.600000000000000089e+00 4.519999999999999821e-04 -5.407000000000000348e-03 -9.999850000000000128e-01 3.894460000000000144e-01 -9.210350000000000481e-01 5.155999999999999993e-03 -9.210490000000000066e-01 -3.894420000000000104e-01 1.688999999999999963e-03
1.400000000000000000e+01 4.600000000000000000e+01 3.500000000000000000e+01 0.000000000000000000e+00 1.600000000000000089e+00 4.589999999999999896e-04 9.849999999999999815e-04 -9.999989999999999712e-01 3.937820000000000209e-01 -9.192040000000000211e-01 -7.240000000000000342e-04 -9.192040000000000211e-01 -3.937809999999999921e-01 -8.099999999999999561e-04
1.800000000000000000e+01 4.600000000000000000e+01 3.500000000000000000e+01 0.000000000000000000e+00 1.600000000000000089e+00 5.590000000000000351e-04 -1.590999999999999966e-03 -9.999989999999999712e-01 3.926200000000000245e-01 -9.196990000000000443e-01 1.683000000000000034e-03 -9.197009999999999907e-01 -3.926200000000000245e-01 1.110000000000000011e-04
2.100000000000000000e+01 4.600000000000000000e+01 3.500000000000000000e+01 0.000000000000000000e+00 1.600000000000000089e+00 -1.520000000000000084e-04 -2.429999999999999868e-03 -9.999970000000000248e-01 3.926560000000000050e-01 -9.196830000000000283e-01 2.174999999999999850e-03 -9.196849999999999747e-01 -3.926540000000000030e-01 1.095000000000000053e-03
2.900000000000000000e+01 4.600000000000000000e+01 3.500000000000000000e+01 0.000000000000000000e+00 1.600000000000000089e+00 -3.420000000000000188e-04 2.358999999999999986e-03 -9.999970000000000248e-01 3.909830000000000250e-01 -9.203949999999999632e-01 -2.305000000000000191e-03 -9.203980000000000494e-01 -3.909830000000000250e-01 -6.080000000000000335e-04
4.000000000000000000e+00 3.000000000000000000e+00 4.300000000000000000e+01 0.000000000000000000e+00 1.600000000000000089e+00 7.579999999999999932e-04 5.158000000000000258e-03 -9.999860000000000415e-01 7.404410000000000158e-01 -6.721150000000000180e-01 -2.906000000000000163e-03 -6.721209999999999685e-01 -7.404290000000000038e-01 -4.329000000000000382e-03
1.200000000000000000e+01 3.000000000000000000e+00 4.300000000000000000e+01 0.000000000000000000e+00 1.600000000000000089e+00 -2.877999999999999916e-03 -4.649999999999999620e-03 -9.999850000000000128e-01 7.406760000000000010e-01 -6.718610000000000415e-01 9.920000000000000432e-04 -6.718560000000000088e-01 -7.406620000000000426e-01 5.377999999999999968e-03
2.100000000000000000e+01 3.000000000000000000e+00 4.300000000000000000e+01 0.000000000000000000e+00 1.600000000000000089e+00 -5.000000000000000409e-06 -1.037000000000000074e-02 -9.999460000000000015e-01 7.439299999999999802e-01 -6.682219999999999827e-01 6.925999999999999865e-03 -6.682580000000000187e-01 -7.438900000000000512e-01 7.719000000000000167e-03
2.700000000000000000e+01 3.000000000000000000e+00 4.300000000000000000e+01 0.000000000000000000e+00 1.600000000000000089e+00 -5.250000000000000326e-03 -1.384699999999999993e-02 -9.998899999999999455e-01 7.406909999999999883e-01 -6.718239999999999768e-01 5.414000000000000409e-03 -6.718250000000000055e-01 -7.405819999999999625e-01 1.378300000000000011e-02
4.000000000000000000e+00 8.000000000000000000e+00 4.400000000000000000e+01 0.000000000000000000e+00 1.600000000000000089e+00 1.245000000000000013e-03 -9.219999999999999680e-04 9.999989999999999712e-01 -7.857389999999999652e-01 -6.185589999999999700e-01 4.070000000000000267e-04 6.185580000000000522e-01 -7.857380000000000475e-01 -1.495000000000000018e-03
8.000000000000000000e+00 8.000000000000000000e+00 4.400000000000000000e+01 0.000000000000000000e+00 1.600000000000000089e+00 4.510000000000000120e-04 2.344000000000000163e-03 9.999970000000000248e-01 -7.891460000000000141e-01 -6.142030000000000545e-01 1.796000000000000070e-03 6.142060000000000297e-01 -7.891449999999999854e-01 1.572999999999999962e-03
2.300000000000000000e+01 8.000000000000000000e+00 4.400000000000000000e+01 0.000000000000000000e+00 1.600000000000000089e+00 -1.830000000000000029e-04 -2.729000000000000089e-03 9.999959999999999960e-01 -7.833449999999999580e-01 -6.215850000000000541e-01 -1.840000000000000056e-03 6.215870000000000006e-01 -7.833419999999999828e-01 -2.024000000000000191e-03
5.000000000000000000e+00 2.900000000000000000e+01 4.400000000000000000e+01 0.000000000000000000e+00 1.600000000000000089e+00 7.190000000000000210e-04 -1.825999999999999932e-03 -9.999980000000000535e-01 6.598530000000000229e-01 7.513940000000000063e-01 -8.980000000000000352e-04 7.513940000000000063e-01 -6.598509999999999653e-01 1.745000000000000023e-03
8.000000000000000000e+00 2.900000000000000000e+01 4.400000000000000000e+01 0.000000000000000000e+00 1.600000000000000089e+00 -1.099999999999999971e-05 -3.520999999999999824e-03 -9.999940000000000495e-01 6.602059999999999595e-01 7.510799999999999699e-01 -2.651999999999999844e-03 7.510850000000000026e-01 -6.602019999999999555e-01 2.317000000000000049e-03
1.200000000000000000e+01 2.900000000000000000e+01 4.400000000000000000e+01 0.000000000000000000e+00 1.600000000000000089e+00 -9.619999999999999645e-04 -1.596999999999999895e-03 -9.999980000000000535e-01 6.589599999999999902e-01 7.521759999999999557e-01 -1.835000000000000043e-03 7.521769999999999845e-01 -6.589610000000000190e-01 3.289999999999999739e-04
1.800000000000000000e+01 2.900000000000000000e+01 4.400000000000000000e+01 0.000000000000000000e+00 1.600000000000000089e+00 1.110000000000000011e-04 -1.335000000000000032e-03 -9.999989999999999712e-01 6.583780000000000188e-01 7.526869999999999949e-01 -9.319999999999999942e-04 7.526869999999999949e-01 -6.583780000000000188e-01 9.619999999999999645e-04
2.200000000000000000e+01 2.900000000000000000e+01 4.400000000000000000e+01 0.000000000000000000e+00 1.600000000000000089e+00 7.069999999999999462e-04 -2.559999999999999884e-04 -1.000000000000000000e+00 6.598389999999999533e-01 7.514070000000000471e-01 2.739999999999999923e-04 7.514060000000000183e-01 -6.598389999999999533e-01 6.999999999999999929e-04
2.700000000000000000e+01 2.900000000000000000e+01 4.400000000000000000e+01 0.000000000000000000e+00 1.600000000000000089e+00 -4.199999999999999768e-05 3.118999999999999811e-03 -9.999949999999999672e-01 6.543619999999999992e-01 7.561780000000000168e-01 2.331000000000000173e-03 7.561809999999999921e-01 -6.543590000000000240e-01 -2.073000000000000190e-03
1.200000000000000000e+01 6.500000000000000000e+01 4.600000000000000000e+01 0.000000000000000000e+00 1.600000000000000089e+00 1.449999999999999900e-03 -1.981999999999999821e-03 9.999970000000000248e-01 6.779669999999999863e-01 -7.350879999999999637e-01 -2.439999999999999895e-03 7.350910000000000499e-01 6.779690000000000438e-01 2.779999999999999811e-04
7.000000000000000000e+00 7.000000000000000000e+01 4.700000000000000000e+01 0.000000000000000000e+00 1.600000000000000089e+00 -8.030000000000000028e-04 -1.484000000000000076e-03 -9.999989999999999712e-01 -8.421340000000000492e-01 -5.392670000000000519e-01 1.476000000000000098e-03 -5.392679999999999696e-01 8.421340000000000492e-01 -8.170000000000000179e-04
2.500000000000000000e+01 7.400000000000000000e+01 4.900000000000000000e+01 0.000000000000000000e+00 1.600000000000000089e+00 1.786999999999999960e-03 -5.329999999999999669e-03 9.999839999999999840e-01 -9.820750000000000313e-01 1.884709999999999996e-01 2.759000000000000168e-03 -1.884830000000000116e-01 -9.820640000000000480e-01 -4.897999999999999576e-03
1.100000000000000000e+01 5.000000000000000000e+00 5.100000000000000000e+01 0.000000000000000000e+00 1.600000000000000089e+00 -1.268999999999999946e-03 -1.255999999999999955e-03 -9.999980000000000535e-01 4.857690000000000063e-01 -8.740869999999999473e-01 4.820000000000000066e-04 -8.740860000000000296e-01 -4.857670000000000043e-01 1.719000000000000042e-03
1.400000000000000000e+01 5.000000000000000000e+00 5.100000000000000000e+01 0.000000000000000000e+00 1.600000000000000089e+00 -1.768000000000000040e-03 -7.450000000000000025e-04 -9.999980000000000535e-01 4.937150000000000150e-01 -8.696239999999999526e-01 -2.239999999999999966e-04 -8.696220000000000061e-01 -4.937150000000000150e-01 1.905000000000000009e-03
1.700000000000000000e+01 5.000000000000000000e+00 5.100000000000000000e+01 0.000000000000000000e+00 1.600000000000000089e+00 -3.122000000000000209e-03 1.379999999999999933e-04 -9.999949999999999672e-01 4.942300000000000026e-01 -8.693300000000000471e-01 -1.662999999999999982e-03 -8.693260000000000431e-01 -4.942320000000000046e-01 2.645999999999999915e-03
2.200000000000000000e+01 5.000000000000000000e+00 5.100000000000000000e+01 0.000000000000000000e+00 1.600000000000000089e+00 -3.919999999999999873e-04 -2.252999999999999794e-03 -9.999970000000000248e-01 4.901579999999999826e-01 -8.716319999999999624e-01 1.771999999999999921e-03 -8.716329999999999911e-01 -4.901559999999999806e-01 1.446000000000000020e-03
1.000000000000000000e+00 1.150000000000000000e+02 5.100000000000000000e+01 0.000000000000000000e+00 1.600000000000000089e+00 2.128000000000000117e-03 4.715999999999999706e-03 9.999869999999999592e-01 8.440469999999999917e-01 -5.362689999999999957e-01 7.330000000000000361e-04 5.362649999999999917e-01 8.440339999999999510e-01 -5.121999999999999817e-03
5.000000000000000000e+00 6.300000000000000000e+01 5.400000000000000000e+01 0.000000000000000000e+00 1.600000000000000089e+00 -1.069000000000000072e-03 1.721000000000000090e-03 9.999980000000000535e-01 -3.416500000000000092e-01 9.398250000000000215e-01 -1.982999999999999954e-03 -9.398269999999999680e-01 -3.416520000000000112e-01 -4.169999999999999987e-04
1.000000000000000000e+01 6.300000000000000000e+01 5.400000000000000000e+01 0.000000000000000000e+00 1.600000000000000089e+00 -1.097000000000000102e-03 1.505999999999999960e-03 9.999980000000000535e-01 -3.381759999999999766e-01 9.410809999999999453e-01 -1.788000000000000093e-03 -9.410819999999999741e-01 -3.381779999999999786e-01 -5.240000000000000517e-04
1.700000000000000000e+01 6.300000000000000000e+01 5.400000000000000000e+01 0.000000000000000000e+00 1.600000000000000089e+00 2.952000000000000197e-03 5.259999999999999919e-03 9.999820000000000375e-01 -3.379369999999999874e-01 9.411599999999999966e-01 -3.952999999999999917e-03 -9.411640000000000006e-01 -3.379190000000000249e-01 4.556000000000000154e-03
2.400000000000000000e+01 6.300000000000000000e+01 5.400000000000000000e+01 0.000000000000000000e+00 1.600000000000000089e+00 -6.149999999999999868e-04 -4.860999999999999870e-03 9.999879999999999880e-01 -3.456199999999999828e-01 9.383639999999999759e-01 4.348000000000000302e-03 -9.383740000000000414e-01 -3.456130000000000035e-01 -2.256999999999999892e-03
2.800000000000000000e+01 6.300000000000000000e+01 5.400000000000000000e+01 0.000000000000000000e+00 1.600000000000000089e+00 -1.005000000000000034e-03 -6.080999999999999600e-03 9.999810000000000088e-01 -3.473379999999999801e-01 9.377250000000000307e-01 5.354000000000000252e-03 -9.377389999999999892e-01 -3.473269999999999968e-01 -3.054999999999999990e-03
7.000000000000000000e+00 2.500000000000000000e+01 5.500000000000000000e+01 0.000000000000000000e+00 1.600000000000000089e+00 9.430000000000000448e-04 3.236999999999999860e-03 -9.999940000000000495e-01 -1.306099999999999969e-02 -9.999090000000000478e-01 -3.249000000000000152e-03 -9.999139999999999695e-01 1.306399999999999922e-02 -8.999999999999999754e-04
1.500000000000000000e+01 2.500000000000000000e+01 5.500000000000000000e+01 0.000000000000000000e+00 1.600000000000000089e+00 -2.056000000000000102e-03 -1.861999999999999940e-03 -9.999959999999999960e-01 -1.338699999999999959e-02 -9.999090000000000478e-01 1.889000000000000054e-03 -9.999080000000000190e-01 1.339100000000000013e-02 2.030999999999999819e-03
1.900000000000000000e+01 2.500000000000000000e+01 5.500000000000000000e+01 0.000000000000000000e+00 1.600000000000000089e+00 1.126000000000000048e-03 1.575000000000000011e-03 -9.999980000000000535e-01 -1.203300000000000029e-02 -9.999259999999999815e-01 -1.588999999999999918e-03 -9.999270000000000103e-01 1.203399999999999956e-02 -1.106999999999999911e-03
2.500000000000000000e+01 2.500000000000000000e+01 5.500000000000000000e+01 0.000000000000000000e+00 1.600000000000000089e+00 5.739999999999999660e-04 8.750000000000000182e-04 -9.999989999999999712e-01 -1.078299999999999918e-02 -9.999409999999999688e-01 -8.809999999999999472e-04 -9.999419999999999975e-01 1.078400000000000018e-02 -5.649999999999999641e-04
2.900000000000000000e+01 2.500000000000000000e+01 5.500000000000000000e+01 0.000000000000000000e+00 1.600000000000000089e+00 -4.040000000000000080e-04 -3.010999999999999788e-03 -9.999949999999999672e-01 -1.126500000000000071e-02 -9.999320000000000430e-01 3.016000000000000018e-03 -9.999360000000000470e-01 1.126599999999999997e-02 3.699999999999999947e-04
5.000000000000000000e+00 2.100000000000000000e+01 6.000000000000000000e+01 0.000000000000000000e+00 1.600000000000000089e+00 -1.227999999999999925e-03 3.815999999999999948e-03 9.999919999999999920e-01 -9.390400000000000136e-02 9.955739999999999590e-01 -3.913999999999999944e-03 -9.955800000000000205e-01 -9.390800000000000536e-02 -8.639999999999999677e-04
1.400000000000000000e+01 2.100000000000000000e+01 6.000000000000000000e+01 0.000000000000000000e+00 1.600000000000000089e+00 5.240000000000000517e-04 -2.750000000000000166e-04 1.000000000000000000e+00 -9.332300000000000317e-02 9.956359999999999655e-01 3.229999999999999907e-04 -9.956359999999999655e-01 -9.332300000000000317e-02 4.960000000000000216e-04
1.900000000000000000e+01 2.100000000000000000e+01 6.000000000000000000e+01 0.000000000000000000e+00 1.600000000000000089e+00 -1.691000000000000012e-03 4.119000000000000265e-03 9.999900000000000455e-01 -9.517699999999999771e-02 9.954509999999999748e-01 -4.261000000000000031e-03 -9.954589999999999828e-01 -9.518300000000000372e-02 -1.291000000000000047e-03
2.600000000000000000e+01 2.100000000000000000e+01 6.000000000000000000e+01 0.000000000000000000e+00 1.600000000000000089e+00 -6.080000000000000335e-04 6.849999999999999535e-04 1.000000000000000000e+00 -9.171700000000000685e-02 9.957850000000000312e-01 -7.370000000000000249e-04 -9.957850000000000312e-01 -9.171700000000000685e-02 -5.419999999999999471e-04
3.000000000000000000e+01 2.100000000000000000e+01 6.000000000000000000e+01 0.000000000000000000e+00 1.600000000000000089e+00 7.209999999999999612e-04 4.851000000000000277e-03 9.999879999999999880e-01 -9.168500000000000261e-02 9.957770000000000232e-01 -4.765000000000000138e-03 -9.957880000000000065e-01 -9.167999999999999761e-02 1.162999999999999971e-03
2.200000000000000000e+01 6.700000000000000000e+01 6.000000000000000000e+01 0.000000000000000000e+00 1.600000000000000089e+00 1.773000000000000053e-03 8.400000000000000348e-04 9.999980000000000535e-01 1.736929999999999863e-01 -9.848000000000000087e-01 5.190000000000000386e-04 9.847979999999999512e-01 1.736920000000000130e-01 -1.892000000000000019e-03
1.300000000000000000e+01 3.000000000000000000e+00 6.300000000000000000e+01 0.000000000000000000e+00 1.600000000000000089e+00 -1.020000000000000073e-03 3.723000000000000181e-03 9.999930000000000208e-01 -6.113250000000000073e-01 7.913719999999999644e-01 -3.569999999999999823e-03 -7.913790000000000546e-01 -6.113239999999999785e-01 1.469000000000000037e-03
6.000000000000000000e+00 2.700000000000000000e+01 6.300000000000000000e+01 0.000000000000000000e+00 1.600000000000000089e+00 -2.524999999999999901e-03 -2.017999999999999829e-03 9.999949999999999672e-01 -2.778669999999999751e-01 9.606190000000000007e-01 1.237000000000000035e-03 -9.606160000000000254e-01 -2.778619999999999979e-01 -2.985999999999999939e-03
1.000000000000000000e+01 2.700000000000000000e+01 6.300000000000000000e+01 0.000000000000000000e+00 1.600000000000000089e+00 1.049000000000000019e-03 -5.883000000000000208e-03 9.999820000000000375e-01 -2.804459999999999731e-01 9.598520000000000385e-01 5.941000000000000100e-03 -9.598689999999999722e-01 -2.804470000000000018e-01 -6.430000000000000169e-04
1.700000000000000000e+01 2.700000000000000000e+01 6.300000000000000000e+01 0.000000000000000000e+00 1.600000000000000089e+00 -1.177000000000000095e-03 -6.660000000000000338e-04 9.999989999999999712e-01 -2.820570000000000022e-01 9.593979999999999730e-01 3.069999999999999812e-04 -9.593970000000000553e-01 -2.820559999999999734e-01 -1.317000000000000028e-03
2.800000000000000000e+01 2.700000000000000000e+01 6.300000000000000000e+01 0.000000000000000000e+00 1.600000000000000089e+00 2.900000000000000017e-05 -3.550999999999999903e-03 9.999940000000000495e-01 -2.766489999999999783e-01 9.609649999999999581e-01 3.420999999999999996e-03 -9.609710000000000196e-01 -2.766469999999999763e-01 -9.539999999999999869e-04
4.000000000000000000e+00 2.600000000000000000e+01 6.400000000000000000e+01 0.000000000000000000e+00 1.600000000000000089e+00 -1.510000000000000057e-03 -5.199999999999999680e-05 9.999989999999999712e-01 -3.642739999999999867e-01 9.312920000000000087e-01 -5.019999999999999506e-04 -9.312909999999999799e-01 -3.642750000000000155e-01 -1.425000000000000051e-03
1.200000000000000000e+01 2.600000000000000000e+01 6.400000000000000000e+01 0.000000000000000000e+00 1.600000000000000089e+00 3.668999999999999952e-03 -6.462999999999999995e-03 9.999719999999999720e-01 -3.725640000000000063e-01 9.279770000000000518e-01 7.365000000000000019e-03 -9.279990000000000183e-01 -3.725809999999999955e-01 9.970000000000000563e-04
1.600000000000000000e+01 2.600000000000000000e+01 6.400000000000000000e+01 0.000000000000000000e+00 1.600000000000000089e+00 -7.709999999999999840e-04 -3.220000000000000206e-03 9.999949999999999672e-01 -3.729310000000000125e-01 9.278549999999999853e-01 2.700000000000000143e-03 -9.278589999999999893e-01 -3.729270000000000085e-01 -1.915999999999999951e-03
2.000000000000000000e+01 2.600000000000000000e+01 6.400000000000000000e+01 0.000000000000000000e+00 1.600000000000000089e+00 -2.889999999999999774e-04 -3.004999999999999859e-03 9.999949999999999672e-01 -3.681369999999999920e-01 9.297680000000000389e-01 2.687000000000000152e-03 -9.297710000000000141e-01 -3.681349999999999900e-01 -1.374999999999999920e-03
2.900000000000000000e+01 2.600000000000000000e+01 6.400000000000000000e+01 0.000000000000000000e+00 1.600000000000000089e+00 8.450000000000000479e-04 -3.335999999999999990e-03 9.999940000000000495e-01 -3.690019999999999967e-01 9.294219999999999704e-01 3.412000000000000102e-03 -9.294280000000000319e-01 -3.690030000000000254e-01 -4.459999999999999989e-04
7.000000000000000000e+00 6.900000000000000000e+01 6.600000000000000000e+01 0.000000000000000000e+00 1.600000000000000089e+00 -2.015999999999999997e-03 2.017000000000000130e-03 9.999959999999999960e-01 -9.487659999999999982e-01 3.159680000000000266e-01 -2.550000000000000183e-03 -3.159719999999999751e-01 -9.487679999999999447e-01 1.276000000000000007e-03
1.200000000000000000e+01 6.900000000000000000e+01 6.600000000000000000e+01 0.000000000000000000e+00 1.600000000000000089e+00 -4.087999999999999620e-03 4.481999999999999873e-03 9.999820000000000375e-01 -9.500330000000000163e-01 3.121059999999999945e-01 -5.283000000000000369e-03 -3.121229999999999838e-01 -9.500370000000000203e-01 2.981999999999999842e-03
1.900000000000000000e+01 6.900000000000000000e+01 6.600000000000000000e+01 0.000000000000000000e+00 1.600000000000000089e+00 -5.069999999999999637e-04 -5.370999999999999906e-03 9.999850000000000128e-01 -9.512720000000000065e-01 3.083489999999999842e-01 1.173999999999999913e-03 -3.083509999999999862e-01 -9.512580000000000480e-01 -5.265999999999999848e-03
