2.000000000000000000e+00 1.500000000000000000e+01 4.000000000000000000e+00 0.000000000000000000e+00 1.600000000000000089e+00 4.786999999999999589e-03 1.555400000000000012e-02 9.998679999999999790e-01 2.891259999999999941e-01 -9.571960000000000468e-01 1.350600000000000064e-02 9.572789999999999910e-01 2.890229999999999744e-01 -9.079000000000000264e-03
7.000000000000000000e+00 1.500000000000000000e+01 4.000000000000000000e+00 0.000000000000000000e+00 1.600000000000000089e+00 -1.663999999999999898e-03 -6.537000000000000276e-03 9.999770000000000048e-01 2.869010000000000171e-01 -9.579429999999999890e-01 -5.785000000000000211e-03 9.579590000000000050e-01 2.868850000000000011e-01 3.468999999999999861e-03
1.100000000000000000e+01 1.500000000000000000e+01 4.000000000000000000e+00 0.000000000000000000e+00 1.600000000000000089e+00 -5.212999999999999752e-03 -3.491999999999999878e-03 9.999799999999999800e-01 2.887560000000000127e-01 -9.574009999999999465e-01 -1.838000000000000007e-03 9.573890000000000455e-01 2.887399999999999967e-01 5.998999999999999992e-03
1.700000000000000000e+01 1.500000000000000000e+01 4.000000000000000000e+00 0.000000000000000000e+00 1.600000000000000089e+00 -6.808999999999999948e-03 1.134699999999999945e-02 9.999120000000000230e-01 2.867700000000000249e-01 -9.579140000000000432e-01 1.282299999999999933e-02 9.579750000000000210e-01 2.868319999999999759e-01 3.268000000000000071e-03
3.000000000000000000e+00 1.010000000000000000e+02 7.000000000000000000e+00 0.000000000000000000e+00 1.600000000000000089e+00 -2.343000000000000031e-03 -1.831800000000000095e-02 9.998289999999999678e-01 8.863790000000000280e-01 4.628399999999999737e-01 1.055700000000000041e-02 -4.629539999999999766e-01 8.862529999999999575e-01 1.515200000000000054e-02
1.100000000000000000e+01 1.010000000000000000e+02 7.000000000000000000e+00 0.000000000000000000e+00 1.600000000000000089e+00 1.394000000000000057e-03 1.412199999999999914e-02 9.998989999999999823e-01 8.855480000000000018e-01 4.644820000000000060e-01 -7.793999999999999713e-03 -4.645449999999999857e-01 8.854699999999999793e-01 -1.185800000000000048e-02
2.300000000000000000e+01 1.010000000000000000e+02 7.000000000000000000e+00 0.000000000000000000e+00 1.600000000000000089e+00 2.615999999999999836e-03 -4.827999999999999826e-03 9.999850000000000128e-01 8.882849999999999913e-01 4.592930000000000068e-01 -1.060000000000000016e-04 -4.592860000000000276e-01 8.882719999999999505e-01 5.490000000000000088e-03
4.000000000000000000e+00 1.500000000000000000e+01 8.000000000000000000e+00 0.000000000000000000e+00 1.600000000000000089e+00 2.310000000000000042e-04 4.420999999999999583e-03 -9.999900000000000455e-01 -5.841669999999999918e-01 -8.116250000000000409e-01 -3.723000000000000181e-03 -8.116330000000000489e-01 5.841619999999999591e-01 2.394999999999999993e-03
1.100000000000000000e+01 1.500000000000000000e+01 8.000000000000000000e+00 0.000000000000000000e+00 1.600000000000000089e+00 1.472999999999999917e-03 -3.471999999999999826e-03 -9.999930000000000208e-01 -5.822920000000000318e-01 -8.129769999999999497e-01 1.965000000000000167e-03 -8.129779999999999784e-01 5.822850000000000525e-01 -3.219000000000000073e-03
1.700000000000000000e+01 1.500000000000000000e+01 8.000000000000000000e+00 0.000000000000000000e+00 1.600000000000000089e+00 1.012599999999999958e-02 9.494000000000000702e-03 -9.999040000000000150e-01 -5.783420000000000227e-01 -8.156809999999999894e-01 -1.360100000000000024e-02 -8.157320000000000126e-01 5.784240000000000492e-01 -2.769000000000000194e-03
2.200000000000000000e+01 1.500000000000000000e+01 8.000000000000000000e+00 0.000000000000000000e+00 1.600000000000000089e+00 1.138800000000000055e-02 2.253700000000000148e-02 -9.996810000000000418e-01 -5.751509999999999678e-01 -8.176660000000000039e-01 -2.498600000000000126e-02 -8.179680000000000284e-01 5.752519999999999856e-01 3.651000000000000165e-03
2.000000000000000000e+00 2.600000000000000000e+01 8.000000000000000000e+00 0.000000000000000000e+00 1.600000000000000089e+00 3.809999999999999910e-04 5.677999999999999887e-03 -9.999839999999999840e-01 4.044429999999999970e-01 9.145480000000000276e-01 5.347000000000000190e-03 9.145630000000000148e-01 -4.044380000000000197e-01 -1.948000000000000079e-03
6.000000000000000000e+00 2.600000000000000000e+01 8.000000000000000000e+00 0.000000000000000000e+00 1.600000000000000089e+00 1.288999999999999998e-03 2.809999999999999998e-04 -9.999989999999999712e-01 4.046139999999999737e-01 9.144870000000000498e-01 7.780000000000000457e-04 9.144860000000000211e-01 -4.046150000000000024e-01 1.064999999999999974e-03
2.800000000000000000e+01 2.600000000000000000e+01 8.000000000000000000e+00 0.000000000000000000e+00 1.600000000000000089e+00 -7.303999999999999729e-03 -1.981899999999999981e-02 -9.997770000000000268e-01 4.120030000000000081e-01 9.109390000000000542e-01 -2.106799999999999992e-02 9.111529999999999907e-01 -4.120650000000000146e-01 1.512000000000000106e-03
2.000000000000000000e+00 2.400000000000000000e+01 9.000000000000000000e+00 0.000000000000000000e+00 1.600000000000000089e+00 2.190000000000000106e-04 1.812999999999999941e-03 -9.999980000000000535e-01 4.568050000000000166e-01 8.895650000000000501e-01 1.711999999999999980e-03 8.895669999999999966e-01 -4.568050000000000166e-01 -6.340000000000000149e-04
9.000000000000000000e+00 2.400000000000000000e+01 9.000000000000000000e+00 0.000000000000000000e+00 1.600000000000000089e+00 1.177000000000000095e-03 1.067999999999999939e-03 -9.999989999999999712e-01 4.580159999999999787e-01 8.889420000000000099e-01 1.489000000000000089e-03 8.889430000000000387e-01 -4.580179999999999807e-01 5.569999999999999864e-04
1.300000000000000000e+01 2.400000000000000000e+01 9.000000000000000000e+00 0.000000000000000000e+00 1.600000000000000089e+00 -1.853000000000000046e-03 -8.151999999999999524e-03 -9.999649999999999928e-01 4.583519999999999817e-01 8.887340000000000240e-01 -8.094000000000000500e-03 8.887690000000000312e-01 -4.583510000000000084e-01 2.089999999999999844e-03
2.200000000000000000e+01 2.400000000000000000e+01 9.000000000000000000e+00 0.000000000000000000e+00 1.600000000000000089e+00 -9.530999999999999542e-03 -2.487500000000000128e-02 -9.996450000000000058e-01 4.642310000000000048e-01 8.853189999999999671e-01 -2.645600000000000035e-02 8.856629999999999781e-01 -4.643189999999999817e-01 3.109999999999999917e-03
2.700000000000000000e+01 2.400000000000000000e+01 9.000000000000000000e+00 0.000000000000000000e+00 1.600000000000000089e+00 -7.978999999999999981e-03 -2.472799999999999998e-02 -9.996620000000000505e-01 4.658740000000000103e-01 8.844809999999999617e-01 -2.559700000000000170e-02 8.848150000000000182e-01 -4.659209999999999741e-01 4.462999999999999953e-03
1.700000000000000000e+01 3.100000000000000000e+01 1.200000000000000000e+01 0.000000000000000000e+00 1.600000000000000089e+00 -6.819999999999999890e-04 9.210000000000000521e-04 9.999989999999999712e-01 1.899599999999999900e-02 9.998190000000000133e-01 -9.079999999999999530e-04 -9.998190000000000133e-01 1.899500000000000147e-02 -6.989999999999999686e-04
2.700000000000000000e+01 3.100000000000000000e+01 1.200000000000000000e+01 0.000000000000000000e+00 1.600000000000000089e+00 1.170000000000000033e-03 -2.620000000000000258e-04 9.999989999999999712e-01 9.171000000000000332e-03 9.999580000000000135e-01 2.509999999999999753e-04 -9.999569999999999848e-01 9.171000000000000332e-03 1.172999999999999998e-03
8.000000000000000000e+00 1.200000000000000000e+01 1.500000000000000000e+01 0.000000000000000000e+00 1.600000000000000089e+00 -1.729000000000000068e-03 -1.874999999999999931e-03 -9.999970000000000248e-01 -4.674369999999999914e-01 -8.840230000000000032e-01 2.465999999999999876e-03 -8.840249999999999497e-01 4.674400000000000222e-01 6.520000000000000188e-04
1.200000000000000000e+01 1.200000000000000000e+01 1.500000000000000000e+01 0.000000000000000000e+00 1.600000000000000089e+00 1.309000000000000051e-03 3.782000000000000205e-03 -9.999919999999999920e-01 -4.657689999999999886e-01 -8.848970000000000447e-01 -3.956000000000000315e-03 -8.849050000000000527e-01 4.657709999999999906e-01 6.030000000000000204e-04
1.500000000000000000e+01 1.200000000000000000e+01 1.500000000000000000e+01 0.000000000000000000e+00 1.600000000000000089e+00 5.962000000000000285e-03 9.098000000000000184e-03 -9.999409999999999688e-01 -4.662529999999999730e-01 -8.845849999999999547e-01 -1.082800000000000082e-02 -8.846309999999999452e-01 4.662899999999999823e-01 -1.033000000000000064e-03
2.300000000000000000e+01 1.200000000000000000e+01 1.500000000000000000e+01 0.000000000000000000e+00 1.600000000000000089e+00 7.650999999999999815e-03 1.231299999999999929e-02 -9.998949999999999783e-01 -4.683240000000000181e-01 -8.834379999999999455e-01 -1.446300000000000016e-02 -8.835239999999999760e-01 4.683860000000000245e-01 -9.929999999999999591e-04
5.000000000000000000e+00 1.160000000000000000e+02 1.600000000000000000e+01 0.000000000000000000e+00 1.600000000000000089e+00 6.700000000000000226e-04 -1.289999999999999914e-04 1.000000000000000000e+00 6.841129999999999711e-01 7.293760000000000243e-01 -3.649999999999999816e-04 -7.293760000000000243e-01 6.841129999999999711e-01 5.770000000000000389e-04
1.600000000000000000e+01 1.160000000000000000e+02 1.600000000000000000e+01 0.000000000000000000e+00 1.600000000000000089e+00 8.260000000000000198e-04 2.566999999999999837e-03 9.999959999999999960e-01 7.019870000000000276e-01 7.121859999999999857e-01 -2.407999999999999984e-03 -7.121889999999999610e-01 7.019859999999999989e-01 -1.214000000000000018e-03
2.100000000000000000e+01 1.160000000000000000e+02 1.600000000000000000e+01 0.000000000000000000e+00 1.600000000000000089e+00 -2.249999999999999938e-04 -2.840000000000000076e-03 9.999959999999999960e-01 7.048769999999999758e-01 7.093270000000000408e-01 2.173000000000000018e-03 -7.093300000000000161e-01 7.048740000000000006e-01 1.842000000000000104e-03
3.000000000000000000e+00 2.000000000000000000e+00 1.900000000000000000e+01 0.000000000000000000e+00 1.600000000000000089e+00 9.079999999999999530e-04 6.520000000000000188e-04 -9.999989999999999712e-01 1.830370000000000053e-01 -9.831060000000000354e-01 -4.739999999999999747e-04 -9.831060000000000354e-01 -1.830370000000000053e-01 -1.012000000000000096e-03
9.000000000000000000e+00 2.000000000000000000e+00 1.900000000000000000e+01 0.000000000000000000e+00 1.600000000000000089e+00 -1.332000000000000068e-03 -1.242000000000000048e-03 -9.999980000000000535e-01 1.800599999999999978e-01 -9.836549999999999461e-01 9.820000000000000170e-04 -9.836549999999999461e-01 -1.800579999999999958e-01 1.533999999999999990e-03
1.400000000000000000e+01 2.000000000000000000e+00 1.900000000000000000e+01 0.000000000000000000e+00 1.600000000000000089e+00 -5.599999999999999509e-04 -1.689999999999999879e-04 -1.000000000000000000e+00 1.774969999999999881e-01 -9.841210000000000235e-01 6.700000000000000226e-05 -9.841210000000000235e-01 -1.774969999999999881e-01 5.810000000000000277e-04
2.400000000000000000e+01 2.000000000000000000e+00 1.900000000000000000e+01 0.000000000000000000e+00 1.600000000000000089e+00 -5.490000000000000088e-04 4.904000000000000373e-03 -9.999879999999999880e-01 1.725009999999999877e-01 -9.849970000000000114e-01 -4.924999999999999691e-03 -9.850090000000000234e-01 -1.725009999999999877e-01 -3.049999999999999868e-04
2.900000000000000000e+01 2.000000000000000000e+00 1.900000000000000000e+01 0.000000000000000000e+00 1.600000000000000089e+00 -8.760000000000000425e-04 7.050000000000000060e-04 -9.999989999999999712e-01 1.689549999999999941e-01 -9.856230000000000269e-01 -8.429999999999999993e-04 -9.856230000000000269e-01 -1.689559999999999951e-01 7.450000000000000025e-04
1.000000000000000000e+01 4.000000000000000000e+00 2.000000000000000000e+01 0.000000000000000000e+00 1.600000000000000089e+00 9.190000000000000035e-04 -4.464000000000000086e-03 -9.999900000000000455e-01 2.728700000000000014e-01 -9.620400000000000063e-01 4.545000000000000429e-03 -9.620509999999999895e-01 -2.728709999999999747e-01 3.339999999999999870e-04
1.600000000000000000e+01 4.000000000000000000e+00 2.000000000000000000e+01 0.000000000000000000e+00 1.600000000000000089e+00 -3.510000000000000099e-03 2.005999999999999971e-03 -9.999919999999999920e-01 2.746709999999999985e-01 -9.615339999999999998e-01 -2.893000000000000172e-03 -9.615320000000000533e-01 -2.746779999999999777e-01 2.824000000000000121e-03
2.000000000000000000e+01 4.000000000000000000e+00 2.000000000000000000e+01 0.000000000000000000e+00 1.600000000000000089e+00 -1.427000000000000100e-03 2.390000000000000197e-03 -9.999959999999999960e-01 2.781089999999999951e-01 -9.605460000000000109e-01 -2.691999999999999948e-03 -9.605479999999999574e-01 -2.781120000000000259e-01 7.060000000000000303e-04
2.400000000000000000e+01 4.000000000000000000e+00 2.000000000000000000e+01 0.000000000000000000e+00 1.600000000000000089e+00 -1.464999999999999939e-03 6.875000000000000035e-03 -9.999749999999999472e-01 2.725549999999999917e-01 -9.621150000000000535e-01 -7.014000000000000269e-03 -9.621389999999999665e-01 -2.725580000000000225e-01 -4.650000000000000270e-04
3.000000000000000000e+01 4.000000000000000000e+00 2.000000000000000000e+01 0.000000000000000000e+00 1.600000000000000089e+00 -9.740000000000000394e-04 -3.600000000000000227e-04 -9.999989999999999712e-01 2.693309999999999871e-01 -9.630480000000000151e-01 8.399999999999999535e-05 -9.630469999999999864e-01 -2.693309999999999871e-01 1.034999999999999896e-03
7.000000000000000000e+00 1.300000000000000000e+01 2.000000000000000000e+01 0.000000000000000000e+00 1.600000000000000089e+00 -2.090000000000000115e-04 7.122999999999999991e-03 9.999749999999999472e-01 2.598369999999999846e-01 9.656280000000000419e-01 -6.824000000000000205e-03 -9.656529999999999836e-01 2.598289999999999766e-01 -2.053000000000000137e-03
1.100000000000000000e+01 1.300000000000000000e+01 2.000000000000000000e+01 0.000000000000000000e+00 1.600000000000000089e+00 -7.150000000000000322e-04 2.664999999999999834e-03 9.999959999999999960e-01 2.579029999999999934e-01 9.661680000000000268e-01 -2.390999999999999896e-03 -9.661710000000000020e-01 2.579000000000000181e-01 -1.378000000000000102e-03
1.500000000000000000e+01 1.300000000000000000e+01 2.000000000000000000e+01 0.000000000000000000e+00 1.600000000000000089e+00 6.350000000000000392e-04 -3.350000000000000113e-03 9.999940000000000495e-01 2.579089999999999994e-01 9.661640000000000228e-01 3.072000000000000078e-03 -9.661689999999999445e-01 2.579060000000000241e-01 1.477000000000000014e-03
1.900000000000000000e+01 1.300000000000000000e+01 2.000000000000000000e+01 0.000000000000000000e+00 1.600000000000000089e+00 1.529999999999999893e-03 -7.643999999999999753e-03 9.999700000000000255e-01 2.589199999999999835e-01 9.658740000000000103e-01 6.987000000000000155e-03 -9.658980000000000343e-01 2.589009999999999923e-01 3.457000000000000003e-03
2.300000000000000000e+01 1.300000000000000000e+01 2.000000000000000000e+01 0.000000000000000000e+00 1.600000000000000089e+00 3.080000000000000055e-04 -1.026600000000000082e-02 9.999470000000000303e-01 2.583239999999999981e-01 9.660079999999999778e-01 9.837999999999999523e-03 -9.660579999999999723e-01 2.583070000000000088e-01 2.948999999999999799e-03
2.800000000000000000e+01 1.300000000000000000e+01 2.000000000000000000e+01 0.000000000000000000e+00 1.600000000000000089e+00 -3.980000000000000248e-04 2.840000000000000185e-04 1.000000000000000000e+00 2.584520000000000151e-01 9.660239999999999938e-01 -1.720000000000000066e-04 -9.660239999999999938e-01 2.584520000000000151e-01 -4.580000000000000195e-04
5.000000000000000000e+00 1.600000000000000000e+01 2.100000000000000000e+01 0.000000000000000000e+00 1.600000000000000089e+00 -1.260999999999999968e-03 1.690000000000000096e-03 9.999980000000000535e-01 2.979789999999999939e-01 9.545719999999999761e-01 -1.237999999999999951e-03 -9.545719999999999761e-01 2.979769999999999919e-01 -1.706999999999999967e-03
9.000000000000000000e+00 1.600000000000000000e+01 2.100000000000000000e+01 0.000000000000000000e+00 1.600000000000000089e+00 -1.771000000000000005e-03 3.086999999999999900e-03 9.999940000000000495e-01 2.955740000000000034e-01 9.553169999999999717e-01 -2.426000000000000205e-03 -9.553180000000000005e-01 2.955679999999999974e-01 -2.603999999999999978e-03
2.000000000000000000e+01 1.600000000000000000e+01 2.100000000000000000e+01 0.000000000000000000e+00 1.600000000000000089e+00 1.516999999999999902e-03 -3.850000000000000124e-03 9.999909999999999632e-01 2.954809999999999937e-01 9.553430000000000533e-01 3.229999999999999798e-03 -9.553469999999999462e-01 2.954729999999999857e-01 2.586999999999999890e-03
2.800000000000000000e+01 1.600000000000000000e+01 2.100000000000000000e+01 0.000000000000000000e+00 1.600000000000000089e+00 3.539999999999999853e-04 7.832000000000000420e-03 9.999689999999999968e-01 2.963549999999999796e-01 9.550480000000000080e-01 -7.584999999999999729e-03 -9.550779999999999825e-01 2.963480000000000003e-01 -1.982999999999999954e-03
2.200000000000000000e+01 3.000000000000000000e+00 2.500000000000000000e+01 0.000000000000000000e+00 1.600000000000000089e+00 -4.805000000000000243e-03 8.139999999999999666e-03 9.999550000000000383e-01 -1.603900000000000117e-02 -9.998390000000000333e-01 8.061999999999999722e-03 9.998599999999999710e-01 -1.600000000000000033e-02 4.935000000000000150e-03
7.000000000000000000e+00 4.600000000000000000e+01 2.700000000000000000e+01 0.000000000000000000e+00 1.600000000000000089e+00 -1.415999999999999941e-03 -8.639999999999999677e-04 -9.999989999999999712e-01 6.828929999999999723e-01 7.305169999999999719e-01 -1.598000000000000028e-03 7.305180000000000007e-01 -6.828940000000000010e-01 -4.440000000000000045e-04
1.900000000000000000e+01 4.600000000000000000e+01 2.700000000000000000e+01 0.000000000000000000e+00 1.600000000000000089e+00 9.300000000000000541e-04 1.577999999999999976e-03 -9.999980000000000535e-01 6.812279999999999447e-01 7.320689999999999698e-01 1.789000000000000009e-03 7.320710000000000273e-01 -6.812279999999999447e-01 -3.939999999999999817e-04
2.500000000000000000e+01 4.600000000000000000e+01 2.700000000000000000e+01 0.000000000000000000e+00 1.600000000000000089e+00 7.249999999999999500e-04 -6.620000000000000450e-04 -1.000000000000000000e+00 6.844019999999999548e-01 7.291039999999999743e-01 1.399999999999999979e-05 7.291039999999999743e-01 -6.844019999999999548e-01 9.820000000000000170e-04
3.000000000000000000e+00 5.800000000000000000e+01 3.100000000000000000e+01 0.000000000000000000e+00 1.600000000000000089e+00 3.237999999999999993e-03 3.779999999999999940e-03 9.999879999999999880e-01 -8.008250000000000091e-01 -5.988790000000000502e-01 4.857000000000000206e-03 5.988900000000000334e-01 -8.008309999999999595e-01 1.087999999999999991e-03
1.000000000000000000e+01 5.800000000000000000e+01 3.100000000000000000e+01 0.000000000000000000e+00 1.600000000000000089e+00 -2.930000000000000204e-04 2.629999999999999959e-03 9.999970000000000248e-01 -8.013660000000000228e-01 -5.981729999999999547e-01 1.338999999999999913e-03 5.981750000000000123e-01 -8.013620000000000188e-01 2.282999999999999873e-03
1.800000000000000000e+01 5.800000000000000000e+01 3.100000000000000000e+01 0.000000000000000000e+00 1.600000000000000089e+00 2.416999999999999878e-03 7.863000000000000198e-03 9.999660000000000215e-01 -8.014740000000000197e-01 -5.979919999999999680e-01 6.640000000000000069e-03 5.980240000000000000e-01 -8.014630000000000365e-01 4.856000000000000073e-03
2.600000000000000000e+01 5.800000000000000000e+01 3.100000000000000000e+01 0.000000000000000000e+00 1.600000000000000089e+00 8.710000000000000294e-04 1.640000000000000019e-04 1.000000000000000000e+00 -8.001359999999999584e-01 -5.998179999999999623e-01 7.950000000000000252e-04 5.998179999999999623e-01 -8.001369999999999871e-01 -3.910000000000000172e-04
4.000000000000000000e+00 4.600000000000000000e+01 3.500000000000000000e+01 0.000000000000000000e+00 1.600000000000000089e+00 1.466000000000000072e-03 3.664999999999999855e-03 -9.999919999999999920e-01 3.855250000000000066e-01 -9.226929999999999854e-01 -2.817000000000000060e-03 -9.226959999999999607e-01 -3.855180000000000273e-01 -2.765999999999999796e-03
1.300000000000000000e+01 4.600000000000000000e+01 3.500000000000000000e+01 0.000000000000000000e+00 1.600000000000000089e+00 -9.870000000000000301e-04 1.118999999999999986e-03 -9.999989999999999712e-01 3.844509999999999872e-01 -9.231439999999999646e-01 -1.412000000000000061e-03 -9.231449999999999934e-01 -3.844520000000000159e-01 4.809999999999999823e-04
2.200000000000000000e+01 4.600000000000000000e+01 3.500000000000000000e+01 0.000000000000000000e+00 1.600000000000000089e+00 -4.380000000000000213e-04 -5.270000000000000162e-04 -1.000000000000000000e+00 3.866160000000000152e-01 -9.222409999999999775e-01 3.170000000000000075e-04 -9.222409999999999775e-01 -3.866149999999999864e-01 6.080000000000000335e-04
2.500000000000000000e+01 4.600000000000000000e+01 3.500000000000000000e+01 0.000000000000000000e+00 1.600000000000000089e+00 -6.179999999999999513e-04 1.314000000000000064e-03 -9.999989999999999712e-01 3.858550000000000035e-01 -9.225579999999999892e-01 -1.449999999999999900e-03 -9.225590000000000179e-01 -3.858550000000000035e-01 6.299999999999999990e-05
2.900000000000000000e+01 4.600000000000000000e+01 3.500000000000000000e+01 0.000000000000000000e+00 1.600000000000000089e+00 -3.849999999999999798e-04 1.033000000000000064e-03 -9.999989999999999712e-01 3.848050000000000082e-01 -9.229969999999999564e-01 -1.100999999999999982e-03 -9.229979999999999851e-01 -3.848050000000000082e-01 -4.199999999999999768e-05
1.000000000000000000e+01 9.500000000000000000e+01 3.600000000000000000e+01 0.000000000000000000e+00 1.600000000000000089e+00 -8.533999999999999919e-03 -2.270600000000000049e-02 9.997059999999999835e-01 9.971569999999999601e-01 7.465099999999999514e-02 1.020800000000000006e-02 -7.486099999999999699e-02 9.969510000000000316e-01 2.200500000000000025e-02
1.700000000000000000e+01 9.500000000000000000e+01 3.600000000000000000e+01 0.000000000000000000e+00 1.600000000000000089e+00 -9.280000000000000054e-04 9.476999999999999313e-03 9.999550000000000383e-01 9.971360000000000223e-01 7.563000000000000278e-02 2.079999999999999872e-04 -7.562499999999999778e-02 9.970909999999999496e-01 -9.520000000000000684e-03
2.300000000000000000e+01 9.500000000000000000e+01 3.600000000000000000e+01 0.000000000000000000e+00 1.600000000000000089e+00 5.465000000000000240e-03 -1.501100000000000004e-02 9.998719999999999830e-01 9.975549999999999695e-01 6.974800000000000444e-02 -4.405000000000000061e-03 -6.967299999999999882e-02 9.974520000000000053e-01 1.535500000000000059e-02
1.000000000000000000e+01 2.900000000000000000e+01 4.400000000000000000e+01 0.000000000000000000e+00 1.600000000000000089e+00 -3.154999999999999818e-03 -1.270999999999999994e-03 -9.999940000000000495e-01 6.698039999999999550e-01 7.425310000000000521e-01 -3.056000000000000123e-03 7.425310000000000521e-01 -6.698100000000000165e-01 -1.490999999999999921e-03
1.600000000000000000e+01 2.900000000000000000e+01 4.400000000000000000e+01 0.000000000000000000e+00 1.600000000000000089e+00 -2.083999999999999915e-03 8.509999999999999769e-04 -9.999970000000000248e-01 6.668509999999999716e-01 7.451910000000000478e-01 -7.560000000000000530e-04 7.451879999999999615e-01 -6.668509999999999716e-01 -2.119999999999999923e-03
2.000000000000000000e+01 2.900000000000000000e+01 4.400000000000000000e+01 0.000000000000000000e+00 1.600000000000000089e+00 -1.423999999999999919e-03 2.550999999999999882e-03 -9.999959999999999960e-01 6.654660000000000020e-01 7.464269999999999516e-01 9.569999999999999514e-04 7.464260000000000339e-01 -6.654619999999999980e-01 -2.760999999999999999e-03
2.600000000000000000e+01 2.900000000000000000e+01 4.400000000000000000e+01 0.000000000000000000e+00 1.600000000000000089e+00 -6.209000000000000109e-03 -1.938000000000000052e-03 -9.999789999999999512e-01 6.439789999999999681e-01 7.650230000000000086e-01 -5.480999999999999761e-03 7.650179999999999758e-01 -6.440000000000000169e-01 -3.501999999999999905e-03
5.000000000000000000e+00 5.400000000000000000e+01 4.600000000000000000e+01 0.000000000000000000e+00 1.600000000000000089e+00 -2.329999999999999986e-04 8.755999999999999894e-03 9.999620000000000175e-01 3.415989999999999860e-01 -9.398090000000000055e-01 8.309000000000000413e-03 9.398459999999999592e-01 3.415880000000000027e-01 -2.772000000000000158e-03
7.000000000000000000e+00 6.500000000000000000e+01 4.600000000000000000e+01 0.000000000000000000e+00 1.600000000000000089e+00 -2.567999999999999970e-03 1.891000000000000103e-03 9.999949999999999672e-01 6.816109999999999669e-01 -7.317080000000000251e-01 3.134000000000000067e-03 7.317099999999999715e-01 6.816159999999999997e-01 5.900000000000000296e-04
8.000000000000000000e+00 7.000000000000000000e+00 5.200000000000000000e+01 0.000000000000000000e+00 1.600000000000000089e+00 -1.909000000000000107e-03 -2.399000000000000091e-03 -9.999949999999999672e-01 8.436699999999999755e-02 -9.964319999999999844e-01 2.229000000000000078e-03 -9.964330000000000132e-01 -8.436299999999999355e-02 2.105000000000000100e-03
7.000000000000000000e+00 1.500000000000000000e+01 5.300000000000000000e+01 0.000000000000000000e+00 1.600000000000000089e+00 3.179999999999999776e-04 1.010000000000000047e-03 -9.999989999999999712e-01 6.793059999999999654e-01 7.338550000000000351e-01 9.569999999999999514e-04 7.338550000000000351e-01 -6.793059999999999654e-01 -4.530000000000000064e-04
2.100000000000000000e+01 1.500000000000000000e+01 5.300000000000000000e+01 0.000000000000000000e+00 1.600000000000000089e+00 1.170999999999999949e-03 8.299999999999999815e-05 -9.999989999999999712e-01 6.774360000000000381e-01 7.355810000000000404e-01 8.540000000000000499e-04 7.355810000000000404e-01 -6.774369999999999559e-01 8.050000000000000515e-04
2.000000000000000000e+00 6.300000000000000000e+01 5.400000000000000000e+01 0.000000000000000000e+00 1.600000000000000089e+00 -8.700000000000000051e-05 -3.628999999999999847e-03 9.999930000000000208e-01 -3.532040000000000179e-01 9.355400000000000382e-01 3.363999999999999803e-03 -9.355459999999999887e-01 -3.532009999999999872e-01 -1.363000000000000062e-03
6.000000000000000000e+00 6.300000000000000000e+01 5.400000000000000000e+01 0.000000000000000000e+00 1.600000000000000089e+00 9.610000000000000486e-04 -1.418999999999999906e-03 9.999989999999999712e-01 -3.506250000000000200e-01 9.365139999999999576e-01 1.665999999999999946e-03 -9.365149999999999864e-01 -3.506270000000000220e-01 4.029999999999999837e-04
1.100000000000000000e+01 6.300000000000000000e+01 5.400000000000000000e+01 0.000000000000000000e+00 1.600000000000000089e+00 2.500000000000000120e-05 -7.799999999999999859e-04 1.000000000000000000e+00 -3.511130000000000084e-01 9.363329999999999709e-01 7.389999999999999651e-04 -9.363329999999999709e-01 -3.511130000000000084e-01 -2.509999999999999753e-04
1.500000000000000000e+01 6.300000000000000000e+01 5.400000000000000000e+01 0.000000000000000000e+00 1.600000000000000089e+00 3.009999999999999980e-04 -1.949999999999999965e-04 1.000000000000000000e+00 -3.498939999999999828e-01 9.367889999999999828e-01 2.880000000000000073e-04 -9.367889999999999828e-01 -3.498939999999999828e-01 2.139999999999999975e-04
1.700000000000000000e+01 6.300000000000000000e+01 5.400000000000000000e+01 0.000000000000000000e+00 1.600000000000000089e+00 7.529999999999999801e-04 1.210000000000000002e-04 1.000000000000000000e+00 -3.495969999999999911e-01 9.368999999999999551e-01 1.489999999999999897e-04 -9.368999999999999551e-01 -3.495969999999999911e-01 7.479999999999999670e-04
2.100000000000000000e+01 6.300000000000000000e+01 5.400000000000000000e+01 0.000000000000000000e+00 1.600000000000000089e+00 -5.029999999999999749e-04 4.569999999999999952e-04 1.000000000000000000e+00 -3.487979999999999969e-01 9.371979999999999755e-01 -6.040000000000000447e-04 -9.371979999999999755e-01 -3.487979999999999969e-01 -3.119999999999999944e-04
8.000000000000000000e+00 2.500000000000000000e+01 5.500000000000000000e+01 0.000000000000000000e+00 1.600000000000000089e+00 -1.910000000000000077e-04 -1.095000000000000053e-03 -9.999989999999999712e-01 -1.249100000000000037e-02 -9.999209999999999487e-01 1.098000000000000018e-03 -9.999219999999999775e-01 1.249199999999999963e-02 1.769999999999999926e-04
1.300000000000000000e+01 2.500000000000000000e+01 5.500000000000000000e+01 0.000000000000000000e+00 1.600000000000000089e+00 -9.420000000000000205e-04 -2.083000000000000216e-03 -9.999970000000000248e-01 -1.111900000000000041e-02 -9.999360000000000470e-01 2.092999999999999809e-03 -9.999379999999999935e-01 1.112100000000000068e-02 9.190000000000000035e-04
1.700000000000000000e+01 2.500000000000000000e+01 5.500000000000000000e+01 0.000000000000000000e+00 1.600000000000000089e+00 7.420000000000000380e-04 4.299999999999999894e-04 -1.000000000000000000e+00 -1.127399999999999930e-02 -9.999360000000000470e-01 -4.380000000000000213e-04 -9.999360000000000470e-01 1.127399999999999930e-02 -7.370000000000000249e-04
1.900000000000000000e+01 2.500000000000000000e+01 5.500000000000000000e+01 0.000000000000000000e+00 1.600000000000000089e+00 1.196999999999999930e-03 2.978000000000000178e-03 -9.999949999999999672e-01 -1.139899999999999941e-02 -9.999310000000000143e-01 -2.991000000000000169e-03 -9.999339999999999895e-01 1.140299999999999994e-02 -1.162999999999999971e-03
3.000000000000000000e+01 2.500000000000000000e+01 5.500000000000000000e+01 0.000000000000000000e+00 1.600000000000000089e+00 2.413000000000000214e-03 -7.432000000000000238e-03 -9.999689999999999968e-01 -1.208200000000000073e-02 -9.999000000000000110e-01 7.402999999999999858e-03 -9.999240000000000350e-01 1.206400000000000007e-02 -2.503000000000000017e-03
1.800000000000000000e+01 5.800000000000000000e+01 5.900000000000000000e+01 0.000000000000000000e+00 1.600000000000000089e+00 -4.341000000000000240e-03 5.394000000000000357e-03 -9.999759999999999760e-01 3.868610000000000104e-01 9.221319999999999517e-01 3.295000000000000186e-03 9.221279999999999477e-01 -3.868369999999999864e-01 -6.088999999999999795e-03
2.900000000000000000e+01 5.800000000000000000e+01 5.900000000000000000e+01 0.000000000000000000e+00 1.600000000000000089e+00 -4.000000000000000192e-04 4.700000000000000185e-03 -9.999890000000000168e-01 3.755959999999999854e-01 9.267739999999999867e-01 4.205999999999999669e-03 9.267830000000000235e-01 -3.755910000000000082e-01 -2.135999999999999878e-03
2.500000000000000000e+01 3.000000000000000000e+00 6.300000000000000000e+01 0.000000000000000000e+00 1.600000000000000089e+00 3.428000000000000057e-03 -6.910999999999999609e-03 9.999700000000000255e-01 -6.162320000000000020e-01 7.875290000000000346e-01 7.555000000000000084e-03 -7.875569999999999515e-01 -6.162389999999999812e-01 -1.559000000000000056e-03
2.800000000000000000e+01 3.000000000000000000e+00 6.300000000000000000e+01 0.000000000000000000e+00 1.600000000000000089e+00 7.630000000000000063e-04 -4.564000000000000348e-03 9.999890000000000168e-01 -6.161330000000000418e-01 7.876319999999999988e-01 4.065000000000000037e-03 -7.876419999999999533e-01 -6.161299999999999555e-01 -2.210999999999999858e-03
1.000000000000000000e+00 2.700000000000000000e+01 6.300000000000000000e+01 0.000000000000000000e+00 1.600000000000000089e+00 4.678999999999999999e-03 6.760000000000000384e-03 9.999660000000000215e-01 -2.793209999999999860e-01 9.601840000000000375e-01 -5.184000000000000240e-03 -9.601859999999999840e-01 -2.792879999999999807e-01 6.381000000000000387e-03
5.000000000000000000e+00 2.700000000000000000e+01 6.300000000000000000e+01 0.000000000000000000e+00 1.600000000000000089e+00 2.652999999999999976e-03 8.814999999999999919e-03 9.999580000000000135e-01 -2.735529999999999906e-01 9.618259999999999588e-01 -7.753000000000000343e-03 -9.618529999999999580e-01 -2.735199999999999854e-01 4.963000000000000397e-03
1.300000000000000000e+01 2.700000000000000000e+01 6.300000000000000000e+01 0.000000000000000000e+00 1.600000000000000089e+00 -1.693999999999999976e-03 -5.928000000000000110e-03 9.999810000000000088e-01 -2.775340000000000029e-01 9.607019999999999449e-01 5.224999999999999610e-03 -9.607139999999999569e-01 -2.775199999999999889e-01 -3.272999999999999868e-03
1.700000000000000000e+01 2.700000000000000000e+01 6.300000000000000000e+01 0.000000000000000000e+00 1.600000000000000089e+00 7.100000000000000462e-05 -9.145999999999999616e-03 9.999580000000000135e-01 -2.796580000000000177e-01 9.600589999999999957e-01 8.800999999999999795e-03 -9.600999999999999535e-01 -2.796469999999999789e-01 -2.490000000000000026e-03
2.500000000000000000e+01 2.700000000000000000e+01 6.300000000000000000e+01 0.000000000000000000e+00 1.600000000000000089e+00 1.479999999999999925e-04 9.870000000000000301e-04 1.000000000000000000e+00 -2.828479999999999883e-01 9.591640000000000166e-01 -9.049999999999999885e-04 -9.591650000000000453e-01 -2.828479999999999883e-01 4.209999999999999875e-04
2.900000000000000000e+01 2.700000000000000000e+01 6.300000000000000000e+01 0.000000000000000000e+00 1.600000000000000089e+00 -7.280000000000000230e-04 -1.343000000000000010e-03 9.999989999999999712e-01 -2.831609999999999960e-01 9.590720000000000356e-01 1.082000000000000062e-03 -9.590720000000000356e-01 -2.831600000000000228e-01 -1.079000000000000098e-03
8.000000000000000000e+00 2.600000000000000000e+01 6.400000000000000000e+01 0.000000000000000000e+00 1.600000000000000089e+00 -3.108999999999999785e-03 7.513999999999999846e-03 9.999670000000000503e-01 -3.505619999999999847e-01 9.365040000000000031e-01 -8.127000000000000543e-03 -9.365339999999999776e-01 -3.505759999999999987e-01 -2.770000000000000110e-04
1.300000000000000000e+01 2.600000000000000000e+01 6.400000000000000000e+01 0.000000000000000000e+00 1.600000000000000089e+00 -8.840000000000000201e-04 -5.956999999999999622e-03 9.999820000000000375e-01 -3.590119999999999978e-01 9.333179999999999810e-01 5.242000000000000132e-03 -9.333329999999999682e-01 -3.589999999999999858e-01 -2.964000000000000055e-03
1.700000000000000000e+01 2.600000000000000000e+01 6.400000000000000000e+01 0.000000000000000000e+00 1.600000000000000089e+00 1.141000000000000087e-03 -8.845000000000000431e-03 9.999599999999999600e-01 -3.601239999999999997e-01 9.328640000000000265e-01 8.661999999999999561e-03 -9.329039999999999555e-01 -3.601190000000000224e-01 -2.121000000000000055e-03
2.200000000000000000e+01 2.600000000000000000e+01 6.400000000000000000e+01 0.000000000000000000e+00 1.600000000000000089e+00 3.989999999999999949e-04 1.755999999999999965e-03 9.999980000000000535e-01 -3.627059999999999729e-01 9.319020000000000081e-01 -1.492000000000000054e-03 -9.319030000000000369e-01 -3.627049999999999996e-01 1.008999999999999914e-03
2.700000000000000000e+01 2.600000000000000000e+01 6.400000000000000000e+01 0.000000000000000000e+00 1.600000000000000089e+00 -2.020000000000000040e-04 2.640000000000000202e-04 1.000000000000000000e+00 -3.633529999999999816e-01 9.316520000000000357e-01 -3.190000000000000019e-04 -9.316520000000000357e-01 -3.633529999999999816e-01 -9.299999999999999727e-05
2.900000000000000000e+01 2.600000000000000000e+01 6.400000000000000000e+01 0.000000000000000000e+00 1.600000000000000089e+00 -6.980000000000000527e-04 -3.840000000000000097e-04 1.000000000000000000e+00 -3.629129999999999856e-01 9.318229999999999569e-01 1.050000000000000044e-04 -9.318229999999999569e-01 -3.629129999999999856e-01 -7.900000000000000121e-04
1.000000000000000000e+00 2.500000000000000000e+01 7.300000000000000000e+01 0.000000000000000000e+00 1.600000000000000089e+00 -1.642000000000000013e-03 -4.291999999999999808e-03 9.999890000000000168e-01 7.498029999999999973e-01 -6.616589999999999971e-01 -1.608999999999999970e-03 6.616589999999999971e-01 7.497930000000000428e-01 4.304999999999999799e-03
6.000000000000000000e+00 2.500000000000000000e+01 7.300000000000000000e+01 0.000000000000000000e+00 1.600000000000000089e+00 2.779999999999999811e-04 -1.389999999999999960e-03 9.999989999999999712e-01 7.485289999999999999e-01 -6.631010000000000515e-01 -1.129999999999999928e-03 6.631019999999999692e-01 7.485289999999999999e-01 8.559999999999999901e-04
1.500000000000000000e+01 2.500000000000000000e+01 7.300000000000000000e+01 0.000000000000000000e+00 1.600000000000000089e+00 1.332000000000000068e-03 2.265000000000000086e-03 9.999970000000000248e-01 7.564570000000000460e-01 -6.540430000000000410e-01 4.739999999999999747e-04 6.540420000000000122e-01 7.564539999999999598e-01 -2.585000000000000058e-03
2.000000000000000000e+01 2.500000000000000000e+01 7.300000000000000000e+01 0.000000000000000000e+00 1.600000000000000089e+00 -1.570999999999999914e-03 -3.250999999999999984e-03 9.999930000000000208e-01 7.560700000000000198e-01 -6.544900000000000162e-01 -9.399999999999999719e-04 6.544889999999999874e-01 7.560639999999999583e-01 3.485999999999999949e-03
2.600000000000000000e+01 2.500000000000000000e+01 7.300000000000000000e+01 0.000000000000000000e+00 1.600000000000000089e+00 1.969999999999999909e-04 9.979999999999999722e-04 1.000000000000000000e+00 7.545199999999999685e-01 -6.562759999999999705e-01 5.060000000000000478e-04 6.562769999999999992e-01 7.545199999999999685e-01 -8.829999999999999958e-04
1.000000000000000000e+00 4.400000000000000000e+01 7.300000000000000000e+01 0.000000000000000000e+00 1.600000000000000089e+00 -3.390000000000000001e-04 -1.776999999999999934e-03 9.999980000000000535e-01 5.013100000000000195e-02 -9.987409999999999899e-01 -1.758000000000000014e-03 9.987430000000000474e-01 5.013000000000000095e-02 4.270000000000000249e-04
7.000000000000000000e+00 4.400000000000000000e+01 7.300000000000000000e+01 0.000000000000000000e+00 1.600000000000000089e+00 4.150000000000000043e-04 -2.112000000000000162e-03 9.999980000000000535e-01 4.789700000000000207e-02 -9.988500000000000156e-01 -2.128999999999999816e-03 9.988519999999999621e-01 4.789800000000000307e-02 -3.139999999999999888e-04
1.700000000000000000e+01 4.400000000000000000e+01 7.300000000000000000e+01 0.000000000000000000e+00 1.600000000000000089e+00 -1.779999999999999898e-04 -2.344999999999999862e-03 9.999970000000000248e-01 4.848800000000000332e-02 -9.988209999999999589e-01 -2.333000000000000004e-03 9.988240000000000451e-01 4.848700000000000232e-02 2.910000000000000260e-04
2.300000000000000000e+01 4.400000000000000000e+01 7.300000000000000000e+01 0.000000000000000000e+00 1.600000000000000089e+00 5.379999999999999583e-04 2.129999999999999949e-03 9.999980000000000535e-01 5.017300000000000232e-02 -9.987380000000000146e-01 2.099999999999999870e-03 9.987399999999999611e-01 5.017200000000000132e-02 -6.440000000000000412e-04
2.700000000000000000e+01 4.400000000000000000e+01 7.300000000000000000e+01 0.000000000000000000e+00 1.600000000000000089e+00 5.240000000000000517e-04 -1.719999999999999958e-03 9.999980000000000535e-01 5.182200000000000001e-02 -9.986549999999999594e-01 -1.745000000000000023e-03 9.986559999999999881e-01 5.182300000000000101e-02 -4.339999999999999782e-04
2.000000000000000000e+00 5.100000000000000000e+01 7.600000000000000000e+01 0.000000000000000000e+00 1.600000000000000089e+00 -5.050000000000000235e-04 -2.318000000000000182e-03 -9.999970000000000248e-01 -4.146299999999999986e-01 -9.099869999999999903e-01 2.318000000000000182e-03 -9.099899999999999656e-01 4.146299999999999986e-01 -5.010000000000000347e-04
8.000000000000000000e+00 5.100000000000000000e+01 7.600000000000000000e+01 0.000000000000000000e+00 1.600000000000000089e+00 -6.970000000000000284e-04 4.592999999999999861e-03 -9.999890000000000168e-01 -4.139840000000000186e-01 -9.102759999999999740e-01 -3.893000000000000193e-03 -9.102839999999999820e-01 4.139760000000000106e-01 2.536000000000000060e-03
