2.000000000000000000e+00 2.500000000000000000e+01 1.000000000000000000e+00 0.000000000000000000e+00 1.600000000000000089e+00 -1.700000000000000122e-04 -3.514000000000000196e-03 -9.999940000000000495e-01 -5.251010000000000399e-01 -8.510339999999999572e-01 3.079999999999999839e-03 -8.510400000000000187e-01 5.250989999999999824e-01 -1.699999999999999905e-03
1.700000000000000000e+01 2.500000000000000000e+01 1.000000000000000000e+00 0.000000000000000000e+00 1.600000000000000089e+00 -7.010000000000000172e-04 1.874999999999999931e-03 -9.999980000000000535e-01 -5.220059999999999700e-01 -8.529409999999999492e-01 -1.232999999999999938e-03 -8.529419999999999780e-01 5.220040000000000235e-01 1.577000000000000060e-03
1.000000000000000000e+01 1.500000000000000000e+01 4.000000000000000000e+00 0.000000000000000000e+00 1.600000000000000089e+00 7.269999999999999987e-04 -1.382800000000000001e-02 9.999040000000000150e-01 3.803599999999999759e-01 -9.247459999999999569e-01 -1.306500000000000022e-02 9.248380000000000489e-01 3.803329999999999766e-01 4.588000000000000064e-03
1.900000000000000000e+01 1.500000000000000000e+01 4.000000000000000000e+00 0.000000000000000000e+00 1.600000000000000089e+00 -8.838999999999999635e-03 4.364200000000000024e-02 9.990080000000000071e-01 4.240639999999999965e-01 -9.045980000000000132e-01 4.327000000000000290e-02 9.055889999999999773e-01 4.240249999999999853e-01 -1.051099999999999951e-02
3.000000000000000000e+00 1.010000000000000000e+02 7.000000000000000000e+00 0.000000000000000000e+00 1.600000000000000089e+00 9.359999999999999831e-04 1.469000000000000037e-03 9.999980000000000535e-01 8.831329999999999458e-01 4.691199999999999815e-01 -1.515999999999999986e-03 -4.691219999999999835e-01 8.831329999999999458e-01 -8.580000000000000387e-04
1.400000000000000000e+01 1.010000000000000000e+02 7.000000000000000000e+00 0.000000000000000000e+00 1.600000000000000089e+00 2.393999999999999861e-03 -9.771999999999999437e-03 9.999489999999999768e-01 8.864549999999999930e-01 4.628079999999999972e-01 2.399999999999999790e-03 -4.628079999999999972e-01 8.864049999999999985e-01 9.771000000000000171e-03
2.100000000000000000e+01 1.010000000000000000e+02 7.000000000000000000e+00 0.000000000000000000e+00 1.600000000000000089e+00 -1.742000000000000059e-03 7.043999999999999914e-03 9.999740000000000295e-01 8.867070000000000229e-01 4.623280000000000167e-01 -1.711999999999999980e-03 -4.623280000000000167e-01 8.866810000000000525e-01 -7.050999999999999976e-03
7.000000000000000000e+00 1.500000000000000000e+01 8.000000000000000000e+00 0.000000000000000000e+00 1.600000000000000089e+00 -4.249999999999999763e-04 -2.430200000000000068e-02 -9.997049999999999548e-01 -6.186329999999999885e-01 -7.854409999999999448e-01 1.935699999999999921e-02 -7.856800000000000450e-01 6.184589999999999810e-01 -1.469999999999999953e-02
4.000000000000000000e+00 2.500000000000000000e+01 8.000000000000000000e+00 0.000000000000000000e+00 1.600000000000000089e+00 1.304000000000000038e-03 5.918999999999999782e-03 -9.999820000000000375e-01 4.425250000000000017e-01 8.967370000000000063e-01 5.884999999999999606e-03 8.967549999999999688e-01 -4.425239999999999729e-01 -1.449999999999999900e-03
8.000000000000000000e+00 2.500000000000000000e+01 8.000000000000000000e+00 0.000000000000000000e+00 1.600000000000000089e+00 1.469999999999999953e-03 -2.280000000000000126e-04 -9.999989999999999712e-01 4.415419999999999900e-01 8.972409999999999553e-01 4.449999999999999746e-04 8.972390000000000088e-01 -4.415419999999999900e-01 1.418999999999999906e-03
1.200000000000000000e+01 2.500000000000000000e+01 8.000000000000000000e+00 0.000000000000000000e+00 1.600000000000000089e+00 -5.230000000000000274e-04 -2.460000000000000164e-04 -1.000000000000000000e+00 4.404390000000000249e-01 8.977829999999999977e-01 -4.510000000000000120e-04 8.977819999999999689e-01 -4.404390000000000249e-01 -3.620000000000000171e-04
1.700000000000000000e+01 2.500000000000000000e+01 8.000000000000000000e+00 0.000000000000000000e+00 1.600000000000000089e+00 2.315999999999999916e-03 6.152999999999999615e-03 -9.999780000000000335e-01 4.386889999999999956e-01 8.986150000000000526e-01 6.544999999999999603e-03 8.986359999999999904e-01 -4.386939999999999729e-01 -6.179999999999999513e-04
2.100000000000000000e+01 2.500000000000000000e+01 8.000000000000000000e+00 0.000000000000000000e+00 1.600000000000000089e+00 1.655000000000000004e-03 2.054999999999999969e-03 -9.999970000000000248e-01 4.380539999999999989e-01 8.989449999999999941e-01 2.572000000000000067e-03 8.989470000000000516e-01 -4.380569999999999742e-01 5.879999999999999810e-04
2.700000000000000000e+01 2.500000000000000000e+01 8.000000000000000000e+00 0.000000000000000000e+00 1.600000000000000089e+00 1.098999999999999934e-03 2.318000000000000182e-03 -9.999970000000000248e-01 4.360620000000000052e-01 8.999129999999999630e-01 2.565000000000000006e-03 8.999160000000000492e-01 -4.360629999999999784e-01 -2.199999999999999943e-05
6.000000000000000000e+00 2.400000000000000000e+01 9.000000000000000000e+00 0.000000000000000000e+00 1.600000000000000089e+00 2.046000000000000076e-03 4.655000000000000283e-03 -9.999869999999999592e-01 4.485779999999999768e-01 8.937289999999999957e-01 5.078000000000000048e-03 8.937410000000000077e-01 -4.485830000000000095e-01 -2.590000000000000071e-04
1.200000000000000000e+01 2.400000000000000000e+01 9.000000000000000000e+00 0.000000000000000000e+00 1.600000000000000089e+00 -2.020000000000000040e-04 -4.870000000000000197e-04 -1.000000000000000000e+00 4.468360000000000110e-01 8.946159999999999668e-01 -5.259999999999999919e-04 8.946159999999999668e-01 -4.468360000000000110e-01 3.699999999999999811e-05
1.800000000000000000e+01 2.400000000000000000e+01 9.000000000000000000e+00 0.000000000000000000e+00 1.600000000000000089e+00 2.344000000000000163e-03 3.991999999999999889e-03 -9.999890000000000168e-01 4.445819999999999772e-01 8.957260000000000222e-01 4.617999999999999709e-03 8.957349999999999479e-01 -4.445879999999999832e-01 3.249999999999999851e-04
2.700000000000000000e+01 2.400000000000000000e+01 9.000000000000000000e+00 0.000000000000000000e+00 1.600000000000000089e+00 9.370000000000000074e-04 3.216000000000000109e-03 -9.999940000000000495e-01 4.416240000000000165e-01 8.971940000000000470e-01 3.298999999999999849e-03 8.971999999999999975e-01 -4.416249999999999898e-01 -5.789999999999999791e-04
4.000000000000000000e+00 8.000000000000000000e+00 1.000000000000000000e+01 0.000000000000000000e+00 1.600000000000000089e+00 -1.545189999999999897e-01 -1.159250000000000003e-01 -9.811649999999999539e-01 -9.460769999999999458e-01 -2.688240000000000074e-01 1.807549999999999990e-01 -2.847149999999999959e-01 9.561880000000000379e-01 -6.813600000000000212e-02
2.900000000000000000e+01 8.000000000000000000e+00 1.000000000000000000e+01 0.000000000000000000e+00 1.600000000000000089e+00 9.319600000000000106e-02 6.740999999999999770e-02 -9.933629999999999960e-01 -9.713709999999999845e-01 -2.128190000000000082e-01 -1.055750000000000022e-01 -2.185239999999999960e-01 9.747630000000000461e-01 4.564599999999999907e-02
2.100000000000000000e+01 3.000000000000000000e+00 1.100000000000000000e+01 0.000000000000000000e+00 1.600000000000000089e+00 -6.203000000000000180e-03 1.058840000000000059e-01 9.943589999999999929e-01 1.352820000000000134e-01 -9.851480000000000237e-01 1.057469999999999938e-01 9.907880000000000020e-01 1.351749999999999896e-01 -8.212999999999999814e-03
1.000000000000000000e+01 3.100000000000000000e+01 1.200000000000000000e+01 0.000000000000000000e+00 1.600000000000000089e+00 -8.159999999999999936e-04 6.159000000000000412e-03 9.999810000000000088e-01 -4.562000000000000083e-03 9.999710000000000543e-01 -6.163000000000000075e-03 -9.999890000000000168e-01 -4.566999999999999879e-03 -7.879999999999999635e-04
9.000000000000000000e+00 1.160000000000000000e+02 1.600000000000000000e+01 0.000000000000000000e+00 1.600000000000000089e+00 3.890000000000000228e-04 4.910000000000000085e-04 1.000000000000000000e+00 7.620320000000000427e-01 6.475389999999999757e-01 -6.139999999999999625e-04 -6.475389999999999757e-01 7.620320000000000427e-01 -1.219999999999999974e-04
1.400000000000000000e+01 1.160000000000000000e+02 1.600000000000000000e+01 0.000000000000000000e+00 1.600000000000000089e+00 6.700000000000000226e-05 3.249999999999999851e-04 1.000000000000000000e+00 7.525659999999999572e-01 6.585170000000000190e-01 -2.649999999999999903e-04 -6.585170000000000190e-01 7.525659999999999572e-01 -2.000000000000000096e-04
1.800000000000000000e+01 1.160000000000000000e+02 1.600000000000000000e+01 0.000000000000000000e+00 1.600000000000000089e+00 -4.889999999999999599e-04 -1.936000000000000004e-03 9.999980000000000535e-01 7.533480000000000176e-01 6.576199999999999823e-01 1.642000000000000013e-03 -6.576220000000000399e-01 7.533480000000000176e-01 1.136999999999999990e-03
2.100000000000000000e+01 1.160000000000000000e+02 1.600000000000000000e+01 0.000000000000000000e+00 1.600000000000000089e+00 -3.420000000000000188e-04 -2.247999999999999998e-03 9.999970000000000248e-01 7.595600000000000129e-01 6.504349999999999854e-01 1.722000000000000006e-03 -6.504370000000000429e-01 7.595589999999999842e-01 1.485999999999999908e-03
2.700000000000000000e+01 1.160000000000000000e+02 1.600000000000000000e+01 0.000000000000000000e+00 1.600000000000000089e+00 -8.149999999999999693e-04 -1.830000000000000029e-04 1.000000000000000000e+00 7.461520000000000374e-01 6.657750000000000057e-01 7.299999999999999632e-04 -6.657750000000000057e-01 7.461529999999999552e-01 -4.060000000000000024e-04
2.000000000000000000e+00 2.000000000000000000e+00 1.900000000000000000e+01 0.000000000000000000e+00 1.600000000000000089e+00 6.786999999999999630e-03 -6.266499999999999848e-02 -9.980120000000000102e-01 3.454999999999999738e-01 -9.364249999999999519e-01 6.114699999999999996e-02 -9.383939999999999504e-01 -3.452279999999999793e-01 1.529600000000000057e-02
9.000000000000000000e+00 2.000000000000000000e+00 1.900000000000000000e+01 0.000000000000000000e+00 1.600000000000000089e+00 7.211999999999999661e-03 -6.456699999999999939e-02 -9.978869999999999685e-01 3.677000000000000268e-01 -9.278290000000000148e-01 6.269199999999999773e-02 -9.299169999999999936e-01 -3.673750000000000071e-01 1.704999999999999918e-02
1.600000000000000000e+01 2.000000000000000000e+00 1.900000000000000000e+01 0.000000000000000000e+00 1.600000000000000089e+00 5.779999999999999548e-04 1.107299999999999951e-02 -9.999390000000000223e-01 3.648210000000000064e-01 -9.310230000000000450e-01 -1.009900000000000034e-02 -9.310779999999999612e-01 -3.647929999999999784e-01 -4.577999999999999604e-03
2.000000000000000000e+01 3.000000000000000000e+00 1.900000000000000000e+01 0.000000000000000000e+00 1.600000000000000089e+00 3.275999999999999832e-03 3.605699999999999877e-02 -9.993440000000000101e-01 3.407919999999999838e-01 -9.395670000000000410e-01 -3.278299999999999964e-02 -9.401329999999999965e-01 -3.404610000000000136e-01 -1.536599999999999945e-02
2.400000000000000000e+01 3.000000000000000000e+00 1.900000000000000000e+01 0.000000000000000000e+00 1.600000000000000089e+00 6.570000000000000319e-04 5.033800000000000080e-02 -9.987319999999999531e-01 3.483269999999999977e-01 -9.361960000000000282e-01 -4.695699999999999874e-02 -9.373730000000000118e-01 -3.478539999999999965e-01 -1.814899999999999847e-02
2.800000000000000000e+01 3.000000000000000000e+00 1.900000000000000000e+01 0.000000000000000000e+00 1.600000000000000089e+00 -2.562000000000000041e-03 4.506899999999999795e-02 -9.989810000000000079e-01 3.535090000000000177e-01 -9.344390000000000196e-01 -4.306399999999999811e-02 -9.354270000000000085e-01 -3.532589999999999897e-01 -1.353799999999999969e-02
4.000000000000000000e+00 1.300000000000000000e+01 2.000000000000000000e+01 0.000000000000000000e+00 1.600000000000000089e+00 4.809999999999999823e-04 1.587000000000000086e-03 9.999989999999999712e-01 2.587559999999999860e-01 9.659410000000000496e-01 -1.657999999999999969e-03 -9.659429999999999961e-01 2.587559999999999860e-01 5.399999999999999798e-05
1.200000000000000000e+01 1.300000000000000000e+01 2.000000000000000000e+01 0.000000000000000000e+00 1.600000000000000089e+00 6.009999999999999717e-04 8.245999999999999858e-03 9.999660000000000215e-01 2.610689999999999955e-01 9.652859999999999774e-01 -8.116999999999999216e-03 -9.653199999999999559e-01 2.610649999999999915e-01 -1.572999999999999962e-03
1.600000000000000000e+01 1.300000000000000000e+01 2.000000000000000000e+01 0.000000000000000000e+00 1.600000000000000089e+00 -8.450000000000000479e-04 -2.534999999999999927e-03 9.999959999999999960e-01 2.614469999999999850e-01 9.652140000000000164e-01 2.667999999999999799e-03 -9.652180000000000204e-01 2.614480000000000137e-01 -1.530000000000000056e-04
2.900000000000000000e+01 1.300000000000000000e+01 2.000000000000000000e+01 0.000000000000000000e+00 1.600000000000000089e+00 1.044000000000000006e-03 1.744000000000000107e-03 9.999980000000000535e-01 2.604020000000000223e-01 9.654979999999999674e-01 -1.955999999999999839e-03 -9.655000000000000249e-01 2.604040000000000243e-01 5.540000000000000219e-04
1.600000000000000000e+01 1.600000000000000000e+01 2.100000000000000000e+01 0.000000000000000000e+00 1.600000000000000089e+00 -1.822999999999999968e-03 -5.193999999999999832e-03 9.999850000000000128e-01 2.990160000000000040e-01 9.542319999999999691e-01 5.501999999999999946e-03 -9.542460000000000386e-01 2.990220000000000100e-01 -1.869999999999999917e-04
1.300000000000000000e+01 2.000000000000000000e+00 2.500000000000000000e+01 0.000000000000000000e+00 1.600000000000000089e+00 2.337999999999999801e-03 -9.209999999999999437e-03 9.999550000000000383e-01 6.821399999999999686e-02 -9.976270000000000415e-01 -9.348000000000000406e-03 9.976679999999999993e-01 6.823300000000000198e-02 -1.704000000000000003e-03
4.000000000000000000e+00 3.000000000000000000e+00 2.500000000000000000e+01 0.000000000000000000e+00 1.600000000000000089e+00 9.407999999999999696e-03 -4.917300000000000143e-02 9.987460000000000226e-01 2.981899999999999828e-02 -9.983319999999999972e-01 -4.943299999999999778e-02 9.995110000000000383e-01 3.024599999999999858e-02 -7.927000000000000018e-03
1.200000000000000000e+01 3.000000000000000000e+00 2.500000000000000000e+01 0.000000000000000000e+00 1.600000000000000089e+00 1.958000000000000105e-03 -1.299900000000000014e-02 9.999139999999999695e-01 -1.321300000000000079e-02 -9.998289999999999678e-01 -1.297199999999999916e-02 9.999109999999999943e-01 -1.318700000000000080e-02 -2.128999999999999816e-03
1.800000000000000000e+01 3.000000000000000000e+00 2.500000000000000000e+01 0.000000000000000000e+00 1.600000000000000089e+00 1.598000000000000028e-03 5.832999999999999644e-03 9.999820000000000375e-01 -1.788000000000000006e-02 -9.998230000000000173e-01 5.860999999999999890e-03 9.998390000000000333e-01 -1.788899999999999865e-02 -1.494000000000000102e-03
7.000000000000000000e+00 4.600000000000000000e+01 2.700000000000000000e+01 0.000000000000000000e+00 1.600000000000000089e+00 2.880000000000000073e-04 2.507999999999999813e-03 -9.999970000000000248e-01 6.728840000000000376e-01 7.397449999999999859e-01 2.049000000000000040e-03 7.397479999999999611e-01 -6.728830000000000089e-01 -1.474999999999999966e-03
1.600000000000000000e+01 4.600000000000000000e+01 2.700000000000000000e+01 0.000000000000000000e+00 1.600000000000000089e+00 -1.479999999999999925e-04 -5.090000000000000123e-04 -1.000000000000000000e+00 6.799619999999999553e-01 7.332469999999999821e-01 -4.739999999999999747e-04 7.332480000000000109e-01 -6.799619999999999553e-01 2.380000000000000117e-04
2.800000000000000000e+01 4.600000000000000000e+01 2.700000000000000000e+01 0.000000000000000000e+00 1.600000000000000089e+00 -7.399999999999999894e-04 9.200000000000000278e-04 -9.999989999999999712e-01 6.812460000000000182e-01 7.320550000000000113e-01 1.700000000000000122e-04 7.320539999999999825e-01 -6.812449999999999894e-01 -1.167999999999999984e-03
3.000000000000000000e+01 4.600000000000000000e+01 3.000000000000000000e+01 0.000000000000000000e+00 1.600000000000000089e+00 -8.959999999999999866e-04 5.860000000000000408e-04 -9.999989999999999712e-01 3.246390000000000109e-01 9.458379999999999566e-01 2.629999999999999959e-04 9.458379999999999566e-01 -3.246390000000000109e-01 -1.036999999999999944e-03
1.000000000000000000e+00 5.800000000000000000e+01 3.100000000000000000e+01 0.000000000000000000e+00 1.600000000000000089e+00 8.319999999999999271e-03 7.269000000000000287e-03 9.999390000000000223e-01 -7.688930000000000486e-01 -6.392820000000000169e-01 1.104499999999999926e-02 6.393229999999999746e-01 -7.689380000000000104e-01 2.700000000000000035e-04
1.500000000000000000e+01 5.800000000000000000e+01 3.100000000000000000e+01 0.000000000000000000e+00 1.600000000000000089e+00 -3.938999999999999793e-03 -8.883000000000000271e-03 9.999529999999999808e-01 -7.971310000000000340e-01 -6.037470000000000336e-01 -8.503999999999999407e-03 6.037940000000000529e-01 -7.971270000000000300e-01 -4.702999999999999715e-03
2.400000000000000000e+01 5.800000000000000000e+01 3.100000000000000000e+01 0.000000000000000000e+00 1.600000000000000089e+00 -2.497999999999999787e-03 -4.076999999999999895e-03 9.999890000000000168e-01 -8.053360000000000518e-01 -5.928020000000000511e-01 -4.428999999999999777e-03 5.928130000000000344e-01 -8.053379999999999983e-01 -1.802999999999999915e-03
4.000000000000000000e+00 2.300000000000000000e+01 3.400000000000000000e+01 0.000000000000000000e+00 1.600000000000000089e+00 -1.734000000000000081e-03 4.303000000000000401e-03 9.999890000000000168e-01 4.076429999999999776e-01 -9.131299999999999972e-01 4.636000000000000364e-03 9.131399999999999517e-01 4.076460000000000083e-01 -1.710000000000000094e-04
3.000000000000000000e+00 4.600000000000000000e+01 3.500000000000000000e+01 0.000000000000000000e+00 1.600000000000000089e+00 8.300000000000000086e-04 1.448000000000000068e-03 -9.999989999999999712e-01 3.891879999999999784e-01 -9.211580000000000323e-01 -1.010999999999999963e-03 -9.211580000000000323e-01 -3.891859999999999764e-01 -1.327999999999999970e-03
9.000000000000000000e+00 4.600000000000000000e+01 3.500000000000000000e+01 0.000000000000000000e+00 1.600000000000000089e+00 2.020000000000000094e-03 2.935999999999999808e-03 -9.999940000000000495e-01 3.894299999999999984e-01 -9.210540000000000393e-01 -1.918000000000000000e-03 -9.210540000000000393e-01 -3.894230000000000191e-01 -3.004000000000000160e-03
1.400000000000000000e+01 4.600000000000000000e+01 3.500000000000000000e+01 0.000000000000000000e+00 1.600000000000000089e+00 -1.296999999999999976e-03 -2.158000000000000196e-03 -9.999970000000000248e-01 3.898389999999999911e-01 -9.208819999999999784e-01 1.482000000000000027e-03 -9.208819999999999784e-01 -3.898349999999999871e-01 2.034999999999999917e-03
1.800000000000000000e+01 4.600000000000000000e+01 3.500000000000000000e+01 0.000000000000000000e+00 1.600000000000000089e+00 -1.101999999999999898e-03 -1.528000000000000061e-03 -9.999980000000000535e-01 3.906330000000000080e-01 -9.205459999999999754e-01 9.759999999999999796e-04 -9.205459999999999754e-01 -3.906310000000000060e-01 1.611000000000000019e-03
2.200000000000000000e+01 4.600000000000000000e+01 3.500000000000000000e+01 0.000000000000000000e+00 1.600000000000000089e+00 -8.559999999999999901e-04 -3.683000000000000076e-03 -9.999930000000000208e-01 3.933159999999999989e-01 -9.193980000000000485e-01 3.049000000000000061e-03 -9.194029999999999703e-01 -3.933099999999999929e-01 2.236000000000000140e-03
2.700000000000000000e+01 4.600000000000000000e+01 3.500000000000000000e+01 0.000000000000000000e+00 1.600000000000000089e+00 -3.669999999999999760e-04 1.108999999999999960e-03 -9.999989999999999712e-01 3.930020000000000180e-01 -9.195370000000000488e-01 -1.164000000000000104e-03 -9.195379999999999665e-01 -3.930020000000000180e-01 -9.799999999999999684e-05
2.900000000000000000e+01 9.500000000000000000e+01 3.600000000000000000e+01 0.000000000000000000e+00 1.600000000000000089e+00 -1.063700000000000062e-02 -1.774999999999999842e-02 9.997859999999999525e-01 9.956840000000000135e-01 9.200200000000000045e-02 1.222600000000000076e-02 -9.219900000000000317e-02 9.956009999999999582e-01 1.669500000000000151e-02
5.000000000000000000e+00 2.900000000000000000e+01 4.400000000000000000e+01 0.000000000000000000e+00 1.600000000000000089e+00 2.900000000000000017e-04 1.199999999999999895e-03 -9.999989999999999712e-01 6.550780000000000491e-01 7.555610000000000381e-01 1.095999999999999969e-03 7.555619999999999559e-01 -6.550770000000000204e-01 -5.670000000000000127e-04
1.100000000000000000e+01 2.900000000000000000e+01 4.400000000000000000e+01 0.000000000000000000e+00 1.600000000000000089e+00 4.972999999999999990e-03 4.547999999999999959e-03 -9.999770000000000048e-01 6.603919999999999790e-01 7.508920000000000039e-01 6.700000000000000226e-03 7.509050000000000447e-01 -6.604100000000000525e-01 7.299999999999999632e-04
1.600000000000000000e+01 2.900000000000000000e+01 4.400000000000000000e+01 0.000000000000000000e+00 1.600000000000000089e+00 -2.273999999999999980e-03 2.458000000000000115e-03 -9.999940000000000495e-01 6.591200000000000392e-01 7.520379999999999843e-01 3.490000000000000263e-04 7.520350000000000090e-01 -6.591150000000000064e-01 -3.330000000000000061e-03
2.700000000000000000e+01 2.900000000000000000e+01 4.400000000000000000e+01 0.000000000000000000e+00 1.600000000000000089e+00 -2.409000000000000117e-03 -2.481999999999999831e-03 -9.999940000000000495e-01 6.557629999999999848e-01 7.549590000000000467e-01 -3.454000000000000039e-03 7.549630000000000507e-01 -6.557669999999999888e-01 -1.910000000000000077e-04
8.000000000000000000e+00 1.150000000000000000e+02 5.100000000000000000e+01 0.000000000000000000e+00 1.600000000000000089e+00 -2.939999999999999905e-04 -4.342999999999999639e-03 9.999909999999999632e-01 8.443800000000000194e-01 -5.357410000000000228e-01 -2.077999999999999986e-03 5.357450000000000268e-01 8.443709999999999827e-01 3.824999999999999841e-03
2.000000000000000000e+00 6.300000000000000000e+01 5.400000000000000000e+01 0.000000000000000000e+00 1.600000000000000089e+00 4.100000000000000047e-05 -2.445999999999999824e-03 9.999970000000000248e-01 -3.506219999999999892e-01 9.365139999999999576e-01 2.305000000000000191e-03 -9.365170000000000439e-01 -3.506210000000000160e-01 -8.199999999999999824e-04
6.000000000000000000e+00 6.300000000000000000e+01 5.400000000000000000e+01 0.000000000000000000e+00 1.600000000000000089e+00 -1.188999999999999953e-03 1.350000000000000017e-04 9.999989999999999712e-01 -3.507990000000000275e-01 9.364510000000000334e-01 -5.429999999999999714e-04 -9.364500000000000046e-01 -3.507990000000000275e-01 -1.067000000000000023e-03
1.100000000000000000e+01 6.300000000000000000e+01 5.400000000000000000e+01 0.000000000000000000e+00 1.600000000000000089e+00 1.310000000000000129e-04 2.786999999999999981e-03 9.999959999999999960e-01 -3.496770000000000156e-01 9.368670000000000053e-01 -2.565000000000000006e-03 -9.368699999999999806e-01 -3.496750000000000136e-01 1.098000000000000018e-03
1.700000000000000000e+01 6.300000000000000000e+01 5.400000000000000000e+01 0.000000000000000000e+00 1.600000000000000089e+00 1.505000000000000044e-03 5.550000000000000462e-04 9.999989999999999712e-01 -3.525889999999999858e-01 9.357779999999999987e-01 1.200000000000000030e-05 -9.357769999999999699e-01 -3.525889999999999858e-01 1.603999999999999957e-03
2.200000000000000000e+01 6.300000000000000000e+01 5.400000000000000000e+01 0.000000000000000000e+00 1.600000000000000089e+00 1.310000000000000129e-04 -3.206000000000000082e-03 9.999949999999999672e-01 -3.506650000000000045e-01 9.364959999999999951e-01 3.047999999999999928e-03 -9.365010000000000279e-01 -3.506639999999999757e-01 -1.002000000000000069e-03
2.700000000000000000e+01 6.300000000000000000e+01 5.400000000000000000e+01 0.000000000000000000e+00 1.600000000000000089e+00 -1.748999999999999904e-03 -5.359000000000000048e-03 9.999839999999999840e-01 -3.535690000000000222e-01 9.353979999999999517e-01 4.394999999999999601e-03 -9.354069999999999885e-01 -3.535559999999999814e-01 -3.530999999999999851e-03
4.000000000000000000e+00 2.500000000000000000e+01 5.500000000000000000e+01 0.000000000000000000e+00 1.600000000000000089e+00 -6.099999999999999737e-04 1.688000000000000047e-03 -9.999980000000000535e-01 -1.167999999999999941e-02 -9.999299999999999855e-01 -1.680999999999999986e-03 -9.999320000000000430e-01 1.167900000000000015e-02 6.300000000000000261e-04
1.900000000000000000e+01 2.500000000000000000e+01 5.500000000000000000e+01 0.000000000000000000e+00 1.600000000000000089e+00 -1.689999999999999879e-04 4.699999999999999859e-04 -1.000000000000000000e+00 -1.393199999999999994e-02 -9.999029999999999863e-01 -4.670000000000000214e-04 -9.999029999999999863e-01 1.393199999999999994e-02 1.749999999999999982e-04
2.300000000000000000e+01 2.600000000000000000e+01 5.500000000000000000e+01 0.000000000000000000e+00 1.600000000000000089e+00 1.325999999999999922e-03 5.115999999999999888e-03 -9.999860000000000415e-01 -3.304300000000000292e-02 -9.994410000000000238e-01 -5.157000000000000126e-03 -9.994530000000000358e-01 3.305000000000000299e-02 -1.155999999999999910e-03
1.000000000000000000e+01 6.800000000000000000e+01 5.700000000000000000e+01 0.000000000000000000e+00 1.600000000000000089e+00 2.410000000000000033e-04 -4.954000000000000070e-03 -9.999879999999999880e-01 -2.416850000000000109e-01 -9.703429999999999556e-01 4.748999999999999749e-03 -9.703549999999999676e-01 2.416800000000000059e-01 -1.431999999999999896e-03
4.000000000000000000e+00 2.000000000000000000e+01 6.000000000000000000e+01 0.000000000000000000e+00 1.600000000000000089e+00 6.980000000000000527e-04 -1.089099999999999964e-02 9.999400000000000510e-01 -6.325600000000000667e-02 9.979379999999999917e-01 1.091300000000000082e-02 -9.979970000000000230e-01 -6.325999999999999679e-02 7.999999999999999638e-06
1.100000000000000000e+01 2.100000000000000000e+01 6.000000000000000000e+01 0.000000000000000000e+00 1.600000000000000089e+00 -7.200000000000000453e-04 5.506999999999999743e-03 9.999850000000000128e-01 -9.526300000000000046e-02 9.954370000000000163e-01 -5.551000000000000378e-03 -9.954520000000000035e-01 -9.526600000000000346e-02 -1.930000000000000021e-04
1.700000000000000000e+01 2.100000000000000000e+01 6.000000000000000000e+01 0.000000000000000000e+00 1.600000000000000089e+00 7.190000000000000210e-04 -7.396999999999999929e-03 9.999719999999999720e-01 -9.669099999999999917e-02 9.952870000000000328e-01 7.432000000000000238e-03 -9.953140000000000320e-01 -9.669300000000000117e-02 0.000000000000000000e+00
2.100000000000000000e+01 2.100000000000000000e+01 6.000000000000000000e+01 0.000000000000000000e+00 1.600000000000000089e+00 1.675999999999999972e-03 -1.178999999999999927e-03 9.999980000000000535e-01 -9.719999999999999474e-02 9.952640000000000375e-01 1.335999999999999948e-03 -9.952640000000000375e-01 -9.720199999999999674e-02 1.554000000000000043e-03
2.500000000000000000e+01 2.100000000000000000e+01 6.000000000000000000e+01 0.000000000000000000e+00 1.600000000000000089e+00 -1.580999999999999940e-03 7.386000000000000204e-03 9.999719999999999720e-01 -9.562600000000000267e-02 9.953889999999999683e-01 -7.503000000000000121e-03 -9.954159999999999675e-01 -9.563499999999999779e-02 -8.670000000000000406e-04
4.000000000000000000e+00 6.700000000000000000e+01 6.000000000000000000e+01 0.000000000000000000e+00 1.600000000000000089e+00 -7.179999999999999967e-04 -3.516000000000000028e-03 9.999940000000000495e-01 1.740099999999999980e-01 -9.847380000000000022e-01 -3.337999999999999821e-03 9.847439999999999527e-01 1.740059999999999940e-01 1.319000000000000077e-03
1.200000000000000000e+01 6.700000000000000000e+01 6.000000000000000000e+01 0.000000000000000000e+00 1.600000000000000089e+00 -1.358000000000000049e-03 -3.184000000000000198e-03 9.999940000000000495e-01 1.749729999999999897e-01 -9.845690000000000275e-01 -2.896999999999999836e-03 9.845720000000000027e-01 1.749680000000000124e-01 1.894000000000000067e-03
2.400000000000000000e+01 3.000000000000000000e+00 6.300000000000000000e+01 0.000000000000000000e+00 1.600000000000000089e+00 -1.131000000000000061e-03 -3.987000000000000093e-03 9.999909999999999632e-01 -6.131370000000000431e-01 7.899720000000000075e-01 2.456999999999999983e-03 -7.899749999999999828e-01 -6.131290000000000351e-01 -3.337999999999999821e-03
6.000000000000000000e+00 2.700000000000000000e+01 6.300000000000000000e+01 0.000000000000000000e+00 1.600000000000000089e+00 -3.939999999999999817e-04 -6.639999999999999852e-04 1.000000000000000000e+00 -2.746120000000000227e-01 9.615550000000000486e-01 5.299999999999999807e-04 -9.615550000000000486e-01 -2.746120000000000227e-01 -5.619999999999999996e-04
1.100000000000000000e+01 2.700000000000000000e+01 6.300000000000000000e+01 0.000000000000000000e+00 1.600000000000000089e+00 -1.064999999999999974e-03 -2.098000000000000038e-03 9.999970000000000248e-01 -2.755279999999999951e-01 9.612920000000000353e-01 1.724000000000000055e-03 -9.612929999999999531e-01 -2.755250000000000199e-01 -1.601999999999999908e-03
2.100000000000000000e+01 2.700000000000000000e+01 6.300000000000000000e+01 0.000000000000000000e+00 1.600000000000000089e+00 1.768000000000000040e-03 -5.429999999999999714e-04 9.999980000000000535e-01 -2.747550000000000270e-01 9.615139999999999798e-01 1.007000000000000083e-03 -9.615129999999999511e-01 -2.747560000000000002e-01 1.551000000000000078e-03
2.600000000000000000e+01 2.700000000000000000e+01 6.300000000000000000e+01 0.000000000000000000e+00 1.600000000000000089e+00 -1.747999999999999988e-03 1.283000000000000069e-03 9.999980000000000535e-01 -2.775480000000000169e-01 9.607099999999999529e-01 -1.716999999999999993e-03 -9.607099999999999529e-01 -2.775509999999999922e-01 -1.324000000000000090e-03
2.900000000000000000e+01 2.700000000000000000e+01 6.300000000000000000e+01 0.000000000000000000e+00 1.600000000000000089e+00 -1.729000000000000068e-03 3.102999999999999856e-03 9.999940000000000495e-01 -2.778809999999999891e-01 9.606090000000000462e-01 -3.461000000000000101e-03 -9.606139999999999679e-01 -2.778849999999999931e-01 -7.979999999999999897e-04
3.000000000000000000e+00 2.600000000000000000e+01 6.400000000000000000e+01 0.000000000000000000e+00 1.600000000000000089e+00 6.899999999999999667e-05 8.200000000000000095e-05 1.000000000000000000e+00 -3.648210000000000064e-01 9.310779999999999612e-01 -5.199999999999999680e-05 -9.310779999999999612e-01 -3.648210000000000064e-01 9.399999999999999448e-05
7.000000000000000000e+00 2.600000000000000000e+01 6.400000000000000000e+01 0.000000000000000000e+00 1.600000000000000089e+00 6.299999999999999990e-05 -1.340999999999999961e-03 9.999989999999999712e-01 -3.682900000000000063e-01 9.297100000000000364e-01 1.270000000000000078e-03 -9.297109999999999541e-01 -3.682900000000000063e-01 -4.350000000000000026e-04
1.100000000000000000e+01 2.600000000000000000e+01 6.400000000000000000e+01 0.000000000000000000e+00 1.600000000000000089e+00 -1.062000000000000010e-03 -1.583999999999999905e-03 9.999980000000000535e-01 -3.682849999999999735e-01 9.297119999999999829e-01 1.080999999999999930e-03 -9.297130000000000116e-01 -3.682830000000000270e-01 -1.570999999999999914e-03
2.100000000000000000e+01 2.600000000000000000e+01 6.400000000000000000e+01 0.000000000000000000e+00 1.600000000000000089e+00 2.350999999999999791e-03 1.879999999999999890e-04 9.999970000000000248e-01 -3.670669999999999766e-01 9.301939999999999653e-01 6.880000000000000265e-04 -9.301920000000000188e-01 -3.670669999999999766e-01 2.256000000000000193e-03
2.600000000000000000e+01 2.600000000000000000e+01 6.400000000000000000e+01 0.000000000000000000e+00 1.600000000000000089e+00 -2.128999999999999816e-03 2.056999999999999801e-03 9.999959999999999960e-01 -3.707349999999999812e-01 9.287349999999999772e-01 -2.700000000000000143e-03 -9.287360000000000060e-01 -3.707389999999999852e-01 -1.214000000000000018e-03
2.900000000000000000e+01 2.600000000000000000e+01 6.400000000000000000e+01 0.000000000000000000e+00 1.600000000000000089e+00 -2.112999999999999861e-03 3.076000000000000175e-03 9.999930000000000208e-01 -3.710109999999999797e-01 9.286210000000000298e-01 -3.641000000000000139e-03 -9.286259999999999515e-01 -3.710169999999999857e-01 -8.210000000000000067e-04
2.000000000000000000e+00 6.900000000000000000e+01 6.600000000000000000e+01 0.000000000000000000e+00 1.600000000000000089e+00 -8.419999999999999750e-04 -9.055000000000000548e-03 9.999590000000000423e-01 -9.557269999999999932e-01 2.942480000000000095e-01 1.858999999999999975e-03 -2.942520000000000135e-01 -9.556860000000000355e-01 -8.902000000000000191e-03
1.500000000000000000e+01 6.900000000000000000e+01 6.600000000000000000e+01 0.000000000000000000e+00 1.600000000000000089e+00 1.598999999999999944e-03 1.330999999999999935e-03 9.999980000000000535e-01 -9.536670000000000424e-01 3.008609999999999896e-01 1.123999999999999999e-03 -3.008589999999999876e-01 -9.536670000000000424e-01 1.750999999999999952e-03
2.000000000000000000e+00 2.500000000000000000e+01 7.300000000000000000e+01 0.000000000000000000e+00 1.600000000000000089e+00 1.319000000000000077e-03 -1.990000000000000124e-04 9.999989999999999712e-01 7.555560000000000054e-01 -6.550829999999999709e-01 -1.126999999999999964e-03 6.550829999999999709e-01 7.555570000000000341e-01 -7.129999999999999836e-04
9.000000000000000000e+00 2.500000000000000000e+01 7.300000000000000000e+01 0.000000000000000000e+00 1.600000000000000089e+00 -7.150000000000000322e-04 1.121999999999999950e-03 9.999989999999999712e-01 7.572269999999999834e-01 -6.531500000000000083e-01 1.273999999999999959e-03 6.531510000000000371e-01 7.572269999999999834e-01 -3.829999999999999854e-04
1.400000000000000000e+01 2.500000000000000000e+01 7.300000000000000000e+01 0.000000000000000000e+00 1.600000000000000089e+00 1.644999999999999978e-03 1.224999999999999960e-03 9.999980000000000535e-01 7.573499999999999677e-01 -6.530089999999999506e-01 -4.459999999999999989e-04 6.530070000000000041e-01 7.573490000000000499e-01 -2.001999999999999873e-03
1.900000000000000000e+01 2.500000000000000000e+01 7.300000000000000000e+01 0.000000000000000000e+00 1.600000000000000089e+00 -3.970000000000000005e-04 4.899999999999999842e-04 1.000000000000000000e+00 7.583509999999999973e-01 -6.518469999999999542e-01 6.199999999999999999e-04 6.518469999999999542e-01 7.583509999999999973e-01 -1.119999999999999983e-04
2.600000000000000000e+01 2.500000000000000000e+01 7.300000000000000000e+01 0.000000000000000000e+00 1.600000000000000089e+00 -4.679999999999999915e-04 1.345999999999999974e-03 9.999989999999999712e-01 7.544819999999999860e-01 -6.563189999999999857e-01 1.235999999999999903e-03 6.563200000000000145e-01 7.544819999999999860e-01 -7.089999999999999948e-04
3.000000000000000000e+01 2.500000000000000000e+01 7.300000000000000000e+01 0.000000000000000000e+00 1.600000000000000089e+00 -1.779999999999999898e-04 -2.049999999999999956e-04 1.000000000000000000e+00 7.564009999999999900e-01 -6.541080000000000227e-01 9.999999999999999547e-07 6.541080000000000227e-01 7.564009999999999900e-01 2.719999999999999979e-04
7.000000000000000000e+00 4.400000000000000000e+01 7.300000000000000000e+01 0.000000000000000000e+00 1.600000000000000089e+00 -6.220000000000000485e-04 -3.297000000000000017e-03 9.999940000000000495e-01 5.416800000000000087e-02 -9.985270000000000534e-01 -3.258000000000000045e-03 9.985319999999999752e-01 5.416599999999999887e-02 7.990000000000000140e-04
1.100000000000000000e+01 4.400000000000000000e+01 7.300000000000000000e+01 0.000000000000000000e+00 1.600000000000000089e+00 6.930000000000000396e-04 -2.618000000000000101e-03 9.999959999999999960e-01 5.392099999999999671e-02 -9.985420000000000407e-01 -2.651000000000000145e-03 9.985450000000000159e-01 5.392299999999999871e-02 -5.500000000000000331e-04
1.600000000000000000e+01 4.400000000000000000e+01 7.300000000000000000e+01 0.000000000000000000e+00 1.600000000000000089e+00 3.490000000000000263e-04 4.949999999999999973e-04 1.000000000000000000e+00 5.748799999999999744e-02 -9.983459999999999557e-01 4.739999999999999747e-04 9.983459999999999557e-01 5.748799999999999744e-02 -3.770000000000000022e-04
2.200000000000000000e+01 4.400000000000000000e+01 7.300000000000000000e+01 0.000000000000000000e+00 1.600000000000000089e+00 -6.449999999999999570e-04 -1.533999999999999990e-03 9.999989999999999712e-01 5.469500000000000056e-02 -9.985020000000000007e-01 -1.497000000000000067e-03 9.985030000000000294e-01 5.469399999999999956e-02 7.280000000000000230e-04
2.600000000000000000e+01 4.400000000000000000e+01 7.300000000000000000e+01 0.000000000000000000e+00 1.600000000000000089e+00 -9.600000000000000243e-05 -6.530000000000000431e-04 1.000000000000000000e+00 5.553999999999999909e-02 -9.984560000000000102e-01 -6.459999999999999814e-04 9.984560000000000102e-01 5.553999999999999909e-02 1.320000000000000101e-04
2.800000000000000000e+01 5.100000000000000000e+01 7.600000000000000000e+01 0.000000000000000000e+00 1.600000000000000089e+00 -1.172000000000000082e-03 1.201000000000000028e-03 -9.999989999999999712e-01 -4.000179999999999847e-01 -9.165069999999999606e-01 -6.319999999999999663e-04 -9.165060000000000429e-01 4.000170000000000115e-01 1.554999999999999959e-03
2.000000000000000000e+00 9.100000000000000000e+01 7.600000000000000000e+01 0.000000000000000000e+00 1.600000000000000089e+00 1.959999999999999937e-03 -2.641999999999999817e-03 9.999949999999999672e-01 3.148610000000000020e-01 -9.491330000000000044e-01 -3.125000000000000173e-03 9.491359999999999797e-01 3.148650000000000060e-01 -1.028999999999999967e-03
9.000000000000000000e+00 9.100000000000000000e+01 7.600000000000000000e+01 0.000000000000000000e+00 1.600000000000000089e+00 -2.116999999999999958e-03 1.291999999999999963e-03 9.999970000000000248e-01 3.114129999999999954e-01 -9.502730000000000343e-01 1.887999999999999921e-03 9.502720000000000056e-01 3.114160000000000261e-01 1.610000000000000103e-03
1.300000000000000000e+01 9.100000000000000000e+01 7.600000000000000000e+01 0.000000000000000000e+00 1.600000000000000089e+00 -2.689999999999999791e-04 -1.590999999999999966e-03 9.999989999999999712e-01 3.203309999999999769e-01 -9.473049999999999526e-01 -1.420999999999999954e-03 9.473059999999999814e-01 3.203300000000000036e-01 7.649999999999999465e-04
1.800000000000000000e+01 9.100000000000000000e+01 7.600000000000000000e+01 0.000000000000000000e+00 1.600000000000000089e+00 1.968999999999999830e-03 -9.319999999999999942e-04 9.999980000000000535e-01 3.195979999999999932e-01 -9.475519999999999499e-01 -1.512000000000000106e-03 9.475510000000000321e-01 3.195999999999999952e-01 -1.567999999999999949e-03
2.400000000000000000e+01 9.100000000000000000e+01 7.600000000000000000e+01 0.000000000000000000e+00 1.600000000000000089e+00 -2.134000000000000046e-03 -1.464999999999999939e-03 9.999970000000000248e-01 3.012310000000000265e-01 -9.535510000000000375e-01 -7.540000000000000044e-04 9.535489999999999799e-01 3.012290000000000245e-01 2.475999999999999902e-03
2.800000000000000000e+01 9.100000000000000000e+01 7.600000000000000000e+01 0.000000000000000000e+00 1.600000000000000089e+00 6.299999999999999990e-05 4.389999999999999914e-04 1.000000000000000000e+00 2.921909999999999785e-01 -9.563599999999999879e-01 4.009999999999999893e-04 9.563599999999999879e-01 2.921909999999999785e-01 -1.879999999999999890e-04
2.600000000000000000e+01 6.300000000000000000e+01 8.100000000000000000e+01 0.000000000000000000e+00 1.600000000000000089e+00 4.000000000000000192e-04 8.394000000000000419e-03 9.999649999999999928e-01 3.228799999999999726e-02 -9.994429999999999703e-01 8.377000000000000765e-03 9.994790000000000063e-01 3.228400000000000020e-02 -6.710000000000000469e-04
