1.400000000000000000e+01 2.500000000000000000e+01 1.000000000000000000e+00 0.000000000000000000e+00 1.600000000000000089e+00 -2.304000000000000058e-03 -5.408999999999999746e-03 -9.999829999999999552e-01 -5.208270000000000399e-01 -8.536420000000000119e-01 5.818000000000000255e-03 -8.536589999999999456e-01 5.208310000000000439e-01 -8.509999999999999769e-04
2.600000000000000000e+01 2.500000000000000000e+01 1.000000000000000000e+00 0.000000000000000000e+00 1.600000000000000089e+00 9.714999999999999677e-03 2.509400000000000172e-02 -9.996380000000000265e-01 -5.173219999999999485e-01 -8.553809999999999469e-01 -2.649999999999999925e-02 -8.557360000000000522e-01 5.173919999999999630e-01 4.671999999999999938e-03
2.600000000000000000e+01 1.800000000000000000e+01 2.000000000000000000e+00 0.000000000000000000e+00 1.600000000000000089e+00 3.094099999999999975e-02 3.496099999999999902e-02 -9.989099999999999646e-01 -7.879580000000000473e-01 -6.140160000000000062e-01 -4.589700000000000030e-02 -6.149520000000000541e-01 7.885180000000000522e-01 8.550000000000000308e-03
2.200000000000000000e+01 1.700000000000000000e+01 3.000000000000000000e+00 0.000000000000000000e+00 1.600000000000000089e+00 2.466300000000000089e-02 2.240699999999999983e-02 -9.994450000000000278e-01 -7.069079999999999808e-01 -7.065219999999999834e-01 -3.328400000000000108e-02 -7.068750000000000311e-01 7.073359999999999648e-01 -1.585000000000000037e-03
2.000000000000000000e+01 4.200000000000000000e+01 3.000000000000000000e+00 0.000000000000000000e+00 1.600000000000000089e+00 -5.518030000000000435e-01 -5.978869999999999463e-01 5.814169999999999616e-01 -7.233619999999999495e-01 6.900819999999999732e-01 2.311200000000000060e-02 -4.150440000000000240e-01 -4.078209999999999891e-01 -8.132779999999999454e-01
2.000000000000000000e+00 1.900000000000000000e+01 5.000000000000000000e+00 0.000000000000000000e+00 1.600000000000000089e+00 -1.338999999999999913e-03 -1.150999999999999940e-02 -9.999329999999999607e-01 -6.919110000000000538e-01 -7.219240000000000101e-01 9.235999999999999419e-03 -7.219820000000000126e-01 6.918769999999999643e-01 -6.996999999999999748e-03
6.000000000000000000e+00 1.900000000000000000e+01 5.000000000000000000e+00 0.000000000000000000e+00 1.600000000000000089e+00 8.059999999999999673e-04 -3.289999999999999956e-03 -9.999940000000000495e-01 -6.944129999999999470e-01 -7.195740000000000469e-01 1.807999999999999928e-03 -7.195759999999999934e-01 6.944080000000000252e-01 -2.864999999999999925e-03
1.500000000000000000e+01 1.900000000000000000e+01 5.000000000000000000e+00 0.000000000000000000e+00 1.600000000000000089e+00 -1.492999999999999969e-03 -3.664000000000000156e-03 -9.999919999999999920e-01 -7.026019999999999488e-01 -7.115730000000000111e-01 3.655999999999999962e-03 -7.115810000000000191e-01 7.026019999999999488e-01 -1.512000000000000106e-03
2.900000000000000000e+01 4.500000000000000000e+01 6.000000000000000000e+00 0.000000000000000000e+00 1.600000000000000089e+00 -7.628369999999999873e-01 1.126199999999999979e-01 6.367080000000000517e-01 3.328639999999999932e-01 9.126069999999999460e-01 2.373820000000000097e-01 -5.543299999999999894e-01 3.930210000000000092e-01 -7.336570000000000036e-01
5.000000000000000000e+00 1.010000000000000000e+02 7.000000000000000000e+00 0.000000000000000000e+00 1.600000000000000089e+00 2.118000000000000091e-03 -1.623899999999999996e-02 9.998660000000000325e-01 8.824750000000000094e-01 4.703240000000000198e-01 5.768999999999999823e-03 -4.703550000000000231e-01 8.823440000000000172e-01 1.532599999999999935e-02
5.000000000000000000e+00 2.500000000000000000e+01 8.000000000000000000e+00 0.000000000000000000e+00 1.600000000000000089e+00 1.265000000000000065e-03 -7.605999999999999914e-03 -9.999700000000000255e-01 4.375910000000000077e-01 8.991519999999999513e-01 -6.285999999999999921e-03 8.991730000000000000e-01 -4.375700000000000145e-01 4.466000000000000351e-03
9.000000000000000000e+00 2.500000000000000000e+01 8.000000000000000000e+00 0.000000000000000000e+00 1.600000000000000089e+00 9.100000000000000287e-05 1.033000000000000064e-03 -1.000000000000000000e+00 4.390189999999999926e-01 8.984769999999999701e-01 9.680000000000000019e-04 8.984779999999999989e-01 -4.390189999999999926e-01 -3.719999999999999891e-04
1.400000000000000000e+01 2.500000000000000000e+01 8.000000000000000000e+00 0.000000000000000000e+00 1.600000000000000089e+00 1.315999999999999896e-03 4.349999999999999700e-03 -9.999900000000000455e-01 4.394879999999999898e-01 8.982369999999999521e-01 4.486000000000000404e-03 8.982480000000000464e-01 -4.394890000000000185e-01 -7.290000000000000473e-04
1.800000000000000000e+01 2.500000000000000000e+01 8.000000000000000000e+00 0.000000000000000000e+00 1.600000000000000089e+00 2.220000000000000185e-03 3.772999999999999878e-03 -9.999900000000000455e-01 4.390720000000000178e-01 8.984410000000000451e-01 4.364999999999999956e-03 8.984490000000000531e-01 -4.390780000000000238e-01 3.379999999999999758e-04
2.400000000000000000e+01 2.500000000000000000e+01 8.000000000000000000e+00 0.000000000000000000e+00 1.600000000000000089e+00 -1.552999999999999910e-03 4.551999999999999623e-03 -9.999879999999999880e-01 4.380890000000000062e-01 8.989249999999999741e-01 3.410999999999999970e-03 8.989300000000000068e-01 -4.380789999999999962e-01 -3.389999999999999784e-03
2.800000000000000000e+01 2.500000000000000000e+01 8.000000000000000000e+00 0.000000000000000000e+00 1.600000000000000089e+00 -9.766999999999999640e-03 1.090499999999999976e-02 -9.998930000000000318e-01 4.378079999999999750e-01 8.990510000000000446e-01 5.529000000000000060e-03 8.990150000000000086e-01 -4.377079999999999860e-01 -1.355499999999999934e-02
4.000000000000000000e+00 2.400000000000000000e+01 9.000000000000000000e+00 0.000000000000000000e+00 1.600000000000000089e+00 1.624999999999999925e-03 -9.452000000000000332e-03 -9.999540000000000095e-01 4.442329999999999890e-01 8.958779999999999522e-01 -7.747000000000000414e-03 8.959099999999999842e-01 -4.441999999999999837e-01 5.655000000000000304e-03
1.000000000000000000e+01 2.400000000000000000e+01 9.000000000000000000e+00 0.000000000000000000e+00 1.600000000000000089e+00 3.020000000000000223e-04 3.578000000000000017e-03 -9.999940000000000495e-01 4.447070000000000189e-01 8.956699999999999662e-01 3.338999999999999954e-03 8.956760000000000277e-01 -4.447050000000000169e-01 -1.320999999999999909e-03
1.500000000000000000e+01 2.400000000000000000e+01 9.000000000000000000e+00 0.000000000000000000e+00 1.600000000000000089e+00 1.239000000000000084e-03 5.386000000000000162e-03 -9.999850000000000128e-01 4.458579999999999766e-01 8.950879999999999947e-01 5.373000000000000172e-03 8.951029999999999820e-01 -4.458570000000000033e-01 -1.293000000000000095e-03
1.900000000000000000e+01 2.400000000000000000e+01 9.000000000000000000e+00 0.000000000000000000e+00 1.600000000000000089e+00 1.994999999999999812e-03 6.037999999999999964e-03 -9.999799999999999800e-01 4.452249999999999819e-01 8.953959999999999697e-01 6.295000000000000248e-03 8.954159999999999897e-01 -4.452289999999999859e-01 -9.020000000000000240e-04
2.400000000000000000e+01 2.400000000000000000e+01 9.000000000000000000e+00 0.000000000000000000e+00 1.600000000000000089e+00 -7.969999999999999654e-04 3.439000000000000216e-03 -9.999940000000000495e-01 4.452099999999999946e-01 8.954220000000000512e-01 2.723999999999999859e-03 8.954260000000000552e-01 -4.452050000000000174e-01 -2.245000000000000034e-03
2.800000000000000000e+01 2.400000000000000000e+01 9.000000000000000000e+00 0.000000000000000000e+00 1.600000000000000089e+00 -5.368999999999999641e-03 -3.409999999999999837e-03 -9.999799999999999800e-01 4.441430000000000100e-01 8.959390000000000409e-01 -5.440000000000000391e-03 8.959399999999999586e-01 -4.441629999999999745e-01 -3.295999999999999885e-03
1.200000000000000000e+01 8.000000000000000000e+00 1.000000000000000000e+01 0.000000000000000000e+00 1.600000000000000089e+00 6.467499999999999638e-02 2.523800000000000002e-02 -9.975870000000000015e-01 -9.883520000000000083e-01 -1.363870000000000082e-01 -6.752700000000000369e-02 -1.377619999999999956e-01 9.903340000000000476e-01 1.612299999999999844e-02
1.700000000000000000e+01 8.000000000000000000e+00 1.000000000000000000e+01 0.000000000000000000e+00 1.600000000000000089e+00 6.301600000000000257e-02 9.735999999999999863e-03 -9.979649999999999910e-01 -9.970980000000000398e-01 -4.219200000000000034e-02 -6.337299999999999878e-02 -4.272299999999999709e-02 9.990620000000000056e-01 7.048999999999999710e-03
2.300000000000000000e+01 4.900000000000000000e+01 1.000000000000000000e+01 0.000000000000000000e+00 1.600000000000000089e+00 8.166700000000000070e-01 -2.559390000000000276e-01 5.172470000000000123e-01 -4.221659999999999857e-01 -8.760430000000000161e-01 2.330750000000000044e-01 3.934779999999999944e-01 -4.087100000000000177e-01 -8.234869999999999690e-01
1.800000000000000000e+01 4.000000000000000000e+00 1.100000000000000000e+01 0.000000000000000000e+00 1.600000000000000089e+00 -2.663000000000000003e-03 5.859199999999999825e-02 9.982779999999999987e-01 1.735210000000000086e-01 -9.831109999999999571e-01 5.816500000000000142e-02 9.848270000000000080e-01 1.733770000000000033e-01 -7.549000000000000155e-03
2.200000000000000000e+01 4.000000000000000000e+00 1.100000000000000000e+01 0.000000000000000000e+00 1.600000000000000089e+00 -6.800000000000000488e-04 6.321499999999999342e-02 9.979999999999999982e-01 1.646420000000000106e-01 -9.843739999999999712e-01 6.246399999999999869e-02 9.863530000000000353e-01 1.643550000000000011e-01 -9.738999999999999393e-03
2.700000000000000000e+01 3.200000000000000000e+01 1.300000000000000000e+01 0.000000000000000000e+00 1.600000000000000089e+00 2.436299999999999924e-02 7.822300000000000086e-02 9.966380000000000239e-01 4.991999999999999910e-03 9.969120000000000203e-01 -7.836600000000000510e-02 -9.996909999999999963e-01 6.884999999999999627e-03 2.389700000000000157e-02
2.100000000000000000e+01 4.800000000000000000e+01 1.300000000000000000e+01 0.000000000000000000e+00 1.600000000000000089e+00 8.632469999999999866e-01 -1.230559999999999987e-01 4.895539999999999892e-01 -2.380480000000000096e-01 -9.544580000000000286e-01 1.798430000000000029e-01 4.451269999999999949e-01 -2.717860000000000276e-01 -8.532260000000000399e-01
2.000000000000000000e+00 3.200000000000000000e+01 1.400000000000000000e+01 0.000000000000000000e+00 1.600000000000000089e+00 3.265000000000000107e-03 -6.126999999999999634e-03 -9.999759999999999760e-01 1.199329999999999979e-01 9.927660000000000373e-01 -5.690999999999999878e-03 9.927770000000000206e-01 -1.199120000000000047e-01 3.976000000000000367e-03
6.000000000000000000e+00 3.200000000000000000e+01 1.400000000000000000e+01 0.000000000000000000e+00 1.600000000000000089e+00 1.451000000000000033e-03 -6.039000000000000097e-03 -9.999810000000000088e-01 1.194179999999999964e-01 9.928270000000000151e-01 -5.823000000000000051e-03 9.928430000000000311e-01 -1.194069999999999993e-01 2.161999999999999859e-03
1.700000000000000000e+01 3.200000000000000000e+01 1.400000000000000000e+01 0.000000000000000000e+00 1.600000000000000089e+00 -1.688000000000000047e-03 7.611999999999999843e-03 -9.999700000000000255e-01 1.156819999999999932e-01 9.932590000000000030e-01 7.366000000000000152e-03 9.932849999999999735e-01 -1.156660000000000049e-01 -2.556999999999999811e-03
2.000000000000000000e+01 4.800000000000000000e+01 1.500000000000000000e+01 0.000000000000000000e+00 1.600000000000000089e+00 8.488029999999999742e-01 -2.177409999999999901e-01 4.817899999999999960e-01 -3.223989999999999911e-01 -9.353939999999999477e-01 1.452479999999999882e-01 4.190369999999999928e-01 -2.786159999999999748e-01 -8.641649999999999610e-01
2.400000000000000000e+01 1.200000000000000000e+01 1.600000000000000000e+01 0.000000000000000000e+00 1.600000000000000089e+00 -1.022600000000000071e-02 7.066999999999999671e-02 9.974469999999999725e-01 2.357309999999999961e-01 -9.692150000000000487e-01 7.108599999999999641e-02 9.717649999999999899e-01 2.358560000000000101e-01 -6.747999999999999658e-03
2.600000000000000000e+01 4.800000000000000000e+01 1.600000000000000000e+01 0.000000000000000000e+00 1.600000000000000089e+00 -4.661449999999999760e-01 -7.593349999999999822e-01 -4.540040000000000187e-01 8.842330000000000467e-01 -4.166889999999999761e-01 -2.109560000000000046e-01 -2.899200000000000041e-02 -4.997809999999999753e-01 8.656660000000000466e-01
2.000000000000000000e+01 1.160000000000000000e+02 1.600000000000000000e+01 0.000000000000000000e+00 1.600000000000000089e+00 -2.413000000000000214e-03 1.085999999999999943e-03 9.999970000000000248e-01 8.290939999999999976e-01 5.591070000000000206e-01 1.394000000000000057e-03 -5.591030000000000166e-01 8.290950000000000264e-01 -2.249999999999999830e-03
2.000000000000000000e+01 3.500000000000000000e+01 1.700000000000000000e+01 0.000000000000000000e+00 1.600000000000000089e+00 -3.371759999999999757e-01 -1.870360000000000078e-01 -9.226750000000000229e-01 -8.598989999999999689e-01 -3.377970000000000139e-01 3.827099999999999946e-01 -3.832570000000000143e-01 9.224480000000000457e-01 -4.693499999999999756e-02
1.800000000000000000e+01 3.600000000000000000e+01 1.800000000000000000e+01 0.000000000000000000e+00 1.600000000000000089e+00 -4.486669999999999825e-01 2.647300000000000000e-02 -8.933069999999999622e-01 -8.836669999999999803e-01 -1.624849999999999905e-01 4.390109999999999846e-01 -1.335270000000000068e-01 9.863560000000000105e-01 9.629500000000000559e-02
2.000000000000000000e+00 2.000000000000000000e+00 1.900000000000000000e+01 0.000000000000000000e+00 1.600000000000000089e+00 -7.402999999999999858e-03 1.600899999999999893e-02 -9.998439999999999550e-01 3.444999999999999729e-01 -9.386219999999999564e-01 -1.757900000000000088e-02 -9.387569999999999526e-01 -3.445770000000000222e-01 1.433000000000000029e-03
2.900000000000000000e+01 2.000000000000000000e+00 1.900000000000000000e+01 0.000000000000000000e+00 1.600000000000000089e+00 -7.344999999999999966e-03 4.115200000000000108e-02 -9.991259999999999586e-01 3.176840000000000219e-01 -9.472939999999999694e-01 -4.135300000000000087e-02 -9.481680000000000108e-01 -3.177099999999999924e-01 -6.114999999999999776e-03
3.000000000000000000e+00 3.000000000000000000e+00 1.900000000000000000e+01 0.000000000000000000e+00 1.600000000000000089e+00 -6.841999999999999992e-03 1.796000000000000027e-02 -9.998150000000000093e-01 3.121999999999999775e-01 -9.498229999999999729e-01 -1.919900000000000079e-02 -9.499919999999999476e-01 -3.122730000000000228e-01 8.919999999999999978e-04
6.000000000000000000e+00 3.000000000000000000e+00 1.900000000000000000e+01 0.000000000000000000e+00 1.600000000000000089e+00 -5.453000000000000382e-03 2.622700000000000031e-02 -9.996410000000000018e-01 3.194279999999999897e-01 -9.472369999999999957e-01 -2.659500000000000058e-02 -9.475949999999999651e-01 -3.194580000000000197e-01 -3.213000000000000144e-03
1.100000000000000000e+01 3.000000000000000000e+00 1.900000000000000000e+01 0.000000000000000000e+00 1.600000000000000089e+00 -5.971999999999999878e-03 3.496599999999999708e-02 -9.993710000000000093e-01 3.257450000000000068e-01 -9.448090000000000099e-01 -3.500299999999999939e-02 -9.454390000000000294e-01 -3.257490000000000108e-01 -5.747999999999999637e-03
1.800000000000000000e+01 3.000000000000000000e+00 1.900000000000000000e+01 0.000000000000000000e+00 1.600000000000000089e+00 -9.065000000000000141e-03 4.166899999999999771e-02 -9.990900000000000336e-01 3.347539999999999960e-01 -9.413559999999999706e-01 -4.229800000000000226e-02 -9.422620000000000440e-01 -3.348329999999999917e-01 -5.415999999999999807e-03
2.500000000000000000e+01 3.000000000000000000e+00 1.900000000000000000e+01 0.000000000000000000e+00 1.600000000000000089e+00 -1.169899999999999933e-02 4.571000000000000063e-02 -9.988860000000000516e-01 3.315980000000000039e-01 -9.422490000000000032e-01 -4.700200000000000211e-02 -9.433479999999999643e-01 -3.317780000000000173e-01 -4.133999999999999654e-03
1.400000000000000000e+01 4.000000000000000000e+00 2.000000000000000000e+01 0.000000000000000000e+00 1.600000000000000089e+00 -4.094000000000000417e-03 3.126799999999999718e-02 -9.995030000000000303e-01 3.645090000000000274e-01 -9.306969999999999965e-01 -3.060900000000000079e-02 -9.311909999999999910e-01 -3.644530000000000269e-01 -7.586999999999999994e-03
1.900000000000000000e+01 4.000000000000000000e+00 2.000000000000000000e+01 0.000000000000000000e+00 1.600000000000000089e+00 -5.963000000000000418e-03 3.752400000000000180e-02 -9.992779999999999996e-01 3.869139999999999802e-01 -9.213770000000000016e-01 -3.690700000000000230e-02 -9.220960000000000267e-01 -3.868550000000000044e-01 -9.024000000000000771e-03
2.200000000000000000e+01 4.000000000000000000e+00 2.000000000000000000e+01 0.000000000000000000e+00 1.600000000000000089e+00 -8.293999999999999290e-03 3.952399999999999664e-02 -9.991839999999999611e-01 3.981810000000000072e-01 -9.164539999999999909e-01 -3.955600000000000088e-02 -9.172700000000000298e-01 -3.981839999999999824e-01 -8.137000000000000136e-03
2.500000000000000000e+01 4.000000000000000000e+00 2.000000000000000000e+01 0.000000000000000000e+00 1.600000000000000089e+00 -8.906999999999999987e-03 4.270499999999999990e-02 -9.990480000000000471e-01 4.082589999999999830e-01 -9.118709999999999871e-01 -4.261899999999999716e-02 -9.128230000000000510e-01 -4.082500000000000018e-01 -9.313000000000000098e-03
3.000000000000000000e+00 1.300000000000000000e+01 2.000000000000000000e+01 0.000000000000000000e+00 1.600000000000000089e+00 -7.499999999999999343e-05 4.067000000000000302e-03 9.999919999999999920e-01 2.611729999999999885e-01 9.652840000000000309e-01 -3.906000000000000184e-03 -9.652920000000000389e-01 2.611700000000000133e-01 -1.134999999999999941e-03
7.000000000000000000e+00 1.300000000000000000e+01 2.000000000000000000e+01 0.000000000000000000e+00 1.600000000000000089e+00 4.350000000000000026e-04 4.257000000000000367e-03 9.999909999999999632e-01 2.593429999999999902e-01 9.657759999999999678e-01 -4.224000000000000324e-03 -9.657850000000000046e-01 2.593429999999999902e-01 -6.840000000000000377e-04
1.000000000000000000e+01 1.300000000000000000e+01 2.000000000000000000e+01 0.000000000000000000e+00 1.600000000000000089e+00 -5.330000000000000536e-04 -8.189999999999999581e-04 1.000000000000000000e+00 2.596330000000000027e-01 9.657069999999999821e-01 9.290000000000000297e-04 -9.657069999999999821e-01 2.596330000000000027e-01 -3.020000000000000223e-04
1.600000000000000000e+01 1.300000000000000000e+01 2.000000000000000000e+01 0.000000000000000000e+00 1.600000000000000089e+00 4.550000000000000008e-04 -3.229999999999999907e-04 1.000000000000000000e+00 2.613960000000000172e-01 9.652319999999999789e-01 1.930000000000000021e-04 -9.652309999999999501e-01 2.613960000000000172e-01 5.240000000000000517e-04
2.200000000000000000e+01 1.300000000000000000e+01 2.000000000000000000e+01 0.000000000000000000e+00 1.600000000000000089e+00 1.489999999999999897e-04 -3.236000000000000161e-03 9.999949999999999672e-01 2.670310000000000183e-01 9.636829999999999563e-01 3.079000000000000140e-03 -9.636879999999999891e-01 2.670290000000000163e-01 1.007000000000000083e-03
2.800000000000000000e+01 1.300000000000000000e+01 2.000000000000000000e+01 0.000000000000000000e+00 1.600000000000000089e+00 -2.935999999999999808e-03 -4.821999999999999897e-03 9.999839999999999840e-01 2.803459999999999841e-01 9.598830000000000418e-01 5.452000000000000249e-03 -9.598940000000000250e-01 2.803579999999999961e-01 -1.466000000000000072e-03
1.900000000000000000e+01 3.900000000000000000e+01 2.300000000000000000e+01 0.000000000000000000e+00 1.600000000000000089e+00 -4.626549999999999829e-01 -8.102949999999999875e-01 3.596829999999999750e-01 -8.286010000000000320e-01 5.394940000000000291e-01 1.495549999999999935e-01 -3.152300000000000102e-01 -2.288409999999999889e-01 -9.210110000000000241e-01
1.200000000000000000e+01 2.000000000000000000e+00 2.500000000000000000e+01 0.000000000000000000e+00 1.600000000000000089e+00 -8.498999999999999611e-03 2.290100000000000122e-02 9.997019999999999795e-01 8.965599999999999958e-02 -9.956939999999999680e-01 2.357100000000000167e-02 9.959369999999999612e-01 8.982999999999999319e-02 6.408999999999999767e-03
1.500000000000000000e+01 3.000000000000000000e+00 2.500000000000000000e+01 0.000000000000000000e+00 1.600000000000000089e+00 -8.982999999999999666e-03 2.840099999999999916e-02 9.995560000000000000e-01 2.729799999999999935e-02 -9.992170000000000218e-01 2.863699999999999926e-02 9.995870000000000033e-01 2.754300000000000151e-02 8.200999999999999956e-03
2.100000000000000000e+01 3.000000000000000000e+00 2.500000000000000000e+01 0.000000000000000000e+00 1.600000000000000089e+00 -1.161399999999999932e-02 3.404999999999999694e-02 9.993530000000000468e-01 3.290900000000000075e-02 -9.988660000000000316e-01 3.441600000000000215e-02 9.993910000000000293e-01 3.328799999999999815e-02 1.047999999999999973e-02
2.400000000000000000e+01 3.000000000000000000e+00 2.500000000000000000e+01 0.000000000000000000e+00 1.600000000000000089e+00 -8.864999999999999616e-03 3.972699999999999843e-02 9.991710000000000313e-01 2.248199999999999851e-02 -9.989500000000000046e-01 3.991700000000000109e-02 9.997080000000000410e-01 2.281700000000000048e-02 7.962999999999999592e-03
1.800000000000000000e+01 3.800000000000000000e+01 2.900000000000000000e+01 0.000000000000000000e+00 1.600000000000000089e+00 3.407060000000000088e-01 3.124770000000000048e-01 -8.867230000000000389e-01 8.636810000000000320e-01 2.686009999999999787e-01 4.265070000000000250e-01 3.714480000000000004e-01 -9.111599999999999699e-01 -1.783669999999999978e-01
1.400000000000000000e+01 4.400000000000000000e+01 3.100000000000000000e+01 0.000000000000000000e+00 1.600000000000000089e+00 9.117450000000000276e-01 -2.000290000000000123e-01 -3.587600000000000233e-01 2.169310000000000127e-01 9.761619999999999742e-01 7.037999999999999985e-03 3.487999999999999989e-01 -8.424299999999999844e-02 9.334029999999999827e-01
4.000000000000000000e+00 5.800000000000000000e+01 3.100000000000000000e+01 0.000000000000000000e+00 1.600000000000000089e+00 -4.499000000000000395e-03 2.062000000000000031e-03 9.999879999999999880e-01 -8.066140000000000532e-01 -5.910739999999999883e-01 -2.409999999999999816e-03 5.910619999999999763e-01 -8.066149999999999709e-01 4.322999999999999586e-03
1.000000000000000000e+01 5.800000000000000000e+01 3.100000000000000000e+01 0.000000000000000000e+00 1.600000000000000089e+00 -5.789999999999999791e-04 -1.050599999999999971e-02 9.999449999999999728e-01 -8.067029999999999479e-01 -5.909189999999999721e-01 -6.675999999999999643e-03 5.909569999999999546e-01 -8.066619999999999902e-01 -8.132999999999999605e-03
1.600000000000000000e+01 5.800000000000000000e+01 3.100000000000000000e+01 0.000000000000000000e+00 1.600000000000000089e+00 1.033999999999999980e-03 -1.593899999999999831e-02 9.998719999999999830e-01 -7.979309999999999459e-01 -6.026850000000000263e-01 -8.782999999999999141e-03 6.027489999999999792e-01 -7.978199999999999736e-01 -1.334100000000000043e-02
2.100000000000000000e+01 5.800000000000000000e+01 3.100000000000000000e+01 0.000000000000000000e+00 1.600000000000000089e+00 1.495999999999999934e-03 1.765900000000000108e-02 9.998430000000000373e-01 -7.915520000000000334e-01 -6.109839999999999716e-01 1.197499999999999953e-02 6.110999999999999766e-01 -7.914459999999999829e-01 1.306399999999999922e-02
2.900000000000000000e+01 5.800000000000000000e+01 3.100000000000000000e+01 0.000000000000000000e+00 1.600000000000000089e+00 -2.801999999999999803e-03 6.505000000000000365e-03 9.999749999999999472e-01 -7.989880000000000315e-01 -6.013450000000000184e-01 1.673000000000000008e-03 6.013410000000000144e-01 -7.989629999999999788e-01 6.883000000000000229e-03
1.600000000000000000e+01 3.800000000000000000e+01 3.400000000000000000e+01 0.000000000000000000e+00 1.600000000000000089e+00 4.848629999999999884e-01 -8.526829999999999687e-01 -1.945260000000000045e-01 8.547090000000000520e-01 5.091259999999999675e-01 -1.013050000000000062e-01 1.854190000000000005e-01 -1.171449999999999991e-01 9.756519999999999637e-01
2.000000000000000000e+01 2.900000000000000000e+01 3.600000000000000000e+01 0.000000000000000000e+00 1.600000000000000089e+00 5.163410000000000499e-01 5.296520000000000117e-01 -6.729490000000000194e-01 7.841580000000000217e-01 2.344100000000000003e-02 6.201189999999999758e-01 3.442219999999999724e-01 -8.478909999999999503e-01 -4.032270000000000021e-01
1.800000000000000000e+01 3.000000000000000000e+01 3.600000000000000000e+01 0.000000000000000000e+00 1.600000000000000089e+00 3.514050000000000229e-01 4.430890000000000106e-01 -8.247339999999999671e-01 8.187470000000000026e-01 2.817919999999999869e-01 5.002469999999999972e-01 4.540569999999999884e-01 -8.510379999999999612e-01 -2.637539999999999885e-01
2.700000000000000000e+01 5.000000000000000000e+01 3.600000000000000000e+01 0.000000000000000000e+00 1.600000000000000089e+00 -3.887999999999999963e-03 -1.682800000000000129e-01 -9.857310000000000239e-01 1.731149999999999911e-01 -9.709689999999999710e-01 1.650770000000000015e-01 -9.848940000000000472e-01 -1.700029999999999875e-01 3.290699999999999875e-02
2.900000000000000000e+01 9.500000000000000000e+01 3.600000000000000000e+01 0.000000000000000000e+00 1.600000000000000089e+00 -2.259200000000000097e-02 -1.103400000000000040e-02 9.996840000000000170e-01 9.977350000000000385e-01 6.313000000000000556e-02 2.324499999999999830e-02 -6.336600000000000565e-02 9.979440000000000532e-01 9.582999999999999505e-03
2.400000000000000000e+01 5.000000000000000000e+01 3.800000000000000000e+01 0.000000000000000000e+00 1.600000000000000089e+00 -1.814899999999999847e-02 -3.301359999999999850e-01 9.437590000000000146e-01 -3.293900000000000161e-01 -8.892459999999999809e-01 -3.174009999999999887e-01 9.440190000000000525e-01 -3.166260000000000185e-01 -9.260500000000000675e-02
2.000000000000000000e+01 2.000000000000000000e+01 3.900000000000000000e+01 0.000000000000000000e+00 1.600000000000000089e+00 9.088000000000000592e-03 -1.462399999999999985e-02 9.998519999999999630e-01 -4.799269999999999925e-01 8.771400000000000308e-01 1.719100000000000142e-02 -8.772609999999999575e-01 -4.800119999999999942e-01 9.529999999999999626e-04
2.800000000000000000e+01 2.000000000000000000e+01 3.900000000000000000e+01 0.000000000000000000e+00 1.600000000000000089e+00 -1.969699999999999923e-02 5.756999999999999965e-03 9.997890000000000388e-01 -4.799410000000000065e-01 8.771809999999999885e-01 -1.450599999999999980e-02 -8.770790000000000530e-01 -4.801259999999999972e-01 -1.451500000000000012e-02
2.900000000000000000e+01 2.800000000000000000e+01 4.000000000000000000e+01 0.000000000000000000e+00 1.600000000000000089e+00 -1.307409999999999961e-01 -8.672549999999999981e-01 -4.803910000000000124e-01 7.768129999999999757e-01 2.114600000000000091e-01 -5.931659999999999711e-01 6.160099999999999465e-01 -4.507249999999999868e-01 6.460489999999999844e-01
1.200000000000000000e+01 3.400000000000000000e+01 4.000000000000000000e+01 0.000000000000000000e+00 1.600000000000000089e+00 6.529300000000000381e-02 -7.121880000000000432e-01 6.989459999999999562e-01 7.617920000000000247e-01 -4.168390000000000151e-01 -4.959009999999999807e-01 6.445220000000000393e-01 5.648300000000000542e-01 5.153229999999999755e-01
1.400000000000000000e+01 3.800000000000000000e+01 4.000000000000000000e+01 0.000000000000000000e+00 1.600000000000000089e+00 -5.531840000000000090e-01 -7.587040000000000450e-01 -3.440300000000000025e-01 -8.207069999999999643e-01 4.254870000000000041e-01 3.813150000000000150e-01 -1.429249999999999965e-01 4.932849999999999735e-01 -8.580459999999999754e-01
2.700000000000000000e+01 2.400000000000000000e+01 4.100000000000000000e+01 0.000000000000000000e+00 1.600000000000000089e+00 -2.964800000000000074e-02 -5.483099999999999641e-01 8.357499999999999929e-01 -6.907250000000000334e-01 6.156070000000000153e-01 3.793779999999999930e-01 -7.225089999999999568e-01 -5.660260000000000291e-01 -3.969829999999999748e-01
2.900000000000000000e+01 2.700000000000000000e+01 4.100000000000000000e+01 0.000000000000000000e+00 1.600000000000000089e+00 -9.136500000000000177e-02 -7.092789999999999928e-01 -6.989819999999999922e-01 8.059159999999999657e-01 3.596369999999999845e-01 -4.702779999999999738e-01 5.849379999999999580e-01 -6.062870000000000203e-01 5.387610000000000454e-01
2.000000000000000000e+00 3.200000000000000000e+01 4.100000000000000000e+01 0.000000000000000000e+00 1.600000000000000089e+00 -6.984400000000000330e-02 3.299469999999999903e-01 9.414120000000000266e-01 7.761149999999999993e-01 -5.749119999999999786e-01 2.590770000000000017e-01 6.267110000000000181e-01 7.487390000000000434e-01 -2.159230000000000038e-01
2.400000000000000000e+01 4.700000000000000000e+01 4.100000000000000000e+01 0.000000000000000000e+00 1.600000000000000089e+00 -1.224459999999999993e-01 6.390529999999999822e-01 -7.593539999999999734e-01 -5.838590000000000169e-01 5.723279999999999479e-01 5.758039999999999825e-01 8.025679999999999481e-01 5.138610000000000122e-01 3.030370000000000008e-01
2.800000000000000000e+01 2.600000000000000000e+01 4.200000000000000000e+01 0.000000000000000000e+00 1.600000000000000089e+00 -9.273000000000000687e-02 -4.590560000000000196e-01 -8.835539999999999505e-01 8.575359999999999649e-01 4.141329999999999734e-01 -3.051650000000000196e-01 5.059970000000000301e-01 -7.859779999999999545e-01 3.552549999999999875e-01
1.800000000000000000e+01 2.500000000000000000e+01 4.300000000000000000e+01 0.000000000000000000e+00 1.600000000000000089e+00 1.110130000000000006e-01 1.759040000000000048e-01 -9.781279999999999974e-01 8.170290000000000052e-01 5.441850000000000298e-01 1.905940000000000134e-01 5.658090000000000064e-01 -8.203169999999999629e-01 -8.330700000000000605e-02
2.700000000000000000e+01 2.500000000000000000e+01 4.300000000000000000e+01 0.000000000000000000e+00 1.600000000000000089e+00 -1.022210000000000063e-01 -3.065789999999999904e-01 -9.463409999999999878e-01 8.903079999999999883e-01 3.961640000000000161e-01 -2.245109999999999884e-01 4.437369999999999925e-01 -8.654840000000000311e-01 2.324529999999999930e-01
1.700000000000000000e+01 5.100000000000000000e+01 4.300000000000000000e+01 0.000000000000000000e+00 1.600000000000000089e+00 -1.160149999999999931e-01 4.348079999999999723e-01 -8.930190000000000072e-01 -6.145690000000000319e-01 6.748920000000000474e-01 4.084430000000000005e-01 7.802850000000000064e-01 5.962070000000000425e-01 1.889220000000000066e-01
1.600000000000000000e+01 5.200000000000000000e+01 4.300000000000000000e+01 0.000000000000000000e+00 1.600000000000000089e+00 -6.557499999999999440e-02 4.185639999999999916e-01 -9.058169999999999833e-01 -5.072940000000000227e-01 7.677230000000000443e-01 3.914770000000000194e-01 8.592739999999999823e-01 4.851869999999999794e-01 1.619919999999999971e-01
2.000000000000000000e+00 8.000000000000000000e+00 4.400000000000000000e+01 0.000000000000000000e+00 1.600000000000000089e+00 -1.427000000000000100e-03 6.089999999999999494e-04 9.999989999999999712e-01 -8.012970000000000370e-01 -5.982669999999999932e-01 -7.789999999999999616e-04 5.982659999999999645e-01 -8.012970000000000370e-01 1.340999999999999961e-03
1.400000000000000000e+01 8.000000000000000000e+00 4.400000000000000000e+01 0.000000000000000000e+00 1.600000000000000089e+00 -2.452000000000000186e-03 -5.172999999999999647e-03 9.999839999999999840e-01 -7.857990000000000252e-01 -6.184610000000000385e-01 -5.126000000000000348e-03 6.184770000000000545e-01 -7.857990000000000252e-01 -2.549000000000000050e-03
2.700000000000000000e+01 8.000000000000000000e+00 4.400000000000000000e+01 0.000000000000000000e+00 1.600000000000000089e+00 -3.770000000000000022e-04 -2.644000000000000083e-03 9.999959999999999960e-01 -7.779760000000000009e-01 -6.282910000000000439e-01 -1.955000000000000140e-03 6.282940000000000191e-01 -7.779740000000000544e-01 -1.820000000000000003e-03
4.000000000000000000e+00 5.400000000000000000e+01 4.600000000000000000e+01 0.000000000000000000e+00 1.600000000000000089e+00 -1.432199999999999966e-02 -4.419900000000000218e-02 9.989200000000000301e-01 2.693139999999999978e-01 -9.622739999999999627e-01 -3.871700000000000141e-02 9.629459999999999686e-01 2.684679999999999844e-01 2.568499999999999950e-02
1.500000000000000000e+01 6.500000000000000000e+01 4.600000000000000000e+01 0.000000000000000000e+00 1.600000000000000089e+00 -3.128999999999999837e-03 2.602999999999999845e-03 9.999919999999999920e-01 6.790929999999999467e-01 -7.340419999999999723e-01 4.035999999999999657e-03 7.340459999999999763e-01 6.791000000000000369e-01 5.289999999999999564e-04
3.000000000000000000e+01 6.500000000000000000e+01 4.600000000000000000e+01 0.000000000000000000e+00 1.600000000000000089e+00 -1.260999999999999968e-03 3.909000000000000148e-03 9.999919999999999920e-01 6.795639999999999459e-01 -7.336070000000000091e-01 3.723999999999999880e-03 7.336150000000000171e-01 6.795630000000000281e-01 -1.732000000000000033e-03
1.000000000000000000e+01 2.900000000000000000e+01 4.800000000000000000e+01 0.000000000000000000e+00 1.600000000000000089e+00 1.884999999999999957e-03 7.566999999999999942e-03 9.999700000000000255e-01 3.597279999999999922e-01 9.330249999999999932e-01 -7.738000000000000086e-03 -9.330549999999999677e-01 3.597310000000000230e-01 -9.629999999999999888e-04
1.500000000000000000e+01 2.900000000000000000e+01 4.800000000000000000e+01 0.000000000000000000e+00 1.600000000000000089e+00 9.072999999999999468e-03 3.183219999999999938e-01 9.479389999999999761e-01 3.989929999999999866e-01 8.680930000000000035e-01 -2.953279999999999794e-01 -9.169089999999999741e-01 3.809000000000000163e-01 -1.191320000000000018e-01
1.900000000000000000e+01 6.000000000000000000e+00 5.100000000000000000e+01 0.000000000000000000e+00 1.600000000000000089e+00 -9.009999999999999997e-04 -5.191000000000000301e-03 -9.999860000000000415e-01 2.972659999999999747e-01 -9.547830000000000483e-01 4.688000000000000327e-03 -9.547940000000000316e-01 -2.972569999999999935e-01 2.403999999999999887e-03
1.000000000000000000e+01 4.500000000000000000e+01 5.100000000000000000e+01 0.000000000000000000e+00 1.600000000000000089e+00 9.340049999999999741e-01 -1.937129999999999963e-01 -3.001820000000000044e-01 3.243659999999999877e-01 8.119720000000000271e-01 4.852719999999999811e-01 1.497360000000000080e-01 -5.506149999999999656e-01 8.212199999999999500e-01
1.200000000000000000e+01 1.150000000000000000e+02 5.100000000000000000e+01 0.000000000000000000e+00 1.600000000000000089e+00 -1.603000000000000041e-03 -2.577199999999999977e-02 9.996669999999999723e-01 8.386259999999999826e-01 -5.445600000000000440e-01 -1.269400000000000042e-02 5.447049999999999947e-01 8.383260000000000156e-01 2.248599999999999904e-02
1.700000000000000000e+01 1.150000000000000000e+02 5.100000000000000000e+01 0.000000000000000000e+00 1.600000000000000089e+00 -6.837000000000000195e-03 -1.243999999999999967e-02 9.998989999999999823e-01 8.439740000000000020e-01 -5.363830000000000542e-01 -9.020000000000000240e-04 5.363409999999999567e-01 8.438830000000000497e-01 1.416599999999999977e-02
2.300000000000000000e+01 1.150000000000000000e+02 5.100000000000000000e+01 0.000000000000000000e+00 1.600000000000000089e+00 -6.287000000000000054e-03 1.113500000000000080e-02 9.999179999999999735e-01 8.537679999999999714e-01 -5.205330000000000235e-01 1.116499999999999958e-02 5.206150000000000500e-01 8.537690000000000001e-01 -6.233999999999999958e-03
2.900000000000000000e+01 1.150000000000000000e+02 5.100000000000000000e+01 0.000000000000000000e+00 1.600000000000000089e+00 -4.054000000000000312e-03 1.618400000000000047e-02 9.998609999999999998e-01 8.575150000000000272e-01 -5.143229999999999746e-01 1.180199999999999999e-02 5.144429999999999836e-01 8.574439999999999840e-01 -1.179299999999999966e-02
2.700000000000000000e+01 7.000000000000000000e+00 5.200000000000000000e+01 0.000000000000000000e+00 1.600000000000000089e+00 6.023999999999999841e-03 2.490000000000000026e-03 -9.999789999999999512e-01 6.476899999999999324e-02 -9.978979999999999517e-01 -2.095000000000000074e-03 -9.978820000000000467e-01 -6.475499999999999312e-02 -6.172000000000000403e-03
3.000000000000000000e+01 5.800000000000000000e+01 5.200000000000000000e+01 0.000000000000000000e+00 1.600000000000000089e+00 2.455999999999999850e-03 -2.620000000000000258e-04 9.999970000000000248e-01 -6.163129999999999997e-01 7.874989999999999490e-01 1.719999999999999958e-03 -7.874970000000000026e-01 -6.163149999999999462e-01 1.773000000000000053e-03
2.400000000000000000e+01 4.400000000000000000e+01 5.300000000000000000e+01 0.000000000000000000e+00 1.600000000000000089e+00 -2.770130000000000092e-01 -9.092360000000000442e-01 3.107309999999999794e-01 -8.573030000000000372e-01 3.799179999999999779e-01 3.474099999999999966e-01 -4.339299999999999824e-01 -1.701539999999999997e-01 -8.847329999999999917e-01
2.000000000000000000e+00 6.300000000000000000e+01 5.400000000000000000e+01 0.000000000000000000e+00 1.600000000000000089e+00 -1.534999999999999906e-03 -1.353299999999999989e-02 9.999069999999999903e-01 -3.687239999999999962e-01 9.294609999999999816e-01 1.201400000000000037e-02 -9.295379999999999754e-01 -3.686719999999999997e-01 -6.415999999999999828e-03
7.000000000000000000e+00 6.300000000000000000e+01 5.400000000000000000e+01 0.000000000000000000e+00 1.600000000000000089e+00 1.049000000000000019e-03 -7.609999999999999577e-04 9.999989999999999712e-01 -3.818829999999999725e-01 9.242099999999999760e-01 1.103999999999999947e-03 -9.242099999999999760e-01 -3.818840000000000012e-01 6.790000000000000245e-04
1.200000000000000000e+01 6.300000000000000000e+01 5.400000000000000000e+01 0.000000000000000000e+00 1.600000000000000089e+00 -1.111000000000000008e-03 1.691999999999999928e-03 9.999980000000000535e-01 -3.804270000000000151e-01 9.248089999999999922e-01 -1.987000000000000051e-03 -9.248100000000000209e-01 -3.804279999999999884e-01 -3.829999999999999854e-04
1.400000000000000000e+01 6.300000000000000000e+01 5.400000000000000000e+01 0.000000000000000000e+00 1.600000000000000089e+00 6.819999999999999890e-04 1.551999999999999994e-03 9.999989999999999712e-01 -3.733989999999999809e-01 9.276699999999999946e-01 -1.185000000000000072e-03 -9.276699999999999946e-01 -3.733980000000000077e-01 1.211999999999999970e-03
1.800000000000000000e+01 6.300000000000000000e+01 5.400000000000000000e+01 0.000000000000000000e+00 1.600000000000000089e+00 8.099999999999999561e-04 5.080000000000000314e-03 9.999869999999999592e-01 -3.640939999999999732e-01 9.313510000000000399e-01 -4.436999999999999972e-03 -9.313620000000000232e-01 -3.640860000000000207e-01 2.603999999999999978e-03
2.200000000000000000e+01 6.300000000000000000e+01 5.400000000000000000e+01 0.000000000000000000e+00 1.600000000000000089e+00 8.570000000000000144e-04 3.523000000000000090e-03 9.999930000000000208e-01 -3.584890000000000021e-01 9.335290000000000532e-01 -2.981999999999999842e-03 -9.335329999999999462e-01 -3.584840000000000249e-01 2.063000000000000164e-03
2.800000000000000000e+01 6.300000000000000000e+01 5.400000000000000000e+01 0.000000000000000000e+00 1.600000000000000089e+00 1.802999999999999915e-03 2.946999999999999967e-03 9.999940000000000495e-01 -3.665359999999999729e-01 9.304010000000000336e-01 -2.080999999999999951e-03 -9.304019999999999513e-01 -3.665300000000000225e-01 2.756999999999999902e-03
1.500000000000000000e+01 2.500000000000000000e+01 5.500000000000000000e+01 0.000000000000000000e+00 1.600000000000000089e+00 7.799999999999999859e-05 1.186409999999999965e-01 9.929369999999999585e-01 3.461000000000000101e-03 9.929310000000000080e-01 -1.186409999999999965e-01 -9.999940000000000495e-01 3.445999999999999844e-03 -3.330000000000000169e-04
