1.100000000000000000e+01 1.600000000000000000e+01 4.000000000000000000e+00 0.000000000000000000e+00 1.600000000000000089e+00 -2.491000000000000159e-03 1.428000000000000016e-03 9.999959999999999960e-01 4.564719999999999889e-01 -8.897340000000000249e-01 2.407999999999999984e-03 8.897340000000000249e-01 4.564759999999999929e-01 1.564999999999999985e-03
4.000000000000000000e+00 1.010000000000000000e+02 7.000000000000000000e+00 0.000000000000000000e+00 1.600000000000000089e+00 -7.169999999999999724e-04 -6.132000000000000298e-03 9.999810000000000088e-01 8.852970000000000006e-01 4.650119999999999809e-01 3.485999999999999949e-03 -4.650250000000000217e-01 8.852830000000000421e-01 5.094999999999999703e-03
9.000000000000000000e+00 1.010000000000000000e+02 7.000000000000000000e+00 0.000000000000000000e+00 1.600000000000000089e+00 -1.193999999999999966e-03 -7.152999999999999636e-03 9.999740000000000295e-01 8.858340000000000103e-01 4.639820000000000055e-01 4.376999999999999814e-03 -4.640009999999999968e-01 8.858160000000000478e-01 5.782999999999999946e-03
2.700000000000000000e+01 1.010000000000000000e+02 7.000000000000000000e+00 0.000000000000000000e+00 1.600000000000000089e+00 -1.480999999999999895e-03 6.909999999999999910e-04 9.999989999999999712e-01 8.853659999999999863e-01 4.648939999999999739e-01 9.909999999999999105e-04 -4.648930000000000007e-01 8.853659999999999863e-01 -1.299999999999999940e-03
1.300000000000000000e+01 2.500000000000000000e+01 8.000000000000000000e+00 0.000000000000000000e+00 1.600000000000000089e+00 1.977000000000000025e-03 2.419000000000000143e-03 -9.999949999999999672e-01 4.467969999999999997e-01 8.946300000000000363e-01 3.047999999999999928e-03 8.946330000000000116e-01 -4.468010000000000037e-01 6.880000000000000265e-04
1.700000000000000000e+01 2.500000000000000000e+01 8.000000000000000000e+00 0.000000000000000000e+00 1.600000000000000089e+00 2.750999999999999973e-03 8.259000000000000716e-03 -9.999620000000000175e-01 4.451209999999999889e-01 8.954290000000000305e-01 8.619999999999999191e-03 8.954659999999999842e-01 -4.451280000000000237e-01 -1.213000000000000102e-03
2.200000000000000000e+01 2.500000000000000000e+01 8.000000000000000000e+00 0.000000000000000000e+00 1.600000000000000089e+00 2.599999999999999840e-05 7.739999999999999485e-04 -1.000000000000000000e+00 4.440310000000000090e-01 8.960110000000000019e-01 7.050000000000000060e-04 8.960110000000000019e-01 -4.440310000000000090e-01 -3.200000000000000262e-04
2.600000000000000000e+01 2.500000000000000000e+01 8.000000000000000000e+00 0.000000000000000000e+00 1.600000000000000089e+00 -1.100000000000000066e-03 -1.142000000000000003e-03 -9.999989999999999712e-01 4.454580000000000206e-01 8.953010000000000135e-01 -1.512000000000000106e-03 8.953020000000000422e-01 -4.454589999999999939e-01 -4.760000000000000234e-04
2.900000000000000000e+01 2.500000000000000000e+01 8.000000000000000000e+00 0.000000000000000000e+00 1.600000000000000089e+00 -8.400000000000000348e-04 -1.706000000000000051e-03 -9.999980000000000535e-01 4.466669999999999807e-01 8.946990000000000220e-01 -1.902000000000000045e-03 8.947000000000000508e-01 -4.466669999999999807e-01 1.000000000000000082e-05
1.800000000000000000e+01 9.000000000000000000e+00 9.000000000000000000e+00 0.000000000000000000e+00 1.600000000000000089e+00 3.989000000000000358e-03 -7.854999999999999136e-03 -9.999609999999999888e-01 -9.447510000000000074e-01 -3.277880000000000238e-01 -1.193999999999999966e-03 -3.277660000000000018e-01 9.447189999999999754e-01 -8.727999999999999647e-03
2.500000000000000000e+01 9.000000000000000000e+00 9.000000000000000000e+00 0.000000000000000000e+00 1.600000000000000089e+00 -2.044100000000000084e-02 -2.273199999999999874e-02 -9.995330000000000048e-01 -9.456219999999999626e-01 -3.241689999999999849e-01 2.671099999999999863e-02 -3.246240000000000236e-01 9.457259999999999556e-01 -1.486999999999999954e-02
5.000000000000000000e+00 2.400000000000000000e+01 9.000000000000000000e+00 0.000000000000000000e+00 1.600000000000000089e+00 -1.242999999999999964e-03 -3.782000000000000205e-03 -9.999919999999999920e-01 4.543309999999999849e-01 8.908239999999999492e-01 -3.933999999999999997e-03 8.908319999999999572e-01 -4.543320000000000136e-01 6.109999999999999980e-04
9.000000000000000000e+00 2.400000000000000000e+01 9.000000000000000000e+00 0.000000000000000000e+00 1.600000000000000089e+00 -8.009999999999999542e-04 -3.833000000000000036e-03 -9.999919999999999920e-01 4.544210000000000194e-01 8.907789999999999875e-01 -3.778999999999999807e-03 8.907869999999999955e-01 -4.544199999999999906e-01 1.028000000000000051e-03
1.700000000000000000e+01 2.400000000000000000e+01 9.000000000000000000e+00 0.000000000000000000e+00 1.600000000000000089e+00 2.805999999999999901e-03 8.614000000000000129e-03 -9.999590000000000423e-01 4.527180000000000093e-01 8.916089999999999849e-01 8.951000000000000623e-03 8.916490000000000249e-01 -4.527240000000000153e-01 -1.397999999999999937e-03
2.000000000000000000e+01 2.400000000000000000e+01 9.000000000000000000e+00 0.000000000000000000e+00 1.600000000000000089e+00 1.221999999999999996e-03 1.873000000000000099e-03 -9.999970000000000248e-01 4.515370000000000217e-01 8.922489999999999588e-01 2.223000000000000149e-03 8.922510000000000163e-01 -4.515390000000000237e-01 2.449999999999999921e-04
2.600000000000000000e+01 2.400000000000000000e+01 9.000000000000000000e+00 0.000000000000000000e+00 1.600000000000000089e+00 -1.410000000000000012e-03 -1.400999999999999902e-03 -9.999980000000000535e-01 4.532550000000000190e-01 8.913790000000000324e-01 -1.887999999999999921e-03 8.913799999999999502e-01 -4.532559999999999922e-01 -6.220000000000000485e-04
2.900000000000000000e+01 2.400000000000000000e+01 9.000000000000000000e+00 0.000000000000000000e+00 1.600000000000000089e+00 -1.384999999999999946e-03 -1.407999999999999963e-03 -9.999980000000000535e-01 4.543639999999999901e-01 8.908139999999999947e-01 -1.884000000000000041e-03 8.908150000000000235e-01 -4.543659999999999921e-01 -5.940000000000000184e-04
1.000000000000000000e+00 3.500000000000000000e+01 1.200000000000000000e+01 0.000000000000000000e+00 1.600000000000000089e+00 -1.732000000000000033e-03 1.350000000000000017e-04 -9.999989999999999712e-01 4.537459999999999827e-01 -8.911310000000000064e-01 -9.060000000000000128e-04 -8.911299999999999777e-01 -4.537459999999999827e-01 1.482000000000000027e-03
9.000000000000000000e+00 3.500000000000000000e+01 1.200000000000000000e+01 0.000000000000000000e+00 1.600000000000000089e+00 8.499999999999999526e-04 -1.502000000000000080e-03 -9.999989999999999712e-01 4.424409999999999732e-01 -8.967960000000000376e-01 1.722999999999999922e-03 -8.967969999999999553e-01 -4.424420000000000019e-01 -9.799999999999999684e-05
1.300000000000000000e+01 3.500000000000000000e+01 1.200000000000000000e+01 0.000000000000000000e+00 1.600000000000000089e+00 -9.979999999999999722e-04 3.880999999999999901e-03 -9.999919999999999920e-01 4.399710000000000010e-01 -8.980040000000000244e-01 -3.924000000000000404e-03 -8.980120000000000324e-01 -4.399710000000000010e-01 -8.109999999999999805e-04
2.000000000000000000e+01 3.500000000000000000e+01 1.200000000000000000e+01 0.000000000000000000e+00 1.600000000000000089e+00 1.544000000000000017e-03 7.669999999999999951e-04 -9.999989999999999712e-01 4.600850000000000217e-01 -8.878749999999999698e-01 2.900000000000000017e-05 -8.878740000000000521e-01 -4.600839999999999930e-01 -1.724000000000000055e-03
2.300000000000000000e+01 3.500000000000000000e+01 1.200000000000000000e+01 0.000000000000000000e+00 1.600000000000000089e+00 1.026999999999999918e-03 -3.596999999999999937e-03 -9.999930000000000208e-01 4.676339999999999941e-01 -8.839150000000000063e-01 3.660000000000000059e-03 -8.839219999999999855e-01 -4.676339999999999941e-01 7.749999999999999728e-04
2.600000000000000000e+01 3.500000000000000000e+01 1.200000000000000000e+01 0.000000000000000000e+00 1.600000000000000089e+00 1.288000000000000082e-03 -1.369999999999999907e-03 -9.999980000000000535e-01 4.689329999999999887e-01 -8.832320000000000171e-01 1.814000000000000074e-03 -8.832330000000000458e-01 -4.689340000000000175e-01 -4.949999999999999973e-04
7.000000000000000000e+00 3.200000000000000000e+01 1.400000000000000000e+01 0.000000000000000000e+00 1.600000000000000089e+00 -9.600000000000000243e-04 1.026000000000000002e-03 -9.999989999999999712e-01 1.070129999999999970e-01 9.942569999999999464e-01 9.169999999999999549e-04 9.942569999999999464e-01 -1.070119999999999960e-01 -1.064000000000000059e-03
1.200000000000000000e+01 3.200000000000000000e+01 1.400000000000000000e+01 0.000000000000000000e+00 1.600000000000000089e+00 2.579999999999999828e-04 -3.616999999999999989e-03 -9.999930000000000208e-01 1.063759999999999983e-01 9.943199999999999816e-01 -3.569000000000000124e-03 9.943260000000000431e-01 -1.063739999999999963e-01 6.409999999999999682e-04
2.400000000000000000e+01 3.200000000000000000e+01 1.400000000000000000e+01 0.000000000000000000e+00 1.600000000000000089e+00 -4.000000000000000327e-05 2.263999999999999953e-03 -9.999970000000000248e-01 1.031299999999999994e-01 9.946650000000000214e-01 2.247999999999999998e-03 9.946679999999999966e-01 -1.031299999999999994e-01 -2.730000000000000222e-04
3.000000000000000000e+00 1.160000000000000000e+02 1.600000000000000000e+01 0.000000000000000000e+00 1.600000000000000089e+00 1.595000000000000064e-03 2.079999999999999818e-03 9.999970000000000248e-01 7.603710000000000191e-01 6.494839999999999502e-01 -2.563000000000000174e-03 -6.494870000000000365e-01 7.603720000000000478e-01 -5.450000000000000200e-04
2.100000000000000000e+01 1.160000000000000000e+02 1.600000000000000000e+01 0.000000000000000000e+00 1.600000000000000089e+00 7.060000000000000303e-04 1.121999999999999950e-03 9.999989999999999712e-01 7.051910000000000123e-01 7.090159999999999796e-01 -1.293000000000000095e-03 -7.090170000000000083e-01 7.051920000000000410e-01 -2.910000000000000260e-04
2.900000000000000000e+01 1.160000000000000000e+02 1.600000000000000000e+01 0.000000000000000000e+00 1.600000000000000089e+00 -9.060000000000000128e-04 -1.262000000000000101e-03 9.999989999999999712e-01 7.618829999999999769e-01 6.477129999999999832e-01 1.508000000000000009e-03 -6.477150000000000407e-01 7.618829999999999769e-01 3.739999999999999835e-04
2.000000000000000000e+00 2.000000000000000000e+00 1.900000000000000000e+01 0.000000000000000000e+00 1.600000000000000089e+00 -5.427999999999999665e-03 2.137700000000000017e-02 -9.997570000000000068e-01 3.278249999999999775e-01 -9.444829999999999615e-01 -2.197500000000000148e-02 -9.447229999999999794e-01 -3.278639999999999888e-01 -1.881000000000000076e-03
9.000000000000000000e+00 2.000000000000000000e+00 1.900000000000000000e+01 0.000000000000000000e+00 1.600000000000000089e+00 -8.040000000000000271e-04 1.941599999999999923e-02 -9.998110000000000053e-01 3.284500000000000197e-01 -9.443380000000000107e-01 -1.860300000000000148e-02 -9.445210000000000550e-01 -3.284030000000000005e-01 -5.617999999999999730e-03
1.500000000000000000e+01 2.000000000000000000e+00 1.900000000000000000e+01 0.000000000000000000e+00 1.600000000000000089e+00 4.300000000000000165e-05 4.111000000000000071e-03 -9.999919999999999920e-01 3.264870000000000272e-01 -9.451939999999999786e-01 -3.872000000000000008e-03 -9.452019999999999866e-01 -3.264839999999999964e-01 -1.382999999999999898e-03
2.100000000000000000e+01 2.000000000000000000e+00 1.900000000000000000e+01 0.000000000000000000e+00 1.600000000000000089e+00 1.005999999999999950e-03 5.982000000000000338e-03 -9.999820000000000375e-01 3.266160000000000174e-01 -9.451420000000000377e-01 -5.324999999999999872e-03 -9.451570000000000249e-01 -3.266049999999999787e-01 -2.905000000000000030e-03
2.600000000000000000e+01 2.000000000000000000e+00 1.900000000000000000e+01 0.000000000000000000e+00 1.600000000000000089e+00 -1.479999999999999925e-04 -6.028000000000000372e-03 -9.999820000000000375e-01 3.286649999999999849e-01 -9.444299999999999917e-01 5.644999999999999844e-03 -9.444470000000000365e-01 -3.286580000000000057e-01 2.121000000000000055e-03
8.000000000000000000e+00 3.000000000000000000e+00 1.900000000000000000e+01 0.000000000000000000e+00 1.600000000000000089e+00 -1.348999999999999939e-03 1.848899999999999849e-02 -9.998280000000000500e-01 3.000249999999999861e-01 -9.537609999999999699e-01 -1.804199999999999901e-02 -9.539299999999999446e-01 -2.999979999999999869e-01 -4.259999999999999898e-03
3.000000000000000000e+00 1.300000000000000000e+01 2.000000000000000000e+01 0.000000000000000000e+00 1.600000000000000089e+00 -1.105000000000000079e-03 -4.544000000000000296e-03 9.999890000000000168e-01 2.602149999999999741e-01 9.655390000000000361e-01 4.675000000000000336e-03 -9.655500000000000194e-01 2.602169999999999761e-01 1.150000000000000035e-04
8.000000000000000000e+00 1.300000000000000000e+01 2.000000000000000000e+01 0.000000000000000000e+00 1.600000000000000089e+00 -1.314999999999999980e-03 -6.700000000000000226e-04 9.999989999999999712e-01 2.622849999999999904e-01 9.649900000000000144e-01 9.909999999999999105e-04 -9.649900000000000144e-01 2.622860000000000191e-01 -1.093000000000000005e-03
1.500000000000000000e+01 1.300000000000000000e+01 2.000000000000000000e+01 0.000000000000000000e+00 1.600000000000000089e+00 5.800000000000000034e-04 2.570000000000000127e-04 1.000000000000000000e+00 2.627519999999999856e-01 9.648630000000000262e-01 -4.000000000000000192e-04 -9.648630000000000262e-01 2.627519999999999856e-01 4.920000000000000328e-04
2.000000000000000000e+01 1.300000000000000000e+01 2.000000000000000000e+01 0.000000000000000000e+00 1.600000000000000089e+00 1.624999999999999925e-03 -2.489999999999999809e-04 9.999989999999999712e-01 2.626390000000000113e-01 9.648940000000000294e-01 -1.859999999999999945e-04 -9.648930000000000007e-01 2.626390000000000113e-01 1.632999999999999903e-03
2.500000000000000000e+01 1.300000000000000000e+01 2.000000000000000000e+01 0.000000000000000000e+00 1.600000000000000089e+00 -9.229999999999999923e-04 3.330000000000000169e-04 1.000000000000000000e+00 2.641419999999999879e-01 9.644840000000000080e-01 -7.700000000000000139e-05 -9.644829999999999792e-01 2.641419999999999879e-01 -9.779999999999999197e-04
2.800000000000000000e+01 1.300000000000000000e+01 2.000000000000000000e+01 0.000000000000000000e+00 1.600000000000000089e+00 -2.361999999999999950e-03 1.129999999999999928e-03 9.999970000000000248e-01 2.650500000000000078e-01 9.642349999999999532e-01 -4.640000000000000027e-04 -9.642319999999999780e-01 2.650480000000000058e-01 -2.576999999999999864e-03
6.000000000000000000e+00 5.000000000000000000e+01 2.200000000000000000e+01 0.000000000000000000e+00 1.600000000000000089e+00 -1.140000000000000063e-04 1.845000000000000069e-03 -9.999980000000000535e-01 -5.633930000000000327e-01 8.261880000000000335e-01 1.588000000000000002e-03 8.261889999999999512e-01 5.633920000000000039e-01 9.449999999999999850e-04
1.500000000000000000e+01 5.000000000000000000e+01 2.200000000000000000e+01 0.000000000000000000e+00 1.600000000000000089e+00 -2.203999999999999796e-03 2.750000000000000166e-04 -9.999970000000000248e-01 -5.650269999999999460e-01 8.250709999999999988e-01 1.472000000000000001e-03 8.250690000000000524e-01 5.650290000000000035e-01 -1.662999999999999982e-03
2.100000000000000000e+01 5.000000000000000000e+01 2.200000000000000000e+01 0.000000000000000000e+00 1.600000000000000089e+00 9.330000000000000186e-04 3.795000000000000196e-03 -9.999919999999999920e-01 -5.633939999999999504e-01 8.261840000000000295e-01 2.609000000000000208e-03 8.261880000000000335e-01 5.633879999999999999e-01 2.909000000000000127e-03
3.000000000000000000e+00 3.000000000000000000e+00 2.500000000000000000e+01 0.000000000000000000e+00 1.600000000000000089e+00 -6.322999999999999628e-03 1.580700000000000160e-02 9.998550000000000493e-01 -1.388900000000000030e-02 -9.997800000000000020e-01 1.571799999999999933e-02 9.998839999999999950e-01 -1.378700000000000064e-02 6.540999999999999939e-03
9.000000000000000000e+00 3.000000000000000000e+00 2.500000000000000000e+01 0.000000000000000000e+00 1.600000000000000089e+00 -3.341999999999999919e-03 8.885999999999999802e-03 9.999550000000000383e-01 -3.465000000000000198e-03 -9.999550000000000383e-01 8.873999999999999944e-03 9.999879999999999880e-01 -3.435000000000000119e-03 3.371999999999999997e-03
1.300000000000000000e+01 3.000000000000000000e+00 2.500000000000000000e+01 0.000000000000000000e+00 1.600000000000000089e+00 -6.620000000000000450e-04 -4.749999999999999990e-04 1.000000000000000000e+00 -1.466999999999999988e-03 -9.999989999999999712e-01 -4.760000000000000234e-04 9.999989999999999712e-01 -1.466999999999999988e-03 6.620000000000000450e-04
1.800000000000000000e+01 3.000000000000000000e+00 2.500000000000000000e+01 0.000000000000000000e+00 1.600000000000000089e+00 -4.104000000000000009e-03 5.780000000000000415e-03 9.999749999999999472e-01 8.189999999999999581e-04 -9.999829999999999552e-01 5.782999999999999946e-03 9.999909999999999632e-01 8.429999999999999993e-04 4.099000000000000213e-03
2.200000000000000000e+01 3.000000000000000000e+00 2.500000000000000000e+01 0.000000000000000000e+00 1.600000000000000089e+00 -3.768000000000000082e-03 8.310000000000000329e-04 9.999930000000000208e-01 9.039000000000000160e-03 -9.999590000000000423e-01 8.649999999999999920e-04 9.999519999999999520e-01 9.041999999999999690e-03 3.759999999999999887e-03
3.000000000000000000e+01 3.000000000000000000e+00 2.500000000000000000e+01 0.000000000000000000e+00 1.600000000000000089e+00 1.010000000000000047e-03 1.172000000000000082e-03 9.999989999999999712e-01 1.497500000000000046e-02 -9.998869999999999703e-01 1.157000000000000042e-03 9.998869999999999703e-01 1.497399999999999946e-02 -1.026999999999999918e-03
7.000000000000000000e+00 4.600000000000000000e+01 3.000000000000000000e+01 0.000000000000000000e+00 1.600000000000000089e+00 3.899999999999999929e-05 -1.150000000000000035e-04 -1.000000000000000000e+00 3.350279999999999925e-01 9.422080000000000455e-01 -9.500000000000000523e-05 9.422080000000000455e-01 -3.350279999999999925e-01 7.499999999999999343e-05
7.000000000000000000e+00 5.800000000000000000e+01 3.100000000000000000e+01 0.000000000000000000e+00 1.600000000000000089e+00 3.588000000000000043e-03 5.061999999999999660e-03 9.999810000000000088e-01 -7.570679999999999632e-01 -6.533079999999999998e-01 6.023999999999999841e-03 6.533259999999999623e-01 -7.570750000000000535e-01 1.487999999999999956e-03
1.800000000000000000e+01 5.800000000000000000e+01 3.100000000000000000e+01 0.000000000000000000e+00 1.600000000000000089e+00 -1.021999999999999905e-03 2.851999999999999934e-03 9.999949999999999672e-01 -7.533769999999999634e-01 -6.575870000000000326e-01 1.105999999999999995e-03 6.575870000000000326e-01 -7.533729999999999594e-01 2.821000000000000157e-03
2.800000000000000000e+01 5.800000000000000000e+01 3.100000000000000000e+01 0.000000000000000000e+00 1.600000000000000089e+00 -6.470000000000000057e-03 -1.825799999999999992e-02 9.998120000000000340e-01 -7.580900000000000416e-01 -6.519340000000000135e-01 -1.681099999999999955e-02 6.521179999999999755e-01 -7.580559999999999521e-01 -9.622999999999999610e-03
1.700000000000000000e+01 2.300000000000000000e+01 3.400000000000000000e+01 0.000000000000000000e+00 1.600000000000000089e+00 6.300000000000000261e-04 -2.288999999999999802e-03 9.999970000000000248e-01 3.965810000000000168e-01 -9.179969999999999519e-01 -2.350999999999999791e-03 9.180000000000000382e-01 3.965810000000000168e-01 3.289999999999999739e-04
5.000000000000000000e+00 4.600000000000000000e+01 3.500000000000000000e+01 0.000000000000000000e+00 1.600000000000000089e+00 4.560000000000000251e-04 -1.137999999999999906e-03 -9.999989999999999712e-01 3.921740000000000226e-01 -9.198899999999999855e-01 1.226000000000000093e-03 -9.198910000000000142e-01 -3.921749999999999958e-01 2.699999999999999899e-05
8.000000000000000000e+00 4.600000000000000000e+01 3.500000000000000000e+01 0.000000000000000000e+00 1.600000000000000089e+00 -1.559999999999999972e-04 -2.406000000000000152e-03 -9.999970000000000248e-01 3.926549999999999763e-01 -9.196830000000000283e-01 2.151999999999999833e-03 -9.196860000000000035e-01 -3.926540000000000030e-01 1.087999999999999991e-03
1.600000000000000000e+01 4.600000000000000000e+01 3.500000000000000000e+01 0.000000000000000000e+00 1.600000000000000089e+00 6.120000000000000223e-04 1.482000000000000027e-03 -9.999989999999999712e-01 3.912470000000000114e-01 -9.202850000000000197e-01 -1.124999999999999915e-03 -9.202860000000000484e-01 -3.912450000000000094e-01 -1.142999999999999919e-03
2.000000000000000000e+01 4.600000000000000000e+01 3.500000000000000000e+01 0.000000000000000000e+00 1.600000000000000089e+00 1.034999999999999896e-03 8.050000000000000515e-04 -9.999989999999999712e-01 3.898510000000000031e-01 -9.208779999999999744e-01 -3.379999999999999758e-04 -9.208769999999999456e-01 -3.898499999999999743e-01 -1.266999999999999897e-03
2.300000000000000000e+01 4.600000000000000000e+01 3.500000000000000000e+01 0.000000000000000000e+00 1.600000000000000089e+00 -3.179999999999999776e-04 9.169999999999999549e-04 -1.000000000000000000e+00 3.896959999999999869e-01 -9.209429999999999561e-01 -9.680000000000000019e-04 -9.209429999999999561e-01 -3.896959999999999869e-01 -6.399999999999999710e-05
2.800000000000000000e+01 4.600000000000000000e+01 3.500000000000000000e+01 0.000000000000000000e+00 1.600000000000000089e+00 -6.350000000000000392e-04 -9.179999999999999792e-04 -9.999989999999999712e-01 3.900179999999999758e-01 -9.208070000000000421e-01 5.980000000000000072e-04 -9.208070000000000421e-01 -3.900170000000000026e-01 9.430000000000000448e-04
8.000000000000000000e+00 3.000000000000000000e+00 4.300000000000000000e+01 0.000000000000000000e+00 1.600000000000000089e+00 1.200000000000000030e-05 -1.036100000000000042e-02 -9.999460000000000015e-01 7.439299999999999802e-01 -6.682219999999999827e-01 6.932999999999999927e-03 -6.682580000000000187e-01 -7.438900000000000512e-01 7.700000000000000247e-03
1.400000000000000000e+01 3.000000000000000000e+00 4.300000000000000000e+01 0.000000000000000000e+00 1.600000000000000089e+00 -4.124000000000000062e-03 -1.051599999999999931e-02 -9.999360000000000470e-01 7.402710000000000123e-01 -6.722960000000000047e-01 4.016999999999999738e-03 -6.722949999999999759e-01 -7.402079999999999771e-01 1.055700000000000041e-02
2.300000000000000000e+01 3.000000000000000000e+00 4.300000000000000000e+01 0.000000000000000000e+00 1.600000000000000089e+00 3.730000000000000134e-04 2.341000000000000199e-03 -9.999970000000000248e-01 7.356690000000000174e-01 -6.773400000000000531e-01 -1.311000000000000099e-03 -6.773409999999999709e-01 -7.356669999999999598e-01 -1.975000000000000193e-03
2.900000000000000000e+01 3.000000000000000000e+00 4.300000000000000000e+01 0.000000000000000000e+00 1.600000000000000089e+00 -9.370000000000000074e-04 -7.293000000000000003e-03 -9.999730000000000008e-01 7.405640000000000001e-01 -6.719730000000000425e-01 4.206999999999999802e-03 -6.719859999999999722e-01 -7.405399999999999761e-01 6.029999999999999770e-03
1.000000000000000000e+01 8.000000000000000000e+00 4.400000000000000000e+01 0.000000000000000000e+00 1.600000000000000089e+00 -1.820000000000000057e-04 -2.732000000000000053e-03 9.999959999999999960e-01 -7.833440000000000403e-01 -6.215859999999999719e-01 -1.840999999999999972e-03 6.215889999999999471e-01 -7.833409999999999540e-01 -2.027000000000000156e-03
5.000000000000000000e+00 2.900000000000000000e+01 4.400000000000000000e+01 0.000000000000000000e+00 1.600000000000000089e+00 1.610000000000000103e-04 -1.150999999999999896e-03 -9.999989999999999712e-01 6.573860000000000259e-01 7.535530000000000284e-01 -7.609999999999999577e-04 7.535539999999999461e-01 -6.573860000000000259e-01 8.779999999999999827e-04
9.000000000000000000e+00 2.900000000000000000e+01 4.400000000000000000e+01 0.000000000000000000e+00 1.600000000000000089e+00 7.079999999999999705e-04 -2.539999999999999940e-04 -1.000000000000000000e+00 6.598399999999999821e-01 7.514060000000000183e-01 2.770000000000000110e-04 7.514060000000000183e-01 -6.598399999999999821e-01 6.999999999999999929e-04
1.400000000000000000e+01 2.900000000000000000e+01 4.400000000000000000e+01 0.000000000000000000e+00 1.600000000000000089e+00 2.990000000000000036e-04 3.152999999999999987e-03 -9.999949999999999672e-01 6.559789999999999788e-01 7.547749999999999737e-01 2.576000000000000165e-03 7.547789999999999777e-01 -6.559760000000000035e-01 -1.842000000000000104e-03
1.800000000000000000e+01 2.900000000000000000e+01 4.400000000000000000e+01 0.000000000000000000e+00 1.600000000000000089e+00 6.800000000000000488e-04 1.761999999999999894e-03 -9.999980000000000535e-01 6.567619999999999569e-01 7.540959999999999885e-01 1.776000000000000018e-03 7.540980000000000461e-01 -6.567619999999999569e-01 -6.449999999999999570e-04
2.200000000000000000e+01 2.900000000000000000e+01 4.400000000000000000e+01 0.000000000000000000e+00 1.600000000000000089e+00 1.190000000000000058e-04 1.118999999999999986e-03 -9.999989999999999712e-01 6.598319999999999741e-01 7.514129999999999976e-01 9.190000000000000035e-04 7.514129999999999976e-01 -6.598319999999999741e-01 -6.489999999999999459e-04
2.900000000000000000e+01 2.900000000000000000e+01 4.400000000000000000e+01 0.000000000000000000e+00 1.600000000000000089e+00 1.982999999999999954e-03 -8.369999999999999619e-04 -9.999980000000000535e-01 6.615140000000000464e-01 7.499329999999999607e-01 6.840000000000000377e-04 7.499299999999999855e-01 -6.615140000000000464e-01 2.040999999999999846e-03
1.200000000000000000e+01 7.400000000000000000e+01 4.900000000000000000e+01 0.000000000000000000e+00 1.600000000000000089e+00 1.711000000000000064e-03 -5.334000000000000200e-03 9.999839999999999840e-01 -9.820520000000000360e-01 1.885920000000000096e-01 2.686000000000000019e-03 -1.886029999999999929e-01 -9.820410000000000528e-01 -4.915000000000000098e-03
4.000000000000000000e+00 5.000000000000000000e+00 5.100000000000000000e+01 0.000000000000000000e+00 1.600000000000000089e+00 -2.733000000000000186e-03 7.479999999999999670e-04 -9.999959999999999960e-01 4.945330000000000004e-01 -8.691569999999999574e-01 -2.001000000000000174e-03 -8.691550000000000109e-01 -4.945359999999999756e-01 2.004999999999999838e-03
9.000000000000000000e+00 5.000000000000000000e+00 5.100000000000000000e+01 0.000000000000000000e+00 1.600000000000000089e+00 -3.910000000000000172e-04 -2.253999999999999927e-03 -9.999970000000000248e-01 4.901590000000000114e-01 -8.716310000000000446e-01 1.773000000000000053e-03 -8.716329999999999911e-01 -4.901570000000000094e-01 1.446000000000000020e-03
2.700000000000000000e+01 1.150000000000000000e+02 5.100000000000000000e+01 0.000000000000000000e+00 1.600000000000000089e+00 -2.079999999999999818e-03 -5.335999999999999598e-03 9.999839999999999840e-01 8.464260000000000117e-01 -5.325060000000000349e-01 -1.080999999999999930e-03 5.325029999999999486e-01 8.464099999999999957e-01 5.623999999999999659e-03
1.700000000000000000e+01 7.000000000000000000e+00 5.200000000000000000e+01 0.000000000000000000e+00 1.600000000000000089e+00 -3.403000000000000209e-03 2.237999999999999972e-03 -9.999919999999999920e-01 1.169110000000000010e-01 -9.931389999999999940e-01 -2.621000000000000066e-03 -9.931370000000000475e-01 -1.169189999999999952e-01 3.118000000000000112e-03
4.000000000000000000e+00 6.300000000000000000e+01 5.400000000000000000e+01 0.000000000000000000e+00 1.600000000000000089e+00 3.518999999999999993e-03 4.916000000000000231e-03 9.999820000000000375e-01 -3.400079999999999769e-01 9.404160000000000297e-01 -3.425999999999999792e-03 -9.404160000000000297e-01 -3.399889999999999857e-01 4.980000000000000052e-03
1.100000000000000000e+01 6.300000000000000000e+01 5.400000000000000000e+01 0.000000000000000000e+00 1.600000000000000089e+00 -6.130000000000000466e-04 -4.956999999999999601e-03 9.999879999999999880e-01 -3.452729999999999966e-01 9.384919999999999929e-01 4.440999999999999635e-03 -9.385019999999999474e-01 -3.452660000000000173e-01 -2.286999999999999970e-03
1.500000000000000000e+01 6.300000000000000000e+01 5.400000000000000000e+01 0.000000000000000000e+00 1.600000000000000089e+00 -9.439999999999999607e-04 -7.367000000000000284e-03 9.999719999999999720e-01 -3.440949999999999842e-01 9.389119999999999688e-01 6.591999999999999769e-03 -9.389340000000000463e-01 -3.440799999999999970e-01 -3.420999999999999996e-03
1.900000000000000000e+01 6.300000000000000000e+01 5.400000000000000000e+01 0.000000000000000000e+00 1.600000000000000089e+00 -4.100000000000000047e-05 -3.592999999999999840e-03 9.999940000000000495e-01 -3.388220000000000121e-01 9.408440000000000136e-01 3.367000000000000201e-03 -9.408499999999999641e-01 -3.388200000000000101e-01 -1.255999999999999955e-03
2.100000000000000000e+01 6.300000000000000000e+01 5.400000000000000000e+01 0.000000000000000000e+00 1.600000000000000089e+00 3.959999999999999762e-04 -6.019999999999999961e-04 1.000000000000000000e+00 -3.390679999999999805e-01 9.407619999999999871e-01 7.010000000000000172e-04 -9.407619999999999871e-01 -3.390679999999999805e-01 1.679999999999999907e-04
2.600000000000000000e+01 6.300000000000000000e+01 5.400000000000000000e+01 0.000000000000000000e+00 1.600000000000000089e+00 1.060000000000000016e-04 8.570000000000000144e-04 1.000000000000000000e+00 -3.431299999999999906e-01 9.392880000000000118e-01 -7.690000000000000438e-04 -9.392880000000000118e-01 -3.431290000000000173e-01 3.939999999999999817e-04
2.000000000000000000e+00 2.500000000000000000e+01 5.500000000000000000e+01 0.000000000000000000e+00 1.600000000000000089e+00 -4.350000000000000026e-04 -1.355000000000000085e-03 -9.999989999999999712e-01 -1.365300000000000021e-02 -9.999059999999999615e-01 1.361000000000000014e-03 -9.999069999999999903e-01 1.365399999999999947e-02 4.169999999999999987e-04
6.000000000000000000e+00 2.500000000000000000e+01 5.500000000000000000e+01 0.000000000000000000e+00 1.600000000000000089e+00 1.245000000000000013e-03 1.543000000000000101e-03 -9.999980000000000535e-01 -1.188200000000000020e-02 -9.999280000000000390e-01 -1.557999999999999923e-03 -9.999289999999999567e-01 1.188400000000000047e-02 -1.226000000000000093e-03
1.200000000000000000e+01 2.500000000000000000e+01 5.500000000000000000e+01 0.000000000000000000e+00 1.600000000000000089e+00 6.250000000000000130e-04 1.069000000000000072e-03 -9.999989999999999712e-01 -1.090799999999999929e-02 -9.999400000000000510e-01 -1.075999999999999917e-03 -9.999400000000000510e-01 1.090900000000000029e-02 -6.130000000000000466e-04
1.600000000000000000e+01 2.500000000000000000e+01 5.500000000000000000e+01 0.000000000000000000e+00 1.600000000000000089e+00 -1.240000000000000054e-04 -7.519999999999999558e-04 -1.000000000000000000e+00 -1.085799999999999960e-02 -9.999409999999999688e-01 7.529999999999999801e-04 -9.999409999999999688e-01 1.085799999999999960e-02 1.160000000000000007e-04
2.100000000000000000e+01 2.500000000000000000e+01 5.500000000000000000e+01 0.000000000000000000e+00 1.600000000000000089e+00 -9.829999999999999329e-04 5.779999999999999548e-04 -9.999989999999999712e-01 -1.032800000000000037e-02 -9.999460000000000015e-01 -5.680000000000000370e-04 -9.999460000000000015e-01 1.032800000000000037e-02 9.890000000000000787e-04
6.000000000000000000e+00 2.100000000000000000e+01 6.000000000000000000e+01 0.000000000000000000e+00 1.600000000000000089e+00 -1.701999999999999954e-03 4.068999999999999700e-03 9.999900000000000455e-01 -9.505399999999999960e-02 9.954629999999999868e-01 -4.211999999999999598e-03 -9.954709999999999948e-01 -9.506000000000000560e-02 -1.307000000000000002e-03
1.300000000000000000e+01 2.100000000000000000e+01 6.000000000000000000e+01 0.000000000000000000e+00 1.600000000000000089e+00 -6.970000000000000284e-04 4.300000000000000165e-05 1.000000000000000000e+00 -9.201499999999999957e-02 9.957580000000000320e-01 -1.069999999999999988e-04 -9.957570000000000032e-01 -9.201600000000000057e-02 -6.899999999999999667e-04
1.700000000000000000e+01 2.100000000000000000e+01 6.000000000000000000e+01 0.000000000000000000e+00 1.600000000000000089e+00 9.600000000000000243e-05 -1.669999999999999935e-04 1.000000000000000000e+00 -9.312600000000000044e-02 9.956540000000000390e-01 1.749999999999999982e-04 -9.956540000000000390e-01 -9.312600000000000044e-02 8.100000000000000375e-05
2.400000000000000000e+01 2.100000000000000000e+01 6.000000000000000000e+01 0.000000000000000000e+00 1.600000000000000089e+00 3.449999999999999833e-04 -7.860999999999999932e-03 9.999689999999999968e-01 -9.351800000000000390e-02 9.955869999999999997e-01 7.858999999999999667e-03 -9.956180000000000030e-01 -9.351800000000000390e-02 -3.910000000000000172e-04
9.000000000000000000e+00 6.700000000000000000e+01 6.000000000000000000e+01 0.000000000000000000e+00 1.600000000000000089e+00 1.771000000000000005e-03 8.350000000000000217e-04 9.999980000000000535e-01 1.736929999999999863e-01 -9.848000000000000087e-01 5.150000000000000498e-04 9.847979999999999512e-01 1.736920000000000130e-01 -1.889000000000000054e-03
1.800000000000000000e+01 3.000000000000000000e+00 6.300000000000000000e+01 0.000000000000000000e+00 1.600000000000000089e+00 -5.810000000000000277e-04 3.699999999999999947e-04 1.000000000000000000e+00 -6.186270000000000380e-01 7.856840000000000490e-01 -6.499999999999999702e-04 -7.856849999999999667e-01 -6.186270000000000380e-01 -2.280000000000000126e-04
4.000000000000000000e+00 2.700000000000000000e+01 6.300000000000000000e+01 0.000000000000000000e+00 1.600000000000000089e+00 -1.995999999999999944e-03 5.609999999999999752e-04 9.999980000000000535e-01 -2.817430000000000212e-01 9.594890000000000363e-01 -1.100000000000000066e-03 -9.594880000000000075e-01 -2.817439999999999944e-01 -1.757000000000000098e-03
1.500000000000000000e+01 2.700000000000000000e+01 6.300000000000000000e+01 0.000000000000000000e+00 1.600000000000000089e+00 -9.840000000000000656e-04 -4.344999999999999904e-03 9.999900000000000455e-01 -2.774570000000000092e-01 9.607299999999999729e-01 3.900999999999999954e-03 -9.607379999999999809e-01 -2.774499999999999744e-01 -2.151000000000000134e-03
2.200000000000000000e+01 2.700000000000000000e+01 6.300000000000000000e+01 0.000000000000000000e+00 1.600000000000000089e+00 1.824000000000000100e-03 2.975999999999999913e-03 9.999940000000000495e-01 -2.770619999999999750e-01 9.608489999999999531e-01 -2.354000000000000190e-03 -9.608499999999999819e-01 -2.770560000000000245e-01 2.576999999999999864e-03
3.000000000000000000e+00 2.600000000000000000e+01 6.400000000000000000e+01 0.000000000000000000e+00 1.600000000000000089e+00 -2.972999999999999948e-03 -1.454999999999999913e-03 9.999949999999999672e-01 -3.722630000000000106e-01 9.281270000000000353e-01 2.429999999999999977e-04 -9.281220000000000026e-01 -3.722599999999999798e-01 -3.301000000000000115e-03
7.000000000000000000e+00 2.600000000000000000e+01 6.400000000000000000e+01 0.000000000000000000e+00 1.600000000000000089e+00 -3.519999999999999908e-04 -2.925000000000000083e-03 9.999959999999999960e-01 -3.680530000000000190e-01 9.298009999999999886e-01 2.589999999999999854e-03 -9.298049999999999926e-01 -3.680510000000000170e-01 -1.404000000000000083e-03
1.600000000000000000e+01 2.600000000000000000e+01 6.400000000000000000e+01 0.000000000000000000e+00 1.600000000000000089e+00 -5.770000000000000389e-04 -4.160999999999999768e-03 9.999909999999999632e-01 -3.702880000000000060e-01 9.289100000000000135e-01 3.651999999999999864e-03 -9.289169999999999927e-01 -3.702820000000000000e-01 -2.076999999999999853e-03
2.000000000000000000e+01 2.600000000000000000e+01 6.400000000000000000e+01 0.000000000000000000e+00 1.600000000000000089e+00 1.033999999999999980e-03 -1.131999999999999977e-03 9.999989999999999712e-01 -3.699999999999999956e-01 9.290310000000000512e-01 1.433999999999999945e-03 -9.290310000000000512e-01 -3.700010000000000243e-01 5.419999999999999471e-04
2.300000000000000000e+01 2.600000000000000000e+01 6.400000000000000000e+01 0.000000000000000000e+00 1.600000000000000089e+00 1.551999999999999994e-03 5.081999999999999712e-03 9.999860000000000415e-01 -3.675720000000000098e-01 9.299859999999999793e-01 -4.155999999999999972e-03 -9.299939999999999873e-01 -3.675599999999999978e-01 3.311000000000000141e-03
6.000000000000000000e+00 6.900000000000000000e+01 6.600000000000000000e+01 0.000000000000000000e+00 1.600000000000000089e+00 -4.180000000000000230e-04 -5.461999999999999841e-03 9.999850000000000128e-01 -9.508600000000000385e-01 3.096180000000000043e-01 1.294000000000000011e-03 -3.096200000000000063e-01 -9.508450000000000513e-01 -5.322999999999999607e-03
1.300000000000000000e+01 6.900000000000000000e+01 6.600000000000000000e+01 0.000000000000000000e+00 1.600000000000000089e+00 6.048999999999999690e-03 1.003999999999999901e-03 9.999810000000000088e-01 -9.485740000000000283e-01 3.165100000000000136e-01 5.420000000000000338e-03 -3.164989999999999748e-01 -9.485890000000000155e-01 2.867000000000000191e-03
1.000000000000000000e+01 3.100000000000000000e+01 7.100000000000000000e+01 0.000000000000000000e+00 1.600000000000000089e+00 6.250000000000000130e-04 1.327000000000000055e-03 -9.999989999999999712e-01 -7.287249999999999561e-01 -6.848049999999999971e-01 -1.363999999999999978e-03 -6.848070000000000546e-01 7.287249999999999561e-01 5.389999999999999826e-04
1.000000000000000000e+00 2.500000000000000000e+01 7.300000000000000000e+01 0.000000000000000000e+00 1.600000000000000089e+00 1.840000000000000056e-03 -6.089999999999999494e-04 9.999980000000000535e-01 7.586969999999999548e-01 -6.514410000000000478e-01 -1.793000000000000106e-03 6.514410000000000478e-01 7.586990000000000123e-01 -7.370000000000000249e-04
7.000000000000000000e+00 2.500000000000000000e+01 7.300000000000000000e+01 0.000000000000000000e+00 1.600000000000000089e+00 -3.730000000000000134e-04 -3.235000000000000028e-03 9.999949999999999672e-01 7.536220000000000141e-01 -6.573059999999999459e-01 -1.845000000000000069e-03 6.573080000000000034e-01 7.536169999999999813e-01 2.683000000000000055e-03
2.000000000000000000e+01 2.500000000000000000e+01 7.300000000000000000e+01 0.000000000000000000e+00 1.600000000000000089e+00 -1.137999999999999906e-03 2.926999999999999914e-03 9.999949999999999672e-01 7.494269999999999543e-01 -6.620810000000000306e-01 2.791000000000000078e-03 6.620859999999999523e-01 7.494260000000000366e-01 -1.440000000000000091e-03
2.300000000000000000e+01 2.500000000000000000e+01 7.300000000000000000e+01 0.000000000000000000e+00 1.600000000000000089e+00 -2.187000000000000142e-03 -2.834000000000000147e-03 9.999940000000000495e-01 7.510820000000000274e-01 -6.602090000000000458e-01 -2.290000000000000098e-04 6.602050000000000418e-01 7.510769999999999946e-01 3.572999999999999787e-03
2.600000000000000000e+01 2.500000000000000000e+01 7.300000000000000000e+01 0.000000000000000000e+00 1.600000000000000089e+00 -3.586000000000000212e-03 -7.466999999999999679e-03 9.999660000000000215e-01 7.525249999999999995e-01 -6.585600000000000342e-01 -2.219000000000000052e-03 6.585539999999999727e-01 7.524910000000000210e-01 7.981000000000000247e-03
4.000000000000000000e+00 4.400000000000000000e+01 7.300000000000000000e+01 0.000000000000000000e+00 1.600000000000000089e+00 2.413000000000000214e-03 1.959999999999999937e-03 9.999949999999999672e-01 5.094900000000000123e-02 -9.987000000000000322e-01 1.835000000000000043e-03 9.986979999999999746e-01 5.094499999999999723e-02 -2.510000000000000078e-03
1.100000000000000000e+01 4.400000000000000000e+01 7.300000000000000000e+01 0.000000000000000000e+00 1.600000000000000089e+00 -4.829999999999999767e-04 5.199999999999999544e-04 1.000000000000000000e+00 5.276900000000000340e-02 -9.986070000000000224e-01 5.450000000000000200e-04 9.986070000000000224e-01 5.276999999999999746e-02 4.550000000000000008e-04
