1.300000000000000000e+01 2.500000000000000000e+01 1.000000000000000000e+00 0.000000000000000000e+00 1.600000000000000089e+00 3.926999999999999935e-03 -4.477000000000000077e-03 -9.999820000000000375e-01 -5.219979999999999620e-01 -8.529449999999999532e-01 1.768999999999999956e-03 -8.529379999999999740e-01 5.219810000000000283e-01 -5.687000000000000215e-03
2.100000000000000000e+01 2.500000000000000000e+01 1.000000000000000000e+00 0.000000000000000000e+00 1.600000000000000089e+00 2.795999999999999874e-03 4.632999999999999965e-03 -9.999850000000000128e-01 -5.249620000000000397e-01 -8.511079999999999757e-01 -5.411000000000000011e-03 -8.511210000000000164e-01 5.249700000000000477e-01 5.300000000000000078e-05
7.000000000000000000e+00 4.200000000000000000e+01 2.000000000000000000e+00 0.000000000000000000e+00 1.600000000000000089e+00 6.440000000000000412e-03 -1.240600000000000036e-02 -9.999019999999999575e-01 9.829999999999999849e-01 -1.834050000000000125e-01 8.606000000000000802e-03 -1.834939999999999904e-01 -9.829590000000000272e-01 1.101399999999999949e-02
3.000000000000000000e+00 1.500000000000000000e+01 4.000000000000000000e+00 0.000000000000000000e+00 1.600000000000000089e+00 -3.383000000000000156e-03 -3.482999999999999985e-03 9.999879999999999880e-01 3.112889999999999824e-01 -9.503120000000000456e-01 -2.256999999999999892e-03 9.503089999999999593e-01 3.112779999999999991e-01 4.298999999999999870e-03
1.200000000000000000e+01 1.500000000000000000e+01 4.000000000000000000e+00 0.000000000000000000e+00 1.600000000000000089e+00 1.985999999999999918e-03 3.278000000000000098e-03 9.999930000000000208e-01 3.055999999999999828e-01 -9.521570000000000311e-01 2.514000000000000175e-03 9.521579999999999488e-01 3.055930000000000035e-01 -2.893000000000000172e-03
2.200000000000000000e+01 1.500000000000000000e+01 4.000000000000000000e+00 0.000000000000000000e+00 1.600000000000000089e+00 -8.120999999999999747e-03 -3.350000000000000113e-03 9.999609999999999888e-01 2.994580000000000020e-01 -9.541089999999999849e-01 -7.640000000000000306e-04 9.540750000000000064e-01 2.994399999999999840e-01 8.751999999999999363e-03
2.600000000000000000e+01 1.500000000000000000e+01 4.000000000000000000e+00 0.000000000000000000e+00 1.600000000000000089e+00 -4.807999999999999774e-03 -2.920999999999999985e-03 9.999839999999999840e-01 2.984060000000000046e-01 -9.544380000000000086e-01 -1.353999999999999952e-03 9.544270000000000254e-01 2.983950000000000213e-01 5.459999999999999576e-03
2.500000000000000000e+01 1.010000000000000000e+02 7.000000000000000000e+00 0.000000000000000000e+00 1.600000000000000089e+00 -3.750000000000000078e-04 1.421099999999999967e-02 9.998989999999999823e-01 8.842579999999999885e-01 4.669559999999999822e-01 -6.304999999999999841e-03 -4.669989999999999974e-01 8.841660000000000075e-01 -1.274100000000000059e-02
4.000000000000000000e+00 1.500000000000000000e+01 8.000000000000000000e+00 0.000000000000000000e+00 1.600000000000000089e+00 1.286000000000000034e-03 7.190000000000000210e-04 -9.999989999999999712e-01 -5.987310000000000132e-01 -8.009490000000000220e-01 -1.345000000000000058e-03 -8.009490000000000220e-01 5.987320000000000420e-01 -5.999999999999999474e-04
4.000000000000000000e+00 2.500000000000000000e+01 8.000000000000000000e+00 0.000000000000000000e+00 1.600000000000000089e+00 -2.407999999999999984e-03 -3.001000000000000195e-03 -9.999930000000000208e-01 4.430410000000000181e-01 8.964929999999999843e-01 -3.756999999999999923e-03 8.964980000000000171e-01 -4.430470000000000241e-01 -8.300000000000000086e-04
7.000000000000000000e+00 2.500000000000000000e+01 8.000000000000000000e+00 0.000000000000000000e+00 1.600000000000000089e+00 -1.028999999999999967e-03 -7.453999999999999689e-03 -9.999719999999999720e-01 4.444879999999999942e-01 8.957570000000000254e-01 -7.133999999999999717e-03 8.957840000000000247e-01 -4.444819999999999882e-01 2.390999999999999896e-03
1.100000000000000000e+01 2.500000000000000000e+01 8.000000000000000000e+00 0.000000000000000000e+00 1.600000000000000089e+00 -1.603999999999999957e-03 -5.899999999999999863e-03 -9.999810000000000088e-01 4.471700000000000119e-01 8.944290000000000296e-01 -5.995000000000000329e-03 8.944469999999999921e-01 -4.471720000000000139e-01 1.203999999999999992e-03
1.400000000000000000e+01 2.500000000000000000e+01 8.000000000000000000e+00 0.000000000000000000e+00 1.600000000000000089e+00 -3.350999999999999812e-03 -4.682999999999999663e-03 -9.999829999999999552e-01 4.487349999999999950e-01 8.936469999999999692e-01 -5.688999999999999613e-03 8.936579999999999524e-01 -4.487470000000000070e-01 -8.930000000000000221e-04
4.000000000000000000e+00 2.400000000000000000e+01 9.000000000000000000e+00 0.000000000000000000e+00 1.600000000000000089e+00 -1.737999999999999962e-03 -2.540000000000000157e-03 -9.999949999999999672e-01 4.467149999999999732e-01 8.946709999999999940e-01 -3.049000000000000061e-03 8.946749999999999980e-01 -4.467180000000000040e-01 -4.200000000000000174e-04
8.000000000000000000e+00 2.400000000000000000e+01 9.000000000000000000e+00 0.000000000000000000e+00 1.600000000000000089e+00 -9.879999999999999460e-04 -6.347000000000000211e-03 -9.999789999999999512e-01 4.480999999999999983e-01 8.939620000000000344e-01 -6.117000000000000041e-03 8.939829999999999721e-01 -4.480970000000000231e-01 1.961000000000000069e-03
1.500000000000000000e+01 2.400000000000000000e+01 9.000000000000000000e+00 0.000000000000000000e+00 1.600000000000000089e+00 -3.072000000000000078e-03 -1.763999999999999943e-03 -9.999940000000000495e-01 4.510199999999999765e-01 8.925089999999999968e-01 -2.959999999999999958e-03 8.925079999999999680e-01 -4.510270000000000112e-01 -1.946000000000000030e-03
1.900000000000000000e+01 2.400000000000000000e+01 9.000000000000000000e+00 0.000000000000000000e+00 1.600000000000000089e+00 -2.187000000000000142e-03 -6.697999999999999961e-03 -9.999749999999999472e-01 4.519960000000000089e-01 8.919930000000000359e-01 -6.962999999999999572e-03 8.920169999999999488e-01 -4.520000000000000129e-01 1.077000000000000049e-03
2.200000000000000000e+01 2.400000000000000000e+01 9.000000000000000000e+00 0.000000000000000000e+00 1.600000000000000089e+00 -2.628000000000000128e-03 -5.918999999999999782e-03 -9.999789999999999512e-01 4.524599999999999733e-01 8.917610000000000259e-01 -6.466999999999999658e-03 8.917810000000000459e-01 -4.524670000000000081e-01 3.350000000000000113e-04
2.800000000000000000e+01 2.400000000000000000e+01 9.000000000000000000e+00 0.000000000000000000e+00 1.600000000000000089e+00 -1.119999999999999902e-03 1.616000000000000032e-03 -9.999980000000000535e-01 4.529659999999999798e-01 8.915269999999999584e-01 9.330000000000000186e-04 8.915269999999999584e-01 -4.529639999999999778e-01 -1.730999999999999900e-03
2.900000000000000000e+01 3.100000000000000000e+01 1.200000000000000000e+01 0.000000000000000000e+00 1.600000000000000089e+00 2.595000000000000084e-03 -2.010000000000000068e-03 9.999949999999999672e-01 3.716999999999999818e-03 9.999909999999999632e-01 2.000000000000000042e-03 -9.999900000000000455e-01 3.712000000000000022e-03 2.602000000000000146e-03
1.600000000000000000e+01 3.200000000000000000e+01 1.400000000000000000e+01 0.000000000000000000e+00 1.600000000000000089e+00 3.589999999999999984e-04 6.409999999999999682e-04 -1.000000000000000000e+00 1.064260000000000067e-01 9.943199999999999816e-01 6.759999999999999516e-04 9.943210000000000104e-01 -1.064269999999999938e-01 2.889999999999999774e-04
2.300000000000000000e+01 1.200000000000000000e+01 1.500000000000000000e+01 0.000000000000000000e+00 1.600000000000000089e+00 2.716999999999999797e-03 4.403999999999999929e-03 -9.999869999999999592e-01 -4.695750000000000202e-01 -8.828780000000000516e-01 -5.164000000000000187e-03 -8.828890000000000349e-01 4.695819999999999994e-01 -3.310000000000000225e-04
1.900000000000000000e+01 1.100000000000000000e+01 1.600000000000000000e+01 0.000000000000000000e+00 1.600000000000000089e+00 1.028000000000000051e-03 8.499999999999999526e-04 -9.999989999999999712e-01 -4.169689999999999785e-01 -9.089199999999999502e-01 -1.201000000000000028e-03 -9.089199999999999502e-01 4.169700000000000073e-01 -5.800000000000000034e-04
1.000000000000000000e+00 1.160000000000000000e+02 1.600000000000000000e+01 0.000000000000000000e+00 1.600000000000000089e+00 2.870999999999999854e-03 5.232999999999999804e-03 9.999820000000000375e-01 6.998189999999999689e-01 7.142969999999999597e-01 -5.747000000000000372e-03 -7.143140000000000045e-01 6.998229999999999729e-01 -1.611000000000000019e-03
1.200000000000000000e+01 1.160000000000000000e+02 1.600000000000000000e+01 0.000000000000000000e+00 1.600000000000000089e+00 2.026000000000000023e-03 9.619999999999999645e-04 9.999970000000000248e-01 6.791369999999999907e-01 7.340090000000000225e-01 -2.082000000000000083e-03 -7.340090000000000225e-01 6.791390000000000482e-01 8.339999999999999974e-04
1.700000000000000000e+01 1.160000000000000000e+02 1.600000000000000000e+01 0.000000000000000000e+00 1.600000000000000089e+00 -1.730000000000000038e-04 1.740000000000000010e-03 9.999980000000000535e-01 6.958950000000000413e-01 7.181429999999999758e-01 -1.129000000000000012e-03 -7.181440000000000046e-01 6.958929999999999838e-01 -1.335000000000000032e-03
2.200000000000000000e+01 1.160000000000000000e+02 1.600000000000000000e+01 0.000000000000000000e+00 1.600000000000000089e+00 1.596999999999999895e-03 -1.595000000000000064e-03 9.999970000000000248e-01 6.769030000000000324e-01 7.360719999999999485e-01 9.299999999999999727e-05 -7.360710000000000308e-01 6.769009999999999749e-01 2.255000000000000060e-03
5.000000000000000000e+00 2.000000000000000000e+00 1.900000000000000000e+01 0.000000000000000000e+00 1.600000000000000089e+00 -1.353999999999999952e-03 5.932999999999999906e-03 -9.999810000000000088e-01 1.972649999999999959e-01 -9.803309999999999524e-01 -6.083999999999999998e-03 -9.803490000000000260e-01 -1.972700000000000009e-01 1.569999999999999944e-04
9.000000000000000000e+00 2.000000000000000000e+00 1.900000000000000000e+01 0.000000000000000000e+00 1.600000000000000089e+00 -3.939999999999999926e-03 6.296000000000000381e-03 -9.999719999999999720e-01 1.980959999999999943e-01 -9.801579999999999737e-01 -6.951999999999999846e-03 -9.801750000000000185e-01 -1.981179999999999886e-01 2.615000000000000137e-03
1.200000000000000000e+01 2.000000000000000000e+00 1.900000000000000000e+01 0.000000000000000000e+00 1.600000000000000089e+00 -2.295000000000000165e-03 7.709999999999999840e-04 -9.999970000000000248e-01 1.966189999999999882e-01 -9.804789999999999894e-01 -1.206999999999999957e-03 -9.804770000000000429e-01 -1.966209999999999902e-01 2.099000000000000171e-03
1.800000000000000000e+01 2.000000000000000000e+00 1.900000000000000000e+01 0.000000000000000000e+00 1.600000000000000089e+00 4.169999999999999987e-04 -5.150000000000000064e-03 -9.999869999999999592e-01 1.935060000000000113e-01 -9.810860000000000136e-01 5.133999999999999675e-03 -9.810990000000000544e-01 -1.935060000000000113e-01 5.869999999999999567e-04
2.300000000000000000e+01 2.000000000000000000e+00 1.900000000000000000e+01 0.000000000000000000e+00 1.600000000000000089e+00 5.310000000000000050e-04 -6.399999999999999710e-05 -1.000000000000000000e+00 1.966539999999999955e-01 -9.804730000000000389e-01 1.679999999999999907e-04 -9.804730000000000389e-01 -1.966549999999999965e-01 -5.079999999999999880e-04
2.000000000000000000e+00 4.000000000000000000e+00 2.000000000000000000e+01 0.000000000000000000e+00 1.600000000000000089e+00 -2.950000000000000148e-04 4.091000000000000018e-03 -9.999919999999999920e-01 2.931779999999999942e-01 -9.560490000000000377e-01 -3.997999999999999818e-03 -9.560579999999999634e-01 -2.931770000000000209e-01 -9.179999999999999792e-04
1.200000000000000000e+01 4.000000000000000000e+00 2.000000000000000000e+01 0.000000000000000000e+00 1.600000000000000089e+00 -4.335999999999999577e-03 -1.994999999999999812e-03 -9.999890000000000168e-01 2.908359999999999834e-01 -9.567729999999999846e-01 6.470000000000000057e-04 -9.567630000000000301e-01 -2.908299999999999774e-01 4.728999999999999697e-03
1.500000000000000000e+01 4.000000000000000000e+00 2.000000000000000000e+01 0.000000000000000000e+00 1.600000000000000089e+00 -4.539999999999999765e-04 -3.318999999999999902e-03 -9.999940000000000495e-01 2.881150000000000100e-01 -9.575909999999999700e-01 3.047999999999999928e-03 -9.575960000000000027e-01 -2.881119999999999792e-01 1.391000000000000092e-03
2.100000000000000000e+01 4.000000000000000000e+00 2.000000000000000000e+01 0.000000000000000000e+00 1.600000000000000089e+00 7.889999999999999878e-04 -2.560000000000000209e-03 -9.999959999999999960e-01 2.929640000000000022e-01 -9.561199999999999699e-01 2.678999999999999958e-03 -9.561229999999999452e-01 -2.929649999999999754e-01 -5.000000000000000409e-06
2.700000000000000000e+01 4.000000000000000000e+00 2.000000000000000000e+01 0.000000000000000000e+00 1.600000000000000089e+00 6.890000000000000508e-04 7.709999999999999840e-03 -9.999700000000000255e-01 2.909189999999999832e-01 -9.567210000000000436e-01 -7.176000000000000087e-03 -9.567470000000000141e-01 -2.909050000000000247e-01 -2.902000000000000066e-03
4.000000000000000000e+00 1.300000000000000000e+01 2.000000000000000000e+01 0.000000000000000000e+00 1.600000000000000089e+00 -8.570000000000000144e-04 -2.354000000000000190e-03 9.999970000000000248e-01 2.538759999999999906e-01 9.672330000000000094e-01 2.494000000000000123e-03 -9.672359999999999847e-01 2.538779999999999926e-01 -2.310000000000000042e-04
9.000000000000000000e+00 1.300000000000000000e+01 2.000000000000000000e+01 0.000000000000000000e+00 1.600000000000000089e+00 -2.485999999999999929e-03 -6.597999999999999698e-03 9.999749999999999472e-01 2.566499999999999893e-01 9.664789999999999770e-01 7.015000000000000402e-03 -9.665010000000000545e-01 2.566609999999999725e-01 -7.089999999999999948e-04
1.400000000000000000e+01 1.300000000000000000e+01 2.000000000000000000e+01 0.000000000000000000e+00 1.600000000000000089e+00 -1.129999999999999955e-04 -6.089999999999999494e-04 1.000000000000000000e+00 2.568989999999999885e-01 9.664380000000000193e-01 6.179999999999999513e-04 -9.664380000000000193e-01 2.568989999999999885e-01 4.699999999999999724e-05
1.600000000000000000e+01 1.300000000000000000e+01 2.000000000000000000e+01 0.000000000000000000e+00 1.600000000000000089e+00 4.350000000000000026e-04 8.899999999999999491e-05 1.000000000000000000e+00 2.562329999999999885e-01 9.666150000000000020e-01 -1.979999999999999881e-04 -9.666150000000000020e-01 2.562329999999999885e-01 3.980000000000000248e-04
2.100000000000000000e+01 1.300000000000000000e+01 2.000000000000000000e+01 0.000000000000000000e+00 1.600000000000000089e+00 1.608000000000000054e-03 1.190000000000000085e-03 9.999980000000000535e-01 2.555509999999999726e-01 9.667940000000000422e-01 -1.561000000000000104e-03 -9.667940000000000422e-01 2.555529999999999746e-01 1.250000000000000026e-03
2.700000000000000000e+01 1.300000000000000000e+01 2.000000000000000000e+01 0.000000000000000000e+00 1.600000000000000089e+00 3.119999999999999944e-04 -3.440000000000000132e-04 1.000000000000000000e+00 2.540379999999999860e-01 9.671939999999999982e-01 2.530000000000000239e-04 -9.671939999999999982e-01 2.540379999999999860e-01 3.890000000000000228e-04
4.000000000000000000e+00 1.600000000000000000e+01 2.100000000000000000e+01 0.000000000000000000e+00 1.600000000000000089e+00 -8.919999999999999978e-04 -3.501999999999999905e-03 9.999940000000000495e-01 2.963740000000000263e-01 9.550650000000000528e-01 3.608999999999999795e-03 -9.550720000000000320e-01 2.963749999999999996e-01 1.859999999999999945e-04
9.000000000000000000e+00 1.600000000000000000e+01 2.100000000000000000e+01 0.000000000000000000e+00 1.600000000000000089e+00 -2.072000000000000057e-03 -6.779000000000000303e-03 9.999749999999999472e-01 2.986289999999999778e-01 9.543430000000000524e-01 7.087999999999999683e-03 -9.543669999999999654e-01 2.986360000000000126e-01 4.699999999999999724e-05
2.100000000000000000e+01 1.600000000000000000e+01 2.100000000000000000e+01 0.000000000000000000e+00 1.600000000000000089e+00 1.369999999999999907e-03 1.510000000000000057e-03 9.999980000000000535e-01 2.994890000000000052e-01 9.540980000000000016e-01 -1.850999999999999998e-03 -9.540990000000000304e-01 2.994910000000000072e-01 8.549999999999999658e-04
2.400000000000000000e+01 1.600000000000000000e+01 2.100000000000000000e+01 0.000000000000000000e+00 1.600000000000000089e+00 2.779999999999999811e-04 4.956000000000000336e-03 9.999879999999999880e-01 2.987909999999999733e-01 9.543059999999999876e-01 -4.812999999999999570e-03 -9.543190000000000284e-01 2.987890000000000268e-01 -1.214999999999999934e-03
2.800000000000000000e+01 1.600000000000000000e+01 2.100000000000000000e+01 0.000000000000000000e+00 1.600000000000000089e+00 -9.899999999999999404e-05 1.299999999999999886e-04 1.000000000000000000e+00 2.976779999999999982e-01 9.546660000000000146e-01 -9.500000000000000523e-05 -9.546660000000000146e-01 2.976779999999999982e-01 -1.330000000000000073e-04
1.000000000000000000e+00 3.000000000000000000e+00 2.500000000000000000e+01 0.000000000000000000e+00 1.600000000000000089e+00 -9.349999999999999587e-04 7.790000000000000049e-03 9.999689999999999968e-01 -5.588200000000000112e-02 -9.984070000000000444e-01 7.725000000000000096e-03 9.984370000000000189e-01 -5.587299999999999905e-02 1.368999999999999991e-03
8.000000000000000000e+00 3.000000000000000000e+00 2.500000000000000000e+01 0.000000000000000000e+00 1.600000000000000089e+00 5.870000000000000218e-03 6.713000000000000217e-03 9.999599999999999600e-01 -5.480499999999999955e-02 -9.984720000000000262e-01 7.024999999999999994e-03 9.984800000000000342e-01 -5.484399999999999692e-02 -5.492999999999999619e-03
1.300000000000000000e+01 3.000000000000000000e+00 2.500000000000000000e+01 0.000000000000000000e+00 1.600000000000000089e+00 2.092000000000000109e-03 -4.030999999999999861e-03 9.999900000000000455e-01 -5.534700000000000036e-02 -9.984600000000000142e-01 -3.909000000000000148e-03 9.984650000000000469e-01 -5.533799999999999830e-02 -2.311999999999999819e-03
2.500000000000000000e+01 3.000000000000000000e+00 2.500000000000000000e+01 0.000000000000000000e+00 1.600000000000000089e+00 -2.213999999999999822e-03 3.544999999999999974e-03 9.999909999999999632e-01 -6.302900000000000169e-02 -9.980059999999999487e-01 3.397999999999999979e-03 9.980090000000000350e-01 -6.302099999999999369e-02 2.432999999999999833e-03
7.000000000000000000e+00 4.600000000000000000e+01 2.700000000000000000e+01 0.000000000000000000e+00 1.600000000000000089e+00 1.149999999999999981e-03 -2.249999999999999938e-04 -9.999989999999999712e-01 6.441970000000000196e-01 7.648589999999999556e-01 5.689999999999999529e-04 7.648589999999999556e-01 -6.441970000000000196e-01 1.025000000000000086e-03
1.000000000000000000e+01 4.600000000000000000e+01 2.700000000000000000e+01 0.000000000000000000e+00 1.600000000000000089e+00 3.187999999999999862e-03 -5.969999999999999829e-04 -9.999949999999999672e-01 6.457720000000000127e-01 7.635290000000000132e-01 1.603000000000000041e-03 7.635239999999999805e-01 -6.457730000000000414e-01 2.818999999999999891e-03
2.000000000000000000e+01 4.600000000000000000e+01 2.700000000000000000e+01 0.000000000000000000e+00 1.600000000000000089e+00 -1.131000000000000061e-03 2.354000000000000190e-03 -9.999970000000000248e-01 6.550080000000000346e-01 7.556209999999999871e-01 1.038000000000000077e-03 7.556209999999999871e-01 -6.550049999999999484e-01 -2.396999999999999825e-03
1.300000000000000000e+01 4.600000000000000000e+01 3.000000000000000000e+01 0.000000000000000000e+00 1.600000000000000089e+00 1.539999999999999919e-03 1.853999999999999962e-03 -9.999970000000000248e-01 3.261560000000000015e-01 9.453129999999999589e-01 2.255000000000000060e-03 9.453150000000000164e-01 -3.261589999999999767e-01 8.509999999999999769e-04
3.000000000000000000e+00 5.800000000000000000e+01 3.100000000000000000e+01 0.000000000000000000e+00 1.600000000000000089e+00 2.373000000000000109e-03 2.559000000000000077e-03 9.999940000000000495e-01 -8.001439999999999664e-01 -5.997970000000000246e-01 3.432999999999999854e-03 5.998029999999999751e-01 -8.001479999999999704e-01 6.239999999999999887e-04
1.600000000000000000e+01 5.800000000000000000e+01 3.100000000000000000e+01 0.000000000000000000e+00 1.600000000000000089e+00 -7.619999999999999820e-04 -1.969999999999999963e-03 9.999980000000000535e-01 -8.028300000000000436e-01 -5.962060000000000137e-01 -1.786000000000000044e-03 5.962079999999999602e-01 -8.028290000000000148e-01 -1.128000000000000096e-03
2.100000000000000000e+01 5.800000000000000000e+01 3.100000000000000000e+01 0.000000000000000000e+00 1.600000000000000089e+00 5.300000000000000078e-05 -5.081999999999999712e-03 9.999869999999999592e-01 -8.010450000000000070e-01 -5.985970000000000457e-01 -3.000000000000000062e-03 5.986050000000000537e-01 -8.010340000000000238e-01 -4.101999999999999744e-03
2.500000000000000000e+01 5.800000000000000000e+01 3.100000000000000000e+01 0.000000000000000000e+00 1.600000000000000089e+00 3.141000000000000129e-03 -3.611000000000000060e-03 9.999890000000000168e-01 -7.960810000000000386e-01 -6.051900000000000057e-01 3.150000000000000131e-04 6.051819999999999977e-01 -7.960730000000000306e-01 -4.774999999999999731e-03
1.100000000000000000e+01 6.000000000000000000e+00 3.200000000000000000e+01 0.000000000000000000e+00 1.600000000000000089e+00 3.549000000000000071e-03 2.870999999999999854e-03 -9.999900000000000455e-01 9.382200000000000262e-02 9.955840000000000245e-01 3.190999999999999826e-03 9.955829999999999957e-01 -9.383299999999999974e-02 3.263999999999999974e-03
3.000000000000000000e+00 4.600000000000000000e+01 3.500000000000000000e+01 0.000000000000000000e+00 1.600000000000000089e+00 6.099999999999999872e-05 2.003000000000000006e-03 -9.999980000000000535e-01 3.837180000000000035e-01 -9.234489999999999643e-01 -1.825999999999999932e-03 -9.234499999999999931e-01 -3.837169999999999748e-01 -8.249999999999999955e-04
8.000000000000000000e+00 4.600000000000000000e+01 3.500000000000000000e+01 0.000000000000000000e+00 1.600000000000000089e+00 -1.359999999999999989e-04 3.281000000000000062e-03 -9.999949999999999672e-01 3.856189999999999896e-01 -9.226529999999999454e-01 -3.079999999999999839e-03 -9.226579999999999782e-01 -3.856169999999999876e-01 -1.139999999999999954e-03
1.400000000000000000e+01 4.600000000000000000e+01 3.500000000000000000e+01 0.000000000000000000e+00 1.600000000000000089e+00 2.979999999999999793e-04 -1.827000000000000065e-03 -9.999980000000000535e-01 3.849890000000000256e-01 -9.229190000000000449e-01 1.801000000000000083e-03 -9.229209999999999914e-01 -3.849890000000000256e-01 4.290000000000000193e-04
1.900000000000000000e+01 4.600000000000000000e+01 3.500000000000000000e+01 0.000000000000000000e+00 1.600000000000000089e+00 8.429999999999999993e-04 -1.310000000000000129e-04 -1.000000000000000000e+00 3.849969999999999781e-01 -9.229180000000000161e-01 4.459999999999999989e-04 -9.229169999999999874e-01 -3.849980000000000069e-01 -7.280000000000000230e-04
2.500000000000000000e+01 4.600000000000000000e+01 3.500000000000000000e+01 0.000000000000000000e+00 1.600000000000000089e+00 -4.970000000000000459e-04 -1.641000000000000097e-03 -9.999989999999999712e-01 3.851289999999999991e-01 -9.228619999999999601e-01 1.322999999999999957e-03 -9.228629999999999889e-01 -3.851269999999999971e-01 1.090999999999999956e-03
3.000000000000000000e+01 4.600000000000000000e+01 3.500000000000000000e+01 0.000000000000000000e+00 1.600000000000000089e+00 -3.449999999999999833e-04 7.420000000000000380e-04 -1.000000000000000000e+00 3.847349999999999937e-01 -9.230270000000000419e-01 -8.180000000000000422e-04 -9.230270000000000419e-01 -3.847349999999999937e-01 3.300000000000000253e-05
4.000000000000000000e+00 9.500000000000000000e+01 3.600000000000000000e+01 0.000000000000000000e+00 1.600000000000000089e+00 2.570999999999999935e-03 2.014999999999999864e-03 9.999949999999999672e-01 9.983079999999999732e-01 5.809000000000000274e-02 -2.684000000000000188e-03 -5.809500000000000081e-02 9.983090000000000019e-01 -1.861999999999999940e-03
9.000000000000000000e+00 9.500000000000000000e+01 3.600000000000000000e+01 0.000000000000000000e+00 1.600000000000000089e+00 8.073000000000000315e-03 9.338000000000000814e-03 9.999240000000000350e-01 9.976110000000000255e-01 6.852900000000000658e-02 -8.694000000000000339e-03 -6.860499999999999932e-02 9.976049999999999640e-01 -8.762999999999999956e-03
1.300000000000000000e+01 9.500000000000000000e+01 3.600000000000000000e+01 0.000000000000000000e+00 1.600000000000000089e+00 7.962000000000000327e-03 1.105300000000000032e-02 9.999069999999999903e-01 9.975730000000000430e-01 6.908699999999999564e-02 -8.706999999999999462e-03 -6.917700000000000238e-02 9.975490000000000190e-01 -1.047599999999999920e-02
2.100000000000000000e+01 9.500000000000000000e+01 3.600000000000000000e+01 0.000000000000000000e+00 1.600000000000000089e+00 -2.357000000000000154e-03 2.056000000000000102e-03 9.999949999999999672e-01 9.967449999999999921e-01 8.058800000000000685e-02 2.183000000000000045e-03 -8.058300000000000185e-02 9.967449999999999921e-01 -2.239000000000000105e-03
5.000000000000000000e+00 3.000000000000000000e+00 4.300000000000000000e+01 0.000000000000000000e+00 1.600000000000000089e+00 2.808000000000000166e-03 -5.330000000000000536e-04 -9.999959999999999960e-01 7.380219999999999558e-01 -6.747729999999999562e-01 2.432000000000000134e-03 -6.747710000000000097e-01 -7.380259999999999598e-01 -1.500999999999999947e-03
1.200000000000000000e+01 3.000000000000000000e+00 4.300000000000000000e+01 0.000000000000000000e+00 1.600000000000000089e+00 -4.429999999999999802e-04 2.339700000000000113e-02 -9.997260000000000035e-01 7.396540000000000337e-01 -6.727950000000000319e-01 -1.607300000000000048e-02 -6.729870000000000019e-01 -7.394589999999999774e-01 -1.700799999999999881e-02
1.900000000000000000e+01 3.000000000000000000e+00 4.300000000000000000e+01 0.000000000000000000e+00 1.600000000000000089e+00 1.613999999999999983e-03 4.399000000000000132e-03 -9.999890000000000168e-01 7.366570000000000062e-01 -6.762639999999999763e-01 -1.786000000000000044e-03 -6.762639999999999763e-01 -7.366460000000000230e-01 -4.331999999999999913e-03
2.600000000000000000e+01 3.000000000000000000e+00 4.300000000000000000e+01 0.000000000000000000e+00 1.600000000000000089e+00 3.680000000000000003e-04 -2.561899999999999941e-02 -9.996720000000000050e-01 7.338789999999999480e-01 -6.790500000000000425e-01 1.767300000000000121e-02 -6.792799999999999949e-01 -7.336449999999999916e-01 1.855100000000000152e-02
1.000000000000000000e+00 8.000000000000000000e+00 4.400000000000000000e+01 0.000000000000000000e+00 1.600000000000000089e+00 -1.995999999999999944e-03 -9.899999999999999404e-05 9.999980000000000535e-01 -7.814459999999999740e-01 -6.239710000000000534e-01 -1.621999999999999961e-03 6.239700000000000246e-01 -7.814480000000000315e-01 1.167999999999999984e-03
5.000000000000000000e+00 8.000000000000000000e+00 4.400000000000000000e+01 0.000000000000000000e+00 1.600000000000000089e+00 -9.950000000000000077e-04 5.726000000000000187e-03 9.999829999999999552e-01 -7.820859999999999479e-01 -6.231649999999999689e-01 2.789999999999999945e-03 6.231700000000000017e-01 -7.820700000000000429e-01 5.098000000000000101e-03
1.500000000000000000e+01 8.000000000000000000e+00 4.400000000000000000e+01 0.000000000000000000e+00 1.600000000000000089e+00 1.337999999999999997e-03 2.889000000000000075e-03 9.999949999999999672e-01 -7.852510000000000323e-01 -6.191710000000000269e-01 2.840000000000000076e-03 6.191759999999999486e-01 -7.852510000000000323e-01 1.440000000000000091e-03
5.000000000000000000e+00 2.900000000000000000e+01 4.400000000000000000e+01 0.000000000000000000e+00 1.600000000000000089e+00 1.317999999999999944e-03 -3.504999999999999869e-03 -9.999930000000000208e-01 6.763249999999999540e-01 7.366009999999999502e-01 -1.690000000000000096e-03 7.366019999999999790e-01 -6.763179999999999747e-01 3.340999999999999786e-03
1.300000000000000000e+01 2.900000000000000000e+01 4.400000000000000000e+01 0.000000000000000000e+00 1.600000000000000089e+00 1.974000000000000060e-03 -5.659999999999999884e-04 -9.999980000000000535e-01 6.843900000000000539e-01 7.291149999999999576e-01 9.389999999999999476e-04 7.291130000000000111e-01 -6.843909999999999716e-01 1.827000000000000065e-03
1.700000000000000000e+01 2.900000000000000000e+01 4.400000000000000000e+01 0.000000000000000000e+00 1.600000000000000089e+00 1.337999999999999997e-03 -1.464999999999999939e-03 -9.999980000000000535e-01 6.873209999999999598e-01 7.263540000000000552e-01 -1.440000000000000036e-04 7.263530000000000264e-01 -6.873190000000000133e-01 1.978999999999999856e-03
2.100000000000000000e+01 2.900000000000000000e+01 4.400000000000000000e+01 0.000000000000000000e+00 1.600000000000000089e+00 -3.579999999999999741e-04 3.660000000000000059e-04 -1.000000000000000000e+00 6.870129999999999848e-01 7.266449999999999854e-01 2.000000000000000164e-05 7.266449999999999854e-01 -6.870129999999999848e-01 -5.109999999999999525e-04
2.700000000000000000e+01 2.900000000000000000e+01 4.400000000000000000e+01 0.000000000000000000e+00 1.600000000000000089e+00 -2.516000000000000007e-03 1.155999999999999910e-03 -9.999959999999999960e-01 6.842949999999999866e-01 7.292039999999999633e-01 -8.790000000000000070e-04 7.292009999999999881e-01 -6.842949999999999866e-01 -2.625999999999999862e-03
2.600000000000000000e+01 5.400000000000000000e+01 4.600000000000000000e+01 0.000000000000000000e+00 1.600000000000000089e+00 -2.577999999999999996e-03 7.169999999999999724e-04 9.999959999999999960e-01 3.110470000000000179e-01 -9.503930000000000433e-01 1.482999999999999943e-03 9.503909999999999858e-01 3.110499999999999932e-01 2.226999999999999813e-03
2.800000000000000000e+01 6.500000000000000000e+01 4.600000000000000000e+01 0.000000000000000000e+00 1.600000000000000089e+00 1.203999999999999992e-03 -2.900000000000000017e-04 9.999989999999999712e-01 6.796200000000000019e-01 -7.335629999999999651e-01 -1.031000000000000015e-03 7.335629999999999651e-01 6.796210000000000306e-01 -6.859999999999999779e-04
2.000000000000000000e+00 7.000000000000000000e+01 4.700000000000000000e+01 0.000000000000000000e+00 1.600000000000000089e+00 -2.732000000000000053e-03 5.514999999999999937e-03 -9.999810000000000088e-01 -8.371439999999999992e-01 -5.469829999999999970e-01 -7.290000000000000473e-04 -5.469760000000000177e-01 8.371260000000000367e-01 6.111000000000000112e-03
2.000000000000000000e+00 5.000000000000000000e+00 5.100000000000000000e+01 0.000000000000000000e+00 1.600000000000000089e+00 -1.758999999999999930e-03 2.827999999999999785e-03 -9.999949999999999672e-01 4.906380000000000186e-01 -8.713570000000000482e-01 -3.327000000000000096e-03 -8.713619999999999699e-01 -4.906409999999999938e-01 1.450000000000000009e-04
5.000000000000000000e+00 5.000000000000000000e+00 5.100000000000000000e+01 0.000000000000000000e+00 1.600000000000000089e+00 -2.443999999999999992e-03 3.393999999999999882e-03 -9.999909999999999632e-01 4.923089999999999966e-01 -8.704110000000000458e-01 -4.157000000000000105e-03 -8.704169999999999963e-01 -4.923150000000000026e-01 4.560000000000000251e-04
7.000000000000000000e+00 6.000000000000000000e+00 5.100000000000000000e+01 0.000000000000000000e+00 1.600000000000000089e+00 -2.329999999999999986e-04 1.363000000000000062e-03 -9.999989999999999712e-01 3.278019999999999823e-01 -9.447459999999999747e-01 -1.364999999999999894e-03 -9.447459999999999747e-01 -3.278019999999999823e-01 -2.269999999999999882e-04
2.300000000000000000e+01 7.000000000000000000e+00 5.200000000000000000e+01 0.000000000000000000e+00 1.600000000000000089e+00 -4.833999999999999755e-03 -7.786000000000000386e-03 -9.999580000000000135e-01 1.056030000000000024e-01 -9.943819999999999881e-01 7.231999999999999713e-03 -9.943969999999999754e-01 -1.055640000000000051e-01 5.629000000000000323e-03
2.500000000000000000e+01 7.000000000000000000e+00 5.200000000000000000e+01 0.000000000000000000e+00 1.600000000000000089e+00 -3.965999999999999907e-03 -4.385000000000000009e-03 -9.999829999999999552e-01 1.052509999999999973e-01 -9.944380000000000441e-01 3.943000000000000324e-03 -9.944380000000000441e-01 -1.052339999999999942e-01 4.406000000000000194e-03
3.000000000000000000e+00 6.300000000000000000e+01 5.400000000000000000e+01 0.000000000000000000e+00 1.600000000000000089e+00 -1.340999999999999961e-03 3.300000000000000253e-05 9.999989999999999712e-01 -3.630639999999999978e-01 9.317640000000000366e-01 -5.169999999999999899e-04 -9.317630000000000079e-01 -3.630639999999999978e-01 -1.237999999999999951e-03
8.000000000000000000e+00 6.300000000000000000e+01 5.400000000000000000e+01 0.000000000000000000e+00 1.600000000000000089e+00 6.729999999999999871e-04 -1.448999999999999984e-03 9.999989999999999712e-01 -3.525119999999999920e-01 9.358060000000000267e-01 1.593000000000000015e-03 -9.358070000000000555e-01 -3.525130000000000208e-01 1.190000000000000058e-04
1.700000000000000000e+01 6.300000000000000000e+01 5.400000000000000000e+01 0.000000000000000000e+00 1.600000000000000089e+00 1.200000000000000030e-04 -3.190999999999999826e-03 9.999949999999999672e-01 -3.502190000000000025e-01 9.366630000000000233e-01 3.030999999999999840e-03 -9.366679999999999451e-01 -3.502179999999999738e-01 -1.005000000000000034e-03
2.600000000000000000e+01 6.300000000000000000e+01 5.400000000000000000e+01 0.000000000000000000e+00 1.600000000000000089e+00 1.381999999999999982e-03 1.028999999999999967e-03 9.999989999999999712e-01 -3.605389999999999984e-01 9.327440000000000175e-01 -4.620000000000000083e-04 -9.327429999999999888e-01 -3.605380000000000251e-01 1.660000000000000017e-03
3.000000000000000000e+01 6.300000000000000000e+01 5.400000000000000000e+01 0.000000000000000000e+00 1.600000000000000089e+00 4.060000000000000024e-04 1.820000000000000003e-03 9.999980000000000535e-01 -3.602909999999999724e-01 9.328389999999999738e-01 -1.551999999999999994e-03 -9.328400000000000025e-01 -3.602899999999999991e-01 1.034999999999999896e-03
1.100000000000000000e+01 2.500000000000000000e+01 5.500000000000000000e+01 0.000000000000000000e+00 1.600000000000000089e+00 9.810000000000001011e-04 -1.350000000000000071e-03 -9.999989999999999712e-01 -1.351600000000000024e-02 -9.999080000000000190e-01 1.337000000000000081e-03 -9.999080000000000190e-01 1.351499999999999924e-02 -1.000000000000000021e-03
2.000000000000000000e+01 2.500000000000000000e+01 5.500000000000000000e+01 0.000000000000000000e+00 1.600000000000000089e+00 2.790000000000000054e-04 1.492000000000000054e-03 -9.999989999999999712e-01 -1.484399999999999956e-02 -9.998890000000000278e-01 -1.495999999999999934e-03 -9.998899999999999455e-01 1.484500000000000056e-02 -2.570000000000000127e-04
1.400000000000000000e+01 6.800000000000000000e+01 5.700000000000000000e+01 0.000000000000000000e+00 1.600000000000000089e+00 -2.005999999999999971e-03 6.595000000000000168e-03 -9.999759999999999760e-01 -2.455120000000000080e-01 -9.693760000000000154e-01 -5.899999999999999863e-03 -9.693920000000000314e-01 2.454939999999999900e-01 3.563999999999999894e-03
1.900000000000000000e+01 6.800000000000000000e+01 5.700000000000000000e+01 0.000000000000000000e+00 1.600000000000000089e+00 -4.580000000000000195e-04 -1.203000000000000076e-03 -9.999989999999999712e-01 -2.440730000000000122e-01 -9.697559999999999514e-01 1.278999999999999972e-03 -9.697569999999999801e-01 2.440740000000000132e-01 1.510000000000000112e-04
8.000000000000000000e+00 2.100000000000000000e+01 6.000000000000000000e+01 0.000000000000000000e+00 1.600000000000000089e+00 7.569999999999999689e-04 -2.792000000000000211e-03 9.999959999999999960e-01 -9.009599999999999553e-02 9.959289999999999532e-01 2.848999999999999970e-03 -9.959329999999999572e-01 -9.009799999999999753e-02 5.019999999999999506e-04
2.600000000000000000e+01 2.100000000000000000e+01 6.000000000000000000e+01 0.000000000000000000e+00 1.600000000000000089e+00 1.740000000000000010e-04 -1.097799999999999991e-02 9.999400000000000510e-01 -9.268500000000000349e-02 9.956350000000000477e-01 1.094700000000000013e-02 -9.956949999999999967e-01 -9.268200000000000049e-02 -8.450000000000000479e-04
2.900000000000000000e+01 2.100000000000000000e+01 6.000000000000000000e+01 0.000000000000000000e+00 1.600000000000000089e+00 -1.183000000000000024e-03 -4.062999999999999771e-03 9.999909999999999632e-01 -9.299999999999999933e-02 9.956580000000000430e-01 3.935000000000000130e-03 -9.956650000000000222e-01 -9.299499999999999433e-02 -1.556000000000000091e-03
3.000000000000000000e+00 3.000000000000000000e+00 6.300000000000000000e+01 0.000000000000000000e+00 1.600000000000000089e+00 1.789000000000000009e-03 -3.445000000000000145e-03 9.999919999999999920e-01 -6.132170000000000121e-01 7.899049999999999683e-01 3.818000000000000213e-03 -7.899119999999999475e-01 -6.132189999999999586e-01 -6.999999999999999929e-04
4.000000000000000000e+00 2.700000000000000000e+01 6.300000000000000000e+01 0.000000000000000000e+00 1.600000000000000089e+00 2.651000000000000145e-03 6.991999999999999951e-03 9.999719999999999720e-01 -2.754019999999999802e-01 9.613099999999999978e-01 -5.990999999999999798e-03 -9.613249999999999851e-01 -2.753780000000000117e-01 4.473999999999999679e-03
1.000000000000000000e+01 2.700000000000000000e+01 6.300000000000000000e+01 0.000000000000000000e+00 1.600000000000000089e+00 1.310000000000000129e-04 -1.789000000000000009e-03 9.999980000000000535e-01 -2.788789999999999880e-01 9.603249999999999842e-01 1.753999999999999917e-03 -9.603260000000000129e-01 -2.788789999999999880e-01 -3.730000000000000134e-04
1.600000000000000000e+01 2.700000000000000000e+01 6.300000000000000000e+01 0.000000000000000000e+00 1.600000000000000089e+00 -1.971999999999999795e-03 -1.709999999999999932e-03 9.999970000000000248e-01 -2.769789999999999752e-01 9.608750000000000346e-01 1.097000000000000102e-03 -9.608740000000000059e-01 -2.769750000000000267e-01 -2.369000000000000012e-03
2.100000000000000000e+01 2.700000000000000000e+01 6.300000000000000000e+01 0.000000000000000000e+00 1.600000000000000089e+00 -9.510000000000000224e-04 -2.991000000000000169e-03 9.999949999999999672e-01 -2.776060000000000194e-01 9.606909999999999616e-01 2.609000000000000208e-03 -9.606940000000000479e-01 -2.776029999999999887e-01 -1.744000000000000107e-03
2.800000000000000000e+01 2.700000000000000000e+01 6.300000000000000000e+01 0.000000000000000000e+00 1.600000000000000089e+00 -2.196000000000000035e-03 -1.018200000000000008e-02 9.999460000000000015e-01 -2.777040000000000064e-01 9.606230000000000047e-01 9.171000000000000332e-03 -9.606639999999999624e-01 -2.776689999999999992e-01 -4.937000000000000416e-03
3.000000000000000000e+00 2.600000000000000000e+01 6.400000000000000000e+01 0.000000000000000000e+00 1.600000000000000089e+00 2.938000000000000073e-03 6.767999999999999711e-03 9.999730000000000008e-01 -3.523080000000000100e-01 9.358689999999999509e-01 -5.298999999999999891e-03 -9.358790000000000164e-01 -3.522830000000000128e-01 5.134999999999999808e-03
1.500000000000000000e+01 2.600000000000000000e+01 6.400000000000000000e+01 0.000000000000000000e+00 1.600000000000000089e+00 -2.956999999999999993e-03 -3.060000000000000111e-04 9.999959999999999960e-01 -3.538979999999999904e-01 9.352840000000000042e-01 -7.609999999999999577e-04 -9.352789999999999715e-01 -3.538990000000000191e-01 -2.873999999999999819e-03
2.300000000000000000e+01 2.600000000000000000e+01 6.400000000000000000e+01 0.000000000000000000e+00 1.600000000000000089e+00 -7.309999999999999875e-04 -3.174999999999999871e-03 9.999949999999999672e-01 -3.590229999999999810e-01 9.333249999999999602e-01 2.700999999999999842e-03 -9.333289999999999642e-01 -3.590189999999999770e-01 -1.822000000000000052e-03
