5.000000000000000000e+00 1.500000000000000000e+01 4.000000000000000000e+00 0.000000000000000000e+00 1.600000000000000089e+00 1.719999999999999958e-03 4.693000000000000123e-03 9.999879999999999880e-01 2.925639999999999907e-01 -9.562370000000000037e-01 3.984999999999999827e-03 9.562439999999999829e-01 2.925539999999999807e-01 -3.017999999999999849e-03
1.000000000000000000e+01 1.500000000000000000e+01 4.000000000000000000e+00 0.000000000000000000e+00 1.600000000000000089e+00 -1.814000000000000074e-03 -1.492399999999999977e-02 9.998869999999999703e-01 2.867169999999999996e-01 -9.579159999999999897e-01 -1.377699999999999932e-02 9.580140000000000322e-01 2.866589999999999971e-01 6.015999999999999646e-03
1.900000000000000000e+01 1.500000000000000000e+01 4.000000000000000000e+00 0.000000000000000000e+00 1.600000000000000089e+00 -2.243000000000000202e-03 -3.451000000000000074e-03 9.999919999999999920e-01 2.862100000000000199e-01 -9.581629999999999869e-01 -2.664999999999999834e-03 9.581640000000000157e-01 2.862020000000000119e-01 3.137000000000000031e-03
2.200000000000000000e+01 1.500000000000000000e+01 4.000000000000000000e+00 0.000000000000000000e+00 1.600000000000000089e+00 6.130000000000000466e-04 1.007000000000000083e-03 9.999989999999999712e-01 2.891489999999999894e-01 -9.572840000000000238e-01 7.870000000000000476e-04 9.572840000000000238e-01 2.891480000000000161e-01 -8.779999999999999827e-04
2.300000000000000000e+01 1.600000000000000000e+01 4.000000000000000000e+00 0.000000000000000000e+00 1.600000000000000089e+00 2.736999999999999850e-03 4.982999999999999582e-03 9.999839999999999840e-01 3.555110000000000214e-01 -9.346649999999999681e-01 3.684000000000000209e-03 9.346680000000000543e-01 3.554950000000000054e-01 -4.329999999999999648e-03
4.000000000000000000e+00 1.010000000000000000e+02 7.000000000000000000e+00 0.000000000000000000e+00 1.600000000000000089e+00 1.704000000000000003e-03 4.229000000000000120e-03 9.999900000000000455e-01 8.848549999999999471e-01 4.658530000000000171e-01 -3.478000000000000189e-03 -4.658630000000000271e-01 8.848519999999999719e-01 -2.948000000000000100e-03
7.000000000000000000e+00 1.010000000000000000e+02 7.000000000000000000e+00 0.000000000000000000e+00 1.600000000000000089e+00 2.829999999999999942e-04 -1.196299999999999968e-02 9.999280000000000390e-01 8.844779999999999864e-01 4.665520000000000223e-01 5.331999999999999934e-03 -4.665819999999999967e-01 8.844130000000000047e-01 1.071300000000000030e-02
2.700000000000000000e+01 1.010000000000000000e+02 7.000000000000000000e+00 0.000000000000000000e+00 1.600000000000000089e+00 -4.694000000000000256e-03 -1.886699999999999836e-02 9.998110000000000053e-01 8.854049999999999976e-01 4.646399999999999975e-01 1.292500000000000072e-02 -4.647959999999999869e-01 8.852989999999999471e-01 1.452400000000000045e-02
3.000000000000000000e+01 1.010000000000000000e+02 7.000000000000000000e+00 0.000000000000000000e+00 1.600000000000000089e+00 -5.547999999999999980e-03 -2.542700000000000168e-02 9.996610000000000218e-01 8.853779999999999983e-01 4.645699999999999830e-01 1.673099999999999934e-02 -4.648379999999999734e-01 8.851710000000000411e-01 1.993500000000000133e-02
1.000000000000000000e+00 1.500000000000000000e+01 8.000000000000000000e+00 0.000000000000000000e+00 1.600000000000000089e+00 5.349999999999999938e-04 6.156000000000000014e-03 -9.999810000000000088e-01 -5.811030000000000362e-01 -8.138130000000000086e-01 -5.321000000000000209e-03 -8.138300000000000534e-01 5.810939999999999994e-01 3.142999999999999960e-03
5.000000000000000000e+00 1.500000000000000000e+01 8.000000000000000000e+00 0.000000000000000000e+00 1.600000000000000089e+00 1.119999999999999983e-04 4.974000000000000123e-03 -9.999879999999999880e-01 -5.806679999999999620e-01 -8.141300000000000203e-01 -4.114999999999999734e-03 -8.141399999999999748e-01 5.806620000000000115e-01 2.798000000000000140e-03
1.200000000000000000e+01 1.500000000000000000e+01 8.000000000000000000e+00 0.000000000000000000e+00 1.600000000000000089e+00 -9.280000000000000054e-04 -1.332400000000000077e-02 -9.999109999999999943e-01 -5.816500000000000004e-01 -8.133590000000000542e-01 1.137799999999999923e-02 -8.134379999999999944e-01 5.816090000000000426e-01 -6.995000000000000349e-03
1.700000000000000000e+01 1.500000000000000000e+01 8.000000000000000000e+00 0.000000000000000000e+00 1.600000000000000089e+00 -5.829999999999999679e-04 -7.452000000000000290e-03 -9.999719999999999720e-01 -5.829640000000000377e-01 -8.124719999999999720e-01 6.394999999999999643e-03 -8.124970000000000248e-01 5.829520000000000257e-01 -3.870000000000000176e-03
2.000000000000000000e+01 1.500000000000000000e+01 8.000000000000000000e+00 0.000000000000000000e+00 1.600000000000000089e+00 -1.500000000000000031e-03 -5.411000000000000011e-03 -9.999839999999999840e-01 -5.829250000000000265e-01 -8.125090000000000368e-01 5.270999999999999644e-03 -8.125250000000000528e-01 5.829229999999999690e-01 -1.935000000000000088e-03
2.300000000000000000e+01 1.500000000000000000e+01 8.000000000000000000e+00 0.000000000000000000e+00 1.600000000000000089e+00 -3.186000000000000030e-03 -2.040000000000000147e-03 -9.999930000000000208e-01 -5.831899999999999862e-01 -8.123280000000000500e-01 3.514999999999999895e-03 -8.123299999999999965e-01 5.831969999999999654e-01 1.397999999999999937e-03
2.700000000000000000e+01 1.500000000000000000e+01 8.000000000000000000e+00 0.000000000000000000e+00 1.600000000000000089e+00 -3.274000000000000000e-03 4.560999999999999950e-03 -9.999839999999999840e-01 -5.836519999999999486e-01 -8.120020000000000016e-01 -1.793000000000000106e-03 -8.119969999999999688e-01 5.836369999999999614e-01 5.320000000000000076e-03
5.000000000000000000e+00 2.600000000000000000e+01 8.000000000000000000e+00 0.000000000000000000e+00 1.600000000000000089e+00 -2.959999999999999958e-03 -1.031499999999999952e-02 -9.999419999999999975e-01 4.075630000000000086e-01 9.131150000000000100e-01 -1.062500000000000076e-02 9.131719999999999837e-01 -4.075710000000000166e-01 1.500999999999999947e-03
9.000000000000000000e+00 2.600000000000000000e+01 8.000000000000000000e+00 0.000000000000000000e+00 1.600000000000000089e+00 -5.749999999999999903e-04 -4.386000000000000142e-03 -9.999900000000000455e-01 4.081219999999999848e-01 9.129180000000000073e-01 -4.238999999999999713e-03 9.129270000000000440e-01 -4.081199999999999828e-01 1.265999999999999981e-03
1.300000000000000000e+01 2.600000000000000000e+01 8.000000000000000000e+00 0.000000000000000000e+00 1.600000000000000089e+00 2.817000000000000060e-03 4.059000000000000108e-03 -9.999879999999999880e-01 4.086949999999999750e-01 9.126579999999999693e-01 4.856000000000000073e-03 9.126670000000000060e-01 -4.087029999999999830e-01 9.120000000000000502e-04
1.800000000000000000e+01 2.600000000000000000e+01 8.000000000000000000e+00 0.000000000000000000e+00 1.600000000000000089e+00 1.946999999999999946e-03 3.291000000000000088e-03 -9.999930000000000208e-01 4.083789999999999920e-01 9.128049999999999775e-01 3.798999999999999860e-03 9.128100000000000103e-01 -4.083829999999999960e-01 4.330000000000000081e-04
2.300000000000000000e+01 2.600000000000000000e+01 8.000000000000000000e+00 0.000000000000000000e+00 1.600000000000000089e+00 1.897999999999999948e-03 6.514999999999999958e-03 -9.999770000000000048e-01 4.071139999999999759e-01 9.133529999999999704e-01 6.723999999999999942e-03 9.133759999999999657e-01 -4.071170000000000067e-01 -9.190000000000000035e-04
3.000000000000000000e+01 2.600000000000000000e+01 8.000000000000000000e+00 0.000000000000000000e+00 1.600000000000000089e+00 1.652000000000000040e-03 1.517600000000000025e-02 -9.998829999999999663e-01 4.059780000000000055e-01 9.137669999999999959e-01 1.454000000000000084e-02 9.138810000000000544e-01 -4.059550000000000103e-01 -4.651999999999999885e-03
5.000000000000000000e+00 2.400000000000000000e+01 9.000000000000000000e+00 0.000000000000000000e+00 1.600000000000000089e+00 -3.209000000000000047e-03 -1.268200000000000056e-02 -9.999139999999999695e-01 4.619920000000000138e-01 8.867930000000000534e-01 -1.273000000000000000e-02 8.868780000000000552e-01 -4.619929999999999870e-01 3.013000000000000053e-03
1.200000000000000000e+01 2.400000000000000000e+01 9.000000000000000000e+00 0.000000000000000000e+00 1.600000000000000089e+00 1.925999999999999978e-03 1.200000000000000030e-05 -9.999980000000000535e-01 4.638599999999999945e-01 8.859080000000000288e-01 9.039999999999999642e-04 8.859059999999999713e-01 -4.638610000000000233e-01 1.701000000000000038e-03
1.700000000000000000e+01 2.400000000000000000e+01 9.000000000000000000e+00 0.000000000000000000e+00 1.600000000000000089e+00 2.080999999999999951e-03 4.634000000000000098e-03 -9.999869999999999592e-01 4.633399999999999741e-01 8.861660000000000093e-01 5.070999999999999987e-03 8.861780000000000213e-01 -4.633439999999999781e-01 -3.029999999999999924e-04
2.200000000000000000e+01 2.400000000000000000e+01 9.000000000000000000e+00 0.000000000000000000e+00 1.600000000000000089e+00 1.820999999999999919e-03 9.926000000000000795e-03 -9.999489999999999768e-01 4.624329999999999830e-01 8.866020000000000012e-01 9.643000000000000529e-03 8.866519999999999957e-01 -4.624269999999999770e-01 -2.975999999999999913e-03
2.500000000000000000e+01 2.400000000000000000e+01 9.000000000000000000e+00 0.000000000000000000e+00 1.600000000000000089e+00 2.157000000000000063e-03 8.434000000000000524e-03 -9.999620000000000175e-01 4.624809999999999754e-01 8.865889999999999604e-01 8.474999999999999895e-03 8.866270000000000540e-01 -4.624820000000000042e-01 -1.988000000000000184e-03
2.800000000000000000e+01 4.000000000000000000e+00 1.100000000000000000e+01 0.000000000000000000e+00 1.600000000000000089e+00 8.180000000000000422e-04 2.245000000000000120e-02 -9.997479999999999700e-01 2.251299999999999968e-01 9.740790000000000282e-01 2.205800000000000122e-02 9.743279999999999719e-01 -2.250910000000000133e-01 -4.257000000000000367e-03
7.000000000000000000e+00 3.500000000000000000e+01 1.200000000000000000e+01 0.000000000000000000e+00 1.600000000000000089e+00 5.469999999999999602e-04 -5.640000000000000482e-04 -1.000000000000000000e+00 4.529329999999999745e-01 -8.915440000000000031e-01 7.510000000000000399e-04 -8.915440000000000031e-01 -4.529340000000000033e-01 -2.329999999999999986e-04
1.100000000000000000e+01 3.500000000000000000e+01 1.200000000000000000e+01 0.000000000000000000e+00 1.600000000000000089e+00 -3.007999999999999823e-03 -3.644000000000000104e-03 -9.999890000000000168e-01 4.608329999999999926e-01 -8.874849999999999683e-01 1.848000000000000033e-03 -8.874819999999999931e-01 -4.608229999999999826e-01 4.348999999999999568e-03
1.400000000000000000e+01 3.500000000000000000e+01 1.200000000000000000e+01 0.000000000000000000e+00 1.600000000000000089e+00 -1.296000000000000060e-03 2.802999999999999936e-03 -9.999949999999999672e-01 4.706350000000000255e-01 -8.823229999999999684e-01 -3.082999999999999803e-03 -8.823269999999999724e-01 -4.706370000000000275e-01 -1.749999999999999982e-04
3.000000000000000000e+01 3.200000000000000000e+01 1.400000000000000000e+01 0.000000000000000000e+00 1.600000000000000089e+00 -3.322999999999999999e-03 -4.168999999999999963e-03 -9.999860000000000415e-01 1.121609999999999968e-01 9.936800000000000077e-01 -4.516000000000000049e-03 9.936840000000000117e-01 -1.121749999999999969e-01 -2.834000000000000147e-03
4.000000000000000000e+00 1.200000000000000000e+01 1.500000000000000000e+01 0.000000000000000000e+00 1.600000000000000089e+00 1.700000000000000122e-04 9.194000000000000783e-03 -9.999580000000000135e-01 -4.699150000000000271e-01 -8.826730000000000409e-01 -8.194999999999999160e-03 -8.827110000000000234e-01 4.698970000000000091e-01 4.170000000000000095e-03
9.000000000000000000e+00 1.200000000000000000e+01 1.500000000000000000e+01 0.000000000000000000e+00 1.600000000000000089e+00 -2.590000000000000071e-04 3.863000000000000114e-03 -9.999919999999999920e-01 -4.712589999999999835e-01 -8.819890000000000230e-01 -3.285000000000000159e-03 -8.819949999999999735e-01 4.712540000000000062e-01 2.049000000000000040e-03
1.500000000000000000e+01 1.200000000000000000e+01 1.500000000000000000e+01 0.000000000000000000e+00 1.600000000000000089e+00 -1.173999999999999913e-03 -2.027999999999999855e-03 -9.999970000000000248e-01 -4.704760000000000053e-01 -8.824100000000000277e-01 2.341999999999999898e-03 -8.824119999999999742e-01 4.704769999999999786e-01 8.200000000000000095e-05
2.000000000000000000e+01 1.200000000000000000e+01 1.500000000000000000e+01 0.000000000000000000e+00 1.600000000000000089e+00 -1.299999999999999886e-04 -1.240000000000000054e-04 -1.000000000000000000e+00 -4.710050000000000070e-01 -8.821299999999999697e-01 1.700000000000000122e-04 -8.821299999999999697e-01 4.710050000000000070e-01 5.599999999999999916e-05
2.400000000000000000e+01 1.200000000000000000e+01 1.500000000000000000e+01 0.000000000000000000e+00 1.600000000000000089e+00 -1.090999999999999956e-03 -3.663000000000000023e-03 -9.999930000000000208e-01 -4.724369999999999958e-01 -8.813569999999999460e-01 3.743999999999999932e-03 -8.813640000000000363e-01 4.724369999999999958e-01 -7.690000000000000438e-04
8.000000000000000000e+00 1.160000000000000000e+02 1.600000000000000000e+01 0.000000000000000000e+00 1.600000000000000089e+00 -5.320000000000000293e-04 1.956999999999999972e-03 9.999980000000000535e-01 6.585259999999999447e-01 7.525579999999999492e-01 -1.123000000000000083e-03 -7.525579999999999492e-01 6.585239999999999982e-01 -1.688999999999999963e-03
1.400000000000000000e+01 1.160000000000000000e+02 1.600000000000000000e+01 0.000000000000000000e+00 1.600000000000000089e+00 -6.430000000000000169e-04 -2.455999999999999850e-03 9.999970000000000248e-01 6.610690000000000177e-01 7.503220000000000445e-01 2.268000000000000051e-03 -7.503250000000000197e-01 6.610679999999999890e-01 1.141000000000000087e-03
2.600000000000000000e+01 1.160000000000000000e+02 1.600000000000000000e+01 0.000000000000000000e+00 1.600000000000000089e+00 -1.472000000000000001e-03 -1.067999999999999939e-03 9.999980000000000535e-01 6.516159999999999730e-01 7.585469999999999713e-01 1.768999999999999956e-03 -7.585469999999999713e-01 6.516180000000000305e-01 -4.209999999999999875e-04
6.000000000000000000e+00 2.000000000000000000e+00 1.900000000000000000e+01 0.000000000000000000e+00 1.600000000000000089e+00 5.369999999999999774e-03 -5.581000000000000023e-03 -9.999700000000000255e-01 1.961009999999999975e-01 -9.805620000000000447e-01 6.525999999999999683e-03 -9.805690000000000239e-01 -1.961299999999999988e-01 -4.171000000000000228e-03
9.000000000000000000e+00 2.000000000000000000e+00 1.900000000000000000e+01 0.000000000000000000e+00 1.600000000000000089e+00 5.186999999999999771e-03 -6.442999999999999942e-03 -9.999660000000000215e-01 1.979650000000000021e-01 -9.801819999999999977e-01 7.342999999999999701e-03 -9.801950000000000385e-01 -1.979960000000000053e-01 -3.808999999999999886e-03
1.400000000000000000e+01 2.000000000000000000e+00 1.900000000000000000e+01 0.000000000000000000e+00 1.600000000000000089e+00 4.099000000000000213e-03 -1.541999999999999968e-02 -9.998730000000000118e-01 2.034620000000000040e-01 -9.789529999999999621e-01 1.593200000000000172e-02 -9.790739999999999998e-01 -2.035019999999999885e-01 -8.760000000000000425e-04
2.200000000000000000e+01 2.000000000000000000e+00 1.900000000000000000e+01 0.000000000000000000e+00 1.600000000000000089e+00 3.670999999999999784e-03 -7.082999999999999886e-03 -9.999679999999999680e-01 2.097729999999999873e-01 -9.777200000000000335e-01 7.694999999999999583e-03 -9.777430000000000287e-01 -2.097940000000000083e-01 -2.102999999999999835e-03
2.800000000000000000e+01 2.000000000000000000e+00 1.900000000000000000e+01 0.000000000000000000e+00 1.600000000000000089e+00 5.879999999999999810e-03 -4.905999999999999771e-03 -9.999710000000000543e-01 2.081429999999999947e-01 -9.780799999999999494e-01 6.022999999999999708e-03 -9.780809999999999782e-01 -2.081729999999999969e-01 -4.729999999999999830e-03
2.100000000000000000e+01 4.000000000000000000e+00 2.000000000000000000e+01 0.000000000000000000e+00 1.600000000000000089e+00 8.999999999999999754e-04 -1.582999999999999989e-03 -9.999980000000000535e-01 2.921059999999999768e-01 -9.563840000000000119e-01 1.776999999999999934e-03 -9.563850000000000406e-01 -2.921070000000000055e-01 -3.980000000000000248e-04
1.100000000000000000e+01 1.300000000000000000e+01 2.000000000000000000e+01 0.000000000000000000e+00 1.600000000000000089e+00 -3.000000000000000076e-06 -1.389999999999999905e-04 1.000000000000000000e+00 2.558960000000000123e-01 9.667040000000000077e-01 1.350000000000000017e-04 -9.667040000000000077e-01 2.558960000000000123e-01 3.300000000000000253e-05
1.700000000000000000e+01 1.300000000000000000e+01 2.000000000000000000e+01 0.000000000000000000e+00 1.600000000000000089e+00 -1.082999999999999978e-03 -2.487000000000000061e-03 9.999959999999999960e-01 2.568869999999999765e-01 9.664380000000000193e-01 2.681999999999999922e-03 -9.664409999999999945e-01 2.568889999999999785e-01 -4.070000000000000267e-04
2.200000000000000000e+01 1.300000000000000000e+01 2.000000000000000000e+01 0.000000000000000000e+00 1.600000000000000089e+00 3.399999999999999973e-05 3.240000000000000150e-04 1.000000000000000000e+00 2.573329999999999784e-01 9.663230000000000430e-01 -3.220000000000000206e-04 -9.663230000000000430e-01 2.573329999999999784e-01 -5.000000000000000240e-05
8.000000000000000000e+00 1.600000000000000000e+01 2.100000000000000000e+01 0.000000000000000000e+00 1.600000000000000089e+00 8.570000000000000144e-04 7.381999999999999673e-03 9.999719999999999720e-01 3.008480000000000043e-01 9.536440000000000472e-01 -7.297999999999999800e-03 -9.536719999999999642e-01 3.008460000000000023e-01 -1.404000000000000083e-03
6.000000000000000000e+00 4.600000000000000000e+01 2.700000000000000000e+01 0.000000000000000000e+00 1.600000000000000089e+00 -1.221000000000000080e-03 6.290000000000000018e-04 -9.999989999999999712e-01 6.561209999999999543e-01 7.546559999999999935e-01 -3.269999999999999795e-04 7.546549999999999647e-01 -6.561209999999999543e-01 -1.335000000000000032e-03
2.000000000000000000e+01 4.600000000000000000e+01 2.700000000000000000e+01 0.000000000000000000e+00 1.600000000000000089e+00 2.138000000000000143e-03 4.600000000000000004e-05 -9.999980000000000535e-01 6.598209999999999908e-01 7.514210000000000056e-01 1.446000000000000020e-03 7.514199999999999768e-01 -6.598230000000000484e-01 1.575999999999999927e-03
1.100000000000000000e+01 4.600000000000000000e+01 3.000000000000000000e+01 0.000000000000000000e+00 1.600000000000000089e+00 3.499999999999999693e-05 -1.920000000000000049e-04 -1.000000000000000000e+00 3.298309999999999853e-01 9.440399999999999903e-01 -1.700000000000000122e-04 9.440399999999999903e-01 -3.298309999999999853e-01 9.699999999999999963e-05
2.000000000000000000e+00 5.800000000000000000e+01 3.100000000000000000e+01 0.000000000000000000e+00 1.600000000000000089e+00 4.046000000000000117e-03 7.365000000000000019e-03 9.999649999999999928e-01 -7.625960000000000516e-01 -6.468279999999999585e-01 7.849000000000000074e-03 6.468629999999999658e-01 -7.626009999999999733e-01 3.000000000000000062e-03
8.000000000000000000e+00 5.800000000000000000e+01 3.100000000000000000e+01 0.000000000000000000e+00 1.600000000000000089e+00 2.608000000000000075e-03 -2.929000000000000180e-03 9.999919999999999920e-01 -7.655279999999999863e-01 -6.434020000000000294e-01 1.119999999999999983e-04 6.433969999999999967e-01 -7.655229999999999535e-01 -3.921000000000000006e-03
1.500000000000000000e+01 5.800000000000000000e+01 3.100000000000000000e+01 0.000000000000000000e+00 1.600000000000000089e+00 -2.196000000000000035e-03 -5.309000000000000351e-03 9.999829999999999552e-01 -7.678719999999999990e-01 -6.405830000000000135e-01 -5.087000000000000376e-03 6.405990000000000295e-01 -7.678709999999999702e-01 -2.670000000000000064e-03
2.200000000000000000e+01 5.800000000000000000e+01 3.100000000000000000e+01 0.000000000000000000e+00 1.600000000000000089e+00 -1.515000000000000071e-03 2.951000000000000064e-03 9.999949999999999672e-01 -7.732339999999999769e-01 -6.341200000000000170e-01 6.999999999999999929e-04 6.341179999999999595e-01 -7.732290000000000552e-01 3.242000000000000090e-03
2.600000000000000000e+01 5.800000000000000000e+01 3.100000000000000000e+01 0.000000000000000000e+00 1.600000000000000089e+00 6.595000000000000168e-03 6.779999999999999569e-03 9.999550000000000383e-01 -7.737089999999999801e-01 -6.334710000000000063e-01 9.398000000000000104e-03 6.335070000000000423e-01 -7.737370000000000081e-01 1.067999999999999939e-03
2.800000000000000000e+01 5.800000000000000000e+01 3.100000000000000000e+01 0.000000000000000000e+00 1.600000000000000089e+00 9.308999999999999567e-03 9.520000000000000684e-03 9.999109999999999943e-01 -7.734509999999999996e-01 -6.337180000000000035e-01 1.323500000000000024e-02 6.337880000000000180e-01 -7.735049999999999981e-01 1.464000000000000024e-03
4.000000000000000000e+00 4.600000000000000000e+01 3.500000000000000000e+01 0.000000000000000000e+00 1.600000000000000089e+00 4.220000000000000118e-04 3.706000000000000093e-03 -9.999930000000000208e-01 3.856180000000000163e-01 -9.226529999999999454e-01 -3.256999999999999913e-03 -9.226579999999999782e-01 -3.856140000000000123e-01 -1.819000000000000087e-03
8.000000000000000000e+00 4.600000000000000000e+01 3.500000000000000000e+01 0.000000000000000000e+00 1.600000000000000089e+00 3.269999999999999795e-04 -5.969999999999999829e-04 -1.000000000000000000e+00 3.860140000000000238e-01 -9.224930000000000074e-01 6.759999999999999516e-04 -9.224930000000000074e-01 -3.860140000000000238e-01 -7.100000000000000462e-05
1.400000000000000000e+01 4.600000000000000000e+01 3.500000000000000000e+01 0.000000000000000000e+00 1.600000000000000089e+00 -2.680000000000000090e-04 4.699999999999999859e-04 -1.000000000000000000e+00 3.855859999999999843e-01 -9.226720000000000477e-01 -5.370000000000000424e-04 -9.226720000000000477e-01 -3.855859999999999843e-01 6.499999999999999431e-05
1.900000000000000000e+01 4.600000000000000000e+01 3.500000000000000000e+01 0.000000000000000000e+00 1.600000000000000089e+00 -5.090000000000000123e-04 -2.141999999999999807e-03 -9.999980000000000535e-01 3.857400000000000273e-01 -9.226060000000000372e-01 1.779999999999999898e-03 -9.226069999999999549e-01 -3.857380000000000253e-01 1.296000000000000060e-03
2.500000000000000000e+01 4.600000000000000000e+01 3.500000000000000000e+01 0.000000000000000000e+00 1.600000000000000089e+00 -5.249999999999999676e-04 1.662000000000000066e-03 -9.999980000000000535e-01 3.853010000000000046e-01 -9.227889999999999704e-01 -1.735999999999999913e-03 -9.227910000000000279e-01 -3.853019999999999778e-01 -1.559999999999999972e-04
5.000000000000000000e+00 9.500000000000000000e+01 3.600000000000000000e+01 0.000000000000000000e+00 1.600000000000000089e+00 -2.059999999999999928e-04 3.474999999999999790e-03 9.999940000000000495e-01 9.976709999999999745e-01 6.821599999999999886e-02 -3.100000000000000135e-05 -6.821499999999999786e-02 9.976650000000000240e-01 -3.481000000000000153e-03
8.000000000000000000e+00 9.500000000000000000e+01 3.600000000000000000e+01 0.000000000000000000e+00 1.600000000000000089e+00 4.290999999999999676e-03 7.835999999999999216e-03 9.999599999999999600e-01 9.974239999999999773e-01 7.157399999999999873e-02 -4.840999999999999817e-03 -7.160900000000000598e-02 9.974049999999999860e-01 -7.507999999999999917e-03
2.200000000000000000e+01 9.500000000000000000e+01 3.600000000000000000e+01 0.000000000000000000e+00 1.600000000000000089e+00 -4.249999999999999763e-04 -1.312699999999999978e-02 9.999139999999999695e-01 9.974830000000000085e-01 7.088999999999999468e-02 1.355000000000000085e-03 -7.090100000000000569e-02 9.973980000000000068e-01 1.306299999999999996e-02
2.900000000000000000e+01 9.500000000000000000e+01 3.600000000000000000e+01 0.000000000000000000e+00 1.600000000000000089e+00 1.536000000000000039e-03 5.437999999999999778e-02 9.985190000000000454e-01 9.980830000000000535e-01 6.170300000000000090e-02 -4.895000000000000046e-03 -6.187800000000000245e-02 9.966120000000000534e-01 -5.418099999999999999e-02
1.000000000000000000e+00 3.000000000000000000e+00 4.300000000000000000e+01 0.000000000000000000e+00 1.600000000000000089e+00 -1.015999999999999976e-03 -9.865000000000000505e-03 -9.999510000000000343e-01 7.394389999999999574e-01 -6.731979999999999631e-01 5.890000000000000270e-03 -6.732230000000000159e-01 -7.393960000000000532e-01 7.978000000000000716e-03
6.000000000000000000e+00 3.000000000000000000e+00 4.300000000000000000e+01 0.000000000000000000e+00 1.600000000000000089e+00 -1.361999999999999929e-03 -6.414000000000000430e-03 -9.999789999999999512e-01 7.395899999999999697e-01 -6.730500000000000371e-01 3.310000000000000008e-03 -6.730559999999999876e-01 -7.395699999999999497e-01 5.660000000000000100e-03
1.600000000000000000e+01 3.000000000000000000e+00 4.300000000000000000e+01 0.000000000000000000e+00 1.600000000000000089e+00 -2.618000000000000101e-03 -2.521999999999999936e-02 -9.996779999999999555e-01 7.356810000000000294e-01 -6.771580000000000377e-01 1.515700000000000033e-02 -6.773230000000000084e-01 -7.354049999999999754e-01 2.032700000000000132e-02
2.900000000000000000e+01 3.000000000000000000e+00 4.300000000000000000e+01 0.000000000000000000e+00 1.600000000000000089e+00 1.064999999999999974e-02 2.353999999999999843e-02 -9.996660000000000545e-01 7.411360000000000170e-01 -6.713080000000000158e-01 -7.912000000000000630e-03 -6.712700000000000333e-01 -7.408040000000000180e-01 -2.459599999999999981e-02
2.500000000000000000e+01 8.000000000000000000e+00 4.400000000000000000e+01 0.000000000000000000e+00 1.600000000000000089e+00 -3.661000000000000192e-03 8.030000000000000028e-04 9.999930000000000208e-01 -7.772740000000000204e-01 -6.291579999999999950e-01 -2.340000000000000066e-03 6.291510000000000158e-01 -7.772769999999999957e-01 2.928000000000000047e-03
4.000000000000000000e+00 2.900000000000000000e+01 4.400000000000000000e+01 0.000000000000000000e+00 1.600000000000000089e+00 -6.470000000000000057e-04 -1.641000000000000097e-03 -9.999980000000000535e-01 6.718439999999999968e-01 7.406909999999999883e-01 -1.649999999999999991e-03 7.406920000000000170e-01 -6.718439999999999968e-01 6.229999999999999644e-04
8.000000000000000000e+00 2.900000000000000000e+01 4.400000000000000000e+01 0.000000000000000000e+00 1.600000000000000089e+00 -1.791000000000000057e-03 3.080000000000000055e-04 -9.999980000000000535e-01 6.707849999999999646e-01 7.416509999999999492e-01 -9.719999999999999907e-04 7.416500000000000314e-01 -6.707859999999999934e-01 -1.534999999999999906e-03
1.200000000000000000e+01 2.900000000000000000e+01 4.400000000000000000e+01 0.000000000000000000e+00 1.600000000000000089e+00 1.435000000000000078e-03 3.119999999999999944e-04 -9.999989999999999712e-01 6.744409999999999572e-01 7.383279999999999843e-01 1.198000000000000063e-03 7.383269999999999555e-01 -6.744419999999999860e-01 8.490000000000000368e-04
1.500000000000000000e+01 2.900000000000000000e+01 4.400000000000000000e+01 0.000000000000000000e+00 1.600000000000000089e+00 2.112000000000000162e-03 -4.101999999999999744e-03 -9.999890000000000168e-01 6.794059999999999544e-01 7.337609999999999966e-01 -1.575000000000000011e-03 7.337590000000000501e-01 -6.793959999999999999e-01 4.336999999999999710e-03
2.100000000000000000e+01 2.900000000000000000e+01 4.400000000000000000e+01 0.000000000000000000e+00 1.600000000000000089e+00 1.605000000000000090e-03 7.529999999999999801e-04 -9.999980000000000535e-01 6.824799999999999756e-01 7.309020000000000516e-01 1.645999999999999894e-03 7.309020000000000516e-01 -6.824820000000000331e-01 6.589999999999999721e-04
2.400000000000000000e+01 2.900000000000000000e+01 4.400000000000000000e+01 0.000000000000000000e+00 1.600000000000000089e+00 2.089999999999999844e-03 2.820000000000000241e-04 -9.999980000000000535e-01 6.807729999999999615e-01 7.324920000000000320e-01 1.629999999999999939e-03 7.324910000000000032e-01 -6.807750000000000190e-01 1.338999999999999913e-03
2.900000000000000000e+01 2.900000000000000000e+01 4.400000000000000000e+01 0.000000000000000000e+00 1.600000000000000089e+00 3.027000000000000177e-03 2.849999999999999886e-04 -9.999949999999999672e-01 6.772650000000000059e-01 7.357359999999999456e-01 2.259999999999999856e-03 7.357329999999999703e-01 -6.772690000000000099e-01 2.034999999999999917e-03
7.000000000000000000e+00 6.000000000000000000e+00 5.100000000000000000e+01 0.000000000000000000e+00 1.600000000000000089e+00 -6.340000000000000149e-04 4.349999999999999700e-03 -9.999900000000000455e-01 3.195100000000000162e-01 -9.475729999999999986e-01 -4.324999999999999852e-03 -9.475829999999999531e-01 -3.195100000000000162e-01 -7.889999999999999878e-04
2.000000000000000000e+00 7.000000000000000000e+00 5.200000000000000000e+01 0.000000000000000000e+00 1.600000000000000089e+00 2.689999999999999791e-04 -3.214999999999999976e-03 -9.999949999999999672e-01 1.113660000000000067e-01 -9.937740000000000462e-01 3.225000000000000002e-03 -9.937789999999999679e-01 -1.113660000000000067e-01 9.100000000000000287e-05
1.800000000000000000e+01 7.000000000000000000e+00 5.200000000000000000e+01 0.000000000000000000e+00 1.600000000000000089e+00 -6.200999999999999915e-03 -7.642999999999999620e-03 -9.999519999999999520e-01 1.364070000000000005e-01 -9.906300000000000106e-01 6.726000000000000208e-03 -9.906340000000000146e-01 -1.363580000000000070e-01 7.185999999999999679e-03
3.000000000000000000e+01 7.000000000000000000e+00 5.200000000000000000e+01 0.000000000000000000e+00 1.600000000000000089e+00 2.658999999999999905e-03 -6.453000000000000402e-03 -9.999759999999999760e-01 7.949399999999999522e-02 -9.968129999999999491e-01 6.643999999999999732e-03 -9.968320000000000514e-01 -7.950999999999999734e-02 -2.138000000000000143e-03
2.000000000000000000e+00 6.300000000000000000e+01 5.400000000000000000e+01 0.000000000000000000e+00 1.600000000000000089e+00 -3.130000000000000187e-04 -5.347000000000000190e-03 9.999860000000000415e-01 -3.617940000000000045e-01 9.322449999999999903e-01 4.871000000000000330e-03 -9.322580000000000311e-01 -3.617870000000000252e-01 -2.226000000000000114e-03
7.000000000000000000e+00 6.300000000000000000e+01 5.400000000000000000e+01 0.000000000000000000e+00 1.600000000000000089e+00 -4.040000000000000080e-04 8.589999999999999546e-04 1.000000000000000000e+00 -3.597770000000000135e-01 9.330380000000000340e-01 -9.470000000000000336e-04 -9.330380000000000340e-01 -3.597770000000000135e-01 -6.799999999999999946e-05
1.000000000000000000e+01 6.300000000000000000e+01 5.400000000000000000e+01 0.000000000000000000e+00 1.600000000000000089e+00 -1.582999999999999989e-03 5.890000000000000053e-04 9.999989999999999712e-01 -3.537569999999999881e-01 9.353369999999999740e-01 -1.111000000000000008e-03 -9.353359999999999452e-01 -3.537580000000000169e-01 -1.271999999999999910e-03
1.600000000000000000e+01 6.300000000000000000e+01 5.400000000000000000e+01 0.000000000000000000e+00 1.600000000000000089e+00 -9.070000000000000371e-04 5.559999999999999621e-04 9.999989999999999712e-01 -3.534479999999999844e-01 9.354540000000000077e-01 -8.409999999999999507e-04 -9.354540000000000077e-01 -3.534479999999999844e-01 -6.520000000000000188e-04
2.400000000000000000e+01 6.300000000000000000e+01 5.400000000000000000e+01 0.000000000000000000e+00 1.600000000000000089e+00 1.392000000000000008e-03 -8.689999999999999808e-04 9.999989999999999712e-01 -3.484590000000000187e-01 9.373230000000000173e-01 1.299999999999999940e-03 -9.373230000000000173e-01 -3.484599999999999920e-01 1.002000000000000069e-03
3.000000000000000000e+00 2.500000000000000000e+01 5.500000000000000000e+01 0.000000000000000000e+00 1.600000000000000089e+00 7.569999999999999689e-04 3.683000000000000076e-03 -9.999930000000000208e-01 -1.158900000000000034e-02 -9.999259999999999815e-01 -3.691999999999999969e-03 -9.999329999999999607e-01 1.159199999999999987e-02 -7.140000000000000079e-04
6.000000000000000000e+00 2.500000000000000000e+01 5.500000000000000000e+01 0.000000000000000000e+00 1.600000000000000089e+00 1.039999999999999909e-03 1.379000000000000017e-03 -9.999989999999999712e-01 -1.208000000000000046e-02 -9.999259999999999815e-01 -1.392000000000000008e-03 -9.999270000000000103e-01 1.208099999999999972e-02 -1.023999999999999954e-03
1.200000000000000000e+01 2.500000000000000000e+01 5.500000000000000000e+01 0.000000000000000000e+00 1.600000000000000089e+00 9.700000000000000505e-04 9.439999999999999607e-04 -9.999989999999999712e-01 -1.379999999999999977e-02 -9.999040000000000150e-01 -9.569999999999999514e-04 -9.999040000000000150e-01 1.380100000000000077e-02 -9.569999999999999514e-04
2.300000000000000000e+01 2.500000000000000000e+01 5.500000000000000000e+01 0.000000000000000000e+00 1.600000000000000089e+00 -3.009999999999999980e-04 -3.420000000000000188e-04 -1.000000000000000000e+00 -1.114399999999999939e-02 -9.999379999999999935e-01 3.460000000000000076e-04 -9.999379999999999935e-01 1.114399999999999939e-02 2.970000000000000092e-04
2.800000000000000000e+01 2.500000000000000000e+01 5.500000000000000000e+01 0.000000000000000000e+00 1.600000000000000089e+00 -1.188999999999999953e-03 -4.918999999999999762e-03 -9.999869999999999592e-01 -1.237800000000000011e-02 -9.999109999999999943e-01 4.932999999999999885e-03 -9.999230000000000063e-01 1.238299999999999991e-02 1.128000000000000096e-03
3.000000000000000000e+00 6.800000000000000000e+01 5.700000000000000000e+01 0.000000000000000000e+00 1.600000000000000089e+00 2.139999999999999975e-03 -5.211000000000000354e-03 -9.999839999999999840e-01 -2.447010000000000018e-01 -9.695880000000000054e-01 4.529000000000000040e-03 -9.695960000000000134e-01 2.446879999999999888e-01 -3.350000000000000113e-03
1.700000000000000000e+01 2.100000000000000000e+01 6.000000000000000000e+01 0.000000000000000000e+00 1.600000000000000089e+00 -2.539999999999999940e-04 4.370999999999999885e-03 9.999900000000000455e-01 -9.374300000000000688e-02 9.955869999999999997e-01 -4.375999999999999682e-03 -9.955960000000000365e-01 -9.374300000000000688e-02 1.569999999999999944e-04
2.300000000000000000e+01 2.100000000000000000e+01 6.000000000000000000e+01 0.000000000000000000e+00 1.600000000000000089e+00 2.109999999999999896e-03 5.240999999999999999e-03 9.999839999999999840e-01 -9.611799999999999511e-02 9.953570000000000473e-01 -5.014000000000000228e-03 -9.953680000000000305e-01 -9.610599999999999699e-02 2.603999999999999978e-03
2.400000000000000000e+01 3.000000000000000000e+00 6.300000000000000000e+01 0.000000000000000000e+00 1.600000000000000089e+00 -3.021999999999999947e-03 1.838999999999999923e-03 9.999940000000000495e-01 -6.124600000000000044e-01 7.904949999999999477e-01 -3.305000000000000212e-03 -7.904959999999999765e-01 -6.124659999999999549e-01 -1.262000000000000101e-03
5.000000000000000000e+00 2.700000000000000000e+01 6.300000000000000000e+01 0.000000000000000000e+00 1.600000000000000089e+00 2.282000000000000174e-03 -2.530000000000000131e-03 9.999940000000000495e-01 -2.715509999999999868e-01 9.624190000000000245e-01 3.054999999999999990e-03 -9.624209999999999710e-01 -2.715560000000000196e-01 1.508999999999999925e-03
1.200000000000000000e+01 2.700000000000000000e+01 6.300000000000000000e+01 0.000000000000000000e+00 1.600000000000000089e+00 -2.089000000000000145e-03 2.569999999999999802e-03 9.999949999999999672e-01 -2.742859999999999743e-01 9.616430000000000256e-01 -3.043999999999999831e-03 -9.616460000000000008e-01 -2.742910000000000070e-01 -1.304000000000000038e-03
1.900000000000000000e+01 2.700000000000000000e+01 6.300000000000000000e+01 0.000000000000000000e+00 1.600000000000000089e+00 7.839999999999999747e-04 6.399999999999999710e-05 1.000000000000000000e+00 -2.808559999999999945e-01 9.597499999999999920e-01 1.579999999999999916e-04 -9.597499999999999920e-01 -2.808559999999999945e-01 7.699999999999999597e-04
2.600000000000000000e+01 2.700000000000000000e+01 6.300000000000000000e+01 0.000000000000000000e+00 1.600000000000000089e+00 -8.319999999999999488e-04 3.367999999999999900e-03 9.999940000000000495e-01 -2.792799999999999727e-01 9.602039999999999464e-01 -3.465999999999999897e-03 -9.602089999999999792e-01 -2.792810000000000015e-01 1.410000000000000120e-04
1.100000000000000000e+01 2.600000000000000000e+01 6.400000000000000000e+01 0.000000000000000000e+00 1.600000000000000089e+00 -1.814000000000000074e-03 -1.030000000000000100e-03 9.999980000000000535e-01 -3.524070000000000258e-01 9.358469999999999844e-01 3.249999999999999851e-04 -9.358450000000000379e-01 -3.524059999999999970e-01 -2.060999999999999898e-03
1.700000000000000000e+01 2.600000000000000000e+01 6.400000000000000000e+01 0.000000000000000000e+00 1.600000000000000089e+00 -3.499999999999999964e-04 -6.639999999999999852e-04 1.000000000000000000e+00 -3.613589999999999858e-01 9.324270000000000058e-01 4.929999999999999487e-04 -9.324270000000000058e-01 -3.613589999999999858e-01 -5.659999999999999884e-04
2.000000000000000000e+01 2.600000000000000000e+01 6.400000000000000000e+01 0.000000000000000000e+00 1.600000000000000089e+00 1.838000000000000007e-03 2.260999999999999989e-03 9.999959999999999960e-01 -3.642810000000000215e-01 9.312880000000000047e-01 -1.435999999999999993e-03 -9.312869999999999759e-01 -3.642770000000000175e-01 2.534999999999999927e-03
2.500000000000000000e+01 2.600000000000000000e+01 6.400000000000000000e+01 0.000000000000000000e+00 1.600000000000000089e+00 -3.449999999999999833e-04 4.874999999999999993e-03 9.999879999999999880e-01 -3.633689999999999976e-01 9.316339999999999621e-01 -4.667000000000000141e-03 -9.316449999999999454e-01 -3.633660000000000223e-01 1.449999999999999900e-03
1.400000000000000000e+01 6.900000000000000000e+01 6.600000000000000000e+01 0.000000000000000000e+00 1.600000000000000089e+00 1.022299999999999945e-02 -8.439999999999999586e-03 9.999120000000000230e-01 -9.530720000000000303e-01 3.024939999999999851e-01 1.229700000000000064e-02 -3.025720000000000076e-01 -9.531140000000000168e-01 -4.950999999999999672e-03
2.200000000000000000e+01 6.900000000000000000e+01 6.600000000000000000e+01 0.000000000000000000e+00 1.600000000000000089e+00 5.460999999999999709e-03 -8.159999999999999936e-04 9.999850000000000128e-01 -9.532840000000000202e-01 3.020249999999999879e-01 5.452000000000000249e-03 -3.020249999999999879e-01 -9.533000000000000362e-01 8.710000000000000294e-04
2.600000000000000000e+01 3.100000000000000000e+01 7.100000000000000000e+01 0.000000000000000000e+00 1.600000000000000089e+00 1.222999999999999912e-03 1.007999999999999998e-03 -9.999989999999999712e-01 -7.114660000000000428e-01 -7.027189999999999825e-01 -1.577999999999999976e-03 -7.027200000000000113e-01 7.114669999999999606e-01 -1.420000000000000092e-04
3.000000000000000000e+00 4.400000000000000000e+01 7.300000000000000000e+01 0.000000000000000000e+00 1.600000000000000089e+00 7.439999999999999782e-04 1.662999999999999982e-03 9.999980000000000535e-01 4.786300000000000276e-02 -9.988529999999999909e-01 1.624999999999999925e-03 9.988540000000000196e-01 4.786100000000000076e-02 -8.220000000000000310e-04
6.000000000000000000e+00 4.400000000000000000e+01 7.300000000000000000e+01 0.000000000000000000e+00 1.600000000000000089e+00 2.121000000000000055e-03 1.119999999999999902e-03 9.999970000000000248e-01 4.947499999999999815e-02 -9.987749999999999684e-01 1.013000000000000012e-03 9.987730000000000219e-01 4.947300000000000308e-02 -2.174000000000000151e-03
1.400000000000000000e+01 4.400000000000000000e+01 7.300000000000000000e+01 0.000000000000000000e+00 1.600000000000000089e+00 -2.652999999999999976e-03 -3.135000000000000200e-03 9.999919999999999920e-01 4.762700000000000267e-02 -9.988609999999999989e-01 -3.004999999999999859e-03 9.988620000000000276e-01 4.761900000000000160e-02 2.799999999999999972e-03
