9.000000000000000000e+00 2.500000000000000000e+01 1.000000000000000000e+00 0.000000000000000000e+00 1.600000000000000089e+00 3.592999999999999840e-03 3.347000000000000149e-03 -9.999879999999999880e-01 -5.434870000000000534e-01 -8.394040000000000390e-01 -4.761999999999999740e-03 -8.394099999999999895e-01 5.434970000000000079e-01 -1.196999999999999930e-03
5.000000000000000000e+00 1.500000000000000000e+01 4.000000000000000000e+00 0.000000000000000000e+00 1.600000000000000089e+00 -1.820000000000000057e-04 4.357999999999999895e-03 9.999900000000000455e-01 2.876920000000000033e-01 -9.577139999999999542e-01 4.225999999999999722e-03 9.577229999999999910e-01 2.876900000000000013e-01 -1.080000000000000014e-03
1.700000000000000000e+01 1.500000000000000000e+01 4.000000000000000000e+00 0.000000000000000000e+00 1.600000000000000089e+00 2.187999999999999841e-03 4.723999999999999901e-03 9.999860000000000415e-01 2.902239999999999820e-01 -9.569509999999999961e-01 3.886000000000000131e-03 9.569560000000000288e-01 2.902120000000000255e-01 -3.465000000000000198e-03
2.300000000000000000e+01 1.500000000000000000e+01 4.000000000000000000e+00 0.000000000000000000e+00 1.600000000000000089e+00 8.300000000000000086e-04 1.027999999999999921e-02 9.999470000000000303e-01 2.929649999999999754e-01 -9.560750000000000082e-01 9.586000000000000770e-03 9.561229999999999452e-01 2.929419999999999802e-01 -3.804999999999999789e-03
7.000000000000000000e+00 1.600000000000000000e+01 4.000000000000000000e+00 0.000000000000000000e+00 1.600000000000000089e+00 -3.939999999999999817e-04 5.703999999999999869e-03 9.999839999999999840e-01 3.522560000000000136e-01 -9.358880000000000532e-01 5.478000000000000230e-03 9.359039999999999582e-01 3.522520000000000095e-01 -1.639999999999999965e-03
1.100000000000000000e+01 1.600000000000000000e+01 4.000000000000000000e+00 0.000000000000000000e+00 1.600000000000000089e+00 -8.059999999999999673e-04 4.466000000000000351e-03 9.999900000000000455e-01 3.529519999999999880e-01 -9.356309999999999905e-01 4.462999999999999953e-03 9.356409999999999449e-01 3.529519999999999880e-01 -8.220000000000000310e-04
2.000000000000000000e+01 1.600000000000000000e+01 4.000000000000000000e+00 0.000000000000000000e+00 1.600000000000000089e+00 5.980000000000000072e-04 9.048999999999999752e-03 9.999590000000000423e-01 3.563310000000000088e-01 -9.343240000000000434e-01 8.241999999999999327e-03 9.343599999999999683e-01 3.563109999999999888e-01 -3.782999999999999904e-03
2.700000000000000000e+01 1.600000000000000000e+01 4.000000000000000000e+00 0.000000000000000000e+00 1.600000000000000089e+00 -1.337000000000000081e-03 1.153999999999999991e-02 9.999329999999999607e-01 3.570200000000000040e-01 -9.340289999999999981e-01 1.125699999999999965e-02 9.340960000000000374e-01 3.570110000000000228e-01 -2.870999999999999854e-03
3.000000000000000000e+00 1.010000000000000000e+02 7.000000000000000000e+00 0.000000000000000000e+00 1.600000000000000089e+00 7.799999999999999859e-04 -9.619999999999999645e-04 9.999989999999999712e-01 8.873069999999999569e-01 4.611790000000000056e-01 -2.489999999999999809e-04 -4.611779999999999768e-01 8.873069999999999569e-01 1.213000000000000102e-03
8.000000000000000000e+00 1.010000000000000000e+02 7.000000000000000000e+00 0.000000000000000000e+00 1.600000000000000089e+00 -8.030000000000000028e-04 7.303999999999999729e-03 9.999730000000000008e-01 8.881470000000000198e-01 4.595520000000000160e-01 -2.644000000000000083e-03 -4.595589999999999953e-01 8.881210000000000493e-01 -6.857000000000000248e-03
1.300000000000000000e+01 1.010000000000000000e+02 7.000000000000000000e+00 0.000000000000000000e+00 1.600000000000000089e+00 -2.073999999999999889e-03 -5.165999999999999585e-03 9.999850000000000128e-01 8.890519999999999534e-01 4.577869999999999995e-01 4.209000000000000068e-03 -4.578019999999999867e-01 8.890470000000000317e-01 3.642999999999999971e-03
1.800000000000000000e+01 1.010000000000000000e+02 7.000000000000000000e+00 0.000000000000000000e+00 1.600000000000000089e+00 1.312999999999999931e-03 -7.651999999999999948e-03 9.999700000000000255e-01 8.865389999999999660e-01 4.626469999999999749e-01 2.376000000000000074e-03 -4.626509999999999789e-01 8.865100000000000202e-01 7.392000000000000133e-03
5.000000000000000000e+00 1.500000000000000000e+01 8.000000000000000000e+00 0.000000000000000000e+00 1.600000000000000089e+00 2.507000000000000114e-03 7.986000000000000043e-03 -9.999649999999999928e-01 -5.836909999999999599e-01 -8.119370000000000198e-01 -7.948000000000000204e-03 -8.119720000000000271e-01 5.836900000000000421e-01 2.625999999999999862e-03
1.200000000000000000e+01 1.500000000000000000e+01 8.000000000000000000e+00 0.000000000000000000e+00 1.600000000000000089e+00 1.886000000000000090e-03 2.756999999999999902e-03 -9.999940000000000495e-01 -5.842509999999999648e-01 -8.115660000000000096e-01 -3.338999999999999954e-03 -8.115710000000000424e-01 5.842540000000000511e-01 8.000000000000000654e-05
1.500000000000000000e+01 1.500000000000000000e+01 8.000000000000000000e+00 0.000000000000000000e+00 1.600000000000000089e+00 -5.760000000000000146e-04 1.760999999999999979e-03 -9.999980000000000535e-01 -5.849499999999999700e-01 -8.110680000000000112e-01 -1.092000000000000089e-03 -8.110690000000000399e-01 5.849490000000000522e-01 1.497000000000000067e-03
2.000000000000000000e+01 1.500000000000000000e+01 8.000000000000000000e+00 0.000000000000000000e+00 1.600000000000000089e+00 1.807000000000000012e-03 9.211000000000000437e-03 -9.999559999999999560e-01 -5.857419999999999849e-01 -8.104529999999999790e-01 -8.524000000000000327e-03 -8.104959999999999942e-01 5.857310000000000016e-01 3.930999999999999599e-03
2.400000000000000000e+01 1.500000000000000000e+01 8.000000000000000000e+00 0.000000000000000000e+00 1.600000000000000089e+00 1.567999999999999949e-03 9.152000000000000413e-03 -9.999569999999999848e-01 -5.850610000000000532e-01 -8.109459999999999447e-01 -8.338999999999999191e-03 -8.109880000000000422e-01 5.850490000000000412e-01 4.082999999999999824e-03
2.800000000000000000e+01 1.500000000000000000e+01 8.000000000000000000e+00 0.000000000000000000e+00 1.600000000000000089e+00 2.573000000000000200e-03 1.167799999999999915e-02 -9.999280000000000390e-01 -5.831279999999999797e-01 -8.123059999999999725e-01 -1.098700000000000024e-02 -8.123759999999999870e-01 5.831150000000000500e-01 4.720000000000000237e-03
6.000000000000000000e+00 2.600000000000000000e+01 8.000000000000000000e+00 0.000000000000000000e+00 1.600000000000000089e+00 -3.817000000000000080e-03 -1.413999999999999979e-02 -9.998930000000000318e-01 4.075509999999999966e-01 9.130679999999999907e-01 -1.446799999999999996e-02 9.131749999999999590e-01 -4.075619999999999798e-01 2.278000000000000077e-03
1.000000000000000000e+01 2.600000000000000000e+01 8.000000000000000000e+00 0.000000000000000000e+00 1.600000000000000089e+00 -2.164000000000000125e-03 -6.991999999999999951e-03 -9.999730000000000008e-01 4.087939999999999907e-01 9.125980000000000203e-01 -7.265999999999999889e-03 9.126239999999999908e-01 -4.087979999999999947e-01 8.829999999999999958e-04
1.600000000000000000e+01 2.600000000000000000e+01 8.000000000000000000e+00 0.000000000000000000e+00 1.600000000000000089e+00 -8.300000000000000086e-04 3.278999999999999797e-03 -9.999940000000000495e-01 4.090550000000000019e-01 9.125060000000000393e-01 2.651999999999999844e-03 9.125090000000000146e-01 -4.090500000000000247e-01 -2.099000000000000171e-03
5.000000000000000000e+00 2.400000000000000000e+01 9.000000000000000000e+00 0.000000000000000000e+00 1.600000000000000089e+00 -4.224999999999999589e-03 -1.704599999999999865e-02 -9.998460000000000125e-01 4.588180000000000036e-01 8.883659999999999890e-01 -1.708399999999999849e-02 8.885199999999999765e-01 -4.588200000000000056e-01 4.067999999999999568e-03
1.200000000000000000e+01 2.400000000000000000e+01 9.000000000000000000e+00 0.000000000000000000e+00 1.600000000000000089e+00 -1.855000000000000095e-03 -2.651000000000000145e-03 -9.999949999999999672e-01 4.619779999999999998e-01 8.868859999999999522e-01 -3.207999999999999914e-03 8.868890000000000384e-01 -4.619820000000000038e-01 -4.200000000000000174e-04
2.100000000000000000e+01 2.400000000000000000e+01 9.000000000000000000e+00 0.000000000000000000e+00 1.600000000000000089e+00 -8.189999999999999581e-04 -5.299999999999999807e-04 -1.000000000000000000e+00 4.627839999999999732e-01 8.864710000000000090e-01 -8.480000000000000124e-04 8.864710000000000090e-01 -4.627850000000000019e-01 -4.809999999999999823e-04
2.600000000000000000e+01 2.400000000000000000e+01 9.000000000000000000e+00 0.000000000000000000e+00 1.600000000000000089e+00 -7.190000000000000210e-04 -3.321999999999999866e-03 -9.999940000000000495e-01 4.604519999999999724e-01 8.876779999999999671e-01 -3.278999999999999797e-03 8.876840000000000286e-01 -4.604519999999999724e-01 8.909999999999999734e-04
2.300000000000000000e+01 1.020000000000000000e+02 9.000000000000000000e+00 0.000000000000000000e+00 1.600000000000000089e+00 -8.509999999999999769e-04 7.839000000000000482e-03 9.999689999999999968e-01 9.223700000000000232e-01 3.863019999999999787e-01 -2.243000000000000202e-03 -3.863070000000000115e-01 9.223390000000000200e-01 -7.558999999999999747e-03
9.000000000000000000e+00 3.100000000000000000e+01 1.200000000000000000e+01 0.000000000000000000e+00 1.600000000000000089e+00 -8.409999999999999507e-04 -1.853000000000000046e-03 9.999980000000000535e-01 -2.348700000000000093e-02 9.997219999999999995e-01 1.832999999999999994e-03 -9.997239999999999460e-01 -2.348599999999999993e-02 -8.840000000000000201e-04
2.900000000000000000e+01 3.100000000000000000e+01 1.200000000000000000e+01 0.000000000000000000e+00 1.600000000000000089e+00 -1.724999999999999971e-03 -8.588999999999999413e-03 9.999620000000000175e-01 -2.851499999999999868e-02 9.995570000000000288e-01 8.536999999999999450e-03 -9.995920000000000361e-01 -2.849900000000000003e-02 -1.968999999999999830e-03
1.400000000000000000e+01 3.500000000000000000e+01 1.200000000000000000e+01 0.000000000000000000e+00 1.600000000000000089e+00 1.299000000000000024e-03 -5.224999999999999610e-03 -9.999850000000000128e-01 4.695489999999999942e-01 -8.828909999999999814e-01 5.224000000000000345e-03 -8.829059999999999686e-01 -4.695489999999999942e-01 1.306000000000000086e-03
2.000000000000000000e+01 3.500000000000000000e+01 1.200000000000000000e+01 0.000000000000000000e+00 1.600000000000000089e+00 1.154999999999999994e-03 -6.727000000000000340e-03 -9.999770000000000048e-01 4.495680000000000232e-01 -8.932219999999999605e-01 6.527999999999999949e-03 -8.932449999999999557e-01 -4.495649999999999924e-01 1.991999999999999847e-03
2.700000000000000000e+01 3.500000000000000000e+01 1.200000000000000000e+01 0.000000000000000000e+00 1.600000000000000089e+00 -2.080999999999999951e-03 1.374999999999999920e-03 -9.999970000000000248e-01 4.359250000000000069e-01 -8.999810000000000310e-01 -2.144000000000000072e-03 -8.999810000000000310e-01 -4.359279999999999822e-01 1.273000000000000043e-03
1.700000000000000000e+01 4.000000000000000000e+00 1.300000000000000000e+01 0.000000000000000000e+00 1.600000000000000089e+00 3.759999999999999779e-04 -2.202459999999999973e-01 9.754439999999999777e-01 -1.021539999999999948e-01 9.703330000000000011e-01 2.191309999999999925e-01 -9.947690000000000143e-01 -9.972799999999999720e-02 -2.213400000000000090e-02
1.000000000000000000e+00 3.200000000000000000e+01 1.400000000000000000e+01 0.000000000000000000e+00 1.600000000000000089e+00 -5.917999999999999650e-03 -9.537999999999999604e-03 -9.999369999999999647e-01 1.111459999999999948e-01 9.937519999999999687e-01 -1.013700000000000018e-02 9.937869999999999759e-01 -1.111990000000000062e-01 -4.820999999999999765e-03
3.000000000000000000e+00 1.200000000000000000e+01 1.500000000000000000e+01 0.000000000000000000e+00 1.600000000000000089e+00 1.059999999999999961e-03 4.099999999999999912e-04 -9.999989999999999712e-01 -4.666730000000000045e-01 -8.844290000000000207e-01 -8.580000000000000387e-04 -8.844290000000000207e-01 4.666739999999999777e-01 -7.460000000000000268e-04
1.000000000000000000e+01 1.200000000000000000e+01 1.500000000000000000e+01 0.000000000000000000e+00 1.600000000000000089e+00 2.712000000000000001e-03 -9.060000000000000128e-04 -9.999959999999999960e-01 -4.677020000000000066e-01 -8.838859999999999495e-01 -4.679999999999999915e-04 -8.838819999999999455e-01 4.677009999999999779e-01 -2.821000000000000157e-03
1.300000000000000000e+01 1.200000000000000000e+01 1.500000000000000000e+01 0.000000000000000000e+00 1.600000000000000089e+00 2.475999999999999902e-03 -4.260000000000000006e-04 -9.999970000000000248e-01 -4.680219999999999936e-01 -8.837169999999999748e-01 -7.829999999999999504e-04 -8.837129999999999708e-01 4.680219999999999936e-01 -2.386999999999999799e-03
1.500000000000000000e+01 1.200000000000000000e+01 1.500000000000000000e+01 0.000000000000000000e+00 1.600000000000000089e+00 1.497999999999999983e-03 -4.299999999999999894e-04 -9.999989999999999712e-01 -4.682520000000000016e-01 -8.835950000000000193e-01 -3.220000000000000206e-04 -8.835939999999999905e-01 4.682509999999999728e-01 -1.523999999999999964e-03
2.600000000000000000e+01 1.200000000000000000e+01 1.500000000000000000e+01 0.000000000000000000e+00 1.600000000000000089e+00 1.835999999999999958e-03 2.827999999999999785e-03 -9.999940000000000495e-01 -4.696029999999999927e-01 -8.828709999999999614e-01 -3.359000000000000007e-03 -8.828759999999999941e-01 4.696069999999999967e-01 -2.930000000000000204e-04
3.000000000000000000e+00 1.100000000000000000e+01 1.600000000000000000e+01 0.000000000000000000e+00 1.600000000000000089e+00 7.129999999999999836e-04 6.449999999999999570e-04 -1.000000000000000000e+00 -4.186969999999999859e-01 -9.081249999999999600e-01 -8.840000000000000201e-04 -9.081259999999999888e-01 4.186980000000000146e-01 -3.780000000000000265e-04
6.000000000000000000e+00 1.100000000000000000e+01 1.600000000000000000e+01 0.000000000000000000e+00 1.600000000000000089e+00 1.716999999999999993e-03 -1.240000000000000054e-04 -9.999989999999999712e-01 -4.189860000000000251e-01 -9.079920000000000213e-01 -6.070000000000000092e-04 -9.079909999999999926e-01 4.189860000000000251e-01 -1.610000000000000103e-03
1.200000000000000000e+01 1.100000000000000000e+01 1.600000000000000000e+01 0.000000000000000000e+00 1.600000000000000089e+00 2.284000000000000006e-03 5.630000000000000239e-04 -9.999970000000000248e-01 -4.203509999999999747e-01 -9.073600000000000554e-01 -1.471000000000000085e-03 -9.073590000000000266e-01 4.203529999999999767e-01 -1.835999999999999958e-03
9.000000000000000000e+00 1.160000000000000000e+02 1.600000000000000000e+01 0.000000000000000000e+00 1.600000000000000089e+00 9.799999999999999684e-04 1.523999999999999964e-03 9.999980000000000535e-01 7.343480000000000008e-01 6.787699999999999845e-01 -1.753999999999999917e-03 -6.787720000000000420e-01 7.343490000000000295e-01 -4.539999999999999765e-04
2.100000000000000000e+01 1.160000000000000000e+02 1.600000000000000000e+01 0.000000000000000000e+00 1.600000000000000089e+00 -3.079000000000000140e-03 -3.566000000000000159e-03 9.999890000000000168e-01 6.926139999999999519e-01 7.212929999999999620e-01 4.704999999999999981e-03 -7.213019999999999987e-01 6.926210000000000422e-01 2.489999999999999809e-04
2.000000000000000000e+00 2.000000000000000000e+00 1.900000000000000000e+01 0.000000000000000000e+00 1.600000000000000089e+00 -2.438000000000000063e-03 3.499999999999999964e-04 -9.999970000000000248e-01 1.710879999999999901e-01 -9.852560000000000207e-01 -7.619999999999999820e-04 -9.852530000000000454e-01 -1.710889999999999911e-01 2.343000000000000031e-03
8.000000000000000000e+00 2.000000000000000000e+00 1.900000000000000000e+01 0.000000000000000000e+00 1.600000000000000089e+00 -1.958000000000000105e-03 9.180999999999999925e-03 -9.999559999999999560e-01 1.750950000000000006e-01 -9.845070000000000210e-01 -9.383000000000000715e-03 -9.845500000000000362e-01 -1.751060000000000116e-01 3.200000000000000262e-04
1.300000000000000000e+01 2.000000000000000000e+00 1.900000000000000000e+01 0.000000000000000000e+00 1.600000000000000089e+00 -8.633999999999999314e-03 2.396600000000000119e-02 -9.996760000000000090e-01 1.850580000000000003e-01 -9.824060000000000015e-01 -2.514999999999999875e-02 -9.826899999999999524e-01 -1.852149999999999908e-01 4.047000000000000250e-03
2.300000000000000000e+01 2.000000000000000000e+00 1.900000000000000000e+01 0.000000000000000000e+00 1.600000000000000089e+00 -8.526000000000000592e-03 1.294099999999999938e-02 -9.998799999999999910e-01 2.094320000000000070e-01 -9.777169999999999472e-01 -1.443999999999999971e-02 -9.777860000000000440e-01 -2.095299999999999940e-01 5.625999999999999925e-03
2.600000000000000000e+01 2.000000000000000000e+00 1.900000000000000000e+01 0.000000000000000000e+00 1.600000000000000089e+00 -2.380999999999999870e-03 6.649999999999999661e-03 -9.999749999999999472e-01 2.075710000000000055e-01 -9.781950000000000367e-01 -6.999000000000000013e-03 -9.782170000000000032e-01 -2.075829999999999897e-01 9.479999999999999495e-04
5.000000000000000000e+00 4.000000000000000000e+00 2.000000000000000000e+01 0.000000000000000000e+00 1.600000000000000089e+00 7.770000000000000214e-04 -1.479999999999999925e-04 -1.000000000000000000e+00 2.515419999999999878e-01 -9.678459999999999841e-01 3.390000000000000001e-04 -9.678459999999999841e-01 -2.515419999999999878e-01 -7.150000000000000322e-04
2.000000000000000000e+00 1.300000000000000000e+01 2.000000000000000000e+01 0.000000000000000000e+00 1.600000000000000089e+00 1.840000000000000001e-04 -2.027999999999999855e-03 9.999980000000000535e-01 2.531669999999999754e-01 9.674209999999999754e-01 1.915000000000000036e-03 -9.674220000000000041e-01 2.531669999999999754e-01 6.909999999999999910e-04
6.000000000000000000e+00 1.300000000000000000e+01 2.000000000000000000e+01 0.000000000000000000e+00 1.600000000000000089e+00 -2.759999999999999867e-04 -3.141999999999999828e-03 9.999949999999999672e-01 2.535640000000000116e-01 9.673140000000000072e-01 3.109999999999999917e-03 -9.673180000000000112e-01 2.535640000000000116e-01 5.299999999999999807e-04
1.200000000000000000e+01 1.300000000000000000e+01 2.000000000000000000e+01 0.000000000000000000e+00 1.600000000000000089e+00 -6.200000000000000270e-05 -6.093999999999999591e-03 9.999810000000000088e-01 2.506419999999999759e-01 9.680619999999999781e-01 5.915000000000000119e-03 -9.680800000000000516e-01 2.506380000000000274e-01 1.466999999999999988e-03
1.800000000000000000e+01 1.300000000000000000e+01 2.000000000000000000e+01 0.000000000000000000e+00 1.600000000000000089e+00 -7.699999999999999597e-04 -5.334000000000000200e-03 9.999850000000000128e-01 2.479830000000000090e-01 9.687489999999999712e-01 5.357999999999999916e-03 -9.687639999999999585e-01 2.479840000000000100e-01 5.760000000000000146e-04
2.800000000000000000e+01 1.300000000000000000e+01 2.000000000000000000e+01 0.000000000000000000e+00 1.600000000000000089e+00 9.489999999999999738e-04 2.864999999999999925e-03 9.999949999999999672e-01 2.466649999999999954e-01 9.690959999999999575e-01 -3.010999999999999788e-03 -9.690999999999999615e-01 2.466669999999999974e-01 2.130000000000000003e-04
3.000000000000000000e+00 1.600000000000000000e+01 2.100000000000000000e+01 0.000000000000000000e+00 1.600000000000000089e+00 4.859999999999999954e-04 1.301999999999999989e-03 9.999989999999999712e-01 3.003149999999999986e-01 9.538389999999999924e-01 -1.387999999999999911e-03 -9.538400000000000212e-01 3.003149999999999986e-01 7.200000000000000182e-05
9.000000000000000000e+00 1.600000000000000000e+01 2.100000000000000000e+01 0.000000000000000000e+00 1.600000000000000089e+00 -4.800000000000000122e-04 -4.015999999999999605e-03 9.999919999999999920e-01 2.993739999999999735e-01 9.541269999999999474e-01 3.975000000000000235e-03 -9.541359999999999841e-01 2.993739999999999735e-01 7.439999999999999782e-04
1.200000000000000000e+01 1.600000000000000000e+01 2.100000000000000000e+01 0.000000000000000000e+00 1.600000000000000089e+00 -6.139999999999999625e-04 -9.192000000000000517e-03 9.999580000000000135e-01 2.994390000000000107e-01 9.540739999999999776e-01 8.954000000000000153e-03 -9.541150000000000464e-01 2.994310000000000027e-01 2.167000000000000089e-03
1.700000000000000000e+01 1.600000000000000000e+01 2.100000000000000000e+01 0.000000000000000000e+00 1.600000000000000089e+00 -1.306000000000000086e-03 -6.445000000000000208e-03 9.999780000000000335e-01 2.989959999999999840e-01 9.542319999999999691e-01 6.540999999999999939e-03 -9.542530000000000179e-01 2.989979999999999860e-01 6.800000000000000488e-04
1.500000000000000000e+01 5.000000000000000000e+01 2.200000000000000000e+01 0.000000000000000000e+00 1.600000000000000089e+00 -4.000000000000000192e-04 -3.203000000000000118e-03 -9.999949999999999672e-01 -5.800149999999999473e-01 8.146020000000000483e-01 -2.377000000000000206e-03 8.146060000000000523e-01 5.800110000000000543e-01 -2.184000000000000177e-03
4.000000000000000000e+00 4.600000000000000000e+01 2.700000000000000000e+01 0.000000000000000000e+00 1.600000000000000089e+00 -2.390999999999999896e-03 -5.370000000000000424e-04 -9.999970000000000248e-01 6.618220000000000214e-01 7.496580000000000465e-01 -1.984999999999999785e-03 7.496570000000000178e-01 -6.618249999999999966e-01 -1.436999999999999909e-03
1.000000000000000000e+01 4.600000000000000000e+01 2.700000000000000000e+01 0.000000000000000000e+00 1.600000000000000089e+00 1.464000000000000024e-03 -2.579999999999999828e-04 -9.999989999999999712e-01 6.589159999999999462e-01 7.522159999999999958e-01 7.709999999999999840e-04 7.522149999999999670e-01 -6.589159999999999462e-01 1.270999999999999994e-03
1.400000000000000000e+01 4.600000000000000000e+01 2.700000000000000000e+01 0.000000000000000000e+00 1.600000000000000089e+00 -1.132999999999999893e-03 -1.041999999999999958e-03 -9.999989999999999712e-01 6.617199999999999749e-01 7.497500000000000275e-01 -1.531000000000000026e-03 7.497500000000000275e-01 -6.617210000000000036e-01 -1.589999999999999888e-04
2.100000000000000000e+01 4.600000000000000000e+01 2.700000000000000000e+01 0.000000000000000000e+00 1.600000000000000089e+00 -2.079999999999999818e-03 -8.859999999999999603e-04 -9.999970000000000248e-01 6.587589999999999835e-01 7.523520000000000207e-01 -2.037000000000000182e-03 7.523520000000000207e-01 -6.587610000000000410e-01 -9.810000000000001011e-04
2.700000000000000000e+01 4.600000000000000000e+01 2.700000000000000000e+01 0.000000000000000000e+00 1.600000000000000089e+00 1.450000000000000009e-04 1.413999999999999892e-03 -9.999989999999999712e-01 6.559369999999999923e-01 7.548139999999999850e-01 1.162000000000000055e-03 7.548150000000000137e-01 -6.559369999999999923e-01 -8.180000000000000422e-04
5.000000000000000000e+00 5.800000000000000000e+01 3.100000000000000000e+01 0.000000000000000000e+00 1.600000000000000089e+00 5.410000000000000312e-04 2.968000000000000152e-03 9.999949999999999672e-01 -7.745140000000000358e-01 -6.325520000000000032e-01 2.295999999999999864e-03 6.325560000000000072e-01 -7.745119999999999783e-01 1.956999999999999972e-03
1.000000000000000000e+01 5.800000000000000000e+01 3.100000000000000000e+01 0.000000000000000000e+00 1.600000000000000089e+00 2.768000000000000061e-03 5.089999999999999906e-03 9.999829999999999552e-01 -7.699850000000000305e-01 -6.380400000000000515e-01 5.380000000000000233e-03 6.380559999999999565e-01 -7.699869999999999770e-01 2.152999999999999966e-03
1.500000000000000000e+01 5.800000000000000000e+01 3.100000000000000000e+01 0.000000000000000000e+00 1.600000000000000089e+00 1.485999999999999908e-03 2.285999999999999838e-03 9.999959999999999960e-01 -7.672900000000000276e-01 -6.412949999999999484e-01 2.605999999999999810e-03 6.412980000000000347e-01 -7.672909999999999453e-01 8.019999999999999785e-04
1.800000000000000000e+01 5.800000000000000000e+01 3.100000000000000000e+01 0.000000000000000000e+00 1.600000000000000089e+00 6.239999999999999887e-04 4.670000000000000214e-04 1.000000000000000000e+00 -7.642440000000000344e-01 -6.449270000000000280e-01 7.780000000000000457e-04 6.449270000000000280e-01 -7.642440000000000344e-01 -4.600000000000000004e-05
2.400000000000000000e+01 5.800000000000000000e+01 3.100000000000000000e+01 0.000000000000000000e+00 1.600000000000000089e+00 -7.894999999999999241e-03 -3.072000000000000078e-03 9.999639999999999640e-01 -7.613490000000000535e-01 -6.482919999999999794e-01 -8.002999999999999697e-03 6.482940000000000369e-01 -7.613849999999999785e-01 2.778999999999999786e-03
2.900000000000000000e+01 5.800000000000000000e+01 3.100000000000000000e+01 0.000000000000000000e+00 1.600000000000000089e+00 -3.237999999999999993e-03 -1.072999999999999995e-02 9.999369999999999647e-01 -7.617720000000000047e-01 -6.477770000000000472e-01 -9.417999999999999289e-03 6.478369999999999962e-01 -7.617549999999999599e-01 -6.076999999999999937e-03
2.000000000000000000e+00 4.600000000000000000e+01 3.500000000000000000e+01 0.000000000000000000e+00 1.600000000000000089e+00 -1.026000000000000002e-03 2.710999999999999868e-03 -9.999959999999999960e-01 3.848929999999999851e-01 -9.229559999999999986e-01 -2.896999999999999836e-03 -9.229600000000000026e-01 -3.848949999999999871e-01 -9.699999999999999963e-05
8.000000000000000000e+00 4.600000000000000000e+01 3.500000000000000000e+01 0.000000000000000000e+00 1.600000000000000089e+00 4.659999999999999971e-04 -3.896000000000000157e-03 -9.999919999999999920e-01 3.865669999999999940e-01 -9.222540000000000182e-01 3.772999999999999878e-03 -9.222609999999999975e-01 -3.865660000000000207e-01 1.075999999999999917e-03
1.200000000000000000e+01 4.600000000000000000e+01 3.500000000000000000e+01 0.000000000000000000e+00 1.600000000000000089e+00 2.950000000000000148e-04 5.860000000000000408e-04 -1.000000000000000000e+00 3.865999999999999992e-01 -9.222470000000000390e-01 -4.270000000000000249e-04 -9.222470000000000390e-01 -3.865999999999999992e-01 -4.989999999999999861e-04
2.100000000000000000e+01 4.600000000000000000e+01 3.500000000000000000e+01 0.000000000000000000e+00 1.600000000000000089e+00 7.129999999999999836e-04 -3.519999999999999908e-04 -1.000000000000000000e+00 3.859090000000000020e-01 -9.225370000000000514e-01 5.999999999999999474e-04 -9.225360000000000227e-01 -3.859099999999999753e-01 -5.209999999999999788e-04
2.900000000000000000e+01 4.600000000000000000e+01 3.500000000000000000e+01 0.000000000000000000e+00 1.600000000000000089e+00 9.650000000000000374e-04 -6.028000000000000372e-03 -9.999810000000000088e-01 3.859170000000000100e-01 -9.225139999999999452e-01 5.932999999999999906e-03 -9.225330000000000474e-01 -3.859159999999999813e-01 1.435999999999999993e-03
2.000000000000000000e+00 9.500000000000000000e+01 3.600000000000000000e+01 0.000000000000000000e+00 1.600000000000000089e+00 9.920000000000000432e-04 -2.222500000000000170e-02 9.997530000000000028e-01 9.971659999999999968e-01 7.523599999999999732e-02 6.840000000000000377e-04 -7.523299999999999432e-02 9.969179999999999708e-01 2.223699999999999982e-02
1.100000000000000000e+01 9.500000000000000000e+01 3.600000000000000000e+01 0.000000000000000000e+00 1.600000000000000089e+00 -4.119999999999999856e-04 9.074000000000000468e-03 9.999590000000000423e-01 9.966009999999999591e-01 8.238199999999999690e-02 -3.370000000000000057e-04 -8.238199999999999690e-02 9.965600000000000014e-01 -9.076999999999999999e-03
1.400000000000000000e+01 9.500000000000000000e+01 3.600000000000000000e+01 0.000000000000000000e+00 1.600000000000000089e+00 -9.079999999999999530e-04 1.562699999999999853e-02 9.998770000000000158e-01 9.970379999999999798e-01 7.691599999999999826e-02 -2.970000000000000092e-04 -7.691099999999999326e-02 9.969149999999999956e-01 -1.565100000000000172e-02
2.200000000000000000e+01 9.500000000000000000e+01 3.600000000000000000e+01 0.000000000000000000e+00 1.600000000000000089e+00 -1.276999999999999923e-03 -2.628899999999999987e-02 9.996540000000000425e-01 9.976089999999999680e-01 6.904399999999999427e-02 3.089999999999999865e-03 -6.910099999999999576e-02 9.972670000000000146e-01 2.613800000000000151e-02
2.000000000000000000e+00 3.000000000000000000e+00 4.300000000000000000e+01 0.000000000000000000e+00 1.600000000000000089e+00 -4.336999999999999710e-03 -9.117999999999999369e-03 -9.999489999999999768e-01 7.386859999999999538e-01 -6.740439999999999765e-01 2.942000000000000171e-03 -6.740359999999999685e-01 -7.386350000000000415e-01 9.658999999999999184e-03
1.900000000000000000e+01 3.000000000000000000e+00 4.300000000000000000e+01 0.000000000000000000e+00 1.600000000000000089e+00 -5.770000000000000389e-04 6.658999999999999989e-03 -9.999780000000000335e-01 7.384920000000000373e-01 -6.742449999999999832e-01 -4.915000000000000098e-03 -6.742620000000000280e-01 -7.384779999999999678e-01 -4.529000000000000040e-03
2.800000000000000000e+01 3.000000000000000000e+00 4.300000000000000000e+01 0.000000000000000000e+00 1.600000000000000089e+00 -1.900000000000000105e-05 3.589999999999999875e-03 -9.999940000000000495e-01 7.355310000000000459e-01 -6.774860000000000326e-01 -2.446999999999999956e-03 -6.774909999999999544e-01 -7.355270000000000419e-01 -2.628000000000000128e-03
6.000000000000000000e+00 8.000000000000000000e+00 4.400000000000000000e+01 0.000000000000000000e+00 1.600000000000000089e+00 1.740000000000000010e-04 4.955000000000000203e-03 9.999879999999999880e-01 -7.788659999999999473e-01 -6.271820000000000173e-01 3.243999999999999922e-03 6.271910000000000540e-01 -7.788570000000000215e-01 3.749999999999999861e-03
1.300000000000000000e+01 8.000000000000000000e+00 4.400000000000000000e+01 0.000000000000000000e+00 1.600000000000000089e+00 3.499999999999999693e-05 -1.611000000000000019e-03 9.999989999999999712e-01 -7.819920000000000204e-01 -6.232879999999999532e-01 -9.759999999999999796e-04 6.232889999999999819e-01 -7.819909999999999917e-01 -1.281999999999999936e-03
1.700000000000000000e+01 8.000000000000000000e+00 4.400000000000000000e+01 0.000000000000000000e+00 1.600000000000000089e+00 1.010999999999999963e-03 2.298999999999999828e-03 9.999970000000000248e-01 -7.821270000000000167e-01 -6.231160000000000032e-01 2.223000000000000149e-03 6.231189999999999785e-01 -7.821259999999999879e-01 1.167999999999999984e-03
2.100000000000000000e+01 8.000000000000000000e+00 4.400000000000000000e+01 0.000000000000000000e+00 1.600000000000000089e+00 2.677000000000000126e-03 4.083999999999999957e-03 9.999879999999999880e-01 -7.836980000000000057e-01 -6.211250000000000382e-01 4.635000000000000231e-03 6.211360000000000214e-01 -7.837009999999999810e-01 1.538000000000000088e-03
2.300000000000000000e+01 8.000000000000000000e+00 4.400000000000000000e+01 0.000000000000000000e+00 1.600000000000000089e+00 2.167000000000000089e-03 4.245999999999999774e-03 9.999890000000000168e-01 -7.826309999999999656e-01 -6.224709999999999965e-01 4.338999999999999975e-03 6.224830000000000085e-01 -7.826309999999999656e-01 1.974000000000000060e-03
6.000000000000000000e+00 2.900000000000000000e+01 4.400000000000000000e+01 0.000000000000000000e+00 1.600000000000000089e+00 -2.759999999999999867e-04 2.472999999999999938e-03 -9.999970000000000248e-01 6.736269999999999758e-01 7.390700000000000047e-01 1.642000000000000013e-03 7.390719999999999512e-01 -6.736240000000000006e-01 -1.869999999999999917e-03
1.100000000000000000e+01 2.900000000000000000e+01 4.400000000000000000e+01 0.000000000000000000e+00 1.600000000000000089e+00 -7.370000000000000249e-04 2.075000000000000022e-03 -9.999980000000000535e-01 6.703729999999999967e-01 7.420240000000000169e-01 1.046000000000000055e-03 7.420240000000000169e-01 -6.703700000000000214e-01 -1.938000000000000052e-03
1.600000000000000000e+01 2.900000000000000000e+01 4.400000000000000000e+01 0.000000000000000000e+00 1.600000000000000089e+00 -3.400000000000000244e-04 -5.450000000000000200e-04 -1.000000000000000000e+00 6.729779999999999651e-01 7.396620000000000417e-01 -6.319999999999999663e-04 7.396629999999999594e-01 -6.729779999999999651e-01 1.150000000000000035e-04
2.500000000000000000e+01 2.900000000000000000e+01 4.400000000000000000e+01 0.000000000000000000e+00 1.600000000000000089e+00 7.839999999999999747e-04 -1.369999999999999907e-03 -9.999989999999999712e-01 6.716839999999999478e-01 7.408369999999999678e-01 -4.879999999999999898e-04 7.408369999999999678e-01 -6.716830000000000300e-01 1.500999999999999947e-03
1.100000000000000000e+01 5.400000000000000000e+01 4.600000000000000000e+01 0.000000000000000000e+00 1.600000000000000089e+00 -1.650999999999999907e-03 7.709999999999999840e-04 9.999980000000000535e-01 3.291040000000000076e-01 -9.442930000000000490e-01 1.270999999999999994e-03 9.442920000000000202e-01 3.291060000000000096e-01 1.304999999999999953e-03
1.500000000000000000e+01 6.000000000000000000e+00 5.100000000000000000e+01 0.000000000000000000e+00 1.600000000000000089e+00 -3.119999999999999944e-04 -4.000000000000000192e-04 -1.000000000000000000e+00 3.301709999999999923e-01 -9.439210000000000100e-01 2.739999999999999923e-04 -9.439210000000000100e-01 -3.301709999999999923e-01 4.270000000000000249e-04
2.900000000000000000e+01 7.000000000000000000e+00 5.200000000000000000e+01 0.000000000000000000e+00 1.600000000000000089e+00 -1.430000000000000064e-04 7.410000000000000137e-04 -1.000000000000000000e+00 1.261660000000000004e-01 -9.920090000000000297e-01 -7.529999999999999801e-04 -9.920090000000000297e-01 -1.261660000000000004e-01 4.800000000000000122e-05
4.000000000000000000e+00 6.300000000000000000e+01 5.400000000000000000e+01 0.000000000000000000e+00 1.600000000000000089e+00 -1.730000000000000038e-04 1.469000000000000037e-03 9.999989999999999712e-01 -3.497739999999999738e-01 9.368330000000000268e-01 -1.436999999999999909e-03 -9.368339999999999446e-01 -3.497739999999999738e-01 3.519999999999999908e-04
9.000000000000000000e+00 6.300000000000000000e+01 5.400000000000000000e+01 0.000000000000000000e+00 1.600000000000000089e+00 -1.119999999999999983e-04 1.355000000000000085e-03 9.999989999999999712e-01 -3.531770000000000187e-01 9.355560000000000542e-01 -1.307000000000000002e-03 -9.355560000000000542e-01 -3.531770000000000187e-01 3.739999999999999835e-04
1.500000000000000000e+01 6.300000000000000000e+01 5.400000000000000000e+01 0.000000000000000000e+00 1.600000000000000089e+00 4.859999999999999954e-04 -4.279999999999999950e-04 1.000000000000000000e+00 -3.491630000000000011e-01 9.370619999999999505e-01 5.699999999999999772e-04 -9.370619999999999505e-01 -3.491630000000000011e-01 3.060000000000000111e-04
1.700000000000000000e+01 6.300000000000000000e+01 5.400000000000000000e+01 0.000000000000000000e+00 1.600000000000000089e+00 1.190000000000000085e-03 -1.430000000000000064e-04 9.999989999999999712e-01 -3.468200000000000172e-01 9.379309999999999592e-01 5.469999999999999602e-04 -9.379309999999999592e-01 -3.468209999999999904e-01 1.067000000000000023e-03
2.100000000000000000e+01 6.300000000000000000e+01 5.400000000000000000e+01 0.000000000000000000e+00 1.600000000000000089e+00 5.879999999999999810e-04 3.119999999999999944e-04 1.000000000000000000e+00 -3.476429999999999798e-01 9.376269999999999882e-01 -8.799999999999999771e-05 -9.376269999999999882e-01 -3.476429999999999798e-01 6.599999999999999964e-04
2.500000000000000000e+01 6.300000000000000000e+01 5.400000000000000000e+01 0.000000000000000000e+00 1.600000000000000089e+00 1.494000000000000102e-03 9.909999999999999105e-04 9.999980000000000535e-01 -3.527230000000000087e-01 9.357280000000000042e-01 -4.000000000000000192e-04 -9.357259999999999467e-01 -3.527219999999999800e-01 1.747000000000000072e-03
2.900000000000000000e+01 6.300000000000000000e+01 5.400000000000000000e+01 0.000000000000000000e+00 1.600000000000000089e+00 1.431999999999999896e-03 -2.177999999999999815e-03 9.999970000000000248e-01 -3.587819999999999898e-01 9.334179999999999700e-01 2.546000000000000086e-03 -9.334200000000000275e-01 -3.587839999999999918e-01 5.550000000000000462e-04
5.000000000000000000e+00 2.500000000000000000e+01 5.500000000000000000e+01 0.000000000000000000e+00 1.600000000000000089e+00 3.710000000000000190e-04 5.419000000000000206e-03 -9.999850000000000128e-01 -1.181500000000000085e-02 -9.999149999999999983e-01 -5.422999999999999869e-03 -9.999299999999999855e-01 1.181699999999999938e-02 -3.069999999999999812e-04
1.600000000000000000e+01 2.500000000000000000e+01 5.500000000000000000e+01 0.000000000000000000e+00 1.600000000000000089e+00 1.382999999999999898e-03 -4.279999999999999950e-03 -9.999900000000000455e-01 -1.124299999999999952e-02 -9.999280000000000390e-01 4.264000000000000429e-03 -9.999360000000000470e-01 1.123700000000000046e-02 -1.430999999999999980e-03
2.100000000000000000e+01 2.500000000000000000e+01 5.500000000000000000e+01 0.000000000000000000e+00 1.600000000000000089e+00 -6.629999999999999609e-04 3.669999999999999760e-04 -1.000000000000000000e+00 -1.155600000000000030e-02 -9.999329999999999607e-01 -3.600000000000000227e-04 -9.999329999999999607e-01 1.155600000000000030e-02 6.669999999999999497e-04
2.500000000000000000e+01 2.500000000000000000e+01 5.500000000000000000e+01 0.000000000000000000e+00 1.600000000000000089e+00 -9.550000000000000112e-04 5.429999999999999714e-04 -9.999989999999999712e-01 -1.147300000000000056e-02 -9.999339999999999895e-01 -5.320000000000000293e-04 -9.999339999999999895e-01 1.147199999999999956e-02 9.610000000000000486e-04
2.300000000000000000e+01 6.800000000000000000e+01 5.700000000000000000e+01 0.000000000000000000e+00 1.600000000000000089e+00 2.790000000000000054e-04 -2.985999999999999939e-03 -9.999949999999999672e-01 -2.446830000000000116e-01 -9.695989999999999887e-01 2.827000000000000086e-03 -9.696029999999999927e-01 2.446810000000000096e-01 -1.002000000000000069e-03
4.000000000000000000e+00 2.100000000000000000e+01 6.000000000000000000e+01 0.000000000000000000e+00 1.600000000000000089e+00 -4.299999999999999894e-04 -7.261000000000000093e-03 9.999730000000000008e-01 -9.350899999999999490e-02 9.955920000000000325e-01 7.189000000000000078e-03 -9.956180000000000030e-01 -9.350400000000000378e-02 -1.106999999999999911e-03
1.000000000000000000e+01 2.100000000000000000e+01 6.000000000000000000e+01 0.000000000000000000e+00 1.600000000000000089e+00 4.659999999999999971e-04 -1.614999999999999899e-03 9.999989999999999712e-01 -9.479100000000000026e-02 9.954960000000000475e-01 1.650999999999999907e-03 -9.954969999999999652e-01 -9.479200000000000126e-02 3.110000000000000243e-04
1.600000000000000000e+01 2.100000000000000000e+01 6.000000000000000000e+01 0.000000000000000000e+00 1.600000000000000089e+00 -4.249999999999999763e-04 -3.390999999999999917e-03 9.999940000000000495e-01 -9.781600000000000017e-02 9.951989999999999448e-01 3.333000000000000025e-03 -9.952039999999999775e-01 -9.781399999999999817e-02 -7.550000000000000287e-04
2.100000000000000000e+01 2.100000000000000000e+01 6.000000000000000000e+01 0.000000000000000000e+00 1.600000000000000089e+00 -9.100000000000000287e-05 4.649999999999999620e-03 9.999890000000000168e-01 -9.743100000000000371e-02 9.952320000000000055e-01 -4.636999999999999629e-03 -9.952419999999999600e-01 -9.743000000000000271e-02 3.620000000000000171e-04
1.900000000000000000e+01 6.000000000000000000e+00 6.100000000000000000e+01 0.000000000000000000e+00 1.600000000000000089e+00 4.034000000000000259e-03 -3.016000000000000018e-03 9.999869999999999592e-01 5.685470000000000246e-01 -8.226369999999999516e-01 -4.774999999999999731e-03 8.226409999999999556e-01 5.685590000000000366e-01 -1.603999999999999957e-03
1.400000000000000000e+01 3.000000000000000000e+00 6.300000000000000000e+01 0.000000000000000000e+00 1.600000000000000089e+00 -5.929999999999999941e-04 -2.979999999999999793e-04 1.000000000000000000e+00 -6.193889999999999674e-01 7.850840000000000041e-01 -1.330000000000000073e-04 -7.850840000000000041e-01 -6.193889999999999674e-01 -6.499999999999999702e-04
