2.000000000000000000e+00 2.500000000000000000e+01 1.000000000000000000e+00 0.000000000000000000e+00 1.600000000000000089e+00 -2.030000000000000012e-04 -3.736000000000000171e-03 -9.999930000000000208e-01 -5.217230000000000478e-01 -8.531090000000000062e-01 3.292999999999999920e-03 -8.531149999999999567e-01 5.217199999999999616e-01 -1.776000000000000018e-03
3.000000000000000000e+00 1.500000000000000000e+01 4.000000000000000000e+00 0.000000000000000000e+00 1.600000000000000089e+00 5.000000000000000409e-06 1.683999999999999950e-03 9.999989999999999712e-01 3.280080000000000218e-01 -9.446740000000000137e-01 1.588999999999999918e-03 9.446750000000000425e-01 3.280069999999999930e-01 -5.569999999999999864e-04
7.000000000000000000e+00 1.500000000000000000e+01 4.000000000000000000e+00 0.000000000000000000e+00 1.600000000000000089e+00 -2.615000000000000137e-03 -4.891000000000000382e-03 9.999850000000000128e-01 3.252789999999999848e-01 -9.456109999999999793e-01 -3.775000000000000144e-03 9.456149999999999833e-01 3.252639999999999976e-01 4.063999999999999904e-03
1.000000000000000000e+01 1.500000000000000000e+01 4.000000000000000000e+00 0.000000000000000000e+00 1.600000000000000089e+00 -2.807000000000000033e-03 -4.161999999999999901e-03 9.999869999999999592e-01 3.233340000000000103e-01 -9.462800000000000100e-01 -3.030999999999999840e-03 9.462810000000000388e-01 3.233210000000000250e-01 4.002000000000000349e-03
1.900000000000000000e+01 1.500000000000000000e+01 4.000000000000000000e+00 0.000000000000000000e+00 1.600000000000000089e+00 -5.730000000000000501e-04 -3.621000000000000087e-03 9.999930000000000208e-01 3.239929999999999755e-01 -9.460539999999999505e-01 -3.240999999999999957e-03 9.460589999999999833e-01 3.239890000000000270e-01 1.714999999999999945e-03
2.100000000000000000e+01 1.500000000000000000e+01 4.000000000000000000e+00 0.000000000000000000e+00 1.600000000000000089e+00 1.634999999999999952e-03 2.329999999999999986e-04 9.999989999999999712e-01 3.244290000000000229e-01 -9.459100000000000286e-01 -3.099999999999999999e-04 9.459089999999999998e-01 3.244290000000000229e-01 -1.621999999999999961e-03
1.000000000000000000e+00 1.010000000000000000e+02 7.000000000000000000e+00 0.000000000000000000e+00 1.600000000000000089e+00 -1.273999999999999959e-03 -2.569999999999999802e-03 9.999959999999999960e-01 8.871360000000000356e-01 4.615009999999999946e-01 2.315999999999999916e-03 -4.615049999999999986e-01 8.871360000000000356e-01 1.693000000000000060e-03
1.500000000000000000e+01 1.010000000000000000e+02 7.000000000000000000e+00 0.000000000000000000e+00 1.600000000000000089e+00 -3.926999999999999935e-03 -8.200000000000000095e-05 9.999919999999999920e-01 8.833229999999999693e-01 4.687520000000000020e-01 3.507999999999999834e-03 -4.687490000000000268e-01 8.833299999999999486e-01 -1.768000000000000040e-03
1.900000000000000000e+01 1.010000000000000000e+02 7.000000000000000000e+00 0.000000000000000000e+00 1.600000000000000089e+00 -4.483000000000000006e-03 -1.324999999999999963e-02 9.999019999999999575e-01 8.822830000000000394e-01 4.706080000000000263e-01 1.019100000000000041e-02 -4.706969999999999765e-01 8.822429999999999994e-01 9.580999999999999239e-03
6.000000000000000000e+00 2.500000000000000000e+01 8.000000000000000000e+00 0.000000000000000000e+00 1.600000000000000089e+00 1.146000000000000100e-03 3.635000000000000210e-03 -9.999930000000000208e-01 4.471100000000000074e-01 8.944710000000000161e-01 3.763999999999999985e-03 8.944779999999999953e-01 -4.471109999999999807e-01 -5.999999999999999474e-04
1.000000000000000000e+01 2.500000000000000000e+01 8.000000000000000000e+00 0.000000000000000000e+00 1.600000000000000089e+00 5.739999999999999660e-04 2.075000000000000022e-03 -9.999980000000000535e-01 4.480419999999999958e-01 8.940099999999999714e-01 2.112999999999999861e-03 8.940120000000000289e-01 -4.480419999999999958e-01 -4.159999999999999744e-04
1.800000000000000000e+01 2.500000000000000000e+01 8.000000000000000000e+00 0.000000000000000000e+00 1.600000000000000089e+00 1.600000000000000131e-04 -7.359000000000000090e-03 -9.999730000000000008e-01 4.483219999999999983e-01 8.938490000000000046e-01 -6.505999999999999631e-03 8.938719999999999999e-01 -4.483090000000000130e-01 3.442999999999999880e-03
2.500000000000000000e+01 2.500000000000000000e+01 8.000000000000000000e+00 0.000000000000000000e+00 1.600000000000000089e+00 9.100000000000000016e-04 6.447999999999999739e-03 -9.999789999999999512e-01 4.473449999999999926e-01 8.943400000000000238e-01 6.173999999999999801e-03 8.943609999999999616e-01 -4.473409999999999886e-01 -2.069999999999999792e-03
2.800000000000000000e+01 2.500000000000000000e+01 8.000000000000000000e+00 0.000000000000000000e+00 1.600000000000000089e+00 2.739999999999999923e-04 6.163000000000000075e-03 -9.999810000000000088e-01 4.470990000000000242e-01 8.944670000000000121e-01 5.635000000000000252e-03 8.944849999999999746e-01 -4.470919999999999894e-01 -2.511000000000000211e-03
3.000000000000000000e+00 2.400000000000000000e+01 9.000000000000000000e+00 0.000000000000000000e+00 1.600000000000000089e+00 2.489999999999999809e-04 -3.171999999999999906e-03 -9.999949999999999672e-01 4.475020000000000109e-01 8.942790000000000461e-01 -2.724999999999999992e-03 8.942830000000000501e-01 -4.474989999999999801e-01 1.642000000000000013e-03
9.000000000000000000e+00 2.400000000000000000e+01 9.000000000000000000e+00 0.000000000000000000e+00 1.600000000000000089e+00 6.840000000000000377e-04 6.923000000000000334e-03 -9.999759999999999760e-01 4.509159999999999835e-01 8.925429999999999753e-01 6.487999999999999844e-03 8.925659999999999705e-01 -4.509090000000000042e-01 -2.511000000000000211e-03
1.700000000000000000e+01 2.400000000000000000e+01 9.000000000000000000e+00 0.000000000000000000e+00 1.600000000000000089e+00 2.369999999999999874e-04 -8.094000000000000500e-03 -9.999670000000000503e-01 4.515190000000000037e-01 8.922330000000000538e-01 -7.114999999999999797e-03 8.922609999999999708e-01 -4.515029999999999877e-01 3.866000000000000079e-03
2.400000000000000000e+01 2.400000000000000000e+01 9.000000000000000000e+00 0.000000000000000000e+00 1.600000000000000089e+00 8.589999999999999546e-04 5.023999999999999820e-03 -9.999869999999999592e-01 4.503920000000000146e-01 8.928169999999999717e-01 4.871999999999999595e-03 8.928300000000000125e-01 -4.503909999999999858e-01 -1.495999999999999934e-03
2.900000000000000000e+01 2.400000000000000000e+01 9.000000000000000000e+00 0.000000000000000000e+00 1.600000000000000089e+00 1.269999999999999970e-04 5.054000000000000332e-03 -9.999869999999999592e-01 4.495190000000000019e-01 8.932590000000000252e-01 4.571999999999999675e-03 8.932710000000000372e-01 -4.495140000000000247e-01 -2.158000000000000196e-03
2.200000000000000000e+01 1.020000000000000000e+02 9.000000000000000000e+00 0.000000000000000000e+00 1.600000000000000089e+00 6.440000000000000412e-04 -1.000999999999999937e-03 9.999989999999999712e-01 9.200620000000000465e-01 3.917720000000000091e-01 -2.000000000000000096e-04 -3.917720000000000091e-01 9.200620000000000465e-01 1.172999999999999998e-03
9.000000000000000000e+00 1.200000000000000000e+01 1.000000000000000000e+01 0.000000000000000000e+00 1.600000000000000089e+00 1.502999999999999996e-03 1.988000000000000184e-03 -9.999970000000000248e-01 -5.535470000000000113e-01 -8.328140000000000542e-01 -2.487000000000000061e-03 -8.328160000000000007e-01 5.535489999999999577e-01 -1.510000000000000112e-04
1.400000000000000000e+01 1.200000000000000000e+01 1.000000000000000000e+01 0.000000000000000000e+00 1.600000000000000089e+00 -1.828999999999999897e-03 -8.918000000000000579e-03 -9.999590000000000423e-01 -5.519100000000000117e-01 -8.338609999999999634e-01 8.446000000000000382e-03 -8.339020000000000321e-01 5.519030000000000324e-01 -3.396999999999999846e-03
2.300000000000000000e+01 1.200000000000000000e+01 1.000000000000000000e+01 0.000000000000000000e+00 1.600000000000000089e+00 3.379999999999999758e-04 4.910999999999999567e-03 -9.999879999999999880e-01 -5.505849999999999911e-01 -8.347679999999999545e-01 -4.285999999999999879e-03 -8.347790000000000488e-01 5.505790000000000406e-01 2.422000000000000108e-03
1.400000000000000000e+01 3.100000000000000000e+01 1.200000000000000000e+01 0.000000000000000000e+00 1.600000000000000089e+00 5.330000000000000536e-04 2.180000000000000134e-04 1.000000000000000000e+00 3.625999999999999883e-03 9.999930000000000208e-01 -2.200000000000000078e-04 -9.999930000000000208e-01 3.625999999999999883e-03 5.320000000000000293e-04
2.700000000000000000e+01 3.100000000000000000e+01 1.200000000000000000e+01 0.000000000000000000e+00 1.600000000000000089e+00 -4.350000000000000026e-04 5.910000000000000539e-04 1.000000000000000000e+00 -3.958999999999999846e-03 9.999919999999999920e-01 -5.929999999999999941e-04 -9.999919999999999920e-01 -3.958999999999999846e-03 -4.330000000000000081e-04
6.000000000000000000e+00 3.200000000000000000e+01 1.400000000000000000e+01 0.000000000000000000e+00 1.600000000000000089e+00 2.886999999999999809e-03 -5.980000000000000072e-04 -9.999959999999999960e-01 9.611000000000000099e-02 9.953710000000000058e-01 -3.179999999999999776e-04 9.953670000000000018e-01 -9.610899999999999999e-02 2.931000000000000012e-03
1.200000000000000000e+01 3.200000000000000000e+01 1.400000000000000000e+01 0.000000000000000000e+00 1.600000000000000089e+00 2.311000000000000120e-03 6.499999999999999431e-05 -9.999970000000000248e-01 9.928499999999999825e-02 9.950590000000000268e-01 2.939999999999999905e-04 9.950560000000000516e-01 -9.928499999999999825e-02 2.292999999999999899e-03
1.000000000000000000e+00 1.160000000000000000e+02 1.600000000000000000e+01 0.000000000000000000e+00 1.600000000000000089e+00 2.396999999999999825e-03 4.316999999999999657e-03 9.999879999999999880e-01 6.822939999999999561e-01 7.310630000000000184e-01 -4.792000000000000252e-03 -7.310740000000000016e-01 6.822970000000000423e-01 -1.193000000000000050e-03
1.700000000000000000e+01 1.160000000000000000e+02 1.600000000000000000e+01 0.000000000000000000e+00 1.600000000000000089e+00 -7.829999999999999504e-04 -6.000000000000000152e-06 1.000000000000000000e+00 6.557640000000000136e-01 7.549660000000000259e-01 5.180000000000000143e-04 -7.549660000000000259e-01 6.557640000000000136e-01 -5.869999999999999567e-04
3.000000000000000000e+01 1.160000000000000000e+02 1.600000000000000000e+01 0.000000000000000000e+00 1.600000000000000089e+00 -3.537000000000000213e-03 -3.027000000000000177e-03 9.999890000000000168e-01 6.966820000000000235e-01 7.173650000000000304e-01 4.636000000000000364e-03 -7.173709999999999809e-01 6.966909999999999492e-01 -4.290000000000000193e-04
4.000000000000000000e+00 2.000000000000000000e+00 1.900000000000000000e+01 0.000000000000000000e+00 1.600000000000000089e+00 1.031999999999999931e-03 -9.120000000000000502e-04 -9.999989999999999712e-01 1.876029999999999920e-01 -9.822440000000000060e-01 1.088999999999999907e-03 -9.822440000000000060e-01 -1.876039999999999930e-01 -8.429999999999999993e-04
8.000000000000000000e+00 2.000000000000000000e+00 1.900000000000000000e+01 0.000000000000000000e+00 1.600000000000000089e+00 -4.040000000000000080e-04 1.822999999999999968e-03 -9.999980000000000535e-01 1.887830000000000064e-01 -9.820170000000000288e-01 -1.866000000000000037e-03 -9.820189999999999753e-01 -1.887830000000000064e-01 5.199999999999999680e-05
1.600000000000000000e+01 2.000000000000000000e+00 1.900000000000000000e+01 0.000000000000000000e+00 1.600000000000000089e+00 -6.948000000000000183e-03 -1.425700000000000058e-02 -9.998740000000000405e-01 1.847880000000000078e-01 -9.826960000000000139e-01 1.272799999999999973e-02 -9.827540000000000164e-01 -1.846760000000000068e-01 9.461999999999999925e-03
2.300000000000000000e+01 2.000000000000000000e+00 1.900000000000000000e+01 0.000000000000000000e+00 1.600000000000000089e+00 7.649999999999999465e-04 -1.534800000000000053e-02 -9.998820000000000485e-01 1.835990000000000122e-01 -9.828829999999999512e-01 1.522800000000000022e-02 -9.830010000000000137e-01 -1.835890000000000022e-01 2.066000000000000128e-03
1.300000000000000000e+01 4.000000000000000000e+00 2.000000000000000000e+01 0.000000000000000000e+00 1.600000000000000089e+00 -5.054999999999999598e-03 -4.521999999999999978e-03 -9.999770000000000048e-01 2.778379999999999739e-01 -9.606230000000000047e-01 2.939999999999999905e-03 -9.606149999999999967e-01 -2.778169999999999806e-01 6.112000000000000245e-03
5.000000000000000000e+00 1.300000000000000000e+01 2.000000000000000000e+01 0.000000000000000000e+00 1.600000000000000089e+00 6.260000000000000373e-04 4.739999999999999747e-04 1.000000000000000000e+00 2.558849999999999736e-01 9.667069999999999830e-01 -6.189999999999999756e-04 -9.667069999999999830e-01 2.558849999999999736e-01 4.840000000000000010e-04
8.000000000000000000e+00 1.300000000000000000e+01 2.000000000000000000e+01 0.000000000000000000e+00 1.600000000000000089e+00 6.089999999999999494e-04 -8.390000000000000105e-04 9.999989999999999712e-01 2.549779999999999824e-01 9.669470000000000010e-01 6.560000000000000076e-04 -9.669470000000000010e-01 2.549770000000000092e-01 8.030000000000000028e-04
1.200000000000000000e+01 1.300000000000000000e+01 2.000000000000000000e+01 0.000000000000000000e+00 1.600000000000000089e+00 -1.562000000000000020e-03 2.394999999999999993e-03 9.999959999999999960e-01 2.527190000000000270e-01 9.675380000000000091e-01 -1.922000000000000097e-03 -9.675390000000000379e-01 2.527150000000000230e-01 -2.115999999999999825e-03
2.000000000000000000e+01 1.300000000000000000e+01 2.000000000000000000e+01 0.000000000000000000e+00 1.600000000000000089e+00 -2.768000000000000061e-03 -7.481999999999999935e-03 9.999679999999999680e-01 2.552050000000000152e-01 9.668539999999999912e-01 7.941000000000000142e-03 -9.668830000000000480e-01 2.552189999999999737e-01 -7.669999999999999951e-04
2.600000000000000000e+01 1.300000000000000000e+01 2.000000000000000000e+01 0.000000000000000000e+00 1.600000000000000089e+00 -5.649999999999999641e-04 -2.170000000000000054e-03 9.999970000000000248e-01 2.576979999999999826e-01 9.662230000000000540e-01 2.242000000000000069e-03 -9.662250000000000005e-01 2.576979999999999826e-01 1.299999999999999920e-05
8.000000000000000000e+00 3.000000000000000000e+00 2.500000000000000000e+01 0.000000000000000000e+00 1.600000000000000089e+00 5.609999999999999752e-04 -5.770000000000000389e-04 1.000000000000000000e+00 -7.521899999999999420e-02 -9.971670000000000256e-01 -5.339999999999999695e-04 9.971670000000000256e-01 -7.521899999999999420e-02 -6.030000000000000204e-04
1.400000000000000000e+01 3.000000000000000000e+00 2.500000000000000000e+01 0.000000000000000000e+00 1.600000000000000089e+00 -2.435000000000000098e-03 -9.726999999999999535e-03 9.999500000000000055e-01 -7.056300000000000072e-02 -9.974579999999999558e-01 -9.874000000000000832e-03 9.975039999999999463e-01 -7.058300000000000685e-02 1.742000000000000059e-03
2.400000000000000000e+01 3.000000000000000000e+00 2.500000000000000000e+01 0.000000000000000000e+00 1.600000000000000089e+00 -9.110000000000000259e-04 -1.390899999999999949e-02 9.999029999999999863e-01 -6.597799999999999498e-02 -9.977240000000000553e-01 -1.393900000000000000e-02 9.978209999999999580e-01 -6.598500000000000199e-02 -9.000000000000000228e-06
7.000000000000000000e+00 4.600000000000000000e+01 2.700000000000000000e+01 0.000000000000000000e+00 1.600000000000000089e+00 -2.500000000000000120e-05 4.539999999999999765e-04 -1.000000000000000000e+00 6.717079999999999718e-01 7.408160000000000300e-01 3.190000000000000019e-04 7.408160000000000300e-01 -6.717079999999999718e-01 -3.229999999999999907e-04
1.400000000000000000e+01 4.600000000000000000e+01 2.700000000000000000e+01 0.000000000000000000e+00 1.600000000000000089e+00 -1.330999999999999935e-03 3.209999999999999963e-04 -9.999989999999999712e-01 6.719760000000000177e-01 7.405730000000000368e-01 -6.570000000000000319e-04 7.405720000000000081e-01 -6.719760000000000177e-01 -1.201999999999999943e-03
2.000000000000000000e+01 4.600000000000000000e+01 2.700000000000000000e+01 0.000000000000000000e+00 1.600000000000000089e+00 -2.719999999999999979e-04 -1.090999999999999956e-03 -9.999989999999999712e-01 6.718370000000000175e-01 7.406979999999999675e-01 -9.909999999999999105e-04 7.406989999999999963e-01 -6.718370000000000175e-01 5.320000000000000293e-04
3.000000000000000000e+01 4.600000000000000000e+01 2.700000000000000000e+01 0.000000000000000000e+00 1.600000000000000089e+00 -2.180000000000000134e-04 -5.699999999999999772e-04 -1.000000000000000000e+00 6.768399999999999972e-01 7.361299999999999510e-01 -5.670000000000000127e-04 7.361299999999999510e-01 -6.768399999999999972e-01 2.249999999999999938e-04
1.000000000000000000e+01 4.600000000000000000e+01 3.000000000000000000e+01 0.000000000000000000e+00 1.600000000000000089e+00 1.057999999999999913e-03 -3.589999999999999984e-04 -9.999989999999999712e-01 3.300919999999999965e-01 9.439490000000000380e-01 1.099999999999999971e-05 9.439480000000000093e-01 -3.300910000000000233e-01 1.116999999999999937e-03
2.800000000000000000e+01 4.600000000000000000e+01 3.000000000000000000e+01 0.000000000000000000e+00 1.600000000000000089e+00 1.749999999999999982e-04 -8.509999999999999769e-04 -1.000000000000000000e+00 3.312979999999999814e-01 9.435259999999999758e-01 -7.450000000000000025e-04 9.435259999999999758e-01 -3.312970000000000081e-01 4.470000000000000232e-04
6.000000000000000000e+00 5.800000000000000000e+01 3.100000000000000000e+01 0.000000000000000000e+00 1.600000000000000089e+00 4.139999999999999583e-03 2.847999999999999837e-03 9.999869999999999592e-01 -7.992820000000000480e-01 -6.009349999999999969e-01 5.021000000000000289e-03 6.009419999999999762e-01 -7.992930000000000312e-01 -2.120000000000000031e-04
1.000000000000000000e+01 5.800000000000000000e+01 3.100000000000000000e+01 0.000000000000000000e+00 1.600000000000000089e+00 4.600000000000000004e-05 2.390000000000000089e-04 1.000000000000000000e+00 -7.965069999999999650e-01 -6.046289999999999720e-01 1.810000000000000085e-04 6.046289999999999720e-01 -7.965069999999999650e-01 1.630000000000000047e-04
1.400000000000000000e+01 5.800000000000000000e+01 3.100000000000000000e+01 0.000000000000000000e+00 1.600000000000000089e+00 -2.132999999999999913e-03 -4.847999999999999879e-03 9.999860000000000415e-01 -7.960970000000000546e-01 -6.051509999999999945e-01 -4.631999999999999833e-03 6.051649999999999530e-01 -7.960960000000000258e-01 -2.569000000000000103e-03
1.700000000000000000e+01 5.800000000000000000e+01 3.100000000000000000e+01 0.000000000000000000e+00 1.600000000000000089e+00 -3.795999999999999895e-03 -4.531000000000000305e-03 9.999829999999999552e-01 -7.968330000000000135e-01 -6.041720000000000423e-01 -5.761999999999999761e-03 6.041879999999999473e-01 -7.968410000000000215e-01 -1.317000000000000028e-03
2.200000000000000000e+01 5.800000000000000000e+01 3.100000000000000000e+01 0.000000000000000000e+00 1.600000000000000089e+00 -5.048000000000000403e-03 -2.384999999999999967e-03 9.999839999999999840e-01 -8.009699999999999598e-01 -5.986799999999999899e-01 -5.471000000000000169e-03 5.986839999999999939e-01 -8.009849999999999470e-01 1.111999999999999924e-03
3.000000000000000000e+00 2.300000000000000000e+01 3.400000000000000000e+01 0.000000000000000000e+00 1.600000000000000089e+00 -8.319999999999999488e-04 -1.953000000000000092e-03 9.999980000000000535e-01 3.995520000000000183e-01 -9.167089999999999961e-01 -1.458000000000000095e-03 9.167100000000000248e-01 3.995500000000000163e-01 1.543000000000000101e-03
5.000000000000000000e+00 2.300000000000000000e+01 3.400000000000000000e+01 0.000000000000000000e+00 1.600000000000000089e+00 -1.700000000000000122e-04 -5.386000000000000162e-03 9.999850000000000128e-01 4.004889999999999839e-01 -9.162890000000000201e-01 -4.866999999999999799e-03 9.163019999999999499e-01 4.004820000000000046e-01 2.312999999999999952e-03
1.200000000000000000e+01 2.300000000000000000e+01 3.400000000000000000e+01 0.000000000000000000e+00 1.600000000000000089e+00 1.502999999999999996e-03 2.874999999999999951e-03 9.999949999999999672e-01 4.081299999999999928e-01 -9.129209999999999825e-01 2.011000000000000201e-03 9.129230000000000400e-01 4.081250000000000155e-01 -2.546000000000000086e-03
3.000000000000000000e+00 4.600000000000000000e+01 3.500000000000000000e+01 0.000000000000000000e+00 1.600000000000000089e+00 2.509999999999999753e-04 2.275999999999999811e-03 -9.999970000000000248e-01 3.913490000000000024e-01 -9.202399999999999469e-01 -1.997000000000000077e-03 -9.202420000000000044e-01 -3.913479999999999737e-01 -1.121999999999999950e-03
7.000000000000000000e+00 4.600000000000000000e+01 3.500000000000000000e+01 0.000000000000000000e+00 1.600000000000000089e+00 -7.479999999999999670e-04 -7.619999999999999820e-04 -9.999989999999999712e-01 3.917280000000000206e-01 -9.200810000000000377e-01 4.079999999999999968e-04 -9.200810000000000377e-01 -3.917269999999999919e-01 9.859999999999998974e-04
1.400000000000000000e+01 4.600000000000000000e+01 3.500000000000000000e+01 0.000000000000000000e+00 1.600000000000000089e+00 -3.710000000000000190e-04 3.569000000000000124e-03 -9.999940000000000495e-01 3.942689999999999806e-01 -9.189889999999999448e-01 -3.425999999999999792e-03 -9.189950000000000063e-01 -3.942680000000000073e-01 -1.066000000000000107e-03
1.900000000000000000e+01 4.600000000000000000e+01 3.500000000000000000e+01 0.000000000000000000e+00 1.600000000000000089e+00 1.546000000000000065e-03 4.995000000000000308e-03 -9.999860000000000415e-01 3.957350000000000034e-01 -9.183559999999999501e-01 -3.975000000000000235e-03 -9.183630000000000404e-01 -3.957240000000000202e-01 -3.396999999999999846e-03
2.500000000000000000e+01 4.600000000000000000e+01 3.500000000000000000e+01 0.000000000000000000e+00 1.600000000000000089e+00 -2.278000000000000077e-03 -1.258000000000000004e-03 -9.999970000000000248e-01 3.952709999999999835e-01 -9.185640000000000471e-01 2.550000000000000183e-04 -9.185619999999999896e-01 -3.952689999999999815e-01 2.589999999999999854e-03
6.000000000000000000e+00 9.500000000000000000e+01 3.600000000000000000e+01 0.000000000000000000e+00 1.600000000000000089e+00 -7.119000000000000328e-03 -9.084000000000000061e-03 9.999329999999999607e-01 9.975650000000000350e-01 6.931700000000000361e-02 7.732000000000000157e-03 -6.938300000000000023e-02 9.975530000000000230e-01 8.567999999999999228e-03
1.200000000000000000e+01 9.500000000000000000e+01 3.600000000000000000e+01 0.000000000000000000e+00 1.600000000000000089e+00 -1.350799999999999917e-02 -6.596000000000000300e-03 9.998869999999999703e-01 9.980970000000000120e-01 6.007900000000000046e-02 1.387999999999999998e-02 -6.016400000000000220e-02 9.981719999999999482e-01 5.772000000000000221e-03
1.800000000000000000e+01 9.500000000000000000e+01 3.600000000000000000e+01 0.000000000000000000e+00 1.600000000000000089e+00 8.267000000000000043e-03 2.033599999999999991e-02 9.997589999999999533e-01 9.983699999999999797e-01 5.629900000000000182e-02 -9.400000000000000369e-03 -5.647699999999999942e-02 9.982069999999999554e-01 -1.983700000000000047e-02
2.400000000000000000e+01 9.500000000000000000e+01 3.600000000000000000e+01 0.000000000000000000e+00 1.600000000000000089e+00 7.507999999999999917e-03 1.101000000000000069e-02 9.999109999999999943e-01 9.981269999999999865e-01 6.062599999999999933e-02 -8.162000000000000852e-03 -6.071100000000000108e-02 9.980999999999999872e-01 -1.053399999999999996e-02
2.700000000000000000e+01 9.500000000000000000e+01 3.600000000000000000e+01 0.000000000000000000e+00 1.600000000000000089e+00 7.576000000000000269e-03 4.877000000000000259e-03 9.999590000000000423e-01 9.976679999999999993e-01 6.780300000000000216e-02 -7.889000000000000179e-03 -6.783899999999999653e-02 9.976869999999999905e-01 -4.351999999999999966e-03
4.000000000000000000e+00 2.900000000000000000e+01 4.400000000000000000e+01 0.000000000000000000e+00 1.600000000000000089e+00 2.912999999999999791e-03 3.955000000000000182e-03 -9.999879999999999880e-01 6.680220000000000047e-01 7.441250000000000364e-01 4.889000000000000117e-03 7.441360000000000197e-01 -6.680279999999999552e-01 -4.749999999999999990e-04
1.400000000000000000e+01 2.900000000000000000e+01 4.400000000000000000e+01 0.000000000000000000e+00 1.600000000000000089e+00 -9.009999999999999997e-04 -5.360000000000000181e-04 -9.999989999999999712e-01 6.576570000000000471e-01 7.533170000000000144e-01 -9.959999999999999236e-04 7.533170000000000144e-01 -6.576579999999999648e-01 -3.260000000000000094e-04
1.800000000000000000e+01 2.900000000000000000e+01 4.400000000000000000e+01 0.000000000000000000e+00 1.600000000000000089e+00 -1.779999999999999898e-04 2.988000000000000204e-03 -9.999959999999999960e-01 6.530510000000000481e-01 7.573109999999999564e-01 2.145999999999999904e-03 7.573140000000000427e-01 -6.530479999999999619e-01 -2.086000000000000180e-03
2.100000000000000000e+01 2.900000000000000000e+01 4.400000000000000000e+01 0.000000000000000000e+00 1.600000000000000089e+00 -1.734000000000000081e-03 3.190000000000000019e-04 -9.999989999999999712e-01 6.554100000000000481e-01 7.552729999999999722e-01 -8.949999999999999623e-04 7.552710000000000257e-01 -6.554109999999999658e-01 -1.518000000000000035e-03
2.500000000000000000e+01 2.900000000000000000e+01 4.400000000000000000e+01 0.000000000000000000e+00 1.600000000000000089e+00 -3.494999999999999843e-03 -2.008999999999999935e-03 -9.999919999999999920e-01 6.605429999999999913e-01 7.507779999999999454e-01 -3.817000000000000080e-03 7.507800000000000029e-01 -6.605509999999999993e-01 -1.296999999999999976e-03
2.800000000000000000e+01 2.900000000000000000e+01 4.400000000000000000e+01 0.000000000000000000e+00 1.600000000000000089e+00 -2.608000000000000075e-03 -1.260000000000000052e-03 -9.999959999999999960e-01 6.636109999999999509e-01 7.480729999999999880e-01 -2.674000000000000161e-03 7.480740000000000167e-01 -6.636149999999999549e-01 -1.115000000000000106e-03
2.400000000000000000e+01 7.000000000000000000e+01 4.700000000000000000e+01 0.000000000000000000e+00 1.600000000000000089e+00 2.008999999999999935e-03 -1.214000000000000018e-03 -9.999970000000000248e-01 -8.454340000000000188e-01 -5.340789999999999704e-01 -1.049999999999999935e-03 -5.340759999999999952e-01 8.454340000000000188e-01 -2.099000000000000171e-03
2.000000000000000000e+00 5.000000000000000000e+00 5.100000000000000000e+01 0.000000000000000000e+00 1.600000000000000089e+00 -1.669999999999999935e-04 -9.242999999999999480e-03 -9.999569999999999848e-01 4.881789999999999741e-01 -8.727070000000000105e-01 7.985000000000000778e-03 -8.727430000000000465e-01 -4.881570000000000076e-01 4.657999999999999814e-03
6.000000000000000000e+00 5.000000000000000000e+00 5.100000000000000000e+01 0.000000000000000000e+00 1.600000000000000089e+00 6.639999999999999852e-04 -9.161000000000000740e-03 -9.999580000000000135e-01 4.886159999999999948e-01 -8.724600000000000133e-01 8.316999999999999740e-03 -8.724990000000000245e-01 -4.886010000000000075e-01 3.896999999999999856e-03
9.000000000000000000e+00 5.000000000000000000e+00 5.100000000000000000e+01 0.000000000000000000e+00 1.600000000000000089e+00 1.567999999999999949e-03 -5.513999999999999804e-03 -9.999839999999999840e-01 4.873310000000000142e-01 -8.731989999999999474e-01 5.578999999999999758e-03 -8.732159999999999922e-01 -4.873319999999999874e-01 1.317999999999999944e-03
1.300000000000000000e+01 5.000000000000000000e+00 5.100000000000000000e+01 0.000000000000000000e+00 1.600000000000000089e+00 8.239999999999999712e-04 -3.867000000000000211e-03 -9.999919999999999920e-01 4.820949999999999958e-01 -8.761109999999999731e-01 3.785999999999999869e-03 -8.761189999999999811e-01 -4.820940000000000225e-01 1.142000000000000003e-03
1.900000000000000000e+01 5.000000000000000000e+00 5.100000000000000000e+01 0.000000000000000000e+00 1.600000000000000089e+00 -4.695000000000000388e-03 -1.484399999999999956e-02 -9.998789999999999623e-01 4.847049999999999970e-01 -8.746119999999999450e-01 1.070899999999999977e-02 -8.746650000000000258e-01 -4.845960000000000267e-01 1.130100000000000028e-02
2.200000000000000000e+01 6.000000000000000000e+00 5.100000000000000000e+01 0.000000000000000000e+00 1.600000000000000089e+00 -4.290999999999999676e-03 -1.625499999999999862e-02 -9.998590000000000533e-01 3.162650000000000183e-01 -9.485670000000000490e-01 1.406400000000000011e-02 -9.486609999999999765e-01 -3.161599999999999966e-01 9.211000000000000437e-03
2.500000000000000000e+01 6.000000000000000000e+00 5.100000000000000000e+01 0.000000000000000000e+00 1.600000000000000089e+00 -4.883000000000000188e-03 -1.632300000000000070e-02 -9.998550000000000493e-01 3.146050000000000235e-01 -9.491199999999999637e-01 1.395799999999999992e-02 -9.492099999999999982e-01 -3.144910000000000205e-01 9.769999999999999171e-03
2.900000000000000000e+01 6.000000000000000000e+00 5.100000000000000000e+01 0.000000000000000000e+00 1.600000000000000089e+00 -6.479999999999999649e-03 -1.034599999999999929e-02 -9.999249999999999527e-01 3.189319999999999933e-01 -9.477459999999999773e-01 7.739000000000000219e-03 -9.477550000000000141e-01 -3.188579999999999748e-01 9.440999999999999739e-03
2.800000000000000000e+01 7.000000000000000000e+00 5.200000000000000000e+01 0.000000000000000000e+00 1.600000000000000089e+00 -6.223000000000000233e-03 -8.982999999999999666e-03 -9.999400000000000510e-01 1.166470000000000007e-01 -9.931400000000000228e-01 8.196000000000000160e-03 -9.931539999999999813e-01 -1.165889999999999982e-01 7.229000000000000183e-03
4.000000000000000000e+00 6.300000000000000000e+01 5.400000000000000000e+01 0.000000000000000000e+00 1.600000000000000089e+00 1.708000000000000100e-03 4.657999999999999814e-03 9.999879999999999880e-01 -3.505260000000000042e-01 9.365449999999999608e-01 -3.763999999999999985e-03 -9.365520000000000511e-01 -3.505150000000000210e-01 3.232000000000000064e-03
8.000000000000000000e+00 6.300000000000000000e+01 5.400000000000000000e+01 0.000000000000000000e+00 1.600000000000000089e+00 2.069999999999999900e-04 1.237999999999999951e-03 9.999989999999999712e-01 -3.530240000000000045e-01 9.356139999999999457e-01 -1.085000000000000027e-03 -9.356139999999999457e-01 -3.530229999999999757e-01 6.310000000000000504e-04
1.100000000000000000e+01 6.300000000000000000e+01 5.400000000000000000e+01 0.000000000000000000e+00 1.600000000000000089e+00 -4.389999999999999914e-04 -2.129999999999999949e-03 9.999980000000000535e-01 -3.536380000000000079e-01 9.353799999999999892e-01 1.837000000000000091e-03 -9.353820000000000467e-01 -3.536369999999999791e-01 -1.164000000000000104e-03
1.600000000000000000e+01 6.300000000000000000e+01 5.400000000000000000e+01 0.000000000000000000e+00 1.600000000000000089e+00 -1.075000000000000001e-03 2.109000000000000197e-03 9.999970000000000248e-01 -3.515789999999999749e-01 9.361549999999999594e-01 -2.351999999999999924e-03 -9.361580000000000457e-01 -3.515809999999999769e-01 -2.649999999999999903e-04
2.700000000000000000e+01 6.300000000000000000e+01 5.400000000000000000e+01 0.000000000000000000e+00 1.600000000000000089e+00 -2.199000000000000000e-03 -4.690999999999999857e-03 9.999869999999999592e-01 -3.410940000000000083e-01 9.400220000000000242e-01 3.658999999999999926e-03 -9.400269999999999460e-01 -3.410810000000000231e-01 -3.667999999999999820e-03
6.000000000000000000e+00 2.500000000000000000e+01 5.500000000000000000e+01 0.000000000000000000e+00 1.600000000000000089e+00 -6.639999999999999852e-04 1.499999999999999869e-04 -1.000000000000000000e+00 -1.207199999999999940e-02 -9.999270000000000103e-01 -1.420000000000000092e-04 -9.999270000000000103e-01 1.207100000000000013e-02 6.660000000000000338e-04
2.600000000000000000e+01 2.000000000000000000e+01 6.000000000000000000e+01 0.000000000000000000e+00 1.600000000000000089e+00 -2.719999999999999979e-04 -1.053499999999999923e-02 9.999440000000000550e-01 -6.186400000000000232e-02 9.980290000000000550e-01 1.049800000000000039e-02 -9.980850000000000000e-01 -6.185700000000000226e-02 -9.229999999999999923e-04
1.600000000000000000e+01 2.100000000000000000e+01 6.000000000000000000e+01 0.000000000000000000e+00 1.600000000000000089e+00 -5.789999999999999791e-04 -4.506999999999999722e-03 9.999900000000000455e-01 -9.913199999999999790e-02 9.950639999999999485e-01 4.427999999999999645e-03 -9.950740000000000141e-01 -9.912899999999999490e-02 -1.023000000000000038e-03
2.200000000000000000e+01 2.100000000000000000e+01 6.000000000000000000e+01 0.000000000000000000e+00 1.600000000000000089e+00 -8.199999999999999824e-04 -7.729999999999999892e-03 9.999700000000000255e-01 -9.763299999999999756e-02 9.951929999999999943e-01 7.612999999999999975e-03 -9.952220000000000510e-01 -9.762400000000000244e-02 -1.570999999999999914e-03
2.700000000000000000e+01 2.100000000000000000e+01 6.000000000000000000e+01 0.000000000000000000e+00 1.600000000000000089e+00 2.719999999999999979e-04 -6.428999999999999819e-03 9.999789999999999512e-01 -9.531599999999999795e-02 9.954260000000000330e-01 6.426000000000000288e-03 -9.954469999999999708e-01 -9.531599999999999795e-02 -3.420000000000000188e-04
5.000000000000000000e+00 2.700000000000000000e+01 6.300000000000000000e+01 0.000000000000000000e+00 1.600000000000000089e+00 2.570999999999999935e-03 6.210000000000000242e-04 9.999959999999999960e-01 -2.681529999999999747e-01 9.633760000000000101e-01 9.100000000000000287e-05 -9.633730000000000349e-01 -2.681520000000000015e-01 2.644000000000000083e-03
1.000000000000000000e+01 2.700000000000000000e+01 6.300000000000000000e+01 0.000000000000000000e+00 1.600000000000000089e+00 -1.994000000000000113e-03 7.808999999999999969e-03 9.999679999999999680e-01 -2.701609999999999845e-01 9.627809999999999979e-01 -8.056999999999999926e-03 -9.628130000000000299e-01 -2.701689999999999925e-01 1.900000000000000105e-04
1.500000000000000000e+01 2.700000000000000000e+01 6.300000000000000000e+01 0.000000000000000000e+00 1.600000000000000089e+00 5.209999999999999788e-04 -9.820000000000000170e-04 9.999989999999999712e-01 -2.741709999999999980e-01 9.616799999999999793e-01 1.087000000000000076e-03 -9.616810000000000080e-01 -2.741709999999999980e-01 2.320000000000000014e-04
2.000000000000000000e+01 2.700000000000000000e+01 6.300000000000000000e+01 0.000000000000000000e+00 1.600000000000000089e+00 -3.380000000000000192e-03 -4.274000000000000021e-03 9.999850000000000128e-01 -2.739840000000000053e-01 9.617289999999999450e-01 3.184000000000000198e-03 -9.617280000000000273e-01 -2.739690000000000181e-01 -4.421999999999999716e-03
2.700000000000000000e+01 2.700000000000000000e+01 6.300000000000000000e+01 0.000000000000000000e+00 1.600000000000000089e+00 9.730000000000000151e-04 -2.840000000000000076e-03 9.999949999999999672e-01 -2.780759999999999899e-01 9.605540000000000189e-01 2.997999999999999797e-03 -9.605580000000000229e-01 -2.780779999999999919e-01 1.450000000000000009e-04
6.000000000000000000e+00 2.600000000000000000e+01 6.400000000000000000e+01 0.000000000000000000e+00 1.600000000000000089e+00 1.588000000000000002e-03 1.345999999999999974e-03 9.999980000000000535e-01 -3.491170000000000107e-01 9.370789999999999953e-01 -7.069999999999999462e-04 -9.370779999999999665e-01 -3.491150000000000087e-01 1.958000000000000105e-03
9.000000000000000000e+00 2.600000000000000000e+01 6.400000000000000000e+01 0.000000000000000000e+00 1.600000000000000089e+00 -1.562999999999999936e-03 5.916000000000000252e-03 9.999810000000000088e-01 -3.520820000000000061e-01 9.359490000000000309e-01 -6.087999999999999662e-03 -9.359680000000000222e-01 -3.520849999999999813e-01 6.199999999999999999e-04
1.400000000000000000e+01 2.600000000000000000e+01 6.400000000000000000e+01 0.000000000000000000e+00 1.600000000000000089e+00 5.039999999999999992e-04 2.624000000000000030e-03 9.999959999999999960e-01 -3.573979999999999935e-01 9.339490000000000292e-01 -2.271000000000000015e-03 -9.339520000000000044e-01 -3.573959999999999915e-01 1.407999999999999963e-03
1.900000000000000000e+01 2.600000000000000000e+01 6.400000000000000000e+01 0.000000000000000000e+00 1.600000000000000089e+00 -2.105000000000000100e-03 -2.956999999999999993e-03 9.999930000000000208e-01 -3.554919999999999747e-01 9.346769999999999801e-01 2.014999999999999864e-03 -9.346769999999999801e-01 -3.554849999999999954e-01 -3.017999999999999849e-03
3.000000000000000000e+00 2.500000000000000000e+01 7.300000000000000000e+01 0.000000000000000000e+00 1.600000000000000089e+00 3.017000000000000150e-03 4.180999999999999821e-03 9.999869999999999592e-01 7.412680000000000380e-01 -6.712089999999999446e-01 5.699999999999999772e-04 6.712029999999999941e-01 7.412560000000000260e-01 -5.125000000000000215e-03
1.000000000000000000e+01 2.500000000000000000e+01 7.300000000000000000e+01 0.000000000000000000e+00 1.600000000000000089e+00 -1.294000000000000011e-03 5.349999999999999938e-04 9.999989999999999712e-01 7.438730000000000064e-01 -6.683200000000000252e-01 1.319999999999999993e-03 6.683200000000000252e-01 7.438740000000000352e-01 4.670000000000000214e-04
1.600000000000000000e+01 2.500000000000000000e+01 7.300000000000000000e+01 0.000000000000000000e+00 1.600000000000000089e+00 9.009999999999999997e-04 1.704000000000000003e-03 9.999980000000000535e-01 7.456850000000000422e-01 -6.662989999999999746e-01 4.640000000000000027e-04 6.662979999999999459e-01 7.456829999999999847e-01 -1.871000000000000050e-03
2.100000000000000000e+01 2.500000000000000000e+01 7.300000000000000000e+01 0.000000000000000000e+00 1.600000000000000089e+00 8.299999999999999815e-05 -6.019999999999999961e-04 1.000000000000000000e+00 7.499200000000000310e-01 -6.615280000000000049e-01 -4.609999999999999840e-04 6.615280000000000049e-01 7.499200000000000310e-01 3.970000000000000005e-04
2.700000000000000000e+01 2.500000000000000000e+01 7.300000000000000000e+01 0.000000000000000000e+00 1.600000000000000089e+00 1.928000000000000026e-03 4.505000000000000324e-03 9.999879999999999880e-01 7.493459999999999566e-01 -6.621770000000000156e-01 1.538000000000000088e-03 6.621759999999999868e-01 7.493339999999999446e-01 -4.653000000000000018e-03
4.000000000000000000e+00 4.400000000000000000e+01 7.300000000000000000e+01 0.000000000000000000e+00 1.600000000000000089e+00 -6.799999999999999946e-05 -1.659000000000000101e-03 9.999989999999999712e-01 4.374399999999999816e-02 -9.990409999999999568e-01 -1.654000000000000088e-03 9.990430000000000144e-01 4.374399999999999816e-02 1.410000000000000120e-04
9.000000000000000000e+00 4.400000000000000000e+01 7.300000000000000000e+01 0.000000000000000000e+00 1.600000000000000089e+00 3.020000000000000223e-04 -6.980000000000000527e-04 1.000000000000000000e+00 4.619700000000000195e-02 -9.989320000000000421e-01 -7.110000000000000434e-04 9.989320000000000421e-01 4.619700000000000195e-02 -2.689999999999999791e-04
1.300000000000000000e+01 4.400000000000000000e+01 7.300000000000000000e+01 0.000000000000000000e+00 1.600000000000000089e+00 2.460000000000000164e-04 -2.364999999999999915e-03 9.999970000000000248e-01 4.755899999999999711e-02 -9.988660000000000316e-01 -2.373999999999999808e-03 9.988679999999999781e-01 4.755899999999999711e-02 -1.330000000000000073e-04
1.500000000000000000e+01 4.400000000000000000e+01 7.300000000000000000e+01 0.000000000000000000e+00 1.600000000000000089e+00 2.689999999999999791e-04 -1.420000000000000038e-03 9.999989999999999712e-01 4.803000000000000325e-02 -9.988449999999999829e-01 -1.430999999999999980e-03 9.988460000000000116e-01 4.803000000000000325e-02 -2.000000000000000096e-04
1.800000000000000000e+01 4.400000000000000000e+01 7.300000000000000000e+01 0.000000000000000000e+00 1.600000000000000089e+00 4.519999999999999821e-04 6.600000000000000506e-05 1.000000000000000000e+00 4.892400000000000221e-02 -9.988029999999999964e-01 4.399999999999999886e-05 9.988019999999999676e-01 4.892400000000000221e-02 -4.550000000000000008e-04
