3.000000000000000000e+00 1.600000000000000000e+01 4.000000000000000000e+00 0.000000000000000000e+00 1.600000000000000089e+00 5.090000000000000123e-04 -7.929000000000000284e-03 9.999679999999999680e-01 3.183699999999999863e-01 -9.479349999999999721e-01 -7.679000000000000062e-03 9.479659999999999753e-01 3.183639999999999803e-01 2.041999999999999978e-03
1.400000000000000000e+01 1.600000000000000000e+01 4.000000000000000000e+00 0.000000000000000000e+00 1.600000000000000089e+00 -1.938999999999999968e-03 -1.175900000000000035e-02 9.999289999999999567e-01 3.150510000000000255e-01 -9.490159999999999707e-01 -1.054899999999999935e-02 9.490730000000000555e-01 3.150089999999999835e-01 5.544000000000000317e-03
1.900000000000000000e+01 1.600000000000000000e+01 4.000000000000000000e+00 0.000000000000000000e+00 1.600000000000000089e+00 2.785000000000000149e-03 -1.399199999999999923e-02 9.998979999999999535e-01 3.130749999999999922e-01 -9.496229999999999949e-01 -1.416099999999999998e-02 9.497240000000000126e-01 3.130830000000000002e-01 1.735999999999999913e-03
2.200000000000000000e+01 1.600000000000000000e+01 4.000000000000000000e+00 0.000000000000000000e+00 1.600000000000000089e+00 2.573999999999999899e-03 -1.940400000000000111e-02 9.998080000000000300e-01 3.147389999999999910e-01 -9.489840000000000497e-01 -1.922799999999999856e-02 9.491749999999999909e-01 3.147280000000000078e-01 3.664000000000000156e-03
2.700000000000000000e+01 1.600000000000000000e+01 4.000000000000000000e+00 0.000000000000000000e+00 1.600000000000000089e+00 3.379000000000000059e-03 -1.660500000000000170e-02 9.998559999999999670e-01 3.232180000000000053e-01 -9.461749999999999883e-01 -1.680600000000000149e-02 9.463190000000000213e-01 3.232280000000000153e-01 2.170000000000000054e-03
1.000000000000000000e+01 1.010000000000000000e+02 7.000000000000000000e+00 0.000000000000000000e+00 1.600000000000000089e+00 -1.069999999999999988e-04 -9.518999999999999684e-03 9.999550000000000383e-01 8.865389999999999660e-01 4.626319999999999877e-01 4.499000000000000395e-03 -4.626540000000000097e-01 8.864990000000000370e-01 8.389000000000000623e-03
1.500000000000000000e+01 1.010000000000000000e+02 7.000000000000000000e+00 0.000000000000000000e+00 1.600000000000000089e+00 2.869000000000000022e-03 4.028999999999999596e-03 9.999879999999999880e-01 8.856880000000000308e-01 4.642600000000000060e-01 -4.412000000000000123e-03 -4.642729999999999912e-01 8.856899999999999773e-01 -2.236000000000000140e-03
1.200000000000000000e+01 1.500000000000000000e+01 8.000000000000000000e+00 0.000000000000000000e+00 1.600000000000000089e+00 -3.534999999999999948e-03 -1.027100000000000062e-02 -9.999409999999999688e-01 -5.663939999999999531e-01 -8.240680000000000227e-01 1.046700000000000061e-02 -8.241270000000000540e-01 5.663979999999999571e-01 -2.903999999999999897e-03
1.600000000000000000e+01 1.500000000000000000e+01 8.000000000000000000e+00 0.000000000000000000e+00 1.600000000000000089e+00 -4.498000000000000262e-03 -9.315999999999999628e-03 -9.999460000000000015e-01 -5.655480000000000507e-01 -8.246520000000000516e-01 1.022699999999999998e-02 -8.247029999999999639e-01 5.655639999999999556e-01 -1.559999999999999972e-03
1.900000000000000000e+01 1.500000000000000000e+01 8.000000000000000000e+00 0.000000000000000000e+00 1.600000000000000089e+00 -7.599999999999999985e-03 -1.155100000000000050e-02 -9.999040000000000150e-01 -5.656400000000000317e-01 -8.245360000000000467e-01 1.382500000000000048e-02 -8.246170000000000444e-01 5.656910000000000549e-01 -2.669999999999999847e-04
2.300000000000000000e+01 1.500000000000000000e+01 8.000000000000000000e+00 0.000000000000000000e+00 1.600000000000000089e+00 -7.969999999999999654e-03 -1.839599999999999916e-02 -9.997989999999999933e-01 -5.680709999999999926e-01 -8.227440000000000309e-01 1.966599999999999945e-02 -8.229410000000000336e-01 5.681140000000000079e-01 -3.893000000000000193e-03
2.700000000000000000e+01 1.500000000000000000e+01 8.000000000000000000e+00 0.000000000000000000e+00 1.600000000000000089e+00 -7.074999999999999692e-03 -1.979500000000000010e-02 -9.997789999999999733e-01 -5.710739999999999705e-01 -8.206480000000000441e-01 2.028900000000000148e-02 -8.208680000000000421e-01 5.710910000000000153e-01 -5.498000000000000283e-03
3.000000000000000000e+00 2.600000000000000000e+01 8.000000000000000000e+00 0.000000000000000000e+00 1.600000000000000089e+00 4.590999999999999595e-03 -8.434999999999999790e-03 -9.999540000000000095e-01 4.272920000000000051e-01 9.040960000000000107e-01 -5.663999999999999764e-03 9.041019999999999612e-01 -4.272460000000000147e-01 7.754999999999999741e-03
9.000000000000000000e+00 2.600000000000000000e+01 8.000000000000000000e+00 0.000000000000000000e+00 1.600000000000000089e+00 2.099000000000000171e-03 4.226999999999999855e-03 -9.999890000000000168e-01 4.252940000000000054e-01 9.050430000000000419e-01 4.717999999999999972e-03 9.050529999999999964e-01 -4.252989999999999826e-01 1.019999999999999992e-04
1.600000000000000000e+01 2.600000000000000000e+01 8.000000000000000000e+00 0.000000000000000000e+00 1.600000000000000089e+00 1.905999999999999925e-03 8.281000000000000166e-03 -9.999639999999999640e-01 4.237199999999999855e-01 9.057549999999999768e-01 8.309000000000000413e-03 9.057910000000000128e-01 -4.237210000000000143e-01 -1.781999999999999947e-03
2.100000000000000000e+01 2.600000000000000000e+01 8.000000000000000000e+00 0.000000000000000000e+00 1.600000000000000089e+00 5.781999999999999813e-03 2.561099999999999835e-02 -9.996549999999999603e-01 4.206389999999999851e-01 9.068650000000000322e-01 2.566699999999999884e-02 9.072099999999999609e-01 -4.206420000000000159e-01 -5.530000000000000193e-03
2.400000000000000000e+01 2.600000000000000000e+01 8.000000000000000000e+00 0.000000000000000000e+00 1.600000000000000089e+00 6.906999999999999945e-03 2.122900000000000134e-02 -9.997509999999999453e-01 4.174039999999999973e-01 9.084499999999999797e-01 2.217399999999999927e-02 9.086950000000000305e-01 -4.174530000000000185e-01 -2.586000000000000191e-03
2.000000000000000000e+00 1.400000000000000000e+01 9.000000000000000000e+00 0.000000000000000000e+00 1.600000000000000089e+00 -2.736000000000000151e-03 -1.556300000000000044e-02 -9.998749999999999583e-01 -5.588370000000000282e-01 -8.291520000000000001e-01 1.443400000000000065e-02 -8.292730000000000379e-01 5.588060000000000249e-01 -6.428999999999999819e-03
1.000000000000000000e+01 1.400000000000000000e+01 9.000000000000000000e+00 0.000000000000000000e+00 1.600000000000000089e+00 -2.922000000000000118e-03 -5.667000000000000162e-03 -9.999799999999999800e-01 -5.607779999999999987e-01 -8.279419999999999558e-01 6.330999999999999822e-03 -8.279609999999999470e-01 5.607849999999999779e-01 -7.590000000000000175e-04
1.600000000000000000e+01 1.400000000000000000e+01 9.000000000000000000e+00 0.000000000000000000e+00 1.600000000000000089e+00 -5.107000000000000428e-03 -1.135199999999999924e-02 -9.999230000000000063e-01 -5.616090000000000249e-01 -8.273120000000000474e-01 1.226099999999999933e-02 -8.273869999999999836e-01 5.616280000000000161e-01 -2.150000000000000001e-03
2.000000000000000000e+01 3.100000000000000000e+01 1.200000000000000000e+01 0.000000000000000000e+00 1.600000000000000089e+00 1.641000000000000097e-03 2.004999999999999838e-03 9.999970000000000248e-01 -1.483300000000000070e-02 9.998879999999999990e-01 -1.981000000000000122e-03 -9.998890000000000278e-01 -1.482999999999999943e-02 1.670000000000000043e-03
2.600000000000000000e+01 3.100000000000000000e+01 1.200000000000000000e+01 0.000000000000000000e+00 1.600000000000000089e+00 1.036999999999999944e-03 9.579999999999999757e-04 9.999989999999999712e-01 -1.399399999999999950e-02 9.999019999999999575e-01 -9.430000000000000448e-04 -9.999019999999999575e-01 -1.399300000000000023e-02 1.049999999999999935e-03
1.000000000000000000e+00 3.200000000000000000e+01 1.400000000000000000e+01 0.000000000000000000e+00 1.600000000000000089e+00 1.760700000000000112e-02 -3.507899999999999907e-02 -9.992290000000000338e-01 1.062629999999999963e-01 9.937899999999999512e-01 -3.301500000000000268e-02 9.941820000000000102e-01 -1.055999999999999994e-01 2.122500000000000081e-02
1.200000000000000000e+01 1.200000000000000000e+01 1.500000000000000000e+01 0.000000000000000000e+00 1.600000000000000089e+00 -8.419999999999999750e-04 -5.118000000000000153e-03 -9.999869999999999592e-01 -4.653510000000000146e-01 -8.851130000000000386e-01 4.922000000000000160e-03 -8.851259999999999684e-01 4.653490000000000126e-01 -1.637000000000000000e-03
1.800000000000000000e+01 1.200000000000000000e+01 1.500000000000000000e+01 0.000000000000000000e+00 1.600000000000000089e+00 -4.044999999999999984e-03 -6.620000000000000016e-03 -9.999700000000000255e-01 -4.690309999999999757e-01 -8.831480000000000441e-01 7.742999999999999883e-03 -8.831719999999999571e-01 4.690480000000000205e-01 4.670000000000000214e-04
2.800000000000000000e+01 1.200000000000000000e+01 1.500000000000000000e+01 0.000000000000000000e+00 1.600000000000000089e+00 -3.501000000000000206e-03 -5.869000000000000085e-03 -9.999770000000000048e-01 -4.728180000000000160e-01 -8.811339999999999728e-01 6.826999999999999735e-03 -8.811529999999999641e-01 4.728310000000000013e-01 3.089999999999999756e-04
1.000000000000000000e+00 2.000000000000000000e+00 1.900000000000000000e+01 0.000000000000000000e+00 1.600000000000000089e+00 -1.031000000000000015e-03 -7.990000000000000140e-04 -9.999989999999999712e-01 1.316869999999999985e-01 -9.912910000000000332e-01 6.570000000000000319e-04 -9.912910000000000332e-01 -1.316869999999999985e-01 1.126999999999999964e-03
1.000000000000000000e+01 2.000000000000000000e+00 1.900000000000000000e+01 0.000000000000000000e+00 1.600000000000000089e+00 -1.060000000000000016e-04 -1.301999999999999989e-03 -9.999989999999999712e-01 1.375339999999999896e-01 -9.904960000000000431e-01 1.275000000000000092e-03 -9.904969999999999608e-01 -1.375329999999999886e-01 2.840000000000000185e-04
1.200000000000000000e+01 2.000000000000000000e+00 1.900000000000000000e+01 0.000000000000000000e+00 1.600000000000000089e+00 -6.059999999999999849e-04 -1.765000000000000076e-03 -9.999980000000000535e-01 1.415379999999999971e-01 -9.899310000000000054e-01 1.660999999999999933e-03 -9.899329999999999519e-01 -1.415369999999999961e-01 8.499999999999999526e-04
1.500000000000000000e+01 2.000000000000000000e+00 1.900000000000000000e+01 0.000000000000000000e+00 1.600000000000000089e+00 -1.413999999999999892e-03 -1.183999999999999940e-03 -9.999980000000000535e-01 1.458359999999999934e-01 -9.893079999999999652e-01 9.650000000000000374e-04 -9.893079999999999652e-01 -1.458339999999999914e-01 1.572000000000000047e-03
2.500000000000000000e+01 2.000000000000000000e+00 1.900000000000000000e+01 0.000000000000000000e+00 1.600000000000000089e+00 2.213999999999999822e-03 -3.188999999999999994e-03 -9.999919999999999920e-01 1.541659999999999975e-01 -9.880390000000000006e-01 3.491999999999999878e-03 -9.880419999999999758e-01 -1.541730000000000045e-01 -1.696000000000000025e-03
2.900000000000000000e+01 2.000000000000000000e+00 1.900000000000000000e+01 0.000000000000000000e+00 1.600000000000000089e+00 1.879000000000000028e-03 -1.155699999999999956e-02 -9.999310000000000143e-01 1.588859999999999995e-01 -9.872279999999999944e-01 1.170900000000000066e-02 -9.872950000000000337e-01 -1.588970000000000105e-01 -1.900000000000000105e-05
2.000000000000000000e+00 1.300000000000000000e+01 2.000000000000000000e+01 0.000000000000000000e+00 1.600000000000000089e+00 -1.874999999999999931e-03 -1.614999999999999899e-03 9.999970000000000248e-01 2.492030000000000078e-01 9.684490000000000043e-01 2.030999999999999819e-03 -9.684500000000000330e-01 2.492060000000000108e-01 -1.413999999999999892e-03
7.000000000000000000e+00 1.300000000000000000e+01 2.000000000000000000e+01 0.000000000000000000e+00 1.600000000000000089e+00 -1.988000000000000184e-03 -3.889000000000000096e-03 9.999900000000000455e-01 2.518179999999999863e-01 9.677649999999999864e-01 4.264000000000000429e-03 -9.677719999999999656e-01 2.518239999999999923e-01 -9.439999999999999607e-04
1.300000000000000000e+01 1.300000000000000000e+01 2.000000000000000000e+01 0.000000000000000000e+00 1.600000000000000089e+00 4.449999999999999746e-04 -1.337000000000000081e-03 9.999989999999999712e-01 2.518659999999999788e-01 9.677620000000000111e-01 1.182000000000000108e-03 -9.677620000000000111e-01 2.518650000000000055e-01 7.669999999999999951e-04
1.900000000000000000e+01 1.300000000000000000e+01 2.000000000000000000e+01 0.000000000000000000e+00 1.600000000000000089e+00 1.142999999999999919e-03 5.124000000000000082e-03 9.999860000000000415e-01 2.531180000000000097e-01 9.674209999999999754e-01 -5.245999999999999795e-03 -9.674350000000000449e-01 2.531209999999999849e-01 -1.910000000000000077e-04
2.500000000000000000e+01 1.300000000000000000e+01 2.000000000000000000e+01 0.000000000000000000e+00 1.600000000000000089e+00 8.100000000000000375e-05 3.462999999999999932e-03 9.999940000000000495e-01 2.519529999999999825e-01 9.677339999999999831e-01 -3.371999999999999997e-03 -9.677390000000000159e-01 2.519520000000000093e-01 -7.950000000000000252e-04
1.000000000000000000e+01 1.600000000000000000e+01 2.100000000000000000e+01 0.000000000000000000e+00 1.600000000000000089e+00 -5.289999999999999564e-04 -5.367000000000000243e-03 9.999850000000000128e-01 2.998930000000000207e-01 9.539579999999999727e-01 5.278999999999999838e-03 -9.539729999999999599e-01 2.998919999999999919e-01 1.105000000000000079e-03
2.500000000000000000e+01 1.600000000000000000e+01 2.100000000000000000e+01 0.000000000000000000e+00 1.600000000000000089e+00 -6.070000000000000092e-04 -1.325999999999999922e-03 9.999989999999999712e-01 2.976539999999999742e-01 9.546729999999999938e-01 1.446000000000000020e-03 -9.546740000000000226e-01 2.976539999999999742e-01 -1.849999999999999973e-04
1.400000000000000000e+01 4.600000000000000000e+01 2.700000000000000000e+01 0.000000000000000000e+00 1.600000000000000089e+00 1.804999999999999964e-03 4.960000000000000216e-04 -9.999980000000000535e-01 6.654679999999999485e-01 7.464250000000000052e-01 1.570999999999999914e-03 7.464239999999999764e-01 -6.654689999999999772e-01 1.016999999999999892e-03
2.100000000000000000e+01 4.600000000000000000e+01 2.700000000000000000e+01 0.000000000000000000e+00 1.600000000000000089e+00 1.224999999999999960e-03 2.150000000000000001e-03 -9.999970000000000248e-01 6.776269999999999794e-01 7.354020000000000001e-01 2.412000000000000081e-03 7.354049999999999754e-01 -6.776280000000000081e-01 -5.559999999999999621e-04
2.500000000000000000e+01 4.600000000000000000e+01 2.700000000000000000e+01 0.000000000000000000e+00 1.600000000000000089e+00 1.935000000000000088e-03 1.301999999999999989e-03 -9.999970000000000248e-01 6.847370000000000401e-01 7.287869999999999626e-01 2.273999999999999980e-03 7.287879999999999914e-01 -6.847389999999999866e-01 5.180000000000000143e-04
2.900000000000000000e+01 4.600000000000000000e+01 2.700000000000000000e+01 0.000000000000000000e+00 1.600000000000000089e+00 3.347000000000000149e-03 8.940000000000000464e-04 -9.999940000000000495e-01 6.831660000000000510e-01 7.302570000000000450e-01 2.939000000000000206e-03 7.302549999999999875e-01 -6.831720000000000015e-01 1.833999999999999910e-03
6.000000000000000000e+00 4.600000000000000000e+01 3.000000000000000000e+01 0.000000000000000000e+00 1.600000000000000089e+00 -9.309999999999999699e-04 -1.407000000000000048e-03 -9.999989999999999712e-01 3.226410000000000111e-01 9.465200000000000280e-01 -1.631999999999999987e-03 9.465209999999999457e-01 -3.226419999999999844e-01 -4.270000000000000249e-04
1.600000000000000000e+01 4.600000000000000000e+01 3.000000000000000000e+01 0.000000000000000000e+00 1.600000000000000089e+00 8.030000000000000028e-04 1.190000000000000058e-04 -1.000000000000000000e+00 3.241049999999999764e-01 9.460210000000000008e-01 3.730000000000000134e-04 9.460210000000000008e-01 -3.241049999999999764e-01 7.209999999999999612e-04
2.000000000000000000e+01 4.600000000000000000e+01 3.000000000000000000e+01 0.000000000000000000e+00 1.600000000000000089e+00 -6.030000000000000204e-04 6.589999999999999721e-04 -1.000000000000000000e+00 3.314810000000000256e-01 9.434620000000000228e-01 4.220000000000000118e-04 9.434620000000000228e-01 -3.314810000000000256e-01 -7.870000000000000476e-04
2.700000000000000000e+01 4.600000000000000000e+01 3.000000000000000000e+01 0.000000000000000000e+00 1.600000000000000089e+00 2.141000000000000108e-03 1.763000000000000027e-03 -9.999959999999999960e-01 3.358510000000000106e-01 9.419119999999999715e-01 2.379000000000000038e-03 9.419130000000000003e-01 -3.358550000000000146e-01 1.423999999999999919e-03
3.000000000000000000e+00 5.800000000000000000e+01 3.100000000000000000e+01 0.000000000000000000e+00 1.600000000000000089e+00 -3.186000000000000030e-03 -6.041999999999999628e-03 9.999770000000000048e-01 -7.694290000000000296e-01 -6.387009999999999632e-01 -6.309999999999999637e-03 6.387249999999999872e-01 -7.694309999999999761e-01 -2.614000000000000004e-03
6.000000000000000000e+00 5.800000000000000000e+01 3.100000000000000000e+01 0.000000000000000000e+00 1.600000000000000089e+00 -3.761000000000000020e-03 -4.851000000000000277e-03 9.999810000000000088e-01 -7.700690000000000035e-01 -6.379329999999999723e-01 -5.990999999999999798e-03 6.379500000000000171e-01 -7.700770000000000115e-01 -1.337000000000000081e-03
9.000000000000000000e+00 5.800000000000000000e+01 3.100000000000000000e+01 0.000000000000000000e+00 1.600000000000000089e+00 -5.523000000000000131e-03 -4.353000000000000098e-03 9.999749999999999472e-01 -7.698180000000000023e-01 -6.382250000000000423e-01 -7.029999999999999791e-03 6.382400000000000295e-01 -7.698369999999999935e-01 1.740000000000000010e-04
1.300000000000000000e+01 5.800000000000000000e+01 3.100000000000000000e+01 0.000000000000000000e+00 1.600000000000000089e+00 -4.584000000000000401e-03 -5.418000000000000073e-03 9.999749999999999472e-01 -7.713309999999999889e-01 -6.363959999999999617e-01 -6.983999999999999757e-03 6.364180000000000392e-01 -7.713440000000000296e-01 -1.262000000000000101e-03
1.600000000000000000e+01 5.800000000000000000e+01 3.100000000000000000e+01 0.000000000000000000e+00 1.600000000000000089e+00 -2.226000000000000114e-03 -5.091000000000000039e-03 9.999850000000000128e-01 -7.726950000000000207e-01 -6.347580000000000444e-01 -4.951999999999999805e-03 6.347730000000000317e-01 -7.726939999999999920e-01 -2.520999999999999804e-03
2.400000000000000000e+01 5.800000000000000000e+01 3.100000000000000000e+01 0.000000000000000000e+00 1.600000000000000089e+00 -2.592000000000000120e-03 -7.280000000000000230e-04 9.999959999999999960e-01 -7.779570000000000096e-01 -6.283130000000000104e-01 -2.474000000000000071e-03 6.283119999999999816e-01 -7.779610000000000136e-01 1.062000000000000010e-03
3.000000000000000000e+01 5.800000000000000000e+01 3.100000000000000000e+01 0.000000000000000000e+00 1.600000000000000089e+00 -4.303999999999999666e-03 -3.714999999999999986e-03 9.999839999999999840e-01 -7.850620000000000376e-01 -6.193910000000000249e-01 -5.680000000000000153e-03 6.194020000000000081e-01 -7.850740000000000496e-01 -2.509999999999999753e-04
9.000000000000000000e+00 6.000000000000000000e+00 3.200000000000000000e+01 0.000000000000000000e+00 1.600000000000000089e+00 1.551999999999999994e-03 1.948000000000000079e-03 -9.999970000000000248e-01 2.298260000000000025e-01 9.732290000000000108e-01 2.252000000000000095e-03 9.732309999999999572e-01 -2.298280000000000045e-01 1.062999999999999926e-03
1.900000000000000000e+01 6.000000000000000000e+00 3.200000000000000000e+01 0.000000000000000000e+00 1.600000000000000089e+00 -3.150000000000000131e-04 3.911999999999999679e-03 -9.999919999999999920e-01 1.996729999999999894e-01 9.798550000000000315e-01 3.771000000000000046e-03 9.798630000000000395e-01 -1.996699999999999864e-01 -1.090000000000000040e-03
6.000000000000000000e+00 4.600000000000000000e+01 3.500000000000000000e+01 0.000000000000000000e+00 1.600000000000000089e+00 -1.179999999999999951e-04 -5.228000000000000008e-03 -9.999860000000000415e-01 3.851829999999999976e-01 -9.228279999999999816e-01 4.780000000000000394e-03 -9.228399999999999936e-01 -3.851769999999999916e-01 2.122000000000000188e-03
1.100000000000000000e+01 4.600000000000000000e+01 3.500000000000000000e+01 0.000000000000000000e+00 1.600000000000000089e+00 -7.720000000000000083e-04 7.960000000000000495e-04 -9.999989999999999712e-01 3.854830000000000201e-01 -9.227140000000000342e-01 -1.031999999999999931e-03 -9.227149999999999519e-01 -3.854830000000000201e-01 4.060000000000000024e-04
1.400000000000000000e+01 4.600000000000000000e+01 3.500000000000000000e+01 0.000000000000000000e+00 1.600000000000000089e+00 6.059999999999999849e-04 -2.118000000000000091e-03 -9.999980000000000535e-01 3.869179999999999842e-01 -9.221120000000000427e-01 2.187999999999999841e-03 -9.221139999999999892e-01 -3.869179999999999842e-01 2.610000000000000015e-04
2.100000000000000000e+01 4.600000000000000000e+01 3.500000000000000000e+01 0.000000000000000000e+00 1.600000000000000089e+00 -1.810000000000000085e-04 5.143000000000000002e-03 -9.999869999999999592e-01 3.875549999999999828e-01 -9.218340000000000423e-01 -4.811000000000000172e-03 -9.218469999999999720e-01 -3.875509999999999788e-01 -1.825999999999999932e-03
2.600000000000000000e+01 4.600000000000000000e+01 3.500000000000000000e+01 0.000000000000000000e+00 1.600000000000000089e+00 -7.879999999999999635e-04 -9.280000000000000054e-04 -9.999989999999999712e-01 3.872889999999999944e-01 -9.219580000000000553e-01 5.500000000000000331e-04 -9.219580000000000553e-01 -3.872880000000000211e-01 1.085999999999999943e-03
3.000000000000000000e+00 9.500000000000000000e+01 3.600000000000000000e+01 0.000000000000000000e+00 1.600000000000000089e+00 -3.269999999999999903e-03 -4.113999999999999602e-03 9.999860000000000415e-01 9.963929999999999731e-01 8.478600000000000025e-02 3.606999999999999963e-03 -8.480000000000000038e-02 9.963910000000000267e-01 3.821999999999999877e-03
8.000000000000000000e+00 9.500000000000000000e+01 3.600000000000000000e+01 0.000000000000000000e+00 1.600000000000000089e+00 -8.930000000000000221e-04 -2.766999999999999928e-03 9.999959999999999960e-01 9.963490000000000402e-01 8.536299999999999444e-02 1.126000000000000048e-03 -8.536599999999999744e-02 9.963459999999999539e-01 2.680999999999999790e-03
1.100000000000000000e+01 9.500000000000000000e+01 3.600000000000000000e+01 0.000000000000000000e+00 1.600000000000000089e+00 -1.510000000000000112e-04 -7.830999999999999420e-03 9.999689999999999968e-01 9.961830000000000407e-01 8.728400000000000047e-02 8.339999999999999974e-04 -8.728800000000000447e-02 9.961529999999999552e-01 7.787999999999999784e-03
1.800000000000000000e+01 9.500000000000000000e+01 3.600000000000000000e+01 0.000000000000000000e+00 1.600000000000000089e+00 6.206999999999999844e-03 1.001600000000000060e-02 9.999310000000000143e-01 9.965509999999999646e-01 8.268100000000000449e-02 -7.015000000000000402e-03 -8.274600000000000011e-02 9.965260000000000229e-01 -9.468000000000000721e-03
2.100000000000000000e+01 9.500000000000000000e+01 3.600000000000000000e+01 0.000000000000000000e+00 1.600000000000000089e+00 3.556999999999999832e-03 2.775999999999999822e-03 9.999900000000000455e-01 9.961170000000000302e-01 8.795699999999999352e-02 -3.787000000000000002e-03 -8.796700000000000352e-02 9.961200000000000054e-01 -2.452999999999999885e-03
2.600000000000000000e+01 9.500000000000000000e+01 3.600000000000000000e+01 0.000000000000000000e+00 1.600000000000000089e+00 -2.577999999999999996e-03 -6.080000000000000335e-03 9.999780000000000335e-01 9.960560000000000525e-01 8.867099999999999982e-02 3.106999999999999953e-03 -8.868800000000000294e-02 9.960419999999999829e-01 5.826999999999999715e-03
1.000000000000000000e+00 3.000000000000000000e+00 4.300000000000000000e+01 0.000000000000000000e+00 1.600000000000000089e+00 -5.303000000000000422e-03 -1.056999999999999997e-03 -9.999850000000000128e-01 7.365730000000000333e-01 -6.763510000000000355e-01 -3.190999999999999826e-03 -6.763369999999999660e-01 -7.365789999999999837e-01 4.364999999999999956e-03
5.000000000000000000e+00 3.000000000000000000e+00 4.300000000000000000e+01 0.000000000000000000e+00 1.600000000000000089e+00 -1.273000000000000043e-03 -2.484999999999999796e-03 -9.999959999999999960e-01 7.358980000000000521e-01 -6.770920000000000272e-01 7.460000000000000268e-04 -6.770909999999999984e-01 -7.358940000000000481e-01 2.690000000000000117e-03
1.300000000000000000e+01 3.000000000000000000e+00 4.300000000000000000e+01 0.000000000000000000e+00 1.600000000000000089e+00 2.149999999999999947e-04 1.146100000000000070e-02 -9.999339999999999895e-01 7.372229999999999617e-01 -6.756069999999999576e-01 -7.584999999999999729e-03 -6.756490000000000551e-01 -7.371729999999999672e-01 -8.595000000000000209e-03
2.000000000000000000e+01 3.000000000000000000e+00 4.300000000000000000e+01 0.000000000000000000e+00 1.600000000000000089e+00 3.880999999999999901e-03 1.363999999999999935e-02 -9.998989999999999823e-01 7.298350000000000115e-01 -6.835919999999999774e-01 -6.492999999999999640e-03 -6.836119999999999974e-01 -7.297360000000000513e-01 -1.260799999999999942e-02
2.300000000000000000e+01 3.000000000000000000e+00 4.300000000000000000e+01 0.000000000000000000e+00 1.600000000000000089e+00 -1.874000000000000015e-03 -7.474999999999999874e-03 -9.999700000000000255e-01 7.302939999999999987e-01 -6.831230000000000357e-01 3.738000000000000003e-03 -6.831300000000000150e-01 -7.302650000000000530e-01 6.739000000000000198e-03
1.300000000000000000e+01 8.000000000000000000e+00 4.400000000000000000e+01 0.000000000000000000e+00 1.600000000000000089e+00 8.869999999999999846e-04 4.742999999999999820e-03 9.999879999999999880e-01 -7.683999999999999719e-01 -6.399589999999999446e-01 3.716999999999999818e-03 6.399690000000000101e-01 -7.683950000000000502e-01 3.076999999999999874e-03
2.500000000000000000e+01 8.000000000000000000e+00 4.400000000000000000e+01 0.000000000000000000e+00 1.600000000000000089e+00 2.517999999999999839e-03 -5.360000000000000181e-04 9.999970000000000248e-01 -7.775109999999999522e-01 -6.288679999999999826e-01 1.619999999999999912e-03 6.288650000000000073e-01 -7.775119999999999809e-01 -2.000000000000000042e-03
5.000000000000000000e+00 2.900000000000000000e+01 4.400000000000000000e+01 0.000000000000000000e+00 1.600000000000000089e+00 9.000000000000000228e-06 -4.183000000000000086e-03 -9.999909999999999632e-01 6.588589999999999725e-01 7.522600000000000398e-01 -3.139999999999999996e-03 7.522659999999999902e-01 -6.588530000000000220e-01 2.762999999999999831e-03
8.000000000000000000e+00 2.900000000000000000e+01 4.400000000000000000e+01 0.000000000000000000e+00 1.600000000000000089e+00 -1.283000000000000069e-03 -7.270000000000000420e-03 -9.999730000000000008e-01 6.596509999999999874e-01 7.515460000000000473e-01 -6.309999999999999637e-03 7.515709999999999891e-01 -6.596410000000000329e-01 3.831999999999999903e-03
1.200000000000000000e+01 2.900000000000000000e+01 4.400000000000000000e+01 0.000000000000000000e+00 1.600000000000000089e+00 -9.600000000000000243e-05 -4.872999999999999728e-03 -9.999879999999999880e-01 6.597239999999999771e-01 7.514990000000000281e-01 -3.725000000000000012e-03 7.515079999999999538e-01 -6.597169999999999979e-01 3.142999999999999960e-03
2.200000000000000000e+01 2.900000000000000000e+01 4.400000000000000000e+01 0.000000000000000000e+00 1.600000000000000089e+00 3.860999999999999849e-03 3.569000000000000124e-03 -9.999860000000000415e-01 6.714409999999999545e-01 7.410390000000000033e-01 5.237000000000000335e-03 7.410480000000000400e-01 -6.714520000000000488e-01 4.650000000000000270e-04
2.800000000000000000e+01 2.900000000000000000e+01 4.400000000000000000e+01 0.000000000000000000e+00 1.600000000000000089e+00 1.830000000000000029e-03 5.420000000000000338e-03 -9.999839999999999840e-01 6.736940000000000150e-01 7.389919999999999822e-01 5.237999999999999601e-03 7.390079999999999982e-01 -6.736929999999999863e-01 -2.298999999999999828e-03
2.500000000000000000e+01 6.500000000000000000e+01 4.600000000000000000e+01 0.000000000000000000e+00 1.600000000000000089e+00 -2.367000000000000180e-03 1.730999999999999900e-03 9.999959999999999960e-01 6.839939999999999909e-01 -7.294819999999999638e-01 2.882000000000000013e-03 7.294840000000000213e-01 6.839979999999999949e-01 5.429999999999999714e-04
8.000000000000000000e+00 7.000000000000000000e+01 4.700000000000000000e+01 0.000000000000000000e+00 1.600000000000000089e+00 -2.010000000000000068e-04 1.142999999999999919e-03 -9.999989999999999712e-01 -8.429219999999999491e-01 -5.380359999999999587e-01 -4.459999999999999989e-04 -5.380359999999999587e-01 8.429210000000000313e-01 1.072000000000000036e-03
1.600000000000000000e+01 5.000000000000000000e+00 5.100000000000000000e+01 0.000000000000000000e+00 1.600000000000000089e+00 4.049999999999999781e-04 6.956999999999999643e-03 -9.999759999999999760e-01 4.735369999999999857e-01 -8.807540000000000369e-01 -5.936000000000000304e-03 -8.807739999999999458e-01 -4.735230000000000272e-01 -3.651999999999999864e-03
2.600000000000000000e+01 5.000000000000000000e+00 5.100000000000000000e+01 0.000000000000000000e+00 1.600000000000000089e+00 -2.005999999999999971e-03 9.044999999999999221e-03 -9.999569999999999848e-01 4.768930000000000113e-01 -8.789160000000000306e-01 -8.906999999999999987e-03 -8.789590000000000458e-01 -4.768899999999999806e-01 -2.550999999999999882e-03
6.000000000000000000e+00 1.500000000000000000e+01 5.300000000000000000e+01 0.000000000000000000e+00 1.600000000000000089e+00 2.203999999999999796e-03 4.107999999999999673e-03 -9.999890000000000168e-01 6.756029999999999536e-01 7.372509999999999897e-01 4.518000000000000314e-03 7.372619999999999729e-01 -6.756060000000000398e-01 -1.149999999999999981e-03
5.000000000000000000e+00 6.300000000000000000e+01 5.400000000000000000e+01 0.000000000000000000e+00 1.600000000000000089e+00 1.010000000000000047e-03 -1.309999999999999967e-03 9.999989999999999712e-01 -3.588970000000000216e-01 9.333759999999999835e-01 1.585000000000000037e-03 -9.333770000000000122e-01 -3.588979999999999948e-01 4.719999999999999803e-04
1.100000000000000000e+01 6.300000000000000000e+01 5.400000000000000000e+01 0.000000000000000000e+00 1.600000000000000089e+00 -1.417999999999999990e-03 -2.614000000000000004e-03 9.999959999999999960e-01 -3.521989999999999843e-01 9.359229999999999494e-01 1.946999999999999946e-03 -9.359239999999999782e-01 -3.521949999999999803e-01 -2.247999999999999998e-03
1.600000000000000000e+01 6.300000000000000000e+01 5.400000000000000000e+01 0.000000000000000000e+00 1.600000000000000089e+00 -2.829999999999999942e-04 5.500000000000000196e-05 1.000000000000000000e+00 -3.524269999999999903e-01 9.358389999999999764e-01 -1.510000000000000112e-04 -9.358389999999999764e-01 -3.524269999999999903e-01 -2.449999999999999921e-04
2.000000000000000000e+01 6.300000000000000000e+01 5.400000000000000000e+01 0.000000000000000000e+00 1.600000000000000089e+00 -7.010000000000000172e-04 1.026000000000000002e-03 9.999989999999999712e-01 -3.516589999999999994e-01 9.361270000000000424e-01 -1.206999999999999957e-03 -9.361279999999999601e-01 -3.516599999999999726e-01 -2.950000000000000148e-04
2.500000000000000000e+01 6.300000000000000000e+01 5.400000000000000000e+01 0.000000000000000000e+00 1.600000000000000089e+00 1.530000000000000056e-04 -1.600000000000000077e-03 9.999989999999999712e-01 -3.501610000000000000e-01 9.366879999999999651e-01 1.551999999999999994e-03 -9.366889999999999938e-01 -3.501610000000000000e-01 -4.169999999999999987e-04
7.000000000000000000e+00 2.500000000000000000e+01 5.500000000000000000e+01 0.000000000000000000e+00 1.600000000000000089e+00 1.200000000000000030e-04 2.433999999999999966e-03 -9.999970000000000248e-01 -9.445999999999999536e-03 -9.999519999999999520e-01 -2.435000000000000098e-03 -9.999550000000000383e-01 9.445999999999999536e-03 -9.699999999999999963e-05
1.400000000000000000e+01 2.500000000000000000e+01 5.500000000000000000e+01 0.000000000000000000e+00 1.600000000000000089e+00 -3.519999999999999908e-04 -4.000000000000000083e-03 -9.999919999999999920e-01 -1.111099999999999935e-02 -9.999299999999999855e-01 4.003999999999999747e-03 -9.999379999999999935e-01 1.111200000000000035e-02 3.080000000000000055e-04
1.800000000000000000e+01 2.500000000000000000e+01 5.500000000000000000e+01 0.000000000000000000e+00 1.600000000000000089e+00 -4.000000000000000192e-04 3.784000000000000037e-03 -9.999930000000000208e-01 -1.198100000000000033e-02 -9.999209999999999487e-01 -3.778999999999999807e-03 -9.999280000000000390e-01 1.197900000000000006e-02 4.449999999999999746e-04
2.100000000000000000e+01 2.500000000000000000e+01 5.500000000000000000e+01 0.000000000000000000e+00 1.600000000000000089e+00 -3.759999999999999779e-04 3.246999999999999886e-03 -9.999949999999999672e-01 -1.213499999999999995e-02 -9.999209999999999487e-01 -3.242000000000000090e-03 -9.999259999999999815e-01 1.213400000000000069e-02 4.150000000000000043e-04
2.700000000000000000e+01 2.500000000000000000e+01 5.500000000000000000e+01 0.000000000000000000e+00 1.600000000000000089e+00 1.606000000000000006e-03 1.052999999999999900e-03 -9.999980000000000535e-01 -1.088300000000000031e-02 -9.999400000000000510e-01 -1.069999999999999988e-03 -9.999400000000000510e-01 1.088500000000000058e-02 -1.593999999999999931e-03
2.800000000000000000e+01 5.800000000000000000e+01 5.900000000000000000e+01 0.000000000000000000e+00 1.600000000000000089e+00 3.004999999999999859e-03 7.119999999999999593e-04 -9.999949999999999672e-01 3.882200000000000095e-01 9.215649999999999675e-01 1.822999999999999968e-03 9.215619999999999923e-01 -3.882240000000000135e-01 2.492999999999999990e-03
1.000000000000000000e+00 7.000000000000000000e+00 6.000000000000000000e+01 0.000000000000000000e+00 1.600000000000000089e+00 -3.660000000000000059e-04 -4.310000000000000137e-04 1.000000000000000000e+00 5.650880000000000347e-01 -8.250309999999999588e-01 -1.479999999999999925e-04 8.250309999999999588e-01 5.650870000000000060e-01 5.450000000000000200e-04
5.000000000000000000e+00 7.000000000000000000e+00 6.000000000000000000e+01 0.000000000000000000e+00 1.600000000000000089e+00 4.375999999999999682e-03 3.687000000000000173e-03 9.999839999999999840e-01 5.623299999999999965e-01 -8.269130000000000091e-01 5.879999999999999810e-04 8.269020000000000259e-01 5.623179999999999845e-01 -5.692000000000000011e-03
2.400000000000000000e+01 7.000000000000000000e+00 6.000000000000000000e+01 0.000000000000000000e+00 1.600000000000000089e+00 -3.913999999999999944e-03 3.320000000000000034e-03 9.999869999999999592e-01 5.659739999999999771e-01 -8.244080000000000297e-01 4.951999999999999805e-03 8.244139999999999802e-01 5.659859999999999891e-01 1.347000000000000107e-03
3.000000000000000000e+00 2.100000000000000000e+01 6.000000000000000000e+01 0.000000000000000000e+00 1.600000000000000089e+00 3.899999999999999929e-05 3.667999999999999820e-03 9.999930000000000208e-01 -9.728799999999999948e-02 9.952499999999999680e-01 -3.647000000000000068e-03 -9.952560000000000295e-01 -9.728699999999999848e-02 3.959999999999999762e-04
7.000000000000000000e+00 2.100000000000000000e+01 6.000000000000000000e+01 0.000000000000000000e+00 1.600000000000000089e+00 -2.249999999999999938e-04 2.396999999999999825e-03 9.999970000000000248e-01 -9.702600000000000113e-02 9.952790000000000248e-01 -2.407999999999999984e-03 -9.952820000000000000e-01 -9.702600000000000113e-02 9.000000000000000228e-06
2.300000000000000000e+01 2.100000000000000000e+01 6.000000000000000000e+01 0.000000000000000000e+00 1.600000000000000089e+00 -1.912000000000000071e-03 -1.481799999999999957e-02 9.998879999999999990e-01 -9.442300000000000693e-02 9.954260000000000330e-01 1.457100000000000062e-02 -9.955300000000000260e-01 -9.438399999999999568e-02 -3.302999999999999946e-03
2.900000000000000000e+01 2.100000000000000000e+01 6.000000000000000000e+01 0.000000000000000000e+00 1.600000000000000089e+00 1.172999999999999998e-03 2.121000000000000055e-03 9.999970000000000248e-01 -9.373900000000000288e-02 9.955950000000000077e-01 -2.001000000000000174e-03 -9.955960000000000365e-01 -9.373700000000000088e-02 1.366000000000000027e-03
4.000000000000000000e+00 4.000000000000000000e+00 6.200000000000000000e+01 0.000000000000000000e+00 1.600000000000000089e+00 -3.996000000000000420e-03 1.299999999999999920e-05 9.999919999999999920e-01 -6.139040000000000052e-01 7.893769999999999953e-01 -2.464000000000000044e-03 -7.893710000000000448e-01 -6.139090000000000380e-01 -3.145999999999999925e-03
1.200000000000000000e+01 4.000000000000000000e+00 6.200000000000000000e+01 0.000000000000000000e+00 1.600000000000000089e+00 -2.990000000000000036e-04 8.108000000000000623e-03 9.999670000000000503e-01 -6.168029999999999902e-01 7.870899999999999563e-01 -6.565999999999999788e-03 -7.871179999999999843e-01 -6.167850000000000277e-01 4.766000000000000271e-03
7.000000000000000000e+00 2.700000000000000000e+01 6.300000000000000000e+01 0.000000000000000000e+00 1.600000000000000089e+00 2.211999999999999991e-03 -1.319999999999999993e-03 9.999970000000000248e-01 -2.713470000000000049e-01 9.624800000000000022e-01 1.871000000000000050e-03 -9.624789999999999734e-01 -2.713510000000000089e-01 1.770000000000000089e-03
1.300000000000000000e+01 2.700000000000000000e+01 6.300000000000000000e+01 0.000000000000000000e+00 1.600000000000000089e+00 1.781000000000000031e-03 -8.063999999999999987e-03 9.999660000000000215e-01 -2.766710000000000003e-01 9.609290000000000331e-01 8.241999999999999327e-03 -9.609630000000000116e-01 -2.766759999999999775e-01 -5.199999999999999544e-04
1.800000000000000000e+01 2.700000000000000000e+01 6.300000000000000000e+01 0.000000000000000000e+00 1.600000000000000089e+00 -1.090000000000000067e-04 1.987000000000000051e-03 9.999980000000000535e-01 -2.748570000000000180e-01 9.614829999999999766e-01 -1.940000000000000101e-03 -9.614850000000000341e-01 -2.748570000000000180e-01 4.409999999999999858e-04
2.400000000000000000e+01 2.700000000000000000e+01 6.300000000000000000e+01 0.000000000000000000e+00 1.600000000000000089e+00 -1.221000000000000080e-03 -8.101000000000000562e-03 9.999660000000000215e-01 -2.718300000000000161e-01 9.623159999999999492e-01 7.465000000000000281e-03 -9.623450000000000060e-01 -2.718119999999999981e-01 -3.376999999999999794e-03
2.800000000000000000e+01 2.700000000000000000e+01 6.300000000000000000e+01 0.000000000000000000e+00 1.600000000000000089e+00 1.382999999999999898e-03 -6.884000000000000362e-03 9.999749999999999472e-01 -2.707419999999999827e-01 9.626259999999999817e-01 7.001000000000000278e-03 -9.626510000000000344e-01 -2.707450000000000134e-01 -5.320000000000000293e-04
7.000000000000000000e+00 2.600000000000000000e+01 6.400000000000000000e+01 0.000000000000000000e+00 1.600000000000000089e+00 1.936000000000000004e-03 -3.544999999999999974e-03 9.999919999999999920e-01 -3.405020000000000269e-01 9.402350000000000430e-01 3.991999999999999889e-03 -9.402420000000000222e-01 -3.405070000000000041e-01 6.130000000000000466e-04
1.200000000000000000e+01 2.600000000000000000e+01 6.400000000000000000e+01 0.000000000000000000e+00 1.600000000000000089e+00 3.550000000000000204e-03 -1.019899999999999973e-02 9.999419999999999975e-01 -3.442040000000000100e-01 9.388330000000000286e-01 1.079800000000000031e-02 -9.388879999999999448e-01 -3.442219999999999724e-01 -1.779999999999999898e-04
1.900000000000000000e+01 2.600000000000000000e+01 6.400000000000000000e+01 0.000000000000000000e+00 1.600000000000000089e+00 -1.405999999999999915e-03 1.056999999999999997e-03 9.999980000000000535e-01 -3.447680000000000189e-01 9.386870000000000491e-01 -1.477000000000000014e-03 -9.386870000000000491e-01 -3.447700000000000209e-01 -9.550000000000000112e-04
