8.000000000000000000e+00 2.500000000000000000e+01 1.000000000000000000e+00 0.000000000000000000e+00 1.600000000000000089e+00 -1.510000000000000112e-04 -3.265000000000000107e-03 -9.999949999999999672e-01 -5.225079999999999725e-01 -8.526299999999999990e-01 2.863000000000000093e-03 -8.526350000000000318e-01 5.225049999999999972e-01 -1.577999999999999976e-03
4.000000000000000000e+00 1.500000000000000000e+01 4.000000000000000000e+00 0.000000000000000000e+00 1.600000000000000089e+00 -2.492999999999999990e-03 -7.082999999999999886e-03 9.999719999999999720e-01 3.120919999999999805e-01 -9.500330000000000163e-01 -5.950999999999999693e-03 9.500490000000000324e-01 3.120689999999999853e-01 4.578999999999999737e-03
1.000000000000000000e+01 1.500000000000000000e+01 4.000000000000000000e+00 0.000000000000000000e+00 1.600000000000000089e+00 5.209999999999999788e-04 1.606999999999999922e-03 9.999989999999999712e-01 3.071510000000000074e-01 -9.516599999999999504e-01 1.369999999999999907e-03 9.516609999999999792e-01 3.071490000000000054e-01 -9.899999999999999946e-04
1.400000000000000000e+01 1.500000000000000000e+01 4.000000000000000000e+00 0.000000000000000000e+00 1.600000000000000089e+00 -7.640000000000000306e-04 -1.445000000000000104e-03 9.999989999999999712e-01 3.091369999999999951e-01 -9.510170000000000012e-01 -1.137999999999999906e-03 9.510170000000000012e-01 3.091360000000000219e-01 1.172999999999999998e-03
2.100000000000000000e+01 1.500000000000000000e+01 4.000000000000000000e+00 0.000000000000000000e+00 1.600000000000000089e+00 -6.780999999999999701e-03 -1.375499999999999987e-02 9.998820000000000485e-01 2.990760000000000085e-01 -9.541650000000000409e-01 -1.109800000000000023e-02 9.542049999999999699e-01 2.989649999999999808e-01 1.058399999999999966e-02
2.600000000000000000e+01 1.500000000000000000e+01 4.000000000000000000e+00 0.000000000000000000e+00 1.600000000000000089e+00 -6.250000000000000130e-04 -1.763999999999999943e-03 9.999980000000000535e-01 2.972110000000000030e-01 -9.548109999999999653e-01 -1.498999999999999898e-03 9.548119999999999941e-01 2.972090000000000010e-01 1.121000000000000035e-03
2.700000000000000000e+01 4.000000000000000000e+00 5.000000000000000000e+00 0.000000000000000000e+00 1.600000000000000089e+00 -5.889000000000000137e-03 -2.363600000000000076e-02 9.997030000000000083e-01 2.259770000000000112e-01 -9.738909999999999512e-01 -2.169400000000000148e-02 9.741149999999999531e-01 2.257820000000000105e-01 1.107600000000000078e-02
1.900000000000000000e+01 1.010000000000000000e+02 7.000000000000000000e+00 0.000000000000000000e+00 1.600000000000000089e+00 -7.477000000000000139e-03 -4.479999999999999933e-04 9.999719999999999720e-01 8.792600000000000415e-01 4.762930000000000219e-01 6.787999999999999763e-03 -4.762830000000000119e-01 8.792860000000000120e-01 -3.167999999999999809e-03
2.600000000000000000e+01 1.010000000000000000e+02 7.000000000000000000e+00 0.000000000000000000e+00 1.600000000000000089e+00 3.991999999999999889e-03 -6.381000000000000387e-03 9.999719999999999720e-01 8.783520000000000216e-01 4.780139999999999945e-01 -4.560000000000000251e-04 -4.779979999999999785e-01 8.783290000000000264e-01 7.511999999999999580e-03
2.000000000000000000e+00 2.500000000000000000e+01 8.000000000000000000e+00 0.000000000000000000e+00 1.600000000000000089e+00 2.602000000000000146e-03 2.320000000000000014e-03 -9.999940000000000495e-01 4.470919999999999894e-01 8.944819999999999993e-01 3.239000000000000126e-03 8.944839999999999458e-01 -4.470970000000000222e-01 1.289999999999999914e-03
9.000000000000000000e+00 2.500000000000000000e+01 8.000000000000000000e+00 0.000000000000000000e+00 1.600000000000000089e+00 7.969999999999999654e-04 4.840999999999999817e-03 -9.999879999999999880e-01 4.444620000000000237e-01 8.957850000000000534e-01 4.689999999999999725e-03 8.957969999999999544e-01 -4.444609999999999950e-01 -1.438000000000000042e-03
1.400000000000000000e+01 2.500000000000000000e+01 8.000000000000000000e+00 0.000000000000000000e+00 1.600000000000000089e+00 1.822999999999999968e-03 1.229999999999999974e-03 -9.999980000000000535e-01 4.452400000000000246e-01 8.954090000000000105e-01 1.912999999999999987e-03 8.954090000000000105e-01 -4.452429999999999999e-01 1.083999999999999894e-03
1.900000000000000000e+01 2.500000000000000000e+01 8.000000000000000000e+00 0.000000000000000000e+00 1.600000000000000089e+00 1.113999999999999973e-03 3.030000000000000141e-03 -9.999949999999999672e-01 4.439270000000000160e-01 8.960569999999999924e-01 3.210000000000000180e-03 8.960620000000000251e-01 -4.439279999999999893e-01 -3.469999999999999777e-04
2.300000000000000000e+01 2.500000000000000000e+01 8.000000000000000000e+00 0.000000000000000000e+00 1.600000000000000089e+00 -1.121000000000000035e-03 2.279999999999999909e-03 -9.999970000000000248e-01 4.433239999999999958e-01 8.963600000000000456e-01 1.546999999999999981e-03 8.963609999999999634e-01 -4.433210000000000206e-01 -2.015999999999999997e-03
9.000000000000000000e+00 2.400000000000000000e+01 9.000000000000000000e+00 0.000000000000000000e+00 1.600000000000000089e+00 5.490000000000000088e-04 5.380000000000000233e-03 -9.999850000000000128e-01 4.467050000000000187e-01 8.946669999999999900e-01 5.059000000000000129e-03 8.946809999999999485e-01 -4.467010000000000147e-01 -1.912000000000000071e-03
1.400000000000000000e+01 2.400000000000000000e+01 9.000000000000000000e+00 0.000000000000000000e+00 1.600000000000000089e+00 1.575000000000000011e-03 2.776999999999999955e-03 -9.999949999999999672e-01 4.472709999999999742e-01 8.943929999999999936e-01 3.187999999999999862e-03 8.943969999999999976e-01 -4.472740000000000049e-01 1.659999999999999963e-04
1.900000000000000000e+01 2.400000000000000000e+01 9.000000000000000000e+00 0.000000000000000000e+00 1.600000000000000089e+00 1.317999999999999944e-03 2.948000000000000100e-03 -9.999949999999999672e-01 4.466269999999999962e-01 8.947140000000000093e-01 3.226999999999999834e-03 8.947190000000000420e-01 -4.466289999999999982e-01 -1.369999999999999961e-04
2.300000000000000000e+01 2.400000000000000000e+01 9.000000000000000000e+00 0.000000000000000000e+00 1.600000000000000089e+00 -8.909999999999999734e-04 3.108000000000000086e-03 -9.999949999999999672e-01 4.456499999999999906e-01 8.952039999999999997e-01 2.384999999999999967e-03 8.952069999999999750e-01 -4.456459999999999866e-01 -2.181999999999999912e-03
2.000000000000000000e+00 3.100000000000000000e+01 1.200000000000000000e+01 0.000000000000000000e+00 1.600000000000000089e+00 2.985999999999999939e-03 1.103299999999999940e-02 9.999350000000000183e-01 -1.127399999999999930e-02 9.998759999999999870e-01 -1.099900000000000010e-02 -9.999320000000000430e-01 -1.124099999999999926e-02 3.109999999999999917e-03
7.000000000000000000e+00 3.100000000000000000e+01 1.200000000000000000e+01 0.000000000000000000e+00 1.600000000000000089e+00 3.550000000000000204e-03 6.740999999999999596e-03 9.999710000000000543e-01 -6.153999999999999748e-03 9.999590000000000423e-01 -6.719000000000000146e-03 -9.999749999999999472e-01 -6.130000000000000032e-03 3.591000000000000008e-03
9.000000000000000000e+00 1.160000000000000000e+02 1.600000000000000000e+01 0.000000000000000000e+00 1.600000000000000089e+00 1.090000000000000040e-03 2.566000000000000138e-03 9.999959999999999960e-01 6.880730000000000457e-01 7.256369999999999765e-01 -2.612000000000000172e-03 -7.256399999999999517e-01 6.880730000000000457e-01 -9.749999999999999552e-04
2.000000000000000000e+01 1.160000000000000000e+02 1.600000000000000000e+01 0.000000000000000000e+00 1.600000000000000089e+00 7.759999999999999971e-04 -1.467999999999999904e-03 9.999989999999999712e-01 7.035740000000000327e-01 7.106219999999999759e-01 4.979999999999999618e-04 -7.106219999999999759e-01 7.035730000000000040e-01 1.583999999999999905e-03
2.700000000000000000e+01 1.160000000000000000e+02 1.600000000000000000e+01 0.000000000000000000e+00 1.600000000000000089e+00 -1.286999999999999950e-03 5.500000000000000331e-04 9.999989999999999712e-01 6.989090000000000025e-01 7.152100000000000124e-01 5.060000000000000478e-04 -7.152089999999999836e-01 6.989090000000000025e-01 -1.304999999999999953e-03
3.000000000000000000e+00 2.000000000000000000e+00 1.900000000000000000e+01 0.000000000000000000e+00 1.600000000000000089e+00 2.320000000000000014e-04 3.677000000000000147e-03 -9.999930000000000208e-01 1.801679999999999948e-01 -9.836289999999999756e-01 -3.575000000000000053e-03 -9.836359999999999548e-01 -1.801649999999999918e-01 -8.909999999999999734e-04
1.100000000000000000e+01 2.000000000000000000e+00 1.900000000000000000e+01 0.000000000000000000e+00 1.600000000000000089e+00 2.520000000000000104e-03 -2.186000000000000009e-03 -9.999940000000000495e-01 1.814679999999999904e-01 -9.833929999999999616e-01 2.606999999999999942e-03 -9.833939999999999904e-01 -1.814729999999999954e-01 -2.082000000000000083e-03
1.800000000000000000e+01 2.000000000000000000e+00 1.900000000000000000e+01 0.000000000000000000e+00 1.600000000000000089e+00 -1.832000000000000078e-03 8.576999999999999555e-03 -9.999620000000000175e-01 1.856180000000000052e-01 -9.825829999999999842e-01 -8.767999999999999752e-03 -9.826200000000000490e-01 -1.856269999999999865e-01 2.079999999999999872e-04
2.300000000000000000e+01 2.000000000000000000e+00 1.900000000000000000e+01 0.000000000000000000e+00 1.600000000000000089e+00 9.299999999999999727e-05 9.615000000000000283e-03 -9.999540000000000095e-01 1.904720000000000024e-01 -9.816470000000000473e-01 -9.421000000000000554e-03 -9.816930000000000378e-01 -1.904629999999999934e-01 -1.923000000000000013e-03
2.700000000000000000e+01 2.000000000000000000e+00 1.900000000000000000e+01 0.000000000000000000e+00 1.600000000000000089e+00 3.570999999999999956e-03 -1.197299999999999927e-02 -9.999219999999999775e-01 1.922349999999999892e-01 -9.812699999999999756e-01 1.243599999999999914e-02 -9.813420000000000476e-01 -1.922649999999999915e-01 -1.201999999999999943e-03
3.000000000000000000e+00 1.300000000000000000e+01 2.000000000000000000e+01 0.000000000000000000e+00 1.600000000000000089e+00 8.509999999999999769e-04 6.786999999999999630e-03 9.999770000000000048e-01 2.537019999999999831e-01 9.672589999999999799e-01 -6.780999999999999701e-03 -9.672819999999999752e-01 2.537019999999999831e-01 -8.980000000000000352e-04
1.800000000000000000e+01 1.300000000000000000e+01 2.000000000000000000e+01 0.000000000000000000e+00 1.600000000000000089e+00 -1.358000000000000049e-03 -2.661000000000000171e-03 9.999959999999999960e-01 2.497640000000000138e-01 9.683019999999999960e-01 2.915000000000000056e-03 -9.683060000000000000e-01 2.497669999999999890e-01 -6.509999999999999945e-04
2.200000000000000000e+01 1.300000000000000000e+01 2.000000000000000000e+01 0.000000000000000000e+00 1.600000000000000089e+00 -2.579999999999999828e-03 -1.137200000000000016e-02 9.999320000000000430e-01 2.510240000000000249e-01 9.679109999999999658e-01 1.165500000000000043e-02 -9.679780000000000051e-01 2.510370000000000101e-01 3.579999999999999741e-04
2.000000000000000000e+00 1.600000000000000000e+01 2.100000000000000000e+01 0.000000000000000000e+00 1.600000000000000089e+00 8.300000000000000086e-04 6.612999999999999955e-03 9.999780000000000335e-01 2.994490000000000207e-01 9.540899999999999936e-01 -6.557999999999999594e-03 -9.541119999999999601e-01 2.994479999999999920e-01 -1.188000000000000037e-03
8.000000000000000000e+00 1.600000000000000000e+01 2.100000000000000000e+01 0.000000000000000000e+00 1.600000000000000089e+00 5.817000000000000122e-03 1.179400000000000066e-02 9.999139999999999695e-01 2.991409999999999902e-01 9.541199999999999681e-01 -1.299400000000000034e-02 -9.541910000000000114e-01 2.991909999999999847e-01 2.021999999999999926e-03
1.200000000000000000e+01 1.600000000000000000e+01 2.100000000000000000e+01 0.000000000000000000e+00 1.600000000000000089e+00 5.283000000000000369e-03 1.250800000000000002e-02 9.999080000000000190e-01 2.974700000000000122e-01 9.546350000000000113e-01 -1.351399999999999997e-02 -9.547160000000000091e-01 2.975140000000000007e-01 1.322999999999999957e-03
2.300000000000000000e+01 1.600000000000000000e+01 2.100000000000000000e+01 0.000000000000000000e+00 1.600000000000000089e+00 -1.097000000000000102e-03 -9.636999999999999733e-03 9.999529999999999808e-01 2.966170000000000195e-01 9.549490000000000478e-01 9.528999999999999276e-03 -9.549959999999999560e-01 2.966139999999999888e-01 1.810999999999999893e-03
2.700000000000000000e+01 1.600000000000000000e+01 2.100000000000000000e+01 0.000000000000000000e+00 1.600000000000000089e+00 9.247999999999999277e-03 2.375999999999999987e-02 9.996749999999999803e-01 2.954700000000000104e-01 9.550140000000000295e-01 -2.543199999999999975e-02 -9.553070000000000173e-01 2.956090000000000106e-01 1.810999999999999893e-03
1.700000000000000000e+01 3.000000000000000000e+00 2.500000000000000000e+01 0.000000000000000000e+00 1.600000000000000089e+00 3.706999999999999792e-03 1.142999999999999919e-03 9.999919999999999920e-01 -5.600200000000000317e-02 -9.984300000000000397e-01 1.348999999999999939e-03 9.984239999999999782e-01 -5.600700000000000123e-02 -3.638000000000000175e-03
2.000000000000000000e+01 3.000000000000000000e+00 2.500000000000000000e+01 0.000000000000000000e+00 1.600000000000000089e+00 4.649000000000000354e-03 1.502000000000000036e-02 9.998759999999999870e-01 -5.224899999999999683e-02 -9.985180000000000167e-01 1.524299999999999961e-02 9.986230000000000384e-01 -5.231299999999999839e-02 -3.857000000000000185e-03
2.400000000000000000e+01 3.000000000000000000e+00 2.500000000000000000e+01 0.000000000000000000e+00 1.600000000000000089e+00 -1.817000000000000039e-03 7.655999999999999611e-03 9.999689999999999968e-01 -4.951599999999999752e-02 -9.987449999999999939e-01 7.557000000000000349e-03 9.987719999999999931e-01 -4.950100000000000333e-02 2.194000000000000204e-03
2.100000000000000000e+01 4.600000000000000000e+01 2.700000000000000000e+01 0.000000000000000000e+00 1.600000000000000089e+00 -5.379999999999999583e-04 -3.395000000000000014e-03 -9.999940000000000495e-01 6.625039999999999818e-01 7.490529999999999688e-01 -2.899999999999999800e-03 7.490590000000000304e-01 -6.625010000000000066e-01 1.845999999999999985e-03
6.000000000000000000e+00 4.600000000000000000e+01 3.000000000000000000e+01 0.000000000000000000e+00 1.600000000000000089e+00 -6.989999999999999686e-04 3.622999999999999918e-03 -9.999930000000000208e-01 3.333969999999999989e-01 9.427809999999999802e-01 3.183000000000000065e-03 9.427860000000000129e-01 -3.333920000000000217e-01 -1.866999999999999953e-03
8.000000000000000000e+00 4.600000000000000000e+01 3.500000000000000000e+01 0.000000000000000000e+00 1.600000000000000089e+00 2.040999999999999846e-03 -2.399000000000000091e-03 -9.999949999999999672e-01 3.887630000000000252e-01 -9.213329999999999576e-01 3.004000000000000160e-03 -9.213350000000000151e-01 -3.887680000000000025e-01 -9.479999999999999495e-04
1.100000000000000000e+01 4.600000000000000000e+01 3.500000000000000000e+01 0.000000000000000000e+00 1.600000000000000089e+00 7.770000000000000214e-04 -3.445000000000000145e-03 -9.999940000000000495e-01 3.891649999999999832e-01 -9.211610000000000076e-01 3.475999999999999923e-03 -9.211679999999999868e-01 -3.891660000000000119e-01 6.250000000000000130e-04
1.400000000000000000e+01 4.600000000000000000e+01 3.500000000000000000e+01 0.000000000000000000e+00 1.600000000000000089e+00 -1.820000000000000057e-04 -4.444000000000000034e-03 -9.999900000000000455e-01 3.892590000000000217e-01 -9.211200000000000498e-01 4.022999999999999667e-03 -9.211289999999999756e-01 -3.892539999999999889e-01 1.897999999999999948e-03
2.100000000000000000e+01 4.600000000000000000e+01 3.500000000000000000e+01 0.000000000000000000e+00 1.600000000000000089e+00 -2.082000000000000083e-03 1.590000000000000050e-03 -9.999970000000000248e-01 3.908929999999999905e-01 -9.204329999999999457e-01 -2.276999999999999944e-03 -9.204339999999999744e-01 -3.908969999999999945e-01 1.294999999999999927e-03
2.700000000000000000e+01 4.600000000000000000e+01 3.500000000000000000e+01 0.000000000000000000e+00 1.600000000000000089e+00 6.035000000000000434e-03 -5.563000000000000236e-03 -9.999660000000000215e-01 3.867309999999999914e-01 -9.221620000000000372e-01 7.465000000000000281e-03 -9.221730000000000205e-01 -3.867630000000000234e-01 -3.413999999999999934e-03
6.000000000000000000e+00 9.500000000000000000e+01 3.600000000000000000e+01 0.000000000000000000e+00 1.600000000000000089e+00 1.710300000000000015e-02 4.076099999999999862e-02 9.990229999999999944e-01 9.966249999999999831e-01 7.953499999999999459e-02 -2.030699999999999866e-02 -8.028499999999999526e-02 9.959980000000000500e-01 -3.926299999999999929e-02
2.200000000000000000e+01 9.500000000000000000e+01 3.600000000000000000e+01 0.000000000000000000e+00 1.600000000000000089e+00 -7.446999999999999627e-03 -1.291199999999999987e-02 9.998890000000000278e-01 9.979479999999999462e-01 6.349299999999999389e-02 8.252000000000000654e-03 -6.359199999999999575e-02 9.978989999999999805e-01 1.241199999999999942e-02
1.500000000000000000e+01 2.900000000000000000e+01 4.400000000000000000e+01 0.000000000000000000e+00 1.600000000000000089e+00 -5.559999999999999621e-04 -1.539300000000000043e-02 -9.998810000000000198e-01 6.756619999999999848e-01 7.371180000000000510e-01 -1.172300000000000078e-02 7.372109999999999497e-01 -6.755879999999999663e-01 9.990000000000000616e-03
2.500000000000000000e+01 2.900000000000000000e+01 4.400000000000000000e+01 0.000000000000000000e+00 1.600000000000000089e+00 3.212000000000000011e-03 5.563000000000000236e-03 -9.999789999999999512e-01 6.399430000000000396e-01 7.683959999999999679e-01 6.329999999999999689e-03 7.684159999999999879e-01 -6.399500000000000188e-01 -1.092000000000000089e-03
3.000000000000000000e+00 2.500000000000000000e+01 4.800000000000000000e+01 0.000000000000000000e+00 1.600000000000000089e+00 -8.876999999999999474e-03 -4.662700000000000178e-02 -9.988730000000000109e-01 8.457399999999999640e-02 9.952980000000000160e-01 -4.721199999999999702e-02 9.963779999999999859e-01 -8.489800000000000124e-02 -4.891999999999999647e-03
8.000000000000000000e+00 2.600000000000000000e+01 4.800000000000000000e+01 0.000000000000000000e+00 1.600000000000000089e+00 -2.906999999999999862e-03 -8.586199999999999388e-02 -9.963030000000000497e-01 -8.410600000000000021e-02 9.927979999999999583e-01 -8.531400000000000095e-02 9.964530000000000332e-01 8.354699999999999627e-02 -1.010800000000000066e-02
1.300000000000000000e+01 2.900000000000000000e+01 4.800000000000000000e+01 0.000000000000000000e+00 1.600000000000000089e+00 -9.780000000000000498e-03 -8.643599999999999894e-02 9.962090000000000112e-01 3.780930000000000124e-01 9.219749999999999890e-01 8.370700000000000363e-02 -9.257159999999999833e-01 3.774790000000000090e-01 2.366400000000000101e-02
2.100000000000000000e+01 5.000000000000000000e+00 5.100000000000000000e+01 0.000000000000000000e+00 1.600000000000000089e+00 1.219000000000000031e-03 -8.340000000000000191e-03 -9.999639999999999640e-01 4.879000000000000004e-01 -8.728639999999999732e-01 7.875000000000000056e-03 -8.728989999999999805e-01 -4.878919999999999924e-01 3.004999999999999859e-03
2.700000000000000000e+01 5.000000000000000000e+00 5.100000000000000000e+01 0.000000000000000000e+00 1.600000000000000089e+00 -2.394999999999999993e-03 1.400999999999999902e-03 -9.999959999999999960e-01 4.872929999999999762e-01 -8.732349999999999834e-01 -2.390000000000000197e-03 -8.732349999999999834e-01 -4.872969999999999802e-01 1.409000000000000096e-03
2.000000000000000000e+01 3.900000000000000000e+01 5.100000000000000000e+01 0.000000000000000000e+00 1.600000000000000089e+00 -1.027800000000000068e-02 -3.279429999999999845e-01 9.446419999999999817e-01 3.330290000000000195e-01 8.896370000000000111e-01 3.124709999999999988e-01 -9.428600000000000314e-01 3.178050000000000042e-01 1.000709999999999933e-01
2.900000000000000000e+01 3.900000000000000000e+01 5.100000000000000000e+01 0.000000000000000000e+00 1.600000000000000089e+00 -2.319500000000000034e-02 -8.783849999999999714e-01 4.773910000000000098e-01 2.753499999999999837e-01 4.534369999999999790e-01 8.476890000000000258e-01 -9.610640000000000294e-01 1.511119999999999963e-01 2.313459999999999961e-01
1.400000000000000000e+01 1.150000000000000000e+02 5.100000000000000000e+01 0.000000000000000000e+00 1.600000000000000089e+00 2.128999999999999816e-03 1.449499999999999920e-02 9.998930000000000318e-01 8.455899999999999528e-01 -5.337990000000000235e-01 5.937999999999999702e-03 5.338279999999999692e-01 8.454869999999999886e-01 -1.339300000000000039e-02
1.900000000000000000e+01 7.000000000000000000e+00 5.200000000000000000e+01 0.000000000000000000e+00 1.600000000000000089e+00 -2.680999999999999790e-03 -6.507999999999999896e-03 -9.999749999999999472e-01 1.068759999999999988e-01 -9.942530000000000534e-01 6.184000000000000261e-03 -9.942689999999999584e-01 -1.068569999999999937e-01 3.360999999999999838e-03
2.100000000000000000e+01 4.000000000000000000e+01 5.200000000000000000e+01 0.000000000000000000e+00 1.600000000000000089e+00 2.435000000000000098e-03 -2.116439999999999988e-01 9.773439999999999905e-01 1.693580000000000085e-01 9.633159999999999501e-01 2.081840000000000079e-01 -9.855519999999999836e-01 1.650139999999999940e-01 3.818900000000000072e-02
2.800000000000000000e+01 4.200000000000000000e+01 5.200000000000000000e+01 0.000000000000000000e+00 1.600000000000000089e+00 2.737799999999999956e-02 -6.713529999999999776e-01 7.406319999999999570e-01 7.829899999999999360e-02 7.400729999999999809e-01 6.679530000000000189e-01 -9.965540000000000509e-01 3.970300000000000218e-02 7.282800000000000384e-02
4.000000000000000000e+00 6.300000000000000000e+01 5.400000000000000000e+01 0.000000000000000000e+00 1.600000000000000089e+00 -6.899999999999999667e-04 1.971999999999999795e-03 9.999980000000000535e-01 -3.650669999999999749e-01 9.309790000000000010e-01 -2.086999999999999880e-03 -9.309809999999999475e-01 -3.650680000000000036e-01 7.700000000000000139e-05
7.000000000000000000e+00 6.300000000000000000e+01 5.400000000000000000e+01 0.000000000000000000e+00 1.600000000000000089e+00 4.029999999999999837e-04 1.451999999999999949e-03 9.999989999999999712e-01 -3.676740000000000008e-01 9.299539999999999473e-01 -1.201999999999999943e-03 -9.299549999999999761e-01 -3.676730000000000276e-01 9.089999999999999773e-04
1.200000000000000000e+01 6.300000000000000000e+01 5.400000000000000000e+01 0.000000000000000000e+00 1.600000000000000089e+00 4.009999999999999893e-04 -4.543000000000000163e-03 9.999900000000000455e-01 -3.691030000000000144e-01 9.293780000000000374e-01 4.369999999999999753e-03 -9.293879999999999919e-01 -3.691010000000000124e-01 -1.304000000000000038e-03
1.800000000000000000e+01 6.300000000000000000e+01 5.400000000000000000e+01 0.000000000000000000e+00 1.600000000000000089e+00 -1.000000000000000048e-04 -5.199999999999999680e-05 1.000000000000000000e+00 -3.636110000000000175e-01 9.315510000000000179e-01 1.200000000000000030e-05 -9.315510000000000179e-01 -3.636110000000000175e-01 -1.119999999999999983e-04
2.100000000000000000e+01 6.300000000000000000e+01 5.400000000000000000e+01 0.000000000000000000e+00 1.600000000000000089e+00 -6.329999999999999906e-04 1.275000000000000092e-03 9.999989999999999712e-01 -3.637199999999999878e-01 9.315069999999999739e-01 -1.417999999999999990e-03 -9.315080000000000027e-01 -3.637199999999999878e-01 -1.259999999999999998e-04
2.500000000000000000e+01 6.300000000000000000e+01 5.400000000000000000e+01 0.000000000000000000e+00 1.600000000000000089e+00 -3.179999999999999776e-04 2.197999999999999867e-03 9.999970000000000248e-01 -3.632380000000000053e-01 9.316940000000000222e-01 -2.164000000000000125e-03 -9.316959999999999686e-01 -3.632380000000000053e-01 5.019999999999999506e-04
2.900000000000000000e+01 6.300000000000000000e+01 5.400000000000000000e+01 0.000000000000000000e+00 1.600000000000000089e+00 8.299999999999999815e-05 5.357999999999999916e-03 9.999860000000000415e-01 -3.650930000000000009e-01 9.309579999999999522e-01 -4.956999999999999601e-03 -9.309709999999999930e-01 -3.650869999999999949e-01 2.033000000000000085e-03
2.600000000000000000e+01 2.500000000000000000e+01 5.500000000000000000e+01 0.000000000000000000e+00 1.600000000000000089e+00 4.229999999999999819e-04 -4.185999999999999617e-03 -9.999909999999999632e-01 -1.209299999999999958e-02 -9.999179999999999735e-01 4.180999999999999821e-03 -9.999270000000000103e-01 1.209099999999999932e-02 -4.739999999999999747e-04
2.300000000000000000e+01 7.600000000000000000e+01 5.600000000000000000e+01 0.000000000000000000e+00 1.600000000000000089e+00 1.347000000000000107e-03 -2.837999999999999811e-03 -9.999949999999999672e-01 -1.389910000000000034e-01 9.902889999999999748e-01 -2.997000000000000098e-03 9.902929999999999788e-01 1.389940000000000064e-01 9.399999999999999719e-04
2.900000000000000000e+01 4.000000000000000000e+01 5.800000000000000000e+01 0.000000000000000000e+00 1.600000000000000089e+00 1.292649999999999910e-01 -4.976990000000000025e-01 -8.576629999999999532e-01 -4.611129999999999951e-01 -7.958859999999999824e-01 3.923519999999999786e-01 -8.778749999999999609e-01 3.447620000000000129e-01 -3.323760000000000048e-01
3.000000000000000000e+00 2.100000000000000000e+01 6.000000000000000000e+01 0.000000000000000000e+00 1.600000000000000089e+00 5.000000000000000409e-06 2.755000000000000070e-03 9.999959999999999960e-01 -9.515700000000000547e-02 9.954579999999999540e-01 -2.742000000000000080e-03 -9.954619999999999580e-01 -9.515700000000000547e-02 2.669999999999999847e-04
8.000000000000000000e+00 2.100000000000000000e+01 6.000000000000000000e+01 0.000000000000000000e+00 1.600000000000000089e+00 1.057999999999999913e-03 7.535000000000000031e-03 9.999710000000000543e-01 -9.464500000000000690e-02 9.954840000000000355e-01 -7.400999999999999593e-03 -9.955110000000000348e-01 -9.463399999999999590e-02 1.765999999999999992e-03
1.500000000000000000e+01 2.100000000000000000e+01 6.000000000000000000e+01 0.000000000000000000e+00 1.600000000000000089e+00 5.910000000000000539e-04 -6.049999999999999606e-04 1.000000000000000000e+00 -9.644300000000000095e-02 9.953379999999999450e-01 6.589999999999999721e-04 -9.953379999999999450e-01 -9.644300000000000095e-02 5.299999999999999807e-04
1.800000000000000000e+01 2.100000000000000000e+01 6.000000000000000000e+01 0.000000000000000000e+00 1.600000000000000089e+00 8.970000000000000109e-04 -3.518999999999999993e-03 9.999930000000000208e-01 -9.804300000000000515e-02 9.951759999999999495e-01 3.589999999999999875e-03 -9.951820000000000110e-01 -9.804499999999999327e-02 5.479999999999999845e-04
2.400000000000000000e+01 2.100000000000000000e+01 6.000000000000000000e+01 0.000000000000000000e+00 1.600000000000000089e+00 -7.129999999999999836e-04 4.981000000000000184e-03 9.999869999999999592e-01 -9.942700000000000149e-02 9.950320000000000276e-01 -5.027000000000000218e-03 -9.950449999999999573e-01 -9.942900000000000349e-02 -2.149999999999999947e-04
2.800000000000000000e+01 2.100000000000000000e+01 6.000000000000000000e+01 0.000000000000000000e+00 1.600000000000000089e+00 -2.330000000000000040e-03 8.660000000000000163e-04 9.999970000000000248e-01 -9.927500000000000213e-02 9.950590000000000268e-01 -1.093000000000000005e-03 -9.950569999999999693e-01 -9.927700000000000413e-02 -2.232000000000000043e-03
1.000000000000000000e+01 2.700000000000000000e+01 6.300000000000000000e+01 0.000000000000000000e+00 1.600000000000000089e+00 -1.196000000000000014e-03 -2.262000000000000122e-03 9.999970000000000248e-01 -2.737220000000000208e-01 9.618069999999999675e-01 1.848000000000000033e-03 -9.618079999999999963e-01 -2.737180000000000168e-01 -1.770000000000000089e-03
1.600000000000000000e+01 2.700000000000000000e+01 6.300000000000000000e+01 0.000000000000000000e+00 1.600000000000000089e+00 -1.270000000000000078e-03 -2.949999999999999931e-03 9.999949999999999672e-01 -2.794380000000000197e-01 9.601600000000000135e-01 2.478000000000000168e-03 -9.601629999999999887e-01 -2.794340000000000157e-01 -2.043999999999999810e-03
1.900000000000000000e+01 2.700000000000000000e+01 6.300000000000000000e+01 0.000000000000000000e+00 1.600000000000000089e+00 1.116999999999999937e-03 -2.539999999999999940e-04 9.999989999999999712e-01 -2.789940000000000198e-01 9.602929999999999522e-01 5.550000000000000462e-04 -9.602920000000000345e-01 -2.789940000000000198e-01 1.002000000000000069e-03
2.300000000000000000e+01 2.700000000000000000e+01 6.300000000000000000e+01 0.000000000000000000e+00 1.600000000000000089e+00 3.031999999999999973e-03 1.786000000000000044e-03 9.999940000000000495e-01 -2.750040000000000262e-01 9.614430000000000476e-01 -8.840000000000000201e-04 -9.614380000000000148e-01 -2.750000000000000222e-01 3.406000000000000173e-03
2.900000000000000000e+01 2.700000000000000000e+01 6.300000000000000000e+01 0.000000000000000000e+00 1.600000000000000089e+00 -8.310000000000000329e-04 -7.435999999999999902e-03 9.999719999999999720e-01 -2.735879999999999979e-01 9.618219999999999548e-01 6.924999999999999732e-03 -9.618470000000000075e-01 -2.735750000000000126e-01 -2.834000000000000147e-03
3.000000000000000000e+00 4.400000000000000000e+01 6.300000000000000000e+01 0.000000000000000000e+00 1.600000000000000089e+00 5.400000000000000069e-04 3.552000000000000036e-03 -9.999940000000000495e-01 -6.679500000000000437e-01 -7.441999999999999726e-01 -3.004000000000000160e-03 -7.442060000000000342e-01 6.679479999999999862e-01 1.971000000000000096e-03
7.000000000000000000e+00 4.400000000000000000e+01 6.300000000000000000e+01 0.000000000000000000e+00 1.600000000000000089e+00 9.121000000000000635e-03 2.203899999999999956e-02 -9.997160000000000490e-01 -6.748589999999999867e-01 -7.376059999999999839e-01 -2.241800000000000043e-02 -7.378900000000000459e-01 6.748720000000000274e-01 8.146000000000000463e-03
1.500000000000000000e+01 4.400000000000000000e+01 6.300000000000000000e+01 0.000000000000000000e+00 1.600000000000000089e+00 9.809999999999999276e-03 -2.874799999999999925e-02 -9.995389999999999553e-01 -7.163709999999999800e-01 -6.975980000000000514e-01 1.303299999999999945e-02 -6.976510000000000211e-01 7.159130000000000216e-01 -2.743800000000000058e-02
4.000000000000000000e+00 2.600000000000000000e+01 6.400000000000000000e+01 0.000000000000000000e+00 1.600000000000000089e+00 1.288999999999999998e-03 6.372000000000000060e-03 9.999789999999999512e-01 -3.670680000000000054e-01 9.301779999999999493e-01 -5.453999999999999647e-03 -9.301930000000000476e-01 -3.670530000000000181e-01 3.537999999999999912e-03
1.000000000000000000e+01 2.600000000000000000e+01 6.400000000000000000e+01 0.000000000000000000e+00 1.600000000000000089e+00 -7.640000000000000306e-04 -1.721000000000000090e-03 9.999980000000000535e-01 -3.626389999999999891e-01 9.319290000000000074e-01 1.327000000000000055e-03 -9.319290000000000074e-01 -3.626380000000000159e-01 -1.337000000000000081e-03
1.600000000000000000e+01 2.600000000000000000e+01 6.400000000000000000e+01 0.000000000000000000e+00 1.600000000000000089e+00 -1.020999999999999989e-03 -2.729000000000000089e-03 9.999959999999999960e-01 -3.693850000000000189e-01 9.292740000000000444e-01 2.158999999999999895e-03 -9.292759999999999909e-01 -3.693810000000000149e-01 -1.956999999999999972e-03
1.900000000000000000e+01 2.600000000000000000e+01 6.400000000000000000e+01 0.000000000000000000e+00 1.600000000000000089e+00 7.100000000000000191e-04 7.169999999999999724e-04 9.999989999999999712e-01 -3.692460000000000186e-01 9.293310000000000182e-01 -4.049999999999999781e-04 -9.293310000000000182e-01 -3.692460000000000186e-01 9.250000000000000409e-04
2.300000000000000000e+01 2.600000000000000000e+01 6.400000000000000000e+01 0.000000000000000000e+00 1.600000000000000089e+00 2.406999999999999851e-03 2.080999999999999951e-03 9.999949999999999672e-01 -3.634140000000000148e-01 9.316269999999999829e-01 -1.064000000000000059e-03 -9.316250000000000364e-01 -3.634100000000000108e-01 2.998999999999999930e-03
2.800000000000000000e+01 2.600000000000000000e+01 6.400000000000000000e+01 0.000000000000000000e+00 1.600000000000000089e+00 -4.420000000000000101e-04 -7.400999999999999593e-03 9.999730000000000008e-01 -3.602150000000000074e-01 9.328450000000000353e-01 6.745000000000000127e-03 -9.328689999999999483e-01 -3.602020000000000222e-01 -3.078000000000000007e-03
1.800000000000000000e+01 5.600000000000000000e+01 6.400000000000000000e+01 0.000000000000000000e+00 1.600000000000000089e+00 -1.450450000000000073e-01 2.622380000000000266e-01 -9.540410000000000279e-01 1.317499999999999921e-02 9.646639999999999660e-01 2.631549999999999723e-01 9.893370000000000219e-01 2.559900000000000023e-02 -1.433740000000000014e-01
3.000000000000000000e+01 5.000000000000000000e+01 6.600000000000000000e+01 0.000000000000000000e+00 1.600000000000000089e+00 1.784080000000000110e-01 1.278970000000000107e-01 9.756089999999999485e-01 4.041250000000000120e-01 8.945049999999999946e-01 -1.911660000000000026e-01 -8.971360000000000445e-01 4.283730000000000038e-01 1.079009999999999969e-01
2.800000000000000000e+01 5.100000000000000000e+01 6.600000000000000000e+01 0.000000000000000000e+00 1.600000000000000089e+00 2.065110000000000001e-01 9.336999999999999467e-02 9.739790000000000392e-01 4.508400000000000185e-01 8.743880000000000541e-01 -1.794129999999999892e-01 -8.683880000000000488e-01 4.761589999999999989e-01 1.384759999999999880e-01
1.100000000000000000e+01 4.300000000000000000e+01 7.300000000000000000e+01 0.000000000000000000e+00 1.600000000000000089e+00 -4.793200000000000238e-02 -1.119730000000000031e-01 9.925549999999999651e-01 5.148400000000000198e-02 -9.926530000000000076e-01 -1.094969999999999971e-01 9.975230000000000485e-01 4.585199999999999693e-02 5.334400000000000253e-02
8.000000000000000000e+00 4.400000000000000000e+01 7.300000000000000000e+01 0.000000000000000000e+00 1.600000000000000089e+00 -3.650300000000000072e-02 -1.116270000000000040e-01 9.930799999999999628e-01 2.171199999999999866e-02 -9.935960000000000347e-01 -1.108869999999999995e-01 9.990980000000000416e-01 1.751399999999999832e-02 3.869299999999999823e-02
3.000000000000000000e+00 2.500000000000000000e+01 7.400000000000000000e+01 0.000000000000000000e+00 1.600000000000000089e+00 -7.950000000000000252e-04 1.694999999999999892e-03 9.999980000000000535e-01 8.234489999999999865e-01 -5.673880000000000035e-01 1.616999999999999948e-03 5.673899999999999499e-01 8.234489999999999865e-01 -9.439999999999999607e-04
1.100000000000000000e+01 2.500000000000000000e+01 7.400000000000000000e+01 0.000000000000000000e+00 1.600000000000000089e+00 9.610000000000000486e-04 -5.529999999999999976e-04 9.999989999999999712e-01 8.279320000000000013e-01 -5.608279999999999932e-01 -1.105999999999999995e-03 5.608279999999999932e-01 8.279320000000000013e-01 -8.100000000000000375e-05
1.600000000000000000e+01 2.500000000000000000e+01 7.400000000000000000e+01 0.000000000000000000e+00 1.600000000000000089e+00 -3.445999999999999844e-03 -9.105000000000000246e-03 9.999529999999999808e-01 8.202129999999999699e-01 -5.720530000000000337e-01 -2.383000000000000135e-03 5.720480000000000009e-01 8.201659999999999506e-01 9.438999999999999474e-03
2.300000000000000000e+01 2.500000000000000000e+01 7.400000000000000000e+01 0.000000000000000000e+00 1.600000000000000089e+00 -2.990000000000000036e-04 2.598000000000000049e-03 9.999970000000000248e-01 8.212439999999999740e-01 -5.705750000000000544e-01 1.727999999999999935e-03 5.705780000000000296e-01 8.212409999999999988e-01 -1.962999999999999901e-03
2.700000000000000000e+01 2.500000000000000000e+01 7.400000000000000000e+01 0.000000000000000000e+00 1.600000000000000089e+00 -2.359999999999999902e-04 2.201999999999999964e-03 9.999980000000000535e-01 8.247400000000000286e-01 -5.655109999999999859e-01 1.440000000000000091e-03 5.655120000000000147e-01 8.247379999999999711e-01 -1.683000000000000034e-03
2.000000000000000000e+00 9.100000000000000000e+01 7.600000000000000000e+01 0.000000000000000000e+00 1.600000000000000089e+00 4.870000000000000197e-04 -3.780000000000000265e-04 1.000000000000000000e+00 4.024429999999999952e-01 -9.154449999999999532e-01 -5.419999999999999471e-04 9.154449999999999532e-01 4.024429999999999952e-01 -2.939999999999999905e-04
1.000000000000000000e+01 9.100000000000000000e+01 7.600000000000000000e+01 0.000000000000000000e+00 1.600000000000000089e+00 1.250999999999999942e-03 1.260999999999999968e-03 9.999980000000000535e-01 3.956450000000000244e-01 -9.184029999999999694e-01 6.629999999999999609e-04 9.184029999999999694e-01 3.956439999999999957e-01 -1.647000000000000026e-03
1.600000000000000000e+01 9.100000000000000000e+01 7.600000000000000000e+01 0.000000000000000000e+00 1.600000000000000089e+00 -1.479999999999999979e-03 -2.374999999999999941e-03 9.999959999999999960e-01 3.958130000000000259e-01 -9.183299999999999796e-01 -1.595999999999999979e-03 9.183299999999999796e-01 3.958099999999999952e-01 2.298999999999999828e-03
2.100000000000000000e+01 9.100000000000000000e+01 7.600000000000000000e+01 0.000000000000000000e+00 1.600000000000000089e+00 -6.159000000000000412e-03 8.899999999999999491e-05 9.999810000000000088e-01 3.892470000000000097e-01 -9.211300000000000043e-01 2.478999999999999867e-03 9.211129999999999596e-01 3.892550000000000177e-01 5.638999999999999915e-03
1.300000000000000000e+01 9.000000000000000000e+00 8.200000000000000000e+01 0.000000000000000000e+00 1.600000000000000089e+00 -2.979999999999999793e-04 4.500999999999999793e-03 -9.999900000000000455e-01 5.708710000000000173e-01 8.210319999999999840e-01 3.524999999999999922e-03 8.210399999999999920e-01 -5.708640000000000381e-01 -2.814999999999999794e-03
2.400000000000000000e+01 9.000000000000000000e+00 8.200000000000000000e+01 0.000000000000000000e+00 1.600000000000000089e+00 3.370000000000000057e-04 -5.679000000000000020e-03 -9.999839999999999840e-01 5.723850000000000326e-01 8.199729999999999519e-01 -4.464000000000000086e-03 8.199849999999999639e-01 -5.723740000000000494e-01 3.527000000000000187e-03
6.000000000000000000e+00 1.010000000000000000e+02 8.300000000000000000e+01 0.000000000000000000e+00 1.600000000000000089e+00 -8.059999999999999673e-04 -1.299000000000000024e-03 9.999989999999999712e-01 9.949740000000000251e-01 1.001299999999999968e-01 9.319999999999999942e-04 -1.001319999999999988e-01 9.949729999999999963e-01 1.211999999999999970e-03
1.800000000000000000e+01 4.800000000000000000e+01 8.400000000000000000e+01 0.000000000000000000e+00 1.600000000000000089e+00 -4.747999999999999617e-03 -4.061000000000000373e-03 -9.999799999999999800e-01 -9.465750000000000552e-01 -3.224330000000000251e-01 5.804000000000000131e-03 -3.224500000000000144e-01 9.465839999999999810e-01 -2.312999999999999952e-03
1.000000000000000000e+00 1.500000000000000000e+01 8.600000000000000000e+01 0.000000000000000000e+00 1.600000000000000089e+00 -3.641000000000000139e-03 -9.699999999999999963e-05 -9.999930000000000208e-01 1.892550000000000066e-01 9.819280000000000230e-01 -7.839999999999999747e-04 9.819210000000000438e-01 -1.892570000000000086e-01 -3.556999999999999832e-03
4.000000000000000000e+00 1.500000000000000000e+01 8.600000000000000000e+01 0.000000000000000000e+00 1.600000000000000089e+00 -5.270000000000000379e-03 2.199000000000000000e-03 -9.999839999999999840e-01 1.894319999999999893e-01 9.818930000000000158e-01 1.160999999999999923e-03 9.818799999999999750e-01 -1.894220000000000070e-01 -5.590999999999999616e-03
1.200000000000000000e+01 1.500000000000000000e+01 8.600000000000000000e+01 0.000000000000000000e+00 1.600000000000000089e+00 -2.769000000000000194e-03 4.209000000000000068e-03 -9.999869999999999592e-01 1.919430000000000025e-01 9.813990000000000213e-01 3.599000000000000202e-03 9.814019999999999966e-01 -1.919309999999999905e-01 -3.524999999999999922e-03
