1.600000000000000000e+01 2.500000000000000000e+01 1.000000000000000000e+00 0.000000000000000000e+00 1.600000000000000089e+00 -2.550000000000000183e-03 -1.163499999999999951e-02 -9.999289999999999567e-01 -5.298500000000000432e-01 -8.480170000000000208e-01 1.121899999999999981e-02 -8.480879999999999530e-01 5.298410000000000064e-01 -4.002999999999999614e-03
2.000000000000000000e+01 2.500000000000000000e+01 1.000000000000000000e+00 0.000000000000000000e+00 1.600000000000000089e+00 -2.203000000000000097e-03 -1.686999999999999915e-03 -9.999959999999999960e-01 -5.324069999999999636e-01 -8.464840000000000142e-01 2.601000000000000013e-03 -8.464850000000000430e-01 5.324109999999999676e-01 9.669999999999999776e-04
2.400000000000000000e+01 2.500000000000000000e+01 1.000000000000000000e+00 0.000000000000000000e+00 1.600000000000000089e+00 -1.683999999999999950e-03 3.846000000000000026e-03 -9.999909999999999632e-01 -5.307720000000000216e-01 -8.475110000000000143e-01 -2.366000000000000048e-03 -8.475129999999999608e-01 5.307629999999999848e-01 3.468999999999999861e-03
4.000000000000000000e+00 1.500000000000000000e+01 4.000000000000000000e+00 0.000000000000000000e+00 1.600000000000000089e+00 -7.069999999999999462e-04 -2.446999999999999956e-03 9.999970000000000248e-01 3.289900000000000047e-01 -9.443310000000000315e-01 -2.077999999999999986e-03 9.443329999999999780e-01 3.289880000000000027e-01 1.472999999999999917e-03
9.000000000000000000e+00 1.500000000000000000e+01 4.000000000000000000e+00 0.000000000000000000e+00 1.600000000000000089e+00 -1.039999999999999936e-04 -6.583000000000000310e-03 9.999780000000000335e-01 3.198170000000000179e-01 -9.474590000000000511e-01 -6.204000000000000313e-03 9.474789999999999601e-01 3.198090000000000099e-01 2.203999999999999796e-03
1.400000000000000000e+01 1.500000000000000000e+01 4.000000000000000000e+00 0.000000000000000000e+00 1.600000000000000089e+00 1.079000000000000098e-03 -3.533999999999999815e-03 9.999930000000000208e-01 3.121740000000000070e-01 -9.500180000000000291e-01 -3.693999999999999801e-03 9.500239999999999796e-01 3.121760000000000090e-01 7.799999999999999859e-05
2.000000000000000000e+01 1.500000000000000000e+01 4.000000000000000000e+00 0.000000000000000000e+00 1.600000000000000089e+00 -2.439999999999999895e-03 -3.193000000000000092e-03 9.999919999999999920e-01 3.126680000000000015e-01 -9.498600000000000376e-01 -2.269999999999999882e-03 9.498590000000000089e-01 3.126599999999999935e-01 3.315999999999999937e-03
2.300000000000000000e+01 1.500000000000000000e+01 4.000000000000000000e+00 0.000000000000000000e+00 1.600000000000000089e+00 -5.289999999999999564e-04 -2.260999999999999989e-03 9.999970000000000248e-01 3.129250000000000087e-01 -9.497759999999999536e-01 -1.981999999999999821e-03 9.497780000000000111e-01 3.129230000000000067e-01 1.209999999999999921e-03
1.600000000000000000e+01 1.600000000000000000e+01 4.000000000000000000e+00 0.000000000000000000e+00 1.600000000000000089e+00 2.249999999999999938e-04 -3.213000000000000144e-03 9.999949999999999672e-01 3.877559999999999896e-01 -9.217570000000000485e-01 -3.049000000000000061e-03 9.217619999999999703e-01 3.877550000000000163e-01 1.038999999999999993e-03
2.900000000000000000e+01 1.600000000000000000e+01 4.000000000000000000e+00 0.000000000000000000e+00 1.600000000000000089e+00 -1.814000000000000074e-03 -4.100999999999999611e-03 9.999900000000000455e-01 3.893420000000000214e-01 -9.210880000000000178e-01 -3.070999999999999945e-03 9.210909999999999931e-01 3.893329999999999846e-01 3.266999999999999939e-03
1.100000000000000000e+01 1.010000000000000000e+02 7.000000000000000000e+00 0.000000000000000000e+00 1.600000000000000089e+00 1.268400000000000083e-02 -1.552800000000000014e-02 9.997989999999999933e-01 8.710520000000000485e-01 4.911789999999999767e-01 -3.422000000000000128e-03 -4.910269999999999913e-01 8.709200000000000275e-01 1.975599999999999926e-02
3.000000000000000000e+01 1.010000000000000000e+02 7.000000000000000000e+00 0.000000000000000000e+00 1.600000000000000089e+00 -6.354000000000000273e-03 3.036300000000000110e-02 9.995190000000000463e-01 8.829179999999999806e-01 4.694479999999999764e-01 -8.647999999999999438e-03 -4.694840000000000124e-01 8.824379999999999447e-01 -2.979000000000000051e-02
6.000000000000000000e+00 2.500000000000000000e+01 8.000000000000000000e+00 0.000000000000000000e+00 1.600000000000000089e+00 2.116999999999999958e-03 8.637999999999999845e-03 -9.999599999999999600e-01 4.511069999999999802e-01 8.924279999999999990e-01 8.663999999999999826e-03 8.924670000000000103e-01 -4.511080000000000090e-01 -2.007000000000000103e-03
1.600000000000000000e+01 2.500000000000000000e+01 8.000000000000000000e+00 0.000000000000000000e+00 1.600000000000000089e+00 -1.179999999999999951e-04 3.105000000000000121e-03 -9.999949999999999672e-01 4.526350000000000096e-01 8.916920000000000401e-01 2.716000000000000098e-03 8.916960000000000441e-01 -4.526330000000000076e-01 -1.510999999999999973e-03
2.500000000000000000e+01 2.500000000000000000e+01 8.000000000000000000e+00 0.000000000000000000e+00 1.600000000000000089e+00 2.279999999999999909e-03 -1.981000000000000122e-03 -9.999949999999999672e-01 4.500990000000000268e-01 8.929780000000000495e-01 -7.429999999999999539e-04 8.929759999999999920e-01 -4.500950000000000228e-01 2.926999999999999914e-03
2.900000000000000000e+01 2.500000000000000000e+01 8.000000000000000000e+00 0.000000000000000000e+00 1.600000000000000089e+00 4.699999999999999859e-04 -3.514000000000000196e-03 -9.999940000000000495e-01 4.495879999999999876e-01 8.932309999999999972e-01 -2.926999999999999914e-03 8.932360000000000300e-01 -4.495839999999999836e-01 1.998999999999999909e-03
6.000000000000000000e+00 2.400000000000000000e+01 9.000000000000000000e+00 0.000000000000000000e+00 1.600000000000000089e+00 1.951000000000000043e-03 7.388999999999999735e-03 -9.999710000000000543e-01 4.550310000000000188e-01 8.904450000000000420e-01 7.466999999999999679e-03 8.904739999999999878e-01 -4.550319999999999920e-01 -1.624999999999999925e-03
1.000000000000000000e+01 2.400000000000000000e+01 9.000000000000000000e+00 0.000000000000000000e+00 1.600000000000000089e+00 1.469999999999999953e-04 7.782999999999999988e-03 -9.999700000000000255e-01 4.551439999999999930e-01 8.903900000000000148e-01 6.996999999999999748e-03 8.904180000000000428e-01 -4.551310000000000078e-01 -3.410999999999999970e-03
1.600000000000000000e+01 2.400000000000000000e+01 9.000000000000000000e+00 0.000000000000000000e+00 1.600000000000000089e+00 3.100000000000000135e-05 2.648999999999999879e-03 -9.999959999999999960e-01 4.565040000000000209e-01 8.897180000000000089e-01 2.370999999999999844e-03 8.897209999999999841e-01 -4.565020000000000189e-01 -1.182000000000000108e-03
1.900000000000000000e+01 2.400000000000000000e+01 9.000000000000000000e+00 0.000000000000000000e+00 1.600000000000000089e+00 1.949999999999999910e-03 -3.333000000000000025e-03 -9.999919999999999920e-01 4.550270000000000148e-01 8.904750000000000165e-01 -2.080999999999999951e-03 8.904760000000000453e-01 -4.550190000000000068e-01 3.252999999999999815e-03
2.200000000000000000e+01 2.400000000000000000e+01 9.000000000000000000e+00 0.000000000000000000e+00 1.600000000000000089e+00 2.186000000000000009e-03 1.402000000000000034e-03 -9.999970000000000248e-01 4.536180000000000212e-01 8.911930000000000129e-01 2.240999999999999936e-03 8.911930000000000129e-01 -4.536220000000000252e-01 1.312000000000000015e-03
2.400000000000000000e+01 2.400000000000000000e+01 9.000000000000000000e+00 0.000000000000000000e+00 1.600000000000000089e+00 2.279999999999999909e-03 -9.500000000000000523e-05 -9.999970000000000248e-01 4.532070000000000265e-01 8.914050000000000029e-01 9.489999999999999738e-04 8.914029999999999454e-01 -4.532079999999999997e-01 2.075000000000000022e-03
2.900000000000000000e+01 2.400000000000000000e+01 9.000000000000000000e+00 0.000000000000000000e+00 1.600000000000000089e+00 4.310000000000000137e-04 -1.131999999999999977e-03 -9.999989999999999712e-01 4.526649999999999840e-01 8.916800000000000281e-01 -8.140000000000000534e-04 8.916809999999999459e-01 -4.526640000000000108e-01 8.970000000000000109e-04
9.000000000000000000e+00 4.000000000000000000e+00 1.100000000000000000e+01 0.000000000000000000e+00 1.600000000000000089e+00 7.368000000000000417e-03 3.799299999999999899e-02 -9.992510000000000003e-01 2.370430000000000037e-01 9.707299999999999818e-01 3.865600000000000286e-02 9.714709999999999734e-01 -2.371499999999999997e-01 -1.853999999999999962e-03
1.500000000000000000e+01 4.000000000000000000e+00 1.100000000000000000e+01 0.000000000000000000e+00 1.600000000000000089e+00 7.931999999999999815e-03 7.081899999999999307e-02 -9.974579999999999558e-01 1.984509999999999885e-01 9.775369999999999893e-01 7.098300000000000443e-02 9.800790000000000335e-01 -1.985089999999999910e-01 -6.300000000000000044e-03
8.000000000000000000e+00 3.500000000000000000e+01 1.200000000000000000e+01 0.000000000000000000e+00 1.600000000000000089e+00 -7.889999999999999878e-04 6.869000000000000106e-03 -9.999759999999999760e-01 4.488090000000000135e-01 -8.936039999999999539e-01 -6.492000000000000375e-03 -8.936279999999999779e-01 -4.488030000000000075e-01 -2.377000000000000206e-03
2.100000000000000000e+01 3.500000000000000000e+01 1.200000000000000000e+01 0.000000000000000000e+00 1.600000000000000089e+00 2.797000000000000007e-03 6.975000000000000297e-03 -9.999719999999999720e-01 5.105979999999999963e-01 -8.598080000000000167e-01 -4.569000000000000145e-03 -8.598149999999999959e-01 -5.105699999999999683e-01 -5.965999999999999949e-03
2.200000000000000000e+01 3.200000000000000000e+01 1.400000000000000000e+01 0.000000000000000000e+00 1.600000000000000089e+00 -1.244000000000000097e-03 6.870000000000000022e-04 -9.999989999999999712e-01 1.106540000000000024e-01 9.938590000000000479e-01 5.450000000000000200e-04 9.938580000000000192e-01 -1.106530000000000014e-01 -1.312999999999999931e-03
2.600000000000000000e+01 3.200000000000000000e+01 1.400000000000000000e+01 0.000000000000000000e+00 1.600000000000000089e+00 3.340999999999999786e-03 -5.486000000000000425e-03 -9.999789999999999512e-01 1.102149999999999935e-01 9.938949999999999729e-01 -5.083999999999999977e-03 9.939019999999999522e-01 -1.101960000000000023e-01 3.924999999999999670e-03
1.800000000000000000e+01 1.160000000000000000e+02 1.600000000000000000e+01 0.000000000000000000e+00 1.600000000000000089e+00 -2.410000000000000033e-04 7.659999999999999708e-04 1.000000000000000000e+00 7.118379999999999708e-01 7.023430000000000506e-01 -3.669999999999999760e-04 -7.023430000000000506e-01 7.118379999999999708e-01 -7.140000000000000079e-04
4.000000000000000000e+00 2.000000000000000000e+00 1.900000000000000000e+01 0.000000000000000000e+00 1.600000000000000089e+00 3.750000000000000078e-04 8.270000000000000441e-04 -1.000000000000000000e+00 2.144439999999999957e-01 -9.767360000000000486e-01 -7.269999999999999987e-04 -9.767360000000000486e-01 -2.144429999999999947e-01 -5.429999999999999714e-04
7.000000000000000000e+00 2.000000000000000000e+00 1.900000000000000000e+01 0.000000000000000000e+00 1.600000000000000089e+00 3.199999999999999855e-05 5.107000000000000428e-03 -9.999869999999999592e-01 2.145559999999999967e-01 -9.766989999999999839e-01 -4.981000000000000184e-03 -9.767120000000000246e-01 -2.145529999999999937e-01 -1.126999999999999964e-03
1.500000000000000000e+01 2.000000000000000000e+00 1.900000000000000000e+01 0.000000000000000000e+00 1.600000000000000089e+00 6.282000000000000257e-03 -1.731399999999999953e-02 -9.998299999999999965e-01 1.993139999999999912e-01 -9.797660000000000258e-01 1.821899999999999908e-02 -9.799149999999999805e-01 -1.993949999999999889e-01 -2.703999999999999806e-03
1.900000000000000000e+01 2.000000000000000000e+00 1.900000000000000000e+01 0.000000000000000000e+00 1.600000000000000089e+00 8.052999999999999395e-03 -2.505999999999999894e-02 -9.996540000000000425e-01 1.917979999999999963e-01 -9.810860000000000136e-01 2.614000000000000004e-02 -9.814009999999999678e-01 -1.919420000000000015e-01 -3.093999999999999962e-03
2.300000000000000000e+01 2.000000000000000000e+00 1.900000000000000000e+01 0.000000000000000000e+00 1.600000000000000089e+00 3.847999999999999858e-03 -1.650799999999999837e-02 -9.998559999999999670e-01 1.827910000000000090e-01 -9.830060000000000464e-01 1.693300000000000013e-02 -9.831440000000000179e-01 -1.828299999999999925e-01 -7.649999999999999465e-04
9.000000000000000000e+00 4.000000000000000000e+00 2.000000000000000000e+01 0.000000000000000000e+00 1.600000000000000089e+00 -2.318999999999999881e-03 3.552000000000000036e-03 -9.999909999999999632e-01 2.775279999999999969e-01 -9.607090000000000352e-01 -4.055999999999999710e-03 -9.607149999999999856e-01 -2.775349999999999762e-01 1.242000000000000048e-03
1.400000000000000000e+01 4.000000000000000000e+00 2.000000000000000000e+01 0.000000000000000000e+00 1.600000000000000089e+00 3.419000000000000164e-03 -6.203000000000000180e-03 -9.999749999999999472e-01 2.699360000000000093e-01 -9.628539999999999877e-01 6.896000000000000220e-03 -9.628719999999999501e-01 -2.699529999999999985e-01 -1.618000000000000081e-03
2.000000000000000000e+01 4.000000000000000000e+00 2.000000000000000000e+01 0.000000000000000000e+00 1.600000000000000089e+00 6.322000000000000362e-03 -1.418299999999999943e-02 -9.998789999999999623e-01 2.656669999999999865e-01 -9.639429999999999943e-01 1.535300000000000033e-02 -9.640440000000000120e-01 -2.657320000000000237e-01 -2.327000000000000075e-03
6.000000000000000000e+00 1.300000000000000000e+01 2.000000000000000000e+01 0.000000000000000000e+00 1.600000000000000089e+00 1.817999999999999955e-03 1.949599999999999944e-02 9.998080000000000300e-01 2.561990000000000101e-01 9.664310000000000400e-01 -1.931099999999999831e-02 -9.666219999999999812e-01 2.561849999999999961e-01 -3.237999999999999993e-03
1.200000000000000000e+01 1.300000000000000000e+01 2.000000000000000000e+01 0.000000000000000000e+00 1.600000000000000089e+00 1.477000000000000014e-03 2.791000000000000078e-03 9.999949999999999672e-01 2.520060000000000078e-01 9.677210000000000534e-01 -3.073000000000000211e-03 -9.677249999999999464e-01 2.520089999999999830e-01 7.259999999999999743e-04
1.700000000000000000e+01 1.300000000000000000e+01 2.000000000000000000e+01 0.000000000000000000e+00 1.600000000000000089e+00 1.178000000000000011e-03 1.263000000000000017e-03 9.999989999999999712e-01 2.509759999999999769e-01 9.679919999999999636e-01 -1.518000000000000035e-03 -9.679929999999999923e-01 2.509770000000000056e-01 8.239999999999999712e-04
2.300000000000000000e+01 1.300000000000000000e+01 2.000000000000000000e+01 0.000000000000000000e+00 1.600000000000000089e+00 1.804000000000000048e-03 6.466000000000000393e-03 9.999770000000000048e-01 2.505060000000000064e-01 9.680919999999999526e-01 -6.712000000000000084e-03 -9.681130000000000013e-01 2.505120000000000124e-01 1.259999999999999998e-04
2.900000000000000000e+01 1.300000000000000000e+01 2.000000000000000000e+01 0.000000000000000000e+00 1.600000000000000089e+00 -3.370000000000000057e-04 -6.260000000000000373e-04 1.000000000000000000e+00 2.504310000000000147e-01 9.681340000000000501e-01 6.909999999999999910e-04 -9.681340000000000501e-01 2.504310000000000147e-01 -1.689999999999999879e-04
6.000000000000000000e+00 1.600000000000000000e+01 2.100000000000000000e+01 0.000000000000000000e+00 1.600000000000000089e+00 -1.183000000000000024e-03 4.445000000000000166e-03 9.999890000000000168e-01 3.006260000000000043e-01 9.537339999999999707e-01 -3.883999999999999866e-03 -9.537409999999999499e-01 3.006190000000000251e-01 -2.465000000000000177e-03
1.300000000000000000e+01 1.600000000000000000e+01 2.100000000000000000e+01 0.000000000000000000e+00 1.600000000000000089e+00 1.624999999999999925e-03 1.033000000000000064e-03 9.999980000000000535e-01 2.985499999999999821e-01 9.543930000000000469e-01 -1.471000000000000085e-03 -9.543930000000000469e-01 2.985519999999999841e-01 1.242999999999999964e-03
1.800000000000000000e+01 1.600000000000000000e+01 2.100000000000000000e+01 0.000000000000000000e+00 1.600000000000000089e+00 1.255000000000000039e-03 2.552000000000000015e-03 9.999959999999999960e-01 2.986159999999999926e-01 9.543690000000000229e-01 -2.811000000000000131e-03 -9.543719999999999981e-01 2.986179999999999946e-01 4.360000000000000269e-04
2.400000000000000000e+01 1.600000000000000000e+01 2.100000000000000000e+01 0.000000000000000000e+00 1.600000000000000089e+00 1.613000000000000067e-03 5.329000000000000403e-03 9.999850000000000128e-01 2.978109999999999924e-01 9.546090000000000408e-01 -5.568000000000000033e-03 -9.546240000000000281e-01 2.978149999999999964e-01 -4.699999999999999724e-05
3.000000000000000000e+00 3.000000000000000000e+00 2.500000000000000000e+01 0.000000000000000000e+00 1.600000000000000089e+00 2.895299999999999957e-02 3.239000000000000126e-03 9.995760000000000201e-01 -2.911299999999999999e-02 -9.995680000000000121e-01 4.082999999999999824e-03 9.991569999999999618e-01 -2.921899999999999845e-02 -2.884600000000000011e-02
1.000000000000000000e+01 3.000000000000000000e+00 2.500000000000000000e+01 0.000000000000000000e+00 1.600000000000000089e+00 1.564499999999999919e-02 3.703000000000000128e-03 9.998709999999999543e-01 -1.869200000000000028e-02 -9.998169999999999558e-01 3.995000000000000287e-03 9.997030000000000083e-01 -1.875200000000000131e-02 -1.557300000000000004e-02
2.700000000000000000e+01 3.000000000000000000e+00 2.500000000000000000e+01 0.000000000000000000e+00 1.600000000000000089e+00 -4.360000000000000269e-04 5.360000000000000181e-03 9.999860000000000415e-01 -3.041100000000000053e-02 -9.995230000000000503e-01 5.343999999999999792e-03 9.995370000000000088e-01 -3.040899999999999853e-02 5.990000000000000316e-04
8.000000000000000000e+00 4.600000000000000000e+01 2.700000000000000000e+01 0.000000000000000000e+00 1.600000000000000089e+00 -2.089999999999999844e-03 -2.393000000000000162e-03 -9.999949999999999672e-01 6.584299999999999597e-01 7.526359999999999717e-01 -3.177000000000000136e-03 7.526389999999999469e-01 -6.584330000000000460e-01 1.999999999999999909e-06
1.400000000000000000e+01 4.600000000000000000e+01 2.700000000000000000e+01 0.000000000000000000e+00 1.600000000000000089e+00 1.314999999999999980e-03 5.742999999999999841e-03 -9.999829999999999552e-01 6.604299999999999615e-01 7.508700000000000374e-01 5.180999999999999842e-03 7.508869999999999711e-01 -6.604250000000000398e-01 -2.805000000000000202e-03
3.000000000000000000e+01 4.600000000000000000e+01 2.700000000000000000e+01 0.000000000000000000e+00 1.600000000000000089e+00 -1.002000000000000069e-03 -5.059000000000000129e-03 -9.999869999999999592e-01 6.757119999999999793e-01 7.371520000000000294e-01 -4.406000000000000194e-03 7.371649999999999592e-01 -6.757079999999999753e-01 2.680000000000000090e-03
3.000000000000000000e+00 1.100000000000000000e+01 3.000000000000000000e+01 0.000000000000000000e+00 1.600000000000000089e+00 3.667800000000000227e-02 8.252460000000000351e-01 5.635820000000000274e-01 -2.407910000000000050e-01 -5.400470000000000548e-01 8.064550000000000329e-01 9.698839999999999684e-01 -1.652839999999999865e-01 1.789040000000000075e-01
2.700000000000000000e+01 4.600000000000000000e+01 3.000000000000000000e+01 0.000000000000000000e+00 1.600000000000000089e+00 7.619999999999999820e-04 -1.306000000000000086e-03 -9.999989999999999712e-01 3.412609999999999810e-01 9.399680000000000257e-01 -9.680000000000000019e-04 9.399680000000000257e-01 -3.412600000000000078e-01 1.162000000000000055e-03
4.000000000000000000e+00 5.800000000000000000e+01 3.100000000000000000e+01 0.000000000000000000e+00 1.600000000000000089e+00 -2.465999999999999876e-03 -1.209999999999999921e-03 9.999959999999999960e-01 -7.689240000000000519e-01 -6.393349999999999866e-01 -2.668999999999999932e-03 6.393360000000000154e-01 -7.689270000000000271e-01 6.459999999999999814e-04
1.100000000000000000e+01 5.800000000000000000e+01 3.100000000000000000e+01 0.000000000000000000e+00 1.600000000000000089e+00 5.266999999999999980e-03 3.275999999999999832e-03 9.999810000000000088e-01 -7.731550000000000367e-01 -6.341869999999999452e-01 6.150000000000000085e-03 6.341949999999999532e-01 -7.731729999999999992e-01 -8.069999999999999916e-04
1.600000000000000000e+01 5.800000000000000000e+01 3.100000000000000000e+01 0.000000000000000000e+00 1.600000000000000089e+00 3.399999999999999811e-03 4.592999999999999861e-03 9.999839999999999840e-01 -7.729139999999999899e-01 -6.344870000000000232e-01 5.542000000000000051e-03 6.345020000000000104e-01 -7.729200000000000514e-01 1.392000000000000008e-03
2.000000000000000000e+01 5.800000000000000000e+01 3.100000000000000000e+01 0.000000000000000000e+00 1.600000000000000089e+00 2.203000000000000097e-03 1.005000000000000034e-03 9.999970000000000248e-01 -7.747230000000000505e-01 -6.322969999999999979e-01 2.341999999999999898e-03 6.322969999999999979e-01 -7.747260000000000257e-01 -6.139999999999999625e-04
2.300000000000000000e+01 5.800000000000000000e+01 3.100000000000000000e+01 0.000000000000000000e+00 1.600000000000000089e+00 -5.526999999999999795e-03 -6.408999999999999767e-03 9.999639999999999640e-01 -7.779850000000000376e-01 -6.282269999999999799e-01 -8.326999999999999333e-03 6.282579999999999831e-01 -7.780030000000000001e-01 -1.513999999999999938e-03
2.700000000000000000e+01 5.800000000000000000e+01 3.100000000000000000e+01 0.000000000000000000e+00 1.600000000000000089e+00 -7.531000000000000368e-03 -1.091199999999999982e-02 9.999120000000000230e-01 -7.808549999999999658e-01 -6.245829999999999993e-01 -1.269699999999999995e-02 6.246669999999999723e-01 -7.808819999999999650e-01 -3.817000000000000080e-03
3.000000000000000000e+01 5.800000000000000000e+01 3.100000000000000000e+01 0.000000000000000000e+00 1.600000000000000089e+00 -6.847999999999999921e-03 -6.016999999999999779e-03 9.999580000000000135e-01 -7.842170000000000529e-01 -6.204199999999999715e-01 -9.103999999999999246e-03 6.204490000000000283e-01 -7.842470000000000274e-01 -4.699999999999999859e-04
7.000000000000000000e+00 1.800000000000000000e+01 3.200000000000000000e+01 0.000000000000000000e+00 1.600000000000000089e+00 -8.784000000000000141e-02 6.701709999999999612e-01 7.369909999999999517e-01 -3.894989999999999841e-01 -7.040549999999999864e-01 5.937980000000000480e-01 9.168290000000000051e-01 -2.348979999999999957e-01 3.228750000000000231e-01
8.000000000000000000e+00 1.900000000000000000e+01 3.300000000000000000e+01 0.000000000000000000e+00 1.600000000000000089e+00 -1.275260000000000005e-01 6.351459999999999884e-01 7.617920000000000247e-01 -5.165950000000000264e-01 -6.981910000000000061e-01 4.956389999999999962e-01 8.466799999999999882e-01 -3.303320000000000145e-01 4.171509999999999940e-01
3.000000000000000000e+00 4.600000000000000000e+01 3.500000000000000000e+01 0.000000000000000000e+00 1.600000000000000089e+00 -2.110000000000000059e-04 9.290000000000000297e-04 -1.000000000000000000e+00 3.886519999999999975e-01 -9.213839999999999808e-01 -9.380000000000000317e-04 -9.213839999999999808e-01 -3.886519999999999975e-01 -1.659999999999999963e-04
1.100000000000000000e+01 4.600000000000000000e+01 3.500000000000000000e+01 0.000000000000000000e+00 1.600000000000000089e+00 4.960000000000000216e-04 8.369999999999999619e-04 -1.000000000000000000e+00 3.903499999999999748e-01 -9.206659999999999844e-01 -5.770000000000000389e-04 -9.206659999999999844e-01 -3.903499999999999748e-01 -7.829999999999999504e-04
1.500000000000000000e+01 4.600000000000000000e+01 3.500000000000000000e+01 0.000000000000000000e+00 1.600000000000000089e+00 2.014999999999999864e-03 5.060000000000000478e-04 -9.999980000000000535e-01 3.899489999999999901e-01 -9.208359999999999879e-01 3.200000000000000262e-04 -9.208340000000000414e-01 -3.899489999999999901e-01 -2.053000000000000137e-03
2.100000000000000000e+01 4.600000000000000000e+01 3.500000000000000000e+01 0.000000000000000000e+00 1.600000000000000089e+00 1.293000000000000095e-03 3.340999999999999786e-03 -9.999940000000000495e-01 3.912340000000000262e-01 -9.202879999999999949e-01 -2.569000000000000103e-03 -9.202900000000000524e-01 -3.912280000000000202e-01 -2.497000000000000088e-03
2.600000000000000000e+01 4.600000000000000000e+01 3.500000000000000000e+01 0.000000000000000000e+00 1.600000000000000089e+00 -5.749999999999999903e-04 1.454999999999999913e-03 -9.999989999999999712e-01 3.913579999999999837e-01 -9.202369999999999717e-01 -1.564000000000000069e-03 -9.202380000000000004e-01 -3.913579999999999837e-01 -4.000000000000000327e-05
3.000000000000000000e+00 9.500000000000000000e+01 3.600000000000000000e+01 0.000000000000000000e+00 1.600000000000000089e+00 -6.486799999999999511e-02 3.969999999999999918e-02 9.971039999999999903e-01 9.957930000000000392e-01 6.737700000000000633e-02 6.210000000000000242e-02 -6.471599999999999575e-02 9.969369999999999621e-01 -4.390299999999999758e-02
1.800000000000000000e+01 9.500000000000000000e+01 3.600000000000000000e+01 0.000000000000000000e+00 1.600000000000000089e+00 2.230899999999999897e-02 1.278199999999999996e-02 9.996690000000000298e-01 9.968550000000000466e-01 7.577499999999999514e-02 -2.321499999999999952e-02 -7.604700000000000348e-02 9.970430000000000126e-01 -1.105100000000000006e-02
2.900000000000000000e+01 9.500000000000000000e+01 3.600000000000000000e+01 0.000000000000000000e+00 1.600000000000000089e+00 -3.206200000000000022e-02 -4.174900000000000139e-02 9.986140000000000017e-01 9.971870000000000456e-01 6.639100000000000557e-02 3.479199999999999654e-02 -6.775100000000000566e-02 9.969200000000000284e-01 3.950300000000000339e-02
4.000000000000000000e+00 2.200000000000000000e+01 3.700000000000000000e+01 0.000000000000000000e+00 1.600000000000000089e+00 -1.548399999999999950e-02 6.350090000000000456e-01 -7.723499999999999810e-01 6.673689999999999900e-01 -5.686400000000000343e-01 -4.809030000000000249e-01 -7.445659999999999501e-01 -5.228890000000000482e-01 -4.149809999999999888e-01
9.000000000000000000e+00 2.800000000000000000e+01 3.700000000000000000e+01 0.000000000000000000e+00 1.600000000000000089e+00 -2.415099999999999886e-02 -1.671519999999999950e-01 -9.856350000000000389e-01 -7.197289999999999521e-01 -6.813599999999999657e-01 1.331869999999999998e-01 -6.938349999999999795e-01 7.126069999999999904e-01 -1.038489999999999969e-01
3.000000000000000000e+01 2.500000000000000000e+01 4.000000000000000000e+01 0.000000000000000000e+00 1.600000000000000089e+00 3.016100000000000031e-02 -4.057419999999999916e-01 -9.134900000000000242e-01 -7.317590000000000483e-01 -6.315209999999999990e-01 2.563389999999999835e-01 -6.808950000000000280e-01 6.607229999999999492e-01 -3.159529999999999839e-01
6.000000000000000000e+00 3.400000000000000000e+01 4.000000000000000000e+01 0.000000000000000000e+00 1.600000000000000089e+00 -1.389029999999999987e-01 3.816249999999999920e-01 -9.138209999999999944e-01 5.421519999999999673e-01 8.015050000000000230e-01 2.523119999999999807e-01 8.287200000000000122e-01 -4.603829999999999867e-01 -3.182309999999999861e-01
1.100000000000000000e+01 1.300000000000000000e+01 4.100000000000000000e+01 0.000000000000000000e+00 1.600000000000000089e+00 -4.605299999999999672e-02 1.380139999999999978e-01 9.893589999999999884e-01 -7.061910000000000132e-01 -7.049870000000000303e-01 6.547200000000000242e-02 7.065219999999999834e-01 -6.956620000000000026e-01 1.299309999999999909e-01
1.200000000000000000e+01 1.400000000000000000e+01 4.200000000000000000e+01 0.000000000000000000e+00 1.600000000000000089e+00 -5.937699999999999922e-02 1.250219999999999942e-01 9.903760000000000341e-01 -6.229510000000000325e-01 -7.798709999999999809e-01 6.110000000000000153e-02 7.800040000000000306e-01 -6.133269999999999555e-01 1.241889999999999938e-01
1.300000000000000000e+01 3.000000000000000000e+00 4.300000000000000000e+01 0.000000000000000000e+00 1.600000000000000089e+00 4.670000000000000214e-04 1.027699999999999968e-02 -9.999470000000000303e-01 7.435869999999999980e-01 -6.686079999999999801e-01 -6.524000000000000285e-03 -6.686389999999999834e-01 -7.435439999999999827e-01 -7.955000000000000265e-03
1.700000000000000000e+01 3.000000000000000000e+00 4.300000000000000000e+01 0.000000000000000000e+00 1.600000000000000089e+00 -1.160000000000000007e-04 1.005999999999999950e-03 -9.999989999999999712e-01 7.411750000000000282e-01 -6.713109999999999911e-01 -7.609999999999999577e-04 -6.713120000000000198e-01 -7.411750000000000282e-01 -6.679999999999999740e-04
3.000000000000000000e+00 8.000000000000000000e+00 4.400000000000000000e+01 0.000000000000000000e+00 1.600000000000000089e+00 1.539000000000000003e-03 3.591000000000000008e-03 9.999919999999999920e-01 -7.892620000000000191e-01 -6.140480000000000382e-01 3.419999999999999863e-03 6.140550000000000175e-01 -7.892609999999999904e-01 1.889000000000000054e-03
8.000000000000000000e+00 8.000000000000000000e+00 4.400000000000000000e+01 0.000000000000000000e+00 1.600000000000000089e+00 6.143000000000000023e-03 1.258399999999999970e-02 9.999019999999999575e-01 -7.901139999999999830e-01 -6.128299999999999859e-01 1.256700000000000005e-02 6.129289999999999461e-01 -7.901139999999999830e-01 6.178000000000000332e-03
1.600000000000000000e+01 6.500000000000000000e+01 4.600000000000000000e+01 0.000000000000000000e+00 1.600000000000000089e+00 -2.566000000000000138e-03 -1.119999999999999902e-03 9.999959999999999960e-01 6.798300000000000454e-01 -7.333690000000000486e-01 9.229999999999999923e-04 7.333659999999999624e-01 6.798290000000000166e-01 2.642999999999999950e-03
2.900000000000000000e+01 6.500000000000000000e+01 4.600000000000000000e+01 0.000000000000000000e+00 1.600000000000000089e+00 4.440000000000000045e-04 2.939999999999999905e-03 9.999959999999999960e-01 6.797029999999999461e-01 -7.334850000000000536e-01 1.853999999999999962e-03 7.334870000000000001e-01 6.796990000000000531e-01 -2.324000000000000111e-03
2.000000000000000000e+01 2.100000000000000000e+01 4.800000000000000000e+01 0.000000000000000000e+00 1.600000000000000089e+00 -2.853000000000000067e-03 -2.890000000000000208e-03 -9.999919999999999920e-01 3.069350000000000134e-01 9.517240000000000144e-01 -3.625999999999999883e-03 9.517259999999999609e-01 -3.069419999999999926e-01 -1.827999999999999981e-03
8.000000000000000000e+00 6.000000000000000000e+00 5.100000000000000000e+01 0.000000000000000000e+00 1.600000000000000089e+00 1.710000000000000094e-04 4.214999999999999997e-03 -9.999909999999999632e-01 3.186510000000000176e-01 -9.478640000000000398e-01 -3.941000000000000059e-03 -9.478720000000000478e-01 -3.186470000000000136e-01 -1.505000000000000044e-03
1.400000000000000000e+01 7.000000000000000000e+00 5.200000000000000000e+01 0.000000000000000000e+00 1.600000000000000089e+00 4.800000000000000122e-04 -3.939999999999999817e-04 -1.000000000000000000e+00 9.365400000000000114e-02 -9.956049999999999622e-01 4.380000000000000213e-04 -9.956049999999999622e-01 -9.365500000000000214e-02 -4.409999999999999858e-04
7.000000000000000000e+00 6.300000000000000000e+01 5.400000000000000000e+01 0.000000000000000000e+00 1.600000000000000089e+00 1.008999999999999914e-03 2.049000000000000127e-02 9.997890000000000388e-01 -3.584260000000000224e-01 9.333700000000000330e-01 -1.876699999999999896e-02 -9.335579999999999989e-01 -3.583319999999999839e-01 8.285999999999999963e-03
1.800000000000000000e+01 6.300000000000000000e+01 5.400000000000000000e+01 0.000000000000000000e+00 1.600000000000000089e+00 3.184999999999999897e-03 -3.429999999999999889e-04 9.999949999999999672e-01 -3.830859999999999821e-01 9.237109999999999488e-01 1.536999999999999955e-03 -9.237069999999999448e-01 -3.830890000000000128e-01 2.809999999999999998e-03
2.800000000000000000e+01 6.300000000000000000e+01 5.400000000000000000e+01 0.000000000000000000e+00 1.600000000000000089e+00 -4.068999999999999700e-03 -1.478299999999999927e-02 9.998820000000000485e-01 -3.978349999999999942e-01 9.173789999999999445e-01 1.194399999999999976e-02 -9.174480000000000413e-01 -3.977399999999999824e-01 -9.613999999999999282e-03
5.000000000000000000e+00 2.400000000000000000e+01 5.500000000000000000e+01 0.000000000000000000e+00 1.600000000000000089e+00 -4.271799999999999903e-02 1.331849999999999978e-01 -9.901699999999999946e-01 1.823100000000000068e-02 9.910139999999999505e-01 1.325119999999999909e-01 9.989209999999999479e-01 -1.239099999999999924e-02 -4.476200000000000317e-02
1.600000000000000000e+01 2.500000000000000000e+01 5.500000000000000000e+01 0.000000000000000000e+00 1.600000000000000089e+00 -1.519900000000000070e-02 -2.208019999999999983e-01 9.751999999999999558e-01 4.183100000000000013e-02 9.743190000000000461e-01 2.212540000000000062e-01 -9.990090000000000359e-01 4.415600000000000080e-02 -5.571999999999999696e-03
1.800000000000000000e+01 2.600000000000000000e+01 5.500000000000000000e+01 0.000000000000000000e+00 1.600000000000000089e+00 -1.579500000000000001e-02 -2.918729999999999936e-01 9.563270000000000381e-01 9.107000000000000511e-03 9.563639999999999919e-01 2.920340000000000158e-01 -9.998340000000000005e-01 1.332200000000000051e-02 -1.244800000000000073e-02
6.000000000000000000e+00 5.300000000000000000e+01 5.500000000000000000e+01 0.000000000000000000e+00 1.600000000000000089e+00 4.862099999999999755e-02 -5.731810000000000516e-01 8.179849999999999621e-01 1.033199999999999917e-02 8.191979999999999817e-01 5.734169999999999545e-01 -9.987639999999999851e-01 -1.942899999999999835e-02 4.575200000000000100e-02
5.000000000000000000e+00 2.600000000000000000e+01 5.600000000000000000e+01 0.000000000000000000e+00 1.600000000000000089e+00 -1.394699999999999933e-02 1.160059999999999980e-01 -9.931510000000000060e-01 8.514000000000000734e-03 9.932250000000000245e-01 1.158949999999999980e-01 9.998660000000000325e-01 -6.838999999999999593e-03 -1.484100000000000003e-02
8.000000000000000000e+00 2.000000000000000000e+01 6.000000000000000000e+01 0.000000000000000000e+00 1.600000000000000089e+00 4.910000000000000085e-04 -4.377999999999999947e-03 9.999900000000000455e-01 -6.498700000000000310e-02 9.978759999999999852e-01 4.400000000000000265e-03 -9.978860000000000507e-01 -6.498900000000000510e-02 2.059999999999999928e-04
1.300000000000000000e+01 2.000000000000000000e+01 6.000000000000000000e+01 0.000000000000000000e+00 1.600000000000000089e+00 1.453000000000000081e-03 9.970000000000000563e-04 9.999980000000000535e-01 -6.478299999999999337e-02 9.978989999999999805e-01 -9.009999999999999997e-04 -9.978979999999999517e-01 -6.478100000000000525e-02 1.513999999999999938e-03
3.000000000000000000e+00 2.100000000000000000e+01 6.000000000000000000e+01 0.000000000000000000e+00 1.600000000000000089e+00 -1.796000000000000070e-03 -1.626000000000000058e-03 9.999970000000000248e-01 -9.776600000000000568e-02 9.952079999999999815e-01 1.443000000000000055e-03 -9.952079999999999815e-01 -9.776300000000000268e-02 -1.946999999999999946e-03
2.000000000000000000e+01 2.100000000000000000e+01 6.000000000000000000e+01 0.000000000000000000e+00 1.600000000000000089e+00 9.399999999999999719e-04 1.938999999999999968e-03 9.999980000000000535e-01 -9.559499999999999942e-02 9.954190000000000538e-01 -1.840000000000000056e-03 -9.954199999999999715e-01 -9.559299999999999742e-02 1.121000000000000035e-03
2.500000000000000000e+01 2.100000000000000000e+01 6.000000000000000000e+01 0.000000000000000000e+00 1.600000000000000089e+00 -4.319999999999999838e-04 8.379999999999999862e-04 1.000000000000000000e+00 -9.299899999999999833e-02 9.956660000000000510e-01 -8.750000000000000182e-04 -9.956660000000000510e-01 -9.299999999999999933e-02 -3.519999999999999908e-04
2.900000000000000000e+01 2.100000000000000000e+01 6.000000000000000000e+01 0.000000000000000000e+00 1.600000000000000089e+00 -1.626000000000000058e-03 2.915000000000000056e-03 9.999940000000000495e-01 -9.389400000000000523e-02 9.955770000000000453e-01 -3.054999999999999990e-03 -9.955810000000000493e-01 -9.389899999999999636e-02 -1.345000000000000058e-03
3.000000000000000000e+00 4.300000000000000000e+01 6.200000000000000000e+01 0.000000000000000000e+00 1.600000000000000089e+00 -8.726509999999999545e-01 1.627059999999999895e-01 4.604429999999999912e-01 -4.517169999999999797e-01 -6.272069999999999590e-01 -6.344790000000000152e-01 1.855600000000000027e-01 -7.616680000000000117e-01 6.208299999999999930e-01
1.300000000000000000e+01 3.000000000000000000e+00 6.300000000000000000e+01 0.000000000000000000e+00 1.600000000000000089e+00 8.329999999999999731e-04 2.906000000000000163e-03 9.999949999999999672e-01 -6.178059999999999663e-01 7.863280000000000269e-01 -1.770000000000000089e-03 -7.863299999999999734e-01 -6.178019999999999623e-01 2.449999999999999921e-03
4.000000000000000000e+00 2.700000000000000000e+01 6.300000000000000000e+01 0.000000000000000000e+00 1.600000000000000089e+00 6.250000000000000130e-04 -2.344999999999999862e-03 9.999970000000000248e-01 -2.803530000000000189e-01 9.598940000000000250e-01 2.426000000000000205e-03 -9.598970000000000002e-01 -2.803539999999999921e-01 -5.800000000000000034e-05
1.500000000000000000e+01 2.700000000000000000e+01 6.300000000000000000e+01 0.000000000000000000e+00 1.600000000000000089e+00 2.161999999999999859e-03 -4.166999999999999697e-03 9.999890000000000168e-01 -2.889410000000000034e-01 9.573359999999999648e-01 4.614000000000000046e-03 -9.573439999999999728e-01 -2.889479999999999826e-01 8.649999999999999920e-04
2.100000000000000000e+01 2.700000000000000000e+01 6.300000000000000000e+01 0.000000000000000000e+00 1.600000000000000089e+00 1.350999999999999987e-03 4.938999999999999814e-03 9.999869999999999592e-01 -2.809320000000000150e-01 9.597179999999999600e-01 -4.360000000000000160e-03 -9.597269999999999968e-01 -2.809229999999999783e-01 2.684000000000000188e-03
2.400000000000000000e+01 2.700000000000000000e+01 6.300000000000000000e+01 0.000000000000000000e+00 1.600000000000000089e+00 6.340000000000000149e-04 1.258999999999999920e-03 9.999989999999999712e-01 -2.801549999999999874e-01 9.599539999999999740e-01 -1.031000000000000015e-03 -9.599550000000000027e-01 -2.801540000000000141e-01 9.610000000000000486e-04
1.100000000000000000e+01 4.400000000000000000e+01 6.300000000000000000e+01 0.000000000000000000e+00 1.600000000000000089e+00 -2.068300000000000000e-02 -1.028320000000000067e-01 -9.944840000000000346e-01 -6.873439999999999550e-01 -7.208790000000000475e-01 8.883599999999999830e-02 -7.260379999999999612e-01 6.853900000000000547e-01 -5.577100000000000113e-02
1.500000000000000000e+01 4.400000000000000000e+01 6.300000000000000000e+01 0.000000000000000000e+00 1.600000000000000089e+00 -5.571999999999999696e-03 -1.339000000000000086e-02 -9.998949999999999783e-01 -6.595389999999999864e-01 -7.515439999999999898e-01 1.374000000000000048e-02 -7.516490000000000116e-01 6.595469999999999944e-01 -4.643999999999999691e-03
1.800000000000000000e+01 4.400000000000000000e+01 6.300000000000000000e+01 0.000000000000000000e+00 1.600000000000000089e+00 -4.104000000000000009e-03 -6.780000000000000002e-04 -9.999909999999999632e-01 -6.452529999999999655e-01 -7.639620000000000299e-01 3.165999999999999977e-03 -7.639580000000000259e-01 6.452609999999999735e-01 2.697999999999999877e-03
2.400000000000000000e+01 4.400000000000000000e+01 6.300000000000000000e+01 0.000000000000000000e+00 1.600000000000000089e+00 2.095000000000000074e-03 2.432399999999999840e-02 -9.997019999999999795e-01 -6.362079999999999957e-01 -7.712560000000000526e-01 -2.009899999999999881e-02 -7.715149999999999508e-01 6.360599999999999588e-01 1.385899999999999979e-02
2.700000000000000000e+01 4.400000000000000000e+01 6.300000000000000000e+01 0.000000000000000000e+00 1.600000000000000089e+00 6.728999999999999738e-03 1.966800000000000145e-02 -9.997840000000000060e-01 -6.351160000000000139e-01 -7.721710000000000518e-01 -1.946499999999999966e-02 -7.723870000000000458e-01 6.351099999999999524e-01 7.295000000000000269e-03
