5.000000000000000000e+00 1.500000000000000000e+01 4.000000000000000000e+00 0.000000000000000000e+00 1.600000000000000089e+00 -4.544000000000000296e-03 -5.509999999999999490e-04 9.999900000000000455e-01 3.171189999999999842e-01 -9.483850000000000335e-01 9.190000000000000035e-04 9.483749999999999680e-01 3.171200000000000130e-01 4.484000000000000138e-03
1.200000000000000000e+01 1.500000000000000000e+01 4.000000000000000000e+00 0.000000000000000000e+00 1.600000000000000089e+00 -2.252999999999999794e-03 1.275000000000000092e-03 9.999970000000000248e-01 3.125620000000000065e-01 -9.498950000000000449e-01 1.915000000000000036e-03 9.498950000000000449e-01 3.125649999999999817e-01 1.742000000000000059e-03
1.700000000000000000e+01 1.500000000000000000e+01 4.000000000000000000e+00 0.000000000000000000e+00 1.600000000000000089e+00 -2.464000000000000044e-03 1.346900000000000007e-02 9.999059999999999615e-01 3.146619999999999973e-01 -9.491070000000000340e-01 1.355999999999999914e-02 9.492009999999999614e-01 3.146660000000000013e-01 -1.899000000000000080e-03
2.600000000000000000e+01 1.500000000000000000e+01 4.000000000000000000e+00 0.000000000000000000e+00 1.600000000000000089e+00 -2.811999999999999830e-03 2.750299999999999967e-02 9.996180000000000065e-01 3.241999999999999882e-01 -9.456050000000000288e-01 2.692800000000000055e-02 9.459840000000000471e-01 3.241519999999999957e-01 -6.257000000000000409e-03
3.000000000000000000e+01 1.300000000000000000e+01 5.000000000000000000e+00 0.000000000000000000e+00 1.600000000000000089e+00 -3.952999999999999917e-03 5.408199999999999813e-02 9.985289999999999999e-01 3.204919999999999991e-01 -9.457959999999999701e-01 5.249500000000000000e-02 9.472429999999999461e-01 3.202280000000000126e-01 -1.359400000000000018e-02
2.500000000000000000e+01 1.010000000000000000e+02 7.000000000000000000e+00 0.000000000000000000e+00 1.600000000000000089e+00 -1.049000000000000019e-03 -6.376999999999999856e-03 9.999789999999999512e-01 8.879409999999999803e-01 4.599420000000000175e-01 3.863999999999999813e-03 -4.599570000000000047e-01 8.879259999999999931e-01 5.179999999999999709e-03
6.000000000000000000e+00 2.500000000000000000e+01 8.000000000000000000e+00 0.000000000000000000e+00 1.600000000000000089e+00 5.199999999999999680e-05 -9.699999999999999963e-05 -1.000000000000000000e+00 4.441450000000000120e-01 8.959549999999999459e-01 -6.399999999999999710e-05 8.959549999999999459e-01 -4.441450000000000120e-01 9.000000000000000567e-05
1.400000000000000000e+01 2.500000000000000000e+01 8.000000000000000000e+00 0.000000000000000000e+00 1.600000000000000089e+00 -2.441000000000000027e-03 -4.414999999999999654e-03 -9.999869999999999592e-01 4.452479999999999771e-01 8.953929999999999945e-01 -5.041000000000000342e-03 8.954039999999999777e-01 -4.452539999999999831e-01 -2.200000000000000078e-04
1.700000000000000000e+01 2.500000000000000000e+01 8.000000000000000000e+00 0.000000000000000000e+00 1.600000000000000089e+00 -1.616000000000000032e-03 -4.219999999999999793e-03 -9.999900000000000455e-01 4.444850000000000190e-01 8.957749999999999879e-01 -4.498000000000000262e-03 8.957850000000000534e-01 -4.444879999999999942e-01 4.279999999999999950e-04
2.300000000000000000e+01 2.500000000000000000e+01 8.000000000000000000e+00 0.000000000000000000e+00 1.600000000000000089e+00 -1.446000000000000020e-03 -5.951999999999999826e-03 -9.999810000000000088e-01 4.459779999999999855e-01 8.950240000000000418e-01 -5.971999999999999878e-03 8.950430000000000330e-01 -4.459790000000000143e-01 1.360000000000000098e-03
7.000000000000000000e+00 2.400000000000000000e+01 9.000000000000000000e+00 0.000000000000000000e+00 1.600000000000000089e+00 -6.710000000000000469e-04 -4.244999999999999642e-03 -9.999909999999999632e-01 4.505850000000000133e-01 8.927239999999999620e-01 -4.092000000000000151e-03 8.927329999999999988e-01 -4.505839999999999845e-01 1.314000000000000064e-03
1.600000000000000000e+01 2.400000000000000000e+01 9.000000000000000000e+00 0.000000000000000000e+00 1.600000000000000089e+00 -1.466000000000000072e-03 -5.105000000000000163e-03 -9.999860000000000415e-01 4.501660000000000106e-01 8.929300000000000015e-01 -5.218000000000000416e-03 8.929439999999999600e-01 -4.501669999999999838e-01 9.890000000000000787e-04
2.400000000000000000e+01 2.400000000000000000e+01 9.000000000000000000e+00 0.000000000000000000e+00 1.600000000000000089e+00 -1.686999999999999915e-03 -8.286999999999999228e-03 -9.999639999999999640e-01 4.513159999999999950e-01 8.923269999999999813e-01 -8.156999999999999321e-03 8.923630000000000173e-01 -4.513130000000000197e-01 2.235000000000000007e-03
2.800000000000000000e+01 2.400000000000000000e+01 9.000000000000000000e+00 0.000000000000000000e+00 1.600000000000000089e+00 -1.760999999999999979e-03 -9.102999999999999980e-03 -9.999569999999999848e-01 4.510370000000000212e-01 8.924600000000000311e-01 -8.918000000000000579e-03 8.925030000000000463e-01 -4.510339999999999905e-01 2.533999999999999794e-03
8.000000000000000000e+00 3.100000000000000000e+01 1.200000000000000000e+01 0.000000000000000000e+00 1.600000000000000089e+00 -1.224999999999999960e-03 -1.353000000000000036e-03 9.999980000000000535e-01 2.519999999999999996e-04 9.999989999999999712e-01 1.353000000000000036e-03 -9.999989999999999712e-01 2.539999999999999940e-04 -1.224999999999999960e-03
1.800000000000000000e+01 3.100000000000000000e+01 1.200000000000000000e+01 0.000000000000000000e+00 1.600000000000000089e+00 8.769999999999999584e-04 -3.089999999999999756e-04 1.000000000000000000e+00 -1.856000000000000011e-03 9.999980000000000535e-01 3.099999999999999999e-04 -9.999980000000000535e-01 -1.856999999999999927e-03 8.760000000000000425e-04
2.500000000000000000e+01 3.100000000000000000e+01 1.200000000000000000e+01 0.000000000000000000e+00 1.600000000000000089e+00 1.230000000000000082e-04 -3.720000000000000216e-03 9.999930000000000208e-01 -3.612000000000000193e-03 9.999869999999999592e-01 3.720999999999999915e-03 -9.999930000000000208e-01 -3.612000000000000193e-03 1.100000000000000039e-04
1.900000000000000000e+01 3.500000000000000000e+01 1.200000000000000000e+01 0.000000000000000000e+00 1.600000000000000089e+00 3.458999999999999835e-03 -4.135999999999999920e-03 -9.999850000000000128e-01 5.726590000000000291e-01 -8.197759999999999492e-01 5.370999999999999906e-03 -8.197870000000000434e-01 -5.726689999999999836e-01 -4.670000000000000214e-04
2.400000000000000000e+01 3.500000000000000000e+01 1.200000000000000000e+01 0.000000000000000000e+00 1.600000000000000089e+00 5.969999999999999829e-04 -4.406000000000000194e-03 -9.999900000000000455e-01 5.537090000000000067e-01 -8.327010000000000245e-01 3.998999999999999951e-03 -8.327099999999999502e-01 -5.537060000000000315e-01 1.943000000000000066e-03
2.900000000000000000e+01 3.500000000000000000e+01 1.200000000000000000e+01 0.000000000000000000e+00 1.600000000000000089e+00 4.797000000000000049e-03 -2.299999999999999961e-03 -9.999860000000000415e-01 5.366140000000000354e-01 -8.438160000000000105e-01 4.514999999999999916e-03 -8.438139999999999530e-01 -5.366279999999999939e-01 -2.812999999999999962e-03
3.000000000000000000e+00 3.200000000000000000e+01 1.400000000000000000e+01 0.000000000000000000e+00 1.600000000000000089e+00 1.392000000000000008e-03 1.539000000000000003e-03 -9.999980000000000535e-01 1.012600000000000028e-01 9.948590000000000488e-01 1.672000000000000092e-03 9.948590000000000488e-01 -1.012620000000000048e-01 1.229000000000000058e-03
1.200000000000000000e+01 3.200000000000000000e+01 1.400000000000000000e+01 0.000000000000000000e+00 1.600000000000000089e+00 -1.691000000000000012e-03 -8.430999999999999259e-03 -9.999630000000000463e-01 1.041959999999999970e-01 9.945199999999999596e-01 -8.560999999999999166e-03 9.945549999999999669e-01 -1.042059999999999931e-01 -8.030000000000000028e-04
4.000000000000000000e+00 1.200000000000000000e+01 1.500000000000000000e+01 0.000000000000000000e+00 1.600000000000000089e+00 1.912999999999999987e-03 4.590999999999999595e-03 -9.999879999999999880e-01 -4.681190000000000073e-01 -8.836509999999999643e-01 -4.952999999999999937e-03 -8.836629999999999763e-01 4.681230000000000113e-01 4.580000000000000195e-04
1.000000000000000000e+01 1.200000000000000000e+01 1.500000000000000000e+01 0.000000000000000000e+00 1.600000000000000089e+00 8.499999999999999526e-04 4.342999999999999639e-03 -9.999900000000000455e-01 -4.696569999999999911e-01 -8.828390000000000404e-01 -4.233999999999999916e-03 -8.828489999999999949e-01 4.696560000000000179e-01 1.288999999999999998e-03
1.300000000000000000e+01 1.200000000000000000e+01 1.500000000000000000e+01 0.000000000000000000e+00 1.600000000000000089e+00 -1.036000000000000029e-03 7.375999999999999744e-03 -9.999719999999999720e-01 -4.661799999999999833e-01 -8.846690000000000387e-01 -6.042999999999999761e-03 -8.846899999999999764e-01 4.661600000000000188e-01 4.355000000000000364e-03
1.800000000000000000e+01 1.200000000000000000e+01 1.500000000000000000e+01 0.000000000000000000e+00 1.600000000000000089e+00 8.670000000000000406e-04 7.943999999999999673e-03 -9.999679999999999680e-01 -4.596210000000000018e-01 -8.880839999999999845e-01 -7.453999999999999689e-03 -8.881149999999999878e-01 4.596129999999999938e-01 2.880999999999999880e-03
2.300000000000000000e+01 1.200000000000000000e+01 1.500000000000000000e+01 0.000000000000000000e+00 1.600000000000000089e+00 -7.339999999999999520e-04 1.120099999999999915e-02 -9.999369999999999647e-01 -4.517579999999999929e-01 -8.920879999999999921e-01 -9.660999999999999449e-03 -8.921400000000000441e-01 4.517220000000000124e-01 5.714999999999999594e-03
2.900000000000000000e+01 1.200000000000000000e+01 1.500000000000000000e+01 0.000000000000000000e+00 1.600000000000000089e+00 -4.362999999999999691e-03 6.151000000000000217e-03 -9.999719999999999720e-01 -4.314609999999999834e-01 -9.021240000000000370e-01 -3.667000000000000121e-03 -9.021209999999999507e-01 4.314330000000000109e-01 6.590000000000000371e-03
4.000000000000000000e+00 1.160000000000000000e+02 1.600000000000000000e+01 0.000000000000000000e+00 1.600000000000000089e+00 -3.438000000000000084e-03 -1.742000000000000059e-03 9.999930000000000208e-01 8.113270000000000204e-01 5.845799999999999885e-01 3.808000000000000187e-03 -5.845829999999999638e-01 8.113339999999999996e-01 -5.969999999999999829e-04
1.100000000000000000e+01 1.160000000000000000e+02 1.600000000000000000e+01 0.000000000000000000e+00 1.600000000000000089e+00 -1.289999999999999914e-04 3.150000000000000131e-04 1.000000000000000000e+00 7.435810000000000475e-01 6.686459999999999626e-01 -1.150000000000000035e-04 -6.686459999999999626e-01 7.435810000000000475e-01 -3.209999999999999963e-04
1.600000000000000000e+01 1.160000000000000000e+02 1.600000000000000000e+01 0.000000000000000000e+00 1.600000000000000089e+00 -3.370000000000000057e-04 2.592000000000000120e-03 9.999970000000000248e-01 7.491579999999999906e-01 6.623890000000000056e-01 -1.464000000000000024e-03 -6.623909999999999521e-01 7.491550000000000153e-01 -2.165999999999999957e-03
3.000000000000000000e+00 2.000000000000000000e+00 1.900000000000000000e+01 0.000000000000000000e+00 1.600000000000000089e+00 -1.245699999999999932e-02 1.178799999999999987e-02 -9.998529999999999918e-01 2.386729999999999963e-01 -9.709929999999999950e-01 -1.442099999999999979e-02 -9.710199999999999942e-01 -2.388170000000000015e-01 9.282000000000000320e-03
7.000000000000000000e+00 2.000000000000000000e+00 1.900000000000000000e+01 0.000000000000000000e+00 1.600000000000000089e+00 -5.812999999999999591e-03 2.594199999999999978e-02 -9.996469999999999523e-01 2.403520000000000101e-01 -9.703220000000000178e-01 -2.657899999999999846e-02 -9.706679999999999753e-01 -2.404209999999999958e-01 -5.950000000000000427e-04
1.600000000000000000e+01 2.000000000000000000e+00 1.900000000000000000e+01 0.000000000000000000e+00 1.600000000000000089e+00 2.692699999999999955e-02 6.263699999999999823e-02 -9.976730000000000320e-01 2.352980000000000071e-01 -9.703899999999999748e-01 -5.457399999999999751e-02 -9.715500000000000247e-01 -2.332809999999999884e-01 -4.086800000000000155e-02
2.200000000000000000e+01 2.000000000000000000e+00 1.900000000000000000e+01 0.000000000000000000e+00 1.600000000000000089e+00 2.920800000000000132e-02 7.661900000000000654e-02 -9.966329999999999911e-01 2.897680000000000256e-01 -9.548929999999999918e-01 -6.491800000000000348e-02 -9.566510000000000291e-01 -2.868959999999999844e-01 -5.009199999999999764e-02
2.700000000000000000e+01 2.000000000000000000e+00 1.900000000000000000e+01 0.000000000000000000e+00 1.600000000000000089e+00 2.451499999999999860e-02 5.471899999999999681e-02 -9.982010000000000050e-01 3.226979999999999849e-01 -9.454829999999999623e-01 -4.390399999999999858e-02 -9.461850000000000538e-01 -3.210410000000000208e-01 -4.083599999999999730e-02
1.800000000000000000e+01 4.000000000000000000e+00 2.000000000000000000e+01 0.000000000000000000e+00 1.600000000000000089e+00 1.870899999999999994e-02 4.669899999999999746e-02 -9.987340000000000106e-01 4.009869999999999823e-01 -9.154039999999999955e-01 -3.529100000000000292e-02 -9.158929999999999572e-01 -3.998189999999999800e-01 -3.585200000000000192e-02
2.500000000000000000e+01 4.000000000000000000e+00 2.000000000000000000e+01 0.000000000000000000e+00 1.600000000000000089e+00 2.495199999999999849e-02 2.325699999999999990e-02 -9.994180000000000286e-01 3.664459999999999940e-01 -9.303550000000000431e-01 -1.250099999999999996e-02 -9.301049999999999596e-01 -3.659209999999999963e-01 -3.173600000000000032e-02
2.800000000000000000e+01 4.000000000000000000e+00 2.000000000000000000e+01 0.000000000000000000e+00 1.600000000000000089e+00 2.256000000000000019e-02 1.875399999999999984e-02 -9.995699999999999585e-01 3.590590000000000170e-01 -9.332669999999999577e-01 -9.405999999999999431e-03 -9.330420000000000380e-01 -3.586920000000000108e-01 -2.778800000000000020e-02
1.000000000000000000e+00 1.300000000000000000e+01 2.000000000000000000e+01 0.000000000000000000e+00 1.600000000000000089e+00 1.453999999999999997e-03 -3.640000000000000006e-03 9.999919999999999920e-01 2.634059999999999735e-01 9.646799999999999820e-01 3.128000000000000138e-03 -9.646839999999999860e-01 2.633989999999999942e-01 2.361999999999999950e-03
7.000000000000000000e+00 1.300000000000000000e+01 2.000000000000000000e+01 0.000000000000000000e+00 1.600000000000000089e+00 -8.279999999999999600e-04 -3.199000000000000021e-03 9.999949999999999672e-01 2.658309999999999840e-01 9.640140000000000375e-01 3.304000000000000079e-03 -9.640189999999999593e-01 2.658320000000000127e-01 5.300000000000000078e-05
1.600000000000000000e+01 1.300000000000000000e+01 2.000000000000000000e+01 0.000000000000000000e+00 1.600000000000000089e+00 1.230000000000000082e-04 1.490000000000000005e-03 9.999989999999999712e-01 2.647189999999999821e-01 9.643239999999999590e-01 -1.469000000000000037e-03 -9.643260000000000165e-01 2.647189999999999821e-01 -2.750000000000000166e-04
2.200000000000000000e+01 1.300000000000000000e+01 2.000000000000000000e+01 0.000000000000000000e+00 1.600000000000000089e+00 3.130000000000000187e-04 5.180000000000000143e-04 1.000000000000000000e+00 2.626649999999999818e-01 9.648870000000000502e-01 -5.829999999999999679e-04 -9.648870000000000502e-01 2.626649999999999818e-01 1.659999999999999963e-04
2.700000000000000000e+01 1.300000000000000000e+01 2.000000000000000000e+01 0.000000000000000000e+00 1.600000000000000089e+00 2.640000000000000202e-04 1.010999999999999963e-03 9.999989999999999712e-01 2.607590000000000185e-01 9.654030000000000111e-01 -1.044999999999999922e-03 -9.654040000000000399e-01 2.607590000000000185e-01 -9.000000000000000228e-06
3.000000000000000000e+00 3.000000000000000000e+00 2.500000000000000000e+01 0.000000000000000000e+00 1.600000000000000089e+00 -1.528000000000000061e-03 3.134000000000000067e-03 9.999940000000000495e-01 -1.717799999999999883e-02 -9.998479999999999590e-01 3.108000000000000086e-03 9.998510000000000453e-01 -1.717300000000000076e-02 1.582000000000000073e-03
7.000000000000000000e+00 3.000000000000000000e+00 2.500000000000000000e+01 0.000000000000000000e+00 1.600000000000000089e+00 2.795999999999999874e-03 8.822999999999999246e-03 9.999569999999999848e-01 -2.018400000000000055e-02 -9.997570000000000068e-01 8.878000000000000475e-03 9.997920000000000140e-01 -2.020800000000000027e-02 -2.616999999999999969e-03
2.200000000000000000e+01 3.000000000000000000e+00 2.500000000000000000e+01 0.000000000000000000e+00 1.600000000000000089e+00 -1.240000000000000054e-04 1.343699999999999929e-02 9.999099999999999655e-01 -3.264800000000000341e-02 -9.993769999999999598e-01 1.342499999999999943e-02 9.994669999999999943e-01 -3.264399999999999941e-02 5.630000000000000239e-04
3.000000000000000000e+01 3.000000000000000000e+00 2.500000000000000000e+01 0.000000000000000000e+00 1.600000000000000089e+00 2.854000000000000200e-03 -4.164000000000000166e-03 9.999869999999999592e-01 -4.834100000000000202e-02 -9.988230000000000164e-01 -4.021000000000000268e-03 9.988270000000000204e-01 -4.832899999999999696e-02 -3.052000000000000025e-03
3.000000000000000000e+00 4.600000000000000000e+01 2.700000000000000000e+01 0.000000000000000000e+00 1.600000000000000089e+00 -6.570000000000000319e-04 9.979999999999999722e-04 -9.999989999999999712e-01 6.677699999999999747e-01 7.443680000000000296e-01 3.040000000000000167e-04 7.443680000000000296e-01 -6.677689999999999459e-01 -1.155999999999999910e-03
6.000000000000000000e+00 4.600000000000000000e+01 2.700000000000000000e+01 0.000000000000000000e+00 1.600000000000000089e+00 1.394999999999999973e-03 6.939999999999999555e-04 -9.999989999999999712e-01 6.713109999999999911e-01 7.411750000000000282e-01 1.451000000000000033e-03 7.411750000000000282e-01 -6.713120000000000198e-01 5.680000000000000370e-04
2.700000000000000000e+01 4.600000000000000000e+01 2.700000000000000000e+01 0.000000000000000000e+00 1.600000000000000089e+00 -1.899999999999999996e-03 8.000000000000000654e-05 -9.999980000000000535e-01 6.683040000000000092e-01 7.438879999999999937e-01 -1.211000000000000054e-03 7.438860000000000472e-01 -6.683050000000000379e-01 -1.466999999999999988e-03
2.400000000000000000e+01 4.600000000000000000e+01 3.000000000000000000e+01 0.000000000000000000e+00 1.600000000000000089e+00 -1.394999999999999973e-03 -1.810999999999999893e-03 -9.999970000000000248e-01 3.250069999999999903e-01 9.457090000000000218e-01 -2.167000000000000089e-03 9.457100000000000506e-01 -3.250089999999999923e-01 -7.309999999999999875e-04
5.000000000000000000e+00 5.800000000000000000e+01 3.100000000000000000e+01 0.000000000000000000e+00 1.600000000000000089e+00 1.353000000000000036e-03 4.542000000000000030e-03 9.999890000000000168e-01 -7.858880000000000310e-01 -6.183570000000000455e-01 3.872000000000000008e-03 6.183670000000000000e-01 -7.858840000000000270e-01 2.733000000000000186e-03
1.100000000000000000e+01 5.800000000000000000e+01 3.100000000000000000e+01 0.000000000000000000e+00 1.600000000000000089e+00 2.110000000000000059e-04 -7.630000000000000063e-04 1.000000000000000000e+00 -7.832459999999999978e-01 -6.217120000000000424e-01 -3.099999999999999999e-04 6.217120000000000424e-01 -7.832449999999999690e-01 -7.290000000000000473e-04
1.800000000000000000e+01 5.800000000000000000e+01 3.100000000000000000e+01 0.000000000000000000e+00 1.600000000000000089e+00 3.782999999999999904e-03 4.621000000000000107e-03 9.999820000000000375e-01 -7.781400000000000539e-01 -6.280630000000000379e-01 5.845999999999999634e-03 6.280790000000000539e-01 -7.781489999999999796e-01 1.219999999999999947e-03
2.800000000000000000e+01 5.800000000000000000e+01 3.100000000000000000e+01 0.000000000000000000e+00 1.600000000000000089e+00 -5.444000000000000054e-03 -2.353000000000000057e-03 9.999820000000000375e-01 -7.706650000000000444e-01 -6.372149999999999759e-01 -5.695000000000000409e-03 6.372170000000000334e-01 -7.706830000000000069e-01 1.655999999999999920e-03
4.000000000000000000e+00 4.600000000000000000e+01 3.500000000000000000e+01 0.000000000000000000e+00 1.600000000000000089e+00 -6.539999999999999590e-04 1.593999999999999931e-03 -9.999989999999999712e-01 3.901330000000000076e-01 -9.207570000000000476e-01 -1.722999999999999922e-03 -9.207579999999999654e-01 -3.901330000000000076e-01 -1.900000000000000105e-05
7.000000000000000000e+00 4.600000000000000000e+01 3.500000000000000000e+01 0.000000000000000000e+00 1.600000000000000089e+00 -4.499999999999999877e-04 -1.494000000000000102e-03 -9.999989999999999712e-01 3.908460000000000267e-01 -9.204550000000000232e-01 1.198999999999999979e-03 -9.204560000000000519e-01 -3.908449999999999980e-01 9.979999999999999722e-04
1.200000000000000000e+01 4.600000000000000000e+01 3.500000000000000000e+01 0.000000000000000000e+00 1.600000000000000089e+00 6.109999999999999980e-04 7.399999999999999894e-04 -1.000000000000000000e+00 3.911800000000000277e-01 -9.203139999999999654e-01 -4.420000000000000101e-04 -9.203139999999999654e-01 -3.911789999999999989e-01 -8.520000000000000013e-04
1.500000000000000000e+01 4.600000000000000000e+01 3.500000000000000000e+01 0.000000000000000000e+00 1.600000000000000089e+00 -1.430000000000000064e-04 2.742000000000000080e-03 -9.999959999999999960e-01 3.915409999999999724e-01 -9.201570000000000027e-01 -2.579000000000000129e-03 -9.201610000000000067e-01 -3.915399999999999991e-01 -9.420000000000000205e-04
1.900000000000000000e+01 4.600000000000000000e+01 3.500000000000000000e+01 0.000000000000000000e+00 1.600000000000000089e+00 -3.390000000000000001e-04 -2.500000000000000120e-05 -1.000000000000000000e+00 3.921350000000000113e-01 -9.199079999999999480e-01 -1.100000000000000039e-04 -9.199079999999999480e-01 -3.921350000000000113e-01 3.209999999999999963e-04
2.400000000000000000e+01 4.600000000000000000e+01 3.500000000000000000e+01 0.000000000000000000e+00 1.600000000000000089e+00 1.119999999999999983e-04 6.030000000000000204e-04 -1.000000000000000000e+00 3.938650000000000206e-01 -9.191679999999999851e-01 -5.100000000000000366e-04 -9.191679999999999851e-01 -3.938650000000000206e-01 -3.400000000000000244e-04
2.700000000000000000e+01 4.600000000000000000e+01 3.500000000000000000e+01 0.000000000000000000e+00 1.600000000000000089e+00 6.800000000000000488e-04 3.240000000000000150e-04 -1.000000000000000000e+00 3.937339999999999729e-01 -9.192249999999999588e-01 -3.000000000000000076e-05 -9.192240000000000411e-01 -3.937339999999999729e-01 -7.529999999999999801e-04
5.000000000000000000e+00 3.000000000000000000e+00 4.300000000000000000e+01 0.000000000000000000e+00 1.600000000000000089e+00 -2.139999999999999975e-04 -1.119599999999999936e-02 -9.999369999999999647e-01 7.409660000000000135e-01 -6.715029999999999610e-01 7.360000000000000223e-03 -6.715430000000000010e-01 -7.409179999999999655e-01 8.439000000000000321e-03
1.100000000000000000e+01 3.000000000000000000e+00 4.300000000000000000e+01 0.000000000000000000e+00 1.600000000000000089e+00 -1.081400000000000070e-02 -2.792299999999999990e-02 -9.995519999999999960e-01 7.361830000000000318e-01 -6.766940000000000177e-01 1.093900000000000081e-02 -6.766959999999999642e-01 -7.357350000000000279e-01 2.787399999999999947e-02
1.500000000000000000e+01 3.000000000000000000e+00 4.300000000000000000e+01 0.000000000000000000e+00 1.600000000000000089e+00 2.059999999999999928e-04 -3.480599999999999666e-02 -9.993940000000000046e-01 7.339379999999999793e-01 -6.787999999999999590e-01 2.379200000000000065e-02 -6.792169999999999597e-01 -7.334979999999999833e-01 2.540500000000000050e-02
2.100000000000000000e+01 3.000000000000000000e+00 4.300000000000000000e+01 0.000000000000000000e+00 1.600000000000000089e+00 -2.965999999999999887e-03 -3.588000000000000043e-03 -9.999890000000000168e-01 7.370400000000000285e-01 -6.758490000000000331e-01 2.390000000000000089e-04 -6.758429999999999715e-01 -7.370309999999999917e-01 4.649999999999999620e-03
2.600000000000000000e+01 3.000000000000000000e+00 4.300000000000000000e+01 0.000000000000000000e+00 1.600000000000000089e+00 1.139000000000000038e-03 3.318000000000000203e-03 -9.999940000000000495e-01 7.358660000000000201e-01 -6.771260000000000057e-01 -1.407999999999999963e-03 -6.771270000000000344e-01 -7.358599999999999586e-01 -3.213000000000000144e-03
3.000000000000000000e+00 2.900000000000000000e+01 4.400000000000000000e+01 0.000000000000000000e+00 1.600000000000000089e+00 8.989999999999999511e-04 -3.390000000000000001e-04 -1.000000000000000000e+00 6.490420000000000078e-01 7.607519999999999838e-01 3.260000000000000094e-04 7.607519999999999838e-01 -6.490420000000000078e-01 9.039999999999999642e-04
1.000000000000000000e+01 2.900000000000000000e+01 4.400000000000000000e+01 0.000000000000000000e+00 1.600000000000000089e+00 -2.259999999999999910e-04 1.827000000000000065e-03 -9.999980000000000535e-01 6.481289999999999552e-01 7.615300000000000402e-01 1.245000000000000013e-03 7.615309999999999580e-01 -6.481270000000000087e-01 -1.356000000000000000e-03
1.800000000000000000e+01 2.900000000000000000e+01 4.400000000000000000e+01 0.000000000000000000e+00 1.600000000000000089e+00 -2.348999999999999960e-03 1.655999999999999920e-03 -9.999959999999999960e-01 6.506960000000000521e-01 7.593379999999999574e-01 -2.709999999999999735e-04 7.593339999999999534e-01 -6.506939999999999946e-01 -2.860999999999999828e-03
2.400000000000000000e+01 2.900000000000000000e+01 4.400000000000000000e+01 0.000000000000000000e+00 1.600000000000000089e+00 -1.765000000000000076e-03 2.282999999999999873e-03 -9.999959999999999960e-01 6.594750000000000334e-01 7.517260000000000053e-01 5.519999999999999733e-04 7.517249999999999766e-01 -6.594710000000000294e-01 -2.833000000000000015e-03
2.900000000000000000e+01 2.900000000000000000e+01 4.400000000000000000e+01 0.000000000000000000e+00 1.600000000000000089e+00 2.533000000000000095e-03 7.929999999999999766e-04 -9.999959999999999960e-01 6.598410000000000108e-01 7.514020000000000143e-01 2.266999999999999918e-03 7.514009999999999856e-01 -6.598450000000000149e-01 1.381000000000000066e-03
3.000000000000000000e+01 5.400000000000000000e+01 4.600000000000000000e+01 0.000000000000000000e+00 1.600000000000000089e+00 -2.544999999999999953e-03 2.292000000000000200e-03 9.999940000000000495e-01 2.654630000000000045e-01 -9.641170000000000018e-01 2.884999999999999978e-03 9.641180000000000305e-01 2.654679999999999818e-01 1.845000000000000069e-03
8.000000000000000000e+00 6.500000000000000000e+01 4.600000000000000000e+01 0.000000000000000000e+00 1.600000000000000089e+00 8.580000000000000387e-04 -4.206999999999999802e-03 9.999909999999999632e-01 6.820340000000000291e-01 -7.313110000000000444e-01 -3.661999999999999891e-03 7.313199999999999701e-01 6.820310000000000539e-01 2.242000000000000069e-03
2.900000000000000000e+01 6.500000000000000000e+01 4.600000000000000000e+01 0.000000000000000000e+00 1.600000000000000089e+00 -5.999999999999999474e-04 -9.399999999999999719e-04 9.999989999999999712e-01 6.789659999999999584e-01 -7.341689999999999605e-01 -2.829999999999999942e-04 7.341689999999999605e-01 6.789659999999999584e-01 1.079000000000000098e-03
6.000000000000000000e+00 7.000000000000000000e+01 4.700000000000000000e+01 0.000000000000000000e+00 1.600000000000000089e+00 -5.419999999999999471e-04 6.179999999999999513e-04 -1.000000000000000000e+00 -8.425839999999999996e-01 -5.385649999999999604e-01 1.240000000000000054e-04 -5.385649999999999604e-01 8.425839999999999996e-01 8.130000000000000291e-04
1.800000000000000000e+01 7.000000000000000000e+01 4.700000000000000000e+01 0.000000000000000000e+00 1.600000000000000089e+00 -8.499999999999999526e-04 -2.546999999999999785e-03 -9.999959999999999960e-01 -8.437240000000000295e-01 -5.367729999999999446e-01 2.083999999999999915e-03 -5.367760000000000309e-01 8.437230000000000008e-01 -1.693000000000000060e-03
1.000000000000000000e+00 7.400000000000000000e+01 4.900000000000000000e+01 0.000000000000000000e+00 1.600000000000000089e+00 9.319999999999999942e-04 -6.169000000000000004e-03 9.999810000000000088e-01 -9.823560000000000070e-01 1.870070000000000066e-01 2.069000000000000093e-03 -1.870169999999999888e-01 -9.823389999999999622e-01 -5.885999999999999739e-03
7.000000000000000000e+00 5.000000000000000000e+00 5.100000000000000000e+01 0.000000000000000000e+00 1.600000000000000089e+00 6.909999999999999910e-04 -3.266999999999999939e-03 -9.999940000000000495e-01 4.725130000000000163e-01 -8.813180000000000458e-01 3.206000000000000082e-03 -8.813229999999999675e-01 -4.725130000000000163e-01 9.349999999999999587e-04
1.300000000000000000e+01 5.000000000000000000e+00 5.100000000000000000e+01 0.000000000000000000e+00 1.600000000000000089e+00 -5.683999999999999816e-03 -1.337999999999999953e-02 -9.998939999999999495e-01 4.825760000000000050e-01 -8.758080000000000309e-01 8.977000000000000604e-03 -8.758359999999999479e-01 -4.824740000000000140e-01 1.143500000000000072e-02
1.800000000000000000e+01 5.000000000000000000e+00 5.100000000000000000e+01 0.000000000000000000e+00 1.600000000000000089e+00 -2.487000000000000061e-03 -2.701999999999999975e-03 -9.999930000000000208e-01 4.858279999999999821e-01 -8.740539999999999976e-01 1.154000000000000078e-03 -8.740510000000000224e-01 -4.858219999999999761e-01 3.485999999999999949e-03
2.200000000000000000e+01 5.000000000000000000e+00 5.100000000000000000e+01 0.000000000000000000e+00 1.600000000000000089e+00 -6.040000000000000447e-04 3.660000000000000059e-03 -9.999930000000000208e-01 4.896699999999999942e-01 -8.719010000000000371e-01 -3.487000000000000082e-03 -8.719069999999999876e-01 -4.896690000000000209e-01 -1.265999999999999981e-03
2.900000000000000000e+01 5.000000000000000000e+00 5.100000000000000000e+01 0.000000000000000000e+00 1.600000000000000089e+00 3.108000000000000086e-03 2.697999999999999877e-03 -9.999919999999999920e-01 4.903279999999999861e-01 -8.715370000000000061e-01 -8.270000000000000441e-04 -8.715319999999999734e-01 -4.903219999999999801e-01 -4.031999999999999994e-03
2.800000000000000000e+01 1.150000000000000000e+02 5.100000000000000000e+01 0.000000000000000000e+00 1.600000000000000089e+00 1.631000000000000071e-03 -1.686999999999999915e-03 9.999970000000000248e-01 8.474340000000000206e-01 -5.308960000000000345e-01 -2.276999999999999944e-03 5.308979999999999810e-01 8.474359999999999671e-01 5.640000000000000482e-04
4.000000000000000000e+00 7.000000000000000000e+00 5.200000000000000000e+01 0.000000000000000000e+00 1.600000000000000089e+00 -9.060000000000000128e-04 2.669999999999999847e-04 -1.000000000000000000e+00 9.568500000000000616e-02 -9.954119999999999635e-01 -3.530000000000000152e-04 -9.954110000000000458e-01 -9.568500000000000616e-02 8.760000000000000425e-04
1.800000000000000000e+01 7.000000000000000000e+00 5.200000000000000000e+01 0.000000000000000000e+00 1.600000000000000089e+00 -2.778999999999999786e-03 -8.700000000000000051e-04 -9.999959999999999960e-01 1.148939999999999961e-01 -9.933779999999999832e-01 5.450000000000000200e-04 -9.933739999999999792e-01 -1.148919999999999941e-01 2.860000000000000129e-03
1.000000000000000000e+01 6.300000000000000000e+01 5.400000000000000000e+01 0.000000000000000000e+00 1.600000000000000089e+00 1.420000000000000038e-03 2.455999999999999850e-03 9.999959999999999960e-01 -3.310239999999999849e-01 9.436200000000000143e-01 -1.848000000000000033e-03 -9.436210000000000431e-01 -3.310199999999999809e-01 2.152999999999999966e-03
1.600000000000000000e+01 6.300000000000000000e+01 5.400000000000000000e+01 0.000000000000000000e+00 1.600000000000000089e+00 -1.998999999999999909e-03 -4.769999999999999934e-04 9.999980000000000535e-01 -3.352089999999999792e-01 9.421439999999999815e-01 -2.200000000000000078e-04 -9.421410000000000062e-01 -3.352089999999999792e-01 -2.043000000000000111e-03
2.100000000000000000e+01 6.300000000000000000e+01 5.400000000000000000e+01 0.000000000000000000e+00 1.600000000000000089e+00 -1.418999999999999906e-03 -3.413999999999999934e-03 9.999930000000000208e-01 -3.448530000000000206e-01 9.386529999999999596e-01 2.714999999999999965e-03 -9.386550000000000171e-01 -3.448470000000000146e-01 -2.508999999999999946e-03
2.900000000000000000e+01 6.300000000000000000e+01 5.400000000000000000e+01 0.000000000000000000e+00 1.600000000000000089e+00 -9.449999999999999850e-04 1.240000000000000054e-04 1.000000000000000000e+00 -3.320150000000000046e-01 9.432739999999999458e-01 -4.310000000000000137e-04 -9.432739999999999458e-01 -3.320150000000000046e-01 -8.499999999999999526e-04
3.000000000000000000e+00 2.500000000000000000e+01 5.500000000000000000e+01 0.000000000000000000e+00 1.600000000000000089e+00 1.904000000000000093e-03 1.131000000000000061e-02 -9.999339999999999895e-01 -1.122899999999999940e-02 -9.998730000000000118e-01 -1.133100000000000079e-02 -9.999350000000000183e-01 1.124999999999999958e-02 -1.776999999999999934e-03
1.400000000000000000e+01 2.500000000000000000e+01 5.500000000000000000e+01 0.000000000000000000e+00 1.600000000000000089e+00 -1.118000000000000070e-03 -1.257000000000000088e-03 -9.999989999999999712e-01 -9.409000000000000696e-03 -9.999550000000000383e-01 1.266999999999999897e-03 -9.999550000000000383e-01 9.409999999999999962e-03 1.105999999999999995e-03
2.600000000000000000e+01 6.800000000000000000e+01 5.700000000000000000e+01 0.000000000000000000e+00 1.600000000000000089e+00 -1.990000000000000124e-04 6.100999999999999653e-03 -9.999810000000000088e-01 -2.420660000000000034e-01 -9.702420000000000488e-01 -5.871000000000000350e-03 -9.702600000000000113e-01 2.420599999999999974e-01 1.670000000000000043e-03
5.000000000000000000e+00 2.100000000000000000e+01 6.000000000000000000e+01 0.000000000000000000e+00 1.600000000000000089e+00 -5.190000000000000386e-04 -9.698000000000000023e-03 9.999529999999999808e-01 -9.029600000000000126e-02 9.958690000000000042e-01 9.610999999999999752e-03 -9.959149999999999947e-01 -9.028700000000000614e-02 -1.392999999999999924e-03
9.000000000000000000e+00 2.100000000000000000e+01 6.000000000000000000e+01 0.000000000000000000e+00 1.600000000000000089e+00 -1.717999999999999909e-03 -3.159999999999999832e-04 9.999989999999999712e-01 -8.935800000000000687e-02 9.959999999999999964e-01 1.610000000000000103e-04 -9.959980000000000500e-01 -8.935800000000000687e-02 -1.739000000000000094e-03
1.500000000000000000e+01 2.100000000000000000e+01 6.000000000000000000e+01 0.000000000000000000e+00 1.600000000000000089e+00 1.400999999999999902e-03 1.099999999999999936e-02 9.999379999999999935e-01 -8.982900000000000607e-02 9.958979999999999499e-01 -1.082999999999999935e-02 -9.959559999999999524e-01 -8.980799999999999894e-02 2.383000000000000135e-03
1.900000000000000000e+01 2.100000000000000000e+01 6.000000000000000000e+01 0.000000000000000000e+00 1.600000000000000089e+00 8.012999999999999290e-03 -6.727999999999999606e-03 9.999449999999999728e-01 -9.233099999999999641e-02 9.957009999999999472e-01 7.440000000000000432e-03 -9.956960000000000255e-01 -9.238599999999999590e-02 7.357999999999999957e-03
2.600000000000000000e+01 2.100000000000000000e+01 6.000000000000000000e+01 0.000000000000000000e+00 1.600000000000000089e+00 -4.903000000000000240e-03 3.977999999999999765e-03 9.999799999999999800e-01 -9.440700000000000480e-02 9.955239999999999645e-01 -4.422999999999999848e-03 -9.955220000000000180e-01 -9.442699999999999705e-02 -4.505000000000000324e-03
1.300000000000000000e+01 3.000000000000000000e+00 6.300000000000000000e+01 0.000000000000000000e+00 1.600000000000000089e+00 -1.188999999999999953e-03 -8.776000000000000814e-03 9.999609999999999888e-01 -6.144190000000000484e-01 7.889559999999999906e-01 6.193999999999999853e-03 -7.889789999999999859e-01 -6.143870000000000164e-01 -6.329999999999999689e-03
5.000000000000000000e+00 2.700000000000000000e+01 6.300000000000000000e+01 0.000000000000000000e+00 1.600000000000000089e+00 3.030000000000000141e-03 9.008999999999999647e-03 9.999550000000000383e-01 -2.676669999999999883e-01 9.634789999999999743e-01 -7.868999999999999259e-03 -9.635070000000000023e-01 -2.676310000000000078e-01 5.330999999999999801e-03
9.000000000000000000e+00 2.700000000000000000e+01 6.300000000000000000e+01 0.000000000000000000e+00 1.600000000000000089e+00 -2.320000000000000014e-03 -6.166999999999999739e-03 9.999780000000000335e-01 -2.658499999999999752e-01 9.639999999999999680e-01 5.329000000000000403e-03 -9.640109999999999513e-01 -2.658320000000000127e-01 -3.876000000000000105e-03
1.700000000000000000e+01 2.700000000000000000e+01 6.300000000000000000e+01 0.000000000000000000e+00 1.600000000000000089e+00 1.224000000000000045e-03 -4.338999999999999975e-03 9.999900000000000455e-01 -2.736520000000000064e-01 9.618179999999999508e-01 4.507999999999999854e-03 -9.618280000000000163e-01 -2.736549999999999816e-01 -1.000000000000000082e-05
2.200000000000000000e+01 2.700000000000000000e+01 6.300000000000000000e+01 0.000000000000000000e+00 1.600000000000000089e+00 -1.386000000000000079e-03 -1.178999999999999927e-03 9.999980000000000535e-01 -2.825650000000000106e-01 9.592479999999999896e-01 7.389999999999999651e-04 -9.592469999999999608e-01 -2.825630000000000086e-01 -1.662999999999999982e-03
2.800000000000000000e+01 2.700000000000000000e+01 6.300000000000000000e+01 0.000000000000000000e+00 1.600000000000000089e+00 8.289999999999999843e-04 -2.530999999999999830e-03 9.999959999999999960e-01 -2.764499999999999735e-01 9.610250000000000181e-01 2.661999999999999870e-03 -9.610279999999999934e-01 -2.764510000000000023e-01 9.699999999999999963e-05
4.000000000000000000e+00 2.600000000000000000e+01 6.400000000000000000e+01 0.000000000000000000e+00 1.600000000000000089e+00 1.082000000000000062e-03 6.697999999999999961e-03 9.999770000000000048e-01 -3.483760000000000190e-01 9.373359999999999470e-01 -5.902000000000000128e-03 -9.373540000000000205e-01 -3.483620000000000050e-01 3.347999999999999848e-03
8.000000000000000000e+00 2.600000000000000000e+01 6.400000000000000000e+01 0.000000000000000000e+00 1.600000000000000089e+00 -3.510000000000000208e-04 -4.715999999999999706e-03 9.999890000000000168e-01 -3.468860000000000277e-01 9.378980000000000095e-01 4.301000000000000136e-03 -9.379070000000000462e-01 -3.468800000000000217e-01 -1.965000000000000167e-03
1.300000000000000000e+01 2.600000000000000000e+01 6.400000000000000000e+01 0.000000000000000000e+00 1.600000000000000089e+00 5.710000000000000015e-04 -1.342899999999999996e-02 9.999099999999999655e-01 -3.541119999999999823e-01 9.351159999999999473e-01 1.276099999999999977e-02 -9.352030000000000065e-01 -3.540869999999999851e-01 -4.220999999999999926e-03
2.200000000000000000e+01 2.600000000000000000e+01 6.400000000000000000e+01 0.000000000000000000e+00 1.600000000000000089e+00 -9.179999999999999792e-04 8.210000000000000067e-04 9.999989999999999712e-01 -3.670959999999999779e-01 9.301829999999999821e-01 -1.100999999999999982e-03 -9.301829999999999821e-01 -3.670959999999999779e-01 -5.519999999999999733e-04
2.700000000000000000e+01 2.600000000000000000e+01 6.400000000000000000e+01 0.000000000000000000e+00 1.600000000000000089e+00 -8.329999999999999731e-04 -5.768999999999999823e-03 9.999829999999999552e-01 -3.609359999999999791e-01 9.325769999999999893e-01 5.080000000000000314e-03 -9.325900000000000301e-01 -3.609260000000000246e-01 -2.858999999999999996e-03
2.800000000000000000e+01 6.900000000000000000e+01 6.600000000000000000e+01 0.000000000000000000e+00 1.600000000000000089e+00 7.394999999999999664e-03 -2.102999999999999835e-03 9.999700000000000255e-01 -9.430290000000000061e-01 3.326210000000000000e-01 7.674000000000000266e-03 -3.326279999999999792e-01 -9.430579999999999519e-01 4.769999999999999934e-04
4.000000000000000000e+00 2.500000000000000000e+01 7.300000000000000000e+01 0.000000000000000000e+00 1.600000000000000089e+00 5.052000000000000067e-03 3.210000000000000180e-03 9.999820000000000375e-01 7.512999999999999678e-01 -6.599589999999999623e-01 -1.677000000000000105e-03 6.599409999999999998e-01 7.512950000000000461e-01 -5.746000000000000239e-03
