1.000000000000000000e+00 1.600000000000000000e+01 4.000000000000000000e+00 0.000000000000000000e+00 1.600000000000000089e+00 1.737999999999999962e-03 -4.533999999999999836e-03 9.999879999999999880e-01 3.167429999999999968e-01 -9.484989999999999810e-01 -4.851000000000000277e-03 9.485099999999999643e-01 3.167470000000000008e-01 -2.130000000000000003e-04
1.300000000000000000e+01 1.600000000000000000e+01 4.000000000000000000e+00 0.000000000000000000e+00 1.600000000000000089e+00 -1.938999999999999968e-03 -1.175900000000000035e-02 9.999289999999999567e-01 3.150510000000000255e-01 -9.490159999999999707e-01 -1.054899999999999935e-02 9.490730000000000555e-01 3.150089999999999835e-01 5.544000000000000317e-03
1.800000000000000000e+01 1.600000000000000000e+01 4.000000000000000000e+00 0.000000000000000000e+00 1.600000000000000089e+00 2.785000000000000149e-03 -1.399199999999999923e-02 9.998979999999999535e-01 3.130749999999999922e-01 -9.496229999999999949e-01 -1.416099999999999998e-02 9.497240000000000126e-01 3.130830000000000002e-01 1.735999999999999913e-03
2.100000000000000000e+01 1.600000000000000000e+01 4.000000000000000000e+00 0.000000000000000000e+00 1.600000000000000089e+00 2.570999999999999935e-03 -1.941299999999999970e-02 9.998080000000000300e-01 3.147380000000000178e-01 -9.489840000000000497e-01 -1.923499999999999863e-02 9.491749999999999909e-01 3.147280000000000078e-01 3.670000000000000085e-03
2.600000000000000000e+01 1.600000000000000000e+01 4.000000000000000000e+00 0.000000000000000000e+00 1.600000000000000089e+00 2.982999999999999974e-03 -1.919300000000000173e-02 9.998110000000000053e-01 3.229609999999999981e-01 -9.462190000000000323e-01 -1.912799999999999917e-02 9.464080000000000270e-01 3.229569999999999941e-01 3.376000000000000095e-03
9.000000000000000000e+00 1.010000000000000000e+02 7.000000000000000000e+00 0.000000000000000000e+00 1.600000000000000089e+00 -1.090000000000000067e-04 -9.527000000000000746e-03 9.999550000000000383e-01 8.865389999999999660e-01 4.626319999999999877e-01 4.504000000000000191e-03 -4.626540000000000097e-01 8.864990000000000370e-01 8.396000000000000685e-03
1.400000000000000000e+01 1.010000000000000000e+02 7.000000000000000000e+00 0.000000000000000000e+00 1.600000000000000089e+00 2.869000000000000022e-03 4.028999999999999596e-03 9.999879999999999880e-01 8.856880000000000308e-01 4.642600000000000060e-01 -4.412000000000000123e-03 -4.642729999999999912e-01 8.856899999999999773e-01 -2.236000000000000140e-03
1.100000000000000000e+01 1.500000000000000000e+01 8.000000000000000000e+00 0.000000000000000000e+00 1.600000000000000089e+00 -3.534999999999999948e-03 -1.027100000000000062e-02 -9.999409999999999688e-01 -5.663939999999999531e-01 -8.240680000000000227e-01 1.046700000000000061e-02 -8.241270000000000540e-01 5.663979999999999571e-01 -2.903999999999999897e-03
1.500000000000000000e+01 1.500000000000000000e+01 8.000000000000000000e+00 0.000000000000000000e+00 1.600000000000000089e+00 -4.498000000000000262e-03 -9.315999999999999628e-03 -9.999460000000000015e-01 -5.655480000000000507e-01 -8.246520000000000516e-01 1.022699999999999998e-02 -8.247029999999999639e-01 5.655639999999999556e-01 -1.559999999999999972e-03
1.800000000000000000e+01 1.500000000000000000e+01 8.000000000000000000e+00 0.000000000000000000e+00 1.600000000000000089e+00 -7.599999999999999985e-03 -1.155100000000000050e-02 -9.999040000000000150e-01 -5.656400000000000317e-01 -8.245360000000000467e-01 1.382500000000000048e-02 -8.246170000000000444e-01 5.656910000000000549e-01 -2.669999999999999847e-04
2.200000000000000000e+01 1.500000000000000000e+01 8.000000000000000000e+00 0.000000000000000000e+00 1.600000000000000089e+00 -7.978000000000000716e-03 -1.844399999999999859e-02 -9.997979999999999645e-01 -5.680720000000000214e-01 -8.227430000000000021e-01 1.971099999999999935e-02 -8.229400000000000048e-01 5.681140000000000079e-01 -3.912999999999999812e-03
2.600000000000000000e+01 1.500000000000000000e+01 8.000000000000000000e+00 0.000000000000000000e+00 1.600000000000000089e+00 -7.193999999999999874e-03 -2.130100000000000049e-02 -9.997470000000000523e-01 -5.713669999999999582e-01 -8.204110000000000014e-01 2.159200000000000008e-02 -8.206630000000000313e-01 5.713780000000000525e-01 -6.269000000000000267e-03
2.900000000000000000e+01 1.500000000000000000e+01 8.000000000000000000e+00 0.000000000000000000e+00 1.600000000000000089e+00 -6.139999999999999625e-03 -2.082000000000000170e-02 -9.997639999999999860e-01 -5.738640000000000407e-01 -8.186919999999999753e-01 2.057399999999999854e-02 -8.189269999999999605e-01 5.738560000000000327e-01 -6.921000000000000069e-03
2.000000000000000000e+00 2.600000000000000000e+01 8.000000000000000000e+00 0.000000000000000000e+00 1.600000000000000089e+00 2.972999999999999948e-03 -5.526999999999999795e-03 -9.999799999999999800e-01 4.274459999999999926e-01 9.040329999999999755e-01 -3.726000000000000145e-03 9.040359999999999507e-01 -4.274270000000000014e-01 5.049999999999999802e-03
8.000000000000000000e+00 2.600000000000000000e+01 8.000000000000000000e+00 0.000000000000000000e+00 1.600000000000000089e+00 2.088000000000000012e-03 4.219999999999999793e-03 -9.999890000000000168e-01 4.252940000000000054e-01 9.050430000000000419e-01 4.707000000000000246e-03 9.050529999999999964e-01 -4.252989999999999826e-01 9.500000000000000523e-05
1.500000000000000000e+01 2.600000000000000000e+01 8.000000000000000000e+00 0.000000000000000000e+00 1.600000000000000089e+00 1.905999999999999925e-03 8.281000000000000166e-03 -9.999639999999999640e-01 4.237199999999999855e-01 9.057549999999999768e-01 8.309000000000000413e-03 9.057910000000000128e-01 -4.237210000000000143e-01 -1.781999999999999947e-03
2.000000000000000000e+01 2.600000000000000000e+01 8.000000000000000000e+00 0.000000000000000000e+00 1.600000000000000089e+00 5.781999999999999813e-03 2.561199999999999935e-02 -9.996549999999999603e-01 4.206389999999999851e-01 9.068650000000000322e-01 2.566699999999999884e-02 9.072099999999999609e-01 -4.206420000000000159e-01 -5.530000000000000193e-03
2.300000000000000000e+01 2.600000000000000000e+01 8.000000000000000000e+00 0.000000000000000000e+00 1.600000000000000089e+00 6.932999999999999927e-03 2.129800000000000096e-02 -9.997489999999999988e-01 4.174390000000000045e-01 9.084320000000000173e-01 2.224699999999999941e-02 9.086779999999999857e-01 -4.174889999999999990e-01 -2.592000000000000120e-03
2.900000000000000000e+01 2.600000000000000000e+01 8.000000000000000000e+00 0.000000000000000000e+00 1.600000000000000089e+00 5.916000000000000252e-03 2.342500000000000138e-02 -9.997080000000000410e-01 4.131380000000000052e-01 9.103580000000000005e-01 2.377599999999999852e-02 9.106490000000000418e-01 -4.131580000000000252e-01 -4.291999999999999808e-03
9.000000000000000000e+00 1.400000000000000000e+01 9.000000000000000000e+00 0.000000000000000000e+00 1.600000000000000089e+00 -2.922000000000000118e-03 -5.669000000000000428e-03 -9.999799999999999800e-01 -5.607779999999999987e-01 -8.279419999999999558e-01 6.331999999999999955e-03 -8.279609999999999470e-01 5.607849999999999779e-01 -7.600000000000000418e-04
1.500000000000000000e+01 1.400000000000000000e+01 9.000000000000000000e+00 0.000000000000000000e+00 1.600000000000000089e+00 -5.107000000000000428e-03 -1.135199999999999924e-02 -9.999230000000000063e-01 -5.616090000000000249e-01 -8.273120000000000474e-01 1.226099999999999933e-02 -8.273869999999999836e-01 5.616280000000000161e-01 -2.150000000000000001e-03
1.900000000000000000e+01 3.100000000000000000e+01 1.200000000000000000e+01 0.000000000000000000e+00 1.600000000000000089e+00 1.641000000000000097e-03 2.004999999999999838e-03 9.999970000000000248e-01 -1.483300000000000070e-02 9.998879999999999990e-01 -1.981000000000000122e-03 -9.998890000000000278e-01 -1.482999999999999943e-02 1.670000000000000043e-03
2.500000000000000000e+01 3.100000000000000000e+01 1.200000000000000000e+01 0.000000000000000000e+00 1.600000000000000089e+00 1.030000000000000100e-03 1.244000000000000097e-03 9.999989999999999712e-01 -1.386800000000000012e-02 9.999029999999999863e-01 -1.229999999999999974e-03 -9.999029999999999863e-01 -1.386700000000000085e-02 1.046999999999999971e-03
3.000000000000000000e+00 3.200000000000000000e+01 1.400000000000000000e+01 0.000000000000000000e+00 1.600000000000000089e+00 4.102999999999999876e-03 -7.178000000000000352e-03 -9.999660000000000215e-01 1.077550000000000036e-01 9.941550000000000109e-01 -6.694000000000000297e-03 9.941689999999999694e-01 -1.077240000000000003e-01 4.852000000000000410e-03
1.100000000000000000e+01 1.200000000000000000e+01 1.500000000000000000e+01 0.000000000000000000e+00 1.600000000000000089e+00 -8.419999999999999750e-04 -5.118000000000000153e-03 -9.999869999999999592e-01 -4.653510000000000146e-01 -8.851130000000000386e-01 4.922000000000000160e-03 -8.851259999999999684e-01 4.653490000000000126e-01 -1.637000000000000000e-03
1.700000000000000000e+01 1.200000000000000000e+01 1.500000000000000000e+01 0.000000000000000000e+00 1.600000000000000089e+00 -4.044999999999999984e-03 -6.620000000000000016e-03 -9.999700000000000255e-01 -4.690309999999999757e-01 -8.831480000000000441e-01 7.742999999999999883e-03 -8.831719999999999571e-01 4.690480000000000205e-01 4.670000000000000214e-04
2.700000000000000000e+01 1.200000000000000000e+01 1.500000000000000000e+01 0.000000000000000000e+00 1.600000000000000089e+00 -3.932999999999999864e-03 -5.244000000000000397e-03 -9.999789999999999512e-01 -4.727600000000000136e-01 -8.811670000000000336e-01 6.479999999999999649e-03 -8.811820000000000208e-01 4.727750000000000008e-01 9.859999999999998974e-04
3.000000000000000000e+01 1.200000000000000000e+01 1.500000000000000000e+01 0.000000000000000000e+00 1.600000000000000089e+00 -2.805000000000000202e-03 -3.480000000000000020e-03 -9.999900000000000455e-01 -4.728310000000000013e-01 -8.811419999999999808e-01 4.393000000000000203e-03 -8.811489999999999601e-01 4.728390000000000093e-01 8.260000000000000198e-04
9.000000000000000000e+00 2.000000000000000000e+00 1.900000000000000000e+01 0.000000000000000000e+00 1.600000000000000089e+00 -1.060000000000000016e-04 -1.301999999999999989e-03 -9.999989999999999712e-01 1.375339999999999896e-01 -9.904960000000000431e-01 1.275000000000000092e-03 -9.904969999999999608e-01 -1.375329999999999886e-01 2.840000000000000185e-04
1.100000000000000000e+01 2.000000000000000000e+00 1.900000000000000000e+01 0.000000000000000000e+00 1.600000000000000089e+00 -6.059999999999999849e-04 -1.765000000000000076e-03 -9.999980000000000535e-01 1.415379999999999971e-01 -9.899310000000000054e-01 1.660999999999999933e-03 -9.899329999999999519e-01 -1.415369999999999961e-01 8.499999999999999526e-04
1.400000000000000000e+01 2.000000000000000000e+00 1.900000000000000000e+01 0.000000000000000000e+00 1.600000000000000089e+00 -1.413999999999999892e-03 -1.183999999999999940e-03 -9.999980000000000535e-01 1.458359999999999934e-01 -9.893079999999999652e-01 9.650000000000000374e-04 -9.893079999999999652e-01 -1.458339999999999914e-01 1.572000000000000047e-03
2.400000000000000000e+01 2.000000000000000000e+00 1.900000000000000000e+01 0.000000000000000000e+00 1.600000000000000089e+00 2.230000000000000211e-03 -3.490000000000000047e-03 -9.999909999999999632e-01 1.545549999999999979e-01 -9.879769999999999941e-01 3.791999999999999798e-03 -9.879820000000000269e-01 -1.545620000000000049e-01 -1.663999999999999898e-03
2.800000000000000000e+01 2.000000000000000000e+00 1.900000000000000000e+01 0.000000000000000000e+00 1.600000000000000089e+00 1.920999999999999965e-03 -1.384699999999999993e-02 -9.999019999999999575e-01 1.590070000000000094e-01 -9.871790000000000287e-01 1.397600000000000058e-02 -9.872760000000000424e-01 -1.590179999999999927e-01 3.049999999999999868e-04
6.000000000000000000e+00 1.300000000000000000e+01 2.000000000000000000e+01 0.000000000000000000e+00 1.600000000000000089e+00 -1.972999999999999927e-03 -4.048999999999999648e-03 9.999900000000000455e-01 2.517869999999999830e-01 9.677729999999999944e-01 4.414999999999999654e-03 -9.677810000000000024e-01 2.517929999999999890e-01 -8.899999999999999491e-04
1.200000000000000000e+01 1.300000000000000000e+01 2.000000000000000000e+01 0.000000000000000000e+00 1.600000000000000089e+00 4.449999999999999746e-04 -1.337000000000000081e-03 9.999989999999999712e-01 2.518659999999999788e-01 9.677620000000000111e-01 1.182000000000000108e-03 -9.677620000000000111e-01 2.518650000000000055e-01 7.669999999999999951e-04
1.800000000000000000e+01 1.300000000000000000e+01 2.000000000000000000e+01 0.000000000000000000e+00 1.600000000000000089e+00 1.142999999999999919e-03 5.124000000000000082e-03 9.999860000000000415e-01 2.531180000000000097e-01 9.674209999999999754e-01 -5.245999999999999795e-03 -9.674350000000000449e-01 2.531209999999999849e-01 -1.910000000000000077e-04
2.400000000000000000e+01 1.300000000000000000e+01 2.000000000000000000e+01 0.000000000000000000e+00 1.600000000000000089e+00 4.399999999999999886e-05 3.611000000000000060e-03 9.999940000000000495e-01 2.520430000000000170e-01 9.677099999999999591e-01 -3.506000000000000002e-03 -9.677160000000000206e-01 2.520419999999999883e-01 -8.679999999999999565e-04
9.000000000000000000e+00 1.600000000000000000e+01 2.100000000000000000e+01 0.000000000000000000e+00 1.600000000000000089e+00 -5.280000000000000405e-04 -5.366000000000000110e-03 9.999850000000000128e-01 2.998930000000000207e-01 9.539579999999999727e-01 5.277999999999999706e-03 -9.539729999999999599e-01 2.998919999999999919e-01 1.105000000000000079e-03
2.400000000000000000e+01 1.600000000000000000e+01 2.100000000000000000e+01 0.000000000000000000e+00 1.600000000000000089e+00 -5.869999999999999567e-04 -1.106999999999999911e-03 9.999989999999999712e-01 2.978759999999999741e-01 9.546040000000000081e-01 1.231000000000000106e-03 -9.546040000000000081e-01 2.978770000000000029e-01 -2.310000000000000042e-04
1.300000000000000000e+01 4.600000000000000000e+01 2.700000000000000000e+01 0.000000000000000000e+00 1.600000000000000089e+00 1.804999999999999964e-03 4.960000000000000216e-04 -9.999980000000000535e-01 6.654679999999999485e-01 7.464250000000000052e-01 1.570999999999999914e-03 7.464239999999999764e-01 -6.654689999999999772e-01 1.016999999999999892e-03
2.000000000000000000e+01 4.600000000000000000e+01 2.700000000000000000e+01 0.000000000000000000e+00 1.600000000000000089e+00 1.226000000000000093e-03 2.150000000000000001e-03 -9.999970000000000248e-01 6.776269999999999794e-01 7.354020000000000001e-01 2.412000000000000081e-03 7.354039999999999466e-01 -6.776280000000000081e-01 -5.559999999999999621e-04
2.400000000000000000e+01 4.600000000000000000e+01 2.700000000000000000e+01 0.000000000000000000e+00 1.600000000000000089e+00 2.030999999999999819e-03 1.376999999999999969e-03 -9.999970000000000248e-01 6.852279999999999482e-01 7.283250000000000002e-01 2.393999999999999861e-03 7.283260000000000289e-01 -6.852300000000000058e-01 5.360000000000000181e-04
2.800000000000000000e+01 4.600000000000000000e+01 2.700000000000000000e+01 0.000000000000000000e+00 1.600000000000000089e+00 3.908000000000000015e-03 1.529999999999999893e-03 -9.999909999999999632e-01 6.840190000000000436e-01 7.294549999999999645e-01 3.788999999999999833e-03 7.294540000000000468e-01 -6.840270000000000516e-01 1.804999999999999964e-03
5.000000000000000000e+00 4.600000000000000000e+01 3.000000000000000000e+01 0.000000000000000000e+00 1.600000000000000089e+00 -7.519999999999999558e-04 -1.606999999999999922e-03 -9.999980000000000535e-01 3.222349999999999937e-01 9.466579999999999995e-01 -1.763999999999999943e-03 9.466590000000000282e-01 -3.222360000000000224e-01 -1.939999999999999993e-04
1.500000000000000000e+01 4.600000000000000000e+01 3.000000000000000000e+01 0.000000000000000000e+00 1.600000000000000089e+00 8.030000000000000028e-04 1.190000000000000058e-04 -1.000000000000000000e+00 3.241049999999999764e-01 9.460210000000000008e-01 3.730000000000000134e-04 9.460210000000000008e-01 -3.241049999999999764e-01 7.209999999999999612e-04
1.900000000000000000e+01 4.600000000000000000e+01 3.000000000000000000e+01 0.000000000000000000e+00 1.600000000000000089e+00 -6.030000000000000204e-04 6.589999999999999721e-04 -1.000000000000000000e+00 3.314810000000000256e-01 9.434620000000000228e-01 4.220000000000000118e-04 9.434620000000000228e-01 -3.314810000000000256e-01 -7.870000000000000476e-04
2.600000000000000000e+01 4.600000000000000000e+01 3.000000000000000000e+01 0.000000000000000000e+00 1.600000000000000089e+00 2.256999999999999892e-03 2.043999999999999810e-03 -9.999949999999999672e-01 3.363639999999999963e-01 9.417280000000000095e-01 2.684000000000000188e-03 9.417290000000000383e-01 -3.363680000000000003e-01 1.438000000000000042e-03
3.000000000000000000e+01 4.600000000000000000e+01 3.000000000000000000e+01 0.000000000000000000e+00 1.600000000000000089e+00 3.395000000000000014e-03 3.118000000000000112e-03 -9.999890000000000168e-01 3.368200000000000083e-01 9.415599999999999525e-01 4.079000000000000160e-03 9.415630000000000388e-01 -3.368300000000000183e-01 2.145999999999999904e-03
2.000000000000000000e+00 5.800000000000000000e+01 3.100000000000000000e+01 0.000000000000000000e+00 1.600000000000000089e+00 -2.847000000000000138e-03 -6.344999999999999946e-03 9.999759999999999760e-01 -7.703999999999999737e-01 -6.375309999999999588e-01 -6.237999999999999622e-03 6.375549999999999828e-01 -7.703989999999999450e-01 -3.073999999999999910e-03
5.000000000000000000e+00 5.800000000000000000e+01 3.100000000000000000e+01 0.000000000000000000e+00 1.600000000000000089e+00 -3.681999999999999943e-03 -4.836000000000000021e-03 9.999820000000000375e-01 -7.696060000000000123e-01 -6.384919999999999485e-01 -5.921000000000000048e-03 6.385079999999999645e-01 -7.696140000000000203e-01 -1.371000000000000040e-03
8.000000000000000000e+00 5.800000000000000000e+01 3.100000000000000000e+01 0.000000000000000000e+00 1.600000000000000089e+00 -5.518000000000000335e-03 -4.348999999999999568e-03 9.999749999999999472e-01 -7.698180000000000023e-01 -6.382250000000000423e-01 -7.023999999999999862e-03 6.382400000000000295e-01 -7.698380000000000223e-01 1.740000000000000010e-04
1.200000000000000000e+01 5.800000000000000000e+01 3.100000000000000000e+01 0.000000000000000000e+00 1.600000000000000089e+00 -4.584000000000000401e-03 -5.418000000000000073e-03 9.999749999999999472e-01 -7.713309999999999889e-01 -6.363959999999999617e-01 -6.983999999999999757e-03 6.364180000000000392e-01 -7.713440000000000296e-01 -1.262000000000000101e-03
1.500000000000000000e+01 5.800000000000000000e+01 3.100000000000000000e+01 0.000000000000000000e+00 1.600000000000000089e+00 -2.226000000000000114e-03 -5.091000000000000039e-03 9.999850000000000128e-01 -7.726950000000000207e-01 -6.347580000000000444e-01 -4.951999999999999805e-03 6.347730000000000317e-01 -7.726939999999999920e-01 -2.520999999999999804e-03
2.300000000000000000e+01 5.800000000000000000e+01 3.100000000000000000e+01 0.000000000000000000e+00 1.600000000000000089e+00 -2.467000000000000009e-03 -5.469999999999999602e-04 9.999970000000000248e-01 -7.780690000000000106e-01 -6.281740000000000101e-01 -2.262999999999999821e-03 6.281740000000000101e-01 -7.780719999999999859e-01 1.123999999999999999e-03
2.900000000000000000e+01 5.800000000000000000e+01 3.100000000000000000e+01 0.000000000000000000e+00 1.600000000000000089e+00 3.849999999999999798e-04 4.074999999999999629e-03 9.999919999999999920e-01 -7.838629999999999765e-01 -6.209280000000000355e-01 2.831999999999999882e-03 6.209339999999999860e-01 -7.838570000000000260e-01 2.955000000000000161e-03
8.000000000000000000e+00 6.000000000000000000e+00 3.200000000000000000e+01 0.000000000000000000e+00 1.600000000000000089e+00 1.546999999999999981e-03 1.955000000000000140e-03 -9.999970000000000248e-01 2.298199999999999965e-01 9.732309999999999572e-01 2.259000000000000157e-03 9.732319999999999860e-01 -2.298219999999999985e-01 1.056000000000000081e-03
1.800000000000000000e+01 6.000000000000000000e+00 3.200000000000000000e+01 0.000000000000000000e+00 1.600000000000000089e+00 -3.150000000000000131e-04 3.911999999999999679e-03 -9.999919999999999920e-01 1.996729999999999894e-01 9.798550000000000315e-01 3.771000000000000046e-03 9.798630000000000395e-01 -1.996699999999999864e-01 -1.090000000000000040e-03
1.000000000000000000e+00 4.600000000000000000e+01 3.500000000000000000e+01 0.000000000000000000e+00 1.600000000000000089e+00 -2.588000000000000023e-03 -6.331999999999999955e-03 -9.999770000000000048e-01 3.863889999999999825e-01 -9.223230000000000040e-01 4.839999999999999684e-03 -9.223320000000000407e-01 -3.863670000000000160e-01 4.832999999999999623e-03
5.000000000000000000e+00 4.600000000000000000e+01 3.500000000000000000e+01 0.000000000000000000e+00 1.600000000000000089e+00 -4.360000000000000269e-04 -5.518000000000000335e-03 -9.999850000000000128e-01 3.848770000000000246e-01 -9.229549999999999699e-01 4.924999999999999691e-03 -9.229680000000000106e-01 -3.848690000000000166e-01 2.527000000000000166e-03
1.000000000000000000e+01 4.600000000000000000e+01 3.500000000000000000e+01 0.000000000000000000e+00 1.600000000000000089e+00 -7.730000000000000326e-04 7.960000000000000495e-04 -9.999989999999999712e-01 3.854830000000000201e-01 -9.227140000000000342e-01 -1.031999999999999931e-03 -9.227149999999999519e-01 -3.854830000000000201e-01 4.060000000000000024e-04
1.300000000000000000e+01 4.600000000000000000e+01 3.500000000000000000e+01 0.000000000000000000e+00 1.600000000000000089e+00 6.059999999999999849e-04 -2.118000000000000091e-03 -9.999980000000000535e-01 3.869179999999999842e-01 -9.221120000000000427e-01 2.187999999999999841e-03 -9.221139999999999892e-01 -3.869179999999999842e-01 2.610000000000000015e-04
2.000000000000000000e+01 4.600000000000000000e+01 3.500000000000000000e+01 0.000000000000000000e+00 1.600000000000000089e+00 -1.810000000000000085e-04 5.141999999999999869e-03 -9.999869999999999592e-01 3.875549999999999828e-01 -9.218340000000000423e-01 -4.810000000000000039e-03 -9.218469999999999720e-01 -3.875509999999999788e-01 -1.825999999999999932e-03
2.500000000000000000e+01 4.600000000000000000e+01 3.500000000000000000e+01 0.000000000000000000e+00 1.600000000000000089e+00 -7.089999999999999948e-04 -8.930000000000000221e-04 -9.999989999999999712e-01 3.875620000000000176e-01 -9.218429999999999680e-01 5.479999999999999845e-04 -9.218429999999999680e-01 -3.875620000000000176e-01 1.000000000000000021e-03
2.000000000000000000e+00 9.500000000000000000e+01 3.600000000000000000e+01 0.000000000000000000e+00 1.600000000000000089e+00 -5.321000000000000209e-03 -6.637999999999999803e-03 9.999639999999999640e-01 9.964370000000000172e-01 8.413800000000000445e-02 5.860999999999999890e-03 -8.417299999999999782e-02 9.964319999999999844e-01 6.165999999999999606e-03
7.000000000000000000e+00 9.500000000000000000e+01 3.600000000000000000e+01 0.000000000000000000e+00 1.600000000000000089e+00 -9.229999999999999923e-04 -2.782999999999999884e-03 9.999959999999999960e-01 9.963520000000000154e-01 8.532700000000000007e-02 1.157000000000000042e-03 -8.533000000000000307e-02 9.963490000000000402e-01 2.694000000000000214e-03
1.000000000000000000e+01 9.500000000000000000e+01 3.600000000000000000e+01 0.000000000000000000e+00 1.600000000000000089e+00 -1.510000000000000112e-04 -7.830999999999999420e-03 9.999689999999999968e-01 9.961830000000000407e-01 8.728400000000000047e-02 8.339999999999999974e-04 -8.728800000000000447e-02 9.961529999999999552e-01 7.787999999999999784e-03
1.700000000000000000e+01 9.500000000000000000e+01 3.600000000000000000e+01 0.000000000000000000e+00 1.600000000000000089e+00 6.206999999999999844e-03 1.001600000000000060e-02 9.999310000000000143e-01 9.965509999999999646e-01 8.268100000000000449e-02 -7.015000000000000402e-03 -8.274600000000000011e-02 9.965260000000000229e-01 -9.468000000000000721e-03
2.000000000000000000e+01 9.500000000000000000e+01 3.600000000000000000e+01 0.000000000000000000e+00 1.600000000000000089e+00 3.556999999999999832e-03 2.776999999999999955e-03 9.999900000000000455e-01 9.961170000000000302e-01 8.795699999999999352e-02 -3.787000000000000002e-03 -8.796700000000000352e-02 9.961200000000000054e-01 -2.452999999999999885e-03
2.500000000000000000e+01 9.500000000000000000e+01 3.600000000000000000e+01 0.000000000000000000e+00 1.600000000000000089e+00 -2.724999999999999992e-03 -6.258999999999999807e-03 9.999770000000000048e-01 9.960550000000000237e-01 8.868199999999999694e-02 3.269999999999999903e-03 -8.870100000000000207e-02 9.960400000000000365e-01 5.993000000000000063e-03
4.000000000000000000e+00 3.000000000000000000e+00 4.300000000000000000e+01 0.000000000000000000e+00 1.600000000000000089e+00 -7.770000000000000214e-04 -3.980000000000000248e-04 -1.000000000000000000e+00 7.356810000000000294e-01 -6.773280000000000411e-01 -3.020000000000000223e-04 -6.773280000000000411e-01 -7.356810000000000294e-01 8.189999999999999581e-04
1.200000000000000000e+01 3.000000000000000000e+00 4.300000000000000000e+01 0.000000000000000000e+00 1.600000000000000089e+00 2.149999999999999947e-04 1.146100000000000070e-02 -9.999339999999999895e-01 7.372229999999999617e-01 -6.756069999999999576e-01 -7.584999999999999729e-03 -6.756490000000000551e-01 -7.371729999999999672e-01 -8.595000000000000209e-03
1.900000000000000000e+01 3.000000000000000000e+00 4.300000000000000000e+01 0.000000000000000000e+00 1.600000000000000089e+00 3.880999999999999901e-03 1.363999999999999935e-02 -9.998989999999999823e-01 7.298350000000000115e-01 -6.835919999999999774e-01 -6.492999999999999640e-03 -6.836119999999999974e-01 -7.297360000000000513e-01 -1.260799999999999942e-02
2.200000000000000000e+01 3.000000000000000000e+00 4.300000000000000000e+01 0.000000000000000000e+00 1.600000000000000089e+00 -1.858999999999999975e-03 -7.454999999999999821e-03 -9.999710000000000543e-01 7.302939999999999987e-01 -6.831230000000000357e-01 3.735000000000000039e-03 -6.831310000000000437e-01 -7.302650000000000530e-01 6.714000000000000350e-03
1.200000000000000000e+01 8.000000000000000000e+00 4.400000000000000000e+01 0.000000000000000000e+00 1.600000000000000089e+00 8.869999999999999846e-04 4.742999999999999820e-03 9.999879999999999880e-01 -7.683999999999999719e-01 -6.399589999999999446e-01 3.716999999999999818e-03 6.399690000000000101e-01 -7.683950000000000502e-01 3.076999999999999874e-03
2.400000000000000000e+01 8.000000000000000000e+00 4.400000000000000000e+01 0.000000000000000000e+00 1.600000000000000089e+00 2.495999999999999955e-03 -2.820000000000000241e-04 9.999970000000000248e-01 -7.778890000000000526e-01 -6.283990000000000409e-01 1.763999999999999943e-03 6.283959999999999546e-01 -7.778909999999999991e-01 -1.788000000000000093e-03
4.000000000000000000e+00 2.900000000000000000e+01 4.400000000000000000e+01 0.000000000000000000e+00 1.600000000000000089e+00 -3.009999999999999980e-04 -3.716999999999999818e-03 -9.999930000000000208e-01 6.582989999999999675e-01 7.527509999999999479e-01 -2.995999999999999965e-03 7.527570000000000094e-01 -6.582949999999999635e-01 2.220999999999999884e-03
7.000000000000000000e+00 2.900000000000000000e+01 4.400000000000000000e+01 0.000000000000000000e+00 1.600000000000000089e+00 -1.302999999999999905e-03 -7.229000000000000183e-03 -9.999730000000000008e-01 6.593980000000000397e-01 7.517679999999999918e-01 -6.294000000000000115e-03 7.517930000000000446e-01 -6.593879999999999741e-01 3.787000000000000002e-03
1.100000000000000000e+01 2.900000000000000000e+01 4.400000000000000000e+01 0.000000000000000000e+00 1.600000000000000089e+00 -9.600000000000000243e-05 -4.872999999999999728e-03 -9.999879999999999880e-01 6.597239999999999771e-01 7.514990000000000281e-01 -3.725000000000000012e-03 7.515079999999999538e-01 -6.597169999999999979e-01 3.142999999999999960e-03
2.100000000000000000e+01 2.900000000000000000e+01 4.400000000000000000e+01 0.000000000000000000e+00 1.600000000000000089e+00 3.861999999999999982e-03 3.572000000000000088e-03 -9.999860000000000415e-01 6.714409999999999545e-01 7.410390000000000033e-01 5.239999999999999866e-03 7.410480000000000400e-01 -6.714520000000000488e-01 4.629999999999999784e-04
2.700000000000000000e+01 2.900000000000000000e+01 4.400000000000000000e+01 0.000000000000000000e+00 1.600000000000000089e+00 1.681999999999999901e-03 5.721999999999999656e-03 -9.999820000000000375e-01 6.738979999999999970e-01 7.388050000000000450e-01 5.361000000000000314e-03 7.388219999999999787e-01 -6.738950000000000218e-01 -2.612999999999999871e-03
2.400000000000000000e+01 6.500000000000000000e+01 4.600000000000000000e+01 0.000000000000000000e+00 1.600000000000000089e+00 -2.397999999999999958e-03 1.817000000000000039e-03 9.999949999999999672e-01 6.842759999999999954e-01 -7.292170000000000041e-01 2.965999999999999887e-03 7.292189999999999506e-01 6.842799999999999994e-01 5.050000000000000235e-04
7.000000000000000000e+00 7.000000000000000000e+01 4.700000000000000000e+01 0.000000000000000000e+00 1.600000000000000089e+00 -2.090000000000000115e-04 1.235999999999999903e-03 -9.999989999999999712e-01 -8.429130000000000233e-01 -5.380489999999999995e-01 -4.899999999999999842e-04 -5.380500000000000282e-01 8.429119999999999946e-01 1.154000000000000078e-03
1.500000000000000000e+01 5.000000000000000000e+00 5.100000000000000000e+01 0.000000000000000000e+00 1.600000000000000089e+00 4.049999999999999781e-04 6.956999999999999643e-03 -9.999759999999999760e-01 4.735369999999999857e-01 -8.807540000000000369e-01 -5.936000000000000304e-03 -8.807739999999999458e-01 -4.735230000000000272e-01 -3.651999999999999864e-03
2.500000000000000000e+01 5.000000000000000000e+00 5.100000000000000000e+01 0.000000000000000000e+00 1.600000000000000089e+00 -2.134000000000000046e-03 8.307000000000000148e-03 -9.999630000000000463e-01 4.772649999999999948e-01 -8.787199999999999456e-01 -8.318000000000000740e-03 -8.787570000000000103e-01 -4.772649999999999948e-01 -2.089999999999999844e-03
5.000000000000000000e+00 1.500000000000000000e+01 5.300000000000000000e+01 0.000000000000000000e+00 1.600000000000000089e+00 2.200999999999999832e-03 4.185000000000000352e-03 -9.999890000000000168e-01 6.752200000000000424e-01 7.376019999999999799e-01 4.572999999999999808e-03 7.376129999999999631e-01 -6.752230000000000176e-01 -1.201999999999999943e-03
4.000000000000000000e+00 6.300000000000000000e+01 5.400000000000000000e+01 0.000000000000000000e+00 1.600000000000000089e+00 1.013999999999999927e-03 -1.056000000000000081e-03 9.999989999999999712e-01 -3.592040000000000233e-01 9.332580000000000320e-01 1.350000000000000071e-03 -9.332589999999999497e-01 -3.592049999999999965e-01 5.670000000000000127e-04
1.000000000000000000e+01 6.300000000000000000e+01 5.400000000000000000e+01 0.000000000000000000e+00 1.600000000000000089e+00 -1.417999999999999990e-03 -2.614000000000000004e-03 9.999959999999999960e-01 -3.521989999999999843e-01 9.359229999999999494e-01 1.946999999999999946e-03 -9.359239999999999782e-01 -3.521949999999999803e-01 -2.247999999999999998e-03
1.500000000000000000e+01 6.300000000000000000e+01 5.400000000000000000e+01 0.000000000000000000e+00 1.600000000000000089e+00 -2.829999999999999942e-04 5.500000000000000196e-05 1.000000000000000000e+00 -3.524269999999999903e-01 9.358389999999999764e-01 -1.510000000000000112e-04 -9.358389999999999764e-01 -3.524269999999999903e-01 -2.449999999999999921e-04
1.900000000000000000e+01 6.300000000000000000e+01 5.400000000000000000e+01 0.000000000000000000e+00 1.600000000000000089e+00 -7.010000000000000172e-04 1.026000000000000002e-03 9.999989999999999712e-01 -3.516589999999999994e-01 9.361270000000000424e-01 -1.206999999999999957e-03 -9.361279999999999601e-01 -3.516599999999999726e-01 -2.950000000000000148e-04
2.400000000000000000e+01 6.300000000000000000e+01 5.400000000000000000e+01 0.000000000000000000e+00 1.600000000000000089e+00 2.539999999999999940e-04 -1.492000000000000054e-03 9.999989999999999712e-01 -3.494200000000000084e-01 9.369650000000000478e-01 1.487000000000000040e-03 -9.369659999999999656e-01 -3.494200000000000084e-01 -2.829999999999999942e-04
6.000000000000000000e+00 2.500000000000000000e+01 5.500000000000000000e+01 0.000000000000000000e+00 1.600000000000000089e+00 1.169999999999999979e-04 2.422999999999999807e-03 -9.999970000000000248e-01 -9.296000000000000443e-03 -9.999540000000000095e-01 -2.423999999999999939e-03 -9.999569999999999848e-01 9.296000000000000443e-03 -9.399999999999999448e-05
1.300000000000000000e+01 2.500000000000000000e+01 5.500000000000000000e+01 0.000000000000000000e+00 1.600000000000000089e+00 -3.519999999999999908e-04 -4.000000000000000083e-03 -9.999919999999999920e-01 -1.111099999999999935e-02 -9.999299999999999855e-01 4.003999999999999747e-03 -9.999379999999999935e-01 1.111200000000000035e-02 3.080000000000000055e-04
1.700000000000000000e+01 2.500000000000000000e+01 5.500000000000000000e+01 0.000000000000000000e+00 1.600000000000000089e+00 -4.000000000000000192e-04 3.784000000000000037e-03 -9.999930000000000208e-01 -1.198100000000000033e-02 -9.999209999999999487e-01 -3.778999999999999807e-03 -9.999280000000000390e-01 1.197900000000000006e-02 4.449999999999999746e-04
2.000000000000000000e+01 2.500000000000000000e+01 5.500000000000000000e+01 0.000000000000000000e+00 1.600000000000000089e+00 -3.759999999999999779e-04 3.246999999999999886e-03 -9.999949999999999672e-01 -1.213499999999999995e-02 -9.999209999999999487e-01 -3.242000000000000090e-03 -9.999259999999999815e-01 1.213400000000000069e-02 4.150000000000000043e-04
2.600000000000000000e+01 2.500000000000000000e+01 5.500000000000000000e+01 0.000000000000000000e+00 1.600000000000000089e+00 1.521999999999999915e-03 4.589999999999999896e-04 -9.999989999999999712e-01 -1.072299999999999989e-02 -9.999419999999999975e-01 -4.749999999999999990e-04 -9.999409999999999688e-01 1.072399999999999916e-02 -1.516999999999999902e-03
2.700000000000000000e+01 5.800000000000000000e+01 5.900000000000000000e+01 0.000000000000000000e+00 1.600000000000000089e+00 1.229000000000000058e-03 1.760000000000000063e-03 -9.999980000000000535e-01 3.877369999999999983e-01 9.217680000000000318e-01 2.099000000000000171e-03 9.217689999999999495e-01 -3.877390000000000003e-01 4.499999999999999877e-04
4.000000000000000000e+00 7.000000000000000000e+00 6.000000000000000000e+01 0.000000000000000000e+00 1.600000000000000089e+00 5.093000000000000305e-03 3.582000000000000114e-03 9.999810000000000088e-01 5.618880000000000541e-01 -8.272140000000000049e-01 1.019999999999999992e-04 8.271979999999999889e-01 5.618760000000000421e-01 -6.225999999999999764e-03
2.300000000000000000e+01 7.000000000000000000e+00 6.000000000000000000e+01 0.000000000000000000e+00 1.600000000000000089e+00 -3.873000000000000140e-03 3.406999999999999872e-03 9.999869999999999592e-01 5.659549999999999859e-01 -8.244209999999999594e-01 5.001000000000000237e-03 8.244270000000000209e-01 5.659669999999999979e-01 1.265000000000000065e-03
2.000000000000000000e+00 2.100000000000000000e+01 6.000000000000000000e+01 0.000000000000000000e+00 1.600000000000000089e+00 -8.509999999999999769e-04 2.680000000000000090e-03 9.999959999999999960e-01 -9.749900000000000233e-02 9.952320000000000055e-01 -2.750999999999999973e-03 -9.952349999999999808e-01 -9.750100000000000433e-02 -5.850000000000000165e-04
6.000000000000000000e+00 2.100000000000000000e+01 6.000000000000000000e+01 0.000000000000000000e+00 1.600000000000000089e+00 -2.990000000000000036e-04 2.296999999999999997e-03 9.999970000000000248e-01 -9.690899999999999515e-02 9.952910000000000368e-01 -2.315999999999999916e-03 -9.952929999999999833e-01 -9.690999999999999615e-02 -7.499999999999999343e-05
2.200000000000000000e+01 2.100000000000000000e+01 6.000000000000000000e+01 0.000000000000000000e+00 1.600000000000000089e+00 -1.918000000000000000e-03 -1.478600000000000053e-02 9.998890000000000278e-01 -9.442399999999999405e-02 9.954260000000000330e-01 1.453899999999999984e-02 -9.955300000000000260e-01 -9.438499999999999668e-02 -3.305000000000000212e-03
3.000000000000000000e+00 4.000000000000000000e+00 6.200000000000000000e+01 0.000000000000000000e+00 1.600000000000000089e+00 -4.719000000000000104e-03 -1.450000000000000009e-04 9.999890000000000168e-01 -6.133699999999999708e-01 7.897910000000000208e-01 -2.779999999999999919e-03 -7.897819999999999840e-01 -6.133760000000000323e-01 -3.815999999999999948e-03
1.100000000000000000e+01 4.000000000000000000e+00 6.200000000000000000e+01 0.000000000000000000e+00 1.600000000000000089e+00 -2.990000000000000036e-04 8.108000000000000623e-03 9.999670000000000503e-01 -6.168029999999999902e-01 7.870899999999999563e-01 -6.565999999999999788e-03 -7.871179999999999843e-01 -6.167850000000000277e-01 4.766000000000000271e-03
6.000000000000000000e+00 2.700000000000000000e+01 6.300000000000000000e+01 0.000000000000000000e+00 1.600000000000000089e+00 2.305000000000000191e-03 -1.547999999999999897e-03 9.999959999999999960e-01 -2.711959999999999926e-01 9.625219999999999887e-01 2.115000000000000126e-03 -9.625209999999999599e-01 -2.711999999999999966e-01 1.799000000000000035e-03
1.200000000000000000e+01 2.700000000000000000e+01 6.300000000000000000e+01 0.000000000000000000e+00 1.600000000000000089e+00 1.781000000000000031e-03 -8.063999999999999987e-03 9.999660000000000215e-01 -2.766710000000000003e-01 9.609290000000000331e-01 8.241999999999999327e-03 -9.609630000000000116e-01 -2.766759999999999775e-01 -5.199999999999999544e-04
1.700000000000000000e+01 2.700000000000000000e+01 6.300000000000000000e+01 0.000000000000000000e+00 1.600000000000000089e+00 -1.090000000000000067e-04 1.987000000000000051e-03 9.999980000000000535e-01 -2.748570000000000180e-01 9.614829999999999766e-01 -1.940000000000000101e-03 -9.614850000000000341e-01 -2.748570000000000180e-01 4.409999999999999858e-04
2.300000000000000000e+01 2.700000000000000000e+01 6.300000000000000000e+01 0.000000000000000000e+00 1.600000000000000089e+00 -1.258000000000000004e-03 -8.224999999999999672e-03 9.999649999999999928e-01 -2.717820000000000236e-01 9.623289999999999900e-01 7.572999999999999871e-03 -9.623580000000000467e-01 -2.717640000000000056e-01 -3.445999999999999844e-03
2.700000000000000000e+01 2.700000000000000000e+01 6.300000000000000000e+01 0.000000000000000000e+00 1.600000000000000089e+00 6.819999999999999890e-04 -8.378999999999999296e-03 9.999649999999999928e-01 -2.705319999999999947e-01 9.626759999999999762e-01 8.252000000000000654e-03 -9.627109999999999834e-01 -2.705279999999999907e-01 -1.610000000000000103e-03
6.000000000000000000e+00 2.600000000000000000e+01 6.400000000000000000e+01 0.000000000000000000e+00 1.600000000000000089e+00 2.014999999999999864e-03 -3.762999999999999852e-03 9.999909999999999632e-01 -3.403669999999999751e-01 9.402829999999999799e-01 4.224000000000000324e-03 -9.402899999999999592e-01 -3.403729999999999811e-01 6.139999999999999625e-04
1.100000000000000000e+01 2.600000000000000000e+01 6.400000000000000000e+01 0.000000000000000000e+00 1.600000000000000089e+00 3.550000000000000204e-03 -1.019899999999999973e-02 9.999419999999999975e-01 -3.442040000000000100e-01 9.388330000000000286e-01 1.079800000000000031e-02 -9.388879999999999448e-01 -3.442219999999999724e-01 -1.779999999999999898e-04
1.800000000000000000e+01 2.600000000000000000e+01 6.400000000000000000e+01 0.000000000000000000e+00 1.600000000000000089e+00 -1.405999999999999915e-03 1.056999999999999997e-03 9.999980000000000535e-01 -3.447680000000000189e-01 9.386870000000000491e-01 -1.477000000000000014e-03 -9.386870000000000491e-01 -3.447700000000000209e-01 -9.550000000000000112e-04
2.700000000000000000e+01 2.600000000000000000e+01 6.400000000000000000e+01 0.000000000000000000e+00 1.600000000000000089e+00 1.474000000000000050e-03 -1.239400000000000050e-02 9.999219999999999775e-01 -3.488209999999999922e-01 9.371110000000000273e-01 1.212899999999999916e-02 -9.371880000000000210e-01 -3.488109999999999822e-01 -2.942000000000000171e-03
