7.000000000000000000e+00 1.500000000000000000e+01 4.000000000000000000e+00 0.000000000000000000e+00 1.600000000000000089e+00 -6.787999999999999763e-03 -1.374900000000000080e-02 9.998820000000000485e-01 2.992000000000000215e-01 -9.541260000000000296e-01 -1.108899999999999990e-02 9.541659999999999586e-01 2.990889999999999938e-01 1.059000000000000045e-02
1.200000000000000000e+01 1.500000000000000000e+01 4.000000000000000000e+00 0.000000000000000000e+00 1.600000000000000089e+00 -4.910000000000000085e-04 -1.258000000000000004e-03 9.999989999999999712e-01 2.961119999999999863e-01 -9.551530000000000298e-01 -1.056000000000000081e-03 9.551530000000000298e-01 2.961119999999999863e-01 8.419999999999999750e-04
2.100000000000000000e+01 1.500000000000000000e+01 4.000000000000000000e+00 0.000000000000000000e+00 1.600000000000000089e+00 -2.622000000000000199e-03 -9.770000000000000039e-04 9.999959999999999960e-01 3.044510000000000272e-01 -9.525280000000000413e-01 -1.320000000000000101e-04 9.525240000000000373e-01 3.044490000000000252e-01 2.795000000000000175e-03
2.900000000000000000e+01 1.500000000000000000e+01 4.000000000000000000e+00 0.000000000000000000e+00 1.600000000000000089e+00 4.127999999999999725e-03 1.946999999999999946e-03 9.999900000000000455e-01 3.087480000000000224e-01 -9.511439999999999895e-01 5.770000000000000389e-04 9.511349999999999527e-01 3.087429999999999897e-01 -4.527999999999999907e-03
1.300000000000000000e+01 4.000000000000000000e+00 5.000000000000000000e+00 0.000000000000000000e+00 1.600000000000000089e+00 -6.670999999999999847e-03 -2.230199999999999891e-02 9.997289999999999788e-01 2.280469999999999997e-01 -9.734410000000000007e-01 -2.019400000000000014e-02 9.736270000000000202e-01 2.278499999999999970e-01 1.158000000000000002e-02
5.000000000000000000e+00 1.010000000000000000e+02 7.000000000000000000e+00 0.000000000000000000e+00 1.600000000000000089e+00 -7.148999999999999973e-03 -2.017999999999999829e-03 9.999719999999999720e-01 8.787540000000000351e-01 4.772190000000000043e-01 7.245999999999999837e-03 -4.772210000000000063e-01 8.787819999999999521e-01 -1.639000000000000049e-03
1.200000000000000000e+01 1.010000000000000000e+02 7.000000000000000000e+00 0.000000000000000000e+00 1.600000000000000089e+00 4.248000000000000040e-03 -9.664999999999999980e-03 9.999440000000000550e-01 8.787329999999999863e-01 4.773129999999999873e-01 8.800000000000000313e-04 -4.772950000000000248e-01 8.786800000000000166e-01 1.052100000000000084e-02
2.600000000000000000e+01 1.010000000000000000e+02 7.000000000000000000e+00 0.000000000000000000e+00 1.600000000000000089e+00 -1.067999999999999939e-03 -6.956000000000000377e-03 9.999749999999999472e-01 8.841179999999999595e-01 4.672450000000000214e-01 4.194999999999999944e-03 -4.672629999999999839e-01 8.840999999999999970e-01 5.650999999999999773e-03
3.000000000000000000e+01 1.010000000000000000e+02 7.000000000000000000e+00 0.000000000000000000e+00 1.600000000000000089e+00 -3.328999999999999928e-03 7.792999999999999580e-03 9.999639999999999640e-01 8.836800000000000210e-01 4.680909999999999793e-01 -7.060000000000000303e-04 -4.680799999999999961e-01 8.836460000000000425e-01 -8.444999999999999382e-03
5.000000000000000000e+00 2.500000000000000000e+01 8.000000000000000000e+00 0.000000000000000000e+00 1.600000000000000089e+00 9.700000000000000505e-04 3.186000000000000030e-03 -9.999940000000000495e-01 4.436840000000000228e-01 8.961770000000000014e-01 3.285999999999999859e-03 8.961829999999999519e-01 -4.436840000000000228e-01 -5.450000000000000200e-04
9.000000000000000000e+00 2.500000000000000000e+01 8.000000000000000000e+00 0.000000000000000000e+00 1.600000000000000089e+00 -1.121000000000000035e-03 2.240999999999999936e-03 -9.999970000000000248e-01 4.433250000000000246e-01 8.963600000000000456e-01 1.512000000000000106e-03 8.963600000000000456e-01 -4.433219999999999938e-01 -1.998999999999999909e-03
1.600000000000000000e+01 2.500000000000000000e+01 8.000000000000000000e+00 0.000000000000000000e+00 1.600000000000000089e+00 3.499999999999999964e-04 -1.376999999999999969e-03 -9.999989999999999712e-01 4.425620000000000109e-01 8.967370000000000063e-01 -1.080000000000000014e-03 8.967380000000000351e-01 -4.425620000000000109e-01 9.240000000000000166e-04
2.100000000000000000e+01 2.500000000000000000e+01 8.000000000000000000e+00 0.000000000000000000e+00 1.600000000000000089e+00 2.255000000000000060e-03 4.299999999999999894e-04 -9.999970000000000248e-01 4.419799999999999840e-01 8.970240000000000435e-01 1.381999999999999982e-03 8.970219999999999860e-01 -4.419819999999999860e-01 1.832999999999999994e-03
2.500000000000000000e+01 2.500000000000000000e+01 8.000000000000000000e+00 0.000000000000000000e+00 1.600000000000000089e+00 1.157000000000000042e-03 7.259999999999999743e-04 -9.999989999999999712e-01 4.426149999999999807e-01 8.967110000000000358e-01 1.162999999999999971e-03 8.967110000000000358e-01 -4.426160000000000094e-01 7.159999999999999481e-04
3.000000000000000000e+01 2.500000000000000000e+01 8.000000000000000000e+00 0.000000000000000000e+00 1.600000000000000089e+00 -5.529999999999999976e-04 -6.604999999999999760e-03 -9.999780000000000335e-01 4.427749999999999742e-01 8.966110000000000468e-01 -6.166999999999999739e-03 8.966319999999999846e-01 -4.427690000000000237e-01 2.429000000000000169e-03
5.000000000000000000e+00 2.400000000000000000e+01 9.000000000000000000e+00 0.000000000000000000e+00 1.600000000000000089e+00 1.164000000000000104e-03 3.014000000000000186e-03 -9.999949999999999672e-01 4.464600000000000235e-01 8.947979999999999823e-01 3.216000000000000109e-03 8.948030000000000150e-01 -4.464609999999999967e-01 -3.040000000000000167e-04
9.000000000000000000e+00 2.400000000000000000e+01 9.000000000000000000e+00 0.000000000000000000e+00 1.600000000000000089e+00 -8.899999999999999491e-04 3.062000000000000052e-03 -9.999949999999999672e-01 4.456499999999999906e-01 8.952039999999999997e-01 2.344999999999999862e-03 8.952069999999999750e-01 -4.456450000000000133e-01 -2.161000000000000160e-03
1.600000000000000000e+01 2.400000000000000000e+01 9.000000000000000000e+00 0.000000000000000000e+00 1.600000000000000089e+00 3.759999999999999779e-04 -2.811999999999999830e-03 -9.999959999999999960e-01 4.446760000000000157e-01 8.956880000000000397e-01 -2.350999999999999791e-03 8.956910000000000149e-01 -4.446740000000000137e-01 1.587000000000000086e-03
2.500000000000000000e+01 2.400000000000000000e+01 9.000000000000000000e+00 0.000000000000000000e+00 1.600000000000000089e+00 9.709999999999999664e-04 2.809999999999999998e-03 -9.999959999999999960e-01 4.443699999999999872e-01 8.958390000000000519e-01 2.948000000000000100e-03 8.958429999999999449e-01 -4.443710000000000160e-01 -3.789999999999999966e-04
2.500000000000000000e+01 3.100000000000000000e+01 1.200000000000000000e+01 0.000000000000000000e+00 1.600000000000000089e+00 -1.830000000000000029e-04 -3.795999999999999895e-03 9.999930000000000208e-01 8.533000000000000654e-03 9.999559999999999560e-01 3.797000000000000028e-03 -9.999639999999999640e-01 8.533999999999999919e-03 -1.499999999999999869e-04
6.000000000000000000e+00 1.160000000000000000e+02 1.600000000000000000e+01 0.000000000000000000e+00 1.600000000000000089e+00 7.550000000000000287e-04 -1.420000000000000038e-03 9.999989999999999712e-01 7.044780000000000486e-01 7.097259999999999680e-01 4.760000000000000234e-04 -7.097250000000000503e-01 7.044770000000000199e-01 1.536000000000000039e-03
1.300000000000000000e+01 1.160000000000000000e+02 1.600000000000000000e+01 0.000000000000000000e+00 1.600000000000000089e+00 -1.232000000000000022e-03 -4.440000000000000045e-04 9.999989999999999712e-01 6.937919999999999643e-01 7.201739999999999808e-01 1.175000000000000046e-03 -7.201739999999999808e-01 6.937929999999999930e-01 -5.789999999999999791e-04
2.600000000000000000e+01 1.160000000000000000e+02 1.600000000000000000e+01 0.000000000000000000e+00 1.600000000000000089e+00 1.649999999999999991e-03 2.027999999999999855e-03 9.999970000000000248e-01 6.787290000000000267e-01 7.343840000000000368e-01 -2.609000000000000208e-03 -7.343870000000000120e-01 6.787309999999999732e-01 -1.640000000000000019e-04
4.000000000000000000e+00 2.000000000000000000e+00 1.900000000000000000e+01 0.000000000000000000e+00 1.600000000000000089e+00 -2.155999999999999930e-03 1.096199999999999952e-02 -9.999379999999999935e-01 1.849750000000000005e-01 -9.826799999999999979e-01 -1.117199999999999964e-02 -9.827409999999999757e-01 -1.849870000000000125e-01 9.100000000000000287e-05
9.000000000000000000e+00 2.000000000000000000e+00 1.900000000000000000e+01 0.000000000000000000e+00 1.600000000000000089e+00 9.100000000000000287e-05 9.629999999999999671e-03 -9.999540000000000095e-01 1.904740000000000044e-01 -9.816470000000000473e-01 -9.436999999999999209e-03 -9.816920000000000091e-01 -1.904639999999999944e-01 -1.923999999999999929e-03
1.300000000000000000e+01 2.000000000000000000e+00 1.900000000000000000e+01 0.000000000000000000e+00 1.600000000000000089e+00 3.298999999999999849e-03 -1.045500000000000075e-02 -9.999400000000000510e-01 1.931249999999999911e-01 -9.811140000000000416e-01 1.089599999999999944e-02 -9.811689999999999579e-01 -1.931489999999999874e-01 -1.217999999999999899e-03
2.300000000000000000e+01 2.000000000000000000e+00 1.900000000000000000e+01 0.000000000000000000e+00 1.600000000000000089e+00 -2.024000000000000191e-03 3.301999999999999814e-03 -9.999919999999999920e-01 1.920850000000000057e-01 -9.813720000000000221e-01 -3.628999999999999847e-03 -9.813760000000000261e-01 -1.920910000000000117e-01 1.351999999999999903e-03
2.700000000000000000e+01 2.000000000000000000e+00 1.900000000000000000e+01 0.000000000000000000e+00 1.600000000000000089e+00 -5.616999999999999597e-03 1.943599999999999842e-02 -9.997949999999999893e-01 1.930600000000000094e-01 -9.809799999999999631e-01 -2.015499999999999931e-02 -9.811710000000000154e-01 -1.931340000000000001e-01 1.758000000000000014e-03
4.000000000000000000e+00 1.300000000000000000e+01 2.000000000000000000e+01 0.000000000000000000e+00 1.600000000000000089e+00 -1.868000000000000086e-03 -4.010999999999999809e-03 9.999900000000000455e-01 2.494939999999999936e-01 9.683669999999999778e-01 4.349999999999999700e-03 -9.683749999999999858e-01 2.494989999999999986e-01 -8.080000000000000160e-04
8.000000000000000000e+00 1.300000000000000000e+01 2.000000000000000000e+01 0.000000000000000000e+00 1.600000000000000089e+00 -2.586999999999999890e-03 -1.139000000000000082e-02 9.999320000000000430e-01 2.510229999999999961e-01 9.679109999999999658e-01 1.167499999999999961e-02 -9.679780000000000051e-01 2.510359999999999814e-01 3.550000000000000096e-04
2.100000000000000000e+01 1.300000000000000000e+01 2.000000000000000000e+01 0.000000000000000000e+00 1.600000000000000089e+00 -2.108000000000000065e-03 -5.375999999999999703e-03 9.999829999999999552e-01 2.478970000000000062e-01 9.687689999999999912e-01 5.730999999999999983e-03 -9.687839999999999785e-01 2.479049999999999865e-01 -7.100000000000000191e-04
2.400000000000000000e+01 1.300000000000000000e+01 2.000000000000000000e+01 0.000000000000000000e+00 1.600000000000000089e+00 -8.432000000000000259e-03 -1.478699999999999980e-02 9.998550000000000493e-01 2.491339999999999943e-01 9.683300000000000241e-01 1.642199999999999910e-02 -9.684319999999999595e-01 2.492369999999999863e-01 -4.480999999999999740e-03
9.000000000000000000e+00 1.600000000000000000e+01 2.100000000000000000e+01 0.000000000000000000e+00 1.600000000000000089e+00 -1.105999999999999995e-03 -9.660999999999999449e-03 9.999529999999999808e-01 2.966170000000000195e-01 9.549490000000000478e-01 9.553999999999999992e-03 -9.549959999999999560e-01 2.966139999999999888e-01 1.809999999999999977e-03
1.300000000000000000e+01 1.600000000000000000e+01 2.100000000000000000e+01 0.000000000000000000e+00 1.600000000000000089e+00 7.955999999999999531e-03 2.052999999999999964e-02 9.997580000000000355e-01 2.956679999999999864e-01 9.550380000000000535e-01 -2.196499999999999841e-02 -9.552580000000000515e-01 2.957710000000000061e-01 1.528000000000000061e-03
2.800000000000000000e+01 1.600000000000000000e+01 2.100000000000000000e+01 0.000000000000000000e+00 1.600000000000000089e+00 -1.287600000000000029e-02 -2.400400000000000103e-02 9.996289999999999898e-01 2.990030000000000188e-01 9.538769999999999749e-01 2.675699999999999953e-02 -9.541650000000000409e-01 2.992369999999999752e-01 -5.105000000000000163e-03
3.000000000000000000e+00 3.000000000000000000e+00 2.500000000000000000e+01 0.000000000000000000e+00 1.600000000000000089e+00 4.717999999999999972e-03 4.934000000000000018e-03 9.999770000000000048e-01 -5.607999999999999791e-02 -9.984129999999999949e-01 5.190000000000000169e-03 9.984150000000000524e-01 -5.610300000000000009e-02 -4.433999999999999574e-03
6.000000000000000000e+00 3.000000000000000000e+00 2.500000000000000000e+01 0.000000000000000000e+00 1.600000000000000089e+00 4.669999999999999672e-03 1.560600000000000008e-02 9.998669999999999503e-01 -5.229400000000000021e-02 -9.985060000000000047e-01 1.582899999999999932e-02 9.986209999999999809e-01 -5.236099999999999782e-02 -3.847000000000000159e-03
1.000000000000000000e+01 3.000000000000000000e+00 2.500000000000000000e+01 0.000000000000000000e+00 1.600000000000000089e+00 -1.730999999999999900e-03 7.695999999999999716e-03 9.999689999999999968e-01 -4.954000000000000070e-02 -9.987430000000000474e-01 7.601000000000000117e-03 9.987709999999999644e-01 -4.952600000000000058e-02 2.109999999999999896e-03
1.700000000000000000e+01 3.000000000000000000e+00 2.500000000000000000e+01 0.000000000000000000e+00 1.600000000000000089e+00 1.289999999999999914e-04 -1.822000000000000052e-03 9.999980000000000535e-01 -5.716600000000000154e-02 -9.983630000000000004e-01 -1.810999999999999893e-03 9.983649999999999469e-01 -5.716600000000000154e-02 -2.329999999999999986e-04
2.200000000000000000e+01 3.000000000000000000e+00 2.500000000000000000e+01 0.000000000000000000e+00 1.600000000000000089e+00 6.441999999999999810e-03 -3.494000000000000144e-03 9.999730000000000008e-01 -6.526800000000000657e-02 -9.978630000000000555e-01 -3.066000000000000149e-03 9.978470000000000395e-01 -6.524699999999999944e-02 -6.655999999999999590e-03
2.600000000000000000e+01 3.000000000000000000e+00 2.500000000000000000e+01 0.000000000000000000e+00 1.600000000000000089e+00 1.650899999999999937e-02 6.800000000000000488e-04 9.998629999999999463e-01 -6.210799999999999654e-02 -9.980679999999999552e-01 1.704000000000000003e-03 9.979329999999999590e-01 -6.212800000000000267e-02 -1.643500000000000169e-02
7.000000000000000000e+00 4.600000000000000000e+01 2.700000000000000000e+01 0.000000000000000000e+00 1.600000000000000089e+00 -5.450000000000000200e-04 -3.360999999999999838e-03 -9.999940000000000495e-01 6.624719999999999498e-01 7.490809999999999969e-01 -2.879000000000000049e-03 7.490869999999999473e-01 -6.624700000000000033e-01 1.817999999999999955e-03
1.900000000000000000e+01 4.600000000000000000e+01 2.700000000000000000e+01 0.000000000000000000e+00 1.600000000000000089e+00 -1.244000000000000097e-03 -3.919999999999999873e-04 -9.999989999999999712e-01 6.597159999999999691e-01 7.515140000000000153e-01 -1.115000000000000106e-03 7.515140000000000153e-01 -6.597169999999999979e-01 -6.759999999999999516e-04
2.400000000000000000e+01 4.600000000000000000e+01 2.700000000000000000e+01 0.000000000000000000e+00 1.600000000000000089e+00 -3.490000000000000263e-04 -2.968999999999999851e-03 -9.999959999999999960e-01 6.551599999999999646e-01 7.554859999999999909e-01 -2.471000000000000106e-03 7.554899999999999949e-01 -6.551580000000000181e-01 1.681999999999999901e-03
2.000000000000000000e+01 4.600000000000000000e+01 3.000000000000000000e+01 0.000000000000000000e+00 1.600000000000000089e+00 -7.209999999999999612e-04 6.149999999999999868e-04 -1.000000000000000000e+00 3.327490000000000170e-01 9.430150000000000476e-01 3.400000000000000244e-04 9.430150000000000476e-01 -3.327490000000000170e-01 -8.840000000000000201e-04
3.000000000000000000e+01 4.600000000000000000e+01 3.000000000000000000e+01 0.000000000000000000e+00 1.600000000000000089e+00 2.814000000000000095e-03 -2.609000000000000208e-03 -9.999930000000000208e-01 3.266939999999999844e-01 9.451289999999999969e-01 -1.546000000000000065e-03 9.451260000000000217e-01 -3.266870000000000052e-01 3.511999999999999931e-03
1.000000000000000000e+00 5.800000000000000000e+01 3.100000000000000000e+01 0.000000000000000000e+00 1.600000000000000089e+00 -1.404999999999999999e-03 -3.026000000000000044e-03 9.999940000000000495e-01 -7.918699999999999628e-01 -6.106829999999999758e-01 -2.961000000000000090e-03 6.106890000000000374e-01 -7.918690000000000451e-01 -1.538000000000000088e-03
7.000000000000000000e+00 5.800000000000000000e+01 3.100000000000000000e+01 0.000000000000000000e+00 1.600000000000000089e+00 -1.364999999999999894e-03 -8.142999999999999197e-03 9.999660000000000215e-01 -7.941310000000000313e-01 -6.077160000000000339e-01 -6.033000000000000168e-03 6.077439999999999509e-01 -7.941129999999999578e-01 -5.637999999999999783e-03
1.300000000000000000e+01 5.800000000000000000e+01 3.100000000000000000e+01 0.000000000000000000e+00 1.600000000000000089e+00 -1.758000000000000014e-03 4.178000000000000290e-03 9.999900000000000455e-01 -7.967549999999999910e-01 -6.043020000000000058e-01 1.124999999999999915e-03 6.042999999999999483e-01 -7.967450000000000365e-01 4.390999999999999938e-03
1.800000000000000000e+01 5.800000000000000000e+01 3.100000000000000000e+01 0.000000000000000000e+00 1.600000000000000089e+00 -2.818000000000000192e-03 -4.504000000000000191e-03 9.999860000000000415e-01 -7.960760000000000058e-01 -6.051760000000000472e-01 -4.969000000000000326e-03 6.051900000000000057e-01 -7.960789999999999811e-01 -1.881000000000000076e-03
2.200000000000000000e+01 5.800000000000000000e+01 3.100000000000000000e+01 0.000000000000000000e+00 1.600000000000000089e+00 -1.500000000000000038e-05 -2.945999999999999834e-03 9.999959999999999960e-01 -7.956600000000000339e-01 -6.057399999999999451e-01 -1.796999999999999986e-03 6.057430000000000314e-01 -7.956569999999999476e-01 -2.334999999999999836e-03
2.800000000000000000e+01 5.800000000000000000e+01 3.100000000000000000e+01 0.000000000000000000e+00 1.600000000000000089e+00 5.649999999999999641e-04 -5.342999999999999659e-03 9.999860000000000415e-01 -7.968600000000000128e-01 -6.041570000000000551e-01 -2.778000000000000087e-03 6.041630000000000056e-01 -7.968469999999999720e-01 -4.598999999999999790e-03
2.000000000000000000e+01 2.300000000000000000e+01 3.400000000000000000e+01 0.000000000000000000e+00 1.600000000000000089e+00 -6.870000000000000022e-04 2.704999999999999939e-03 9.999959999999999960e-01 4.006410000000000249e-01 -9.162310000000000176e-01 2.753999999999999938e-03 9.162350000000000216e-01 4.006419999999999981e-01 -4.539999999999999765e-04
2.000000000000000000e+01 4.200000000000000000e+01 3.400000000000000000e+01 0.000000000000000000e+00 1.600000000000000089e+00 6.329999999999999906e-04 -2.219000000000000052e-03 -9.999970000000000248e-01 -2.918620000000000103e-01 9.564580000000000304e-01 -2.308000000000000156e-03 9.564599999999999769e-01 2.918620000000000103e-01 -4.199999999999999768e-05
7.000000000000000000e+00 4.600000000000000000e+01 3.500000000000000000e+01 0.000000000000000000e+00 1.600000000000000089e+00 -2.092999999999999809e-03 1.582000000000000073e-03 -9.999970000000000248e-01 3.909079999999999777e-01 -9.204269999999999952e-01 -2.273999999999999980e-03 -9.204269999999999952e-01 -3.909110000000000085e-01 1.307999999999999918e-03
1.300000000000000000e+01 4.600000000000000000e+01 3.500000000000000000e+01 0.000000000000000000e+00 1.600000000000000089e+00 5.372000000000000039e-03 -5.363999999999999845e-03 -9.999710000000000543e-01 3.872209999999999819e-01 -9.219600000000000017e-01 7.024999999999999994e-03 -9.219709999999999850e-01 -3.872470000000000079e-01 -2.874999999999999951e-03
1.600000000000000000e+01 4.600000000000000000e+01 3.500000000000000000e+01 0.000000000000000000e+00 1.600000000000000089e+00 3.531999999999999983e-03 -3.848999999999999991e-03 -9.999860000000000415e-01 3.847700000000000009e-01 -9.229990000000000139e-01 4.911999999999999700e-03 -9.230059999999999931e-01 -3.847820000000000129e-01 -1.778999999999999982e-03
2.100000000000000000e+01 4.600000000000000000e+01 3.500000000000000000e+01 0.000000000000000000e+00 1.600000000000000089e+00 -4.690000000000000158e-04 2.380000000000000117e-04 -1.000000000000000000e+00 3.839920000000000000e-01 -9.233360000000000456e-01 -4.000000000000000192e-04 -9.233360000000000456e-01 -3.839920000000000000e-01 3.409999999999999945e-04
2.700000000000000000e+01 4.600000000000000000e+01 3.500000000000000000e+01 0.000000000000000000e+00 1.600000000000000089e+00 -4.701999999999999583e-03 2.975000000000000214e-03 -9.999850000000000128e-01 3.881660000000000110e-01 -9.215780000000000083e-01 -4.566999999999999879e-03 -9.215769999999999795e-01 -3.881820000000000270e-01 3.178999999999999968e-03
8.000000000000000000e+00 9.500000000000000000e+01 3.600000000000000000e+01 0.000000000000000000e+00 1.600000000000000089e+00 -7.420000000000000380e-03 -1.284800000000000005e-02 9.998899999999999455e-01 9.979479999999999462e-01 6.349399999999999489e-02 8.220999999999999142e-03 -6.359299999999999675e-02 9.978989999999999805e-01 1.235100000000000087e-02
1.800000000000000000e+01 9.500000000000000000e+01 3.600000000000000000e+01 0.000000000000000000e+00 1.600000000000000089e+00 1.544099999999999986e-02 2.340800000000000172e-02 9.996070000000000233e-01 9.973710000000000075e-01 7.043399999999999661e-02 -1.705600000000000172e-02 -7.080599999999999394e-02 9.972419999999999618e-01 -2.225900000000000101e-02
2.300000000000000000e+01 9.500000000000000000e+01 3.600000000000000000e+01 0.000000000000000000e+00 1.600000000000000089e+00 -1.304000000000000038e-03 -3.315999999999999937e-03 9.999940000000000495e-01 9.976690000000000280e-01 6.822699999999999598e-02 1.528000000000000061e-03 -6.823099999999999998e-02 9.976639999999999953e-01 3.219000000000000073e-03
2.600000000000000000e+01 9.500000000000000000e+01 3.600000000000000000e+01 0.000000000000000000e+00 1.600000000000000089e+00 -1.010999999999999920e-02 -9.667000000000000245e-03 9.999019999999999575e-01 9.979059999999999597e-01 6.378399999999999348e-02 1.070699999999999950e-02 -6.388099999999999334e-02 9.979170000000000540e-01 9.001999999999999585e-03
2.200000000000000000e+01 9.500000000000000000e+01 3.700000000000000000e+01 0.000000000000000000e+00 1.600000000000000089e+00 3.310000000000000008e-03 -1.160999999999999923e-03 9.999940000000000495e-01 9.959209999999999452e-01 9.017600000000000615e-02 -3.191999999999999959e-03 -9.017200000000000215e-02 9.959249999999999492e-01 1.453999999999999997e-03
1.000000000000000000e+01 3.000000000000000000e+00 4.300000000000000000e+01 0.000000000000000000e+00 1.600000000000000089e+00 -1.131000000000000061e-03 3.652999999999999997e-03 -9.999930000000000208e-01 7.380179999999999518e-01 -6.747729999999999562e-01 -3.299999999999999982e-03 -6.747800000000000464e-01 -7.380160000000000053e-01 -1.933000000000000039e-03
2.200000000000000000e+01 3.000000000000000000e+00 4.300000000000000000e+01 0.000000000000000000e+00 1.600000000000000089e+00 -5.994000000000000196e-03 6.459999999999999597e-03 -9.999609999999999888e-01 7.382649999999999491e-01 -6.744539999999999980e-01 -8.782999999999999141e-03 -6.744839999999999725e-01 -7.382889999999999731e-01 -7.269999999999999987e-04
1.100000000000000000e+01 2.900000000000000000e+01 4.400000000000000000e+01 0.000000000000000000e+00 1.600000000000000089e+00 3.226000000000000135e-03 5.636999999999999650e-03 -9.999789999999999512e-01 6.404900000000000038e-01 7.679399999999999560e-01 6.394999999999999643e-03 7.679599999999999760e-01 -6.404969999999999830e-01 -1.132999999999999893e-03
1.900000000000000000e+01 2.900000000000000000e+01 4.400000000000000000e+01 0.000000000000000000e+00 1.600000000000000089e+00 -5.429999999999999714e-04 -4.049999999999999781e-04 -1.000000000000000000e+00 6.441459999999999964e-01 7.649019999999999708e-01 -6.599999999999999964e-04 7.649019999999999708e-01 -6.441470000000000251e-01 -1.540000000000000028e-04
2.500000000000000000e+01 2.900000000000000000e+01 4.400000000000000000e+01 0.000000000000000000e+00 1.600000000000000089e+00 -8.869999999999999846e-04 1.227000000000000009e-03 -9.999989999999999712e-01 6.506750000000000034e-01 7.593560000000000310e-01 3.550000000000000096e-04 7.593560000000000310e-01 -6.506739999999999746e-01 -1.472000000000000001e-03
1.800000000000000000e+01 6.500000000000000000e+01 4.600000000000000000e+01 0.000000000000000000e+00 1.600000000000000089e+00 -0.000000000000000000e+00 -1.378000000000000102e-03 9.999989999999999712e-01 6.798490000000000366e-01 -7.333509999999999751e-01 -1.010000000000000047e-03 7.333520000000000039e-01 6.798490000000000366e-01 9.370000000000000074e-04
1.000000000000000000e+00 2.900000000000000000e+01 4.800000000000000000e+01 0.000000000000000000e+00 1.600000000000000089e+00 -1.938099999999999892e-02 -2.847999999999999837e-02 9.994060000000000166e-01 3.693699999999999761e-01 9.286739999999999995e-01 3.362699999999999717e-02 -9.290800000000000169e-01 3.698020000000000196e-01 -7.479000000000000405e-03
3.000000000000000000e+00 5.000000000000000000e+00 5.100000000000000000e+01 0.000000000000000000e+00 1.600000000000000089e+00 7.810000000000000102e-04 -1.593299999999999925e-02 -9.998730000000000118e-01 4.926320000000000143e-01 -8.701210000000000333e-01 1.425000000000000051e-02 -8.702370000000000383e-01 -4.925809999999999911e-01 7.169000000000000025e-03
7.000000000000000000e+00 5.000000000000000000e+00 5.100000000000000000e+01 0.000000000000000000e+00 1.600000000000000089e+00 1.211999999999999970e-03 -8.259999999999999981e-03 -9.999649999999999928e-01 4.879760000000000209e-01 -8.728219999999999867e-01 7.801999999999999907e-03 -8.728559999999999652e-01 -4.879680000000000129e-01 2.972999999999999948e-03
1.300000000000000000e+01 5.000000000000000000e+00 5.100000000000000000e+01 0.000000000000000000e+00 1.600000000000000089e+00 -2.703999999999999806e-03 3.999999999999999819e-06 -9.999959999999999960e-01 4.876460000000000239e-01 -8.730400000000000382e-01 -1.322000000000000041e-03 -8.730369999999999520e-01 -4.876480000000000259e-01 2.358999999999999986e-03
6.000000000000000000e+00 3.900000000000000000e+01 5.100000000000000000e+01 0.000000000000000000e+00 1.600000000000000089e+00 -1.094200000000000034e-02 -3.266060000000000074e-01 9.450969999999999649e-01 3.327849999999999975e-01 8.900869999999999616e-01 3.114480000000000026e-01 -9.429389999999999716e-01 3.179219999999999824e-01 9.894999999999999629e-02
5.000000000000000000e+00 7.000000000000000000e+00 5.200000000000000000e+01 0.000000000000000000e+00 1.600000000000000089e+00 -3.082000000000000104e-03 -6.487999999999999844e-03 -9.999740000000000295e-01 1.072509999999999991e-01 -9.942130000000000134e-01 6.119999999999999572e-03 -9.942269999999999719e-01 -1.072300000000000059e-01 3.759999999999999887e-03
7.000000000000000000e+00 4.000000000000000000e+01 5.200000000000000000e+01 0.000000000000000000e+00 1.600000000000000089e+00 2.325999999999999943e-03 -2.109590000000000076e-01 9.774920000000000275e-01 1.691950000000000121e-01 9.634850000000000358e-01 2.075339999999999963e-01 -9.855800000000000116e-01 1.649039999999999950e-01 3.793400000000000244e-02
1.400000000000000000e+01 4.200000000000000000e+01 5.200000000000000000e+01 0.000000000000000000e+00 1.600000000000000089e+00 3.333499999999999658e-02 -6.811120000000000507e-01 7.314199999999999591e-01 8.296499999999999708e-02 7.311860000000000026e-01 6.771139999999999937e-01 -9.959949999999999637e-01 3.811099999999999904e-02 8.088299999999999657e-02
2.000000000000000000e+01 4.400000000000000000e+01 5.300000000000000000e+01 0.000000000000000000e+00 1.600000000000000089e+00 5.498499999999999915e-02 -4.651710000000000012e-01 -8.835119999999999640e-01 8.635700000000000320e-02 -8.793189999999999618e-01 4.683379999999999765e-01 -9.947460000000000191e-01 -1.020490000000000008e-01 -8.177999999999999506e-03
1.900000000000000000e+01 4.500000000000000000e+01 5.300000000000000000e+01 0.000000000000000000e+00 1.600000000000000089e+00 7.834099999999999397e-02 -6.609589999999999632e-01 -7.463220000000000409e-01 8.175799999999999734e-02 -7.418409999999999727e-01 6.655729999999999702e-01 -9.935680000000000067e-01 -1.131599999999999967e-01 -4.079000000000000160e-03
1.800000000000000000e+01 4.600000000000000000e+01 5.300000000000000000e+01 0.000000000000000000e+00 1.600000000000000089e+00 1.022740000000000038e-01 -7.293859999999999788e-01 -6.764139999999999597e-01 1.062260000000000010e-01 -6.680840000000000112e-01 7.364640000000000075e-01 -9.890679999999999472e-01 -1.471739999999999993e-01 9.152000000000000413e-03
4.000000000000000000e+00 6.300000000000000000e+01 5.400000000000000000e+01 0.000000000000000000e+00 1.600000000000000089e+00 1.350000000000000017e-04 6.189999999999999756e-04 1.000000000000000000e+00 -3.650109999999999744e-01 9.310030000000000250e-01 -5.270000000000000162e-04 -9.310030000000000250e-01 -3.650109999999999744e-01 3.510000000000000208e-04
7.000000000000000000e+00 6.300000000000000000e+01 5.400000000000000000e+01 0.000000000000000000e+00 1.600000000000000089e+00 -6.170000000000000354e-04 1.301000000000000073e-03 9.999989999999999712e-01 -3.640320000000000222e-01 9.313850000000000184e-01 -1.435999999999999993e-03 -9.313860000000000472e-01 -3.640320000000000222e-01 -1.010000000000000020e-04
1.100000000000000000e+01 6.300000000000000000e+01 5.400000000000000000e+01 0.000000000000000000e+00 1.600000000000000089e+00 -4.040000000000000080e-04 2.187000000000000142e-03 9.999980000000000535e-01 -3.621670000000000167e-01 9.321110000000000229e-01 -2.184999999999999876e-03 -9.321129999999999693e-01 -3.621670000000000167e-01 4.159999999999999744e-04
1.500000000000000000e+01 6.300000000000000000e+01 5.400000000000000000e+01 0.000000000000000000e+00 1.600000000000000089e+00 -7.990000000000000140e-04 4.427000000000000379e-03 9.999900000000000455e-01 -3.602719999999999811e-01 9.328370000000000273e-01 -4.418000000000000052e-03 -9.328469999999999818e-01 -3.602719999999999811e-01 8.490000000000000368e-04
2.200000000000000000e+01 6.300000000000000000e+01 5.400000000000000000e+01 0.000000000000000000e+00 1.600000000000000089e+00 -4.110000000000000155e-04 2.489999999999999809e-04 1.000000000000000000e+00 -3.479909999999999948e-01 9.374980000000000535e-01 -3.770000000000000022e-04 -9.374980000000000535e-01 -3.479909999999999948e-01 -2.979999999999999793e-04
1.200000000000000000e+01 2.500000000000000000e+01 5.500000000000000000e+01 0.000000000000000000e+00 1.600000000000000089e+00 3.209999999999999963e-04 -4.262000000000000163e-03 -9.999909999999999632e-01 -1.220000000000000077e-02 -9.999160000000000270e-01 4.257999999999999632e-03 -9.999259999999999815e-01 1.219800000000000051e-02 -3.730000000000000134e-04
1.700000000000000000e+01 2.500000000000000000e+01 5.500000000000000000e+01 0.000000000000000000e+00 1.600000000000000089e+00 -4.569999999999999952e-04 -2.958999999999999825e-03 -9.999959999999999960e-01 -1.130800000000000034e-02 -9.999320000000000430e-01 2.964000000000000055e-03 -9.999360000000000470e-01 1.131000000000000061e-02 4.229999999999999819e-04
2.500000000000000000e+01 2.600000000000000000e+01 5.500000000000000000e+01 0.000000000000000000e+00 1.600000000000000089e+00 2.988999999999999903e-03 2.139599999999999835e-02 -9.997669999999999613e-01 -3.244600000000000262e-02 -9.992429999999999923e-01 -2.148100000000000009e-02 -9.994690000000000518e-01 3.250200000000000311e-02 -2.292000000000000200e-03
9.000000000000000000e+00 7.600000000000000000e+01 5.600000000000000000e+01 0.000000000000000000e+00 1.600000000000000089e+00 1.330000000000000019e-03 -2.831000000000000183e-03 -9.999949999999999672e-01 -1.389890000000000014e-01 9.902889999999999748e-01 -2.988999999999999903e-03 9.902929999999999788e-01 1.389920000000000044e-01 9.240000000000000166e-04
1.400000000000000000e+01 4.600000000000000000e+01 5.700000000000000000e+01 0.000000000000000000e+00 1.600000000000000089e+00 3.769999999999999914e-03 -5.572740000000000471e-01 -8.303199999999999470e-01 -1.910900000000000098e-01 -8.154270000000000129e-01 5.464099999999999513e-01 -9.815650000000000208e-01 1.566059999999999952e-01 -1.095629999999999937e-01
1.500000000000000000e+01 6.800000000000000000e+01 5.700000000000000000e+01 0.000000000000000000e+00 1.600000000000000089e+00 1.479000000000000063e-03 2.102999999999999835e-03 -9.999970000000000248e-01 -2.506829999999999892e-01 -9.680659999999999821e-01 -2.406000000000000152e-03 -9.680680000000000396e-01 2.506860000000000199e-01 -9.049999999999999885e-04
2.200000000000000000e+01 6.800000000000000000e+01 5.700000000000000000e+01 0.000000000000000000e+00 1.600000000000000089e+00 -1.118000000000000070e-03 -1.123500000000000019e-02 -9.999360000000000470e-01 -2.494790000000000063e-01 -9.683159999999999545e-01 1.115799999999999952e-02 -9.683800000000000185e-01 2.494760000000000033e-01 -1.721000000000000090e-03
3.000000000000000000e+01 6.800000000000000000e+01 5.700000000000000000e+01 0.000000000000000000e+00 1.600000000000000089e+00 4.249999999999999763e-04 1.490999999999999921e-03 -9.999989999999999712e-01 -2.470150000000000123e-01 -9.690109999999999557e-01 -1.549999999999999946e-03 -9.690119999999999845e-01 2.470150000000000123e-01 -4.300000000000000165e-05
4.000000000000000000e+00 2.100000000000000000e+01 6.000000000000000000e+01 0.000000000000000000e+00 1.600000000000000089e+00 7.600000000000000418e-04 -4.521999999999999978e-03 9.999900000000000455e-01 -9.798400000000000165e-02 9.951780000000000070e-01 4.575000000000000074e-03 -9.951879999999999615e-01 -9.798600000000000365e-02 3.130000000000000187e-04
1.000000000000000000e+01 2.100000000000000000e+01 6.000000000000000000e+01 0.000000000000000000e+00 1.600000000000000089e+00 -7.110000000000000434e-04 4.891000000000000382e-03 9.999879999999999880e-01 -9.944100000000000161e-02 9.950309999999999988e-01 -4.937999999999999681e-03 -9.950430000000000108e-01 -9.944400000000000461e-02 -2.210000000000000050e-04
1.400000000000000000e+01 2.100000000000000000e+01 6.000000000000000000e+01 0.000000000000000000e+00 1.600000000000000089e+00 -1.797999999999999902e-03 -7.690000000000000438e-04 9.999980000000000535e-01 -9.942600000000000049e-02 9.950449999999999573e-01 5.869999999999999567e-04 -9.950430000000000108e-01 -9.942499999999999949e-02 -1.864999999999999904e-03
2.000000000000000000e+01 2.100000000000000000e+01 6.000000000000000000e+01 0.000000000000000000e+00 1.600000000000000089e+00 2.923999999999999950e-03 3.115999999999999846e-03 9.999909999999999632e-01 -9.823099999999999887e-02 9.951600000000000446e-01 -2.814000000000000095e-03 -9.951590000000000158e-01 -9.822200000000000375e-02 3.216000000000000109e-03
2.700000000000000000e+01 2.100000000000000000e+01 6.000000000000000000e+01 0.000000000000000000e+00 1.600000000000000089e+00 -1.433000000000000029e-03 -5.154999999999999860e-03 9.999860000000000415e-01 -9.561899999999999566e-02 9.954049999999999843e-01 4.995000000000000308e-03 -9.954169999999999963e-01 -9.561100000000000154e-02 -1.918999999999999916e-03
2.300000000000000000e+01 3.000000000000000000e+00 6.300000000000000000e+01 0.000000000000000000e+00 1.600000000000000089e+00 1.900000000000000105e-05 6.147999999999999819e-03 9.999810000000000088e-01 -6.153009999999999868e-01 7.882770000000000055e-01 -4.834999999999999888e-03 -7.882919999999999927e-01 -6.152889999999999748e-01 3.798000000000000161e-03
2.000000000000000000e+00 2.700000000000000000e+01 6.300000000000000000e+01 0.000000000000000000e+00 1.600000000000000089e+00 4.290000000000000193e-04 2.631999999999999791e-03 9.999959999999999960e-01 -2.801179999999999781e-01 9.599630000000000107e-01 -2.406000000000000152e-03 -9.599649999999999572e-01 -2.801159999999999761e-01 1.149000000000000065e-03
5.000000000000000000e+00 2.700000000000000000e+01 6.300000000000000000e+01 0.000000000000000000e+00 1.600000000000000089e+00 1.438000000000000042e-03 8.700000000000000051e-04 9.999989999999999712e-01 -2.788630000000000275e-01 9.603310000000000457e-01 -4.339999999999999782e-04 -9.603300000000000169e-01 -2.788619999999999988e-01 1.623000000000000094e-03
9.000000000000000000e+00 2.700000000000000000e+01 6.300000000000000000e+01 0.000000000000000000e+00 1.600000000000000089e+00 3.040000000000000167e-03 1.838000000000000007e-03 9.999940000000000495e-01 -2.750040000000000262e-01 9.614430000000000476e-01 -9.309999999999999699e-04 -9.614380000000000148e-01 -2.749989999999999934e-01 3.428000000000000057e-03
1.500000000000000000e+01 2.700000000000000000e+01 6.300000000000000000e+01 0.000000000000000000e+00 1.600000000000000089e+00 1.740000000000000010e-04 6.649000000000000396e-03 9.999780000000000335e-01 -2.728180000000000049e-01 9.620450000000000390e-01 -6.349999999999999742e-03 -9.620659999999999767e-01 -2.728110000000000257e-01 1.981000000000000122e-03
2.200000000000000000e+01 2.700000000000000000e+01 6.300000000000000000e+01 0.000000000000000000e+00 1.600000000000000089e+00 2.909000000000000127e-03 2.970000000000000092e-04 9.999959999999999960e-01 -2.693050000000000166e-01 9.630549999999999944e-01 4.970000000000000459e-04 -9.630509999999999904e-01 -2.693050000000000166e-01 2.882000000000000013e-03
3.000000000000000000e+01 2.700000000000000000e+01 6.300000000000000000e+01 0.000000000000000000e+00 1.600000000000000089e+00 2.971999999999999816e-03 3.708100000000000285e-02 9.993079999999999741e-01 -2.516959999999999753e-01 9.671680000000000277e-01 -3.513999999999999763e-02 -9.678020000000000511e-01 -2.514179999999999748e-01 1.220800000000000010e-02
2.000000000000000000e+00 2.600000000000000000e+01 6.400000000000000000e+01 0.000000000000000000e+00 1.600000000000000089e+00 -1.000000000000000082e-05 3.193999999999999791e-03 9.999949999999999672e-01 -3.699609999999999843e-01 9.290420000000000345e-01 -2.971000000000000116e-03 -9.290469999999999562e-01 -3.699600000000000111e-01 1.172999999999999998e-03
5.000000000000000000e+00 2.600000000000000000e+01 6.400000000000000000e+01 0.000000000000000000e+00 1.600000000000000089e+00 8.829999999999999958e-04 1.928000000000000026e-03 9.999980000000000535e-01 -3.689830000000000054e-01 9.294350000000000112e-01 -1.466000000000000072e-03 -9.294360000000000399e-01 -3.689810000000000034e-01 1.531999999999999942e-03
9.000000000000000000e+00 2.600000000000000000e+01 6.400000000000000000e+01 0.000000000000000000e+00 1.600000000000000089e+00 2.407999999999999984e-03 2.134000000000000046e-03 9.999949999999999672e-01 -3.634129999999999860e-01 9.316269999999999829e-01 -1.113000000000000057e-03 -9.316250000000000364e-01 -3.634089999999999820e-01 3.018999999999999982e-03
1.500000000000000000e+01 2.600000000000000000e+01 6.400000000000000000e+01 0.000000000000000000e+00 1.600000000000000089e+00 -4.380000000000000213e-04 1.141000000000000087e-03 9.999989999999999712e-01 -3.600720000000000032e-01 9.329239999999999755e-01 -1.222999999999999912e-03 -9.329250000000000043e-01 -3.600720000000000032e-01 1.999999999999999909e-06
2.100000000000000000e+01 2.600000000000000000e+01 6.400000000000000000e+01 0.000000000000000000e+00 1.600000000000000089e+00 2.837000000000000112e-03 5.919999999999999915e-03 9.999780000000000335e-01 -3.572960000000000025e-01 9.339800000000000324e-01 -4.516000000000000049e-03 -9.339870000000000116e-01 -3.572750000000000092e-01 4.765000000000000138e-03
4.000000000000000000e+00 5.600000000000000000e+01 6.400000000000000000e+01 0.000000000000000000e+00 1.600000000000000089e+00 -1.469179999999999930e-01 2.648949999999999916e-01 -9.530189999999999495e-01 7.316999999999999720e-03 9.637390000000000123e-01 2.667459999999999831e-01 9.891219999999999457e-01 3.221600000000000158e-02 -1.435289999999999899e-01
