1.900000000000000000e+01 2.500000000000000000e+01 1.000000000000000000e+00 0.000000000000000000e+00 1.600000000000000089e+00 4.506999999999999722e-03 6.823000000000000072e-03 -9.999670000000000503e-01 -5.215889999999999693e-01 -8.531579999999999719e-01 -8.172000000000000444e-03 -8.531849999999999712e-01 5.216089999999999893e-01 -2.860000000000000129e-04
2.500000000000000000e+01 2.500000000000000000e+01 1.000000000000000000e+00 0.000000000000000000e+00 1.600000000000000089e+00 -2.279999999999999909e-03 -1.036199999999999968e-02 -9.999440000000000550e-01 -5.178180000000000005e-01 -8.554319999999999702e-01 1.004500000000000011e-02 -8.554880000000000262e-01 5.178120000000000500e-01 -3.415000000000000067e-03
2.100000000000000000e+01 1.900000000000000000e+01 5.000000000000000000e+00 0.000000000000000000e+00 1.600000000000000089e+00 1.423999999999999919e-03 2.367000000000000180e-03 -9.999959999999999960e-01 -6.926639999999999464e-01 -7.212549999999999795e-01 -2.693000000000000081e-03 -7.212589999999999835e-01 6.926660000000000039e-01 6.130000000000000466e-04
2.400000000000000000e+01 1.900000000000000000e+01 5.000000000000000000e+00 0.000000000000000000e+00 1.600000000000000089e+00 7.600000000000000418e-05 -8.482999999999999222e-03 -9.999639999999999640e-01 -6.927640000000000464e-01 -7.211389999999999745e-01 6.065000000000000079e-03 -7.211649999999999450e-01 6.927379999999999649e-01 -5.931999999999999773e-03
1.600000000000000000e+01 1.010000000000000000e+02 7.000000000000000000e+00 0.000000000000000000e+00 1.600000000000000089e+00 8.710000000000000294e-04 -7.360000000000000223e-03 9.999730000000000008e-01 8.897070000000000256e-01 4.565239999999999854e-01 2.586000000000000191e-03 -4.565310000000000201e-01 8.896810000000000551e-01 6.945999999999999917e-03
2.700000000000000000e+01 1.010000000000000000e+02 7.000000000000000000e+00 0.000000000000000000e+00 1.600000000000000089e+00 5.299999999999999807e-04 -1.520499999999999977e-02 9.998839999999999950e-01 8.824849999999999639e-01 4.702939999999999898e-01 6.683999999999999837e-03 -4.703410000000000091e-01 8.823790000000000244e-01 1.366700000000000033e-02
6.000000000000000000e+00 2.500000000000000000e+01 8.000000000000000000e+00 0.000000000000000000e+00 1.600000000000000089e+00 4.119999999999999856e-04 2.700000000000000143e-03 -9.999959999999999960e-01 4.379199999999999759e-01 8.990099999999999758e-01 2.608000000000000075e-03 8.990139999999999798e-01 -4.379190000000000027e-01 -8.120000000000000048e-04
1.500000000000000000e+01 2.500000000000000000e+01 8.000000000000000000e+00 0.000000000000000000e+00 1.600000000000000089e+00 -2.419000000000000143e-03 -4.160999999999999768e-03 -9.999879999999999880e-01 4.396809999999999885e-01 8.981409999999999672e-01 -4.800999999999999712e-03 8.981510000000000327e-01 -4.396880000000000233e-01 -3.440000000000000132e-04
1.900000000000000000e+01 2.500000000000000000e+01 8.000000000000000000e+00 0.000000000000000000e+00 1.600000000000000089e+00 -3.383999999999999855e-03 -4.821999999999999897e-03 -9.999829999999999552e-01 4.404449999999999754e-01 8.977610000000000312e-01 -5.819999999999999653e-03 8.977730000000000432e-01 -4.404569999999999874e-01 -9.139999999999999904e-04
2.200000000000000000e+01 2.500000000000000000e+01 8.000000000000000000e+00 0.000000000000000000e+00 1.600000000000000089e+00 -1.495000000000000018e-03 -8.212999999999999814e-03 -9.999649999999999928e-01 4.396610000000000240e-01 8.981280000000000374e-01 -8.033000000000000210e-03 8.981630000000000447e-01 -4.396570000000000200e-01 2.268000000000000051e-03
2.700000000000000000e+01 2.500000000000000000e+01 8.000000000000000000e+00 0.000000000000000000e+00 1.600000000000000089e+00 1.160999999999999923e-03 -9.353000000000000203e-03 -9.999559999999999560e-01 4.375809999999999977e-01 8.991440000000000543e-01 -7.901999999999999302e-03 8.991780000000000328e-01 -4.375519999999999965e-01 5.137000000000000073e-03
1.000000000000000000e+00 9.000000000000000000e+00 9.000000000000000000e+00 0.000000000000000000e+00 1.600000000000000089e+00 -4.859499999999999931e-02 -3.112900000000000042e-02 -9.983330000000000259e-01 -9.689119999999999955e-01 -2.412860000000000005e-01 5.468599999999999850e-02 -2.425859999999999961e-01 9.699550000000000116e-01 -1.843600000000000100e-02
5.000000000000000000e+00 9.000000000000000000e+00 9.000000000000000000e+00 0.000000000000000000e+00 1.600000000000000089e+00 -7.327300000000000479e-02 -5.481599999999999667e-02 -9.958040000000000225e-01 -9.485550000000000370e-01 -3.045510000000000161e-01 8.656099999999999905e-02 -3.080180000000000140e-01 9.509170000000000122e-01 -2.968099999999999905e-02
6.000000000000000000e+00 2.400000000000000000e+01 9.000000000000000000e+00 0.000000000000000000e+00 1.600000000000000089e+00 3.730000000000000134e-04 3.272999999999999868e-03 -9.999949999999999672e-01 4.441080000000000028e-01 8.959679999999999866e-01 3.098000000000000059e-03 8.959730000000000194e-01 -4.441060000000000008e-01 -1.119999999999999902e-03
1.000000000000000000e+01 2.400000000000000000e+01 9.000000000000000000e+00 0.000000000000000000e+00 1.600000000000000089e+00 -7.799999999999999859e-05 1.869999999999999917e-04 -1.000000000000000000e+00 4.431339999999999724e-01 8.964550000000000018e-01 1.330000000000000073e-04 8.964550000000000018e-01 -4.431339999999999724e-01 -1.530000000000000056e-04
1.300000000000000000e+01 2.400000000000000000e+01 9.000000000000000000e+00 0.000000000000000000e+00 1.600000000000000089e+00 -1.685000000000000083e-03 -3.487000000000000082e-03 -9.999919999999999920e-01 4.446140000000000092e-01 8.957140000000000102e-01 -3.872000000000000008e-03 8.957199999999999607e-01 -4.446180000000000132e-01 4.100000000000000047e-05
1.900000000000000000e+01 2.400000000000000000e+01 9.000000000000000000e+00 0.000000000000000000e+00 1.600000000000000089e+00 -2.736000000000000151e-03 -6.714999999999999615e-03 -9.999740000000000295e-01 4.467610000000000192e-01 8.946239999999999748e-01 -7.230000000000000315e-03 8.946490000000000276e-01 -4.467690000000000272e-01 5.529999999999999976e-04
2.200000000000000000e+01 2.400000000000000000e+01 9.000000000000000000e+00 0.000000000000000000e+00 1.600000000000000089e+00 -5.550000000000000462e-04 -9.716000000000000678e-03 -9.999529999999999808e-01 4.460359999999999880e-01 8.949709999999999610e-01 -8.942999999999999561e-03 8.950150000000000050e-01 -4.460189999999999988e-01 3.837000000000000133e-03
2.600000000000000000e+01 2.400000000000000000e+01 9.000000000000000000e+00 0.000000000000000000e+00 1.600000000000000089e+00 1.340000000000000045e-03 -1.102200000000000055e-02 -9.999379999999999935e-01 4.445230000000000015e-01 8.957199999999999607e-01 -9.277000000000000524e-03 8.957669999999999799e-01 -4.444830000000000170e-01 6.099000000000000254e-03
1.800000000000000000e+01 7.000000000000000000e+00 1.000000000000000000e+01 0.000000000000000000e+00 1.600000000000000089e+00 -5.871900000000000036e-02 -3.833299999999999902e-02 -9.975380000000000358e-01 -9.862880000000000535e-01 -1.521609999999999907e-01 6.390300000000000147e-02 -1.542360000000000120e-01 9.876120000000000454e-01 -2.887199999999999836e-02
2.200000000000000000e+01 7.000000000000000000e+00 1.000000000000000000e+01 0.000000000000000000e+00 1.600000000000000089e+00 5.314000000000000147e-03 -6.860999999999999911e-03 -9.999620000000000175e-01 -9.911459999999999715e-01 -1.327079999999999926e-01 -4.356999999999999762e-03 -1.326730000000000131e-01 9.911309999999999842e-01 -7.505000000000000386e-03
1.700000000000000000e+01 3.000000000000000000e+00 1.100000000000000000e+01 0.000000000000000000e+00 1.600000000000000089e+00 -6.949999999999999798e-04 -7.528999999999999582e-02 9.971609999999999641e-01 1.378369999999999873e-01 -9.876509999999999456e-01 -7.447600000000000053e-02 9.904549999999999743e-01 1.373939999999999884e-01 1.106399999999999918e-02
2.300000000000000000e+01 3.000000000000000000e+00 1.100000000000000000e+01 0.000000000000000000e+00 1.600000000000000089e+00 -1.463000000000000108e-03 1.854499999999999899e-02 9.998270000000000213e-01 1.209559999999999941e-01 -9.924840000000000328e-01 1.858599999999999836e-02 9.926570000000000116e-01 1.209630000000000011e-01 -7.910000000000000364e-04
3.000000000000000000e+00 3.100000000000000000e+01 1.200000000000000000e+01 0.000000000000000000e+00 1.600000000000000089e+00 1.063599999999999962e-02 -1.743500000000000050e-01 9.846260000000000012e-01 -6.360100000000000475e-02 9.825700000000000545e-01 1.746719999999999939e-01 -9.979190000000000005e-01 -6.447999999999999565e-02 -6.380000000000000037e-04
4.000000000000000000e+00 3.500000000000000000e+01 1.300000000000000000e+01 0.000000000000000000e+00 1.600000000000000089e+00 -1.729610000000000036e-01 -4.631199999999999900e-02 9.838390000000000191e-01 9.712739999999999707e-01 -1.737750000000000128e-01 1.625719999999999943e-01 1.634379999999999999e-01 9.836960000000000148e-01 7.503799999999999359e-02
1.300000000000000000e+01 3.200000000000000000e+01 1.400000000000000000e+01 0.000000000000000000e+00 1.600000000000000089e+00 1.033000000000000064e-03 -1.531999999999999942e-03 -9.999980000000000535e-01 1.169800000000000006e-01 9.931330000000000435e-01 -1.399999999999999986e-03 9.931339999999999613e-01 -1.169779999999999986e-01 1.204999999999999908e-03
1.700000000000000000e+01 3.200000000000000000e+01 1.400000000000000000e+01 0.000000000000000000e+00 1.600000000000000089e+00 2.930000000000000204e-04 2.726999999999999823e-03 -9.999959999999999960e-01 1.179349999999999982e-01 9.930179999999999563e-01 2.743000000000000212e-03 9.930210000000000425e-01 -1.179349999999999982e-01 -3.100000000000000135e-05
2.100000000000000000e+01 3.200000000000000000e+01 1.400000000000000000e+01 0.000000000000000000e+00 1.600000000000000089e+00 6.949999999999999798e-04 2.350999999999999791e-03 -9.999970000000000248e-01 1.196119999999999961e-01 9.928179999999999783e-01 2.416999999999999878e-03 9.928200000000000358e-01 -1.196129999999999971e-01 4.090000000000000211e-04
2.400000000000000000e+01 3.200000000000000000e+01 1.400000000000000000e+01 0.000000000000000000e+00 1.600000000000000089e+00 3.073999999999999910e-03 -2.717999999999999930e-03 -9.999919999999999920e-01 1.199280000000000068e-01 9.927799999999999958e-01 -2.330000000000000040e-03 9.927780000000000493e-01 -1.199199999999999988e-01 3.377999999999999926e-03
2.800000000000000000e+01 3.200000000000000000e+01 1.400000000000000000e+01 0.000000000000000000e+00 1.600000000000000089e+00 1.680000000000000070e-03 -8.569999999999999493e-03 -9.999620000000000175e-01 1.190630000000000022e-01 9.928519999999999568e-01 -8.309000000000000413e-03 9.928850000000000176e-01 -1.190449999999999980e-01 2.687999999999999851e-03
8.000000000000000000e+00 1.160000000000000000e+02 1.600000000000000000e+01 0.000000000000000000e+00 1.600000000000000089e+00 1.706000000000000051e-03 4.440999999999999635e-03 9.999890000000000168e-01 7.162640000000000118e-01 6.978159999999999918e-01 -4.321000000000000188e-03 -6.978269999999999751e-01 7.162629999999999830e-01 -1.991000000000000148e-03
1.400000000000000000e+01 1.160000000000000000e+02 1.600000000000000000e+01 0.000000000000000000e+00 1.600000000000000089e+00 -4.620000000000000083e-04 1.900999999999999912e-03 9.999980000000000535e-01 7.056090000000000417e-01 7.086010000000000364e-01 -1.020999999999999989e-03 -7.086010000000000364e-01 7.056069999999999842e-01 -1.668999999999999911e-03
2.000000000000000000e+01 1.160000000000000000e+02 1.600000000000000000e+01 0.000000000000000000e+00 1.600000000000000089e+00 -3.804999999999999789e-03 -4.028000000000000330e-03 9.999850000000000128e-01 7.365319999999999645e-01 6.763799999999999812e-01 5.526999999999999795e-03 -6.763919999999999932e-01 7.365420000000000300e-01 3.930000000000000117e-04
1.200000000000000000e+01 2.000000000000000000e+00 1.900000000000000000e+01 0.000000000000000000e+00 1.600000000000000089e+00 9.860000000000000708e-03 -5.233199999999999658e-02 -9.985810000000000519e-01 3.640970000000000040e-01 -9.298899999999999944e-01 5.232699999999999851e-02 -9.313090000000000535e-01 -3.640959999999999752e-01 9.884999999999999690e-03
2.200000000000000000e+01 2.000000000000000000e+00 1.900000000000000000e+01 0.000000000000000000e+00 1.600000000000000089e+00 -4.356999999999999762e-03 -9.579999999999999974e-03 -9.999449999999999728e-01 3.457660000000000178e-01 -9.382909999999999862e-01 7.483000000000000068e-03 -9.383110000000000062e-01 -3.457140000000000213e-01 7.400999999999999593e-03
5.000000000000000000e+00 3.000000000000000000e+00 1.900000000000000000e+01 0.000000000000000000e+00 1.600000000000000089e+00 8.756999999999999160e-03 -4.712100000000000316e-02 -9.988510000000000444e-01 3.392160000000000175e-01 -9.395189999999999930e-01 4.729599999999999776e-02 -9.406679999999999486e-01 -3.392399999999999860e-01 7.757000000000000006e-03
2.500000000000000000e+01 3.000000000000000000e+00 1.900000000000000000e+01 0.000000000000000000e+00 1.600000000000000089e+00 -7.792000000000000315e-03 1.209400000000000058e-02 -9.998960000000000070e-01 3.118480000000000141e-01 -9.500300000000000411e-01 -1.392099999999999935e-02 -9.500999999999999446e-01 -3.119239999999999791e-01 3.631000000000000113e-03
2.800000000000000000e+01 3.000000000000000000e+00 1.900000000000000000e+01 0.000000000000000000e+00 1.600000000000000089e+00 -6.485000000000000313e-03 2.064300000000000163e-02 -9.997660000000000435e-01 3.182969999999999966e-01 -9.477440000000000309e-01 -2.163400000000000045e-02 -9.479689999999999506e-01 -3.183619999999999783e-01 -4.249999999999999763e-04
3.000000000000000000e+00 4.000000000000000000e+00 2.000000000000000000e+01 0.000000000000000000e+00 1.600000000000000089e+00 4.304999999999999799e-03 -3.597899999999999709e-02 -9.993429999999999813e-01 3.812880000000000158e-01 -9.237969999999999793e-01 3.490200000000000247e-02 -9.244459999999999900e-01 -3.811880000000000268e-01 9.742000000000000659e-03
1.900000000000000000e+01 4.000000000000000000e+00 2.000000000000000000e+01 0.000000000000000000e+00 1.600000000000000089e+00 -8.199999999999999824e-04 -1.442700000000000059e-02 -9.998960000000000070e-01 3.275109999999999966e-01 -9.447529999999999539e-01 1.336299999999999988e-02 -9.448469999999999924e-01 -3.274650000000000061e-01 5.499999999999999681e-03
5.000000000000000000e+00 1.300000000000000000e+01 2.000000000000000000e+01 0.000000000000000000e+00 1.600000000000000089e+00 8.859999999999999603e-04 -4.249000000000000173e-03 9.999909999999999632e-01 2.599890000000000256e-01 9.656040000000000179e-01 3.872000000000000008e-03 -9.656109999999999971e-01 2.599830000000000196e-01 1.959999999999999937e-03
8.000000000000000000e+00 1.300000000000000000e+01 2.000000000000000000e+01 0.000000000000000000e+00 1.600000000000000089e+00 1.046000000000000055e-03 -8.710000000000000728e-03 9.999609999999999888e-01 2.580760000000000276e-01 9.660900000000000043e-01 8.144999999999999463e-03 -9.661239999999999828e-01 2.580569999999999808e-01 3.258000000000000045e-03
1.400000000000000000e+01 1.300000000000000000e+01 2.000000000000000000e+01 0.000000000000000000e+00 1.600000000000000089e+00 -1.364999999999999894e-03 -1.969999999999999909e-04 9.999989999999999712e-01 2.599069999999999991e-01 9.656329999999999636e-01 5.450000000000000200e-04 -9.656329999999999636e-01 2.599079999999999724e-01 -1.266999999999999897e-03
2.000000000000000000e+01 1.300000000000000000e+01 2.000000000000000000e+01 0.000000000000000000e+00 1.600000000000000089e+00 -2.256000000000000193e-03 -1.536000000000000039e-03 9.999959999999999960e-01 2.627840000000000176e-01 9.648529999999999607e-01 2.073999999999999889e-03 -9.648520000000000429e-01 2.627869999999999928e-01 -1.773000000000000053e-03
2.500000000000000000e+01 1.300000000000000000e+01 2.000000000000000000e+01 0.000000000000000000e+00 1.600000000000000089e+00 -1.031000000000000015e-03 -5.730000000000000501e-04 9.999989999999999712e-01 2.617709999999999759e-01 9.651300000000000434e-01 8.229999999999999469e-04 -9.651290000000000147e-01 2.617720000000000047e-01 -8.450000000000000479e-04
2.900000000000000000e+01 1.300000000000000000e+01 2.000000000000000000e+01 0.000000000000000000e+00 1.600000000000000089e+00 4.079999999999999968e-04 4.712000000000000043e-03 9.999890000000000168e-01 2.591919999999999780e-01 9.658149999999999791e-01 -4.656000000000000416e-03 -9.658259999999999623e-01 2.591910000000000047e-01 -8.270000000000000441e-04
1.100000000000000000e+01 1.600000000000000000e+01 2.100000000000000000e+01 0.000000000000000000e+00 1.600000000000000089e+00 3.539999999999999853e-04 -9.048999999999999752e-03 9.999590000000000423e-01 2.974580000000000002e-01 9.546970000000000178e-01 8.533999999999999919e-03 -9.547350000000000003e-01 2.974430000000000129e-01 3.030000000000000141e-03
1.600000000000000000e+01 1.600000000000000000e+01 2.100000000000000000e+01 0.000000000000000000e+00 1.600000000000000089e+00 -8.610000000000000032e-04 5.823000000000000051e-03 9.999829999999999552e-01 2.982569999999999943e-01 9.544709999999999583e-01 -5.301000000000000156e-03 -9.544850000000000279e-01 2.982469999999999843e-01 -2.559000000000000077e-03
2.100000000000000000e+01 1.600000000000000000e+01 2.100000000000000000e+01 0.000000000000000000e+00 1.600000000000000089e+00 -2.580999999999999961e-03 -4.893999999999999913e-03 9.999850000000000128e-01 2.989189999999999903e-01 9.542629999999999724e-01 5.441999999999999789e-03 -9.542749999999999844e-01 2.989280000000000270e-01 -1.000000000000000021e-03
1.600000000000000000e+01 4.100000000000000000e+01 2.400000000000000000e+01 0.000000000000000000e+00 1.600000000000000089e+00 2.229800000000000115e-01 4.071099999999999719e-02 9.739719999999999489e-01 -9.067020000000000080e-01 3.755970000000000142e-01 1.918799999999999950e-01 -3.580090000000000217e-01 -9.258889999999999620e-01 1.206639999999999935e-01
1.000000000000000000e+01 2.000000000000000000e+00 2.500000000000000000e+01 0.000000000000000000e+00 1.600000000000000089e+00 1.104699999999999953e-02 -4.369100000000000067e-02 9.989839999999999831e-01 7.584200000000000663e-02 -9.961309999999999887e-01 -4.440500000000000003e-02 9.970590000000000286e-01 7.625600000000000434e-02 -7.690999999999999920e-03
3.000000000000000000e+00 3.000000000000000000e+00 2.500000000000000000e+01 0.000000000000000000e+00 1.600000000000000089e+00 8.946000000000000826e-03 -2.317800000000000069e-02 9.996909999999999963e-01 1.361200000000000083e-02 -9.996359999999999690e-01 -2.329900000000000027e-02 9.998669999999999503e-01 1.381699999999999942e-02 -8.626999999999999252e-03
1.100000000000000000e+01 3.000000000000000000e+00 2.500000000000000000e+01 0.000000000000000000e+00 1.600000000000000089e+00 2.410999999999999949e-03 -3.641799999999999898e-02 9.993339999999999446e-01 -1.603600000000000164e-02 -9.992100000000000426e-01 -3.637499999999999761e-02 9.998690000000000078e-01 -1.593800000000000078e-02 -2.994000000000000133e-03
1.400000000000000000e+01 3.000000000000000000e+00 2.500000000000000000e+01 0.000000000000000000e+00 1.600000000000000089e+00 -3.163000000000000013e-03 -1.704599999999999865e-02 9.998500000000000165e-01 -2.986499999999999919e-02 -9.994070000000000453e-01 -1.713299999999999892e-02 9.995490000000000208e-01 -2.991399999999999962e-02 2.651999999999999844e-03
2.500000000000000000e+01 3.000000000000000000e+00 2.500000000000000000e+01 0.000000000000000000e+00 1.600000000000000089e+00 -2.893999999999999871e-03 5.944999999999999764e-03 9.999780000000000335e-01 -4.058500000000000302e-02 -9.991590000000000193e-01 5.823000000000000051e-03 9.991719999999999491e-01 -4.056799999999999989e-02 3.131999999999999802e-03
2.200000000000000000e+01 4.300000000000000000e+01 2.600000000000000000e+01 0.000000000000000000e+00 1.600000000000000089e+00 -9.247400000000000064e-02 2.332180000000000086e-01 -9.680180000000000451e-01 9.838559999999999528e-01 -1.281970000000000054e-01 -1.248719999999999969e-01 -1.532189999999999941e-01 -9.639370000000000438e-01 -2.175980000000000136e-01
4.000000000000000000e+00 5.800000000000000000e+01 3.100000000000000000e+01 0.000000000000000000e+00 1.600000000000000089e+00 8.262999999999999512e-03 3.996000000000000420e-03 9.999580000000000135e-01 -8.098459999999999548e-01 -5.865730000000000111e-01 9.036999999999999894e-03 5.865850000000000231e-01 -8.098859999999999948e-01 -1.611000000000000019e-03
8.000000000000000000e+00 5.800000000000000000e+01 3.100000000000000000e+01 0.000000000000000000e+00 1.600000000000000089e+00 8.876000000000000209e-03 1.100899999999999969e-02 9.999000000000000110e-01 -8.107330000000000370e-01 -5.852579999999999449e-01 1.364100000000000035e-02 5.853490000000000082e-01 -8.107729999999999659e-01 3.730999999999999941e-03
1.400000000000000000e+01 5.800000000000000000e+01 3.100000000000000000e+01 0.000000000000000000e+00 1.600000000000000089e+00 3.800000000000000209e-04 -5.818000000000000255e-03 9.999829999999999552e-01 -8.101319999999999633e-01 -5.862399999999999833e-01 -3.102999999999999856e-03 5.862479999999999913e-01 -8.101169999999999760e-01 -4.937000000000000416e-03
1.800000000000000000e+01 5.800000000000000000e+01 3.100000000000000000e+01 0.000000000000000000e+00 1.600000000000000089e+00 2.860000000000000129e-04 -6.891999999999999689e-03 9.999759999999999760e-01 -8.087619999999999809e-01 -5.881239999999999801e-01 -3.821999999999999877e-03 5.881359999999999921e-01 -8.087419999999999609e-01 -5.741999999999999708e-03
2.600000000000000000e+01 5.800000000000000000e+01 3.100000000000000000e+01 0.000000000000000000e+00 1.600000000000000089e+00 -4.797000000000000049e-03 1.918000000000000000e-03 9.999869999999999592e-01 -8.069800000000000306e-01 -5.905730000000000146e-01 -2.739000000000000115e-03 5.905599999999999739e-01 -8.069819999999999771e-01 4.381000000000000345e-03
2.400000000000000000e+01 3.700000000000000000e+01 3.500000000000000000e+01 0.000000000000000000e+00 1.600000000000000089e+00 2.130700000000000094e-01 2.359179999999999888e-01 -9.481270000000000531e-01 -4.391349999999999976e-01 -8.437459999999999960e-01 -3.086309999999999887e-01 -8.727890000000000370e-01 4.821159999999999890e-01 -7.617699999999999472e-02
2.500000000000000000e+01 9.500000000000000000e+01 3.600000000000000000e+01 0.000000000000000000e+00 1.600000000000000089e+00 8.153000000000000524e-03 -1.434060000000000057e-01 9.896300000000000097e-01 9.974870000000000125e-01 7.082099999999999507e-02 2.043999999999999810e-03 -7.037999999999999812e-02 9.871269999999999767e-01 1.436230000000000007e-01
2.900000000000000000e+01 4.100000000000000000e+01 3.900000000000000000e+01 0.000000000000000000e+00 1.600000000000000089e+00 2.637939999999999729e-01 -8.399000000000000216e-03 9.645420000000000105e-01 -6.820150000000000379e-01 7.055029999999999912e-01 1.926680000000000059e-01 -6.821049999999999613e-01 -7.086580000000000101e-01 1.803790000000000115e-01
5.000000000000000000e+00 4.600000000000000000e+01 4.100000000000000000e+01 0.000000000000000000e+00 1.600000000000000089e+00 -4.924419999999999908e-01 9.095000000000000653e-03 8.702980000000000160e-01 6.004629999999999690e-01 -7.203030000000000266e-01 3.472879999999999856e-01 6.300360000000000404e-01 6.935999999999999943e-01 3.492460000000000009e-01
2.300000000000000000e+01 4.800000000000000000e+01 4.100000000000000000e+01 0.000000000000000000e+00 1.600000000000000089e+00 1.229809999999999931e-01 4.982000000000000317e-03 9.923959999999999448e-01 8.261290000000000022e-01 5.535820000000000185e-01 -1.051559999999999995e-01 -5.498960000000000514e-01 8.327799999999999647e-01 6.396399999999999308e-02
2.500000000000000000e+01 4.800000000000000000e+01 4.200000000000000000e+01 0.000000000000000000e+00 1.600000000000000089e+00 1.210240000000000066e-01 -9.735800000000000010e-02 9.878639999999999644e-01 8.792520000000000335e-01 4.724140000000000006e-01 -6.115999999999999909e-02 -4.607260000000000244e-01 8.759829999999999561e-01 1.427759999999999863e-01
9.000000000000000000e+00 8.000000000000000000e+00 4.400000000000000000e+01 0.000000000000000000e+00 1.600000000000000089e+00 -1.273000000000000043e-03 -1.448000000000000068e-03 9.999980000000000535e-01 -7.908450000000000202e-01 -6.120139999999999469e-01 -1.892999999999999934e-03 6.120149999999999757e-01 -7.908460000000000489e-01 -3.660000000000000059e-04
1.200000000000000000e+01 8.000000000000000000e+00 4.400000000000000000e+01 0.000000000000000000e+00 1.600000000000000089e+00 4.260000000000000006e-04 4.414000000000000389e-03 9.999900000000000455e-01 -7.916889999999999761e-01 -6.109170000000000433e-01 3.033999999999999805e-03 6.109240000000000226e-01 -7.916819999999999968e-01 3.233999999999999896e-03
1.600000000000000000e+01 8.000000000000000000e+00 4.400000000000000000e+01 0.000000000000000000e+00 1.600000000000000089e+00 -3.075000000000000042e-03 6.509999999999999945e-04 9.999949999999999672e-01 -7.930749999999999744e-01 -6.091210000000000235e-01 -2.041999999999999978e-03 6.091170000000000195e-01 -7.930770000000000319e-01 2.390000000000000197e-03
2.400000000000000000e+01 8.000000000000000000e+00 4.400000000000000000e+01 0.000000000000000000e+00 1.600000000000000089e+00 -1.665999999999999946e-03 2.795000000000000175e-03 9.999949999999999672e-01 -8.026689999999999658e-01 -5.964249999999999829e-01 3.299999999999999982e-04 5.964230000000000365e-01 -8.026640000000000441e-01 3.236999999999999860e-03
2.600000000000000000e+01 5.400000000000000000e+01 4.600000000000000000e+01 0.000000000000000000e+00 1.600000000000000089e+00 -1.428399999999999982e-02 -4.091499999999999998e-02 9.990609999999999769e-01 2.675000000000000155e-01 -9.628999999999999782e-01 -3.560900000000000176e-02 9.634519999999999751e-01 2.667399999999999771e-01 2.469899999999999873e-02
2.200000000000000000e+01 2.900000000000000000e+01 4.800000000000000000e+01 0.000000000000000000e+00 1.600000000000000089e+00 4.884000000000000320e-03 -1.071399999999999991e-01 9.942320000000000046e-01 3.583450000000000246e-01 9.284010000000000318e-01 9.828499999999999737e-02 -9.335759999999999614e-01 3.557980000000000032e-01 4.292800000000000088e-02
2.900000000000000000e+01 3.100000000000000000e+01 4.900000000000000000e+01 0.000000000000000000e+00 1.600000000000000089e+00 -5.224999999999999610e-03 1.867209999999999981e-01 -9.823990000000000222e-01 3.506730000000000125e-01 -9.196839999999999460e-01 -1.766659999999999897e-01 -9.364839999999999831e-01 -3.454240000000000088e-01 -6.067199999999999677e-02
8.000000000000000000e+00 3.700000000000000000e+01 5.100000000000000000e+01 0.000000000000000000e+00 1.600000000000000089e+00 -4.017189999999999928e-01 -3.836080000000000045e-01 8.315449999999999786e-01 9.004360000000000142e-01 -3.309000000000000274e-01 2.823490000000000166e-01 1.668469999999999953e-01 8.621779999999999999e-01 4.783430000000000182e-01
1.000000000000000000e+01 3.800000000000000000e+01 5.100000000000000000e+01 0.000000000000000000e+00 1.600000000000000089e+00 -3.731140000000000012e-01 -3.989869999999999806e-01 8.376130000000000519e-01 9.226879999999999526e-01 -2.540789999999999993e-01 2.899829999999999908e-01 9.712099999999999900e-02 8.810519999999999463e-01 4.629420000000000202e-01
1.400000000000000000e+01 7.000000000000000000e+00 5.200000000000000000e+01 0.000000000000000000e+00 1.600000000000000089e+00 -3.570000000000000040e-04 2.139999999999999975e-03 -9.999980000000000535e-01 7.695599999999999663e-02 -9.970320000000000293e-01 -2.161000000000000160e-03 -9.970339999999999758e-01 -7.695699999999999763e-02 1.910000000000000077e-04
2.200000000000000000e+01 5.800000000000000000e+01 5.200000000000000000e+01 0.000000000000000000e+00 1.600000000000000089e+00 -6.465000000000000260e-03 -3.188400000000000262e-02 9.994709999999999983e-01 -6.175469999999999571e-01 7.862510000000000332e-01 2.108700000000000158e-02 -7.865069999999999562e-01 -6.170839999999999659e-01 -2.477299999999999988e-02
1.800000000000000000e+01 5.700000000000000000e+01 5.300000000000000000e+01 0.000000000000000000e+00 1.600000000000000089e+00 -1.273099999999999926e-02 -1.573599999999999999e-02 9.997949999999999893e-01 -5.393649999999999833e-01 8.420480000000000187e-01 6.385000000000000051e-03 -8.419759999999999467e-01 -5.391730000000000134e-01 -1.920699999999999838e-02
5.000000000000000000e+00 6.300000000000000000e+01 5.400000000000000000e+01 0.000000000000000000e+00 1.600000000000000089e+00 5.569999999999999864e-04 -2.063999999999999863e-03 9.999980000000000535e-01 -3.601489999999999969e-01 9.328920000000000545e-01 2.125999999999999852e-03 -9.328940000000000010e-01 -3.601500000000000257e-01 -2.229999999999999994e-04
1.100000000000000000e+01 6.300000000000000000e+01 5.400000000000000000e+01 0.000000000000000000e+00 1.600000000000000089e+00 1.806000000000000097e-03 -8.200000000000000095e-05 9.999980000000000535e-01 -3.630390000000000006e-01 9.317739999999999911e-01 7.320000000000000118e-04 -9.317720000000000447e-01 -3.630390000000000006e-01 1.652999999999999955e-03
1.900000000000000000e+01 6.300000000000000000e+01 5.400000000000000000e+01 0.000000000000000000e+00 1.600000000000000089e+00 -2.001000000000000174e-03 -5.239999999999999866e-03 9.999839999999999840e-01 -3.685479999999999867e-01 9.295999999999999819e-01 4.133999999999999654e-03 -9.296069999999999611e-01 -3.685329999999999995e-01 -3.791000000000000099e-03
2.400000000000000000e+01 6.300000000000000000e+01 5.400000000000000000e+01 0.000000000000000000e+00 1.600000000000000089e+00 -2.797000000000000007e-03 -1.074400000000000008e-02 9.999379999999999935e-01 -3.690269999999999939e-01 9.293749999999999512e-01 8.952999999999999153e-03 -9.294139999999999624e-01 -3.689799999999999747e-01 -6.564000000000000390e-03
2.900000000000000000e+01 6.300000000000000000e+01 5.400000000000000000e+01 0.000000000000000000e+00 1.600000000000000089e+00 1.724999999999999971e-03 -7.886000000000000648e-03 9.999670000000000503e-01 -3.741780000000000106e-01 9.273230000000000084e-01 7.959000000000000796e-03 -9.273550000000000404e-01 -3.741789999999999838e-01 -1.350999999999999987e-03
2.000000000000000000e+00 2.500000000000000000e+01 5.500000000000000000e+01 0.000000000000000000e+00 1.600000000000000089e+00 1.217999999999999899e-03 2.037999999999999881e-03 -9.999970000000000248e-01 -1.085099999999999953e-02 -9.999390000000000223e-01 -2.050999999999999872e-03 -9.999400000000000510e-01 1.085400000000000080e-02 -1.196000000000000014e-03
2.000000000000000000e+01 2.600000000000000000e+01 5.500000000000000000e+01 0.000000000000000000e+00 1.600000000000000089e+00 -3.289999999999999739e-04 -4.810000000000000039e-03 -9.999879999999999880e-01 -2.832000000000000142e-02 -9.995870000000000033e-01 4.817000000000000101e-03 -9.995990000000000153e-01 2.832199999999999995e-02 1.920000000000000049e-04
2.100000000000000000e+01 2.900000000000000000e+01 5.500000000000000000e+01 0.000000000000000000e+00 1.600000000000000089e+00 2.709000000000000036e-03 4.295199999999999713e-02 9.990729999999999889e-01 7.050900000000000223e-02 -9.965990000000000126e-01 4.265399999999999747e-02 9.975070000000000325e-01 7.032800000000000162e-02 -5.727999999999999585e-03
7.000000000000000000e+00 2.000000000000000000e+01 6.000000000000000000e+01 0.000000000000000000e+00 1.600000000000000089e+00 1.369999999999999907e-03 -2.082000000000000083e-03 9.999970000000000248e-01 -6.039599999999999830e-02 9.981719999999999482e-01 2.161000000000000160e-03 -9.981740000000000057e-01 -6.039800000000000030e-02 1.242000000000000048e-03
2.000000000000000000e+01 2.000000000000000000e+01 6.000000000000000000e+01 0.000000000000000000e+00 1.600000000000000089e+00 1.595000000000000064e-03 1.694999999999999892e-03 9.999970000000000248e-01 -6.308400000000000118e-02 9.980069999999999775e-01 -1.590999999999999966e-03 -9.980069999999999775e-01 -6.308099999999999818e-02 1.698000000000000074e-03
3.000000000000000000e+00 2.100000000000000000e+01 6.000000000000000000e+01 0.000000000000000000e+00 1.600000000000000089e+00 8.310000000000000329e-04 -5.235000000000000070e-03 9.999860000000000415e-01 -9.216499999999999693e-02 9.957300000000000040e-01 5.289000000000000298e-03 -9.957430000000000447e-01 -9.216799999999999993e-02 3.449999999999999833e-04
1.100000000000000000e+01 2.100000000000000000e+01 6.000000000000000000e+01 0.000000000000000000e+00 1.600000000000000089e+00 -9.219999999999999680e-04 -3.883000000000000167e-03 9.999919999999999920e-01 -9.734299999999999897e-02 9.952440000000000175e-01 3.775000000000000144e-03 -9.952499999999999680e-01 -9.733899999999999497e-02 -1.294999999999999927e-03
1.700000000000000000e+01 2.100000000000000000e+01 6.000000000000000000e+01 0.000000000000000000e+00 1.600000000000000089e+00 -2.090000000000000115e-04 2.730999999999999921e-03 9.999959999999999960e-01 -9.524199999999999333e-02 9.954499999999999460e-01 -2.739000000000000115e-03 -9.954539999999999500e-01 -9.524199999999999333e-02 5.199999999999999680e-05
2.600000000000000000e+01 2.100000000000000000e+01 6.000000000000000000e+01 0.000000000000000000e+00 1.600000000000000089e+00 2.590000000000000071e-04 5.302000000000000289e-03 9.999860000000000415e-01 -9.583500000000000352e-02 9.953830000000000178e-01 -5.251999999999999724e-03 -9.953969999999999763e-01 -9.583200000000000052e-02 7.659999999999999708e-04
4.000000000000000000e+00 2.700000000000000000e+01 6.300000000000000000e+01 0.000000000000000000e+00 1.600000000000000089e+00 6.520000000000000188e-04 -7.251999999999999766e-03 9.999730000000000008e-01 -2.756979999999999986e-01 9.612180000000000168e-01 7.150000000000000105e-03 -9.612439999999999873e-01 -2.756950000000000234e-01 -1.371999999999999956e-03
9.000000000000000000e+00 2.700000000000000000e+01 6.300000000000000000e+01 0.000000000000000000e+00 1.600000000000000089e+00 -1.747999999999999988e-03 -8.181000000000000771e-03 9.999649999999999928e-01 -2.765630000000000033e-01 9.609680000000000444e-01 7.379000000000000142e-03 -9.609940000000000149e-01 -2.765400000000000080e-01 -3.942000000000000191e-03
2.000000000000000000e+01 2.700000000000000000e+01 6.300000000000000000e+01 0.000000000000000000e+00 1.600000000000000089e+00 1.479999999999999925e-04 3.150000000000000131e-04 1.000000000000000000e+00 -2.707160000000000122e-01 9.626590000000000424e-01 -2.629999999999999959e-04 -9.626590000000000424e-01 -2.707149999999999834e-01 2.280000000000000126e-04
2.800000000000000000e+01 2.700000000000000000e+01 6.300000000000000000e+01 0.000000000000000000e+00 1.600000000000000089e+00 3.327999999999999795e-03 -8.269999999999999574e-03 9.999599999999999600e-01 -2.654699999999999838e-01 9.640779999999999905e-01 8.857000000000000289e-03 -9.641129999999999978e-01 -2.654889999999999750e-01 1.013000000000000012e-03
2.600000000000000000e+01 4.400000000000000000e+01 6.300000000000000000e+01 0.000000000000000000e+00 1.600000000000000089e+00 9.034860000000000113e-01 3.211490000000000178e-01 -2.838609999999999745e-01 4.260760000000000103e-01 -7.449559999999999516e-01 5.133219999999999450e-01 -4.661099999999999965e-02 -5.847259999999999680e-01 -8.098910000000000275e-01
4.000000000000000000e+00 2.600000000000000000e+01 6.400000000000000000e+01 0.000000000000000000e+00 1.600000000000000089e+00 2.027000000000000156e-03 -7.359000000000000090e-03 9.999710000000000543e-01 -3.645769999999999844e-01 9.311420000000000252e-01 7.590999999999999658e-03 -9.311709999999999710e-01 -3.645809999999999884e-01 -7.950000000000000252e-04
9.000000000000000000e+00 2.600000000000000000e+01 6.400000000000000000e+01 0.000000000000000000e+00 1.600000000000000089e+00 -1.134999999999999941e-03 -9.780999999999999764e-03 9.999519999999999520e-01 -3.674319999999999808e-01 9.300100000000000033e-01 8.680000000000000215e-03 -9.300500000000000433e-01 -3.674040000000000084e-01 -4.649000000000000354e-03
1.400000000000000000e+01 2.600000000000000000e+01 6.400000000000000000e+01 0.000000000000000000e+00 1.600000000000000089e+00 -1.129999999999999955e-04 -1.301000000000000073e-03 9.999989999999999712e-01 -3.623560000000000114e-01 9.320389999999999509e-01 1.172000000000000082e-03 -9.320399999999999796e-01 -3.623560000000000114e-01 -5.770000000000000389e-04
2.000000000000000000e+01 2.600000000000000000e+01 6.400000000000000000e+01 0.000000000000000000e+00 1.600000000000000089e+00 7.370000000000000249e-04 1.379999999999999933e-04 1.000000000000000000e+00 -3.629299999999999748e-01 9.318159999999999776e-01 1.389999999999999905e-04 -9.318159999999999776e-01 -3.629299999999999748e-01 7.370000000000000249e-04
2.800000000000000000e+01 2.600000000000000000e+01 6.400000000000000000e+01 0.000000000000000000e+00 1.600000000000000089e+00 3.072000000000000078e-03 -6.655000000000000325e-03 9.999730000000000008e-01 -3.601739999999999942e-01 9.328560000000000185e-01 7.315000000000000321e-03 -9.328800000000000425e-01 -3.601869999999999794e-01 4.690000000000000158e-04
2.100000000000000000e+01 8.000000000000000000e+00 6.700000000000000000e+01 0.000000000000000000e+00 1.600000000000000089e+00 -3.684999999999999908e-03 -4.926999999999999956e-03 -9.999810000000000088e-01 -1.383469999999999978e-01 -9.903690000000000548e-01 5.388999999999999693e-03 -9.903769999999999518e-01 1.383649999999999880e-01 2.968000000000000152e-03
2.900000000000000000e+01 3.100000000000000000e+01 7.100000000000000000e+01 0.000000000000000000e+00 1.600000000000000089e+00 1.225500000000000027e-02 -1.186100000000000002e-02 -9.998550000000000493e-01 -7.468749999999999556e-01 -6.649639999999999995e-01 -1.265999999999999981e-03 -6.648519999999999985e-01 7.467819999999999458e-01 -1.700700000000000128e-02
2.200000000000000000e+01 7.100000000000000000e+01 7.200000000000000000e+01 0.000000000000000000e+00 1.600000000000000089e+00 7.262979999999999992e-01 5.155170000000000030e-01 4.546789999999999998e-01 -2.955579999999999874e-01 -3.629879999999999773e-01 8.836770000000000458e-01 6.205939999999999790e-01 -7.761970000000000258e-01 -1.112729999999999969e-01
5.000000000000000000e+00 2.500000000000000000e+01 7.300000000000000000e+01 0.000000000000000000e+00 1.600000000000000089e+00 -3.736000000000000171e-03 -1.426400000000000064e-02 9.998909999999999743e-01 7.527169999999999694e-01 -6.583109999999999795e-01 -6.578999999999999779e-03 6.583329999999999460e-01 7.526110000000000300e-01 1.319599999999999940e-02
1.300000000000000000e+01 2.500000000000000000e+01 7.300000000000000000e+01 0.000000000000000000e+00 1.600000000000000089e+00 -1.072999999999999952e-03 -6.629999999999999609e-04 9.999989999999999712e-01 7.505669999999999842e-01 -6.607939999999999925e-01 3.669999999999999760e-04 6.607929999999999637e-01 7.505669999999999842e-01 1.206999999999999957e-03
1.900000000000000000e+01 2.500000000000000000e+01 7.300000000000000000e+01 0.000000000000000000e+00 1.600000000000000089e+00 1.830999999999999945e-03 5.465000000000000240e-03 9.999829999999999552e-01 7.552640000000000464e-01 -6.554170000000000273e-01 2.199000000000000000e-03 6.554189999999999738e-01 7.552470000000000017e-01 -5.327000000000000138e-03
2.500000000000000000e+01 2.500000000000000000e+01 7.300000000000000000e+01 0.000000000000000000e+00 1.600000000000000089e+00 -1.319400000000000087e-02 6.102999999999999918e-03 9.998939999999999495e-01 7.609550000000000480e-01 -6.486530000000000351e-01 1.400000000000000029e-02 6.486699999999999688e-01 7.610599999999999588e-01 3.913999999999999944e-03
6.000000000000000000e+00 4.400000000000000000e+01 7.300000000000000000e+01 0.000000000000000000e+00 1.600000000000000089e+00 4.260000000000000006e-04 9.650000000000000374e-04 9.999989999999999712e-01 5.519500000000000101e-02 -9.984750000000000014e-01 9.399999999999999719e-04 9.984750000000000014e-01 5.519500000000000101e-02 -4.780000000000000178e-04
2.400000000000000000e+01 4.400000000000000000e+01 7.300000000000000000e+01 0.000000000000000000e+00 1.600000000000000089e+00 9.440000000000000474e-03 -4.150000000000000043e-03 9.999470000000000303e-01 6.891999999999999515e-02 -9.976110000000000255e-01 -4.791000000000000120e-03 9.975770000000000470e-01 6.896199999999999553e-02 -9.131000000000000227e-03
