1.900000000000000000e+01 2.500000000000000000e+01 1.000000000000000000e+00 0.000000000000000000e+00 1.600000000000000089e+00 -1.361000000000000014e-03 2.990000000000000036e-04 -9.999989999999999712e-01 -5.313250000000000473e-01 -8.471680000000000321e-01 4.699999999999999859e-04 -8.471670000000000034e-01 5.313250000000000473e-01 1.311000000000000099e-03
2.900000000000000000e+01 2.500000000000000000e+01 1.000000000000000000e+00 0.000000000000000000e+00 1.600000000000000089e+00 3.154999999999999818e-03 -9.152999999999999678e-03 -9.999529999999999808e-01 -5.277129999999999876e-01 -8.494009999999999616e-01 6.109999999999999980e-03 -8.494169999999999776e-01 5.276690000000000547e-01 -7.509000000000000050e-03
2.000000000000000000e+00 1.500000000000000000e+01 4.000000000000000000e+00 0.000000000000000000e+00 1.600000000000000089e+00 1.700000000000000122e-04 3.969999999999999571e-03 9.999919999999999920e-01 3.224730000000000096e-01 -9.465710000000000512e-01 3.703000000000000128e-03 9.465789999999999482e-01 3.224699999999999789e-01 -1.441000000000000007e-03
7.000000000000000000e+00 1.500000000000000000e+01 4.000000000000000000e+00 0.000000000000000000e+00 1.600000000000000089e+00 -3.471000000000000127e-03 -4.700000000000000185e-03 9.999829999999999552e-01 3.182740000000000014e-01 -9.479929999999999746e-01 -3.350999999999999812e-03 9.479919999999999458e-01 3.182570000000000121e-01 4.786999999999999589e-03
1.100000000000000000e+01 1.500000000000000000e+01 4.000000000000000000e+00 0.000000000000000000e+00 1.600000000000000089e+00 9.009999999999999997e-04 3.340000000000000087e-03 9.999940000000000495e-01 3.189819999999999878e-01 -9.477560000000000429e-01 2.877999999999999916e-03 9.477600000000000469e-01 3.189779999999999838e-01 -1.918999999999999916e-03
1.700000000000000000e+01 1.500000000000000000e+01 4.000000000000000000e+00 0.000000000000000000e+00 1.600000000000000089e+00 6.549999999999999833e-04 2.167999999999999788e-03 9.999970000000000248e-01 3.257720000000000060e-01 -9.454470000000000374e-01 1.835999999999999958e-03 9.454479999999999551e-01 3.257700000000000040e-01 -1.325000000000000006e-03
2.000000000000000000e+01 1.500000000000000000e+01 4.000000000000000000e+00 0.000000000000000000e+00 1.600000000000000089e+00 -5.800000000000000034e-04 -3.190000000000000127e-03 9.999949999999999672e-01 3.182389999999999941e-01 -9.480060000000000153e-01 -2.838999999999999944e-03 9.480100000000000193e-01 3.182360000000000189e-01 1.564999999999999985e-03
2.700000000000000000e+01 1.500000000000000000e+01 4.000000000000000000e+00 0.000000000000000000e+00 1.600000000000000089e+00 -2.393000000000000162e-03 -8.427999999999999728e-03 9.999620000000000175e-01 3.124210000000000043e-01 -9.499159999999999826e-01 -7.258999999999999828e-03 9.499410000000000354e-01 3.123909999999999743e-01 4.905999999999999771e-03
4.000000000000000000e+00 1.010000000000000000e+02 7.000000000000000000e+00 0.000000000000000000e+00 1.600000000000000089e+00 3.449999999999999833e-04 5.780999999999999681e-03 9.999829999999999552e-01 8.890550000000000397e-01 4.577910000000000035e-01 -2.952999999999999896e-03 -4.578010000000000135e-01 8.890409999999999702e-01 -4.982000000000000317e-03
1.000000000000000000e+01 1.010000000000000000e+02 7.000000000000000000e+00 0.000000000000000000e+00 1.600000000000000089e+00 -2.259999999999999910e-04 2.073999999999999889e-03 9.999980000000000535e-01 8.900219999999999798e-01 4.559170000000000167e-01 -7.439999999999999782e-04 -4.559179999999999899e-01 8.900200000000000333e-01 -1.948999999999999995e-03
8.000000000000000000e+00 2.500000000000000000e+01 8.000000000000000000e+00 0.000000000000000000e+00 1.600000000000000089e+00 6.589999999999999721e-04 -1.830000000000000029e-04 -1.000000000000000000e+00 4.480469999999999731e-01 8.940099999999999714e-01 1.310000000000000129e-04 8.940099999999999714e-01 -4.480469999999999731e-01 6.710000000000000469e-04
1.300000000000000000e+01 2.500000000000000000e+01 8.000000000000000000e+00 0.000000000000000000e+00 1.600000000000000089e+00 -5.050000000000000235e-04 -4.616000000000000311e-03 -9.999890000000000168e-01 4.484079999999999733e-01 8.938180000000000014e-01 -4.351999999999999966e-03 8.938289999999999846e-01 -4.484060000000000268e-01 1.618999999999999996e-03
2.000000000000000000e+01 2.500000000000000000e+01 8.000000000000000000e+00 0.000000000000000000e+00 1.600000000000000089e+00 2.452999999999999885e-03 8.042999999999999802e-03 -9.999649999999999928e-01 4.480439999999999978e-01 8.939730000000000176e-01 8.288999999999999493e-03 8.940080000000000249e-01 -4.480480000000000018e-01 -1.410999999999999928e-03
2.600000000000000000e+01 2.500000000000000000e+01 8.000000000000000000e+00 0.000000000000000000e+00 1.600000000000000089e+00 -8.130000000000000291e-04 5.862000000000000023e-03 -9.999820000000000375e-01 4.447200000000000042e-01 8.956560000000000077e-01 4.889000000000000117e-03 8.956690000000000484e-01 -4.447079999999999922e-01 -3.335999999999999990e-03
5.000000000000000000e+00 2.400000000000000000e+01 9.000000000000000000e+00 0.000000000000000000e+00 1.600000000000000089e+00 -3.150000000000000131e-04 3.660000000000000059e-04 -1.000000000000000000e+00 4.519440000000000124e-01 8.920460000000000056e-01 1.849999999999999973e-04 8.920460000000000056e-01 -4.519440000000000124e-01 -4.470000000000000232e-04
1.000000000000000000e+01 2.400000000000000000e+01 9.000000000000000000e+00 0.000000000000000000e+00 1.600000000000000089e+00 1.700000000000000122e-04 2.759999999999999867e-04 -1.000000000000000000e+00 4.536220000000000252e-01 8.911940000000000417e-01 3.229999999999999907e-04 8.911940000000000417e-01 -4.536220000000000252e-01 2.699999999999999899e-05
1.200000000000000000e+01 2.400000000000000000e+01 9.000000000000000000e+00 0.000000000000000000e+00 1.600000000000000089e+00 -2.519999999999999996e-04 -2.753999999999999938e-03 -9.999959999999999960e-01 4.537169999999999814e-01 8.911419999999999897e-01 -2.567999999999999970e-03 8.911459999999999937e-01 -4.537160000000000082e-01 1.025000000000000086e-03
2.000000000000000000e+01 2.400000000000000000e+01 9.000000000000000000e+00 0.000000000000000000e+00 1.600000000000000089e+00 2.886999999999999809e-03 8.883000000000000271e-03 -9.999559999999999560e-01 4.521490000000000231e-01 8.918949999999999934e-01 9.228000000000000091e-03 8.919380000000000086e-01 -4.521560000000000024e-01 -1.441999999999999922e-03
2.600000000000000000e+01 2.400000000000000000e+01 9.000000000000000000e+00 0.000000000000000000e+00 1.600000000000000089e+00 -1.111000000000000008e-03 6.354000000000000273e-03 -9.999789999999999512e-01 4.487920000000000242e-01 8.936209999999999987e-01 5.179999999999999709e-03 8.936359999999999859e-01 -4.487769999999999815e-01 -3.844999999999999894e-03
1.700000000000000000e+01 4.000000000000000000e+00 1.100000000000000000e+01 0.000000000000000000e+00 1.600000000000000089e+00 9.009999999999999997e-04 9.946999999999999245e-03 -9.999500000000000055e-01 2.327440000000000064e-01 9.724880000000000191e-01 9.884000000000000424e-03 9.725380000000000136e-01 -2.327410000000000034e-01 -1.438999999999999958e-03
2.000000000000000000e+01 4.000000000000000000e+00 1.100000000000000000e+01 0.000000000000000000e+00 1.600000000000000089e+00 -5.074000000000000385e-03 -2.870699999999999988e-02 -9.995749999999999913e-01 2.368460000000000010e-01 9.711119999999999752e-01 -2.909099999999999880e-02 9.715340000000000087e-01 -2.368919999999999915e-01 1.871999999999999966e-03
5.000000000000000000e+00 5.000000000000000000e+00 1.200000000000000000e+01 0.000000000000000000e+00 1.600000000000000089e+00 -1.299499999999999961e-02 1.305699999999999916e-01 9.913539999999999575e-01 -2.248560000000000003e-01 9.656630000000000491e-01 -1.301339999999999997e-01 -9.743049999999999766e-01 -2.246029999999999971e-01 1.681099999999999955e-02
8.000000000000000000e+00 3.100000000000000000e+01 1.200000000000000000e+01 0.000000000000000000e+00 1.600000000000000089e+00 6.030000000000000204e-04 2.239000000000000105e-03 9.999970000000000248e-01 8.400000000000000348e-04 9.999970000000000248e-01 -2.239999999999999804e-03 -9.999989999999999712e-01 8.409999999999999507e-04 6.009999999999999717e-04
1.200000000000000000e+01 3.100000000000000000e+01 1.200000000000000000e+01 0.000000000000000000e+00 1.600000000000000089e+00 5.649999999999999641e-04 3.445000000000000145e-03 9.999940000000000495e-01 4.142999999999999981e-03 9.999850000000000128e-01 -3.448000000000000110e-03 -9.999909999999999632e-01 4.145000000000000247e-03 5.509999999999999490e-04
1.800000000000000000e+01 3.100000000000000000e+01 1.200000000000000000e+01 0.000000000000000000e+00 1.600000000000000089e+00 -6.849999999999999535e-04 1.268000000000000030e-03 9.999989999999999712e-01 6.071000000000000008e-03 9.999810000000000088e-01 -1.263000000000000017e-03 -9.999810000000000088e-01 6.069999999999999875e-03 -6.930000000000000396e-04
2.200000000000000000e+01 3.100000000000000000e+01 1.200000000000000000e+01 0.000000000000000000e+00 1.600000000000000089e+00 -3.970000000000000005e-04 4.802999999999999978e-03 9.999879999999999880e-01 6.409999999999999899e-03 9.999679999999999680e-01 -4.799999999999999580e-03 -9.999789999999999512e-01 6.408999999999999767e-03 -4.279999999999999950e-04
2.700000000000000000e+01 3.100000000000000000e+01 1.200000000000000000e+01 0.000000000000000000e+00 1.600000000000000089e+00 2.005999999999999971e-03 -8.094999999999999765e-03 9.999649999999999928e-01 4.781999999999999792e-03 9.999559999999999560e-01 8.085000000000000173e-03 -9.999869999999999592e-01 4.766000000000000271e-03 2.044999999999999943e-03
7.000000000000000000e+00 3.500000000000000000e+01 1.200000000000000000e+01 0.000000000000000000e+00 1.600000000000000089e+00 -9.420000000000000205e-04 6.475999999999999986e-03 -9.999789999999999512e-01 5.792800000000000171e-01 -8.151080000000000547e-01 -5.824000000000000184e-03 -8.151279999999999637e-01 -5.792730000000000379e-01 -2.984000000000000107e-03
1.100000000000000000e+01 3.500000000000000000e+01 1.200000000000000000e+01 0.000000000000000000e+00 1.600000000000000089e+00 6.380000000000000037e-04 4.158000000000000237e-03 -9.999909999999999632e-01 5.932359999999999856e-01 -8.050230000000000441e-01 -2.968999999999999851e-03 -8.050279999999999658e-01 -5.932290000000000063e-01 -2.981000000000000143e-03
2.000000000000000000e+00 3.200000000000000000e+01 1.400000000000000000e+01 0.000000000000000000e+00 1.600000000000000089e+00 2.602000000000000146e-03 -6.300000000000000261e-04 -9.999959999999999960e-01 1.032349999999999934e-01 9.946570000000000134e-01 -3.579999999999999741e-04 9.946540000000000381e-01 -1.032340000000000063e-01 2.652999999999999976e-03
1.400000000000000000e+01 3.200000000000000000e+01 1.400000000000000000e+01 0.000000000000000000e+00 1.600000000000000089e+00 5.800000000000000034e-05 7.550000000000000287e-04 -1.000000000000000000e+00 9.904599999999999516e-02 9.950830000000000508e-01 7.569999999999999689e-04 9.950830000000000508e-01 -9.904599999999999516e-02 -1.699999999999999987e-05
7.000000000000000000e+00 1.200000000000000000e+01 1.500000000000000000e+01 0.000000000000000000e+00 1.600000000000000089e+00 1.108999999999999960e-03 3.722000000000000048e-03 -9.999919999999999920e-01 -4.717549999999999799e-01 -8.817220000000000057e-01 -3.804999999999999789e-03 -8.817289999999999850e-01 4.717549999999999799e-01 7.780000000000000457e-04
1.300000000000000000e+01 1.200000000000000000e+01 1.500000000000000000e+01 0.000000000000000000e+00 1.600000000000000089e+00 6.639999999999999852e-04 1.778000000000000067e-03 -9.999980000000000535e-01 -4.717580000000000107e-01 -8.817260000000000097e-01 -1.881000000000000076e-03 -8.817279999999999562e-01 4.717580000000000107e-01 2.530000000000000239e-04
1.700000000000000000e+01 1.200000000000000000e+01 1.500000000000000000e+01 0.000000000000000000e+00 1.600000000000000089e+00 1.137999999999999906e-03 1.039999999999999909e-03 -9.999989999999999712e-01 -4.721380000000000021e-01 -8.815229999999999455e-01 -1.454999999999999913e-03 -8.815239999999999743e-01 4.721389999999999754e-01 -5.119999999999999768e-04
2.400000000000000000e+01 1.200000000000000000e+01 1.500000000000000000e+01 0.000000000000000000e+00 1.600000000000000089e+00 8.880000000000000089e-04 5.645999999999999977e-03 -9.999839999999999840e-01 -4.692769999999999997e-01 -8.830339999999999856e-01 -5.401999999999999684e-03 -8.830500000000000016e-01 4.692740000000000244e-01 1.864999999999999904e-03
2.000000000000000000e+00 1.100000000000000000e+01 1.600000000000000000e+01 0.000000000000000000e+00 1.600000000000000089e+00 -1.301000000000000073e-03 -3.771000000000000046e-03 -9.999919999999999920e-01 -4.152210000000000067e-01 -9.097119999999999651e-01 3.970999999999999704e-03 -9.097199999999999731e-01 4.152230000000000087e-01 -3.829999999999999854e-04
8.000000000000000000e+00 1.100000000000000000e+01 1.600000000000000000e+01 0.000000000000000000e+00 1.600000000000000089e+00 5.209999999999999788e-04 2.586000000000000191e-03 -9.999970000000000248e-01 -4.174590000000000245e-01 -9.086920000000000552e-01 -2.567999999999999970e-03 -9.086959999999999482e-01 4.174579999999999957e-01 6.059999999999999849e-04
5.000000000000000000e+00 1.160000000000000000e+02 1.600000000000000000e+01 0.000000000000000000e+00 1.600000000000000089e+00 1.861000000000000024e-03 1.262000000000000101e-03 9.999970000000000248e-01 7.913339999999999819e-01 6.113800000000000345e-01 -2.243999999999999901e-03 -6.113809999999999523e-01 7.913360000000000394e-01 1.389999999999999905e-04
7.000000000000000000e+00 1.160000000000000000e+02 1.600000000000000000e+01 0.000000000000000000e+00 1.600000000000000089e+00 1.613999999999999983e-03 4.929999999999999487e-04 9.999989999999999712e-01 7.849460000000000326e-01 6.195619999999999461e-01 -1.572000000000000047e-03 -6.195619999999999461e-01 7.849469999999999503e-01 6.130000000000000466e-04
1.000000000000000000e+01 2.000000000000000000e+00 1.900000000000000000e+01 0.000000000000000000e+00 1.600000000000000089e+00 9.062999999999999876e-03 -1.321600000000000032e-02 -9.998719999999999830e-01 2.290179999999999993e-01 -9.733079999999999510e-01 1.494000000000000015e-02 -9.733800000000000230e-01 -2.291239999999999943e-01 -5.793999999999999671e-03
1.500000000000000000e+01 2.000000000000000000e+00 1.900000000000000000e+01 0.000000000000000000e+00 1.600000000000000089e+00 4.066000000000000170e-03 -1.577699999999999936e-02 -9.998669999999999503e-01 2.239810000000000134e-01 -9.744570000000000176e-01 1.628699999999999939e-02 -9.745850000000000346e-01 -2.240179999999999949e-01 -4.279999999999999950e-04
2.100000000000000000e+01 2.000000000000000000e+00 1.900000000000000000e+01 0.000000000000000000e+00 1.600000000000000089e+00 -3.043000000000000132e-03 1.456999999999999962e-03 -9.999940000000000495e-01 2.161559999999999870e-01 -9.763570000000000304e-01 -2.080999999999999951e-03 -9.763540000000000552e-01 -2.161609999999999920e-01 2.655999999999999941e-03
2.600000000000000000e+01 2.000000000000000000e+00 1.900000000000000000e+01 0.000000000000000000e+00 1.600000000000000089e+00 -1.095999999999999969e-03 -2.213000000000000123e-03 -9.999970000000000248e-01 2.169560000000000100e-01 -9.761790000000000189e-01 1.922000000000000097e-03 -9.761809999999999654e-01 -2.169530000000000070e-01 1.549999999999999946e-03
3.000000000000000000e+01 2.000000000000000000e+00 1.900000000000000000e+01 0.000000000000000000e+00 1.600000000000000089e+00 -4.410999999999999990e-03 -1.732000000000000033e-03 -9.999890000000000168e-01 2.193670000000000064e-01 -9.756420000000000092e-01 7.219999999999999855e-04 -9.756320000000000547e-01 -2.193610000000000004e-01 4.683999999999999796e-03
2.000000000000000000e+00 3.000000000000000000e+00 1.900000000000000000e+01 0.000000000000000000e+00 1.600000000000000089e+00 9.473999999999999783e-03 1.072399999999999916e-02 -9.998979999999999535e-01 2.496109999999999995e-01 -9.683129999999999793e-01 -8.019999999999999352e-03 -9.683000000000000496e-01 -2.495100000000000096e-01 -1.185100000000000042e-02
4.000000000000000000e+00 3.000000000000000000e+00 1.900000000000000000e+01 0.000000000000000000e+00 1.600000000000000089e+00 7.563000000000000278e-03 1.113500000000000080e-02 -9.999090000000000478e-01 2.407920000000000060e-01 -9.705350000000000366e-01 -8.985999999999999197e-03 -9.705470000000000486e-01 -2.407019999999999993e-01 -1.002100000000000039e-02
4.000000000000000000e+00 4.000000000000000000e+00 2.000000000000000000e+01 0.000000000000000000e+00 1.600000000000000089e+00 -1.900000000000000105e-05 1.626400000000000068e-02 -9.998679999999999790e-01 3.622000000000000219e-01 -9.319770000000000554e-01 -1.516699999999999993e-02 -9.321000000000000396e-01 -3.621519999999999739e-01 -5.872999999999999748e-03
2.500000000000000000e+01 4.000000000000000000e+00 2.000000000000000000e+01 0.000000000000000000e+00 1.600000000000000089e+00 1.734000000000000081e-03 -2.975000000000000214e-03 -9.999940000000000495e-01 3.382109999999999839e-01 -9.410640000000000116e-01 3.386000000000000121e-03 -9.410690000000000444e-01 -3.382149999999999879e-01 -6.260000000000000373e-04
3.000000000000000000e+00 1.300000000000000000e+01 2.000000000000000000e+01 0.000000000000000000e+00 1.600000000000000089e+00 1.722000000000000006e-03 3.589999999999999875e-03 9.999919999999999920e-01 2.585879999999999845e-01 9.659799999999999498e-01 -3.912999999999999812e-03 -9.659860000000000113e-01 2.585919999999999885e-01 7.349999999999999763e-04
7.000000000000000000e+00 1.300000000000000000e+01 2.000000000000000000e+01 0.000000000000000000e+00 1.600000000000000089e+00 6.560000000000000076e-04 2.145999999999999904e-03 9.999970000000000248e-01 2.585819999999999785e-01 9.659870000000000401e-01 -2.243000000000000202e-03 -9.659889999999999866e-01 2.585830000000000073e-01 7.799999999999999859e-05
1.800000000000000000e+01 1.300000000000000000e+01 2.000000000000000000e+01 0.000000000000000000e+00 1.600000000000000089e+00 -1.379000000000000017e-03 -4.094000000000000417e-03 9.999909999999999632e-01 2.589670000000000027e-01 9.658769999999999856e-01 4.311999999999999861e-03 -9.658849999999999936e-01 2.589699999999999780e-01 -2.719999999999999979e-04
2.800000000000000000e+01 1.300000000000000000e+01 2.000000000000000000e+01 0.000000000000000000e+00 1.600000000000000089e+00 -2.563000000000000174e-03 -3.037000000000000203e-03 9.999919999999999920e-01 2.628019999999999801e-01 9.648430000000000062e-01 3.603999999999999999e-03 -9.648459999999999814e-01 2.628090000000000148e-01 -1.675000000000000057e-03
4.000000000000000000e+00 3.000000000000000000e+00 2.500000000000000000e+01 0.000000000000000000e+00 1.600000000000000089e+00 -1.853999999999999962e-03 8.307000000000000148e-03 9.999639999999999640e-01 -2.341700000000000031e-02 -9.996920000000000250e-01 8.262000000000000247e-03 9.997239999999999460e-01 -2.340100000000000166e-02 2.047999999999999907e-03
7.000000000000000000e+00 3.000000000000000000e+00 2.500000000000000000e+01 0.000000000000000000e+00 1.600000000000000089e+00 -5.759000000000000230e-03 1.995099999999999998e-02 9.997840000000000060e-01 -1.939300000000000052e-02 -9.996150000000000313e-01 1.983599999999999947e-02 9.997949999999999893e-01 -1.927399999999999947e-02 6.144000000000000156e-03
2.200000000000000000e+01 3.000000000000000000e+00 2.500000000000000000e+01 0.000000000000000000e+00 1.600000000000000089e+00 -2.327000000000000075e-03 -5.669000000000000428e-03 9.999810000000000088e-01 -2.012699999999999906e-02 -9.997810000000000308e-01 -5.714999999999999594e-03 9.997949999999999893e-01 -2.014000000000000165e-02 2.211999999999999991e-03
2.900000000000000000e+01 4.600000000000000000e+01 2.700000000000000000e+01 0.000000000000000000e+00 1.600000000000000089e+00 -6.170000000000000137e-03 -2.500000000000000052e-04 -9.999810000000000088e-01 6.640800000000000036e-01 7.476490000000000080e-01 -4.283999999999999614e-03 7.476359999999999673e-01 -6.640939999999999621e-01 -4.447000000000000432e-03
1.400000000000000000e+01 4.600000000000000000e+01 3.000000000000000000e+01 0.000000000000000000e+00 1.600000000000000089e+00 2.520999999999999804e-03 2.135000000000000179e-03 -9.999949999999999672e-01 3.188840000000000008e-01 9.477900000000000214e-01 2.827999999999999785e-03 9.477900000000000214e-01 -3.188889999999999780e-01 1.709000000000000016e-03
2.300000000000000000e+01 4.600000000000000000e+01 3.000000000000000000e+01 0.000000000000000000e+00 1.600000000000000089e+00 8.050000000000000515e-04 -3.399999999999999973e-05 -1.000000000000000000e+00 3.153630000000000044e-01 9.489710000000000090e-01 2.220000000000000022e-04 9.489710000000000090e-01 -3.153630000000000044e-01 7.749999999999999728e-04
2.800000000000000000e+01 4.600000000000000000e+01 3.000000000000000000e+01 0.000000000000000000e+00 1.600000000000000089e+00 -3.981000000000000164e-03 -3.867999999999999911e-03 -9.999850000000000128e-01 3.148219999999999907e-01 9.491380000000000372e-01 -4.924999999999999691e-03 9.491429999999999589e-01 -3.148360000000000047e-01 -2.560000000000000209e-03
8.000000000000000000e+00 5.800000000000000000e+01 3.100000000000000000e+01 0.000000000000000000e+00 1.600000000000000089e+00 -3.174999999999999871e-03 -4.829999999999999767e-04 9.999949999999999672e-01 -7.773970000000000047e-01 -6.290050000000000363e-01 -2.771000000000000026e-03 6.290029999999999788e-01 -7.774010000000000087e-01 1.621999999999999961e-03
1.300000000000000000e+01 5.800000000000000000e+01 3.100000000000000000e+01 0.000000000000000000e+00 1.600000000000000089e+00 -1.783999999999999996e-03 -6.597000000000000433e-03 9.999770000000000048e-01 -7.818150000000000377e-01 -6.234859999999999847e-01 -5.507999999999999875e-03 6.235079999999999512e-01 -7.818070000000000297e-01 -4.044999999999999984e-03
1.900000000000000000e+01 5.800000000000000000e+01 3.100000000000000000e+01 0.000000000000000000e+00 1.600000000000000089e+00 -2.854000000000000200e-03 -4.766000000000000271e-03 9.999850000000000128e-01 -7.832419999999999938e-01 -6.216949999999999976e-01 -5.198000000000000363e-03 6.217099999999999849e-01 -7.832449999999999690e-01 -1.958999999999999804e-03
2.700000000000000000e+01 5.800000000000000000e+01 3.100000000000000000e+01 0.000000000000000000e+00 1.600000000000000089e+00 -2.519999999999999996e-04 6.780000000000000002e-04 1.000000000000000000e+00 -7.880800000000000027e-01 -6.155720000000000081e-01 2.190000000000000106e-04 6.155720000000000081e-01 -7.880800000000000027e-01 6.899999999999999667e-04
2.000000000000000000e+00 4.600000000000000000e+01 3.500000000000000000e+01 0.000000000000000000e+00 1.600000000000000089e+00 -1.050000000000000044e-04 -3.980000000000000031e-03 -9.999919999999999920e-01 3.900379999999999958e-01 -9.207920000000000549e-01 3.624000000000000051e-03 -9.207990000000000341e-01 -3.900339999999999918e-01 1.649000000000000075e-03
6.000000000000000000e+00 4.600000000000000000e+01 3.500000000000000000e+01 0.000000000000000000e+00 1.600000000000000089e+00 -2.290000000000000098e-04 2.840000000000000076e-03 -9.999959999999999960e-01 3.912729999999999819e-01 -9.202709999999999502e-01 -2.703000000000000107e-03 -9.202749999999999542e-01 -3.912720000000000087e-01 -8.999999999999999754e-04
1.100000000000000000e+01 4.600000000000000000e+01 3.500000000000000000e+01 0.000000000000000000e+00 1.600000000000000089e+00 -3.220000000000000206e-04 -4.040000000000000080e-04 -1.000000000000000000e+00 3.926399999999999890e-01 -9.196919999999999540e-01 2.449999999999999921e-04 -9.196919999999999540e-01 -3.926399999999999890e-01 4.550000000000000008e-04
1.500000000000000000e+01 4.600000000000000000e+01 3.500000000000000000e+01 0.000000000000000000e+00 1.600000000000000089e+00 7.370000000000000249e-04 -1.069000000000000072e-03 -9.999989999999999712e-01 3.914949999999999819e-01 -9.201789999999999692e-01 1.271999999999999910e-03 -9.201799999999999979e-01 -3.914960000000000107e-01 -2.590000000000000071e-04
2.500000000000000000e+01 4.600000000000000000e+01 3.500000000000000000e+01 0.000000000000000000e+00 1.600000000000000089e+00 -1.647999999999999942e-03 -2.039999999999999984e-04 -9.999989999999999712e-01 3.902280000000000193e-01 -9.207180000000000364e-01 -4.550000000000000008e-04 -9.207170000000000076e-01 -3.902280000000000193e-01 1.596999999999999895e-03
2.700000000000000000e+01 4.600000000000000000e+01 3.500000000000000000e+01 0.000000000000000000e+00 1.600000000000000089e+00 -2.145000000000000205e-03 3.931999999999999731e-03 -9.999900000000000455e-01 3.892039999999999944e-01 -9.211409999999999876e-01 -4.455999999999999892e-03 -9.211489999999999956e-01 -3.892100000000000004e-01 4.449999999999999746e-04
1.500000000000000000e+01 3.000000000000000000e+00 4.300000000000000000e+01 0.000000000000000000e+00 1.600000000000000089e+00 -4.754999999999999678e-03 -6.324999999999999893e-03 -9.999689999999999968e-01 7.369959999999999845e-01 -6.758969999999999700e-01 7.709999999999999840e-04 -6.758800000000000363e-01 -7.369689999999999852e-01 7.875000000000000056e-03
2.400000000000000000e+01 3.000000000000000000e+00 4.300000000000000000e+01 0.000000000000000000e+00 1.600000000000000089e+00 -5.327000000000000138e-03 -6.532999999999999745e-03 -9.999639999999999640e-01 7.374870000000000037e-01 -6.753609999999999891e-01 4.829999999999999767e-04 -6.753400000000000514e-01 -7.374589999999999756e-01 8.415000000000000605e-03
2.500000000000000000e+01 8.000000000000000000e+00 4.400000000000000000e+01 0.000000000000000000e+00 1.600000000000000089e+00 8.989999999999999511e-04 -4.277999999999999685e-03 9.999900000000000455e-01 -7.840989999999999904e-01 -6.206329999999999902e-01 -1.949999999999999910e-03 6.206350000000000477e-01 -7.840899999999999537e-01 -3.911999999999999679e-03
4.000000000000000000e+00 2.900000000000000000e+01 4.400000000000000000e+01 0.000000000000000000e+00 1.600000000000000089e+00 -1.946999999999999946e-03 -1.925000000000000062e-03 -9.999959999999999960e-01 6.536079999999999668e-01 7.568289999999999740e-01 -2.729000000000000089e-03 7.568310000000000315e-01 -6.536110000000000531e-01 -2.159999999999999919e-04
8.000000000000000000e+00 2.900000000000000000e+01 4.400000000000000000e+01 0.000000000000000000e+00 1.600000000000000089e+00 -1.766999999999999908e-03 1.044999999999999922e-03 -9.999980000000000535e-01 6.586499999999999577e-01 7.524490000000000345e-01 -3.770000000000000022e-04 7.524469999999999770e-01 -6.586499999999999577e-01 -2.017999999999999829e-03
1.300000000000000000e+01 2.900000000000000000e+01 4.400000000000000000e+01 0.000000000000000000e+00 1.600000000000000089e+00 -1.240000000000000054e-04 1.182000000000000108e-03 -9.999989999999999712e-01 6.553029999999999688e-01 7.553659999999999819e-01 8.120000000000000048e-04 7.553670000000000107e-01 -6.553020000000000511e-01 -8.679999999999999565e-04
1.800000000000000000e+01 2.900000000000000000e+01 4.400000000000000000e+01 0.000000000000000000e+00 1.600000000000000089e+00 -1.430000000000000064e-03 1.010000000000000047e-03 -9.999989999999999712e-01 6.541690000000000005e-01 7.563480000000000203e-01 -1.720000000000000066e-04 7.563469999999999915e-01 -6.541679999999999717e-01 -1.742000000000000059e-03
2.100000000000000000e+01 2.900000000000000000e+01 4.400000000000000000e+01 0.000000000000000000e+00 1.600000000000000089e+00 3.490000000000000263e-04 1.649000000000000075e-03 -9.999989999999999712e-01 6.568150000000000377e-01 7.540499999999999980e-01 1.472000000000000001e-03 7.540510000000000268e-01 -6.568150000000000377e-01 -8.199999999999999824e-04
2.600000000000000000e+01 2.900000000000000000e+01 4.400000000000000000e+01 0.000000000000000000e+00 1.600000000000000089e+00 5.700000000000000314e-05 4.620000000000000083e-04 -1.000000000000000000e+00 6.627420000000000533e-01 7.488479999999999581e-01 3.840000000000000097e-04 7.488479999999999581e-01 -6.627420000000000533e-01 -2.629999999999999959e-04
9.000000000000000000e+00 5.000000000000000000e+00 5.100000000000000000e+01 0.000000000000000000e+00 1.600000000000000089e+00 1.014499999999999950e-02 -1.177199999999999948e-02 -9.998789999999999623e-01 4.674860000000000126e-01 -8.838700000000000445e-01 1.514899999999999927e-02 -8.839420000000000055e-01 -4.675839999999999996e-01 -3.464000000000000065e-03
1.400000000000000000e+01 5.000000000000000000e+00 5.100000000000000000e+01 0.000000000000000000e+00 1.600000000000000089e+00 1.051000000000000068e-03 -6.721000000000000411e-03 -9.999770000000000048e-01 4.808850000000000069e-01 -8.767599999999999838e-01 6.398000000000000041e-03 -8.767829999999999790e-01 -4.808799999999999741e-01 2.311000000000000120e-03
3.000000000000000000e+01 5.000000000000000000e+00 5.100000000000000000e+01 0.000000000000000000e+00 1.600000000000000089e+00 3.789999999999999966e-04 -1.037700000000000081e-02 -9.999460000000000015e-01 4.774329999999999963e-01 -8.786190000000000389e-01 9.298999999999999974e-03 -8.786680000000000046e-01 -4.774109999999999743e-01 4.621000000000000107e-03
2.400000000000000000e+01 1.150000000000000000e+02 5.100000000000000000e+01 0.000000000000000000e+00 1.600000000000000089e+00 1.629000000000000023e-03 6.279999999999999775e-04 9.999989999999999712e-01 8.448139999999999539e-01 -5.350589999999999513e-01 -1.039999999999999909e-03 5.350570000000000048e-01 8.448149999999999826e-01 -1.402000000000000034e-03
4.000000000000000000e+00 6.300000000000000000e+01 5.400000000000000000e+01 0.000000000000000000e+00 1.600000000000000089e+00 4.249999999999999763e-04 5.204000000000000292e-03 9.999860000000000415e-01 -3.552549999999999875e-01 9.347569999999999490e-01 -4.714000000000000308e-03 -9.347689999999999610e-01 -3.552489999999999815e-01 2.246000000000000166e-03
9.000000000000000000e+00 6.300000000000000000e+01 5.400000000000000000e+01 0.000000000000000000e+00 1.600000000000000089e+00 -1.987000000000000051e-03 -3.188999999999999994e-03 9.999930000000000208e-01 -3.515150000000000219e-01 9.361789999999999834e-01 2.286999999999999970e-03 -9.361800000000000122e-01 -3.515079999999999871e-01 -2.981999999999999842e-03
1.400000000000000000e+01 6.300000000000000000e+01 5.400000000000000000e+01 0.000000000000000000e+00 1.600000000000000089e+00 -6.740000000000000114e-04 7.730000000000000326e-04 9.999989999999999712e-01 -3.438169999999999837e-01 9.390359999999999818e-01 -9.579999999999999757e-04 -9.390359999999999818e-01 -3.438180000000000125e-01 -3.669999999999999760e-04
2.000000000000000000e+01 6.300000000000000000e+01 5.400000000000000000e+01 0.000000000000000000e+00 1.600000000000000089e+00 2.990000000000000036e-04 -2.260999999999999989e-03 9.999970000000000248e-01 -3.485230000000000272e-01 9.372979999999999645e-01 2.223000000000000149e-03 -9.373000000000000220e-01 -3.485230000000000272e-01 -5.079999999999999880e-04
2.400000000000000000e+01 6.300000000000000000e+01 5.400000000000000000e+01 0.000000000000000000e+00 1.600000000000000089e+00 1.363999999999999978e-03 -7.960000000000000495e-04 9.999989999999999712e-01 -3.507850000000000135e-01 9.364550000000000374e-01 1.224000000000000045e-03 -9.364550000000000374e-01 -3.507859999999999867e-01 9.979999999999999722e-04
2.900000000000000000e+01 6.300000000000000000e+01 5.400000000000000000e+01 0.000000000000000000e+00 1.600000000000000089e+00 -7.069999999999999462e-04 2.849999999999999886e-04 1.000000000000000000e+00 -3.479670000000000263e-01 9.375069999999999792e-01 -5.130000000000000011e-04 -9.375059999999999505e-01 -3.479679999999999995e-01 -5.630000000000000239e-04
1.700000000000000000e+01 2.500000000000000000e+01 5.500000000000000000e+01 0.000000000000000000e+00 1.600000000000000089e+00 7.919999999999999523e-04 -1.147999999999999932e-03 -9.999989999999999712e-01 -1.267099999999999997e-02 -9.999190000000000023e-01 1.137999999999999906e-03 -9.999190000000000023e-01 1.267000000000000071e-02 -8.069999999999999916e-04
2.800000000000000000e+01 2.500000000000000000e+01 5.500000000000000000e+01 0.000000000000000000e+00 1.600000000000000089e+00 -8.840000000000000201e-04 -1.619999999999999912e-03 -9.999980000000000535e-01 -1.174200000000000070e-02 -9.999299999999999855e-01 1.629999999999999939e-03 -9.999310000000000143e-01 1.174399999999999923e-02 8.649999999999999920e-04
3.000000000000000000e+01 6.700000000000000000e+01 5.700000000000000000e+01 0.000000000000000000e+00 1.600000000000000089e+00 -3.204999999999999950e-03 -2.060999999999999898e-03 -9.999930000000000208e-01 -2.443599999999999939e-01 -9.696799999999999864e-01 2.782000000000000185e-03 -9.696789999999999576e-01 2.443670000000000009e-01 2.603999999999999978e-03
3.000000000000000000e+00 2.100000000000000000e+01 6.000000000000000000e+01 0.000000000000000000e+00 1.600000000000000089e+00 -3.319999999999999926e-04 7.463000000000000016e-03 9.999719999999999720e-01 -9.458400000000000141e-02 9.954889999999999572e-01 -7.460999999999999750e-03 -9.955169999999999852e-01 -9.458400000000000141e-02 3.750000000000000078e-04
8.000000000000000000e+00 2.100000000000000000e+01 6.000000000000000000e+01 0.000000000000000000e+00 1.600000000000000089e+00 7.029999999999999574e-04 5.295000000000000227e-03 9.999860000000000415e-01 -9.735499999999999710e-02 9.952360000000000095e-01 -5.200999999999999894e-03 -9.952499999999999680e-01 -9.735000000000000597e-02 1.216000000000000067e-03
1.300000000000000000e+01 2.100000000000000000e+01 6.000000000000000000e+01 0.000000000000000000e+00 1.600000000000000089e+00 -7.529999999999999801e-04 -4.316999999999999657e-03 9.999900000000000455e-01 -9.637600000000000333e-02 9.953359999999999985e-01 4.224000000000000324e-03 -9.953450000000000353e-01 -9.637199999999999933e-02 -1.165999999999999936e-03
2.000000000000000000e+01 2.100000000000000000e+01 6.000000000000000000e+01 0.000000000000000000e+00 1.600000000000000089e+00 3.780000000000000265e-04 4.270000000000000249e-04 1.000000000000000000e+00 -9.450600000000000667e-02 9.955239999999999645e-01 -3.890000000000000228e-04 -9.955239999999999645e-01 -9.450600000000000667e-02 4.169999999999999987e-04
4.000000000000000000e+00 6.700000000000000000e+01 6.000000000000000000e+01 0.000000000000000000e+00 1.600000000000000089e+00 1.069999999999999988e-04 3.549000000000000071e-03 9.999940000000000495e-01 1.765710000000000057e-01 -9.842819999999999903e-01 3.474000000000000091e-03 9.842880000000000518e-01 1.765700000000000047e-01 -7.320000000000000118e-04
2.000000000000000000e+01 6.700000000000000000e+01 6.000000000000000000e+01 0.000000000000000000e+00 1.600000000000000089e+00 3.330000000000000169e-04 3.219000000000000073e-03 9.999949999999999672e-01 1.781099999999999905e-01 -9.840060000000000473e-01 3.108000000000000086e-03 9.840109999999999690e-01 1.781079999999999885e-01 -9.009999999999999997e-04
2.600000000000000000e+01 6.700000000000000000e+01 6.000000000000000000e+01 0.000000000000000000e+00 1.600000000000000089e+00 2.148999999999999869e-03 2.334000000000000137e-03 9.999949999999999672e-01 1.749519999999999964e-01 -9.845749999999999780e-01 1.922000000000000097e-03 9.845749999999999780e-01 1.749469999999999914e-01 -2.524000000000000202e-03
1.200000000000000000e+01 6.000000000000000000e+00 6.100000000000000000e+01 0.000000000000000000e+00 1.600000000000000089e+00 -1.337999999999999997e-03 6.655999999999999590e-03 9.999770000000000048e-01 5.705959999999999921e-01 -8.212070000000000203e-01 6.230000000000000294e-03 8.212300000000000155e-01 5.705909999999999593e-01 -2.700000000000000143e-03
2.900000000000000000e+01 1.200000000000000000e+01 6.300000000000000000e+01 0.000000000000000000e+00 1.600000000000000089e+00 1.342999999999999923e-02 1.273999999999999959e-02 -9.998289999999999678e-01 -1.642990000000000006e-01 -9.862999999999999545e-01 -1.477499999999999994e-02 -9.863189999999999458e-01 1.644700000000000051e-01 -1.115299999999999972e-02
2.000000000000000000e+00 2.700000000000000000e+01 6.300000000000000000e+01 0.000000000000000000e+00 1.600000000000000089e+00 -2.259000000000000157e-03 2.552000000000000015e-03 9.999940000000000495e-01 -2.726020000000000110e-01 9.621220000000000327e-01 -3.070999999999999945e-03 -9.621239999999999792e-01 -2.726080000000000170e-01 -1.477999999999999930e-03
8.000000000000000000e+00 2.700000000000000000e+01 6.300000000000000000e+01 0.000000000000000000e+00 1.600000000000000089e+00 1.624000000000000010e-03 -3.680999999999999810e-03 9.999919999999999920e-01 -2.734779999999999989e-01 9.618700000000000028e-01 3.984999999999999827e-03 -9.618769999999999820e-01 -2.734829999999999761e-01 5.559999999999999621e-04
1.500000000000000000e+01 2.700000000000000000e+01 6.300000000000000000e+01 0.000000000000000000e+00 1.600000000000000089e+00 5.050000000000000235e-04 5.263999999999999582e-03 9.999860000000000415e-01 -2.696089999999999876e-01 9.629569999999999519e-01 -4.932999999999999885e-03 -9.629699999999999926e-01 -2.696020000000000083e-01 1.905999999999999925e-03
2.100000000000000000e+01 2.700000000000000000e+01 6.300000000000000000e+01 0.000000000000000000e+00 1.600000000000000089e+00 -6.000000000000000152e-05 -1.681999999999999901e-03 9.999989999999999712e-01 -2.723169999999999757e-01 9.622060000000000057e-01 1.601999999999999908e-03 -9.622079999999999522e-01 -2.723169999999999757e-01 -5.159999999999999656e-04
2.500000000000000000e+01 2.700000000000000000e+01 6.300000000000000000e+01 0.000000000000000000e+00 1.600000000000000089e+00 -5.670000000000000127e-04 6.600000000000000506e-05 1.000000000000000000e+00 -2.743129999999999735e-01 9.616400000000000503e-01 -2.190000000000000106e-04 -9.616400000000000503e-01 -2.743140000000000023e-01 -5.270000000000000162e-04
2.900000000000000000e+01 2.700000000000000000e+01 6.300000000000000000e+01 0.000000000000000000e+00 1.600000000000000089e+00 -9.070000000000000371e-04 4.582000000000000135e-03 9.999890000000000168e-01 -2.732289999999999996e-01 9.619379999999999598e-01 -4.655000000000000283e-03 -9.619490000000000540e-01 -2.732299999999999729e-01 3.800000000000000209e-04
1.000000000000000000e+00 2.600000000000000000e+01 6.400000000000000000e+01 0.000000000000000000e+00 1.600000000000000089e+00 -2.820000000000000024e-03 9.269999999999999811e-04 9.999959999999999960e-01 -3.537179999999999769e-01 9.353500000000000147e-01 -1.864999999999999904e-03 -9.353479999999999572e-01 -3.537219999999999809e-01 -2.309999999999999987e-03
1.000000000000000000e+01 2.600000000000000000e+01 6.400000000000000000e+01 0.000000000000000000e+00 1.600000000000000089e+00 2.034999999999999917e-03 9.229999999999999923e-04 9.999970000000000248e-01 -3.537199999999999789e-01 9.353510000000000435e-01 -1.430000000000000064e-04 -9.353489999999999860e-01 -3.537190000000000056e-01 2.230000000000000211e-03
1.600000000000000000e+01 2.600000000000000000e+01 6.400000000000000000e+01 0.000000000000000000e+00 1.600000000000000089e+00 -3.499999999999999964e-04 5.023999999999999820e-03 9.999869999999999592e-01 -3.492219999999999769e-01 9.370279999999999720e-01 -4.830000000000000092e-03 -9.370399999999999840e-01 -3.492190000000000016e-01 1.427000000000000100e-03
2.000000000000000000e+01 2.600000000000000000e+01 6.400000000000000000e+01 0.000000000000000000e+00 1.600000000000000089e+00 7.450000000000000025e-04 5.999999999999999474e-04 1.000000000000000000e+00 -3.517640000000000211e-01 9.360889999999999489e-01 -2.999999999999999737e-04 -9.360880000000000312e-01 -3.517640000000000211e-01 9.089999999999999773e-04
2.500000000000000000e+01 2.600000000000000000e+01 6.400000000000000000e+01 0.000000000000000000e+00 1.600000000000000089e+00 -4.200000000000000174e-04 -3.750000000000000078e-04 1.000000000000000000e+00 -3.537520000000000109e-01 9.353390000000000315e-01 2.020000000000000040e-04 -9.353390000000000315e-01 -3.537509999999999821e-01 -5.249999999999999676e-04
2.900000000000000000e+01 2.600000000000000000e+01 6.400000000000000000e+01 0.000000000000000000e+00 1.600000000000000089e+00 -1.247999999999999977e-03 2.795000000000000175e-03 9.999949999999999672e-01 -3.531650000000000067e-01 9.355560000000000542e-01 -3.056000000000000123e-03 -9.355599999999999472e-01 -3.531670000000000087e-01 -1.800000000000000113e-04
