1.400000000000000000e+01 2.500000000000000000e+01 1.000000000000000000e+00 0.000000000000000000e+00 1.600000000000000089e+00 -1.041999999999999958e-03 1.276000000000000007e-03 -9.999989999999999712e-01 -5.240019999999999678e-01 -8.517169999999999463e-01 -5.410000000000000312e-04 -8.517160000000000286e-01 5.240010000000000501e-01 1.556000000000000091e-03
1.800000000000000000e+01 2.500000000000000000e+01 1.000000000000000000e+00 0.000000000000000000e+00 1.600000000000000089e+00 -7.519999999999999558e-04 3.330000000000000061e-03 -9.999940000000000495e-01 -5.225940000000000030e-01 -8.525779999999999470e-01 -2.445999999999999824e-03 -8.525819999999999510e-01 5.225889999999999702e-01 2.380999999999999870e-03
9.000000000000000000e+00 1.500000000000000000e+01 4.000000000000000000e+00 0.000000000000000000e+00 1.600000000000000089e+00 1.451000000000000033e-03 -1.853000000000000046e-03 9.999970000000000248e-01 3.176829999999999932e-01 -9.481939999999999813e-01 -2.216999999999999787e-03 9.481960000000000388e-01 3.176849999999999952e-01 -7.870000000000000476e-04
1.500000000000000000e+01 1.500000000000000000e+01 4.000000000000000000e+00 0.000000000000000000e+00 1.600000000000000089e+00 1.088999999999999907e-03 -3.214999999999999976e-03 9.999940000000000495e-01 3.252200000000000091e-01 -9.456320000000000281e-01 -3.393999999999999882e-03 9.456379999999999786e-01 3.252220000000000111e-01 1.500000000000000038e-05
1.900000000000000000e+01 1.500000000000000000e+01 4.000000000000000000e+00 0.000000000000000000e+00 1.600000000000000089e+00 6.600000000000000506e-05 2.429999999999999977e-04 1.000000000000000000e+00 3.259969999999999812e-01 -9.453709999999999614e-01 2.079999999999999872e-04 9.453709999999999614e-01 3.259969999999999812e-01 -1.420000000000000092e-04
2.300000000000000000e+01 1.500000000000000000e+01 4.000000000000000000e+00 0.000000000000000000e+00 1.600000000000000089e+00 -2.595999999999999783e-03 -4.883000000000000188e-03 9.999850000000000128e-01 3.251569999999999738e-01 -9.456520000000000481e-01 -3.774000000000000011e-03 9.456560000000000521e-01 3.251419999999999866e-01 4.042999999999999719e-03
2.600000000000000000e+01 1.500000000000000000e+01 4.000000000000000000e+00 0.000000000000000000e+00 1.600000000000000089e+00 -2.664000000000000135e-03 -3.563999999999999894e-03 9.999900000000000455e-01 3.248690000000000189e-01 -9.457560000000000411e-01 -2.504999999999999848e-03 9.457550000000000123e-01 3.248590000000000089e-01 3.677999999999999846e-03
9.000000000000000000e+00 1.010000000000000000e+02 7.000000000000000000e+00 0.000000000000000000e+00 1.600000000000000089e+00 1.620000000000000075e-04 1.672999999999999834e-02 9.998599999999999710e-01 8.886420000000000430e-01 4.585339999999999971e-01 -7.816000000000000031e-03 -4.586009999999999809e-01 8.885189999999999477e-01 -1.479300000000000059e-02
1.300000000000000000e+01 1.010000000000000000e+02 7.000000000000000000e+00 0.000000000000000000e+00 1.600000000000000089e+00 -3.748000000000000029e-03 2.615999999999999836e-03 9.999900000000000455e-01 8.886540000000000550e-01 4.585739999999999816e-01 2.131000000000000082e-03 -4.585629999999999984e-01 8.886519999999999975e-01 -4.042999999999999719e-03
2.700000000000000000e+01 1.010000000000000000e+02 7.000000000000000000e+00 0.000000000000000000e+00 1.600000000000000089e+00 -2.301999999999999793e-03 9.601000000000000159e-03 9.999510000000000343e-01 8.842480000000000340e-01 4.670110000000000094e-01 -2.448000000000000089e-03 -4.670119999999999827e-01 8.841989999999999572e-01 -9.565000000000000585e-03
1.000000000000000000e+00 2.500000000000000000e+01 8.000000000000000000e+00 0.000000000000000000e+00 1.600000000000000089e+00 1.162000000000000055e-03 -9.095000000000000653e-03 -9.999580000000000135e-01 4.486689999999999845e-01 8.936659999999999604e-01 -7.605999999999999914e-03 8.936969999999999636e-01 -4.486410000000000120e-01 5.119000000000000286e-03
7.000000000000000000e+00 2.500000000000000000e+01 8.000000000000000000e+00 0.000000000000000000e+00 1.600000000000000089e+00 2.393000000000000162e-03 5.930000000000000375e-03 -9.999799999999999800e-01 4.481729999999999881e-01 8.939240000000000519e-01 6.374000000000000325e-03 8.939430000000000431e-01 -4.481800000000000228e-01 -5.190000000000000386e-04
1.200000000000000000e+01 2.500000000000000000e+01 8.000000000000000000e+00 0.000000000000000000e+00 1.600000000000000089e+00 7.159999999999999481e-04 3.640000000000000006e-03 -9.999930000000000208e-01 4.467349999999999932e-01 8.946589999999999820e-01 3.576999999999999885e-03 8.946659999999999613e-01 -4.467340000000000200e-01 -9.849999999999999815e-04
1.600000000000000000e+01 2.500000000000000000e+01 8.000000000000000000e+00 0.000000000000000000e+00 1.600000000000000089e+00 1.345999999999999974e-03 -4.053000000000000179e-03 -9.999909999999999632e-01 4.456499999999999906e-01 8.952020000000000532e-01 -3.027999999999999876e-03 8.952059999999999462e-01 -4.456410000000000093e-01 3.010999999999999788e-03
2.200000000000000000e+01 2.500000000000000000e+01 8.000000000000000000e+00 0.000000000000000000e+00 1.600000000000000089e+00 1.227000000000000009e-03 3.579000000000000150e-03 -9.999930000000000208e-01 4.472650000000000237e-01 8.943940000000000223e-01 3.749999999999999861e-03 8.944010000000000016e-01 -4.472659999999999969e-01 -5.039999999999999992e-04
2.600000000000000000e+01 2.500000000000000000e+01 8.000000000000000000e+00 0.000000000000000000e+00 1.600000000000000089e+00 5.509999999999999490e-04 1.214999999999999934e-03 -9.999989999999999712e-01 4.478079999999999838e-01 8.941289999999999516e-01 1.333999999999999899e-03 8.941299999999999804e-01 -4.478079999999999838e-01 -5.099999999999999960e-05
1.000000000000000000e+00 2.400000000000000000e+01 9.000000000000000000e+00 0.000000000000000000e+00 1.600000000000000089e+00 8.739999999999999939e-04 -9.409999999999999962e-03 -9.999550000000000383e-01 4.535460000000000047e-01 8.911970000000000169e-01 -7.990000000000000574e-03 8.912330000000000529e-01 -4.535179999999999767e-01 5.047000000000000271e-03
7.000000000000000000e+00 2.400000000000000000e+01 9.000000000000000000e+00 0.000000000000000000e+00 1.600000000000000089e+00 2.239999999999999804e-03 5.917000000000000384e-03 -9.999799999999999800e-01 4.513440000000000230e-01 8.923280000000000101e-01 6.290999999999999717e-03 8.923470000000000013e-01 -4.513490000000000002e-01 -6.719999999999999628e-04
1.200000000000000000e+01 2.400000000000000000e+01 9.000000000000000000e+00 0.000000000000000000e+00 1.600000000000000089e+00 6.599999999999999964e-04 2.706000000000000072e-03 -9.999959999999999960e-01 4.485259999999999803e-01 8.937659999999999494e-01 2.714999999999999965e-03 8.937690000000000357e-01 -4.485259999999999803e-01 -6.239999999999999887e-04
1.500000000000000000e+01 2.400000000000000000e+01 9.000000000000000000e+00 0.000000000000000000e+00 1.600000000000000089e+00 1.402999999999999950e-03 -2.690000000000000117e-03 -9.999949999999999672e-01 4.480009999999999826e-01 8.940310000000000201e-01 -1.776000000000000018e-03 8.940320000000000489e-01 -4.479960000000000053e-01 2.458999999999999814e-03
1.900000000000000000e+01 2.400000000000000000e+01 9.000000000000000000e+00 0.000000000000000000e+00 1.600000000000000089e+00 7.910000000000000364e-04 -3.181999999999999933e-03 -9.999949999999999672e-01 4.478090000000000126e-01 8.941259999999999764e-01 -2.491000000000000159e-03 8.941289999999999516e-01 -4.478039999999999798e-01 2.132999999999999913e-03
2.500000000000000000e+01 2.400000000000000000e+01 9.000000000000000000e+00 0.000000000000000000e+00 1.600000000000000089e+00 7.029999999999999574e-04 6.605999999999999893e-03 -9.999780000000000335e-01 4.507840000000000180e-01 8.926110000000000433e-01 6.212999999999999773e-03 8.926330000000000098e-01 -4.507789999999999853e-01 -2.350000000000000092e-03
1.100000000000000000e+01 1.200000000000000000e+01 1.000000000000000000e+01 0.000000000000000000e+00 1.600000000000000089e+00 -5.370000000000000424e-04 -3.112999999999999882e-03 -9.999949999999999672e-01 -5.538589999999999902e-01 -8.326059999999999572e-01 2.890000000000000208e-03 -8.326099999999999612e-01 5.538579999999999615e-01 -1.276999999999999923e-03
1.400000000000000000e+01 1.200000000000000000e+01 1.000000000000000000e+01 0.000000000000000000e+00 1.600000000000000089e+00 -1.376999999999999969e-03 -1.041899999999999944e-02 -9.999449999999999728e-01 -5.548189999999999511e-01 -8.319180000000000463e-01 9.431999999999999412e-03 -8.319699999999999873e-01 5.548009999999999886e-01 -4.635000000000000231e-03
2.500000000000000000e+01 1.200000000000000000e+01 1.000000000000000000e+01 0.000000000000000000e+00 1.600000000000000089e+00 1.703000000000000087e-03 3.712000000000000022e-03 -9.999919999999999920e-01 -5.534310000000000063e-01 -8.328849999999999865e-01 -4.034000000000000259e-03 -8.328929999999999945e-01 5.534339999999999815e-01 6.359999999999999551e-04
3.000000000000000000e+01 1.200000000000000000e+01 1.000000000000000000e+01 0.000000000000000000e+00 1.600000000000000089e+00 2.370000000000000145e-03 2.561700000000000088e-02 -9.996690000000000298e-01 -5.512019999999999698e-01 -8.340629999999999988e-01 -2.267999999999999877e-02 -8.343679999999999986e-01 5.510730000000000350e-01 1.214299999999999928e-02
8.000000000000000000e+00 3.100000000000000000e+01 1.200000000000000000e+01 0.000000000000000000e+00 1.600000000000000089e+00 9.610000000000000486e-04 -5.294000000000000095e-03 9.999860000000000415e-01 6.453000000000000402e-03 9.999649999999999928e-01 5.288000000000000166e-03 -9.999789999999999512e-01 6.447999999999999739e-03 9.950000000000000077e-04
1.100000000000000000e+01 3.100000000000000000e+01 1.200000000000000000e+01 0.000000000000000000e+00 1.600000000000000089e+00 8.660000000000000163e-04 1.325999999999999922e-03 9.999989999999999712e-01 4.288000000000000145e-03 9.999900000000000455e-01 -1.329000000000000103e-03 -9.999900000000000455e-01 4.289000000000000278e-03 8.599999999999999789e-04
1.400000000000000000e+01 3.100000000000000000e+01 1.200000000000000000e+01 0.000000000000000000e+00 1.600000000000000089e+00 -6.449999999999999570e-04 1.742000000000000059e-03 9.999980000000000535e-01 4.239999999999999845e-03 9.999900000000000455e-01 -1.740000000000000010e-03 -9.999909999999999632e-01 4.237999999999999580e-03 -6.520000000000000188e-04
2.200000000000000000e+01 3.200000000000000000e+01 1.400000000000000000e+01 0.000000000000000000e+00 1.600000000000000089e+00 2.833000000000000015e-03 -5.190000000000000386e-04 -9.999959999999999960e-01 9.648199999999999832e-02 9.953349999999999698e-01 -2.439999999999999949e-04 9.953309999999999658e-01 -9.648099999999999732e-02 2.870000000000000155e-03
2.800000000000000000e+01 3.200000000000000000e+01 1.400000000000000000e+01 0.000000000000000000e+00 1.600000000000000089e+00 3.651000000000000165e-03 -1.628000000000000107e-03 -9.999919999999999920e-01 9.770900000000000418e-02 9.952140000000000430e-01 -1.263000000000000017e-03 9.952079999999999815e-01 -9.770299999999999818e-02 3.792999999999999931e-03
4.000000000000000000e+00 1.160000000000000000e+02 1.600000000000000000e+01 0.000000000000000000e+00 1.600000000000000089e+00 3.669999999999999760e-04 2.135999999999999878e-03 9.999980000000000535e-01 6.657570000000000432e-01 7.461659999999999959e-01 -1.838999999999999923e-03 -7.461680000000000534e-01 6.657560000000000144e-01 -1.147999999999999932e-03
7.000000000000000000e+00 1.160000000000000000e+02 1.600000000000000000e+01 0.000000000000000000e+00 1.600000000000000089e+00 1.639999999999999965e-03 1.021999999999999905e-03 9.999980000000000535e-01 6.759579999999999478e-01 7.369369999999999532e-01 -1.861999999999999940e-03 -7.369379999999999820e-01 6.759600000000000053e-01 5.180000000000000143e-04
5.000000000000000000e+00 2.000000000000000000e+00 1.900000000000000000e+01 0.000000000000000000e+00 1.600000000000000089e+00 1.412999999999999977e-03 -4.588000000000000064e-03 -9.999879999999999880e-01 1.884490000000000054e-01 -9.820710000000000273e-01 4.772000000000000200e-03 -9.820820000000000105e-01 -1.884540000000000104e-01 -5.230000000000000274e-04
9.000000000000000000e+00 2.000000000000000000e+00 1.900000000000000000e+01 0.000000000000000000e+00 1.600000000000000089e+00 -1.165000000000000020e-03 -7.759999999999999971e-04 -9.999989999999999712e-01 1.917750000000000010e-01 -9.814389999999999503e-01 5.379999999999999583e-04 -9.814380000000000326e-01 -1.917740000000000000e-01 1.291999999999999963e-03
1.300000000000000000e+01 2.000000000000000000e+00 1.900000000000000000e+01 0.000000000000000000e+00 1.600000000000000089e+00 3.739999999999999835e-04 -4.009999999999999893e-04 -1.000000000000000000e+00 1.930709999999999926e-01 -9.811849999999999739e-01 4.659999999999999971e-04 -9.811849999999999739e-01 -1.930709999999999926e-01 -2.889999999999999774e-04
1.600000000000000000e+01 2.000000000000000000e+00 1.900000000000000000e+01 0.000000000000000000e+00 1.600000000000000089e+00 2.120000000000000031e-04 -3.181999999999999933e-03 -9.999949999999999672e-01 1.924460000000000059e-01 -9.813020000000000076e-01 3.163000000000000013e-03 -9.813079999999999581e-01 -1.924460000000000059e-01 4.040000000000000080e-04
2.000000000000000000e+01 2.000000000000000000e+00 1.900000000000000000e+01 0.000000000000000000e+00 1.600000000000000089e+00 6.520000000000000188e-04 -1.559999999999999972e-03 -9.999989999999999712e-01 1.887520000000000031e-01 -9.820229999999999793e-01 1.655000000000000004e-03 -9.820250000000000368e-01 -1.887530000000000041e-01 -3.460000000000000076e-04
2.400000000000000000e+01 2.000000000000000000e+00 1.900000000000000000e+01 0.000000000000000000e+00 1.600000000000000089e+00 -3.330000000000000169e-04 1.971000000000000096e-03 -9.999980000000000535e-01 1.887280000000000069e-01 -9.820269999999999833e-01 -1.998000000000000210e-03 -9.820290000000000408e-01 -1.887280000000000069e-01 -4.500000000000000283e-05
1.600000000000000000e+01 4.000000000000000000e+00 2.000000000000000000e+01 0.000000000000000000e+00 1.600000000000000089e+00 -4.920000000000000328e-04 -2.913999999999999924e-03 -9.999959999999999960e-01 2.891090000000000049e-01 -9.572929999999999495e-01 2.648000000000000180e-03 -9.572960000000000358e-01 -2.891059999999999741e-01 1.314000000000000064e-03
2.900000000000000000e+01 4.000000000000000000e+00 2.000000000000000000e+01 0.000000000000000000e+00 1.600000000000000089e+00 -2.145999999999999904e-03 -6.030000000000000204e-04 -9.999970000000000248e-01 2.775630000000000042e-01 -9.607080000000000064e-01 -1.699999999999999987e-05 -9.607050000000000312e-01 -2.775619999999999754e-01 2.229000000000000078e-03
2.000000000000000000e+00 1.300000000000000000e+01 2.000000000000000000e+01 0.000000000000000000e+00 1.600000000000000089e+00 -4.650000000000000270e-04 -8.012999999999999290e-03 9.999679999999999680e-01 2.576220000000000176e-01 9.662140000000000173e-01 7.861999999999999197e-03 -9.662460000000000493e-01 2.576169999999999849e-01 1.614999999999999899e-03
1.600000000000000000e+01 1.300000000000000000e+01 2.000000000000000000e+01 0.000000000000000000e+00 1.600000000000000089e+00 -2.739999999999999923e-04 -4.449999999999999746e-04 1.000000000000000000e+00 2.571350000000000025e-01 9.663749999999999840e-01 5.000000000000000104e-04 -9.663749999999999840e-01 2.571350000000000025e-01 -1.499999999999999869e-04
2.100000000000000000e+01 1.300000000000000000e+01 2.000000000000000000e+01 0.000000000000000000e+00 1.600000000000000089e+00 6.639999999999999852e-04 -1.820000000000000057e-04 1.000000000000000000e+00 2.561660000000000048e-01 9.666329999999999645e-01 5.000000000000000409e-06 -9.666329999999999645e-01 2.561660000000000048e-01 6.890000000000000508e-04
2.400000000000000000e+01 1.300000000000000000e+01 2.000000000000000000e+01 0.000000000000000000e+00 1.600000000000000089e+00 5.850000000000000165e-04 -8.850000000000000444e-04 9.999989999999999712e-01 2.548869999999999747e-01 9.669710000000000250e-01 7.069999999999999462e-04 -9.669710000000000250e-01 2.548860000000000015e-01 7.919999999999999523e-04
2.800000000000000000e+01 1.300000000000000000e+01 2.000000000000000000e+01 0.000000000000000000e+00 1.600000000000000089e+00 -1.662999999999999982e-03 3.121000000000000076e-03 9.999940000000000495e-01 2.523929999999999785e-01 9.676209999999999534e-01 -2.599999999999999881e-03 -9.676230000000000109e-01 2.523869999999999725e-01 -2.396000000000000126e-03
5.000000000000000000e+00 3.000000000000000000e+00 2.500000000000000000e+01 0.000000000000000000e+00 1.600000000000000089e+00 8.279999999999999600e-04 -8.958999999999999950e-03 9.999599999999999600e-01 -7.185099999999999820e-02 -9.973760000000000403e-01 -8.876000000000000209e-03 9.974150000000000515e-01 -7.184100000000000208e-02 -1.469000000000000037e-03
1.000000000000000000e+01 3.000000000000000000e+00 2.500000000000000000e+01 0.000000000000000000e+00 1.600000000000000089e+00 5.490000000000000088e-04 -2.193000000000000071e-03 9.999970000000000248e-01 -7.215199999999999392e-02 -9.973910000000000275e-01 -2.148000000000000170e-03 9.973929999999999740e-01 -7.215100000000000680e-02 -7.050000000000000060e-04
1.300000000000000000e+01 3.000000000000000000e+00 2.500000000000000000e+01 0.000000000000000000e+00 1.600000000000000089e+00 8.909999999999999734e-04 -1.549999999999999946e-03 9.999980000000000535e-01 -7.584599999999999675e-02 -9.971179999999999488e-01 -1.477999999999999930e-03 9.971189999999999776e-01 -7.584399999999999475e-02 -1.005999999999999950e-03
1.600000000000000000e+01 3.000000000000000000e+00 2.500000000000000000e+01 0.000000000000000000e+00 1.600000000000000089e+00 1.051999999999999984e-03 -3.620000000000000171e-04 9.999989999999999712e-01 -7.989599999999999480e-02 -9.968029999999999946e-01 -2.759999999999999867e-04 9.968029999999999946e-01 -7.989499999999999380e-02 -1.077999999999999965e-03
2.400000000000000000e+01 3.000000000000000000e+00 2.500000000000000000e+01 0.000000000000000000e+00 1.600000000000000089e+00 5.869999999999999567e-04 -4.600000000000000139e-04 1.000000000000000000e+00 -7.516399999999999471e-02 -9.971710000000000296e-01 -4.139999999999999800e-04 9.971710000000000296e-01 -7.516399999999999471e-02 -6.199999999999999999e-04
3.000000000000000000e+01 3.000000000000000000e+00 2.500000000000000000e+01 0.000000000000000000e+00 1.600000000000000089e+00 -1.087999999999999991e-03 -5.131000000000000144e-03 9.999860000000000415e-01 -6.893599999999999728e-02 -9.976080000000000503e-01 -5.192999999999999700e-03 9.976199999999999513e-01 -6.894100000000000228e-02 7.320000000000000118e-04
9.000000000000000000e+00 4.600000000000000000e+01 2.700000000000000000e+01 0.000000000000000000e+00 1.600000000000000089e+00 -1.234000000000000071e-03 -2.497999999999999787e-03 -9.999959999999999960e-01 6.783350000000000213e-01 7.347479999999999567e-01 -2.673000000000000029e-03 7.347519999999999607e-01 -6.783350000000000213e-01 7.879999999999999635e-04
2.300000000000000000e+01 4.600000000000000000e+01 2.700000000000000000e+01 0.000000000000000000e+00 1.600000000000000089e+00 -2.099999999999999884e-05 4.859999999999999954e-04 -1.000000000000000000e+00 6.717260000000000453e-01 7.408000000000000140e-01 3.460000000000000076e-04 7.408000000000000140e-01 -6.717260000000000453e-01 -3.420000000000000188e-04
2.900000000000000000e+01 4.600000000000000000e+01 2.700000000000000000e+01 0.000000000000000000e+00 1.600000000000000089e+00 -1.828999999999999897e-03 -7.219999999999999855e-04 -9.999980000000000535e-01 6.689549999999999663e-01 7.433009999999999895e-01 -1.760000000000000063e-03 7.433009999999999895e-01 -6.689570000000000238e-01 -8.769999999999999584e-04
2.600000000000000000e+01 4.600000000000000000e+01 3.000000000000000000e+01 0.000000000000000000e+00 1.600000000000000089e+00 1.172999999999999998e-03 -2.420000000000000005e-04 -9.999989999999999712e-01 3.289719999999999867e-01 9.443399999999999572e-01 1.579999999999999916e-04 9.443390000000000395e-01 -3.289719999999999867e-01 1.186999999999999904e-03
6.000000000000000000e+00 5.800000000000000000e+01 3.100000000000000000e+01 0.000000000000000000e+00 1.600000000000000089e+00 6.494999999999999905e-03 2.958000000000000126e-03 9.999740000000000295e-01 -8.017339999999999467e-01 -5.976399999999999491e-01 6.975000000000000297e-03 5.976460000000000106e-01 -8.017589999999999995e-01 -1.510999999999999973e-03
1.700000000000000000e+01 5.800000000000000000e+01 3.100000000000000000e+01 0.000000000000000000e+00 1.600000000000000089e+00 4.020000000000000136e-04 -5.590000000000000351e-04 1.000000000000000000e+00 -8.056250000000000355e-01 -5.924260000000000081e-01 -6.999999999999999895e-06 5.924260000000000081e-01 -8.056250000000000355e-01 -6.890000000000000508e-04
2.200000000000000000e+01 5.800000000000000000e+01 3.100000000000000000e+01 0.000000000000000000e+00 1.600000000000000089e+00 4.138000000000000185e-03 2.746999999999999876e-03 9.999879999999999880e-01 -8.001310000000000366e-01 -5.998050000000000326e-01 4.957999999999999734e-03 5.998109999999999831e-01 -8.001420000000000199e-01 -2.840000000000000185e-04
2.600000000000000000e+01 5.800000000000000000e+01 3.100000000000000000e+01 0.000000000000000000e+00 1.600000000000000089e+00 -3.739999999999999835e-04 6.600000000000000506e-05 1.000000000000000000e+00 -7.952019999999999644e-01 -6.063450000000000228e-01 -2.570000000000000127e-04 6.063450000000000228e-01 -7.952019999999999644e-01 2.790000000000000054e-04
1.200000000000000000e+01 2.200000000000000000e+01 3.400000000000000000e+01 0.000000000000000000e+00 1.600000000000000089e+00 8.509999999999999769e-04 8.199999999999999824e-04 9.999989999999999712e-01 3.789460000000000051e-01 -9.254189999999999916e-01 4.360000000000000269e-04 9.254179999999999628e-01 3.789449999999999763e-01 -1.098000000000000018e-03
1.400000000000000000e+01 2.200000000000000000e+01 3.400000000000000000e+01 0.000000000000000000e+00 1.600000000000000089e+00 -3.989999999999999949e-04 4.483000000000000006e-03 9.999900000000000455e-01 3.780240000000000267e-01 -9.257859999999999978e-01 4.301000000000000136e-03 9.257959999999999523e-01 3.780220000000000247e-01 -1.325000000000000006e-03
1.900000000000000000e+01 2.300000000000000000e+01 3.400000000000000000e+01 0.000000000000000000e+00 1.600000000000000089e+00 -1.431999999999999896e-03 -1.248999999999999893e-03 9.999980000000000535e-01 3.998669999999999725e-01 -9.165729999999999711e-01 -5.720000000000000258e-04 9.165720000000000534e-01 3.998650000000000260e-01 1.812999999999999941e-03
2.100000000000000000e+01 2.300000000000000000e+01 3.400000000000000000e+01 0.000000000000000000e+00 1.600000000000000089e+00 -3.739999999999999835e-04 -5.287000000000000033e-03 9.999860000000000415e-01 3.996600000000000152e-01 -9.166509999999999936e-01 -4.696999999999999786e-03 9.166630000000000056e-01 3.996520000000000072e-01 2.455999999999999850e-03
2.800000000000000000e+01 2.300000000000000000e+01 3.400000000000000000e+01 0.000000000000000000e+00 1.600000000000000089e+00 1.299999999999999940e-03 2.642999999999999950e-03 9.999959999999999960e-01 4.085079999999999822e-01 -9.127530000000000365e-01 1.881999999999999992e-03 9.127539999999999543e-01 4.085039999999999782e-01 -2.265999999999999785e-03
6.000000000000000000e+00 4.600000000000000000e+01 3.500000000000000000e+01 0.000000000000000000e+00 1.600000000000000089e+00 -1.789999999999999870e-04 -2.950000000000000148e-04 -1.000000000000000000e+00 3.910299999999999887e-01 -9.203780000000000294e-01 2.020000000000000040e-04 -9.203780000000000294e-01 -3.910299999999999887e-01 2.799999999999999755e-04
1.100000000000000000e+01 4.600000000000000000e+01 3.500000000000000000e+01 0.000000000000000000e+00 1.600000000000000089e+00 -6.350000000000000392e-04 -8.559999999999999901e-04 -9.999989999999999712e-01 3.928269999999999817e-01 -9.196119999999999850e-01 5.379999999999999583e-04 -9.196119999999999850e-01 -3.928269999999999817e-01 9.200000000000000278e-04
1.900000000000000000e+01 4.600000000000000000e+01 3.500000000000000000e+01 0.000000000000000000e+00 1.600000000000000089e+00 1.659999999999999963e-04 5.599999999999999916e-05 -1.000000000000000000e+00 3.923760000000000026e-01 -9.198049999999999837e-01 1.399999999999999979e-05 -9.198049999999999837e-01 -3.923760000000000026e-01 -1.740000000000000010e-04
2.300000000000000000e+01 4.600000000000000000e+01 3.500000000000000000e+01 0.000000000000000000e+00 1.600000000000000089e+00 -7.519999999999999558e-04 -8.760000000000000425e-04 -9.999989999999999712e-01 3.917120000000000046e-01 -9.200880000000000170e-01 5.109999999999999525e-04 -9.200880000000000170e-01 -3.917109999999999759e-01 1.034999999999999896e-03
7.000000000000000000e+00 9.500000000000000000e+01 3.600000000000000000e+01 0.000000000000000000e+00 1.600000000000000089e+00 -7.084000000000000019e-03 -1.053199999999999970e-02 9.999190000000000023e-01 9.971100000000000518e-01 7.556899999999999729e-02 7.860000000000000667e-03 -7.564500000000000390e-02 9.970849999999999991e-01 9.967000000000000165e-03
9.000000000000000000e+00 9.500000000000000000e+01 3.600000000000000000e+01 0.000000000000000000e+00 1.600000000000000089e+00 -7.037999999999999985e-03 -2.049099999999999880e-02 9.997650000000000148e-01 9.970329999999999471e-01 7.649999999999999856e-02 8.586999999999999147e-03 -7.665800000000000392e-02 9.968590000000000506e-01 1.989199999999999996e-02
1.400000000000000000e+01 9.500000000000000000e+01 3.600000000000000000e+01 0.000000000000000000e+00 1.600000000000000089e+00 -3.451000000000000074e-03 1.313100000000000031e-02 9.999080000000000190e-01 9.969869999999999566e-01 7.753000000000000169e-02 2.422999999999999807e-03 -7.749100000000000432e-02 9.969029999999999836e-01 -1.335899999999999935e-02
1.700000000000000000e+01 9.500000000000000000e+01 3.600000000000000000e+01 0.000000000000000000e+00 1.600000000000000089e+00 -6.015000000000000381e-03 1.370999999999999996e-02 9.998879999999999990e-01 9.973990000000000355e-01 7.190699999999999870e-02 5.014000000000000228e-03 -7.183000000000000496e-02 9.973170000000000091e-01 -1.410699999999999975e-02
2.200000000000000000e+01 9.500000000000000000e+01 3.600000000000000000e+01 0.000000000000000000e+00 1.600000000000000089e+00 -7.287000000000000074e-03 -9.050000000000000752e-03 9.999320000000000430e-01 9.975629999999999775e-01 6.932399999999999674e-02 7.896999999999999506e-03 -6.938999999999999335e-02 9.975530000000000230e-01 8.522999999999999327e-03
3.000000000000000000e+00 2.900000000000000000e+01 4.400000000000000000e+01 0.000000000000000000e+00 1.600000000000000089e+00 -3.519999999999999908e-04 3.207999999999999914e-03 -9.999949999999999672e-01 6.620949999999999891e-01 7.494169999999999998e-01 2.171000000000000187e-03 7.494199999999999751e-01 -6.620909999999999851e-01 -2.386999999999999799e-03
8.000000000000000000e+00 2.900000000000000000e+01 4.400000000000000000e+01 0.000000000000000000e+00 1.600000000000000089e+00 -5.559999999999999621e-04 4.040000000000000188e-03 -9.999919999999999920e-01 6.706999999999999629e-01 7.417240000000000499e-01 2.624000000000000030e-03 7.417280000000000539e-01 -6.706929999999999836e-01 -3.122000000000000209e-03
1.600000000000000000e+01 2.900000000000000000e+01 4.400000000000000000e+01 0.000000000000000000e+00 1.600000000000000089e+00 -2.550000000000000183e-04 -1.051000000000000068e-03 -9.999989999999999712e-01 6.714210000000000456e-01 7.410750000000000393e-01 -9.499999999999999981e-04 7.410759999999999570e-01 -6.714210000000000456e-01 5.169999999999999899e-04
2.000000000000000000e+01 2.900000000000000000e+01 4.400000000000000000e+01 0.000000000000000000e+00 1.600000000000000089e+00 2.671000000000000197e-03 3.180999999999999800e-03 -9.999909999999999632e-01 6.696389999999999842e-01 7.426749999999999741e-01 4.151000000000000176e-03 7.426819999999999533e-01 -6.696440000000000170e-01 -1.459999999999999981e-04
3.000000000000000000e+01 2.900000000000000000e+01 4.400000000000000000e+01 0.000000000000000000e+00 1.600000000000000089e+00 -7.179999999999999967e-04 -2.882000000000000013e-03 -9.999959999999999960e-01 6.599040000000000461e-01 7.513450000000000406e-01 -2.638999999999999853e-03 7.513490000000000446e-01 -6.599030000000000173e-01 1.361999999999999929e-03
2.000000000000000000e+00 5.000000000000000000e+00 5.100000000000000000e+01 0.000000000000000000e+00 1.600000000000000089e+00 2.220999999999999884e-03 8.779999999999999827e-04 -9.999970000000000248e-01 4.945149999999999824e-01 -8.691689999999999694e-01 3.350000000000000113e-04 -8.691659999999999942e-01 -4.945140000000000091e-01 -2.364999999999999915e-03
6.000000000000000000e+00 5.000000000000000000e+00 5.100000000000000000e+01 0.000000000000000000e+00 1.600000000000000089e+00 -1.482999999999999943e-03 3.102999999999999856e-03 -9.999940000000000495e-01 4.961490000000000067e-01 -8.682299999999999462e-01 -3.429999999999999889e-03 -8.682360000000000078e-01 -4.961510000000000087e-01 -2.519999999999999996e-04
1.800000000000000000e+01 5.000000000000000000e+00 5.100000000000000000e+01 0.000000000000000000e+00 1.600000000000000089e+00 3.248000000000000019e-03 1.325999999999999922e-03 -9.999940000000000495e-01 4.890470000000000095e-01 -8.722569999999999490e-01 4.319999999999999838e-04 -8.722509999999999986e-01 -4.890459999999999807e-01 -3.481999999999999852e-03
2.200000000000000000e+01 5.000000000000000000e+00 5.100000000000000000e+01 0.000000000000000000e+00 1.600000000000000089e+00 9.539999999999999869e-04 -8.640999999999999376e-03 -9.999620000000000175e-01 4.884560000000000013e-01 -8.725519999999999943e-01 8.005999999999999228e-03 -8.725880000000000303e-01 -4.884450000000000180e-01 3.387999999999999953e-03
2.500000000000000000e+01 5.000000000000000000e+00 5.100000000000000000e+01 0.000000000000000000e+00 1.600000000000000089e+00 1.716999999999999993e-03 -5.464000000000000107e-03 -9.999839999999999840e-01 4.875920000000000254e-01 -8.730529999999999680e-01 5.607000000000000005e-03 -8.730700000000000127e-01 -4.875940000000000274e-01 1.165000000000000020e-03
2.900000000000000000e+01 5.000000000000000000e+00 5.100000000000000000e+01 0.000000000000000000e+00 1.600000000000000089e+00 4.728000000000000431e-03 -3.196000000000000056e-03 -9.999839999999999840e-01 4.824709999999999832e-01 -8.758970000000000367e-01 5.080000000000000314e-03 -8.758989999999999831e-01 -4.824869999999999992e-01 -2.599000000000000182e-03
1.100000000000000000e+01 6.300000000000000000e+01 5.400000000000000000e+01 0.000000000000000000e+00 1.600000000000000089e+00 -7.129999999999999836e-04 -1.619999999999999912e-03 9.999980000000000535e-01 -3.538930000000000131e-01 9.352850000000000330e-01 1.263000000000000017e-03 -9.352859999999999507e-01 -3.538910000000000111e-01 -1.240000000000000000e-03
1.600000000000000000e+01 6.300000000000000000e+01 5.400000000000000000e+01 0.000000000000000000e+00 1.600000000000000089e+00 -6.980000000000000527e-04 -8.159999999999999936e-04 1.000000000000000000e+00 -3.520730000000000248e-01 9.359730000000000549e-01 5.180000000000000143e-04 -9.359720000000000262e-01 -3.520719999999999961e-01 -9.409999999999999962e-04
2.000000000000000000e+01 6.300000000000000000e+01 5.400000000000000000e+01 0.000000000000000000e+00 1.600000000000000089e+00 1.291000000000000047e-03 3.635999999999999909e-03 9.999930000000000208e-01 -3.490119999999999889e-01 9.371140000000000025e-01 -2.956999999999999993e-03 -9.371169999999999778e-01 -3.490059999999999829e-01 2.478999999999999867e-03
2.400000000000000000e+01 6.300000000000000000e+01 5.400000000000000000e+01 0.000000000000000000e+00 1.600000000000000089e+00 2.079999999999999872e-04 1.154000000000000078e-03 9.999989999999999712e-01 -3.533430000000000182e-01 9.354930000000000190e-01 -1.005999999999999950e-03 -9.354940000000000477e-01 -3.533430000000000182e-01 6.019999999999999961e-04
2.700000000000000000e+01 6.300000000000000000e+01 5.400000000000000000e+01 0.000000000000000000e+00 1.600000000000000089e+00 -2.010000000000000068e-04 -3.308000000000000176e-03 9.999949999999999672e-01 -3.557069999999999954e-01 9.345930000000000071e-01 3.020000000000000115e-03 -9.345970000000000111e-01 -3.557049999999999934e-01 -1.364999999999999894e-03
9.000000000000000000e+00 2.500000000000000000e+01 5.500000000000000000e+01 0.000000000000000000e+00 1.600000000000000089e+00 -9.399999999999999448e-05 3.367999999999999900e-03 -9.999940000000000495e-01 -1.218999999999999945e-02 -9.999200000000000310e-01 -3.366000000000000068e-03 -9.999259999999999815e-01 1.218999999999999945e-02 1.350000000000000017e-04
1.500000000000000000e+01 2.500000000000000000e+01 5.500000000000000000e+01 0.000000000000000000e+00 1.600000000000000089e+00 1.356000000000000000e-03 2.079999999999999818e-03 -9.999970000000000248e-01 -1.069299999999999938e-02 -9.999409999999999688e-01 -2.093999999999999941e-03 -9.999419999999999975e-01 1.069499999999999965e-02 -1.333999999999999899e-03
2.200000000000000000e+01 2.500000000000000000e+01 5.500000000000000000e+01 0.000000000000000000e+00 1.600000000000000089e+00 -6.049999999999999606e-04 1.890000000000000133e-04 -1.000000000000000000e+00 -1.219600000000000024e-02 -9.999259999999999815e-01 -1.820000000000000057e-04 -9.999249999999999527e-01 1.219600000000000024e-02 6.070000000000000092e-04
3.000000000000000000e+00 2.100000000000000000e+01 6.000000000000000000e+01 0.000000000000000000e+00 1.600000000000000089e+00 -7.144000000000000176e-03 -7.931999999999999815e-03 9.999430000000000263e-01 -9.611699999999999411e-02 9.953440000000000065e-01 7.209000000000000130e-03 -9.953440000000000065e-01 -9.606000000000000649e-02 -7.874000000000000790e-03
8.000000000000000000e+00 2.100000000000000000e+01 6.000000000000000000e+01 0.000000000000000000e+00 1.600000000000000089e+00 -9.449999999999999850e-04 -5.003999999999999768e-03 9.999869999999999592e-01 -9.676600000000000479e-02 9.952950000000000408e-01 4.889000000000000117e-03 -9.953070000000000528e-01 -9.675999999999999879e-02 -1.423999999999999919e-03
1.100000000000000000e+01 3.000000000000000000e+00 6.300000000000000000e+01 0.000000000000000000e+00 1.600000000000000089e+00 1.574000000000000095e-03 -1.039999999999999936e-04 9.999989999999999712e-01 -6.163539999999999575e-01 7.874689999999999745e-01 1.051999999999999984e-03 -7.874679999999999458e-01 -6.163549999999999862e-01 1.175000000000000046e-03
9.000000000000000000e+00 2.700000000000000000e+01 6.300000000000000000e+01 0.000000000000000000e+00 1.600000000000000089e+00 -1.809999999999999977e-03 -3.756999999999999923e-03 9.999909999999999632e-01 -2.677129999999999788e-01 9.634939999999999616e-01 3.135000000000000200e-03 -9.634970000000000478e-01 -2.677050000000000263e-01 -2.749999999999999840e-03
1.700000000000000000e+01 2.700000000000000000e+01 6.300000000000000000e+01 0.000000000000000000e+00 1.600000000000000089e+00 2.099999999999999870e-03 -5.339999999999999695e-04 9.999980000000000535e-01 -2.677749999999999853e-01 9.634810000000000318e-01 1.077000000000000049e-03 -9.634789999999999743e-01 -2.677760000000000140e-01 1.879999999999999944e-03
2.100000000000000000e+01 2.700000000000000000e+01 6.300000000000000000e+01 0.000000000000000000e+00 1.600000000000000089e+00 2.521999999999999936e-03 4.690000000000000158e-04 9.999970000000000248e-01 -2.683459999999999734e-01 9.633230000000000404e-01 2.249999999999999938e-04 -9.633190000000000364e-01 -2.683450000000000002e-01 2.556000000000000112e-03
2.600000000000000000e+01 2.700000000000000000e+01 6.300000000000000000e+01 0.000000000000000000e+00 1.600000000000000089e+00 -2.139999999999999975e-03 7.531000000000000368e-03 9.999689999999999968e-01 -2.697780000000000178e-01 9.628910000000000524e-01 -7.828999999999999154e-03 -9.629199999999999982e-01 -2.697860000000000258e-01 -2.799999999999999958e-05
5.000000000000000000e+00 2.600000000000000000e+01 6.400000000000000000e+01 0.000000000000000000e+00 1.600000000000000089e+00 -2.291000000000000068e-03 -3.235000000000000028e-03 9.999919999999999920e-01 -3.465139999999999887e-01 9.380420000000000424e-01 2.239999999999999804e-03 -9.380420000000000424e-01 -3.465059999999999807e-01 -3.269999999999999903e-03
1.000000000000000000e+01 2.600000000000000000e+01 6.400000000000000000e+01 0.000000000000000000e+00 1.600000000000000089e+00 -1.463000000000000108e-03 -2.428000000000000037e-03 9.999959999999999960e-01 -3.492390000000000216e-01 9.370319999999999760e-01 1.763999999999999943e-03 -9.370330000000000048e-01 -3.492350000000000176e-01 -2.219000000000000052e-03
1.700000000000000000e+01 2.600000000000000000e+01 6.400000000000000000e+01 0.000000000000000000e+00 1.600000000000000089e+00 1.915999999999999951e-03 3.330000000000000169e-04 9.999980000000000535e-01 -3.497810000000000086e-01 9.368309999999999693e-01 3.579999999999999741e-04 -9.368290000000000228e-01 -3.497810000000000086e-01 1.912000000000000071e-03
2.200000000000000000e+01 2.600000000000000000e+01 6.400000000000000000e+01 0.000000000000000000e+00 1.600000000000000089e+00 1.582999999999999989e-03 1.340999999999999961e-03 9.999980000000000535e-01 -3.493479999999999919e-01 9.369929999999999648e-01 -7.039999999999999817e-04 -9.369920000000000471e-01 -3.493459999999999899e-01 1.951999999999999959e-03
2.500000000000000000e+01 2.600000000000000000e+01 6.400000000000000000e+01 0.000000000000000000e+00 1.600000000000000089e+00 -1.580000000000000024e-03 5.664999999999999897e-03 9.999829999999999552e-01 -3.518370000000000108e-01 9.360429999999999584e-01 -5.858000000000000360e-03 -9.360600000000000032e-01 -3.518410000000000148e-01 5.140000000000000254e-04
3.000000000000000000e+00 2.500000000000000000e+01 7.300000000000000000e+01 0.000000000000000000e+00 1.600000000000000089e+00 -3.118999999999999898e-02 -2.646400000000000141e-02 9.991630000000000233e-01 7.538709999999999578e-01 -6.569939999999999669e-01 6.132000000000000298e-03 6.562820000000000320e-01 7.534309999999999619e-01 4.044199999999999878e-02
1.100000000000000000e+01 2.500000000000000000e+01 7.300000000000000000e+01 0.000000000000000000e+00 1.600000000000000089e+00 5.779999999999999548e-04 -6.310000000000000504e-04 1.000000000000000000e+00 7.476120000000000543e-01 -6.641350000000000309e-01 -8.509999999999999769e-04 6.641350000000000309e-01 7.476129999999999720e-01 8.799999999999999771e-05
1.400000000000000000e+01 2.500000000000000000e+01 7.300000000000000000e+01 0.000000000000000000e+00 1.600000000000000089e+00 -1.657999999999999969e-03 -1.915000000000000036e-03 9.999970000000000248e-01 7.490909999999999513e-01 -6.624670000000000281e-01 -2.699999999999999899e-05 6.624649999999999705e-01 7.490890000000000049e-01 2.533000000000000095e-03
1.900000000000000000e+01 2.500000000000000000e+01 7.300000000000000000e+01 0.000000000000000000e+00 1.600000000000000089e+00 1.008999999999999914e-03 3.390000000000000001e-04 1.000000000000000000e+00 7.422159999999999869e-01 -6.701599999999999779e-01 -5.220000000000000031e-04 6.701599999999999779e-01 7.422159999999999869e-01 -9.280000000000000054e-04
2.600000000000000000e+01 2.500000000000000000e+01 7.300000000000000000e+01 0.000000000000000000e+00 1.600000000000000089e+00 -1.451000000000000033e-03 3.040000000000000167e-04 9.999989999999999712e-01 7.442790000000000239e-01 -6.678669999999999884e-01 1.283000000000000069e-03 6.678669999999999884e-01 7.442800000000000527e-01 7.429999999999999539e-04
4.000000000000000000e+00 4.400000000000000000e+01 7.300000000000000000e+01 0.000000000000000000e+00 1.600000000000000089e+00 -2.351999999999999924e-03 -5.238999999999999733e-03 9.999839999999999840e-01 4.653000000000000191e-02 -9.989040000000000141e-01 -5.124000000000000082e-03 9.989139999999999686e-01 4.651700000000000279e-02 2.592999999999999819e-03
1.000000000000000000e+01 4.400000000000000000e+01 7.300000000000000000e+01 0.000000000000000000e+00 1.600000000000000089e+00 -2.541999999999999989e-03 -9.870000000000000301e-04 9.999959999999999960e-01 4.567899999999999738e-02 -9.989559999999999551e-01 -8.700000000000000051e-04 9.989529999999999799e-01 4.567700000000000232e-02 2.585000000000000058e-03
