4.000000000000000000e+00 2.500000000000000000e+01 1.000000000000000000e+00 0.000000000000000000e+00 1.600000000000000089e+00 8.944000000000000561e-03 2.613400000000000098e-02 -9.996180000000000065e-01 -5.158530000000000060e-01 -8.562520000000000131e-01 -2.700100000000000069e-02 -8.566310000000000313e-01 5.158970000000000500e-01 5.823000000000000051e-03
1.700000000000000000e+01 2.500000000000000000e+01 1.000000000000000000e+00 0.000000000000000000e+00 1.600000000000000089e+00 -2.150000000000000001e-03 -7.908000000000000099e-03 -9.999660000000000215e-01 -5.211740000000000261e-01 -8.534140000000000059e-01 7.868999999999999259e-03 -8.534469999999999557e-01 5.211740000000000261e-01 -2.286999999999999970e-03
1.400000000000000000e+01 1.800000000000000000e+01 3.000000000000000000e+00 0.000000000000000000e+00 1.600000000000000089e+00 9.282999999999999585e-03 7.988000000000000309e-03 -9.999249999999999527e-01 -7.769580000000000375e-01 -6.294330000000000203e-01 -1.224100000000000014e-02 -6.294840000000000435e-01 7.770129999999999537e-01 3.629999999999999872e-04
1.800000000000000000e+01 2.100000000000000000e+01 4.000000000000000000e+00 0.000000000000000000e+00 1.600000000000000089e+00 -1.046000000000000055e-03 -3.350000000000000113e-04 -9.999989999999999712e-01 -6.566290000000000182e-01 -7.542130000000000223e-01 9.389999999999999476e-04 -7.542130000000000223e-01 6.566290000000000182e-01 5.689999999999999529e-04
2.100000000000000000e+01 2.100000000000000000e+01 4.000000000000000000e+00 0.000000000000000000e+00 1.600000000000000089e+00 -2.005999999999999971e-03 2.776999999999999955e-03 -9.999940000000000495e-01 -6.573539999999999939e-01 -7.535809999999999453e-01 -7.739999999999999485e-04 -7.535789999999999988e-01 6.573489999999999611e-01 3.337000000000000122e-03
1.700000000000000000e+01 1.010000000000000000e+02 7.000000000000000000e+00 0.000000000000000000e+00 1.600000000000000089e+00 6.459000000000000331e-03 2.935000000000000109e-02 9.995479999999999920e-01 8.854030000000000511e-01 4.644220000000000015e-01 -1.935900000000000121e-02 -4.647800000000000264e-01 8.851280000000000259e-01 -2.298700000000000049e-02
2.500000000000000000e+01 1.010000000000000000e+02 7.000000000000000000e+00 0.000000000000000000e+00 1.600000000000000089e+00 -9.110000000000000259e-04 1.291999999999999963e-03 9.999989999999999712e-01 8.904029999999999445e-01 4.551740000000000230e-01 2.229999999999999994e-04 -4.551729999999999943e-01 8.904020000000000268e-01 -1.564999999999999985e-03
2.000000000000000000e+00 2.500000000000000000e+01 8.000000000000000000e+00 0.000000000000000000e+00 1.600000000000000089e+00 -2.723999999999999859e-03 2.645000000000000216e-03 -9.999930000000000208e-01 4.378279999999999950e-01 8.990580000000000238e-01 1.185000000000000072e-03 8.990550000000000486e-01 -4.378219999999999890e-01 -3.608000000000000096e-03
6.000000000000000000e+00 2.500000000000000000e+01 8.000000000000000000e+00 0.000000000000000000e+00 1.600000000000000089e+00 -5.864000000000000289e-03 1.335500000000000055e-02 -9.998939999999999495e-01 4.388679999999999803e-01 8.985020000000000229e-01 9.426999999999999616e-03 8.985319999999999974e-01 -4.387659999999999894e-01 -1.112999999999999927e-02
1.100000000000000000e+01 2.500000000000000000e+01 8.000000000000000000e+00 0.000000000000000000e+00 1.600000000000000089e+00 3.916000000000000210e-03 -2.024099999999999858e-02 -9.997869999999999813e-01 4.417460000000000275e-01 8.969899999999999540e-01 -1.643000000000000016e-02 8.971320000000000405e-01 -4.415870000000000073e-01 1.245399999999999979e-02
1.500000000000000000e+01 2.500000000000000000e+01 8.000000000000000000e+00 0.000000000000000000e+00 1.600000000000000089e+00 1.610000000000000103e-03 -2.084799999999999848e-02 -9.997810000000000308e-01 4.407059999999999866e-01 8.974710000000000187e-01 -1.800500000000000017e-02 8.976499999999999480e-01 -4.405800000000000272e-01 1.063300000000000009e-02
2.500000000000000000e+01 2.500000000000000000e+01 8.000000000000000000e+00 0.000000000000000000e+00 1.600000000000000089e+00 6.000000000000000152e-06 1.781900000000000150e-02 -9.998409999999999798e-01 4.421800000000000175e-01 8.967840000000000256e-01 1.598499999999999921e-02 8.969260000000000010e-01 -4.421100000000000030e-01 -7.874000000000000790e-03
3.000000000000000000e+01 2.500000000000000000e+01 8.000000000000000000e+00 0.000000000000000000e+00 1.600000000000000089e+00 -1.471000000000000085e-03 1.658899999999999958e-02 -9.998609999999999998e-01 4.422690000000000232e-01 8.967699999999999561e-01 1.422799999999999933e-02 8.968810000000000393e-01 -4.421869999999999967e-01 -8.656000000000000499e-03
3.000000000000000000e+00 2.400000000000000000e+01 9.000000000000000000e+00 0.000000000000000000e+00 1.600000000000000089e+00 -1.827000000000000065e-03 -4.000000000000000192e-04 -9.999980000000000535e-01 4.448289999999999744e-01 8.956150000000000500e-01 -1.170999999999999949e-03 8.956129999999999924e-01 -4.448309999999999764e-01 -1.458000000000000095e-03
6.000000000000000000e+00 2.400000000000000000e+01 9.000000000000000000e+00 0.000000000000000000e+00 1.600000000000000089e+00 -3.370000000000000166e-03 3.158999999999999916e-03 -9.999890000000000168e-01 4.444620000000000237e-01 8.957969999999999544e-01 1.332000000000000068e-03 8.957910000000000039e-01 -4.444529999999999870e-01 -4.422999999999999848e-03
1.000000000000000000e+01 2.400000000000000000e+01 9.000000000000000000e+00 0.000000000000000000e+00 1.600000000000000089e+00 1.195000000000000099e-03 -4.860999999999999870e-03 -9.999869999999999592e-01 4.448799999999999977e-01 8.955819999999999892e-01 -3.821999999999999877e-03 8.955889999999999684e-01 -4.448699999999999877e-01 3.233000000000000197e-03
1.600000000000000000e+01 2.400000000000000000e+01 9.000000000000000000e+00 0.000000000000000000e+00 1.600000000000000089e+00 7.190000000000000210e-04 -1.375799999999999940e-02 -9.999050000000000438e-01 4.459420000000000051e-01 8.949810000000000265e-01 -1.199300000000000019e-02 8.950620000000000243e-01 -4.458909999999999818e-01 6.779000000000000303e-03
2.300000000000000000e+01 2.400000000000000000e+01 9.000000000000000000e+00 0.000000000000000000e+00 1.600000000000000089e+00 2.154000000000000099e-03 7.483000000000000068e-03 -9.999700000000000255e-01 4.497780000000000111e-01 8.931080000000000130e-01 7.651999999999999948e-03 8.931379999999999875e-01 -4.497809999999999864e-01 -1.441999999999999922e-03
2.700000000000000000e+01 2.400000000000000000e+01 9.000000000000000000e+00 0.000000000000000000e+00 1.600000000000000089e+00 -2.536000000000000060e-03 2.349599999999999952e-02 -9.997209999999999708e-01 4.485850000000000115e-01 8.935199999999999809e-01 1.986299999999999871e-02 8.937370000000000037e-01 -4.484090000000000020e-01 -1.280599999999999968e-02
2.300000000000000000e+01 3.500000000000000000e+01 1.200000000000000000e+01 0.000000000000000000e+00 1.600000000000000089e+00 1.520000000000000084e-04 -1.106999999999999911e-03 -9.999989999999999712e-01 4.042959999999999887e-01 -9.146269999999999678e-01 1.074000000000000085e-03 -9.146279999999999966e-01 -4.042959999999999887e-01 3.080000000000000055e-04
2.900000000000000000e+01 3.500000000000000000e+01 1.200000000000000000e+01 0.000000000000000000e+00 1.600000000000000089e+00 3.353000000000000078e-03 5.342000000000000394e-03 -9.999799999999999800e-01 3.964260000000000006e-01 -9.180599999999999872e-01 -3.576000000000000185e-03 -9.180599999999999872e-01 -3.964070000000000094e-01 -5.196000000000000098e-03
5.000000000000000000e+00 3.200000000000000000e+01 1.300000000000000000e+01 0.000000000000000000e+00 1.600000000000000089e+00 1.814999999999999947e-02 1.151129999999999931e-01 9.931870000000000420e-01 1.518999999999999951e-03 9.933459999999999512e-01 -1.151599999999999985e-01 -9.998340000000000005e-01 3.599000000000000202e-03 1.785499999999999934e-02
1.000000000000000000e+00 1.200000000000000000e+01 1.600000000000000000e+01 0.000000000000000000e+00 1.600000000000000089e+00 -9.223000000000000295e-03 6.936299999999999411e-02 9.975490000000000190e-01 2.343050000000000133e-01 -9.696690000000000031e-01 6.959100000000000008e-02 9.721189999999999554e-01 2.343719999999999970e-01 -7.309000000000000392e-03
8.000000000000000000e+00 1.300000000000000000e+01 1.600000000000000000e+01 0.000000000000000000e+00 1.600000000000000089e+00 -3.246000000000000187e-03 7.279900000000000260e-02 9.973410000000000331e-01 1.560570000000000013e-01 -9.850900000000000212e-01 7.241300000000000514e-02 9.877430000000000376e-01 1.558769999999999878e-01 -8.163000000000000117e-03
1.300000000000000000e+01 1.300000000000000000e+01 1.600000000000000000e+01 0.000000000000000000e+00 1.600000000000000089e+00 7.470000000000000511e-04 5.346599999999999964e-02 9.985690000000000399e-01 1.223329999999999973e-01 -9.910740000000000105e-01 5.297299999999999925e-02 9.924889999999999546e-01 1.221190000000000053e-01 -7.281000000000000145e-03
1.700000000000000000e+01 1.300000000000000000e+01 1.600000000000000000e+01 0.000000000000000000e+00 1.600000000000000089e+00 9.200000000000000278e-04 3.732900000000000107e-02 9.993030000000000523e-01 1.115619999999999945e-01 -9.930689999999999795e-01 3.699299999999999811e-02 9.937570000000000014e-01 1.114509999999999945e-01 -5.078000000000000048e-03
4.000000000000000000e+00 4.800000000000000000e+01 1.600000000000000000e+01 0.000000000000000000e+00 1.600000000000000089e+00 -3.098899999999999988e-01 -8.245099999999999651e-01 -4.734459999999999780e-01 9.491709999999999869e-01 -2.393969999999999987e-01 -2.043609999999999871e-01 5.515599999999999670e-02 -5.127099999999999991e-01 8.567879999999999940e-01
7.000000000000000000e+00 2.000000000000000000e+00 1.900000000000000000e+01 0.000000000000000000e+00 1.600000000000000089e+00 -9.409999999999999962e-03 3.886699999999999877e-02 -9.991999999999999771e-01 3.151280000000000192e-01 -9.482120000000000548e-01 -3.985099999999999754e-02 -9.490030000000000410e-01 -3.152510000000000034e-01 -3.325999999999999963e-03
1.900000000000000000e+01 2.000000000000000000e+00 1.900000000000000000e+01 0.000000000000000000e+00 1.600000000000000089e+00 -5.140999999999999737e-03 5.772000000000000221e-03 -9.999700000000000255e-01 2.841779999999999862e-01 -9.587459999999999871e-01 -6.995000000000000349e-03 -9.587579999999999991e-01 -2.842060000000000142e-01 3.288999999999999823e-03
2.900000000000000000e+01 2.000000000000000000e+00 1.900000000000000000e+01 0.000000000000000000e+00 1.600000000000000089e+00 3.134000000000000067e-03 -6.115999999999999909e-03 -9.999759999999999760e-01 2.854090000000000238e-01 -9.583819999999999562e-01 6.755999999999999853e-03 -9.584009999999999474e-01 -2.854240000000000110e-01 -1.258000000000000004e-03
3.000000000000000000e+00 3.000000000000000000e+00 1.900000000000000000e+01 0.000000000000000000e+00 1.600000000000000089e+00 -1.196599999999999921e-02 4.367299999999999655e-02 -9.989740000000000286e-01 3.314059999999999784e-01 -9.424059999999999659e-01 -4.517000000000000182e-02 -9.434120000000000283e-01 -3.316060000000000119e-01 -3.197000000000000189e-03
6.000000000000000000e+00 3.000000000000000000e+00 1.900000000000000000e+01 0.000000000000000000e+00 1.600000000000000089e+00 -1.037000000000000074e-02 3.916800000000000143e-02 -9.991790000000000393e-01 3.274630000000000041e-01 -9.439999999999999503e-01 -4.040300000000000141e-02 -9.448069999999999524e-01 -3.276129999999999876e-01 -3.037000000000000203e-03
1.100000000000000000e+01 3.000000000000000000e+00 1.900000000000000000e+01 0.000000000000000000e+00 1.600000000000000089e+00 -7.512999999999999713e-03 2.442300000000000026e-02 -9.996730000000000338e-01 3.205359999999999876e-01 -9.468919999999999559e-01 -2.554299999999999973e-02 -9.472070000000000212e-01 -3.206229999999999913e-01 -7.150000000000000322e-04
1.400000000000000000e+01 3.000000000000000000e+00 1.900000000000000000e+01 0.000000000000000000e+00 1.600000000000000089e+00 -4.322999999999999586e-03 1.999899999999999942e-02 -9.997909999999999853e-01 3.133360000000000034e-01 -9.494240000000000457e-01 -2.034599999999999950e-02 -9.496329999999999494e-01 -3.133580000000000254e-01 -2.161999999999999859e-03
2.400000000000000000e+01 3.000000000000000000e+00 1.900000000000000000e+01 0.000000000000000000e+00 1.600000000000000089e+00 -6.700000000000000226e-05 5.299999999999999807e-04 -1.000000000000000000e+00 3.036880000000000135e-01 -9.527710000000000345e-01 -5.249999999999999676e-04 -9.527710000000000345e-01 -3.036880000000000135e-01 -9.699999999999999963e-05
3.000000000000000000e+00 4.000000000000000000e+00 2.000000000000000000e+01 0.000000000000000000e+00 1.600000000000000089e+00 -9.622000000000000344e-03 4.102100000000000191e-02 -9.991120000000000001e-01 4.105429999999999913e-01 -9.109030000000000182e-01 -4.135300000000000087e-02 -9.117910000000000181e-01 -4.105759999999999965e-01 -8.075999999999999845e-03
1.200000000000000000e+01 4.000000000000000000e+00 2.000000000000000000e+01 0.000000000000000000e+00 1.600000000000000089e+00 -6.164000000000000208e-03 2.223199999999999829e-02 -9.997340000000000115e-01 4.255860000000000198e-01 -9.046319999999999917e-01 -2.274100000000000080e-02 -9.048969999999999514e-01 -4.256130000000000191e-01 -3.886000000000000131e-03
1.500000000000000000e+01 4.000000000000000000e+00 2.000000000000000000e+01 0.000000000000000000e+00 1.600000000000000089e+00 -4.532999999999999703e-03 1.821499999999999855e-02 -9.998240000000000460e-01 4.246059999999999834e-01 -9.051909999999999679e-01 -1.841599999999999834e-02 -9.053670000000000329e-01 -4.246150000000000202e-01 -3.631000000000000113e-03
2.400000000000000000e+01 4.000000000000000000e+00 2.000000000000000000e+01 0.000000000000000000e+00 1.600000000000000089e+00 6.419999999999999925e-04 2.566999999999999837e-03 -9.999970000000000248e-01 4.279399999999999871e-01 -9.038049999999999695e-01 -2.044999999999999943e-03 -9.038070000000000270e-01 -4.279370000000000118e-01 -1.678000000000000021e-03
2.700000000000000000e+01 4.000000000000000000e+00 2.000000000000000000e+01 0.000000000000000000e+00 1.600000000000000089e+00 2.467000000000000009e-03 -3.772000000000000179e-03 -9.999900000000000455e-01 4.281280000000000086e-01 -9.037070000000000380e-01 4.465000000000000219e-03 -9.037150000000000460e-01 -4.281349999999999878e-01 -6.149999999999999868e-04
6.000000000000000000e+00 1.300000000000000000e+01 2.000000000000000000e+01 0.000000000000000000e+00 1.600000000000000089e+00 -2.527999999999999865e-03 -4.211999999999999598e-03 9.999879999999999880e-01 2.827810000000000046e-01 9.591730000000000533e-01 4.754999999999999678e-03 -9.591809999999999503e-01 2.827899999999999858e-01 -1.234000000000000071e-03
1.000000000000000000e+01 1.300000000000000000e+01 2.000000000000000000e+01 0.000000000000000000e+00 1.600000000000000089e+00 -1.645999999999999894e-03 -4.290000000000000410e-03 9.999890000000000168e-01 2.953200000000000269e-01 9.553869999999999862e-01 4.584999999999999666e-03 -9.553970000000000518e-01 2.953250000000000042e-01 -3.049999999999999868e-04
1.400000000000000000e+01 1.300000000000000000e+01 2.000000000000000000e+01 0.000000000000000000e+00 1.600000000000000089e+00 -9.820000000000000170e-04 2.134000000000000046e-03 9.999970000000000248e-01 3.042610000000000037e-01 9.525869999999999616e-01 -1.734000000000000081e-03 -9.525879999999999903e-01 3.042579999999999729e-01 -1.585000000000000037e-03
2.300000000000000000e+01 1.300000000000000000e+01 2.000000000000000000e+01 0.000000000000000000e+00 1.600000000000000089e+00 -5.469999999999999602e-04 1.389000000000000044e-03 9.999989999999999712e-01 3.126900000000000235e-01 9.498539999999999761e-01 -1.149000000000000065e-03 -9.498550000000000049e-01 3.126889999999999947e-01 -9.539999999999999869e-04
3.000000000000000000e+01 1.300000000000000000e+01 2.000000000000000000e+01 0.000000000000000000e+00 1.600000000000000089e+00 6.599999999999999964e-04 7.117000000000000062e-03 9.999740000000000295e-01 3.108420000000000072e-01 9.504359999999999475e-01 -6.969999999999999633e-03 -9.504610000000000003e-01 3.108380000000000032e-01 -1.585000000000000037e-03
1.800000000000000000e+01 1.400000000000000000e+01 2.000000000000000000e+01 0.000000000000000000e+00 1.600000000000000089e+00 2.300000000000000002e-05 1.703000000000000087e-03 9.999989999999999712e-01 2.671819999999999751e-01 9.636449999999999738e-01 -1.647000000000000026e-03 -9.636460000000000026e-01 2.671819999999999751e-01 -4.330000000000000081e-04
1.800000000000000000e+01 1.600000000000000000e+01 2.100000000000000000e+01 0.000000000000000000e+00 1.600000000000000089e+00 4.910000000000000085e-04 7.257000000000000429e-03 9.999740000000000295e-01 3.035459999999999825e-01 9.527910000000000545e-01 -7.063999999999999967e-03 -9.528170000000000250e-01 3.035410000000000053e-01 -1.734999999999999997e-03
2.300000000000000000e+01 1.600000000000000000e+01 2.100000000000000000e+01 0.000000000000000000e+00 1.600000000000000089e+00 -1.115000000000000106e-03 1.740000000000000010e-04 9.999989999999999712e-01 3.043219999999999814e-01 9.525689999999999991e-01 1.740000000000000010e-04 -9.525689999999999991e-01 3.043219999999999814e-01 -1.115000000000000106e-03
8.000000000000000000e+00 4.200000000000000000e+01 2.300000000000000000e+01 0.000000000000000000e+00 1.600000000000000089e+00 -9.789139999999999509e-01 -1.821450000000000014e-01 9.246699999999999364e-02 -1.495730000000000115e-01 9.474390000000000311e-01 2.828209999999999891e-01 -1.391209999999999947e-01 2.630270000000000108e-01 -9.547050000000000258e-01
2.700000000000000000e+01 1.000000000000000000e+00 2.500000000000000000e+01 0.000000000000000000e+00 1.600000000000000089e+00 4.220000000000000118e-04 -1.131000000000000061e-03 9.999989999999999712e-01 -4.455200000000000132e-02 -9.990059999999999496e-01 -1.111000000000000008e-03 9.990069999999999784e-01 -4.455100000000000032e-02 -4.719999999999999803e-04
1.000000000000000000e+00 3.000000000000000000e+00 2.500000000000000000e+01 0.000000000000000000e+00 1.600000000000000089e+00 -6.069999999999999875e-03 3.482099999999999779e-02 9.993750000000000133e-01 1.795799999999999827e-02 -9.992290000000000338e-01 3.492499999999999771e-02 9.998200000000000420e-01 1.815900000000000153e-02 5.440000000000000391e-03
1.000000000000000000e+01 3.000000000000000000e+00 2.500000000000000000e+01 0.000000000000000000e+00 1.600000000000000089e+00 -6.190000000000000190e-03 2.615900000000000170e-02 9.996390000000000553e-01 -1.188400000000000047e-02 -9.995889999999999498e-01 2.608399999999999955e-02 9.999099999999999655e-01 -1.171900000000000025e-02 6.498000000000000304e-03
1.700000000000000000e+01 4.200000000000000000e+01 2.500000000000000000e+01 0.000000000000000000e+00 1.600000000000000089e+00 1.359800000000000071e-02 -6.688220000000000276e-01 7.432980000000000143e-01 -4.466129999999999822e-01 6.610329999999999817e-01 6.029689999999999772e-01 -8.946239999999999748e-01 -3.401660000000000239e-01 -2.897159999999999735e-01
2.300000000000000000e+01 4.600000000000000000e+01 2.700000000000000000e+01 0.000000000000000000e+00 1.600000000000000089e+00 -3.416000000000000199e-03 8.599999999999999789e-04 -9.999940000000000495e-01 6.811819999999999542e-01 7.321119999999999850e-01 -1.696999999999999941e-03 7.321060000000000345e-01 -6.811840000000000117e-01 -3.086999999999999900e-03
1.800000000000000000e+01 3.900000000000000000e+01 2.900000000000000000e+01 0.000000000000000000e+00 1.600000000000000089e+00 -1.621680000000000066e-01 -9.313320000000000487e-01 3.260700000000000265e-01 5.397769999999999513e-01 -3.603469999999999729e-01 -7.607829999999999870e-01 8.260399999999999965e-01 5.263000000000000317e-02 5.611490000000000089e-01
2.700000000000000000e+01 4.600000000000000000e+01 3.000000000000000000e+01 0.000000000000000000e+00 1.600000000000000089e+00 1.330000000000000073e-04 9.470000000000000336e-04 -1.000000000000000000e+00 3.267070000000000252e-01 9.451249999999999929e-01 9.380000000000000317e-04 9.451260000000000217e-01 -3.267070000000000252e-01 -1.830000000000000029e-04
4.000000000000000000e+00 5.800000000000000000e+01 3.100000000000000000e+01 0.000000000000000000e+00 1.600000000000000089e+00 -6.642999999999999600e-03 1.379000000000000017e-03 9.999770000000000048e-01 -7.944560000000000510e-01 -6.073049999999999837e-01 -4.440000000000000370e-03 6.072849999999999637e-01 -7.944670000000000343e-01 5.130000000000000011e-03
1.200000000000000000e+01 5.800000000000000000e+01 3.100000000000000000e+01 0.000000000000000000e+00 1.600000000000000089e+00 7.190000000000000210e-03 8.887000000000000802e-03 9.999350000000000183e-01 -7.970709999999999740e-01 -6.037839999999999874e-01 1.109800000000000023e-02 6.038430000000000186e-01 -7.970979999999999732e-01 2.743000000000000212e-03
1.900000000000000000e+01 5.800000000000000000e+01 3.100000000000000000e+01 0.000000000000000000e+00 1.600000000000000089e+00 5.689999999999999529e-04 8.505999999999999672e-03 9.999639999999999640e-01 -8.015510000000000135e-01 -5.979010000000000158e-01 5.542000000000000051e-03 5.979259999999999575e-01 -8.015250000000000430e-01 6.478000000000000251e-03
2.200000000000000000e+01 5.800000000000000000e+01 3.100000000000000000e+01 0.000000000000000000e+00 1.600000000000000089e+00 -8.199999999999999824e-04 -4.399999999999999886e-05 1.000000000000000000e+00 -8.001160000000000494e-01 -5.998449999999999616e-01 -6.830000000000000134e-04 5.998449999999999616e-01 -8.001160000000000494e-01 4.569999999999999952e-04
2.900000000000000000e+01 5.800000000000000000e+01 3.100000000000000000e+01 0.000000000000000000e+00 1.600000000000000089e+00 9.020000000000000240e-04 -4.299999999999999894e-04 1.000000000000000000e+00 -7.991549999999999487e-01 -6.011239999999999917e-01 4.620000000000000083e-04 6.011239999999999917e-01 -7.991549999999999487e-01 -8.859999999999999603e-04
1.300000000000000000e+01 2.300000000000000000e+01 3.400000000000000000e+01 0.000000000000000000e+00 1.600000000000000089e+00 7.269999999999999987e-04 8.680000000000000215e-03 9.999620000000000175e-01 3.968670000000000253e-01 -9.178439999999999932e-01 7.677999999999999929e-03 9.178760000000000252e-01 3.968470000000000053e-01 -4.112000000000000204e-03
1.700000000000000000e+01 2.300000000000000000e+01 3.400000000000000000e+01 0.000000000000000000e+00 1.600000000000000089e+00 3.575000000000000053e-03 2.031999999999999952e-03 9.999919999999999920e-01 3.981169999999999987e-01 -9.173339999999999828e-01 4.409999999999999858e-04 9.173280000000000323e-01 3.981120000000000214e-01 -4.087999999999999620e-03
1.900000000000000000e+01 4.600000000000000000e+01 3.500000000000000000e+01 0.000000000000000000e+00 1.600000000000000089e+00 -6.413000000000000297e-03 -1.596069999999999989e-01 -9.871600000000000374e-01 3.834890000000000243e-01 -9.120949999999999891e-01 1.449789999999999968e-01 -9.235229999999999828e-01 -3.776349999999999985e-01 6.705600000000000449e-02
2.400000000000000000e+01 4.600000000000000000e+01 3.500000000000000000e+01 0.000000000000000000e+00 1.600000000000000089e+00 3.719999999999999891e-04 5.841999999999999971e-03 -9.999829999999999552e-01 3.908030000000000115e-01 -9.204590000000000272e-01 -5.231999999999999672e-03 -9.204740000000000144e-01 -3.907950000000000035e-01 -2.625000000000000163e-03
2.800000000000000000e+01 4.600000000000000000e+01 3.500000000000000000e+01 0.000000000000000000e+00 1.600000000000000089e+00 -1.673999999999999924e-03 9.383999999999999980e-03 -9.999550000000000383e-01 3.910370000000000235e-01 -9.203280000000000349e-01 -9.291999999999999912e-03 -9.203729999999999967e-01 -3.910350000000000215e-01 -2.128999999999999816e-03
5.000000000000000000e+00 5.000000000000000000e+01 3.600000000000000000e+01 0.000000000000000000e+00 1.600000000000000089e+00 -1.286099999999999917e-02 -1.322560000000000124e-01 -9.911320000000000130e-01 1.782680000000000098e-01 -9.756380000000000052e-01 1.278749999999999887e-01 -9.838980000000000503e-01 -1.750420000000000031e-01 3.612499999999999739e-02
1.300000000000000000e+01 9.500000000000000000e+01 3.600000000000000000e+01 0.000000000000000000e+00 1.600000000000000089e+00 -2.286999999999999970e-03 -4.595599999999999685e-02 9.989409999999999679e-01 9.984380000000000477e-01 5.565599999999999714e-02 4.845999999999999613e-03 -5.581900000000000056e-02 9.973919999999999453e-01 4.575699999999999906e-02
8.000000000000000000e+00 3.100000000000000000e+01 3.700000000000000000e+01 0.000000000000000000e+00 1.600000000000000089e+00 1.760740000000000083e-01 -9.747120000000000228e-01 -1.376020000000000021e-01 6.616199999999999859e-01 2.206849999999999923e-01 -7.166289999999999605e-01 7.288740000000000219e-01 3.513999999999999763e-02 6.837459999999999649e-01
1.400000000000000000e+01 9.500000000000000000e+01 3.700000000000000000e+01 0.000000000000000000e+00 1.600000000000000089e+00 9.759999999999999796e-04 -2.521199999999999830e-02 9.996819999999999595e-01 9.972670000000000146e-01 7.387100000000000610e-02 8.899999999999999491e-04 -7.386900000000000410e-02 9.969489999999999741e-01 2.521599999999999883e-02
7.000000000000000000e+00 2.800000000000000000e+01 4.000000000000000000e+01 0.000000000000000000e+00 1.600000000000000089e+00 -5.054100000000000259e-02 -8.632030000000000536e-01 -5.023210000000000175e-01 7.548399999999999554e-01 2.963230000000000031e-01 -5.851570000000000382e-01 6.539580000000000393e-01 -4.087470000000000270e-01 6.366039999999999477e-01
5.000000000000000000e+00 2.400000000000000000e+01 4.100000000000000000e+01 0.000000000000000000e+00 1.600000000000000089e+00 -2.695900000000000032e-02 -5.373980000000000423e-01 8.428980000000000361e-01 -6.952650000000000219e-01 6.159299999999999775e-01 3.704549999999999788e-01 -7.182479999999999976e-01 -5.760499999999999510e-01 -3.902390000000000025e-01
7.000000000000000000e+00 2.700000000000000000e+01 4.100000000000000000e+01 0.000000000000000000e+00 1.600000000000000089e+00 -4.551800000000000290e-02 -6.285739999999999661e-01 -7.764159999999999950e-01 7.892949999999999688e-01 4.537769999999999859e-01 -4.136429999999999829e-01 6.123250000000000082e-01 -6.316490000000000160e-01 4.754749999999999810e-01
6.000000000000000000e+00 2.600000000000000000e+01 4.200000000000000000e+01 0.000000000000000000e+00 1.600000000000000089e+00 -6.899399999999999977e-02 -4.129669999999999730e-01 -9.081289999999999640e-01 8.450860000000000039e-01 4.595620000000000260e-01 -2.731879999999999864e-01 5.301590000000000469e-01 -7.862959999999999949e-01 3.172849999999999837e-01
1.300000000000000000e+01 5.000000000000000000e+01 4.200000000000000000e+01 0.000000000000000000e+00 1.600000000000000089e+00 -3.983979999999999744e-01 8.527789999999999537e-01 -3.377069999999999794e-01 -5.363580000000000014e-01 8.206900000000000306e-02 8.399910000000000432e-01 7.440419999999999812e-01 5.157829999999999915e-01 4.246989999999999932e-01
5.000000000000000000e+00 2.500000000000000000e+01 4.300000000000000000e+01 0.000000000000000000e+00 1.600000000000000089e+00 -9.304400000000000170e-02 -2.967060000000000253e-01 -9.504249999999999643e-01 8.827540000000000386e-01 4.169399999999999773e-01 -2.165799999999999947e-01 4.605310000000000237e-01 -8.591429999999999900e-01 2.231239999999999890e-01
1.300000000000000000e+01 5.100000000000000000e+01 4.300000000000000000e+01 0.000000000000000000e+00 1.600000000000000089e+00 -2.997949999999999782e-01 8.436000000000000165e-01 -4.454899999999999971e-01 -5.033670000000000089e-01 2.567999999999999727e-01 8.250309999999999588e-01 8.103979999999999517e-01 4.715849999999999764e-01 3.476529999999999898e-01
8.000000000000000000e+00 2.900000000000000000e+01 4.400000000000000000e+01 0.000000000000000000e+00 1.600000000000000089e+00 -4.753500000000000086e-02 -1.781999999999999947e-03 -9.988679999999999781e-01 7.656479999999999952e-01 6.421609999999999818e-01 -3.758199999999999735e-02 6.415009999999999879e-01 -7.665680000000000271e-01 -2.915999999999999842e-02
2.100000000000000000e+01 2.900000000000000000e+01 4.400000000000000000e+01 0.000000000000000000e+00 1.600000000000000089e+00 5.807999999999999795e-03 1.019199999999999967e-02 -9.999310000000000143e-01 6.965160000000000240e-01 7.174519999999999786e-01 1.135800000000000004e-02 7.175179999999999891e-01 -6.965339999999999865e-01 -2.931000000000000012e-03
2.500000000000000000e+01 2.900000000000000000e+01 4.400000000000000000e+01 0.000000000000000000e+00 1.600000000000000089e+00 -7.550000000000000287e-04 4.921000000000000027e-03 -9.999879999999999880e-01 6.593799999999999661e-01 7.518029999999999990e-01 3.200999999999999852e-03 7.518089999999999495e-01 -6.593689999999999829e-01 -3.812999999999999983e-03
2.900000000000000000e+01 2.900000000000000000e+01 4.400000000000000000e+01 0.000000000000000000e+00 1.600000000000000089e+00 -2.507000000000000114e-03 3.863999999999999813e-03 -9.999890000000000168e-01 6.505319999999999991e-01 7.594779999999999864e-01 1.304000000000000038e-03 7.594750000000000112e-01 -6.505220000000000447e-01 -4.418000000000000052e-03
8.000000000000000000e+00 6.500000000000000000e+01 4.600000000000000000e+01 0.000000000000000000e+00 1.600000000000000089e+00 6.949999999999999798e-04 3.112999999999999882e-03 9.999949999999999672e-01 6.789129999999999887e-01 -7.342170000000000085e-01 1.814000000000000074e-03 7.342189999999999550e-01 6.789079999999999560e-01 -2.624000000000000030e-03
2.400000000000000000e+01 6.500000000000000000e+01 4.600000000000000000e+01 0.000000000000000000e+00 1.600000000000000089e+00 1.598000000000000028e-03 7.720000000000000083e-04 9.999980000000000535e-01 6.805809999999999915e-01 -7.326730000000000187e-01 -5.220000000000000031e-04 7.326709999999999612e-01 6.805799999999999628e-01 -1.696000000000000025e-03
2.300000000000000000e+01 7.000000000000000000e+01 4.700000000000000000e+01 0.000000000000000000e+00 1.600000000000000089e+00 1.910999999999999938e-03 5.420999999999999604e-03 -9.999829999999999552e-01 -8.362629999999999786e-01 -5.483099999999999641e-01 -4.570000000000000277e-03 -5.483249999999999513e-01 8.362579999999999458e-01 3.485999999999999949e-03
1.100000000000000000e+01 2.900000000000000000e+01 4.800000000000000000e+01 0.000000000000000000e+00 1.600000000000000089e+00 1.222700000000000002e-02 5.530600000000000099e-02 9.983950000000000324e-01 3.553560000000000052e-01 9.330500000000000460e-01 -5.603899999999999854e-02 -9.346510000000000096e-01 3.554709999999999814e-01 -8.245000000000000592e-03
1.600000000000000000e+01 2.900000000000000000e+01 4.800000000000000000e+01 0.000000000000000000e+00 1.600000000000000089e+00 3.288000000000000124e-03 -5.728999999999999718e-03 9.999780000000000335e-01 3.748859999999999970e-01 9.270620000000000527e-01 4.078000000000000028e-03 -9.270650000000000279e-01 3.748639999999999750e-01 5.196000000000000098e-03
2.100000000000000000e+01 2.900000000000000000e+01 4.800000000000000000e+01 0.000000000000000000e+00 1.600000000000000089e+00 -2.688999999999999984e-03 7.424000000000000044e-03 9.999689999999999968e-01 3.631369999999999876e-01 9.317170000000000174e-01 -5.941000000000000100e-03 -9.317320000000000046e-01 3.631099999999999883e-01 -5.202000000000000027e-03
8.000000000000000000e+00 4.800000000000000000e+01 4.900000000000000000e+01 0.000000000000000000e+00 1.600000000000000089e+00 6.902409999999999934e-01 -4.656290000000000151e-01 5.538560000000000150e-01 2.076220000000000010e-01 8.607029999999999959e-01 4.648479999999999834e-01 -6.931519999999999904e-01 -2.058649999999999924e-01 6.907670000000000199e-01
7.000000000000000000e+00 1.150000000000000000e+02 5.100000000000000000e+01 0.000000000000000000e+00 1.600000000000000089e+00 -2.719000000000000063e-03 1.767099999999999921e-02 9.998399999999999510e-01 8.579250000000000487e-01 -5.136469999999999647e-01 1.141099999999999927e-02 5.137669999999999737e-01 8.578189999999999982e-01 -1.376400000000000019e-02
5.000000000000000000e+00 7.000000000000000000e+00 5.200000000000000000e+01 0.000000000000000000e+00 1.600000000000000089e+00 7.204000000000000334e-03 6.043999999999999893e-03 -9.999559999999999560e-01 6.534800000000000331e-02 -9.978470000000000395e-01 -5.559999999999999838e-03 -9.978369999999999740e-01 -6.530500000000000194e-02 -7.583000000000000330e-03
1.300000000000000000e+01 7.000000000000000000e+00 5.200000000000000000e+01 0.000000000000000000e+00 1.600000000000000089e+00 6.509999999999999945e-04 -3.942000000000000191e-03 -9.999919999999999920e-01 7.401199999999999446e-02 -9.972490000000000521e-01 3.978999999999999898e-03 -9.972569999999999490e-01 -7.401399999999999646e-02 -3.570000000000000040e-04
2.500000000000000000e+01 4.500000000000000000e+01 5.300000000000000000e+01 0.000000000000000000e+00 1.600000000000000089e+00 -3.310599999999999654e-02 -4.090050000000000074e-01 9.119319999999999649e-01 6.223399999999999765e-02 9.098180000000000156e-01 4.103160000000000140e-01 -9.975119999999999543e-01 7.033699999999999675e-02 -4.666000000000000009e-03
6.000000000000000000e+00 6.300000000000000000e+01 5.400000000000000000e+01 0.000000000000000000e+00 1.600000000000000089e+00 1.260999999999999968e-03 2.971000000000000116e-03 9.999949999999999672e-01 -3.666110000000000202e-01 9.303709999999999480e-01 -2.301999999999999793e-03 -9.303730000000000055e-01 -3.666070000000000162e-01 2.262000000000000122e-03
1.100000000000000000e+01 6.300000000000000000e+01 5.400000000000000000e+01 0.000000000000000000e+00 1.600000000000000089e+00 -1.394999999999999973e-03 -1.886000000000000090e-03 9.999970000000000248e-01 -3.651039999999999841e-01 9.309659999999999602e-01 1.247000000000000062e-03 -9.309659999999999602e-01 -3.651010000000000089e-01 -1.987000000000000051e-03
1.500000000000000000e+01 6.300000000000000000e+01 5.400000000000000000e+01 0.000000000000000000e+00 1.600000000000000089e+00 -1.054999999999999948e-03 2.530999999999999830e-03 9.999959999999999960e-01 -3.570019999999999860e-01 9.341000000000000414e-01 -2.740999999999999947e-03 -9.341030000000000166e-01 -3.570030000000000148e-01 -8.100000000000000375e-05
2.500000000000000000e+01 6.300000000000000000e+01 5.400000000000000000e+01 0.000000000000000000e+00 1.600000000000000089e+00 4.530000000000000064e-04 1.814000000000000074e-03 9.999980000000000535e-01 -3.524240000000000150e-01 9.358389999999999764e-01 -1.538000000000000088e-03 -9.358400000000000052e-01 -3.524220000000000130e-01 1.064000000000000059e-03
3.000000000000000000e+00 2.500000000000000000e+01 5.500000000000000000e+01 0.000000000000000000e+00 1.600000000000000089e+00 2.097800000000000012e-02 6.585320000000000062e-01 7.522600000000000398e-01 3.499200000000000227e-02 7.514809999999999546e-01 -6.588260000000000227e-01 -9.991670000000000273e-01 4.014399999999999913e-02 -7.278999999999999880e-03
2.000000000000000000e+00 2.600000000000000000e+01 5.500000000000000000e+01 0.000000000000000000e+00 1.600000000000000089e+00 2.385800000000000073e-02 7.077090000000000325e-01 7.061009999999999787e-01 7.024999999999999994e-03 7.061659999999999604e-01 -7.080119999999999747e-01 -9.996909999999999963e-01 2.185199999999999990e-02 1.187599999999999940e-02
3.000000000000000000e+00 4.900000000000000000e+01 5.500000000000000000e+01 0.000000000000000000e+00 1.600000000000000089e+00 -1.204250000000000043e-01 2.753760000000000097e-01 9.537639999999999452e-01 -9.432380000000000209e-01 2.678099999999999925e-01 -1.964190000000000103e-01 -3.095169999999999866e-01 -9.232799999999999896e-01 2.274940000000000018e-01
4.000000000000000000e+00 4.900000000000000000e+01 5.600000000000000000e+01 0.000000000000000000e+00 1.600000000000000089e+00 -9.192500000000000671e-02 2.678880000000000150e-01 9.590549999999999908e-01 -9.049359999999999626e-01 3.794080000000000230e-01 -1.927159999999999984e-01 -4.154990000000000072e-01 -8.855990000000000251e-01 2.075450000000000073e-01
2.500000000000000000e+01 6.800000000000000000e+01 5.700000000000000000e+01 0.000000000000000000e+00 1.600000000000000089e+00 -4.139999999999999800e-04 -4.608000000000000117e-03 -9.999890000000000168e-01 -2.406189999999999996e-01 -9.706090000000000551e-01 4.571999999999999675e-03 -9.706200000000000383e-01 2.406179999999999986e-01 -7.069999999999999462e-04
1.900000000000000000e+01 2.100000000000000000e+01 6.000000000000000000e+01 0.000000000000000000e+00 1.600000000000000089e+00 6.999999999999999387e-05 2.975000000000000214e-03 9.999959999999999960e-01 -9.697999999999999676e-02 9.952820000000000000e-01 -2.954000000000000029e-03 -9.952860000000000040e-01 -9.697899999999999576e-02 3.579999999999999741e-04
2.200000000000000000e+01 2.100000000000000000e+01 6.000000000000000000e+01 0.000000000000000000e+00 1.600000000000000089e+00 -3.390000000000000001e-04 4.800000000000000122e-04 1.000000000000000000e+00 -9.765000000000000069e-02 9.952210000000000223e-01 -5.109999999999999525e-04 -9.952210000000000223e-01 -9.765000000000000069e-02 -2.910000000000000260e-04
2.500000000000000000e+01 2.100000000000000000e+01 6.000000000000000000e+01 0.000000000000000000e+00 1.600000000000000089e+00 -2.900000000000000017e-04 1.830000000000000029e-04 1.000000000000000000e+00 -9.565500000000000391e-02 9.954140000000000210e-01 -2.100000000000000087e-04 -9.954140000000000210e-01 -9.565500000000000391e-02 -2.709999999999999735e-04
1.100000000000000000e+01 6.000000000000000000e+00 6.100000000000000000e+01 0.000000000000000000e+00 1.600000000000000089e+00 2.159999999999999919e-04 -1.262000000000000101e-03 9.999989999999999712e-01 5.682220000000000049e-01 -8.228739999999999943e-01 -1.162000000000000055e-03 8.228750000000000231e-01 5.682220000000000049e-01 5.389999999999999826e-04
1.900000000000000000e+01 4.400000000000000000e+01 6.100000000000000000e+01 0.000000000000000000e+00 1.600000000000000089e+00 -9.301390000000000491e-01 3.142690000000000206e-01 1.899399999999999977e-01 -3.569019999999999970e-01 -6.520169999999999577e-01 -6.689500000000000446e-01 -8.638600000000000445e-02 -6.900060000000000082e-01 7.186299999999999910e-01
1.200000000000000000e+01 2.900000000000000000e+01 6.200000000000000000e+01 0.000000000000000000e+00 1.600000000000000089e+00 9.133000000000000493e-03 2.061429999999999929e-01 9.784789999999999877e-01 -2.208809999999999940e-01 9.547649999999999748e-01 -1.990860000000000130e-01 -9.752579999999999583e-01 -2.143100000000000005e-01 5.425300000000000261e-02
7.000000000000000000e+00 2.700000000000000000e+01 6.300000000000000000e+01 0.000000000000000000e+00 1.600000000000000089e+00 -2.065420000000000034e-01 -5.622279999999999500e-01 8.007750000000000146e-01 -1.845100000000000073e-01 8.261190000000000477e-01 5.324320000000000164e-01 -9.608830000000000426e-01 -3.778100000000000208e-02 -2.743650000000000255e-01
1.300000000000000000e+01 2.700000000000000000e+01 6.300000000000000000e+01 0.000000000000000000e+00 1.600000000000000089e+00 2.531999999999999963e-03 7.568700000000000427e-02 9.971280000000000143e-01 -2.636979999999999880e-01 9.618889999999999940e-01 -7.234300000000000452e-02 -9.646019999999999595e-01 -2.627579999999999916e-01 2.239400000000000071e-02
1.800000000000000000e+01 2.700000000000000000e+01 6.300000000000000000e+01 0.000000000000000000e+00 1.600000000000000089e+00 -4.376999999999999814e-03 -3.366199999999999748e-02 9.994239999999999791e-01 -2.654139999999999833e-01 9.636270000000000113e-01 3.129400000000000237e-02 -9.641250000000000098e-01 -2.651240000000000263e-01 -1.315299999999999976e-02
2.800000000000000000e+01 2.700000000000000000e+01 6.300000000000000000e+01 0.000000000000000000e+00 1.600000000000000089e+00 -3.155999999999999951e-03 -9.110000000000000259e-04 9.999949999999999672e-01 -2.719730000000000203e-01 9.623049999999999660e-01 1.800000000000000046e-05 -9.623000000000000442e-01 -2.719710000000000183e-01 -3.284000000000000027e-03
2.600000000000000000e+01 5.300000000000000000e+01 6.300000000000000000e+01 0.000000000000000000e+00 1.600000000000000089e+00 -1.223329999999999973e-01 7.060969999999999747e-01 6.974679999999999769e-01 4.475600000000000134e-01 -5.879889999999999839e-01 6.737649999999999473e-01 8.858470000000000510e-01 3.945819999999999883e-01 -2.440900000000000014e-01
