9.000000000000000000e+00 1.600000000000000000e+01 4.000000000000000000e+00 0.000000000000000000e+00 1.600000000000000089e+00 -3.383999999999999855e-03 2.837699999999999945e-02 9.995920000000000361e-01 3.390070000000000028e-01 -9.403719999999999857e-01 2.784299999999999969e-02 9.407780000000000031e-01 3.389630000000000143e-01 -6.438000000000000146e-03
1.200000000000000000e+01 1.600000000000000000e+01 4.000000000000000000e+00 0.000000000000000000e+00 1.600000000000000089e+00 -1.449999999999999900e-03 3.093500000000000069e-02 9.995199999999999640e-01 3.373860000000000192e-01 -9.409009999999999874e-01 2.961000000000000090e-02 9.413650000000000073e-01 3.372669999999999835e-01 -9.072999999999999468e-03
1.600000000000000000e+01 1.600000000000000000e+01 4.000000000000000000e+00 0.000000000000000000e+00 1.600000000000000089e+00 -2.769999999999999893e-03 2.637099999999999861e-02 9.996479999999999810e-01 3.349989999999999912e-01 -9.418659999999999810e-01 2.577499999999999930e-02 9.422150000000000247e-01 3.349520000000000275e-01 -6.224999999999999631e-03
2.300000000000000000e+01 1.600000000000000000e+01 4.000000000000000000e+00 0.000000000000000000e+00 1.600000000000000089e+00 -2.418000000000000010e-03 1.152700000000000079e-02 9.999310000000000143e-01 3.228590000000000071e-01 -9.463749999999999662e-01 1.169000000000000074e-02 9.464439999999999520e-01 3.228639999999999843e-01 -1.433000000000000029e-03
3.000000000000000000e+01 1.600000000000000000e+01 4.000000000000000000e+00 0.000000000000000000e+00 1.600000000000000089e+00 -5.053000000000000200e-03 2.383000000000000135e-03 9.999839999999999840e-01 3.172889999999999877e-01 -9.483209999999999695e-01 3.863000000000000114e-03 9.483150000000000190e-01 3.173039999999999750e-01 4.035000000000000392e-03
5.000000000000000000e+00 1.010000000000000000e+02 7.000000000000000000e+00 0.000000000000000000e+00 1.600000000000000089e+00 2.033999999999999784e-03 6.798099999999999976e-02 9.976840000000000153e-01 8.876960000000000406e-01 4.592390000000000083e-01 -3.310199999999999948e-02 -4.604260000000000019e-01 8.857080000000000508e-01 -5.941199999999999953e-02
1.200000000000000000e+01 1.010000000000000000e+02 7.000000000000000000e+00 0.000000000000000000e+00 1.600000000000000089e+00 1.640000000000000019e-04 1.829400000000000123e-02 9.998329999999999718e-01 8.874279999999999946e-01 4.608670000000000266e-01 -8.578000000000000555e-03 -4.609469999999999956e-01 8.872809999999999864e-01 -1.615899999999999975e-02
2.700000000000000000e+01 1.010000000000000000e+02 7.000000000000000000e+00 0.000000000000000000e+00 1.600000000000000089e+00 2.429999999999999977e-04 2.410000000000000033e-04 1.000000000000000000e+00 8.894840000000000524e-01 4.569659999999999833e-01 -3.260000000000000094e-04 -4.569659999999999833e-01 8.894840000000000524e-01 -1.039999999999999936e-04
2.000000000000000000e+00 1.500000000000000000e+01 8.000000000000000000e+00 0.000000000000000000e+00 1.600000000000000089e+00 9.152000000000000413e-03 1.986500000000000071e-02 -9.997610000000000108e-01 -5.791190000000000504e-01 -8.149600000000000177e-01 -2.149500000000000022e-02 -8.151920000000000277e-01 5.791770000000000529e-01 4.046000000000000117e-03
4.000000000000000000e+00 1.500000000000000000e+01 8.000000000000000000e+00 0.000000000000000000e+00 1.600000000000000089e+00 1.065800000000000081e-02 1.954399999999999887e-02 -9.997519999999999740e-01 -5.782850000000000490e-01 -8.155350000000000099e-01 -2.210700000000000165e-02 -8.157649999999999624e-01 5.783770000000000300e-01 2.609999999999999907e-03
1.100000000000000000e+01 1.500000000000000000e+01 8.000000000000000000e+00 0.000000000000000000e+00 1.600000000000000089e+00 9.931000000000000591e-03 2.637799999999999867e-02 -9.996030000000000193e-01 -5.736329999999999485e-01 -8.186569999999999681e-01 -2.730199999999999988e-02 -8.190520000000000023e-01 5.736759999999999637e-01 7.001000000000000278e-03
1.600000000000000000e+01 1.500000000000000000e+01 8.000000000000000000e+00 0.000000000000000000e+00 1.600000000000000089e+00 1.056900000000000027e-02 2.616399999999999976e-02 -9.996019999999999905e-01 -5.711850000000000538e-01 -8.203599999999999781e-01 -2.751200000000000173e-02 -8.207529999999999548e-01 5.712490000000000068e-01 6.274000000000000063e-03
2.100000000000000000e+01 1.500000000000000000e+01 8.000000000000000000e+00 0.000000000000000000e+00 1.600000000000000089e+00 6.432000000000000217e-03 1.713200000000000139e-02 -9.998329999999999718e-01 -5.677309999999999857e-01 -8.230229999999999491e-01 -1.775399999999999895e-02 -8.231889999999999485e-01 5.677499999999999769e-01 4.433000000000000308e-03
5.000000000000000000e+00 2.600000000000000000e+01 8.000000000000000000e+00 0.000000000000000000e+00 1.600000000000000089e+00 -6.152000000000000350e-03 -1.447599999999999928e-02 -9.998759999999999870e-01 4.110759999999999970e-01 9.114659999999999984e-01 -1.572499999999999939e-02 9.115799999999999459e-01 -4.111219999999999875e-01 3.440000000000000132e-04
1.000000000000000000e+01 2.600000000000000000e+01 8.000000000000000000e+00 0.000000000000000000e+00 1.600000000000000089e+00 -7.773000000000000395e-03 -2.994700000000000140e-02 -9.995209999999999928e-01 4.156690000000000107e-01 9.090049999999999519e-01 -3.046799999999999856e-02 9.094830000000000414e-01 -4.157069999999999932e-01 5.381999999999999632e-03
1.900000000000000000e+01 2.600000000000000000e+01 8.000000000000000000e+00 0.000000000000000000e+00 1.600000000000000089e+00 -6.243000000000000285e-03 -1.135399999999999951e-02 -9.999160000000000270e-01 4.226750000000000229e-01 9.061890000000000223e-01 -1.292800000000000026e-02 9.062599999999999545e-01 -4.227199999999999847e-01 -8.589999999999999546e-04
2.300000000000000000e+01 2.600000000000000000e+01 8.000000000000000000e+00 0.000000000000000000e+00 1.600000000000000089e+00 -4.929000000000000221e-03 -1.084199999999999921e-02 -9.999289999999999567e-01 4.235519999999999841e-01 9.057929999999999593e-01 -1.190899999999999945e-02 9.058580000000000521e-01 -4.235809999999999853e-01 1.269999999999999970e-04
2.800000000000000000e+01 2.600000000000000000e+01 8.000000000000000000e+00 0.000000000000000000e+00 1.600000000000000089e+00 -1.003999999999999901e-03 -9.218999999999999764e-03 -9.999569999999999848e-01 4.237440000000000095e-01 9.057389999999999608e-01 -8.776000000000000814e-03 9.057809999999999473e-01 -4.237349999999999728e-01 2.997000000000000098e-03
2.100000000000000000e+01 1.400000000000000000e+01 9.000000000000000000e+00 0.000000000000000000e+00 1.600000000000000089e+00 6.589000000000000239e-03 1.943699999999999942e-02 -9.997890000000000388e-01 -5.613479999999999581e-01 -8.273439999999999683e-01 -1.978399999999999950e-02 -8.275540000000000118e-01 5.613599999999999701e-01 5.459999999999999576e-03
2.700000000000000000e+01 1.400000000000000000e+01 9.000000000000000000e+00 0.000000000000000000e+00 1.600000000000000089e+00 4.930000000000000354e-03 8.403000000000000747e-03 -9.999529999999999808e-01 -5.596250000000000391e-01 -8.286890000000000089e-01 -9.723000000000000739e-03 -8.287309999999999954e-01 5.596459999999999768e-01 6.170000000000000354e-04
3.000000000000000000e+00 2.400000000000000000e+01 9.000000000000000000e+00 0.000000000000000000e+00 1.600000000000000089e+00 -6.349999999999999742e-03 -1.030599999999999919e-02 -9.999270000000000103e-01 4.643950000000000022e-01 8.855460000000000553e-01 -1.207599999999999993e-02 8.856049999999999756e-01 -4.644380000000000175e-01 -8.369999999999999619e-04
9.000000000000000000e+00 2.400000000000000000e+01 9.000000000000000000e+00 0.000000000000000000e+00 1.600000000000000089e+00 -8.359000000000000111e-03 -3.055300000000000030e-02 -9.994979999999999976e-01 4.695730000000000182e-01 8.823530000000000539e-01 -3.089899999999999938e-02 8.828540000000000276e-01 -4.695960000000000134e-01 6.970999999999999766e-03
1.500000000000000000e+01 2.400000000000000000e+01 9.000000000000000000e+00 0.000000000000000000e+00 1.600000000000000089e+00 -9.332999999999999283e-03 -2.466300000000000089e-02 -9.996519999999999850e-01 4.762859999999999872e-01 8.789019999999999611e-01 -2.613000000000000045e-02 8.792410000000000503e-01 -4.763649999999999829e-01 3.543999999999999841e-03
3.000000000000000000e+00 4.000000000000000000e+00 1.100000000000000000e+01 0.000000000000000000e+00 1.600000000000000089e+00 2.592000000000000120e-03 2.645099999999999882e-02 -9.996469999999999523e-01 1.778079999999999938e-01 9.837089999999999446e-01 2.648999999999999966e-02 9.840619999999999923e-01 -1.778139999999999998e-01 -2.154000000000000099e-03
4.000000000000000000e+00 1.040000000000000000e+02 1.100000000000000000e+01 0.000000000000000000e+00 1.600000000000000089e+00 9.442000000000000740e-03 8.359999999999999376e-03 9.999200000000000310e-01 -9.730299999999999505e-01 -2.304110000000000047e-01 1.111400000000000061e-02 2.304859999999999964e-01 -9.730569999999999498e-01 5.960000000000000020e-03
2.000000000000000000e+00 3.100000000000000000e+01 1.200000000000000000e+01 0.000000000000000000e+00 1.600000000000000089e+00 2.678999999999999958e-03 6.139000000000000359e-03 9.999780000000000335e-01 -2.267699999999999924e-02 9.997239999999999460e-01 -6.076999999999999937e-03 -9.997390000000000443e-01 -2.265999999999999959e-02 2.817000000000000060e-03
1.200000000000000000e+01 3.100000000000000000e+01 1.200000000000000000e+01 0.000000000000000000e+00 1.600000000000000089e+00 -1.111999999999999924e-03 -6.492999999999999640e-03 9.999780000000000335e-01 -2.345399999999999915e-02 9.997040000000000370e-01 6.465000000000000260e-03 -9.997239999999999460e-01 -2.344699999999999909e-02 -1.263999999999999933e-03
2.000000000000000000e+00 3.500000000000000000e+01 1.200000000000000000e+01 0.000000000000000000e+00 1.600000000000000089e+00 4.668000000000000274e-03 2.272000000000000148e-03 -9.999869999999999592e-01 4.917369999999999797e-01 -8.707439999999999625e-01 3.170000000000000075e-04 -8.707310000000000327e-01 -4.917320000000000024e-01 -5.181999999999999974e-03
5.000000000000000000e+00 3.500000000000000000e+01 1.200000000000000000e+01 0.000000000000000000e+00 1.600000000000000089e+00 2.464000000000000044e-03 -1.247999999999999977e-03 -9.999959999999999960e-01 4.958670000000000022e-01 -8.683959999999999457e-01 2.305000000000000191e-03 -8.683950000000000280e-01 -4.958710000000000062e-01 -1.521000000000000000e-03
9.000000000000000000e+00 3.500000000000000000e+01 1.200000000000000000e+01 0.000000000000000000e+00 1.600000000000000089e+00 -2.171000000000000187e-03 -2.259999999999999856e-03 -9.999949999999999672e-01 4.935399999999999787e-01 -8.697230000000000238e-01 8.940000000000000464e-04 -8.697209999999999663e-01 -4.935350000000000015e-01 3.004000000000000160e-03
1.400000000000000000e+01 3.500000000000000000e+01 1.200000000000000000e+01 0.000000000000000000e+00 1.600000000000000089e+00 -2.432000000000000134e-03 -2.611000000000000040e-03 -9.999940000000000495e-01 4.829709999999999837e-01 -8.756359999999999699e-01 1.111000000000000008e-03 -8.756329999999999947e-01 -4.829649999999999777e-01 3.390999999999999917e-03
2.300000000000000000e+01 3.500000000000000000e+01 1.200000000000000000e+01 0.000000000000000000e+00 1.600000000000000089e+00 2.958000000000000126e-03 7.950000000000000252e-04 -9.999949999999999672e-01 4.671370000000000244e-01 -8.841849999999999987e-01 6.790000000000000245e-04 -8.841799999999999660e-01 -4.671370000000000244e-01 -2.985999999999999939e-03
2.900000000000000000e+01 3.500000000000000000e+01 1.200000000000000000e+01 0.000000000000000000e+00 1.600000000000000089e+00 -1.669999999999999935e-04 -1.699999999999999987e-05 -1.000000000000000000e+00 4.629690000000000194e-01 -8.863739999999999952e-01 -6.200000000000000270e-05 -8.863739999999999952e-01 -4.629690000000000194e-01 1.559999999999999972e-04
8.000000000000000000e+00 3.000000000000000000e+00 1.300000000000000000e+01 0.000000000000000000e+00 1.600000000000000089e+00 2.445999999999999824e-03 4.562000000000000083e-02 9.989559999999999551e-01 -1.946900000000000019e-02 9.987719999999999931e-01 -4.556400000000000033e-02 -9.998070000000000013e-01 -1.933800000000000102e-02 3.331000000000000193e-03
6.000000000000000000e+00 3.200000000000000000e+01 1.400000000000000000e+01 0.000000000000000000e+00 1.600000000000000089e+00 4.739999999999999747e-04 4.470000000000000015e-03 -9.999900000000000455e-01 1.116719999999999935e-01 9.937350000000000350e-01 4.494999999999999864e-03 9.937449999999999894e-01 -1.116729999999999945e-01 -2.799999999999999958e-05
6.000000000000000000e+00 1.200000000000000000e+01 1.500000000000000000e+01 0.000000000000000000e+00 1.600000000000000089e+00 8.408000000000000543e-03 1.767499999999999974e-02 -9.998080000000000300e-01 -4.689360000000000195e-01 -8.830160000000000231e-01 -1.955399999999999847e-02 -8.831919999999999771e-01 4.690099999999999825e-01 8.639999999999999677e-04
1.200000000000000000e+01 1.200000000000000000e+01 1.500000000000000000e+01 0.000000000000000000e+00 1.600000000000000089e+00 7.337999999999999905e-03 1.682700000000000168e-02 -9.998310000000000253e-01 -4.693620000000000014e-01 -8.828160000000000451e-01 -1.830299999999999983e-02 -8.829749999999999543e-01 4.694169999999999732e-01 1.420000000000000038e-03
1.600000000000000000e+01 1.200000000000000000e+01 1.500000000000000000e+01 0.000000000000000000e+00 1.600000000000000089e+00 7.492999999999999661e-03 1.383500000000000008e-02 -9.998759999999999870e-01 -4.686270000000000158e-01 -8.832560000000000411e-01 -1.573300000000000046e-02 -8.833640000000000381e-01 4.686870000000000203e-01 -1.350000000000000017e-04
1.000000000000000000e+00 1.100000000000000000e+01 1.600000000000000000e+01 0.000000000000000000e+00 1.600000000000000089e+00 4.224999999999999589e-03 1.116699999999999984e-02 -9.999289999999999567e-01 -4.212020000000000208e-01 -9.068889999999999452e-01 -1.190800000000000018e-02 -9.069570000000000132e-01 4.212219999999999853e-01 8.720000000000000537e-04
3.000000000000000000e+00 1.160000000000000000e+02 1.600000000000000000e+01 0.000000000000000000e+00 1.600000000000000089e+00 5.373000000000000172e-03 3.812999999999999983e-03 9.999780000000000335e-01 7.302250000000000130e-01 6.831749999999999767e-01 -6.527999999999999949e-03 -6.831850000000000422e-01 7.302440000000000042e-01 8.859999999999999603e-04
2.600000000000000000e+01 1.160000000000000000e+02 1.600000000000000000e+01 0.000000000000000000e+00 1.600000000000000089e+00 -1.685000000000000083e-03 -3.683000000000000076e-03 9.999919999999999920e-01 6.842970000000000441e-01 7.291940000000000088e-01 3.837999999999999832e-03 -7.292020000000000168e-01 6.842970000000000441e-01 1.291000000000000047e-03
2.000000000000000000e+00 2.000000000000000000e+00 1.900000000000000000e+01 0.000000000000000000e+00 1.600000000000000089e+00 -1.131999999999999977e-03 -2.678999999999999958e-03 -9.999959999999999960e-01 1.856520000000000115e-01 -9.826129999999999587e-01 2.422000000000000108e-03 -9.826150000000000162e-01 -1.856490000000000085e-01 1.610000000000000103e-03
1.200000000000000000e+01 2.000000000000000000e+00 1.900000000000000000e+01 0.000000000000000000e+00 1.600000000000000089e+00 1.062999999999999926e-03 1.899599999999999900e-02 -9.998190000000000133e-01 1.617329999999999879e-01 -9.866599999999999815e-01 -1.857400000000000023e-02 -9.868339999999999890e-01 -1.616839999999999944e-01 -4.120999999999999663e-03
1.900000000000000000e+01 2.000000000000000000e+00 1.900000000000000000e+01 0.000000000000000000e+00 1.600000000000000089e+00 2.880999999999999880e-03 2.200999999999999832e-03 -9.999930000000000208e-01 1.397690000000000043e-01 -9.901830000000000354e-01 -1.776999999999999934e-03 -9.901799999999999491e-01 -1.397629999999999983e-01 -3.160000000000000048e-03
3.000000000000000000e+01 2.000000000000000000e+00 1.900000000000000000e+01 0.000000000000000000e+00 1.600000000000000089e+00 3.151000000000000155e-03 -1.200700000000000031e-02 -9.999230000000000063e-01 1.318100000000000105e-01 -9.911980000000000235e-01 1.231800000000000082e-02 -9.912699999999999845e-01 -1.318390000000000117e-01 -1.541000000000000052e-03
6.000000000000000000e+00 1.300000000000000000e+01 2.000000000000000000e+01 0.000000000000000000e+00 1.600000000000000089e+00 -2.501999999999999884e-03 -8.368999999999999703e-03 9.999620000000000175e-01 2.540169999999999928e-01 9.671600000000000197e-01 8.729999999999999913e-03 -9.671969999999999734e-01 2.540290000000000048e-01 -2.939999999999999905e-04
1.000000000000000000e+01 1.300000000000000000e+01 2.000000000000000000e+01 0.000000000000000000e+00 1.600000000000000089e+00 -2.384999999999999967e-03 -9.095000000000000653e-03 9.999559999999999560e-01 2.545640000000000125e-01 9.670100000000000362e-01 9.402000000000000635e-03 -9.670530000000000515e-01 2.545749999999999957e-01 9.000000000000000228e-06
1.300000000000000000e+01 1.300000000000000000e+01 2.000000000000000000e+01 0.000000000000000000e+00 1.600000000000000089e+00 -1.376000000000000053e-03 -8.236000000000000265e-03 9.999649999999999928e-01 2.547240000000000060e-01 9.669780000000000042e-01 8.314999999999999475e-03 -9.670130000000000114e-01 2.547260000000000080e-01 7.680000000000000195e-04
1.800000000000000000e+01 1.300000000000000000e+01 2.000000000000000000e+01 0.000000000000000000e+00 1.600000000000000089e+00 1.699999999999999905e-03 1.649999999999999991e-04 9.999989999999999712e-01 2.521720000000000073e-01 9.676820000000000421e-01 -5.879999999999999810e-04 -9.676810000000000134e-01 2.521729999999999805e-01 1.603000000000000041e-03
2.300000000000000000e+01 1.300000000000000000e+01 2.000000000000000000e+01 0.000000000000000000e+00 1.600000000000000089e+00 2.322999999999999978e-03 4.736999999999999891e-03 9.999860000000000415e-01 2.493740000000000123e-01 9.683929999999999483e-01 -5.166999999999999718e-03 -9.684040000000000425e-01 2.493829999999999936e-01 1.067999999999999939e-03
9.000000000000000000e+00 1.600000000000000000e+01 2.100000000000000000e+01 0.000000000000000000e+00 1.600000000000000089e+00 -2.802999999999999936e-03 -8.099999999999999561e-03 9.999630000000000463e-01 3.014660000000000117e-01 9.534380000000000077e-01 8.567999999999999228e-03 -9.534730000000000150e-01 3.014789999999999970e-01 -2.310000000000000042e-04
1.500000000000000000e+01 1.600000000000000000e+01 2.100000000000000000e+01 0.000000000000000000e+00 1.600000000000000089e+00 -6.610000000000000207e-04 -4.269000000000000225e-03 9.999909999999999632e-01 3.026429999999999954e-01 9.530939999999999968e-01 4.269000000000000225e-03 -9.531039999999999512e-01 3.026429999999999954e-01 6.620000000000000450e-04
1.900000000000000000e+01 1.600000000000000000e+01 2.100000000000000000e+01 0.000000000000000000e+00 1.600000000000000089e+00 2.204999999999999929e-03 8.814000000000000654e-03 9.999590000000000423e-01 3.025829999999999909e-01 9.530800000000000383e-01 -9.067999999999999672e-03 -9.531209999999999960e-01 3.025900000000000256e-01 -5.659999999999999884e-04
3.000000000000000000e+00 3.000000000000000000e+00 2.500000000000000000e+01 0.000000000000000000e+00 1.600000000000000089e+00 3.900999999999999954e-03 7.558999999999999747e-03 9.999639999999999640e-01 1.968999999999999917e-02 -9.997779999999999445e-01 7.480999999999999803e-03 9.997989999999999933e-01 1.966000000000000039e-02 -4.048999999999999648e-03
8.000000000000000000e+00 4.600000000000000000e+01 2.700000000000000000e+01 0.000000000000000000e+00 1.600000000000000089e+00 -7.739999999999999485e-04 -2.790000000000000054e-04 -1.000000000000000000e+00 6.697809999999999597e-01 7.425580000000000513e-01 -7.249999999999999500e-04 7.425580000000000513e-01 -6.697819999999999885e-01 -3.879999999999999985e-04
1.600000000000000000e+01 4.600000000000000000e+01 2.700000000000000000e+01 0.000000000000000000e+00 1.600000000000000089e+00 -2.703000000000000107e-03 -1.420000000000000038e-03 -9.999949999999999672e-01 6.670009999999999550e-01 7.450510000000000188e-01 -2.860999999999999828e-03 7.450520000000000476e-01 -6.670059999999999878e-01 -1.067000000000000023e-03
2.200000000000000000e+01 4.600000000000000000e+01 2.700000000000000000e+01 0.000000000000000000e+00 1.600000000000000089e+00 -3.040000000000000167e-04 5.800000000000000034e-04 -1.000000000000000000e+00 6.627439999999999998e-01 7.488460000000000116e-01 2.329999999999999986e-04 7.488460000000000116e-01 -6.627439999999999998e-01 -6.120000000000000223e-04
3.000000000000000000e+01 4.600000000000000000e+01 2.700000000000000000e+01 0.000000000000000000e+00 1.600000000000000089e+00 -1.250000000000000026e-04 2.187000000000000142e-03 -9.999980000000000535e-01 6.658730000000000482e-01 7.460639999999999494e-01 1.549000000000000030e-03 7.460649999999999782e-01 -6.658709999999999907e-01 -1.549999999999999946e-03
1.500000000000000000e+01 4.600000000000000000e+01 3.000000000000000000e+01 0.000000000000000000e+00 1.600000000000000089e+00 -1.569999999999999998e-03 -2.469999999999999973e-03 -9.999959999999999960e-01 3.280100000000000238e-01 9.446700000000000097e-01 -2.848999999999999970e-03 9.446729999999999849e-01 -3.280139999999999723e-01 -6.729999999999999871e-04
1.800000000000000000e+01 4.600000000000000000e+01 3.000000000000000000e+01 0.000000000000000000e+00 1.600000000000000089e+00 -2.886000000000000110e-03 -1.603999999999999957e-03 -9.999949999999999672e-01 3.265919999999999934e-01 9.451619999999999466e-01 -2.458000000000000115e-03 9.451610000000000289e-01 -3.265970000000000262e-01 -2.203999999999999796e-03
1.000000000000000000e+00 5.800000000000000000e+01 3.100000000000000000e+01 0.000000000000000000e+00 1.600000000000000089e+00 1.409000000000000096e-03 5.264999999999999715e-03 9.999850000000000128e-01 -7.676450000000000218e-01 -6.408599999999999852e-01 4.455999999999999892e-03 6.408740000000000547e-01 -7.676399999999999890e-01 3.138000000000000164e-03
5.000000000000000000e+00 5.800000000000000000e+01 3.100000000000000000e+01 0.000000000000000000e+00 1.600000000000000089e+00 1.157999999999999958e-03 5.351999999999999987e-03 9.999850000000000128e-01 -7.659160000000000412e-01 -6.429270000000000262e-01 4.327000000000000117e-03 6.429399999999999560e-01 -7.659089999999999510e-01 3.354000000000000210e-03
1.300000000000000000e+01 5.800000000000000000e+01 3.100000000000000000e+01 0.000000000000000000e+00 1.600000000000000089e+00 7.604999999999999781e-03 -2.100000000000000087e-04 9.999710000000000543e-01 -7.612590000000000190e-01 -6.484229999999999716e-01 5.653000000000000039e-03 6.484029999999999516e-01 -7.612799999999999567e-01 -5.091000000000000039e-03
1.700000000000000000e+01 5.800000000000000000e+01 3.100000000000000000e+01 0.000000000000000000e+00 1.600000000000000089e+00 4.250000000000000305e-03 9.043000000000000690e-03 9.999500000000000055e-01 -7.580480000000000551e-01 -6.521350000000000202e-01 9.119999999999999635e-03 6.521850000000000147e-01 -7.580489999999999728e-01 4.082999999999999824e-03
2.200000000000000000e+01 5.800000000000000000e+01 3.100000000000000000e+01 0.000000000000000000e+00 1.600000000000000089e+00 -4.832999999999999623e-03 -3.658999999999999926e-03 9.999820000000000375e-01 -7.623210000000000264e-01 -6.471710000000000518e-01 -6.053000000000000221e-03 6.471810000000000063e-01 -7.623360000000000136e-01 3.379999999999999758e-04
2.500000000000000000e+01 5.800000000000000000e+01 3.100000000000000000e+01 0.000000000000000000e+00 1.600000000000000089e+00 -2.844000000000000174e-03 -5.680000000000000370e-04 9.999959999999999960e-01 -7.637140000000000040e-01 -6.455499999999999572e-01 -2.539000000000000024e-03 6.455490000000000395e-01 -7.637180000000000080e-01 1.402999999999999950e-03
2.000000000000000000e+00 6.000000000000000000e+00 3.200000000000000000e+01 0.000000000000000000e+00 1.600000000000000089e+00 5.199999999999999680e-05 1.152999999999999945e-03 -9.999989999999999712e-01 1.780970000000000053e-01 9.840119999999999978e-01 1.144000000000000052e-03 9.840130000000000265e-01 -1.780970000000000053e-01 -1.540000000000000028e-04
1.600000000000000000e+01 6.000000000000000000e+00 3.200000000000000000e+01 0.000000000000000000e+00 1.600000000000000089e+00 3.383000000000000156e-03 -1.549000000000000030e-03 -9.999930000000000208e-01 2.068450000000000011e-01 9.783730000000000482e-01 -8.149999999999999693e-04 9.783680000000000154e-01 -2.068409999999999971e-01 3.631000000000000113e-03
2.500000000000000000e+01 6.000000000000000000e+00 3.200000000000000000e+01 0.000000000000000000e+00 1.600000000000000089e+00 -1.884999999999999957e-03 5.289999999999999564e-04 -9.999980000000000535e-01 2.186379999999999990e-01 9.758059999999999512e-01 1.050000000000000044e-04 9.758040000000000047e-01 -2.186369999999999980e-01 -1.955000000000000140e-03
3.000000000000000000e+00 4.600000000000000000e+01 3.500000000000000000e+01 0.000000000000000000e+00 1.600000000000000089e+00 -2.371999999999999977e-03 2.592999999999999819e-03 -9.999940000000000495e-01 3.851410000000000111e-01 -9.228520000000000056e-01 -3.307000000000000044e-03 -9.228539999999999521e-01 -3.851470000000000171e-01 1.191000000000000001e-03
1.100000000000000000e+01 4.600000000000000000e+01 3.500000000000000000e+01 0.000000000000000000e+00 1.600000000000000089e+00 -8.149999999999999693e-04 4.151000000000000176e-03 -9.999909999999999632e-01 3.848539999999999739e-01 -9.229680000000000106e-01 -4.145000000000000247e-03 -9.229770000000000474e-01 -3.848539999999999739e-01 -8.459999999999999638e-04
1.900000000000000000e+01 4.600000000000000000e+01 3.500000000000000000e+01 0.000000000000000000e+00 1.600000000000000089e+00 2.017999999999999829e-03 -1.128000000000000096e-03 -9.999970000000000248e-01 3.865049999999999875e-01 -9.222860000000000502e-01 1.820000000000000003e-03 -9.222850000000000215e-01 -3.865069999999999895e-01 -1.425000000000000051e-03
2.400000000000000000e+01 4.600000000000000000e+01 3.500000000000000000e+01 0.000000000000000000e+00 1.600000000000000089e+00 6.620000000000000450e-04 -3.997999999999999818e-03 -9.999919999999999920e-01 3.853980000000000183e-01 -9.227419999999999511e-01 3.943999999999999589e-03 -9.227499999999999591e-01 -3.853969999999999896e-01 9.300000000000000541e-04
2.800000000000000000e+01 4.600000000000000000e+01 3.500000000000000000e+01 0.000000000000000000e+00 1.600000000000000089e+00 -1.000000000000000048e-04 1.824000000000000100e-03 -9.999980000000000535e-01 3.848710000000000186e-01 -9.229690000000000394e-01 -1.722000000000000006e-03 -9.229709999999999859e-01 -3.848699999999999899e-01 -6.099999999999999737e-04
4.000000000000000000e+00 9.500000000000000000e+01 3.600000000000000000e+01 0.000000000000000000e+00 1.600000000000000089e+00 -1.387999999999999911e-03 3.772999999999999878e-03 9.999919999999999920e-01 9.984910000000000174e-01 5.490500000000000241e-02 1.178999999999999927e-03 -5.489999999999999741e-02 9.984840000000000382e-01 -3.844000000000000195e-03
8.000000000000000000e+00 9.500000000000000000e+01 3.600000000000000000e+01 0.000000000000000000e+00 1.600000000000000089e+00 2.113999999999999994e-03 9.069099999999999384e-02 9.958770000000000122e-01 9.978470000000000395e-01 6.508700000000000596e-02 -8.045000000000000068e-03 -6.554799999999999516e-02 9.937500000000000222e-01 -9.035899999999999488e-02
1.200000000000000000e+01 9.500000000000000000e+01 3.600000000000000000e+01 0.000000000000000000e+00 1.600000000000000089e+00 3.996000000000000420e-03 8.733000000000000485e-02 9.961710000000000287e-01 9.970029999999999726e-01 7.661999999999999367e-02 -1.071599999999999983e-02 -7.726299999999999835e-02 9.932279999999999998e-01 -8.676200000000000578e-02
1.700000000000000000e+01 9.500000000000000000e+01 3.600000000000000000e+01 0.000000000000000000e+00 1.600000000000000089e+00 2.008999999999999935e-03 2.973900000000000154e-02 9.995560000000000000e-01 9.970290000000000541e-01 7.691099999999999326e-02 -4.291999999999999808e-03 -7.700500000000000400e-02 9.965939999999999799e-01 -2.949600000000000138e-02
2.300000000000000000e+01 9.500000000000000000e+01 3.600000000000000000e+01 0.000000000000000000e+00 1.600000000000000089e+00 2.909000000000000127e-03 -2.184499999999999983e-02 9.997570000000000068e-01 9.965089999999999781e-01 8.348099999999999965e-02 -1.075000000000000001e-03 -8.343699999999999728e-02 9.962699999999999889e-01 2.201200000000000032e-02
2.700000000000000000e+01 9.500000000000000000e+01 3.600000000000000000e+01 0.000000000000000000e+00 1.600000000000000089e+00 -7.889999999999999878e-04 -1.294799999999999944e-02 9.999160000000000270e-01 9.959949999999999637e-01 8.938599999999999324e-02 1.943000000000000066e-03 -8.940399999999999736e-02 9.959130000000000482e-01 1.282600000000000059e-02
5.000000000000000000e+00 3.000000000000000000e+00 4.300000000000000000e+01 0.000000000000000000e+00 1.600000000000000089e+00 4.204000000000000271e-03 -2.618999999999999800e-03 -9.999879999999999880e-01 7.416899999999999604e-01 -6.707250000000000156e-01 4.874999999999999993e-03 -6.707290000000000196e-01 -7.417019999999999724e-01 -8.769999999999999584e-04
1.000000000000000000e+01 3.000000000000000000e+00 4.300000000000000000e+01 0.000000000000000000e+00 1.600000000000000089e+00 -6.040000000000000447e-04 -2.701699999999999935e-02 -9.996350000000000513e-01 7.393999999999999462e-01 -6.730319999999999636e-01 1.774299999999999836e-02 -6.732660000000000311e-01 -7.391199999999999992e-01 2.038299999999999834e-02
2.100000000000000000e+01 3.000000000000000000e+00 4.300000000000000000e+01 0.000000000000000000e+00 1.600000000000000089e+00 7.668999999999999602e-03 3.709500000000000297e-02 -9.992820000000000036e-01 7.425230000000000441e-01 -6.695459999999999745e-01 -1.915599999999999942e-02 -6.697760000000000380e-01 -7.418430000000000302e-01 -3.267899999999999971e-02
2.500000000000000000e+01 3.000000000000000000e+00 4.300000000000000000e+01 0.000000000000000000e+00 1.600000000000000089e+00 8.939000000000000765e-03 4.711300000000000210e-02 -9.988500000000000156e-01 7.407399999999999540e-01 -6.713249999999999496e-01 -2.503500000000000170e-02 -6.717319999999999958e-01 -7.396639999999999882e-01 -4.089999999999999886e-02
4.000000000000000000e+00 8.000000000000000000e+00 4.400000000000000000e+01 0.000000000000000000e+00 1.600000000000000089e+00 -9.890000000000000787e-04 -2.688999999999999984e-03 9.999959999999999960e-01 -7.675680000000000280e-01 -6.409629999999999495e-01 -2.482999999999999964e-03 6.409669999999999535e-01 -7.675669999999999993e-01 -1.430000000000000064e-03
1.400000000000000000e+01 8.000000000000000000e+00 4.400000000000000000e+01 0.000000000000000000e+00 1.600000000000000089e+00 -1.712999999999999896e-03 -1.763999999999999943e-03 9.999970000000000248e-01 -7.647059999999999969e-01 -6.443740000000000023e-01 -2.446999999999999956e-03 6.443769999999999776e-01 -7.647080000000000544e-01 -2.449999999999999921e-04
2.000000000000000000e+01 8.000000000000000000e+00 4.400000000000000000e+01 0.000000000000000000e+00 1.600000000000000089e+00 1.060000000000000016e-04 7.479000000000000405e-03 9.999719999999999720e-01 -7.705910000000000259e-01 -6.373109999999999609e-01 4.849000000000000012e-03 6.373299999999999521e-01 -7.705699999999999772e-01 5.695999999999999674e-03
4.000000000000000000e+00 2.900000000000000000e+01 4.400000000000000000e+01 0.000000000000000000e+00 1.600000000000000089e+00 -2.743000000000000212e-03 -4.559999999999999817e-03 -9.999860000000000415e-01 6.578249999999999931e-01 7.531529999999999614e-01 -5.238999999999999733e-03 7.531660000000000021e-01 -6.578300000000000258e-01 9.340000000000000429e-04
1.100000000000000000e+01 2.900000000000000000e+01 4.400000000000000000e+01 0.000000000000000000e+00 1.600000000000000089e+00 6.279999999999999775e-04 1.874000000000000015e-03 -9.999980000000000535e-01 6.706879999999999509e-01 7.417380000000000084e-01 1.810999999999999893e-03 7.417399999999999549e-01 -6.706870000000000331e-01 -7.910000000000000364e-04
1.500000000000000000e+01 2.900000000000000000e+01 4.400000000000000000e+01 0.000000000000000000e+00 1.600000000000000089e+00 1.366000000000000027e-03 2.550999999999999882e-03 -9.999959999999999960e-01 6.783639999999999670e-01 7.347209999999999575e-01 2.801000000000000104e-03 7.347249999999999615e-01 -6.783649999999999958e-01 -7.269999999999999987e-04
2.000000000000000000e+01 2.900000000000000000e+01 4.400000000000000000e+01 0.000000000000000000e+00 1.600000000000000089e+00 1.397999999999999937e-03 -2.279000000000000210e-03 -9.999959999999999960e-01 6.831939999999999680e-01 7.302359999999999962e-01 -7.089999999999999948e-04 7.302349999999999675e-01 -6.831909999999999927e-01 2.576999999999999864e-03
2.900000000000000000e+01 2.900000000000000000e+01 4.400000000000000000e+01 0.000000000000000000e+00 1.600000000000000089e+00 8.199999999999999824e-04 2.650000000000000012e-03 -9.999959999999999960e-01 6.724609999999999754e-01 7.401280000000000081e-01 2.513000000000000043e-03 7.401320000000000121e-01 -6.724599999999999467e-01 -1.175000000000000046e-03
7.000000000000000000e+00 5.400000000000000000e+01 4.600000000000000000e+01 0.000000000000000000e+00 1.600000000000000089e+00 -9.150000000000000147e-04 -2.674000000000000161e-03 9.999959999999999960e-01 3.033770000000000078e-01 -9.528680000000000483e-01 -2.271000000000000015e-03 9.528699999999999948e-01 3.033730000000000038e-01 1.683000000000000034e-03
2.800000000000000000e+01 5.400000000000000000e+01 4.600000000000000000e+01 0.000000000000000000e+00 1.600000000000000089e+00 3.494999999999999843e-03 -2.222000000000000017e-03 9.999909999999999632e-01 3.200080000000000147e-01 -9.474089999999999456e-01 -3.223000000000000170e-03 9.474080000000000279e-01 3.200160000000000227e-01 -2.599999999999999881e-03
1.300000000000000000e+01 6.500000000000000000e+01 4.600000000000000000e+01 0.000000000000000000e+00 1.600000000000000089e+00 3.212000000000000011e-03 -2.693000000000000081e-03 9.999909999999999632e-01 6.826630000000000198e-01 -7.307209999999999539e-01 -4.160999999999999768e-03 7.307259999999999867e-01 6.826710000000000278e-01 -5.090000000000000123e-04
2.200000000000000000e+01 6.500000000000000000e+01 4.600000000000000000e+01 0.000000000000000000e+00 1.600000000000000089e+00 1.956999999999999972e-03 -1.219999999999999974e-04 9.999980000000000535e-01 6.808300000000000463e-01 -7.324399999999999800e-01 -1.422000000000000087e-03 7.324389999999999512e-01 6.808309999999999640e-01 -1.350000000000000071e-03
1.000000000000000000e+01 7.000000000000000000e+01 4.700000000000000000e+01 0.000000000000000000e+00 1.600000000000000089e+00 -3.840000000000000097e-04 2.077999999999999986e-03 -9.999980000000000535e-01 -8.388809999999999878e-01 -5.443149999999999933e-01 -8.090000000000000403e-04 -5.443149999999999933e-01 8.388790000000000413e-01 1.951999999999999959e-03
1.300000000000000000e+01 7.000000000000000000e+01 4.700000000000000000e+01 0.000000000000000000e+00 1.600000000000000089e+00 -2.273999999999999980e-03 -2.024000000000000191e-03 -9.999949999999999672e-01 -8.409839999999999538e-01 -5.410509999999999486e-01 3.007000000000000124e-03 -5.410549999999999526e-01 8.409870000000000401e-01 -4.719999999999999803e-04
1.800000000000000000e+01 1.150000000000000000e+02 5.100000000000000000e+01 0.000000000000000000e+00 1.600000000000000089e+00 -2.394999999999999993e-03 -6.479000000000000384e-03 9.999759999999999760e-01 8.420760000000000467e-01 -5.393580000000000041e-01 -1.477000000000000014e-03 5.393540000000000001e-01 8.420520000000000227e-01 6.747999999999999658e-03
8.000000000000000000e+00 7.000000000000000000e+00 5.200000000000000000e+01 0.000000000000000000e+00 1.600000000000000089e+00 -1.248200000000000004e-02 -7.611999999999999843e-03 -9.998930000000000318e-01 1.131500000000000006e-01 -9.935589999999999700e-01 6.151000000000000217e-03 -9.935000000000000497e-01 -1.130609999999999948e-01 1.326300000000000048e-02
4.000000000000000000e+00 1.500000000000000000e+01 5.300000000000000000e+01 0.000000000000000000e+00 1.600000000000000089e+00 -4.440000000000000045e-04 7.600000000000000418e-05 -1.000000000000000000e+00 6.789730000000000487e-01 7.341630000000000100e-01 -2.460000000000000164e-04 7.341630000000000100e-01 -6.789730000000000487e-01 -3.770000000000000022e-04
8.000000000000000000e+00 6.300000000000000000e+01 5.400000000000000000e+01 0.000000000000000000e+00 1.600000000000000089e+00 -9.340000000000000429e-04 -8.710000000000000294e-04 9.999989999999999712e-01 -3.559629999999999739e-01 9.344999999999999973e-01 4.809999999999999823e-04 -9.344999999999999973e-01 -3.559620000000000006e-01 -1.183000000000000024e-03
1.400000000000000000e+01 6.300000000000000000e+01 5.400000000000000000e+01 0.000000000000000000e+00 1.600000000000000089e+00 -1.959999999999999937e-04 -3.570000000000000040e-04 1.000000000000000000e+00 -3.540360000000000174e-01 9.352319999999999522e-01 2.640000000000000202e-04 -9.352319999999999522e-01 -3.540360000000000174e-01 -3.099999999999999999e-04
1.900000000000000000e+01 6.300000000000000000e+01 5.400000000000000000e+01 0.000000000000000000e+00 1.600000000000000089e+00 -1.550000000000000000e-04 2.014000000000000165e-03 9.999980000000000535e-01 -3.543479999999999963e-01 9.351120000000000543e-01 -1.938000000000000052e-03 -9.351140000000000008e-01 -3.543479999999999963e-01 5.680000000000000370e-04
2.600000000000000000e+01 6.300000000000000000e+01 5.400000000000000000e+01 0.000000000000000000e+00 1.600000000000000089e+00 2.559999999999999884e-04 2.700999999999999842e-03 9.999959999999999960e-01 -3.484829999999999872e-01 9.373120000000000340e-01 -2.442000000000000160e-03 -9.373150000000000093e-01 -3.484809999999999852e-01 1.180999999999999975e-03
3.000000000000000000e+01 6.300000000000000000e+01 5.400000000000000000e+01 0.000000000000000000e+00 1.600000000000000089e+00 3.730000000000000134e-04 4.240999999999999978e-03 9.999909999999999632e-01 -3.445679999999999854e-01 9.387529999999999486e-01 -3.851999999999999955e-03 -9.387609999999999566e-01 -3.445639999999999814e-01 1.812000000000000026e-03
4.000000000000000000e+00 2.500000000000000000e+01 5.500000000000000000e+01 0.000000000000000000e+00 1.600000000000000089e+00 -1.572000000000000047e-03 1.956999999999999972e-03 -9.999970000000000248e-01 -1.175099999999999929e-02 -9.999289999999999567e-01 -1.938000000000000052e-03 -9.999299999999999855e-01 1.174799999999999976e-02 1.595000000000000064e-03
8.000000000000000000e+00 2.500000000000000000e+01 5.500000000000000000e+01 0.000000000000000000e+00 1.600000000000000089e+00 -2.439000000000000196e-03 2.712000000000000001e-03 -9.999930000000000208e-01 -1.026700000000000008e-02 -9.999440000000000550e-01 -2.687000000000000152e-03 -9.999440000000000550e-01 1.026099999999999929e-02 2.467000000000000009e-03
1.300000000000000000e+01 2.500000000000000000e+01 5.500000000000000000e+01 0.000000000000000000e+00 1.600000000000000089e+00 -6.589999999999999721e-04 -2.709999999999999735e-04 -1.000000000000000000e+00 -1.062899999999999956e-02 -9.999430000000000263e-01 2.779999999999999811e-04 -9.999430000000000263e-01 1.062899999999999956e-02 6.570000000000000319e-04
1.800000000000000000e+01 2.500000000000000000e+01 5.500000000000000000e+01 0.000000000000000000e+00 1.600000000000000089e+00 1.649000000000000075e-03 2.138999999999999842e-03 -9.999959999999999960e-01 -8.847999999999999962e-03 -9.999590000000000423e-01 -2.154000000000000099e-03 -9.999590000000000423e-01 8.852000000000000493e-03 -1.629999999999999939e-03
1.000000000000000000e+00 7.000000000000000000e+00 6.000000000000000000e+01 0.000000000000000000e+00 1.600000000000000089e+00 1.129999999999999955e-04 -5.360000000000000181e-04 1.000000000000000000e+00 5.723580000000000334e-01 -8.200039999999999552e-01 -5.039999999999999992e-04 8.200039999999999552e-01 5.723580000000000334e-01 2.139999999999999975e-04
6.000000000000000000e+00 7.000000000000000000e+00 6.000000000000000000e+01 0.000000000000000000e+00 1.600000000000000089e+00 8.270000000000000441e-04 -5.037999999999999944e-03 9.999869999999999592e-01 5.680549999999999766e-01 -8.229779999999999873e-01 -4.616000000000000311e-03 8.229899999999999993e-01 5.680520000000000014e-01 2.181000000000000213e-03
