5.000000000000000000e+00 2.500000000000000000e+01 1.000000000000000000e+00 0.000000000000000000e+00 1.600000000000000089e+00 2.511999999999999910e-03 3.905000000000000051e-03 -9.999890000000000168e-01 -5.247709999999999875e-01 -8.512309999999999599e-01 -4.642000000000000293e-03 -8.512399999999999967e-01 5.247770000000000490e-01 -8.899999999999999491e-05
6.000000000000000000e+00 1.500000000000000000e+01 4.000000000000000000e+00 0.000000000000000000e+00 1.600000000000000089e+00 -8.498000000000000345e-03 -3.664000000000000156e-03 9.999569999999999848e-01 3.005599999999999938e-01 -9.537619999999999987e-01 -9.409999999999999962e-04 9.537250000000000449e-01 3.005390000000000006e-01 9.206999999999999906e-03
1.000000000000000000e+01 1.500000000000000000e+01 4.000000000000000000e+00 0.000000000000000000e+00 1.600000000000000089e+00 -5.112000000000000224e-03 -2.717999999999999930e-03 9.999829999999999552e-01 2.966289999999999760e-01 -9.549919999999999520e-01 -1.079000000000000098e-03 9.549790000000000223e-01 2.966190000000000215e-01 5.688000000000000347e-03
2.100000000000000000e+01 1.500000000000000000e+01 4.000000000000000000e+00 0.000000000000000000e+00 1.600000000000000089e+00 2.664000000000000135e-03 1.310500000000000033e-02 9.999109999999999943e-01 2.946730000000000183e-01 -9.555259999999999865e-01 1.173899999999999944e-02 9.555940000000000545e-01 2.946150000000000158e-01 -6.407000000000000368e-03
2.900000000000000000e+01 1.500000000000000000e+01 4.000000000000000000e+00 0.000000000000000000e+00 1.600000000000000089e+00 1.379000000000000017e-03 2.183000000000000045e-03 9.999970000000000248e-01 3.038359999999999950e-01 -9.527229999999999865e-01 1.660999999999999933e-03 9.527229999999999865e-01 3.038319999999999910e-01 -1.977000000000000025e-03
1.700000000000000000e+01 1.600000000000000000e+01 4.000000000000000000e+00 0.000000000000000000e+00 1.600000000000000089e+00 -2.320000000000000014e-04 1.004299999999999984e-02 9.999500000000000055e-01 3.698259999999999881e-01 -9.290530000000000177e-01 9.417000000000000023e-03 9.291009999999999547e-01 3.698089999999999988e-01 -3.498999999999999940e-03
9.000000000000000000e+00 1.010000000000000000e+02 7.000000000000000000e+00 0.000000000000000000e+00 1.600000000000000089e+00 -3.640000000000000115e-04 1.500300000000000071e-02 9.998869999999999703e-01 8.844929999999999737e-01 4.665059999999999762e-01 -6.677999999999999908e-03 -4.665540000000000243e-01 8.843910000000000382e-01 -1.344000000000000056e-02
1.500000000000000000e+01 1.010000000000000000e+02 7.000000000000000000e+00 0.000000000000000000e+00 1.600000000000000089e+00 -8.980000000000000352e-04 1.094400000000000060e-02 9.999400000000000510e-01 8.837789999999999813e-01 4.678849999999999953e-01 -4.327000000000000117e-03 -4.679039999999999866e-01 8.837220000000000075e-01 -1.009200000000000028e-02
2.000000000000000000e+01 1.010000000000000000e+02 7.000000000000000000e+00 0.000000000000000000e+00 1.600000000000000089e+00 2.716000000000000098e-03 -1.882999999999999908e-03 9.999949999999999672e-01 8.830829999999999513e-01 4.692149999999999932e-01 -1.515000000000000071e-03 -4.692089999999999872e-01 8.830820000000000336e-01 2.938000000000000073e-03
2.400000000000000000e+01 1.500000000000000000e+01 8.000000000000000000e+00 0.000000000000000000e+00 1.600000000000000089e+00 8.050000000000000515e-04 1.110799999999999982e-02 -9.999379999999999935e-01 -5.919560000000000377e-01 -8.059150000000000480e-01 -9.428999999999999881e-03 -8.059699999999999642e-01 5.919269999999999810e-01 5.926999999999999977e-03
3.000000000000000000e+00 2.400000000000000000e+01 9.000000000000000000e+00 0.000000000000000000e+00 1.600000000000000089e+00 -1.915999999999999951e-03 -6.318999999999999964e-03 -9.999780000000000335e-01 4.518309999999999826e-01 8.920799999999999841e-01 -6.501999999999999967e-03 8.921019999999999506e-01 -4.518340000000000134e-01 1.146000000000000100e-03
6.000000000000000000e+00 2.400000000000000000e+01 9.000000000000000000e+00 0.000000000000000000e+00 1.600000000000000089e+00 -2.609999999999999907e-03 -5.723999999999999921e-03 -9.999799999999999800e-01 4.523349999999999871e-01 8.918260000000000076e-01 -6.285999999999999921e-03 8.918439999999999701e-01 -4.523420000000000218e-01 2.620000000000000258e-04
1.200000000000000000e+01 2.400000000000000000e+01 9.000000000000000000e+00 0.000000000000000000e+00 1.600000000000000089e+00 -1.268000000000000030e-03 -1.098999999999999934e-03 -9.999989999999999712e-01 4.533110000000000195e-01 8.913510000000000044e-01 -1.554000000000000043e-03 8.913510000000000044e-01 -4.533130000000000215e-01 -6.319999999999999663e-04
2.100000000000000000e+01 2.400000000000000000e+01 9.000000000000000000e+00 0.000000000000000000e+00 1.600000000000000089e+00 -8.800000000000000313e-04 -5.569000000000000165e-03 -9.999839999999999840e-01 4.538329999999999864e-01 8.910709999999999464e-01 -5.361999999999999579e-03 8.910860000000000447e-01 -4.538300000000000112e-01 1.742999999999999975e-03
2.700000000000000000e+01 2.400000000000000000e+01 9.000000000000000000e+00 0.000000000000000000e+00 1.600000000000000089e+00 -1.626000000000000058e-03 -9.367999999999999591e-03 -9.999550000000000383e-01 4.543079999999999896e-01 8.907979999999999787e-01 -9.084000000000000061e-03 8.908430000000000515e-01 -4.543030000000000124e-01 2.807000000000000033e-03
1.300000000000000000e+01 3.100000000000000000e+01 1.200000000000000000e+01 0.000000000000000000e+00 1.600000000000000089e+00 1.366999999999999943e-03 -2.069999999999999792e-03 9.999970000000000248e-01 4.590000000000000330e-03 9.999869999999999592e-01 2.063000000000000164e-03 -9.999890000000000168e-01 4.586999999999999932e-03 1.376000000000000053e-03
2.700000000000000000e+01 3.100000000000000000e+01 1.200000000000000000e+01 0.000000000000000000e+00 1.600000000000000089e+00 -4.079999999999999968e-04 -4.057999999999999975e-03 9.999919999999999920e-01 7.347000000000000232e-03 9.999649999999999928e-01 4.061000000000000373e-03 -9.999730000000000008e-01 7.348000000000000365e-03 -3.780000000000000265e-04
2.200000000000000000e+01 3.200000000000000000e+01 1.400000000000000000e+01 0.000000000000000000e+00 1.600000000000000089e+00 7.339999999999999520e-04 2.930000000000000204e-04 -1.000000000000000000e+00 1.009710000000000052e-01 9.948890000000000233e-01 3.649999999999999816e-04 9.948890000000000233e-01 -1.009710000000000052e-01 7.010000000000000172e-04
7.000000000000000000e+00 1.200000000000000000e+01 1.500000000000000000e+01 0.000000000000000000e+00 1.600000000000000089e+00 2.716000000000000098e-03 4.467999999999999750e-03 -9.999860000000000415e-01 -4.695329999999999782e-01 -8.829000000000000181e-01 -5.219999999999999814e-03 -8.829110000000000014e-01 4.695409999999999862e-01 -3.009999999999999980e-04
1.400000000000000000e+01 1.200000000000000000e+01 1.500000000000000000e+01 0.000000000000000000e+00 1.600000000000000089e+00 4.622000000000000240e-03 4.290999999999999676e-03 -9.999799999999999800e-01 -4.695139999999999869e-01 -8.829050000000000509e-01 -5.957999999999999755e-03 -8.829129999999999479e-01 4.695320000000000049e-01 -2.066000000000000128e-03
1.900000000000000000e+01 1.200000000000000000e+01 1.500000000000000000e+01 0.000000000000000000e+00 1.600000000000000089e+00 2.349999999999999930e-04 3.050999999999999893e-03 -9.999949999999999672e-01 -4.710360000000000102e-01 -8.821099999999999497e-01 -2.801999999999999803e-03 -8.821139999999999537e-01 4.710340000000000082e-01 1.229000000000000058e-03
2.700000000000000000e+01 1.200000000000000000e+01 1.500000000000000000e+01 0.000000000000000000e+00 1.600000000000000089e+00 -5.439999999999999957e-04 -1.394999999999999973e-03 -9.999989999999999712e-01 -4.675429999999999864e-01 -8.839690000000000047e-01 1.487000000000000040e-03 -8.839700000000000335e-01 4.675429999999999864e-01 -1.710000000000000094e-04
3.000000000000000000e+00 1.100000000000000000e+01 1.600000000000000000e+01 0.000000000000000000e+00 1.600000000000000089e+00 1.036999999999999944e-03 1.533000000000000074e-03 -9.999980000000000535e-01 -4.158060000000000089e-01 -9.094510000000000094e-01 -1.825000000000000016e-03 -9.094529999999999559e-01 4.158069999999999822e-01 -3.049999999999999868e-04
1.500000000000000000e+01 1.100000000000000000e+01 1.600000000000000000e+01 0.000000000000000000e+00 1.600000000000000089e+00 3.627000000000000016e-03 4.537000000000000234e-03 -9.999829999999999552e-01 -4.173479999999999968e-01 -9.087290000000000090e-01 -5.636999999999999650e-03 -9.087389999999999635e-01 4.173620000000000108e-01 -1.402999999999999950e-03
2.300000000000000000e+01 1.100000000000000000e+01 1.600000000000000000e+01 0.000000000000000000e+00 1.600000000000000089e+00 -8.490000000000000368e-04 -2.386000000000000100e-03 -9.999970000000000248e-01 -4.166839999999999988e-01 -9.090479999999999672e-01 2.523000000000000069e-03 -9.090510000000000534e-01 4.166850000000000276e-01 -2.220000000000000022e-04
2.600000000000000000e+01 1.100000000000000000e+01 1.600000000000000000e+01 0.000000000000000000e+00 1.600000000000000089e+00 -7.450000000000000025e-04 -1.121999999999999950e-03 -9.999989999999999712e-01 -4.160599999999999854e-01 -9.093360000000000332e-01 1.330999999999999935e-03 -9.093369999999999509e-01 4.160610000000000142e-01 2.100000000000000087e-04
6.000000000000000000e+00 1.160000000000000000e+02 1.600000000000000000e+01 0.000000000000000000e+00 1.600000000000000089e+00 1.616000000000000032e-03 -1.753000000000000001e-03 9.999970000000000248e-01 6.777290000000000258e-01 7.353119999999999656e-01 1.939999999999999993e-04 -7.353100000000000191e-01 6.777260000000000506e-01 2.377000000000000206e-03
1.400000000000000000e+01 1.160000000000000000e+02 1.600000000000000000e+01 0.000000000000000000e+00 1.600000000000000089e+00 -5.820000000000000520e-04 2.589999999999999854e-03 9.999959999999999960e-01 7.150729999999999587e-01 6.990480000000000027e-01 -1.394000000000000057e-03 -6.990499999999999492e-01 7.150699999999999834e-01 -2.259000000000000157e-03
2.800000000000000000e+01 1.160000000000000000e+02 1.600000000000000000e+01 0.000000000000000000e+00 1.600000000000000089e+00 2.765999999999999796e-03 2.344999999999999862e-03 9.999930000000000208e-01 7.038529999999999509e-01 7.103369999999999962e-01 -3.612999999999999892e-03 -7.103410000000000002e-01 7.038579999999999837e-01 3.139999999999999888e-04
3.000000000000000000e+00 2.000000000000000000e+00 1.900000000000000000e+01 0.000000000000000000e+00 1.600000000000000089e+00 -1.399999999999999877e-04 -7.596000000000000321e-03 -9.999710000000000543e-01 1.935030000000000083e-01 -9.810720000000000551e-01 7.425000000000000176e-03 -9.810999999999999721e-01 -1.934960000000000013e-01 1.606999999999999922e-03
7.000000000000000000e+00 2.000000000000000000e+00 1.900000000000000000e+01 0.000000000000000000e+00 1.600000000000000089e+00 5.379999999999999583e-04 -1.610000000000000103e-04 -1.000000000000000000e+00 1.965850000000000097e-01 -9.804869999999999974e-01 2.629999999999999959e-04 -9.804869999999999974e-01 -1.965850000000000097e-01 -4.960000000000000216e-04
1.500000000000000000e+01 2.000000000000000000e+00 1.900000000000000000e+01 0.000000000000000000e+00 1.600000000000000089e+00 2.782999999999999884e-03 5.660000000000000100e-03 -9.999799999999999800e-01 1.915530000000000010e-01 -9.814699999999999536e-01 -5.022000000000000422e-03 -9.814779999999999616e-01 -1.915350000000000108e-01 -3.815999999999999948e-03
1.900000000000000000e+01 2.000000000000000000e+00 1.900000000000000000e+01 0.000000000000000000e+00 1.600000000000000089e+00 1.981999999999999821e-03 -1.632999999999999903e-03 -9.999970000000000248e-01 1.894230000000000080e-01 -9.818940000000000445e-01 1.978999999999999856e-03 -9.818940000000000445e-01 -1.894270000000000120e-01 -1.637000000000000000e-03
2.300000000000000000e+01 2.000000000000000000e+00 1.900000000000000000e+01 0.000000000000000000e+00 1.600000000000000089e+00 -1.958999999999999804e-03 9.569999999999999514e-04 -9.999980000000000535e-01 1.862459999999999949e-01 -9.825019999999999865e-01 -1.306000000000000086e-03 -9.825009999999999577e-01 -1.862479999999999969e-01 1.747000000000000072e-03
2.700000000000000000e+01 2.000000000000000000e+00 1.900000000000000000e+01 0.000000000000000000e+00 1.600000000000000089e+00 -4.937000000000000416e-03 3.864999999999999946e-03 -9.999799999999999800e-01 1.830990000000000117e-01 -9.830830000000000402e-01 -4.703999999999999848e-03 -9.830820000000000114e-01 -1.831180000000000030e-01 4.146000000000000379e-03
5.000000000000000000e+00 4.000000000000000000e+00 2.000000000000000000e+01 0.000000000000000000e+00 1.600000000000000089e+00 8.970000000000000109e-04 -3.389000000000000085e-03 -9.999940000000000495e-01 2.913649999999999851e-01 -9.566050000000000386e-01 3.503000000000000037e-03 -9.566109999999999891e-01 -2.913669999999999871e-01 1.289999999999999914e-04
1.100000000000000000e+01 4.000000000000000000e+00 2.000000000000000000e+01 0.000000000000000000e+00 1.600000000000000089e+00 1.250999999999999942e-03 8.311999999999999944e-03 -9.999649999999999928e-01 2.929140000000000077e-01 -9.561089999999999867e-01 -7.581000000000000065e-03 -9.561380000000000434e-01 -2.928939999999999877e-01 -3.631000000000000113e-03
2.100000000000000000e+01 4.000000000000000000e+00 2.000000000000000000e+01 0.000000000000000000e+00 1.600000000000000089e+00 2.162999999999999992e-03 1.620000000000000075e-04 -9.999980000000000535e-01 2.841549999999999909e-01 -9.587780000000000191e-01 4.589999999999999896e-04 -9.587759999999999616e-01 -2.841549999999999909e-01 -2.119999999999999923e-03
2.700000000000000000e+01 4.000000000000000000e+00 2.000000000000000000e+01 0.000000000000000000e+00 1.600000000000000089e+00 -6.827999999999999868e-03 6.275000000000000196e-03 -9.999569999999999848e-01 2.729130000000000167e-01 -9.620060000000000278e-01 -7.901000000000000037e-03 -9.620140000000000358e-01 -2.729550000000000032e-01 4.856000000000000073e-03
5.000000000000000000e+00 1.300000000000000000e+01 2.000000000000000000e+01 0.000000000000000000e+00 1.600000000000000089e+00 1.526000000000000013e-03 1.404000000000000083e-03 9.999980000000000535e-01 2.553389999999999826e-01 9.668499999999999872e-01 -1.747000000000000072e-03 -9.668499999999999872e-01 2.553409999999999846e-01 1.116999999999999937e-03
1.100000000000000000e+01 1.300000000000000000e+01 2.000000000000000000e+01 0.000000000000000000e+00 1.600000000000000089e+00 9.030000000000000483e-04 7.900000000000000121e-04 9.999989999999999712e-01 2.544950000000000268e-01 9.670729999999999604e-01 -9.929999999999999591e-04 -9.670739999999999892e-01 2.544960000000000000e-01 6.719999999999999628e-04
1.600000000000000000e+01 1.300000000000000000e+01 2.000000000000000000e+01 0.000000000000000000e+00 1.600000000000000089e+00 1.147999999999999932e-03 -3.678999999999999979e-03 9.999930000000000208e-01 2.552249999999999797e-01 9.668759999999999577e-01 3.263999999999999974e-03 -9.668809999999999905e-01 2.552189999999999737e-01 2.049000000000000040e-03
2.100000000000000000e+01 1.300000000000000000e+01 2.000000000000000000e+01 0.000000000000000000e+00 1.600000000000000089e+00 -1.219999999999999947e-03 1.497999999999999983e-03 9.999980000000000535e-01 2.560660000000000158e-01 9.666590000000000460e-01 -1.136000000000000074e-03 -9.666590000000000460e-01 2.560640000000000138e-01 -1.562999999999999936e-03
2.800000000000000000e+01 1.300000000000000000e+01 2.000000000000000000e+01 0.000000000000000000e+00 1.600000000000000089e+00 2.210000000000000050e-04 -3.413999999999999934e-03 9.999940000000000495e-01 2.519330000000000180e-01 9.677390000000000159e-01 3.248000000000000019e-03 -9.677449999999999664e-01 2.519299999999999873e-01 1.074000000000000085e-03
5.000000000000000000e+00 1.600000000000000000e+01 2.100000000000000000e+01 0.000000000000000000e+00 1.600000000000000089e+00 1.343999999999999926e-03 1.716999999999999993e-03 9.999980000000000535e-01 2.991050000000000098e-01 9.542180000000000106e-01 -2.040000000000000147e-03 -9.542190000000000394e-01 2.991070000000000118e-01 7.690000000000000438e-04
8.000000000000000000e+00 1.600000000000000000e+01 2.100000000000000000e+01 0.000000000000000000e+00 1.600000000000000089e+00 3.680000000000000003e-04 5.206999999999999823e-03 9.999860000000000415e-01 2.988430000000000253e-01 9.542890000000000539e-01 -5.079000000000000181e-03 -9.543019999999999836e-01 2.988410000000000233e-01 -1.204999999999999908e-03
1.200000000000000000e+01 1.600000000000000000e+01 2.100000000000000000e+01 0.000000000000000000e+00 1.600000000000000089e+00 1.319000000000000077e-03 3.225000000000000002e-03 9.999940000000000495e-01 2.974649999999999794e-01 9.547259999999999636e-01 -3.471999999999999826e-03 -9.547320000000000251e-01 2.974680000000000102e-01 2.999999999999999737e-04
2.000000000000000000e+01 1.600000000000000000e+01 2.100000000000000000e+01 0.000000000000000000e+00 1.600000000000000089e+00 -1.428999999999999932e-03 -1.704999999999999918e-03 9.999980000000000535e-01 2.977929999999999744e-01 9.546280000000000321e-01 2.053000000000000137e-03 -9.546289999999999498e-01 2.977960000000000051e-01 -8.570000000000000144e-04
2.400000000000000000e+01 1.600000000000000000e+01 2.100000000000000000e+01 0.000000000000000000e+00 1.600000000000000089e+00 -1.116999999999999937e-03 3.919999999999999873e-03 9.999919999999999920e-01 2.979620000000000046e-01 9.545719999999999761e-01 -3.409000000000000138e-03 -9.545770000000000088e-01 2.979559999999999986e-01 -2.233999999999999875e-03
2.800000000000000000e+01 1.600000000000000000e+01 2.100000000000000000e+01 0.000000000000000000e+00 1.600000000000000089e+00 -3.669999999999999760e-04 -5.259999999999999919e-04 1.000000000000000000e+00 2.960820000000000118e-01 9.551619999999999555e-01 6.109999999999999980e-04 -9.551629999999999843e-01 2.960820000000000118e-01 -1.949999999999999965e-04
9.000000000000000000e+00 3.000000000000000000e+00 2.500000000000000000e+01 0.000000000000000000e+00 1.600000000000000089e+00 -2.282000000000000174e-03 3.775999999999999843e-03 9.999900000000000455e-01 -6.289500000000000646e-02 -9.980139999999999567e-01 3.625000000000000184e-03 9.980179999999999607e-01 -6.288599999999999746e-02 2.514999999999999875e-03
1.900000000000000000e+01 3.000000000000000000e+00 2.500000000000000000e+01 0.000000000000000000e+00 1.600000000000000089e+00 -9.550000000000000112e-04 -8.540000000000000499e-04 9.999989999999999712e-01 -4.388700000000000240e-02 -9.990360000000000351e-01 -8.949999999999999623e-04 9.990360000000000351e-01 -4.388700000000000240e-02 9.160000000000000390e-04
2.300000000000000000e+01 3.000000000000000000e+00 2.500000000000000000e+01 0.000000000000000000e+00 1.600000000000000089e+00 -3.480000000000000020e-03 1.319999999999999993e-03 9.999930000000000208e-01 -3.785999999999999782e-02 -9.992820000000000036e-01 1.188000000000000037e-03 9.992769999999999708e-01 -3.785499999999999976e-02 3.527000000000000187e-03
4.000000000000000000e+00 4.600000000000000000e+01 2.700000000000000000e+01 0.000000000000000000e+00 1.600000000000000089e+00 -1.108999999999999960e-03 2.354999999999999889e-03 -9.999970000000000248e-01 6.542649999999999855e-01 7.562649999999999650e-01 1.054999999999999948e-03 7.562649999999999650e-01 -6.542609999999999815e-01 -2.380000000000000171e-03
1.800000000000000000e+01 4.600000000000000000e+01 2.700000000000000000e+01 0.000000000000000000e+00 1.600000000000000089e+00 2.575000000000000032e-03 2.543999999999999821e-03 -9.999930000000000208e-01 6.597809999999999508e-01 7.514490000000000336e-01 3.611000000000000060e-03 7.514539999999999553e-01 -6.597859999999999836e-01 2.559999999999999884e-04
2.900000000000000000e+01 4.600000000000000000e+01 2.700000000000000000e+01 0.000000000000000000e+00 1.600000000000000089e+00 8.180000000000000422e-04 7.879999999999999635e-04 -9.999989999999999712e-01 6.593010000000000259e-01 7.518780000000000463e-01 1.131000000000000061e-03 7.518780000000000463e-01 -6.593020000000000547e-01 9.600000000000000243e-05
5.000000000000000000e+00 5.800000000000000000e+01 3.100000000000000000e+01 0.000000000000000000e+00 1.600000000000000089e+00 2.439999999999999949e-04 -5.082999999999999845e-03 9.999869999999999592e-01 -7.996590000000000087e-01 -6.004479999999999817e-01 -2.857000000000000164e-03 6.004540000000000433e-01 -7.996480000000000254e-01 -4.211000000000000333e-03
9.000000000000000000e+00 5.800000000000000000e+01 3.100000000000000000e+01 0.000000000000000000e+00 1.600000000000000089e+00 3.057999999999999954e-03 -3.448000000000000110e-03 9.999890000000000168e-01 -7.968520000000000048e-01 -6.041750000000000176e-01 3.530000000000000152e-04 6.041670000000000096e-01 -7.968439999999999968e-01 -4.595000000000000126e-03
2.200000000000000000e+01 5.800000000000000000e+01 3.100000000000000000e+01 0.000000000000000000e+00 1.600000000000000089e+00 -2.098000000000000038e-03 3.644999999999999803e-03 9.999909999999999632e-01 -7.949450000000000127e-01 -6.066810000000000258e-01 5.429999999999999714e-04 6.066780000000000506e-01 -7.949370000000000047e-01 4.171000000000000228e-03
2.800000000000000000e+01 5.800000000000000000e+01 3.100000000000000000e+01 0.000000000000000000e+00 1.600000000000000089e+00 1.890000000000000133e-04 -1.735999999999999913e-03 9.999980000000000535e-01 -7.924930000000000030e-01 -6.098799999999999777e-01 -9.089999999999999773e-04 6.098810000000000064e-01 -7.924919999999999742e-01 -1.490999999999999921e-03
1.300000000000000000e+01 5.900000000000000000e+01 3.200000000000000000e+01 0.000000000000000000e+00 1.600000000000000089e+00 2.308000000000000156e-03 4.948000000000000141e-03 9.999850000000000128e-01 -6.931150000000000366e-01 -7.208080000000000043e-01 5.166999999999999718e-03 7.208229999999999915e-01 -6.931169999999999831e-01 1.765999999999999992e-03
3.000000000000000000e+00 4.600000000000000000e+01 3.500000000000000000e+01 0.000000000000000000e+00 1.600000000000000089e+00 5.310000000000000050e-04 7.820000000000000345e-04 -1.000000000000000000e+00 3.842229999999999812e-01 -9.232399999999999496e-01 -5.180000000000000143e-04 -9.232399999999999496e-01 -3.842220000000000080e-01 -7.910000000000000364e-04
9.000000000000000000e+00 4.600000000000000000e+01 3.500000000000000000e+01 0.000000000000000000e+00 1.600000000000000089e+00 -3.780000000000000265e-04 -1.691999999999999928e-03 -9.999980000000000535e-01 3.852439999999999753e-01 -9.228140000000000231e-01 1.415999999999999941e-03 -9.228150000000000519e-01 -3.852419999999999733e-01 1.000999999999999937e-03
1.300000000000000000e+01 4.600000000000000000e+01 3.500000000000000000e+01 0.000000000000000000e+00 1.600000000000000089e+00 6.149999999999999868e-04 -4.429999999999999802e-04 -1.000000000000000000e+00 3.849360000000000004e-01 -9.229429999999999579e-01 6.449999999999999570e-04 -9.229429999999999579e-01 -3.849360000000000004e-01 -3.970000000000000005e-04
1.700000000000000000e+01 4.600000000000000000e+01 3.500000000000000000e+01 0.000000000000000000e+00 1.600000000000000089e+00 -9.699999999999999963e-05 -2.130000000000000003e-04 -1.000000000000000000e+00 3.844119999999999759e-01 -9.231610000000000094e-01 1.589999999999999888e-04 -9.231610000000000094e-01 -3.844119999999999759e-01 1.710000000000000094e-04
2.300000000000000000e+01 4.600000000000000000e+01 3.500000000000000000e+01 0.000000000000000000e+00 1.600000000000000089e+00 1.007000000000000083e-03 -2.420000000000000005e-04 -9.999989999999999712e-01 3.843440000000000190e-01 -9.231899999999999551e-01 6.099999999999999737e-04 -9.231890000000000374e-01 -3.843449999999999922e-01 -8.369999999999999619e-04
2.800000000000000000e+01 4.600000000000000000e+01 3.500000000000000000e+01 0.000000000000000000e+00 1.600000000000000089e+00 -6.480000000000000300e-04 -5.599999999999999509e-04 -1.000000000000000000e+00 3.837450000000000028e-01 -9.234390000000000098e-01 2.680000000000000090e-04 -9.234390000000000098e-01 -3.837450000000000028e-01 8.130000000000000291e-04
5.000000000000000000e+00 9.500000000000000000e+01 3.600000000000000000e+01 0.000000000000000000e+00 1.600000000000000089e+00 -3.396999999999999846e-03 -7.700000000000000139e-05 9.999940000000000495e-01 9.967110000000000136e-01 8.097000000000000031e-02 3.392000000000000050e-03 -8.097000000000000031e-02 9.967160000000000464e-01 -1.990000000000000124e-04
1.000000000000000000e+01 9.500000000000000000e+01 3.600000000000000000e+01 0.000000000000000000e+00 1.600000000000000089e+00 -2.625999999999999862e-03 7.481999999999999935e-03 9.999689999999999968e-01 9.971929999999999961e-01 7.484599999999999587e-02 2.059000000000000066e-03 -7.482800000000000562e-02 9.971670000000000256e-01 -7.656999999999999744e-03
1.500000000000000000e+01 9.500000000000000000e+01 3.600000000000000000e+01 0.000000000000000000e+00 1.600000000000000089e+00 -3.043999999999999831e-03 1.663600000000000148e-02 9.998569999999999958e-01 9.972710000000000186e-01 7.380499999999999561e-02 1.807999999999999928e-03 -7.376399999999999624e-02 9.971339999999999648e-01 -1.681500000000000009e-02
2.000000000000000000e+01 9.500000000000000000e+01 3.600000000000000000e+01 0.000000000000000000e+00 1.600000000000000089e+00 1.092100000000000015e-02 1.656200000000000033e-02 9.998029999999999973e-01 9.966679999999999984e-01 8.064699999999999647e-02 -1.222200000000000022e-02 -8.083400000000000307e-02 9.966049999999999631e-01 -1.562699999999999853e-02
2.500000000000000000e+01 9.500000000000000000e+01 3.600000000000000000e+01 0.000000000000000000e+00 1.600000000000000089e+00 1.018100000000000081e-02 4.099000000000000213e-03 9.999400000000000510e-01 9.965150000000000396e-01 8.275100000000000511e-02 -1.048600000000000053e-02 -8.278900000000000148e-02 9.965619999999999479e-01 -3.242000000000000090e-03
3.000000000000000000e+00 3.000000000000000000e+00 4.300000000000000000e+01 0.000000000000000000e+00 1.600000000000000089e+00 6.679999999999999740e-04 2.249999999999999938e-04 -1.000000000000000000e+00 7.367869999999999697e-01 -6.761239999999999473e-01 3.400000000000000244e-04 -6.761239999999999473e-01 -7.367869999999999697e-01 -6.170000000000000354e-04
1.000000000000000000e+01 3.000000000000000000e+00 4.300000000000000000e+01 0.000000000000000000e+00 1.600000000000000089e+00 1.217999999999999899e-03 -2.151499999999999940e-02 -9.997679999999999900e-01 7.339599999999999458e-01 -6.790159999999999529e-01 1.550699999999999995e-02 -6.791920000000000179e-01 -7.338080000000000158e-01 1.496399999999999987e-02
1.800000000000000000e+01 3.000000000000000000e+00 4.300000000000000000e+01 0.000000000000000000e+00 1.600000000000000089e+00 4.388999999999999672e-03 2.691400000000000042e-02 -9.996279999999999610e-01 7.404269999999999463e-01 -6.719730000000000425e-01 -1.484100000000000003e-02 -6.721230000000000260e-01 -7.400860000000000216e-01 -2.287700000000000150e-02
2.600000000000000000e+01 3.000000000000000000e+00 4.300000000000000000e+01 0.000000000000000000e+00 1.600000000000000089e+00 -3.889999999999999795e-03 -4.000700000000000089e-02 -9.991919999999999691e-01 7.388470000000000315e-01 -6.734430000000000138e-01 2.408799999999999830e-02 -6.738619999999999610e-01 -7.381560000000000343e-01 3.217799999999999827e-02
5.000000000000000000e+00 2.900000000000000000e+01 4.400000000000000000e+01 0.000000000000000000e+00 1.600000000000000089e+00 -7.810000000000000102e-04 3.150000000000000131e-04 -1.000000000000000000e+00 6.860030000000000294e-01 7.275989999999999958e-01 -3.069999999999999812e-04 7.275989999999999958e-01 -6.860030000000000294e-01 -7.839999999999999747e-04
1.100000000000000000e+01 2.900000000000000000e+01 4.400000000000000000e+01 0.000000000000000000e+00 1.600000000000000089e+00 -2.567999999999999970e-03 1.683000000000000034e-03 -9.999949999999999672e-01 6.846980000000000288e-01 7.288270000000000026e-01 -5.310000000000000050e-04 7.288229999999999986e-01 -6.846959999999999713e-01 -3.024000000000000212e-03
1.700000000000000000e+01 2.900000000000000000e+01 4.400000000000000000e+01 0.000000000000000000e+00 1.600000000000000089e+00 -2.896999999999999836e-03 3.752000000000000127e-03 -9.999890000000000168e-01 6.719100000000000072e-01 7.406319999999999570e-01 8.319999999999999488e-04 7.406270000000000353e-01 -6.719000000000000528e-01 -4.667000000000000141e-03
2.500000000000000000e+01 2.900000000000000000e+01 4.400000000000000000e+01 0.000000000000000000e+00 1.600000000000000089e+00 -5.680000000000000370e-04 2.651000000000000145e-03 -9.999959999999999960e-01 6.606899999999999995e-01 7.506570000000000187e-01 1.614999999999999899e-03 7.506580000000000474e-01 -6.606870000000000243e-01 -2.177000000000000116e-03
1.000000000000000000e+01 5.400000000000000000e+01 4.600000000000000000e+01 0.000000000000000000e+00 1.600000000000000089e+00 -2.069999999999999792e-03 1.080999999999999930e-03 9.999970000000000248e-01 3.112199999999999966e-01 -9.503359999999999586e-01 1.670999999999999959e-03 9.503359999999999586e-01 3.112230000000000274e-01 1.631000000000000071e-03
1.900000000000000000e+01 5.400000000000000000e+01 4.600000000000000000e+01 0.000000000000000000e+00 1.600000000000000089e+00 9.590000000000000000e-04 -8.392999999999999419e-03 9.999639999999999640e-01 3.076200000000000045e-01 -9.514730000000000132e-01 -8.281000000000000166e-03 9.515090000000000492e-01 3.076169999999999738e-01 1.668999999999999911e-03
2.900000000000000000e+01 5.400000000000000000e+01 4.600000000000000000e+01 0.000000000000000000e+00 1.600000000000000089e+00 1.387999999999999911e-03 -1.075100000000000014e-02 9.999409999999999688e-01 3.089000000000000079e-01 -9.510349999999999637e-01 -1.065400000000000028e-02 9.510939999999999950e-01 3.088960000000000039e-01 2.001000000000000174e-03
1.200000000000000000e+01 6.500000000000000000e+01 4.600000000000000000e+01 0.000000000000000000e+00 1.600000000000000089e+00 1.544999999999999932e-03 -8.419999999999999750e-04 9.999980000000000535e-01 6.802359999999999518e-01 -7.329909999999999481e-01 -1.667999999999999995e-03 7.329919999999999769e-01 6.802369999999999806e-01 -5.599999999999999509e-04
7.000000000000000000e+00 7.000000000000000000e+00 5.200000000000000000e+01 0.000000000000000000e+00 1.600000000000000089e+00 -4.867999999999999931e-03 -7.715999999999999769e-03 -9.999580000000000135e-01 1.056200000000000055e-01 -9.943809999999999594e-01 7.159000000000000433e-03 -9.943950000000000289e-01 -1.055809999999999943e-01 5.655000000000000304e-03
9.000000000000000000e+00 7.000000000000000000e+00 5.200000000000000000e+01 0.000000000000000000e+00 1.600000000000000089e+00 -3.954000000000000049e-03 -4.347000000000000169e-03 -9.999829999999999552e-01 1.056689999999999990e-01 -9.943940000000000001e-01 3.905000000000000051e-03 -9.943929999999999714e-01 -1.056519999999999959e-01 4.390999999999999938e-03
1.000000000000000000e+00 6.300000000000000000e+01 5.400000000000000000e+01 0.000000000000000000e+00 1.600000000000000089e+00 4.840000000000000010e-04 -5.940000000000000184e-04 1.000000000000000000e+00 -3.499849999999999905e-01 9.367550000000000043e-01 7.259999999999999743e-04 -9.367550000000000043e-01 -3.499860000000000193e-01 2.449999999999999921e-04
1.000000000000000000e+01 6.300000000000000000e+01 5.400000000000000000e+01 0.000000000000000000e+00 1.600000000000000089e+00 1.433999999999999945e-03 1.232999999999999938e-03 9.999980000000000535e-01 -3.592940000000000023e-01 9.332240000000000535e-01 -6.350000000000000392e-04 -9.332230000000000247e-01 -3.592929999999999735e-01 1.781000000000000031e-03
1.300000000000000000e+01 6.300000000000000000e+01 5.400000000000000000e+01 0.000000000000000000e+00 1.600000000000000089e+00 6.719999999999999628e-04 2.402000000000000055e-03 9.999970000000000248e-01 -3.608529999999999793e-01 9.326210000000000333e-01 -1.998000000000000210e-03 -9.326229999999999798e-01 -3.608500000000000041e-01 1.492999999999999969e-03
1.700000000000000000e+01 6.300000000000000000e+01 5.400000000000000000e+01 0.000000000000000000e+00 1.600000000000000089e+00 -1.330000000000000073e-04 2.285000000000000139e-03 9.999970000000000248e-01 -3.626840000000000064e-01 9.319100000000000161e-01 -2.177999999999999815e-03 -9.319119999999999626e-01 -3.626829999999999776e-01 7.050000000000000060e-04
2.200000000000000000e+01 6.300000000000000000e+01 5.400000000000000000e+01 0.000000000000000000e+00 1.600000000000000089e+00 -1.877999999999999895e-03 1.935000000000000088e-03 9.999959999999999960e-01 -3.530010000000000092e-01 9.356200000000000072e-01 -2.472999999999999938e-03 -9.356210000000000360e-01 -3.530039999999999845e-01 -1.074000000000000085e-03
2.600000000000000000e+01 6.300000000000000000e+01 5.400000000000000000e+01 0.000000000000000000e+00 1.600000000000000089e+00 1.859999999999999945e-04 4.498000000000000262e-03 9.999900000000000455e-01 -3.502419999999999978e-01 9.366499999999999826e-01 -4.147999999999999778e-03 -9.366590000000000193e-01 -3.502379999999999938e-01 1.748999999999999904e-03
3.000000000000000000e+01 6.300000000000000000e+01 5.400000000000000000e+01 0.000000000000000000e+00 1.600000000000000089e+00 3.840000000000000097e-04 4.134999999999999787e-03 9.999909999999999632e-01 -3.492640000000000189e-01 9.370169999999999888e-01 -3.740999999999999968e-03 -9.370239999999999680e-01 -3.492589999999999861e-01 1.804000000000000048e-03
4.000000000000000000e+00 2.500000000000000000e+01 5.500000000000000000e+01 0.000000000000000000e+00 1.600000000000000089e+00 8.469999999999999881e-04 2.305000000000000191e-03 -9.999970000000000248e-01 -1.480700000000000072e-02 -9.998879999999999990e-01 -2.318000000000000182e-03 -9.998899999999999455e-01 1.480899999999999925e-02 -8.130000000000000291e-04
1.400000000000000000e+01 2.500000000000000000e+01 5.500000000000000000e+01 0.000000000000000000e+00 1.600000000000000089e+00 -3.550000000000000096e-04 -6.210000000000000242e-04 -1.000000000000000000e+00 -1.115700000000000025e-02 -9.999379999999999935e-01 6.239999999999999887e-04 -9.999379999999999935e-01 1.115799999999999952e-02 3.480000000000000020e-04
1.800000000000000000e+01 2.500000000000000000e+01 5.500000000000000000e+01 0.000000000000000000e+00 1.600000000000000089e+00 4.199999999999999768e-05 -4.699999999999999724e-05 -1.000000000000000000e+00 -1.032100000000000031e-02 -9.999470000000000303e-01 4.699999999999999724e-05 -9.999470000000000303e-01 1.032100000000000031e-02 -4.300000000000000165e-05
2.100000000000000000e+01 2.500000000000000000e+01 5.500000000000000000e+01 0.000000000000000000e+00 1.600000000000000089e+00 -7.499999999999999343e-05 -1.781999999999999947e-03 -9.999980000000000535e-01 -1.025099999999999970e-02 -9.999460000000000015e-01 1.781999999999999947e-03 -9.999470000000000303e-01 1.025099999999999970e-02 5.700000000000000314e-05
2.900000000000000000e+01 2.500000000000000000e+01 5.500000000000000000e+01 0.000000000000000000e+00 1.600000000000000089e+00 -1.420000000000000092e-04 2.021999999999999926e-03 -9.999980000000000535e-01 -1.025900000000000076e-02 -9.999449999999999728e-01 -2.020000000000000094e-03 -9.999470000000000303e-01 1.025799999999999976e-02 1.630000000000000047e-04
3.000000000000000000e+00 6.800000000000000000e+01 5.700000000000000000e+01 0.000000000000000000e+00 1.600000000000000089e+00 5.500000000000000196e-05 -7.099000000000000275e-03 -9.999749999999999472e-01 -2.440080000000000027e-01 -9.697489999999999721e-01 6.870000000000000238e-03 -9.697729999999999961e-01 2.440009999999999957e-01 -1.786000000000000044e-03
1.900000000000000000e+01 6.800000000000000000e+01 5.700000000000000000e+01 0.000000000000000000e+00 1.600000000000000089e+00 1.319999999999999993e-03 2.733999999999999885e-03 -9.999949999999999672e-01 -2.458950000000000025e-01 -9.692920000000000424e-01 -2.974000000000000081e-03 -9.692960000000000464e-01 2.458980000000000055e-01 -6.070000000000000092e-04
1.000000000000000000e+01 2.100000000000000000e+01 6.000000000000000000e+01 0.000000000000000000e+00 1.600000000000000089e+00 -1.289999999999999914e-04 -9.719999999999999474e-03 9.999529999999999808e-01 -9.301299999999999846e-02 9.956180000000000030e-01 9.665999999999999245e-03 -9.956650000000000222e-01 -9.300799999999999346e-02 -1.031999999999999931e-03
1.300000000000000000e+01 2.100000000000000000e+01 6.000000000000000000e+01 0.000000000000000000e+00 1.600000000000000089e+00 -1.701999999999999954e-03 2.259000000000000157e-03 9.999959999999999960e-01 -9.394600000000000173e-02 9.955739999999999590e-01 -2.409000000000000117e-03 -9.955760000000000165e-01 -9.395000000000000573e-02 -1.482999999999999943e-03
2.100000000000000000e+01 2.100000000000000000e+01 6.000000000000000000e+01 0.000000000000000000e+00 1.600000000000000089e+00 -9.799999999999999684e-05 8.403000000000000747e-03 9.999649999999999928e-01 -9.549599999999999755e-02 9.953950000000000298e-01 -8.373999999999999500e-03 -9.954300000000000370e-01 -9.549399999999999555e-02 7.050000000000000060e-04
2.500000000000000000e+01 2.100000000000000000e+01 6.000000000000000000e+01 0.000000000000000000e+00 1.600000000000000089e+00 -8.520000000000000013e-04 5.760000000000000146e-04 9.999989999999999712e-01 -9.433999999999999331e-02 9.955399999999999805e-01 -6.539999999999999590e-04 -9.955399999999999805e-01 -9.434099999999999431e-02 -7.940000000000000009e-04
2.500000000000000000e+01 3.000000000000000000e+00 6.300000000000000000e+01 0.000000000000000000e+00 1.600000000000000089e+00 -6.380000000000000037e-04 -4.870000000000000197e-04 1.000000000000000000e+00 -6.136970000000000480e-01 7.895419999999999661e-01 -6.999999999999999895e-06 -7.895419999999999661e-01 -6.136960000000000193e-01 -8.019999999999999785e-04
3.000000000000000000e+01 3.000000000000000000e+00 6.300000000000000000e+01 0.000000000000000000e+00 1.600000000000000089e+00 -2.246000000000000166e-03 -1.157999999999999958e-03 9.999970000000000248e-01 -6.153319999999999901e-01 7.882679999999999687e-01 -4.690000000000000158e-04 -7.882649999999999935e-01 -6.153309999999999613e-01 -2.482999999999999964e-03
5.000000000000000000e+00 2.700000000000000000e+01 6.300000000000000000e+01 0.000000000000000000e+00 1.600000000000000089e+00 -8.880000000000000089e-04 -3.007000000000000124e-03 9.999949999999999672e-01 -2.774369999999999892e-01 9.607400000000000384e-01 2.642999999999999950e-03 -9.607430000000000136e-01 -2.774340000000000139e-01 -1.688000000000000047e-03
1.200000000000000000e+01 2.700000000000000000e+01 6.300000000000000000e+01 0.000000000000000000e+00 1.600000000000000089e+00 -2.158999999999999895e-03 -1.032199999999999958e-02 9.999440000000000550e-01 -2.777549999999999741e-01 9.606069999999999887e-01 9.315999999999999628e-03 -9.606500000000000039e-01 -2.777189999999999936e-01 -4.939999999999999947e-03
1.500000000000000000e+01 2.700000000000000000e+01 6.300000000000000000e+01 0.000000000000000000e+00 1.600000000000000089e+00 -1.020000000000000073e-03 -4.903000000000000240e-03 9.999869999999999592e-01 -2.770710000000000117e-01 9.608389999999999986e-01 4.427999999999999645e-03 -9.608489999999999531e-01 -2.770630000000000037e-01 -2.337999999999999801e-03
2.000000000000000000e+01 2.700000000000000000e+01 6.300000000000000000e+01 0.000000000000000000e+00 1.600000000000000089e+00 7.479999999999999670e-04 2.625999999999999862e-03 9.999959999999999960e-01 -2.800090000000000079e-01 9.599950000000000427e-01 -2.311999999999999819e-03 -9.599969999999999892e-01 -2.800059999999999771e-01 1.453999999999999997e-03
2.600000000000000000e+01 2.700000000000000000e+01 6.300000000000000000e+01 0.000000000000000000e+00 1.600000000000000089e+00 1.531999999999999942e-03 2.200999999999999832e-03 9.999959999999999960e-01 -2.815019999999999745e-01 9.595590000000000508e-01 -1.680000000000000070e-03 -9.595590000000000508e-01 -2.814989999999999992e-01 2.089999999999999844e-03
7.000000000000000000e+00 2.600000000000000000e+01 6.400000000000000000e+01 0.000000000000000000e+00 1.600000000000000089e+00 -7.299999999999999632e-04 -3.190999999999999826e-03 9.999949999999999672e-01 -3.589609999999999745e-01 9.333489999999999842e-01 2.716000000000000098e-03 -9.333519999999999595e-01 -3.589570000000000261e-01 -1.827000000000000065e-03
