2.000000000000000000e+01 2.500000000000000000e+01 1.000000000000000000e+00 0.000000000000000000e+00 1.600000000000000089e+00 3.591000000000000008e-03 3.348999999999999980e-03 -9.999879999999999880e-01 -5.434870000000000534e-01 -8.394040000000000390e-01 -4.762999999999999873e-03 -8.394099999999999895e-01 5.434970000000000079e-01 -1.193999999999999966e-03
3.000000000000000000e+00 1.500000000000000000e+01 4.000000000000000000e+00 0.000000000000000000e+00 1.600000000000000089e+00 -2.759999999999999867e-03 9.809000000000000011e-03 9.999479999999999480e-01 2.957799999999999874e-01 -9.552019999999999955e-01 1.018699999999999987e-02 9.552519999999999900e-01 2.957929999999999726e-01 -2.649999999999999903e-04
1.600000000000000000e+01 1.500000000000000000e+01 4.000000000000000000e+00 0.000000000000000000e+00 1.600000000000000089e+00 -8.689999999999999808e-04 3.599000000000000202e-03 9.999930000000000208e-01 2.862569999999999837e-01 -9.581460000000000532e-01 3.697000000000000199e-03 9.581530000000000324e-01 2.862580000000000124e-01 -1.969999999999999909e-04
2.800000000000000000e+01 1.500000000000000000e+01 4.000000000000000000e+00 0.000000000000000000e+00 1.600000000000000089e+00 2.531999999999999963e-03 4.949999999999999973e-04 9.999970000000000248e-01 2.923390000000000155e-01 -9.563150000000000261e-01 -2.669999999999999847e-04 9.563110000000000221e-01 2.923390000000000155e-01 -2.566000000000000138e-03
1.300000000000000000e+01 1.600000000000000000e+01 4.000000000000000000e+00 0.000000000000000000e+00 1.600000000000000089e+00 -5.045000000000000005e-03 -7.870000000000000476e-04 9.999869999999999592e-01 3.550949999999999940e-01 -9.348300000000000498e-01 1.056000000000000081e-03 9.348170000000000091e-01 3.550960000000000227e-01 4.995000000000000308e-03
1.800000000000000000e+01 1.600000000000000000e+01 4.000000000000000000e+00 0.000000000000000000e+00 1.600000000000000089e+00 -4.840000000000000010e-04 5.616000000000000332e-03 9.999839999999999840e-01 3.520690000000000208e-01 -9.359589999999999854e-01 5.427000000000000400e-03 9.359739999999999727e-01 3.520659999999999901e-01 -1.523999999999999964e-03
2.200000000000000000e+01 1.600000000000000000e+01 4.000000000000000000e+00 0.000000000000000000e+00 1.600000000000000089e+00 -8.050000000000000515e-04 4.465000000000000219e-03 9.999900000000000455e-01 3.529519999999999880e-01 -9.356309999999999905e-01 4.460999999999999688e-03 9.356409999999999449e-01 3.529519999999999880e-01 -8.220000000000000310e-04
7.000000000000000000e+00 1.010000000000000000e+02 7.000000000000000000e+00 0.000000000000000000e+00 1.600000000000000089e+00 -1.363000000000000062e-03 -1.673000000000000008e-03 9.999980000000000535e-01 8.834589999999999943e-01 4.685050000000000048e-01 1.988000000000000184e-03 -4.685070000000000068e-01 8.834589999999999943e-01 8.400000000000000348e-04
1.400000000000000000e+01 1.010000000000000000e+02 7.000000000000000000e+00 0.000000000000000000e+00 1.600000000000000089e+00 7.590000000000000175e-04 -8.040999999999999537e-03 9.999670000000000503e-01 8.874410000000000354e-01 4.609110000000000151e-01 3.033000000000000106e-03 -4.609199999999999964e-01 8.874100000000000321e-01 7.485000000000000334e-03
1.900000000000000000e+01 1.010000000000000000e+02 7.000000000000000000e+00 0.000000000000000000e+00 1.600000000000000089e+00 -8.069999999999999916e-04 7.237000000000000377e-03 9.999740000000000295e-01 8.881470000000000198e-01 4.595520000000000160e-01 -2.609000000000000208e-03 -4.595580000000000220e-01 8.881219999999999670e-01 -6.798000000000000223e-03
2.400000000000000000e+01 1.010000000000000000e+02 7.000000000000000000e+00 0.000000000000000000e+00 1.600000000000000089e+00 -2.030999999999999819e-03 -4.949000000000000274e-03 9.999860000000000415e-01 8.890240000000000364e-01 4.578430000000000000e-01 4.072000000000000099e-03 -4.578559999999999852e-01 8.890190000000000037e-01 3.469999999999999994e-03
2.900000000000000000e+01 1.010000000000000000e+02 7.000000000000000000e+00 0.000000000000000000e+00 1.600000000000000089e+00 2.507999999999999813e-03 -5.804000000000000131e-03 9.999799999999999800e-01 8.869240000000000457e-01 4.619150000000000200e-01 4.560000000000000251e-04 -4.619079999999999853e-01 8.869050000000000544e-01 6.305999999999999973e-03
4.000000000000000000e+00 1.500000000000000000e+01 8.000000000000000000e+00 0.000000000000000000e+00 1.600000000000000089e+00 3.563000000000000195e-03 7.288000000000000207e-03 -9.999670000000000503e-01 -5.881380000000000496e-01 -8.087210000000000232e-01 -7.990000000000000574e-03 -8.087520000000000264e-01 5.881480000000000041e-01 1.404999999999999999e-03
1.000000000000000000e+01 1.500000000000000000e+01 8.000000000000000000e+00 0.000000000000000000e+00 1.600000000000000089e+00 2.912999999999999791e-03 -2.882000000000000013e-03 -9.999919999999999920e-01 -5.875240000000000462e-01 -8.092059999999999809e-01 6.210000000000000242e-04 -8.092009999999999481e-01 5.875169999999999559e-01 -4.050999999999999913e-03
1.600000000000000000e+01 1.500000000000000000e+01 8.000000000000000000e+00 0.000000000000000000e+00 1.600000000000000089e+00 2.583999999999999925e-03 7.147999999999999840e-03 -9.999710000000000543e-01 -5.839480000000000226e-01 -8.117579999999999796e-01 -7.311999999999999923e-03 -8.117870000000000363e-01 5.839499999999999691e-01 2.076999999999999853e-03
2.300000000000000000e+01 1.500000000000000000e+01 8.000000000000000000e+00 0.000000000000000000e+00 1.600000000000000089e+00 1.871999999999999966e-03 2.710999999999999868e-03 -9.999949999999999672e-01 -5.842519999999999936e-01 -8.115660000000000096e-01 -3.292999999999999920e-03 -8.115700000000000136e-01 5.842549999999999688e-01 6.499999999999999431e-05
2.600000000000000000e+01 1.500000000000000000e+01 8.000000000000000000e+00 0.000000000000000000e+00 1.600000000000000089e+00 -9.959999999999999236e-04 4.829999999999999767e-04 -9.999989999999999712e-01 -5.848719999999999475e-01 -8.111249999999999849e-01 1.910000000000000077e-04 -8.111249999999999849e-01 5.848719999999999475e-01 1.090000000000000040e-03
1.700000000000000000e+01 2.600000000000000000e+01 8.000000000000000000e+00 0.000000000000000000e+00 1.600000000000000089e+00 -3.833000000000000036e-03 -1.408099999999999977e-02 -9.998930000000000318e-01 4.076159999999999783e-01 9.130399999999999627e-01 -1.442000000000000053e-02 9.131460000000000132e-01 -4.076279999999999903e-01 2.239999999999999804e-03
2.100000000000000000e+01 2.600000000000000000e+01 8.000000000000000000e+00 0.000000000000000000e+00 1.600000000000000089e+00 -2.164000000000000125e-03 -6.991999999999999951e-03 -9.999730000000000008e-01 4.087939999999999907e-01 9.125980000000000203e-01 -7.265999999999999889e-03 9.126239999999999908e-01 -4.087979999999999947e-01 8.840000000000000201e-04
2.700000000000000000e+01 2.600000000000000000e+01 8.000000000000000000e+00 0.000000000000000000e+00 1.600000000000000089e+00 -5.230000000000000274e-04 3.468000000000000162e-03 -9.999940000000000495e-01 4.090529999999999999e-01 9.125060000000000393e-01 2.951000000000000064e-03 9.125109999999999610e-01 -4.090489999999999959e-01 -1.895999999999999899e-03
8.000000000000000000e+00 2.400000000000000000e+01 9.000000000000000000e+00 0.000000000000000000e+00 1.600000000000000089e+00 -1.639000000000000049e-03 1.088999999999999907e-03 -9.999980000000000535e-01 4.597539999999999960e-01 8.880460000000000020e-01 2.130000000000000003e-04 8.880449999999999733e-01 -4.597530000000000228e-01 -1.955999999999999839e-03
1.100000000000000000e+01 2.400000000000000000e+01 9.000000000000000000e+00 0.000000000000000000e+00 1.600000000000000089e+00 -2.217999999999999920e-03 -3.129999999999999970e-03 -9.999930000000000208e-01 4.594840000000000035e-01 8.881780000000000230e-01 -3.799999999999999992e-03 8.881829999999999448e-01 -4.594889999999999808e-01 -5.310000000000000050e-04
1.600000000000000000e+01 2.400000000000000000e+01 9.000000000000000000e+00 0.000000000000000000e+00 1.600000000000000089e+00 -4.176000000000000024e-03 -1.633000000000000076e-02 -9.998580000000000245e-01 4.590239999999999876e-01 8.882719999999999505e-01 -1.642400000000000110e-02 8.884140000000000370e-01 -4.590270000000000183e-01 3.787000000000000002e-03
2.300000000000000000e+01 2.400000000000000000e+01 9.000000000000000000e+00 0.000000000000000000e+00 1.600000000000000089e+00 -1.856999999999999927e-03 -2.668999999999999932e-03 -9.999949999999999672e-01 4.619789999999999730e-01 8.868850000000000344e-01 -3.225000000000000002e-03 8.868890000000000384e-01 -4.619820000000000038e-01 -4.139999999999999800e-04
2.000000000000000000e+01 3.100000000000000000e+01 1.200000000000000000e+01 0.000000000000000000e+00 1.600000000000000089e+00 -8.400000000000000348e-04 -1.851999999999999914e-03 9.999980000000000535e-01 -2.348700000000000093e-02 9.997219999999999995e-01 1.832000000000000078e-03 -9.997239999999999460e-01 -2.348599999999999993e-02 -8.829999999999999958e-04
2.500000000000000000e+01 3.500000000000000000e+01 1.200000000000000000e+01 0.000000000000000000e+00 1.600000000000000089e+00 1.301000000000000073e-03 -5.080000000000000314e-03 -9.999860000000000415e-01 4.672290000000000054e-01 -8.841219999999999635e-01 5.100000000000000366e-03 -8.841350000000000042e-01 -4.672290000000000054e-01 1.222999999999999912e-03
2.800000000000000000e+01 4.000000000000000000e+00 1.300000000000000000e+01 0.000000000000000000e+00 1.600000000000000089e+00 1.280000000000000105e-03 -2.090799999999999881e-01 9.778980000000000450e-01 -1.010790000000000022e-01 9.728630000000000333e-01 2.081359999999999877e-01 -9.948780000000000401e-01 -9.911100000000000465e-02 -1.988799999999999943e-02
1.300000000000000000e+01 3.200000000000000000e+01 1.400000000000000000e+01 0.000000000000000000e+00 1.600000000000000089e+00 -2.418000000000000010e-03 -4.886999999999999851e-03 -9.999850000000000128e-01 1.121739999999999959e-01 9.936749999999999750e-01 -5.126999999999999613e-03 9.936859999999999582e-01 -1.121840000000000059e-01 -1.855000000000000095e-03
2.000000000000000000e+00 1.200000000000000000e+01 1.500000000000000000e+01 0.000000000000000000e+00 1.600000000000000089e+00 1.637000000000000000e-03 2.975999999999999913e-03 -9.999940000000000495e-01 -4.667049999999999810e-01 -8.844070000000000542e-01 -3.396000000000000147e-03 -8.844119999999999759e-01 4.667080000000000117e-01 -5.899999999999999754e-05
1.000000000000000000e+01 1.200000000000000000e+01 1.500000000000000000e+01 0.000000000000000000e+00 1.600000000000000089e+00 2.950000000000000148e-04 -1.634000000000000036e-03 -9.999989999999999712e-01 -4.688610000000000277e-01 -8.832710000000000283e-01 1.304999999999999953e-03 -8.832719999999999461e-01 4.688599999999999990e-01 -1.026999999999999918e-03
1.400000000000000000e+01 1.200000000000000000e+01 1.500000000000000000e+01 0.000000000000000000e+00 1.600000000000000089e+00 3.559999999999999797e-04 -1.459999999999999981e-04 -1.000000000000000000e+00 -4.679220000000000046e-01 -8.837699999999999445e-01 -3.800000000000000209e-05 -8.837699999999999445e-01 4.679220000000000046e-01 -3.820000000000000153e-04
2.100000000000000000e+01 1.200000000000000000e+01 1.500000000000000000e+01 0.000000000000000000e+00 1.600000000000000089e+00 2.712000000000000001e-03 -9.060000000000000128e-04 -9.999959999999999960e-01 -4.677020000000000066e-01 -8.838859999999999495e-01 -4.670000000000000214e-04 -8.838819999999999455e-01 4.677009999999999779e-01 -2.821000000000000157e-03
2.400000000000000000e+01 1.200000000000000000e+01 1.500000000000000000e+01 0.000000000000000000e+00 1.600000000000000089e+00 2.458000000000000115e-03 -4.899999999999999842e-04 -9.999970000000000248e-01 -4.679670000000000218e-01 -8.837460000000000315e-01 -7.169999999999999724e-04 -8.837429999999999453e-01 4.679670000000000218e-01 -2.402000000000000055e-03
2.600000000000000000e+01 1.200000000000000000e+01 1.500000000000000000e+01 0.000000000000000000e+00 1.600000000000000089e+00 1.399999999999999986e-03 -8.009999999999999542e-04 -9.999989999999999712e-01 -4.677049999999999819e-01 -8.838840000000000030e-01 5.300000000000000078e-05 -8.838829999999999742e-01 4.677049999999999819e-01 -1.611999999999999935e-03
1.000000000000000000e+01 1.100000000000000000e+01 1.600000000000000000e+01 0.000000000000000000e+00 1.600000000000000089e+00 -1.259999999999999998e-04 -3.460000000000000076e-04 -1.000000000000000000e+00 -4.212310000000000221e-01 -9.069530000000000092e-01 3.669999999999999760e-04 -9.069530000000000092e-01 4.212310000000000221e-01 -3.199999999999999855e-05
1.400000000000000000e+01 1.100000000000000000e+01 1.600000000000000000e+01 0.000000000000000000e+00 1.600000000000000089e+00 9.600000000000000243e-05 4.189999999999999931e-04 -1.000000000000000000e+00 -4.202779999999999849e-01 -9.073949999999999516e-01 -4.200000000000000174e-04 -9.073949999999999516e-01 4.202779999999999849e-01 8.899999999999999491e-05
1.700000000000000000e+01 1.100000000000000000e+01 1.600000000000000000e+01 0.000000000000000000e+00 1.600000000000000089e+00 1.642999999999999929e-03 -1.659999999999999963e-04 -9.999989999999999712e-01 -4.194330000000000003e-01 -9.077859999999999818e-01 -5.379999999999999583e-04 -9.077849999999999531e-01 4.194330000000000003e-01 -1.561000000000000104e-03
2.300000000000000000e+01 1.100000000000000000e+01 1.600000000000000000e+01 0.000000000000000000e+00 1.600000000000000089e+00 2.278000000000000077e-03 5.490000000000000088e-04 -9.999970000000000248e-01 -4.203500000000000014e-01 -9.073609999999999731e-01 -1.456000000000000046e-03 -9.073590000000000266e-01 4.203520000000000034e-01 -1.835999999999999958e-03
3.000000000000000000e+00 1.160000000000000000e+02 1.600000000000000000e+01 0.000000000000000000e+00 1.600000000000000089e+00 3.663000000000000023e-03 1.229000000000000058e-03 9.999919999999999920e-01 7.118520000000000403e-01 7.023209999999999731e-01 -3.471000000000000127e-03 -7.023200000000000554e-01 7.118590000000000195e-01 1.698000000000000074e-03
7.000000000000000000e+00 1.160000000000000000e+02 1.600000000000000000e+01 0.000000000000000000e+00 1.600000000000000089e+00 1.835999999999999958e-03 6.809999999999999647e-04 9.999980000000000535e-01 7.032199999999999562e-01 7.109699999999999909e-01 -1.775000000000000102e-03 -7.109699999999999909e-01 7.032220000000000137e-01 8.260000000000000198e-04
1.100000000000000000e+01 1.160000000000000000e+02 1.600000000000000000e+01 0.000000000000000000e+00 1.600000000000000089e+00 -1.716000000000000077e-03 -1.877999999999999895e-03 9.999970000000000248e-01 6.967820000000000125e-01 7.172789999999999999e-01 2.543000000000000121e-03 -7.172809999999999464e-01 6.967839999999999590e-01 7.700000000000000139e-05
2.000000000000000000e+01 1.160000000000000000e+02 1.600000000000000000e+01 0.000000000000000000e+00 1.600000000000000089e+00 9.810000000000001011e-04 1.525000000000000097e-03 9.999980000000000535e-01 7.343460000000000543e-01 6.787729999999999597e-01 -1.755999999999999965e-03 -6.787739999999999885e-01 7.343469999999999720e-01 -4.539999999999999765e-04
5.000000000000000000e+00 2.000000000000000000e+00 1.900000000000000000e+01 0.000000000000000000e+00 1.600000000000000089e+00 5.940000000000000184e-04 -5.533999999999999857e-03 -9.999850000000000128e-01 1.832950000000000135e-01 -9.830419999999999714e-01 5.549000000000000113e-03 -9.830579999999999874e-01 -1.832950000000000135e-01 4.299999999999999894e-04
9.000000000000000000e+00 2.000000000000000000e+00 1.900000000000000000e+01 0.000000000000000000e+00 1.600000000000000089e+00 -1.815999999999999906e-03 4.290000000000000410e-03 -9.999890000000000168e-01 1.798780000000000101e-01 -9.836780000000000523e-01 -4.546999999999999827e-03 -9.836869999999999781e-01 -1.798849999999999894e-01 1.015000000000000060e-03
1.300000000000000000e+01 2.000000000000000000e+00 1.900000000000000000e+01 0.000000000000000000e+00 1.600000000000000089e+00 -2.906000000000000163e-03 4.337999999999999842e-03 -9.999860000000000415e-01 1.735540000000000138e-01 -9.848130000000000495e-01 -4.776999999999999996e-03 -9.848200000000000287e-01 -1.735659999999999981e-01 2.109000000000000197e-03
1.900000000000000000e+01 2.000000000000000000e+00 1.900000000000000000e+01 0.000000000000000000e+00 1.600000000000000089e+00 -1.959999999999999937e-03 9.190000000000000252e-03 -9.999559999999999560e-01 1.750960000000000016e-01 -9.845070000000000210e-01 -9.391000000000000042e-03 -9.845490000000000075e-01 -1.751070000000000126e-01 3.200000000000000262e-04
2.400000000000000000e+01 2.000000000000000000e+00 1.900000000000000000e+01 0.000000000000000000e+00 1.600000000000000089e+00 -8.547000000000000777e-03 2.394999999999999907e-02 -9.996770000000000378e-01 1.849949999999999928e-01 -9.824180000000000135e-01 -2.511800000000000144e-02 -9.827019999999999644e-01 -1.851500000000000090e-01 3.965999999999999907e-03
8.000000000000000000e+00 4.000000000000000000e+00 2.000000000000000000e+01 0.000000000000000000e+00 1.600000000000000089e+00 -1.503999999999999912e-03 -2.820000000000000241e-04 -9.999989999999999712e-01 2.731660000000000199e-01 -9.619670000000000165e-01 -1.399999999999999877e-04 -9.619659999999999878e-01 -2.731649999999999912e-01 1.523999999999999964e-03
1.200000000000000000e+01 4.000000000000000000e+00 2.000000000000000000e+01 0.000000000000000000e+00 1.600000000000000089e+00 -2.952999999999999896e-03 4.645999999999999956e-03 -9.999850000000000128e-01 2.615410000000000235e-01 -9.651779999999999804e-01 -5.256000000000000255e-03 -9.651880000000000459e-01 -2.615520000000000067e-01 1.634999999999999952e-03
1.600000000000000000e+01 4.000000000000000000e+00 2.000000000000000000e+01 0.000000000000000000e+00 1.600000000000000089e+00 5.349999999999999938e-04 1.669999999999999935e-04 -1.000000000000000000e+00 2.533929999999999794e-01 -9.673629999999999729e-01 -2.599999999999999840e-05 -9.673629999999999729e-01 -2.533929999999999794e-01 -5.599999999999999509e-04
2.000000000000000000e+00 1.300000000000000000e+01 2.000000000000000000e+01 0.000000000000000000e+00 1.600000000000000089e+00 1.124999999999999915e-03 2.599999999999999840e-05 9.999989999999999712e-01 2.561720000000000108e-01 9.666310000000000180e-01 -3.130000000000000187e-04 -9.666310000000000180e-01 2.561720000000000108e-01 1.080999999999999930e-03
6.000000000000000000e+00 1.300000000000000000e+01 2.000000000000000000e+01 0.000000000000000000e+00 1.600000000000000089e+00 8.030000000000000028e-04 1.550000000000000000e-04 1.000000000000000000e+00 2.543009999999999993e-01 9.671250000000000124e-01 -3.539999999999999853e-04 -9.671250000000000124e-01 2.543019999999999725e-01 7.370000000000000249e-04
9.000000000000000000e+00 1.300000000000000000e+01 2.000000000000000000e+01 0.000000000000000000e+00 1.600000000000000089e+00 -2.500000000000000120e-05 -1.253999999999999906e-03 9.999989999999999712e-01 2.524609999999999910e-01 9.676059999999999661e-01 1.219999999999999947e-03 -9.676069999999999949e-01 2.524609999999999910e-01 2.919999999999999961e-04
1.300000000000000000e+01 1.300000000000000000e+01 2.000000000000000000e+01 0.000000000000000000e+00 1.600000000000000089e+00 -2.039999999999999984e-04 -1.835999999999999958e-03 9.999980000000000535e-01 2.531120000000000037e-01 9.674350000000000449e-01 1.827999999999999981e-03 -9.674369999999999914e-01 2.531120000000000037e-01 2.680000000000000090e-04
1.700000000000000000e+01 1.300000000000000000e+01 2.000000000000000000e+01 0.000000000000000000e+00 1.600000000000000089e+00 -2.840000000000000185e-04 -3.118999999999999811e-03 9.999949999999999672e-01 2.536849999999999938e-01 9.672819999999999752e-01 3.089000000000000166e-03 -9.672870000000000079e-01 2.536840000000000206e-01 5.159999999999999656e-04
2.300000000000000000e+01 1.300000000000000000e+01 2.000000000000000000e+01 0.000000000000000000e+00 1.600000000000000089e+00 -6.399999999999999710e-05 -6.101999999999999785e-03 9.999810000000000088e-01 2.506410000000000027e-01 9.680619999999999781e-01 5.923000000000000313e-03 -9.680800000000000516e-01 2.506369999999999987e-01 1.466999999999999988e-03
2.900000000000000000e+01 1.300000000000000000e+01 2.000000000000000000e+01 0.000000000000000000e+00 1.600000000000000089e+00 -1.575000000000000011e-03 -8.307000000000000148e-03 9.999639999999999640e-01 2.473579999999999945e-01 9.688870000000000537e-01 8.437999999999999320e-03 -9.689229999999999787e-01 2.473629999999999995e-01 5.289999999999999564e-04
5.000000000000000000e+00 1.600000000000000000e+01 2.100000000000000000e+01 0.000000000000000000e+00 1.600000000000000089e+00 5.630000000000000239e-04 4.050999999999999913e-03 9.999919999999999920e-01 2.983970000000000233e-01 9.544329999999999758e-01 -4.035000000000000392e-03 -9.544420000000000126e-01 2.983970000000000233e-01 -6.710000000000000469e-04
1.400000000000000000e+01 1.600000000000000000e+01 2.100000000000000000e+01 0.000000000000000000e+00 1.600000000000000089e+00 4.229999999999999819e-04 6.629999999999999609e-04 1.000000000000000000e+00 3.003520000000000079e-01 9.538280000000000092e-01 -7.590000000000000175e-04 -9.538280000000000092e-01 3.003529999999999811e-01 2.049999999999999956e-04
2.000000000000000000e+01 1.600000000000000000e+01 2.100000000000000000e+01 0.000000000000000000e+00 1.600000000000000089e+00 -4.800000000000000122e-04 -4.015999999999999605e-03 9.999919999999999920e-01 2.993739999999999735e-01 9.541269999999999474e-01 3.976000000000000367e-03 -9.541359999999999841e-01 2.993739999999999735e-01 7.450000000000000025e-04
2.300000000000000000e+01 1.600000000000000000e+01 2.100000000000000000e+01 0.000000000000000000e+00 1.600000000000000089e+00 -6.189999999999999756e-04 -9.218999999999999764e-03 9.999569999999999848e-01 2.994390000000000107e-01 9.540729999999999489e-01 8.982000000000000400e-03 -9.541150000000000464e-01 2.994319999999999760e-01 2.170000000000000054e-03
2.800000000000000000e+01 1.600000000000000000e+01 2.100000000000000000e+01 0.000000000000000000e+00 1.600000000000000089e+00 -1.944999999999999897e-03 -9.565000000000000585e-03 9.999519999999999520e-01 2.986619999999999830e-01 9.543099999999999916e-01 9.709000000000000616e-03 -9.543570000000000109e-01 2.986670000000000158e-01 1.000000000000000021e-03
2.600000000000000000e+01 5.000000000000000000e+01 2.200000000000000000e+01 0.000000000000000000e+00 1.600000000000000089e+00 -5.360000000000000181e-04 -3.186000000000000030e-03 -9.999949999999999672e-01 -5.815120000000000289e-01 8.135350000000000081e-01 -2.279999999999999909e-03 8.135379999999999834e-01 5.815080000000000249e-01 -2.288999999999999802e-03
5.000000000000000000e+00 3.000000000000000000e+00 2.500000000000000000e+01 0.000000000000000000e+00 1.600000000000000089e+00 -3.469999999999999777e-04 1.549999999999999946e-03 9.999989999999999712e-01 -2.564200000000000160e-02 -9.996699999999999475e-01 1.541000000000000052e-03 9.996709999999999763e-01 -2.564100000000000060e-02 3.860000000000000041e-04
8.000000000000000000e+00 3.000000000000000000e+00 2.500000000000000000e+01 0.000000000000000000e+00 1.600000000000000089e+00 1.709999999999999932e-03 6.009999999999999717e-03 9.999799999999999800e-01 -2.154500000000000165e-02 -9.997500000000000275e-01 6.045000000000000026e-03 9.997660000000000435e-01 -2.155400000000000024e-02 -1.580000000000000024e-03
2.000000000000000000e+00 4.600000000000000000e+01 2.700000000000000000e+01 0.000000000000000000e+00 1.600000000000000089e+00 -5.689999999999999529e-04 -2.779999999999999811e-04 -1.000000000000000000e+00 6.640230000000000299e-01 7.477120000000000433e-01 -5.860000000000000408e-04 7.477120000000000433e-01 -6.640230000000000299e-01 -2.410000000000000033e-04
7.000000000000000000e+00 4.600000000000000000e+01 2.700000000000000000e+01 0.000000000000000000e+00 1.600000000000000089e+00 1.810999999999999893e-03 2.790000000000000054e-04 -9.999980000000000535e-01 6.630970000000000475e-01 7.485319999999999752e-01 1.410000000000000012e-03 7.485309999999999464e-01 -6.630979999999999652e-01 1.170000000000000033e-03
1.500000000000000000e+01 4.600000000000000000e+01 2.700000000000000000e+01 0.000000000000000000e+00 1.600000000000000089e+00 -1.413999999999999892e-03 -2.709999999999999735e-04 -9.999989999999999712e-01 6.632890000000000175e-01 7.483619999999999717e-01 -1.141000000000000087e-03 7.483619999999999717e-01 -6.632900000000000462e-01 -8.779999999999999827e-04
2.100000000000000000e+01 4.600000000000000000e+01 2.700000000000000000e+01 0.000000000000000000e+00 1.600000000000000089e+00 1.464999999999999939e-03 -2.579999999999999828e-04 -9.999989999999999712e-01 6.589159999999999462e-01 7.522159999999999958e-01 7.709999999999999840e-04 7.522149999999999670e-01 -6.589159999999999462e-01 1.271999999999999910e-03
2.500000000000000000e+01 4.600000000000000000e+01 2.700000000000000000e+01 0.000000000000000000e+00 1.600000000000000089e+00 -1.046000000000000055e-03 -1.030000000000000100e-03 -9.999989999999999712e-01 6.612959999999999949e-01 7.501229999999999842e-01 -1.464999999999999939e-03 7.501240000000000130e-01 -6.612970000000000237e-01 -1.039999999999999936e-04
1.000000000000000000e+00 5.800000000000000000e+01 3.100000000000000000e+01 0.000000000000000000e+00 1.600000000000000089e+00 2.948999999999999799e-03 -1.186999999999999904e-03 9.999949999999999672e-01 -7.903719999999999635e-01 -6.126249999999999751e-01 1.603000000000000041e-03 6.126200000000000534e-01 -7.903729999999999922e-01 -2.745000000000000044e-03
8.000000000000000000e+00 5.800000000000000000e+01 3.100000000000000000e+01 0.000000000000000000e+00 1.600000000000000089e+00 6.782999999999999967e-03 1.147999999999999932e-03 9.999759999999999760e-01 -7.841730000000000089e-01 -6.205129999999999812e-01 6.030999999999999903e-03 6.205049999999999732e-01 -7.841949999999999754e-01 -3.308999999999999875e-03
1.600000000000000000e+01 5.800000000000000000e+01 3.100000000000000000e+01 0.000000000000000000e+00 1.600000000000000089e+00 1.554999999999999959e-03 3.354000000000000210e-03 9.999930000000000208e-01 -7.760629999999999473e-01 -6.306469999999999576e-01 3.321999999999999866e-03 6.306540000000000479e-01 -7.760629999999999473e-01 1.621999999999999961e-03
2.100000000000000000e+01 5.800000000000000000e+01 3.100000000000000000e+01 0.000000000000000000e+00 1.600000000000000089e+00 2.768000000000000061e-03 5.089999999999999906e-03 9.999829999999999552e-01 -7.699850000000000305e-01 -6.380400000000000515e-01 5.379000000000000101e-03 6.380559999999999565e-01 -7.699869999999999770e-01 2.152999999999999966e-03
2.600000000000000000e+01 5.800000000000000000e+01 3.100000000000000000e+01 0.000000000000000000e+00 1.600000000000000089e+00 1.080000000000000014e-03 1.265999999999999981e-03 9.999989999999999712e-01 -7.660040000000000182e-01 -6.428340000000000165e-01 1.641000000000000097e-03 6.428350000000000453e-01 -7.660050000000000470e-01 2.750000000000000166e-04
2.900000000000000000e+01 5.800000000000000000e+01 3.100000000000000000e+01 0.000000000000000000e+00 1.600000000000000089e+00 7.919999999999999523e-04 -4.608000000000000117e-03 9.999890000000000168e-01 -7.642780000000000129e-01 -6.448829999999999840e-01 -2.366000000000000048e-03 6.448869999999999880e-01 -7.642670000000000297e-01 -4.033000000000000126e-03
8.000000000000000000e+00 6.000000000000000000e+00 3.200000000000000000e+01 0.000000000000000000e+00 1.600000000000000089e+00 -2.790000000000000054e-04 -5.517000000000000202e-03 -9.999850000000000128e-01 1.547099999999999864e-01 9.879449999999999621e-01 -5.493999999999999752e-03 9.879599999999999493e-01 -1.547099999999999864e-01 5.779999999999999548e-04
2.000000000000000000e+00 4.600000000000000000e+01 3.500000000000000000e+01 0.000000000000000000e+00 1.600000000000000089e+00 1.930000000000000021e-04 2.784000000000000016e-03 -9.999959999999999960e-01 3.833269999999999733e-01 -9.236090000000000133e-01 -2.497999999999999787e-03 -9.236130000000000173e-01 -3.833250000000000268e-01 -1.245000000000000013e-03
6.000000000000000000e+00 4.600000000000000000e+01 3.500000000000000000e+01 0.000000000000000000e+00 1.600000000000000089e+00 1.381000000000000066e-03 1.979999999999999881e-04 -9.999989999999999712e-01 3.856359999999999788e-01 -9.226509999999999989e-01 3.499999999999999964e-04 -9.226499999999999702e-01 -3.856359999999999788e-01 -1.350999999999999987e-03
9.000000000000000000e+00 4.600000000000000000e+01 3.500000000000000000e+01 0.000000000000000000e+00 1.600000000000000089e+00 -9.079999999999999530e-04 -2.285000000000000139e-03 -9.999970000000000248e-01 3.863929999999999865e-01 -9.223329999999999584e-01 1.755999999999999965e-03 -9.223339999999999872e-01 -3.863900000000000112e-01 1.719999999999999958e-03
1.300000000000000000e+01 4.600000000000000000e+01 3.500000000000000000e+01 0.000000000000000000e+00 1.600000000000000089e+00 -1.534999999999999906e-03 2.990000000000000036e-04 -9.999989999999999712e-01 3.858539999999999748e-01 -9.225590000000000179e-01 -8.679999999999999565e-04 -9.225579999999999892e-01 -3.858550000000000035e-01 1.301000000000000073e-03
1.900000000000000000e+01 4.600000000000000000e+01 3.500000000000000000e+01 0.000000000000000000e+00 1.600000000000000089e+00 4.640000000000000027e-04 -3.896000000000000157e-03 -9.999919999999999920e-01 3.865669999999999940e-01 -9.222540000000000182e-01 3.772999999999999878e-03 -9.222609999999999975e-01 -3.865660000000000207e-01 1.077999999999999965e-03
2.300000000000000000e+01 4.600000000000000000e+01 3.500000000000000000e+01 0.000000000000000000e+00 1.600000000000000089e+00 2.919999999999999961e-04 5.919999999999999698e-04 -1.000000000000000000e+00 3.865999999999999992e-01 -9.222470000000000390e-01 -4.330000000000000081e-04 -9.222470000000000390e-01 -3.865999999999999992e-01 -4.979999999999999618e-04
7.000000000000000000e+00 9.500000000000000000e+01 3.600000000000000000e+01 0.000000000000000000e+00 1.600000000000000089e+00 1.209999999999999921e-03 1.897099999999999828e-02 9.998190000000000133e-01 9.966159999999999464e-01 8.215100000000000180e-02 -2.765000000000000097e-03 -8.218899999999999817e-02 9.964389999999999636e-01 -1.880700000000000080e-02
1.300000000000000000e+01 9.500000000000000000e+01 3.600000000000000000e+01 0.000000000000000000e+00 1.600000000000000089e+00 3.996000000000000420e-03 -5.296000000000000360e-03 9.999780000000000335e-01 9.970630000000000326e-01 7.650700000000000556e-02 -3.579000000000000150e-03 -7.648599999999999843e-02 9.970550000000000246e-01 5.585999999999999820e-03
2.200000000000000000e+01 9.500000000000000000e+01 3.600000000000000000e+01 0.000000000000000000e+00 1.600000000000000089e+00 -4.159999999999999744e-04 9.081000000000000530e-03 9.999590000000000423e-01 9.966009999999999591e-01 8.238299999999999790e-02 -3.339999999999999870e-04 -8.238199999999999690e-02 9.965589999999999726e-01 -9.084000000000000061e-03
2.500000000000000000e+01 9.500000000000000000e+01 3.600000000000000000e+01 0.000000000000000000e+00 1.600000000000000089e+00 -1.088999999999999907e-03 1.645299999999999888e-02 9.998639999999999750e-01 9.970280000000000253e-01 7.703500000000000625e-02 -1.820000000000000057e-04 -7.702699999999999825e-02 9.968930000000000291e-01 -1.648799999999999918e-02
5.000000000000000000e+00 3.000000000000000000e+00 4.300000000000000000e+01 0.000000000000000000e+00 1.600000000000000089e+00 4.310000000000000137e-04 2.399000000000000091e-02 -9.997120000000000450e-01 7.424309999999999521e-01 -6.697380000000000555e-01 -1.575100000000000111e-02 -6.699230000000000462e-01 -7.422100000000000364e-01 -1.809900000000000050e-02
1.300000000000000000e+01 3.000000000000000000e+00 4.300000000000000000e+01 0.000000000000000000e+00 1.600000000000000089e+00 8.100000000000000375e-05 1.417700000000000037e-02 -9.999000000000000110e-01 7.397049999999999459e-01 -6.728650000000000464e-01 -9.480000000000000579e-03 -6.729319999999999746e-01 -7.396300000000000097e-01 -1.054199999999999929e-02
1.000000000000000000e+00 8.000000000000000000e+00 4.400000000000000000e+01 0.000000000000000000e+00 1.600000000000000089e+00 5.452000000000000249e-03 9.258999999999999869e-03 9.999419999999999975e-01 -7.689949999999999841e-01 -6.391740000000000199e-01 1.011199999999999946e-02 6.392309999999999937e-01 -7.690059999999999674e-01 3.635000000000000210e-03
1.000000000000000000e+01 8.000000000000000000e+00 4.400000000000000000e+01 0.000000000000000000e+00 1.600000000000000089e+00 4.275000000000000154e-03 1.484700000000000082e-02 9.998810000000000198e-01 -7.747939999999999827e-01 -6.320869999999999544e-01 1.269799999999999922e-02 6.321999999999999842e-01 -7.747549999999999715e-01 8.800999999999999795e-03
1.700000000000000000e+01 8.000000000000000000e+00 4.400000000000000000e+01 0.000000000000000000e+00 1.600000000000000089e+00 3.510000000000000208e-04 5.654000000000000171e-03 9.999839999999999840e-01 -7.793379999999999752e-01 -6.265920000000000378e-01 3.815999999999999948e-03 6.266040000000000498e-01 -7.793269999999999920e-01 4.185999999999999617e-03
2.400000000000000000e+01 8.000000000000000000e+00 4.400000000000000000e+01 0.000000000000000000e+00 1.600000000000000089e+00 2.300000000000000002e-05 -1.588999999999999918e-03 9.999989999999999712e-01 -7.819270000000000387e-01 -6.233699999999999797e-01 -9.730000000000000151e-04 6.233699999999999797e-01 -7.819260000000000099e-01 -1.257000000000000088e-03
2.800000000000000000e+01 8.000000000000000000e+00 4.400000000000000000e+01 0.000000000000000000e+00 1.600000000000000089e+00 3.539999999999999853e-04 2.807000000000000033e-03 9.999959999999999960e-01 -7.801050000000000484e-01 -6.256460000000000354e-01 2.031999999999999952e-03 6.256490000000000107e-01 -7.801019999999999621e-01 1.968000000000000131e-03
4.000000000000000000e+00 2.900000000000000000e+01 4.400000000000000000e+01 0.000000000000000000e+00 1.600000000000000089e+00 2.190000000000000106e-04 -6.639999999999999852e-04 -1.000000000000000000e+00 6.775930000000000009e-01 7.354370000000000074e-01 -3.400000000000000244e-04 7.354370000000000074e-01 -6.775930000000000009e-01 6.109999999999999980e-04
9.000000000000000000e+00 2.900000000000000000e+01 4.400000000000000000e+01 0.000000000000000000e+00 1.600000000000000089e+00 -1.861999999999999940e-03 4.192000000000000413e-03 -9.999890000000000168e-01 6.763719999999999732e-01 7.365580000000000460e-01 1.828999999999999897e-03 7.365580000000000460e-01 -6.763620000000000188e-01 -4.206999999999999802e-03
1.700000000000000000e+01 2.900000000000000000e+01 4.400000000000000000e+01 0.000000000000000000e+00 1.600000000000000089e+00 -4.099999999999999912e-04 2.517999999999999839e-03 -9.999970000000000248e-01 6.742369999999999752e-01 7.385140000000000038e-01 1.582999999999999989e-03 7.385150000000000325e-01 -6.742340000000000000e-01 -2.001000000000000174e-03
2.200000000000000000e+01 2.900000000000000000e+01 4.400000000000000000e+01 0.000000000000000000e+00 1.600000000000000089e+00 -7.370000000000000249e-04 2.073000000000000190e-03 -9.999980000000000535e-01 6.703729999999999967e-01 7.420240000000000169e-01 1.044000000000000006e-03 7.420240000000000169e-01 -6.703710000000000502e-01 -1.936999999999999920e-03
2.700000000000000000e+01 2.900000000000000000e+01 4.400000000000000000e+01 0.000000000000000000e+00 1.600000000000000089e+00 -6.549999999999999833e-04 -3.719999999999999891e-04 -1.000000000000000000e+00 6.715870000000000450e-01 7.409259999999999735e-01 -7.150000000000000322e-04 7.409259999999999735e-01 -6.715870000000000450e-01 -2.349999999999999930e-04
2.200000000000000000e+01 5.400000000000000000e+01 4.600000000000000000e+01 0.000000000000000000e+00 1.600000000000000089e+00 -1.650999999999999907e-03 7.720000000000000083e-04 9.999980000000000535e-01 3.291040000000000076e-01 -9.442930000000000490e-01 1.271999999999999910e-03 9.442920000000000202e-01 3.291060000000000096e-01 1.304999999999999953e-03
8.000000000000000000e+00 6.500000000000000000e+01 4.600000000000000000e+01 0.000000000000000000e+00 1.600000000000000089e+00 1.595000000000000064e-03 -9.359999999999999831e-04 9.999980000000000535e-01 6.809089999999999865e-01 -7.323659999999999615e-01 -1.771000000000000005e-03 7.323659999999999615e-01 6.809110000000000440e-01 -5.310000000000000050e-04
8.000000000000000000e+00 6.000000000000000000e+00 5.100000000000000000e+01 0.000000000000000000e+00 1.600000000000000089e+00 3.072000000000000078e-03 7.315000000000000321e-03 -9.999689999999999968e-01 3.257200000000000095e-01 -9.454479999999999551e-01 -5.916000000000000252e-03 -9.454609999999999959e-01 -3.256919999999999815e-01 -5.287000000000000033e-03
1.200000000000000000e+01 6.000000000000000000e+00 5.100000000000000000e+01 0.000000000000000000e+00 1.600000000000000089e+00 4.990999999999999777e-03 8.063000000000000722e-03 -9.999550000000000383e-01 3.235089999999999910e-01 -9.462059999999999915e-01 -6.015000000000000381e-03 -9.462120000000000530e-01 -3.234639999999999738e-01 -7.330999999999999843e-03
2.600000000000000000e+01 6.000000000000000000e+00 5.100000000000000000e+01 0.000000000000000000e+00 1.600000000000000089e+00 -3.460000000000000076e-04 -1.239000000000000084e-03 -9.999989999999999712e-01 3.303070000000000173e-01 -9.438729999999999620e-01 1.054999999999999948e-03 -9.438729999999999620e-01 -3.303070000000000173e-01 7.360000000000000006e-04
3.000000000000000000e+00 7.000000000000000000e+00 5.200000000000000000e+01 0.000000000000000000e+00 1.600000000000000089e+00 -1.699999999999999987e-05 -1.302999999999999905e-03 -9.999989999999999712e-01 1.151439999999999964e-01 -9.933480000000000087e-01 1.291999999999999963e-03 -9.933490000000000375e-01 -1.151439999999999964e-01 1.669999999999999935e-04
8.000000000000000000e+00 7.000000000000000000e+00 5.200000000000000000e+01 0.000000000000000000e+00 1.600000000000000089e+00 4.447000000000000432e-03 5.964999999999999816e-03 -9.999719999999999720e-01 1.181859999999999994e-01 -9.929769999999999985e-01 -5.396999999999999888e-03 -9.929820000000000313e-01 -1.181579999999999991e-01 -5.120999999999999684e-03
4.000000000000000000e+00 6.300000000000000000e+01 5.400000000000000000e+01 0.000000000000000000e+00 1.600000000000000089e+00 -1.451999999999999949e-03 -1.739000000000000094e-03 9.999970000000000248e-01 -3.595579999999999887e-01 9.331220000000000070e-01 1.100000000000000066e-03 -9.331220000000000070e-01 -3.595559999999999867e-01 -1.979999999999999989e-03
1.100000000000000000e+01 6.300000000000000000e+01 5.400000000000000000e+01 0.000000000000000000e+00 1.600000000000000089e+00 -2.599999999999999840e-05 6.790000000000000245e-04 1.000000000000000000e+00 -3.523450000000000193e-01 9.358699999999999797e-01 -6.449999999999999570e-04 -9.358699999999999797e-01 -3.523450000000000193e-01 2.149999999999999947e-04
1.500000000000000000e+01 6.300000000000000000e+01 5.400000000000000000e+01 0.000000000000000000e+00 1.600000000000000089e+00 -2.420000000000000005e-04 1.046999999999999971e-03 9.999989999999999712e-01 -3.482660000000000200e-01 9.373949999999999783e-01 -1.064999999999999974e-03 -9.373960000000000070e-01 -3.482660000000000200e-01 1.379999999999999933e-04
2.000000000000000000e+01 6.300000000000000000e+01 5.400000000000000000e+01 0.000000000000000000e+00 1.600000000000000089e+00 -1.119999999999999983e-04 1.355000000000000085e-03 9.999989999999999712e-01 -3.531770000000000187e-01 9.355550000000000255e-01 -1.307000000000000002e-03 -9.355560000000000542e-01 -3.531770000000000187e-01 3.739999999999999835e-04
2.600000000000000000e+01 6.300000000000000000e+01 5.400000000000000000e+01 0.000000000000000000e+00 1.600000000000000089e+00 5.419999999999999471e-04 -6.459999999999999814e-04 1.000000000000000000e+00 -3.507810000000000095e-01 9.364569999999999839e-01 7.950000000000000252e-04 -9.364569999999999839e-01 -3.507810000000000095e-01 2.809999999999999998e-04
5.000000000000000000e+00 2.500000000000000000e+01 5.500000000000000000e+01 0.000000000000000000e+00 1.600000000000000089e+00 1.487999999999999956e-03 -1.111999999999999924e-03 -9.999980000000000535e-01 -1.171200000000000019e-02 -9.999310000000000143e-01 1.093999999999999920e-03 -9.999299999999999855e-01 1.171099999999999919e-02 -1.500000000000000031e-03
