2.000000000000000000e+00 1.500000000000000000e+01 4.000000000000000000e+00 0.000000000000000000e+00 1.600000000000000089e+00 3.199999999999999855e-05 2.317500000000000115e-02 9.997310000000000363e-01 3.192980000000000262e-01 -9.474000000000000199e-01 2.195199999999999929e-02 9.476539999999999964e-01 3.192119999999999957e-01 -7.429999999999999973e-03
9.000000000000000000e+00 1.500000000000000000e+01 4.000000000000000000e+00 0.000000000000000000e+00 1.600000000000000089e+00 -2.642999999999999950e-03 2.818500000000000172e-02 9.995990000000000153e-01 3.230489999999999751e-01 -9.459819999999999895e-01 2.752699999999999939e-02 9.463789999999999702e-01 3.229920000000000013e-01 -6.604999999999999760e-03
3.000000000000000000e+01 1.500000000000000000e+01 4.000000000000000000e+00 0.000000000000000000e+00 1.600000000000000089e+00 -1.203999999999999992e-03 2.003600000000000173e-02 9.997989999999999933e-01 3.787019999999999831e-01 -9.253240000000000354e-01 1.899899999999999853e-02 9.255179999999999518e-01 3.786490000000000133e-01 -6.473999999999999720e-03
1.300000000000000000e+01 1.300000000000000000e+01 5.000000000000000000e+00 0.000000000000000000e+00 1.600000000000000089e+00 -6.285999999999999921e-03 6.377599999999999936e-02 9.979440000000000532e-01 3.310119999999999729e-01 -9.415710000000000468e-01 6.225900000000000184e-02 9.436059999999999448e-01 3.307229999999999892e-01 -1.519200000000000064e-02
1.900000000000000000e+01 1.000000000000000000e+00 6.000000000000000000e+00 0.000000000000000000e+00 1.600000000000000089e+00 -1.780800000000000091e-02 1.145369999999999999e-01 -9.932590000000000030e-01 -1.817749999999999921e-01 -9.772319999999999895e-01 -1.094289999999999985e-01 -9.831790000000000251e-01 1.786010000000000097e-01 3.822199999999999903e-02
8.000000000000000000e+00 1.010000000000000000e+02 7.000000000000000000e+00 0.000000000000000000e+00 1.600000000000000089e+00 -1.028999999999999967e-03 -5.230000000000000274e-03 9.999860000000000415e-01 8.881310000000000038e-01 4.595779999999999865e-01 3.317000000000000070e-03 -4.595890000000000253e-01 8.881219999999999670e-01 4.172000000000000361e-03
1.500000000000000000e+01 1.010000000000000000e+02 7.000000000000000000e+00 0.000000000000000000e+00 1.600000000000000089e+00 2.020000000000000040e-04 1.673499999999999988e-02 9.998599999999999710e-01 8.893760000000000554e-01 4.571089999999999876e-01 -7.830999999999999420e-03 -4.571760000000000268e-01 8.892529999999999601e-01 -1.479100000000000033e-02
2.400000000000000000e+01 1.010000000000000000e+02 7.000000000000000000e+00 0.000000000000000000e+00 1.600000000000000089e+00 -1.209999999999999921e-03 -5.492999999999999619e-03 9.999839999999999840e-01 8.882719999999999505e-01 4.593030000000000168e-01 3.598000000000000070e-03 -4.593160000000000021e-01 8.882630000000000248e-01 4.322999999999999586e-03
3.000000000000000000e+01 1.010000000000000000e+02 7.000000000000000000e+00 0.000000000000000000e+00 1.600000000000000089e+00 -1.930000000000000075e-03 1.692000000000000101e-02 9.998550000000000493e-01 8.862640000000000517e-01 4.631399999999999961e-01 -6.126999999999999634e-03 -4.631770000000000054e-01 8.861229999999999940e-01 -1.589000000000000135e-02
3.000000000000000000e+01 1.500000000000000000e+01 8.000000000000000000e+00 0.000000000000000000e+00 1.600000000000000089e+00 -6.440000000000000412e-04 8.573000000000000759e-03 -9.999630000000000463e-01 -6.160649999999999737e-01 -7.876689999999999525e-01 -6.355999999999999671e-03 -7.876950000000000340e-01 6.160379999999999745e-01 5.788999999999999875e-03
6.000000000000000000e+00 2.500000000000000000e+01 8.000000000000000000e+00 0.000000000000000000e+00 1.600000000000000089e+00 -1.392000000000000008e-03 -5.980000000000000072e-03 -9.999810000000000088e-01 4.457960000000000256e-01 8.951149999999999940e-01 -5.973000000000000011e-03 8.951339999999999852e-01 -4.457960000000000256e-01 1.420000000000000038e-03
1.600000000000000000e+01 2.500000000000000000e+01 8.000000000000000000e+00 0.000000000000000000e+00 1.600000000000000089e+00 -1.801000000000000083e-03 -2.393999999999999861e-03 -9.999949999999999672e-01 4.468269999999999742e-01 8.946159999999999668e-01 -2.946999999999999967e-03 8.946190000000000531e-01 -4.468300000000000050e-01 -5.419999999999999471e-04
2.300000000000000000e+01 2.500000000000000000e+01 8.000000000000000000e+00 0.000000000000000000e+00 1.600000000000000089e+00 -3.379999999999999758e-04 2.798000000000000140e-03 -9.999959999999999960e-01 4.468960000000000155e-01 8.945830000000000171e-01 2.351999999999999924e-03 8.945859999999999923e-01 -4.468940000000000135e-01 -1.552999999999999910e-03
2.600000000000000000e+01 2.500000000000000000e+01 8.000000000000000000e+00 0.000000000000000000e+00 1.600000000000000089e+00 -1.217999999999999899e-03 5.367000000000000243e-03 -9.999850000000000128e-01 4.470759999999999734e-01 8.944860000000000033e-01 4.256000000000000234e-03 8.944950000000000401e-01 -4.470640000000000169e-01 -3.488999999999999914e-03
7.000000000000000000e+00 2.400000000000000000e+01 9.000000000000000000e+00 0.000000000000000000e+00 1.600000000000000089e+00 -1.681999999999999901e-03 -8.120000000000000481e-03 -9.999660000000000215e-01 4.513190000000000257e-01 8.923269999999999813e-01 -8.004999999999999963e-03 8.923609999999999598e-01 -4.513170000000000237e-01 2.164000000000000125e-03
1.100000000000000000e+01 2.400000000000000000e+01 9.000000000000000000e+00 0.000000000000000000e+00 1.600000000000000089e+00 -1.796000000000000070e-03 -4.641000000000000160e-03 -9.999879999999999880e-01 4.518289999999999806e-01 8.920909999999999673e-01 -4.951999999999999805e-03 8.921029999999999793e-01 -4.518329999999999846e-01 4.949999999999999973e-04
1.600000000000000000e+01 2.400000000000000000e+01 9.000000000000000000e+00 0.000000000000000000e+00 1.600000000000000089e+00 -9.970000000000000563e-04 -9.990000000000001049e-04 -9.999989999999999712e-01 4.529719999999999858e-01 8.915239999999999831e-01 -1.342000000000000094e-03 8.915239999999999831e-01 -4.529730000000000145e-01 -4.369999999999999970e-04
2.000000000000000000e+01 2.400000000000000000e+01 9.000000000000000000e+00 0.000000000000000000e+00 1.600000000000000089e+00 -5.100000000000000366e-04 -4.765000000000000138e-03 -9.999890000000000168e-01 4.522410000000000041e-01 8.918840000000000101e-01 -4.480999999999999740e-03 8.918949999999999934e-01 -4.522390000000000021e-01 1.699999999999999905e-03
2.600000000000000000e+01 2.400000000000000000e+01 9.000000000000000000e+00 0.000000000000000000e+00 1.600000000000000089e+00 -1.765999999999999992e-03 4.786000000000000323e-03 -9.999869999999999592e-01 4.544270000000000254e-01 8.907770000000000410e-01 3.461000000000000101e-03 8.907819999999999627e-01 -4.544150000000000134e-01 -3.748000000000000029e-03
2.500000000000000000e+01 7.000000000000000000e+00 1.000000000000000000e+01 0.000000000000000000e+00 1.600000000000000089e+00 1.066499999999999948e-01 1.002500000000000058e-01 -9.892300000000000537e-01 -9.327990000000000448e-01 -3.343789999999999818e-01 -1.344529999999999892e-01 -3.442569999999999797e-01 9.370920000000000361e-01 5.785099999999999965e-02
1.000000000000000000e+00 3.100000000000000000e+01 1.200000000000000000e+01 0.000000000000000000e+00 1.600000000000000089e+00 5.060000000000000261e-03 4.759000000000000209e-03 9.999759999999999760e-01 -2.295999999999999864e-03 9.999860000000000415e-01 -4.747999999999999617e-03 -9.999850000000000128e-01 -2.272000000000000148e-03 5.070999999999999987e-03
8.000000000000000000e+00 3.100000000000000000e+01 1.200000000000000000e+01 0.000000000000000000e+00 1.600000000000000089e+00 2.799999999999999958e-05 -3.642999999999999971e-03 9.999930000000000208e-01 -3.324000000000000132e-03 9.999879999999999880e-01 3.642999999999999971e-03 -9.999940000000000495e-01 -3.324000000000000132e-03 1.599999999999999928e-05
2.000000000000000000e+00 3.500000000000000000e+01 1.200000000000000000e+01 0.000000000000000000e+00 1.600000000000000089e+00 6.662999999999999652e-03 -4.098000000000000080e-03 -9.999689999999999968e-01 5.673869999999999747e-01 -8.234200000000000408e-01 7.154999999999999902e-03 -8.234240000000000448e-01 -5.674169999999999492e-01 -3.161999999999999880e-03
7.000000000000000000e+00 3.500000000000000000e+01 1.200000000000000000e+01 0.000000000000000000e+00 1.600000000000000089e+00 6.109999999999999980e-04 -4.564000000000000348e-03 -9.999890000000000168e-01 5.536459999999999715e-01 -8.327419999999999822e-01 4.139000000000000318e-03 -8.327520000000000477e-01 -5.536429999999999962e-01 2.018999999999999961e-03
1.300000000000000000e+01 3.500000000000000000e+01 1.200000000000000000e+01 0.000000000000000000e+00 1.600000000000000089e+00 1.902000000000000045e-03 -7.387999999999999602e-03 -9.999710000000000543e-01 5.328869999999999996e-01 -8.461549999999999905e-01 7.264999999999999757e-03 -8.461840000000000472e-01 -5.328850000000000531e-01 2.328000000000000208e-03
1.700000000000000000e+01 3.500000000000000000e+01 1.200000000000000000e+01 0.000000000000000000e+00 1.600000000000000089e+00 -9.640000000000000131e-04 -6.466000000000000393e-03 -9.999789999999999512e-01 5.146849999999999481e-01 -8.573650000000000437e-01 5.048000000000000403e-03 -8.573790000000000022e-01 -5.146690000000000431e-01 4.153999999999999707e-03
2.200000000000000000e+01 3.500000000000000000e+01 1.200000000000000000e+01 0.000000000000000000e+00 1.600000000000000089e+00 9.740000000000000394e-04 -4.562000000000000083e-03 -9.999890000000000168e-01 4.942340000000000066e-01 -8.693180000000000351e-01 4.447000000000000432e-03 -8.693279999999999896e-01 -4.942329999999999779e-01 1.407000000000000048e-03
2.800000000000000000e+01 3.500000000000000000e+01 1.200000000000000000e+01 0.000000000000000000e+00 1.600000000000000089e+00 1.920000000000000049e-04 -4.205000000000000404e-03 -9.999909999999999632e-01 4.634019999999999806e-01 -8.861400000000000388e-01 3.814999999999999815e-03 -8.861480000000000468e-01 -4.633979999999999766e-01 1.778000000000000067e-03
2.400000000000000000e+01 3.200000000000000000e+01 1.400000000000000000e+01 0.000000000000000000e+00 1.600000000000000089e+00 -3.119999999999999944e-04 -9.409999999999999962e-04 -9.999989999999999712e-01 9.455500000000000016e-02 9.955190000000000428e-01 -9.659999999999999533e-04 9.955199999999999605e-01 -9.455500000000000016e-02 -2.220000000000000022e-04
6.000000000000000000e+00 1.200000000000000000e+01 1.500000000000000000e+01 0.000000000000000000e+00 1.600000000000000089e+00 -7.990000000000000140e-04 1.149099999999999948e-02 -9.999339999999999895e-01 -4.514119999999999799e-01 -8.922609999999999708e-01 -9.893000000000000752e-03 -8.923149999999999693e-01 4.513739999999999974e-01 5.899999999999999863e-03
1.200000000000000000e+01 1.200000000000000000e+01 1.500000000000000000e+01 0.000000000000000000e+00 1.600000000000000089e+00 -6.400000000000000307e-03 5.849000000000000032e-03 -9.999620000000000175e-01 -4.260249999999999870e-01 -9.047079999999999567e-01 -2.565000000000000006e-03 -9.046889999999999654e-01 4.259930000000000105e-01 8.281999999999999432e-03
1.500000000000000000e+01 1.160000000000000000e+02 1.600000000000000000e+01 0.000000000000000000e+00 1.600000000000000089e+00 1.031000000000000015e-03 -5.599999999999999509e-04 9.999989999999999712e-01 7.561670000000000336e-01 6.543790000000000440e-01 -4.130000000000000099e-04 -6.543780000000000152e-01 7.561670000000000336e-01 1.098000000000000018e-03
5.000000000000000000e+00 2.000000000000000000e+00 1.900000000000000000e+01 0.000000000000000000e+00 1.600000000000000089e+00 2.843100000000000141e-02 7.424400000000000444e-02 -9.968350000000000266e-01 2.909249999999999892e-01 -9.546820000000000306e-01 -6.280700000000000172e-02 -9.563230000000000341e-01 -2.882190000000000030e-01 -4.874200000000000060e-02
1.000000000000000000e+01 2.000000000000000000e+00 1.900000000000000000e+01 0.000000000000000000e+00 1.600000000000000089e+00 2.322199999999999959e-02 5.635099999999999831e-02 -9.981409999999999449e-01 3.257979999999999765e-01 -9.443329999999999780e-01 -4.573300000000000282e-02 -9.451540000000000497e-01 -3.241310000000000024e-01 -4.028899999999999842e-02
2.200000000000000000e+01 2.000000000000000000e+00 1.900000000000000000e+01 0.000000000000000000e+00 1.600000000000000089e+00 9.340000000000000429e-04 5.110100000000000059e-02 -9.986930000000000529e-01 3.490170000000000217e-01 -9.359089999999999909e-01 -4.756200000000000011e-02 -9.371159999999999490e-01 -3.485159999999999925e-01 -1.870899999999999994e-02
2.800000000000000000e+01 2.000000000000000000e+00 1.900000000000000000e+01 0.000000000000000000e+00 1.600000000000000089e+00 3.217999999999999940e-03 2.464200000000000071e-02 -9.996909999999999963e-01 3.470300000000000051e-01 -9.375959999999999850e-01 -2.199399999999999966e-02 -9.378490000000000437e-01 -3.468519999999999937e-01 -1.156800000000000016e-02
1.900000000000000000e+01 3.000000000000000000e+00 1.900000000000000000e+01 0.000000000000000000e+00 1.600000000000000089e+00 -4.664999999999999876e-03 3.241499999999999937e-02 -9.994640000000000191e-01 3.321129999999999916e-01 -9.426919999999999744e-01 -3.212399999999999978e-02 -9.432279999999999553e-01 -3.320850000000000191e-01 -6.368000000000000396e-03
8.000000000000000000e+00 4.000000000000000000e+00 2.000000000000000000e+01 0.000000000000000000e+00 1.600000000000000089e+00 2.511599999999999944e-02 2.350599999999999912e-02 -9.994079999999999631e-01 3.664160000000000195e-01 -9.303649999999999975e-01 -1.267399999999999950e-02 -9.301120000000000498e-01 -3.658810000000000118e-01 -3.198100000000000248e-02
1.100000000000000000e+01 4.000000000000000000e+00 2.000000000000000000e+01 0.000000000000000000e+00 1.600000000000000089e+00 2.091200000000000003e-02 1.898899999999999894e-02 -9.996009999999999618e-01 3.587509999999999866e-01 -9.333770000000000122e-01 -1.022600000000000071e-02 -9.331990000000000007e-01 -3.583939999999999904e-01 -2.633100000000000024e-02
1.400000000000000000e+01 4.000000000000000000e+00 2.000000000000000000e+01 0.000000000000000000e+00 1.600000000000000089e+00 5.807999999999999795e-03 1.026200000000000029e-02 -9.999310000000000143e-01 3.574120000000000075e-01 -9.339169999999999972e-01 -7.509000000000000050e-03 -9.339290000000000092e-01 -3.573439999999999950e-01 -9.091999999999999388e-03
5.000000000000000000e+00 1.300000000000000000e+01 2.000000000000000000e+01 0.000000000000000000e+00 1.600000000000000089e+00 4.910000000000000085e-04 1.206000000000000041e-03 9.999989999999999712e-01 2.623539999999999761e-01 9.649710000000000232e-01 -1.291999999999999963e-03 -9.649710000000000232e-01 2.623550000000000049e-01 1.569999999999999944e-04
1.000000000000000000e+01 1.300000000000000000e+01 2.000000000000000000e+01 0.000000000000000000e+00 1.600000000000000089e+00 2.259999999999999910e-04 1.206999999999999957e-03 9.999989999999999712e-01 2.612949999999999995e-01 9.652579999999999494e-01 -1.224000000000000045e-03 -9.652589999999999781e-01 2.612949999999999995e-01 -9.699999999999999963e-05
1.500000000000000000e+01 1.300000000000000000e+01 2.000000000000000000e+01 0.000000000000000000e+00 1.600000000000000089e+00 -5.400000000000000069e-04 -2.714999999999999965e-03 9.999959999999999960e-01 2.640159999999999729e-01 9.645139999999999825e-01 2.760999999999999999e-03 -9.645179999999999865e-01 2.640170000000000017e-01 1.959999999999999937e-04
2.100000000000000000e+01 1.300000000000000000e+01 2.000000000000000000e+01 0.000000000000000000e+00 1.600000000000000089e+00 -5.109999999999999525e-04 3.010000000000000089e-03 9.999949999999999672e-01 2.637419999999999765e-01 9.645890000000000297e-01 -2.768000000000000061e-03 -9.645930000000000337e-01 2.637390000000000012e-01 -1.286999999999999950e-03
2.500000000000000000e+01 1.300000000000000000e+01 2.000000000000000000e+01 0.000000000000000000e+00 1.600000000000000089e+00 1.033999999999999980e-03 3.592000000000000141e-03 9.999930000000000208e-01 2.600899999999999879e-01 9.655770000000000186e-01 -3.736999999999999870e-03 -9.655839999999999979e-01 2.600919999999999899e-01 6.399999999999999710e-05
2.800000000000000000e+01 1.300000000000000000e+01 2.000000000000000000e+01 0.000000000000000000e+00 1.600000000000000089e+00 2.112000000000000162e-03 -2.063000000000000164e-03 9.999959999999999960e-01 2.584969999999999768e-01 9.660109999999999530e-01 1.446999999999999936e-03 -9.660100000000000353e-01 2.584929999999999728e-01 2.573999999999999899e-03
2.100000000000000000e+01 1.600000000000000000e+01 2.100000000000000000e+01 0.000000000000000000e+00 1.600000000000000089e+00 -1.116999999999999937e-03 1.856000000000000011e-03 9.999980000000000535e-01 2.998190000000000022e-01 9.539950000000000374e-01 -1.435999999999999993e-03 -9.539950000000000374e-01 2.998170000000000002e-01 -1.621999999999999961e-03
2.900000000000000000e+01 2.000000000000000000e+00 2.500000000000000000e+01 0.000000000000000000e+00 1.600000000000000089e+00 -1.644999999999999978e-03 6.166999999999999739e-03 9.999799999999999800e-01 8.308799999999999519e-02 -9.965220000000000189e-01 6.283000000000000390e-03 9.965410000000000101e-01 8.309700000000000419e-02 1.126000000000000048e-03
5.000000000000000000e+00 3.000000000000000000e+00 2.500000000000000000e+01 0.000000000000000000e+00 1.600000000000000089e+00 -6.200000000000000270e-05 1.301199999999999926e-02 9.999149999999999983e-01 -3.259100000000000191e-02 -9.993840000000000501e-01 1.300300000000000067e-02 9.994690000000000518e-01 -3.258699999999999791e-02 4.859999999999999954e-04
1.300000000000000000e+01 3.000000000000000000e+00 2.500000000000000000e+01 0.000000000000000000e+00 1.600000000000000089e+00 3.335999999999999990e-03 -3.720000000000000216e-03 9.999879999999999880e-01 -4.912400000000000100e-02 -9.987859999999999516e-01 -3.552000000000000036e-03 9.987869999999999804e-01 -4.911100000000000187e-02 -3.514000000000000196e-03
1.900000000000000000e+01 3.000000000000000000e+00 2.500000000000000000e+01 0.000000000000000000e+00 1.600000000000000089e+00 2.582999999999999793e-03 2.446999999999999956e-03 9.999940000000000495e-01 -4.359199999999999880e-02 -9.990459999999999896e-01 2.557999999999999944e-03 9.990459999999999896e-01 -4.359799999999999787e-02 -2.474000000000000071e-03
2.400000000000000000e+01 3.000000000000000000e+00 2.500000000000000000e+01 0.000000000000000000e+00 1.600000000000000089e+00 -6.660000000000000338e-04 1.508999999999999925e-02 9.998860000000000525e-01 -2.174099999999999991e-02 -9.996500000000000385e-01 1.507200000000000033e-02 9.997629999999999573e-01 -2.172800000000000079e-02 9.940000000000000918e-04
1.000000000000000000e+01 4.600000000000000000e+01 2.700000000000000000e+01 0.000000000000000000e+00 1.600000000000000089e+00 -1.605000000000000090e-03 -1.430000000000000064e-04 -9.999989999999999712e-01 6.699540000000000495e-01 7.424020000000000064e-01 -1.180999999999999975e-03 7.424009999999999776e-01 -6.699549999999999672e-01 -1.095999999999999969e-03
1.700000000000000000e+01 4.600000000000000000e+01 2.700000000000000000e+01 0.000000000000000000e+00 1.600000000000000089e+00 -1.139999999999999954e-03 -1.856999999999999927e-03 -9.999980000000000535e-01 6.645189999999999708e-01 7.472680000000000433e-01 -2.145000000000000205e-03 7.472710000000000186e-01 -6.645199999999999996e-01 3.820000000000000153e-04
2.100000000000000000e+01 4.600000000000000000e+01 2.700000000000000000e+01 0.000000000000000000e+00 1.600000000000000089e+00 -1.248999999999999893e-03 1.417000000000000074e-03 -9.999980000000000535e-01 6.615360000000000129e-01 7.499130000000000518e-01 2.359999999999999902e-04 7.499120000000000230e-01 -6.615349999999999842e-01 -1.874000000000000015e-03
7.000000000000000000e+00 4.600000000000000000e+01 3.000000000000000000e+01 0.000000000000000000e+00 1.600000000000000089e+00 -1.364999999999999894e-03 -1.765000000000000076e-03 -9.999980000000000535e-01 3.250089999999999923e-01 9.457079999999999931e-01 -2.112999999999999861e-03 9.457100000000000506e-01 -3.250109999999999943e-01 -7.169999999999999724e-04
2.000000000000000000e+01 4.600000000000000000e+01 3.000000000000000000e+01 0.000000000000000000e+00 1.600000000000000089e+00 -1.629000000000000023e-03 -1.177000000000000095e-03 -9.999980000000000535e-01 3.255730000000000013e-01 9.455149999999999944e-01 -1.642999999999999929e-03 9.455149999999999944e-01 -3.255750000000000033e-01 -1.157000000000000042e-03
1.100000000000000000e+01 5.800000000000000000e+01 3.100000000000000000e+01 0.000000000000000000e+00 1.600000000000000089e+00 -3.569999999999999823e-03 -1.722999999999999922e-03 9.999919999999999920e-01 -7.719510000000000538e-01 -6.356709999999999861e-01 -3.850999999999999823e-03 6.356720000000000148e-01 -7.719580000000000330e-01 9.389999999999999476e-04
1.500000000000000000e+01 5.800000000000000000e+01 3.100000000000000000e+01 0.000000000000000000e+00 1.600000000000000089e+00 6.089999999999999494e-04 -6.340000000000000149e-04 1.000000000000000000e+00 -7.693929999999999936e-01 -6.387760000000000105e-01 6.299999999999999990e-05 6.387749999999999817e-01 -7.693929999999999936e-01 -8.769999999999999584e-04
2.200000000000000000e+01 5.800000000000000000e+01 3.100000000000000000e+01 0.000000000000000000e+00 1.600000000000000089e+00 -4.299999999999999894e-04 1.654000000000000088e-03 9.999989999999999712e-01 -7.664260000000000517e-01 -6.423320000000000141e-01 7.330000000000000361e-04 6.423320000000000141e-01 -7.664250000000000229e-01 1.544000000000000017e-03
2.600000000000000000e+01 5.800000000000000000e+01 3.100000000000000000e+01 0.000000000000000000e+00 1.600000000000000089e+00 -8.800000000000000313e-04 -9.970000000000000563e-04 9.999989999999999712e-01 -7.608939999999999593e-01 -6.488749999999999796e-01 -1.317000000000000028e-03 6.488760000000000083e-01 -7.608949999999999880e-01 -1.869999999999999917e-04
1.000000000000000000e+00 4.600000000000000000e+01 3.500000000000000000e+01 0.000000000000000000e+00 1.600000000000000089e+00 -1.410000000000000120e-04 4.079999999999999968e-04 -1.000000000000000000e+00 3.916919999999999846e-01 -9.200960000000000250e-01 -4.299999999999999894e-04 -9.200960000000000250e-01 -3.916919999999999846e-01 -3.000000000000000076e-05
7.000000000000000000e+00 4.600000000000000000e+01 3.500000000000000000e+01 0.000000000000000000e+00 1.600000000000000089e+00 1.169999999999999979e-04 6.809999999999999647e-04 -1.000000000000000000e+00 3.938630000000000186e-01 -9.191690000000000138e-01 -5.800000000000000034e-04 -9.191690000000000138e-01 -3.938630000000000186e-01 -3.750000000000000078e-04
1.000000000000000000e+01 4.600000000000000000e+01 3.500000000000000000e+01 0.000000000000000000e+00 1.600000000000000089e+00 7.060000000000000303e-04 1.000000000000000082e-05 -1.000000000000000000e+00 3.945100000000000273e-01 -9.188920000000000421e-01 2.700000000000000035e-04 -9.188910000000000133e-01 -3.945100000000000273e-01 -6.520000000000000188e-04
1.600000000000000000e+01 4.600000000000000000e+01 3.500000000000000000e+01 0.000000000000000000e+00 1.600000000000000089e+00 4.000000000000000192e-04 -4.789999999999999879e-04 -1.000000000000000000e+00 3.944730000000000181e-01 -9.189070000000000293e-01 5.969999999999999829e-04 -9.189070000000000293e-01 -3.944730000000000181e-01 -1.789999999999999870e-04
2.000000000000000000e+01 4.600000000000000000e+01 3.500000000000000000e+01 0.000000000000000000e+00 1.600000000000000089e+00 -2.400000000000000061e-05 4.814999999999999836e-03 -9.999879999999999880e-01 3.930069999999999952e-01 -9.195250000000000368e-01 -4.436999999999999972e-03 -9.195360000000000200e-01 -3.930020000000000180e-01 -1.871000000000000050e-03
3.000000000000000000e+01 4.600000000000000000e+01 3.500000000000000000e+01 0.000000000000000000e+00 1.600000000000000089e+00 -1.440000000000000036e-04 -8.002000000000000432e-03 -9.999679999999999680e-01 3.881600000000000050e-01 -9.215630000000000210e-01 7.317999999999999852e-03 -9.215919999999999668e-01 -3.881459999999999910e-01 3.239000000000000126e-03
4.000000000000000000e+00 3.000000000000000000e+00 4.300000000000000000e+01 0.000000000000000000e+00 1.600000000000000089e+00 -3.690000000000000138e-03 1.062999999999999926e-03 -9.999930000000000208e-01 7.373020000000000129e-01 -6.755550000000000166e-01 -3.439000000000000216e-03 -6.755539999999999878e-01 -7.373089999999999922e-01 1.709000000000000016e-03
9.000000000000000000e+00 3.000000000000000000e+00 4.300000000000000000e+01 0.000000000000000000e+00 1.600000000000000089e+00 1.247999999999999977e-03 5.717999999999999992e-03 -9.999829999999999552e-01 7.357829999999999648e-01 -6.772110000000000074e-01 -2.954000000000000029e-03 -6.772160000000000402e-01 -7.357669999999999488e-01 -5.053000000000000200e-03
1.400000000000000000e+01 3.000000000000000000e+00 4.300000000000000000e+01 0.000000000000000000e+00 1.600000000000000089e+00 2.464000000000000044e-03 3.268999999999999684e-02 -9.994619999999999616e-01 7.350809999999999844e-01 -6.776739999999999986e-01 -2.035299999999999956e-02 -6.779749999999999943e-01 -7.346359999999999557e-01 -2.569899999999999962e-02
2.000000000000000000e+01 3.000000000000000000e+00 4.300000000000000000e+01 0.000000000000000000e+00 1.600000000000000089e+00 2.936999999999999941e-03 6.294000000000000115e-03 -9.999759999999999760e-01 7.342840000000000478e-01 -6.788389999999999702e-01 -2.115999999999999825e-03 -6.788359999999999950e-01 -7.342600000000000238e-01 -6.615000000000000220e-03
2.400000000000000000e+01 3.000000000000000000e+00 4.300000000000000000e+01 0.000000000000000000e+00 1.600000000000000089e+00 1.806000000000000097e-03 -8.907999999999999252e-03 -9.999590000000000423e-01 7.365059999999999940e-01 -6.763909999999999645e-01 7.355000000000000426e-03 -6.764289999999999470e-01 -7.364889999999999493e-01 5.340000000000000129e-03
2.700000000000000000e+01 3.000000000000000000e+00 4.300000000000000000e+01 0.000000000000000000e+00 1.600000000000000089e+00 1.093000000000000005e-03 4.836000000000000021e-03 -9.999879999999999880e-01 7.395749999999999824e-01 -6.730690000000000284e-01 -2.446999999999999956e-03 -6.730730000000000324e-01 -7.395639999999999992e-01 -4.311999999999999861e-03
2.700000000000000000e+01 8.000000000000000000e+00 4.400000000000000000e+01 0.000000000000000000e+00 1.600000000000000089e+00 5.969999999999999829e-04 -1.039999999999999909e-03 9.999989999999999712e-01 -7.854879999999999640e-01 -6.188759999999999817e-01 -1.749999999999999982e-04 6.188759999999999817e-01 -7.854879999999999640e-01 -1.186999999999999904e-03
1.000000000000000000e+00 2.900000000000000000e+01 4.400000000000000000e+01 0.000000000000000000e+00 1.600000000000000089e+00 -1.786000000000000044e-03 6.470000000000000057e-04 -9.999980000000000535e-01 6.539080000000000448e-01 7.565739999999999688e-01 -6.780000000000000002e-04 7.565720000000000223e-01 -6.539080000000000448e-01 -1.773999999999999969e-03
7.000000000000000000e+00 2.900000000000000000e+01 4.400000000000000000e+01 0.000000000000000000e+00 1.600000000000000089e+00 -1.761999999999999894e-03 2.184000000000000177e-03 -9.999959999999999960e-01 6.594769999999999799e-01 7.517239999999999478e-01 4.800000000000000122e-04 7.517220000000000013e-01 -6.594740000000000046e-01 -2.765000000000000097e-03
1.200000000000000000e+01 2.900000000000000000e+01 4.400000000000000000e+01 0.000000000000000000e+00 1.600000000000000089e+00 1.588000000000000002e-03 -1.224999999999999960e-03 -9.999980000000000535e-01 6.583719999999999573e-01 7.526920000000000277e-01 1.240000000000000054e-04 7.526909999999999989e-01 -6.583710000000000395e-01 2.001999999999999873e-03
1.600000000000000000e+01 2.900000000000000000e+01 4.400000000000000000e+01 0.000000000000000000e+00 1.600000000000000089e+00 9.920000000000000432e-04 -3.836000000000000000e-03 -9.999919999999999920e-01 6.538389999999999480e-01 7.566300000000000248e-01 -2.252999999999999794e-03 7.566330000000000000e-01 -6.538319999999999688e-01 3.259000000000000178e-03
2.300000000000000000e+01 2.900000000000000000e+01 4.400000000000000000e+01 0.000000000000000000e+00 1.600000000000000089e+00 -6.780000000000000002e-04 -2.628999999999999827e-03 -9.999959999999999960e-01 6.576359999999999983e-01 7.533320000000000016e-01 -2.426000000000000205e-03 7.533360000000000056e-01 -6.576349999999999696e-01 1.217999999999999899e-03
2.800000000000000000e+01 2.900000000000000000e+01 4.400000000000000000e+01 0.000000000000000000e+00 1.600000000000000089e+00 -1.310000000000000129e-04 -2.144000000000000072e-03 -9.999980000000000535e-01 6.596279999999999921e-01 7.515899999999999803e-01 -1.698000000000000074e-03 7.515920000000000378e-01 -6.596269999999999634e-01 1.315999999999999896e-03
1.400000000000000000e+01 6.500000000000000000e+01 4.600000000000000000e+01 0.000000000000000000e+00 1.600000000000000089e+00 -1.685999999999999999e-03 2.700999999999999842e-03 9.999949999999999672e-01 6.782439999999999580e-01 -7.348299999999999832e-01 3.128999999999999837e-03 7.348339999999999872e-01 6.782460000000000155e-01 -5.929999999999999941e-04
1.000000000000000000e+00 7.000000000000000000e+01 4.700000000000000000e+01 0.000000000000000000e+00 1.600000000000000089e+00 -7.470000000000000511e-04 -8.899999999999999925e-03 -9.999599999999999600e-01 -8.410849999999999715e-01 -5.408760000000000234e-01 5.442999999999999922e-03 -5.409030000000000227e-01 8.410549999999999971e-01 -7.081999999999999754e-03
2.000000000000000000e+00 5.000000000000000000e+00 5.100000000000000000e+01 0.000000000000000000e+00 1.600000000000000089e+00 2.825999999999999953e-03 8.028999999999999679e-03 -9.999639999999999640e-01 4.861610000000000098e-01 -8.738510000000000444e-01 -5.642000000000000313e-03 -8.738650000000000029e-01 -4.861269999999999758e-01 -6.373000000000000193e-03
5.000000000000000000e+00 5.000000000000000000e+00 5.100000000000000000e+01 0.000000000000000000e+00 1.600000000000000089e+00 7.999999999999999638e-06 4.708999999999999644e-03 -9.999890000000000168e-01 4.899870000000000059e-01 -8.717200000000000504e-01 -4.100999999999999611e-03 -8.717300000000000049e-01 -4.899809999999999999e-01 -2.314000000000000085e-03
1.400000000000000000e+01 5.000000000000000000e+00 5.100000000000000000e+01 0.000000000000000000e+00 1.600000000000000089e+00 2.593999999999999952e-03 1.709400000000000155e-02 -9.998510000000000453e-01 4.828270000000000062e-01 -8.756080000000000529e-01 -1.371700000000000003e-02 -8.757120000000000459e-01 -4.827199999999999824e-01 -1.052400000000000037e-02
1.900000000000000000e+01 5.000000000000000000e+00 5.100000000000000000e+01 0.000000000000000000e+00 1.600000000000000089e+00 -1.454999999999999913e-03 1.048600000000000053e-02 -9.999440000000000550e-01 4.816119999999999846e-01 -8.763290000000000246e-01 -9.891000000000000486e-03 -8.763830000000000231e-01 -4.815999999999999726e-01 -3.775000000000000144e-03
1.100000000000000000e+01 1.150000000000000000e+02 5.100000000000000000e+01 0.000000000000000000e+00 1.600000000000000089e+00 8.229999999999999469e-04 6.409999999999999682e-04 9.999989999999999712e-01 8.472260000000000346e-01 -5.312320000000000375e-01 -3.570000000000000040e-04 5.312320000000000375e-01 8.472260000000000346e-01 -9.810000000000001011e-04
2.500000000000000000e+01 7.000000000000000000e+00 5.200000000000000000e+01 0.000000000000000000e+00 1.600000000000000089e+00 -3.879999999999999985e-04 -1.454999999999999913e-03 -9.999989999999999712e-01 9.543600000000000694e-02 -9.954349999999999588e-01 1.410999999999999928e-03 -9.954359999999999875e-01 -9.543500000000000594e-02 5.249999999999999676e-04
4.000000000000000000e+00 6.300000000000000000e+01 5.400000000000000000e+01 0.000000000000000000e+00 1.600000000000000089e+00 -6.710000000000000469e-04 -1.923000000000000013e-03 9.999980000000000535e-01 -3.474309999999999898e-01 9.377039999999999820e-01 1.569999999999999998e-03 -9.377050000000000107e-01 -3.474289999999999878e-01 -1.296999999999999976e-03
1.400000000000000000e+01 6.300000000000000000e+01 5.400000000000000000e+01 0.000000000000000000e+00 1.600000000000000089e+00 1.513999999999999938e-03 6.089999999999999494e-04 9.999989999999999712e-01 -3.325429999999999775e-01 9.430880000000000374e-01 -7.100000000000000462e-05 -9.430870000000000086e-01 -3.325429999999999775e-01 1.629999999999999939e-03
1.900000000000000000e+01 6.300000000000000000e+01 5.400000000000000000e+01 0.000000000000000000e+00 1.600000000000000089e+00 2.939000000000000206e-03 -1.680999999999999986e-03 9.999940000000000495e-01 -3.464119999999999977e-01 9.380789999999999962e-01 2.595000000000000084e-03 -9.380779999999999674e-01 -3.464169999999999749e-01 2.174000000000000151e-03
2.800000000000000000e+01 6.300000000000000000e+01 5.400000000000000000e+01 0.000000000000000000e+00 1.600000000000000089e+00 -2.207000000000000194e-03 4.380000000000000213e-04 9.999970000000000248e-01 -3.428959999999999786e-01 9.393730000000000135e-01 -1.168999999999999900e-03 -9.393709999999999560e-01 -3.428970000000000073e-01 -1.923000000000000013e-03
2.400000000000000000e+01 2.500000000000000000e+01 5.500000000000000000e+01 0.000000000000000000e+00 1.600000000000000089e+00 6.920000000000000153e-04 -2.788000000000000114e-03 -9.999959999999999960e-01 -1.402600000000000027e-02 -9.998979999999999535e-01 2.778000000000000087e-03 -9.999010000000000398e-01 1.402400000000000001e-02 -7.309999999999999875e-04
8.000000000000000000e+00 2.600000000000000000e+01 5.500000000000000000e+01 0.000000000000000000e+00 1.600000000000000089e+00 -9.959999999999999236e-04 6.599999999999999964e-04 -9.999989999999999712e-01 -2.614599999999999910e-02 -9.996580000000000465e-01 -6.340000000000000149e-04 -9.996580000000000465e-01 2.614599999999999910e-02 1.012000000000000096e-03
9.000000000000000000e+00 6.800000000000000000e+01 5.700000000000000000e+01 0.000000000000000000e+00 1.600000000000000089e+00 -3.899999999999999929e-04 5.609000000000000270e-03 -9.999839999999999840e-01 -2.418170000000000042e-01 -9.703070000000000306e-01 -5.348000000000000323e-03 -9.703220000000000178e-01 2.418109999999999982e-01 1.734999999999999997e-03
2.000000000000000000e+00 2.100000000000000000e+01 6.000000000000000000e+01 0.000000000000000000e+00 1.600000000000000089e+00 8.798000000000000265e-03 -1.768199999999999980e-02 9.998050000000000548e-01 -9.332999999999999630e-02 9.954650000000000443e-01 1.842699999999999894e-02 -9.955960000000000365e-01 -9.347400000000000153e-02 7.107999999999999735e-03
9.000000000000000000e+00 2.100000000000000000e+01 6.000000000000000000e+01 0.000000000000000000e+00 1.600000000000000089e+00 -4.799999999999999580e-03 3.648999999999999900e-03 9.999820000000000375e-01 -9.464599999999999402e-02 9.955030000000000268e-01 -4.087000000000000355e-03 -9.954990000000000228e-01 -9.466399999999999815e-02 -4.433999999999999574e-03
1.700000000000000000e+01 2.100000000000000000e+01 6.000000000000000000e+01 0.000000000000000000e+00 1.600000000000000089e+00 1.185999999999999988e-03 2.322999999999999978e-03 9.999970000000000248e-01 -9.575899999999999690e-02 9.954020000000000090e-01 -2.199000000000000000e-03 -9.954039999999999555e-01 -9.575599999999999390e-02 1.402999999999999950e-03
2.000000000000000000e+01 2.100000000000000000e+01 6.000000000000000000e+01 0.000000000000000000e+00 1.600000000000000089e+00 1.472000000000000001e-03 -6.590000000000000371e-03 9.999770000000000048e-01 -9.600000000000000200e-02 9.953589999999999938e-01 6.701000000000000359e-03 -9.953800000000000425e-01 -9.600799999999999612e-02 8.319999999999999488e-04
2.800000000000000000e+01 2.100000000000000000e+01 6.000000000000000000e+01 0.000000000000000000e+00 1.600000000000000089e+00 -2.426000000000000205e-03 8.911000000000000518e-03 9.999569999999999848e-01 -9.383400000000000074e-02 9.955460000000000420e-01 -9.098999999999999450e-03 -9.955850000000000533e-01 -9.385200000000000486e-02 -1.579000000000000108e-03
3.000000000000000000e+00 3.000000000000000000e+00 6.300000000000000000e+01 0.000000000000000000e+00 1.600000000000000089e+00 1.268999999999999946e-03 -1.006499999999999929e-02 9.999489999999999768e-01 -6.169459999999999944e-01 7.869570000000000176e-01 8.703999999999999931e-03 -7.870040000000000369e-01 -6.169259999999999744e-01 -5.211000000000000354e-03
5.000000000000000000e+00 2.700000000000000000e+01 6.300000000000000000e+01 0.000000000000000000e+00 1.600000000000000089e+00 -1.677000000000000105e-03 -1.144999999999999967e-03 9.999980000000000535e-01 -2.826469999999999816e-01 9.592239999999999656e-01 6.239999999999999887e-04 -9.592230000000000478e-01 -2.826449999999999796e-01 -1.931999999999999907e-03
1.100000000000000000e+01 2.700000000000000000e+01 6.300000000000000000e+01 0.000000000000000000e+00 1.600000000000000089e+00 3.879999999999999985e-04 -4.272999999999999889e-03 9.999909999999999632e-01 -2.760310000000000263e-01 9.611389999999999656e-01 4.213999999999999864e-03 -9.611490000000000311e-01 -2.760310000000000263e-01 -8.059999999999999673e-04
1.400000000000000000e+01 2.700000000000000000e+01 6.300000000000000000e+01 0.000000000000000000e+00 1.600000000000000089e+00 -1.879999999999999890e-04 -4.426000000000000247e-03 9.999900000000000455e-01 -2.735810000000000186e-01 9.618400000000000283e-01 4.205999999999999669e-03 -9.618489999999999540e-01 -2.735770000000000146e-01 -1.392000000000000008e-03
2.100000000000000000e+01 2.700000000000000000e+01 6.300000000000000000e+01 0.000000000000000000e+00 1.600000000000000089e+00 1.998000000000000210e-03 5.389999999999999826e-04 9.999980000000000535e-01 -2.775110000000000077e-01 9.607229999999999936e-01 3.699999999999999811e-05 -9.607200000000000184e-01 -2.775099999999999789e-01 2.069000000000000093e-03
2.900000000000000000e+01 2.700000000000000000e+01 6.300000000000000000e+01 0.000000000000000000e+00 1.600000000000000089e+00 -2.673000000000000029e-03 -1.985999999999999918e-03 9.999940000000000495e-01 -2.771029999999999882e-01 9.608389999999999986e-01 1.167999999999999984e-03 -9.608360000000000234e-01 -2.770989999999999842e-01 -3.118000000000000112e-03
5.000000000000000000e+00 2.600000000000000000e+01 6.400000000000000000e+01 0.000000000000000000e+00 1.600000000000000089e+00 -1.147000000000000016e-03 7.079999999999999705e-04 9.999989999999999712e-01 -3.670599999999999974e-01 9.301970000000000516e-01 -1.080000000000000014e-03 -9.301970000000000516e-01 -3.670610000000000261e-01 -8.069999999999999916e-04
1.000000000000000000e+01 2.600000000000000000e+01 6.400000000000000000e+01 0.000000000000000000e+00 1.600000000000000089e+00 -8.319999999999999488e-04 -6.904000000000000414e-03 9.999759999999999760e-01 -3.614359999999999795e-01 9.323770000000000113e-01 6.137000000000000094e-03 -9.323970000000000313e-01 -3.614220000000000210e-01 -3.271000000000000036e-03
1.800000000000000000e+01 2.600000000000000000e+01 6.400000000000000000e+01 0.000000000000000000e+00 1.600000000000000089e+00 -2.559999999999999884e-04 -2.997999999999999797e-03 9.999949999999999672e-01 -3.644410000000000149e-01 9.312230000000000230e-01 2.697999999999999877e-03 -9.312259999999999982e-01 -3.644390000000000129e-01 -1.330999999999999935e-03
2.100000000000000000e+01 2.600000000000000000e+01 6.400000000000000000e+01 0.000000000000000000e+00 1.600000000000000089e+00 2.343000000000000031e-03 -1.019999999999999992e-04 9.999970000000000248e-01 -3.666329999999999867e-01 9.303649999999999975e-01 9.539999999999999869e-04 -9.303630000000000511e-01 -3.666349999999999887e-01 2.142999999999999940e-03
2.700000000000000000e+01 2.600000000000000000e+01 6.400000000000000000e+01 0.000000000000000000e+00 1.600000000000000089e+00 -3.300000000000000253e-05 -8.360000000000000460e-04 1.000000000000000000e+00 -3.642040000000000277e-01 9.313190000000000079e-01 7.659999999999999708e-04 -9.313190000000000079e-01 -3.642040000000000277e-01 -3.359999999999999814e-04
1.100000000000000000e+01 6.900000000000000000e+01 6.600000000000000000e+01 0.000000000000000000e+00 1.600000000000000089e+00 7.172000000000000423e-03 -2.137000000000000011e-03 9.999719999999999720e-01 -9.443759999999999932e-01 3.287829999999999919e-01 7.476000000000000006e-03 -3.287900000000000267e-01 -9.444029999999999925e-01 3.400000000000000244e-04
