2.000000000000000000e+00 2.500000000000000000e+01 1.000000000000000000e+00 0.000000000000000000e+00 1.600000000000000089e+00 -6.329999999999999906e-04 -8.850000000000000444e-04 -9.999989999999999712e-01 -5.299509999999999499e-01 -8.480269999999999753e-01 1.087000000000000076e-03 -8.480280000000000040e-01 5.299519999999999786e-01 6.799999999999999946e-05
9.000000000000000000e+00 2.500000000000000000e+01 1.000000000000000000e+00 0.000000000000000000e+00 1.600000000000000089e+00 -3.499999999999999693e-05 -1.201000000000000028e-03 -9.999989999999999712e-01 -5.304079999999999906e-01 -8.477419999999999956e-01 1.036999999999999944e-03 -8.477419999999999956e-01 5.304079999999999906e-01 -6.070000000000000092e-04
2.900000000000000000e+01 2.500000000000000000e+01 1.000000000000000000e+00 0.000000000000000000e+00 1.600000000000000089e+00 2.610000000000000015e-04 5.076999999999999916e-03 -9.999869999999999592e-01 -5.316159999999999775e-01 -8.469740000000000046e-01 -4.439000000000000237e-03 -8.469860000000000166e-01 5.316100000000000270e-01 2.478000000000000168e-03
6.000000000000000000e+00 3.000000000000000000e+00 4.000000000000000000e+00 0.000000000000000000e+00 1.600000000000000089e+00 -1.206799999999999956e-01 -3.310899999999999954e-02 -9.921389999999999931e-01 -8.317830000000000501e-01 -5.421369999999999800e-01 1.192659999999999970e-01 -5.418239999999999723e-01 8.396379999999999955e-01 3.788600000000000301e-02
1.200000000000000000e+01 1.500000000000000000e+01 4.000000000000000000e+00 0.000000000000000000e+00 1.600000000000000089e+00 -3.429999999999999889e-04 5.321000000000000209e-03 9.999860000000000415e-01 3.210089999999999888e-01 -9.470619999999999594e-01 5.148999999999999931e-03 9.470760000000000289e-01 3.210060000000000136e-01 -1.382999999999999898e-03
1.700000000000000000e+01 1.500000000000000000e+01 4.000000000000000000e+00 0.000000000000000000e+00 1.600000000000000089e+00 -3.480000000000000020e-03 -4.714000000000000308e-03 9.999829999999999552e-01 3.181669999999999776e-01 -9.480290000000000106e-01 -3.361999999999999971e-03 9.480279999999999818e-01 3.181499999999999884e-01 4.799000000000000314e-03
2.100000000000000000e+01 1.500000000000000000e+01 4.000000000000000000e+00 0.000000000000000000e+00 1.600000000000000089e+00 8.999999999999999754e-04 3.340000000000000087e-03 9.999940000000000495e-01 3.189819999999999878e-01 -9.477560000000000429e-01 2.877999999999999916e-03 9.477600000000000469e-01 3.189779999999999838e-01 -1.918999999999999916e-03
2.700000000000000000e+01 1.500000000000000000e+01 4.000000000000000000e+00 0.000000000000000000e+00 1.600000000000000089e+00 2.570000000000000127e-04 1.534999999999999906e-03 9.999989999999999712e-01 3.291009999999999769e-01 -9.442939999999999667e-01 1.364999999999999894e-03 9.442949999999999955e-01 3.291000000000000036e-01 -7.479999999999999670e-04
3.000000000000000000e+01 1.500000000000000000e+01 4.000000000000000000e+00 0.000000000000000000e+00 1.600000000000000089e+00 -2.438000000000000063e-03 -7.218999999999999723e-03 9.999710000000000543e-01 3.263530000000000042e-01 -9.452289999999999859e-01 -6.028000000000000372e-03 9.452450000000000019e-01 3.263280000000000070e-01 4.660000000000000080e-03
5.000000000000000000e+00 1.600000000000000000e+01 4.000000000000000000e+00 0.000000000000000000e+00 1.600000000000000089e+00 3.791999999999999798e-03 -2.031999999999999952e-03 9.999909999999999632e-01 3.968320000000000181e-01 -9.178849999999999509e-01 -3.370000000000000166e-03 9.178830000000000044e-01 3.968409999999999993e-01 -2.674000000000000161e-03
1.000000000000000000e+01 1.010000000000000000e+02 7.000000000000000000e+00 0.000000000000000000e+00 1.600000000000000089e+00 -6.139999999999999625e-04 4.112000000000000204e-03 9.999909999999999632e-01 8.895880000000000454e-01 4.567629999999999746e-01 -1.332000000000000068e-03 -4.567640000000000033e-01 8.895790000000000086e-01 -3.937999999999999660e-03
1.400000000000000000e+01 1.010000000000000000e+02 7.000000000000000000e+00 0.000000000000000000e+00 1.600000000000000089e+00 -1.890000000000000133e-04 4.477000000000000077e-03 9.999900000000000455e-01 8.894130000000000091e-01 4.571000000000000063e-01 -1.877999999999999895e-03 -4.571040000000000103e-01 8.894039999999999724e-01 -4.067999999999999568e-03
2.000000000000000000e+01 1.010000000000000000e+02 7.000000000000000000e+00 0.000000000000000000e+00 1.600000000000000089e+00 -2.259999999999999910e-04 2.073000000000000190e-03 9.999980000000000535e-01 8.900219999999999798e-01 4.559170000000000167e-01 -7.439999999999999782e-04 -4.559179999999999899e-01 8.900200000000000333e-01 -1.948000000000000079e-03
5.000000000000000000e+00 2.500000000000000000e+01 8.000000000000000000e+00 0.000000000000000000e+00 1.600000000000000089e+00 1.301000000000000073e-03 -2.260999999999999989e-03 -9.999970000000000248e-01 4.447570000000000134e-01 8.956499999999999462e-01 -1.446999999999999936e-03 8.956499999999999462e-01 -4.447539999999999827e-01 2.171000000000000187e-03
7.000000000000000000e+00 2.500000000000000000e+01 8.000000000000000000e+00 0.000000000000000000e+00 1.600000000000000089e+00 3.780000000000000265e-04 -2.000000000000000164e-05 -1.000000000000000000e+00 4.450529999999999764e-01 8.955039999999999667e-01 1.499999999999999869e-04 8.955039999999999667e-01 -4.450529999999999764e-01 3.469999999999999777e-04
1.800000000000000000e+01 2.500000000000000000e+01 8.000000000000000000e+00 0.000000000000000000e+00 1.600000000000000089e+00 6.570000000000000319e-04 -1.810000000000000085e-04 -1.000000000000000000e+00 4.480480000000000018e-01 8.940090000000000536e-01 1.330000000000000073e-04 8.940090000000000536e-01 -4.480480000000000018e-01 6.689999999999999983e-04
2.300000000000000000e+01 2.500000000000000000e+01 8.000000000000000000e+00 0.000000000000000000e+00 1.600000000000000089e+00 -5.090000000000000123e-04 -4.636999999999999629e-03 -9.999890000000000168e-01 4.484090000000000020e-01 8.938180000000000014e-01 -4.373000000000000151e-03 8.938279999999999559e-01 -4.484070000000000000e-01 1.624999999999999925e-03
4.000000000000000000e+00 2.400000000000000000e+01 9.000000000000000000e+00 0.000000000000000000e+00 1.600000000000000089e+00 1.441999999999999922e-03 -4.290000000000000410e-03 -9.999900000000000455e-01 4.509440000000000115e-01 8.925469999999999793e-01 -3.178999999999999968e-03 8.925509999999999833e-01 -4.509340000000000015e-01 3.222000000000000038e-03
8.000000000000000000e+00 2.400000000000000000e+01 9.000000000000000000e+00 0.000000000000000000e+00 1.600000000000000089e+00 -9.799999999999999684e-05 7.739999999999999485e-04 -1.000000000000000000e+00 4.511809999999999987e-01 8.924320000000000030e-01 6.470000000000000057e-04 8.924320000000000030e-01 -4.511809999999999987e-01 -4.369999999999999970e-04
1.500000000000000000e+01 2.400000000000000000e+01 9.000000000000000000e+00 0.000000000000000000e+00 1.600000000000000089e+00 -2.210000000000000050e-04 8.859999999999999603e-04 -1.000000000000000000e+00 4.521049999999999791e-01 8.919650000000000079e-01 6.899999999999999667e-04 8.919650000000000079e-01 -4.521040000000000059e-01 -5.969999999999999829e-04
2.000000000000000000e+01 2.400000000000000000e+01 9.000000000000000000e+00 0.000000000000000000e+00 1.600000000000000089e+00 1.700000000000000122e-04 2.759999999999999867e-04 -1.000000000000000000e+00 4.536220000000000252e-01 8.911940000000000417e-01 3.229999999999999907e-04 8.911940000000000417e-01 -4.536220000000000252e-01 2.699999999999999899e-05
2.200000000000000000e+01 2.400000000000000000e+01 9.000000000000000000e+00 0.000000000000000000e+00 1.600000000000000089e+00 -2.530000000000000239e-04 -2.759000000000000168e-03 -9.999959999999999960e-01 4.537180000000000102e-01 8.911419999999999897e-01 -2.573999999999999899e-03 8.911449999999999649e-01 -4.537169999999999814e-01 1.026999999999999918e-03
2.700000000000000000e+01 4.000000000000000000e+00 1.100000000000000000e+01 0.000000000000000000e+00 1.600000000000000089e+00 2.052000000000000005e-03 1.696100000000000038e-02 -9.998540000000000205e-01 2.318870000000000098e-01 9.725949999999999873e-01 1.697500000000000051e-02 9.727409999999999668e-01 -2.318880000000000108e-01 -1.936999999999999920e-03
1.000000000000000000e+00 3.100000000000000000e+01 1.200000000000000000e+01 0.000000000000000000e+00 1.600000000000000089e+00 2.517000000000000140e-03 1.784999999999999911e-03 9.999949999999999672e-01 -6.347000000000000211e-03 9.999780000000000335e-01 -1.768999999999999956e-03 -9.999770000000000048e-01 -6.342000000000000415e-03 2.528999999999999998e-03
1.100000000000000000e+01 3.100000000000000000e+01 1.200000000000000000e+01 0.000000000000000000e+00 1.600000000000000089e+00 -8.589999999999999546e-04 -1.955999999999999839e-03 9.999980000000000535e-01 5.730000000000000501e-04 9.999980000000000535e-01 1.955999999999999839e-03 -9.999989999999999712e-01 5.749999999999999903e-04 -8.580000000000000387e-04
1.800000000000000000e+01 3.100000000000000000e+01 1.200000000000000000e+01 0.000000000000000000e+00 1.600000000000000089e+00 6.030000000000000204e-04 2.223999999999999849e-03 9.999970000000000248e-01 8.400000000000000348e-04 9.999970000000000248e-01 -2.223999999999999849e-03 -9.999989999999999712e-01 8.419999999999999750e-04 6.009999999999999717e-04
2.200000000000000000e+01 3.100000000000000000e+01 1.200000000000000000e+01 0.000000000000000000e+00 1.600000000000000089e+00 5.670000000000000127e-04 3.442000000000000181e-03 9.999940000000000495e-01 4.142999999999999981e-03 9.999850000000000128e-01 -3.445000000000000145e-03 -9.999909999999999632e-01 4.145000000000000247e-03 5.529999999999999976e-04
2.800000000000000000e+01 3.100000000000000000e+01 1.200000000000000000e+01 0.000000000000000000e+00 1.600000000000000089e+00 -3.100000000000000135e-05 -1.982999999999999954e-03 9.999980000000000535e-01 5.372000000000000039e-03 9.999839999999999840e-01 1.982999999999999954e-03 -9.999860000000000415e-01 5.372000000000000039e-03 -2.000000000000000164e-05
3.000000000000000000e+00 3.500000000000000000e+01 1.200000000000000000e+01 0.000000000000000000e+00 1.600000000000000089e+00 3.674000000000000182e-03 4.696999999999999786e-03 -9.999820000000000375e-01 5.348859999999999726e-01 -8.449219999999999509e-01 -2.003000000000000006e-03 -8.449170000000000291e-01 -5.348690000000000389e-01 -5.616999999999999597e-03
6.000000000000000000e+00 3.500000000000000000e+01 1.200000000000000000e+01 0.000000000000000000e+00 1.600000000000000089e+00 8.840000000000000201e-04 4.498000000000000262e-03 -9.999890000000000168e-01 5.460669999999999691e-01 -8.377350000000000074e-01 -3.285999999999999859e-03 -8.377409999999999579e-01 -5.460580000000000434e-01 -3.197000000000000189e-03
1.000000000000000000e+01 3.500000000000000000e+01 1.200000000000000000e+01 0.000000000000000000e+00 1.600000000000000089e+00 -4.335000000000000311e-03 4.873999999999999860e-03 -9.999789999999999512e-01 5.591089999999999671e-01 -8.290689999999999449e-01 -6.465000000000000260e-03 -8.290830000000000144e-01 -5.591249999999999831e-01 8.689999999999999808e-04
1.700000000000000000e+01 3.500000000000000000e+01 1.200000000000000000e+01 0.000000000000000000e+00 1.600000000000000089e+00 -9.790000000000000525e-04 6.546999999999999868e-03 -9.999780000000000335e-01 5.795219999999999816e-01 -8.149349999999999650e-01 -5.903000000000000261e-03 -8.149560000000000137e-01 -5.795150000000000023e-01 -2.997000000000000098e-03
2.100000000000000000e+01 3.500000000000000000e+01 1.200000000000000000e+01 0.000000000000000000e+00 1.600000000000000089e+00 6.380000000000000037e-04 4.158000000000000237e-03 -9.999909999999999632e-01 5.932359999999999856e-01 -8.050230000000000441e-01 -2.968999999999999851e-03 -8.050279999999999658e-01 -5.932290000000000063e-01 -2.980000000000000010e-03
6.000000000000000000e+00 3.200000000000000000e+01 1.400000000000000000e+01 0.000000000000000000e+00 1.600000000000000089e+00 -1.280000000000000105e-03 2.703999999999999806e-03 -9.999959999999999960e-01 9.944200000000000261e-02 9.950400000000000356e-01 2.563999999999999873e-03 9.950430000000000108e-01 -9.943799999999999861e-02 -1.543000000000000101e-03
1.200000000000000000e+01 3.200000000000000000e+01 1.400000000000000000e+01 0.000000000000000000e+00 1.600000000000000089e+00 2.135999999999999878e-03 -1.693999999999999976e-03 -9.999959999999999960e-01 1.027669999999999972e-01 9.947040000000000326e-01 -1.464999999999999939e-03 9.947030000000000038e-01 -1.027629999999999932e-01 2.298999999999999828e-03
2.400000000000000000e+01 3.200000000000000000e+01 1.400000000000000000e+01 0.000000000000000000e+00 1.600000000000000089e+00 4.899999999999999842e-05 6.639999999999999852e-04 -1.000000000000000000e+00 9.886100000000000443e-02 9.951010000000000133e-01 6.650000000000000095e-04 9.951010000000000133e-01 -9.886100000000000443e-02 -1.699999999999999987e-05
3.000000000000000000e+00 1.200000000000000000e+01 1.500000000000000000e+01 0.000000000000000000e+00 1.600000000000000089e+00 2.085000000000000048e-03 3.324999999999999831e-03 -9.999919999999999920e-01 -4.663669999999999760e-01 -8.845830000000000082e-01 -3.913999999999999944e-03 -8.845889999999999587e-01 4.663720000000000088e-01 -2.939999999999999905e-04
1.100000000000000000e+01 1.200000000000000000e+01 1.500000000000000000e+01 0.000000000000000000e+00 1.600000000000000089e+00 3.429999999999999889e-04 -6.860999999999999911e-03 -9.999759999999999760e-01 -4.732450000000000268e-01 -8.809109999999999996e-01 5.882000000000000076e-03 -8.809310000000000196e-01 4.732319999999999860e-01 -3.547999999999999939e-03
1.700000000000000000e+01 1.200000000000000000e+01 1.500000000000000000e+01 0.000000000000000000e+00 1.600000000000000089e+00 1.124999999999999915e-03 3.572999999999999787e-03 -9.999930000000000208e-01 -4.718019999999999992e-01 -8.816969999999999530e-01 -3.680999999999999810e-03 -8.817040000000000433e-01 4.718029999999999724e-01 6.939999999999999555e-04
2.300000000000000000e+01 1.200000000000000000e+01 1.500000000000000000e+01 0.000000000000000000e+00 1.600000000000000089e+00 6.639999999999999852e-04 1.783000000000000080e-03 -9.999980000000000535e-01 -4.717580000000000107e-01 -8.817260000000000097e-01 -1.886000000000000090e-03 -8.817279999999999562e-01 4.717589999999999839e-01 2.559999999999999884e-04
2.700000000000000000e+01 1.200000000000000000e+01 1.500000000000000000e+01 0.000000000000000000e+00 1.600000000000000089e+00 1.291000000000000047e-03 1.103000000000000031e-03 -9.999989999999999712e-01 -4.712299999999999822e-01 -8.820090000000000430e-01 -1.580999999999999940e-03 -8.820099999999999607e-01 4.712310000000000110e-01 -6.189999999999999756e-04
6.000000000000000000e+00 1.100000000000000000e+01 1.600000000000000000e+01 0.000000000000000000e+00 1.600000000000000089e+00 1.719999999999999958e-03 3.163000000000000013e-03 -9.999940000000000495e-01 -4.120449999999999946e-01 -9.111559999999999659e-01 -3.591000000000000008e-03 -9.111620000000000275e-01 4.120489999999999986e-01 -2.640000000000000202e-04
1.200000000000000000e+01 1.100000000000000000e+01 1.600000000000000000e+01 0.000000000000000000e+00 1.600000000000000089e+00 4.730000000000000046e-04 -6.086000000000000264e-03 -9.999810000000000088e-01 -4.158729999999999927e-01 -9.094069999999999654e-01 5.337999999999999863e-03 -9.094229999999999814e-01 4.158629999999999827e-01 -2.961999999999999789e-03
1.800000000000000000e+01 1.100000000000000000e+01 1.600000000000000000e+01 0.000000000000000000e+00 1.600000000000000089e+00 5.249999999999999676e-04 2.549000000000000050e-03 -9.999970000000000248e-01 -4.174579999999999957e-01 -9.086929999999999730e-01 -2.534999999999999927e-03 -9.086959999999999482e-01 4.174579999999999957e-01 5.869999999999999567e-04
1.500000000000000000e+01 1.160000000000000000e+02 1.600000000000000000e+01 0.000000000000000000e+00 1.600000000000000089e+00 1.750000000000000036e-03 1.098999999999999934e-03 9.999980000000000535e-01 7.890949999999999909e-01 6.142670000000000075e-01 -2.056000000000000102e-03 -6.142680000000000362e-01 7.890970000000000484e-01 2.069999999999999900e-04
1.700000000000000000e+01 1.160000000000000000e+02 1.600000000000000000e+01 0.000000000000000000e+00 1.600000000000000089e+00 1.595000000000000064e-03 4.640000000000000027e-04 9.999989999999999712e-01 7.854879999999999640e-01 6.188749999999999529e-01 -1.539999999999999919e-03 -6.188749999999999529e-01 7.854900000000000215e-01 6.229999999999999644e-04
4.000000000000000000e+00 2.000000000000000000e+00 1.900000000000000000e+01 0.000000000000000000e+00 1.600000000000000089e+00 1.000700000000000027e-02 -2.950499999999999998e-02 -9.995150000000000423e-01 2.607689999999999730e-01 -9.648999999999999799e-01 3.109400000000000011e-02 -9.653490000000000126e-01 -2.609540000000000193e-01 -1.962000000000000202e-03
7.000000000000000000e+00 2.000000000000000000e+00 1.900000000000000000e+01 0.000000000000000000e+00 1.600000000000000089e+00 1.380900000000000009e-02 -1.983000000000000040e-02 -9.997080000000000410e-01 2.544120000000000270e-01 -9.668299999999999672e-01 2.269200000000000036e-02 -9.669969999999999954e-01 -2.546510000000000162e-01 -8.305999999999999148e-03
1.100000000000000000e+01 2.000000000000000000e+00 1.900000000000000000e+01 0.000000000000000000e+00 1.600000000000000089e+00 1.396299999999999972e-02 4.325999999999999984e-03 -9.998930000000000318e-01 2.451389999999999958e-01 -9.694880000000000164e-01 -7.720000000000000083e-04 -9.693869999999999987e-01 -2.451019999999999865e-01 -1.459700000000000060e-02
2.000000000000000000e+01 2.000000000000000000e+00 1.900000000000000000e+01 0.000000000000000000e+00 1.600000000000000089e+00 9.062999999999999876e-03 -1.321600000000000032e-02 -9.998719999999999830e-01 2.290179999999999993e-01 -9.733079999999999510e-01 1.494000000000000015e-02 -9.733800000000000230e-01 -2.291239999999999943e-01 -5.793999999999999671e-03
2.500000000000000000e+01 2.000000000000000000e+00 1.900000000000000000e+01 0.000000000000000000e+00 1.600000000000000089e+00 4.223000000000000191e-03 -1.607600000000000001e-02 -9.998620000000000285e-01 2.234639999999999960e-01 -9.745709999999999651e-01 1.661299999999999930e-02 -9.747029999999999861e-01 -2.235030000000000072e-01 -5.230000000000000274e-04
1.200000000000000000e+01 3.000000000000000000e+00 1.900000000000000000e+01 0.000000000000000000e+00 1.600000000000000089e+00 1.442399999999999932e-02 8.370999999999999969e-03 -9.998609999999999998e-01 2.558570000000000011e-01 -9.667050000000000365e-01 -4.402999999999999796e-03 -9.666069999999999940e-01 -2.557579999999999854e-01 -1.608499999999999860e-02
1.400000000000000000e+01 3.000000000000000000e+00 1.900000000000000000e+01 0.000000000000000000e+00 1.600000000000000089e+00 9.383000000000000715e-03 1.131300000000000014e-02 -9.998920000000000030e-01 2.427970000000000128e-01 -9.700379999999999558e-01 -8.696999999999999870e-03 -9.700320000000000054e-01 -2.426889999999999881e-01 -1.184900000000000016e-02
1.100000000000000000e+01 4.000000000000000000e+00 2.000000000000000000e+01 0.000000000000000000e+00 1.600000000000000089e+00 7.577000000000000401e-03 1.073299999999999949e-02 -9.999139999999999695e-01 3.895649999999999946e-01 -9.209730000000000416e-01 -6.934000000000000059e-03 -9.209680000000000089e-01 -3.894790000000000196e-01 -1.115999999999999978e-02
1.400000000000000000e+01 4.000000000000000000e+00 2.000000000000000000e+01 0.000000000000000000e+00 1.600000000000000089e+00 1.044000000000000006e-03 1.561099999999999988e-02 -9.998780000000000445e-01 3.657630000000000048e-01 -9.306010000000000115e-01 -1.414699999999999985e-02 -9.307069999999999510e-01 -3.657030000000000003e-01 -6.681000000000000306e-03
3.000000000000000000e+00 1.300000000000000000e+01 2.000000000000000000e+01 0.000000000000000000e+00 1.600000000000000089e+00 -9.730000000000000151e-04 -2.501999999999999884e-03 9.999959999999999960e-01 2.586620000000000030e-01 9.659640000000000448e-01 2.667999999999999799e-03 -9.659670000000000201e-01 2.586629999999999763e-01 -2.930000000000000204e-04
7.000000000000000000e+00 1.300000000000000000e+01 2.000000000000000000e+01 0.000000000000000000e+00 1.600000000000000089e+00 2.910000000000000260e-04 -2.122000000000000188e-03 9.999980000000000535e-01 2.608090000000000130e-01 9.653880000000000239e-01 1.972999999999999927e-03 -9.653899999999999704e-01 2.608079999999999843e-01 8.350000000000000217e-04
1.300000000000000000e+01 1.300000000000000000e+01 2.000000000000000000e+01 0.000000000000000000e+00 1.600000000000000089e+00 2.109000000000000197e-03 2.972999999999999948e-03 9.999930000000000208e-01 2.596169999999999867e-01 9.657059999999999533e-01 -3.418000000000000031e-03 -9.657090000000000396e-01 2.596229999999999927e-01 1.265000000000000065e-03
1.700000000000000000e+01 1.300000000000000000e+01 2.000000000000000000e+01 0.000000000000000000e+00 1.600000000000000089e+00 6.639999999999999852e-04 2.144000000000000072e-03 9.999970000000000248e-01 2.586740000000000150e-01 9.659619999999999873e-01 -2.243000000000000202e-03 -9.659640000000000448e-01 2.586749999999999883e-01 8.700000000000000051e-05
2.800000000000000000e+01 1.300000000000000000e+01 2.000000000000000000e+01 0.000000000000000000e+00 1.600000000000000089e+00 -2.003000000000000006e-03 -7.399000000000000195e-03 9.999710000000000543e-01 2.586829999999999963e-01 9.659320000000000128e-01 7.664999999999999938e-03 -9.659600000000000408e-01 2.586910000000000043e-01 -2.000000000000000164e-05
1.000000000000000000e+01 5.000000000000000000e+01 2.200000000000000000e+01 0.000000000000000000e+00 1.600000000000000089e+00 3.941000000000000059e-03 3.386000000000000121e-03 -9.999869999999999592e-01 -5.766289999999999472e-01 8.170060000000000100e-01 4.939999999999999730e-04 8.169960000000000555e-01 5.766200000000000214e-01 5.172000000000000382e-03
1.000000000000000000e+00 3.000000000000000000e+00 2.500000000000000000e+01 0.000000000000000000e+00 1.600000000000000089e+00 -7.500000000000000156e-04 -3.824999999999999841e-03 9.999919999999999920e-01 -4.292699999999999988e-02 -9.990710000000000424e-01 -3.853999999999999787e-03 9.990780000000000216e-01 -4.292900000000000188e-02 5.850000000000000165e-04
7.000000000000000000e+00 3.000000000000000000e+00 2.500000000000000000e+01 0.000000000000000000e+00 1.600000000000000089e+00 6.549999999999999833e-04 -1.624999999999999925e-03 9.999980000000000535e-01 -3.356599999999999862e-02 -9.994349999999999623e-01 -1.601999999999999908e-03 9.994359999999999911e-01 -3.356499999999999762e-02 -7.089999999999999948e-04
9.000000000000000000e+00 3.000000000000000000e+00 2.500000000000000000e+01 0.000000000000000000e+00 1.600000000000000089e+00 1.688000000000000047e-03 -1.240000000000000054e-04 9.999989999999999712e-01 -3.076999999999999874e-02 -9.995270000000000543e-01 -7.200000000000000182e-05 9.995249999999999968e-01 -3.076999999999999874e-02 -1.691000000000000012e-03
1.400000000000000000e+01 3.000000000000000000e+00 2.500000000000000000e+01 0.000000000000000000e+00 1.600000000000000089e+00 -1.154999999999999994e-03 7.178999999999999618e-03 9.999740000000000295e-01 -2.346399999999999875e-02 -9.996990000000000043e-01 7.148999999999999973e-03 9.997239999999999460e-01 -2.345500000000000015e-02 1.322999999999999957e-03
1.700000000000000000e+01 3.000000000000000000e+00 2.500000000000000000e+01 0.000000000000000000e+00 1.600000000000000089e+00 -5.707000000000000267e-03 1.988699999999999843e-02 9.997859999999999525e-01 -1.938600000000000045e-02 -9.996169999999999778e-01 1.977299999999999891e-02 9.997960000000000180e-01 -1.926900000000000140e-02 6.089999999999999927e-03
3.000000000000000000e+01 3.000000000000000000e+00 2.500000000000000000e+01 0.000000000000000000e+00 1.600000000000000089e+00 -6.395999999999999776e-03 -1.936299999999999827e-02 9.997920000000000140e-01 -2.415199999999999986e-02 -9.995180000000000176e-01 -1.951200000000000156e-02 9.996880000000000210e-01 -2.427199999999999844e-02 5.924999999999999711e-03
2.400000000000000000e+01 4.600000000000000000e+01 3.000000000000000000e+01 0.000000000000000000e+00 1.600000000000000089e+00 2.498999999999999919e-03 2.207000000000000194e-03 -9.999940000000000495e-01 3.186740000000000128e-01 9.478600000000000358e-01 2.887999999999999942e-03 9.478609999999999536e-01 -3.186789999999999901e-01 1.665999999999999946e-03
2.000000000000000000e+00 5.800000000000000000e+01 3.100000000000000000e+01 0.000000000000000000e+00 1.600000000000000089e+00 -1.368999999999999991e-03 -3.451000000000000074e-03 9.999930000000000208e-01 -7.681499999999999995e-01 -6.402619999999999978e-01 -3.261000000000000010e-03 6.402679999999999483e-01 -7.681489999999999707e-01 -1.773999999999999969e-03
1.000000000000000000e+01 5.800000000000000000e+01 3.100000000000000000e+01 0.000000000000000000e+00 1.600000000000000089e+00 1.262000000000000101e-03 -1.301999999999999989e-03 9.999980000000000535e-01 -7.748850000000000460e-01 -6.321020000000000527e-01 1.550000000000000000e-04 6.321010000000000240e-01 -7.748840000000000172e-01 -1.806000000000000097e-03
1.800000000000000000e+01 5.800000000000000000e+01 3.100000000000000000e+01 0.000000000000000000e+00 1.600000000000000089e+00 -3.170000000000000075e-03 -4.889999999999999599e-04 9.999949999999999672e-01 -7.773970000000000047e-01 -6.290040000000000076e-01 -2.772000000000000158e-03 6.290019999999999500e-01 -7.774020000000000374e-01 1.613999999999999983e-03
2.300000000000000000e+01 5.800000000000000000e+01 3.100000000000000000e+01 0.000000000000000000e+00 1.600000000000000089e+00 -1.783999999999999996e-03 -6.597000000000000433e-03 9.999770000000000048e-01 -7.818140000000000089e-01 -6.234870000000000134e-01 -5.507999999999999875e-03 6.235089999999999799e-01 -7.818060000000000009e-01 -4.044999999999999984e-03
2.900000000000000000e+01 5.800000000000000000e+01 3.100000000000000000e+01 0.000000000000000000e+00 1.600000000000000089e+00 -2.357999999999999853e-03 -5.330999999999999801e-03 9.999829999999999552e-01 -7.813069999999999737e-01 -6.241259999999999586e-01 -5.170000000000000116e-03 6.241430000000000033e-01 -7.813059999999999450e-01 -2.694000000000000214e-03
7.000000000000000000e+00 4.600000000000000000e+01 3.500000000000000000e+01 0.000000000000000000e+00 1.600000000000000089e+00 -3.939999999999999817e-04 -2.468000000000000142e-03 -9.999970000000000248e-01 3.903139999999999943e-01 -9.206790000000000251e-01 2.118000000000000091e-03 -9.206820000000000004e-01 -3.903119999999999923e-01 1.325999999999999922e-03
1.300000000000000000e+01 4.600000000000000000e+01 3.500000000000000000e+01 0.000000000000000000e+00 1.600000000000000089e+00 -2.649999999999999903e-04 -7.749999999999999728e-04 -1.000000000000000000e+00 3.908570000000000100e-01 -9.204510000000000192e-01 6.099999999999999737e-04 -9.204510000000000192e-01 -3.908570000000000100e-01 5.469999999999999602e-04
1.600000000000000000e+01 4.600000000000000000e+01 3.500000000000000000e+01 0.000000000000000000e+00 1.600000000000000089e+00 -3.009999999999999980e-04 3.052000000000000025e-03 -9.999949999999999672e-01 3.913760000000000017e-01 -9.202259999999999884e-01 -2.926000000000000215e-03 -9.202310000000000212e-01 -3.913749999999999729e-01 -9.179999999999999792e-04
2.100000000000000000e+01 4.600000000000000000e+01 3.500000000000000000e+01 0.000000000000000000e+00 1.600000000000000089e+00 -3.220000000000000206e-04 -4.029999999999999837e-04 -1.000000000000000000e+00 3.926399999999999890e-01 -9.196919999999999540e-01 2.449999999999999921e-04 -9.196919999999999540e-01 -3.926399999999999890e-01 4.539999999999999765e-04
2.500000000000000000e+01 4.600000000000000000e+01 3.500000000000000000e+01 0.000000000000000000e+00 1.600000000000000089e+00 8.400000000000000348e-04 -1.062000000000000010e-03 -9.999989999999999712e-01 3.913940000000000197e-01 -9.202219999999999844e-01 1.306000000000000086e-03 -9.202230000000000132e-01 -3.913940000000000197e-01 -3.570000000000000040e-04
2.000000000000000000e+00 3.000000000000000000e+00 4.300000000000000000e+01 0.000000000000000000e+00 1.600000000000000089e+00 9.709999999999999664e-04 6.166999999999999739e-03 -9.999810000000000088e-01 7.392630000000000035e-01 -6.734080000000000066e-01 -3.435000000000000119e-03 -6.734160000000000146e-01 -7.392450000000000410e-01 -5.212999999999999752e-03
2.500000000000000000e+01 3.000000000000000000e+00 4.300000000000000000e+01 0.000000000000000000e+00 1.600000000000000089e+00 -4.793000000000000385e-03 -7.199999999999999803e-03 -9.999630000000000463e-01 7.371649999999999592e-01 -6.757109999999999506e-01 1.332000000000000068e-03 -6.756950000000000456e-01 -7.371309999999999807e-01 8.545999999999999777e-03
3.000000000000000000e+00 8.000000000000000000e+00 4.400000000000000000e+01 0.000000000000000000e+00 1.600000000000000089e+00 4.889999999999999599e-04 2.520000000000000104e-03 9.999970000000000248e-01 -7.888540000000000552e-01 -6.145770000000000399e-01 1.933999999999999955e-03 6.145800000000000152e-01 -7.888530000000000264e-01 1.688000000000000047e-03
2.000000000000000000e+00 2.900000000000000000e+01 4.400000000000000000e+01 0.000000000000000000e+00 1.600000000000000089e+00 2.090000000000000115e-04 -1.088999999999999907e-03 -9.999989999999999712e-01 6.540380000000000082e-01 7.564619999999999678e-01 -6.870000000000000022e-04 7.564619999999999678e-01 -6.540369999999999795e-01 8.700000000000000051e-04
5.000000000000000000e+00 2.900000000000000000e+01 4.400000000000000000e+01 0.000000000000000000e+00 1.600000000000000089e+00 -1.036999999999999944e-03 -1.975000000000000193e-03 -9.999970000000000248e-01 6.539120000000000488e-01 7.565669999999999895e-01 -2.171999999999999886e-03 7.565699999999999648e-01 -6.539129999999999665e-01 5.079999999999999880e-04
1.100000000000000000e+01 2.900000000000000000e+01 4.400000000000000000e+01 0.000000000000000000e+00 1.600000000000000089e+00 1.502999999999999996e-03 8.859999999999999603e-04 -9.999989999999999712e-01 6.528549999999999631e-01 7.574809999999999599e-01 1.652000000000000040e-03 7.574809999999999599e-01 -6.528570000000000206e-01 5.599999999999999509e-04
1.400000000000000000e+01 2.900000000000000000e+01 4.400000000000000000e+01 0.000000000000000000e+00 1.600000000000000089e+00 -1.139000000000000038e-03 -1.265999999999999981e-03 -9.999989999999999712e-01 6.549500000000000322e-01 7.556699999999999529e-01 -1.703000000000000087e-03 7.556709999999999816e-01 -6.549509999999999499e-01 -3.199999999999999855e-05
1.800000000000000000e+01 2.900000000000000000e+01 4.400000000000000000e+01 0.000000000000000000e+00 1.600000000000000089e+00 -1.755999999999999965e-03 1.054000000000000032e-03 -9.999980000000000535e-01 6.586509999999999865e-01 7.524490000000000345e-01 -3.640000000000000115e-04 7.524469999999999770e-01 -6.586499999999999577e-01 -2.015999999999999997e-03
2.300000000000000000e+01 2.900000000000000000e+01 4.400000000000000000e+01 0.000000000000000000e+00 1.600000000000000089e+00 -1.210000000000000002e-04 1.183999999999999940e-03 -9.999989999999999712e-01 6.553050000000000264e-01 7.553640000000000354e-01 8.149999999999999693e-04 7.553649999999999531e-01 -6.553039999999999976e-01 -8.670000000000000406e-04
2.800000000000000000e+01 2.900000000000000000e+01 4.400000000000000000e+01 0.000000000000000000e+00 1.600000000000000089e+00 -1.386000000000000079e-03 1.732000000000000033e-03 -9.999970000000000248e-01 6.524170000000000247e-01 7.578599999999999781e-01 4.090000000000000211e-04 7.578580000000000316e-01 -6.524149999999999672e-01 -2.180000000000000080e-03
8.000000000000000000e+00 6.500000000000000000e+01 4.600000000000000000e+01 0.000000000000000000e+00 1.600000000000000089e+00 3.214999999999999976e-03 -1.717999999999999909e-03 9.999930000000000208e-01 6.810589999999999700e-01 -7.322199999999999820e-01 -3.448000000000000110e-03 7.322210000000000107e-01 6.810659999999999492e-01 -1.183999999999999940e-03
3.000000000000000000e+00 5.000000000000000000e+00 5.100000000000000000e+01 0.000000000000000000e+00 1.600000000000000089e+00 6.099999999999999872e-05 8.871999999999999678e-03 -9.999609999999999888e-01 4.674940000000000206e-01 -8.839620000000000255e-01 -7.813999999999999765e-03 -8.839960000000000040e-01 -4.674749999999999739e-01 -4.202000000000000006e-03
1.900000000000000000e+01 5.000000000000000000e+00 5.100000000000000000e+01 0.000000000000000000e+00 1.600000000000000089e+00 1.014400000000000024e-02 -1.177199999999999948e-02 -9.998789999999999623e-01 4.674860000000000126e-01 -8.838700000000000445e-01 1.515000000000000027e-02 -8.839420000000000055e-01 -4.675839999999999996e-01 -3.462999999999999932e-03
2.400000000000000000e+01 5.000000000000000000e+00 5.100000000000000000e+01 0.000000000000000000e+00 1.600000000000000089e+00 1.067000000000000023e-03 -6.734000000000000402e-03 -9.999770000000000048e-01 4.809820000000000206e-01 -8.767070000000000141e-01 6.416999999999999961e-03 -8.767300000000000093e-01 -4.809780000000000166e-01 2.302999999999999926e-03
1.000000000000000000e+01 6.000000000000000000e+00 5.100000000000000000e+01 0.000000000000000000e+00 1.600000000000000089e+00 -2.982999999999999974e-03 1.000999999999999980e-02 -9.999449999999999728e-01 2.874439999999999773e-01 -9.577400000000000357e-01 -1.044499999999999942e-02 -9.577930000000000055e-01 -2.874599999999999933e-01 -2.000000000000000164e-05
1.000000000000000000e+01 7.000000000000000000e+00 5.200000000000000000e+01 0.000000000000000000e+00 1.600000000000000089e+00 -1.221000000000000080e-03 8.706000000000000197e-03 -9.999609999999999888e-01 3.952800000000000064e-02 -9.991799999999999571e-01 -8.746999999999999567e-03 -9.992180000000000506e-01 -3.953700000000000270e-02 8.760000000000000425e-04
6.000000000000000000e+00 6.300000000000000000e+01 5.400000000000000000e+01 0.000000000000000000e+00 1.600000000000000089e+00 -9.020000000000000240e-04 -5.400000000000000069e-04 9.999989999999999712e-01 -3.480159999999999920e-01 9.374879999999999880e-01 1.920000000000000049e-04 -9.374879999999999880e-01 -3.480159999999999920e-01 -1.033000000000000064e-03
1.100000000000000000e+01 6.300000000000000000e+01 5.400000000000000000e+01 0.000000000000000000e+00 1.600000000000000089e+00 1.299999999999999886e-04 2.605000000000000111e-03 9.999970000000000248e-01 -3.486029999999999962e-01 9.372669999999999613e-01 -2.396000000000000126e-03 -9.372700000000000475e-01 -3.486020000000000230e-01 1.030000000000000100e-03
1.400000000000000000e+01 6.300000000000000000e+01 5.400000000000000000e+01 0.000000000000000000e+00 1.600000000000000089e+00 1.710000000000000094e-04 4.059000000000000108e-03 9.999919999999999920e-01 -3.527500000000000080e-01 9.357100000000000417e-01 -3.738000000000000003e-03 -9.357180000000000497e-01 -3.527460000000000040e-01 1.592000000000000099e-03
1.900000000000000000e+01 6.300000000000000000e+01 5.400000000000000000e+01 0.000000000000000000e+00 1.600000000000000089e+00 -1.988000000000000184e-03 -3.190000000000000127e-03 9.999930000000000208e-01 -3.515159999999999951e-01 9.361789999999999834e-01 2.288000000000000103e-03 -9.361800000000000122e-01 -3.515079999999999871e-01 -2.982999999999999974e-03
2.400000000000000000e+01 6.300000000000000000e+01 5.400000000000000000e+01 0.000000000000000000e+00 1.600000000000000089e+00 -6.250000000000000130e-04 8.890000000000000333e-04 9.999989999999999712e-01 -3.441460000000000075e-01 9.389159999999999728e-01 -1.049999999999999935e-03 -9.389159999999999728e-01 -3.441460000000000075e-01 -2.799999999999999755e-04
3.000000000000000000e+01 6.300000000000000000e+01 5.400000000000000000e+01 0.000000000000000000e+00 1.600000000000000089e+00 2.247999999999999998e-03 -2.840000000000000185e-04 9.999970000000000248e-01 -3.459010000000000140e-01 9.382700000000000484e-01 1.044000000000000006e-03 -9.382679999999999909e-01 -3.459030000000000160e-01 2.011000000000000201e-03
1.000000000000000000e+01 2.500000000000000000e+01 5.500000000000000000e+01 0.000000000000000000e+00 1.600000000000000089e+00 1.435999999999999993e-03 5.839999999999999705e-03 -9.999820000000000375e-01 -1.923199999999999910e-02 -9.997979999999999645e-01 -5.866999999999999819e-03 -9.998139999999999805e-01 1.924000000000000016e-02 -1.322999999999999957e-03
2.700000000000000000e+01 2.500000000000000000e+01 5.500000000000000000e+01 0.000000000000000000e+00 1.600000000000000089e+00 7.749999999999999728e-04 -1.338999999999999913e-03 -9.999989999999999712e-01 -1.277000000000000010e-02 -9.999179999999999735e-01 1.329000000000000103e-03 -9.999179999999999735e-01 1.276900000000000084e-02 -7.919999999999999523e-04
2.000000000000000000e+00 2.100000000000000000e+01 6.000000000000000000e+01 0.000000000000000000e+00 1.600000000000000089e+00 1.526000000000000013e-03 3.088000000000000033e-03 9.999940000000000495e-01 -9.326900000000000468e-02 9.956369999999999942e-01 -2.932000000000000144e-03 -9.956399999999999695e-01 -9.326399999999999968e-02 1.807000000000000012e-03
1.400000000000000000e+01 2.100000000000000000e+01 6.000000000000000000e+01 0.000000000000000000e+00 1.600000000000000089e+00 -9.899999999999999404e-05 5.383999999999999897e-03 9.999860000000000415e-01 -9.533200000000000007e-02 9.954309999999999548e-01 -5.368999999999999641e-03 -9.954450000000000243e-01 -9.533099999999999907e-02 4.139999999999999800e-04
1.800000000000000000e+01 2.100000000000000000e+01 6.000000000000000000e+01 0.000000000000000000e+00 1.600000000000000089e+00 7.039999999999999817e-04 5.271999999999999777e-03 9.999860000000000415e-01 -9.735499999999999710e-02 9.952360000000000095e-01 -5.178000000000000311e-03 -9.952490000000000503e-01 -9.735000000000000597e-02 1.214000000000000018e-03
2.300000000000000000e+01 2.100000000000000000e+01 6.000000000000000000e+01 0.000000000000000000e+00 1.600000000000000089e+00 -7.540000000000000044e-04 -4.282000000000000216e-03 9.999909999999999632e-01 -9.637600000000000333e-02 9.953359999999999985e-01 4.189000000000000015e-03 -9.953450000000000353e-01 -9.637199999999999933e-02 -1.162999999999999971e-03
8.000000000000000000e+00 6.700000000000000000e+01 6.000000000000000000e+01 0.000000000000000000e+00 1.600000000000000089e+00 -1.077000000000000049e-03 -2.631999999999999791e-03 9.999959999999999960e-01 1.749650000000000094e-01 -9.845720000000000027e-01 -2.403000000000000188e-03 9.845739999999999492e-01 1.749610000000000054e-01 1.521000000000000000e-03
1.400000000000000000e+01 6.700000000000000000e+01 6.000000000000000000e+01 0.000000000000000000e+00 1.600000000000000089e+00 1.789999999999999870e-04 1.628000000000000107e-03 9.999989999999999712e-01 1.757940000000000058e-01 -9.844260000000000232e-01 1.570999999999999914e-03 9.844270000000000520e-01 1.757930000000000048e-01 -4.620000000000000083e-04
4.000000000000000000e+00 6.000000000000000000e+00 6.100000000000000000e+01 0.000000000000000000e+00 1.600000000000000089e+00 -1.413999999999999892e-03 1.453199999999999978e-02 9.998930000000000318e-01 5.704120000000000301e-01 -8.212599999999999900e-01 1.274199999999999985e-02 8.213570000000000038e-01 5.703690000000000149e-01 -7.127999999999999788e-03
1.000000000000000000e+01 6.000000000000000000e+00 6.100000000000000000e+01 0.000000000000000000e+00 1.600000000000000089e+00 -2.347000000000000128e-03 -4.625999999999999904e-03 9.999869999999999592e-01 5.683899999999999508e-01 -8.227560000000000429e-01 -2.472999999999999938e-03 8.227560000000000429e-01 5.683759999999999923e-01 4.559999999999999817e-03
2.200000000000000000e+01 6.000000000000000000e+00 6.100000000000000000e+01 0.000000000000000000e+00 1.600000000000000089e+00 -1.335999999999999948e-03 6.655999999999999590e-03 9.999770000000000048e-01 5.705959999999999921e-01 -8.212070000000000203e-01 6.228000000000000029e-03 8.212300000000000155e-01 5.705909999999999593e-01 -2.700000000000000143e-03
8.000000000000000000e+00 2.700000000000000000e+01 6.300000000000000000e+01 0.000000000000000000e+00 1.600000000000000089e+00 -9.139999999999999904e-04 1.131000000000000061e-03 9.999989999999999712e-01 -2.727519999999999945e-01 9.620840000000000503e-01 -1.337999999999999997e-03 -9.620840000000000503e-01 -2.727530000000000232e-01 -5.710000000000000015e-04
