2.000000000000000000e+01 2.500000000000000000e+01 1.000000000000000000e+00 0.000000000000000000e+00 1.600000000000000089e+00 -1.546999999999999981e-03 4.200000000000000174e-04 -9.999989999999999712e-01 -5.227509999999999657e-01 -8.524859999999999660e-01 4.510000000000000120e-04 -8.524840000000000195e-01 5.227509999999999657e-01 1.538000000000000088e-03
2.000000000000000000e+00 1.500000000000000000e+01 4.000000000000000000e+00 0.000000000000000000e+00 1.600000000000000089e+00 -1.208000000000000089e-03 3.788000000000000134e-03 9.999919999999999920e-01 3.173309999999999742e-01 -9.483070000000000110e-01 3.975000000000000235e-03 9.483139999999999903e-01 3.173329999999999762e-01 -5.599999999999999916e-05
9.000000000000000000e+00 1.500000000000000000e+01 4.000000000000000000e+00 0.000000000000000000e+00 1.600000000000000089e+00 -1.240999999999999916e-03 -7.638999999999999957e-03 9.999700000000000255e-01 3.136289999999999911e-01 -9.495209999999999484e-01 -6.864000000000000309e-03 9.495449999999999724e-01 3.136109999999999731e-01 3.573999999999999920e-03
1.100000000000000000e+01 1.500000000000000000e+01 4.000000000000000000e+00 0.000000000000000000e+00 1.600000000000000089e+00 9.319999999999999942e-04 -4.303999999999999666e-03 9.999900000000000455e-01 3.143070000000000030e-01 -9.493110000000000159e-01 -4.379000000000000080e-03 9.493209999999999704e-01 3.143079999999999763e-01 4.679999999999999915e-04
1.500000000000000000e+01 1.500000000000000000e+01 4.000000000000000000e+00 0.000000000000000000e+00 1.600000000000000089e+00 3.661999999999999891e-03 4.687000000000000194e-03 9.999820000000000375e-01 3.144159999999999733e-01 -9.492800000000000127e-01 3.298000000000000150e-03 9.492779999999999552e-01 3.143980000000000108e-01 -4.950000000000000407e-03
2.000000000000000000e+01 1.500000000000000000e+01 4.000000000000000000e+00 0.000000000000000000e+00 1.600000000000000089e+00 2.818999999999999891e-03 -3.706999999999999792e-03 9.999890000000000168e-01 3.176129999999999787e-01 -9.482099999999999973e-01 -4.409999999999999858e-03 9.482159999999999478e-01 3.176220000000000154e-01 -1.495999999999999934e-03
2.400000000000000000e+01 1.500000000000000000e+01 4.000000000000000000e+00 0.000000000000000000e+00 1.600000000000000089e+00 2.768000000000000061e-03 -3.916000000000000210e-03 9.999890000000000168e-01 3.181880000000000264e-01 -9.480159999999999698e-01 -4.592999999999999861e-03 9.480229999999999491e-01 3.181970000000000076e-01 -1.378000000000000102e-03
1.600000000000000000e+01 4.000000000000000000e+00 5.000000000000000000e+00 0.000000000000000000e+00 1.600000000000000089e+00 -8.533000000000000654e-03 -2.060800000000000132e-02 9.997509999999999453e-01 2.224299999999999888e-01 -9.747789999999999511e-01 -1.819499999999999937e-02 9.749109999999999721e-01 2.222189999999999999e-01 1.290200000000000027e-02
5.000000000000000000e+00 1.010000000000000000e+02 7.000000000000000000e+00 0.000000000000000000e+00 1.600000000000000089e+00 3.722000000000000048e-03 8.097999999999999296e-03 9.999599999999999600e-01 8.873919999999999586e-01 4.609610000000000096e-01 -7.035999999999999720e-03 -4.610000000000000209e-01 8.873830000000000329e-01 -5.470000000000000036e-03
9.000000000000000000e+00 1.010000000000000000e+02 7.000000000000000000e+00 0.000000000000000000e+00 1.600000000000000089e+00 7.759999999999999971e-04 -7.353000000000000161e-03 9.999730000000000008e-01 8.890609999999999902e-01 4.577820000000000222e-01 2.675999999999999993e-03 -4.577890000000000015e-01 8.890339999999999909e-01 6.891999999999999689e-03
1.200000000000000000e+01 1.010000000000000000e+02 7.000000000000000000e+00 0.000000000000000000e+00 1.600000000000000089e+00 -9.340000000000000429e-04 -1.027299999999999915e-02 9.999470000000000303e-01 8.898859999999999548e-01 4.561490000000000267e-01 5.517000000000000202e-03 -4.561819999999999764e-01 8.898439999999999683e-01 8.715000000000000524e-03
1.000000000000000000e+01 2.500000000000000000e+01 8.000000000000000000e+00 0.000000000000000000e+00 1.600000000000000089e+00 -1.440000000000000036e-04 -4.094000000000000417e-03 -9.999919999999999920e-01 4.490359999999999907e-01 8.935060000000000224e-01 -3.723000000000000181e-03 8.935140000000000304e-01 -4.490330000000000155e-01 1.709000000000000016e-03
1.400000000000000000e+01 2.500000000000000000e+01 8.000000000000000000e+00 0.000000000000000000e+00 1.600000000000000089e+00 5.980000000000000072e-04 -4.590000000000000330e-03 -9.999890000000000168e-01 4.493289999999999784e-01 8.933579999999999854e-01 -3.831999999999999903e-03 8.933659999999999934e-01 -4.493219999999999992e-01 2.596999999999999916e-03
1.800000000000000000e+01 2.500000000000000000e+01 8.000000000000000000e+00 0.000000000000000000e+00 1.600000000000000089e+00 1.884000000000000041e-03 2.991999999999999868e-03 -9.999940000000000495e-01 4.490450000000000275e-01 8.935020000000000184e-01 3.518999999999999993e-03 8.935070000000000512e-01 -4.490489999999999760e-01 3.400000000000000244e-04
2.400000000000000000e+01 2.500000000000000000e+01 8.000000000000000000e+00 0.000000000000000000e+00 1.600000000000000089e+00 9.970000000000000563e-04 -2.669999999999999847e-04 -9.999989999999999712e-01 4.482539999999999858e-01 8.939059999999999784e-01 2.079999999999999872e-04 8.939059999999999784e-01 -4.482539999999999858e-01 1.010999999999999963e-03
3.000000000000000000e+01 2.500000000000000000e+01 8.000000000000000000e+00 0.000000000000000000e+00 1.600000000000000089e+00 3.821999999999999877e-03 4.856000000000000073e-03 -9.999810000000000088e-01 4.485060000000000158e-01 8.937589999999999701e-01 6.054000000000000353e-03 8.937709999999999821e-01 -4.485210000000000030e-01 1.239000000000000084e-03
2.000000000000000000e+00 2.400000000000000000e+01 9.000000000000000000e+00 0.000000000000000000e+00 1.600000000000000089e+00 -1.110000000000000092e-03 4.233999999999999916e-03 -9.999900000000000455e-01 4.548570000000000113e-01 8.905579999999999607e-01 3.265999999999999806e-03 8.905640000000000223e-01 -4.548490000000000033e-01 -2.913999999999999924e-03
1.000000000000000000e+01 2.400000000000000000e+01 9.000000000000000000e+00 0.000000000000000000e+00 1.600000000000000089e+00 3.399999999999999973e-05 -4.433000000000000308e-03 -9.999900000000000455e-01 4.534869999999999735e-01 8.912539999999999907e-01 -3.936000000000000262e-03 8.912630000000000274e-01 -4.534819999999999962e-01 2.040999999999999846e-03
1.800000000000000000e+01 2.400000000000000000e+01 9.000000000000000000e+00 0.000000000000000000e+00 1.600000000000000089e+00 1.887000000000000005e-03 5.016999999999999758e-03 -9.999860000000000415e-01 4.535319999999999907e-01 8.912240000000000162e-01 5.327000000000000138e-03 8.912379999999999747e-01 -4.535350000000000215e-01 -5.929999999999999941e-04
2.400000000000000000e+01 2.400000000000000000e+01 9.000000000000000000e+00 0.000000000000000000e+00 1.600000000000000089e+00 9.709999999999999664e-04 3.139999999999999888e-04 -9.999989999999999712e-01 4.531680000000000152e-01 8.914250000000000229e-01 7.200000000000000453e-04 8.914250000000000229e-01 -4.531680000000000152e-01 7.230000000000000098e-04
1.300000000000000000e+01 3.100000000000000000e+01 1.200000000000000000e+01 0.000000000000000000e+00 1.600000000000000089e+00 -1.497999999999999983e-03 -4.923000000000000292e-03 9.999869999999999592e-01 -2.586999999999999890e-03 9.999850000000000128e-01 4.918999999999999762e-03 -9.999959999999999960e-01 -2.579999999999999828e-03 -1.510000000000000057e-03
1.600000000000000000e+01 3.100000000000000000e+01 1.200000000000000000e+01 0.000000000000000000e+00 1.600000000000000089e+00 -1.116000000000000021e-03 -2.723999999999999859e-03 9.999959999999999960e-01 6.999999999999999387e-05 9.999959999999999960e-01 2.723999999999999859e-03 -9.999989999999999712e-01 7.299999999999999903e-05 -1.116000000000000021e-03
1.900000000000000000e+01 3.100000000000000000e+01 1.200000000000000000e+01 0.000000000000000000e+00 1.600000000000000089e+00 -4.510000000000000120e-04 -2.229999999999999994e-04 1.000000000000000000e+00 1.750000000000000036e-03 9.999980000000000535e-01 2.239999999999999966e-04 -9.999980000000000535e-01 1.750000000000000036e-03 -4.499999999999999877e-04
2.300000000000000000e+01 3.100000000000000000e+01 1.200000000000000000e+01 0.000000000000000000e+00 1.600000000000000089e+00 1.969999999999999963e-03 3.834000000000000168e-03 9.999909999999999632e-01 3.648999999999999900e-03 9.999860000000000415e-01 -3.840999999999999796e-03 -9.999909999999999632e-01 3.657000000000000094e-03 1.955999999999999839e-03
5.000000000000000000e+00 3.200000000000000000e+01 1.400000000000000000e+01 0.000000000000000000e+00 1.600000000000000089e+00 2.939999999999999905e-04 4.431000000000000043e-03 -9.999900000000000455e-01 1.059559999999999946e-01 9.943610000000000504e-01 4.436999999999999972e-03 9.943710000000000049e-01 -1.059569999999999956e-01 -1.779999999999999898e-04
2.700000000000000000e+01 1.160000000000000000e+02 1.600000000000000000e+01 0.000000000000000000e+00 1.600000000000000089e+00 -9.999999999999999547e-07 1.270000000000000078e-03 9.999989999999999712e-01 6.641749999999999599e-01 7.475760000000000183e-01 -9.489999999999999738e-04 -7.475770000000000470e-01 6.641749999999999599e-01 -8.440000000000000236e-04
3.000000000000000000e+01 1.160000000000000000e+02 1.600000000000000000e+01 0.000000000000000000e+00 1.600000000000000089e+00 -6.890000000000000508e-04 6.629999999999999609e-04 1.000000000000000000e+00 6.566549999999999887e-01 7.541909999999999448e-01 -4.800000000000000122e-05 -7.541909999999999448e-01 6.566549999999999887e-01 -9.550000000000000112e-04
2.000000000000000000e+00 2.000000000000000000e+00 1.900000000000000000e+01 0.000000000000000000e+00 1.600000000000000089e+00 2.955999999999999860e-03 4.406000000000000194e-03 -9.999860000000000415e-01 1.926239999999999897e-01 -9.812650000000000539e-01 -3.753999999999999958e-03 -9.812680000000000291e-01 -1.926110000000000044e-01 -3.749000000000000162e-03
6.000000000000000000e+00 2.000000000000000000e+00 1.900000000000000000e+01 0.000000000000000000e+00 1.600000000000000089e+00 -8.450000000000000479e-04 -9.920000000000000432e-04 -9.999989999999999712e-01 1.922840000000000105e-01 -9.813389999999999613e-01 8.109999999999999805e-04 -9.813389999999999613e-01 -1.922830000000000095e-01 1.020000000000000073e-03
1.200000000000000000e+01 2.000000000000000000e+00 1.900000000000000000e+01 0.000000000000000000e+00 1.600000000000000089e+00 -1.575000000000000011e-03 -2.714999999999999965e-03 -9.999949999999999672e-01 1.957119999999999971e-01 -9.806589999999999474e-01 2.354999999999999889e-03 -9.806599999999999762e-01 -1.957079999999999931e-01 2.076000000000000154e-03
1.800000000000000000e+01 2.000000000000000000e+00 1.900000000000000000e+01 0.000000000000000000e+00 1.600000000000000089e+00 -1.020999999999999989e-03 -9.048000000000000487e-03 -9.999590000000000423e-01 1.950030000000000097e-01 -9.807639999999999691e-01 8.675000000000000419e-03 -9.808019999999999516e-01 -1.949859999999999927e-01 2.765999999999999796e-03
2.200000000000000000e+01 2.000000000000000000e+00 1.900000000000000000e+01 0.000000000000000000e+00 1.600000000000000089e+00 -1.110000000000000011e-04 8.649999999999999920e-04 -1.000000000000000000e+00 1.930610000000000104e-01 -9.811860000000000026e-01 -8.700000000000000051e-04 -9.811870000000000314e-01 -1.930610000000000104e-01 -5.800000000000000034e-05
2.800000000000000000e+01 2.000000000000000000e+00 1.900000000000000000e+01 0.000000000000000000e+00 1.600000000000000089e+00 1.231000000000000106e-03 -2.135999999999999878e-03 -9.999970000000000248e-01 1.882500000000000007e-01 -9.821180000000000465e-01 2.328999999999999907e-03 -9.821199999999999930e-01 -1.882520000000000027e-01 -8.069999999999999916e-04
8.000000000000000000e+00 4.000000000000000000e+00 2.000000000000000000e+01 0.000000000000000000e+00 1.600000000000000089e+00 -3.040999999999999866e-03 -2.857000000000000164e-03 -9.999909999999999632e-01 3.068440000000000056e-01 -9.517579999999999929e-01 1.786000000000000044e-03 -9.517550000000000177e-01 -3.068359999999999976e-01 3.771000000000000046e-03
1.500000000000000000e+01 4.000000000000000000e+00 2.000000000000000000e+01 0.000000000000000000e+00 1.600000000000000089e+00 -4.020000000000000136e-04 -5.457000000000000045e-03 -9.999850000000000128e-01 3.063230000000000119e-01 -9.519140000000000379e-01 5.072000000000000119e-03 -9.519279999999999964e-01 -3.063159999999999772e-01 2.053999999999999836e-03
3.000000000000000000e+00 1.300000000000000000e+01 2.000000000000000000e+01 0.000000000000000000e+00 1.600000000000000089e+00 3.110000000000000243e-04 8.440000000000000236e-04 1.000000000000000000e+00 2.591519999999999935e-01 9.658360000000000278e-01 -8.959999999999999866e-04 -9.658360000000000278e-01 2.591519999999999935e-01 8.200000000000000095e-05
8.000000000000000000e+00 1.300000000000000000e+01 2.000000000000000000e+01 0.000000000000000000e+00 1.600000000000000089e+00 2.779999999999999811e-04 -1.405999999999999915e-03 9.999989999999999712e-01 2.583770000000000233e-01 9.660429999999999851e-01 1.286999999999999950e-03 -9.660440000000000138e-01 2.583770000000000233e-01 6.319999999999999663e-04
1.100000000000000000e+01 1.300000000000000000e+01 2.000000000000000000e+01 0.000000000000000000e+00 1.600000000000000089e+00 -9.740000000000000394e-04 7.479999999999999670e-04 9.999989999999999712e-01 2.577269999999999839e-01 9.662180000000000213e-01 -4.719999999999999803e-04 -9.662169999999999925e-01 2.577260000000000106e-01 -1.134000000000000025e-03
2.500000000000000000e+01 1.300000000000000000e+01 2.000000000000000000e+01 0.000000000000000000e+00 1.600000000000000089e+00 -9.020000000000000240e-04 -3.539000000000000045e-03 9.999930000000000208e-01 2.575450000000000239e-01 9.662589999999999790e-01 3.651999999999999864e-03 -9.662659999999999583e-01 2.575470000000000259e-01 4.000000000000000327e-05
8.000000000000000000e+00 3.000000000000000000e+00 2.500000000000000000e+01 0.000000000000000000e+00 1.600000000000000089e+00 -3.100000000000000135e-05 -2.167000000000000089e-03 9.999980000000000535e-01 -6.919500000000000650e-02 -9.976009999999999600e-01 -2.164000000000000125e-03 9.976030000000000175e-01 -6.919500000000000650e-02 -1.190000000000000058e-04
1.400000000000000000e+01 3.000000000000000000e+00 2.500000000000000000e+01 0.000000000000000000e+00 1.600000000000000089e+00 -4.341000000000000240e-03 -8.144000000000000197e-03 9.999569999999999848e-01 -6.634199999999999819e-02 -9.977610000000000090e-01 -8.413999999999999604e-03 9.977880000000000082e-01 -6.637500000000000344e-02 3.791000000000000099e-03
1.700000000000000000e+01 3.000000000000000000e+00 2.500000000000000000e+01 0.000000000000000000e+00 1.600000000000000089e+00 -2.935999999999999808e-03 -7.710999999999999972e-03 9.999660000000000215e-01 -6.827600000000000335e-02 -9.976350000000000495e-01 -7.893000000000000710e-03 9.976620000000000488e-01 -6.829599999999999560e-02 2.402000000000000055e-03
2.000000000000000000e+01 3.000000000000000000e+00 2.500000000000000000e+01 0.000000000000000000e+00 1.600000000000000089e+00 1.979999999999999989e-03 -4.572999999999999808e-03 9.999879999999999880e-01 -7.414300000000000057e-02 -9.972379999999999578e-01 -4.414000000000000389e-03 9.972459999999999658e-01 -7.413300000000000445e-02 -2.314000000000000085e-03
2.800000000000000000e+01 3.000000000000000000e+00 2.500000000000000000e+01 0.000000000000000000e+00 1.600000000000000089e+00 1.636000000000000084e-03 -5.490000000000000088e-03 9.999839999999999840e-01 -7.249099999999999988e-02 -9.973549999999999915e-01 -5.356999999999999783e-03 9.973680000000000323e-01 -7.248100000000000376e-02 -2.030000000000000120e-03
3.000000000000000000e+00 4.600000000000000000e+01 2.700000000000000000e+01 0.000000000000000000e+00 1.600000000000000089e+00 1.358000000000000049e-03 -4.609999999999999840e-04 -9.999989999999999712e-01 6.776060000000000416e-01 7.354249999999999954e-01 5.810000000000000277e-04 7.354239999999999666e-01 -6.776060000000000416e-01 1.312000000000000015e-03
1.000000000000000000e+00 5.800000000000000000e+01 3.100000000000000000e+01 0.000000000000000000e+00 1.600000000000000089e+00 -3.092000000000000130e-03 -5.700000000000000314e-05 9.999949999999999672e-01 -8.107710000000000194e-01 -5.853589999999999627e-01 -2.540000000000000157e-03 5.853559999999999874e-01 -8.107750000000000234e-01 1.763999999999999943e-03
8.000000000000000000e+00 5.800000000000000000e+01 3.100000000000000000e+01 0.000000000000000000e+00 1.600000000000000089e+00 -6.199999999999999999e-04 1.441000000000000007e-03 9.999989999999999712e-01 -8.120169999999999888e-01 -5.836339999999999861e-01 3.370000000000000057e-04 5.836339999999999861e-01 -8.120159999999999600e-01 1.531999999999999942e-03
1.700000000000000000e+01 5.800000000000000000e+01 3.100000000000000000e+01 0.000000000000000000e+00 1.600000000000000089e+00 -1.358999999999999965e-03 2.331000000000000173e-03 9.999959999999999960e-01 -8.070270000000000499e-01 -5.905150000000000121e-01 2.799999999999999755e-04 5.905129999999999546e-01 -8.070230000000000459e-01 2.683000000000000055e-03
2.100000000000000000e+01 5.800000000000000000e+01 3.100000000000000000e+01 0.000000000000000000e+00 1.600000000000000089e+00 -2.926000000000000215e-03 7.169999999999999724e-04 9.999949999999999672e-01 -8.066910000000000469e-01 -5.909710000000000241e-01 -1.936999999999999920e-03 5.909670000000000201e-01 -8.066929999999999934e-01 2.308000000000000156e-03
2.000000000000000000e+00 4.600000000000000000e+01 3.500000000000000000e+01 0.000000000000000000e+00 1.600000000000000089e+00 -2.037999999999999881e-03 -5.812999999999999591e-03 -9.999810000000000088e-01 3.913579999999999837e-01 -9.202270000000000172e-01 4.551999999999999623e-03 -9.202360000000000539e-01 -3.913409999999999944e-01 4.151000000000000176e-03
8.000000000000000000e+00 4.600000000000000000e+01 3.500000000000000000e+01 0.000000000000000000e+00 1.600000000000000089e+00 5.940000000000000184e-04 -7.069999999999999462e-04 -1.000000000000000000e+00 3.915680000000000271e-01 -9.201489999999999947e-01 8.829999999999999958e-04 -9.201489999999999947e-01 -3.915680000000000271e-01 -2.689999999999999791e-04
1.400000000000000000e+01 4.600000000000000000e+01 3.500000000000000000e+01 0.000000000000000000e+00 1.600000000000000089e+00 -6.310000000000000504e-04 -5.624999999999999792e-03 -9.999839999999999840e-01 3.926660000000000150e-01 -9.196680000000000410e-01 4.925999999999999823e-03 -9.196809999999999707e-01 -3.926569999999999783e-01 2.788999999999999813e-03
1.800000000000000000e+01 4.600000000000000000e+01 3.500000000000000000e+01 0.000000000000000000e+00 1.600000000000000089e+00 -2.880000000000000073e-04 9.179999999999999792e-04 -1.000000000000000000e+00 3.928010000000000113e-01 -9.196229999999999682e-01 -9.569999999999999514e-04 -9.196229999999999682e-01 -3.928010000000000113e-01 -9.600000000000000243e-05
2.200000000000000000e+01 4.600000000000000000e+01 3.500000000000000000e+01 0.000000000000000000e+00 1.600000000000000089e+00 -1.179999999999999951e-04 4.309999999999999595e-03 -9.999909999999999632e-01 3.912180000000000102e-01 -9.202890000000000237e-01 -4.011999999999999941e-03 -9.202979999999999494e-01 -3.912149999999999794e-01 -1.577999999999999976e-03
3.000000000000000000e+01 4.600000000000000000e+01 3.500000000000000000e+01 0.000000000000000000e+00 1.600000000000000089e+00 -2.010000000000000068e-04 -1.087999999999999991e-03 -9.999989999999999712e-01 3.901609999999999800e-01 -9.207459999999999534e-01 9.240000000000000166e-04 -9.207469999999999821e-01 -3.901609999999999800e-01 6.089999999999999494e-04
3.000000000000000000e+01 9.500000000000000000e+01 3.600000000000000000e+01 0.000000000000000000e+00 1.600000000000000089e+00 -9.590000000000000000e-04 2.586499999999999910e-02 9.996650000000000258e-01 9.971630000000000216e-01 7.527200000000000557e-02 -9.909999999999999105e-04 -7.527300000000000657e-02 9.968270000000000186e-01 -2.586400000000000157e-02
5.000000000000000000e+00 2.900000000000000000e+01 4.400000000000000000e+01 0.000000000000000000e+00 1.600000000000000089e+00 -9.770000000000000039e-04 -4.909000000000000169e-03 -9.999869999999999592e-01 6.654320000000000235e-01 7.464460000000000539e-01 -4.314000000000000126e-03 7.464579999999999549e-01 -6.654280000000000195e-01 2.537000000000000192e-03
8.000000000000000000e+00 2.900000000000000000e+01 4.400000000000000000e+01 0.000000000000000000e+00 1.600000000000000089e+00 -2.730000000000000222e-04 -5.270000000000000379e-03 -9.999860000000000415e-01 6.646969999999999823e-01 7.471010000000000151e-01 -4.118000000000000133e-03 7.471130000000000271e-01 -6.646889999999999743e-01 3.298999999999999849e-03
1.300000000000000000e+01 2.900000000000000000e+01 4.400000000000000000e+01 0.000000000000000000e+00 1.600000000000000089e+00 1.173999999999999913e-03 1.683000000000000034e-03 -9.999980000000000535e-01 6.566940000000000000e-01 7.541539999999999910e-01 2.040000000000000147e-03 7.541560000000000485e-01 -6.566950000000000287e-01 -2.200000000000000078e-04
1.800000000000000000e+01 2.900000000000000000e+01 4.400000000000000000e+01 0.000000000000000000e+00 1.600000000000000089e+00 5.159999999999999656e-04 -6.430000000000000169e-04 -1.000000000000000000e+00 6.596610000000000529e-01 7.515629999999999811e-01 -1.430000000000000064e-04 7.515629999999999811e-01 -6.596610000000000529e-01 8.120000000000000048e-04
2.200000000000000000e+01 2.900000000000000000e+01 4.400000000000000000e+01 0.000000000000000000e+00 1.600000000000000089e+00 -2.020000000000000040e-04 -9.840000000000000656e-04 -1.000000000000000000e+00 6.635490000000000554e-01 7.481320000000000192e-01 -8.700000000000000051e-04 7.481330000000000480e-01 -6.635490000000000554e-01 5.019999999999999506e-04
2.600000000000000000e+01 2.900000000000000000e+01 4.400000000000000000e+01 0.000000000000000000e+00 1.600000000000000089e+00 -7.029999999999999574e-04 9.169999999999999549e-04 -9.999989999999999712e-01 6.623010000000000286e-01 7.492379999999999596e-01 2.220000000000000022e-04 7.492370000000000418e-01 -6.623010000000000286e-01 -1.134000000000000025e-03
1.000000000000000000e+00 5.000000000000000000e+00 5.100000000000000000e+01 0.000000000000000000e+00 1.600000000000000089e+00 1.502000000000000080e-03 4.047000000000000250e-03 -9.999909999999999632e-01 4.850949999999999984e-01 -8.744570000000000398e-01 -2.809999999999999998e-03 -8.744600000000000151e-01 -4.850860000000000172e-01 -3.276999999999999965e-03
6.000000000000000000e+00 5.000000000000000000e+00 5.100000000000000000e+01 0.000000000000000000e+00 1.600000000000000089e+00 -3.029999999999999924e-04 -2.069999999999999900e-04 -1.000000000000000000e+00 4.830130000000000257e-01 -8.756129999999999747e-01 3.499999999999999693e-05 -8.756129999999999747e-01 -4.830130000000000257e-01 3.649999999999999816e-04
1.400000000000000000e+01 5.000000000000000000e+00 5.100000000000000000e+01 0.000000000000000000e+00 1.600000000000000089e+00 -1.381000000000000066e-03 -4.330999999999999781e-03 -9.999900000000000455e-01 4.904470000000000218e-01 -8.714659999999999629e-01 3.096999999999999927e-03 -8.714699999999999669e-01 -4.904379999999999851e-01 3.327000000000000096e-03
2.100000000000000000e+01 5.000000000000000000e+00 5.100000000000000000e+01 0.000000000000000000e+00 1.600000000000000089e+00 -1.487999999999999956e-03 -6.250999999999999612e-03 -9.999789999999999512e-01 4.955680000000000085e-01 -8.685570000000000235e-01 4.691999999999999990e-03 -8.685680000000000067e-01 -4.955510000000000193e-01 4.389999999999999805e-03
2.500000000000000000e+01 5.000000000000000000e+00 5.100000000000000000e+01 0.000000000000000000e+00 1.600000000000000089e+00 1.678999999999999937e-03 -1.719000000000000042e-03 -9.999970000000000248e-01 4.945869999999999989e-01 -8.691250000000000364e-01 2.324000000000000111e-03 -8.691259999999999541e-01 -4.945899999999999741e-01 -6.089999999999999494e-04
2.900000000000000000e+01 5.000000000000000000e+00 5.100000000000000000e+01 0.000000000000000000e+00 1.600000000000000089e+00 -7.200000000000000453e-04 2.233000000000000176e-03 -9.999970000000000248e-01 4.938359999999999972e-01 -8.695519999999999916e-01 -2.296999999999999997e-03 -8.695549999999999669e-01 -4.938359999999999972e-01 -4.769999999999999934e-04
4.000000000000000000e+00 6.300000000000000000e+01 5.400000000000000000e+01 0.000000000000000000e+00 1.600000000000000089e+00 -4.899999999999999842e-05 2.046000000000000076e-03 9.999980000000000535e-01 -3.506000000000000227e-01 9.365229999999999944e-01 -1.933000000000000039e-03 -9.365250000000000519e-01 -3.505989999999999940e-01 6.710000000000000469e-04
1.300000000000000000e+01 6.300000000000000000e+01 5.400000000000000000e+01 0.000000000000000000e+00 1.600000000000000089e+00 1.677000000000000105e-03 4.508999999999999987e-03 9.999879999999999880e-01 -3.544240000000000168e-01 9.350779999999999648e-01 -3.621999999999999786e-03 -9.350829999999999975e-01 -3.544140000000000068e-01 3.167000000000000110e-03
2.100000000000000000e+01 2.500000000000000000e+01 5.500000000000000000e+01 0.000000000000000000e+00 1.600000000000000089e+00 2.886000000000000110e-03 -8.140000000000000534e-04 -9.999949999999999672e-01 -1.430599999999999927e-02 -9.998970000000000358e-01 7.730000000000000326e-04 -9.998930000000000318e-01 1.430299999999999974e-02 -2.896999999999999836e-03
1.000000000000000000e+01 2.000000000000000000e+01 6.000000000000000000e+01 0.000000000000000000e+00 1.600000000000000089e+00 -5.863000000000000156e-03 1.248999999999999893e-03 9.999820000000000375e-01 -4.900600000000000095e-02 9.987970000000000459e-01 -1.534999999999999906e-03 -9.987810000000000299e-01 -4.901400000000000201e-02 -5.794999999999999804e-03
1.500000000000000000e+01 2.100000000000000000e+01 6.000000000000000000e+01 0.000000000000000000e+00 1.600000000000000089e+00 -5.714000000000000329e-03 5.075999999999999783e-03 9.999710000000000543e-01 -9.500599999999999323e-02 9.954610000000000403e-01 -5.596000000000000280e-03 -9.954600000000000115e-01 -9.503499999999999448e-02 -5.205999999999999690e-03
2.100000000000000000e+01 2.100000000000000000e+01 6.000000000000000000e+01 0.000000000000000000e+00 1.600000000000000089e+00 2.978000000000000178e-03 1.175000000000000046e-03 9.999949999999999672e-01 -9.692599999999999827e-02 9.952910000000000368e-01 -8.809999999999999472e-04 -9.952870000000000328e-01 -9.692299999999999527e-02 3.078000000000000007e-03
2.600000000000000000e+01 2.100000000000000000e+01 6.000000000000000000e+01 0.000000000000000000e+00 1.600000000000000089e+00 -5.094999999999999703e-03 -7.636000000000000426e-03 9.999580000000000135e-01 -9.637199999999999933e-02 9.953199999999999825e-01 7.110000000000000001e-03 -9.953319999999999945e-01 -9.633200000000000096e-02 -5.807999999999999795e-03
1.000000000000000000e+00 3.000000000000000000e+00 6.300000000000000000e+01 0.000000000000000000e+00 1.600000000000000089e+00 1.029999999999999964e-04 7.707000000000000309e-03 9.999700000000000255e-01 -6.179919999999999858e-01 7.861620000000000275e-01 -5.995000000000000329e-03 -7.861850000000000227e-01 -6.179729999999999945e-01 4.844000000000000215e-03
5.000000000000000000e+00 2.700000000000000000e+01 6.300000000000000000e+01 0.000000000000000000e+00 1.600000000000000089e+00 6.374999999999999591e-03 9.089999999999999773e-04 9.999789999999999512e-01 -2.847450000000000259e-01 9.586029999999999829e-01 9.439999999999999607e-04 -9.585820000000000451e-01 -2.847450000000000259e-01 6.369999999999999794e-03
8.000000000000000000e+00 2.700000000000000000e+01 6.300000000000000000e+01 0.000000000000000000e+00 1.600000000000000089e+00 3.517000000000000161e-03 3.291999999999999788e-03 9.999879999999999880e-01 -2.886329999999999729e-01 9.574369999999999825e-01 -2.137000000000000011e-03 -9.574329999999999785e-01 -2.886219999999999897e-01 4.316999999999999657e-03
1.500000000000000000e+01 2.700000000000000000e+01 6.300000000000000000e+01 0.000000000000000000e+00 1.600000000000000089e+00 -5.296999999999999625e-03 1.067000000000000023e-03 9.999850000000000128e-01 -2.703389999999999960e-01 9.627620000000000067e-01 -2.459999999999999947e-03 -9.627510000000000234e-01 -2.703479999999999772e-01 -4.812000000000000305e-03
1.900000000000000000e+01 2.700000000000000000e+01 6.300000000000000000e+01 0.000000000000000000e+00 1.600000000000000089e+00 2.001999999999999873e-03 1.962999999999999901e-03 9.999959999999999960e-01 -2.681160000000000210e-01 9.633859999999999646e-01 -1.353999999999999952e-03 -9.633850000000000469e-01 -2.681120000000000170e-01 2.455000000000000151e-03
2.400000000000000000e+01 2.700000000000000000e+01 6.300000000000000000e+01 0.000000000000000000e+00 1.600000000000000089e+00 -4.110000000000000155e-04 6.620000000000000450e-04 1.000000000000000000e+00 -2.685779999999999834e-01 9.632579999999999476e-01 -7.479999999999999670e-04 -9.632579999999999476e-01 -2.685779999999999834e-01 -2.180000000000000134e-04
8.000000000000000000e+00 2.600000000000000000e+01 6.400000000000000000e+01 0.000000000000000000e+00 1.600000000000000089e+00 5.565999999999999767e-03 8.248999999999999388e-03 9.999500000000000055e-01 -3.780040000000000067e-01 9.257880000000000553e-01 -5.532999999999999724e-03 -9.257870000000000266e-01 -3.779540000000000122e-01 8.271000000000000574e-03
1.800000000000000000e+01 2.600000000000000000e+01 6.400000000000000000e+01 0.000000000000000000e+00 1.600000000000000089e+00 7.640000000000000306e-04 -4.500000000000000283e-05 1.000000000000000000e+00 -3.450409999999999866e-01 9.385879999999999779e-01 3.060000000000000111e-04 -9.385869999999999491e-01 -3.450409999999999866e-01 7.020000000000000415e-04
2.800000000000000000e+01 2.600000000000000000e+01 6.400000000000000000e+01 0.000000000000000000e+00 1.600000000000000089e+00 -1.614999999999999899e-03 -2.785000000000000149e-03 9.999949999999999672e-01 -3.459160000000000013e-01 9.382629999999999582e-01 2.054999999999999969e-03 -9.382639999999999869e-01 -3.459110000000000240e-01 -2.478999999999999867e-03
8.000000000000000000e+00 6.900000000000000000e+01 6.600000000000000000e+01 0.000000000000000000e+00 1.600000000000000089e+00 -3.308999999999999875e-03 3.494999999999999843e-03 9.999879999999999880e-01 -9.499210000000000154e-01 3.124609999999999888e-01 -4.236000000000000182e-03 -3.124730000000000008e-01 -9.499239999999999906e-01 2.285999999999999838e-03
6.000000000000000000e+00 2.500000000000000000e+01 7.300000000000000000e+01 0.000000000000000000e+00 1.600000000000000089e+00 -1.657999999999999969e-03 -2.990000000000000036e-04 9.999989999999999712e-01 7.447780000000000511e-01 -6.673120000000000163e-01 1.036000000000000029e-03 6.673109999999999875e-01 7.447780000000000511e-01 1.329000000000000103e-03
1.000000000000000000e+01 2.500000000000000000e+01 7.300000000000000000e+01 0.000000000000000000e+00 1.600000000000000089e+00 1.230000000000000082e-04 -2.099000000000000171e-03 9.999980000000000535e-01 7.458289999999999642e-01 -6.661359999999999504e-01 -1.490000000000000005e-03 6.661369999999999791e-01 7.458280000000000465e-01 1.482999999999999943e-03
2.600000000000000000e+01 2.500000000000000000e+01 7.300000000000000000e+01 0.000000000000000000e+00 1.600000000000000089e+00 -2.707000000000000031e-02 -2.364399999999999835e-02 9.993539999999999646e-01 7.585079999999999600e-01 -6.516429999999999723e-01 5.128999999999999879e-03 6.511010000000000408e-01 7.581569999999999698e-01 3.557400000000000145e-02
3.000000000000000000e+00 4.400000000000000000e+01 7.300000000000000000e+01 0.000000000000000000e+00 1.600000000000000089e+00 -1.657000000000000053e-03 -6.019999999999999961e-04 9.999980000000000535e-01 5.045100000000000279e-02 -9.987260000000000026e-01 -5.180000000000000143e-04 9.987249999999999739e-01 5.045000000000000179e-02 1.685000000000000083e-03
6.000000000000000000e+00 4.400000000000000000e+01 7.300000000000000000e+01 0.000000000000000000e+00 1.600000000000000089e+00 -4.490000000000000176e-04 -1.007000000000000083e-03 9.999989999999999712e-01 5.043999999999999873e-02 -9.987270000000000314e-01 -9.829999999999999329e-04 9.987270000000000314e-01 5.043999999999999873e-02 4.989999999999999861e-04
9.000000000000000000e+00 4.400000000000000000e+01 7.300000000000000000e+01 0.000000000000000000e+00 1.600000000000000089e+00 -1.461000000000000059e-03 -1.392000000000000008e-03 9.999980000000000535e-01 5.074100000000000138e-02 -9.987110000000000154e-01 -1.317000000000000028e-03 9.987110000000000154e-01 5.073899999999999938e-02 1.529999999999999893e-03
1.700000000000000000e+01 4.400000000000000000e+01 7.300000000000000000e+01 0.000000000000000000e+00 1.600000000000000089e+00 -5.739999999999999660e-04 -2.289999999999999935e-03 9.999970000000000248e-01 5.110499999999999765e-02 -9.986909999999999954e-01 -2.256999999999999892e-03 9.986930000000000529e-01 5.110399999999999665e-02 6.899999999999999667e-04
2.200000000000000000e+01 4.400000000000000000e+01 7.300000000000000000e+01 0.000000000000000000e+00 1.600000000000000089e+00 -1.379999999999999933e-03 -3.441000000000000048e-03 9.999930000000000208e-01 5.080699999999999800e-02 -9.987030000000000074e-01 -3.367000000000000201e-03 9.987080000000000402e-01 5.080199999999999994e-02 1.552999999999999910e-03
2.700000000000000000e+01 4.400000000000000000e+01 7.300000000000000000e+01 0.000000000000000000e+00 1.600000000000000089e+00 -2.500000000000000052e-03 -5.049999999999999802e-03 9.999839999999999840e-01 4.684900000000000175e-02 -9.988899999999999446e-01 -4.926999999999999956e-03 9.988989999999999814e-01 4.683600000000000263e-02 2.733999999999999885e-03
1.600000000000000000e+01 2.500000000000000000e+01 7.400000000000000000e+01 0.000000000000000000e+00 1.600000000000000089e+00 1.095499999999999946e-02 1.239299999999999950e-02 9.998629999999999463e-01 8.344639999999999835e-01 -5.510570000000000190e-01 -2.312999999999999952e-03 5.509530000000000260e-01 8.343749999999999778e-01 -1.637800000000000020e-02
3.000000000000000000e+00 9.100000000000000000e+01 7.600000000000000000e+01 0.000000000000000000e+00 1.600000000000000089e+00 1.211999999999999970e-03 4.090000000000000211e-04 9.999989999999999712e-01 3.101940000000000253e-01 -9.506729999999999903e-01 1.299999999999999920e-05 9.506729999999999903e-01 3.101940000000000253e-01 -1.278999999999999972e-03
6.000000000000000000e+00 9.100000000000000000e+01 7.600000000000000000e+01 0.000000000000000000e+00 1.600000000000000089e+00 -5.500000000000000196e-05 -1.139999999999999954e-03 9.999989999999999712e-01 3.164779999999999816e-01 -9.485989999999999700e-01 -1.064000000000000059e-03 9.485999999999999988e-01 3.164779999999999816e-01 4.130000000000000099e-04
1.400000000000000000e+01 9.100000000000000000e+01 7.600000000000000000e+01 0.000000000000000000e+00 1.600000000000000089e+00 -1.498999999999999898e-03 -2.177999999999999815e-03 9.999959999999999960e-01 3.130470000000000197e-01 -9.497360000000000246e-01 -1.598999999999999944e-03 9.497370000000000534e-01 3.130430000000000157e-01 2.105999999999999799e-03
2.100000000000000000e+01 9.100000000000000000e+01 7.600000000000000000e+01 0.000000000000000000e+00 1.600000000000000089e+00 -3.930000000000000117e-04 1.719000000000000042e-03 9.999980000000000535e-01 3.163159999999999861e-01 -9.486520000000000508e-01 1.755000000000000050e-03 9.486539999999999973e-01 3.163159999999999861e-01 -1.710000000000000094e-04
3.000000000000000000e+01 9.100000000000000000e+01 7.600000000000000000e+01 0.000000000000000000e+00 1.600000000000000089e+00 -3.890000000000000228e-04 -6.290000000000000018e-04 1.000000000000000000e+00 3.254009999999999958e-01 -9.455759999999999721e-01 -4.679999999999999915e-04 9.455759999999999721e-01 3.254009999999999958e-01 5.720000000000000258e-04
2.200000000000000000e+01 6.300000000000000000e+01 8.100000000000000000e+01 0.000000000000000000e+00 1.600000000000000089e+00 -1.394000000000000057e-03 3.240000000000000150e-04 9.999989999999999712e-01 4.415600000000000080e-02 -9.990250000000000519e-01 3.849999999999999798e-04 9.990240000000000231e-01 4.415600000000000080e-02 1.379000000000000017e-03
1.300000000000000000e+01 4.400000000000000000e+01 8.300000000000000000e+01 0.000000000000000000e+00 1.600000000000000089e+00 1.691999999999999928e-03 -3.761000000000000020e-03 9.999919999999999920e-01 5.817769999999999886e-01 -8.133380000000000054e-01 -4.042999999999999719e-03 8.133460000000000134e-01 5.817790000000000461e-01 8.120000000000000048e-04
1.800000000000000000e+01 4.400000000000000000e+01 8.300000000000000000e+01 0.000000000000000000e+00 1.600000000000000089e+00 -2.950000000000000148e-04 -2.534999999999999927e-03 9.999970000000000248e-01 5.860750000000000126e-01 -8.102549999999999475e-01 -1.881000000000000076e-03 8.102570000000000050e-01 5.860729999999999551e-01 1.724999999999999971e-03
2.500000000000000000e+01 4.400000000000000000e+01 8.300000000000000000e+01 0.000000000000000000e+00 1.600000000000000089e+00 -1.101999999999999898e-03 3.076000000000000175e-03 9.999949999999999672e-01 5.843230000000000368e-01 -8.115149999999999864e-01 3.139999999999999996e-03 8.115210000000000479e-01 5.843230000000000368e-01 -9.030000000000000483e-04
2.800000000000000000e+01 4.400000000000000000e+01 8.300000000000000000e+01 0.000000000000000000e+00 1.600000000000000089e+00 -1.832000000000000078e-03 3.592999999999999840e-03 9.999919999999999920e-01 5.832230000000000469e-01 -8.123019999999999685e-01 3.987000000000000093e-03 8.123099999999999765e-01 5.832260000000000222e-01 -6.070000000000000092e-04
2.900000000000000000e+01 1.010000000000000000e+02 8.300000000000000000e+01 0.000000000000000000e+00 1.600000000000000089e+00 -4.600000000000000004e-05 -3.924000000000000404e-03 9.999919999999999920e-01 9.966000000000000414e-01 8.238700000000000190e-02 3.690000000000000246e-04 -8.238800000000000290e-02 9.965929999999999511e-01 3.906999999999999883e-03
2.600000000000000000e+01 4.800000000000000000e+01 8.400000000000000000e+01 0.000000000000000000e+00 1.600000000000000089e+00 3.976999999999999633e-03 2.425000000000000072e-03 -9.999890000000000168e-01 -9.475940000000000474e-01 -3.194460000000000077e-01 -4.544000000000000296e-03 -3.194529999999999870e-01 9.476010000000000266e-01 1.026999999999999918e-03
6.000000000000000000e+00 1.400000000000000000e+01 8.600000000000000000e+01 0.000000000000000000e+00 1.600000000000000089e+00 -2.840000000000000185e-04 3.924000000000000404e-03 -9.999919999999999920e-01 1.924510000000000109e-01 9.812990000000000324e-01 3.795999999999999895e-03 9.813060000000000116e-01 -1.924490000000000089e-01 -1.033999999999999980e-03
4.000000000000000000e+00 1.500000000000000000e+01 8.600000000000000000e+01 0.000000000000000000e+00 1.600000000000000089e+00 2.069999999999999900e-04 1.361000000000000014e-03 -9.999989999999999712e-01 1.853940000000000032e-01 9.826629999999999532e-01 1.376000000000000053e-03 9.826639999999999819e-01 -1.853940000000000032e-01 -4.899999999999999842e-05
1.600000000000000000e+01 1.500000000000000000e+01 8.600000000000000000e+01 0.000000000000000000e+00 1.600000000000000089e+00 -4.809999999999999823e-04 -9.261999999999999400e-03 -9.999569999999999848e-01 1.865700000000000136e-01 9.823990000000000222e-01 -9.188999999999999252e-03 9.824420000000000375e-01 -1.865660000000000096e-01 1.255000000000000039e-03
2.200000000000000000e+01 1.500000000000000000e+01 8.600000000000000000e+01 0.000000000000000000e+00 1.600000000000000089e+00 -7.600000000000000418e-04 1.371000000000000040e-03 -9.999989999999999712e-01 1.828110000000000013e-01 9.831469999999999931e-01 1.209000000000000005e-03 9.831480000000000219e-01 -1.828100000000000003e-01 -9.979999999999999722e-04
2.600000000000000000e+01 1.500000000000000000e+01 8.600000000000000000e+01 0.000000000000000000e+00 1.600000000000000089e+00 2.500000000000000052e-04 -8.570000000000000144e-04 -1.000000000000000000e+00 1.829399999999999915e-01 9.831239999999999979e-01 -7.969999999999999654e-04 9.831239999999999979e-01 -1.829399999999999915e-01 4.029999999999999837e-04
