1.700000000000000000e+01 6.000000000000000000e+00 4.000000000000000000e+00 0.000000000000000000e+00 1.600000000000000089e+00 -1.227570000000000050e-01 -9.941500000000000337e-02 -9.874450000000000172e-01 -8.549949999999999495e-01 -4.945910000000000029e-01 1.560860000000000025e-01 -5.038989999999999858e-01 8.634209999999999940e-01 -2.428500000000000103e-02
2.400000000000000000e+01 1.500000000000000000e+01 4.000000000000000000e+00 0.000000000000000000e+00 1.600000000000000089e+00 -3.429999999999999889e-04 -2.416300000000000045e-02 9.997080000000000410e-01 3.164179999999999771e-01 -9.483449999999999935e-01 -2.281299999999999994e-02 9.486200000000000188e-01 3.163179999999999881e-01 7.971000000000000654e-03
2.700000000000000000e+01 1.600000000000000000e+01 4.000000000000000000e+00 0.000000000000000000e+00 1.600000000000000089e+00 -6.000000000000000152e-05 -3.579999999999999849e-03 9.999940000000000495e-01 3.833610000000000073e-01 -9.235929999999999973e-01 -3.284000000000000027e-03 9.235989999999999478e-01 3.833579999999999766e-01 1.428000000000000016e-03
1.000000000000000000e+01 1.300000000000000000e+01 5.000000000000000000e+00 0.000000000000000000e+00 1.600000000000000089e+00 1.937300000000000133e-02 -1.091670000000000001e-01 9.938350000000000239e-01 3.674319999999999808e-01 -9.236849999999999783e-01 -1.086239999999999983e-01 9.298480000000000079e-01 3.672710000000000141e-01 2.221700000000000064e-02
9.000000000000000000e+00 1.000000000000000000e+00 6.000000000000000000e+00 0.000000000000000000e+00 1.600000000000000089e+00 2.050099999999999839e-02 -1.250880000000000047e-01 -9.919339999999999824e-01 -1.762829999999999953e-01 -9.770510000000000028e-01 1.195679999999999937e-01 -9.841259999999999453e-01 1.724100000000000077e-01 -4.208100000000000035e-02
9.000000000000000000e+00 1.010000000000000000e+02 7.000000000000000000e+00 0.000000000000000000e+00 1.600000000000000089e+00 1.678999999999999937e-03 -1.783200000000000063e-02 9.998399999999999510e-01 8.861759999999999637e-01 4.632979999999999876e-01 6.773999999999999640e-03 -4.633450000000000069e-01 8.860230000000000050e-01 1.658000000000000099e-02
2.300000000000000000e+01 1.010000000000000000e+02 7.000000000000000000e+00 0.000000000000000000e+00 1.600000000000000089e+00 -2.645000000000000216e-03 -8.023999999999999883e-03 9.999639999999999640e-01 8.862349999999999950e-01 4.631970000000000254e-01 6.061000000000000415e-03 -4.632290000000000019e-01 8.862189999999999790e-01 5.885999999999999739e-03
4.000000000000000000e+00 2.500000000000000000e+01 8.000000000000000000e+00 0.000000000000000000e+00 1.600000000000000089e+00 5.109999999999999525e-04 8.540000000000000499e-04 -1.000000000000000000e+00 4.400160000000000182e-01 8.979890000000000372e-01 9.920000000000000432e-04 8.979899999999999549e-01 -4.400160000000000182e-01 8.399999999999999535e-05
7.000000000000000000e+00 2.500000000000000000e+01 8.000000000000000000e+00 0.000000000000000000e+00 1.600000000000000089e+00 1.070999999999999903e-03 4.089999999999999886e-03 -9.999909999999999632e-01 4.398610000000000020e-01 8.980559999999999654e-01 4.144000000000000114e-03 8.980650000000000022e-01 -4.398619999999999752e-01 -8.379999999999999862e-04
1.300000000000000000e+01 2.500000000000000000e+01 8.000000000000000000e+00 0.000000000000000000e+00 1.600000000000000089e+00 1.222999999999999912e-03 4.605999999999999851e-03 -9.999890000000000168e-01 4.393699999999999828e-01 8.982940000000000369e-01 4.675000000000000336e-03 8.983050000000000201e-01 -4.393710000000000115e-01 -9.250000000000000409e-04
1.800000000000000000e+01 2.500000000000000000e+01 8.000000000000000000e+00 0.000000000000000000e+00 1.600000000000000089e+00 6.740000000000000114e-04 -4.422999999999999848e-03 -9.999900000000000455e-01 4.407969999999999944e-01 8.975990000000000357e-01 -3.673000000000000050e-03 8.976060000000000150e-01 -4.407900000000000151e-01 2.553999999999999847e-03
2.400000000000000000e+01 2.500000000000000000e+01 8.000000000000000000e+00 0.000000000000000000e+00 1.600000000000000089e+00 -2.128000000000000117e-03 -1.508000000000000009e-03 -9.999970000000000248e-01 4.405780000000000252e-01 8.977119999999999544e-01 -2.291000000000000068e-03 8.977119999999999544e-01 -4.405810000000000004e-01 -1.245999999999999929e-03
3.000000000000000000e+00 2.400000000000000000e+01 9.000000000000000000e+00 0.000000000000000000e+00 1.600000000000000089e+00 -3.699999999999999811e-05 -8.390000000000000105e-04 -1.000000000000000000e+00 4.474500000000000144e-01 8.943090000000000206e-01 -7.669999999999999951e-04 8.943090000000000206e-01 -4.474500000000000144e-01 3.429999999999999889e-04
8.000000000000000000e+00 2.400000000000000000e+01 9.000000000000000000e+00 0.000000000000000000e+00 1.600000000000000089e+00 8.189999999999999581e-04 5.288000000000000166e-03 -9.999860000000000415e-01 4.464170000000000083e-01 8.948110000000000230e-01 5.098000000000000101e-03 8.948249999999999815e-01 -4.464139999999999775e-01 -1.628000000000000107e-03
1.400000000000000000e+01 2.400000000000000000e+01 9.000000000000000000e+00 0.000000000000000000e+00 1.600000000000000089e+00 9.229999999999999923e-04 3.418000000000000031e-03 -9.999940000000000495e-01 4.460950000000000193e-01 8.949789999999999690e-01 3.469999999999999994e-03 8.949850000000000305e-01 -4.460950000000000193e-01 -6.989999999999999686e-04
2.400000000000000000e+01 2.400000000000000000e+01 9.000000000000000000e+00 0.000000000000000000e+00 1.600000000000000089e+00 -1.485999999999999908e-03 -2.730999999999999921e-03 -9.999949999999999672e-01 4.458409999999999873e-01 8.951069999999999860e-01 -3.106999999999999953e-03 8.951109999999999900e-01 -4.458429999999999893e-01 -1.129999999999999955e-04
1.000000000000000000e+01 3.200000000000000000e+01 1.400000000000000000e+01 0.000000000000000000e+00 1.600000000000000089e+00 -1.327999999999999970e-03 -4.120000000000000398e-03 -9.999909999999999632e-01 1.263340000000000019e-01 9.919790000000000552e-01 -4.255000000000000102e-03 9.919869999999999521e-01 -1.263380000000000059e-01 -7.969999999999999654e-04
2.100000000000000000e+01 3.200000000000000000e+01 1.400000000000000000e+01 0.000000000000000000e+00 1.600000000000000089e+00 -1.090000000000000067e-04 1.891000000000000103e-03 -9.999980000000000535e-01 1.160719999999999946e-01 9.932389999999999830e-01 1.864999999999999904e-03 9.932410000000000405e-01 -1.160709999999999936e-01 -3.280000000000000038e-04
2.500000000000000000e+01 3.200000000000000000e+01 1.400000000000000000e+01 0.000000000000000000e+00 1.600000000000000089e+00 -3.409999999999999945e-04 1.387999999999999911e-03 -9.999989999999999712e-01 1.169039999999999940e-01 9.931419999999999693e-01 1.338999999999999913e-03 9.931429999999999980e-01 -1.169030000000000069e-01 -5.000000000000000104e-04
7.000000000000000000e+00 1.200000000000000000e+01 1.500000000000000000e+01 0.000000000000000000e+00 1.600000000000000089e+00 1.128400000000000063e-02 1.685700000000000046e-02 -9.997939999999999605e-01 -4.021569999999999867e-01 -9.153529999999999722e-01 -1.997200000000000017e-02 -9.155010000000000092e-01 4.022999999999999909e-01 -3.549000000000000071e-03
1.400000000000000000e+01 1.200000000000000000e+01 1.500000000000000000e+01 0.000000000000000000e+00 1.600000000000000089e+00 1.866999999999999953e-03 -4.279999999999999950e-03 -9.999890000000000168e-01 -4.336849999999999872e-01 -9.010590000000000543e-01 3.046000000000000096e-03 -9.010629999999999473e-01 4.336749999999999772e-01 -3.539000000000000045e-03
1.800000000000000000e+01 1.200000000000000000e+01 1.500000000000000000e+01 0.000000000000000000e+00 1.600000000000000089e+00 3.665999999999999988e-03 -3.235000000000000028e-03 -9.999879999999999880e-01 -4.461370000000000058e-01 -8.949639999999999818e-01 1.260000000000000052e-03 -8.949570000000000025e-01 4.461269999999999958e-01 -4.725000000000000033e-03
2.800000000000000000e+01 1.200000000000000000e+01 1.500000000000000000e+01 0.000000000000000000e+00 1.600000000000000089e+00 2.950000000000000148e-04 -2.599999999999999881e-03 -9.999970000000000248e-01 -4.592559999999999976e-01 -8.883010000000000073e-01 2.174000000000000151e-03 -8.883039999999999825e-01 4.592530000000000223e-01 -1.456000000000000046e-03
5.000000000000000000e+00 1.160000000000000000e+02 1.600000000000000000e+01 0.000000000000000000e+00 1.600000000000000089e+00 9.309999999999999699e-04 1.670999999999999959e-03 9.999980000000000535e-01 7.058389999999999942e-01 7.083700000000000552e-01 -1.840999999999999972e-03 -7.083709999999999729e-01 7.058400000000000230e-01 -5.199999999999999544e-04
2.700000000000000000e+01 1.160000000000000000e+02 1.600000000000000000e+01 0.000000000000000000e+00 1.600000000000000089e+00 6.380000000000000037e-04 1.417000000000000074e-03 9.999989999999999712e-01 7.167109999999999870e-01 6.973690000000000166e-01 -1.446000000000000020e-03 -6.973700000000000454e-01 7.167109999999999870e-01 -5.710000000000000015e-04
3.000000000000000000e+00 2.000000000000000000e+00 1.900000000000000000e+01 0.000000000000000000e+00 1.600000000000000089e+00 2.233999999999999875e-03 -4.309500000000000136e-02 -9.990679999999999561e-01 3.518800000000000261e-01 -9.351410000000000000e-01 4.112400000000000083e-02 -9.360420000000000407e-01 -3.516440000000000121e-01 1.307499999999999982e-02
6.000000000000000000e+00 2.000000000000000000e+00 1.900000000000000000e+01 0.000000000000000000e+00 1.600000000000000089e+00 -2.141999999999999807e-03 -6.657000000000000417e-02 -9.977789999999999715e-01 3.402490000000000236e-01 -9.382979999999999654e-01 6.187100000000000238e-02 -9.403329999999999744e-01 -3.393610000000000237e-01 2.466000000000000136e-02
1.100000000000000000e+01 2.000000000000000000e+00 1.900000000000000000e+01 0.000000000000000000e+00 1.600000000000000089e+00 -2.806200000000000014e-02 -6.825299999999999423e-02 -9.972729999999999650e-01 3.122329999999999828e-01 -9.483460000000000223e-01 5.611800000000000122e-02 -9.495909999999999629e-01 -3.098069999999999991e-01 4.792400000000000132e-02
1.400000000000000000e+01 2.000000000000000000e+00 1.900000000000000000e+01 0.000000000000000000e+00 1.600000000000000089e+00 -3.800300000000000206e-02 -6.872999999999999943e-02 -9.969109999999999916e-01 2.884869999999999934e-01 -9.559079999999999799e-01 5.490500000000000241e-02 -9.567290000000000516e-01 -2.855090000000000128e-01 5.615499999999999658e-02
1.900000000000000000e+01 2.000000000000000000e+00 1.900000000000000000e+01 0.000000000000000000e+00 1.600000000000000089e+00 -3.869600000000000123e-02 -6.787100000000000077e-02 -9.969430000000000236e-01 2.351850000000000052e-01 -9.702819999999999778e-01 5.692799999999999944e-02 -9.711800000000000432e-01 -2.322629999999999972e-01 5.350800000000000001e-02
2.300000000000000000e+01 2.000000000000000000e+00 1.900000000000000000e+01 0.000000000000000000e+00 1.600000000000000089e+00 -2.625500000000000056e-02 -6.003499999999999809e-02 -9.978510000000000435e-01 2.064060000000000061e-01 -9.770109999999999628e-01 5.335000000000000159e-02 -9.781140000000000390e-01 -2.045619999999999938e-01 3.804300000000000043e-02
5.000000000000000000e+00 3.000000000000000000e+00 1.900000000000000000e+01 0.000000000000000000e+00 1.600000000000000089e+00 -2.508999999999999946e-03 -4.983900000000000136e-02 -9.987540000000000306e-01 3.199759999999999827e-01 -9.462880000000000180e-01 4.641699999999999993e-02 -9.474219999999999864e-01 -3.194609999999999950e-01 1.832100000000000048e-02
1.000000000000000000e+01 3.000000000000000000e+00 1.900000000000000000e+01 0.000000000000000000e+00 1.600000000000000089e+00 -2.762799999999999978e-02 -6.737200000000000133e-02 -9.973450000000000371e-01 3.022699999999999831e-01 -9.515820000000000389e-01 5.590699999999999836e-02 -9.528219999999999468e-01 -2.999229999999999952e-01 4.665500000000000203e-02
6.000000000000000000e+00 4.000000000000000000e+00 2.000000000000000000e+01 0.000000000000000000e+00 1.600000000000000089e+00 -2.748000000000000009e-03 -2.985600000000000059e-02 -9.995500000000000496e-01 3.364880000000000093e-01 -9.412949999999999928e-01 2.719099999999999989e-02 -9.416839999999999655e-01 -3.362620000000000053e-01 1.263300000000000013e-02
3.000000000000000000e+00 1.300000000000000000e+01 2.000000000000000000e+01 0.000000000000000000e+00 1.600000000000000089e+00 -1.672000000000000092e-03 -4.525999999999999641e-03 9.999879999999999880e-01 2.627320000000000211e-01 9.648569999999999647e-01 4.806999999999999641e-03 -9.648670000000000302e-01 2.627369999999999983e-01 -4.240000000000000062e-04
8.000000000000000000e+00 1.300000000000000000e+01 2.000000000000000000e+01 0.000000000000000000e+00 1.600000000000000089e+00 -1.140000000000000063e-04 -3.154999999999999818e-03 9.999949999999999672e-01 2.647709999999999786e-01 9.643059999999999965e-01 3.073000000000000211e-03 -9.643110000000000293e-01 2.647700000000000053e-01 7.259999999999999743e-04
1.300000000000000000e+01 1.300000000000000000e+01 2.000000000000000000e+01 0.000000000000000000e+00 1.600000000000000089e+00 7.140000000000000079e-04 2.844999999999999873e-03 9.999959999999999960e-01 2.642050000000000232e-01 9.644620000000000415e-01 -2.932999999999999843e-03 -9.644660000000000455e-01 2.642059999999999964e-01 -6.299999999999999990e-05
1.600000000000000000e+01 1.300000000000000000e+01 2.000000000000000000e+01 0.000000000000000000e+00 1.600000000000000089e+00 3.739999999999999835e-04 -4.389999999999999914e-04 1.000000000000000000e+00 2.629830000000000223e-01 9.647999999999999909e-01 3.249999999999999851e-04 -9.647999999999999909e-01 2.629830000000000223e-01 4.760000000000000234e-04
2.000000000000000000e+01 1.300000000000000000e+01 2.000000000000000000e+01 0.000000000000000000e+00 1.600000000000000089e+00 -1.230000000000000082e-04 -4.807999999999999774e-03 9.999879999999999880e-01 2.646899999999999809e-01 9.643220000000000125e-01 4.669000000000000407e-03 -9.643340000000000245e-01 2.646870000000000056e-01 1.154000000000000078e-03
2.500000000000000000e+01 1.300000000000000000e+01 2.000000000000000000e+01 0.000000000000000000e+00 1.600000000000000089e+00 -1.250000000000000026e-04 1.090000000000000067e-04 1.000000000000000000e+00 2.650239999999999818e-01 9.642420000000000435e-01 -7.200000000000000182e-05 -9.642420000000000435e-01 2.650239999999999818e-01 -1.489999999999999897e-04
2.000000000000000000e+00 3.000000000000000000e+00 2.500000000000000000e+01 0.000000000000000000e+00 1.600000000000000089e+00 -7.361999999999999621e-03 1.305500000000000063e-02 9.998879999999999990e-01 -4.582200000000000162e-02 -9.988690000000000069e-01 1.270400000000000001e-02 9.989230000000000054e-01 -4.572299999999999975e-02 7.952000000000000735e-03
1.700000000000000000e+01 3.000000000000000000e+00 2.500000000000000000e+01 0.000000000000000000e+00 1.600000000000000089e+00 1.484000000000000076e-03 6.930000000000000396e-04 9.999989999999999712e-01 -4.024599999999999705e-02 -9.991889999999999938e-01 7.519999999999999558e-04 9.991889999999999938e-01 -4.024699999999999805e-02 -1.454999999999999913e-03
2.500000000000000000e+01 3.000000000000000000e+00 2.500000000000000000e+01 0.000000000000000000e+00 1.600000000000000089e+00 -1.889000000000000054e-03 -8.059000000000000191e-03 9.999660000000000215e-01 -4.031200000000000061e-02 -9.991539999999999866e-01 -8.129000000000000808e-03 9.991849999999999898e-01 -4.032600000000000073e-02 1.562000000000000020e-03
3.000000000000000000e+00 4.600000000000000000e+01 2.700000000000000000e+01 0.000000000000000000e+00 1.600000000000000089e+00 -3.040000000000000167e-04 -2.360999999999999818e-03 -9.999970000000000248e-01 6.780969999999999498e-01 7.349700000000000122e-01 -1.941000000000000017e-03 7.349719999999999587e-01 -6.780960000000000321e-01 1.376999999999999969e-03
1.200000000000000000e+01 4.600000000000000000e+01 2.700000000000000000e+01 0.000000000000000000e+00 1.600000000000000089e+00 -4.889999999999999599e-04 2.207000000000000194e-03 -9.999970000000000248e-01 6.779669999999999863e-01 7.350919999999999677e-01 1.291000000000000047e-03 7.350929999999999964e-01 -6.779640000000000111e-01 -1.856000000000000011e-03
2.400000000000000000e+01 4.600000000000000000e+01 2.700000000000000000e+01 0.000000000000000000e+00 1.600000000000000089e+00 -1.984999999999999785e-03 -8.850000000000000444e-04 -9.999980000000000535e-01 6.774240000000000261e-01 7.355899999999999661e-01 -1.995999999999999944e-03 7.355899999999999661e-01 -6.774270000000000014e-01 -8.610000000000000032e-04
1.400000000000000000e+01 4.600000000000000000e+01 3.000000000000000000e+01 0.000000000000000000e+00 1.600000000000000089e+00 -2.860000000000000129e-04 2.157000000000000063e-03 -9.999980000000000535e-01 3.314199999999999924e-01 9.434820000000000428e-01 1.941000000000000017e-03 9.434829999999999606e-01 -3.314179999999999904e-01 -9.849999999999999815e-04
3.000000000000000000e+01 4.600000000000000000e+01 3.000000000000000000e+01 0.000000000000000000e+00 1.600000000000000089e+00 -1.727000000000000019e-03 -1.410999999999999928e-03 -9.999980000000000535e-01 3.276910000000000101e-01 9.447830000000000394e-01 -1.899000000000000080e-03 9.447839999999999572e-01 -3.276930000000000121e-01 -1.168999999999999900e-03
5.000000000000000000e+00 5.800000000000000000e+01 3.100000000000000000e+01 0.000000000000000000e+00 1.600000000000000089e+00 3.846000000000000026e-03 3.951999999999999784e-03 9.999850000000000128e-01 -8.083609999999999962e-01 -5.886620000000000186e-01 5.434999999999999727e-03 5.886740000000000306e-01 -8.083700000000000330e-01 9.309999999999999699e-04
1.200000000000000000e+01 5.800000000000000000e+01 3.100000000000000000e+01 0.000000000000000000e+00 1.600000000000000089e+00 -2.027999999999999855e-03 -4.793000000000000385e-03 9.999860000000000415e-01 -8.146050000000000235e-01 -5.799990000000000423e-01 -4.432000000000000176e-03 5.800130000000000008e-01 -8.146029999999999660e-01 -2.727999999999999956e-03
1.700000000000000000e+01 5.800000000000000000e+01 3.100000000000000000e+01 0.000000000000000000e+00 1.600000000000000089e+00 2.347999999999999827e-03 1.033000000000000064e-03 9.999970000000000248e-01 -8.149290000000000145e-01 -5.795550000000000423e-01 2.511999999999999910e-03 5.795559999999999601e-01 -8.149330000000000185e-01 -5.180000000000000143e-04
2.100000000000000000e+01 5.800000000000000000e+01 3.100000000000000000e+01 0.000000000000000000e+00 1.600000000000000089e+00 -1.129000000000000012e-03 -3.040000000000000167e-03 9.999949999999999672e-01 -8.153559999999999697e-01 -5.789539999999999687e-01 -2.680999999999999790e-03 5.789590000000000014e-01 -8.153550000000000519e-01 -1.825000000000000016e-03
2.800000000000000000e+01 5.800000000000000000e+01 3.100000000000000000e+01 0.000000000000000000e+00 1.600000000000000089e+00 3.706999999999999792e-03 5.875000000000000014e-03 9.999759999999999760e-01 -8.122150000000000203e-01 -5.833220000000000072e-01 6.438000000000000146e-03 5.833460000000000312e-01 -8.122200000000000530e-01 2.609000000000000208e-03
2.000000000000000000e+00 4.600000000000000000e+01 3.500000000000000000e+01 0.000000000000000000e+00 1.600000000000000089e+00 3.649999999999999816e-04 -5.699999999999999772e-04 -1.000000000000000000e+00 3.900609999999999911e-01 -9.207889999999999686e-01 6.679999999999999740e-04 -9.207889999999999686e-01 -3.900609999999999911e-01 -1.140000000000000063e-04
1.000000000000000000e+01 4.600000000000000000e+01 3.500000000000000000e+01 0.000000000000000000e+00 1.600000000000000089e+00 -6.700000000000000226e-04 -9.799999999999999684e-05 -1.000000000000000000e+00 3.912109999999999754e-01 -9.203010000000000357e-01 -1.720000000000000066e-04 -9.203010000000000357e-01 -3.912109999999999754e-01 6.549999999999999833e-04
1.400000000000000000e+01 4.600000000000000000e+01 3.500000000000000000e+01 0.000000000000000000e+00 1.600000000000000089e+00 6.679999999999999740e-04 5.066000000000000190e-03 -9.999869999999999592e-01 3.906789999999999985e-01 -9.205160000000000009e-01 -4.401999999999999663e-03 -9.205269999999999841e-01 -3.906709999999999905e-01 -2.593999999999999952e-03
2.200000000000000000e+01 4.600000000000000000e+01 3.500000000000000000e+01 0.000000000000000000e+00 1.600000000000000089e+00 -1.399999999999999877e-04 -1.820000000000000057e-04 -1.000000000000000000e+00 3.926959999999999895e-01 -9.196680000000000410e-01 1.119999999999999983e-04 -9.196680000000000410e-01 -3.926959999999999895e-01 2.000000000000000096e-04
2.800000000000000000e+01 4.600000000000000000e+01 3.500000000000000000e+01 0.000000000000000000e+00 1.600000000000000089e+00 -1.033999999999999980e-03 6.440000000000000412e-04 -9.999989999999999712e-01 3.918479999999999741e-01 -9.200289999999999857e-01 -9.979999999999999722e-04 -9.200289999999999857e-01 -3.918490000000000029e-01 6.980000000000000527e-04
7.000000000000000000e+00 9.500000000000000000e+01 3.600000000000000000e+01 0.000000000000000000e+00 1.600000000000000089e+00 3.980000000000000248e-04 6.447999999999999739e-03 9.999789999999999512e-01 9.967390000000000416e-01 8.068300000000000471e-02 -9.169999999999999549e-04 -8.068699999999999484e-02 9.967190000000000216e-01 -6.394999999999999643e-03
1.000000000000000000e+01 9.500000000000000000e+01 3.600000000000000000e+01 0.000000000000000000e+00 1.600000000000000089e+00 -2.699999999999999899e-05 -8.521000000000000796e-03 9.999639999999999640e-01 9.967249999999999721e-01 8.086799999999999544e-02 7.159999999999999481e-04 -8.087099999999999844e-02 9.966880000000000184e-01 8.489999999999999283e-03
1.800000000000000000e+01 9.500000000000000000e+01 3.600000000000000000e+01 0.000000000000000000e+00 1.600000000000000089e+00 -3.370000000000000166e-03 -1.960999999999999896e-02 9.998019999999999685e-01 9.967380000000000129e-01 8.055800000000000460e-02 4.938999999999999814e-03 -8.063900000000000234e-02 9.965570000000000261e-01 1.927399999999999947e-02
2.800000000000000000e+01 9.500000000000000000e+01 3.600000000000000000e+01 0.000000000000000000e+00 1.600000000000000089e+00 6.649999999999999661e-03 3.036900000000000016e-02 9.995169999999999888e-01 9.968559999999999643e-01 7.871499999999999331e-02 -9.024000000000000771e-03 -7.895099999999999341e-02 9.964349999999999596e-01 -2.974999999999999867e-02
1.300000000000000000e+01 3.000000000000000000e+00 4.300000000000000000e+01 0.000000000000000000e+00 1.600000000000000089e+00 -1.580000000000000024e-03 -1.991999999999999847e-03 -9.999970000000000248e-01 7.372159999999999824e-01 -6.756569999999999521e-01 1.810000000000000085e-04 -6.756550000000000056e-01 -7.372130000000000072e-01 2.536000000000000060e-03
2.400000000000000000e+01 3.000000000000000000e+00 4.300000000000000000e+01 0.000000000000000000e+00 1.600000000000000089e+00 4.295000000000000207e-03 2.500000000000000120e-05 -9.999909999999999632e-01 7.286089999999999511e-01 -6.849229999999999485e-01 3.112000000000000183e-03 -6.849169999999999980e-01 -7.286150000000000126e-01 -2.959999999999999958e-03
2.700000000000000000e+01 3.000000000000000000e+00 4.300000000000000000e+01 0.000000000000000000e+00 1.600000000000000089e+00 2.821000000000000157e-03 -1.344500000000000035e-02 -9.999059999999999615e-01 7.318909999999999583e-01 -6.813289999999999624e-01 1.122699999999999913e-02 -6.814149999999999929e-01 -7.318540000000000045e-01 7.917999999999999691e-03
3.000000000000000000e+00 2.900000000000000000e+01 4.400000000000000000e+01 0.000000000000000000e+00 1.600000000000000089e+00 -1.168999999999999900e-03 5.859999999999999758e-03 -9.999820000000000375e-01 6.633719999999999617e-01 7.482809999999999739e-01 3.608999999999999795e-03 7.482889999999999819e-01 -6.633559999999999457e-01 -4.761999999999999740e-03
2.700000000000000000e+01 2.900000000000000000e+01 4.400000000000000000e+01 0.000000000000000000e+00 1.600000000000000089e+00 -3.585000000000000079e-03 -2.758000000000000035e-03 -9.999900000000000455e-01 6.782669999999999533e-01 7.348019999999999552e-01 -4.458000000000000157e-03 7.348069999999999879e-01 -6.782759999999999900e-01 -7.640000000000000306e-04
9.000000000000000000e+00 5.400000000000000000e+01 4.600000000000000000e+01 0.000000000000000000e+00 1.600000000000000089e+00 4.429999999999999802e-04 3.173000000000000039e-03 9.999949999999999672e-01 2.896639999999999771e-01 -9.571239999999999748e-01 2.907999999999999995e-03 9.571279999999999788e-01 2.896610000000000018e-01 -1.343000000000000010e-03
1.000000000000000000e+00 5.000000000000000000e+00 5.100000000000000000e+01 0.000000000000000000e+00 1.600000000000000089e+00 -6.610000000000000207e-04 6.734000000000000402e-03 -9.999770000000000048e-01 4.805380000000000207e-01 -8.769519999999999538e-01 -6.223000000000000233e-03 -8.769740000000000313e-01 -4.805309999999999859e-01 -2.657000000000000074e-03
6.000000000000000000e+00 5.000000000000000000e+00 5.100000000000000000e+01 0.000000000000000000e+00 1.600000000000000089e+00 -2.194000000000000204e-03 2.968000000000000152e-03 -9.999930000000000208e-01 4.825459999999999749e-01 -8.758629999999999471e-01 -3.657999999999999793e-03 -8.758679999999999799e-01 -4.825510000000000077e-01 4.899999999999999842e-04
1.200000000000000000e+01 5.000000000000000000e+00 5.100000000000000000e+01 0.000000000000000000e+00 1.600000000000000089e+00 1.240999999999999916e-03 1.968999999999999830e-03 -9.999970000000000248e-01 4.905180000000000096e-01 -8.714309999999999556e-01 -1.106999999999999911e-03 -8.714300000000000379e-01 -4.905149999999999788e-01 -2.047999999999999907e-03
1.000000000000000000e+01 6.300000000000000000e+01 5.400000000000000000e+01 0.000000000000000000e+00 1.600000000000000089e+00 -1.283999999999999985e-03 -3.157000000000000084e-03 9.999940000000000495e-01 -3.534649999999999737e-01 9.354440000000000532e-01 2.498999999999999919e-03 -9.354470000000000285e-01 -3.534599999999999964e-01 -2.317000000000000049e-03
1.400000000000000000e+01 6.300000000000000000e+01 5.400000000000000000e+01 0.000000000000000000e+00 1.600000000000000089e+00 -1.649999999999999991e-04 -5.619999999999999996e-04 1.000000000000000000e+00 -3.473990000000000133e-01 9.377170000000000227e-01 4.699999999999999859e-04 -9.377170000000000227e-01 -3.473990000000000133e-01 -3.499999999999999964e-04
2.100000000000000000e+01 6.300000000000000000e+01 5.400000000000000000e+01 0.000000000000000000e+00 1.600000000000000089e+00 6.250000000000000130e-04 7.680000000000000195e-04 1.000000000000000000e+00 -3.477450000000000263e-01 9.375890000000000057e-01 -5.029999999999999749e-04 -9.375890000000000057e-01 -3.477450000000000263e-01 8.530000000000000256e-04
3.000000000000000000e+00 2.500000000000000000e+01 5.500000000000000000e+01 0.000000000000000000e+00 1.600000000000000089e+00 7.910000000000000364e-04 5.680000000000000153e-03 -9.999839999999999840e-01 -1.471899999999999945e-02 -9.998749999999999583e-01 -5.690999999999999878e-03 -9.998909999999999743e-01 1.472299999999999998e-02 -7.069999999999999462e-04
8.000000000000000000e+00 2.500000000000000000e+01 5.500000000000000000e+01 0.000000000000000000e+00 1.600000000000000089e+00 -1.126000000000000048e-03 3.798000000000000161e-03 -9.999919999999999920e-01 -1.378000000000000058e-02 -9.998979999999999535e-01 -3.782000000000000205e-03 -9.999040000000000150e-01 1.377600000000000005e-02 1.178999999999999927e-03
1.600000000000000000e+01 2.500000000000000000e+01 5.500000000000000000e+01 0.000000000000000000e+00 1.600000000000000089e+00 4.350000000000000026e-04 -2.713000000000000134e-03 -9.999959999999999960e-01 -1.400500000000000009e-02 -9.998979999999999535e-01 2.706000000000000072e-03 -9.999019999999999575e-01 1.400400000000000082e-02 -4.730000000000000046e-04
2.000000000000000000e+01 2.500000000000000000e+01 5.500000000000000000e+01 0.000000000000000000e+00 1.600000000000000089e+00 -5.940000000000000184e-04 2.115000000000000126e-03 -9.999980000000000535e-01 -1.271500000000000061e-02 -9.999169999999999447e-01 -2.106999999999999932e-03 -9.999190000000000023e-01 1.271399999999999961e-02 6.210000000000000242e-04
2.700000000000000000e+01 2.500000000000000000e+01 5.500000000000000000e+01 0.000000000000000000e+00 1.600000000000000089e+00 7.240000000000000342e-04 9.849999999999999815e-04 -9.999989999999999712e-01 -1.033000000000000064e-02 -9.999460000000000015e-01 -9.920000000000000432e-04 -9.999460000000000015e-01 1.033099999999999991e-02 -7.140000000000000079e-04
5.000000000000000000e+00 2.100000000000000000e+01 6.000000000000000000e+01 0.000000000000000000e+00 1.600000000000000089e+00 4.244999999999999642e-03 -2.060499999999999832e-02 9.997789999999999733e-01 -1.012409999999999977e-01 9.946420000000000261e-01 2.092899999999999969e-02 -9.948529999999999873e-01 -1.013069999999999943e-01 2.135999999999999878e-03
1.100000000000000000e+01 2.100000000000000000e+01 6.000000000000000000e+01 0.000000000000000000e+00 1.600000000000000089e+00 -2.211999999999999991e-03 2.073999999999999889e-03 9.999949999999999672e-01 -9.581900000000000139e-02 9.953959999999999475e-01 -2.275999999999999811e-03 -9.953959999999999475e-01 -9.582400000000000639e-02 -2.003000000000000006e-03
1.800000000000000000e+01 6.000000000000000000e+00 6.100000000000000000e+01 0.000000000000000000e+00 1.600000000000000089e+00 -6.819999999999999890e-04 1.111999999999999924e-03 9.999989999999999712e-01 5.665799999999999725e-01 -8.240049999999999875e-01 1.302999999999999905e-03 8.240060000000000162e-01 5.665810000000000013e-01 -6.799999999999999946e-05
1.000000000000000000e+00 2.700000000000000000e+01 6.300000000000000000e+01 0.000000000000000000e+00 1.600000000000000089e+00 1.067000000000000023e-03 1.373000000000000088e-03 9.999980000000000535e-01 -2.740609999999999991e-01 9.617120000000000113e-01 -1.028000000000000051e-03 -9.617120000000000113e-01 -2.740589999999999971e-01 1.402000000000000034e-03
9.000000000000000000e+00 2.700000000000000000e+01 6.300000000000000000e+01 0.000000000000000000e+00 1.600000000000000089e+00 4.442999999999999901e-03 8.057999999999999191e-03 9.999580000000000135e-01 -2.732310000000000016e-01 9.619259999999999478e-01 -6.538000000000000408e-03 -9.619379999999999598e-01 -2.731910000000000172e-01 6.475999999999999986e-03
1.800000000000000000e+01 2.700000000000000000e+01 6.300000000000000000e+01 0.000000000000000000e+00 1.600000000000000089e+00 -3.625999999999999883e-03 -8.207000000000000753e-03 9.999599999999999600e-01 -2.730210000000000137e-01 9.619830000000000325e-01 6.904999999999999680e-03 -9.620009999999999950e-01 -2.729849999999999777e-01 -5.728999999999999718e-03
2.600000000000000000e+01 2.700000000000000000e+01 6.300000000000000000e+01 0.000000000000000000e+00 1.600000000000000089e+00 4.290000000000000193e-04 -4.225999999999999722e-03 9.999909999999999632e-01 -2.715779999999999861e-01 9.624070000000000125e-01 4.184000000000000219e-03 -9.624160000000000492e-01 -2.715779999999999861e-01 -7.349999999999999763e-04
2.000000000000000000e+00 2.600000000000000000e+01 6.400000000000000000e+01 0.000000000000000000e+00 1.600000000000000089e+00 2.023000000000000059e-03 2.729000000000000089e-03 9.999940000000000495e-01 -3.555610000000000159e-01 9.346510000000000096e-01 -1.830999999999999945e-03 -9.346510000000000096e-01 -3.555550000000000099e-01 2.860999999999999828e-03
5.000000000000000000e+00 2.600000000000000000e+01 6.400000000000000000e+01 0.000000000000000000e+00 1.600000000000000089e+00 4.173999999999999759e-03 4.957999999999999734e-03 9.999789999999999512e-01 -3.563839999999999786e-01 9.343339999999999979e-01 -3.144999999999999792e-03 -9.343299999999999939e-01 -3.563640000000000141e-01 5.667000000000000162e-03
1.100000000000000000e+01 2.600000000000000000e+01 6.400000000000000000e+01 0.000000000000000000e+00 1.600000000000000089e+00 3.739000000000000136e-03 5.761999999999999761e-03 9.999759999999999760e-01 -3.541159999999999863e-01 9.351930000000000520e-01 -4.065000000000000037e-03 -9.351939999999999698e-01 -3.540920000000000178e-01 5.537000000000000255e-03
1.900000000000000000e+01 2.600000000000000000e+01 6.400000000000000000e+01 0.000000000000000000e+00 1.600000000000000089e+00 -4.274000000000000021e-03 -1.082299999999999929e-02 9.999320000000000430e-01 -3.547810000000000130e-01 9.349100000000000188e-01 8.602999999999999536e-03 -9.349399999999999933e-01 -3.547199999999999798e-01 -7.835999999999999216e-03
2.700000000000000000e+01 2.600000000000000000e+01 6.400000000000000000e+01 0.000000000000000000e+00 1.600000000000000089e+00 1.351999999999999903e-03 -2.301999999999999793e-03 9.999959999999999960e-01 -3.583419999999999939e-01 9.335869999999999447e-01 2.634000000000000057e-03 -9.335890000000000022e-01 -3.583450000000000246e-01 4.369999999999999970e-04
2.900000000000000000e+01 2.600000000000000000e+01 6.400000000000000000e+01 0.000000000000000000e+00 1.600000000000000089e+00 3.840000000000000097e-04 -8.530000000000000256e-04 1.000000000000000000e+00 -3.592049999999999965e-01 9.332580000000000320e-01 9.340000000000000429e-04 -9.332589999999999497e-01 -3.592049999999999965e-01 5.199999999999999680e-05
7.000000000000000000e+00 6.900000000000000000e+01 6.600000000000000000e+01 0.000000000000000000e+00 1.600000000000000089e+00 1.203999999999999992e-03 -2.187999999999999841e-03 9.999970000000000248e-01 -9.486759999999999637e-01 3.162440000000000251e-01 1.833999999999999910e-03 -3.162470000000000003e-01 -9.486750000000000460e-01 -1.694999999999999892e-03
2.000000000000000000e+00 2.500000000000000000e+01 7.300000000000000000e+01 0.000000000000000000e+00 1.600000000000000089e+00 -1.030000000000000100e-03 1.319999999999999993e-03 9.999989999999999712e-01 7.500069999999999792e-01 -6.614280000000000159e-01 1.645999999999999894e-03 6.614290000000000447e-01 7.500080000000000080e-01 -3.080000000000000055e-04
1.100000000000000000e+01 2.500000000000000000e+01 7.300000000000000000e+01 0.000000000000000000e+00 1.600000000000000089e+00 1.010000000000000020e-04 -1.675999999999999972e-03 9.999989999999999712e-01 7.481959999999999722e-01 -6.634769999999999834e-01 -1.186999999999999904e-03 6.634780000000000122e-01 7.481950000000000545e-01 1.186999999999999904e-03
1.600000000000000000e+01 2.500000000000000000e+01 7.300000000000000000e+01 0.000000000000000000e+00 1.600000000000000089e+00 8.710000000000000294e-04 7.574000000000000003e-03 9.999710000000000543e-01 7.533699999999999841e-01 -6.575830000000000286e-01 4.323999999999999719e-03 6.575959999999999583e-01 7.533440000000000136e-01 -6.277999999999999726e-03
1.500000000000000000e+01 4.400000000000000000e+01 7.300000000000000000e+01 0.000000000000000000e+00 1.600000000000000089e+00 1.042500000000000024e-02 1.431800000000000087e-02 9.998430000000000373e-01 5.200899999999999967e-02 -9.985519999999999952e-01 1.375700000000000013e-02 9.985920000000000352e-01 5.185700000000000032e-02 -1.115400000000000072e-02
1.800000000000000000e+01 4.400000000000000000e+01 7.300000000000000000e+01 0.000000000000000000e+00 1.600000000000000089e+00 2.344000000000000163e-03 3.511999999999999931e-03 9.999909999999999632e-01 5.485899999999999804e-02 -9.984880000000000422e-01 3.377999999999999926e-03 9.984910000000000174e-01 5.485000000000000292e-02 -2.533000000000000095e-03
2.500000000000000000e+01 4.400000000000000000e+01 7.300000000000000000e+01 0.000000000000000000e+00 1.600000000000000089e+00 2.933999999999999976e-03 3.433999999999999986e-03 9.999900000000000455e-01 5.455999999999999739e-02 -9.985049999999999759e-01 3.268000000000000071e-03 9.985060000000000047e-01 5.455000000000000127e-02 -3.116999999999999979e-03
2.800000000000000000e+01 4.400000000000000000e+01 7.300000000000000000e+01 0.000000000000000000e+00 1.600000000000000089e+00 2.233000000000000176e-03 2.560999999999999908e-03 9.999940000000000495e-01 5.495099999999999985e-02 -9.984859999999999847e-01 2.435000000000000098e-03 9.984870000000000134e-01 5.494500000000000078e-02 -2.370999999999999844e-03
2.500000000000000000e+01 2.500000000000000000e+01 7.400000000000000000e+01 0.000000000000000000e+00 1.600000000000000089e+00 1.920000000000000049e-03 3.919999999999999873e-04 9.999980000000000535e-01 8.346069999999999878e-01 -5.508429999999999715e-01 -1.386000000000000079e-03 5.508420000000000538e-01 8.346090000000000453e-01 -1.384000000000000031e-03
2.200000000000000000e+01 5.100000000000000000e+01 7.600000000000000000e+01 0.000000000000000000e+00 1.600000000000000089e+00 1.129000000000000012e-03 -2.010000000000000068e-04 -9.999989999999999712e-01 -3.979900000000000104e-01 -9.173900000000000388e-01 -2.649999999999999903e-04 -9.173890000000000100e-01 3.979900000000000104e-01 -1.116000000000000021e-03
2.800000000000000000e+01 5.100000000000000000e+01 7.600000000000000000e+01 0.000000000000000000e+00 1.600000000000000089e+00 -1.242999999999999964e-03 -2.079999999999999818e-03 -9.999970000000000248e-01 -3.984730000000000216e-01 -9.171770000000000200e-01 2.403000000000000188e-03 -9.171789999999999665e-01 3.984750000000000236e-01 3.110000000000000243e-04
1.000000000000000000e+00 9.100000000000000000e+01 7.600000000000000000e+01 0.000000000000000000e+00 1.600000000000000089e+00 -1.355000000000000085e-03 3.100000000000000135e-05 9.999989999999999712e-01 3.916259999999999741e-01 -9.201240000000000530e-01 5.599999999999999509e-04 9.201230000000000242e-01 3.916270000000000029e-01 1.234999999999999987e-03
5.000000000000000000e+00 9.100000000000000000e+01 7.600000000000000000e+01 0.000000000000000000e+00 1.600000000000000089e+00 -5.299999999999999807e-04 -2.024000000000000191e-03 9.999980000000000535e-01 3.854060000000000263e-01 -9.227450000000000374e-01 -1.662999999999999982e-03 9.227469999999999839e-01 3.854049999999999976e-01 1.268999999999999946e-03
1.100000000000000000e+01 9.100000000000000000e+01 7.600000000000000000e+01 0.000000000000000000e+00 1.600000000000000089e+00 2.162999999999999992e-03 8.799999999999999771e-05 9.999980000000000535e-01 3.596019999999999772e-01 -9.331049999999999622e-01 -6.949999999999999798e-04 9.331030000000000157e-01 3.596030000000000060e-01 -2.050000000000000173e-03
1.400000000000000000e+01 9.100000000000000000e+01 7.600000000000000000e+01 0.000000000000000000e+00 1.600000000000000089e+00 3.142999999999999960e-03 8.220000000000000310e-04 9.999949999999999672e-01 3.524889999999999968e-01 -9.358159999999999812e-01 -3.390000000000000001e-04 9.358109999999999484e-01 3.524880000000000235e-01 -3.230999999999999931e-03
1.800000000000000000e+01 9.100000000000000000e+01 7.600000000000000000e+01 0.000000000000000000e+00 1.600000000000000089e+00 1.745999999999999939e-03 1.131000000000000061e-03 9.999980000000000535e-01 3.476299999999999946e-01 -9.376320000000000210e-01 4.530000000000000064e-04 9.376299999999999635e-01 3.476279999999999926e-01 -2.030000000000000120e-03
2.900000000000000000e+01 9.100000000000000000e+01 7.600000000000000000e+01 0.000000000000000000e+00 1.600000000000000089e+00 3.600000000000000091e-05 -1.546999999999999981e-03 9.999989999999999712e-01 3.175029999999999797e-01 -9.482559999999999878e-01 -1.477999999999999930e-03 9.482570000000000165e-01 3.175020000000000064e-01 4.569999999999999952e-04
5.000000000000000000e+00 4.400000000000000000e+01 8.300000000000000000e+01 0.000000000000000000e+00 1.600000000000000089e+00 2.554999999999999979e-03 4.862600000000000255e-02 9.988139999999999796e-01 5.188749999999999751e-01 -8.539029999999999676e-01 4.024400000000000199e-02 8.548459999999999948e-01 5.181559999999999500e-01 -2.741199999999999887e-02
1.200000000000000000e+01 4.400000000000000000e+01 8.300000000000000000e+01 0.000000000000000000e+00 1.600000000000000089e+00 -1.826099999999999945e-02 -3.288499999999999757e-02 9.992919999999999581e-01 5.446109999999999562e-01 -8.385029999999999983e-01 -1.764100000000000043e-02 8.384899999999999576e-01 5.439030000000000253e-01 3.322200000000000153e-02
1.800000000000000000e+01 4.400000000000000000e+01 8.300000000000000000e+01 0.000000000000000000e+00 1.600000000000000089e+00 1.802799999999999889e-02 7.226699999999999791e-02 9.972220000000000528e-01 5.553850000000000176e-01 -8.300819999999999865e-01 5.011399999999999882e-02 8.313979999999999704e-01 5.529389999999999583e-01 -5.510000000000000314e-02
