1.500000000000000000e+01 2.500000000000000000e+01 1.000000000000000000e+00 0.000000000000000000e+00 1.600000000000000089e+00 1.621000000000000045e-03 -2.100000000000000087e-04 -9.999989999999999712e-01 -5.172020000000000506e-01 -8.558630000000000404e-01 -6.589999999999999721e-04 -8.558620000000000116e-01 5.172020000000000506e-01 -1.495999999999999934e-03
2.000000000000000000e+00 1.500000000000000000e+01 4.000000000000000000e+00 0.000000000000000000e+00 1.600000000000000089e+00 1.783000000000000080e-03 -2.149999999999999947e-04 9.999980000000000535e-01 3.118920000000000026e-01 -9.501169999999999893e-01 -7.600000000000000418e-04 9.501159999999999606e-01 3.118929999999999758e-01 -1.626999999999999974e-03
9.000000000000000000e+00 1.500000000000000000e+01 4.000000000000000000e+00 0.000000000000000000e+00 1.600000000000000089e+00 2.008999999999999935e-03 -4.499999999999999660e-03 9.999879999999999880e-01 3.109439999999999982e-01 -9.504160000000000386e-01 -4.902000000000000107e-03 9.504259999999999931e-01 3.109500000000000042e-01 -5.100000000000000366e-04
1.300000000000000000e+01 1.500000000000000000e+01 4.000000000000000000e+00 0.000000000000000000e+00 1.600000000000000089e+00 1.214999999999999934e-03 -1.039999999999999936e-04 9.999989999999999712e-01 3.106320000000000192e-01 -9.505299999999999860e-01 -4.760000000000000234e-04 9.505299999999999860e-01 3.106320000000000192e-01 -1.121999999999999950e-03
2.000000000000000000e+01 1.500000000000000000e+01 4.000000000000000000e+00 0.000000000000000000e+00 1.600000000000000089e+00 -3.099999999999999999e-04 6.151000000000000217e-03 9.999810000000000088e-01 3.133889999999999731e-01 -9.496059999999999501e-01 5.937999999999999702e-03 9.496250000000000524e-01 3.133850000000000247e-01 -1.632999999999999903e-03
2.700000000000000000e+01 1.500000000000000000e+01 4.000000000000000000e+00 0.000000000000000000e+00 1.600000000000000089e+00 -1.665000000000000030e-03 -1.016899999999999922e-02 9.999470000000000303e-01 3.156459999999999821e-01 -9.488330000000000375e-01 -9.124000000000000166e-03 9.488760000000000527e-01 3.156140000000000057e-01 4.788999999999999854e-03
2.900000000000000000e+01 1.500000000000000000e+01 4.000000000000000000e+00 0.000000000000000000e+00 1.600000000000000089e+00 -1.459999999999999981e-04 -1.178900000000000087e-02 9.999310000000000143e-01 3.164290000000000158e-01 -9.485510000000000330e-01 -1.113699999999999933e-02 9.486160000000000148e-01 3.164060000000000206e-01 3.869000000000000043e-03
1.000000000000000000e+00 1.010000000000000000e+02 7.000000000000000000e+00 0.000000000000000000e+00 1.600000000000000089e+00 -3.812999999999999983e-03 1.508999999999999925e-03 9.999919999999999920e-01 8.911860000000000337e-01 4.536290000000000044e-01 2.713000000000000134e-03 -4.536209999999999964e-01 8.911890000000000089e-01 -3.073999999999999910e-03
1.900000000000000000e+01 1.010000000000000000e+02 7.000000000000000000e+00 0.000000000000000000e+00 1.600000000000000089e+00 4.479999999999999933e-04 -2.039999999999999984e-04 1.000000000000000000e+00 8.863189999999999680e-01 4.630750000000000144e-01 -3.020000000000000223e-04 -4.630750000000000144e-01 8.863189999999999680e-01 3.879999999999999985e-04
2.300000000000000000e+01 1.010000000000000000e+02 7.000000000000000000e+00 0.000000000000000000e+00 1.600000000000000089e+00 3.583999999999999946e-03 8.748000000000000567e-03 9.999550000000000383e-01 8.876979999999999871e-01 4.603700000000000014e-01 -7.209000000000000130e-03 -4.604119999999999879e-01 8.876840000000000286e-01 -6.114999999999999776e-03
2.700000000000000000e+01 1.010000000000000000e+02 7.000000000000000000e+00 0.000000000000000000e+00 1.600000000000000089e+00 1.240999999999999916e-03 -6.801999999999999887e-03 9.999759999999999760e-01 8.885779999999999790e-01 4.587209999999999899e-01 2.017999999999999829e-03 -4.587240000000000206e-01 8.885539999999999550e-01 6.612999999999999955e-03
3.000000000000000000e+01 1.010000000000000000e+02 7.000000000000000000e+00 0.000000000000000000e+00 1.600000000000000089e+00 -2.380000000000000117e-04 -1.389600000000000037e-02 9.999029999999999863e-01 8.891250000000000542e-01 4.576169999999999960e-01 6.570999999999999584e-03 -4.576640000000000152e-01 8.890409999999999702e-01 1.224699999999999921e-02
1.000000000000000000e+00 2.500000000000000000e+01 8.000000000000000000e+00 0.000000000000000000e+00 1.600000000000000089e+00 7.569999999999999689e-04 -8.509999999999999769e-04 -9.999989999999999712e-01 4.436229999999999896e-01 8.962130000000000374e-01 -4.270000000000000249e-04 8.962130000000000374e-01 -4.436229999999999896e-01 1.056000000000000081e-03
8.000000000000000000e+00 2.500000000000000000e+01 8.000000000000000000e+00 0.000000000000000000e+00 1.600000000000000089e+00 1.810000000000000085e-04 -2.236000000000000140e-03 -9.999970000000000248e-01 4.451680000000000081e-01 8.954450000000000465e-01 -1.920999999999999965e-03 8.954469999999999930e-01 -4.451660000000000061e-01 1.157999999999999958e-03
1.100000000000000000e+01 2.500000000000000000e+01 8.000000000000000000e+00 0.000000000000000000e+00 1.600000000000000089e+00 -4.859999999999999954e-04 -7.477000000000000139e-03 -9.999719999999999720e-01 4.471640000000000059e-01 8.944260000000000543e-01 -6.904999999999999680e-03 8.944520000000000248e-01 -4.471539999999999959e-01 2.909000000000000127e-03
1.500000000000000000e+01 2.500000000000000000e+01 8.000000000000000000e+00 0.000000000000000000e+00 1.600000000000000089e+00 -2.099999999999999870e-03 -5.506999999999999743e-03 -9.999829999999999552e-01 4.481550000000000256e-01 8.939369999999999816e-01 -5.864000000000000289e-03 8.939540000000000264e-01 -4.481589999999999741e-01 5.910000000000000539e-04
1.900000000000000000e+01 2.500000000000000000e+01 8.000000000000000000e+00 0.000000000000000000e+00 1.600000000000000089e+00 -1.502999999999999996e-03 -6.499999999999999702e-04 -9.999989999999999712e-01 4.490879999999999872e-01 8.934870000000000312e-01 -1.255999999999999955e-03 8.934860000000000024e-01 -4.490890000000000160e-01 -1.051000000000000068e-03
2.800000000000000000e+01 2.500000000000000000e+01 8.000000000000000000e+00 0.000000000000000000e+00 1.600000000000000089e+00 -2.730000000000000222e-04 -3.661000000000000192e-03 -9.999930000000000208e-01 4.488130000000000175e-01 8.936190000000000522e-01 -3.393999999999999882e-03 8.936260000000000314e-01 -4.488099999999999867e-01 1.399000000000000070e-03
4.000000000000000000e+00 2.400000000000000000e+01 9.000000000000000000e+00 0.000000000000000000e+00 1.600000000000000089e+00 1.910000000000000077e-04 2.040000000000000147e-03 -9.999980000000000535e-01 4.487659999999999982e-01 8.936469999999999692e-01 1.909000000000000107e-03 8.936490000000000267e-01 -4.487659999999999982e-01 -7.450000000000000025e-04
8.000000000000000000e+00 2.400000000000000000e+01 9.000000000000000000e+00 0.000000000000000000e+00 1.600000000000000089e+00 -2.420000000000000005e-04 -2.876000000000000084e-03 -9.999959999999999960e-01 4.507669999999999733e-01 8.926380000000000425e-01 -2.675999999999999993e-03 8.926420000000000465e-01 -4.507660000000000000e-01 1.080000000000000014e-03
1.100000000000000000e+01 2.400000000000000000e+01 9.000000000000000000e+00 0.000000000000000000e+00 1.600000000000000089e+00 -6.999999999999999929e-04 -7.706000000000000176e-03 -9.999700000000000255e-01 4.526160000000000183e-01 8.916770000000000529e-01 -7.189000000000000078e-03 8.917049999999999699e-01 -4.526069999999999816e-01 2.863999999999999792e-03
1.500000000000000000e+01 2.400000000000000000e+01 9.000000000000000000e+00 0.000000000000000000e+00 1.600000000000000089e+00 -1.760000000000000063e-03 -4.196000000000000077e-03 -9.999900000000000455e-01 4.536410000000000164e-01 8.911729999999999929e-01 -4.538000000000000367e-03 8.911829999999999474e-01 -4.536439999999999917e-01 3.350000000000000113e-04
2.000000000000000000e+01 2.400000000000000000e+01 9.000000000000000000e+00 0.000000000000000000e+00 1.600000000000000089e+00 -1.299000000000000024e-03 3.435999999999999818e-03 -9.999930000000000208e-01 4.548139999999999961e-01 8.905830000000000135e-01 2.469999999999999973e-03 8.905849999999999600e-01 -4.548079999999999901e-01 -2.720000000000000195e-03
2.800000000000000000e+01 2.400000000000000000e+01 9.000000000000000000e+00 0.000000000000000000e+00 1.600000000000000089e+00 -3.100000000000000135e-05 -4.127999999999999725e-03 -9.999909999999999632e-01 4.531020000000000048e-01 8.914509999999999934e-01 -3.693999999999999801e-03 8.914590000000000014e-01 -4.530989999999999740e-01 1.843000000000000020e-03
1.700000000000000000e+01 3.100000000000000000e+01 1.200000000000000000e+01 0.000000000000000000e+00 1.600000000000000089e+00 1.900000000000000105e-04 -2.651999999999999844e-03 9.999959999999999960e-01 -7.050000000000000060e-04 9.999959999999999960e-01 2.651999999999999844e-03 -1.000000000000000000e+00 -7.050000000000000060e-04 1.890000000000000133e-04
1.200000000000000000e+01 3.200000000000000000e+01 1.400000000000000000e+01 0.000000000000000000e+00 1.600000000000000089e+00 1.990000000000000124e-04 -3.499999999999999693e-05 -1.000000000000000000e+00 1.084350000000000036e-01 9.941029999999999589e-01 -1.299999999999999920e-05 9.941029999999999589e-01 -1.084350000000000036e-01 2.020000000000000040e-04
2.300000000000000000e+01 3.200000000000000000e+01 1.400000000000000000e+01 0.000000000000000000e+00 1.600000000000000089e+00 1.520000000000000084e-04 4.294000000000000074e-03 -9.999909999999999632e-01 1.063140000000000057e-01 9.943229999999999569e-01 4.285999999999999879e-03 9.943330000000000224e-01 -1.063140000000000057e-01 -3.049999999999999868e-04
5.000000000000000000e+00 1.200000000000000000e+01 1.500000000000000000e+01 0.000000000000000000e+00 1.600000000000000089e+00 -1.003999999999999901e-03 -8.826999999999999777e-03 -9.999609999999999888e-01 -4.656089999999999951e-01 -8.849519999999999609e-01 8.278999999999999901e-03 -8.849900000000000544e-01 4.655989999999999851e-01 -3.222000000000000038e-03
9.000000000000000000e+00 1.200000000000000000e+01 1.500000000000000000e+01 0.000000000000000000e+00 1.600000000000000089e+00 -2.079000000000000119e-03 -5.834999999999999909e-03 -9.999810000000000088e-01 -4.671529999999999849e-01 -8.841560000000000530e-01 6.131000000000000165e-03 -8.841740000000000155e-01 4.671560000000000157e-01 -8.869999999999999846e-04
1.200000000000000000e+01 1.200000000000000000e+01 1.500000000000000000e+01 0.000000000000000000e+00 1.600000000000000089e+00 -1.203999999999999992e-03 3.280000000000000038e-04 -9.999989999999999712e-01 -4.707540000000000058e-01 -8.822649999999999659e-01 2.770000000000000110e-04 -8.822640000000000482e-01 4.707540000000000058e-01 1.216000000000000067e-03
1.600000000000000000e+01 1.200000000000000000e+01 1.500000000000000000e+01 0.000000000000000000e+00 1.600000000000000089e+00 -6.819999999999999890e-04 -2.455000000000000151e-03 -9.999970000000000248e-01 -4.724160000000000026e-01 -8.813720000000000443e-01 2.485999999999999929e-03 -8.813760000000000483e-01 4.724160000000000026e-01 -5.590000000000000351e-04
2.000000000000000000e+00 1.160000000000000000e+02 1.600000000000000000e+01 0.000000000000000000e+00 1.600000000000000089e+00 9.009999999999999997e-04 1.681999999999999901e-03 9.999980000000000535e-01 6.858060000000000267e-01 7.277820000000000400e-01 -1.842000000000000104e-03 -7.277829999999999577e-01 6.858070000000000555e-01 -4.979999999999999618e-04
1.800000000000000000e+01 1.160000000000000000e+02 1.600000000000000000e+01 0.000000000000000000e+00 1.600000000000000089e+00 4.879999999999999898e-04 2.416000000000000179e-03 9.999970000000000248e-01 6.948490000000000499e-01 7.191530000000000422e-01 -2.076999999999999853e-03 -7.191560000000000175e-01 6.948469999999999924e-01 -1.327000000000000055e-03
1.300000000000000000e+01 2.000000000000000000e+00 1.900000000000000000e+01 0.000000000000000000e+00 1.600000000000000089e+00 7.439999999999999782e-04 1.933999999999999955e-03 -9.999980000000000535e-01 1.901919999999999999e-01 -9.817449999999999788e-01 -1.757000000000000098e-03 -9.817470000000000363e-01 -1.901899999999999979e-01 -1.098000000000000018e-03
2.000000000000000000e+01 2.000000000000000000e+00 1.900000000000000000e+01 0.000000000000000000e+00 1.600000000000000089e+00 1.988000000000000184e-03 5.550000000000000462e-04 -9.999980000000000535e-01 1.910640000000000116e-01 -9.815779999999999506e-01 -1.649999999999999991e-04 -9.815760000000000041e-01 -1.910630000000000106e-01 -2.057999999999999934e-03
2.400000000000000000e+01 2.000000000000000000e+00 1.900000000000000000e+01 0.000000000000000000e+00 1.600000000000000089e+00 -7.889999999999999878e-04 -1.222999999999999912e-03 -9.999989999999999712e-01 1.926660000000000039e-01 -9.812640000000000251e-01 1.048000000000000103e-03 -9.812640000000000251e-01 -1.926650000000000029e-01 1.010000000000000047e-03
2.600000000000000000e+01 4.000000000000000000e+00 2.000000000000000000e+01 0.000000000000000000e+00 1.600000000000000089e+00 -2.988999999999999903e-03 -1.982999999999999954e-03 -9.999940000000000495e-01 3.052420000000000133e-01 -9.522739999999999538e-01 9.759999999999999796e-04 -9.522699999999999498e-01 -3.052369999999999806e-01 3.452000000000000207e-03
8.000000000000000000e+00 1.300000000000000000e+01 2.000000000000000000e+01 0.000000000000000000e+00 1.600000000000000089e+00 -1.310000000000000129e-04 -3.020999999999999814e-03 9.999949999999999672e-01 2.600390000000000201e-01 9.655939999999999523e-01 2.951000000000000064e-03 -9.655979999999999563e-01 2.600379999999999914e-01 6.589999999999999721e-04
1.400000000000000000e+01 1.300000000000000000e+01 2.000000000000000000e+01 0.000000000000000000e+00 1.600000000000000089e+00 -5.419999999999999471e-04 -3.527999999999999886e-03 9.999940000000000495e-01 2.609239999999999893e-01 9.653530000000000166e-01 3.546999999999999806e-03 -9.653589999999999671e-01 2.609250000000000180e-01 3.970000000000000005e-04
1.600000000000000000e+01 1.300000000000000000e+01 2.000000000000000000e+01 0.000000000000000000e+00 1.600000000000000089e+00 2.220000000000000022e-04 -1.098999999999999934e-03 9.999989999999999712e-01 2.608210000000000250e-01 9.653869999999999951e-01 1.002999999999999985e-03 -9.653869999999999951e-01 2.608210000000000250e-01 5.010000000000000347e-04
2.100000000000000000e+01 1.300000000000000000e+01 2.000000000000000000e+01 0.000000000000000000e+00 1.600000000000000089e+00 3.339999999999999870e-04 5.869999999999999567e-04 1.000000000000000000e+00 2.596609999999999752e-01 9.657000000000000028e-01 -6.539999999999999590e-04 -9.657000000000000028e-01 2.596609999999999752e-01 1.700000000000000122e-04
2.600000000000000000e+01 1.300000000000000000e+01 2.000000000000000000e+01 0.000000000000000000e+00 1.600000000000000089e+00 3.379999999999999758e-04 -1.789999999999999925e-03 9.999980000000000535e-01 2.581720000000000126e-01 9.660980000000000123e-01 1.642000000000000013e-03 -9.660990000000000411e-01 2.581709999999999838e-01 7.889999999999999878e-04
2.900000000000000000e+01 1.300000000000000000e+01 2.000000000000000000e+01 0.000000000000000000e+00 1.600000000000000089e+00 -1.191999999999999917e-03 -1.366000000000000027e-03 9.999980000000000535e-01 2.575339999999999852e-01 9.662680000000000158e-01 1.626999999999999974e-03 -9.662690000000000445e-01 2.575350000000000139e-01 -8.000000000000000383e-04
1.000000000000000000e+00 3.000000000000000000e+00 2.500000000000000000e+01 0.000000000000000000e+00 1.600000000000000089e+00 3.459999999999999968e-03 4.106000000000000275e-03 9.999860000000000415e-01 -4.333300000000000346e-02 -9.990520000000000511e-01 4.251999999999999703e-03 9.990550000000000264e-01 -4.334699999999999664e-02 -3.278999999999999797e-03
5.000000000000000000e+00 3.000000000000000000e+00 2.500000000000000000e+01 0.000000000000000000e+00 1.600000000000000089e+00 3.069000000000000113e-03 5.899999999999999754e-05 9.999949999999999672e-01 -4.887099999999999778e-02 -9.988050000000000539e-01 2.090000000000000115e-04 9.988000000000000211e-01 -4.887099999999999778e-02 -3.063000000000000184e-03
9.000000000000000000e+00 3.000000000000000000e+00 2.500000000000000000e+01 0.000000000000000000e+00 1.600000000000000089e+00 4.499999999999999877e-04 -4.240999999999999978e-03 9.999909999999999632e-01 -5.465300000000000019e-02 -9.984969999999999679e-01 -4.210000000000000200e-03 9.985049999999999759e-01 -5.465099999999999819e-02 -6.809999999999999647e-04
1.300000000000000000e+01 3.000000000000000000e+00 2.500000000000000000e+01 0.000000000000000000e+00 1.600000000000000089e+00 -8.850000000000000444e-04 2.639999999999999986e-03 9.999959999999999960e-01 -5.757999999999999924e-02 -9.983379999999999477e-01 2.583999999999999925e-03 9.983400000000000052e-01 -5.757700000000000318e-02 1.034999999999999896e-03
1.800000000000000000e+01 3.000000000000000000e+00 2.500000000000000000e+01 0.000000000000000000e+00 1.600000000000000089e+00 1.051999999999999984e-03 5.472000000000000301e-03 9.999850000000000128e-01 -5.866299999999999987e-02 -9.982630000000000114e-01 5.524000000000000264e-03 9.982769999999999699e-01 -5.866799999999999793e-02 -7.290000000000000473e-04
2.600000000000000000e+01 3.000000000000000000e+00 2.500000000000000000e+01 0.000000000000000000e+00 1.600000000000000089e+00 -5.899999999999999754e-05 -9.640000000000000131e-04 1.000000000000000000e+00 -6.924399999999999999e-02 -9.975990000000000135e-01 -9.650000000000000374e-04 9.976000000000000423e-01 -6.924399999999999999e-02 -7.999999999999999638e-06
3.000000000000000000e+00 4.600000000000000000e+01 2.700000000000000000e+01 0.000000000000000000e+00 1.600000000000000089e+00 -4.560000000000000251e-04 -1.374999999999999920e-03 -9.999989999999999712e-01 6.771549999999999514e-01 7.358390000000000208e-01 -1.320999999999999909e-03 7.358400000000000496e-01 -6.771549999999999514e-01 5.959999999999999586e-04
1.300000000000000000e+01 4.600000000000000000e+01 2.700000000000000000e+01 0.000000000000000000e+00 1.600000000000000089e+00 -4.369999999999999970e-04 -5.100000000000000366e-04 -1.000000000000000000e+00 6.787549999999999972e-01 7.343640000000000168e-01 -6.710000000000000469e-04 7.343640000000000168e-01 -6.787560000000000260e-01 2.500000000000000120e-05
1.700000000000000000e+01 4.600000000000000000e+01 2.700000000000000000e+01 0.000000000000000000e+00 1.600000000000000089e+00 8.149999999999999693e-04 4.000000000000000327e-05 -1.000000000000000000e+00 6.782040000000000290e-01 7.348740000000000272e-01 5.829999999999999679e-04 7.348729999999999984e-01 -6.782040000000000290e-01 5.720000000000000258e-04
2.100000000000000000e+01 4.600000000000000000e+01 2.700000000000000000e+01 0.000000000000000000e+00 1.600000000000000089e+00 1.263000000000000017e-03 -5.450000000000000200e-04 -9.999989999999999712e-01 6.784949999999999593e-01 7.346049999999999525e-01 4.569999999999999952e-04 7.346040000000000347e-01 -6.784949999999999593e-01 1.297999999999999892e-03
7.000000000000000000e+00 4.600000000000000000e+01 3.000000000000000000e+01 0.000000000000000000e+00 1.600000000000000089e+00 1.129999999999999955e-04 -9.529999999999999626e-04 -1.000000000000000000e+00 3.315100000000000269e-01 9.434510000000000396e-01 -8.610000000000000032e-04 9.434519999999999573e-01 -3.315089999999999981e-01 4.229999999999999819e-04
2.000000000000000000e+00 5.800000000000000000e+01 3.100000000000000000e+01 0.000000000000000000e+00 1.600000000000000089e+00 3.150000000000000131e-04 -2.049000000000000040e-03 9.999980000000000535e-01 -8.092570000000000041e-01 -5.874530000000000030e-01 -9.489999999999999738e-04 5.874540000000000317e-01 -8.092549999999999466e-01 -1.843000000000000020e-03
7.000000000000000000e+00 5.800000000000000000e+01 3.100000000000000000e+01 0.000000000000000000e+00 1.600000000000000089e+00 -2.500000000000000052e-03 -1.085000000000000027e-03 9.999959999999999960e-01 -8.091420000000000279e-01 -5.876059999999999617e-01 -2.661000000000000171e-03 5.876069999999999904e-01 -8.091460000000000319e-01 5.919999999999999698e-04
1.100000000000000000e+01 5.800000000000000000e+01 3.100000000000000000e+01 0.000000000000000000e+00 1.600000000000000089e+00 -2.638000000000000154e-03 -8.289999999999999843e-04 9.999959999999999960e-01 -8.102209999999999690e-01 -5.861189999999999456e-01 -2.622999999999999898e-03 5.861189999999999456e-01 -8.102249999999999730e-01 8.739999999999999939e-04
1.500000000000000000e+01 5.800000000000000000e+01 3.100000000000000000e+01 0.000000000000000000e+00 1.600000000000000089e+00 6.380000000000000037e-04 -3.039000000000000035e-03 9.999949999999999672e-01 -8.102190000000000225e-01 -5.861269999999999536e-01 -1.263999999999999933e-03 5.861279999999999824e-01 -8.102139999999999898e-01 -2.835999999999999979e-03
1.900000000000000000e+01 5.800000000000000000e+01 3.100000000000000000e+01 0.000000000000000000e+00 1.600000000000000089e+00 -2.015999999999999997e-03 -4.310000000000000137e-04 9.999980000000000535e-01 -8.101800000000000113e-01 -5.861779999999999768e-01 -1.886000000000000090e-03 5.861779999999999768e-01 -8.101819999999999578e-01 8.329999999999999731e-04
2.600000000000000000e+01 5.800000000000000000e+01 3.100000000000000000e+01 0.000000000000000000e+00 1.600000000000000089e+00 -1.201000000000000028e-03 7.919999999999999523e-04 9.999989999999999712e-01 -8.109509999999999774e-01 -5.851140000000000230e-01 -5.109999999999999525e-04 5.851129999999999942e-01 -8.109509999999999774e-01 1.345000000000000058e-03
8.000000000000000000e+00 4.600000000000000000e+01 3.500000000000000000e+01 0.000000000000000000e+00 1.600000000000000089e+00 -4.809999999999999823e-04 -2.469999999999999973e-03 -9.999970000000000248e-01 3.902470000000000105e-01 -9.207079999999999709e-01 2.086999999999999880e-03 -9.207100000000000284e-01 -3.902450000000000085e-01 1.407000000000000048e-03
1.400000000000000000e+01 4.600000000000000000e+01 3.500000000000000000e+01 0.000000000000000000e+00 1.600000000000000089e+00 1.369999999999999961e-04 1.958000000000000105e-03 -9.999980000000000535e-01 3.922539999999999916e-01 -9.198549999999999782e-01 -1.747999999999999988e-03 -9.198570000000000357e-01 -3.922530000000000183e-01 -8.940000000000000464e-04
2.000000000000000000e+01 4.600000000000000000e+01 3.500000000000000000e+01 0.000000000000000000e+00 1.600000000000000089e+00 -5.270000000000000162e-04 -8.980000000000000352e-04 -1.000000000000000000e+00 3.923459999999999726e-01 -9.198180000000000245e-01 6.199999999999999999e-04 -9.198180000000000245e-01 -3.923449999999999993e-01 8.369999999999999619e-04
2.600000000000000000e+01 4.600000000000000000e+01 3.500000000000000000e+01 0.000000000000000000e+00 1.600000000000000089e+00 7.159999999999999481e-04 -8.200000000000000095e-05 -1.000000000000000000e+00 3.911370000000000124e-01 -9.203320000000000389e-01 3.550000000000000096e-04 -9.203320000000000389e-01 -3.911370000000000124e-01 -6.269999999999999532e-04
1.500000000000000000e+01 9.500000000000000000e+01 3.600000000000000000e+01 0.000000000000000000e+00 1.600000000000000089e+00 -8.109999999999999154e-03 -1.446000000000000020e-03 9.999660000000000215e-01 9.970750000000000446e-01 7.599499999999999311e-02 8.196000000000000160e-03 -7.600400000000000211e-02 9.971069999999999656e-01 8.260000000000000198e-04
2.100000000000000000e+01 9.500000000000000000e+01 3.600000000000000000e+01 0.000000000000000000e+00 1.600000000000000089e+00 1.994000000000000113e-03 -2.053400000000000017e-02 9.997869999999999813e-01 9.969799999999999773e-01 7.765800000000000480e-02 -3.930000000000000117e-04 -7.763299999999999368e-02 9.967690000000000161e-01 2.062699999999999950e-02
1.000000000000000000e+00 3.000000000000000000e+00 4.300000000000000000e+01 0.000000000000000000e+00 1.600000000000000089e+00 -4.141999999999999849e-03 5.329999999999999669e-03 -9.999770000000000048e-01 7.334159999999999568e-01 -6.797469999999999901e-01 -6.662000000000000387e-03 -6.797670000000000101e-01 -7.334270000000000511e-01 -1.093999999999999920e-03
8.000000000000000000e+00 3.000000000000000000e+00 4.300000000000000000e+01 0.000000000000000000e+00 1.600000000000000089e+00 2.480000000000000000e-03 -1.529299999999999930e-02 -9.998799999999999910e-01 7.319449999999999568e-01 -6.812529999999999974e-01 1.223499999999999935e-02 -6.813590000000000479e-01 -7.318879999999999830e-01 9.504000000000000295e-03
1.100000000000000000e+01 3.000000000000000000e+00 4.300000000000000000e+01 0.000000000000000000e+00 1.600000000000000089e+00 4.600000000000000004e-05 -8.038000000000000006e-03 -9.999679999999999680e-01 7.353990000000000249e-01 -6.776119999999999921e-01 5.480999999999999761e-03 -6.776339999999999586e-01 -7.353760000000000296e-01 5.879999999999999810e-03
1.500000000000000000e+01 3.000000000000000000e+00 4.300000000000000000e+01 0.000000000000000000e+00 1.600000000000000089e+00 -1.861000000000000024e-03 1.104400000000000000e-02 -9.999369999999999647e-01 7.352520000000000167e-01 -6.777360000000000051e-01 -8.854000000000000759e-03 -6.777910000000000323e-01 -7.352220000000000422e-01 -6.858999999999999646e-03
1.700000000000000000e+01 3.000000000000000000e+00 4.300000000000000000e+01 0.000000000000000000e+00 1.600000000000000089e+00 -4.260000000000000006e-04 7.656999999999999744e-03 -9.999710000000000543e-01 7.364319999999999755e-01 -6.764890000000000070e-01 -5.493999999999999752e-03 -6.765109999999999735e-01 -7.364129999999999843e-01 -5.350999999999999854e-03
2.200000000000000000e+01 3.000000000000000000e+00 4.300000000000000000e+01 0.000000000000000000e+00 1.600000000000000089e+00 1.428999999999999932e-03 2.229999999999999994e-04 -9.999989999999999712e-01 7.398719999999999741e-01 -6.727469999999999839e-01 9.079999999999999530e-04 -6.727459999999999551e-01 -7.398730000000000029e-01 -1.126000000000000048e-03
2.500000000000000000e+01 3.000000000000000000e+00 4.300000000000000000e+01 0.000000000000000000e+00 1.600000000000000089e+00 1.440000000000000036e-04 -3.327000000000000096e-03 -9.999940000000000495e-01 7.416279999999999539e-01 -6.708079999999999599e-01 2.338999999999999933e-03 -6.708119999999999639e-01 -7.416239999999999499e-01 2.370000000000000145e-03
2.000000000000000000e+00 2.900000000000000000e+01 4.400000000000000000e+01 0.000000000000000000e+00 1.600000000000000089e+00 2.618000000000000101e-03 5.509000000000000008e-03 -9.999810000000000088e-01 6.649979999999999780e-01 7.468219999999999859e-01 5.854999999999999961e-03 7.468409999999999771e-01 -6.650009999999999533e-01 -1.708000000000000100e-03
8.000000000000000000e+00 2.900000000000000000e+01 4.400000000000000000e+01 0.000000000000000000e+00 1.600000000000000089e+00 -2.530000000000000239e-04 -3.899999999999999929e-04 -1.000000000000000000e+00 6.678290000000000060e-01 7.443149999999999489e-01 -4.589999999999999896e-04 7.443149999999999489e-01 -6.678290000000000060e-01 7.200000000000000182e-05
1.400000000000000000e+01 2.900000000000000000e+01 4.400000000000000000e+01 0.000000000000000000e+00 1.600000000000000089e+00 2.484999999999999796e-03 -2.753999999999999938e-03 -9.999930000000000208e-01 6.752820000000000489e-01 7.375589999999999646e-01 -3.530000000000000152e-04 7.375549999999999606e-01 -6.752770000000000161e-01 3.693000000000000102e-03
1.700000000000000000e+01 2.900000000000000000e+01 4.400000000000000000e+01 0.000000000000000000e+00 1.600000000000000089e+00 1.252999999999999991e-03 -3.938999999999999793e-03 -9.999909999999999632e-01 6.719019999999999992e-01 7.406369999999999898e-01 -2.075000000000000022e-03 7.406390000000000473e-01 -6.718939999999999912e-01 3.573999999999999920e-03
2.300000000000000000e+01 2.900000000000000000e+01 4.400000000000000000e+01 0.000000000000000000e+00 1.600000000000000089e+00 -9.430000000000000448e-04 -5.098000000000000101e-03 -9.999869999999999592e-01 6.665360000000000174e-01 7.454600000000000115e-01 -4.428999999999999777e-03 7.454720000000000235e-01 -6.665309999999999846e-01 2.694999999999999913e-03
2.600000000000000000e+01 2.900000000000000000e+01 4.400000000000000000e+01 0.000000000000000000e+00 1.600000000000000089e+00 -3.049999999999999868e-04 -5.690999999999999878e-03 -9.999839999999999840e-01 6.640390000000000459e-01 7.476850000000000440e-01 -4.458000000000000157e-03 7.476979999999999738e-01 -6.640300000000000091e-01 3.550999999999999903e-03
3.000000000000000000e+01 6.500000000000000000e+01 4.600000000000000000e+01 0.000000000000000000e+00 1.600000000000000089e+00 1.969999999999999963e-03 -2.301999999999999793e-03 9.999949999999999672e-01 6.805379999999999763e-01 -7.327059999999999684e-01 -3.027999999999999876e-03 7.327099999999999724e-01 6.805409999999999515e-01 1.230000000000000082e-04
1.000000000000000000e+00 5.000000000000000000e+00 5.100000000000000000e+01 0.000000000000000000e+00 1.600000000000000089e+00 -1.368999999999999991e-03 6.283000000000000390e-03 -9.999789999999999512e-01 4.835749999999999771e-01 -8.752809999999999757e-01 -6.160999999999999810e-03 -8.753020000000000245e-01 -4.835729999999999751e-01 -1.840000000000000056e-03
1.100000000000000000e+01 5.000000000000000000e+00 5.100000000000000000e+01 0.000000000000000000e+00 1.600000000000000089e+00 -1.108999999999999960e-03 -2.533999999999999794e-03 -9.999959999999999960e-01 4.835820000000000118e-01 -8.752980000000000205e-01 1.681999999999999901e-03 -8.752990000000000492e-01 -4.835780000000000078e-01 2.196000000000000035e-03
1.900000000000000000e+01 5.000000000000000000e+00 5.100000000000000000e+01 0.000000000000000000e+00 1.600000000000000089e+00 7.519999999999999558e-04 1.090000000000000040e-03 -9.999989999999999712e-01 4.862819999999999920e-01 -8.738019999999999676e-01 -5.869999999999999567e-04 -8.738019999999999676e-01 -4.862810000000000188e-01 -1.188000000000000037e-03
2.400000000000000000e+01 5.000000000000000000e+00 5.100000000000000000e+01 0.000000000000000000e+00 1.600000000000000089e+00 -4.020000000000000136e-04 -3.600000000000000227e-04 -1.000000000000000000e+00 4.829370000000000052e-01 -8.756549999999999612e-01 1.210000000000000002e-04 -8.756549999999999612e-01 -4.829370000000000052e-01 5.259999999999999919e-04
4.000000000000000000e+00 6.000000000000000000e+00 5.100000000000000000e+01 0.000000000000000000e+00 1.600000000000000089e+00 7.879999999999999635e-04 1.080000000000000014e-03 -9.999989999999999712e-01 3.184690000000000021e-01 -9.479330000000000256e-01 -7.730000000000000326e-04 -9.479330000000000256e-01 -3.184679999999999733e-01 -1.090000000000000040e-03
6.000000000000000000e+00 1.600000000000000000e+01 5.200000000000000000e+01 0.000000000000000000e+00 1.600000000000000089e+00 -1.747800000000000048e-02 -1.736800000000000149e-02 -9.996960000000000290e-01 7.806579999999999631e-01 6.244790000000000063e-01 -2.449700000000000141e-02 6.247139999999999915e-01 -7.808490000000000153e-01 2.644000000000000083e-03
8.000000000000000000e+00 1.600000000000000000e+01 5.200000000000000000e+01 0.000000000000000000e+00 1.600000000000000089e+00 -1.551699999999999954e-02 -2.331899999999999945e-02 -9.996080000000000521e-01 7.902989999999999737e-01 6.121450000000000502e-01 -2.654799999999999868e-02 6.125239999999999574e-01 -7.904010000000000202e-01 8.930999999999999703e-03
7.000000000000000000e+00 6.300000000000000000e+01 5.400000000000000000e+01 0.000000000000000000e+00 1.600000000000000089e+00 -4.690000000000000158e-04 -1.779999999999999898e-03 9.999980000000000535e-01 -3.479019999999999890e-01 9.375299999999999745e-01 1.505999999999999960e-03 -9.375310000000000032e-01 -3.479010000000000158e-01 -1.059000000000000045e-03
1.200000000000000000e+01 6.300000000000000000e+01 5.400000000000000000e+01 0.000000000000000000e+00 1.600000000000000089e+00 1.123000000000000083e-03 -4.510000000000000120e-04 9.999989999999999712e-01 -3.416620000000000212e-01 9.398229999999999640e-01 8.080000000000000160e-04 -9.398220000000000462e-01 -3.416620000000000212e-01 9.009999999999999997e-04
1.700000000000000000e+01 6.300000000000000000e+01 5.400000000000000000e+01 0.000000000000000000e+00 1.600000000000000089e+00 2.349999999999999930e-04 4.820000000000000066e-04 1.000000000000000000e+00 -3.456830000000000180e-01 9.383510000000000462e-01 -3.710000000000000190e-04 -9.383510000000000462e-01 -3.456830000000000180e-01 3.869999999999999742e-04
2.200000000000000000e+01 6.300000000000000000e+01 5.400000000000000000e+01 0.000000000000000000e+00 1.600000000000000089e+00 -4.169999999999999987e-04 1.492999999999999969e-03 9.999989999999999712e-01 -3.486159999999999815e-01 9.372650000000000148e-01 -1.544999999999999932e-03 -9.372660000000000435e-01 -3.486159999999999815e-01 1.299999999999999886e-04
1.500000000000000000e+01 2.500000000000000000e+01 5.500000000000000000e+01 0.000000000000000000e+00 1.600000000000000089e+00 1.240999999999999916e-03 2.066999999999999827e-03 -9.999970000000000248e-01 -8.661000000000000296e-03 -9.999599999999999600e-01 -2.077999999999999986e-03 -9.999620000000000175e-01 8.663999999999999826e-03 -1.222999999999999912e-03
1.300000000000000000e+01 6.800000000000000000e+01 5.700000000000000000e+01 0.000000000000000000e+00 1.600000000000000089e+00 6.040000000000000447e-04 3.627000000000000016e-03 -9.999930000000000208e-01 -2.426560000000000106e-01 -9.701060000000000239e-01 -3.664999999999999855e-03 -9.701119999999999743e-01 2.426560000000000106e-01 2.939999999999999905e-04
1.900000000000000000e+01 2.000000000000000000e+01 6.000000000000000000e+01 0.000000000000000000e+00 1.600000000000000089e+00 8.711999999999999258e-03 -1.754199999999999857e-02 9.998080000000000300e-01 -6.167500000000000066e-02 9.979329999999999590e-01 1.804700000000000054e-02 -9.980580000000000007e-01 -6.182100000000000095e-02 7.611999999999999843e-03
2.800000000000000000e+01 2.000000000000000000e+01 6.000000000000000000e+01 0.000000000000000000e+00 1.600000000000000089e+00 -4.204000000000000271e-03 6.859999999999999779e-04 9.999909999999999632e-01 -4.687100000000000294e-02 9.989010000000000389e-01 -8.819999999999999715e-04 -9.988920000000000021e-01 -4.687399999999999900e-02 -4.167999999999999830e-03
6.000000000000000000e+00 2.100000000000000000e+01 6.000000000000000000e+01 0.000000000000000000e+00 1.600000000000000089e+00 -3.001000000000000195e-03 -2.665999999999999967e-03 9.999919999999999920e-01 -9.660000000000000531e-02 9.953199999999999825e-01 2.364000000000000216e-03 -9.953189999999999538e-01 -9.659299999999999831e-02 -3.245000000000000055e-03
2.700000000000000000e+01 2.100000000000000000e+01 6.000000000000000000e+01 0.000000000000000000e+00 1.600000000000000089e+00 -2.292000000000000200e-03 -4.939999999999999730e-04 9.999970000000000248e-01 -8.781100000000000017e-02 9.961370000000000502e-01 2.910000000000000260e-04 -9.961349999999999927e-01 -8.780999999999999917e-02 -2.327000000000000075e-03
1.100000000000000000e+01 6.000000000000000000e+00 6.100000000000000000e+01 0.000000000000000000e+00 1.600000000000000089e+00 2.877999999999999916e-03 -6.568000000000000053e-03 9.999740000000000295e-01 5.688739999999999908e-01 -8.223949999999999871e-01 -7.039000000000000118e-03 8.224200000000000399e-01 5.688790000000000235e-01 1.368999999999999991e-03
1.900000000000000000e+01 3.000000000000000000e+00 6.300000000000000000e+01 0.000000000000000000e+00 1.600000000000000089e+00 1.270999999999999994e-03 -2.003000000000000006e-03 9.999970000000000248e-01 -6.167550000000000532e-01 7.871519999999999628e-01 2.360999999999999818e-03 -7.871540000000000203e-01 -6.167559999999999709e-01 -2.349999999999999930e-04
6.000000000000000000e+00 2.700000000000000000e+01 6.300000000000000000e+01 0.000000000000000000e+00 1.600000000000000089e+00 -2.348999999999999960e-03 -4.218000000000000395e-03 9.999879999999999880e-01 -2.708329999999999904e-01 9.626200000000000312e-01 3.423999999999999960e-03 -9.626240000000000352e-01 -2.708220000000000072e-01 -3.403999999999999908e-03
1.000000000000000000e+01 2.700000000000000000e+01 6.300000000000000000e+01 0.000000000000000000e+00 1.600000000000000089e+00 -3.229999999999999907e-04 -5.869999999999999567e-04 1.000000000000000000e+00 -2.737169999999999881e-01 9.618100000000000538e-01 4.769999999999999934e-04 -9.618100000000000538e-01 -2.737169999999999881e-01 -4.710000000000000102e-04
1.600000000000000000e+01 2.700000000000000000e+01 6.300000000000000000e+01 0.000000000000000000e+00 1.600000000000000089e+00 -3.759999999999999779e-04 7.086000000000000285e-03 9.999749999999999472e-01 -2.704239999999999977e-01 9.627170000000000449e-01 -6.923999999999999599e-03 -9.627409999999999579e-01 -2.704190000000000205e-01 1.554000000000000043e-03
2.300000000000000000e+01 2.700000000000000000e+01 6.300000000000000000e+01 0.000000000000000000e+00 1.600000000000000089e+00 6.054000000000000353e-03 1.170999999999999949e-03 9.999810000000000088e-01 -2.846060000000000256e-01 9.586440000000000516e-01 5.999999999999999474e-04 -9.586249999999999494e-01 -2.846040000000000236e-01 6.137000000000000094e-03
2.600000000000000000e+01 2.700000000000000000e+01 6.300000000000000000e+01 0.000000000000000000e+00 1.600000000000000089e+00 4.237999999999999580e-03 3.284000000000000027e-03 9.999860000000000415e-01 -2.889470000000000094e-01 9.573430000000000550e-01 -1.918999999999999916e-03 -9.573359999999999648e-01 -2.889349999999999974e-01 5.006000000000000033e-03
1.000000000000000000e+00 2.600000000000000000e+01 6.400000000000000000e+01 0.000000000000000000e+00 1.600000000000000089e+00 -6.960000000000000041e-04 7.330000000000000361e-04 9.999989999999999712e-01 -3.534909999999999997e-01 9.354369999999999630e-01 -9.319999999999999942e-04 -9.354379999999999917e-01 -3.534919999999999729e-01 -3.919999999999999873e-04
6.000000000000000000e+00 2.600000000000000000e+01 6.400000000000000000e+01 0.000000000000000000e+00 1.600000000000000089e+00 -1.801000000000000083e-03 -3.477000000000000056e-03 9.999919999999999920e-01 -3.548180000000000223e-01 9.349319999999999853e-01 2.611000000000000040e-03 -9.349340000000000428e-01 -3.548109999999999875e-01 -2.918000000000000021e-03
1.100000000000000000e+01 2.600000000000000000e+01 6.400000000000000000e+01 0.000000000000000000e+00 1.600000000000000089e+00 3.750000000000000078e-04 1.003999999999999901e-03 9.999989999999999712e-01 -3.573549999999999782e-01 9.339680000000000204e-01 -8.040000000000000271e-04 -9.339690000000000492e-01 -3.573540000000000050e-01 7.089999999999999948e-04
1.500000000000000000e+01 2.600000000000000000e+01 6.400000000000000000e+01 0.000000000000000000e+00 1.600000000000000089e+00 -8.180000000000000422e-04 6.963999999999999704e-03 9.999749999999999472e-01 -3.533419999999999894e-01 9.354689999999999950e-01 -6.804000000000000152e-03 -9.354940000000000477e-01 -3.533390000000000142e-01 1.694999999999999892e-03
2.600000000000000000e+01 2.600000000000000000e+01 6.400000000000000000e+01 0.000000000000000000e+00 1.600000000000000089e+00 6.602000000000000229e-03 8.439000000000000321e-03 9.999430000000000263e-01 -3.784109999999999974e-01 9.256219999999999448e-01 -5.313000000000000014e-03 -9.256140000000000478e-01 -3.783549999999999969e-01 9.303999999999999770e-03
2.600000000000000000e+01 6.900000000000000000e+01 6.600000000000000000e+01 0.000000000000000000e+00 1.600000000000000089e+00 -3.599000000000000202e-03 4.218000000000000395e-03 9.999850000000000128e-01 -9.492180000000000062e-01 3.145830000000000015e-01 -4.742999999999999820e-03 -3.145979999999999888e-01 -9.492209999999999814e-01 2.871999999999999987e-03
1.200000000000000000e+01 3.100000000000000000e+01 7.100000000000000000e+01 0.000000000000000000e+00 1.600000000000000089e+00 -1.330000000000000019e-03 2.345999999999999995e-03 -9.999959999999999960e-01 -7.213389999999999525e-01 -6.925820000000000309e-01 -6.660000000000000338e-04 -6.925810000000000022e-01 7.213349999999999485e-01 2.612999999999999871e-03
5.000000000000000000e+00 2.500000000000000000e+01 7.300000000000000000e+01 0.000000000000000000e+00 1.600000000000000089e+00 -1.077000000000000049e-03 4.095999999999999815e-03 9.999909999999999632e-01 7.434969999999999635e-01 -6.687300000000000466e-01 3.540000000000000178e-03 6.687380000000000546e-01 7.434939999999999882e-01 -2.324999999999999810e-03
