2.000000000000000000e+00 1.500000000000000000e+01 4.000000000000000000e+00 0.000000000000000000e+00 1.600000000000000089e+00 -1.858000000000000059e-03 -5.869999999999999567e-04 9.999980000000000535e-01 2.883149999999999880e-01 -9.575360000000000538e-01 -2.599999999999999840e-05 9.575339999999999963e-01 2.883140000000000147e-01 1.948000000000000079e-03
5.000000000000000000e+00 1.500000000000000000e+01 4.000000000000000000e+00 0.000000000000000000e+00 1.600000000000000089e+00 7.820000000000000345e-04 1.551999999999999994e-03 9.999980000000000535e-01 2.908720000000000194e-01 -9.567609999999999726e-01 1.257000000000000088e-03 9.567620000000000013e-01 2.908709999999999907e-01 -1.199999999999999895e-03
1.400000000000000000e+01 1.500000000000000000e+01 4.000000000000000000e+00 0.000000000000000000e+00 1.600000000000000089e+00 1.459999999999999926e-03 -9.117999999999999369e-03 9.999569999999999848e-01 2.998890000000000167e-01 -9.539299999999999446e-01 -9.136000000000000024e-03 9.539729999999999599e-01 2.998899999999999899e-01 1.340999999999999961e-03
1.900000000000000000e+01 1.500000000000000000e+01 4.000000000000000000e+00 0.000000000000000000e+00 1.600000000000000089e+00 -1.423999999999999919e-03 -1.652500000000000149e-02 9.998620000000000285e-01 2.913799999999999724e-01 -9.564840000000000009e-01 -1.539300000000000043e-02 9.566059999999999564e-01 2.913180000000000214e-01 6.177000000000000199e-03
2.300000000000000000e+01 1.500000000000000000e+01 4.000000000000000000e+00 0.000000000000000000e+00 1.600000000000000089e+00 -2.245000000000000034e-03 -1.603100000000000011e-02 9.998690000000000078e-01 2.817230000000000012e-01 -9.593819999999999570e-01 -1.474999999999999922e-02 9.594930000000000403e-01 2.816529999999999867e-01 6.669999999999999714e-03
6.000000000000000000e+00 1.600000000000000000e+01 4.000000000000000000e+00 0.000000000000000000e+00 1.600000000000000089e+00 2.804000000000000069e-03 5.215000000000000017e-03 9.999820000000000375e-01 3.567710000000000048e-01 -9.341840000000000144e-01 3.870999999999999875e-03 9.341880000000000184e-01 3.567540000000000155e-01 -4.479999999999999608e-03
1.000000000000000000e+01 1.010000000000000000e+02 7.000000000000000000e+00 0.000000000000000000e+00 1.600000000000000089e+00 -4.388000000000000407e-03 -1.911699999999999858e-02 9.998080000000000300e-01 8.858610000000000095e-01 4.637760000000000216e-01 1.275599999999999998e-02 -4.639309999999999823e-01 8.857460000000000333e-01 1.490000000000000005e-02
1.900000000000000000e+01 1.010000000000000000e+02 7.000000000000000000e+00 0.000000000000000000e+00 1.600000000000000089e+00 1.379999999999999933e-03 1.835600000000000079e-02 9.998310000000000253e-01 8.856190000000000451e-01 4.643090000000000273e-01 -9.747000000000000455e-03 -4.644099999999999895e-01 8.854830000000000201e-01 -1.561500000000000041e-02
3.000000000000000000e+00 1.500000000000000000e+01 8.000000000000000000e+00 0.000000000000000000e+00 1.600000000000000089e+00 -1.752000000000000085e-03 -4.643999999999999691e-03 -9.999879999999999880e-01 -5.826839999999999797e-01 -8.126849999999999907e-01 4.794999999999999783e-03 -8.126970000000000027e-01 5.826850000000000085e-01 -1.281999999999999936e-03
6.000000000000000000e+00 1.500000000000000000e+01 8.000000000000000000e+00 0.000000000000000000e+00 1.600000000000000089e+00 -3.200999999999999852e-03 -1.887000000000000005e-03 -9.999930000000000208e-01 -5.831039999999999557e-01 -8.123899999999999455e-01 3.399999999999999811e-03 -8.123909999999999743e-01 5.831110000000000460e-01 1.500000000000000031e-03
1.000000000000000000e+01 1.500000000000000000e+01 8.000000000000000000e+00 0.000000000000000000e+00 1.600000000000000089e+00 -3.628999999999999847e-03 2.007999999999999802e-03 -9.999909999999999632e-01 -5.839710000000000178e-01 -8.117739999999999956e-01 4.889999999999999599e-04 -8.117659999999999876e-01 5.839680000000000426e-01 4.118000000000000133e-03
2.100000000000000000e+01 1.500000000000000000e+01 8.000000000000000000e+00 0.000000000000000000e+00 1.600000000000000089e+00 -2.098000000000000038e-03 -1.167100000000000082e-02 -9.999299999999999855e-01 -5.875609999999999999e-01 -8.091089999999999671e-01 1.067700000000000073e-02 -8.091770000000000351e-01 5.875420000000000087e-01 -5.159999999999999656e-03
2.900000000000000000e+01 1.500000000000000000e+01 8.000000000000000000e+00 0.000000000000000000e+00 1.600000000000000089e+00 -3.595000000000000105e-03 -1.176899999999999995e-02 -9.999240000000000350e-01 -5.888200000000000101e-01 -8.081810000000000382e-01 1.162900000000000045e-02 -8.082570000000000032e-01 5.888170000000000348e-01 -4.023999999999999799e-03
6.000000000000000000e+00 2.600000000000000000e+01 8.000000000000000000e+00 0.000000000000000000e+00 1.600000000000000089e+00 1.814999999999999990e-03 6.426000000000000288e-03 -9.999780000000000335e-01 4.070259999999999989e-01 9.133919999999999817e-01 6.608000000000000158e-03 9.134149999999999769e-01 -4.070289999999999742e-01 -9.569999999999999514e-04
1.300000000000000000e+01 2.600000000000000000e+01 8.000000000000000000e+00 0.000000000000000000e+00 1.600000000000000089e+00 1.572999999999999962e-03 4.910999999999999567e-03 -9.999869999999999592e-01 4.059360000000000190e-01 9.138870000000000049e-01 5.126000000000000348e-03 9.139000000000000457e-01 -4.059389999999999943e-01 -5.559999999999999621e-04
2.600000000000000000e+01 2.600000000000000000e+01 8.000000000000000000e+00 0.000000000000000000e+00 1.600000000000000089e+00 3.857999999999999884e-03 1.012300000000000005e-02 -9.999409999999999688e-01 4.022120000000000140e-01 9.154820000000000180e-01 1.081999999999999976e-02 9.155379999999999630e-01 -4.022310000000000052e-01 -5.400000000000000069e-04
5.000000000000000000e+00 2.400000000000000000e+01 9.000000000000000000e+00 0.000000000000000000e+00 1.600000000000000089e+00 1.698999999999999989e-03 9.931999999999999856e-03 -9.999489999999999768e-01 4.622580000000000022e-01 8.866939999999999822e-01 9.591999999999999832e-03 8.867439999999999767e-01 -4.622510000000000230e-01 -3.085000000000000069e-03
8.000000000000000000e+00 2.400000000000000000e+01 9.000000000000000000e+00 0.000000000000000000e+00 1.600000000000000089e+00 2.150000000000000001e-03 8.260999999999999246e-03 -9.999639999999999640e-01 4.626160000000000272e-01 8.865199999999999747e-01 8.319000000000000006e-03 8.865560000000000107e-01 -4.626170000000000004e-01 -1.915999999999999951e-03
1.400000000000000000e+01 2.400000000000000000e+01 9.000000000000000000e+00 0.000000000000000000e+00 1.600000000000000089e+00 1.691000000000000012e-03 3.076999999999999874e-03 -9.999940000000000495e-01 4.619210000000000260e-01 8.869139999999999802e-01 3.510000000000000099e-03 8.869190000000000129e-01 -4.619240000000000013e-01 7.799999999999999859e-05
2.300000000000000000e+01 2.400000000000000000e+01 9.000000000000000000e+00 0.000000000000000000e+00 1.600000000000000089e+00 2.419000000000000143e-03 3.895000000000000025e-03 -9.999900000000000455e-01 4.598929999999999962e-01 8.879629999999999468e-01 4.571000000000000410e-03 8.879709999999999548e-01 -4.598990000000000022e-01 3.570000000000000040e-04
1.100000000000000000e+01 4.000000000000000000e+00 1.100000000000000000e+01 0.000000000000000000e+00 1.600000000000000089e+00 1.172000000000000082e-03 2.112999999999999948e-02 -9.997759999999999980e-01 2.247170000000000001e-01 9.742009999999999836e-01 2.085300000000000001e-02 9.744230000000000391e-01 -2.246910000000000018e-01 -3.606999999999999963e-03
1.500000000000000000e+01 4.000000000000000000e+00 1.100000000000000000e+01 0.000000000000000000e+00 1.600000000000000089e+00 1.015999999999999976e-03 6.858999999999999646e-03 -9.999759999999999760e-01 2.214800000000000102e-01 9.751410000000000355e-01 6.914000000000000007e-03 9.751640000000000308e-01 -2.214810000000000112e-01 -5.289999999999999564e-04
1.800000000000000000e+01 4.000000000000000000e+00 1.100000000000000000e+01 0.000000000000000000e+00 1.600000000000000089e+00 3.820000000000000153e-04 -1.407000000000000048e-03 -9.999989999999999712e-01 2.196200000000000097e-01 9.755850000000000355e-01 -1.288999999999999998e-03 9.755850000000000355e-01 -2.196190000000000087e-01 6.819999999999999890e-04
1.700000000000000000e+01 3.100000000000000000e+01 1.200000000000000000e+01 0.000000000000000000e+00 1.600000000000000089e+00 -8.980000000000000352e-04 9.039999999999999642e-04 9.999989999999999712e-01 -2.052700000000000011e-02 9.997890000000000388e-01 -9.219999999999999680e-04 -9.997890000000000388e-01 -2.052800000000000111e-02 -8.790000000000000070e-04
2.800000000000000000e+01 3.100000000000000000e+01 1.200000000000000000e+01 0.000000000000000000e+00 1.600000000000000089e+00 -6.700000000000000226e-04 2.462000000000000213e-03 9.999970000000000248e-01 -2.515600000000000128e-02 9.996800000000000130e-01 -2.478000000000000168e-03 -9.996829999999999883e-01 -2.515799999999999981e-02 -6.080000000000000335e-04
1.300000000000000000e+01 3.200000000000000000e+01 1.400000000000000000e+01 0.000000000000000000e+00 1.600000000000000089e+00 -1.183000000000000024e-03 1.002000000000000069e-03 -9.999989999999999712e-01 1.106749999999999956e-01 9.938559999999999617e-01 8.649999999999999920e-04 9.938559999999999617e-01 -1.106739999999999946e-01 -1.286999999999999950e-03
2.100000000000000000e+01 3.200000000000000000e+01 1.400000000000000000e+01 0.000000000000000000e+00 1.600000000000000089e+00 1.100000000000000039e-04 -4.054999999999999577e-03 -9.999919999999999920e-01 1.179230000000000000e-01 9.930149999999999810e-01 -4.014000000000000207e-03 9.930229999999999890e-01 -1.179209999999999980e-01 5.879999999999999810e-04
2.400000000000000000e+01 3.200000000000000000e+01 1.400000000000000000e+01 0.000000000000000000e+00 1.600000000000000089e+00 2.769000000000000194e-03 -2.008999999999999935e-03 -9.999940000000000495e-01 1.189029999999999948e-01 9.929040000000000088e-01 -1.665000000000000030e-03 9.929019999999999513e-01 -1.188980000000000037e-01 2.988000000000000204e-03
3.000000000000000000e+00 1.200000000000000000e+01 1.500000000000000000e+01 0.000000000000000000e+00 1.600000000000000089e+00 4.209999999999999875e-04 -2.269999999999999882e-03 -9.999970000000000248e-01 -4.696549999999999891e-01 -8.828479999999999661e-01 1.806000000000000097e-03 -8.828500000000000236e-01 4.696529999999999871e-01 -1.438000000000000042e-03
7.000000000000000000e+00 1.200000000000000000e+01 1.500000000000000000e+01 0.000000000000000000e+00 1.600000000000000089e+00 -1.080999999999999930e-03 -3.742999999999999799e-03 -9.999919999999999920e-01 -4.724300000000000166e-01 -8.813600000000000323e-01 3.808999999999999886e-03 -8.813680000000000403e-01 4.724300000000000166e-01 -8.149999999999999693e-04
1.500000000000000000e+01 1.200000000000000000e+01 1.500000000000000000e+01 0.000000000000000000e+00 1.600000000000000089e+00 -1.118999999999999986e-03 -1.149000000000000065e-03 -9.999989999999999712e-01 -4.712660000000000182e-01 -8.819900000000000517e-01 1.541000000000000052e-03 -8.819900000000000517e-01 4.712680000000000202e-01 4.449999999999999746e-04
2.100000000000000000e+01 1.200000000000000000e+01 1.500000000000000000e+01 0.000000000000000000e+00 1.600000000000000089e+00 2.970000000000000092e-04 -6.549999999999999833e-04 -1.000000000000000000e+00 -4.716670000000000029e-01 -8.817770000000000330e-01 4.369999999999999970e-04 -8.817770000000000330e-01 4.716659999999999742e-01 -5.710000000000000015e-04
2.400000000000000000e+01 1.200000000000000000e+01 1.500000000000000000e+01 0.000000000000000000e+00 1.600000000000000089e+00 -1.049999999999999935e-03 -8.399999999999999535e-05 -9.999989999999999712e-01 -4.723939999999999806e-01 -8.813870000000000315e-01 5.699999999999999772e-04 -8.813870000000000315e-01 4.723939999999999806e-01 8.859999999999999603e-04
3.000000000000000000e+01 1.200000000000000000e+01 1.500000000000000000e+01 0.000000000000000000e+00 1.600000000000000089e+00 -2.994000000000000133e-03 -2.426999999999999904e-03 -9.999930000000000208e-01 -4.728220000000000200e-01 -8.811510000000000176e-01 3.553999999999999868e-03 -8.811529999999999641e-01 4.728289999999999993e-01 1.490000000000000005e-03
3.000000000000000000e+01 1.100000000000000000e+01 1.600000000000000000e+01 0.000000000000000000e+00 1.600000000000000089e+00 -2.488999999999999893e-03 -2.850999999999999802e-03 -9.999930000000000208e-01 -4.206219999999999959e-01 -9.072289999999999521e-01 3.632999999999999945e-03 -9.072329999999999561e-01 4.206280000000000019e-01 1.059000000000000045e-03
9.000000000000000000e+00 1.160000000000000000e+02 1.600000000000000000e+01 0.000000000000000000e+00 1.600000000000000089e+00 -1.350000000000000071e-03 -1.178999999999999927e-03 9.999980000000000535e-01 6.491019999999999568e-01 7.607000000000000428e-01 1.773999999999999969e-03 -7.607009999999999605e-01 6.491029999999999855e-01 -2.620000000000000258e-04
1.800000000000000000e+01 1.160000000000000000e+02 1.600000000000000000e+01 0.000000000000000000e+00 1.600000000000000089e+00 9.700000000000000505e-04 -4.366000000000000089e-03 9.999900000000000455e-01 6.645469999999999988e-01 7.472419999999999618e-01 2.618000000000000101e-03 -7.472459999999999658e-01 6.645379999999999621e-01 3.627000000000000016e-03
2.800000000000000000e+01 1.160000000000000000e+02 1.600000000000000000e+01 0.000000000000000000e+00 1.600000000000000089e+00 -2.301000000000000094e-03 8.429999999999999993e-04 9.999970000000000248e-01 6.774909999999999544e-01 7.355300000000000171e-01 9.389999999999999476e-04 -7.355279999999999596e-01 6.774909999999999544e-01 -2.262999999999999821e-03
5.000000000000000000e+00 2.000000000000000000e+00 1.900000000000000000e+01 0.000000000000000000e+00 1.600000000000000089e+00 3.393999999999999882e-03 -6.178000000000000332e-03 -9.999749999999999472e-01 2.091850000000000098e-01 -9.778529999999999722e-01 6.751000000000000056e-03 -9.778700000000000170e-01 -2.092030000000000001e-01 -2.027000000000000156e-03
1.100000000000000000e+01 2.000000000000000000e+00 1.900000000000000000e+01 0.000000000000000000e+00 1.600000000000000089e+00 4.917999999999999629e-03 -6.209000000000000109e-03 -9.999689999999999968e-01 2.084399999999999864e-01 -9.780100000000000460e-01 7.098000000000000143e-03 -9.780229999999999757e-01 -2.084679999999999866e-01 -3.516000000000000028e-03
1.400000000000000000e+01 2.000000000000000000e+00 1.900000000000000000e+01 0.000000000000000000e+00 1.600000000000000089e+00 7.540000000000000044e-04 -5.070999999999999987e-03 -9.999869999999999592e-01 2.093019999999999881e-01 -9.778379999999999850e-01 5.117000000000000021e-03 -9.778510000000000257e-01 -2.093029999999999891e-01 3.240000000000000150e-04
2.300000000000000000e+01 2.000000000000000000e+00 1.900000000000000000e+01 0.000000000000000000e+00 1.600000000000000089e+00 -1.340000000000000045e-04 -1.768999999999999956e-03 -9.999980000000000535e-01 2.109580000000000066e-01 -9.774939999999999740e-01 1.701000000000000038e-03 -9.774950000000000028e-01 -2.109570000000000056e-01 5.039999999999999992e-04
2.700000000000000000e+01 2.000000000000000000e+00 1.900000000000000000e+01 0.000000000000000000e+00 1.600000000000000089e+00 2.100000000000000087e-04 -3.439000000000000216e-03 -9.999940000000000495e-01 2.142070000000000085e-01 -9.767820000000000391e-01 3.403999999999999908e-03 -9.767879999999999896e-01 -2.142060000000000075e-01 5.310000000000000050e-04
4.000000000000000000e+00 4.000000000000000000e+00 2.000000000000000000e+01 0.000000000000000000e+00 1.600000000000000089e+00 6.350000000000000392e-04 -6.000000000000000152e-06 -1.000000000000000000e+00 2.902580000000000160e-01 -9.569480000000000208e-01 1.900000000000000105e-04 -9.569480000000000208e-01 -2.902580000000000160e-01 -6.059999999999999849e-04
5.000000000000000000e+00 1.300000000000000000e+01 2.000000000000000000e+01 0.000000000000000000e+00 1.600000000000000089e+00 2.999999999999999737e-04 -2.699999999999999899e-05 1.000000000000000000e+00 2.571180000000000132e-01 9.663800000000000168e-01 -5.099999999999999960e-05 -9.663800000000000168e-01 2.571180000000000132e-01 2.959999999999999849e-04
1.300000000000000000e+01 1.300000000000000000e+01 2.000000000000000000e+01 0.000000000000000000e+00 1.600000000000000089e+00 5.490000000000000088e-04 1.620000000000000075e-04 1.000000000000000000e+00 2.562869999999999870e-01 9.666010000000000435e-01 -2.979999999999999793e-04 -9.666010000000000435e-01 2.562869999999999870e-01 4.889999999999999599e-04
1.700000000000000000e+01 1.300000000000000000e+01 2.000000000000000000e+01 0.000000000000000000e+00 1.600000000000000089e+00 -1.575000000000000011e-03 -4.342999999999999639e-03 9.999890000000000168e-01 2.576550000000000229e-01 9.662260000000000293e-01 4.602000000000000188e-03 -9.662359999999999838e-01 2.576590000000000269e-01 -4.029999999999999837e-04
2.400000000000000000e+01 1.300000000000000000e+01 2.000000000000000000e+01 0.000000000000000000e+00 1.600000000000000089e+00 1.019999999999999992e-04 8.600000000000000331e-05 1.000000000000000000e+00 2.590069999999999872e-01 9.658750000000000391e-01 -1.100000000000000039e-04 -9.658750000000000391e-01 2.590069999999999872e-01 7.600000000000000418e-05
2.800000000000000000e+01 1.300000000000000000e+01 2.000000000000000000e+01 0.000000000000000000e+00 1.600000000000000089e+00 -4.889999999999999599e-04 1.551999999999999994e-03 9.999989999999999712e-01 2.603630000000000111e-01 9.655099999999999794e-01 -1.371000000000000040e-03 -9.655110000000000081e-01 2.603619999999999823e-01 -8.769999999999999584e-04
1.600000000000000000e+01 1.600000000000000000e+01 2.100000000000000000e+01 0.000000000000000000e+00 1.600000000000000089e+00 -8.689999999999999808e-04 -4.452000000000000228e-03 9.999900000000000455e-01 3.007659999999999778e-01 9.536869999999999514e-01 4.507999999999999854e-03 -9.536980000000000457e-01 3.007659999999999778e-01 5.100000000000000366e-04
2.100000000000000000e+01 1.600000000000000000e+01 2.100000000000000000e+01 0.000000000000000000e+00 1.600000000000000089e+00 -6.390000000000000280e-04 -2.631000000000000092e-03 9.999959999999999960e-01 3.019669999999999854e-01 9.533150000000000235e-01 2.701999999999999975e-03 -9.533179999999999987e-01 3.019669999999999854e-01 1.859999999999999945e-04
3.000000000000000000e+00 4.600000000000000000e+01 2.700000000000000000e+01 0.000000000000000000e+00 1.600000000000000089e+00 2.612999999999999871e-03 -3.150000000000000131e-04 -9.999970000000000248e-01 6.575140000000000429e-01 7.534399999999999986e-01 1.480999999999999895e-03 7.534370000000000234e-01 -6.575159999999999894e-01 2.175999999999999983e-03
2.400000000000000000e+01 4.600000000000000000e+01 2.700000000000000000e+01 0.000000000000000000e+00 1.600000000000000089e+00 1.485999999999999908e-03 2.786999999999999981e-03 -9.999949999999999672e-01 6.618370000000000086e-01 7.496420000000000305e-01 3.073000000000000211e-03 7.496460000000000345e-01 -6.618380000000000374e-01 -7.309999999999999875e-04
2.500000000000000000e+01 4.600000000000000000e+01 3.000000000000000000e+01 0.000000000000000000e+00 1.600000000000000089e+00 1.085000000000000027e-03 1.175000000000000046e-03 -9.999989999999999712e-01 3.211300000000000265e-01 9.470340000000000424e-01 1.461000000000000059e-03 9.470340000000000424e-01 -3.211309999999999998e-01 6.509999999999999945e-04
2.900000000000000000e+01 4.600000000000000000e+01 3.000000000000000000e+01 0.000000000000000000e+00 1.600000000000000089e+00 -1.649999999999999991e-04 -2.141999999999999807e-03 -9.999980000000000535e-01 3.166249999999999898e-01 9.485489999999999755e-01 -2.083999999999999915e-03 9.485510000000000330e-01 -3.166240000000000165e-01 5.220000000000000031e-04
5.000000000000000000e+00 5.800000000000000000e+01 3.100000000000000000e+01 0.000000000000000000e+00 1.600000000000000089e+00 -1.497000000000000067e-03 3.105000000000000121e-03 9.999940000000000495e-01 -7.718899999999999650e-01 -6.357559999999999878e-01 8.189999999999999581e-04 6.357549999999999590e-01 -7.718840000000000146e-01 3.347999999999999848e-03
9.000000000000000000e+00 5.800000000000000000e+01 3.100000000000000000e+01 0.000000000000000000e+00 1.600000000000000089e+00 6.271999999999999797e-03 6.731000000000000004e-03 9.999580000000000135e-01 -7.749840000000000062e-01 -6.319150000000000045e-01 9.114000000000000573e-03 6.319489999999999830e-01 -7.750089999999999479e-01 1.252999999999999991e-03
1.100000000000000000e+01 5.800000000000000000e+01 3.100000000000000000e+01 0.000000000000000000e+00 1.600000000000000089e+00 7.067000000000000365e-03 8.514999999999999999e-03 9.999390000000000223e-01 -7.746410000000000240e-01 -6.323079999999999812e-01 1.085900000000000060e-02 6.323609999999999509e-01 -7.746709999999999985e-01 2.128000000000000117e-03
1.900000000000000000e+01 5.800000000000000000e+01 3.100000000000000000e+01 0.000000000000000000e+00 1.600000000000000089e+00 -3.014000000000000186e-03 -6.231999999999999693e-03 9.999759999999999760e-01 -7.757849999999999469e-01 -6.309669999999999446e-01 -6.270999999999999665e-03 6.309909999999999686e-01 -7.757849999999999469e-01 -2.932000000000000144e-03
2.300000000000000000e+01 5.800000000000000000e+01 3.100000000000000000e+01 0.000000000000000000e+00 1.600000000000000089e+00 2.049000000000000040e-03 -4.169999999999999987e-04 9.999980000000000535e-01 -7.767730000000000468e-01 -6.297800000000000065e-01 1.329000000000000103e-03 6.297779999999999490e-01 -7.767739999999999645e-01 -1.613999999999999983e-03
2.000000000000000000e+00 4.600000000000000000e+01 3.500000000000000000e+01 0.000000000000000000e+00 1.600000000000000089e+00 -5.299999999999999807e-04 -4.512999999999999651e-03 -9.999900000000000455e-01 3.848050000000000082e-01 -9.229889999999999484e-01 3.962000000000000244e-03 -9.229979999999999851e-01 -3.847990000000000022e-01 2.226000000000000114e-03
8.000000000000000000e+00 4.600000000000000000e+01 3.500000000000000000e+01 0.000000000000000000e+00 1.600000000000000089e+00 -5.259999999999999919e-04 1.453999999999999997e-03 -9.999989999999999712e-01 3.854330000000000256e-01 -9.227349999999999719e-01 -1.544000000000000017e-03 -9.227360000000000007e-01 -3.854330000000000256e-01 -7.499999999999999343e-05
1.500000000000000000e+01 4.600000000000000000e+01 3.500000000000000000e+01 0.000000000000000000e+00 1.600000000000000089e+00 7.399999999999999894e-04 -2.333000000000000004e-03 -9.999970000000000248e-01 3.853269999999999751e-01 -9.227769999999999584e-01 2.438000000000000063e-03 -9.227800000000000447e-01 -3.853280000000000038e-01 2.159999999999999919e-04
1.800000000000000000e+01 4.600000000000000000e+01 3.500000000000000000e+01 0.000000000000000000e+00 1.600000000000000089e+00 6.130000000000000466e-04 -2.467000000000000009e-03 -9.999970000000000248e-01 3.847289999999999877e-01 -9.230260000000000131e-01 2.513000000000000043e-03 -9.230300000000000171e-01 -3.847289999999999877e-01 3.829999999999999854e-04
2.200000000000000000e+01 4.600000000000000000e+01 3.500000000000000000e+01 0.000000000000000000e+00 1.600000000000000089e+00 -4.399999999999999886e-05 -3.840999999999999796e-03 -9.999930000000000208e-01 3.853690000000000171e-01 -9.227560000000000207e-01 3.527000000000000187e-03 -9.227629999999999999e-01 -3.853659999999999863e-01 1.521000000000000000e-03
2.600000000000000000e+01 4.600000000000000000e+01 3.500000000000000000e+01 0.000000000000000000e+00 1.600000000000000089e+00 3.719999999999999891e-04 -6.265999999999999868e-03 -9.999799999999999800e-01 3.851269999999999971e-01 -9.228450000000000264e-01 5.925999999999999844e-03 -9.228640000000000176e-01 -3.851209999999999911e-01 2.069999999999999792e-03
2.900000000000000000e+01 4.600000000000000000e+01 3.500000000000000000e+01 0.000000000000000000e+00 1.600000000000000089e+00 3.510000000000000208e-04 -3.951999999999999784e-03 -9.999919999999999920e-01 3.842209999999999792e-01 -9.232339999999999991e-01 3.782999999999999904e-03 -9.232409999999999783e-01 -3.842189999999999772e-01 1.193999999999999966e-03
5.000000000000000000e+00 9.500000000000000000e+01 3.600000000000000000e+01 0.000000000000000000e+00 1.600000000000000089e+00 -1.740000000000000010e-04 -1.063599999999999962e-02 9.999430000000000263e-01 9.974720000000000253e-01 7.105999999999999817e-02 9.300000000000000541e-04 -7.106600000000000417e-02 9.974150000000000515e-01 1.059700000000000052e-02
1.200000000000000000e+01 9.500000000000000000e+01 3.600000000000000000e+01 0.000000000000000000e+00 1.600000000000000089e+00 5.730000000000000501e-04 3.500600000000000239e-02 9.993870000000000253e-01 9.980839999999999712e-01 6.180499999999999883e-02 -2.736999999999999850e-03 -6.186300000000000132e-02 9.974739999999999718e-01 -3.490300000000000347e-02
1.900000000000000000e+01 9.500000000000000000e+01 3.600000000000000000e+01 0.000000000000000000e+00 1.600000000000000089e+00 -5.452000000000000249e-03 -1.765900000000000108e-02 9.998289999999999678e-01 9.973400000000000043e-01 7.258199999999999374e-02 6.720000000000000279e-03 -7.268800000000000261e-02 9.972060000000000368e-01 1.721599999999999867e-02
2.400000000000000000e+01 9.500000000000000000e+01 3.600000000000000000e+01 0.000000000000000000e+00 1.600000000000000089e+00 3.566999999999999858e-03 1.529299999999999930e-02 9.998770000000000158e-01 9.975209999999999910e-01 7.022299999999999376e-02 -4.632999999999999965e-03 -7.028500000000000025e-02 9.974140000000000228e-01 -1.500499999999999924e-02
2.900000000000000000e+01 9.500000000000000000e+01 3.600000000000000000e+01 0.000000000000000000e+00 1.600000000000000089e+00 -4.620000000000000083e-04 2.118199999999999944e-02 9.997759999999999980e-01 9.976469999999999505e-01 6.854699999999999682e-02 -9.909999999999999105e-04 -6.855200000000000182e-02 9.974229999999999485e-01 -2.116300000000000125e-02
1.200000000000000000e+01 3.000000000000000000e+00 4.300000000000000000e+01 0.000000000000000000e+00 1.600000000000000089e+00 5.526999999999999795e-03 2.219600000000000045e-02 -9.997380000000000155e-01 7.413840000000000430e-01 -6.709939999999999793e-01 -1.079899999999999957e-02 -6.710580000000000434e-01 -7.411309999999999842e-01 -2.016400000000000137e-02
1.600000000000000000e+01 3.000000000000000000e+00 4.300000000000000000e+01 0.000000000000000000e+00 1.600000000000000089e+00 -8.339999999999999974e-04 1.003700000000000078e-02 -9.999489999999999768e-01 7.410400000000000320e-01 -6.714200000000000168e-01 -7.357999999999999957e-03 -6.714599999999999458e-01 -7.410090000000000288e-01 -6.878000000000000433e-03
2.100000000000000000e+01 3.000000000000000000e+00 4.300000000000000000e+01 0.000000000000000000e+00 1.600000000000000089e+00 -3.429999999999999889e-04 5.619999999999999996e-04 -1.000000000000000000e+00 7.365939999999999710e-01 -6.763350000000000195e-01 -6.329999999999999906e-04 -6.763350000000000195e-01 -7.365939999999999710e-01 -1.820000000000000057e-04
2.400000000000000000e+01 3.000000000000000000e+00 4.300000000000000000e+01 0.000000000000000000e+00 1.600000000000000089e+00 -2.014000000000000165e-03 -4.527999999999999907e-03 -9.999879999999999880e-01 7.347550000000000470e-01 -6.783310000000000173e-01 1.592000000000000099e-03 -6.783299999999999885e-01 -7.347420000000000062e-01 4.693000000000000123e-03
2.900000000000000000e+01 3.000000000000000000e+00 4.300000000000000000e+01 0.000000000000000000e+00 1.600000000000000089e+00 -2.159999999999999919e-04 -1.846999999999999901e-03 -9.999980000000000535e-01 7.372539999999999649e-01 -6.756140000000000478e-01 1.087999999999999991e-03 -6.756149999999999656e-01 -7.372530000000000472e-01 1.507000000000000093e-03
8.000000000000000000e+00 8.000000000000000000e+00 4.400000000000000000e+01 0.000000000000000000e+00 1.600000000000000089e+00 -3.710000000000000190e-03 7.680000000000000195e-04 9.999930000000000208e-01 -7.777180000000000204e-01 -6.286089999999999733e-01 -2.403000000000000188e-03 6.286019999999999941e-01 -7.777209999999999956e-01 2.929000000000000180e-03
1.700000000000000000e+01 8.000000000000000000e+00 4.400000000000000000e+01 0.000000000000000000e+00 1.600000000000000089e+00 3.530000000000000152e-03 9.964999999999999900e-03 9.999440000000000550e-01 -7.792869999999999520e-01 -6.266030000000000211e-01 8.994999999999999524e-03 6.266580000000000483e-01 -7.792750000000000510e-01 5.552999999999999776e-03
4.000000000000000000e+00 2.900000000000000000e+01 4.400000000000000000e+01 0.000000000000000000e+00 1.600000000000000089e+00 2.184999999999999876e-03 2.808000000000000166e-03 -9.999940000000000495e-01 6.813050000000000495e-01 7.319909999999999473e-01 3.543999999999999841e-03 7.319959999999999800e-01 -6.813090000000000535e-01 -3.139999999999999888e-04
7.000000000000000000e+00 2.900000000000000000e+01 4.400000000000000000e+01 0.000000000000000000e+00 1.600000000000000089e+00 2.137000000000000011e-03 4.339999999999999782e-04 -9.999980000000000535e-01 6.807760000000000478e-01 7.324889999999999457e-01 1.773000000000000053e-03 7.324889999999999457e-01 -6.807779999999999943e-01 1.270000000000000078e-03
1.200000000000000000e+01 2.900000000000000000e+01 4.400000000000000000e+01 0.000000000000000000e+00 1.600000000000000089e+00 2.121000000000000055e-03 1.378000000000000102e-03 -9.999970000000000248e-01 6.756929999999999881e-01 7.371790000000000287e-01 2.448999999999999788e-03 7.371799999999999464e-01 -6.756959999999999633e-01 6.319999999999999663e-04
1.600000000000000000e+01 2.900000000000000000e+01 4.400000000000000000e+01 0.000000000000000000e+00 1.600000000000000089e+00 -5.919999999999999698e-04 2.199999999999999943e-05 -1.000000000000000000e+00 6.699140000000000095e-01 7.424389999999999601e-01 -3.800000000000000209e-04 7.424389999999999601e-01 -6.699140000000000095e-01 -4.539999999999999765e-04
2.200000000000000000e+01 2.900000000000000000e+01 4.400000000000000000e+01 0.000000000000000000e+00 1.600000000000000089e+00 -1.649000000000000075e-03 -1.559999999999999972e-04 -9.999989999999999712e-01 6.756429999999999936e-01 7.372279999999999944e-01 -1.229000000000000058e-03 7.372269999999999657e-01 -6.756440000000000223e-01 -1.110000000000000092e-03
2.600000000000000000e+01 2.900000000000000000e+01 4.400000000000000000e+01 0.000000000000000000e+00 1.600000000000000089e+00 -2.272999999999999847e-03 -2.334999999999999836e-03 -9.999949999999999672e-01 6.790340000000000265e-01 7.340989999999999460e-01 -3.258000000000000045e-03 7.341029999999999500e-01 -6.790380000000000305e-01 -8.299999999999999815e-05
2.800000000000000000e+01 5.400000000000000000e+01 4.600000000000000000e+01 0.000000000000000000e+00 1.600000000000000089e+00 5.850000000000000165e-04 -3.524999999999999922e-03 9.999940000000000495e-01 3.282789999999999875e-01 -9.445740000000000247e-01 -3.521999999999999957e-03 9.445810000000000040e-01 3.282789999999999875e-01 6.049999999999999606e-04
2.500000000000000000e+01 7.400000000000000000e+01 4.900000000000000000e+01 0.000000000000000000e+00 1.600000000000000089e+00 -3.276999999999999965e-03 -2.970000000000000092e-04 9.999949999999999672e-01 -9.799099999999999477e-01 1.994140000000000079e-01 -3.151999999999999854e-03 -1.994120000000000059e-01 -9.799149999999999805e-01 -9.449999999999999850e-04
1.000000000000000000e+00 7.000000000000000000e+00 5.200000000000000000e+01 0.000000000000000000e+00 1.600000000000000089e+00 -3.131999999999999802e-03 -6.114999999999999776e-03 -9.999759999999999760e-01 1.351469999999999894e-01 -9.908099999999999685e-01 5.635000000000000252e-03 -9.908209999999999518e-01 -1.351259999999999961e-01 3.929000000000000201e-03
1.300000000000000000e+01 7.000000000000000000e+00 5.200000000000000000e+01 0.000000000000000000e+00 1.600000000000000089e+00 4.722999999999999768e-03 2.831999999999999882e-03 -9.999850000000000128e-01 7.542000000000000093e-02 -9.971489999999999521e-01 -2.468000000000000142e-03 -9.971410000000000551e-01 -7.540700000000000180e-02 -4.923000000000000292e-03
7.000000000000000000e+00 6.300000000000000000e+01 5.400000000000000000e+01 0.000000000000000000e+00 1.600000000000000089e+00 1.389999999999999960e-03 -9.560000000000000355e-04 9.999989999999999712e-01 -3.484539999999999860e-01 9.373249999999999638e-01 1.379999999999999933e-03 -9.373249999999999638e-01 -3.484550000000000147e-01 9.700000000000000505e-04
1.600000000000000000e+01 6.300000000000000000e+01 5.400000000000000000e+01 0.000000000000000000e+00 1.600000000000000089e+00 1.686999999999999915e-03 -5.389999999999999826e-04 9.999980000000000535e-01 -3.497560000000000113e-01 9.368400000000000061e-01 1.095000000000000053e-03 -9.368389999999999773e-01 -3.497580000000000133e-01 1.392000000000000008e-03
2.100000000000000000e+01 6.300000000000000000e+01 5.400000000000000000e+01 0.000000000000000000e+00 1.600000000000000089e+00 -5.069999999999999637e-04 -2.418000000000000010e-03 9.999970000000000248e-01 -3.567969999999999753e-01 9.341800000000000104e-01 2.077999999999999986e-03 -9.341819999999999569e-01 -3.567949999999999733e-01 -1.335999999999999948e-03
2.900000000000000000e+01 6.300000000000000000e+01 5.400000000000000000e+01 0.000000000000000000e+00 1.600000000000000089e+00 7.010000000000000172e-04 3.445999999999999844e-03 9.999940000000000495e-01 -3.545019999999999838e-01 9.350509999999999655e-01 -2.974000000000000081e-03 -9.350549999999999695e-01 -3.544970000000000065e-01 1.876999999999999979e-03
6.000000000000000000e+00 2.500000000000000000e+01 5.500000000000000000e+01 0.000000000000000000e+00 1.600000000000000089e+00 -3.159999999999999832e-04 -2.290000000000000098e-04 -1.000000000000000000e+00 -1.098700000000000024e-02 -9.999400000000000510e-01 2.320000000000000014e-04 -9.999400000000000510e-01 1.098700000000000024e-02 3.139999999999999888e-04
1.100000000000000000e+01 2.500000000000000000e+01 5.500000000000000000e+01 0.000000000000000000e+00 1.600000000000000089e+00 -1.335000000000000032e-03 -2.108000000000000065e-03 -9.999970000000000248e-01 -1.235999999999999946e-02 -9.999209999999999487e-01 2.124000000000000020e-03 -9.999230000000000063e-01 1.236300000000000072e-02 1.309000000000000051e-03
2.300000000000000000e+01 2.500000000000000000e+01 5.500000000000000000e+01 0.000000000000000000e+00 1.600000000000000089e+00 1.008999999999999914e-03 -1.263000000000000017e-03 -9.999989999999999712e-01 -1.071599999999999983e-02 -9.999419999999999975e-01 1.252000000000000075e-03 -9.999419999999999975e-01 1.071500000000000057e-02 -1.021999999999999905e-03
2.700000000000000000e+01 6.800000000000000000e+01 5.700000000000000000e+01 0.000000000000000000e+00 1.600000000000000089e+00 2.201999999999999964e-03 -2.942999999999999870e-03 -9.999930000000000208e-01 -2.438670000000000004e-01 -9.698059999999999459e-01 2.317000000000000049e-03 -9.698059999999999459e-01 2.438599999999999934e-01 -2.853000000000000067e-03
1.400000000000000000e+01 5.800000000000000000e+01 5.900000000000000000e+01 0.000000000000000000e+00 1.600000000000000089e+00 1.840000000000000056e-03 4.421999999999999716e-03 -9.999879999999999880e-01 3.931529999999999747e-01 9.194609999999999728e-01 4.788999999999999854e-03 9.194710000000000383e-01 -3.931569999999999787e-01 -4.600000000000000004e-05
2.000000000000000000e+00 2.100000000000000000e+01 6.000000000000000000e+01 0.000000000000000000e+00 1.600000000000000089e+00 1.083999999999999894e-03 -6.551000000000000399e-03 9.999780000000000335e-01 -9.322199999999999931e-02 9.956230000000000357e-01 6.623999999999999680e-03 -9.956450000000000022e-01 -9.322700000000000431e-02 4.690000000000000158e-04
6.000000000000000000e+00 2.100000000000000000e+01 6.000000000000000000e+01 0.000000000000000000e+00 1.600000000000000089e+00 2.112999999999999861e-03 4.771000000000000067e-03 9.999860000000000415e-01 -9.598900000000000488e-02 9.953720000000000345e-01 -4.545999999999999694e-03 -9.953800000000000425e-01 -9.597799999999999387e-02 2.560999999999999908e-03
1.800000000000000000e+01 2.100000000000000000e+01 6.000000000000000000e+01 0.000000000000000000e+00 1.600000000000000089e+00 1.679999999999999907e-04 1.593000000000000015e-03 9.999989999999999712e-01 -9.636599999999999333e-02 9.953450000000000353e-01 -1.569000000000000082e-03 -9.953459999999999530e-01 -9.636500000000000621e-02 3.209999999999999963e-04
2.200000000000000000e+01 2.100000000000000000e+01 6.000000000000000000e+01 0.000000000000000000e+00 1.600000000000000089e+00 -1.190000000000000085e-03 7.609999999999999577e-04 9.999989999999999712e-01 -9.502299999999999636e-02 9.954749999999999988e-01 -8.710000000000000294e-04 -9.954739999999999700e-01 -9.502399999999999736e-02 -1.111999999999999924e-03
2.900000000000000000e+01 2.100000000000000000e+01 6.000000000000000000e+01 0.000000000000000000e+00 1.600000000000000089e+00 -5.000000000000000240e-05 -4.913999999999999965e-03 9.999879999999999880e-01 -9.504200000000000148e-02 9.954610000000000403e-01 4.886999999999999851e-03 -9.954730000000000523e-01 -9.504100000000000048e-02 -5.169999999999999899e-04
1.700000000000000000e+01 6.000000000000000000e+00 6.100000000000000000e+01 0.000000000000000000e+00 1.600000000000000089e+00 -6.960000000000000041e-04 9.659999999999999533e-04 9.999989999999999712e-01 5.604219999999999757e-01 -8.282059999999999977e-01 1.190000000000000085e-03 8.282070000000000265e-01 5.604230000000000045e-01 3.499999999999999693e-05
7.000000000000000000e+00 3.000000000000000000e+00 6.300000000000000000e+01 0.000000000000000000e+00 1.600000000000000089e+00 -2.955000000000000161e-03 1.761999999999999894e-03 9.999940000000000495e-01 -6.124650000000000372e-01 7.904910000000000547e-01 -3.201999999999999985e-03 -7.904919999999999725e-01 -6.124709999999999877e-01 -1.257000000000000088e-03
2.400000000000000000e+01 3.000000000000000000e+00 6.300000000000000000e+01 0.000000000000000000e+00 1.600000000000000089e+00 2.339999999999999958e-04 -3.592000000000000141e-03 9.999940000000000495e-01 -6.108050000000000423e-01 7.917750000000000066e-01 2.987000000000000072e-03 -7.917809999999999571e-01 -6.108019999999999561e-01 -2.008999999999999935e-03
2.000000000000000000e+00 2.700000000000000000e+01 6.300000000000000000e+01 0.000000000000000000e+00 1.600000000000000089e+00 1.079000000000000098e-03 3.118000000000000112e-03 9.999949999999999672e-01 -2.811770000000000103e-01 9.596519999999999495e-01 -2.687999999999999851e-03 -9.596550000000000358e-01 -2.811719999999999775e-01 1.912999999999999987e-03
9.000000000000000000e+00 2.700000000000000000e+01 6.300000000000000000e+01 0.000000000000000000e+00 1.600000000000000089e+00 -8.989999999999999511e-04 3.207000000000000215e-03 9.999940000000000495e-01 -2.794380000000000197e-01 9.601579999999999560e-01 -3.331000000000000193e-03 -9.601629999999999887e-01 -2.794400000000000217e-01 3.300000000000000253e-05
1.300000000000000000e+01 2.700000000000000000e+01 6.300000000000000000e+01 0.000000000000000000e+00 1.600000000000000089e+00 5.000000000000000409e-06 -2.321000000000000146e-03 9.999970000000000248e-01 -2.794340000000000157e-01 9.601619999999999600e-01 2.230000000000000211e-03 -9.601650000000000462e-01 -2.794340000000000157e-01 -6.440000000000000412e-04
2.000000000000000000e+01 2.700000000000000000e+01 6.300000000000000000e+01 0.000000000000000000e+00 1.600000000000000089e+00 -5.280000000000000405e-04 -1.062000000000000010e-03 9.999989999999999712e-01 -2.786069999999999935e-01 9.604049999999999532e-01 8.729999999999999696e-04 -9.604049999999999532e-01 -2.786069999999999935e-01 -8.030000000000000028e-04
2.600000000000000000e+01 2.700000000000000000e+01 6.300000000000000000e+01 0.000000000000000000e+00 1.600000000000000089e+00 4.600000000000000004e-05 -5.265999999999999848e-03 9.999860000000000415e-01 -2.789249999999999785e-01 9.602990000000000137e-01 5.068999999999999721e-03 -9.603129999999999722e-01 -2.789220000000000033e-01 -1.423999999999999919e-03
2.900000000000000000e+01 2.700000000000000000e+01 6.300000000000000000e+01 0.000000000000000000e+00 1.600000000000000089e+00 3.690000000000000246e-04 -2.399000000000000091e-03 9.999970000000000248e-01 -2.783399999999999763e-01 9.604789999999999717e-01 2.406999999999999851e-03 -9.604819999999999469e-01 -2.783410000000000051e-01 -3.130000000000000187e-04
