1.100000000000000000e+01 1.010000000000000000e+02 7.000000000000000000e+00 0.000000000000000000e+00 1.600000000000000089e+00 -1.250000000000000026e-03 -3.461000000000000101e-03 9.999930000000000208e-01 8.856009999999999716e-01 4.644389999999999907e-01 2.714999999999999965e-03 -4.644460000000000255e-01 8.855979999999999963e-01 2.484000000000000097e-03
2.100000000000000000e+01 1.010000000000000000e+02 7.000000000000000000e+00 0.000000000000000000e+00 1.600000000000000089e+00 -1.072000000000000036e-03 4.553999999999999888e-03 9.999890000000000168e-01 8.824140000000000317e-01 4.704729999999999746e-01 -1.196000000000000014e-03 -4.704729999999999746e-01 8.824030000000000484e-01 -4.523000000000000111e-03
2.700000000000000000e+01 1.010000000000000000e+02 7.000000000000000000e+00 0.000000000000000000e+00 1.600000000000000089e+00 1.667000000000000079e-03 4.333000000000000046e-03 9.999890000000000168e-01 8.812940000000000218e-01 4.725550000000000028e-01 -3.516000000000000028e-03 -4.725650000000000128e-01 8.812900000000000178e-01 -3.030999999999999840e-03
3.000000000000000000e+01 1.010000000000000000e+02 7.000000000000000000e+00 0.000000000000000000e+00 1.600000000000000089e+00 1.435999999999999993e-03 -5.314000000000000147e-03 9.999850000000000128e-01 8.822600000000000442e-01 4.707609999999999850e-01 1.234999999999999987e-03 -4.707609999999999850e-01 8.822449999999999459e-01 5.363999999999999845e-03
1.900000000000000000e+01 1.500000000000000000e+01 8.000000000000000000e+00 0.000000000000000000e+00 1.600000000000000089e+00 -1.884000000000000041e-03 -1.262500000000000080e-02 -9.999179999999999735e-01 -6.279839999999999867e-01 -7.781479999999999508e-01 1.100800000000000042e-02 -7.782240000000000268e-01 6.279540000000000122e-01 -6.461999999999999862e-03
2.400000000000000000e+01 1.500000000000000000e+01 8.000000000000000000e+00 0.000000000000000000e+00 1.600000000000000089e+00 -2.390000000000000089e-04 1.003199999999999925e-02 -9.999500000000000055e-01 -6.287449999999999983e-01 -7.775739999999999874e-01 -7.650999999999999815e-03 -7.776119999999999699e-01 6.287110000000000198e-01 6.492999999999999640e-03
6.000000000000000000e+00 2.500000000000000000e+01 8.000000000000000000e+00 0.000000000000000000e+00 1.600000000000000089e+00 -1.430000000000000064e-04 2.400000000000000061e-05 -1.000000000000000000e+00 4.438070000000000070e-01 8.961219999999999741e-01 -4.199999999999999768e-05 8.961219999999999741e-01 -4.438070000000000070e-01 -1.379999999999999933e-04
1.000000000000000000e+01 2.500000000000000000e+01 8.000000000000000000e+00 0.000000000000000000e+00 1.600000000000000089e+00 -9.139999999999999904e-04 -1.629999999999999939e-03 -9.999980000000000535e-01 4.457559999999999856e-01 8.951529999999999765e-01 -1.866999999999999953e-03 8.951540000000000052e-01 -4.457570000000000143e-01 -9.200000000000000007e-05
1.300000000000000000e+01 2.500000000000000000e+01 8.000000000000000000e+00 0.000000000000000000e+00 1.600000000000000089e+00 2.919999999999999961e-04 -2.798000000000000140e-03 -9.999959999999999960e-01 4.467220000000000080e-01 8.946690000000000476e-01 -2.371999999999999977e-03 8.946730000000000516e-01 -4.467200000000000060e-01 1.510999999999999973e-03
1.800000000000000000e+01 2.500000000000000000e+01 8.000000000000000000e+00 0.000000000000000000e+00 1.600000000000000089e+00 8.760000000000000425e-04 6.179999999999999513e-04 -9.999989999999999712e-01 4.452940000000000231e-01 8.953839999999999577e-01 9.439999999999999607e-04 8.953839999999999577e-01 -4.452949999999999964e-01 5.090000000000000123e-04
2.200000000000000000e+01 2.500000000000000000e+01 8.000000000000000000e+00 0.000000000000000000e+00 1.600000000000000089e+00 9.990000000000001049e-04 -5.009000000000000431e-03 -9.999869999999999592e-01 4.445290000000000075e-01 8.957549999999999679e-01 -4.042999999999999719e-03 8.957640000000000047e-01 -4.445189999999999975e-01 3.122000000000000209e-03
2.700000000000000000e+01 2.500000000000000000e+01 8.000000000000000000e+00 0.000000000000000000e+00 1.600000000000000089e+00 -2.889999999999999774e-04 2.844000000000000174e-03 -9.999959999999999960e-01 4.456579999999999986e-01 8.951999999999999957e-01 2.418000000000000010e-03 8.952029999999999710e-01 -4.456550000000000233e-01 -1.526000000000000013e-03
2.000000000000000000e+00 9.000000000000000000e+00 9.000000000000000000e+00 0.000000000000000000e+00 1.600000000000000089e+00 2.586000000000000191e-03 -9.782000000000000764e-03 -9.999489999999999768e-01 -9.428739999999999899e-01 -3.331489999999999729e-01 8.199999999999999824e-04 -3.331399999999999917e-01 9.428229999999999666e-01 -1.008500000000000021e-02
9.000000000000000000e+00 9.000000000000000000e+00 9.000000000000000000e+00 0.000000000000000000e+00 1.600000000000000089e+00 -2.072399999999999937e-02 -2.303099999999999939e-02 -9.995199999999999640e-01 -9.462080000000000490e-01 -3.224270000000000191e-01 2.704799999999999913e-02 -3.228949999999999876e-01 9.463139999999999885e-01 -1.511000000000000017e-02
4.000000000000000000e+00 2.400000000000000000e+01 9.000000000000000000e+00 0.000000000000000000e+00 1.600000000000000089e+00 5.820000000000000520e-04 -1.796000000000000070e-03 -9.999980000000000535e-01 4.510660000000000225e-01 8.924889999999999768e-01 -1.340000000000000045e-03 8.924900000000000055e-01 -4.510649999999999937e-01 1.329000000000000103e-03
1.000000000000000000e+01 2.400000000000000000e+01 9.000000000000000000e+00 0.000000000000000000e+00 1.600000000000000089e+00 -1.221000000000000080e-03 -1.845000000000000069e-03 -9.999980000000000535e-01 4.534949999999999815e-01 8.912560000000000482e-01 -2.197999999999999867e-03 8.912579999999999947e-01 -4.534969999999999835e-01 -2.509999999999999753e-04
1.300000000000000000e+01 2.400000000000000000e+01 9.000000000000000000e+00 0.000000000000000000e+00 1.600000000000000089e+00 -6.200000000000000270e-05 -2.867000000000000191e-03 -9.999959999999999960e-01 4.547010000000000218e-01 8.906399999999999872e-01 -2.580999999999999961e-03 8.906439999999999912e-01 -4.546999999999999931e-01 1.247999999999999977e-03
1.900000000000000000e+01 2.400000000000000000e+01 9.000000000000000000e+00 0.000000000000000000e+00 1.600000000000000089e+00 1.026999999999999918e-03 -1.479999999999999979e-03 -9.999980000000000535e-01 4.532459999999999822e-01 8.913849999999999829e-01 -8.540000000000000499e-04 8.913849999999999829e-01 -4.532450000000000090e-01 1.585999999999999953e-03
2.600000000000000000e+01 2.400000000000000000e+01 9.000000000000000000e+00 0.000000000000000000e+00 1.600000000000000089e+00 -5.770000000000000389e-04 4.353000000000000098e-03 -9.999900000000000455e-01 4.535540000000000127e-01 8.912210000000000409e-01 3.616999999999999989e-03 8.912280000000000202e-01 -4.535480000000000067e-01 -2.488999999999999893e-03
4.000000000000000000e+00 3.500000000000000000e+01 1.200000000000000000e+01 0.000000000000000000e+00 1.600000000000000089e+00 1.564000000000000069e-03 7.280000000000000230e-04 -9.999989999999999712e-01 4.574099999999999833e-01 -8.892560000000000464e-01 6.799999999999999946e-05 -8.892539999999999889e-01 -4.574099999999999833e-01 -1.724000000000000055e-03
7.000000000000000000e+00 3.500000000000000000e+01 1.200000000000000000e+01 0.000000000000000000e+00 1.600000000000000089e+00 9.979999999999999722e-04 -3.579000000000000150e-03 -9.999930000000000208e-01 4.674059999999999881e-01 -8.840350000000000152e-01 3.629999999999999980e-03 -8.840419999999999945e-01 -4.674070000000000169e-01 7.910000000000000364e-04
1.000000000000000000e+01 3.500000000000000000e+01 1.200000000000000000e+01 0.000000000000000000e+00 1.600000000000000089e+00 8.429999999999999993e-04 -1.080000000000000014e-03 -9.999989999999999712e-01 4.724599999999999911e-01 -8.813509999999999955e-01 1.350000000000000071e-03 -8.813520000000000243e-01 -4.724599999999999911e-01 -2.329999999999999986e-04
1.400000000000000000e+01 3.500000000000000000e+01 1.200000000000000000e+01 0.000000000000000000e+00 1.600000000000000089e+00 -2.445999999999999824e-03 1.734000000000000081e-03 -9.999959999999999960e-01 4.710340000000000082e-01 -8.821109999999999784e-01 -2.681999999999999922e-03 -8.821109999999999784e-01 -4.710389999999999855e-01 1.340999999999999961e-03
2.300000000000000000e+01 3.500000000000000000e+01 1.200000000000000000e+01 0.000000000000000000e+00 1.600000000000000089e+00 -4.879999999999999898e-04 6.660000000000000338e-04 -1.000000000000000000e+00 4.705730000000000190e-01 -8.823609999999999509e-01 -8.170000000000000179e-04 -8.823609999999999509e-01 -4.705730000000000190e-01 1.169999999999999979e-04
2.800000000000000000e+01 3.500000000000000000e+01 1.200000000000000000e+01 0.000000000000000000e+00 1.600000000000000089e+00 5.086000000000000243e-03 -5.540999999999999918e-03 -9.999719999999999720e-01 4.733040000000000025e-01 -8.808690000000000131e-01 7.288000000000000207e-03 -8.808850000000000291e-01 -4.733269999999999977e-01 -1.856999999999999927e-03
8.000000000000000000e+00 3.200000000000000000e+01 1.400000000000000000e+01 0.000000000000000000e+00 1.600000000000000089e+00 -1.299999999999999920e-05 2.164000000000000125e-03 -9.999980000000000535e-01 1.032809999999999978e-01 9.946500000000000341e-01 2.151999999999999833e-03 9.946519999999999806e-01 -1.032799999999999968e-01 -2.369999999999999874e-04
1.500000000000000000e+01 3.200000000000000000e+01 1.400000000000000000e+01 0.000000000000000000e+00 1.600000000000000089e+00 8.880000000000000089e-04 -6.102999999999999918e-03 -9.999810000000000088e-01 1.034869999999999957e-01 9.946129999999999693e-01 -5.977999999999999807e-03 9.946300000000000141e-01 -1.034800000000000025e-01 1.515000000000000071e-03
2.200000000000000000e+01 3.200000000000000000e+01 1.400000000000000000e+01 0.000000000000000000e+00 1.600000000000000089e+00 1.180000000000000059e-03 1.283000000000000069e-03 -9.999980000000000535e-01 9.665799999999999392e-02 9.953170000000000073e-01 1.391000000000000092e-03 9.953170000000000073e-01 -9.665899999999999492e-02 1.049999999999999935e-03
5.000000000000000000e+00 1.160000000000000000e+02 1.600000000000000000e+01 0.000000000000000000e+00 1.600000000000000089e+00 1.152999999999999945e-03 1.268999999999999946e-03 9.999989999999999712e-01 7.066860000000000364e-01 7.075259999999999883e-01 -1.712999999999999896e-03 -7.075270000000000170e-01 7.066860000000000364e-01 -8.100000000000000375e-05
1.300000000000000000e+01 1.160000000000000000e+02 1.600000000000000000e+01 0.000000000000000000e+00 1.600000000000000089e+00 -1.435999999999999993e-03 4.479999999999999933e-04 9.999989999999999712e-01 7.577869999999999884e-01 6.525020000000000264e-01 7.960000000000000495e-04 -6.525009999999999977e-01 7.577869999999999884e-01 -1.276000000000000007e-03
2.700000000000000000e+01 1.160000000000000000e+02 1.600000000000000000e+01 0.000000000000000000e+00 1.600000000000000089e+00 1.667999999999999995e-03 -1.451999999999999949e-03 9.999970000000000248e-01 7.635690000000000532e-01 6.457270000000000509e-01 -3.359999999999999814e-04 -6.457239999999999647e-01 7.635669999999999957e-01 2.186000000000000009e-03
5.000000000000000000e+00 2.000000000000000000e+00 1.900000000000000000e+01 0.000000000000000000e+00 1.600000000000000089e+00 1.183999999999999940e-03 5.788999999999999875e-03 -9.999829999999999552e-01 3.256339999999999790e-01 -9.454820000000000446e-01 -5.087000000000000376e-03 -9.454949999999999743e-01 -3.256220000000000225e-01 -3.004999999999999859e-03
1.000000000000000000e+01 2.000000000000000000e+00 1.900000000000000000e+01 0.000000000000000000e+00 1.600000000000000089e+00 -3.119999999999999944e-04 -4.904999999999999638e-03 -9.999879999999999880e-01 3.297260000000000191e-01 -9.440659999999999608e-01 4.526999999999999774e-03 -9.440770000000000550e-01 -3.297200000000000131e-01 1.912000000000000071e-03
1.600000000000000000e+01 2.000000000000000000e+00 1.900000000000000000e+01 0.000000000000000000e+00 1.600000000000000089e+00 -6.419999999999999925e-04 6.578999999999999779e-03 -9.999780000000000335e-01 3.351790000000000047e-01 -9.421329999999999982e-01 -6.413000000000000297e-03 -9.421540000000000470e-01 -3.351759999999999740e-01 -1.600000000000000077e-03
2.100000000000000000e+01 2.000000000000000000e+00 1.900000000000000000e+01 0.000000000000000000e+00 1.600000000000000089e+00 3.240000000000000150e-04 3.840999999999999796e-03 -9.999930000000000208e-01 3.429180000000000006e-01 -9.393590000000000551e-01 -3.497000000000000108e-03 -9.393650000000000055e-01 -3.429150000000000253e-01 -1.621000000000000045e-03
2.600000000000000000e+01 2.000000000000000000e+00 1.900000000000000000e+01 0.000000000000000000e+00 1.600000000000000089e+00 9.690000000000000262e-04 -4.739000000000000157e-03 -9.999879999999999880e-01 3.433450000000000113e-01 -9.391969999999999485e-01 4.784000000000000058e-03 -9.392089999999999606e-01 -3.433450000000000113e-01 7.169999999999999724e-04
4.000000000000000000e+00 1.300000000000000000e+01 2.000000000000000000e+01 0.000000000000000000e+00 1.600000000000000089e+00 2.210999999999999858e-03 5.550000000000000462e-04 9.999970000000000248e-01 2.624049999999999994e-01 9.649569999999999537e-01 -1.116000000000000021e-03 -9.649550000000000072e-01 2.624070000000000014e-01 1.988000000000000184e-03
9.000000000000000000e+00 1.300000000000000000e+01 2.000000000000000000e+01 0.000000000000000000e+00 1.600000000000000089e+00 -8.549999999999999658e-04 3.919999999999999873e-04 1.000000000000000000e+00 2.642450000000000077e-01 9.644559999999999800e-01 -1.520000000000000084e-04 -9.644549999999999512e-01 2.642439999999999789e-01 -9.290000000000000297e-04
1.200000000000000000e+01 1.300000000000000000e+01 2.000000000000000000e+01 0.000000000000000000e+00 1.600000000000000089e+00 -1.590000000000000050e-03 9.439999999999999607e-04 9.999980000000000535e-01 2.649590000000000001e-01 9.642600000000000060e-01 -4.889999999999999599e-04 -9.642579999999999485e-01 2.649569999999999981e-01 -1.783999999999999996e-03
1.700000000000000000e+01 1.300000000000000000e+01 2.000000000000000000e+01 0.000000000000000000e+00 1.600000000000000089e+00 1.185999999999999988e-03 -4.107999999999999673e-03 9.999909999999999632e-01 2.623989999999999934e-01 9.649529999999999497e-01 3.652999999999999997e-03 -9.649590000000000112e-01 2.623920000000000141e-01 2.222000000000000017e-03
2.000000000000000000e+01 1.300000000000000000e+01 2.000000000000000000e+01 0.000000000000000000e+00 1.600000000000000089e+00 2.047999999999999907e-03 -2.488000000000000194e-03 9.999949999999999672e-01 2.609670000000000045e-01 9.653460000000000374e-01 1.866999999999999953e-03 -9.653450000000000086e-01 2.609620000000000273e-01 2.626999999999999995e-03
3.000000000000000000e+01 1.300000000000000000e+01 2.000000000000000000e+01 0.000000000000000000e+00 1.600000000000000089e+00 -3.886999999999999830e-03 -2.392000000000000029e-03 9.999900000000000455e-01 2.667649999999999744e-01 9.637559999999999460e-01 3.341999999999999919e-03 -9.637539999999999996e-01 2.667749999999999844e-01 -3.108000000000000086e-03
6.000000000000000000e+00 3.000000000000000000e+00 2.500000000000000000e+01 0.000000000000000000e+00 1.600000000000000089e+00 -3.729000000000000110e-03 6.970000000000000284e-04 9.999930000000000208e-01 8.779000000000000345e-03 -9.999609999999999888e-01 7.290000000000000473e-04 9.999550000000000383e-01 8.781999999999999876e-03 3.723000000000000181e-03
2.300000000000000000e+01 4.600000000000000000e+01 2.700000000000000000e+01 0.000000000000000000e+00 1.600000000000000089e+00 -1.598000000000000028e-03 -1.345999999999999974e-03 -9.999980000000000535e-01 6.644240000000000146e-01 7.473530000000000451e-01 -2.067999999999999960e-03 7.473539999999999628e-01 -6.644259999999999611e-01 -2.999999999999999737e-04
2.300000000000000000e+01 4.600000000000000000e+01 3.000000000000000000e+01 0.000000000000000000e+00 1.600000000000000089e+00 -1.262000000000000101e-03 1.389999999999999905e-04 -9.999989999999999712e-01 3.282660000000000022e-01 9.445850000000000080e-01 -2.829999999999999942e-04 9.445850000000000080e-01 -3.282660000000000022e-01 -1.237999999999999951e-03
1.200000000000000000e+01 5.800000000000000000e+01 3.100000000000000000e+01 0.000000000000000000e+00 1.600000000000000089e+00 -7.386000000000000204e-03 -1.535599999999999986e-02 9.998550000000000493e-01 -7.597589999999999621e-01 -6.500179999999999847e-01 -1.559499999999999949e-02 6.501630000000000464e-01 -7.597639999999999949e-01 -6.865999999999999708e-03
2.200000000000000000e+01 5.800000000000000000e+01 3.100000000000000000e+01 0.000000000000000000e+00 1.600000000000000089e+00 3.595000000000000105e-03 4.000000000000000327e-05 9.999940000000000495e-01 -7.646249999999999991e-01 -6.444699999999999873e-01 2.775000000000000123e-03 6.444659999999999833e-01 -7.646300000000000319e-01 -2.285999999999999838e-03
4.000000000000000000e+00 4.600000000000000000e+01 3.500000000000000000e+01 0.000000000000000000e+00 1.600000000000000089e+00 1.141000000000000087e-03 -1.510000000000000112e-04 -9.999989999999999712e-01 3.888920000000000154e-01 -9.212829999999999631e-01 5.829999999999999679e-04 -9.212829999999999631e-01 -3.888920000000000154e-01 -9.920000000000000432e-04
7.000000000000000000e+00 4.600000000000000000e+01 3.500000000000000000e+01 0.000000000000000000e+00 1.600000000000000089e+00 -3.200000000000000262e-04 8.229999999999999469e-04 -1.000000000000000000e+00 3.897100000000000009e-01 -9.209370000000000056e-01 -8.819999999999999715e-04 -9.209380000000000344e-01 -3.897100000000000009e-01 -2.599999999999999840e-05
1.200000000000000000e+01 4.600000000000000000e+01 3.500000000000000000e+01 0.000000000000000000e+00 1.600000000000000089e+00 -5.469999999999999602e-04 -2.386999999999999799e-03 -9.999970000000000248e-01 3.907640000000000002e-01 -9.204890000000000017e-01 1.982999999999999954e-03 -9.204909999999999481e-01 -3.907619999999999982e-01 1.435999999999999993e-03
1.900000000000000000e+01 4.600000000000000000e+01 3.500000000000000000e+01 0.000000000000000000e+00 1.600000000000000089e+00 1.050000000000000044e-04 -3.507000000000000135e-03 -9.999940000000000495e-01 3.914409999999999834e-01 -9.201970000000000427e-01 3.269000000000000204e-03 -9.202029999999999932e-01 -3.914389999999999814e-01 1.276000000000000007e-03
2.300000000000000000e+01 4.600000000000000000e+01 3.500000000000000000e+01 0.000000000000000000e+00 1.600000000000000089e+00 6.189999999999999756e-04 4.571000000000000410e-03 -9.999890000000000168e-01 3.911399999999999877e-01 -9.203230000000000022e-01 -3.964999999999999775e-03 -9.203310000000000102e-01 -3.911330000000000084e-01 -2.357000000000000154e-03
2.000000000000000000e+00 2.900000000000000000e+01 4.400000000000000000e+01 0.000000000000000000e+00 1.600000000000000089e+00 1.043000000000000090e-03 2.056999999999999801e-03 -9.999970000000000248e-01 6.563210000000000433e-01 7.544790000000000108e-01 2.236000000000000140e-03 7.544809999999999572e-01 -6.563210000000000433e-01 -5.640000000000000482e-04
6.000000000000000000e+00 2.900000000000000000e+01 4.400000000000000000e+01 0.000000000000000000e+00 1.600000000000000089e+00 1.090000000000000067e-04 1.126000000000000048e-03 -9.999989999999999712e-01 6.592879999999999852e-01 7.518899999999999473e-01 9.190000000000000035e-04 7.518909999999999760e-01 -6.592879999999999852e-01 -6.599999999999999964e-04
1.200000000000000000e+01 2.900000000000000000e+01 4.400000000000000000e+01 0.000000000000000000e+00 1.600000000000000089e+00 2.037000000000000182e-03 -7.360000000000000006e-04 -9.999980000000000535e-01 6.621179999999999843e-01 7.493990000000000373e-01 7.969999999999999654e-04 7.493969999999999798e-01 -6.621179999999999843e-01 2.014000000000000165e-03
1.700000000000000000e+01 2.900000000000000000e+01 4.400000000000000000e+01 0.000000000000000000e+00 1.600000000000000089e+00 -1.753000000000000001e-03 4.530000000000000172e-03 -9.999879999999999880e-01 6.572820000000000329e-01 7.536410000000000053e-01 2.262000000000000122e-03 7.536429999999999518e-01 -6.572700000000000209e-01 -4.298999999999999870e-03
2.400000000000000000e+01 2.900000000000000000e+01 4.400000000000000000e+01 0.000000000000000000e+00 1.600000000000000089e+00 6.000000000000000152e-06 -7.004999999999999942e-03 -9.999749999999999472e-01 6.683310000000000084e-01 7.438460000000000072e-01 -5.206999999999999823e-03 7.438639999999999697e-01 -6.683139999999999636e-01 4.686000000000000061e-03
2.800000000000000000e+01 7.000000000000000000e+01 4.700000000000000000e+01 0.000000000000000000e+00 1.600000000000000089e+00 5.949000000000000295e-03 3.360000000000000139e-03 -9.999770000000000048e-01 -8.456090000000000551e-01 -5.337589999999999835e-01 -6.824000000000000205e-03 -5.337690000000000490e-01 8.456299999999999928e-01 -3.339999999999999870e-04
1.600000000000000000e+01 5.000000000000000000e+00 5.100000000000000000e+01 0.000000000000000000e+00 1.600000000000000089e+00 -3.327000000000000096e-03 -3.033000000000000106e-03 -9.999900000000000455e-01 4.926740000000000008e-01 -8.702140000000000430e-01 1.000000000000000021e-03 -8.702079999999999815e-01 -4.926650000000000196e-01 4.388999999999999672e-03
2.300000000000000000e+01 5.000000000000000000e+00 5.100000000000000000e+01 0.000000000000000000e+00 1.600000000000000089e+00 4.362000000000000426e-03 -6.303999999999999708e-03 -9.999710000000000543e-01 4.875369999999999981e-01 -8.730689999999999840e-01 7.630999999999999762e-03 -8.730909999999999505e-01 -4.875559999999999894e-01 -7.349999999999999763e-04
1.100000000000000000e+01 1.150000000000000000e+02 5.100000000000000000e+01 0.000000000000000000e+00 1.600000000000000089e+00 -1.515999999999999986e-03 -3.363000000000000104e-03 9.999930000000000208e-01 8.461600000000000232e-01 -5.329279999999999573e-01 -5.100000000000000366e-04 5.329260000000000108e-01 8.461539999999999617e-01 3.652999999999999997e-03
2.100000000000000000e+01 7.000000000000000000e+00 5.200000000000000000e+01 0.000000000000000000e+00 1.600000000000000089e+00 -1.812000000000000026e-03 -3.686000000000000040e-03 -9.999919999999999920e-01 1.088279999999999942e-01 -9.940550000000000219e-01 3.467000000000000030e-03 -9.940590000000000259e-01 -1.088210000000000011e-01 2.201999999999999964e-03
3.000000000000000000e+00 6.300000000000000000e+01 5.400000000000000000e+01 0.000000000000000000e+00 1.600000000000000089e+00 -2.519999999999999996e-04 -3.441000000000000048e-03 9.999940000000000495e-01 -3.405030000000000001e-01 9.402380000000000182e-01 3.148999999999999889e-03 -9.402439999999999687e-01 -3.405000000000000249e-01 -1.409000000000000096e-03
5.000000000000000000e+00 6.300000000000000000e+01 5.400000000000000000e+01 0.000000000000000000e+00 1.600000000000000089e+00 3.350000000000000113e-04 -5.540000000000000219e-04 1.000000000000000000e+00 -3.405329999999999746e-01 9.402329999999999854e-01 6.350000000000000392e-04 -9.402329999999999854e-01 -3.405329999999999746e-01 1.269999999999999970e-04
1.000000000000000000e+01 6.300000000000000000e+01 5.400000000000000000e+01 0.000000000000000000e+00 1.600000000000000089e+00 3.750000000000000078e-04 1.126999999999999964e-03 9.999989999999999712e-01 -3.413649999999999740e-01 9.399300000000000432e-01 -9.309999999999999699e-04 -9.399309999999999610e-01 -3.413640000000000008e-01 7.370000000000000249e-04
1.600000000000000000e+01 6.300000000000000000e+01 5.400000000000000000e+01 0.000000000000000000e+00 1.600000000000000089e+00 -2.919999999999999961e-04 1.520000000000000084e-04 1.000000000000000000e+00 -3.407800000000000273e-01 9.401429999999999509e-01 -2.420000000000000005e-04 -9.401429999999999509e-01 -3.407810000000000006e-01 -2.229999999999999994e-04
2.300000000000000000e+01 6.300000000000000000e+01 5.400000000000000000e+01 0.000000000000000000e+00 1.600000000000000089e+00 6.599999999999999964e-04 1.574000000000000095e-03 9.999989999999999712e-01 -3.452950000000000186e-01 9.384930000000000216e-01 -1.248999999999999893e-03 -9.384940000000000504e-01 -3.452930000000000166e-01 1.162999999999999971e-03
2.800000000000000000e+01 6.300000000000000000e+01 5.400000000000000000e+01 0.000000000000000000e+00 1.600000000000000089e+00 -1.876000000000000063e-03 2.919999999999999961e-04 9.999980000000000535e-01 -3.418180000000000107e-01 9.397659999999999902e-01 -9.150000000000000147e-04 -9.397640000000000438e-01 -3.418189999999999840e-01 -1.662999999999999982e-03
5.000000000000000000e+00 2.500000000000000000e+01 5.500000000000000000e+01 0.000000000000000000e+00 1.600000000000000089e+00 -1.036000000000000029e-03 1.034999999999999896e-03 -9.999989999999999712e-01 -1.018699999999999987e-02 -9.999479999999999480e-01 -1.023999999999999954e-03 -9.999479999999999480e-01 1.018499999999999961e-02 1.046999999999999971e-03
1.600000000000000000e+01 2.500000000000000000e+01 5.500000000000000000e+01 0.000000000000000000e+00 1.600000000000000089e+00 1.356999999999999916e-03 -4.270000000000000358e-03 -9.999900000000000455e-01 -1.266100000000000038e-02 -9.999109999999999943e-01 4.251999999999999703e-03 -9.999190000000000023e-01 1.265600000000000058e-02 -1.410999999999999928e-03
8.000000000000000000e+00 2.100000000000000000e+01 6.000000000000000000e+01 0.000000000000000000e+00 1.600000000000000089e+00 2.469999999999999865e-04 -7.769999999999999997e-03 9.999700000000000255e-01 -9.352900000000000102e-02 9.955859999999999710e-01 7.759000000000000272e-03 -9.956169999999999742e-01 -9.352800000000000002e-02 -4.809999999999999823e-04
1.500000000000000000e+01 2.100000000000000000e+01 6.000000000000000000e+01 0.000000000000000000e+00 1.600000000000000089e+00 -1.074000000000000085e-03 -2.180000000000000134e-04 9.999989999999999712e-01 -9.421499999999999320e-02 9.955519999999999925e-01 1.150000000000000035e-04 -9.955509999999999637e-01 -9.421499999999999320e-02 -1.090000000000000040e-03
2.400000000000000000e+01 2.100000000000000000e+01 6.000000000000000000e+01 0.000000000000000000e+00 1.600000000000000089e+00 7.380000000000000492e-04 3.285999999999999859e-03 9.999940000000000495e-01 -9.395499999999999685e-02 9.955709999999999837e-01 -3.201999999999999985e-03 -9.955760000000000165e-01 -9.395199999999999385e-02 1.044000000000000006e-03
2.000000000000000000e+00 3.000000000000000000e+00 6.300000000000000000e+01 0.000000000000000000e+00 1.600000000000000089e+00 3.789999999999999966e-04 3.993000000000000022e-03 9.999919999999999920e-01 -6.183570000000000455e-01 7.858920000000000350e-01 -2.903999999999999897e-03 -7.858979999999999855e-01 -6.183509999999999840e-01 2.766999999999999928e-03
6.000000000000000000e+00 2.700000000000000000e+01 6.300000000000000000e+01 0.000000000000000000e+00 1.600000000000000089e+00 1.740000000000000010e-03 3.004999999999999859e-03 9.999940000000000495e-01 -2.770059999999999745e-01 9.608649999999999691e-01 -2.406000000000000152e-03 -9.608670000000000266e-01 -2.770009999999999972e-01 2.504000000000000149e-03
1.300000000000000000e+01 2.700000000000000000e+01 6.300000000000000000e+01 0.000000000000000000e+00 1.600000000000000089e+00 -9.560000000000000355e-04 1.758999999999999930e-03 9.999980000000000535e-01 -2.729570000000000052e-01 9.620239999999999903e-01 -1.953000000000000092e-03 -9.620260000000000478e-01 -2.729590000000000072e-01 -4.400000000000000157e-04
1.800000000000000000e+01 2.700000000000000000e+01 6.300000000000000000e+01 0.000000000000000000e+00 1.600000000000000089e+00 8.329999999999999731e-04 -3.569000000000000124e-03 9.999930000000000208e-01 -2.720049999999999968e-01 9.622889999999999500e-01 3.661000000000000192e-03 -9.622960000000000402e-01 -2.720060000000000255e-01 -1.689999999999999879e-04
2.400000000000000000e+01 2.700000000000000000e+01 6.300000000000000000e+01 0.000000000000000000e+00 1.600000000000000089e+00 1.904000000000000093e-03 5.237999999999999601e-03 9.999850000000000128e-01 -2.714989999999999903e-01 9.624279999999999502e-01 -4.525000000000000376e-03 -9.624369999999999870e-01 -2.714860000000000051e-01 3.255000000000000081e-03
4.000000000000000000e+00 2.600000000000000000e+01 6.400000000000000000e+01 0.000000000000000000e+00 1.600000000000000089e+00 6.459999999999999814e-04 -8.720000000000000537e-04 9.999989999999999712e-01 -3.692829999999999724e-01 9.293160000000000309e-01 1.049000000000000019e-03 -9.293169999999999487e-01 -3.692829999999999724e-01 2.779999999999999811e-04
7.000000000000000000e+00 2.600000000000000000e+01 6.400000000000000000e+01 0.000000000000000000e+00 1.600000000000000089e+00 1.510000000000000057e-03 5.059000000000000129e-03 9.999860000000000415e-01 -3.674799999999999733e-01 9.300220000000000153e-01 -4.150000000000000043e-03 -9.300300000000000233e-01 -3.674689999999999901e-01 3.262999999999999842e-03
1.800000000000000000e+01 2.600000000000000000e+01 6.400000000000000000e+01 0.000000000000000000e+00 1.600000000000000089e+00 1.010000000000000047e-03 -4.101999999999999744e-03 9.999909999999999632e-01 -3.611759999999999970e-01 9.324879999999999836e-01 4.190000000000000148e-03 -9.324970000000000203e-01 -3.611770000000000258e-01 -5.389999999999999826e-04
2.100000000000000000e+01 2.600000000000000000e+01 6.400000000000000000e+01 0.000000000000000000e+00 1.600000000000000089e+00 3.100000000000000135e-05 6.319999999999999663e-04 1.000000000000000000e+00 -3.618709999999999982e-01 9.322279999999999456e-01 -5.779999999999999548e-04 -9.322279999999999456e-01 -3.618709999999999982e-01 2.570000000000000127e-04
2.400000000000000000e+01 2.600000000000000000e+01 6.400000000000000000e+01 0.000000000000000000e+00 1.600000000000000089e+00 1.727000000000000019e-03 5.287000000000000033e-03 9.999850000000000128e-01 -3.604620000000000046e-01 9.327640000000000375e-01 -4.309000000000000330e-03 -9.327720000000000455e-01 -3.604490000000000194e-01 3.516000000000000028e-03
4.000000000000000000e+00 2.500000000000000000e+01 7.300000000000000000e+01 0.000000000000000000e+00 1.600000000000000089e+00 -1.000999999999999937e-03 3.968000000000000173e-03 9.999919999999999920e-01 7.501560000000000450e-01 -6.612519999999999509e-01 3.373999999999999829e-03 6.612599999999999589e-01 7.501529999999999587e-01 -2.314999999999999784e-03
7.000000000000000000e+00 2.500000000000000000e+01 7.300000000000000000e+01 0.000000000000000000e+00 1.600000000000000089e+00 -2.173000000000000018e-03 -2.781000000000000052e-03 9.999940000000000495e-01 7.511600000000000499e-01 -6.601200000000000401e-01 -2.030000000000000012e-04 6.601169999999999538e-01 7.511550000000000171e-01 3.523000000000000090e-03
1.000000000000000000e+01 2.500000000000000000e+01 7.300000000000000000e+01 0.000000000000000000e+00 1.600000000000000089e+00 -3.374999999999999962e-03 -7.428999999999999840e-03 9.999670000000000503e-01 7.522299999999999542e-01 -6.588960000000000372e-01 -2.356000000000000021e-03 6.588920000000000332e-01 7.521970000000000045e-01 7.812000000000000367e-03
1.500000000000000000e+01 2.500000000000000000e+01 7.300000000000000000e+01 0.000000000000000000e+00 1.600000000000000089e+00 -1.642999999999999929e-03 -2.438000000000000063e-03 9.999959999999999960e-01 7.542649999999999633e-01 -6.565699999999999870e-01 -3.620000000000000171e-04 6.565680000000000405e-01 7.542609999999999593e-01 2.918000000000000021e-03
2.100000000000000000e+01 2.500000000000000000e+01 7.300000000000000000e+01 0.000000000000000000e+00 1.600000000000000089e+00 -9.499999999999999981e-04 2.305000000000000191e-03 9.999970000000000248e-01 7.511980000000000324e-01 -6.600740000000000496e-01 2.235000000000000007e-03 6.600770000000000248e-01 7.511970000000000036e-01 -1.105000000000000079e-03
2.700000000000000000e+01 2.500000000000000000e+01 7.300000000000000000e+01 0.000000000000000000e+00 1.600000000000000089e+00 3.930000000000000117e-04 -3.899999999999999929e-05 1.000000000000000000e+00 7.563819999999999988e-01 -6.541299999999999892e-01 -3.229999999999999907e-04 6.541299999999999892e-01 7.563819999999999988e-01 -2.280000000000000126e-04
1.000000000000000000e+00 4.400000000000000000e+01 7.300000000000000000e+01 0.000000000000000000e+00 1.600000000000000089e+00 3.119999999999999944e-04 3.069999999999999812e-04 1.000000000000000000e+00 5.094300000000000217e-02 -9.987019999999999786e-01 2.900000000000000017e-04 9.987019999999999786e-01 5.094300000000000217e-02 -3.269999999999999795e-04
7.000000000000000000e+00 4.400000000000000000e+01 7.300000000000000000e+01 0.000000000000000000e+00 1.600000000000000089e+00 -9.619999999999999645e-04 -1.417000000000000074e-03 9.999989999999999712e-01 5.072399999999999826e-02 -9.987120000000000442e-01 -1.366000000000000027e-03 9.987120000000000442e-01 5.072200000000000319e-02 1.031999999999999931e-03
1.600000000000000000e+01 4.400000000000000000e+01 7.300000000000000000e+01 0.000000000000000000e+00 1.600000000000000089e+00 -1.030000000000000100e-03 -1.302999999999999905e-03 9.999989999999999712e-01 5.339800000000000102e-02 -9.985730000000000439e-01 -1.245999999999999929e-03 9.985730000000000439e-01 5.339700000000000002e-02 1.098000000000000018e-03
2.800000000000000000e+01 4.400000000000000000e+01 7.300000000000000000e+01 0.000000000000000000e+00 1.600000000000000089e+00 1.245999999999999929e-03 1.144999999999999967e-03 9.999989999999999712e-01 5.357900000000000162e-02 -9.985629999999999784e-01 1.075999999999999917e-03 9.985629999999999784e-01 5.357699999999999962e-02 -1.306000000000000086e-03
2.500000000000000000e+01 5.100000000000000000e+01 7.600000000000000000e+01 0.000000000000000000e+00 1.600000000000000089e+00 1.978000000000000157e-03 -2.739000000000000115e-03 -9.999940000000000495e-01 -4.025770000000000182e-01 -9.153839999999999755e-01 1.711000000000000064e-03 -9.153839999999999755e-01 4.025719999999999854e-01 -2.912999999999999791e-03
5.000000000000000000e+00 9.100000000000000000e+01 7.600000000000000000e+01 0.000000000000000000e+00 1.600000000000000089e+00 -7.299999999999999903e-05 8.350000000000000217e-04 1.000000000000000000e+00 3.134469999999999756e-01 -9.496050000000000324e-01 8.159999999999999936e-04 9.496059999999999501e-01 3.134469999999999756e-01 -1.920000000000000049e-04
1.000000000000000000e+01 9.100000000000000000e+01 7.600000000000000000e+01 0.000000000000000000e+00 1.600000000000000089e+00 -3.939999999999999817e-04 -1.851999999999999914e-03 9.999980000000000535e-01 3.270649999999999946e-01 -9.450009999999999799e-01 -1.621999999999999961e-03 9.450020000000000087e-01 3.270629999999999926e-01 9.779999999999999197e-04
1.400000000000000000e+01 9.100000000000000000e+01 7.600000000000000000e+01 0.000000000000000000e+00 1.600000000000000089e+00 -2.090000000000000115e-04 -7.739999999999999485e-04 1.000000000000000000e+00 3.191039999999999988e-01 -9.477200000000000069e-01 -6.660000000000000338e-04 9.477200000000000069e-01 3.191039999999999988e-01 4.449999999999999746e-04
1.700000000000000000e+01 9.100000000000000000e+01 7.600000000000000000e+01 0.000000000000000000e+00 1.600000000000000089e+00 3.669999999999999760e-04 6.179999999999999513e-04 1.000000000000000000e+00 3.151129999999999765e-01 -9.490539999999999532e-01 4.710000000000000102e-04 9.490539999999999532e-01 3.151129999999999765e-01 -5.429999999999999714e-04
2.100000000000000000e+01 9.100000000000000000e+01 7.600000000000000000e+01 0.000000000000000000e+00 1.600000000000000089e+00 9.590000000000000000e-04 4.699999999999999724e-05 1.000000000000000000e+00 3.134640000000000204e-01 -9.495999999999999996e-01 -2.559999999999999884e-04 9.495999999999999996e-01 3.134640000000000204e-01 -9.250000000000000409e-04
2.600000000000000000e+01 9.100000000000000000e+01 7.600000000000000000e+01 0.000000000000000000e+00 1.600000000000000089e+00 -1.982999999999999954e-03 -1.497000000000000067e-03 9.999970000000000248e-01 3.098360000000000003e-01 -9.507900000000000240e-01 -8.090000000000000403e-04 9.507879999999999665e-01 3.098339999999999983e-01 2.348999999999999960e-03
4.000000000000000000e+00 9.000000000000000000e+00 8.200000000000000000e+01 0.000000000000000000e+00 1.600000000000000089e+00 -1.881999999999999992e-03 -1.320000000000000101e-04 -9.999980000000000535e-01 5.639669999999999961e-01 8.257970000000000033e-01 -1.170000000000000033e-03 8.257949999999999458e-01 -5.639680000000000248e-01 -1.479999999999999979e-03
6.000000000000000000e+00 4.400000000000000000e+01 8.300000000000000000e+01 0.000000000000000000e+00 1.600000000000000089e+00 -1.962000000000000202e-03 2.280000000000000126e-04 9.999980000000000535e-01 5.727550000000000141e-01 -8.197259999999999547e-01 1.311000000000000099e-03 8.197240000000000082e-01 5.727569999999999606e-01 1.477999999999999930e-03
9.000000000000000000e+00 4.400000000000000000e+01 8.300000000000000000e+01 0.000000000000000000e+00 1.600000000000000089e+00 1.479999999999999925e-04 -3.079000000000000140e-03 9.999949999999999672e-01 5.729140000000000343e-01 -8.196109999999999784e-01 -2.609000000000000208e-03 8.196149999999999824e-01 5.729119999999999768e-01 1.642999999999999929e-03
1.200000000000000000e+01 4.400000000000000000e+01 8.300000000000000000e+01 0.000000000000000000e+00 1.600000000000000089e+00 9.309999999999999699e-04 -6.069999999999999875e-03 9.999810000000000088e-01 5.769790000000000196e-01 -8.167410000000000503e-01 -5.494999999999999885e-03 8.167590000000000128e-01 5.769729999999999581e-01 2.742000000000000080e-03
2.200000000000000000e+01 4.400000000000000000e+01 8.300000000000000000e+01 0.000000000000000000e+00 1.600000000000000089e+00 9.859999999999998974e-04 -1.642000000000000013e-03 9.999980000000000535e-01 5.847700000000000120e-01 -8.111969999999999459e-01 -1.907999999999999974e-03 8.111979999999999746e-01 5.847710000000000408e-01 1.610000000000000103e-04
3.000000000000000000e+01 1.010000000000000000e+02 8.300000000000000000e+01 0.000000000000000000e+00 1.600000000000000089e+00 3.700000000000000164e-03 -6.596000000000000300e-03 9.999710000000000543e-01 9.941529999999999534e-01 1.079409999999999953e-01 -2.967000000000000019e-03 -1.079180000000000000e-01 9.941349999999999909e-01 6.956999999999999643e-03
7.000000000000000000e+00 4.800000000000000000e+01 8.400000000000000000e+01 0.000000000000000000e+00 1.600000000000000089e+00 1.099999999999999971e-05 -2.011000000000000201e-03 -9.999980000000000535e-01 -9.477449999999999486e-01 -3.190279999999999783e-01 6.310000000000000504e-04 -3.190279999999999783e-01 9.477430000000000021e-01 -1.910000000000000022e-03
1.100000000000000000e+01 4.800000000000000000e+01 8.400000000000000000e+01 0.000000000000000000e+00 1.600000000000000089e+00 -5.945999999999999897e-03 -2.965000000000000187e-03 -9.999780000000000335e-01 -9.479060000000000263e-01 -3.184819999999999873e-01 6.581000000000000044e-03 -3.184939999999999993e-01 9.479239999999999888e-01 -9.169999999999999549e-04
1.500000000000000000e+01 4.800000000000000000e+01 8.400000000000000000e+01 0.000000000000000000e+00 1.600000000000000089e+00 -5.682000000000000418e-03 -4.531000000000000305e-03 -9.999740000000000295e-01 -9.474679999999999769e-01 -3.197769999999999779e-01 6.832999999999999664e-03 -3.197999999999999732e-01 9.474820000000000464e-01 -2.475999999999999902e-03
1.800000000000000000e+01 4.800000000000000000e+01 8.400000000000000000e+01 0.000000000000000000e+00 1.600000000000000089e+00 -3.062000000000000052e-03 -2.942000000000000171e-03 -9.999909999999999632e-01 -9.476360000000000339e-01 -3.193289999999999740e-01 3.840999999999999796e-03 -3.193380000000000107e-01 9.476390000000000091e-01 -1.809999999999999977e-03
2.300000000000000000e+01 4.800000000000000000e+01 8.400000000000000000e+01 0.000000000000000000e+00 1.600000000000000089e+00 -2.366000000000000048e-03 6.600000000000000506e-05 -9.999970000000000248e-01 -9.469610000000000527e-01 -3.213400000000000145e-01 2.219000000000000052e-03 -3.213389999999999858e-01 9.469640000000000279e-01 8.220000000000000310e-04
2.800000000000000000e+01 4.800000000000000000e+01 8.400000000000000000e+01 0.000000000000000000e+00 1.600000000000000089e+00 1.706000000000000051e-03 -8.040000000000000271e-04 -9.999980000000000535e-01 -9.456769999999999898e-01 -3.251060000000000061e-01 -1.351999999999999903e-03 -3.251049999999999773e-01 9.456769999999999898e-01 -1.314999999999999980e-03
