4.000000000000000000e+00 1.500000000000000000e+01 4.000000000000000000e+00 0.000000000000000000e+00 1.600000000000000089e+00 -5.451000000000000116e-03 1.638200000000000073e-02 9.998510000000000453e-01 2.886549999999999949e-01 -9.572779999999999623e-01 1.725799999999999904e-02 9.574179999999999913e-01 2.887060000000000182e-01 4.889999999999999599e-04
2.100000000000000000e+01 1.600000000000000000e+01 4.000000000000000000e+00 0.000000000000000000e+00 1.600000000000000089e+00 -3.177999999999999835e-03 1.933599999999999902e-02 9.998080000000000300e-01 3.220520000000000049e-01 -9.465240000000000320e-01 1.932899999999999896e-02 9.467160000000000020e-01 3.220520000000000049e-01 -3.219000000000000073e-03
2.400000000000000000e+01 1.600000000000000000e+01 4.000000000000000000e+00 0.000000000000000000e+00 1.600000000000000089e+00 3.289999999999999956e-03 2.629099999999999840e-02 9.996490000000000098e-01 3.225549999999999806e-01 -9.462509999999999533e-01 2.382499999999999896e-02 9.465449999999999697e-01 3.223630000000000106e-01 -1.159299999999999914e-02
2.900000000000000000e+01 1.600000000000000000e+01 4.000000000000000000e+00 0.000000000000000000e+00 1.600000000000000089e+00 1.090000000000000067e-04 1.610299999999999926e-02 9.998700000000000365e-01 3.245210000000000039e-01 -9.457560000000000411e-01 1.519599999999999944e-02 9.458790000000000253e-01 3.244770000000000154e-01 -5.329000000000000403e-03
9.000000000000000000e+00 1.010000000000000000e+02 7.000000000000000000e+00 0.000000000000000000e+00 1.600000000000000089e+00 2.596999999999999916e-03 -4.860999999999999870e-03 9.999850000000000128e-01 8.882870000000000488e-01 4.592890000000000028e-01 -7.399999999999999623e-05 -4.592820000000000236e-01 8.882729999999999793e-01 5.510000000000000141e-03
3.000000000000000000e+00 1.500000000000000000e+01 8.000000000000000000e+00 0.000000000000000000e+00 1.600000000000000089e+00 1.078499999999999945e-02 1.167100000000000082e-02 -9.998740000000000405e-01 -5.778900000000000148e-01 -8.159629999999999939e-01 -1.575700000000000017e-02 -8.160439999999999916e-01 5.779870000000000285e-01 -2.056000000000000102e-03
8.000000000000000000e+00 1.500000000000000000e+01 8.000000000000000000e+00 0.000000000000000000e+00 1.600000000000000089e+00 1.138499999999999929e-02 2.254199999999999954e-02 -9.996810000000000418e-01 -5.751500000000000501e-01 -8.176660000000000039e-01 -2.498799999999999980e-02 -8.179689999999999461e-01 5.752509999999999568e-01 3.655999999999999962e-03
1.600000000000000000e+01 1.500000000000000000e+01 8.000000000000000000e+00 0.000000000000000000e+00 1.600000000000000089e+00 6.532999999999999745e-03 2.121899999999999828e-02 -9.997530000000000028e-01 -5.680880000000000374e-01 -8.226949999999999541e-01 -2.117399999999999838e-02 -8.229419999999999513e-01 5.680859999999999799e-01 6.679000000000000041e-03
2.100000000000000000e+01 1.500000000000000000e+01 8.000000000000000000e+00 0.000000000000000000e+00 1.600000000000000089e+00 7.323999999999999781e-03 1.507900000000000039e-02 -9.998590000000000533e-01 -5.648840000000000527e-01 -8.250039999999999596e-01 -1.658000000000000099e-02 -8.251380000000000381e-01 5.649260000000000392e-01 2.475999999999999902e-03
2.600000000000000000e+01 1.500000000000000000e+01 8.000000000000000000e+00 0.000000000000000000e+00 1.600000000000000089e+00 4.755999999999999811e-03 2.199299999999999866e-02 -9.997470000000000523e-01 -5.641159999999999508e-01 -8.254320000000000546e-01 -2.084199999999999942e-02 -8.256820000000000270e-01 5.640720000000000178e-01 8.481000000000000691e-03
1.400000000000000000e+01 2.600000000000000000e+01 8.000000000000000000e+00 0.000000000000000000e+00 1.600000000000000089e+00 -7.340000000000000170e-03 -2.073900000000000049e-02 -9.997580000000000355e-01 4.126360000000000028e-01 9.106319999999999970e-01 -2.191999999999999851e-02 9.108659999999999535e-01 -4.126969999999999805e-01 1.874000000000000015e-03
2.000000000000000000e+01 2.600000000000000000e+01 8.000000000000000000e+00 0.000000000000000000e+00 1.600000000000000089e+00 -5.473999999999999699e-03 -1.444699999999999977e-02 -9.998810000000000198e-01 4.174689999999999790e-01 9.085600000000000342e-01 -1.541299999999999962e-02 9.086739999999999817e-01 -4.175039999999999862e-01 1.057999999999999913e-03
2.700000000000000000e+01 2.600000000000000000e+01 8.000000000000000000e+00 0.000000000000000000e+00 1.600000000000000089e+00 -4.073000000000000231e-03 -1.835099999999999926e-02 -9.998230000000000173e-01 4.212040000000000228e-01 9.067800000000000304e-01 -1.835900000000000032e-02 9.069570000000000132e-01 -4.212040000000000228e-01 4.035999999999999657e-03
1.000000000000000000e+00 2.400000000000000000e+01 9.000000000000000000e+00 0.000000000000000000e+00 1.600000000000000089e+00 -5.355000000000000385e-03 -2.195599999999999982e-02 -9.997449999999999948e-01 4.591239999999999766e-01 8.881010000000000293e-01 -2.196299999999999988e-02 8.883560000000000345e-01 -4.591239999999999766e-01 5.324999999999999872e-03
8.000000000000000000e+00 2.400000000000000000e+01 9.000000000000000000e+00 0.000000000000000000e+00 1.600000000000000089e+00 -9.528000000000000011e-03 -2.486299999999999968e-02 -9.996450000000000058e-01 4.642299999999999760e-01 8.853199999999999958e-01 -2.644399999999999876e-02 8.856629999999999781e-01 -4.643180000000000085e-01 3.106999999999999953e-03
1.300000000000000000e+01 2.400000000000000000e+01 9.000000000000000000e+00 0.000000000000000000e+00 1.600000000000000089e+00 -8.073999999999999580e-03 -2.545599999999999946e-02 -9.996429999999999483e-01 4.661989999999999745e-01 8.842900000000000205e-01 -2.628399999999999834e-02 8.846429999999999572e-01 -4.662439999999999918e-01 4.728000000000000431e-03
3.000000000000000000e+00 3.100000000000000000e+01 1.200000000000000000e+01 0.000000000000000000e+00 1.600000000000000089e+00 -7.110000000000000434e-04 -1.126999999999999964e-03 9.999989999999999712e-01 1.927600000000000147e-02 9.998139999999999805e-01 1.141000000000000087e-03 -9.998139999999999805e-01 1.927699999999999900e-02 -6.890000000000000508e-04
1.300000000000000000e+01 3.100000000000000000e+01 1.200000000000000000e+01 0.000000000000000000e+00 1.600000000000000089e+00 9.049999999999999885e-04 -1.381999999999999982e-03 9.999989999999999712e-01 9.676000000000000573e-03 9.999519999999999520e-01 1.373000000000000088e-03 -9.999529999999999808e-01 9.674999999999999573e-03 9.190000000000000035e-04
2.500000000000000000e+01 3.100000000000000000e+01 1.200000000000000000e+01 0.000000000000000000e+00 1.600000000000000089e+00 -3.040000000000000167e-03 1.332999999999999984e-03 9.999949999999999672e-01 1.469600000000000073e-02 9.998909999999999743e-01 -1.288000000000000082e-03 -9.998869999999999703e-01 1.469200000000000020e-02 -3.059999999999999786e-03
2.800000000000000000e+01 3.100000000000000000e+01 1.200000000000000000e+01 0.000000000000000000e+00 1.600000000000000089e+00 -2.504999999999999848e-03 -7.420000000000000380e-04 9.999970000000000248e-01 1.488800000000000019e-02 9.998890000000000278e-01 7.789999999999999616e-04 -9.998860000000000525e-01 1.489000000000000046e-02 -2.494000000000000123e-03
2.600000000000000000e+01 3.200000000000000000e+01 1.400000000000000000e+01 0.000000000000000000e+00 1.600000000000000089e+00 4.037999999999999923e-03 2.229999999999999994e-04 -9.999919999999999920e-01 1.215930000000000066e-01 9.925800000000000178e-01 7.119999999999999593e-04 9.925720000000000098e-01 -1.215949999999999948e-01 3.981000000000000164e-03
9.000000000000000000e+00 1.200000000000000000e+01 1.500000000000000000e+01 0.000000000000000000e+00 1.600000000000000089e+00 7.656999999999999744e-03 1.235799999999999919e-02 -9.998939999999999495e-01 -4.683249999999999913e-01 -8.834370000000000278e-01 -1.450500000000000053e-02 -8.835229999999999473e-01 4.683860000000000245e-01 -9.770000000000000039e-04
2.100000000000000000e+01 1.200000000000000000e+01 1.500000000000000000e+01 0.000000000000000000e+00 1.600000000000000089e+00 5.481999999999999894e-03 5.483000000000000027e-03 -9.999700000000000255e-01 -4.701199999999999823e-01 -8.825709999999999944e-01 -7.416999999999999982e-03 -8.825849999999999529e-01 4.701469999999999816e-01 -2.260999999999999989e-03
2.400000000000000000e+01 1.200000000000000000e+01 1.500000000000000000e+01 0.000000000000000000e+00 1.600000000000000089e+00 3.946999999999999988e-03 9.450999999999999332e-03 -9.999479999999999480e-01 -4.701389999999999736e-01 -8.825340000000000407e-01 -1.019699999999999947e-02 -8.825840000000000352e-01 4.701540000000000163e-01 9.600000000000000243e-04
2.000000000000000000e+00 1.160000000000000000e+02 1.600000000000000000e+01 0.000000000000000000e+00 1.600000000000000089e+00 -1.101999999999999898e-03 4.839000000000000419e-03 9.999879999999999880e-01 7.116660000000000208e-01 7.025130000000000541e-01 -2.615000000000000137e-03 -7.025169999999999471e-01 7.116540000000000088e-01 -4.218000000000000395e-03
7.000000000000000000e+00 1.160000000000000000e+02 1.600000000000000000e+01 0.000000000000000000e+00 1.600000000000000089e+00 -2.489999999999999809e-04 -2.797000000000000007e-03 9.999959999999999960e-01 7.045310000000000183e-01 7.096700000000000230e-01 2.160000000000000028e-03 -7.096729999999999983e-01 7.045289999999999608e-01 1.794000000000000022e-03
1.600000000000000000e+01 1.160000000000000000e+02 1.600000000000000000e+01 0.000000000000000000e+00 1.600000000000000089e+00 6.049999999999999606e-04 1.879999999999999944e-03 9.999980000000000535e-01 6.692219999999999835e-01 7.430600000000000538e-01 -1.801999999999999999e-03 -7.430620000000000003e-01 6.692219999999999835e-01 -8.090000000000000403e-04
2.000000000000000000e+01 1.160000000000000000e+02 1.600000000000000000e+01 0.000000000000000000e+00 1.600000000000000089e+00 -2.599999999999999772e-04 -1.258000000000000004e-03 9.999989999999999712e-01 6.716539999999999733e-01 7.408639999999999670e-01 1.106999999999999911e-03 -7.408649999999999958e-01 6.716529999999999445e-01 6.520000000000000188e-04
1.000000000000000000e+01 2.000000000000000000e+00 1.900000000000000000e+01 0.000000000000000000e+00 1.600000000000000089e+00 -5.289999999999999564e-04 4.852999999999999675e-03 -9.999879999999999880e-01 1.725520000000000109e-01 -9.849879999999999747e-01 -4.871999999999999595e-03 -9.849999999999999867e-01 -1.725530000000000119e-01 -3.159999999999999832e-04
1.500000000000000000e+01 2.000000000000000000e+00 1.900000000000000000e+01 0.000000000000000000e+00 1.600000000000000089e+00 -1.062000000000000010e-03 9.020000000000000240e-04 -9.999989999999999712e-01 1.685869999999999869e-01 -9.856859999999999511e-01 -1.067999999999999939e-03 -9.856859999999999511e-01 -1.685879999999999879e-01 8.949999999999999623e-04
1.800000000000000000e+01 2.000000000000000000e+00 1.900000000000000000e+01 0.000000000000000000e+00 1.600000000000000089e+00 -2.299999999999999961e-03 6.409999999999999682e-04 -9.999970000000000248e-01 1.669619999999999993e-01 -9.859630000000000338e-01 -1.015999999999999976e-03 -9.859609999999999763e-01 -1.669640000000000013e-01 2.161000000000000160e-03
2.200000000000000000e+01 2.000000000000000000e+00 1.900000000000000000e+01 0.000000000000000000e+00 1.600000000000000089e+00 -1.002000000000000069e-03 -2.110000000000000059e-04 -9.999989999999999712e-01 1.672639999999999960e-01 -9.859120000000000106e-01 4.000000000000000327e-05 -9.859120000000000106e-01 -1.672639999999999960e-01 1.023000000000000038e-03
2.700000000000000000e+01 2.000000000000000000e+00 1.900000000000000000e+01 0.000000000000000000e+00 1.600000000000000089e+00 2.834000000000000147e-03 4.995000000000000308e-03 -9.999839999999999840e-01 1.691870000000000041e-01 -9.855739999999999501e-01 -4.444000000000000034e-03 -9.855800000000000116e-01 -1.691719999999999891e-01 -3.638000000000000175e-03
2.000000000000000000e+00 4.000000000000000000e+00 2.000000000000000000e+01 0.000000000000000000e+00 1.600000000000000089e+00 -4.549000000000000092e-03 3.523999999999999789e-03 -9.999829999999999552e-01 2.742419999999999858e-01 -9.616489999999999760e-01 -4.636000000000000364e-03 -9.616500000000000048e-01 -2.742589999999999750e-01 3.408000000000000005e-03
6.000000000000000000e+00 4.000000000000000000e+00 2.000000000000000000e+01 0.000000000000000000e+00 1.600000000000000089e+00 -1.438000000000000042e-03 2.452000000000000186e-03 -9.999959999999999960e-01 2.771020000000000150e-01 -9.608370000000000521e-01 -2.753999999999999938e-03 -9.608389999999999986e-01 -2.771049999999999902e-01 7.029999999999999574e-04
1.000000000000000000e+01 4.000000000000000000e+00 2.000000000000000000e+01 0.000000000000000000e+00 1.600000000000000089e+00 -1.446999999999999936e-03 6.837000000000000195e-03 -9.999759999999999760e-01 2.727040000000000020e-01 -9.620729999999999560e-01 -6.973000000000000032e-03 -9.620969999999999800e-01 -2.727080000000000060e-01 -4.730000000000000046e-04
1.000000000000000000e+00 1.300000000000000000e+01 2.000000000000000000e+01 0.000000000000000000e+00 1.600000000000000089e+00 3.246000000000000187e-03 -6.812999999999999612e-03 9.999719999999999720e-01 2.578099999999999836e-01 9.661779999999999813e-01 5.746000000000000239e-03 -9.661899999999999933e-01 2.577840000000000131e-01 4.892999999999999780e-03
5.000000000000000000e+00 1.300000000000000000e+01 2.000000000000000000e+01 0.000000000000000000e+00 1.600000000000000089e+00 1.773999999999999969e-03 -8.708999999999999728e-03 9.999609999999999888e-01 2.586700000000000110e-01 9.659330000000000416e-01 7.953999999999999265e-03 -9.659640000000000448e-01 2.586450000000000138e-01 3.965999999999999907e-03
9.000000000000000000e+00 1.300000000000000000e+01 2.000000000000000000e+01 0.000000000000000000e+00 1.600000000000000089e+00 3.069999999999999812e-04 -1.026600000000000082e-02 9.999470000000000303e-01 2.583239999999999981e-01 9.660079999999999778e-01 9.839000000000000523e-03 -9.660579999999999723e-01 2.583070000000000088e-01 2.948000000000000100e-03
1.400000000000000000e+01 1.300000000000000000e+01 2.000000000000000000e+01 0.000000000000000000e+00 1.600000000000000089e+00 -5.360000000000000181e-04 -1.479999999999999925e-04 1.000000000000000000e+00 2.594130000000000047e-01 9.657660000000000133e-01 2.820000000000000241e-04 -9.657660000000000133e-01 2.594130000000000047e-01 -4.789999999999999879e-04
2.100000000000000000e+01 1.300000000000000000e+01 2.000000000000000000e+01 0.000000000000000000e+00 1.600000000000000089e+00 -6.700000000000000226e-05 -7.574000000000000003e-03 9.999710000000000543e-01 2.594770000000000132e-01 9.657219999999999693e-01 7.331999999999999976e-03 -9.657489999999999686e-01 2.594699999999999784e-01 1.899999999999999996e-03
2.500000000000000000e+01 1.300000000000000000e+01 2.000000000000000000e+01 0.000000000000000000e+00 1.600000000000000089e+00 -3.660000000000000059e-04 2.288000000000000103e-03 9.999970000000000248e-01 2.600129999999999941e-01 9.656029999999999891e-01 -2.113999999999999994e-03 -9.656050000000000466e-01 2.600120000000000209e-01 -9.489999999999999738e-04
2.900000000000000000e+01 1.300000000000000000e+01 2.000000000000000000e+01 0.000000000000000000e+00 1.600000000000000089e+00 -1.915999999999999951e-03 5.154999999999999860e-03 9.999850000000000128e-01 2.627709999999999768e-01 9.648480000000000389e-01 -4.470000000000000015e-03 -9.648560000000000469e-01 2.627579999999999916e-01 -3.203999999999999817e-03
6.000000000000000000e+00 1.600000000000000000e+01 2.100000000000000000e+01 0.000000000000000000e+00 1.600000000000000089e+00 1.575999999999999927e-03 -4.381999999999999611e-03 9.999890000000000168e-01 2.952259999999999884e-01 9.554200000000000470e-01 3.720999999999999915e-03 -9.554259999999999975e-01 2.952170000000000072e-01 2.799999999999999972e-03
1.400000000000000000e+01 1.600000000000000000e+01 2.100000000000000000e+01 0.000000000000000000e+00 1.600000000000000089e+00 1.029999999999999964e-04 5.546999999999999847e-03 9.999850000000000128e-01 2.965800000000000103e-01 9.549929999999999808e-01 -5.328000000000000271e-03 -9.550079999999999680e-01 2.965760000000000063e-01 -1.546000000000000065e-03
1.800000000000000000e+01 1.600000000000000000e+01 2.100000000000000000e+01 0.000000000000000000e+00 1.600000000000000089e+00 -6.890000000000000508e-04 -5.002999999999999635e-03 9.999869999999999592e-01 2.965380000000000238e-01 9.550079999999999680e-01 4.982999999999999582e-03 -9.550210000000000088e-01 2.965380000000000238e-01 8.249999999999999955e-04
2.200000000000000000e+01 1.600000000000000000e+01 2.100000000000000000e+01 0.000000000000000000e+00 1.600000000000000089e+00 -5.099999999999999960e-05 -5.361000000000000314e-03 9.999860000000000415e-01 2.967420000000000058e-01 9.549440000000000150e-01 5.134999999999999808e-03 -9.549579999999999735e-01 2.967380000000000018e-01 1.541999999999999968e-03
8.000000000000000000e+00 3.000000000000000000e+00 2.500000000000000000e+01 0.000000000000000000e+00 1.600000000000000089e+00 -4.789999999999999987e-03 8.153000000000000524e-03 9.999550000000000383e-01 -1.603600000000000164e-02 -9.998390000000000333e-01 8.075000000000000580e-03 9.998599999999999710e-01 -1.599700000000000080e-02 4.919999999999999894e-03
5.000000000000000000e+00 4.600000000000000000e+01 2.700000000000000000e+01 0.000000000000000000e+00 1.600000000000000089e+00 1.059999999999999961e-03 1.678999999999999937e-03 -9.999980000000000535e-01 6.804860000000000353e-01 7.327580000000000204e-01 1.951999999999999959e-03 7.327599999999999669e-01 -6.804869999999999530e-01 -3.660000000000000059e-04
1.100000000000000000e+01 4.600000000000000000e+01 2.700000000000000000e+01 0.000000000000000000e+00 1.600000000000000089e+00 5.969999999999999829e-04 -6.310000000000000504e-04 -1.000000000000000000e+00 6.847680000000000433e-01 7.287620000000000209e-01 -5.099999999999999960e-05 7.287609999999999921e-01 -6.847670000000000146e-01 8.670000000000000406e-04
2.100000000000000000e+01 4.600000000000000000e+01 2.700000000000000000e+01 0.000000000000000000e+00 1.600000000000000089e+00 8.229999999999999469e-04 1.203000000000000076e-03 -9.999989999999999712e-01 6.799730000000000496e-01 7.332359999999999989e-01 1.441000000000000007e-03 7.332370000000000276e-01 -6.799730000000000496e-01 -2.139999999999999975e-04
2.300000000000000000e+01 4.600000000000000000e+01 3.000000000000000000e+01 0.000000000000000000e+00 1.600000000000000089e+00 4.189999999999999931e-04 1.999999999999999909e-06 -1.000000000000000000e+00 3.365290000000000226e-01 9.416729999999999823e-01 1.430000000000000064e-04 9.416729999999999823e-01 -3.365290000000000226e-01 3.939999999999999817e-04
3.000000000000000000e+01 4.600000000000000000e+01 3.000000000000000000e+01 0.000000000000000000e+00 1.600000000000000089e+00 -1.082999999999999978e-03 -1.768999999999999956e-03 -9.999980000000000535e-01 3.410520000000000218e-01 9.400420000000000442e-01 -2.033000000000000085e-03 9.400439999999999907e-01 -3.410540000000000238e-01 -4.150000000000000043e-04
1.200000000000000000e+01 5.800000000000000000e+01 3.100000000000000000e+01 0.000000000000000000e+00 1.600000000000000089e+00 6.629999999999999609e-04 2.849999999999999886e-04 1.000000000000000000e+00 -8.013710000000000555e-01 -5.981670000000000043e-01 7.010000000000000172e-04 5.981670000000000043e-01 -8.013710000000000555e-01 -1.679999999999999907e-04
2.800000000000000000e+01 5.800000000000000000e+01 3.100000000000000000e+01 0.000000000000000000e+00 1.600000000000000089e+00 -1.608000000000000054e-03 -6.599999999999999964e-04 9.999980000000000535e-01 -7.967180000000000373e-01 -6.043490000000000251e-01 -1.680000000000000070e-03 6.043490000000000251e-01 -7.967189999999999550e-01 4.459999999999999989e-04
8.000000000000000000e+00 4.600000000000000000e+01 3.500000000000000000e+01 0.000000000000000000e+00 1.600000000000000089e+00 -4.400000000000000157e-04 -5.360000000000000181e-04 -1.000000000000000000e+00 3.866160000000000152e-01 -9.222409999999999775e-01 3.240000000000000150e-04 -9.222409999999999775e-01 -3.866160000000000152e-01 6.130000000000000466e-04
1.100000000000000000e+01 4.600000000000000000e+01 3.500000000000000000e+01 0.000000000000000000e+00 1.600000000000000089e+00 -6.679999999999999740e-04 1.358999999999999965e-03 -9.999989999999999712e-01 3.860049999999999870e-01 -9.224949999999999539e-01 -1.512000000000000106e-03 -9.224959999999999827e-01 -3.860060000000000158e-01 9.100000000000000287e-05
1.500000000000000000e+01 4.600000000000000000e+01 3.500000000000000000e+01 0.000000000000000000e+00 1.600000000000000089e+00 -5.320000000000000293e-04 1.544999999999999932e-03 -9.999989999999999712e-01 3.864049999999999985e-01 -9.223280000000000367e-01 -1.629999999999999939e-03 -9.223289999999999544e-01 -3.864049999999999985e-01 -1.069999999999999988e-04
2.600000000000000000e+01 4.600000000000000000e+01 3.500000000000000000e+01 0.000000000000000000e+00 1.600000000000000089e+00 -2.000000000000000042e-03 5.642000000000000313e-03 -9.999820000000000375e-01 3.914389999999999814e-01 -9.201850000000000307e-01 -5.975000000000000276e-03 -9.202019999999999644e-01 -3.914440000000000142e-01 -3.680000000000000003e-04
3.000000000000000000e+01 4.600000000000000000e+01 3.500000000000000000e+01 0.000000000000000000e+00 1.600000000000000089e+00 -1.077999999999999965e-03 3.547999999999999939e-03 -9.999930000000000208e-01 3.912979999999999792e-01 -9.202569999999999917e-01 -3.687000000000000173e-03 -9.202630000000000532e-01 -3.912990000000000079e-01 -3.970000000000000005e-04
3.000000000000000000e+00 9.500000000000000000e+01 3.600000000000000000e+01 0.000000000000000000e+00 1.600000000000000089e+00 -5.080999999999999579e-03 6.023999999999999841e-03 9.999689999999999968e-01 9.970599999999999463e-01 7.649200000000000443e-02 4.605999999999999851e-03 -7.646200000000000219e-02 9.970520000000000493e-01 -6.394999999999999643e-03
9.000000000000000000e+00 9.500000000000000000e+01 3.600000000000000000e+01 0.000000000000000000e+00 1.600000000000000089e+00 5.484000000000000159e-03 -1.497399999999999946e-02 9.998730000000000118e-01 9.975549999999999695e-01 6.974800000000000444e-02 -4.427000000000000379e-03 -6.967199999999999782e-02 9.974520000000000053e-01 1.531899999999999928e-02
1.800000000000000000e+01 9.500000000000000000e+01 3.600000000000000000e+01 0.000000000000000000e+00 1.600000000000000089e+00 -2.286999999999999970e-03 3.000000000000000076e-05 9.999970000000000248e-01 9.970729999999999871e-01 7.641699999999999882e-02 2.278000000000000077e-03 -7.641599999999999782e-02 9.970759999999999623e-01 -2.039999999999999984e-04
2.200000000000000000e+01 9.500000000000000000e+01 3.600000000000000000e+01 0.000000000000000000e+00 1.600000000000000089e+00 -4.745000000000000086e-03 -1.810700000000000157e-02 9.998249999999999638e-01 9.968510000000000426e-01 7.906000000000000527e-02 6.163000000000000075e-03 -7.915800000000000614e-02 9.967049999999999521e-01 1.767499999999999974e-02
2.600000000000000000e+01 9.500000000000000000e+01 3.600000000000000000e+01 0.000000000000000000e+00 1.600000000000000089e+00 4.810000000000000039e-03 1.083399999999999988e-02 9.999299999999999855e-01 9.964859999999999829e-01 8.357100000000000639e-02 -5.699000000000000073e-03 -8.362700000000000689e-02 9.964429999999999676e-01 -1.039400000000000046e-02
3.000000000000000000e+01 9.500000000000000000e+01 3.600000000000000000e+01 0.000000000000000000e+00 1.600000000000000089e+00 7.748999999999999812e-03 1.633700000000000083e-02 9.998369999999999758e-01 9.963189999999999547e-01 8.523500000000000520e-02 -9.114999999999999838e-03 -8.537000000000000144e-02 9.962269999999999737e-01 -1.561599999999999967e-02
2.000000000000000000e+00 2.900000000000000000e+01 4.400000000000000000e+01 0.000000000000000000e+00 1.600000000000000089e+00 -1.020999999999999989e-03 -1.025000000000000086e-03 -9.999989999999999712e-01 6.665060000000000429e-01 7.454979999999999940e-01 -1.445000000000000104e-03 7.454990000000000228e-01 -6.665069999999999606e-01 -7.799999999999999859e-05
6.000000000000000000e+00 2.900000000000000000e+01 4.400000000000000000e+01 0.000000000000000000e+00 1.600000000000000089e+00 -1.392000000000000008e-03 2.403999999999999887e-03 -9.999959999999999960e-01 6.649080000000000545e-01 7.469240000000000324e-01 8.700000000000000051e-04 7.469240000000000324e-01 -6.649049999999999683e-01 -2.638000000000000154e-03
1.200000000000000000e+01 2.900000000000000000e+01 4.400000000000000000e+01 0.000000000000000000e+00 1.600000000000000089e+00 -6.026000000000000106e-03 -1.902999999999999961e-03 -9.999799999999999800e-01 6.446739999999999693e-01 7.644389999999999796e-01 -5.340000000000000129e-03 7.644339999999999469e-01 -6.446929999999999605e-01 -3.379000000000000059e-03
1.700000000000000000e+01 2.900000000000000000e+01 4.400000000000000000e+01 0.000000000000000000e+00 1.600000000000000089e+00 -1.616000000000000032e-03 -1.683999999999999950e-03 -9.999970000000000248e-01 6.391850000000000032e-01 7.690489999999999826e-01 -2.328000000000000208e-03 7.690510000000000401e-01 -6.391869999999999497e-01 -1.669999999999999935e-04
2.800000000000000000e+01 2.900000000000000000e+01 4.400000000000000000e+01 0.000000000000000000e+00 1.600000000000000089e+00 3.343000000000000051e-03 5.739999999999999660e-04 -9.999940000000000495e-01 6.693230000000000013e-01 7.429670000000000440e-01 2.664000000000000135e-03 7.429639999999999578e-01 -6.693280000000000340e-01 2.099000000000000171e-03
2.000000000000000000e+01 6.000000000000000000e+00 5.100000000000000000e+01 0.000000000000000000e+00 1.600000000000000089e+00 -5.421999999999999736e-03 2.269000000000000183e-03 -9.999829999999999552e-01 3.232729999999999770e-01 -9.462979999999999725e-01 -3.899999999999999821e-03 -9.462899999999999645e-01 -3.232889999999999930e-01 4.396999999999999867e-03
2.400000000000000000e+01 7.000000000000000000e+00 5.200000000000000000e+01 0.000000000000000000e+00 1.600000000000000089e+00 -2.988999999999999903e-03 1.760000000000000063e-03 -9.999940000000000495e-01 8.888600000000000667e-02 -9.960400000000000365e-01 -2.018999999999999961e-03 -9.960369999999999502e-01 -8.889099999999999779e-02 2.821000000000000157e-03
7.000000000000000000e+00 1.500000000000000000e+01 5.300000000000000000e+01 0.000000000000000000e+00 1.600000000000000089e+00 1.131000000000000061e-03 1.800000000000000046e-05 -9.999989999999999712e-01 6.774759999999999671e-01 7.355439999999999756e-01 7.789999999999999616e-04 7.355439999999999756e-01 -6.774769999999999959e-01 8.189999999999999581e-04
3.000000000000000000e+00 6.300000000000000000e+01 5.400000000000000000e+01 0.000000000000000000e+00 1.600000000000000089e+00 9.009999999999999997e-04 8.600000000000000331e-05 1.000000000000000000e+00 -3.515249999999999764e-01 9.361789999999999834e-01 2.359999999999999902e-04 -9.361779999999999546e-01 -3.515249999999999764e-01 8.739999999999999939e-04
7.000000000000000000e+00 6.300000000000000000e+01 5.400000000000000000e+01 0.000000000000000000e+00 1.600000000000000089e+00 -5.130000000000000011e-04 4.499999999999999877e-04 1.000000000000000000e+00 -3.491349999999999731e-01 9.370720000000000161e-01 -6.009999999999999717e-04 -9.370720000000000161e-01 -3.491349999999999731e-01 -3.229999999999999907e-04
1.700000000000000000e+01 6.300000000000000000e+01 5.400000000000000000e+01 0.000000000000000000e+00 1.600000000000000089e+00 -5.410000000000000312e-04 2.099999999999999884e-05 1.000000000000000000e+00 -3.519939999999999736e-01 9.360020000000000007e-01 -2.100000000000000087e-04 -9.360020000000000007e-01 -3.519939999999999736e-01 -4.989999999999999861e-04
2.300000000000000000e+01 6.300000000000000000e+01 5.400000000000000000e+01 0.000000000000000000e+00 1.600000000000000089e+00 9.990000000000001049e-04 -1.064999999999999974e-03 9.999989999999999712e-01 -3.528339999999999810e-01 9.356849999999999890e-01 1.348999999999999939e-03 -9.356860000000000177e-01 -3.528350000000000097e-01 5.590000000000000351e-04
2.800000000000000000e+01 6.300000000000000000e+01 5.400000000000000000e+01 0.000000000000000000e+00 1.600000000000000089e+00 -1.423000000000000003e-03 1.178000000000000011e-03 9.999980000000000535e-01 -3.568299999999999805e-01 9.341679999999999984e-01 -1.608000000000000054e-03 -9.341679999999999984e-01 -3.568319999999999825e-01 -9.089999999999999773e-04
3.000000000000000000e+00 2.500000000000000000e+01 5.500000000000000000e+01 0.000000000000000000e+00 1.600000000000000089e+00 1.477999999999999930e-03 2.125999999999999852e-03 -9.999970000000000248e-01 -1.137999999999999949e-02 -9.999329999999999607e-01 -2.142999999999999940e-03 -9.999339999999999895e-01 1.138300000000000076e-02 -1.453999999999999997e-03
5.000000000000000000e+00 2.500000000000000000e+01 5.500000000000000000e+01 0.000000000000000000e+00 1.600000000000000089e+00 1.399000000000000070e-03 3.384999999999999988e-03 -9.999930000000000208e-01 -1.129400000000000022e-02 -9.999299999999999855e-01 -3.399999999999999811e-03 -9.999350000000000183e-01 1.129900000000000002e-02 -1.361000000000000014e-03
1.600000000000000000e+01 2.500000000000000000e+01 5.500000000000000000e+01 0.000000000000000000e+00 1.600000000000000089e+00 1.314999999999999980e-03 -1.978999999999999856e-03 -9.999970000000000248e-01 -1.272000000000000040e-02 -9.999169999999999447e-01 1.962000000000000202e-03 -9.999179999999999735e-01 1.271800000000000014e-02 -1.340000000000000045e-03
2.100000000000000000e+01 2.500000000000000000e+01 5.500000000000000000e+01 0.000000000000000000e+00 1.600000000000000089e+00 -1.149999999999999981e-03 1.536999999999999955e-03 -9.999980000000000535e-01 -1.270800000000000055e-02 -9.999179999999999735e-01 -1.523000000000000048e-03 -9.999190000000000023e-01 1.270600000000000028e-02 1.168999999999999900e-03
2.600000000000000000e+01 2.500000000000000000e+01 5.500000000000000000e+01 0.000000000000000000e+00 1.600000000000000089e+00 -8.469999999999999881e-04 -4.152000000000000308e-03 -9.999909999999999632e-01 -1.047200000000000041e-02 -9.999369999999999647e-01 4.160999999999999768e-03 -9.999449999999999728e-01 1.047599999999999920e-02 8.040000000000000271e-04
4.000000000000000000e+00 5.800000000000000000e+01 5.900000000000000000e+01 0.000000000000000000e+00 1.600000000000000089e+00 -5.692000000000000011e-03 6.027000000000000239e-03 -9.999660000000000215e-01 3.869029999999999969e-01 9.221139999999999892e-01 3.356000000000000042e-03 9.221030000000000060e-01 -3.868710000000000204e-01 -7.581000000000000065e-03
2.700000000000000000e+01 5.800000000000000000e+01 5.900000000000000000e+01 0.000000000000000000e+00 1.600000000000000089e+00 -3.027000000000000177e-03 -5.380000000000000233e-03 -9.999810000000000088e-01 3.819239999999999857e-01 9.241730000000000222e-01 -6.128999999999999899e-03 9.241890000000000382e-01 -3.819350000000000245e-01 -7.429999999999999539e-04
3.000000000000000000e+01 6.000000000000000000e+00 6.100000000000000000e+01 0.000000000000000000e+00 1.600000000000000089e+00 -2.758000000000000035e-03 7.204999999999999599e-03 9.999700000000000255e-01 5.660539999999999461e-01 -8.243340000000000112e-01 7.500999999999999855e-03 8.243629999999999569e-01 5.660579999999999501e-01 -1.804999999999999964e-03
1.100000000000000000e+01 3.000000000000000000e+00 6.300000000000000000e+01 0.000000000000000000e+00 1.600000000000000089e+00 3.477000000000000056e-03 -7.067999999999999630e-03 9.999689999999999968e-01 -6.168209999999999527e-01 7.870650000000000146e-01 7.707999999999999574e-03 -7.870960000000000178e-01 -6.168289999999999607e-01 -1.623000000000000094e-03
1.400000000000000000e+01 3.000000000000000000e+00 6.300000000000000000e+01 0.000000000000000000e+00 1.600000000000000089e+00 9.909999999999999105e-04 -4.890000000000000249e-03 9.999869999999999592e-01 -6.177570000000000006e-01 7.863560000000000549e-01 4.457000000000000024e-03 -7.863679999999999559e-01 -6.177540000000000253e-01 -2.242000000000000069e-03
3.000000000000000000e+00 2.700000000000000000e+01 6.300000000000000000e+01 0.000000000000000000e+00 1.600000000000000089e+00 -2.539999999999999940e-04 -9.879000000000000628e-03 9.999510000000000343e-01 -2.790929999999999800e-01 9.602180000000000160e-01 9.414999999999999758e-03 -9.602640000000000065e-01 -2.790770000000000195e-01 -3.001000000000000195e-03
1.100000000000000000e+01 2.700000000000000000e+01 6.300000000000000000e+01 0.000000000000000000e+00 1.600000000000000089e+00 2.300000000000000070e-04 1.208000000000000089e-03 9.999989999999999712e-01 -2.828979999999999828e-01 9.591490000000000293e-01 -1.093999999999999920e-03 -9.591499999999999471e-01 -2.828970000000000096e-01 5.630000000000000239e-04
1.500000000000000000e+01 2.700000000000000000e+01 6.300000000000000000e+01 0.000000000000000000e+00 1.600000000000000089e+00 4.500000000000000283e-05 1.257000000000000088e-03 9.999989999999999712e-01 -2.836400000000000032e-01 9.589299999999999491e-01 -1.193000000000000050e-03 -9.589309999999999778e-01 -2.836400000000000032e-01 3.989999999999999949e-04
1.900000000000000000e+01 2.700000000000000000e+01 6.300000000000000000e+01 0.000000000000000000e+00 1.600000000000000089e+00 -2.849999999999999886e-04 4.565999999999999746e-03 9.999900000000000455e-01 -2.837120000000000197e-01 9.588989999999999458e-01 -4.460000000000000422e-03 -9.589100000000000401e-01 -2.837100000000000177e-01 1.021999999999999905e-03
2.400000000000000000e+01 2.700000000000000000e+01 6.300000000000000000e+01 0.000000000000000000e+00 1.600000000000000089e+00 -1.786999999999999960e-03 -2.967000000000000019e-03 9.999940000000000495e-01 -2.839240000000000097e-01 9.588440000000000296e-01 2.337000000000000102e-03 -9.588449999999999473e-01 -2.839180000000000037e-01 -2.556000000000000112e-03
3.000000000000000000e+00 2.600000000000000000e+01 6.400000000000000000e+01 0.000000000000000000e+00 1.600000000000000089e+00 7.969999999999999654e-04 -9.466999999999999721e-03 9.999550000000000383e-01 -3.589410000000000101e-01 9.333160000000000345e-01 9.121999999999999900e-03 -9.333599999999999675e-01 -3.589319999999999733e-01 -2.654000000000000109e-03
8.000000000000000000e+00 2.600000000000000000e+01 6.400000000000000000e+01 0.000000000000000000e+00 1.600000000000000089e+00 3.930000000000000117e-04 1.755000000000000050e-03 9.999980000000000535e-01 -3.627049999999999996e-01 9.319030000000000369e-01 -1.492999999999999969e-03 -9.319039999999999546e-01 -3.627040000000000264e-01 1.002999999999999985e-03
1.500000000000000000e+01 2.600000000000000000e+01 6.400000000000000000e+01 0.000000000000000000e+00 1.600000000000000089e+00 1.820000000000000057e-04 1.562000000000000020e-03 9.999989999999999712e-01 -3.639490000000000225e-01 9.314179999999999682e-01 -1.387999999999999911e-03 -9.314189999999999969e-01 -3.639479999999999937e-01 7.380000000000000492e-04
1.900000000000000000e+01 2.600000000000000000e+01 6.400000000000000000e+01 0.000000000000000000e+00 1.600000000000000089e+00 -8.239999999999999712e-04 3.981000000000000164e-03 9.999919999999999920e-01 -3.649020000000000041e-01 9.310370000000000035e-01 -4.008000000000000278e-03 -9.310460000000000402e-01 -3.649020000000000041e-01 6.849999999999999535e-04
2.300000000000000000e+01 2.600000000000000000e+01 6.400000000000000000e+01 0.000000000000000000e+00 1.600000000000000089e+00 -2.461000000000000080e-03 -1.510999999999999973e-03 9.999959999999999960e-01 -3.669789999999999996e-01 9.302289999999999726e-01 5.019999999999999506e-04 -9.302259999999999973e-01 -3.669760000000000244e-01 -2.844000000000000174e-03
1.700000000000000000e+01 6.900000000000000000e+01 6.600000000000000000e+01 0.000000000000000000e+00 1.600000000000000089e+00 -1.330000000000000019e-03 -9.859999999999998974e-04 9.999989999999999712e-01 -9.502059999999999951e-01 3.116209999999999813e-01 -9.569999999999999514e-04 -3.116200000000000081e-01 -9.502059999999999951e-01 -1.351999999999999903e-03
1.000000000000000000e+00 2.500000000000000000e+01 7.300000000000000000e+01 0.000000000000000000e+00 1.600000000000000089e+00 5.000000000000000240e-05 -1.441000000000000007e-03 9.999989999999999712e-01 7.574100000000000277e-01 -6.529380000000000184e-01 -9.779999999999999197e-04 6.529390000000000471e-01 7.574100000000000277e-01 1.059000000000000045e-03
6.000000000000000000e+00 2.500000000000000000e+01 7.300000000000000000e+01 0.000000000000000000e+00 1.600000000000000089e+00 -1.623000000000000094e-03 -3.504000000000000170e-03 9.999919999999999920e-01 7.563619999999999788e-01 -6.541519999999999557e-01 -1.064999999999999974e-03 6.541510000000000380e-01 7.563549999999999995e-01 3.712000000000000022e-03
1.200000000000000000e+01 2.500000000000000000e+01 7.300000000000000000e+01 0.000000000000000000e+00 1.600000000000000089e+00 1.299999999999999886e-04 8.440000000000000236e-04 1.000000000000000000e+00 7.540540000000000020e-01 -6.568119999999999514e-01 4.560000000000000251e-04 6.568129999999999802e-01 7.540529999999999733e-01 -7.209999999999999612e-04
2.000000000000000000e+01 2.500000000000000000e+01 7.300000000000000000e+01 0.000000000000000000e+00 1.600000000000000089e+00 9.340000000000000429e-04 -1.108999999999999960e-03 9.999989999999999712e-01 7.532529999999999504e-01 -6.577290000000000081e-01 -1.433000000000000029e-03 6.577300000000000368e-01 7.532539999999999791e-01 2.210000000000000050e-04
2.700000000000000000e+01 2.500000000000000000e+01 7.300000000000000000e+01 0.000000000000000000e+00 1.600000000000000089e+00 -4.850000000000000253e-04 4.815999999999999968e-03 9.999879999999999880e-01 7.548049999999999482e-01 -6.559390000000000498e-01 3.526000000000000054e-03 6.559490000000000043e-01 7.547979999999999690e-01 -3.317000000000000070e-03
3.000000000000000000e+00 4.400000000000000000e+01 7.300000000000000000e+01 0.000000000000000000e+00 1.600000000000000089e+00 -6.210000000000000242e-04 -2.746999999999999876e-03 9.999959999999999960e-01 4.909899999999999681e-02 -9.987899999999999556e-01 -2.713999999999999833e-03 9.987939999999999596e-01 4.909700000000000175e-02 7.550000000000000287e-04
9.000000000000000000e+00 4.400000000000000000e+01 7.300000000000000000e+01 0.000000000000000000e+00 1.600000000000000089e+00 5.330000000000000536e-04 2.119999999999999923e-03 9.999980000000000535e-01 5.017400000000000332e-02 -9.987380000000000146e-01 2.090999999999999977e-03 9.987399999999999611e-01 5.017300000000000232e-02 -6.390000000000000280e-04
1.300000000000000000e+01 4.400000000000000000e+01 7.300000000000000000e+01 0.000000000000000000e+00 1.600000000000000089e+00 3.820000000000000153e-04 -1.815999999999999906e-03 9.999980000000000535e-01 5.139200000000000018e-02 -9.986770000000000369e-01 -1.832999999999999994e-03 9.986789999999999834e-01 5.139300000000000118e-02 -2.880000000000000073e-04
2.000000000000000000e+01 4.400000000000000000e+01 7.300000000000000000e+01 0.000000000000000000e+00 1.600000000000000089e+00 -2.059999999999999928e-04 -1.858999999999999975e-03 9.999980000000000535e-01 5.252799999999999830e-02 -9.986180000000000057e-01 -1.845000000000000069e-03 9.986190000000000344e-01 5.252699999999999730e-02 3.040000000000000167e-04
2.700000000000000000e+01 4.400000000000000000e+01 7.300000000000000000e+01 0.000000000000000000e+00 1.600000000000000089e+00 8.580000000000000387e-04 2.393000000000000162e-03 9.999970000000000248e-01 5.204099999999999698e-02 -9.986420000000000297e-01 2.344999999999999862e-03 9.986450000000000049e-01 5.203900000000000192e-02 -9.820000000000000170e-04
1.000000000000000000e+00 9.100000000000000000e+01 7.600000000000000000e+01 0.000000000000000000e+00 1.600000000000000089e+00 4.519999999999999821e-04 1.745999999999999939e-03 9.999980000000000535e-01 3.201120000000000076e-01 -9.473789999999999711e-01 1.510000000000000057e-03 9.473799999999999999e-01 3.201100000000000056e-01 -9.870000000000000301e-04
8.000000000000000000e+00 9.100000000000000000e+01 7.600000000000000000e+01 0.000000000000000000e+00 1.600000000000000089e+00 -2.015999999999999997e-03 -7.010000000000000172e-04 9.999980000000000535e-01 3.182780000000000054e-01 -9.479969999999999786e-01 -2.300000000000000002e-05 9.479950000000000321e-01 3.182780000000000054e-01 2.134000000000000046e-03
