2.000000000000000000e+00 1.010000000000000000e+02 7.000000000000000000e+00 0.000000000000000000e+00 1.600000000000000089e+00 -3.278000000000000098e-03 -3.814000000000000116e-03 9.999869999999999592e-01 8.852929999999999966e-01 4.650099999999999789e-01 4.675000000000000336e-03 -4.650219999999999909e-01 8.852970000000000006e-01 1.851999999999999914e-03
1.200000000000000000e+01 1.010000000000000000e+02 7.000000000000000000e+00 0.000000000000000000e+00 1.600000000000000089e+00 -1.072000000000000036e-03 4.553999999999999888e-03 9.999890000000000168e-01 8.824140000000000317e-01 4.704729999999999746e-01 -1.196000000000000014e-03 -4.704729999999999746e-01 8.824030000000000484e-01 -4.523000000000000111e-03
1.800000000000000000e+01 1.010000000000000000e+02 7.000000000000000000e+00 0.000000000000000000e+00 1.600000000000000089e+00 2.230999999999999910e-03 1.079999999999999960e-04 9.999970000000000248e-01 8.817939999999999667e-01 4.716299999999999937e-01 -2.017999999999999829e-03 -4.716290000000000204e-01 8.817970000000000530e-01 9.569999999999999514e-04
2.300000000000000000e+01 1.010000000000000000e+02 7.000000000000000000e+00 0.000000000000000000e+00 1.600000000000000089e+00 2.857000000000000164e-03 -2.538400000000000031e-02 9.996739999999999515e-01 8.837840000000000140e-01 4.678019999999999956e-01 9.353000000000000203e-03 -4.678869999999999973e-01 8.834680000000000311e-01 2.376999999999999946e-02
1.000000000000000000e+01 1.500000000000000000e+01 8.000000000000000000e+00 0.000000000000000000e+00 1.600000000000000089e+00 -1.884000000000000041e-03 -1.262500000000000080e-02 -9.999179999999999735e-01 -6.279839999999999867e-01 -7.781479999999999508e-01 1.100800000000000042e-02 -7.782240000000000268e-01 6.279540000000000122e-01 -6.461999999999999862e-03
1.500000000000000000e+01 1.500000000000000000e+01 8.000000000000000000e+00 0.000000000000000000e+00 1.600000000000000089e+00 -2.590000000000000071e-04 1.009299999999999954e-02 -9.999489999999999768e-01 -6.287540000000000351e-01 -7.775659999999999794e-01 -7.686000000000000124e-03 -7.776039999999999619e-01 6.287199999999999456e-01 6.548000000000000001e-03
4.000000000000000000e+00 2.500000000000000000e+01 8.000000000000000000e+00 0.000000000000000000e+00 1.600000000000000089e+00 1.299999999999999886e-04 -4.111000000000000071e-03 -9.999909999999999632e-01 4.465149999999999952e-01 8.947690000000000365e-01 -3.619999999999999954e-03 8.947760000000000158e-01 -4.465109999999999912e-01 1.951999999999999959e-03
9.000000000000000000e+00 2.500000000000000000e+01 8.000000000000000000e+00 0.000000000000000000e+00 1.600000000000000089e+00 8.739999999999999939e-04 6.130000000000000466e-04 -9.999989999999999712e-01 4.452940000000000231e-01 8.953839999999999577e-01 9.380000000000000317e-04 8.953839999999999577e-01 -4.452949999999999964e-01 5.100000000000000366e-04
1.300000000000000000e+01 2.500000000000000000e+01 8.000000000000000000e+00 0.000000000000000000e+00 1.600000000000000089e+00 1.000999999999999937e-03 -5.002000000000000370e-03 -9.999869999999999592e-01 4.445290000000000075e-01 8.957549999999999679e-01 -4.035999999999999657e-03 8.957640000000000047e-01 -4.445189999999999975e-01 3.121000000000000076e-03
1.800000000000000000e+01 2.500000000000000000e+01 8.000000000000000000e+00 0.000000000000000000e+00 1.600000000000000089e+00 1.910000000000000077e-04 3.468999999999999861e-03 -9.999940000000000495e-01 4.459350000000000258e-01 8.950590000000000490e-01 3.190000000000000127e-03 8.950649999999999995e-01 -4.459330000000000238e-01 -1.376000000000000053e-03
2.500000000000000000e+01 2.500000000000000000e+01 8.000000000000000000e+00 0.000000000000000000e+00 1.600000000000000089e+00 1.348000000000000023e-03 -1.879999999999999890e-04 -9.999989999999999712e-01 4.448360000000000092e-01 8.956119999999999637e-01 4.310000000000000137e-04 8.956110000000000460e-01 -4.448360000000000092e-01 1.291000000000000047e-03
4.000000000000000000e+00 2.400000000000000000e+01 9.000000000000000000e+00 0.000000000000000000e+00 1.600000000000000089e+00 -2.359999999999999902e-04 -3.963000000000000377e-03 -9.999919999999999920e-01 4.545569999999999888e-01 8.907100000000000017e-01 -3.638000000000000175e-03 8.907169999999999810e-01 -4.545549999999999868e-01 1.590999999999999966e-03
1.000000000000000000e+01 2.400000000000000000e+01 9.000000000000000000e+00 0.000000000000000000e+00 1.600000000000000089e+00 1.026000000000000002e-03 -1.480999999999999895e-03 -9.999980000000000535e-01 4.532459999999999822e-01 8.913849999999999829e-01 -8.549999999999999658e-04 8.913849999999999829e-01 -4.532450000000000090e-01 1.585999999999999953e-03
1.700000000000000000e+01 2.400000000000000000e+01 9.000000000000000000e+00 0.000000000000000000e+00 1.600000000000000089e+00 -2.449999999999999921e-04 4.296000000000000339e-03 -9.999909999999999632e-01 4.537220000000000142e-01 8.911360000000000392e-01 3.717999999999999951e-03 8.911430000000000184e-01 -4.537169999999999814e-01 -2.167000000000000089e-03
2.200000000000000000e+01 2.400000000000000000e+01 9.000000000000000000e+00 0.000000000000000000e+00 1.600000000000000089e+00 1.806000000000000097e-03 1.699999999999999905e-03 -9.999970000000000248e-01 4.543179999999999996e-01 8.908359999999999612e-01 2.334999999999999836e-03 8.908380000000000187e-01 -4.543209999999999749e-01 8.369999999999999619e-04
2.500000000000000000e+01 2.400000000000000000e+01 9.000000000000000000e+00 0.000000000000000000e+00 1.600000000000000089e+00 1.866000000000000037e-03 -6.000000000000000152e-05 -9.999980000000000535e-01 4.525839999999999863e-01 8.917209999999999859e-01 7.910000000000000364e-04 8.917199999999999571e-01 -4.525850000000000151e-01 1.691999999999999928e-03
1.000000000000000000e+00 3.500000000000000000e+01 1.200000000000000000e+01 0.000000000000000000e+00 1.600000000000000089e+00 -2.030000000000000012e-04 2.343000000000000031e-03 -9.999970000000000248e-01 4.717020000000000102e-01 -8.817549999999999555e-01 -2.161999999999999859e-03 -8.817580000000000418e-01 -4.717020000000000102e-01 -9.259999999999999568e-04
5.000000000000000000e+00 3.500000000000000000e+01 1.200000000000000000e+01 0.000000000000000000e+00 1.600000000000000089e+00 -2.629999999999999959e-03 1.905000000000000009e-03 -9.999949999999999672e-01 4.673869999999999969e-01 -8.840479999999999450e-01 -2.913999999999999924e-03 -8.840489999999999737e-01 -4.673919999999999741e-01 1.435000000000000078e-03
1.400000000000000000e+01 3.500000000000000000e+01 1.200000000000000000e+01 0.000000000000000000e+00 1.600000000000000089e+00 -4.910000000000000085e-04 6.769999999999999759e-04 -1.000000000000000000e+00 4.705739999999999923e-01 -8.823600000000000332e-01 -8.279999999999999600e-04 -8.823600000000000332e-01 -4.705750000000000210e-01 1.150000000000000035e-04
1.900000000000000000e+01 3.500000000000000000e+01 1.200000000000000000e+01 0.000000000000000000e+00 1.600000000000000089e+00 4.003999999999999747e-03 -5.525000000000000397e-03 -9.999770000000000048e-01 4.791929999999999801e-01 -8.776829999999999909e-01 6.767999999999999711e-03 -8.777000000000000357e-01 -4.792089999999999961e-01 -8.660000000000000163e-04
2.300000000000000000e+01 3.500000000000000000e+01 1.200000000000000000e+01 0.000000000000000000e+00 1.600000000000000089e+00 1.173999999999999913e-03 -6.139999999999999625e-03 -9.999799999999999800e-01 4.814689999999999803e-01 -8.764429999999999721e-01 5.947000000000000029e-03 -8.764619999999999633e-01 -4.814669999999999783e-01 1.928000000000000026e-03
2.700000000000000000e+01 3.500000000000000000e+01 1.200000000000000000e+01 0.000000000000000000e+00 1.600000000000000089e+00 1.700000000000000122e-04 -4.871999999999999595e-03 -9.999879999999999880e-01 4.716640000000000277e-01 -8.817679999999999962e-01 4.375999999999999682e-03 -8.817779999999999507e-01 -4.716589999999999949e-01 2.148000000000000170e-03
6.000000000000000000e+00 3.200000000000000000e+01 1.400000000000000000e+01 0.000000000000000000e+00 1.600000000000000089e+00 8.490000000000000368e-04 -6.071000000000000008e-03 -9.999810000000000088e-01 1.031650000000000067e-01 9.946460000000000301e-01 -5.950999999999999693e-03 9.946639999999999926e-01 -1.031579999999999997e-01 1.469999999999999953e-03
1.300000000000000000e+01 3.200000000000000000e+01 1.400000000000000000e+01 0.000000000000000000e+00 1.600000000000000089e+00 1.180999999999999975e-03 1.284999999999999901e-03 -9.999989999999999712e-01 9.665799999999999392e-02 9.953170000000000073e-01 1.392999999999999924e-03 9.953170000000000073e-01 -9.665899999999999492e-02 1.051999999999999984e-03
2.700000000000000000e+01 3.200000000000000000e+01 1.400000000000000000e+01 0.000000000000000000e+00 1.600000000000000089e+00 1.838999999999999923e-03 -7.590000000000000175e-04 -9.999980000000000535e-01 1.016839999999999966e-01 9.948169999999999513e-01 -5.689999999999999529e-04 9.948150000000000048e-01 -1.016829999999999956e-01 1.907000000000000058e-03
4.000000000000000000e+00 1.160000000000000000e+02 1.600000000000000000e+01 0.000000000000000000e+00 1.600000000000000089e+00 -9.020000000000000240e-04 1.340999999999999961e-03 9.999989999999999712e-01 7.656659999999999577e-01 6.432379999999999765e-01 -1.720000000000000066e-04 -6.432379999999999765e-01 7.656650000000000400e-01 -1.606999999999999922e-03
1.800000000000000000e+01 1.160000000000000000e+02 1.600000000000000000e+01 0.000000000000000000e+00 1.600000000000000089e+00 1.273000000000000043e-03 -1.861999999999999940e-03 9.999970000000000248e-01 7.577599999999999891e-01 6.525339999999999474e-01 2.509999999999999753e-04 -6.525330000000000297e-01 7.577570000000000139e-01 2.242000000000000069e-03
7.000000000000000000e+00 2.000000000000000000e+00 1.900000000000000000e+01 0.000000000000000000e+00 1.600000000000000089e+00 -6.400000000000000524e-04 6.552999999999999797e-03 -9.999780000000000335e-01 3.351549999999999807e-01 -9.421410000000000062e-01 -6.388999999999999714e-03 -9.421629999999999727e-01 -3.351520000000000055e-01 -1.593000000000000015e-03
1.200000000000000000e+01 2.000000000000000000e+00 1.900000000000000000e+01 0.000000000000000000e+00 1.600000000000000089e+00 3.240000000000000150e-04 3.840999999999999796e-03 -9.999930000000000208e-01 3.429180000000000006e-01 -9.393590000000000551e-01 -3.497000000000000108e-03 -9.393650000000000055e-01 -3.429150000000000253e-01 -1.621000000000000045e-03
1.700000000000000000e+01 2.000000000000000000e+00 1.900000000000000000e+01 0.000000000000000000e+00 1.600000000000000089e+00 7.439999999999999782e-04 -4.610000000000000382e-03 -9.999890000000000168e-01 3.440840000000000010e-01 -9.389279999999999848e-01 4.584999999999999666e-03 -9.389389999999999681e-01 -3.440830000000000277e-01 8.880000000000000089e-04
2.500000000000000000e+01 2.000000000000000000e+00 1.900000000000000000e+01 0.000000000000000000e+00 1.600000000000000089e+00 -4.478000000000000209e-03 1.444999999999999930e-02 -9.998860000000000525e-01 3.323269999999999835e-01 -9.430429999999999646e-01 -1.511700000000000023e-02 -9.431540000000000479e-01 -3.323570000000000135e-01 -5.789999999999999791e-04
8.000000000000000000e+00 1.300000000000000000e+01 2.000000000000000000e+01 0.000000000000000000e+00 1.600000000000000089e+00 1.185999999999999988e-03 -4.100999999999999611e-03 9.999909999999999632e-01 2.624000000000000221e-01 9.649520000000000319e-01 3.645999999999999935e-03 -9.649590000000000112e-01 2.623929999999999874e-01 2.220000000000000185e-03
1.100000000000000000e+01 1.300000000000000000e+01 2.000000000000000000e+01 0.000000000000000000e+00 1.600000000000000089e+00 2.047999999999999907e-03 -2.488000000000000194e-03 9.999949999999999672e-01 2.609670000000000045e-01 9.653460000000000374e-01 1.866999999999999953e-03 -9.653450000000000086e-01 2.609620000000000273e-01 2.626999999999999995e-03
2.600000000000000000e+01 1.300000000000000000e+01 2.000000000000000000e+01 0.000000000000000000e+00 1.600000000000000089e+00 6.710000000000000469e-04 -6.130000000000000466e-04 1.000000000000000000e+00 2.684949999999999837e-01 9.632810000000000539e-01 4.099999999999999912e-04 -9.632810000000000539e-01 2.684949999999999837e-01 8.109999999999999805e-04
2.800000000000000000e+01 1.300000000000000000e+01 2.000000000000000000e+01 0.000000000000000000e+00 1.600000000000000089e+00 5.900000000000000296e-04 -6.207999999999999977e-03 9.999810000000000088e-01 2.688099999999999934e-01 9.631760000000000321e-01 5.820999999999999786e-03 -9.631929999999999659e-01 2.688010000000000121e-01 2.236999999999999839e-03
2.700000000000000000e+01 3.000000000000000000e+00 2.500000000000000000e+01 0.000000000000000000e+00 1.600000000000000089e+00 -3.802999999999999957e-03 1.443599999999999918e-02 9.998890000000000278e-01 6.715999999999999748e-03 -9.998730000000000118e-01 1.446099999999999990e-02 9.999700000000000255e-01 6.771000000000000109e-03 3.704999999999999960e-03
1.400000000000000000e+01 4.600000000000000000e+01 2.700000000000000000e+01 0.000000000000000000e+00 1.600000000000000089e+00 -1.590000000000000050e-03 -1.340000000000000045e-03 -9.999980000000000535e-01 6.644269999999999898e-01 7.473509999999999875e-01 -2.057999999999999934e-03 7.473520000000000163e-01 -6.644290000000000473e-01 -2.979999999999999793e-04
1.400000000000000000e+01 4.600000000000000000e+01 3.000000000000000000e+01 0.000000000000000000e+00 1.600000000000000089e+00 -1.258999999999999920e-03 1.550000000000000000e-04 -9.999989999999999712e-01 3.282669999999999755e-01 9.445850000000000080e-01 -2.669999999999999847e-04 9.445839999999999792e-01 -3.282669999999999755e-01 -1.240000000000000000e-03
3.000000000000000000e+00 5.800000000000000000e+01 3.100000000000000000e+01 0.000000000000000000e+00 1.600000000000000089e+00 -5.231999999999999672e-03 -1.531899999999999928e-02 9.998690000000000078e-01 -7.582119999999999971e-01 -6.518589999999999662e-01 -1.395500000000000039e-02 6.519869999999999832e-01 -7.581860000000000266e-01 -8.205000000000000487e-03
1.300000000000000000e+01 5.800000000000000000e+01 3.100000000000000000e+01 0.000000000000000000e+00 1.600000000000000089e+00 3.595999999999999804e-03 4.199999999999999768e-05 9.999940000000000495e-01 -7.646249999999999991e-01 -6.444699999999999873e-01 2.776999999999999955e-03 6.444659999999999833e-01 -7.646300000000000319e-01 -2.285000000000000139e-03
2.100000000000000000e+01 5.800000000000000000e+01 3.100000000000000000e+01 0.000000000000000000e+00 1.600000000000000089e+00 -1.020999999999999989e-03 2.739000000000000115e-03 9.999959999999999960e-01 -7.667540000000000466e-01 -6.419399999999999551e-01 9.749999999999999552e-04 6.419399999999999551e-01 -7.667500000000000426e-01 2.756000000000000203e-03
2.500000000000000000e+01 5.800000000000000000e+01 3.100000000000000000e+01 0.000000000000000000e+00 1.600000000000000089e+00 4.699999999999999724e-05 -3.403999999999999908e-03 9.999940000000000495e-01 -7.660639999999999672e-01 -6.427610000000000268e-01 -2.151999999999999833e-03 6.427650000000000308e-01 -7.660590000000000455e-01 -2.638000000000000154e-03
3.000000000000000000e+00 4.600000000000000000e+01 3.500000000000000000e+01 0.000000000000000000e+00 1.600000000000000089e+00 -1.479999999999999925e-04 -2.863999999999999792e-03 -9.999959999999999960e-01 3.901229999999999976e-01 -9.207589999999999941e-01 2.579000000000000129e-03 -9.207629999999999981e-01 -3.901209999999999956e-01 1.253999999999999906e-03
1.000000000000000000e+01 4.600000000000000000e+01 3.500000000000000000e+01 0.000000000000000000e+00 1.600000000000000089e+00 1.050000000000000044e-04 -3.507000000000000135e-03 -9.999940000000000495e-01 3.914409999999999834e-01 -9.201970000000000427e-01 3.269000000000000204e-03 -9.202029999999999932e-01 -3.914389999999999814e-01 1.276000000000000007e-03
1.400000000000000000e+01 4.600000000000000000e+01 3.500000000000000000e+01 0.000000000000000000e+00 1.600000000000000089e+00 6.220000000000000485e-04 4.565999999999999746e-03 -9.999890000000000168e-01 3.911390000000000144e-01 -9.203230000000000022e-01 -3.958999999999999846e-03 -9.203310000000000102e-01 -3.911319999999999797e-01 -2.358999999999999986e-03
2.300000000000000000e+01 4.600000000000000000e+01 3.500000000000000000e+01 0.000000000000000000e+00 1.600000000000000089e+00 -4.569999999999999952e-04 -6.669999999999999497e-04 -1.000000000000000000e+00 3.911780000000000257e-01 -9.203149999999999942e-01 4.350000000000000026e-04 -9.203149999999999942e-01 -3.911780000000000257e-01 6.819999999999999890e-04
2.700000000000000000e+01 4.600000000000000000e+01 3.500000000000000000e+01 0.000000000000000000e+00 1.600000000000000089e+00 1.268000000000000030e-03 2.539999999999999940e-04 -9.999989999999999712e-01 3.908590000000000120e-01 -9.204499999999999904e-01 2.620000000000000258e-04 -9.204499999999999904e-01 -3.908590000000000120e-01 -1.265999999999999981e-03
1.000000000000000000e+00 2.900000000000000000e+01 4.400000000000000000e+01 0.000000000000000000e+00 1.600000000000000089e+00 2.164999999999999824e-03 -1.105999999999999995e-03 -9.999970000000000248e-01 6.617709999999999981e-01 7.497059999999999835e-01 6.040000000000000447e-04 7.497030000000000083e-01 -6.617699999999999694e-01 2.354999999999999889e-03
3.000000000000000000e+00 2.900000000000000000e+01 4.400000000000000000e+01 0.000000000000000000e+00 1.600000000000000089e+00 3.341999999999999919e-03 1.200000000000000030e-05 -9.999940000000000495e-01 6.605550000000000033e-01 7.507740000000000524e-01 2.216999999999999787e-03 7.507700000000000484e-01 -6.605590000000000073e-01 2.501000000000000185e-03
8.000000000000000000e+00 2.900000000000000000e+01 4.400000000000000000e+01 0.000000000000000000e+00 1.600000000000000089e+00 -1.747999999999999988e-03 4.532999999999999703e-03 -9.999879999999999880e-01 6.572820000000000329e-01 7.536410000000000053e-01 2.266999999999999918e-03 7.536420000000000341e-01 -6.572710000000000496e-01 -4.296999999999999605e-03
1.500000000000000000e+01 2.900000000000000000e+01 4.400000000000000000e+01 0.000000000000000000e+00 1.600000000000000089e+00 -4.199999999999999768e-05 -7.023999999999999862e-03 -9.999749999999999472e-01 6.685489999999999489e-01 7.436500000000000332e-01 -5.251999999999999724e-03 7.436679999999999957e-01 -6.685330000000000439e-01 4.663999999999999743e-03
2.200000000000000000e+01 2.900000000000000000e+01 4.400000000000000000e+01 0.000000000000000000e+00 1.600000000000000089e+00 -5.580000000000000107e-04 2.948999999999999799e-03 -9.999949999999999672e-01 6.639169999999999794e-01 7.478040000000000243e-01 1.835000000000000043e-03 7.478059999999999707e-01 -6.639129999999999754e-01 -2.374999999999999941e-03
2.800000000000000000e+01 2.900000000000000000e+01 4.400000000000000000e+01 0.000000000000000000e+00 1.600000000000000089e+00 -1.147999999999999932e-03 -1.810000000000000085e-04 -9.999989999999999712e-01 6.535919999999999508e-01 7.568460000000000187e-01 -8.869999999999999846e-04 7.568460000000000187e-01 -6.535929999999999795e-01 -7.510000000000000399e-04
1.900000000000000000e+01 7.000000000000000000e+01 4.700000000000000000e+01 0.000000000000000000e+00 1.600000000000000089e+00 4.817000000000000101e-03 3.040000000000000167e-04 -9.999879999999999880e-01 -8.464580000000000437e-01 -5.324379999999999669e-01 -4.238999999999999713e-03 -5.324330000000000451e-01 8.464690000000000270e-01 -2.307000000000000023e-03
7.000000000000000000e+00 5.000000000000000000e+00 5.100000000000000000e+01 0.000000000000000000e+00 1.600000000000000089e+00 -3.418000000000000031e-03 -2.988000000000000204e-03 -9.999900000000000455e-01 4.927650000000000086e-01 -8.701619999999999910e-01 9.160000000000000390e-04 -8.701560000000000406e-01 -4.927570000000000006e-01 4.447000000000000432e-03
1.400000000000000000e+01 5.000000000000000000e+00 5.100000000000000000e+01 0.000000000000000000e+00 1.600000000000000089e+00 4.390999999999999938e-03 -6.276000000000000328e-03 -9.999710000000000543e-01 4.875320000000000209e-01 -8.730719999999999592e-01 7.621000000000000170e-03 -8.730940000000000367e-01 -4.875510000000000121e-01 -7.739999999999999485e-04
2.100000000000000000e+01 5.000000000000000000e+00 5.100000000000000000e+01 0.000000000000000000e+00 1.600000000000000089e+00 1.892000000000000019e-03 5.745000000000000107e-03 -9.999820000000000375e-01 4.798649999999999860e-01 -8.773320000000000007e-01 -4.133000000000000389e-03 -8.773400000000000087e-01 -4.798490000000000255e-01 -4.416999999999999919e-03
2.000000000000000000e+00 1.150000000000000000e+02 5.100000000000000000e+01 0.000000000000000000e+00 1.600000000000000089e+00 3.499999999999999693e-05 -4.354000000000000231e-03 9.999900000000000455e-01 8.464070000000000205e-01 -5.325320000000000054e-01 -2.347999999999999827e-03 5.325370000000000381e-01 8.463990000000000125e-01 3.667000000000000121e-03
1.200000000000000000e+01 7.000000000000000000e+00 5.200000000000000000e+01 0.000000000000000000e+00 1.600000000000000089e+00 -1.812000000000000026e-03 -3.686000000000000040e-03 -9.999919999999999920e-01 1.088279999999999942e-01 -9.940550000000000219e-01 3.467000000000000030e-03 -9.940590000000000259e-01 -1.088210000000000011e-01 2.201999999999999964e-03
7.000000000000000000e+00 6.300000000000000000e+01 5.400000000000000000e+01 0.000000000000000000e+00 1.600000000000000089e+00 -3.009999999999999980e-04 1.479999999999999925e-04 1.000000000000000000e+00 -3.411049999999999915e-01 9.400249999999999995e-01 -2.420000000000000005e-04 -9.400249999999999995e-01 -3.411049999999999915e-01 -2.320000000000000014e-04
1.400000000000000000e+01 6.300000000000000000e+01 5.400000000000000000e+01 0.000000000000000000e+00 1.600000000000000089e+00 6.610000000000000207e-04 1.572000000000000047e-03 9.999989999999999712e-01 -3.452970000000000206e-01 9.384930000000000216e-01 -1.247000000000000062e-03 -9.384930000000000216e-01 -3.452959999999999918e-01 1.162999999999999971e-03
1.900000000000000000e+01 6.300000000000000000e+01 5.400000000000000000e+01 0.000000000000000000e+00 1.600000000000000089e+00 -1.748999999999999904e-03 3.159999999999999832e-04 9.999980000000000535e-01 -3.405880000000000019e-01 9.402120000000000477e-01 -8.930000000000000221e-04 -9.402110000000000190e-01 -3.405889999999999751e-01 -1.536999999999999955e-03
2.400000000000000000e+01 6.300000000000000000e+01 5.400000000000000000e+01 0.000000000000000000e+00 1.600000000000000089e+00 1.010000000000000020e-04 6.750000000000000357e-04 1.000000000000000000e+00 -3.446949999999999736e-01 9.387149999999999661e-01 -5.990000000000000316e-04 -9.387149999999999661e-01 -3.446949999999999736e-01 3.269999999999999795e-04
2.900000000000000000e+01 6.300000000000000000e+01 5.400000000000000000e+01 0.000000000000000000e+00 1.600000000000000089e+00 -2.000000000000000164e-05 -2.899999999999999800e-03 9.999959999999999960e-01 -3.469389999999999974e-01 9.378840000000000510e-01 2.713000000000000134e-03 -9.378880000000000550e-01 -3.469369999999999954e-01 -1.025000000000000086e-03
7.000000000000000000e+00 2.500000000000000000e+01 5.500000000000000000e+01 0.000000000000000000e+00 1.600000000000000089e+00 1.361999999999999929e-03 -4.323999999999999719e-03 -9.999900000000000455e-01 -1.266199999999999964e-02 -9.999109999999999943e-01 4.307000000000000065e-03 -9.999190000000000023e-01 1.265600000000000058e-02 -1.417000000000000074e-03
6.000000000000000000e+00 2.100000000000000000e+01 6.000000000000000000e+01 0.000000000000000000e+00 1.600000000000000089e+00 -1.028999999999999967e-03 5.230000000000000274e-04 9.999989999999999712e-01 -9.407999999999999696e-02 9.955640000000000045e-01 -6.179999999999999513e-04 -9.955640000000000045e-01 -9.407999999999999696e-02 -9.749999999999999552e-04
1.500000000000000000e+01 2.100000000000000000e+01 6.000000000000000000e+01 0.000000000000000000e+00 1.600000000000000089e+00 7.640000000000000306e-04 3.468999999999999861e-03 9.999940000000000495e-01 -9.397300000000000098e-02 9.955690000000000373e-01 -3.382000000000000024e-03 -9.955739999999999590e-01 -9.396899999999999697e-02 1.087000000000000076e-03
2.300000000000000000e+01 2.100000000000000000e+01 6.000000000000000000e+01 0.000000000000000000e+00 1.600000000000000089e+00 8.130000000000000291e-04 1.257000000000000088e-03 9.999989999999999712e-01 -9.557400000000000617e-02 9.954220000000000290e-01 -1.173999999999999913e-03 -9.954220000000000290e-01 -9.557300000000000517e-02 9.300000000000000541e-04
2.800000000000000000e+01 2.100000000000000000e+01 6.000000000000000000e+01 0.000000000000000000e+00 1.600000000000000089e+00 -1.191999999999999917e-03 -8.854000000000000759e-03 9.999599999999999600e-01 -9.187900000000000234e-02 9.957319999999999505e-01 8.706999999999999462e-03 -9.957700000000000440e-01 -9.186500000000000221e-02 -2.001000000000000174e-03
1.800000000000000000e+01 6.000000000000000000e+00 6.100000000000000000e+01 0.000000000000000000e+00 1.600000000000000089e+00 1.284999999999999901e-03 9.259999999999999568e-04 9.999989999999999712e-01 5.657389999999999919e-01 -8.245850000000000124e-01 3.699999999999999811e-05 8.245839999999999836e-01 5.657379999999999631e-01 -1.582999999999999989e-03
2.700000000000000000e+01 6.000000000000000000e+00 6.100000000000000000e+01 0.000000000000000000e+00 1.600000000000000089e+00 2.573000000000000200e-03 -3.040000000000000167e-03 9.999919999999999920e-01 5.646600000000000508e-01 -8.253139999999999921e-01 -3.962000000000000244e-03 8.253200000000000536e-01 5.646660000000000013e-01 -4.070000000000000267e-04
4.000000000000000000e+00 2.700000000000000000e+01 6.300000000000000000e+01 0.000000000000000000e+00 1.600000000000000089e+00 -1.124999999999999915e-03 5.500000000000000196e-05 9.999989999999999712e-01 -2.724099999999999855e-01 9.621809999999999530e-01 -3.589999999999999984e-04 -9.621809999999999530e-01 -2.724099999999999855e-01 -1.067000000000000023e-03
9.000000000000000000e+00 2.700000000000000000e+01 6.300000000000000000e+01 0.000000000000000000e+00 1.600000000000000089e+00 8.329999999999999731e-04 -3.572999999999999787e-03 9.999930000000000208e-01 -2.720049999999999968e-01 9.622889999999999500e-01 3.664999999999999855e-03 -9.622960000000000402e-01 -2.720060000000000255e-01 -1.710000000000000094e-04
1.500000000000000000e+01 2.700000000000000000e+01 6.300000000000000000e+01 0.000000000000000000e+00 1.600000000000000089e+00 1.913999999999999903e-03 5.055999999999999731e-03 9.999850000000000128e-01 -2.714670000000000138e-01 9.624380000000000157e-01 -4.346000000000000037e-03 -9.624460000000000237e-01 -2.714550000000000018e-01 3.213999999999999843e-03
2.300000000000000000e+01 2.700000000000000000e+01 6.300000000000000000e+01 0.000000000000000000e+00 1.600000000000000089e+00 1.337000000000000081e-03 -5.119000000000000286e-03 9.999860000000000415e-01 -2.719449999999999923e-01 9.622979999999999867e-01 5.290000000000000431e-03 -9.623119999999999452e-01 -2.719480000000000230e-01 -1.060000000000000016e-04
9.000000000000000000e+00 2.600000000000000000e+01 6.400000000000000000e+01 0.000000000000000000e+00 1.600000000000000089e+00 1.010000000000000047e-03 -4.106000000000000275e-03 9.999909999999999632e-01 -3.611759999999999970e-01 9.324879999999999836e-01 4.192999999999999679e-03 -9.324970000000000203e-01 -3.611770000000000258e-01 -5.410000000000000312e-04
1.200000000000000000e+01 2.600000000000000000e+01 6.400000000000000000e+01 0.000000000000000000e+00 1.600000000000000089e+00 3.100000000000000135e-05 6.310000000000000504e-04 1.000000000000000000e+00 -3.618709999999999982e-01 9.322279999999999456e-01 -5.770000000000000389e-04 -9.322279999999999456e-01 -3.618709999999999982e-01 2.570000000000000127e-04
1.500000000000000000e+01 2.600000000000000000e+01 6.400000000000000000e+01 0.000000000000000000e+00 1.600000000000000089e+00 1.729999999999999984e-03 5.095999999999999835e-03 9.999860000000000415e-01 -3.605479999999999796e-01 9.327320000000000055e-01 -4.128999999999999858e-03 -9.327389999999999848e-01 -3.605349999999999944e-01 3.449999999999999942e-03
2.400000000000000000e+01 2.600000000000000000e+01 6.400000000000000000e+01 0.000000000000000000e+00 1.600000000000000089e+00 2.243000000000000202e-03 -4.782999999999999925e-03 9.999860000000000415e-01 -3.639140000000000152e-01 9.314170000000000504e-01 5.270999999999999644e-03 -9.314299999999999802e-01 -3.639209999999999945e-01 3.480000000000000020e-04
2.400000000000000000e+01 6.900000000000000000e+01 6.600000000000000000e+01 0.000000000000000000e+00 1.600000000000000089e+00 3.250999999999999984e-03 -2.384999999999999967e-03 9.999919999999999920e-01 -9.517090000000000272e-01 3.069779999999999731e-01 3.825999999999999974e-03 -3.069850000000000079e-01 -9.517139999999999489e-01 -1.271999999999999910e-03
2.800000000000000000e+01 6.900000000000000000e+01 6.600000000000000000e+01 0.000000000000000000e+00 1.600000000000000089e+00 2.162999999999999992e-03 1.920000000000000049e-04 9.999980000000000535e-01 -9.521039999999999504e-01 3.057670000000000110e-01 2.000000000000000042e-03 -3.057659999999999823e-01 -9.521060000000000079e-01 8.440000000000000236e-04
1.000000000000000000e+00 2.500000000000000000e+01 7.300000000000000000e+01 0.000000000000000000e+00 1.600000000000000089e+00 -3.242000000000000090e-03 -6.073000000000000273e-03 9.999759999999999760e-01 7.523600000000000287e-01 -6.587499999999999467e-01 -1.562000000000000020e-03 6.587439999999999962e-01 7.523370000000000335e-01 6.703999999999999890e-03
6.000000000000000000e+00 2.500000000000000000e+01 7.300000000000000000e+01 0.000000000000000000e+00 1.600000000000000089e+00 -1.564999999999999985e-03 -2.220999999999999884e-03 9.999959999999999960e-01 7.545570000000000332e-01 -6.562339999999999840e-01 -2.770000000000000110e-04 6.562320000000000375e-01 7.545539999999999470e-01 2.703000000000000107e-03
1.200000000000000000e+01 2.500000000000000000e+01 7.300000000000000000e+01 0.000000000000000000e+00 1.600000000000000089e+00 -9.499999999999999981e-04 2.305000000000000191e-03 9.999970000000000248e-01 7.511980000000000324e-01 -6.600740000000000496e-01 2.235000000000000007e-03 6.600770000000000248e-01 7.511970000000000036e-01 -1.103999999999999947e-03
1.800000000000000000e+01 2.500000000000000000e+01 7.300000000000000000e+01 0.000000000000000000e+00 1.600000000000000089e+00 1.069999999999999988e-04 -6.710000000000000469e-04 1.000000000000000000e+00 7.556410000000000071e-01 -6.549859999999999571e-01 -5.199999999999999544e-04 6.549859999999999571e-01 7.556410000000000071e-01 4.369999999999999970e-04
2.200000000000000000e+01 2.500000000000000000e+01 7.300000000000000000e+01 0.000000000000000000e+00 1.600000000000000089e+00 -1.054999999999999948e-03 3.589999999999999984e-04 9.999989999999999712e-01 7.542100000000000470e-01 -6.566330000000000222e-01 1.031000000000000015e-03 6.566330000000000222e-01 7.542100000000000470e-01 4.220000000000000118e-04
2.800000000000000000e+01 2.500000000000000000e+01 7.300000000000000000e+01 0.000000000000000000e+00 1.600000000000000089e+00 1.500000000000000031e-03 4.257000000000000367e-03 9.999900000000000455e-01 7.566150000000000375e-01 -6.538589999999999680e-01 1.649000000000000075e-03 6.538589999999999680e-01 7.566040000000000543e-01 -4.202000000000000006e-03
7.000000000000000000e+00 4.400000000000000000e+01 7.300000000000000000e+01 0.000000000000000000e+00 1.600000000000000089e+00 -1.000000000000000021e-03 -1.270000000000000078e-03 9.999989999999999712e-01 5.345400000000000151e-02 -9.985699999999999577e-01 -1.214999999999999934e-03 9.985699999999999577e-01 5.345199999999999951e-02 1.067000000000000023e-03
1.900000000000000000e+01 4.400000000000000000e+01 7.300000000000000000e+01 0.000000000000000000e+00 1.600000000000000089e+00 1.374000000000000004e-03 1.020000000000000073e-03 9.999989999999999712e-01 5.308800000000000324e-02 -9.985889999999999489e-01 9.460000000000000093e-04 9.985889999999999489e-01 5.308700000000000224e-02 -1.425999999999999967e-03
2.500000000000000000e+01 4.400000000000000000e+01 7.300000000000000000e+01 0.000000000000000000e+00 1.600000000000000089e+00 9.740000000000000394e-04 5.959999999999999586e-04 9.999989999999999712e-01 5.298100000000000032e-02 -9.985950000000000104e-01 5.439999999999999957e-04 9.985950000000000104e-01 5.297999999999999932e-02 -1.003999999999999901e-03
3.000000000000000000e+01 4.400000000000000000e+01 7.300000000000000000e+01 0.000000000000000000e+00 1.600000000000000089e+00 1.399000000000000070e-03 -2.856000000000000032e-03 9.999949999999999672e-01 5.259400000000000186e-02 -9.986120000000000552e-01 -2.926000000000000215e-03 9.986150000000000304e-01 5.259799999999999892e-02 -1.245999999999999929e-03
5.000000000000000000e+00 9.100000000000000000e+01 7.600000000000000000e+01 0.000000000000000000e+00 1.600000000000000089e+00 -4.369999999999999970e-04 -9.219999999999999680e-04 1.000000000000000000e+00 3.196049999999999724e-01 -9.475510000000000321e-01 -7.339999999999999520e-04 9.475510000000000321e-01 3.196039999999999992e-01 7.089999999999999948e-04
8.000000000000000000e+00 9.100000000000000000e+01 7.600000000000000000e+01 0.000000000000000000e+00 1.600000000000000089e+00 3.570000000000000040e-04 6.109999999999999980e-04 1.000000000000000000e+00 3.151109999999999745e-01 -9.490549999999999820e-01 4.670000000000000214e-04 9.490549999999999820e-01 3.151109999999999745e-01 -5.310000000000000050e-04
1.200000000000000000e+01 9.100000000000000000e+01 7.600000000000000000e+01 0.000000000000000000e+00 1.600000000000000089e+00 9.590000000000000000e-04 4.699999999999999724e-05 1.000000000000000000e+00 3.134640000000000204e-01 -9.495999999999999996e-01 -2.559999999999999884e-04 9.495999999999999996e-01 3.134640000000000204e-01 -9.250000000000000409e-04
1.700000000000000000e+01 9.100000000000000000e+01 7.600000000000000000e+01 0.000000000000000000e+00 1.600000000000000089e+00 -1.760999999999999979e-03 -1.404999999999999999e-03 9.999970000000000248e-01 3.088299999999999934e-01 -9.511169999999999902e-01 -7.919999999999999523e-04 9.511159999999999615e-01 3.088279999999999914e-01 2.109000000000000197e-03
2.400000000000000000e+01 9.100000000000000000e+01 7.600000000000000000e+01 0.000000000000000000e+00 1.600000000000000089e+00 8.639999999999999677e-04 8.000000000000000654e-05 1.000000000000000000e+00 3.039549999999999752e-01 -9.526860000000000328e-01 -1.869999999999999917e-04 9.526860000000000328e-01 3.039549999999999752e-01 -8.469999999999999881e-04
2.800000000000000000e+01 9.100000000000000000e+01 7.600000000000000000e+01 0.000000000000000000e+00 1.600000000000000089e+00 7.410000000000000137e-04 1.325999999999999922e-03 9.999989999999999712e-01 3.262909999999999977e-01 -9.452690000000000259e-01 1.010999999999999963e-03 9.452690000000000259e-01 3.262889999999999957e-01 -1.132999999999999893e-03
2.200000000000000000e+01 6.300000000000000000e+01 8.100000000000000000e+01 0.000000000000000000e+00 1.600000000000000089e+00 4.420000000000000101e-04 1.613000000000000067e-03 9.999989999999999712e-01 1.656799999999999939e-02 -9.998609999999999998e-01 1.606000000000000006e-03 9.998629999999999463e-01 1.656699999999999839e-02 -4.690000000000000158e-04
3.000000000000000000e+00 4.400000000000000000e+01 8.300000000000000000e+01 0.000000000000000000e+00 1.600000000000000089e+00 7.110000000000000434e-04 -6.309999999999999637e-03 9.999799999999999800e-01 5.792990000000000084e-01 -8.150960000000000427e-01 -5.555000000000000042e-03 8.151150000000000340e-01 5.792920000000000291e-01 3.075000000000000042e-03
1.300000000000000000e+01 4.400000000000000000e+01 8.300000000000000000e+01 0.000000000000000000e+00 1.600000000000000089e+00 9.870000000000000301e-04 -1.642000000000000013e-03 9.999980000000000535e-01 5.847700000000000120e-01 -8.111969999999999459e-01 -1.909000000000000107e-03 8.111979999999999746e-01 5.847710000000000408e-01 1.600000000000000131e-04
2.200000000000000000e+01 4.400000000000000000e+01 8.300000000000000000e+01 0.000000000000000000e+00 1.600000000000000089e+00 -3.249999999999999851e-04 2.220000000000000185e-03 9.999970000000000248e-01 5.852300000000000280e-01 -8.108649999999999469e-01 1.990000000000000015e-03 8.108680000000000332e-01 5.852289999999999992e-01 -1.034999999999999896e-03
2.600000000000000000e+01 4.400000000000000000e+01 8.300000000000000000e+01 0.000000000000000000e+00 1.600000000000000089e+00 -4.429999999999999802e-04 4.454999999999999759e-03 9.999900000000000455e-01 5.860589999999999966e-01 -8.102589999999999515e-01 3.869000000000000043e-03 8.102679999999999882e-01 5.860549999999999926e-01 -2.252000000000000095e-03
2.500000000000000000e+01 1.010000000000000000e+02 8.300000000000000000e+01 0.000000000000000000e+00 1.600000000000000089e+00 -1.881999999999999992e-03 -5.710999999999999931e-03 9.999820000000000375e-01 9.934880000000000377e-01 1.139079999999999954e-01 2.520000000000000104e-03 -1.139209999999999945e-01 9.934749999999999970e-01 5.459999999999999576e-03
2.000000000000000000e+00 4.800000000000000000e+01 8.400000000000000000e+01 0.000000000000000000e+00 1.600000000000000089e+00 -5.834999999999999909e-03 -3.197999999999999888e-03 -9.999780000000000335e-01 -9.473540000000000294e-01 -3.201220000000000176e-01 6.551999999999999665e-03 -3.201359999999999761e-01 9.473709999999999631e-01 -1.162000000000000055e-03
6.000000000000000000e+00 4.800000000000000000e+01 8.400000000000000000e+01 0.000000000000000000e+00 1.600000000000000089e+00 -5.559999999999999838e-03 -4.544000000000000296e-03 -9.999740000000000295e-01 -9.472749999999999782e-01 -3.203509999999999969e-01 6.722999999999999809e-03 -3.203730000000000189e-01 9.472880000000000189e-01 -2.524000000000000202e-03
9.000000000000000000e+00 4.800000000000000000e+01 8.400000000000000000e+01 0.000000000000000000e+00 1.600000000000000089e+00 -3.060999999999999919e-03 -2.942000000000000171e-03 -9.999909999999999632e-01 -9.476360000000000339e-01 -3.193289999999999740e-01 3.840000000000000097e-03 -3.193380000000000107e-01 9.476390000000000091e-01 -1.810999999999999893e-03
1.400000000000000000e+01 4.800000000000000000e+01 8.400000000000000000e+01 0.000000000000000000e+00 1.600000000000000089e+00 -2.383999999999999835e-03 6.499999999999999431e-05 -9.999970000000000248e-01 -9.469619999999999704e-01 -3.213380000000000125e-01 2.236999999999999839e-03 -3.213369999999999838e-01 9.469649999999999457e-01 8.270000000000000441e-04
1.900000000000000000e+01 4.800000000000000000e+01 8.400000000000000000e+01 0.000000000000000000e+00 1.600000000000000089e+00 7.489999999999999913e-04 -6.199999999999999999e-04 -1.000000000000000000e+00 -9.464630000000000543e-01 -3.228130000000000166e-01 -5.079999999999999880e-04 -3.228119999999999878e-01 9.464630000000000543e-01 -8.289999999999999843e-04
2.300000000000000000e+01 4.800000000000000000e+01 8.400000000000000000e+01 0.000000000000000000e+00 1.600000000000000089e+00 2.187000000000000142e-03 2.060999999999999898e-03 -9.999949999999999672e-01 -9.472549999999999581e-01 -3.204690000000000039e-01 -2.732000000000000053e-03 -3.204730000000000079e-01 9.472570000000000157e-01 1.250999999999999942e-03
5.000000000000000000e+00 1.500000000000000000e+01 8.600000000000000000e+01 0.000000000000000000e+00 1.600000000000000089e+00 3.190000000000000019e-04 -8.179999999999999771e-03 -9.999670000000000503e-01 1.507940000000000114e-01 9.885329999999999950e-01 -8.038999999999999271e-03 9.885650000000000270e-01 -1.507860000000000034e-01 1.547999999999999897e-03
1.100000000000000000e+01 1.500000000000000000e+01 8.600000000000000000e+01 0.000000000000000000e+00 1.600000000000000089e+00 1.183999999999999983e-02 -6.485999999999999578e-03 -9.999090000000000478e-01 1.735389999999999988e-01 9.848170000000000535e-01 -4.333000000000000046e-03 9.847559999999999647e-01 -1.734719999999999873e-01 1.278600000000000049e-02
2.000000000000000000e+01 1.500000000000000000e+01 8.600000000000000000e+01 0.000000000000000000e+00 1.600000000000000089e+00 -1.350999999999999987e-03 -1.968999999999999830e-03 -9.999970000000000248e-01 1.822950000000000126e-01 9.832410000000000316e-01 -2.181999999999999912e-03 9.832429999999999781e-01 -1.822969999999999868e-01 -9.690000000000000262e-04
