1.700000000000000000e+01 2.500000000000000000e+01 1.000000000000000000e+00 0.000000000000000000e+00 1.600000000000000089e+00 -5.438500000000000278e-02 -1.110599999999999955e-02 -9.984579999999999567e-01 -5.388870000000000049e-01 -8.414880000000000138e-01 3.871299999999999741e-02 -8.406200000000000339e-01 5.401620000000000310e-01 3.977900000000000186e-02
2.900000000000000000e+01 2.500000000000000000e+01 1.000000000000000000e+00 0.000000000000000000e+00 1.600000000000000089e+00 3.952999999999999917e-03 6.118000000000000174e-03 -9.999740000000000295e-01 -5.364170000000000327e-01 -8.439219999999999500e-01 -7.283999999999999676e-03 -8.439440000000000275e-01 5.364309999999999912e-01 -5.399999999999999798e-05
2.300000000000000000e+01 1.500000000000000000e+01 4.000000000000000000e+00 0.000000000000000000e+00 1.600000000000000089e+00 2.559999999999999884e-04 6.965999999999999970e-03 9.999759999999999760e-01 3.243969999999999909e-01 -9.458990000000000453e-01 6.506999999999999763e-03 9.459210000000000118e-01 3.243869999999999809e-01 -2.501999999999999884e-03
2.800000000000000000e+01 1.500000000000000000e+01 4.000000000000000000e+00 0.000000000000000000e+00 1.600000000000000089e+00 -2.057999999999999934e-03 1.020000000000000073e-03 9.999970000000000248e-01 3.244839999999999947e-01 -9.458900000000000086e-01 1.631999999999999987e-03 9.458889999999999798e-01 3.244870000000000254e-01 1.616000000000000032e-03
5.000000000000000000e+00 1.600000000000000000e+01 4.000000000000000000e+00 0.000000000000000000e+00 1.600000000000000089e+00 -2.069000000000000093e-03 5.385000000000000030e-03 9.999829999999999552e-01 3.245870000000000144e-01 -9.458379999999999566e-01 5.765000000000000159e-03 9.458539999999999726e-01 3.245930000000000204e-01 2.090000000000000115e-04
9.000000000000000000e+00 1.600000000000000000e+01 4.000000000000000000e+00 0.000000000000000000e+00 1.600000000000000089e+00 2.399999999999999790e-03 6.348999999999999609e-03 9.999770000000000048e-01 3.248019999999999796e-01 -9.457680000000000531e-01 5.224999999999999610e-03 9.457790000000000363e-01 3.247820000000000151e-01 -4.331999999999999913e-03
1.400000000000000000e+01 1.600000000000000000e+01 4.000000000000000000e+00 0.000000000000000000e+00 1.600000000000000089e+00 3.370800000000000185e-02 -1.019420000000000048e-01 9.942189999999999639e-01 3.396339999999999915e-01 -9.344139999999999668e-01 -1.073250000000000037e-01 9.399530000000000385e-01 3.412890000000000090e-01 3.125999999999999873e-03
2.700000000000000000e+01 1.600000000000000000e+01 4.000000000000000000e+00 0.000000000000000000e+00 1.600000000000000089e+00 -2.164000000000000125e-03 -5.050000000000000235e-04 9.999970000000000248e-01 3.978510000000000102e-01 -9.174499999999999877e-01 3.980000000000000248e-04 9.174470000000000125e-01 3.978510000000000102e-01 2.186000000000000009e-03
1.100000000000000000e+01 1.010000000000000000e+02 7.000000000000000000e+00 0.000000000000000000e+00 1.600000000000000089e+00 2.824999999999999820e-03 1.237100000000000005e-02 9.999190000000000023e-01 8.902919999999999723e-01 4.553170000000000273e-01 -8.148999999999999994e-03 -4.553820000000000090e-01 8.902430000000000065e-01 -9.726999999999999535e-03
1.600000000000000000e+01 1.010000000000000000e+02 7.000000000000000000e+00 0.000000000000000000e+00 1.600000000000000089e+00 -9.699999999999999963e-05 4.066399999999999876e-02 9.991729999999999778e-01 8.876760000000000206e-01 4.600910000000000277e-01 -1.863899999999999932e-02 -4.604679999999999884e-01 8.869399999999999507e-01 -3.613999999999999851e-02
2.100000000000000000e+01 1.010000000000000000e+02 7.000000000000000000e+00 0.000000000000000000e+00 1.600000000000000089e+00 3.645999999999999935e-03 6.194999999999999986e-03 9.999740000000000295e-01 8.852539999999999853e-01 4.650679999999999814e-01 -6.108999999999999847e-03 -4.650940000000000074e-01 8.852529999999999566e-01 -3.788999999999999833e-03
2.700000000000000000e+01 1.010000000000000000e+02 7.000000000000000000e+00 0.000000000000000000e+00 1.600000000000000089e+00 1.657999999999999969e-03 2.158000000000000196e-03 9.999959999999999960e-01 8.857960000000000278e-01 4.640679999999999805e-01 -2.469999999999999973e-03 -4.640719999999999845e-01 8.857969999999999455e-01 -1.142000000000000003e-03
1.700000000000000000e+01 2.500000000000000000e+01 8.000000000000000000e+00 0.000000000000000000e+00 1.600000000000000089e+00 5.369399999999999867e-02 1.744860000000000022e-01 -9.831950000000000411e-01 4.555170000000000052e-01 8.719189999999999996e-01 1.796149999999999969e-01 8.886060000000000070e-01 -4.575060000000000238e-01 -3.266399999999999859e-02
2.200000000000000000e+01 2.500000000000000000e+01 8.000000000000000000e+00 0.000000000000000000e+00 1.600000000000000089e+00 1.975999999999999892e-03 4.649999999999999620e-03 -9.999869999999999592e-01 4.482630000000000225e-01 8.938880000000000159e-01 5.042999999999999740e-03 8.939000000000000279e-01 -4.482670000000000265e-01 -3.179999999999999776e-04
2.600000000000000000e+01 2.500000000000000000e+01 8.000000000000000000e+00 0.000000000000000000e+00 1.600000000000000089e+00 -1.147999999999999932e-03 -4.492999999999999598e-03 -9.999890000000000168e-01 4.482249999999999845e-01 8.939089999999999536e-01 -4.531000000000000305e-03 8.939200000000000479e-01 -4.482260000000000133e-01 9.879999999999999460e-04
9.000000000000000000e+00 2.600000000000000000e+01 8.000000000000000000e+00 0.000000000000000000e+00 1.600000000000000089e+00 7.280000000000000230e-04 1.301000000000000073e-03 -9.999989999999999712e-01 4.289120000000000155e-01 9.033449999999999536e-01 1.487999999999999956e-03 9.033459999999999823e-01 -4.289120000000000155e-01 1.000000000000000048e-04
1.700000000000000000e+01 2.400000000000000000e+01 9.000000000000000000e+00 0.000000000000000000e+00 1.600000000000000089e+00 4.907799999999999663e-02 1.827219999999999955e-01 -9.819390000000000063e-01 4.607879999999999754e-01 8.681060000000000443e-01 1.845700000000000118e-01 8.861520000000000508e-01 -4.615239999999999898e-01 -4.159100000000000297e-02
2.600000000000000000e+01 2.400000000000000000e+01 9.000000000000000000e+00 0.000000000000000000e+00 1.600000000000000089e+00 -1.105000000000000079e-03 -5.170000000000000116e-03 -9.999860000000000415e-01 4.542740000000000111e-01 8.908470000000000555e-01 -5.107000000000000428e-03 8.908610000000000140e-01 -4.542740000000000111e-01 1.363999999999999978e-03
2.100000000000000000e+01 1.020000000000000000e+02 9.000000000000000000e+00 0.000000000000000000e+00 1.600000000000000089e+00 3.152999999999999987e-03 4.964999999999999795e-03 9.999829999999999552e-01 9.230009999999999604e-01 3.847670000000000257e-01 -4.819999999999999632e-03 -3.847840000000000149e-01 9.230009999999999604e-01 -3.369000000000000033e-03
1.400000000000000000e+01 4.000000000000000000e+00 1.100000000000000000e+01 0.000000000000000000e+00 1.600000000000000089e+00 -6.205399999999999805e-02 -6.637410000000000254e-01 -7.453840000000000465e-01 1.730820000000000136e-01 7.283509999999999707e-01 -6.629829999999999890e-01 9.829510000000000192e-01 -1.701529999999999987e-01 6.968499999999999694e-02
2.000000000000000000e+00 3.100000000000000000e+01 1.200000000000000000e+01 0.000000000000000000e+00 1.600000000000000089e+00 3.280000000000000038e-04 2.426000000000000205e-03 9.999970000000000248e-01 1.664099999999999954e-02 9.998590000000000533e-01 -2.431000000000000001e-03 -9.998609999999999998e-01 1.664200000000000054e-02 2.880000000000000073e-04
6.000000000000000000e+00 3.100000000000000000e+01 1.200000000000000000e+01 0.000000000000000000e+00 1.600000000000000089e+00 4.150000000000000043e-04 -6.099999999999999872e-05 1.000000000000000000e+00 1.697900000000000104e-02 9.998559999999999670e-01 5.399999999999999798e-05 -9.998559999999999670e-01 1.697900000000000104e-02 4.159999999999999744e-04
1.400000000000000000e+01 3.100000000000000000e+01 1.200000000000000000e+01 0.000000000000000000e+00 1.600000000000000089e+00 2.490000000000000026e-03 3.706000000000000093e-03 9.999900000000000455e-01 1.062800000000000029e-02 9.999369999999999647e-01 -3.732000000000000074e-03 -9.999400000000000510e-01 1.063700000000000062e-02 2.449999999999999921e-03
2.200000000000000000e+01 3.100000000000000000e+01 1.200000000000000000e+01 0.000000000000000000e+00 1.600000000000000089e+00 -9.439999999999999607e-04 8.319999999999999488e-04 9.999989999999999712e-01 -7.500999999999999855e-03 9.999719999999999720e-01 -8.390000000000000105e-04 -9.999710000000000543e-01 -7.500999999999999855e-03 -9.380000000000000317e-04
1.900000000000000000e+01 3.500000000000000000e+01 1.200000000000000000e+01 0.000000000000000000e+00 1.600000000000000089e+00 7.277999999999999747e-03 -2.641399999999999998e-02 -9.996249999999999858e-01 5.373559999999999448e-01 -8.429489999999999483e-01 2.618600000000000094e-02 -8.433239999999999625e-01 -5.373449999999999616e-01 8.057999999999999191e-03
2.600000000000000000e+01 3.500000000000000000e+01 1.200000000000000000e+01 0.000000000000000000e+00 1.600000000000000089e+00 -9.100000000000000016e-04 1.244000000000000097e-03 -9.999989999999999712e-01 5.114330000000000265e-01 -8.593220000000000303e-01 -1.533999999999999990e-03 -8.593229999999999480e-01 -5.114340000000000552e-01 1.459999999999999981e-04
9.000000000000000000e+00 3.200000000000000000e+01 1.400000000000000000e+01 0.000000000000000000e+00 1.600000000000000089e+00 1.670999999999999959e-03 1.938000000000000052e-03 -9.999970000000000248e-01 1.270380000000000120e-01 9.918959999999999999e-01 2.135000000000000179e-03 9.918959999999999999e-01 -1.270409999999999873e-01 1.410999999999999928e-03
1.700000000000000000e+01 1.200000000000000000e+01 1.500000000000000000e+01 0.000000000000000000e+00 1.600000000000000089e+00 -4.142799999999999955e-02 -5.866500000000000187e-02 -9.974180000000000268e-01 -4.641739999999999755e-01 -8.828770000000000229e-01 7.120700000000000640e-02 -8.847749999999999782e-01 4.659249999999999781e-01 9.344999999999999141e-03
2.500000000000000000e+01 1.200000000000000000e+01 1.500000000000000000e+01 0.000000000000000000e+00 1.600000000000000089e+00 -1.830000000000000029e-04 6.759000000000000251e-03 -9.999770000000000048e-01 -4.697689999999999921e-01 -8.827700000000000546e-01 -5.880999999999999943e-03 -8.827890000000000459e-01 4.697569999999999801e-01 3.337000000000000122e-03
2.400000000000000000e+01 1.100000000000000000e+01 1.600000000000000000e+01 0.000000000000000000e+00 1.600000000000000089e+00 -4.000000000000000327e-05 4.721999999999999635e-03 -9.999890000000000168e-01 -4.126650000000000040e-01 -9.108730000000000437e-01 -4.284999999999999747e-03 -9.108829999999999982e-01 4.126610000000000000e-01 1.984999999999999785e-03
3.000000000000000000e+00 1.160000000000000000e+02 1.600000000000000000e+01 0.000000000000000000e+00 1.600000000000000089e+00 9.120000000000000502e-04 1.301000000000000073e-03 9.999989999999999712e-01 6.768669999999999964e-01 7.361039999999999806e-01 -1.575000000000000011e-03 -7.361050000000000093e-01 6.768669999999999964e-01 -2.090000000000000115e-04
1.100000000000000000e+01 1.160000000000000000e+02 1.600000000000000000e+01 0.000000000000000000e+00 1.600000000000000089e+00 5.369999999999999774e-03 6.231999999999999693e-03 9.999660000000000215e-01 6.857410000000000450e-01 7.277989999999999737e-01 -8.219000000000000611e-03 -7.278259999999999730e-01 6.857619999999999827e-01 -3.660000000000000059e-04
1.400000000000000000e+01 1.160000000000000000e+02 1.600000000000000000e+01 0.000000000000000000e+00 1.600000000000000089e+00 1.553500000000000020e-02 2.568399999999999850e-02 9.995490000000000208e-01 7.016250000000000542e-01 7.119480000000000253e-01 -2.919899999999999926e-02 -7.123770000000000380e-01 7.017619999999999969e-01 -6.961000000000000174e-03
2.000000000000000000e+01 1.160000000000000000e+02 1.600000000000000000e+01 0.000000000000000000e+00 1.600000000000000089e+00 2.786999999999999981e-03 4.320000000000000055e-03 9.999869999999999592e-01 7.565100000000000158e-01 6.539639999999999898e-01 -4.932999999999999885e-03 -6.539770000000000305e-01 7.565129999999999910e-01 -1.445000000000000104e-03
2.500000000000000000e+01 1.160000000000000000e+02 1.600000000000000000e+01 0.000000000000000000e+00 1.600000000000000089e+00 -6.809999999999999647e-04 -1.902999999999999961e-03 9.999980000000000535e-01 7.534410000000000274e-01 6.575130000000000141e-01 1.765000000000000076e-03 -6.575149999999999606e-01 7.534410000000000274e-01 9.859999999999998974e-04
2.000000000000000000e+00 2.000000000000000000e+00 1.900000000000000000e+01 0.000000000000000000e+00 1.600000000000000089e+00 1.056000000000000081e-03 -3.069999999999999812e-03 -9.999949999999999672e-01 1.607919999999999905e-01 -9.869830000000000547e-01 3.200000000000000153e-03 -9.869879999999999765e-01 -1.607949999999999935e-01 -5.490000000000000088e-04
7.000000000000000000e+00 2.000000000000000000e+00 1.900000000000000000e+01 0.000000000000000000e+00 1.600000000000000089e+00 -7.389999999999999651e-04 -8.807000000000000592e-03 -9.999609999999999888e-01 1.621539999999999926e-01 -9.867280000000000495e-01 8.569999999999999493e-03 -9.867650000000000032e-01 -1.621410000000000073e-01 2.157000000000000063e-03
1.400000000000000000e+01 2.000000000000000000e+00 1.900000000000000000e+01 0.000000000000000000e+00 1.600000000000000089e+00 -1.354999999999999954e-02 3.486800000000000316e-02 -9.992999999999999661e-01 1.820460000000000134e-01 -9.826030000000000042e-01 -3.675400000000000195e-02 -9.831969999999999876e-01 -1.824159999999999948e-01 6.967000000000000103e-03
2.300000000000000000e+01 2.000000000000000000e+00 1.900000000000000000e+01 0.000000000000000000e+00 1.600000000000000089e+00 -5.349999999999999938e-04 1.609100000000000114e-02 -9.998700000000000365e-01 2.582559999999999856e-01 -9.659489999999999466e-01 -1.568299999999999902e-02 -9.660760000000000458e-01 -2.582309999999999883e-01 -3.638999999999999874e-03
2.600000000000000000e+01 2.000000000000000000e+00 1.900000000000000000e+01 0.000000000000000000e+00 1.600000000000000089e+00 3.674999999999999881e-03 1.792600000000000096e-02 -9.998329999999999718e-01 2.533369999999999789e-01 -9.672389999999999599e-01 -1.641099999999999851e-02 -9.673709999999999809e-01 -2.532340000000000146e-01 -8.096000000000000765e-03
2.900000000000000000e+01 4.000000000000000000e+00 2.000000000000000000e+01 0.000000000000000000e+00 1.600000000000000089e+00 3.789999999999999966e-04 4.828999999999999959e-03 -9.999879999999999880e-01 4.537200000000000122e-01 -8.911350000000000104e-01 -4.131000000000000123e-03 -8.911440000000000472e-01 -4.537129999999999774e-01 -2.528999999999999998e-03
6.000000000000000000e+00 1.300000000000000000e+01 2.000000000000000000e+01 0.000000000000000000e+00 1.600000000000000089e+00 9.640000000000000131e-04 7.420000000000000380e-04 9.999989999999999712e-01 2.620709999999999984e-01 9.650480000000000169e-01 -9.690000000000000262e-04 -9.650480000000000169e-01 2.620720000000000272e-01 7.360000000000000006e-04
1.000000000000000000e+01 1.300000000000000000e+01 2.000000000000000000e+01 0.000000000000000000e+00 1.600000000000000089e+00 1.129999999999999928e-03 1.087399999999999999e-02 9.999400000000000510e-01 2.614699999999999802e-01 9.651509999999999811e-01 -1.079100000000000024e-02 -9.652110000000000412e-01 2.614670000000000050e-01 -1.752000000000000085e-03
1.700000000000000000e+01 1.300000000000000000e+01 2.000000000000000000e+01 0.000000000000000000e+00 1.600000000000000089e+00 3.899999999999999821e-03 5.888899999999999690e-02 9.982569999999999499e-01 2.602260000000000129e-01 9.638120000000000021e-01 -5.787400000000000183e-02 -9.655399999999999539e-01 2.599980000000000069e-01 -1.156599999999999989e-02
2.300000000000000000e+01 1.300000000000000000e+01 2.000000000000000000e+01 0.000000000000000000e+00 1.600000000000000089e+00 5.079999999999999880e-04 1.861999999999999940e-03 9.999980000000000535e-01 2.575830000000000064e-01 9.662539999999999463e-01 -1.930000000000000075e-03 -9.662560000000000038e-01 2.575839999999999796e-01 1.099999999999999971e-05
2.800000000000000000e+01 1.300000000000000000e+01 2.000000000000000000e+01 0.000000000000000000e+00 1.600000000000000089e+00 -7.690000000000000438e-04 3.831999999999999903e-03 9.999919999999999920e-01 2.578090000000000104e-01 9.661899999999999933e-01 -3.504000000000000170e-03 -9.661960000000000548e-01 2.578039999999999776e-01 -1.730999999999999900e-03
3.000000000000000000e+00 1.600000000000000000e+01 2.100000000000000000e+01 0.000000000000000000e+00 1.600000000000000089e+00 5.860000000000000408e-04 -3.031999999999999973e-03 9.999949999999999672e-01 2.972389999999999755e-01 9.547989999999999533e-01 2.720999999999999894e-03 -9.548029999999999573e-01 2.972360000000000002e-01 1.459999999999999926e-03
7.000000000000000000e+00 1.600000000000000000e+01 2.100000000000000000e+01 0.000000000000000000e+00 1.600000000000000089e+00 1.959999999999999937e-04 1.995999999999999944e-03 9.999980000000000535e-01 2.955599999999999894e-01 9.553220000000000045e-01 -1.965000000000000167e-03 -9.553239999999999510e-01 2.955599999999999894e-01 -4.029999999999999837e-04
1.000000000000000000e+01 1.600000000000000000e+01 2.100000000000000000e+01 0.000000000000000000e+00 1.600000000000000089e+00 1.137999999999999906e-03 1.013099999999999938e-02 9.999479999999999480e-01 2.948620000000000130e-01 9.554869999999999752e-01 -1.001600000000000060e-02 -9.555390000000000272e-01 2.948580000000000090e-01 -1.899999999999999996e-03
1.700000000000000000e+01 1.600000000000000000e+01 2.100000000000000000e+01 0.000000000000000000e+00 1.600000000000000089e+00 6.801999999999999887e-03 6.342299999999999327e-02 9.979630000000000445e-01 2.979419999999999846e-01 9.525310000000000166e-01 -6.256699999999999762e-02 -9.545599999999999641e-01 2.977609999999999979e-01 -1.241699999999999922e-02
2.200000000000000000e+01 1.600000000000000000e+01 2.100000000000000000e+01 0.000000000000000000e+00 1.600000000000000089e+00 3.640000000000000115e-04 3.745000000000000065e-03 9.999930000000000208e-01 2.997819999999999929e-01 9.539999999999999591e-01 -3.681999999999999943e-03 -9.540079999999999671e-01 2.997819999999999929e-01 -7.759999999999999971e-04
2.300000000000000000e+01 3.000000000000000000e+00 2.500000000000000000e+01 0.000000000000000000e+00 1.600000000000000089e+00 -6.000000000000000152e-06 4.749999999999999882e-03 9.999890000000000168e-01 -3.108700000000000005e-02 -9.995049999999999768e-01 4.747999999999999617e-03 9.995169999999999888e-01 -3.108700000000000005e-02 1.540000000000000028e-04
7.000000000000000000e+00 4.600000000000000000e+01 2.700000000000000000e+01 0.000000000000000000e+00 1.600000000000000089e+00 1.134999999999999941e-03 1.603999999999999957e-03 -9.999980000000000535e-01 6.885580000000000034e-01 7.251779999999999893e-01 1.944999999999999897e-03 7.251800000000000468e-01 -6.885590000000000321e-01 -2.809999999999999998e-04
4.000000000000000000e+00 5.800000000000000000e+01 3.100000000000000000e+01 0.000000000000000000e+00 1.600000000000000089e+00 -1.379999999999999933e-03 -4.119999999999999856e-04 9.999989999999999712e-01 -7.966710000000000180e-01 -6.044119999999999493e-01 -1.348999999999999939e-03 6.044119999999999493e-01 -7.966720000000000468e-01 5.060000000000000478e-04
9.000000000000000000e+00 5.800000000000000000e+01 3.100000000000000000e+01 0.000000000000000000e+00 1.600000000000000089e+00 9.150000000000000147e-04 -1.502999999999999996e-03 9.999980000000000535e-01 -7.980570000000000164e-01 -6.025819999999999510e-01 -1.749999999999999982e-04 6.025810000000000333e-01 -7.980559999999999876e-01 -1.750999999999999952e-03
1.400000000000000000e+01 5.800000000000000000e+01 3.100000000000000000e+01 0.000000000000000000e+00 1.600000000000000089e+00 2.007099999999999856e-02 3.830900000000000277e-02 9.990639999999999521e-01 -7.895799999999999486e-01 -6.123859999999999859e-01 3.934399999999999703e-02 6.133199999999999763e-01 -7.896300000000000541e-01 1.795700000000000074e-02
2.000000000000000000e+01 5.800000000000000000e+01 3.100000000000000000e+01 0.000000000000000000e+00 1.600000000000000089e+00 2.961999999999999789e-03 9.223000000000000295e-03 9.999529999999999808e-01 -7.707079999999999487e-01 -6.371369999999999534e-01 8.158999999999999586e-03 6.371820000000000261e-01 -7.706960000000000477e-01 5.220999999999999946e-03
2.500000000000000000e+01 5.800000000000000000e+01 3.100000000000000000e+01 0.000000000000000000e+00 1.600000000000000089e+00 -3.810000000000000019e-03 -1.868000000000000086e-03 9.999909999999999632e-01 -7.690219999999999834e-01 -6.392090000000000272e-01 -4.124000000000000062e-03 6.392109999999999737e-01 -7.690310000000000201e-01 9.990000000000001049e-04
5.000000000000000000e+00 4.600000000000000000e+01 3.500000000000000000e+01 0.000000000000000000e+00 1.600000000000000089e+00 1.050000000000000044e-04 3.469999999999999777e-04 -1.000000000000000000e+00 3.889889999999999737e-01 -9.212430000000000341e-01 -2.790000000000000054e-04 -9.212430000000000341e-01 -3.889889999999999737e-01 -2.320000000000000014e-04
1.400000000000000000e+01 4.600000000000000000e+01 3.500000000000000000e+01 0.000000000000000000e+00 1.600000000000000089e+00 -8.890000000000000333e-04 2.607599999999999849e-02 -9.996599999999999930e-01 3.899659999999999793e-01 -9.205069999999999641e-01 -2.435899999999999871e-02 -9.208290000000000086e-01 -3.898550000000000071e-01 -9.350999999999999937e-03
1.900000000000000000e+01 4.600000000000000000e+01 3.500000000000000000e+01 0.000000000000000000e+00 1.600000000000000089e+00 -8.009999999999999542e-04 1.406400000000000011e-02 -9.999010000000000398e-01 3.948940000000000228e-01 -9.186309999999999754e-01 -1.323700000000000050e-02 -9.187269999999999603e-01 -3.948650000000000215e-01 -4.818000000000000234e-03
2.200000000000000000e+01 4.600000000000000000e+01 3.500000000000000000e+01 0.000000000000000000e+00 1.600000000000000089e+00 -7.360000000000000006e-04 1.074000000000000085e-03 -9.999989999999999712e-01 3.948240000000000083e-01 -9.187560000000000171e-01 -1.278000000000000056e-03 -9.187570000000000459e-01 -3.948240000000000083e-01 2.519999999999999996e-04
2.600000000000000000e+01 4.600000000000000000e+01 3.500000000000000000e+01 0.000000000000000000e+00 1.600000000000000089e+00 -3.899999999999999929e-04 -1.456000000000000046e-03 -9.999989999999999712e-01 3.925379999999999980e-01 -9.197349999999999692e-01 1.185999999999999988e-03 -9.197359999999999980e-01 -3.925370000000000248e-01 9.300000000000000541e-04
2.900000000000000000e+01 4.600000000000000000e+01 3.500000000000000000e+01 0.000000000000000000e+00 1.600000000000000089e+00 6.999999999999999387e-05 -1.965999999999999866e-03 -9.999980000000000535e-01 3.915230000000000099e-01 -9.201669999999999572e-01 1.835999999999999958e-03 -9.201679999999999859e-01 -3.915219999999999811e-01 7.050000000000000060e-04
2.000000000000000000e+00 9.500000000000000000e+01 3.600000000000000000e+01 0.000000000000000000e+00 1.600000000000000089e+00 -6.130000000000000466e-04 4.834999999999999888e-03 9.999879999999999880e-01 9.969069999999999876e-01 7.858999999999999320e-02 2.310000000000000042e-04 -7.858800000000000507e-02 9.968949999999999756e-01 -4.867999999999999931e-03
5.000000000000000000e+00 9.500000000000000000e+01 3.600000000000000000e+01 0.000000000000000000e+00 1.600000000000000089e+00 1.910000000000000077e-04 6.007000000000000187e-03 9.999820000000000375e-01 9.968110000000000026e-01 7.979300000000000281e-02 -6.700000000000000226e-04 -7.979600000000000581e-02 9.967930000000000401e-01 -5.971999999999999878e-03
2.000000000000000000e+01 9.500000000000000000e+01 3.600000000000000000e+01 0.000000000000000000e+00 1.600000000000000089e+00 6.666000000000000050e-03 5.559299999999999659e-02 9.984309999999999574e-01 9.971130000000000271e-01 7.514999999999999458e-02 -1.084199999999999921e-02 -7.563499999999999390e-02 9.956209999999999782e-01 -5.493200000000000166e-02
2.700000000000000000e+01 9.500000000000000000e+01 3.600000000000000000e+01 0.000000000000000000e+00 1.600000000000000089e+00 -1.433000000000000029e-03 -1.292500000000000072e-02 9.999149999999999983e-01 9.971719999999999473e-01 7.511099999999999721e-02 2.399999999999999790e-03 -7.513599999999999446e-02 9.970909999999999496e-01 1.278100000000000069e-02
1.700000000000000000e+01 3.000000000000000000e+00 4.300000000000000000e+01 0.000000000000000000e+00 1.600000000000000089e+00 3.157100000000000184e-02 1.759189999999999920e-01 -9.838980000000000503e-01 7.315450000000000008e-01 -6.748309999999999587e-01 -9.718400000000000649e-02 -6.810610000000000275e-01 -7.166979999999999462e-01 -1.499979999999999924e-01
5.000000000000000000e+00 2.900000000000000000e+01 4.400000000000000000e+01 0.000000000000000000e+00 1.600000000000000089e+00 -1.652000000000000040e-03 1.430000000000000064e-04 -9.999989999999999712e-01 6.551219999999999821e-01 7.555220000000000269e-01 -9.740000000000000394e-04 7.555209999999999981e-01 -6.551230000000000109e-01 -1.342000000000000094e-03
1.100000000000000000e+01 2.900000000000000000e+01 4.400000000000000000e+01 0.000000000000000000e+00 1.600000000000000089e+00 2.439999999999999949e-04 4.508999999999999987e-03 -9.999900000000000455e-01 6.544889999999999874e-01 7.560630000000000406e-01 3.569000000000000124e-03 7.560719999999999663e-01 -6.544830000000000370e-01 -2.766999999999999928e-03
1.700000000000000000e+01 2.900000000000000000e+01 4.400000000000000000e+01 0.000000000000000000e+00 1.600000000000000089e+00 1.546499999999999958e-02 2.557900000000000104e-02 -9.995530000000000248e-01 6.495419999999999527e-01 7.597540000000000404e-01 2.949200000000000085e-02 7.601689999999999836e-01 -6.497079999999999522e-01 -4.865000000000000401e-03
2.300000000000000000e+01 2.900000000000000000e+01 4.400000000000000000e+01 0.000000000000000000e+00 1.600000000000000089e+00 2.302999999999999926e-03 2.161000000000000160e-03 -9.999949999999999672e-01 6.505549999999999944e-01 7.594530000000000447e-01 3.138999999999999863e-03 7.594560000000000199e-01 -6.505589999999999984e-01 3.429999999999999889e-04
2.500000000000000000e+01 2.900000000000000000e+01 4.400000000000000000e+01 0.000000000000000000e+00 1.600000000000000089e+00 1.258999999999999920e-03 1.343999999999999926e-03 -9.999980000000000535e-01 6.499759999999999982e-01 7.599529999999999896e-01 1.838999999999999923e-03 7.599540000000000184e-01 -6.499770000000000270e-01 8.299999999999999815e-05
2.400000000000000000e+01 6.500000000000000000e+01 4.600000000000000000e+01 0.000000000000000000e+00 1.600000000000000089e+00 -2.059999999999999928e-04 -5.950000000000000427e-04 1.000000000000000000e+00 6.815539999999999932e-01 -7.317679999999999740e-01 -2.950000000000000148e-04 7.317679999999999740e-01 6.815529999999999644e-01 5.559999999999999621e-04
2.000000000000000000e+01 5.000000000000000000e+00 5.100000000000000000e+01 0.000000000000000000e+00 1.600000000000000089e+00 2.920999999999999985e-03 1.607499999999999901e-02 -9.998660000000000325e-01 4.833649999999999891e-01 -8.753279999999999950e-01 -1.266100000000000038e-02 -8.754140000000000255e-01 -4.832629999999999981e-01 -1.032699999999999937e-02
2.900000000000000000e+01 5.000000000000000000e+00 5.100000000000000000e+01 0.000000000000000000e+00 1.600000000000000089e+00 5.951999999999999826e-03 3.154999999999999818e-03 -9.999770000000000048e-01 4.807179999999999787e-01 -8.768749999999999600e-01 9.500000000000000523e-05 -8.768550000000000511e-01 -4.807080000000000242e-01 -6.735999999999999800e-03
1.000000000000000000e+00 6.000000000000000000e+00 5.100000000000000000e+01 0.000000000000000000e+00 1.600000000000000089e+00 6.680000000000000174e-03 1.781000000000000031e-03 -9.999759999999999760e-01 3.222960000000000269e-01 -9.466390000000000082e-01 4.659999999999999971e-04 -9.466149999999999842e-01 -3.222920000000000229e-01 -6.897000000000000353e-03
2.000000000000000000e+00 7.000000000000000000e+00 5.200000000000000000e+01 0.000000000000000000e+00 1.600000000000000089e+00 7.078000000000000090e-03 -8.469999999999999881e-04 -9.999749999999999472e-01 8.447399999999999354e-02 -9.964250000000000052e-01 1.441999999999999922e-03 -9.963999999999999524e-01 -8.448300000000000254e-02 -6.982000000000000359e-03
1.000000000000000000e+00 6.300000000000000000e+01 5.400000000000000000e+01 0.000000000000000000e+00 1.600000000000000089e+00 2.138999999999999842e-03 2.913999999999999924e-03 9.999940000000000495e-01 -3.567250000000000143e-01 9.342070000000000096e-01 -1.958999999999999804e-03 -9.342070000000000096e-01 -3.567190000000000083e-01 3.037999999999999902e-03
5.000000000000000000e+00 6.300000000000000000e+01 5.400000000000000000e+01 0.000000000000000000e+00 1.600000000000000089e+00 5.199999999999999544e-04 4.205000000000000404e-03 9.999909999999999632e-01 -3.571010000000000018e-01 9.340580000000000549e-01 -3.742000000000000100e-03 -9.340659999999999519e-01 -3.570960000000000245e-01 1.988000000000000184e-03
8.000000000000000000e+00 6.300000000000000000e+01 5.400000000000000000e+01 0.000000000000000000e+00 1.600000000000000089e+00 -5.569999999999999864e-04 2.700999999999999842e-03 9.999959999999999960e-01 -3.553680000000000172e-01 9.347229999999999706e-01 -2.722000000000000027e-03 -9.347259999999999458e-01 -3.553680000000000172e-01 4.389999999999999914e-04
1.000000000000000000e+01 6.300000000000000000e+01 5.400000000000000000e+01 0.000000000000000000e+00 1.600000000000000089e+00 3.499999999999999693e-05 3.109999999999999917e-03 9.999949999999999672e-01 -3.548839999999999772e-01 9.349060000000000148e-01 -2.896000000000000137e-03 -9.349100000000000188e-01 -3.548819999999999752e-01 1.136000000000000074e-03
1.700000000000000000e+01 6.300000000000000000e+01 5.400000000000000000e+01 0.000000000000000000e+00 1.600000000000000089e+00 4.819999999999999632e-03 2.526199999999999973e-02 9.996690000000000298e-01 -3.510079999999999867e-01 9.361150000000000304e-01 -2.196400000000000088e-02 -9.363599999999999701e-01 -3.507859999999999867e-01 1.337900000000000027e-02
2.100000000000000000e+01 6.300000000000000000e+01 5.400000000000000000e+01 0.000000000000000000e+00 1.600000000000000089e+00 6.070000000000000092e-04 9.200000000000000007e-05 1.000000000000000000e+00 -3.475730000000000208e-01 9.376529999999999587e-01 1.240000000000000054e-04 -9.376529999999999587e-01 -3.475730000000000208e-01 6.009999999999999717e-04
2.700000000000000000e+01 6.300000000000000000e+01 5.400000000000000000e+01 0.000000000000000000e+00 1.600000000000000089e+00 -1.209999999999999921e-03 4.003999999999999747e-03 9.999909999999999632e-01 -3.433339999999999725e-01 9.392040000000000388e-01 -4.176000000000000024e-03 -9.392129999999999646e-01 -3.433359999999999745e-01 2.380000000000000117e-04
3.000000000000000000e+00 2.500000000000000000e+01 5.500000000000000000e+01 0.000000000000000000e+00 1.600000000000000089e+00 1.955000000000000140e-03 2.030000000000000012e-04 -9.999980000000000535e-01 -1.257600000000000037e-02 -9.999209999999999487e-01 -2.269999999999999882e-04 -9.999190000000000023e-01 1.257600000000000037e-02 -1.951999999999999959e-03
9.000000000000000000e+00 2.500000000000000000e+01 5.500000000000000000e+01 0.000000000000000000e+00 1.600000000000000089e+00 -3.370000000000000057e-04 -2.599999999999999840e-05 -1.000000000000000000e+00 -1.221399999999999916e-02 -9.999249999999999527e-01 3.000000000000000076e-05 -9.999249999999999527e-01 1.221399999999999916e-02 3.370000000000000057e-04
1.500000000000000000e+01 2.500000000000000000e+01 5.500000000000000000e+01 0.000000000000000000e+00 1.600000000000000089e+00 9.849999999999999815e-04 8.725999999999999382e-03 -9.999609999999999888e-01 -1.247000000000000018e-02 -9.998839999999999950e-01 -8.736999999999999975e-03 -9.999219999999999775e-01 1.247799999999999951e-02 -8.760000000000000425e-04
1.800000000000000000e+01 2.500000000000000000e+01 5.500000000000000000e+01 0.000000000000000000e+00 1.600000000000000089e+00 2.125999999999999852e-03 6.205999999999999711e-03 -9.999780000000000335e-01 -1.290999999999999960e-02 -9.998970000000000358e-01 -6.232999999999999825e-03 -9.999139999999999695e-01 1.292300000000000046e-02 -2.044999999999999943e-03
2.500000000000000000e+01 2.500000000000000000e+01 5.500000000000000000e+01 0.000000000000000000e+00 1.600000000000000089e+00 -4.800000000000000122e-04 -1.620000000000000075e-04 -1.000000000000000000e+00 -1.173800000000000017e-02 -9.999310000000000143e-01 1.679999999999999907e-04 -9.999310000000000143e-01 1.173800000000000017e-02 4.780000000000000178e-04
2.900000000000000000e+01 2.500000000000000000e+01 5.500000000000000000e+01 0.000000000000000000e+00 1.600000000000000089e+00 1.779999999999999898e-04 -5.041999999999999607e-03 -9.999869999999999592e-01 -1.173300000000000037e-02 -9.999179999999999735e-01 5.040000000000000209e-03 -9.999310000000000143e-01 1.173199999999999937e-02 -2.369999999999999874e-04
1.800000000000000000e+01 2.100000000000000000e+01 6.000000000000000000e+01 0.000000000000000000e+00 1.600000000000000089e+00 -3.011999999999999920e-03 3.575600000000000306e-02 9.993560000000000221e-01 -9.366700000000000026e-02 9.949569999999999803e-01 -3.588100000000000317e-02 -9.955990000000000117e-01 -9.371500000000000663e-02 3.530000000000000152e-04
2.700000000000000000e+01 2.100000000000000000e+01 6.000000000000000000e+01 0.000000000000000000e+00 1.600000000000000089e+00 6.109999999999999980e-04 -9.683999999999999900e-03 9.999529999999999808e-01 -9.414200000000000346e-02 9.955119999999999525e-01 9.698000000000000023e-03 -9.955589999999999717e-01 -9.414300000000000446e-02 -3.029999999999999924e-04
2.000000000000000000e+01 3.000000000000000000e+00 6.300000000000000000e+01 0.000000000000000000e+00 1.600000000000000089e+00 9.439999999999999607e-04 2.377500000000000099e-02 9.997169999999999668e-01 -6.175530000000000186e-01 7.863210000000000477e-01 -1.811700000000000116e-02 -7.865290000000000337e-01 -6.173610000000000486e-01 1.542499999999999948e-02
2.400000000000000000e+01 3.000000000000000000e+00 6.300000000000000000e+01 0.000000000000000000e+00 1.600000000000000089e+00 1.013999999999999927e-03 4.730999999999999962e-03 9.999879999999999880e-01 -6.154129999999999878e-01 7.881989999999999830e-01 -3.105000000000000121e-03 -7.882050000000000445e-01 -6.154020000000000046e-01 3.710999999999999889e-03
4.000000000000000000e+00 2.700000000000000000e+01 6.300000000000000000e+01 0.000000000000000000e+00 1.600000000000000089e+00 3.075000000000000042e-03 3.780000000000000265e-04 9.999949999999999672e-01 -2.876589999999999980e-01 9.577329999999999455e-01 5.220000000000000031e-04 -9.577280000000000237e-01 -2.876589999999999980e-01 3.053999999999999857e-03
8.000000000000000000e+00 2.700000000000000000e+01 6.300000000000000000e+01 0.000000000000000000e+00 1.600000000000000089e+00 -5.730000000000000501e-04 5.954000000000000091e-03 9.999820000000000375e-01 -2.908120000000000149e-01 9.567620000000000013e-01 -5.863000000000000156e-03 -9.567799999999999638e-01 -2.908100000000000129e-01 1.183000000000000024e-03
1.300000000000000000e+01 2.700000000000000000e+01 6.300000000000000000e+01 0.000000000000000000e+00 1.600000000000000089e+00 -3.148000000000000190e-03 2.619700000000000153e-02 9.996519999999999850e-01 -2.862330000000000152e-01 9.578069999999999640e-01 -2.600200000000000081e-02 -9.581549999999999789e-01 -2.862149999999999972e-01 4.483000000000000006e-03
1.900000000000000000e+01 2.700000000000000000e+01 6.300000000000000000e+01 0.000000000000000000e+00 1.600000000000000089e+00 -1.637999999999999916e-03 1.368300000000000072e-02 9.999050000000000438e-01 -2.801679999999999726e-01 9.598550000000000137e-01 -1.359400000000000018e-02 -9.599499999999999700e-01 -2.801640000000000241e-01 2.260999999999999989e-03
2.300000000000000000e+01 2.700000000000000000e+01 6.300000000000000000e+01 0.000000000000000000e+00 1.600000000000000089e+00 2.468000000000000142e-03 2.491999999999999858e-03 9.999940000000000495e-01 -2.774949999999999917e-01 9.607259999999999689e-01 -1.709999999999999932e-03 -9.607240000000000224e-01 -2.774889999999999857e-01 3.062000000000000052e-03
2.800000000000000000e+01 2.700000000000000000e+01 6.300000000000000000e+01 0.000000000000000000e+00 1.600000000000000089e+00 -9.600000000000000243e-05 7.879999999999999635e-04 1.000000000000000000e+00 -2.739260000000000028e-01 9.617499999999999938e-01 -7.839999999999999747e-04 -9.617510000000000225e-01 -2.739260000000000028e-01 1.240000000000000054e-04
4.000000000000000000e+00 2.600000000000000000e+01 6.400000000000000000e+01 0.000000000000000000e+00 1.600000000000000089e+00 5.297999999999999758e-03 3.031999999999999973e-03 9.999810000000000088e-01 -3.705979999999999830e-01 9.287929999999999797e-01 -8.530000000000000256e-04 -9.287779999999999925e-01 -3.705860000000000265e-01 6.045000000000000026e-03
8.000000000000000000e+00 2.600000000000000000e+01 6.400000000000000000e+01 0.000000000000000000e+00 1.600000000000000089e+00 -8.940000000000000464e-04 8.465999999999999567e-03 9.999639999999999640e-01 -3.719259999999999788e-01 9.282259999999999955e-01 -8.191000000000000364e-03 -9.282620000000000315e-01 -3.719199999999999728e-01 2.318999999999999881e-03
1.200000000000000000e+01 2.600000000000000000e+01 6.400000000000000000e+01 0.000000000000000000e+00 1.600000000000000089e+00 -5.392000000000000091e-03 2.335900000000000129e-02 9.997129999999999628e-01 -3.685919999999999752e-01 9.292890000000000317e-01 -2.370200000000000085e-02 -9.295759999999999579e-01 -3.686139999999999972e-01 3.599999999999999901e-03
2.400000000000000000e+01 2.600000000000000000e+01 6.400000000000000000e+01 0.000000000000000000e+00 1.600000000000000089e+00 2.518999999999999972e-03 4.786000000000000323e-03 9.999850000000000128e-01 -3.658850000000000158e-01 9.306529999999999525e-01 -3.533000000000000116e-03 -9.306569999999999565e-01 -3.658710000000000018e-01 4.095999999999999815e-03
2.800000000000000000e+01 2.600000000000000000e+01 6.400000000000000000e+01 0.000000000000000000e+00 1.600000000000000089e+00 1.749999999999999982e-04 8.819999999999999715e-04 1.000000000000000000e+00 -3.621219999999999994e-01 9.321310000000000429e-01 -7.590000000000000175e-04 -9.321310000000000429e-01 -3.621210000000000262e-01 4.829999999999999767e-04
2.200000000000000000e+01 6.900000000000000000e+01 6.600000000000000000e+01 0.000000000000000000e+00 1.600000000000000089e+00 1.023000000000000038e-03 3.970999999999999704e-03 9.999919999999999920e-01 -9.517189999999999817e-01 3.069700000000000206e-01 -2.449999999999999921e-04 -3.069680000000000186e-01 -9.517109999999999737e-01 4.094000000000000417e-03
2.700000000000000000e+01 6.900000000000000000e+01 6.600000000000000000e+01 0.000000000000000000e+00 1.600000000000000089e+00 1.266999999999999897e-03 4.177000000000000157e-03 9.999900000000000455e-01 -9.508600000000000385e-01 3.096200000000000063e-01 -8.799999999999999771e-05 -3.096169999999999756e-01 -9.508510000000000018e-01 4.363999999999999824e-03
1.100000000000000000e+01 2.500000000000000000e+01 7.300000000000000000e+01 0.000000000000000000e+00 1.600000000000000089e+00 6.749999999999999924e-03 6.891000000000000424e-03 9.999540000000000095e-01 7.571670000000000345e-01 -6.532210000000000516e-01 -6.089999999999999494e-04 6.531860000000000444e-01 7.571360000000000312e-01 -9.627000000000000141e-03
1.700000000000000000e+01 2.500000000000000000e+01 7.300000000000000000e+01 0.000000000000000000e+00 1.600000000000000089e+00 1.155600000000000030e-02 1.028399999999999974e-02 9.998799999999999910e-01 7.484790000000000054e-01 -6.631559999999999677e-01 -1.828999999999999897e-03 6.630580000000000362e-01 7.484100000000000197e-01 -1.536099999999999965e-02
2.400000000000000000e+01 2.500000000000000000e+01 7.300000000000000000e+01 0.000000000000000000e+00 1.600000000000000089e+00 -2.586000000000000191e-03 -6.290000000000000018e-04 9.999959999999999960e-01 7.450569999999999693e-01 -6.669990000000000085e-01 1.507000000000000093e-03 6.669950000000000045e-01 7.450590000000000268e-01 2.193000000000000071e-03
