1.400000000000000000e+01 2.500000000000000000e+01 1.000000000000000000e+00 0.000000000000000000e+00 1.600000000000000089e+00 1.621000000000000045e-03 -2.100000000000000087e-04 -9.999989999999999712e-01 -5.172020000000000506e-01 -8.558630000000000404e-01 -6.589999999999999721e-04 -8.558620000000000116e-01 5.172020000000000506e-01 -1.495999999999999934e-03
8.000000000000000000e+00 1.500000000000000000e+01 4.000000000000000000e+00 0.000000000000000000e+00 1.600000000000000089e+00 2.017000000000000130e-03 -4.492000000000000333e-03 9.999879999999999880e-01 3.109450000000000269e-01 -9.504150000000000098e-01 -4.896000000000000178e-03 9.504259999999999931e-01 3.109509999999999774e-01 -5.199999999999999544e-04
1.200000000000000000e+01 1.500000000000000000e+01 4.000000000000000000e+00 0.000000000000000000e+00 1.600000000000000089e+00 1.214999999999999934e-03 -1.039999999999999936e-04 9.999989999999999712e-01 3.106320000000000192e-01 -9.505299999999999860e-01 -4.760000000000000234e-04 9.505299999999999860e-01 3.106320000000000192e-01 -1.121999999999999950e-03
1.900000000000000000e+01 1.500000000000000000e+01 4.000000000000000000e+00 0.000000000000000000e+00 1.600000000000000089e+00 -3.099999999999999999e-04 6.151000000000000217e-03 9.999810000000000088e-01 3.133889999999999731e-01 -9.496059999999999501e-01 5.937999999999999702e-03 9.496250000000000524e-01 3.133850000000000247e-01 -1.632999999999999903e-03
2.600000000000000000e+01 1.500000000000000000e+01 4.000000000000000000e+00 0.000000000000000000e+00 1.600000000000000089e+00 -1.379000000000000017e-03 -8.361000000000000376e-03 9.999639999999999640e-01 3.152719999999999967e-01 -9.489720000000000377e-01 -7.498999999999999590e-03 9.489999999999999547e-01 3.152499999999999747e-01 3.944999999999999722e-03
2.800000000000000000e+01 1.500000000000000000e+01 4.000000000000000000e+00 0.000000000000000000e+00 1.600000000000000089e+00 4.440000000000000045e-04 -6.891999999999999689e-03 9.999759999999999760e-01 3.167050000000000143e-01 -9.485010000000000385e-01 -6.676999999999999776e-03 9.485240000000000338e-01 3.166999999999999815e-01 1.761999999999999894e-03
1.800000000000000000e+01 1.010000000000000000e+02 7.000000000000000000e+00 0.000000000000000000e+00 1.600000000000000089e+00 4.479999999999999933e-04 -2.039999999999999984e-04 1.000000000000000000e+00 8.863189999999999680e-01 4.630750000000000144e-01 -3.020000000000000223e-04 -4.630750000000000144e-01 8.863189999999999680e-01 3.879999999999999985e-04
2.200000000000000000e+01 1.010000000000000000e+02 7.000000000000000000e+00 0.000000000000000000e+00 1.600000000000000089e+00 3.572000000000000088e-03 8.736000000000000709e-03 9.999550000000000383e-01 8.876969999999999583e-01 4.603709999999999747e-01 -7.191999999999999608e-03 -4.604139999999999899e-01 8.876829999999999998e-01 -6.109999999999999980e-03
2.600000000000000000e+01 1.010000000000000000e+02 7.000000000000000000e+00 0.000000000000000000e+00 1.600000000000000089e+00 8.409999999999999507e-04 -7.470000000000000077e-03 9.999719999999999720e-01 8.886910000000000087e-01 4.584980000000000167e-01 2.677999999999999825e-03 -4.585049999999999959e-01 8.886640000000000095e-01 7.023999999999999862e-03
2.900000000000000000e+01 1.010000000000000000e+02 7.000000000000000000e+00 0.000000000000000000e+00 1.600000000000000089e+00 -1.240000000000000000e-03 -1.387500000000000018e-02 9.999029999999999863e-01 8.889770000000000172e-01 4.578900000000000192e-01 7.457000000000000087e-03 -4.579489999999999950e-01 8.889000000000000234e-01 1.176699999999999968e-02
7.000000000000000000e+00 2.500000000000000000e+01 8.000000000000000000e+00 0.000000000000000000e+00 1.600000000000000089e+00 1.649999999999999991e-04 -2.174000000000000151e-03 -9.999980000000000535e-01 4.451080000000000036e-01 8.954750000000000210e-01 -1.874000000000000015e-03 8.954769999999999675e-01 -4.451060000000000016e-01 1.116000000000000021e-03
1.000000000000000000e+01 2.500000000000000000e+01 8.000000000000000000e+00 0.000000000000000000e+00 1.600000000000000089e+00 -4.859999999999999954e-04 -7.476000000000000006e-03 -9.999719999999999720e-01 4.471640000000000059e-01 8.944260000000000543e-01 -6.904999999999999680e-03 8.944520000000000248e-01 -4.471539999999999959e-01 2.907999999999999995e-03
1.400000000000000000e+01 2.500000000000000000e+01 8.000000000000000000e+00 0.000000000000000000e+00 1.600000000000000089e+00 -2.099999999999999870e-03 -5.506999999999999743e-03 -9.999829999999999552e-01 4.481550000000000256e-01 8.939369999999999816e-01 -5.864000000000000289e-03 8.939540000000000264e-01 -4.481589999999999741e-01 5.910000000000000539e-04
1.800000000000000000e+01 2.500000000000000000e+01 8.000000000000000000e+00 0.000000000000000000e+00 1.600000000000000089e+00 -1.502999999999999996e-03 -6.499999999999999702e-04 -9.999989999999999712e-01 4.490879999999999872e-01 8.934870000000000312e-01 -1.255999999999999955e-03 8.934860000000000024e-01 -4.490890000000000160e-01 -1.051000000000000068e-03
2.700000000000000000e+01 2.500000000000000000e+01 8.000000000000000000e+00 0.000000000000000000e+00 1.600000000000000089e+00 -1.079999999999999960e-04 -4.192000000000000413e-03 -9.999909999999999632e-01 4.487220000000000097e-01 8.936629999999999852e-01 -3.794000000000000063e-03 8.936709999999999932e-01 -4.487189999999999790e-01 1.783999999999999996e-03
3.000000000000000000e+00 2.400000000000000000e+01 9.000000000000000000e+00 0.000000000000000000e+00 1.600000000000000089e+00 -3.199999999999999855e-05 4.205000000000000404e-03 -9.999909999999999632e-01 4.487490000000000090e-01 8.936500000000000554e-01 3.743999999999999932e-03 8.936579999999999524e-01 -4.487450000000000050e-01 -1.915999999999999951e-03
7.000000000000000000e+00 2.400000000000000000e+01 9.000000000000000000e+00 0.000000000000000000e+00 1.600000000000000089e+00 -2.530000000000000239e-04 -2.788999999999999813e-03 -9.999959999999999960e-01 4.507220000000000115e-01 8.926610000000000378e-01 -2.603999999999999978e-03 8.926650000000000418e-01 -4.507200000000000095e-01 1.031999999999999931e-03
1.000000000000000000e+01 2.400000000000000000e+01 9.000000000000000000e+00 0.000000000000000000e+00 1.600000000000000089e+00 -6.999999999999999929e-04 -7.706000000000000176e-03 -9.999700000000000255e-01 4.526160000000000183e-01 8.916770000000000529e-01 -7.187999999999999945e-03 8.917049999999999699e-01 -4.526069999999999816e-01 2.863999999999999792e-03
1.400000000000000000e+01 2.400000000000000000e+01 9.000000000000000000e+00 0.000000000000000000e+00 1.600000000000000089e+00 -1.760000000000000063e-03 -4.196000000000000077e-03 -9.999900000000000455e-01 4.536410000000000164e-01 8.911729999999999929e-01 -4.538000000000000367e-03 8.911829999999999474e-01 -4.536439999999999917e-01 3.350000000000000113e-04
1.900000000000000000e+01 2.400000000000000000e+01 9.000000000000000000e+00 0.000000000000000000e+00 1.600000000000000089e+00 -1.299000000000000024e-03 3.435999999999999818e-03 -9.999930000000000208e-01 4.548139999999999961e-01 8.905830000000000135e-01 2.468999999999999841e-03 8.905849999999999600e-01 -4.548079999999999901e-01 -2.720000000000000195e-03
2.700000000000000000e+01 2.400000000000000000e+01 9.000000000000000000e+00 0.000000000000000000e+00 1.600000000000000089e+00 9.000000000000000567e-05 -4.675999999999999601e-03 -9.999890000000000168e-01 4.531709999999999905e-01 8.914140000000000397e-01 -4.127999999999999725e-03 8.914229999999999654e-01 -4.531660000000000132e-01 2.199000000000000000e-03
1.600000000000000000e+01 3.100000000000000000e+01 1.200000000000000000e+01 0.000000000000000000e+00 1.600000000000000089e+00 1.900000000000000105e-04 -2.651999999999999844e-03 9.999959999999999960e-01 -7.050000000000000060e-04 9.999959999999999960e-01 2.651999999999999844e-03 -1.000000000000000000e+00 -7.050000000000000060e-04 1.890000000000000133e-04
1.100000000000000000e+01 3.200000000000000000e+01 1.400000000000000000e+01 0.000000000000000000e+00 1.600000000000000089e+00 1.990000000000000124e-04 -3.499999999999999693e-05 -1.000000000000000000e+00 1.084350000000000036e-01 9.941029999999999589e-01 -1.299999999999999920e-05 9.941029999999999589e-01 -1.084350000000000036e-01 2.020000000000000040e-04
2.200000000000000000e+01 3.200000000000000000e+01 1.400000000000000000e+01 0.000000000000000000e+00 1.600000000000000089e+00 1.359999999999999989e-04 4.270000000000000358e-03 -9.999909999999999632e-01 1.063130000000000047e-01 9.943239999999999856e-01 4.259999999999999898e-03 9.943330000000000224e-01 -1.063130000000000047e-01 -3.190000000000000019e-04
4.000000000000000000e+00 1.200000000000000000e+01 1.500000000000000000e+01 0.000000000000000000e+00 1.600000000000000089e+00 -8.120000000000000048e-04 -9.117000000000000104e-03 -9.999580000000000135e-01 -4.650230000000000197e-01 -8.852579999999999893e-01 8.448999999999999913e-03 -8.852980000000000294e-01 4.650099999999999789e-01 -3.520999999999999824e-03
8.000000000000000000e+00 1.200000000000000000e+01 1.500000000000000000e+01 0.000000000000000000e+00 1.600000000000000089e+00 -2.076999999999999853e-03 -5.831000000000000245e-03 -9.999810000000000088e-01 -4.671529999999999849e-01 -8.841550000000000242e-01 6.126000000000000369e-03 -8.841740000000000155e-01 4.671560000000000157e-01 -8.880000000000000089e-04
1.100000000000000000e+01 1.200000000000000000e+01 1.500000000000000000e+01 0.000000000000000000e+00 1.600000000000000089e+00 -1.203999999999999992e-03 3.280000000000000038e-04 -9.999989999999999712e-01 -4.707540000000000058e-01 -8.822649999999999659e-01 2.770000000000000110e-04 -8.822640000000000482e-01 4.707540000000000058e-01 1.216000000000000067e-03
1.500000000000000000e+01 1.200000000000000000e+01 1.500000000000000000e+01 0.000000000000000000e+00 1.600000000000000089e+00 -6.819999999999999890e-04 -2.455000000000000151e-03 -9.999970000000000248e-01 -4.724160000000000026e-01 -8.813720000000000443e-01 2.485999999999999929e-03 -8.813760000000000483e-01 4.724160000000000026e-01 -5.590000000000000351e-04
1.700000000000000000e+01 1.160000000000000000e+02 1.600000000000000000e+01 0.000000000000000000e+00 1.600000000000000089e+00 4.879999999999999898e-04 2.416000000000000179e-03 9.999970000000000248e-01 6.948490000000000499e-01 7.191530000000000422e-01 -2.076999999999999853e-03 -7.191560000000000175e-01 6.948469999999999924e-01 -1.327000000000000055e-03
1.200000000000000000e+01 2.000000000000000000e+00 1.900000000000000000e+01 0.000000000000000000e+00 1.600000000000000089e+00 7.439999999999999782e-04 1.933999999999999955e-03 -9.999980000000000535e-01 1.901919999999999999e-01 -9.817449999999999788e-01 -1.757000000000000098e-03 -9.817470000000000363e-01 -1.901899999999999979e-01 -1.098000000000000018e-03
1.900000000000000000e+01 2.000000000000000000e+00 1.900000000000000000e+01 0.000000000000000000e+00 1.600000000000000089e+00 1.988000000000000184e-03 5.550000000000000462e-04 -9.999980000000000535e-01 1.910640000000000116e-01 -9.815779999999999506e-01 -1.649999999999999991e-04 -9.815760000000000041e-01 -1.910630000000000106e-01 -2.057999999999999934e-03
2.300000000000000000e+01 2.000000000000000000e+00 1.900000000000000000e+01 0.000000000000000000e+00 1.600000000000000089e+00 -7.770000000000000214e-04 -1.324000000000000090e-03 -9.999989999999999712e-01 1.927099999999999924e-01 -9.812549999999999883e-01 1.149000000000000065e-03 -9.812560000000000171e-01 -1.927089999999999914e-01 1.018000000000000025e-03
2.900000000000000000e+01 2.000000000000000000e+00 1.900000000000000000e+01 0.000000000000000000e+00 1.600000000000000089e+00 -1.559999999999999972e-03 -5.500000000000000196e-05 -9.999989999999999712e-01 1.953709999999999891e-01 -9.807289999999999619e-01 -2.509999999999999753e-04 -9.807280000000000442e-01 -1.953709999999999891e-01 1.541000000000000052e-03
2.500000000000000000e+01 4.000000000000000000e+00 2.000000000000000000e+01 0.000000000000000000e+00 1.600000000000000089e+00 -3.027000000000000177e-03 -2.618999999999999800e-03 -9.999919999999999920e-01 3.058670000000000000e-01 -9.520729999999999471e-01 1.567999999999999949e-03 -9.520690000000000541e-01 -3.058600000000000207e-01 3.683000000000000076e-03
3.000000000000000000e+01 4.000000000000000000e+00 2.000000000000000000e+01 0.000000000000000000e+00 1.600000000000000089e+00 -2.314999999999999784e-03 -3.707999999999999925e-03 -9.999900000000000455e-01 3.097940000000000138e-01 -9.507999999999999785e-01 2.808999999999999865e-03 -9.508010000000000073e-01 -3.097849999999999770e-01 3.350000000000000113e-03
7.000000000000000000e+00 1.300000000000000000e+01 2.000000000000000000e+01 0.000000000000000000e+00 1.600000000000000089e+00 -1.050000000000000044e-04 -2.936999999999999941e-03 9.999959999999999960e-01 2.599549999999999916e-01 9.656169999999999476e-01 2.863000000000000093e-03 -9.656209999999999516e-01 2.599540000000000184e-01 6.620000000000000450e-04
1.300000000000000000e+01 1.300000000000000000e+01 2.000000000000000000e+01 0.000000000000000000e+00 1.600000000000000089e+00 -5.419999999999999471e-04 -3.527999999999999886e-03 9.999940000000000495e-01 2.609239999999999893e-01 9.653530000000000166e-01 3.546999999999999806e-03 -9.653589999999999671e-01 2.609250000000000180e-01 3.970000000000000005e-04
1.500000000000000000e+01 1.300000000000000000e+01 2.000000000000000000e+01 0.000000000000000000e+00 1.600000000000000089e+00 2.220000000000000022e-04 -1.098999999999999934e-03 9.999989999999999712e-01 2.608210000000000250e-01 9.653869999999999951e-01 1.002999999999999985e-03 -9.653869999999999951e-01 2.608210000000000250e-01 5.010000000000000347e-04
2.000000000000000000e+01 1.300000000000000000e+01 2.000000000000000000e+01 0.000000000000000000e+00 1.600000000000000089e+00 3.339999999999999870e-04 5.879999999999999810e-04 1.000000000000000000e+00 2.596609999999999752e-01 9.657000000000000028e-01 -6.539999999999999590e-04 -9.657000000000000028e-01 2.596609999999999752e-01 1.700000000000000122e-04
2.500000000000000000e+01 1.300000000000000000e+01 2.000000000000000000e+01 0.000000000000000000e+00 1.600000000000000089e+00 2.239999999999999966e-04 -1.662999999999999982e-03 9.999989999999999712e-01 2.582630000000000203e-01 9.660729999999999595e-01 1.549000000000000030e-03 -9.660750000000000171e-01 2.582619999999999916e-01 6.459999999999999814e-04
2.800000000000000000e+01 1.300000000000000000e+01 2.000000000000000000e+01 0.000000000000000000e+00 1.600000000000000089e+00 -1.577000000000000060e-03 -8.760000000000000425e-04 9.999980000000000535e-01 2.574940000000000007e-01 9.662789999999999990e-01 1.252000000000000075e-03 -9.662789999999999990e-01 2.574949999999999739e-01 -1.297999999999999892e-03
4.000000000000000000e+00 3.000000000000000000e+00 2.500000000000000000e+01 0.000000000000000000e+00 1.600000000000000089e+00 2.292000000000000200e-03 -1.649999999999999991e-04 9.999970000000000248e-01 -4.935099999999999903e-02 -9.987819999999999476e-01 -5.199999999999999680e-05 9.987789999999999724e-01 -4.934999999999999803e-02 -2.298000000000000129e-03
8.000000000000000000e+00 3.000000000000000000e+00 2.500000000000000000e+01 0.000000000000000000e+00 1.600000000000000089e+00 4.360000000000000269e-04 -4.237999999999999580e-03 9.999909999999999632e-01 -5.465099999999999819e-02 -9.984969999999999679e-01 -4.206999999999999802e-03 9.985049999999999759e-01 -5.464900000000000313e-02 -6.669999999999999497e-04
1.200000000000000000e+01 3.000000000000000000e+00 2.500000000000000000e+01 0.000000000000000000e+00 1.600000000000000089e+00 -8.850000000000000444e-04 2.639999999999999986e-03 9.999959999999999960e-01 -5.757999999999999924e-02 -9.983379999999999477e-01 2.583999999999999925e-03 9.983400000000000052e-01 -5.757700000000000318e-02 1.034999999999999896e-03
1.700000000000000000e+01 3.000000000000000000e+00 2.500000000000000000e+01 0.000000000000000000e+00 1.600000000000000089e+00 1.051999999999999984e-03 5.472000000000000301e-03 9.999850000000000128e-01 -5.866299999999999987e-02 -9.982630000000000114e-01 5.524000000000000264e-03 9.982769999999999699e-01 -5.866799999999999793e-02 -7.290000000000000473e-04
2.500000000000000000e+01 3.000000000000000000e+00 2.500000000000000000e+01 0.000000000000000000e+00 1.600000000000000089e+00 1.310000000000000129e-04 -1.861999999999999940e-03 9.999980000000000535e-01 -6.929799999999999849e-02 -9.975939999999999808e-01 -1.848000000000000033e-03 9.975960000000000383e-01 -6.929699999999999749e-02 -2.599999999999999772e-04
2.000000000000000000e+00 4.600000000000000000e+01 2.700000000000000000e+01 0.000000000000000000e+00 1.600000000000000089e+00 -6.089999999999999494e-04 -9.749999999999999552e-04 -9.999989999999999712e-01 6.769800000000000262e-01 7.360010000000000163e-01 -1.129000000000000012e-03 7.360010000000000163e-01 -6.769800000000000262e-01 2.120000000000000031e-04
1.200000000000000000e+01 4.600000000000000000e+01 2.700000000000000000e+01 0.000000000000000000e+00 1.600000000000000089e+00 -4.369999999999999970e-04 -5.100000000000000366e-04 -1.000000000000000000e+00 6.787549999999999972e-01 7.343640000000000168e-01 -6.710000000000000469e-04 7.343640000000000168e-01 -6.787560000000000260e-01 2.500000000000000120e-05
1.600000000000000000e+01 4.600000000000000000e+01 2.700000000000000000e+01 0.000000000000000000e+00 1.600000000000000089e+00 8.149999999999999693e-04 4.000000000000000327e-05 -1.000000000000000000e+00 6.782040000000000290e-01 7.348740000000000272e-01 5.829999999999999679e-04 7.348729999999999984e-01 -6.782040000000000290e-01 5.720000000000000258e-04
2.000000000000000000e+01 4.600000000000000000e+01 2.700000000000000000e+01 0.000000000000000000e+00 1.600000000000000089e+00 1.263000000000000017e-03 -5.450000000000000200e-04 -9.999989999999999712e-01 6.784949999999999593e-01 7.346049999999999525e-01 4.569999999999999952e-04 7.346040000000000347e-01 -6.784949999999999593e-01 1.297999999999999892e-03
6.000000000000000000e+00 4.600000000000000000e+01 3.000000000000000000e+01 0.000000000000000000e+00 1.600000000000000089e+00 8.700000000000000051e-05 -9.799999999999999684e-04 -9.999989999999999712e-01 3.309849999999999737e-01 9.436360000000000303e-01 -8.959999999999999866e-04 9.436360000000000303e-01 -3.309849999999999737e-01 4.060000000000000024e-04
6.000000000000000000e+00 5.800000000000000000e+01 3.100000000000000000e+01 0.000000000000000000e+00 1.600000000000000089e+00 -2.488999999999999893e-03 -1.108999999999999960e-03 9.999959999999999960e-01 -8.084700000000000220e-01 -5.885310000000000263e-01 -2.664000000000000135e-03 5.885320000000000551e-01 -8.084740000000000260e-01 5.680000000000000370e-04
1.000000000000000000e+01 5.800000000000000000e+01 3.100000000000000000e+01 0.000000000000000000e+00 1.600000000000000089e+00 -2.638000000000000154e-03 -8.289999999999999843e-04 9.999959999999999960e-01 -8.102209999999999690e-01 -5.861189999999999456e-01 -2.622999999999999898e-03 5.861189999999999456e-01 -8.102249999999999730e-01 8.739999999999999939e-04
1.400000000000000000e+01 5.800000000000000000e+01 3.100000000000000000e+01 0.000000000000000000e+00 1.600000000000000089e+00 6.380000000000000037e-04 -3.039000000000000035e-03 9.999949999999999672e-01 -8.102190000000000225e-01 -5.861269999999999536e-01 -1.263999999999999933e-03 5.861279999999999824e-01 -8.102139999999999898e-01 -2.835999999999999979e-03
1.800000000000000000e+01 5.800000000000000000e+01 3.100000000000000000e+01 0.000000000000000000e+00 1.600000000000000089e+00 -2.015999999999999997e-03 -4.310000000000000137e-04 9.999980000000000535e-01 -8.101800000000000113e-01 -5.861779999999999768e-01 -1.886000000000000090e-03 5.861779999999999768e-01 -8.101819999999999578e-01 8.329999999999999731e-04
2.500000000000000000e+01 5.800000000000000000e+01 3.100000000000000000e+01 0.000000000000000000e+00 1.600000000000000089e+00 -9.920000000000000432e-04 1.177000000000000095e-03 9.999989999999999712e-01 -8.113409999999999789e-01 -5.845730000000000093e-01 -1.169999999999999979e-04 5.845719999999999805e-01 -8.113399999999999501e-01 1.534999999999999906e-03
2.900000000000000000e+01 5.800000000000000000e+01 3.100000000000000000e+01 0.000000000000000000e+00 1.600000000000000089e+00 -1.505999999999999960e-03 -6.070000000000000092e-04 9.999989999999999712e-01 -8.089049999999999851e-01 -5.879379999999999606e-01 -1.575000000000000011e-03 5.879379999999999606e-01 -8.089060000000000139e-01 3.950000000000000061e-04
7.000000000000000000e+00 4.600000000000000000e+01 3.500000000000000000e+01 0.000000000000000000e+00 1.600000000000000089e+00 -4.769999999999999934e-04 -2.469999999999999973e-03 -9.999970000000000248e-01 3.902610000000000245e-01 -9.207020000000000204e-01 2.088000000000000012e-03 -9.207039999999999669e-01 -3.902590000000000225e-01 1.402999999999999950e-03
1.300000000000000000e+01 4.600000000000000000e+01 3.500000000000000000e+01 0.000000000000000000e+00 1.600000000000000089e+00 1.369999999999999961e-04 1.958000000000000105e-03 -9.999980000000000535e-01 3.922539999999999916e-01 -9.198549999999999782e-01 -1.747999999999999988e-03 -9.198570000000000357e-01 -3.922530000000000183e-01 -8.940000000000000464e-04
1.900000000000000000e+01 4.600000000000000000e+01 3.500000000000000000e+01 0.000000000000000000e+00 1.600000000000000089e+00 -5.270000000000000162e-04 -8.980000000000000352e-04 -1.000000000000000000e+00 3.923459999999999726e-01 -9.198180000000000245e-01 6.199999999999999999e-04 -9.198180000000000245e-01 -3.923449999999999993e-01 8.369999999999999619e-04
2.500000000000000000e+01 4.600000000000000000e+01 3.500000000000000000e+01 0.000000000000000000e+00 1.600000000000000089e+00 5.890000000000000053e-04 -5.649999999999999641e-04 -1.000000000000000000e+00 3.914409999999999834e-01 -9.202029999999999932e-01 7.510000000000000399e-04 -9.202029999999999932e-01 -3.914409999999999834e-01 -3.209999999999999963e-04
1.400000000000000000e+01 9.500000000000000000e+01 3.600000000000000000e+01 0.000000000000000000e+00 1.600000000000000089e+00 -8.109999999999999154e-03 -1.446000000000000020e-03 9.999660000000000215e-01 9.970750000000000446e-01 7.599499999999999311e-02 8.196000000000000160e-03 -7.600400000000000211e-02 9.971069999999999656e-01 8.260000000000000198e-04
2.000000000000000000e+01 9.500000000000000000e+01 3.600000000000000000e+01 0.000000000000000000e+00 1.600000000000000089e+00 1.994000000000000113e-03 -2.053500000000000117e-02 9.997869999999999813e-01 9.969799999999999773e-01 7.765800000000000480e-02 -3.930000000000000117e-04 -7.763299999999999368e-02 9.967690000000000161e-01 2.062800000000000050e-02
7.000000000000000000e+00 3.000000000000000000e+00 4.300000000000000000e+01 0.000000000000000000e+00 1.600000000000000089e+00 2.487000000000000061e-03 -1.534699999999999953e-02 -9.998789999999999623e-01 7.320010000000000128e-01 -6.811930000000000485e-01 1.227699999999999972e-02 -6.812989999999999879e-01 -7.319430000000000103e-01 9.539999999999999869e-03
1.000000000000000000e+01 3.000000000000000000e+00 4.300000000000000000e+01 0.000000000000000000e+00 1.600000000000000089e+00 4.600000000000000004e-05 -8.038000000000000006e-03 -9.999679999999999680e-01 7.353990000000000249e-01 -6.776119999999999921e-01 5.480999999999999761e-03 -6.776339999999999586e-01 -7.353760000000000296e-01 5.879999999999999810e-03
1.400000000000000000e+01 3.000000000000000000e+00 4.300000000000000000e+01 0.000000000000000000e+00 1.600000000000000089e+00 -1.861000000000000024e-03 1.104400000000000000e-02 -9.999369999999999647e-01 7.352520000000000167e-01 -6.777360000000000051e-01 -8.854000000000000759e-03 -6.777910000000000323e-01 -7.352220000000000422e-01 -6.858999999999999646e-03
1.600000000000000000e+01 3.000000000000000000e+00 4.300000000000000000e+01 0.000000000000000000e+00 1.600000000000000089e+00 -4.260000000000000006e-04 7.656999999999999744e-03 -9.999710000000000543e-01 7.364319999999999755e-01 -6.764890000000000070e-01 -5.493999999999999752e-03 -6.765109999999999735e-01 -7.364129999999999843e-01 -5.350999999999999854e-03
2.100000000000000000e+01 3.000000000000000000e+00 4.300000000000000000e+01 0.000000000000000000e+00 1.600000000000000089e+00 1.427000000000000100e-03 2.190000000000000106e-04 -9.999989999999999712e-01 7.398719999999999741e-01 -6.727469999999999839e-01 9.089999999999999773e-04 -6.727459999999999551e-01 -7.398730000000000029e-01 -1.121999999999999950e-03
2.400000000000000000e+01 3.000000000000000000e+00 4.300000000000000000e+01 0.000000000000000000e+00 1.600000000000000089e+00 2.099999999999999884e-05 -3.350999999999999812e-03 -9.999940000000000495e-01 7.415070000000000272e-01 -6.709420000000000384e-01 2.263999999999999953e-03 -6.709460000000000424e-01 -7.415019999999999945e-01 2.471000000000000106e-03
7.000000000000000000e+00 2.900000000000000000e+01 4.400000000000000000e+01 0.000000000000000000e+00 1.600000000000000089e+00 -2.849999999999999886e-04 -4.150000000000000043e-04 -1.000000000000000000e+00 6.675659999999999927e-01 7.445500000000000451e-01 -5.000000000000000104e-04 7.445500000000000451e-01 -6.675659999999999927e-01 6.499999999999999431e-05
1.300000000000000000e+01 2.900000000000000000e+01 4.400000000000000000e+01 0.000000000000000000e+00 1.600000000000000089e+00 2.484999999999999796e-03 -2.753999999999999938e-03 -9.999930000000000208e-01 6.752820000000000489e-01 7.375589999999999646e-01 -3.530000000000000152e-04 7.375549999999999606e-01 -6.752770000000000161e-01 3.693000000000000102e-03
1.600000000000000000e+01 2.900000000000000000e+01 4.400000000000000000e+01 0.000000000000000000e+00 1.600000000000000089e+00 1.252999999999999991e-03 -3.938999999999999793e-03 -9.999909999999999632e-01 6.719019999999999992e-01 7.406369999999999898e-01 -2.075000000000000022e-03 7.406390000000000473e-01 -6.718939999999999912e-01 3.573999999999999920e-03
2.200000000000000000e+01 2.900000000000000000e+01 4.400000000000000000e+01 0.000000000000000000e+00 1.600000000000000089e+00 -9.409999999999999962e-04 -5.091000000000000039e-03 -9.999869999999999592e-01 6.665370000000000461e-01 7.454589999999999828e-01 -4.422999999999999848e-03 7.454720000000000235e-01 -6.665320000000000134e-01 2.691999999999999948e-03
2.500000000000000000e+01 2.900000000000000000e+01 4.400000000000000000e+01 0.000000000000000000e+00 1.600000000000000089e+00 -2.229999999999999994e-04 -5.446999999999999585e-03 -9.999850000000000128e-01 6.642179999999999751e-01 7.475270000000000525e-01 -4.219999999999999793e-03 7.475389999999999535e-01 -6.642090000000000494e-01 3.451000000000000074e-03
1.000000000000000000e+01 5.000000000000000000e+00 5.100000000000000000e+01 0.000000000000000000e+00 1.600000000000000089e+00 -1.108999999999999960e-03 -2.533999999999999794e-03 -9.999959999999999960e-01 4.835820000000000118e-01 -8.752980000000000205e-01 1.681999999999999901e-03 -8.752990000000000492e-01 -4.835780000000000078e-01 2.196000000000000035e-03
1.800000000000000000e+01 5.000000000000000000e+00 5.100000000000000000e+01 0.000000000000000000e+00 1.600000000000000089e+00 7.519999999999999558e-04 1.090000000000000040e-03 -9.999989999999999712e-01 4.862819999999999920e-01 -8.738019999999999676e-01 -5.869999999999999567e-04 -8.738019999999999676e-01 -4.862810000000000188e-01 -1.188000000000000037e-03
2.300000000000000000e+01 5.000000000000000000e+00 5.100000000000000000e+01 0.000000000000000000e+00 1.600000000000000089e+00 -4.229999999999999819e-04 -5.050000000000000235e-04 -1.000000000000000000e+00 4.828569999999999807e-01 -8.756990000000000052e-01 2.380000000000000117e-04 -8.756990000000000052e-01 -4.828569999999999807e-01 6.139999999999999625e-04
3.000000000000000000e+00 6.000000000000000000e+00 5.100000000000000000e+01 0.000000000000000000e+00 1.600000000000000089e+00 1.248999999999999893e-03 2.054999999999999969e-03 -9.999970000000000248e-01 3.174719999999999764e-01 -9.482660000000000533e-01 -1.551999999999999994e-03 -9.482669999999999710e-01 -3.174690000000000012e-01 -1.835999999999999958e-03
5.000000000000000000e+00 1.600000000000000000e+01 5.200000000000000000e+01 0.000000000000000000e+00 1.600000000000000089e+00 -1.890500000000000166e-02 -1.972700000000000148e-02 -9.996270000000000433e-01 7.804240000000000066e-01 6.246629999999999683e-01 -2.708699999999999997e-02 6.249649999999999928e-01 -7.806450000000000333e-01 3.586999999999999911e-03
7.000000000000000000e+00 1.600000000000000000e+01 5.200000000000000000e+01 0.000000000000000000e+00 1.600000000000000089e+00 -1.569100000000000009e-02 -2.361399999999999957e-02 -9.995979999999999865e-01 7.902230000000000087e-01 6.122300000000000519e-01 -2.686699999999999852e-02 6.126190000000000246e-01 -7.903270000000000017e-01 9.053999999999999548e-03
6.000000000000000000e+00 6.300000000000000000e+01 5.400000000000000000e+01 0.000000000000000000e+00 1.600000000000000089e+00 -4.310000000000000137e-04 -1.810999999999999893e-03 9.999980000000000535e-01 -3.485980000000000190e-01 9.372709999999999653e-01 1.546999999999999981e-03 -9.372719999999999940e-01 -3.485969999999999902e-01 -1.034999999999999896e-03
1.100000000000000000e+01 6.300000000000000000e+01 5.400000000000000000e+01 0.000000000000000000e+00 1.600000000000000089e+00 1.123000000000000083e-03 -4.510000000000000120e-04 9.999989999999999712e-01 -3.416620000000000212e-01 9.398229999999999640e-01 8.080000000000000160e-04 -9.398220000000000462e-01 -3.416620000000000212e-01 9.009999999999999997e-04
1.600000000000000000e+01 6.300000000000000000e+01 5.400000000000000000e+01 0.000000000000000000e+00 1.600000000000000089e+00 2.349999999999999930e-04 4.820000000000000066e-04 1.000000000000000000e+00 -3.456830000000000180e-01 9.383510000000000462e-01 -3.710000000000000190e-04 -9.383510000000000462e-01 -3.456830000000000180e-01 3.869999999999999742e-04
2.100000000000000000e+01 6.300000000000000000e+01 5.400000000000000000e+01 0.000000000000000000e+00 1.600000000000000089e+00 -4.169999999999999987e-04 1.494000000000000102e-03 9.999989999999999712e-01 -3.486150000000000082e-01 9.372650000000000148e-01 -1.544999999999999932e-03 -9.372660000000000435e-01 -3.486159999999999815e-01 1.289999999999999914e-04
1.400000000000000000e+01 2.500000000000000000e+01 5.500000000000000000e+01 0.000000000000000000e+00 1.600000000000000089e+00 1.240999999999999916e-03 2.066999999999999827e-03 -9.999970000000000248e-01 -8.661000000000000296e-03 -9.999599999999999600e-01 -2.077999999999999986e-03 -9.999620000000000175e-01 8.663999999999999826e-03 -1.222999999999999912e-03
1.200000000000000000e+01 6.800000000000000000e+01 5.700000000000000000e+01 0.000000000000000000e+00 1.600000000000000089e+00 6.040000000000000447e-04 3.627000000000000016e-03 -9.999930000000000208e-01 -2.426560000000000106e-01 -9.701060000000000239e-01 -3.664999999999999855e-03 -9.701119999999999743e-01 2.426560000000000106e-01 2.939999999999999905e-04
1.800000000000000000e+01 2.000000000000000000e+01 6.000000000000000000e+01 0.000000000000000000e+00 1.600000000000000089e+00 8.711999999999999258e-03 -1.754199999999999857e-02 9.998080000000000300e-01 -6.167500000000000066e-02 9.979329999999999590e-01 1.804700000000000054e-02 -9.980580000000000007e-01 -6.182100000000000095e-02 7.611999999999999843e-03
2.700000000000000000e+01 2.000000000000000000e+01 6.000000000000000000e+01 0.000000000000000000e+00 1.600000000000000089e+00 -5.398000000000000020e-03 -1.092000000000000089e-03 9.999850000000000128e-01 -4.762500000000000067e-02 9.988650000000000029e-01 8.339999999999999974e-04 -9.988510000000000444e-01 -4.762000000000000260e-02 -5.444000000000000054e-03
5.000000000000000000e+00 2.100000000000000000e+01 6.000000000000000000e+01 0.000000000000000000e+00 1.600000000000000089e+00 -2.843000000000000041e-03 -2.380000000000000171e-03 9.999930000000000208e-01 -9.644999999999999407e-02 9.953359999999999985e-01 2.095000000000000074e-03 -9.953340000000000520e-01 -9.644300000000000095e-02 -3.059000000000000087e-03
3.000000000000000000e+01 2.100000000000000000e+01 6.000000000000000000e+01 0.000000000000000000e+00 1.600000000000000089e+00 -8.814999999999999919e-03 -9.391000000000000042e-03 9.999169999999999447e-01 -8.861499999999999932e-02 9.960290000000000532e-01 8.573000000000000759e-03 -9.960269999999999957e-01 -8.853199999999999958e-02 -9.612000000000000752e-03
1.000000000000000000e+01 6.000000000000000000e+00 6.100000000000000000e+01 0.000000000000000000e+00 1.600000000000000089e+00 2.877999999999999916e-03 -6.568000000000000053e-03 9.999740000000000295e-01 5.688739999999999908e-01 -8.223949999999999871e-01 -7.039000000000000118e-03 8.224200000000000399e-01 5.688790000000000235e-01 1.369999999999999907e-03
1.800000000000000000e+01 3.000000000000000000e+00 6.300000000000000000e+01 0.000000000000000000e+00 1.600000000000000089e+00 1.270999999999999994e-03 -2.003000000000000006e-03 9.999970000000000248e-01 -6.167550000000000532e-01 7.871519999999999628e-01 2.360999999999999818e-03 -7.871540000000000203e-01 -6.167559999999999709e-01 -2.349999999999999930e-04
5.000000000000000000e+00 2.700000000000000000e+01 6.300000000000000000e+01 0.000000000000000000e+00 1.600000000000000089e+00 -2.419000000000000143e-03 -4.250999999999999571e-03 9.999879999999999880e-01 -2.706439999999999957e-01 9.626730000000000009e-01 3.438000000000000084e-03 -9.626759999999999762e-01 -2.706330000000000124e-01 -3.478999999999999888e-03
9.000000000000000000e+00 2.700000000000000000e+01 6.300000000000000000e+01 0.000000000000000000e+00 1.600000000000000089e+00 -3.229999999999999907e-04 -5.879999999999999810e-04 1.000000000000000000e+00 -2.737169999999999881e-01 9.618100000000000538e-01 4.769999999999999934e-04 -9.618100000000000538e-01 -2.737169999999999881e-01 -4.710000000000000102e-04
1.500000000000000000e+01 2.700000000000000000e+01 6.300000000000000000e+01 0.000000000000000000e+00 1.600000000000000089e+00 -3.759999999999999779e-04 7.086000000000000285e-03 9.999749999999999472e-01 -2.704239999999999977e-01 9.627170000000000449e-01 -6.923999999999999599e-03 -9.627409999999999579e-01 -2.704190000000000205e-01 1.554000000000000043e-03
2.200000000000000000e+01 2.700000000000000000e+01 6.300000000000000000e+01 0.000000000000000000e+00 1.600000000000000089e+00 6.046000000000000159e-03 1.177000000000000095e-03 9.999810000000000088e-01 -2.846020000000000216e-01 9.586449999999999694e-01 5.919999999999999698e-04 -9.586270000000000069e-01 -2.846009999999999929e-01 6.131000000000000165e-03
2.500000000000000000e+01 2.700000000000000000e+01 6.300000000000000000e+01 0.000000000000000000e+00 1.600000000000000089e+00 3.772999999999999878e-03 3.266999999999999939e-03 9.999879999999999880e-01 -2.887310000000000154e-01 9.574080000000000368e-01 -2.037999999999999881e-03 -9.574030000000000040e-01 -2.887190000000000034e-01 4.556000000000000154e-03
5.000000000000000000e+00 2.600000000000000000e+01 6.400000000000000000e+01 0.000000000000000000e+00 1.600000000000000089e+00 -1.819000000000000087e-03 -3.200999999999999852e-03 9.999930000000000208e-01 -3.546290000000000275e-01 9.350039999999999463e-01 2.347999999999999827e-03 -9.350049999999999750e-01 -3.546219999999999928e-01 -2.835999999999999979e-03
1.000000000000000000e+01 2.600000000000000000e+01 6.400000000000000000e+01 0.000000000000000000e+00 1.600000000000000089e+00 3.750000000000000078e-04 1.005000000000000034e-03 9.999989999999999712e-01 -3.573549999999999782e-01 9.339680000000000204e-01 -8.040000000000000271e-04 -9.339690000000000492e-01 -3.573540000000000050e-01 7.089999999999999948e-04
1.400000000000000000e+01 2.600000000000000000e+01 6.400000000000000000e+01 0.000000000000000000e+00 1.600000000000000089e+00 -8.180000000000000422e-04 6.963999999999999704e-03 9.999749999999999472e-01 -3.533419999999999894e-01 9.354689999999999950e-01 -6.804000000000000152e-03 -9.354940000000000477e-01 -3.533390000000000142e-01 1.694999999999999892e-03
2.500000000000000000e+01 2.600000000000000000e+01 6.400000000000000000e+01 0.000000000000000000e+00 1.600000000000000089e+00 5.950999999999999693e-03 8.160000000000000586e-03 9.999489999999999768e-01 -3.780450000000000199e-01 9.257720000000000393e-01 -5.304999999999999820e-03 -9.257680000000000353e-01 -3.779939999999999967e-01 8.593999999999999209e-03
2.500000000000000000e+01 6.900000000000000000e+01 6.600000000000000000e+01 0.000000000000000000e+00 1.600000000000000089e+00 -3.565000000000000027e-03 3.631999999999999812e-03 9.999869999999999592e-01 -9.495519999999999516e-01 3.135769999999999946e-01 -4.524000000000000243e-03 -3.135890000000000066e-01 -9.495559999999999556e-01 2.331000000000000173e-03
1.100000000000000000e+01 3.100000000000000000e+01 7.100000000000000000e+01 0.000000000000000000e+00 1.600000000000000089e+00 -1.330000000000000019e-03 2.345999999999999995e-03 -9.999959999999999960e-01 -7.213389999999999525e-01 -6.925820000000000309e-01 -6.660000000000000338e-04 -6.925810000000000022e-01 7.213349999999999485e-01 2.612999999999999871e-03
4.000000000000000000e+00 2.500000000000000000e+01 7.300000000000000000e+01 0.000000000000000000e+00 1.600000000000000089e+00 -1.111000000000000008e-03 3.464000000000000065e-03 9.999930000000000208e-01 7.439710000000000489e-01 -6.682050000000000489e-01 3.141999999999999828e-03 6.682109999999999994e-01 7.439700000000000202e-01 -1.835000000000000043e-03
9.000000000000000000e+00 2.500000000000000000e+01 7.300000000000000000e+01 0.000000000000000000e+00 1.600000000000000089e+00 -8.140000000000000534e-04 3.310000000000000008e-03 9.999940000000000495e-01 7.452600000000000335e-01 -6.667680000000000273e-01 2.814000000000000095e-03 6.667729999999999491e-01 7.452579999999999760e-01 -1.923999999999999929e-03
1.300000000000000000e+01 2.500000000000000000e+01 7.300000000000000000e+01 0.000000000000000000e+00 1.600000000000000089e+00 -1.000000000000000021e-03 -3.200000000000000153e-03 9.999940000000000495e-01 7.437550000000000550e-01 -6.684510000000000174e-01 -1.394999999999999973e-03 6.684510000000000174e-01 7.437500000000000222e-01 3.047999999999999928e-03
2.300000000000000000e+01 2.500000000000000000e+01 7.300000000000000000e+01 0.000000000000000000e+00 1.600000000000000089e+00 -1.690000000000000096e-03 -4.760000000000000234e-04 9.999980000000000535e-01 7.444439999999999946e-01 -6.676849999999999730e-01 9.409999999999999962e-04 6.676830000000000265e-01 7.444439999999999946e-01 1.482999999999999943e-03
2.700000000000000000e+01 2.500000000000000000e+01 7.300000000000000000e+01 0.000000000000000000e+00 1.600000000000000089e+00 -1.404000000000000083e-03 -3.807000000000000054e-03 9.999919999999999920e-01 7.458970000000000322e-01 -6.660589999999999566e-01 -1.489000000000000089e-03 6.660589999999999566e-01 7.458890000000000242e-01 3.774000000000000011e-03
2.000000000000000000e+00 4.400000000000000000e+01 7.300000000000000000e+01 0.000000000000000000e+00 1.600000000000000089e+00 -2.719000000000000063e-03 2.092999999999999809e-03 9.999940000000000495e-01 5.391300000000000259e-02 -9.985429999999999584e-01 2.236999999999999839e-03 9.985420000000000407e-01 5.391800000000000065e-02 2.602000000000000146e-03
6.000000000000000000e+00 4.400000000000000000e+01 7.300000000000000000e+01 0.000000000000000000e+00 1.600000000000000089e+00 -1.013999999999999927e-03 -7.499999999999999343e-05 1.000000000000000000e+00 5.394700000000000190e-02 -9.985439999999999872e-01 -2.000000000000000164e-05 9.985429999999999584e-01 5.394700000000000190e-02 1.016999999999999892e-03
1.100000000000000000e+01 4.400000000000000000e+01 7.300000000000000000e+01 0.000000000000000000e+00 1.600000000000000089e+00 -1.214000000000000018e-03 -2.027000000000000156e-03 9.999970000000000248e-01 5.032500000000000168e-02 -9.987310000000000354e-01 -1.962999999999999901e-03 9.987319999999999531e-01 5.032299999999999968e-02 1.314999999999999980e-03
2.000000000000000000e+01 4.400000000000000000e+01 7.300000000000000000e+01 0.000000000000000000e+00 1.600000000000000089e+00 -1.015999999999999976e-03 -1.217999999999999899e-03 9.999989999999999712e-01 4.971400000000000124e-02 -9.987629999999999564e-01 -1.165999999999999936e-03 9.987629999999999564e-01 4.971300000000000024e-02 1.075999999999999917e-03
