7.000000000000000000e+00 2.500000000000000000e+01 1.000000000000000000e+00 0.000000000000000000e+00 1.600000000000000089e+00 -2.213000000000000123e-03 4.388000000000000407e-03 -9.999879999999999880e-01 -5.345410000000000439e-01 -8.451389999999999736e-01 -2.524999999999999901e-03 -8.451400000000000023e-01 5.345290000000000319e-01 4.214999999999999997e-03
1.300000000000000000e+01 2.500000000000000000e+01 1.000000000000000000e+00 0.000000000000000000e+00 1.600000000000000089e+00 -1.358999999999999965e-03 -2.694999999999999913e-03 -9.999949999999999672e-01 -5.345600000000000351e-01 -8.451250000000000151e-01 3.004000000000000160e-03 -8.451290000000000191e-01 5.345619999999999816e-01 -2.919999999999999961e-04
2.000000000000000000e+01 2.500000000000000000e+01 1.000000000000000000e+00 0.000000000000000000e+00 1.600000000000000089e+00 -1.859999999999999945e-04 -1.186399999999999955e-02 -9.999299999999999855e-01 -5.359709999999999752e-01 -8.441760000000000375e-01 1.011599999999999999e-02 -8.442359999999999864e-01 5.359350000000000502e-01 -6.202000000000000048e-03
2.300000000000000000e+01 2.500000000000000000e+01 1.000000000000000000e+00 0.000000000000000000e+00 1.600000000000000089e+00 -8.769999999999999584e-04 6.321000000000000230e-03 -9.999799999999999800e-01 -5.356199999999999850e-01 -8.444450000000000012e-01 -4.867999999999999931e-03 -8.444589999999999597e-01 5.356049999999999978e-01 4.126000000000000327e-03
2.700000000000000000e+01 2.500000000000000000e+01 1.000000000000000000e+00 0.000000000000000000e+00 1.600000000000000089e+00 1.984000000000000086e-03 2.884000000000000105e-02 -9.995819999999999705e-01 -5.315569999999999462e-01 -8.466390000000000304e-01 -2.548200000000000118e-02 -8.470199999999999951e-01 5.313849999999999962e-01 1.365000000000000067e-02
5.000000000000000000e+00 1.500000000000000000e+01 4.000000000000000000e+00 0.000000000000000000e+00 1.600000000000000089e+00 -3.488999999999999914e-03 -1.392499999999999988e-02 9.998970000000000358e-01 3.264580000000000259e-01 -9.451349999999999474e-01 -1.202300000000000070e-02 9.452049999999999619e-01 3.263820000000000054e-01 7.842999999999999278e-03
8.000000000000000000e+00 1.500000000000000000e+01 4.000000000000000000e+00 0.000000000000000000e+00 1.600000000000000089e+00 8.880000000000000089e-04 -4.054999999999999577e-03 9.999909999999999632e-01 3.256620000000000070e-01 -9.454770000000000119e-01 -4.122999999999999929e-03 9.454860000000000486e-01 3.256629999999999803e-01 4.809999999999999823e-04
1.200000000000000000e+01 1.500000000000000000e+01 4.000000000000000000e+00 0.000000000000000000e+00 1.600000000000000089e+00 1.191999999999999917e-03 -6.019999999999999961e-04 9.999989999999999712e-01 3.270270000000000121e-01 -9.450150000000000494e-01 -9.590000000000000000e-04 9.450140000000000207e-01 3.270279999999999854e-01 -9.290000000000000297e-04
1.600000000000000000e+01 1.500000000000000000e+01 4.000000000000000000e+00 0.000000000000000000e+00 1.600000000000000089e+00 3.820000000000000153e-04 -9.160000000000000390e-04 1.000000000000000000e+00 3.249810000000000199e-01 -9.457200000000000051e-01 -9.899999999999999946e-04 9.457210000000000338e-01 3.249810000000000199e-01 -6.399999999999999710e-05
2.200000000000000000e+01 1.500000000000000000e+01 4.000000000000000000e+00 0.000000000000000000e+00 1.600000000000000089e+00 1.910000000000000077e-04 2.573000000000000200e-03 9.999970000000000248e-01 3.197539999999999827e-01 -9.474979999999999514e-01 2.377000000000000206e-03 9.475010000000000376e-01 3.197530000000000094e-01 -1.002999999999999985e-03
2.600000000000000000e+01 1.500000000000000000e+01 4.000000000000000000e+00 0.000000000000000000e+00 1.600000000000000089e+00 1.064999999999999974e-03 2.946999999999999967e-03 9.999949999999999672e-01 3.215529999999999777e-01 -9.468889999999999807e-01 2.448000000000000089e-03 9.468910000000000382e-01 3.215480000000000005e-01 -1.955999999999999839e-03
2.900000000000000000e+01 1.500000000000000000e+01 4.000000000000000000e+00 0.000000000000000000e+00 1.600000000000000089e+00 1.791999999999999973e-03 3.210000000000000180e-03 9.999930000000000208e-01 3.228110000000000146e-01 -9.464599999999999680e-01 2.459999999999999947e-03 9.464620000000000255e-01 3.228039999999999798e-01 -2.733000000000000186e-03
1.700000000000000000e+01 9.000000000000000000e+01 4.000000000000000000e+00 0.000000000000000000e+00 1.600000000000000089e+00 2.115710000000000091e-01 5.847050000000000303e-01 -7.831719999999999793e-01 -3.055479999999999863e-01 8.007159999999999833e-01 5.152609999999999690e-01 9.283740000000000325e-01 1.302820000000000089e-01 3.480630000000000113e-01
7.000000000000000000e+00 8.700000000000000000e+01 6.000000000000000000e+00 0.000000000000000000e+00 1.600000000000000089e+00 -6.835719999999999574e-01 -6.259390000000000231e-01 -3.754060000000000175e-01 -7.280739999999999990e-01 6.209580000000000100e-01 2.903789999999999982e-01 5.135200000000000181e-02 4.718180000000000152e-01 -8.801989999999999537e-01
3.000000000000000000e+00 9.700000000000000000e+01 6.000000000000000000e+00 0.000000000000000000e+00 1.600000000000000089e+00 -5.547999999999999980e-03 7.745509999999999895e-01 6.324870000000000214e-01 -8.048579999999999623e-01 -3.788139999999999841e-01 4.568400000000000238e-01 5.934409999999999963e-01 -5.065279999999999783e-01 6.255049999999999777e-01
8.000000000000000000e+00 8.600000000000000000e+01 7.000000000000000000e+00 0.000000000000000000e+00 1.600000000000000089e+00 -6.872030000000000083e-01 -6.648539999999999450e-01 -2.927819999999999867e-01 -7.263669999999999849e-01 6.354699999999999793e-01 2.618559999999999777e-01 1.195799999999999988e-02 3.926149999999999918e-01 -9.196250000000000258e-01
4.000000000000000000e+00 2.500000000000000000e+01 8.000000000000000000e+00 0.000000000000000000e+00 1.600000000000000089e+00 1.036000000000000029e-03 4.930000000000000354e-03 -9.999869999999999592e-01 4.516490000000000227e-01 8.921820000000000306e-01 4.866999999999999799e-03 8.921949999999999603e-01 -4.516479999999999939e-01 -1.302999999999999905e-03
9.000000000000000000e+00 2.500000000000000000e+01 8.000000000000000000e+00 0.000000000000000000e+00 1.600000000000000089e+00 2.369999999999999874e-04 -2.359999999999999902e-04 -1.000000000000000000e+00 4.532169999999999810e-01 8.913999999999999702e-01 -1.029999999999999964e-04 8.913999999999999702e-01 -4.532169999999999810e-01 3.179999999999999776e-04
1.800000000000000000e+01 2.500000000000000000e+01 8.000000000000000000e+00 0.000000000000000000e+00 1.600000000000000089e+00 1.273000000000000043e-03 5.692000000000000011e-03 -9.999829999999999552e-01 4.528070000000000150e-01 8.915910000000000224e-01 5.650999999999999773e-03 8.916079999999999561e-01 -4.528059999999999863e-01 -1.443000000000000055e-03
2.000000000000000000e+01 2.500000000000000000e+01 8.000000000000000000e+00 0.000000000000000000e+00 1.600000000000000089e+00 1.822000000000000052e-03 3.637000000000000042e-03 -9.999919999999999920e-01 4.511530000000000262e-01 8.924379999999999535e-01 4.067999999999999568e-03 8.924450000000000438e-01 -4.511560000000000015e-01 -1.500000000000000038e-05
2.500000000000000000e+01 2.500000000000000000e+01 8.000000000000000000e+00 0.000000000000000000e+00 1.600000000000000089e+00 1.505000000000000044e-03 2.076999999999999853e-03 -9.999970000000000248e-01 4.504730000000000123e-01 8.927869999999999973e-01 2.531999999999999963e-03 8.927890000000000548e-01 -4.504750000000000143e-01 4.079999999999999968e-04
8.000000000000000000e+00 2.400000000000000000e+01 9.000000000000000000e+00 0.000000000000000000e+00 1.600000000000000089e+00 -1.100000000000000039e-04 1.302999999999999905e-03 -9.999989999999999712e-01 4.554830000000000267e-01 8.902440000000000353e-01 1.110000000000000092e-03 8.902440000000000353e-01 -4.554830000000000267e-01 -6.909999999999999910e-04
1.200000000000000000e+01 2.400000000000000000e+01 9.000000000000000000e+00 0.000000000000000000e+00 1.600000000000000089e+00 -6.049999999999999606e-04 2.175999999999999983e-03 -9.999970000000000248e-01 4.568720000000000003e-01 8.895309999999999606e-01 1.659000000000000101e-03 8.895319999999999894e-01 -4.568699999999999983e-01 -1.533000000000000074e-03
1.600000000000000000e+01 2.400000000000000000e+01 9.000000000000000000e+00 0.000000000000000000e+00 1.600000000000000089e+00 6.260000000000000373e-04 4.903000000000000240e-03 -9.999879999999999880e-01 4.559309999999999752e-01 8.900029999999999886e-01 4.649000000000000354e-03 8.900150000000000006e-01 -4.559279999999999999e-01 -1.678000000000000021e-03
2.000000000000000000e+01 2.400000000000000000e+01 9.000000000000000000e+00 0.000000000000000000e+00 1.600000000000000089e+00 2.062000000000000031e-03 3.082999999999999803e-03 -9.999930000000000208e-01 4.538679999999999937e-01 8.910609999999999919e-01 3.683000000000000076e-03 8.910660000000000247e-01 -4.538730000000000264e-01 4.380000000000000213e-04
2.500000000000000000e+01 2.400000000000000000e+01 9.000000000000000000e+00 0.000000000000000000e+00 1.600000000000000089e+00 6.340000000000000149e-04 5.297999999999999758e-03 -9.999860000000000415e-01 4.532550000000000190e-01 8.913670000000000204e-01 5.009999999999999697e-03 8.913809999999999789e-01 -4.532519999999999882e-01 -1.835999999999999958e-03
6.000000000000000000e+00 8.900000000000000000e+01 9.000000000000000000e+00 0.000000000000000000e+00 1.600000000000000089e+00 -9.307649999999999535e-01 -1.097000000000000102e-03 -3.656159999999999966e-01 -1.053690000000000043e-01 9.583720000000000017e-01 2.653670000000000195e-01 3.501049999999999995e-01 2.855190000000000228e-01 -8.921350000000000113e-01
1.000000000000000000e+01 1.200000000000000000e+01 1.000000000000000000e+01 0.000000000000000000e+00 1.600000000000000089e+00 -2.651000000000000145e-03 7.500000000000000156e-04 -9.999959999999999960e-01 -5.520479999999999832e-01 -8.338119999999999976e-01 8.379999999999999862e-04 -8.338079999999999936e-01 5.520490000000000119e-01 2.624000000000000030e-03
2.900000000000000000e+01 1.200000000000000000e+01 1.000000000000000000e+01 0.000000000000000000e+00 1.600000000000000089e+00 9.129999999999999661e-04 3.063000000000000184e-03 -9.999949999999999672e-01 -5.529979999999999896e-01 -8.331769999999999454e-01 -3.056999999999999822e-03 -8.331819999999999782e-01 5.529979999999999896e-01 9.330000000000000186e-04
2.800000000000000000e+01 4.000000000000000000e+00 1.100000000000000000e+01 0.000000000000000000e+00 1.600000000000000089e+00 2.596499999999999850e-02 -1.824510000000000021e-01 -9.828719999999999679e-01 1.290340000000000098e-01 9.755899999999999572e-01 -1.776909999999999878e-01 9.912999999999999590e-01 -1.222099999999999992e-01 4.887299999999999978e-02
2.500000000000000000e+01 3.100000000000000000e+01 1.200000000000000000e+01 0.000000000000000000e+00 1.600000000000000089e+00 -5.379000000000000101e-03 -2.478899999999999854e-02 9.996779999999999555e-01 -1.639300000000000132e-02 9.995610000000000328e-01 2.469800000000000120e-02 -9.998510000000000453e-01 -1.625499999999999862e-02 -5.782999999999999946e-03
3.000000000000000000e+01 3.100000000000000000e+01 1.200000000000000000e+01 0.000000000000000000e+00 1.600000000000000089e+00 -6.139000000000000359e-03 -3.412300000000000055e-02 9.993990000000000373e-01 -2.518300000000000052e-02 9.991060000000000496e-01 3.395900000000000307e-02 -9.996639999999999970e-01 -2.495899999999999855e-02 -6.993000000000000084e-03
2.000000000000000000e+00 3.500000000000000000e+01 1.200000000000000000e+01 0.000000000000000000e+00 1.600000000000000089e+00 -6.872999999999999769e-03 4.891000000000000382e-03 -9.999639999999999640e-01 4.381970000000000032e-01 -8.988490000000000091e-01 -7.407999999999999655e-03 -8.988530000000000131e-01 -4.382320000000000104e-01 4.034000000000000259e-03
2.400000000000000000e+01 3.500000000000000000e+01 1.200000000000000000e+01 0.000000000000000000e+00 1.600000000000000089e+00 -1.130500000000000081e-02 1.441199999999999946e-02 -9.998320000000000540e-01 4.998810000000000198e-01 -8.659040000000000070e-01 -1.813299999999999981e-02 -8.660200000000000120e-01 -5.000019999999999465e-01 2.585000000000000058e-03
9.000000000000000000e+00 8.400000000000000000e+01 1.200000000000000000e+01 0.000000000000000000e+00 1.600000000000000089e+00 -7.831310000000000215e-01 -5.940299999999999470e-01 -1.839409999999999934e-01 -6.218399999999999483e-01 7.458970000000000322e-01 2.386490000000000000e-01 -4.563000000000000216e-03 3.012759999999999883e-01 -9.535259999999999847e-01
1.400000000000000000e+01 9.600000000000000000e+01 1.200000000000000000e+01 0.000000000000000000e+00 1.600000000000000089e+00 -1.380100000000000077e-02 8.394599999999999840e-01 -5.432460000000000067e-01 -9.146009999999999973e-01 2.089820000000000011e-01 3.461679999999999757e-01 4.041230000000000100e-01 5.016310000000000491e-01 7.648859999999999548e-01
3.000000000000000000e+00 1.160000000000000000e+02 1.600000000000000000e+01 0.000000000000000000e+00 1.600000000000000089e+00 -2.220000000000000185e-03 -4.758000000000000076e-03 9.999860000000000415e-01 6.590059999999999807e-01 7.521200000000000108e-01 5.041000000000000342e-03 -7.521339999999999693e-01 6.590080000000000382e-01 1.466000000000000072e-03
1.100000000000000000e+01 1.160000000000000000e+02 1.600000000000000000e+01 0.000000000000000000e+00 1.600000000000000089e+00 -8.602999999999999536e-03 -8.474999999999999895e-03 9.999270000000000103e-01 7.502220000000000555e-01 6.610759999999999970e-01 1.205799999999999927e-02 -6.611299999999999955e-01 7.502710000000000212e-01 6.710000000000000469e-04
2.000000000000000000e+00 2.000000000000000000e+00 1.900000000000000000e+01 0.000000000000000000e+00 1.600000000000000089e+00 1.301000000000000073e-03 1.074600000000000034e-02 -9.999409999999999688e-01 1.590360000000000107e-01 -9.872180000000000399e-01 -1.040199999999999979e-02 -9.872720000000000384e-01 -1.590129999999999877e-01 -2.993000000000000001e-03
4.000000000000000000e+00 2.000000000000000000e+00 1.900000000000000000e+01 0.000000000000000000e+00 1.600000000000000089e+00 1.521999999999999915e-03 6.029999999999999770e-03 -9.999810000000000088e-01 1.559099999999999930e-01 -9.877550000000000496e-01 -5.719000000000000125e-03 -9.877700000000000369e-01 -1.558980000000000088e-01 -2.442999999999999859e-03
1.000000000000000000e+01 2.000000000000000000e+00 1.900000000000000000e+01 0.000000000000000000e+00 1.600000000000000089e+00 1.843999999999999936e-03 2.766999999999999928e-03 -9.999940000000000495e-01 1.527429999999999899e-01 -9.882630000000000026e-01 -2.452999999999999885e-03 -9.882640000000000313e-01 -1.527380000000000126e-01 -2.245000000000000034e-03
1.300000000000000000e+01 2.000000000000000000e+00 1.900000000000000000e+01 0.000000000000000000e+00 1.600000000000000089e+00 2.439000000000000196e-03 -7.079999999999999705e-04 -9.999970000000000248e-01 1.573219999999999896e-01 -9.875469999999999526e-01 1.082999999999999978e-03 -9.875439999999999774e-01 -1.573239999999999916e-01 -2.296999999999999997e-03
1.900000000000000000e+01 2.000000000000000000e+00 1.900000000000000000e+01 0.000000000000000000e+00 1.600000000000000089e+00 4.295000000000000207e-03 -2.679099999999999884e-02 -9.996319999999999650e-01 1.531510000000000093e-01 -9.878299999999999859e-01 2.713300000000000087e-02 -9.881929999999999881e-01 -1.532110000000000138e-01 -1.399999999999999877e-04
7.000000000000000000e+00 1.300000000000000000e+01 2.000000000000000000e+01 0.000000000000000000e+00 1.600000000000000089e+00 -2.614000000000000004e-03 -8.212000000000000549e-03 9.999630000000000463e-01 2.490209999999999924e-01 9.684599999999999875e-01 8.604999999999999802e-03 -9.684949999999999948e-01 2.490340000000000054e-01 -4.870000000000000197e-04
9.000000000000000000e+00 1.300000000000000000e+01 2.000000000000000000e+01 0.000000000000000000e+00 1.600000000000000089e+00 -1.505999999999999960e-03 -8.796999999999999265e-03 9.999599999999999600e-01 2.493630000000000013e-01 9.683690000000000353e-01 8.894000000000000863e-03 -9.684089999999999643e-01 2.493660000000000043e-01 7.349999999999999763e-04
1.500000000000000000e+01 1.300000000000000000e+01 2.000000000000000000e+01 0.000000000000000000e+00 1.600000000000000089e+00 4.995000000000000308e-03 7.198999999999999670e-03 9.999620000000000175e-01 2.478160000000000085e-01 9.687719999999999665e-01 -8.212999999999999814e-03 -9.687940000000000440e-01 2.478480000000000127e-01 3.054999999999999990e-03
2.000000000000000000e+01 1.300000000000000000e+01 2.000000000000000000e+01 0.000000000000000000e+00 1.600000000000000089e+00 -1.268999999999999946e-03 -6.419999999999999925e-04 9.999989999999999712e-01 2.459989999999999954e-01 9.692699999999999649e-01 9.349999999999999587e-04 -9.692690000000000472e-01 2.459999999999999964e-01 -1.072000000000000036e-03
2.400000000000000000e+01 1.300000000000000000e+01 2.000000000000000000e+01 0.000000000000000000e+00 1.600000000000000089e+00 -2.289999999999999935e-03 -3.740999999999999968e-03 9.999900000000000455e-01 2.467249999999999999e-01 9.690760000000000485e-01 4.191000000000000281e-03 -9.690830000000000277e-01 2.467320000000000069e-01 -1.296000000000000060e-03
2.900000000000000000e+01 1.300000000000000000e+01 2.000000000000000000e+01 0.000000000000000000e+00 1.600000000000000089e+00 -9.859999999999998974e-04 -2.047999999999999907e-03 9.999970000000000248e-01 2.489870000000000139e-01 9.685040000000000315e-01 2.229000000000000078e-03 -9.685059999999999780e-01 2.489889999999999881e-01 -4.459999999999999989e-04
5.000000000000000000e+00 1.600000000000000000e+01 2.100000000000000000e+01 0.000000000000000000e+00 1.600000000000000089e+00 -2.720999999999999894e-03 -6.490000000000000109e-03 9.999749999999999472e-01 2.974370000000000069e-01 9.547160000000000091e-01 7.004999999999999942e-03 -9.547379999999999756e-01 2.974490000000000189e-01 -6.669999999999999497e-04
1.000000000000000000e+01 1.600000000000000000e+01 2.100000000000000000e+01 0.000000000000000000e+00 1.600000000000000089e+00 -6.819999999999999890e-04 -5.898999999999999730e-03 9.999820000000000375e-01 2.991659999999999875e-01 9.541830000000000034e-01 5.832000000000000378e-03 -9.542009999999999659e-01 2.991639999999999855e-01 1.113999999999999973e-03
1.300000000000000000e+01 1.600000000000000000e+01 2.100000000000000000e+01 0.000000000000000000e+00 1.600000000000000089e+00 4.871000000000000330e-03 5.806000000000000397e-03 9.999710000000000543e-01 2.984479999999999911e-01 9.544000000000000261e-01 -6.995000000000000349e-03 -9.544129999999999558e-01 2.984740000000000171e-01 2.916000000000000189e-03
1.800000000000000000e+01 4.600000000000000000e+01 2.700000000000000000e+01 0.000000000000000000e+00 1.600000000000000089e+00 1.127099999999999977e-02 1.722800000000000026e-02 -9.997880000000000100e-01 6.349690000000000056e-01 7.722670000000000368e-01 2.046600000000000155e-02 7.724560000000000315e-01 -6.350649999999999906e-01 -2.235000000000000007e-03
2.400000000000000000e+01 4.600000000000000000e+01 2.700000000000000000e+01 0.000000000000000000e+00 1.600000000000000089e+00 -2.111000000000000029e-03 -9.457999999999999394e-03 -9.999529999999999808e-01 6.784219999999999695e-01 7.346249999999999725e-01 -8.380000000000000296e-03 7.346690000000000165e-01 -6.784080000000000110e-01 4.865999999999999666e-03
2.700000000000000000e+01 4.600000000000000000e+01 3.000000000000000000e+01 0.000000000000000000e+00 1.600000000000000089e+00 -3.289999999999999739e-04 -4.857000000000000206e-03 -9.999879999999999880e-01 3.232050000000000201e-01 9.463169999999999638e-01 -4.702999999999999715e-03 9.463289999999999758e-01 -3.232030000000000181e-01 1.258999999999999920e-03
6.000000000000000000e+00 5.000000000000000000e+01 3.000000000000000000e+01 0.000000000000000000e+00 1.600000000000000089e+00 -9.162999999999999270e-03 2.721990000000000243e-01 -9.621969999999999690e-01 6.368300000000000072e-01 -7.402790000000000203e-01 -2.154840000000000089e-01 -7.709489999999999954e-01 -6.147310000000000274e-01 -1.665609999999999868e-01
1.200000000000000000e+01 8.000000000000000000e+01 3.000000000000000000e+01 0.000000000000000000e+00 1.600000000000000089e+00 -9.172949999999999715e-01 -3.903530000000000055e-01 -7.870399999999999618e-02 -3.982029999999999736e-01 8.981710000000000527e-01 1.863400000000000056e-01 -2.049000000000000040e-03 2.022690000000000043e-01 -9.793279999999999763e-01
1.300000000000000000e+01 9.000000000000000000e+01 3.000000000000000000e+01 0.000000000000000000e+00 1.600000000000000089e+00 -9.294360000000000399e-01 3.247800000000000131e-01 -1.751209999999999989e-01 2.585520000000000040e-01 9.118490000000000206e-01 3.188770000000000215e-01 2.632479999999999820e-01 2.510970000000000146e-01 -9.314780000000000282e-01
1.000000000000000000e+01 5.100000000000000000e+01 3.100000000000000000e+01 0.000000000000000000e+00 1.600000000000000089e+00 2.522900000000000142e-02 3.988579999999999903e-01 -9.166659999999999808e-01 5.482639999999999736e-01 -7.722719999999999585e-01 -3.209400000000000031e-01 -8.359250000000000291e-01 -4.944779999999999731e-01 -2.381630000000000136e-01
1.000000000000000000e+01 5.200000000000000000e+01 3.200000000000000000e+01 0.000000000000000000e+00 1.600000000000000089e+00 3.796700000000000075e-02 4.218109999999999915e-01 -9.058890000000000553e-01 5.385940000000000172e-01 -7.722339999999999760e-01 -3.370029999999999970e-01 -8.417090000000000405e-01 -4.751119999999999788e-01 -2.565040000000000098e-01
2.100000000000000000e+01 5.600000000000000000e+01 3.300000000000000000e+01 0.000000000000000000e+00 1.600000000000000089e+00 1.294170000000000043e-01 1.750289999999999901e-01 -9.760199999999999987e-01 2.829329999999999901e-01 -9.498980000000000201e-01 -1.328290000000000026e-01 -9.503690000000000193e-01 -2.589580000000000215e-01 -1.724549999999999972e-01
1.900000000000000000e+01 4.600000000000000000e+01 3.500000000000000000e+01 0.000000000000000000e+00 1.600000000000000089e+00 1.273400000000000053e-02 8.002700000000000091e-02 -9.967110000000000136e-01 3.803420000000000134e-01 -9.222540000000000182e-01 -6.919000000000000150e-02 -9.247579999999999689e-01 -3.782099999999999906e-01 -4.218100000000000321e-02
2.500000000000000000e+01 4.600000000000000000e+01 3.500000000000000000e+01 0.000000000000000000e+00 1.600000000000000089e+00 7.540000000000000044e-04 7.950999999999999734e-03 -9.999679999999999680e-01 3.901359999999999828e-01 -9.207300000000000484e-01 -7.027000000000000260e-03 -9.207570000000000476e-01 -3.901180000000000203e-01 -3.795999999999999895e-03
3.000000000000000000e+01 4.600000000000000000e+01 3.500000000000000000e+01 0.000000000000000000e+00 1.600000000000000089e+00 1.353000000000000036e-03 2.886000000000000110e-03 -9.999949999999999672e-01 3.911250000000000004e-01 -9.203350000000000142e-01 -2.126999999999999984e-03 -9.203369999999999607e-01 -3.911200000000000232e-01 -2.373999999999999808e-03
1.300000000000000000e+01 7.900000000000000000e+01 3.500000000000000000e+01 0.000000000000000000e+00 1.600000000000000089e+00 -9.399699999999999722e-01 -3.375090000000000034e-01 -5.044799999999999979e-02 -3.411580000000000168e-01 9.257950000000000346e-01 1.628340000000000065e-01 -8.253999999999999185e-03 1.702700000000000047e-01 -9.853629999999999889e-01
1.400000000000000000e+01 8.900000000000000000e+01 3.500000000000000000e+01 0.000000000000000000e+00 1.600000000000000089e+00 -6.058599999999999541e-01 7.671729999999999938e-01 -2.106649999999999912e-01 7.195120000000000404e-01 6.413649999999999629e-01 2.663699999999999957e-01 3.394650000000000167e-01 9.806999999999999745e-03 -9.405679999999999596e-01
2.000000000000000000e+01 7.400000000000000000e+01 3.600000000000000000e+01 0.000000000000000000e+00 1.600000000000000089e+00 -4.300760000000000138e-01 8.560649999999999649e-01 2.866850000000000231e-01 -8.944330000000000336e-01 -3.609240000000000226e-01 -2.640509999999999802e-01 -1.225730000000000014e-01 -3.699830000000000063e-01 9.209169999999999856e-01
1.400000000000000000e+01 7.800000000000000000e+01 3.600000000000000000e+01 0.000000000000000000e+00 1.600000000000000089e+00 -7.865799999999999459e-01 -6.135739999999999528e-01 -6.941500000000000448e-02 -6.158099999999999685e-01 7.711890000000000134e-01 1.613880000000000037e-01 -4.549199999999999772e-02 1.696900000000000075e-01 -9.844469999999999610e-01
2.600000000000000000e+01 6.700000000000000000e+01 4.300000000000000000e+01 0.000000000000000000e+00 1.600000000000000089e+00 -4.380000000000000213e-03 1.800099999999999964e-02 -9.998280000000000500e-01 -4.540750000000000064e-01 8.907810000000000450e-01 1.802700000000000136e-02 8.909529999999999950e-01 4.540759999999999796e-01 4.271999999999999756e-03
6.000000000000000000e+00 2.900000000000000000e+01 4.400000000000000000e+01 0.000000000000000000e+00 1.600000000000000089e+00 1.379999999999999933e-04 -1.845000000000000069e-03 -9.999980000000000535e-01 6.547849999999999504e-01 7.558139999999999858e-01 -1.304000000000000038e-03 7.558150000000000146e-01 -6.547840000000000327e-01 1.312999999999999931e-03
9.000000000000000000e+00 2.900000000000000000e+01 4.400000000000000000e+01 0.000000000000000000e+00 1.600000000000000089e+00 8.649999999999999920e-04 -1.561000000000000104e-03 -9.999980000000000535e-01 6.569650000000000212e-01 7.539200000000000346e-01 -6.080000000000000335e-04 7.539200000000000346e-01 -6.569639999999999924e-01 1.678000000000000021e-03
2.000000000000000000e+01 2.900000000000000000e+01 4.400000000000000000e+01 0.000000000000000000e+00 1.600000000000000089e+00 -1.683999999999999950e-03 4.146999999999999645e-03 -9.999900000000000455e-01 6.575969999999999871e-01 7.533670000000000089e-01 2.017000000000000130e-03 7.533680000000000376e-01 -6.575870000000000326e-01 -3.995000000000000287e-03
2.300000000000000000e+01 2.900000000000000000e+01 4.400000000000000000e+01 0.000000000000000000e+00 1.600000000000000089e+00 -1.806000000000000097e-03 4.801999999999999845e-03 -9.999869999999999592e-01 6.602190000000000003e-01 7.510689999999999866e-01 2.415000000000000046e-03 7.510710000000000441e-01 -6.602059999999999595e-01 -4.526999999999999774e-03
2.900000000000000000e+01 2.900000000000000000e+01 4.400000000000000000e+01 0.000000000000000000e+00 1.600000000000000089e+00 6.790000000000000245e-04 4.690000000000000158e-04 -1.000000000000000000e+00 6.588349999999999485e-01 7.522870000000000390e-01 8.000000000000000383e-04 7.522870000000000390e-01 -6.588349999999999485e-01 2.020000000000000040e-04
2.400000000000000000e+01 6.900000000000000000e+01 4.700000000000000000e+01 0.000000000000000000e+00 1.600000000000000089e+00 -9.759299999999999919e-02 -1.760319999999999940e-01 -9.795350000000000446e-01 -9.916679999999999939e-01 -6.595600000000000074e-02 1.106540000000000024e-01 -8.408400000000000596e-02 9.821720000000000450e-01 -1.681279999999999997e-01
1.300000000000000000e+01 5.900000000000000000e+01 4.800000000000000000e+01 0.000000000000000000e+00 1.600000000000000089e+00 4.849370000000000069e-01 3.321700000000000208e-01 -8.090110000000000356e-01 -8.352410000000000112e-01 4.501290000000000013e-01 -3.158429999999999849e-01 2.592459999999999765e-01 8.288830000000000364e-01 4.957260000000000000e-01
2.700000000000000000e+01 6.800000000000000000e+01 4.800000000000000000e+01 0.000000000000000000e+00 1.600000000000000089e+00 -4.326399999999999690e-02 -1.296879999999999977e-01 -9.906110000000000193e-01 -9.713640000000000052e-01 -2.264059999999999961e-01 7.206400000000000305e-02 -2.336260000000000003e-01 9.653610000000000246e-01 -1.161790000000000045e-01
1.300000000000000000e+01 7.400000000000000000e+01 4.900000000000000000e+01 0.000000000000000000e+00 1.600000000000000089e+00 4.305300000000000099e-02 5.813289999999999846e-01 8.125289999999999457e-01 -9.658830000000000471e-01 2.321030000000000038e-01 -1.148799999999999960e-01 -2.553739999999999899e-01 -7.798620000000000552e-01 5.714879999999999960e-01
5.000000000000000000e+00 5.200000000000000000e+01 5.000000000000000000e+01 0.000000000000000000e+00 1.600000000000000089e+00 3.609700000000000131e-01 1.460200000000000109e-01 9.210749999999999771e-01 -8.390520000000000200e-01 -3.802459999999999729e-01 3.891069999999999807e-01 4.070520000000000249e-01 -9.132860000000000422e-01 -1.473900000000000036e-02
8.000000000000000000e+00 5.000000000000000000e+00 5.100000000000000000e+01 0.000000000000000000e+00 1.600000000000000089e+00 1.471000000000000085e-03 -3.036000000000000070e-03 -9.999940000000000495e-01 4.892779999999999907e-01 -8.721210000000000351e-01 3.367000000000000201e-03 -8.721269999999999856e-01 -4.892799999999999927e-01 2.030000000000000012e-04
1.500000000000000000e+01 5.000000000000000000e+00 5.100000000000000000e+01 0.000000000000000000e+00 1.600000000000000089e+00 2.311000000000000120e-03 9.000000000000000228e-06 -9.999970000000000248e-01 4.846440000000000192e-01 -8.747110000000000163e-01 1.111999999999999924e-03 -8.747080000000000410e-01 -4.846449999999999925e-01 -2.026000000000000023e-03
2.400000000000000000e+01 5.000000000000000000e+00 5.100000000000000000e+01 0.000000000000000000e+00 1.600000000000000089e+00 -1.018000000000000025e-03 -3.640000000000000115e-04 -9.999989999999999712e-01 4.830169999999999741e-01 -8.756110000000000282e-01 -1.730000000000000038e-04 -8.756099999999999994e-01 -4.830169999999999741e-01 1.067000000000000023e-03
2.800000000000000000e+01 5.000000000000000000e+00 5.100000000000000000e+01 0.000000000000000000e+00 1.600000000000000089e+00 -1.431999999999999896e-03 -1.726000000000000104e-03 -9.999970000000000248e-01 4.867630000000000012e-01 -8.735340000000000327e-01 8.109999999999999805e-04 -8.735330000000000039e-01 -4.867609999999999992e-01 2.090999999999999977e-03
3.000000000000000000e+01 6.000000000000000000e+00 5.100000000000000000e+01 0.000000000000000000e+00 1.600000000000000089e+00 -1.606000000000000006e-03 -6.721999999999999677e-03 -9.999759999999999760e-01 3.234179999999999833e-01 -9.462380000000000235e-01 5.840999999999999838e-03 -9.462549999999999573e-01 -3.234009999999999940e-01 3.693999999999999801e-03
1.400000000000000000e+01 6.400000000000000000e+01 5.100000000000000000e+01 0.000000000000000000e+00 1.600000000000000089e+00 1.269609999999999905e-01 -3.708859999999999935e-01 -9.199589999999999712e-01 5.311160000000000325e-01 8.087250000000000272e-01 -2.527440000000000242e-01 8.377329999999999499e-01 -4.565170000000000061e-01 2.996599999999999819e-01
4.000000000000000000e+00 1.150000000000000000e+02 5.100000000000000000e+01 0.000000000000000000e+00 1.600000000000000089e+00 -1.466999999999999988e-03 1.919200000000000073e-02 9.998150000000000093e-01 8.442279999999999784e-01 -5.358600000000000030e-01 1.152500000000000052e-02 5.359819999999999585e-01 8.440879999999999495e-01 -1.541599999999999915e-02
2.000000000000000000e+01 1.150000000000000000e+02 5.100000000000000000e+01 0.000000000000000000e+00 1.600000000000000089e+00 -1.016599999999999969e-02 7.884999999999999648e-03 9.999169999999999447e-01 8.509799999999999587e-01 -5.250430000000000375e-01 1.279199999999999955e-02 5.251000000000000112e-01 8.510389999999999899e-01 -1.373000000000000088e-03
5.000000000000000000e+00 7.000000000000000000e+00 5.200000000000000000e+01 0.000000000000000000e+00 1.600000000000000089e+00 1.252000000000000075e-03 -7.466999999999999679e-03 -9.999710000000000543e-01 1.102999999999999953e-01 -9.938700000000000312e-01 7.559999999999999880e-03 -9.938970000000000304e-01 -1.103070000000000023e-01 -4.200000000000000174e-04
1.100000000000000000e+01 8.000000000000000000e+01 5.200000000000000000e+01 0.000000000000000000e+00 1.600000000000000089e+00 5.966099999999999876e-02 -1.797519999999999951e-01 9.819010000000000238e-01 1.069910000000000028e-01 9.791379999999999528e-01 1.727460000000000107e-01 -9.924680000000000168e-01 9.474799999999999889e-02 7.764799999999999480e-02
3.000000000000000000e+01 6.300000000000000000e+01 5.400000000000000000e+01 0.000000000000000000e+00 1.600000000000000089e+00 1.445100000000000030e-02 2.742699999999999999e-02 9.995190000000000463e-01 -1.769270000000000009e-01 9.839210000000000456e-01 -2.444100000000000092e-02 -9.841180000000000483e-01 -1.764880000000000060e-01 1.907100000000000115e-02
2.500000000000000000e+01 7.100000000000000000e+01 5.400000000000000000e+01 0.000000000000000000e+00 1.600000000000000089e+00 -2.307009999999999894e-01 6.088780000000000303e-01 7.589759999999999840e-01 -9.617019999999999458e-01 -2.403599999999999834e-02 -2.730400000000000049e-01 -1.480059999999999987e-01 -7.928990000000000204e-01 5.911049999999999915e-01
2.000000000000000000e+00 2.500000000000000000e+01 5.500000000000000000e+01 0.000000000000000000e+00 1.600000000000000089e+00 5.670000000000000127e-04 2.161000000000000160e-03 -9.999970000000000248e-01 -1.007300000000000036e-02 -9.999470000000000303e-01 -2.165999999999999957e-03 -9.999489999999999768e-01 1.007399999999999962e-02 -5.450000000000000200e-04
8.000000000000000000e+00 2.500000000000000000e+01 5.500000000000000000e+01 0.000000000000000000e+00 1.600000000000000089e+00 -7.600000000000000418e-04 -3.899999999999999929e-05 -1.000000000000000000e+00 -1.058199999999999939e-02 -9.999440000000000550e-01 4.699999999999999724e-05 -9.999440000000000550e-01 1.058199999999999939e-02 7.590000000000000175e-04
1.300000000000000000e+01 2.500000000000000000e+01 5.500000000000000000e+01 0.000000000000000000e+00 1.600000000000000089e+00 -1.255000000000000039e-03 4.131000000000000123e-03 -9.999909999999999632e-01 -8.803000000000000061e-03 -9.999529999999999808e-01 -4.120000000000000398e-03 -9.999599999999999600e-01 8.796999999999999265e-03 1.291000000000000047e-03
1.700000000000000000e+01 2.500000000000000000e+01 5.500000000000000000e+01 0.000000000000000000e+00 1.600000000000000089e+00 -8.239999999999999712e-04 2.347999999999999827e-03 -9.999970000000000248e-01 -7.668999999999999602e-03 -9.999679999999999680e-01 -2.341999999999999898e-03 -9.999700000000000255e-01 7.667000000000000204e-03 8.419999999999999750e-04
2.100000000000000000e+01 2.500000000000000000e+01 5.500000000000000000e+01 0.000000000000000000e+00 1.600000000000000089e+00 1.759999999999999954e-04 8.779999999999999827e-04 -1.000000000000000000e+00 -7.389999999999999868e-03 -9.999719999999999720e-01 -8.800000000000000313e-04 -9.999730000000000008e-01 7.389999999999999868e-03 -1.700000000000000122e-04
2.300000000000000000e+01 2.500000000000000000e+01 5.500000000000000000e+01 0.000000000000000000e+00 1.600000000000000089e+00 6.909999999999999910e-04 -3.220000000000000206e-04 -1.000000000000000000e+00 -7.132000000000000318e-03 -9.999740000000000295e-01 3.170000000000000075e-04 -9.999740000000000295e-01 7.132000000000000318e-03 -6.939999999999999555e-04
2.800000000000000000e+01 2.500000000000000000e+01 5.500000000000000000e+01 0.000000000000000000e+00 1.600000000000000089e+00 -9.380000000000000317e-04 -5.753000000000000301e-03 -9.999829999999999552e-01 -8.436000000000000790e-03 -9.999479999999999480e-01 5.760000000000000363e-03 -9.999639999999999640e-01 8.441000000000000586e-03 8.890000000000000333e-04
1.300000000000000000e+01 5.800000000000000000e+01 5.500000000000000000e+01 0.000000000000000000e+00 1.600000000000000089e+00 -8.557399999999999729e-02 -3.062960000000000127e-01 9.480819999999999803e-01 -1.588420000000000110e-01 9.435959999999999903e-01 2.905090000000000172e-01 -9.835880000000000178e-01 -1.257359999999999867e-01 -1.293999999999999873e-01
2.000000000000000000e+00 6.000000000000000000e+01 5.500000000000000000e+01 0.000000000000000000e+00 1.600000000000000089e+00 -1.840400000000000022e-02 -9.442599999999999605e-02 9.953619999999999690e-01 1.180199999999999999e-01 9.883650000000000491e-01 9.594400000000000150e-02 -9.928409999999999735e-01 1.192389999999999978e-01 -7.046000000000000180e-03
2.500000000000000000e+01 8.500000000000000000e+01 5.500000000000000000e+01 0.000000000000000000e+00 1.600000000000000089e+00 8.352500000000000202e-02 -3.983249999999999846e-01 -9.134330000000000505e-01 8.194209999999999550e-01 -4.941690000000000249e-01 2.904240000000000155e-01 -5.670730000000000492e-01 -7.727450000000000152e-01 2.851210000000000133e-01
2.300000000000000000e+01 6.600000000000000000e+01 5.700000000000000000e+01 0.000000000000000000e+00 1.600000000000000089e+00 -8.481000000000000691e-03 5.156739999999999657e-01 8.567430000000000323e-01 -2.198740000000000139e-01 8.348440000000000305e-01 -5.046699999999999520e-01 -9.754909999999999970e-01 -1.926559999999999939e-01 1.063029999999999947e-01
5.000000000000000000e+00 6.800000000000000000e+01 5.700000000000000000e+01 0.000000000000000000e+00 1.600000000000000089e+00 -2.232000000000000043e-03 -5.643999999999999712e-03 -9.999820000000000375e-01 -2.506659999999999999e-01 -9.680549999999999988e-01 6.022999999999999708e-03 -9.680710000000000148e-01 2.506749999999999812e-01 7.460000000000000268e-04
1.100000000000000000e+01 5.800000000000000000e+01 5.900000000000000000e+01 0.000000000000000000e+00 1.600000000000000089e+00 -6.412299999999999944e-02 -1.772950000000000081e-01 -9.820670000000000233e-01 1.940900000000000125e-01 9.630840000000000511e-01 -1.865410000000000124e-01 9.788860000000000339e-01 -2.025710000000000011e-01 -2.734500000000000125e-02
4.000000000000000000e+00 2.100000000000000000e+01 6.000000000000000000e+01 0.000000000000000000e+00 1.600000000000000089e+00 -9.659999999999999533e-04 2.618999999999999800e-03 9.999959999999999960e-01 -9.541399999999999881e-02 9.954340000000000410e-01 -2.700000000000000143e-03 -9.954370000000000163e-01 -9.541600000000000081e-02 -7.119999999999999593e-04
1.000000000000000000e+01 2.100000000000000000e+01 6.000000000000000000e+01 0.000000000000000000e+00 1.600000000000000089e+00 1.889999999999999970e-03 -2.149999999999999947e-04 9.999980000000000535e-01 -9.468999999999999639e-02 9.955070000000000308e-01 3.930000000000000117e-04 -9.955049999999999732e-01 -9.468999999999999639e-02 1.861000000000000024e-03
1.800000000000000000e+01 2.100000000000000000e+01 6.000000000000000000e+01 0.000000000000000000e+00 1.600000000000000089e+00 -2.475000000000000203e-03 -5.433999999999999594e-03 9.999820000000000375e-01 -9.717599999999999849e-02 9.952539999999999720e-01 5.167999999999999851e-03 -9.952640000000000375e-01 -9.716199999999999837e-02 -2.991000000000000169e-03
2.300000000000000000e+01 2.100000000000000000e+01 6.000000000000000000e+01 0.000000000000000000e+00 1.600000000000000089e+00 -8.970000000000000109e-04 -3.963999999999999642e-03 9.999919999999999920e-01 -9.703499999999999626e-02 9.952729999999999633e-01 3.857999999999999884e-03 -9.952809999999999713e-01 -9.703100000000000613e-02 -1.276999999999999923e-03
2.300000000000000000e+01 6.800000000000000000e+01 6.000000000000000000e+01 0.000000000000000000e+00 1.600000000000000089e+00 1.367530000000000134e-01 -3.556909999999999794e-01 9.245440000000000325e-01 4.684459999999999735e-01 -7.991420000000000190e-01 -3.767360000000000153e-01 8.728439999999999532e-01 4.846179999999999932e-01 5.733699999999999908e-02
9.000000000000000000e+00 6.000000000000000000e+00 6.100000000000000000e+01 0.000000000000000000e+00 1.600000000000000089e+00 -5.192999999999999700e-03 -1.015399999999999983e-02 9.999350000000000183e-01 5.706809999999999938e-01 -8.211540000000000505e-01 -5.374999999999999570e-03 8.211549999999999683e-01 5.706160000000000121e-01 1.005900000000000023e-02
2.400000000000000000e+01 3.000000000000000000e+00 6.300000000000000000e+01 0.000000000000000000e+00 1.600000000000000089e+00 1.191999999999999917e-03 1.949999999999999965e-04 9.999989999999999712e-01 -6.142119999999999802e-01 7.891409999999999814e-01 5.779999999999999548e-04 -7.891399999999999526e-01 -6.142130000000000090e-01 1.059999999999999961e-03
5.000000000000000000e+00 2.700000000000000000e+01 6.300000000000000000e+01 0.000000000000000000e+00 1.600000000000000089e+00 -4.380000000000000213e-04 2.609000000000000208e-03 9.999959999999999960e-01 -2.694050000000000056e-01 9.630229999999999624e-01 -2.631000000000000092e-03 -9.630269999999999664e-01 -2.694050000000000056e-01 2.809999999999999998e-04
