2.000000000000000000e+01 1.900000000000000000e+01 5.000000000000000000e+00 0.000000000000000000e+00 1.600000000000000089e+00 2.849999999999999886e-04 -1.789999999999999870e-04 -1.000000000000000000e+00 -7.075190000000000090e-01 -7.066940000000000444e-01 -7.499999999999999343e-05 -7.066940000000000444e-01 7.075190000000000090e-01 -3.280000000000000038e-04
3.000000000000000000e+00 1.010000000000000000e+02 7.000000000000000000e+00 0.000000000000000000e+00 1.600000000000000089e+00 -3.223000000000000170e-03 -2.001000000000000001e-02 9.997949999999999893e-01 8.889280000000000515e-01 4.578880000000000172e-01 1.203000000000000076e-02 -4.580350000000000255e-01 8.887840000000000185e-01 1.631200000000000011e-02
7.000000000000000000e+00 1.010000000000000000e+02 7.000000000000000000e+00 0.000000000000000000e+00 1.600000000000000089e+00 -3.651000000000000165e-03 -1.361599999999999963e-02 9.999010000000000398e-01 8.907909999999999995e-01 4.543159999999999976e-01 9.440000000000000474e-03 -4.543989999999999974e-01 8.907370000000000010e-01 1.047000000000000014e-02
1.200000000000000000e+01 1.010000000000000000e+02 7.000000000000000000e+00 0.000000000000000000e+00 1.600000000000000089e+00 -2.745000000000000044e-03 -1.602599999999999858e-02 9.998679999999999790e-01 8.899040000000000283e-01 4.560429999999999762e-01 9.752999999999999517e-03 -4.561390000000000167e-01 8.898139999999999938e-01 1.300899999999999973e-02
2.300000000000000000e+01 1.010000000000000000e+02 7.000000000000000000e+00 0.000000000000000000e+00 1.600000000000000089e+00 6.920000000000000153e-04 -7.185999999999999679e-03 9.999740000000000295e-01 8.886460000000000470e-01 4.585870000000000224e-01 2.680000000000000090e-03 -4.585940000000000016e-01 8.886209999999999942e-01 6.702999999999999757e-03
3.000000000000000000e+00 2.500000000000000000e+01 8.000000000000000000e+00 0.000000000000000000e+00 1.600000000000000089e+00 -1.614999999999999899e-03 1.129999999999999928e-03 -9.999980000000000535e-01 4.356709999999999749e-01 9.001059999999999617e-01 3.130000000000000187e-04 9.001050000000000439e-01 -4.356700000000000017e-01 -1.946000000000000030e-03
7.000000000000000000e+00 2.500000000000000000e+01 8.000000000000000000e+00 0.000000000000000000e+00 1.600000000000000089e+00 -2.883999999999999845e-03 -1.090999999999999956e-03 -9.999949999999999672e-01 4.364580000000000126e-01 8.997220000000000217e-01 -2.239999999999999804e-03 8.997199999999999642e-01 -4.364620000000000166e-01 -2.118999999999999790e-03
1.100000000000000000e+01 2.500000000000000000e+01 8.000000000000000000e+00 0.000000000000000000e+00 1.600000000000000089e+00 -8.620000000000000275e-04 -1.415999999999999941e-03 -9.999989999999999712e-01 4.371459999999999790e-01 8.993889999999999940e-01 -1.649999999999999991e-03 8.993900000000000228e-01 -4.371470000000000078e-01 -1.559999999999999972e-04
2.000000000000000000e+01 2.500000000000000000e+01 8.000000000000000000e+00 0.000000000000000000e+00 1.600000000000000089e+00 -1.909000000000000107e-03 8.385000000000000092e-03 -9.999630000000000463e-01 4.364080000000000181e-01 8.997239999999999682e-01 6.712000000000000084e-03 8.997469999999999635e-01 -4.363790000000000169e-01 -5.376999999999999835e-03
2.600000000000000000e+01 2.500000000000000000e+01 8.000000000000000000e+00 0.000000000000000000e+00 1.600000000000000089e+00 -6.440000000000000412e-04 3.956000000000000315e-03 -9.999919999999999920e-01 4.363210000000000144e-01 8.997849999999999460e-01 3.278999999999999797e-03 8.997910000000000075e-01 -4.363150000000000084e-01 -2.305999999999999890e-03
2.900000000000000000e+01 2.500000000000000000e+01 8.000000000000000000e+00 0.000000000000000000e+00 1.600000000000000089e+00 -6.939999999999999555e-04 -8.465999999999999567e-03 -9.999639999999999640e-01 4.364700000000000246e-01 8.996840000000000392e-01 -7.920999999999999222e-03 8.997180000000000177e-01 -4.364600000000000146e-01 3.070999999999999945e-03
1.400000000000000000e+01 9.000000000000000000e+00 9.000000000000000000e+00 0.000000000000000000e+00 1.600000000000000089e+00 1.611599999999999838e-02 6.760000000000000384e-03 -9.998470000000000413e-01 -9.714359999999999662e-01 -2.366729999999999945e-01 -1.725900000000000004e-02 -2.367529999999999912e-01 9.715660000000000407e-01 2.752999999999999805e-03
2.000000000000000000e+01 9.000000000000000000e+00 9.000000000000000000e+00 0.000000000000000000e+00 1.600000000000000089e+00 2.599200000000000121e-02 1.519900000000000070e-02 -9.995469999999999633e-01 -9.741260000000000474e-01 -2.241710000000000091e-01 -2.873900000000000066e-02 -2.245060000000000111e-01 9.744310000000000471e-01 8.978999999999999135e-03
2.500000000000000000e+01 9.000000000000000000e+00 9.000000000000000000e+00 0.000000000000000000e+00 1.600000000000000089e+00 2.843299999999999994e-02 7.544999999999999624e-03 -9.995669999999999833e-01 -9.859529999999999683e-01 -1.644339999999999968e-01 -2.928700000000000053e-02 -1.645830000000000071e-01 9.863589999999999858e-01 2.763999999999999964e-03
1.000000000000000000e+00 2.400000000000000000e+01 9.000000000000000000e+00 0.000000000000000000e+00 1.600000000000000089e+00 6.030000000000000204e-04 2.942999999999999870e-03 -9.999949999999999672e-01 4.431450000000000111e-01 8.964450000000000474e-01 2.906000000000000163e-03 8.964499999999999691e-01 -4.431450000000000111e-01 -7.640000000000000306e-04
7.000000000000000000e+00 2.400000000000000000e+01 9.000000000000000000e+00 0.000000000000000000e+00 1.600000000000000089e+00 -2.920999999999999985e-03 -1.410000000000000012e-03 -9.999949999999999672e-01 4.430410000000000181e-01 8.964980000000000171e-01 -2.557999999999999944e-03 8.964969999999999883e-01 -4.430459999999999954e-01 -1.994000000000000113e-03
1.100000000000000000e+01 2.400000000000000000e+01 9.000000000000000000e+00 0.000000000000000000e+00 1.600000000000000089e+00 -1.038000000000000077e-03 -9.150000000000000147e-04 -9.999989999999999712e-01 4.437769999999999770e-01 8.961360000000000436e-01 -1.280000000000000105e-03 8.961369999999999614e-01 -4.437780000000000058e-01 -5.240000000000000517e-04
1.700000000000000000e+01 2.400000000000000000e+01 9.000000000000000000e+00 0.000000000000000000e+00 1.600000000000000089e+00 -1.489000000000000089e-03 1.232999999999999938e-03 -9.999980000000000535e-01 4.438920000000000088e-01 8.960799999999999876e-01 4.440000000000000045e-04 8.960789999999999589e-01 -4.438900000000000068e-01 -1.881999999999999992e-03
2.000000000000000000e+01 2.400000000000000000e+01 9.000000000000000000e+00 0.000000000000000000e+00 1.600000000000000089e+00 -1.025000000000000086e-03 2.462000000000000213e-03 -9.999959999999999960e-01 4.426470000000000127e-01 8.966939999999999911e-01 1.753999999999999917e-03 8.966950000000000198e-01 -4.426439999999999819e-01 -2.008999999999999935e-03
2.600000000000000000e+01 2.400000000000000000e+01 9.000000000000000000e+00 0.000000000000000000e+00 1.600000000000000089e+00 -6.880000000000000265e-04 3.229000000000000099e-03 -9.999949999999999672e-01 4.414210000000000078e-01 8.972959999999999825e-01 2.593999999999999952e-03 8.972999999999999865e-01 -4.414170000000000038e-01 -2.043000000000000111e-03
1.000000000000000000e+01 8.000000000000000000e+00 1.000000000000000000e+01 0.000000000000000000e+00 1.600000000000000089e+00 1.534199999999999973e-02 -3.802999999999999957e-03 -9.998749999999999583e-01 -9.943440000000000056e-01 -1.051639999999999936e-01 -1.485700000000000041e-02 -1.050949999999999940e-01 9.944479999999999986e-01 -5.394999999999999622e-03
5.000000000000000000e+00 4.000000000000000000e+00 1.100000000000000000e+01 0.000000000000000000e+00 1.600000000000000089e+00 2.360999999999999818e-03 -1.026099999999999929e-02 9.999449999999999728e-01 1.773349999999999926e-01 -9.840940000000000243e-01 -1.051700000000000031e-02 9.841480000000000228e-01 1.773500000000000076e-01 -5.039999999999999992e-04
1.100000000000000000e+01 4.000000000000000000e+00 1.100000000000000000e+01 0.000000000000000000e+00 1.600000000000000089e+00 -3.359000000000000007e-03 1.393600000000000047e-02 9.998970000000000358e-01 1.402569999999999928e-01 -9.900120000000000031e-01 1.426900000000000043e-02 9.901090000000000169e-01 1.402909999999999990e-01 1.371000000000000040e-03
1.500000000000000000e+01 4.000000000000000000e+00 1.100000000000000000e+01 0.000000000000000000e+00 1.600000000000000089e+00 -3.464000000000000065e-03 1.403300000000000033e-02 9.998960000000000070e-01 1.360510000000000053e-01 -9.905979999999999785e-01 1.437399999999999962e-02 9.906960000000000210e-01 1.360870000000000135e-01 1.521999999999999915e-03
2.600000000000000000e+01 2.800000000000000000e+01 1.300000000000000000e+01 0.000000000000000000e+00 1.600000000000000089e+00 -1.600000000000000131e-04 4.656799999999999828e-02 9.989149999999999974e-01 -4.634200000000000125e-02 9.978420000000000067e-01 -4.652599999999999791e-02 -9.989259999999999806e-01 -4.629899999999999988e-02 1.998000000000000210e-03
2.000000000000000000e+01 2.900000000000000000e+01 1.300000000000000000e+01 0.000000000000000000e+00 1.600000000000000089e+00 1.799699999999999911e-02 2.696839999999999793e-01 9.627809999999999979e-01 -1.621500000000000025e-02 9.628889999999999949e-01 -2.694110000000000116e-01 -9.997070000000000123e-01 -1.076300000000000000e-02 2.170199999999999907e-02
2.600000000000000000e+01 1.200000000000000000e+01 1.600000000000000000e+01 0.000000000000000000e+00 1.600000000000000089e+00 -3.592000000000000141e-03 2.665000000000000008e-02 9.996380000000000265e-01 2.819539999999999824e-01 -9.590600000000000236e-01 2.658100000000000046e-02 9.594209999999999683e-01 2.819479999999999764e-01 -4.069999999999999833e-03
2.200000000000000000e+01 1.160000000000000000e+02 1.600000000000000000e+01 0.000000000000000000e+00 1.600000000000000089e+00 8.429999999999999993e-04 2.844000000000000174e-03 9.999959999999999960e-01 7.743470000000000075e-01 6.327570000000000139e-01 -2.452000000000000186e-03 -6.327610000000000179e-01 7.743449999999999500e-01 -1.667999999999999995e-03
2.500000000000000000e+01 2.000000000000000000e+00 1.900000000000000000e+01 0.000000000000000000e+00 1.600000000000000089e+00 -2.916000000000000189e-03 2.848099999999999937e-02 -9.995899999999999785e-01 3.468959999999999821e-01 -9.374940000000000495e-01 -2.772399999999999864e-02 -9.378990000000000382e-01 -3.468350000000000044e-01 -7.145999999999999575e-03
2.000000000000000000e+00 3.000000000000000000e+00 1.900000000000000000e+01 0.000000000000000000e+00 1.600000000000000089e+00 -2.628999999999999827e-03 3.433999999999999986e-03 -9.999909999999999632e-01 3.336799999999999766e-01 -9.426769999999999872e-01 -4.114999999999999734e-03 -9.426830000000000487e-01 -3.336879999999999846e-01 1.332000000000000068e-03
6.000000000000000000e+00 3.000000000000000000e+00 1.900000000000000000e+01 0.000000000000000000e+00 1.600000000000000089e+00 -4.593999999999999993e-03 1.960999999999999896e-02 -9.997970000000000468e-01 3.383090000000000264e-01 -9.408220000000000471e-01 -2.000700000000000048e-02 -9.410239999999999716e-01 -3.383329999999999949e-01 -2.311999999999999819e-03
9.000000000000000000e+00 3.000000000000000000e+00 1.900000000000000000e+01 0.000000000000000000e+00 1.600000000000000089e+00 -7.029999999999999791e-03 2.473600000000000104e-02 -9.996690000000000298e-01 3.427769999999999984e-01 -9.390669999999999851e-01 -2.564699999999999966e-02 -9.393909999999999760e-01 -3.428439999999999821e-01 -1.876999999999999979e-03
1.400000000000000000e+01 3.000000000000000000e+00 1.900000000000000000e+01 0.000000000000000000e+00 1.600000000000000089e+00 -2.409000000000000117e-03 1.596300000000000149e-02 -9.998700000000000365e-01 3.456650000000000000e-01 -9.382249999999999757e-01 -1.581099999999999867e-02 -9.383550000000000502e-01 -3.456580000000000208e-01 -3.258000000000000045e-03
1.900000000000000000e+01 3.000000000000000000e+00 1.900000000000000000e+01 0.000000000000000000e+00 1.600000000000000089e+00 -3.650000000000000033e-03 1.714500000000000052e-02 -9.998460000000000125e-01 3.443780000000000174e-01 -9.386710000000000331e-01 -1.735300000000000037e-02 -9.388239999999999919e-01 -3.443880000000000274e-01 -2.478999999999999867e-03
2.200000000000000000e+01 3.000000000000000000e+00 1.900000000000000000e+01 0.000000000000000000e+00 1.600000000000000089e+00 -4.185999999999999617e-03 2.256700000000000025e-02 -9.997369999999999868e-01 3.420790000000000219e-01 -9.393979999999999553e-01 -2.263700000000000087e-02 -9.396619999999999973e-01 -3.420839999999999992e-01 -3.787000000000000002e-03
2.700000000000000000e+01 3.000000000000000000e+00 1.900000000000000000e+01 0.000000000000000000e+00 1.600000000000000089e+00 -1.206000000000000041e-03 2.328799999999999967e-02 -9.997279999999999500e-01 3.360000000000000209e-01 -9.415970000000000173e-01 -2.233900000000000122e-02 -9.418609999999999483e-01 -3.359360000000000124e-01 -6.689999999999999766e-03
1.500000000000000000e+01 4.000000000000000000e+00 2.000000000000000000e+01 0.000000000000000000e+00 1.600000000000000089e+00 -1.311000000000000099e-03 1.375600000000000087e-02 -9.999050000000000438e-01 3.792510000000000048e-01 -9.251989999999999936e-01 -1.322500000000000064e-02 -9.252930000000000321e-01 -3.792320000000000135e-01 -4.003999999999999747e-03
2.100000000000000000e+01 4.000000000000000000e+00 2.000000000000000000e+01 0.000000000000000000e+00 1.600000000000000089e+00 -3.432999999999999854e-03 1.894399999999999903e-02 -9.998150000000000093e-01 3.849230000000000151e-01 -9.227570000000000494e-01 -1.880599999999999980e-02 -9.229420000000000401e-01 -3.849159999999999804e-01 -4.124000000000000062e-03
2.800000000000000000e+01 4.000000000000000000e+00 2.000000000000000000e+01 0.000000000000000000e+00 1.600000000000000089e+00 -8.980000000000000352e-04 2.244499999999999967e-02 -9.997479999999999700e-01 3.855660000000000198e-01 -9.224400000000000377e-01 -2.105599999999999833e-02 -9.226799999999999446e-01 -3.854870000000000241e-01 -7.825999999999999623e-03
4.000000000000000000e+00 1.300000000000000000e+01 2.000000000000000000e+01 0.000000000000000000e+00 1.600000000000000089e+00 8.760000000000000425e-04 -1.167000000000000069e-03 9.999989999999999712e-01 2.581399999999999806e-01 9.661070000000000491e-01 9.009999999999999997e-04 -9.661070000000000491e-01 2.581390000000000073e-01 1.147999999999999932e-03
1.000000000000000000e+01 1.300000000000000000e+01 2.000000000000000000e+01 0.000000000000000000e+00 1.600000000000000089e+00 -7.100000000000000462e-05 -1.879999999999999944e-03 9.999980000000000535e-01 2.597289999999999877e-01 9.656799999999999828e-01 1.833999999999999910e-03 -9.656810000000000116e-01 2.597289999999999877e-01 4.189999999999999931e-04
1.300000000000000000e+01 1.300000000000000000e+01 2.000000000000000000e+01 0.000000000000000000e+00 1.600000000000000089e+00 -1.520000000000000084e-04 -3.092000000000000130e-03 9.999949999999999672e-01 2.608190000000000230e-01 9.653829999999999911e-01 3.024000000000000212e-03 -9.653880000000000239e-01 2.608179999999999943e-01 6.589999999999999721e-04
1.700000000000000000e+01 1.300000000000000000e+01 2.000000000000000000e+01 0.000000000000000000e+00 1.600000000000000089e+00 1.185000000000000072e-03 -4.298999999999999870e-03 9.999900000000000455e-01 2.607809999999999850e-01 9.653899999999999704e-01 3.841999999999999929e-03 -9.653969999999999496e-01 2.607740000000000058e-01 2.265000000000000086e-03
2.100000000000000000e+01 1.300000000000000000e+01 2.000000000000000000e+01 0.000000000000000000e+00 1.600000000000000089e+00 1.815999999999999906e-03 -1.384999999999999946e-03 9.999970000000000248e-01 2.601280000000000259e-01 9.655740000000000434e-01 8.649999999999999920e-04 -9.655719999999999859e-01 2.601260000000000239e-01 2.112999999999999861e-03
2.700000000000000000e+01 1.300000000000000000e+01 2.000000000000000000e+01 0.000000000000000000e+00 1.600000000000000089e+00 -1.939999999999999993e-04 1.958000000000000105e-03 9.999980000000000535e-01 2.619469999999999854e-01 9.650800000000000489e-01 -1.838999999999999923e-03 -9.650819999999999954e-01 2.619469999999999854e-01 -7.010000000000000172e-04
1.300000000000000000e+01 1.600000000000000000e+01 2.100000000000000000e+01 0.000000000000000000e+00 1.600000000000000089e+00 -6.359999999999999551e-04 -4.523000000000000111e-03 9.999900000000000455e-01 2.978740000000000276e-01 9.545940000000000536e-01 4.506999999999999722e-03 -9.546050000000000368e-01 2.978740000000000276e-01 7.399999999999999894e-04
1.100000000000000000e+01 2.000000000000000000e+00 2.500000000000000000e+01 0.000000000000000000e+00 1.600000000000000089e+00 -9.360999999999999530e-03 1.998199999999999976e-02 9.997570000000000068e-01 7.649400000000000643e-02 -9.968559999999999643e-01 2.064099999999999963e-02 9.970259999999999678e-01 7.666900000000000104e-02 7.803000000000000040e-03
1.400000000000000000e+01 2.000000000000000000e+00 2.500000000000000000e+01 0.000000000000000000e+00 1.600000000000000089e+00 -7.936000000000000346e-03 1.622399999999999884e-02 9.998369999999999758e-01 8.452600000000000391e-02 -9.962790000000000257e-01 1.683700000000000127e-02 9.963899999999999979e-01 8.464599999999999902e-02 6.535000000000000010e-03
3.000000000000000000e+00 3.000000000000000000e+00 2.500000000000000000e+01 0.000000000000000000e+00 1.600000000000000089e+00 -3.240999999999999957e-03 4.926999999999999956e-03 9.999829999999999552e-01 -3.244099999999999762e-02 -9.994619999999999616e-01 4.819000000000000367e-03 9.994680000000000231e-01 -3.242400000000000143e-02 3.399000000000000112e-03
2.100000000000000000e+01 3.000000000000000000e+00 2.500000000000000000e+01 0.000000000000000000e+00 1.600000000000000089e+00 -5.069999999999999854e-03 1.709099999999999855e-02 9.998409999999999798e-01 1.021700000000000039e-02 -9.998010000000000508e-01 1.714200000000000099e-02 9.999350000000000183e-01 1.030200000000000039e-02 4.893999999999999913e-03
2.500000000000000000e+01 3.000000000000000000e+00 2.500000000000000000e+01 0.000000000000000000e+00 1.600000000000000089e+00 -6.152999999999999615e-03 2.279000000000000123e-02 9.997209999999999708e-01 1.527200000000000085e-02 -9.996220000000000105e-01 2.288199999999999956e-02 9.998639999999999750e-01 1.540799999999999982e-02 5.802999999999999999e-03
2.700000000000000000e+01 3.000000000000000000e+01 2.500000000000000000e+01 0.000000000000000000e+00 1.600000000000000089e+00 -2.322799999999999865e-01 -1.375200000000000033e-02 9.725519999999999721e-01 -9.710600000000000342e-01 -5.385700000000000209e-02 -2.326850000000000029e-01 5.557800000000000240e-02 -9.984539999999999527e-01 -8.440000000000000236e-04
2.500000000000000000e+01 3.100000000000000000e+01 2.500000000000000000e+01 0.000000000000000000e+00 1.600000000000000089e+00 -3.091679999999999984e-01 5.613400000000000334e-02 9.493489999999999984e-01 -9.474129999999999496e-01 6.853099999999999470e-02 -3.125890000000000057e-01 -8.260699999999999987e-02 -9.960689999999999822e-01 3.199500000000000260e-02
3.000000000000000000e+00 4.600000000000000000e+01 2.700000000000000000e+01 0.000000000000000000e+00 1.600000000000000089e+00 -2.296999999999999997e-03 -2.610000000000000015e-04 -9.999970000000000248e-01 6.746839999999999504e-01 7.381050000000000111e-01 -1.742000000000000059e-03 7.381029999999999536e-01 -6.746860000000000079e-01 -1.518999999999999951e-03
2.000000000000000000e+01 4.600000000000000000e+01 2.700000000000000000e+01 0.000000000000000000e+00 1.600000000000000089e+00 -4.676999999999999734e-03 -2.500000000000000052e-03 -9.999860000000000415e-01 6.788910000000000222e-01 7.342220000000000413e-01 -5.009999999999999697e-03 7.342239999999999878e-01 -6.789049999999999807e-01 -1.735999999999999913e-03
1.200000000000000000e+01 4.600000000000000000e+01 3.000000000000000000e+01 0.000000000000000000e+00 1.600000000000000089e+00 -1.381000000000000066e-03 -1.899000000000000080e-03 -9.999970000000000248e-01 3.336700000000000221e-01 9.426870000000000527e-01 -2.250999999999999963e-03 9.426889999999999992e-01 -3.336720000000000241e-01 -6.679999999999999740e-04
2.500000000000000000e+01 5.800000000000000000e+01 3.100000000000000000e+01 0.000000000000000000e+00 1.600000000000000089e+00 -2.252000000000000095e-03 -4.389999999999999805e-03 9.999879999999999880e-01 -8.131399999999999739e-01 -5.820509999999999851e-01 -4.386000000000000142e-03 5.820640000000000258e-01 -8.131399999999999739e-01 -2.259000000000000157e-03
3.000000000000000000e+01 5.800000000000000000e+01 3.100000000000000000e+01 0.000000000000000000e+00 1.600000000000000089e+00 -4.680000000000000132e-03 8.249999999999999955e-04 9.999890000000000168e-01 -8.092840000000000034e-01 -5.874089999999999590e-01 -3.302999999999999946e-03 5.874000000000000332e-01 -8.092899999999999539e-01 3.416999999999999899e-03
1.800000000000000000e+01 4.300000000000000000e+01 3.400000000000000000e+01 0.000000000000000000e+00 1.600000000000000089e+00 -1.129999999999999955e-04 -1.895999999999999899e-03 -9.999980000000000535e-01 -3.259279999999999955e-01 9.453930000000000389e-01 -1.755000000000000050e-03 9.453949999999999854e-01 3.259270000000000223e-01 -7.249999999999999500e-04
3.000000000000000000e+00 4.600000000000000000e+01 3.500000000000000000e+01 0.000000000000000000e+00 1.600000000000000089e+00 -1.512000000000000106e-03 -1.026000000000000002e-03 -9.999980000000000535e-01 3.896149999999999891e-01 -9.209779999999999633e-01 3.559999999999999797e-04 -9.209760000000000169e-01 -3.896140000000000159e-01 1.791999999999999973e-03
1.000000000000000000e+01 4.600000000000000000e+01 3.500000000000000000e+01 0.000000000000000000e+00 1.600000000000000089e+00 -7.299999999999999903e-05 -2.150000000000000001e-03 -9.999980000000000535e-01 3.895569999999999866e-01 -9.210000000000000409e-01 1.951000000000000043e-03 -9.210019999999999873e-01 -3.895560000000000134e-01 9.049999999999999885e-04
1.600000000000000000e+01 4.600000000000000000e+01 3.500000000000000000e+01 0.000000000000000000e+00 1.600000000000000089e+00 2.910000000000000260e-04 7.421999999999999778e-03 -9.999719999999999720e-01 3.896890000000000076e-01 -9.209220000000000184e-01 -6.721999999999999677e-03 -9.209460000000000424e-01 -3.896760000000000224e-01 -3.160000000000000048e-03
2.100000000000000000e+01 4.600000000000000000e+01 3.500000000000000000e+01 0.000000000000000000e+00 1.600000000000000089e+00 -1.118000000000000070e-03 -2.959999999999999958e-03 -9.999949999999999672e-01 3.908820000000000072e-01 -9.204379999999999784e-01 2.288000000000000103e-03 -9.204400000000000359e-01 -3.908780000000000032e-01 2.186000000000000009e-03
2.400000000000000000e+01 4.600000000000000000e+01 3.500000000000000000e+01 0.000000000000000000e+00 1.600000000000000089e+00 -1.589999999999999888e-04 -4.628000000000000169e-03 -9.999890000000000168e-01 3.919799999999999951e-01 -9.199640000000000040e-01 4.194999999999999944e-03 -9.199739999999999585e-01 -3.919750000000000179e-01 1.961000000000000069e-03
3.000000000000000000e+01 4.600000000000000000e+01 3.500000000000000000e+01 0.000000000000000000e+00 1.600000000000000089e+00 1.855000000000000095e-03 1.406999999999999917e-02 -9.998989999999999823e-01 3.927169999999999828e-01 -9.195780000000000065e-01 -1.221099999999999963e-02 -9.196569999999999467e-01 -3.926549999999999763e-01 -7.230999999999999581e-03
1.500000000000000000e+01 9.500000000000000000e+01 3.600000000000000000e+01 0.000000000000000000e+00 1.600000000000000089e+00 2.566999999999999837e-03 2.416599999999999998e-02 9.997049999999999548e-01 9.969599999999999573e-01 7.779200000000000004e-02 -4.440999999999999635e-03 -7.787600000000000078e-02 9.966770000000000351e-01 -2.389300000000000104e-02
2.800000000000000000e+01 9.500000000000000000e+01 3.600000000000000000e+01 0.000000000000000000e+00 1.600000000000000089e+00 2.570999999999999935e-03 1.454999999999999913e-03 9.999959999999999960e-01 9.971609999999999641e-01 7.525500000000000245e-02 -2.673000000000000029e-03 -7.525800000000000545e-02 9.971630000000000216e-01 -1.257000000000000088e-03
3.000000000000000000e+00 2.900000000000000000e+01 4.400000000000000000e+01 0.000000000000000000e+00 1.600000000000000089e+00 -1.445000000000000104e-03 1.013000000000000012e-03 -9.999980000000000535e-01 6.581259999999999888e-01 7.529069999999999929e-01 -1.879999999999999890e-04 7.529059999999999642e-01 -6.581259999999999888e-01 -1.755000000000000050e-03
7.000000000000000000e+00 2.900000000000000000e+01 4.400000000000000000e+01 0.000000000000000000e+00 1.600000000000000089e+00 -1.345999999999999974e-03 2.982999999999999974e-03 -9.999949999999999672e-01 6.452959999999999807e-01 7.639310000000000267e-01 1.410000000000000012e-03 7.639320000000000555e-01 -6.452909999999999480e-01 -2.954000000000000029e-03
1.100000000000000000e+01 2.900000000000000000e+01 4.400000000000000000e+01 0.000000000000000000e+00 1.600000000000000089e+00 -2.749000000000000141e-03 -1.484000000000000076e-03 -9.999949999999999672e-01 6.504320000000000102e-01 7.595589999999999842e-01 -2.915000000000000056e-03 7.595589999999999842e-01 -6.504370000000000429e-01 -1.123000000000000083e-03
1.700000000000000000e+01 2.900000000000000000e+01 4.400000000000000000e+01 0.000000000000000000e+00 1.600000000000000089e+00 -2.338999999999999933e-03 1.054999999999999948e-03 -9.999970000000000248e-01 6.591669999999999474e-01 7.519959999999999978e-01 -7.489999999999999913e-04 7.519930000000000225e-01 -6.591660000000000297e-01 -2.454000000000000018e-03
1.900000000000000000e+01 2.900000000000000000e+01 4.400000000000000000e+01 0.000000000000000000e+00 1.600000000000000089e+00 -1.115000000000000106e-03 8.880000000000000089e-04 -9.999989999999999712e-01 6.598490000000000189e-01 7.513980000000000103e-01 -6.899999999999999667e-05 7.513969999999999816e-01 -6.598479999999999901e-01 -1.423000000000000003e-03
2.500000000000000000e+01 2.900000000000000000e+01 4.400000000000000000e+01 0.000000000000000000e+00 1.600000000000000089e+00 2.298000000000000129e-03 4.192999999999999679e-03 -9.999890000000000168e-01 6.487100000000000088e-01 7.610209999999999475e-01 4.682000000000000398e-03 7.610320000000000418e-01 -6.487129999999999841e-01 -9.709999999999999664e-04
2.800000000000000000e+01 2.900000000000000000e+01 4.400000000000000000e+01 0.000000000000000000e+00 1.600000000000000089e+00 -2.041999999999999978e-03 8.399999999999999535e-05 -9.999980000000000535e-01 6.461780000000000301e-01 7.631860000000000310e-01 -1.255999999999999955e-03 7.631839999999999735e-01 -6.461789999999999479e-01 -1.613000000000000067e-03
2.500000000000000000e+01 6.000000000000000000e+00 5.100000000000000000e+01 0.000000000000000000e+00 1.600000000000000089e+00 4.022000000000000401e-03 3.078000000000000007e-03 -9.999869999999999592e-01 3.152460000000000262e-01 -9.490079999999999627e-01 -1.652999999999999955e-03 -9.490009999999999835e-01 -3.152360000000000162e-01 -4.786999999999999589e-03
1.900000000000000000e+01 1.150000000000000000e+02 5.100000000000000000e+01 0.000000000000000000e+00 1.600000000000000089e+00 -9.259999999999999568e-04 2.559999999999999884e-04 1.000000000000000000e+00 8.467550000000000354e-01 -5.319829999999999837e-01 9.200000000000000278e-04 5.319829999999999837e-01 8.467550000000000354e-01 2.759999999999999867e-04
2.400000000000000000e+01 1.150000000000000000e+02 5.100000000000000000e+01 0.000000000000000000e+00 1.600000000000000089e+00 2.449999999999999921e-04 1.283000000000000069e-03 9.999989999999999712e-01 8.476040000000000241e-01 -5.306290000000000173e-01 4.730000000000000046e-04 5.306290000000000173e-01 8.476029999999999953e-01 -1.217999999999999899e-03
1.900000000000000000e+01 7.000000000000000000e+00 5.200000000000000000e+01 0.000000000000000000e+00 1.600000000000000089e+00 -6.260000000000000373e-04 -8.379999999999999862e-04 -9.999989999999999712e-01 8.552700000000000580e-02 -9.963359999999999994e-01 7.810000000000000102e-04 -9.963359999999999994e-01 -8.552700000000000580e-02 6.949999999999999798e-04
2.800000000000000000e+01 7.000000000000000000e+00 5.200000000000000000e+01 0.000000000000000000e+00 1.600000000000000089e+00 6.636000000000000405e-03 -3.965999999999999907e-03 -9.999700000000000255e-01 9.850399999999999434e-02 -9.951259999999999550e-01 4.599999999999999922e-03 -9.951149999999999718e-01 -9.853099999999999359e-02 -6.212999999999999773e-03
1.200000000000000000e+01 1.600000000000000000e+01 5.200000000000000000e+01 0.000000000000000000e+00 1.600000000000000089e+00 -2.423999999999999939e-03 -5.330000000000000536e-04 -9.999970000000000248e-01 7.769340000000000135e-01 6.295779999999999710e-01 -2.219000000000000052e-03 6.295770000000000532e-01 -7.769369999999999887e-01 -1.111999999999999924e-03
8.000000000000000000e+00 5.800000000000000000e+01 5.200000000000000000e+01 0.000000000000000000e+00 1.600000000000000089e+00 6.909999999999999910e-04 -8.108999999999999889e-03 9.999670000000000503e-01 -6.309709999999999486e-01 7.757770000000000499e-01 6.727000000000000340e-03 -7.758059999999999956e-01 -6.309550000000000436e-01 -4.579999999999999870e-03
2.000000000000000000e+00 6.300000000000000000e+01 5.400000000000000000e+01 0.000000000000000000e+00 1.600000000000000089e+00 -6.499999999999999431e-05 1.399999999999999877e-04 1.000000000000000000e+00 -3.492770000000000041e-01 9.370199999999999640e-01 -1.540000000000000028e-04 -9.370199999999999640e-01 -3.492770000000000041e-01 -1.200000000000000030e-05
1.300000000000000000e+01 6.300000000000000000e+01 5.400000000000000000e+01 0.000000000000000000e+00 1.600000000000000089e+00 9.590000000000000000e-04 -5.983999999999999736e-03 9.999820000000000375e-01 -3.538100000000000134e-01 9.352979999999999627e-01 5.936999999999999569e-03 -9.353169999999999540e-01 -3.538100000000000134e-01 -1.219999999999999947e-03
1.700000000000000000e+01 6.300000000000000000e+01 5.400000000000000000e+01 0.000000000000000000e+00 1.600000000000000089e+00 3.350000000000000113e-04 -1.118999999999999986e-03 9.999989999999999712e-01 -3.542130000000000001e-01 9.351639999999999953e-01 1.165000000000000020e-03 -9.351650000000000240e-01 -3.542130000000000001e-01 -8.299999999999999815e-05
2.100000000000000000e+01 6.300000000000000000e+01 5.400000000000000000e+01 0.000000000000000000e+00 1.600000000000000089e+00 -2.480000000000000000e-03 6.220000000000000485e-04 9.999970000000000248e-01 -3.520929999999999893e-01 9.359640000000000182e-01 -1.454999999999999913e-03 -9.359619999999999607e-01 -3.520949999999999913e-01 -2.102000000000000136e-03
4.000000000000000000e+00 2.500000000000000000e+01 5.500000000000000000e+01 0.000000000000000000e+00 1.600000000000000089e+00 -3.119999999999999944e-04 1.639999999999999965e-03 -9.999989999999999712e-01 -1.126100000000000018e-02 -9.999350000000000183e-01 -1.636000000000000084e-03 -9.999369999999999647e-01 1.126100000000000018e-02 3.299999999999999982e-04
1.200000000000000000e+01 2.500000000000000000e+01 5.500000000000000000e+01 0.000000000000000000e+00 1.600000000000000089e+00 8.069999999999999916e-04 7.579999999999999932e-04 -9.999989999999999712e-01 -1.232699999999999942e-02 -9.999240000000000350e-01 -7.680000000000000195e-04 -9.999240000000000350e-01 1.232800000000000042e-02 -7.979999999999999897e-04
2.500000000000000000e+01 2.500000000000000000e+01 5.500000000000000000e+01 0.000000000000000000e+00 1.600000000000000089e+00 -2.950000000000000148e-04 2.442999999999999859e-03 -9.999970000000000248e-01 -1.127200000000000077e-02 -9.999329999999999607e-01 -2.439999999999999895e-03 -9.999360000000000470e-01 1.127099999999999977e-02 3.229999999999999907e-04
2.900000000000000000e+01 2.500000000000000000e+01 5.500000000000000000e+01 0.000000000000000000e+00 1.600000000000000089e+00 -1.451000000000000033e-03 7.992000000000000839e-03 -9.999670000000000503e-01 -1.132700000000000026e-02 -9.999040000000000150e-01 -7.974999999999999450e-03 -9.999350000000000183e-01 1.131500000000000040e-02 1.541000000000000052e-03
6.000000000000000000e+00 2.000000000000000000e+01 6.000000000000000000e+01 0.000000000000000000e+00 1.600000000000000089e+00 1.642999999999999929e-03 2.419000000000000143e-03 9.999959999999999960e-01 -6.150900000000000117e-02 9.981039999999999912e-01 -2.312999999999999952e-03 -9.981050000000000200e-01 -6.150499999999999717e-02 1.788000000000000093e-03
9.000000000000000000e+00 2.100000000000000000e+01 6.000000000000000000e+01 0.000000000000000000e+00 1.600000000000000089e+00 6.610000000000000207e-04 -4.640000000000000027e-04 1.000000000000000000e+00 -9.585200000000000664e-02 9.953950000000000298e-01 5.249999999999999676e-04 -9.953950000000000298e-01 -9.585299999999999376e-02 6.139999999999999625e-04
1.300000000000000000e+01 2.100000000000000000e+01 6.000000000000000000e+01 0.000000000000000000e+00 1.600000000000000089e+00 -1.196999999999999930e-03 1.430000000000000064e-03 9.999980000000000535e-01 -9.606800000000000062e-02 9.953739999999999810e-01 -1.538000000000000088e-03 -9.953739999999999810e-01 -9.607000000000000262e-02 -1.054000000000000032e-03
1.700000000000000000e+01 2.100000000000000000e+01 6.000000000000000000e+01 0.000000000000000000e+00 1.600000000000000089e+00 -5.640000000000000482e-04 2.580999999999999961e-03 9.999959999999999960e-01 -9.379099999999999937e-02 9.955880000000000285e-01 -2.622999999999999898e-03 -9.955920000000000325e-01 -9.379200000000000037e-02 -3.200000000000000262e-04
2.500000000000000000e+01 2.100000000000000000e+01 6.000000000000000000e+01 0.000000000000000000e+00 1.600000000000000089e+00 1.479000000000000063e-03 -9.580999999999999239e-03 9.999529999999999808e-01 -9.809199999999999864e-02 9.951299999999999590e-01 9.679999999999999369e-03 -9.951759999999999495e-01 -9.810099999999999376e-02 5.320000000000000293e-04
4.000000000000000000e+00 6.700000000000000000e+01 6.000000000000000000e+01 0.000000000000000000e+00 1.600000000000000089e+00 -1.175999999999999962e-03 -4.945999999999999876e-03 9.999869999999999592e-01 1.734660000000000091e-01 -9.848289999999999544e-01 -4.667000000000000141e-03 9.848390000000000200e-01 1.734580000000000011e-01 2.015999999999999997e-03
1.200000000000000000e+01 3.000000000000000000e+00 6.300000000000000000e+01 0.000000000000000000e+00 1.600000000000000089e+00 -1.286000000000000034e-03 -7.531000000000000368e-03 9.999710000000000543e-01 -6.154020000000000046e-01 7.881970000000000365e-01 5.144000000000000135e-03 -7.882130000000000525e-01 -6.153769999999999518e-01 -5.648000000000000242e-03
2.000000000000000000e+01 3.000000000000000000e+00 6.300000000000000000e+01 0.000000000000000000e+00 1.600000000000000089e+00 2.317000000000000049e-03 -5.271999999999999777e-03 9.999829999999999552e-01 -6.154079999999999551e-01 7.881890000000000285e-01 5.581000000000000023e-03 -7.882050000000000445e-01 -6.154110000000000413e-01 -1.417999999999999990e-03
2.000000000000000000e+00 2.700000000000000000e+01 6.300000000000000000e+01 0.000000000000000000e+00 1.600000000000000089e+00 2.739999999999999814e-03 -2.162999999999999992e-03 9.999940000000000495e-01 -2.712060000000000026e-01 9.625169999999999559e-01 2.824999999999999820e-03 -9.625169999999999559e-01 -2.712120000000000086e-01 2.050999999999999872e-03
1.000000000000000000e+01 2.700000000000000000e+01 6.300000000000000000e+01 0.000000000000000000e+00 1.600000000000000089e+00 1.310000000000000129e-04 -4.597000000000000391e-03 9.999890000000000168e-01 -2.750119999999999787e-01 9.614300000000000068e-01 4.454999999999999759e-03 -9.614409999999999901e-01 -2.750099999999999767e-01 -1.137999999999999906e-03
1.500000000000000000e+01 2.700000000000000000e+01 6.300000000000000000e+01 0.000000000000000000e+00 1.600000000000000089e+00 1.129999999999999928e-03 1.361000000000000014e-03 9.999980000000000535e-01 -2.748709999999999765e-01 9.614800000000000013e-01 -9.979999999999999722e-04 -9.614800000000000013e-01 -2.748700000000000032e-01 1.459999999999999926e-03
2.000000000000000000e+01 2.700000000000000000e+01 6.300000000000000000e+01 0.000000000000000000e+00 1.600000000000000089e+00 9.849999999999999815e-04 5.186999999999999771e-03 9.999860000000000415e-01 -2.747800000000000242e-01 9.614960000000000173e-01 -4.716999999999999839e-03 -9.615070000000000006e-01 -2.747709999999999875e-01 2.371999999999999977e-03
2.400000000000000000e+01 2.700000000000000000e+01 6.300000000000000000e+01 0.000000000000000000e+00 1.600000000000000089e+00 -1.446000000000000020e-03 -3.415000000000000067e-03 9.999930000000000208e-01 -2.706319999999999837e-01 9.626789999999999514e-01 2.896000000000000137e-03 -9.626820000000000377e-01 -2.706259999999999777e-01 -2.315999999999999916e-03
3.000000000000000000e+00 2.600000000000000000e+01 6.400000000000000000e+01 0.000000000000000000e+00 1.600000000000000089e+00 2.284000000000000006e-03 -4.596000000000000259e-03 9.999869999999999592e-01 -3.641030000000000100e-01 9.313449999999999784e-01 5.112000000000000224e-03 -9.313559999999999617e-01 -3.641099999999999892e-01 4.539999999999999765e-04
8.000000000000000000e+00 2.600000000000000000e+01 6.400000000000000000e+01 0.000000000000000000e+00 1.600000000000000089e+00 5.649999999999999641e-04 -3.778999999999999807e-03 9.999930000000000208e-01 -3.685959999999999792e-01 9.295820000000000194e-01 3.720999999999999915e-03 -9.295900000000000274e-01 -3.685950000000000060e-01 -8.679999999999999565e-04
1.200000000000000000e+01 2.600000000000000000e+01 6.400000000000000000e+01 0.000000000000000000e+00 1.600000000000000089e+00 8.149999999999999693e-04 -3.706999999999999792e-03 9.999930000000000208e-01 -3.690120000000000067e-01 9.294170000000000487e-01 3.746000000000000198e-03 -9.294240000000000279e-01 -3.690129999999999799e-01 -6.109999999999999980e-04
1.900000000000000000e+01 2.600000000000000000e+01 6.400000000000000000e+01 0.000000000000000000e+00 1.600000000000000089e+00 1.283999999999999985e-03 6.701000000000000359e-03 9.999770000000000048e-01 -3.662759999999999905e-01 9.304879999999999818e-01 -5.765000000000000159e-03 -9.305050000000000265e-01 -3.662599999999999745e-01 3.648999999999999900e-03
2.700000000000000000e+01 2.600000000000000000e+01 6.400000000000000000e+01 0.000000000000000000e+00 1.600000000000000089e+00 -3.680000000000000003e-04 -5.681000000000000286e-03 9.999839999999999840e-01 -3.638440000000000007e-01 9.314459999999999962e-01 5.158000000000000258e-03 -9.314599999999999547e-01 -3.638359999999999927e-01 -2.409999999999999816e-03
8.000000000000000000e+00 6.900000000000000000e+01 6.600000000000000000e+01 0.000000000000000000e+00 1.600000000000000089e+00 -1.943999999999999981e-03 -6.282000000000000257e-03 9.999780000000000335e-01 -9.487630000000000230e-01 3.159890000000000199e-01 1.410000000000000120e-04 -3.159830000000000139e-01 -9.487419999999999742e-01 -6.575000000000000115e-03
1.900000000000000000e+01 6.900000000000000000e+01 6.600000000000000000e+01 0.000000000000000000e+00 1.600000000000000089e+00 -5.190000000000000169e-03 3.163000000000000013e-03 9.999820000000000375e-01 -9.489560000000000217e-01 3.153520000000000212e-01 -5.923000000000000313e-03 -3.153650000000000064e-01 -9.489699999999999802e-01 1.364999999999999894e-03
2.300000000000000000e+01 6.900000000000000000e+01 6.600000000000000000e+01 0.000000000000000000e+00 1.600000000000000089e+00 -4.447000000000000432e-03 4.350000000000000026e-04 9.999900000000000455e-01 -9.496759999999999646e-01 3.132030000000000092e-01 -4.359000000000000027e-03 -3.132019999999999804e-01 -9.496860000000000301e-01 -9.799999999999999684e-04
3.000000000000000000e+00 2.500000000000000000e+01 7.300000000000000000e+01 0.000000000000000000e+00 1.600000000000000089e+00 7.659999999999999708e-04 -8.250999999999999654e-03 9.999660000000000215e-01 7.551320000000000254e-01 -6.555450000000000443e-01 -5.987000000000000134e-03 6.555720000000000436e-01 7.551109999999999767e-01 5.728999999999999718e-03
1.100000000000000000e+01 2.500000000000000000e+01 7.300000000000000000e+01 0.000000000000000000e+00 1.600000000000000089e+00 -1.440000000000000091e-03 -2.382000000000000003e-03 9.999959999999999960e-01 7.539949999999999708e-01 -6.568800000000000194e-01 -4.789999999999999879e-04 6.568789999999999907e-01 7.539909999999999668e-01 2.742000000000000080e-03
