9.000000000000000000e+00 2.500000000000000000e+01 1.000000000000000000e+00 0.000000000000000000e+00 1.600000000000000089e+00 1.618999999999999996e-03 -2.100000000000000087e-04 -9.999989999999999712e-01 -5.172020000000000506e-01 -8.558630000000000404e-01 -6.579999999999999478e-04 -8.558620000000000116e-01 5.172020000000000506e-01 -1.494000000000000102e-03
3.000000000000000000e+00 1.500000000000000000e+01 4.000000000000000000e+00 0.000000000000000000e+00 1.600000000000000089e+00 1.802999999999999915e-03 -6.901000000000000016e-03 9.999749999999999472e-01 3.132550000000000057e-01 -9.496419999999999861e-01 -7.119000000000000328e-03 9.496670000000000389e-01 3.132599999999999829e-01 4.499999999999999877e-04
7.000000000000000000e+00 1.500000000000000000e+01 4.000000000000000000e+00 0.000000000000000000e+00 1.600000000000000089e+00 1.201999999999999943e-03 -1.259999999999999998e-04 9.999989999999999712e-01 3.107400000000000162e-01 -9.504949999999999788e-01 -4.929999999999999487e-04 9.504939999999999500e-01 3.107400000000000162e-01 -1.103000000000000031e-03
1.400000000000000000e+01 1.500000000000000000e+01 4.000000000000000000e+00 0.000000000000000000e+00 1.600000000000000089e+00 -3.099999999999999999e-04 6.151000000000000217e-03 9.999810000000000088e-01 3.133889999999999731e-01 -9.496059999999999501e-01 5.937999999999999702e-03 9.496250000000000524e-01 3.133850000000000247e-01 -1.632999999999999903e-03
2.100000000000000000e+01 1.500000000000000000e+01 4.000000000000000000e+00 0.000000000000000000e+00 1.600000000000000089e+00 -1.240000000000000000e-03 -7.636999999999999691e-03 9.999700000000000255e-01 3.136289999999999911e-01 -9.495209999999999484e-01 -6.863000000000000177e-03 9.495449999999999724e-01 3.136109999999999731e-01 3.572999999999999787e-03
2.300000000000000000e+01 1.500000000000000000e+01 4.000000000000000000e+00 0.000000000000000000e+00 1.600000000000000089e+00 9.309999999999999699e-04 -4.308000000000000197e-03 9.999900000000000455e-01 3.143050000000000010e-01 -9.493120000000000447e-01 -4.382999999999999743e-03 9.493209999999999704e-01 3.143059999999999743e-01 4.699999999999999859e-04
2.700000000000000000e+01 1.500000000000000000e+01 4.000000000000000000e+00 0.000000000000000000e+00 1.600000000000000089e+00 3.766999999999999949e-03 5.213999999999999885e-03 9.999789999999999512e-01 3.159699999999999731e-01 -9.487619999999999942e-01 3.756999999999999923e-03 9.487619999999999942e-01 3.159489999999999799e-01 -5.222000000000000079e-03
2.800000000000000000e+01 4.000000000000000000e+00 5.000000000000000000e+00 0.000000000000000000e+00 1.600000000000000089e+00 -8.852999999999999758e-03 -2.408100000000000171e-02 9.996709999999999763e-01 2.181009999999999893e-01 -9.756879999999999997e-01 -2.157200000000000090e-02 9.758860000000000312e-01 2.178380000000000039e-01 1.388999999999999957e-02
1.300000000000000000e+01 1.010000000000000000e+02 7.000000000000000000e+00 0.000000000000000000e+00 1.600000000000000089e+00 4.479999999999999933e-04 -2.039999999999999984e-04 1.000000000000000000e+00 8.863189999999999680e-01 4.630750000000000144e-01 -3.020000000000000223e-04 -4.630750000000000144e-01 8.863189999999999680e-01 3.879999999999999985e-04
1.700000000000000000e+01 1.010000000000000000e+02 7.000000000000000000e+00 0.000000000000000000e+00 1.600000000000000089e+00 3.569999999999999823e-03 8.730999999999999178e-03 9.999559999999999560e-01 8.876969999999999583e-01 4.603709999999999747e-01 -7.189000000000000078e-03 -4.604130000000000167e-01 8.876840000000000286e-01 -6.106999999999999582e-03
2.100000000000000000e+01 1.010000000000000000e+02 7.000000000000000000e+00 0.000000000000000000e+00 1.600000000000000089e+00 7.759999999999999971e-04 -7.342999999999999701e-03 9.999730000000000008e-01 8.890599999999999614e-01 4.577820000000000222e-01 2.671999999999999896e-03 -4.577890000000000015e-01 8.890339999999999909e-01 6.884000000000000362e-03
2.400000000000000000e+01 1.010000000000000000e+02 7.000000000000000000e+00 0.000000000000000000e+00 1.600000000000000089e+00 -9.529999999999999626e-04 -1.035999999999999942e-02 9.999460000000000015e-01 8.898580000000000378e-01 4.562039999999999984e-01 5.575000000000000094e-03 -4.562370000000000037e-01 8.898150000000000226e-01 8.784999999999999407e-03
2.000000000000000000e+00 2.500000000000000000e+01 8.000000000000000000e+00 0.000000000000000000e+00 1.600000000000000089e+00 3.989999999999999949e-04 -7.813000000000000500e-03 -9.999689999999999968e-01 4.454020000000000201e-01 8.953050000000000175e-01 -6.817000000000000143e-03 8.953299999999999592e-01 -4.453860000000000041e-01 3.837000000000000133e-03
5.000000000000000000e+00 2.500000000000000000e+01 8.000000000000000000e+00 0.000000000000000000e+00 1.600000000000000089e+00 -4.220000000000000118e-04 -8.444000000000000117e-03 -9.999639999999999640e-01 4.469799999999999884e-01 8.945109999999999451e-01 -7.741999999999999750e-03 8.945440000000000058e-01 -4.469670000000000032e-01 3.396000000000000147e-03
9.000000000000000000e+00 2.500000000000000000e+01 8.000000000000000000e+00 0.000000000000000000e+00 1.600000000000000089e+00 -2.099000000000000171e-03 -5.509000000000000008e-03 -9.999829999999999552e-01 4.481550000000000256e-01 8.939369999999999816e-01 -5.865999999999999687e-03 8.939540000000000264e-01 -4.481589999999999741e-01 5.919999999999999698e-04
1.300000000000000000e+01 2.500000000000000000e+01 8.000000000000000000e+00 0.000000000000000000e+00 1.600000000000000089e+00 -1.502999999999999996e-03 -6.499999999999999702e-04 -9.999989999999999712e-01 4.490879999999999872e-01 8.934870000000000312e-01 -1.255999999999999955e-03 8.934860000000000024e-01 -4.490890000000000160e-01 -1.051000000000000068e-03
2.200000000000000000e+01 2.500000000000000000e+01 8.000000000000000000e+00 0.000000000000000000e+00 1.600000000000000089e+00 -1.440000000000000036e-04 -4.091000000000000018e-03 -9.999919999999999920e-01 4.490359999999999907e-01 8.935060000000000224e-01 -3.720000000000000216e-03 8.935140000000000304e-01 -4.490330000000000155e-01 1.709000000000000016e-03
2.600000000000000000e+01 2.500000000000000000e+01 8.000000000000000000e+00 0.000000000000000000e+00 1.600000000000000089e+00 5.540000000000000219e-04 -4.767999999999999669e-03 -9.999879999999999880e-01 4.491029999999999744e-01 8.934710000000000152e-01 -4.010999999999999809e-03 8.934800000000000519e-01 -4.490959999999999952e-01 2.637000000000000021e-03
3.000000000000000000e+01 2.500000000000000000e+01 8.000000000000000000e+00 0.000000000000000000e+00 1.600000000000000089e+00 2.201999999999999964e-03 7.240000000000000342e-04 -9.999970000000000248e-01 4.493559999999999777e-01 8.933510000000000062e-01 1.636000000000000084e-03 8.933499999999999774e-01 -4.493579999999999797e-01 1.642000000000000013e-03
2.000000000000000000e+00 2.400000000000000000e+01 9.000000000000000000e+00 0.000000000000000000e+00 1.600000000000000089e+00 5.700000000000000314e-05 -7.844999999999999543e-03 -9.999689999999999968e-01 4.510680000000000245e-01 8.924619999999999775e-01 -6.976000000000000430e-03 8.924900000000000055e-01 -4.510540000000000105e-01 3.589000000000000176e-03
5.000000000000000000e+00 2.400000000000000000e+01 9.000000000000000000e+00 0.000000000000000000e+00 1.600000000000000089e+00 -6.290000000000000018e-04 -8.552000000000000574e-03 -9.999630000000000463e-01 4.525089999999999946e-01 8.917249999999999899e-01 -7.910999999999999630e-03 8.917599999999999971e-01 -4.524969999999999826e-01 3.308999999999999875e-03
9.000000000000000000e+00 2.400000000000000000e+01 9.000000000000000000e+00 0.000000000000000000e+00 1.600000000000000089e+00 -1.758999999999999930e-03 -4.198999999999999608e-03 -9.999900000000000455e-01 4.536410000000000164e-01 8.911729999999999929e-01 -4.539999999999999765e-03 8.911829999999999474e-01 -4.536439999999999917e-01 3.370000000000000057e-04
1.400000000000000000e+01 2.400000000000000000e+01 9.000000000000000000e+00 0.000000000000000000e+00 1.600000000000000089e+00 -1.299000000000000024e-03 3.435999999999999818e-03 -9.999930000000000208e-01 4.548139999999999961e-01 8.905830000000000135e-01 2.468999999999999841e-03 8.905849999999999600e-01 -4.548079999999999901e-01 -2.720000000000000195e-03
2.200000000000000000e+01 2.400000000000000000e+01 9.000000000000000000e+00 0.000000000000000000e+00 1.600000000000000089e+00 3.399999999999999973e-05 -4.433000000000000308e-03 -9.999900000000000455e-01 4.534869999999999735e-01 8.912539999999999907e-01 -3.935000000000000130e-03 8.912630000000000274e-01 -4.534819999999999962e-01 2.040999999999999846e-03
3.000000000000000000e+01 2.400000000000000000e+01 9.000000000000000000e+00 0.000000000000000000e+00 1.600000000000000089e+00 2.286999999999999970e-03 1.559999999999999972e-03 -9.999959999999999960e-01 4.534420000000000117e-01 8.912820000000000187e-01 2.426999999999999904e-03 8.912830000000000474e-01 -4.534460000000000157e-01 1.330999999999999935e-03
1.100000000000000000e+01 3.100000000000000000e+01 1.200000000000000000e+01 0.000000000000000000e+00 1.600000000000000089e+00 1.900000000000000105e-04 -2.651999999999999844e-03 9.999959999999999960e-01 -7.050000000000000060e-04 9.999959999999999960e-01 2.651999999999999844e-03 -1.000000000000000000e+00 -7.050000000000000060e-04 1.890000000000000133e-04
2.500000000000000000e+01 3.100000000000000000e+01 1.200000000000000000e+01 0.000000000000000000e+00 1.600000000000000089e+00 -1.407999999999999963e-03 -4.805000000000000243e-03 9.999869999999999592e-01 -3.014000000000000186e-03 9.999839999999999840e-01 4.799999999999999580e-03 -9.999940000000000495e-01 -3.007000000000000124e-03 -1.422000000000000087e-03
2.800000000000000000e+01 3.100000000000000000e+01 1.200000000000000000e+01 0.000000000000000000e+00 1.600000000000000089e+00 -7.269999999999999987e-04 -2.805999999999999901e-03 9.999959999999999960e-01 -5.739999999999999660e-04 9.999959999999999960e-01 2.805999999999999901e-03 -1.000000000000000000e+00 -5.720000000000000258e-04 -7.280000000000000230e-04
6.000000000000000000e+00 3.200000000000000000e+01 1.400000000000000000e+01 0.000000000000000000e+00 1.600000000000000089e+00 3.490000000000000263e-04 2.770000000000000110e-04 -1.000000000000000000e+00 1.080419999999999991e-01 9.941459999999999742e-01 3.130000000000000187e-04 9.941459999999999742e-01 -1.080430000000000001e-01 3.170000000000000075e-04
1.700000000000000000e+01 3.200000000000000000e+01 1.400000000000000000e+01 0.000000000000000000e+00 1.600000000000000089e+00 1.369999999999999961e-04 4.272999999999999889e-03 -9.999909999999999632e-01 1.063130000000000047e-01 9.943239999999999856e-01 4.263000000000000296e-03 9.943330000000000224e-01 -1.063130000000000047e-01 -3.190000000000000019e-04
3.000000000000000000e+00 1.200000000000000000e+01 1.500000000000000000e+01 0.000000000000000000e+00 1.600000000000000089e+00 -2.821000000000000157e-03 -4.978999999999999919e-03 -9.999839999999999840e-01 -4.660449999999999871e-01 -8.847420000000000284e-01 5.720000000000000258e-03 -8.847559999999999869e-01 4.660540000000000238e-01 1.759999999999999954e-04
6.000000000000000000e+00 1.200000000000000000e+01 1.500000000000000000e+01 0.000000000000000000e+00 1.600000000000000089e+00 -1.268000000000000030e-03 4.099999999999999912e-04 -9.999989999999999712e-01 -4.705420000000000158e-01 -8.823769999999999669e-01 2.349999999999999930e-04 -8.823769999999999669e-01 4.705420000000000158e-01 1.312000000000000015e-03
1.000000000000000000e+01 1.200000000000000000e+01 1.500000000000000000e+01 0.000000000000000000e+00 1.600000000000000089e+00 -6.819999999999999890e-04 -2.455000000000000151e-03 -9.999970000000000248e-01 -4.724160000000000026e-01 -8.813720000000000443e-01 2.485999999999999929e-03 -8.813760000000000483e-01 4.724160000000000026e-01 -5.590000000000000351e-04
1.200000000000000000e+01 1.160000000000000000e+02 1.600000000000000000e+01 0.000000000000000000e+00 1.600000000000000089e+00 4.879999999999999898e-04 2.416000000000000179e-03 9.999970000000000248e-01 6.948480000000000212e-01 7.191530000000000422e-01 -2.076999999999999853e-03 -7.191560000000000175e-01 6.948469999999999924e-01 -1.327000000000000055e-03
7.000000000000000000e+00 2.000000000000000000e+00 1.900000000000000000e+01 0.000000000000000000e+00 1.600000000000000089e+00 7.360000000000000006e-04 1.910000000000000022e-03 -9.999980000000000535e-01 1.901279999999999915e-01 -9.817580000000000195e-01 -1.734999999999999997e-03 -9.817590000000000483e-01 -1.901259999999999895e-01 -1.085999999999999943e-03
1.400000000000000000e+01 2.000000000000000000e+00 1.900000000000000000e+01 0.000000000000000000e+00 1.600000000000000089e+00 1.988000000000000184e-03 5.550000000000000462e-04 -9.999980000000000535e-01 1.910640000000000116e-01 -9.815779999999999506e-01 -1.649999999999999991e-04 -9.815760000000000041e-01 -1.910630000000000106e-01 -2.057999999999999934e-03
1.800000000000000000e+01 2.000000000000000000e+00 1.900000000000000000e+01 0.000000000000000000e+00 1.600000000000000089e+00 -7.849999999999999990e-04 -1.332000000000000068e-03 -9.999989999999999712e-01 1.927109999999999934e-01 -9.812549999999999883e-01 1.154999999999999994e-03 -9.812549999999999883e-01 -1.927099999999999924e-01 1.026999999999999918e-03
2.400000000000000000e+01 2.000000000000000000e+00 1.900000000000000000e+01 0.000000000000000000e+00 1.600000000000000089e+00 -1.603000000000000041e-03 -2.699000000000000010e-03 -9.999949999999999672e-01 1.956650000000000056e-01 -9.806679999999999842e-01 2.333000000000000004e-03 -9.806700000000000417e-01 -1.956600000000000006e-01 2.099999999999999870e-03
2.000000000000000000e+01 4.000000000000000000e+00 2.000000000000000000e+01 0.000000000000000000e+00 1.600000000000000089e+00 -3.033999999999999805e-03 -2.883999999999999845e-03 -9.999909999999999632e-01 3.068429999999999769e-01 -9.517579999999999929e-01 1.814000000000000074e-03 -9.517550000000000177e-01 -3.068350000000000244e-01 3.772999999999999878e-03
2.700000000000000000e+01 4.000000000000000000e+00 2.000000000000000000e+01 0.000000000000000000e+00 1.600000000000000089e+00 -2.329999999999999986e-04 -4.675999999999999601e-03 -9.999890000000000168e-01 3.042900000000000049e-01 -9.525689999999999991e-01 4.382999999999999743e-03 -9.525789999999999536e-01 -3.042860000000000009e-01 1.644999999999999978e-03
2.000000000000000000e+00 1.300000000000000000e+01 2.000000000000000000e+01 0.000000000000000000e+00 1.600000000000000089e+00 -6.560000000000000076e-04 -7.460999999999999750e-03 9.999719999999999720e-01 2.588190000000000213e-01 9.658980000000000343e-01 7.375999999999999744e-03 -9.659259999999999513e-01 2.588159999999999905e-01 1.296999999999999976e-03
8.000000000000000000e+00 1.300000000000000000e+01 2.000000000000000000e+01 0.000000000000000000e+00 1.600000000000000089e+00 -5.439999999999999957e-04 -3.526000000000000054e-03 9.999940000000000495e-01 2.609230000000000160e-01 9.653530000000000166e-01 3.546000000000000107e-03 -9.653589999999999671e-01 2.609239999999999893e-01 3.950000000000000061e-04
1.000000000000000000e+01 1.300000000000000000e+01 2.000000000000000000e+01 0.000000000000000000e+00 1.600000000000000089e+00 2.220000000000000022e-04 -1.098999999999999934e-03 9.999989999999999712e-01 2.608210000000000250e-01 9.653869999999999951e-01 1.002999999999999985e-03 -9.653869999999999951e-01 2.608210000000000250e-01 5.010000000000000347e-04
1.500000000000000000e+01 1.300000000000000000e+01 2.000000000000000000e+01 0.000000000000000000e+00 1.600000000000000089e+00 3.339999999999999870e-04 5.879999999999999810e-04 1.000000000000000000e+00 2.596609999999999752e-01 9.657000000000000028e-01 -6.539999999999999590e-04 -9.657000000000000028e-01 2.596609999999999752e-01 1.700000000000000122e-04
2.000000000000000000e+01 1.300000000000000000e+01 2.000000000000000000e+01 0.000000000000000000e+00 1.600000000000000089e+00 2.759999999999999867e-04 -1.407000000000000048e-03 9.999989999999999712e-01 2.583770000000000233e-01 9.660429999999999851e-01 1.288000000000000082e-03 -9.660440000000000138e-01 2.583759999999999946e-01 6.310000000000000504e-04
2.300000000000000000e+01 1.300000000000000000e+01 2.000000000000000000e+01 0.000000000000000000e+00 1.600000000000000089e+00 -9.700000000000000505e-04 7.269999999999999987e-04 9.999989999999999712e-01 2.577260000000000106e-01 9.662180000000000213e-01 -4.530000000000000064e-04 -9.662180000000000213e-01 2.577249999999999819e-01 -1.124999999999999915e-03
3.000000000000000000e+00 3.000000000000000000e+00 2.500000000000000000e+01 0.000000000000000000e+00 1.600000000000000089e+00 -7.780000000000000457e-04 -4.959999999999999999e-03 9.999869999999999592e-01 -5.568599999999999939e-02 -9.984359999999999902e-01 -4.995999999999999573e-03 9.984480000000000022e-01 -5.568900000000000239e-02 5.010000000000000347e-04
7.000000000000000000e+00 3.000000000000000000e+00 2.500000000000000000e+01 0.000000000000000000e+00 1.600000000000000089e+00 -9.349999999999999587e-04 2.628999999999999827e-03 9.999959999999999960e-01 -5.755600000000000299e-02 -9.983389999999999764e-01 2.570999999999999935e-03 9.983419999999999517e-01 -5.755299999999999999e-02 1.085000000000000027e-03
1.200000000000000000e+01 3.000000000000000000e+00 2.500000000000000000e+01 0.000000000000000000e+00 1.600000000000000089e+00 1.051999999999999984e-03 5.472000000000000301e-03 9.999850000000000128e-01 -5.866299999999999987e-02 -9.982630000000000114e-01 5.524000000000000264e-03 9.982769999999999699e-01 -5.866799999999999793e-02 -7.290000000000000473e-04
2.000000000000000000e+01 3.000000000000000000e+00 2.500000000000000000e+01 0.000000000000000000e+00 1.600000000000000089e+00 -3.000000000000000076e-05 -2.168999999999999921e-03 9.999980000000000535e-01 -6.919400000000000550e-02 -9.976009999999999600e-01 -2.165999999999999957e-03 9.976030000000000175e-01 -6.919400000000000550e-02 -1.200000000000000030e-04
2.600000000000000000e+01 3.000000000000000000e+00 2.500000000000000000e+01 0.000000000000000000e+00 1.600000000000000089e+00 -4.466000000000000351e-03 -7.290999999999999738e-03 9.999630000000000463e-01 -6.609600000000000197e-02 -9.977850000000000330e-01 -7.570000000000000340e-03 9.978029999999999955e-01 -6.612800000000000622e-02 3.974000000000000102e-03
2.900000000000000000e+01 3.000000000000000000e+00 2.500000000000000000e+01 0.000000000000000000e+00 1.600000000000000089e+00 -5.072000000000000119e-03 -3.621999999999999786e-03 9.999810000000000088e-01 -6.613299999999999734e-02 -9.978029999999999955e-01 -3.950000000000000386e-03 9.977979999999999627e-01 -6.615200000000000247e-02 4.821999999999999897e-03
7.000000000000000000e+00 4.600000000000000000e+01 2.700000000000000000e+01 0.000000000000000000e+00 1.600000000000000089e+00 -4.449999999999999746e-04 -4.960000000000000216e-04 -1.000000000000000000e+00 6.787020000000000275e-01 7.344129999999999825e-01 -6.660000000000000338e-04 7.344129999999999825e-01 -6.787020000000000275e-01 9.000000000000000228e-06
1.100000000000000000e+01 4.600000000000000000e+01 2.700000000000000000e+01 0.000000000000000000e+00 1.600000000000000089e+00 8.149999999999999693e-04 4.000000000000000327e-05 -1.000000000000000000e+00 6.782040000000000290e-01 7.348740000000000272e-01 5.829999999999999679e-04 7.348729999999999984e-01 -6.782040000000000290e-01 5.720000000000000258e-04
1.500000000000000000e+01 4.600000000000000000e+01 2.700000000000000000e+01 0.000000000000000000e+00 1.600000000000000089e+00 1.263000000000000017e-03 -5.450000000000000200e-04 -9.999989999999999712e-01 6.784949999999999593e-01 7.346049999999999525e-01 4.569999999999999952e-04 7.346040000000000347e-01 -6.784949999999999593e-01 1.297999999999999892e-03
5.000000000000000000e+00 5.800000000000000000e+01 3.100000000000000000e+01 0.000000000000000000e+00 1.600000000000000089e+00 -2.268000000000000051e-03 -5.820000000000000520e-04 9.999970000000000248e-01 -8.090739999999999599e-01 -5.877029999999999754e-01 -2.177999999999999815e-03 5.877029999999999754e-01 -8.090760000000000174e-01 8.620000000000000275e-04
9.000000000000000000e+00 5.800000000000000000e+01 3.100000000000000000e+01 0.000000000000000000e+00 1.600000000000000089e+00 6.400000000000000524e-04 -3.037999999999999902e-03 9.999949999999999672e-01 -8.102190000000000225e-01 -5.861269999999999536e-01 -1.262000000000000101e-03 5.861279999999999824e-01 -8.102139999999999898e-01 -2.837000000000000112e-03
1.300000000000000000e+01 5.800000000000000000e+01 3.100000000000000000e+01 0.000000000000000000e+00 1.600000000000000089e+00 -2.015999999999999997e-03 -4.310000000000000137e-04 9.999980000000000535e-01 -8.101800000000000113e-01 -5.861779999999999768e-01 -1.886000000000000090e-03 5.861779999999999768e-01 -8.101819999999999578e-01 8.329999999999999731e-04
2.000000000000000000e+01 5.800000000000000000e+01 3.100000000000000000e+01 0.000000000000000000e+00 1.600000000000000089e+00 -6.319999999999999663e-04 1.427000000000000100e-03 9.999989999999999712e-01 -8.120159999999999600e-01 -5.836360000000000436e-01 3.190000000000000019e-04 5.836350000000000149e-01 -8.120140000000000136e-01 1.526999999999999929e-03
2.400000000000000000e+01 5.800000000000000000e+01 3.100000000000000000e+01 0.000000000000000000e+00 1.600000000000000089e+00 2.164000000000000125e-03 2.831999999999999882e-03 9.999940000000000495e-01 -8.087539999999999729e-01 -5.881370000000000209e-01 3.416000000000000199e-03 5.881429999999999714e-01 -8.087560000000000304e-01 1.018000000000000025e-03
2.900000000000000000e+01 5.800000000000000000e+01 3.100000000000000000e+01 0.000000000000000000e+00 1.600000000000000089e+00 4.113000000000000336e-03 6.289999999999999584e-03 9.999719999999999720e-01 -8.060530000000000195e-01 -5.918020000000000502e-01 7.037999999999999985e-03 5.918290000000000495e-01 -8.060589999999999700e-01 2.635999999999999888e-03
2.000000000000000000e+00 4.600000000000000000e+01 3.500000000000000000e+01 0.000000000000000000e+00 1.600000000000000089e+00 -1.412000000000000061e-03 4.159999999999999744e-04 -9.999989999999999712e-01 3.892329999999999957e-01 -9.211390000000000411e-01 -9.330000000000000186e-04 -9.211380000000000123e-01 -3.892340000000000244e-01 1.137999999999999906e-03
8.000000000000000000e+00 4.600000000000000000e+01 3.500000000000000000e+01 0.000000000000000000e+00 1.600000000000000089e+00 1.320000000000000101e-04 1.962999999999999901e-03 -9.999980000000000535e-01 3.922539999999999916e-01 -9.198549999999999782e-01 -1.753999999999999917e-03 -9.198570000000000357e-01 -3.922530000000000183e-01 -8.909999999999999734e-04
1.400000000000000000e+01 4.600000000000000000e+01 3.500000000000000000e+01 0.000000000000000000e+00 1.600000000000000089e+00 -5.270000000000000162e-04 -8.980000000000000352e-04 -1.000000000000000000e+00 3.923459999999999726e-01 -9.198180000000000245e-01 6.199999999999999999e-04 -9.198180000000000245e-01 -3.923449999999999993e-01 8.369999999999999619e-04
2.000000000000000000e+01 4.600000000000000000e+01 3.500000000000000000e+01 0.000000000000000000e+00 1.600000000000000089e+00 5.990000000000000316e-04 -6.930000000000000396e-04 -1.000000000000000000e+00 3.915669999999999984e-01 -9.201489999999999947e-01 8.720000000000000537e-04 -9.201489999999999947e-01 -3.915669999999999984e-01 -2.799999999999999755e-04
2.600000000000000000e+01 4.600000000000000000e+01 3.500000000000000000e+01 0.000000000000000000e+00 1.600000000000000089e+00 -7.209999999999999612e-04 -6.231999999999999693e-03 -9.999799999999999800e-01 3.923229999999999773e-01 -9.198110000000000452e-01 5.448999999999999851e-03 -9.198269999999999502e-01 -3.923110000000000208e-01 3.108000000000000086e-03
9.000000000000000000e+00 9.500000000000000000e+01 3.600000000000000000e+01 0.000000000000000000e+00 1.600000000000000089e+00 -8.108000000000000623e-03 -1.441000000000000007e-03 9.999660000000000215e-01 9.970750000000000446e-01 7.599499999999999311e-02 8.193999999999999895e-03 -7.600400000000000211e-02 9.971069999999999656e-01 8.210000000000000067e-04
1.500000000000000000e+01 9.500000000000000000e+01 3.600000000000000000e+01 0.000000000000000000e+00 1.600000000000000089e+00 1.994000000000000113e-03 -2.053500000000000117e-02 9.997869999999999813e-01 9.969799999999999773e-01 7.765800000000000480e-02 -3.930000000000000117e-04 -7.763299999999999368e-02 9.967690000000000161e-01 2.062800000000000050e-02
2.000000000000000000e+00 2.900000000000000000e+01 4.400000000000000000e+01 0.000000000000000000e+00 1.600000000000000089e+00 -1.846999999999999901e-03 -2.030999999999999819e-03 -9.999959999999999960e-01 6.670700000000000518e-01 7.449900000000000411e-01 -2.745000000000000044e-03 7.449919999999999876e-01 -6.670730000000000270e-01 -2.099999999999999884e-05
8.000000000000000000e+00 2.900000000000000000e+01 4.400000000000000000e+01 0.000000000000000000e+00 1.600000000000000089e+00 2.481000000000000132e-03 -2.758000000000000035e-03 -9.999930000000000208e-01 6.752829999999999666e-01 7.375580000000000469e-01 -3.589999999999999984e-04 7.375540000000000429e-01 -6.752780000000000449e-01 3.691999999999999969e-03
1.100000000000000000e+01 2.900000000000000000e+01 4.400000000000000000e+01 0.000000000000000000e+00 1.600000000000000089e+00 1.252999999999999991e-03 -3.938999999999999793e-03 -9.999909999999999632e-01 6.719019999999999992e-01 7.406369999999999898e-01 -2.075000000000000022e-03 7.406390000000000473e-01 -6.718939999999999912e-01 3.573999999999999920e-03
1.700000000000000000e+01 2.900000000000000000e+01 4.400000000000000000e+01 0.000000000000000000e+00 1.600000000000000089e+00 -9.420000000000000205e-04 -5.089999999999999906e-03 -9.999869999999999592e-01 6.665360000000000174e-01 7.454589999999999828e-01 -4.422999999999999848e-03 7.454720000000000235e-01 -6.665320000000000134e-01 2.690000000000000117e-03
2.000000000000000000e+01 2.900000000000000000e+01 4.400000000000000000e+01 0.000000000000000000e+00 1.600000000000000089e+00 -2.730000000000000222e-04 -5.278999999999999838e-03 -9.999860000000000415e-01 6.646980000000000111e-01 7.471010000000000151e-01 -4.126000000000000327e-03 7.471119999999999983e-01 -6.646900000000000031e-01 3.305000000000000212e-03
2.500000000000000000e+01 2.900000000000000000e+01 4.400000000000000000e+01 0.000000000000000000e+00 1.600000000000000089e+00 1.136999999999999990e-03 1.954000000000000008e-03 -9.999970000000000248e-01 6.560559999999999725e-01 7.547089999999999632e-01 2.220999999999999884e-03 7.547110000000000207e-01 -6.560570000000000013e-01 -4.240000000000000062e-04
5.000000000000000000e+00 5.000000000000000000e+00 5.100000000000000000e+01 0.000000000000000000e+00 1.600000000000000089e+00 -1.417000000000000074e-03 -2.139999999999999975e-03 -9.999970000000000248e-01 4.836960000000000148e-01 -8.752349999999999852e-01 1.188000000000000037e-03 -8.752349999999999852e-01 -4.836929999999999841e-01 2.275999999999999811e-03
1.300000000000000000e+01 5.000000000000000000e+00 5.100000000000000000e+01 0.000000000000000000e+00 1.600000000000000089e+00 7.519999999999999558e-04 1.090000000000000040e-03 -9.999989999999999712e-01 4.862819999999999920e-01 -8.738019999999999676e-01 -5.869999999999999567e-04 -8.738019999999999676e-01 -4.862810000000000188e-01 -1.188000000000000037e-03
1.800000000000000000e+01 5.000000000000000000e+00 5.100000000000000000e+01 0.000000000000000000e+00 1.600000000000000089e+00 -4.290000000000000193e-04 -5.439999999999999957e-04 -1.000000000000000000e+00 4.828580000000000094e-01 -8.756990000000000052e-01 2.689999999999999791e-04 -8.756990000000000052e-01 -4.828580000000000094e-01 6.380000000000000037e-04
2.600000000000000000e+01 5.000000000000000000e+00 5.100000000000000000e+01 0.000000000000000000e+00 1.600000000000000089e+00 -7.470000000000000511e-04 -4.329000000000000382e-03 -9.999900000000000455e-01 4.904390000000000138e-01 -8.714690000000000492e-01 3.406000000000000173e-03 -8.714749999999999996e-01 -4.904319999999999791e-01 2.773999999999999990e-03
2.000000000000000000e+00 1.600000000000000000e+01 5.200000000000000000e+01 0.000000000000000000e+00 1.600000000000000089e+00 -1.129400000000000022e-02 -2.591800000000000007e-02 -9.996000000000000441e-01 7.927849999999999620e-01 6.089980000000000393e-01 -2.474799999999999917e-02 6.093960000000000488e-01 -7.927480000000000082e-01 1.366900000000000059e-02
6.000000000000000000e+00 6.300000000000000000e+01 5.400000000000000000e+01 0.000000000000000000e+00 1.600000000000000089e+00 1.083999999999999894e-03 -6.769999999999999759e-04 9.999989999999999712e-01 -3.426730000000000054e-01 9.394540000000000113e-01 1.007999999999999998e-03 -9.394540000000000113e-01 -3.426739999999999786e-01 7.870000000000000476e-04
1.100000000000000000e+01 6.300000000000000000e+01 5.400000000000000000e+01 0.000000000000000000e+00 1.600000000000000089e+00 2.349999999999999930e-04 4.820000000000000066e-04 1.000000000000000000e+00 -3.456830000000000180e-01 9.383510000000000462e-01 -3.710000000000000190e-04 -9.383510000000000462e-01 -3.456830000000000180e-01 3.869999999999999742e-04
1.600000000000000000e+01 6.300000000000000000e+01 5.400000000000000000e+01 0.000000000000000000e+00 1.600000000000000089e+00 -4.169999999999999987e-04 1.494000000000000102e-03 9.999989999999999712e-01 -3.486150000000000082e-01 9.372650000000000148e-01 -1.546000000000000065e-03 -9.372660000000000435e-01 -3.486159999999999815e-01 1.299999999999999886e-04
2.500000000000000000e+01 6.300000000000000000e+01 5.400000000000000000e+01 0.000000000000000000e+00 1.600000000000000089e+00 1.742999999999999975e-03 4.501999999999999925e-03 9.999879999999999880e-01 -3.553819999999999757e-01 9.347140000000000448e-01 -3.588000000000000043e-03 -9.347199999999999953e-01 -3.553709999999999924e-01 3.229999999999999798e-03
9.000000000000000000e+00 2.500000000000000000e+01 5.500000000000000000e+01 0.000000000000000000e+00 1.600000000000000089e+00 1.240000000000000000e-03 2.067999999999999960e-03 -9.999970000000000248e-01 -8.661000000000000296e-03 -9.999599999999999600e-01 -2.077999999999999986e-03 -9.999620000000000175e-01 8.663999999999999826e-03 -1.221999999999999996e-03
7.000000000000000000e+00 6.800000000000000000e+01 5.700000000000000000e+01 0.000000000000000000e+00 1.600000000000000089e+00 5.869999999999999567e-04 3.689000000000000005e-03 -9.999930000000000208e-01 -2.427110000000000101e-01 -9.700919999999999543e-01 -3.720999999999999915e-03 -9.700990000000000446e-01 2.427110000000000101e-01 3.260000000000000094e-04
1.300000000000000000e+01 2.000000000000000000e+01 6.000000000000000000e+01 0.000000000000000000e+00 1.600000000000000089e+00 8.711999999999999258e-03 -1.754199999999999857e-02 9.998080000000000300e-01 -6.167500000000000066e-02 9.979329999999999590e-01 1.804700000000000054e-02 -9.980580000000000007e-01 -6.181999999999999995e-02 7.611999999999999843e-03
2.200000000000000000e+01 2.000000000000000000e+01 6.000000000000000000e+01 0.000000000000000000e+00 1.600000000000000089e+00 -5.863000000000000156e-03 1.250000000000000026e-03 9.999820000000000375e-01 -4.900600000000000095e-02 9.987970000000000459e-01 -1.536000000000000039e-03 -9.987810000000000299e-01 -4.901400000000000201e-02 -5.794999999999999804e-03
2.800000000000000000e+01 2.100000000000000000e+01 6.000000000000000000e+01 0.000000000000000000e+00 1.600000000000000089e+00 -5.219999999999999814e-03 3.990999999999999756e-03 9.999780000000000335e-01 -9.537600000000000244e-02 9.954309999999999548e-01 -4.470000000000000015e-03 -9.954279999999999795e-01 -9.539699999999999569e-02 -4.814999999999999836e-03
5.000000000000000000e+00 6.000000000000000000e+00 6.100000000000000000e+01 0.000000000000000000e+00 1.600000000000000089e+00 3.033999999999999805e-03 -7.448999999999999892e-03 9.999679999999999680e-01 5.686710000000000376e-01 -8.225270000000000081e-01 -7.853000000000000605e-03 8.225590000000000401e-01 5.686769999999999881e-01 1.740999999999999926e-03
1.300000000000000000e+01 3.000000000000000000e+00 6.300000000000000000e+01 0.000000000000000000e+00 1.600000000000000089e+00 1.270999999999999994e-03 -2.003000000000000006e-03 9.999970000000000248e-01 -6.167550000000000532e-01 7.871519999999999628e-01 2.360999999999999818e-03 -7.871540000000000203e-01 -6.167559999999999709e-01 -2.349999999999999930e-04
4.000000000000000000e+00 2.700000000000000000e+01 6.300000000000000000e+01 0.000000000000000000e+00 1.600000000000000089e+00 -3.330000000000000169e-04 3.179999999999999776e-04 1.000000000000000000e+00 -2.735770000000000146e-01 9.618499999999999828e-01 -3.970000000000000005e-04 -9.618499999999999828e-01 -2.735770000000000146e-01 -2.329999999999999986e-04
1.000000000000000000e+01 2.700000000000000000e+01 6.300000000000000000e+01 0.000000000000000000e+00 1.600000000000000089e+00 -3.759999999999999779e-04 7.086000000000000285e-03 9.999749999999999472e-01 -2.704239999999999977e-01 9.627170000000000449e-01 -6.923999999999999599e-03 -9.627409999999999579e-01 -2.704190000000000205e-01 1.554000000000000043e-03
1.700000000000000000e+01 2.700000000000000000e+01 6.300000000000000000e+01 0.000000000000000000e+00 1.600000000000000089e+00 6.043999999999999893e-03 1.175000000000000046e-03 9.999810000000000088e-01 -2.846029999999999949e-01 9.586449999999999694e-01 5.940000000000000184e-04 -9.586270000000000069e-01 -2.846009999999999929e-01 6.127999999999999767e-03
2.000000000000000000e+01 2.700000000000000000e+01 6.300000000000000000e+01 0.000000000000000000e+00 1.600000000000000089e+00 3.510000000000000099e-03 3.285000000000000159e-03 9.999879999999999880e-01 -2.886329999999999729e-01 9.574380000000000113e-01 -2.132000000000000214e-03 -9.574340000000000073e-01 -2.886219999999999897e-01 4.309000000000000330e-03
2.700000000000000000e+01 2.700000000000000000e+01 6.300000000000000000e+01 0.000000000000000000e+00 1.600000000000000089e+00 -6.268000000000000134e-03 5.419999999999999471e-04 9.999799999999999800e-01 -2.700759999999999827e-01 9.628370000000000539e-01 -2.214999999999999955e-03 -9.628189999999999804e-01 -2.700839999999999907e-01 -5.889000000000000137e-03
5.000000000000000000e+00 2.600000000000000000e+01 6.400000000000000000e+01 0.000000000000000000e+00 1.600000000000000089e+00 3.099999999999999999e-04 1.494000000000000102e-03 9.999989999999999712e-01 -3.570340000000000180e-01 9.340910000000000046e-01 -1.284999999999999901e-03 -9.340910000000000046e-01 -3.570329999999999893e-01 8.229999999999999469e-04
9.000000000000000000e+00 2.600000000000000000e+01 6.400000000000000000e+01 0.000000000000000000e+00 1.600000000000000089e+00 -8.189999999999999581e-04 6.963999999999999704e-03 9.999749999999999472e-01 -3.533419999999999894e-01 9.354689999999999950e-01 -6.805000000000000285e-03 -9.354940000000000477e-01 -3.533390000000000142e-01 1.693999999999999976e-03
2.000000000000000000e+01 2.600000000000000000e+01 6.400000000000000000e+01 0.000000000000000000e+00 1.600000000000000089e+00 5.559999999999999838e-03 8.245999999999999858e-03 9.999510000000000343e-01 -3.780029999999999779e-01 9.257880000000000553e-01 -5.532999999999999724e-03 -9.257880000000000553e-01 -3.779529999999999834e-01 8.264999999999999777e-03
2.000000000000000000e+01 6.900000000000000000e+01 6.600000000000000000e+01 0.000000000000000000e+00 1.600000000000000089e+00 -3.321000000000000167e-03 3.514000000000000196e-03 9.999879999999999880e-01 -9.499220000000000441e-01 3.124589999999999868e-01 -4.252999999999999836e-03 -3.124700000000000255e-01 -9.499250000000000194e-01 2.301000000000000094e-03
4.000000000000000000e+00 2.500000000000000000e+01 7.300000000000000000e+01 0.000000000000000000e+00 1.600000000000000089e+00 -4.960000000000000216e-04 3.082999999999999803e-03 9.999949999999999672e-01 7.458040000000000225e-01 -6.661610000000000031e-01 2.423999999999999939e-03 6.661660000000000359e-01 7.458010000000000472e-01 -1.968000000000000131e-03
8.000000000000000000e+00 2.500000000000000000e+01 7.300000000000000000e+01 0.000000000000000000e+00 1.600000000000000089e+00 -9.959999999999999236e-04 -3.194999999999999923e-03 9.999940000000000495e-01 7.437540000000000262e-01 -6.684520000000000461e-01 -1.394999999999999973e-03 6.684529999999999639e-01 7.437479999999999647e-01 3.041999999999999999e-03
1.800000000000000000e+01 2.500000000000000000e+01 7.300000000000000000e+01 0.000000000000000000e+00 1.600000000000000089e+00 -1.672000000000000092e-03 -4.440000000000000045e-04 9.999989999999999712e-01 7.444460000000000521e-01 -6.676819999999999977e-01 9.489999999999999738e-04 6.676809999999999690e-01 7.444460000000000521e-01 1.446999999999999936e-03
2.200000000000000000e+01 2.500000000000000000e+01 7.300000000000000000e+01 0.000000000000000000e+00 1.600000000000000089e+00 1.190000000000000058e-04 -2.103999999999999967e-03 9.999980000000000535e-01 7.458280000000000465e-01 -6.661369999999999791e-01 -1.490000000000000005e-03 6.661380000000000079e-01 7.458270000000000177e-01 1.490000000000000005e-03
6.000000000000000000e+00 4.400000000000000000e+01 7.300000000000000000e+01 0.000000000000000000e+00 1.600000000000000089e+00 -1.234999999999999987e-03 -2.112999999999999861e-03 9.999970000000000248e-01 5.066400000000000070e-02 -9.987139999999999906e-01 -2.047999999999999907e-03 9.987150000000000194e-01 5.066099999999999770e-02 1.340000000000000045e-03
1.500000000000000000e+01 4.400000000000000000e+01 7.300000000000000000e+01 0.000000000000000000e+00 1.600000000000000089e+00 -1.015999999999999976e-03 -1.217999999999999899e-03 9.999989999999999712e-01 4.971400000000000124e-02 -9.987629999999999564e-01 -1.165999999999999936e-03 9.987629999999999564e-01 4.971300000000000024e-02 1.075999999999999917e-03
1.800000000000000000e+01 4.400000000000000000e+01 7.300000000000000000e+01 0.000000000000000000e+00 1.600000000000000089e+00 -3.959999999999999762e-04 -1.075999999999999917e-03 9.999989999999999712e-01 5.008699999999999958e-02 -9.987439999999999651e-01 -1.054999999999999948e-03 9.987449999999999939e-01 5.008599999999999858e-02 4.499999999999999877e-04
2.100000000000000000e+01 4.400000000000000000e+01 7.300000000000000000e+01 0.000000000000000000e+00 1.600000000000000089e+00 -1.459999999999999926e-03 -1.392000000000000008e-03 9.999980000000000535e-01 5.074100000000000138e-02 -9.987110000000000154e-01 -1.315999999999999896e-03 9.987110000000000154e-01 5.073899999999999938e-02 1.528999999999999977e-03
2.800000000000000000e+01 4.400000000000000000e+01 7.300000000000000000e+01 0.000000000000000000e+00 1.600000000000000089e+00 7.439999999999999782e-04 -1.276999999999999923e-03 9.999989999999999712e-01 5.118199999999999833e-02 -9.986880000000000202e-01 -1.312999999999999931e-03 9.986890000000000489e-01 5.118299999999999933e-02 -6.780000000000000002e-04
1.100000000000000000e+01 2.500000000000000000e+01 7.400000000000000000e+01 0.000000000000000000e+00 1.600000000000000089e+00 1.211000000000000054e-03 -1.724999999999999971e-03 9.999980000000000535e-01 8.204709999999999503e-01 -5.716839999999999700e-01 -1.979999999999999989e-03 5.716860000000000275e-01 8.204719999999999791e-01 7.230000000000000098e-04
2.800000000000000000e+01 2.500000000000000000e+01 7.400000000000000000e+01 0.000000000000000000e+00 1.600000000000000089e+00 8.560999999999999166e-03 8.665000000000000827e-03 9.999259999999999815e-01 8.303960000000000230e-01 -5.571679999999999966e-01 -2.281000000000000041e-03 5.571070000000000189e-01 8.303540000000000365e-01 -1.196499999999999994e-02
1.000000000000000000e+01 5.100000000000000000e+01 7.600000000000000000e+01 0.000000000000000000e+00 1.600000000000000089e+00 1.459999999999999981e-04 7.510000000000000399e-04 -1.000000000000000000e+00 -4.012560000000000016e-01 -9.159650000000000292e-01 -7.470000000000000511e-04 -9.159659999999999469e-01 4.012560000000000016e-01 1.669999999999999935e-04
2.800000000000000000e+01 5.100000000000000000e+01 7.600000000000000000e+01 0.000000000000000000e+00 1.600000000000000089e+00 -2.083000000000000216e-03 -5.277999999999999706e-03 -9.999839999999999840e-01 -3.979519999999999724e-01 -9.173890000000000100e-01 5.670999999999999826e-03 -9.174039999999999973e-01 3.979570000000000052e-01 -1.890000000000000133e-04
