5.000000000000000000e+00 4.200000000000000000e+01 2.000000000000000000e+00 0.000000000000000000e+00 1.600000000000000089e+00 -7.537000000000000297e-03 -1.047999999999999973e-02 9.999169999999999447e-01 9.878839999999999844e-01 1.549300000000000122e-01 9.069999999999999937e-03 -1.550120000000000109e-01 9.878700000000000259e-01 9.185999999999999721e-03
4.000000000000000000e+00 1.600000000000000000e+01 4.000000000000000000e+00 0.000000000000000000e+00 1.600000000000000089e+00 5.165999999999999585e-03 2.700400000000000023e-02 9.996220000000000105e-01 3.244210000000000149e-01 -9.456120000000000081e-01 2.386800000000000033e-02 9.458990000000000453e-01 3.241749999999999909e-01 -1.364600000000000014e-02
9.000000000000000000e+00 1.600000000000000000e+01 4.000000000000000000e+00 0.000000000000000000e+00 1.600000000000000089e+00 -8.149999999999999693e-04 1.555999999999999918e-02 9.998789999999999623e-01 3.228730000000000211e-01 -9.463240000000000540e-01 1.498999999999999985e-02 9.464420000000000055e-01 3.228460000000000218e-01 -4.252999999999999836e-03
1.900000000000000000e+01 1.600000000000000000e+01 4.000000000000000000e+00 0.000000000000000000e+00 1.600000000000000089e+00 -3.629999999999999872e-04 9.684999999999999165e-03 9.999529999999999808e-01 3.222400000000000264e-01 -9.466120000000000090e-01 9.286000000000000851e-03 9.466579999999999995e-01 3.222289999999999877e-01 -2.776999999999999955e-03
2.800000000000000000e+01 1.600000000000000000e+01 4.000000000000000000e+00 0.000000000000000000e+00 1.600000000000000089e+00 -3.118999999999999811e-03 5.113999999999999622e-03 9.999820000000000375e-01 3.245790000000000064e-01 -9.458400000000000141e-01 5.849000000000000032e-03 9.458530000000000548e-01 3.245919999999999916e-01 1.289999999999999914e-03
6.000000000000000000e+00 1.500000000000000000e+01 8.000000000000000000e+00 0.000000000000000000e+00 1.600000000000000089e+00 4.525999999999999641e-03 2.141799999999999954e-02 -9.997599999999999820e-01 -5.640889999999999516e-01 -8.254660000000000331e-01 -2.023799999999999905e-02 -8.257020000000000470e-01 5.640450000000000186e-01 8.345999999999999253e-03
7.000000000000000000e+00 2.600000000000000000e+01 8.000000000000000000e+00 0.000000000000000000e+00 1.600000000000000089e+00 -4.579999999999999870e-03 -1.892299999999999885e-02 -9.998099999999999765e-01 4.215249999999999830e-01 9.066159999999999775e-01 -1.908999999999999933e-02 9.068049999999999722e-01 -4.215320000000000178e-01 3.824000000000000142e-03
1.000000000000000000e+01 2.600000000000000000e+01 8.000000000000000000e+00 0.000000000000000000e+00 1.600000000000000089e+00 -5.212999999999999752e-03 -2.040399999999999853e-02 -9.997779999999999445e-01 4.233040000000000136e-01 9.057520000000000016e-01 -2.069199999999999859e-02 9.059730000000000283e-01 -4.233180000000000276e-01 3.916000000000000210e-03
1.300000000000000000e+01 2.600000000000000000e+01 8.000000000000000000e+00 0.000000000000000000e+00 1.600000000000000089e+00 -5.746000000000000239e-03 -2.206400000000000028e-02 -9.997399999999999620e-01 4.254069999999999796e-01 9.047250000000000014e-01 -2.241200000000000137e-02 9.049840000000000106e-01 -4.254249999999999976e-01 4.186999999999999750e-03
1.700000000000000000e+01 2.600000000000000000e+01 8.000000000000000000e+00 0.000000000000000000e+00 1.600000000000000089e+00 -3.997999999999999818e-03 -3.409999999999999837e-03 -9.999860000000000415e-01 4.282799999999999940e-01 9.036330000000000195e-01 -4.793999999999999651e-03 9.036370000000000235e-01 -4.282929999999999793e-01 -2.152999999999999966e-03
2.200000000000000000e+01 2.600000000000000000e+01 8.000000000000000000e+00 0.000000000000000000e+00 1.600000000000000089e+00 -2.272999999999999847e-03 -9.903000000000000344e-03 -9.999479999999999480e-01 4.272029999999999994e-01 9.041010000000000435e-01 -9.924999999999999795e-03 9.041529999999999845e-01 -4.272039999999999726e-01 2.174999999999999850e-03
2.600000000000000000e+01 2.600000000000000000e+01 8.000000000000000000e+00 0.000000000000000000e+00 1.600000000000000089e+00 -3.065000000000000016e-03 -1.522800000000000022e-02 -9.998789999999999623e-01 4.270619999999999972e-01 9.040970000000000395e-01 -1.507900000000000039e-02 9.042170000000000485e-01 -4.270559999999999912e-01 3.732000000000000074e-03
1.100000000000000000e+01 1.400000000000000000e+01 9.000000000000000000e+00 0.000000000000000000e+00 1.600000000000000089e+00 6.865999999999999708e-03 1.496399999999999987e-02 -9.998639999999999750e-01 -5.576449999999999463e-01 -8.299199999999999910e-01 -1.625000000000000056e-02 -8.300509999999999833e-01 5.576809999999999823e-01 2.647000000000000047e-03
1.400000000000000000e+01 1.400000000000000000e+01 9.000000000000000000e+00 0.000000000000000000e+00 1.600000000000000089e+00 6.492999999999999640e-03 1.648700000000000165e-02 -9.998430000000000373e-01 -5.559859999999999802e-01 -8.310110000000000552e-01 -1.731299999999999853e-02 -8.311659999999999604e-01 5.560110000000000330e-01 3.771000000000000046e-03
1.800000000000000000e+01 1.400000000000000000e+01 9.000000000000000000e+00 0.000000000000000000e+00 1.600000000000000089e+00 5.398000000000000020e-03 1.178500000000000034e-02 -9.999160000000000270e-01 -5.546240000000000059e-01 -8.320020000000000193e-01 -1.280000000000000061e-02 -8.320830000000000171e-01 5.546470000000000011e-01 2.044999999999999943e-03
2.200000000000000000e+01 1.400000000000000000e+01 9.000000000000000000e+00 0.000000000000000000e+00 1.600000000000000089e+00 2.448999999999999788e-03 3.092000000000000130e-03 -9.999919999999999920e-01 -5.551300000000000123e-01 -8.317539999999999933e-01 -3.930999999999999599e-03 -8.317600000000000549e-01 5.551350000000000451e-01 -3.209999999999999963e-04
5.000000000000000000e+00 3.100000000000000000e+01 1.200000000000000000e+01 0.000000000000000000e+00 1.600000000000000089e+00 -3.165999999999999977e-03 1.337999999999999997e-03 9.999940000000000495e-01 1.476300000000000008e-02 9.998899999999999455e-01 -1.291000000000000047e-03 -9.998860000000000525e-01 1.475899999999999955e-02 -3.186000000000000030e-03
8.000000000000000000e+00 3.100000000000000000e+01 1.200000000000000000e+01 0.000000000000000000e+00 1.600000000000000089e+00 -1.958999999999999804e-03 -1.060000000000000016e-04 9.999980000000000535e-01 1.576599999999999877e-02 9.998759999999999870e-01 1.369999999999999961e-04 -9.998740000000000405e-01 1.576599999999999877e-02 -1.956999999999999972e-03
1.100000000000000000e+01 3.100000000000000000e+01 1.200000000000000000e+01 0.000000000000000000e+00 1.600000000000000089e+00 -4.949999999999999973e-04 9.000000000000000567e-05 1.000000000000000000e+00 1.528599999999999924e-02 9.998829999999999663e-01 -8.200000000000000095e-05 -9.998829999999999663e-01 1.528599999999999924e-02 -4.960000000000000216e-04
1.600000000000000000e+01 3.100000000000000000e+01 1.200000000000000000e+01 0.000000000000000000e+00 1.600000000000000089e+00 6.999999999999999929e-04 4.539999999999999765e-04 1.000000000000000000e+00 1.457199999999999988e-02 9.998939999999999495e-01 -4.640000000000000027e-04 -9.998939999999999495e-01 1.457299999999999915e-02 6.930000000000000396e-04
2.900000000000000000e+01 3.100000000000000000e+01 1.200000000000000000e+01 0.000000000000000000e+00 1.600000000000000089e+00 -4.699999999999999724e-05 9.500000000000000523e-05 1.000000000000000000e+00 1.690600000000000089e-02 9.998569999999999958e-01 -9.399999999999999448e-05 -9.998569999999999958e-01 1.690600000000000089e-02 -4.899999999999999842e-05
6.000000000000000000e+00 3.200000000000000000e+01 1.400000000000000000e+01 0.000000000000000000e+00 1.600000000000000089e+00 3.991999999999999889e-03 3.730000000000000134e-04 -9.999919999999999920e-01 1.215190000000000020e-01 9.925890000000000546e-01 8.549999999999999658e-04 9.925810000000000466e-01 -1.215210000000000040e-01 3.917000000000000343e-03
4.000000000000000000e+00 1.200000000000000000e+01 1.500000000000000000e+01 0.000000000000000000e+00 1.600000000000000089e+00 3.286999999999999991e-03 9.567000000000000851e-03 -9.999489999999999768e-01 -4.692120000000000180e-01 -8.830289999999999528e-01 -9.990999999999999881e-03 -8.830789999999999473e-01 4.692209999999999992e-01 1.585999999999999953e-03
1.200000000000000000e+01 1.200000000000000000e+01 1.500000000000000000e+01 0.000000000000000000e+00 1.600000000000000089e+00 4.890000000000000249e-03 5.308000000000000218e-03 -9.999740000000000295e-01 -4.687769999999999992e-01 -8.832889999999999908e-01 -6.981000000000000226e-03 -8.833029999999999493e-01 4.687990000000000212e-01 -1.830999999999999945e-03
1.900000000000000000e+01 1.160000000000000000e+02 1.600000000000000000e+01 0.000000000000000000e+00 1.600000000000000089e+00 -1.691000000000000012e-03 -2.356000000000000021e-03 9.999959999999999960e-01 7.016160000000000174e-01 7.125489999999999879e-01 2.864999999999999925e-03 -7.125529999999999919e-01 7.016179999999999639e-01 4.479999999999999933e-04
2.300000000000000000e+01 1.160000000000000000e+02 1.600000000000000000e+01 0.000000000000000000e+00 1.600000000000000089e+00 -8.989999999999999511e-04 -6.750000000000000357e-04 9.999989999999999712e-01 6.774860000000000326e-01 7.355350000000000499e-01 1.105999999999999995e-03 -7.355350000000000499e-01 6.774860000000000326e-01 -2.039999999999999984e-04
2.600000000000000000e+01 1.160000000000000000e+02 1.600000000000000000e+01 0.000000000000000000e+00 1.600000000000000089e+00 7.140000000000000079e-04 6.939999999999999555e-04 1.000000000000000000e+00 6.741359999999999575e-01 7.386059999999999848e-01 -9.940000000000000918e-04 -7.386070000000000135e-01 6.741369999999999862e-01 5.899999999999999754e-05
3.000000000000000000e+00 2.000000000000000000e+00 1.900000000000000000e+01 0.000000000000000000e+00 1.600000000000000089e+00 7.420000000000000380e-04 3.145999999999999925e-03 -9.999949999999999672e-01 1.680240000000000067e-01 -9.857780000000000431e-01 -2.975999999999999913e-03 -9.857829999999999648e-01 -1.680210000000000037e-01 -1.260000000000000052e-03
7.000000000000000000e+00 2.000000000000000000e+00 1.900000000000000000e+01 0.000000000000000000e+00 1.600000000000000089e+00 2.108000000000000065e-03 6.847999999999999921e-03 -9.999740000000000295e-01 1.699239999999999917e-01 -9.854359999999999786e-01 -6.389999999999999847e-03 -9.854549999999999699e-01 -1.699070000000000025e-01 -3.240999999999999957e-03
1.300000000000000000e+01 2.000000000000000000e+00 1.900000000000000000e+01 0.000000000000000000e+00 1.600000000000000089e+00 -1.832000000000000078e-03 8.480000000000000124e-04 -9.999980000000000535e-01 1.687800000000000133e-01 -9.856530000000000014e-01 -1.144999999999999967e-03 -9.856519999999999726e-01 -1.687819999999999876e-01 1.662999999999999982e-03
1.700000000000000000e+01 2.000000000000000000e+00 1.900000000000000000e+01 0.000000000000000000e+00 1.600000000000000089e+00 -1.064000000000000059e-03 4.375999999999999682e-03 -9.999900000000000455e-01 1.607520000000000060e-01 -9.869850000000000012e-01 -4.491000000000000200e-03 -9.869940000000000380e-01 -1.607550000000000090e-01 3.469999999999999777e-04
2.200000000000000000e+01 2.000000000000000000e+00 1.900000000000000000e+01 0.000000000000000000e+00 1.600000000000000089e+00 3.284000000000000027e-03 2.059999999999999928e-04 -9.999949999999999672e-01 1.601819999999999911e-01 -9.870870000000000477e-01 3.229999999999999907e-04 -9.870820000000000149e-01 -1.601819999999999911e-01 -3.275000000000000133e-03
2.500000000000000000e+01 2.000000000000000000e+00 1.900000000000000000e+01 0.000000000000000000e+00 1.600000000000000089e+00 3.069000000000000113e-03 -1.467999999999999904e-03 -9.999940000000000495e-01 1.609490000000000087e-01 -9.869609999999999772e-01 1.943000000000000066e-03 -9.869580000000000020e-01 -1.609540000000000137e-01 -2.792999999999999910e-03
5.000000000000000000e+00 1.300000000000000000e+01 2.000000000000000000e+01 0.000000000000000000e+00 1.600000000000000089e+00 -4.679999999999999915e-04 2.258000000000000024e-03 9.999970000000000248e-01 2.598860000000000059e-01 9.656369999999999676e-01 -2.059000000000000066e-03 -9.656390000000000251e-01 2.598840000000000039e-01 -1.038999999999999993e-03
9.000000000000000000e+00 1.300000000000000000e+01 2.000000000000000000e+01 0.000000000000000000e+00 1.600000000000000089e+00 -1.299999999999999940e-03 6.629999999999999609e-04 9.999989999999999712e-01 2.634070000000000022e-01 9.646850000000000147e-01 -2.979999999999999793e-04 -9.646839999999999860e-01 2.634070000000000022e-01 -1.428000000000000016e-03
1.800000000000000000e+01 1.300000000000000000e+01 2.000000000000000000e+01 0.000000000000000000e+00 1.600000000000000089e+00 9.899999999999999404e-05 -1.871000000000000050e-03 9.999980000000000535e-01 2.608170000000000210e-01 9.653869999999999951e-01 1.779999999999999898e-03 -9.653880000000000239e-01 2.608159999999999923e-01 5.829999999999999679e-04
2.400000000000000000e+01 1.300000000000000000e+01 2.000000000000000000e+01 0.000000000000000000e+00 1.600000000000000089e+00 1.087999999999999991e-03 -2.569000000000000103e-03 9.999959999999999960e-01 2.619520000000000182e-01 9.650790000000000202e-01 2.194000000000000204e-03 -9.650800000000000489e-01 2.619480000000000142e-01 1.722999999999999922e-03
2.900000000000000000e+01 1.300000000000000000e+01 2.000000000000000000e+01 0.000000000000000000e+00 1.600000000000000089e+00 1.317000000000000028e-03 2.829999999999999942e-04 9.999989999999999712e-01 2.615660000000000207e-01 9.651849999999999596e-01 -6.179999999999999513e-04 -9.651849999999999596e-01 2.615669999999999940e-01 1.196999999999999930e-03
2.000000000000000000e+00 1.600000000000000000e+01 2.100000000000000000e+01 0.000000000000000000e+00 1.600000000000000089e+00 6.960000000000000041e-04 -5.068999999999999721e-03 9.999869999999999592e-01 2.963100000000000178e-01 9.550809999999999578e-01 4.635000000000000231e-03 -9.550920000000000520e-01 2.963029999999999831e-01 2.167000000000000089e-03
1.800000000000000000e+01 1.600000000000000000e+01 2.100000000000000000e+01 0.000000000000000000e+00 1.600000000000000089e+00 6.610000000000000207e-04 4.180000000000000230e-04 1.000000000000000000e+00 2.990099999999999980e-01 9.542500000000000426e-01 -5.959999999999999586e-04 -9.542500000000000426e-01 2.990110000000000268e-01 5.060000000000000478e-04
2.600000000000000000e+01 1.600000000000000000e+01 2.100000000000000000e+01 0.000000000000000000e+00 1.600000000000000089e+00 6.359999999999999551e-04 -1.307999999999999918e-03 9.999989999999999712e-01 2.975430000000000019e-01 9.547080000000000011e-01 1.059999999999999961e-03 -9.547080000000000011e-01 2.975419999999999732e-01 9.959999999999999236e-04
1.000000000000000000e+00 4.600000000000000000e+01 2.700000000000000000e+01 0.000000000000000000e+00 1.600000000000000089e+00 1.662999999999999982e-03 8.639999999999999677e-04 -9.999980000000000535e-01 6.825470000000000148e-01 7.308400000000000452e-01 1.765999999999999992e-03 7.308400000000000452e-01 -6.825480000000000436e-01 6.260000000000000373e-04
3.000000000000000000e+00 4.600000000000000000e+01 3.000000000000000000e+01 0.000000000000000000e+00 1.600000000000000089e+00 8.040000000000000271e-04 -5.630000000000000239e-04 -1.000000000000000000e+00 3.352970000000000117e-01 9.421119999999999495e-01 -2.610000000000000015e-04 9.421119999999999495e-01 -3.352970000000000117e-01 9.460000000000000093e-04
1.500000000000000000e+01 4.600000000000000000e+01 3.000000000000000000e+01 0.000000000000000000e+00 1.600000000000000089e+00 5.000000000000000240e-05 -4.640000000000000027e-04 -1.000000000000000000e+00 3.367850000000000010e-01 9.415820000000000300e-01 -4.200000000000000174e-04 9.415820000000000300e-01 -3.367850000000000010e-01 2.030000000000000012e-04
3.000000000000000000e+00 5.800000000000000000e+01 3.100000000000000000e+01 0.000000000000000000e+00 1.600000000000000089e+00 -1.554000000000000043e-03 -2.137000000000000011e-03 9.999959999999999960e-01 -7.946400000000000130e-01 -6.070759999999999490e-01 -2.533000000000000095e-03 6.070790000000000353e-01 -7.946410000000000418e-01 -7.550000000000000287e-04
8.000000000000000000e+00 5.800000000000000000e+01 3.100000000000000000e+01 0.000000000000000000e+00 1.600000000000000089e+00 -1.679999999999999907e-04 -8.700000000000000051e-04 1.000000000000000000e+00 -7.984630000000000338e-01 -6.020440000000000236e-01 -6.579999999999999478e-04 6.020440000000000236e-01 -7.984630000000000338e-01 -5.940000000000000184e-04
1.600000000000000000e+01 5.800000000000000000e+01 3.100000000000000000e+01 0.000000000000000000e+00 1.600000000000000089e+00 -1.703000000000000087e-03 2.020000000000000040e-04 9.999989999999999712e-01 -7.981549999999999478e-01 -6.024509999999999588e-01 -1.237999999999999951e-03 6.024500000000000410e-01 -7.981559999999999766e-01 1.188000000000000037e-03
2.100000000000000000e+01 5.800000000000000000e+01 3.100000000000000000e+01 0.000000000000000000e+00 1.600000000000000089e+00 1.420000000000000092e-04 5.779999999999999548e-04 1.000000000000000000e+00 -7.968399999999999928e-01 -6.041900000000000048e-01 4.620000000000000083e-04 6.041900000000000048e-01 -7.968399999999999928e-01 3.739999999999999835e-04
2.700000000000000000e+01 5.800000000000000000e+01 3.100000000000000000e+01 0.000000000000000000e+00 1.600000000000000089e+00 -3.589999999999999984e-04 1.162999999999999971e-03 9.999989999999999712e-01 -7.964419999999999833e-01 -6.047150000000000025e-01 4.169999999999999987e-04 6.047150000000000025e-01 -7.964409999999999545e-01 1.144000000000000052e-03
2.300000000000000000e+01 3.200000000000000000e+01 3.300000000000000000e+01 0.000000000000000000e+00 1.600000000000000089e+00 2.001999999999999873e-03 1.995999999999999944e-03 9.999959999999999960e-01 -2.691910000000000136e-01 9.630859999999999976e-01 -1.382999999999999898e-03 -9.630849999999999689e-01 -2.691870000000000096e-01 2.465999999999999876e-03
6.000000000000000000e+00 4.600000000000000000e+01 3.500000000000000000e+01 0.000000000000000000e+00 1.600000000000000089e+00 -1.820000000000000003e-03 5.035000000000000413e-03 -9.999860000000000415e-01 3.916879999999999806e-01 -9.200829999999999842e-01 -5.346000000000000058e-03 -9.200960000000000250e-01 -3.916919999999999846e-01 -2.979999999999999793e-04
9.000000000000000000e+00 4.600000000000000000e+01 3.500000000000000000e+01 0.000000000000000000e+00 1.600000000000000089e+00 -6.359999999999999551e-04 1.796999999999999986e-03 -9.999980000000000535e-01 3.915219999999999811e-01 -9.201669999999999572e-01 -1.902999999999999961e-03 -9.201679999999999859e-01 -3.915230000000000099e-01 -1.179999999999999951e-04
1.600000000000000000e+01 4.600000000000000000e+01 3.500000000000000000e+01 0.000000000000000000e+00 1.600000000000000089e+00 4.169999999999999987e-04 2.639999999999999986e-03 -9.999959999999999960e-01 3.909850000000000270e-01 -9.203940000000000454e-01 -2.266999999999999918e-03 -9.203970000000000207e-01 -3.909830000000000250e-01 -1.415999999999999941e-03
2.400000000000000000e+01 4.600000000000000000e+01 3.500000000000000000e+01 0.000000000000000000e+00 1.600000000000000089e+00 9.190000000000000035e-04 -5.603000000000000341e-03 -9.999839999999999840e-01 3.901859999999999773e-01 -9.207199999999999829e-01 5.517000000000000202e-03 -9.207359999999999989e-01 -3.901839999999999753e-01 1.340000000000000045e-03
2.800000000000000000e+01 4.600000000000000000e+01 3.500000000000000000e+01 0.000000000000000000e+00 1.600000000000000089e+00 5.590000000000000351e-04 1.018999999999999941e-03 -9.999989999999999712e-01 3.887909999999999977e-01 -9.213259999999999783e-01 -7.219999999999999855e-04 -9.213259999999999783e-01 -3.887909999999999977e-01 -9.110000000000000259e-04
2.000000000000000000e+00 9.500000000000000000e+01 3.600000000000000000e+01 0.000000000000000000e+00 1.600000000000000089e+00 -3.151999999999999854e-03 -1.528099999999999944e-02 9.998780000000000445e-01 9.968069999999999986e-01 7.972799999999999332e-02 4.361000000000000293e-03 -7.978499999999999481e-02 9.967000000000000304e-01 1.498099999999999953e-02
6.000000000000000000e+00 9.500000000000000000e+01 3.600000000000000000e+01 0.000000000000000000e+00 1.600000000000000089e+00 4.846999999999999746e-03 1.252999999999999947e-02 9.999099999999999655e-01 9.965180000000000149e-01 8.316600000000000381e-02 -5.872999999999999748e-03 -8.323200000000000043e-02 9.964570000000000372e-01 -1.208299999999999999e-02
1.000000000000000000e+01 9.500000000000000000e+01 3.600000000000000000e+01 0.000000000000000000e+00 1.600000000000000089e+00 4.076999999999999895e-03 1.887499999999999942e-02 9.998129999999999518e-01 9.967240000000000544e-01 8.068699999999999484e-02 -5.588000000000000085e-03 -8.077700000000000158e-02 9.965610000000000301e-01 -1.848400000000000043e-02
1.400000000000000000e+01 9.500000000000000000e+01 3.600000000000000000e+01 0.000000000000000000e+00 1.600000000000000089e+00 -7.259999999999999743e-04 -9.353999999999999468e-03 9.999559999999999560e-01 9.972330000000000361e-01 7.432300000000000018e-02 1.420000000000000038e-03 -7.433299999999999630e-02 9.971900000000000208e-01 9.273999999999999258e-03
1.700000000000000000e+01 9.500000000000000000e+01 3.600000000000000000e+01 0.000000000000000000e+00 1.600000000000000089e+00 -3.027000000000000177e-03 -2.520100000000000118e-02 9.996779999999999555e-01 9.972739999999999938e-01 7.362900000000000000e-02 4.874999999999999993e-03 -7.372800000000000187e-02 9.969670000000000476e-01 2.490900000000000059e-02
2.000000000000000000e+01 9.500000000000000000e+01 3.600000000000000000e+01 0.000000000000000000e+00 1.600000000000000089e+00 -2.138999999999999842e-03 -1.842399999999999941e-02 9.998280000000000500e-01 9.973090000000000011e-01 7.323300000000000642e-02 3.482999999999999985e-03 -7.328500000000000292e-02 9.971449999999999481e-01 1.821700000000000055e-02
2.500000000000000000e+01 9.500000000000000000e+01 3.600000000000000000e+01 0.000000000000000000e+00 1.600000000000000089e+00 -9.820000000000000170e-04 5.152999999999999595e-03 9.999860000000000415e-01 9.970280000000000253e-01 7.703599999999999337e-02 5.820000000000000520e-04 -7.703200000000000325e-02 9.970149999999999846e-01 -5.213999999999999885e-03
2.800000000000000000e+01 9.500000000000000000e+01 3.600000000000000000e+01 0.000000000000000000e+00 1.600000000000000089e+00 1.415999999999999941e-03 1.731699999999999906e-02 9.998489999999999878e-01 9.967179999999999929e-01 8.090200000000000169e-02 -2.812999999999999962e-03 -8.093899999999999706e-02 9.965720000000000134e-01 -1.714600000000000152e-02
1.100000000000000000e+01 3.000000000000000000e+00 4.300000000000000000e+01 0.000000000000000000e+00 1.600000000000000089e+00 2.272000000000000148e-03 7.636000000000000426e-03 -9.999679999999999680e-01 7.389379999999999837e-01 -6.737649999999999473e-01 -3.465999999999999897e-03 -6.737699999999999800e-01 -7.389069999999999805e-01 -7.172999999999999689e-03
1.600000000000000000e+01 3.000000000000000000e+00 4.300000000000000000e+01 0.000000000000000000e+00 1.600000000000000089e+00 -2.732000000000000053e-03 -6.237999999999999622e-03 -9.999770000000000048e-01 7.388559999999999572e-01 -6.738589999999999858e-01 2.184999999999999876e-03 -6.738579999999999570e-01 -7.388329999999999620e-01 6.448999999999999871e-03
2.200000000000000000e+01 3.000000000000000000e+00 4.300000000000000000e+01 0.000000000000000000e+00 1.600000000000000089e+00 1.427000000000000100e-03 9.959999999999999236e-04 -9.999980000000000535e-01 7.357789999999999608e-01 -6.772219999999999906e-01 3.759999999999999779e-04 -6.772209999999999619e-01 -7.357780000000000431e-01 -1.698999999999999989e-03
1.400000000000000000e+01 8.000000000000000000e+00 4.400000000000000000e+01 0.000000000000000000e+00 1.600000000000000089e+00 -2.509999999999999753e-04 1.624000000000000010e-03 9.999989999999999712e-01 -7.875170000000000226e-01 -6.162919999999999510e-01 8.040000000000000271e-04 6.162919999999999510e-01 -7.875159999999999938e-01 1.433999999999999945e-03
2.300000000000000000e+01 8.000000000000000000e+00 4.400000000000000000e+01 0.000000000000000000e+00 1.600000000000000089e+00 -4.300000000000000165e-05 1.417000000000000074e-03 9.999989999999999712e-01 -7.837420000000000497e-01 -6.210860000000000269e-01 8.469999999999999881e-04 6.210860000000000269e-01 -7.837410000000000210e-01 1.136999999999999990e-03
3.000000000000000000e+00 2.900000000000000000e+01 4.400000000000000000e+01 0.000000000000000000e+00 1.600000000000000089e+00 7.324999999999999914e-03 3.024999999999999911e-03 -9.999689999999999968e-01 6.543989999999999529e-01 7.561170000000000391e-01 7.080999999999999621e-03 7.561139999999999528e-01 -6.544299999999999562e-01 3.559000000000000098e-03
8.000000000000000000e+00 2.900000000000000000e+01 4.400000000000000000e+01 0.000000000000000000e+00 1.600000000000000089e+00 4.284999999999999747e-03 3.629999999999999872e-04 -9.999909999999999632e-01 6.712110000000000021e-01 7.412590000000000012e-01 3.145999999999999925e-03 7.412539999999999685e-01 -6.712190000000000101e-01 2.932999999999999843e-03
1.300000000000000000e+01 2.900000000000000000e+01 4.400000000000000000e+01 0.000000000000000000e+00 1.600000000000000089e+00 1.118000000000000070e-03 -2.425000000000000072e-03 -9.999959999999999960e-01 6.768309999999999604e-01 7.361379999999999590e-01 -1.028000000000000051e-03 7.361370000000000413e-01 -6.768279999999999852e-01 2.464000000000000044e-03
1.700000000000000000e+01 2.900000000000000000e+01 4.400000000000000000e+01 0.000000000000000000e+00 1.600000000000000089e+00 -3.611000000000000060e-03 -2.919999999999999853e-03 -9.999890000000000168e-01 6.773209999999999509e-01 7.356740000000000501e-01 -4.593999999999999993e-03 7.356789999999999718e-01 -6.773299999999999876e-01 -6.790000000000000245e-04
2.800000000000000000e+01 2.900000000000000000e+01 4.400000000000000000e+01 0.000000000000000000e+00 1.600000000000000089e+00 -2.369999999999999874e-04 2.268000000000000051e-03 -9.999970000000000248e-01 6.548329999999999984e-01 7.557719999999999994e-01 1.559000000000000056e-03 7.557730000000000281e-01 -6.548310000000000519e-01 -1.663999999999999898e-03
2.100000000000000000e+01 7.000000000000000000e+01 4.700000000000000000e+01 0.000000000000000000e+00 1.600000000000000089e+00 -4.859999999999999954e-04 -3.849999999999999798e-04 -1.000000000000000000e+00 -8.423040000000000527e-01 -5.390030000000000099e-01 6.170000000000000354e-04 -5.390030000000000099e-01 8.423040000000000527e-01 -6.200000000000000270e-05
2.200000000000000000e+01 6.000000000000000000e+00 5.100000000000000000e+01 0.000000000000000000e+00 1.600000000000000089e+00 -1.466000000000000072e-03 -2.210000000000000050e-04 -9.999989999999999712e-01 3.236010000000000275e-01 -9.461939999999999795e-01 -2.649999999999999903e-04 -9.461929999999999508e-01 -3.236010000000000275e-01 1.459000000000000010e-03
1.700000000000000000e+01 1.150000000000000000e+02 5.100000000000000000e+01 0.000000000000000000e+00 1.600000000000000089e+00 -1.814999999999999990e-03 -4.884999999999999586e-03 9.999860000000000415e-01 8.440900000000000070e-01 -5.362000000000000099e-01 -1.087000000000000076e-03 5.361979999999999524e-01 8.440769999999999662e-01 5.095999999999999835e-03
4.000000000000000000e+00 7.000000000000000000e+00 5.200000000000000000e+01 0.000000000000000000e+00 1.600000000000000089e+00 -1.918000000000000000e-03 1.417999999999999990e-03 -9.999970000000000248e-01 8.724899999999999323e-02 -9.961849999999999872e-01 -1.580000000000000024e-03 -9.961849999999999872e-01 -8.725199999999999623e-02 1.786999999999999960e-03
2.500000000000000000e+01 7.000000000000000000e+00 5.200000000000000000e+01 0.000000000000000000e+00 1.600000000000000089e+00 3.516000000000000028e-03 -2.276999999999999944e-03 -9.999909999999999632e-01 8.818399999999999850e-02 -9.961010000000000142e-01 2.577999999999999996e-03 -9.960980000000000389e-01 -8.819200000000000650e-02 -3.301000000000000115e-03
3.000000000000000000e+00 6.300000000000000000e+01 5.400000000000000000e+01 0.000000000000000000e+00 1.600000000000000089e+00 2.324999999999999810e-03 1.930000000000000021e-04 9.999970000000000248e-01 -3.551759999999999917e-01 9.347990000000000466e-01 6.449999999999999570e-04 -9.347969999999999891e-01 -3.551759999999999917e-01 2.242000000000000069e-03
8.000000000000000000e+00 6.300000000000000000e+01 5.400000000000000000e+01 0.000000000000000000e+00 1.600000000000000089e+00 -1.165999999999999936e-03 -2.900000000000000017e-04 9.999989999999999712e-01 -3.545449999999999990e-01 9.350389999999999535e-01 -1.430000000000000064e-04 -9.350380000000000358e-01 -3.545449999999999990e-01 -1.193000000000000050e-03
1.500000000000000000e+01 6.300000000000000000e+01 5.400000000000000000e+01 0.000000000000000000e+00 1.600000000000000089e+00 1.745999999999999939e-03 -1.477999999999999930e-03 9.999970000000000248e-01 -3.503299999999999748e-01 9.366240000000000121e-01 1.995999999999999944e-03 -9.366250000000000409e-01 -3.503319999999999768e-01 1.116999999999999937e-03
2.200000000000000000e+01 6.300000000000000000e+01 5.400000000000000000e+01 0.000000000000000000e+00 1.600000000000000089e+00 -6.980000000000000527e-04 -1.000000000000000048e-04 1.000000000000000000e+00 -3.534530000000000172e-01 9.354519999999999502e-01 -1.530000000000000056e-04 -9.354519999999999502e-01 -3.534530000000000172e-01 -6.890000000000000508e-04
2.800000000000000000e+01 6.300000000000000000e+01 5.400000000000000000e+01 0.000000000000000000e+00 1.600000000000000089e+00 9.520000000000000467e-04 4.571999999999999675e-03 9.999890000000000168e-01 -3.575749999999999762e-01 9.338760000000000394e-01 -3.929000000000000201e-03 -9.338840000000000474e-01 -3.575670000000000237e-01 2.524000000000000202e-03
6.000000000000000000e+00 2.500000000000000000e+01 5.500000000000000000e+01 0.000000000000000000e+00 1.600000000000000089e+00 -7.669999999999999951e-04 -3.932999999999999864e-03 -9.999919999999999920e-01 -1.044699999999999969e-02 -9.999379999999999935e-01 3.941000000000000059e-03 -9.999449999999999728e-01 1.044999999999999922e-02 7.259999999999999743e-04
1.300000000000000000e+01 2.500000000000000000e+01 5.500000000000000000e+01 0.000000000000000000e+00 1.600000000000000089e+00 1.649999999999999991e-04 2.488000000000000194e-03 -9.999970000000000248e-01 -1.083699999999999941e-02 -9.999379999999999935e-01 -2.490000000000000026e-03 -9.999409999999999688e-01 1.083699999999999941e-02 -1.389999999999999905e-04
1.700000000000000000e+01 2.500000000000000000e+01 5.500000000000000000e+01 0.000000000000000000e+00 1.600000000000000089e+00 4.970000000000000459e-04 1.495000000000000018e-03 -9.999989999999999712e-01 -1.126599999999999997e-02 -9.999350000000000183e-01 -1.500000000000000031e-03 -9.999360000000000470e-01 1.126699999999999924e-02 -4.800000000000000122e-04
2.200000000000000000e+01 2.500000000000000000e+01 5.500000000000000000e+01 0.000000000000000000e+00 1.600000000000000089e+00 -4.510000000000000120e-04 -1.526000000000000013e-03 -9.999989999999999712e-01 -1.206499999999999934e-02 -9.999259999999999815e-01 1.531000000000000026e-03 -9.999270000000000103e-01 1.206499999999999934e-02 4.330000000000000081e-04
2.600000000000000000e+01 2.500000000000000000e+01 5.500000000000000000e+01 0.000000000000000000e+00 1.600000000000000089e+00 1.588000000000000002e-03 -2.300000000000000070e-04 -9.999989999999999712e-01 -1.229500000000000037e-02 -9.999240000000000350e-01 2.100000000000000087e-04 -9.999230000000000063e-01 1.229500000000000037e-02 -1.590999999999999966e-03
7.000000000000000000e+00 5.800000000000000000e+01 5.900000000000000000e+01 0.000000000000000000e+00 1.600000000000000089e+00 -2.569000000000000103e-03 -6.333000000000000088e-03 -9.999770000000000048e-01 3.820509999999999740e-01 9.241160000000000485e-01 -6.833999999999999797e-03 9.241380000000000150e-01 -3.820589999999999820e-01 4.500000000000000283e-05
1.000000000000000000e+01 6.000000000000000000e+00 6.100000000000000000e+01 0.000000000000000000e+00 1.600000000000000089e+00 3.899999999999999929e-04 1.036600000000000021e-02 9.999460000000000015e-01 5.623200000000000420e-01 -8.268780000000000019e-01 8.352999999999999314e-03 8.269199999999999884e-01 5.622859999999999525e-01 -6.152000000000000350e-03
4.000000000000000000e+00 2.700000000000000000e+01 6.300000000000000000e+01 0.000000000000000000e+00 1.600000000000000089e+00 -2.186000000000000009e-03 -4.407000000000000327e-03 9.999879999999999880e-01 -2.834130000000000260e-01 9.589910000000000379e-01 3.605999999999999830e-03 -9.589950000000000419e-01 -2.834019999999999873e-01 -3.344999999999999883e-03
1.100000000000000000e+01 2.700000000000000000e+01 6.300000000000000000e+01 0.000000000000000000e+00 1.600000000000000089e+00 4.180000000000000230e-04 -1.882999999999999908e-03 9.999980000000000535e-01 -2.816290000000000182e-01 9.595209999999999573e-01 1.925000000000000062e-03 -9.595230000000000148e-01 -2.816290000000000182e-01 -1.289999999999999914e-04
1.500000000000000000e+01 2.700000000000000000e+01 6.300000000000000000e+01 0.000000000000000000e+00 1.600000000000000089e+00 2.877999999999999916e-03 3.611000000000000060e-03 9.999890000000000168e-01 -2.835289999999999755e-01 9.589600000000000346e-01 -2.647000000000000047e-03 -9.589590000000000058e-01 -2.835179999999999922e-01 3.784000000000000037e-03
1.900000000000000000e+01 2.700000000000000000e+01 6.300000000000000000e+01 0.000000000000000000e+00 1.600000000000000089e+00 2.079000000000000119e-03 2.446999999999999956e-03 9.999949999999999672e-01 -2.846110000000000029e-01 9.586409999999999654e-01 -1.753999999999999917e-03 -9.586409999999999654e-01 -2.846060000000000256e-01 2.690000000000000117e-03
2.700000000000000000e+01 2.700000000000000000e+01 6.300000000000000000e+01 0.000000000000000000e+00 1.600000000000000089e+00 2.723999999999999859e-03 -1.596999999999999895e-03 9.999949999999999672e-01 -2.870210000000000261e-01 9.579210000000000225e-01 2.311999999999999819e-03 -9.579199999999999937e-01 -2.870260000000000034e-01 2.151000000000000134e-03
3.000000000000000000e+00 2.600000000000000000e+01 6.400000000000000000e+01 0.000000000000000000e+00 1.600000000000000089e+00 -3.007999999999999823e-03 -4.231000000000000386e-03 9.999869999999999592e-01 -3.661869999999999847e-01 9.305369999999999475e-01 2.834999999999999847e-03 -9.305360000000000298e-01 -3.661739999999999995e-01 -4.348000000000000302e-03
1.100000000000000000e+01 2.600000000000000000e+01 6.400000000000000000e+01 0.000000000000000000e+00 1.600000000000000089e+00 9.039999999999999642e-04 -2.880000000000000181e-03 9.999949999999999672e-01 -3.668980000000000019e-01 9.302559999999999718e-01 3.010999999999999788e-03 -9.302610000000000046e-01 -3.668989999999999752e-01 -2.149999999999999947e-04
1.400000000000000000e+01 2.600000000000000000e+01 6.400000000000000000e+01 0.000000000000000000e+00 1.600000000000000089e+00 2.801000000000000104e-03 3.164000000000000146e-03 9.999909999999999632e-01 -3.679450000000000220e-01 9.298459999999999503e-01 -1.910999999999999938e-03 -9.298429999999999751e-01 -3.679359999999999853e-01 3.769000000000000215e-03
1.900000000000000000e+01 2.600000000000000000e+01 6.400000000000000000e+01 0.000000000000000000e+00 1.600000000000000089e+00 2.347000000000000128e-03 1.991999999999999847e-03 9.999949999999999672e-01 -3.689350000000000129e-01 9.294550000000000312e-01 -9.859999999999998974e-04 -9.294519999999999449e-01 -3.689310000000000089e-01 2.916999999999999888e-03
2.700000000000000000e+01 2.600000000000000000e+01 6.400000000000000000e+01 0.000000000000000000e+00 1.600000000000000089e+00 5.023999999999999820e-03 4.169999999999999987e-04 9.999869999999999592e-01 -3.700820000000000221e-01 9.289979999999999905e-01 1.472000000000000001e-03 -9.289859999999999784e-01 -3.700849999999999973e-01 4.820999999999999765e-03
1.300000000000000000e+01 6.900000000000000000e+01 6.600000000000000000e+01 0.000000000000000000e+00 1.600000000000000089e+00 3.785000000000000170e-03 -1.819000000000000087e-03 9.999909999999999632e-01 -9.501129999999999853e-01 3.118779999999999886e-01 4.164000000000000166e-03 -3.118819999999999926e-01 -9.501209999999999933e-01 -5.479999999999999845e-04
7.000000000000000000e+00 2.500000000000000000e+01 7.300000000000000000e+01 0.000000000000000000e+00 1.600000000000000089e+00 9.000000000000000567e-05 4.368000000000000355e-03 9.999900000000000455e-01 7.541590000000000238e-01 -6.566859999999999919e-01 2.799999999999999972e-03 6.566920000000000535e-01 7.541520000000000445e-01 -3.353000000000000078e-03
1.200000000000000000e+01 2.500000000000000000e+01 7.300000000000000000e+01 0.000000000000000000e+00 1.600000000000000089e+00 2.999999999999999737e-04 1.131999999999999977e-03 9.999989999999999712e-01 7.523499999999999632e-01 -6.587629999999999875e-01 5.199999999999999544e-04 6.587640000000000162e-01 7.523490000000000455e-01 -1.049000000000000019e-03
1.800000000000000000e+01 2.500000000000000000e+01 7.300000000000000000e+01 0.000000000000000000e+00 1.600000000000000089e+00 3.060000000000000111e-04 -1.688999999999999963e-03 9.999989999999999712e-01 7.501959999999999740e-01 -6.612139999999999684e-01 -1.345999999999999974e-03 6.612160000000000259e-01 7.501949999999999452e-01 1.064000000000000059e-03
2.200000000000000000e+01 2.500000000000000000e+01 7.300000000000000000e+01 0.000000000000000000e+00 1.600000000000000089e+00 -3.886000000000000131e-03 -2.605000000000000111e-03 9.999890000000000168e-01 7.518960000000000088e-01 -6.592799999999999772e-01 1.203999999999999992e-03 6.592700000000000227e-01 7.518930000000000335e-01 4.519999999999999712e-03
7.000000000000000000e+00 4.400000000000000000e+01 7.300000000000000000e+01 0.000000000000000000e+00 1.600000000000000089e+00 1.005999999999999950e-03 2.308000000000000156e-03 9.999970000000000248e-01 5.136500000000000093e-02 -9.986770000000000369e-01 2.252999999999999794e-03 9.986789999999999834e-01 5.136299999999999893e-02 -1.123000000000000083e-03
1.100000000000000000e+01 4.400000000000000000e+01 7.300000000000000000e+01 0.000000000000000000e+00 1.600000000000000089e+00 3.699999999999999947e-04 -7.399999999999999623e-05 1.000000000000000000e+00 5.151399999999999729e-02 -9.986720000000000041e-01 -9.299999999999999727e-05 9.986720000000000041e-01 5.151399999999999729e-02 -3.649999999999999816e-04
1.500000000000000000e+01 4.400000000000000000e+01 7.300000000000000000e+01 0.000000000000000000e+00 1.600000000000000089e+00 1.312000000000000015e-03 7.590000000000000175e-04 9.999989999999999712e-01 5.329400000000000109e-02 -9.985789999999999944e-01 6.880000000000000265e-04 9.985779999999999657e-01 5.329300000000000009e-02 -1.350999999999999987e-03
2.100000000000000000e+01 4.400000000000000000e+01 7.300000000000000000e+01 0.000000000000000000e+00 1.600000000000000089e+00 1.103000000000000031e-03 4.284999999999999747e-03 9.999900000000000455e-01 5.510999999999999927e-02 -9.984709999999999974e-01 4.217000000000000262e-03 9.984800000000000342e-01 5.510500000000000120e-02 -1.337000000000000081e-03
2.800000000000000000e+01 4.400000000000000000e+01 7.300000000000000000e+01 0.000000000000000000e+00 1.600000000000000089e+00 2.347999999999999827e-03 1.564000000000000069e-03 9.999959999999999960e-01 5.537099999999999661e-02 -9.984650000000000469e-01 1.431999999999999896e-03 9.984629999999999894e-01 5.536699999999999955e-02 -2.431000000000000001e-03
1.000000000000000000e+01 9.900000000000000000e+01 7.500000000000000000e+01 0.000000000000000000e+00 1.600000000000000089e+00 1.310000000000000129e-04 -2.843000000000000041e-03 -9.999959999999999960e-01 -8.859770000000000145e-01 4.637270000000000003e-01 -1.433999999999999945e-03 4.637290000000000023e-01 8.859730000000000105e-01 -2.458000000000000115e-03
2.800000000000000000e+01 5.100000000000000000e+01 7.600000000000000000e+01 0.000000000000000000e+00 1.600000000000000089e+00 2.269999999999999882e-04 1.111000000000000008e-03 -9.999989999999999712e-01 -4.129120000000000013e-01 -9.107699999999999685e-01 -1.105999999999999995e-03 -9.107709999999999972e-01 4.129120000000000013e-01 2.519999999999999996e-04
