9.000000000000000000e+00 1.000000000000000000e+01 7.000000000000000000e+00 0.000000000000000000e+00 1.600000000000000089e+00 3.273500000000000021e-02 -7.926000000000000753e-03 9.994330000000000158e-01 7.948389999999999622e-01 -6.060360000000000191e-01 -3.083899999999999836e-02 6.059369999999999479e-01 7.953970000000000207e-01 -1.353900000000000069e-02
3.000000000000000000e+00 1.010000000000000000e+02 7.000000000000000000e+00 0.000000000000000000e+00 1.600000000000000089e+00 9.319999999999999942e-04 1.230000000000000082e-04 1.000000000000000000e+00 8.861959999999999837e-01 4.633099999999999996e-01 -8.829999999999999958e-04 -4.633099999999999996e-01 8.861959999999999837e-01 3.229999999999999907e-04
6.000000000000000000e+00 1.010000000000000000e+02 7.000000000000000000e+00 0.000000000000000000e+00 1.600000000000000089e+00 -1.710000000000000094e-04 -2.945999999999999834e-03 9.999959999999999960e-01 8.868850000000000344e-01 4.619869999999999810e-01 1.513000000000000022e-03 -4.619900000000000118e-01 8.868819999999999482e-01 2.533999999999999794e-03
1.400000000000000000e+01 1.010000000000000000e+02 7.000000000000000000e+00 0.000000000000000000e+00 1.600000000000000089e+00 -3.537000000000000213e-03 -1.565100000000000172e-02 9.998709999999999543e-01 8.882499999999999840e-01 4.592439999999999856e-01 1.033099999999999991e-02 -4.593470000000000053e-01 8.881719999999999615e-01 1.227699999999999972e-02
1.600000000000000000e+01 1.010000000000000000e+02 7.000000000000000000e+00 0.000000000000000000e+00 1.600000000000000089e+00 -3.230999999999999931e-03 -1.847000000000000031e-02 9.998240000000000460e-01 8.890949999999999687e-01 4.575819999999999887e-01 1.132700000000000026e-02 -4.577109999999999790e-01 8.889759999999999884e-01 1.494299999999999969e-02
2.000000000000000000e+01 1.010000000000000000e+02 7.000000000000000000e+00 0.000000000000000000e+00 1.600000000000000089e+00 -3.654000000000000130e-03 -1.361300000000000010e-02 9.999010000000000398e-01 8.908150000000000235e-01 4.542680000000000051e-01 9.440000000000000474e-03 -4.543510000000000049e-01 8.907610000000000250e-01 1.046700000000000061e-02
2.500000000000000000e+01 1.010000000000000000e+02 7.000000000000000000e+00 0.000000000000000000e+00 1.600000000000000089e+00 -2.720999999999999894e-03 -1.671800000000000022e-02 9.998569999999999958e-01 8.897329999999999961e-01 4.563699999999999979e-01 1.005200000000000017e-02 -4.564730000000000176e-01 8.896330000000000071e-01 1.363299999999999929e-02
3.000000000000000000e+00 2.500000000000000000e+01 8.000000000000000000e+00 0.000000000000000000e+00 1.600000000000000089e+00 -1.791000000000000057e-03 -1.727000000000000019e-03 -9.999970000000000248e-01 4.322159999999999891e-01 9.017669999999999852e-01 -2.331999999999999872e-03 9.017680000000000140e-01 -4.322190000000000198e-01 -8.679999999999999565e-04
9.000000000000000000e+00 2.500000000000000000e+01 8.000000000000000000e+00 0.000000000000000000e+00 1.600000000000000089e+00 1.371000000000000040e-03 9.250000000000000409e-04 -9.999989999999999712e-01 4.368139999999999801e-01 8.995509999999999895e-01 1.430999999999999980e-03 8.995509999999999895e-01 -4.368150000000000088e-01 8.289999999999999843e-04
1.500000000000000000e+01 2.500000000000000000e+01 8.000000000000000000e+00 0.000000000000000000e+00 1.600000000000000089e+00 2.919999999999999961e-04 2.438000000000000063e-03 -9.999970000000000248e-01 4.358730000000000104e-01 9.000050000000000550e-01 2.321999999999999845e-03 9.000080000000000302e-01 -4.358719999999999817e-01 -8.000000000000000383e-04
2.000000000000000000e+01 2.500000000000000000e+01 8.000000000000000000e+00 0.000000000000000000e+00 1.600000000000000089e+00 -2.850000000000000103e-03 -1.108999999999999960e-03 -9.999949999999999672e-01 4.365200000000000191e-01 8.996920000000000472e-01 -2.242000000000000069e-03 8.996899999999999897e-01 -4.365240000000000231e-01 -2.079999999999999818e-03
2.400000000000000000e+01 2.500000000000000000e+01 8.000000000000000000e+00 0.000000000000000000e+00 1.600000000000000089e+00 -8.509999999999999769e-04 -1.379000000000000017e-03 -9.999989999999999712e-01 4.370769999999999933e-01 8.994229999999999725e-01 -1.611999999999999935e-03 8.994240000000000013e-01 -4.370780000000000221e-01 -1.620000000000000075e-04
2.700000000000000000e+01 9.000000000000000000e+00 9.000000000000000000e+00 0.000000000000000000e+00 1.600000000000000089e+00 1.451599999999999939e-02 5.937999999999999702e-03 -9.998770000000000158e-01 -9.681650000000000533e-01 -2.498309999999999975e-01 -1.553900000000000073e-02 -2.498920000000000030e-01 9.682709999999999928e-01 2.122000000000000188e-03
6.000000000000000000e+00 2.400000000000000000e+01 9.000000000000000000e+00 0.000000000000000000e+00 1.600000000000000089e+00 -6.040000000000000447e-04 -2.357000000000000154e-03 -9.999970000000000248e-01 4.408690000000000109e-01 8.975680000000000325e-01 -2.382000000000000003e-03 8.975710000000000077e-01 -4.408690000000000109e-01 4.970000000000000459e-04
9.000000000000000000e+00 2.400000000000000000e+01 9.000000000000000000e+00 0.000000000000000000e+00 1.600000000000000089e+00 1.314000000000000064e-03 6.170000000000000354e-04 -9.999989999999999712e-01 4.435140000000000193e-01 8.962670000000000359e-01 1.136000000000000074e-03 8.962660000000000071e-01 -4.435149999999999926e-01 9.039999999999999642e-04
1.200000000000000000e+01 2.400000000000000000e+01 9.000000000000000000e+00 0.000000000000000000e+00 1.600000000000000089e+00 1.317000000000000028e-03 4.092000000000000151e-03 -9.999909999999999632e-01 4.432110000000000216e-01 8.964069999999999538e-01 4.251999999999999703e-03 8.964170000000000194e-01 -4.432119999999999949e-01 -6.329999999999999906e-04
2.000000000000000000e+01 2.400000000000000000e+01 9.000000000000000000e+00 0.000000000000000000e+00 1.600000000000000089e+00 -2.907999999999999995e-03 -1.449999999999999900e-03 -9.999949999999999672e-01 4.430870000000000086e-01 8.964750000000000218e-01 -2.589000000000000155e-03 8.964739999999999931e-01 -4.430930000000000146e-01 -1.964000000000000034e-03
2.400000000000000000e+01 2.400000000000000000e+01 9.000000000000000000e+00 0.000000000000000000e+00 1.600000000000000089e+00 -1.026000000000000002e-03 -8.530000000000000256e-04 -9.999989999999999712e-01 4.437209999999999765e-01 8.961639999999999606e-01 -1.219999999999999947e-03 8.961639999999999606e-01 -4.437220000000000053e-01 -5.410000000000000312e-04
2.300000000000000000e+01 8.000000000000000000e+00 1.000000000000000000e+01 0.000000000000000000e+00 1.600000000000000089e+00 1.531199999999999922e-02 -3.823000000000000009e-03 -9.998749999999999583e-01 -9.943440000000000056e-01 -1.051659999999999956e-01 -1.482600000000000064e-02 -1.050959999999999950e-01 9.944469999999999699e-01 -5.412000000000000144e-03
1.200000000000000000e+01 4.000000000000000000e+00 1.100000000000000000e+01 0.000000000000000000e+00 1.600000000000000089e+00 4.970000000000000459e-04 -2.264000000000000040e-02 9.997439999999999660e-01 1.745230000000000115e-01 -9.843990000000000240e-01 -2.237899999999999959e-02 9.846530000000000005e-01 1.744900000000000062e-01 3.461999999999999800e-03
1.800000000000000000e+01 4.000000000000000000e+00 1.100000000000000000e+01 0.000000000000000000e+00 1.600000000000000089e+00 2.301000000000000094e-03 -1.213400000000000069e-02 9.999240000000000350e-01 1.774419999999999886e-01 -9.840539999999999843e-01 -1.234900000000000060e-02 9.841290000000000315e-01 1.774570000000000036e-01 -1.119999999999999983e-04
2.400000000000000000e+01 4.000000000000000000e+00 1.100000000000000000e+01 0.000000000000000000e+00 1.600000000000000089e+00 -3.376999999999999794e-03 1.381300000000000062e-02 9.998989999999999823e-01 1.402339999999999975e-01 -9.900170000000000359e-01 1.414999999999999938e-02 9.901130000000000209e-01 1.402670000000000028e-01 1.407000000000000048e-03
2.800000000000000000e+01 4.000000000000000000e+00 1.100000000000000000e+01 0.000000000000000000e+00 1.600000000000000089e+00 -4.203000000000000139e-03 1.091999999999999915e-02 9.999320000000000430e-01 1.328469999999999929e-01 -9.910710000000000353e-01 1.138199999999999976e-02 9.911280000000000090e-01 1.328860000000000041e-01 2.714999999999999965e-03
1.000000000000000000e+01 3.200000000000000000e+01 1.400000000000000000e+01 0.000000000000000000e+00 1.600000000000000089e+00 -5.850000000000000165e-04 6.000000000000000152e-06 -1.000000000000000000e+00 1.217769999999999964e-01 9.925580000000000513e-01 -6.499999999999999431e-05 9.925570000000000226e-01 -1.217769999999999964e-01 -5.810000000000000277e-04
1.400000000000000000e+01 3.200000000000000000e+01 1.400000000000000000e+01 0.000000000000000000e+00 1.600000000000000089e+00 1.910000000000000077e-04 4.376999999999999814e-03 -9.999900000000000455e-01 1.217860000000000054e-01 9.925469999999999571e-01 4.368000000000000355e-03 9.925559999999999938e-01 -1.217860000000000054e-01 -3.429999999999999889e-04
1.400000000000000000e+01 1.160000000000000000e+02 1.600000000000000000e+01 0.000000000000000000e+00 1.600000000000000089e+00 1.631000000000000071e-03 -2.779999999999999811e-04 9.999989999999999712e-01 7.002169999999999783e-01 7.139299999999999535e-01 -9.430000000000000448e-04 -7.139280000000000070e-01 7.002169999999999783e-01 1.358999999999999965e-03
1.000000000000000000e+01 2.000000000000000000e+00 1.900000000000000000e+01 0.000000000000000000e+00 1.600000000000000089e+00 6.193999999999999853e-03 -1.756399999999999975e-02 -9.998270000000000213e-01 3.592650000000000010e-01 -9.330500000000000460e-01 1.861600000000000060e-02 -9.332150000000000167e-01 -3.593180000000000263e-01 5.310000000000000050e-04
2.000000000000000000e+00 3.000000000000000000e+00 1.900000000000000000e+01 0.000000000000000000e+00 1.600000000000000089e+00 1.998000000000000210e-03 -3.284900000000000320e-02 -9.994579999999999576e-01 3.368630000000000235e-01 -9.410230000000000539e-01 3.160199999999999815e-02 -9.415519999999999445e-01 -3.367430000000000145e-01 9.185999999999999721e-03
1.100000000000000000e+01 3.000000000000000000e+00 1.900000000000000000e+01 0.000000000000000000e+00 1.600000000000000089e+00 4.721999999999999635e-03 -1.026900000000000035e-02 -9.999360000000000470e-01 3.316649999999999876e-01 -9.433300000000000018e-01 1.125400000000000011e-02 -9.433859999999999468e-01 -3.316970000000000196e-01 -1.049000000000000019e-03
1.500000000000000000e+01 3.000000000000000000e+00 1.900000000000000000e+01 0.000000000000000000e+00 1.600000000000000089e+00 3.829999999999999854e-04 -1.019999999999999992e-04 -1.000000000000000000e+00 3.330620000000000247e-01 -9.429049999999999931e-01 2.239999999999999966e-04 -9.429049999999999931e-01 -3.330620000000000247e-01 -3.280000000000000038e-04
1.900000000000000000e+01 3.000000000000000000e+00 1.900000000000000000e+01 0.000000000000000000e+00 1.600000000000000089e+00 -4.361000000000000293e-03 1.936299999999999827e-02 -9.998029999999999973e-01 3.387729999999999908e-01 -9.406619999999999981e-01 -1.969600000000000170e-02 -9.408579999999999721e-01 -3.387919999999999821e-01 -2.456999999999999983e-03
2.200000000000000000e+01 3.000000000000000000e+00 1.900000000000000000e+01 0.000000000000000000e+00 1.600000000000000089e+00 -7.026000000000000127e-03 2.473399999999999904e-02 -9.996690000000000298e-01 3.427769999999999984e-01 -9.390669999999999851e-01 -2.564400000000000013e-02 -9.393909999999999760e-01 -3.428430000000000089e-01 -1.879999999999999944e-03
2.700000000000000000e+01 3.000000000000000000e+00 1.900000000000000000e+01 0.000000000000000000e+00 1.600000000000000089e+00 -2.007999999999999802e-03 1.537900000000000031e-02 -9.998799999999999910e-01 3.449389999999999956e-01 -9.385029999999999761e-01 -1.512800000000000082e-02 -9.386229999999999851e-01 -3.449280000000000124e-01 -3.419999999999999863e-03
2.900000000000000000e+01 4.000000000000000000e+00 2.000000000000000000e+01 0.000000000000000000e+00 1.600000000000000089e+00 -3.170000000000000075e-04 1.238099999999999964e-02 -9.999230000000000063e-01 3.785999999999999921e-01 -9.254879999999999773e-01 -1.157900000000000075e-02 -9.255600000000000493e-01 -3.785749999999999948e-01 -4.394000000000000336e-03
2.000000000000000000e+00 1.300000000000000000e+01 2.000000000000000000e+01 0.000000000000000000e+00 1.600000000000000089e+00 1.689999999999999879e-04 6.145000000000000288e-03 9.999810000000000088e-01 2.625080000000000191e-01 9.649109999999999632e-01 -5.974000000000000143e-03 -9.649299999999999544e-01 2.625040000000000151e-01 -1.449999999999999900e-03
6.000000000000000000e+00 1.300000000000000000e+01 2.000000000000000000e+01 0.000000000000000000e+00 1.600000000000000089e+00 5.039999999999999992e-04 1.137999999999999906e-03 9.999989999999999712e-01 2.612849999999999895e-01 9.652610000000000356e-01 -1.229999999999999974e-03 -9.652619999999999534e-01 2.612849999999999895e-01 1.890000000000000133e-04
1.300000000000000000e+01 1.300000000000000000e+01 2.000000000000000000e+01 0.000000000000000000e+00 1.600000000000000089e+00 -1.420000000000000092e-04 -1.283000000000000069e-03 9.999989999999999712e-01 2.595830000000000082e-01 9.657200000000000228e-01 1.275000000000000092e-03 -9.657210000000000516e-01 2.595830000000000082e-01 1.959999999999999937e-04
1.700000000000000000e+01 1.300000000000000000e+01 2.000000000000000000e+01 0.000000000000000000e+00 1.600000000000000089e+00 7.870000000000000476e-04 -1.358999999999999965e-03 9.999989999999999712e-01 2.585890000000000133e-01 9.659870000000000401e-01 1.110000000000000092e-03 -9.659870000000000401e-01 2.585870000000000113e-01 1.111000000000000008e-03
2.300000000000000000e+01 1.300000000000000000e+01 2.000000000000000000e+01 0.000000000000000000e+00 1.600000000000000089e+00 -6.399999999999999710e-05 -1.869999999999999917e-03 9.999980000000000535e-01 2.597280000000000144e-01 9.656799999999999828e-01 1.822000000000000052e-03 -9.656820000000000404e-01 2.597280000000000144e-01 4.240000000000000062e-04
2.600000000000000000e+01 1.300000000000000000e+01 2.000000000000000000e+01 0.000000000000000000e+00 1.600000000000000089e+00 -7.100000000000000462e-05 -2.895000000000000004e-03 9.999959999999999960e-01 2.605879999999999863e-01 9.654460000000000264e-01 2.814000000000000095e-03 -9.654500000000000304e-01 2.605870000000000131e-01 6.859999999999999779e-04
5.000000000000000000e+00 1.600000000000000000e+01 2.100000000000000000e+01 0.000000000000000000e+00 1.600000000000000089e+00 3.989999999999999949e-04 3.034999999999999937e-03 9.999949999999999672e-01 2.986960000000000170e-01 9.543439999999999701e-01 -3.016000000000000018e-03 -9.543479999999999741e-01 2.986960000000000170e-01 -5.259999999999999919e-04
2.600000000000000000e+01 1.600000000000000000e+01 2.100000000000000000e+01 0.000000000000000000e+00 1.600000000000000089e+00 -5.519999999999999733e-04 -4.382999999999999743e-03 9.999900000000000455e-01 2.975050000000000194e-01 9.547099999999999476e-01 4.348999999999999568e-03 -9.547200000000000131e-01 2.975039999999999907e-01 7.770000000000000214e-04
4.000000000000000000e+00 2.000000000000000000e+00 2.500000000000000000e+01 0.000000000000000000e+00 1.600000000000000089e+00 1.072500000000000016e-02 -3.650899999999999979e-02 9.992760000000000531e-01 8.319500000000000506e-02 -9.958360000000000545e-01 -3.727599999999999664e-02 9.964760000000000284e-01 8.353499999999999814e-02 -7.642999999999999620e-03
2.400000000000000000e+01 2.000000000000000000e+00 2.500000000000000000e+01 0.000000000000000000e+00 1.600000000000000089e+00 -9.390000000000000777e-03 1.993400000000000033e-02 9.997570000000000068e-01 7.639799999999999369e-02 -9.968650000000000011e-01 2.059400000000000119e-02 9.970329999999999471e-01 7.657300000000000217e-02 7.837000000000000216e-03
2.700000000000000000e+01 2.000000000000000000e+00 2.500000000000000000e+01 0.000000000000000000e+00 1.600000000000000089e+00 -8.670999999999999888e-03 1.596600000000000102e-02 9.998350000000000293e-01 8.327600000000000280e-02 -9.963880000000000514e-01 1.663299999999999848e-02 9.964889999999999581e-01 8.340599999999999403e-02 7.309999999999999658e-03
3.000000000000000000e+00 3.000000000000000000e+00 2.500000000000000000e+01 0.000000000000000000e+00 1.600000000000000089e+00 7.060000000000000303e-03 -3.327100000000000196e-02 9.994210000000000038e-01 5.259999999999999919e-04 -9.994459999999999456e-01 -3.327600000000000002e-02 9.999749999999999472e-01 7.600000000000000418e-04 -7.039000000000000118e-03
1.000000000000000000e+01 3.000000000000000000e+00 2.500000000000000000e+01 0.000000000000000000e+00 1.600000000000000089e+00 3.078000000000000007e-03 -1.056099999999999921e-02 9.999400000000000510e-01 -3.282399999999999901e-02 -9.994060000000000166e-01 -1.045500000000000075e-02 9.994560000000000111e-01 -3.278999999999999970e-02 -3.422999999999999828e-03
1.600000000000000000e+01 3.000000000000000000e+00 2.500000000000000000e+01 0.000000000000000000e+00 1.600000000000000089e+00 -1.544999999999999932e-03 1.871000000000000050e-03 9.999970000000000248e-01 -3.398099999999999732e-02 -9.994210000000000038e-01 1.817000000000000039e-03 9.994210000000000038e-01 -3.397800000000000126e-02 1.606999999999999922e-03
1.600000000000000000e+01 4.600000000000000000e+01 2.700000000000000000e+01 0.000000000000000000e+00 1.600000000000000089e+00 -1.320999999999999909e-03 -1.700000000000000122e-04 -9.999989999999999712e-01 6.764139999999999597e-01 7.365209999999999813e-01 -1.018999999999999941e-03 7.365199999999999525e-01 -6.764149999999999885e-01 -8.580000000000000387e-04
2.500000000000000000e+01 4.600000000000000000e+01 3.000000000000000000e+01 0.000000000000000000e+00 1.600000000000000089e+00 -1.263999999999999933e-03 -1.842000000000000104e-03 -9.999980000000000535e-01 3.328840000000000132e-01 9.429650000000000531e-01 -2.158000000000000196e-03 9.429669999999999996e-01 -3.328860000000000152e-01 -5.789999999999999791e-04
2.800000000000000000e+01 5.800000000000000000e+01 3.100000000000000000e+01 0.000000000000000000e+00 1.600000000000000089e+00 5.289000000000000298e-03 -1.499999999999999869e-04 9.999860000000000415e-01 -8.107069999999999554e-01 -5.854369999999999852e-01 4.199999999999999740e-03 5.854279999999999484e-01 -8.107180000000000497e-01 -3.217999999999999940e-03
6.000000000000000000e+00 4.600000000000000000e+01 3.500000000000000000e+01 0.000000000000000000e+00 1.600000000000000089e+00 -1.140000000000000063e-04 1.320000000000000101e-04 -1.000000000000000000e+00 3.915939999999999976e-01 -9.201380000000000114e-01 -1.659999999999999963e-04 -9.201380000000000114e-01 -3.915939999999999976e-01 5.300000000000000078e-05
1.600000000000000000e+01 4.600000000000000000e+01 3.500000000000000000e+01 0.000000000000000000e+00 1.600000000000000089e+00 -1.258999999999999920e-03 -1.060000000000000016e-04 -9.999989999999999712e-01 3.906959999999999877e-01 -9.205200000000000049e-01 -3.939999999999999817e-04 -9.205189999999999761e-01 -3.906959999999999877e-01 1.199999999999999895e-03
2.300000000000000000e+01 4.600000000000000000e+01 3.500000000000000000e+01 0.000000000000000000e+00 1.600000000000000089e+00 -6.999999999999999387e-05 -2.174999999999999850e-03 -9.999980000000000535e-01 3.895569999999999866e-01 -9.210000000000000409e-01 1.975999999999999892e-03 -9.210019999999999873e-01 -3.895560000000000134e-01 9.120000000000000502e-04
2.800000000000000000e+01 4.600000000000000000e+01 3.500000000000000000e+01 0.000000000000000000e+00 1.600000000000000089e+00 8.469999999999999881e-04 4.495999999999999996e-03 -9.999900000000000455e-01 3.885680000000000245e-01 -9.214120000000000088e-01 -3.814000000000000116e-03 -9.214200000000000168e-01 -3.885600000000000165e-01 -2.527000000000000166e-03
8.000000000000000000e+00 9.500000000000000000e+01 3.600000000000000000e+01 0.000000000000000000e+00 1.600000000000000089e+00 3.184000000000000198e-03 9.705999999999999350e-03 9.999479999999999480e-01 9.967019999999999769e-01 8.104899999999999605e-02 -3.961000000000000111e-03 -8.108300000000000229e-02 9.966629999999999656e-01 -9.416000000000000758e-03
1.400000000000000000e+01 9.500000000000000000e+01 3.600000000000000000e+01 0.000000000000000000e+00 1.600000000000000089e+00 2.784000000000000016e-03 5.961000000000000153e-03 9.999780000000000335e-01 9.962419999999999609e-01 8.655000000000000193e-02 -3.289999999999999956e-03 -8.656800000000000606e-02 9.962299999999999489e-01 -5.696999999999999807e-03
6.000000000000000000e+00 2.900000000000000000e+01 4.400000000000000000e+01 0.000000000000000000e+00 1.600000000000000089e+00 3.939999999999999817e-04 -1.559999999999999972e-04 -1.000000000000000000e+00 6.609859999999999625e-01 7.503980000000000095e-01 1.430000000000000064e-04 7.503980000000000095e-01 -6.609859999999999625e-01 3.989999999999999949e-04
1.600000000000000000e+01 2.900000000000000000e+01 4.400000000000000000e+01 0.000000000000000000e+00 1.600000000000000089e+00 -6.899999999999999667e-05 2.224999999999999981e-03 -9.999970000000000248e-01 6.617539999999999534e-01 7.497190000000000243e-01 1.621999999999999961e-03 7.497209999999999708e-01 -6.617520000000000069e-01 -1.525000000000000097e-03
2.000000000000000000e+01 2.900000000000000000e+01 4.400000000000000000e+01 0.000000000000000000e+00 1.600000000000000089e+00 -1.294999999999999927e-03 3.017000000000000150e-03 -9.999949999999999672e-01 6.455689999999999484e-01 7.637000000000000455e-01 1.467999999999999904e-03 7.637009999999999632e-01 -6.455640000000000267e-01 -2.936999999999999941e-03
2.400000000000000000e+01 2.900000000000000000e+01 4.400000000000000000e+01 0.000000000000000000e+00 1.600000000000000089e+00 -2.712000000000000001e-03 -1.480999999999999895e-03 -9.999949999999999672e-01 6.501649999999999929e-01 7.597880000000000189e-01 -2.889000000000000075e-03 7.597890000000000477e-01 -6.501689999999999969e-01 -1.098000000000000018e-03
3.000000000000000000e+01 2.900000000000000000e+01 4.400000000000000000e+01 0.000000000000000000e+00 1.600000000000000089e+00 -1.369999999999999907e-03 2.951000000000000064e-03 -9.999949999999999672e-01 6.561010000000000453e-01 7.546720000000000095e-01 1.327999999999999970e-03 7.546720000000000095e-01 -6.560960000000000125e-01 -2.969999999999999984e-03
1.100000000000000000e+01 5.000000000000000000e+00 5.100000000000000000e+01 0.000000000000000000e+00 1.600000000000000089e+00 -1.800000000000000113e-04 7.115999999999999930e-03 -9.999749999999999472e-01 4.884569999999999745e-01 -8.725659999999999528e-01 -6.297999999999999779e-03 -8.725880000000000303e-01 -4.884450000000000180e-01 -3.318999999999999902e-03
1.400000000000000000e+01 6.000000000000000000e+00 5.100000000000000000e+01 0.000000000000000000e+00 1.600000000000000089e+00 6.899999999999999667e-05 4.375000000000000416e-03 -9.999900000000000455e-01 3.151010000000000200e-01 -9.490490000000000315e-01 -4.129999999999999991e-03 -9.490579999999999572e-01 -3.150979999999999892e-01 -1.443999999999999971e-03
2.500000000000000000e+01 1.600000000000000000e+01 5.200000000000000000e+01 0.000000000000000000e+00 1.600000000000000089e+00 -2.256999999999999892e-03 -8.919999999999999978e-04 -9.999970000000000248e-01 7.761749999999999483e-01 6.305140000000000189e-01 -2.314999999999999784e-03 6.305140000000000189e-01 -7.761770000000000058e-01 -7.309999999999999875e-04
2.100000000000000000e+01 5.800000000000000000e+01 5.200000000000000000e+01 0.000000000000000000e+00 1.600000000000000089e+00 6.939999999999999555e-04 -8.078000000000000111e-03 9.999670000000000503e-01 -6.309719999999999773e-01 7.757770000000000499e-01 6.705000000000000022e-03 -7.758059999999999956e-01 -6.309550000000000436e-01 -4.558999999999999685e-03
2.000000000000000000e+00 6.300000000000000000e+01 5.400000000000000000e+01 0.000000000000000000e+00 1.600000000000000089e+00 1.003999999999999901e-03 -1.624000000000000010e-03 9.999980000000000535e-01 -3.490030000000000077e-01 9.371199999999999530e-01 1.871999999999999966e-03 -9.371209999999999818e-01 -3.490039999999999809e-01 3.739999999999999835e-04
6.000000000000000000e+00 6.300000000000000000e+01 5.400000000000000000e+01 0.000000000000000000e+00 1.600000000000000089e+00 -8.189999999999999581e-04 1.088999999999999907e-03 9.999989999999999712e-01 -3.433869999999999978e-01 9.391929999999999445e-01 -1.304999999999999953e-03 -9.391939999999999733e-01 -3.433880000000000265e-01 -3.950000000000000061e-04
1.500000000000000000e+01 6.300000000000000000e+01 5.400000000000000000e+01 0.000000000000000000e+00 1.600000000000000089e+00 -2.369999999999999874e-04 2.909999999999999826e-03 9.999959999999999960e-01 -3.462509999999999755e-01 9.381380000000000274e-01 -2.811999999999999830e-03 -9.381420000000000314e-01 -3.462500000000000022e-01 7.860000000000000233e-04
2.600000000000000000e+01 6.300000000000000000e+01 5.400000000000000000e+01 0.000000000000000000e+00 1.600000000000000089e+00 9.709999999999999664e-04 -5.603999999999999607e-03 9.999839999999999840e-01 -3.551639999999999797e-01 9.347870000000000346e-01 5.584000000000000422e-03 -9.348030000000000506e-01 -3.551639999999999797e-01 -1.082999999999999978e-03
3.000000000000000000e+01 6.300000000000000000e+01 5.400000000000000000e+01 0.000000000000000000e+00 1.600000000000000089e+00 1.180999999999999975e-03 -3.600000000000000091e-05 9.999989999999999712e-01 -3.549860000000000237e-01 9.348720000000000363e-01 4.530000000000000064e-04 -9.348710000000000075e-01 -3.549860000000000237e-01 1.090999999999999956e-03
1.000000000000000000e+01 2.500000000000000000e+01 5.500000000000000000e+01 0.000000000000000000e+00 1.600000000000000089e+00 1.234999999999999987e-03 4.800000000000000122e-05 -9.999989999999999712e-01 -1.157700000000000048e-02 -9.999329999999999607e-01 -6.200000000000000270e-05 -9.999320000000000430e-01 1.157700000000000048e-02 -1.234000000000000071e-03
1.700000000000000000e+01 2.500000000000000000e+01 5.500000000000000000e+01 0.000000000000000000e+00 1.600000000000000089e+00 -1.310000000000000129e-04 1.572000000000000047e-03 -9.999989999999999712e-01 -1.142999999999999919e-02 -9.999329999999999607e-01 -1.569999999999999998e-03 -9.999350000000000183e-01 1.142999999999999919e-02 1.489999999999999897e-04
2.500000000000000000e+01 2.500000000000000000e+01 5.500000000000000000e+01 0.000000000000000000e+00 1.600000000000000089e+00 8.350000000000000217e-04 1.175999999999999962e-03 -9.999989999999999712e-01 -1.217700000000000032e-02 -9.999249999999999527e-01 -1.185999999999999988e-03 -9.999249999999999527e-01 1.217799999999999959e-02 -8.210000000000000067e-04
1.400000000000000000e+01 2.000000000000000000e+01 6.000000000000000000e+01 0.000000000000000000e+00 1.600000000000000089e+00 -7.770000000000000214e-04 -3.680000000000000003e-04 1.000000000000000000e+00 -6.275000000000000022e-02 9.980290000000000550e-01 3.179999999999999776e-04 -9.980290000000000550e-01 -6.275000000000000022e-02 -7.979999999999999897e-04
1.900000000000000000e+01 2.000000000000000000e+01 6.000000000000000000e+01 0.000000000000000000e+00 1.600000000000000089e+00 1.649999999999999991e-03 2.347000000000000128e-03 9.999959999999999960e-01 -6.156899999999999873e-02 9.980999999999999872e-01 -2.240999999999999936e-03 -9.981010000000000160e-01 -6.156500000000000167e-02 1.791000000000000057e-03
6.000000000000000000e+00 2.100000000000000000e+01 6.000000000000000000e+01 0.000000000000000000e+00 1.600000000000000089e+00 -5.010000000000000347e-04 7.488999999999999997e-03 9.999719999999999720e-01 -9.689499999999999502e-02 9.952659999999999840e-01 -7.501999999999999988e-03 -9.952950000000000408e-01 -9.689599999999999602e-02 2.269999999999999882e-04
1.000000000000000000e+01 2.100000000000000000e+01 6.000000000000000000e+01 0.000000000000000000e+00 1.600000000000000089e+00 1.319999999999999993e-03 3.305999999999999911e-03 9.999940000000000495e-01 -9.618899999999999673e-02 9.953579999999999650e-01 -3.163000000000000013e-03 -9.953619999999999690e-01 -9.618400000000000560e-02 1.631999999999999987e-03
2.200000000000000000e+01 2.100000000000000000e+01 6.000000000000000000e+01 0.000000000000000000e+00 1.600000000000000089e+00 6.610000000000000207e-04 -4.650000000000000270e-04 1.000000000000000000e+00 -9.585200000000000664e-02 9.953950000000000298e-01 5.259999999999999919e-04 -9.953950000000000298e-01 -9.585299999999999376e-02 6.130000000000000466e-04
2.600000000000000000e+01 2.100000000000000000e+01 6.000000000000000000e+01 0.000000000000000000e+00 1.600000000000000089e+00 -1.394000000000000057e-03 1.593000000000000015e-03 9.999980000000000535e-01 -9.594199999999999950e-02 9.953849999999999643e-01 -1.719000000000000042e-03 -9.953859999999999930e-01 -9.594400000000000150e-02 -1.234999999999999987e-03
2.900000000000000000e+01 2.100000000000000000e+01 6.000000000000000000e+01 0.000000000000000000e+00 1.600000000000000089e+00 -2.488999999999999893e-03 6.294000000000000115e-03 9.999770000000000048e-01 -9.478200000000000514e-02 9.954769999999999452e-01 -6.501999999999999967e-03 -9.954950000000000188e-01 -9.479600000000000526e-02 -1.881999999999999992e-03
1.700000000000000000e+01 6.700000000000000000e+01 6.000000000000000000e+01 0.000000000000000000e+00 1.600000000000000089e+00 -7.960000000000000495e-04 -4.147999999999999778e-03 9.999909999999999632e-01 1.726419999999999899e-01 -9.849769999999999914e-01 -3.949000000000000253e-03 9.849839999999999707e-01 1.726380000000000137e-01 1.500000000000000031e-03
7.000000000000000000e+00 3.000000000000000000e+00 6.300000000000000000e+01 0.000000000000000000e+00 1.600000000000000089e+00 1.293000000000000095e-03 -5.402999999999999817e-03 9.999850000000000128e-01 -6.121689999999999632e-01 7.907110000000000527e-01 5.062999999999999792e-03 -7.907260000000000399e-01 -6.121659999999999879e-01 -2.285000000000000139e-03
2.500000000000000000e+01 3.000000000000000000e+00 6.300000000000000000e+01 0.000000000000000000e+00 1.600000000000000089e+00 -1.324000000000000090e-03 -7.636000000000000426e-03 9.999700000000000255e-01 -6.148959999999999981e-01 7.885910000000000419e-01 5.207999999999999956e-03 -7.886069999999999469e-01 -6.148709999999999454e-01 -5.739000000000000178e-03
6.000000000000000000e+00 2.700000000000000000e+01 6.300000000000000000e+01 0.000000000000000000e+00 1.600000000000000089e+00 7.420000000000000380e-04 -9.606999999999999221e-03 9.999540000000000095e-01 -2.747890000000000055e-01 9.614580000000000348e-01 9.440999999999999739e-03 -9.615040000000000253e-01 -2.747829999999999995e-01 -1.925999999999999978e-03
1.000000000000000000e+01 2.700000000000000000e+01 6.300000000000000000e+01 0.000000000000000000e+00 1.600000000000000089e+00 3.075000000000000042e-03 -4.593999999999999993e-03 9.999850000000000128e-01 -2.733479999999999799e-01 9.619010000000000060e-01 5.259999999999999919e-03 -9.619100000000000428e-01 -2.733599999999999919e-01 1.701999999999999954e-03
1.500000000000000000e+01 2.700000000000000000e+01 6.300000000000000000e+01 0.000000000000000000e+00 1.600000000000000089e+00 4.970000000000000459e-04 -1.881999999999999992e-03 9.999980000000000535e-01 -2.717589999999999728e-01 9.623629999999999685e-01 1.946000000000000030e-03 -9.623650000000000260e-01 -2.717600000000000016e-01 -3.399999999999999973e-05
2.300000000000000000e+01 2.700000000000000000e+01 6.300000000000000000e+01 0.000000000000000000e+00 1.600000000000000089e+00 1.269999999999999970e-04 -4.611999999999999780e-03 9.999890000000000168e-01 -2.750110000000000054e-01 9.614310000000000356e-01 4.468999999999999882e-03 -9.614409999999999901e-01 -2.750079999999999747e-01 -1.146000000000000100e-03
2.800000000000000000e+01 2.700000000000000000e+01 6.300000000000000000e+01 0.000000000000000000e+00 1.600000000000000089e+00 7.799999999999999859e-04 -4.840000000000000010e-04 1.000000000000000000e+00 -2.740940000000000043e-01 9.617029999999999745e-01 6.790000000000000245e-04 -9.617029999999999745e-01 -2.740949999999999775e-01 6.170000000000000354e-04
7.000000000000000000e+00 2.600000000000000000e+01 6.400000000000000000e+01 0.000000000000000000e+00 1.600000000000000089e+00 2.909000000000000127e-03 -6.838999999999999593e-03 9.999719999999999720e-01 -3.708870000000000222e-01 9.286480000000000290e-01 7.429999999999999973e-03 -9.286729999999999707e-01 -3.708989999999999787e-01 1.649999999999999991e-04
1.100000000000000000e+01 2.600000000000000000e+01 6.400000000000000000e+01 0.000000000000000000e+00 1.600000000000000089e+00 2.645999999999999915e-03 -2.762000000000000132e-03 9.999930000000000208e-01 -3.657540000000000235e-01 9.307050000000000045e-01 3.537999999999999912e-03 -9.307079999999999798e-01 -3.657599999999999740e-01 1.453000000000000081e-03
1.600000000000000000e+01 2.600000000000000000e+01 6.400000000000000000e+01 0.000000000000000000e+00 1.600000000000000089e+00 9.810000000000001011e-04 -3.969999999999999571e-03 9.999919999999999920e-01 -3.646750000000000269e-01 9.311260000000000092e-01 4.054000000000000312e-03 -9.311340000000000172e-01 -3.646760000000000002e-01 -5.339999999999999695e-04
2.100000000000000000e+01 2.600000000000000000e+01 6.400000000000000000e+01 0.000000000000000000e+00 1.600000000000000089e+00 5.590000000000000351e-04 -3.788000000000000134e-03 9.999930000000000208e-01 -3.685930000000000040e-01 9.295830000000000481e-01 3.726999999999999844e-03 -9.295909999999999451e-01 -3.685930000000000040e-01 -8.769999999999999584e-04
2.500000000000000000e+01 2.600000000000000000e+01 6.400000000000000000e+01 0.000000000000000000e+00 1.600000000000000089e+00 7.669999999999999951e-04 -4.049999999999999781e-03 9.999919999999999920e-01 -3.688429999999999764e-01 9.294829999999999481e-01 4.047000000000000250e-03 -9.294919999999999849e-01 -3.688429999999999764e-01 -7.810000000000000102e-04
3.000000000000000000e+01 2.600000000000000000e+01 6.400000000000000000e+01 0.000000000000000000e+00 1.600000000000000089e+00 9.590000000000000000e-04 -1.779999999999999898e-04 1.000000000000000000e+00 -3.678710000000000035e-01 9.298769999999999536e-01 5.180000000000000143e-04 -9.298760000000000359e-01 -3.678710000000000035e-01 8.270000000000000441e-04
7.000000000000000000e+00 6.900000000000000000e+01 6.600000000000000000e+01 0.000000000000000000e+00 1.600000000000000089e+00 -4.179999999999999688e-03 -3.480000000000000020e-03 9.999850000000000128e-01 -9.466560000000000530e-01 3.222340000000000204e-01 -2.835999999999999979e-03 -3.222200000000000064e-01 -9.466539999999999955e-01 -4.642000000000000293e-03
1.200000000000000000e+01 6.900000000000000000e+01 6.600000000000000000e+01 0.000000000000000000e+00 1.600000000000000089e+00 9.060000000000000128e-04 -1.420999999999999954e-03 9.999989999999999712e-01 -9.467210000000000347e-01 3.220509999999999762e-01 1.314999999999999980e-03 -3.220520000000000049e-01 -9.467210000000000347e-01 -1.054000000000000032e-03
2.100000000000000000e+01 6.900000000000000000e+01 6.600000000000000000e+01 0.000000000000000000e+00 1.600000000000000089e+00 -1.920999999999999965e-03 -6.296999999999999646e-03 9.999780000000000335e-01 -9.487630000000000230e-01 3.159890000000000199e-01 1.669999999999999935e-04 -3.159830000000000139e-01 -9.487419999999999742e-01 -6.582000000000000177e-03
8.000000000000000000e+00 2.500000000000000000e+01 7.300000000000000000e+01 0.000000000000000000e+00 1.600000000000000089e+00 1.946999999999999946e-03 2.500000000000000120e-05 9.999980000000000535e-01 7.600729999999999986e-01 -6.498359999999999692e-01 -1.464000000000000024e-03 6.498350000000000515e-01 7.600740000000000274e-01 -1.283999999999999985e-03
1.500000000000000000e+01 2.500000000000000000e+01 7.300000000000000000e+01 0.000000000000000000e+00 1.600000000000000089e+00 -1.013999999999999927e-03 -1.955000000000000140e-03 9.999980000000000535e-01 7.554950000000000276e-01 -6.551540000000000141e-01 -5.150000000000000498e-04 6.551529999999999854e-01 7.554929999999999701e-01 2.141000000000000108e-03
2.400000000000000000e+01 2.500000000000000000e+01 7.300000000000000000e+01 0.000000000000000000e+00 1.600000000000000089e+00 -1.469999999999999953e-03 -2.462000000000000213e-03 9.999959999999999960e-01 7.540729999999999933e-01 -6.567899999999999849e-01 -5.090000000000000123e-04 6.567880000000000384e-01 7.540700000000000180e-01 2.821999999999999856e-03
3.000000000000000000e+00 4.400000000000000000e+01 7.300000000000000000e+01 0.000000000000000000e+00 1.600000000000000089e+00 -5.180000000000000143e-04 4.276000000000000287e-03 9.999909999999999632e-01 5.599900000000000017e-02 -9.984220000000000317e-01 4.297999999999999737e-03 9.984309999999999574e-01 5.600100000000000217e-02 2.779999999999999811e-04
9.000000000000000000e+00 4.400000000000000000e+01 7.300000000000000000e+01 0.000000000000000000e+00 1.600000000000000089e+00 -2.970000000000000092e-04 -1.258999999999999920e-03 9.999989999999999712e-01 5.515599999999999670e-02 -9.984769999999999479e-01 -1.240000000000000000e-03 9.984779999999999767e-01 5.515599999999999670e-02 3.660000000000000059e-04
1.500000000000000000e+01 4.400000000000000000e+01 7.300000000000000000e+01 0.000000000000000000e+00 1.600000000000000089e+00 8.249999999999999955e-04 2.999999999999999737e-04 1.000000000000000000e+00 5.680299999999999933e-02 -9.983849999999999669e-01 2.530000000000000239e-04 9.983849999999999669e-01 5.680299999999999933e-02 -8.409999999999999507e-04
2.200000000000000000e+01 4.400000000000000000e+01 7.300000000000000000e+01 0.000000000000000000e+00 1.600000000000000089e+00 1.949999999999999910e-03 3.457000000000000003e-03 9.999919999999999920e-01 5.813499999999999918e-02 -9.983030000000000515e-01 3.337999999999999821e-03 9.983070000000000555e-01 5.812799999999999911e-02 -2.147000000000000037e-03
4.000000000000000000e+00 2.500000000000000000e+01 7.400000000000000000e+01 0.000000000000000000e+00 1.600000000000000089e+00 4.200000000000000174e-04 1.624999999999999925e-03 9.999989999999999712e-01 8.310790000000000122e-01 -5.561540000000000372e-01 5.550000000000000462e-04 5.561540000000000372e-01 8.310779999999999834e-01 -1.583999999999999905e-03
9.000000000000000000e+00 9.900000000000000000e+01 7.500000000000000000e+01 0.000000000000000000e+00 1.600000000000000089e+00 -3.036000000000000070e-03 -4.788999999999999854e-03 -9.999839999999999840e-01 -8.839709999999999512e-01 4.675409999999999844e-01 4.449999999999999746e-04 4.675320000000000031e-01 8.839580000000000215e-01 -5.653000000000000039e-03
2.000000000000000000e+00 9.100000000000000000e+01 7.600000000000000000e+01 0.000000000000000000e+00 1.600000000000000089e+00 -1.103999999999999947e-03 -1.227000000000000009e-03 9.999989999999999712e-01 3.024410000000000154e-01 -9.531680000000000152e-01 -8.360000000000000460e-04 9.531680000000000152e-01 3.024390000000000134e-01 1.423000000000000003e-03
8.000000000000000000e+00 9.100000000000000000e+01 7.600000000000000000e+01 0.000000000000000000e+00 1.600000000000000089e+00 -1.902000000000000045e-03 -2.295999999999999864e-03 9.999959999999999960e-01 2.939869999999999983e-01 -9.558079999999999909e-01 -1.634999999999999952e-03 9.558069999999999622e-01 2.939829999999999943e-01 2.492999999999999990e-03
1.300000000000000000e+01 9.100000000000000000e+01 7.600000000000000000e+01 0.000000000000000000e+00 1.600000000000000089e+00 -8.829999999999999958e-04 -1.029999999999999964e-04 1.000000000000000000e+00 2.858580000000000010e-01 -9.582720000000000127e-01 1.540000000000000028e-04 9.582720000000000127e-01 2.858580000000000010e-01 8.750000000000000182e-04
1.600000000000000000e+01 9.100000000000000000e+01 7.600000000000000000e+01 0.000000000000000000e+00 1.600000000000000089e+00 -1.899999999999999996e-03 -8.319999999999999488e-04 9.999980000000000535e-01 2.870360000000000134e-01 -9.579199999999999937e-01 -2.519999999999999996e-04 9.579180000000000472e-01 2.870349999999999846e-01 2.059000000000000066e-03
2.100000000000000000e+01 9.100000000000000000e+01 7.600000000000000000e+01 0.000000000000000000e+00 1.600000000000000089e+00 -2.227999999999999946e-03 -4.272999999999999889e-03 9.999879999999999880e-01 2.717589999999999728e-01 -9.623589999999999645e-01 -3.507000000000000135e-03 9.623629999999999685e-01 2.717479999999999896e-01 3.305000000000000212e-03
