6.000000000000000000e+00 1.500000000000000000e+01 4.000000000000000000e+00 0.000000000000000000e+00 1.600000000000000089e+00 -2.210000000000000159e-03 1.142999999999999919e-03 9.999970000000000248e-01 3.136619999999999964e-01 -9.495329999999999604e-01 1.778000000000000067e-03 9.495320000000000427e-01 3.136650000000000271e-01 1.740000000000000010e-03
1.100000000000000000e+01 1.500000000000000000e+01 4.000000000000000000e+00 0.000000000000000000e+00 1.600000000000000089e+00 -2.464000000000000044e-03 1.346900000000000007e-02 9.999059999999999615e-01 3.146619999999999973e-01 -9.491070000000000340e-01 1.355999999999999914e-02 9.492009999999999614e-01 3.146660000000000013e-01 -1.899000000000000080e-03
2.000000000000000000e+01 1.500000000000000000e+01 4.000000000000000000e+00 0.000000000000000000e+00 1.600000000000000089e+00 -2.642999999999999950e-03 2.818500000000000172e-02 9.995990000000000153e-01 3.230489999999999751e-01 -9.459819999999999895e-01 2.752699999999999939e-02 9.463789999999999702e-01 3.229920000000000013e-01 -6.604999999999999760e-03
2.400000000000000000e+01 1.300000000000000000e+01 5.000000000000000000e+00 0.000000000000000000e+00 1.600000000000000089e+00 -6.204999999999999578e-03 6.358199999999999963e-02 9.979569999999999830e-01 3.311160000000000214e-01 -9.415480000000000516e-01 6.204699999999999799e-02 9.435700000000000198e-01 3.308249999999999802e-01 -1.521100000000000056e-02
1.900000000000000000e+01 1.010000000000000000e+02 7.000000000000000000e+00 0.000000000000000000e+00 1.600000000000000089e+00 -1.033000000000000064e-03 -5.264999999999999715e-03 9.999860000000000415e-01 8.881310000000000038e-01 4.595779999999999865e-01 3.337000000000000122e-03 -4.595890000000000253e-01 8.881219999999999670e-01 4.200999999999999873e-03
2.600000000000000000e+01 1.010000000000000000e+02 7.000000000000000000e+00 0.000000000000000000e+00 1.600000000000000089e+00 5.779999999999999548e-04 1.797699999999999992e-02 9.998380000000000045e-01 8.890439999999999454e-01 4.577390000000000070e-01 -8.744000000000000036e-03 -4.578220000000000067e-01 8.889049999999999452e-01 -1.571799999999999933e-02
8.000000000000000000e+00 2.500000000000000000e+01 8.000000000000000000e+00 0.000000000000000000e+00 1.600000000000000089e+00 -2.442000000000000160e-03 -4.441999999999999768e-03 -9.999869999999999592e-01 4.452470000000000039e-01 8.953940000000000232e-01 -5.065000000000000058e-03 8.954050000000000065e-01 -4.452530000000000099e-01 -2.090000000000000115e-04
1.100000000000000000e+01 2.500000000000000000e+01 8.000000000000000000e+00 0.000000000000000000e+00 1.600000000000000089e+00 -1.616000000000000032e-03 -4.219999999999999793e-03 -9.999900000000000455e-01 4.444850000000000190e-01 8.957749999999999879e-01 -4.498000000000000262e-03 8.957850000000000534e-01 -4.444879999999999942e-01 4.279999999999999950e-04
1.700000000000000000e+01 2.500000000000000000e+01 8.000000000000000000e+00 0.000000000000000000e+00 1.600000000000000089e+00 -1.448999999999999984e-03 -5.926999999999999977e-03 -9.999810000000000088e-01 4.459779999999999855e-01 8.950240000000000418e-01 -5.950999999999999693e-03 8.950430000000000330e-01 -4.459779999999999855e-01 1.347000000000000107e-03
2.700000000000000000e+01 2.500000000000000000e+01 8.000000000000000000e+00 0.000000000000000000e+00 1.600000000000000089e+00 -1.902000000000000045e-03 -1.995999999999999944e-03 -9.999959999999999960e-01 4.466379999999999795e-01 8.947110000000000340e-01 -2.635999999999999888e-03 8.947129999999999805e-01 -4.466419999999999835e-01 -8.099999999999999561e-04
1.000000000000000000e+00 2.400000000000000000e+01 9.000000000000000000e+00 0.000000000000000000e+00 1.600000000000000089e+00 -4.996999999999999706e-03 -2.205199999999999869e-02 -9.997439999999999660e-01 4.487220000000000097e-01 8.934020000000000294e-01 -2.195000000000000076e-02 8.936570000000000347e-01 -4.487169999999999770e-01 5.431000000000000064e-03
1.000000000000000000e+01 2.400000000000000000e+01 9.000000000000000000e+00 0.000000000000000000e+00 1.600000000000000089e+00 -1.466000000000000072e-03 -5.105000000000000163e-03 -9.999860000000000415e-01 4.501660000000000106e-01 8.929300000000000015e-01 -5.218000000000000416e-03 8.929439999999999600e-01 -4.501669999999999838e-01 9.890000000000000787e-04
1.800000000000000000e+01 2.400000000000000000e+01 9.000000000000000000e+00 0.000000000000000000e+00 1.600000000000000089e+00 -1.698000000000000074e-03 -8.111999999999999419e-03 -9.999660000000000215e-01 4.513730000000000242e-01 8.922989999999999533e-01 -8.004999999999999963e-03 8.923339999999999606e-01 -4.513719999999999954e-01 2.145999999999999904e-03
2.200000000000000000e+01 2.400000000000000000e+01 9.000000000000000000e+00 0.000000000000000000e+00 1.600000000000000089e+00 -1.796000000000000070e-03 -4.645999999999999956e-03 -9.999879999999999880e-01 4.518289999999999806e-01 8.920909999999999673e-01 -4.956000000000000336e-03 8.921019999999999506e-01 -4.518329999999999846e-01 4.970000000000000459e-04
2.700000000000000000e+01 2.400000000000000000e+01 9.000000000000000000e+00 0.000000000000000000e+00 1.600000000000000089e+00 -1.046999999999999971e-03 -8.760000000000000425e-04 -9.999989999999999712e-01 4.528289999999999815e-01 8.915969999999999729e-01 -1.255000000000000039e-03 8.915969999999999729e-01 -4.528300000000000103e-01 -5.370000000000000424e-04
2.000000000000000000e+00 3.100000000000000000e+01 1.200000000000000000e+01 0.000000000000000000e+00 1.600000000000000089e+00 -4.360000000000000269e-04 -7.071000000000000028e-03 9.999749999999999472e-01 -1.902999999999999961e-03 9.999730000000000008e-01 7.069999999999999896e-03 -9.999980000000000535e-01 -1.899999999999999996e-03 -4.490000000000000176e-04
1.200000000000000000e+01 3.100000000000000000e+01 1.200000000000000000e+01 0.000000000000000000e+00 1.600000000000000089e+00 8.769999999999999584e-04 -3.089999999999999756e-04 1.000000000000000000e+00 -1.856000000000000011e-03 9.999980000000000535e-01 3.099999999999999999e-04 -9.999980000000000535e-01 -1.856999999999999927e-03 8.760000000000000425e-04
1.900000000000000000e+01 3.100000000000000000e+01 1.200000000000000000e+01 0.000000000000000000e+00 1.600000000000000089e+00 2.500000000000000120e-05 -3.661000000000000192e-03 9.999930000000000208e-01 -3.322999999999999999e-03 9.999879999999999880e-01 3.661000000000000192e-03 -9.999940000000000495e-01 -3.322999999999999999e-03 1.299999999999999920e-05
1.300000000000000000e+01 3.500000000000000000e+01 1.200000000000000000e+01 0.000000000000000000e+00 1.600000000000000089e+00 3.458999999999999835e-03 -4.135999999999999920e-03 -9.999850000000000128e-01 5.726590000000000291e-01 -8.197759999999999492e-01 5.370999999999999906e-03 -8.197870000000000434e-01 -5.726689999999999836e-01 -4.670000000000000214e-04
1.800000000000000000e+01 3.500000000000000000e+01 1.200000000000000000e+01 0.000000000000000000e+00 1.600000000000000089e+00 5.800000000000000034e-04 -4.549000000000000092e-03 -9.999900000000000455e-01 5.539589999999999792e-01 -8.325339999999999963e-01 4.108999999999999805e-03 -8.325439999999999507e-01 -5.539549999999999752e-01 2.037000000000000182e-03
2.400000000000000000e+01 3.500000000000000000e+01 1.200000000000000000e+01 0.000000000000000000e+00 1.600000000000000089e+00 1.899000000000000080e-03 -7.334000000000000241e-03 -9.999710000000000543e-01 5.326009999999999911e-01 -8.463359999999999772e-01 7.217999999999999590e-03 -8.463640000000000052e-01 -5.325990000000000446e-01 2.298999999999999828e-03
2.800000000000000000e+01 3.500000000000000000e+01 1.200000000000000000e+01 0.000000000000000000e+00 1.600000000000000089e+00 -1.123999999999999999e-03 -5.615000000000000199e-03 -9.999839999999999840e-01 5.123529999999999474e-01 -8.587639999999999718e-01 4.245999999999999774e-03 -8.587740000000000373e-01 -5.123400000000000176e-01 3.841999999999999929e-03
6.000000000000000000e+00 3.200000000000000000e+01 1.400000000000000000e+01 0.000000000000000000e+00 1.600000000000000089e+00 -1.861000000000000024e-03 -8.897999999999999660e-03 -9.999590000000000423e-01 1.039149999999999935e-01 9.945450000000000124e-01 -9.043000000000000690e-03 9.945840000000000236e-01 -1.039280000000000065e-01 -9.259999999999999568e-04
4.000000000000000000e+00 1.200000000000000000e+01 1.500000000000000000e+01 0.000000000000000000e+00 1.600000000000000089e+00 6.710000000000000469e-04 2.972999999999999948e-03 -9.999949999999999672e-01 -4.685030000000000028e-01 -8.834570000000000478e-01 -2.941000000000000038e-03 -8.834619999999999695e-01 4.685030000000000028e-01 8.000000000000000383e-04
7.000000000000000000e+00 1.200000000000000000e+01 1.500000000000000000e+01 0.000000000000000000e+00 1.600000000000000089e+00 -1.043000000000000090e-03 7.288000000000000207e-03 -9.999730000000000008e-01 -4.661179999999999768e-01 -8.847019999999999884e-01 -5.962000000000000285e-03 -8.847220000000000084e-01 4.660989999999999855e-01 4.320000000000000055e-03
1.200000000000000000e+01 1.200000000000000000e+01 1.500000000000000000e+01 0.000000000000000000e+00 1.600000000000000089e+00 8.670000000000000406e-04 7.943999999999999673e-03 -9.999679999999999680e-01 -4.596210000000000018e-01 -8.880839999999999845e-01 -7.453999999999999689e-03 -8.881149999999999878e-01 4.596129999999999938e-01 2.880999999999999880e-03
1.700000000000000000e+01 1.200000000000000000e+01 1.500000000000000000e+01 0.000000000000000000e+00 1.600000000000000089e+00 -7.439999999999999782e-04 1.123099999999999966e-02 -9.999369999999999647e-01 -4.517559999999999909e-01 -8.920890000000000208e-01 -9.683999999999999900e-03 -8.921409999999999618e-01 4.517200000000000104e-01 5.738000000000000045e-03
2.300000000000000000e+01 1.200000000000000000e+01 1.500000000000000000e+01 0.000000000000000000e+00 1.600000000000000089e+00 -6.383999999999999918e-03 5.918999999999999782e-03 -9.999620000000000175e-01 -4.260300000000000198e-01 -9.047049999999999814e-01 -2.635000000000000189e-03 -9.046870000000000189e-01 4.259970000000000145e-01 8.297000000000000555e-03
5.000000000000000000e+00 1.160000000000000000e+02 1.600000000000000000e+01 0.000000000000000000e+00 1.600000000000000089e+00 -1.179999999999999951e-04 1.969999999999999909e-04 1.000000000000000000e+00 7.432900000000000063e-01 6.689699999999999536e-01 -4.399999999999999886e-05 -6.689699999999999536e-01 7.432900000000000063e-01 -2.249999999999999938e-04
1.000000000000000000e+01 1.160000000000000000e+02 1.600000000000000000e+01 0.000000000000000000e+00 1.600000000000000089e+00 -3.370000000000000057e-04 2.592000000000000120e-03 9.999970000000000248e-01 7.491579999999999906e-01 6.623890000000000056e-01 -1.464000000000000024e-03 -6.623909999999999521e-01 7.491550000000000153e-01 -2.164999999999999824e-03
2.600000000000000000e+01 1.160000000000000000e+02 1.600000000000000000e+01 0.000000000000000000e+00 1.600000000000000089e+00 9.890000000000000787e-04 -4.970000000000000459e-04 9.999989999999999712e-01 7.607890000000000486e-01 6.489989999999999926e-01 -4.290000000000000193e-04 -6.489979999999999638e-01 7.607890000000000486e-01 1.020000000000000073e-03
1.000000000000000000e+01 2.000000000000000000e+00 1.900000000000000000e+01 0.000000000000000000e+00 1.600000000000000089e+00 2.692699999999999955e-02 6.263699999999999823e-02 -9.976730000000000320e-01 2.352980000000000071e-01 -9.703899999999999748e-01 -5.457399999999999751e-02 -9.715500000000000247e-01 -2.332809999999999884e-01 -4.086800000000000155e-02
1.600000000000000000e+01 2.000000000000000000e+00 1.900000000000000000e+01 0.000000000000000000e+00 1.600000000000000089e+00 2.920700000000000032e-02 7.661900000000000654e-02 -9.966329999999999911e-01 2.897689999999999988e-01 -9.548919999999999630e-01 -6.491800000000000348e-02 -9.566510000000000291e-01 -2.868970000000000131e-01 -5.009099999999999664e-02
2.100000000000000000e+01 2.000000000000000000e+00 1.900000000000000000e+01 0.000000000000000000e+00 1.600000000000000089e+00 2.322199999999999959e-02 5.635099999999999831e-02 -9.981409999999999449e-01 3.257979999999999765e-01 -9.443329999999999780e-01 -4.573399999999999688e-02 -9.451540000000000497e-01 -3.241310000000000024e-01 -4.028899999999999842e-02
1.200000000000000000e+01 4.000000000000000000e+00 2.000000000000000000e+01 0.000000000000000000e+00 1.600000000000000089e+00 1.870899999999999994e-02 4.669899999999999746e-02 -9.987340000000000106e-01 4.009869999999999823e-01 -9.154039999999999955e-01 -3.529100000000000292e-02 -9.158929999999999572e-01 -3.998189999999999800e-01 -3.585200000000000192e-02
1.900000000000000000e+01 4.000000000000000000e+00 2.000000000000000000e+01 0.000000000000000000e+00 1.600000000000000089e+00 2.512999999999999956e-02 2.353399999999999936e-02 -9.994070000000000453e-01 3.664160000000000195e-01 -9.303649999999999975e-01 -1.269499999999999969e-02 -9.301120000000000498e-01 -3.658799999999999830e-01 -3.200299999999999673e-02
2.200000000000000000e+01 4.000000000000000000e+00 2.000000000000000000e+01 0.000000000000000000e+00 1.600000000000000089e+00 2.090900000000000050e-02 1.899500000000000147e-02 -9.996009999999999618e-01 3.587509999999999866e-01 -9.333770000000000122e-01 -1.023199999999999978e-02 -9.331990000000000007e-01 -3.583939999999999904e-01 -2.632999999999999924e-02
2.500000000000000000e+01 4.000000000000000000e+00 2.000000000000000000e+01 0.000000000000000000e+00 1.600000000000000089e+00 5.877000000000000279e-03 1.048699999999999979e-02 -9.999280000000000390e-01 3.570860000000000145e-01 -9.340399999999999814e-01 -7.696999999999999849e-03 -9.340530000000000221e-01 -3.570150000000000268e-01 -9.235000000000000153e-03
1.000000000000000000e+00 1.300000000000000000e+01 2.000000000000000000e+01 0.000000000000000000e+00 1.600000000000000089e+00 -1.895999999999999899e-03 -5.875000000000000014e-03 9.999810000000000088e-01 2.660009999999999875e-01 9.639529999999999488e-01 6.167999999999999872e-03 -9.639710000000000223e-01 2.660080000000000222e-01 -2.649999999999999903e-04
1.000000000000000000e+01 1.300000000000000000e+01 2.000000000000000000e+01 0.000000000000000000e+00 1.600000000000000089e+00 1.230000000000000082e-04 1.490000000000000005e-03 9.999989999999999712e-01 2.647189999999999821e-01 9.643239999999999590e-01 -1.469000000000000037e-03 -9.643260000000000165e-01 2.647189999999999821e-01 -2.750000000000000166e-04
1.600000000000000000e+01 1.300000000000000000e+01 2.000000000000000000e+01 0.000000000000000000e+00 1.600000000000000089e+00 3.130000000000000187e-04 5.230000000000000274e-04 1.000000000000000000e+00 2.626649999999999818e-01 9.648870000000000502e-01 -5.869999999999999567e-04 -9.648870000000000502e-01 2.626649999999999818e-01 1.649999999999999991e-04
2.100000000000000000e+01 1.300000000000000000e+01 2.000000000000000000e+01 0.000000000000000000e+00 1.600000000000000089e+00 2.259999999999999910e-04 1.206999999999999957e-03 9.999989999999999712e-01 2.612949999999999995e-01 9.652579999999999494e-01 -1.224000000000000045e-03 -9.652589999999999781e-01 2.612949999999999995e-01 -9.799999999999999684e-05
2.600000000000000000e+01 1.300000000000000000e+01 2.000000000000000000e+01 0.000000000000000000e+00 1.600000000000000089e+00 -6.930000000000000396e-04 -2.769999999999999893e-03 9.999959999999999960e-01 2.637990000000000057e-01 9.645740000000000425e-01 2.854999999999999899e-03 -9.645770000000000177e-01 2.637999999999999790e-01 6.200000000000000270e-05
1.600000000000000000e+01 3.000000000000000000e+00 2.500000000000000000e+01 0.000000000000000000e+00 1.600000000000000089e+00 -1.230000000000000082e-04 1.344200000000000082e-02 9.999099999999999655e-01 -3.264800000000000341e-02 -9.993769999999999598e-01 1.342999999999999923e-02 9.994669999999999943e-01 -3.264399999999999941e-02 5.619999999999999996e-04
2.400000000000000000e+01 3.000000000000000000e+00 2.500000000000000000e+01 0.000000000000000000e+00 1.600000000000000089e+00 3.338999999999999954e-03 -3.706000000000000093e-03 9.999879999999999880e-01 -4.908499999999999669e-02 -9.987880000000000091e-01 -3.537999999999999912e-03 9.987890000000000379e-01 -4.907299999999999857e-02 -3.517000000000000161e-03
3.000000000000000000e+01 3.000000000000000000e+00 2.500000000000000000e+01 0.000000000000000000e+00 1.600000000000000089e+00 3.569000000000000124e-03 -3.523000000000000090e-03 9.999869999999999592e-01 -4.705499999999999960e-02 -9.988869999999999694e-01 -3.350999999999999812e-03 9.988860000000000516e-01 -4.704200000000000048e-02 -3.730999999999999941e-03
2.100000000000000000e+01 4.600000000000000000e+01 2.700000000000000000e+01 0.000000000000000000e+00 1.600000000000000089e+00 -1.605000000000000090e-03 -1.430000000000000064e-04 -9.999989999999999712e-01 6.699540000000000495e-01 7.424020000000000064e-01 -1.180999999999999975e-03 7.424009999999999776e-01 -6.699549999999999672e-01 -1.095999999999999969e-03
2.800000000000000000e+01 4.600000000000000000e+01 2.700000000000000000e+01 0.000000000000000000e+00 1.600000000000000089e+00 3.200000000000000262e-04 -2.415000000000000046e-03 -9.999970000000000248e-01 6.640770000000000284e-01 7.476629999999999665e-01 -1.593000000000000015e-03 7.476650000000000240e-01 -6.640740000000000531e-01 1.843000000000000020e-03
1.800000000000000000e+01 4.600000000000000000e+01 3.000000000000000000e+01 0.000000000000000000e+00 1.600000000000000089e+00 -1.379999999999999933e-03 -1.758999999999999930e-03 -9.999970000000000248e-01 3.252430000000000043e-01 9.456280000000000241e-01 -2.112000000000000162e-03 9.456290000000000529e-01 -3.252450000000000063e-01 -7.330000000000000361e-04
5.000000000000000000e+00 5.800000000000000000e+01 3.100000000000000000e+01 0.000000000000000000e+00 1.600000000000000089e+00 -1.410000000000000120e-04 -8.360000000000000460e-04 1.000000000000000000e+00 -7.818169999999999842e-01 -6.235070000000000334e-01 -6.310000000000000504e-04 6.235070000000000334e-01 -7.818169999999999842e-01 -5.659999999999999884e-04
1.200000000000000000e+01 5.800000000000000000e+01 3.100000000000000000e+01 0.000000000000000000e+00 1.600000000000000089e+00 3.782999999999999904e-03 4.621000000000000107e-03 9.999820000000000375e-01 -7.781400000000000539e-01 -6.280630000000000379e-01 5.845999999999999634e-03 6.280790000000000539e-01 -7.781489999999999796e-01 1.219999999999999947e-03
2.200000000000000000e+01 5.800000000000000000e+01 3.100000000000000000e+01 0.000000000000000000e+00 1.600000000000000089e+00 -3.566999999999999858e-03 -1.721000000000000090e-03 9.999919999999999920e-01 -7.719500000000000250e-01 -6.356709999999999861e-01 -3.847000000000000159e-03 6.356730000000000436e-01 -7.719580000000000330e-01 9.389999999999999476e-04
2.600000000000000000e+01 5.800000000000000000e+01 3.100000000000000000e+01 0.000000000000000000e+00 1.600000000000000089e+00 9.970000000000000563e-04 -9.799999999999999684e-05 9.999989999999999712e-01 -7.680909999999999682e-01 -6.403400000000000203e-01 7.029999999999999574e-04 6.403400000000000203e-01 -7.680909999999999682e-01 -7.140000000000000079e-04
6.000000000000000000e+00 4.600000000000000000e+01 3.500000000000000000e+01 0.000000000000000000e+00 1.600000000000000089e+00 6.040000000000000447e-04 8.329999999999999731e-04 -9.999989999999999712e-01 3.910649999999999959e-01 -9.203630000000000422e-01 -5.310000000000000050e-04 -9.203630000000000422e-01 -3.910640000000000227e-01 -8.819999999999999715e-04
9.000000000000000000e+00 4.600000000000000000e+01 3.500000000000000000e+01 0.000000000000000000e+00 1.600000000000000089e+00 -1.430000000000000064e-04 2.743000000000000212e-03 -9.999959999999999960e-01 3.915409999999999724e-01 -9.201570000000000027e-01 -2.579999999999999828e-03 -9.201610000000000067e-01 -3.915399999999999991e-01 -9.420000000000000205e-04
1.300000000000000000e+01 4.600000000000000000e+01 3.500000000000000000e+01 0.000000000000000000e+00 1.600000000000000089e+00 -3.390000000000000001e-04 -2.500000000000000120e-05 -1.000000000000000000e+00 3.921350000000000113e-01 -9.199079999999999480e-01 -1.100000000000000039e-04 -9.199079999999999480e-01 -3.921350000000000113e-01 3.209999999999999963e-04
1.800000000000000000e+01 4.600000000000000000e+01 3.500000000000000000e+01 0.000000000000000000e+00 1.600000000000000089e+00 1.160000000000000007e-04 6.139999999999999625e-04 -1.000000000000000000e+00 3.938479999999999759e-01 -9.191759999999999931e-01 -5.190000000000000386e-04 -9.191759999999999931e-01 -3.938470000000000026e-01 -3.480000000000000020e-04
2.100000000000000000e+01 4.600000000000000000e+01 3.500000000000000000e+01 0.000000000000000000e+00 1.600000000000000089e+00 7.060000000000000303e-04 9.000000000000000228e-06 -1.000000000000000000e+00 3.945100000000000273e-01 -9.188920000000000421e-01 2.700000000000000035e-04 -9.188910000000000133e-01 -3.945100000000000273e-01 -6.520000000000000188e-04
2.700000000000000000e+01 4.600000000000000000e+01 3.500000000000000000e+01 0.000000000000000000e+00 1.600000000000000089e+00 7.060000000000000303e-04 -5.659999999999999884e-04 -1.000000000000000000e+00 3.938300000000000134e-01 -9.191829999999999723e-01 7.979999999999999897e-04 -9.191829999999999723e-01 -3.938300000000000134e-01 -4.249999999999999763e-04
5.000000000000000000e+00 3.000000000000000000e+00 4.300000000000000000e+01 0.000000000000000000e+00 1.600000000000000089e+00 -1.113399999999999980e-02 -2.764399999999999843e-02 -9.995560000000000000e-01 7.360970000000000013e-01 -6.767940000000000067e-01 1.051900000000000057e-02 -6.767840000000000522e-01 -7.356530000000000014e-01 2.788399999999999906e-02
9.000000000000000000e+00 3.000000000000000000e+00 4.300000000000000000e+01 0.000000000000000000e+00 1.600000000000000089e+00 2.069999999999999900e-04 -3.479899999999999660e-02 -9.993940000000000046e-01 7.339379999999999793e-01 -6.787999999999999590e-01 2.378800000000000012e-02 -6.792169999999999597e-01 -7.334979999999999833e-01 2.539999999999999897e-02
1.500000000000000000e+01 3.000000000000000000e+00 4.300000000000000000e+01 0.000000000000000000e+00 1.600000000000000089e+00 -2.965999999999999887e-03 -3.588000000000000043e-03 -9.999890000000000168e-01 7.370400000000000285e-01 -6.758490000000000331e-01 2.390000000000000089e-04 -6.758429999999999715e-01 -7.370309999999999917e-01 4.649000000000000354e-03
2.000000000000000000e+01 3.000000000000000000e+00 4.300000000000000000e+01 0.000000000000000000e+00 1.600000000000000089e+00 1.247999999999999977e-03 5.709999999999999798e-03 -9.999829999999999552e-01 7.357829999999999648e-01 -6.772110000000000074e-01 -2.948000000000000100e-03 -6.772169999999999579e-01 -7.357660000000000311e-01 -5.046000000000000138e-03
2.500000000000000000e+01 3.000000000000000000e+00 4.300000000000000000e+01 0.000000000000000000e+00 1.600000000000000089e+00 2.429999999999999868e-03 3.229499999999999732e-02 -9.994750000000000023e-01 7.352849999999999664e-01 -6.774599999999999511e-01 -2.010199999999999834e-02 -6.777539999999999676e-01 -7.348500000000000032e-01 -2.539200000000000138e-02
4.000000000000000000e+00 2.900000000000000000e+01 4.400000000000000000e+01 0.000000000000000000e+00 1.600000000000000089e+00 6.999999999999999387e-05 2.005999999999999971e-03 -9.999980000000000535e-01 6.466560000000000086e-01 7.627800000000000136e-01 1.575000000000000011e-03 7.627819999999999601e-01 -6.466549999999999798e-01 -1.244000000000000097e-03
1.200000000000000000e+01 2.900000000000000000e+01 4.400000000000000000e+01 0.000000000000000000e+00 1.600000000000000089e+00 -2.348999999999999960e-03 1.655999999999999920e-03 -9.999959999999999960e-01 6.506960000000000521e-01 7.593379999999999574e-01 -2.709999999999999735e-04 7.593339999999999534e-01 -6.506939999999999946e-01 -2.860999999999999828e-03
1.800000000000000000e+01 2.900000000000000000e+01 4.400000000000000000e+01 0.000000000000000000e+00 1.600000000000000089e+00 -1.765999999999999992e-03 2.223999999999999849e-03 -9.999959999999999960e-01 6.596889999999999699e-01 7.515389999999999571e-01 5.060000000000000478e-04 7.515370000000000106e-01 -6.596849999999999659e-01 -2.794000000000000043e-03
2.300000000000000000e+01 2.900000000000000000e+01 4.400000000000000000e+01 0.000000000000000000e+00 1.600000000000000089e+00 1.569999999999999998e-03 -1.222999999999999912e-03 -9.999980000000000535e-01 6.583719999999999573e-01 7.526920000000000277e-01 1.129999999999999955e-04 7.526909999999999989e-01 -6.583710000000000395e-01 1.987000000000000051e-03
2.700000000000000000e+01 2.900000000000000000e+01 4.400000000000000000e+01 0.000000000000000000e+00 1.600000000000000089e+00 1.430000000000000064e-04 -3.902999999999999785e-03 -9.999919999999999920e-01 6.523649999999999727e-01 7.579000000000000181e-01 -2.863999999999999792e-03 7.579050000000000509e-01 -6.523590000000000222e-01 2.654999999999999808e-03
2.000000000000000000e+00 6.500000000000000000e+01 4.600000000000000000e+01 0.000000000000000000e+00 1.600000000000000089e+00 4.960000000000000216e-04 -3.941000000000000059e-03 9.999919999999999920e-01 6.823820000000000441e-01 -7.309889999999999999e-01 -3.219000000000000073e-03 7.309959999999999791e-01 6.823780000000000401e-01 2.327000000000000075e-03
2.500000000000000000e+01 6.500000000000000000e+01 4.600000000000000000e+01 0.000000000000000000e+00 1.600000000000000089e+00 -1.748999999999999904e-03 2.895000000000000004e-03 9.999940000000000495e-01 6.779049999999999798e-01 -7.351419999999999622e-01 3.314000000000000105e-03 7.351469999999999949e-01 6.779070000000000373e-01 -6.759999999999999516e-04
1.200000000000000000e+01 7.000000000000000000e+01 4.700000000000000000e+01 0.000000000000000000e+00 1.600000000000000089e+00 -8.499999999999999526e-04 -2.546999999999999785e-03 -9.999959999999999960e-01 -8.437240000000000295e-01 -5.367729999999999446e-01 2.083999999999999915e-03 -5.367760000000000309e-01 8.437230000000000008e-01 -1.693000000000000060e-03
7.000000000000000000e+00 5.000000000000000000e+00 5.100000000000000000e+01 0.000000000000000000e+00 1.600000000000000089e+00 -5.666000000000000029e-03 -1.329499999999999953e-02 -9.998960000000000070e-01 4.826790000000000247e-01 -8.757519999999999749e-01 8.909000000000000252e-03 -8.757789999999999742e-01 -4.825780000000000070e-01 1.137900000000000023e-02
1.200000000000000000e+01 5.000000000000000000e+00 5.100000000000000000e+01 0.000000000000000000e+00 1.600000000000000089e+00 -2.487000000000000061e-03 -2.701999999999999975e-03 -9.999930000000000208e-01 4.858279999999999821e-01 -8.740539999999999976e-01 1.154000000000000078e-03 -8.740510000000000224e-01 -4.858219999999999761e-01 3.485999999999999949e-03
1.600000000000000000e+01 5.000000000000000000e+00 5.100000000000000000e+01 0.000000000000000000e+00 1.600000000000000089e+00 -6.030000000000000204e-04 3.660000000000000059e-03 -9.999930000000000208e-01 4.896699999999999942e-01 -8.719010000000000371e-01 -3.485999999999999949e-03 -8.719080000000000163e-01 -4.896690000000000209e-01 -1.265999999999999981e-03
2.500000000000000000e+01 5.000000000000000000e+00 5.100000000000000000e+01 0.000000000000000000e+00 1.600000000000000089e+00 2.635000000000000189e-03 1.693899999999999920e-02 -9.998529999999999918e-01 4.829970000000000097e-01 -8.755169999999999897e-01 -1.355899999999999987e-02 -8.756180000000000074e-01 -4.828910000000000147e-01 -1.048800000000000079e-02
2.200000000000000000e+01 1.150000000000000000e+02 5.100000000000000000e+01 0.000000000000000000e+00 1.600000000000000089e+00 8.239999999999999712e-04 6.419999999999999925e-04 1.000000000000000000e+00 8.472260000000000346e-01 -5.312320000000000375e-01 -3.570000000000000040e-04 5.312320000000000375e-01 8.472260000000000346e-01 -9.810000000000001011e-04
1.200000000000000000e+01 7.000000000000000000e+00 5.200000000000000000e+01 0.000000000000000000e+00 1.600000000000000089e+00 -2.778999999999999786e-03 -8.700000000000000051e-04 -9.999959999999999960e-01 1.148939999999999961e-01 -9.933779999999999832e-01 5.450000000000000200e-04 -9.933739999999999792e-01 -1.148919999999999941e-01 2.860000000000000129e-03
4.000000000000000000e+00 6.300000000000000000e+01 5.400000000000000000e+01 0.000000000000000000e+00 1.600000000000000089e+00 1.521999999999999915e-03 2.807000000000000033e-03 9.999949999999999672e-01 -3.320870000000000211e-01 9.432460000000000289e-01 -2.141999999999999807e-03 -9.432479999999999754e-01 -3.320819999999999883e-01 2.367999999999999879e-03
1.000000000000000000e+01 6.300000000000000000e+01 5.400000000000000000e+01 0.000000000000000000e+00 1.600000000000000089e+00 -1.998999999999999909e-03 -4.769999999999999934e-04 9.999980000000000535e-01 -3.352089999999999792e-01 9.421439999999999815e-01 -2.200000000000000078e-04 -9.421410000000000062e-01 -3.352089999999999792e-01 -2.043000000000000111e-03
1.500000000000000000e+01 6.300000000000000000e+01 5.400000000000000000e+01 0.000000000000000000e+00 1.600000000000000089e+00 -1.418999999999999906e-03 -3.413999999999999934e-03 9.999930000000000208e-01 -3.448530000000000206e-01 9.386529999999999596e-01 2.714999999999999965e-03 -9.386550000000000171e-01 -3.448470000000000146e-01 -2.508999999999999946e-03
2.500000000000000000e+01 6.300000000000000000e+01 5.400000000000000000e+01 0.000000000000000000e+00 1.600000000000000089e+00 1.528999999999999977e-03 8.429999999999999993e-04 9.999980000000000535e-01 -3.334889999999999799e-01 9.427539999999999809e-01 -2.849999999999999886e-04 -9.427529999999999522e-01 -3.334880000000000067e-01 1.722000000000000006e-03
8.000000000000000000e+00 2.500000000000000000e+01 5.500000000000000000e+01 0.000000000000000000e+00 1.600000000000000089e+00 -1.116000000000000021e-03 -1.255999999999999955e-03 -9.999989999999999712e-01 -9.409000000000000696e-03 -9.999550000000000383e-01 1.266999999999999897e-03 -9.999550000000000383e-01 9.409999999999999962e-03 1.103999999999999947e-03
1.900000000000000000e+01 2.600000000000000000e+01 5.500000000000000000e+01 0.000000000000000000e+00 1.600000000000000089e+00 -9.959999999999999236e-04 6.750000000000000357e-04 -9.999989999999999712e-01 -2.614599999999999910e-02 -9.996580000000000465e-01 -6.489999999999999459e-04 -9.996580000000000465e-01 2.614599999999999910e-02 1.013000000000000012e-03
2.000000000000000000e+01 6.800000000000000000e+01 5.700000000000000000e+01 0.000000000000000000e+00 1.600000000000000089e+00 -3.899999999999999929e-04 5.610000000000000403e-03 -9.999839999999999840e-01 -2.418170000000000042e-01 -9.703070000000000306e-01 -5.348999999999999588e-03 -9.703220000000000178e-01 2.418109999999999982e-01 1.734999999999999997e-03
3.000000000000000000e+00 2.100000000000000000e+01 6.000000000000000000e+01 0.000000000000000000e+00 1.600000000000000089e+00 -1.327999999999999970e-03 1.954000000000000008e-03 9.999970000000000248e-01 -8.897399999999999753e-02 9.960320000000000285e-01 -2.064999999999999995e-03 -9.960329999999999462e-01 -8.897700000000000053e-02 -1.149000000000000065e-03
9.000000000000000000e+00 2.100000000000000000e+01 6.000000000000000000e+01 0.000000000000000000e+00 1.600000000000000089e+00 1.400999999999999902e-03 1.100399999999999989e-02 9.999379999999999935e-01 -8.982900000000000607e-02 9.958979999999999499e-01 -1.083399999999999988e-02 -9.959559999999999524e-01 -8.980799999999999894e-02 2.383999999999999835e-03
1.300000000000000000e+01 2.100000000000000000e+01 6.000000000000000000e+01 0.000000000000000000e+00 1.600000000000000089e+00 8.012999999999999290e-03 -6.727999999999999606e-03 9.999449999999999728e-01 -9.233099999999999641e-02 9.957009999999999472e-01 7.440000000000000432e-03 -9.956960000000000255e-01 -9.238599999999999590e-02 7.357999999999999957e-03
2.000000000000000000e+01 2.100000000000000000e+01 6.000000000000000000e+01 0.000000000000000000e+00 1.600000000000000089e+00 -4.799000000000000314e-03 3.651999999999999864e-03 9.999820000000000375e-01 -9.464599999999999402e-02 9.955030000000000268e-01 -4.089999999999999886e-03 -9.954990000000000228e-01 -9.466399999999999815e-02 -4.432000000000000176e-03
2.800000000000000000e+01 2.100000000000000000e+01 6.000000000000000000e+01 0.000000000000000000e+00 1.600000000000000089e+00 7.550000000000000287e-04 7.524999999999999571e-03 9.999710000000000543e-01 -9.517499999999999571e-02 9.954330000000000123e-01 -7.419000000000000247e-03 -9.954600000000000115e-01 -9.516700000000000159e-02 1.467999999999999904e-03
7.000000000000000000e+00 3.000000000000000000e+00 6.300000000000000000e+01 0.000000000000000000e+00 1.600000000000000089e+00 -1.213000000000000102e-03 -8.859000000000000555e-03 9.999599999999999600e-01 -6.143389999999999684e-01 7.890169999999999684e-01 6.244999999999999683e-03 -7.890409999999999924e-01 -6.143070000000000475e-01 -6.399000000000000174e-03
1.100000000000000000e+01 2.700000000000000000e+01 6.300000000000000000e+01 0.000000000000000000e+00 1.600000000000000089e+00 1.224000000000000045e-03 -4.338999999999999975e-03 9.999900000000000455e-01 -2.736520000000000064e-01 9.618179999999999508e-01 4.507999999999999854e-03 -9.618280000000000163e-01 -2.736549999999999816e-01 -1.000000000000000082e-05
1.600000000000000000e+01 2.700000000000000000e+01 6.300000000000000000e+01 0.000000000000000000e+00 1.600000000000000089e+00 -1.386000000000000079e-03 -1.185000000000000072e-03 9.999980000000000535e-01 -2.825650000000000106e-01 9.592479999999999896e-01 7.450000000000000025e-04 -9.592469999999999608e-01 -2.825630000000000086e-01 -1.665000000000000030e-03
2.200000000000000000e+01 2.700000000000000000e+01 6.300000000000000000e+01 0.000000000000000000e+00 1.600000000000000089e+00 3.899999999999999929e-04 -4.271999999999999756e-03 9.999909999999999632e-01 -2.760310000000000263e-01 9.611389999999999656e-01 4.213999999999999864e-03 -9.611490000000000311e-01 -2.760299999999999976e-01 -8.040000000000000271e-04
2.500000000000000000e+01 2.700000000000000000e+01 6.300000000000000000e+01 0.000000000000000000e+00 1.600000000000000089e+00 -5.899999999999999754e-05 -4.569000000000000145e-03 9.999900000000000455e-01 -2.734570000000000056e-01 9.618740000000000068e-01 4.379000000000000080e-03 -9.618839999999999613e-01 -2.734539999999999749e-01 -1.307000000000000002e-03
3.000000000000000000e+01 2.700000000000000000e+01 6.300000000000000000e+01 0.000000000000000000e+00 1.600000000000000089e+00 -6.799999999999999946e-05 -4.505999999999999589e-03 9.999900000000000455e-01 -2.732459999999999889e-01 9.619339999999999558e-01 4.316000000000000392e-03 -9.619440000000000213e-01 -2.732430000000000136e-01 -1.296999999999999976e-03
2.000000000000000000e+00 2.600000000000000000e+01 6.400000000000000000e+01 0.000000000000000000e+00 1.600000000000000089e+00 -8.899999999999999491e-04 -1.374300000000000001e-02 9.999050000000000438e-01 -3.461369999999999725e-01 9.381000000000000449e-01 1.258599999999999997e-02 -9.381840000000000179e-01 -3.460929999999999840e-01 -5.591999999999999749e-03
7.000000000000000000e+00 2.600000000000000000e+01 6.400000000000000000e+01 0.000000000000000000e+00 1.600000000000000089e+00 5.820000000000000520e-04 -1.353999999999999995e-02 9.999080000000000190e-01 -3.540240000000000054e-01 9.351479999999999793e-01 1.286900000000000023e-02 -9.352359999999999562e-01 -3.539990000000000081e-01 -4.249000000000000173e-03
1.600000000000000000e+01 2.600000000000000000e+01 6.400000000000000000e+01 0.000000000000000000e+00 1.600000000000000089e+00 -9.179999999999999792e-04 8.159999999999999936e-04 9.999989999999999712e-01 -3.670959999999999779e-01 9.301829999999999821e-01 -1.095999999999999969e-03 -9.301829999999999821e-01 -3.670959999999999779e-01 -5.540000000000000219e-04
2.100000000000000000e+01 2.600000000000000000e+01 6.400000000000000000e+01 0.000000000000000000e+00 1.600000000000000089e+00 -8.310000000000000329e-04 -6.904000000000000414e-03 9.999759999999999760e-01 -3.614359999999999795e-01 9.323770000000000113e-01 6.137000000000000094e-03 -9.323970000000000313e-01 -3.614220000000000210e-01 -3.271000000000000036e-03
2.900000000000000000e+01 2.600000000000000000e+01 6.400000000000000000e+01 0.000000000000000000e+00 1.600000000000000089e+00 1.010000000000000020e-04 -6.081999999999999733e-03 9.999820000000000375e-01 -3.616779999999999995e-01 9.322859999999999481e-01 5.707000000000000267e-03 -9.323029999999999928e-01 -3.616719999999999935e-01 -2.105000000000000100e-03
2.200000000000000000e+01 6.900000000000000000e+01 6.600000000000000000e+01 0.000000000000000000e+00 1.600000000000000089e+00 7.172000000000000423e-03 -2.135000000000000179e-03 9.999719999999999720e-01 -9.443759999999999932e-01 3.287820000000000187e-01 7.474999999999999874e-03 -3.287889999999999979e-01 -9.444029999999999925e-01 3.420000000000000188e-04
3.000000000000000000e+01 6.900000000000000000e+01 6.600000000000000000e+01 0.000000000000000000e+00 1.600000000000000089e+00 1.575000000000000011e-03 -1.931999999999999907e-03 9.999970000000000248e-01 -9.480189999999999451e-01 3.182050000000000156e-01 2.108000000000000065e-03 -3.182079999999999909e-01 -9.480199999999999738e-01 -1.330000000000000019e-03
3.000000000000000000e+01 3.100000000000000000e+01 7.100000000000000000e+01 0.000000000000000000e+00 1.600000000000000089e+00 -4.575000000000000074e-03 -1.876000000000000063e-03 -9.999879999999999880e-01 -7.377299999999999969e-01 -6.750800000000000134e-01 4.641000000000000160e-03 -6.750810000000000421e-01 7.377420000000000089e-01 1.704000000000000003e-03
4.000000000000000000e+00 2.500000000000000000e+01 7.300000000000000000e+01 0.000000000000000000e+00 1.600000000000000089e+00 -5.015999999999999626e-03 7.699000000000000114e-03 9.999580000000000135e-01 7.542370000000000463e-01 -6.565419999999999590e-01 8.838000000000000370e-03 6.565830000000000277e-01 7.542499999999999760e-01 -2.514000000000000175e-03
9.000000000000000000e+00 2.500000000000000000e+01 7.300000000000000000e+01 0.000000000000000000e+00 1.600000000000000089e+00 -1.270000000000000078e-03 -7.013000000000000136e-03 9.999749999999999472e-01 7.445800000000000196e-01 -6.675219999999999487e-01 -3.736000000000000171e-03 6.675320000000000142e-01 7.445570000000000244e-01 6.069999999999999875e-03
1.500000000000000000e+01 2.500000000000000000e+01 7.300000000000000000e+01 0.000000000000000000e+00 1.600000000000000089e+00 5.589000000000000218e-03 2.844000000000000174e-03 9.999799999999999800e-01 7.503400000000000070e-01 -6.610479999999999690e-01 -2.314000000000000085e-03 6.610279999999999490e-01 7.503379999999999495e-01 -5.827999999999999847e-03
1.800000000000000000e+01 2.500000000000000000e+01 7.300000000000000000e+01 0.000000000000000000e+00 1.600000000000000089e+00 7.448999999999999892e-03 5.795999999999999937e-03 9.999550000000000383e-01 7.582780000000000076e-01 -6.519289999999999807e-01 -1.869999999999999917e-03 6.518890000000000517e-01 7.582579999999999876e-01 -9.251000000000000542e-03
5.000000000000000000e+00 4.400000000000000000e+01 7.300000000000000000e+01 0.000000000000000000e+00 1.600000000000000089e+00 3.784000000000000037e-03 7.300000000000000065e-03 9.999660000000000215e-01 5.339399999999999702e-02 -9.985479999999999912e-01 7.087000000000000417e-03 9.985659999999999537e-01 5.336599999999999677e-02 -4.168999999999999963e-03
1.300000000000000000e+01 4.400000000000000000e+01 7.300000000000000000e+01 0.000000000000000000e+00 1.600000000000000089e+00 3.020000000000000223e-04 1.131000000000000061e-03 9.999989999999999712e-01 5.955300000000000177e-02 -9.982240000000000002e-01 1.111000000000000008e-03 9.982250000000000290e-01 5.955300000000000177e-02 -3.690000000000000246e-04
1.900000000000000000e+01 4.400000000000000000e+01 7.300000000000000000e+01 0.000000000000000000e+00 1.600000000000000089e+00 5.789999999999999791e-04 -7.159999999999999481e-04 1.000000000000000000e+00 5.339599999999999902e-02 -9.985730000000000439e-01 -7.460000000000000268e-04 9.985730000000000439e-01 5.339599999999999902e-02 -5.400000000000000069e-04
2.200000000000000000e+01 4.400000000000000000e+01 7.300000000000000000e+01 0.000000000000000000e+00 1.600000000000000089e+00 5.590000000000000351e-04 3.053000000000000158e-03 9.999949999999999672e-01 5.283000000000000196e-02 -9.985990000000000144e-01 3.018999999999999982e-03 9.986030000000000184e-01 5.282799999999999996e-02 -7.190000000000000210e-04
