1.000000000000000000e+00 1.500000000000000000e+01 4.000000000000000000e+00 0.000000000000000000e+00 1.600000000000000089e+00 -7.060000000000000303e-04 3.467000000000000030e-03 9.999940000000000495e-01 2.949010000000000242e-01 -9.555209999999999537e-01 3.520999999999999824e-03 9.555280000000000440e-01 2.949010000000000242e-01 -3.480000000000000020e-04
1.000000000000000000e+01 1.500000000000000000e+01 4.000000000000000000e+00 0.000000000000000000e+00 1.600000000000000089e+00 1.814000000000000074e-03 5.664999999999999897e-03 9.999820000000000375e-01 2.910340000000000149e-01 -9.566999999999999948e-01 4.891999999999999647e-03 9.567109999999999781e-01 2.910200000000000009e-01 -3.383999999999999855e-03
1.500000000000000000e+01 1.500000000000000000e+01 4.000000000000000000e+00 0.000000000000000000e+00 1.600000000000000089e+00 -1.814000000000000074e-03 -1.492399999999999977e-02 9.998869999999999703e-01 2.867169999999999996e-01 -9.579159999999999897e-01 -1.377699999999999932e-02 9.580140000000000322e-01 2.866589999999999971e-01 6.015999999999999646e-03
2.400000000000000000e+01 1.500000000000000000e+01 4.000000000000000000e+00 0.000000000000000000e+00 1.600000000000000089e+00 -2.318999999999999881e-03 -3.605999999999999830e-03 9.999909999999999632e-01 2.862879999999999869e-01 -9.581399999999999917e-01 -2.791000000000000078e-03 9.581410000000000204e-01 2.862790000000000057e-01 3.253999999999999948e-03
2.700000000000000000e+01 1.500000000000000000e+01 4.000000000000000000e+00 0.000000000000000000e+00 1.600000000000000089e+00 -5.100000000000000366e-04 -1.827000000000000065e-03 9.999980000000000535e-01 2.902899999999999925e-01 -9.569370000000000376e-01 -1.600000000000000077e-03 9.569389999999999841e-01 2.902890000000000192e-01 1.018000000000000025e-03
5.000000000000000000e+00 1.600000000000000000e+01 4.000000000000000000e+00 0.000000000000000000e+00 1.600000000000000089e+00 -1.209999999999999921e-03 1.103099999999999914e-02 9.999379999999999935e-01 3.562339999999999951e-01 -9.343350000000000266e-01 1.073799999999999928e-02 9.343960000000000043e-01 3.562250000000000139e-01 -2.798999999999999839e-03
2.800000000000000000e+01 1.600000000000000000e+01 4.000000000000000000e+00 0.000000000000000000e+00 1.600000000000000089e+00 1.054000000000000032e-03 -6.440000000000000412e-04 9.999989999999999712e-01 3.557000000000000162e-01 -9.345999999999999863e-01 -9.770000000000000039e-04 9.345999999999999863e-01 3.557000000000000162e-01 -7.560000000000000530e-04
9.000000000000000000e+00 1.010000000000000000e+02 7.000000000000000000e+00 0.000000000000000000e+00 1.600000000000000089e+00 2.122999999999999887e-03 7.683999999999999858e-03 9.999679999999999680e-01 8.853750000000000231e-01 4.648459999999999814e-01 -5.451000000000000116e-03 -4.648729999999999807e-01 8.853579999999999783e-01 -5.815999999999999989e-03
1.200000000000000000e+01 1.010000000000000000e+02 7.000000000000000000e+00 0.000000000000000000e+00 1.600000000000000089e+00 3.220000000000000206e-04 -1.170299999999999986e-02 9.999310000000000143e-01 8.845129999999999937e-01 4.664869999999999850e-01 5.174999999999999913e-03 -4.665159999999999862e-01 8.844509999999999872e-01 1.050199999999999918e-02
2.000000000000000000e+00 1.500000000000000000e+01 8.000000000000000000e+00 0.000000000000000000e+00 1.600000000000000089e+00 1.606999999999999922e-03 4.125000000000000194e-03 -9.999900000000000455e-01 -5.848680000000000545e-01 -8.111169999999999769e-01 -4.285999999999999879e-03 -8.111270000000000424e-01 5.848689999999999722e-01 1.108999999999999960e-03
6.000000000000000000e+00 1.500000000000000000e+01 8.000000000000000000e+00 0.000000000000000000e+00 1.600000000000000089e+00 2.292000000000000200e-03 1.102500000000000008e-02 -9.999369999999999647e-01 -5.827229999999999910e-01 -8.126050000000000217e-01 -1.029500000000000033e-02 -8.126670000000000282e-01 5.827099999999999502e-01 4.562000000000000083e-03
1.000000000000000000e+01 1.500000000000000000e+01 8.000000000000000000e+00 0.000000000000000000e+00 1.600000000000000089e+00 3.480000000000000020e-04 6.307000000000000106e-03 -9.999799999999999800e-01 -5.808670000000000222e-01 -8.139809999999999546e-01 -5.335999999999999598e-03 -8.139990000000000281e-01 5.808569999999999567e-01 3.380000000000000192e-03
1.700000000000000000e+01 1.500000000000000000e+01 8.000000000000000000e+00 0.000000000000000000e+00 1.600000000000000089e+00 -9.280000000000000054e-04 -1.332400000000000077e-02 -9.999109999999999943e-01 -5.816500000000000004e-01 -8.133590000000000542e-01 1.137799999999999923e-02 -8.134379999999999944e-01 5.816090000000000426e-01 -6.995000000000000349e-03
2.200000000000000000e+01 1.500000000000000000e+01 8.000000000000000000e+00 0.000000000000000000e+00 1.600000000000000089e+00 -5.820000000000000520e-04 -7.451000000000000158e-03 -9.999719999999999720e-01 -5.829649999999999554e-01 -8.124719999999999720e-01 6.393000000000000245e-03 -8.124970000000000248e-01 5.829520000000000257e-01 -3.870999999999999875e-03
2.500000000000000000e+01 1.500000000000000000e+01 8.000000000000000000e+00 0.000000000000000000e+00 1.600000000000000089e+00 -1.384000000000000031e-03 -5.690999999999999878e-03 -9.999829999999999552e-01 -5.828510000000000080e-01 -8.125609999999999777e-01 5.432000000000000196e-03 -8.125780000000000225e-01 5.828489999999999505e-01 -2.191999999999999938e-03
2.800000000000000000e+01 1.500000000000000000e+01 8.000000000000000000e+00 0.000000000000000000e+00 1.600000000000000089e+00 -2.533000000000000095e-03 -5.213999999999999885e-03 -9.999829999999999552e-01 -5.830440000000000067e-01 -8.124200000000000310e-01 5.713000000000000196e-03 -8.124369999999999647e-01 5.830490000000000395e-01 -9.820000000000000170e-04
1.000000000000000000e+01 2.600000000000000000e+01 8.000000000000000000e+00 0.000000000000000000e+00 1.600000000000000089e+00 -2.912999999999999791e-03 -9.806999999999999745e-03 -9.999479999999999480e-01 4.075880000000000059e-01 9.131099999999999772e-01 -1.014299999999999924e-02 9.131610000000000005e-01 -4.075960000000000139e-01 1.337000000000000081e-03
1.400000000000000000e+01 2.600000000000000000e+01 8.000000000000000000e+00 0.000000000000000000e+00 1.600000000000000089e+00 -5.749999999999999903e-04 -4.385000000000000009e-03 -9.999900000000000455e-01 4.081219999999999848e-01 9.129180000000000073e-01 -4.237999999999999580e-03 9.129270000000000440e-01 -4.081199999999999828e-01 1.265000000000000065e-03
1.800000000000000000e+01 2.600000000000000000e+01 8.000000000000000000e+00 0.000000000000000000e+00 1.600000000000000089e+00 2.817000000000000060e-03 4.059000000000000108e-03 -9.999879999999999880e-01 4.086949999999999750e-01 9.126579999999999693e-01 4.856000000000000073e-03 9.126670000000000060e-01 -4.087029999999999830e-01 9.120000000000000502e-04
2.300000000000000000e+01 2.600000000000000000e+01 8.000000000000000000e+00 0.000000000000000000e+00 1.600000000000000089e+00 1.938000000000000052e-03 3.294000000000000053e-03 -9.999930000000000208e-01 4.083800000000000208e-01 9.128039999999999488e-01 3.798000000000000161e-03 9.128100000000000103e-01 -4.083840000000000248e-01 4.240000000000000062e-04
2.800000000000000000e+01 2.600000000000000000e+01 8.000000000000000000e+00 0.000000000000000000e+00 1.600000000000000089e+00 1.319999999999999993e-03 6.406000000000000236e-03 -9.999789999999999512e-01 4.070779999999999954e-01 9.133710000000000440e-01 6.387999999999999581e-03 9.133919999999999817e-01 -4.070779999999999954e-01 -1.402000000000000034e-03
4.000000000000000000e+00 2.400000000000000000e+01 9.000000000000000000e+00 0.000000000000000000e+00 1.600000000000000089e+00 -5.280000000000000405e-04 -3.004000000000000160e-03 -9.999949999999999672e-01 4.602680000000000105e-01 8.877749999999999808e-01 -2.909999999999999826e-03 8.877800000000000136e-01 -4.602669999999999817e-01 9.139999999999999904e-04
1.000000000000000000e+01 2.400000000000000000e+01 9.000000000000000000e+00 0.000000000000000000e+00 1.600000000000000089e+00 -3.181999999999999933e-03 -1.197999999999999933e-02 -9.999230000000000063e-01 4.620770000000000155e-01 8.867570000000000174e-01 -1.209400000000000058e-02 8.868340000000000112e-01 -4.620799999999999907e-01 2.713999999999999833e-03
1.700000000000000000e+01 2.400000000000000000e+01 9.000000000000000000e+00 0.000000000000000000e+00 1.600000000000000089e+00 1.925999999999999978e-03 1.200000000000000030e-05 -9.999980000000000535e-01 4.638599999999999945e-01 8.859080000000000288e-01 9.039999999999999642e-04 8.859059999999999713e-01 -4.638610000000000233e-01 1.701000000000000038e-03
2.200000000000000000e+01 2.400000000000000000e+01 9.000000000000000000e+00 0.000000000000000000e+00 1.600000000000000089e+00 2.079999999999999818e-03 4.636999999999999629e-03 -9.999869999999999592e-01 4.633399999999999741e-01 8.861660000000000093e-01 5.073000000000000252e-03 8.861780000000000213e-01 -4.633439999999999781e-01 -3.049999999999999868e-04
2.700000000000000000e+01 2.400000000000000000e+01 9.000000000000000000e+00 0.000000000000000000e+00 1.600000000000000089e+00 1.526999999999999929e-03 1.093099999999999974e-02 -9.999390000000000223e-01 4.622040000000000037e-01 8.867119999999999447e-01 1.039900000000000026e-02 8.867720000000000047e-01 -4.621919999999999917e-01 -3.697999999999999898e-03
7.000000000000000000e+00 3.100000000000000000e+01 1.200000000000000000e+01 0.000000000000000000e+00 1.600000000000000089e+00 -4.000000000000000327e-05 -6.529000000000000081e-03 9.999789999999999512e-01 -2.815900000000000000e-02 9.995819999999999705e-01 6.525999999999999683e-03 -9.996030000000000193e-01 -2.815799999999999900e-02 -2.239999999999999966e-04
5.000000000000000000e+00 3.500000000000000000e+01 1.200000000000000000e+01 0.000000000000000000e+00 1.600000000000000089e+00 -2.113999999999999994e-03 2.128999999999999816e-03 -9.999959999999999960e-01 4.370800000000000241e-01 -8.994180000000000508e-01 -2.838999999999999944e-03 -8.994199999999999973e-01 -4.370839999999999725e-01 9.709999999999999664e-04
1.200000000000000000e+01 3.500000000000000000e+01 1.200000000000000000e+01 0.000000000000000000e+00 1.600000000000000089e+00 5.670000000000000127e-04 -6.409999999999999682e-04 -1.000000000000000000e+00 4.532089999999999730e-01 -8.914039999999999742e-01 8.279999999999999600e-04 -8.914039999999999742e-01 -4.532089999999999730e-01 -2.139999999999999975e-04
1.600000000000000000e+01 3.500000000000000000e+01 1.200000000000000000e+01 0.000000000000000000e+00 1.600000000000000089e+00 -3.007999999999999823e-03 -3.644000000000000104e-03 -9.999890000000000168e-01 4.608329999999999926e-01 -8.874849999999999683e-01 1.848000000000000033e-03 -8.874819999999999931e-01 -4.608229999999999826e-01 4.348999999999999568e-03
1.900000000000000000e+01 3.500000000000000000e+01 1.200000000000000000e+01 0.000000000000000000e+00 1.600000000000000089e+00 -1.296000000000000060e-03 2.802999999999999936e-03 -9.999949999999999672e-01 4.706350000000000255e-01 -8.823229999999999684e-01 -3.082999999999999803e-03 -8.823269999999999724e-01 -4.706370000000000275e-01 -1.749999999999999982e-04
4.000000000000000000e+00 1.200000000000000000e+01 1.500000000000000000e+01 0.000000000000000000e+00 1.600000000000000089e+00 1.925000000000000062e-03 2.569999999999999802e-03 -9.999949999999999672e-01 -4.693410000000000082e-01 -8.830120000000000191e-01 -3.173000000000000039e-03 -8.830149999999999944e-01 4.693439999999999834e-01 -4.929999999999999487e-04
9.000000000000000000e+00 1.200000000000000000e+01 1.500000000000000000e+01 0.000000000000000000e+00 1.600000000000000089e+00 2.910000000000000260e-04 8.925000000000000641e-03 -9.999599999999999600e-01 -4.708209999999999895e-01 -8.821919999999999762e-01 -8.011000000000000759e-03 -8.822290000000000409e-01 4.708040000000000003e-01 3.945999999999999855e-03
1.400000000000000000e+01 1.200000000000000000e+01 1.500000000000000000e+01 0.000000000000000000e+00 1.600000000000000089e+00 -2.590000000000000071e-04 3.863999999999999813e-03 -9.999919999999999920e-01 -4.712589999999999835e-01 -8.819890000000000230e-01 -3.285999999999999859e-03 -8.819949999999999735e-01 4.712540000000000062e-01 2.050000000000000173e-03
2.000000000000000000e+01 1.200000000000000000e+01 1.500000000000000000e+01 0.000000000000000000e+00 1.600000000000000089e+00 -1.173999999999999913e-03 -2.027999999999999855e-03 -9.999970000000000248e-01 -4.704760000000000053e-01 -8.824100000000000277e-01 2.341999999999999898e-03 -8.824119999999999742e-01 4.704769999999999786e-01 8.200000000000000095e-05
2.500000000000000000e+01 1.200000000000000000e+01 1.500000000000000000e+01 0.000000000000000000e+00 1.600000000000000089e+00 -1.600000000000000131e-04 6.399999999999999710e-05 -1.000000000000000000e+00 -4.707529999999999770e-01 -8.822649999999999659e-01 1.900000000000000105e-05 -8.822649999999999659e-01 4.707529999999999770e-01 1.710000000000000094e-04
2.900000000000000000e+01 1.200000000000000000e+01 1.500000000000000000e+01 0.000000000000000000e+00 1.600000000000000089e+00 -1.554999999999999959e-03 -1.574000000000000095e-03 -9.999970000000000248e-01 -4.713579999999999992e-01 -8.819390000000000285e-01 2.121000000000000055e-03 -8.819399999999999462e-01 4.713609999999999745e-01 6.290000000000000018e-04
1.300000000000000000e+01 1.160000000000000000e+02 1.600000000000000000e+01 0.000000000000000000e+00 1.600000000000000089e+00 -5.180000000000000143e-04 1.956999999999999972e-03 9.999980000000000535e-01 6.585180000000000478e-01 7.525640000000000107e-01 -1.131999999999999977e-03 -7.525650000000000395e-01 6.585159999999999902e-01 -1.678000000000000021e-03
1.900000000000000000e+01 1.160000000000000000e+02 1.600000000000000000e+01 0.000000000000000000e+00 1.600000000000000089e+00 -6.430000000000000169e-04 -2.455999999999999850e-03 9.999970000000000248e-01 6.610690000000000177e-01 7.503220000000000445e-01 2.268000000000000051e-03 -7.503250000000000197e-01 6.610679999999999890e-01 1.141000000000000087e-03
4.000000000000000000e+00 2.000000000000000000e+00 1.900000000000000000e+01 0.000000000000000000e+00 1.600000000000000089e+00 -2.300000000000000070e-04 5.028000000000000351e-03 -9.999869999999999592e-01 2.069010000000000016e-01 -9.783490000000000242e-01 -4.967000000000000061e-03 -9.783619999999999539e-01 -2.069000000000000006e-01 -8.149999999999999693e-04
1.100000000000000000e+01 2.000000000000000000e+00 1.900000000000000000e+01 0.000000000000000000e+00 1.600000000000000089e+00 5.368999999999999641e-03 -5.518000000000000335e-03 -9.999700000000000255e-01 1.966809999999999947e-01 -9.804460000000000397e-01 6.466000000000000393e-03 -9.804530000000000189e-01 -1.967089999999999950e-01 -4.179000000000000423e-03
1.400000000000000000e+01 2.000000000000000000e+00 1.900000000000000000e+01 0.000000000000000000e+00 1.600000000000000089e+00 5.186999999999999771e-03 -6.442999999999999942e-03 -9.999660000000000215e-01 1.979650000000000021e-01 -9.801819999999999977e-01 7.341999999999999568e-03 -9.801950000000000385e-01 -1.979960000000000053e-01 -3.808999999999999886e-03
1.900000000000000000e+01 2.000000000000000000e+00 1.900000000000000000e+01 0.000000000000000000e+00 1.600000000000000089e+00 4.099000000000000213e-03 -1.541999999999999968e-02 -9.998730000000000118e-01 2.034620000000000040e-01 -9.789529999999999621e-01 1.593200000000000172e-02 -9.790739999999999998e-01 -2.035019999999999885e-01 -8.760000000000000425e-04
2.700000000000000000e+01 2.000000000000000000e+00 1.900000000000000000e+01 0.000000000000000000e+00 1.600000000000000089e+00 2.517999999999999839e-03 -6.501999999999999967e-03 -9.999759999999999760e-01 2.094669999999999865e-01 -9.777919999999999945e-01 6.885999999999999760e-03 -9.778130000000000432e-01 -2.094789999999999985e-01 -1.100000000000000066e-03
2.600000000000000000e+01 4.000000000000000000e+00 2.000000000000000000e+01 0.000000000000000000e+00 1.600000000000000089e+00 2.809999999999999998e-04 -1.342000000000000094e-03 -9.999989999999999712e-01 2.908999999999999919e-01 -9.567520000000000469e-01 1.366000000000000027e-03 -9.567529999999999646e-01 -2.908999999999999919e-01 1.219999999999999974e-04
6.000000000000000000e+00 1.300000000000000000e+01 2.000000000000000000e+01 0.000000000000000000e+00 1.600000000000000089e+00 3.330000000000000169e-04 1.809000000000000061e-03 9.999980000000000535e-01 2.471659999999999968e-01 9.689710000000000267e-01 -1.835000000000000043e-03 -9.689729999999999732e-01 2.471669999999999978e-01 -1.240000000000000054e-04
1.600000000000000000e+01 1.300000000000000000e+01 2.000000000000000000e+01 0.000000000000000000e+00 1.600000000000000089e+00 -3.000000000000000076e-06 -1.389999999999999905e-04 1.000000000000000000e+00 2.558960000000000123e-01 9.667040000000000077e-01 1.350000000000000017e-04 -9.667040000000000077e-01 2.558960000000000123e-01 3.300000000000000253e-05
2.200000000000000000e+01 1.300000000000000000e+01 2.000000000000000000e+01 0.000000000000000000e+00 1.600000000000000089e+00 -1.082999999999999978e-03 -2.488000000000000194e-03 9.999959999999999960e-01 2.568869999999999765e-01 9.664380000000000193e-01 2.681999999999999922e-03 -9.664409999999999945e-01 2.568889999999999785e-01 -4.070000000000000267e-04
2.700000000000000000e+01 1.300000000000000000e+01 2.000000000000000000e+01 0.000000000000000000e+00 1.600000000000000089e+00 -7.999999999999999638e-06 -3.060000000000000111e-04 1.000000000000000000e+00 2.570080000000000142e-01 9.664089999999999625e-01 2.979999999999999793e-04 -9.664089999999999625e-01 2.570080000000000142e-01 7.100000000000000462e-05
1.300000000000000000e+01 1.600000000000000000e+01 2.100000000000000000e+01 0.000000000000000000e+00 1.600000000000000089e+00 8.549999999999999658e-04 7.376999999999999877e-03 9.999719999999999720e-01 3.008480000000000043e-01 9.536440000000000472e-01 -7.291999999999999871e-03 -9.536719999999999642e-01 3.008460000000000023e-01 -1.404000000000000083e-03
5.000000000000000000e+00 4.600000000000000000e+01 2.700000000000000000e+01 0.000000000000000000e+00 1.600000000000000089e+00 -4.560000000000000251e-04 8.140000000000000534e-04 -1.000000000000000000e+00 6.566109999999999447e-01 7.542299999999999560e-01 3.139999999999999888e-04 7.542299999999999560e-01 -6.566100000000000270e-01 -8.790000000000000070e-04
1.100000000000000000e+01 4.600000000000000000e+01 2.700000000000000000e+01 0.000000000000000000e+00 1.600000000000000089e+00 -1.242999999999999964e-03 6.620000000000000450e-04 -9.999989999999999712e-01 6.565950000000000397e-01 7.542429999999999968e-01 -3.170000000000000075e-04 7.542419999999999680e-01 -6.565950000000000397e-01 -1.371999999999999956e-03
2.500000000000000000e+01 4.600000000000000000e+01 2.700000000000000000e+01 0.000000000000000000e+00 1.600000000000000089e+00 2.108000000000000065e-03 -4.500000000000000283e-05 -9.999980000000000535e-01 6.591949999999999754e-01 7.519709999999999450e-01 1.356000000000000000e-03 7.519689999999999985e-01 -6.591960000000000042e-01 1.614999999999999899e-03
1.600000000000000000e+01 4.600000000000000000e+01 3.000000000000000000e+01 0.000000000000000000e+00 1.600000000000000089e+00 3.499999999999999693e-05 -1.920000000000000049e-04 -1.000000000000000000e+00 3.298309999999999853e-01 9.440399999999999903e-01 -1.700000000000000122e-04 9.440399999999999903e-01 -3.298309999999999853e-01 9.699999999999999963e-05
2.000000000000000000e+00 5.800000000000000000e+01 3.100000000000000000e+01 0.000000000000000000e+00 1.600000000000000089e+00 -6.537000000000000276e-03 -3.887999999999999963e-03 9.999710000000000543e-01 -7.606559999999999988e-01 -6.491109999999999935e-01 -7.496000000000000059e-03 6.491219999999999768e-01 -7.606829999999999981e-01 1.284999999999999901e-03
7.000000000000000000e+00 5.800000000000000000e+01 3.100000000000000000e+01 0.000000000000000000e+00 1.600000000000000089e+00 -1.700000000000000122e-04 1.255999999999999955e-03 9.999989999999999712e-01 -7.639420000000000099e-01 -6.452839999999999687e-01 6.800000000000000488e-04 6.452849999999999975e-01 -7.639409999999999812e-01 1.069000000000000072e-03
1.300000000000000000e+01 5.800000000000000000e+01 3.100000000000000000e+01 0.000000000000000000e+00 1.600000000000000089e+00 2.579999999999999828e-03 -2.967000000000000019e-03 9.999919999999999920e-01 -7.655300000000000438e-01 -6.434010000000000007e-01 6.600000000000000506e-05 6.433959999999999679e-01 -7.655239999999999823e-01 -3.930999999999999599e-03
2.000000000000000000e+01 5.800000000000000000e+01 3.100000000000000000e+01 0.000000000000000000e+00 1.600000000000000089e+00 -2.196000000000000035e-03 -5.309000000000000351e-03 9.999829999999999552e-01 -7.678719999999999990e-01 -6.405830000000000135e-01 -5.087000000000000376e-03 6.405990000000000295e-01 -7.678709999999999702e-01 -2.670000000000000064e-03
2.700000000000000000e+01 5.800000000000000000e+01 3.100000000000000000e+01 0.000000000000000000e+00 1.600000000000000089e+00 -2.487000000000000061e-03 2.926000000000000215e-03 9.999930000000000208e-01 -7.711360000000000436e-01 -6.366709999999999869e-01 -5.500000000000000196e-05 6.366659999999999542e-01 -7.711299999999999821e-01 3.840000000000000097e-03
7.000000000000000000e+00 4.600000000000000000e+01 3.500000000000000000e+01 0.000000000000000000e+00 1.600000000000000089e+00 5.180000000000000143e-04 -1.912999999999999987e-03 -9.999980000000000535e-01 3.866220000000000212e-01 -9.222359999999999447e-01 1.964000000000000034e-03 -9.222380000000000022e-01 -3.866220000000000212e-01 2.620000000000000258e-04
9.000000000000000000e+00 4.600000000000000000e+01 3.500000000000000000e+01 0.000000000000000000e+00 1.600000000000000089e+00 3.229999999999999907e-04 1.964000000000000034e-03 -9.999980000000000535e-01 3.863929999999999865e-01 -9.223329999999999584e-01 -1.686999999999999915e-03 -9.223339999999999872e-01 -3.863920000000000132e-01 -1.056999999999999997e-03
1.300000000000000000e+01 4.600000000000000000e+01 3.500000000000000000e+01 0.000000000000000000e+00 1.600000000000000089e+00 3.249999999999999851e-04 -6.199999999999999999e-04 -1.000000000000000000e+00 3.860129999999999950e-01 -9.224930000000000074e-01 6.980000000000000527e-04 -9.224930000000000074e-01 -3.860129999999999950e-01 -6.099999999999999872e-05
1.900000000000000000e+01 4.600000000000000000e+01 3.500000000000000000e+01 0.000000000000000000e+00 1.600000000000000089e+00 -2.680000000000000090e-04 4.699999999999999859e-04 -1.000000000000000000e+00 3.855859999999999843e-01 -9.226720000000000477e-01 -5.370000000000000424e-04 -9.226720000000000477e-01 -3.855859999999999843e-01 6.499999999999999431e-05
2.400000000000000000e+01 4.600000000000000000e+01 3.500000000000000000e+01 0.000000000000000000e+00 1.600000000000000089e+00 -5.060000000000000478e-04 -2.162999999999999992e-03 -9.999970000000000248e-01 3.857559999999999878e-01 -9.225989999999999469e-01 1.801000000000000083e-03 -9.226010000000000044e-01 -3.857539999999999858e-01 1.301999999999999989e-03
3.000000000000000000e+01 4.600000000000000000e+01 3.500000000000000000e+01 0.000000000000000000e+00 1.600000000000000089e+00 -8.899999999999999491e-05 -3.225000000000000002e-03 -9.999949999999999672e-01 3.848520000000000274e-01 -9.229739999999999611e-01 2.942999999999999870e-03 -9.229779999999999651e-01 -3.848500000000000254e-01 1.322999999999999957e-03
1.000000000000000000e+01 9.500000000000000000e+01 3.600000000000000000e+01 0.000000000000000000e+00 1.600000000000000089e+00 -5.010000000000000347e-04 3.380999999999999891e-03 9.999940000000000495e-01 9.976890000000000480e-01 6.794200000000000239e-02 2.700000000000000035e-04 -6.794000000000000039e-02 9.976840000000000153e-01 -3.406999999999999872e-03
1.300000000000000000e+01 9.500000000000000000e+01 3.600000000000000000e+01 0.000000000000000000e+00 1.600000000000000089e+00 4.281000000000000083e-03 7.849999999999999339e-03 9.999599999999999600e-01 9.974229999999999485e-01 7.157600000000000073e-02 -4.832000000000000357e-03 -7.161099999999999410e-02 9.974039999999999573e-01 -7.523000000000000173e-03
2.700000000000000000e+01 9.500000000000000000e+01 3.600000000000000000e+01 0.000000000000000000e+00 1.600000000000000089e+00 -1.186999999999999904e-03 -2.040900000000000006e-02 9.997909999999999853e-01 9.974380000000000468e-01 7.149099999999999899e-02 2.642999999999999950e-03 -7.152999999999999636e-02 9.972320000000000073e-01 2.027199999999999835e-02
6.000000000000000000e+00 3.000000000000000000e+00 4.300000000000000000e+01 0.000000000000000000e+00 1.600000000000000089e+00 8.019999999999999785e-04 3.152999999999999987e-03 -9.999949999999999672e-01 7.364190000000000458e-01 -6.765240000000000142e-01 -1.541999999999999968e-03 -6.765250000000000430e-01 -7.364140000000000130e-01 -2.863999999999999792e-03
1.100000000000000000e+01 3.000000000000000000e+00 4.300000000000000000e+01 0.000000000000000000e+00 1.600000000000000089e+00 -1.281999999999999936e-03 -6.152999999999999615e-03 -9.999799999999999800e-01 7.393729999999999469e-01 -6.732879999999999976e-01 3.194999999999999923e-03 -6.732949999999999768e-01 -7.393539999999999557e-01 5.412000000000000144e-03
2.100000000000000000e+01 3.000000000000000000e+00 4.300000000000000000e+01 0.000000000000000000e+00 1.600000000000000089e+00 -2.618000000000000101e-03 -2.522100000000000036e-02 -9.996779999999999555e-01 7.356810000000000294e-01 -6.771580000000000377e-01 1.515799999999999960e-02 -6.773230000000000084e-01 -7.354049999999999754e-01 2.032700000000000132e-02
1.000000000000000000e+00 8.000000000000000000e+00 4.400000000000000000e+01 0.000000000000000000e+00 1.600000000000000089e+00 6.199999999999999999e-04 7.294000000000000136e-03 9.999730000000000008e-01 -7.804480000000000306e-01 -6.251999999999999780e-01 5.043999999999999873e-03 6.252199999999999980e-01 -7.804309999999999858e-01 5.305999999999999953e-03
3.000000000000000000e+00 2.900000000000000000e+01 4.400000000000000000e+01 0.000000000000000000e+00 1.600000000000000089e+00 8.649999999999999920e-04 -1.410999999999999928e-03 -9.999989999999999712e-01 6.707980000000000054e-01 7.416399999999999659e-01 -4.670000000000000214e-04 7.416390000000000482e-01 -6.707969999999999766e-01 1.588000000000000002e-03
9.000000000000000000e+00 2.900000000000000000e+01 4.400000000000000000e+01 0.000000000000000000e+00 1.600000000000000089e+00 -6.449999999999999570e-04 -1.905000000000000009e-03 -9.999980000000000535e-01 6.733999999999999986e-01 7.392760000000000442e-01 -1.842000000000000104e-03 7.392779999999999907e-01 -6.733999999999999986e-01 8.059999999999999673e-04
1.300000000000000000e+01 2.900000000000000000e+01 4.400000000000000000e+01 0.000000000000000000e+00 1.600000000000000089e+00 -1.794999999999999938e-03 3.060000000000000111e-04 -9.999980000000000535e-01 6.707859999999999934e-01 7.416509999999999492e-01 -9.770000000000000039e-04 7.416490000000000027e-01 -6.707859999999999934e-01 -1.536000000000000039e-03
1.700000000000000000e+01 2.900000000000000000e+01 4.400000000000000000e+01 0.000000000000000000e+00 1.600000000000000089e+00 1.435000000000000078e-03 3.119999999999999944e-04 -9.999989999999999712e-01 6.744409999999999572e-01 7.383279999999999843e-01 1.198000000000000063e-03 7.383269999999999555e-01 -6.744419999999999860e-01 8.490000000000000368e-04
2.000000000000000000e+01 2.900000000000000000e+01 4.400000000000000000e+01 0.000000000000000000e+00 1.600000000000000089e+00 2.112000000000000162e-03 -4.101999999999999744e-03 -9.999890000000000168e-01 6.794059999999999544e-01 7.337609999999999966e-01 -1.575000000000000011e-03 7.337590000000000501e-01 -6.793959999999999999e-01 4.336999999999999710e-03
2.600000000000000000e+01 2.900000000000000000e+01 4.400000000000000000e+01 0.000000000000000000e+00 1.600000000000000089e+00 1.644999999999999978e-03 8.239999999999999712e-04 -9.999980000000000535e-01 6.814449999999999674e-01 7.318670000000000453e-01 1.724000000000000055e-03 7.318670000000000453e-01 -6.814470000000000249e-01 6.430000000000000169e-04
2.900000000000000000e+01 2.900000000000000000e+01 4.400000000000000000e+01 0.000000000000000000e+00 1.600000000000000089e+00 2.409999999999999816e-03 2.799999999999999755e-04 -9.999970000000000248e-01 6.799049999999999816e-01 7.332980000000000054e-01 1.843999999999999936e-03 7.332959999999999479e-01 -6.799079999999999568e-01 1.577000000000000060e-03
3.000000000000000000e+00 5.400000000000000000e+01 4.600000000000000000e+01 0.000000000000000000e+00 1.600000000000000089e+00 1.533000000000000074e-03 6.217000000000000304e-03 9.999789999999999512e-01 3.129230000000000067e-01 -9.497630000000000239e-01 5.425000000000000135e-03 9.497769999999999824e-01 3.129089999999999927e-01 -3.402000000000000076e-03
1.200000000000000000e+01 6.000000000000000000e+00 5.100000000000000000e+01 0.000000000000000000e+00 1.600000000000000089e+00 -5.999999999999999474e-04 4.282000000000000216e-03 -9.999909999999999632e-01 3.193509999999999960e-01 -9.476269999999999971e-01 -4.250000000000000305e-03 -9.476360000000000339e-01 -3.193500000000000227e-01 -7.990000000000000140e-04
7.000000000000000000e+00 7.000000000000000000e+00 5.200000000000000000e+01 0.000000000000000000e+00 1.600000000000000089e+00 4.440000000000000045e-04 -3.778999999999999807e-03 -9.999930000000000208e-01 1.197830000000000006e-01 -9.927930000000000366e-01 3.804999999999999789e-03 -9.928000000000000158e-01 -1.197830000000000006e-01 1.200000000000000030e-05
2.300000000000000000e+01 7.000000000000000000e+00 5.200000000000000000e+01 0.000000000000000000e+00 1.600000000000000089e+00 -6.184000000000000261e-03 -7.622999999999999568e-03 -9.999519999999999520e-01 1.364039999999999975e-01 -9.906310000000000393e-01 6.708000000000000421e-03 -9.906340000000000146e-01 -1.363560000000000050e-01 7.165999999999999627e-03
3.000000000000000000e+00 6.300000000000000000e+01 5.400000000000000000e+01 0.000000000000000000e+00 1.600000000000000089e+00 1.660999999999999933e-03 2.236999999999999839e-03 9.999959999999999960e-01 -3.543459999999999943e-01 9.351129999999999720e-01 -1.502999999999999996e-03 -9.351129999999999720e-01 -3.543419999999999903e-01 2.345999999999999995e-03
7.000000000000000000e+00 6.300000000000000000e+01 5.400000000000000000e+01 0.000000000000000000e+00 1.600000000000000089e+00 9.430000000000000448e-04 -2.897999999999999968e-03 9.999949999999999672e-01 -3.587870000000000226e-01 9.334149999999999947e-01 3.043999999999999831e-03 -9.334189999999999987e-01 -3.587879999999999958e-01 -1.589999999999999888e-04
1.200000000000000000e+01 6.300000000000000000e+01 5.400000000000000000e+01 0.000000000000000000e+00 1.600000000000000089e+00 -3.809999999999999910e-04 8.940000000000000464e-04 1.000000000000000000e+00 -3.594419999999999837e-01 9.331669999999999687e-01 -9.709999999999999664e-04 -9.331679999999999975e-01 -3.594419999999999837e-01 -3.399999999999999973e-05
1.500000000000000000e+01 6.300000000000000000e+01 5.400000000000000000e+01 0.000000000000000000e+00 1.600000000000000089e+00 -1.582999999999999989e-03 5.890000000000000053e-04 9.999989999999999712e-01 -3.537569999999999881e-01 9.353369999999999740e-01 -1.111000000000000008e-03 -9.353359999999999452e-01 -3.537580000000000169e-01 -1.271999999999999910e-03
2.100000000000000000e+01 6.300000000000000000e+01 5.400000000000000000e+01 0.000000000000000000e+00 1.600000000000000089e+00 -9.070000000000000371e-04 5.559999999999999621e-04 9.999989999999999712e-01 -3.534479999999999844e-01 9.354540000000000077e-01 -8.409999999999999507e-04 -9.354540000000000077e-01 -3.534479999999999844e-01 -6.520000000000000188e-04
2.900000000000000000e+01 6.300000000000000000e+01 5.400000000000000000e+01 0.000000000000000000e+00 1.600000000000000089e+00 1.549000000000000030e-03 -9.330000000000000186e-04 9.999980000000000535e-01 -3.484499999999999820e-01 9.373259999999999925e-01 1.413999999999999892e-03 -9.373259999999999925e-01 -3.484519999999999840e-01 1.126999999999999964e-03
3.000000000000000000e+00 2.500000000000000000e+01 5.500000000000000000e+01 0.000000000000000000e+00 1.600000000000000089e+00 -7.929999999999999766e-04 1.629999999999999939e-03 -9.999980000000000535e-01 -1.156300000000000036e-02 -9.999320000000000430e-01 -1.621000000000000045e-03 -9.999329999999999607e-01 1.156199999999999936e-02 8.109999999999999805e-04
8.000000000000000000e+00 2.500000000000000000e+01 5.500000000000000000e+01 0.000000000000000000e+00 1.600000000000000089e+00 -4.260000000000000006e-04 9.409999999999999962e-04 -9.999989999999999712e-01 -1.157900000000000075e-02 -9.999329999999999607e-01 -9.359999999999999831e-04 -9.999329999999999607e-01 1.157900000000000075e-02 4.369999999999999970e-04
1.100000000000000000e+01 2.500000000000000000e+01 5.500000000000000000e+01 0.000000000000000000e+00 1.600000000000000089e+00 8.549999999999999658e-04 1.087999999999999991e-03 -9.999989999999999712e-01 -1.221799999999999969e-02 -9.999249999999999527e-01 -1.098000000000000018e-03 -9.999249999999999527e-01 1.221900000000000069e-02 -8.419999999999999750e-04
1.700000000000000000e+01 2.500000000000000000e+01 5.500000000000000000e+01 0.000000000000000000e+00 1.600000000000000089e+00 9.700000000000000505e-04 9.439999999999999607e-04 -9.999989999999999712e-01 -1.379999999999999977e-02 -9.999040000000000150e-01 -9.569999999999999514e-04 -9.999040000000000150e-01 1.380100000000000077e-02 -9.569999999999999514e-04
2.800000000000000000e+01 2.500000000000000000e+01 5.500000000000000000e+01 0.000000000000000000e+00 1.600000000000000089e+00 1.369999999999999961e-04 6.220000000000000485e-04 -1.000000000000000000e+00 -1.092100000000000015e-02 -9.999400000000000510e-01 -6.239999999999999887e-04 -9.999400000000000510e-01 1.092100000000000015e-02 -1.299999999999999886e-04
8.000000000000000000e+00 6.800000000000000000e+01 5.700000000000000000e+01 0.000000000000000000e+00 1.600000000000000089e+00 1.704000000000000003e-03 -4.616999999999999577e-03 -9.999879999999999880e-01 -2.444860000000000089e-01 -9.696439999999999504e-01 4.061000000000000373e-03 -9.696510000000000407e-01 2.444759999999999989e-01 -2.781000000000000052e-03
2.000000000000000000e+00 2.100000000000000000e+01 6.000000000000000000e+01 0.000000000000000000e+00 1.600000000000000089e+00 2.599999999999999772e-04 1.452999999999999951e-02 9.998939999999999495e-01 -9.773900000000000643e-02 9.951069999999999638e-01 -1.443499999999999991e-02 -9.952119999999999855e-01 -9.772500000000000631e-02 1.678999999999999937e-03
2.200000000000000000e+01 2.100000000000000000e+01 6.000000000000000000e+01 0.000000000000000000e+00 1.600000000000000089e+00 -2.530000000000000239e-04 4.374000000000000284e-03 9.999900000000000455e-01 -9.374300000000000688e-02 9.955869999999999997e-01 -4.377999999999999947e-03 -9.955960000000000365e-01 -9.374300000000000688e-02 1.579999999999999916e-04
2.800000000000000000e+01 2.100000000000000000e+01 6.000000000000000000e+01 0.000000000000000000e+00 1.600000000000000089e+00 2.831000000000000183e-03 8.895000000000000129e-03 9.999559999999999560e-01 -9.559600000000000042e-02 9.953830000000000178e-01 -8.583999999999999617e-03 -9.954159999999999675e-01 -9.556699999999999917e-02 3.667999999999999820e-03
5.000000000000000000e+00 3.000000000000000000e+00 6.300000000000000000e+01 0.000000000000000000e+00 1.600000000000000089e+00 2.945999999999999834e-03 -2.968999999999999851e-03 9.999909999999999632e-01 -6.150390000000000024e-01 7.884860000000000202e-01 4.152999999999999574e-03 -7.884910000000000529e-01 -6.150459999999999816e-01 4.970000000000000459e-04
3.000000000000000000e+00 2.700000000000000000e+01 6.300000000000000000e+01 0.000000000000000000e+00 1.600000000000000089e+00 1.123000000000000083e-03 -5.158000000000000258e-03 9.999860000000000415e-01 -2.750299999999999967e-01 9.614209999999999701e-01 5.268000000000000113e-03 -9.614350000000000396e-01 -2.750319999999999987e-01 -3.379999999999999758e-04
1.000000000000000000e+01 2.700000000000000000e+01 6.300000000000000000e+01 0.000000000000000000e+00 1.600000000000000089e+00 2.122999999999999887e-03 -2.601000000000000013e-03 9.999940000000000495e-01 -2.718389999999999973e-01 9.623380000000000267e-01 3.079999999999999839e-03 -9.623399999999999732e-01 -2.718439999999999745e-01 1.335999999999999948e-03
1.700000000000000000e+01 2.700000000000000000e+01 6.300000000000000000e+01 0.000000000000000000e+00 1.600000000000000089e+00 -2.089000000000000145e-03 2.569999999999999802e-03 9.999949999999999672e-01 -2.742859999999999743e-01 9.616430000000000256e-01 -3.043999999999999831e-03 -9.616460000000000008e-01 -2.742910000000000070e-01 -1.304000000000000038e-03
2.400000000000000000e+01 2.700000000000000000e+01 6.300000000000000000e+01 0.000000000000000000e+00 1.600000000000000089e+00 8.199999999999999824e-04 4.300000000000000165e-05 1.000000000000000000e+00 -2.808860000000000245e-01 9.597409999999999553e-01 1.890000000000000133e-04 -9.597409999999999553e-01 -2.808860000000000245e-01 7.990000000000000140e-04
4.000000000000000000e+00 2.600000000000000000e+01 6.400000000000000000e+01 0.000000000000000000e+00 1.600000000000000089e+00 1.160000000000000007e-03 -3.158999999999999916e-03 9.999940000000000495e-01 -3.542000000000000148e-01 9.351639999999999953e-01 3.363999999999999803e-03 -9.351690000000000280e-01 -3.542009999999999881e-01 -3.399999999999999973e-05
1.600000000000000000e+01 2.600000000000000000e+01 6.400000000000000000e+01 0.000000000000000000e+00 1.600000000000000089e+00 -1.814000000000000074e-03 -1.030000000000000100e-03 9.999980000000000535e-01 -3.524070000000000258e-01 9.358469999999999844e-01 3.249999999999999851e-04 -9.358450000000000379e-01 -3.524059999999999970e-01 -2.060999999999999898e-03
2.200000000000000000e+01 2.600000000000000000e+01 6.400000000000000000e+01 0.000000000000000000e+00 1.600000000000000089e+00 -3.490000000000000263e-04 -6.660000000000000338e-04 1.000000000000000000e+00 -3.613589999999999858e-01 9.324270000000000058e-01 4.949999999999999973e-04 -9.324270000000000058e-01 -3.613589999999999858e-01 -5.659999999999999884e-04
2.500000000000000000e+01 2.600000000000000000e+01 6.400000000000000000e+01 0.000000000000000000e+00 1.600000000000000089e+00 1.958000000000000105e-03 2.023000000000000059e-03 9.999959999999999960e-01 -3.640780000000000127e-01 9.313679999999999737e-01 -1.170999999999999949e-03 -9.313660000000000272e-01 -3.640749999999999820e-01 2.560000000000000209e-03
1.900000000000000000e+01 6.900000000000000000e+01 6.600000000000000000e+01 0.000000000000000000e+00 1.600000000000000089e+00 1.022299999999999945e-02 -8.439999999999999586e-03 9.999120000000000230e-01 -9.530720000000000303e-01 3.024939999999999851e-01 1.229700000000000064e-02 -3.025720000000000076e-01 -9.531140000000000168e-01 -4.950999999999999672e-03
2.700000000000000000e+01 6.900000000000000000e+01 6.600000000000000000e+01 0.000000000000000000e+00 1.600000000000000089e+00 4.559999999999999817e-03 -3.200000000000000262e-04 9.999900000000000455e-01 -9.527710000000000345e-01 3.036570000000000102e-01 4.441999999999999768e-03 -3.036550000000000082e-01 -9.527809999999999890e-01 1.080000000000000014e-03
2.700000000000000000e+01 3.100000000000000000e+01 7.100000000000000000e+01 0.000000000000000000e+00 1.600000000000000089e+00 -3.883000000000000167e-03 2.841000000000000209e-03 -9.999879999999999880e-01 -7.130819999999999936e-01 -7.010800000000000365e-01 7.770000000000000214e-04 -7.010699999999999710e-01 7.130769999999999609e-01 4.747999999999999617e-03
2.900000000000000000e+01 2.500000000000000000e+01 7.300000000000000000e+01 0.000000000000000000e+00 1.600000000000000089e+00 1.363999999999999978e-03 3.066000000000000149e-03 9.999940000000000495e-01 7.446180000000000021e-01 -6.674900000000000277e-01 1.030000000000000100e-03 6.674900000000000277e-01 7.446120000000000516e-01 -3.193000000000000092e-03
2.000000000000000000e+00 4.400000000000000000e+01 7.300000000000000000e+01 0.000000000000000000e+00 1.600000000000000089e+00 1.430000000000000064e-03 2.974000000000000081e-03 9.999949999999999672e-01 4.475799999999999917e-02 -9.989940000000000486e-01 2.906999999999999862e-03 9.989970000000000239e-01 4.475400000000000211e-02 -1.562000000000000020e-03
