4.000000000000000000e+00 2.500000000000000000e+01 1.000000000000000000e+00 0.000000000000000000e+00 1.600000000000000089e+00 -2.955999999999999860e-03 -5.357999999999999916e-03 -9.999810000000000088e-01 -5.230550000000000477e-01 -8.522769999999999513e-01 6.113000000000000378e-03 -8.522939999999999960e-01 5.230629999999999447e-01 -2.840000000000000185e-04
1.100000000000000000e+01 2.500000000000000000e+01 1.000000000000000000e+00 0.000000000000000000e+00 1.600000000000000089e+00 -1.479999999999999925e-04 -3.237999999999999993e-03 -9.999949999999999672e-01 -5.225070000000000547e-01 -8.526299999999999990e-01 2.837999999999999811e-03 -8.526350000000000318e-01 5.225049999999999972e-01 -1.565999999999999901e-03
2.000000000000000000e+00 1.500000000000000000e+01 4.000000000000000000e+00 0.000000000000000000e+00 1.600000000000000089e+00 1.472000000000000001e-03 -4.442999999999999901e-03 9.999890000000000168e-01 3.157460000000000266e-01 -9.488320000000000087e-01 -4.680000000000000132e-03 9.488429999999999920e-01 3.157490000000000019e-01 6.000000000000000152e-06
7.000000000000000000e+00 1.500000000000000000e+01 4.000000000000000000e+00 0.000000000000000000e+00 1.600000000000000089e+00 -1.915999999999999951e-03 -7.509000000000000050e-03 9.999700000000000255e-01 3.105140000000000122e-01 -9.505460000000000020e-01 -6.543000000000000205e-03 9.505670000000000508e-01 3.104919999999999902e-01 4.152999999999999574e-03
1.300000000000000000e+01 1.500000000000000000e+01 4.000000000000000000e+00 0.000000000000000000e+00 1.600000000000000089e+00 5.209999999999999788e-04 1.606999999999999922e-03 9.999989999999999712e-01 3.071510000000000074e-01 -9.516599999999999504e-01 1.369999999999999907e-03 9.516609999999999792e-01 3.071490000000000054e-01 -9.899999999999999946e-04
1.700000000000000000e+01 1.500000000000000000e+01 4.000000000000000000e+00 0.000000000000000000e+00 1.600000000000000089e+00 -7.640000000000000306e-04 -1.445000000000000104e-03 9.999989999999999712e-01 3.091369999999999951e-01 -9.510170000000000012e-01 -1.137999999999999906e-03 9.510170000000000012e-01 3.091360000000000219e-01 1.172999999999999998e-03
2.400000000000000000e+01 1.500000000000000000e+01 4.000000000000000000e+00 0.000000000000000000e+00 1.600000000000000089e+00 -6.800999999999999754e-03 -1.378099999999999985e-02 9.998820000000000485e-01 2.992079999999999740e-01 -9.541230000000000544e-01 -1.111499999999999988e-02 9.541640000000000121e-01 2.990970000000000018e-01 1.061299999999999917e-02
2.900000000000000000e+01 1.500000000000000000e+01 4.000000000000000000e+00 0.000000000000000000e+00 1.600000000000000089e+00 -3.340000000000000087e-03 -6.271999999999999797e-03 9.999749999999999472e-01 2.963520000000000043e-01 -9.550659999999999705e-01 -5.001000000000000237e-03 9.550729999999999498e-01 2.963270000000000071e-01 5.048999999999999669e-03
2.200000000000000000e+01 1.010000000000000000e+02 7.000000000000000000e+00 0.000000000000000000e+00 1.600000000000000089e+00 -7.477000000000000139e-03 -4.449999999999999746e-04 9.999719999999999720e-01 8.792600000000000415e-01 4.762930000000000219e-01 6.786000000000000365e-03 -4.762830000000000119e-01 8.792860000000000120e-01 -3.170000000000000075e-03
2.900000000000000000e+01 1.010000000000000000e+02 7.000000000000000000e+00 0.000000000000000000e+00 1.600000000000000089e+00 2.799999999999999972e-03 3.324999999999999831e-03 9.999909999999999632e-01 8.778799999999999937e-01 4.788629999999999831e-01 -4.049999999999999781e-03 -4.788720000000000199e-01 8.778829999999999689e-01 -1.577999999999999976e-03
4.000000000000000000e+00 2.500000000000000000e+01 8.000000000000000000e+00 0.000000000000000000e+00 1.600000000000000089e+00 1.744000000000000107e-03 1.488300000000000040e-02 -9.998879999999999990e-01 4.482229999999999825e-01 8.938110000000000221e-01 1.408599999999999956e-02 8.939200000000000479e-01 -4.481979999999999853e-01 -5.112000000000000224e-03
1.200000000000000000e+01 2.500000000000000000e+01 8.000000000000000000e+00 0.000000000000000000e+00 1.600000000000000089e+00 7.969999999999999654e-04 4.844000000000000215e-03 -9.999879999999999880e-01 4.444629999999999970e-01 8.957850000000000534e-01 4.694000000000000256e-03 8.957969999999999544e-01 -4.444609999999999950e-01 -1.438999999999999958e-03
1.700000000000000000e+01 2.500000000000000000e+01 8.000000000000000000e+00 0.000000000000000000e+00 1.600000000000000089e+00 1.822999999999999968e-03 1.229999999999999974e-03 -9.999980000000000535e-01 4.452400000000000246e-01 8.954090000000000105e-01 1.912999999999999987e-03 8.954090000000000105e-01 -4.452429999999999999e-01 1.083999999999999894e-03
2.200000000000000000e+01 2.500000000000000000e+01 8.000000000000000000e+00 0.000000000000000000e+00 1.600000000000000089e+00 1.113999999999999973e-03 3.026000000000000044e-03 -9.999949999999999672e-01 4.439270000000000160e-01 8.960569999999999924e-01 3.206000000000000082e-03 8.960620000000000251e-01 -4.439279999999999893e-01 -3.449999999999999833e-04
2.600000000000000000e+01 2.500000000000000000e+01 8.000000000000000000e+00 0.000000000000000000e+00 1.600000000000000089e+00 -1.002000000000000069e-03 1.391000000000000092e-03 -9.999989999999999712e-01 4.431370000000000031e-01 8.964530000000000554e-01 8.030000000000000028e-04 8.964530000000000554e-01 -4.431359999999999744e-01 -1.515000000000000071e-03
4.000000000000000000e+00 2.400000000000000000e+01 9.000000000000000000e+00 0.000000000000000000e+00 1.600000000000000089e+00 1.850999999999999998e-03 1.315200000000000050e-02 -9.999120000000000230e-01 4.515080000000000204e-01 8.921780000000000266e-01 1.257100000000000058e-02 8.922649999999999748e-01 -4.514920000000000044e-01 -4.287000000000000012e-03
1.200000000000000000e+01 2.400000000000000000e+01 9.000000000000000000e+00 0.000000000000000000e+00 1.600000000000000089e+00 5.500000000000000331e-04 5.385000000000000030e-03 -9.999850000000000128e-01 4.467050000000000187e-01 8.946669999999999900e-01 5.062999999999999792e-03 8.946809999999999485e-01 -4.467010000000000147e-01 -1.913999999999999903e-03
1.700000000000000000e+01 2.400000000000000000e+01 9.000000000000000000e+00 0.000000000000000000e+00 1.600000000000000089e+00 1.575000000000000011e-03 2.776999999999999955e-03 -9.999949999999999672e-01 4.472709999999999742e-01 8.943929999999999936e-01 3.187999999999999862e-03 8.943969999999999976e-01 -4.472740000000000049e-01 1.659999999999999963e-04
2.200000000000000000e+01 2.400000000000000000e+01 9.000000000000000000e+00 0.000000000000000000e+00 1.600000000000000089e+00 1.319000000000000077e-03 2.942999999999999870e-03 -9.999949999999999672e-01 4.466269999999999962e-01 8.947140000000000093e-01 3.222000000000000038e-03 8.947190000000000420e-01 -4.466289999999999982e-01 -1.340000000000000045e-04
2.600000000000000000e+01 2.400000000000000000e+01 9.000000000000000000e+00 0.000000000000000000e+00 1.600000000000000089e+00 -7.410000000000000137e-04 2.298000000000000129e-03 -9.999970000000000248e-01 4.455290000000000084e-01 8.952660000000000062e-01 1.727999999999999935e-03 8.952670000000000350e-01 -4.455270000000000064e-01 -1.686999999999999915e-03
5.000000000000000000e+00 3.100000000000000000e+01 1.200000000000000000e+01 0.000000000000000000e+00 1.600000000000000089e+00 1.874000000000000015e-03 9.820000000000000603e-03 9.999500000000000055e-01 -1.191900000000000077e-02 9.998810000000000198e-01 -9.797000000000000153e-03 -9.999270000000000103e-01 -1.190000000000000085e-02 1.991000000000000148e-03
1.000000000000000000e+01 3.100000000000000000e+01 1.200000000000000000e+01 0.000000000000000000e+00 1.600000000000000089e+00 3.527999999999999886e-03 6.745000000000000127e-03 9.999710000000000543e-01 -6.039000000000000097e-03 9.999590000000000423e-01 -6.723999999999999942e-03 -9.999759999999999760e-01 -6.015000000000000381e-03 3.569000000000000124e-03
1.200000000000000000e+01 1.160000000000000000e+02 1.600000000000000000e+01 0.000000000000000000e+00 1.600000000000000089e+00 1.088999999999999907e-03 2.566999999999999837e-03 9.999959999999999960e-01 6.880749999999999922e-01 7.256350000000000300e-01 -2.612000000000000172e-03 -7.256390000000000340e-01 6.880749999999999922e-01 -9.759999999999999796e-04
2.300000000000000000e+01 1.160000000000000000e+02 1.600000000000000000e+01 0.000000000000000000e+00 1.600000000000000089e+00 7.690000000000000438e-04 -1.490999999999999921e-03 9.999989999999999712e-01 7.035719999999999752e-01 7.106240000000000334e-01 5.190000000000000386e-04 -7.106240000000000334e-01 7.035700000000000287e-01 1.595000000000000064e-03
2.000000000000000000e+00 2.000000000000000000e+00 1.900000000000000000e+01 0.000000000000000000e+00 1.600000000000000089e+00 -2.883000000000000146e-03 -1.789000000000000009e-03 -9.999940000000000495e-01 1.801030000000000131e-01 -9.836470000000000491e-01 1.240999999999999916e-03 -9.836439999999999628e-01 -1.800980000000000081e-01 3.158000000000000217e-03
6.000000000000000000e+00 2.000000000000000000e+00 1.900000000000000000e+01 0.000000000000000000e+00 1.600000000000000089e+00 4.699999999999999724e-05 3.663000000000000023e-03 -9.999930000000000208e-01 1.804270000000000040e-01 -9.835819999999999563e-01 -3.593999999999999972e-03 -9.835880000000000178e-01 -1.804260000000000030e-01 -7.069999999999999462e-04
1.400000000000000000e+01 2.000000000000000000e+00 1.900000000000000000e+01 0.000000000000000000e+00 1.600000000000000089e+00 2.520000000000000104e-03 -2.186000000000000009e-03 -9.999940000000000495e-01 1.814679999999999904e-01 -9.833929999999999616e-01 2.606999999999999942e-03 -9.833939999999999904e-01 -1.814729999999999954e-01 -2.082000000000000083e-03
2.100000000000000000e+01 2.000000000000000000e+00 1.900000000000000000e+01 0.000000000000000000e+00 1.600000000000000089e+00 -1.832000000000000078e-03 8.576999999999999555e-03 -9.999620000000000175e-01 1.856180000000000052e-01 -9.825829999999999842e-01 -8.767999999999999752e-03 -9.826200000000000490e-01 -1.856269999999999865e-01 2.079999999999999872e-04
2.600000000000000000e+01 2.000000000000000000e+00 1.900000000000000000e+01 0.000000000000000000e+00 1.600000000000000089e+00 -4.719999999999999803e-04 1.056799999999999927e-02 -9.999440000000000550e-01 1.895779999999999965e-01 -9.818099999999999605e-01 -1.046599999999999961e-02 -9.818649999999999878e-01 -1.895729999999999915e-01 -1.539999999999999919e-03
3.000000000000000000e+01 2.000000000000000000e+00 1.900000000000000000e+01 0.000000000000000000e+00 1.600000000000000089e+00 4.730000000000000046e-04 -9.792000000000000356e-03 -9.999519999999999520e-01 1.927359999999999907e-01 -9.812030000000000474e-01 9.698999999999999289e-03 -9.812509999999999843e-01 -1.927310000000000134e-01 1.423000000000000003e-03
6.000000000000000000e+00 1.300000000000000000e+01 2.000000000000000000e+01 0.000000000000000000e+00 1.600000000000000089e+00 2.390000000000000089e-04 3.386999999999999820e-03 9.999940000000000495e-01 2.536169999999999813e-01 9.672990000000000199e-01 -3.337000000000000122e-03 -9.673049999999999704e-01 2.536160000000000081e-01 -6.279999999999999775e-04
2.100000000000000000e+01 1.300000000000000000e+01 2.000000000000000000e+01 0.000000000000000000e+00 1.600000000000000089e+00 -1.358000000000000049e-03 -2.661000000000000171e-03 9.999949999999999672e-01 2.497640000000000138e-01 9.683019999999999960e-01 2.916000000000000189e-03 -9.683060000000000000e-01 2.497669999999999890e-01 -6.509999999999999945e-04
2.500000000000000000e+01 1.300000000000000000e+01 2.000000000000000000e+01 0.000000000000000000e+00 1.600000000000000089e+00 -2.856000000000000032e-03 -1.223699999999999961e-02 9.999209999999999487e-01 2.509680000000000244e-01 9.679140000000000521e-01 1.256200000000000025e-02 -9.679910000000000458e-01 2.509839999999999849e-01 3.069999999999999812e-04
5.000000000000000000e+00 1.600000000000000000e+01 2.100000000000000000e+01 0.000000000000000000e+00 1.600000000000000089e+00 8.200000000000000095e-05 7.119999999999999593e-04 1.000000000000000000e+00 2.990439999999999765e-01 9.542389999999999484e-01 -7.039999999999999817e-04 -9.542389999999999484e-01 2.990439999999999765e-01 -1.350000000000000017e-04
1.100000000000000000e+01 1.600000000000000000e+01 2.100000000000000000e+01 0.000000000000000000e+00 1.600000000000000089e+00 5.818000000000000255e-03 1.177699999999999927e-02 9.999139999999999695e-01 2.991409999999999902e-01 9.541209999999999969e-01 -1.297799999999999995e-02 -9.541910000000000114e-01 2.991909999999999847e-01 2.027999999999999855e-03
1.500000000000000000e+01 1.600000000000000000e+01 2.100000000000000000e+01 0.000000000000000000e+00 1.600000000000000089e+00 5.283000000000000369e-03 1.250800000000000002e-02 9.999080000000000190e-01 2.974700000000000122e-01 9.546350000000000113e-01 -1.351399999999999997e-02 -9.547160000000000091e-01 2.975140000000000007e-01 1.322999999999999957e-03
2.600000000000000000e+01 1.600000000000000000e+01 2.100000000000000000e+01 0.000000000000000000e+00 1.600000000000000089e+00 -1.778000000000000067e-03 -1.173399999999999964e-02 9.999299999999999855e-01 2.963180000000000258e-01 9.550170000000000048e-01 1.173399999999999964e-02 -9.550880000000000480e-01 2.963180000000000258e-01 1.778999999999999982e-03
2.000000000000000000e+00 3.000000000000000000e+00 2.500000000000000000e+01 0.000000000000000000e+00 1.600000000000000089e+00 4.204000000000000271e-03 -5.054000000000000332e-03 9.999780000000000335e-01 -3.765500000000000097e-02 -9.992790000000000283e-01 -4.891999999999999647e-03 9.992820000000000036e-01 -3.763400000000000079e-02 -4.392000000000000071e-03
2.000000000000000000e+01 3.000000000000000000e+00 2.500000000000000000e+01 0.000000000000000000e+00 1.600000000000000089e+00 3.706999999999999792e-03 1.142999999999999919e-03 9.999919999999999920e-01 -5.600200000000000317e-02 -9.984300000000000397e-01 1.348999999999999939e-03 9.984239999999999782e-01 -5.600700000000000123e-02 -3.638000000000000175e-03
2.300000000000000000e+01 3.000000000000000000e+00 2.500000000000000000e+01 0.000000000000000000e+00 1.600000000000000089e+00 4.673000000000000070e-03 1.500399999999999998e-02 9.998759999999999870e-01 -5.225400000000000184e-02 -9.985180000000000167e-01 1.522800000000000022e-02 9.986230000000000384e-01 -5.231899999999999745e-02 -3.882000000000000034e-03
2.700000000000000000e+01 3.000000000000000000e+00 2.500000000000000000e+01 0.000000000000000000e+00 1.600000000000000089e+00 -3.100000000000000135e-05 8.044000000000000802e-03 9.999679999999999680e-01 -4.947900000000000215e-02 -9.987430000000000474e-01 8.031999999999999210e-03 9.987749999999999684e-01 -4.947700000000000015e-02 4.290000000000000193e-04
2.400000000000000000e+01 4.600000000000000000e+01 2.700000000000000000e+01 0.000000000000000000e+00 1.600000000000000089e+00 -5.230000000000000274e-04 -3.432999999999999854e-03 -9.999940000000000495e-01 6.624430000000000041e-01 7.491060000000000496e-01 -2.919000000000000154e-03 7.491120000000000001e-01 -6.624409999999999465e-01 1.882999999999999908e-03
4.000000000000000000e+00 4.600000000000000000e+01 3.000000000000000000e+01 0.000000000000000000e+00 1.600000000000000089e+00 1.075999999999999917e-03 1.487999999999999956e-03 -9.999980000000000535e-01 3.302539999999999920e-01 9.438910000000000355e-01 1.760000000000000063e-03 9.438919999999999533e-01 -3.302550000000000208e-01 5.240000000000000517e-04
9.000000000000000000e+00 4.600000000000000000e+01 3.000000000000000000e+01 0.000000000000000000e+00 1.600000000000000089e+00 -5.670000000000000127e-04 3.612999999999999892e-03 -9.999930000000000208e-01 3.341060000000000141e-01 9.425299999999999789e-01 3.216000000000000109e-03 9.425350000000000117e-01 -3.341020000000000101e-01 -1.742000000000000059e-03
1.100000000000000000e+01 4.600000000000000000e+01 3.500000000000000000e+01 0.000000000000000000e+00 1.600000000000000089e+00 2.036000000000000049e-03 -2.396999999999999825e-03 -9.999949999999999672e-01 3.887630000000000252e-01 -9.213329999999999576e-01 3.000000000000000062e-03 -9.213360000000000438e-01 -3.887669999999999737e-01 -9.439999999999999607e-04
1.400000000000000000e+01 4.600000000000000000e+01 3.500000000000000000e+01 0.000000000000000000e+00 1.600000000000000089e+00 7.770000000000000214e-04 -3.445000000000000145e-03 -9.999940000000000495e-01 3.891649999999999832e-01 -9.211610000000000076e-01 3.475999999999999923e-03 -9.211679999999999868e-01 -3.891660000000000119e-01 6.250000000000000130e-04
1.700000000000000000e+01 4.600000000000000000e+01 3.500000000000000000e+01 0.000000000000000000e+00 1.600000000000000089e+00 -1.820000000000000057e-04 -4.444000000000000034e-03 -9.999900000000000455e-01 3.892590000000000217e-01 -9.211200000000000498e-01 4.022999999999999667e-03 -9.211289999999999756e-01 -3.892539999999999889e-01 1.897999999999999948e-03
2.400000000000000000e+01 4.600000000000000000e+01 3.500000000000000000e+01 0.000000000000000000e+00 1.600000000000000089e+00 -2.147000000000000037e-03 1.564000000000000069e-03 -9.999959999999999960e-01 3.909139999999999837e-01 -9.204240000000000199e-01 -2.279000000000000210e-03 -9.204250000000000487e-01 -3.909179999999999877e-01 1.363999999999999978e-03
1.000000000000000000e+00 9.500000000000000000e+01 3.600000000000000000e+01 0.000000000000000000e+00 1.600000000000000089e+00 2.210200000000000012e-02 2.458400000000000168e-02 9.994530000000000358e-01 9.980350000000000055e-01 5.808900000000000174e-02 -2.349899999999999906e-02 -5.863499999999999962e-02 9.980090000000000350e-01 -2.325199999999999836e-02
9.000000000000000000e+00 9.500000000000000000e+01 3.600000000000000000e+01 0.000000000000000000e+00 1.600000000000000089e+00 1.734899999999999984e-02 4.068200000000000288e-02 9.990219999999999656e-01 9.966369999999999951e-01 7.932200000000000362e-02 -2.053800000000000070e-02 -8.007999999999999841e-02 9.960189999999999877e-01 -3.916900000000000243e-02
2.500000000000000000e+01 9.500000000000000000e+01 3.600000000000000000e+01 0.000000000000000000e+00 1.600000000000000089e+00 -7.915000000000000160e-03 -1.289200000000000068e-02 9.998860000000000525e-01 9.979369999999999630e-01 6.360799999999999788e-02 8.720000000000000320e-03 -6.371300000000000574e-02 9.978920000000000012e-01 1.236199999999999972e-02
1.800000000000000000e+01 2.900000000000000000e+01 4.400000000000000000e+01 0.000000000000000000e+00 1.600000000000000089e+00 -5.559999999999999621e-04 -1.539300000000000043e-02 -9.998810000000000198e-01 6.756619999999999848e-01 7.371180000000000510e-01 -1.172300000000000078e-02 7.372109999999999497e-01 -6.755879999999999663e-01 9.990000000000000616e-03
2.800000000000000000e+01 2.900000000000000000e+01 4.400000000000000000e+01 0.000000000000000000e+00 1.600000000000000089e+00 4.513999999999999783e-03 7.287000000000000074e-03 -9.999630000000000463e-01 6.404940000000000078e-01 7.679169999999999607e-01 8.486999999999999753e-03 7.679500000000000215e-01 -6.405079999999999663e-01 -1.201000000000000028e-03
1.100000000000000000e+01 2.600000000000000000e+01 4.800000000000000000e+01 0.000000000000000000e+00 1.600000000000000089e+00 -2.964000000000000055e-03 -8.606300000000000061e-02 -9.962849999999999762e-01 -8.409300000000000108e-02 9.927820000000000533e-01 -8.551000000000000267e-02 9.964530000000000332e-01 8.352700000000000402e-02 -1.017999999999999981e-02
1.600000000000000000e+01 2.900000000000000000e+01 4.800000000000000000e+01 0.000000000000000000e+00 1.600000000000000089e+00 -9.780000000000000498e-03 -8.643599999999999894e-02 9.962090000000000112e-01 3.780930000000000124e-01 9.219749999999999890e-01 8.370700000000000363e-02 -9.257159999999999833e-01 3.774790000000000090e-01 2.366400000000000101e-02
2.400000000000000000e+01 5.000000000000000000e+00 5.100000000000000000e+01 0.000000000000000000e+00 1.600000000000000089e+00 1.245000000000000013e-03 -8.484999999999999487e-03 -9.999630000000000463e-01 4.879930000000000101e-01 -8.728110000000000035e-01 8.014000000000000290e-03 -8.728460000000000107e-01 -4.879850000000000021e-01 3.053999999999999857e-03
2.300000000000000000e+01 3.900000000000000000e+01 5.100000000000000000e+01 0.000000000000000000e+00 1.600000000000000089e+00 -1.010100000000000060e-02 -3.266700000000000159e-01 9.450840000000000352e-01 3.330270000000000175e-01 8.900770000000000071e-01 3.112159999999999926e-01 -9.428630000000000067e-01 3.178830000000000267e-01 9.979899999999999882e-02
1.700000000000000000e+01 1.150000000000000000e+02 5.100000000000000000e+01 0.000000000000000000e+00 1.600000000000000089e+00 2.128999999999999816e-03 1.449499999999999920e-02 9.998930000000000318e-01 8.455899999999999528e-01 -5.337990000000000235e-01 5.937999999999999702e-03 5.338279999999999692e-01 8.454869999999999886e-01 -1.339300000000000039e-02
2.200000000000000000e+01 7.000000000000000000e+00 5.200000000000000000e+01 0.000000000000000000e+00 1.600000000000000089e+00 -2.681999999999999922e-03 -6.511000000000000294e-03 -9.999749999999999472e-01 1.068759999999999988e-01 -9.942530000000000534e-01 6.186999999999999791e-03 -9.942689999999999584e-01 -1.068569999999999937e-01 3.361999999999999971e-03
2.400000000000000000e+01 4.000000000000000000e+01 5.200000000000000000e+01 0.000000000000000000e+00 1.600000000000000089e+00 2.210999999999999858e-03 -2.073240000000000083e-01 9.782699999999999729e-01 1.694279999999999953e-01 9.642060000000000075e-01 2.039610000000000034e-01 -9.855399999999999716e-01 1.652949999999999975e-01 3.725799999999999945e-02
7.000000000000000000e+00 6.300000000000000000e+01 5.400000000000000000e+01 0.000000000000000000e+00 1.600000000000000089e+00 -8.440000000000000236e-04 9.560000000000000355e-04 9.999989999999999712e-01 -3.637319999999999998e-01 9.315029999999999699e-01 -1.196999999999999930e-03 -9.315029999999999699e-01 -3.637329999999999730e-01 -4.389999999999999914e-04
1.000000000000000000e+01 6.300000000000000000e+01 5.400000000000000000e+01 0.000000000000000000e+00 1.600000000000000089e+00 3.840000000000000097e-04 1.379000000000000017e-03 9.999989999999999712e-01 -3.673600000000000199e-01 9.300779999999999603e-01 -1.141000000000000087e-03 -9.300789999999999891e-01 -3.673589999999999911e-01 8.639999999999999677e-04
1.500000000000000000e+01 6.300000000000000000e+01 5.400000000000000000e+01 0.000000000000000000e+00 1.600000000000000089e+00 4.009999999999999893e-04 -4.543000000000000163e-03 9.999900000000000455e-01 -3.691030000000000144e-01 9.293780000000000374e-01 4.369999999999999753e-03 -9.293879999999999919e-01 -3.691010000000000124e-01 -1.304000000000000038e-03
2.100000000000000000e+01 6.300000000000000000e+01 5.400000000000000000e+01 0.000000000000000000e+00 1.600000000000000089e+00 -1.000000000000000048e-04 -5.300000000000000078e-05 1.000000000000000000e+00 -3.636110000000000175e-01 9.315510000000000179e-01 1.299999999999999920e-05 -9.315510000000000179e-01 -3.636110000000000175e-01 -1.129999999999999955e-04
2.400000000000000000e+01 6.300000000000000000e+01 5.400000000000000000e+01 0.000000000000000000e+00 1.600000000000000089e+00 -6.819999999999999890e-04 1.201999999999999943e-03 9.999989999999999712e-01 -3.640379999999999727e-01 9.313829999999999609e-01 -1.368000000000000075e-03 -9.313839999999999897e-01 -3.640390000000000015e-01 -1.969999999999999909e-04
2.800000000000000000e+01 6.300000000000000000e+01 5.400000000000000000e+01 0.000000000000000000e+00 1.600000000000000089e+00 -1.044999999999999922e-03 6.239999999999999887e-04 9.999989999999999712e-01 -3.640419999999999767e-01 9.313820000000000432e-01 -9.610000000000000486e-04 -9.313820000000000432e-01 -3.640430000000000055e-01 -7.460000000000000268e-04
2.900000000000000000e+01 2.500000000000000000e+01 5.500000000000000000e+01 0.000000000000000000e+00 1.600000000000000089e+00 1.279999999999999942e-04 -5.127999999999999746e-03 -9.999869999999999592e-01 -1.226400000000000060e-02 -9.999120000000000230e-01 5.126000000000000348e-03 -9.999249999999999527e-01 1.226299999999999960e-02 -1.910000000000000077e-04
6.000000000000000000e+00 2.100000000000000000e+01 6.000000000000000000e+01 0.000000000000000000e+00 1.600000000000000089e+00 -5.899999999999999754e-05 2.837999999999999811e-03 9.999959999999999960e-01 -9.553100000000000480e-02 9.954220000000000290e-01 -2.831000000000000183e-03 -9.954260000000000330e-01 -9.553100000000000480e-02 2.120000000000000031e-04
1.100000000000000000e+01 2.100000000000000000e+01 6.000000000000000000e+01 0.000000000000000000e+00 1.600000000000000089e+00 1.054000000000000032e-03 7.556000000000000216e-03 9.999710000000000543e-01 -9.464599999999999402e-02 9.954830000000000068e-01 -7.421999999999999778e-03 -9.955100000000000060e-01 -9.463499999999999690e-02 1.763999999999999943e-03
1.800000000000000000e+01 2.100000000000000000e+01 6.000000000000000000e+01 0.000000000000000000e+00 1.600000000000000089e+00 5.910000000000000539e-04 -6.049999999999999606e-04 1.000000000000000000e+00 -9.644300000000000095e-02 9.953379999999999450e-01 6.589999999999999721e-04 -9.953379999999999450e-01 -9.644300000000000095e-02 5.299999999999999807e-04
2.100000000000000000e+01 2.100000000000000000e+01 6.000000000000000000e+01 0.000000000000000000e+00 1.600000000000000089e+00 8.970000000000000109e-04 -3.520000000000000125e-03 9.999930000000000208e-01 -9.804300000000000515e-02 9.951759999999999495e-01 3.591000000000000008e-03 -9.951820000000000110e-01 -9.804499999999999327e-02 5.479999999999999845e-04
2.700000000000000000e+01 2.100000000000000000e+01 6.000000000000000000e+01 0.000000000000000000e+00 1.600000000000000089e+00 -1.299999999999999886e-04 5.218999999999999681e-03 9.999860000000000415e-01 -9.904100000000000403e-02 9.950700000000000101e-01 -5.205999999999999690e-03 -9.950830000000000508e-01 -9.904000000000000303e-02 3.869999999999999742e-04
3.000000000000000000e+00 2.700000000000000000e+01 6.300000000000000000e+01 0.000000000000000000e+00 1.600000000000000089e+00 1.074000000000000085e-03 2.562000000000000041e-03 9.999959999999999960e-01 -2.799119999999999941e-01 9.600229999999999597e-01 -2.158999999999999895e-03 -9.600250000000000172e-01 -2.799079999999999901e-01 1.747999999999999988e-03
1.300000000000000000e+01 2.700000000000000000e+01 6.300000000000000000e+01 0.000000000000000000e+00 1.600000000000000089e+00 -1.196000000000000014e-03 -2.262000000000000122e-03 9.999970000000000248e-01 -2.737220000000000208e-01 9.618069999999999675e-01 1.848000000000000033e-03 -9.618079999999999963e-01 -2.737180000000000168e-01 -1.770000000000000089e-03
1.900000000000000000e+01 2.700000000000000000e+01 6.300000000000000000e+01 0.000000000000000000e+00 1.600000000000000089e+00 -1.270000000000000078e-03 -2.949999999999999931e-03 9.999949999999999672e-01 -2.794380000000000197e-01 9.601600000000000135e-01 2.478000000000000168e-03 -9.601629999999999887e-01 -2.794340000000000157e-01 -2.043999999999999810e-03
2.200000000000000000e+01 2.700000000000000000e+01 6.300000000000000000e+01 0.000000000000000000e+00 1.600000000000000089e+00 1.118000000000000070e-03 -2.500000000000000052e-04 9.999989999999999712e-01 -2.789940000000000198e-01 9.602929999999999522e-01 5.519999999999999733e-04 -9.602920000000000345e-01 -2.789940000000000198e-01 1.003999999999999901e-03
2.600000000000000000e+01 2.700000000000000000e+01 6.300000000000000000e+01 0.000000000000000000e+00 1.600000000000000089e+00 3.212000000000000011e-03 2.667000000000000100e-03 9.999909999999999632e-01 -2.749099999999999877e-01 9.614679999999999893e-01 -1.680999999999999986e-03 -9.614650000000000141e-01 -2.749019999999999797e-01 3.821000000000000178e-03
6.000000000000000000e+00 4.400000000000000000e+01 6.300000000000000000e+01 0.000000000000000000e+00 1.600000000000000089e+00 5.590000000000000351e-04 4.219999999999999793e-03 -9.999909999999999632e-01 -6.679659999999999487e-01 -7.441839999999999566e-01 -3.514000000000000196e-03 -7.441919999999999646e-01 6.679619999999999447e-01 2.403000000000000188e-03
1.000000000000000000e+01 4.400000000000000000e+01 6.300000000000000000e+01 0.000000000000000000e+00 1.600000000000000089e+00 9.128000000000000697e-03 2.210399999999999865e-02 -9.997139999999999915e-01 -6.748290000000000122e-01 -7.376319999999999544e-01 -2.247100000000000139e-02 -7.379179999999999628e-01 6.748410000000000242e-01 8.182999999999999302e-03
1.800000000000000000e+01 4.400000000000000000e+01 6.300000000000000000e+01 0.000000000000000000e+00 1.600000000000000089e+00 9.809999999999999276e-03 -2.874799999999999925e-02 -9.995389999999999553e-01 -7.163709999999999800e-01 -6.975980000000000514e-01 1.303299999999999945e-02 -6.976510000000000211e-01 7.159130000000000216e-01 -2.743800000000000058e-02
3.000000000000000000e+00 2.600000000000000000e+01 6.400000000000000000e+01 0.000000000000000000e+00 1.600000000000000089e+00 2.669999999999999847e-04 3.518999999999999993e-03 9.999940000000000495e-01 -3.734950000000000214e-01 9.276269999999999794e-01 -3.164999999999999845e-03 -9.276320000000000121e-01 -3.734919999999999907e-01 1.562000000000000020e-03
7.000000000000000000e+00 2.600000000000000000e+01 6.400000000000000000e+01 0.000000000000000000e+00 1.600000000000000089e+00 1.301999999999999989e-03 5.618999999999999863e-03 9.999829999999999552e-01 -3.683210000000000095e-01 9.296860000000000124e-01 -4.743999999999999953e-03 -9.296980000000000244e-01 -3.683089999999999975e-01 3.279999999999999930e-03
1.300000000000000000e+01 2.600000000000000000e+01 6.400000000000000000e+01 0.000000000000000000e+00 1.600000000000000089e+00 -7.640000000000000306e-04 -1.721000000000000090e-03 9.999980000000000535e-01 -3.626389999999999891e-01 9.319290000000000074e-01 1.327000000000000055e-03 -9.319290000000000074e-01 -3.626380000000000159e-01 -1.337000000000000081e-03
1.900000000000000000e+01 2.600000000000000000e+01 6.400000000000000000e+01 0.000000000000000000e+00 1.600000000000000089e+00 -1.020999999999999989e-03 -2.729000000000000089e-03 9.999959999999999960e-01 -3.693850000000000189e-01 9.292740000000000444e-01 2.158999999999999895e-03 -9.292759999999999909e-01 -3.693810000000000149e-01 -1.956999999999999972e-03
2.200000000000000000e+01 2.600000000000000000e+01 6.400000000000000000e+01 0.000000000000000000e+00 1.600000000000000089e+00 7.100000000000000191e-04 7.219999999999999855e-04 9.999989999999999712e-01 -3.692460000000000186e-01 9.293310000000000182e-01 -4.079999999999999968e-04 -9.293310000000000182e-01 -3.692460000000000186e-01 9.259999999999999568e-04
2.600000000000000000e+01 2.600000000000000000e+01 6.400000000000000000e+01 0.000000000000000000e+00 1.600000000000000089e+00 2.579999999999999828e-03 3.090999999999999998e-03 9.999919999999999920e-01 -3.631849999999999801e-01 9.317149999999999599e-01 -1.943000000000000066e-03 -9.317140000000000422e-01 -3.631770000000000276e-01 3.526000000000000054e-03
2.100000000000000000e+01 5.600000000000000000e+01 6.400000000000000000e+01 0.000000000000000000e+00 1.600000000000000089e+00 -1.450380000000000003e-01 2.622329999999999939e-01 -9.540429999999999744e-01 1.317600000000000021e-02 9.646649999999999947e-01 2.631499999999999950e-01 9.893380000000000507e-01 2.559700000000000170e-02 -1.433689999999999964e-01
2.900000000000000000e+01 5.200000000000000000e+01 6.600000000000000000e+01 0.000000000000000000e+00 1.600000000000000089e+00 1.878640000000000032e-01 7.539200000000000068e-02 9.792969999999999731e-01 5.406560000000000255e-01 8.244629999999999459e-01 -1.671890000000000043e-01 -8.199990000000000334e-01 5.608720000000000372e-01 1.141260000000000052e-01
2.700000000000000000e+01 5.300000000000000000e+01 6.600000000000000000e+01 0.000000000000000000e+00 1.600000000000000089e+00 2.168470000000000120e-01 5.147700000000000192e-02 9.748470000000000191e-01 5.564780000000000282e-01 8.139549999999999841e-01 -1.667649999999999966e-01 -8.020659999999999457e-01 5.786430000000000184e-01 1.478579999999999894e-01
1.400000000000000000e+01 4.300000000000000000e+01 7.300000000000000000e+01 0.000000000000000000e+00 1.600000000000000089e+00 -4.793200000000000238e-02 -1.119730000000000031e-01 9.925549999999999651e-01 5.148400000000000198e-02 -9.926530000000000076e-01 -1.094969999999999971e-01 9.975230000000000485e-01 4.585199999999999693e-02 5.334400000000000253e-02
4.000000000000000000e+00 4.400000000000000000e+01 7.300000000000000000e+01 0.000000000000000000e+00 1.600000000000000089e+00 -1.694999999999999892e-03 -4.329000000000000382e-03 9.999890000000000168e-01 5.668200000000000321e-02 -9.983830000000000204e-01 -4.225999999999999722e-03 9.983910000000000284e-01 5.667500000000000315e-02 1.938000000000000052e-03
1.100000000000000000e+01 4.400000000000000000e+01 7.300000000000000000e+01 0.000000000000000000e+00 1.600000000000000089e+00 -3.650400000000000172e-02 -1.116260000000000030e-01 9.930799999999999628e-01 2.171199999999999866e-02 -9.935960000000000347e-01 -1.108849999999999975e-01 9.990980000000000416e-01 1.751399999999999832e-02 3.869399999999999923e-02
2.000000000000000000e+00 2.500000000000000000e+01 7.400000000000000000e+01 0.000000000000000000e+00 1.600000000000000089e+00 4.807999999999999774e-03 -1.711999999999999980e-03 9.999869999999999592e-01 8.226379999999999804e-01 -5.685440000000000493e-01 -4.929000000000000221e-03 5.685449999999999671e-01 8.226510000000000211e-01 -1.325999999999999922e-03
6.000000000000000000e+00 2.500000000000000000e+01 7.400000000000000000e+01 0.000000000000000000e+00 1.600000000000000089e+00 5.119999999999999768e-04 1.630000000000000047e-04 1.000000000000000000e+00 8.231479999999999908e-01 -5.678269999999999706e-01 -3.289999999999999739e-04 5.678269999999999706e-01 8.231479999999999908e-01 -4.249999999999999763e-04
1.400000000000000000e+01 2.500000000000000000e+01 7.400000000000000000e+01 0.000000000000000000e+00 1.600000000000000089e+00 9.610000000000000486e-04 -5.529999999999999976e-04 9.999989999999999712e-01 8.279320000000000013e-01 -5.608279999999999932e-01 -1.105999999999999995e-03 5.608279999999999932e-01 8.279320000000000013e-01 -8.100000000000000375e-05
1.900000000000000000e+01 2.500000000000000000e+01 7.400000000000000000e+01 0.000000000000000000e+00 1.600000000000000089e+00 -3.445999999999999844e-03 -9.105000000000000246e-03 9.999529999999999808e-01 8.202129999999999699e-01 -5.720530000000000337e-01 -2.383000000000000135e-03 5.720480000000000009e-01 8.201659999999999506e-01 9.438999999999999474e-03
2.600000000000000000e+01 2.500000000000000000e+01 7.400000000000000000e+01 0.000000000000000000e+00 1.600000000000000089e+00 -5.509999999999999490e-04 2.537999999999999892e-03 9.999970000000000248e-01 8.210840000000000360e-01 -5.708039999999999781e-01 1.900999999999999912e-03 5.708069999999999533e-01 8.210830000000000073e-01 -1.768999999999999956e-03
5.000000000000000000e+00 9.100000000000000000e+01 7.600000000000000000e+01 0.000000000000000000e+00 1.600000000000000089e+00 6.960000000000000041e-04 -7.219999999999999855e-04 1.000000000000000000e+00 4.003920000000000257e-01 -9.163440000000000474e-01 -9.399999999999999719e-04 9.163440000000000474e-01 4.003920000000000257e-01 -3.490000000000000263e-04
1.300000000000000000e+01 9.100000000000000000e+01 7.600000000000000000e+01 0.000000000000000000e+00 1.600000000000000089e+00 1.250999999999999942e-03 1.260999999999999968e-03 9.999980000000000535e-01 3.956450000000000244e-01 -9.184029999999999694e-01 6.629999999999999609e-04 9.184029999999999694e-01 3.956439999999999957e-01 -1.647999999999999942e-03
1.900000000000000000e+01 9.100000000000000000e+01 7.600000000000000000e+01 0.000000000000000000e+00 1.600000000000000089e+00 -1.479999999999999979e-03 -2.374999999999999941e-03 9.999959999999999960e-01 3.958130000000000259e-01 -9.183299999999999796e-01 -1.595999999999999979e-03 9.183299999999999796e-01 3.958099999999999952e-01 2.298999999999999828e-03
2.400000000000000000e+01 9.100000000000000000e+01 7.600000000000000000e+01 0.000000000000000000e+00 1.600000000000000089e+00 -3.828999999999999938e-03 -1.637999999999999916e-03 9.999909999999999632e-01 3.891140000000000154e-01 -9.211899999999999533e-01 -1.900000000000000105e-05 9.211819999999999453e-01 3.891100000000000114e-01 4.165000000000000299e-03
3.000000000000000000e+01 9.100000000000000000e+01 7.600000000000000000e+01 0.000000000000000000e+00 1.600000000000000089e+00 -1.675999999999999972e-03 4.228799999999999920e-02 9.991039999999999921e-01 3.214670000000000027e-01 -9.460509999999999753e-01 4.058200000000000002e-02 9.469189999999999552e-01 3.212470000000000048e-01 -1.200900000000000058e-02
1.600000000000000000e+01 9.000000000000000000e+00 8.200000000000000000e+01 0.000000000000000000e+00 1.600000000000000089e+00 -2.979999999999999793e-04 4.500999999999999793e-03 -9.999900000000000455e-01 5.708710000000000173e-01 8.210319999999999840e-01 3.524999999999999922e-03 8.210399999999999920e-01 -5.708640000000000381e-01 -2.814999999999999794e-03
2.700000000000000000e+01 9.000000000000000000e+00 8.200000000000000000e+01 0.000000000000000000e+00 1.600000000000000089e+00 3.680000000000000003e-04 -6.109999999999999980e-03 -9.999810000000000088e-01 5.704200000000000381e-01 8.213390000000000413e-01 -4.808999999999999907e-03 8.213529999999999998e-01 -5.704080000000000261e-01 3.787000000000000002e-03
1.000000000000000000e+00 4.400000000000000000e+01 8.300000000000000000e+01 0.000000000000000000e+00 1.600000000000000089e+00 -2.576999999999999864e-03 -2.089999999999999844e-03 9.999940000000000495e-01 5.696489999999999609e-01 -8.218879999999999519e-01 -2.500000000000000052e-04 8.218839999999999479e-01 5.696459999999999857e-01 3.308000000000000176e-03
9.000000000000000000e+00 1.010000000000000000e+02 8.300000000000000000e+01 0.000000000000000000e+00 1.600000000000000089e+00 -8.120000000000000048e-04 -1.118999999999999986e-03 9.999989999999999712e-01 9.952499999999999680e-01 9.734900000000000497e-02 9.169999999999999549e-04 -9.735000000000000597e-02 9.952499999999999680e-01 1.034999999999999896e-03
2.100000000000000000e+01 4.800000000000000000e+01 8.400000000000000000e+01 0.000000000000000000e+00 1.600000000000000089e+00 -4.747999999999999617e-03 -4.061000000000000373e-03 -9.999810000000000088e-01 -9.465750000000000552e-01 -3.224330000000000251e-01 5.804000000000000131e-03 -3.224500000000000144e-01 9.465839999999999810e-01 -2.312999999999999952e-03
4.000000000000000000e+00 1.500000000000000000e+01 8.600000000000000000e+01 0.000000000000000000e+00 1.600000000000000089e+00 -4.343999999999999771e-03 1.593999999999999931e-03 -9.999890000000000168e-01 1.893680000000000085e-01 9.819059999999999455e-01 7.429999999999999539e-04 9.818970000000000198e-01 -1.893630000000000035e-01 -4.566999999999999879e-03
7.000000000000000000e+00 1.500000000000000000e+01 8.600000000000000000e+01 0.000000000000000000e+00 1.600000000000000089e+00 -5.394000000000000357e-03 2.468000000000000142e-03 -9.999820000000000375e-01 1.890400000000000136e-01 9.819679999999999520e-01 1.404000000000000083e-03 9.819550000000000223e-01 -1.890290000000000026e-01 -5.762999999999999894e-03
1.500000000000000000e+01 1.500000000000000000e+01 8.600000000000000000e+01 0.000000000000000000e+00 1.600000000000000089e+00 -2.769000000000000194e-03 4.209000000000000068e-03 -9.999869999999999592e-01 1.919430000000000025e-01 9.813990000000000213e-01 3.599000000000000202e-03 9.814019999999999966e-01 -1.919309999999999905e-01 -3.524999999999999922e-03
2.200000000000000000e+01 1.500000000000000000e+01 8.600000000000000000e+01 0.000000000000000000e+00 1.600000000000000089e+00 -4.279999999999999950e-04 2.785999999999999848e-03 -9.999959999999999960e-01 1.902590000000000114e-01 9.817299999999999915e-01 2.654000000000000109e-03 9.817339999999999955e-01 -1.902570000000000094e-01 -9.499999999999999981e-04
2.700000000000000000e+01 1.500000000000000000e+01 8.600000000000000000e+01 0.000000000000000000e+00 1.600000000000000089e+00 1.131000000000000061e-03 3.454000000000000039e-03 -9.999930000000000208e-01 1.910999999999999921e-01 9.815639999999999921e-01 3.605999999999999830e-03 9.815700000000000536e-01 -1.911029999999999951e-01 4.510000000000000120e-04
