1.300000000000000000e+01 2.500000000000000000e+01 1.000000000000000000e+00 0.000000000000000000e+00 1.600000000000000089e+00 -1.041999999999999958e-03 1.276000000000000007e-03 -9.999989999999999712e-01 -5.240019999999999678e-01 -8.517169999999999463e-01 -5.410000000000000312e-04 -8.517160000000000286e-01 5.240010000000000501e-01 1.556000000000000091e-03
1.700000000000000000e+01 2.500000000000000000e+01 1.000000000000000000e+00 0.000000000000000000e+00 1.600000000000000089e+00 -7.519999999999999558e-04 3.330000000000000061e-03 -9.999940000000000495e-01 -5.225940000000000030e-01 -8.525779999999999470e-01 -2.445999999999999824e-03 -8.525819999999999510e-01 5.225889999999999702e-01 2.380999999999999870e-03
8.000000000000000000e+00 1.500000000000000000e+01 4.000000000000000000e+00 0.000000000000000000e+00 1.600000000000000089e+00 1.435999999999999993e-03 -1.874000000000000015e-03 9.999970000000000248e-01 3.176820000000000199e-01 -9.481950000000000101e-01 -2.233000000000000176e-03 9.481960000000000388e-01 3.176849999999999952e-01 -7.659999999999999708e-04
1.400000000000000000e+01 1.500000000000000000e+01 4.000000000000000000e+00 0.000000000000000000e+00 1.600000000000000089e+00 1.088999999999999907e-03 -3.214999999999999976e-03 9.999940000000000495e-01 3.252200000000000091e-01 -9.456320000000000281e-01 -3.393999999999999882e-03 9.456379999999999786e-01 3.252220000000000111e-01 1.500000000000000038e-05
1.800000000000000000e+01 1.500000000000000000e+01 4.000000000000000000e+00 0.000000000000000000e+00 1.600000000000000089e+00 6.600000000000000506e-05 2.429999999999999977e-04 1.000000000000000000e+00 3.259969999999999812e-01 -9.453709999999999614e-01 2.079999999999999872e-04 9.453709999999999614e-01 3.259969999999999812e-01 -1.420000000000000092e-04
2.200000000000000000e+01 1.500000000000000000e+01 4.000000000000000000e+00 0.000000000000000000e+00 1.600000000000000089e+00 -2.605000000000000111e-03 -4.906999999999999904e-03 9.999850000000000128e-01 3.251609999999999778e-01 -9.456510000000000193e-01 -3.794000000000000063e-03 9.456550000000000233e-01 3.251459999999999906e-01 4.059000000000000108e-03
2.500000000000000000e+01 1.500000000000000000e+01 4.000000000000000000e+00 0.000000000000000000e+00 1.600000000000000089e+00 -2.762000000000000132e-03 -4.185000000000000352e-03 9.999869999999999592e-01 3.243829999999999769e-01 -9.459210000000000118e-01 -3.063000000000000184e-03 9.459220000000000406e-01 3.243710000000000204e-01 3.969999999999999571e-03
8.000000000000000000e+00 1.010000000000000000e+02 7.000000000000000000e+00 0.000000000000000000e+00 1.600000000000000089e+00 1.710000000000000094e-04 1.674399999999999847e-02 9.998599999999999710e-01 8.886420000000000430e-01 4.585339999999999971e-01 -7.830999999999999420e-03 -4.586009999999999809e-01 8.885189999999999477e-01 -1.480099999999999992e-02
1.200000000000000000e+01 1.010000000000000000e+02 7.000000000000000000e+00 0.000000000000000000e+00 1.600000000000000089e+00 -3.748000000000000029e-03 2.615999999999999836e-03 9.999900000000000455e-01 8.886540000000000550e-01 4.585739999999999816e-01 2.131000000000000082e-03 -4.585629999999999984e-01 8.886519999999999975e-01 -4.042999999999999719e-03
3.000000000000000000e+01 1.010000000000000000e+02 7.000000000000000000e+00 0.000000000000000000e+00 1.600000000000000089e+00 -2.929000000000000180e-03 2.000000000000000164e-05 9.999959999999999960e-01 8.845039999999999569e-01 4.665250000000000230e-01 2.580999999999999961e-03 -4.665230000000000210e-01 8.845079999999999609e-01 -1.384000000000000031e-03
6.000000000000000000e+00 2.500000000000000000e+01 8.000000000000000000e+00 0.000000000000000000e+00 1.600000000000000089e+00 2.438000000000000063e-03 6.255000000000000143e-03 -9.999770000000000048e-01 4.480750000000000011e-01 8.939709999999999601e-01 6.683999999999999837e-03 8.939920000000000089e-01 -4.480819999999999803e-01 -6.229999999999999644e-04
1.100000000000000000e+01 2.500000000000000000e+01 8.000000000000000000e+00 0.000000000000000000e+00 1.600000000000000089e+00 7.159999999999999481e-04 3.640000000000000006e-03 -9.999930000000000208e-01 4.467349999999999932e-01 8.946589999999999820e-01 3.576999999999999885e-03 8.946659999999999613e-01 -4.467340000000000200e-01 -9.849999999999999815e-04
1.500000000000000000e+01 2.500000000000000000e+01 8.000000000000000000e+00 0.000000000000000000e+00 1.600000000000000089e+00 1.345999999999999974e-03 -4.053000000000000179e-03 -9.999909999999999632e-01 4.456499999999999906e-01 8.952020000000000532e-01 -3.027999999999999876e-03 8.952059999999999462e-01 -4.456410000000000093e-01 3.010999999999999788e-03
2.100000000000000000e+01 2.500000000000000000e+01 8.000000000000000000e+00 0.000000000000000000e+00 1.600000000000000089e+00 1.227000000000000009e-03 3.583999999999999946e-03 -9.999930000000000208e-01 4.472650000000000237e-01 8.943940000000000223e-01 3.753999999999999958e-03 8.944010000000000016e-01 -4.472659999999999969e-01 -5.050000000000000235e-04
2.500000000000000000e+01 2.500000000000000000e+01 8.000000000000000000e+00 0.000000000000000000e+00 1.600000000000000089e+00 5.039999999999999992e-04 1.959999999999999937e-03 -9.999980000000000535e-01 4.478829999999999756e-01 8.940900000000000514e-01 1.978000000000000157e-03 8.940919999999999979e-01 -4.478829999999999756e-01 -4.270000000000000249e-04
6.000000000000000000e+00 2.400000000000000000e+01 9.000000000000000000e+00 0.000000000000000000e+00 1.600000000000000089e+00 2.301999999999999793e-03 6.314000000000000168e-03 -9.999770000000000048e-01 4.512660000000000005e-01 8.923640000000000461e-01 6.674000000000000245e-03 8.923860000000000126e-01 -4.512720000000000065e-01 -7.960000000000000495e-04
1.100000000000000000e+01 2.400000000000000000e+01 9.000000000000000000e+00 0.000000000000000000e+00 1.600000000000000089e+00 6.599999999999999964e-04 2.706000000000000072e-03 -9.999959999999999960e-01 4.485259999999999803e-01 8.937659999999999494e-01 2.714999999999999965e-03 8.937690000000000357e-01 -4.485259999999999803e-01 -6.239999999999999887e-04
1.400000000000000000e+01 2.400000000000000000e+01 9.000000000000000000e+00 0.000000000000000000e+00 1.600000000000000089e+00 1.402999999999999950e-03 -2.690000000000000117e-03 -9.999949999999999672e-01 4.480009999999999826e-01 8.940310000000000201e-01 -1.776000000000000018e-03 8.940320000000000489e-01 -4.479960000000000053e-01 2.458999999999999814e-03
1.800000000000000000e+01 2.400000000000000000e+01 9.000000000000000000e+00 0.000000000000000000e+00 1.600000000000000089e+00 7.910000000000000364e-04 -3.181999999999999933e-03 -9.999949999999999672e-01 4.478090000000000126e-01 8.941259999999999764e-01 -2.491000000000000159e-03 8.941289999999999516e-01 -4.478039999999999798e-01 2.132999999999999913e-03
2.400000000000000000e+01 2.400000000000000000e+01 9.000000000000000000e+00 0.000000000000000000e+00 1.600000000000000089e+00 6.589999999999999721e-04 6.845999999999999655e-03 -9.999759999999999760e-01 4.508739999999999970e-01 8.925650000000000528e-01 6.407999999999999634e-03 8.925870000000000193e-01 -4.508679999999999910e-01 -2.497999999999999787e-03
1.000000000000000000e+01 1.200000000000000000e+01 1.000000000000000000e+01 0.000000000000000000e+00 1.600000000000000089e+00 -5.370000000000000424e-04 -3.112999999999999882e-03 -9.999949999999999672e-01 -5.538589999999999902e-01 -8.326059999999999572e-01 2.890000000000000208e-03 -8.326099999999999612e-01 5.538579999999999615e-01 -1.276999999999999923e-03
1.300000000000000000e+01 1.200000000000000000e+01 1.000000000000000000e+01 0.000000000000000000e+00 1.600000000000000089e+00 -1.376999999999999969e-03 -1.041899999999999944e-02 -9.999449999999999728e-01 -5.548189999999999511e-01 -8.319180000000000463e-01 9.431999999999999412e-03 -8.319699999999999873e-01 5.548009999999999886e-01 -4.635000000000000231e-03
2.400000000000000000e+01 1.200000000000000000e+01 1.000000000000000000e+01 0.000000000000000000e+00 1.600000000000000089e+00 1.551999999999999994e-03 2.268000000000000051e-03 -9.999959999999999960e-01 -5.535120000000000040e-01 -8.328370000000000495e-01 -2.748000000000000009e-03 -8.328400000000000247e-01 5.535139999999999505e-01 -3.699999999999999811e-05
2.900000000000000000e+01 1.200000000000000000e+01 1.000000000000000000e+01 0.000000000000000000e+00 1.600000000000000089e+00 2.799999999999999958e-05 3.873999999999999840e-03 -9.999919999999999920e-01 -5.514109999999999845e-01 -8.342279999999999696e-01 -3.246999999999999886e-03 -8.342340000000000311e-01 5.514069999999999805e-01 2.112999999999999861e-03
7.000000000000000000e+00 3.100000000000000000e+01 1.200000000000000000e+01 0.000000000000000000e+00 1.600000000000000089e+00 9.250000000000000409e-04 -5.294000000000000095e-03 9.999860000000000415e-01 6.329999999999999689e-03 9.999660000000000215e-01 5.288000000000000166e-03 -9.999799999999999800e-01 6.324999999999999893e-03 9.579999999999999757e-04
1.000000000000000000e+01 3.100000000000000000e+01 1.200000000000000000e+01 0.000000000000000000e+00 1.600000000000000089e+00 8.649999999999999920e-04 1.325999999999999922e-03 9.999989999999999712e-01 4.288000000000000145e-03 9.999900000000000455e-01 -1.329000000000000103e-03 -9.999900000000000455e-01 4.289000000000000278e-03 8.599999999999999789e-04
1.300000000000000000e+01 3.100000000000000000e+01 1.200000000000000000e+01 0.000000000000000000e+00 1.600000000000000089e+00 -6.449999999999999570e-04 1.742000000000000059e-03 9.999980000000000535e-01 4.239999999999999845e-03 9.999900000000000455e-01 -1.740000000000000010e-03 -9.999909999999999632e-01 4.237999999999999580e-03 -6.520000000000000188e-04
2.900000000000000000e+01 3.100000000000000000e+01 1.200000000000000000e+01 0.000000000000000000e+00 1.600000000000000089e+00 2.090000000000000115e-04 1.402000000000000034e-03 9.999989999999999712e-01 3.710000000000000190e-03 9.999919999999999920e-01 -1.402000000000000034e-03 -9.999930000000000208e-01 3.710000000000000190e-03 2.039999999999999984e-04
2.100000000000000000e+01 3.200000000000000000e+01 1.400000000000000000e+01 0.000000000000000000e+00 1.600000000000000089e+00 2.834000000000000147e-03 -5.150000000000000498e-04 -9.999959999999999960e-01 9.648199999999999832e-02 9.953349999999999698e-01 -2.390000000000000089e-04 9.953309999999999658e-01 -9.648099999999999732e-02 2.870000000000000155e-03
2.700000000000000000e+01 3.200000000000000000e+01 1.400000000000000000e+01 0.000000000000000000e+00 1.600000000000000089e+00 2.944000000000000002e-03 2.100000000000000087e-04 -9.999959999999999960e-01 9.826600000000000612e-02 9.951600000000000446e-01 4.989999999999999861e-04 9.951560000000000406e-01 -9.826699999999999324e-02 2.909000000000000127e-03
3.000000000000000000e+00 1.160000000000000000e+02 1.600000000000000000e+01 0.000000000000000000e+00 1.600000000000000089e+00 2.480000000000000108e-04 2.972999999999999948e-03 9.999959999999999960e-01 6.634729999999999794e-01 7.481959999999999722e-01 -2.389000000000000064e-03 -7.481999999999999762e-01 6.634710000000000329e-01 -1.786999999999999960e-03
6.000000000000000000e+00 1.160000000000000000e+02 1.600000000000000000e+01 0.000000000000000000e+00 1.600000000000000089e+00 1.639000000000000049e-03 1.118999999999999986e-03 9.999980000000000535e-01 6.770810000000000439e-01 7.359059999999999491e-01 -1.933999999999999955e-03 -7.359069999999999778e-01 6.770829999999999904e-01 4.490000000000000176e-04
4.000000000000000000e+00 2.000000000000000000e+00 1.900000000000000000e+01 0.000000000000000000e+00 1.600000000000000089e+00 9.470000000000000336e-04 -5.109999999999999959e-03 -9.999869999999999592e-01 1.884510000000000074e-01 -9.820689999999999698e-01 5.197000000000000230e-03 -9.820820000000000105e-01 -1.884530000000000094e-01 3.199999999999999855e-05
8.000000000000000000e+00 2.000000000000000000e+00 1.900000000000000000e+01 0.000000000000000000e+00 1.600000000000000089e+00 -1.170999999999999949e-03 -7.879999999999999635e-04 -9.999989999999999712e-01 1.917750000000000010e-01 -9.814389999999999503e-01 5.490000000000000088e-04 -9.814380000000000326e-01 -1.917740000000000000e-01 1.299999999999999940e-03
1.200000000000000000e+01 2.000000000000000000e+00 1.900000000000000000e+01 0.000000000000000000e+00 1.600000000000000089e+00 3.739999999999999835e-04 -4.009999999999999893e-04 -1.000000000000000000e+00 1.930709999999999926e-01 -9.811849999999999739e-01 4.659999999999999971e-04 -9.811849999999999739e-01 -1.930709999999999926e-01 -2.889999999999999774e-04
1.500000000000000000e+01 2.000000000000000000e+00 1.900000000000000000e+01 0.000000000000000000e+00 1.600000000000000089e+00 2.120000000000000031e-04 -3.181999999999999933e-03 -9.999949999999999672e-01 1.924460000000000059e-01 -9.813020000000000076e-01 3.163000000000000013e-03 -9.813079999999999581e-01 -1.924460000000000059e-01 4.040000000000000080e-04
1.900000000000000000e+01 2.000000000000000000e+00 1.900000000000000000e+01 0.000000000000000000e+00 1.600000000000000089e+00 6.520000000000000188e-04 -1.559999999999999972e-03 -9.999989999999999712e-01 1.887520000000000031e-01 -9.820229999999999793e-01 1.655000000000000004e-03 -9.820250000000000368e-01 -1.887530000000000041e-01 -3.460000000000000076e-04
2.300000000000000000e+01 2.000000000000000000e+00 1.900000000000000000e+01 0.000000000000000000e+00 1.600000000000000089e+00 -4.020000000000000136e-04 1.860000000000000108e-03 -9.999980000000000535e-01 1.887820000000000054e-01 -9.820170000000000288e-01 -1.902000000000000045e-03 -9.820189999999999753e-01 -1.887830000000000064e-01 4.300000000000000165e-05
1.500000000000000000e+01 4.000000000000000000e+00 2.000000000000000000e+01 0.000000000000000000e+00 1.600000000000000089e+00 -4.920000000000000328e-04 -2.913999999999999924e-03 -9.999959999999999960e-01 2.891090000000000049e-01 -9.572929999999999495e-01 2.648000000000000180e-03 -9.572960000000000358e-01 -2.891059999999999741e-01 1.314000000000000064e-03
2.800000000000000000e+01 4.000000000000000000e+00 2.000000000000000000e+01 0.000000000000000000e+00 1.600000000000000089e+00 -4.052000000000000046e-03 -2.690000000000000117e-03 -9.999879999999999880e-01 2.762680000000000136e-01 -9.610800000000000454e-01 1.466000000000000072e-03 -9.610720000000000374e-01 -2.762589999999999768e-01 4.636999999999999629e-03
1.500000000000000000e+01 1.300000000000000000e+01 2.000000000000000000e+01 0.000000000000000000e+00 1.600000000000000089e+00 -2.739999999999999923e-04 -4.449999999999999746e-04 1.000000000000000000e+00 2.571350000000000025e-01 9.663749999999999840e-01 5.000000000000000104e-04 -9.663749999999999840e-01 2.571350000000000025e-01 -1.499999999999999869e-04
2.000000000000000000e+01 1.300000000000000000e+01 2.000000000000000000e+01 0.000000000000000000e+00 1.600000000000000089e+00 6.650000000000000095e-04 -1.820000000000000057e-04 1.000000000000000000e+00 2.561660000000000048e-01 9.666329999999999645e-01 5.000000000000000409e-06 -9.666329999999999645e-01 2.561660000000000048e-01 6.890000000000000508e-04
2.300000000000000000e+01 1.300000000000000000e+01 2.000000000000000000e+01 0.000000000000000000e+00 1.600000000000000089e+00 6.170000000000000354e-04 -8.440000000000000236e-04 9.999989999999999712e-01 2.549770000000000092e-01 9.669470000000000010e-01 6.589999999999999721e-04 -9.669470000000000010e-01 2.549759999999999804e-01 8.109999999999999805e-04
2.700000000000000000e+01 1.300000000000000000e+01 2.000000000000000000e+01 0.000000000000000000e+00 1.600000000000000089e+00 -1.100000000000000066e-03 3.681999999999999943e-03 9.999930000000000208e-01 2.523340000000000027e-01 9.676350000000000229e-01 -3.285000000000000159e-03 -9.676399999999999446e-01 2.523290000000000255e-01 -1.994000000000000113e-03
4.000000000000000000e+00 3.000000000000000000e+00 2.500000000000000000e+01 0.000000000000000000e+00 1.600000000000000089e+00 1.793000000000000106e-03 -8.566000000000000697e-03 9.999620000000000175e-01 -7.175700000000000134e-02 -9.973870000000000235e-01 -8.415999999999999870e-03 9.974210000000000020e-01 -7.173899999999999721e-02 -2.403000000000000188e-03
9.000000000000000000e+00 3.000000000000000000e+00 2.500000000000000000e+01 0.000000000000000000e+00 1.600000000000000089e+00 5.509999999999999490e-04 -2.190999999999999805e-03 9.999970000000000248e-01 -7.215199999999999392e-02 -9.973910000000000275e-01 -2.145999999999999904e-03 9.973929999999999740e-01 -7.215100000000000680e-02 -7.069999999999999462e-04
1.200000000000000000e+01 3.000000000000000000e+00 2.500000000000000000e+01 0.000000000000000000e+00 1.600000000000000089e+00 8.909999999999999734e-04 -1.549999999999999946e-03 9.999980000000000535e-01 -7.584599999999999675e-02 -9.971179999999999488e-01 -1.477999999999999930e-03 9.971189999999999776e-01 -7.584399999999999475e-02 -1.005999999999999950e-03
1.500000000000000000e+01 3.000000000000000000e+00 2.500000000000000000e+01 0.000000000000000000e+00 1.600000000000000089e+00 1.051999999999999984e-03 -3.620000000000000171e-04 9.999989999999999712e-01 -7.989599999999999480e-02 -9.968029999999999946e-01 -2.759999999999999867e-04 9.968029999999999946e-01 -7.989499999999999380e-02 -1.077999999999999965e-03
2.300000000000000000e+01 3.000000000000000000e+00 2.500000000000000000e+01 0.000000000000000000e+00 1.600000000000000089e+00 5.460000000000000443e-04 -5.689999999999999529e-04 1.000000000000000000e+00 -7.521999999999999520e-02 -9.971670000000000256e-01 -5.270000000000000162e-04 9.971670000000000256e-01 -7.521999999999999520e-02 -5.869999999999999567e-04
2.900000000000000000e+01 3.000000000000000000e+00 2.500000000000000000e+01 0.000000000000000000e+00 1.600000000000000089e+00 -2.605999999999999810e-03 -8.139000000000000401e-03 9.999630000000000463e-01 -7.049999999999999323e-02 -9.974769999999999470e-01 -8.302999999999999617e-03 9.975079999999999503e-01 -7.051899999999999835e-02 2.026000000000000023e-03
8.000000000000000000e+00 4.600000000000000000e+01 2.700000000000000000e+01 0.000000000000000000e+00 1.600000000000000089e+00 -1.232000000000000022e-03 -2.503000000000000017e-03 -9.999959999999999960e-01 6.783369999999999678e-01 7.347460000000000102e-01 -2.674000000000000161e-03 7.347500000000000142e-01 -6.783369999999999678e-01 7.929999999999999766e-04
2.200000000000000000e+01 4.600000000000000000e+01 2.700000000000000000e+01 0.000000000000000000e+00 1.600000000000000089e+00 -2.300000000000000002e-05 4.949999999999999973e-04 -1.000000000000000000e+00 6.717290000000000205e-01 7.407970000000000388e-01 3.519999999999999908e-04 7.407970000000000388e-01 -6.717290000000000205e-01 -3.499999999999999964e-04
2.800000000000000000e+01 4.600000000000000000e+01 2.700000000000000000e+01 0.000000000000000000e+00 1.600000000000000089e+00 -1.824000000000000100e-03 3.400000000000000244e-04 -9.999980000000000535e-01 6.690399999999999681e-01 7.432260000000000533e-01 -9.669999999999999776e-04 7.432250000000000245e-01 -6.690399999999999681e-01 -1.582999999999999989e-03
2.500000000000000000e+01 4.600000000000000000e+01 3.000000000000000000e+01 0.000000000000000000e+00 1.600000000000000089e+00 1.048000000000000103e-03 -4.009999999999999893e-04 -9.999989999999999712e-01 3.293189999999999729e-01 9.442190000000000305e-01 -3.300000000000000253e-05 9.442180000000000017e-01 -3.293189999999999729e-01 1.121999999999999950e-03
5.000000000000000000e+00 5.800000000000000000e+01 3.100000000000000000e+01 0.000000000000000000e+00 1.600000000000000089e+00 6.250000000000000347e-03 3.043000000000000132e-03 9.999759999999999760e-01 -8.011350000000000415e-01 -5.984450000000000047e-01 6.829000000000000001e-03 5.984509999999999552e-01 -8.011580000000000368e-01 -1.302999999999999905e-03
1.600000000000000000e+01 5.800000000000000000e+01 3.100000000000000000e+01 0.000000000000000000e+00 1.600000000000000089e+00 4.020000000000000136e-04 -5.590000000000000351e-04 1.000000000000000000e+00 -8.056250000000000355e-01 -5.924260000000000081e-01 -6.999999999999999895e-06 5.924260000000000081e-01 -8.056250000000000355e-01 -6.890000000000000508e-04
2.100000000000000000e+01 5.800000000000000000e+01 3.100000000000000000e+01 0.000000000000000000e+00 1.600000000000000089e+00 4.141999999999999849e-03 2.750999999999999973e-03 9.999879999999999880e-01 -8.001310000000000366e-01 -5.998050000000000326e-01 4.963999999999999663e-03 5.998109999999999831e-01 -8.001420000000000199e-01 -2.829999999999999942e-04
2.500000000000000000e+01 5.800000000000000000e+01 3.100000000000000000e+01 0.000000000000000000e+00 1.600000000000000089e+00 6.000000000000000152e-05 4.009999999999999893e-04 1.000000000000000000e+00 -7.957009999999999916e-01 -6.056890000000000329e-01 2.910000000000000260e-04 6.056890000000000329e-01 -7.957009999999999916e-01 2.829999999999999942e-04
2.900000000000000000e+01 5.800000000000000000e+01 3.100000000000000000e+01 0.000000000000000000e+00 1.600000000000000089e+00 -1.719000000000000042e-03 -3.752000000000000127e-03 9.999909999999999632e-01 -7.946419999999999595e-01 -6.070670000000000233e-01 -3.642999999999999971e-03 6.070759999999999490e-01 -7.946419999999999595e-01 -1.938000000000000052e-03
1.100000000000000000e+01 2.200000000000000000e+01 3.400000000000000000e+01 0.000000000000000000e+00 1.600000000000000089e+00 8.509999999999999769e-04 8.199999999999999824e-04 9.999989999999999712e-01 3.789460000000000051e-01 -9.254189999999999916e-01 4.360000000000000269e-04 9.254179999999999628e-01 3.789449999999999763e-01 -1.098000000000000018e-03
1.300000000000000000e+01 2.200000000000000000e+01 3.400000000000000000e+01 0.000000000000000000e+00 1.600000000000000089e+00 -3.989999999999999949e-04 4.483000000000000006e-03 9.999900000000000455e-01 3.780240000000000267e-01 -9.257859999999999978e-01 4.301000000000000136e-03 9.257959999999999523e-01 3.780220000000000247e-01 -1.325000000000000006e-03
1.800000000000000000e+01 2.300000000000000000e+01 3.400000000000000000e+01 0.000000000000000000e+00 1.600000000000000089e+00 -1.431999999999999896e-03 -1.248999999999999893e-03 9.999980000000000535e-01 3.998669999999999725e-01 -9.165729999999999711e-01 -5.720000000000000258e-04 9.165720000000000534e-01 3.998650000000000260e-01 1.812999999999999941e-03
2.000000000000000000e+01 2.300000000000000000e+01 3.400000000000000000e+01 0.000000000000000000e+00 1.600000000000000089e+00 -3.739999999999999835e-04 -5.287000000000000033e-03 9.999860000000000415e-01 3.996600000000000152e-01 -9.166509999999999936e-01 -4.696999999999999786e-03 9.166630000000000056e-01 3.996529999999999805e-01 2.455999999999999850e-03
2.700000000000000000e+01 2.300000000000000000e+01 3.400000000000000000e+01 0.000000000000000000e+00 1.600000000000000089e+00 1.670000000000000043e-03 1.902999999999999961e-03 9.999970000000000248e-01 4.090920000000000112e-01 -9.124929999999999986e-01 1.052999999999999900e-03 9.124919999999999698e-01 4.090889999999999804e-01 -2.301999999999999793e-03
5.000000000000000000e+00 4.600000000000000000e+01 3.500000000000000000e+01 0.000000000000000000e+00 1.600000000000000089e+00 -2.410000000000000033e-04 -8.419999999999999750e-04 -1.000000000000000000e+00 3.908119999999999927e-01 -9.204700000000000104e-01 6.809999999999999647e-04 -9.204700000000000104e-01 -3.908119999999999927e-01 5.509999999999999490e-04
1.000000000000000000e+01 4.600000000000000000e+01 3.500000000000000000e+01 0.000000000000000000e+00 1.600000000000000089e+00 -6.350000000000000392e-04 -8.570000000000000144e-04 -9.999989999999999712e-01 3.928269999999999817e-01 -9.196119999999999850e-01 5.379999999999999583e-04 -9.196119999999999850e-01 -3.928269999999999817e-01 9.200000000000000278e-04
1.800000000000000000e+01 4.600000000000000000e+01 3.500000000000000000e+01 0.000000000000000000e+00 1.600000000000000089e+00 1.659999999999999963e-04 5.599999999999999916e-05 -1.000000000000000000e+00 3.923760000000000026e-01 -9.198049999999999837e-01 1.399999999999999979e-05 -9.198049999999999837e-01 -3.923760000000000026e-01 -1.740000000000000010e-04
2.200000000000000000e+01 4.600000000000000000e+01 3.500000000000000000e+01 0.000000000000000000e+00 1.600000000000000089e+00 -7.569999999999999689e-04 -8.689999999999999808e-04 -9.999989999999999712e-01 3.917129999999999779e-01 -9.200869999999999882e-01 5.029999999999999749e-04 -9.200869999999999882e-01 -3.917120000000000046e-01 1.036999999999999944e-03
2.900000000000000000e+01 4.600000000000000000e+01 3.500000000000000000e+01 0.000000000000000000e+00 1.600000000000000089e+00 -1.500000000000000031e-03 -2.922999999999999817e-03 -9.999949999999999672e-01 3.924869999999999748e-01 -9.197549999999999892e-01 2.099000000000000171e-03 -9.197570000000000467e-01 -3.924810000000000243e-01 2.527000000000000166e-03
6.000000000000000000e+00 9.500000000000000000e+01 3.600000000000000000e+01 0.000000000000000000e+00 1.600000000000000089e+00 -7.359000000000000090e-03 -1.131199999999999914e-02 9.999090000000000478e-01 9.971020000000000438e-01 7.563000000000000278e-02 8.193999999999999895e-03 -7.571500000000000452e-02 9.970719999999999583e-01 1.072200000000000063e-02
8.000000000000000000e+00 9.500000000000000000e+01 3.600000000000000000e+01 0.000000000000000000e+00 1.600000000000000089e+00 -7.055999999999999772e-03 -2.054599999999999829e-02 9.997639999999999860e-01 9.970320000000000293e-01 7.649999999999999856e-02 8.609000000000000333e-03 -7.665900000000000492e-02 9.968580000000000219e-01 1.994500000000000092e-02
1.300000000000000000e+01 9.500000000000000000e+01 3.600000000000000000e+01 0.000000000000000000e+00 1.600000000000000089e+00 -3.451000000000000074e-03 1.313100000000000031e-02 9.999080000000000190e-01 9.969869999999999566e-01 7.753000000000000169e-02 2.422999999999999807e-03 -7.749100000000000432e-02 9.969029999999999836e-01 -1.335899999999999935e-02
1.600000000000000000e+01 9.500000000000000000e+01 3.600000000000000000e+01 0.000000000000000000e+00 1.600000000000000089e+00 -6.015000000000000381e-03 1.370999999999999996e-02 9.998879999999999990e-01 9.973990000000000355e-01 7.190699999999999870e-02 5.014000000000000228e-03 -7.183000000000000496e-02 9.973170000000000091e-01 -1.410699999999999975e-02
2.100000000000000000e+01 9.500000000000000000e+01 3.600000000000000000e+01 0.000000000000000000e+00 1.600000000000000089e+00 -7.281000000000000145e-03 -9.034999999999999629e-03 9.999329999999999607e-01 9.975629999999999775e-01 6.932399999999999674e-02 7.889999999999999444e-03 -6.939099999999999435e-02 9.975530000000000230e-01 8.507999999999999938e-03
2.700000000000000000e+01 9.500000000000000000e+01 3.600000000000000000e+01 0.000000000000000000e+00 1.600000000000000089e+00 -1.577800000000000036e-02 -1.312199999999999998e-02 9.997890000000000388e-01 9.980360000000000342e-01 6.042499999999999954e-02 1.654299999999999868e-02 -6.062900000000000234e-02 9.980869999999999465e-01 1.214200000000000002e-02
2.000000000000000000e+00 2.900000000000000000e+01 4.400000000000000000e+01 0.000000000000000000e+00 1.600000000000000089e+00 -7.100000000000000191e-04 1.580999999999999940e-03 -9.999989999999999712e-01 6.614729999999999777e-01 7.499689999999999968e-01 7.159999999999999481e-04 7.499689999999999968e-01 -6.614710000000000312e-01 -1.577999999999999976e-03
7.000000000000000000e+00 2.900000000000000000e+01 4.400000000000000000e+01 0.000000000000000000e+00 1.600000000000000089e+00 -5.649999999999999641e-04 3.996000000000000420e-03 -9.999919999999999920e-01 6.704459999999999864e-01 7.419540000000000024e-01 2.586000000000000191e-03 7.419580000000000064e-01 -6.704390000000000072e-01 -3.098000000000000059e-03
1.500000000000000000e+01 2.900000000000000000e+01 4.400000000000000000e+01 0.000000000000000000e+00 1.600000000000000089e+00 -2.550000000000000183e-04 -1.051000000000000068e-03 -9.999989999999999712e-01 6.714210000000000456e-01 7.410750000000000393e-01 -9.499999999999999981e-04 7.410759999999999570e-01 -6.714210000000000456e-01 5.169999999999999899e-04
1.900000000000000000e+01 2.900000000000000000e+01 4.400000000000000000e+01 0.000000000000000000e+00 1.600000000000000089e+00 2.671000000000000197e-03 3.180999999999999800e-03 -9.999909999999999632e-01 6.696389999999999842e-01 7.426749999999999741e-01 4.151000000000000176e-03 7.426819999999999533e-01 -6.696440000000000170e-01 -1.459999999999999981e-04
2.900000000000000000e+01 2.900000000000000000e+01 4.400000000000000000e+01 0.000000000000000000e+00 1.600000000000000089e+00 -7.649999999999999465e-04 -3.553000000000000169e-03 -9.999930000000000208e-01 6.585820000000000007e-01 7.525020000000000042e-01 -3.177000000000000136e-03 7.525089999999999835e-01 -6.585800000000000542e-01 1.763999999999999943e-03
5.000000000000000000e+00 5.000000000000000000e+00 5.100000000000000000e+01 0.000000000000000000e+00 1.600000000000000089e+00 -1.413999999999999892e-03 3.389999999999999784e-03 -9.999930000000000208e-01 4.961679999999999979e-01 -8.682189999999999630e-01 -3.644999999999999803e-03 -8.682250000000000245e-01 -4.961699999999999999e-01 -4.539999999999999765e-04
1.700000000000000000e+01 5.000000000000000000e+00 5.100000000000000000e+01 0.000000000000000000e+00 1.600000000000000089e+00 3.248000000000000019e-03 1.325999999999999922e-03 -9.999940000000000495e-01 4.890470000000000095e-01 -8.722569999999999490e-01 4.319999999999999838e-04 -8.722509999999999986e-01 -4.890459999999999807e-01 -3.481999999999999852e-03
2.100000000000000000e+01 5.000000000000000000e+00 5.100000000000000000e+01 0.000000000000000000e+00 1.600000000000000089e+00 9.539999999999999869e-04 -8.642000000000000376e-03 -9.999620000000000175e-01 4.884560000000000013e-01 -8.725519999999999943e-01 8.007000000000000228e-03 -8.725880000000000303e-01 -4.884450000000000180e-01 3.389000000000000085e-03
2.400000000000000000e+01 5.000000000000000000e+00 5.100000000000000000e+01 0.000000000000000000e+00 1.600000000000000089e+00 1.652000000000000040e-03 -5.523000000000000131e-03 -9.999829999999999552e-01 4.874339999999999784e-01 -8.731419999999999737e-01 5.628000000000000190e-03 -8.731579999999999897e-01 -4.874350000000000072e-01 1.250000000000000026e-03
1.000000000000000000e+01 6.300000000000000000e+01 5.400000000000000000e+01 0.000000000000000000e+00 1.600000000000000089e+00 -7.129999999999999836e-04 -1.619999999999999912e-03 9.999980000000000535e-01 -3.538930000000000131e-01 9.352850000000000330e-01 1.263000000000000017e-03 -9.352859999999999507e-01 -3.538910000000000111e-01 -1.240000000000000000e-03
1.500000000000000000e+01 6.300000000000000000e+01 5.400000000000000000e+01 0.000000000000000000e+00 1.600000000000000089e+00 -6.980000000000000527e-04 -8.159999999999999936e-04 1.000000000000000000e+00 -3.520730000000000248e-01 9.359730000000000549e-01 5.180000000000000143e-04 -9.359720000000000262e-01 -3.520719999999999961e-01 -9.409999999999999962e-04
1.900000000000000000e+01 6.300000000000000000e+01 5.400000000000000000e+01 0.000000000000000000e+00 1.600000000000000089e+00 1.291000000000000047e-03 3.637000000000000042e-03 9.999930000000000208e-01 -3.490119999999999889e-01 9.371140000000000025e-01 -2.956999999999999993e-03 -9.371169999999999778e-01 -3.490059999999999829e-01 2.478999999999999867e-03
2.300000000000000000e+01 6.300000000000000000e+01 5.400000000000000000e+01 0.000000000000000000e+00 1.600000000000000089e+00 2.049999999999999956e-04 1.219999999999999947e-03 9.999989999999999712e-01 -3.530249999999999777e-01 9.356130000000000280e-01 -1.069000000000000072e-03 -9.356139999999999457e-01 -3.530249999999999777e-01 6.229999999999999644e-04
2.600000000000000000e+01 6.300000000000000000e+01 5.400000000000000000e+01 0.000000000000000000e+00 1.600000000000000089e+00 -3.420000000000000188e-04 -2.415000000000000046e-03 9.999970000000000248e-01 -3.550900000000000167e-01 9.348290000000000211e-01 2.135999999999999878e-03 -9.348319999999999963e-01 -3.550889999999999880e-01 -1.178000000000000011e-03
8.000000000000000000e+00 2.500000000000000000e+01 5.500000000000000000e+01 0.000000000000000000e+00 1.600000000000000089e+00 -9.799999999999999684e-05 3.370000000000000166e-03 -9.999940000000000495e-01 -1.218999999999999945e-02 -9.999200000000000310e-01 -3.369000000000000033e-03 -9.999259999999999815e-01 1.218999999999999945e-02 1.389999999999999905e-04
1.400000000000000000e+01 2.500000000000000000e+01 5.500000000000000000e+01 0.000000000000000000e+00 1.600000000000000089e+00 1.356000000000000000e-03 2.079999999999999818e-03 -9.999970000000000248e-01 -1.069299999999999938e-02 -9.999409999999999688e-01 -2.093999999999999941e-03 -9.999419999999999975e-01 1.069499999999999965e-02 -1.333999999999999899e-03
2.100000000000000000e+01 2.500000000000000000e+01 5.500000000000000000e+01 0.000000000000000000e+00 1.600000000000000089e+00 -6.040000000000000447e-04 1.890000000000000133e-04 -1.000000000000000000e+00 -1.219600000000000024e-02 -9.999259999999999815e-01 -1.810000000000000085e-04 -9.999249999999999527e-01 1.219600000000000024e-02 6.070000000000000092e-04
2.000000000000000000e+00 2.100000000000000000e+01 6.000000000000000000e+01 0.000000000000000000e+00 1.600000000000000089e+00 -6.812999999999999612e-03 -1.027600000000000041e-02 9.999240000000000350e-01 -9.604200000000000237e-02 9.953309999999999658e-01 9.573999999999999178e-03 -9.953539999999999610e-01 -9.596899999999999875e-02 -7.767999999999999731e-03
7.000000000000000000e+00 2.100000000000000000e+01 6.000000000000000000e+01 0.000000000000000000e+00 1.600000000000000089e+00 -9.179999999999999792e-04 -5.011999999999999962e-03 9.999869999999999592e-01 -9.675200000000000466e-02 9.952959999999999585e-01 4.898999999999999709e-03 -9.953079999999999705e-01 -9.674599999999999866e-02 -1.397999999999999937e-03
1.000000000000000000e+01 3.000000000000000000e+00 6.300000000000000000e+01 0.000000000000000000e+00 1.600000000000000089e+00 1.574000000000000095e-03 -1.050000000000000044e-04 9.999989999999999712e-01 -6.163539999999999575e-01 7.874689999999999745e-01 1.052999999999999900e-03 -7.874679999999999458e-01 -6.163549999999999862e-01 1.175000000000000046e-03
8.000000000000000000e+00 2.700000000000000000e+01 6.300000000000000000e+01 0.000000000000000000e+00 1.600000000000000089e+00 -1.809999999999999977e-03 -3.766999999999999949e-03 9.999909999999999632e-01 -2.677120000000000055e-01 9.634939999999999616e-01 3.144999999999999792e-03 -9.634970000000000478e-01 -2.677039999999999975e-01 -2.752000000000000106e-03
1.600000000000000000e+01 2.700000000000000000e+01 6.300000000000000000e+01 0.000000000000000000e+00 1.600000000000000089e+00 2.099999999999999870e-03 -5.339999999999999695e-04 9.999980000000000535e-01 -2.677749999999999853e-01 9.634810000000000318e-01 1.077000000000000049e-03 -9.634789999999999743e-01 -2.677760000000000140e-01 1.879999999999999944e-03
2.000000000000000000e+01 2.700000000000000000e+01 6.300000000000000000e+01 0.000000000000000000e+00 1.600000000000000089e+00 2.521999999999999936e-03 4.690000000000000158e-04 9.999970000000000248e-01 -2.683459999999999734e-01 9.633230000000000404e-01 2.249999999999999938e-04 -9.633190000000000364e-01 -2.683450000000000002e-01 2.556000000000000112e-03
2.500000000000000000e+01 2.700000000000000000e+01 6.300000000000000000e+01 0.000000000000000000e+00 1.600000000000000089e+00 -2.073000000000000190e-03 7.851999999999999605e-03 9.999670000000000503e-01 -2.700949999999999740e-01 9.627999999999999892e-01 -8.120000000000000481e-03 -9.628320000000000212e-01 -2.701020000000000088e-01 1.250000000000000026e-04
3.000000000000000000e+01 2.700000000000000000e+01 6.300000000000000000e+01 0.000000000000000000e+00 1.600000000000000089e+00 4.510000000000000120e-04 2.037000000000000182e-03 9.999980000000000535e-01 -2.746859999999999857e-01 9.615320000000000533e-01 -1.835000000000000043e-03 -9.615339999999999998e-01 -2.746839999999999837e-01 9.929999999999999591e-04
4.000000000000000000e+00 2.600000000000000000e+01 6.400000000000000000e+01 0.000000000000000000e+00 1.600000000000000089e+00 -1.948000000000000079e-03 -3.135999999999999899e-03 9.999930000000000208e-01 -3.460110000000000130e-01 9.382279999999999509e-01 2.269000000000000183e-03 -9.382279999999999509e-01 -3.460039999999999782e-01 -2.912999999999999791e-03
9.000000000000000000e+00 2.600000000000000000e+01 6.400000000000000000e+01 0.000000000000000000e+00 1.600000000000000089e+00 -1.461999999999999975e-03 -2.428000000000000037e-03 9.999959999999999960e-01 -3.492390000000000216e-01 9.370319999999999760e-01 1.763999999999999943e-03 -9.370330000000000048e-01 -3.492350000000000176e-01 -2.217999999999999920e-03
1.600000000000000000e+01 2.600000000000000000e+01 6.400000000000000000e+01 0.000000000000000000e+00 1.600000000000000089e+00 1.915999999999999951e-03 3.330000000000000169e-04 9.999980000000000535e-01 -3.497810000000000086e-01 9.368309999999999693e-01 3.579999999999999741e-04 -9.368290000000000228e-01 -3.497810000000000086e-01 1.912000000000000071e-03
2.100000000000000000e+01 2.600000000000000000e+01 6.400000000000000000e+01 0.000000000000000000e+00 1.600000000000000089e+00 1.582000000000000073e-03 1.347000000000000107e-03 9.999980000000000535e-01 -3.493479999999999919e-01 9.369929999999999648e-01 -7.100000000000000191e-04 -9.369920000000000471e-01 -3.493459999999999899e-01 1.953000000000000092e-03
2.400000000000000000e+01 2.600000000000000000e+01 6.400000000000000000e+01 0.000000000000000000e+00 1.600000000000000089e+00 -1.580999999999999940e-03 5.895000000000000066e-03 9.999810000000000088e-01 -3.520220000000000016e-01 9.359720000000000262e-01 -6.074999999999999671e-03 -9.359899999999999887e-01 -3.520249999999999768e-01 5.950000000000000427e-04
2.900000000000000000e+01 2.600000000000000000e+01 6.400000000000000000e+01 0.000000000000000000e+00 1.600000000000000089e+00 3.869999999999999742e-04 4.093000000000000284e-03 9.999919999999999920e-01 -3.579300000000000259e-01 9.337410000000000432e-01 -3.684000000000000209e-03 -9.337480000000000224e-01 -3.579260000000000219e-01 1.827000000000000065e-03
2.000000000000000000e+00 2.500000000000000000e+01 7.300000000000000000e+01 0.000000000000000000e+00 1.600000000000000089e+00 -3.238499999999999712e-02 -2.709299999999999903e-02 9.991079999999999961e-01 7.505140000000000144e-01 -6.608239999999999670e-01 6.407999999999999634e-03 6.600610000000000088e-01 7.500520000000000520e-01 4.173400000000000026e-02
1.000000000000000000e+01 2.500000000000000000e+01 7.300000000000000000e+01 0.000000000000000000e+00 1.600000000000000089e+00 5.779999999999999548e-04 -6.310000000000000504e-04 1.000000000000000000e+00 7.476120000000000543e-01 -6.641350000000000309e-01 -8.509999999999999769e-04 6.641350000000000309e-01 7.476129999999999720e-01 8.799999999999999771e-05
1.300000000000000000e+01 2.500000000000000000e+01 7.300000000000000000e+01 0.000000000000000000e+00 1.600000000000000089e+00 -1.657999999999999969e-03 -1.915000000000000036e-03 9.999970000000000248e-01 7.490909999999999513e-01 -6.624670000000000281e-01 -2.699999999999999899e-05 6.624649999999999705e-01 7.490890000000000049e-01 2.533000000000000095e-03
1.800000000000000000e+01 2.500000000000000000e+01 7.300000000000000000e+01 0.000000000000000000e+00 1.600000000000000089e+00 1.008999999999999914e-03 3.390000000000000001e-04 1.000000000000000000e+00 7.422159999999999869e-01 -6.701599999999999779e-01 -5.220000000000000031e-04 6.701599999999999779e-01 7.422159999999999869e-01 -9.280000000000000054e-04
2.500000000000000000e+01 2.500000000000000000e+01 7.300000000000000000e+01 0.000000000000000000e+00 1.600000000000000089e+00 -1.420000000000000038e-03 4.079999999999999968e-04 9.999989999999999712e-01 7.442309999999999759e-01 -6.679209999999999869e-01 1.330000000000000019e-03 6.679209999999999869e-01 7.442320000000000046e-01 6.449999999999999570e-04
3.000000000000000000e+00 4.400000000000000000e+01 7.300000000000000000e+01 0.000000000000000000e+00 1.600000000000000089e+00 -2.577999999999999996e-03 -5.316000000000000413e-03 9.999820000000000375e-01 4.614000000000000046e-02 -9.989219999999999766e-01 -5.191999999999999567e-03 9.989320000000000421e-01 4.612499999999999933e-02 2.821000000000000157e-03
