1.800000000000000000e+01 2.500000000000000000e+01 1.000000000000000000e+00 0.000000000000000000e+00 1.600000000000000089e+00 -1.546999999999999981e-03 4.200000000000000174e-04 -9.999989999999999712e-01 -5.227509999999999657e-01 -8.524859999999999660e-01 4.510000000000000120e-04 -8.524840000000000195e-01 5.227509999999999657e-01 1.538000000000000088e-03
7.000000000000000000e+00 1.500000000000000000e+01 4.000000000000000000e+00 0.000000000000000000e+00 1.600000000000000089e+00 -1.291000000000000047e-03 -7.808999999999999969e-03 9.999689999999999968e-01 3.137510000000000021e-01 -9.494799999999999907e-01 -7.009999999999999738e-03 9.495050000000000434e-01 3.137320000000000109e-01 3.676000000000000014e-03
9.000000000000000000e+00 1.500000000000000000e+01 4.000000000000000000e+00 0.000000000000000000e+00 1.600000000000000089e+00 9.300000000000000541e-04 -4.308000000000000197e-03 9.999900000000000455e-01 3.143070000000000030e-01 -9.493110000000000159e-01 -4.381999999999999611e-03 9.493209999999999704e-01 3.143079999999999763e-01 4.710000000000000102e-04
1.300000000000000000e+01 1.500000000000000000e+01 4.000000000000000000e+00 0.000000000000000000e+00 1.600000000000000089e+00 3.661999999999999891e-03 4.687000000000000194e-03 9.999820000000000375e-01 3.144159999999999733e-01 -9.492800000000000127e-01 3.298000000000000150e-03 9.492779999999999552e-01 3.143980000000000108e-01 -4.950000000000000407e-03
1.800000000000000000e+01 1.500000000000000000e+01 4.000000000000000000e+00 0.000000000000000000e+00 1.600000000000000089e+00 2.818999999999999891e-03 -3.706999999999999792e-03 9.999890000000000168e-01 3.176129999999999787e-01 -9.482099999999999973e-01 -4.409999999999999858e-03 9.482159999999999478e-01 3.176220000000000154e-01 -1.495999999999999934e-03
2.200000000000000000e+01 1.500000000000000000e+01 4.000000000000000000e+00 0.000000000000000000e+00 1.600000000000000089e+00 2.735000000000000018e-03 -3.968000000000000173e-03 9.999879999999999880e-01 3.180689999999999906e-01 -9.480560000000000098e-01 -4.631999999999999833e-03 9.480640000000000178e-01 3.180780000000000274e-01 -1.330999999999999935e-03
1.400000000000000000e+01 4.000000000000000000e+00 5.000000000000000000e+00 0.000000000000000000e+00 1.600000000000000089e+00 -8.533000000000000654e-03 -2.060800000000000132e-02 9.997509999999999453e-01 2.224299999999999888e-01 -9.747789999999999511e-01 -1.819499999999999937e-02 9.749109999999999721e-01 2.222189999999999999e-01 1.290200000000000027e-02
3.000000000000000000e+00 1.010000000000000000e+02 7.000000000000000000e+00 0.000000000000000000e+00 1.600000000000000089e+00 4.159000000000000370e-03 1.436600000000000030e-02 9.998879999999999990e-01 8.875790000000000068e-01 4.605400000000000049e-01 -1.030900000000000045e-02 -4.606359999999999899e-01 8.875229999999999508e-01 -1.083600000000000015e-02
7.000000000000000000e+00 1.010000000000000000e+02 7.000000000000000000e+00 0.000000000000000000e+00 1.600000000000000089e+00 7.940000000000000009e-04 -7.228000000000000050e-03 9.999740000000000295e-01 8.890299999999999869e-01 4.578420000000000267e-01 2.603999999999999978e-03 -4.578490000000000060e-01 8.890040000000000164e-01 6.788999999999999896e-03
1.000000000000000000e+01 1.010000000000000000e+02 7.000000000000000000e+00 0.000000000000000000e+00 1.600000000000000089e+00 -9.340000000000000429e-04 -1.027199999999999988e-02 9.999470000000000303e-01 8.898859999999999548e-01 4.561490000000000267e-01 5.517000000000000202e-03 -4.561819999999999764e-01 8.898439999999999683e-01 8.715000000000000524e-03
2.000000000000000000e+00 2.500000000000000000e+01 8.000000000000000000e+00 0.000000000000000000e+00 1.600000000000000089e+00 -1.399999999999999877e-04 8.486000000000000487e-03 -9.999639999999999640e-01 4.500529999999999808e-01 8.929700000000000415e-01 7.514999999999999979e-03 8.930019999999999625e-01 -4.500359999999999916e-01 -3.943999999999999589e-03
8.000000000000000000e+00 2.500000000000000000e+01 8.000000000000000000e+00 0.000000000000000000e+00 1.600000000000000089e+00 -1.420000000000000092e-04 -4.078000000000000028e-03 -9.999919999999999920e-01 4.490359999999999907e-01 8.935060000000000224e-01 -3.706999999999999792e-03 8.935130000000000017e-01 -4.490330000000000155e-01 1.704000000000000003e-03
1.200000000000000000e+01 2.500000000000000000e+01 8.000000000000000000e+00 0.000000000000000000e+00 1.600000000000000089e+00 5.980000000000000072e-04 -4.590000000000000330e-03 -9.999890000000000168e-01 4.493289999999999784e-01 8.933579999999999854e-01 -3.831999999999999903e-03 8.933659999999999934e-01 -4.493219999999999992e-01 2.596999999999999916e-03
1.600000000000000000e+01 2.500000000000000000e+01 8.000000000000000000e+00 0.000000000000000000e+00 1.600000000000000089e+00 1.884000000000000041e-03 2.991999999999999868e-03 -9.999940000000000495e-01 4.490450000000000275e-01 8.935020000000000184e-01 3.518999999999999993e-03 8.935070000000000512e-01 -4.490489999999999760e-01 3.400000000000000244e-04
2.200000000000000000e+01 2.500000000000000000e+01 8.000000000000000000e+00 0.000000000000000000e+00 1.600000000000000089e+00 1.008999999999999914e-03 -2.059999999999999928e-04 -1.000000000000000000e+00 4.483059999999999823e-01 8.938800000000000079e-01 2.680000000000000090e-04 8.938789999999999791e-01 -4.483059999999999823e-01 9.950000000000000077e-04
2.800000000000000000e+01 2.500000000000000000e+01 8.000000000000000000e+00 0.000000000000000000e+00 1.600000000000000089e+00 3.539000000000000045e-03 5.198000000000000363e-03 -9.999799999999999800e-01 4.481299999999999728e-01 8.939470000000000471e-01 6.232999999999999825e-03 8.939610000000000056e-01 -4.481430000000000136e-01 8.339999999999999974e-04
8.000000000000000000e+00 2.400000000000000000e+01 9.000000000000000000e+00 0.000000000000000000e+00 1.600000000000000089e+00 3.699999999999999811e-05 -4.420999999999999583e-03 -9.999900000000000455e-01 4.534869999999999735e-01 8.912539999999999907e-01 -3.923000000000000272e-03 8.912630000000000274e-01 -4.534819999999999962e-01 2.037000000000000182e-03
1.600000000000000000e+01 2.400000000000000000e+01 9.000000000000000000e+00 0.000000000000000000e+00 1.600000000000000089e+00 1.887000000000000005e-03 5.016999999999999758e-03 -9.999860000000000415e-01 4.535319999999999907e-01 8.912240000000000162e-01 5.327000000000000138e-03 8.912379999999999747e-01 -4.535350000000000215e-01 -5.929999999999999941e-04
2.200000000000000000e+01 2.400000000000000000e+01 9.000000000000000000e+00 0.000000000000000000e+00 1.600000000000000089e+00 9.829999999999999329e-04 3.420000000000000188e-04 -9.999989999999999712e-01 4.532070000000000265e-01 8.914050000000000029e-01 7.500000000000000156e-04 8.914050000000000029e-01 -4.532070000000000265e-01 7.209999999999999612e-04
2.800000000000000000e+01 2.400000000000000000e+01 9.000000000000000000e+00 0.000000000000000000e+00 1.600000000000000089e+00 3.284000000000000027e-03 5.196000000000000098e-03 -9.999810000000000088e-01 4.515830000000000122e-01 8.922080000000000011e-01 6.119000000000000307e-03 8.922229999999999883e-01 -4.515939999999999954e-01 5.839999999999999922e-04
1.100000000000000000e+01 3.100000000000000000e+01 1.200000000000000000e+01 0.000000000000000000e+00 1.600000000000000089e+00 -1.497999999999999983e-03 -4.923000000000000292e-03 9.999869999999999592e-01 -2.586999999999999890e-03 9.999850000000000128e-01 4.918999999999999762e-03 -9.999959999999999960e-01 -2.579999999999999828e-03 -1.510000000000000057e-03
1.400000000000000000e+01 3.100000000000000000e+01 1.200000000000000000e+01 0.000000000000000000e+00 1.600000000000000089e+00 -1.116000000000000021e-03 -2.723999999999999859e-03 9.999959999999999960e-01 6.999999999999999387e-05 9.999959999999999960e-01 2.723999999999999859e-03 -9.999989999999999712e-01 7.299999999999999903e-05 -1.116000000000000021e-03
1.700000000000000000e+01 3.100000000000000000e+01 1.200000000000000000e+01 0.000000000000000000e+00 1.600000000000000089e+00 -4.510000000000000120e-04 -2.229999999999999994e-04 1.000000000000000000e+00 1.750000000000000036e-03 9.999980000000000535e-01 2.239999999999999966e-04 -9.999980000000000535e-01 1.750000000000000036e-03 -4.499999999999999877e-04
2.100000000000000000e+01 3.100000000000000000e+01 1.200000000000000000e+01 0.000000000000000000e+00 1.600000000000000089e+00 1.978999999999999856e-03 3.811000000000000151e-03 9.999909999999999632e-01 3.647000000000000068e-03 9.999860000000000415e-01 -3.818000000000000213e-03 -9.999909999999999632e-01 3.654000000000000130e-03 1.965000000000000167e-03
2.900000000000000000e+01 3.100000000000000000e+01 1.200000000000000000e+01 0.000000000000000000e+00 1.600000000000000089e+00 9.669999999999999776e-04 -1.136200000000000057e-02 9.999350000000000183e-01 7.323999999999999781e-03 9.999090000000000478e-01 1.135399999999999951e-02 -9.999730000000000008e-01 7.311999999999999923e-03 1.049999999999999935e-03
3.000000000000000000e+00 3.200000000000000000e+01 1.400000000000000000e+01 0.000000000000000000e+00 1.600000000000000089e+00 9.399999999999999448e-05 3.481999999999999852e-03 -9.999940000000000495e-01 1.067140000000000033e-01 9.942839999999999456e-01 3.472999999999999959e-03 9.942900000000000071e-01 -1.067130000000000023e-01 -2.779999999999999811e-04
2.500000000000000000e+01 1.160000000000000000e+02 1.600000000000000000e+01 0.000000000000000000e+00 1.600000000000000089e+00 7.259999999999999743e-04 1.789999999999999925e-03 9.999980000000000535e-01 6.626959999999999518e-01 7.488860000000000516e-01 -1.820999999999999919e-03 -7.488879999999999981e-01 6.626959999999999518e-01 -6.430000000000000169e-04
2.800000000000000000e+01 1.160000000000000000e+02 1.600000000000000000e+01 0.000000000000000000e+00 1.600000000000000089e+00 2.116999999999999958e-03 2.540000000000000157e-03 9.999949999999999672e-01 6.767779999999999907e-01 7.361790000000000278e-01 -3.302999999999999946e-03 -7.361839999999999495e-01 6.767819999999999947e-01 -1.610000000000000103e-04
4.000000000000000000e+00 2.000000000000000000e+00 1.900000000000000000e+01 0.000000000000000000e+00 1.600000000000000089e+00 -9.449999999999999850e-04 -1.431999999999999896e-03 -9.999989999999999712e-01 1.920290000000000052e-01 -9.813880000000000381e-01 1.224000000000000045e-03 -9.813889999999999558e-01 -1.920280000000000042e-01 1.201999999999999943e-03
1.000000000000000000e+01 2.000000000000000000e+00 1.900000000000000000e+01 0.000000000000000000e+00 1.600000000000000089e+00 -1.575000000000000011e-03 -2.714999999999999965e-03 -9.999949999999999672e-01 1.957119999999999971e-01 -9.806589999999999474e-01 2.354999999999999889e-03 -9.806599999999999762e-01 -1.957079999999999931e-01 2.076000000000000154e-03
1.600000000000000000e+01 2.000000000000000000e+00 1.900000000000000000e+01 0.000000000000000000e+00 1.600000000000000089e+00 -1.020999999999999989e-03 -9.048000000000000487e-03 -9.999590000000000423e-01 1.950030000000000097e-01 -9.807639999999999691e-01 8.675000000000000419e-03 -9.808019999999999516e-01 -1.949859999999999927e-01 2.765999999999999796e-03
2.000000000000000000e+01 2.000000000000000000e+00 1.900000000000000000e+01 0.000000000000000000e+00 1.600000000000000089e+00 -1.090000000000000067e-04 8.589999999999999546e-04 -1.000000000000000000e+00 1.930610000000000104e-01 -9.811860000000000026e-01 -8.639999999999999677e-04 -9.811870000000000314e-01 -1.930610000000000104e-01 -5.899999999999999754e-05
2.600000000000000000e+01 2.000000000000000000e+00 1.900000000000000000e+01 0.000000000000000000e+00 1.600000000000000089e+00 1.479999999999999979e-03 -3.880000000000000202e-03 -9.999909999999999632e-01 1.884830000000000116e-01 -9.820680000000000520e-01 4.089999999999999886e-03 -9.820750000000000313e-01 -1.884869999999999879e-01 -7.219999999999999855e-04
3.000000000000000000e+01 2.000000000000000000e+00 1.900000000000000000e+01 0.000000000000000000e+00 1.600000000000000089e+00 -3.999999999999999819e-06 -4.628000000000000169e-03 -9.999890000000000168e-01 1.908299999999999996e-01 -9.816129999999999578e-01 4.543000000000000163e-03 -9.816230000000000233e-01 -1.908279999999999976e-01 8.869999999999999846e-04
6.000000000000000000e+00 4.000000000000000000e+00 2.000000000000000000e+01 0.000000000000000000e+00 1.600000000000000089e+00 -2.985999999999999939e-03 -2.871999999999999987e-03 -9.999909999999999632e-01 3.059100000000000152e-01 -9.520589999999999886e-01 1.820000000000000003e-03 -9.520560000000000134e-01 -3.059020000000000072e-01 3.720999999999999915e-03
1.300000000000000000e+01 4.000000000000000000e+00 2.000000000000000000e+01 0.000000000000000000e+00 1.600000000000000089e+00 -4.020000000000000136e-04 -5.457000000000000045e-03 -9.999850000000000128e-01 3.063230000000000119e-01 -9.519140000000000379e-01 5.072000000000000119e-03 -9.519279999999999964e-01 -3.063159999999999772e-01 2.053999999999999836e-03
6.000000000000000000e+00 1.300000000000000000e+01 2.000000000000000000e+01 0.000000000000000000e+00 1.600000000000000089e+00 3.570000000000000040e-04 -1.529999999999999893e-03 9.999989999999999712e-01 2.582409999999999983e-01 9.660800000000000498e-01 1.384999999999999946e-03 -9.660809999999999675e-01 2.582400000000000251e-01 7.399999999999999894e-04
9.000000000000000000e+00 1.300000000000000000e+01 2.000000000000000000e+01 0.000000000000000000e+00 1.600000000000000089e+00 -9.730000000000000151e-04 7.460000000000000268e-04 9.999989999999999712e-01 2.577269999999999839e-01 9.662180000000000213e-01 -4.699999999999999859e-04 -9.662169999999999925e-01 2.577260000000000106e-01 -1.132999999999999893e-03
2.300000000000000000e+01 1.300000000000000000e+01 2.000000000000000000e+01 0.000000000000000000e+00 1.600000000000000089e+00 -9.820000000000000170e-04 -3.534999999999999948e-03 9.999930000000000208e-01 2.576600000000000001e-01 9.662290000000000045e-01 3.668999999999999952e-03 -9.662349999999999550e-01 2.576620000000000021e-01 -3.800000000000000209e-05
6.000000000000000000e+00 3.000000000000000000e+00 2.500000000000000000e+01 0.000000000000000000e+00 1.600000000000000089e+00 2.300000000000000002e-05 -2.436999999999999930e-03 9.999970000000000248e-01 -6.933300000000000574e-02 -9.975910000000000055e-01 -2.429000000000000169e-03 9.975939999999999808e-01 -6.933300000000000574e-02 -1.920000000000000049e-04
1.200000000000000000e+01 3.000000000000000000e+00 2.500000000000000000e+01 0.000000000000000000e+00 1.600000000000000089e+00 -4.341000000000000240e-03 -8.144000000000000197e-03 9.999569999999999848e-01 -6.634199999999999819e-02 -9.977610000000000090e-01 -8.413999999999999604e-03 9.977880000000000082e-01 -6.637500000000000344e-02 3.791000000000000099e-03
1.500000000000000000e+01 3.000000000000000000e+00 2.500000000000000000e+01 0.000000000000000000e+00 1.600000000000000089e+00 -2.935999999999999808e-03 -7.710999999999999972e-03 9.999660000000000215e-01 -6.827600000000000335e-02 -9.976350000000000495e-01 -7.893000000000000710e-03 9.976620000000000488e-01 -6.829599999999999560e-02 2.402000000000000055e-03
1.800000000000000000e+01 3.000000000000000000e+00 2.500000000000000000e+01 0.000000000000000000e+00 1.600000000000000089e+00 1.979999999999999989e-03 -4.572999999999999808e-03 9.999879999999999880e-01 -7.414300000000000057e-02 -9.972379999999999578e-01 -4.414000000000000389e-03 9.972459999999999658e-01 -7.413300000000000445e-02 -2.314000000000000085e-03
2.600000000000000000e+01 3.000000000000000000e+00 2.500000000000000000e+01 0.000000000000000000e+00 1.600000000000000089e+00 1.061000000000000094e-03 -8.399000000000000216e-03 9.999639999999999640e-01 -7.233699999999999852e-02 -9.973459999999999548e-01 -8.300000000000000086e-03 9.973800000000000443e-01 -7.232500000000000040e-02 -1.665000000000000030e-03
6.000000000000000000e+00 5.800000000000000000e+01 3.100000000000000000e+01 0.000000000000000000e+00 1.600000000000000089e+00 -6.380000000000000037e-04 1.356999999999999916e-03 9.999989999999999712e-01 -8.112589999999999524e-01 -5.846869999999999568e-01 2.759999999999999867e-04 5.846869999999999568e-01 -8.112580000000000346e-01 1.472999999999999917e-03
1.500000000000000000e+01 5.800000000000000000e+01 3.100000000000000000e+01 0.000000000000000000e+00 1.600000000000000089e+00 -1.358999999999999965e-03 2.331000000000000173e-03 9.999959999999999960e-01 -8.070270000000000499e-01 -5.905150000000000121e-01 2.799999999999999755e-04 5.905129999999999546e-01 -8.070230000000000459e-01 2.683000000000000055e-03
1.900000000000000000e+01 5.800000000000000000e+01 3.100000000000000000e+01 0.000000000000000000e+00 1.600000000000000089e+00 -2.926000000000000215e-03 7.179999999999999967e-04 9.999949999999999672e-01 -8.066910000000000469e-01 -5.909710000000000241e-01 -1.936000000000000004e-03 5.909670000000000201e-01 -8.066929999999999934e-01 2.308000000000000156e-03
2.700000000000000000e+01 5.800000000000000000e+01 3.100000000000000000e+01 0.000000000000000000e+00 1.600000000000000089e+00 6.840999999999999859e-03 3.268000000000000071e-03 9.999710000000000543e-01 -8.012320000000000553e-01 -5.983070000000000332e-01 7.437000000000000034e-03 5.983150000000000412e-01 -8.012599999999999723e-01 -1.474999999999999966e-03
6.000000000000000000e+00 4.600000000000000000e+01 3.500000000000000000e+01 0.000000000000000000e+00 1.600000000000000089e+00 7.259999999999999743e-04 -5.599999999999999509e-04 -1.000000000000000000e+00 3.914270000000000249e-01 -9.202090000000000547e-01 8.000000000000000383e-04 -9.202090000000000547e-01 -3.914270000000000249e-01 -4.490000000000000176e-04
1.200000000000000000e+01 4.600000000000000000e+01 3.500000000000000000e+01 0.000000000000000000e+00 1.600000000000000089e+00 -6.310000000000000504e-04 -5.624999999999999792e-03 -9.999839999999999840e-01 3.926660000000000150e-01 -9.196680000000000410e-01 4.925999999999999823e-03 -9.196809999999999707e-01 -3.926569999999999783e-01 2.788999999999999813e-03
1.600000000000000000e+01 4.600000000000000000e+01 3.500000000000000000e+01 0.000000000000000000e+00 1.600000000000000089e+00 -2.880000000000000073e-04 9.179999999999999792e-04 -1.000000000000000000e+00 3.928010000000000113e-01 -9.196229999999999682e-01 -9.569999999999999514e-04 -9.196229999999999682e-01 -3.928010000000000113e-01 -9.600000000000000243e-05
2.000000000000000000e+01 4.600000000000000000e+01 3.500000000000000000e+01 0.000000000000000000e+00 1.600000000000000089e+00 -1.179999999999999951e-04 4.310999999999999728e-03 -9.999909999999999632e-01 3.912180000000000102e-01 -9.202890000000000237e-01 -4.013000000000000074e-03 -9.202979999999999494e-01 -3.912149999999999794e-01 -1.577999999999999976e-03
2.700000000000000000e+01 4.600000000000000000e+01 3.500000000000000000e+01 0.000000000000000000e+00 1.600000000000000089e+00 7.600000000000000418e-05 4.169999999999999987e-04 -1.000000000000000000e+00 3.901950000000000141e-01 -9.207319999999999949e-01 -3.539999999999999853e-04 -9.207319999999999949e-01 -3.901950000000000141e-01 -2.320000000000000014e-04
2.800000000000000000e+01 9.500000000000000000e+01 3.600000000000000000e+01 0.000000000000000000e+00 1.600000000000000089e+00 -6.276000000000000328e-03 -8.070000000000000784e-03 9.999479999999999480e-01 9.971499999999999808e-01 7.513000000000000234e-02 6.864999999999999575e-03 -7.518199999999999883e-02 9.971410000000000551e-01 7.576000000000000269e-03
3.000000000000000000e+00 2.900000000000000000e+01 4.400000000000000000e+01 0.000000000000000000e+00 1.600000000000000089e+00 -1.333999999999999899e-03 -4.347000000000000169e-03 -9.999900000000000455e-01 6.644539999999999891e-01 7.473180000000000378e-01 -4.134999999999999787e-03 7.473279999999999923e-01 -6.644520000000000426e-01 1.891000000000000103e-03
6.000000000000000000e+00 2.900000000000000000e+01 4.400000000000000000e+01 0.000000000000000000e+00 1.600000000000000089e+00 -2.869999999999999830e-04 -5.159999999999999656e-03 -9.999869999999999592e-01 6.640150000000000219e-01 7.477080000000000393e-01 -4.048999999999999648e-03 7.477190000000000225e-01 -6.640080000000000426e-01 3.212000000000000011e-03
1.100000000000000000e+01 2.900000000000000000e+01 4.400000000000000000e+01 0.000000000000000000e+00 1.600000000000000089e+00 1.173999999999999913e-03 1.683000000000000034e-03 -9.999980000000000535e-01 6.566940000000000000e-01 7.541539999999999910e-01 2.040000000000000147e-03 7.541560000000000485e-01 -6.566950000000000287e-01 -2.200000000000000078e-04
1.600000000000000000e+01 2.900000000000000000e+01 4.400000000000000000e+01 0.000000000000000000e+00 1.600000000000000089e+00 5.159999999999999656e-04 -6.430000000000000169e-04 -1.000000000000000000e+00 6.596610000000000529e-01 7.515629999999999811e-01 -1.430000000000000064e-04 7.515629999999999811e-01 -6.596610000000000529e-01 8.120000000000000048e-04
2.000000000000000000e+01 2.900000000000000000e+01 4.400000000000000000e+01 0.000000000000000000e+00 1.600000000000000089e+00 -2.010000000000000068e-04 -9.810000000000001011e-04 -1.000000000000000000e+00 6.635490000000000554e-01 7.481320000000000192e-01 -8.679999999999999565e-04 7.481330000000000480e-01 -6.635490000000000554e-01 5.010000000000000347e-04
2.400000000000000000e+01 2.900000000000000000e+01 4.400000000000000000e+01 0.000000000000000000e+00 1.600000000000000089e+00 -6.380000000000000037e-04 1.456999999999999962e-03 -9.999989999999999712e-01 6.633179999999999632e-01 7.483370000000000299e-01 6.669999999999999497e-04 7.483370000000000299e-01 -6.633170000000000455e-01 -1.443999999999999971e-03
2.900000000000000000e+01 2.900000000000000000e+01 4.400000000000000000e+01 0.000000000000000000e+00 1.600000000000000089e+00 -4.209999999999999875e-04 5.209000000000000088e-03 -9.999860000000000415e-01 6.674849999999999950e-01 7.446139999999999981e-01 3.598000000000000070e-03 7.446230000000000349e-01 -6.674750000000000405e-01 -3.791000000000000099e-03
4.000000000000000000e+00 5.000000000000000000e+00 5.100000000000000000e+01 0.000000000000000000e+00 1.600000000000000089e+00 -7.510000000000000399e-04 -3.950000000000000061e-04 -1.000000000000000000e+00 4.827020000000000199e-01 -8.757850000000000357e-01 -1.699999999999999987e-05 -8.757840000000000069e-01 -4.827020000000000199e-01 8.480000000000000124e-04
1.200000000000000000e+01 5.000000000000000000e+00 5.100000000000000000e+01 0.000000000000000000e+00 1.600000000000000089e+00 -1.381000000000000066e-03 -4.330999999999999781e-03 -9.999900000000000455e-01 4.904470000000000218e-01 -8.714659999999999629e-01 3.096999999999999927e-03 -8.714699999999999669e-01 -4.904379999999999851e-01 3.327000000000000096e-03
1.900000000000000000e+01 5.000000000000000000e+00 5.100000000000000000e+01 0.000000000000000000e+00 1.600000000000000089e+00 -1.487999999999999956e-03 -6.250000000000000347e-03 -9.999789999999999512e-01 4.955680000000000085e-01 -8.685570000000000235e-01 4.691999999999999990e-03 -8.685680000000000067e-01 -4.955510000000000193e-01 4.389999999999999805e-03
2.300000000000000000e+01 5.000000000000000000e+00 5.100000000000000000e+01 0.000000000000000000e+00 1.600000000000000089e+00 1.603000000000000041e-03 -1.536999999999999955e-03 -9.999980000000000535e-01 4.944589999999999819e-01 -8.691980000000000262e-01 2.128000000000000117e-03 -8.691990000000000549e-01 -4.944609999999999839e-01 -6.329999999999999906e-04
2.700000000000000000e+01 5.000000000000000000e+00 5.100000000000000000e+01 0.000000000000000000e+00 1.600000000000000089e+00 -1.505999999999999960e-03 4.405000000000000061e-03 -9.999890000000000168e-01 4.956119999999999970e-01 -8.685319999999999707e-01 -4.572999999999999808e-03 -8.685429999999999540e-01 -4.956130000000000257e-01 -8.750000000000000182e-04
2.000000000000000000e+00 6.300000000000000000e+01 5.400000000000000000e+01 0.000000000000000000e+00 1.600000000000000089e+00 -2.990000000000000036e-04 2.112999999999999861e-03 9.999980000000000535e-01 -3.503890000000000060e-01 9.366020000000000456e-01 -2.083999999999999915e-03 -9.366039999999999921e-01 -3.503879999999999773e-01 4.600000000000000139e-04
1.100000000000000000e+01 6.300000000000000000e+01 5.400000000000000000e+01 0.000000000000000000e+00 1.600000000000000089e+00 1.677000000000000105e-03 4.508999999999999987e-03 9.999879999999999880e-01 -3.544240000000000168e-01 9.350779999999999648e-01 -3.621999999999999786e-03 -9.350829999999999975e-01 -3.544140000000000068e-01 3.167000000000000110e-03
1.900000000000000000e+01 2.500000000000000000e+01 5.500000000000000000e+01 0.000000000000000000e+00 1.600000000000000089e+00 2.886000000000000110e-03 -8.140000000000000534e-04 -9.999949999999999672e-01 -1.430599999999999927e-02 -9.998970000000000358e-01 7.730000000000000326e-04 -9.998930000000000318e-01 1.430299999999999974e-02 -2.896999999999999836e-03
8.000000000000000000e+00 2.000000000000000000e+01 6.000000000000000000e+01 0.000000000000000000e+00 1.600000000000000089e+00 -5.872999999999999748e-03 1.297999999999999892e-03 9.999820000000000375e-01 -4.900399999999999895e-02 9.987970000000000459e-01 -1.585000000000000037e-03 -9.987810000000000299e-01 -4.901300000000000101e-02 -5.801999999999999866e-03
1.300000000000000000e+01 2.100000000000000000e+01 6.000000000000000000e+01 0.000000000000000000e+00 1.600000000000000089e+00 -5.714000000000000329e-03 5.075999999999999783e-03 9.999710000000000543e-01 -9.500599999999999323e-02 9.954610000000000403e-01 -5.596000000000000280e-03 -9.954600000000000115e-01 -9.503499999999999448e-02 -5.205999999999999690e-03
1.900000000000000000e+01 2.100000000000000000e+01 6.000000000000000000e+01 0.000000000000000000e+00 1.600000000000000089e+00 2.978000000000000178e-03 1.177000000000000095e-03 9.999949999999999672e-01 -9.692599999999999827e-02 9.952910000000000368e-01 -8.819999999999999715e-04 -9.952870000000000328e-01 -9.692299999999999527e-02 3.078000000000000007e-03
2.400000000000000000e+01 2.100000000000000000e+01 6.000000000000000000e+01 0.000000000000000000e+00 1.600000000000000089e+00 -5.063999999999999925e-03 -5.950999999999999693e-03 9.999689999999999968e-01 -9.661500000000000643e-02 9.953070000000000528e-01 5.433999999999999594e-03 -9.953089999999999993e-01 -9.658400000000000318e-02 -5.615000000000000199e-03
2.900000000000000000e+01 2.100000000000000000e+01 6.000000000000000000e+01 0.000000000000000000e+00 1.600000000000000089e+00 -1.446999999999999936e-03 5.666000000000000029e-03 9.999829999999999552e-01 -9.620199999999999585e-02 9.953450000000000353e-01 -5.779000000000000282e-03 -9.953610000000000513e-01 -9.620900000000000285e-02 -8.959999999999999866e-04
3.000000000000000000e+00 2.700000000000000000e+01 6.300000000000000000e+01 0.000000000000000000e+00 1.600000000000000089e+00 5.140999999999999737e-03 3.499999999999999693e-05 9.999869999999999592e-01 -2.860730000000000217e-01 9.582070000000000309e-01 1.436999999999999909e-03 -9.581939999999999902e-01 -2.860770000000000257e-01 4.937000000000000416e-03
6.000000000000000000e+00 2.700000000000000000e+01 6.300000000000000000e+01 0.000000000000000000e+00 1.600000000000000089e+00 3.318000000000000203e-03 3.206000000000000082e-03 9.999890000000000168e-01 -2.886770000000000169e-01 9.574240000000000528e-01 -2.112000000000000162e-03 -9.574209999999999665e-01 -2.886670000000000069e-01 4.101999999999999744e-03
1.300000000000000000e+01 2.700000000000000000e+01 6.300000000000000000e+01 0.000000000000000000e+00 1.600000000000000089e+00 -5.296999999999999625e-03 1.067000000000000023e-03 9.999850000000000128e-01 -2.703389999999999960e-01 9.627620000000000067e-01 -2.459999999999999947e-03 -9.627510000000000234e-01 -2.703479999999999772e-01 -4.812000000000000305e-03
1.700000000000000000e+01 2.700000000000000000e+01 6.300000000000000000e+01 0.000000000000000000e+00 1.600000000000000089e+00 2.001999999999999873e-03 1.962999999999999901e-03 9.999959999999999960e-01 -2.681160000000000210e-01 9.633859999999999646e-01 -1.353999999999999952e-03 -9.633850000000000469e-01 -2.681120000000000170e-01 2.455000000000000151e-03
2.200000000000000000e+01 2.700000000000000000e+01 6.300000000000000000e+01 0.000000000000000000e+00 1.600000000000000089e+00 -3.959999999999999762e-04 6.830000000000000134e-04 1.000000000000000000e+00 -2.685460000000000069e-01 9.632669999999999844e-01 -7.640000000000000306e-04 -9.632669999999999844e-01 -2.685460000000000069e-01 -1.979999999999999881e-04
6.000000000000000000e+00 2.600000000000000000e+01 6.400000000000000000e+01 0.000000000000000000e+00 1.600000000000000089e+00 5.353000000000000119e-03 8.193000000000000629e-03 9.999519999999999520e-01 -3.779410000000000269e-01 9.258129999999999971e-01 -5.563000000000000236e-03 -9.258140000000000258e-01 -3.778929999999999789e-01 8.052999999999999395e-03
1.600000000000000000e+01 2.600000000000000000e+01 6.400000000000000000e+01 0.000000000000000000e+00 1.600000000000000089e+00 7.640000000000000306e-04 -4.500000000000000283e-05 1.000000000000000000e+00 -3.450409999999999866e-01 9.385879999999999779e-01 3.060000000000000111e-04 -9.385869999999999491e-01 -3.450409999999999866e-01 7.020000000000000415e-04
2.600000000000000000e+01 2.600000000000000000e+01 6.400000000000000000e+01 0.000000000000000000e+00 1.600000000000000089e+00 -1.843999999999999936e-03 -3.661999999999999891e-03 9.999919999999999920e-01 -3.465619999999999812e-01 9.380230000000000512e-01 2.795999999999999874e-03 -9.380249999999999977e-01 -3.465539999999999732e-01 -2.998999999999999930e-03
6.000000000000000000e+00 6.900000000000000000e+01 6.600000000000000000e+01 0.000000000000000000e+00 1.600000000000000089e+00 -3.543000000000000142e-03 3.665999999999999988e-03 9.999869999999999592e-01 -9.495029999999999859e-01 3.137269999999999781e-01 -4.513999999999999783e-03 -3.137389999999999901e-01 -9.495059999999999611e-01 2.370000000000000145e-03
4.000000000000000000e+00 2.500000000000000000e+01 7.300000000000000000e+01 0.000000000000000000e+00 1.600000000000000089e+00 -2.060999999999999898e-03 -3.840000000000000097e-04 9.999980000000000535e-01 7.449789999999999468e-01 -6.670869999999999855e-01 1.278999999999999972e-03 6.670850000000000390e-01 7.449799999999999756e-01 1.660999999999999933e-03
8.000000000000000000e+00 2.500000000000000000e+01 7.300000000000000000e+01 0.000000000000000000e+00 1.600000000000000089e+00 1.179999999999999951e-04 -2.103999999999999967e-03 9.999980000000000535e-01 7.458289999999999642e-01 -6.661359999999999504e-01 -1.490000000000000005e-03 6.661369999999999791e-01 7.458280000000000465e-01 1.490000000000000005e-03
2.400000000000000000e+01 2.500000000000000000e+01 7.300000000000000000e+01 0.000000000000000000e+00 1.600000000000000089e+00 -2.598900000000000168e-02 -2.268399999999999930e-02 9.994049999999999878e-01 7.577869999999999884e-01 -6.524839999999999529e-01 4.896000000000000178e-03 6.519850000000000367e-01 7.574629999999999974e-01 3.414699999999999680e-02
4.000000000000000000e+00 4.400000000000000000e+01 7.300000000000000000e+01 0.000000000000000000e+00 1.600000000000000089e+00 -3.089999999999999756e-04 -1.422000000000000087e-03 9.999989999999999712e-01 5.081999999999999712e-02 -9.987070000000000114e-01 -1.404000000000000083e-03 9.987080000000000402e-01 5.081999999999999712e-02 3.809999999999999910e-04
7.000000000000000000e+00 4.400000000000000000e+01 7.300000000000000000e+01 0.000000000000000000e+00 1.600000000000000089e+00 -1.448999999999999984e-03 -1.422000000000000087e-03 9.999980000000000535e-01 5.079199999999999687e-02 -9.987080000000000402e-01 -1.345999999999999974e-03 9.987080000000000402e-01 5.079000000000000181e-02 1.518999999999999951e-03
1.500000000000000000e+01 4.400000000000000000e+01 7.300000000000000000e+01 0.000000000000000000e+00 1.600000000000000089e+00 -5.739999999999999660e-04 -2.289999999999999935e-03 9.999970000000000248e-01 5.110499999999999765e-02 -9.986909999999999954e-01 -2.256999999999999892e-03 9.986930000000000529e-01 5.110399999999999665e-02 6.899999999999999667e-04
2.000000000000000000e+01 4.400000000000000000e+01 7.300000000000000000e+01 0.000000000000000000e+00 1.600000000000000089e+00 -1.379999999999999933e-03 -3.444000000000000013e-03 9.999930000000000208e-01 5.080699999999999800e-02 -9.987030000000000074e-01 -3.370000000000000166e-03 9.987080000000000402e-01 5.080199999999999994e-02 1.552999999999999910e-03
2.500000000000000000e+01 4.400000000000000000e+01 7.300000000000000000e+01 0.000000000000000000e+00 1.600000000000000089e+00 -2.154999999999999798e-03 -5.611999999999999801e-03 9.999820000000000375e-01 4.664999999999999702e-02 -9.988960000000000061e-01 -5.505999999999999610e-03 9.989090000000000469e-01 4.663699999999999790e-02 2.413999999999999913e-03
1.400000000000000000e+01 2.500000000000000000e+01 7.400000000000000000e+01 0.000000000000000000e+00 1.600000000000000089e+00 1.095499999999999946e-02 1.239299999999999950e-02 9.998629999999999463e-01 8.344639999999999835e-01 -5.510570000000000190e-01 -2.312999999999999952e-03 5.509530000000000260e-01 8.343749999999999778e-01 -1.637800000000000020e-02
4.000000000000000000e+00 9.100000000000000000e+01 7.600000000000000000e+01 0.000000000000000000e+00 1.600000000000000089e+00 -1.969999999999999909e-04 -1.317000000000000028e-03 9.999989999999999712e-01 3.184009999999999896e-01 -9.479549999999999921e-01 -1.185999999999999988e-03 9.479560000000000208e-01 3.184009999999999896e-01 6.059999999999999849e-04
1.200000000000000000e+01 9.100000000000000000e+01 7.600000000000000000e+01 0.000000000000000000e+00 1.600000000000000089e+00 -1.498999999999999898e-03 -2.177999999999999815e-03 9.999959999999999960e-01 3.130470000000000197e-01 -9.497360000000000246e-01 -1.598999999999999944e-03 9.497370000000000534e-01 3.130430000000000157e-01 2.105999999999999799e-03
1.900000000000000000e+01 9.100000000000000000e+01 7.600000000000000000e+01 0.000000000000000000e+00 1.600000000000000089e+00 -3.939999999999999817e-04 1.719000000000000042e-03 9.999980000000000535e-01 3.163159999999999861e-01 -9.486520000000000508e-01 1.755000000000000050e-03 9.486539999999999973e-01 3.163159999999999861e-01 -1.700000000000000122e-04
2.800000000000000000e+01 9.100000000000000000e+01 7.600000000000000000e+01 0.000000000000000000e+00 1.600000000000000089e+00 -1.180999999999999975e-03 -2.100000000000000087e-04 9.999989999999999712e-01 3.233509999999999995e-01 -9.462789999999999813e-01 1.830000000000000029e-04 9.462779999999999525e-01 3.233509999999999995e-01 1.185999999999999988e-03
2.000000000000000000e+01 6.300000000000000000e+01 8.100000000000000000e+01 0.000000000000000000e+00 1.600000000000000089e+00 -1.394000000000000057e-03 3.249999999999999851e-04 9.999989999999999712e-01 4.415499999999999980e-02 -9.990250000000000519e-01 3.860000000000000041e-04 9.990240000000000231e-01 4.415600000000000080e-02 1.378000000000000102e-03
1.100000000000000000e+01 4.400000000000000000e+01 8.300000000000000000e+01 0.000000000000000000e+00 1.600000000000000089e+00 1.691999999999999928e-03 -3.761000000000000020e-03 9.999919999999999920e-01 5.817769999999999886e-01 -8.133380000000000054e-01 -4.042999999999999719e-03 8.133460000000000134e-01 5.817790000000000461e-01 8.120000000000000048e-04
1.600000000000000000e+01 4.400000000000000000e+01 8.300000000000000000e+01 0.000000000000000000e+00 1.600000000000000089e+00 -2.950000000000000148e-04 -2.534999999999999927e-03 9.999970000000000248e-01 5.860750000000000126e-01 -8.102549999999999475e-01 -1.881000000000000076e-03 8.102570000000000050e-01 5.860729999999999551e-01 1.724999999999999971e-03
2.300000000000000000e+01 4.400000000000000000e+01 8.300000000000000000e+01 0.000000000000000000e+00 1.600000000000000089e+00 -1.126999999999999964e-03 3.213000000000000144e-03 9.999940000000000495e-01 5.832789999999999919e-01 -8.122650000000000148e-01 3.266999999999999939e-03 8.122709999999999653e-01 5.832789999999999919e-01 -9.590000000000000000e-04
2.600000000000000000e+01 4.400000000000000000e+01 8.300000000000000000e+01 0.000000000000000000e+00 1.600000000000000089e+00 -1.835999999999999958e-03 4.309000000000000330e-03 9.999890000000000168e-01 5.824829999999999730e-01 -8.128300000000000525e-01 4.571999999999999675e-03 8.128410000000000357e-01 5.824850000000000305e-01 -1.018000000000000025e-03
2.700000000000000000e+01 1.010000000000000000e+02 8.300000000000000000e+01 0.000000000000000000e+00 1.600000000000000089e+00 -1.198000000000000063e-03 -5.889000000000000137e-03 9.999820000000000375e-01 9.963370000000000282e-01 8.549600000000000255e-02 1.696999999999999941e-03 -8.550399999999999667e-02 9.963210000000000122e-01 5.765000000000000159e-03
5.000000000000000000e+00 1.400000000000000000e+01 8.600000000000000000e+01 0.000000000000000000e+00 1.600000000000000089e+00 -4.580000000000000195e-04 4.970999999999999724e-03 -9.999879999999999880e-01 1.928640000000000077e-01 9.812140000000000306e-01 4.789999999999999987e-03 9.812250000000000139e-01 -1.928590000000000027e-01 -1.407999999999999963e-03
1.400000000000000000e+01 1.500000000000000000e+01 8.600000000000000000e+01 0.000000000000000000e+00 1.600000000000000089e+00 -4.809999999999999823e-04 -9.261999999999999400e-03 -9.999569999999999848e-01 1.865700000000000136e-01 9.823990000000000222e-01 -9.188999999999999252e-03 9.824420000000000375e-01 -1.865660000000000096e-01 1.255000000000000039e-03
2.000000000000000000e+01 1.500000000000000000e+01 8.600000000000000000e+01 0.000000000000000000e+00 1.600000000000000089e+00 -7.609999999999999577e-04 1.373000000000000088e-03 -9.999989999999999712e-01 1.828110000000000013e-01 9.831469999999999931e-01 1.211000000000000054e-03 9.831480000000000219e-01 -1.828100000000000003e-01 -9.990000000000001049e-04
2.400000000000000000e+01 1.500000000000000000e+01 8.600000000000000000e+01 0.000000000000000000e+00 1.600000000000000089e+00 1.350000000000000017e-04 -7.429999999999999539e-04 -1.000000000000000000e+00 1.826959999999999973e-01 9.831689999999999596e-01 -7.060000000000000303e-04 9.831689999999999596e-01 -1.826959999999999973e-01 2.689999999999999791e-04
1.600000000000000000e+01 8.300000000000000000e+01 8.600000000000000000e+01 0.000000000000000000e+00 1.600000000000000089e+00 -5.237000000000000335e-03 -6.205999999999999711e-03 9.999670000000000503e-01 -9.997070000000000123e-01 2.367899999999999866e-02 -5.088999999999999774e-03 -2.364700000000000135e-02 -9.997000000000000330e-01 -6.328000000000000291e-03
2.400000000000000000e+01 8.300000000000000000e+01 8.600000000000000000e+01 0.000000000000000000e+00 1.600000000000000089e+00 -2.304000000000000058e-03 -1.295699999999999977e-02 9.999130000000000518e-01 -9.999109999999999943e-01 1.317300000000000068e-02 -2.132999999999999913e-03 -1.314399999999999943e-02 -9.998289999999999678e-01 -1.298700000000000028e-02
2.700000000000000000e+01 8.300000000000000000e+01 8.600000000000000000e+01 0.000000000000000000e+00 1.600000000000000089e+00 -1.650999999999999907e-03 -1.540799999999999982e-02 9.998799999999999910e-01 -9.999829999999999552e-01 5.609000000000000270e-03 -1.564999999999999985e-03 -5.584000000000000422e-03 -9.998660000000000325e-01 -1.541700000000000015e-02
2.500000000000000000e+01 9.400000000000000000e+01 9.600000000000000000e+01 0.000000000000000000e+00 1.600000000000000089e+00 -2.328000000000000208e-03 2.586999999999999890e-03 -9.999940000000000495e-01 9.043259999999999632e-01 4.268419999999999992e-01 -1.000000000000000021e-03 4.268370000000000219e-01 -9.043229999999999880e-01 -3.333000000000000025e-03
2.100000000000000000e+01 3.700000000000000000e+01 9.900000000000000000e+01 0.000000000000000000e+00 1.600000000000000089e+00 -2.275300000000000100e-01 -1.021419999999999967e-01 9.683990000000000098e-01 -7.337690000000000046e-01 6.717680000000000318e-01 -1.015479999999999994e-01 -6.401670000000000416e-01 -7.336859999999999493e-01 -2.277959999999999985e-01
5.000000000000000000e+00 3.400000000000000000e+01 1.000000000000000000e+02 0.000000000000000000e+00 1.600000000000000089e+00 -5.373000000000000172e-03 -2.462000000000000213e-03 9.999829999999999552e-01 7.951610000000000067e-01 6.063709999999999933e-01 5.765000000000000159e-03 -6.063739999999999686e-01 7.951780000000000515e-01 -1.299999999999999940e-03
