8.000000000000000000e+00 1.600000000000000000e+01 4.000000000000000000e+00 0.000000000000000000e+00 1.600000000000000089e+00 -1.948000000000000079e-03 -1.179299999999999966e-02 9.999289999999999567e-01 3.150519999999999987e-01 -9.490150000000000530e-01 -1.057899999999999986e-02 9.490720000000000267e-01 3.150089999999999835e-01 5.564000000000000369e-03
1.300000000000000000e+01 1.600000000000000000e+01 4.000000000000000000e+00 0.000000000000000000e+00 1.600000000000000089e+00 2.785000000000000149e-03 -1.399199999999999923e-02 9.998979999999999535e-01 3.130749999999999922e-01 -9.496229999999999949e-01 -1.416099999999999998e-02 9.497240000000000126e-01 3.130830000000000002e-01 1.735999999999999913e-03
1.600000000000000000e+01 1.600000000000000000e+01 4.000000000000000000e+00 0.000000000000000000e+00 1.600000000000000089e+00 2.570999999999999935e-03 -1.941299999999999970e-02 9.998080000000000300e-01 3.147380000000000178e-01 -9.489830000000000210e-01 -1.923599999999999963e-02 9.491749999999999909e-01 3.147280000000000078e-01 3.670999999999999784e-03
2.100000000000000000e+01 1.600000000000000000e+01 4.000000000000000000e+00 0.000000000000000000e+00 1.600000000000000089e+00 3.003000000000000027e-03 -2.052000000000000005e-02 9.997850000000000348e-01 3.214969999999999772e-01 -9.466909999999999492e-01 -2.039600000000000093e-02 9.469060000000000255e-01 3.214890000000000247e-01 3.753999999999999958e-03
4.000000000000000000e+00 1.010000000000000000e+02 7.000000000000000000e+00 0.000000000000000000e+00 1.600000000000000089e+00 8.249999999999999955e-04 -7.119999999999999593e-03 9.999740000000000295e-01 8.858930000000000415e-01 4.638820000000000165e-01 2.572000000000000067e-03 -4.638889999999999958e-01 8.858679999999999888e-01 6.689999999999999766e-03
9.000000000000000000e+00 1.010000000000000000e+02 7.000000000000000000e+00 0.000000000000000000e+00 1.600000000000000089e+00 2.871999999999999987e-03 4.035000000000000392e-03 9.999879999999999880e-01 8.856880000000000308e-01 4.642609999999999792e-01 -4.416999999999999919e-03 -4.642729999999999912e-01 8.856889999999999485e-01 -2.239999999999999804e-03
2.700000000000000000e+01 1.010000000000000000e+02 7.000000000000000000e+00 0.000000000000000000e+00 1.600000000000000089e+00 9.699999999999999963e-05 -1.719999999999999958e-03 9.999989999999999712e-01 8.844410000000000327e-01 4.666520000000000112e-01 7.169999999999999724e-04 -4.666529999999999845e-01 8.844389999999999752e-01 1.567000000000000033e-03
3.000000000000000000e+01 1.010000000000000000e+02 7.000000000000000000e+00 0.000000000000000000e+00 1.600000000000000089e+00 2.501000000000000185e-03 -5.695000000000000409e-03 9.999810000000000088e-01 8.844210000000000127e-01 4.666899999999999937e-01 4.459999999999999989e-04 -4.666839999999999877e-01 8.844030000000000502e-01 6.203000000000000180e-03
6.000000000000000000e+00 1.500000000000000000e+01 8.000000000000000000e+00 0.000000000000000000e+00 1.600000000000000089e+00 -3.596999999999999937e-03 -1.075599999999999994e-02 -9.999360000000000470e-01 -5.663810000000000233e-01 -8.240709999999999980e-01 1.090200000000000023e-02 -8.241359999999999797e-01 5.663839999999999986e-01 -3.127000000000000005e-03
1.000000000000000000e+01 1.500000000000000000e+01 8.000000000000000000e+00 0.000000000000000000e+00 1.600000000000000089e+00 -4.498000000000000262e-03 -9.317000000000000628e-03 -9.999460000000000015e-01 -5.655480000000000507e-01 -8.246520000000000516e-01 1.022699999999999998e-02 -8.247029999999999639e-01 5.655639999999999556e-01 -1.559999999999999972e-03
1.300000000000000000e+01 1.500000000000000000e+01 8.000000000000000000e+00 0.000000000000000000e+00 1.600000000000000089e+00 -7.599999999999999985e-03 -1.155100000000000050e-02 -9.999040000000000150e-01 -5.656400000000000317e-01 -8.245360000000000467e-01 1.382500000000000048e-02 -8.246170000000000444e-01 5.656910000000000549e-01 -2.669999999999999847e-04
1.700000000000000000e+01 1.500000000000000000e+01 8.000000000000000000e+00 0.000000000000000000e+00 1.600000000000000089e+00 -7.979999999999999247e-03 -1.845099999999999865e-02 -9.997979999999999645e-01 -5.680720000000000214e-01 -8.227430000000000021e-01 1.971799999999999942e-02 -8.229400000000000048e-01 5.681150000000000366e-01 -3.915000000000000077e-03
2.100000000000000000e+01 1.500000000000000000e+01 8.000000000000000000e+00 0.000000000000000000e+00 1.600000000000000089e+00 -7.542000000000000093e-03 -2.197999999999999954e-02 -9.997300000000000075e-01 -5.715820000000000345e-01 -8.202409999999999979e-01 2.234600000000000128e-02 -8.205099999999999616e-01 5.715959999999999930e-01 -6.377999999999999989e-03
2.400000000000000000e+01 1.500000000000000000e+01 8.000000000000000000e+00 0.000000000000000000e+00 1.600000000000000089e+00 -7.054999999999999639e-03 -2.133600000000000080e-02 -9.997479999999999700e-01 -5.750170000000000003e-01 -8.178579999999999739e-01 2.151199999999999987e-02 -8.181110000000000326e-01 5.750239999999999796e-01 -6.498000000000000304e-03
2.900000000000000000e+01 1.500000000000000000e+01 8.000000000000000000e+00 0.000000000000000000e+00 1.600000000000000089e+00 -2.763999999999999964e-03 -9.782000000000000764e-03 -9.999479999999999480e-01 -5.782549999999999635e-01 -8.157999999999999696e-01 9.579000000000000709e-03 -8.158509999999999929e-01 5.782509999999999595e-01 -3.402000000000000076e-03
3.000000000000000000e+00 2.600000000000000000e+01 8.000000000000000000e+00 0.000000000000000000e+00 1.600000000000000089e+00 1.337000000000000081e-03 4.534999999999999969e-03 -9.999890000000000168e-01 4.248830000000000107e-01 9.052360000000000406e-01 4.673000000000000070e-03 9.052470000000000239e-01 -4.248850000000000127e-01 -7.169999999999999724e-04
1.000000000000000000e+01 2.600000000000000000e+01 8.000000000000000000e+00 0.000000000000000000e+00 1.600000000000000089e+00 1.905999999999999925e-03 8.281000000000000166e-03 -9.999639999999999640e-01 4.237199999999999855e-01 9.057549999999999768e-01 8.307999999999999413e-03 9.057910000000000128e-01 -4.237210000000000143e-01 -1.781999999999999947e-03
1.500000000000000000e+01 2.600000000000000000e+01 8.000000000000000000e+00 0.000000000000000000e+00 1.600000000000000089e+00 5.781999999999999813e-03 2.561199999999999935e-02 -9.996549999999999603e-01 4.206389999999999851e-01 9.068650000000000322e-01 2.566699999999999884e-02 9.072099999999999609e-01 -4.206420000000000159e-01 -5.530000000000000193e-03
1.800000000000000000e+01 2.600000000000000000e+01 8.000000000000000000e+00 0.000000000000000000e+00 1.600000000000000089e+00 6.945999999999999917e-03 2.131200000000000108e-02 -9.997489999999999988e-01 4.174390000000000045e-01 9.084320000000000173e-01 2.226600000000000107e-02 9.086779999999999857e-01 -4.174889999999999990e-01 -2.586999999999999890e-03
2.400000000000000000e+01 2.600000000000000000e+01 8.000000000000000000e+00 0.000000000000000000e+00 1.600000000000000089e+00 6.739000000000000198e-03 2.266599999999999865e-02 -9.997200000000000530e-01 4.125570000000000070e-01 9.106300000000000505e-01 2.342699999999999991e-02 9.109070000000000222e-01 -4.126000000000000223e-01 -3.213999999999999843e-03
4.000000000000000000e+00 1.400000000000000000e+01 9.000000000000000000e+00 0.000000000000000000e+00 1.600000000000000089e+00 -3.125999999999999873e-03 -7.344999999999999966e-03 -9.999679999999999680e-01 -5.607910000000000394e-01 -8.279199999999999893e-01 7.834000000000000685e-03 -8.279509999999999925e-01 5.607980000000000187e-01 -1.531000000000000026e-03
1.000000000000000000e+01 1.400000000000000000e+01 9.000000000000000000e+00 0.000000000000000000e+00 1.600000000000000089e+00 -5.107000000000000428e-03 -1.135199999999999924e-02 -9.999230000000000063e-01 -5.616090000000000249e-01 -8.273120000000000474e-01 1.226099999999999933e-02 -8.273869999999999836e-01 5.616280000000000161e-01 -2.150000000000000001e-03
2.500000000000000000e+01 2.400000000000000000e+01 9.000000000000000000e+00 0.000000000000000000e+00 1.600000000000000089e+00 7.353000000000000161e-03 2.424300000000000066e-02 -9.996789999999999843e-01 4.666859999999999897e-01 8.840729999999999977e-01 2.487199999999999828e-02 8.843929999999999847e-01 -4.667189999999999950e-01 -4.812999999999999570e-03
2.900000000000000000e+01 2.400000000000000000e+01 9.000000000000000000e+00 0.000000000000000000e+00 1.600000000000000089e+00 5.995999999999999594e-03 1.636400000000000007e-02 -9.998479999999999590e-01 4.635880000000000001e-01 8.858819999999999473e-01 1.727899999999999922e-02 8.860310000000000130e-01 -4.636210000000000053e-01 -2.273999999999999980e-03
1.400000000000000000e+01 3.100000000000000000e+01 1.200000000000000000e+01 0.000000000000000000e+00 1.600000000000000089e+00 1.641000000000000097e-03 2.004999999999999838e-03 9.999970000000000248e-01 -1.483300000000000070e-02 9.998879999999999990e-01 -1.981000000000000122e-03 -9.998890000000000278e-01 -1.482999999999999943e-02 1.670000000000000043e-03
2.000000000000000000e+01 3.100000000000000000e+01 1.200000000000000000e+01 0.000000000000000000e+00 1.600000000000000089e+00 1.028999999999999967e-03 1.374000000000000004e-03 9.999989999999999712e-01 -1.338499999999999933e-02 9.999090000000000478e-01 -1.360000000000000098e-03 -9.999099999999999655e-01 -1.338400000000000006e-02 1.048000000000000103e-03
2.700000000000000000e+01 3.100000000000000000e+01 1.200000000000000000e+01 0.000000000000000000e+00 1.600000000000000089e+00 -1.530000000000000056e-04 5.630999999999999721e-03 9.999839999999999840e-01 -9.450000000000000067e-03 9.999400000000000510e-01 -5.631999999999999854e-03 -9.999550000000000383e-01 -9.450999999999999332e-03 -1.000000000000000048e-04
6.000000000000000000e+00 1.200000000000000000e+01 1.500000000000000000e+01 0.000000000000000000e+00 1.600000000000000089e+00 -7.739999999999999485e-04 -5.198999999999999629e-03 -9.999860000000000415e-01 -4.651129999999999987e-01 -8.852379999999999693e-01 4.963000000000000397e-03 -8.852510000000000101e-01 4.651100000000000234e-01 -1.732999999999999948e-03
1.200000000000000000e+01 1.200000000000000000e+01 1.500000000000000000e+01 0.000000000000000000e+00 1.600000000000000089e+00 -4.044999999999999984e-03 -6.620000000000000016e-03 -9.999700000000000255e-01 -4.690309999999999757e-01 -8.831480000000000441e-01 7.742999999999999883e-03 -8.831719999999999571e-01 4.690480000000000205e-01 4.670000000000000214e-04
2.200000000000000000e+01 1.200000000000000000e+01 1.500000000000000000e+01 0.000000000000000000e+00 1.600000000000000089e+00 -4.276000000000000287e-03 -6.043999999999999893e-03 -9.999730000000000008e-01 -4.737439999999999984e-01 -8.806319999999999704e-01 7.348999999999999630e-03 -8.806519999999999904e-01 4.737629999999999897e-01 9.020000000000000240e-04
2.700000000000000000e+01 1.200000000000000000e+01 1.500000000000000000e+01 0.000000000000000000e+00 1.600000000000000089e+00 -2.073999999999999889e-03 -4.688999999999999592e-03 -9.999869999999999592e-01 -4.721400000000000041e-01 -8.815089999999999870e-01 5.113000000000000357e-03 -8.815209999999999990e-01 4.721449999999999814e-01 -3.849999999999999798e-04
4.000000000000000000e+00 2.000000000000000000e+00 1.900000000000000000e+01 0.000000000000000000e+00 1.600000000000000089e+00 2.300000000000000070e-04 1.013999999999999927e-03 -9.999989999999999712e-01 1.372670000000000001e-01 -9.905340000000000256e-01 -9.730000000000000151e-04 -9.905340000000000256e-01 -1.372659999999999991e-01 -3.669999999999999760e-04
6.000000000000000000e+00 2.000000000000000000e+00 1.900000000000000000e+01 0.000000000000000000e+00 1.600000000000000089e+00 -5.339999999999999695e-04 -1.338999999999999913e-03 -9.999989999999999712e-01 1.411519999999999997e-01 -9.899869999999999504e-01 1.250000000000000026e-03 -9.899879999999999791e-01 -1.411519999999999997e-01 7.179999999999999967e-04
9.000000000000000000e+00 2.000000000000000000e+00 1.900000000000000000e+01 0.000000000000000000e+00 1.600000000000000089e+00 -1.413999999999999892e-03 -1.180000000000000059e-03 -9.999980000000000535e-01 1.458359999999999934e-01 -9.893079999999999652e-01 9.610000000000000486e-04 -9.893079999999999652e-01 -1.458339999999999914e-01 1.570999999999999914e-03
1.900000000000000000e+01 2.000000000000000000e+00 1.900000000000000000e+01 0.000000000000000000e+00 1.600000000000000089e+00 2.286999999999999970e-03 -3.569999999999999823e-03 -9.999909999999999632e-01 1.546269999999999867e-01 -9.879649999999999821e-01 3.880999999999999901e-03 -9.879700000000000149e-01 -1.546349999999999947e-01 -1.706999999999999967e-03
2.300000000000000000e+01 2.000000000000000000e+00 1.900000000000000000e+01 0.000000000000000000e+00 1.600000000000000089e+00 2.969999999999999984e-03 -1.208900000000000079e-02 -9.999230000000000063e-01 1.606549999999999923e-01 -9.869329999999999492e-01 1.240899999999999989e-02 -9.870060000000000500e-01 -1.606789999999999885e-01 -9.890000000000000787e-04
2.600000000000000000e+01 2.000000000000000000e+00 1.900000000000000000e+01 0.000000000000000000e+00 1.600000000000000089e+00 3.305000000000000212e-03 -6.204000000000000313e-03 -9.999749999999999472e-01 1.635119999999999907e-01 -9.865190000000000348e-01 6.661000000000000254e-03 -9.865359999999999685e-01 -1.635300000000000087e-01 -2.246000000000000166e-03
2.600000000000000000e+01 4.000000000000000000e+00 2.000000000000000000e+01 0.000000000000000000e+00 1.600000000000000089e+00 4.727000000000000299e-03 -6.569000000000000186e-03 -9.999670000000000503e-01 2.555279999999999774e-01 -9.667719999999999647e-01 7.558999999999999747e-03 -9.667900000000000382e-01 -2.555549999999999766e-01 -2.892000000000000039e-03
7.000000000000000000e+00 1.300000000000000000e+01 2.000000000000000000e+01 0.000000000000000000e+00 1.600000000000000089e+00 4.609999999999999840e-04 -1.431999999999999896e-03 9.999989999999999712e-01 2.517610000000000126e-01 9.677890000000000104e-01 1.270000000000000078e-03 -9.677890000000000104e-01 2.517599999999999838e-01 8.059999999999999673e-04
1.300000000000000000e+01 1.300000000000000000e+01 2.000000000000000000e+01 0.000000000000000000e+00 1.600000000000000089e+00 1.142999999999999919e-03 5.124000000000000082e-03 9.999860000000000415e-01 2.531180000000000097e-01 9.674209999999999754e-01 -5.245999999999999795e-03 -9.674350000000000449e-01 2.531209999999999849e-01 -1.910000000000000077e-04
1.900000000000000000e+01 1.300000000000000000e+01 2.000000000000000000e+01 0.000000000000000000e+00 1.600000000000000089e+00 2.699999999999999899e-05 3.602999999999999866e-03 9.999940000000000495e-01 2.521510000000000140e-01 9.676820000000000421e-01 -3.493000000000000011e-03 -9.676879999999999926e-01 2.521490000000000120e-01 -8.819999999999999715e-04
2.600000000000000000e+01 1.300000000000000000e+01 2.000000000000000000e+01 0.000000000000000000e+00 1.600000000000000089e+00 -8.210000000000000067e-04 1.105000000000000079e-03 9.999989999999999712e-01 2.554310000000000191e-01 9.668269999999999920e-01 -8.589999999999999546e-04 -9.668269999999999920e-01 2.554299999999999904e-01 -1.075999999999999917e-03
2.900000000000000000e+01 1.300000000000000000e+01 2.000000000000000000e+01 0.000000000000000000e+00 1.600000000000000089e+00 -9.849999999999999815e-04 -5.039999999999999992e-04 9.999989999999999712e-01 2.562360000000000193e-01 9.666139999999999732e-01 7.399999999999999894e-04 -9.666139999999999732e-01 2.562369999999999925e-01 -8.229999999999999469e-04
4.000000000000000000e+00 1.600000000000000000e+01 2.100000000000000000e+01 0.000000000000000000e+00 1.600000000000000089e+00 -2.519999999999999996e-04 -6.768999999999999843e-03 9.999770000000000048e-01 2.996240000000000014e-01 9.540349999999999664e-01 6.532999999999999745e-03 -9.540570000000000439e-01 2.996190000000000242e-01 1.786999999999999960e-03
1.900000000000000000e+01 1.600000000000000000e+01 2.100000000000000000e+01 0.000000000000000000e+00 1.600000000000000089e+00 -5.789999999999999791e-04 -1.126999999999999964e-03 9.999989999999999712e-01 2.979430000000000134e-01 9.545829999999999593e-01 1.247999999999999977e-03 -9.545829999999999593e-01 2.979439999999999866e-01 -2.169999999999999891e-04
8.000000000000000000e+00 4.600000000000000000e+01 2.700000000000000000e+01 0.000000000000000000e+00 1.600000000000000089e+00 1.799000000000000035e-03 4.870000000000000197e-04 -9.999980000000000535e-01 6.654700000000000060e-01 7.464229999999999476e-01 1.561000000000000104e-03 7.464229999999999476e-01 -6.654710000000000347e-01 1.018000000000000025e-03
1.500000000000000000e+01 4.600000000000000000e+01 2.700000000000000000e+01 0.000000000000000000e+00 1.600000000000000089e+00 1.226000000000000093e-03 2.150000000000000001e-03 -9.999970000000000248e-01 6.776269999999999794e-01 7.354020000000000001e-01 2.412000000000000081e-03 7.354039999999999466e-01 -6.776280000000000081e-01 -5.559999999999999621e-04
1.900000000000000000e+01 4.600000000000000000e+01 2.700000000000000000e+01 0.000000000000000000e+00 1.600000000000000089e+00 1.905000000000000009e-03 1.309000000000000051e-03 -9.999970000000000248e-01 6.852190000000000225e-01 7.283340000000000369e-01 2.259000000000000157e-03 7.283349999999999547e-01 -6.852209999999999690e-01 4.899999999999999842e-04
2.200000000000000000e+01 4.600000000000000000e+01 2.700000000000000000e+01 0.000000000000000000e+00 1.600000000000000089e+00 1.763000000000000027e-03 3.110000000000000243e-04 -9.999980000000000535e-01 6.846170000000000311e-01 7.289010000000000211e-01 1.433000000000000029e-03 7.288999999999999924e-01 -6.846189999999999776e-01 1.072999999999999952e-03
1.000000000000000000e+01 4.600000000000000000e+01 3.000000000000000000e+01 0.000000000000000000e+00 1.600000000000000089e+00 8.030000000000000028e-04 1.190000000000000058e-04 -1.000000000000000000e+00 3.241049999999999764e-01 9.460210000000000008e-01 3.730000000000000134e-04 9.460210000000000008e-01 -3.241049999999999764e-01 7.209999999999999612e-04
1.400000000000000000e+01 4.600000000000000000e+01 3.000000000000000000e+01 0.000000000000000000e+00 1.600000000000000089e+00 -6.030000000000000204e-04 6.589999999999999721e-04 -1.000000000000000000e+00 3.314810000000000256e-01 9.434620000000000228e-01 4.220000000000000118e-04 9.434620000000000228e-01 -3.314810000000000256e-01 -7.870000000000000476e-04
2.100000000000000000e+01 4.600000000000000000e+01 3.000000000000000000e+01 0.000000000000000000e+00 1.600000000000000089e+00 1.735999999999999913e-03 1.572999999999999962e-03 -9.999970000000000248e-01 3.372680000000000122e-01 9.414059999999999651e-01 2.066000000000000128e-03 9.414069999999999938e-01 -3.372709999999999875e-01 1.103999999999999947e-03
2.500000000000000000e+01 4.600000000000000000e+01 3.000000000000000000e+01 0.000000000000000000e+00 1.600000000000000089e+00 -4.159999999999999744e-04 -1.699999999999999987e-05 -1.000000000000000000e+00 3.343229999999999813e-01 9.424580000000000179e-01 -1.550000000000000000e-04 9.424580000000000179e-01 -3.343229999999999813e-01 -3.869999999999999742e-04
3.000000000000000000e+00 5.800000000000000000e+01 3.100000000000000000e+01 0.000000000000000000e+00 1.600000000000000089e+00 -5.965999999999999949e-03 -4.722999999999999768e-03 9.999710000000000543e-01 -7.677300000000000235e-01 -6.407279999999999642e-01 -7.607000000000000046e-03 6.407450000000000090e-01 -7.677540000000000475e-01 1.959999999999999937e-04
7.000000000000000000e+00 5.800000000000000000e+01 3.100000000000000000e+01 0.000000000000000000e+00 1.600000000000000089e+00 -4.581000000000000003e-03 -5.428999999999999798e-03 9.999749999999999472e-01 -7.712259999999999671e-01 -6.365229999999999499e-01 -6.989000000000000420e-03 6.365450000000000275e-01 -7.712379999999999791e-01 -1.271999999999999910e-03
1.000000000000000000e+01 5.800000000000000000e+01 3.100000000000000000e+01 0.000000000000000000e+00 1.600000000000000089e+00 -2.226000000000000114e-03 -5.091000000000000039e-03 9.999850000000000128e-01 -7.726950000000000207e-01 -6.347580000000000444e-01 -4.951999999999999805e-03 6.347730000000000317e-01 -7.726939999999999920e-01 -2.520999999999999804e-03
1.800000000000000000e+01 5.800000000000000000e+01 3.100000000000000000e+01 0.000000000000000000e+00 1.600000000000000089e+00 -2.467000000000000009e-03 -5.320000000000000293e-04 9.999970000000000248e-01 -7.780679999999999819e-01 -6.281759999999999566e-01 -2.252999999999999794e-03 6.281750000000000389e-01 -7.780709999999999571e-01 1.136000000000000074e-03
2.400000000000000000e+01 5.800000000000000000e+01 3.100000000000000000e+01 0.000000000000000000e+00 1.600000000000000089e+00 -9.779999999999999197e-04 1.642999999999999929e-03 9.999980000000000535e-01 -7.847579999999999556e-01 -6.198019999999999641e-01 2.509999999999999753e-04 6.198010000000000463e-01 -7.847570000000000379e-01 1.895999999999999899e-03
2.900000000000000000e+01 5.800000000000000000e+01 3.100000000000000000e+01 0.000000000000000000e+00 1.600000000000000089e+00 -2.350999999999999791e-03 -3.968000000000000173e-03 9.999890000000000168e-01 -7.843830000000000524e-01 -6.202619999999999800e-01 -4.304999999999999799e-03 6.202720000000000455e-01 -7.843849999999999989e-01 -1.654000000000000088e-03
3.000000000000000000e+00 6.000000000000000000e+00 3.200000000000000000e+01 0.000000000000000000e+00 1.600000000000000089e+00 1.353999999999999952e-03 3.598000000000000070e-03 -9.999930000000000208e-01 2.241110000000000047e-01 9.745559999999999778e-01 3.810000000000000019e-03 9.745629999999999571e-01 -2.241150000000000087e-01 5.140000000000000254e-04
1.300000000000000000e+01 6.000000000000000000e+00 3.200000000000000000e+01 0.000000000000000000e+00 1.600000000000000089e+00 -3.150000000000000131e-04 3.911999999999999679e-03 -9.999919999999999920e-01 1.996729999999999894e-01 9.798550000000000315e-01 3.771000000000000046e-03 9.798630000000000395e-01 -1.996699999999999864e-01 -1.090000000000000040e-03
5.000000000000000000e+00 4.600000000000000000e+01 3.500000000000000000e+01 0.000000000000000000e+00 1.600000000000000089e+00 -1.020999999999999989e-03 1.536999999999999955e-03 -9.999980000000000535e-01 3.851019999999999999e-01 -9.228720000000000256e-01 -1.810999999999999893e-03 -9.228739999999999721e-01 -3.851029999999999731e-01 3.510000000000000208e-04
8.000000000000000000e+00 4.600000000000000000e+01 3.500000000000000000e+01 0.000000000000000000e+00 1.600000000000000089e+00 6.009999999999999717e-04 -2.099999999999999870e-03 -9.999980000000000535e-01 3.869190000000000129e-01 -9.221110000000000140e-01 2.168999999999999921e-03 -9.221139999999999892e-01 -3.869190000000000129e-01 2.590000000000000071e-04
1.500000000000000000e+01 4.600000000000000000e+01 3.500000000000000000e+01 0.000000000000000000e+00 1.600000000000000089e+00 -1.810000000000000085e-04 5.141999999999999869e-03 -9.999869999999999592e-01 3.875549999999999828e-01 -9.218340000000000423e-01 -4.810000000000000039e-03 -9.218469999999999720e-01 -3.875509999999999788e-01 -1.825999999999999932e-03
2.000000000000000000e+01 4.600000000000000000e+01 3.500000000000000000e+01 0.000000000000000000e+00 1.600000000000000089e+00 -6.790000000000000245e-04 -6.220000000000000485e-04 -1.000000000000000000e+00 3.876749999999999918e-01 -9.217959999999999487e-01 3.099999999999999999e-04 -9.217959999999999487e-01 -3.876749999999999918e-01 8.670000000000000406e-04
2.500000000000000000e+01 4.600000000000000000e+01 3.500000000000000000e+01 0.000000000000000000e+00 1.600000000000000089e+00 3.100000000000000135e-05 -2.349999999999999930e-04 -1.000000000000000000e+00 3.876379999999999826e-01 -9.218119999999999647e-01 2.290000000000000098e-04 -9.218119999999999647e-01 -3.876379999999999826e-01 6.299999999999999990e-05
1.000000000000000000e+00 9.500000000000000000e+01 3.600000000000000000e+01 0.000000000000000000e+00 1.600000000000000089e+00 3.883000000000000167e-03 1.604799999999999977e-02 9.998639999999999750e-01 9.963729999999999531e-01 8.492700000000000249e-02 -5.231999999999999672e-03 -8.500000000000000611e-02 9.962579999999999769e-01 -1.566000000000000031e-02
5.000000000000000000e+00 9.500000000000000000e+01 3.600000000000000000e+01 0.000000000000000000e+00 1.600000000000000089e+00 1.840000000000000001e-04 -6.337999999999999884e-03 9.999799999999999800e-01 9.961569999999999592e-01 8.759000000000000119e-02 3.719999999999999891e-04 -8.759100000000000219e-02 9.961360000000000214e-01 6.329999999999999689e-03
1.200000000000000000e+01 9.500000000000000000e+01 3.600000000000000000e+01 0.000000000000000000e+00 1.600000000000000089e+00 6.206999999999999844e-03 1.001600000000000060e-02 9.999310000000000143e-01 9.965509999999999646e-01 8.268100000000000449e-02 -7.015000000000000402e-03 -8.274600000000000011e-02 9.965260000000000229e-01 -9.468000000000000721e-03
1.500000000000000000e+01 9.500000000000000000e+01 3.600000000000000000e+01 0.000000000000000000e+00 1.600000000000000089e+00 3.556999999999999832e-03 2.776999999999999955e-03 9.999900000000000455e-01 9.961170000000000302e-01 8.795699999999999352e-02 -3.787000000000000002e-03 -8.796700000000000352e-02 9.961200000000000054e-01 -2.452999999999999885e-03
2.000000000000000000e+01 9.500000000000000000e+01 3.600000000000000000e+01 0.000000000000000000e+00 1.600000000000000089e+00 -2.491999999999999858e-03 -4.975000000000000255e-03 9.999850000000000128e-01 9.960550000000000237e-01 8.869199999999999307e-02 2.922999999999999817e-03 -8.870500000000000607e-02 9.960470000000000157e-01 4.734000000000000360e-03
2.800000000000000000e+01 9.500000000000000000e+01 3.600000000000000000e+01 0.000000000000000000e+00 1.600000000000000089e+00 -4.429999999999999802e-04 7.431000000000000105e-03 9.999719999999999720e-01 9.964319999999999844e-01 8.440000000000000280e-02 -1.849999999999999973e-04 -8.439900000000000180e-02 9.964039999999999564e-01 -7.441999999999999831e-03
7.000000000000000000e+00 3.000000000000000000e+00 4.300000000000000000e+01 0.000000000000000000e+00 1.600000000000000089e+00 2.950000000000000148e-04 1.173699999999999917e-02 -9.999310000000000143e-01 7.372769999999999602e-01 -6.755459999999999798e-01 -7.712000000000000105e-03 -6.755900000000000238e-01 -7.372239999999999904e-01 -8.852999999999999758e-03
1.400000000000000000e+01 3.000000000000000000e+00 4.300000000000000000e+01 0.000000000000000000e+00 1.600000000000000089e+00 3.880999999999999901e-03 1.363999999999999935e-02 -9.998989999999999823e-01 7.298350000000000115e-01 -6.835919999999999774e-01 -6.492999999999999640e-03 -6.836119999999999974e-01 -7.297360000000000513e-01 -1.260799999999999942e-02
1.700000000000000000e+01 3.000000000000000000e+00 4.300000000000000000e+01 0.000000000000000000e+00 1.600000000000000089e+00 -1.858000000000000059e-03 -7.440000000000000432e-03 -9.999710000000000543e-01 7.302939999999999987e-01 -6.831230000000000357e-01 3.726000000000000145e-03 -6.831300000000000150e-01 -7.302659999999999707e-01 6.702999999999999757e-03
7.000000000000000000e+00 8.000000000000000000e+00 4.400000000000000000e+01 0.000000000000000000e+00 1.600000000000000089e+00 9.219999999999999680e-04 4.831000000000000225e-03 9.999879999999999880e-01 -7.683240000000000069e-01 -6.400500000000000078e-01 3.801000000000000125e-03 6.400609999999999911e-01 -7.683179999999999454e-01 3.122000000000000209e-03
1.900000000000000000e+01 8.000000000000000000e+00 4.400000000000000000e+01 0.000000000000000000e+00 1.600000000000000089e+00 2.488000000000000194e-03 -2.790000000000000054e-04 9.999970000000000248e-01 -7.779730000000000256e-01 -6.282950000000000479e-01 1.760000000000000063e-03 6.282929999999999904e-01 -7.779749999999999721e-01 -1.779999999999999898e-03
6.000000000000000000e+00 2.900000000000000000e+01 4.400000000000000000e+01 0.000000000000000000e+00 1.600000000000000089e+00 -3.999999999999999819e-06 -4.683999999999999796e-03 -9.999890000000000168e-01 6.591620000000000257e-01 7.519919999999999938e-01 -3.524999999999999922e-03 7.520010000000000305e-01 -6.591550000000000464e-01 3.083999999999999936e-03
1.600000000000000000e+01 2.900000000000000000e+01 4.400000000000000000e+01 0.000000000000000000e+00 1.600000000000000089e+00 3.861999999999999982e-03 3.572000000000000088e-03 -9.999860000000000415e-01 6.714409999999999545e-01 7.410390000000000033e-01 5.239999999999999866e-03 7.410480000000000400e-01 -6.714520000000000488e-01 4.629999999999999784e-04
2.200000000000000000e+01 2.900000000000000000e+01 4.400000000000000000e+01 0.000000000000000000e+00 1.600000000000000089e+00 8.109999999999999805e-04 5.392000000000000091e-03 -9.999850000000000128e-01 6.758950000000000236e-01 7.369839999999999725e-01 4.521999999999999978e-03 7.369980000000000420e-01 -6.758880000000000443e-01 -3.046999999999999795e-03
2.800000000000000000e+01 2.900000000000000000e+01 4.400000000000000000e+01 0.000000000000000000e+00 1.600000000000000089e+00 -2.070999999999999924e-03 -6.220000000000000485e-04 -9.999980000000000535e-01 6.800469999999999571e-01 7.331659999999999844e-01 -1.864999999999999904e-03 7.331659999999999844e-01 -6.800490000000000146e-01 -1.095999999999999969e-03
1.900000000000000000e+01 6.500000000000000000e+01 4.600000000000000000e+01 0.000000000000000000e+00 1.600000000000000089e+00 -2.407999999999999984e-03 1.788000000000000093e-03 9.999959999999999960e-01 6.843069999999999986e-01 -7.291879999999999473e-01 2.952000000000000197e-03 7.291900000000000048e-01 6.843110000000000026e-01 5.320000000000000293e-04
1.000000000000000000e+01 5.000000000000000000e+00 5.100000000000000000e+01 0.000000000000000000e+00 1.600000000000000089e+00 4.049999999999999781e-04 6.956999999999999643e-03 -9.999759999999999760e-01 4.735369999999999857e-01 -8.807540000000000369e-01 -5.936000000000000304e-03 -8.807739999999999458e-01 -4.735230000000000272e-01 -3.651000000000000165e-03
2.000000000000000000e+01 5.000000000000000000e+00 5.100000000000000000e+01 0.000000000000000000e+00 1.600000000000000089e+00 -2.171999999999999886e-03 8.838999999999999635e-03 -9.999590000000000423e-01 4.771730000000000138e-01 -8.787650000000000183e-01 -8.803999999999999326e-03 -8.788059999999999761e-01 -4.771730000000000138e-01 -2.308999999999999855e-03
3.000000000000000000e+01 5.000000000000000000e+00 5.100000000000000000e+01 0.000000000000000000e+00 1.600000000000000089e+00 9.690000000000000262e-04 1.198000000000000063e-03 -9.999989999999999712e-01 4.889109999999999845e-01 -8.723340000000000538e-01 -5.720000000000000258e-04 -8.723330000000000251e-01 -4.889100000000000112e-01 -1.430999999999999980e-03
5.000000000000000000e+00 6.300000000000000000e+01 5.400000000000000000e+01 0.000000000000000000e+00 1.600000000000000089e+00 -1.446999999999999936e-03 -2.219000000000000052e-03 9.999970000000000248e-01 -3.534530000000000172e-01 9.354510000000000325e-01 1.564999999999999985e-03 -9.354510000000000325e-01 -3.534499999999999864e-01 -2.138000000000000143e-03
1.000000000000000000e+01 6.300000000000000000e+01 5.400000000000000000e+01 0.000000000000000000e+00 1.600000000000000089e+00 -2.829999999999999942e-04 5.500000000000000196e-05 1.000000000000000000e+00 -3.524269999999999903e-01 9.358389999999999764e-01 -1.510000000000000112e-04 -9.358389999999999764e-01 -3.524269999999999903e-01 -2.449999999999999921e-04
1.400000000000000000e+01 6.300000000000000000e+01 5.400000000000000000e+01 0.000000000000000000e+00 1.600000000000000089e+00 -7.010000000000000172e-04 1.026000000000000002e-03 9.999989999999999712e-01 -3.516589999999999994e-01 9.361270000000000424e-01 -1.206999999999999957e-03 -9.361279999999999601e-01 -3.516599999999999726e-01 -2.950000000000000148e-04
1.900000000000000000e+01 6.300000000000000000e+01 5.400000000000000000e+01 0.000000000000000000e+00 1.600000000000000089e+00 2.359999999999999902e-04 -1.567999999999999949e-03 9.999989999999999712e-01 -3.490800000000000014e-01 9.370920000000000361e-01 1.551999999999999994e-03 -9.370929999999999538e-01 -3.490800000000000014e-01 -3.260000000000000094e-04
2.500000000000000000e+01 6.300000000000000000e+01 5.400000000000000000e+01 0.000000000000000000e+00 1.600000000000000089e+00 1.364999999999999894e-03 -1.296000000000000060e-03 9.999980000000000535e-01 -3.444550000000000112e-01 9.388009999999999966e-01 1.686999999999999915e-03 -9.388020000000000254e-01 -3.444570000000000132e-01 8.350000000000000217e-04
2.900000000000000000e+01 6.300000000000000000e+01 5.400000000000000000e+01 0.000000000000000000e+00 1.600000000000000089e+00 -3.481999999999999852e-03 7.889999999999999878e-04 9.999940000000000495e-01 -3.463609999999999745e-01 9.380990000000000162e-01 -1.946000000000000030e-03 -9.380950000000000122e-01 -3.463660000000000072e-01 -2.993000000000000001e-03
1.000000000000000000e+00 2.500000000000000000e+01 5.500000000000000000e+01 0.000000000000000000e+00 1.600000000000000089e+00 -1.183999999999999940e-03 3.229000000000000099e-03 -9.999940000000000495e-01 -8.189999999999999364e-03 -9.999609999999999888e-01 -3.220000000000000206e-03 -9.999660000000000215e-01 8.186999999999999833e-03 1.211000000000000054e-03
8.000000000000000000e+00 2.500000000000000000e+01 5.500000000000000000e+01 0.000000000000000000e+00 1.600000000000000089e+00 -3.510000000000000208e-04 -4.003999999999999747e-03 -9.999919999999999920e-01 -1.111099999999999935e-02 -9.999299999999999855e-01 4.008000000000000278e-03 -9.999379999999999935e-01 1.111200000000000035e-02 3.069999999999999812e-04
1.200000000000000000e+01 2.500000000000000000e+01 5.500000000000000000e+01 0.000000000000000000e+00 1.600000000000000089e+00 -4.000000000000000192e-04 3.784000000000000037e-03 -9.999930000000000208e-01 -1.198100000000000033e-02 -9.999209999999999487e-01 -3.778999999999999807e-03 -9.999280000000000390e-01 1.197900000000000006e-02 4.449999999999999746e-04
1.500000000000000000e+01 2.500000000000000000e+01 5.500000000000000000e+01 0.000000000000000000e+00 1.600000000000000089e+00 -3.759999999999999779e-04 3.246999999999999886e-03 -9.999949999999999672e-01 -1.213499999999999995e-02 -9.999209999999999487e-01 -3.242000000000000090e-03 -9.999259999999999815e-01 1.213400000000000069e-02 4.150000000000000043e-04
2.100000000000000000e+01 2.500000000000000000e+01 5.500000000000000000e+01 0.000000000000000000e+00 1.600000000000000089e+00 1.415000000000000025e-03 -4.100000000000000047e-05 -9.999989999999999712e-01 -1.081499999999999996e-02 -9.999419999999999975e-01 2.500000000000000120e-05 -9.999409999999999688e-01 1.081499999999999996e-02 -1.415000000000000025e-03
2.800000000000000000e+01 2.500000000000000000e+01 5.500000000000000000e+01 0.000000000000000000e+00 1.600000000000000089e+00 2.199999999999999943e-05 -3.640000000000000115e-04 -1.000000000000000000e+00 -9.887999999999999221e-03 -9.999510000000000343e-01 3.640000000000000115e-04 -9.999510000000000343e-01 9.887999999999999221e-03 -2.599999999999999840e-05
2.200000000000000000e+01 5.800000000000000000e+01 5.900000000000000000e+01 0.000000000000000000e+00 1.600000000000000089e+00 1.013999999999999927e-03 5.029999999999999749e-04 -9.999989999999999712e-01 3.878469999999999973e-01 9.217229999999999590e-01 8.570000000000000144e-04 9.217229999999999590e-01 -3.878469999999999973e-01 7.389999999999999651e-04
1.800000000000000000e+01 7.000000000000000000e+00 6.000000000000000000e+01 0.000000000000000000e+00 1.600000000000000089e+00 -3.870999999999999875e-03 3.442000000000000181e-03 9.999869999999999592e-01 5.659560000000000146e-01 -8.244200000000000417e-01 5.028999999999999616e-03 8.244270000000000209e-01 5.659680000000000266e-01 1.242999999999999964e-03
1.700000000000000000e+01 2.100000000000000000e+01 6.000000000000000000e+01 0.000000000000000000e+00 1.600000000000000089e+00 -1.918000000000000000e-03 -1.477700000000000020e-02 9.998890000000000278e-01 -9.442300000000000693e-02 9.954260000000000330e-01 1.452900000000000025e-02 -9.955300000000000260e-01 -9.438499999999999668e-02 -3.304000000000000079e-03
2.300000000000000000e+01 2.100000000000000000e+01 6.000000000000000000e+01 0.000000000000000000e+00 1.600000000000000089e+00 4.330000000000000081e-04 6.474999999999999853e-03 9.999789999999999512e-01 -9.513900000000000134e-02 9.954429999999999668e-01 -6.403999999999999970e-03 -9.954640000000000155e-01 -9.513399999999999634e-02 1.046999999999999971e-03
2.800000000000000000e+01 2.100000000000000000e+01 6.000000000000000000e+01 0.000000000000000000e+00 1.600000000000000089e+00 8.530000000000000256e-04 -2.484999999999999796e-03 9.999970000000000248e-01 -9.657499999999999418e-02 9.953220000000000400e-01 2.554999999999999979e-03 -9.953250000000000153e-01 -9.657699999999999618e-02 6.089999999999999494e-04
6.000000000000000000e+00 4.000000000000000000e+00 6.200000000000000000e+01 0.000000000000000000e+00 1.600000000000000089e+00 -1.530000000000000056e-04 8.153999999999999790e-03 9.999670000000000503e-01 -6.165150000000000352e-01 7.873160000000000158e-01 -6.513999999999999825e-03 -7.873430000000000151e-01 -6.164950000000000152e-01 4.905999999999999771e-03
7.000000000000000000e+00 2.700000000000000000e+01 6.300000000000000000e+01 0.000000000000000000e+00 1.600000000000000089e+00 1.765000000000000076e-03 -8.056999999999999926e-03 9.999660000000000215e-01 -2.766979999999999995e-01 9.609220000000000539e-01 8.229999999999999469e-03 -9.609550000000000036e-01 -2.767029999999999768e-01 -5.339999999999999695e-04
1.200000000000000000e+01 2.700000000000000000e+01 6.300000000000000000e+01 0.000000000000000000e+00 1.600000000000000089e+00 -1.090000000000000067e-04 1.987000000000000051e-03 9.999980000000000535e-01 -2.748570000000000180e-01 9.614829999999999766e-01 -1.940000000000000101e-03 -9.614850000000000341e-01 -2.748570000000000180e-01 4.409999999999999858e-04
1.800000000000000000e+01 2.700000000000000000e+01 6.300000000000000000e+01 0.000000000000000000e+00 1.600000000000000089e+00 -1.273000000000000043e-03 -8.238000000000000531e-03 9.999649999999999928e-01 -2.717849999999999988e-01 9.623279999999999612e-01 7.582000000000000198e-03 -9.623570000000000180e-01 -2.717660000000000076e-01 -3.464000000000000065e-03
2.200000000000000000e+01 2.700000000000000000e+01 6.300000000000000000e+01 0.000000000000000000e+00 1.600000000000000089e+00 4.600000000000000004e-05 -8.179999999999999771e-03 9.999670000000000503e-01 -2.711939999999999906e-01 9.624920000000000142e-01 7.886000000000000648e-03 -9.625249999999999639e-01 -2.711850000000000094e-01 -2.174000000000000151e-03
2.600000000000000000e+01 2.700000000000000000e+01 6.300000000000000000e+01 0.000000000000000000e+00 1.600000000000000089e+00 -1.059999999999999961e-03 -3.137000000000000031e-03 9.999949999999999672e-01 -2.730339999999999989e-01 9.620009999999999950e-01 2.727999999999999956e-03 -9.620039999999999702e-01 -2.730290000000000217e-01 -1.876999999999999979e-03
6.000000000000000000e+00 2.600000000000000000e+01 6.400000000000000000e+01 0.000000000000000000e+00 1.600000000000000089e+00 3.539000000000000045e-03 -1.013900000000000044e-02 9.999419999999999975e-01 -3.440099999999999825e-01 9.389049999999999896e-01 1.073799999999999928e-02 -9.389589999999999881e-01 -3.440280000000000005e-01 -1.649999999999999991e-04
1.300000000000000000e+01 2.600000000000000000e+01 6.400000000000000000e+01 0.000000000000000000e+00 1.600000000000000089e+00 -1.405999999999999915e-03 1.056999999999999997e-03 9.999980000000000535e-01 -3.447680000000000189e-01 9.386870000000000491e-01 -1.477000000000000014e-03 -9.386870000000000491e-01 -3.447700000000000209e-01 -9.550000000000000112e-04
2.200000000000000000e+01 2.600000000000000000e+01 6.400000000000000000e+01 0.000000000000000000e+00 1.600000000000000089e+00 1.088999999999999907e-03 -1.251200000000000055e-02 9.999209999999999487e-01 -3.499459999999999793e-01 9.366919999999999691e-01 1.210199999999999991e-02 -9.367689999999999628e-01 -3.499309999999999921e-01 -3.359000000000000007e-03
2.600000000000000000e+01 2.600000000000000000e+01 6.400000000000000000e+01 0.000000000000000000e+00 1.600000000000000089e+00 1.299999999999999920e-05 -6.255000000000000143e-03 9.999799999999999800e-01 -3.539169999999999816e-01 9.352580000000000338e-01 5.854999999999999961e-03 -9.352770000000000250e-01 -3.539109999999999756e-01 -2.200999999999999832e-03
