6.000000000000000000e+00 2.500000000000000000e+01 1.000000000000000000e+00 0.000000000000000000e+00 1.600000000000000089e+00 3.912999999999999812e-03 -4.233999999999999916e-03 -9.999829999999999552e-01 -5.218610000000000193e-01 -8.530290000000000372e-01 1.569000000000000082e-03 -8.530210000000000292e-01 5.218460000000000321e-01 -5.546999999999999847e-03
1.400000000000000000e+01 2.500000000000000000e+01 1.000000000000000000e+00 0.000000000000000000e+00 1.600000000000000089e+00 2.795000000000000175e-03 4.634000000000000098e-03 -9.999850000000000128e-01 -5.249620000000000397e-01 -8.511079999999999757e-01 -5.411000000000000011e-03 -8.511210000000000164e-01 5.249700000000000477e-01 5.300000000000000078e-05
5.000000000000000000e+00 1.500000000000000000e+01 4.000000000000000000e+00 0.000000000000000000e+00 1.600000000000000089e+00 2.070999999999999924e-03 3.193999999999999791e-03 9.999930000000000208e-01 3.072369999999999823e-01 -9.516299999999999759e-01 2.403000000000000188e-03 9.516310000000000047e-01 3.072300000000000031e-01 -2.952000000000000197e-03
1.500000000000000000e+01 1.500000000000000000e+01 4.000000000000000000e+00 0.000000000000000000e+00 1.600000000000000089e+00 -8.123999999999999277e-03 -3.353000000000000078e-03 9.999609999999999888e-01 2.994569999999999732e-01 -9.541089999999999849e-01 -7.659999999999999708e-04 9.540750000000000064e-01 2.994390000000000107e-01 8.755000000000000629e-03
1.900000000000000000e+01 1.500000000000000000e+01 4.000000000000000000e+00 0.000000000000000000e+00 1.600000000000000089e+00 -5.112000000000000224e-03 -2.716999999999999797e-03 9.999829999999999552e-01 2.966289999999999760e-01 -9.549919999999999520e-01 -1.079000000000000098e-03 9.549790000000000223e-01 2.966190000000000215e-01 5.688000000000000347e-03
2.600000000000000000e+01 1.600000000000000000e+01 4.000000000000000000e+00 0.000000000000000000e+00 1.600000000000000089e+00 -6.019999999999999961e-04 9.577999999999999708e-03 9.999540000000000095e-01 3.713139999999999774e-01 -9.284630000000000383e-01 9.117000000000000104e-03 9.285069999999999713e-01 3.713029999999999942e-01 -2.997000000000000098e-03
1.800000000000000000e+01 1.010000000000000000e+02 7.000000000000000000e+00 0.000000000000000000e+00 1.600000000000000089e+00 -3.620000000000000171e-04 1.500699999999999951e-02 9.998869999999999703e-01 8.844929999999999737e-01 4.665059999999999762e-01 -6.681999999999999572e-03 -4.665540000000000243e-01 8.843910000000000382e-01 -1.344300000000000009e-02
2.400000000000000000e+01 1.010000000000000000e+02 7.000000000000000000e+00 0.000000000000000000e+00 1.600000000000000089e+00 -9.129999999999999661e-04 1.138600000000000029e-02 9.999350000000000183e-01 8.837479999999999780e-01 4.679409999999999958e-01 -4.521999999999999978e-03 -4.679619999999999891e-01 8.836859999999999715e-01 -1.048900000000000006e-02
4.000000000000000000e+00 2.500000000000000000e+01 8.000000000000000000e+00 0.000000000000000000e+00 1.600000000000000089e+00 -1.678999999999999937e-03 -6.784000000000000100e-03 -9.999759999999999760e-01 4.471999999999999864e-01 8.944079999999999808e-01 -6.818000000000000276e-03 8.944320000000000048e-01 -4.471999999999999864e-01 1.531999999999999942e-03
7.000000000000000000e+00 2.500000000000000000e+01 8.000000000000000000e+00 0.000000000000000000e+00 1.600000000000000089e+00 -3.354000000000000210e-03 -4.781999999999999792e-03 -9.999829999999999552e-01 4.486829999999999985e-01 8.936720000000000219e-01 -5.779000000000000282e-03 8.936849999999999516e-01 -4.486950000000000105e-01 -8.509999999999999769e-04
8.000000000000000000e+00 2.400000000000000000e+01 9.000000000000000000e+00 0.000000000000000000e+00 1.600000000000000089e+00 -3.069999999999999812e-03 -1.796000000000000070e-03 -9.999940000000000495e-01 4.510210000000000052e-01 8.925089999999999968e-01 -2.988000000000000204e-03 8.925079999999999680e-01 -4.510270000000000112e-01 -1.930000000000000075e-03
1.200000000000000000e+01 2.400000000000000000e+01 9.000000000000000000e+00 0.000000000000000000e+00 1.600000000000000089e+00 -2.187000000000000142e-03 -6.697999999999999961e-03 -9.999749999999999472e-01 4.519960000000000089e-01 8.919930000000000359e-01 -6.962999999999999572e-03 8.920169999999999488e-01 -4.520000000000000129e-01 1.077000000000000049e-03
1.500000000000000000e+01 2.400000000000000000e+01 9.000000000000000000e+00 0.000000000000000000e+00 1.600000000000000089e+00 -2.628000000000000128e-03 -5.917999999999999650e-03 -9.999789999999999512e-01 4.524599999999999733e-01 8.917610000000000259e-01 -6.466999999999999658e-03 8.917810000000000459e-01 -4.524679999999999813e-01 3.339999999999999870e-04
2.100000000000000000e+01 2.400000000000000000e+01 9.000000000000000000e+00 0.000000000000000000e+00 1.600000000000000089e+00 -1.268000000000000030e-03 -1.098999999999999934e-03 -9.999989999999999712e-01 4.533110000000000195e-01 8.913510000000000044e-01 -1.554000000000000043e-03 8.913510000000000044e-01 -4.533130000000000215e-01 -6.319999999999999663e-04
3.000000000000000000e+01 2.400000000000000000e+01 9.000000000000000000e+00 0.000000000000000000e+00 1.600000000000000089e+00 -1.110000000000000011e-04 -1.454999999999999913e-03 -9.999989999999999712e-01 4.538869999999999849e-01 8.910580000000000167e-01 -1.347000000000000107e-03 8.910590000000000455e-01 -4.538869999999999849e-01 5.619999999999999996e-04
2.200000000000000000e+01 3.100000000000000000e+01 1.200000000000000000e+01 0.000000000000000000e+00 1.600000000000000089e+00 1.366000000000000027e-03 -2.069999999999999792e-03 9.999970000000000248e-01 4.590000000000000330e-03 9.999869999999999592e-01 2.063999999999999863e-03 -9.999890000000000168e-01 4.586999999999999932e-03 1.374999999999999920e-03
9.000000000000000000e+00 3.200000000000000000e+01 1.400000000000000000e+01 0.000000000000000000e+00 1.600000000000000089e+00 3.579999999999999741e-04 6.430000000000000169e-04 -1.000000000000000000e+00 1.064269999999999938e-01 9.943199999999999816e-01 6.769999999999999759e-04 9.943210000000000104e-01 -1.064269999999999938e-01 2.880000000000000073e-04
1.600000000000000000e+01 1.200000000000000000e+01 1.500000000000000000e+01 0.000000000000000000e+00 1.600000000000000089e+00 2.732000000000000053e-03 4.435999999999999839e-03 -9.999860000000000415e-01 -4.695750000000000202e-01 -8.828770000000000229e-01 -5.198999999999999629e-03 -8.828890000000000349e-01 4.695819999999999994e-01 -3.289999999999999739e-04
2.300000000000000000e+01 1.200000000000000000e+01 1.500000000000000000e+01 0.000000000000000000e+00 1.600000000000000089e+00 4.623000000000000373e-03 4.308000000000000197e-03 -9.999799999999999800e-01 -4.695139999999999869e-01 -8.829050000000000509e-01 -5.974000000000000143e-03 -8.829129999999999479e-01 4.695329999999999782e-01 -2.059000000000000066e-03
2.800000000000000000e+01 1.200000000000000000e+01 1.500000000000000000e+01 0.000000000000000000e+00 1.600000000000000089e+00 5.379999999999999583e-04 4.622000000000000240e-03 -9.999890000000000168e-01 -4.703010000000000246e-01 -8.824950000000000294e-01 -4.331999999999999913e-03 -8.825060000000000127e-01 4.702990000000000226e-01 1.698999999999999989e-03
1.200000000000000000e+01 1.100000000000000000e+01 1.600000000000000000e+01 0.000000000000000000e+00 1.600000000000000089e+00 1.028000000000000051e-03 8.499999999999999526e-04 -9.999989999999999712e-01 -4.169689999999999785e-01 -9.089199999999999502e-01 -1.201000000000000028e-03 -9.089199999999999502e-01 4.169700000000000073e-01 -5.800000000000000034e-04
2.400000000000000000e+01 1.100000000000000000e+01 1.600000000000000000e+01 0.000000000000000000e+00 1.600000000000000089e+00 3.641999999999999838e-03 4.614000000000000046e-03 -9.999829999999999552e-01 -4.173549999999999760e-01 -9.087260000000000337e-01 -5.713000000000000196e-03 -9.087359999999999882e-01 4.173689999999999900e-01 -1.384000000000000031e-03
5.000000000000000000e+00 1.160000000000000000e+02 1.600000000000000000e+01 0.000000000000000000e+00 1.600000000000000089e+00 2.151999999999999833e-03 1.211000000000000054e-03 9.999970000000000248e-01 6.831110000000000237e-01 7.303110000000000435e-01 -2.354000000000000190e-03 -7.303119999999999612e-01 6.831139999999999990e-01 7.450000000000000025e-04
1.000000000000000000e+01 1.160000000000000000e+02 1.600000000000000000e+01 0.000000000000000000e+00 1.600000000000000089e+00 -1.730000000000000038e-04 1.740000000000000010e-03 9.999980000000000535e-01 6.958950000000000413e-01 7.181429999999999758e-01 -1.129999999999999928e-03 -7.181440000000000046e-01 6.958929999999999838e-01 -1.335000000000000032e-03
1.500000000000000000e+01 1.160000000000000000e+02 1.600000000000000000e+01 0.000000000000000000e+00 1.600000000000000089e+00 1.598999999999999944e-03 -1.595000000000000064e-03 9.999970000000000248e-01 6.769060000000000077e-01 7.360689999999999733e-01 9.100000000000000287e-05 -7.360670000000000268e-01 6.769039999999999502e-01 2.256999999999999892e-03
2.300000000000000000e+01 1.160000000000000000e+02 1.600000000000000000e+01 0.000000000000000000e+00 1.600000000000000089e+00 -5.999999999999999474e-04 2.582999999999999793e-03 9.999959999999999960e-01 7.150480000000000169e-01 6.990730000000000555e-01 -1.376999999999999969e-03 -6.990750000000000020e-01 7.150450000000000417e-01 -2.265999999999999785e-03
2.000000000000000000e+00 2.000000000000000000e+00 1.900000000000000000e+01 0.000000000000000000e+00 1.600000000000000089e+00 -3.612999999999999892e-03 6.271999999999999797e-03 -9.999740000000000295e-01 1.978290000000000048e-01 -9.802119999999999722e-01 -6.863000000000000177e-03 -9.802300000000000457e-01 -1.978489999999999971e-01 2.301000000000000094e-03
5.000000000000000000e+00 2.000000000000000000e+00 1.900000000000000000e+01 0.000000000000000000e+00 1.600000000000000089e+00 -2.086999999999999880e-03 6.459999999999999814e-04 -9.999980000000000535e-01 1.957500000000000073e-01 -9.806529999999999969e-01 -1.041999999999999958e-03 -9.806519999999999682e-01 -1.957510000000000083e-01 1.920000000000000049e-03
1.100000000000000000e+01 2.000000000000000000e+00 1.900000000000000000e+01 0.000000000000000000e+00 1.600000000000000089e+00 4.169999999999999987e-04 -5.150000000000000064e-03 -9.999869999999999592e-01 1.935060000000000113e-01 -9.810860000000000136e-01 5.133999999999999675e-03 -9.810990000000000544e-01 -1.935060000000000113e-01 5.869999999999999567e-04
1.600000000000000000e+01 2.000000000000000000e+00 1.900000000000000000e+01 0.000000000000000000e+00 1.600000000000000089e+00 5.360000000000000181e-04 -5.000000000000000240e-05 -1.000000000000000000e+00 1.966539999999999955e-01 -9.804730000000000389e-01 1.540000000000000028e-04 -9.804730000000000389e-01 -1.966539999999999955e-01 -5.159999999999999656e-04
2.400000000000000000e+01 2.000000000000000000e+00 1.900000000000000000e+01 0.000000000000000000e+00 1.600000000000000089e+00 2.801999999999999803e-03 5.605999999999999872e-03 -9.999799999999999800e-01 1.915040000000000076e-01 -9.814789999999999903e-01 -4.965999999999999928e-03 -9.814880000000000271e-01 -1.914859999999999896e-01 -3.824000000000000142e-03
2.800000000000000000e+01 2.000000000000000000e+00 1.900000000000000000e+01 0.000000000000000000e+00 1.600000000000000089e+00 2.961999999999999789e-03 -1.920000000000000049e-03 -9.999940000000000495e-01 1.892570000000000086e-01 -9.819250000000000478e-01 2.445999999999999824e-03 -9.819229999999999903e-01 -1.892629999999999868e-01 -2.544999999999999953e-03
5.000000000000000000e+00 4.000000000000000000e+00 2.000000000000000000e+01 0.000000000000000000e+00 1.600000000000000089e+00 -4.061999999999999639e-03 -2.281000000000000041e-03 -9.999890000000000168e-01 2.891920000000000046e-01 -9.572709999999999830e-01 1.008999999999999914e-03 -9.572629999999999750e-01 -2.891839999999999966e-01 4.547999999999999959e-03
8.000000000000000000e+00 4.000000000000000000e+00 2.000000000000000000e+01 0.000000000000000000e+00 1.600000000000000089e+00 -4.470000000000000232e-04 -3.321999999999999866e-03 -9.999940000000000495e-01 2.881179999999999852e-01 -9.575900000000000523e-01 3.052000000000000025e-03 -9.575949999999999740e-01 -2.881150000000000100e-01 1.384999999999999946e-03
1.400000000000000000e+01 4.000000000000000000e+00 2.000000000000000000e+01 0.000000000000000000e+00 1.600000000000000089e+00 7.889999999999999878e-04 -2.560000000000000209e-03 -9.999959999999999960e-01 2.929640000000000022e-01 -9.561199999999999699e-01 2.678999999999999958e-03 -9.561229999999999452e-01 -2.929649999999999754e-01 -5.000000000000000409e-06
2.000000000000000000e+01 4.000000000000000000e+00 2.000000000000000000e+01 0.000000000000000000e+00 1.600000000000000089e+00 1.250999999999999942e-03 8.311999999999999944e-03 -9.999649999999999928e-01 2.929140000000000077e-01 -9.561089999999999867e-01 -7.581000000000000065e-03 -9.561380000000000434e-01 -2.928939999999999877e-01 -3.631000000000000113e-03
3.000000000000000000e+01 4.000000000000000000e+00 2.000000000000000000e+01 0.000000000000000000e+00 1.600000000000000089e+00 9.610000000000000486e-04 -2.896999999999999836e-03 -9.999949999999999672e-01 2.856940000000000035e-01 -9.583159999999999457e-01 3.050999999999999893e-03 -9.583199999999999497e-01 -2.856960000000000055e-01 -9.299999999999999727e-05
2.000000000000000000e+00 1.300000000000000000e+01 2.000000000000000000e+01 0.000000000000000000e+00 1.600000000000000089e+00 -2.622000000000000199e-03 -6.355000000000000406e-03 9.999759999999999760e-01 2.570450000000000235e-01 9.663760000000000128e-01 6.816000000000000010e-03 -9.663960000000000328e-01 2.570560000000000067e-01 -9.009999999999999997e-04
7.000000000000000000e+00 1.300000000000000000e+01 2.000000000000000000e+01 0.000000000000000000e+00 1.600000000000000089e+00 -1.079999999999999960e-04 -5.860000000000000408e-04 1.000000000000000000e+00 2.568099999999999827e-01 9.664620000000000433e-01 5.950000000000000427e-04 -9.664620000000000433e-01 2.568110000000000115e-01 4.600000000000000004e-05
9.000000000000000000e+00 1.300000000000000000e+01 2.000000000000000000e+01 0.000000000000000000e+00 1.600000000000000089e+00 4.350000000000000026e-04 8.899999999999999491e-05 1.000000000000000000e+00 2.562329999999999885e-01 9.666150000000000020e-01 -1.979999999999999881e-04 -9.666150000000000020e-01 2.562329999999999885e-01 3.980000000000000248e-04
1.400000000000000000e+01 1.300000000000000000e+01 2.000000000000000000e+01 0.000000000000000000e+00 1.600000000000000089e+00 1.608000000000000054e-03 1.190000000000000085e-03 9.999980000000000535e-01 2.555509999999999726e-01 9.667940000000000422e-01 -1.562000000000000020e-03 -9.667940000000000422e-01 2.555529999999999746e-01 1.250000000000000026e-03
2.000000000000000000e+01 1.300000000000000000e+01 2.000000000000000000e+01 0.000000000000000000e+00 1.600000000000000089e+00 9.030000000000000483e-04 7.900000000000000121e-04 9.999989999999999712e-01 2.544950000000000268e-01 9.670729999999999604e-01 -9.929999999999999591e-04 -9.670739999999999892e-01 2.544960000000000000e-01 6.719999999999999628e-04
2.500000000000000000e+01 1.300000000000000000e+01 2.000000000000000000e+01 0.000000000000000000e+00 1.600000000000000089e+00 1.191999999999999917e-03 -3.693000000000000102e-03 9.999919999999999920e-01 2.550970000000000182e-01 9.669100000000000472e-01 3.266999999999999939e-03 -9.669149999999999689e-01 2.550910000000000122e-01 2.093999999999999941e-03
2.000000000000000000e+00 1.600000000000000000e+01 2.100000000000000000e+01 0.000000000000000000e+00 1.600000000000000089e+00 -1.737999999999999962e-03 -6.767999999999999711e-03 9.999759999999999760e-01 2.988379999999999925e-01 9.542779999999999596e-01 6.977999999999999828e-03 -9.543019999999999836e-01 2.988419999999999965e-01 3.640000000000000115e-04
1.400000000000000000e+01 1.600000000000000000e+01 2.100000000000000000e+01 0.000000000000000000e+00 1.600000000000000089e+00 1.371000000000000040e-03 1.510999999999999973e-03 9.999980000000000535e-01 2.994890000000000052e-01 9.540980000000000016e-01 -1.851999999999999914e-03 -9.540990000000000304e-01 2.994910000000000072e-01 8.549999999999999658e-04
1.700000000000000000e+01 1.600000000000000000e+01 2.100000000000000000e+01 0.000000000000000000e+00 1.600000000000000089e+00 3.699999999999999947e-04 5.209000000000000088e-03 9.999860000000000415e-01 2.988430000000000253e-01 9.542890000000000539e-01 -5.081999999999999712e-03 -9.543019999999999836e-01 2.988410000000000233e-01 -1.203999999999999992e-03
2.100000000000000000e+01 1.600000000000000000e+01 2.100000000000000000e+01 0.000000000000000000e+00 1.600000000000000089e+00 1.319000000000000077e-03 3.226000000000000135e-03 9.999940000000000495e-01 2.974649999999999794e-01 9.547259999999999636e-01 -3.471999999999999826e-03 -9.547320000000000251e-01 2.974680000000000102e-01 2.990000000000000036e-04
2.900000000000000000e+01 1.600000000000000000e+01 2.100000000000000000e+01 0.000000000000000000e+00 1.600000000000000089e+00 -1.747000000000000072e-03 -4.760000000000000342e-03 9.999869999999999592e-01 2.971059999999999812e-01 9.548309999999999853e-01 5.062999999999999792e-03 -9.548429999999999973e-01 2.971110000000000140e-01 -2.539999999999999940e-04
6.000000000000000000e+00 3.000000000000000000e+00 2.500000000000000000e+01 0.000000000000000000e+00 1.600000000000000089e+00 2.037999999999999881e-03 -4.256000000000000234e-03 9.999890000000000168e-01 -5.541100000000000192e-02 -9.984549999999999814e-01 -4.137000000000000052e-03 9.984619999999999607e-01 -5.540199999999999986e-02 -2.271000000000000015e-03
1.800000000000000000e+01 3.000000000000000000e+00 2.500000000000000000e+01 0.000000000000000000e+00 1.600000000000000089e+00 -2.284000000000000006e-03 3.778000000000000108e-03 9.999900000000000455e-01 -6.289500000000000646e-02 -9.980139999999999567e-01 3.627000000000000016e-03 9.980179999999999607e-01 -6.288599999999999746e-02 2.517000000000000140e-03
2.800000000000000000e+01 3.000000000000000000e+00 2.500000000000000000e+01 0.000000000000000000e+00 1.600000000000000089e+00 -6.800000000000000488e-04 -3.759999999999999779e-04 1.000000000000000000e+00 -4.464699999999999919e-02 -9.990029999999999744e-01 -4.060000000000000024e-04 9.990029999999999744e-01 -4.464800000000000019e-02 6.629999999999999609e-04
3.000000000000000000e+00 4.600000000000000000e+01 2.700000000000000000e+01 0.000000000000000000e+00 1.600000000000000089e+00 3.814999999999999815e-03 -6.210000000000000242e-04 -9.999919999999999920e-01 6.445619999999999683e-01 7.645499999999999519e-01 1.984000000000000086e-03 7.645429999999999726e-01 -6.445640000000000258e-01 3.317000000000000070e-03
1.300000000000000000e+01 4.600000000000000000e+01 2.700000000000000000e+01 0.000000000000000000e+00 1.600000000000000089e+00 -1.131000000000000061e-03 2.354000000000000190e-03 -9.999970000000000248e-01 6.550080000000000346e-01 7.556209999999999871e-01 1.038000000000000077e-03 7.556209999999999871e-01 -6.550049999999999484e-01 -2.396999999999999825e-03
2.700000000000000000e+01 4.600000000000000000e+01 2.700000000000000000e+01 0.000000000000000000e+00 1.600000000000000089e+00 3.124000000000000041e-03 2.938000000000000073e-03 -9.999909999999999632e-01 6.573970000000000091e-01 7.535319999999999796e-01 4.268000000000000092e-03 7.535380000000000411e-01 -6.574039999999999884e-01 4.229999999999999819e-04
6.000000000000000000e+00 4.600000000000000000e+01 3.000000000000000000e+01 0.000000000000000000e+00 1.600000000000000089e+00 1.559000000000000056e-03 1.894000000000000067e-03 -9.999970000000000248e-01 3.254329999999999723e-01 9.455620000000000136e-01 2.298000000000000129e-03 9.455639999999999601e-01 -3.254349999999999743e-01 8.580000000000000387e-04
9.000000000000000000e+00 5.800000000000000000e+01 3.100000000000000000e+01 0.000000000000000000e+00 1.600000000000000089e+00 -7.640000000000000306e-04 -1.971999999999999795e-03 9.999980000000000535e-01 -8.028300000000000436e-01 -5.962060000000000137e-01 -1.789000000000000009e-03 5.962079999999999602e-01 -8.028290000000000148e-01 -1.128000000000000096e-03
1.400000000000000000e+01 5.800000000000000000e+01 3.100000000000000000e+01 0.000000000000000000e+00 1.600000000000000089e+00 5.300000000000000078e-05 -5.081999999999999712e-03 9.999869999999999592e-01 -8.010450000000000070e-01 -5.985970000000000457e-01 -3.000000000000000062e-03 5.986050000000000537e-01 -8.010340000000000238e-01 -4.101999999999999744e-03
1.800000000000000000e+01 5.800000000000000000e+01 3.100000000000000000e+01 0.000000000000000000e+00 1.600000000000000089e+00 3.056999999999999822e-03 -3.448000000000000110e-03 9.999890000000000168e-01 -7.968520000000000048e-01 -6.041750000000000176e-01 3.530000000000000152e-04 6.041670000000000096e-01 -7.968439999999999968e-01 -4.595000000000000126e-03
4.000000000000000000e+00 6.000000000000000000e+00 3.200000000000000000e+01 0.000000000000000000e+00 1.600000000000000089e+00 3.174000000000000172e-03 2.040999999999999846e-03 -9.999930000000000208e-01 9.223399999999999654e-02 9.957350000000000367e-01 2.324999999999999810e-03 9.957319999999999505e-01 -9.224000000000000254e-02 2.971999999999999816e-03
2.200000000000000000e+01 5.900000000000000000e+01 3.200000000000000000e+01 0.000000000000000000e+00 1.600000000000000089e+00 2.309999999999999987e-03 4.950000000000000407e-03 9.999850000000000128e-01 -6.931159999999999544e-01 -7.208080000000000043e-01 5.170000000000000116e-03 7.208229999999999915e-01 -6.931169999999999831e-01 1.765999999999999992e-03
7.000000000000000000e+00 4.600000000000000000e+01 3.500000000000000000e+01 0.000000000000000000e+00 1.600000000000000089e+00 3.240000000000000150e-04 -1.866000000000000037e-03 -9.999980000000000535e-01 3.850089999999999901e-01 -9.229110000000000369e-01 1.846999999999999901e-03 -9.229129999999999834e-01 -3.850089999999999901e-01 4.200000000000000174e-04
1.200000000000000000e+01 4.600000000000000000e+01 3.500000000000000000e+01 0.000000000000000000e+00 1.600000000000000089e+00 8.429999999999999993e-04 -1.310000000000000129e-04 -1.000000000000000000e+00 3.849969999999999781e-01 -9.229180000000000161e-01 4.459999999999999989e-04 -9.229169999999999874e-01 -3.849980000000000069e-01 -7.280000000000000230e-04
1.800000000000000000e+01 4.600000000000000000e+01 3.500000000000000000e+01 0.000000000000000000e+00 1.600000000000000089e+00 -3.780000000000000265e-04 -1.691999999999999928e-03 -9.999989999999999712e-01 3.852430000000000021e-01 -9.228140000000000231e-01 1.415999999999999941e-03 -9.228150000000000519e-01 -3.852419999999999733e-01 1.000000000000000021e-03
2.200000000000000000e+01 4.600000000000000000e+01 3.500000000000000000e+01 0.000000000000000000e+00 1.600000000000000089e+00 6.160000000000000111e-04 -4.380000000000000213e-04 -1.000000000000000000e+00 3.849360000000000004e-01 -9.229429999999999579e-01 6.409999999999999682e-04 -9.229429999999999579e-01 -3.849360000000000004e-01 -4.000000000000000192e-04
2.600000000000000000e+01 4.600000000000000000e+01 3.500000000000000000e+01 0.000000000000000000e+00 1.600000000000000089e+00 -7.399999999999999623e-05 -8.799999999999999771e-05 -1.000000000000000000e+00 3.840129999999999932e-01 -9.233280000000000376e-01 5.300000000000000078e-05 -9.233280000000000376e-01 -3.840129999999999932e-01 1.019999999999999992e-04
2.000000000000000000e+00 9.500000000000000000e+01 3.600000000000000000e+01 0.000000000000000000e+00 1.600000000000000089e+00 8.326999999999999333e-03 7.537000000000000297e-03 9.999369999999999647e-01 9.972469999999999946e-01 7.362100000000000588e-02 -8.859999999999999820e-03 -7.368299999999999850e-02 9.972579999999999778e-01 -6.903000000000000282e-03
6.000000000000000000e+00 9.500000000000000000e+01 3.600000000000000000e+01 0.000000000000000000e+00 1.600000000000000089e+00 7.794999999999999846e-03 1.094000000000000007e-02 9.999099999999999655e-01 9.975619999999999488e-01 6.926499999999999324e-02 -8.534999999999999185e-03 -6.935199999999999698e-02 9.975380000000000358e-01 -1.037399999999999954e-02
1.400000000000000000e+01 9.500000000000000000e+01 3.600000000000000000e+01 0.000000000000000000e+00 1.600000000000000089e+00 -2.357000000000000154e-03 2.057999999999999934e-03 9.999949999999999672e-01 9.967449999999999921e-01 8.058800000000000685e-02 2.183000000000000045e-03 -8.058300000000000185e-02 9.967449999999999921e-01 -2.240999999999999936e-03
1.900000000000000000e+01 9.500000000000000000e+01 3.600000000000000000e+01 0.000000000000000000e+00 1.600000000000000089e+00 -2.625999999999999862e-03 7.481999999999999935e-03 9.999689999999999968e-01 9.971929999999999961e-01 7.484599999999999587e-02 2.057999999999999934e-03 -7.482800000000000562e-02 9.971670000000000256e-01 -7.656999999999999744e-03
2.400000000000000000e+01 9.500000000000000000e+01 3.600000000000000000e+01 0.000000000000000000e+00 1.600000000000000089e+00 -3.206000000000000082e-03 1.646800000000000000e-02 9.998590000000000533e-01 9.972750000000000226e-01 7.375299999999999911e-02 1.982999999999999954e-03 -7.370999999999999774e-02 9.971410000000000551e-01 -1.665900000000000020e-02
2.900000000000000000e+01 9.500000000000000000e+01 3.600000000000000000e+01 0.000000000000000000e+00 1.600000000000000089e+00 6.568000000000000053e-03 1.421799999999999974e-02 9.998770000000000158e-01 9.968639999999999723e-01 7.875799999999999468e-02 -7.668000000000000337e-03 -7.885699999999999654e-02 9.967920000000000114e-01 -1.365700000000000074e-02
1.000000000000000000e+00 3.000000000000000000e+00 4.300000000000000000e+01 0.000000000000000000e+00 1.600000000000000089e+00 -4.877000000000000259e-03 2.623100000000000084e-02 -9.996439999999999770e-01 7.423250000000000126e-01 -6.697049999999999947e-01 -2.119499999999999856e-02 -6.700220000000000065e-01 -7.421640000000000459e-01 -1.620600000000000165e-02
5.000000000000000000e+00 3.000000000000000000e+00 4.300000000000000000e+01 0.000000000000000000e+00 1.600000000000000089e+00 -2.020000000000000040e-04 2.637300000000000061e-02 -9.996519999999999850e-01 7.397500000000000187e-01 -6.726429999999999909e-01 -1.789500000000000118e-02 -6.728809999999999514e-01 -7.394969999999999599e-01 -1.937300000000000133e-02
1.200000000000000000e+01 3.000000000000000000e+00 4.300000000000000000e+01 0.000000000000000000e+00 1.600000000000000089e+00 1.613999999999999983e-03 4.399000000000000132e-03 -9.999890000000000168e-01 7.366570000000000062e-01 -6.762639999999999763e-01 -1.786000000000000044e-03 -6.762639999999999763e-01 -7.366460000000000230e-01 -4.331999999999999913e-03
1.900000000000000000e+01 3.000000000000000000e+00 4.300000000000000000e+01 0.000000000000000000e+00 1.600000000000000089e+00 1.217999999999999899e-03 -2.151399999999999840e-02 -9.997679999999999900e-01 7.339599999999999458e-01 -6.790159999999999529e-01 1.550600000000000069e-02 -6.791920000000000179e-01 -7.338080000000000158e-01 1.496300000000000061e-02
2.700000000000000000e+01 3.000000000000000000e+00 4.300000000000000000e+01 0.000000000000000000e+00 1.600000000000000089e+00 3.896999999999999856e-03 2.697199999999999945e-02 -9.996289999999999898e-01 7.406920000000000170e-01 -6.716720000000000468e-01 -1.523500000000000028e-02 -6.718340000000000423e-01 -7.403570000000000428e-01 -2.259600000000000150e-02
8.000000000000000000e+00 8.000000000000000000e+00 4.400000000000000000e+01 0.000000000000000000e+00 1.600000000000000089e+00 1.335999999999999948e-03 2.889000000000000075e-03 9.999949999999999672e-01 -7.852510000000000323e-01 -6.191710000000000269e-01 2.837999999999999811e-03 6.191759999999999486e-01 -7.852510000000000323e-01 1.441999999999999922e-03
6.000000000000000000e+00 2.900000000000000000e+01 4.400000000000000000e+01 0.000000000000000000e+00 1.600000000000000089e+00 1.962999999999999901e-03 -4.690000000000000158e-04 -9.999980000000000535e-01 6.837579999999999769e-01 7.297080000000000233e-01 1.000000000000000021e-03 7.297059999999999658e-01 -6.837590000000000057e-01 1.753999999999999917e-03
1.000000000000000000e+01 2.900000000000000000e+01 4.400000000000000000e+01 0.000000000000000000e+00 1.600000000000000089e+00 1.337999999999999997e-03 -1.464999999999999939e-03 -9.999980000000000535e-01 6.873209999999999598e-01 7.263540000000000552e-01 -1.440000000000000036e-04 7.263530000000000264e-01 -6.873190000000000133e-01 1.978999999999999856e-03
1.400000000000000000e+01 2.900000000000000000e+01 4.400000000000000000e+01 0.000000000000000000e+00 1.600000000000000089e+00 -3.579999999999999741e-04 3.660000000000000059e-04 -1.000000000000000000e+00 6.870129999999999848e-01 7.266449999999999854e-01 2.000000000000000164e-05 7.266449999999999854e-01 -6.870129999999999848e-01 -5.109999999999999525e-04
2.000000000000000000e+01 2.900000000000000000e+01 4.400000000000000000e+01 0.000000000000000000e+00 1.600000000000000089e+00 -2.567999999999999970e-03 1.683000000000000034e-03 -9.999949999999999672e-01 6.846980000000000288e-01 7.288270000000000026e-01 -5.310000000000000050e-04 7.288229999999999986e-01 -6.846959999999999713e-01 -3.024000000000000212e-03
2.600000000000000000e+01 2.900000000000000000e+01 4.400000000000000000e+01 0.000000000000000000e+00 1.600000000000000089e+00 -2.941000000000000038e-03 3.635000000000000210e-03 -9.999890000000000168e-01 6.711780000000000523e-01 7.412959999999999550e-01 7.209999999999999612e-04 7.412900000000000045e-01 -6.711690000000000156e-01 -4.619999999999999975e-03
1.900000000000000000e+01 5.400000000000000000e+01 4.600000000000000000e+01 0.000000000000000000e+00 1.600000000000000089e+00 -2.069000000000000093e-03 1.080000000000000014e-03 9.999970000000000248e-01 3.112199999999999966e-01 -9.503359999999999586e-01 1.670999999999999959e-03 9.503359999999999586e-01 3.112230000000000274e-01 1.629999999999999939e-03
2.800000000000000000e+01 5.400000000000000000e+01 4.600000000000000000e+01 0.000000000000000000e+00 1.600000000000000089e+00 6.250000000000000130e-04 -9.702999999999999819e-03 9.999529999999999808e-01 3.053319999999999923e-01 -9.521990000000000176e-01 -9.429999999999999147e-03 9.522460000000000369e-01 3.053230000000000111e-01 2.367999999999999879e-03
2.100000000000000000e+01 6.500000000000000000e+01 4.600000000000000000e+01 0.000000000000000000e+00 1.600000000000000089e+00 1.544999999999999932e-03 -8.419999999999999750e-04 9.999980000000000535e-01 6.802359999999999518e-01 -7.329909999999999481e-01 -1.667999999999999995e-03 7.329919999999999769e-01 6.802369999999999806e-01 -5.599999999999999509e-04
1.600000000000000000e+01 7.000000000000000000e+00 5.200000000000000000e+01 0.000000000000000000e+00 1.600000000000000089e+00 -4.846999999999999746e-03 -7.797000000000000111e-03 -9.999580000000000135e-01 1.056070000000000064e-01 -9.943819999999999881e-01 7.241000000000000041e-03 -9.943959999999999466e-01 -1.055669999999999942e-01 5.643999999999999712e-03
1.800000000000000000e+01 7.000000000000000000e+00 5.200000000000000000e+01 0.000000000000000000e+00 1.600000000000000089e+00 -3.954000000000000049e-03 -4.349999999999999700e-03 -9.999829999999999552e-01 1.056689999999999990e-01 -9.943940000000000001e-01 3.908000000000000015e-03 -9.943929999999999714e-01 -1.056519999999999959e-01 4.390999999999999938e-03
1.000000000000000000e+01 6.300000000000000000e+01 5.400000000000000000e+01 0.000000000000000000e+00 1.600000000000000089e+00 1.200000000000000030e-04 -3.190999999999999826e-03 9.999949999999999672e-01 -3.502190000000000025e-01 9.366630000000000233e-01 3.031999999999999973e-03 -9.366679999999999451e-01 -3.502179999999999738e-01 -1.005000000000000034e-03
1.900000000000000000e+01 6.300000000000000000e+01 5.400000000000000000e+01 0.000000000000000000e+00 1.600000000000000089e+00 1.433999999999999945e-03 1.232999999999999938e-03 9.999980000000000535e-01 -3.592940000000000023e-01 9.332240000000000535e-01 -6.350000000000000392e-04 -9.332230000000000247e-01 -3.592929999999999735e-01 1.781000000000000031e-03
2.200000000000000000e+01 6.300000000000000000e+01 5.400000000000000000e+01 0.000000000000000000e+00 1.600000000000000089e+00 6.729999999999999871e-04 2.402000000000000055e-03 9.999970000000000248e-01 -3.608529999999999793e-01 9.326200000000000045e-01 -1.998000000000000210e-03 -9.326219999999999510e-01 -3.608509999999999773e-01 1.494000000000000102e-03
2.600000000000000000e+01 6.300000000000000000e+01 5.400000000000000000e+01 0.000000000000000000e+00 1.600000000000000089e+00 2.020000000000000040e-04 2.429000000000000169e-03 9.999970000000000248e-01 -3.645510000000000139e-01 9.311810000000000365e-01 -2.187999999999999841e-03 -9.311829999999999830e-01 -3.645499999999999852e-01 1.074000000000000085e-03
4.000000000000000000e+00 2.500000000000000000e+01 5.500000000000000000e+01 0.000000000000000000e+00 1.600000000000000089e+00 8.790000000000000070e-04 -6.019999999999999961e-04 -9.999989999999999712e-01 -1.363900000000000008e-02 -9.999069999999999903e-01 5.900000000000000296e-04 -9.999069999999999903e-01 1.363800000000000082e-02 -8.869999999999999846e-04
1.300000000000000000e+01 2.500000000000000000e+01 5.500000000000000000e+01 0.000000000000000000e+00 1.600000000000000089e+00 2.790000000000000054e-04 1.492000000000000054e-03 -9.999989999999999712e-01 -1.484399999999999956e-02 -9.998890000000000278e-01 -1.495999999999999934e-03 -9.998899999999999455e-01 1.484500000000000056e-02 -2.570000000000000127e-04
2.300000000000000000e+01 2.500000000000000000e+01 5.500000000000000000e+01 0.000000000000000000e+00 1.600000000000000089e+00 -3.640000000000000115e-04 -6.239999999999999887e-04 -1.000000000000000000e+00 -1.115700000000000025e-02 -9.999379999999999935e-01 6.279999999999999775e-04 -9.999379999999999935e-01 1.115700000000000025e-02 3.570000000000000040e-04
2.700000000000000000e+01 2.500000000000000000e+01 5.500000000000000000e+01 0.000000000000000000e+00 1.600000000000000089e+00 -3.190000000000000019e-04 -2.680000000000000090e-04 -1.000000000000000000e+00 -1.022699999999999998e-02 -9.999479999999999480e-01 2.709999999999999735e-04 -9.999479999999999480e-01 1.022699999999999998e-02 3.159999999999999832e-04
7.000000000000000000e+00 6.800000000000000000e+01 5.700000000000000000e+01 0.000000000000000000e+00 1.600000000000000089e+00 -2.007999999999999802e-03 6.535000000000000010e-03 -9.999770000000000048e-01 -2.455620000000000025e-01 -9.693629999999999747e-01 -5.841999999999999971e-03 -9.693789999999999907e-01 2.455440000000000123e-01 3.550999999999999903e-03
1.200000000000000000e+01 6.800000000000000000e+01 5.700000000000000000e+01 0.000000000000000000e+00 1.600000000000000089e+00 -4.580000000000000195e-04 -1.203000000000000076e-03 -9.999989999999999712e-01 -2.440730000000000122e-01 -9.697559999999999514e-01 1.278999999999999972e-03 -9.697569999999999801e-01 2.440740000000000132e-01 1.510000000000000112e-04
2.800000000000000000e+01 6.800000000000000000e+01 5.700000000000000000e+01 0.000000000000000000e+00 1.600000000000000089e+00 1.355000000000000085e-03 1.394000000000000057e-03 -9.999980000000000535e-01 -2.465710000000000124e-01 -9.691229999999999567e-01 -1.685000000000000083e-03 -9.691239999999999855e-01 2.465720000000000134e-01 -9.690000000000000262e-04
1.900000000000000000e+01 2.100000000000000000e+01 6.000000000000000000e+01 0.000000000000000000e+00 1.600000000000000089e+00 -1.289999999999999914e-04 -9.719999999999999474e-03 9.999529999999999808e-01 -9.301299999999999846e-02 9.956180000000000030e-01 9.665999999999999245e-03 -9.956650000000000222e-01 -9.300799999999999346e-02 -1.031999999999999931e-03
2.200000000000000000e+01 2.100000000000000000e+01 6.000000000000000000e+01 0.000000000000000000e+00 1.600000000000000089e+00 -1.701999999999999954e-03 2.259999999999999856e-03 9.999959999999999960e-01 -9.394600000000000173e-02 9.955739999999999590e-01 -2.409999999999999816e-03 -9.955760000000000165e-01 -9.395000000000000573e-02 -1.482000000000000027e-03
3.000000000000000000e+01 2.100000000000000000e+01 6.000000000000000000e+01 0.000000000000000000e+00 1.600000000000000089e+00 1.655999999999999920e-03 9.971000000000000696e-03 9.999489999999999768e-01 -9.581699999999999939e-02 9.953509999999999858e-01 -9.766999999999999640e-03 -9.953980000000000050e-01 -9.579600000000000615e-02 2.603999999999999978e-03
3.000000000000000000e+00 2.700000000000000000e+01 6.300000000000000000e+01 0.000000000000000000e+00 1.600000000000000089e+00 5.760000000000000146e-04 -4.146000000000000379e-03 9.999909999999999632e-01 -2.790929999999999800e-01 9.602549999999999697e-01 4.141999999999999849e-03 -9.602640000000000065e-01 -2.790929999999999800e-01 -6.040000000000000447e-04
9.000000000000000000e+00 2.700000000000000000e+01 6.300000000000000000e+01 0.000000000000000000e+00 1.600000000000000089e+00 -1.971000000000000096e-03 -1.709000000000000016e-03 9.999970000000000248e-01 -2.769789999999999752e-01 9.608750000000000346e-01 1.097000000000000102e-03 -9.608740000000000059e-01 -2.769760000000000000e-01 -2.367000000000000180e-03
1.400000000000000000e+01 2.700000000000000000e+01 6.300000000000000000e+01 0.000000000000000000e+00 1.600000000000000089e+00 -9.510000000000000224e-04 -2.991000000000000169e-03 9.999949999999999672e-01 -2.776060000000000194e-01 9.606909999999999616e-01 2.609999999999999907e-03 -9.606940000000000479e-01 -2.776029999999999887e-01 -1.744000000000000107e-03
2.100000000000000000e+01 2.700000000000000000e+01 6.300000000000000000e+01 0.000000000000000000e+00 1.600000000000000089e+00 -2.158999999999999895e-03 -1.032199999999999958e-02 9.999440000000000550e-01 -2.777549999999999741e-01 9.606069999999999887e-01 9.317000000000000628e-03 -9.606500000000000039e-01 -2.777189999999999936e-01 -4.941000000000000079e-03
2.400000000000000000e+01 2.700000000000000000e+01 6.300000000000000000e+01 0.000000000000000000e+00 1.600000000000000089e+00 -1.064999999999999974e-03 -4.963999999999999663e-03 9.999869999999999592e-01 -2.770969999999999822e-01 9.608320000000000194e-01 4.474999999999999811e-03 -9.608409999999999451e-01 -2.770880000000000010e-01 -2.399000000000000091e-03
2.900000000000000000e+01 2.700000000000000000e+01 6.300000000000000000e+01 0.000000000000000000e+00 1.600000000000000089e+00 -1.029999999999999964e-04 3.016000000000000018e-03 9.999949999999999672e-01 -2.785320000000000018e-01 9.604230000000000267e-01 -2.925000000000000083e-03 -9.604270000000000307e-01 -2.785309999999999730e-01 7.410000000000000137e-04
8.000000000000000000e+00 2.600000000000000000e+01 6.400000000000000000e+01 0.000000000000000000e+00 1.600000000000000089e+00 -2.952999999999999896e-03 -3.190000000000000019e-04 9.999959999999999960e-01 -3.538999999999999924e-01 9.352829999999999755e-01 -7.460000000000000268e-04 -9.352789999999999715e-01 -3.538999999999999924e-01 -2.874999999999999951e-03
1.600000000000000000e+01 2.600000000000000000e+01 6.400000000000000000e+01 0.000000000000000000e+00 1.600000000000000089e+00 -7.339999999999999520e-04 -3.197000000000000189e-03 9.999949999999999672e-01 -3.590240000000000098e-01 9.333249999999999602e-01 2.720000000000000195e-03 -9.333280000000000465e-01 -3.590200000000000058e-01 -1.832999999999999994e-03
2.200000000000000000e+01 2.600000000000000000e+01 6.400000000000000000e+01 0.000000000000000000e+00 1.600000000000000089e+00 -1.972999999999999927e-03 -9.558999999999999789e-03 9.999519999999999520e-01 -3.618799999999999795e-01 9.321890000000000454e-01 8.196999999999999426e-03 -9.322219999999999951e-01 -3.618469999999999742e-01 -5.297999999999999758e-03
2.900000000000000000e+01 2.600000000000000000e+01 6.400000000000000000e+01 0.000000000000000000e+00 1.600000000000000089e+00 2.069999999999999900e-04 2.543999999999999821e-03 9.999970000000000248e-01 -3.638629999999999920e-01 9.314489999999999714e-01 -2.294000000000000032e-03 -9.314519999999999467e-01 -3.638620000000000188e-01 1.118999999999999986e-03
2.600000000000000000e+01 6.900000000000000000e+01 6.600000000000000000e+01 0.000000000000000000e+00 1.600000000000000089e+00 2.289999999999999935e-03 6.707000000000000288e-03 9.999749999999999472e-01 -9.481659999999999533e-01 3.177740000000000009e-01 4.000000000000000327e-05 -3.177659999999999929e-01 -9.481429999999999580e-01 7.087000000000000417e-03
