1.500000000000000000e+01 1.700000000000000000e+01 3.000000000000000000e+00 0.000000000000000000e+00 1.600000000000000089e+00 -2.818400000000000072e-02 -1.768899999999999986e-02 -9.994459999999999456e-01 -7.128360000000000252e-01 -7.005770000000000053e-01 3.250100000000000211e-02 -7.007640000000000535e-01 7.133570000000000189e-01 7.135999999999999982e-03
1.000000000000000000e+00 1.010000000000000000e+02 7.000000000000000000e+00 0.000000000000000000e+00 1.600000000000000089e+00 -2.592999999999999819e-03 -5.144000000000000135e-03 9.999829999999999552e-01 8.914630000000000054e-01 4.530699999999999728e-01 4.642000000000000293e-03 -4.530859999999999888e-01 8.914600000000000302e-01 3.410999999999999970e-03
9.000000000000000000e+00 1.010000000000000000e+02 7.000000000000000000e+00 0.000000000000000000e+00 1.600000000000000089e+00 4.130000000000000099e-04 2.187800000000000161e-02 9.997610000000000108e-01 8.880590000000000428e-01 4.596109999999999918e-01 -1.042500000000000024e-02 -4.597289999999999988e-01 8.878509999999999458e-01 -1.923899999999999916e-02
3.000000000000000000e+01 1.010000000000000000e+02 7.000000000000000000e+00 0.000000000000000000e+00 1.600000000000000089e+00 -3.037999999999999902e-03 6.150000000000000085e-03 9.999759999999999760e-01 8.881670000000000398e-01 4.595210000000000128e-01 -1.279999999999999942e-04 -4.595110000000000028e-01 8.881449999999999623e-01 -6.858999999999999646e-03
5.000000000000000000e+00 2.500000000000000000e+01 8.000000000000000000e+00 0.000000000000000000e+00 1.600000000000000089e+00 -3.649999999999999816e-04 4.606999999999999984e-03 -9.999890000000000168e-01 4.419239999999999835e-01 8.970439999999999525e-01 3.971999999999999836e-03 8.970519999999999605e-01 -4.419179999999999775e-01 -2.364000000000000216e-03
1.000000000000000000e+01 2.500000000000000000e+01 8.000000000000000000e+00 0.000000000000000000e+00 1.600000000000000089e+00 1.724999999999999971e-03 4.472000000000000280e-03 -9.999879999999999880e-01 4.397780000000000022e-01 8.980939999999999479e-01 4.774999999999999731e-03 8.981050000000000422e-01 -4.397809999999999775e-01 -4.180000000000000230e-04
1.300000000000000000e+01 2.500000000000000000e+01 8.000000000000000000e+00 0.000000000000000000e+00 1.600000000000000089e+00 6.679999999999999740e-04 8.533000000000000654e-03 -9.999630000000000463e-01 4.381530000000000147e-01 8.988650000000000251e-01 7.962999999999999592e-03 8.989000000000000323e-01 -4.381430000000000047e-01 -3.138000000000000164e-03
1.600000000000000000e+01 2.500000000000000000e+01 8.000000000000000000e+00 0.000000000000000000e+00 1.600000000000000089e+00 2.590000000000000071e-04 3.014000000000000186e-03 -9.999949999999999672e-01 4.375580000000000025e-01 8.991860000000000408e-01 2.824000000000000121e-03 8.991900000000000448e-01 -4.375569999999999737e-01 -1.085999999999999943e-03
2.400000000000000000e+01 2.500000000000000000e+01 8.000000000000000000e+00 0.000000000000000000e+00 1.600000000000000089e+00 -1.129999999999999955e-04 2.583999999999999925e-03 -9.999970000000000248e-01 4.378210000000000157e-01 8.990590000000000526e-01 2.272999999999999847e-03 8.990620000000000278e-01 -4.378190000000000137e-01 -1.232999999999999938e-03
2.800000000000000000e+01 2.500000000000000000e+01 8.000000000000000000e+00 0.000000000000000000e+00 1.600000000000000089e+00 4.609999999999999840e-04 5.743999999999999974e-03 -9.999829999999999552e-01 4.392030000000000101e-01 8.983719999999999484e-01 5.362999999999999712e-03 8.983879999999999644e-01 -4.391979999999999773e-01 -2.109000000000000197e-03
2.000000000000000000e+00 2.400000000000000000e+01 9.000000000000000000e+00 0.000000000000000000e+00 1.600000000000000089e+00 -2.835999999999999979e-03 2.079100000000000045e-02 -9.997800000000000020e-01 4.483429999999999915e-01 8.936939999999999884e-01 1.731299999999999853e-02 8.938570000000000126e-01 -4.481950000000000101e-01 -1.185600000000000022e-02
1.000000000000000000e+01 2.400000000000000000e+01 9.000000000000000000e+00 0.000000000000000000e+00 1.600000000000000089e+00 2.112000000000000162e-03 5.368000000000000375e-03 -9.999829999999999552e-01 4.462470000000000048e-01 8.948909999999999920e-01 5.746000000000000239e-03 8.949070000000000080e-01 -4.462519999999999820e-01 -5.060000000000000478e-04
1.700000000000000000e+01 2.400000000000000000e+01 9.000000000000000000e+00 0.000000000000000000e+00 1.600000000000000089e+00 2.059999999999999928e-04 9.330000000000000186e-04 -1.000000000000000000e+00 4.442639999999999922e-01 8.958960000000000257e-01 9.280000000000000054e-04 8.958960000000000257e-01 -4.442639999999999922e-01 -2.300000000000000070e-04
2.300000000000000000e+01 2.400000000000000000e+01 9.000000000000000000e+00 0.000000000000000000e+00 1.600000000000000089e+00 -2.629999999999999959e-04 3.899999999999999929e-04 -1.000000000000000000e+00 4.442869999999999875e-01 8.958850000000000424e-01 2.329999999999999986e-04 8.958850000000000424e-01 -4.442869999999999875e-01 -4.090000000000000211e-04
2.700000000000000000e+01 2.400000000000000000e+01 9.000000000000000000e+00 0.000000000000000000e+00 1.600000000000000089e+00 -7.860000000000000233e-04 6.487999999999999844e-03 -9.999789999999999512e-01 4.452470000000000039e-01 8.953910000000000480e-01 5.459000000000000311e-03 8.954069999999999530e-01 -4.452329999999999899e-01 -3.592000000000000141e-03
2.400000000000000000e+01 8.000000000000000000e+00 1.000000000000000000e+01 0.000000000000000000e+00 1.600000000000000089e+00 -1.188199999999999951e-01 -4.010600000000000276e-02 -9.921050000000000146e-01 -9.870229999999999837e-01 -1.039309999999999956e-01 1.224120000000000069e-01 -1.080200000000000049e-01 9.937749999999999639e-01 -2.723700000000000079e-02
4.000000000000000000e+00 3.500000000000000000e+01 1.200000000000000000e+01 0.000000000000000000e+00 1.600000000000000089e+00 1.497999999999999983e-03 4.817000000000000101e-03 -9.999869999999999592e-01 3.987010000000000276e-01 -9.170730000000000270e-01 -3.820000000000000045e-03 -9.170800000000000063e-01 -3.986910000000000176e-01 -3.294000000000000053e-03
7.000000000000000000e+00 3.500000000000000000e+01 1.200000000000000000e+01 0.000000000000000000e+00 1.600000000000000089e+00 -1.894000000000000067e-03 3.686000000000000040e-03 -9.999909999999999632e-01 4.106949999999999767e-01 -9.117629999999999901e-01 -4.139000000000000318e-03 -9.117709999999999981e-01 -4.106989999999999807e-01 2.130000000000000003e-04
1.200000000000000000e+01 3.500000000000000000e+01 1.200000000000000000e+01 0.000000000000000000e+00 1.600000000000000089e+00 -2.356000000000000021e-03 3.624000000000000051e-03 -9.999909999999999632e-01 4.254700000000000149e-01 -9.049620000000000442e-01 -4.283000000000000348e-03 -9.049690000000000234e-01 -4.254760000000000209e-01 5.900000000000000296e-04
2.100000000000000000e+01 3.500000000000000000e+01 1.200000000000000000e+01 0.000000000000000000e+00 1.600000000000000089e+00 -1.453000000000000081e-03 4.377999999999999947e-03 -9.999890000000000168e-01 4.564380000000000104e-01 -8.897439999999999793e-01 -4.558999999999999685e-03 -8.897540000000000449e-01 -4.564400000000000124e-01 -7.050000000000000060e-04
2.400000000000000000e+01 3.500000000000000000e+01 1.200000000000000000e+01 0.000000000000000000e+00 1.600000000000000089e+00 -2.526000000000000034e-03 4.610999999999999648e-03 -9.999860000000000415e-01 4.599840000000000040e-01 -8.879120000000000346e-01 -5.256000000000000255e-03 -8.879240000000000466e-01 -4.599900000000000100e-01 1.210000000000000002e-04
9.000000000000000000e+00 3.200000000000000000e+01 1.400000000000000000e+01 0.000000000000000000e+00 1.600000000000000089e+00 5.789999999999999791e-04 9.899999999999999404e-05 -1.000000000000000000e+00 1.238449999999999968e-01 9.923020000000000174e-01 1.700000000000000122e-04 9.923009999999999886e-01 -1.238449999999999968e-01 5.630000000000000239e-04
1.600000000000000000e+01 1.200000000000000000e+01 1.600000000000000000e+01 0.000000000000000000e+00 1.600000000000000089e+00 2.527999999999999865e-03 -9.495800000000000074e-02 9.954779999999999740e-01 2.060790000000000122e-01 -9.740640000000000409e-01 -9.343899999999999428e-02 9.785319999999999574e-01 2.053830000000000100e-01 1.710599999999999968e-02
2.000000000000000000e+00 1.300000000000000000e+01 1.600000000000000000e+01 0.000000000000000000e+00 1.600000000000000089e+00 2.628000000000000128e-03 -2.533499999999999988e-02 9.996760000000000090e-01 1.173710000000000031e-01 -9.927620000000000333e-01 -2.546800000000000105e-02 9.930849999999999955e-01 1.174000000000000044e-01 3.649999999999999816e-04
9.000000000000000000e+00 1.300000000000000000e+01 1.600000000000000000e+01 0.000000000000000000e+00 1.600000000000000089e+00 6.087000000000000396e-03 -5.912200000000000094e-02 9.982320000000000082e-01 1.403979999999999950e-01 -9.883119999999999683e-01 -5.939099999999999935e-02 9.900759999999999561e-01 1.405109999999999970e-01 2.284000000000000006e-03
1.600000000000000000e+01 1.160000000000000000e+02 1.600000000000000000e+01 0.000000000000000000e+00 1.600000000000000089e+00 4.810000000000000039e-03 1.023999999999999954e-03 9.999879999999999880e-01 6.674080000000000013e-01 7.446810000000000374e-01 -3.972999999999999969e-03 -7.446760000000000046e-01 6.674189999999999845e-01 2.897999999999999968e-03
4.000000000000000000e+00 2.000000000000000000e+00 1.900000000000000000e+01 0.000000000000000000e+00 1.600000000000000089e+00 2.775999999999999822e-03 -1.036199999999999968e-02 -9.999419999999999975e-01 2.903020000000000045e-01 -9.568750000000000311e-01 1.072200000000000063e-02 -9.569309999999999761e-01 -2.903149999999999897e-01 3.519999999999999908e-04
1.700000000000000000e+01 2.000000000000000000e+00 1.900000000000000000e+01 0.000000000000000000e+00 1.600000000000000089e+00 1.214299999999999928e-02 -5.182799999999999907e-02 -9.985819999999999697e-01 3.320159999999999778e-01 -9.417879999999999585e-01 5.291799999999999976e-02 -9.431960000000000344e-01 -3.321879999999999833e-01 5.772000000000000221e-03
2.500000000000000000e+01 2.000000000000000000e+00 1.900000000000000000e+01 0.000000000000000000e+00 1.600000000000000089e+00 1.261100000000000068e-02 -6.746299999999999519e-02 -9.976420000000000288e-01 3.625410000000000021e-01 -9.295240000000000169e-01 6.743999999999999995e-02 -9.318819999999999881e-01 -3.625369999999999981e-01 1.273600000000000079e-02
2.900000000000000000e+01 2.000000000000000000e+00 1.900000000000000000e+01 0.000000000000000000e+00 1.600000000000000089e+00 1.199599999999999972e-02 -5.573800000000000282e-02 -9.983729999999999549e-01 3.674729999999999941e-01 -9.283320000000000460e-01 5.624300000000000133e-02 -9.299570000000000336e-01 -3.675499999999999878e-01 9.344999999999999141e-03
8.000000000000000000e+00 3.000000000000000000e+00 1.900000000000000000e+01 0.000000000000000000e+00 1.600000000000000089e+00 8.321000000000000271e-03 -1.721299999999999913e-02 -9.998169999999999558e-01 3.233509999999999995e-01 -9.460889999999999578e-01 1.897899999999999934e-02 -9.462429999999999453e-01 -3.234500000000000153e-01 -2.305999999999999890e-03
1.300000000000000000e+01 3.000000000000000000e+00 1.900000000000000000e+01 0.000000000000000000e+00 1.600000000000000089e+00 1.117499999999999917e-02 -3.291199999999999681e-02 -9.993959999999999511e-01 3.319699999999999873e-01 -9.426489999999999592e-01 3.475500000000000117e-02 -9.432239999999999513e-01 -3.321580000000000088e-01 3.910000000000000172e-04
1.900000000000000000e+01 3.000000000000000000e+00 1.900000000000000000e+01 0.000000000000000000e+00 1.600000000000000089e+00 1.344399999999999935e-02 -5.634700000000000125e-02 -9.983210000000000139e-01 3.421950000000000269e-01 -9.378649999999999487e-01 5.754299999999999693e-02 -9.395329999999999515e-01 -3.423939999999999761e-01 6.673000000000000112e-03
2.000000000000000000e+00 4.000000000000000000e+00 2.000000000000000000e+01 0.000000000000000000e+00 1.600000000000000089e+00 3.717999999999999951e-03 -9.336999999999999814e-03 -9.999489999999999768e-01 4.295780000000000154e-01 -9.029740000000000544e-01 1.002899999999999972e-02 -9.030219999999999914e-01 -4.295939999999999759e-01 6.539999999999999590e-04
8.000000000000000000e+00 4.000000000000000000e+00 2.000000000000000000e+01 0.000000000000000000e+00 1.600000000000000089e+00 7.302999999999999596e-03 -1.839999999999999969e-02 -9.998040000000000260e-01 4.357070000000000110e-01 -8.998720000000000052e-01 1.974400000000000113e-02 -9.000590000000000535e-01 -4.357659999999999867e-01 1.445000000000000104e-03
1.300000000000000000e+01 4.000000000000000000e+00 2.000000000000000000e+01 0.000000000000000000e+00 1.600000000000000089e+00 7.992000000000000839e-03 -3.407500000000000112e-02 -9.993870000000000253e-01 4.292529999999999957e-01 -9.025360000000000049e-01 3.420499999999999929e-02 -9.031489999999999796e-01 -4.292639999999999789e-01 7.413999999999999584e-03
2.000000000000000000e+01 4.000000000000000000e+00 2.000000000000000000e+01 0.000000000000000000e+00 1.600000000000000089e+00 9.440000000000000474e-03 -5.475200000000000206e-02 -9.984549999999999814e-01 4.097160000000000246e-01 -9.106250000000000178e-01 5.380999999999999672e-02 -9.121639999999999748e-01 -4.095909999999999829e-01 1.383599999999999934e-02
4.000000000000000000e+00 1.300000000000000000e+01 2.000000000000000000e+01 0.000000000000000000e+00 1.600000000000000089e+00 3.579999999999999741e-04 5.675999999999999622e-03 9.999839999999999840e-01 3.099009999999999820e-01 9.507529999999999593e-01 -5.507999999999999875e-03 -9.507689999999999753e-01 3.098980000000000068e-01 -1.417999999999999990e-03
9.000000000000000000e+00 1.300000000000000000e+01 2.000000000000000000e+01 0.000000000000000000e+00 1.600000000000000089e+00 3.359999999999999814e-04 1.115700000000000025e-02 9.999379999999999935e-01 3.051769999999999761e-01 9.522350000000000536e-01 -1.072700000000000042e-02 -9.522960000000000313e-01 3.051619999999999888e-01 -3.085000000000000069e-03
1.700000000000000000e+01 1.300000000000000000e+01 2.000000000000000000e+01 0.000000000000000000e+00 1.600000000000000089e+00 4.452000000000000228e-03 -8.052000000000000129e-03 9.999580000000000135e-01 2.762229999999999963e-01 9.610720000000000374e-01 6.509000000000000029e-03 -9.610830000000000206e-01 2.761819999999999831e-01 6.503000000000000100e-03
2.200000000000000000e+01 1.300000000000000000e+01 2.000000000000000000e+01 0.000000000000000000e+00 1.600000000000000089e+00 5.940000000000000184e-04 6.809999999999999647e-04 1.000000000000000000e+00 2.627240000000000131e-01 9.648710000000000342e-01 -8.140000000000000534e-04 -9.648710000000000342e-01 2.627240000000000131e-01 3.950000000000000061e-04
2.600000000000000000e+01 1.300000000000000000e+01 2.000000000000000000e+01 0.000000000000000000e+00 1.600000000000000089e+00 -8.500000000000000611e-05 3.591000000000000008e-03 9.999940000000000495e-01 2.603289999999999771e-01 9.655139999999999834e-01 -3.445000000000000145e-03 -9.655200000000000449e-01 2.603269999999999751e-01 -1.016999999999999892e-03
5.000000000000000000e+00 1.600000000000000000e+01 2.100000000000000000e+01 0.000000000000000000e+00 1.600000000000000089e+00 6.939999999999999555e-04 -1.830000000000000029e-03 9.999980000000000535e-01 3.079560000000000075e-01 9.514000000000000234e-01 1.526999999999999929e-03 -9.514000000000000234e-01 3.079540000000000055e-01 1.222999999999999912e-03
5.000000000000000000e+00 5.000000000000000000e+01 2.200000000000000000e+01 0.000000000000000000e+00 1.600000000000000089e+00 -2.135000000000000179e-03 -4.682999999999999663e-03 -9.999869999999999592e-01 -5.812540000000000484e-01 8.137180000000000524e-01 -2.569999999999999802e-03 8.137189999999999701e-01 5.812410000000000077e-01 -4.459000000000000290e-03
3.000000000000000000e+00 1.000000000000000000e+00 2.500000000000000000e+01 0.000000000000000000e+00 1.600000000000000089e+00 1.193999999999999966e-03 -7.694000000000000318e-03 9.999700000000000255e-01 -3.803299999999999736e-02 -9.992469999999999963e-01 -7.642999999999999620e-03 9.992760000000000531e-01 -3.802300000000000124e-02 -1.485999999999999908e-03
2.800000000000000000e+01 3.000000000000000000e+00 2.500000000000000000e+01 0.000000000000000000e+00 1.600000000000000089e+00 1.735099999999999837e-02 -4.386600000000000221e-02 9.988869999999999694e-01 1.155999999999999910e-03 -9.990360000000000351e-01 -4.389300000000000146e-02 9.998489999999999878e-01 1.915999999999999951e-03 -1.728299999999999975e-02
2.300000000000000000e+01 4.600000000000000000e+01 2.700000000000000000e+01 0.000000000000000000e+00 1.600000000000000089e+00 1.083999999999999894e-03 9.219999999999999680e-04 -9.999989999999999712e-01 6.777440000000000131e-01 7.352969999999999784e-01 1.412999999999999977e-03 7.352969999999999784e-01 -6.777450000000000419e-01 1.720000000000000066e-04
7.000000000000000000e+00 4.600000000000000000e+01 3.000000000000000000e+01 0.000000000000000000e+00 1.600000000000000089e+00 -2.300000000000000070e-04 -1.838999999999999923e-03 -9.999980000000000535e-01 3.302200000000000135e-01 9.439020000000000188e-01 -1.812000000000000026e-03 9.439039999999999653e-01 -3.302200000000000135e-01 3.899999999999999929e-04
2.000000000000000000e+01 4.600000000000000000e+01 3.000000000000000000e+01 0.000000000000000000e+00 1.600000000000000089e+00 5.209999999999999788e-04 7.439999999999999782e-04 -1.000000000000000000e+00 3.303189999999999737e-01 9.438689999999999580e-01 8.750000000000000182e-04 9.438689999999999580e-01 -3.303189999999999737e-01 2.460000000000000164e-04
4.000000000000000000e+00 5.800000000000000000e+01 3.100000000000000000e+01 0.000000000000000000e+00 1.600000000000000089e+00 -1.154999999999999994e-03 -2.191999999999999938e-03 9.999970000000000248e-01 -7.995649999999999702e-01 -6.005749999999999700e-01 -2.239999999999999804e-03 6.005779999999999452e-01 -7.995649999999999702e-01 -1.059000000000000045e-03
7.000000000000000000e+00 5.800000000000000000e+01 3.100000000000000000e+01 0.000000000000000000e+00 1.600000000000000089e+00 -1.469000000000000037e-03 -4.150000000000000043e-04 9.999989999999999712e-01 -8.016729999999999690e-01 -5.977620000000000156e-01 -1.425000000000000051e-03 5.977620000000000156e-01 -8.016739999999999977e-01 5.450000000000000200e-04
1.200000000000000000e+01 5.800000000000000000e+01 3.100000000000000000e+01 0.000000000000000000e+00 1.600000000000000089e+00 3.562000000000000062e-03 -3.449999999999999833e-04 9.999940000000000495e-01 -8.019089999999999829e-01 -5.974409999999999998e-01 2.650000000000000012e-03 5.974359999999999671e-01 -8.019129999999999869e-01 -2.405000000000000020e-03
1.900000000000000000e+01 5.800000000000000000e+01 3.100000000000000000e+01 0.000000000000000000e+00 1.600000000000000089e+00 1.376000000000000053e-03 -1.129999999999999955e-04 9.999989999999999712e-01 -8.047840000000000549e-01 -5.935669999999999558e-01 1.039999999999999909e-03 5.935660000000000380e-01 -8.047849999999999726e-01 -9.079999999999999530e-04
2.400000000000000000e+01 5.800000000000000000e+01 3.100000000000000000e+01 0.000000000000000000e+00 1.600000000000000089e+00 -1.817000000000000039e-03 -1.492999999999999969e-03 9.999970000000000248e-01 -8.077530000000000543e-01 -5.895169999999999577e-01 -2.347000000000000128e-03 5.895190000000000152e-01 -8.077550000000000008e-01 -1.350000000000000017e-04
2.900000000000000000e+01 5.800000000000000000e+01 3.100000000000000000e+01 0.000000000000000000e+00 1.600000000000000089e+00 -5.107000000000000428e-03 -6.818000000000000276e-03 9.999639999999999640e-01 -8.093930000000000291e-01 -5.872110000000000385e-01 -8.137000000000000136e-03 5.872450000000000170e-01 -8.094050000000000411e-01 -2.520000000000000104e-03
3.000000000000000000e+00 4.600000000000000000e+01 3.500000000000000000e+01 0.000000000000000000e+00 1.600000000000000089e+00 -2.373000000000000109e-03 5.270999999999999644e-03 -9.999829999999999552e-01 3.907100000000000017e-01 -9.204959999999999809e-01 -5.779000000000000282e-03 -9.205109999999999681e-01 -3.907180000000000097e-01 1.240000000000000054e-04
1.000000000000000000e+01 4.600000000000000000e+01 3.500000000000000000e+01 0.000000000000000000e+00 1.600000000000000089e+00 4.850000000000000253e-04 -5.115999999999999888e-03 -9.999869999999999592e-01 3.914119999999999822e-01 -9.202029999999999932e-01 4.897999999999999576e-03 -9.202150000000000052e-01 -3.914090000000000069e-01 1.557000000000000007e-03
1.600000000000000000e+01 4.600000000000000000e+01 3.500000000000000000e+01 0.000000000000000000e+00 1.600000000000000089e+00 1.940000000000000101e-03 2.609000000000000208e-03 -9.999949999999999672e-01 3.913170000000000259e-01 -9.202540000000000164e-01 -1.642000000000000013e-03 -9.202540000000000164e-01 -3.913119999999999932e-01 -2.805999999999999901e-03
2.100000000000000000e+01 4.600000000000000000e+01 3.500000000000000000e+01 0.000000000000000000e+00 1.600000000000000089e+00 -6.660000000000000338e-04 -2.288000000000000103e-03 -9.999970000000000248e-01 3.907959999999999767e-01 -9.204750000000000432e-01 1.845999999999999985e-03 -9.204769999999999897e-01 -3.907939999999999747e-01 1.507000000000000093e-03
2.500000000000000000e+01 4.600000000000000000e+01 3.500000000000000000e+01 0.000000000000000000e+00 1.600000000000000089e+00 -5.619999999999999996e-04 -2.589999999999999854e-03 -9.999959999999999960e-01 3.911529999999999729e-01 -9.203230000000000022e-01 2.164000000000000125e-03 -9.203259999999999774e-01 -3.911499999999999977e-01 1.529999999999999893e-03
3.000000000000000000e+01 4.600000000000000000e+01 3.500000000000000000e+01 0.000000000000000000e+00 1.600000000000000089e+00 4.609999999999999840e-04 -9.910999999999999671e-03 -9.999510000000000343e-01 3.926790000000000003e-01 -9.196290000000000298e-01 9.296000000000000443e-03 -9.196750000000000203e-01 -3.926640000000000130e-01 3.467000000000000030e-03
3.000000000000000000e+01 3.000000000000000000e+00 4.300000000000000000e+01 0.000000000000000000e+00 1.600000000000000089e+00 8.217999999999999611e-03 2.557999999999999944e-03 -9.999630000000000463e-01 7.419519999999999449e-01 -6.704390000000000072e-01 4.381999999999999611e-03 -6.704029999999999712e-01 -7.419599999999999529e-01 -7.407999999999999655e-03
4.000000000000000000e+00 2.900000000000000000e+01 4.400000000000000000e+01 0.000000000000000000e+00 1.600000000000000089e+00 -1.402999999999999950e-03 1.696000000000000025e-03 -9.999980000000000535e-01 6.526049999999999907e-01 7.576990000000000114e-01 3.699999999999999947e-04 7.576969999999999539e-01 -6.526020000000000154e-01 -2.170000000000000054e-03
8.000000000000000000e+00 2.900000000000000000e+01 4.400000000000000000e+01 0.000000000000000000e+00 1.600000000000000089e+00 1.343999999999999926e-03 1.018000000000000025e-03 -9.999989999999999712e-01 6.601489999999999858e-01 7.511320000000000219e-01 1.652000000000000040e-03 7.511330000000000506e-01 -6.601510000000000433e-01 3.370000000000000057e-04
1.200000000000000000e+01 2.900000000000000000e+01 4.400000000000000000e+01 0.000000000000000000e+00 1.600000000000000089e+00 1.832999999999999994e-03 -3.144000000000000093e-03 -9.999930000000000208e-01 6.607680000000000220e-01 7.505899999999999794e-01 -1.149000000000000065e-03 7.505880000000000329e-01 -6.607610000000000428e-01 3.452999999999999906e-03
1.800000000000000000e+01 2.900000000000000000e+01 4.400000000000000000e+01 0.000000000000000000e+00 1.600000000000000089e+00 2.889999999999999774e-04 -3.595999999999999804e-03 -9.999930000000000208e-01 6.637380000000000502e-01 7.479609999999999870e-01 -2.497999999999999787e-03 7.479649999999999910e-01 -6.637330000000000174e-01 2.602999999999999845e-03
2.600000000000000000e+01 2.900000000000000000e+01 4.400000000000000000e+01 0.000000000000000000e+00 1.600000000000000089e+00 3.965999999999999907e-03 8.249999999999999955e-04 -9.999919999999999920e-01 6.640509999999999469e-01 7.476810000000000400e-01 3.249999999999999851e-03 7.476770000000000360e-01 -6.640580000000000371e-01 2.416999999999999878e-03
2.700000000000000000e+01 5.000000000000000000e+00 5.100000000000000000e+01 0.000000000000000000e+00 1.600000000000000089e+00 1.907999999999999974e-03 -1.400099999999999956e-02 -9.999000000000000110e-01 4.828350000000000142e-01 -8.756119999999999459e-01 1.318199999999999927e-02 -8.757089999999999597e-01 -4.828120000000000189e-01 5.089999999999999906e-03
2.700000000000000000e+01 1.150000000000000000e+02 5.100000000000000000e+01 0.000000000000000000e+00 1.600000000000000089e+00 -2.003000000000000006e-03 3.768000000000000082e-03 9.999909999999999632e-01 8.458679999999999533e-01 -5.333790000000000475e-01 3.703999999999999827e-03 5.333879999999999733e-01 8.458679999999999533e-01 -2.118999999999999790e-03
9.000000000000000000e+00 7.000000000000000000e+00 5.200000000000000000e+01 0.000000000000000000e+00 1.600000000000000089e+00 -7.477000000000000139e-03 -3.873999999999999840e-03 -9.999649999999999928e-01 1.392510000000000137e-01 -9.902530000000000499e-01 2.795000000000000175e-03 -9.902290000000000258e-01 -1.392249999999999877e-01 7.943999999999999673e-03
5.000000000000000000e+00 6.300000000000000000e+01 5.400000000000000000e+01 0.000000000000000000e+00 1.600000000000000089e+00 2.220000000000000022e-04 -1.498999999999999898e-03 9.999989999999999712e-01 -3.525920000000000165e-01 9.357760000000000522e-01 1.480999999999999895e-03 -9.357769999999999699e-01 -3.525920000000000165e-01 -3.209999999999999963e-04
9.000000000000000000e+00 6.300000000000000000e+01 5.400000000000000000e+01 0.000000000000000000e+00 1.600000000000000089e+00 1.126999999999999964e-03 3.223999999999999869e-03 9.999940000000000495e-01 -3.470980000000000176e-01 9.378250000000000197e-01 -2.632999999999999924e-03 -9.378279999999999950e-01 -3.470929999999999849e-01 2.175999999999999983e-03
1.500000000000000000e+01 6.300000000000000000e+01 5.400000000000000000e+01 0.000000000000000000e+00 1.600000000000000089e+00 -9.510000000000000224e-04 8.729999999999999696e-04 9.999989999999999712e-01 -3.489630000000000232e-01 9.371359999999999690e-01 -1.149999999999999981e-03 -9.371359999999999690e-01 -3.489639999999999964e-01 -5.860000000000000408e-04
2.000000000000000000e+01 6.300000000000000000e+01 5.400000000000000000e+01 0.000000000000000000e+00 1.600000000000000089e+00 1.918000000000000000e-03 7.870000000000000476e-04 9.999980000000000535e-01 -3.502419999999999978e-01 9.366590000000000193e-01 -6.499999999999999431e-05 -9.366569999999999618e-01 -3.502410000000000245e-01 2.073000000000000190e-03
2.500000000000000000e+01 6.300000000000000000e+01 5.400000000000000000e+01 0.000000000000000000e+00 1.600000000000000089e+00 -1.142000000000000003e-03 -3.360999999999999838e-03 9.999940000000000495e-01 -3.540289999999999826e-01 9.352300000000000058e-01 2.739000000000000115e-03 -9.352340000000000098e-01 -3.540240000000000054e-01 -2.258000000000000024e-03
3.000000000000000000e+01 6.300000000000000000e+01 5.400000000000000000e+01 0.000000000000000000e+00 1.600000000000000089e+00 -1.209000000000000005e-03 -2.833000000000000015e-03 9.999949999999999672e-01 -3.533379999999999854e-01 9.354930000000000190e-01 2.223000000000000149e-03 -9.354949999999999655e-01 -3.533339999999999814e-01 -2.132000000000000214e-03
1.000000000000000000e+01 2.500000000000000000e+01 5.500000000000000000e+01 0.000000000000000000e+00 1.600000000000000089e+00 8.769999999999999584e-04 -2.614000000000000004e-03 -9.999959999999999960e-01 -1.315299999999999976e-02 -9.999099999999999655e-01 2.602000000000000146e-03 -9.999130000000000518e-01 1.315000000000000023e-02 -9.120000000000000502e-04
1.600000000000000000e+01 2.500000000000000000e+01 5.500000000000000000e+01 0.000000000000000000e+00 1.600000000000000089e+00 1.665999999999999946e-03 -4.414999999999999654e-03 -9.999890000000000168e-01 -1.314199999999999917e-02 -9.999040000000000150e-01 4.393000000000000203e-03 -9.999120000000000230e-01 1.313399999999999984e-02 -1.724000000000000055e-03
1.900000000000000000e+01 2.500000000000000000e+01 5.500000000000000000e+01 0.000000000000000000e+00 1.600000000000000089e+00 2.895000000000000004e-03 -5.879999999999999810e-03 -9.999789999999999512e-01 -1.438299999999999995e-02 -9.998799999999999910e-01 5.838000000000000307e-03 -9.998920000000000030e-01 1.436600000000000030e-02 -2.978999999999999877e-03
2.900000000000000000e+01 5.800000000000000000e+01 5.900000000000000000e+01 0.000000000000000000e+00 1.600000000000000089e+00 2.210000000000000050e-04 -6.411000000000000032e-03 -9.999789999999999512e-01 3.949150000000000160e-01 9.186990000000000434e-01 -5.801999999999999866e-03 9.187180000000000346e-01 -3.949050000000000060e-01 2.735000000000000018e-03
8.000000000000000000e+00 2.100000000000000000e+01 6.000000000000000000e+01 0.000000000000000000e+00 1.600000000000000089e+00 -7.919999999999999523e-04 2.399999999999999790e-03 9.999970000000000248e-01 -9.768300000000000594e-02 9.952149999999999608e-01 -2.465999999999999876e-03 -9.952170000000000183e-01 -9.768499999999999406e-02 -5.540000000000000219e-04
2.200000000000000000e+01 6.000000000000000000e+00 6.100000000000000000e+01 0.000000000000000000e+00 1.600000000000000089e+00 1.046000000000000055e-03 2.390000000000000197e-03 9.999970000000000248e-01 5.666010000000000213e-01 -8.239910000000000290e-01 1.376999999999999969e-03 8.239919999999999467e-01 5.665980000000000461e-01 -2.216000000000000088e-03
1.200000000000000000e+01 3.000000000000000000e+00 6.300000000000000000e+01 0.000000000000000000e+00 1.600000000000000089e+00 6.449999999999999570e-04 -1.338999999999999913e-03 9.999989999999999712e-01 -6.159160000000000190e-01 7.878110000000000390e-01 1.451999999999999949e-03 -7.878119999999999568e-01 -6.159160000000000190e-01 -3.159999999999999832e-04
3.000000000000000000e+00 2.700000000000000000e+01 6.300000000000000000e+01 0.000000000000000000e+00 1.600000000000000089e+00 -3.282999999999999894e-03 1.968000000000000131e-03 9.999930000000000208e-01 -2.731439999999999979e-01 9.619689999999999630e-01 -2.789999999999999945e-03 -9.619680000000000453e-01 -2.731509999999999772e-01 -2.621000000000000066e-03
7.000000000000000000e+00 2.700000000000000000e+01 6.300000000000000000e+01 0.000000000000000000e+00 1.600000000000000089e+00 7.500000000000000156e-04 3.314999999999999804e-03 9.999940000000000495e-01 -2.720879999999999965e-01 9.622680000000000122e-01 -2.985999999999999939e-03 -9.622720000000000162e-01 -2.720850000000000213e-01 1.624000000000000010e-03
1.000000000000000000e+01 2.700000000000000000e+01 6.300000000000000000e+01 0.000000000000000000e+00 1.600000000000000089e+00 1.920999999999999965e-03 3.652999999999999997e-03 9.999909999999999632e-01 -2.685589999999999922e-01 9.632579999999999476e-01 -3.003000000000000027e-03 -9.632610000000000339e-01 -2.685509999999999842e-01 2.831000000000000183e-03
1.300000000000000000e+01 2.700000000000000000e+01 6.300000000000000000e+01 0.000000000000000000e+00 1.600000000000000089e+00 1.778000000000000067e-03 7.689999999999999787e-03 9.999689999999999968e-01 -2.668079999999999896e-01 9.637250000000000538e-01 -6.936999999999999590e-03 -9.637480000000000491e-01 -2.667869999999999964e-01 3.765999999999999816e-03
1.800000000000000000e+01 2.700000000000000000e+01 6.300000000000000000e+01 0.000000000000000000e+00 1.600000000000000089e+00 1.910000000000000022e-03 1.113500000000000080e-02 9.999360000000000470e-01 -2.660460000000000047e-01 9.639060000000000406e-01 -1.022600000000000071e-02 -9.639579999999999815e-01 -2.660100000000000242e-01 4.804000000000000110e-03
2.300000000000000000e+01 2.700000000000000000e+01 6.300000000000000000e+01 0.000000000000000000e+00 1.600000000000000089e+00 -6.459999999999999814e-04 5.936999999999999569e-03 9.999820000000000375e-01 -2.663420000000000232e-01 9.638609999999999678e-01 -5.893999999999999934e-03 -9.638780000000000125e-01 -2.663409999999999944e-01 9.590000000000000000e-04
4.000000000000000000e+00 2.600000000000000000e+01 6.400000000000000000e+01 0.000000000000000000e+00 1.600000000000000089e+00 -2.569999999999999802e-03 4.884999999999999586e-03 9.999850000000000128e-01 -3.606190000000000229e-01 9.326969999999999983e-01 -5.483000000000000027e-03 -9.327100000000000390e-01 -3.606269999999999754e-01 -6.350000000000000392e-04
1.400000000000000000e+01 2.600000000000000000e+01 6.400000000000000000e+01 0.000000000000000000e+00 1.600000000000000089e+00 1.301999999999999989e-03 7.933000000000000815e-03 9.999679999999999680e-01 -3.505829999999999780e-01 9.365059999999999496e-01 -6.973000000000000032e-03 -9.365310000000000024e-01 -3.505619999999999847e-01 4.001000000000000216e-03
1.800000000000000000e+01 2.600000000000000000e+01 6.400000000000000000e+01 0.000000000000000000e+00 1.600000000000000089e+00 2.203999999999999796e-03 1.049199999999999959e-02 9.999430000000000263e-01 -3.481029999999999958e-01 9.374120000000000230e-01 -9.069000000000000672e-03 -9.374540000000000095e-01 -3.480630000000000113e-01 5.717999999999999992e-03
2.300000000000000000e+01 2.600000000000000000e+01 6.400000000000000000e+01 0.000000000000000000e+00 1.600000000000000089e+00 -1.459000000000000010e-03 8.358000000000000845e-03 9.999639999999999640e-01 -3.444229999999999792e-01 9.387769999999999726e-01 -8.349000000000000518e-03 -9.388130000000000086e-01 -3.444229999999999792e-01 1.508999999999999925e-03
1.000000000000000000e+01 5.400000000000000000e+01 6.500000000000000000e+01 0.000000000000000000e+00 1.600000000000000089e+00 -3.590090000000000225e-01 -2.913129999999999886e-01 8.867070000000000229e-01 3.239800000000000318e-02 -9.533599999999999852e-01 -3.000929999999999986e-01 9.327720000000000455e-01 -7.900899999999999590e-02 3.517029999999999879e-01
3.000000000000000000e+00 6.900000000000000000e+01 6.600000000000000000e+01 0.000000000000000000e+00 1.600000000000000089e+00 1.593999999999999931e-03 -1.309000000000000051e-03 9.999980000000000535e-01 -9.643310000000000493e-01 2.646939999999999849e-01 1.884000000000000041e-03 -2.646950000000000136e-01 -9.643319999999999670e-01 -8.400000000000000348e-04
7.000000000000000000e+00 6.900000000000000000e+01 6.600000000000000000e+01 0.000000000000000000e+00 1.600000000000000089e+00 -3.693999999999999801e-03 -5.453000000000000382e-03 9.999780000000000335e-01 -9.535569999999999879e-01 3.012059999999999738e-01 -1.879999999999999944e-03 -3.011889999999999845e-01 -9.535439999999999472e-01 -6.311999999999999902e-03
5.000000000000000000e+00 7.000000000000000000e+01 7.200000000000000000e+01 0.000000000000000000e+00 1.600000000000000089e+00 -3.166370000000000018e-01 -8.475610000000000088e-01 4.258899999999999908e-01 -2.803100000000000036e-02 -4.404350000000000209e-01 -8.973470000000000057e-01 9.481330000000000036e-01 -2.960709999999999731e-01 1.156989999999999963e-01
4.000000000000000000e+00 2.500000000000000000e+01 7.300000000000000000e+01 0.000000000000000000e+00 1.600000000000000089e+00 2.157000000000000063e-03 -7.203000000000000201e-03 9.999719999999999720e-01 7.556380000000000319e-01 -6.549589999999999579e-01 -6.348000000000000344e-03 6.549859999999999571e-01 7.556300000000000239e-01 4.029999999999999728e-03
1.200000000000000000e+01 2.500000000000000000e+01 7.300000000000000000e+01 0.000000000000000000e+00 1.600000000000000089e+00 -5.360000000000000181e-04 -3.544999999999999974e-03 9.999940000000000495e-01 7.513539999999999663e-01 -6.598969999999999558e-01 -1.936000000000000004e-03 6.598990000000000133e-01 7.513480000000000159e-01 3.017000000000000150e-03
1.900000000000000000e+01 2.500000000000000000e+01 7.300000000000000000e+01 0.000000000000000000e+00 1.600000000000000089e+00 -4.679999999999999915e-04 2.556000000000000112e-03 9.999970000000000248e-01 7.469630000000000436e-01 -6.648629999999999818e-01 2.049000000000000040e-03 6.648659999999999570e-01 7.469609999999999861e-01 -1.598000000000000028e-03
2.200000000000000000e+01 2.500000000000000000e+01 7.300000000000000000e+01 0.000000000000000000e+00 1.600000000000000089e+00 -1.789999999999999925e-03 2.160000000000000028e-03 9.999959999999999960e-01 7.466749999999999776e-01 -6.651829999999999687e-01 2.772999999999999857e-03 6.651869999999999727e-01 7.466770000000000351e-01 -4.220000000000000118e-04
2.800000000000000000e+01 2.500000000000000000e+01 7.300000000000000000e+01 0.000000000000000000e+00 1.600000000000000089e+00 1.729000000000000068e-03 1.364999999999999894e-03 9.999980000000000535e-01 7.545939999999999870e-01 -6.561919999999999975e-01 -4.090000000000000211e-04 6.561890000000000223e-01 7.545929999999999582e-01 -2.164999999999999824e-03
2.200000000000000000e+01 4.400000000000000000e+01 7.300000000000000000e+01 0.000000000000000000e+00 1.600000000000000089e+00 -1.930000000000000075e-03 6.314000000000000168e-03 9.999780000000000335e-01 5.803599999999999731e-02 -9.982940000000000147e-01 6.415999999999999828e-03 9.983130000000000059e-01 5.804700000000000137e-02 1.559999999999999972e-03
2.600000000000000000e+01 4.400000000000000000e+01 7.300000000000000000e+01 0.000000000000000000e+00 1.600000000000000089e+00 -1.234000000000000071e-03 -4.004999999999999880e-03 9.999909999999999632e-01 5.709899999999999698e-02 -9.983610000000000539e-01 -3.928000000000000068e-03 9.983680000000000332e-01 5.709399999999999892e-02 1.459999999999999926e-03
7.000000000000000000e+00 6.400000000000000000e+01 7.300000000000000000e+01 0.000000000000000000e+00 1.600000000000000089e+00 -7.473680000000000323e-01 -5.777630000000000265e-01 3.280719999999999748e-01 -9.889100000000000668e-02 -3.915469999999999784e-01 -9.148279999999999745e-01 6.570099999999999829e-01 -7.161570000000000435e-01 2.354940000000000089e-01
6.000000000000000000e+00 7.000000000000000000e+01 7.300000000000000000e+01 0.000000000000000000e+00 1.600000000000000089e+00 -4.760739999999999972e-01 -8.194299999999999917e-01 3.191970000000000085e-01 9.695999999999999758e-03 -3.678390000000000271e-01 -9.298389999999999711e-01 8.793520000000000225e-01 -4.395769999999999955e-01 1.830640000000000045e-01
4.000000000000000000e+00 5.600000000000000000e+01 7.500000000000000000e+01 0.000000000000000000e+00 1.600000000000000089e+00 3.562699999999999895e-02 2.812890000000000112e-01 9.589619999999999811e-01 -6.766500000000000292e-02 9.580480000000000107e-01 -2.785070000000000046e-01 -9.970719999999999583e-01 -5.496600000000000097e-02 5.316599999999999798e-02
6.000000000000000000e+00 5.600000000000000000e+01 7.500000000000000000e+01 0.000000000000000000e+00 1.600000000000000089e+00 5.810499999999999693e-02 3.432700000000000334e-02 9.977200000000000513e-01 -1.716830000000000023e-01 9.848630000000000440e-01 -2.388600000000000098e-02 -9.834370000000000056e-01 -1.699039999999999995e-01 6.311899999999999455e-02
2.900000000000000000e+01 5.100000000000000000e+01 7.600000000000000000e+01 0.000000000000000000e+00 1.600000000000000089e+00 5.292999999999999962e-03 4.508999999999999987e-03 -9.999759999999999760e-01 -3.893360000000000154e-01 -9.210749999999999771e-01 -6.215000000000000038e-03 -9.210810000000000386e-01 3.893590000000000106e-01 -3.119999999999999944e-03
9.000000000000000000e+00 5.900000000000000000e+01 7.600000000000000000e+01 0.000000000000000000e+00 1.600000000000000089e+00 -3.781070000000000264e-01 -9.208020000000000094e-01 -9.569999999999999341e-02 2.563549999999999995e-01 -4.808999999999999907e-03 -9.665709999999999580e-01 8.895600000000000174e-01 -3.900000000000000133e-01 2.378709999999999991e-01
5.000000000000000000e+00 9.100000000000000000e+01 7.600000000000000000e+01 0.000000000000000000e+00 1.600000000000000089e+00 2.259000000000000157e-03 -6.109999999999999980e-04 9.999970000000000248e-01 3.834429999999999783e-01 -9.235630000000000228e-01 -1.430000000000000064e-03 9.235619999999999941e-01 3.834449999999999803e-01 -1.851999999999999914e-03
1.200000000000000000e+01 9.100000000000000000e+01 7.600000000000000000e+01 0.000000000000000000e+00 1.600000000000000089e+00 8.090000000000000403e-04 1.624000000000000010e-03 9.999980000000000535e-01 3.799730000000000052e-01 -9.249969999999999581e-01 1.195000000000000099e-03 9.249969999999999581e-01 3.799710000000000032e-01 -1.364999999999999894e-03
