1.800000000000000000e+01 1.600000000000000000e+01 4.000000000000000000e+00 0.000000000000000000e+00 1.600000000000000089e+00 -3.177999999999999835e-03 1.933599999999999902e-02 9.998080000000000300e-01 3.220529999999999782e-01 -9.465240000000000320e-01 1.932899999999999896e-02 9.467160000000000020e-01 3.220520000000000049e-01 -3.219000000000000073e-03
2.100000000000000000e+01 1.600000000000000000e+01 4.000000000000000000e+00 0.000000000000000000e+00 1.600000000000000089e+00 3.268000000000000071e-03 2.626200000000000062e-02 9.996500000000000385e-01 3.224139999999999784e-01 -9.462990000000000013e-01 2.380600000000000077e-02 9.465930000000000177e-01 3.222229999999999817e-01 -1.156000000000000083e-02
2.600000000000000000e+01 1.600000000000000000e+01 4.000000000000000000e+00 0.000000000000000000e+00 1.600000000000000089e+00 -8.220000000000000310e-04 1.430999999999999980e-02 9.998970000000000358e-01 3.243539999999999757e-01 -9.458349999999999813e-01 1.380299999999999930e-02 9.459349999999999703e-01 3.243320000000000092e-01 -3.863999999999999813e-03
6.000000000000000000e+00 1.010000000000000000e+02 7.000000000000000000e+00 0.000000000000000000e+00 1.600000000000000089e+00 2.762000000000000132e-03 -3.882000000000000034e-03 9.999890000000000168e-01 8.880879999999999885e-01 4.596729999999999983e-01 -6.689999999999999983e-04 -4.596649999999999903e-01 8.880799999999999805e-01 4.716999999999999839e-03
5.000000000000000000e+00 1.500000000000000000e+01 8.000000000000000000e+00 0.000000000000000000e+00 1.600000000000000089e+00 1.112900000000000000e-02 2.299500000000000155e-02 -9.996739999999999515e-01 -5.749410000000000354e-01 -8.178060000000000329e-01 -2.521199999999999830e-02 -8.181190000000000406e-01 5.750340000000000451e-01 4.119000000000000265e-03
1.300000000000000000e+01 1.500000000000000000e+01 8.000000000000000000e+00 0.000000000000000000e+00 1.600000000000000089e+00 6.532999999999999745e-03 2.121899999999999828e-02 -9.997530000000000028e-01 -5.680880000000000374e-01 -8.226949999999999541e-01 -2.117399999999999838e-02 -8.229419999999999513e-01 5.680859999999999799e-01 6.679000000000000041e-03
1.800000000000000000e+01 1.500000000000000000e+01 8.000000000000000000e+00 0.000000000000000000e+00 1.600000000000000089e+00 7.323999999999999781e-03 1.507900000000000039e-02 -9.998590000000000533e-01 -5.648840000000000527e-01 -8.250039999999999596e-01 -1.657899999999999999e-02 -8.251380000000000381e-01 5.649260000000000392e-01 2.475000000000000203e-03
2.300000000000000000e+01 1.500000000000000000e+01 8.000000000000000000e+00 0.000000000000000000e+00 1.600000000000000089e+00 4.806000000000000376e-03 2.138800000000000076e-02 -9.997599999999999820e-01 -5.641629999999999701e-01 -8.254120000000000346e-01 -2.036999999999999922e-02 -8.256499999999999950e-01 5.641249999999999876e-01 8.099000000000000296e-03
1.100000000000000000e+01 2.600000000000000000e+01 8.000000000000000000e+00 0.000000000000000000e+00 1.600000000000000089e+00 -7.340000000000000170e-03 -2.073900000000000049e-02 -9.997580000000000355e-01 4.126360000000000028e-01 9.106319999999999970e-01 -2.191999999999999851e-02 9.108659999999999535e-01 -4.126969999999999805e-01 1.874000000000000015e-03
1.700000000000000000e+01 2.600000000000000000e+01 8.000000000000000000e+00 0.000000000000000000e+00 1.600000000000000089e+00 -5.473999999999999699e-03 -1.444699999999999977e-02 -9.998810000000000198e-01 4.174689999999999790e-01 9.085600000000000342e-01 -1.541299999999999962e-02 9.086739999999999817e-01 -4.175039999999999862e-01 1.057999999999999913e-03
2.400000000000000000e+01 2.600000000000000000e+01 8.000000000000000000e+00 0.000000000000000000e+00 1.600000000000000089e+00 -4.563000000000000216e-03 -1.875599999999999837e-02 -9.998139999999999805e-01 4.215139999999999998e-01 9.066239999999999855e-01 -1.893200000000000091e-02 9.068100000000000049e-01 -4.215220000000000078e-01 3.769000000000000215e-03
2.700000000000000000e+01 2.600000000000000000e+01 8.000000000000000000e+00 0.000000000000000000e+00 1.600000000000000089e+00 -4.780999999999999660e-03 -1.771199999999999858e-02 -9.998320000000000540e-01 4.229550000000000254e-01 9.059700000000000530e-01 -1.807200000000000126e-02 9.061379999999999990e-01 -4.229700000000000126e-01 3.160000000000000048e-03
2.800000000000000000e+01 1.400000000000000000e+01 9.000000000000000000e+00 0.000000000000000000e+00 1.600000000000000089e+00 6.359000000000000069e-03 1.135000000000000071e-02 -9.999149999999999983e-01 -5.580699999999999550e-01 -8.296930000000000138e-01 -1.296699999999999936e-02 -8.297689999999999788e-01 5.581049999999999622e-01 1.057999999999999913e-03
5.000000000000000000e+00 2.400000000000000000e+01 9.000000000000000000e+00 0.000000000000000000e+00 1.600000000000000089e+00 -9.417999999999999289e-03 -2.465499999999999983e-02 -9.996519999999999850e-01 4.641899999999999915e-01 8.853480000000000238e-01 -2.620899999999999966e-02 8.856859999999999733e-01 -4.642749999999999932e-01 3.106999999999999953e-03
1.000000000000000000e+01 2.400000000000000000e+01 9.000000000000000000e+00 0.000000000000000000e+00 1.600000000000000089e+00 -8.073999999999999580e-03 -2.545599999999999946e-02 -9.996429999999999483e-01 4.661989999999999745e-01 8.842900000000000205e-01 -2.628300000000000081e-02 8.846429999999999572e-01 -4.662439999999999918e-01 4.728000000000000431e-03
1.000000000000000000e+01 3.100000000000000000e+01 1.200000000000000000e+01 0.000000000000000000e+00 1.600000000000000089e+00 9.049999999999999885e-04 -1.381999999999999982e-03 9.999989999999999712e-01 9.676000000000000573e-03 9.999519999999999520e-01 1.373000000000000088e-03 -9.999529999999999808e-01 9.674999999999999573e-03 9.190000000000000035e-04
2.200000000000000000e+01 3.100000000000000000e+01 1.200000000000000000e+01 0.000000000000000000e+00 1.600000000000000089e+00 -2.981999999999999842e-03 1.415000000000000025e-03 9.999949999999999672e-01 1.523399999999999928e-02 9.998829999999999663e-01 -1.368999999999999991e-03 -9.998789999999999623e-01 1.523000000000000048e-02 -3.003000000000000027e-03
2.500000000000000000e+01 3.100000000000000000e+01 1.200000000000000000e+01 0.000000000000000000e+00 1.600000000000000089e+00 -1.951999999999999959e-03 -3.699999999999999811e-05 9.999980000000000535e-01 1.528400000000000071e-02 9.998829999999999663e-01 6.700000000000000226e-05 -9.998810000000000198e-01 1.528499999999999998e-02 -1.951999999999999959e-03
2.800000000000000000e+01 3.100000000000000000e+01 1.200000000000000000e+01 0.000000000000000000e+00 1.600000000000000089e+00 -6.579999999999999478e-04 4.800000000000000122e-04 1.000000000000000000e+00 1.472500000000000024e-02 9.998909999999999743e-01 -4.699999999999999859e-04 -9.998909999999999743e-01 1.472500000000000024e-02 -6.650000000000000095e-04
2.300000000000000000e+01 3.200000000000000000e+01 1.400000000000000000e+01 0.000000000000000000e+00 1.600000000000000089e+00 3.873000000000000140e-03 3.570000000000000040e-04 -9.999919999999999920e-01 1.219839999999999952e-01 9.925319999999999698e-01 8.270000000000000441e-04 9.925249999999999906e-01 -1.219859999999999972e-01 3.799999999999999992e-03
6.000000000000000000e+00 1.200000000000000000e+01 1.500000000000000000e+01 0.000000000000000000e+00 1.600000000000000089e+00 7.424000000000000044e-03 1.231999999999999935e-02 -9.998970000000000358e-01 -4.680679999999999841e-01 -8.835760000000000280e-01 -1.436199999999999977e-02 -8.836619999999999475e-01 4.681259999999999866e-01 -7.929999999999999766e-04
1.800000000000000000e+01 1.200000000000000000e+01 1.500000000000000000e+01 0.000000000000000000e+00 1.600000000000000089e+00 5.481999999999999894e-03 5.483000000000000027e-03 -9.999700000000000255e-01 -4.701199999999999823e-01 -8.825709999999999944e-01 -7.416999999999999982e-03 -8.825849999999999529e-01 4.701469999999999816e-01 -2.260999999999999989e-03
2.100000000000000000e+01 1.200000000000000000e+01 1.500000000000000000e+01 0.000000000000000000e+00 1.600000000000000089e+00 3.963000000000000377e-03 9.454999999999999863e-03 -9.999470000000000303e-01 -4.702319999999999833e-01 -8.824840000000000462e-01 -1.020800000000000006e-02 -8.825340000000000407e-01 4.702479999999999993e-01 9.489999999999999738e-04
2.900000000000000000e+01 1.200000000000000000e+01 1.500000000000000000e+01 0.000000000000000000e+00 1.600000000000000089e+00 2.665999999999999967e-03 3.720000000000000216e-03 -9.999900000000000455e-01 -4.689989999999999992e-01 -8.831870000000000553e-01 -4.536000000000000101e-03 -8.831940000000000346e-01 4.690070000000000072e-01 -6.089999999999999494e-04
4.000000000000000000e+00 1.160000000000000000e+02 1.600000000000000000e+01 0.000000000000000000e+00 1.600000000000000089e+00 -1.820000000000000057e-04 -4.583000000000000268e-03 9.999890000000000168e-01 7.108630000000000226e-01 7.033220000000000027e-01 3.353000000000000078e-03 -7.033300000000000107e-01 7.108560000000000434e-01 3.129999999999999970e-03
1.300000000000000000e+01 1.160000000000000000e+02 1.600000000000000000e+01 0.000000000000000000e+00 1.600000000000000089e+00 6.049999999999999606e-04 1.879999999999999944e-03 9.999980000000000535e-01 6.692219999999999835e-01 7.430600000000000538e-01 -1.801999999999999999e-03 -7.430620000000000003e-01 6.692219999999999835e-01 -8.090000000000000403e-04
1.700000000000000000e+01 1.160000000000000000e+02 1.600000000000000000e+01 0.000000000000000000e+00 1.600000000000000089e+00 -2.599999999999999772e-04 -1.258000000000000004e-03 9.999989999999999712e-01 6.716539999999999733e-01 7.408639999999999670e-01 1.106999999999999911e-03 -7.408649999999999958e-01 6.716529999999999445e-01 6.520000000000000188e-04
7.000000000000000000e+00 2.000000000000000000e+00 1.900000000000000000e+01 0.000000000000000000e+00 1.600000000000000089e+00 -5.220000000000000031e-04 4.860999999999999870e-03 -9.999879999999999880e-01 1.724779999999999924e-01 -9.850010000000000154e-01 -4.878000000000000391e-03 -9.850130000000000274e-01 -1.724779999999999924e-01 -3.249999999999999851e-04
1.200000000000000000e+01 2.000000000000000000e+00 1.900000000000000000e+01 0.000000000000000000e+00 1.600000000000000089e+00 -1.062000000000000010e-03 9.020000000000000240e-04 -9.999989999999999712e-01 1.685869999999999869e-01 -9.856859999999999511e-01 -1.067999999999999939e-03 -9.856859999999999511e-01 -1.685879999999999879e-01 8.949999999999999623e-04
1.500000000000000000e+01 2.000000000000000000e+00 1.900000000000000000e+01 0.000000000000000000e+00 1.600000000000000089e+00 -2.299999999999999961e-03 6.409999999999999682e-04 -9.999970000000000248e-01 1.669619999999999993e-01 -9.859630000000000338e-01 -1.015999999999999976e-03 -9.859609999999999763e-01 -1.669640000000000013e-01 2.161000000000000160e-03
1.900000000000000000e+01 2.000000000000000000e+00 1.900000000000000000e+01 0.000000000000000000e+00 1.600000000000000089e+00 -1.003999999999999901e-03 -2.049999999999999956e-04 -9.999989999999999712e-01 1.672639999999999960e-01 -9.859120000000000106e-01 3.499999999999999693e-05 -9.859120000000000106e-01 -1.672639999999999960e-01 1.023999999999999954e-03
2.400000000000000000e+01 2.000000000000000000e+00 1.900000000000000000e+01 0.000000000000000000e+00 1.600000000000000089e+00 2.177000000000000116e-03 6.797000000000000090e-03 -9.999749999999999472e-01 1.699209999999999887e-01 -9.854370000000000074e-01 -6.328000000000000291e-03 -9.854549999999999699e-01 -1.699029999999999985e-01 -3.301000000000000115e-03
3.000000000000000000e+00 4.000000000000000000e+00 2.000000000000000000e+01 0.000000000000000000e+00 1.600000000000000089e+00 -1.310000000000000129e-04 1.005999999999999950e-03 -9.999989999999999712e-01 2.760139999999999816e-01 -9.611530000000000351e-01 -1.002999999999999985e-03 -9.611539999999999528e-01 -2.760139999999999816e-01 -1.520000000000000084e-04
7.000000000000000000e+00 4.000000000000000000e+00 2.000000000000000000e+01 0.000000000000000000e+00 1.600000000000000089e+00 -1.420999999999999954e-03 6.782999999999999967e-03 -9.999759999999999760e-01 2.725230000000000152e-01 -9.621239999999999792e-01 -6.912999999999999874e-03 -9.621480000000000032e-01 -2.725270000000000192e-01 -4.820000000000000066e-04
2.000000000000000000e+00 1.300000000000000000e+01 2.000000000000000000e+01 0.000000000000000000e+00 1.600000000000000089e+00 8.880000000000000089e-04 -6.729999999999999871e-03 9.999770000000000048e-01 2.588409999999999878e-01 9.658989999999999521e-01 6.270999999999999665e-03 -9.659189999999999721e-01 2.588300000000000045e-01 2.599999999999999881e-03
6.000000000000000000e+00 1.300000000000000000e+01 2.000000000000000000e+01 0.000000000000000000e+00 1.600000000000000089e+00 2.500000000000000052e-04 -1.011699999999999926e-02 9.999489999999999768e-01 2.581789999999999918e-01 9.660480000000000178e-01 9.709000000000000616e-03 -9.660969999999999835e-01 2.581629999999999758e-01 2.853000000000000067e-03
1.100000000000000000e+01 1.300000000000000000e+01 2.000000000000000000e+01 0.000000000000000000e+00 1.600000000000000089e+00 -5.360000000000000181e-04 -1.479999999999999925e-04 1.000000000000000000e+00 2.594130000000000047e-01 9.657660000000000133e-01 2.820000000000000241e-04 -9.657660000000000133e-01 2.594130000000000047e-01 -4.789999999999999879e-04
1.800000000000000000e+01 1.300000000000000000e+01 2.000000000000000000e+01 0.000000000000000000e+00 1.600000000000000089e+00 -6.799999999999999946e-05 -7.574000000000000003e-03 9.999710000000000543e-01 2.594770000000000132e-01 9.657219999999999693e-01 7.331999999999999976e-03 -9.657489999999999686e-01 2.594699999999999784e-01 1.899999999999999996e-03
2.200000000000000000e+01 1.300000000000000000e+01 2.000000000000000000e+01 0.000000000000000000e+00 1.600000000000000089e+00 -3.690000000000000246e-04 2.126999999999999984e-03 9.999980000000000535e-01 2.602079999999999949e-01 9.655510000000000481e-01 -1.958000000000000105e-03 -9.655529999999999946e-01 2.602070000000000216e-01 -9.100000000000000016e-04
2.600000000000000000e+01 1.300000000000000000e+01 2.000000000000000000e+01 0.000000000000000000e+00 1.600000000000000089e+00 -1.373000000000000088e-03 1.101999999999999898e-03 9.999989999999999712e-01 2.632720000000000060e-01 9.647210000000000507e-01 -7.020000000000000415e-04 -9.647210000000000507e-01 2.632709999999999773e-01 -1.614999999999999899e-03
3.000000000000000000e+00 1.600000000000000000e+01 2.100000000000000000e+01 0.000000000000000000e+00 1.600000000000000089e+00 9.909999999999999105e-04 -3.533999999999999815e-03 9.999930000000000208e-01 2.952350000000000252e-01 9.554200000000000470e-01 3.082999999999999803e-03 -9.554240000000000510e-01 2.952299999999999924e-01 1.990000000000000015e-03
1.100000000000000000e+01 1.600000000000000000e+01 2.100000000000000000e+01 0.000000000000000000e+00 1.600000000000000089e+00 1.029999999999999964e-04 5.546999999999999847e-03 9.999850000000000128e-01 2.965800000000000103e-01 9.549929999999999808e-01 -5.328000000000000271e-03 -9.550079999999999680e-01 2.965760000000000063e-01 -1.546000000000000065e-03
1.500000000000000000e+01 1.600000000000000000e+01 2.100000000000000000e+01 0.000000000000000000e+00 1.600000000000000089e+00 -6.890000000000000508e-04 -5.002999999999999635e-03 9.999869999999999592e-01 2.965380000000000238e-01 9.550079999999999680e-01 4.982999999999999582e-03 -9.550210000000000088e-01 2.965380000000000238e-01 8.249999999999999955e-04
1.900000000000000000e+01 1.600000000000000000e+01 2.100000000000000000e+01 0.000000000000000000e+00 1.600000000000000089e+00 -5.099999999999999960e-05 -5.361999999999999579e-03 9.999860000000000415e-01 2.967420000000000058e-01 9.549440000000000150e-01 5.135999999999999940e-03 -9.549579999999999735e-01 2.967380000000000018e-01 1.543000000000000101e-03
5.000000000000000000e+00 3.000000000000000000e+00 2.500000000000000000e+01 0.000000000000000000e+00 1.600000000000000089e+00 -4.917000000000000363e-03 7.641000000000000222e-03 9.999590000000000423e-01 -1.597900000000000015e-02 -9.998439999999999550e-01 7.562000000000000145e-03 9.998599999999999710e-01 -1.594100000000000031e-02 5.037999999999999944e-03
2.000000000000000000e+00 4.600000000000000000e+01 2.700000000000000000e+01 0.000000000000000000e+00 1.600000000000000089e+00 1.601999999999999908e-03 1.827999999999999981e-03 -9.999970000000000248e-01 6.804179999999999673e-01 7.328200000000000269e-01 2.429999999999999868e-03 7.328219999999999734e-01 -6.804200000000000248e-01 -6.999999999999999387e-05
8.000000000000000000e+00 4.600000000000000000e+01 2.700000000000000000e+01 0.000000000000000000e+00 1.600000000000000089e+00 5.980000000000000072e-04 -6.290000000000000018e-04 -1.000000000000000000e+00 6.847649999999999570e-01 7.287639999999999674e-01 -4.899999999999999842e-05 7.287639999999999674e-01 -6.847640000000000393e-01 8.670000000000000406e-04
1.800000000000000000e+01 4.600000000000000000e+01 2.700000000000000000e+01 0.000000000000000000e+00 1.600000000000000089e+00 8.229999999999999469e-04 1.203000000000000076e-03 -9.999989999999999712e-01 6.799730000000000496e-01 7.332359999999999989e-01 1.441999999999999922e-03 7.332370000000000276e-01 -6.799730000000000496e-01 -2.149999999999999947e-04
2.000000000000000000e+01 4.600000000000000000e+01 3.000000000000000000e+01 0.000000000000000000e+00 1.600000000000000089e+00 4.189999999999999931e-04 7.999999999999999638e-06 -1.000000000000000000e+00 3.365279999999999938e-01 9.416729999999999823e-01 1.479999999999999925e-04 9.416729999999999823e-01 -3.365279999999999938e-01 3.919999999999999873e-04
9.000000000000000000e+00 5.800000000000000000e+01 3.100000000000000000e+01 0.000000000000000000e+00 1.600000000000000089e+00 6.639999999999999852e-04 2.860000000000000129e-04 1.000000000000000000e+00 -8.013710000000000555e-01 -5.981670000000000043e-01 7.029999999999999574e-04 5.981670000000000043e-01 -8.013710000000000555e-01 -1.679999999999999907e-04
1.400000000000000000e+01 5.800000000000000000e+01 3.100000000000000000e+01 0.000000000000000000e+00 1.600000000000000089e+00 2.132000000000000214e-03 4.789999999999999987e-03 9.999860000000000415e-01 -7.990530000000000133e-01 -6.012429999999999719e-01 4.584000000000000401e-03 6.012570000000000414e-01 -7.990519999999999845e-01 2.546000000000000086e-03
2.000000000000000000e+01 5.800000000000000000e+01 3.100000000000000000e+01 0.000000000000000000e+00 1.600000000000000089e+00 1.050000000000000044e-04 -1.897000000000000032e-03 9.999980000000000535e-01 -7.965130000000000265e-01 -6.046200000000000463e-01 -1.062999999999999926e-03 6.046209999999999640e-01 -7.965119999999999978e-01 -1.574000000000000095e-03
2.500000000000000000e+01 5.800000000000000000e+01 3.100000000000000000e+01 0.000000000000000000e+00 1.600000000000000089e+00 -2.139999999999999975e-04 -9.460000000000000093e-04 1.000000000000000000e+00 -7.976929999999999854e-01 -6.030640000000000445e-01 -7.410000000000000137e-04 6.030640000000000445e-01 -7.976919999999999566e-01 -6.260000000000000373e-04
5.000000000000000000e+00 4.600000000000000000e+01 3.500000000000000000e+01 0.000000000000000000e+00 1.600000000000000089e+00 -4.530000000000000064e-04 -6.319999999999999663e-04 -1.000000000000000000e+00 3.862659999999999982e-01 -9.223869999999999569e-01 4.079999999999999968e-04 -9.223869999999999569e-01 -3.862659999999999982e-01 6.620000000000000450e-04
8.000000000000000000e+00 4.600000000000000000e+01 3.500000000000000000e+01 0.000000000000000000e+00 1.600000000000000089e+00 -6.669999999999999497e-04 1.358000000000000049e-03 -9.999989999999999712e-01 3.860060000000000158e-01 -9.224949999999999539e-01 -1.510000000000000057e-03 -9.224959999999999827e-01 -3.860060000000000158e-01 9.100000000000000287e-05
1.200000000000000000e+01 4.600000000000000000e+01 3.500000000000000000e+01 0.000000000000000000e+00 1.600000000000000089e+00 -5.320000000000000293e-04 1.544999999999999932e-03 -9.999989999999999712e-01 3.864049999999999985e-01 -9.223280000000000367e-01 -1.629999999999999939e-03 -9.223289999999999544e-01 -3.864049999999999985e-01 -1.069999999999999988e-04
2.300000000000000000e+01 4.600000000000000000e+01 3.500000000000000000e+01 0.000000000000000000e+00 1.600000000000000089e+00 -1.832000000000000078e-03 5.159000000000000391e-03 -9.999850000000000128e-01 3.917760000000000131e-01 -9.200439999999999729e-01 -5.464000000000000107e-03 -9.200589999999999602e-01 -3.917800000000000171e-01 -3.359999999999999814e-04
2.600000000000000000e+01 4.600000000000000000e+01 3.500000000000000000e+01 0.000000000000000000e+00 1.600000000000000089e+00 -6.819999999999999890e-04 1.680000000000000070e-03 -9.999980000000000535e-01 3.911890000000000089e-01 -9.203080000000000149e-01 -1.812999999999999941e-03 -9.203099999999999614e-01 -3.911899999999999822e-01 -2.900000000000000017e-05
6.000000000000000000e+00 9.500000000000000000e+01 3.600000000000000000e+01 0.000000000000000000e+00 1.600000000000000089e+00 5.682999999999999684e-03 -1.485799999999999968e-02 9.998730000000000118e-01 9.975549999999999695e-01 6.972599999999999631e-02 -4.634000000000000098e-03 -6.964900000000000257e-02 9.974549999999999805e-01 1.521800000000000062e-02
1.500000000000000000e+01 9.500000000000000000e+01 3.600000000000000000e+01 0.000000000000000000e+00 1.600000000000000089e+00 -2.286999999999999970e-03 3.000000000000000076e-05 9.999970000000000248e-01 9.970729999999999871e-01 7.641699999999999882e-02 2.278000000000000077e-03 -7.641599999999999782e-02 9.970759999999999623e-01 -2.039999999999999984e-04
1.900000000000000000e+01 9.500000000000000000e+01 3.600000000000000000e+01 0.000000000000000000e+00 1.600000000000000089e+00 -4.745000000000000086e-03 -1.810600000000000057e-02 9.998249999999999638e-01 9.968510000000000426e-01 7.905900000000000427e-02 6.163000000000000075e-03 -7.915700000000000514e-02 9.967049999999999521e-01 1.767399999999999874e-02
2.300000000000000000e+01 9.500000000000000000e+01 3.600000000000000000e+01 0.000000000000000000e+00 1.600000000000000089e+00 4.644999999999999823e-03 1.210600000000000044e-02 9.999160000000000270e-01 9.965239999999999654e-01 8.311399999999999344e-02 -5.636000000000000384e-03 -8.317499999999999893e-02 9.964669999999999916e-01 -1.167699999999999988e-02
2.700000000000000000e+01 9.500000000000000000e+01 3.600000000000000000e+01 0.000000000000000000e+00 1.600000000000000089e+00 3.602999999999999866e-03 2.449099999999999888e-02 9.996939999999999715e-01 9.966519999999999824e-01 8.157499999999999474e-02 -5.590000000000000351e-03 -8.168699999999999573e-02 9.963659999999999739e-01 -2.411500000000000102e-02
3.000000000000000000e+00 2.900000000000000000e+01 4.400000000000000000e+01 0.000000000000000000e+00 1.600000000000000089e+00 -4.099999999999999912e-04 3.481000000000000153e-03 -9.999940000000000495e-01 6.637239999999999807e-01 7.479740000000000277e-01 2.331000000000000173e-03 7.479770000000000030e-01 -6.637189999999999479e-01 -2.616999999999999969e-03
9.000000000000000000e+00 2.900000000000000000e+01 4.400000000000000000e+01 0.000000000000000000e+00 1.600000000000000089e+00 -6.023999999999999841e-03 -1.902000000000000045e-03 -9.999799999999999800e-01 6.446739999999999693e-01 7.644389999999999796e-01 -5.337999999999999863e-03 7.644339999999999469e-01 -6.446929999999999605e-01 -3.379000000000000059e-03
1.400000000000000000e+01 2.900000000000000000e+01 4.400000000000000000e+01 0.000000000000000000e+00 1.600000000000000089e+00 -1.616000000000000032e-03 -1.683999999999999950e-03 -9.999970000000000248e-01 6.391850000000000032e-01 7.690489999999999826e-01 -2.328000000000000208e-03 7.690510000000000401e-01 -6.391869999999999497e-01 -1.669999999999999935e-04
2.500000000000000000e+01 2.900000000000000000e+01 4.400000000000000000e+01 0.000000000000000000e+00 1.600000000000000089e+00 4.276000000000000287e-03 5.249999999999999676e-04 -9.999909999999999632e-01 6.705929999999999946e-01 7.418179999999999774e-01 3.256999999999999913e-03 7.418129999999999447e-01 -6.706010000000000026e-01 2.821000000000000157e-03
3.000000000000000000e+01 2.900000000000000000e+01 4.400000000000000000e+01 0.000000000000000000e+00 1.600000000000000089e+00 2.569999999999999802e-03 -1.673999999999999924e-03 -9.999949999999999672e-01 6.750359999999999694e-01 7.377850000000000241e-01 5.000000000000000104e-04 7.377799999999999914e-01 -6.750340000000000229e-01 3.026000000000000044e-03
1.700000000000000000e+01 6.000000000000000000e+00 5.100000000000000000e+01 0.000000000000000000e+00 1.600000000000000089e+00 -5.421999999999999736e-03 2.269000000000000183e-03 -9.999829999999999552e-01 3.232729999999999770e-01 -9.462979999999999725e-01 -3.899999999999999821e-03 -9.462899999999999645e-01 -3.232889999999999930e-01 4.396999999999999867e-03
2.100000000000000000e+01 7.000000000000000000e+00 5.200000000000000000e+01 0.000000000000000000e+00 1.600000000000000089e+00 -2.906000000000000163e-03 1.791000000000000057e-03 -9.999940000000000495e-01 8.887399999999999467e-02 -9.960409999999999542e-01 -2.041999999999999978e-03 -9.960390000000000077e-01 -8.887899999999999967e-02 2.735000000000000018e-03
4.000000000000000000e+00 1.500000000000000000e+01 5.300000000000000000e+01 0.000000000000000000e+00 1.600000000000000089e+00 9.619999999999999645e-04 -1.126999999999999964e-03 -9.999989999999999712e-01 6.762730000000000130e-01 7.366509999999999447e-01 -1.800000000000000113e-04 7.366500000000000270e-01 -6.762719999999999843e-01 1.471000000000000085e-03
4.000000000000000000e+00 6.300000000000000000e+01 5.400000000000000000e+01 0.000000000000000000e+00 1.600000000000000089e+00 -9.990000000000001049e-04 4.910000000000000085e-04 9.999989999999999712e-01 -3.508680000000000132e-01 9.364249999999999519e-01 -8.099999999999999561e-04 -9.364249999999999519e-01 -3.508680000000000132e-01 -7.630000000000000063e-04
1.400000000000000000e+01 6.300000000000000000e+01 5.400000000000000000e+01 0.000000000000000000e+00 1.600000000000000089e+00 -5.410000000000000312e-04 2.099999999999999884e-05 1.000000000000000000e+00 -3.519939999999999736e-01 9.360020000000000007e-01 -2.100000000000000087e-04 -9.360020000000000007e-01 -3.519939999999999736e-01 -4.989999999999999861e-04
2.000000000000000000e+01 6.300000000000000000e+01 5.400000000000000000e+01 0.000000000000000000e+00 1.600000000000000089e+00 1.000000000000000021e-03 -1.075000000000000001e-03 9.999989999999999712e-01 -3.528339999999999810e-01 9.356849999999999890e-01 1.358000000000000049e-03 -9.356860000000000177e-01 -3.528350000000000097e-01 5.559999999999999621e-04
2.500000000000000000e+01 6.300000000000000000e+01 5.400000000000000000e+01 0.000000000000000000e+00 1.600000000000000089e+00 -1.376999999999999969e-03 -3.690000000000000246e-04 9.999989999999999712e-01 -3.555789999999999784e-01 9.346459999999999768e-01 -1.450000000000000009e-04 -9.346449999999999481e-01 -3.555789999999999784e-01 -1.417999999999999990e-03
2.000000000000000000e+00 2.500000000000000000e+01 5.500000000000000000e+01 0.000000000000000000e+00 1.600000000000000089e+00 1.820999999999999919e-03 3.480000000000000020e-03 -9.999919999999999920e-01 -1.160600000000000000e-02 -9.999270000000000103e-01 -3.501000000000000206e-03 -9.999310000000000143e-01 1.161200000000000079e-02 -1.781000000000000031e-03
1.300000000000000000e+01 2.500000000000000000e+01 5.500000000000000000e+01 0.000000000000000000e+00 1.600000000000000089e+00 1.314999999999999980e-03 -1.978999999999999856e-03 -9.999970000000000248e-01 -1.272000000000000040e-02 -9.999169999999999447e-01 1.962000000000000202e-03 -9.999179999999999735e-01 1.271800000000000014e-02 -1.340000000000000045e-03
1.800000000000000000e+01 2.500000000000000000e+01 5.500000000000000000e+01 0.000000000000000000e+00 1.600000000000000089e+00 -1.149999999999999981e-03 1.536999999999999955e-03 -9.999980000000000535e-01 -1.270800000000000055e-02 -9.999179999999999735e-01 -1.523000000000000048e-03 -9.999190000000000023e-01 1.270600000000000028e-02 1.168999999999999900e-03
2.300000000000000000e+01 2.500000000000000000e+01 5.500000000000000000e+01 0.000000000000000000e+00 1.600000000000000089e+00 -7.770000000000000214e-04 -4.046000000000000117e-03 -9.999919999999999920e-01 -1.058699999999999919e-02 -9.999360000000000470e-01 4.054000000000000312e-03 -9.999440000000000550e-01 1.059000000000000045e-02 7.339999999999999520e-04
2.400000000000000000e+01 5.800000000000000000e+01 5.900000000000000000e+01 0.000000000000000000e+00 1.600000000000000089e+00 -2.556000000000000112e-03 -6.366000000000000131e-03 -9.999759999999999760e-01 3.820560000000000067e-01 9.241139999999999910e-01 -6.859999999999999779e-03 9.241359999999999575e-01 -3.820640000000000147e-01 6.999999999999999387e-05
2.700000000000000000e+01 6.000000000000000000e+00 6.100000000000000000e+01 0.000000000000000000e+00 1.600000000000000089e+00 -2.660000000000000146e-04 9.927000000000000060e-03 9.999510000000000343e-01 5.626120000000000010e-01 -8.266790000000000527e-01 8.356000000000000580e-03 8.267210000000000392e-01 5.625860000000000305e-01 -5.364999999999999977e-03
8.000000000000000000e+00 3.000000000000000000e+00 6.300000000000000000e+01 0.000000000000000000e+00 1.600000000000000089e+00 3.475999999999999923e-03 -7.080999999999999621e-03 9.999689999999999968e-01 -6.168209999999999527e-01 7.870650000000000146e-01 7.716999999999999901e-03 -7.870949999999999891e-01 -6.168289999999999607e-01 -1.631999999999999987e-03
1.100000000000000000e+01 3.000000000000000000e+00 6.300000000000000000e+01 0.000000000000000000e+00 1.600000000000000089e+00 9.909999999999999105e-04 -4.890000000000000249e-03 9.999869999999999592e-01 -6.177570000000000006e-01 7.863560000000000549e-01 4.457000000000000024e-03 -7.863679999999999559e-01 -6.177540000000000253e-01 -2.242000000000000069e-03
8.000000000000000000e+00 2.700000000000000000e+01 6.300000000000000000e+01 0.000000000000000000e+00 1.600000000000000089e+00 2.339999999999999958e-04 1.221999999999999996e-03 9.999989999999999712e-01 -2.828970000000000096e-01 9.591499999999999471e-01 -1.105999999999999995e-03 -9.591499999999999471e-01 -2.828970000000000096e-01 5.699999999999999772e-04
1.200000000000000000e+01 2.700000000000000000e+01 6.300000000000000000e+01 0.000000000000000000e+00 1.600000000000000089e+00 4.500000000000000283e-05 1.257000000000000088e-03 9.999989999999999712e-01 -2.836400000000000032e-01 9.589299999999999491e-01 -1.193000000000000050e-03 -9.589309999999999778e-01 -2.836400000000000032e-01 3.989999999999999949e-04
1.600000000000000000e+01 2.700000000000000000e+01 6.300000000000000000e+01 0.000000000000000000e+00 1.600000000000000089e+00 -2.849999999999999886e-04 4.565999999999999746e-03 9.999900000000000455e-01 -2.837120000000000197e-01 9.588989999999999458e-01 -4.460000000000000422e-03 -9.589100000000000401e-01 -2.837100000000000177e-01 1.021999999999999905e-03
2.100000000000000000e+01 2.700000000000000000e+01 6.300000000000000000e+01 0.000000000000000000e+00 1.600000000000000089e+00 -1.760999999999999979e-03 -2.922000000000000118e-03 9.999940000000000495e-01 -2.838879999999999737e-01 9.588550000000000129e-01 2.301999999999999793e-03 -9.588560000000000416e-01 -2.838829999999999965e-01 -2.517999999999999839e-03
2.800000000000000000e+01 2.700000000000000000e+01 6.300000000000000000e+01 0.000000000000000000e+00 1.600000000000000089e+00 -3.060000000000000111e-04 -3.049000000000000061e-03 9.999949999999999672e-01 -2.809679999999999955e-01 9.597130000000000383e-01 2.840000000000000076e-03 -9.597170000000000423e-01 -2.809650000000000203e-01 -1.149999999999999981e-03
5.000000000000000000e+00 2.600000000000000000e+01 6.400000000000000000e+01 0.000000000000000000e+00 1.600000000000000089e+00 3.699999999999999947e-04 2.526000000000000034e-03 9.999970000000000248e-01 -3.624990000000000157e-01 9.319809999999999484e-01 -2.220000000000000185e-03 -9.319840000000000346e-01 -3.624970000000000137e-01 1.260000000000000052e-03
1.200000000000000000e+01 2.600000000000000000e+01 6.400000000000000000e+01 0.000000000000000000e+00 1.600000000000000089e+00 1.820000000000000057e-04 1.562000000000000020e-03 9.999989999999999712e-01 -3.639490000000000225e-01 9.314179999999999682e-01 -1.387999999999999911e-03 -9.314189999999999969e-01 -3.639479999999999937e-01 7.380000000000000492e-04
1.600000000000000000e+01 2.600000000000000000e+01 6.400000000000000000e+01 0.000000000000000000e+00 1.600000000000000089e+00 -8.239999999999999712e-04 3.981000000000000164e-03 9.999919999999999920e-01 -3.649020000000000041e-01 9.310370000000000035e-01 -4.008000000000000278e-03 -9.310460000000000402e-01 -3.649020000000000041e-01 6.849999999999999535e-04
2.000000000000000000e+01 2.600000000000000000e+01 6.400000000000000000e+01 0.000000000000000000e+00 1.600000000000000089e+00 -2.455999999999999850e-03 -1.500000000000000031e-03 9.999959999999999960e-01 -3.669780000000000264e-01 9.302289999999999726e-01 4.939999999999999730e-04 -9.302259999999999973e-01 -3.669760000000000244e-01 -2.834999999999999847e-03
2.800000000000000000e+01 2.600000000000000000e+01 6.400000000000000000e+01 0.000000000000000000e+00 1.600000000000000089e+00 2.669999999999999847e-04 -4.723999999999999901e-03 9.999890000000000168e-01 -3.659339999999999815e-01 9.306299999999999573e-01 4.493999999999999731e-03 -9.306410000000000515e-01 -3.659310000000000063e-01 -1.479999999999999979e-03
1.400000000000000000e+01 6.900000000000000000e+01 6.600000000000000000e+01 0.000000000000000000e+00 1.600000000000000089e+00 -1.330000000000000019e-03 -9.859999999999998974e-04 9.999989999999999712e-01 -9.502059999999999951e-01 3.116209999999999813e-01 -9.569999999999999514e-04 -3.116200000000000081e-01 -9.502059999999999951e-01 -1.351999999999999903e-03
3.000000000000000000e+00 2.500000000000000000e+01 7.300000000000000000e+01 0.000000000000000000e+00 1.600000000000000089e+00 -1.958999999999999804e-03 -2.916999999999999888e-03 9.999940000000000495e-01 7.563779999999999948e-01 -6.541339999999999932e-01 -4.270000000000000249e-04 6.541320000000000467e-01 7.563729999999999620e-01 3.488000000000000215e-03
9.000000000000000000e+00 2.500000000000000000e+01 7.300000000000000000e+01 0.000000000000000000e+00 1.600000000000000089e+00 1.289999999999999914e-04 8.450000000000000479e-04 1.000000000000000000e+00 7.540540000000000020e-01 -6.568119999999999514e-01 4.580000000000000195e-04 6.568129999999999802e-01 7.540540000000000020e-01 -7.219999999999999855e-04
1.700000000000000000e+01 2.500000000000000000e+01 7.300000000000000000e+01 0.000000000000000000e+00 1.600000000000000089e+00 9.340000000000000429e-04 -1.108999999999999960e-03 9.999989999999999712e-01 7.532529999999999504e-01 -6.577290000000000081e-01 -1.433000000000000029e-03 6.577300000000000368e-01 7.532539999999999791e-01 2.210000000000000050e-04
2.400000000000000000e+01 2.500000000000000000e+01 7.300000000000000000e+01 0.000000000000000000e+00 1.600000000000000089e+00 1.129999999999999955e-04 4.275000000000000154e-03 9.999909999999999632e-01 7.541750000000000398e-01 -6.566670000000000007e-01 2.723000000000000160e-03 6.566729999999999512e-01 7.541679999999999495e-01 -3.298000000000000150e-03
2.900000000000000000e+01 2.500000000000000000e+01 7.300000000000000000e+01 0.000000000000000000e+00 1.600000000000000089e+00 -9.959999999999999236e-04 -4.449999999999999746e-04 9.999989999999999712e-01 7.533229999999999649e-01 -6.576499999999999568e-01 4.569999999999999952e-04 6.576499999999999568e-01 7.533229999999999649e-01 9.899999999999999946e-04
6.000000000000000000e+00 4.400000000000000000e+01 7.300000000000000000e+01 0.000000000000000000e+00 1.600000000000000089e+00 5.630000000000000239e-04 2.141999999999999807e-03 9.999980000000000535e-01 5.053599999999999759e-02 -9.987200000000000522e-01 2.109999999999999896e-03 9.987219999999999986e-01 5.053400000000000253e-02 -6.710000000000000469e-04
1.000000000000000000e+01 4.400000000000000000e+01 7.300000000000000000e+01 0.000000000000000000e+00 1.600000000000000089e+00 3.820000000000000153e-04 -1.815999999999999906e-03 9.999980000000000535e-01 5.139200000000000018e-02 -9.986770000000000369e-01 -1.832999999999999994e-03 9.986789999999999834e-01 5.139300000000000118e-02 -2.880000000000000073e-04
1.700000000000000000e+01 4.400000000000000000e+01 7.300000000000000000e+01 0.000000000000000000e+00 1.600000000000000089e+00 -2.059999999999999928e-04 -1.858999999999999975e-03 9.999980000000000535e-01 5.252799999999999830e-02 -9.986180000000000057e-01 -1.845000000000000069e-03 9.986190000000000344e-01 5.252699999999999730e-02 3.040000000000000167e-04
2.400000000000000000e+01 4.400000000000000000e+01 7.300000000000000000e+01 0.000000000000000000e+00 1.600000000000000089e+00 1.021999999999999905e-03 2.210000000000000159e-03 9.999970000000000248e-01 5.136799999999999700e-02 -9.986770000000000369e-01 2.154999999999999798e-03 9.986789999999999834e-01 5.136600000000000193e-02 -1.134000000000000025e-03
2.800000000000000000e+01 4.400000000000000000e+01 7.300000000000000000e+01 0.000000000000000000e+00 1.600000000000000089e+00 5.460000000000000443e-04 -3.390000000000000001e-04 1.000000000000000000e+00 5.164099999999999940e-02 -9.986660000000000537e-01 -3.669999999999999760e-04 9.986660000000000537e-01 5.164200000000000040e-02 -5.280000000000000405e-04
2.700000000000000000e+01 9.900000000000000000e+01 7.500000000000000000e+01 0.000000000000000000e+00 1.600000000000000089e+00 -2.180000000000000134e-04 -3.322999999999999999e-03 -9.999940000000000495e-01 -8.860299999999999843e-01 4.636259999999999826e-01 -1.347000000000000107e-03 4.636270000000000113e-01 8.860249999999999515e-01 -3.044999999999999964e-03
2.000000000000000000e+00 5.100000000000000000e+01 7.600000000000000000e+01 0.000000000000000000e+00 1.600000000000000089e+00 7.659999999999999708e-04 9.000000000000000567e-05 -1.000000000000000000e+00 -4.115280000000000049e-01 -9.113970000000000127e-01 -3.970000000000000005e-04 -9.113970000000000127e-01 4.115280000000000049e-01 -6.620000000000000450e-04
2.000000000000000000e+00 9.100000000000000000e+01 7.600000000000000000e+01 0.000000000000000000e+00 1.600000000000000089e+00 -3.119999999999999944e-04 -2.890000000000000208e-03 9.999959999999999960e-01 3.183259999999999978e-01 -9.479779999999999873e-01 -2.641000000000000118e-03 9.479809999999999626e-01 3.183239999999999958e-01 1.216000000000000067e-03
5.000000000000000000e+00 9.100000000000000000e+01 7.600000000000000000e+01 0.000000000000000000e+00 1.600000000000000089e+00 -2.083999999999999915e-03 -7.020000000000000415e-04 9.999980000000000535e-01 3.188529999999999975e-01 -9.478039999999999798e-01 -9.999999999999999547e-07 9.478020000000000334e-01 3.188520000000000243e-01 2.199000000000000000e-03
1.500000000000000000e+01 9.100000000000000000e+01 7.600000000000000000e+01 0.000000000000000000e+00 1.600000000000000089e+00 -1.485999999999999908e-03 2.199999999999999943e-05 9.999989999999999712e-01 3.037059999999999760e-01 -9.527660000000000018e-01 4.730000000000000046e-04 9.527649999999999730e-01 3.037059999999999760e-01 1.409000000000000096e-03
2.200000000000000000e+01 9.100000000000000000e+01 7.600000000000000000e+01 0.000000000000000000e+00 1.600000000000000089e+00 -3.600000000000000227e-04 -2.249999999999999938e-04 1.000000000000000000e+00 3.183699999999999863e-01 -9.479659999999999753e-01 -9.799999999999999684e-05 9.479659999999999753e-01 3.183699999999999863e-01 4.119999999999999856e-04
6.000000000000000000e+00 4.400000000000000000e+01 8.300000000000000000e+01 0.000000000000000000e+00 1.600000000000000089e+00 1.552999999999999910e-03 -2.752999999999999805e-03 9.999949999999999672e-01 5.946160000000000334e-01 -8.040030000000000232e-01 -3.137000000000000031e-03 8.040079999999999449e-01 5.946179999999999799e-01 3.890000000000000228e-04
1.000000000000000000e+01 4.400000000000000000e+01 8.300000000000000000e+01 0.000000000000000000e+00 1.600000000000000089e+00 -6.269999999999999532e-04 -2.477000000000000035e-03 9.999970000000000248e-01 5.952939999999999898e-01 -8.035060000000000535e-01 -1.616999999999999948e-03 8.035080000000000000e-01 5.952910000000000146e-01 1.978999999999999856e-03
