1.900000000000000000e+01 1.900000000000000000e+01 5.000000000000000000e+00 0.000000000000000000e+00 1.600000000000000089e+00 2.849999999999999886e-04 -1.789999999999999870e-04 -1.000000000000000000e+00 -7.075190000000000090e-01 -7.066940000000000444e-01 -7.499999999999999343e-05 -7.066940000000000444e-01 7.075190000000000090e-01 -3.280000000000000038e-04
2.000000000000000000e+00 1.010000000000000000e+02 7.000000000000000000e+00 0.000000000000000000e+00 1.600000000000000089e+00 -3.426999999999999925e-03 -1.748800000000000007e-02 9.998409999999999798e-01 8.891369999999999552e-01 4.575069999999999970e-01 1.104899999999999979e-02 -4.576279999999999792e-01 8.890339999999999909e-01 1.398100000000000037e-02
6.000000000000000000e+00 1.010000000000000000e+02 7.000000000000000000e+00 0.000000000000000000e+00 1.600000000000000089e+00 -3.654000000000000130e-03 -1.319400000000000087e-02 9.999059999999999615e-01 8.906340000000000368e-01 4.546259999999999746e-01 9.253000000000000808e-03 -4.547050000000000258e-01 8.905849999999999600e-01 1.009000000000000001e-02
1.100000000000000000e+01 1.010000000000000000e+02 7.000000000000000000e+00 0.000000000000000000e+00 1.600000000000000089e+00 -2.745000000000000044e-03 -1.602599999999999858e-02 9.998679999999999790e-01 8.899040000000000283e-01 4.560429999999999762e-01 9.752999999999999517e-03 -4.561390000000000167e-01 8.898139999999999938e-01 1.300899999999999973e-02
2.200000000000000000e+01 1.010000000000000000e+02 7.000000000000000000e+00 0.000000000000000000e+00 1.600000000000000089e+00 7.020000000000000415e-04 -7.131000000000000186e-03 9.999740000000000295e-01 8.886469999999999647e-01 4.585850000000000204e-01 2.645999999999999915e-03 -4.585919999999999996e-01 8.886220000000000230e-01 6.657999999999999856e-03
2.900000000000000000e+01 1.010000000000000000e+02 7.000000000000000000e+00 0.000000000000000000e+00 1.600000000000000089e+00 2.402000000000000055e-03 1.302200000000000059e-02 9.999120000000000230e-01 8.885999999999999455e-01 4.586120000000000196e-01 -8.106999999999999623e-03 -4.586770000000000014e-01 8.885410000000000252e-01 -1.047000000000000014e-02
1.000000000000000000e+00 2.500000000000000000e+01 8.000000000000000000e+00 0.000000000000000000e+00 1.600000000000000089e+00 -2.441000000000000027e-03 1.536999999999999955e-03 -9.999959999999999960e-01 4.359729999999999994e-01 8.999599999999999822e-01 3.190000000000000019e-04 8.999570000000000070e-01 -4.359700000000000242e-01 -2.867000000000000191e-03
6.000000000000000000e+00 2.500000000000000000e+01 8.000000000000000000e+00 0.000000000000000000e+00 1.600000000000000089e+00 -2.988999999999999903e-03 -1.162000000000000055e-03 -9.999949999999999672e-01 4.363150000000000084e-01 8.997910000000000075e-01 -2.350000000000000092e-03 8.997889999999999500e-01 -4.363199999999999856e-01 -2.181999999999999912e-03
1.000000000000000000e+01 2.500000000000000000e+01 8.000000000000000000e+00 0.000000000000000000e+00 1.600000000000000089e+00 -8.620000000000000275e-04 -1.415999999999999941e-03 -9.999989999999999712e-01 4.371459999999999790e-01 8.993889999999999940e-01 -1.649999999999999991e-03 8.993900000000000228e-01 -4.371470000000000078e-01 -1.559999999999999972e-04
1.900000000000000000e+01 2.500000000000000000e+01 8.000000000000000000e+00 0.000000000000000000e+00 1.600000000000000089e+00 -1.909000000000000107e-03 8.385000000000000092e-03 -9.999630000000000463e-01 4.364080000000000181e-01 8.997239999999999682e-01 6.712000000000000084e-03 8.997469999999999635e-01 -4.363790000000000169e-01 -5.376999999999999835e-03
2.500000000000000000e+01 2.500000000000000000e+01 8.000000000000000000e+00 0.000000000000000000e+00 1.600000000000000089e+00 -6.459999999999999814e-04 3.507999999999999834e-03 -9.999940000000000495e-01 4.364250000000000074e-01 8.997359999999999802e-01 2.873999999999999819e-03 8.997399999999999842e-01 -4.364210000000000034e-01 -2.112000000000000162e-03
2.800000000000000000e+01 2.500000000000000000e+01 8.000000000000000000e+00 0.000000000000000000e+00 1.600000000000000089e+00 -6.499999999999999702e-04 -1.001299999999999933e-02 -9.999500000000000055e-01 4.366689999999999738e-01 8.995739999999999847e-01 -9.291999999999999912e-03 8.996220000000000327e-01 -4.366530000000000133e-01 3.788000000000000134e-03
1.300000000000000000e+01 9.000000000000000000e+00 9.000000000000000000e+00 0.000000000000000000e+00 1.600000000000000089e+00 1.611599999999999838e-02 6.760000000000000384e-03 -9.998470000000000413e-01 -9.714359999999999662e-01 -2.366729999999999945e-01 -1.725900000000000004e-02 -2.367529999999999912e-01 9.715660000000000407e-01 2.752999999999999805e-03
1.900000000000000000e+01 9.000000000000000000e+00 9.000000000000000000e+00 0.000000000000000000e+00 1.600000000000000089e+00 2.599200000000000121e-02 1.519900000000000070e-02 -9.995469999999999633e-01 -9.741260000000000474e-01 -2.241710000000000091e-01 -2.873900000000000066e-02 -2.245060000000000111e-01 9.744310000000000471e-01 8.978999999999999135e-03
2.400000000000000000e+01 9.000000000000000000e+00 9.000000000000000000e+00 0.000000000000000000e+00 1.600000000000000089e+00 2.823000000000000162e-02 7.167999999999999892e-03 -9.995760000000000201e-01 -9.867780000000000440e-01 -1.594579999999999886e-01 -2.901199999999999959e-02 -1.595989999999999909e-01 9.871790000000000287e-01 2.572000000000000067e-03
6.000000000000000000e+00 2.400000000000000000e+01 9.000000000000000000e+00 0.000000000000000000e+00 1.600000000000000089e+00 -2.994999999999999832e-03 -1.492999999999999969e-03 -9.999940000000000495e-01 4.429390000000000271e-01 8.965480000000000116e-01 -2.664999999999999834e-03 8.965469999999999828e-01 -4.429440000000000044e-01 -2.023000000000000059e-03
1.000000000000000000e+01 2.400000000000000000e+01 9.000000000000000000e+00 0.000000000000000000e+00 1.600000000000000089e+00 -1.038000000000000077e-03 -9.150000000000000147e-04 -9.999989999999999712e-01 4.437769999999999770e-01 8.961360000000000436e-01 -1.280000000000000105e-03 8.961369999999999614e-01 -4.437780000000000058e-01 -5.240000000000000517e-04
1.600000000000000000e+01 2.400000000000000000e+01 9.000000000000000000e+00 0.000000000000000000e+00 1.600000000000000089e+00 -1.489000000000000089e-03 1.232999999999999938e-03 -9.999980000000000535e-01 4.438920000000000088e-01 8.960799999999999876e-01 4.440000000000000045e-04 8.960789999999999589e-01 -4.438900000000000068e-01 -1.881999999999999992e-03
1.900000000000000000e+01 2.400000000000000000e+01 9.000000000000000000e+00 0.000000000000000000e+00 1.600000000000000089e+00 -1.025000000000000086e-03 2.462000000000000213e-03 -9.999959999999999960e-01 4.426470000000000127e-01 8.966939999999999911e-01 1.753999999999999917e-03 8.966950000000000198e-01 -4.426439999999999819e-01 -2.008999999999999935e-03
2.500000000000000000e+01 2.400000000000000000e+01 9.000000000000000000e+00 0.000000000000000000e+00 1.600000000000000089e+00 -6.780000000000000002e-04 2.760999999999999999e-03 -9.999959999999999960e-01 4.415100000000000136e-01 8.972539999999999960e-01 2.177999999999999815e-03 8.972560000000000535e-01 -4.415069999999999828e-01 -1.827000000000000065e-03
2.800000000000000000e+01 2.400000000000000000e+01 9.000000000000000000e+00 0.000000000000000000e+00 1.600000000000000089e+00 -1.070999999999999903e-03 -8.703000000000000666e-03 -9.999620000000000175e-01 4.418400000000000105e-01 8.970559999999999645e-01 -8.279999999999999166e-03 8.970930000000000293e-01 -4.418320000000000025e-01 2.884999999999999978e-03
9.000000000000000000e+00 8.000000000000000000e+00 1.000000000000000000e+01 0.000000000000000000e+00 1.600000000000000089e+00 1.535300000000000033e-02 -3.795000000000000196e-03 -9.998749999999999583e-01 -9.943440000000000056e-01 -1.051649999999999946e-01 -1.486900000000000027e-02 -1.050949999999999940e-01 9.944479999999999986e-01 -5.388000000000000428e-03
4.000000000000000000e+00 4.000000000000000000e+00 1.100000000000000000e+01 0.000000000000000000e+00 1.600000000000000089e+00 2.233999999999999875e-03 -6.934000000000000059e-03 9.999730000000000008e-01 1.774950000000000139e-01 -9.840950000000000530e-01 -7.219999999999999855e-03 9.841189999999999660e-01 1.775069999999999981e-01 -9.680000000000000019e-04
1.000000000000000000e+01 4.000000000000000000e+00 1.100000000000000000e+01 0.000000000000000000e+00 1.600000000000000089e+00 -3.359000000000000007e-03 1.393600000000000047e-02 9.998970000000000358e-01 1.402569999999999928e-01 -9.900120000000000031e-01 1.426999999999999970e-02 9.901090000000000169e-01 1.402909999999999990e-01 1.371000000000000040e-03
1.400000000000000000e+01 4.000000000000000000e+00 1.100000000000000000e+01 0.000000000000000000e+00 1.600000000000000089e+00 -3.464000000000000065e-03 1.403300000000000033e-02 9.998960000000000070e-01 1.360510000000000053e-01 -9.905979999999999785e-01 1.437399999999999962e-02 9.906960000000000210e-01 1.360870000000000135e-01 1.521999999999999915e-03
2.500000000000000000e+01 2.800000000000000000e+01 1.300000000000000000e+01 0.000000000000000000e+00 1.600000000000000089e+00 -4.449999999999999746e-04 3.993900000000000228e-02 9.992020000000000346e-01 -4.717699999999999672e-02 9.980890000000000040e-01 -3.991499999999999909e-02 -9.988860000000000516e-01 -4.715799999999999853e-02 1.440000000000000091e-03
2.800000000000000000e+01 2.800000000000000000e+01 1.300000000000000000e+01 0.000000000000000000e+00 1.600000000000000089e+00 -4.926999999999999956e-03 -6.417399999999999494e-02 9.979270000000000085e-01 -6.386500000000000510e-02 9.959219999999999740e-01 6.372999999999999499e-02 -9.979459999999999997e-01 -6.341900000000000315e-02 -9.006000000000000116e-03
1.900000000000000000e+01 2.900000000000000000e+01 1.300000000000000000e+01 0.000000000000000000e+00 1.600000000000000089e+00 1.799699999999999911e-02 2.696839999999999793e-01 9.627809999999999979e-01 -1.621500000000000025e-02 9.628889999999999949e-01 -2.694110000000000116e-01 -9.997070000000000123e-01 -1.076300000000000000e-02 2.170199999999999907e-02
2.500000000000000000e+01 1.200000000000000000e+01 1.600000000000000000e+01 0.000000000000000000e+00 1.600000000000000089e+00 -3.749999999999999861e-03 2.618900000000000047e-02 9.996500000000000385e-01 2.822459999999999969e-01 -9.589849999999999763e-01 2.618300000000000141e-02 9.593350000000000488e-01 2.822459999999999969e-01 -3.795000000000000196e-03
2.100000000000000000e+01 1.160000000000000000e+02 1.600000000000000000e+01 0.000000000000000000e+00 1.600000000000000089e+00 8.409999999999999507e-04 2.843000000000000041e-03 9.999959999999999960e-01 7.743430000000000035e-01 6.327610000000000179e-01 -2.449999999999999921e-03 -6.327650000000000219e-01 7.743419999999999748e-01 -1.668999999999999911e-03
2.400000000000000000e+01 2.000000000000000000e+00 1.900000000000000000e+01 0.000000000000000000e+00 1.600000000000000089e+00 -3.041999999999999999e-03 2.859000000000000083e-02 -9.995870000000000033e-01 3.474550000000000138e-01 -9.372829999999999773e-01 -2.786599999999999841e-02 -9.376919999999999700e-01 -3.473959999999999826e-01 -7.081999999999999754e-03
1.000000000000000000e+00 3.000000000000000000e+00 1.900000000000000000e+01 0.000000000000000000e+00 1.600000000000000089e+00 -1.817000000000000039e-03 6.487999999999999844e-03 -9.999770000000000048e-01 3.345509999999999873e-01 -9.423540000000000250e-01 -6.721999999999999677e-03 -9.423759999999999915e-01 -3.345560000000000200e-01 -4.589999999999999896e-04
5.000000000000000000e+00 3.000000000000000000e+00 1.900000000000000000e+01 0.000000000000000000e+00 1.600000000000000089e+00 -4.538999999999999632e-03 2.001299999999999954e-02 -9.997890000000000388e-01 3.382740000000000191e-01 -9.408269999999999689e-01 -2.036900000000000169e-02 -9.410370000000000124e-01 -3.382950000000000124e-01 -2.498999999999999919e-03
8.000000000000000000e+00 3.000000000000000000e+00 1.900000000000000000e+01 0.000000000000000000e+00 1.600000000000000089e+00 -7.024999999999999994e-03 2.473099999999999951e-02 -9.996690000000000298e-01 3.427769999999999984e-01 -9.390669999999999851e-01 -2.563999999999999960e-02 -9.393909999999999760e-01 -3.428439999999999821e-01 -1.879999999999999944e-03
1.300000000000000000e+01 3.000000000000000000e+00 1.900000000000000000e+01 0.000000000000000000e+00 1.600000000000000089e+00 -2.409000000000000117e-03 1.596300000000000149e-02 -9.998700000000000365e-01 3.456650000000000000e-01 -9.382249999999999757e-01 -1.581099999999999867e-02 -9.383550000000000502e-01 -3.456580000000000208e-01 -3.258000000000000045e-03
1.800000000000000000e+01 3.000000000000000000e+00 1.900000000000000000e+01 0.000000000000000000e+00 1.600000000000000089e+00 -3.650000000000000033e-03 1.714500000000000052e-02 -9.998460000000000125e-01 3.443780000000000174e-01 -9.386710000000000331e-01 -1.735300000000000037e-02 -9.388239999999999919e-01 -3.443880000000000274e-01 -2.478999999999999867e-03
2.100000000000000000e+01 3.000000000000000000e+00 1.900000000000000000e+01 0.000000000000000000e+00 1.600000000000000089e+00 -4.186999999999999750e-03 2.256800000000000125e-02 -9.997369999999999868e-01 3.420790000000000219e-01 -9.393979999999999553e-01 -2.263899999999999940e-02 -9.396619999999999973e-01 -3.420839999999999992e-01 -3.787000000000000002e-03
2.600000000000000000e+01 3.000000000000000000e+00 1.900000000000000000e+01 0.000000000000000000e+00 1.600000000000000089e+00 -1.588000000000000002e-03 2.311799999999999966e-02 -9.997310000000000363e-01 3.358990000000000031e-01 -9.416339999999999710e-01 -2.230800000000000144e-02 -9.418969999999999843e-01 -3.358450000000000046e-01 -6.270000000000000399e-03
1.400000000000000000e+01 4.000000000000000000e+00 2.000000000000000000e+01 0.000000000000000000e+00 1.600000000000000089e+00 -1.311000000000000099e-03 1.375600000000000087e-02 -9.999050000000000438e-01 3.792510000000000048e-01 -9.251989999999999936e-01 -1.322500000000000064e-02 -9.252930000000000321e-01 -3.792320000000000135e-01 -4.003999999999999747e-03
2.000000000000000000e+01 4.000000000000000000e+00 2.000000000000000000e+01 0.000000000000000000e+00 1.600000000000000089e+00 -3.432999999999999854e-03 1.894399999999999903e-02 -9.998150000000000093e-01 3.849230000000000151e-01 -9.227570000000000494e-01 -1.880599999999999980e-02 -9.229420000000000401e-01 -3.849159999999999804e-01 -4.124000000000000062e-03
2.700000000000000000e+01 4.000000000000000000e+00 2.000000000000000000e+01 0.000000000000000000e+00 1.600000000000000089e+00 -9.139999999999999904e-04 2.169899999999999954e-02 -9.997639999999999860e-01 3.858619999999999828e-01 -9.223320000000000407e-01 -2.037200000000000122e-02 -9.225560000000000427e-01 -3.857900000000000218e-01 -7.530000000000000235e-03
3.000000000000000000e+00 1.300000000000000000e+01 2.000000000000000000e+01 0.000000000000000000e+00 1.600000000000000089e+00 6.939999999999999555e-04 -1.010000000000000047e-03 9.999989999999999712e-01 2.579890000000000239e-01 9.661480000000000068e-01 7.960000000000000495e-04 -9.661480000000000068e-01 2.579879999999999951e-01 9.309999999999999699e-04
9.000000000000000000e+00 1.300000000000000000e+01 2.000000000000000000e+01 0.000000000000000000e+00 1.600000000000000089e+00 -7.100000000000000462e-05 -1.879000000000000028e-03 9.999980000000000535e-01 2.597289999999999877e-01 9.656799999999999828e-01 1.832999999999999994e-03 -9.656810000000000116e-01 2.597289999999999877e-01 4.189999999999999931e-04
1.200000000000000000e+01 1.300000000000000000e+01 2.000000000000000000e+01 0.000000000000000000e+00 1.600000000000000089e+00 -1.520000000000000084e-04 -3.092000000000000130e-03 9.999949999999999672e-01 2.608190000000000230e-01 9.653829999999999911e-01 3.024000000000000212e-03 -9.653880000000000239e-01 2.608179999999999943e-01 6.589999999999999721e-04
1.600000000000000000e+01 1.300000000000000000e+01 2.000000000000000000e+01 0.000000000000000000e+00 1.600000000000000089e+00 1.185000000000000072e-03 -4.298999999999999870e-03 9.999900000000000455e-01 2.607809999999999850e-01 9.653899999999999704e-01 3.841999999999999929e-03 -9.653969999999999496e-01 2.607740000000000058e-01 2.265000000000000086e-03
2.000000000000000000e+01 1.300000000000000000e+01 2.000000000000000000e+01 0.000000000000000000e+00 1.600000000000000089e+00 1.815999999999999906e-03 -1.384999999999999946e-03 9.999970000000000248e-01 2.601280000000000259e-01 9.655740000000000434e-01 8.649999999999999920e-04 -9.655719999999999859e-01 2.601260000000000239e-01 2.112999999999999861e-03
2.600000000000000000e+01 1.300000000000000000e+01 2.000000000000000000e+01 0.000000000000000000e+00 1.600000000000000089e+00 3.800000000000000209e-05 1.954000000000000008e-03 9.999980000000000535e-01 2.621029999999999749e-01 9.650379999999999514e-01 -1.895999999999999899e-03 -9.650400000000000089e-01 2.621020000000000016e-01 -4.749999999999999990e-04
1.200000000000000000e+01 1.600000000000000000e+01 2.100000000000000000e+01 0.000000000000000000e+00 1.600000000000000089e+00 -6.359999999999999551e-04 -4.523000000000000111e-03 9.999900000000000455e-01 2.978740000000000276e-01 9.545940000000000536e-01 4.506999999999999722e-03 -9.546050000000000368e-01 2.978740000000000276e-01 7.399999999999999894e-04
1.000000000000000000e+01 2.000000000000000000e+00 2.500000000000000000e+01 0.000000000000000000e+00 1.600000000000000089e+00 -9.360999999999999530e-03 1.998199999999999976e-02 9.997570000000000068e-01 7.649400000000000643e-02 -9.968559999999999643e-01 2.064099999999999963e-02 9.970259999999999678e-01 7.666900000000000104e-02 7.803000000000000040e-03
1.300000000000000000e+01 2.000000000000000000e+00 2.500000000000000000e+01 0.000000000000000000e+00 1.600000000000000089e+00 -7.936000000000000346e-03 1.622399999999999884e-02 9.998369999999999758e-01 8.452600000000000391e-02 -9.962790000000000257e-01 1.683700000000000127e-02 9.963899999999999979e-01 8.464599999999999902e-02 6.535000000000000010e-03
2.000000000000000000e+00 3.000000000000000000e+00 2.500000000000000000e+01 0.000000000000000000e+00 1.600000000000000089e+00 -6.490000000000000109e-03 6.357999999999999936e-03 9.999590000000000423e-01 -3.062600000000000044e-02 -9.995119999999999560e-01 6.156000000000000014e-03 9.995100000000000096e-01 -3.058500000000000107e-02 6.681999999999999572e-03
2.000000000000000000e+01 3.000000000000000000e+00 2.500000000000000000e+01 0.000000000000000000e+00 1.600000000000000089e+00 -5.069999999999999854e-03 1.709099999999999855e-02 9.998409999999999798e-01 1.021700000000000039e-02 -9.998010000000000508e-01 1.714200000000000099e-02 9.999350000000000183e-01 1.030200000000000039e-02 4.893999999999999913e-03
2.400000000000000000e+01 3.000000000000000000e+00 2.500000000000000000e+01 0.000000000000000000e+00 1.600000000000000089e+00 -6.106000000000000316e-03 2.280099999999999835e-02 9.997209999999999708e-01 1.566299999999999984e-02 -9.996150000000000313e-01 2.289400000000000115e-02 9.998590000000000533e-01 1.579799999999999954e-02 5.746000000000000239e-03
2.600000000000000000e+01 3.000000000000000000e+01 2.500000000000000000e+01 0.000000000000000000e+00 1.600000000000000089e+00 -2.272299999999999875e-01 -1.097000000000000058e-02 9.737789999999999502e-01 -9.728740000000000165e-01 -4.200099999999999667e-02 -2.274909999999999988e-01 4.339500000000000302e-02 -9.990569999999999729e-01 -1.129000000000000012e-03
2.400000000000000000e+01 3.100000000000000000e+01 2.500000000000000000e+01 0.000000000000000000e+00 1.600000000000000089e+00 -3.081740000000000035e-01 5.634299999999999725e-02 9.496599999999999486e-01 -9.476620000000000044e-01 6.939299999999999635e-02 -3.116430000000000033e-01 -8.345800000000000440e-02 -9.959970000000000212e-01 3.200900000000000273e-02
2.000000000000000000e+00 4.600000000000000000e+01 2.700000000000000000e+01 0.000000000000000000e+00 1.600000000000000089e+00 -2.794000000000000043e-03 -8.229999999999999469e-04 -9.999959999999999960e-01 6.750749999999999806e-01 7.377449999999999841e-01 -2.492999999999999990e-03 7.377439999999999554e-01 -6.750789999999999846e-01 -1.505999999999999960e-03
1.900000000000000000e+01 4.600000000000000000e+01 2.700000000000000000e+01 0.000000000000000000e+00 1.600000000000000089e+00 -4.675999999999999601e-03 -2.500000000000000052e-03 -9.999860000000000415e-01 6.788910000000000222e-01 7.342220000000000413e-01 -5.009999999999999697e-03 7.342239999999999878e-01 -6.789049999999999807e-01 -1.735999999999999913e-03
1.100000000000000000e+01 4.600000000000000000e+01 3.000000000000000000e+01 0.000000000000000000e+00 1.600000000000000089e+00 -1.381000000000000066e-03 -1.899000000000000080e-03 -9.999970000000000248e-01 3.336700000000000221e-01 9.426870000000000527e-01 -2.250999999999999963e-03 9.426889999999999992e-01 -3.336720000000000241e-01 -6.679999999999999740e-04
2.900000000000000000e+01 5.800000000000000000e+01 3.100000000000000000e+01 0.000000000000000000e+00 1.600000000000000089e+00 -4.996999999999999706e-03 -1.912000000000000071e-03 9.999860000000000415e-01 -8.080979999999999830e-01 -5.890250000000000208e-01 -5.164000000000000187e-03 5.890260000000000495e-01 -8.081129999999999702e-01 1.397999999999999937e-03
1.700000000000000000e+01 4.300000000000000000e+01 3.400000000000000000e+01 0.000000000000000000e+00 1.600000000000000089e+00 -1.129999999999999955e-04 -1.895999999999999899e-03 -9.999980000000000535e-01 -3.259279999999999955e-01 9.453930000000000389e-01 -1.755000000000000050e-03 9.453949999999999854e-01 3.259270000000000223e-01 -7.249999999999999500e-04
2.000000000000000000e+00 4.600000000000000000e+01 3.500000000000000000e+01 0.000000000000000000e+00 1.600000000000000089e+00 -2.053999999999999836e-03 -2.820000000000000241e-04 -9.999980000000000535e-01 3.894830000000000236e-01 -9.210340000000000193e-01 -5.400000000000000069e-04 -9.210310000000000441e-01 -3.894830000000000236e-01 2.001999999999999873e-03
9.000000000000000000e+00 4.600000000000000000e+01 3.500000000000000000e+01 0.000000000000000000e+00 1.600000000000000089e+00 -7.399999999999999623e-05 -2.150000000000000001e-03 -9.999980000000000535e-01 3.895569999999999866e-01 -9.210000000000000409e-01 1.951000000000000043e-03 -9.210019999999999873e-01 -3.895560000000000134e-01 9.049999999999999885e-04
1.500000000000000000e+01 4.600000000000000000e+01 3.500000000000000000e+01 0.000000000000000000e+00 1.600000000000000089e+00 2.910000000000000260e-04 7.421999999999999778e-03 -9.999719999999999720e-01 3.896890000000000076e-01 -9.209220000000000184e-01 -6.721999999999999677e-03 -9.209460000000000424e-01 -3.896760000000000224e-01 -3.160000000000000048e-03
2.000000000000000000e+01 4.600000000000000000e+01 3.500000000000000000e+01 0.000000000000000000e+00 1.600000000000000089e+00 -1.118000000000000070e-03 -2.959999999999999958e-03 -9.999949999999999672e-01 3.908820000000000072e-01 -9.204379999999999784e-01 2.288000000000000103e-03 -9.204400000000000359e-01 -3.908780000000000032e-01 2.186000000000000009e-03
2.300000000000000000e+01 4.600000000000000000e+01 3.500000000000000000e+01 0.000000000000000000e+00 1.600000000000000089e+00 -1.720000000000000066e-04 -4.527999999999999907e-03 -9.999900000000000455e-01 3.919679999999999831e-01 -9.199699999999999545e-01 4.099000000000000213e-03 -9.199789999999999912e-01 -3.919630000000000059e-01 1.933000000000000039e-03
1.400000000000000000e+01 9.500000000000000000e+01 3.600000000000000000e+01 0.000000000000000000e+00 1.600000000000000089e+00 2.566999999999999837e-03 2.416599999999999998e-02 9.997049999999999548e-01 9.969599999999999573e-01 7.779200000000000004e-02 -4.440999999999999635e-03 -7.787600000000000078e-02 9.966770000000000351e-01 -2.389300000000000104e-02
2.700000000000000000e+01 9.500000000000000000e+01 3.600000000000000000e+01 0.000000000000000000e+00 1.600000000000000089e+00 2.831000000000000183e-03 1.962999999999999901e-03 9.999940000000000495e-01 9.970980000000000398e-01 7.606499999999999373e-02 -2.972999999999999948e-03 -7.606999999999999873e-02 9.971010000000000151e-01 -1.742000000000000059e-03
3.000000000000000000e+01 9.500000000000000000e+01 3.600000000000000000e+01 0.000000000000000000e+00 1.600000000000000089e+00 6.263999999999999603e-03 -8.980000000000000352e-04 9.999799999999999800e-01 9.969160000000000244e-01 7.823399999999999799e-02 -6.173999999999999801e-03 -7.822700000000000486e-02 9.969350000000000156e-01 1.384999999999999946e-03
2.000000000000000000e+00 2.900000000000000000e+01 4.400000000000000000e+01 0.000000000000000000e+00 1.600000000000000089e+00 -1.703000000000000087e-03 4.200000000000000174e-04 -9.999980000000000535e-01 6.566710000000000047e-01 7.541759999999999575e-01 -8.019999999999999785e-04 7.541750000000000398e-01 -6.566720000000000335e-01 -1.559999999999999972e-03
6.000000000000000000e+00 2.900000000000000000e+01 4.400000000000000000e+01 0.000000000000000000e+00 1.600000000000000089e+00 -1.361999999999999929e-03 2.942999999999999870e-03 -9.999949999999999672e-01 6.447979999999999823e-01 7.643520000000000314e-01 1.371000000000000040e-03 7.643520000000000314e-01 -6.447929999999999495e-01 -2.938000000000000073e-03
1.000000000000000000e+01 2.900000000000000000e+01 4.400000000000000000e+01 0.000000000000000000e+00 1.600000000000000089e+00 -2.749000000000000141e-03 -1.484000000000000076e-03 -9.999949999999999672e-01 6.504320000000000102e-01 7.595589999999999842e-01 -2.915000000000000056e-03 7.595589999999999842e-01 -6.504370000000000429e-01 -1.123000000000000083e-03
1.600000000000000000e+01 2.900000000000000000e+01 4.400000000000000000e+01 0.000000000000000000e+00 1.600000000000000089e+00 -2.338999999999999933e-03 1.054999999999999948e-03 -9.999970000000000248e-01 6.591669999999999474e-01 7.519959999999999978e-01 -7.489999999999999913e-04 7.519930000000000225e-01 -6.591660000000000297e-01 -2.454000000000000018e-03
1.800000000000000000e+01 2.900000000000000000e+01 4.400000000000000000e+01 0.000000000000000000e+00 1.600000000000000089e+00 -1.115000000000000106e-03 8.880000000000000089e-04 -9.999989999999999712e-01 6.598490000000000189e-01 7.513980000000000103e-01 -6.899999999999999667e-05 7.513969999999999816e-01 -6.598479999999999901e-01 -1.423000000000000003e-03
2.400000000000000000e+01 2.900000000000000000e+01 4.400000000000000000e+01 0.000000000000000000e+00 1.600000000000000089e+00 2.327000000000000075e-03 4.197000000000000210e-03 -9.999879999999999880e-01 6.489340000000000108e-01 7.608300000000000063e-01 4.703999999999999848e-03 7.608409999999999895e-01 -6.489380000000000148e-01 -9.529999999999999626e-04
2.700000000000000000e+01 2.900000000000000000e+01 4.400000000000000000e+01 0.000000000000000000e+00 1.600000000000000089e+00 -1.892000000000000019e-03 4.159999999999999744e-04 -9.999980000000000535e-01 6.447410000000000085e-01 7.643999999999999684e-01 -9.020000000000000240e-04 7.643980000000000219e-01 -6.447420000000000373e-01 -1.714000000000000029e-03
2.400000000000000000e+01 6.000000000000000000e+00 5.100000000000000000e+01 0.000000000000000000e+00 1.600000000000000089e+00 4.000000000000000083e-03 2.860000000000000129e-03 -9.999879999999999880e-01 3.152320000000000122e-01 -9.490140000000000242e-01 -1.453000000000000081e-03 -9.490060000000000162e-01 -3.152220000000000022e-01 -4.696999999999999786e-03
1.800000000000000000e+01 1.150000000000000000e+02 5.100000000000000000e+01 0.000000000000000000e+00 1.600000000000000089e+00 -9.259999999999999568e-04 2.559999999999999884e-04 1.000000000000000000e+00 8.467550000000000354e-01 -5.319829999999999837e-01 9.200000000000000278e-04 5.319829999999999837e-01 8.467550000000000354e-01 2.759999999999999867e-04
2.300000000000000000e+01 1.150000000000000000e+02 5.100000000000000000e+01 0.000000000000000000e+00 1.600000000000000089e+00 2.310000000000000042e-04 1.286999999999999950e-03 9.999989999999999712e-01 8.475819999999999466e-01 -5.306650000000000533e-01 4.870000000000000197e-04 5.306650000000000533e-01 8.475810000000000288e-01 -1.213000000000000102e-03
1.800000000000000000e+01 7.000000000000000000e+00 5.200000000000000000e+01 0.000000000000000000e+00 1.600000000000000089e+00 -6.260000000000000373e-04 -8.379999999999999862e-04 -9.999989999999999712e-01 8.552700000000000580e-02 -9.963359999999999994e-01 7.810000000000000102e-04 -9.963359999999999994e-01 -8.552700000000000580e-02 6.949999999999999798e-04
2.700000000000000000e+01 7.000000000000000000e+00 5.200000000000000000e+01 0.000000000000000000e+00 1.600000000000000089e+00 6.100000000000000387e-03 -4.932999999999999885e-03 -9.999689999999999968e-01 9.626500000000000334e-02 -9.953410000000000313e-01 5.497000000000000150e-03 -9.953370000000000273e-01 -9.629500000000000559e-02 -5.597000000000000412e-03
1.100000000000000000e+01 1.600000000000000000e+01 5.200000000000000000e+01 0.000000000000000000e+00 1.600000000000000089e+00 -2.423999999999999939e-03 -5.330000000000000536e-04 -9.999970000000000248e-01 7.769340000000000135e-01 6.295779999999999710e-01 -2.219000000000000052e-03 6.295770000000000532e-01 -7.769369999999999887e-01 -1.111999999999999924e-03
7.000000000000000000e+00 5.800000000000000000e+01 5.200000000000000000e+01 0.000000000000000000e+00 1.600000000000000089e+00 6.849999999999999535e-04 -8.123999999999999277e-03 9.999670000000000503e-01 -6.310149999999999926e-01 7.757410000000000139e-01 6.734999999999999667e-03 -7.757699999999999596e-01 -6.309989999999999766e-01 -4.595000000000000126e-03
1.200000000000000000e+01 6.300000000000000000e+01 5.400000000000000000e+01 0.000000000000000000e+00 1.600000000000000089e+00 9.590000000000000000e-04 -5.983999999999999736e-03 9.999820000000000375e-01 -3.538100000000000134e-01 9.352979999999999627e-01 5.936999999999999569e-03 -9.353169999999999540e-01 -3.538100000000000134e-01 -1.219999999999999947e-03
1.600000000000000000e+01 6.300000000000000000e+01 5.400000000000000000e+01 0.000000000000000000e+00 1.600000000000000089e+00 3.350000000000000113e-04 -1.118999999999999986e-03 9.999989999999999712e-01 -3.542130000000000001e-01 9.351639999999999953e-01 1.165000000000000020e-03 -9.351650000000000240e-01 -3.542130000000000001e-01 -8.299999999999999815e-05
2.000000000000000000e+01 6.300000000000000000e+01 5.400000000000000000e+01 0.000000000000000000e+00 1.600000000000000089e+00 -2.480000000000000000e-03 6.220000000000000485e-04 9.999970000000000248e-01 -3.520929999999999893e-01 9.359640000000000182e-01 -1.454999999999999913e-03 -9.359619999999999607e-01 -3.520949999999999913e-01 -2.102999999999999835e-03
2.900000000000000000e+01 6.300000000000000000e+01 5.400000000000000000e+01 0.000000000000000000e+00 1.600000000000000089e+00 -1.814000000000000074e-03 1.361000000000000014e-03 9.999970000000000248e-01 -3.462439999999999962e-01 9.381420000000000314e-01 -1.905000000000000009e-03 -9.381429999999999492e-01 -3.462470000000000270e-01 -1.229999999999999974e-03
3.000000000000000000e+00 2.500000000000000000e+01 5.500000000000000000e+01 0.000000000000000000e+00 1.600000000000000089e+00 -2.889999999999999774e-04 -4.600000000000000004e-05 -1.000000000000000000e+00 -1.109300000000000043e-02 -9.999379999999999935e-01 4.899999999999999842e-05 -9.999379999999999935e-01 1.109300000000000043e-02 2.889999999999999774e-04
1.100000000000000000e+01 2.500000000000000000e+01 5.500000000000000000e+01 0.000000000000000000e+00 1.600000000000000089e+00 8.069999999999999916e-04 7.579999999999999932e-04 -9.999989999999999712e-01 -1.232699999999999942e-02 -9.999240000000000350e-01 -7.680000000000000195e-04 -9.999240000000000350e-01 1.232800000000000042e-02 -7.979999999999999897e-04
2.400000000000000000e+01 2.500000000000000000e+01 5.500000000000000000e+01 0.000000000000000000e+00 1.600000000000000089e+00 -2.280000000000000126e-04 2.409999999999999816e-03 -9.999970000000000248e-01 -1.139699999999999915e-02 -9.999320000000000430e-01 -2.407999999999999984e-03 -9.999350000000000183e-01 1.139599999999999988e-02 2.550000000000000183e-04
2.800000000000000000e+01 2.500000000000000000e+01 5.500000000000000000e+01 0.000000000000000000e+00 1.600000000000000089e+00 -5.829999999999999679e-04 6.620000000000000016e-03 -9.999780000000000335e-01 -1.090499999999999976e-02 -9.999190000000000023e-01 -6.614000000000000087e-03 -9.999400000000000510e-01 1.090099999999999923e-02 6.549999999999999833e-04
5.000000000000000000e+00 2.000000000000000000e+01 6.000000000000000000e+01 0.000000000000000000e+00 1.600000000000000089e+00 1.636000000000000084e-03 2.902000000000000066e-03 9.999940000000000495e-01 -6.149700000000000305e-02 9.981029999999999625e-01 -2.795999999999999874e-03 -9.981060000000000487e-01 -6.149199999999999805e-02 1.812000000000000026e-03
8.000000000000000000e+00 2.100000000000000000e+01 6.000000000000000000e+01 0.000000000000000000e+00 1.600000000000000089e+00 6.589999999999999721e-04 -4.620000000000000083e-04 1.000000000000000000e+00 -9.585200000000000664e-02 9.953950000000000298e-01 5.230000000000000274e-04 -9.953950000000000298e-01 -9.585299999999999376e-02 6.120000000000000223e-04
1.200000000000000000e+01 2.100000000000000000e+01 6.000000000000000000e+01 0.000000000000000000e+00 1.600000000000000089e+00 -1.196999999999999930e-03 1.430000000000000064e-03 9.999980000000000535e-01 -9.606800000000000062e-02 9.953739999999999810e-01 -1.538000000000000088e-03 -9.953739999999999810e-01 -9.607000000000000262e-02 -1.054000000000000032e-03
1.600000000000000000e+01 2.100000000000000000e+01 6.000000000000000000e+01 0.000000000000000000e+00 1.600000000000000089e+00 -5.640000000000000482e-04 2.580999999999999961e-03 9.999959999999999960e-01 -9.379099999999999937e-02 9.955880000000000285e-01 -2.622999999999999898e-03 -9.955920000000000325e-01 -9.379200000000000037e-02 -3.200000000000000262e-04
2.400000000000000000e+01 2.100000000000000000e+01 6.000000000000000000e+01 0.000000000000000000e+00 1.600000000000000089e+00 1.443000000000000055e-03 -9.110999999999999308e-03 9.999569999999999848e-01 -9.822500000000000675e-02 9.951219999999999510e-01 9.207999999999999172e-03 -9.951630000000000198e-01 -9.823400000000000187e-02 5.410000000000000312e-04
3.000000000000000000e+00 6.700000000000000000e+01 6.000000000000000000e+01 0.000000000000000000e+00 1.600000000000000089e+00 1.469999999999999953e-04 -7.240000000000000342e-04 1.000000000000000000e+00 1.727029999999999954e-01 -9.849740000000000162e-01 -7.389999999999999651e-04 9.849740000000000162e-01 1.727029999999999954e-01 -1.900000000000000105e-05
2.900000000000000000e+01 6.700000000000000000e+01 6.000000000000000000e+01 0.000000000000000000e+00 1.600000000000000089e+00 3.795999999999999895e-03 6.625999999999999945e-03 9.999710000000000543e-01 1.785349999999999993e-01 -9.839160000000000128e-01 5.841999999999999971e-03 9.839259999999999673e-01 1.785080000000000000e-01 -4.917999999999999629e-03
1.100000000000000000e+01 3.000000000000000000e+00 6.300000000000000000e+01 0.000000000000000000e+00 1.600000000000000089e+00 -1.286000000000000034e-03 -7.531000000000000368e-03 9.999710000000000543e-01 -6.154020000000000046e-01 7.881970000000000365e-01 5.144000000000000135e-03 -7.882130000000000525e-01 -6.153769999999999518e-01 -5.648000000000000242e-03
1.900000000000000000e+01 3.000000000000000000e+00 6.300000000000000000e+01 0.000000000000000000e+00 1.600000000000000089e+00 2.317000000000000049e-03 -5.271999999999999777e-03 9.999829999999999552e-01 -6.154079999999999551e-01 7.881890000000000285e-01 5.581000000000000023e-03 -7.882050000000000445e-01 -6.154110000000000413e-01 -1.417999999999999990e-03
9.000000000000000000e+00 2.700000000000000000e+01 6.300000000000000000e+01 0.000000000000000000e+00 1.600000000000000089e+00 1.310000000000000129e-04 -4.592999999999999861e-03 9.999890000000000168e-01 -2.750119999999999787e-01 9.614300000000000068e-01 4.452000000000000228e-03 -9.614409999999999901e-01 -2.750099999999999767e-01 -1.136999999999999990e-03
1.400000000000000000e+01 2.700000000000000000e+01 6.300000000000000000e+01 0.000000000000000000e+00 1.600000000000000089e+00 1.129999999999999928e-03 1.361000000000000014e-03 9.999980000000000535e-01 -2.748709999999999765e-01 9.614800000000000013e-01 -9.979999999999999722e-04 -9.614800000000000013e-01 -2.748700000000000032e-01 1.459999999999999926e-03
1.900000000000000000e+01 2.700000000000000000e+01 6.300000000000000000e+01 0.000000000000000000e+00 1.600000000000000089e+00 9.849999999999999815e-04 5.186999999999999771e-03 9.999860000000000415e-01 -2.747800000000000242e-01 9.614960000000000173e-01 -4.716999999999999839e-03 -9.615070000000000006e-01 -2.747709999999999875e-01 2.371999999999999977e-03
2.300000000000000000e+01 2.700000000000000000e+01 6.300000000000000000e+01 0.000000000000000000e+00 1.600000000000000089e+00 -1.461000000000000059e-03 -3.357999999999999874e-03 9.999930000000000208e-01 -2.706089999999999884e-01 9.626850000000000129e-01 2.837999999999999811e-03 -9.626879999999999882e-01 -2.706029999999999824e-01 -2.314999999999999784e-03
2.000000000000000000e+00 2.600000000000000000e+01 6.400000000000000000e+01 0.000000000000000000e+00 1.600000000000000089e+00 1.752000000000000085e-03 -2.109000000000000197e-03 9.999959999999999960e-01 -3.634419999999999873e-01 9.316130000000000244e-01 2.602000000000000146e-03 -9.316149999999999709e-01 -3.634450000000000180e-01 8.660000000000000163e-04
7.000000000000000000e+00 2.600000000000000000e+01 6.400000000000000000e+01 0.000000000000000000e+00 1.600000000000000089e+00 5.450000000000000200e-04 -3.677000000000000147e-03 9.999930000000000208e-01 -3.685120000000000062e-01 9.296159999999999979e-01 3.618999999999999821e-03 -9.296229999999999771e-01 -3.685109999999999775e-01 -8.480000000000000124e-04
1.100000000000000000e+01 2.600000000000000000e+01 6.400000000000000000e+01 0.000000000000000000e+00 1.600000000000000089e+00 8.149999999999999693e-04 -3.706999999999999792e-03 9.999930000000000208e-01 -3.690120000000000067e-01 9.294170000000000487e-01 3.746000000000000198e-03 -9.294240000000000279e-01 -3.690129999999999799e-01 -6.109999999999999980e-04
1.800000000000000000e+01 2.600000000000000000e+01 6.400000000000000000e+01 0.000000000000000000e+00 1.600000000000000089e+00 1.283999999999999985e-03 6.701000000000000359e-03 9.999770000000000048e-01 -3.662759999999999905e-01 9.304879999999999818e-01 -5.765000000000000159e-03 -9.305050000000000265e-01 -3.662599999999999745e-01 3.648999999999999900e-03
2.600000000000000000e+01 2.600000000000000000e+01 6.400000000000000000e+01 0.000000000000000000e+00 1.600000000000000089e+00 -6.890000000000000508e-04 -4.421999999999999716e-03 9.999900000000000455e-01 -3.643080000000000207e-01 9.312700000000000422e-01 3.867000000000000211e-03 -9.312780000000000502e-01 -3.643020000000000147e-01 -2.252999999999999794e-03
7.000000000000000000e+00 6.900000000000000000e+01 6.600000000000000000e+01 0.000000000000000000e+00 1.600000000000000089e+00 -1.931999999999999907e-03 -6.256000000000000276e-03 9.999789999999999512e-01 -9.487160000000000037e-01 3.161300000000000221e-01 1.440000000000000036e-04 -3.161240000000000161e-01 -9.486949999999999550e-01 -6.545999999999999736e-03
1.800000000000000000e+01 6.900000000000000000e+01 6.600000000000000000e+01 0.000000000000000000e+00 1.600000000000000089e+00 -5.190000000000000169e-03 3.163000000000000013e-03 9.999820000000000375e-01 -9.489560000000000217e-01 3.153520000000000212e-01 -5.923000000000000313e-03 -3.153650000000000064e-01 -9.489699999999999802e-01 1.364999999999999894e-03
2.200000000000000000e+01 6.900000000000000000e+01 6.600000000000000000e+01 0.000000000000000000e+00 1.600000000000000089e+00 -4.434999999999999706e-03 4.310000000000000137e-04 9.999900000000000455e-01 -9.496750000000000469e-01 3.132070000000000132e-01 -4.347000000000000169e-03 -3.132059999999999844e-01 -9.496850000000000014e-01 -9.799999999999999684e-04
1.000000000000000000e+00 2.500000000000000000e+01 7.300000000000000000e+01 0.000000000000000000e+00 1.600000000000000089e+00 2.301000000000000094e-03 -1.136999999999999990e-02 9.999329999999999607e-01 7.543680000000000385e-01 -6.563870000000000537e-01 -9.199000000000000579e-03 6.564480000000000315e-01 7.543389999999999818e-01 7.066000000000000232e-03
