1.700000000000000000e+01 1.600000000000000000e+01 4.000000000000000000e+00 0.000000000000000000e+00 1.600000000000000089e+00 -3.177999999999999835e-03 1.933599999999999902e-02 9.998080000000000300e-01 3.220529999999999782e-01 -9.465240000000000320e-01 1.932899999999999896e-02 9.467160000000000020e-01 3.220520000000000049e-01 -3.219000000000000073e-03
2.000000000000000000e+01 1.600000000000000000e+01 4.000000000000000000e+00 0.000000000000000000e+00 1.600000000000000089e+00 3.268000000000000071e-03 2.626200000000000062e-02 9.996500000000000385e-01 3.224139999999999784e-01 -9.462990000000000013e-01 2.380600000000000077e-02 9.465930000000000177e-01 3.222229999999999817e-01 -1.156000000000000083e-02
2.500000000000000000e+01 1.600000000000000000e+01 4.000000000000000000e+00 0.000000000000000000e+00 1.600000000000000089e+00 -7.579999999999999932e-04 1.541000000000000009e-02 9.998810000000000198e-01 3.239569999999999950e-01 -9.459560000000000191e-01 1.482400000000000037e-02 9.460709999999999953e-01 3.239299999999999957e-01 -4.275000000000000154e-03
5.000000000000000000e+00 1.010000000000000000e+02 7.000000000000000000e+00 0.000000000000000000e+00 1.600000000000000089e+00 2.880999999999999880e-03 -4.316000000000000392e-03 9.999869999999999592e-01 8.880109999999999948e-01 4.598209999999999797e-01 -5.739999999999999660e-04 -4.598119999999999985e-01 8.880010000000000403e-01 5.158000000000000258e-03
4.000000000000000000e+00 1.500000000000000000e+01 8.000000000000000000e+00 0.000000000000000000e+00 1.600000000000000089e+00 1.092399999999999968e-02 2.327200000000000102e-02 -9.996690000000000298e-01 -5.747759999999999536e-01 -8.179189999999999516e-01 -2.532099999999999976e-02 -8.182380000000000209e-01 5.748630000000000129e-01 4.440999999999999635e-03
1.200000000000000000e+01 1.500000000000000000e+01 8.000000000000000000e+00 0.000000000000000000e+00 1.600000000000000089e+00 6.532999999999999745e-03 2.121899999999999828e-02 -9.997530000000000028e-01 -5.680880000000000374e-01 -8.226949999999999541e-01 -2.117399999999999838e-02 -8.229419999999999513e-01 5.680859999999999799e-01 6.679000000000000041e-03
1.700000000000000000e+01 1.500000000000000000e+01 8.000000000000000000e+00 0.000000000000000000e+00 1.600000000000000089e+00 7.323999999999999781e-03 1.507900000000000039e-02 -9.998590000000000533e-01 -5.648840000000000527e-01 -8.250039999999999596e-01 -1.657899999999999999e-02 -8.251380000000000381e-01 5.649260000000000392e-01 2.475000000000000203e-03
2.200000000000000000e+01 1.500000000000000000e+01 8.000000000000000000e+00 0.000000000000000000e+00 1.600000000000000089e+00 4.819000000000000367e-03 2.144499999999999879e-02 -9.997580000000000355e-01 -5.641610000000000236e-01 -8.254120000000000346e-01 -2.042499999999999871e-02 -8.256510000000000238e-01 5.641230000000000411e-01 8.120999999999999747e-03
1.000000000000000000e+01 2.600000000000000000e+01 8.000000000000000000e+00 0.000000000000000000e+00 1.600000000000000089e+00 -7.340000000000000170e-03 -2.073900000000000049e-02 -9.997580000000000355e-01 4.126360000000000028e-01 9.106319999999999970e-01 -2.191999999999999851e-02 9.108659999999999535e-01 -4.126969999999999805e-01 1.874000000000000015e-03
1.600000000000000000e+01 2.600000000000000000e+01 8.000000000000000000e+00 0.000000000000000000e+00 1.600000000000000089e+00 -5.473999999999999699e-03 -1.444699999999999977e-02 -9.998810000000000198e-01 4.174689999999999790e-01 9.085600000000000342e-01 -1.541299999999999962e-02 9.086739999999999817e-01 -4.175039999999999862e-01 1.057999999999999913e-03
2.300000000000000000e+01 2.600000000000000000e+01 8.000000000000000000e+00 0.000000000000000000e+00 1.600000000000000089e+00 -4.593999999999999993e-03 -1.895000000000000157e-02 -9.998099999999999765e-01 4.215590000000000170e-01 9.065990000000000437e-01 -1.912099999999999911e-02 9.067889999999999562e-01 -4.215670000000000250e-01 3.823000000000000009e-03
2.600000000000000000e+01 2.600000000000000000e+01 8.000000000000000000e+00 0.000000000000000000e+00 1.600000000000000089e+00 -4.977999999999999786e-03 -1.940899999999999917e-02 -9.997989999999999933e-01 4.230229999999999824e-01 9.059049999999999603e-01 -1.969200000000000117e-02 9.061050000000000493e-01 -4.230360000000000231e-01 3.700999999999999863e-03
2.700000000000000000e+01 1.400000000000000000e+01 9.000000000000000000e+00 0.000000000000000000e+00 1.600000000000000089e+00 6.884999999999999627e-03 1.522199999999999942e-02 -9.998599999999999710e-01 -5.576929999999999943e-01 -8.298839999999999550e-01 -1.647399999999999906e-02 -8.300189999999999513e-01 5.577290000000000303e-01 2.775000000000000123e-03
3.000000000000000000e+01 1.400000000000000000e+01 9.000000000000000000e+00 0.000000000000000000e+00 1.600000000000000089e+00 6.590999999999999637e-03 1.722999999999999879e-02 -9.998299999999999965e-01 -5.566189999999999749e-01 -8.305730000000000057e-01 -1.798299999999999899e-02 -8.307419999999999805e-01 5.566419999999999702e-01 4.115999999999999867e-03
4.000000000000000000e+00 2.400000000000000000e+01 9.000000000000000000e+00 0.000000000000000000e+00 1.600000000000000089e+00 -9.549999999999999462e-03 -2.406099999999999905e-02 -9.996650000000000258e-01 4.643829999999999902e-01 8.852600000000000469e-01 -2.574399999999999952e-02 8.855830000000000091e-01 -4.644730000000000247e-01 2.719000000000000063e-03
9.000000000000000000e+00 2.400000000000000000e+01 9.000000000000000000e+00 0.000000000000000000e+00 1.600000000000000089e+00 -8.073999999999999580e-03 -2.545400000000000093e-02 -9.996429999999999483e-01 4.661989999999999745e-01 8.842900000000000205e-01 -2.628199999999999981e-02 8.846429999999999572e-01 -4.662439999999999918e-01 4.727000000000000299e-03
9.000000000000000000e+00 3.100000000000000000e+01 1.200000000000000000e+01 0.000000000000000000e+00 1.600000000000000089e+00 9.049999999999999885e-04 -1.382999999999999898e-03 9.999989999999999712e-01 9.676000000000000573e-03 9.999519999999999520e-01 1.374000000000000004e-03 -9.999529999999999808e-01 9.674999999999999573e-03 9.179999999999999792e-04
2.100000000000000000e+01 3.100000000000000000e+01 1.200000000000000000e+01 0.000000000000000000e+00 1.600000000000000089e+00 -2.982999999999999974e-03 1.412999999999999977e-03 9.999949999999999672e-01 1.523399999999999928e-02 9.998829999999999663e-01 -1.366999999999999943e-03 -9.998789999999999623e-01 1.523000000000000048e-02 -3.004000000000000160e-03
2.400000000000000000e+01 3.100000000000000000e+01 1.200000000000000000e+01 0.000000000000000000e+00 1.600000000000000089e+00 -1.991999999999999847e-03 -1.610000000000000103e-04 9.999980000000000535e-01 1.561700000000000067e-02 9.998780000000000445e-01 1.920000000000000049e-04 -9.998759999999999870e-01 1.561700000000000067e-02 -1.988999999999999883e-03
2.700000000000000000e+01 3.100000000000000000e+01 1.200000000000000000e+01 0.000000000000000000e+00 1.600000000000000089e+00 -9.489999999999999738e-04 -3.139999999999999888e-04 9.999989999999999712e-01 1.435299999999999944e-02 9.998970000000000358e-01 3.280000000000000038e-04 -9.998970000000000358e-01 1.435299999999999944e-02 -9.449999999999999850e-04
2.200000000000000000e+01 3.200000000000000000e+01 1.400000000000000000e+01 0.000000000000000000e+00 1.600000000000000089e+00 3.877999999999999937e-03 3.469999999999999777e-04 -9.999919999999999920e-01 1.219859999999999972e-01 9.925319999999999698e-01 8.170000000000000179e-04 9.925239999999999618e-01 -1.219879999999999992e-01 3.805999999999999921e-03
5.000000000000000000e+00 1.200000000000000000e+01 1.500000000000000000e+01 0.000000000000000000e+00 1.600000000000000089e+00 7.601000000000000117e-03 1.160600000000000000e-02 -9.999040000000000150e-01 -4.677560000000000051e-01 -8.837500000000000355e-01 -1.381399999999999989e-02 -8.838249999999999718e-01 4.678160000000000096e-01 -1.288999999999999998e-03
1.700000000000000000e+01 1.200000000000000000e+01 1.500000000000000000e+01 0.000000000000000000e+00 1.600000000000000089e+00 5.481999999999999894e-03 5.483000000000000027e-03 -9.999700000000000255e-01 -4.701199999999999823e-01 -8.825709999999999944e-01 -7.416999999999999982e-03 -8.825849999999999529e-01 4.701469999999999816e-01 -2.260999999999999989e-03
2.000000000000000000e+01 1.200000000000000000e+01 1.500000000000000000e+01 0.000000000000000000e+00 1.600000000000000089e+00 3.963000000000000377e-03 9.456000000000000863e-03 -9.999470000000000303e-01 -4.702319999999999833e-01 -8.824840000000000462e-01 -1.020899999999999933e-02 -8.825340000000000407e-01 4.702479999999999993e-01 9.489999999999999738e-04
2.800000000000000000e+01 1.200000000000000000e+01 1.500000000000000000e+01 0.000000000000000000e+00 1.600000000000000089e+00 3.696000000000000067e-03 5.192999999999999700e-03 -9.999799999999999800e-01 -4.683979999999999810e-01 -8.834950000000000303e-01 -6.320000000000000097e-03 -8.835100000000000176e-01 4.684110000000000218e-01 -8.329999999999999731e-04
3.000000000000000000e+00 1.160000000000000000e+02 1.600000000000000000e+01 0.000000000000000000e+00 1.600000000000000089e+00 -1.999999999999999909e-06 -3.883999999999999866e-03 9.999919999999999920e-01 7.124040000000000372e-01 7.017640000000000544e-01 2.726999999999999823e-03 -7.017689999999999761e-01 7.123990000000000045e-01 2.765999999999999796e-03
1.200000000000000000e+01 1.160000000000000000e+02 1.600000000000000000e+01 0.000000000000000000e+00 1.600000000000000089e+00 6.049999999999999606e-04 1.879999999999999944e-03 9.999980000000000535e-01 6.692219999999999835e-01 7.430600000000000538e-01 -1.801999999999999999e-03 -7.430620000000000003e-01 6.692219999999999835e-01 -8.090000000000000403e-04
1.600000000000000000e+01 1.160000000000000000e+02 1.600000000000000000e+01 0.000000000000000000e+00 1.600000000000000089e+00 -2.599999999999999772e-04 -1.258000000000000004e-03 9.999989999999999712e-01 6.716539999999999733e-01 7.408639999999999670e-01 1.106999999999999911e-03 -7.408649999999999958e-01 6.716529999999999445e-01 6.520000000000000188e-04
2.000000000000000000e+00 2.000000000000000000e+00 1.900000000000000000e+01 0.000000000000000000e+00 1.600000000000000089e+00 1.248999999999999893e-03 -1.029999999999999964e-04 -9.999989999999999712e-01 1.769640000000000102e-01 -9.842170000000000085e-01 3.229999999999999907e-04 -9.842170000000000085e-01 -1.769640000000000102e-01 -1.211000000000000054e-03
6.000000000000000000e+00 2.000000000000000000e+00 1.900000000000000000e+01 0.000000000000000000e+00 1.600000000000000089e+00 -4.189999999999999931e-04 4.902000000000000107e-03 -9.999879999999999880e-01 1.720830000000000137e-01 -9.850700000000000012e-01 -4.900999999999999975e-03 -9.850820000000000132e-01 -1.720830000000000137e-01 -4.310000000000000137e-04
1.100000000000000000e+01 2.000000000000000000e+00 1.900000000000000000e+01 0.000000000000000000e+00 1.600000000000000089e+00 -1.062000000000000010e-03 9.020000000000000240e-04 -9.999989999999999712e-01 1.685869999999999869e-01 -9.856859999999999511e-01 -1.067999999999999939e-03 -9.856859999999999511e-01 -1.685879999999999879e-01 8.949999999999999623e-04
1.400000000000000000e+01 2.000000000000000000e+00 1.900000000000000000e+01 0.000000000000000000e+00 1.600000000000000089e+00 -2.299999999999999961e-03 6.409999999999999682e-04 -9.999970000000000248e-01 1.669619999999999993e-01 -9.859630000000000338e-01 -1.015999999999999976e-03 -9.859609999999999763e-01 -1.669640000000000013e-01 2.161000000000000160e-03
1.800000000000000000e+01 2.000000000000000000e+00 1.900000000000000000e+01 0.000000000000000000e+00 1.600000000000000089e+00 -1.003999999999999901e-03 -2.049999999999999956e-04 -9.999989999999999712e-01 1.672639999999999960e-01 -9.859120000000000106e-01 3.499999999999999693e-05 -9.859120000000000106e-01 -1.672639999999999960e-01 1.023999999999999954e-03
2.300000000000000000e+01 2.000000000000000000e+00 1.900000000000000000e+01 0.000000000000000000e+00 1.600000000000000089e+00 2.131000000000000082e-03 6.695999999999999695e-03 -9.999749999999999472e-01 1.699890000000000012e-01 -9.854260000000000241e-01 -6.236000000000000223e-03 -9.854439999999999866e-01 -1.699720000000000120e-01 -3.237999999999999993e-03
3.000000000000000000e+01 2.000000000000000000e+00 1.900000000000000000e+01 0.000000000000000000e+00 1.600000000000000089e+00 -2.327000000000000075e-03 -2.713000000000000134e-03 -9.999940000000000495e-01 1.706820000000000004e-01 -9.853229999999999489e-01 2.275999999999999811e-03 -9.853229999999999489e-01 -1.706759999999999944e-01 2.756000000000000203e-03
2.000000000000000000e+00 4.000000000000000000e+00 2.000000000000000000e+01 0.000000000000000000e+00 1.600000000000000089e+00 5.569999999999999864e-04 1.332999999999999984e-03 -9.999989999999999712e-01 2.771089999999999942e-01 -9.608379999999999699e-01 -1.126000000000000048e-03 -9.608379999999999699e-01 -2.771080000000000210e-01 -9.049999999999999885e-04
6.000000000000000000e+00 4.000000000000000000e+00 2.000000000000000000e+01 0.000000000000000000e+00 1.600000000000000089e+00 -1.348999999999999939e-03 6.779000000000000303e-03 -9.999759999999999760e-01 2.716609999999999858e-01 -9.623680000000000012e-01 -6.891000000000000424e-03 -9.623920000000000252e-01 -2.716640000000000166e-01 -5.429999999999999714e-04
1.000000000000000000e+00 1.300000000000000000e+01 2.000000000000000000e+01 0.000000000000000000e+00 1.600000000000000089e+00 6.489999999999999459e-04 -2.139500000000000082e-02 9.997709999999999653e-01 2.592329999999999912e-01 9.655970000000000386e-01 2.049600000000000033e-02 -9.658149999999999791e-01 2.591609999999999747e-01 6.172999999999999668e-03
5.000000000000000000e+00 1.300000000000000000e+01 2.000000000000000000e+01 0.000000000000000000e+00 1.600000000000000089e+00 2.320000000000000014e-04 -1.200900000000000058e-02 9.999280000000000390e-01 2.580500000000000016e-01 9.660630000000000051e-01 1.154200000000000018e-02 -9.661319999999999908e-01 2.580279999999999796e-01 3.322999999999999999e-03
1.000000000000000000e+01 1.300000000000000000e+01 2.000000000000000000e+01 0.000000000000000000e+00 1.600000000000000089e+00 -5.360000000000000181e-04 -1.489999999999999897e-04 1.000000000000000000e+00 2.594130000000000047e-01 9.657660000000000133e-01 2.820000000000000241e-04 -9.657660000000000133e-01 2.594130000000000047e-01 -4.789999999999999879e-04
1.700000000000000000e+01 1.300000000000000000e+01 2.000000000000000000e+01 0.000000000000000000e+00 1.600000000000000089e+00 -6.799999999999999946e-05 -7.574000000000000003e-03 9.999710000000000543e-01 2.594770000000000132e-01 9.657219999999999693e-01 7.331999999999999976e-03 -9.657489999999999686e-01 2.594699999999999784e-01 1.899999999999999996e-03
2.100000000000000000e+01 1.300000000000000000e+01 2.000000000000000000e+01 0.000000000000000000e+00 1.600000000000000089e+00 -3.690000000000000246e-04 2.129999999999999949e-03 9.999980000000000535e-01 2.602079999999999949e-01 9.655510000000000481e-01 -1.961000000000000069e-03 -9.655529999999999946e-01 2.602059999999999929e-01 -9.110000000000000259e-04
2.500000000000000000e+01 1.300000000000000000e+01 2.000000000000000000e+01 0.000000000000000000e+00 1.600000000000000089e+00 -1.394000000000000057e-03 9.160000000000000390e-04 9.999989999999999712e-01 2.632669999999999733e-01 9.647229999999999972e-01 -5.169999999999999899e-04 -9.647219999999999684e-01 2.632660000000000000e-01 -1.585999999999999953e-03
2.000000000000000000e+00 1.600000000000000000e+01 2.100000000000000000e+01 0.000000000000000000e+00 1.600000000000000089e+00 4.150000000000000043e-04 -1.259200000000000076e-02 9.999209999999999487e-01 2.954120000000000079e-01 9.552960000000000340e-01 1.190699999999999918e-02 -9.553700000000000525e-01 2.953839999999999799e-01 4.117000000000000000e-03
1.000000000000000000e+01 1.600000000000000000e+01 2.100000000000000000e+01 0.000000000000000000e+00 1.600000000000000089e+00 1.029999999999999964e-04 5.546999999999999847e-03 9.999850000000000128e-01 2.965800000000000103e-01 9.549929999999999808e-01 -5.328000000000000271e-03 -9.550079999999999680e-01 2.965760000000000063e-01 -1.546000000000000065e-03
1.400000000000000000e+01 1.600000000000000000e+01 2.100000000000000000e+01 0.000000000000000000e+00 1.600000000000000089e+00 -6.890000000000000508e-04 -5.002999999999999635e-03 9.999869999999999592e-01 2.965380000000000238e-01 9.550079999999999680e-01 4.982999999999999582e-03 -9.550210000000000088e-01 2.965380000000000238e-01 8.249999999999999955e-04
1.800000000000000000e+01 1.600000000000000000e+01 2.100000000000000000e+01 0.000000000000000000e+00 1.600000000000000089e+00 -5.099999999999999960e-05 -5.361999999999999579e-03 9.999860000000000415e-01 2.967420000000000058e-01 9.549440000000000150e-01 5.135999999999999940e-03 -9.549579999999999735e-01 2.967380000000000018e-01 1.543000000000000101e-03
4.000000000000000000e+00 3.000000000000000000e+00 2.500000000000000000e+01 0.000000000000000000e+00 1.600000000000000089e+00 -4.971999999999999857e-03 6.599999999999999964e-03 9.999660000000000215e-01 -1.596799999999999956e-02 -9.998510000000000453e-01 6.519999999999999754e-03 9.998599999999999710e-01 -1.593500000000000125e-02 5.076999999999999916e-03
1.000000000000000000e+00 4.600000000000000000e+01 2.700000000000000000e+01 0.000000000000000000e+00 1.600000000000000089e+00 1.534999999999999906e-03 -1.203000000000000076e-03 -9.999980000000000535e-01 6.817140000000000422e-01 7.316190000000000193e-01 1.659999999999999963e-04 7.316179999999999906e-01 -6.817119999999999846e-01 1.943000000000000066e-03
7.000000000000000000e+00 4.600000000000000000e+01 2.700000000000000000e+01 0.000000000000000000e+00 1.600000000000000089e+00 5.890000000000000053e-04 -6.980000000000000527e-04 -1.000000000000000000e+00 6.847550000000000026e-01 7.287730000000000041e-01 -1.060000000000000016e-04 7.287730000000000041e-01 -6.847550000000000026e-01 9.070000000000000371e-04
1.700000000000000000e+01 4.600000000000000000e+01 2.700000000000000000e+01 0.000000000000000000e+00 1.600000000000000089e+00 8.229999999999999469e-04 1.203000000000000076e-03 -9.999989999999999712e-01 6.799730000000000496e-01 7.332359999999999989e-01 1.441999999999999922e-03 7.332370000000000276e-01 -6.799730000000000496e-01 -2.149999999999999947e-04
1.900000000000000000e+01 4.600000000000000000e+01 3.000000000000000000e+01 0.000000000000000000e+00 1.600000000000000089e+00 4.189999999999999931e-04 7.999999999999999638e-06 -1.000000000000000000e+00 3.365279999999999938e-01 9.416729999999999823e-01 1.479999999999999925e-04 9.416729999999999823e-01 -3.365279999999999938e-01 3.919999999999999873e-04
2.400000000000000000e+01 5.800000000000000000e+01 3.100000000000000000e+01 0.000000000000000000e+00 1.600000000000000089e+00 -7.399999999999999623e-05 -8.469999999999999881e-04 1.000000000000000000e+00 -7.983630000000000448e-01 -6.021769999999999623e-01 -5.689999999999999529e-04 6.021769999999999623e-01 -7.983620000000000161e-01 -6.310000000000000504e-04
4.000000000000000000e+00 4.600000000000000000e+01 3.500000000000000000e+01 0.000000000000000000e+00 1.600000000000000089e+00 -5.370000000000000424e-04 2.000000000000000164e-05 -1.000000000000000000e+00 3.857670000000000265e-01 -9.225959999999999717e-01 -2.249999999999999938e-04 -9.225959999999999717e-01 -3.857670000000000265e-01 4.879999999999999898e-04
7.000000000000000000e+00 4.600000000000000000e+01 3.500000000000000000e+01 0.000000000000000000e+00 1.600000000000000089e+00 -6.740000000000000114e-04 1.417000000000000074e-03 -9.999989999999999712e-01 3.860199999999999743e-01 -9.224890000000000034e-01 -1.567999999999999949e-03 -9.224900000000000322e-01 -3.860199999999999743e-01 7.499999999999999343e-05
1.100000000000000000e+01 4.600000000000000000e+01 3.500000000000000000e+01 0.000000000000000000e+00 1.600000000000000089e+00 -5.320000000000000293e-04 1.544999999999999932e-03 -9.999989999999999712e-01 3.864049999999999985e-01 -9.223280000000000367e-01 -1.629999999999999939e-03 -9.223289999999999544e-01 -3.864049999999999985e-01 -1.069999999999999988e-04
2.200000000000000000e+01 4.600000000000000000e+01 3.500000000000000000e+01 0.000000000000000000e+00 1.600000000000000089e+00 -1.827999999999999981e-03 5.179999999999999709e-03 -9.999850000000000128e-01 3.917760000000000131e-01 -9.200439999999999729e-01 -5.481999999999999894e-03 -9.200589999999999602e-01 -3.917800000000000171e-01 -3.480000000000000020e-04
2.500000000000000000e+01 4.600000000000000000e+01 3.500000000000000000e+01 0.000000000000000000e+00 1.600000000000000089e+00 -6.139999999999999625e-04 1.931999999999999907e-03 -9.999980000000000535e-01 3.914099999999999802e-01 -9.202139999999999764e-01 -2.017999999999999829e-03 -9.202160000000000339e-01 -3.914110000000000089e-01 -1.910000000000000077e-04
5.000000000000000000e+00 9.500000000000000000e+01 3.600000000000000000e+01 0.000000000000000000e+00 1.600000000000000089e+00 6.176000000000000066e-03 -1.504199999999999982e-02 9.998679999999999790e-01 9.975549999999999695e-01 6.969899999999999707e-02 -5.113000000000000357e-03 -6.961299999999999433e-02 9.974549999999999805e-01 1.543500000000000080e-02
1.400000000000000000e+01 9.500000000000000000e+01 3.600000000000000000e+01 0.000000000000000000e+00 1.600000000000000089e+00 -2.286999999999999970e-03 3.000000000000000076e-05 9.999970000000000248e-01 9.970729999999999871e-01 7.641699999999999882e-02 2.278000000000000077e-03 -7.641599999999999782e-02 9.970759999999999623e-01 -2.039999999999999984e-04
1.800000000000000000e+01 9.500000000000000000e+01 3.600000000000000000e+01 0.000000000000000000e+00 1.600000000000000089e+00 -4.745000000000000086e-03 -1.810600000000000057e-02 9.998249999999999638e-01 9.968510000000000426e-01 7.905900000000000427e-02 6.163000000000000075e-03 -7.915700000000000514e-02 9.967049999999999521e-01 1.767399999999999874e-02
2.200000000000000000e+01 9.500000000000000000e+01 3.600000000000000000e+01 0.000000000000000000e+00 1.600000000000000089e+00 4.657999999999999814e-03 1.205700000000000001e-02 9.999160000000000270e-01 9.965239999999999654e-01 8.311399999999999344e-02 -5.644999999999999844e-03 -8.317499999999999893e-02 9.964669999999999916e-01 -1.162799999999999945e-02
2.600000000000000000e+01 9.500000000000000000e+01 3.600000000000000000e+01 0.000000000000000000e+00 1.600000000000000089e+00 4.107999999999999673e-03 2.088200000000000126e-02 9.997740000000000515e-01 9.967000000000000304e-01 8.097000000000000031e-02 -5.786999999999999610e-03 -8.107300000000000617e-02 9.964979999999999949e-01 -2.048000000000000168e-02
3.000000000000000000e+01 9.500000000000000000e+01 3.600000000000000000e+01 0.000000000000000000e+00 1.600000000000000089e+00 3.310000000000000225e-04 1.013900000000000044e-02 9.999489999999999768e-01 9.972360000000000113e-01 7.429099999999999593e-02 -1.082999999999999978e-03 -7.429800000000000293e-02 9.971849999999999881e-01 -1.008599999999999948e-02
2.000000000000000000e+00 2.900000000000000000e+01 4.400000000000000000e+01 0.000000000000000000e+00 1.600000000000000089e+00 -1.886000000000000090e-03 4.287000000000000012e-03 -9.999890000000000168e-01 6.628950000000000120e-01 7.487099999999999866e-01 1.958999999999999804e-03 7.487099999999999866e-01 -6.628840000000000288e-01 -4.253999999999999969e-03
8.000000000000000000e+00 2.900000000000000000e+01 4.400000000000000000e+01 0.000000000000000000e+00 1.600000000000000089e+00 -6.034000000000000301e-03 -1.899000000000000080e-03 -9.999799999999999800e-01 6.446720000000000228e-01 7.644410000000000371e-01 -5.342000000000000394e-03 7.644360000000000044e-01 -6.446910000000000140e-01 -3.387999999999999953e-03
1.300000000000000000e+01 2.900000000000000000e+01 4.400000000000000000e+01 0.000000000000000000e+00 1.600000000000000089e+00 -1.616000000000000032e-03 -1.683999999999999950e-03 -9.999970000000000248e-01 6.391850000000000032e-01 7.690489999999999826e-01 -2.328000000000000208e-03 7.690510000000000401e-01 -6.391869999999999497e-01 -1.669999999999999935e-04
2.400000000000000000e+01 2.900000000000000000e+01 4.400000000000000000e+01 0.000000000000000000e+00 1.600000000000000089e+00 4.322999999999999586e-03 4.110000000000000155e-04 -9.999909999999999632e-01 6.709690000000000376e-01 7.414779999999999704e-01 3.204999999999999950e-03 7.414730000000000487e-01 -6.709770000000000456e-01 2.929999999999999879e-03
1.600000000000000000e+01 6.000000000000000000e+00 5.100000000000000000e+01 0.000000000000000000e+00 1.600000000000000089e+00 -5.421999999999999736e-03 2.269000000000000183e-03 -9.999829999999999552e-01 3.232729999999999770e-01 -9.462979999999999725e-01 -3.899999999999999821e-03 -9.462899999999999645e-01 -3.232889999999999930e-01 4.396999999999999867e-03
2.000000000000000000e+01 7.000000000000000000e+00 5.200000000000000000e+01 0.000000000000000000e+00 1.600000000000000089e+00 -2.906000000000000163e-03 1.791000000000000057e-03 -9.999940000000000495e-01 8.887399999999999467e-02 -9.960409999999999542e-01 -2.041999999999999978e-03 -9.960390000000000077e-01 -8.887899999999999967e-02 2.735000000000000018e-03
3.000000000000000000e+00 6.300000000000000000e+01 5.400000000000000000e+01 0.000000000000000000e+00 1.600000000000000089e+00 -1.082999999999999978e-03 8.919999999999999978e-04 9.999989999999999712e-01 -3.508169999999999900e-01 9.364430000000000254e-01 -1.216000000000000067e-03 -9.364430000000000254e-01 -3.508180000000000187e-01 -7.010000000000000172e-04
1.300000000000000000e+01 6.300000000000000000e+01 5.400000000000000000e+01 0.000000000000000000e+00 1.600000000000000089e+00 -5.410000000000000312e-04 2.099999999999999884e-05 1.000000000000000000e+00 -3.519939999999999736e-01 9.360020000000000007e-01 -2.100000000000000087e-04 -9.360020000000000007e-01 -3.519939999999999736e-01 -4.989999999999999861e-04
1.900000000000000000e+01 6.300000000000000000e+01 5.400000000000000000e+01 0.000000000000000000e+00 1.600000000000000089e+00 1.000000000000000021e-03 -1.075000000000000001e-03 9.999989999999999712e-01 -3.528339999999999810e-01 9.356849999999999890e-01 1.358000000000000049e-03 -9.356860000000000177e-01 -3.528350000000000097e-01 5.559999999999999621e-04
2.400000000000000000e+01 6.300000000000000000e+01 5.400000000000000000e+01 0.000000000000000000e+00 1.600000000000000089e+00 -1.175999999999999962e-03 -2.990000000000000036e-04 9.999989999999999712e-01 -3.548819999999999752e-01 9.349110000000000475e-01 -1.379999999999999933e-04 -9.349100000000000188e-01 -3.548819999999999752e-01 -1.206000000000000041e-03
1.000000000000000000e+00 2.500000000000000000e+01 5.500000000000000000e+01 0.000000000000000000e+00 1.600000000000000089e+00 1.623000000000000094e-03 6.995000000000000349e-03 -9.999740000000000295e-01 -1.162999999999999971e-02 -9.999080000000000190e-01 -7.013000000000000136e-03 -9.999310000000000143e-01 1.164100000000000031e-02 -1.541999999999999968e-03
1.200000000000000000e+01 2.500000000000000000e+01 5.500000000000000000e+01 0.000000000000000000e+00 1.600000000000000089e+00 1.314999999999999980e-03 -1.978999999999999856e-03 -9.999970000000000248e-01 -1.272000000000000040e-02 -9.999169999999999447e-01 1.962000000000000202e-03 -9.999179999999999735e-01 1.271800000000000014e-02 -1.340000000000000045e-03
1.700000000000000000e+01 2.500000000000000000e+01 5.500000000000000000e+01 0.000000000000000000e+00 1.600000000000000089e+00 -1.149999999999999981e-03 1.536999999999999955e-03 -9.999980000000000535e-01 -1.270800000000000055e-02 -9.999179999999999735e-01 -1.523000000000000048e-03 -9.999190000000000023e-01 1.270600000000000028e-02 1.168999999999999900e-03
2.200000000000000000e+01 2.500000000000000000e+01 5.500000000000000000e+01 0.000000000000000000e+00 1.600000000000000089e+00 -7.829999999999999504e-04 -4.048000000000000383e-03 -9.999909999999999632e-01 -1.058800000000000019e-02 -9.999360000000000470e-01 4.055999999999999710e-03 -9.999440000000000550e-01 1.059099999999999972e-02 7.399999999999999894e-04
2.900000000000000000e+01 2.500000000000000000e+01 5.500000000000000000e+01 0.000000000000000000e+00 1.600000000000000089e+00 9.439999999999999607e-04 1.144999999999999967e-03 -9.999989999999999712e-01 -1.101599999999999975e-02 -9.999390000000000223e-01 -1.154999999999999994e-03 -9.999390000000000223e-01 1.101700000000000075e-02 -9.319999999999999942e-04
2.300000000000000000e+01 5.800000000000000000e+01 5.900000000000000000e+01 0.000000000000000000e+00 1.600000000000000089e+00 -2.546000000000000086e-03 -6.316999999999999699e-03 -9.999770000000000048e-01 3.820589999999999820e-01 9.241129999999999622e-01 -6.810000000000000081e-03 9.241340000000000110e-01 -3.820669999999999900e-01 6.000000000000000152e-05
2.600000000000000000e+01 6.000000000000000000e+00 6.100000000000000000e+01 0.000000000000000000e+00 1.600000000000000089e+00 -1.740000000000000010e-04 1.029900000000000086e-02 9.999470000000000303e-01 5.622810000000000308e-01 -8.269009999999999971e-01 8.614999999999999394e-03 8.269459999999999589e-01 5.622530000000000028e-01 -5.647000000000000110e-03
7.000000000000000000e+00 3.000000000000000000e+00 6.300000000000000000e+01 0.000000000000000000e+00 1.600000000000000089e+00 3.491999999999999878e-03 -7.041999999999999649e-03 9.999689999999999968e-01 -6.167289999999999717e-01 7.871380000000000043e-01 7.696999999999999849e-03 -7.871679999999999788e-01 -6.167369999999999797e-01 -1.593999999999999931e-03
1.000000000000000000e+01 3.000000000000000000e+00 6.300000000000000000e+01 0.000000000000000000e+00 1.600000000000000089e+00 9.909999999999999105e-04 -4.890000000000000249e-03 9.999869999999999592e-01 -6.177570000000000006e-01 7.863560000000000549e-01 4.457000000000000024e-03 -7.863679999999999559e-01 -6.177540000000000253e-01 -2.242000000000000069e-03
7.000000000000000000e+00 2.700000000000000000e+01 6.300000000000000000e+01 0.000000000000000000e+00 1.600000000000000089e+00 3.069999999999999812e-04 1.247999999999999977e-03 9.999989999999999712e-01 -2.829369999999999941e-01 9.591380000000000461e-01 -1.110000000000000092e-03 -9.591380000000000461e-01 -2.829369999999999941e-01 6.470000000000000057e-04
1.100000000000000000e+01 2.700000000000000000e+01 6.300000000000000000e+01 0.000000000000000000e+00 1.600000000000000089e+00 4.500000000000000283e-05 1.257000000000000088e-03 9.999989999999999712e-01 -2.836400000000000032e-01 9.589299999999999491e-01 -1.193000000000000050e-03 -9.589309999999999778e-01 -2.836400000000000032e-01 3.989999999999999949e-04
1.500000000000000000e+01 2.700000000000000000e+01 6.300000000000000000e+01 0.000000000000000000e+00 1.600000000000000089e+00 -2.849999999999999886e-04 4.565999999999999746e-03 9.999900000000000455e-01 -2.837120000000000197e-01 9.588989999999999458e-01 -4.460000000000000422e-03 -9.589100000000000401e-01 -2.837100000000000177e-01 1.021999999999999905e-03
2.000000000000000000e+01 2.700000000000000000e+01 6.300000000000000000e+01 0.000000000000000000e+00 1.600000000000000089e+00 -1.760999999999999979e-03 -2.922000000000000118e-03 9.999940000000000495e-01 -2.838879999999999737e-01 9.588550000000000129e-01 2.301999999999999793e-03 -9.588560000000000416e-01 -2.838829999999999965e-01 -2.517999999999999839e-03
2.700000000000000000e+01 2.700000000000000000e+01 6.300000000000000000e+01 0.000000000000000000e+00 1.600000000000000089e+00 -2.869999999999999830e-04 -2.576999999999999864e-03 9.999970000000000248e-01 -2.811640000000000250e-01 9.596569999999999823e-01 2.393000000000000162e-03 -9.596599999999999575e-01 -2.811620000000000230e-01 -1.000000000000000021e-03
4.000000000000000000e+00 2.600000000000000000e+01 6.400000000000000000e+01 0.000000000000000000e+00 1.600000000000000089e+00 1.126999999999999964e-03 3.213999999999999843e-03 9.999940000000000495e-01 -3.624609999999999776e-01 9.319950000000000179e-01 -2.586999999999999890e-03 -9.319979999999999931e-01 -3.624560000000000004e-01 2.214999999999999955e-03
1.100000000000000000e+01 2.600000000000000000e+01 6.400000000000000000e+01 0.000000000000000000e+00 1.600000000000000089e+00 1.820000000000000057e-04 1.562000000000000020e-03 9.999989999999999712e-01 -3.639490000000000225e-01 9.314179999999999682e-01 -1.387999999999999911e-03 -9.314189999999999969e-01 -3.639479999999999937e-01 7.380000000000000492e-04
1.500000000000000000e+01 2.600000000000000000e+01 6.400000000000000000e+01 0.000000000000000000e+00 1.600000000000000089e+00 -8.239999999999999712e-04 3.981000000000000164e-03 9.999919999999999920e-01 -3.649020000000000041e-01 9.310370000000000035e-01 -4.008000000000000278e-03 -9.310460000000000402e-01 -3.649020000000000041e-01 6.849999999999999535e-04
1.900000000000000000e+01 2.600000000000000000e+01 6.400000000000000000e+01 0.000000000000000000e+00 1.600000000000000089e+00 -2.455999999999999850e-03 -1.500000000000000031e-03 9.999959999999999960e-01 -3.669780000000000264e-01 9.302289999999999726e-01 4.939999999999999730e-04 -9.302259999999999973e-01 -3.669760000000000244e-01 -2.834999999999999847e-03
2.700000000000000000e+01 2.600000000000000000e+01 6.400000000000000000e+01 0.000000000000000000e+00 1.600000000000000089e+00 1.250000000000000026e-04 -3.976000000000000367e-03 9.999919999999999920e-01 -3.662119999999999820e-01 9.305240000000000178e-01 3.745000000000000065e-03 -9.305309999999999970e-01 -3.662099999999999800e-01 -1.340000000000000045e-03
1.300000000000000000e+01 6.900000000000000000e+01 6.600000000000000000e+01 0.000000000000000000e+00 1.600000000000000089e+00 -1.330000000000000019e-03 -9.859999999999998974e-04 9.999989999999999712e-01 -9.502059999999999951e-01 3.116209999999999813e-01 -9.569999999999999514e-04 -3.116200000000000081e-01 -9.502059999999999951e-01 -1.351999999999999903e-03
2.000000000000000000e+00 2.500000000000000000e+01 7.300000000000000000e+01 0.000000000000000000e+00 1.600000000000000089e+00 -3.807000000000000054e-03 -3.451000000000000074e-03 9.999869999999999592e-01 7.561860000000000248e-01 -6.543560000000000487e-01 6.199999999999999999e-04 6.543459999999999832e-01 7.561780000000000168e-01 5.100000000000000366e-03
8.000000000000000000e+00 2.500000000000000000e+01 7.300000000000000000e+01 0.000000000000000000e+00 1.600000000000000089e+00 1.160000000000000007e-04 8.459999999999999638e-04 1.000000000000000000e+00 7.540540000000000020e-01 -6.568119999999999514e-01 4.679999999999999915e-04 6.568119999999999514e-01 7.540540000000000020e-01 -7.140000000000000079e-04
1.600000000000000000e+01 2.500000000000000000e+01 7.300000000000000000e+01 0.000000000000000000e+00 1.600000000000000089e+00 9.340000000000000429e-04 -1.108999999999999960e-03 9.999989999999999712e-01 7.532529999999999504e-01 -6.577290000000000081e-01 -1.433000000000000029e-03 6.577300000000000368e-01 7.532539999999999791e-01 2.210000000000000050e-04
2.300000000000000000e+01 2.500000000000000000e+01 7.300000000000000000e+01 0.000000000000000000e+00 1.600000000000000089e+00 9.399999999999999448e-05 4.266999999999999960e-03 9.999909999999999632e-01 7.540810000000000013e-01 -6.567760000000000264e-01 2.730999999999999921e-03 6.567819999999999769e-01 7.540740000000000220e-01 -3.278999999999999797e-03
2.800000000000000000e+01 2.500000000000000000e+01 7.300000000000000000e+01 0.000000000000000000e+00 1.600000000000000089e+00 -1.507000000000000093e-03 -5.199999999999999544e-04 9.999989999999999712e-01 7.530780000000000252e-01 -6.579310000000000436e-01 7.929999999999999766e-04 6.579300000000000148e-01 7.530780000000000252e-01 1.382999999999999898e-03
5.000000000000000000e+00 4.400000000000000000e+01 7.300000000000000000e+01 0.000000000000000000e+00 1.600000000000000089e+00 8.890000000000000333e-04 2.609000000000000208e-03 9.999959999999999960e-01 5.077399999999999969e-02 -9.987070000000000114e-01 2.560000000000000209e-03 9.987099999999999866e-01 5.077099999999999669e-02 -1.020000000000000073e-03
9.000000000000000000e+00 4.400000000000000000e+01 7.300000000000000000e+01 0.000000000000000000e+00 1.600000000000000089e+00 3.840000000000000097e-04 -1.812000000000000026e-03 9.999980000000000535e-01 5.139200000000000018e-02 -9.986770000000000369e-01 -1.828999999999999897e-03 9.986779999999999546e-01 5.139300000000000118e-02 -2.910000000000000260e-04
1.600000000000000000e+01 4.400000000000000000e+01 7.300000000000000000e+01 0.000000000000000000e+00 1.600000000000000089e+00 -2.059999999999999928e-04 -1.858999999999999975e-03 9.999980000000000535e-01 5.252799999999999830e-02 -9.986180000000000057e-01 -1.845000000000000069e-03 9.986190000000000344e-01 5.252699999999999730e-02 3.040000000000000167e-04
2.300000000000000000e+01 4.400000000000000000e+01 7.300000000000000000e+01 0.000000000000000000e+00 1.600000000000000089e+00 1.007000000000000083e-03 2.250999999999999963e-03 9.999970000000000248e-01 5.133200000000000263e-02 -9.986789999999999834e-01 2.196000000000000035e-03 9.986810000000000409e-01 5.132899999999999963e-02 -1.121000000000000035e-03
2.700000000000000000e+01 4.400000000000000000e+01 7.300000000000000000e+01 0.000000000000000000e+00 1.600000000000000089e+00 1.689999999999999879e-04 2.229999999999999994e-04 1.000000000000000000e+00 5.204500000000000098e-02 -9.986450000000000049e-01 2.139999999999999975e-04 9.986450000000000049e-01 5.204500000000000098e-02 -1.800000000000000113e-04
2.600000000000000000e+01 9.900000000000000000e+01 7.500000000000000000e+01 0.000000000000000000e+00 1.600000000000000089e+00 4.899999999999999842e-04 -4.428999999999999777e-03 -9.999900000000000455e-01 -8.860069999999999890e-01 4.636660000000000226e-01 -2.488000000000000194e-03 4.636719999999999731e-01 8.859989999999999810e-01 -3.697000000000000199e-03
1.000000000000000000e+00 5.100000000000000000e+01 7.600000000000000000e+01 0.000000000000000000e+00 1.600000000000000089e+00 1.969999999999999963e-03 1.835999999999999958e-03 -9.999959999999999960e-01 -4.123749999999999916e-01 -9.110110000000000152e-01 -2.484999999999999796e-03 -9.110120000000000440e-01 4.123780000000000223e-01 -1.036999999999999944e-03
4.000000000000000000e+00 9.100000000000000000e+01 7.600000000000000000e+01 0.000000000000000000e+00 1.600000000000000089e+00 -2.596999999999999916e-03 -9.299999999999999727e-05 9.999970000000000248e-01 3.193829999999999725e-01 -9.476259999999999684e-01 7.410000000000000137e-04 9.476219999999999644e-01 3.193829999999999725e-01 2.491000000000000159e-03
1.400000000000000000e+01 9.100000000000000000e+01 7.600000000000000000e+01 0.000000000000000000e+00 1.600000000000000089e+00 -1.485999999999999908e-03 2.199999999999999943e-05 9.999989999999999712e-01 3.037059999999999760e-01 -9.527660000000000018e-01 4.730000000000000046e-04 9.527649999999999730e-01 3.037059999999999760e-01 1.409000000000000096e-03
2.100000000000000000e+01 9.100000000000000000e+01 7.600000000000000000e+01 0.000000000000000000e+00 1.600000000000000089e+00 -3.589999999999999984e-04 -2.229999999999999994e-04 1.000000000000000000e+00 3.183710000000000151e-01 -9.479659999999999753e-01 -9.699999999999999963e-05 9.479659999999999753e-01 3.183710000000000151e-01 4.119999999999999856e-04
5.000000000000000000e+00 4.400000000000000000e+01 8.300000000000000000e+01 0.000000000000000000e+00 1.600000000000000089e+00 1.608999999999999970e-03 -2.239000000000000105e-03 9.999959999999999960e-01 5.948959999999999804e-01 -8.037980000000000125e-01 -2.756999999999999902e-03 8.038009999999999877e-01 5.948989999999999556e-01 3.800000000000000209e-05
9.000000000000000000e+00 4.400000000000000000e+01 8.300000000000000000e+01 0.000000000000000000e+00 1.600000000000000089e+00 -6.269999999999999532e-04 -2.474000000000000071e-03 9.999970000000000248e-01 5.952939999999999898e-01 -8.035060000000000535e-01 -1.613999999999999983e-03 8.035080000000000000e-01 5.952910000000000146e-01 1.977000000000000025e-03
1.400000000000000000e+01 4.400000000000000000e+01 8.300000000000000000e+01 0.000000000000000000e+00 1.600000000000000089e+00 7.029999999999999574e-04 5.050000000000000235e-04 1.000000000000000000e+00 5.970469999999999944e-01 -8.022059999999999746e-01 -1.399999999999999979e-05 8.022059999999999746e-01 5.970469999999999944e-01 -8.649999999999999920e-04
