1.800000000000000000e+01 2.500000000000000000e+01 1.000000000000000000e+00 0.000000000000000000e+00 1.600000000000000089e+00 3.926999999999999935e-03 -4.477000000000000077e-03 -9.999820000000000375e-01 -5.219979999999999620e-01 -8.529449999999999532e-01 1.768999999999999956e-03 -8.529379999999999740e-01 5.219810000000000283e-01 -5.687000000000000215e-03
2.600000000000000000e+01 2.500000000000000000e+01 1.000000000000000000e+00 0.000000000000000000e+00 1.600000000000000089e+00 2.618000000000000101e-03 5.747000000000000372e-03 -9.999799999999999800e-01 -5.247570000000000290e-01 -8.512290000000000134e-01 -6.265999999999999868e-03 -8.512480000000000047e-01 5.247629999999999795e-01 7.870000000000000476e-04
1.200000000000000000e+01 4.200000000000000000e+01 2.000000000000000000e+00 0.000000000000000000e+00 1.600000000000000089e+00 6.590999999999999637e-03 -1.327500000000000034e-02 -9.998899999999999455e-01 9.829879999999999729e-01 -1.834510000000000030e-01 8.914999999999999314e-03 -1.835489999999999899e-01 -9.829390000000000072e-01 1.183999999999999983e-02
5.000000000000000000e+00 1.500000000000000000e+01 4.000000000000000000e+00 0.000000000000000000e+00 1.600000000000000089e+00 -2.369000000000000012e-03 -5.617999999999999730e-03 9.999810000000000088e-01 3.106809999999999850e-01 -9.505029999999999868e-01 -4.603999999999999586e-03 9.505109999999999948e-01 3.106650000000000245e-01 3.996999999999999685e-03
8.000000000000000000e+00 1.500000000000000000e+01 4.000000000000000000e+00 0.000000000000000000e+00 1.600000000000000089e+00 -3.118000000000000112e-03 -2.651000000000000145e-03 9.999919999999999920e-01 3.089939999999999909e-01 -9.510629999999999917e-01 -1.557999999999999923e-03 9.510589999999999877e-01 3.089859999999999829e-01 3.784000000000000037e-03
1.700000000000000000e+01 1.500000000000000000e+01 4.000000000000000000e+00 0.000000000000000000e+00 1.600000000000000089e+00 1.985999999999999918e-03 3.278000000000000098e-03 9.999930000000000208e-01 3.055999999999999828e-01 -9.521570000000000311e-01 2.514000000000000175e-03 9.521579999999999488e-01 3.055930000000000035e-01 -2.893000000000000172e-03
2.700000000000000000e+01 1.500000000000000000e+01 4.000000000000000000e+00 0.000000000000000000e+00 1.600000000000000089e+00 -8.675999999999999684e-03 -3.369000000000000033e-03 9.999569999999999848e-01 3.019049999999999789e-01 -9.533380000000000187e-01 -5.919999999999999698e-04 9.532979999999999787e-01 3.018870000000000164e-01 9.289000000000000382e-03
4.000000000000000000e+00 1.010000000000000000e+02 7.000000000000000000e+00 0.000000000000000000e+00 1.600000000000000089e+00 -1.606000000000000006e-03 -4.577000000000000339e-03 9.999879999999999880e-01 8.806300000000000239e-01 4.737910000000000177e-01 3.582999999999999814e-03 -4.738010000000000277e-01 8.806260000000000199e-01 3.269999999999999903e-03
9.000000000000000000e+00 1.500000000000000000e+01 8.000000000000000000e+00 0.000000000000000000e+00 1.600000000000000089e+00 1.208000000000000089e-03 5.860000000000000408e-04 -9.999989999999999712e-01 -5.990450000000000497e-01 -8.007140000000000368e-01 -1.193000000000000050e-03 -8.007140000000000368e-01 5.990459999999999674e-01 -6.170000000000000354e-04
6.000000000000000000e+00 2.500000000000000000e+01 8.000000000000000000e+00 0.000000000000000000e+00 1.600000000000000089e+00 -3.209999999999999963e-04 2.926999999999999914e-03 -9.999959999999999960e-01 4.447820000000000107e-01 8.956359999999999877e-01 2.478999999999999867e-03 8.956389999999999629e-01 -4.447789999999999799e-01 -1.588999999999999918e-03
9.000000000000000000e+00 2.500000000000000000e+01 8.000000000000000000e+00 0.000000000000000000e+00 1.600000000000000089e+00 -1.895999999999999899e-03 -1.252999999999999991e-03 -9.999970000000000248e-01 4.435230000000000006e-01 8.962609999999999744e-01 -1.964000000000000034e-03 8.962609999999999744e-01 -4.435259999999999758e-01 -1.144000000000000052e-03
1.200000000000000000e+01 2.500000000000000000e+01 8.000000000000000000e+00 0.000000000000000000e+00 1.600000000000000089e+00 -1.007999999999999998e-03 -7.298999999999999932e-03 -9.999730000000000008e-01 4.445470000000000255e-01 8.957279999999999687e-01 -6.986000000000000022e-03 8.957549999999999679e-01 -4.445419999999999927e-01 2.341999999999999898e-03
1.600000000000000000e+01 2.500000000000000000e+01 8.000000000000000000e+00 0.000000000000000000e+00 1.600000000000000089e+00 -1.603999999999999957e-03 -5.899999999999999863e-03 -9.999810000000000088e-01 4.471700000000000119e-01 8.944290000000000296e-01 -5.995000000000000329e-03 8.944469999999999921e-01 -4.471720000000000139e-01 1.203999999999999992e-03
1.900000000000000000e+01 2.500000000000000000e+01 8.000000000000000000e+00 0.000000000000000000e+00 1.600000000000000089e+00 -3.350999999999999812e-03 -4.682999999999999663e-03 -9.999829999999999552e-01 4.487349999999999950e-01 8.936469999999999692e-01 -5.688999999999999613e-03 8.936579999999999524e-01 -4.487470000000000070e-01 -8.930000000000000221e-04
3.000000000000000000e+00 2.400000000000000000e+01 9.000000000000000000e+00 0.000000000000000000e+00 1.600000000000000089e+00 5.990000000000000316e-04 -2.896000000000000137e-03 -9.999959999999999960e-01 4.496890000000000054e-01 8.931820000000000315e-01 -2.317000000000000049e-03 8.931850000000000067e-01 -4.496859999999999746e-01 1.838000000000000007e-03
9.000000000000000000e+00 2.400000000000000000e+01 9.000000000000000000e+00 0.000000000000000000e+00 1.600000000000000089e+00 -1.343999999999999926e-03 -1.384000000000000031e-03 -9.999980000000000535e-01 4.471189999999999887e-01 8.944720000000000448e-01 -1.838000000000000007e-03 8.944729999999999626e-01 -4.471209999999999907e-01 -5.839999999999999922e-04
1.300000000000000000e+01 2.400000000000000000e+01 9.000000000000000000e+00 0.000000000000000000e+00 1.600000000000000089e+00 -9.870000000000000301e-04 -6.320000000000000097e-03 -9.999799999999999800e-01 4.480999999999999983e-01 8.939629999999999521e-01 -6.092000000000000193e-03 8.939829999999999721e-01 -4.480970000000000231e-01 1.949999999999999910e-03
2.000000000000000000e+01 2.400000000000000000e+01 9.000000000000000000e+00 0.000000000000000000e+00 1.600000000000000089e+00 -3.072000000000000078e-03 -1.763999999999999943e-03 -9.999940000000000495e-01 4.510199999999999765e-01 8.925089999999999968e-01 -2.959999999999999958e-03 8.925079999999999680e-01 -4.510270000000000112e-01 -1.946000000000000030e-03
2.400000000000000000e+01 2.400000000000000000e+01 9.000000000000000000e+00 0.000000000000000000e+00 1.600000000000000089e+00 -2.155999999999999930e-03 -6.725000000000000075e-03 -9.999749999999999472e-01 4.519469999999999876e-01 8.920169999999999488e-01 -6.974000000000000164e-03 8.920420000000000016e-01 -4.519509999999999916e-01 1.116000000000000021e-03
2.700000000000000000e+01 2.400000000000000000e+01 9.000000000000000000e+00 0.000000000000000000e+00 1.600000000000000089e+00 -2.451000000000000054e-03 -7.171000000000000291e-03 -9.999710000000000543e-01 4.521649999999999836e-01 8.919030000000000014e-01 -7.504000000000000253e-03 8.919310000000000294e-01 -4.521700000000000164e-01 1.056000000000000081e-03
2.100000000000000000e+01 3.200000000000000000e+01 1.400000000000000000e+01 0.000000000000000000e+00 1.600000000000000089e+00 3.589999999999999984e-04 6.409999999999999682e-04 -1.000000000000000000e+00 1.064260000000000067e-01 9.943199999999999816e-01 6.759999999999999516e-04 9.943210000000000104e-01 -1.064269999999999938e-01 2.889999999999999774e-04
2.800000000000000000e+01 1.200000000000000000e+01 1.500000000000000000e+01 0.000000000000000000e+00 1.600000000000000089e+00 3.335999999999999990e-03 3.410999999999999970e-03 -9.999890000000000168e-01 -4.687810000000000032e-01 -8.833020000000000316e-01 -4.577000000000000339e-03 -8.833079999999999821e-01 4.687910000000000132e-01 -1.347000000000000107e-03
2.400000000000000000e+01 1.100000000000000000e+01 1.600000000000000000e+01 0.000000000000000000e+00 1.600000000000000089e+00 1.033999999999999980e-03 8.120000000000000048e-04 -9.999989999999999712e-01 -4.169840000000000213e-01 -9.089129999999999709e-01 -1.168999999999999900e-03 -9.089129999999999709e-01 4.169849999999999945e-01 -6.009999999999999717e-04
6.000000000000000000e+00 1.160000000000000000e+02 1.600000000000000000e+01 0.000000000000000000e+00 1.600000000000000089e+00 3.770000000000000022e-04 -1.546999999999999981e-03 9.999989999999999712e-01 6.888649999999999496e-01 7.248890000000000056e-01 8.620000000000000275e-04 -7.248890000000000056e-01 6.888640000000000319e-01 1.338999999999999913e-03
1.700000000000000000e+01 1.160000000000000000e+02 1.600000000000000000e+01 0.000000000000000000e+00 1.600000000000000089e+00 2.026000000000000023e-03 9.619999999999999645e-04 9.999970000000000248e-01 6.791369999999999907e-01 7.340090000000000225e-01 -2.082000000000000083e-03 -7.340090000000000225e-01 6.791390000000000482e-01 8.339999999999999974e-04
2.200000000000000000e+01 1.160000000000000000e+02 1.600000000000000000e+01 0.000000000000000000e+00 1.600000000000000089e+00 -1.749999999999999982e-04 1.739000000000000094e-03 9.999980000000000535e-01 6.958910000000000373e-01 7.181469999999999798e-01 -1.126999999999999964e-03 -7.181469999999999798e-01 6.958900000000000086e-01 -1.335999999999999948e-03
2.700000000000000000e+01 1.160000000000000000e+02 1.600000000000000000e+01 0.000000000000000000e+00 1.600000000000000089e+00 9.079999999999999530e-04 -2.053000000000000137e-03 9.999970000000000248e-01 6.816330000000000444e-01 7.316930000000000378e-01 8.829999999999999958e-04 -7.316930000000000378e-01 6.816309999999999869e-01 2.063999999999999863e-03
2.000000000000000000e+00 2.000000000000000000e+00 1.900000000000000000e+01 0.000000000000000000e+00 1.600000000000000089e+00 -9.590000000000000000e-04 -2.141000000000000108e-03 -9.999970000000000248e-01 1.950749999999999984e-01 -9.807860000000000467e-01 1.912999999999999987e-03 -9.807879999999999932e-01 -1.950729999999999964e-01 1.358000000000000049e-03
5.000000000000000000e+00 2.000000000000000000e+00 1.900000000000000000e+01 0.000000000000000000e+00 1.600000000000000089e+00 -2.508999999999999946e-03 -2.572000000000000067e-03 -9.999940000000000495e-01 1.960250000000000048e-01 -9.805970000000000519e-01 2.030999999999999819e-03 -9.805960000000000232e-01 -1.960179999999999978e-01 2.965000000000000187e-03
1.000000000000000000e+01 2.000000000000000000e+00 1.900000000000000000e+01 0.000000000000000000e+00 1.600000000000000089e+00 -1.557999999999999923e-03 5.263000000000000317e-03 -9.999850000000000128e-01 1.979960000000000053e-01 -9.801870000000000305e-01 -5.466999999999999638e-03 -9.802009999999999890e-01 -1.980020000000000113e-01 4.850000000000000253e-04
1.400000000000000000e+01 2.000000000000000000e+00 1.900000000000000000e+01 0.000000000000000000e+00 1.600000000000000089e+00 -3.941000000000000059e-03 6.295000000000000248e-03 -9.999719999999999720e-01 1.980959999999999943e-01 -9.801579999999999737e-01 -6.950999999999999714e-03 -9.801750000000000185e-01 -1.981179999999999886e-01 2.615000000000000137e-03
1.700000000000000000e+01 2.000000000000000000e+00 1.900000000000000000e+01 0.000000000000000000e+00 1.600000000000000089e+00 -2.295000000000000165e-03 7.709999999999999840e-04 -9.999970000000000248e-01 1.966189999999999882e-01 -9.804789999999999894e-01 -1.206999999999999957e-03 -9.804770000000000429e-01 -1.966209999999999902e-01 2.099000000000000171e-03
2.300000000000000000e+01 2.000000000000000000e+00 1.900000000000000000e+01 0.000000000000000000e+00 1.600000000000000089e+00 4.180000000000000230e-04 -5.165000000000000320e-03 -9.999869999999999592e-01 1.935060000000000113e-01 -9.810860000000000136e-01 5.148999999999999931e-03 -9.810990000000000544e-01 -1.935060000000000113e-01 5.900000000000000296e-04
2.800000000000000000e+01 2.000000000000000000e+00 1.900000000000000000e+01 0.000000000000000000e+00 1.600000000000000089e+00 2.030000000000000012e-04 -2.626999999999999995e-03 -9.999970000000000248e-01 1.956430000000000113e-01 -9.806719999999999882e-01 2.615999999999999836e-03 -9.806749999999999634e-01 -1.956430000000000113e-01 3.150000000000000131e-04
6.000000000000000000e+00 4.000000000000000000e+00 2.000000000000000000e+01 0.000000000000000000e+00 1.600000000000000089e+00 -1.105000000000000079e-03 -2.301999999999999793e-03 -9.999970000000000248e-01 2.907290000000000152e-01 -9.568039999999999878e-01 1.881999999999999992e-03 -9.568050000000000166e-01 -2.907259999999999844e-01 1.726000000000000104e-03
1.700000000000000000e+01 4.000000000000000000e+00 2.000000000000000000e+01 0.000000000000000000e+00 1.600000000000000089e+00 -4.335999999999999577e-03 -1.994999999999999812e-03 -9.999890000000000168e-01 2.908359999999999834e-01 -9.567729999999999846e-01 6.470000000000000057e-04 -9.567630000000000301e-01 -2.908299999999999774e-01 4.728999999999999697e-03
2.000000000000000000e+01 4.000000000000000000e+00 2.000000000000000000e+01 0.000000000000000000e+00 1.600000000000000089e+00 -4.539999999999999765e-04 -3.318999999999999902e-03 -9.999940000000000495e-01 2.881150000000000100e-01 -9.575909999999999700e-01 3.047999999999999928e-03 -9.575960000000000027e-01 -2.881119999999999792e-01 1.391000000000000092e-03
2.600000000000000000e+01 4.000000000000000000e+00 2.000000000000000000e+01 0.000000000000000000e+00 1.600000000000000089e+00 8.450000000000000479e-04 -3.311000000000000141e-03 -9.999940000000000495e-01 2.913259999999999739e-01 -9.566179999999999684e-01 3.413999999999999934e-03 -9.566240000000000299e-01 -2.913270000000000026e-01 1.559999999999999972e-04
2.000000000000000000e+00 1.300000000000000000e+01 2.000000000000000000e+01 0.000000000000000000e+00 1.600000000000000089e+00 -2.519999999999999996e-04 -3.612000000000000193e-03 9.999930000000000208e-01 2.524350000000000205e-01 9.676069999999999949e-01 3.557999999999999965e-03 -9.676139999999999741e-01 2.524339999999999917e-01 6.679999999999999740e-04
9.000000000000000000e+00 1.300000000000000000e+01 2.000000000000000000e+01 0.000000000000000000e+00 1.600000000000000089e+00 -7.320000000000000118e-04 -5.559999999999999621e-04 1.000000000000000000e+00 2.540799999999999725e-01 9.671830000000000149e-01 7.230000000000000098e-04 -9.671830000000000149e-01 2.540799999999999725e-01 -5.670000000000000127e-04
1.400000000000000000e+01 1.300000000000000000e+01 2.000000000000000000e+01 0.000000000000000000e+00 1.600000000000000089e+00 -2.484999999999999796e-03 -6.591999999999999769e-03 9.999749999999999472e-01 2.566499999999999893e-01 9.664789999999999770e-01 7.008999999999999606e-03 -9.665010000000000545e-01 2.566609999999999725e-01 -7.100000000000000191e-04
1.900000000000000000e+01 1.300000000000000000e+01 2.000000000000000000e+01 0.000000000000000000e+00 1.600000000000000089e+00 -1.129999999999999955e-04 -6.089999999999999494e-04 1.000000000000000000e+00 2.568989999999999885e-01 9.664380000000000193e-01 6.179999999999999513e-04 -9.664380000000000193e-01 2.568989999999999885e-01 4.699999999999999724e-05
2.100000000000000000e+01 1.300000000000000000e+01 2.000000000000000000e+01 0.000000000000000000e+00 1.600000000000000089e+00 4.360000000000000269e-04 8.899999999999999491e-05 1.000000000000000000e+00 2.562329999999999885e-01 9.666150000000000020e-01 -1.969999999999999909e-04 -9.666150000000000020e-01 2.562329999999999885e-01 3.980000000000000248e-04
2.600000000000000000e+01 1.300000000000000000e+01 2.000000000000000000e+01 0.000000000000000000e+00 1.600000000000000089e+00 1.843999999999999936e-03 5.339999999999999695e-04 9.999980000000000535e-01 2.553070000000000062e-01 9.668600000000000527e-01 -9.870000000000000301e-04 -9.668579999999999952e-01 2.553079999999999794e-01 1.645999999999999894e-03
6.000000000000000000e+00 1.600000000000000000e+01 2.100000000000000000e+01 0.000000000000000000e+00 1.600000000000000089e+00 4.670000000000000214e-04 5.457000000000000045e-03 9.999850000000000128e-01 2.966239999999999988e-01 9.549790000000000223e-01 -5.349999999999999721e-03 -9.549940000000000095e-01 2.966219999999999968e-01 -1.172999999999999998e-03
9.000000000000000000e+00 1.600000000000000000e+01 2.100000000000000000e+01 0.000000000000000000e+00 1.600000000000000089e+00 -4.949999999999999973e-04 -7.759999999999999971e-04 1.000000000000000000e+00 2.967839999999999923e-01 9.549440000000000150e-01 8.880000000000000089e-04 -9.549440000000000150e-01 2.967850000000000210e-01 -2.420000000000000005e-04
1.400000000000000000e+01 1.600000000000000000e+01 2.100000000000000000e+01 0.000000000000000000e+00 1.600000000000000089e+00 -2.070999999999999924e-03 -6.773000000000000374e-03 9.999749999999999472e-01 2.986289999999999778e-01 9.543430000000000524e-01 7.082999999999999886e-03 -9.543669999999999654e-01 2.986360000000000126e-01 4.699999999999999724e-05
2.600000000000000000e+01 1.600000000000000000e+01 2.100000000000000000e+01 0.000000000000000000e+00 1.600000000000000089e+00 1.536000000000000039e-03 -4.209999999999999875e-04 9.999989999999999712e-01 2.991179999999999950e-01 9.542159999999999531e-01 -5.800000000000000034e-05 -9.542150000000000354e-01 2.991170000000000218e-01 1.592000000000000099e-03
4.000000000000000000e+00 3.000000000000000000e+00 2.500000000000000000e+01 0.000000000000000000e+00 1.600000000000000089e+00 -8.559999999999999901e-04 -5.310000000000000050e-04 1.000000000000000000e+00 -5.679399999999999726e-02 -9.983859999999999957e-01 -5.779999999999999548e-04 9.983859999999999957e-01 -5.679399999999999726e-02 8.249999999999999955e-04
1.300000000000000000e+01 3.000000000000000000e+00 2.500000000000000000e+01 0.000000000000000000e+00 1.600000000000000089e+00 5.866999999999999819e-03 6.708000000000000421e-03 9.999599999999999600e-01 -5.480499999999999955e-02 -9.984720000000000262e-01 7.020000000000000198e-03 9.984800000000000342e-01 -5.484399999999999692e-02 -5.490000000000000088e-03
1.800000000000000000e+01 3.000000000000000000e+00 2.500000000000000000e+01 0.000000000000000000e+00 1.600000000000000089e+00 2.092000000000000109e-03 -4.030999999999999861e-03 9.999900000000000455e-01 -5.534700000000000036e-02 -9.984600000000000142e-01 -3.909000000000000148e-03 9.984650000000000469e-01 -5.533799999999999830e-02 -2.311999999999999819e-03
3.000000000000000000e+01 3.000000000000000000e+00 2.500000000000000000e+01 0.000000000000000000e+00 1.600000000000000089e+00 -3.460000000000000076e-04 -8.193000000000000629e-03 9.999660000000000215e-01 -6.608300000000000285e-02 -9.977810000000000290e-01 -8.198000000000000426e-03 9.978139999999999787e-01 -6.608300000000000285e-02 -1.959999999999999937e-04
6.000000000000000000e+00 4.600000000000000000e+01 2.700000000000000000e+01 0.000000000000000000e+00 1.600000000000000089e+00 -1.575999999999999927e-03 1.990000000000000124e-04 -9.999989999999999712e-01 6.422799999999999621e-01 7.664689999999999559e-01 -8.599999999999999789e-04 7.664680000000000382e-01 -6.422809999999999908e-01 -1.335999999999999948e-03
1.200000000000000000e+01 4.600000000000000000e+01 2.700000000000000000e+01 0.000000000000000000e+00 1.600000000000000089e+00 1.132999999999999893e-03 -2.079999999999999872e-04 -9.999989999999999712e-01 6.442400000000000349e-01 7.648230000000000306e-01 5.699999999999999772e-04 7.648230000000000306e-01 -6.442400000000000349e-01 1.000000000000000021e-03
1.500000000000000000e+01 4.600000000000000000e+01 2.700000000000000000e+01 0.000000000000000000e+00 1.600000000000000089e+00 3.187999999999999862e-03 -5.969999999999999829e-04 -9.999949999999999672e-01 6.457720000000000127e-01 7.635290000000000132e-01 1.603000000000000041e-03 7.635239999999999805e-01 -6.457730000000000414e-01 2.818999999999999891e-03
2.500000000000000000e+01 4.600000000000000000e+01 2.700000000000000000e+01 0.000000000000000000e+00 1.600000000000000089e+00 -1.219000000000000031e-03 2.393000000000000162e-03 -9.999959999999999960e-01 6.545539999999999692e-01 7.560149999999999926e-01 1.010999999999999963e-03 7.560139999999999638e-01 -6.545499999999999652e-01 -2.488000000000000194e-03
1.800000000000000000e+01 4.600000000000000000e+01 3.000000000000000000e+01 0.000000000000000000e+00 1.600000000000000089e+00 1.539999999999999919e-03 1.853999999999999962e-03 -9.999970000000000248e-01 3.261560000000000015e-01 9.453129999999999589e-01 2.255000000000000060e-03 9.453150000000000164e-01 -3.261589999999999767e-01 8.509999999999999769e-04
8.000000000000000000e+00 5.800000000000000000e+01 3.100000000000000000e+01 0.000000000000000000e+00 1.600000000000000089e+00 -3.680000000000000003e-04 -1.997000000000000077e-03 9.999980000000000535e-01 -8.017229999999999634e-01 -5.976939999999999475e-01 -1.489000000000000089e-03 5.976960000000000051e-01 -8.017220000000000457e-01 -1.381000000000000066e-03
2.100000000000000000e+01 5.800000000000000000e+01 3.100000000000000000e+01 0.000000000000000000e+00 1.600000000000000089e+00 -7.619999999999999820e-04 -1.969999999999999963e-03 9.999980000000000535e-01 -8.028300000000000436e-01 -5.962060000000000137e-01 -1.786999999999999960e-03 5.962079999999999602e-01 -8.028290000000000148e-01 -1.128000000000000096e-03
2.600000000000000000e+01 5.800000000000000000e+01 3.100000000000000000e+01 0.000000000000000000e+00 1.600000000000000089e+00 -5.479999999999999845e-04 -5.481999999999999894e-03 9.999850000000000128e-01 -7.999270000000000547e-01 -6.000849999999999795e-01 -3.727999999999999977e-03 6.000969999999999915e-01 -7.999169999999999892e-01 -4.056999999999999842e-03
3.000000000000000000e+01 5.800000000000000000e+01 3.100000000000000000e+01 0.000000000000000000e+00 1.600000000000000089e+00 3.139999999999999888e-04 -6.597000000000000433e-03 9.999780000000000335e-01 -7.977929999999999744e-01 -6.029189999999999827e-01 -3.727999999999999977e-03 6.029309999999999947e-01 -7.977750000000000119e-01 -5.452000000000000249e-03
1.600000000000000000e+01 6.000000000000000000e+00 3.200000000000000000e+01 0.000000000000000000e+00 1.600000000000000089e+00 3.549000000000000071e-03 2.870999999999999854e-03 -9.999900000000000455e-01 9.382200000000000262e-02 9.955840000000000245e-01 3.190999999999999826e-03 9.955829999999999957e-01 -9.383299999999999974e-02 3.263999999999999974e-03
2.000000000000000000e+00 4.600000000000000000e+01 3.500000000000000000e+01 0.000000000000000000e+00 1.600000000000000089e+00 4.020000000000000136e-04 -2.884999999999999978e-03 -9.999959999999999960e-01 3.852909999999999946e-01 -9.227910000000000279e-01 2.818000000000000192e-03 -9.227950000000000319e-01 -3.852900000000000214e-01 7.410000000000000137e-04
8.000000000000000000e+00 4.600000000000000000e+01 3.500000000000000000e+01 0.000000000000000000e+00 1.600000000000000089e+00 3.640000000000000115e-04 1.757000000000000098e-03 -9.999980000000000535e-01 3.848070000000000102e-01 -9.229960000000000386e-01 -1.480999999999999895e-03 -9.229969999999999564e-01 -3.848059999999999814e-01 -1.012000000000000096e-03
1.300000000000000000e+01 4.600000000000000000e+01 3.500000000000000000e+01 0.000000000000000000e+00 1.600000000000000089e+00 -1.320000000000000101e-04 3.286999999999999991e-03 -9.999949999999999672e-01 3.856200000000000183e-01 -9.226529999999999454e-01 -3.083999999999999936e-03 -9.226579999999999782e-01 -3.856180000000000163e-01 -1.146000000000000100e-03
1.900000000000000000e+01 4.600000000000000000e+01 3.500000000000000000e+01 0.000000000000000000e+00 1.600000000000000089e+00 2.979999999999999793e-04 -1.827000000000000065e-03 -9.999980000000000535e-01 3.849890000000000256e-01 -9.229190000000000449e-01 1.801000000000000083e-03 -9.229209999999999914e-01 -3.849890000000000256e-01 4.290000000000000193e-04
2.400000000000000000e+01 4.600000000000000000e+01 3.500000000000000000e+01 0.000000000000000000e+00 1.600000000000000089e+00 8.549999999999999658e-04 -1.100000000000000039e-04 -1.000000000000000000e+00 3.850120000000000209e-01 -9.229110000000000369e-01 4.310000000000000137e-04 -9.229110000000000369e-01 -3.850120000000000209e-01 -7.470000000000000511e-04
9.000000000000000000e+00 9.500000000000000000e+01 3.600000000000000000e+01 0.000000000000000000e+00 1.600000000000000089e+00 1.379000000000000017e-03 3.010000000000000089e-03 9.999949999999999672e-01 9.982670000000000154e-01 5.882099999999999829e-02 -1.554000000000000043e-03 -5.882600000000000329e-02 9.982640000000000402e-01 -2.923999999999999950e-03
1.400000000000000000e+01 9.500000000000000000e+01 3.600000000000000000e+01 0.000000000000000000e+00 1.600000000000000089e+00 8.071000000000000049e-03 9.339999999999999344e-03 9.999240000000000350e-01 9.976110000000000255e-01 6.852900000000000658e-02 -8.692999999999999339e-03 -6.860499999999999932e-02 9.976049999999999640e-01 -8.763999999999999221e-03
1.800000000000000000e+01 9.500000000000000000e+01 3.600000000000000000e+01 0.000000000000000000e+00 1.600000000000000089e+00 7.962000000000000327e-03 1.105300000000000032e-02 9.999069999999999903e-01 9.975730000000000430e-01 6.908699999999999564e-02 -8.706999999999999462e-03 -6.917700000000000238e-02 9.975490000000000190e-01 -1.047599999999999920e-02
2.600000000000000000e+01 9.500000000000000000e+01 3.600000000000000000e+01 0.000000000000000000e+00 1.600000000000000089e+00 -3.037999999999999902e-03 2.292999999999999899e-03 9.999930000000000208e-01 9.967160000000000464e-01 8.092199999999999394e-02 2.841999999999999908e-03 -8.091500000000000081e-02 9.967179999999999929e-01 -2.530999999999999830e-03
3.000000000000000000e+00 3.000000000000000000e+00 4.300000000000000000e+01 0.000000000000000000e+00 1.600000000000000089e+00 1.583999999999999905e-03 -4.941000000000000079e-03 -9.999869999999999592e-01 7.407280000000000530e-01 -6.717899999999999983e-01 4.492000000000000333e-03 -6.718030000000000390e-01 -7.407249999999999668e-01 2.595000000000000084e-03
1.000000000000000000e+01 3.000000000000000000e+00 4.300000000000000000e+01 0.000000000000000000e+00 1.600000000000000089e+00 2.044999999999999943e-03 -2.344999999999999862e-03 -9.999949999999999672e-01 7.380320000000000213e-01 -6.747579999999999689e-01 3.092000000000000130e-03 -6.747619999999999729e-01 -7.380349999999999966e-01 3.510000000000000208e-04
1.700000000000000000e+01 3.000000000000000000e+00 4.300000000000000000e+01 0.000000000000000000e+00 1.600000000000000089e+00 -4.429999999999999802e-04 2.339700000000000113e-02 -9.997260000000000035e-01 7.396540000000000337e-01 -6.727950000000000319e-01 -1.607300000000000048e-02 -6.729870000000000019e-01 -7.394589999999999774e-01 -1.700799999999999881e-02
2.400000000000000000e+01 3.000000000000000000e+00 4.300000000000000000e+01 0.000000000000000000e+00 1.600000000000000089e+00 1.565999999999999901e-03 4.655000000000000283e-03 -9.999879999999999880e-01 7.367110000000000047e-01 -6.762049999999999450e-01 -1.994000000000000113e-03 -6.762059999999999738e-01 -7.366989999999999927e-01 -4.488999999999999935e-03
6.000000000000000000e+00 8.000000000000000000e+00 4.400000000000000000e+01 0.000000000000000000e+00 1.600000000000000089e+00 -3.289999999999999739e-04 -6.204999999999999578e-03 9.999810000000000088e-01 -7.825520000000000254e-01 -6.225720000000000143e-01 -4.120999999999999663e-03 6.225850000000000550e-01 -7.825379999999999558e-01 -4.650999999999999752e-03
1.000000000000000000e+01 8.000000000000000000e+00 4.400000000000000000e+01 0.000000000000000000e+00 1.600000000000000089e+00 -9.110000000000000259e-04 4.575000000000000074e-03 9.999890000000000168e-01 -7.828720000000000123e-01 -6.221790000000000376e-01 2.132999999999999913e-03 6.221820000000000128e-01 -7.828610000000000291e-01 4.148999999999999910e-03
2.000000000000000000e+01 8.000000000000000000e+00 4.400000000000000000e+01 0.000000000000000000e+00 1.600000000000000089e+00 1.337999999999999997e-03 2.889000000000000075e-03 9.999949999999999672e-01 -7.852510000000000323e-01 -6.191710000000000269e-01 2.840000000000000076e-03 6.191759999999999486e-01 -7.852510000000000323e-01 1.440000000000000091e-03
5.000000000000000000e+00 2.900000000000000000e+01 4.400000000000000000e+01 0.000000000000000000e+00 1.600000000000000089e+00 2.256000000000000193e-03 -4.259999999999999898e-03 -9.999879999999999880e-01 6.700979999999999714e-01 7.422710000000000141e-01 -1.649999999999999991e-03 7.422689999999999566e-01 -6.700869999999999882e-01 4.529000000000000040e-03
1.000000000000000000e+01 2.900000000000000000e+01 4.400000000000000000e+01 0.000000000000000000e+00 1.600000000000000089e+00 1.438000000000000042e-03 -3.465000000000000198e-03 -9.999930000000000208e-01 6.772099999999999786e-01 7.357879999999999976e-01 -1.575000000000000011e-03 7.357879999999999976e-01 -6.772029999999999994e-01 3.405000000000000041e-03
1.800000000000000000e+01 2.900000000000000000e+01 4.400000000000000000e+01 0.000000000000000000e+00 1.600000000000000089e+00 1.974000000000000060e-03 -5.659999999999999884e-04 -9.999980000000000535e-01 6.843900000000000539e-01 7.291149999999999576e-01 9.389999999999999476e-04 7.291130000000000111e-01 -6.843909999999999716e-01 1.827000000000000065e-03
2.200000000000000000e+01 2.900000000000000000e+01 4.400000000000000000e+01 0.000000000000000000e+00 1.600000000000000089e+00 1.338999999999999913e-03 -1.467999999999999904e-03 -9.999980000000000535e-01 6.873209999999999598e-01 7.263540000000000552e-01 -1.459999999999999981e-04 7.263530000000000264e-01 -6.873190000000000133e-01 1.981999999999999821e-03
2.600000000000000000e+01 2.900000000000000000e+01 4.400000000000000000e+01 0.000000000000000000e+00 1.600000000000000089e+00 -3.029999999999999924e-04 1.800000000000000046e-05 -1.000000000000000000e+00 6.858800000000000452e-01 7.277150000000000007e-01 -1.949999999999999965e-04 7.277150000000000007e-01 -6.858800000000000452e-01 -2.329999999999999986e-04
3.000000000000000000e+01 2.900000000000000000e+01 4.400000000000000000e+01 0.000000000000000000e+00 1.600000000000000089e+00 -4.180000000000000230e-04 9.520000000000000467e-04 -1.000000000000000000e+00 6.849189999999999445e-01 7.286190000000000166e-01 4.079999999999999968e-04 7.286190000000000166e-01 -6.849189999999999445e-01 -9.569999999999999514e-04
7.000000000000000000e+00 5.000000000000000000e+00 5.100000000000000000e+01 0.000000000000000000e+00 1.600000000000000089e+00 -2.325999999999999943e-03 1.603999999999999957e-03 -9.999959999999999960e-01 4.907210000000000183e-01 -8.713130000000000042e-01 -2.539000000000000024e-03 -8.713140000000000329e-01 -4.907250000000000223e-01 1.239000000000000084e-03
1.000000000000000000e+01 5.000000000000000000e+00 5.100000000000000000e+01 0.000000000000000000e+00 1.600000000000000089e+00 -2.624000000000000030e-03 3.284000000000000027e-03 -9.999909999999999632e-01 4.920220000000000149e-01 -8.705730000000000413e-01 -4.150000000000000043e-03 -8.705789999999999917e-01 -4.920280000000000209e-01 6.679999999999999740e-04
2.900000000000000000e+01 5.000000000000000000e+00 5.100000000000000000e+01 0.000000000000000000e+00 1.600000000000000089e+00 -2.899999999999999800e-03 -1.818900000000000031e-02 -9.998299999999999965e-01 4.901869999999999838e-01 -8.714979999999999949e-01 1.443299999999999965e-02 -8.716120000000000534e-01 -4.900619999999999976e-01 1.144399999999999931e-02
1.200000000000000000e+01 6.000000000000000000e+00 5.100000000000000000e+01 0.000000000000000000e+00 1.600000000000000089e+00 -2.719999999999999979e-04 1.379999999999999933e-03 -9.999989999999999712e-01 3.276189999999999936e-01 -9.448090000000000099e-01 -1.392999999999999924e-03 -9.448100000000000387e-01 -3.276189999999999936e-01 -1.949999999999999965e-04
8.000000000000000000e+00 7.000000000000000000e+00 5.200000000000000000e+01 0.000000000000000000e+00 1.600000000000000089e+00 -8.559999999999999901e-04 4.722999999999999768e-03 -9.999879999999999880e-01 1.094289999999999985e-01 -9.939829999999999499e-01 -4.787999999999999722e-03 -9.939940000000000442e-01 -1.094320000000000015e-01 3.339999999999999870e-04
2.800000000000000000e+01 7.000000000000000000e+00 5.200000000000000000e+01 0.000000000000000000e+00 1.600000000000000089e+00 -5.526999999999999795e-03 -1.014100000000000071e-02 -9.999329999999999607e-01 1.047440000000000038e-01 -9.944539999999999491e-01 9.506000000000000560e-03 -9.944840000000000346e-01 -1.046839999999999993e-01 6.558999999999999726e-03
2.900000000000000000e+01 1.500000000000000000e+01 5.300000000000000000e+01 0.000000000000000000e+00 1.600000000000000089e+00 1.662000000000000066e-03 -2.111400000000000082e-02 -9.997759999999999980e-01 6.894320000000000448e-01 7.242119999999999669e-01 -1.414800000000000085e-02 7.243479999999999919e-01 -6.892540000000000333e-01 1.575999999999999970e-02
3.000000000000000000e+00 6.300000000000000000e+01 5.400000000000000000e+01 0.000000000000000000e+00 1.600000000000000089e+00 -5.339999999999999695e-04 2.478000000000000168e-03 9.999970000000000248e-01 -3.508999999999999897e-01 9.364099999999999646e-01 -2.507999999999999813e-03 -9.364130000000000509e-01 -3.508999999999999897e-01 3.690000000000000246e-04
8.000000000000000000e+00 6.300000000000000000e+01 5.400000000000000000e+01 0.000000000000000000e+00 1.600000000000000089e+00 -3.919999999999999873e-04 -4.580000000000000195e-04 1.000000000000000000e+00 -3.584280000000000244e-01 9.335569999999999702e-01 2.869999999999999830e-04 -9.335569999999999702e-01 -3.584280000000000244e-01 -5.299999999999999807e-04
1.300000000000000000e+01 6.300000000000000000e+01 5.400000000000000000e+01 0.000000000000000000e+00 1.600000000000000089e+00 6.800000000000000488e-04 -1.453000000000000081e-03 9.999989999999999712e-01 -3.525079999999999880e-01 9.358070000000000555e-01 1.598999999999999944e-03 -9.358090000000000019e-01 -3.525090000000000168e-01 1.250000000000000026e-04
2.200000000000000000e+01 6.300000000000000000e+01 5.400000000000000000e+01 0.000000000000000000e+00 1.600000000000000089e+00 1.190000000000000058e-04 -3.193999999999999791e-03 9.999949999999999672e-01 -3.502199999999999758e-01 9.366630000000000233e-01 3.033000000000000106e-03 -9.366679999999999451e-01 -3.502179999999999738e-01 -1.007000000000000083e-03
1.600000000000000000e+01 2.500000000000000000e+01 5.500000000000000000e+01 0.000000000000000000e+00 1.600000000000000089e+00 9.810000000000001011e-04 -1.350000000000000071e-03 -9.999989999999999712e-01 -1.351600000000000024e-02 -9.999080000000000190e-01 1.337000000000000081e-03 -9.999080000000000190e-01 1.351499999999999924e-02 -1.000000000000000021e-03
2.500000000000000000e+01 2.500000000000000000e+01 5.500000000000000000e+01 0.000000000000000000e+00 1.600000000000000089e+00 3.339999999999999870e-04 1.441000000000000007e-03 -9.999989999999999712e-01 -1.473900000000000036e-02 -9.998899999999999455e-01 -1.445000000000000104e-03 -9.998909999999999743e-01 1.473999999999999963e-02 -3.119999999999999944e-04
6.000000000000000000e+00 6.800000000000000000e+01 5.700000000000000000e+01 0.000000000000000000e+00 1.600000000000000089e+00 -2.000000000000000096e-04 -8.661999999999999561e-03 -9.999620000000000175e-01 -2.458430000000000060e-01 -9.692730000000000512e-01 8.444999999999999382e-03 -9.693100000000000049e-01 2.458359999999999990e-01 -1.936000000000000004e-03
1.900000000000000000e+01 6.800000000000000000e+01 5.700000000000000000e+01 0.000000000000000000e+00 1.600000000000000089e+00 -2.005999999999999971e-03 6.595000000000000168e-03 -9.999759999999999760e-01 -2.455120000000000080e-01 -9.693760000000000154e-01 -5.899999999999999863e-03 -9.693920000000000314e-01 2.454939999999999900e-01 3.563999999999999894e-03
2.400000000000000000e+01 6.800000000000000000e+01 5.700000000000000000e+01 0.000000000000000000e+00 1.600000000000000089e+00 -4.659999999999999971e-04 -1.464000000000000024e-03 -9.999989999999999712e-01 -2.441210000000000047e-01 -9.697430000000000216e-01 1.533999999999999990e-03 -9.697449999999999681e-01 2.441220000000000057e-01 9.399999999999999448e-05
4.000000000000000000e+00 2.100000000000000000e+01 6.000000000000000000e+01 0.000000000000000000e+00 1.600000000000000089e+00 3.229999999999999798e-03 6.690999999999999899e-03 9.999719999999999720e-01 -9.072900000000000409e-02 9.958550000000000457e-01 -6.369999999999999794e-03 -9.958700000000000330e-01 -9.070599999999999496e-02 3.824000000000000142e-03
1.300000000000000000e+01 2.100000000000000000e+01 6.000000000000000000e+01 0.000000000000000000e+00 1.600000000000000089e+00 7.619999999999999820e-04 -2.818999999999999891e-03 9.999959999999999960e-01 -9.009499999999999453e-02 9.959289999999999532e-01 2.876000000000000084e-03 -9.959329999999999572e-01 -9.009699999999999653e-02 5.050000000000000235e-04
8.000000000000000000e+00 3.000000000000000000e+00 6.300000000000000000e+01 0.000000000000000000e+00 1.600000000000000089e+00 1.317000000000000028e-03 -2.393000000000000162e-03 9.999959999999999960e-01 -6.147350000000000314e-01 7.887290000000000134e-01 2.697000000000000178e-03 -7.887330000000000174e-01 -6.147359999999999491e-01 -4.319999999999999838e-04
4.000000000000000000e+00 2.700000000000000000e+01 6.300000000000000000e+01 0.000000000000000000e+00 1.600000000000000089e+00 -6.000000000000000152e-06 4.185999999999999617e-03 9.999909999999999632e-01 -2.694989999999999886e-01 9.629919999999999591e-01 -4.031999999999999994e-03 -9.630009999999999959e-01 -2.694960000000000133e-01 1.121999999999999950e-03
9.000000000000000000e+00 2.700000000000000000e+01 6.300000000000000000e+01 0.000000000000000000e+00 1.600000000000000089e+00 2.592999999999999819e-03 6.708000000000000421e-03 9.999740000000000295e-01 -2.753329999999999944e-01 9.613319999999999643e-01 -5.734000000000000381e-03 -9.613450000000000051e-01 -2.753109999999999724e-01 4.340000000000000108e-03
1.500000000000000000e+01 2.700000000000000000e+01 6.300000000000000000e+01 0.000000000000000000e+00 1.600000000000000089e+00 1.310000000000000129e-04 -1.789000000000000009e-03 9.999980000000000535e-01 -2.788789999999999880e-01 9.603249999999999842e-01 1.753999999999999917e-03 -9.603260000000000129e-01 -2.788789999999999880e-01 -3.730000000000000134e-04
2.100000000000000000e+01 2.700000000000000000e+01 6.300000000000000000e+01 0.000000000000000000e+00 1.600000000000000089e+00 -1.971999999999999795e-03 -1.709999999999999932e-03 9.999970000000000248e-01 -2.769789999999999752e-01 9.608750000000000346e-01 1.097000000000000102e-03 -9.608740000000000059e-01 -2.769760000000000000e-01 -2.369000000000000012e-03
2.600000000000000000e+01 2.700000000000000000e+01 6.300000000000000000e+01 0.000000000000000000e+00 1.600000000000000089e+00 -9.290000000000000297e-04 -2.018999999999999961e-03 9.999980000000000535e-01 -2.774249999999999772e-01 9.607459999999999889e-01 1.681999999999999901e-03 -9.607470000000000176e-01 -2.774229999999999752e-01 -1.451999999999999949e-03
7.000000000000000000e+00 2.600000000000000000e+01 6.400000000000000000e+01 0.000000000000000000e+00 1.600000000000000089e+00 2.358999999999999986e-03 3.956999999999999580e-03 9.999890000000000168e-01 -3.512719999999999732e-01 9.362690000000000179e-01 -2.876000000000000084e-03 -9.362709999999999644e-01 -3.512609999999999899e-01 3.599000000000000202e-03
2.000000000000000000e+01 2.600000000000000000e+01 6.400000000000000000e+01 0.000000000000000000e+00 1.600000000000000089e+00 -2.956999999999999993e-03 -3.060000000000000111e-04 9.999959999999999960e-01 -3.538979999999999904e-01 9.352840000000000042e-01 -7.609999999999999577e-04 -9.352789999999999715e-01 -3.538990000000000191e-01 -2.873999999999999819e-03
2.800000000000000000e+01 2.600000000000000000e+01 6.400000000000000000e+01 0.000000000000000000e+00 1.600000000000000089e+00 -6.589999999999999721e-04 3.179999999999999776e-04 1.000000000000000000e+00 -3.580820000000000114e-01 9.336900000000000199e-01 -5.330000000000000536e-04 -9.336900000000000199e-01 -3.580820000000000114e-01 -5.019999999999999506e-04
1.700000000000000000e+01 4.400000000000000000e+01 7.300000000000000000e+01 0.000000000000000000e+00 1.600000000000000089e+00 6.558999999999999726e-03 -2.462900000000000159e-02 9.996749999999999803e-01 4.693699999999999956e-02 -9.985870000000000024e-01 -2.491000000000000159e-02 9.988759999999999861e-01 4.708500000000000185e-02 -5.394000000000000357e-03
