7.000000000000000000e+00 1.500000000000000000e+01 4.000000000000000000e+00 0.000000000000000000e+00 1.600000000000000089e+00 3.060999999999999919e-03 7.666000000000000071e-03 9.999660000000000215e-01 2.689520000000000244e-01 -9.631309999999999594e-01 6.559999999999999859e-03 9.631490000000000329e-01 2.689230000000000231e-01 -5.009999999999999697e-03
1.100000000000000000e+01 1.500000000000000000e+01 4.000000000000000000e+00 0.000000000000000000e+00 1.600000000000000089e+00 -1.717999999999999909e-03 6.641000000000000202e-03 9.999759999999999760e-01 2.723369999999999957e-01 -9.621769999999999490e-01 6.858000000000000380e-03 9.622000000000000552e-01 2.723430000000000017e-01 -1.559999999999999972e-04
5.000000000000000000e+00 1.600000000000000000e+01 4.000000000000000000e+00 0.000000000000000000e+00 1.600000000000000089e+00 2.870000000000000155e-03 8.170000000000000179e-04 9.999959999999999960e-01 3.311729999999999952e-01 -9.435700000000000198e-01 -1.800000000000000113e-04 9.435660000000000158e-01 3.311720000000000219e-01 -2.978999999999999877e-03
2.200000000000000000e+01 1.600000000000000000e+01 4.000000000000000000e+00 0.000000000000000000e+00 1.600000000000000089e+00 7.296999999999999667e-03 -1.187999999999999994e-02 9.999029999999999863e-01 3.410020000000000273e-01 -9.399640000000000217e-01 -1.365599999999999974e-02 9.400340000000000362e-01 3.410679999999999823e-01 -2.808000000000000166e-03
4.000000000000000000e+00 1.010000000000000000e+02 7.000000000000000000e+00 0.000000000000000000e+00 1.600000000000000089e+00 1.059999999999999961e-03 1.028000000000000051e-03 9.999989999999999712e-01 8.840599999999999570e-01 4.673720000000000097e-01 -1.417999999999999990e-03 -4.673729999999999829e-01 8.840599999999999570e-01 -4.130000000000000099e-04
2.000000000000000000e+01 1.010000000000000000e+02 7.000000000000000000e+00 0.000000000000000000e+00 1.600000000000000089e+00 9.240000000000000166e-04 -1.286000000000000034e-03 9.999989999999999712e-01 8.838780000000000525e-01 4.677180000000000226e-01 -2.149999999999999947e-04 -4.677180000000000226e-01 8.838770000000000238e-01 1.569000000000000082e-03
3.000000000000000000e+01 1.010000000000000000e+02 7.000000000000000000e+00 0.000000000000000000e+00 1.600000000000000089e+00 2.756000000000000203e-03 1.032300000000000058e-02 9.999430000000000263e-01 8.861599999999999477e-01 4.633229999999999849e-01 -7.225999999999999784e-03 -4.633709999999999773e-01 8.861289999999999445e-01 -7.870000000000000259e-03
3.000000000000000000e+00 1.500000000000000000e+01 8.000000000000000000e+00 0.000000000000000000e+00 1.600000000000000089e+00 -9.150000000000000147e-04 -1.180999999999999975e-03 -9.999989999999999712e-01 -5.793420000000000236e-01 -8.150830000000000020e-01 1.492999999999999969e-03 -8.150840000000000307e-01 5.793430000000000524e-01 6.200000000000000270e-05
7.000000000000000000e+00 1.500000000000000000e+01 8.000000000000000000e+00 0.000000000000000000e+00 1.600000000000000089e+00 -3.009999999999999980e-04 7.023999999999999862e-03 -9.999749999999999472e-01 -5.799239999999999950e-01 -8.146520000000000428e-01 -5.547999999999999980e-03 -8.146710000000000340e-01 5.799079999999999790e-01 4.318999999999999923e-03
1.000000000000000000e+01 1.500000000000000000e+01 8.000000000000000000e+00 0.000000000000000000e+00 1.600000000000000089e+00 1.494000000000000102e-03 6.056999999999999884e-03 -9.999810000000000088e-01 -5.793509999999999494e-01 -8.150570000000000315e-01 -5.802999999999999999e-03 -8.150770000000000515e-01 5.793490000000000029e-01 2.291000000000000068e-03
1.400000000000000000e+01 1.500000000000000000e+01 8.000000000000000000e+00 0.000000000000000000e+00 1.600000000000000089e+00 9.740000000000000394e-04 -4.961000000000000132e-03 -9.999869999999999592e-01 -5.776780000000000248e-01 -8.162570000000000103e-01 3.487000000000000082e-03 -8.162639999999999896e-01 5.776679999999999593e-01 -3.661000000000000192e-03
1.700000000000000000e+01 1.500000000000000000e+01 8.000000000000000000e+00 0.000000000000000000e+00 1.600000000000000089e+00 -2.981000000000000143e-03 -9.983999999999999819e-03 -9.999460000000000015e-01 -5.779680000000000373e-01 -8.159999999999999476e-01 9.870999999999999566e-03 -8.160539999999999461e-01 5.779659999999999798e-01 -3.337999999999999821e-03
2.200000000000000000e+01 1.500000000000000000e+01 8.000000000000000000e+00 0.000000000000000000e+00 1.600000000000000089e+00 -8.212999999999999814e-03 -1.331799999999999998e-02 -9.998780000000000445e-01 -5.828100000000000502e-01 -8.124580000000000135e-01 1.560899999999999961e-02 -8.125670000000000393e-01 5.828670000000000240e-01 -1.088999999999999907e-03
2.800000000000000000e+01 1.500000000000000000e+01 8.000000000000000000e+00 0.000000000000000000e+00 1.600000000000000089e+00 -2.641999999999999817e-03 -5.721000000000000391e-03 -9.999799999999999800e-01 -5.852260000000000240e-01 -8.108469999999999844e-01 6.185000000000000393e-03 -8.108659999999999757e-01 5.852309999999999457e-01 -1.204999999999999908e-03
6.000000000000000000e+00 2.600000000000000000e+01 8.000000000000000000e+00 0.000000000000000000e+00 1.600000000000000089e+00 5.450000000000000200e-04 -1.681999999999999901e-03 -9.999980000000000535e-01 4.093740000000000157e-01 9.123660000000000103e-01 -1.312000000000000015e-03 9.123660000000000103e-01 -4.093729999999999869e-01 1.185000000000000072e-03
1.400000000000000000e+01 2.600000000000000000e+01 8.000000000000000000e+00 0.000000000000000000e+00 1.600000000000000089e+00 5.180000000000000143e-04 6.310000000000000504e-04 -1.000000000000000000e+00 4.106110000000000038e-01 9.118100000000000094e-01 7.879999999999999635e-04 9.118100000000000094e-01 -4.106119999999999770e-01 2.139999999999999975e-04
2.100000000000000000e+01 2.600000000000000000e+01 8.000000000000000000e+00 0.000000000000000000e+00 1.600000000000000089e+00 5.846999999999999767e-03 1.150600000000000060e-02 -9.999169999999999447e-01 4.085449999999999915e-01 9.126469999999999860e-01 1.289099999999999968e-02 9.127189999999999470e-01 -4.085860000000000047e-01 6.350000000000000392e-04
2.600000000000000000e+01 2.600000000000000000e+01 8.000000000000000000e+00 0.000000000000000000e+00 1.600000000000000089e+00 4.036999999999999790e-03 7.683999999999999858e-03 -9.999620000000000175e-01 4.067470000000000252e-01 9.134999999999999787e-01 8.661999999999999561e-03 9.135320000000000107e-01 -4.067669999999999897e-01 5.619999999999999996e-04
3.000000000000000000e+00 2.400000000000000000e+01 9.000000000000000000e+00 0.000000000000000000e+00 1.600000000000000089e+00 3.347999999999999848e-03 1.057899999999999986e-02 -9.999379999999999935e-01 4.628470000000000084e-01 8.863710000000000200e-01 1.092699999999999921e-02 8.864319999999999977e-01 -4.628550000000000164e-01 -1.928999999999999942e-03
1.100000000000000000e+01 2.400000000000000000e+01 9.000000000000000000e+00 0.000000000000000000e+00 1.600000000000000089e+00 -5.150000000000000498e-04 -3.681999999999999943e-03 -9.999930000000000208e-01 4.623920000000000252e-01 8.866690000000000405e-01 -3.503000000000000037e-03 8.866749999999999909e-01 -4.623909999999999965e-01 1.245999999999999929e-03
1.400000000000000000e+01 2.400000000000000000e+01 9.000000000000000000e+00 0.000000000000000000e+00 1.600000000000000089e+00 5.140000000000000254e-04 2.003000000000000006e-03 -9.999980000000000535e-01 4.626720000000000277e-01 8.865269999999999539e-01 2.013000000000000032e-03 8.865290000000000115e-01 -4.626720000000000277e-01 -4.710000000000000102e-04
2.000000000000000000e+01 2.400000000000000000e+01 9.000000000000000000e+00 0.000000000000000000e+00 1.600000000000000089e+00 5.692000000000000011e-03 9.405999999999999431e-03 -9.999400000000000510e-01 4.599739999999999940e-01 8.878639999999999866e-01 1.097000000000000058e-02 8.879139999999999810e-01 -4.600090000000000012e-01 7.269999999999999987e-04
1.400000000000000000e+01 1.040000000000000000e+02 1.100000000000000000e+01 0.000000000000000000e+00 1.600000000000000089e+00 2.719999999999999979e-04 -3.995000000000000287e-03 9.999919999999999920e-01 -9.725530000000000008e-01 -2.326799999999999979e-01 -6.650000000000000095e-04 2.326809999999999989e-01 -9.725449999999999928e-01 -3.949000000000000253e-03
2.200000000000000000e+01 1.040000000000000000e+02 1.100000000000000000e+01 0.000000000000000000e+00 1.600000000000000089e+00 -2.187999999999999841e-03 4.534999999999999969e-03 9.999869999999999592e-01 -9.737930000000000197e-01 -2.274349999999999983e-01 -1.100000000000000066e-03 2.274269999999999903e-01 -9.737829999999999542e-01 4.913999999999999965e-03
7.000000000000000000e+00 3.100000000000000000e+01 1.200000000000000000e+01 0.000000000000000000e+00 1.600000000000000089e+00 -2.910000000000000260e-04 7.910000000000000364e-04 1.000000000000000000e+00 -5.787999999999999742e-03 9.999829999999999552e-01 -7.929999999999999766e-04 -9.999829999999999552e-01 -5.787999999999999742e-03 -2.860000000000000129e-04
1.100000000000000000e+01 3.100000000000000000e+01 1.200000000000000000e+01 0.000000000000000000e+00 1.600000000000000089e+00 1.910000000000000077e-04 2.657000000000000074e-03 9.999959999999999960e-01 -9.089999999999999773e-04 9.999959999999999960e-01 -2.657000000000000074e-03 -1.000000000000000000e+00 -9.079999999999999530e-04 1.939999999999999993e-04
1.800000000000000000e+01 3.100000000000000000e+01 1.200000000000000000e+01 0.000000000000000000e+00 1.600000000000000089e+00 -8.300000000000000086e-04 5.021000000000000289e-03 9.999869999999999592e-01 4.572999999999999808e-03 9.999770000000000048e-01 -5.017999999999999891e-03 -9.999890000000000168e-01 4.569000000000000145e-03 -8.530000000000000256e-04
2.500000000000000000e+01 3.100000000000000000e+01 1.200000000000000000e+01 0.000000000000000000e+00 1.600000000000000089e+00 3.069999999999999812e-04 -4.300000000000000165e-05 1.000000000000000000e+00 6.816000000000000010e-03 9.999770000000000048e-01 4.100000000000000047e-05 -9.999770000000000048e-01 6.816000000000000010e-03 3.069999999999999812e-04
3.000000000000000000e+01 3.100000000000000000e+01 1.200000000000000000e+01 0.000000000000000000e+00 1.600000000000000089e+00 -1.512000000000000106e-03 -2.471000000000000106e-03 9.999959999999999960e-01 7.875999999999999321e-03 9.999660000000000215e-01 2.482999999999999964e-03 -9.999679999999999680e-01 7.879999999999999852e-03 -1.492999999999999969e-03
1.000000000000000000e+00 1.200000000000000000e+01 1.500000000000000000e+01 0.000000000000000000e+00 1.600000000000000089e+00 7.380000000000000492e-04 -6.620000000000000450e-04 -9.999989999999999712e-01 -4.732049999999999867e-01 -8.809519999999999573e-01 2.339999999999999958e-04 -8.809519999999999573e-01 4.732049999999999867e-01 -9.629999999999999888e-04
6.000000000000000000e+00 1.200000000000000000e+01 1.500000000000000000e+01 0.000000000000000000e+00 1.600000000000000089e+00 -6.930000000000000396e-04 3.347999999999999848e-03 -9.999940000000000495e-01 -4.742739999999999734e-01 -8.803729999999999611e-01 -2.618999999999999800e-03 -8.803769999999999651e-01 4.742700000000000249e-01 2.197999999999999867e-03
1.200000000000000000e+01 1.200000000000000000e+01 1.500000000000000000e+01 0.000000000000000000e+00 1.600000000000000089e+00 1.289999999999999914e-03 4.091000000000000018e-03 -9.999909999999999632e-01 -4.739229999999999832e-01 -8.805560000000000054e-01 -4.212999999999999731e-03 -8.805650000000000421e-01 4.739240000000000119e-01 8.019999999999999785e-04
1.700000000000000000e+01 1.200000000000000000e+01 1.500000000000000000e+01 0.000000000000000000e+00 1.600000000000000089e+00 -2.227999999999999946e-03 -3.246000000000000187e-03 -9.999919999999999920e-01 -4.713430000000000120e-01 -8.819409999999999750e-01 3.912999999999999812e-03 -8.819470000000000365e-01 4.713479999999999892e-01 4.350000000000000026e-04
2.100000000000000000e+01 1.200000000000000000e+01 1.500000000000000000e+01 0.000000000000000000e+00 1.600000000000000089e+00 -5.890000000000000270e-03 -3.017000000000000150e-03 -9.999780000000000335e-01 -4.691270000000000162e-01 -8.831139999999999546e-01 5.427999999999999665e-03 -8.831109999999999793e-01 4.691489999999999827e-01 3.785999999999999869e-03
2.800000000000000000e+01 1.200000000000000000e+01 1.500000000000000000e+01 0.000000000000000000e+00 1.600000000000000089e+00 -1.866000000000000037e-03 -1.075300000000000041e-02 -9.999400000000000510e-01 -4.686629999999999963e-01 -8.833159999999999901e-01 1.037300000000000028e-02 -8.833750000000000213e-01 4.686549999999999883e-01 -3.390999999999999917e-03
5.000000000000000000e+00 2.000000000000000000e+00 1.900000000000000000e+01 0.000000000000000000e+00 1.600000000000000089e+00 -9.380000000000000317e-04 9.955000000000000307e-03 -9.999500000000000055e-01 1.656670000000000087e-01 -9.861309999999999798e-01 -9.972999999999999227e-03 -9.861809999999999743e-01 -1.656680000000000097e-01 -7.240000000000000342e-04
9.000000000000000000e+00 2.000000000000000000e+00 1.900000000000000000e+01 0.000000000000000000e+00 1.600000000000000089e+00 1.371999999999999956e-03 4.937999999999999681e-03 -9.999869999999999592e-01 1.657480000000000064e-01 -9.861569999999999503e-01 -4.642000000000000293e-03 -9.861670000000000158e-01 -1.657399999999999984e-01 -2.171000000000000187e-03
1.200000000000000000e+01 2.000000000000000000e+00 1.900000000000000000e+01 0.000000000000000000e+00 1.600000000000000089e+00 2.575000000000000032e-03 -7.039999999999999817e-04 -9.999959999999999960e-01 1.648439999999999905e-01 -9.863189999999999458e-01 1.118999999999999986e-03 -9.863159999999999705e-01 -1.648459999999999925e-01 -2.423999999999999939e-03
1.400000000000000000e+01 2.000000000000000000e+00 1.900000000000000000e+01 0.000000000000000000e+00 1.600000000000000089e+00 1.195000000000000099e-03 -1.041999999999999958e-03 -9.999989999999999712e-01 1.652470000000000050e-01 -9.862509999999999888e-01 1.224999999999999960e-03 -9.862509999999999888e-01 -1.652490000000000070e-01 -1.005999999999999950e-03
1.800000000000000000e+01 2.000000000000000000e+00 1.900000000000000000e+01 0.000000000000000000e+00 1.600000000000000089e+00 -1.863999999999999988e-03 -3.559000000000000098e-03 -9.999919999999999920e-01 1.695160000000000000e-01 -9.855220000000000091e-01 3.191999999999999959e-03 -9.855260000000000131e-01 -1.695089999999999930e-01 2.439999999999999895e-03
8.000000000000000000e+00 4.000000000000000000e+00 2.000000000000000000e+01 0.000000000000000000e+00 1.600000000000000089e+00 1.730000000000000038e-04 5.649999999999999641e-03 -9.999839999999999840e-01 2.552769999999999762e-01 -9.668529999999999625e-01 -5.418000000000000073e-03 -9.668679999999999497e-01 -2.552719999999999989e-01 -1.610000000000000103e-03
1.300000000000000000e+01 4.000000000000000000e+00 2.000000000000000000e+01 0.000000000000000000e+00 1.600000000000000089e+00 2.625000000000000163e-03 1.887999999999999921e-03 -9.999949999999999672e-01 2.567590000000000150e-01 -9.664749999999999730e-01 -1.149999999999999981e-03 -9.664719999999999978e-01 -2.567550000000000110e-01 -3.021999999999999947e-03
2.000000000000000000e+01 4.000000000000000000e+00 2.000000000000000000e+01 0.000000000000000000e+00 1.600000000000000089e+00 1.126999999999999964e-03 -9.272999999999999993e-03 -9.999559999999999560e-01 2.678579999999999850e-01 -9.634139999999999926e-01 9.235999999999999419e-03 -9.634580000000000366e-01 -2.678570000000000118e-01 1.397999999999999937e-03
2.700000000000000000e+01 4.000000000000000000e+00 2.000000000000000000e+01 0.000000000000000000e+00 1.600000000000000089e+00 2.017999999999999829e-03 4.041000000000000321e-03 -9.999900000000000455e-01 2.721839999999999815e-01 -9.622389999999999555e-01 -3.338999999999999954e-03 -9.622429999999999595e-01 -2.721750000000000003e-01 -3.041999999999999999e-03
3.000000000000000000e+00 1.300000000000000000e+01 2.000000000000000000e+01 0.000000000000000000e+00 1.600000000000000089e+00 -1.083999999999999894e-03 -1.046999999999999971e-03 9.999989999999999712e-01 2.567110000000000225e-01 9.664869999999999850e-01 1.289999999999999914e-03 -9.664880000000000138e-01 2.567119999999999957e-01 -7.789999999999999616e-04
1.100000000000000000e+01 1.300000000000000000e+01 2.000000000000000000e+01 0.000000000000000000e+00 1.600000000000000089e+00 3.020000000000000223e-04 7.630000000000000063e-04 1.000000000000000000e+00 2.559339999999999948e-01 9.666940000000000532e-01 -8.149999999999999693e-04 -9.666940000000000532e-01 2.559339999999999948e-01 9.600000000000000243e-05
1.900000000000000000e+01 1.300000000000000000e+01 2.000000000000000000e+01 0.000000000000000000e+00 1.600000000000000089e+00 -1.019999999999999992e-04 8.307999999999999413e-03 9.999649999999999928e-01 2.590290000000000092e-01 9.658360000000000278e-01 -7.997999999999999901e-03 -9.658689999999999776e-01 2.590199999999999725e-01 -2.249999999999999830e-03
2.500000000000000000e+01 1.300000000000000000e+01 2.000000000000000000e+01 0.000000000000000000e+00 1.600000000000000089e+00 -1.700000000000000122e-04 3.471000000000000127e-03 9.999940000000000495e-01 2.595930000000000182e-01 9.657130000000000436e-01 -3.308000000000000176e-03 -9.657179999999999653e-01 2.595910000000000162e-01 -1.064999999999999974e-03
2.800000000000000000e+01 1.300000000000000000e+01 2.000000000000000000e+01 0.000000000000000000e+00 1.600000000000000089e+00 3.159999999999999832e-04 -4.425000000000000114e-03 9.999900000000000455e-01 2.591450000000000142e-01 9.658290000000000486e-01 4.192000000000000413e-03 -9.658379999999999743e-01 2.591410000000000102e-01 1.451999999999999949e-03
5.000000000000000000e+00 1.600000000000000000e+01 2.100000000000000000e+01 0.000000000000000000e+00 1.600000000000000089e+00 -1.955000000000000140e-03 -5.060000000000000478e-04 9.999980000000000535e-01 2.994660000000000100e-01 9.541070000000000384e-01 1.069000000000000072e-03 -9.541049999999999809e-01 2.994669999999999832e-01 -1.714000000000000029e-03
1.100000000000000000e+01 1.600000000000000000e+01 2.100000000000000000e+01 0.000000000000000000e+00 1.600000000000000089e+00 -1.150000000000000035e-04 2.338999999999999933e-03 9.999970000000000248e-01 2.976170000000000204e-01 9.546829999999999483e-01 -2.199000000000000000e-03 -9.546850000000000058e-01 2.976159999999999917e-01 -8.059999999999999673e-04
2.000000000000000000e+01 1.600000000000000000e+01 2.100000000000000000e+01 0.000000000000000000e+00 1.600000000000000089e+00 4.009999999999999893e-04 9.405000000000000165e-03 9.999559999999999560e-01 2.982739999999999836e-01 9.544369999999999798e-01 -9.095999999999999919e-03 -9.544799999999999951e-01 2.982650000000000023e-01 -2.422999999999999807e-03
2.500000000000000000e+01 1.600000000000000000e+01 2.100000000000000000e+01 0.000000000000000000e+00 1.600000000000000089e+00 1.710000000000000094e-04 4.688000000000000327e-03 9.999890000000000168e-01 2.988560000000000105e-01 9.542869999999999964e-01 -4.525000000000000376e-03 -9.542979999999999796e-01 2.988540000000000085e-01 -1.237999999999999951e-03
2.300000000000000000e+01 4.600000000000000000e+01 2.700000000000000000e+01 0.000000000000000000e+00 1.600000000000000089e+00 3.930999999999999599e-03 1.801999999999999999e-03 -9.999909999999999632e-01 6.768600000000000172e-01 7.361010000000000053e-01 3.988000000000000225e-03 7.361010000000000053e-01 -6.768699999999999717e-01 1.673999999999999924e-03
3.000000000000000000e+00 5.800000000000000000e+01 3.100000000000000000e+01 0.000000000000000000e+00 1.600000000000000089e+00 -2.850000000000000103e-03 -3.867000000000000211e-03 9.999879999999999880e-01 -7.862139999999999684e-01 -6.179369999999999585e-01 -4.630999999999999700e-03 6.179480000000000528e-01 -7.862179999999999724e-01 -1.278999999999999972e-03
9.000000000000000000e+00 5.800000000000000000e+01 3.100000000000000000e+01 0.000000000000000000e+00 1.600000000000000089e+00 -2.358999999999999986e-03 2.220000000000000022e-04 9.999970000000000248e-01 -7.919340000000000268e-01 -6.106040000000000356e-01 -1.732000000000000033e-03 6.106019999999999781e-01 -7.919359999999999733e-01 1.616000000000000032e-03
1.300000000000000000e+01 5.800000000000000000e+01 3.100000000000000000e+01 0.000000000000000000e+00 1.600000000000000089e+00 2.079999999999999872e-04 -2.177000000000000116e-03 9.999980000000000535e-01 -7.926729999999999610e-01 -6.096460000000000212e-01 -1.162000000000000055e-03 6.096470000000000500e-01 -7.926710000000000145e-01 -1.851999999999999914e-03
1.700000000000000000e+01 5.800000000000000000e+01 3.100000000000000000e+01 0.000000000000000000e+00 1.600000000000000089e+00 -6.170000000000000354e-04 2.137000000000000011e-03 9.999970000000000248e-01 -7.961650000000000116e-01 -6.050790000000000335e-01 8.009999999999999542e-04 6.050790000000000335e-01 -7.961629999999999541e-01 2.075000000000000022e-03
2.100000000000000000e+01 5.800000000000000000e+01 3.100000000000000000e+01 0.000000000000000000e+00 1.600000000000000089e+00 -4.899999999999999842e-05 1.064999999999999974e-03 9.999989999999999712e-01 -7.988929999999999643e-01 -6.014730000000000354e-01 6.009999999999999717e-04 6.014730000000000354e-01 -7.988920000000000465e-01 8.800000000000000313e-04
2.900000000000000000e+01 5.800000000000000000e+01 3.100000000000000000e+01 0.000000000000000000e+00 1.600000000000000089e+00 -4.879999999999999898e-04 1.711999999999999980e-03 9.999980000000000535e-01 -8.005830000000000446e-01 -5.992210000000000036e-01 6.350000000000000392e-04 5.992220000000000324e-01 -8.005809999999999871e-01 1.662999999999999982e-03
1.500000000000000000e+01 6.000000000000000000e+00 3.200000000000000000e+01 0.000000000000000000e+00 1.600000000000000089e+00 1.722000000000000006e-03 5.634000000000000119e-03 -9.999829999999999552e-01 1.816309999999999869e-01 9.833490000000000286e-01 5.852999999999999696e-03 9.833650000000000446e-01 -1.816379999999999939e-01 6.700000000000000226e-04
2.000000000000000000e+01 6.000000000000000000e+00 3.200000000000000000e+01 0.000000000000000000e+00 1.600000000000000089e+00 1.186999999999999904e-03 -1.253999999999999906e-03 -9.999989999999999712e-01 1.723870000000000124e-01 9.850290000000000434e-01 -1.031000000000000015e-03 9.850290000000000434e-01 -1.723860000000000114e-01 1.386000000000000079e-03
8.000000000000000000e+00 2.200000000000000000e+01 3.400000000000000000e+01 0.000000000000000000e+00 1.600000000000000089e+00 1.083999999999999894e-03 1.863999999999999988e-03 9.999980000000000535e-01 3.794719999999999760e-01 -9.252019999999999689e-01 1.312999999999999931e-03 9.252029999999999976e-01 3.794690000000000007e-01 -1.711000000000000064e-03
8.000000000000000000e+00 4.300000000000000000e+01 3.400000000000000000e+01 0.000000000000000000e+00 1.600000000000000089e+00 1.178999999999999927e-03 -3.085000000000000069e-03 -9.999949999999999672e-01 -3.319509999999999961e-01 9.432909999999999906e-01 -3.301000000000000115e-03 9.432960000000000234e-01 3.319529999999999981e-01 8.799999999999999771e-05
4.000000000000000000e+00 4.600000000000000000e+01 3.500000000000000000e+01 0.000000000000000000e+00 1.600000000000000089e+00 2.869999999999999830e-04 9.709999999999999664e-04 -1.000000000000000000e+00 3.867349999999999954e-01 -9.221909999999999830e-01 -7.849999999999999990e-04 -9.221909999999999830e-01 -3.867340000000000222e-01 -6.400000000000000524e-04
1.000000000000000000e+01 4.600000000000000000e+01 3.500000000000000000e+01 0.000000000000000000e+00 1.600000000000000089e+00 -1.209000000000000005e-03 -1.649999999999999991e-04 -9.999989999999999712e-01 3.889380000000000059e-01 -9.212639999999999718e-01 -3.179999999999999776e-04 -9.212630000000000541e-01 -3.889380000000000059e-01 1.178000000000000011e-03
1.400000000000000000e+01 4.600000000000000000e+01 3.500000000000000000e+01 0.000000000000000000e+00 1.600000000000000089e+00 1.139000000000000038e-03 -3.399000000000000112e-03 -9.999940000000000495e-01 3.883610000000000118e-01 -9.214999999999999858e-01 3.575000000000000053e-03 -9.215069999999999650e-01 -3.883619999999999850e-01 2.709999999999999735e-04
1.800000000000000000e+01 4.600000000000000000e+01 3.500000000000000000e+01 0.000000000000000000e+00 1.600000000000000089e+00 -3.040000000000000167e-04 -1.529999999999999893e-03 -9.999989999999999712e-01 3.880830000000000113e-01 -9.216239999999999988e-01 1.293000000000000095e-03 -9.216239999999999988e-01 -3.880819999999999825e-01 8.739999999999999939e-04
2.100000000000000000e+01 4.600000000000000000e+01 3.500000000000000000e+01 0.000000000000000000e+00 1.600000000000000089e+00 -7.690000000000000438e-04 -3.420999999999999996e-03 -9.999940000000000495e-01 3.881009999999999738e-01 -9.216130000000000155e-01 2.854000000000000200e-03 -9.216170000000000195e-01 -3.880959999999999965e-01 2.037000000000000182e-03
2.600000000000000000e+01 4.600000000000000000e+01 3.500000000000000000e+01 0.000000000000000000e+00 1.600000000000000089e+00 6.229999999999999644e-04 -8.220000000000000310e-04 -9.999989999999999712e-01 3.859890000000000265e-01 -9.225029999999999619e-01 9.990000000000001049e-04 -9.225029999999999619e-01 -3.859890000000000265e-01 -2.579999999999999828e-04
2.900000000000000000e+01 4.600000000000000000e+01 3.500000000000000000e+01 0.000000000000000000e+00 1.600000000000000089e+00 4.710000000000000102e-04 2.710000000000000169e-03 -9.999959999999999960e-01 3.852389999999999981e-01 -9.228140000000000231e-01 -2.320000000000000014e-03 -9.228169999999999984e-01 -3.852360000000000229e-01 -1.479000000000000063e-03
2.000000000000000000e+00 9.500000000000000000e+01 3.600000000000000000e+01 0.000000000000000000e+00 1.600000000000000089e+00 -4.956999999999999601e-03 -8.108999999999999889e-03 9.999550000000000383e-01 9.966429999999999456e-01 8.167900000000000160e-02 5.602000000000000209e-03 -8.172000000000000097e-02 9.966260000000000119e-01 7.676999999999999796e-03
6.000000000000000000e+00 9.500000000000000000e+01 3.600000000000000000e+01 0.000000000000000000e+00 1.600000000000000089e+00 -9.044999999999999221e-03 -1.824200000000000127e-02 9.997930000000000428e-01 9.967200000000000504e-01 8.024000000000000576e-02 1.048100000000000073e-02 -8.041399999999999937e-02 9.966089999999999671e-01 1.745599999999999929e-02
1.500000000000000000e+01 9.500000000000000000e+01 3.600000000000000000e+01 0.000000000000000000e+00 1.600000000000000089e+00 4.375999999999999682e-03 -1.428100000000000029e-02 9.998879999999999990e-01 9.967719999999999914e-01 8.022200000000000164e-02 -3.216000000000000109e-03 -8.016700000000000215e-02 9.966749999999999776e-01 1.458600000000000001e-02
2.300000000000000000e+01 9.500000000000000000e+01 3.600000000000000000e+01 0.000000000000000000e+00 1.600000000000000089e+00 2.190000000000000106e-03 -5.041000000000000342e-03 9.999850000000000128e-01 9.965699999999999559e-01 8.273700000000000498e-02 -1.765000000000000076e-03 -8.272699999999999498e-02 9.965589999999999726e-01 5.204000000000000292e-03
2.000000000000000000e+00 2.900000000000000000e+01 4.400000000000000000e+01 0.000000000000000000e+00 1.600000000000000089e+00 -1.173999999999999913e-03 -9.879999999999999460e-04 -9.999989999999999712e-01 6.809300000000000352e-01 7.323469999999999702e-01 -1.523000000000000048e-03 7.323479999999999990e-01 -6.809309999999999530e-01 -1.869999999999999917e-04
6.000000000000000000e+00 2.900000000000000000e+01 4.400000000000000000e+01 0.000000000000000000e+00 1.600000000000000089e+00 -5.289999999999999564e-04 2.446999999999999956e-03 -9.999970000000000248e-01 6.788309999999999622e-01 7.342929999999999735e-01 1.436999999999999909e-03 7.342950000000000310e-01 -6.788279999999999870e-01 -2.050000000000000173e-03
1.000000000000000000e+01 2.900000000000000000e+01 4.400000000000000000e+01 0.000000000000000000e+00 1.600000000000000089e+00 1.245000000000000013e-03 2.893999999999999871e-03 -9.999949999999999672e-01 6.739929999999999533e-01 7.387320000000000553e-01 2.978000000000000178e-03 7.387369999999999770e-01 -6.739939999999999820e-01 -1.031000000000000015e-03
1.400000000000000000e+01 2.900000000000000000e+01 4.400000000000000000e+01 0.000000000000000000e+00 1.600000000000000089e+00 -8.639999999999999677e-04 9.590000000000000000e-04 -9.999989999999999712e-01 6.757849999999999691e-01 7.370980000000000310e-01 1.230000000000000082e-04 7.370980000000000310e-01 -6.757849999999999691e-01 -1.283999999999999985e-03
1.700000000000000000e+01 2.900000000000000000e+01 4.400000000000000000e+01 0.000000000000000000e+00 1.600000000000000089e+00 -1.691000000000000012e-03 7.230000000000000098e-04 -9.999980000000000535e-01 6.840720000000000134e-01 7.294140000000000068e-01 -6.290000000000000018e-04 7.294119999999999493e-01 -6.840720000000000134e-01 -1.727999999999999935e-03
2.100000000000000000e+01 2.900000000000000000e+01 4.400000000000000000e+01 0.000000000000000000e+00 1.600000000000000089e+00 -5.800000000000000034e-05 -4.185999999999999617e-03 -9.999909999999999632e-01 6.882200000000000539e-01 7.254950000000000010e-01 -3.076999999999999874e-03 7.255019999999999802e-01 -6.882139999999999924e-01 2.838999999999999944e-03
2.700000000000000000e+01 2.900000000000000000e+01 4.400000000000000000e+01 0.000000000000000000e+00 1.600000000000000089e+00 8.289999999999999843e-04 -8.030999999999999944e-03 -9.999670000000000503e-01 6.811909999999999910e-01 7.320870000000000433e-01 -5.315000000000000280e-03 7.321050000000000058e-01 -6.811639999999999917e-01 6.076999999999999937e-03
1.700000000000000000e+01 6.500000000000000000e+01 4.600000000000000000e+01 0.000000000000000000e+00 1.600000000000000089e+00 2.259999999999999910e-04 -1.247000000000000062e-03 9.999989999999999712e-01 6.825160000000000116e-01 -7.308700000000000196e-01 -1.064999999999999974e-03 7.308700000000000196e-01 6.825160000000000116e-01 6.859999999999999779e-04
2.300000000000000000e+01 6.500000000000000000e+01 4.600000000000000000e+01 0.000000000000000000e+00 1.600000000000000089e+00 -1.800000000000000046e-05 5.519999999999999733e-04 1.000000000000000000e+00 6.818109999999999449e-01 -7.315289999999999848e-01 4.159999999999999744e-04 7.315289999999999848e-01 6.818109999999999449e-01 -3.629999999999999872e-04
1.100000000000000000e+01 7.000000000000000000e+01 4.700000000000000000e+01 0.000000000000000000e+00 1.600000000000000089e+00 -3.959999999999999762e-04 8.200000000000000095e-05 -1.000000000000000000e+00 -8.375230000000000175e-01 -5.464010000000000256e-01 2.869999999999999830e-04 -5.464010000000000256e-01 8.375240000000000462e-01 2.849999999999999886e-04
4.000000000000000000e+00 5.000000000000000000e+00 5.100000000000000000e+01 0.000000000000000000e+00 1.600000000000000089e+00 2.060000000000000199e-03 -1.589999999999999888e-04 -9.999980000000000535e-01 4.891920000000000157e-01 -8.721759999999999513e-01 1.146000000000000100e-03 -8.721740000000000048e-01 -4.891929999999999890e-01 -1.719999999999999958e-03
1.300000000000000000e+01 5.000000000000000000e+00 5.100000000000000000e+01 0.000000000000000000e+00 1.600000000000000089e+00 -1.172999999999999998e-03 2.069000000000000093e-03 -9.999970000000000248e-01 4.798609999999999820e-01 -8.773410000000000375e-01 -2.377999999999999906e-03 -8.773440000000000127e-01 -4.798629999999999840e-01 3.600000000000000091e-05
1.600000000000000000e+01 5.000000000000000000e+00 5.100000000000000000e+01 0.000000000000000000e+00 1.600000000000000089e+00 1.144000000000000052e-03 -9.690000000000000262e-04 -9.999989999999999712e-01 4.818000000000000060e-01 -8.762799999999999478e-01 1.399999999999999986e-03 -8.762799999999999478e-01 -4.818009999999999793e-01 -5.349999999999999938e-04
2.300000000000000000e+01 5.000000000000000000e+00 5.100000000000000000e+01 0.000000000000000000e+00 1.600000000000000089e+00 -2.410999999999999949e-03 3.177999999999999835e-03 -9.999919999999999920e-01 4.866150000000000198e-01 -8.736070000000000224e-01 -3.949000000000000253e-03 -8.736129999999999729e-01 -4.866210000000000258e-01 5.599999999999999509e-04
1.300000000000000000e+01 7.000000000000000000e+00 5.200000000000000000e+01 0.000000000000000000e+00 1.600000000000000089e+00 -1.484000000000000076e-03 2.409000000000000117e-03 -9.999959999999999960e-01 7.095700000000000618e-02 -9.974760000000000293e-01 -2.507999999999999813e-03 -9.974779999999999758e-01 -7.096099999999999630e-02 1.309999999999999967e-03
3.000000000000000000e+00 6.300000000000000000e+01 5.400000000000000000e+01 0.000000000000000000e+00 1.600000000000000089e+00 -3.374999999999999962e-03 1.592000000000000099e-03 9.999930000000000208e-01 -3.474559999999999871e-01 9.376919999999999700e-01 -2.664999999999999834e-03 -9.376900000000000235e-01 -3.474630000000000218e-01 -2.612000000000000172e-03
9.000000000000000000e+00 6.300000000000000000e+01 5.400000000000000000e+01 0.000000000000000000e+00 1.600000000000000089e+00 9.150000000000000147e-04 1.988999999999999883e-03 9.999980000000000535e-01 -3.502279999999999838e-01 9.366630000000000233e-01 -1.541999999999999968e-03 -9.366640000000000521e-01 -3.502259999999999818e-01 1.554000000000000043e-03
1.200000000000000000e+01 6.300000000000000000e+01 5.400000000000000000e+01 0.000000000000000000e+00 1.600000000000000089e+00 -1.559000000000000056e-03 1.699999999999999987e-05 9.999989999999999712e-01 -3.504419999999999757e-01 9.365839999999999721e-01 -5.619999999999999996e-04 -9.365830000000000544e-01 -3.504430000000000045e-01 -1.453999999999999997e-03
1.700000000000000000e+01 6.300000000000000000e+01 5.400000000000000000e+01 0.000000000000000000e+00 1.600000000000000089e+00 4.510000000000000120e-04 -3.359999999999999814e-04 1.000000000000000000e+00 -3.510920000000000152e-01 9.363409999999999789e-01 4.730000000000000046e-04 -9.363409999999999789e-01 -3.510920000000000152e-01 3.049999999999999868e-04
2.100000000000000000e+01 6.300000000000000000e+01 5.400000000000000000e+01 0.000000000000000000e+00 1.600000000000000089e+00 8.799999999999999771e-05 1.299999999999999886e-04 1.000000000000000000e+00 -3.493439999999999879e-01 9.369939999999999936e-01 -9.100000000000000287e-05 -9.369939999999999936e-01 -3.493439999999999879e-01 1.279999999999999942e-04
2.500000000000000000e+01 6.300000000000000000e+01 5.400000000000000000e+01 0.000000000000000000e+00 1.600000000000000089e+00 -4.679999999999999915e-04 9.539999999999999869e-04 9.999989999999999712e-01 -3.504280000000000173e-01 9.365890000000000049e-01 -1.056999999999999997e-03 -9.365890000000000049e-01 -3.504289999999999905e-01 -1.039999999999999936e-04
2.000000000000000000e+00 2.500000000000000000e+01 5.500000000000000000e+01 0.000000000000000000e+00 1.600000000000000089e+00 2.489999999999999809e-04 2.066000000000000128e-03 -9.999980000000000535e-01 -1.033899999999999923e-02 -9.999440000000000550e-01 -2.069000000000000093e-03 -9.999470000000000303e-01 1.033899999999999923e-02 -2.269999999999999882e-04
4.000000000000000000e+00 2.500000000000000000e+01 5.500000000000000000e+01 0.000000000000000000e+00 1.600000000000000089e+00 3.519999999999999908e-04 9.150000000000000147e-04 -1.000000000000000000e+00 -1.032899999999999964e-02 -9.999460000000000015e-01 -9.179999999999999792e-04 -9.999470000000000303e-01 1.032899999999999964e-02 -3.429999999999999889e-04
1.700000000000000000e+01 2.500000000000000000e+01 5.500000000000000000e+01 0.000000000000000000e+00 1.600000000000000089e+00 -1.479999999999999925e-04 5.730999999999999983e-03 -9.999839999999999840e-01 -1.229899999999999917e-02 -9.999080000000000190e-01 -5.728999999999999718e-03 -9.999240000000000350e-01 1.229799999999999990e-02 2.190000000000000106e-04
3.000000000000000000e+01 2.500000000000000000e+01 5.500000000000000000e+01 0.000000000000000000e+00 1.600000000000000089e+00 -1.758999999999999930e-03 -1.190000000000000085e-03 -9.999980000000000535e-01 -9.638000000000000733e-03 -9.999529999999999808e-01 1.206999999999999957e-03 -9.999519999999999520e-01 9.639999999999999264e-03 1.747999999999999988e-03
2.100000000000000000e+01 6.800000000000000000e+01 5.700000000000000000e+01 0.000000000000000000e+00 1.600000000000000089e+00 2.400000000000000061e-04 -2.203999999999999796e-03 -9.999980000000000535e-01 -2.444590000000000096e-01 -9.696569999999999911e-01 2.079000000000000119e-03 -9.696599999999999664e-01 2.444580000000000086e-01 -7.709999999999999840e-04
2.000000000000000000e+00 2.100000000000000000e+01 6.000000000000000000e+01 0.000000000000000000e+00 1.600000000000000089e+00 4.260000000000000006e-04 -1.198500000000000086e-02 9.999280000000000390e-01 -9.637199999999999933e-02 9.952729999999999633e-01 1.196999999999999974e-02 -9.953450000000000353e-01 -9.636999999999999733e-02 -7.309999999999999875e-04
2.000000000000000000e+01 2.100000000000000000e+01 6.000000000000000000e+01 0.000000000000000000e+00 1.600000000000000089e+00 -4.159999999999999744e-04 8.115999999999999950e-03 9.999670000000000503e-01 -9.534099999999999520e-02 9.954119999999999635e-01 -8.118999999999999481e-03 -9.954450000000000243e-01 -9.534099999999999520e-02 3.600000000000000227e-04
8.000000000000000000e+00 3.000000000000000000e+00 6.300000000000000000e+01 0.000000000000000000e+00 1.600000000000000089e+00 1.152999999999999945e-03 -6.251999999999999745e-03 9.999799999999999800e-01 -6.158329999999999638e-01 7.878570000000000295e-01 5.636000000000000384e-03 -7.878760000000000208e-01 -6.158270000000000133e-01 -2.942000000000000171e-03
1.500000000000000000e+01 3.000000000000000000e+00 6.300000000000000000e+01 0.000000000000000000e+00 1.600000000000000089e+00 1.363999999999999978e-03 -1.201000000000000028e-03 9.999980000000000535e-01 -6.142379999999999507e-01 7.891190000000000149e-01 1.784999999999999911e-03 -7.891200000000000436e-01 -6.142400000000000082e-01 3.379999999999999758e-04
2.100000000000000000e+01 3.000000000000000000e+00 6.300000000000000000e+01 0.000000000000000000e+00 1.600000000000000089e+00 -5.969999999999999829e-04 -1.913999999999999903e-03 9.999980000000000535e-01 -6.142079999999999762e-01 7.891430000000000389e-01 1.144000000000000052e-03 -7.891439999999999566e-01 -6.142060000000000297e-01 -1.647000000000000026e-03
5.000000000000000000e+00 2.700000000000000000e+01 6.300000000000000000e+01 0.000000000000000000e+00 1.600000000000000089e+00 -8.399999999999999535e-05 -5.383999999999999897e-03 9.999850000000000128e-01 -2.776540000000000119e-01 9.606670000000000487e-01 5.150000000000000064e-03 -9.606810000000000072e-01 -2.776500000000000079e-01 -1.575000000000000011e-03
9.000000000000000000e+00 2.700000000000000000e+01 6.300000000000000000e+01 0.000000000000000000e+00 1.600000000000000089e+00 8.140000000000000534e-04 -2.531999999999999963e-03 9.999959999999999960e-01 -2.805460000000000176e-01 9.598370000000000513e-01 2.658999999999999905e-03 -9.598400000000000265e-01 -2.805469999999999908e-01 7.100000000000000462e-05
1.400000000000000000e+01 2.700000000000000000e+01 6.300000000000000000e+01 0.000000000000000000e+00 1.600000000000000089e+00 3.210000000000000180e-03 3.690000000000000138e-03 9.999879999999999880e-01 -2.785270000000000246e-01 9.604249999999999732e-01 -2.650000000000000012e-03 -9.604230000000000267e-01 -2.785150000000000126e-01 4.109999999999999938e-03
2.100000000000000000e+01 2.700000000000000000e+01 6.300000000000000000e+01 0.000000000000000000e+00 1.600000000000000089e+00 3.899999999999999929e-05 -1.330999999999999935e-03 9.999989999999999712e-01 -2.749519999999999742e-01 9.614570000000000061e-01 1.289999999999999914e-03 -9.614580000000000348e-01 -2.749519999999999742e-01 -3.280000000000000038e-04
2.400000000000000000e+01 2.700000000000000000e+01 6.300000000000000000e+01 0.000000000000000000e+00 1.600000000000000089e+00 -3.190000000000000019e-04 -1.928999999999999942e-03 9.999980000000000535e-01 -2.760770000000000168e-01 9.611340000000000439e-01 1.765999999999999992e-03 -9.611349999999999616e-01 -2.760759999999999881e-01 -8.390000000000000105e-04
5.000000000000000000e+00 2.600000000000000000e+01 6.400000000000000000e+01 0.000000000000000000e+00 1.600000000000000089e+00 8.999999999999999754e-04 -6.095999999999999856e-03 9.999810000000000088e-01 -3.602830000000000199e-01 9.328239999999999865e-01 6.009999999999999717e-03 -9.328429999999999778e-01 -3.602810000000000179e-01 -1.356999999999999916e-03
