1.900000000000000000e+01 2.500000000000000000e+01 1.000000000000000000e+00 0.000000000000000000e+00 1.600000000000000089e+00 -1.546999999999999981e-03 4.200000000000000174e-04 -9.999989999999999712e-01 -5.227509999999999657e-01 -8.524859999999999660e-01 4.510000000000000120e-04 -8.524840000000000195e-01 5.227509999999999657e-01 1.538000000000000088e-03
8.000000000000000000e+00 1.500000000000000000e+01 4.000000000000000000e+00 0.000000000000000000e+00 1.600000000000000089e+00 -1.232000000000000022e-03 -7.628000000000000232e-03 9.999700000000000255e-01 3.136289999999999911e-01 -9.495209999999999484e-01 -6.857000000000000248e-03 9.495449999999999724e-01 3.136109999999999731e-01 3.562000000000000062e-03
1.000000000000000000e+01 1.500000000000000000e+01 4.000000000000000000e+00 0.000000000000000000e+00 1.600000000000000089e+00 9.319999999999999942e-04 -4.303999999999999666e-03 9.999900000000000455e-01 3.143070000000000030e-01 -9.493110000000000159e-01 -4.379000000000000080e-03 9.493209999999999704e-01 3.143079999999999763e-01 4.679999999999999915e-04
1.400000000000000000e+01 1.500000000000000000e+01 4.000000000000000000e+00 0.000000000000000000e+00 1.600000000000000089e+00 3.661999999999999891e-03 4.687000000000000194e-03 9.999820000000000375e-01 3.144159999999999733e-01 -9.492800000000000127e-01 3.298000000000000150e-03 9.492779999999999552e-01 3.143980000000000108e-01 -4.950000000000000407e-03
1.900000000000000000e+01 1.500000000000000000e+01 4.000000000000000000e+00 0.000000000000000000e+00 1.600000000000000089e+00 2.818999999999999891e-03 -3.706999999999999792e-03 9.999890000000000168e-01 3.176129999999999787e-01 -9.482099999999999973e-01 -4.409999999999999858e-03 9.482159999999999478e-01 3.176220000000000154e-01 -1.495999999999999934e-03
2.300000000000000000e+01 1.500000000000000000e+01 4.000000000000000000e+00 0.000000000000000000e+00 1.600000000000000089e+00 2.723000000000000160e-03 -4.002999999999999614e-03 9.999879999999999880e-01 3.180680000000000174e-01 -9.480560000000000098e-01 -4.661000000000000212e-03 9.480640000000000178e-01 3.180769999999999986e-01 -1.307999999999999918e-03
1.500000000000000000e+01 4.000000000000000000e+00 5.000000000000000000e+00 0.000000000000000000e+00 1.600000000000000089e+00 -8.533000000000000654e-03 -2.060800000000000132e-02 9.997509999999999453e-01 2.224299999999999888e-01 -9.747789999999999511e-01 -1.819499999999999937e-02 9.749109999999999721e-01 2.222189999999999999e-01 1.290200000000000027e-02
4.000000000000000000e+00 1.010000000000000000e+02 7.000000000000000000e+00 0.000000000000000000e+00 1.600000000000000089e+00 3.848999999999999991e-03 1.157000000000000042e-02 9.999259999999999815e-01 8.873140000000000471e-01 4.610819999999999919e-01 -8.751000000000000098e-03 -4.611489999999999756e-01 8.872820000000000151e-01 -8.491000000000000283e-03
8.000000000000000000e+00 1.010000000000000000e+02 7.000000000000000000e+00 0.000000000000000000e+00 1.600000000000000089e+00 7.749999999999999728e-04 -7.302999999999999596e-03 9.999730000000000008e-01 8.890599999999999614e-01 4.577829999999999955e-01 2.654000000000000109e-03 -4.577899999999999747e-01 8.890339999999999909e-01 6.847999999999999921e-03
1.100000000000000000e+01 1.010000000000000000e+02 7.000000000000000000e+00 0.000000000000000000e+00 1.600000000000000089e+00 -9.340000000000000429e-04 -1.027299999999999915e-02 9.999470000000000303e-01 8.898859999999999548e-01 4.561490000000000267e-01 5.517000000000000202e-03 -4.561819999999999764e-01 8.898439999999999683e-01 8.715000000000000524e-03
3.000000000000000000e+00 2.500000000000000000e+01 8.000000000000000000e+00 0.000000000000000000e+00 1.600000000000000089e+00 -3.939999999999999817e-04 6.350999999999999875e-03 -9.999799999999999800e-01 4.499210000000000154e-01 8.930519999999999570e-01 5.493999999999999752e-03 8.930679999999999730e-01 -4.499099999999999766e-01 -3.209000000000000047e-03
9.000000000000000000e+00 2.500000000000000000e+01 8.000000000000000000e+00 0.000000000000000000e+00 1.600000000000000089e+00 -1.440000000000000036e-04 -4.093000000000000284e-03 -9.999919999999999920e-01 4.490359999999999907e-01 8.935060000000000224e-01 -3.722000000000000048e-03 8.935140000000000304e-01 -4.490330000000000155e-01 1.709000000000000016e-03
1.300000000000000000e+01 2.500000000000000000e+01 8.000000000000000000e+00 0.000000000000000000e+00 1.600000000000000089e+00 5.980000000000000072e-04 -4.590000000000000330e-03 -9.999890000000000168e-01 4.493289999999999784e-01 8.933579999999999854e-01 -3.831999999999999903e-03 8.933659999999999934e-01 -4.493219999999999992e-01 2.596999999999999916e-03
1.700000000000000000e+01 2.500000000000000000e+01 8.000000000000000000e+00 0.000000000000000000e+00 1.600000000000000089e+00 1.884000000000000041e-03 2.991999999999999868e-03 -9.999940000000000495e-01 4.490450000000000275e-01 8.935020000000000184e-01 3.518999999999999993e-03 8.935070000000000512e-01 -4.490489999999999760e-01 3.400000000000000244e-04
2.300000000000000000e+01 2.500000000000000000e+01 8.000000000000000000e+00 0.000000000000000000e+00 1.600000000000000089e+00 1.005999999999999950e-03 -2.079999999999999872e-04 -1.000000000000000000e+00 4.483059999999999823e-01 8.938800000000000079e-01 2.649999999999999903e-04 8.938789999999999791e-01 -4.483059999999999823e-01 9.929999999999999591e-04
2.900000000000000000e+01 2.500000000000000000e+01 8.000000000000000000e+00 0.000000000000000000e+00 1.600000000000000089e+00 3.689000000000000005e-03 6.212999999999999773e-03 -9.999740000000000295e-01 4.483440000000000203e-01 8.938319999999999599e-01 7.207999999999999997e-03 8.938540000000000374e-01 -4.483590000000000075e-01 5.119999999999999768e-04
9.000000000000000000e+00 2.400000000000000000e+01 9.000000000000000000e+00 0.000000000000000000e+00 1.600000000000000089e+00 3.399999999999999973e-05 -4.434999999999999706e-03 -9.999900000000000455e-01 4.534869999999999735e-01 8.912539999999999907e-01 -3.937000000000000395e-03 8.912630000000000274e-01 -4.534819999999999962e-01 2.041999999999999978e-03
1.700000000000000000e+01 2.400000000000000000e+01 9.000000000000000000e+00 0.000000000000000000e+00 1.600000000000000089e+00 1.887000000000000005e-03 5.016999999999999758e-03 -9.999860000000000415e-01 4.535319999999999907e-01 8.912240000000000162e-01 5.327000000000000138e-03 8.912379999999999747e-01 -4.535350000000000215e-01 -5.929999999999999941e-04
2.300000000000000000e+01 2.400000000000000000e+01 9.000000000000000000e+00 0.000000000000000000e+00 1.600000000000000089e+00 9.779999999999999197e-04 3.640000000000000115e-04 -1.000000000000000000e+00 4.532079999999999997e-01 8.914050000000000029e-01 7.680000000000000195e-04 8.914039999999999742e-01 -4.532079999999999997e-01 7.069999999999999462e-04
2.900000000000000000e+01 2.400000000000000000e+01 9.000000000000000000e+00 0.000000000000000000e+00 1.600000000000000089e+00 3.274000000000000000e-03 8.099000000000000296e-03 -9.999620000000000175e-01 4.520939999999999959e-01 8.919280000000000541e-01 8.703999999999999931e-03 8.919639999999999791e-01 -4.521049999999999791e-01 -7.420000000000000380e-04
1.200000000000000000e+01 3.100000000000000000e+01 1.200000000000000000e+01 0.000000000000000000e+00 1.600000000000000089e+00 -1.497999999999999983e-03 -4.923000000000000292e-03 9.999869999999999592e-01 -2.586999999999999890e-03 9.999850000000000128e-01 4.918999999999999762e-03 -9.999959999999999960e-01 -2.579999999999999828e-03 -1.510000000000000057e-03
1.500000000000000000e+01 3.100000000000000000e+01 1.200000000000000000e+01 0.000000000000000000e+00 1.600000000000000089e+00 -1.116000000000000021e-03 -2.723999999999999859e-03 9.999959999999999960e-01 6.999999999999999387e-05 9.999959999999999960e-01 2.723999999999999859e-03 -9.999989999999999712e-01 7.299999999999999903e-05 -1.116000000000000021e-03
1.800000000000000000e+01 3.100000000000000000e+01 1.200000000000000000e+01 0.000000000000000000e+00 1.600000000000000089e+00 -4.510000000000000120e-04 -2.229999999999999994e-04 1.000000000000000000e+00 1.750000000000000036e-03 9.999980000000000535e-01 2.239999999999999966e-04 -9.999980000000000535e-01 1.750000000000000036e-03 -4.499999999999999877e-04
2.200000000000000000e+01 3.100000000000000000e+01 1.200000000000000000e+01 0.000000000000000000e+00 1.600000000000000089e+00 1.978000000000000157e-03 3.810000000000000019e-03 9.999909999999999632e-01 3.647000000000000068e-03 9.999860000000000415e-01 -3.817000000000000080e-03 -9.999909999999999632e-01 3.654000000000000130e-03 1.964000000000000034e-03
3.000000000000000000e+01 3.100000000000000000e+01 1.200000000000000000e+01 0.000000000000000000e+00 1.600000000000000089e+00 -5.899999999999999754e-05 -1.381499999999999916e-02 9.999050000000000438e-01 8.255000000000000185e-03 9.998700000000000365e-01 1.381499999999999916e-02 -9.999660000000000215e-01 8.255000000000000185e-03 5.599999999999999916e-05
4.000000000000000000e+00 3.200000000000000000e+01 1.400000000000000000e+01 0.000000000000000000e+00 1.600000000000000089e+00 3.099999999999999999e-04 3.565000000000000027e-03 -9.999940000000000495e-01 1.060819999999999957e-01 9.943509999999999849e-01 3.578000000000000017e-03 9.943570000000000464e-01 -1.060829999999999967e-01 -6.999999999999999387e-05
2.600000000000000000e+01 1.160000000000000000e+02 1.600000000000000000e+01 0.000000000000000000e+00 1.600000000000000089e+00 4.569999999999999952e-04 1.428000000000000016e-03 9.999989999999999712e-01 6.632160000000000277e-01 7.484269999999999534e-01 -1.371000000000000040e-03 -7.484279999999999822e-01 6.632149999999999990e-01 -6.049999999999999606e-04
2.900000000000000000e+01 1.160000000000000000e+02 1.600000000000000000e+01 0.000000000000000000e+00 1.600000000000000089e+00 9.520000000000000467e-04 1.095000000000000053e-03 9.999989999999999712e-01 6.671019999999999728e-01 7.449649999999999883e-01 -1.451000000000000033e-03 -7.449660000000000171e-01 6.671019999999999728e-01 -2.099999999999999884e-05
5.000000000000000000e+00 2.000000000000000000e+00 1.900000000000000000e+01 0.000000000000000000e+00 1.600000000000000089e+00 -1.072000000000000036e-03 -6.300000000000000261e-04 -9.999989999999999712e-01 1.920489999999999975e-01 -9.813849999999999518e-01 4.119999999999999856e-04 -9.813849999999999518e-01 -1.920479999999999965e-01 1.172999999999999998e-03
1.100000000000000000e+01 2.000000000000000000e+00 1.900000000000000000e+01 0.000000000000000000e+00 1.600000000000000089e+00 -1.575000000000000011e-03 -2.714999999999999965e-03 -9.999949999999999672e-01 1.957119999999999971e-01 -9.806589999999999474e-01 2.354999999999999889e-03 -9.806599999999999762e-01 -1.957079999999999931e-01 2.076000000000000154e-03
1.700000000000000000e+01 2.000000000000000000e+00 1.900000000000000000e+01 0.000000000000000000e+00 1.600000000000000089e+00 -1.020999999999999989e-03 -9.048000000000000487e-03 -9.999590000000000423e-01 1.950030000000000097e-01 -9.807639999999999691e-01 8.675000000000000419e-03 -9.808019999999999516e-01 -1.949859999999999927e-01 2.765999999999999796e-03
2.100000000000000000e+01 2.000000000000000000e+00 1.900000000000000000e+01 0.000000000000000000e+00 1.600000000000000089e+00 -1.090000000000000067e-04 8.589999999999999546e-04 -1.000000000000000000e+00 1.930610000000000104e-01 -9.811860000000000026e-01 -8.639999999999999677e-04 -9.811870000000000314e-01 -1.930610000000000104e-01 -5.899999999999999754e-05
2.700000000000000000e+01 2.000000000000000000e+00 1.900000000000000000e+01 0.000000000000000000e+00 1.600000000000000089e+00 1.928000000000000026e-03 -4.525999999999999641e-03 -9.999879999999999880e-01 1.884069999999999911e-01 -9.820790000000000353e-01 4.808999999999999907e-03 -9.820889999999999898e-01 -1.884139999999999981e-01 -1.041000000000000042e-03
7.000000000000000000e+00 4.000000000000000000e+00 2.000000000000000000e+01 0.000000000000000000e+00 1.600000000000000089e+00 -3.095000000000000095e-03 -2.831000000000000183e-03 -9.999909999999999632e-01 3.067179999999999906e-01 -9.517989999999999506e-01 1.745999999999999939e-03 -9.517949999999999466e-01 -3.067099999999999826e-01 3.814000000000000116e-03
1.400000000000000000e+01 4.000000000000000000e+00 2.000000000000000000e+01 0.000000000000000000e+00 1.600000000000000089e+00 -4.020000000000000136e-04 -5.457000000000000045e-03 -9.999850000000000128e-01 3.063230000000000119e-01 -9.519140000000000379e-01 5.072000000000000119e-03 -9.519279999999999964e-01 -3.063159999999999772e-01 2.053999999999999836e-03
2.000000000000000000e+00 1.300000000000000000e+01 2.000000000000000000e+01 0.000000000000000000e+00 1.600000000000000089e+00 9.009999999999999997e-04 1.132999999999999893e-03 9.999989999999999712e-01 2.590470000000000272e-01 9.658639999999999448e-01 -1.327000000000000055e-03 -9.658639999999999448e-01 2.590480000000000005e-01 5.770000000000000389e-04
7.000000000000000000e+00 1.300000000000000000e+01 2.000000000000000000e+01 0.000000000000000000e+00 1.600000000000000089e+00 2.910000000000000260e-04 -1.391000000000000092e-03 9.999989999999999712e-01 2.582940000000000236e-01 9.660659999999999803e-01 1.268000000000000030e-03 -9.660659999999999803e-01 2.582929999999999948e-01 6.400000000000000524e-04
1.000000000000000000e+01 1.300000000000000000e+01 2.000000000000000000e+01 0.000000000000000000e+00 1.600000000000000089e+00 -9.740000000000000394e-04 7.479999999999999670e-04 9.999989999999999712e-01 2.577269999999999839e-01 9.662180000000000213e-01 -4.719999999999999803e-04 -9.662169999999999925e-01 2.577260000000000106e-01 -1.134000000000000025e-03
2.400000000000000000e+01 1.300000000000000000e+01 2.000000000000000000e+01 0.000000000000000000e+00 1.600000000000000089e+00 -9.709999999999999664e-04 -3.575000000000000053e-03 9.999930000000000208e-01 2.575749999999999984e-01 9.662509999999999710e-01 3.704999999999999960e-03 -9.662579999999999503e-01 2.575760000000000272e-01 -1.800000000000000046e-05
7.000000000000000000e+00 3.000000000000000000e+00 2.500000000000000000e+01 0.000000000000000000e+00 1.600000000000000089e+00 1.699999999999999987e-05 -2.200000000000000133e-03 9.999980000000000535e-01 -6.917600000000000138e-02 -9.976019999999999888e-01 -2.194000000000000204e-03 9.976040000000000463e-01 -6.917600000000000138e-02 -1.689999999999999879e-04
1.300000000000000000e+01 3.000000000000000000e+00 2.500000000000000000e+01 0.000000000000000000e+00 1.600000000000000089e+00 -4.341000000000000240e-03 -8.144000000000000197e-03 9.999569999999999848e-01 -6.634199999999999819e-02 -9.977610000000000090e-01 -8.413999999999999604e-03 9.977880000000000082e-01 -6.637500000000000344e-02 3.791000000000000099e-03
1.600000000000000000e+01 3.000000000000000000e+00 2.500000000000000000e+01 0.000000000000000000e+00 1.600000000000000089e+00 -2.935999999999999808e-03 -7.710999999999999972e-03 9.999660000000000215e-01 -6.827600000000000335e-02 -9.976350000000000495e-01 -7.893000000000000710e-03 9.976620000000000488e-01 -6.829599999999999560e-02 2.402000000000000055e-03
1.900000000000000000e+01 3.000000000000000000e+00 2.500000000000000000e+01 0.000000000000000000e+00 1.600000000000000089e+00 1.979999999999999989e-03 -4.572999999999999808e-03 9.999879999999999880e-01 -7.414300000000000057e-02 -9.972379999999999578e-01 -4.414000000000000389e-03 9.972459999999999658e-01 -7.413300000000000445e-02 -2.314000000000000085e-03
2.700000000000000000e+01 3.000000000000000000e+00 2.500000000000000000e+01 0.000000000000000000e+00 1.600000000000000089e+00 1.397000000000000021e-03 -7.387999999999999602e-03 9.999719999999999720e-01 -7.242200000000000026e-02 -9.973480000000000123e-01 -7.267000000000000022e-03 9.973729999999999540e-01 -7.241000000000000214e-02 -1.928999999999999942e-03
2.000000000000000000e+00 4.600000000000000000e+01 2.700000000000000000e+01 0.000000000000000000e+00 1.600000000000000089e+00 5.039999999999999992e-04 -5.630000000000000239e-04 -1.000000000000000000e+00 6.778710000000000013e-01 7.351809999999999734e-01 -7.200000000000000182e-05 7.351809999999999734e-01 -6.778699999999999726e-01 7.519999999999999558e-04
7.000000000000000000e+00 5.800000000000000000e+01 3.100000000000000000e+01 0.000000000000000000e+00 1.600000000000000089e+00 -6.269999999999999532e-04 1.433000000000000029e-03 9.999989999999999712e-01 -8.119229999999999503e-01 -5.837649999999999784e-01 3.269999999999999795e-04 5.837639999999999496e-01 -8.119220000000000326e-01 1.529999999999999893e-03
1.600000000000000000e+01 5.800000000000000000e+01 3.100000000000000000e+01 0.000000000000000000e+00 1.600000000000000089e+00 -1.358999999999999965e-03 2.331000000000000173e-03 9.999959999999999960e-01 -8.070270000000000499e-01 -5.905150000000000121e-01 2.799999999999999755e-04 5.905129999999999546e-01 -8.070230000000000459e-01 2.683000000000000055e-03
2.000000000000000000e+01 5.800000000000000000e+01 3.100000000000000000e+01 0.000000000000000000e+00 1.600000000000000089e+00 -2.926000000000000215e-03 7.179999999999999967e-04 9.999949999999999672e-01 -8.066910000000000469e-01 -5.909710000000000241e-01 -1.936000000000000004e-03 5.909670000000000201e-01 -8.066929999999999934e-01 2.308000000000000156e-03
2.800000000000000000e+01 5.800000000000000000e+01 3.100000000000000000e+01 0.000000000000000000e+00 1.600000000000000089e+00 6.242000000000000152e-03 2.994000000000000133e-03 9.999759999999999760e-01 -8.013930000000000220e-01 -5.980999999999999650e-01 6.793000000000000427e-03 5.981060000000000265e-01 -8.014160000000000172e-01 -1.333999999999999899e-03
7.000000000000000000e+00 4.600000000000000000e+01 3.500000000000000000e+01 0.000000000000000000e+00 1.600000000000000089e+00 6.340000000000000149e-04 -6.710000000000000469e-04 -1.000000000000000000e+00 3.915799999999999836e-01 -9.201439999999999619e-01 8.660000000000000163e-04 -9.201439999999999619e-01 -3.915799999999999836e-01 -3.209999999999999963e-04
1.300000000000000000e+01 4.600000000000000000e+01 3.500000000000000000e+01 0.000000000000000000e+00 1.600000000000000089e+00 -6.310000000000000504e-04 -5.624999999999999792e-03 -9.999839999999999840e-01 3.926660000000000150e-01 -9.196680000000000410e-01 4.925999999999999823e-03 -9.196809999999999707e-01 -3.926569999999999783e-01 2.788999999999999813e-03
1.700000000000000000e+01 4.600000000000000000e+01 3.500000000000000000e+01 0.000000000000000000e+00 1.600000000000000089e+00 -2.880000000000000073e-04 9.179999999999999792e-04 -1.000000000000000000e+00 3.928010000000000113e-01 -9.196229999999999682e-01 -9.569999999999999514e-04 -9.196229999999999682e-01 -3.928010000000000113e-01 -9.600000000000000243e-05
2.100000000000000000e+01 4.600000000000000000e+01 3.500000000000000000e+01 0.000000000000000000e+00 1.600000000000000089e+00 -1.179999999999999951e-04 4.309999999999999595e-03 -9.999909999999999632e-01 3.912180000000000102e-01 -9.202890000000000237e-01 -4.013000000000000074e-03 -9.202979999999999494e-01 -3.912149999999999794e-01 -1.577999999999999976e-03
2.800000000000000000e+01 4.600000000000000000e+01 3.500000000000000000e+01 0.000000000000000000e+00 1.600000000000000089e+00 5.500000000000000196e-05 -2.930000000000000204e-04 -1.000000000000000000e+00 3.898159999999999958e-01 -9.208929999999999616e-01 2.919999999999999961e-04 -9.208929999999999616e-01 -3.898159999999999958e-01 6.299999999999999990e-05
2.900000000000000000e+01 9.500000000000000000e+01 3.600000000000000000e+01 0.000000000000000000e+00 1.600000000000000089e+00 -5.134999999999999808e-03 -2.030000000000000012e-04 9.999869999999999592e-01 9.970809999999999951e-01 7.618199999999999972e-02 5.134999999999999808e-03 -7.618199999999999972e-02 9.970940000000000358e-01 -1.890000000000000133e-04
4.000000000000000000e+00 2.900000000000000000e+01 4.400000000000000000e+01 0.000000000000000000e+00 1.600000000000000089e+00 -1.343000000000000010e-03 -5.036999999999999811e-03 -9.999860000000000415e-01 6.648460000000000480e-01 7.469660000000000188e-01 -4.655000000000000283e-03 7.469799999999999773e-01 -6.648429999999999618e-01 2.344999999999999862e-03
7.000000000000000000e+00 2.900000000000000000e+01 4.400000000000000000e+01 0.000000000000000000e+00 1.600000000000000089e+00 -3.009999999999999980e-04 -5.281000000000000104e-03 -9.999860000000000415e-01 6.644259999999999611e-01 7.473419999999999508e-01 -4.146999999999999645e-03 7.473539999999999628e-01 -6.644179999999999531e-01 3.284000000000000027e-03
1.200000000000000000e+01 2.900000000000000000e+01 4.400000000000000000e+01 0.000000000000000000e+00 1.600000000000000089e+00 1.173999999999999913e-03 1.683000000000000034e-03 -9.999980000000000535e-01 6.566940000000000000e-01 7.541539999999999910e-01 2.040000000000000147e-03 7.541560000000000485e-01 -6.566950000000000287e-01 -2.200000000000000078e-04
1.700000000000000000e+01 2.900000000000000000e+01 4.400000000000000000e+01 0.000000000000000000e+00 1.600000000000000089e+00 5.159999999999999656e-04 -6.430000000000000169e-04 -1.000000000000000000e+00 6.596610000000000529e-01 7.515629999999999811e-01 -1.430000000000000064e-04 7.515629999999999811e-01 -6.596610000000000529e-01 8.120000000000000048e-04
2.100000000000000000e+01 2.900000000000000000e+01 4.400000000000000000e+01 0.000000000000000000e+00 1.600000000000000089e+00 -2.010000000000000068e-04 -9.810000000000001011e-04 -1.000000000000000000e+00 6.635490000000000554e-01 7.481320000000000192e-01 -8.679999999999999565e-04 7.481330000000000480e-01 -6.635490000000000554e-01 5.010000000000000347e-04
2.500000000000000000e+01 2.900000000000000000e+01 4.400000000000000000e+01 0.000000000000000000e+00 1.600000000000000089e+00 -6.319999999999999663e-04 1.337000000000000081e-03 -9.999989999999999712e-01 6.628589999999999760e-01 7.487439999999999651e-01 5.820000000000000520e-04 7.487439999999999651e-01 -6.628579999999999472e-01 -1.360000000000000098e-03
5.000000000000000000e+00 5.000000000000000000e+00 5.100000000000000000e+01 0.000000000000000000e+00 1.600000000000000089e+00 -2.229999999999999994e-04 -2.730000000000000222e-04 -1.000000000000000000e+00 4.830539999999999834e-01 -8.755899999999999794e-01 1.310000000000000129e-04 -8.755899999999999794e-01 -4.830539999999999834e-01 3.269999999999999795e-04
1.300000000000000000e+01 5.000000000000000000e+00 5.100000000000000000e+01 0.000000000000000000e+00 1.600000000000000089e+00 -1.381000000000000066e-03 -4.330999999999999781e-03 -9.999900000000000455e-01 4.904470000000000218e-01 -8.714659999999999629e-01 3.096999999999999927e-03 -8.714699999999999669e-01 -4.904379999999999851e-01 3.327000000000000096e-03
2.000000000000000000e+01 5.000000000000000000e+00 5.100000000000000000e+01 0.000000000000000000e+00 1.600000000000000089e+00 -1.487999999999999956e-03 -6.250000000000000347e-03 -9.999789999999999512e-01 4.955680000000000085e-01 -8.685570000000000235e-01 4.691999999999999990e-03 -8.685680000000000067e-01 -4.955510000000000193e-01 4.389999999999999805e-03
2.400000000000000000e+01 5.000000000000000000e+00 5.100000000000000000e+01 0.000000000000000000e+00 1.600000000000000089e+00 1.619999999999999912e-03 -1.600999999999999993e-03 -9.999970000000000248e-01 4.945289999999999964e-01 -8.691579999999999862e-01 2.193000000000000071e-03 -8.691600000000000437e-01 -4.945309999999999984e-01 -6.160000000000000111e-04
2.800000000000000000e+01 5.000000000000000000e+00 5.100000000000000000e+01 0.000000000000000000e+00 1.600000000000000089e+00 -1.229000000000000058e-03 3.046999999999999795e-03 -9.999949999999999672e-01 4.948469999999999813e-01 -8.689740000000000242e-01 -3.256000000000000213e-03 -8.689789999999999459e-01 -4.948489999999999833e-01 -4.400000000000000157e-04
3.000000000000000000e+00 6.300000000000000000e+01 5.400000000000000000e+01 0.000000000000000000e+00 1.600000000000000089e+00 -3.730000000000000134e-04 2.567999999999999970e-03 9.999970000000000248e-01 -3.505800000000000027e-01 9.365299999999999736e-01 -2.534999999999999927e-03 -9.365329999999999488e-01 -3.505789999999999740e-01 5.509999999999999490e-04
1.200000000000000000e+01 6.300000000000000000e+01 5.400000000000000000e+01 0.000000000000000000e+00 1.600000000000000089e+00 1.677000000000000105e-03 4.508999999999999987e-03 9.999879999999999880e-01 -3.544240000000000168e-01 9.350779999999999648e-01 -3.621999999999999786e-03 -9.350829999999999975e-01 -3.544140000000000068e-01 3.167000000000000110e-03
2.000000000000000000e+01 2.500000000000000000e+01 5.500000000000000000e+01 0.000000000000000000e+00 1.600000000000000089e+00 2.886000000000000110e-03 -8.140000000000000534e-04 -9.999949999999999672e-01 -1.430599999999999927e-02 -9.998970000000000358e-01 7.730000000000000326e-04 -9.998930000000000318e-01 1.430299999999999974e-02 -2.896999999999999836e-03
9.000000000000000000e+00 2.000000000000000000e+01 6.000000000000000000e+01 0.000000000000000000e+00 1.600000000000000089e+00 -5.864000000000000289e-03 1.250999999999999942e-03 9.999820000000000375e-01 -4.900600000000000095e-02 9.987970000000000459e-01 -1.536999999999999955e-03 -9.987810000000000299e-01 -4.901400000000000201e-02 -5.795999999999999937e-03
1.400000000000000000e+01 2.100000000000000000e+01 6.000000000000000000e+01 0.000000000000000000e+00 1.600000000000000089e+00 -5.714000000000000329e-03 5.075999999999999783e-03 9.999710000000000543e-01 -9.500599999999999323e-02 9.954610000000000403e-01 -5.596000000000000280e-03 -9.954600000000000115e-01 -9.503499999999999448e-02 -5.205999999999999690e-03
2.000000000000000000e+01 2.100000000000000000e+01 6.000000000000000000e+01 0.000000000000000000e+00 1.600000000000000089e+00 2.978000000000000178e-03 1.177000000000000095e-03 9.999949999999999672e-01 -9.692599999999999827e-02 9.952910000000000368e-01 -8.819999999999999715e-04 -9.952870000000000328e-01 -9.692299999999999527e-02 3.078000000000000007e-03
2.500000000000000000e+01 2.100000000000000000e+01 6.000000000000000000e+01 0.000000000000000000e+00 1.600000000000000089e+00 -5.041999999999999607e-03 -5.854999999999999961e-03 9.999700000000000255e-01 -9.647300000000000320e-02 9.953210000000000113e-01 5.342000000000000394e-03 -9.953229999999999578e-01 -9.644300000000000095e-02 -5.584000000000000422e-03
4.000000000000000000e+00 2.700000000000000000e+01 6.300000000000000000e+01 0.000000000000000000e+00 1.600000000000000089e+00 6.140999999999999757e-03 8.000000000000000654e-05 9.999810000000000088e-01 -2.850469999999999948e-01 9.585120000000000307e-01 1.673999999999999924e-03 -9.584939999999999571e-01 -2.850520000000000276e-01 5.909000000000000190e-03
7.000000000000000000e+00 2.700000000000000000e+01 6.300000000000000000e+01 0.000000000000000000e+00 1.600000000000000089e+00 3.490000000000000047e-03 3.236000000000000161e-03 9.999890000000000168e-01 -2.886630000000000029e-01 9.574279999999999458e-01 -2.090999999999999977e-03 -9.574240000000000528e-01 -2.886520000000000197e-01 4.276000000000000287e-03
1.400000000000000000e+01 2.700000000000000000e+01 6.300000000000000000e+01 0.000000000000000000e+00 1.600000000000000089e+00 -5.296999999999999625e-03 1.067000000000000023e-03 9.999850000000000128e-01 -2.703389999999999960e-01 9.627620000000000067e-01 -2.459999999999999947e-03 -9.627510000000000234e-01 -2.703479999999999772e-01 -4.812000000000000305e-03
1.800000000000000000e+01 2.700000000000000000e+01 6.300000000000000000e+01 0.000000000000000000e+00 1.600000000000000089e+00 2.001999999999999873e-03 1.962999999999999901e-03 9.999959999999999960e-01 -2.681160000000000210e-01 9.633859999999999646e-01 -1.353999999999999952e-03 -9.633850000000000469e-01 -2.681120000000000170e-01 2.455000000000000151e-03
2.300000000000000000e+01 2.700000000000000000e+01 6.300000000000000000e+01 0.000000000000000000e+00 1.600000000000000089e+00 -3.849999999999999798e-04 7.110000000000000434e-04 1.000000000000000000e+00 -2.685480000000000089e-01 9.632659999999999556e-01 -7.879999999999999635e-04 -9.632659999999999556e-01 -2.685480000000000089e-01 -1.800000000000000113e-04
3.000000000000000000e+01 2.700000000000000000e+01 6.300000000000000000e+01 0.000000000000000000e+00 1.600000000000000089e+00 -9.030000000000000483e-04 -1.981000000000000122e-03 9.999980000000000535e-01 -2.669750000000000179e-01 9.637019999999999476e-01 1.667999999999999995e-03 -9.637029999999999763e-01 -2.669730000000000159e-01 -1.399000000000000070e-03
7.000000000000000000e+00 2.600000000000000000e+01 6.400000000000000000e+01 0.000000000000000000e+00 1.600000000000000089e+00 5.547999999999999980e-03 8.181000000000000771e-03 9.999510000000000343e-01 -3.779299999999999882e-01 9.258180000000000298e-01 -5.478000000000000230e-03 -9.258170000000000011e-01 -3.778810000000000224e-01 8.227999999999999203e-03
1.700000000000000000e+01 2.600000000000000000e+01 6.400000000000000000e+01 0.000000000000000000e+00 1.600000000000000089e+00 7.640000000000000306e-04 -4.500000000000000283e-05 1.000000000000000000e+00 -3.450409999999999866e-01 9.385879999999999779e-01 3.060000000000000111e-04 -9.385869999999999491e-01 -3.450409999999999866e-01 7.020000000000000415e-04
2.700000000000000000e+01 2.600000000000000000e+01 6.400000000000000000e+01 0.000000000000000000e+00 1.600000000000000089e+00 -1.190000000000000085e-03 -2.730999999999999921e-03 9.999959999999999960e-01 -3.462890000000000135e-01 9.381249999999999867e-01 2.148999999999999869e-03 -9.381270000000000442e-01 -3.462850000000000095e-01 -2.062000000000000031e-03
7.000000000000000000e+00 6.900000000000000000e+01 6.600000000000000000e+01 0.000000000000000000e+00 1.600000000000000089e+00 -3.386999999999999820e-03 3.537999999999999912e-03 9.999879999999999880e-01 -9.498720000000000496e-01 3.126090000000000257e-01 -4.322999999999999586e-03 -3.126209999999999822e-01 -9.498750000000000249e-01 2.301999999999999793e-03
5.000000000000000000e+00 2.500000000000000000e+01 7.300000000000000000e+01 0.000000000000000000e+00 1.600000000000000089e+00 -1.863000000000000073e-03 -1.340000000000000045e-04 9.999980000000000535e-01 7.449329999999999563e-01 -6.671380000000000088e-01 1.299000000000000024e-03 6.671359999999999513e-01 7.449339999999999851e-01 1.343000000000000010e-03
9.000000000000000000e+00 2.500000000000000000e+01 7.300000000000000000e+01 0.000000000000000000e+00 1.600000000000000089e+00 1.230000000000000082e-04 -2.098000000000000038e-03 9.999980000000000535e-01 7.458289999999999642e-01 -6.661359999999999504e-01 -1.489000000000000089e-03 6.661369999999999791e-01 7.458280000000000465e-01 1.482999999999999943e-03
2.500000000000000000e+01 2.500000000000000000e+01 7.300000000000000000e+01 0.000000000000000000e+00 1.600000000000000089e+00 -2.626699999999999868e-02 -2.284999999999999878e-02 9.993940000000000046e-01 7.581269999999999953e-01 -6.520869999999999722e-01 5.015999999999999626e-03 6.515769999999999618e-01 7.578000000000000291e-01 3.445200000000000345e-02
2.000000000000000000e+00 4.400000000000000000e+01 7.300000000000000000e+01 0.000000000000000000e+00 1.600000000000000089e+00 -2.281000000000000041e-03 -1.049999999999999935e-03 9.999970000000000248e-01 5.035599999999999798e-02 -9.987310000000000354e-01 -9.340000000000000429e-04 9.987289999999999779e-01 5.035400000000000292e-02 2.331000000000000173e-03
5.000000000000000000e+00 4.400000000000000000e+01 7.300000000000000000e+01 0.000000000000000000e+00 1.600000000000000089e+00 -5.400000000000000069e-04 -1.080999999999999930e-03 9.999989999999999712e-01 5.061500000000000027e-02 -9.987179999999999946e-01 -1.051999999999999984e-03 9.987179999999999946e-01 5.061500000000000027e-02 5.940000000000000184e-04
8.000000000000000000e+00 4.400000000000000000e+01 7.300000000000000000e+01 0.000000000000000000e+00 1.600000000000000089e+00 -1.464000000000000024e-03 -1.392999999999999924e-03 9.999980000000000535e-01 5.074100000000000138e-02 -9.987110000000000154e-01 -1.317000000000000028e-03 9.987110000000000154e-01 5.073899999999999938e-02 1.533000000000000074e-03
1.600000000000000000e+01 4.400000000000000000e+01 7.300000000000000000e+01 0.000000000000000000e+00 1.600000000000000089e+00 -5.739999999999999660e-04 -2.289999999999999935e-03 9.999970000000000248e-01 5.110499999999999765e-02 -9.986909999999999954e-01 -2.256999999999999892e-03 9.986930000000000529e-01 5.110399999999999665e-02 6.899999999999999667e-04
2.100000000000000000e+01 4.400000000000000000e+01 7.300000000000000000e+01 0.000000000000000000e+00 1.600000000000000089e+00 -1.379999999999999933e-03 -3.444000000000000013e-03 9.999930000000000208e-01 5.080699999999999800e-02 -9.987030000000000074e-01 -3.370000000000000166e-03 9.987080000000000402e-01 5.080199999999999994e-02 1.552999999999999910e-03
2.600000000000000000e+01 4.400000000000000000e+01 7.300000000000000000e+01 0.000000000000000000e+00 1.600000000000000089e+00 -2.298999999999999828e-03 -5.537000000000000255e-03 9.999820000000000375e-01 4.688599999999999712e-02 -9.988860000000000516e-01 -5.422999999999999869e-03 9.988979999999999526e-01 4.687299999999999800e-02 2.556000000000000112e-03
3.000000000000000000e+01 1.700000000000000000e+01 7.400000000000000000e+01 0.000000000000000000e+00 1.600000000000000089e+00 1.443999999999999971e-03 -1.225399999999999927e-02 -9.999240000000000350e-01 -3.016170000000000240e-01 -9.533629999999999605e-01 1.124799999999999932e-02 -9.534280000000000532e-01 3.015769999999999840e-01 -5.073000000000000252e-03
1.500000000000000000e+01 2.500000000000000000e+01 7.400000000000000000e+01 0.000000000000000000e+00 1.600000000000000089e+00 1.095499999999999946e-02 1.239299999999999950e-02 9.998629999999999463e-01 8.344639999999999835e-01 -5.510570000000000190e-01 -2.312999999999999952e-03 5.509530000000000260e-01 8.343749999999999778e-01 -1.637800000000000020e-02
2.000000000000000000e+00 9.100000000000000000e+01 7.600000000000000000e+01 0.000000000000000000e+00 1.600000000000000089e+00 -1.599999999999999928e-05 1.270000000000000078e-03 9.999989999999999712e-01 3.114529999999999799e-01 -9.502610000000000223e-01 1.211999999999999970e-03 9.502620000000000511e-01 3.114529999999999799e-01 -3.800000000000000209e-04
5.000000000000000000e+00 9.100000000000000000e+01 7.600000000000000000e+01 0.000000000000000000e+00 1.600000000000000089e+00 -3.449999999999999833e-04 -9.959999999999999236e-04 1.000000000000000000e+00 3.170399999999999885e-01 -9.484120000000000328e-01 -8.350000000000000217e-04 9.484120000000000328e-01 3.170399999999999885e-01 6.430000000000000169e-04
1.300000000000000000e+01 9.100000000000000000e+01 7.600000000000000000e+01 0.000000000000000000e+00 1.600000000000000089e+00 -1.498999999999999898e-03 -2.177999999999999815e-03 9.999959999999999960e-01 3.130470000000000197e-01 -9.497360000000000246e-01 -1.598999999999999944e-03 9.497370000000000534e-01 3.130430000000000157e-01 2.105999999999999799e-03
2.000000000000000000e+01 9.100000000000000000e+01 7.600000000000000000e+01 0.000000000000000000e+00 1.600000000000000089e+00 -3.939999999999999817e-04 1.719000000000000042e-03 9.999980000000000535e-01 3.163159999999999861e-01 -9.486520000000000508e-01 1.755000000000000050e-03 9.486539999999999973e-01 3.163159999999999861e-01 -1.700000000000000122e-04
2.900000000000000000e+01 9.100000000000000000e+01 7.600000000000000000e+01 0.000000000000000000e+00 1.600000000000000089e+00 -1.227000000000000009e-03 -1.041999999999999958e-03 9.999989999999999712e-01 3.237439999999999762e-01 -9.461450000000000138e-01 -5.879999999999999810e-04 9.461439999999999850e-01 3.237430000000000030e-01 1.498999999999999898e-03
2.100000000000000000e+01 6.300000000000000000e+01 8.100000000000000000e+01 0.000000000000000000e+00 1.600000000000000089e+00 -1.394000000000000057e-03 3.249999999999999851e-04 9.999989999999999712e-01 4.415499999999999980e-02 -9.990250000000000519e-01 3.860000000000000041e-04 9.990240000000000231e-01 4.415600000000000080e-02 1.378000000000000102e-03
1.200000000000000000e+01 4.400000000000000000e+01 8.300000000000000000e+01 0.000000000000000000e+00 1.600000000000000089e+00 1.691999999999999928e-03 -3.761000000000000020e-03 9.999919999999999920e-01 5.817769999999999886e-01 -8.133380000000000054e-01 -4.042999999999999719e-03 8.133460000000000134e-01 5.817790000000000461e-01 8.120000000000000048e-04
1.700000000000000000e+01 4.400000000000000000e+01 8.300000000000000000e+01 0.000000000000000000e+00 1.600000000000000089e+00 -2.950000000000000148e-04 -2.534999999999999927e-03 9.999970000000000248e-01 5.860750000000000126e-01 -8.102549999999999475e-01 -1.881000000000000076e-03 8.102570000000000050e-01 5.860729999999999551e-01 1.724999999999999971e-03
2.400000000000000000e+01 4.400000000000000000e+01 8.300000000000000000e+01 0.000000000000000000e+00 1.600000000000000089e+00 -1.131000000000000061e-03 3.171000000000000207e-03 9.999940000000000495e-01 5.836120000000000196e-01 -8.120260000000000256e-01 3.235000000000000028e-03 8.120319999999999760e-01 5.836130000000000484e-01 -9.319999999999999942e-04
2.700000000000000000e+01 4.400000000000000000e+01 8.300000000000000000e+01 0.000000000000000000e+00 1.600000000000000089e+00 -1.905000000000000009e-03 3.959999999999999978e-03 9.999900000000000455e-01 5.828119999999999967e-01 -8.125959999999999850e-01 4.329000000000000382e-03 8.126050000000000217e-01 5.828140000000000542e-01 -7.600000000000000418e-04
2.800000000000000000e+01 1.010000000000000000e+02 8.300000000000000000e+01 0.000000000000000000e+00 1.600000000000000089e+00 -8.689999999999999808e-04 -7.019000000000000065e-03 9.999749999999999472e-01 9.965150000000000396e-01 8.340300000000000491e-02 1.451000000000000033e-03 -8.341099999999999903e-02 9.964910000000000156e-01 6.922000000000000201e-03
2.500000000000000000e+01 4.800000000000000000e+01 8.400000000000000000e+01 0.000000000000000000e+00 1.600000000000000089e+00 3.990999999999999756e-03 2.808999999999999865e-03 -9.999879999999999880e-01 -9.476440000000000419e-01 -3.192929999999999935e-01 -4.678999999999999999e-03 -3.193019999999999747e-01 9.476520000000000499e-01 1.387999999999999911e-03
5.000000000000000000e+00 1.400000000000000000e+01 8.600000000000000000e+01 0.000000000000000000e+00 1.600000000000000089e+00 -6.350000000000000392e-04 4.048999999999999648e-03 -9.999919999999999920e-01 1.925109999999999877e-01 9.812870000000000203e-01 3.850999999999999823e-03 9.812950000000000284e-01 -1.925070000000000114e-01 -1.402999999999999950e-03
3.000000000000000000e+00 1.500000000000000000e+01 8.600000000000000000e+01 0.000000000000000000e+00 1.600000000000000089e+00 -8.499999999999999526e-04 1.768999999999999956e-03 -9.999980000000000535e-01 1.852340000000000098e-01 9.826930000000000387e-01 1.580999999999999940e-03 9.826939999999999564e-01 -1.852330000000000088e-01 -1.162999999999999971e-03
1.500000000000000000e+01 1.500000000000000000e+01 8.600000000000000000e+01 0.000000000000000000e+00 1.600000000000000089e+00 -4.809999999999999823e-04 -9.261999999999999400e-03 -9.999569999999999848e-01 1.865700000000000136e-01 9.823990000000000222e-01 -9.188999999999999252e-03 9.824420000000000375e-01 -1.865660000000000096e-01 1.255000000000000039e-03
2.100000000000000000e+01 1.500000000000000000e+01 8.600000000000000000e+01 0.000000000000000000e+00 1.600000000000000089e+00 -7.609999999999999577e-04 1.373000000000000088e-03 -9.999989999999999712e-01 1.828110000000000013e-01 9.831469999999999931e-01 1.211000000000000054e-03 9.831480000000000219e-01 -1.828100000000000003e-01 -9.990000000000001049e-04
2.500000000000000000e+01 1.500000000000000000e+01 8.600000000000000000e+01 0.000000000000000000e+00 1.600000000000000089e+00 1.210000000000000002e-04 -7.039999999999999817e-04 -1.000000000000000000e+00 1.828420000000000045e-01 9.831419999999999604e-01 -6.700000000000000226e-04 9.831419999999999604e-01 -1.828410000000000035e-01 2.469999999999999865e-04
1.700000000000000000e+01 8.300000000000000000e+01 8.600000000000000000e+01 0.000000000000000000e+00 1.600000000000000089e+00 -5.237000000000000335e-03 -6.205999999999999711e-03 9.999670000000000503e-01 -9.997070000000000123e-01 2.367899999999999866e-02 -5.088999999999999774e-03 -2.364700000000000135e-02 -9.997000000000000330e-01 -6.328000000000000291e-03
