2.200000000000000000e+01 2.500000000000000000e+01 1.000000000000000000e+00 0.000000000000000000e+00 1.600000000000000089e+00 -4.063999999999999904e-03 -4.663999999999999743e-03 -9.999810000000000088e-01 -5.310570000000000013e-01 -8.473140000000000116e-01 6.109999999999999980e-03 -8.473260000000000236e-01 5.310719999999999885e-01 9.669999999999999776e-04
6.000000000000000000e+00 1.500000000000000000e+01 4.000000000000000000e+00 0.000000000000000000e+00 1.600000000000000089e+00 2.260999999999999989e-03 1.085000000000000027e-03 9.999970000000000248e-01 2.827390000000000181e-01 -9.591969999999999663e-01 4.020000000000000136e-04 9.591939999999999911e-01 2.827370000000000161e-01 -2.475999999999999902e-03
1.000000000000000000e+01 1.500000000000000000e+01 4.000000000000000000e+00 0.000000000000000000e+00 1.600000000000000089e+00 -9.430000000000000448e-04 2.931000000000000012e-03 9.999949999999999672e-01 2.913020000000000054e-01 -9.566259999999999764e-01 3.078000000000000007e-03 9.566310000000000091e-01 2.913029999999999786e-01 4.800000000000000122e-05
1.600000000000000000e+01 1.500000000000000000e+01 4.000000000000000000e+00 0.000000000000000000e+00 1.600000000000000089e+00 4.110000000000000155e-04 -2.746000000000000177e-03 9.999959999999999960e-01 2.939590000000000258e-01 -9.558140000000000525e-01 -2.745000000000000044e-03 9.558179999999999454e-01 2.939590000000000258e-01 4.150000000000000043e-04
2.200000000000000000e+01 1.500000000000000000e+01 4.000000000000000000e+00 0.000000000000000000e+00 1.600000000000000089e+00 2.770000000000000110e-04 -1.964199999999999974e-02 9.998070000000000013e-01 2.903589999999999782e-01 -9.567320000000000269e-01 -1.887600000000000042e-02 9.569180000000000463e-01 2.903080000000000105e-01 5.438000000000000125e-03
6.000000000000000000e+00 1.010000000000000000e+02 7.000000000000000000e+00 0.000000000000000000e+00 1.600000000000000089e+00 -1.033999999999999980e-03 -6.380000000000000254e-03 9.999789999999999512e-01 8.854199999999999848e-01 4.647760000000000224e-01 3.880999999999999901e-03 -4.647910000000000097e-01 8.854049999999999976e-01 5.167999999999999851e-03
1.000000000000000000e+01 1.010000000000000000e+02 7.000000000000000000e+00 0.000000000000000000e+00 1.600000000000000089e+00 2.057999999999999934e-03 1.652999999999999955e-03 9.999959999999999960e-01 8.849759999999999849e-01 4.656299999999999883e-01 -2.590999999999999987e-03 -4.656330000000000191e-01 8.849780000000000424e-01 -5.050000000000000235e-04
1.800000000000000000e+01 1.010000000000000000e+02 7.000000000000000000e+00 0.000000000000000000e+00 1.600000000000000089e+00 -2.063999999999999863e-03 -1.562699999999999853e-02 9.998759999999999870e-01 8.867660000000000542e-01 4.621299999999999852e-01 9.053000000000000283e-03 -4.622140000000000137e-01 8.866749999999999909e-01 1.290400000000000054e-02
2.800000000000000000e+01 1.010000000000000000e+02 7.000000000000000000e+00 0.000000000000000000e+00 1.600000000000000089e+00 -5.850000000000000165e-04 -1.109899999999999949e-02 9.999379999999999935e-01 8.857500000000000373e-01 4.641279999999999850e-01 5.669000000000000428e-03 -4.641620000000000190e-01 8.856979999999999853e-01 9.560000000000000789e-03
4.000000000000000000e+00 1.500000000000000000e+01 8.000000000000000000e+00 0.000000000000000000e+00 1.600000000000000089e+00 -3.663000000000000023e-03 -7.223000000000000254e-03 -9.999670000000000503e-01 -5.902640000000000109e-01 -8.071709999999999718e-01 7.992000000000000839e-03 -8.072019999999999751e-01 5.902739999999999654e-01 -1.307000000000000002e-03
9.000000000000000000e+00 1.500000000000000000e+01 8.000000000000000000e+00 0.000000000000000000e+00 1.600000000000000089e+00 -2.167999999999999788e-03 -2.092999999999999809e-03 -9.999949999999999672e-01 -5.918299999999999672e-01 -8.060570000000000235e-01 2.969999999999999984e-03 -8.060599999999999987e-01 5.918339999999999712e-01 5.090000000000000123e-04
2.000000000000000000e+01 1.500000000000000000e+01 8.000000000000000000e+00 0.000000000000000000e+00 1.600000000000000089e+00 -2.096999999999999906e-03 -6.573999999999999982e-03 -9.999759999999999760e-01 -5.911969999999999725e-01 -8.065010000000000234e-01 6.542000000000000072e-03 -8.065250000000000474e-01 5.911969999999999725e-01 -2.196000000000000035e-03
2.400000000000000000e+01 1.500000000000000000e+01 8.000000000000000000e+00 0.000000000000000000e+00 1.600000000000000089e+00 -3.118000000000000112e-03 -2.010199999999999834e-02 -9.997930000000000428e-01 -5.937580000000000080e-01 -8.044419999999999904e-01 1.802600000000000036e-02 -8.046370000000000466e-01 5.936909999999999688e-01 -9.428000000000000616e-03
4.000000000000000000e+00 2.400000000000000000e+01 9.000000000000000000e+00 0.000000000000000000e+00 1.600000000000000089e+00 2.752000000000000106e-03 4.113999999999999602e-03 -9.999879999999999880e-01 4.591569999999999818e-01 8.883410000000000473e-01 4.917999999999999629e-03 8.883510000000000018e-01 -4.591649999999999898e-01 5.559999999999999621e-04
9.000000000000000000e+00 2.400000000000000000e+01 9.000000000000000000e+00 0.000000000000000000e+00 1.600000000000000089e+00 2.488999999999999893e-03 9.584000000000000505e-03 -9.999510000000000343e-01 4.595210000000000128e-01 8.881139999999999590e-01 9.655999999999999653e-03 8.881630000000000358e-01 -4.595219999999999860e-01 -2.194000000000000204e-03
1.400000000000000000e+01 2.400000000000000000e+01 9.000000000000000000e+00 0.000000000000000000e+00 1.600000000000000089e+00 1.147999999999999932e-03 3.909000000000000148e-03 -9.999919999999999920e-01 4.598070000000000213e-01 8.880099999999999660e-01 3.998999999999999951e-03 8.880179999999999740e-01 -4.598070000000000213e-01 -7.780000000000000457e-04
1.900000000000000000e+01 2.400000000000000000e+01 9.000000000000000000e+00 0.000000000000000000e+00 1.600000000000000089e+00 2.370999999999999844e-03 8.448000000000000648e-03 -9.999609999999999888e-01 4.585879999999999956e-01 8.886070000000000357e-01 8.593999999999999209e-03 8.886460000000000470e-01 -4.585910000000000264e-01 -1.766999999999999908e-03
2.400000000000000000e+01 2.400000000000000000e+01 9.000000000000000000e+00 0.000000000000000000e+00 1.600000000000000089e+00 4.244000000000000376e-03 1.062199999999999950e-02 -9.999350000000000183e-01 4.581479999999999997e-01 8.888030000000000097e-01 1.138600000000000029e-02 8.888660000000000450e-01 -4.581660000000000177e-01 -1.095000000000000053e-03
2.600000000000000000e+01 2.400000000000000000e+01 9.000000000000000000e+00 0.000000000000000000e+00 1.600000000000000089e+00 4.493999999999999731e-03 1.046500000000000034e-02 -9.999350000000000183e-01 4.573800000000000088e-01 8.891989999999999617e-01 1.136099999999999957e-02 8.892600000000000504e-01 -4.574019999999999753e-01 -7.900000000000000121e-04
2.900000000000000000e+01 2.400000000000000000e+01 9.000000000000000000e+00 0.000000000000000000e+00 1.600000000000000089e+00 4.385000000000000009e-03 8.255000000000000185e-03 -9.999559999999999560e-01 4.565290000000000181e-01 8.896589999999999776e-01 9.346999999999999406e-03 8.896979999999999889e-01 -4.565500000000000114e-01 1.330000000000000073e-04
1.200000000000000000e+01 4.000000000000000000e+00 1.100000000000000000e+01 0.000000000000000000e+00 1.600000000000000089e+00 2.004999999999999838e-03 1.476399999999999935e-02 -9.998890000000000278e-01 2.084789999999999976e-01 9.779139999999999500e-01 1.485700000000000041e-02 9.780250000000000332e-01 -2.084860000000000047e-01 -1.116999999999999937e-03
1.600000000000000000e+01 4.000000000000000000e+00 1.100000000000000000e+01 0.000000000000000000e+00 1.600000000000000089e+00 3.106999999999999953e-03 2.109700000000000117e-02 -9.997730000000000228e-01 2.019509999999999916e-01 9.791640000000000343e-01 2.128999999999999990e-02 9.793910000000000116e-01 -2.019710000000000116e-01 -1.217999999999999899e-03
2.600000000000000000e+01 4.000000000000000000e+00 1.100000000000000000e+01 0.000000000000000000e+00 1.600000000000000089e+00 9.079999999999999530e-04 2.216800000000000020e-02 -9.997540000000000315e-01 1.751800000000000024e-01 9.842910000000000270e-01 2.198400000000000007e-02 9.845359999999999667e-01 -1.751560000000000061e-01 -2.990000000000000036e-03
6.000000000000000000e+00 3.100000000000000000e+01 1.200000000000000000e+01 0.000000000000000000e+00 1.600000000000000089e+00 -7.600000000000000418e-04 1.278000000000000056e-03 9.999989999999999712e-01 -2.185000000000000137e-02 9.997599999999999820e-01 -1.294999999999999927e-03 -9.997610000000000108e-01 -2.185099999999999890e-02 -7.309999999999999875e-04
1.300000000000000000e+01 3.100000000000000000e+01 1.200000000000000000e+01 0.000000000000000000e+00 1.600000000000000089e+00 -2.599999999999999772e-04 5.019999999999999506e-04 1.000000000000000000e+00 -1.630099999999999952e-02 9.998669999999999503e-01 -5.060000000000000478e-04 -9.998669999999999503e-01 -1.630099999999999952e-02 -2.519999999999999996e-04
1.700000000000000000e+01 3.100000000000000000e+01 1.200000000000000000e+01 0.000000000000000000e+00 1.600000000000000089e+00 2.359999999999999902e-04 2.200000000000000133e-03 9.999980000000000535e-01 -1.652700000000000002e-02 9.998609999999999998e-01 -2.194999999999999903e-03 -9.998629999999999463e-01 -1.652700000000000002e-02 2.719999999999999979e-04
2.600000000000000000e+01 3.000000000000000000e+00 1.300000000000000000e+01 0.000000000000000000e+00 1.600000000000000089e+00 5.109999999999999525e-04 2.210700000000000165e-02 9.997559999999999780e-01 -3.455000000000000172e-03 9.997500000000000275e-01 -2.210499999999999965e-02 -9.999940000000000495e-01 -3.442999999999999880e-03 5.869999999999999567e-04
4.000000000000000000e+00 1.200000000000000000e+01 1.500000000000000000e+01 0.000000000000000000e+00 1.600000000000000089e+00 -2.020000000000000094e-03 -3.069000000000000113e-03 -9.999930000000000208e-01 -4.726839999999999931e-01 -8.812240000000000073e-01 3.658999999999999926e-03 -8.812299999999999578e-01 4.726879999999999971e-01 3.289999999999999739e-04
8.000000000000000000e+00 1.200000000000000000e+01 1.500000000000000000e+01 0.000000000000000000e+00 1.600000000000000089e+00 -2.280000000000000126e-04 2.930000000000000204e-04 -1.000000000000000000e+00 -4.741969999999999796e-01 -8.804189999999999516e-01 -1.489999999999999897e-04 -8.804189999999999516e-01 4.741969999999999796e-01 3.390000000000000001e-04
2.100000000000000000e+01 1.200000000000000000e+01 1.500000000000000000e+01 0.000000000000000000e+00 1.600000000000000089e+00 -1.008999999999999914e-03 -2.772999999999999857e-03 -9.999959999999999960e-01 -4.731009999999999938e-01 -8.810040000000000093e-01 2.919999999999999853e-03 -8.810080000000000133e-01 4.731009999999999938e-01 -4.229999999999999819e-04
2.800000000000000000e+01 1.200000000000000000e+01 1.500000000000000000e+01 0.000000000000000000e+00 1.600000000000000089e+00 -1.969999999999999909e-04 -1.031900000000000005e-02 -9.999470000000000303e-01 -4.706980000000000053e-01 -8.822470000000000034e-01 9.197000000000000314e-03 -8.822940000000000227e-01 4.706739999999999813e-01 -4.683999999999999796e-03
4.000000000000000000e+00 1.100000000000000000e+01 1.600000000000000000e+01 0.000000000000000000e+00 1.600000000000000089e+00 -1.438999999999999958e-03 -3.297000000000000017e-03 -9.999940000000000495e-01 -4.203350000000000142e-01 -9.073620000000000019e-01 3.596999999999999937e-03 -9.073679999999999524e-01 4.203379999999999894e-01 -8.000000000000000654e-05
2.000000000000000000e+00 1.160000000000000000e+02 1.600000000000000000e+01 0.000000000000000000e+00 1.600000000000000089e+00 -2.909999999999999826e-03 -2.063000000000000164e-03 9.999940000000000495e-01 6.664400000000000324e-01 7.455500000000000460e-01 3.477000000000000056e-03 -7.455530000000000213e-01 6.664459999999999829e-01 -7.950000000000000252e-04
9.000000000000000000e+00 1.160000000000000000e+02 1.600000000000000000e+01 0.000000000000000000e+00 1.600000000000000089e+00 1.049000000000000019e-03 1.812000000000000026e-03 9.999980000000000535e-01 6.910669999999999868e-01 7.227869999999999573e-01 -2.034999999999999917e-03 -7.227900000000000436e-01 6.910680000000000156e-01 -4.939999999999999730e-04
1.700000000000000000e+01 1.160000000000000000e+02 1.600000000000000000e+01 0.000000000000000000e+00 1.600000000000000089e+00 -1.472000000000000001e-03 -1.873000000000000099e-03 9.999970000000000248e-01 6.680230000000000334e-01 7.441370000000000484e-01 2.377000000000000206e-03 -7.441389999999999949e-01 6.680249999999999799e-01 1.559999999999999972e-04
1.000000000000000000e+00 2.000000000000000000e+00 1.900000000000000000e+01 0.000000000000000000e+00 1.600000000000000089e+00 -2.475999999999999902e-03 -8.536000000000000185e-03 -9.999609999999999888e-01 2.173579999999999957e-01 -9.760609999999999564e-01 7.793999999999999713e-03 -9.760889999999999844e-01 -2.173299999999999954e-01 4.271999999999999756e-03
5.000000000000000000e+00 2.000000000000000000e+00 1.900000000000000000e+01 0.000000000000000000e+00 1.600000000000000089e+00 4.400000000000000157e-04 -1.370999999999999996e-02 -9.999059999999999615e-01 2.192270000000000052e-01 -9.755810000000000315e-01 1.347300000000000060e-02 -9.756740000000000412e-01 -2.192119999999999902e-01 2.576999999999999864e-03
8.000000000000000000e+00 2.000000000000000000e+00 1.900000000000000000e+01 0.000000000000000000e+00 1.600000000000000089e+00 -8.180000000000000422e-04 -1.001600000000000060e-02 -9.999500000000000055e-01 2.207689999999999930e-01 -9.752790000000000070e-01 9.589000000000000301e-03 -9.753260000000000263e-01 -2.207500000000000018e-01 3.008999999999999956e-03
1.800000000000000000e+01 2.000000000000000000e+00 1.900000000000000000e+01 0.000000000000000000e+00 1.600000000000000089e+00 4.017999999999999870e-03 4.133999999999999654e-03 -9.999829999999999552e-01 2.149429999999999952e-01 -9.766209999999999614e-01 -3.173000000000000039e-03 -9.766179999999999861e-01 -2.149270000000000069e-01 -4.812000000000000305e-03
2.500000000000000000e+01 2.000000000000000000e+00 1.900000000000000000e+01 0.000000000000000000e+00 1.600000000000000089e+00 -6.489999999999999459e-04 -6.008999999999999585e-03 -9.999820000000000375e-01 2.096020000000000105e-01 -9.777700000000000280e-01 5.740000000000000310e-03 -9.777860000000000440e-01 -2.095950000000000035e-01 1.894999999999999983e-03
2.700000000000000000e+01 4.000000000000000000e+00 2.000000000000000000e+01 0.000000000000000000e+00 1.600000000000000089e+00 1.098999999999999934e-03 -5.137000000000000073e-03 -9.999860000000000415e-01 2.960929999999999951e-01 -9.551450000000000218e-01 5.231999999999999672e-03 -9.551579999999999515e-01 -2.960949999999999971e-01 4.719999999999999803e-04
2.000000000000000000e+00 1.300000000000000000e+01 2.000000000000000000e+01 0.000000000000000000e+00 1.600000000000000089e+00 -2.030000000000000012e-04 3.593999999999999972e-03 9.999940000000000495e-01 2.613570000000000060e-01 9.652359999999999829e-01 -3.416000000000000199e-03 -9.652420000000000444e-01 2.613539999999999752e-01 -1.134999999999999941e-03
6.000000000000000000e+00 1.300000000000000000e+01 2.000000000000000000e+01 0.000000000000000000e+00 1.600000000000000089e+00 -5.739999999999999660e-04 2.262000000000000122e-03 9.999970000000000248e-01 2.606539999999999968e-01 9.654300000000000104e-01 -2.033999999999999784e-03 -9.654319999999999569e-01 2.606519999999999948e-01 -1.144000000000000052e-03
9.000000000000000000e+00 1.300000000000000000e+01 2.000000000000000000e+01 0.000000000000000000e+00 1.600000000000000089e+00 -3.190000000000000019e-04 1.350999999999999987e-03 9.999989999999999712e-01 2.606220000000000203e-01 9.654399999999999649e-01 -1.221000000000000080e-03 -9.654409999999999936e-01 2.606209999999999916e-01 -6.599999999999999964e-04
1.800000000000000000e+01 1.300000000000000000e+01 2.000000000000000000e+01 0.000000000000000000e+00 1.600000000000000089e+00 -2.359999999999999902e-04 1.175000000000000046e-03 9.999989999999999712e-01 2.618320000000000092e-01 9.651129999999999987e-01 -1.072000000000000036e-03 -9.651129999999999987e-01 2.618320000000000092e-01 -5.360000000000000181e-04
2.100000000000000000e+01 1.300000000000000000e+01 2.000000000000000000e+01 0.000000000000000000e+00 1.600000000000000089e+00 -9.129999999999999661e-04 -6.174999999999999933e-03 9.999810000000000088e-01 2.623610000000000109e-01 9.649499999999999744e-01 6.198000000000000384e-03 -9.649689999999999657e-01 2.623610000000000109e-01 7.389999999999999651e-04
2.900000000000000000e+01 1.300000000000000000e+01 2.000000000000000000e+01 0.000000000000000000e+00 1.600000000000000089e+00 1.113999999999999973e-03 -2.131000000000000082e-03 9.999970000000000248e-01 2.645640000000000214e-01 9.643659999999999455e-01 1.760000000000000063e-03 -9.643669999999999742e-01 2.645609999999999906e-01 1.637999999999999916e-03
6.000000000000000000e+00 1.600000000000000000e+01 2.100000000000000000e+01 0.000000000000000000e+00 1.600000000000000089e+00 -1.167999999999999984e-03 1.250000000000000026e-03 9.999989999999999712e-01 3.018489999999999784e-01 9.533549999999999525e-01 -8.390000000000000105e-04 -9.533549999999999525e-01 3.018469999999999764e-01 -1.490000000000000005e-03
1.200000000000000000e+01 1.600000000000000000e+01 2.100000000000000000e+01 0.000000000000000000e+00 1.600000000000000089e+00 3.890000000000000228e-04 3.393000000000000183e-03 9.999940000000000495e-01 3.023680000000000256e-01 9.531849999999999490e-01 -3.350999999999999812e-03 -9.531910000000000105e-01 3.023680000000000256e-01 -6.549999999999999833e-04
1.800000000000000000e+01 1.600000000000000000e+01 2.100000000000000000e+01 0.000000000000000000e+00 1.600000000000000089e+00 -3.699999999999999947e-04 3.311999999999999840e-03 9.999949999999999672e-01 2.998500000000000054e-01 9.539809999999999679e-01 -3.047999999999999928e-03 -9.539860000000000007e-01 2.998469999999999747e-01 -1.345999999999999974e-03
2.100000000000000000e+01 1.600000000000000000e+01 2.100000000000000000e+01 0.000000000000000000e+00 1.600000000000000089e+00 -2.149999999999999947e-04 -8.184000000000000302e-03 9.999670000000000503e-01 3.005329999999999946e-01 9.537390000000000034e-01 7.870000000000000259e-03 -9.537710000000000354e-01 3.005249999999999866e-01 2.255000000000000060e-03
2.500000000000000000e+01 1.600000000000000000e+01 2.100000000000000000e+01 0.000000000000000000e+00 1.600000000000000089e+00 1.374999999999999920e-03 -7.835999999999999216e-03 9.999679999999999680e-01 3.031340000000000146e-01 9.529220000000000468e-01 7.050999999999999976e-03 -9.529469999999999885e-01 3.031150000000000233e-01 3.684999999999999908e-03
2.900000000000000000e+01 1.600000000000000000e+01 2.100000000000000000e+01 0.000000000000000000e+00 1.600000000000000089e+00 3.260000000000000094e-04 -6.402999999999999838e-03 9.999789999999999512e-01 3.028170000000000028e-01 9.530300000000000438e-01 6.002999999999999656e-03 -9.530490000000000350e-01 3.028089999999999948e-01 2.249000000000000131e-03
5.000000000000000000e+00 4.600000000000000000e+01 2.700000000000000000e+01 0.000000000000000000e+00 1.600000000000000089e+00 -4.433000000000000308e-03 -3.299999999999999982e-03 -9.999850000000000128e-01 6.580949999999999855e-01 7.529150000000000009e-01 -5.401999999999999684e-03 7.529219999999999802e-01 -6.581090000000000551e-01 -1.165999999999999936e-03
1.000000000000000000e+01 4.600000000000000000e+01 2.700000000000000000e+01 0.000000000000000000e+00 1.600000000000000089e+00 6.960000000000000041e-04 1.479000000000000063e-03 -9.999989999999999712e-01 6.579239999999999533e-01 7.530829999999999469e-01 1.572000000000000047e-03 7.530839999999999756e-01 -6.579239999999999533e-01 -4.490000000000000176e-04
2.900000000000000000e+01 4.600000000000000000e+01 2.700000000000000000e+01 0.000000000000000000e+00 1.600000000000000089e+00 -1.969999999999999909e-04 4.920000000000000328e-04 -1.000000000000000000e+00 6.665200000000000014e-01 7.454870000000000108e-01 2.359999999999999902e-04 7.454870000000000108e-01 -6.665189999999999726e-01 -4.739999999999999747e-04
3.000000000000000000e+00 4.600000000000000000e+01 3.000000000000000000e+01 0.000000000000000000e+00 1.600000000000000089e+00 -2.164999999999999824e-03 -4.982000000000000317e-03 -9.999850000000000128e-01 3.157749999999999724e-01 9.488189999999999680e-01 -5.411000000000000011e-03 9.488320000000000087e-01 -3.157820000000000071e-01 -4.809999999999999823e-04
9.000000000000000000e+00 4.600000000000000000e+01 3.000000000000000000e+01 0.000000000000000000e+00 1.600000000000000089e+00 -1.920000000000000049e-04 8.170000000000000179e-04 -1.000000000000000000e+00 3.187860000000000138e-01 9.478269999999999751e-01 7.140000000000000079e-04 9.478269999999999751e-01 -3.187849999999999850e-01 -4.420000000000000101e-04
1.300000000000000000e+01 4.600000000000000000e+01 3.000000000000000000e+01 0.000000000000000000e+00 1.600000000000000089e+00 1.350000000000000071e-03 -1.090000000000000067e-04 -9.999989999999999712e-01 3.241780000000000217e-01 9.459959999999999480e-01 3.350000000000000113e-04 9.459950000000000303e-01 -3.241780000000000217e-01 1.312000000000000015e-03
2.100000000000000000e+01 4.600000000000000000e+01 3.000000000000000000e+01 0.000000000000000000e+00 1.600000000000000089e+00 1.183000000000000024e-03 2.077999999999999986e-03 -9.999970000000000248e-01 3.256339999999999790e-01 9.454930000000000279e-01 2.350999999999999791e-03 9.454949999999999743e-01 -3.256359999999999810e-01 4.420000000000000101e-04
2.600000000000000000e+01 4.600000000000000000e+01 3.000000000000000000e+01 0.000000000000000000e+00 1.600000000000000089e+00 -2.390000000000000089e-04 -1.621999999999999961e-03 -9.999989999999999712e-01 3.226890000000000036e-01 9.465040000000000120e-01 -1.613000000000000067e-03 9.465050000000000407e-01 -3.226890000000000036e-01 2.970000000000000092e-04
5.000000000000000000e+00 5.800000000000000000e+01 3.100000000000000000e+01 0.000000000000000000e+00 1.600000000000000089e+00 -1.691000000000000012e-03 -3.083999999999999936e-03 9.999940000000000495e-01 -7.777640000000000109e-01 -6.285479999999999956e-01 -3.253999999999999948e-03 6.285539999999999461e-01 -7.777650000000000396e-01 -1.335000000000000032e-03
1.100000000000000000e+01 5.800000000000000000e+01 3.100000000000000000e+01 0.000000000000000000e+00 1.600000000000000089e+00 -2.175999999999999983e-03 -2.124000000000000020e-03 9.999949999999999672e-01 -7.793029999999999680e-01 -6.266399999999999748e-01 -3.027000000000000177e-03 6.266429999999999501e-01 -7.793060000000000542e-01 -2.919999999999999961e-04
1.300000000000000000e+01 5.800000000000000000e+01 3.100000000000000000e+01 0.000000000000000000e+00 1.600000000000000089e+00 -1.288000000000000082e-03 -1.869999999999999917e-03 9.999970000000000248e-01 -7.809829999999999828e-01 -6.245479999999999920e-01 -2.174000000000000151e-03 6.245509999999999673e-01 -7.809840000000000115e-01 -6.560000000000000076e-04
2.500000000000000000e+01 5.800000000000000000e+01 3.100000000000000000e+01 0.000000000000000000e+00 1.600000000000000089e+00 -2.373000000000000109e-03 -3.917000000000000343e-03 9.999900000000000455e-01 -7.849620000000000486e-01 -6.195289999999999964e-01 -4.289000000000000278e-03 6.195389999999999509e-01 -7.849639999999999951e-01 -1.603999999999999957e-03
2.800000000000000000e+01 5.800000000000000000e+01 3.100000000000000000e+01 0.000000000000000000e+00 1.600000000000000089e+00 1.085000000000000027e-03 -3.876000000000000105e-03 9.999919999999999920e-01 -7.823930000000000051e-01 -6.227840000000000042e-01 -1.564999999999999985e-03 6.227850000000000330e-01 -7.823839999999999684e-01 -3.707999999999999925e-03
3.000000000000000000e+00 4.600000000000000000e+01 3.500000000000000000e+01 0.000000000000000000e+00 1.600000000000000089e+00 1.240000000000000054e-04 -4.820000000000000066e-04 -1.000000000000000000e+00 3.841140000000000110e-01 -9.232860000000000511e-01 4.929999999999999487e-04 -9.232860000000000511e-01 -3.841140000000000110e-01 7.100000000000000462e-05
9.000000000000000000e+00 4.600000000000000000e+01 3.500000000000000000e+01 0.000000000000000000e+00 1.600000000000000089e+00 -1.610000000000000103e-04 -1.600000000000000131e-04 -1.000000000000000000e+00 3.858969999999999900e-01 -9.225419999999999732e-01 8.600000000000000331e-05 -9.225419999999999732e-01 -3.858969999999999900e-01 2.100000000000000087e-04
1.300000000000000000e+01 4.600000000000000000e+01 3.500000000000000000e+01 0.000000000000000000e+00 1.600000000000000089e+00 -1.626000000000000058e-03 5.990000000000000316e-04 -9.999980000000000535e-01 3.852829999999999866e-01 -9.227980000000000071e-01 -1.178999999999999927e-03 -9.227969999999999784e-01 -3.852840000000000154e-01 1.268999999999999946e-03
1.800000000000000000e+01 4.600000000000000000e+01 3.500000000000000000e+01 0.000000000000000000e+00 1.600000000000000089e+00 -1.162000000000000055e-03 3.371999999999999997e-03 -9.999940000000000495e-01 3.860040000000000138e-01 -9.224900000000000322e-01 -3.559000000000000098e-03 -9.224959999999999827e-01 -3.860060000000000158e-01 -2.290000000000000098e-04
2.400000000000000000e+01 4.600000000000000000e+01 3.500000000000000000e+01 0.000000000000000000e+00 1.600000000000000089e+00 -8.100000000000000375e-05 -2.360999999999999818e-03 -9.999970000000000248e-01 3.860939999999999928e-01 -9.224569999999999714e-01 2.147000000000000037e-03 -9.224590000000000289e-01 -3.860930000000000195e-01 9.859999999999998974e-04
2.800000000000000000e+01 4.600000000000000000e+01 3.500000000000000000e+01 0.000000000000000000e+00 1.600000000000000089e+00 -4.070000000000000267e-04 2.405000000000000020e-03 -9.999970000000000248e-01 3.860700000000000243e-01 -9.224660000000000082e-01 -2.376000000000000074e-03 -9.224689999999999834e-01 -3.860700000000000243e-01 -5.529999999999999976e-04
3.000000000000000000e+00 9.500000000000000000e+01 3.600000000000000000e+01 0.000000000000000000e+00 1.600000000000000089e+00 -1.358999999999999965e-03 -5.669000000000000428e-03 9.999829999999999552e-01 9.975659999999999528e-01 6.969999999999999807e-02 1.750999999999999952e-03 -6.970899999999999319e-02 9.975519999999999943e-01 5.560999999999999971e-03
8.000000000000000000e+00 9.500000000000000000e+01 3.600000000000000000e+01 0.000000000000000000e+00 1.600000000000000089e+00 3.139999999999999996e-03 -1.825799999999999992e-02 9.998280000000000500e-01 9.973940000000000028e-01 7.212899999999999867e-02 -1.814999999999999990e-03 -7.208399999999999530e-02 9.972280000000000033e-01 1.843699999999999853e-02
1.300000000000000000e+01 9.500000000000000000e+01 3.600000000000000000e+01 0.000000000000000000e+00 1.600000000000000089e+00 3.356000000000000042e-03 2.451000000000000054e-03 9.999909999999999632e-01 9.967979999999999619e-01 7.987700000000000355e-02 -3.542000000000000010e-03 -7.988499999999999768e-02 9.968019999999999659e-01 -2.174999999999999850e-03
1.800000000000000000e+01 9.500000000000000000e+01 3.600000000000000000e+01 0.000000000000000000e+00 1.600000000000000089e+00 -2.707000000000000205e-03 -3.196000000000000056e-03 9.999909999999999632e-01 9.965730000000000421e-01 8.266800000000000537e-02 2.961999999999999789e-03 -8.267700000000000049e-02 9.965720000000000134e-01 2.961000000000000090e-03
2.600000000000000000e+01 9.500000000000000000e+01 3.600000000000000000e+01 0.000000000000000000e+00 1.600000000000000089e+00 -4.902000000000000107e-03 -2.390300000000000064e-02 9.997019999999999795e-01 9.972170000000000201e-01 7.426099999999999368e-02 6.664999999999999918e-03 -7.439900000000000679e-02 9.969519999999999493e-01 2.347300000000000081e-02
3.000000000000000000e+00 3.000000000000000000e+00 4.300000000000000000e+01 0.000000000000000000e+00 1.600000000000000089e+00 -1.327000000000000055e-03 -8.866000000000000617e-03 -9.999599999999999600e-01 7.384180000000000188e-01 -6.743249999999999522e-01 4.998999999999999971e-03 -6.743419999999999970e-01 -7.383819999999999828e-01 7.441999999999999831e-03
5.000000000000000000e+00 3.000000000000000000e+00 4.300000000000000000e+01 0.000000000000000000e+00 1.600000000000000089e+00 -2.565000000000000006e-03 -2.025599999999999970e-02 -9.997920000000000140e-01 7.390569999999999640e-01 -6.735400000000000276e-01 1.175000000000000003e-02 -6.736379999999999590e-01 -7.388730000000000020e-01 1.669800000000000104e-02
1.200000000000000000e+01 3.000000000000000000e+00 4.300000000000000000e+01 0.000000000000000000e+00 1.600000000000000089e+00 -1.783000000000000080e-03 -7.437000000000000034e-03 -9.999710000000000543e-01 7.416540000000000354e-01 -6.707729999999999526e-01 3.665999999999999988e-03 -6.707800000000000429e-01 -7.416260000000000074e-01 6.712000000000000084e-03
1.600000000000000000e+01 3.000000000000000000e+00 4.300000000000000000e+01 0.000000000000000000e+00 1.600000000000000089e+00 -6.629999999999999609e-04 1.149200000000000048e-02 -9.999339999999999895e-01 7.409909999999999553e-01 -6.714649999999999785e-01 -8.208999999999999284e-03 -6.715149999999999730e-01 -7.409470000000000223e-01 -8.071000000000000049e-03
2.200000000000000000e+01 3.000000000000000000e+00 4.300000000000000000e+01 0.000000000000000000e+00 1.600000000000000089e+00 -1.722000000000000006e-03 3.203000000000000118e-03 -9.999930000000000208e-01 7.382830000000000226e-01 -6.744830000000000547e-01 -3.431000000000000022e-03 -6.744890000000000052e-01 -7.382840000000000513e-01 -1.203000000000000076e-03
2.500000000000000000e+01 3.000000000000000000e+00 4.300000000000000000e+01 0.000000000000000000e+00 1.600000000000000089e+00 4.261000000000000031e-03 -7.366000000000000152e-03 -9.999639999999999640e-01 7.379940000000000389e-01 -6.747579999999999689e-01 8.115000000000000685e-03 -6.747940000000000049e-01 -7.380020000000000469e-01 2.560999999999999908e-03
5.000000000000000000e+00 8.000000000000000000e+00 4.400000000000000000e+01 0.000000000000000000e+00 1.600000000000000089e+00 -3.618999999999999821e-03 -7.823999999999999358e-03 9.999630000000000463e-01 -7.749369999999999870e-01 -6.319909999999999695e-01 -7.749999999999999944e-03 6.320280000000000342e-01 -7.749359999999999582e-01 -3.775999999999999843e-03
9.000000000000000000e+00 2.900000000000000000e+01 4.400000000000000000e+01 0.000000000000000000e+00 1.600000000000000089e+00 -3.327999999999999795e-03 1.030000000000000100e-03 -9.999940000000000495e-01 6.648140000000000160e-01 7.470069999999999766e-01 -1.443000000000000055e-03 7.470010000000000261e-01 -6.648150000000000448e-01 -3.170000000000000075e-03
2.400000000000000000e+01 2.900000000000000000e+01 4.400000000000000000e+01 0.000000000000000000e+00 1.600000000000000089e+00 2.122999999999999887e-03 -3.820000000000000153e-04 -9.999980000000000535e-01 6.623320000000000318e-01 7.492100000000000426e-01 1.119999999999999902e-03 7.492069999999999563e-01 -6.623329999999999496e-01 1.843999999999999936e-03
2.800000000000000000e+01 2.900000000000000000e+01 4.400000000000000000e+01 0.000000000000000000e+00 1.600000000000000089e+00 5.469999999999999602e-04 1.369999999999999907e-03 -9.999989999999999712e-01 6.688709999999999933e-01 7.433769999999999545e-01 1.384000000000000031e-03 7.433790000000000120e-01 -6.688709999999999933e-01 -5.090000000000000123e-04
2.000000000000000000e+00 5.400000000000000000e+01 4.600000000000000000e+01 0.000000000000000000e+00 1.600000000000000089e+00 7.050000000000000060e-04 -8.375000000000000500e-03 9.999649999999999928e-01 3.258130000000000193e-01 -9.453989999999999894e-01 -8.146999999999999728e-03 9.454339999999999966e-01 3.258079999999999865e-01 2.063000000000000164e-03
2.500000000000000000e+01 7.000000000000000000e+00 5.200000000000000000e+01 0.000000000000000000e+00 1.600000000000000089e+00 -5.804000000000000131e-03 -3.825999999999999974e-03 -9.999759999999999760e-01 1.229910000000000031e-01 -9.924030000000000351e-01 3.082999999999999803e-03 -9.923910000000000231e-01 -1.229699999999999960e-01 6.231000000000000427e-03
3.000000000000000000e+00 6.300000000000000000e+01 5.400000000000000000e+01 0.000000000000000000e+00 1.600000000000000089e+00 -4.389999999999999914e-04 2.984999999999999806e-03 9.999949999999999672e-01 -3.549829999999999930e-01 9.348680000000000323e-01 -2.945999999999999834e-03 -9.348729999999999540e-01 -3.549820000000000197e-01 6.489999999999999459e-04
7.000000000000000000e+00 6.300000000000000000e+01 5.400000000000000000e+01 0.000000000000000000e+00 1.600000000000000089e+00 -1.606999999999999922e-03 1.505999999999999960e-03 9.999980000000000535e-01 -3.503800000000000248e-01 9.366060000000000496e-01 -1.974000000000000060e-03 -9.366060000000000496e-01 -3.503820000000000268e-01 -9.779999999999999197e-04
1.500000000000000000e+01 6.300000000000000000e+01 5.400000000000000000e+01 0.000000000000000000e+00 1.600000000000000089e+00 2.489999999999999809e-04 -1.592000000000000099e-03 9.999989999999999712e-01 -3.477999999999999980e-01 9.375679999999999570e-01 1.579000000000000108e-03 -9.375689999999999857e-01 -3.477999999999999980e-01 -3.200000000000000262e-04
1.900000000000000000e+01 6.300000000000000000e+01 5.400000000000000000e+01 0.000000000000000000e+00 1.600000000000000089e+00 8.090000000000000403e-04 7.720000000000000083e-04 9.999989999999999712e-01 -3.529599999999999960e-01 9.356379999999999697e-01 -4.360000000000000269e-04 -9.356379999999999697e-01 -3.529599999999999960e-01 1.028999999999999967e-03
2.300000000000000000e+01 6.300000000000000000e+01 5.400000000000000000e+01 0.000000000000000000e+00 1.600000000000000089e+00 7.050000000000000060e-04 2.197999999999999867e-03 9.999970000000000248e-01 -3.552159999999999762e-01 9.347820000000000018e-01 -1.804000000000000048e-03 -9.347839999999999483e-01 -3.552139999999999742e-01 1.440000000000000091e-03
2.700000000000000000e+01 6.300000000000000000e+01 5.400000000000000000e+01 0.000000000000000000e+00 1.600000000000000089e+00 1.706999999999999967e-03 -4.243000000000000244e-03 9.999900000000000455e-01 -3.582620000000000249e-01 9.336100000000000509e-01 4.572999999999999808e-03 -9.336200000000000054e-01 -3.582659999999999734e-01 7.299999999999999903e-05
9.000000000000000000e+00 2.500000000000000000e+01 5.500000000000000000e+01 0.000000000000000000e+00 1.600000000000000089e+00 1.164000000000000104e-03 1.100000000000000066e-03 -9.999989999999999712e-01 -1.082200000000000002e-02 -9.999409999999999688e-01 -1.113000000000000057e-03 -9.999409999999999688e-01 1.082400000000000029e-02 -1.152000000000000029e-03
1.700000000000000000e+01 2.500000000000000000e+01 5.500000000000000000e+01 0.000000000000000000e+00 1.600000000000000089e+00 -1.363999999999999978e-03 -9.359999999999999831e-04 -9.999989999999999712e-01 -9.534000000000000807e-03 -9.999540000000000095e-01 9.489999999999999738e-04 -9.999540000000000095e-01 9.535000000000000073e-03 1.355000000000000085e-03
2.300000000000000000e+01 2.500000000000000000e+01 5.500000000000000000e+01 0.000000000000000000e+00 1.600000000000000089e+00 1.450000000000000009e-04 -5.829999999999999679e-04 -1.000000000000000000e+00 -1.068500000000000005e-02 -9.999430000000000263e-01 5.810000000000000277e-04 -9.999430000000000263e-01 1.068500000000000005e-02 -1.520000000000000084e-04
2.600000000000000000e+01 2.500000000000000000e+01 5.500000000000000000e+01 0.000000000000000000e+00 1.600000000000000089e+00 1.616000000000000032e-03 1.912000000000000071e-03 -9.999970000000000248e-01 -1.159499999999999940e-02 -9.999310000000000143e-01 -1.930000000000000075e-03 -9.999310000000000143e-01 1.159800000000000067e-02 -1.593000000000000015e-03
2.900000000000000000e+01 2.500000000000000000e+01 5.500000000000000000e+01 0.000000000000000000e+00 1.600000000000000089e+00 1.095000000000000053e-03 7.789999999999999616e-04 -9.999989999999999712e-01 -1.193699999999999969e-02 -9.999280000000000390e-01 -7.919999999999999523e-04 -9.999280000000000390e-01 1.193800000000000069e-02 -1.085999999999999943e-03
3.000000000000000000e+00 2.100000000000000000e+01 6.000000000000000000e+01 0.000000000000000000e+00 1.600000000000000089e+00 -3.049999999999999868e-04 -6.198999999999999649e-03 9.999810000000000088e-01 -9.557699999999999529e-02 9.954030000000000378e-01 6.141999999999999890e-03 -9.954220000000000290e-01 -9.557400000000000617e-02 -8.959999999999999866e-04
1.000000000000000000e+01 2.100000000000000000e+01 6.000000000000000000e+01 0.000000000000000000e+00 1.600000000000000089e+00 -1.699999999999999987e-05 1.696999999999999941e-03 9.999989999999999712e-01 -9.661699999999999455e-02 9.953199999999999825e-01 -1.690000000000000096e-03 -9.953220000000000400e-01 -9.661699999999999455e-02 1.469999999999999953e-04
1.300000000000000000e+01 2.100000000000000000e+01 6.000000000000000000e+01 0.000000000000000000e+00 1.600000000000000089e+00 6.759999999999999516e-04 -5.402999999999999817e-03 9.999850000000000128e-01 -9.713900000000000312e-02 9.952560000000000295e-01 5.442999999999999922e-03 -9.952710000000000168e-01 -9.714100000000000512e-02 1.479999999999999925e-04
2.000000000000000000e+01 2.100000000000000000e+01 6.000000000000000000e+01 0.000000000000000000e+00 1.600000000000000089e+00 -1.930000000000000021e-04 -2.929999999999999879e-03 9.999959999999999960e-01 -9.734199999999999797e-02 9.952469999999999928e-01 2.896999999999999836e-03 -9.952509999999999968e-01 -9.734099999999999697e-02 -4.769999999999999934e-04
2.500000000000000000e+01 2.100000000000000000e+01 6.000000000000000000e+01 0.000000000000000000e+00 1.600000000000000089e+00 9.569999999999999514e-04 -1.376999999999999969e-03 9.999989999999999712e-01 -9.664399999999999380e-02 9.953180000000000360e-01 1.463000000000000108e-03 -9.953189999999999538e-01 -9.664499999999999480e-02 8.199999999999999824e-04
5.000000000000000000e+00 6.000000000000000000e+00 6.100000000000000000e+01 0.000000000000000000e+00 1.600000000000000089e+00 1.621999999999999961e-03 5.730999999999999983e-03 9.999820000000000375e-01 5.591920000000000224e-01 -8.290290000000000159e-01 3.844000000000000195e-03 8.290370000000000239e-01 5.591760000000000064e-01 -4.549000000000000092e-03
7.000000000000000000e+00 4.000000000000000000e+00 6.200000000000000000e+01 0.000000000000000000e+00 1.600000000000000089e+00 -1.610000000000000103e-03 -2.112000000000000162e-03 9.999959999999999960e-01 -6.130910000000000526e-01 7.900120000000000475e-01 6.809999999999999647e-04 -7.900110000000000188e-01 -6.130870000000000486e-01 -2.566000000000000138e-03
1.800000000000000000e+01 3.000000000000000000e+00 6.300000000000000000e+01 0.000000000000000000e+00 1.600000000000000089e+00 6.989999999999999686e-04 4.301000000000000136e-03 9.999909999999999632e-01 -6.123739999999999739e-01 7.905630000000000157e-01 -2.971999999999999816e-03 -7.905680000000000485e-01 -6.123659999999999659e-01 3.187000000000000163e-03
3.000000000000000000e+00 2.700000000000000000e+01 6.300000000000000000e+01 0.000000000000000000e+00 1.600000000000000089e+00 6.470000000000000057e-04 -3.440000000000000132e-04 1.000000000000000000e+00 -2.771219999999999795e-01 9.608349999999999946e-01 5.100000000000000366e-04 -9.608349999999999946e-01 -2.771219999999999795e-01 5.259999999999999919e-04
7.000000000000000000e+00 2.700000000000000000e+01 6.300000000000000000e+01 0.000000000000000000e+00 1.600000000000000089e+00 -6.800000000000000488e-04 5.019999999999999506e-04 1.000000000000000000e+00 -2.755449999999999844e-01 9.612880000000000313e-01 -6.700000000000000226e-04 -9.612880000000000313e-01 -2.755449999999999844e-01 -5.150000000000000498e-04
1.100000000000000000e+01 2.700000000000000000e+01 6.300000000000000000e+01 0.000000000000000000e+00 1.600000000000000089e+00 4.300000000000000165e-05 1.090000000000000067e-04 1.000000000000000000e+00 -2.757830000000000004e-01 9.612199999999999633e-01 -9.299999999999999727e-05 -9.612199999999999633e-01 -2.757830000000000004e-01 7.200000000000000182e-05
1.400000000000000000e+01 2.700000000000000000e+01 6.300000000000000000e+01 0.000000000000000000e+00 1.600000000000000089e+00 -2.610000000000000015e-04 -5.169999999999999899e-04 1.000000000000000000e+00 -2.770580000000000265e-01 9.608529999999999571e-01 4.240000000000000062e-04 -9.608529999999999571e-01 -2.770580000000000265e-01 -3.939999999999999817e-04
