2.000000000000000000e+00 4.200000000000000000e+01 2.000000000000000000e+00 0.000000000000000000e+00 1.600000000000000089e+00 -7.795999999999999978e-03 -8.421199999999999519e-02 -9.964169999999999972e-01 9.672509999999999719e-01 -2.534449999999999759e-01 1.385199999999999973e-02 -2.537030000000000118e-01 -9.636770000000000058e-01 8.343000000000000416e-02
5.000000000000000000e+00 1.500000000000000000e+01 4.000000000000000000e+00 0.000000000000000000e+00 1.600000000000000089e+00 -7.630000000000000063e-04 -3.976000000000000367e-03 9.999919999999999920e-01 3.257169999999999788e-01 -9.454609999999999959e-01 -3.510000000000000099e-03 9.454669999999999463e-01 3.257120000000000015e-01 2.017000000000000130e-03
7.000000000000000000e+00 1.500000000000000000e+01 4.000000000000000000e+00 0.000000000000000000e+00 1.600000000000000089e+00 1.613999999999999983e-03 1.959999999999999937e-04 9.999989999999999712e-01 3.245589999999999864e-01 -9.458649999999999558e-01 -3.390000000000000001e-04 9.458640000000000381e-01 3.245589999999999864e-01 -1.590000000000000050e-03
1.600000000000000000e+01 1.500000000000000000e+01 4.000000000000000000e+00 0.000000000000000000e+00 1.600000000000000089e+00 -1.768000000000000040e-03 9.479999999999999495e-04 9.999980000000000535e-01 3.291000000000000036e-01 -9.442939999999999667e-01 1.477000000000000014e-03 9.442930000000000490e-01 3.291020000000000056e-01 1.356999999999999916e-03
1.900000000000000000e+01 1.500000000000000000e+01 4.000000000000000000e+00 0.000000000000000000e+00 1.600000000000000089e+00 -8.210000000000000067e-04 3.049000000000000061e-03 9.999949999999999672e-01 3.261020000000000030e-01 -9.453289999999999749e-01 3.150000000000000022e-03 9.453340000000000076e-01 3.261020000000000030e-01 -2.180000000000000134e-04
2.400000000000000000e+01 1.500000000000000000e+01 4.000000000000000000e+00 0.000000000000000000e+00 1.600000000000000089e+00 6.729999999999999871e-04 6.416999999999999961e-03 9.999789999999999512e-01 3.246890000000000054e-01 -9.458029999999999493e-01 5.851000000000000298e-03 9.458210000000000228e-01 3.246780000000000221e-01 -2.720000000000000195e-03
2.600000000000000000e+01 1.500000000000000000e+01 4.000000000000000000e+00 0.000000000000000000e+00 1.600000000000000089e+00 -1.499999999999999869e-04 9.556000000000000258e-03 9.999540000000000095e-01 3.240169999999999995e-01 -9.460079999999999600e-01 9.090000000000000857e-03 9.460509999999999753e-01 3.240040000000000142e-01 -2.954000000000000029e-03
3.000000000000000000e+01 1.500000000000000000e+01 4.000000000000000000e+00 0.000000000000000000e+00 1.600000000000000089e+00 -1.140000000000000063e-04 8.619999999999999191e-03 9.999630000000000463e-01 3.187639999999999918e-01 -9.477989999999999471e-01 8.207000000000000753e-03 9.478339999999999543e-01 3.187530000000000086e-01 -2.639999999999999986e-03
1.800000000000000000e+01 4.000000000000000000e+00 5.000000000000000000e+00 0.000000000000000000e+00 1.600000000000000089e+00 7.500000000000000156e-04 3.135999999999999899e-03 9.999949999999999672e-01 2.325109999999999955e-01 -9.725890000000000368e-01 2.874999999999999951e-03 9.725930000000000408e-01 2.325079999999999925e-01 -1.459000000000000010e-03
5.000000000000000000e+00 1.010000000000000000e+02 7.000000000000000000e+00 0.000000000000000000e+00 1.600000000000000089e+00 -4.340000000000000108e-03 -1.327099999999999981e-02 9.999019999999999575e-01 8.819099999999999717e-01 4.713100000000000067e-01 1.008299999999999995e-02 -4.713979999999999837e-01 8.818679999999999852e-01 9.658999999999999184e-03
1.800000000000000000e+01 1.010000000000000000e+02 7.000000000000000000e+00 0.000000000000000000e+00 1.600000000000000089e+00 -3.739999999999999835e-04 5.487999999999999823e-03 9.999850000000000128e-01 8.849559999999999649e-01 4.656689999999999996e-01 -2.224999999999999981e-03 -4.656739999999999768e-01 8.849420000000000064e-01 -5.029999999999999749e-03
4.000000000000000000e+00 2.500000000000000000e+01 8.000000000000000000e+00 0.000000000000000000e+00 1.600000000000000089e+00 4.350000000000000026e-04 -8.515999999999999265e-03 -9.999639999999999640e-01 4.482079999999999953e-01 8.938989999999999991e-01 -7.418000000000000115e-03 8.939289999999999736e-01 -4.481879999999999753e-01 4.205999999999999669e-03
1.100000000000000000e+01 2.500000000000000000e+01 8.000000000000000000e+00 0.000000000000000000e+00 1.600000000000000089e+00 9.309999999999999699e-04 6.275000000000000196e-03 -9.999799999999999800e-01 4.474920000000000009e-01 8.942679999999999518e-01 6.028000000000000372e-03 8.942879999999999718e-01 -4.474879999999999969e-01 -1.975999999999999892e-03
1.400000000000000000e+01 2.500000000000000000e+01 8.000000000000000000e+00 0.000000000000000000e+00 1.600000000000000089e+00 2.680000000000000090e-04 3.680000000000000111e-03 -9.999930000000000208e-01 4.470649999999999902e-01 8.944950000000000401e-01 3.412000000000000102e-03 8.945009999999999906e-01 -4.470629999999999882e-01 -1.405999999999999915e-03
1.700000000000000000e+01 2.500000000000000000e+01 8.000000000000000000e+00 0.000000000000000000e+00 1.600000000000000089e+00 -5.419999999999999471e-04 -1.129999999999999928e-03 -9.999989999999999712e-01 4.460799999999999765e-01 8.949920000000000098e-01 -1.252999999999999991e-03 8.949930000000000385e-01 -4.460799999999999765e-01 2.000000000000000164e-05
2.100000000000000000e+01 2.500000000000000000e+01 8.000000000000000000e+00 0.000000000000000000e+00 1.600000000000000089e+00 -2.981999999999999842e-03 -3.285000000000000159e-03 -9.999900000000000455e-01 4.456390000000000073e-01 8.952020000000000532e-01 -4.270000000000000358e-03 8.952080000000000037e-01 -4.456479999999999886e-01 -1.206000000000000041e-03
2.600000000000000000e+01 2.500000000000000000e+01 8.000000000000000000e+00 0.000000000000000000e+00 1.600000000000000089e+00 -3.923000000000000272e-03 -7.359000000000000090e-03 -9.999649999999999928e-01 4.474029999999999951e-01 8.942930000000000046e-01 -8.337000000000000660e-03 8.943240000000000078e-01 -4.474199999999999844e-01 -2.159999999999999919e-04
3.000000000000000000e+00 2.400000000000000000e+01 9.000000000000000000e+00 0.000000000000000000e+00 1.600000000000000089e+00 8.909999999999999734e-04 -1.055299999999999988e-02 -9.999440000000000550e-01 4.514190000000000147e-01 8.922670000000000323e-01 -9.013999999999999443e-03 8.923119999999999941e-01 -4.513860000000000094e-01 5.558999999999999705e-03
1.000000000000000000e+01 2.400000000000000000e+01 9.000000000000000000e+00 0.000000000000000000e+00 1.600000000000000089e+00 8.769999999999999584e-04 5.002000000000000370e-03 -9.999869999999999592e-01 4.504340000000000011e-01 8.927969999999999517e-01 4.860999999999999870e-03 8.928089999999999637e-01 -4.504319999999999991e-01 -1.469999999999999953e-03
1.500000000000000000e+01 2.400000000000000000e+01 9.000000000000000000e+00 0.000000000000000000e+00 1.600000000000000089e+00 2.420000000000000005e-04 1.474999999999999966e-03 -9.999989999999999712e-01 4.494659999999999767e-01 8.932959999999999789e-01 1.425999999999999967e-03 8.932970000000000077e-01 -4.494659999999999767e-01 -4.470000000000000232e-04
2.100000000000000000e+01 2.400000000000000000e+01 9.000000000000000000e+00 0.000000000000000000e+00 1.600000000000000089e+00 -2.896000000000000137e-03 -3.998999999999999951e-03 -9.999879999999999880e-01 4.485319999999999863e-01 8.937540000000000484e-01 -4.872999999999999728e-03 8.937619999999999454e-01 -4.485399999999999943e-01 -7.940000000000000009e-04
2.600000000000000000e+01 2.400000000000000000e+01 9.000000000000000000e+00 0.000000000000000000e+00 1.600000000000000089e+00 -3.824000000000000142e-03 -7.307000000000000127e-03 -9.999660000000000215e-01 4.505009999999999848e-01 8.927380000000000315e-01 -8.245999999999999858e-03 8.927680000000000060e-01 -4.505170000000000008e-01 -1.219999999999999974e-04
8.000000000000000000e+00 1.020000000000000000e+02 9.000000000000000000e+00 0.000000000000000000e+00 1.600000000000000089e+00 6.489999999999999459e-04 -9.779999999999999197e-04 9.999989999999999712e-01 9.200620000000000465e-01 3.917720000000000091e-01 -2.139999999999999975e-04 -3.917720000000000091e-01 9.200620000000000465e-01 1.154000000000000078e-03
9.000000000000000000e+00 1.200000000000000000e+01 1.000000000000000000e+01 0.000000000000000000e+00 1.600000000000000089e+00 3.469999999999999777e-04 4.959999999999999999e-03 -9.999879999999999880e-01 -5.505839999999999623e-01 -8.347679999999999545e-01 -4.331999999999999913e-03 -8.347799999999999665e-01 5.505790000000000406e-01 2.441000000000000027e-03
1.300000000000000000e+01 3.100000000000000000e+01 1.200000000000000000e+01 0.000000000000000000e+00 1.600000000000000089e+00 -5.439999999999999957e-04 2.329999999999999986e-04 1.000000000000000000e+00 -3.406999999999999872e-03 9.999940000000000495e-01 -2.339999999999999958e-04 -9.999940000000000495e-01 -3.406999999999999872e-03 -5.429999999999999714e-04
1.800000000000000000e+01 3.100000000000000000e+01 1.200000000000000000e+01 0.000000000000000000e+00 1.600000000000000089e+00 -6.000000000000000152e-05 -1.010000000000000020e-04 1.000000000000000000e+00 -2.089000000000000145e-03 9.999980000000000535e-01 1.010000000000000020e-04 -9.999980000000000535e-01 -2.089000000000000145e-03 -6.000000000000000152e-05
3.000000000000000000e+00 1.160000000000000000e+02 1.600000000000000000e+01 0.000000000000000000e+00 1.600000000000000089e+00 -7.280000000000000230e-04 -2.586000000000000191e-03 9.999959999999999960e-01 6.647089999999999943e-01 7.470989999999999576e-01 2.416000000000000179e-03 -7.471020000000000438e-01 6.647079999999999655e-01 1.175000000000000046e-03
1.500000000000000000e+01 1.160000000000000000e+02 1.600000000000000000e+01 0.000000000000000000e+00 1.600000000000000089e+00 -3.948000000000000120e-03 -3.321999999999999866e-03 9.999869999999999592e-01 7.024770000000000181e-01 7.116879999999999873e-01 5.138000000000000206e-03 -7.116959999999999953e-01 7.024880000000000013e-01 -4.760000000000000234e-04
3.000000000000000000e+00 2.000000000000000000e+00 1.900000000000000000e+01 0.000000000000000000e+00 1.600000000000000089e+00 -5.493999999999999752e-03 -1.718599999999999989e-02 -9.998369999999999758e-01 1.825239999999999918e-01 -9.830729999999999746e-01 1.589499999999999941e-02 -9.831860000000000044e-01 -1.824070000000000136e-01 8.536999999999999450e-03
9.000000000000000000e+00 2.000000000000000000e+00 1.900000000000000000e+01 0.000000000000000000e+00 1.600000000000000089e+00 7.690000000000000438e-04 -1.537700000000000004e-02 -9.998820000000000485e-01 1.836000000000000132e-01 -9.828829999999999512e-01 1.525699999999999973e-02 -9.830010000000000137e-01 -1.835900000000000032e-01 2.066999999999999827e-03
1.600000000000000000e+01 2.000000000000000000e+00 1.900000000000000000e+01 0.000000000000000000e+00 1.600000000000000089e+00 2.050999999999999872e-03 -2.760500000000000106e-02 -9.996169999999999778e-01 1.957830000000000126e-01 -9.802619999999999667e-01 2.747199999999999989e-02 -9.806449999999999889e-01 -1.957639999999999936e-01 3.393999999999999882e-03
2.100000000000000000e+01 2.000000000000000000e+00 1.900000000000000000e+01 0.000000000000000000e+00 1.600000000000000089e+00 4.360000000000000269e-04 -6.492000000000000375e-03 -9.999789999999999512e-01 2.062930000000000041e-01 -9.784690000000000332e-01 6.442999999999999942e-03 -9.784899999999999709e-01 -2.062920000000000031e-01 9.129999999999999661e-04
2.700000000000000000e+01 2.000000000000000000e+00 1.900000000000000000e+01 0.000000000000000000e+00 1.600000000000000089e+00 2.200000000000000133e-03 1.268000000000000030e-02 -9.999169999999999447e-01 2.038270000000000082e-01 -9.789339999999999709e-01 -1.196499999999999994e-02 -9.790050000000000141e-01 -2.037829999999999919e-01 -4.738000000000000024e-03
2.200000000000000000e+01 4.000000000000000000e+00 2.000000000000000000e+01 0.000000000000000000e+00 1.600000000000000089e+00 -1.034999999999999896e-03 -5.183000000000000107e-03 -9.999860000000000415e-01 3.256379999999999830e-01 -9.454839999999999911e-01 4.563000000000000216e-03 -9.454939999999999456e-01 -3.256279999999999730e-01 2.665999999999999967e-03
2.700000000000000000e+01 4.000000000000000000e+00 2.000000000000000000e+01 0.000000000000000000e+00 1.600000000000000089e+00 1.216999999999999983e-03 1.204000000000000035e-02 -9.999270000000000103e-01 3.204460000000000086e-01 -9.472030000000000172e-01 -1.101599999999999975e-02 -9.472660000000000524e-01 -3.204089999999999994e-01 -5.010999999999999829e-03
6.000000000000000000e+00 1.300000000000000000e+01 2.000000000000000000e+01 0.000000000000000000e+00 1.600000000000000089e+00 -2.782999999999999884e-03 -7.706000000000000176e-03 9.999660000000000215e-01 2.550879999999999814e-01 9.668830000000000480e-01 8.160999999999999852e-03 -9.669140000000000512e-01 2.551019999999999954e-01 -7.259999999999999743e-04
1.200000000000000000e+01 1.300000000000000000e+01 2.000000000000000000e+01 0.000000000000000000e+00 1.600000000000000089e+00 -4.550000000000000008e-04 -2.158000000000000196e-03 9.999980000000000535e-01 2.579899999999999971e-01 9.661450000000000315e-01 2.201999999999999964e-03 -9.661469999999999780e-01 2.579899999999999971e-01 1.169999999999999979e-04
2.600000000000000000e+01 1.300000000000000000e+01 2.000000000000000000e+01 0.000000000000000000e+00 1.600000000000000089e+00 -3.989999999999999949e-04 -1.889999999999999970e-03 9.999980000000000535e-01 2.672160000000000091e-01 9.636350000000000193e-01 1.928000000000000026e-03 -9.636369999999999658e-01 2.672160000000000091e-01 1.200000000000000030e-04
2.900000000000000000e+01 1.300000000000000000e+01 2.000000000000000000e+01 0.000000000000000000e+00 1.600000000000000089e+00 1.614999999999999899e-03 4.962000000000000265e-03 9.999860000000000415e-01 2.664619999999999767e-01 9.638309999999999933e-01 -5.212999999999999752e-03 -9.638440000000000341e-01 2.664659999999999807e-01 2.339999999999999958e-04
1.000000000000000000e+01 3.000000000000000000e+00 2.500000000000000000e+01 0.000000000000000000e+00 1.600000000000000089e+00 -9.810000000000001011e-04 -1.418999999999999949e-02 9.998989999999999823e-01 -6.600599999999999523e-02 -9.977179999999999938e-01 -1.422400000000000053e-02 9.978190000000000115e-01 -6.601400000000000323e-02 4.199999999999999768e-05
1.700000000000000000e+01 3.000000000000000000e+00 2.500000000000000000e+01 0.000000000000000000e+00 1.600000000000000089e+00 -8.443000000000000851e-03 -2.787500000000000047e-02 9.995760000000000201e-01 -8.799899999999999389e-02 -9.957120000000000415e-01 -2.851000000000000062e-02 9.960849999999999982e-01 -8.820200000000000262e-02 5.954000000000000091e-03
2.200000000000000000e+01 3.000000000000000000e+00 2.500000000000000000e+01 0.000000000000000000e+00 1.600000000000000089e+00 -3.958999999999999846e-03 -6.344999999999999946e-03 9.999719999999999720e-01 -9.950900000000000023e-02 -9.950139999999999540e-01 -6.708000000000000421e-03 9.950290000000000523e-01 -9.953299999999999648e-02 3.308000000000000176e-03
2.700000000000000000e+01 3.000000000000000000e+00 2.500000000000000000e+01 0.000000000000000000e+00 1.600000000000000089e+00 1.732999999999999948e-03 1.296300000000000056e-02 9.999139999999999695e-01 -9.413299999999999446e-02 -9.954739999999999700e-01 1.306799999999999976e-02 9.955580000000000540e-01 -9.414799999999999558e-02 -5.050000000000000235e-04
6.000000000000000000e+00 4.600000000000000000e+01 2.700000000000000000e+01 0.000000000000000000e+00 1.600000000000000089e+00 -1.900000000000000105e-04 -1.201000000000000028e-03 -9.999989999999999712e-01 6.713940000000000463e-01 7.410999999999999810e-01 -1.016999999999999892e-03 7.411010000000000097e-01 -6.713940000000000463e-01 6.650000000000000095e-04
1.600000000000000000e+01 4.600000000000000000e+01 2.700000000000000000e+01 0.000000000000000000e+00 1.600000000000000089e+00 -8.239999999999999712e-04 -4.650000000000000270e-04 -1.000000000000000000e+00 6.771080000000000432e-01 7.358829999999999538e-01 -8.999999999999999754e-04 7.358829999999999538e-01 -6.771080000000000432e-01 -2.919999999999999961e-04
2.300000000000000000e+01 4.600000000000000000e+01 2.700000000000000000e+01 0.000000000000000000e+00 1.600000000000000089e+00 -2.719999999999999979e-04 -1.427000000000000100e-03 -9.999989999999999712e-01 6.751470000000000526e-01 7.376819999999999489e-01 -1.235999999999999903e-03 7.376829999999999776e-01 -6.751470000000000526e-01 7.630000000000000063e-04
2.700000000000000000e+01 4.600000000000000000e+01 2.700000000000000000e+01 0.000000000000000000e+00 1.600000000000000089e+00 -1.064000000000000059e-03 -3.327000000000000096e-03 -9.999940000000000495e-01 6.693259999999999765e-01 7.429620000000000113e-01 -3.184000000000000198e-03 7.429679999999999618e-01 -6.693249999999999478e-01 1.435999999999999993e-03
1.400000000000000000e+01 4.600000000000000000e+01 3.000000000000000000e+01 0.000000000000000000e+00 1.600000000000000089e+00 1.240000000000000054e-04 -1.131000000000000061e-03 -9.999989999999999712e-01 3.327530000000000210e-01 9.430129999999999901e-01 -1.026000000000000002e-03 9.430140000000000189e-01 -3.327530000000000210e-01 4.929999999999999487e-04
1.700000000000000000e+01 4.600000000000000000e+01 3.000000000000000000e+01 0.000000000000000000e+00 1.600000000000000089e+00 -3.869999999999999742e-04 -1.415000000000000025e-03 -9.999989999999999712e-01 3.312160000000000104e-01 9.435540000000000038e-01 -1.463000000000000108e-03 9.435550000000000326e-01 -3.312160000000000104e-01 1.039999999999999936e-04
3.000000000000000000e+00 5.800000000000000000e+01 3.100000000000000000e+01 0.000000000000000000e+00 1.600000000000000089e+00 -4.381999999999999611e-03 -4.485000000000000271e-03 9.999799999999999800e-01 -7.954039999999999999e-01 -6.060480000000000311e-01 -6.203000000000000180e-03 6.060640000000000471e-01 -7.954160000000000119e-01 -9.120000000000000502e-04
8.000000000000000000e+00 5.800000000000000000e+01 3.100000000000000000e+01 0.000000000000000000e+00 1.600000000000000089e+00 -5.048999999999999669e-03 -2.383000000000000135e-03 9.999850000000000128e-01 -8.009699999999999598e-01 -5.986789999999999612e-01 -5.471000000000000169e-03 5.986829999999999652e-01 -8.009849999999999470e-01 1.113999999999999973e-03
1.600000000000000000e+01 5.800000000000000000e+01 3.100000000000000000e+01 0.000000000000000000e+00 1.600000000000000089e+00 6.769999999999999759e-04 -7.069999999999999462e-04 1.000000000000000000e+00 -7.986600000000000366e-01 -6.017820000000000391e-01 1.150000000000000035e-04 6.017820000000000391e-01 -7.986600000000000366e-01 -9.719999999999999907e-04
2.000000000000000000e+01 5.800000000000000000e+01 3.100000000000000000e+01 0.000000000000000000e+00 1.600000000000000089e+00 -6.109999999999999980e-04 -1.696999999999999941e-03 9.999980000000000535e-01 -7.974620000000000042e-01 -6.033669999999999867e-01 -1.512000000000000106e-03 6.033680000000000154e-01 -7.974620000000000042e-01 -9.849999999999999815e-04
2.300000000000000000e+01 5.800000000000000000e+01 3.100000000000000000e+01 0.000000000000000000e+00 1.600000000000000089e+00 -3.429000000000000190e-03 -5.151000000000000197e-03 9.999810000000000088e-01 -7.984179999999999611e-01 -6.020759999999999446e-01 -5.839999999999999705e-03 6.020940000000000181e-01 -7.984219999999999651e-01 -2.047999999999999907e-03
2.800000000000000000e+01 5.800000000000000000e+01 3.100000000000000000e+01 0.000000000000000000e+00 1.600000000000000089e+00 -2.445000000000000125e-03 -6.511000000000000294e-03 9.999759999999999760e-01 -7.954409999999999537e-01 -6.060020000000000406e-01 -5.891000000000000403e-03 6.060259999999999536e-01 -7.954360000000000319e-01 -3.697000000000000199e-03
1.800000000000000000e+01 1.800000000000000000e+01 3.400000000000000000e+01 0.000000000000000000e+00 1.600000000000000089e+00 -1.265000000000000065e-03 -6.258999999999999807e-03 -9.999799999999999800e-01 -3.111860000000000182e-01 -9.503279999999999506e-01 6.342000000000000415e-03 -9.503479999999999706e-01 3.111869999999999914e-01 -7.450000000000000025e-04
2.300000000000000000e+01 1.800000000000000000e+01 3.400000000000000000e+01 0.000000000000000000e+00 1.600000000000000089e+00 -4.519999999999999821e-04 -2.171000000000000187e-03 -9.999970000000000248e-01 -3.062779999999999947e-01 -9.519389999999999796e-01 2.204999999999999929e-03 -9.519419999999999549e-01 3.062790000000000235e-01 -2.349999999999999930e-04
5.000000000000000000e+00 4.600000000000000000e+01 3.500000000000000000e+01 0.000000000000000000e+00 1.600000000000000089e+00 1.667999999999999995e-03 5.252999999999999857e-03 -9.999850000000000128e-01 3.954599999999999782e-01 -9.184740000000000126e-01 -4.165000000000000299e-03 -9.184809999999999919e-01 -3.954480000000000217e-01 -3.608999999999999795e-03
1.100000000000000000e+01 4.600000000000000000e+01 3.500000000000000000e+01 0.000000000000000000e+00 1.600000000000000089e+00 -2.200000000000000133e-03 -1.520000000000000084e-03 -9.999959999999999960e-01 3.953499999999999792e-01 -9.185299999999999576e-01 5.270000000000000162e-04 -9.185280000000000111e-01 -3.953470000000000040e-01 2.621000000000000066e-03
1.600000000000000000e+01 4.600000000000000000e+01 3.500000000000000000e+01 0.000000000000000000e+00 1.600000000000000089e+00 6.520000000000000188e-04 -1.063399999999999936e-02 -9.999430000000000263e-01 3.921549999999999758e-01 -9.198439999999999950e-01 1.003800000000000005e-02 -9.198990000000000222e-01 -3.921399999999999886e-01 3.569999999999999823e-03
2.100000000000000000e+01 4.600000000000000000e+01 3.500000000000000000e+01 0.000000000000000000e+00 1.600000000000000089e+00 1.046999999999999971e-03 -6.683999999999999837e-03 -9.999770000000000048e-01 3.920029999999999903e-01 -9.199410000000000087e-01 6.558999999999999726e-03 -9.199629999999999752e-01 -3.920009999999999883e-01 1.657000000000000053e-03
2.400000000000000000e+01 4.600000000000000000e+01 3.500000000000000000e+01 0.000000000000000000e+00 1.600000000000000089e+00 -5.839999999999999922e-04 -1.361999999999999929e-03 -9.999989999999999712e-01 3.930250000000000132e-01 -9.195269999999999833e-01 1.023000000000000038e-03 -9.195269999999999833e-01 -3.930239999999999845e-01 1.072000000000000036e-03
4.000000000000000000e+00 9.500000000000000000e+01 3.600000000000000000e+01 0.000000000000000000e+00 1.600000000000000089e+00 8.958999999999999950e-03 2.350999999999999965e-02 9.996829999999999883e-01 9.983020000000000227e-01 5.733800000000000008e-02 -1.029500000000000033e-02 -5.756200000000000205e-02 9.980780000000000207e-01 -2.295600000000000071e-02
1.000000000000000000e+01 9.500000000000000000e+01 3.600000000000000000e+01 0.000000000000000000e+00 1.600000000000000089e+00 7.570999999999999605e-03 1.118000000000000070e-02 9.999090000000000478e-01 9.981240000000000112e-01 6.066200000000000064e-02 -8.236000000000000265e-03 -6.074800000000000338e-02 9.980959999999999832e-01 -1.069900000000000018e-02
1.300000000000000000e+01 9.500000000000000000e+01 3.600000000000000000e+01 0.000000000000000000e+00 1.600000000000000089e+00 8.113000000000000420e-03 7.074000000000000427e-03 9.999419999999999975e-01 9.976530000000000120e-01 6.793799999999999839e-02 -8.574999999999999289e-03 -6.799399999999999888e-02 9.976650000000000240e-01 -6.505999999999999631e-03
2.100000000000000000e+01 9.500000000000000000e+01 3.600000000000000000e+01 0.000000000000000000e+00 1.600000000000000089e+00 4.227999999999999987e-03 -1.599000000000000074e-02 9.998629999999999463e-01 9.972609999999999530e-01 7.390700000000000047e-02 -3.034999999999999937e-03 -7.384799999999999698e-02 9.971370000000000511e-01 1.625899999999999915e-02
2.500000000000000000e+01 9.500000000000000000e+01 3.600000000000000000e+01 0.000000000000000000e+00 1.600000000000000089e+00 1.794999999999999938e-03 -5.611300000000000315e-02 9.984229999999999494e-01 9.971510000000000096e-01 7.538999999999999868e-02 2.445000000000000125e-03 -7.540800000000000280e-02 9.955739999999999590e-01 5.608799999999999897e-02
2.000000000000000000e+00 3.000000000000000000e+00 4.300000000000000000e+01 0.000000000000000000e+00 1.600000000000000089e+00 -7.153999999999999769e-03 -2.365899999999999948e-02 -9.996939999999999715e-01 7.391010000000000080e-01 -6.735109999999999708e-01 1.064999999999999974e-02 -6.735569999999999613e-01 -7.387989999999999835e-01 2.230400000000000091e-02
1.200000000000000000e+01 3.000000000000000000e+00 4.300000000000000000e+01 0.000000000000000000e+00 1.600000000000000089e+00 -4.512999999999999651e-03 -1.361999999999999929e-03 -9.999890000000000168e-01 7.375890000000000502e-01 -6.752449999999999841e-01 -2.409000000000000117e-03 -6.752350000000000296e-01 -7.375920000000000254e-01 4.052000000000000046e-03
1.900000000000000000e+01 3.000000000000000000e+00 4.300000000000000000e+01 0.000000000000000000e+00 1.600000000000000089e+00 2.648000000000000180e-03 1.153799999999999965e-02 -9.999299999999999855e-01 7.347299999999999942e-01 -6.783350000000000213e-01 -5.880999999999999943e-03 -6.783550000000000413e-01 -7.346629999999999550e-01 -1.027299999999999915e-02
2.300000000000000000e+01 3.000000000000000000e+00 4.300000000000000000e+01 0.000000000000000000e+00 1.600000000000000089e+00 2.435000000000000098e-03 1.129999999999999928e-03 -9.999959999999999960e-01 7.373439999999999994e-01 -6.755160000000000053e-01 1.031999999999999931e-03 -6.755130000000000301e-01 -7.373439999999999994e-01 -2.478000000000000168e-03
2.600000000000000000e+01 3.000000000000000000e+00 4.300000000000000000e+01 0.000000000000000000e+00 1.600000000000000089e+00 4.242000000000000111e-03 1.265100000000000079e-02 -9.999109999999999943e-01 7.370440000000000325e-01 -6.758229999999999515e-01 -5.424000000000000002e-03 -6.758319999999999883e-01 -7.369550000000000267e-01 -1.219100000000000045e-02
3.000000000000000000e+01 3.000000000000000000e+00 4.300000000000000000e+01 0.000000000000000000e+00 1.600000000000000089e+00 7.246999999999999970e-03 2.331599999999999992e-02 -9.997019999999999795e-01 7.327259999999999884e-01 -6.804419999999999913e-01 -1.055900000000000068e-02 -6.804850000000000065e-01 -7.324310000000000542e-01 -2.201600000000000085e-02
2.000000000000000000e+01 8.000000000000000000e+00 4.400000000000000000e+01 0.000000000000000000e+00 1.600000000000000089e+00 -2.186000000000000009e-03 4.653000000000000018e-03 9.999869999999999592e-01 -7.825170000000000181e-01 -6.226279999999999593e-01 1.186999999999999904e-03 6.226260000000000128e-01 -7.825039999999999774e-01 5.002000000000000370e-03
4.000000000000000000e+00 2.900000000000000000e+01 4.400000000000000000e+01 0.000000000000000000e+00 1.600000000000000089e+00 -2.739999999999999923e-04 3.429999999999999889e-03 -9.999940000000000495e-01 6.512489999999999668e-01 7.588599999999999790e-01 2.425000000000000072e-03 7.588639999999999830e-01 -6.512440000000000451e-01 -2.442000000000000160e-03
7.000000000000000000e+00 2.900000000000000000e+01 4.400000000000000000e+01 0.000000000000000000e+00 1.600000000000000089e+00 -1.742000000000000059e-03 3.339999999999999870e-04 -9.999980000000000535e-01 6.551660000000000261e-01 7.554849999999999621e-01 -8.890000000000000333e-04 7.554830000000000156e-01 -6.551660000000000261e-01 -1.534999999999999906e-03
1.100000000000000000e+01 2.900000000000000000e+01 4.400000000000000000e+01 0.000000000000000000e+00 1.600000000000000089e+00 -3.363999999999999803e-03 -2.086999999999999880e-03 -9.999919999999999920e-01 6.611949999999999772e-01 7.502050000000000107e-01 -3.789999999999999966e-03 7.502069999999999572e-01 -6.612019999999999564e-01 -1.144000000000000052e-03
1.400000000000000000e+01 2.900000000000000000e+01 4.400000000000000000e+01 0.000000000000000000e+00 1.600000000000000089e+00 -1.853999999999999962e-03 -2.069999999999999792e-03 -9.999959999999999960e-01 6.653780000000000250e-01 7.465009999999999701e-01 -2.778999999999999786e-03 7.465039999999999454e-01 -6.653810000000000002e-01 -6.999999999999999895e-06
1.800000000000000000e+01 2.900000000000000000e+01 4.400000000000000000e+01 0.000000000000000000e+00 1.600000000000000089e+00 -7.860000000000000233e-04 -2.289999999999999935e-03 -9.999970000000000248e-01 6.674390000000000045e-01 7.446610000000000174e-01 -2.230000000000000211e-03 7.446639999999999926e-01 -6.674390000000000045e-01 9.430000000000000448e-04
2.200000000000000000e+01 2.900000000000000000e+01 4.400000000000000000e+01 0.000000000000000000e+00 1.600000000000000089e+00 4.920000000000000328e-04 1.093999999999999920e-03 -9.999989999999999712e-01 6.697910000000000252e-01 7.425490000000000146e-01 1.142000000000000003e-03 7.425500000000000433e-01 -6.697910000000000252e-01 -3.669999999999999760e-04
2.500000000000000000e+01 2.900000000000000000e+01 4.400000000000000000e+01 0.000000000000000000e+00 1.600000000000000089e+00 1.887000000000000005e-03 1.876999999999999979e-03 -9.999959999999999960e-01 6.661160000000000414e-01 7.458430000000000337e-01 2.657000000000000074e-03 7.458460000000000090e-01 -6.661190000000000166e-01 1.569999999999999944e-04
2.900000000000000000e+01 2.900000000000000000e+01 4.400000000000000000e+01 0.000000000000000000e+00 1.600000000000000089e+00 1.835999999999999958e-03 4.000000000000000192e-04 -9.999980000000000535e-01 6.554349999999999898e-01 7.552499999999999769e-01 1.505000000000000044e-03 7.552489999999999482e-01 -6.554370000000000474e-01 1.124999999999999915e-03
1.000000000000000000e+01 7.000000000000000000e+01 4.700000000000000000e+01 0.000000000000000000e+00 1.600000000000000089e+00 1.958000000000000105e-03 -1.289999999999999914e-03 -9.999970000000000248e-01 -8.454380000000000228e-01 -5.340730000000000199e-01 -9.659999999999999533e-04 -5.340700000000000447e-01 8.454369999999999941e-01 -2.137000000000000011e-03
5.000000000000000000e+00 5.000000000000000000e+00 5.100000000000000000e+01 0.000000000000000000e+00 1.600000000000000089e+00 -5.057999999999999996e-03 -1.485099999999999962e-02 -9.998770000000000158e-01 4.851469999999999949e-01 -8.743689999999999518e-01 1.053300000000000070e-02 -8.744180000000000286e-01 -4.850340000000000207e-01 1.162799999999999945e-02
8.000000000000000000e+00 6.000000000000000000e+00 5.100000000000000000e+01 0.000000000000000000e+00 1.600000000000000089e+00 -4.303000000000000401e-03 -1.624899999999999956e-02 -9.998590000000000533e-01 3.162619999999999876e-01 -9.485679999999999668e-01 1.405400000000000052e-02 -9.486620000000000053e-01 -3.161559999999999926e-01 9.221000000000000030e-03
1.100000000000000000e+01 6.000000000000000000e+00 5.100000000000000000e+01 0.000000000000000000e+00 1.600000000000000089e+00 -4.959999999999999999e-03 -1.636200000000000154e-02 -9.998540000000000205e-01 3.144399999999999973e-01 -9.491749999999999909e-01 1.397299999999999931e-02 -9.492639999999999967e-01 -3.143239999999999923e-01 9.853000000000000647e-03
1.500000000000000000e+01 6.000000000000000000e+00 5.100000000000000000e+01 0.000000000000000000e+00 1.600000000000000089e+00 -5.538999999999999653e-03 -1.005200000000000017e-02 -9.999339999999999895e-01 3.196840000000000237e-01 -9.474930000000000296e-01 7.753999999999999608e-03 -9.475080000000000169e-01 -3.196200000000000152e-01 8.462000000000000771e-03
2.900000000000000000e+01 6.000000000000000000e+00 5.100000000000000000e+01 0.000000000000000000e+00 1.600000000000000089e+00 -1.093999999999999920e-03 8.569000000000000228e-03 -9.999630000000000463e-01 3.083640000000000270e-01 -9.512310000000000487e-01 -8.489000000000000018e-03 -9.512680000000000025e-01 -3.083620000000000250e-01 -1.601999999999999908e-03
1.400000000000000000e+01 7.000000000000000000e+00 5.200000000000000000e+01 0.000000000000000000e+00 1.600000000000000089e+00 -7.029999999999999791e-03 -9.348000000000000406e-03 -9.999320000000000430e-01 1.192190000000000055e-01 -9.928320000000000478e-01 8.444000000000000117e-03 -9.928430000000000311e-01 -1.191510000000000069e-01 8.094000000000000500e-03
2.900000000000000000e+01 7.000000000000000000e+00 5.200000000000000000e+01 0.000000000000000000e+00 1.600000000000000089e+00 2.618000000000000101e-03 9.414999999999999758e-03 -9.999519999999999520e-01 9.384699999999999986e-02 -9.955450000000000133e-01 -9.128000000000000697e-03 -9.955829999999999957e-01 -9.381799999999999862e-02 -3.490000000000000047e-03
3.000000000000000000e+00 6.300000000000000000e+01 5.400000000000000000e+01 0.000000000000000000e+00 1.600000000000000089e+00 -4.800000000000000122e-04 1.226000000000000093e-03 9.999989999999999712e-01 -3.534970000000000057e-01 9.354350000000000165e-01 -1.317000000000000028e-03 -9.354350000000000165e-01 -3.534979999999999789e-01 -1.599999999999999928e-05
1.300000000000000000e+01 6.300000000000000000e+01 5.400000000000000000e+01 0.000000000000000000e+00 1.600000000000000089e+00 -2.497999999999999787e-03 -4.416999999999999919e-03 9.999869999999999592e-01 -3.382850000000000024e-01 9.410380000000000411e-01 3.311000000000000141e-03 -9.410399999999999876e-01 -3.382720000000000171e-01 -3.844999999999999894e-03
2.000000000000000000e+01 6.300000000000000000e+01 5.400000000000000000e+01 0.000000000000000000e+00 1.600000000000000089e+00 1.026000000000000002e-03 1.469999999999999953e-04 1.000000000000000000e+00 -3.346350000000000158e-01 9.423479999999999634e-01 2.039999999999999984e-04 -9.423470000000000457e-01 -3.346350000000000158e-01 1.015999999999999976e-03
3.000000000000000000e+01 6.300000000000000000e+01 5.400000000000000000e+01 0.000000000000000000e+00 1.600000000000000089e+00 4.002999999999999614e-03 5.929999999999999941e-04 9.999919999999999920e-01 -3.507709999999999995e-01 9.364609999999999879e-01 8.490000000000000368e-04 -9.364529999999999799e-01 -3.507709999999999995e-01 3.956000000000000315e-03
2.900000000000000000e+01 6.800000000000000000e+01 5.700000000000000000e+01 0.000000000000000000e+00 1.600000000000000089e+00 -9.180999999999999925e-03 -5.227600000000000302e-02 -9.985899999999999777e-01 -2.564830000000000165e-01 -9.651009999999999867e-01 5.288099999999999745e-02 -9.665049999999999475e-01 2.566069999999999740e-01 -4.546999999999999827e-03
1.200000000000000000e+01 2.000000000000000000e+01 6.000000000000000000e+01 0.000000000000000000e+00 1.600000000000000089e+00 -2.519999999999999996e-04 -9.721000000000000474e-03 9.999529999999999808e-01 -6.189000000000000057e-02 9.980360000000000342e-01 9.686999999999999431e-03 -9.980830000000000535e-01 -6.188400000000000151e-02 -8.530000000000000256e-04
2.000000000000000000e+00 2.100000000000000000e+01 6.000000000000000000e+01 0.000000000000000000e+00 1.600000000000000089e+00 -1.371999999999999956e-03 -6.511000000000000294e-03 9.999780000000000335e-01 -9.766099999999999781e-02 9.951989999999999448e-01 6.346000000000000078e-03 -9.952189999999999648e-01 -9.765100000000000169e-02 -2.001000000000000174e-03
8.000000000000000000e+00 2.100000000000000000e+01 6.000000000000000000e+01 0.000000000000000000e+00 1.600000000000000089e+00 -8.199999999999999824e-04 -7.715999999999999769e-03 9.999700000000000255e-01 -9.763299999999999756e-02 9.951929999999999943e-01 7.598999999999999852e-03 -9.952220000000000510e-01 -9.762400000000000244e-02 -1.569000000000000082e-03
1.300000000000000000e+01 2.100000000000000000e+01 6.000000000000000000e+01 0.000000000000000000e+00 1.600000000000000089e+00 2.990000000000000036e-04 -4.856000000000000073e-03 9.999879999999999880e-01 -9.548099999999999643e-02 9.954190000000000538e-01 4.863000000000000135e-03 -9.954309999999999548e-01 -9.548199999999999743e-02 -1.659999999999999963e-04
1.900000000000000000e+01 2.100000000000000000e+01 6.000000000000000000e+01 0.000000000000000000e+00 1.600000000000000089e+00 -5.659999999999999884e-04 -9.048999999999999752e-03 9.999590000000000423e-01 -9.321100000000000219e-02 9.956059999999999910e-01 8.956999999999999684e-03 -9.956460000000000310e-01 -9.320199999999999319e-02 -1.407000000000000048e-03
2.300000000000000000e+01 2.100000000000000000e+01 6.000000000000000000e+01 0.000000000000000000e+00 1.600000000000000089e+00 -1.616999999999999948e-03 -6.590999999999999637e-03 9.999770000000000048e-01 -9.318700000000000594e-02 9.956279999999999575e-01 6.411000000000000032e-03 -9.956469999999999487e-01 -9.317400000000000682e-02 -2.223999999999999849e-03
2.900000000000000000e+01 2.100000000000000000e+01 6.000000000000000000e+01 0.000000000000000000e+00 1.600000000000000089e+00 -1.136999999999999990e-03 4.131000000000000123e-03 9.999909999999999632e-01 -9.547700000000000631e-02 9.954229999999999468e-01 -4.220999999999999926e-03 -9.954309999999999548e-01 -9.548099999999999643e-02 -7.370000000000000249e-04
2.900000000000000000e+01 3.000000000000000000e+00 6.300000000000000000e+01 0.000000000000000000e+00 1.600000000000000089e+00 -2.086000000000000180e-03 1.865500000000000144e-02 9.998240000000000460e-01 -6.250590000000000312e-01 7.804159999999999986e-01 -1.586500000000000063e-02 -7.805750000000000188e-01 -6.249820000000000375e-01 1.003300000000000025e-02
6.000000000000000000e+00 2.700000000000000000e+01 6.300000000000000000e+01 0.000000000000000000e+00 1.600000000000000089e+00 -3.446999999999999977e-03 -4.200999999999999873e-03 9.999850000000000128e-01 -2.739409999999999901e-01 9.617419999999999858e-01 3.095999999999999794e-03 -9.617400000000000393e-01 -2.739260000000000028e-01 -4.466000000000000351e-03
1.300000000000000000e+01 2.700000000000000000e+01 6.300000000000000000e+01 0.000000000000000000e+00 1.600000000000000089e+00 1.077999999999999965e-03 -3.491000000000000179e-03 9.999930000000000208e-01 -2.787310000000000065e-01 9.603620000000000489e-01 3.652999999999999997e-03 -9.603690000000000282e-01 -2.787330000000000085e-01 6.200000000000000270e-05
1.700000000000000000e+01 2.700000000000000000e+01 6.300000000000000000e+01 0.000000000000000000e+00 1.600000000000000089e+00 1.978999999999999856e-03 -4.891000000000000382e-03 9.999860000000000415e-01 -2.802990000000000204e-01 9.598980000000000290e-01 5.250000000000000326e-03 -9.599109999999999587e-01 -2.803059999999999996e-01 5.289999999999999564e-04
2.100000000000000000e+01 2.700000000000000000e+01 6.300000000000000000e+01 0.000000000000000000e+00 1.600000000000000089e+00 7.780000000000000457e-04 -3.324000000000000132e-03 9.999940000000000495e-01 -2.815860000000000030e-01 9.595299999999999940e-01 3.409000000000000138e-03 -9.595359999999999445e-01 -2.815869999999999762e-01 -1.900000000000000105e-04
2.700000000000000000e+01 2.700000000000000000e+01 6.300000000000000000e+01 0.000000000000000000e+00 1.600000000000000089e+00 -1.729000000000000068e-03 -4.033000000000000126e-03 9.999900000000000455e-01 -2.764849999999999808e-01 9.610119999999999774e-01 3.396999999999999846e-03 -9.610170000000000101e-01 -2.764769999999999728e-01 -2.775999999999999822e-03
5.000000000000000000e+00 2.600000000000000000e+01 6.400000000000000000e+01 0.000000000000000000e+00 1.600000000000000089e+00 -2.318000000000000182e-03 -2.915000000000000056e-03 9.999930000000000208e-01 -3.550559999999999827e-01 9.348429999999999795e-01 1.902000000000000045e-03 -9.348419999999999508e-01 -3.550490000000000035e-01 -3.201999999999999985e-03
1.700000000000000000e+01 2.600000000000000000e+01 6.400000000000000000e+01 0.000000000000000000e+00 1.600000000000000089e+00 3.030000000000000141e-03 -7.846000000000000543e-03 9.999649999999999928e-01 -3.636980000000000213e-01 9.314789999999999459e-01 8.411000000000000074e-03 -9.315120000000000067e-01 -3.637110000000000065e-01 -3.100000000000000135e-05
2.700000000000000000e+01 2.600000000000000000e+01 6.400000000000000000e+01 0.000000000000000000e+00 1.600000000000000089e+00 -2.508999999999999946e-03 -3.661999999999999891e-03 9.999900000000000455e-01 -3.567239999999999855e-01 9.342070000000000096e-01 2.526000000000000034e-03 -9.342070000000000096e-01 -3.567139999999999755e-01 -3.650000000000000033e-03
2.500000000000000000e+01 8.900000000000000000e+01 6.400000000000000000e+01 0.000000000000000000e+00 1.600000000000000089e+00 -1.190530000000000060e-01 -1.176729999999999998e-01 -9.858900000000000441e-01 9.909280000000000310e-01 4.828099999999999753e-02 -1.254240000000000077e-01 6.235899999999999777e-02 -9.918780000000000374e-01 1.108579999999999982e-01
