1.800000000000000000e+01 2.500000000000000000e+01 1.000000000000000000e+00 0.000000000000000000e+00 1.600000000000000089e+00 -2.266999999999999918e-03 4.571000000000000410e-03 -9.999869999999999592e-01 -5.345189999999999664e-01 -8.451520000000000143e-01 -2.651000000000000145e-03 -8.451530000000000431e-01 5.345060000000000366e-01 4.359000000000000027e-03
2.400000000000000000e+01 2.500000000000000000e+01 1.000000000000000000e+00 0.000000000000000000e+00 1.600000000000000089e+00 -1.363000000000000062e-03 -2.639999999999999986e-03 -9.999959999999999960e-01 -5.345720000000000471e-01 -8.451180000000000359e-01 2.958999999999999825e-03 -8.451220000000000399e-01 5.345729999999999649e-01 -2.590000000000000071e-04
4.000000000000000000e+00 1.500000000000000000e+01 4.000000000000000000e+00 0.000000000000000000e+00 1.600000000000000089e+00 -3.371999999999999997e-03 -1.323099999999999971e-02 9.999069999999999903e-01 3.208599999999999786e-01 -9.470570000000000377e-01 -1.145000000000000011e-02 9.471209999999999907e-01 3.207909999999999928e-01 7.439000000000000300e-03
7.000000000000000000e+00 1.500000000000000000e+01 4.000000000000000000e+00 0.000000000000000000e+00 1.600000000000000089e+00 9.700000000000000505e-04 -9.277000000000000524e-03 9.999559999999999560e-01 3.203949999999999854e-01 -9.472399999999999709e-01 -9.098999999999999450e-03 9.472840000000000149e-01 3.203900000000000081e-01 2.053999999999999836e-03
1.600000000000000000e+01 1.500000000000000000e+01 4.000000000000000000e+00 0.000000000000000000e+00 1.600000000000000089e+00 -2.993000000000000001e-03 -1.296199999999999956e-02 9.999120000000000230e-01 3.248619999999999841e-01 -9.456940000000000346e-01 -1.128700000000000016e-02 9.457569999999999588e-01 3.247990000000000044e-01 7.041999999999999649e-03
1.900000000000000000e+01 1.500000000000000000e+01 4.000000000000000000e+00 0.000000000000000000e+00 1.600000000000000089e+00 8.999999999999999754e-04 -4.039000000000000055e-03 9.999909999999999632e-01 3.256600000000000050e-01 -9.454780000000000406e-01 -4.112000000000000204e-03 9.454869999999999663e-01 3.256609999999999783e-01 4.650000000000000270e-04
2.300000000000000000e+01 1.500000000000000000e+01 4.000000000000000000e+00 0.000000000000000000e+00 1.600000000000000089e+00 1.196999999999999930e-03 -6.070000000000000092e-04 9.999989999999999712e-01 3.270270000000000121e-01 -9.450140000000000207e-01 -9.650000000000000374e-04 9.450140000000000207e-01 3.270279999999999854e-01 -9.330000000000000186e-04
2.700000000000000000e+01 1.500000000000000000e+01 4.000000000000000000e+00 0.000000000000000000e+00 1.600000000000000089e+00 8.589999999999999546e-04 -2.021999999999999926e-03 9.999980000000000535e-01 3.274449999999999861e-01 -9.448680000000000412e-01 -2.191999999999999938e-03 9.448699999999999877e-01 3.274460000000000148e-01 -1.499999999999999869e-04
1.800000000000000000e+01 8.700000000000000000e+01 6.000000000000000000e+00 0.000000000000000000e+00 1.600000000000000089e+00 -6.835660000000000069e-01 -6.258759999999999879e-01 -3.755220000000000224e-01 -7.280769999999999742e-01 6.209240000000000315e-01 2.904419999999999780e-01 5.138999999999999818e-02 4.719450000000000034e-01 -8.801290000000000502e-01
1.900000000000000000e+01 8.600000000000000000e+01 7.000000000000000000e+00 0.000000000000000000e+00 1.600000000000000089e+00 -6.872030000000000083e-01 -6.648570000000000313e-01 -2.927750000000000075e-01 -7.263669999999999849e-01 6.354720000000000368e-01 2.618510000000000004e-01 1.195700000000000061e-02 3.926060000000000105e-01 -9.196290000000000298e-01
3.000000000000000000e+00 2.500000000000000000e+01 8.000000000000000000e+00 0.000000000000000000e+00 1.600000000000000089e+00 1.137999999999999906e-03 -3.523000000000000090e-03 -9.999930000000000208e-01 4.524009999999999976e-01 8.918110000000000204e-01 -2.626999999999999995e-03 8.918139999999999956e-01 -4.523949999999999916e-01 2.609000000000000208e-03
1.100000000000000000e+01 2.500000000000000000e+01 8.000000000000000000e+00 0.000000000000000000e+00 1.600000000000000089e+00 1.569000000000000082e-03 3.999999999999999819e-06 -9.999989999999999712e-01 4.528429999999999955e-01 8.915899999999999936e-01 7.140000000000000079e-04 8.915889999999999649e-01 -4.528440000000000243e-01 1.396000000000000105e-03
1.500000000000000000e+01 2.500000000000000000e+01 8.000000000000000000e+00 0.000000000000000000e+00 1.600000000000000089e+00 1.056000000000000081e-03 3.014000000000000186e-03 -9.999949999999999672e-01 4.519420000000000104e-01 8.920420000000000016e-01 3.165999999999999977e-03 8.920470000000000343e-01 -4.519429999999999836e-01 -4.200000000000000174e-04
2.000000000000000000e+01 2.500000000000000000e+01 8.000000000000000000e+00 0.000000000000000000e+00 1.600000000000000089e+00 2.369999999999999874e-04 -2.400000000000000061e-04 -1.000000000000000000e+00 4.532169999999999810e-01 8.913999999999999702e-01 -1.060000000000000016e-04 8.913999999999999702e-01 -4.532169999999999810e-01 3.200000000000000262e-04
2.900000000000000000e+01 2.500000000000000000e+01 8.000000000000000000e+00 0.000000000000000000e+00 1.600000000000000089e+00 5.400000000000000069e-04 6.681000000000000306e-03 -9.999780000000000335e-01 4.537200000000000122e-01 8.911229999999999984e-01 6.198999999999999649e-03 8.911440000000000472e-01 -4.537129999999999774e-01 -2.550000000000000183e-03
4.000000000000000000e+00 2.400000000000000000e+01 9.000000000000000000e+00 0.000000000000000000e+00 1.600000000000000089e+00 1.193000000000000050e-03 -1.458000000000000095e-03 -9.999980000000000535e-01 4.566339999999999844e-01 8.896539999999999448e-01 -7.519999999999999558e-04 8.896539999999999448e-01 -4.566319999999999824e-01 1.727000000000000019e-03
1.000000000000000000e+01 2.400000000000000000e+01 9.000000000000000000e+00 0.000000000000000000e+00 1.600000000000000089e+00 1.624000000000000010e-03 2.112999999999999861e-03 -9.999959999999999960e-01 4.564289999999999736e-01 8.897559999999999913e-01 2.621000000000000066e-03 8.897580000000000489e-01 -4.564320000000000044e-01 4.809999999999999823e-04
1.900000000000000000e+01 2.400000000000000000e+01 9.000000000000000000e+00 0.000000000000000000e+00 1.600000000000000089e+00 -1.100000000000000039e-04 1.262000000000000101e-03 -9.999989999999999712e-01 4.554830000000000267e-01 8.902440000000000353e-01 1.074000000000000085e-03 8.902440000000000353e-01 -4.554830000000000267e-01 -6.729999999999999871e-04
2.300000000000000000e+01 2.400000000000000000e+01 9.000000000000000000e+00 0.000000000000000000e+00 1.600000000000000089e+00 -6.099999999999999737e-04 2.144000000000000072e-03 -9.999970000000000248e-01 4.568710000000000271e-01 8.895309999999999606e-01 1.628000000000000107e-03 8.895330000000000181e-01 -4.568690000000000251e-01 -1.521999999999999915e-03
2.700000000000000000e+01 2.400000000000000000e+01 9.000000000000000000e+00 0.000000000000000000e+00 1.600000000000000089e+00 3.020000000000000223e-04 4.628000000000000169e-03 -9.999890000000000168e-01 4.558570000000000122e-01 8.900430000000000286e-01 4.257000000000000367e-03 8.900529999999999831e-01 -4.558530000000000082e-01 -1.840999999999999972e-03
1.700000000000000000e+01 8.900000000000000000e+01 9.000000000000000000e+00 0.000000000000000000e+00 1.600000000000000089e+00 -9.305149999999999810e-01 1.296000000000000060e-03 -3.662520000000000220e-01 -1.044029999999999958e-01 9.575660000000000283e-01 2.686379999999999879e-01 3.510579999999999812e-01 2.882100000000000217e-01 -8.908949999999999925e-01
2.100000000000000000e+01 1.200000000000000000e+01 1.000000000000000000e+01 0.000000000000000000e+00 1.600000000000000089e+00 -2.651000000000000145e-03 7.500000000000000156e-04 -9.999959999999999960e-01 -5.520479999999999832e-01 -8.338119999999999976e-01 8.379999999999999862e-04 -8.338079999999999936e-01 5.520490000000000119e-01 2.624000000000000030e-03
1.300000000000000000e+01 3.500000000000000000e+01 1.200000000000000000e+01 0.000000000000000000e+00 1.600000000000000089e+00 -6.908000000000000078e-03 7.637999999999999824e-03 -9.999470000000000303e-01 4.442280000000000117e-01 -8.958589999999999609e-01 -9.912000000000000671e-03 -8.958869999999999889e-01 -4.442729999999999735e-01 2.795999999999999874e-03
2.000000000000000000e+01 8.400000000000000000e+01 1.200000000000000000e+01 0.000000000000000000e+00 1.600000000000000089e+00 -7.831310000000000215e-01 -5.940299999999999470e-01 -1.839419999999999944e-01 -6.218399999999999483e-01 7.458970000000000322e-01 2.386490000000000000e-01 -4.563000000000000216e-03 3.012759999999999883e-01 -9.535259999999999847e-01
2.500000000000000000e+01 9.600000000000000000e+01 1.200000000000000000e+01 0.000000000000000000e+00 1.600000000000000089e+00 -1.726700000000000110e-02 8.401349999999999651e-01 -5.421019999999999728e-01 -9.148330000000000073e-01 2.055079999999999962e-01 3.476310000000000233e-01 4.034630000000000161e-01 5.019350000000000200e-01 7.650350000000000206e-01
8.000000000000000000e+00 3.200000000000000000e+01 1.400000000000000000e+01 0.000000000000000000e+00 1.600000000000000089e+00 -3.899999999999999929e-04 -4.838000000000000286e-03 -9.999879999999999880e-01 1.055490000000000039e-01 9.944020000000000081e-01 -4.852999999999999675e-03 9.944140000000000201e-01 -1.055500000000000049e-01 1.230000000000000082e-04
8.000000000000000000e+00 1.160000000000000000e+02 1.600000000000000000e+01 0.000000000000000000e+00 1.600000000000000089e+00 -4.113999999999999602e-03 -9.416000000000000758e-03 9.999470000000000303e-01 7.598869999999999791e-01 6.499899999999999567e-01 9.247000000000000011e-03 -6.500430000000000375e-01 7.598840000000000039e-01 4.480999999999999740e-03
1.400000000000000000e+01 1.160000000000000000e+02 1.600000000000000000e+01 0.000000000000000000e+00 1.600000000000000089e+00 -1.941000000000000017e-03 -6.903000000000000282e-03 9.999740000000000295e-01 6.598180000000000156e-01 7.513980000000000103e-01 6.467999999999999791e-03 -7.514229999999999521e-01 6.598129999999999828e-01 3.095999999999999794e-03
2.200000000000000000e+01 1.160000000000000000e+02 1.600000000000000000e+01 0.000000000000000000e+00 1.600000000000000089e+00 -8.604000000000000536e-03 -8.472999999999999629e-03 9.999270000000000103e-01 7.502210000000000267e-01 6.610770000000000257e-01 1.205700000000000001e-02 -6.611310000000000242e-01 7.502699999999999925e-01 6.679999999999999740e-04
2.000000000000000000e+00 2.000000000000000000e+00 1.900000000000000000e+01 0.000000000000000000e+00 1.600000000000000089e+00 2.566999999999999837e-03 6.918999999999999803e-03 -9.999730000000000008e-01 1.514270000000000060e-01 -9.884469999999999645e-01 -6.450000000000000004e-03 -9.884650000000000380e-01 -1.514060000000000128e-01 -3.585000000000000079e-03
1.000000000000000000e+01 2.000000000000000000e+00 1.900000000000000000e+01 0.000000000000000000e+00 1.600000000000000089e+00 3.420000000000000188e-04 7.894999999999999241e-03 -9.999689999999999968e-01 1.586720000000000075e-01 -9.873009999999999842e-01 -7.740999999999999617e-03 -9.873309999999999587e-01 -1.586650000000000005e-01 -1.590999999999999966e-03
1.300000000000000000e+01 2.000000000000000000e+00 1.900000000000000000e+01 0.000000000000000000e+00 1.600000000000000089e+00 1.760999999999999979e-03 1.236300000000000072e-02 -9.999219999999999775e-01 1.592749999999999999e-01 -9.871619999999999839e-01 -1.192400000000000057e-02 -9.872330000000000272e-01 -1.592419999999999947e-01 -3.706999999999999792e-03
1.500000000000000000e+01 2.000000000000000000e+00 1.900000000000000000e+01 0.000000000000000000e+00 1.600000000000000089e+00 1.776000000000000018e-03 7.668000000000000337e-03 -9.999689999999999968e-01 1.567709999999999937e-01 -9.876080000000000414e-01 -7.295000000000000269e-03 -9.876329999999999831e-01 -1.567530000000000034e-01 -2.955999999999999860e-03
2.100000000000000000e+01 2.000000000000000000e+00 1.900000000000000000e+01 0.000000000000000000e+00 1.600000000000000089e+00 1.843999999999999936e-03 2.768000000000000061e-03 -9.999940000000000495e-01 1.527429999999999899e-01 -9.882630000000000026e-01 -2.454000000000000018e-03 -9.882640000000000313e-01 -1.527380000000000126e-01 -2.245000000000000034e-03
2.400000000000000000e+01 2.000000000000000000e+00 1.900000000000000000e+01 0.000000000000000000e+00 1.600000000000000089e+00 2.413000000000000214e-03 -5.050000000000000235e-04 -9.999970000000000248e-01 1.572590000000000099e-01 -9.875570000000000181e-01 8.779999999999999827e-04 -9.875540000000000429e-01 -1.572610000000000119e-01 -2.302999999999999926e-03
3.000000000000000000e+00 1.300000000000000000e+01 2.000000000000000000e+01 0.000000000000000000e+00 1.600000000000000089e+00 2.390999999999999896e-03 -4.752000000000000147e-03 9.999860000000000415e-01 2.449600000000000111e-01 9.695249999999999702e-01 4.021000000000000268e-03 -9.695300000000000029e-01 2.449469999999999981e-01 3.482999999999999985e-03
1.200000000000000000e+01 1.300000000000000000e+01 2.000000000000000000e+01 0.000000000000000000e+00 1.600000000000000089e+00 -4.679999999999999915e-04 2.472999999999999938e-03 9.999970000000000248e-01 2.481530000000000125e-01 9.687179999999999680e-01 -2.279999999999999909e-03 -9.687210000000000543e-01 2.481520000000000115e-01 -1.067000000000000023e-03
1.800000000000000000e+01 1.300000000000000000e+01 2.000000000000000000e+01 0.000000000000000000e+00 1.600000000000000089e+00 -2.608000000000000075e-03 -8.085000000000000173e-03 9.999639999999999640e-01 2.491210000000000091e-01 9.684350000000000458e-01 8.479999999999999691e-03 -9.684690000000000243e-01 2.491339999999999943e-01 -5.119999999999999768e-04
2.000000000000000000e+01 1.300000000000000000e+01 2.000000000000000000e+01 0.000000000000000000e+00 1.600000000000000089e+00 -1.505999999999999960e-03 -8.791999999999999468e-03 9.999599999999999600e-01 2.493630000000000013e-01 9.683690000000000353e-01 8.890000000000000333e-03 -9.684089999999999643e-01 2.493670000000000053e-01 7.339999999999999520e-04
2.600000000000000000e+01 1.300000000000000000e+01 2.000000000000000000e+01 0.000000000000000000e+00 1.600000000000000089e+00 5.353000000000000119e-03 7.562000000000000145e-03 9.999569999999999848e-01 2.475769999999999915e-01 9.688299999999999690e-01 -8.651999999999999968e-03 -9.688529999999999642e-01 2.476129999999999998e-01 3.312999999999999973e-03
3.000000000000000000e+00 1.600000000000000000e+01 2.100000000000000000e+01 0.000000000000000000e+00 1.600000000000000089e+00 2.144000000000000072e-03 -7.278999999999999880e-03 9.999710000000000543e-01 2.957159999999999789e-01 9.552549999999999653e-01 6.318999999999999964e-03 -9.552730000000000388e-01 2.956940000000000124e-01 4.200999999999999873e-03
1.600000000000000000e+01 1.600000000000000000e+01 2.100000000000000000e+01 0.000000000000000000e+00 1.600000000000000089e+00 -2.694000000000000214e-03 -5.781999999999999813e-03 9.999799999999999800e-01 2.978000000000000091e-01 9.546069999999999833e-01 6.322000000000000362e-03 -9.546249999999999458e-01 2.978109999999999924e-01 -8.499999999999999526e-04
2.100000000000000000e+01 1.600000000000000000e+01 2.100000000000000000e+01 0.000000000000000000e+00 1.600000000000000089e+00 -6.819999999999999890e-04 -5.898999999999999730e-03 9.999820000000000375e-01 2.991659999999999875e-01 9.541830000000000034e-01 5.832000000000000378e-03 -9.542009999999999659e-01 2.991639999999999855e-01 1.113999999999999973e-03
2.400000000000000000e+01 1.600000000000000000e+01 2.100000000000000000e+01 0.000000000000000000e+00 1.600000000000000089e+00 4.886999999999999851e-03 5.856000000000000094e-03 9.999710000000000543e-01 2.983870000000000133e-01 9.544190000000000174e-01 -7.047000000000000312e-03 -9.544319999999999471e-01 2.984129999999999838e-01 2.916999999999999888e-03
4.000000000000000000e+00 4.900000000000000000e+01 2.500000000000000000e+01 0.000000000000000000e+00 1.600000000000000089e+00 1.434700000000000038e-02 6.953600000000000059e-02 9.974760000000000293e-01 6.672400000000000553e-01 7.423119999999999719e-01 -6.134499999999999675e-02 -7.447040000000000326e-01 6.664360000000000284e-01 -3.574700000000000100e-02
2.000000000000000000e+00 4.500000000000000000e+01 2.600000000000000000e+01 0.000000000000000000e+00 1.600000000000000089e+00 2.999800000000000036e-02 4.310800000000000048e-02 9.986199999999999521e-01 5.273470000000000102e-01 8.480299999999999505e-01 -5.244900000000000256e-02 -8.491199999999999859e-01 5.281930000000000236e-01 2.707000000000000205e-03
2.900000000000000000e+01 4.600000000000000000e+01 2.700000000000000000e+01 0.000000000000000000e+00 1.600000000000000089e+00 1.197299999999999927e-02 1.811899999999999969e-02 -9.997639999999999860e-01 6.152779999999999916e-01 7.880129999999999635e-01 2.164999999999999911e-02 7.882190000000000030e-01 -6.153920000000000501e-01 -1.712999999999999896e-03
1.100000000000000000e+01 4.900000000000000000e+01 2.900000000000000000e+01 0.000000000000000000e+00 1.600000000000000089e+00 -2.606999999999999942e-03 9.782399999999999429e-02 -9.951999999999999735e-01 6.663320000000000354e-01 -7.419069999999999832e-01 -7.467200000000000226e-02 -7.456509999999999527e-01 -6.633280000000000287e-01 -6.324899999999999967e-02
1.200000000000000000e+01 5.000000000000000000e+01 3.000000000000000000e+01 0.000000000000000000e+00 1.600000000000000089e+00 -4.363999999999999824e-03 1.637790000000000079e-01 -9.864870000000000028e-01 6.597129999999999939e-01 -7.408919999999999950e-01 -1.259230000000000071e-01 -7.515049999999999786e-01 -6.513489999999999558e-01 -1.048140000000000044e-01
1.700000000000000000e+01 5.000000000000000000e+01 3.000000000000000000e+01 0.000000000000000000e+00 1.600000000000000089e+00 -9.379000000000000184e-03 2.726750000000000007e-01 -9.620610000000000550e-01 6.371250000000000524e-01 -7.398989999999999734e-01 -2.159200000000000008e-01 -7.707039999999999447e-01 -6.149780000000000246e-01 -1.667879999999999918e-01
2.300000000000000000e+01 8.000000000000000000e+01 3.000000000000000000e+01 0.000000000000000000e+00 1.600000000000000089e+00 -9.173379999999999868e-01 -3.902470000000000105e-01 -7.872700000000000531e-02 -3.981040000000000134e-01 8.982130000000000392e-01 1.863529999999999909e-01 -2.010000000000000068e-03 2.022899999999999976e-01 -9.793239999999999723e-01
2.400000000000000000e+01 9.000000000000000000e+01 3.000000000000000000e+01 0.000000000000000000e+00 1.600000000000000089e+00 -9.280920000000000281e-01 3.285230000000000095e-01 -1.752640000000000031e-01 2.622880000000000211e-01 9.109049999999999647e-01 3.185230000000000006e-01 2.642909999999999981e-01 2.496490000000000098e-01 -9.315719999999999557e-01
2.100000000000000000e+01 5.100000000000000000e+01 3.100000000000000000e+01 0.000000000000000000e+00 1.600000000000000089e+00 2.522800000000000042e-02 3.988519999999999843e-01 -9.166680000000000383e-01 5.482639999999999736e-01 -7.722740000000000160e-01 -3.209350000000000258e-01 -8.359240000000000004e-01 -4.944799999999999751e-01 -2.381590000000000096e-01
2.100000000000000000e+01 5.200000000000000000e+01 3.200000000000000000e+01 0.000000000000000000e+00 1.600000000000000089e+00 3.796499999999999875e-02 4.218000000000000083e-01 -9.058939999999999770e-01 5.385950000000000459e-01 -7.722369999999999512e-01 -3.369949999999999890e-01 -8.417090000000000405e-01 -4.751159999999999828e-01 -2.564980000000000038e-01
2.400000000000000000e+01 7.900000000000000000e+01 3.500000000000000000e+01 0.000000000000000000e+00 1.600000000000000089e+00 -9.401779999999999582e-01 -3.368929999999999980e-01 -5.068500000000000089e-02 -3.405920000000000059e-01 9.260110000000000285e-01 1.627929999999999933e-01 -7.908999999999999364e-03 1.703169999999999962e-01 -9.853579999999999561e-01
2.500000000000000000e+01 8.900000000000000000e+01 3.500000000000000000e+01 0.000000000000000000e+00 1.600000000000000089e+00 -5.977459999999999996e-01 7.729920000000000124e-01 -2.125630000000000019e-01 7.263249999999999984e-01 6.344049999999999967e-01 2.645419999999999994e-01 3.393399999999999750e-01 3.739000000000000136e-03 -9.406560000000000477e-01
2.500000000000000000e+01 7.800000000000000000e+01 3.600000000000000000e+01 0.000000000000000000e+00 1.600000000000000089e+00 -7.866360000000000019e-01 -6.134429999999999605e-01 -6.994499999999999329e-02 -6.157880000000000020e-01 7.712860000000000271e-01 1.610040000000000082e-01 -4.481899999999999773e-02 1.697230000000000127e-01 -9.844720000000000137e-01
1.200000000000000000e+01 9.500000000000000000e+01 3.600000000000000000e+01 0.000000000000000000e+00 1.600000000000000089e+00 -1.570500000000000021e-02 -5.879199999999999704e-02 9.981470000000000065e-01 9.973889999999999700e-01 6.945300000000000085e-02 1.978399999999999950e-02 -7.048699999999999410e-02 9.958510000000000417e-01 5.754700000000000093e-02
5.000000000000000000e+00 2.900000000000000000e+01 4.400000000000000000e+01 0.000000000000000000e+00 1.600000000000000089e+00 -1.469999999999999953e-04 -1.840999999999999972e-03 -9.999980000000000535e-01 6.601869999999999683e-01 7.510999999999999899e-01 -1.479999999999999979e-03 7.511020000000000474e-01 -6.601860000000000506e-01 1.105000000000000079e-03
1.200000000000000000e+01 2.900000000000000000e+01 4.400000000000000000e+01 0.000000000000000000e+00 1.600000000000000089e+00 -8.199999999999999824e-04 1.208000000000000089e-03 -9.999989999999999712e-01 6.557699999999999640e-01 7.549609999999999932e-01 3.739999999999999835e-04 7.549609999999999932e-01 -6.557690000000000463e-01 -1.412000000000000061e-03
1.700000000000000000e+01 2.900000000000000000e+01 4.400000000000000000e+01 0.000000000000000000e+00 1.600000000000000089e+00 9.399999999999999448e-05 -1.662999999999999982e-03 -9.999989999999999712e-01 6.553099999999999481e-01 7.553590000000000027e-01 -1.193999999999999966e-03 7.553600000000000314e-01 -6.553090000000000304e-01 1.160000000000000007e-03
2.000000000000000000e+01 2.900000000000000000e+01 4.400000000000000000e+01 0.000000000000000000e+00 1.600000000000000089e+00 8.649999999999999920e-04 -1.559000000000000056e-03 -9.999980000000000535e-01 6.569650000000000212e-01 7.539200000000000346e-01 -6.070000000000000092e-04 7.539200000000000346e-01 -6.569639999999999924e-01 1.677000000000000105e-03
2.600000000000000000e+01 9.400000000000000000e+01 4.400000000000000000e+01 0.000000000000000000e+00 1.600000000000000089e+00 -1.885010000000000019e-01 -9.140049999999999564e-01 -3.592540000000000178e-01 -9.763540000000000552e-01 1.349920000000000009e-01 1.688500000000000001e-01 -1.058329999999999965e-01 3.825870000000000104e-01 -9.178380000000000427e-01
9.000000000000000000e+00 6.500000000000000000e+01 4.600000000000000000e+01 0.000000000000000000e+00 1.600000000000000089e+00 1.753400000000000097e-02 1.600779999999999981e-01 9.869489999999999652e-01 6.483189999999999786e-01 -7.532839999999999536e-01 1.106609999999999955e-01 7.611670000000000380e-01 6.379169999999999563e-01 -1.169899999999999968e-01
2.400000000000000000e+01 5.900000000000000000e+01 4.800000000000000000e+01 0.000000000000000000e+00 1.600000000000000089e+00 4.828529999999999767e-01 3.298269999999999813e-01 -8.112139999999999906e-01 -8.365200000000000413e-01 4.477220000000000089e-01 -3.158790000000000209e-01 2.590120000000000200e-01 8.311199999999999699e-01 4.920900000000000274e-01
2.400000000000000000e+01 7.400000000000000000e+01 4.900000000000000000e+01 0.000000000000000000e+00 1.600000000000000089e+00 4.496800000000000103e-02 5.758760000000000545e-01 8.162989999999999968e-01 -9.658470000000000111e-01 2.337879999999999958e-01 -1.117250000000000049e-01 -2.551809999999999912e-01 -7.833970000000000100e-01 5.667210000000000303e-01
1.000000000000000000e+01 4.900000000000000000e+01 5.000000000000000000e+01 0.000000000000000000e+00 1.600000000000000089e+00 4.083260000000000223e-01 9.237800000000000178e-02 9.081500000000000128e-01 -8.106849999999999890e-01 -4.206019999999999759e-01 4.072879999999999834e-01 4.195940000000000225e-01 -9.025300000000000544e-01 -9.685299999999999465e-02
1.000000000000000000e+00 5.000000000000000000e+00 5.100000000000000000e+01 0.000000000000000000e+00 1.600000000000000089e+00 5.155999999999999993e-03 1.174799999999999976e-02 -9.999179999999999735e-01 4.834330000000000016e-01 -8.753459999999999575e-01 -7.792000000000000315e-03 -8.753659999999999775e-01 -4.833529999999999771e-01 -1.019300000000000067e-02
5.000000000000000000e+00 5.000000000000000000e+00 5.100000000000000000e+01 0.000000000000000000e+00 1.600000000000000089e+00 2.654999999999999808e-03 6.947000000000000050e-03 -9.999719999999999720e-01 4.852009999999999934e-01 -8.743889999999999718e-01 -4.786000000000000323e-03 -8.743990000000000373e-01 -4.851750000000000229e-01 -5.692000000000000011e-03
8.000000000000000000e+00 5.000000000000000000e+00 5.100000000000000000e+01 0.000000000000000000e+00 1.600000000000000089e+00 -5.283999999999999635e-03 -1.492000000000000054e-03 -9.999850000000000128e-01 4.887650000000000050e-01 -8.724140000000000228e-01 -1.281000000000000021e-03 -8.723990000000000355e-01 -4.887650000000000050e-01 5.338999999999999996e-03
1.900000000000000000e+01 5.000000000000000000e+00 5.100000000000000000e+01 0.000000000000000000e+00 1.600000000000000089e+00 1.472999999999999917e-03 -3.041999999999999999e-03 -9.999940000000000495e-01 4.892790000000000195e-01 -8.721210000000000351e-01 3.373999999999999829e-03 -8.721259999999999568e-01 -4.892810000000000215e-01 2.039999999999999984e-04
2.600000000000000000e+01 5.000000000000000000e+00 5.100000000000000000e+01 0.000000000000000000e+00 1.600000000000000089e+00 2.752999999999999805e-03 1.760999999999999979e-03 -9.999949999999999672e-01 4.849609999999999754e-01 -8.745359999999999800e-01 -2.049999999999999956e-04 -8.745319999999999760e-01 -4.849580000000000002e-01 -3.262000000000000142e-03
1.300000000000000000e+01 5.100000000000000000e+01 5.100000000000000000e+01 0.000000000000000000e+00 1.600000000000000089e+00 4.185690000000000244e-01 9.236600000000000366e-02 9.034759999999999458e-01 -7.902019999999999600e-01 -4.532979999999999787e-01 4.124329999999999941e-01 4.476390000000000091e-01 -8.865600000000000147e-01 -1.167490000000000056e-01
2.500000000000000000e+01 6.400000000000000000e+01 5.100000000000000000e+01 0.000000000000000000e+00 1.600000000000000089e+00 1.273660000000000070e-01 -3.677949999999999831e-01 -9.211430000000000451e-01 5.309899999999999620e-01 8.096980000000000288e-01 -2.498769999999999880e-01 8.377510000000000234e-01 -4.572919999999999763e-01 2.984240000000000226e-01
1.500000000000000000e+01 1.150000000000000000e+02 5.100000000000000000e+01 0.000000000000000000e+00 1.600000000000000089e+00 -1.456999999999999962e-03 1.849800000000000055e-02 9.998280000000000500e-01 8.441830000000000167e-01 -5.359390000000000542e-01 1.114599999999999966e-02 5.360530000000000017e-01 8.440539999999999710e-01 -1.483499999999999923e-02
1.600000000000000000e+01 7.000000000000000000e+00 5.200000000000000000e+01 0.000000000000000000e+00 1.600000000000000089e+00 9.039999999999999642e-04 -7.526999999999999837e-03 -9.999710000000000543e-01 1.109269999999999978e-01 -9.938000000000000167e-01 7.581000000000000065e-03 -9.938280000000000447e-01 -1.109300000000000008e-01 -6.299999999999999990e-05
1.000000000000000000e+01 5.000000000000000000e+01 5.200000000000000000e+01 0.000000000000000000e+00 1.600000000000000089e+00 4.348690000000000055e-01 8.924100000000000088e-02 8.960609999999999964e-01 -8.012909999999999755e-01 -4.156880000000000019e-01 4.302750000000000186e-01 4.108800000000000230e-01 -9.051190000000000069e-01 -1.092619999999999980e-01
1.200000000000000000e+01 5.100000000000000000e+01 5.200000000000000000e+01 0.000000000000000000e+00 1.600000000000000089e+00 4.304749999999999965e-01 6.294000000000000115e-03 9.025800000000000489e-01 -7.981439999999999646e-01 -4.643100000000000005e-01 3.839029999999999943e-01 4.214939999999999798e-01 -8.856500000000000483e-01 -1.948499999999999954e-01
2.200000000000000000e+01 8.000000000000000000e+01 5.200000000000000000e+01 0.000000000000000000e+00 1.600000000000000089e+00 5.965800000000000269e-02 -1.797570000000000001e-01 9.818999999999999950e-01 1.069920000000000038e-01 9.791370000000000351e-01 1.727509999999999879e-01 -9.924680000000000168e-01 9.475000000000000089e-02 7.764600000000000668e-02
7.000000000000000000e+00 2.500000000000000000e+01 5.500000000000000000e+01 0.000000000000000000e+00 1.600000000000000089e+00 -2.101000000000000003e-03 -2.509999999999999753e-04 -9.999980000000000535e-01 -1.369300000000000031e-02 -9.999059999999999615e-01 2.799999999999999755e-04 -9.999040000000000150e-01 1.369399999999999958e-02 2.098000000000000038e-03
1.300000000000000000e+01 2.500000000000000000e+01 5.500000000000000000e+01 0.000000000000000000e+00 1.600000000000000089e+00 -6.070000000000000092e-04 4.620000000000000083e-04 -1.000000000000000000e+00 -1.043200000000000030e-02 -9.999449999999999728e-01 -4.550000000000000008e-04 -9.999449999999999728e-01 1.043099999999999930e-02 6.109999999999999980e-04
1.900000000000000000e+01 2.500000000000000000e+01 5.500000000000000000e+01 0.000000000000000000e+00 1.600000000000000089e+00 -7.649999999999999465e-04 -3.699999999999999811e-05 -1.000000000000000000e+00 -1.058199999999999939e-02 -9.999440000000000550e-01 4.500000000000000283e-05 -9.999440000000000550e-01 1.058199999999999939e-02 7.640000000000000306e-04
2.400000000000000000e+01 2.500000000000000000e+01 5.500000000000000000e+01 0.000000000000000000e+00 1.600000000000000089e+00 -1.229999999999999974e-03 4.108999999999999805e-03 -9.999909999999999632e-01 -8.803000000000000061e-03 -9.999529999999999808e-01 -4.098000000000000080e-03 -9.999599999999999600e-01 8.798000000000000265e-03 1.265999999999999981e-03
2.800000000000000000e+01 2.500000000000000000e+01 5.500000000000000000e+01 0.000000000000000000e+00 1.600000000000000089e+00 -5.569999999999999864e-04 1.968999999999999830e-03 -9.999980000000000535e-01 -7.618999999999999904e-03 -9.999689999999999968e-01 -1.965000000000000167e-03 -9.999710000000000543e-01 7.617999999999999772e-03 5.720000000000000258e-04
2.400000000000000000e+01 5.800000000000000000e+01 5.500000000000000000e+01 0.000000000000000000e+00 1.600000000000000089e+00 -8.525599999999999845e-02 -3.034560000000000035e-01 9.490239999999999787e-01 -1.585199999999999942e-01 9.444909999999999695e-01 2.877649999999999930e-01 -9.836679999999999868e-01 -1.259059999999999901e-01 -1.286269999999999913e-01
9.000000000000000000e+00 6.000000000000000000e+01 5.500000000000000000e+01 0.000000000000000000e+00 1.600000000000000089e+00 -4.563799999999999801e-02 -9.246500000000000552e-02 9.946690000000000254e-01 -3.075699999999999962e-02 9.953650000000000553e-01 9.111900000000000555e-02 -9.984840000000000382e-01 -2.643500000000000016e-02 -4.827000000000000041e-02
1.300000000000000000e+01 6.000000000000000000e+01 5.500000000000000000e+01 0.000000000000000000e+00 1.600000000000000089e+00 -2.038799999999999987e-02 -1.038170000000000065e-01 9.943880000000000496e-01 8.119800000000000628e-02 9.911370000000000458e-01 1.051419999999999993e-01 -9.964889999999999581e-01 8.288600000000000134e-02 -1.177699999999999927e-02
9.000000000000000000e+00 5.100000000000000000e+01 5.600000000000000000e+01 0.000000000000000000e+00 1.600000000000000089e+00 4.191039999999999766e-01 -1.610250000000000015e-01 8.935450000000000337e-01 -8.833729999999999638e-01 -2.996980000000000199e-01 3.603239999999999776e-01 2.097719999999999863e-01 -9.403470000000000439e-01 -2.678499999999999770e-01
1.600000000000000000e+01 6.800000000000000000e+01 5.700000000000000000e+01 0.000000000000000000e+00 1.600000000000000089e+00 -1.515999999999999986e-03 -4.308000000000000197e-03 -9.999900000000000455e-01 -2.497469999999999968e-01 -9.683000000000000496e-01 4.550000000000000225e-03 -9.683100000000000041e-01 2.497510000000000008e-01 3.919999999999999873e-04
2.200000000000000000e+01 5.800000000000000000e+01 5.900000000000000000e+01 0.000000000000000000e+00 1.600000000000000089e+00 -6.411500000000000532e-02 -1.772809999999999941e-01 -9.820699999999999985e-01 1.940900000000000125e-01 9.630870000000000264e-01 -1.865259999999999974e-01 9.788860000000000339e-01 -2.025689999999999991e-01 -2.733999999999999972e-02
2.000000000000000000e+00 2.100000000000000000e+01 6.000000000000000000e+01 0.000000000000000000e+00 1.600000000000000089e+00 -1.007999999999999998e-03 -1.616899999999999935e-02 9.998690000000000078e-01 -9.800699999999999690e-02 9.950569999999999693e-01 1.599199999999999927e-02 -9.951849999999999863e-01 -9.797799999999999565e-02 -2.588000000000000023e-03
1.000000000000000000e+01 2.100000000000000000e+01 6.000000000000000000e+01 0.000000000000000000e+00 1.600000000000000089e+00 -5.959999999999999586e-04 4.621000000000000107e-03 9.999890000000000168e-01 -9.721200000000000674e-02 9.952530000000000543e-01 -4.656999999999999681e-03 -9.952630000000000088e-01 -9.721399999999999486e-02 -1.440000000000000036e-04
1.500000000000000000e+01 2.100000000000000000e+01 6.000000000000000000e+01 0.000000000000000000e+00 1.600000000000000089e+00 -8.649999999999999920e-04 1.740999999999999926e-03 9.999980000000000535e-01 -9.583800000000000652e-02 9.953950000000000298e-01 -1.815999999999999906e-03 -9.953969999999999763e-01 -9.583899999999999364e-02 -6.949999999999999798e-04
2.100000000000000000e+01 2.100000000000000000e+01 6.000000000000000000e+01 0.000000000000000000e+00 1.600000000000000089e+00 1.889999999999999970e-03 -2.149999999999999947e-04 9.999980000000000535e-01 -9.468999999999999639e-02 9.955070000000000308e-01 3.930000000000000117e-04 -9.955049999999999732e-01 -9.468999999999999639e-02 1.861000000000000024e-03
2.900000000000000000e+01 2.100000000000000000e+01 6.000000000000000000e+01 0.000000000000000000e+00 1.600000000000000089e+00 -2.298000000000000129e-03 3.259999999999999877e-03 9.999919999999999920e-01 -9.666500000000000092e-02 9.953109999999999458e-01 -3.467000000000000030e-03 -9.953140000000000320e-01 -9.667299999999999505e-02 -1.971999999999999795e-03
2.000000000000000000e+01 6.000000000000000000e+00 6.100000000000000000e+01 0.000000000000000000e+00 1.600000000000000089e+00 -5.191999999999999567e-03 -1.015300000000000057e-02 9.999350000000000183e-01 5.706809999999999938e-01 -8.211540000000000505e-01 -5.374000000000000304e-03 8.211549999999999683e-01 5.706160000000000121e-01 1.005799999999999923e-02
3.000000000000000000e+00 3.000000000000000000e+00 6.300000000000000000e+01 0.000000000000000000e+00 1.600000000000000089e+00 1.126999999999999964e-03 2.015999999999999997e-03 9.999970000000000248e-01 -6.135559999999999903e-01 7.896499999999999631e-01 -8.999999999999999754e-04 -7.896499999999999631e-01 -6.135540000000000438e-01 2.126999999999999984e-03
1.100000000000000000e+01 3.000000000000000000e+00 6.300000000000000000e+01 0.000000000000000000e+00 1.600000000000000089e+00 4.300000000000000165e-05 -2.309999999999999987e-03 9.999970000000000248e-01 -6.172180000000000444e-01 7.867899999999999894e-01 1.843999999999999936e-03 -7.867920000000000469e-01 -6.172159999999999869e-01 -1.392999999999999924e-03
5.000000000000000000e+00 2.700000000000000000e+01 6.300000000000000000e+01 0.000000000000000000e+00 1.600000000000000089e+00 8.040000000000000271e-04 -2.481999999999999831e-03 9.999970000000000248e-01 -2.654130000000000100e-01 9.641309999999999603e-01 2.606999999999999942e-03 -9.641340000000000465e-01 -2.654139999999999833e-01 1.160000000000000007e-04
1.000000000000000000e+01 2.700000000000000000e+01 6.300000000000000000e+01 0.000000000000000000e+00 1.600000000000000089e+00 3.879999999999999985e-04 7.550000000000000287e-03 9.999710000000000543e-01 -2.677919999999999745e-01 9.634500000000000286e-01 -7.170000000000000158e-03 -9.634770000000000278e-01 -2.677820000000000200e-01 2.396000000000000126e-03
1.600000000000000000e+01 2.700000000000000000e+01 6.300000000000000000e+01 0.000000000000000000e+00 1.600000000000000089e+00 -5.019999999999999506e-04 3.298999999999999849e-03 9.999940000000000495e-01 -2.695710000000000051e-01 9.629750000000000254e-01 -3.311999999999999840e-03 -9.629799999999999471e-01 -2.695710000000000051e-01 4.049999999999999781e-04
2.000000000000000000e+01 2.700000000000000000e+01 6.300000000000000000e+01 0.000000000000000000e+00 1.600000000000000089e+00 6.319999999999999663e-04 2.781000000000000052e-03 9.999959999999999960e-01 -2.679509999999999947e-01 9.634289999999999798e-01 -2.510000000000000078e-03 -9.634319999999999551e-01 -2.679489999999999927e-01 1.353999999999999952e-03
2.000000000000000000e+00 2.600000000000000000e+01 6.400000000000000000e+01 0.000000000000000000e+00 1.600000000000000089e+00 3.899999999999999929e-05 -6.348000000000000344e-03 9.999799999999999800e-01 -3.440039999999999765e-01 9.389490000000000336e-01 5.974000000000000143e-03 -9.389680000000000248e-01 -3.439969999999999972e-01 -2.147000000000000037e-03
8.000000000000000000e+00 2.600000000000000000e+01 6.400000000000000000e+01 0.000000000000000000e+00 1.600000000000000089e+00 5.360000000000000181e-04 4.348999999999999568e-03 9.999900000000000455e-01 -3.464900000000000202e-01 9.380450000000000177e-01 -3.893999999999999892e-03 -9.380530000000000257e-01 -3.464849999999999874e-01 2.008999999999999935e-03
1.200000000000000000e+01 2.600000000000000000e+01 6.400000000000000000e+01 0.000000000000000000e+00 1.600000000000000089e+00 -1.520000000000000084e-04 6.866999999999999840e-03 9.999759999999999760e-01 -3.517060000000000186e-01 9.360880000000000312e-01 -6.481999999999999915e-03 -9.361110000000000264e-01 -3.516980000000000106e-01 2.272999999999999847e-03
1.600000000000000000e+01 2.600000000000000000e+01 6.400000000000000000e+01 0.000000000000000000e+00 1.600000000000000089e+00 -1.297999999999999892e-03 3.713999999999999854e-03 9.999919999999999920e-01 -3.517540000000000111e-01 9.360840000000000272e-01 -3.932999999999999864e-03 -9.360910000000000064e-01 -3.517569999999999864e-01 9.100000000000000287e-05
2.000000000000000000e+01 2.600000000000000000e+01 6.400000000000000000e+01 0.000000000000000000e+00 1.600000000000000089e+00 3.600000000000000091e-05 2.975999999999999913e-03 9.999959999999999960e-01 -3.468470000000000164e-01 9.379180000000000295e-01 -2.778999999999999786e-03 -9.379220000000000335e-01 -3.468450000000000144e-01 1.066000000000000107e-03
2.500000000000000000e+01 2.600000000000000000e+01 6.400000000000000000e+01 0.000000000000000000e+00 1.600000000000000089e+00 1.912000000000000071e-03 1.691999999999999928e-03 9.999970000000000248e-01 -3.468740000000000157e-01 9.379110000000000502e-01 -9.240000000000000166e-04 -9.379100000000000215e-01 -3.468709999999999849e-01 2.380000000000000171e-03
7.000000000000000000e+00 5.000000000000000000e+01 6.500000000000000000e+01 0.000000000000000000e+00 1.600000000000000089e+00 -1.772309999999999997e-01 -2.587130000000000263e-01 -9.495559999999999556e-01 3.029760000000000231e-01 9.036309999999999620e-01 -3.027489999999999903e-01 9.363730000000000109e-01 -3.413490000000000135e-01 -8.176700000000000634e-02
2.000000000000000000e+01 6.900000000000000000e+01 6.600000000000000000e+01 0.000000000000000000e+00 1.600000000000000089e+00 6.176000000000000066e-03 -2.057999999999999934e-03 9.999789999999999512e-01 -9.502450000000000063e-01 3.114359999999999906e-01 6.510000000000000162e-03 -3.114430000000000254e-01 -9.502650000000000263e-01 -3.199999999999999855e-05
2.700000000000000000e+01 8.300000000000000000e+01 7.200000000000000000e+01 0.000000000000000000e+00 1.600000000000000089e+00 8.158050000000000024e-01 5.228570000000000162e-01 -2.471500000000000086e-01 -3.323189999999999755e-01 7.406100000000000183e-02 -9.402549999999999519e-01 -4.733149999999999857e-01 8.491969999999999796e-01 2.341739999999999933e-01
1.600000000000000000e+01 2.500000000000000000e+01 7.300000000000000000e+01 0.000000000000000000e+00 1.600000000000000089e+00 3.503000000000000037e-03 3.457000000000000003e-03 9.999879999999999880e-01 7.418470000000000342e-01 -6.705689999999999706e-01 -2.809999999999999998e-04 6.705600000000000449e-01 7.418390000000000262e-01 -4.912999999999999833e-03
