9.000000000000000000e+00 2.500000000000000000e+01 1.000000000000000000e+00 0.000000000000000000e+00 1.600000000000000089e+00 -4.062999999999999771e-03 -4.658999999999999947e-03 -9.999810000000000088e-01 -5.310570000000000013e-01 -8.473140000000000116e-01 6.105000000000000183e-03 -8.473270000000000524e-01 5.310709999999999598e-01 9.680000000000000019e-04
1.800000000000000000e+01 2.500000000000000000e+01 1.000000000000000000e+00 0.000000000000000000e+00 1.600000000000000089e+00 -7.590000000000000175e-04 -3.134000000000000067e-03 -9.999949999999999672e-01 -5.252259999999999707e-01 -8.509569999999999634e-01 3.065000000000000016e-03 -8.509619999999999962e-01 5.252259999999999707e-01 -1.000999999999999937e-03
3.000000000000000000e+00 1.500000000000000000e+01 4.000000000000000000e+00 0.000000000000000000e+00 1.600000000000000089e+00 1.333999999999999899e-03 -1.975999999999999892e-03 9.999970000000000248e-01 2.955679999999999974e-01 -9.553190000000000293e-01 -2.282000000000000174e-03 9.553209999999999757e-01 2.955699999999999994e-01 -6.899999999999999667e-04
9.000000000000000000e+00 1.500000000000000000e+01 4.000000000000000000e+00 0.000000000000000000e+00 1.600000000000000089e+00 2.759999999999999867e-04 -1.964600000000000027e-02 9.998070000000000013e-01 2.903589999999999782e-01 -9.567320000000000269e-01 -1.888000000000000095e-02 9.569180000000000463e-01 2.903080000000000105e-01 5.440999999999999656e-03
1.900000000000000000e+01 1.500000000000000000e+01 4.000000000000000000e+00 0.000000000000000000e+00 1.600000000000000089e+00 -2.340000000000000066e-03 -1.002699999999999945e-02 9.999470000000000303e-01 2.810360000000000080e-01 -9.596550000000000358e-01 -8.966000000000000011e-03 9.596949999999999648e-01 2.810000000000000275e-01 5.062999999999999792e-03
2.800000000000000000e+01 1.500000000000000000e+01 4.000000000000000000e+00 0.000000000000000000e+00 1.600000000000000089e+00 -7.579999999999999932e-04 1.202800000000000050e-02 9.999270000000000103e-01 2.953629999999999867e-01 -9.553129999999999677e-01 1.171499999999999972e-02 9.553850000000000398e-01 2.953509999999999747e-01 -2.827999999999999785e-03
5.000000000000000000e+00 1.010000000000000000e+02 7.000000000000000000e+00 0.000000000000000000e+00 1.600000000000000089e+00 -2.338999999999999933e-03 -1.523799999999999981e-02 9.998810000000000198e-01 8.865539999999999532e-01 4.625360000000000027e-01 9.122999999999999166e-03 -4.626199999999999757e-01 8.864689999999999515e-01 1.242799999999999981e-02
1.500000000000000000e+01 1.010000000000000000e+02 7.000000000000000000e+00 0.000000000000000000e+00 1.600000000000000089e+00 -1.092000000000000089e-03 -3.154000000000000119e-03 9.999940000000000495e-01 8.859489999999999865e-01 4.637760000000000216e-01 2.429999999999999868e-03 -4.637809999999999988e-01 8.859470000000000400e-01 2.288000000000000103e-03
2.100000000000000000e+01 1.010000000000000000e+02 7.000000000000000000e+00 0.000000000000000000e+00 1.600000000000000089e+00 -2.020999999999999793e-03 -4.453000000000000361e-03 9.999879999999999880e-01 8.842269999999999852e-01 4.670409999999999839e-01 3.866000000000000079e-03 -4.670529999999999959e-01 8.842240000000000100e-01 2.994000000000000133e-03
7.000000000000000000e+00 1.500000000000000000e+01 8.000000000000000000e+00 0.000000000000000000e+00 1.600000000000000089e+00 -2.089000000000000145e-03 -6.531999999999999612e-03 -9.999770000000000048e-01 -5.911600000000000188e-01 -8.065280000000000227e-01 6.503000000000000100e-03 -8.065520000000000467e-01 5.911600000000000188e-01 -2.177000000000000116e-03
1.100000000000000000e+01 1.500000000000000000e+01 8.000000000000000000e+00 0.000000000000000000e+00 1.600000000000000089e+00 -3.115000000000000147e-03 -2.016199999999999937e-02 -9.997920000000000140e-01 -5.937989999999999657e-01 -8.044099999999999584e-01 1.807200000000000126e-02 -8.046069999999999611e-01 5.937320000000000375e-01 -9.466999999999999721e-03
2.100000000000000000e+01 1.500000000000000000e+01 8.000000000000000000e+00 0.000000000000000000e+00 1.600000000000000089e+00 -3.886999999999999830e-03 -2.998999999999999930e-03 -9.999879999999999880e-01 -5.944040000000000434e-01 -8.041530000000000067e-01 4.721999999999999635e-03 -8.041570000000000107e-01 5.944150000000000267e-01 1.343000000000000010e-03
3.000000000000000000e+01 1.500000000000000000e+01 8.000000000000000000e+00 0.000000000000000000e+00 1.600000000000000089e+00 4.729999999999999830e-03 1.538199999999999984e-02 -9.998700000000000365e-01 -5.950769999999999671e-01 -8.035259999999999625e-01 -1.517699999999999952e-02 -8.036550000000000082e-01 5.950710000000000166e-01 5.353000000000000119e-03
6.000000000000000000e+00 2.400000000000000000e+01 9.000000000000000000e+00 0.000000000000000000e+00 1.600000000000000089e+00 2.317000000000000049e-03 8.259000000000000716e-03 -9.999630000000000463e-01 4.584409999999999874e-01 8.886849999999999472e-01 8.401999999999999746e-03 8.887220000000000120e-01 -4.584429999999999894e-01 -1.727000000000000019e-03
1.100000000000000000e+01 2.400000000000000000e+01 9.000000000000000000e+00 0.000000000000000000e+00 1.600000000000000089e+00 4.266999999999999960e-03 1.063300000000000009e-02 -9.999339999999999895e-01 4.581990000000000229e-01 8.887760000000000105e-01 1.140599999999999947e-02 8.888390000000000457e-01 -4.582180000000000142e-01 -1.080000000000000014e-03
1.300000000000000000e+01 2.400000000000000000e+01 9.000000000000000000e+00 0.000000000000000000e+00 1.600000000000000089e+00 4.536000000000000101e-03 1.042200000000000071e-02 -9.999350000000000183e-01 4.574650000000000105e-01 8.891550000000000287e-01 1.134199999999999965e-02 8.892160000000000064e-01 -4.574869999999999770e-01 -7.349999999999999763e-04
1.600000000000000000e+01 2.400000000000000000e+01 9.000000000000000000e+00 0.000000000000000000e+00 1.600000000000000089e+00 3.844999999999999894e-03 7.435999999999999902e-03 -9.999649999999999928e-01 4.560750000000000082e-01 8.899019999999999708e-01 8.370999999999999969e-03 8.899329999999999741e-01 -4.560910000000000242e-01 3.000000000000000076e-05
2.000000000000000000e+01 2.400000000000000000e+01 9.000000000000000000e+00 0.000000000000000000e+00 1.600000000000000089e+00 3.280000000000000038e-04 -4.679999999999999915e-04 -1.000000000000000000e+00 4.542209999999999859e-01 8.908890000000000420e-01 -2.680000000000000090e-04 8.908890000000000420e-01 -4.542209999999999859e-01 5.050000000000000235e-04
3.000000000000000000e+00 4.000000000000000000e+00 1.100000000000000000e+01 0.000000000000000000e+00 1.600000000000000089e+00 3.367000000000000201e-03 2.098699999999999871e-02 -9.997740000000000515e-01 2.007230000000000125e-01 9.794180000000000108e-01 2.123500000000000040e-02 9.796420000000000128e-01 -2.007490000000000108e-01 -9.150000000000000147e-04
1.300000000000000000e+01 4.000000000000000000e+00 1.100000000000000000e+01 0.000000000000000000e+00 1.600000000000000089e+00 8.750000000000000182e-04 2.206299999999999928e-02 -9.997559999999999780e-01 1.752279999999999949e-01 9.842849999999999655e-01 2.187499999999999861e-02 9.845270000000000410e-01 -1.752049999999999996e-01 -3.004999999999999859e-03
2.900000000000000000e+01 4.000000000000000000e+00 1.100000000000000000e+01 0.000000000000000000e+00 1.600000000000000089e+00 1.288000000000000082e-03 -5.730999999999999983e-03 -9.999829999999999552e-01 1.751060000000000116e-01 9.845350000000000490e-01 -5.416999999999999940e-03 9.845490000000000075e-01 -1.750960000000000016e-01 2.272000000000000148e-03
4.000000000000000000e+00 3.100000000000000000e+01 1.200000000000000000e+01 0.000000000000000000e+00 1.600000000000000089e+00 -2.099999999999999884e-05 2.834999999999999847e-03 9.999959999999999960e-01 -1.694599999999999926e-02 9.998519999999999630e-01 -2.834999999999999847e-03 -9.998559999999999670e-01 -1.694599999999999926e-02 2.699999999999999899e-05
1.300000000000000000e+01 3.000000000000000000e+00 1.300000000000000000e+01 0.000000000000000000e+00 1.600000000000000089e+00 6.520000000000000188e-04 2.221800000000000164e-02 9.997530000000000028e-01 -2.867000000000000191e-03 9.997489999999999988e-01 -2.221599999999999964e-02 -9.999959999999999960e-01 -2.851999999999999934e-03 7.150000000000000322e-04
1.500000000000000000e+01 3.000000000000000000e+00 1.300000000000000000e+01 0.000000000000000000e+00 1.600000000000000089e+00 4.929999999999999487e-04 1.635899999999999854e-02 9.998660000000000325e-01 -1.585999999999999953e-03 9.998650000000000038e-01 -1.635800000000000101e-02 -9.999989999999999712e-01 -1.577999999999999976e-03 5.190000000000000386e-04
1.800000000000000000e+01 3.000000000000000000e+00 1.300000000000000000e+01 0.000000000000000000e+00 1.600000000000000089e+00 1.190000000000000058e-04 7.400000000000000328e-03 9.999730000000000008e-01 -1.093999999999999920e-03 9.999719999999999720e-01 -7.400000000000000328e-03 -9.999989999999999712e-01 -1.093999999999999920e-03 1.269999999999999970e-04
2.800000000000000000e+01 3.000000000000000000e+00 1.300000000000000000e+01 0.000000000000000000e+00 1.600000000000000089e+00 -9.300000000000000541e-04 -3.694999999999999934e-03 9.999930000000000208e-01 -1.061199999999999991e-02 9.999369999999999647e-01 3.684999999999999908e-03 -9.999430000000000263e-01 -1.060900000000000037e-02 -9.690000000000000262e-04
8.000000000000000000e+00 1.200000000000000000e+01 1.500000000000000000e+01 0.000000000000000000e+00 1.600000000000000089e+00 -1.010999999999999963e-03 -2.775000000000000123e-03 -9.999959999999999960e-01 -4.731009999999999938e-01 -8.810029999999999806e-01 2.922999999999999817e-03 -8.810080000000000133e-01 4.731020000000000225e-01 -4.220000000000000118e-04
1.500000000000000000e+01 1.200000000000000000e+01 1.500000000000000000e+01 0.000000000000000000e+00 1.600000000000000089e+00 -1.366999999999999943e-03 -9.726999999999999535e-03 -9.999519999999999520e-01 -4.710690000000000155e-01 -8.820480000000000542e-01 9.223999999999999561e-03 -8.820959999999999912e-01 4.710579999999999767e-01 -3.376000000000000095e-03
2.000000000000000000e+01 1.200000000000000000e+01 1.500000000000000000e+01 0.000000000000000000e+00 1.600000000000000089e+00 -3.350000000000000113e-03 -3.348999999999999980e-03 -9.999890000000000168e-01 -4.691060000000000230e-01 -8.831299999999999706e-01 4.529000000000000040e-03 -8.831360000000000321e-01 4.691159999999999775e-01 1.386999999999999995e-03
2.800000000000000000e+01 1.200000000000000000e+01 1.500000000000000000e+01 0.000000000000000000e+00 1.600000000000000089e+00 2.039999999999999984e-04 3.367999999999999900e-03 -9.999940000000000495e-01 -4.691730000000000067e-01 -8.831010000000000248e-01 -3.069999999999999812e-03 -8.831059999999999466e-01 4.691710000000000047e-01 1.399999999999999986e-03
4.000000000000000000e+00 1.160000000000000000e+02 1.600000000000000000e+01 0.000000000000000000e+00 1.600000000000000089e+00 -1.118999999999999986e-03 -1.860000000000000108e-03 9.999980000000000535e-01 6.740709999999999757e-01 7.386639999999999873e-01 2.128000000000000117e-03 -7.386660000000000448e-01 6.740709999999999757e-01 4.279999999999999950e-04
5.000000000000000000e+00 2.000000000000000000e+00 1.900000000000000000e+01 0.000000000000000000e+00 1.600000000000000089e+00 3.890999999999999927e-03 4.079000000000000160e-03 -9.999839999999999840e-01 2.140509999999999913e-01 -9.768170000000000464e-01 -3.151000000000000155e-03 -9.768149999999999888e-01 -2.140360000000000040e-01 -4.674000000000000203e-03
1.200000000000000000e+01 2.000000000000000000e+00 1.900000000000000000e+01 0.000000000000000000e+00 1.600000000000000089e+00 -5.900000000000000296e-04 -6.229000000000000162e-03 -9.999799999999999800e-01 2.100450000000000095e-01 -9.776730000000000143e-01 5.967000000000000082e-03 -9.776909999999999767e-01 -2.100380000000000025e-01 1.884999999999999957e-03
1.800000000000000000e+01 2.000000000000000000e+00 1.900000000000000000e+01 0.000000000000000000e+00 1.600000000000000089e+00 1.526000000000000013e-03 -1.436600000000000030e-02 -9.998960000000000070e-01 2.143039999999999945e-01 -9.766610000000000014e-01 1.435900000000000024e-02 -9.767660000000000231e-01 -2.143039999999999945e-01 1.588999999999999918e-03
2.200000000000000000e+01 2.000000000000000000e+00 1.900000000000000000e+01 0.000000000000000000e+00 1.600000000000000089e+00 -9.899999999999999404e-05 -3.877999999999999937e-03 -9.999919999999999920e-01 2.114570000000000061e-01 -9.773800000000000265e-01 3.769000000000000215e-03 -9.773870000000000058e-01 -2.114550000000000041e-01 9.169999999999999549e-04
2.900000000000000000e+01 2.000000000000000000e+00 1.900000000000000000e+01 0.000000000000000000e+00 1.600000000000000089e+00 -1.371000000000000040e-03 -7.375999999999999744e-03 -9.999719999999999720e-01 2.053030000000000133e-01 -9.786740000000000439e-01 6.937999999999999723e-03 -9.786979999999999569e-01 -2.052869999999999973e-01 2.856000000000000032e-03
1.400000000000000000e+01 4.000000000000000000e+00 2.000000000000000000e+01 0.000000000000000000e+00 1.600000000000000089e+00 1.100000000000000066e-03 -7.683999999999999858e-03 -9.999700000000000255e-01 2.981260000000000021e-01 -9.544960000000000111e-01 7.662000000000000408e-03 -9.545259999999999856e-01 -2.981249999999999734e-01 1.240000000000000000e-03
2.600000000000000000e+01 4.000000000000000000e+00 2.000000000000000000e+01 0.000000000000000000e+00 1.600000000000000089e+00 -3.170000000000000075e-04 -4.117000000000000000e-03 -9.999909999999999632e-01 2.901469999999999883e-01 -9.569739999999999913e-01 3.847999999999999858e-03 -9.569819999999999993e-01 -2.901440000000000130e-01 1.497999999999999983e-03
5.000000000000000000e+00 1.300000000000000000e+01 2.000000000000000000e+01 0.000000000000000000e+00 1.600000000000000089e+00 -2.410000000000000033e-04 1.115000000000000106e-03 9.999989999999999712e-01 2.615870000000000140e-01 9.651790000000000092e-01 -1.013000000000000012e-03 -9.651800000000000379e-01 2.615870000000000140e-01 -5.249999999999999676e-04
8.000000000000000000e+00 1.300000000000000000e+01 2.000000000000000000e+01 0.000000000000000000e+00 1.600000000000000089e+00 -9.129999999999999661e-04 -6.177000000000000199e-03 9.999810000000000088e-01 2.623610000000000109e-01 9.649499999999999744e-01 6.199999999999999782e-03 -9.649689999999999657e-01 2.623610000000000109e-01 7.389999999999999651e-04
1.600000000000000000e+01 1.300000000000000000e+01 2.000000000000000000e+01 0.000000000000000000e+00 1.600000000000000089e+00 4.690000000000000158e-04 7.129999999999999836e-04 1.000000000000000000e+00 2.645390000000000241e-01 9.643749999999999822e-01 -8.120000000000000048e-04 -9.643749999999999822e-01 2.645390000000000241e-01 2.629999999999999959e-04
2.100000000000000000e+01 1.300000000000000000e+01 2.000000000000000000e+01 0.000000000000000000e+00 1.600000000000000089e+00 -1.630000000000000047e-04 6.369999999999999794e-04 1.000000000000000000e+00 2.640060000000000184e-01 9.645209999999999617e-01 -5.720000000000000258e-04 -9.645209999999999617e-01 2.640060000000000184e-01 -3.249999999999999851e-04
2.700000000000000000e+01 1.300000000000000000e+01 2.000000000000000000e+01 0.000000000000000000e+00 1.600000000000000089e+00 -3.054999999999999990e-03 1.579999999999999916e-04 9.999949999999999672e-01 2.633610000000000118e-01 9.646970000000000267e-01 6.520000000000000188e-04 -9.646930000000000227e-01 2.633610000000000118e-01 -2.988999999999999903e-03
5.000000000000000000e+00 1.600000000000000000e+01 2.100000000000000000e+01 0.000000000000000000e+00 1.600000000000000089e+00 -3.770000000000000022e-04 3.271000000000000036e-03 9.999949999999999672e-01 2.994140000000000135e-01 9.541190000000000504e-01 -3.007999999999999823e-03 -9.541230000000000544e-01 2.994109999999999827e-01 -1.338999999999999913e-03
8.000000000000000000e+00 1.600000000000000000e+01 2.100000000000000000e+01 0.000000000000000000e+00 1.600000000000000089e+00 -2.149999999999999947e-04 -8.186999999999999833e-03 9.999660000000000215e-01 3.005329999999999946e-01 9.537390000000000034e-01 7.872999999999999790e-03 -9.537719999999999532e-01 3.005240000000000133e-01 2.255000000000000060e-03
1.200000000000000000e+01 1.600000000000000000e+01 2.100000000000000000e+01 0.000000000000000000e+00 1.600000000000000089e+00 1.281999999999999936e-03 -7.832999999999999685e-03 9.999679999999999680e-01 3.034080000000000110e-01 9.528339999999999588e-01 7.074999999999999692e-03 -9.528600000000000403e-01 3.033899999999999930e-01 3.598000000000000070e-03
1.600000000000000000e+01 1.600000000000000000e+01 2.100000000000000000e+01 0.000000000000000000e+00 1.600000000000000089e+00 -3.289999999999999739e-04 -3.495999999999999976e-03 9.999940000000000495e-01 3.029510000000000258e-01 9.529999999999999583e-01 3.431000000000000022e-03 -9.530060000000000198e-01 3.029499999999999971e-01 7.450000000000000025e-04
2.200000000000000000e+01 1.600000000000000000e+01 2.100000000000000000e+01 0.000000000000000000e+00 1.600000000000000089e+00 -9.899999999999999404e-05 2.686000000000000019e-03 9.999959999999999960e-01 3.030160000000000076e-01 9.529819999999999958e-01 -2.528999999999999998e-03 -9.529849999999999710e-01 3.030149999999999788e-01 -9.079999999999999530e-04
1.600000000000000000e+01 4.600000000000000000e+01 2.700000000000000000e+01 0.000000000000000000e+00 1.600000000000000089e+00 -1.340000000000000045e-03 5.039999999999999992e-04 -9.999989999999999712e-01 6.685459999999999736e-01 7.436709999999999710e-01 -5.209999999999999788e-04 7.436700000000000532e-01 -6.685459999999999736e-01 -1.333999999999999899e-03
8.000000000000000000e+00 4.600000000000000000e+01 3.000000000000000000e+01 0.000000000000000000e+00 1.600000000000000089e+00 1.178000000000000011e-03 2.080999999999999951e-03 -9.999970000000000248e-01 3.256359999999999810e-01 9.454919999999999991e-01 2.350999999999999791e-03 9.454939999999999456e-01 -3.256379999999999830e-01 4.369999999999999970e-04
1.300000000000000000e+01 4.600000000000000000e+01 3.000000000000000000e+01 0.000000000000000000e+00 1.600000000000000089e+00 -3.609999999999999928e-04 -1.681999999999999901e-03 -9.999989999999999712e-01 3.238199999999999967e-01 9.461169999999999858e-01 -1.708000000000000100e-03 9.461190000000000433e-01 -3.238199999999999967e-01 2.030000000000000012e-04
2.300000000000000000e+01 4.600000000000000000e+01 3.000000000000000000e+01 0.000000000000000000e+00 1.600000000000000089e+00 -7.200000000000000182e-05 2.380000000000000117e-04 -1.000000000000000000e+00 3.171350000000000002e-01 9.483810000000000295e-01 2.030000000000000012e-04 9.483810000000000295e-01 -3.171350000000000002e-01 -1.440000000000000036e-04
2.700000000000000000e+01 4.600000000000000000e+01 3.000000000000000000e+01 0.000000000000000000e+00 1.600000000000000089e+00 7.020000000000000415e-04 1.662999999999999982e-03 -9.999980000000000535e-01 3.170180000000000220e-01 9.484179999999999833e-01 1.799999999999999951e-03 9.484190000000000120e-01 -3.170180000000000220e-01 1.379999999999999933e-04
1.200000000000000000e+01 5.800000000000000000e+01 3.100000000000000000e+01 0.000000000000000000e+00 1.600000000000000089e+00 -2.325999999999999943e-03 -4.074999999999999629e-03 9.999890000000000168e-01 -7.858300000000000285e-01 -6.184279999999999777e-01 -4.348000000000000302e-03 6.184389999999999610e-01 -7.858309999999999462e-01 -1.763999999999999943e-03
1.900000000000000000e+01 5.800000000000000000e+01 3.100000000000000000e+01 0.000000000000000000e+00 1.600000000000000089e+00 1.048000000000000103e-03 -2.027999999999999855e-03 9.999970000000000248e-01 -7.838699999999999557e-01 -6.209249999999999492e-01 -4.380000000000000213e-04 6.209240000000000315e-01 -7.838680000000000092e-01 -2.240999999999999936e-03
2.300000000000000000e+01 5.800000000000000000e+01 3.100000000000000000e+01 0.000000000000000000e+00 1.600000000000000089e+00 -1.554000000000000043e-03 -2.023000000000000059e-03 9.999970000000000248e-01 -7.841449999999999809e-01 -6.205730000000000413e-01 -2.474000000000000071e-03 6.205760000000000165e-01 -7.841460000000000097e-01 -6.229999999999999644e-04
3.000000000000000000e+01 5.800000000000000000e+01 3.100000000000000000e+01 0.000000000000000000e+00 1.600000000000000089e+00 -3.347000000000000149e-03 -4.592999999999999861e-03 9.999839999999999840e-01 -7.827939999999999898e-01 -6.222569999999999490e-01 -5.478000000000000230e-03 6.222729999999999650e-01 -7.827990000000000226e-01 -1.513000000000000022e-03
5.000000000000000000e+00 4.600000000000000000e+01 3.500000000000000000e+01 0.000000000000000000e+00 1.600000000000000089e+00 -1.118000000000000070e-03 3.543999999999999841e-03 -9.999930000000000208e-01 3.856780000000000208e-01 -9.226259999999999462e-01 -3.700999999999999863e-03 -9.226330000000000364e-01 -3.856800000000000228e-01 -3.359999999999999814e-04
1.100000000000000000e+01 4.600000000000000000e+01 3.500000000000000000e+01 0.000000000000000000e+00 1.600000000000000089e+00 -7.600000000000000418e-05 -2.465000000000000177e-03 -9.999970000000000248e-01 3.860850000000000115e-01 -9.224609999999999754e-01 2.245000000000000034e-03 -9.224630000000000329e-01 -3.860830000000000095e-01 1.021999999999999905e-03
1.500000000000000000e+01 4.600000000000000000e+01 3.500000000000000000e+01 0.000000000000000000e+00 1.600000000000000089e+00 -4.920000000000000328e-04 4.229999999999999819e-04 -1.000000000000000000e+00 3.869790000000000174e-01 -9.220880000000000187e-01 -5.800000000000000034e-04 -9.220880000000000187e-01 -3.869799999999999907e-01 2.900000000000000017e-04
2.100000000000000000e+01 4.600000000000000000e+01 3.500000000000000000e+01 0.000000000000000000e+00 1.600000000000000089e+00 2.069999999999999900e-04 -8.599999999999999789e-04 -1.000000000000000000e+00 3.861720000000000153e-01 -9.224259999999999682e-01 8.729999999999999696e-04 -9.224269999999999969e-01 -3.861720000000000153e-01 1.410000000000000120e-04
2.800000000000000000e+01 4.600000000000000000e+01 3.500000000000000000e+01 0.000000000000000000e+00 1.600000000000000089e+00 3.119999999999999944e-04 -2.112999999999999861e-03 -9.999980000000000535e-01 3.832380000000000231e-01 -9.236469999999999958e-01 2.070999999999999924e-03 -9.236499999999999710e-01 -3.832369999999999943e-01 5.220000000000000031e-04
5.000000000000000000e+00 9.500000000000000000e+01 3.600000000000000000e+01 0.000000000000000000e+00 1.600000000000000089e+00 -2.222000000000000017e-03 -4.166999999999999697e-03 9.999890000000000168e-01 9.965549999999999686e-01 8.289100000000000634e-02 2.560000000000000209e-03 -8.290100000000000247e-02 9.965500000000000469e-01 3.968000000000000173e-03
1.300000000000000000e+01 9.500000000000000000e+01 3.600000000000000000e+01 0.000000000000000000e+00 1.600000000000000089e+00 -4.329999999999999648e-03 -2.439099999999999949e-02 9.996930000000000538e-01 9.972579999999999778e-01 7.375600000000000211e-02 6.119000000000000307e-03 -7.388300000000000423e-02 9.969780000000000308e-01 2.400400000000000103e-02
1.800000000000000000e+01 9.500000000000000000e+01 3.600000000000000000e+01 0.000000000000000000e+00 1.600000000000000089e+00 -2.547999999999999918e-03 -1.466899999999999975e-02 9.998890000000000278e-01 9.975979999999999848e-01 6.917600000000000138e-02 3.556999999999999832e-03 -6.922000000000000375e-02 9.974969999999999670e-01 1.445800000000000037e-02
2.500000000000000000e+01 9.500000000000000000e+01 3.600000000000000000e+01 0.000000000000000000e+00 1.600000000000000089e+00 1.541000000000000052e-03 -1.563799999999999912e-02 9.998759999999999870e-01 9.977160000000000473e-01 6.754799999999999693e-02 -4.809999999999999823e-04 -6.753199999999999481e-02 9.975929999999999520e-01 1.570600000000000121e-02
2.900000000000000000e+01 9.500000000000000000e+01 3.600000000000000000e+01 0.000000000000000000e+00 1.600000000000000089e+00 8.829999999999999958e-04 9.162000000000000005e-03 9.999580000000000135e-01 9.976749999999999785e-01 6.813199999999999812e-02 -1.505000000000000044e-03 -6.814299999999999524e-02 9.976340000000000208e-01 -9.079999999999999530e-03
1.800000000000000000e+01 3.000000000000000000e+00 4.300000000000000000e+01 0.000000000000000000e+00 1.600000000000000089e+00 -2.446999999999999956e-03 -9.510000000000000224e-04 -9.999970000000000248e-01 7.398190000000000044e-01 -6.728049999999999864e-01 -1.170000000000000033e-03 -6.728020000000000111e-01 -7.398190000000000044e-01 2.350000000000000092e-03
2.500000000000000000e+01 3.000000000000000000e+00 4.300000000000000000e+01 0.000000000000000000e+00 1.600000000000000089e+00 4.659999999999999971e-04 -1.472000000000000045e-02 -9.998920000000000030e-01 7.413720000000000310e-01 -6.710159999999999458e-01 1.022400000000000045e-02 -6.710939999999999683e-01 -7.412969999999999837e-01 1.060000000000000005e-02
2.800000000000000000e+01 3.000000000000000000e+00 4.300000000000000000e+01 0.000000000000000000e+00 1.600000000000000089e+00 -5.230000000000000274e-04 -9.018999999999999240e-03 -9.999590000000000423e-01 7.407770000000000188e-01 -6.717269999999999630e-01 5.670999999999999826e-03 -6.717509999999999870e-01 -7.407439999999999580e-01 7.032000000000000056e-03
1.100000000000000000e+01 2.900000000000000000e+01 4.400000000000000000e+01 0.000000000000000000e+00 1.600000000000000089e+00 2.088000000000000012e-03 -4.600000000000000139e-04 -9.999980000000000535e-01 6.626319999999999988e-01 7.489440000000000541e-01 1.038999999999999993e-03 7.489419999999999966e-01 -6.626330000000000275e-01 1.869000000000000002e-03
1.500000000000000000e+01 2.900000000000000000e+01 4.400000000000000000e+01 0.000000000000000000e+00 1.600000000000000089e+00 -3.339999999999999870e-04 -5.190000000000000386e-04 -1.000000000000000000e+00 6.718199999999999728e-01 7.407139999999999835e-01 -6.080000000000000335e-04 7.407139999999999835e-01 -6.718199999999999728e-01 1.019999999999999992e-04
2.700000000000000000e+01 2.900000000000000000e+01 4.400000000000000000e+01 0.000000000000000000e+00 1.600000000000000089e+00 7.020000000000000415e-04 2.501999999999999884e-03 -9.999970000000000248e-01 6.800180000000000113e-01 7.331919999999999549e-01 2.311999999999999819e-03 7.331950000000000411e-01 -6.800169999999999826e-01 -1.185999999999999988e-03
2.000000000000000000e+01 6.000000000000000000e+00 5.100000000000000000e+01 0.000000000000000000e+00 1.600000000000000089e+00 1.675999999999999972e-03 -2.125999999999999852e-03 -9.999959999999999960e-01 3.316080000000000139e-01 -9.434139999999999748e-01 2.562000000000000041e-03 -9.434160000000000323e-01 -3.316109999999999891e-01 -8.760000000000000425e-04
2.500000000000000000e+01 6.000000000000000000e+00 5.100000000000000000e+01 0.000000000000000000e+00 1.600000000000000089e+00 -2.023000000000000059e-03 -5.043999999999999873e-03 -9.999850000000000128e-01 3.260049999999999892e-01 -9.453589999999999494e-01 4.108999999999999805e-03 -9.453660000000000396e-01 -3.259909999999999752e-01 3.556999999999999832e-03
2.000000000000000000e+00 1.150000000000000000e+02 5.100000000000000000e+01 0.000000000000000000e+00 1.600000000000000089e+00 -1.507000000000000093e-03 2.824000000000000121e-03 9.999949999999999672e-01 8.458499999999999908e-01 -5.334130000000000260e-01 2.781000000000000052e-03 5.334179999999999477e-01 8.458499999999999908e-01 -1.585000000000000037e-03
1.200000000000000000e+01 7.000000000000000000e+00 5.200000000000000000e+01 0.000000000000000000e+00 1.600000000000000089e+00 -5.656999999999999702e-03 -3.791000000000000099e-03 -9.999770000000000048e-01 1.232950000000000018e-01 -9.923650000000000526e-01 3.063999999999999883e-03 -9.923539999999999583e-01 -1.232749999999999957e-01 6.080999999999999600e-03
2.300000000000000000e+01 7.000000000000000000e+00 5.200000000000000000e+01 0.000000000000000000e+00 1.600000000000000089e+00 -2.090000000000000115e-04 -3.031999999999999973e-03 -9.999949999999999672e-01 1.121810000000000029e-01 -9.936829999999999830e-01 2.988999999999999903e-03 -9.936880000000000157e-01 -1.121800000000000019e-01 5.479999999999999845e-04
1.800000000000000000e+01 1.600000000000000000e+01 5.200000000000000000e+01 0.000000000000000000e+00 1.600000000000000089e+00 8.470999999999999364e-03 1.108199999999999984e-02 -9.999029999999999863e-01 7.780030000000000001e-01 6.281149999999999789e-01 1.355199999999999981e-02 6.282039999999999846e-01 -7.780420000000000114e-01 -3.301000000000000115e-03
2.400000000000000000e+01 1.500000000000000000e+01 5.300000000000000000e+01 0.000000000000000000e+00 1.600000000000000089e+00 4.253999999999999969e-03 -5.780000000000000415e-03 -9.999740000000000295e-01 6.839100000000000179e-01 7.295650000000000190e-01 -1.307000000000000002e-03 7.295540000000000358e-01 -6.838870000000000227e-01 7.056999999999999905e-03
2.900000000000000000e+01 1.500000000000000000e+01 5.300000000000000000e+01 0.000000000000000000e+00 1.600000000000000089e+00 -1.685000000000000083e-03 -1.337499999999999974e-02 -9.999090000000000478e-01 6.843099999999999739e-01 7.291090000000000071e-01 -1.090600000000000076e-02 7.291889999999999761e-01 -6.842669999999999586e-01 7.924000000000000488e-03
1.000000000000000000e+00 6.300000000000000000e+01 5.400000000000000000e+01 0.000000000000000000e+00 1.600000000000000089e+00 -1.410999999999999928e-03 -1.154999999999999994e-03 9.999980000000000535e-01 -3.490670000000000162e-01 9.370979999999999865e-01 5.900000000000000296e-04 -9.370969999999999578e-01 -3.490650000000000142e-01 -1.724999999999999971e-03
6.000000000000000000e+00 6.300000000000000000e+01 5.400000000000000000e+01 0.000000000000000000e+00 1.600000000000000089e+00 7.330000000000000361e-04 8.189999999999999581e-04 9.999989999999999712e-01 -3.540139999999999953e-01 9.352399999999999602e-01 -5.069999999999999637e-04 -9.352399999999999602e-01 -3.540130000000000221e-01 9.759999999999999796e-04
1.000000000000000000e+01 6.300000000000000000e+01 5.400000000000000000e+01 0.000000000000000000e+00 1.600000000000000089e+00 6.970000000000000284e-04 2.197000000000000168e-03 9.999970000000000248e-01 -3.552130000000000010e-01 9.347839999999999483e-01 -1.806000000000000097e-03 -9.347849999999999770e-01 -3.552109999999999990e-01 1.431999999999999896e-03
1.400000000000000000e+01 6.300000000000000000e+01 5.400000000000000000e+01 0.000000000000000000e+00 1.600000000000000089e+00 1.121999999999999950e-03 -3.681999999999999943e-03 9.999930000000000208e-01 -3.554479999999999862e-01 9.346879999999999633e-01 3.840000000000000097e-03 -9.346950000000000536e-01 -3.554490000000000149e-01 -2.599999999999999772e-04
1.800000000000000000e+01 6.300000000000000000e+01 5.400000000000000000e+01 0.000000000000000000e+00 1.600000000000000089e+00 -1.136000000000000074e-03 -1.779999999999999898e-04 9.999989999999999712e-01 -3.497390000000000221e-01 9.368469999999999853e-01 -2.310000000000000042e-04 -9.368469999999999853e-01 -3.497390000000000221e-01 -1.126999999999999964e-03
2.300000000000000000e+01 6.300000000000000000e+01 5.400000000000000000e+01 0.000000000000000000e+00 1.600000000000000089e+00 8.509999999999999769e-04 1.448000000000000068e-03 9.999989999999999712e-01 -3.507669999999999955e-01 9.364620000000000166e-01 -1.056999999999999997e-03 -9.364620000000000166e-01 -3.507660000000000222e-01 1.304000000000000038e-03
2.600000000000000000e+01 6.300000000000000000e+01 5.400000000000000000e+01 0.000000000000000000e+00 1.600000000000000089e+00 1.332999999999999984e-03 -2.509999999999999753e-04 9.999989999999999712e-01 -3.535190000000000277e-01 9.354270000000000085e-01 7.060000000000000303e-04 -9.354259999999999797e-01 -3.535200000000000009e-01 1.157999999999999958e-03
4.000000000000000000e+00 2.500000000000000000e+01 5.500000000000000000e+01 0.000000000000000000e+00 1.600000000000000089e+00 -1.376999999999999969e-03 -1.577999999999999976e-03 -9.999980000000000535e-01 -9.482000000000000844e-03 -9.999540000000000095e-01 1.590999999999999966e-03 -9.999540000000000095e-01 9.485000000000000375e-03 1.361999999999999929e-03
1.000000000000000000e+01 2.500000000000000000e+01 5.500000000000000000e+01 0.000000000000000000e+00 1.600000000000000089e+00 1.430000000000000064e-04 -5.980000000000000072e-04 -1.000000000000000000e+00 -1.068599999999999932e-02 -9.999430000000000263e-01 5.959999999999999586e-04 -9.999430000000000263e-01 1.068599999999999932e-02 -1.499999999999999869e-04
1.300000000000000000e+01 2.500000000000000000e+01 5.500000000000000000e+01 0.000000000000000000e+00 1.600000000000000089e+00 1.552999999999999910e-03 1.371000000000000040e-03 -9.999980000000000535e-01 -1.174799999999999976e-02 -9.999299999999999855e-01 -1.389999999999999960e-03 -9.999299999999999855e-01 1.175000000000000003e-02 -1.536999999999999955e-03
1.600000000000000000e+01 2.500000000000000000e+01 5.500000000000000000e+01 0.000000000000000000e+00 1.600000000000000089e+00 7.770000000000000214e-04 -1.583999999999999905e-03 -9.999980000000000535e-01 -1.187900000000000067e-02 -9.999280000000000390e-01 1.575000000000000011e-03 -9.999289999999999567e-01 1.187799999999999967e-02 -7.960000000000000495e-04
2.600000000000000000e+01 2.500000000000000000e+01 5.500000000000000000e+01 0.000000000000000000e+00 1.600000000000000089e+00 -1.185999999999999988e-03 -2.106999999999999932e-03 -9.999970000000000248e-01 -1.114300000000000013e-02 -9.999360000000000470e-01 2.119999999999999923e-03 -9.999369999999999647e-01 1.114500000000000039e-02 1.162000000000000055e-03
2.100000000000000000e+01 6.800000000000000000e+01 5.700000000000000000e+01 0.000000000000000000e+00 1.600000000000000089e+00 4.550000000000000008e-04 -4.395999999999999734e-03 -9.999900000000000455e-01 -2.404100000000000126e-01 -9.706630000000000535e-01 4.158000000000000237e-03 -9.706709999999999505e-01 2.404060000000000086e-01 -1.497999999999999983e-03
7.000000000000000000e+00 2.100000000000000000e+01 6.000000000000000000e+01 0.000000000000000000e+00 1.600000000000000089e+00 -1.990000000000000124e-04 -2.913999999999999924e-03 9.999959999999999960e-01 -9.732799999999999785e-02 9.952480000000000215e-01 2.880999999999999880e-03 -9.952520000000000255e-01 -9.732699999999999685e-02 -4.809999999999999823e-04
1.200000000000000000e+01 2.100000000000000000e+01 6.000000000000000000e+01 0.000000000000000000e+00 1.600000000000000089e+00 1.007000000000000083e-03 -1.562999999999999936e-03 9.999980000000000535e-01 -9.680700000000000416e-02 9.953020000000000200e-01 1.652999999999999955e-03 -9.953030000000000488e-01 -9.680900000000000616e-02 8.509999999999999769e-04
1.800000000000000000e+01 2.100000000000000000e+01 6.000000000000000000e+01 0.000000000000000000e+00 1.600000000000000089e+00 -9.879999999999999460e-04 -3.583999999999999946e-03 9.999930000000000208e-01 -9.755300000000000082e-02 9.952239999999999975e-01 3.469999999999999994e-03 -9.952299999999999480e-01 -9.754899999999999682e-02 -1.332999999999999984e-03
2.300000000000000000e+01 2.100000000000000000e+01 6.000000000000000000e+01 0.000000000000000000e+00 1.600000000000000089e+00 -4.380000000000000213e-04 7.108999999999999868e-03 9.999749999999999472e-01 -9.755199999999999982e-02 9.952050000000000063e-01 -7.118000000000000195e-03 -9.952299999999999480e-01 -9.755199999999999982e-02 2.570000000000000127e-04
5.000000000000000000e+00 3.000000000000000000e+00 6.300000000000000000e+01 0.000000000000000000e+00 1.600000000000000089e+00 5.019999999999999506e-04 4.742999999999999820e-03 9.999890000000000168e-01 -6.114009999999999723e-01 7.913130000000000441e-01 -3.445999999999999844e-03 -7.913210000000000521e-01 -6.113929999999999643e-01 3.297000000000000017e-03
1.000000000000000000e+00 2.700000000000000000e+01 6.300000000000000000e+01 0.000000000000000000e+00 1.600000000000000089e+00 -8.689999999999999808e-04 -1.263999999999999933e-03 9.999989999999999712e-01 -2.772629999999999817e-01 9.607930000000000081e-01 9.730000000000000151e-04 -9.607940000000000369e-01 -2.772620000000000084e-01 -1.185000000000000072e-03
6.000000000000000000e+00 2.700000000000000000e+01 6.300000000000000000e+01 0.000000000000000000e+00 1.600000000000000089e+00 4.409999999999999858e-04 2.690999999999999816e-03 9.999959999999999960e-01 -2.755040000000000266e-01 9.612969999999999571e-01 -2.465000000000000177e-03 -9.613000000000000433e-01 -2.755020000000000246e-01 1.165999999999999936e-03
1.200000000000000000e+01 2.700000000000000000e+01 6.300000000000000000e+01 0.000000000000000000e+00 1.600000000000000089e+00 -1.077000000000000049e-03 4.826000000000000428e-03 9.999879999999999880e-01 -2.731819999999999804e-01 9.619499999999999718e-01 -4.937000000000000416e-03 -9.619619999999999838e-01 -2.731839999999999824e-01 2.829999999999999942e-04
1.500000000000000000e+01 2.700000000000000000e+01 6.300000000000000000e+01 0.000000000000000000e+00 1.600000000000000089e+00 3.860000000000000041e-04 -8.270000000000000441e-04 1.000000000000000000e+00 -2.742559999999999998e-01 9.616559999999999553e-01 9.009999999999999997e-04 -9.616569999999999840e-01 -2.742559999999999998e-01 1.450000000000000009e-04
2.100000000000000000e+01 2.700000000000000000e+01 6.300000000000000000e+01 0.000000000000000000e+00 1.600000000000000089e+00 -9.959999999999999236e-04 -2.680000000000000090e-03 9.999959999999999960e-01 -2.735810000000000186e-01 9.618459999999999788e-01 2.305000000000000191e-03 -9.618480000000000363e-01 -2.735779999999999879e-01 -1.691000000000000012e-03
2.500000000000000000e+01 2.700000000000000000e+01 6.300000000000000000e+01 0.000000000000000000e+00 1.600000000000000089e+00 2.429999999999999977e-04 -5.059000000000000129e-03 9.999869999999999592e-01 -2.731819999999999804e-01 9.619499999999999718e-01 4.932999999999999885e-03 -9.619619999999999838e-01 -2.731790000000000052e-01 -1.147999999999999932e-03
3.000000000000000000e+01 2.700000000000000000e+01 6.300000000000000000e+01 0.000000000000000000e+00 1.600000000000000089e+00 -1.330000000000000073e-04 -4.585999999999999799e-03 9.999900000000000455e-01 -2.712019999999999986e-01 9.625120000000000342e-01 4.377999999999999947e-03 -9.625219999999999887e-01 -2.711990000000000234e-01 -1.371999999999999956e-03
4.000000000000000000e+00 2.600000000000000000e+01 6.400000000000000000e+01 0.000000000000000000e+00 1.600000000000000089e+00 -1.119999999999999983e-04 5.399999999999999798e-05 1.000000000000000000e+00 -3.604570000000000274e-01 9.327760000000000495e-01 -9.100000000000000287e-05 -9.327760000000000495e-01 -3.604570000000000274e-01 -8.500000000000000611e-05
9.000000000000000000e+00 2.600000000000000000e+01 6.400000000000000000e+01 0.000000000000000000e+00 1.600000000000000089e+00 -1.033000000000000064e-03 6.342000000000000415e-03 9.999789999999999512e-01 -3.581849999999999756e-01 9.336290000000000422e-01 -6.290999999999999717e-03 -9.336499999999999799e-01 -3.581840000000000024e-01 1.307000000000000002e-03
1.400000000000000000e+01 2.600000000000000000e+01 6.400000000000000000e+01 0.000000000000000000e+00 1.600000000000000089e+00 3.310000000000000225e-04 1.732000000000000033e-03 9.999980000000000535e-01 -3.591440000000000188e-01 9.332810000000000272e-01 -1.497000000000000067e-03 -9.332819999999999450e-01 -3.591429999999999900e-01 9.309999999999999699e-04
2.100000000000000000e+01 2.600000000000000000e+01 6.400000000000000000e+01 0.000000000000000000e+00 1.600000000000000089e+00 -1.185000000000000072e-03 -2.671000000000000197e-03 9.999959999999999960e-01 -3.586509999999999976e-01 9.334689999999999932e-01 2.067999999999999960e-03 -9.334710000000000507e-01 -3.586469999999999936e-01 -2.063999999999999863e-03
2.500000000000000000e+01 2.600000000000000000e+01 6.400000000000000000e+01 0.000000000000000000e+00 1.600000000000000089e+00 5.019999999999999506e-04 -2.994000000000000133e-03 9.999949999999999672e-01 -3.570240000000000080e-01 9.340899999999999759e-01 2.975000000000000214e-03 -9.340950000000000086e-01 -3.570240000000000080e-01 -5.999999999999999474e-04
3.000000000000000000e+01 2.600000000000000000e+01 6.400000000000000000e+01 0.000000000000000000e+00 1.600000000000000089e+00 -5.550000000000000462e-04 -3.321000000000000167e-03 9.999940000000000495e-01 -3.542409999999999726e-01 9.351500000000000368e-01 2.909000000000000127e-03 -9.351540000000000408e-01 -3.542370000000000241e-01 -1.694999999999999892e-03
