8.000000000000000000e+00 1.500000000000000000e+01 4.000000000000000000e+00 0.000000000000000000e+00 1.600000000000000089e+00 -5.537000000000000255e-03 9.440999999999999739e-03 9.999400000000000510e-01 2.943310000000000093e-01 -9.556440000000000490e-01 1.065200000000000001e-02 9.556879999999999820e-01 2.943720000000000225e-01 2.513000000000000043e-03
1.100000000000000000e+01 1.500000000000000000e+01 4.000000000000000000e+00 0.000000000000000000e+00 1.600000000000000089e+00 -4.464000000000000086e-03 8.276000000000000370e-03 9.999559999999999560e-01 2.897770000000000068e-01 -9.570499999999999563e-01 9.213999999999999968e-03 9.570840000000000458e-01 2.898049999999999793e-01 1.874000000000000015e-03
1.300000000000000000e+01 1.600000000000000000e+01 4.000000000000000000e+00 0.000000000000000000e+00 1.600000000000000089e+00 -4.093000000000000284e-03 1.425799999999999984e-02 9.998899999999999455e-01 3.499180000000000068e-01 -9.366640000000000521e-01 1.478900000000000006e-02 9.367720000000000491e-01 3.499399999999999733e-01 -1.154999999999999994e-03
2.100000000000000000e+01 1.600000000000000000e+01 4.000000000000000000e+00 0.000000000000000000e+00 1.600000000000000089e+00 -3.383999999999999855e-03 2.837699999999999945e-02 9.995920000000000361e-01 3.390070000000000028e-01 -9.403719999999999857e-01 2.784299999999999969e-02 9.407780000000000031e-01 3.389619999999999855e-01 -6.438000000000000146e-03
2.400000000000000000e+01 1.600000000000000000e+01 4.000000000000000000e+00 0.000000000000000000e+00 1.600000000000000089e+00 -1.438999999999999958e-03 3.089499999999999885e-02 9.995220000000000216e-01 3.375520000000000187e-01 -9.408419999999999561e-01 2.956699999999999953e-02 9.413059999999999761e-01 3.374340000000000117e-01 -9.074999999999999734e-03
2.800000000000000000e+01 1.600000000000000000e+01 4.000000000000000000e+00 0.000000000000000000e+00 1.600000000000000089e+00 -2.864999999999999925e-03 2.571400000000000075e-02 9.996650000000000258e-01 3.382290000000000019e-01 -9.407269999999999799e-01 2.516699999999999840e-02 9.410600000000000076e-01 3.381879999999999886e-01 -6.002000000000000390e-03
1.700000000000000000e+01 1.010000000000000000e+02 7.000000000000000000e+00 0.000000000000000000e+00 1.600000000000000089e+00 2.292000000000000200e-03 6.534500000000000031e-02 9.978599999999999692e-01 8.879209999999999603e-01 4.588749999999999774e-01 -3.208899999999999947e-02 -4.599900000000000100e-01 8.860949999999999660e-01 -5.696899999999999881e-02
2.400000000000000000e+01 1.010000000000000000e+02 7.000000000000000000e+00 0.000000000000000000e+00 1.600000000000000089e+00 1.930000000000000021e-04 1.824200000000000127e-02 9.998340000000000005e-01 8.873999999999999666e-01 4.609210000000000251e-01 -8.581000000000000086e-03 -4.610009999999999941e-01 8.872539999999999871e-01 -1.609800000000000120e-02
5.000000000000000000e+00 1.500000000000000000e+01 8.000000000000000000e+00 0.000000000000000000e+00 1.600000000000000089e+00 7.416999999999999982e-03 1.682000000000000162e-02 -9.998310000000000253e-01 -5.859870000000000356e-01 -8.101209999999999800e-01 -1.797599999999999892e-02 -8.102869999999999795e-01 5.860210000000000141e-01 3.847000000000000159e-03
1.000000000000000000e+01 1.500000000000000000e+01 8.000000000000000000e+00 0.000000000000000000e+00 1.600000000000000089e+00 9.143999999999999351e-03 9.081999999999999795e-03 -9.999169999999999447e-01 -5.824690000000000145e-01 -8.127529999999999477e-01 -1.270899999999999981e-02 -8.128009999999999957e-01 5.825369999999999715e-01 -2.141999999999999807e-03
1.400000000000000000e+01 1.500000000000000000e+01 8.000000000000000000e+00 0.000000000000000000e+00 1.600000000000000089e+00 9.785999999999999560e-03 1.683300000000000074e-02 -9.998099999999999765e-01 -5.799940000000000095e-01 -8.143899999999999473e-01 -1.938799999999999898e-02 -8.145620000000000083e-01 5.800739999999999785e-01 1.793000000000000106e-03
1.600000000000000000e+01 1.500000000000000000e+01 8.000000000000000000e+00 0.000000000000000000e+00 1.600000000000000089e+00 1.092300000000000042e-02 1.895399999999999863e-02 -9.997610000000000108e-01 -5.786639999999999562e-01 -8.152749999999999719e-01 -2.177899999999999975e-02 -8.154930000000000234e-01 5.787630000000000274e-01 2.063000000000000164e-03
2.300000000000000000e+01 1.500000000000000000e+01 8.000000000000000000e+00 0.000000000000000000e+00 1.600000000000000089e+00 9.922999999999999529e-03 2.634699999999999889e-02 -9.996040000000000481e-01 -5.736329999999999485e-01 -8.186579999999999968e-01 -2.727299999999999863e-02 -8.190520000000000023e-01 5.736769999999999925e-01 6.989999999999999686e-03
2.900000000000000000e+01 1.500000000000000000e+01 8.000000000000000000e+00 0.000000000000000000e+00 1.600000000000000089e+00 1.060400000000000058e-02 2.220499999999999904e-02 -9.996969999999999468e-01 -5.713449999999999918e-01 -8.203500000000000236e-01 -2.428200000000000150e-02 -8.206409999999999538e-01 5.714299999999999935e-01 3.988000000000000225e-03
1.100000000000000000e+01 2.600000000000000000e+01 8.000000000000000000e+00 0.000000000000000000e+00 1.600000000000000089e+00 -8.649000000000000438e-03 -1.461299999999999925e-02 -9.998559999999999670e-01 4.046919999999999962e-01 9.142970000000000264e-01 -1.686299999999999952e-02 9.144120000000000026e-01 -4.047799999999999732e-01 -1.994000000000000113e-03
1.700000000000000000e+01 2.600000000000000000e+01 8.000000000000000000e+00 0.000000000000000000e+00 1.600000000000000089e+00 -6.570000000000000319e-03 -1.523399999999999928e-02 -9.998620000000000285e-01 4.110179999999999945e-01 9.114759999999999529e-01 -1.658799999999999858e-02 9.116039999999999699e-01 -4.110710000000000197e-01 2.730000000000000222e-04
2.200000000000000000e+01 2.600000000000000000e+01 8.000000000000000000e+00 0.000000000000000000e+00 1.600000000000000089e+00 -7.773000000000000395e-03 -2.995199999999999946e-02 -9.995209999999999928e-01 4.156690000000000107e-01 9.090049999999999519e-01 -3.047300000000000009e-02 9.094830000000000414e-01 -4.157069999999999932e-01 5.383999999999999897e-03
5.000000000000000000e+00 2.400000000000000000e+01 9.000000000000000000e+00 0.000000000000000000e+00 1.600000000000000089e+00 -5.205000000000000425e-03 -1.553200000000000067e-02 -9.998660000000000325e-01 4.572910000000000030e-01 8.891700000000000159e-01 -1.619299999999999906e-02 8.893020000000000369e-01 -4.573139999999999983e-01 2.474000000000000071e-03
1.500000000000000000e+01 2.400000000000000000e+01 9.000000000000000000e+00 0.000000000000000000e+00 1.600000000000000089e+00 -7.786999999999999651e-03 -1.407399999999999970e-02 -9.998709999999999543e-01 4.641609999999999903e-01 8.856049999999999756e-01 -1.608000000000000054e-02 8.857169999999999765e-01 -4.642260000000000275e-01 -3.640000000000000115e-04
2.100000000000000000e+01 2.400000000000000000e+01 9.000000000000000000e+00 0.000000000000000000e+00 1.600000000000000089e+00 -8.361000000000000376e-03 -3.056100000000000136e-02 -9.994979999999999976e-01 4.695730000000000182e-01 8.823520000000000252e-01 -3.090700000000000044e-02 8.828540000000000276e-01 -4.695960000000000134e-01 6.973000000000000032e-03
2.700000000000000000e+01 2.400000000000000000e+01 9.000000000000000000e+00 0.000000000000000000e+00 1.600000000000000089e+00 -9.462999999999999190e-03 -2.506299999999999847e-02 -9.996410000000000018e-01 4.759160000000000057e-01 8.790900000000000380e-01 -2.654499999999999915e-02 8.794399999999999995e-01 -4.759959999999999747e-01 3.608999999999999795e-03
8.000000000000000000e+00 4.000000000000000000e+00 1.100000000000000000e+01 0.000000000000000000e+00 1.600000000000000089e+00 -8.700000000000000051e-05 -1.593999999999999931e-03 -9.999989999999999712e-01 1.944339999999999957e-01 9.809139999999999526e-01 -1.580000000000000024e-03 9.809160000000000101e-01 -1.944339999999999957e-01 2.249999999999999938e-04
1.100000000000000000e+01 4.000000000000000000e+00 1.100000000000000000e+01 0.000000000000000000e+00 1.600000000000000089e+00 6.719999999999999628e-04 5.329000000000000403e-03 -9.999860000000000415e-01 1.912770000000000026e-01 9.815209999999999768e-01 5.359000000000000048e-03 9.815359999999999641e-01 -1.912780000000000036e-01 -3.600000000000000227e-04
1.500000000000000000e+01 4.000000000000000000e+00 1.100000000000000000e+01 0.000000000000000000e+00 1.600000000000000089e+00 2.250999999999999963e-03 2.270499999999999949e-02 -9.997399999999999620e-01 1.799419999999999908e-01 9.834140000000000104e-01 2.273999999999999980e-02 9.836749999999999661e-01 -1.799459999999999948e-01 -1.871999999999999966e-03
1.100000000000000000e+01 1.040000000000000000e+02 1.100000000000000000e+01 0.000000000000000000e+00 1.600000000000000089e+00 4.301000000000000136e-03 3.699999999999999811e-05 9.999909999999999632e-01 -9.751239999999999908e-01 -2.216210000000000124e-01 4.202000000000000006e-03 2.216190000000000104e-01 -9.751330000000000275e-01 -9.169999999999999549e-04
1.600000000000000000e+01 1.040000000000000000e+02 1.100000000000000000e+01 0.000000000000000000e+00 1.600000000000000089e+00 9.286000000000000851e-03 9.967000000000000165e-03 9.999069999999999903e-01 -9.737000000000000099e-01 -2.275520000000000043e-01 1.131099999999999987e-02 2.276430000000000120e-01 -9.737149999999999972e-01 7.591999999999999790e-03
7.000000000000000000e+00 3.100000000000000000e+01 1.200000000000000000e+01 0.000000000000000000e+00 1.600000000000000089e+00 -6.000000000000000152e-06 -6.980000000000000527e-04 1.000000000000000000e+00 -2.051499999999999851e-02 9.997890000000000388e-01 6.980000000000000527e-04 -9.997899999999999565e-01 -2.051499999999999851e-02 -2.000000000000000164e-05
1.400000000000000000e+01 3.100000000000000000e+01 1.200000000000000000e+01 0.000000000000000000e+00 1.600000000000000089e+00 2.642999999999999950e-03 3.374999999999999962e-03 9.999909999999999632e-01 -2.284500000000000072e-02 9.997340000000000115e-01 -3.314000000000000105e-03 -9.997359999999999580e-01 -2.283599999999999866e-02 2.719000000000000063e-03
2.400000000000000000e+01 3.100000000000000000e+01 1.200000000000000000e+01 0.000000000000000000e+00 1.600000000000000089e+00 -1.144999999999999967e-03 -6.414999999999999696e-03 9.999789999999999512e-01 -2.358199999999999880e-02 9.997009999999999508e-01 6.386000000000000183e-03 -9.997209999999999708e-01 -2.357400000000000120e-02 -1.296000000000000060e-03
1.400000000000000000e+01 3.500000000000000000e+01 1.200000000000000000e+01 0.000000000000000000e+00 1.600000000000000089e+00 3.201999999999999985e-03 2.165999999999999957e-03 -9.999930000000000208e-01 4.938509999999999844e-01 -8.695460000000000411e-01 -3.020000000000000223e-04 -8.695399999999999796e-01 -4.938469999999999804e-01 -3.853999999999999787e-03
1.700000000000000000e+01 3.500000000000000000e+01 1.200000000000000000e+01 0.000000000000000000e+00 1.600000000000000089e+00 2.380999999999999870e-03 -1.123999999999999999e-03 -9.999970000000000248e-01 4.992090000000000138e-01 -8.664789999999999992e-01 2.161999999999999859e-03 -8.664779999999999704e-01 -4.992119999999999891e-01 -1.502000000000000080e-03
2.100000000000000000e+01 3.500000000000000000e+01 1.200000000000000000e+01 0.000000000000000000e+00 1.600000000000000089e+00 -2.171000000000000187e-03 -2.259999999999999856e-03 -9.999949999999999672e-01 4.935390000000000055e-01 -8.697230000000000238e-01 8.949999999999999623e-04 -8.697209999999999663e-01 -4.935350000000000015e-01 3.003000000000000027e-03
2.600000000000000000e+01 3.500000000000000000e+01 1.200000000000000000e+01 0.000000000000000000e+00 1.600000000000000089e+00 -2.838999999999999944e-03 -3.108000000000000086e-03 -9.999909999999999632e-01 4.799169999999999825e-01 -8.773130000000000095e-01 1.363999999999999978e-03 -8.773090000000000055e-01 -4.799089999999999745e-01 3.982000000000000296e-03
2.000000000000000000e+01 3.000000000000000000e+00 1.300000000000000000e+01 0.000000000000000000e+00 1.600000000000000089e+00 2.436999999999999930e-03 4.561599999999999683e-02 9.989559999999999551e-01 -1.947099999999999873e-02 9.987719999999999931e-01 -4.556000000000000327e-02 -9.998070000000000013e-01 -1.933999999999999955e-02 3.321999999999999866e-03
2.000000000000000000e+00 3.200000000000000000e+01 1.400000000000000000e+01 0.000000000000000000e+00 1.600000000000000089e+00 -1.260999999999999968e-03 -3.921000000000000006e-03 -9.999909999999999632e-01 1.162139999999999979e-01 9.932159999999999878e-01 -4.041000000000000321e-03 9.932229999999999670e-01 -1.162180000000000019e-01 -7.960000000000000495e-04
1.200000000000000000e+01 3.200000000000000000e+01 1.400000000000000000e+01 0.000000000000000000e+00 1.600000000000000089e+00 -1.345999999999999974e-03 -8.299999999999999815e-05 -9.999989999999999712e-01 1.133300000000000002e-01 9.935570000000000235e-01 -2.349999999999999930e-04 9.935559999999999947e-01 -1.133300000000000002e-01 -1.327999999999999970e-03
1.800000000000000000e+01 3.200000000000000000e+01 1.400000000000000000e+01 0.000000000000000000e+00 1.600000000000000089e+00 6.170000000000000354e-04 4.525000000000000376e-03 -9.999900000000000455e-01 1.119939999999999963e-01 9.936979999999999702e-01 4.564999999999999614e-03 9.937089999999999534e-01 -1.119949999999999973e-01 1.060000000000000016e-04
6.000000000000000000e+00 1.200000000000000000e+01 1.500000000000000000e+01 0.000000000000000000e+00 1.600000000000000089e+00 3.161000000000000181e-03 1.510999999999999973e-03 -9.999940000000000495e-01 -4.703280000000000238e-01 -8.824870000000000214e-01 -2.820000000000000024e-03 -8.824859999999999927e-01 4.703339999999999743e-01 -2.079000000000000119e-03
1.800000000000000000e+01 1.200000000000000000e+01 1.500000000000000000e+01 0.000000000000000000e+00 1.600000000000000089e+00 8.410000000000000808e-03 1.721599999999999867e-02 -9.998160000000000380e-01 -4.691640000000000255e-01 -8.829029999999999934e-01 -1.914899999999999936e-02 -8.830710000000000504e-01 4.692390000000000172e-01 6.520000000000000188e-04
2.400000000000000000e+01 1.200000000000000000e+01 1.500000000000000000e+01 0.000000000000000000e+00 1.600000000000000089e+00 7.316999999999999720e-03 1.676400000000000112e-02 -9.998329999999999718e-01 -4.692979999999999929e-01 -8.828510000000000524e-01 -1.823699999999999974e-02 -8.830090000000000439e-01 4.693530000000000202e-01 1.407000000000000048e-03
2.800000000000000000e+01 1.200000000000000000e+01 1.500000000000000000e+01 0.000000000000000000e+00 1.600000000000000089e+00 7.747999999999999679e-03 1.309899999999999953e-02 -9.998839999999999950e-01 -4.677930000000000144e-01 -8.837070000000000203e-01 -1.520200000000000023e-02 -8.838040000000000340e-01 4.678570000000000229e-01 -7.190000000000000210e-04
6.000000000000000000e+00 1.100000000000000000e+01 1.600000000000000000e+01 0.000000000000000000e+00 1.600000000000000089e+00 2.295000000000000165e-03 1.860000000000000108e-03 -9.999959999999999960e-01 -4.194439999999999835e-01 -9.077769999999999451e-01 -2.651000000000000145e-03 -9.077779999999999738e-01 4.194479999999999875e-01 -1.304000000000000038e-03
1.300000000000000000e+01 1.100000000000000000e+01 1.600000000000000000e+01 0.000000000000000000e+00 1.600000000000000089e+00 4.314000000000000126e-03 3.066000000000000149e-03 -9.999860000000000415e-01 -4.212620000000000253e-01 -9.069270000000000387e-01 -4.597999999999999657e-03 -9.069289999999999852e-01 4.212759999999999838e-01 -2.621000000000000066e-03
1.500000000000000000e+01 1.160000000000000000e+02 1.600000000000000000e+01 0.000000000000000000e+00 1.600000000000000089e+00 5.975000000000000276e-03 4.867999999999999931e-03 9.999700000000000255e-01 7.285190000000000277e-01 6.849830000000000085e-01 -7.688000000000000389e-03 -6.850000000000000533e-01 7.285430000000000517e-01 5.460000000000000443e-04
1.000000000000000000e+00 2.000000000000000000e+00 1.900000000000000000e+01 0.000000000000000000e+00 1.600000000000000089e+00 -5.577000000000000360e-03 1.162599999999999918e-02 -9.999169999999999447e-01 2.045960000000000001e-01 -9.787660000000000249e-01 -1.252099999999999914e-02 -9.788310000000000066e-01 -2.046489999999999976e-01 3.079999999999999839e-03
6.000000000000000000e+00 2.000000000000000000e+00 1.900000000000000000e+01 0.000000000000000000e+00 1.600000000000000089e+00 -3.589999999999999984e-04 3.023000000000000079e-03 -9.999949999999999672e-01 1.975969999999999949e-01 -9.802790000000000115e-01 -3.033999999999999805e-03 -9.802830000000000155e-01 -1.975969999999999949e-01 -2.449999999999999921e-04
1.000000000000000000e+01 2.000000000000000000e+00 1.900000000000000000e+01 0.000000000000000000e+00 1.600000000000000089e+00 3.887999999999999963e-03 -1.729999999999999941e-02 -9.998430000000000373e-01 1.890600000000000058e-01 -9.818059999999999565e-01 1.772299999999999917e-02 -9.819579999999999975e-01 -1.890989999999999893e-01 -5.469999999999999602e-04
1.400000000000000000e+01 2.000000000000000000e+00 1.900000000000000000e+01 0.000000000000000000e+00 1.600000000000000089e+00 -2.159999999999999919e-04 -9.419000000000000289e-03 -9.999559999999999560e-01 1.859049999999999869e-01 -9.825249999999999817e-01 9.214999999999999233e-03 -9.825679999999999970e-01 -1.858950000000000047e-01 1.962999999999999901e-03
2.400000000000000000e+01 2.000000000000000000e+00 1.900000000000000000e+01 0.000000000000000000e+00 1.600000000000000089e+00 1.026999999999999918e-03 1.912700000000000164e-02 -9.998169999999999558e-01 1.616769999999999874e-01 -9.866660000000000430e-01 -1.870899999999999994e-02 -9.868430000000000257e-01 -1.616279999999999939e-01 -4.106000000000000275e-03
1.000000000000000000e+00 1.300000000000000000e+01 2.000000000000000000e+01 0.000000000000000000e+00 1.600000000000000089e+00 -5.879999999999999810e-04 -7.955999999999999531e-03 9.999679999999999680e-01 2.610489999999999755e-01 9.652939999999999854e-01 7.832999999999999685e-03 -9.653249999999999886e-01 2.610460000000000003e-01 1.510000000000000057e-03
6.000000000000000000e+00 1.300000000000000000e+01 2.000000000000000000e+01 0.000000000000000000e+00 1.600000000000000089e+00 -1.150000000000000035e-04 -5.864000000000000289e-03 9.999829999999999552e-01 2.607090000000000241e-01 9.654009999999999536e-01 5.690999999999999878e-03 -9.654179999999999984e-01 2.607050000000000201e-01 1.417999999999999990e-03
1.000000000000000000e+01 1.300000000000000000e+01 2.000000000000000000e+01 0.000000000000000000e+00 1.600000000000000089e+00 2.639999999999999986e-03 -3.780000000000000265e-04 9.999959999999999960e-01 2.578500000000000236e-01 9.661849999999999605e-01 -3.150000000000000131e-04 -9.661809999999999565e-01 2.578500000000000236e-01 2.648000000000000180e-03
1.800000000000000000e+01 1.300000000000000000e+01 2.000000000000000000e+01 0.000000000000000000e+00 1.600000000000000089e+00 -2.341999999999999898e-03 -8.260999999999999246e-03 9.999630000000000463e-01 2.541829999999999923e-01 9.671180000000000332e-01 8.585000000000000617e-03 -9.671530000000000404e-01 2.541939999999999755e-01 -1.659999999999999963e-04
2.200000000000000000e+01 1.300000000000000000e+01 2.000000000000000000e+01 0.000000000000000000e+00 1.600000000000000089e+00 -2.384999999999999967e-03 -9.093999999999999653e-03 9.999559999999999560e-01 2.545640000000000125e-01 9.670100000000000362e-01 9.402000000000000635e-03 -9.670530000000000515e-01 2.545749999999999957e-01 9.000000000000000228e-06
2.500000000000000000e+01 1.300000000000000000e+01 2.000000000000000000e+01 0.000000000000000000e+00 1.600000000000000089e+00 -1.428000000000000016e-03 -8.264999999999999777e-03 9.999649999999999928e-01 2.545760000000000245e-01 9.670170000000000154e-01 8.356999999999999845e-03 -9.670520000000000227e-01 2.545789999999999997e-01 7.230000000000000098e-04
2.100000000000000000e+01 1.600000000000000000e+01 2.100000000000000000e+01 0.000000000000000000e+00 1.600000000000000089e+00 -2.802999999999999936e-03 -8.099999999999999561e-03 9.999630000000000463e-01 3.014660000000000117e-01 9.534380000000000077e-01 8.567999999999999228e-03 -9.534730000000000150e-01 3.014789999999999970e-01 -2.310000000000000042e-04
2.700000000000000000e+01 1.600000000000000000e+01 2.100000000000000000e+01 0.000000000000000000e+00 1.600000000000000089e+00 -1.149999999999999981e-03 -6.369999999999999794e-03 9.999789999999999512e-01 3.022340000000000027e-01 9.532119999999999482e-01 6.419000000000000226e-03 -9.532329999999999970e-01 3.022349999999999759e-01 8.279999999999999600e-04
1.500000000000000000e+01 3.000000000000000000e+00 2.500000000000000000e+01 0.000000000000000000e+00 1.600000000000000089e+00 -3.699999999999999811e-05 4.493999999999999731e-03 9.999900000000000455e-01 2.057600000000000054e-02 -9.997779999999999445e-01 4.493999999999999731e-03 9.997880000000000100e-01 2.057600000000000054e-02 -5.500000000000000196e-05
3.000000000000000000e+00 4.600000000000000000e+01 2.700000000000000000e+01 0.000000000000000000e+00 1.600000000000000089e+00 2.139999999999999975e-04 -5.699999999999999772e-04 -1.000000000000000000e+00 6.602500000000000036e-01 7.510459999999999914e-01 -2.869999999999999830e-04 7.510459999999999914e-01 -6.602500000000000036e-01 5.370000000000000424e-04
1.000000000000000000e+01 4.600000000000000000e+01 2.700000000000000000e+01 0.000000000000000000e+00 1.600000000000000089e+00 3.625000000000000184e-03 3.941000000000000059e-03 -9.999860000000000415e-01 6.680530000000000079e-01 7.440949999999999509e-01 5.354000000000000252e-03 7.441050000000000164e-01 -6.680620000000000447e-01 6.399999999999999710e-05
2.000000000000000000e+01 4.600000000000000000e+01 2.700000000000000000e+01 0.000000000000000000e+00 1.600000000000000089e+00 -7.649999999999999465e-04 -2.689999999999999791e-04 -1.000000000000000000e+00 6.697800000000000420e-01 7.425589999999999691e-01 -7.119999999999999593e-04 7.425589999999999691e-01 -6.697809999999999597e-01 -3.869999999999999742e-04
2.800000000000000000e+01 4.600000000000000000e+01 2.700000000000000000e+01 0.000000000000000000e+00 1.600000000000000089e+00 -1.436999999999999909e-03 -1.714999999999999945e-03 -9.999970000000000248e-01 6.662479999999999514e-01 7.457270000000000287e-01 -2.236999999999999839e-03 7.457289999999999752e-01 -6.662489999999999801e-01 7.100000000000000462e-05
2.700000000000000000e+01 4.600000000000000000e+01 3.000000000000000000e+01 0.000000000000000000e+00 1.600000000000000089e+00 -8.559999999999999901e-04 -2.380999999999999870e-03 -9.999970000000000248e-01 3.266950000000000132e-01 9.451260000000000217e-01 -2.530000000000000131e-03 9.451289999999999969e-01 -3.266959999999999864e-01 -3.100000000000000135e-05
3.000000000000000000e+01 4.600000000000000000e+01 3.000000000000000000e+01 0.000000000000000000e+00 1.600000000000000089e+00 -8.440000000000000236e-04 -2.089999999999999844e-03 -9.999970000000000248e-01 3.261990000000000167e-01 9.452979999999999716e-01 -2.250999999999999963e-03 9.453009999999999469e-01 -3.261999999999999900e-01 -1.160000000000000007e-04
1.100000000000000000e+01 5.800000000000000000e+01 3.100000000000000000e+01 0.000000000000000000e+00 1.600000000000000089e+00 8.418999999999999401e-03 1.630500000000000005e-02 9.998320000000000540e-01 -7.663050000000000139e-01 -6.422539999999999916e-01 1.692600000000000007e-02 6.424220000000000486e-01 -7.663180000000000547e-01 7.087000000000000417e-03
1.700000000000000000e+01 5.800000000000000000e+01 3.100000000000000000e+01 0.000000000000000000e+00 1.600000000000000089e+00 1.534999999999999906e-03 6.067000000000000344e-03 9.999799999999999800e-01 -7.673060000000000436e-01 -6.412609999999999699e-01 5.068999999999999721e-03 6.412799999999999612e-01 -7.672989999999999533e-01 3.670999999999999784e-03
2.500000000000000000e+01 5.800000000000000000e+01 3.100000000000000000e+01 0.000000000000000000e+00 1.600000000000000089e+00 7.617999999999999772e-03 -5.829999999999999679e-04 9.999710000000000543e-01 -7.603790000000000271e-01 -6.494569999999999510e-01 5.414000000000000409e-03 6.494349999999999845e-01 -7.603980000000000183e-01 -5.390999999999999959e-03
1.200000000000000000e+01 6.000000000000000000e+00 3.200000000000000000e+01 0.000000000000000000e+00 1.600000000000000089e+00 -5.427999999999999665e-03 -7.529999999999999801e-04 -9.999850000000000128e-01 1.768909999999999927e-01 9.842290000000000205e-01 -1.701000000000000038e-03 9.842149999999999510e-01 -1.768969999999999987e-01 -5.209000000000000088e-03
2.800000000000000000e+01 6.000000000000000000e+00 3.200000000000000000e+01 0.000000000000000000e+00 1.600000000000000089e+00 4.678999999999999999e-03 -3.413999999999999934e-03 -9.999829999999999552e-01 2.014990000000000114e-01 9.794859999999999678e-01 -2.402000000000000055e-03 9.794779999999999598e-01 -2.014849999999999974e-01 5.270999999999999644e-03
3.000000000000000000e+00 4.600000000000000000e+01 3.500000000000000000e+01 0.000000000000000000e+00 1.600000000000000089e+00 -1.623000000000000094e-03 4.742999999999999820e-03 -9.999869999999999592e-01 3.853099999999999858e-01 -9.227739999999999831e-01 -5.002000000000000370e-03 -9.227859999999999951e-01 -3.853130000000000166e-01 -3.299999999999999982e-04
1.100000000000000000e+01 4.600000000000000000e+01 3.500000000000000000e+01 0.000000000000000000e+00 1.600000000000000089e+00 2.171000000000000187e-03 3.049999999999999868e-04 -9.999980000000000535e-01 3.868440000000000212e-01 -9.221449999999999925e-01 5.590000000000000351e-04 -9.221430000000000460e-01 -3.868440000000000212e-01 -2.119999999999999923e-03
1.500000000000000000e+01 4.600000000000000000e+01 3.500000000000000000e+01 0.000000000000000000e+00 1.600000000000000089e+00 -9.070000000000000371e-04 1.521000000000000000e-03 -9.999980000000000535e-01 3.862479999999999802e-01 -9.223930000000000184e-01 -1.753000000000000001e-03 -9.223949999999999649e-01 -3.862490000000000090e-01 2.489999999999999809e-04
2.300000000000000000e+01 4.600000000000000000e+01 3.500000000000000000e+01 0.000000000000000000e+00 1.600000000000000089e+00 -8.199999999999999824e-04 4.159000000000000370e-03 -9.999909999999999632e-01 3.848539999999999739e-01 -9.229680000000000106e-01 -4.154999999999999839e-03 -9.229770000000000474e-01 -3.848539999999999739e-01 -8.440000000000000236e-04
5.000000000000000000e+00 9.500000000000000000e+01 3.600000000000000000e+01 0.000000000000000000e+00 1.600000000000000089e+00 -6.753000000000000322e-03 -2.388699999999999851e-02 9.996920000000000250e-01 9.974169999999999980e-01 7.133100000000000551e-02 8.441999999999999851e-03 -7.151100000000000512e-02 9.971670000000000256e-01 2.334400000000000017e-02
1.100000000000000000e+01 9.500000000000000000e+01 3.600000000000000000e+01 0.000000000000000000e+00 1.600000000000000089e+00 -8.064999999999999253e-03 -6.661499999999999366e-02 9.977460000000000218e-01 9.980069999999999775e-01 6.191599999999999882e-02 1.220100000000000004e-02 -6.258900000000000574e-02 9.958559999999999635e-01 6.598299999999999998e-02
1.600000000000000000e+01 9.500000000000000000e+01 3.600000000000000000e+01 0.000000000000000000e+00 1.600000000000000089e+00 -3.976000000000000367e-03 -7.033000000000000189e-03 9.999670000000000503e-01 9.984690000000000509e-01 5.514399999999999857e-02 4.357999999999999895e-03 -5.517299999999999982e-02 9.984539999999999527e-01 6.803000000000000019e-03
2.000000000000000000e+01 9.500000000000000000e+01 3.600000000000000000e+01 0.000000000000000000e+00 1.600000000000000089e+00 2.076999999999999853e-03 9.057800000000000573e-02 9.958869999999999667e-01 9.978470000000000395e-01 6.509299999999999808e-02 -8.002000000000000432e-03 -6.554999999999999716e-02 9.937599999999999767e-01 -9.024799999999999489e-02
2.400000000000000000e+01 9.500000000000000000e+01 3.600000000000000000e+01 0.000000000000000000e+00 1.600000000000000089e+00 4.015999999999999605e-03 8.753600000000000270e-02 9.961529999999999552e-01 9.970050000000000301e-01 7.658600000000000130e-02 -1.074999999999999914e-02 -7.723199999999999510e-02 9.932130000000000125e-01 -8.696600000000000164e-02
2.900000000000000000e+01 9.500000000000000000e+01 3.600000000000000000e+01 0.000000000000000000e+00 1.600000000000000089e+00 -7.789999999999999616e-04 4.298500000000000237e-02 9.990750000000000464e-01 9.970339999999999758e-01 7.691699999999999926e-02 -2.531999999999999963e-03 -7.695399999999999463e-02 9.961100000000000509e-01 -4.291699999999999682e-02
2.000000000000000000e+00 9.500000000000000000e+01 3.700000000000000000e+01 0.000000000000000000e+00 1.600000000000000089e+00 1.799000000000000035e-03 -2.099900000000000030e-02 9.997779999999999445e-01 9.957310000000000327e-01 9.230599999999999916e-02 1.469999999999999953e-04 -9.228899999999999604e-02 9.955089999999999772e-01 2.107600000000000098e-02
2.000000000000000000e+00 3.000000000000000000e+00 4.300000000000000000e+01 0.000000000000000000e+00 1.600000000000000089e+00 -1.685000000000000083e-03 -3.923000000000000272e-03 -9.999909999999999632e-01 7.376249999999999751e-01 -6.752099999999999769e-01 1.405999999999999915e-03 -6.752089999999999481e-01 -7.376160000000000494e-01 4.030999999999999861e-03
1.700000000000000000e+01 3.000000000000000000e+00 4.300000000000000000e+01 0.000000000000000000e+00 1.600000000000000089e+00 3.088000000000000033e-03 -3.288999999999999823e-03 -9.999900000000000455e-01 7.417270000000000252e-01 -6.706870000000000331e-01 4.497000000000000129e-03 -6.706950000000000411e-01 -7.417329999999999757e-01 3.690000000000000246e-04
2.200000000000000000e+01 3.000000000000000000e+00 4.300000000000000000e+01 0.000000000000000000e+00 1.600000000000000089e+00 -6.080000000000000335e-04 -2.701900000000000135e-02 -9.996350000000000513e-01 7.393999999999999462e-01 -6.730329999999999924e-01 1.774200000000000083e-02 -6.732660000000000311e-01 -7.391189999999999705e-01 2.038699999999999887e-02
1.000000000000000000e+01 8.000000000000000000e+00 4.400000000000000000e+01 0.000000000000000000e+00 1.600000000000000089e+00 -5.372000000000000039e-03 -1.057100000000000053e-02 9.999299999999999855e-01 -7.650519999999999543e-01 -6.438760000000000039e-01 -1.091699999999999962e-02 6.439460000000000184e-01 -7.650569999999999871e-01 -4.628000000000000169e-03
1.600000000000000000e+01 8.000000000000000000e+00 4.400000000000000000e+01 0.000000000000000000e+00 1.600000000000000089e+00 -1.116000000000000021e-03 -4.590999999999999595e-03 9.999890000000000168e-01 -7.686009999999999787e-01 -6.397180000000000089e-01 -3.794000000000000063e-03 6.397279999999999633e-01 -7.685959999999999459e-01 -2.814999999999999794e-03
2.600000000000000000e+01 8.000000000000000000e+00 4.400000000000000000e+01 0.000000000000000000e+00 1.600000000000000089e+00 -1.747000000000000072e-03 -1.626999999999999974e-03 9.999970000000000248e-01 -7.638190000000000257e-01 -6.454269999999999730e-01 -2.383999999999999835e-03 6.454290000000000305e-01 -7.638209999999999722e-01 -1.150000000000000035e-04
1.000000000000000000e+00 2.900000000000000000e+01 4.400000000000000000e+01 0.000000000000000000e+00 1.600000000000000089e+00 -1.417000000000000074e-03 -4.036999999999999790e-03 -9.999909999999999632e-01 6.591749999999999554e-01 7.519789999999999530e-01 -3.969999999999999571e-03 7.519879999999999898e-01 -6.591749999999999554e-01 1.595000000000000064e-03
1.200000000000000000e+01 2.900000000000000000e+01 4.400000000000000000e+01 0.000000000000000000e+00 1.600000000000000089e+00 2.739999999999999923e-04 7.600000000000000418e-04 -1.000000000000000000e+00 6.581120000000000303e-01 7.529190000000000049e-01 7.519999999999999558e-04 7.529200000000000337e-01 -6.581120000000000303e-01 -2.939999999999999905e-04
1.600000000000000000e+01 2.900000000000000000e+01 4.400000000000000000e+01 0.000000000000000000e+00 1.600000000000000089e+00 -2.481000000000000132e-03 -3.890999999999999927e-03 -9.999890000000000168e-01 6.589629999999999654e-01 7.521619999999999973e-01 -4.562000000000000083e-03 7.521710000000000340e-01 -6.589669999999999694e-01 6.980000000000000527e-04
2.300000000000000000e+01 2.900000000000000000e+01 4.400000000000000000e+01 0.000000000000000000e+00 1.600000000000000089e+00 6.279999999999999775e-04 1.877999999999999895e-03 -9.999980000000000535e-01 6.706839999999999469e-01 7.417409999999999837e-01 1.814000000000000074e-03 7.417430000000000412e-01 -6.706839999999999469e-01 -7.929999999999999766e-04
2.700000000000000000e+01 2.900000000000000000e+01 4.400000000000000000e+01 0.000000000000000000e+00 1.600000000000000089e+00 1.293000000000000095e-03 2.915000000000000056e-03 -9.999949999999999672e-01 6.766189999999999705e-01 7.363269999999999538e-01 3.020999999999999814e-03 7.363319999999999865e-01 -6.766199999999999992e-01 -1.020000000000000073e-03
1.900000000000000000e+01 5.400000000000000000e+01 4.600000000000000000e+01 0.000000000000000000e+00 1.600000000000000089e+00 -9.120000000000000502e-04 -2.674000000000000161e-03 9.999959999999999960e-01 3.034149999999999903e-01 -9.528560000000000363e-01 -2.271000000000000015e-03 9.528579999999999828e-01 3.034120000000000150e-01 1.680000000000000070e-03
2.500000000000000000e+01 6.500000000000000000e+01 4.600000000000000000e+01 0.000000000000000000e+00 1.600000000000000089e+00 3.173000000000000039e-03 -2.573000000000000200e-03 9.999919999999999920e-01 6.823479999999999546e-01 -7.310170000000000279e-01 -4.046000000000000117e-03 7.310210000000000319e-01 6.823550000000000448e-01 -5.640000000000000482e-04
2.200000000000000000e+01 7.000000000000000000e+01 4.700000000000000000e+01 0.000000000000000000e+00 1.600000000000000089e+00 -3.840000000000000097e-04 2.072000000000000057e-03 -9.999980000000000535e-01 -8.388809999999999878e-01 -5.443149999999999933e-01 -8.050000000000000515e-04 -5.443149999999999933e-01 8.388780000000000125e-01 1.946999999999999946e-03
2.500000000000000000e+01 7.000000000000000000e+01 4.700000000000000000e+01 0.000000000000000000e+00 1.600000000000000089e+00 -2.334999999999999836e-03 -2.294000000000000032e-03 -9.999949999999999672e-01 -8.407689999999999886e-01 -5.413850000000000051e-01 3.204999999999999950e-03 -5.413900000000000379e-01 8.407710000000000461e-01 -6.639999999999999852e-04
2.000000000000000000e+00 7.000000000000000000e+00 5.200000000000000000e+01 0.000000000000000000e+00 1.600000000000000089e+00 -1.126000000000000048e-03 6.530000000000000431e-04 -9.999989999999999712e-01 9.488699999999999912e-02 -9.954880000000000395e-01 -7.569999999999999689e-04 -9.954870000000000108e-01 -9.488699999999999912e-02 1.059000000000000045e-03
9.000000000000000000e+00 7.000000000000000000e+00 5.200000000000000000e+01 0.000000000000000000e+00 1.600000000000000089e+00 4.200000000000000174e-04 -4.817000000000000101e-03 -9.999879999999999880e-01 9.657399999999999318e-02 -9.953140000000000320e-01 4.834999999999999888e-03 -9.953260000000000440e-01 -9.657499999999999418e-02 4.699999999999999724e-05
2.000000000000000000e+01 7.000000000000000000e+00 5.200000000000000000e+01 0.000000000000000000e+00 1.600000000000000089e+00 -1.248400000000000030e-02 -7.618999999999999904e-03 -9.998930000000000318e-01 1.131510000000000016e-01 -9.935589999999999700e-01 6.158000000000000279e-03 -9.934990000000000210e-01 -1.130619999999999958e-01 1.326500000000000075e-02
1.600000000000000000e+01 1.500000000000000000e+01 5.300000000000000000e+01 0.000000000000000000e+00 1.600000000000000089e+00 -3.930000000000000117e-04 5.410000000000000312e-04 -1.000000000000000000e+00 6.799760000000000248e-01 7.332349999999999701e-01 1.299999999999999886e-04 7.332349999999999701e-01 -6.799760000000000248e-01 -6.560000000000000076e-04
9.000000000000000000e+00 6.300000000000000000e+01 5.400000000000000000e+01 0.000000000000000000e+00 1.600000000000000089e+00 3.600000000000000227e-04 -2.284000000000000006e-03 9.999970000000000248e-01 -3.510789999999999744e-01 9.363430000000000364e-01 2.265000000000000086e-03 -9.363460000000000116e-01 -3.510789999999999744e-01 -4.640000000000000027e-04
1.400000000000000000e+01 6.300000000000000000e+01 5.400000000000000000e+01 0.000000000000000000e+00 1.600000000000000089e+00 2.207000000000000194e-03 2.897999999999999968e-03 9.999930000000000208e-01 -3.501429999999999820e-01 9.366940000000000266e-01 -1.941000000000000017e-03 -9.366940000000000266e-01 -3.501360000000000028e-01 3.082000000000000104e-03
2.000000000000000000e+01 6.300000000000000000e+01 5.400000000000000000e+01 0.000000000000000000e+00 1.600000000000000089e+00 -9.380000000000000317e-04 -8.790000000000000070e-04 9.999989999999999712e-01 -3.559649999999999759e-01 9.344989999999999686e-01 4.879999999999999898e-04 -9.344989999999999686e-01 -3.559640000000000026e-01 -1.188999999999999953e-03
2.600000000000000000e+01 6.300000000000000000e+01 5.400000000000000000e+01 0.000000000000000000e+00 1.600000000000000089e+00 -1.399999999999999877e-04 -3.739999999999999835e-04 1.000000000000000000e+00 -3.553660000000000152e-01 9.347269999999999746e-01 2.990000000000000036e-04 -9.347269999999999746e-01 -3.553660000000000152e-01 -2.640000000000000202e-04
2.000000000000000000e+00 2.500000000000000000e+01 5.500000000000000000e+01 0.000000000000000000e+00 1.600000000000000089e+00 -3.370000000000000057e-04 -1.072000000000000036e-03 -9.999989999999999712e-01 -1.191599999999999951e-02 -9.999280000000000390e-01 1.075999999999999917e-03 -9.999289999999999567e-01 1.191599999999999951e-02 3.249999999999999851e-04
1.200000000000000000e+01 2.500000000000000000e+01 5.500000000000000000e+01 0.000000000000000000e+00 1.600000000000000089e+00 -6.600000000000000506e-05 3.001000000000000195e-03 -9.999949999999999672e-01 -1.369199999999999931e-02 -9.999019999999999575e-01 -3.000000000000000062e-03 -9.999059999999999615e-01 1.369100000000000004e-02 1.069999999999999988e-04
1.600000000000000000e+01 2.500000000000000000e+01 5.500000000000000000e+01 0.000000000000000000e+00 1.600000000000000089e+00 -1.425999999999999967e-03 3.103999999999999988e-03 -9.999940000000000495e-01 -1.192700000000000010e-02 -9.999240000000000350e-01 -3.086999999999999900e-03 -9.999280000000000390e-01 1.192299999999999957e-02 1.463000000000000108e-03
2.000000000000000000e+01 2.500000000000000000e+01 5.500000000000000000e+01 0.000000000000000000e+00 1.600000000000000089e+00 -2.439000000000000196e-03 2.720000000000000195e-03 -9.999930000000000208e-01 -1.026700000000000008e-02 -9.999440000000000550e-01 -2.694999999999999913e-03 -9.999440000000000550e-01 1.026099999999999929e-02 2.467000000000000009e-03
2.500000000000000000e+01 2.500000000000000000e+01 5.500000000000000000e+01 0.000000000000000000e+00 1.600000000000000089e+00 -6.870000000000000022e-04 -4.180000000000000230e-04 -1.000000000000000000e+00 -1.051400000000000078e-02 -9.999449999999999728e-01 4.249999999999999763e-04 -9.999449999999999728e-01 1.051400000000000078e-02 6.830000000000000134e-04
1.400000000000000000e+01 7.000000000000000000e+00 6.000000000000000000e+01 0.000000000000000000e+00 1.600000000000000089e+00 7.669999999999999951e-04 -2.547999999999999918e-03 9.999959999999999960e-01 5.723500000000000254e-01 -8.200060000000000127e-01 -2.528999999999999998e-03 8.200089999999999879e-01 5.723500000000000254e-01 8.289999999999999843e-04
1.800000000000000000e+01 7.000000000000000000e+00 6.000000000000000000e+01 0.000000000000000000e+00 1.600000000000000089e+00 8.409999999999999507e-04 -5.218999999999999681e-03 9.999860000000000415e-01 5.679570000000000451e-01 -8.230439999999999978e-01 -4.773000000000000333e-03 8.230579999999999563e-01 5.679530000000000411e-01 2.272000000000000148e-03
2.600000000000000000e+01 7.000000000000000000e+00 6.000000000000000000e+01 0.000000000000000000e+00 1.600000000000000089e+00 9.020000000000000240e-04 1.510799999999999990e-02 9.998850000000000238e-01 5.710589999999999833e-01 -8.208229999999999693e-01 1.188700000000000000e-02 8.209079999999999711e-01 5.709830000000000183e-01 -9.367999999999999591e-03
2.000000000000000000e+00 2.100000000000000000e+01 6.000000000000000000e+01 0.000000000000000000e+00 1.600000000000000089e+00 1.160000000000000007e-03 -4.693000000000000123e-03 9.999879999999999880e-01 -1.004420000000000035e-01 9.949310000000000098e-01 4.786000000000000323e-03 -9.949419999999999931e-01 -1.004459999999999936e-01 6.819999999999999890e-04
