7.000000000000000000e+00 1.500000000000000000e+01 4.000000000000000000e+00 0.000000000000000000e+00 1.600000000000000089e+00 -6.795999999999999958e-03 1.125699999999999965e-02 9.999139999999999695e-01 2.868629999999999791e-01 -9.578870000000000440e-01 1.273299999999999953e-02 9.579480000000000217e-01 2.869240000000000124e-01 3.279999999999999930e-03
2.500000000000000000e+01 1.600000000000000000e+01 4.000000000000000000e+00 0.000000000000000000e+00 1.600000000000000089e+00 -3.222000000000000038e-03 1.911500000000000005e-02 9.998120000000000340e-01 3.232070000000000221e-01 -9.461349999999999483e-01 1.913000000000000117e-02 9.463230000000000253e-01 3.232079999999999953e-01 -3.128999999999999837e-03
2.800000000000000000e+01 1.600000000000000000e+01 4.000000000000000000e+00 0.000000000000000000e+00 1.600000000000000089e+00 3.964999999999999775e-03 2.729699999999999835e-02 9.996190000000000353e-01 3.242949999999999999e-01 -9.456379999999999786e-01 2.453699999999999978e-02 9.459480000000000111e-01 3.240739999999999732e-01 -1.260200000000000035e-02
1.000000000000000000e+00 1.010000000000000000e+02 7.000000000000000000e+00 0.000000000000000000e+00 1.600000000000000089e+00 2.328999999999999907e-03 1.926900000000000140e-02 9.998120000000000340e-01 8.851200000000000179e-01 4.652319999999999789e-01 -1.102799999999999961e-02 -4.653570000000000206e-01 8.849789999999999601e-01 -1.597200000000000009e-02
1.300000000000000000e+01 1.010000000000000000e+02 7.000000000000000000e+00 0.000000000000000000e+00 1.600000000000000089e+00 2.598000000000000049e-03 -4.847999999999999879e-03 9.999850000000000128e-01 8.882870000000000488e-01 4.592899999999999761e-01 -8.100000000000000375e-05 -4.592820000000000236e-01 8.882729999999999793e-01 5.499000000000000415e-03
7.000000000000000000e+00 1.500000000000000000e+01 8.000000000000000000e+00 0.000000000000000000e+00 1.600000000000000089e+00 1.011899999999999952e-02 9.383000000000000715e-03 -9.999050000000000438e-01 -5.783000000000000362e-01 -8.157119999999999926e-01 -1.350699999999999991e-02 -8.157609999999999584e-01 5.783819999999999517e-01 -2.827999999999999785e-03
1.200000000000000000e+01 1.500000000000000000e+01 8.000000000000000000e+00 0.000000000000000000e+00 1.600000000000000089e+00 1.138699999999999955e-02 2.253900000000000001e-02 -9.996810000000000418e-01 -5.751509999999999678e-01 -8.176660000000000039e-01 -2.498699999999999879e-02 -8.179680000000000284e-01 5.752519999999999856e-01 3.651999999999999864e-03
2.000000000000000000e+01 1.500000000000000000e+01 8.000000000000000000e+00 0.000000000000000000e+00 1.600000000000000089e+00 6.532999999999999745e-03 2.121899999999999828e-02 -9.997530000000000028e-01 -5.680880000000000374e-01 -8.226949999999999541e-01 -2.117399999999999838e-02 -8.229419999999999513e-01 5.680859999999999799e-01 6.679000000000000041e-03
2.500000000000000000e+01 1.500000000000000000e+01 8.000000000000000000e+00 0.000000000000000000e+00 1.600000000000000089e+00 7.250000000000000368e-03 1.499699999999999991e-02 -9.998609999999999998e-01 -5.648549999999999960e-01 -8.250260000000000371e-01 -1.646999999999999853e-02 -8.251589999999999758e-01 5.648959999999999537e-01 2.490000000000000026e-03
1.800000000000000000e+01 2.600000000000000000e+01 8.000000000000000000e+00 0.000000000000000000e+00 1.600000000000000089e+00 -7.340000000000000170e-03 -2.073900000000000049e-02 -9.997580000000000355e-01 4.126360000000000028e-01 9.106319999999999970e-01 -2.191999999999999851e-02 9.108659999999999535e-01 -4.126969999999999805e-01 1.874000000000000015e-03
2.400000000000000000e+01 2.600000000000000000e+01 8.000000000000000000e+00 0.000000000000000000e+00 1.600000000000000089e+00 -5.442999999999999922e-03 -1.437000000000000083e-02 -9.998820000000000485e-01 4.174220000000000153e-01 9.085830000000000295e-01 -1.532999999999999988e-02 9.086959999999999482e-01 -4.174570000000000225e-01 1.052999999999999900e-03
3.000000000000000000e+00 2.400000000000000000e+01 9.000000000000000000e+00 0.000000000000000000e+00 1.600000000000000089e+00 -2.899999999999999800e-03 -9.763000000000000844e-03 -9.999479999999999480e-01 4.581549999999999789e-01 8.888160000000000505e-01 -1.000700000000000027e-02 8.888679999999999914e-01 -4.581600000000000117e-01 1.894999999999999983e-03
1.200000000000000000e+01 2.400000000000000000e+01 9.000000000000000000e+00 0.000000000000000000e+00 1.600000000000000089e+00 -9.532000000000000542e-03 -2.488100000000000034e-02 -9.996450000000000058e-01 4.642310000000000048e-01 8.853189999999999671e-01 -2.646199999999999941e-02 8.856629999999999781e-01 -4.643189999999999817e-01 3.112000000000000183e-03
1.700000000000000000e+01 2.400000000000000000e+01 9.000000000000000000e+00 0.000000000000000000e+00 1.600000000000000089e+00 -8.073999999999999580e-03 -2.545599999999999946e-02 -9.996429999999999483e-01 4.661989999999999745e-01 8.842900000000000205e-01 -2.628399999999999834e-02 8.846429999999999572e-01 -4.662439999999999918e-01 4.728000000000000431e-03
7.000000000000000000e+00 3.100000000000000000e+01 1.200000000000000000e+01 0.000000000000000000e+00 1.600000000000000089e+00 -6.579999999999999478e-04 1.023999999999999954e-03 9.999989999999999712e-01 1.885200000000000070e-02 9.998219999999999885e-01 -1.012000000000000096e-03 -9.998219999999999885e-01 1.885099999999999970e-02 -6.769999999999999759e-04
1.700000000000000000e+01 3.100000000000000000e+01 1.200000000000000000e+01 0.000000000000000000e+00 1.600000000000000089e+00 9.049999999999999885e-04 -1.381999999999999982e-03 9.999989999999999712e-01 9.676000000000000573e-03 9.999519999999999520e-01 1.373000000000000088e-03 -9.999529999999999808e-01 9.674999999999999573e-03 9.190000000000000035e-04
2.900000000000000000e+01 3.100000000000000000e+01 1.200000000000000000e+01 0.000000000000000000e+00 1.600000000000000089e+00 -2.141000000000000108e-03 2.716000000000000098e-03 9.999940000000000495e-01 1.420599999999999988e-02 9.998960000000000070e-01 -2.684999999999999887e-03 -9.998970000000000358e-01 1.420000000000000082e-02 -2.178999999999999947e-03
2.000000000000000000e+00 1.200000000000000000e+01 1.500000000000000000e+01 0.000000000000000000e+00 1.600000000000000089e+00 3.648999999999999900e-03 6.296000000000000381e-03 -9.999740000000000295e-01 -4.638880000000000225e-01 -8.858639999999999848e-01 -7.270000000000000420e-03 -8.858859999999999513e-01 4.639030000000000098e-01 -3.119999999999999944e-04
5.000000000000000000e+00 1.200000000000000000e+01 1.500000000000000000e+01 0.000000000000000000e+00 1.600000000000000089e+00 6.400999999999999572e-03 9.462999999999999190e-03 -9.999350000000000183e-01 -4.656089999999999951e-01 -8.849179999999999824e-01 -1.135500000000000051e-02 -8.849679999999999769e-01 4.656509999999999816e-01 -1.258999999999999920e-03
1.300000000000000000e+01 1.200000000000000000e+01 1.500000000000000000e+01 0.000000000000000000e+00 1.600000000000000089e+00 7.656999999999999744e-03 1.235999999999999946e-02 -9.998939999999999495e-01 -4.683249999999999913e-01 -8.834370000000000278e-01 -1.450700000000000080e-02 -8.835229999999999473e-01 4.683860000000000245e-01 -9.759999999999999796e-04
2.500000000000000000e+01 1.200000000000000000e+01 1.500000000000000000e+01 0.000000000000000000e+00 1.600000000000000089e+00 5.519999999999999733e-03 5.072000000000000119e-03 -9.999719999999999720e-01 -4.698300000000000254e-01 -8.827289999999999859e-01 -7.071000000000000028e-03 -8.827399999999999691e-01 4.698559999999999959e-01 -2.490000000000000026e-03
2.800000000000000000e+01 1.200000000000000000e+01 1.500000000000000000e+01 0.000000000000000000e+00 1.600000000000000089e+00 4.753000000000000280e-03 6.174999999999999933e-03 -9.999700000000000255e-01 -4.693809999999999927e-01 -8.829620000000000246e-01 -7.682999999999999725e-03 -8.829829999999999623e-01 4.694030000000000147e-01 -1.299000000000000024e-03
6.000000000000000000e+00 1.160000000000000000e+02 1.600000000000000000e+01 0.000000000000000000e+00 1.600000000000000089e+00 8.750000000000000182e-04 2.609999999999999907e-03 9.999959999999999960e-01 7.027269999999999905e-01 7.114549999999999486e-01 -2.471999999999999805e-03 -7.114589999999999526e-01 7.027269999999999905e-01 -1.211999999999999970e-03
1.100000000000000000e+01 1.160000000000000000e+02 1.600000000000000000e+01 0.000000000000000000e+00 1.600000000000000089e+00 -2.249999999999999938e-04 -2.840000000000000076e-03 9.999959999999999960e-01 7.048769999999999758e-01 7.093270000000000408e-01 2.173000000000000018e-03 -7.093300000000000161e-01 7.048740000000000006e-01 1.842000000000000104e-03
2.000000000000000000e+01 1.160000000000000000e+02 1.600000000000000000e+01 0.000000000000000000e+00 1.600000000000000089e+00 6.049999999999999606e-04 1.879999999999999944e-03 9.999980000000000535e-01 6.692219999999999835e-01 7.430600000000000538e-01 -1.801999999999999999e-03 -7.430620000000000003e-01 6.692219999999999835e-01 -8.090000000000000403e-04
2.400000000000000000e+01 1.160000000000000000e+02 1.600000000000000000e+01 0.000000000000000000e+00 1.600000000000000089e+00 -3.130000000000000187e-04 -1.273999999999999959e-03 9.999989999999999712e-01 6.713540000000000063e-01 7.411360000000000170e-01 1.154000000000000078e-03 -7.411360000000000170e-01 6.713540000000000063e-01 6.229999999999999644e-04
4.000000000000000000e+00 2.000000000000000000e+00 1.900000000000000000e+01 0.000000000000000000e+00 1.600000000000000089e+00 -8.530000000000000256e-04 6.790000000000000245e-04 -9.999989999999999712e-01 1.765879999999999950e-01 -9.842840000000000478e-01 -8.189999999999999581e-04 -9.842840000000000478e-01 -1.765889999999999960e-01 7.200000000000000453e-04
1.400000000000000000e+01 2.000000000000000000e+00 1.900000000000000000e+01 0.000000000000000000e+00 1.600000000000000089e+00 -5.289999999999999564e-04 4.852999999999999675e-03 -9.999879999999999880e-01 1.725520000000000109e-01 -9.849879999999999747e-01 -4.871999999999999595e-03 -9.849999999999999867e-01 -1.725530000000000119e-01 -3.159999999999999832e-04
1.900000000000000000e+01 2.000000000000000000e+00 1.900000000000000000e+01 0.000000000000000000e+00 1.600000000000000089e+00 -1.062000000000000010e-03 9.020000000000000240e-04 -9.999989999999999712e-01 1.685869999999999869e-01 -9.856859999999999511e-01 -1.067999999999999939e-03 -9.856859999999999511e-01 -1.685879999999999879e-01 8.949999999999999623e-04
2.200000000000000000e+01 2.000000000000000000e+00 1.900000000000000000e+01 0.000000000000000000e+00 1.600000000000000089e+00 -2.299999999999999961e-03 6.430000000000000169e-04 -9.999970000000000248e-01 1.669619999999999993e-01 -9.859630000000000338e-01 -1.018000000000000025e-03 -9.859609999999999763e-01 -1.669640000000000013e-01 2.160000000000000028e-03
2.600000000000000000e+01 2.000000000000000000e+00 1.900000000000000000e+01 0.000000000000000000e+00 1.600000000000000089e+00 -1.069000000000000072e-03 3.099999999999999999e-04 -9.999989999999999712e-01 1.665109999999999923e-01 -9.860389999999999988e-01 -4.840000000000000010e-04 -9.860389999999999988e-01 -1.665109999999999923e-01 1.002999999999999985e-03
6.000000000000000000e+00 4.000000000000000000e+00 2.000000000000000000e+01 0.000000000000000000e+00 1.600000000000000089e+00 -3.585000000000000079e-03 2.279999999999999909e-03 -9.999909999999999632e-01 2.736680000000000224e-01 -9.618189999999999795e-01 -3.174000000000000172e-03 -9.618179999999999508e-01 -2.736770000000000036e-01 2.824000000000000121e-03
1.000000000000000000e+01 4.000000000000000000e+00 2.000000000000000000e+01 0.000000000000000000e+00 1.600000000000000089e+00 -1.427000000000000100e-03 2.390000000000000197e-03 -9.999959999999999960e-01 2.781100000000000239e-01 -9.605460000000000109e-01 -2.693000000000000081e-03 -9.605479999999999574e-01 -2.781120000000000259e-01 7.060000000000000303e-04
1.400000000000000000e+01 4.000000000000000000e+00 2.000000000000000000e+01 0.000000000000000000e+00 1.600000000000000089e+00 -1.446999999999999936e-03 6.837000000000000195e-03 -9.999759999999999760e-01 2.727040000000000020e-01 -9.620729999999999560e-01 -6.971999999999999899e-03 -9.620969999999999800e-01 -2.727080000000000060e-01 -4.730000000000000046e-04
1.000000000000000000e+00 1.300000000000000000e+01 2.000000000000000000e+01 0.000000000000000000e+00 1.600000000000000089e+00 -9.569999999999999514e-04 -1.484500000000000056e-02 9.998890000000000278e-01 2.571229999999999905e-01 9.662680000000000158e-01 1.459200000000000080e-02 -9.663779999999999593e-01 2.571089999999999764e-01 2.892000000000000039e-03
5.000000000000000000e+00 1.300000000000000000e+01 2.000000000000000000e+01 0.000000000000000000e+00 1.600000000000000089e+00 6.310000000000000504e-04 -5.338999999999999996e-03 9.999860000000000415e-01 2.576379999999999781e-01 9.662290000000000045e-01 4.995999999999999573e-03 -9.662410000000000165e-01 2.576309999999999989e-01 1.985999999999999918e-03
9.000000000000000000e+00 1.300000000000000000e+01 2.000000000000000000e+01 0.000000000000000000e+00 1.600000000000000089e+00 1.529999999999999893e-03 -7.654000000000000213e-03 9.999700000000000255e-01 2.589199999999999835e-01 9.658729999999999816e-01 6.996999999999999748e-03 -9.658980000000000343e-01 2.589009999999999923e-01 3.458999999999999835e-03
1.300000000000000000e+01 1.300000000000000000e+01 2.000000000000000000e+01 0.000000000000000000e+00 1.600000000000000089e+00 3.069999999999999812e-04 -1.025799999999999976e-02 9.999470000000000303e-01 2.583239999999999981e-01 9.660079999999999778e-01 9.830000000000000196e-03 -9.660579999999999723e-01 2.583070000000000088e-01 2.945999999999999834e-03
1.800000000000000000e+01 1.300000000000000000e+01 2.000000000000000000e+01 0.000000000000000000e+00 1.600000000000000089e+00 -5.360000000000000181e-04 -1.479999999999999925e-04 1.000000000000000000e+00 2.594130000000000047e-01 9.657660000000000133e-01 2.820000000000000241e-04 -9.657660000000000133e-01 2.594130000000000047e-01 -4.789999999999999879e-04
2.500000000000000000e+01 1.300000000000000000e+01 2.000000000000000000e+01 0.000000000000000000e+00 1.600000000000000089e+00 -1.999999999999999909e-06 -8.099999999999999561e-03 9.999670000000000503e-01 2.592700000000000005e-01 9.657729999999999926e-01 7.823000000000000093e-03 -9.658050000000000246e-01 2.592619999999999925e-01 2.098000000000000038e-03
3.000000000000000000e+01 1.300000000000000000e+01 2.000000000000000000e+01 0.000000000000000000e+00 1.600000000000000089e+00 1.456000000000000046e-03 -1.994999999999999812e-03 9.999970000000000248e-01 2.589090000000000003e-01 9.659010000000000096e-01 1.549999999999999946e-03 -9.659010000000000096e-01 2.589060000000000250e-01 1.923000000000000013e-03
1.000000000000000000e+00 1.600000000000000000e+01 2.100000000000000000e+01 0.000000000000000000e+00 1.600000000000000089e+00 -1.044999999999999922e-03 -1.065999999999999934e-02 9.999430000000000263e-01 2.932250000000000134e-01 9.559860000000000024e-01 1.049800000000000039e-02 -9.560429999999999762e-01 2.932190000000000074e-01 2.126999999999999984e-03
1.000000000000000000e+01 1.600000000000000000e+01 2.100000000000000000e+01 0.000000000000000000e+00 1.600000000000000089e+00 1.516999999999999902e-03 -3.850000000000000124e-03 9.999909999999999632e-01 2.954809999999999937e-01 9.553430000000000533e-01 3.229999999999999798e-03 -9.553469999999999462e-01 2.954729999999999857e-01 2.586999999999999890e-03
1.800000000000000000e+01 1.600000000000000000e+01 2.100000000000000000e+01 0.000000000000000000e+00 1.600000000000000089e+00 1.029999999999999964e-04 5.546999999999999847e-03 9.999850000000000128e-01 2.965800000000000103e-01 9.549929999999999808e-01 -5.328000000000000271e-03 -9.550079999999999680e-01 2.965760000000000063e-01 -1.546000000000000065e-03
2.200000000000000000e+01 1.600000000000000000e+01 2.100000000000000000e+01 0.000000000000000000e+00 1.600000000000000089e+00 -6.909999999999999910e-04 -5.010999999999999829e-03 9.999869999999999592e-01 2.965380000000000238e-01 9.550079999999999680e-01 4.990999999999999777e-03 -9.550210000000000088e-01 2.965380000000000238e-01 8.260000000000000198e-04
2.600000000000000000e+01 1.600000000000000000e+01 2.100000000000000000e+01 0.000000000000000000e+00 1.600000000000000089e+00 -5.399999999999999798e-05 -7.296999999999999667e-03 9.999730000000000008e-01 2.963640000000000163e-01 9.550499999999999545e-01 6.984999999999999890e-03 -9.550750000000000073e-01 2.963560000000000083e-01 2.111000000000000029e-03
1.200000000000000000e+01 3.000000000000000000e+00 2.500000000000000000e+01 0.000000000000000000e+00 1.600000000000000089e+00 -4.804000000000000110e-03 8.137999999999999401e-03 9.999550000000000383e-01 -1.603999999999999870e-02 -9.998390000000000333e-01 8.059999999999999457e-03 9.998599999999999710e-01 -1.600000000000000033e-02 4.934000000000000018e-03
9.000000000000000000e+00 4.600000000000000000e+01 2.700000000000000000e+01 0.000000000000000000e+00 1.600000000000000089e+00 9.300000000000000541e-04 1.577999999999999976e-03 -9.999980000000000535e-01 6.812279999999999447e-01 7.320689999999999698e-01 1.789000000000000009e-03 7.320710000000000273e-01 -6.812279999999999447e-01 -3.939999999999999817e-04
1.500000000000000000e+01 4.600000000000000000e+01 2.700000000000000000e+01 0.000000000000000000e+00 1.600000000000000089e+00 5.969999999999999829e-04 -6.310000000000000504e-04 -1.000000000000000000e+00 6.847680000000000433e-01 7.287620000000000209e-01 -5.099999999999999960e-05 7.287609999999999921e-01 -6.847670000000000146e-01 8.670000000000000406e-04
2.500000000000000000e+01 4.600000000000000000e+01 2.700000000000000000e+01 0.000000000000000000e+00 1.600000000000000089e+00 8.829999999999999958e-04 1.250999999999999942e-03 -9.999989999999999712e-01 6.794670000000000432e-01 7.337050000000000516e-01 1.518000000000000035e-03 7.337059999999999693e-01 -6.794670000000000432e-01 -2.020000000000000040e-04
2.700000000000000000e+01 4.600000000000000000e+01 3.000000000000000000e+01 0.000000000000000000e+00 1.600000000000000089e+00 6.890000000000000508e-04 -4.699999999999999724e-05 -1.000000000000000000e+00 3.348400000000000265e-01 9.422749999999999737e-01 1.859999999999999945e-04 9.422749999999999737e-01 -3.348400000000000265e-01 6.650000000000000095e-04
8.000000000000000000e+00 5.800000000000000000e+01 3.100000000000000000e+01 0.000000000000000000e+00 1.600000000000000089e+00 2.416000000000000179e-03 7.860999999999999932e-03 9.999660000000000215e-01 -8.014740000000000197e-01 -5.979919999999999680e-01 6.636999999999999671e-03 5.980240000000000000e-01 -8.014630000000000365e-01 4.854999999999999941e-03
1.600000000000000000e+01 5.800000000000000000e+01 3.100000000000000000e+01 0.000000000000000000e+00 1.600000000000000089e+00 6.629999999999999609e-04 2.849999999999999886e-04 1.000000000000000000e+00 -8.013710000000000555e-01 -5.981670000000000043e-01 7.010000000000000172e-04 5.981670000000000043e-01 -8.013710000000000555e-01 -1.679999999999999907e-04
2.100000000000000000e+01 5.800000000000000000e+01 3.100000000000000000e+01 0.000000000000000000e+00 1.600000000000000089e+00 2.132999999999999913e-03 4.791000000000000120e-03 9.999860000000000415e-01 -7.990530000000000133e-01 -6.012429999999999719e-01 4.584000000000000401e-03 6.012570000000000414e-01 -7.990519999999999845e-01 2.546000000000000086e-03
2.700000000000000000e+01 5.800000000000000000e+01 3.100000000000000000e+01 0.000000000000000000e+00 1.600000000000000089e+00 1.056000000000000081e-03 -1.397000000000000021e-03 9.999980000000000535e-01 -7.946370000000000378e-01 -6.070849999999999858e-01 -9.000000000000000228e-06 6.070839999999999570e-01 -7.946360000000000090e-01 -1.750999999999999952e-03
3.000000000000000000e+00 4.600000000000000000e+01 3.500000000000000000e+01 0.000000000000000000e+00 1.600000000000000089e+00 -4.960000000000000216e-04 9.079999999999999530e-04 -9.999989999999999712e-01 3.835700000000000220e-01 -9.235109999999999708e-01 -1.028999999999999967e-03 -9.235119999999999996e-01 -3.835700000000000220e-01 1.100000000000000039e-04
1.200000000000000000e+01 4.600000000000000000e+01 3.500000000000000000e+01 0.000000000000000000e+00 1.600000000000000089e+00 -4.389999999999999914e-04 -5.289999999999999564e-04 -1.000000000000000000e+00 3.866160000000000152e-01 -9.222409999999999775e-01 3.179999999999999776e-04 -9.222409999999999775e-01 -3.866149999999999864e-01 6.089999999999999494e-04
1.500000000000000000e+01 4.600000000000000000e+01 3.500000000000000000e+01 0.000000000000000000e+00 1.600000000000000089e+00 -6.679999999999999740e-04 1.358999999999999965e-03 -9.999989999999999712e-01 3.860049999999999870e-01 -9.224949999999999539e-01 -1.512000000000000106e-03 -9.224959999999999827e-01 -3.860060000000000158e-01 9.100000000000000287e-05
1.900000000000000000e+01 4.600000000000000000e+01 3.500000000000000000e+01 0.000000000000000000e+00 1.600000000000000089e+00 -5.320000000000000293e-04 1.544999999999999932e-03 -9.999989999999999712e-01 3.864049999999999985e-01 -9.223280000000000367e-01 -1.629999999999999939e-03 -9.223289999999999544e-01 -3.864049999999999985e-01 -1.069999999999999988e-04
7.000000000000000000e+00 9.500000000000000000e+01 3.600000000000000000e+01 0.000000000000000000e+00 1.600000000000000089e+00 -8.360000000000000460e-04 9.735999999999999863e-03 9.999519999999999520e-01 9.971379999999999688e-01 7.560300000000000353e-02 9.699999999999999963e-05 -7.559799999999999853e-02 9.970909999999999496e-01 -9.771000000000000171e-03
1.300000000000000000e+01 9.500000000000000000e+01 3.600000000000000000e+01 0.000000000000000000e+00 1.600000000000000089e+00 5.487999999999999823e-03 -1.497099999999999993e-02 9.998730000000000118e-01 9.975549999999999695e-01 6.974700000000000344e-02 -4.431000000000000043e-03 -6.967199999999999782e-02 9.974520000000000053e-01 1.531700000000000075e-02
2.200000000000000000e+01 9.500000000000000000e+01 3.600000000000000000e+01 0.000000000000000000e+00 1.600000000000000089e+00 -2.291000000000000068e-03 2.699999999999999899e-05 9.999970000000000248e-01 9.970729999999999871e-01 7.641699999999999882e-02 2.282999999999999873e-03 -7.641699999999999882e-02 9.970759999999999623e-01 -2.020000000000000040e-04
2.600000000000000000e+01 9.500000000000000000e+01 3.600000000000000000e+01 0.000000000000000000e+00 1.600000000000000089e+00 -5.982999999999999603e-03 -2.008300000000000016e-02 9.997800000000000020e-01 9.968329999999999691e-01 7.916399999999999826e-02 7.555000000000000084e-03 -7.929899999999999449e-02 9.966589999999999616e-01 1.954600000000000087e-02
6.000000000000000000e+00 2.900000000000000000e+01 4.400000000000000000e+01 0.000000000000000000e+00 1.600000000000000089e+00 -2.020999999999999793e-03 8.790000000000000070e-04 -9.999980000000000535e-01 6.662430000000000296e-01 7.457340000000000080e-01 -6.909999999999999910e-04 7.457319999999999505e-01 -6.662430000000000296e-01 -2.092999999999999809e-03
1.000000000000000000e+01 2.900000000000000000e+01 4.400000000000000000e+01 0.000000000000000000e+00 1.600000000000000089e+00 -1.423999999999999919e-03 2.550999999999999882e-03 -9.999959999999999960e-01 6.654660000000000020e-01 7.464269999999999516e-01 9.569999999999999514e-04 7.464260000000000339e-01 -6.654619999999999980e-01 -2.759999999999999867e-03
1.600000000000000000e+01 2.900000000000000000e+01 4.400000000000000000e+01 0.000000000000000000e+00 1.600000000000000089e+00 -6.026000000000000106e-03 -1.902999999999999961e-03 -9.999799999999999800e-01 6.446739999999999693e-01 7.644389999999999796e-01 -5.340000000000000129e-03 7.644339999999999469e-01 -6.446929999999999605e-01 -3.379000000000000059e-03
2.100000000000000000e+01 2.900000000000000000e+01 4.400000000000000000e+01 0.000000000000000000e+00 1.600000000000000089e+00 -1.616000000000000032e-03 -1.683999999999999950e-03 -9.999970000000000248e-01 6.391850000000000032e-01 7.690489999999999826e-01 -2.328999999999999907e-03 7.690510000000000401e-01 -6.391869999999999497e-01 -1.669999999999999935e-04
2.800000000000000000e+01 2.900000000000000000e+01 4.400000000000000000e+01 0.000000000000000000e+00 1.600000000000000089e+00 6.453999999999999668e-03 2.876000000000000084e-03 -9.999749999999999472e-01 6.531620000000000203e-01 7.571909999999999474e-01 6.394000000000000378e-03 7.571909999999999474e-01 -6.531869999999999621e-01 3.007999999999999823e-03
2.400000000000000000e+01 6.000000000000000000e+00 5.100000000000000000e+01 0.000000000000000000e+00 1.600000000000000089e+00 -5.517000000000000202e-03 2.286999999999999970e-03 -9.999820000000000375e-01 3.234670000000000045e-01 -9.462310000000000443e-01 -3.949000000000000253e-03 -9.462230000000000363e-01 -3.234830000000000205e-01 4.480999999999999740e-03
2.800000000000000000e+01 7.000000000000000000e+00 5.200000000000000000e+01 0.000000000000000000e+00 1.600000000000000089e+00 -5.015000000000000360e-03 4.030999999999999861e-03 -9.999789999999999512e-01 9.018800000000000427e-02 -9.959149999999999947e-01 -4.466999999999999617e-03 -9.959120000000000195e-01 -9.020799999999999652e-02 4.630999999999999700e-03
1.100000000000000000e+01 1.500000000000000000e+01 5.300000000000000000e+01 0.000000000000000000e+00 1.600000000000000089e+00 1.170999999999999949e-03 8.299999999999999815e-05 -9.999989999999999712e-01 6.774360000000000381e-01 7.355810000000000404e-01 8.540000000000000499e-04 7.355810000000000404e-01 -6.774369999999999559e-01 8.050000000000000515e-04
5.000000000000000000e+00 6.300000000000000000e+01 5.400000000000000000e+01 0.000000000000000000e+00 1.600000000000000089e+00 2.719999999999999979e-04 -4.459999999999999989e-04 1.000000000000000000e+00 -3.513169999999999904e-01 9.362570000000000059e-01 5.130000000000000011e-04 -9.362570000000000059e-01 -3.513169999999999904e-01 9.799999999999999684e-05
7.000000000000000000e+00 6.300000000000000000e+01 5.400000000000000000e+01 0.000000000000000000e+00 1.600000000000000089e+00 7.420000000000000380e-04 7.499999999999999343e-05 1.000000000000000000e+00 -3.499349999999999961e-01 9.367739999999999956e-01 1.900000000000000105e-04 -9.367739999999999956e-01 -3.499349999999999961e-01 7.209999999999999612e-04
1.100000000000000000e+01 6.300000000000000000e+01 5.400000000000000000e+01 0.000000000000000000e+00 1.600000000000000089e+00 -5.029999999999999749e-04 4.569999999999999952e-04 1.000000000000000000e+00 -3.487979999999999969e-01 9.371979999999999755e-01 -6.040000000000000447e-04 -9.371979999999999755e-01 -3.487979999999999969e-01 -3.119999999999999944e-04
2.100000000000000000e+01 6.300000000000000000e+01 5.400000000000000000e+01 0.000000000000000000e+00 1.600000000000000089e+00 -5.410000000000000312e-04 2.099999999999999884e-05 1.000000000000000000e+00 -3.519939999999999736e-01 9.360020000000000007e-01 -2.100000000000000087e-04 -9.360020000000000007e-01 -3.519939999999999736e-01 -4.989999999999999861e-04
2.700000000000000000e+01 6.300000000000000000e+01 5.400000000000000000e+01 0.000000000000000000e+00 1.600000000000000089e+00 1.103999999999999947e-03 -1.582000000000000073e-03 9.999980000000000535e-01 -3.544610000000000261e-01 9.350690000000000390e-01 1.871000000000000050e-03 -9.350699999999999568e-01 -3.544619999999999993e-01 4.719999999999999803e-04
3.000000000000000000e+00 2.500000000000000000e+01 5.500000000000000000e+01 0.000000000000000000e+00 1.600000000000000089e+00 -7.010000000000000172e-04 -3.896000000000000157e-03 -9.999919999999999920e-01 -1.097000000000000058e-02 -9.999320000000000430e-01 3.903999999999999918e-03 -9.999400000000000510e-01 1.097200000000000085e-02 6.589999999999999721e-04
7.000000000000000000e+00 2.500000000000000000e+01 5.500000000000000000e+01 0.000000000000000000e+00 1.600000000000000089e+00 7.579999999999999932e-04 3.780000000000000265e-04 -1.000000000000000000e+00 -1.127500000000000030e-02 -9.999360000000000470e-01 -3.860000000000000041e-04 -9.999360000000000470e-01 1.127599999999999957e-02 -7.529999999999999801e-04
9.000000000000000000e+00 2.500000000000000000e+01 5.500000000000000000e+01 0.000000000000000000e+00 1.600000000000000089e+00 1.196999999999999930e-03 2.977000000000000045e-03 -9.999949999999999672e-01 -1.139899999999999941e-02 -9.999310000000000143e-01 -2.990000000000000036e-03 -9.999339999999999895e-01 1.140299999999999994e-02 -1.162999999999999971e-03
2.000000000000000000e+01 2.500000000000000000e+01 5.500000000000000000e+01 0.000000000000000000e+00 1.600000000000000089e+00 1.314999999999999980e-03 -1.978999999999999856e-03 -9.999970000000000248e-01 -1.272000000000000040e-02 -9.999169999999999447e-01 1.962000000000000202e-03 -9.999179999999999735e-01 1.271800000000000014e-02 -1.340000000000000045e-03
2.500000000000000000e+01 2.500000000000000000e+01 5.500000000000000000e+01 0.000000000000000000e+00 1.600000000000000089e+00 -1.142999999999999919e-03 1.742000000000000059e-03 -9.999980000000000535e-01 -1.259200000000000076e-02 -9.999190000000000023e-01 -1.727999999999999935e-03 -9.999200000000000310e-01 1.259000000000000050e-02 1.165000000000000020e-03
8.000000000000000000e+00 5.800000000000000000e+01 5.900000000000000000e+01 0.000000000000000000e+00 1.600000000000000089e+00 -4.335999999999999577e-03 5.398000000000000020e-03 -9.999759999999999760e-01 3.868599999999999817e-01 9.221329999999999805e-01 3.299999999999999982e-03 9.221279999999999477e-01 -3.868360000000000132e-01 -6.086000000000000264e-03
1.500000000000000000e+01 3.000000000000000000e+00 6.300000000000000000e+01 0.000000000000000000e+00 1.600000000000000089e+00 3.477000000000000056e-03 -7.067999999999999630e-03 9.999689999999999968e-01 -6.168209999999999527e-01 7.870650000000000146e-01 7.707999999999999574e-03 -7.870960000000000178e-01 -6.168289999999999607e-01 -1.623000000000000094e-03
1.800000000000000000e+01 3.000000000000000000e+00 6.300000000000000000e+01 0.000000000000000000e+00 1.600000000000000089e+00 9.909999999999999105e-04 -4.890000000000000249e-03 9.999869999999999592e-01 -6.177570000000000006e-01 7.863560000000000549e-01 4.457000000000000024e-03 -7.863679999999999559e-01 -6.177540000000000253e-01 -2.242000000000000069e-03
3.000000000000000000e+00 2.700000000000000000e+01 6.300000000000000000e+01 0.000000000000000000e+00 1.600000000000000089e+00 -2.970000000000000092e-04 -8.888999999999999332e-03 9.999599999999999600e-01 -2.786290000000000155e-01 9.603620000000000489e-01 8.455000000000000709e-03 -9.603990000000000027e-01 -2.786150000000000015e-01 -2.762000000000000132e-03
7.000000000000000000e+00 2.700000000000000000e+01 6.300000000000000000e+01 0.000000000000000000e+00 1.600000000000000089e+00 1.160000000000000007e-04 -9.188999999999999252e-03 9.999580000000000135e-01 -2.797029999999999794e-01 9.600459999999999550e-01 8.855000000000000024e-03 -9.600859999999999950e-01 -2.796930000000000249e-01 -2.458999999999999814e-03
1.500000000000000000e+01 2.700000000000000000e+01 6.300000000000000000e+01 0.000000000000000000e+00 1.600000000000000089e+00 2.300000000000000070e-04 1.208000000000000089e-03 9.999989999999999712e-01 -2.828979999999999828e-01 9.591490000000000293e-01 -1.093999999999999920e-03 -9.591499999999999471e-01 -2.828970000000000096e-01 5.630000000000000239e-04
1.900000000000000000e+01 2.700000000000000000e+01 6.300000000000000000e+01 0.000000000000000000e+00 1.600000000000000089e+00 4.500000000000000283e-05 1.257000000000000088e-03 9.999989999999999712e-01 -2.836400000000000032e-01 9.589299999999999491e-01 -1.193000000000000050e-03 -9.589309999999999778e-01 -2.836400000000000032e-01 3.989999999999999949e-04
2.300000000000000000e+01 2.700000000000000000e+01 6.300000000000000000e+01 0.000000000000000000e+00 1.600000000000000089e+00 -2.799999999999999755e-04 4.597000000000000391e-03 9.999890000000000168e-01 -2.837129999999999930e-01 9.588989999999999458e-01 -4.486999999999999669e-03 -9.589090000000000114e-01 -2.837109999999999910e-01 1.036000000000000029e-03
2.800000000000000000e+01 2.700000000000000000e+01 6.300000000000000000e+01 0.000000000000000000e+00 1.600000000000000089e+00 -1.186999999999999904e-03 5.699999999999999772e-04 9.999989999999999712e-01 -2.838860000000000272e-01 9.588579999999999881e-01 -8.829999999999999958e-04 -9.588569999999999593e-01 -2.838870000000000005e-01 -9.759999999999999796e-04
2.000000000000000000e+00 2.600000000000000000e+01 6.400000000000000000e+01 0.000000000000000000e+00 1.600000000000000089e+00 1.029999999999999964e-04 -7.865000000000000463e-03 9.999689999999999968e-01 -3.596630000000000105e-01 9.330530000000000213e-01 7.374999999999999611e-03 -9.330819999999999670e-01 -3.596530000000000005e-01 -2.733000000000000186e-03
7.000000000000000000e+00 2.600000000000000000e+01 6.400000000000000000e+01 0.000000000000000000e+00 1.600000000000000089e+00 1.191000000000000001e-03 -8.894000000000000863e-03 9.999599999999999600e-01 -3.600619999999999932e-01 9.328870000000000218e-01 8.725999999999999382e-03 -9.329269999999999508e-01 -3.600579999999999892e-01 -2.092000000000000109e-03
1.200000000000000000e+01 2.600000000000000000e+01 6.400000000000000000e+01 0.000000000000000000e+00 1.600000000000000089e+00 4.000000000000000192e-04 1.761999999999999894e-03 9.999980000000000535e-01 -3.627059999999999729e-01 9.319020000000000081e-01 -1.497000000000000067e-03 -9.319030000000000369e-01 -3.627049999999999996e-01 1.012000000000000096e-03
1.900000000000000000e+01 2.600000000000000000e+01 6.400000000000000000e+01 0.000000000000000000e+00 1.600000000000000089e+00 1.820000000000000057e-04 1.562000000000000020e-03 9.999989999999999712e-01 -3.639490000000000225e-01 9.314179999999999682e-01 -1.387999999999999911e-03 -9.314189999999999969e-01 -3.639479999999999937e-01 7.380000000000000492e-04
2.300000000000000000e+01 2.600000000000000000e+01 6.400000000000000000e+01 0.000000000000000000e+00 1.600000000000000089e+00 -8.189999999999999581e-04 4.014000000000000207e-03 9.999919999999999920e-01 -3.649020000000000041e-01 9.310370000000000035e-01 -4.035999999999999657e-03 -9.310450000000000115e-01 -3.649020000000000041e-01 7.029999999999999574e-04
2.700000000000000000e+01 2.600000000000000000e+01 6.400000000000000000e+01 0.000000000000000000e+00 1.600000000000000089e+00 -2.128999999999999816e-03 5.069999999999999637e-04 9.999980000000000535e-01 -3.663910000000000222e-01 9.304599999999999538e-01 -1.252000000000000075e-03 -9.304590000000000360e-01 -3.663919999999999955e-01 -1.794999999999999938e-03
2.100000000000000000e+01 6.900000000000000000e+01 6.600000000000000000e+01 0.000000000000000000e+00 1.600000000000000089e+00 -1.330000000000000019e-03 -9.859999999999998974e-04 9.999989999999999712e-01 -9.502059999999999951e-01 3.116209999999999813e-01 -9.569999999999999514e-04 -3.116200000000000081e-01 -9.502059999999999951e-01 -1.351999999999999903e-03
5.000000000000000000e+00 2.500000000000000000e+01 7.300000000000000000e+01 0.000000000000000000e+00 1.600000000000000089e+00 1.252000000000000075e-03 1.997000000000000077e-03 9.999970000000000248e-01 7.569029999999999925e-01 -6.535269999999999690e-01 3.579999999999999741e-04 6.535260000000000513e-01 7.569000000000000172e-01 -2.330000000000000040e-03
1.000000000000000000e+01 2.500000000000000000e+01 7.300000000000000000e+01 0.000000000000000000e+00 1.600000000000000089e+00 -1.570999999999999914e-03 -3.250999999999999984e-03 9.999940000000000495e-01 7.560700000000000198e-01 -6.544900000000000162e-01 -9.399999999999999719e-04 6.544889999999999874e-01 7.560639999999999583e-01 3.485999999999999949e-03
1.600000000000000000e+01 2.500000000000000000e+01 7.300000000000000000e+01 0.000000000000000000e+00 1.600000000000000089e+00 1.299999999999999886e-04 8.440000000000000236e-04 1.000000000000000000e+00 7.540540000000000020e-01 -6.568119999999999514e-01 4.560000000000000251e-04 6.568129999999999802e-01 7.540529999999999733e-01 -7.209999999999999612e-04
2.400000000000000000e+01 2.500000000000000000e+01 7.300000000000000000e+01 0.000000000000000000e+00 1.600000000000000089e+00 9.460000000000000093e-04 -1.216999999999999983e-03 9.999989999999999712e-01 7.533239999999999936e-01 -6.576480000000000103e-01 -1.513000000000000022e-03 6.576490000000000391e-01 7.533239999999999936e-01 2.939999999999999905e-04
7.000000000000000000e+00 4.400000000000000000e+01 7.300000000000000000e+01 0.000000000000000000e+00 1.600000000000000089e+00 -1.740000000000000010e-04 -2.343000000000000031e-03 9.999970000000000248e-01 4.853400000000000075e-02 -9.988190000000000124e-01 -2.331999999999999872e-03 9.988209999999999589e-01 4.853400000000000075e-02 2.869999999999999830e-04
1.300000000000000000e+01 4.400000000000000000e+01 7.300000000000000000e+01 0.000000000000000000e+00 1.600000000000000089e+00 5.339999999999999695e-04 2.122000000000000188e-03 9.999980000000000535e-01 5.017400000000000332e-02 -9.987380000000000146e-01 2.092000000000000109e-03 9.987399999999999611e-01 5.017300000000000232e-02 -6.390000000000000280e-04
1.700000000000000000e+01 4.400000000000000000e+01 7.300000000000000000e+01 0.000000000000000000e+00 1.600000000000000089e+00 3.820000000000000153e-04 -1.815999999999999906e-03 9.999980000000000535e-01 5.139200000000000018e-02 -9.986770000000000369e-01 -1.832999999999999994e-03 9.986789999999999834e-01 5.139300000000000118e-02 -2.880000000000000073e-04
2.400000000000000000e+01 4.400000000000000000e+01 7.300000000000000000e+01 0.000000000000000000e+00 1.600000000000000089e+00 -2.159999999999999919e-04 -1.874999999999999931e-03 9.999980000000000535e-01 5.257499999999999674e-02 -9.986150000000000304e-01 -1.861000000000000024e-03 9.986169999999999769e-01 5.257400000000000267e-02 3.150000000000000131e-04
2.800000000000000000e+01 5.100000000000000000e+01 7.600000000000000000e+01 0.000000000000000000e+00 1.600000000000000089e+00 7.749999999999999728e-04 1.255000000000000039e-03 -9.999989999999999712e-01 -4.064539999999999820e-01 -9.136699999999999822e-01 -1.461999999999999975e-03 -9.136710000000000109e-01 4.064550000000000107e-01 -1.969999999999999909e-04
3.000000000000000000e+00 9.100000000000000000e+01 7.600000000000000000e+01 0.000000000000000000e+00 1.600000000000000089e+00 1.368000000000000075e-03 1.949999999999999965e-04 9.999989999999999712e-01 3.183429999999999871e-01 -9.479760000000000408e-01 -2.500000000000000052e-04 9.479750000000000121e-01 3.183429999999999871e-01 -1.358999999999999965e-03
1.200000000000000000e+01 9.100000000000000000e+01 7.600000000000000000e+01 0.000000000000000000e+00 1.600000000000000089e+00 -2.023000000000000059e-03 -7.140000000000000079e-04 9.999980000000000535e-01 3.182840000000000114e-01 -9.479950000000000321e-01 -3.300000000000000253e-05 9.479929999999999746e-01 3.182829999999999826e-01 2.145000000000000205e-03
2.200000000000000000e+01 9.100000000000000000e+01 7.600000000000000000e+01 0.000000000000000000e+00 1.600000000000000089e+00 -1.484999999999999992e-03 2.400000000000000061e-05 9.999989999999999712e-01 3.037059999999999760e-01 -9.527660000000000018e-01 4.739999999999999747e-04 9.527649999999999730e-01 3.037070000000000047e-01 1.407000000000000048e-03
2.900000000000000000e+01 9.100000000000000000e+01 7.600000000000000000e+01 0.000000000000000000e+00 1.600000000000000089e+00 2.959999999999999849e-04 5.240000000000000517e-04 1.000000000000000000e+00 3.210500000000000020e-01 -9.470619999999999594e-01 4.009999999999999893e-04 9.470619999999999594e-01 3.210489999999999733e-01 -4.490000000000000176e-04
4.000000000000000000e+00 4.400000000000000000e+01 8.300000000000000000e+01 0.000000000000000000e+00 1.600000000000000089e+00 8.779999999999999827e-04 -6.099999999999999737e-04 9.999989999999999712e-01 5.866860000000000408e-01 -8.098140000000000338e-01 -1.008999999999999914e-03 8.098140000000000338e-01 5.866869999999999585e-01 -3.530000000000000152e-04
8.000000000000000000e+00 4.400000000000000000e+01 8.300000000000000000e+01 0.000000000000000000e+00 1.600000000000000089e+00 6.499999999999999702e-04 -7.596999999999999587e-03 9.999710000000000543e-01 5.884319999999999551e-01 -8.085210000000000452e-01 -6.525000000000000418e-03 8.085470000000000157e-01 5.884190000000000254e-01 3.944999999999999722e-03
