6.000000000000000000e+00 2.500000000000000000e+01 1.000000000000000000e+00 0.000000000000000000e+00 1.600000000000000089e+00 -2.230999999999999910e-03 -5.340000000000000129e-03 -9.999829999999999552e-01 -5.204790000000000250e-01 -8.538550000000000306e-01 5.720000000000000258e-03 -8.538719999999999644e-01 5.204830000000000290e-01 -8.739999999999999939e-04
1.800000000000000000e+01 2.500000000000000000e+01 1.000000000000000000e+00 0.000000000000000000e+00 1.600000000000000089e+00 7.853000000000000605e-03 2.243900000000000061e-02 -9.997169999999999668e-01 -5.168340000000000156e-01 -8.557690000000000019e-01 -2.326800000000000049e-02 -8.560499999999999776e-01 5.168709999999999694e-01 4.877000000000000259e-03
1.400000000000000000e+01 1.700000000000000000e+01 3.000000000000000000e+00 0.000000000000000000e+00 1.600000000000000089e+00 2.466499999999999942e-02 2.242399999999999949e-02 -9.994439999999999991e-01 -7.069079999999999808e-01 -7.065209999999999546e-01 -3.329800000000000121e-02 -7.068750000000000311e-01 7.073369999999999935e-01 -1.574000000000000095e-03
2.800000000000000000e+01 1.800000000000000000e+01 3.000000000000000000e+00 0.000000000000000000e+00 1.600000000000000089e+00 8.184999999999999568e-03 8.307000000000000148e-03 -9.999320000000000430e-01 -7.744849999999999790e-01 -6.324870000000000214e-01 -1.159400000000000014e-02 -6.325399999999999912e-01 7.745269999999999655e-01 1.257000000000000088e-03
1.200000000000000000e+01 4.200000000000000000e+01 3.000000000000000000e+00 0.000000000000000000e+00 1.600000000000000089e+00 -5.518009999999999859e-01 -5.978869999999999463e-01 5.814179999999999904e-01 -7.233629999999999782e-01 6.900810000000000555e-01 2.311200000000000060e-02 -4.150440000000000240e-01 -4.078229999999999911e-01 -8.132770000000000277e-01
7.000000000000000000e+00 1.900000000000000000e+01 5.000000000000000000e+00 0.000000000000000000e+00 1.600000000000000089e+00 -1.505000000000000044e-03 -3.674999999999999881e-03 -9.999919999999999920e-01 -7.025770000000000071e-01 -7.115979999999999528e-01 3.673000000000000050e-03 -7.116059999999999608e-01 7.025770000000000071e-01 -1.510999999999999973e-03
1.000000000000000000e+00 1.010000000000000000e+02 7.000000000000000000e+00 0.000000000000000000e+00 1.600000000000000089e+00 4.939999999999999730e-04 -2.161499999999999880e-02 9.997660000000000435e-01 8.847260000000000124e-01 4.660119999999999818e-01 9.638000000000000733e-03 -4.661120000000000263e-01 8.845140000000000224e-01 1.935399999999999968e-02
5.000000000000000000e+00 1.010000000000000000e+02 7.000000000000000000e+00 0.000000000000000000e+00 1.600000000000000089e+00 3.491999999999999878e-03 -1.252900000000000021e-02 9.999149999999999983e-01 8.859979999999999523e-01 4.636799999999999811e-01 2.716000000000000098e-03 -4.636750000000000038e-01 8.859139999999999793e-01 1.272000000000000040e-02
6.000000000000000000e+00 2.500000000000000000e+01 8.000000000000000000e+00 0.000000000000000000e+00 1.600000000000000089e+00 1.242000000000000048e-03 4.187999999999999882e-03 -9.999900000000000455e-01 4.392710000000000226e-01 8.983440000000000314e-01 4.308000000000000197e-03 8.983539999999999859e-01 -4.392719999999999958e-01 -7.240000000000000342e-04
1.000000000000000000e+01 2.500000000000000000e+01 8.000000000000000000e+00 0.000000000000000000e+00 1.600000000000000089e+00 2.220000000000000185e-03 3.772999999999999878e-03 -9.999900000000000455e-01 4.390720000000000178e-01 8.984410000000000451e-01 4.363999999999999824e-03 8.984490000000000531e-01 -4.390780000000000238e-01 3.379999999999999758e-04
1.600000000000000000e+01 2.500000000000000000e+01 8.000000000000000000e+00 0.000000000000000000e+00 1.600000000000000089e+00 -1.397999999999999937e-03 4.734999999999999626e-03 -9.999879999999999880e-01 4.381349999999999967e-01 8.989019999999999788e-01 3.644000000000000104e-03 8.989080000000000403e-01 -4.381240000000000134e-01 -3.331000000000000193e-03
2.000000000000000000e+01 2.500000000000000000e+01 8.000000000000000000e+00 0.000000000000000000e+00 1.600000000000000089e+00 -5.785000000000000211e-03 1.375099999999999933e-02 -9.998890000000000278e-01 4.390780000000000238e-01 8.983950000000000546e-01 9.815000000000000807e-03 8.984299999999999509e-01 -4.389719999999999733e-01 -1.123500000000000019e-02
2.500000000000000000e+01 2.500000000000000000e+01 8.000000000000000000e+00 0.000000000000000000e+00 1.600000000000000089e+00 3.867999999999999911e-03 -2.000199999999999895e-02 -9.997930000000000428e-01 4.415310000000000068e-01 8.970989999999999798e-01 -1.624000000000000096e-02 8.972379999999999800e-01 -4.413759999999999906e-01 1.230099999999999943e-02
3.000000000000000000e+01 2.500000000000000000e+01 8.000000000000000000e+00 0.000000000000000000e+00 1.600000000000000089e+00 7.899999999999999579e-05 -1.729699999999999988e-02 -9.998500000000000165e-01 4.399179999999999757e-01 8.979040000000000354e-01 -1.549900000000000062e-02 8.980380000000000029e-01 -4.398509999999999920e-01 7.680000000000000195e-03
2.000000000000000000e+00 2.400000000000000000e+01 9.000000000000000000e+00 0.000000000000000000e+00 1.600000000000000089e+00 -5.029999999999999749e-04 3.818000000000000213e-03 -9.999930000000000208e-01 4.441289999999999960e-01 8.959570000000000034e-01 3.197000000000000189e-03 8.959629999999999539e-01 -4.441240000000000188e-01 -2.145999999999999904e-03
7.000000000000000000e+00 2.400000000000000000e+01 9.000000000000000000e+00 0.000000000000000000e+00 1.600000000000000089e+00 1.206000000000000041e-03 5.302000000000000289e-03 -9.999850000000000128e-01 4.458019999999999761e-01 8.951160000000000228e-01 5.283999999999999635e-03 8.951310000000000100e-01 -4.458010000000000028e-01 -1.283999999999999985e-03
1.100000000000000000e+01 2.400000000000000000e+01 9.000000000000000000e+00 0.000000000000000000e+00 1.600000000000000089e+00 1.994999999999999812e-03 6.037999999999999964e-03 -9.999799999999999800e-01 4.452249999999999819e-01 8.953959999999999697e-01 6.295000000000000248e-03 8.954159999999999897e-01 -4.452289999999999859e-01 -9.020000000000000240e-04
1.600000000000000000e+01 2.400000000000000000e+01 9.000000000000000000e+00 0.000000000000000000e+00 1.600000000000000089e+00 -7.230000000000000098e-04 3.788000000000000134e-03 -9.999930000000000208e-01 4.452610000000000179e-01 8.953959999999999697e-01 3.069999999999999812e-03 8.954010000000000025e-01 -4.452559999999999851e-01 -2.334000000000000137e-03
2.000000000000000000e+01 2.400000000000000000e+01 9.000000000000000000e+00 0.000000000000000000e+00 1.600000000000000089e+00 -3.338999999999999954e-03 3.595999999999999804e-03 -9.999879999999999880e-01 4.446160000000000112e-01 8.957199999999999607e-01 1.737000000000000046e-03 8.957150000000000389e-01 -4.446049999999999724e-01 -4.590000000000000330e-03
2.400000000000000000e+01 2.400000000000000000e+01 9.000000000000000000e+00 0.000000000000000000e+00 1.600000000000000089e+00 1.180000000000000059e-03 -4.817000000000000101e-03 -9.999879999999999880e-01 4.448320000000000052e-01 8.956060000000000132e-01 -3.789999999999999966e-03 8.956129999999999924e-01 -4.448219999999999952e-01 3.199000000000000021e-03
4.000000000000000000e+00 8.000000000000000000e+00 1.000000000000000000e+01 0.000000000000000000e+00 1.600000000000000089e+00 6.178600000000000064e-02 2.422300000000000147e-02 -9.977949999999999875e-01 -9.887460000000000138e-01 -1.349849999999999939e-01 -6.450300000000000478e-02 -1.362500000000000100e-01 9.905519999999999881e-01 1.561000000000000061e-02
9.000000000000000000e+00 8.000000000000000000e+00 1.000000000000000000e+01 0.000000000000000000e+00 1.600000000000000089e+00 6.300999999999999657e-02 9.737000000000000863e-03 -9.979649999999999910e-01 -9.970980000000000398e-01 -4.219200000000000034e-02 -6.336700000000000665e-02 -4.272299999999999709e-02 9.990620000000000056e-01 7.049999999999999843e-03
1.500000000000000000e+01 4.900000000000000000e+01 1.000000000000000000e+01 0.000000000000000000e+00 1.600000000000000089e+00 8.165599999999999525e-01 -2.567519999999999802e-01 5.170179999999999776e-01 -4.229060000000000041e-01 -8.756920000000000259e-01 2.330530000000000102e-01 3.929119999999999835e-01 -4.089519999999999822e-01 -8.236369999999999525e-01
1.000000000000000000e+01 4.000000000000000000e+00 1.100000000000000000e+01 0.000000000000000000e+00 1.600000000000000089e+00 -2.663000000000000003e-03 5.859099999999999725e-02 9.982779999999999987e-01 1.735210000000000086e-01 -9.831109999999999571e-01 5.816400000000000042e-02 9.848270000000000080e-01 1.733770000000000033e-01 -7.549000000000000155e-03
1.400000000000000000e+01 4.000000000000000000e+00 1.100000000000000000e+01 0.000000000000000000e+00 1.600000000000000089e+00 -6.790000000000000245e-04 6.322500000000000342e-02 9.979989999999999695e-01 1.646420000000000106e-01 -9.843730000000000535e-01 6.247300000000000075e-02 9.863530000000000353e-01 1.643550000000000011e-01 -9.740999999999999659e-03
1.900000000000000000e+01 3.200000000000000000e+01 1.300000000000000000e+01 0.000000000000000000e+00 1.600000000000000089e+00 1.803700000000000095e-02 1.129359999999999947e-01 9.934380000000000432e-01 6.099999999999999737e-04 9.935990000000000100e-01 -1.129649999999999960e-01 -9.998369999999999758e-01 2.644000000000000083e-03 1.785300000000000081e-02
1.300000000000000000e+01 4.800000000000000000e+01 1.300000000000000000e+01 0.000000000000000000e+00 1.600000000000000089e+00 8.632410000000000361e-01 -1.230910000000000060e-01 4.895539999999999892e-01 -2.380929999999999991e-01 -9.544449999999999878e-01 1.798530000000000129e-01 4.451140000000000096e-01 -2.718149999999999733e-01 -8.532229999999999537e-01
9.000000000000000000e+00 3.200000000000000000e+01 1.400000000000000000e+01 0.000000000000000000e+00 1.600000000000000089e+00 -1.690000000000000096e-03 7.607000000000000046e-03 -9.999700000000000255e-01 1.156819999999999932e-01 9.932590000000000030e-01 7.361000000000000355e-03 9.932849999999999735e-01 -1.156660000000000049e-01 -2.559000000000000077e-03
1.200000000000000000e+01 4.800000000000000000e+01 1.500000000000000000e+01 0.000000000000000000e+00 1.600000000000000089e+00 8.488019999999999454e-01 -2.177439999999999931e-01 4.817899999999999960e-01 -3.224029999999999951e-01 -9.353920000000000012e-01 1.452489999999999892e-01 4.190360000000000196e-01 -2.786190000000000055e-01 -8.641649999999999610e-01
1.600000000000000000e+01 1.200000000000000000e+01 1.600000000000000000e+01 0.000000000000000000e+00 1.600000000000000089e+00 -1.022799999999999924e-02 7.122699999999999865e-02 9.974079999999999613e-01 2.356520000000000004e-01 -9.691940000000000000e-01 7.162899999999999823e-02 9.717839999999999812e-01 2.357740000000000113e-01 -6.871999999999999637e-03
2.200000000000000000e+01 1.300000000000000000e+01 1.600000000000000000e+01 0.000000000000000000e+00 1.600000000000000089e+00 -3.252999999999999815e-03 7.282399999999999984e-02 9.973389999999999755e-01 1.560529999999999973e-01 -9.850889999999999924e-01 7.243800000000000239e-02 9.877430000000000376e-01 1.558740000000000125e-01 -8.160000000000000586e-03
2.700000000000000000e+01 1.300000000000000000e+01 1.600000000000000000e+01 0.000000000000000000e+00 1.600000000000000089e+00 1.144000000000000052e-03 5.311599999999999655e-02 9.985880000000000312e-01 1.215279999999999971e-01 -9.911940000000000195e-01 5.258299999999999780e-02 9.925869999999999971e-01 1.212960000000000010e-01 -7.590000000000000392e-03
1.800000000000000000e+01 4.800000000000000000e+01 1.600000000000000000e+01 0.000000000000000000e+00 1.600000000000000089e+00 -4.244330000000000047e-01 -7.804809999999999803e-01 -4.590279999999999916e-01 9.054069999999999618e-01 -3.712909999999999822e-01 -2.058669999999999944e-01 -9.757999999999999313e-03 -5.029839999999999867e-01 8.642410000000000370e-01
1.200000000000000000e+01 1.160000000000000000e+02 1.600000000000000000e+01 0.000000000000000000e+00 1.600000000000000089e+00 -2.413000000000000214e-03 1.085999999999999943e-03 9.999970000000000248e-01 8.290939999999999976e-01 5.591070000000000206e-01 1.394000000000000057e-03 -5.591030000000000166e-01 8.290950000000000264e-01 -2.249999999999999830e-03
1.200000000000000000e+01 3.500000000000000000e+01 1.700000000000000000e+01 0.000000000000000000e+00 1.600000000000000089e+00 -3.371770000000000045e-01 -1.870360000000000078e-01 -9.226750000000000229e-01 -8.598989999999999689e-01 -3.377950000000000119e-01 3.827119999999999966e-01 -3.832559999999999856e-01 9.224489999999999634e-01 -4.693499999999999756e-02
1.000000000000000000e+01 3.600000000000000000e+01 1.800000000000000000e+01 0.000000000000000000e+00 1.600000000000000089e+00 -4.486669999999999825e-01 2.647199999999999900e-02 -8.933069999999999622e-01 -8.836669999999999803e-01 -1.624839999999999895e-01 4.390109999999999846e-01 -1.335270000000000068e-01 9.863560000000000105e-01 9.629400000000000459e-02
2.100000000000000000e+01 2.000000000000000000e+00 1.900000000000000000e+01 0.000000000000000000e+00 1.600000000000000089e+00 -9.438999999999999474e-03 3.899099999999999788e-02 -9.991950000000000554e-01 3.151590000000000225e-01 -9.481960000000000388e-01 -3.997799999999999965e-02 -9.489919999999999467e-01 -3.152829999999999799e-01 -3.338999999999999954e-03
3.000000000000000000e+00 3.000000000000000000e+00 1.900000000000000000e+01 0.000000000000000000e+00 1.600000000000000089e+00 -7.919000000000000691e-03 3.410099999999999937e-02 -9.993870000000000253e-01 3.258030000000000093e-01 -9.447959999999999692e-01 -3.481999999999999679e-02 -9.454050000000000509e-01 -3.258789999999999742e-01 -3.628000000000000148e-03
1.000000000000000000e+01 3.000000000000000000e+00 1.900000000000000000e+01 0.000000000000000000e+00 1.600000000000000089e+00 -9.065000000000000141e-03 4.166899999999999771e-02 -9.990900000000000336e-01 3.347539999999999960e-01 -9.413559999999999706e-01 -4.229800000000000226e-02 -9.422620000000000440e-01 -3.348329999999999917e-01 -5.414999999999999675e-03
1.700000000000000000e+01 3.000000000000000000e+00 1.900000000000000000e+01 0.000000000000000000e+00 1.600000000000000089e+00 -1.195500000000000035e-02 4.592000000000000248e-02 -9.988740000000000396e-01 3.322330000000000005e-01 -9.420110000000000428e-01 -4.728299999999999864e-02 -9.431220000000000159e-01 -3.324239999999999973e-01 -3.994000000000000154e-03
2.000000000000000000e+01 3.000000000000000000e+00 1.900000000000000000e+01 0.000000000000000000e+00 1.600000000000000089e+00 -1.045699999999999928e-02 3.953500000000000070e-02 -9.991630000000000233e-01 3.281470000000000220e-01 -9.437459999999999738e-01 -4.077599999999999975e-02 -9.445689999999999920e-01 -3.282990000000000075e-01 -3.105000000000000121e-03
2.500000000000000000e+01 3.000000000000000000e+00 1.900000000000000000e+01 0.000000000000000000e+00 1.600000000000000089e+00 -7.544000000000000358e-03 2.446999999999999870e-02 -9.996720000000000050e-01 3.200109999999999899e-01 -9.470680000000000209e-01 -2.559700000000000170e-02 -9.473840000000000039e-01 -3.200999999999999956e-01 -6.859999999999999779e-04
2.800000000000000000e+01 3.000000000000000000e+00 1.900000000000000000e+01 0.000000000000000000e+00 1.600000000000000089e+00 -4.094999999999999682e-03 2.191900000000000098e-02 -9.997509999999999453e-01 3.140629999999999811e-01 -9.491450000000000164e-01 -2.209600000000000106e-02 -9.493939999999999602e-01 -3.140749999999999931e-01 -2.997999999999999797e-03
6.000000000000000000e+00 4.000000000000000000e+00 2.000000000000000000e+01 0.000000000000000000e+00 1.600000000000000089e+00 -4.279999999999999950e-03 3.105000000000000121e-02 -9.995089999999999808e-01 3.643480000000000052e-01 -9.307640000000000358e-01 -3.047400000000000109e-02 -9.312529999999999974e-01 -3.643000000000000127e-01 -7.329999999999999710e-03
1.100000000000000000e+01 4.000000000000000000e+00 2.000000000000000000e+01 0.000000000000000000e+00 1.600000000000000089e+00 -5.963000000000000418e-03 3.752400000000000180e-02 -9.992779999999999996e-01 3.869139999999999802e-01 -9.213770000000000016e-01 -3.690700000000000230e-02 -9.220960000000000267e-01 -3.868550000000000044e-01 -9.024000000000000771e-03
1.400000000000000000e+01 4.000000000000000000e+00 2.000000000000000000e+01 0.000000000000000000e+00 1.600000000000000089e+00 -8.295999999999999555e-03 3.952900000000000164e-02 -9.991839999999999611e-01 3.981810000000000072e-01 -9.164529999999999621e-01 -3.956199999999999994e-02 -9.172690000000000010e-01 -3.981839999999999824e-01 -8.137000000000000136e-03
1.700000000000000000e+01 4.000000000000000000e+00 2.000000000000000000e+01 0.000000000000000000e+00 1.600000000000000089e+00 -9.088999999999999857e-03 4.287699999999999845e-02 -9.990390000000000104e-01 4.091549999999999909e-01 -9.114579999999999904e-01 -4.284000000000000308e-02 -9.124189999999999801e-01 -4.091520000000000157e-01 -9.258999999999999869e-03
2.600000000000000000e+01 4.000000000000000000e+00 2.000000000000000000e+01 0.000000000000000000e+00 1.600000000000000089e+00 -6.307000000000000106e-03 2.237000000000000099e-02 -9.997300000000000075e-01 4.244299999999999740e-01 -9.051709999999999479e-01 -2.293200000000000099e-02 -9.054389999999999938e-01 -4.244589999999999752e-01 -3.785999999999999869e-03
2.800000000000000000e+01 4.000000000000000000e+00 2.000000000000000000e+01 0.000000000000000000e+00 1.600000000000000089e+00 -5.121999999999999817e-03 2.110000000000000070e-02 -9.997639999999999860e-01 4.240900000000000225e-01 -9.053700000000000081e-01 -2.128000000000000030e-02 -9.056049999999999933e-01 -4.240990000000000038e-01 -4.310999999999999728e-03
2.000000000000000000e+00 1.300000000000000000e+01 2.000000000000000000e+01 0.000000000000000000e+00 1.600000000000000089e+00 -1.497000000000000067e-03 -3.193999999999999791e-03 9.999940000000000495e-01 2.596120000000000094e-01 9.657069999999999821e-01 3.472999999999999959e-03 -9.657120000000000148e-01 2.596160000000000134e-01 -6.160000000000000111e-04
8.000000000000000000e+00 1.300000000000000000e+01 2.000000000000000000e+01 0.000000000000000000e+00 1.600000000000000089e+00 4.510000000000000120e-04 -3.220000000000000206e-04 1.000000000000000000e+00 2.613960000000000172e-01 9.652319999999999789e-01 1.930000000000000021e-04 -9.652319999999999789e-01 2.613960000000000172e-01 5.199999999999999544e-04
1.400000000000000000e+01 1.300000000000000000e+01 2.000000000000000000e+01 0.000000000000000000e+00 1.600000000000000089e+00 1.499999999999999869e-04 -3.229000000000000099e-03 9.999949999999999672e-01 2.670310000000000183e-01 9.636829999999999563e-01 3.070999999999999945e-03 -9.636879999999999891e-01 2.670290000000000163e-01 1.007000000000000083e-03
2.000000000000000000e+01 1.300000000000000000e+01 2.000000000000000000e+01 0.000000000000000000e+00 1.600000000000000089e+00 -2.431000000000000001e-03 -3.860000000000000150e-03 9.999900000000000455e-01 2.827850000000000086e-01 9.591730000000000533e-01 4.389999999999999805e-03 -9.591800000000000326e-01 2.827930000000000166e-01 -1.240999999999999916e-03
2.400000000000000000e+01 1.300000000000000000e+01 2.000000000000000000e+01 0.000000000000000000e+00 1.600000000000000089e+00 -1.681999999999999901e-03 -4.354000000000000231e-03 9.999890000000000168e-01 2.952460000000000084e-01 9.554099999999999815e-01 4.656000000000000416e-03 -9.554200000000000470e-01 2.952509999999999857e-01 -3.220000000000000206e-04
2.800000000000000000e+01 1.300000000000000000e+01 2.000000000000000000e+01 0.000000000000000000e+00 1.600000000000000089e+00 -1.848999999999999949e-03 2.748000000000000009e-03 9.999949999999999672e-01 3.032099999999999795e-01 9.529220000000000468e-01 -2.057999999999999934e-03 -9.529220000000000468e-01 3.032050000000000023e-01 -2.595000000000000084e-03
1.100000000000000000e+01 3.900000000000000000e+01 2.300000000000000000e+01 0.000000000000000000e+00 1.600000000000000089e+00 -4.626549999999999829e-01 -8.102949999999999875e-01 3.596829999999999750e-01 -8.286010000000000320e-01 5.394940000000000291e-01 1.495539999999999925e-01 -3.152300000000000102e-01 -2.288419999999999899e-01 -9.210110000000000241e-01
2.200000000000000000e+01 4.200000000000000000e+01 2.300000000000000000e+01 0.000000000000000000e+00 1.600000000000000089e+00 -9.786859999999999449e-01 -1.834129999999999927e-01 9.237199999999999578e-02 -1.508279999999999899e-01 9.472439999999999749e-01 2.828060000000000018e-01 -1.393699999999999939e-01 2.628460000000000241e-01 -9.547189999999999843e-01
4.000000000000000000e+00 2.000000000000000000e+00 2.500000000000000000e+01 0.000000000000000000e+00 1.600000000000000089e+00 -1.118899999999999929e-02 2.396799999999999972e-02 9.996500000000000385e-01 9.101700000000000068e-02 -9.955380000000000340e-01 2.488800000000000040e-02 9.957859999999999490e-01 9.126399999999999790e-02 8.958000000000000684e-03
7.000000000000000000e+00 3.000000000000000000e+00 2.500000000000000000e+01 0.000000000000000000e+00 1.600000000000000089e+00 -9.116000000000000839e-03 2.845699999999999966e-02 9.995530000000000248e-01 2.729600000000000082e-02 -9.992149999999999643e-01 2.869599999999999929e-02 9.995859999999999745e-01 2.754500000000000004e-02 8.332000000000000864e-03
1.300000000000000000e+01 3.000000000000000000e+00 2.500000000000000000e+01 0.000000000000000000e+00 1.600000000000000089e+00 -1.161399999999999932e-02 3.404999999999999694e-02 9.993530000000000468e-01 3.290900000000000075e-02 -9.988660000000000316e-01 3.441500000000000115e-02 9.993910000000000293e-01 3.328799999999999815e-02 1.047999999999999973e-02
1.600000000000000000e+01 3.000000000000000000e+00 2.500000000000000000e+01 0.000000000000000000e+00 1.600000000000000089e+00 -8.959999999999999215e-03 3.976199999999999873e-02 9.991689999999999738e-01 2.266699999999999965e-02 -9.989440000000000541e-01 3.995599999999999846e-02 9.997030000000000083e-01 2.300699999999999967e-02 8.049999999999999864e-03
2.400000000000000000e+01 3.000000000000000000e+00 2.500000000000000000e+01 0.000000000000000000e+00 1.600000000000000089e+00 -6.197000000000000251e-03 2.617999999999999841e-02 9.996380000000000265e-01 -1.202199999999999970e-02 -9.995870000000000033e-01 2.610399999999999873e-02 9.999090000000000478e-01 -1.185600000000000022e-02 6.509000000000000029e-03
1.000000000000000000e+01 3.800000000000000000e+01 2.900000000000000000e+01 0.000000000000000000e+00 1.600000000000000089e+00 3.407060000000000088e-01 3.124770000000000048e-01 -8.867230000000000389e-01 8.636810000000000320e-01 2.686009999999999787e-01 4.265070000000000250e-01 3.714480000000000004e-01 -9.111599999999999699e-01 -1.783669999999999978e-01
3.000000000000000000e+01 2.600000000000000000e+01 3.100000000000000000e+01 0.000000000000000000e+00 1.600000000000000089e+00 -1.325000000000000006e-03 2.574699999999999905e-02 9.996680000000000010e-01 2.686259999999999759e-01 9.629339999999999566e-01 -2.444500000000000145e-02 -9.632439999999999891e-01 2.685040000000000204e-01 -8.191999999999999629e-03
6.000000000000000000e+00 4.400000000000000000e+01 3.100000000000000000e+01 0.000000000000000000e+00 1.600000000000000089e+00 9.105910000000000393e-01 -2.030790000000000095e-01 -3.599769999999999914e-01 2.211160000000000070e-01 9.752039999999999598e-01 9.175000000000000863e-03 3.491879999999999984e-01 -8.795200000000000240e-02 9.329159999999999675e-01
2.000000000000000000e+00 5.800000000000000000e+01 3.100000000000000000e+01 0.000000000000000000e+00 1.600000000000000089e+00 2.539999999999999940e-04 -9.076999999999999999e-03 9.999590000000000423e-01 -8.050190000000000401e-01 -5.932269999999999488e-01 -5.179999999999999709e-03 5.932490000000000263e-01 -8.049840000000000328e-01 -7.458000000000000219e-03
8.000000000000000000e+00 5.800000000000000000e+01 3.100000000000000000e+01 0.000000000000000000e+00 1.600000000000000089e+00 1.038999999999999993e-03 -1.593400000000000025e-02 9.998730000000000118e-01 -7.979309999999999459e-01 -6.026850000000000263e-01 -8.774999999999999814e-03 6.027479999999999505e-01 -7.978199999999999736e-01 -1.334100000000000043e-02
1.300000000000000000e+01 5.800000000000000000e+01 3.100000000000000000e+01 0.000000000000000000e+00 1.600000000000000089e+00 1.495999999999999934e-03 1.765800000000000008e-02 9.998430000000000373e-01 -7.915520000000000334e-01 -6.109839999999999716e-01 1.197499999999999953e-02 6.110999999999999766e-01 -7.914459999999999829e-01 1.306299999999999996e-02
2.600000000000000000e+01 5.800000000000000000e+01 3.100000000000000000e+01 0.000000000000000000e+00 1.600000000000000089e+00 7.445000000000000229e-03 9.289000000000000382e-03 9.999289999999999567e-01 -7.956010000000000026e-01 -6.057099999999999707e-01 1.154999999999999950e-02 6.057749999999999524e-01 -7.956309999999999771e-01 2.880999999999999880e-03
2.700000000000000000e+01 2.300000000000000000e+01 3.400000000000000000e+01 0.000000000000000000e+00 1.600000000000000089e+00 1.209000000000000005e-03 1.023400000000000004e-02 9.999470000000000303e-01 3.984079999999999844e-01 -9.171650000000000080e-01 8.904999999999999721e-03 9.172080000000000233e-01 3.983760000000000079e-01 -5.185999999999999638e-03
8.000000000000000000e+00 3.800000000000000000e+01 3.400000000000000000e+01 0.000000000000000000e+00 1.600000000000000089e+00 4.848359999999999892e-01 -8.530680000000000485e-01 -1.928960000000000119e-01 8.547369999999999690e-01 5.088970000000000438e-01 -1.022150000000000003e-01 1.853609999999999980e-01 -1.153180000000000038e-01 9.758809999999999985e-01
1.200000000000000000e+01 2.900000000000000000e+01 3.600000000000000000e+01 0.000000000000000000e+00 1.600000000000000089e+00 5.163410000000000499e-01 5.296520000000000117e-01 -6.729490000000000194e-01 7.841580000000000217e-01 2.344100000000000003e-02 6.201189999999999758e-01 3.442219999999999724e-01 -8.478909999999999503e-01 -4.032270000000000021e-01
1.000000000000000000e+01 3.000000000000000000e+01 3.600000000000000000e+01 0.000000000000000000e+00 1.600000000000000089e+00 3.514050000000000229e-01 4.430890000000000106e-01 -8.247339999999999671e-01 8.187470000000000026e-01 2.817919999999999869e-01 5.002469999999999972e-01 4.540569999999999884e-01 -8.510379999999999612e-01 -2.637550000000000172e-01
1.900000000000000000e+01 5.000000000000000000e+01 3.600000000000000000e+01 0.000000000000000000e+00 1.600000000000000089e+00 -9.993999999999999412e-03 -1.760539999999999883e-01 -9.843300000000000383e-01 1.764459999999999917e-01 -9.692429999999999657e-01 1.715649999999999953e-01 -9.842600000000000238e-01 -1.719670000000000087e-01 4.075100000000000250e-02
2.700000000000000000e+01 9.500000000000000000e+01 3.600000000000000000e+01 0.000000000000000000e+00 1.600000000000000089e+00 -4.252999999999999836e-03 -4.637999999999999762e-02 9.989149999999999974e-01 9.984459999999999447e-01 5.530399999999999899e-02 6.819000000000000408e-03 -5.555999999999999828e-02 9.973919999999999453e-01 4.607200000000000184e-02
2.200000000000000000e+01 3.100000000000000000e+01 3.700000000000000000e+01 0.000000000000000000e+00 1.600000000000000089e+00 1.763299999999999867e-01 -9.746749999999999581e-01 -1.375349999999999906e-01 6.615760000000000529e-01 2.208100000000000063e-01 -7.166310000000000180e-01 7.288520000000000554e-01 3.537400000000000266e-02 6.837569999999999482e-01
2.800000000000000000e+01 9.500000000000000000e+01 3.700000000000000000e+01 0.000000000000000000e+00 1.600000000000000089e+00 -2.299999999999999961e-03 -2.671199999999999963e-02 9.996399999999999730e-01 9.973499999999999588e-01 7.263300000000000312e-02 4.235000000000000049e-03 -7.272000000000000686e-02 9.970010000000000261e-01 2.647400000000000100e-02
1.600000000000000000e+01 5.000000000000000000e+01 3.800000000000000000e+01 0.000000000000000000e+00 1.600000000000000089e+00 -1.906000000000000055e-02 -3.334849999999999759e-01 9.425630000000000397e-01 -3.292450000000000099e-01 -8.880580000000000140e-01 -3.208590000000000053e-01 9.440520000000000023e-01 -3.164500000000000091e-01 -9.287099999999999522e-02
1.200000000000000000e+01 2.000000000000000000e+01 3.900000000000000000e+01 0.000000000000000000e+00 1.600000000000000089e+00 9.088000000000000592e-03 -1.462399999999999985e-02 9.998519999999999630e-01 -4.799269999999999925e-01 8.771400000000000308e-01 1.719100000000000142e-02 -8.772609999999999575e-01 -4.800119999999999942e-01 9.529999999999999626e-04
2.100000000000000000e+01 2.800000000000000000e+01 4.000000000000000000e+01 0.000000000000000000e+00 1.600000000000000089e+00 -4.975099999999999661e-02 -8.643279999999999852e-01 -5.004610000000000447e-01 7.548259999999999970e-01 2.955920000000000214e-01 -5.855439999999999534e-01 6.540350000000000330e-01 -4.068930000000000047e-01 6.377119999999999456e-01
4.000000000000000000e+00 3.400000000000000000e+01 4.000000000000000000e+01 0.000000000000000000e+00 1.600000000000000089e+00 8.883800000000000030e-02 -7.063369999999999926e-01 7.022789999999999866e-01 7.603029999999999511e-01 -4.073990000000000111e-01 -5.059310000000000196e-01 6.434649999999999537e-01 5.788910000000000444e-01 5.008369999999999767e-01
6.000000000000000000e+00 3.800000000000000000e+01 4.000000000000000000e+01 0.000000000000000000e+00 1.600000000000000089e+00 -5.523959999999999981e-01 -7.324589999999999712e-01 -3.979489999999999972e-01 -8.213899999999999535e-01 3.969329999999999803e-01 4.095889999999999809e-01 -1.420480000000000076e-01 5.531260000000000066e-01 -8.208980000000000166e-01
1.900000000000000000e+01 2.400000000000000000e+01 4.100000000000000000e+01 0.000000000000000000e+00 1.600000000000000089e+00 -2.597000000000000003e-02 -5.360970000000000457e-01 8.437569999999999792e-01 -6.972599999999999909e-01 6.145450000000000079e-01 3.690019999999999967e-01 -7.163469999999999560e-01 -5.787349999999999994e-01 -3.897590000000000221e-01
2.100000000000000000e+01 2.700000000000000000e+01 4.100000000000000000e+01 0.000000000000000000e+00 1.600000000000000089e+00 -4.505800000000000083e-02 -6.286260000000000181e-01 -7.764010000000000078e-01 7.892940000000000511e-01 4.540020000000000167e-01 -4.133970000000000145e-01 6.123600000000000154e-01 -6.314359999999999973e-01 4.757140000000000257e-01
1.600000000000000000e+01 4.700000000000000000e+01 4.100000000000000000e+01 0.000000000000000000e+00 1.600000000000000089e+00 -1.392819999999999891e-01 6.513139999999999485e-01 -7.459160000000000235e-01 -5.861499999999999488e-01 5.528980000000000006e-01 5.922260000000000302e-01 7.981399999999999606e-01 5.197049999999999725e-01 3.047590000000000021e-01
2.000000000000000000e+01 2.600000000000000000e+01 4.200000000000000000e+01 0.000000000000000000e+00 1.600000000000000089e+00 -6.747300000000000519e-02 -4.118640000000000079e-01 -9.087439999999999962e-01 8.455209999999999670e-01 4.599239999999999995e-01 -2.712269999999999959e-01 5.296610000000000484e-01 -7.866630000000000011e-01 3.172070000000000167e-01
2.700000000000000000e+01 5.000000000000000000e+01 4.200000000000000000e+01 0.000000000000000000e+00 1.600000000000000089e+00 -4.993759999999999866e-01 7.991359999999999575e-01 -3.346729999999999983e-01 -5.371359999999999468e-01 1.752099999999999838e-02 8.433129999999999793e-01 6.797860000000000014e-01 6.008949999999999569e-01 4.204959999999999809e-01
1.000000000000000000e+01 2.500000000000000000e+01 4.300000000000000000e+01 0.000000000000000000e+00 1.600000000000000089e+00 1.110130000000000006e-01 1.759040000000000048e-01 -9.781279999999999974e-01 8.170290000000000052e-01 5.441850000000000298e-01 1.905940000000000134e-01 5.658090000000000064e-01 -8.203169999999999629e-01 -8.330700000000000605e-02
1.900000000000000000e+01 2.500000000000000000e+01 4.300000000000000000e+01 0.000000000000000000e+00 1.600000000000000089e+00 -8.930899999999999950e-02 -2.938370000000000148e-01 -9.516740000000000199e-01 8.844750000000000112e-01 4.159349999999999992e-01 -2.114260000000000028e-01 4.579599999999999782e-01 -8.606150000000000189e-01 2.227449999999999986e-01
9.000000000000000000e+00 5.100000000000000000e+01 4.300000000000000000e+01 0.000000000000000000e+00 1.600000000000000089e+00 -1.160370000000000013e-01 4.347860000000000058e-01 -8.930259999999999865e-01 -6.145829999999999904e-01 6.748830000000000107e-01 4.084369999999999945e-01 7.802710000000000479e-01 5.962330000000000130e-01 1.889010000000000133e-01
2.700000000000000000e+01 5.100000000000000000e+01 4.300000000000000000e+01 0.000000000000000000e+00 1.600000000000000089e+00 -3.563760000000000261e-01 8.289699999999999847e-01 -4.310510000000000175e-01 -5.135990000000000277e-01 2.115859999999999963e-01 8.315329999999999666e-01 7.805210000000000203e-01 5.177249999999999908e-01 3.503539999999999988e-01
8.000000000000000000e+00 5.200000000000000000e+01 4.300000000000000000e+01 0.000000000000000000e+00 1.600000000000000089e+00 -6.564799999999999802e-02 4.184539999999999926e-01 -9.058629999999999738e-01 -5.073339999999999517e-01 7.677300000000000235e-01 3.914119999999999822e-01 8.592459999999999543e-01 4.852699999999999791e-01 1.618950000000000111e-01
2.200000000000000000e+01 2.900000000000000000e+01 4.400000000000000000e+01 0.000000000000000000e+00 1.600000000000000089e+00 -4.749500000000000249e-02 -1.819000000000000087e-03 -9.988700000000000356e-01 7.656530000000000280e-01 6.421550000000000313e-01 -3.757599999999999829e-02 6.414980000000000127e-01 -7.665729999999999489e-01 -2.910700000000000093e-02
2.700000000000000000e+01 5.000000000000000000e+01 4.500000000000000000e+01 0.000000000000000000e+00 1.600000000000000089e+00 8.829299999999999926e-01 -4.132430000000000270e-01 2.228559999999999985e-01 4.190070000000000183e-01 9.076899999999999968e-01 2.307599999999999929e-02 -2.118200000000000083e-01 7.300399999999999945e-02 9.745780000000000554e-01
7.000000000000000000e+00 6.500000000000000000e+01 4.600000000000000000e+01 0.000000000000000000e+00 1.600000000000000089e+00 -3.147000000000000058e-03 2.550000000000000183e-03 9.999919999999999920e-01 6.790599999999999969e-01 -7.340719999999999468e-01 4.009000000000000410e-03 7.340759999999999508e-01 6.790669999999999762e-01 5.779999999999999548e-04
2.200000000000000000e+01 6.500000000000000000e+01 4.600000000000000000e+01 0.000000000000000000e+00 1.600000000000000089e+00 6.980000000000000527e-04 3.115999999999999846e-03 9.999949999999999672e-01 6.789119999999999600e-01 -7.342170000000000085e-01 1.814000000000000074e-03 7.342189999999999550e-01 6.789079999999999560e-01 -2.628000000000000128e-03
2.000000000000000000e+00 2.900000000000000000e+01 4.800000000000000000e+01 0.000000000000000000e+00 1.600000000000000089e+00 2.948000000000000100e-03 3.003899999999999973e-02 9.995439999999999880e-01 3.586630000000000096e-01 9.330140000000000100e-01 -2.909700000000000134e-02 -9.334630000000000427e-01 3.585849999999999871e-01 -8.023000000000000617e-03
7.000000000000000000e+00 2.900000000000000000e+01 4.800000000000000000e+01 0.000000000000000000e+00 1.600000000000000089e+00 9.107999999999999777e-03 3.183509999999999951e-01 9.479290000000000216e-01 3.990219999999999878e-01 8.680679999999999508e-01 -2.953640000000000154e-01 -9.168960000000000443e-01 3.809350000000000236e-01 -1.191220000000000057e-01
2.500000000000000000e+01 2.900000000000000000e+01 4.800000000000000000e+01 0.000000000000000000e+00 1.600000000000000089e+00 1.164500000000000084e-02 5.599200000000000010e-02 9.983630000000000004e-01 3.542500000000000093e-01 9.334430000000000227e-01 -5.648299999999999849e-02 -9.350779999999999648e-01 3.543279999999999763e-01 -8.965000000000000746e-03
2.200000000000000000e+01 4.800000000000000000e+01 4.900000000000000000e+01 0.000000000000000000e+00 1.600000000000000089e+00 6.906400000000000317e-01 -4.656060000000000199e-01 5.533780000000000365e-01 2.069259999999999988e-01 8.604150000000000409e-01 4.656910000000000216e-01 -6.929629999999999956e-01 -2.071159999999999946e-01 6.905829999999999469e-01
1.100000000000000000e+01 6.000000000000000000e+00 5.100000000000000000e+01 0.000000000000000000e+00 1.600000000000000089e+00 -9.009999999999999997e-04 -5.191000000000000301e-03 -9.999860000000000415e-01 2.972659999999999747e-01 -9.547830000000000483e-01 4.688000000000000327e-03 -9.547940000000000316e-01 -2.972569999999999935e-01 2.403999999999999887e-03
4.000000000000000000e+00 1.150000000000000000e+02 5.100000000000000000e+01 0.000000000000000000e+00 1.600000000000000089e+00 -2.919000000000000154e-03 -2.404500000000000040e-02 9.997070000000000123e-01 8.385869999999999713e-01 -5.446630000000000082e-01 -1.065200000000000001e-02 5.447589999999999932e-01 8.383099999999999996e-01 2.175399999999999903e-02
9.000000000000000000e+00 1.150000000000000000e+02 5.100000000000000000e+01 0.000000000000000000e+00 1.600000000000000089e+00 -6.837000000000000195e-03 -1.243299999999999961e-02 9.998989999999999823e-01 8.439740000000000020e-01 -5.363830000000000542e-01 -8.980000000000000352e-04 5.363400000000000389e-01 8.438830000000000497e-01 1.416099999999999998e-02
1.500000000000000000e+01 1.150000000000000000e+02 5.100000000000000000e+01 0.000000000000000000e+00 1.600000000000000089e+00 -6.267000000000000001e-03 1.118800000000000003e-02 9.999179999999999735e-01 8.537679999999999714e-01 -5.205340000000000522e-01 1.117499999999999917e-02 5.206169999999999964e-01 8.537670000000000536e-01 -6.289999999999999584e-03
2.100000000000000000e+01 1.150000000000000000e+02 5.100000000000000000e+01 0.000000000000000000e+00 1.600000000000000089e+00 -2.750999999999999973e-03 1.765900000000000108e-02 9.998399999999999510e-01 8.579090000000000327e-01 -5.136749999999999927e-01 1.143300000000000045e-02 5.137950000000000017e-01 8.578029999999999822e-01 -1.373599999999999995e-02
1.900000000000000000e+01 7.000000000000000000e+00 5.200000000000000000e+01 0.000000000000000000e+00 1.600000000000000089e+00 7.494999999999999926e-03 4.832000000000000357e-03 -9.999599999999999600e-01 6.671699999999999853e-02 -9.977629999999999555e-01 -4.321000000000000188e-03 -9.977439999999999642e-01 -6.668200000000000516e-02 -7.800999999999999775e-03
2.700000000000000000e+01 7.000000000000000000e+00 5.200000000000000000e+01 0.000000000000000000e+00 1.600000000000000089e+00 8.249999999999999955e-04 -3.318999999999999902e-03 -9.999940000000000495e-01 7.408800000000000108e-02 -9.972459999999999658e-01 3.370999999999999865e-03 -9.972509999999999986e-01 -7.409000000000000308e-02 -5.770000000000000389e-04
1.600000000000000000e+01 4.400000000000000000e+01 5.300000000000000000e+01 0.000000000000000000e+00 1.600000000000000089e+00 -2.779490000000000016e-01 -9.091439999999999522e-01 3.101630000000000220e-01 -8.572079999999999700e-01 3.804679999999999729e-01 3.470440000000000191e-01 -4.335200000000000164e-01 -1.694140000000000090e-01 -8.850759999999999739e-01
4.000000000000000000e+00 6.300000000000000000e+01 5.400000000000000000e+01 0.000000000000000000e+00 1.600000000000000089e+00 -2.837999999999999811e-03 -7.389999999999999651e-04 9.999959999999999960e-01 -3.817169999999999730e-01 9.242789999999999617e-01 -4.000000000000000192e-04 -9.242749999999999577e-01 -3.817159999999999997e-01 -2.906000000000000163e-03
6.000000000000000000e+00 6.300000000000000000e+01 5.400000000000000000e+01 0.000000000000000000e+00 1.600000000000000089e+00 3.400000000000000244e-04 1.273999999999999959e-03 9.999989999999999712e-01 -3.742420000000000191e-01 9.273299999999999876e-01 -1.054000000000000032e-03 -9.273310000000000164e-01 -3.742409999999999903e-01 7.919999999999999523e-04
1.000000000000000000e+01 6.300000000000000000e+01 5.400000000000000000e+01 0.000000000000000000e+00 1.600000000000000089e+00 8.090000000000000403e-04 5.080000000000000314e-03 9.999869999999999592e-01 -3.640939999999999732e-01 9.313510000000000399e-01 -4.436999999999999972e-03 -9.313620000000000232e-01 -3.640860000000000207e-01 2.602999999999999845e-03
1.400000000000000000e+01 6.300000000000000000e+01 5.400000000000000000e+01 0.000000000000000000e+00 1.600000000000000089e+00 8.580000000000000387e-04 3.524999999999999922e-03 9.999930000000000208e-01 -3.584890000000000021e-01 9.335290000000000532e-01 -2.982999999999999974e-03 -9.335329999999999462e-01 -3.584840000000000249e-01 2.064999999999999995e-03
