4.000000000000000000e+00 1.500000000000000000e+01 4.000000000000000000e+00 0.000000000000000000e+00 1.600000000000000089e+00 1.134000000000000025e-03 7.805000000000000306e-03 9.999689999999999968e-01 3.266240000000000254e-01 -9.451279999999999681e-01 7.007000000000000207e-03 9.451540000000000497e-01 3.266060000000000074e-01 -3.621000000000000087e-03
6.000000000000000000e+00 1.500000000000000000e+01 4.000000000000000000e+00 0.000000000000000000e+00 1.600000000000000089e+00 3.139999999999999888e-04 1.097099999999999985e-02 9.999400000000000510e-01 3.234899999999999998e-01 -9.461760000000000170e-01 1.027899999999999994e-02 9.462319999999999620e-01 3.234670000000000045e-01 -3.846000000000000026e-03
1.000000000000000000e+01 1.500000000000000000e+01 4.000000000000000000e+00 0.000000000000000000e+00 1.600000000000000089e+00 1.168999999999999900e-03 1.282900000000000013e-02 9.999169999999999447e-01 3.189440000000000053e-01 -9.476999999999999869e-01 1.178599999999999960e-02 9.477729999999999766e-01 3.189040000000000208e-01 -5.199999999999999761e-03
1.900000000000000000e+01 1.500000000000000000e+01 4.000000000000000000e+00 0.000000000000000000e+00 1.600000000000000089e+00 2.219000000000000052e-03 9.320000000000000159e-03 9.999540000000000095e-01 3.183579999999999743e-01 -9.479360000000000008e-01 8.127999999999999808e-03 9.479680000000000328e-01 3.183250000000000246e-01 -5.069999999999999854e-03
1.700000000000000000e+01 7.400000000000000000e+01 4.000000000000000000e+00 0.000000000000000000e+00 1.600000000000000089e+00 -8.809040000000000203e-01 -3.781860000000000221e-01 2.845770000000000244e-01 -3.999030000000000085e-01 9.163360000000000394e-01 -2.013799999999999965e-02 -2.531519999999999881e-01 -1.315429999999999933e-01 -9.584420000000000162e-01
1.200000000000000000e+01 1.010000000000000000e+02 7.000000000000000000e+00 0.000000000000000000e+00 1.600000000000000089e+00 -1.556000000000000091e-03 -1.064700000000000021e-02 9.999419999999999975e-01 8.829110000000000014e-01 4.694980000000000264e-01 6.373000000000000193e-03 -4.695389999999999842e-01 8.828690000000000149e-01 8.670000000000000623e-03
1.900000000000000000e+01 1.010000000000000000e+02 7.000000000000000000e+00 0.000000000000000000e+00 1.600000000000000089e+00 2.830000000000000050e-03 -3.848599999999999938e-02 9.992550000000000043e-01 8.846960000000000379e-01 4.659130000000000216e-01 1.543899999999999960e-02 -4.661600000000000188e-01 8.839930000000000287e-01 3.536700000000000260e-02
2.400000000000000000e+01 1.010000000000000000e+02 7.000000000000000000e+00 0.000000000000000000e+00 1.600000000000000089e+00 6.799999999999999946e-05 -2.960499999999999937e-02 9.995619999999999505e-01 8.853539999999999743e-01 4.647160000000000180e-01 1.370399999999999917e-02 -4.649179999999999979e-01 8.849650000000000016e-01 2.624299999999999897e-02
6.000000000000000000e+00 2.500000000000000000e+01 8.000000000000000000e+00 0.000000000000000000e+00 1.600000000000000089e+00 -3.791999999999999798e-03 -8.033999999999999475e-03 -9.999609999999999888e-01 4.475589999999999846e-01 8.942099999999999493e-01 -8.881999999999999271e-03 8.942459999999999853e-01 -4.475750000000000006e-01 2.049999999999999956e-04
1.000000000000000000e+01 2.500000000000000000e+01 8.000000000000000000e+00 0.000000000000000000e+00 1.600000000000000089e+00 -2.226999999999999813e-03 -4.520999999999999845e-03 -9.999869999999999592e-01 4.491490000000000204e-01 8.934419999999999584e-01 -5.039000000000000076e-03 8.934539999999999704e-01 -4.491550000000000264e-01 4.000000000000000327e-05
1.500000000000000000e+01 2.500000000000000000e+01 8.000000000000000000e+00 0.000000000000000000e+00 1.600000000000000089e+00 -2.105999999999999799e-03 -8.286999999999999228e-03 -9.999630000000000463e-01 4.494469999999999854e-01 8.932679999999999509e-01 -8.349000000000000518e-03 8.933050000000000157e-01 -4.494480000000000142e-01 1.843000000000000020e-03
2.300000000000000000e+01 2.500000000000000000e+01 8.000000000000000000e+00 0.000000000000000000e+00 1.600000000000000089e+00 -2.539999999999999940e-04 -2.358999999999999986e-03 -9.999970000000000248e-01 4.533980000000000232e-01 8.913060000000000427e-01 -2.217999999999999920e-03 8.913079999999999892e-01 -4.533969999999999945e-01 8.429999999999999993e-04
2.900000000000000000e+01 2.500000000000000000e+01 8.000000000000000000e+00 0.000000000000000000e+00 1.600000000000000089e+00 8.760000000000000425e-04 1.886000000000000090e-03 -9.999980000000000535e-01 4.516939999999999844e-01 8.921710000000000473e-01 2.079000000000000119e-03 8.921729999999999938e-01 -4.516950000000000132e-01 -7.100000000000000462e-05
6.000000000000000000e+00 2.400000000000000000e+01 9.000000000000000000e+00 0.000000000000000000e+00 1.600000000000000089e+00 -3.763999999999999985e-03 -7.849999999999999339e-03 -9.999620000000000175e-01 4.505930000000000213e-01 8.926870000000000083e-01 -8.703999999999999931e-03 8.927209999999999868e-01 -4.506089999999999818e-01 1.769999999999999926e-04
1.100000000000000000e+01 2.400000000000000000e+01 9.000000000000000000e+00 0.000000000000000000e+00 1.600000000000000089e+00 -1.624999999999999925e-03 -4.791000000000000120e-03 -9.999869999999999592e-01 4.519389999999999796e-01 8.920350000000000223e-01 -5.008000000000000299e-03 8.920470000000000343e-01 -4.519409999999999816e-01 7.159999999999999481e-04
1.600000000000000000e+01 2.400000000000000000e+01 9.000000000000000000e+00 0.000000000000000000e+00 1.600000000000000089e+00 -2.001999999999999873e-03 -1.090600000000000076e-02 -9.999390000000000223e-01 4.517120000000000024e-01 8.921000000000000041e-01 -1.063399999999999936e-02 8.921609999999999818e-01 -4.517059999999999964e-01 3.141000000000000129e-03
2.000000000000000000e+01 2.400000000000000000e+01 9.000000000000000000e+00 0.000000000000000000e+00 1.600000000000000089e+00 -1.459000000000000010e-03 -8.115999999999999950e-03 -9.999660000000000215e-01 4.546850000000000058e-01 8.906180000000000208e-01 -7.891999999999999710e-03 8.906509999999999705e-01 -4.546810000000000018e-01 2.390000000000000197e-03
2.300000000000000000e+01 2.400000000000000000e+01 9.000000000000000000e+00 0.000000000000000000e+00 1.600000000000000089e+00 -1.510000000000000112e-04 -1.877999999999999895e-03 -9.999980000000000535e-01 4.562700000000000089e-01 8.898399999999999643e-01 -1.740000000000000010e-03 8.898409999999999931e-01 -4.562689999999999801e-01 7.219999999999999855e-04
3.000000000000000000e+01 2.400000000000000000e+01 9.000000000000000000e+00 0.000000000000000000e+00 1.600000000000000089e+00 8.300000000000000086e-04 3.026000000000000044e-03 -9.999949999999999672e-01 4.546080000000000121e-01 8.906859999999999777e-01 3.072000000000000078e-03 8.906910000000000105e-01 -4.546080000000000121e-01 -6.359999999999999551e-04
1.400000000000000000e+01 3.100000000000000000e+01 1.200000000000000000e+01 0.000000000000000000e+00 1.600000000000000089e+00 1.050000000000000044e-04 -1.853000000000000046e-03 9.999980000000000535e-01 -1.326500000000000075e-02 9.999099999999999655e-01 1.855000000000000095e-03 -9.999120000000000230e-01 -1.326500000000000075e-02 8.100000000000000375e-05
1.200000000000000000e+01 3.500000000000000000e+01 1.200000000000000000e+01 0.000000000000000000e+00 1.600000000000000089e+00 -1.039999999999999936e-04 -5.577999999999999625e-03 -9.999839999999999840e-01 4.933710000000000040e-01 -8.698059999999999681e-01 4.800999999999999712e-03 -8.698190000000000088e-01 -4.933629999999999960e-01 2.843000000000000041e-03
1.800000000000000000e+01 3.500000000000000000e+01 1.200000000000000000e+01 0.000000000000000000e+00 1.600000000000000089e+00 1.833999999999999910e-03 -2.781000000000000052e-03 -9.999940000000000495e-01 4.802500000000000102e-01 -8.771250000000000435e-01 3.320000000000000034e-03 -8.771299999999999653e-01 -4.802540000000000142e-01 -2.739999999999999923e-04
2.200000000000000000e+01 3.500000000000000000e+01 1.200000000000000000e+01 0.000000000000000000e+00 1.600000000000000089e+00 1.543000000000000101e-03 -8.071999999999999315e-03 -9.999660000000000215e-01 4.710489999999999955e-01 -8.820719999999999672e-01 7.846999999999999809e-03 -8.821050000000000280e-01 -4.710460000000000202e-01 2.441000000000000027e-03
2.500000000000000000e+01 3.500000000000000000e+01 1.200000000000000000e+01 0.000000000000000000e+00 1.600000000000000089e+00 2.269999999999999882e-04 -5.578999999999999758e-03 -9.999839999999999840e-01 4.631649999999999934e-01 -8.862579999999999902e-01 5.048999999999999669e-03 -8.862719999999999487e-01 -4.631589999999999874e-01 2.383000000000000135e-03
2.900000000000000000e+01 3.500000000000000000e+01 1.200000000000000000e+01 0.000000000000000000e+00 1.600000000000000089e+00 -2.625999999999999862e-03 -6.350000000000000392e-04 -9.999959999999999960e-01 4.590529999999999888e-01 -8.884079999999999755e-01 -6.409999999999999682e-04 -8.884050000000000002e-01 -4.590529999999999888e-01 2.625000000000000163e-03
1.500000000000000000e+01 7.300000000000000000e+01 1.300000000000000000e+01 0.000000000000000000e+00 1.600000000000000089e+00 -9.140249999999999764e-01 -2.217379999999999907e-01 3.396919999999999940e-01 -3.369599999999999818e-01 8.812600000000000433e-01 -3.314210000000000211e-01 -2.258680000000000132e-01 -4.173890000000000100e-01 -8.802100000000000479e-01
2.100000000000000000e+01 3.200000000000000000e+01 1.400000000000000000e+01 0.000000000000000000e+00 1.600000000000000089e+00 2.634000000000000057e-03 2.524999999999999901e-03 -9.999930000000000208e-01 1.032560000000000006e-01 9.946509999999999518e-01 2.782999999999999884e-03 9.946509999999999518e-01 -1.032629999999999937e-01 2.360000000000000119e-03
2.400000000000000000e+01 3.200000000000000000e+01 1.400000000000000000e+01 0.000000000000000000e+00 1.600000000000000089e+00 5.950000000000000427e-04 4.820000000000000066e-04 -1.000000000000000000e+00 1.035709999999999964e-01 9.946220000000000061e-01 5.410000000000000312e-04 9.946220000000000061e-01 -1.035719999999999974e-01 5.419999999999999471e-04
2.900000000000000000e+01 1.200000000000000000e+01 1.500000000000000000e+01 0.000000000000000000e+00 1.600000000000000089e+00 1.195000000000000099e-03 2.880000000000000073e-04 -9.999989999999999712e-01 -4.632000000000000006e-01 -8.862529999999999575e-01 -8.090000000000000403e-04 -8.862529999999999575e-01 4.632009999999999739e-01 -9.259999999999999568e-04
1.000000000000000000e+00 2.000000000000000000e+00 1.900000000000000000e+01 0.000000000000000000e+00 1.600000000000000089e+00 -2.184999999999999876e-03 4.307000000000000065e-03 -9.999879999999999880e-01 2.089010000000000034e-01 -9.779259999999999620e-01 -4.668000000000000274e-03 -9.779339999999999700e-01 -2.089080000000000104e-01 1.237000000000000035e-03
7.000000000000000000e+00 2.000000000000000000e+00 1.900000000000000000e+01 0.000000000000000000e+00 1.600000000000000089e+00 1.845999999999999985e-03 1.573700000000000099e-02 -9.998740000000000405e-01 2.038149999999999962e-01 -9.788940000000000419e-01 -1.503099999999999922e-02 -9.790079999999999893e-01 -2.037619999999999987e-01 -5.014000000000000228e-03
1.000000000000000000e+01 2.000000000000000000e+00 1.900000000000000000e+01 0.000000000000000000e+00 1.600000000000000089e+00 1.270000000000000078e-03 2.510099999999999831e-02 -9.996840000000000170e-01 1.981159999999999866e-01 -9.798759999999999692e-01 -2.435199999999999865e-02 -9.801779999999999937e-01 -1.980230000000000046e-01 -6.217000000000000304e-03
1.700000000000000000e+01 2.000000000000000000e+00 1.900000000000000000e+01 0.000000000000000000e+00 1.600000000000000089e+00 -3.155999999999999951e-03 1.517800000000000052e-02 -9.998799999999999910e-01 1.855360000000000065e-01 -9.825150000000000272e-01 -1.549999999999999989e-02 -9.826319999999999499e-01 -1.855630000000000057e-01 2.840000000000000185e-04
2.100000000000000000e+01 2.000000000000000000e+00 1.900000000000000000e+01 0.000000000000000000e+00 1.600000000000000089e+00 -2.886000000000000110e-03 1.641600000000000004e-02 -9.998609999999999998e-01 1.850600000000000023e-01 -9.825859999999999594e-01 -1.666700000000000126e-02 -9.827230000000000132e-01 -1.850819999999999965e-01 -2.020000000000000040e-04
2.800000000000000000e+01 2.000000000000000000e+00 1.900000000000000000e+01 0.000000000000000000e+00 1.600000000000000089e+00 -1.505000000000000044e-03 3.262000000000000142e-03 -9.999940000000000495e-01 1.757259999999999933e-01 -9.844330000000000025e-01 -3.475999999999999923e-03 -9.844380000000000353e-01 -1.757299999999999973e-01 9.079999999999999530e-04
1.000000000000000000e+00 4.000000000000000000e+00 2.000000000000000000e+01 0.000000000000000000e+00 1.600000000000000089e+00 -3.471999999999999826e-03 3.144999999999999792e-03 -9.999890000000000168e-01 3.278559999999999808e-01 -9.447189999999999754e-01 -4.108999999999999805e-03 -9.447210000000000329e-01 -3.278670000000000195e-01 2.249000000000000131e-03
7.000000000000000000e+00 4.000000000000000000e+00 2.000000000000000000e+01 0.000000000000000000e+00 1.600000000000000089e+00 7.349999999999999763e-04 1.446300000000000016e-02 -9.998949999999999783e-01 3.216570000000000262e-01 -9.467609999999999637e-01 -1.345799999999999948e-02 -9.468560000000000310e-01 -3.216129999999999822e-01 -5.348000000000000323e-03
2.900000000000000000e+01 4.000000000000000000e+00 2.000000000000000000e+01 0.000000000000000000e+00 1.600000000000000089e+00 -1.783999999999999996e-03 4.674000000000000203e-03 -9.999869999999999592e-01 2.606930000000000081e-01 -9.654089999999999616e-01 -4.977999999999999786e-03 -9.654199999999999449e-01 -2.606990000000000141e-01 5.039999999999999992e-04
6.000000000000000000e+00 1.300000000000000000e+01 2.000000000000000000e+01 0.000000000000000000e+00 1.600000000000000089e+00 -3.119999999999999944e-04 -1.405999999999999915e-03 9.999989999999999712e-01 2.671709999999999918e-01 9.636479999999999491e-01 1.438999999999999958e-03 -9.636489999999999778e-01 2.671709999999999918e-01 7.499999999999999343e-05
9.000000000000000000e+00 1.300000000000000000e+01 2.000000000000000000e+01 0.000000000000000000e+00 1.600000000000000089e+00 1.745000000000000023e-03 7.280000000000000013e-03 9.999719999999999720e-01 2.652939999999999743e-01 9.641389999999999683e-01 -7.481999999999999935e-03 -9.641659999999999675e-01 2.652990000000000070e-01 -2.489999999999999809e-04
1.500000000000000000e+01 1.300000000000000000e+01 2.000000000000000000e+01 0.000000000000000000e+00 1.600000000000000089e+00 3.110000000000000243e-04 -2.788999999999999813e-03 9.999959999999999960e-01 2.604739999999999833e-01 9.654770000000000296e-01 2.612000000000000172e-03 -9.654810000000000336e-01 2.604719999999999813e-01 1.026999999999999918e-03
1.900000000000000000e+01 1.300000000000000000e+01 2.000000000000000000e+01 0.000000000000000000e+00 1.600000000000000089e+00 1.595999999999999979e-03 8.299999999999999815e-05 9.999989999999999712e-01 2.596720000000000139e-01 9.656970000000000276e-01 -4.949999999999999973e-04 -9.656949999999999701e-01 2.596729999999999872e-01 1.518999999999999951e-03
2.200000000000000000e+01 1.300000000000000000e+01 2.000000000000000000e+01 0.000000000000000000e+00 1.600000000000000089e+00 1.757000000000000098e-03 3.468000000000000162e-03 9.999919999999999920e-01 2.573059999999999792e-01 9.663230000000000430e-01 -3.802999999999999957e-03 -9.663289999999999935e-01 2.573099999999999832e-01 8.050000000000000515e-04
2.700000000000000000e+01 1.300000000000000000e+01 2.000000000000000000e+01 0.000000000000000000e+00 1.600000000000000089e+00 1.861999999999999940e-03 -8.689999999999999808e-04 9.999980000000000535e-01 2.553560000000000274e-01 9.668470000000000120e-01 3.640000000000000115e-04 -9.668449999999999545e-01 2.553549999999999986e-01 2.021999999999999926e-03
2.300000000000000000e+01 1.600000000000000000e+01 2.100000000000000000e+01 0.000000000000000000e+00 1.600000000000000089e+00 1.918999999999999916e-03 3.772000000000000179e-03 9.999909999999999632e-01 2.998270000000000102e-01 9.539840000000000542e-01 -4.173999999999999759e-03 -9.539919999999999511e-01 2.998319999999999874e-01 6.989999999999999686e-04
2.700000000000000000e+01 1.600000000000000000e+01 2.100000000000000000e+01 0.000000000000000000e+00 1.600000000000000089e+00 2.292000000000000200e-03 -1.369999999999999907e-03 9.999959999999999960e-01 2.989910000000000068e-01 9.542559999999999931e-01 6.220000000000000485e-04 -9.542530000000000179e-01 2.989890000000000048e-01 2.596999999999999916e-03
2.000000000000000000e+00 3.000000000000000000e+00 2.500000000000000000e+01 0.000000000000000000e+00 1.600000000000000089e+00 -4.401999999999999663e-03 -1.814999999999999990e-03 9.999890000000000168e-01 -1.003089999999999954e-01 -9.949540000000000051e-01 -2.247999999999999998e-03 9.949470000000000258e-01 -1.003180000000000044e-01 4.198000000000000342e-03
7.000000000000000000e+00 3.000000000000000000e+00 2.500000000000000000e+01 0.000000000000000000e+00 1.600000000000000089e+00 2.193000000000000071e-03 1.381399999999999989e-02 9.999019999999999575e-01 -9.348900000000000265e-02 -9.955220000000000180e-01 1.395899999999999919e-02 9.956180000000000030e-01 -9.350999999999999590e-02 -8.919999999999999978e-04
1.000000000000000000e+01 3.000000000000000000e+00 2.500000000000000000e+01 0.000000000000000000e+00 1.600000000000000089e+00 3.830000000000000071e-03 1.787599999999999953e-02 9.998329999999999718e-01 -8.784000000000000141e-02 -9.959689999999999932e-01 1.814299999999999941e-02 9.961269999999999847e-01 -8.789500000000000091e-02 -2.243999999999999901e-03
1.600000000000000000e+01 3.000000000000000000e+00 2.500000000000000000e+01 0.000000000000000000e+00 1.600000000000000089e+00 3.869000000000000043e-03 1.874400000000000024e-02 9.998169999999999558e-01 -6.959300000000000208e-02 -9.973950000000000315e-01 1.896799999999999875e-02 9.975680000000000103e-01 -6.965300000000000658e-02 -2.554999999999999979e-03
1.900000000000000000e+01 3.000000000000000000e+00 2.500000000000000000e+01 0.000000000000000000e+00 1.600000000000000089e+00 4.270000000000000358e-03 1.907999999999999974e-02 9.998089999999999478e-01 -6.287099999999999633e-02 -9.978350000000000275e-01 1.931099999999999831e-02 9.980130000000000390e-01 -6.294099999999999695e-02 -3.060999999999999919e-03
2.300000000000000000e+01 3.000000000000000000e+00 2.500000000000000000e+01 0.000000000000000000e+00 1.600000000000000089e+00 3.409999999999999837e-03 1.140799999999999974e-02 9.999289999999999567e-01 -4.837299999999999933e-02 -9.987620000000000386e-01 1.155899999999999983e-02 9.988240000000000451e-01 -4.840900000000000064e-02 -2.854000000000000200e-03
3.000000000000000000e+00 4.600000000000000000e+01 2.700000000000000000e+01 0.000000000000000000e+00 1.600000000000000089e+00 4.099999999999999912e-04 -2.174000000000000151e-03 -9.999970000000000248e-01 6.735109999999999708e-01 7.391760000000000552e-01 -1.330999999999999935e-03 7.391769999999999730e-01 -6.735090000000000243e-01 1.766999999999999908e-03
7.000000000000000000e+00 4.600000000000000000e+01 2.700000000000000000e+01 0.000000000000000000e+00 1.600000000000000089e+00 -5.789999999999999791e-04 -2.079000000000000119e-03 -9.999980000000000535e-01 6.703639999999999599e-01 7.420299999999999674e-01 -1.930999999999999991e-03 7.420320000000000249e-01 -6.703639999999999599e-01 9.640000000000000131e-04
1.800000000000000000e+01 4.600000000000000000e+01 2.700000000000000000e+01 0.000000000000000000e+00 1.600000000000000089e+00 -2.030000000000000012e-04 1.679999999999999907e-04 -1.000000000000000000e+00 6.637690000000000534e-01 7.479369999999999630e-01 -9.000000000000000228e-06 7.479369999999999630e-01 -6.637690000000000534e-01 -2.640000000000000202e-04
2.900000000000000000e+01 4.600000000000000000e+01 2.700000000000000000e+01 0.000000000000000000e+00 1.600000000000000089e+00 -2.514000000000000175e-03 3.950000000000000061e-04 -9.999970000000000248e-01 6.626689999999999525e-01 7.489109999999999934e-01 -1.369999999999999907e-03 7.489080000000000181e-01 -6.626699999999999813e-01 -2.144000000000000072e-03
1.200000000000000000e+01 4.600000000000000000e+01 3.000000000000000000e+01 0.000000000000000000e+00 1.600000000000000089e+00 6.589999999999999721e-04 9.529999999999999626e-04 -9.999989999999999712e-01 3.201919999999999766e-01 9.473519999999999719e-01 1.113999999999999973e-03 9.473519999999999719e-01 -3.201930000000000054e-01 3.190000000000000019e-04
1.900000000000000000e+01 4.600000000000000000e+01 3.000000000000000000e+01 0.000000000000000000e+00 1.600000000000000089e+00 2.500000000000000120e-05 3.800000000000000209e-05 -1.000000000000000000e+00 3.209609999999999963e-01 9.470929999999999627e-01 4.399999999999999886e-05 9.470929999999999627e-01 -3.209609999999999963e-01 1.200000000000000030e-05
3.000000000000000000e+00 5.800000000000000000e+01 3.100000000000000000e+01 0.000000000000000000e+00 1.600000000000000089e+00 -3.749000000000000162e-03 -5.492000000000000354e-03 9.999780000000000335e-01 -7.970199999999999507e-01 -6.039200000000000124e-01 -6.304999999999999841e-03 6.039409999999999501e-01 -7.970260000000000122e-01 -2.112999999999999861e-03
8.000000000000000000e+00 5.800000000000000000e+01 3.100000000000000000e+01 0.000000000000000000e+00 1.600000000000000089e+00 -6.260000000000000373e-04 -4.485000000000000271e-03 9.999900000000000455e-01 -7.958060000000000134e-01 -6.055430000000000534e-01 -3.213999999999999843e-03 6.055509999999999504e-01 -7.957999999999999519e-01 -3.190000000000000127e-03
1.300000000000000000e+01 5.800000000000000000e+01 3.100000000000000000e+01 0.000000000000000000e+00 1.600000000000000089e+00 5.133000000000000410e-03 4.061000000000000373e-03 9.999789999999999512e-01 -7.858150000000000412e-01 -6.184269999999999490e-01 6.544999999999999603e-03 6.184399999999999897e-01 -7.858319999999999750e-01 1.699999999999999987e-05
1.900000000000000000e+01 5.800000000000000000e+01 3.100000000000000000e+01 0.000000000000000000e+00 1.600000000000000089e+00 1.516999999999999902e-03 9.529999999999999626e-04 9.999980000000000535e-01 -7.787889999999999535e-01 -6.272839999999999527e-01 1.778999999999999982e-03 6.272839999999999527e-01 -7.787899999999999823e-01 -2.090000000000000115e-04
2.300000000000000000e+01 5.800000000000000000e+01 3.100000000000000000e+01 0.000000000000000000e+00 1.600000000000000089e+00 5.479999999999999628e-03 6.662999999999999652e-03 9.999630000000000463e-01 -7.753449999999999509e-01 -6.314819999999999878e-01 8.456999999999999240e-03 6.315140000000000198e-01 -7.753619999999999957e-01 1.704999999999999918e-03
2.700000000000000000e+01 5.800000000000000000e+01 3.100000000000000000e+01 0.000000000000000000e+00 1.600000000000000089e+00 5.181999999999999974e-03 7.348000000000000365e-03 9.999599999999999600e-01 -7.700510000000000410e-01 -6.379230000000000178e-01 8.677999999999999950e-03 6.379620000000000291e-01 -7.700649999999999995e-01 2.353000000000000057e-03
3.000000000000000000e+00 1.800000000000000000e+01 3.400000000000000000e+01 0.000000000000000000e+00 1.600000000000000089e+00 2.220000000000000022e-04 -1.454999999999999913e-03 -9.999989999999999712e-01 -3.044520000000000004e-01 -9.525270000000000126e-01 1.317999999999999944e-03 -9.525280000000000413e-01 3.044510000000000272e-01 -6.539999999999999590e-04
4.000000000000000000e+00 4.600000000000000000e+01 3.500000000000000000e+01 0.000000000000000000e+00 1.600000000000000089e+00 -9.849999999999999815e-04 4.899999999999999842e-05 -9.999989999999999712e-01 3.923960000000000226e-01 -9.197959999999999470e-01 -4.319999999999999838e-04 -9.197959999999999470e-01 -3.923960000000000226e-01 8.869999999999999846e-04
1.000000000000000000e+01 4.600000000000000000e+01 3.500000000000000000e+01 0.000000000000000000e+00 1.600000000000000089e+00 1.075999999999999917e-03 -5.974000000000000143e-03 -9.999820000000000375e-01 3.915219999999999811e-01 -9.201500000000000234e-01 5.917999999999999650e-03 -9.201679999999999859e-01 -3.915210000000000079e-01 1.348999999999999939e-03
1.400000000000000000e+01 4.600000000000000000e+01 3.500000000000000000e+01 0.000000000000000000e+00 1.600000000000000089e+00 5.090000000000000123e-04 -1.866000000000000037e-03 -9.999980000000000535e-01 3.910509999999999819e-01 -9.203670000000000462e-01 1.915999999999999951e-03 -9.203689999999999927e-01 -3.910509999999999819e-01 2.610000000000000015e-04
2.000000000000000000e+01 4.600000000000000000e+01 3.500000000000000000e+01 0.000000000000000000e+00 1.600000000000000089e+00 -7.600000000000000418e-04 1.724999999999999971e-03 -9.999980000000000535e-01 3.921009999999999773e-01 -9.199199999999999600e-01 -1.884999999999999957e-03 -9.199220000000000175e-01 -3.921020000000000061e-01 2.199999999999999943e-05
2.600000000000000000e+01 4.600000000000000000e+01 3.500000000000000000e+01 0.000000000000000000e+00 1.600000000000000089e+00 -6.840000000000000377e-04 1.773000000000000053e-03 -9.999980000000000535e-01 3.929659999999999820e-01 -9.195510000000000073e-01 -1.899999999999999996e-03 -9.195529999999999538e-01 -3.929670000000000107e-01 -6.799999999999999946e-05
2.900000000000000000e+01 4.600000000000000000e+01 3.500000000000000000e+01 0.000000000000000000e+00 1.600000000000000089e+00 -6.989999999999999686e-04 2.390000000000000089e-04 -1.000000000000000000e+00 3.915580000000000171e-01 -9.201529999999999987e-01 -4.939999999999999730e-04 -9.201529999999999987e-01 -3.915589999999999904e-01 5.500000000000000331e-04
5.000000000000000000e+00 9.500000000000000000e+01 3.600000000000000000e+01 0.000000000000000000e+00 1.600000000000000089e+00 1.118999999999999986e-03 -5.955099999999999977e-02 9.982250000000000290e-01 9.971160000000000023e-01 7.581899999999999751e-02 3.405000000000000041e-03 -7.588699999999999612e-02 9.953419999999999490e-01 5.946499999999999703e-02
2.000000000000000000e+00 2.900000000000000000e+01 4.400000000000000000e+01 0.000000000000000000e+00 1.600000000000000089e+00 1.046999999999999971e-03 2.452999999999999885e-03 -9.999959999999999960e-01 6.696410000000000418e-01 7.426810000000000356e-01 2.523000000000000069e-03 7.426840000000000108e-01 -6.696410000000000418e-01 -8.649999999999999920e-04
5.000000000000000000e+00 2.900000000000000000e+01 4.400000000000000000e+01 0.000000000000000000e+00 1.600000000000000089e+00 1.958999999999999804e-03 1.985999999999999918e-03 -9.999959999999999960e-01 6.656360000000000054e-01 7.462710000000000177e-01 2.785999999999999848e-03 7.462739999999999929e-01 -6.656389999999999807e-01 1.399999999999999877e-04
9.000000000000000000e+00 2.900000000000000000e+01 4.400000000000000000e+01 0.000000000000000000e+00 1.600000000000000089e+00 1.347000000000000107e-03 2.719999999999999979e-04 -9.999989999999999712e-01 6.550789999999999669e-01 7.555600000000000094e-01 1.087999999999999991e-03 7.555600000000000094e-01 -6.550789999999999669e-01 8.390000000000000105e-04
1.300000000000000000e+01 2.900000000000000000e+01 4.400000000000000000e+01 0.000000000000000000e+00 1.600000000000000089e+00 -6.660000000000000338e-04 -1.461999999999999975e-03 -9.999989999999999712e-01 6.507230000000000514e-01 7.593140000000000445e-01 -1.543000000000000101e-03 7.593149999999999622e-01 -6.507230000000000514e-01 4.459999999999999989e-04
2.100000000000000000e+01 2.900000000000000000e+01 4.400000000000000000e+01 0.000000000000000000e+00 1.600000000000000089e+00 3.570000000000000040e-04 1.062000000000000010e-03 -9.999989999999999712e-01 6.511069999999999913e-01 7.589850000000000207e-01 1.038999999999999993e-03 7.589850000000000207e-01 -6.511069999999999913e-01 -4.200000000000000174e-04
2.500000000000000000e+01 2.900000000000000000e+01 4.400000000000000000e+01 0.000000000000000000e+00 1.600000000000000089e+00 -2.498999999999999919e-03 -2.219000000000000052e-03 -9.999940000000000495e-01 6.613930000000000087e-01 7.500320000000000320e-01 -3.317000000000000070e-03 7.500350000000000072e-01 -6.613980000000000414e-01 -4.060000000000000024e-04
2.900000000000000000e+01 2.900000000000000000e+01 4.400000000000000000e+01 0.000000000000000000e+00 1.600000000000000089e+00 -4.157000000000000105e-03 -3.573999999999999920e-03 -9.999850000000000128e-01 6.683409999999999629e-01 7.438350000000000239e-01 -5.436999999999999993e-03 7.438430000000000319e-01 -6.683540000000000036e-01 -7.029999999999999574e-04
2.900000000000000000e+01 7.000000000000000000e+01 4.700000000000000000e+01 0.000000000000000000e+00 1.600000000000000089e+00 -2.931399999999999978e-02 1.775300000000000142e-02 -9.994129999999999958e-01 -8.409579999999999833e-01 -5.408910000000000107e-01 1.505800000000000020e-02 -5.403059999999999530e-01 8.409050000000000136e-01 3.078600000000000086e-02
2.600000000000000000e+01 5.000000000000000000e+00 5.100000000000000000e+01 0.000000000000000000e+00 1.600000000000000089e+00 -2.186000000000000009e-03 -1.173999999999999913e-03 -9.999970000000000248e-01 4.901389999999999914e-01 -8.716439999999999744e-01 -4.800000000000000122e-05 -8.716420000000000279e-01 -4.901369999999999894e-01 2.481000000000000132e-03
3.000000000000000000e+01 5.000000000000000000e+00 5.100000000000000000e+01 0.000000000000000000e+00 1.600000000000000089e+00 -1.603000000000000041e-03 -7.184000000000000281e-03 -9.999730000000000008e-01 4.869919999999999805e-01 -8.733889999999999709e-01 5.493999999999999752e-03 -8.734049999999999869e-01 -4.869700000000000140e-01 4.897999999999999576e-03
9.000000000000000000e+00 6.000000000000000000e+00 5.100000000000000000e+01 0.000000000000000000e+00 1.600000000000000089e+00 3.847999999999999858e-03 1.581099999999999867e-02 -9.998679999999999790e-01 3.097460000000000213e-01 -9.507189999999999808e-01 -1.384200000000000014e-02 -9.508119999999999905e-01 -3.096519999999999828e-01 -8.555999999999999370e-03
1.000000000000000000e+01 7.000000000000000000e+00 5.200000000000000000e+01 0.000000000000000000e+00 1.600000000000000089e+00 9.480000000000000579e-03 1.461699999999999978e-02 -9.998479999999999590e-01 9.926500000000000601e-02 -9.949679999999999636e-01 -1.360500000000000077e-02 -9.950160000000000116e-01 -9.912100000000000077e-02 -1.088300000000000031e-02
1.400000000000000000e+01 7.000000000000000000e+00 5.200000000000000000e+01 0.000000000000000000e+00 1.600000000000000089e+00 6.542000000000000072e-03 9.416000000000000758e-03 -9.999339999999999895e-01 9.421799999999999620e-02 -9.955129999999999812e-01 -8.758000000000000160e-03 -9.955300000000000260e-01 -9.415500000000000258e-02 -7.399000000000000195e-03
3.000000000000000000e+01 7.000000000000000000e+00 5.200000000000000000e+01 0.000000000000000000e+00 1.600000000000000089e+00 -7.034999999999999587e-03 -6.663999999999999785e-03 -9.999529999999999808e-01 1.139759999999999940e-01 -9.934659999999999602e-01 5.819000000000000387e-03 -9.934589999999999810e-01 -1.139300000000000035e-01 7.747999999999999679e-03
9.000000000000000000e+00 6.300000000000000000e+01 5.400000000000000000e+01 0.000000000000000000e+00 1.600000000000000089e+00 6.792000000000000294e-03 4.308000000000000197e-03 9.999679999999999680e-01 -3.422390000000000154e-01 9.396109999999999740e-01 -1.724000000000000055e-03 -9.395879999999999788e-01 -3.422160000000000202e-01 7.856999999999999401e-03
2.000000000000000000e+01 6.300000000000000000e+01 5.400000000000000000e+01 0.000000000000000000e+00 1.600000000000000089e+00 -8.809999999999999472e-04 -5.249999999999999676e-04 1.000000000000000000e+00 -3.175640000000000129e-01 9.482369999999999965e-01 2.180000000000000134e-04 -9.482369999999999965e-01 -3.175629999999999842e-01 -1.002000000000000069e-03
2.600000000000000000e+01 6.300000000000000000e+01 5.400000000000000000e+01 0.000000000000000000e+00 1.600000000000000089e+00 -1.123900000000000073e-02 -8.347000000000000253e-03 9.999019999999999575e-01 -3.362930000000000086e-01 9.417480000000000295e-01 4.081000000000000426e-03 -9.416900000000000270e-01 -3.362140000000000128e-01 -1.339100000000000013e-02
1.900000000000000000e+01 2.500000000000000000e+01 5.500000000000000000e+01 0.000000000000000000e+00 1.600000000000000089e+00 2.120000000000000031e-04 -6.251999999999999745e-03 -9.999799999999999800e-01 -1.140599999999999947e-02 -9.999149999999999983e-01 6.250000000000000347e-03 -9.999350000000000183e-01 1.140399999999999921e-02 -2.840000000000000185e-04
2.300000000000000000e+01 2.500000000000000000e+01 5.500000000000000000e+01 0.000000000000000000e+00 1.600000000000000089e+00 5.310000000000000050e-04 -8.385000000000000092e-03 -9.999649999999999928e-01 -1.416199999999999924e-02 -9.998650000000000038e-01 8.377000000000000765e-03 -9.999000000000000110e-01 1.415699999999999945e-02 -6.489999999999999459e-04
3.000000000000000000e+00 2.100000000000000000e+01 6.000000000000000000e+01 0.000000000000000000e+00 1.600000000000000089e+00 -1.899999999999999996e-03 1.755999999999999965e-03 9.999970000000000248e-01 -9.274000000000000299e-02 9.956880000000000175e-01 -1.923999999999999929e-03 -9.956890000000000462e-01 -9.274300000000000599e-02 -1.729000000000000068e-03
9.000000000000000000e+00 2.100000000000000000e+01 6.000000000000000000e+01 0.000000000000000000e+00 1.600000000000000089e+00 -1.453000000000000081e-03 4.654000000000000151e-03 9.999879999999999880e-01 -9.584700000000000164e-02 9.953849999999999643e-01 -4.772000000000000200e-03 -9.953950000000000298e-01 -9.585200000000000664e-02 -1.000999999999999937e-03
1.400000000000000000e+01 2.100000000000000000e+01 6.000000000000000000e+01 0.000000000000000000e+00 1.600000000000000089e+00 1.353999999999999952e-03 1.072700000000000042e-02 9.999419999999999975e-01 -9.600599999999999412e-02 9.953250000000000153e-01 -1.054800000000000008e-02 -9.953800000000000425e-01 -9.598700000000000288e-02 2.377999999999999906e-03
1.800000000000000000e+01 2.100000000000000000e+01 6.000000000000000000e+01 0.000000000000000000e+00 1.600000000000000089e+00 2.769999999999999893e-03 -5.590000000000000351e-04 9.999959999999999960e-01 -9.439000000000000168e-02 9.955349999999999477e-01 8.180000000000000422e-04 -9.955310000000000548e-01 -9.439200000000000368e-02 2.704999999999999939e-03
2.500000000000000000e+01 2.100000000000000000e+01 6.000000000000000000e+01 0.000000000000000000e+00 1.600000000000000089e+00 4.850000000000000253e-04 1.551600000000000028e-02 9.998799999999999910e-01 -9.732100000000000473e-02 9.951339999999999630e-01 -1.539500000000000070e-02 -9.952530000000000543e-01 -9.730199999999999960e-02 1.992999999999999980e-03
2.900000000000000000e+01 2.100000000000000000e+01 6.000000000000000000e+01 0.000000000000000000e+00 1.600000000000000089e+00 -3.693999999999999801e-03 2.052000000000000005e-03 9.999909999999999632e-01 -9.808899999999999564e-02 9.951750000000000318e-01 -2.403999999999999887e-03 -9.951710000000000278e-01 -9.809700000000000364e-02 -3.474999999999999790e-03
8.000000000000000000e+00 8.200000000000000000e+01 6.200000000000000000e+01 0.000000000000000000e+00 1.600000000000000089e+00 6.359569999999999945e-01 -7.463459999999999539e-01 1.962810000000000110e-01 -6.464100000000000401e-01 -6.541059999999999652e-01 -3.928099999999999925e-01 4.215610000000000190e-01 1.229319999999999996e-01 -8.984290000000000331e-01
9.000000000000000000e+00 3.000000000000000000e+00 6.300000000000000000e+01 0.000000000000000000e+00 1.600000000000000089e+00 1.704999999999999918e-03 1.383500000000000008e-02 9.999029999999999863e-01 -6.250449999999999617e-01 7.805279999999999996e-01 -9.733999999999999597e-03 -7.805870000000000308e-01 -6.249670000000000503e-01 9.978000000000000758e-03
1.600000000000000000e+01 3.000000000000000000e+00 6.300000000000000000e+01 0.000000000000000000e+00 1.600000000000000089e+00 7.339999999999999520e-04 2.301000000000000094e-03 9.999970000000000248e-01 -6.174100000000000144e-01 7.866410000000000347e-01 -1.356999999999999916e-03 -7.866410000000000347e-01 -6.174070000000000391e-01 1.998000000000000210e-03
2.400000000000000000e+01 3.000000000000000000e+00 6.300000000000000000e+01 0.000000000000000000e+00 1.600000000000000089e+00 5.950000000000000427e-04 9.690000000000000262e-04 9.999989999999999712e-01 -6.174840000000000328e-01 7.865839999999999499e-01 -3.950000000000000061e-04 -7.865830000000000322e-01 -6.174830000000000041e-01 1.067000000000000023e-03
7.000000000000000000e+00 2.700000000000000000e+01 6.300000000000000000e+01 0.000000000000000000e+00 1.600000000000000089e+00 -1.214999999999999934e-03 -3.016000000000000018e-03 9.999949999999999672e-01 -2.762029999999999763e-01 9.610959999999999503e-01 2.563000000000000174e-03 -9.610990000000000366e-01 -2.761979999999999991e-01 -2.001000000000000174e-03
1.000000000000000000e+01 2.700000000000000000e+01 6.300000000000000000e+01 0.000000000000000000e+00 1.600000000000000089e+00 2.339999999999999958e-04 1.530000000000000056e-04 1.000000000000000000e+00 -2.714039999999999786e-01 9.624650000000000150e-01 -8.299999999999999815e-05 -9.624650000000000150e-01 -2.714039999999999786e-01 2.669999999999999847e-04
1.700000000000000000e+01 2.700000000000000000e+01 6.300000000000000000e+01 0.000000000000000000e+00 1.600000000000000089e+00 2.259999999999999856e-03 6.702999999999999757e-03 9.999749999999999472e-01 -2.728809999999999847e-01 9.620300000000000518e-01 -5.832000000000000378e-03 -9.620450000000000390e-01 -2.728610000000000202e-01 4.002999999999999614e-03
2.400000000000000000e+01 2.700000000000000000e+01 6.300000000000000000e+01 0.000000000000000000e+00 1.600000000000000089e+00 9.200000000000000007e-05 -1.763999999999999943e-03 9.999980000000000535e-01 -2.794479999999999742e-01 9.601589999999999847e-01 1.719000000000000042e-03 -9.601610000000000422e-01 -2.794479999999999742e-01 -4.049999999999999781e-04
7.000000000000000000e+00 2.600000000000000000e+01 6.400000000000000000e+01 0.000000000000000000e+00 1.600000000000000089e+00 -2.131000000000000082e-03 -2.850999999999999802e-03 9.999940000000000495e-01 -3.566380000000000106e-01 9.342409999999999881e-01 1.904000000000000093e-03 -9.342399999999999594e-01 -3.566320000000000046e-01 -3.007999999999999823e-03
1.100000000000000000e+01 2.600000000000000000e+01 6.400000000000000000e+01 0.000000000000000000e+00 1.600000000000000089e+00 2.979999999999999793e-04 -1.051999999999999984e-03 9.999989999999999712e-01 -3.528180000000000205e-01 9.356919999999999682e-01 1.090000000000000040e-03 -9.356919999999999682e-01 -3.528180000000000205e-01 -9.299999999999999727e-05
1.800000000000000000e+01 2.600000000000000000e+01 6.400000000000000000e+01 0.000000000000000000e+00 1.600000000000000089e+00 1.628000000000000107e-03 8.595999999999999475e-03 9.999620000000000175e-01 -3.590090000000000225e-01 9.333040000000000225e-01 -7.438000000000000167e-03 -9.333329999999999682e-01 -3.589829999999999965e-01 4.604999999999999719e-03
2.400000000000000000e+01 2.600000000000000000e+01 6.400000000000000000e+01 0.000000000000000000e+00 1.600000000000000089e+00 -1.090000000000000067e-04 -1.428000000000000016e-03 9.999989999999999712e-01 -3.647029999999999994e-01 9.311230000000000340e-01 1.288999999999999998e-03 -9.311239999999999517e-01 -3.647029999999999994e-01 -6.229999999999999644e-04
2.000000000000000000e+01 7.300000000000000000e+01 6.400000000000000000e+01 0.000000000000000000e+00 1.600000000000000089e+00 -9.697369999999999601e-01 1.568229999999999902e-01 -1.871269999999999878e-01 -1.486389999999999934e-01 -9.872429999999999817e-01 -5.708300000000000179e-02 -1.936910000000000021e-01 -2.754099999999999951e-02 9.806759999999999922e-01
4.000000000000000000e+00 8.200000000000000000e+01 6.800000000000000000e+01 0.000000000000000000e+00 1.600000000000000089e+00 6.462309999999999999e-01 -4.432079999999999909e-01 6.212499999999999689e-01 -6.089379999999999793e-01 -7.901479999999999615e-01 6.972200000000000619e-02 4.599779999999999980e-01 -4.233589999999999853e-01 -7.805039999999999756e-01
3.000000000000000000e+00 8.200000000000000000e+01 7.000000000000000000e+01 0.000000000000000000e+00 1.600000000000000089e+00 6.630559999999999787e-01 -5.203100000000000502e-01 5.381759999999999877e-01 -6.042459999999999498e-01 -7.963900000000000423e-01 -2.549399999999999930e-02 4.418630000000000058e-01 -3.082869999999999777e-01 -8.424469999999999459e-01
