3.000000000000000000e+00 1.500000000000000000e+01 4.000000000000000000e+00 0.000000000000000000e+00 1.600000000000000089e+00 -2.305000000000000191e-03 1.152199999999999926e-02 9.999310000000000143e-01 2.947250000000000147e-01 -9.555109999999999992e-01 1.169000000000000074e-02 9.555789999999999562e-01 2.947310000000000207e-01 -1.193999999999999966e-03
9.000000000000000000e+00 1.500000000000000000e+01 4.000000000000000000e+00 0.000000000000000000e+00 1.600000000000000089e+00 2.462999999999999912e-03 2.422300000000000147e-02 9.997040000000000370e-01 2.904820000000000180e-01 -9.566170000000000506e-01 2.246400000000000133e-02 9.568769999999999776e-01 2.903399999999999870e-01 -9.391999999999999307e-03
1.400000000000000000e+01 1.500000000000000000e+01 4.000000000000000000e+00 0.000000000000000000e+00 1.600000000000000089e+00 4.568000000000000012e-03 3.164100000000000246e-02 9.994889999999999608e-01 2.948589999999999822e-01 -9.551039999999999530e-01 2.888800000000000048e-02 9.555299999999999905e-01 2.945769999999999778e-01 -1.369199999999999931e-02
2.000000000000000000e+01 1.500000000000000000e+01 4.000000000000000000e+00 0.000000000000000000e+00 1.600000000000000089e+00 -5.531000000000000326e-03 9.469999999999999252e-03 9.999400000000000510e-01 2.943319999999999825e-01 -9.556440000000000490e-01 1.067799999999999999e-02 9.556869999999999532e-01 2.943729999999999958e-01 2.497999999999999787e-03
2.300000000000000000e+01 1.500000000000000000e+01 4.000000000000000000e+00 0.000000000000000000e+00 1.600000000000000089e+00 -4.449999999999999963e-03 8.290999999999999759e-03 9.999559999999999560e-01 2.897790000000000088e-01 -9.570490000000000386e-01 9.225000000000000561e-03 9.570830000000000171e-01 2.898069999999999813e-01 1.856000000000000011e-03
3.000000000000000000e+01 1.010000000000000000e+02 7.000000000000000000e+00 0.000000000000000000e+00 1.600000000000000089e+00 4.080000000000000293e-03 6.556099999999999428e-02 9.978399999999999492e-01 8.876680000000000126e-01 4.592419999999999836e-01 -3.380299999999999971e-02 -4.604659999999999864e-01 8.858890000000000375e-01 -5.632299999999999807e-02
5.000000000000000000e+00 1.500000000000000000e+01 8.000000000000000000e+00 0.000000000000000000e+00 1.600000000000000089e+00 5.287000000000000033e-03 1.286999999999999950e-02 -9.999029999999999863e-01 -5.934859999999999580e-01 -8.047309999999999741e-01 -1.349599999999999932e-02 -8.048269999999999591e-01 5.935000000000000275e-01 3.383999999999999855e-03
9.000000000000000000e+00 1.500000000000000000e+01 8.000000000000000000e+00 0.000000000000000000e+00 1.600000000000000089e+00 4.022999999999999667e-03 2.273100000000000120e-02 -9.997340000000000115e-01 -5.910800000000000498e-01 -8.063470000000000359e-01 -2.071200000000000124e-02 -8.066029999999999589e-01 5.910060000000000313e-01 1.019199999999999967e-02
1.300000000000000000e+01 1.500000000000000000e+01 8.000000000000000000e+00 0.000000000000000000e+00 1.600000000000000089e+00 3.975000000000000235e-03 3.025699999999999917e-02 -9.995340000000000336e-01 -5.887499999999999956e-01 -8.078710000000000058e-01 -2.679700000000000137e-02 -8.083050000000000512e-01 5.885820000000000496e-01 1.460200000000000040e-02
1.700000000000000000e+01 1.500000000000000000e+01 8.000000000000000000e+00 0.000000000000000000e+00 1.600000000000000089e+00 7.435999999999999902e-03 1.856899999999999870e-02 -9.998000000000000220e-01 -5.862119999999999553e-01 -8.099250000000000060e-01 -1.940199999999999911e-02 -8.101239999999999553e-01 5.862389999999999546e-01 4.863000000000000135e-03
2.200000000000000000e+01 1.500000000000000000e+01 8.000000000000000000e+00 0.000000000000000000e+00 1.600000000000000089e+00 9.143000000000000085e-03 9.081999999999999795e-03 -9.999169999999999447e-01 -5.824690000000000145e-01 -8.127529999999999477e-01 -1.270899999999999981e-02 -8.128009999999999957e-01 5.825369999999999715e-01 -2.141000000000000108e-03
2.600000000000000000e+01 1.500000000000000000e+01 8.000000000000000000e+00 0.000000000000000000e+00 1.600000000000000089e+00 9.471999999999999517e-03 1.668800000000000144e-02 -9.998160000000000380e-01 -5.800119999999999720e-01 -8.143839999999999968e-01 -1.908699999999999980e-02 -8.145529999999999715e-01 5.800859999999999905e-01 1.965000000000000167e-03
2.300000000000000000e+01 2.600000000000000000e+01 8.000000000000000000e+00 0.000000000000000000e+00 1.600000000000000089e+00 -8.633000000000000049e-03 -1.457899999999999995e-02 -9.998559999999999670e-01 4.046910000000000229e-01 9.142980000000000551e-01 -1.682600000000000068e-02 9.144130000000000313e-01 -4.047789999999999999e-01 -1.992999999999999980e-03
2.900000000000000000e+01 2.600000000000000000e+01 8.000000000000000000e+00 0.000000000000000000e+00 1.600000000000000089e+00 -4.552999999999999756e-03 -1.139699999999999915e-02 -9.999249999999999527e-01 4.097819999999999796e-01 9.121010000000000506e-01 -1.226200000000000033e-02 9.121719999999999828e-01 -4.098069999999999768e-01 5.169999999999999899e-04
9.000000000000000000e+00 2.400000000000000000e+01 9.000000000000000000e+00 0.000000000000000000e+00 1.600000000000000089e+00 -4.937000000000000416e-03 -8.033000000000000210e-03 -9.999559999999999560e-01 4.536850000000000049e-01 8.911130000000000440e-01 -9.398999999999999369e-03 8.911480000000000512e-01 -4.537109999999999754e-01 -7.550000000000000287e-04
1.700000000000000000e+01 2.400000000000000000e+01 9.000000000000000000e+00 0.000000000000000000e+00 1.600000000000000089e+00 -5.398000000000000020e-03 -1.457499999999999941e-02 -9.998789999999999623e-01 4.573570000000000135e-01 8.891489999999999672e-01 -1.542999999999999927e-02 8.892670000000000297e-01 -4.573849999999999860e-01 1.866000000000000037e-03
2.700000000000000000e+01 2.400000000000000000e+01 9.000000000000000000e+00 0.000000000000000000e+00 1.600000000000000089e+00 -7.089999999999999948e-03 -1.234999999999999987e-02 -9.998989999999999823e-01 4.635750000000000148e-01 8.859430000000000360e-01 -1.422900000000000033e-02 8.860289999999999555e-01 -4.636290000000000133e-01 -5.559999999999999621e-04
4.000000000000000000e+00 4.000000000000000000e+00 1.100000000000000000e+01 0.000000000000000000e+00 1.600000000000000089e+00 7.709999999999999840e-04 -1.000299999999999974e-02 -9.999500000000000055e-01 1.770579999999999932e-01 9.841529999999999445e-01 -9.709000000000000616e-03 9.841999999999999638e-01 -1.770420000000000049e-01 2.528999999999999998e-03
1.000000000000000000e+01 4.000000000000000000e+00 1.100000000000000000e+01 0.000000000000000000e+00 1.600000000000000089e+00 -1.402000000000000034e-03 -2.108900000000000011e-02 -9.997770000000000268e-01 1.821450000000000014e-01 9.830480000000000329e-01 -2.099099999999999924e-02 9.832710000000000061e-01 -1.821339999999999903e-01 2.462999999999999912e-03
2.000000000000000000e+01 4.000000000000000000e+00 1.100000000000000000e+01 0.000000000000000000e+00 1.600000000000000089e+00 -8.700000000000000051e-05 -1.616999999999999948e-03 -9.999989999999999712e-01 1.944339999999999957e-01 9.809139999999999526e-01 -1.603000000000000041e-03 9.809160000000000101e-01 -1.944339999999999957e-01 2.290000000000000098e-04
2.300000000000000000e+01 4.000000000000000000e+00 1.100000000000000000e+01 0.000000000000000000e+00 1.600000000000000089e+00 6.610000000000000207e-04 5.249000000000000193e-03 -9.999860000000000415e-01 1.912810000000000066e-01 9.815209999999999768e-01 5.278999999999999838e-03 9.815350000000000463e-01 -1.912820000000000076e-01 -3.559999999999999797e-04
2.700000000000000000e+01 4.000000000000000000e+00 1.100000000000000000e+01 0.000000000000000000e+00 1.600000000000000089e+00 1.623000000000000094e-03 1.830499999999999836e-02 -9.998310000000000253e-01 1.812149999999999872e-01 9.832729999999999526e-01 1.829599999999999976e-02 9.834420000000000384e-01 -1.812139999999999862e-01 -1.721000000000000090e-03
2.300000000000000000e+01 1.040000000000000000e+02 1.100000000000000000e+01 0.000000000000000000e+00 1.600000000000000089e+00 4.269000000000000225e-03 4.800000000000000122e-05 9.999909999999999632e-01 -9.751239999999999908e-01 -2.216190000000000104e-01 4.173999999999999759e-03 2.216170000000000084e-01 -9.751330000000000275e-01 -8.989999999999999511e-04
2.800000000000000000e+01 1.040000000000000000e+02 1.100000000000000000e+01 0.000000000000000000e+00 1.600000000000000089e+00 7.839000000000000482e-03 8.387000000000000358e-03 9.999339999999999895e-01 -9.732969999999999677e-01 -2.293520000000000003e-01 9.553999999999999992e-03 2.294170000000000098e-01 -9.733079999999999510e-01 6.364999999999999998e-03
9.000000000000000000e+00 3.100000000000000000e+01 1.200000000000000000e+01 0.000000000000000000e+00 1.600000000000000089e+00 1.859999999999999945e-04 -1.683000000000000034e-03 9.999989999999999712e-01 -2.021200000000000080e-02 9.997939999999999605e-01 1.686999999999999915e-03 -9.997960000000000180e-01 -2.021200000000000080e-02 1.520000000000000084e-04
1.900000000000000000e+01 3.100000000000000000e+01 1.200000000000000000e+01 0.000000000000000000e+00 1.600000000000000089e+00 -3.399999999999999973e-05 -6.669999999999999497e-04 1.000000000000000000e+00 -2.038399999999999934e-02 9.997920000000000140e-01 6.669999999999999497e-04 -9.997920000000000140e-01 -2.038399999999999934e-02 -4.699999999999999724e-05
2.600000000000000000e+01 3.100000000000000000e+01 1.200000000000000000e+01 0.000000000000000000e+00 1.600000000000000089e+00 2.864999999999999925e-03 3.425999999999999792e-03 9.999900000000000455e-01 -2.321900000000000006e-02 9.997249999999999748e-01 -3.357999999999999874e-03 -9.997260000000000035e-01 -2.320900000000000046e-02 2.944000000000000002e-03
2.600000000000000000e+01 3.500000000000000000e+01 1.200000000000000000e+01 0.000000000000000000e+00 1.600000000000000089e+00 3.586999999999999911e-03 2.505999999999999981e-03 -9.999900000000000455e-01 4.900309999999999944e-01 -8.717049999999999521e-01 -4.270000000000000249e-04 -8.716979999999999729e-01 -4.900249999999999884e-01 -4.355000000000000364e-03
2.900000000000000000e+01 3.500000000000000000e+01 1.200000000000000000e+01 0.000000000000000000e+00 1.600000000000000089e+00 5.001000000000000237e-03 9.539999999999999869e-04 -9.999869999999999592e-01 4.959259999999999780e-01 -8.683629999999999960e-01 1.650999999999999907e-03 -8.683499999999999552e-01 -4.959279999999999800e-01 -4.815999999999999968e-03
3.000000000000000000e+00 3.000000000000000000e+00 1.300000000000000000e+01 0.000000000000000000e+00 1.600000000000000089e+00 -1.613999999999999983e-03 -8.111000000000000154e-03 9.999660000000000215e-01 -1.251999999999999988e-02 9.998890000000000278e-01 8.089999999999999969e-03 -9.999200000000000310e-01 -1.250700000000000076e-02 -1.714999999999999945e-03
1.000000000000000000e+01 3.000000000000000000e+00 1.300000000000000000e+01 0.000000000000000000e+00 1.600000000000000089e+00 -1.902999999999999961e-03 -2.257699999999999985e-02 9.997430000000000483e-01 -1.444999999999999930e-02 9.996410000000000018e-01 2.254799999999999860e-02 -9.998939999999999495e-01 -1.440299999999999914e-02 -2.229000000000000078e-03
1.200000000000000000e+01 3.200000000000000000e+01 1.400000000000000000e+01 0.000000000000000000e+00 1.600000000000000089e+00 -1.183999999999999940e-03 -2.825999999999999953e-03 -9.999949999999999672e-01 1.204250000000000043e-01 9.927179999999999893e-01 -2.948000000000000100e-03 9.927219999999999933e-01 -1.204279999999999934e-01 -8.350000000000000217e-04
1.400000000000000000e+01 3.200000000000000000e+01 1.400000000000000000e+01 0.000000000000000000e+00 1.600000000000000089e+00 -8.339999999999999974e-04 -3.252999999999999815e-03 -9.999940000000000495e-01 1.176999999999999991e-01 9.930440000000000378e-01 -3.328999999999999928e-03 9.930489999999999595e-01 -1.177020000000000011e-01 -4.459999999999999989e-04
2.400000000000000000e+01 3.200000000000000000e+01 1.400000000000000000e+01 0.000000000000000000e+00 1.600000000000000089e+00 -1.396000000000000105e-03 -1.179999999999999951e-04 -9.999989999999999712e-01 1.131769999999999998e-01 9.935749999999999860e-01 -2.750000000000000166e-04 9.935739999999999572e-01 -1.131769999999999998e-01 -1.373000000000000088e-03
3.000000000000000000e+00 1.200000000000000000e+01 1.500000000000000000e+01 0.000000000000000000e+00 1.600000000000000089e+00 2.027999999999999855e-03 3.605999999999999830e-03 -9.999909999999999632e-01 -4.682520000000000016e-01 -8.835849999999999538e-01 -4.135999999999999920e-03 -8.835929999999999618e-01 4.682560000000000056e-01 -1.039999999999999936e-04
9.000000000000000000e+00 1.200000000000000000e+01 1.500000000000000000e+01 0.000000000000000000e+00 1.600000000000000089e+00 2.841999999999999908e-03 8.419999999999999750e-04 -9.999959999999999960e-01 -4.690050000000000052e-01 -8.831930000000000058e-01 -2.076999999999999853e-03 -8.831909999999999483e-01 4.690090000000000092e-01 -2.115000000000000126e-03
1.800000000000000000e+01 1.200000000000000000e+01 1.500000000000000000e+01 0.000000000000000000e+00 1.600000000000000089e+00 3.203999999999999817e-03 1.502000000000000080e-03 -9.999940000000000495e-01 -4.705570000000000030e-01 -8.823649999999999549e-01 -2.833000000000000015e-03 -8.823640000000000372e-01 4.705630000000000090e-01 -2.121000000000000055e-03
3.000000000000000000e+01 1.200000000000000000e+01 1.500000000000000000e+01 0.000000000000000000e+00 1.600000000000000089e+00 7.191000000000000343e-03 1.201499999999999964e-02 -9.999019999999999575e-01 -4.685719999999999885e-01 -8.833149999999999613e-01 -1.398399999999999990e-02 -8.833959999999999591e-01 4.686270000000000158e-01 -7.219999999999999855e-04
1.200000000000000000e+01 1.100000000000000000e+01 1.600000000000000000e+01 0.000000000000000000e+00 1.600000000000000089e+00 1.239000000000000084e-03 1.214999999999999934e-03 -9.999989999999999712e-01 -4.152930000000000232e-01 -9.096859999999999946e-01 -1.619999999999999912e-03 -9.096870000000000234e-01 4.152950000000000252e-01 -6.220000000000000485e-04
1.800000000000000000e+01 1.100000000000000000e+01 1.600000000000000000e+01 0.000000000000000000e+00 1.600000000000000089e+00 2.314999999999999784e-03 1.824000000000000100e-03 -9.999959999999999960e-01 -4.198770000000000002e-01 -9.075769999999999671e-01 -2.628000000000000128e-03 -9.075779999999999959e-01 4.198810000000000042e-01 -1.335000000000000032e-03
2.500000000000000000e+01 1.100000000000000000e+01 1.600000000000000000e+01 0.000000000000000000e+00 1.600000000000000089e+00 4.166000000000000432e-03 2.642999999999999950e-03 -9.999879999999999880e-01 -4.208160000000000234e-01 -9.071369999999999711e-01 -4.151000000000000176e-03 -9.071369999999999711e-01 4.208279999999999799e-01 -2.667000000000000100e-03
6.000000000000000000e+00 1.160000000000000000e+02 1.600000000000000000e+01 0.000000000000000000e+00 1.600000000000000089e+00 -6.562000000000000124e-03 -6.589000000000000239e-03 9.999569999999999848e-01 7.012859999999999649e-01 7.128189999999999804e-01 9.298999999999999974e-03 -7.128489999999999549e-01 7.013169999999999682e-01 -5.700000000000000314e-05
2.700000000000000000e+01 1.160000000000000000e+02 1.600000000000000000e+01 0.000000000000000000e+00 1.600000000000000089e+00 6.740000000000000331e-03 4.525999999999999641e-03 9.999670000000000503e-01 7.409909999999999553e-01 6.714670000000000361e-01 -8.033000000000000210e-03 -6.714809999999999945e-01 7.410210000000000408e-01 1.172000000000000082e-03
4.000000000000000000e+00 2.000000000000000000e+00 1.900000000000000000e+01 0.000000000000000000e+00 1.600000000000000089e+00 -1.727000000000000019e-03 -5.696999999999999807e-03 -9.999820000000000375e-01 2.052249999999999908e-01 -9.787010000000000431e-01 5.220999999999999946e-03 -9.787130000000000551e-01 -2.052130000000000065e-01 2.858999999999999996e-03
8.000000000000000000e+00 2.000000000000000000e+00 1.900000000000000000e+01 0.000000000000000000e+00 1.600000000000000089e+00 -1.809999999999999977e-03 7.479999999999999670e-04 -9.999980000000000535e-01 2.074749999999999928e-01 -9.782399999999999984e-01 -1.106999999999999911e-03 -9.782389999999999697e-01 -2.074759999999999938e-01 1.614999999999999899e-03
1.300000000000000000e+01 2.000000000000000000e+00 1.900000000000000000e+01 0.000000000000000000e+00 1.600000000000000089e+00 -4.016999999999999738e-03 8.344000000000000722e-03 -9.999569999999999848e-01 2.064680000000000126e-01 -9.784119999999999484e-01 -8.992999999999999258e-03 -9.784450000000000092e-01 -2.064950000000000119e-01 2.207000000000000194e-03
1.800000000000000000e+01 2.000000000000000000e+00 1.900000000000000000e+01 0.000000000000000000e+00 1.600000000000000089e+00 -3.449999999999999833e-04 3.033999999999999805e-03 -9.999949999999999672e-01 1.981300000000000006e-01 -9.801710000000000145e-01 -3.041999999999999999e-03 -9.801760000000000472e-01 -1.981300000000000006e-01 -2.629999999999999959e-04
2.200000000000000000e+01 2.000000000000000000e+00 1.900000000000000000e+01 0.000000000000000000e+00 1.600000000000000089e+00 3.889000000000000096e-03 -1.730900000000000147e-02 -9.998430000000000373e-01 1.890600000000000058e-01 -9.818050000000000388e-01 1.773200000000000123e-02 -9.819579999999999975e-01 -1.890989999999999893e-01 -5.460000000000000443e-04
2.600000000000000000e+01 2.000000000000000000e+00 1.900000000000000000e+01 0.000000000000000000e+00 1.600000000000000089e+00 -1.420000000000000092e-04 -1.206400000000000007e-02 -9.999270000000000103e-01 1.855249999999999955e-01 -9.825679999999999970e-01 1.182799999999999997e-02 -9.826399999999999579e-01 -1.855100000000000082e-01 2.377999999999999906e-03
2.000000000000000000e+00 1.300000000000000000e+01 2.000000000000000000e+01 0.000000000000000000e+00 1.600000000000000089e+00 -2.468999999999999841e-03 -6.224999999999999631e-03 9.999780000000000335e-01 2.631350000000000078e-01 9.647360000000000380e-01 6.655999999999999590e-03 -9.647559999999999469e-01 2.631459999999999910e-01 -7.439999999999999782e-04
1.000000000000000000e+01 1.300000000000000000e+01 2.000000000000000000e+01 0.000000000000000000e+00 1.600000000000000089e+00 2.896999999999999836e-03 1.435999999999999993e-03 9.999949999999999672e-01 2.627059999999999951e-01 9.648729999999999807e-01 -2.145999999999999904e-03 -9.648710000000000342e-01 2.627109999999999723e-01 2.418000000000000010e-03
1.300000000000000000e+01 1.300000000000000000e+01 2.000000000000000000e+01 0.000000000000000000e+00 1.600000000000000089e+00 1.224999999999999960e-03 -4.062999999999999771e-03 9.999909999999999632e-01 2.616319999999999757e-01 9.651610000000000467e-01 3.601000000000000034e-03 -9.651669999999999972e-01 2.616249999999999964e-01 2.246000000000000166e-03
1.800000000000000000e+01 1.300000000000000000e+01 2.000000000000000000e+01 0.000000000000000000e+00 1.600000000000000089e+00 -6.600000000000000506e-05 -5.727999999999999585e-03 9.999839999999999840e-01 2.608539999999999748e-01 9.653620000000000534e-01 5.546999999999999847e-03 -9.653779999999999584e-01 2.608500000000000263e-01 1.430999999999999980e-03
2.200000000000000000e+01 1.300000000000000000e+01 2.000000000000000000e+01 0.000000000000000000e+00 1.600000000000000089e+00 2.641000000000000118e-03 -3.699999999999999947e-04 9.999959999999999960e-01 2.578500000000000236e-01 9.661849999999999605e-01 -3.229999999999999907e-04 -9.661809999999999565e-01 2.578500000000000236e-01 2.647000000000000047e-03
3.000000000000000000e+01 1.300000000000000000e+01 2.000000000000000000e+01 0.000000000000000000e+00 1.600000000000000089e+00 -1.497999999999999983e-03 -3.131000000000000102e-03 9.999940000000000495e-01 2.534580000000000166e-01 9.673399999999999777e-01 3.409000000000000138e-03 -9.673450000000000104e-01 2.534620000000000206e-01 -6.549999999999999833e-04
2.700000000000000000e+01 3.000000000000000000e+00 2.500000000000000000e+01 0.000000000000000000e+00 1.600000000000000089e+00 -2.860000000000000129e-04 -4.020000000000000136e-04 1.000000000000000000e+00 2.039699999999999847e-02 -9.997920000000000140e-01 -3.959999999999999762e-04 9.997920000000000140e-01 2.039699999999999847e-02 2.939999999999999905e-04
7.000000000000000000e+00 4.600000000000000000e+01 2.700000000000000000e+01 0.000000000000000000e+00 1.600000000000000089e+00 -4.150000000000000043e-04 -1.268999999999999946e-03 -9.999989999999999712e-01 6.659019999999999939e-01 7.460379999999999789e-01 -1.224000000000000045e-03 7.460390000000000077e-01 -6.659019999999999939e-01 5.349999999999999938e-04
1.400000000000000000e+01 4.600000000000000000e+01 2.700000000000000000e+01 0.000000000000000000e+00 1.600000000000000089e+00 -1.721000000000000090e-03 -1.110000000000000092e-03 -9.999980000000000535e-01 6.622169999999999446e-01 7.493100000000000316e-01 -1.971999999999999795e-03 7.493100000000000316e-01 -6.622190000000000021e-01 -5.550000000000000462e-04
2.200000000000000000e+01 4.600000000000000000e+01 2.700000000000000000e+01 0.000000000000000000e+00 1.600000000000000089e+00 3.624000000000000051e-03 3.939999999999999926e-03 -9.999860000000000415e-01 6.680530000000000079e-01 7.440949999999999509e-01 5.353000000000000119e-03 7.441050000000000164e-01 -6.680629999999999624e-01 6.499999999999999431e-05
2.000000000000000000e+00 4.600000000000000000e+01 3.000000000000000000e+01 0.000000000000000000e+00 1.600000000000000089e+00 1.639999999999999965e-03 3.455000000000000172e-03 -9.999930000000000208e-01 3.173940000000000095e-01 9.482859999999999623e-01 3.797000000000000028e-03 9.482920000000000238e-01 -3.173980000000000135e-01 4.580000000000000195e-04
1.200000000000000000e+01 4.600000000000000000e+01 3.000000000000000000e+01 0.000000000000000000e+00 1.600000000000000089e+00 -1.433000000000000029e-03 -3.969999999999999571e-03 -9.999909999999999632e-01 3.199719999999999787e-01 9.474169999999999536e-01 -4.219999999999999793e-03 9.474259999999999904e-01 -3.199759999999999827e-01 -8.799999999999999771e-05
5.000000000000000000e+00 5.800000000000000000e+01 3.100000000000000000e+01 0.000000000000000000e+00 1.600000000000000089e+00 5.550000000000000462e-04 1.347000000000000107e-03 9.999989999999999712e-01 -7.802050000000000374e-01 -6.255230000000000512e-01 1.275000000000000092e-03 6.255239999999999689e-01 -7.802050000000000374e-01 7.029999999999999574e-04
1.200000000000000000e+01 5.800000000000000000e+01 3.100000000000000000e+01 0.000000000000000000e+00 1.600000000000000089e+00 -5.127999999999999746e-03 -1.052499999999999963e-02 9.999310000000000143e-01 -7.699669999999999570e-01 -6.379939999999999500e-01 -1.066399999999999987e-02 6.380620000000000180e-01 -7.699690000000000145e-01 -4.832000000000000357e-03
2.300000000000000000e+01 5.800000000000000000e+01 3.100000000000000000e+01 0.000000000000000000e+00 1.600000000000000089e+00 8.422999999999999932e-03 1.628999999999999893e-02 9.998320000000000540e-01 -7.663050000000000139e-01 -6.422539999999999916e-01 1.692000000000000101e-02 6.424220000000000486e-01 -7.663189999999999724e-01 7.073000000000000294e-03
2.900000000000000000e+01 5.800000000000000000e+01 3.100000000000000000e+01 0.000000000000000000e+00 1.600000000000000089e+00 3.053999999999999857e-03 5.464000000000000107e-03 9.999799999999999800e-01 -7.665269999999999584e-01 -6.421860000000000346e-01 5.850000000000000165e-03 6.422050000000000258e-01 -7.665290000000000159e-01 2.226999999999999813e-03
2.400000000000000000e+01 6.000000000000000000e+00 3.200000000000000000e+01 0.000000000000000000e+00 1.600000000000000089e+00 -5.398000000000000020e-03 -7.500000000000000156e-04 -9.999850000000000128e-01 1.767499999999999905e-01 9.842539999999999623e-01 -1.691999999999999928e-03 9.842410000000000325e-01 -1.767569999999999975e-01 -5.180999999999999842e-03
7.000000000000000000e+00 4.200000000000000000e+01 3.400000000000000000e+01 0.000000000000000000e+00 1.600000000000000089e+00 1.938999999999999968e-03 -1.276999999999999923e-03 -9.999970000000000248e-01 -2.925980000000000247e-01 9.562340000000000284e-01 -1.789000000000000009e-03 9.562340000000000284e-01 2.926010000000000000e-01 1.480999999999999895e-03
3.000000000000000000e+00 4.600000000000000000e+01 3.500000000000000000e+01 0.000000000000000000e+00 1.600000000000000089e+00 7.259999999999999743e-04 -4.092000000000000151e-03 -9.999909999999999632e-01 3.830999999999999961e-01 -9.236980000000000190e-01 4.057999999999999975e-03 -9.237069999999999448e-01 -3.830999999999999961e-01 8.970000000000000109e-04
8.000000000000000000e+00 4.600000000000000000e+01 3.500000000000000000e+01 0.000000000000000000e+00 1.600000000000000089e+00 -2.739999999999999923e-04 -1.229999999999999974e-03 -9.999989999999999712e-01 3.856220000000000203e-01 -9.226560000000000317e-01 1.028999999999999967e-03 -9.226569999999999494e-01 -3.856209999999999916e-01 7.269999999999999987e-04
1.500000000000000000e+01 4.600000000000000000e+01 3.500000000000000000e+01 0.000000000000000000e+00 1.600000000000000089e+00 -1.105000000000000079e-03 3.007000000000000124e-03 -9.999949999999999672e-01 3.863039999999999807e-01 -9.223660000000000192e-01 -3.200000000000000153e-03 -9.223710000000000520e-01 -3.863050000000000095e-01 -1.420000000000000092e-04
2.300000000000000000e+01 4.600000000000000000e+01 3.500000000000000000e+01 0.000000000000000000e+00 1.600000000000000089e+00 2.177999999999999815e-03 2.889999999999999774e-04 -9.999980000000000535e-01 3.868429999999999924e-01 -9.221449999999999925e-01 5.760000000000000146e-04 -9.221430000000000460e-01 -3.868429999999999924e-01 -2.119999999999999923e-03
2.700000000000000000e+01 4.600000000000000000e+01 3.500000000000000000e+01 0.000000000000000000e+00 1.600000000000000089e+00 -5.199999999999999544e-04 1.111000000000000008e-03 -9.999989999999999712e-01 3.854730000000000101e-01 -9.227180000000000382e-01 -1.224999999999999960e-03 -9.227189999999999559e-01 -3.854739999999999833e-01 5.099999999999999960e-05
4.000000000000000000e+00 9.500000000000000000e+01 3.600000000000000000e+01 0.000000000000000000e+00 1.600000000000000089e+00 2.099999999999999884e-05 2.451300000000000007e-02 9.997000000000000330e-01 9.976049999999999640e-01 6.914800000000000113e-02 -1.716999999999999993e-03 -6.916899999999999438e-02 9.973049999999999971e-01 -2.445299999999999904e-02
1.100000000000000000e+01 9.500000000000000000e+01 3.600000000000000000e+01 0.000000000000000000e+00 1.600000000000000089e+00 1.689099999999999976e-02 4.310000000000000137e-04 9.998569999999999958e-01 9.972900000000000098e-01 7.160600000000000298e-02 -1.687800000000000064e-02 -7.160299999999999998e-02 9.974330000000000140e-01 7.789999999999999616e-04
1.700000000000000000e+01 9.500000000000000000e+01 3.600000000000000000e+01 0.000000000000000000e+00 1.600000000000000089e+00 -5.800999999999999733e-03 -2.461100000000000093e-02 9.996800000000000130e-01 9.974469999999999725e-01 7.101699999999999680e-02 7.536000000000000164e-03 -7.117999999999999328e-02 9.971710000000000296e-01 2.413600000000000120e-02
2.300000000000000000e+01 9.500000000000000000e+01 3.600000000000000000e+01 0.000000000000000000e+00 1.600000000000000089e+00 -8.101000000000000562e-03 -6.673600000000000365e-02 9.977380000000000138e-01 9.980069999999999775e-01 6.191200000000000175e-02 1.224500000000000068e-02 -6.258900000000000574e-02 9.958479999999999555e-01 6.610199999999999410e-02
2.800000000000000000e+01 9.500000000000000000e+01 3.600000000000000000e+01 0.000000000000000000e+00 1.600000000000000089e+00 -6.602000000000000229e-03 -3.293100000000000194e-02 9.994359999999999911e-01 9.985260000000000247e-01 5.363600000000000312e-02 8.363000000000000642e-03 -5.388099999999999834e-02 9.980170000000000430e-01 3.252800000000000136e-02
1.400000000000000000e+01 9.500000000000000000e+01 3.700000000000000000e+01 0.000000000000000000e+00 1.600000000000000089e+00 6.931999999999999794e-03 -1.692000000000000101e-02 9.998329999999999718e-01 9.958949999999999747e-01 9.035200000000000176e-02 -5.375999999999999703e-03 -9.024600000000000677e-02 9.957660000000000400e-01 1.747699999999999948e-02
3.000000000000000000e+00 3.000000000000000000e+00 4.300000000000000000e+01 0.000000000000000000e+00 1.600000000000000089e+00 3.157000000000000084e-03 -2.539999999999999940e-04 -9.999949999999999672e-01 7.408989999999999743e-01 -6.716119999999999868e-01 2.508999999999999946e-03 -6.716090000000000115e-01 -7.409029999999999783e-01 -1.931999999999999907e-03
8.000000000000000000e+00 3.000000000000000000e+00 4.300000000000000000e+01 0.000000000000000000e+00 1.600000000000000089e+00 -1.118000000000000070e-03 -1.271699999999999914e-02 -9.999190000000000023e-01 7.417420000000000124e-01 -6.706410000000000426e-01 7.700000000000000247e-03 -6.706839999999999469e-01 -7.416730000000000267e-01 1.018200000000000008e-02
1.400000000000000000e+01 3.000000000000000000e+00 4.300000000000000000e+01 0.000000000000000000e+00 1.600000000000000089e+00 -2.758000000000000035e-03 -8.016999999999999821e-03 -9.999639999999999640e-01 7.379890000000000061e-01 -6.748039999999999594e-01 3.374999999999999962e-03 -6.748070000000000457e-01 -7.379529999999999701e-01 7.778000000000000191e-03
2.900000000000000000e+01 3.000000000000000000e+00 4.300000000000000000e+01 0.000000000000000000e+00 1.600000000000000089e+00 4.863000000000000135e-03 1.841500000000000081e-02 -9.998190000000000133e-01 7.411550000000000082e-01 -6.712770000000000126e-01 -8.758999999999999425e-03 -6.713170000000000526e-01 -7.409780000000000255e-01 -1.691300000000000095e-02
1.400000000000000000e+01 8.000000000000000000e+00 4.400000000000000000e+01 0.000000000000000000e+00 1.600000000000000089e+00 1.464000000000000024e-03 1.327000000000000055e-03 9.999980000000000535e-01 -7.736439999999999984e-01 -6.336169999999999858e-01 1.972999999999999927e-03 6.336180000000000145e-01 -7.736459999999999448e-01 9.899999999999999404e-05
2.200000000000000000e+01 8.000000000000000000e+00 4.400000000000000000e+01 0.000000000000000000e+00 1.600000000000000089e+00 -5.369999999999999774e-03 -1.056700000000000000e-02 9.999299999999999855e-01 -7.650519999999999543e-01 -6.438760000000000039e-01 -1.091300000000000082e-02 6.439460000000000184e-01 -7.650569999999999871e-01 -4.627000000000000036e-03
2.800000000000000000e+01 8.000000000000000000e+00 4.400000000000000000e+01 0.000000000000000000e+00 1.600000000000000089e+00 3.000000000000000076e-06 -2.462000000000000213e-03 9.999970000000000248e-01 -7.672080000000000011e-01 -6.413959999999999662e-01 -1.577000000000000060e-03 6.413980000000000237e-01 -7.672060000000000546e-01 -1.891000000000000103e-03
2.000000000000000000e+00 2.900000000000000000e+01 4.400000000000000000e+01 0.000000000000000000e+00 1.600000000000000089e+00 -1.610000000000000103e-03 1.389000000000000044e-03 -9.999980000000000535e-01 6.799410000000000176e-01 7.332670000000000021e-01 -7.600000000000000418e-05 7.332649999999999446e-01 -6.799389999999999601e-01 -2.125000000000000153e-03
7.000000000000000000e+00 2.900000000000000000e+01 4.400000000000000000e+01 0.000000000000000000e+00 1.600000000000000089e+00 1.010000000000000020e-04 1.355000000000000085e-03 -9.999989999999999712e-01 6.780329999999999968e-01 7.350309999999999899e-01 1.064000000000000059e-03 7.350320000000000187e-01 -6.780319999999999681e-01 -8.450000000000000479e-04
1.300000000000000000e+01 2.900000000000000000e+01 4.400000000000000000e+01 0.000000000000000000e+00 1.600000000000000089e+00 -6.019999999999999961e-04 1.221000000000000080e-03 -9.999989999999999712e-01 6.629439999999999777e-01 7.486690000000000289e-01 5.150000000000000498e-04 7.486690000000000289e-01 -6.629429999999999490e-01 -1.260000000000000052e-03
2.400000000000000000e+01 2.900000000000000000e+01 4.400000000000000000e+01 0.000000000000000000e+00 1.600000000000000089e+00 2.999999999999999737e-04 8.000000000000000383e-04 -1.000000000000000000e+00 6.578549999999999676e-01 7.531449999999999534e-01 8.000000000000000383e-04 7.531449999999999534e-01 -6.578549999999999676e-01 -2.999999999999999737e-04
2.800000000000000000e+01 2.900000000000000000e+01 4.400000000000000000e+01 0.000000000000000000e+00 1.600000000000000089e+00 -2.203000000000000097e-03 -3.583999999999999946e-03 -9.999909999999999632e-01 6.564419999999999700e-01 7.543649999999999523e-01 -4.150000000000000043e-03 7.543729999999999603e-01 -6.564459999999999740e-01 6.909999999999999910e-04
9.000000000000000000e+00 1.150000000000000000e+02 5.100000000000000000e+01 0.000000000000000000e+00 1.600000000000000089e+00 -2.635999999999999888e-03 -7.379000000000000142e-03 9.999689999999999968e-01 8.449759999999999494e-01 -5.348009999999999708e-01 -1.719000000000000042e-03 5.347969999999999668e-01 8.449459999999999749e-01 7.644999999999999886e-03
1.400000000000000000e+01 7.000000000000000000e+00 5.200000000000000000e+01 0.000000000000000000e+00 1.600000000000000089e+00 -2.268000000000000051e-03 -5.903000000000000261e-03 -9.999799999999999800e-01 9.895800000000000429e-02 -9.950759999999999605e-01 5.649999999999999641e-03 -9.950890000000000013e-01 -9.894300000000000317e-02 2.841000000000000209e-03
2.100000000000000000e+01 7.000000000000000000e+00 5.200000000000000000e+01 0.000000000000000000e+00 1.600000000000000089e+00 4.209999999999999875e-04 -4.819999999999999632e-03 -9.999879999999999880e-01 9.657499999999999418e-02 -9.953140000000000320e-01 4.838000000000000286e-03 -9.953260000000000440e-01 -9.657599999999999518e-02 4.600000000000000004e-05
4.000000000000000000e+00 1.500000000000000000e+01 5.300000000000000000e+01 0.000000000000000000e+00 1.600000000000000089e+00 -3.314999999999999804e-03 -5.130000000000000011e-03 -9.999810000000000088e-01 6.820720000000000116e-01 7.312600000000000211e-01 -6.013000000000000116e-03 7.312769999999999548e-01 -6.820800000000000196e-01 1.075000000000000001e-03
2.800000000000000000e+01 1.500000000000000000e+01 5.300000000000000000e+01 0.000000000000000000e+00 1.600000000000000089e+00 -2.649999999999999903e-04 3.499999999999999693e-05 -1.000000000000000000e+00 6.791310000000000402e-01 7.340170000000000305e-01 -1.540000000000000028e-04 7.340170000000000305e-01 -6.791310000000000402e-01 -2.180000000000000134e-04
7.000000000000000000e+00 6.300000000000000000e+01 5.400000000000000000e+01 0.000000000000000000e+00 1.600000000000000089e+00 -1.182000000000000108e-03 4.389999999999999914e-04 9.999989999999999712e-01 -3.518669999999999853e-01 9.360500000000000487e-01 -8.270000000000000441e-04 -9.360490000000000199e-01 -3.518669999999999853e-01 -9.520000000000000467e-04
1.300000000000000000e+01 6.300000000000000000e+01 5.400000000000000000e+01 0.000000000000000000e+00 1.600000000000000089e+00 -2.572000000000000067e-03 -1.469000000000000037e-03 9.999959999999999960e-01 -3.556170000000000164e-01 9.346320000000000183e-01 4.580000000000000195e-04 -9.346280000000000143e-01 -3.556150000000000144e-01 -2.926000000000000215e-03
2.100000000000000000e+01 6.300000000000000000e+01 5.400000000000000000e+01 0.000000000000000000e+00 1.600000000000000089e+00 3.609999999999999928e-04 -2.282999999999999873e-03 9.999970000000000248e-01 -3.510800000000000032e-01 9.363430000000000364e-01 2.263999999999999953e-03 -9.363460000000000116e-01 -3.510800000000000032e-01 -4.640000000000000027e-04
2.600000000000000000e+01 6.300000000000000000e+01 5.400000000000000000e+01 0.000000000000000000e+00 1.600000000000000089e+00 2.296999999999999997e-03 3.093999999999999962e-03 9.999930000000000208e-01 -3.513749999999999929e-01 9.362329999999999819e-01 -2.089999999999999844e-03 -9.362319999999999531e-01 -3.513669999999999849e-01 3.237999999999999993e-03
5.000000000000000000e+00 2.500000000000000000e+01 5.500000000000000000e+01 0.000000000000000000e+00 1.600000000000000089e+00 -4.470000000000000232e-04 2.164999999999999824e-03 -9.999970000000000248e-01 -1.068299999999999979e-02 -9.999409999999999688e-01 -2.160000000000000028e-03 -9.999430000000000263e-01 1.068200000000000052e-02 4.699999999999999859e-04
9.000000000000000000e+00 2.500000000000000000e+01 5.500000000000000000e+01 0.000000000000000000e+00 1.600000000000000089e+00 1.701000000000000038e-03 2.115999999999999825e-03 -9.999959999999999960e-01 -1.080000000000000057e-02 -9.999390000000000223e-01 -2.134000000000000046e-03 -9.999400000000000510e-01 1.080399999999999937e-02 -1.678000000000000021e-03
1.400000000000000000e+01 2.500000000000000000e+01 5.500000000000000000e+01 0.000000000000000000e+00 1.600000000000000089e+00 -7.100000000000000462e-05 -1.216000000000000067e-03 -9.999989999999999712e-01 -1.160600000000000000e-02 -9.999320000000000430e-01 1.216999999999999983e-03 -9.999329999999999607e-01 1.160600000000000000e-02 5.700000000000000314e-05
2.400000000000000000e+01 2.500000000000000000e+01 5.500000000000000000e+01 0.000000000000000000e+00 1.600000000000000089e+00 -6.299999999999999990e-05 2.997999999999999797e-03 -9.999949999999999672e-01 -1.369599999999999984e-02 -9.999019999999999575e-01 -2.997000000000000098e-03 -9.999059999999999615e-01 1.369599999999999984e-02 1.039999999999999936e-04
2.800000000000000000e+01 2.500000000000000000e+01 5.500000000000000000e+01 0.000000000000000000e+00 1.600000000000000089e+00 -1.273999999999999959e-03 3.360999999999999838e-03 -9.999940000000000495e-01 -1.223999999999999914e-02 -9.999190000000000023e-01 -3.344999999999999883e-03 -9.999240000000000350e-01 1.223499999999999935e-02 1.314999999999999980e-03
3.000000000000000000e+01 6.800000000000000000e+01 5.700000000000000000e+01 0.000000000000000000e+00 1.600000000000000089e+00 4.168999999999999963e-03 2.916999999999999888e-03 -9.999869999999999592e-01 -2.457789999999999975e-01 -9.693180000000000129e-01 -3.851999999999999955e-03 -9.693169999999999842e-01 2.457920000000000105e-01 -3.324000000000000132e-03
3.000000000000000000e+01 7.000000000000000000e+00 6.000000000000000000e+01 0.000000000000000000e+00 1.600000000000000089e+00 8.180000000000000422e-04 -1.589999999999999888e-04 1.000000000000000000e+00 5.703679999999999861e-01 -8.213890000000000358e-01 -5.969999999999999829e-04 8.213890000000000358e-01 5.703690000000000149e-01 -5.820000000000000520e-04
1.400000000000000000e+01 2.100000000000000000e+01 6.000000000000000000e+01 0.000000000000000000e+00 1.600000000000000089e+00 6.139999999999999625e-04 -3.386000000000000121e-03 9.999940000000000495e-01 -1.001419999999999949e-01 9.949670000000000458e-01 3.431000000000000022e-03 -9.949729999999999963e-01 -1.001439999999999969e-01 2.719999999999999979e-04
1.800000000000000000e+01 2.100000000000000000e+01 6.000000000000000000e+01 0.000000000000000000e+00 1.600000000000000089e+00 5.259999999999999919e-04 3.919999999999999873e-04 1.000000000000000000e+00 -1.009599999999999942e-01 9.948900000000000521e-01 -3.359999999999999814e-04 -9.948900000000000521e-01 -1.009599999999999942e-01 5.630000000000000239e-04
2.700000000000000000e+01 2.100000000000000000e+01 6.000000000000000000e+01 0.000000000000000000e+00 1.600000000000000089e+00 -9.060000000000000128e-04 -2.945999999999999834e-03 9.999949999999999672e-01 -9.612999999999999323e-02 9.953650000000000553e-01 2.846000000000000005e-03 -9.953680000000000305e-01 -9.612700000000000411e-02 -1.185000000000000072e-03
1.700000000000000000e+01 6.000000000000000000e+00 6.100000000000000000e+01 0.000000000000000000e+00 1.600000000000000089e+00 -7.389999999999999651e-04 5.304999999999999820e-03 9.999860000000000415e-01 5.615139999999999576e-01 -8.274529999999999941e-01 4.805000000000000243e-03 8.274669999999999526e-01 5.615099999999999536e-01 -2.367000000000000180e-03
5.000000000000000000e+00 3.000000000000000000e+00 6.300000000000000000e+01 0.000000000000000000e+00 1.600000000000000089e+00 -5.919999999999999698e-04 4.904000000000000373e-03 9.999879999999999880e-01 -6.141699999999999937e-01 7.891629999999999479e-01 -4.233999999999999916e-03 -7.891740000000000421e-01 -6.141649999999999610e-01 2.544999999999999953e-03
1.100000000000000000e+01 3.000000000000000000e+00 6.300000000000000000e+01 0.000000000000000000e+00 1.600000000000000089e+00 -5.199999999999999680e-05 -5.190000000000000386e-04 1.000000000000000000e+00 -6.135169999999999790e-01 7.896809999999999663e-01 3.780000000000000265e-04 -7.896809999999999663e-01 -6.135169999999999790e-01 -3.600000000000000227e-04
