1.700000000000000000e+01 3.000000000000000000e+00 4.000000000000000000e+00 0.000000000000000000e+00 1.600000000000000089e+00 -2.029489999999999905e-01 -1.010149999999999937e-01 -9.739649999999999697e-01 -8.797939999999999650e-01 -4.178370000000000140e-01 2.266620000000000024e-01 -4.298549999999999871e-01 9.028890000000000526e-01 -4.073000000000000231e-03
4.000000000000000000e+00 6.000000000000000000e+00 4.000000000000000000e+00 0.000000000000000000e+00 1.600000000000000089e+00 -1.202349999999999947e-01 -9.563599999999999879e-02 -9.881280000000000063e-01 -8.564610000000000278e-01 -4.933370000000000255e-01 1.519620000000000137e-01 -5.020130000000000425e-01 8.645650000000000279e-01 -2.259200000000000097e-02
1.100000000000000000e+01 1.500000000000000000e+01 4.000000000000000000e+00 0.000000000000000000e+00 1.600000000000000089e+00 -4.200000000000000174e-04 -2.429200000000000109e-02 9.997049999999999548e-01 3.162869999999999848e-01 -9.483869999999999800e-01 -2.291199999999999834e-02 9.486639999999999517e-01 3.161840000000000206e-01 8.082000000000000642e-03
1.900000000000000000e+01 1.500000000000000000e+01 4.000000000000000000e+00 0.000000000000000000e+00 1.600000000000000089e+00 -6.430000000000000169e-04 -6.068999999999999742e-03 9.999810000000000088e-01 3.099740000000000273e-01 -9.507290000000000463e-01 -5.571000000000000431e-03 9.507449999999999513e-01 3.099649999999999905e-01 2.492999999999999990e-03
2.500000000000000000e+01 1.500000000000000000e+01 4.000000000000000000e+00 0.000000000000000000e+00 1.600000000000000089e+00 -2.138999999999999842e-03 -2.595000000000000084e-03 9.999940000000000495e-01 3.089979999999999949e-01 -9.510610000000000452e-01 -1.807000000000000012e-03 9.510600000000000165e-01 3.089919999999999889e-01 2.835999999999999979e-03
1.400000000000000000e+01 1.600000000000000000e+01 4.000000000000000000e+00 0.000000000000000000e+00 1.600000000000000089e+00 -6.700000000000000226e-04 -4.579999999999999870e-03 9.999890000000000168e-01 3.815290000000000070e-01 -9.243479999999999475e-01 -3.977999999999999765e-03 9.243569999999999842e-01 3.815219999999999723e-01 2.367000000000000180e-03
1.000000000000000000e+01 1.010000000000000000e+02 7.000000000000000000e+00 0.000000000000000000e+00 1.600000000000000089e+00 -2.631000000000000092e-03 -7.931999999999999815e-03 9.999649999999999928e-01 8.862349999999999950e-01 4.631970000000000254e-01 6.006000000000000054e-03 -4.632290000000000019e-01 8.862200000000000077e-01 5.811000000000000193e-03
1.800000000000000000e+01 1.010000000000000000e+02 7.000000000000000000e+00 0.000000000000000000e+00 1.600000000000000089e+00 3.797000000000000028e-03 1.595999999999999979e-03 9.999919999999999920e-01 8.850940000000000474e-01 4.653939999999999744e-01 -4.102999999999999876e-03 -4.653970000000000051e-01 8.851020000000000554e-01 3.539999999999999853e-04
2.400000000000000000e+01 1.010000000000000000e+02 7.000000000000000000e+00 0.000000000000000000e+00 1.600000000000000089e+00 3.958999999999999846e-03 -2.113100000000000048e-02 9.997690000000000188e-01 8.910240000000000382e-01 4.539150000000000129e-01 6.066000000000000211e-03 -4.539389999999999814e-01 8.907939999999999747e-01 2.062500000000000097e-02
5.000000000000000000e+00 2.500000000000000000e+01 8.000000000000000000e+00 0.000000000000000000e+00 1.600000000000000089e+00 6.260000000000000373e-04 -5.081999999999999712e-03 -9.999869999999999592e-01 4.405850000000000044e-01 8.977009999999999712e-01 -4.285999999999999879e-03 8.977110000000000367e-01 -4.405760000000000232e-01 2.801000000000000104e-03
1.100000000000000000e+01 2.500000000000000000e+01 8.000000000000000000e+00 0.000000000000000000e+00 1.600000000000000089e+00 -2.125000000000000153e-03 -1.474999999999999966e-03 -9.999970000000000248e-01 4.406479999999999841e-01 8.976769999999999472e-01 -2.260999999999999989e-03 8.976779999999999760e-01 -4.406510000000000149e-01 -1.258000000000000004e-03
1.800000000000000000e+01 2.500000000000000000e+01 8.000000000000000000e+00 0.000000000000000000e+00 1.600000000000000089e+00 -1.268999999999999946e-03 -6.180999999999999862e-03 -9.999799999999999800e-01 4.438409999999999855e-01 8.960850000000000204e-01 -6.101999999999999785e-03 8.961050000000000404e-01 -4.438400000000000123e-01 1.606000000000000006e-03
2.600000000000000000e+01 2.500000000000000000e+01 8.000000000000000000e+00 0.000000000000000000e+00 1.600000000000000089e+00 -8.419999999999999750e-04 2.279000000000000210e-03 -9.999970000000000248e-01 4.442229999999999790e-01 8.959139999999999882e-01 1.667999999999999995e-03 8.959160000000000457e-01 -4.442209999999999770e-01 -1.766999999999999908e-03
1.100000000000000000e+01 2.400000000000000000e+01 9.000000000000000000e+00 0.000000000000000000e+00 1.600000000000000089e+00 -1.497000000000000067e-03 -2.710000000000000169e-03 -9.999949999999999672e-01 4.458969999999999878e-01 8.950789999999999580e-01 -3.093999999999999962e-03 8.950829999999999620e-01 -4.458989999999999898e-01 -1.310000000000000129e-04
1.900000000000000000e+01 2.400000000000000000e+01 9.000000000000000000e+00 0.000000000000000000e+00 1.600000000000000089e+00 -1.392000000000000008e-03 -7.394000000000000399e-03 -9.999719999999999720e-01 4.498130000000000184e-01 8.930940000000000545e-01 -7.230000000000000315e-03 8.931219999999999715e-01 -4.498099999999999876e-01 2.083000000000000216e-03
2.700000000000000000e+01 2.400000000000000000e+01 9.000000000000000000e+00 0.000000000000000000e+00 1.600000000000000089e+00 -2.420000000000000005e-04 2.576000000000000165e-03 -9.999970000000000248e-01 4.495979999999999976e-01 8.932280000000000220e-01 2.191999999999999938e-03 8.932309999999999972e-01 -4.495959999999999956e-01 -1.374000000000000004e-03
2.100000000000000000e+01 3.100000000000000000e+01 1.200000000000000000e+01 0.000000000000000000e+00 1.600000000000000089e+00 -1.820000000000000057e-04 2.260999999999999989e-03 9.999970000000000248e-01 -5.082999999999999845e-03 9.999850000000000128e-01 -2.262000000000000122e-03 -9.999869999999999592e-01 -5.082999999999999845e-03 -1.710000000000000094e-04
8.000000000000000000e+00 3.200000000000000000e+01 1.400000000000000000e+01 0.000000000000000000e+00 1.600000000000000089e+00 -1.079999999999999960e-04 1.900999999999999912e-03 -9.999980000000000535e-01 1.160729999999999956e-01 9.932389999999999830e-01 1.876000000000000063e-03 9.932410000000000405e-01 -1.160719999999999946e-01 -3.280000000000000038e-04
1.200000000000000000e+01 3.200000000000000000e+01 1.400000000000000000e+01 0.000000000000000000e+00 1.600000000000000089e+00 -2.959999999999999849e-04 1.396000000000000105e-03 -9.999989999999999712e-01 1.171699999999999964e-01 9.931109999999999660e-01 1.351999999999999903e-03 9.931119999999999948e-01 -1.171699999999999964e-01 -4.569999999999999952e-04
1.800000000000000000e+01 3.200000000000000000e+01 1.400000000000000000e+01 0.000000000000000000e+00 1.600000000000000089e+00 7.339999999999999520e-04 2.468999999999999841e-03 -9.999970000000000248e-01 1.127760000000000012e-01 9.936169999999999725e-01 2.536000000000000060e-03 9.936199999999999477e-01 -1.127780000000000032e-01 4.510000000000000120e-04
5.000000000000000000e+00 1.200000000000000000e+01 1.500000000000000000e+01 0.000000000000000000e+00 1.600000000000000089e+00 3.686000000000000040e-03 -3.043000000000000132e-03 -9.999890000000000168e-01 -4.460620000000000140e-01 -8.950019999999999643e-01 1.079000000000000098e-03 -8.949949999999999850e-01 4.460520000000000040e-01 -4.656000000000000416e-03
1.500000000000000000e+01 1.200000000000000000e+01 1.500000000000000000e+01 0.000000000000000000e+00 1.600000000000000089e+00 -1.010000000000000020e-04 -2.951000000000000064e-03 -9.999959999999999960e-01 -4.612240000000000228e-01 -8.872799999999999576e-01 2.664999999999999834e-03 -8.872839999999999616e-01 4.612229999999999941e-01 -1.270999999999999994e-03
2.100000000000000000e+01 1.200000000000000000e+01 1.500000000000000000e+01 0.000000000000000000e+00 1.600000000000000089e+00 -1.164000000000000104e-03 -4.053000000000000179e-03 -9.999909999999999632e-01 -4.665199999999999902e-01 -8.845009999999999817e-01 4.127999999999999725e-03 -8.845100000000000184e-01 4.665210000000000190e-01 -8.620000000000000275e-04
2.600000000000000000e+01 1.200000000000000000e+01 1.500000000000000000e+01 0.000000000000000000e+00 1.600000000000000089e+00 -3.540999999999999877e-03 -2.919999999999999853e-03 -9.999890000000000168e-01 -4.686759999999999815e-01 -8.833600000000000341e-01 4.238999999999999713e-03 -8.833630000000000093e-01 4.686859999999999915e-01 1.758999999999999930e-03
1.400000000000000000e+01 1.160000000000000000e+02 1.600000000000000000e+01 0.000000000000000000e+00 1.600000000000000089e+00 4.719999999999999803e-04 4.040000000000000080e-04 1.000000000000000000e+00 7.101819999999999800e-01 7.040180000000000327e-01 -6.199999999999999999e-04 -7.040180000000000327e-01 7.101819999999999800e-01 4.500000000000000283e-05
1.800000000000000000e+01 1.160000000000000000e+02 1.600000000000000000e+01 0.000000000000000000e+00 1.600000000000000089e+00 1.446999999999999936e-03 -1.786999999999999960e-03 9.999970000000000248e-01 7.095129999999999493e-01 7.046919999999999851e-01 2.320000000000000014e-04 -7.046909999999999563e-01 7.095110000000000028e-01 2.288000000000000103e-03
2.300000000000000000e+01 1.160000000000000000e+02 1.600000000000000000e+01 0.000000000000000000e+00 1.600000000000000089e+00 3.409999999999999945e-04 1.048000000000000103e-03 9.999989999999999712e-01 7.249949999999999450e-01 6.887529999999999486e-01 -9.690000000000000262e-04 -6.887539999999999774e-01 7.249949999999999450e-01 -5.249999999999999676e-04
2.700000000000000000e+01 1.160000000000000000e+02 1.600000000000000000e+01 0.000000000000000000e+00 1.600000000000000089e+00 -1.779999999999999898e-03 -2.546000000000000086e-03 9.999949999999999672e-01 7.367989999999999817e-01 6.761049999999999560e-01 3.031999999999999973e-03 -6.761099999999999888e-01 7.368010000000000392e-01 6.719999999999999628e-04
1.000000000000000000e+00 2.000000000000000000e+00 1.900000000000000000e+01 0.000000000000000000e+00 1.600000000000000089e+00 -3.535300000000000248e-02 -5.710699999999999804e-02 -9.977420000000000178e-01 2.722849999999999993e-01 -9.611469999999999736e-01 4.536500000000000254e-02 -9.615669999999999495e-01 -2.700659999999999727e-01 4.952800000000000258e-02
6.000000000000000000e+00 2.000000000000000000e+00 1.900000000000000000e+01 0.000000000000000000e+00 1.600000000000000089e+00 -3.822899999999999909e-02 -6.718699999999999672e-02 -9.970080000000000053e-01 2.338000000000000078e-01 -9.706449999999999800e-01 5.644600000000000312e-02 -9.715329999999999799e-01 -2.309420000000000084e-01 5.281500000000000083e-02
1.000000000000000000e+01 2.000000000000000000e+00 1.900000000000000000e+01 0.000000000000000000e+00 1.600000000000000089e+00 -2.624100000000000044e-02 -6.006199999999999734e-02 -9.978500000000000147e-01 2.064090000000000091e-01 -9.770090000000000163e-01 5.337999999999999690e-02 -9.781140000000000390e-01 -2.045649999999999968e-01 3.803499999999999936e-02
1.900000000000000000e+01 2.000000000000000000e+00 1.900000000000000000e+01 0.000000000000000000e+00 1.600000000000000089e+00 1.522800000000000022e-02 -1.745899999999999883e-02 -9.997319999999999540e-01 2.331959999999999866e-01 -9.722129999999999939e-01 2.053100000000000064e-02 -9.723100000000000076e-01 -2.334459999999999869e-01 -1.073299999999999949e-02
2.300000000000000000e+01 2.000000000000000000e+00 1.900000000000000000e+01 0.000000000000000000e+00 1.600000000000000089e+00 1.234000000000000027e-02 -4.307000000000000065e-03 -9.999149999999999983e-01 2.342779999999999863e-01 -9.721440000000000081e-01 7.079000000000000223e-03 -9.720910000000000384e-01 -2.343459999999999988e-01 -1.098700000000000024e-02
2.700000000000000000e+01 2.000000000000000000e+00 1.900000000000000000e+01 0.000000000000000000e+00 1.600000000000000089e+00 7.406000000000000257e-03 -1.118000000000000070e-02 -9.999099999999999655e-01 2.274940000000000018e-01 -9.736979999999999524e-01 1.257199999999999984e-02 -9.737510000000000332e-01 -2.275669999999999915e-01 -4.667000000000000141e-03
3.000000000000000000e+00 1.300000000000000000e+01 2.000000000000000000e+01 0.000000000000000000e+00 1.600000000000000089e+00 -1.000000000000000048e-04 -2.367999999999999879e-03 9.999970000000000248e-01 2.620129999999999959e-01 9.650609999999999467e-01 2.311999999999999819e-03 -9.650640000000000329e-01 2.620129999999999959e-01 5.240000000000000517e-04
7.000000000000000000e+00 1.300000000000000000e+01 2.000000000000000000e+01 0.000000000000000000e+00 1.600000000000000089e+00 -1.510000000000000112e-04 -4.858000000000000339e-03 9.999879999999999880e-01 2.646000000000000019e-01 9.643469999999999542e-01 4.723999999999999901e-03 -9.643580000000000485e-01 2.645970000000000266e-01 1.139999999999999954e-03
1.200000000000000000e+01 1.300000000000000000e+01 2.000000000000000000e+01 0.000000000000000000e+00 1.600000000000000089e+00 -9.500000000000000523e-05 3.710000000000000190e-04 1.000000000000000000e+00 2.651379999999999848e-01 9.642100000000000115e-01 -3.330000000000000169e-04 -9.642100000000000115e-01 2.651379999999999848e-01 -1.900000000000000105e-04
2.100000000000000000e+01 1.300000000000000000e+01 2.000000000000000000e+01 0.000000000000000000e+00 1.600000000000000089e+00 1.734999999999999997e-03 1.379999999999999933e-03 9.999980000000000535e-01 2.633050000000000113e-01 9.647109999999999852e-01 -1.788000000000000093e-03 -9.647109999999999852e-01 2.633070000000000133e-01 1.309999999999999967e-03
3.000000000000000000e+01 1.300000000000000000e+01 2.000000000000000000e+01 0.000000000000000000e+00 1.600000000000000089e+00 -4.099999999999999912e-04 9.879999999999999893e-03 9.999510000000000343e-01 2.625339999999999896e-01 9.648769999999999847e-01 -9.426000000000000351e-03 -9.649229999999999752e-01 2.625170000000000003e-01 -2.988999999999999903e-03
4.000000000000000000e+00 3.000000000000000000e+00 2.500000000000000000e+01 0.000000000000000000e+00 1.600000000000000089e+00 1.350000000000000071e-03 9.979999999999999722e-04 9.999989999999999712e-01 -3.915400000000000130e-02 -9.992330000000000378e-01 1.049999999999999935e-03 9.992320000000000091e-01 -3.915500000000000230e-02 -1.309999999999999967e-03
1.200000000000000000e+01 3.000000000000000000e+00 2.500000000000000000e+01 0.000000000000000000e+00 1.600000000000000089e+00 -2.027000000000000156e-03 -8.236000000000000265e-03 9.999639999999999640e-01 -4.017199999999999938e-02 -9.991579999999999906e-01 -8.311000000000000679e-03 9.991910000000000514e-01 -4.018800000000000150e-02 1.694999999999999892e-03
1.900000000000000000e+01 3.000000000000000000e+00 2.500000000000000000e+01 0.000000000000000000e+00 1.600000000000000089e+00 -2.955000000000000161e-03 -4.086000000000000222e-03 9.999869999999999592e-01 -3.607599999999999696e-02 -9.993400000000000061e-01 -4.190000000000000148e-03 9.993450000000000388e-01 -3.608800000000000202e-02 2.805000000000000202e-03
2.200000000000000000e+01 3.000000000000000000e+00 2.500000000000000000e+01 0.000000000000000000e+00 1.600000000000000089e+00 -1.650999999999999907e-03 7.518999999999999642e-03 9.999700000000000255e-01 -3.702899999999999942e-02 -9.992860000000000076e-01 7.452000000000000290e-03 9.993130000000000068e-01 -3.701499999999999929e-02 1.928000000000000026e-03
1.100000000000000000e+01 4.600000000000000000e+01 2.700000000000000000e+01 0.000000000000000000e+00 1.600000000000000089e+00 -1.987000000000000051e-03 -8.599999999999999789e-04 -9.999980000000000535e-01 6.774550000000000294e-01 7.355610000000000204e-01 -1.978999999999999856e-03 7.355610000000000204e-01 -6.774580000000000046e-01 -8.790000000000000070e-04
1.800000000000000000e+01 4.600000000000000000e+01 2.700000000000000000e+01 0.000000000000000000e+00 1.600000000000000089e+00 -3.159999999999999832e-04 1.480999999999999895e-03 -9.999989999999999712e-01 6.733540000000000081e-01 7.393189999999999484e-01 8.819999999999999715e-04 7.393199999999999772e-01 -6.733529999999999793e-01 -1.231000000000000106e-03
2.700000000000000000e+01 4.600000000000000000e+01 2.700000000000000000e+01 0.000000000000000000e+00 1.600000000000000089e+00 -1.440000000000000036e-04 2.589999999999999854e-03 -9.999970000000000248e-01 6.819629999999999859e-01 7.313840000000000341e-01 1.796000000000000070e-03 7.313859999999999806e-01 -6.819610000000000394e-01 -1.871999999999999966e-03
1.000000000000000000e+00 4.600000000000000000e+01 3.000000000000000000e+01 0.000000000000000000e+00 1.600000000000000089e+00 1.005999999999999950e-03 -2.790000000000000054e-04 -9.999989999999999712e-01 3.331359999999999877e-01 9.428790000000000227e-01 7.200000000000000182e-05 9.428779999999999939e-01 -3.331350000000000144e-01 1.041999999999999958e-03
3.000000000000000000e+00 4.600000000000000000e+01 3.000000000000000000e+01 0.000000000000000000e+00 1.600000000000000089e+00 1.559999999999999972e-03 -9.269999999999999811e-04 -9.999980000000000535e-01 3.330000000000000182e-01 9.429269999999999596e-01 -3.550000000000000096e-04 9.429250000000000131e-01 -3.329989999999999895e-01 1.778999999999999982e-03
2.700000000000000000e+01 4.600000000000000000e+01 3.000000000000000000e+01 0.000000000000000000e+00 1.600000000000000089e+00 -5.450000000000000200e-04 -5.900000000000000296e-04 -1.000000000000000000e+00 3.319540000000000268e-01 9.432949999999999946e-01 -7.370000000000000249e-04 9.432949999999999946e-01 -3.319540000000000268e-01 -3.179999999999999776e-04
4.000000000000000000e+00 5.800000000000000000e+01 3.100000000000000000e+01 0.000000000000000000e+00 1.600000000000000089e+00 1.943999999999999981e-03 2.053999999999999836e-03 9.999959999999999960e-01 -8.131660000000000554e-01 -5.820250000000000146e-01 2.776999999999999955e-03 5.820279999999999898e-01 -8.131680000000000019e-01 5.389999999999999826e-04
8.000000000000000000e+00 5.800000000000000000e+01 3.100000000000000000e+01 0.000000000000000000e+00 1.600000000000000089e+00 -1.147000000000000016e-03 -3.044999999999999964e-03 9.999949999999999672e-01 -8.153540000000000232e-01 -5.789560000000000262e-01 -2.697999999999999877e-03 5.789609999999999479e-01 -8.153529999999999944e-01 -1.817999999999999955e-03
1.500000000000000000e+01 5.800000000000000000e+01 3.100000000000000000e+01 0.000000000000000000e+00 1.600000000000000089e+00 4.558000000000000419e-03 5.714999999999999594e-03 9.999730000000000008e-01 -8.143029999999999990e-01 -5.803979999999999695e-01 7.028999999999999658e-03 5.804219999999999935e-01 -8.143129999999999535e-01 2.008999999999999935e-03
1.900000000000000000e+01 5.800000000000000000e+01 3.100000000000000000e+01 0.000000000000000000e+00 1.600000000000000089e+00 4.793000000000000385e-03 1.312600000000000051e-02 9.999019999999999575e-01 -8.154280000000000417e-01 -5.787440000000000362e-01 1.150600000000000060e-02 5.788389999999999924e-01 -8.154040000000000177e-01 7.929000000000000284e-03
2.600000000000000000e+01 5.800000000000000000e+01 3.100000000000000000e+01 0.000000000000000000e+00 1.600000000000000089e+00 -1.677000000000000105e-03 -3.652999999999999997e-03 9.999919999999999920e-01 -8.136020000000000474e-01 -5.814120000000000399e-01 -3.488999999999999914e-03 5.814200000000000479e-01 -8.136010000000000186e-01 -1.997000000000000077e-03
2.700000000000000000e+01 5.900000000000000000e+01 3.200000000000000000e+01 0.000000000000000000e+00 1.600000000000000089e+00 2.970000000000000092e-04 1.520000000000000084e-04 1.000000000000000000e+00 -7.242499999999999494e-01 -6.895379999999999843e-01 3.200000000000000262e-04 6.895379999999999843e-01 -7.242499999999999494e-01 -9.500000000000000523e-05
9.000000000000000000e+00 4.600000000000000000e+01 3.500000000000000000e+01 0.000000000000000000e+00 1.600000000000000089e+00 -1.389999999999999905e-04 -1.820000000000000057e-04 -1.000000000000000000e+00 3.926959999999999895e-01 -9.196680000000000410e-01 1.119999999999999983e-04 -9.196680000000000410e-01 -3.926959999999999895e-01 1.990000000000000124e-04
1.500000000000000000e+01 4.600000000000000000e+01 3.500000000000000000e+01 0.000000000000000000e+00 1.600000000000000089e+00 -2.020000000000000040e-04 3.319999999999999926e-04 -1.000000000000000000e+00 3.926490000000000258e-01 -9.196879999999999500e-01 -3.840000000000000097e-04 -9.196879999999999500e-01 -3.926499999999999990e-01 5.599999999999999916e-05
1.900000000000000000e+01 4.600000000000000000e+01 3.500000000000000000e+01 0.000000000000000000e+00 1.600000000000000089e+00 1.681999999999999901e-03 2.674999999999999861e-03 -9.999949999999999672e-01 3.924730000000000163e-01 -9.197619999999999685e-01 -1.799999999999999951e-03 -9.197619999999999685e-01 -3.924679999999999835e-01 -2.596999999999999916e-03
2.400000000000000000e+01 4.600000000000000000e+01 3.500000000000000000e+01 0.000000000000000000e+00 1.600000000000000089e+00 1.423999999999999919e-03 -7.879999999999999635e-04 -9.999989999999999712e-01 3.919460000000000166e-01 -9.199869999999999992e-01 1.283000000000000069e-03 -9.199869999999999992e-01 -3.919480000000000186e-01 -1.000999999999999937e-03
2.900000000000000000e+01 4.600000000000000000e+01 3.500000000000000000e+01 0.000000000000000000e+00 1.600000000000000089e+00 -7.150000000000000322e-04 3.403999999999999908e-03 -9.999940000000000495e-01 3.900899999999999923e-01 -9.207699999999999774e-01 -3.412999999999999801e-03 -9.207760000000000389e-01 -3.900899999999999923e-01 -6.700000000000000226e-04
5.000000000000000000e+00 9.500000000000000000e+01 3.600000000000000000e+01 0.000000000000000000e+00 1.600000000000000089e+00 -4.436999999999999972e-03 -1.948799999999999838e-02 9.998000000000000220e-01 9.967169999999999641e-01 8.074199999999999433e-02 5.996999999999999727e-03 -8.084199999999999720e-02 9.965450000000000141e-01 1.906599999999999961e-02
1.500000000000000000e+01 9.500000000000000000e+01 3.600000000000000000e+01 0.000000000000000000e+00 1.600000000000000089e+00 6.368999999999999662e-03 1.936200000000000074e-02 9.997920000000000140e-01 9.968209999999999571e-01 7.927800000000000125e-02 -7.886000000000000648e-03 -7.941399999999999848e-02 9.966639999999999944e-01 -1.879600000000000021e-02
2.000000000000000000e+01 9.500000000000000000e+01 3.700000000000000000e+01 0.000000000000000000e+00 1.600000000000000089e+00 1.060499999999999984e-02 -4.399999999999999886e-05 9.999440000000000550e-01 9.947190000000000198e-01 1.020940000000000042e-01 -1.054500000000000055e-02 -1.020879999999999982e-01 9.947749999999999648e-01 1.126999999999999964e-03
1.400000000000000000e+01 2.900000000000000000e+01 4.400000000000000000e+01 0.000000000000000000e+00 1.600000000000000089e+00 -3.897999999999999989e-03 -3.314000000000000105e-03 -9.999869999999999592e-01 6.796699999999999964e-01 7.335009999999999586e-01 -5.080000000000000314e-03 7.335080000000000489e-01 -6.796809999999999796e-01 -6.070000000000000092e-04
2.100000000000000000e+01 2.900000000000000000e+01 4.400000000000000000e+01 0.000000000000000000e+00 1.600000000000000089e+00 -1.099999999999999971e-05 -1.405999999999999915e-03 -9.999989999999999712e-01 6.759739999999999638e-01 7.369250000000000522e-01 -1.044000000000000006e-03 7.369250000000000522e-01 -6.759730000000000461e-01 9.420000000000000205e-04
2.400000000000000000e+01 2.900000000000000000e+01 4.400000000000000000e+01 0.000000000000000000e+00 1.600000000000000089e+00 -5.300000000000000078e-05 1.840000000000000056e-03 -9.999980000000000535e-01 6.712799999999999878e-01 7.412029999999999452e-01 1.327999999999999970e-03 7.412039999999999740e-01 -6.712789999999999591e-01 -1.273999999999999959e-03
2.600000000000000000e+01 2.900000000000000000e+01 4.400000000000000000e+01 0.000000000000000000e+00 1.600000000000000089e+00 -8.530000000000000256e-04 2.616999999999999969e-03 -9.999959999999999960e-01 6.676999999999999602e-01 7.444290000000000074e-01 1.379000000000000017e-03 7.444300000000000361e-01 -6.676959999999999562e-01 -2.383000000000000135e-03
1.700000000000000000e+01 5.000000000000000000e+00 5.100000000000000000e+01 0.000000000000000000e+00 1.600000000000000089e+00 7.225999999999999784e-03 3.789999999999999966e-04 -9.999740000000000295e-01 4.823310000000000097e-01 -8.759839999999999849e-01 3.152999999999999987e-03 -8.759590000000000432e-01 -4.823410000000000197e-01 -6.512999999999999692e-03
2.500000000000000000e+01 5.000000000000000000e+00 5.100000000000000000e+01 0.000000000000000000e+00 1.600000000000000089e+00 -3.379000000000000059e-03 1.278999999999999972e-03 -9.999930000000000208e-01 4.842540000000000178e-01 -8.749230000000000063e-01 -2.755000000000000070e-03 -8.749209999999999487e-01 -4.842600000000000238e-01 2.337999999999999801e-03
2.400000000000000000e+01 1.150000000000000000e+02 5.100000000000000000e+01 0.000000000000000000e+00 1.600000000000000089e+00 -2.180000000000000134e-04 -6.588000000000000106e-03 9.999780000000000335e-01 8.454239999999999533e-01 -5.340859999999999497e-01 -3.334000000000000158e-03 5.340960000000000152e-01 8.454049999999999621e-01 5.686000000000000082e-03
1.000000000000000000e+00 6.300000000000000000e+01 5.400000000000000000e+01 0.000000000000000000e+00 1.600000000000000089e+00 2.880000000000000073e-04 -1.502999999999999996e-03 9.999989999999999712e-01 -3.472029999999999839e-01 9.377889999999999837e-01 1.508999999999999925e-03 -9.377900000000000125e-01 -3.472029999999999839e-01 -2.519999999999999996e-04
8.000000000000000000e+00 6.300000000000000000e+01 5.400000000000000000e+01 0.000000000000000000e+00 1.600000000000000089e+00 6.220000000000000485e-04 7.560000000000000530e-04 1.000000000000000000e+00 -3.477459999999999996e-01 9.375890000000000057e-01 -4.929999999999999487e-04 -9.375890000000000057e-01 -3.477450000000000263e-01 8.459999999999999638e-04
1.800000000000000000e+01 6.300000000000000000e+01 5.400000000000000000e+01 0.000000000000000000e+00 1.600000000000000089e+00 1.613999999999999983e-03 4.169999999999999987e-04 9.999989999999999712e-01 -3.400679999999999814e-01 9.404010000000000424e-01 1.569999999999999944e-04 -9.404000000000000137e-01 -3.400679999999999814e-01 1.660000000000000017e-03
2.500000000000000000e+01 6.300000000000000000e+01 5.400000000000000000e+01 0.000000000000000000e+00 1.600000000000000089e+00 2.829999999999999942e-04 -3.379999999999999758e-04 1.000000000000000000e+00 -3.540059999999999873e-01 9.352430000000000465e-01 4.159999999999999744e-04 -9.352430000000000465e-01 -3.540059999999999873e-01 1.450000000000000009e-04
3.000000000000000000e+00 2.500000000000000000e+01 5.500000000000000000e+01 0.000000000000000000e+00 1.600000000000000089e+00 -2.950000000000000148e-04 -2.559999999999999884e-04 -1.000000000000000000e+00 -1.441100000000000020e-02 -9.998960000000000070e-01 2.599999999999999772e-04 -9.998960000000000070e-01 1.441100000000000020e-02 2.910000000000000260e-04
7.000000000000000000e+00 2.500000000000000000e+01 5.500000000000000000e+01 0.000000000000000000e+00 1.600000000000000089e+00 -6.300000000000000261e-04 2.173000000000000018e-03 -9.999970000000000248e-01 -1.271899999999999940e-02 -9.999169999999999447e-01 -2.164999999999999824e-03 -9.999190000000000023e-01 1.271800000000000014e-02 6.570000000000000319e-04
1.400000000000000000e+01 2.500000000000000000e+01 5.500000000000000000e+01 0.000000000000000000e+00 1.600000000000000089e+00 1.559999999999999972e-04 2.095000000000000074e-03 -9.999980000000000535e-01 -1.022900000000000025e-02 -9.999449999999999728e-01 -2.096000000000000207e-03 -9.999479999999999480e-01 1.022900000000000025e-02 -1.350000000000000017e-04
2.300000000000000000e+01 2.500000000000000000e+01 5.500000000000000000e+01 0.000000000000000000e+00 1.600000000000000089e+00 7.309999999999999875e-04 5.599999999999999916e-05 -1.000000000000000000e+00 -1.385600000000000026e-02 -9.999040000000000150e-01 -6.600000000000000506e-05 -9.999040000000000150e-01 1.385600000000000026e-02 -7.299999999999999632e-04
2.800000000000000000e+01 2.500000000000000000e+01 5.500000000000000000e+01 0.000000000000000000e+00 1.600000000000000089e+00 1.575000000000000011e-03 2.716999999999999797e-03 -9.999949999999999672e-01 -1.320400000000000046e-02 -9.999090000000000478e-01 -2.737999999999999982e-03 -9.999120000000000230e-01 1.320799999999999925e-02 -1.539000000000000003e-03
2.100000000000000000e+01 2.100000000000000000e+01 6.000000000000000000e+01 0.000000000000000000e+00 1.600000000000000089e+00 8.319999999999999488e-04 7.561000000000000013e-03 9.999710000000000543e-01 -9.639399999999999358e-02 9.953149999999999498e-01 -7.445000000000000229e-03 -9.953429999999999778e-01 -9.638499999999999845e-02 1.557000000000000007e-03
3.000000000000000000e+01 2.100000000000000000e+01 6.000000000000000000e+01 0.000000000000000000e+00 1.600000000000000089e+00 3.559999999999999797e-04 1.021099999999999959e-02 9.999479999999999480e-01 -9.751200000000000145e-02 9.951830000000000398e-01 -1.012799999999999985e-02 -9.952339999999999520e-01 -9.750399999999999345e-02 1.350000000000000071e-03
5.000000000000000000e+00 6.000000000000000000e+00 6.100000000000000000e+01 0.000000000000000000e+00 1.600000000000000089e+00 -9.290000000000000297e-04 8.490000000000000368e-04 9.999989999999999712e-01 5.663749999999999618e-01 -8.241469999999999629e-01 1.226000000000000093e-03 8.241469999999999629e-01 5.663759999999999906e-01 2.840000000000000185e-04
2.800000000000000000e+01 3.000000000000000000e+00 6.300000000000000000e+01 0.000000000000000000e+00 1.600000000000000089e+00 -1.593999999999999931e-03 3.088000000000000033e-03 9.999940000000000495e-01 -6.140820000000000167e-01 7.892350000000000199e-01 -3.416000000000000199e-03 -7.892409999999999703e-01 -6.140830000000000455e-01 6.390000000000000280e-04
5.000000000000000000e+00 2.700000000000000000e+01 6.300000000000000000e+01 0.000000000000000000e+00 1.600000000000000089e+00 -3.595000000000000105e-03 -9.001000000000000320e-03 9.999529999999999808e-01 -2.728889999999999927e-01 9.620149999999999535e-01 7.677999999999999929e-03 -9.620389999999999775e-01 -2.728490000000000082e-01 -5.913999999999999986e-03
1.300000000000000000e+01 2.700000000000000000e+01 6.300000000000000000e+01 0.000000000000000000e+00 1.600000000000000089e+00 3.620000000000000171e-04 -3.435999999999999818e-03 9.999940000000000495e-01 -2.718119999999999981e-01 9.623439999999999772e-01 3.403999999999999908e-03 -9.623500000000000387e-01 -2.718119999999999981e-01 -5.860000000000000408e-04
1.700000000000000000e+01 2.700000000000000000e+01 6.300000000000000000e+01 0.000000000000000000e+00 1.600000000000000089e+00 -9.529999999999999626e-04 2.919999999999999961e-04 9.999989999999999712e-01 -2.742859999999999743e-01 9.616479999999999473e-01 -5.419999999999999471e-04 -9.616479999999999473e-01 -2.742870000000000030e-01 -8.360000000000000460e-04
2.500000000000000000e+01 2.700000000000000000e+01 6.300000000000000000e+01 0.000000000000000000e+00 1.600000000000000089e+00 4.640000000000000027e-04 -1.322999999999999957e-03 9.999989999999999712e-01 -2.713650000000000229e-01 9.624759999999999982e-01 1.399999999999999986e-03 -9.624759999999999982e-01 -2.713650000000000229e-01 8.700000000000000051e-05
3.000000000000000000e+01 2.700000000000000000e+01 6.300000000000000000e+01 0.000000000000000000e+00 1.600000000000000089e+00 -2.138000000000000143e-03 -2.052000000000000005e-03 9.999959999999999960e-01 -2.713070000000000204e-01 9.624920000000000142e-01 1.394999999999999973e-03 -9.624899999999999567e-01 -2.713030000000000164e-01 -2.614000000000000004e-03
6.000000000000000000e+00 2.600000000000000000e+01 6.400000000000000000e+01 0.000000000000000000e+00 1.600000000000000089e+00 -4.257999999999999632e-03 -1.116800000000000084e-02 9.999289999999999567e-01 -3.546500000000000208e-01 9.349570000000000380e-01 8.932000000000000703e-03 -9.349899999999999878e-01 -3.545860000000000123e-01 -7.941999999999999407e-03
1.600000000000000000e+01 2.600000000000000000e+01 6.400000000000000000e+01 0.000000000000000000e+00 1.600000000000000089e+00 -2.959999999999999849e-04 1.070999999999999903e-03 9.999989999999999712e-01 -3.602600000000000247e-01 9.328509999999999858e-01 -1.105999999999999995e-03 -9.328520000000000145e-01 -3.602600000000000247e-01 1.100000000000000039e-04
2.100000000000000000e+01 2.600000000000000000e+01 6.400000000000000000e+01 0.000000000000000000e+00 1.600000000000000089e+00 4.739999999999999747e-04 5.150000000000000498e-04 1.000000000000000000e+00 -3.593000000000000083e-01 9.332219999999999960e-01 -3.099999999999999999e-04 -9.332219999999999960e-01 -3.593000000000000083e-01 6.269999999999999532e-04
2.400000000000000000e+01 2.600000000000000000e+01 6.400000000000000000e+01 0.000000000000000000e+00 1.600000000000000089e+00 5.990000000000000316e-04 -1.516999999999999902e-03 9.999989999999999712e-01 -3.558899999999999841e-01 9.345259999999999678e-01 1.631000000000000071e-03 -9.345280000000000253e-01 -3.558910000000000129e-01 2.000000000000000164e-05
2.700000000000000000e+01 2.600000000000000000e+01 6.400000000000000000e+01 0.000000000000000000e+00 1.600000000000000089e+00 -2.700000000000000035e-04 -2.464000000000000044e-03 9.999970000000000248e-01 -3.546230000000000215e-01 9.350070000000000325e-01 2.207999999999999893e-03 -9.350089999999999790e-01 -3.546210000000000195e-01 -1.126000000000000048e-03
2.000000000000000000e+01 6.900000000000000000e+01 6.600000000000000000e+01 0.000000000000000000e+00 1.600000000000000089e+00 -8.850000000000000444e-04 2.330000000000000040e-03 9.999970000000000248e-01 -9.517529999999999601e-01 3.068629999999999969e-01 -1.557999999999999923e-03 -3.068649999999999989e-01 -9.517510000000000137e-01 1.946000000000000030e-03
2.900000000000000000e+01 6.900000000000000000e+01 6.600000000000000000e+01 0.000000000000000000e+00 1.600000000000000089e+00 -4.426000000000000247e-03 -4.580000000000000195e-04 9.999900000000000455e-01 -9.510290000000000132e-01 3.090760000000000174e-01 -4.067000000000000302e-03 -3.090709999999999846e-01 -9.510370000000000212e-01 -1.804000000000000048e-03
3.000000000000000000e+00 2.500000000000000000e+01 7.300000000000000000e+01 0.000000000000000000e+00 1.600000000000000089e+00 6.139999999999999625e-04 8.469000000000000833e-03 9.999639999999999640e-01 7.544600000000000195e-01 -6.563259999999999650e-01 5.094999999999999703e-03 6.563459999999999850e-01 7.544300000000000450e-01 -6.793000000000000427e-03
2.000000000000000000e+01 2.500000000000000000e+01 7.300000000000000000e+01 0.000000000000000000e+00 1.600000000000000089e+00 -3.216999999999999808e-03 -7.207999999999999997e-03 9.999689999999999968e-01 7.380219999999999558e-01 -6.747720000000000384e-01 -2.488999999999999893e-03 6.747689999999999522e-01 7.379909999999999526e-01 7.490000000000000130e-03
2.600000000000000000e+01 2.500000000000000000e+01 7.300000000000000000e+01 0.000000000000000000e+00 1.600000000000000089e+00 -1.629999999999999939e-03 -4.081000000000000426e-03 9.999900000000000455e-01 7.353920000000000456e-01 -6.776400000000000201e-01 -1.565999999999999901e-03 6.776389999999999914e-01 7.353830000000000089e-01 4.106000000000000275e-03
3.000000000000000000e+00 4.400000000000000000e+01 7.300000000000000000e+01 0.000000000000000000e+00 1.600000000000000089e+00 1.773000000000000053e-03 -9.959999999999999236e-04 9.999980000000000535e-01 5.398300000000000320e-02 -9.985410000000000119e-01 -1.090999999999999956e-03 9.985399999999999832e-01 5.398499999999999827e-02 -1.716999999999999993e-03
5.000000000000000000e+00 4.400000000000000000e+01 7.300000000000000000e+01 0.000000000000000000e+00 1.600000000000000089e+00 8.819999999999999715e-04 1.092000000000000089e-03 9.999989999999999712e-01 5.550299999999999678e-02 -9.984579999999999567e-01 1.041000000000000042e-03 9.984579999999999567e-01 5.550299999999999678e-02 -9.409999999999999962e-04
1.200000000000000000e+01 4.400000000000000000e+01 7.300000000000000000e+01 0.000000000000000000e+00 1.600000000000000089e+00 2.863999999999999792e-03 3.441000000000000048e-03 9.999900000000000455e-01 5.422400000000000136e-02 -9.985230000000000494e-01 3.281000000000000062e-03 9.985249999999999959e-01 5.421499999999999930e-02 -3.046000000000000096e-03
1.500000000000000000e+01 4.400000000000000000e+01 7.300000000000000000e+01 0.000000000000000000e+00 1.600000000000000089e+00 1.665000000000000030e-03 2.507999999999999813e-03 9.999949999999999672e-01 5.442299999999999915e-02 -9.985150000000000414e-01 2.413999999999999913e-03 9.985169999999999879e-01 5.441900000000000209e-02 -1.799000000000000035e-03
2.000000000000000000e+01 4.400000000000000000e+01 7.300000000000000000e+01 0.000000000000000000e+00 1.600000000000000089e+00 -4.699999999999999859e-04 2.167000000000000089e-03 9.999980000000000535e-01 5.349799999999999695e-02 -9.985659999999999537e-01 2.188999999999999974e-03 9.985680000000000112e-01 5.349899999999999795e-02 3.530000000000000152e-04
2.400000000000000000e+01 4.400000000000000000e+01 7.300000000000000000e+01 0.000000000000000000e+00 1.600000000000000089e+00 -6.160000000000000111e-04 3.029000000000000008e-03 9.999949999999999672e-01 5.342199999999999727e-02 -9.985669999999999824e-01 3.056999999999999822e-03 9.985720000000000152e-01 5.342399999999999927e-02 4.530000000000000064e-04
2.700000000000000000e+01 4.400000000000000000e+01 7.300000000000000000e+01 0.000000000000000000e+00 1.600000000000000089e+00 -1.840000000000000001e-04 -2.674000000000000161e-03 9.999959999999999960e-01 5.510700000000000320e-02 -9.984769999999999479e-01 -2.658999999999999905e-03 9.984800000000000342e-01 5.510600000000000220e-02 3.310000000000000225e-04
1.200000000000000000e+01 2.500000000000000000e+01 7.400000000000000000e+01 0.000000000000000000e+00 1.600000000000000089e+00 2.039000000000000014e-03 1.340000000000000045e-04 9.999980000000000535e-01 8.346489999999999743e-01 -5.507800000000000473e-01 -1.628000000000000107e-03 5.507790000000000186e-01 8.346500000000000030e-01 -1.234999999999999987e-03
1.700000000000000000e+01 2.500000000000000000e+01 7.400000000000000000e+01 0.000000000000000000e+00 1.600000000000000089e+00 1.477999999999999930e-03 -6.029999999999999770e-03 9.999810000000000088e-01 8.276390000000000136e-01 -5.612420000000000186e-01 -4.608000000000000117e-03 5.612589999999999524e-01 8.276299999999999768e-01 4.160999999999999768e-03
2.100000000000000000e+01 2.500000000000000000e+01 7.400000000000000000e+01 0.000000000000000000e+00 1.600000000000000089e+00 -2.892000000000000039e-03 -7.137000000000000115e-03 9.999700000000000255e-01 8.222350000000000492e-01 -5.691460000000000408e-01 -1.683999999999999950e-03 5.691410000000000080e-01 8.222049999999999637e-01 7.513999999999999846e-03
2.400000000000000000e+01 2.500000000000000000e+01 7.400000000000000000e+01 0.000000000000000000e+00 1.600000000000000089e+00 -1.946999999999999946e-03 -3.467000000000000030e-03 9.999919999999999920e-01 8.176419999999999799e-01 -5.757269999999999888e-01 -4.040000000000000080e-04 5.757240000000000135e-01 8.176350000000000007e-01 3.956000000000000315e-03
9.000000000000000000e+00 5.100000000000000000e+01 7.600000000000000000e+01 0.000000000000000000e+00 1.600000000000000089e+00 1.131000000000000061e-03 -2.000000000000000096e-04 -9.999989999999999712e-01 -3.979900000000000104e-01 -9.173900000000000388e-01 -2.669999999999999847e-04 -9.173890000000000100e-01 3.979900000000000104e-01 -1.116999999999999937e-03
1.500000000000000000e+01 5.100000000000000000e+01 7.600000000000000000e+01 0.000000000000000000e+00 1.600000000000000089e+00 -5.220000000000000031e-04 -1.211000000000000054e-03 -9.999989999999999712e-01 -3.999809999999999754e-01 -9.165219999999999478e-01 1.317999999999999944e-03 -9.165229999999999766e-01 3.999820000000000042e-01 -6.000000000000000152e-06
5.000000000000000000e+00 9.100000000000000000e+01 7.600000000000000000e+01 0.000000000000000000e+00 1.600000000000000089e+00 1.564999999999999985e-03 1.075999999999999917e-03 9.999980000000000535e-01 3.483809999999999962e-01 -9.373529999999999918e-01 4.629999999999999784e-04 9.373519999999999630e-01 3.483789999999999942e-01 -1.842000000000000104e-03
