6.000000000000000000e+00 1.600000000000000000e+01 4.000000000000000000e+00 0.000000000000000000e+00 1.600000000000000089e+00 -1.941999999999999933e-03 -1.111000000000000008e-02 9.999360000000000470e-01 3.161709999999999798e-01 -9.486499999999999932e-01 -9.927000000000000060e-03 9.486999999999999877e-01 3.161309999999999953e-01 5.355000000000000385e-03
1.100000000000000000e+01 1.600000000000000000e+01 4.000000000000000000e+00 0.000000000000000000e+00 1.600000000000000089e+00 2.785000000000000149e-03 -1.399199999999999923e-02 9.998979999999999535e-01 3.130749999999999922e-01 -9.496229999999999949e-01 -1.416099999999999998e-02 9.497240000000000126e-01 3.130830000000000002e-01 1.735999999999999913e-03
1.400000000000000000e+01 1.600000000000000000e+01 4.000000000000000000e+00 0.000000000000000000e+00 1.600000000000000089e+00 2.570999999999999935e-03 -1.941299999999999970e-02 9.998080000000000300e-01 3.147380000000000178e-01 -9.489830000000000210e-01 -1.923599999999999963e-02 9.491749999999999909e-01 3.147280000000000078e-01 3.670999999999999784e-03
1.900000000000000000e+01 1.600000000000000000e+01 4.000000000000000000e+00 0.000000000000000000e+00 1.600000000000000089e+00 3.003000000000000027e-03 -2.052000000000000005e-02 9.997850000000000348e-01 3.214969999999999772e-01 -9.466909999999999492e-01 -2.039600000000000093e-02 9.469060000000000255e-01 3.214890000000000247e-01 3.753999999999999958e-03
2.800000000000000000e+01 1.600000000000000000e+01 4.000000000000000000e+00 0.000000000000000000e+00 1.600000000000000089e+00 2.563000000000000174e-03 -1.059599999999999952e-02 9.999409999999999688e-01 3.309900000000000064e-01 -9.435719999999999663e-01 -1.084700000000000074e-02 9.436309999999999976e-01 3.309989999999999877e-01 1.088999999999999907e-03
2.000000000000000000e+00 1.010000000000000000e+02 7.000000000000000000e+00 0.000000000000000000e+00 1.600000000000000089e+00 9.060000000000000128e-04 -8.061000000000000457e-03 9.999670000000000503e-01 8.858899999999999553e-01 4.638860000000000205e-01 2.936999999999999941e-03 -4.638939999999999730e-01 8.858580000000000343e-01 7.562000000000000145e-03
7.000000000000000000e+00 1.010000000000000000e+02 7.000000000000000000e+00 0.000000000000000000e+00 1.600000000000000089e+00 2.863000000000000093e-03 4.113000000000000336e-03 9.999869999999999592e-01 8.856559999999999988e-01 4.643200000000000105e-01 -4.445000000000000166e-03 -4.643329999999999957e-01 8.856579999999999453e-01 -2.312999999999999952e-03
2.500000000000000000e+01 1.010000000000000000e+02 7.000000000000000000e+00 0.000000000000000000e+00 1.600000000000000089e+00 -1.810000000000000085e-04 -1.160000000000000007e-04 1.000000000000000000e+00 8.846589999999999732e-01 4.662390000000000145e-01 2.139999999999999975e-04 -4.662390000000000145e-01 8.846589999999999732e-01 1.800000000000000046e-05
2.800000000000000000e+01 1.010000000000000000e+02 7.000000000000000000e+00 0.000000000000000000e+00 1.600000000000000089e+00 3.119999999999999944e-04 -1.554999999999999959e-03 9.999989999999999712e-01 8.842510000000000092e-01 4.670110000000000094e-01 4.510000000000000120e-04 -4.670119999999999827e-01 8.842499999999999805e-01 1.521000000000000000e-03
4.000000000000000000e+00 1.500000000000000000e+01 8.000000000000000000e+00 0.000000000000000000e+00 1.600000000000000089e+00 -3.340999999999999786e-03 -8.481000000000000691e-03 -9.999580000000000135e-01 -5.665219999999999700e-01 -8.239990000000000370e-01 8.881999999999999271e-03 -8.240399999999999947e-01 5.665280000000000316e-01 -2.052000000000000005e-03
8.000000000000000000e+00 1.500000000000000000e+01 8.000000000000000000e+00 0.000000000000000000e+00 1.600000000000000089e+00 -4.491000000000000200e-03 -9.270999999999999727e-03 -9.999470000000000303e-01 -5.655489999999999684e-01 -8.246520000000000516e-01 1.018600000000000061e-02 -8.247020000000000461e-01 5.655649999999999844e-01 -1.539000000000000003e-03
1.100000000000000000e+01 1.500000000000000000e+01 8.000000000000000000e+00 0.000000000000000000e+00 1.600000000000000089e+00 -7.599999999999999985e-03 -1.155100000000000050e-02 -9.999040000000000150e-01 -5.656400000000000317e-01 -8.245360000000000467e-01 1.382500000000000048e-02 -8.246170000000000444e-01 5.656910000000000549e-01 -2.669999999999999847e-04
1.500000000000000000e+01 1.500000000000000000e+01 8.000000000000000000e+00 0.000000000000000000e+00 1.600000000000000089e+00 -7.979999999999999247e-03 -1.845099999999999865e-02 -9.997979999999999645e-01 -5.680720000000000214e-01 -8.227430000000000021e-01 1.971799999999999942e-02 -8.229400000000000048e-01 5.681150000000000366e-01 -3.915000000000000077e-03
1.900000000000000000e+01 1.500000000000000000e+01 8.000000000000000000e+00 0.000000000000000000e+00 1.600000000000000089e+00 -7.542000000000000093e-03 -2.197999999999999954e-02 -9.997300000000000075e-01 -5.715820000000000345e-01 -8.202409999999999979e-01 2.234600000000000128e-02 -8.205099999999999616e-01 5.715959999999999930e-01 -6.377999999999999989e-03
2.200000000000000000e+01 1.500000000000000000e+01 8.000000000000000000e+00 0.000000000000000000e+00 1.600000000000000089e+00 -7.078000000000000090e-03 -2.132500000000000021e-02 -9.997479999999999700e-01 -5.750530000000000364e-01 -8.178330000000000322e-01 2.151600000000000040e-02 -8.180859999999999799e-01 5.750600000000000156e-01 -6.473999999999999720e-03
2.700000000000000000e+01 1.500000000000000000e+01 8.000000000000000000e+00 0.000000000000000000e+00 1.600000000000000089e+00 -3.060999999999999919e-03 -7.491000000000000263e-03 -9.999670000000000503e-01 -5.788980000000000237e-01 -8.153620000000000312e-01 7.879999999999999852e-03 -8.153939999999999522e-01 5.789029999999999454e-01 -1.840999999999999972e-03
1.000000000000000000e+00 2.600000000000000000e+01 8.000000000000000000e+00 0.000000000000000000e+00 1.600000000000000089e+00 1.737999999999999962e-03 3.652999999999999997e-03 -9.999919999999999920e-01 4.247079999999999744e-01 9.053210000000000424e-01 4.046000000000000117e-03 9.053290000000000504e-01 -4.247119999999999784e-01 2.199999999999999943e-05
8.000000000000000000e+00 2.600000000000000000e+01 8.000000000000000000e+00 0.000000000000000000e+00 1.600000000000000089e+00 1.907999999999999974e-03 8.286999999999999228e-03 -9.999639999999999640e-01 4.237210000000000143e-01 9.057549999999999768e-01 8.314000000000000209e-03 9.057910000000000128e-01 -4.237210000000000143e-01 -1.783000000000000080e-03
1.300000000000000000e+01 2.600000000000000000e+01 8.000000000000000000e+00 0.000000000000000000e+00 1.600000000000000089e+00 5.781999999999999813e-03 2.561199999999999935e-02 -9.996549999999999603e-01 4.206389999999999851e-01 9.068650000000000322e-01 2.566699999999999884e-02 9.072099999999999609e-01 -4.206420000000000159e-01 -5.530000000000000193e-03
1.600000000000000000e+01 2.600000000000000000e+01 8.000000000000000000e+00 0.000000000000000000e+00 1.600000000000000089e+00 6.945999999999999917e-03 2.131200000000000108e-02 -9.997489999999999988e-01 4.174390000000000045e-01 9.084320000000000173e-01 2.226600000000000107e-02 9.086779999999999857e-01 -4.174889999999999990e-01 -2.586999999999999890e-03
2.200000000000000000e+01 2.600000000000000000e+01 8.000000000000000000e+00 0.000000000000000000e+00 1.600000000000000089e+00 6.747999999999999658e-03 2.270700000000000149e-02 -9.997190000000000243e-01 4.125889999999999835e-01 9.106149999999999523e-01 2.346799999999999928e-02 9.108920000000000350e-01 -4.126319999999999988e-01 -3.223000000000000170e-03
2.000000000000000000e+00 1.400000000000000000e+01 9.000000000000000000e+00 0.000000000000000000e+00 1.600000000000000089e+00 -3.163000000000000013e-03 -3.663000000000000023e-03 -9.999879999999999880e-01 -5.614050000000000429e-01 -8.275270000000000126e-01 4.806999999999999641e-03 -8.275350000000000206e-01 5.614139999999999686e-01 5.609999999999999752e-04
8.000000000000000000e+00 1.400000000000000000e+01 9.000000000000000000e+00 0.000000000000000000e+00 1.600000000000000089e+00 -5.104000000000000030e-03 -1.133299999999999932e-02 -9.999230000000000063e-01 -5.616100000000000536e-01 -8.273120000000000474e-01 1.224399999999999968e-02 -8.273869999999999836e-01 5.616290000000000449e-01 -2.141999999999999807e-03
2.300000000000000000e+01 2.400000000000000000e+01 9.000000000000000000e+00 0.000000000000000000e+00 1.600000000000000089e+00 7.341999999999999568e-03 2.424400000000000166e-02 -9.996789999999999843e-01 4.667979999999999907e-01 8.840139999999999665e-01 2.486700000000000021e-02 8.843330000000000357e-01 -4.668309999999999960e-01 -4.826999999999999694e-03
2.700000000000000000e+01 2.400000000000000000e+01 9.000000000000000000e+00 0.000000000000000000e+00 1.600000000000000089e+00 5.198000000000000363e-03 1.472900000000000077e-02 -9.998780000000000445e-01 4.634480000000000266e-01 8.859890000000000265e-01 1.546100000000000078e-02 8.861090000000000355e-01 -4.634719999999999951e-01 -2.220999999999999884e-03
3.000000000000000000e+01 2.400000000000000000e+01 9.000000000000000000e+00 0.000000000000000000e+00 1.600000000000000089e+00 2.928000000000000047e-03 7.414999999999999716e-03 -9.999679999999999680e-01 4.628280000000000172e-01 8.864130000000000065e-01 7.927999999999999284e-03 8.864429999999999810e-01 -4.628360000000000252e-01 -8.360000000000000460e-04
1.200000000000000000e+01 3.100000000000000000e+01 1.200000000000000000e+01 0.000000000000000000e+00 1.600000000000000089e+00 1.641000000000000097e-03 2.004999999999999838e-03 9.999970000000000248e-01 -1.483300000000000070e-02 9.998879999999999990e-01 -1.981000000000000122e-03 -9.998890000000000278e-01 -1.482999999999999943e-02 1.670000000000000043e-03
1.800000000000000000e+01 3.100000000000000000e+01 1.200000000000000000e+01 0.000000000000000000e+00 1.600000000000000089e+00 1.028999999999999967e-03 1.374000000000000004e-03 9.999989999999999712e-01 -1.338499999999999933e-02 9.999090000000000478e-01 -1.360000000000000098e-03 -9.999099999999999655e-01 -1.338400000000000006e-02 1.048000000000000103e-03
2.500000000000000000e+01 3.100000000000000000e+01 1.200000000000000000e+01 0.000000000000000000e+00 1.600000000000000089e+00 -6.220000000000000485e-04 5.381999999999999632e-03 9.999850000000000128e-01 -9.433000000000000412e-03 9.999409999999999688e-01 -5.388000000000000428e-03 -9.999550000000000383e-01 -9.435999999999999943e-03 -5.710000000000000015e-04
4.000000000000000000e+00 1.200000000000000000e+01 1.500000000000000000e+01 0.000000000000000000e+00 1.600000000000000089e+00 -9.950000000000000077e-04 -5.083999999999999977e-03 -9.999869999999999592e-01 -4.645940000000000070e-01 -8.855100000000000193e-01 4.963999999999999663e-03 -8.855229999999999491e-01 4.645929999999999782e-01 -1.480999999999999895e-03
1.000000000000000000e+01 1.200000000000000000e+01 1.500000000000000000e+01 0.000000000000000000e+00 1.600000000000000089e+00 -4.044999999999999984e-03 -6.618999999999999884e-03 -9.999700000000000255e-01 -4.690309999999999757e-01 -8.831480000000000441e-01 7.742999999999999883e-03 -8.831719999999999571e-01 4.690480000000000205e-01 4.679999999999999915e-04
2.000000000000000000e+01 1.200000000000000000e+01 1.500000000000000000e+01 0.000000000000000000e+00 1.600000000000000089e+00 -4.276000000000000287e-03 -6.048000000000000424e-03 -9.999730000000000008e-01 -4.737439999999999984e-01 -8.806319999999999704e-01 7.352000000000000028e-03 -8.806519999999999904e-01 4.737629999999999897e-01 8.999999999999999754e-04
2.500000000000000000e+01 1.200000000000000000e+01 1.500000000000000000e+01 0.000000000000000000e+00 1.600000000000000089e+00 -2.079999999999999818e-03 -4.439000000000000237e-03 -9.999879999999999880e-01 -4.730579999999999785e-01 -8.810179999999999678e-01 4.895000000000000046e-03 -8.810289999999999511e-01 4.730619999999999825e-01 -2.669999999999999847e-04
3.000000000000000000e+01 1.200000000000000000e+01 1.500000000000000000e+01 0.000000000000000000e+00 1.600000000000000089e+00 -1.435000000000000078e-03 -2.410000000000000033e-04 -9.999989999999999712e-01 -4.736290000000000222e-01 -8.807239999999999513e-01 8.919999999999999978e-04 -8.807230000000000336e-01 4.736299999999999955e-01 1.149999999999999981e-03
1.000000000000000000e+00 2.000000000000000000e+00 1.900000000000000000e+01 0.000000000000000000e+00 1.600000000000000089e+00 -2.308999999999999855e-03 8.350000000000000217e-04 -9.999970000000000248e-01 1.390049999999999897e-01 -9.902910000000000323e-01 -1.147999999999999932e-03 -9.902889999999999748e-01 -1.390069999999999917e-01 2.171000000000000187e-03
4.000000000000000000e+00 2.000000000000000000e+00 1.900000000000000000e+01 0.000000000000000000e+00 1.600000000000000089e+00 -1.464999999999999939e-03 -1.773000000000000053e-03 -9.999970000000000248e-01 1.416320000000000079e-01 -9.899179999999999646e-01 1.546999999999999981e-03 -9.899179999999999646e-01 -1.416300000000000059e-01 1.701000000000000038e-03
7.000000000000000000e+00 2.000000000000000000e+00 1.900000000000000000e+01 0.000000000000000000e+00 1.600000000000000089e+00 -1.474999999999999966e-03 -1.196999999999999930e-03 -9.999980000000000535e-01 1.457789999999999919e-01 -9.893170000000000019e-01 9.690000000000000262e-04 -9.893159999999999732e-01 -1.457779999999999909e-01 1.634000000000000036e-03
1.700000000000000000e+01 2.000000000000000000e+00 1.900000000000000000e+01 0.000000000000000000e+00 1.600000000000000089e+00 2.286999999999999970e-03 -3.569999999999999823e-03 -9.999909999999999632e-01 1.546269999999999867e-01 -9.879649999999999821e-01 3.880999999999999901e-03 -9.879700000000000149e-01 -1.546349999999999947e-01 -1.706999999999999967e-03
2.100000000000000000e+01 2.000000000000000000e+00 1.900000000000000000e+01 0.000000000000000000e+00 1.600000000000000089e+00 2.969999999999999984e-03 -1.206800000000000060e-02 -9.999230000000000063e-01 1.606539999999999913e-01 -9.869329999999999492e-01 1.238799999999999971e-02 -9.870060000000000500e-01 -1.606779999999999875e-01 -9.920000000000000432e-04
2.400000000000000000e+01 2.000000000000000000e+00 1.900000000000000000e+01 0.000000000000000000e+00 1.600000000000000089e+00 3.222000000000000038e-03 -5.100999999999999632e-03 -9.999820000000000375e-01 1.641819999999999946e-01 -9.864140000000000130e-01 5.559999999999999838e-03 -9.864249999999999963e-01 -1.641970000000000096e-01 -2.341000000000000199e-03
2.900000000000000000e+01 2.000000000000000000e+00 1.900000000000000000e+01 0.000000000000000000e+00 1.600000000000000089e+00 3.609999999999999928e-04 9.223999999999999561e-03 -9.999569999999999848e-01 1.653900000000000092e-01 -9.861870000000000358e-01 -9.036999999999999894e-03 -9.862279999999999935e-01 -1.653799999999999992e-01 -1.881000000000000076e-03
2.400000000000000000e+01 4.000000000000000000e+00 2.000000000000000000e+01 0.000000000000000000e+00 1.600000000000000089e+00 4.583000000000000268e-03 -5.494999999999999885e-03 -9.999740000000000295e-01 2.567949999999999955e-01 -9.664439999999999698e-01 6.487999999999999844e-03 -9.664549999999999530e-01 -2.568179999999999907e-01 -3.017999999999999849e-03
5.000000000000000000e+00 1.300000000000000000e+01 2.000000000000000000e+01 0.000000000000000000e+00 1.600000000000000089e+00 5.150000000000000498e-04 -6.409999999999999682e-04 1.000000000000000000e+00 2.515310000000000046e-01 9.678489999999999593e-01 4.910000000000000085e-04 -9.678489999999999593e-01 2.515299999999999758e-01 6.589999999999999721e-04
1.100000000000000000e+01 1.300000000000000000e+01 2.000000000000000000e+01 0.000000000000000000e+00 1.600000000000000089e+00 1.142999999999999919e-03 5.124000000000000082e-03 9.999860000000000415e-01 2.531180000000000097e-01 9.674209999999999754e-01 -5.245999999999999795e-03 -9.674350000000000449e-01 2.531209999999999849e-01 -1.910000000000000077e-04
1.700000000000000000e+01 1.300000000000000000e+01 2.000000000000000000e+01 0.000000000000000000e+00 1.600000000000000089e+00 2.699999999999999899e-05 3.602000000000000167e-03 9.999940000000000495e-01 2.521510000000000140e-01 9.676820000000000421e-01 -3.493000000000000011e-03 -9.676879999999999926e-01 2.521490000000000120e-01 -8.819999999999999715e-04
2.400000000000000000e+01 1.300000000000000000e+01 2.000000000000000000e+01 0.000000000000000000e+00 1.600000000000000089e+00 -8.440000000000000236e-04 8.409999999999999507e-04 9.999989999999999712e-01 2.556590000000000251e-01 9.667670000000000430e-01 -5.969999999999999829e-04 -9.667670000000000430e-01 2.556590000000000251e-01 -1.031000000000000015e-03
2.700000000000000000e+01 1.300000000000000000e+01 2.000000000000000000e+01 0.000000000000000000e+00 1.600000000000000089e+00 -1.087000000000000076e-03 -1.232000000000000022e-03 9.999989999999999712e-01 2.564219999999999833e-01 9.665639999999999787e-01 1.469999999999999953e-03 -9.665639999999999787e-01 2.564239999999999853e-01 -7.349999999999999763e-04
2.000000000000000000e+00 1.600000000000000000e+01 2.100000000000000000e+01 0.000000000000000000e+00 1.600000000000000089e+00 7.200000000000000182e-05 -5.871000000000000350e-03 9.999829999999999552e-01 2.997770000000000157e-01 9.539929999999999799e-01 5.578999999999999758e-03 -9.540089999999999959e-01 2.997719999999999829e-01 1.828999999999999897e-03
1.700000000000000000e+01 1.600000000000000000e+01 2.100000000000000000e+01 0.000000000000000000e+00 1.600000000000000089e+00 -5.789999999999999791e-04 -1.126999999999999964e-03 9.999989999999999712e-01 2.979430000000000134e-01 9.545829999999999593e-01 1.247999999999999977e-03 -9.545829999999999593e-01 2.979439999999999866e-01 -2.169999999999999891e-04
6.000000000000000000e+00 4.600000000000000000e+01 2.700000000000000000e+01 0.000000000000000000e+00 1.600000000000000089e+00 1.876999999999999979e-03 5.659999999999999884e-04 -9.999980000000000535e-01 6.649279999999999635e-01 7.469059999999999588e-01 1.670999999999999959e-03 7.469050000000000411e-01 -6.649300000000000210e-01 1.026000000000000002e-03
1.300000000000000000e+01 4.600000000000000000e+01 2.700000000000000000e+01 0.000000000000000000e+00 1.600000000000000089e+00 1.226000000000000093e-03 2.150000000000000001e-03 -9.999970000000000248e-01 6.776269999999999794e-01 7.354020000000000001e-01 2.412000000000000081e-03 7.354039999999999466e-01 -6.776280000000000081e-01 -5.559999999999999621e-04
1.700000000000000000e+01 4.600000000000000000e+01 2.700000000000000000e+01 0.000000000000000000e+00 1.600000000000000089e+00 1.905000000000000009e-03 1.309000000000000051e-03 -9.999970000000000248e-01 6.852190000000000225e-01 7.283340000000000369e-01 2.259000000000000157e-03 7.283349999999999547e-01 -6.852209999999999690e-01 4.899999999999999842e-04
2.000000000000000000e+01 4.600000000000000000e+01 2.700000000000000000e+01 0.000000000000000000e+00 1.600000000000000089e+00 1.763000000000000027e-03 3.119999999999999944e-04 -9.999980000000000535e-01 6.846179999999999488e-01 7.289010000000000211e-01 1.435000000000000078e-03 7.288999999999999924e-01 -6.846189999999999776e-01 1.072000000000000036e-03
8.000000000000000000e+00 4.600000000000000000e+01 3.000000000000000000e+01 0.000000000000000000e+00 1.600000000000000089e+00 8.059999999999999673e-04 1.129999999999999955e-04 -1.000000000000000000e+00 3.241040000000000032e-01 9.460210000000000008e-01 3.680000000000000003e-04 9.460210000000000008e-01 -3.241040000000000032e-01 7.259999999999999743e-04
1.200000000000000000e+01 4.600000000000000000e+01 3.000000000000000000e+01 0.000000000000000000e+00 1.600000000000000089e+00 -6.030000000000000204e-04 6.589999999999999721e-04 -1.000000000000000000e+00 3.314810000000000256e-01 9.434620000000000228e-01 4.220000000000000118e-04 9.434620000000000228e-01 -3.314810000000000256e-01 -7.870000000000000476e-04
1.900000000000000000e+01 4.600000000000000000e+01 3.000000000000000000e+01 0.000000000000000000e+00 1.600000000000000089e+00 1.735999999999999913e-03 1.572999999999999962e-03 -9.999970000000000248e-01 3.372680000000000122e-01 9.414059999999999651e-01 2.066000000000000128e-03 9.414069999999999938e-01 -3.372709999999999875e-01 1.103999999999999947e-03
2.300000000000000000e+01 4.600000000000000000e+01 3.000000000000000000e+01 0.000000000000000000e+00 1.600000000000000089e+00 -4.699999999999999859e-04 1.800000000000000046e-05 -1.000000000000000000e+00 3.349880000000000080e-01 9.422220000000000040e-01 -1.399999999999999877e-04 9.422220000000000040e-01 -3.349880000000000080e-01 -4.490000000000000176e-04
1.000000000000000000e+00 5.800000000000000000e+01 3.100000000000000000e+01 0.000000000000000000e+00 1.600000000000000089e+00 -5.017999999999999891e-03 -4.929999999999999487e-04 9.999869999999999592e-01 -7.682539999999999925e-01 -6.401320000000000343e-01 -4.171000000000000228e-03 6.401259999999999728e-01 -7.682649999999999757e-01 2.833000000000000015e-03
5.000000000000000000e+00 5.800000000000000000e+01 3.100000000000000000e+01 0.000000000000000000e+00 1.600000000000000089e+00 -4.259999999999999898e-03 -4.970999999999999724e-03 9.999789999999999512e-01 -7.699270000000000280e-01 -6.381000000000000005e-01 -6.451000000000000137e-03 6.381179999999999630e-01 -7.699380000000000113e-01 -1.108999999999999960e-03
8.000000000000000000e+00 5.800000000000000000e+01 3.100000000000000000e+01 0.000000000000000000e+00 1.600000000000000089e+00 -2.213999999999999822e-03 -5.075999999999999783e-03 9.999850000000000128e-01 -7.726939999999999920e-01 -6.347599999999999909e-01 -4.932999999999999885e-03 6.347749999999999782e-01 -7.726929999999999632e-01 -2.517000000000000140e-03
1.600000000000000000e+01 5.800000000000000000e+01 3.100000000000000000e+01 0.000000000000000000e+00 1.600000000000000089e+00 -2.467000000000000009e-03 -5.320000000000000293e-04 9.999970000000000248e-01 -7.780679999999999819e-01 -6.281759999999999566e-01 -2.252999999999999794e-03 6.281750000000000389e-01 -7.780709999999999571e-01 1.136000000000000074e-03
2.200000000000000000e+01 5.800000000000000000e+01 3.100000000000000000e+01 0.000000000000000000e+00 1.600000000000000089e+00 -9.690000000000000262e-04 1.709999999999999932e-03 9.999980000000000535e-01 -7.848800000000000221e-01 -6.196479999999999766e-01 2.990000000000000036e-04 6.196479999999999766e-01 -7.848779999999999646e-01 1.943000000000000066e-03
2.700000000000000000e+01 5.800000000000000000e+01 3.100000000000000000e+01 0.000000000000000000e+00 1.600000000000000089e+00 -1.026000000000000002e-03 -1.404000000000000083e-03 9.999980000000000535e-01 -7.853499999999999925e-01 -6.190499999999999892e-01 -1.675000000000000057e-03 6.190510000000000179e-01 -7.853499999999999925e-01 -4.679999999999999915e-04
1.100000000000000000e+01 6.000000000000000000e+00 3.200000000000000000e+01 0.000000000000000000e+00 1.600000000000000089e+00 -3.150000000000000131e-04 3.911999999999999679e-03 -9.999919999999999920e-01 1.996729999999999894e-01 9.798550000000000315e-01 3.771000000000000046e-03 9.798630000000000395e-01 -1.996699999999999864e-01 -1.090000000000000040e-03
3.000000000000000000e+00 4.600000000000000000e+01 3.500000000000000000e+01 0.000000000000000000e+00 1.600000000000000089e+00 -8.229999999999999469e-04 4.989999999999999861e-04 -1.000000000000000000e+00 3.846649999999999792e-01 -9.230559999999999876e-01 -7.770000000000000214e-04 -9.230559999999999876e-01 -3.846660000000000079e-01 5.680000000000000370e-04
6.000000000000000000e+00 4.600000000000000000e+01 3.500000000000000000e+01 0.000000000000000000e+00 1.600000000000000089e+00 6.340000000000000149e-04 -2.311999999999999819e-03 -9.999970000000000248e-01 3.867970000000000019e-01 -9.221620000000000372e-01 2.377000000000000206e-03 -9.221650000000000125e-01 -3.867979999999999752e-01 3.099999999999999999e-04
1.300000000000000000e+01 4.600000000000000000e+01 3.500000000000000000e+01 0.000000000000000000e+00 1.600000000000000089e+00 -1.810000000000000085e-04 5.141999999999999869e-03 -9.999869999999999592e-01 3.875549999999999828e-01 -9.218340000000000423e-01 -4.810000000000000039e-03 -9.218469999999999720e-01 -3.875509999999999788e-01 -1.825999999999999932e-03
1.800000000000000000e+01 4.600000000000000000e+01 3.500000000000000000e+01 0.000000000000000000e+00 1.600000000000000089e+00 -6.790000000000000245e-04 -6.220000000000000485e-04 -1.000000000000000000e+00 3.876749999999999918e-01 -9.217959999999999487e-01 3.099999999999999999e-04 -9.217959999999999487e-01 -3.876749999999999918e-01 8.670000000000000406e-04
2.300000000000000000e+01 4.600000000000000000e+01 3.500000000000000000e+01 0.000000000000000000e+00 1.600000000000000089e+00 1.119999999999999983e-04 -1.000000000000000048e-04 -1.000000000000000000e+00 3.877519999999999856e-01 -9.217640000000000278e-01 1.359999999999999989e-04 -9.217640000000000278e-01 -3.877519999999999856e-01 -6.399999999999999710e-05
2.800000000000000000e+01 4.600000000000000000e+01 3.500000000000000000e+01 0.000000000000000000e+00 1.600000000000000089e+00 8.419999999999999750e-04 2.589000000000000155e-03 -9.999959999999999960e-01 3.865709999999999980e-01 -9.222569999999999935e-01 -2.063000000000000164e-03 -9.222590000000000510e-01 -3.865680000000000227e-01 -1.776999999999999934e-03
3.000000000000000000e+00 9.500000000000000000e+01 3.600000000000000000e+01 0.000000000000000000e+00 1.600000000000000089e+00 -2.037999999999999881e-03 -1.654200000000000115e-02 9.998609999999999998e-01 9.960909999999999487e-01 8.826399999999999524e-02 3.490000000000000047e-03 -8.830999999999999961e-02 9.959599999999999564e-01 1.629699999999999899e-02
1.000000000000000000e+01 9.500000000000000000e+01 3.600000000000000000e+01 0.000000000000000000e+00 1.600000000000000089e+00 6.206999999999999844e-03 1.001600000000000060e-02 9.999310000000000143e-01 9.965509999999999646e-01 8.268100000000000449e-02 -7.015000000000000402e-03 -8.274600000000000011e-02 9.965260000000000229e-01 -9.468000000000000721e-03
1.300000000000000000e+01 9.500000000000000000e+01 3.600000000000000000e+01 0.000000000000000000e+00 1.600000000000000089e+00 3.556999999999999832e-03 2.776999999999999955e-03 9.999900000000000455e-01 9.961170000000000302e-01 8.795699999999999352e-02 -3.787000000000000002e-03 -8.796700000000000352e-02 9.961200000000000054e-01 -2.452999999999999885e-03
1.800000000000000000e+01 9.500000000000000000e+01 3.600000000000000000e+01 0.000000000000000000e+00 1.600000000000000089e+00 -2.491999999999999858e-03 -4.974000000000000123e-03 9.999850000000000128e-01 9.960550000000000237e-01 8.869199999999999307e-02 2.922999999999999817e-03 -8.870500000000000607e-02 9.960470000000000157e-01 4.734000000000000360e-03
2.600000000000000000e+01 9.500000000000000000e+01 3.600000000000000000e+01 0.000000000000000000e+00 1.600000000000000089e+00 -1.039999999999999909e-03 4.080000000000000293e-03 9.999909999999999632e-01 9.963800000000000434e-01 8.500900000000000123e-02 6.899999999999999667e-04 -8.500599999999999823e-02 9.963720000000000354e-01 -4.153999999999999707e-03
3.000000000000000000e+01 9.500000000000000000e+01 3.600000000000000000e+01 0.000000000000000000e+00 1.600000000000000089e+00 -3.723999999999999880e-03 -1.019499999999999920e-02 9.999409999999999688e-01 9.965819999999999679e-01 8.248800000000000576e-02 4.552999999999999756e-03 -8.253000000000000613e-02 9.965399999999999814e-01 9.853000000000000647e-03
5.000000000000000000e+00 3.000000000000000000e+00 4.300000000000000000e+01 0.000000000000000000e+00 1.600000000000000089e+00 -9.000000000000000567e-05 1.062100000000000023e-02 -9.999440000000000550e-01 7.373990000000000267e-01 -6.754189999999999916e-01 -7.241000000000000041e-03 -6.754569999999999741e-01 -7.373579999999999579e-01 -7.771000000000000130e-03
1.200000000000000000e+01 3.000000000000000000e+00 4.300000000000000000e+01 0.000000000000000000e+00 1.600000000000000089e+00 3.880999999999999901e-03 1.363999999999999935e-02 -9.998989999999999823e-01 7.298350000000000115e-01 -6.835919999999999774e-01 -6.492999999999999640e-03 -6.836119999999999974e-01 -7.297360000000000513e-01 -1.260799999999999942e-02
1.500000000000000000e+01 3.000000000000000000e+00 4.300000000000000000e+01 0.000000000000000000e+00 1.600000000000000089e+00 -1.858000000000000059e-03 -7.440000000000000432e-03 -9.999710000000000543e-01 7.302939999999999987e-01 -6.831230000000000357e-01 3.726000000000000145e-03 -6.831300000000000150e-01 -7.302659999999999707e-01 6.702999999999999757e-03
2.800000000000000000e+01 3.000000000000000000e+00 4.300000000000000000e+01 0.000000000000000000e+00 1.600000000000000089e+00 4.444000000000000034e-03 1.636200000000000154e-02 -9.998559999999999670e-01 7.335260000000000113e-01 -6.796149999999999691e-01 -7.861999999999999197e-03 -6.796459999999999724e-01 -7.333859999999999824e-01 -1.502200000000000063e-02
5.000000000000000000e+00 8.000000000000000000e+00 4.400000000000000000e+01 0.000000000000000000e+00 1.600000000000000089e+00 6.369999999999999794e-04 4.688000000000000327e-03 9.999890000000000168e-01 -7.677040000000000530e-01 -6.407950000000000035e-01 3.493000000000000011e-03 6.408049999999999580e-01 -7.676969999999999628e-01 3.190999999999999826e-03
1.700000000000000000e+01 8.000000000000000000e+00 4.400000000000000000e+01 0.000000000000000000e+00 1.600000000000000089e+00 2.488000000000000194e-03 -2.790000000000000054e-04 9.999970000000000248e-01 -7.779730000000000256e-01 -6.282950000000000479e-01 1.760000000000000063e-03 6.282929999999999904e-01 -7.779749999999999721e-01 -1.779999999999999898e-03
4.000000000000000000e+00 2.900000000000000000e+01 4.400000000000000000e+01 0.000000000000000000e+00 1.600000000000000089e+00 1.769999999999999926e-04 -4.377999999999999947e-03 -9.999900000000000455e-01 6.583590000000000275e-01 7.526979999999999782e-01 -3.178999999999999968e-03 7.527040000000000397e-01 -6.583520000000000483e-01 3.016000000000000018e-03
1.400000000000000000e+01 2.900000000000000000e+01 4.400000000000000000e+01 0.000000000000000000e+00 1.600000000000000089e+00 3.861999999999999982e-03 3.572000000000000088e-03 -9.999860000000000415e-01 6.714409999999999545e-01 7.410390000000000033e-01 5.239999999999999866e-03 7.410480000000000400e-01 -6.714520000000000488e-01 4.629999999999999784e-04
2.000000000000000000e+01 2.900000000000000000e+01 4.400000000000000000e+01 0.000000000000000000e+00 1.600000000000000089e+00 8.099999999999999561e-04 5.394000000000000357e-03 -9.999850000000000128e-01 6.758950000000000236e-01 7.369839999999999725e-01 4.523000000000000111e-03 7.369970000000000132e-01 -6.758889999999999620e-01 -3.049000000000000061e-03
2.600000000000000000e+01 2.900000000000000000e+01 4.400000000000000000e+01 0.000000000000000000e+00 1.600000000000000089e+00 -2.435999999999999797e-03 1.090000000000000067e-04 -9.999970000000000248e-01 6.804029999999999800e-01 7.328360000000000429e-01 -1.577000000000000060e-03 7.328339999999999854e-01 -6.804050000000000376e-01 -1.858999999999999975e-03
3.000000000000000000e+01 2.900000000000000000e+01 4.400000000000000000e+01 0.000000000000000000e+00 1.600000000000000089e+00 -2.498999999999999919e-03 4.710000000000000102e-04 -9.999970000000000248e-01 6.805649999999999755e-01 7.326859999999999484e-01 -1.356000000000000000e-03 7.326829999999999732e-01 -6.805660000000000043e-01 -2.151999999999999833e-03
1.700000000000000000e+01 6.500000000000000000e+01 4.600000000000000000e+01 0.000000000000000000e+00 1.600000000000000089e+00 -2.407999999999999984e-03 1.788000000000000093e-03 9.999959999999999960e-01 6.843069999999999986e-01 -7.291879999999999473e-01 2.952000000000000197e-03 7.291900000000000048e-01 6.843110000000000026e-01 5.320000000000000293e-04
8.000000000000000000e+00 5.000000000000000000e+00 5.100000000000000000e+01 0.000000000000000000e+00 1.600000000000000089e+00 4.029999999999999837e-04 6.958999999999999908e-03 -9.999759999999999760e-01 4.735349999999999837e-01 -8.807549999999999546e-01 -5.938999999999999835e-03 -8.807749999999999746e-01 -4.735210000000000252e-01 -3.650000000000000033e-03
1.800000000000000000e+01 5.000000000000000000e+00 5.100000000000000000e+01 0.000000000000000000e+00 1.600000000000000089e+00 -2.171999999999999886e-03 8.838999999999999635e-03 -9.999590000000000423e-01 4.771730000000000138e-01 -8.787650000000000183e-01 -8.803999999999999326e-03 -8.788059999999999761e-01 -4.771730000000000138e-01 -2.308999999999999855e-03
2.800000000000000000e+01 5.000000000000000000e+00 5.100000000000000000e+01 0.000000000000000000e+00 1.600000000000000089e+00 3.994000000000000154e-03 3.135999999999999899e-03 -9.999869999999999592e-01 4.893970000000000264e-01 -8.720609999999999751e-01 -7.799999999999999859e-04 -8.720520000000000493e-01 -4.893879999999999897e-01 -5.016999999999999758e-03
3.000000000000000000e+00 6.300000000000000000e+01 5.400000000000000000e+01 0.000000000000000000e+00 1.600000000000000089e+00 -1.662999999999999982e-03 -1.984000000000000086e-03 9.999970000000000248e-01 -3.537540000000000129e-01 9.353380000000000027e-01 1.266999999999999897e-03 -9.353369999999999740e-01 -3.537509999999999821e-01 -2.256999999999999892e-03
8.000000000000000000e+00 6.300000000000000000e+01 5.400000000000000000e+01 0.000000000000000000e+00 1.600000000000000089e+00 -2.829999999999999942e-04 5.800000000000000034e-05 1.000000000000000000e+00 -3.524309999999999943e-01 9.358379999999999477e-01 -1.540000000000000028e-04 -9.358379999999999477e-01 -3.524309999999999943e-01 -2.449999999999999921e-04
1.200000000000000000e+01 6.300000000000000000e+01 5.400000000000000000e+01 0.000000000000000000e+00 1.600000000000000089e+00 -7.010000000000000172e-04 1.026000000000000002e-03 9.999989999999999712e-01 -3.516589999999999994e-01 9.361270000000000424e-01 -1.206999999999999957e-03 -9.361279999999999601e-01 -3.516599999999999726e-01 -2.950000000000000148e-04
1.700000000000000000e+01 6.300000000000000000e+01 5.400000000000000000e+01 0.000000000000000000e+00 1.600000000000000089e+00 2.359999999999999902e-04 -1.567999999999999949e-03 9.999989999999999712e-01 -3.490800000000000014e-01 9.370920000000000361e-01 1.551999999999999994e-03 -9.370929999999999538e-01 -3.490800000000000014e-01 -3.260000000000000094e-04
2.300000000000000000e+01 6.300000000000000000e+01 5.400000000000000000e+01 0.000000000000000000e+00 1.600000000000000089e+00 1.229000000000000058e-03 -1.407000000000000048e-03 9.999980000000000535e-01 -3.433700000000000085e-01 9.391990000000000061e-01 1.744000000000000107e-03 -9.391990000000000061e-01 -3.433720000000000105e-01 6.710000000000000469e-04
2.700000000000000000e+01 6.300000000000000000e+01 5.400000000000000000e+01 0.000000000000000000e+00 1.600000000000000089e+00 -3.983999999999999694e-03 -4.260000000000000006e-04 9.999919999999999920e-01 -3.465440000000000187e-01 9.380330000000000057e-01 -9.810000000000001011e-04 -9.380249999999999977e-01 -3.465449999999999919e-01 -3.883999999999999866e-03
6.000000000000000000e+00 2.500000000000000000e+01 5.500000000000000000e+01 0.000000000000000000e+00 1.600000000000000089e+00 -3.449999999999999833e-04 -4.087000000000000355e-03 -9.999919999999999920e-01 -1.099600000000000057e-02 -9.999310000000000143e-01 4.091000000000000018e-03 -9.999400000000000510e-01 1.099800000000000083e-02 2.999999999999999737e-04
1.000000000000000000e+01 2.500000000000000000e+01 5.500000000000000000e+01 0.000000000000000000e+00 1.600000000000000089e+00 -4.000000000000000192e-04 3.784000000000000037e-03 -9.999930000000000208e-01 -1.198100000000000033e-02 -9.999209999999999487e-01 -3.778999999999999807e-03 -9.999280000000000390e-01 1.197900000000000006e-02 4.449999999999999746e-04
1.300000000000000000e+01 2.500000000000000000e+01 5.500000000000000000e+01 0.000000000000000000e+00 1.600000000000000089e+00 -3.759999999999999779e-04 3.246999999999999886e-03 -9.999949999999999672e-01 -1.213499999999999995e-02 -9.999209999999999487e-01 -3.242000000000000090e-03 -9.999259999999999815e-01 1.213400000000000069e-02 4.150000000000000043e-04
1.900000000000000000e+01 2.500000000000000000e+01 5.500000000000000000e+01 0.000000000000000000e+00 1.600000000000000089e+00 1.415000000000000025e-03 -4.100000000000000047e-05 -9.999989999999999712e-01 -1.081499999999999996e-02 -9.999419999999999975e-01 2.500000000000000120e-05 -9.999409999999999688e-01 1.081499999999999996e-02 -1.415000000000000025e-03
2.600000000000000000e+01 2.500000000000000000e+01 5.500000000000000000e+01 0.000000000000000000e+00 1.600000000000000089e+00 8.299999999999999815e-05 -5.990000000000000316e-04 -1.000000000000000000e+00 -9.856999999999999443e-03 -9.999510000000000343e-01 5.980000000000000072e-04 -9.999510000000000343e-01 9.856999999999999443e-03 -8.899999999999999491e-05
2.800000000000000000e+01 2.500000000000000000e+01 5.500000000000000000e+01 0.000000000000000000e+00 1.600000000000000089e+00 2.610000000000000015e-04 5.029999999999999749e-04 -1.000000000000000000e+00 -1.041300000000000038e-02 -9.999460000000000015e-01 -5.060000000000000478e-04 -9.999460000000000015e-01 1.041300000000000038e-02 -2.559999999999999884e-04
2.000000000000000000e+01 5.800000000000000000e+01 5.900000000000000000e+01 0.000000000000000000e+00 1.600000000000000089e+00 1.008999999999999914e-03 4.989999999999999861e-04 -9.999989999999999712e-01 3.878469999999999973e-01 9.217229999999999590e-01 8.520000000000000013e-04 9.217229999999999590e-01 -3.878480000000000261e-01 7.370000000000000249e-04
1.600000000000000000e+01 7.000000000000000000e+00 6.000000000000000000e+01 0.000000000000000000e+00 1.600000000000000089e+00 -3.870999999999999875e-03 3.442000000000000181e-03 9.999869999999999592e-01 5.659560000000000146e-01 -8.244200000000000417e-01 5.028999999999999616e-03 8.244270000000000209e-01 5.659680000000000266e-01 1.242999999999999964e-03
1.500000000000000000e+01 2.100000000000000000e+01 6.000000000000000000e+01 0.000000000000000000e+00 1.600000000000000089e+00 -1.918000000000000000e-03 -1.477700000000000020e-02 9.998890000000000278e-01 -9.442300000000000693e-02 9.954260000000000330e-01 1.452900000000000025e-02 -9.955300000000000260e-01 -9.438499999999999668e-02 -3.304000000000000079e-03
2.100000000000000000e+01 2.100000000000000000e+01 6.000000000000000000e+01 0.000000000000000000e+00 1.600000000000000089e+00 4.270000000000000249e-04 6.464000000000000128e-03 9.999789999999999512e-01 -9.513900000000000134e-02 9.954429999999999668e-01 -6.394000000000000378e-03 -9.954640000000000155e-01 -9.513399999999999634e-02 1.039999999999999909e-03
2.600000000000000000e+01 2.100000000000000000e+01 6.000000000000000000e+01 0.000000000000000000e+00 1.600000000000000089e+00 2.509999999999999753e-04 -4.334000000000000179e-03 9.999909999999999632e-01 -9.667199999999999405e-02 9.953070000000000528e-01 4.337999999999999842e-03 -9.953159999999999785e-01 -9.667299999999999505e-02 -1.689999999999999879e-04
4.000000000000000000e+00 4.000000000000000000e+00 6.200000000000000000e+01 0.000000000000000000e+00 1.600000000000000089e+00 -1.310000000000000129e-04 1.004400000000000084e-02 9.999500000000000055e-01 -6.167529999999999957e-01 7.871160000000000379e-01 -7.986999999999999308e-03 -7.871569999999999956e-01 -6.167230000000000212e-01 6.091000000000000060e-03
5.000000000000000000e+00 2.700000000000000000e+01 6.300000000000000000e+01 0.000000000000000000e+00 1.600000000000000089e+00 1.626999999999999974e-03 -8.836999999999999370e-03 9.999599999999999600e-01 -2.766009999999999858e-01 9.609429999999999916e-01 8.942000000000000295e-03 -9.609839999999999494e-01 -2.766040000000000165e-01 -8.800000000000000313e-04
1.000000000000000000e+01 2.700000000000000000e+01 6.300000000000000000e+01 0.000000000000000000e+00 1.600000000000000089e+00 -1.090000000000000067e-04 1.985999999999999918e-03 9.999980000000000535e-01 -2.748570000000000180e-01 9.614829999999999766e-01 -1.940000000000000101e-03 -9.614850000000000341e-01 -2.748570000000000180e-01 4.409999999999999858e-04
1.600000000000000000e+01 2.700000000000000000e+01 6.300000000000000000e+01 0.000000000000000000e+00 1.600000000000000089e+00 -1.273000000000000043e-03 -8.238000000000000531e-03 9.999649999999999928e-01 -2.717849999999999988e-01 9.623279999999999612e-01 7.582000000000000198e-03 -9.623570000000000180e-01 -2.717660000000000076e-01 -3.464000000000000065e-03
