2.000000000000000000e+00 1.500000000000000000e+01 4.000000000000000000e+00 0.000000000000000000e+00 1.600000000000000089e+00 6.539999999999999590e-04 6.477000000000000118e-03 9.999789999999999512e-01 2.957110000000000016e-01 -9.552589999999999693e-01 5.995000000000000329e-03 9.552770000000000428e-01 2.957009999999999916e-01 -2.540000000000000157e-03
1.100000000000000000e+01 1.500000000000000000e+01 4.000000000000000000e+00 0.000000000000000000e+00 1.600000000000000089e+00 1.814000000000000074e-03 5.664999999999999897e-03 9.999820000000000375e-01 2.910340000000000149e-01 -9.566999999999999948e-01 4.891999999999999647e-03 9.567109999999999781e-01 2.910200000000000009e-01 -3.383999999999999855e-03
1.600000000000000000e+01 1.500000000000000000e+01 4.000000000000000000e+00 0.000000000000000000e+00 1.600000000000000089e+00 -1.814000000000000074e-03 -1.492399999999999977e-02 9.998869999999999703e-01 2.867169999999999996e-01 -9.579159999999999897e-01 -1.377699999999999932e-02 9.580140000000000322e-01 2.866589999999999971e-01 6.015999999999999646e-03
2.500000000000000000e+01 1.500000000000000000e+01 4.000000000000000000e+00 0.000000000000000000e+00 1.600000000000000089e+00 -2.286999999999999970e-03 -3.631999999999999812e-03 9.999909999999999632e-01 2.871520000000000183e-01 -9.578809999999999825e-01 -2.822999999999999989e-03 9.578820000000000112e-01 2.871429999999999816e-01 3.233000000000000197e-03
2.800000000000000000e+01 1.500000000000000000e+01 4.000000000000000000e+00 0.000000000000000000e+00 1.600000000000000089e+00 -3.350000000000000113e-04 -1.951000000000000043e-03 9.999980000000000535e-01 2.893809999999999993e-01 -9.572119999999999518e-01 -1.770000000000000089e-03 9.572140000000000093e-01 2.893800000000000261e-01 8.850000000000000444e-04
6.000000000000000000e+00 1.600000000000000000e+01 4.000000000000000000e+00 0.000000000000000000e+00 1.600000000000000089e+00 -1.054999999999999948e-03 1.137499999999999969e-02 9.999350000000000183e-01 3.559620000000000006e-01 -9.344360000000000444e-01 1.100600000000000016e-02 9.344999999999999973e-01 3.559510000000000174e-01 -3.063000000000000184e-03
2.900000000000000000e+01 1.600000000000000000e+01 4.000000000000000000e+00 0.000000000000000000e+00 1.600000000000000089e+00 8.940000000000000464e-04 -1.549000000000000030e-03 9.999980000000000535e-01 3.540869999999999851e-01 -9.352110000000000145e-01 -1.765000000000000076e-03 9.352120000000000433e-01 3.540880000000000138e-01 -2.880000000000000073e-04
1.000000000000000000e+01 1.010000000000000000e+02 7.000000000000000000e+00 0.000000000000000000e+00 1.600000000000000089e+00 2.122000000000000188e-03 7.687000000000000256e-03 9.999679999999999680e-01 8.853750000000000231e-01 4.648459999999999814e-01 -5.452000000000000249e-03 -4.648729999999999807e-01 8.853579999999999783e-01 -5.819000000000000387e-03
1.300000000000000000e+01 1.010000000000000000e+02 7.000000000000000000e+00 0.000000000000000000e+00 1.600000000000000089e+00 3.220000000000000206e-04 -1.170299999999999986e-02 9.999310000000000143e-01 8.845129999999999937e-01 4.664869999999999850e-01 5.174999999999999913e-03 -4.665159999999999862e-01 8.844509999999999872e-01 1.050199999999999918e-02
3.000000000000000000e+00 1.500000000000000000e+01 8.000000000000000000e+00 0.000000000000000000e+00 1.600000000000000089e+00 8.459999999999999638e-04 7.343999999999999834e-03 -9.999730000000000008e-01 -5.848780000000000090e-01 -8.110960000000000392e-01 -6.452000000000000270e-03 -8.111209999999999809e-01 5.848670000000000258e-01 3.608999999999999795e-03
7.000000000000000000e+00 1.500000000000000000e+01 8.000000000000000000e+00 0.000000000000000000e+00 1.600000000000000089e+00 2.232000000000000043e-03 1.130899999999999961e-02 -9.999339999999999895e-01 -5.827860000000000262e-01 -8.125580000000000025e-01 -1.048999999999999932e-02 -8.126229999999999842e-01 5.827710000000000390e-01 4.776999999999999996e-03
1.100000000000000000e+01 1.500000000000000000e+01 8.000000000000000000e+00 0.000000000000000000e+00 1.600000000000000089e+00 3.480000000000000020e-04 6.308000000000000239e-03 -9.999799999999999800e-01 -5.808670000000000222e-01 -8.139809999999999546e-01 -5.336999999999999730e-03 -8.139990000000000281e-01 5.808569999999999567e-01 3.380000000000000192e-03
1.800000000000000000e+01 1.500000000000000000e+01 8.000000000000000000e+00 0.000000000000000000e+00 1.600000000000000089e+00 -9.280000000000000054e-04 -1.332400000000000077e-02 -9.999109999999999943e-01 -5.816500000000000004e-01 -8.133590000000000542e-01 1.137799999999999923e-02 -8.134379999999999944e-01 5.816090000000000426e-01 -6.995000000000000349e-03
2.300000000000000000e+01 1.500000000000000000e+01 8.000000000000000000e+00 0.000000000000000000e+00 1.600000000000000089e+00 -5.829999999999999679e-04 -7.428999999999999840e-03 -9.999719999999999720e-01 -5.829649999999999554e-01 -8.124730000000000008e-01 6.375999999999999723e-03 -8.124970000000000248e-01 5.829520000000000257e-01 -3.857000000000000185e-03
2.600000000000000000e+01 1.500000000000000000e+01 8.000000000000000000e+00 0.000000000000000000e+00 1.600000000000000089e+00 -1.379000000000000017e-03 -5.285999999999999900e-03 -9.999850000000000128e-01 -5.828140000000000542e-01 -8.125900000000000345e-01 5.099000000000000234e-03 -8.126050000000000217e-01 5.828119999999999967e-01 -1.959999999999999937e-03
1.100000000000000000e+01 2.600000000000000000e+01 8.000000000000000000e+00 0.000000000000000000e+00 1.600000000000000089e+00 -2.912999999999999791e-03 -9.806999999999999745e-03 -9.999479999999999480e-01 4.075880000000000059e-01 9.131099999999999772e-01 -1.014299999999999924e-02 9.131610000000000005e-01 -4.075960000000000139e-01 1.337999999999999997e-03
1.500000000000000000e+01 2.600000000000000000e+01 8.000000000000000000e+00 0.000000000000000000e+00 1.600000000000000089e+00 -5.749999999999999903e-04 -4.385000000000000009e-03 -9.999900000000000455e-01 4.081219999999999848e-01 9.129180000000000073e-01 -4.237999999999999580e-03 9.129270000000000440e-01 -4.081199999999999828e-01 1.265000000000000065e-03
1.900000000000000000e+01 2.600000000000000000e+01 8.000000000000000000e+00 0.000000000000000000e+00 1.600000000000000089e+00 2.817000000000000060e-03 4.059000000000000108e-03 -9.999879999999999880e-01 4.086949999999999750e-01 9.126579999999999693e-01 4.856000000000000073e-03 9.126670000000000060e-01 -4.087029999999999830e-01 9.120000000000000502e-04
2.400000000000000000e+01 2.600000000000000000e+01 8.000000000000000000e+00 0.000000000000000000e+00 1.600000000000000089e+00 1.936999999999999920e-03 3.305000000000000212e-03 -9.999930000000000208e-01 4.083490000000000175e-01 9.128180000000000183e-01 3.808000000000000187e-03 9.128239999999999688e-01 -4.083539999999999948e-01 4.180000000000000230e-04
2.900000000000000000e+01 2.600000000000000000e+01 8.000000000000000000e+00 0.000000000000000000e+00 1.600000000000000089e+00 1.330999999999999935e-03 7.300000000000000065e-03 -9.999719999999999720e-01 4.070300000000000029e-01 9.133860000000000312e-01 7.210000000000000263e-03 9.134139999999999482e-01 -4.070280000000000009e-01 -1.755000000000000050e-03
5.000000000000000000e+00 2.400000000000000000e+01 9.000000000000000000e+00 0.000000000000000000e+00 1.600000000000000089e+00 -5.559999999999999621e-04 -3.857999999999999884e-03 -9.999919999999999920e-01 4.603809999999999847e-01 8.877140000000000031e-01 -3.680999999999999810e-03 8.877209999999999823e-01 -4.603789999999999827e-01 1.281999999999999936e-03
1.100000000000000000e+01 2.400000000000000000e+01 9.000000000000000000e+00 0.000000000000000000e+00 1.600000000000000089e+00 -3.181999999999999933e-03 -1.197999999999999933e-02 -9.999230000000000063e-01 4.620770000000000155e-01 8.867570000000000174e-01 -1.209499999999999985e-02 8.868340000000000112e-01 -4.620799999999999907e-01 2.713999999999999833e-03
1.800000000000000000e+01 2.400000000000000000e+01 9.000000000000000000e+00 0.000000000000000000e+00 1.600000000000000089e+00 1.925999999999999978e-03 1.200000000000000030e-05 -9.999980000000000535e-01 4.638599999999999945e-01 8.859080000000000288e-01 9.039999999999999642e-04 8.859059999999999713e-01 -4.638610000000000233e-01 1.701000000000000038e-03
2.300000000000000000e+01 2.400000000000000000e+01 9.000000000000000000e+00 0.000000000000000000e+00 1.600000000000000089e+00 2.077999999999999986e-03 4.637999999999999762e-03 -9.999869999999999592e-01 4.633399999999999741e-01 8.861660000000000093e-01 5.073000000000000252e-03 8.861780000000000213e-01 -4.633450000000000069e-01 -3.069999999999999812e-04
2.800000000000000000e+01 2.400000000000000000e+01 9.000000000000000000e+00 0.000000000000000000e+00 1.600000000000000089e+00 1.482999999999999943e-03 1.175999999999999962e-02 -9.999299999999999855e-01 4.620770000000000155e-01 8.867699999999999472e-01 1.111400000000000061e-02 8.868390000000000439e-01 -4.620609999999999995e-01 -4.119000000000000265e-03
2.000000000000000000e+00 1.020000000000000000e+02 9.000000000000000000e+00 0.000000000000000000e+00 1.600000000000000089e+00 -2.053999999999999836e-03 1.694199999999999873e-02 9.998540000000000205e-01 9.220120000000000537e-01 3.871319999999999761e-01 -4.666000000000000009e-03 -3.871550000000000269e-01 9.218690000000000495e-01 -1.641600000000000004e-02
6.000000000000000000e+00 3.500000000000000000e+01 1.200000000000000000e+01 0.000000000000000000e+00 1.600000000000000089e+00 -1.791000000000000057e-03 1.761999999999999894e-03 -9.999970000000000248e-01 4.385399999999999854e-01 -8.987079999999999513e-01 -2.369000000000000012e-03 -8.987100000000000088e-01 -4.385430000000000161e-01 8.369999999999999619e-04
1.300000000000000000e+01 3.500000000000000000e+01 1.200000000000000000e+01 0.000000000000000000e+00 1.600000000000000089e+00 5.670000000000000127e-04 -6.409999999999999682e-04 -1.000000000000000000e+00 4.532089999999999730e-01 -8.914039999999999742e-01 8.279999999999999600e-04 -8.914039999999999742e-01 -4.532089999999999730e-01 -2.139999999999999975e-04
1.700000000000000000e+01 3.500000000000000000e+01 1.200000000000000000e+01 0.000000000000000000e+00 1.600000000000000089e+00 -3.007999999999999823e-03 -3.644000000000000104e-03 -9.999890000000000168e-01 4.608329999999999926e-01 -8.874849999999999683e-01 1.848000000000000033e-03 -8.874819999999999931e-01 -4.608229999999999826e-01 4.348999999999999568e-03
2.000000000000000000e+01 3.500000000000000000e+01 1.200000000000000000e+01 0.000000000000000000e+00 1.600000000000000089e+00 -1.296000000000000060e-03 2.802999999999999936e-03 -9.999949999999999672e-01 4.706350000000000255e-01 -8.823229999999999684e-01 -3.082999999999999803e-03 -8.823269999999999724e-01 -4.706370000000000275e-01 -1.749999999999999982e-04
5.000000000000000000e+00 1.200000000000000000e+01 1.500000000000000000e+01 0.000000000000000000e+00 1.600000000000000089e+00 1.920999999999999965e-03 2.851999999999999934e-03 -9.999940000000000495e-01 -4.696600000000000219e-01 -8.828409999999999869e-01 -3.419999999999999863e-03 -8.828449999999999909e-01 4.696640000000000259e-01 -3.559999999999999797e-04
1.000000000000000000e+01 1.200000000000000000e+01 1.500000000000000000e+01 0.000000000000000000e+00 1.600000000000000089e+00 2.910000000000000260e-04 8.925999999999999907e-03 -9.999599999999999600e-01 -4.708209999999999895e-01 -8.821919999999999762e-01 -8.012000000000000025e-03 -8.822290000000000409e-01 4.708040000000000003e-01 3.945999999999999855e-03
1.500000000000000000e+01 1.200000000000000000e+01 1.500000000000000000e+01 0.000000000000000000e+00 1.600000000000000089e+00 -2.590000000000000071e-04 3.863999999999999813e-03 -9.999919999999999920e-01 -4.712589999999999835e-01 -8.819890000000000230e-01 -3.285999999999999859e-03 -8.819949999999999735e-01 4.712540000000000062e-01 2.050000000000000173e-03
2.100000000000000000e+01 1.200000000000000000e+01 1.500000000000000000e+01 0.000000000000000000e+00 1.600000000000000089e+00 -1.173999999999999913e-03 -2.028999999999999988e-03 -9.999970000000000248e-01 -4.704760000000000053e-01 -8.824100000000000277e-01 2.343000000000000031e-03 -8.824119999999999742e-01 4.704769999999999786e-01 8.100000000000000375e-05
2.600000000000000000e+01 1.200000000000000000e+01 1.500000000000000000e+01 0.000000000000000000e+00 1.600000000000000089e+00 -8.000000000000000654e-05 -1.579999999999999916e-04 -1.000000000000000000e+00 -4.704019999999999868e-01 -8.824520000000000142e-01 1.769999999999999926e-04 -8.824520000000000142e-01 4.704019999999999868e-01 -3.999999999999999819e-06
1.400000000000000000e+01 1.160000000000000000e+02 1.600000000000000000e+01 0.000000000000000000e+00 1.600000000000000089e+00 -5.180000000000000143e-04 1.956999999999999972e-03 9.999980000000000535e-01 6.585180000000000478e-01 7.525640000000000107e-01 -1.131999999999999977e-03 -7.525650000000000395e-01 6.585159999999999902e-01 -1.678000000000000021e-03
2.000000000000000000e+01 1.160000000000000000e+02 1.600000000000000000e+01 0.000000000000000000e+00 1.600000000000000089e+00 -6.430000000000000169e-04 -2.455999999999999850e-03 9.999970000000000248e-01 6.610690000000000177e-01 7.503220000000000445e-01 2.268000000000000051e-03 -7.503250000000000197e-01 6.610679999999999890e-01 1.141000000000000087e-03
2.000000000000000000e+00 2.000000000000000000e+00 1.900000000000000000e+01 0.000000000000000000e+00 1.600000000000000089e+00 -4.002000000000000349e-03 7.971999999999999920e-03 -9.999599999999999600e-01 2.077890000000000015e-01 -9.781360000000000054e-01 -8.628999999999999518e-03 -9.781659999999999799e-01 -2.078149999999999997e-01 2.258000000000000024e-03
5.000000000000000000e+00 2.000000000000000000e+00 1.900000000000000000e+01 0.000000000000000000e+00 1.600000000000000089e+00 -1.085000000000000027e-03 5.614000000000000067e-03 -9.999839999999999840e-01 2.068089999999999928e-01 -9.783650000000000402e-01 -5.716999999999999860e-03 -9.783809999999999452e-01 -2.068109999999999948e-01 -9.899999999999999404e-05
1.200000000000000000e+01 2.000000000000000000e+00 1.900000000000000000e+01 0.000000000000000000e+00 1.600000000000000089e+00 5.368999999999999641e-03 -5.518000000000000335e-03 -9.999700000000000255e-01 1.966809999999999947e-01 -9.804460000000000397e-01 6.466000000000000393e-03 -9.804530000000000189e-01 -1.967089999999999950e-01 -4.179000000000000423e-03
1.500000000000000000e+01 2.000000000000000000e+00 1.900000000000000000e+01 0.000000000000000000e+00 1.600000000000000089e+00 5.186999999999999771e-03 -6.442999999999999942e-03 -9.999660000000000215e-01 1.979650000000000021e-01 -9.801819999999999977e-01 7.341999999999999568e-03 -9.801950000000000385e-01 -1.979960000000000053e-01 -3.808999999999999886e-03
2.000000000000000000e+01 2.000000000000000000e+00 1.900000000000000000e+01 0.000000000000000000e+00 1.600000000000000089e+00 4.099000000000000213e-03 -1.542100000000000068e-02 -9.998730000000000118e-01 2.034620000000000040e-01 -9.789529999999999621e-01 1.593200000000000172e-02 -9.790739999999999998e-01 -2.035019999999999885e-01 -8.760000000000000425e-04
2.900000000000000000e+01 2.000000000000000000e+00 1.900000000000000000e+01 0.000000000000000000e+00 1.600000000000000089e+00 1.593999999999999931e-03 -7.119000000000000328e-03 -9.999730000000000008e-01 2.102259999999999962e-01 -9.776259999999999950e-01 7.295000000000000269e-03 -9.776519999999999655e-01 -2.102320000000000022e-01 -6.200000000000000270e-05
2.700000000000000000e+01 4.000000000000000000e+00 2.000000000000000000e+01 0.000000000000000000e+00 1.600000000000000089e+00 3.249999999999999851e-04 -1.216000000000000067e-03 -9.999989999999999712e-01 2.912850000000000161e-01 -9.566350000000000131e-01 1.258000000000000004e-03 -9.566360000000000419e-01 -2.912859999999999894e-01 4.300000000000000165e-05
7.000000000000000000e+00 1.300000000000000000e+01 2.000000000000000000e+01 0.000000000000000000e+00 1.600000000000000089e+00 3.170000000000000075e-04 1.595999999999999979e-03 9.999989999999999712e-01 2.472310000000000063e-01 9.689550000000000107e-01 -1.624999999999999925e-03 -9.689569999999999572e-01 2.472310000000000063e-01 -8.799999999999999771e-05
1.700000000000000000e+01 1.300000000000000000e+01 2.000000000000000000e+01 0.000000000000000000e+00 1.600000000000000089e+00 -3.000000000000000076e-06 -1.389999999999999905e-04 1.000000000000000000e+00 2.558960000000000123e-01 9.667040000000000077e-01 1.350000000000000017e-04 -9.667040000000000077e-01 2.558960000000000123e-01 3.300000000000000253e-05
2.300000000000000000e+01 1.300000000000000000e+01 2.000000000000000000e+01 0.000000000000000000e+00 1.600000000000000089e+00 -1.087000000000000076e-03 -2.516000000000000007e-03 9.999959999999999960e-01 2.568860000000000032e-01 9.664380000000000193e-01 2.710999999999999868e-03 -9.664409999999999945e-01 2.568880000000000052e-01 -4.040000000000000080e-04
2.800000000000000000e+01 1.300000000000000000e+01 2.000000000000000000e+01 0.000000000000000000e+00 1.600000000000000089e+00 -3.119999999999999944e-04 -1.528000000000000061e-03 9.999989999999999712e-01 2.566660000000000053e-01 9.664989999999999970e-01 1.557000000000000007e-03 -9.665000000000000258e-01 2.566660000000000053e-01 9.100000000000000287e-05
1.400000000000000000e+01 1.600000000000000000e+01 2.100000000000000000e+01 0.000000000000000000e+00 1.600000000000000089e+00 8.549999999999999658e-04 7.376999999999999877e-03 9.999719999999999720e-01 3.008480000000000043e-01 9.536440000000000472e-01 -7.291999999999999871e-03 -9.536719999999999642e-01 3.008460000000000023e-01 -1.404000000000000083e-03
6.000000000000000000e+00 4.600000000000000000e+01 2.700000000000000000e+01 0.000000000000000000e+00 1.600000000000000089e+00 -4.099999999999999912e-04 9.300000000000000541e-04 -1.000000000000000000e+00 6.570589999999999486e-01 7.538390000000000368e-01 4.310000000000000137e-04 7.538390000000000368e-01 -6.570589999999999486e-01 -9.200000000000000278e-04
1.200000000000000000e+01 4.600000000000000000e+01 2.700000000000000000e+01 0.000000000000000000e+00 1.600000000000000089e+00 -1.242999999999999964e-03 6.620000000000000450e-04 -9.999989999999999712e-01 6.565950000000000397e-01 7.542429999999999968e-01 -3.170000000000000075e-04 7.542419999999999680e-01 -6.565950000000000397e-01 -1.371999999999999956e-03
2.600000000000000000e+01 4.600000000000000000e+01 2.700000000000000000e+01 0.000000000000000000e+00 1.600000000000000089e+00 1.737000000000000046e-03 -3.800000000000000209e-04 -9.999980000000000535e-01 6.584590000000000165e-01 7.526159999999999517e-01 8.580000000000000387e-04 7.526140000000000052e-01 -6.584600000000000453e-01 1.557999999999999923e-03
1.700000000000000000e+01 4.600000000000000000e+01 3.000000000000000000e+01 0.000000000000000000e+00 1.600000000000000089e+00 3.499999999999999693e-05 -1.920000000000000049e-04 -1.000000000000000000e+00 3.298309999999999853e-01 9.440399999999999903e-01 -1.700000000000000122e-04 9.440399999999999903e-01 -3.298309999999999853e-01 9.699999999999999963e-05
3.000000000000000000e+00 5.800000000000000000e+01 3.100000000000000000e+01 0.000000000000000000e+00 1.600000000000000089e+00 -7.561000000000000013e-03 -5.098000000000000101e-03 9.999580000000000135e-01 -7.596600000000000019e-01 -6.502569999999999739e-01 -9.058999999999999345e-03 6.502759999999999652e-01 -7.596969999999999557e-01 1.044000000000000006e-03
8.000000000000000000e+00 5.800000000000000000e+01 3.100000000000000000e+01 0.000000000000000000e+00 1.600000000000000089e+00 -2.210000000000000050e-04 1.221000000000000080e-03 9.999989999999999712e-01 -7.640439999999999454e-01 -6.451639999999999597e-01 6.189999999999999756e-04 6.451639999999999597e-01 -7.640430000000000277e-01 1.075999999999999917e-03
1.400000000000000000e+01 5.800000000000000000e+01 3.100000000000000000e+01 0.000000000000000000e+00 1.600000000000000089e+00 2.579999999999999828e-03 -2.967000000000000019e-03 9.999919999999999920e-01 -7.655300000000000438e-01 -6.434010000000000007e-01 6.600000000000000506e-05 6.433959999999999679e-01 -7.655239999999999823e-01 -3.930999999999999599e-03
2.100000000000000000e+01 5.800000000000000000e+01 3.100000000000000000e+01 0.000000000000000000e+00 1.600000000000000089e+00 -2.196000000000000035e-03 -5.309000000000000351e-03 9.999839999999999840e-01 -7.678719999999999990e-01 -6.405830000000000135e-01 -5.087000000000000376e-03 6.405990000000000295e-01 -7.678709999999999702e-01 -2.670000000000000064e-03
2.800000000000000000e+01 5.800000000000000000e+01 3.100000000000000000e+01 0.000000000000000000e+00 1.600000000000000089e+00 -3.373999999999999829e-03 3.429999999999999889e-03 9.999879999999999880e-01 -7.708289999999999864e-01 -6.370419999999999972e-01 -4.150000000000000043e-04 6.370329999999999604e-01 -7.708220000000000072e-01 4.793000000000000385e-03
8.000000000000000000e+00 4.600000000000000000e+01 3.500000000000000000e+01 0.000000000000000000e+00 1.600000000000000089e+00 5.230000000000000274e-04 -1.876000000000000063e-03 -9.999980000000000535e-01 3.866080000000000072e-01 -9.222420000000000062e-01 1.931999999999999907e-03 -9.222439999999999527e-01 -3.866089999999999804e-01 2.429999999999999977e-04
1.000000000000000000e+01 4.600000000000000000e+01 3.500000000000000000e+01 0.000000000000000000e+00 1.600000000000000089e+00 3.229999999999999907e-04 1.965999999999999866e-03 -9.999980000000000535e-01 3.863929999999999865e-01 -9.223329999999999584e-01 -1.688000000000000047e-03 -9.223339999999999872e-01 -3.863920000000000132e-01 -1.057999999999999913e-03
1.400000000000000000e+01 4.600000000000000000e+01 3.500000000000000000e+01 0.000000000000000000e+00 1.600000000000000089e+00 3.249999999999999851e-04 -6.199999999999999999e-04 -1.000000000000000000e+00 3.860129999999999950e-01 -9.224930000000000074e-01 6.980000000000000527e-04 -9.224930000000000074e-01 -3.860129999999999950e-01 -6.099999999999999872e-05
2.000000000000000000e+01 4.600000000000000000e+01 3.500000000000000000e+01 0.000000000000000000e+00 1.600000000000000089e+00 -2.680000000000000090e-04 4.699999999999999859e-04 -1.000000000000000000e+00 3.855859999999999843e-01 -9.226720000000000477e-01 -5.370000000000000424e-04 -9.226720000000000477e-01 -3.855859999999999843e-01 6.499999999999999431e-05
2.500000000000000000e+01 4.600000000000000000e+01 3.500000000000000000e+01 0.000000000000000000e+00 1.600000000000000089e+00 -5.010000000000000347e-04 -2.154000000000000099e-03 -9.999980000000000535e-01 3.856180000000000163e-01 -9.226569999999999494e-01 1.794000000000000022e-03 -9.226590000000000069e-01 -3.856160000000000143e-01 1.293000000000000095e-03
1.000000000000000000e+00 9.500000000000000000e+01 3.600000000000000000e+01 0.000000000000000000e+00 1.600000000000000089e+00 9.460000000000000093e-04 -1.818000000000000171e-02 9.998340000000000005e-01 9.977669999999999595e-01 6.679000000000000214e-02 2.700000000000000035e-04 -6.678399999999999614e-02 9.976009999999999600e-01 1.820199999999999943e-02
1.100000000000000000e+01 9.500000000000000000e+01 3.600000000000000000e+01 0.000000000000000000e+00 1.600000000000000089e+00 -5.010000000000000347e-04 3.380000000000000192e-03 9.999940000000000495e-01 9.976890000000000480e-01 6.794200000000000239e-02 2.700000000000000035e-04 -6.794000000000000039e-02 9.976840000000000153e-01 -3.406000000000000173e-03
1.400000000000000000e+01 9.500000000000000000e+01 3.600000000000000000e+01 0.000000000000000000e+00 1.600000000000000089e+00 4.281000000000000083e-03 7.849999999999999339e-03 9.999599999999999600e-01 9.974229999999999485e-01 7.157600000000000073e-02 -4.832000000000000357e-03 -7.161099999999999410e-02 9.974039999999999573e-01 -7.523000000000000173e-03
2.800000000000000000e+01 9.500000000000000000e+01 3.600000000000000000e+01 0.000000000000000000e+00 1.600000000000000089e+00 -8.459999999999999638e-04 -2.008800000000000169e-02 9.997979999999999645e-01 9.973760000000000403e-01 7.236399999999999777e-02 2.298000000000000129e-03 -7.239600000000000202e-02 9.971759999999999513e-01 1.997399999999999870e-02
7.000000000000000000e+00 3.000000000000000000e+00 4.300000000000000000e+01 0.000000000000000000e+00 1.600000000000000089e+00 6.909999999999999910e-04 3.163000000000000013e-03 -9.999949999999999672e-01 7.363060000000000160e-01 -6.766469999999999985e-01 -1.631000000000000071e-03 -6.766480000000000272e-01 -7.363009999999999833e-01 -2.797000000000000007e-03
1.200000000000000000e+01 3.000000000000000000e+00 4.300000000000000000e+01 0.000000000000000000e+00 1.600000000000000089e+00 -1.281999999999999936e-03 -6.152999999999999615e-03 -9.999799999999999800e-01 7.393729999999999469e-01 -6.732879999999999976e-01 3.194999999999999923e-03 -6.732949999999999768e-01 -7.393539999999999557e-01 5.412000000000000144e-03
2.200000000000000000e+01 3.000000000000000000e+00 4.300000000000000000e+01 0.000000000000000000e+00 1.600000000000000089e+00 -2.615000000000000137e-03 -2.521500000000000130e-02 -9.996789999999999843e-01 7.356810000000000294e-01 -6.771580000000000377e-01 1.515599999999999933e-02 -6.773230000000000084e-01 -7.354049999999999754e-01 2.032099999999999879e-02
2.000000000000000000e+00 8.000000000000000000e+00 4.400000000000000000e+01 0.000000000000000000e+00 1.600000000000000089e+00 1.443999999999999971e-03 5.753999999999999566e-03 9.999820000000000375e-01 -7.799589999999999579e-01 -6.258129999999999526e-01 4.727000000000000299e-03 6.258289999999999687e-01 -7.799519999999999786e-01 3.583999999999999946e-03
4.000000000000000000e+00 2.900000000000000000e+01 4.400000000000000000e+01 0.000000000000000000e+00 1.600000000000000089e+00 2.669999999999999847e-04 -9.409999999999999962e-04 -1.000000000000000000e+00 6.707649999999999446e-01 7.416700000000000514e-01 -5.190000000000000386e-04 7.416700000000000514e-01 -6.707649999999999446e-01 8.300000000000000086e-04
1.000000000000000000e+01 2.900000000000000000e+01 4.400000000000000000e+01 0.000000000000000000e+00 1.600000000000000089e+00 -6.459999999999999814e-04 -1.905000000000000009e-03 -9.999980000000000535e-01 6.733999999999999986e-01 7.392760000000000442e-01 -1.843000000000000020e-03 7.392779999999999907e-01 -6.733999999999999986e-01 8.059999999999999673e-04
1.400000000000000000e+01 2.900000000000000000e+01 4.400000000000000000e+01 0.000000000000000000e+00 1.600000000000000089e+00 -1.794999999999999938e-03 3.060000000000000111e-04 -9.999980000000000535e-01 6.707859999999999934e-01 7.416509999999999492e-01 -9.770000000000000039e-04 7.416490000000000027e-01 -6.707859999999999934e-01 -1.536000000000000039e-03
1.800000000000000000e+01 2.900000000000000000e+01 4.400000000000000000e+01 0.000000000000000000e+00 1.600000000000000089e+00 1.435000000000000078e-03 3.119999999999999944e-04 -9.999989999999999712e-01 6.744409999999999572e-01 7.383279999999999843e-01 1.198000000000000063e-03 7.383269999999999555e-01 -6.744419999999999860e-01 8.490000000000000368e-04
2.100000000000000000e+01 2.900000000000000000e+01 4.400000000000000000e+01 0.000000000000000000e+00 1.600000000000000089e+00 2.112000000000000162e-03 -4.101999999999999744e-03 -9.999890000000000168e-01 6.794059999999999544e-01 7.337609999999999966e-01 -1.575000000000000011e-03 7.337590000000000501e-01 -6.793959999999999999e-01 4.335999999999999577e-03
2.700000000000000000e+01 2.900000000000000000e+01 4.400000000000000000e+01 0.000000000000000000e+00 1.600000000000000089e+00 1.742999999999999975e-03 1.216999999999999983e-03 -9.999980000000000535e-01 6.810279999999999667e-01 7.322539999999999605e-01 2.077999999999999986e-03 7.322549999999999892e-01 -6.810300000000000242e-01 4.479999999999999933e-04
3.000000000000000000e+01 2.900000000000000000e+01 4.400000000000000000e+01 0.000000000000000000e+00 1.600000000000000089e+00 3.103999999999999988e-03 1.662999999999999982e-03 -9.999940000000000495e-01 6.802540000000000253e-01 7.329689999999999817e-01 3.331000000000000193e-03 7.329700000000000104e-01 -6.802599999999999758e-01 1.144000000000000052e-03
1.300000000000000000e+01 6.000000000000000000e+00 5.100000000000000000e+01 0.000000000000000000e+00 1.600000000000000089e+00 -5.999999999999999474e-04 4.282000000000000216e-03 -9.999909999999999632e-01 3.193509999999999960e-01 -9.476269999999999971e-01 -4.250000000000000305e-03 -9.476360000000000339e-01 -3.193500000000000227e-01 -7.990000000000000140e-04
8.000000000000000000e+00 7.000000000000000000e+00 5.200000000000000000e+01 0.000000000000000000e+00 1.600000000000000089e+00 4.350000000000000026e-04 -3.837999999999999832e-03 -9.999919999999999920e-01 1.196890000000000037e-01 -9.928040000000000198e-01 3.863000000000000114e-03 -9.928109999999999991e-01 -1.196900000000000047e-01 2.699999999999999899e-05
2.400000000000000000e+01 7.000000000000000000e+00 5.200000000000000000e+01 0.000000000000000000e+00 1.600000000000000089e+00 -6.150000000000000085e-03 -7.501999999999999988e-03 -9.999529999999999808e-01 1.364730000000000110e-01 -9.906220000000000026e-01 6.592999999999999902e-03 -9.906249999999999778e-01 -1.364259999999999917e-01 7.115999999999999930e-03
4.000000000000000000e+00 6.300000000000000000e+01 5.400000000000000000e+01 0.000000000000000000e+00 1.600000000000000089e+00 1.116999999999999937e-03 1.191000000000000001e-03 9.999989999999999712e-01 -3.541819999999999968e-01 9.351760000000000073e-01 -7.190000000000000210e-04 -9.351760000000000073e-01 -3.541810000000000236e-01 1.466000000000000072e-03
8.000000000000000000e+00 6.300000000000000000e+01 5.400000000000000000e+01 0.000000000000000000e+00 1.600000000000000089e+00 9.200000000000000278e-04 -2.955000000000000161e-03 9.999949999999999672e-01 -3.584600000000000009e-01 9.335400000000000365e-01 3.088000000000000033e-03 -9.335449999999999582e-01 -3.584609999999999741e-01 -2.010000000000000068e-04
1.300000000000000000e+01 6.300000000000000000e+01 5.400000000000000000e+01 0.000000000000000000e+00 1.600000000000000089e+00 -3.809999999999999910e-04 8.940000000000000464e-04 1.000000000000000000e+00 -3.594419999999999837e-01 9.331669999999999687e-01 -9.709999999999999664e-04 -9.331679999999999975e-01 -3.594419999999999837e-01 -3.399999999999999973e-05
1.600000000000000000e+01 6.300000000000000000e+01 5.400000000000000000e+01 0.000000000000000000e+00 1.600000000000000089e+00 -1.582999999999999989e-03 5.890000000000000053e-04 9.999989999999999712e-01 -3.537569999999999881e-01 9.353369999999999740e-01 -1.111000000000000008e-03 -9.353359999999999452e-01 -3.537580000000000169e-01 -1.271999999999999910e-03
2.200000000000000000e+01 6.300000000000000000e+01 5.400000000000000000e+01 0.000000000000000000e+00 1.600000000000000089e+00 -9.060000000000000128e-04 5.580000000000000107e-04 9.999989999999999712e-01 -3.534479999999999844e-01 9.354540000000000077e-01 -8.429999999999999993e-04 -9.354540000000000077e-01 -3.534479999999999844e-01 -6.499999999999999702e-04
4.000000000000000000e+00 2.500000000000000000e+01 5.500000000000000000e+01 0.000000000000000000e+00 1.600000000000000089e+00 -7.519999999999999558e-04 7.200000000000000453e-04 -9.999989999999999712e-01 -1.152599999999999979e-02 -9.999329999999999607e-01 -7.119999999999999593e-04 -9.999329999999999607e-01 1.152599999999999979e-02 7.600000000000000418e-04
9.000000000000000000e+00 2.500000000000000000e+01 5.500000000000000000e+01 0.000000000000000000e+00 1.600000000000000089e+00 -4.260000000000000006e-04 9.340000000000000429e-04 -9.999989999999999712e-01 -1.157900000000000075e-02 -9.999329999999999607e-01 -9.290000000000000297e-04 -9.999329999999999607e-01 1.157900000000000075e-02 4.369999999999999970e-04
1.200000000000000000e+01 2.500000000000000000e+01 5.500000000000000000e+01 0.000000000000000000e+00 1.600000000000000089e+00 8.549999999999999658e-04 1.087999999999999991e-03 -9.999989999999999712e-01 -1.221799999999999969e-02 -9.999249999999999527e-01 -1.098000000000000018e-03 -9.999249999999999527e-01 1.221900000000000069e-02 -8.419999999999999750e-04
1.800000000000000000e+01 2.500000000000000000e+01 5.500000000000000000e+01 0.000000000000000000e+00 1.600000000000000089e+00 9.700000000000000505e-04 9.439999999999999607e-04 -9.999989999999999712e-01 -1.379999999999999977e-02 -9.999040000000000150e-01 -9.569999999999999514e-04 -9.999040000000000150e-01 1.380100000000000077e-02 -9.569999999999999514e-04
2.900000000000000000e+01 2.500000000000000000e+01 5.500000000000000000e+01 0.000000000000000000e+00 1.600000000000000089e+00 -2.849999999999999886e-04 8.930000000000000221e-04 -1.000000000000000000e+00 -1.073499999999999975e-02 -9.999419999999999975e-01 -8.899999999999999491e-04 -9.999419999999999975e-01 1.073499999999999975e-02 2.939999999999999905e-04
9.000000000000000000e+00 6.800000000000000000e+01 5.700000000000000000e+01 0.000000000000000000e+00 1.600000000000000089e+00 1.704999999999999918e-03 -4.658999999999999947e-03 -9.999879999999999880e-01 -2.444860000000000089e-01 -9.696439999999999504e-01 4.100000000000000346e-03 -9.696510000000000407e-01 2.444759999999999989e-01 -2.792000000000000211e-03
2.300000000000000000e+01 2.100000000000000000e+01 6.000000000000000000e+01 0.000000000000000000e+00 1.600000000000000089e+00 -2.429999999999999977e-04 4.420000000000000318e-03 9.999900000000000455e-01 -9.374300000000000688e-02 9.955869999999999997e-01 -4.423999999999999981e-03 -9.955960000000000365e-01 -9.374300000000000688e-02 1.720000000000000066e-04
2.900000000000000000e+01 2.100000000000000000e+01 6.000000000000000000e+01 0.000000000000000000e+00 1.600000000000000089e+00 4.138000000000000185e-03 1.529699999999999983e-02 9.998740000000000405e-01 -9.513099999999999334e-02 9.953539999999999610e-01 -1.483399999999999996e-02 -9.954560000000000075e-01 -9.505800000000000360e-02 5.573999999999999962e-03
6.000000000000000000e+00 3.000000000000000000e+00 6.300000000000000000e+01 0.000000000000000000e+00 1.600000000000000089e+00 2.815999999999999927e-03 -3.324000000000000132e-03 9.999900000000000455e-01 -6.153330000000000188e-01 7.882559999999999567e-01 4.353000000000000098e-03 -7.882630000000000470e-01 -6.153389999999999693e-01 1.749999999999999982e-04
4.000000000000000000e+00 2.700000000000000000e+01 6.300000000000000000e+01 0.000000000000000000e+00 1.600000000000000089e+00 1.840999999999999972e-03 -4.697999999999999919e-03 9.999869999999999592e-01 -2.751210000000000044e-01 9.613969999999999461e-01 5.022999999999999687e-03 -9.614080000000000403e-01 -2.751259999999999817e-01 4.780000000000000178e-04
1.100000000000000000e+01 2.700000000000000000e+01 6.300000000000000000e+01 0.000000000000000000e+00 1.600000000000000089e+00 2.122999999999999887e-03 -2.601000000000000013e-03 9.999940000000000495e-01 -2.718389999999999973e-01 9.623380000000000267e-01 3.079999999999999839e-03 -9.623399999999999732e-01 -2.718439999999999745e-01 1.335999999999999948e-03
1.800000000000000000e+01 2.700000000000000000e+01 6.300000000000000000e+01 0.000000000000000000e+00 1.600000000000000089e+00 -2.089000000000000145e-03 2.569999999999999802e-03 9.999949999999999672e-01 -2.742859999999999743e-01 9.616430000000000256e-01 -3.043999999999999831e-03 -9.616460000000000008e-01 -2.742910000000000070e-01 -1.304000000000000038e-03
2.500000000000000000e+01 2.700000000000000000e+01 6.300000000000000000e+01 0.000000000000000000e+00 1.600000000000000089e+00 1.157000000000000042e-03 2.249999999999999938e-04 9.999989999999999712e-01 -2.807859999999999800e-01 9.597700000000000120e-01 1.090000000000000067e-04 -9.597700000000000120e-01 -2.807859999999999800e-01 1.173999999999999913e-03
2.800000000000000000e+01 2.700000000000000000e+01 6.300000000000000000e+01 0.000000000000000000e+00 1.600000000000000089e+00 5.212999999999999752e-03 5.486999999999999690e-03 9.999710000000000543e-01 -2.795819999999999972e-01 9.601140000000000230e-01 -3.811000000000000151e-03 -9.601079999999999615e-01 -2.795549999999999979e-01 6.538999999999999674e-03
5.000000000000000000e+00 2.600000000000000000e+01 6.400000000000000000e+01 0.000000000000000000e+00 1.600000000000000089e+00 1.722999999999999922e-03 -2.505999999999999981e-03 9.999949999999999672e-01 -3.546509999999999940e-01 9.349939999999999918e-01 2.954000000000000029e-03 -9.349969999999999670e-01 -3.546540000000000248e-01 7.219999999999999855e-04
1.700000000000000000e+01 2.600000000000000000e+01 6.400000000000000000e+01 0.000000000000000000e+00 1.600000000000000089e+00 -1.814000000000000074e-03 -1.030000000000000100e-03 9.999980000000000535e-01 -3.524070000000000258e-01 9.358469999999999844e-01 3.249999999999999851e-04 -9.358450000000000379e-01 -3.524059999999999970e-01 -2.060999999999999898e-03
2.300000000000000000e+01 2.600000000000000000e+01 6.400000000000000000e+01 0.000000000000000000e+00 1.600000000000000089e+00 -3.209999999999999963e-04 -6.449999999999999570e-04 1.000000000000000000e+00 -3.613549999999999818e-01 9.324280000000000346e-01 4.859999999999999954e-04 -9.324280000000000346e-01 -3.613540000000000085e-01 -5.320000000000000293e-04
2.600000000000000000e+01 2.600000000000000000e+01 6.400000000000000000e+01 0.000000000000000000e+00 1.600000000000000089e+00 2.657000000000000074e-03 2.475000000000000203e-03 9.999930000000000208e-01 -3.638319999999999887e-01 9.314639999999999587e-01 -1.337999999999999997e-03 -9.314609999999999834e-01 -3.638259999999999827e-01 3.374999999999999962e-03
2.000000000000000000e+01 6.900000000000000000e+01 6.600000000000000000e+01 0.000000000000000000e+00 1.600000000000000089e+00 1.022299999999999945e-02 -8.439999999999999586e-03 9.999120000000000230e-01 -9.530720000000000303e-01 3.024939999999999851e-01 1.229700000000000064e-02 -3.025720000000000076e-01 -9.531140000000000168e-01 -4.950999999999999672e-03
2.800000000000000000e+01 3.100000000000000000e+01 7.100000000000000000e+01 0.000000000000000000e+00 1.600000000000000089e+00 -2.151000000000000134e-03 4.281000000000000083e-03 -9.999890000000000168e-01 -7.132859999999999756e-01 -7.008720000000000505e-01 -1.466000000000000072e-03 -7.008699999999999930e-01 7.132739999999999636e-01 4.560999999999999950e-03
3.000000000000000000e+00 4.400000000000000000e+01 7.300000000000000000e+01 0.000000000000000000e+00 1.600000000000000089e+00 1.948999999999999995e-03 3.690999999999999837e-03 9.999909999999999632e-01 4.467900000000000343e-02 -9.989949999999999664e-01 3.599999999999999901e-03 9.989989999999999704e-01 4.467200000000000337e-02 -2.112000000000000162e-03
7.000000000000000000e+00 4.400000000000000000e+01 7.300000000000000000e+01 0.000000000000000000e+00 1.600000000000000089e+00 2.080999999999999951e-03 8.921000000000000110e-03 9.999580000000000135e-01 4.575100000000000000e-02 -9.989139999999999686e-01 8.817000000000000184e-03 9.989510000000000334e-01 4.573100000000000082e-02 -2.485999999999999929e-03
1.200000000000000000e+01 4.400000000000000000e+01 7.300000000000000000e+01 0.000000000000000000e+00 1.600000000000000089e+00 2.243000000000000202e-03 1.611999999999999935e-03 9.999959999999999960e-01 4.908699999999999869e-02 -9.987930000000000419e-01 1.500000000000000031e-03 9.987920000000000131e-01 4.908300000000000163e-02 -2.320000000000000014e-03
2.000000000000000000e+01 4.400000000000000000e+01 7.300000000000000000e+01 0.000000000000000000e+00 1.600000000000000089e+00 -2.652999999999999976e-03 -3.135000000000000200e-03 9.999919999999999920e-01 4.762700000000000267e-02 -9.988609999999999989e-01 -3.004999999999999859e-03 9.988620000000000276e-01 4.761900000000000160e-02 2.799999999999999972e-03
2.600000000000000000e+01 4.400000000000000000e+01 7.300000000000000000e+01 0.000000000000000000e+00 1.600000000000000089e+00 9.759999999999999796e-04 -1.909000000000000107e-03 9.999980000000000535e-01 4.460000000000000075e-02 -9.990029999999999744e-01 -1.951000000000000043e-03 9.990040000000000031e-01 4.460200000000000276e-02 -8.899999999999999491e-04
9.000000000000000000e+00 2.500000000000000000e+01 7.400000000000000000e+01 0.000000000000000000e+00 1.600000000000000089e+00 -1.700000000000000122e-04 5.609999999999999752e-04 1.000000000000000000e+00 8.215099999999999625e-01 -5.701939999999999786e-01 4.600000000000000139e-04 5.701939999999999786e-01 8.215099999999999625e-01 -3.629999999999999872e-04
