6.000000000000000000e+00 1.500000000000000000e+01 4.000000000000000000e+00 0.000000000000000000e+00 1.600000000000000089e+00 2.311999999999999819e-03 6.557000000000000328e-03 9.999759999999999760e-01 3.236519999999999953e-01 -9.461600000000000010e-01 5.455999999999999912e-03 9.461730000000000418e-01 3.236310000000000020e-01 -4.309999999999999595e-03
1.100000000000000000e+01 1.500000000000000000e+01 4.000000000000000000e+00 0.000000000000000000e+00 1.600000000000000089e+00 -3.129999999999999970e-03 -7.861999999999999197e-03 9.999639999999999640e-01 3.211439999999999850e-01 -9.470079999999999609e-01 -6.440000000000000412e-03 9.470250000000000057e-01 3.211120000000000085e-01 5.488999999999999956e-03
1.600000000000000000e+01 1.500000000000000000e+01 4.000000000000000000e+00 0.000000000000000000e+00 1.600000000000000089e+00 1.546999999999999981e-03 -6.058000000000000017e-03 9.999799999999999800e-01 3.236910000000000065e-01 -9.461420000000000385e-01 -6.232999999999999825e-03 9.461619999999999475e-01 3.236939999999999817e-01 4.970000000000000459e-04
2.300000000000000000e+01 1.500000000000000000e+01 4.000000000000000000e+00 0.000000000000000000e+00 1.600000000000000089e+00 -5.998999999999999992e-03 -1.031600000000000052e-02 9.999289999999999567e-01 3.212820000000000120e-01 -9.469509999999999872e-01 -7.842000000000000012e-03 9.469649999999999457e-01 3.212119999999999975e-01 8.994999999999999524e-03
2.600000000000000000e+01 1.500000000000000000e+01 4.000000000000000000e+00 0.000000000000000000e+00 1.600000000000000089e+00 -4.687000000000000194e-03 -1.412799999999999993e-02 9.998890000000000278e-01 3.207820000000000116e-01 -9.470790000000000042e-01 -1.187799999999999967e-02 9.471420000000000394e-01 3.206899999999999751e-01 8.970000000000000542e-03
2.900000000000000000e+01 1.500000000000000000e+01 4.000000000000000000e+00 0.000000000000000000e+00 1.600000000000000089e+00 -1.510999999999999973e-03 -1.419600000000000029e-02 9.998979999999999535e-01 3.211379999999999790e-01 -9.469440000000000079e-01 -1.295900000000000003e-02 9.470309999999999562e-01 3.210859999999999825e-01 5.989000000000000400e-03
1.700000000000000000e+01 1.900000000000000000e+01 5.000000000000000000e+00 0.000000000000000000e+00 1.600000000000000089e+00 -1.680999999999999986e-03 -4.994000000000000175e-03 -9.999860000000000415e-01 -6.743040000000000145e-01 -7.384380000000000388e-01 4.820999999999999765e-03 -7.384519999999999973e-01 6.743029999999999857e-01 -2.125999999999999852e-03
1.000000000000000000e+01 1.010000000000000000e+02 7.000000000000000000e+00 0.000000000000000000e+00 1.600000000000000089e+00 -6.008000000000000319e-03 1.467000000000000075e-02 9.998740000000000405e-01 8.810700000000000198e-01 4.729840000000000155e-01 -1.644999999999999978e-03 -4.729479999999999795e-01 8.809489999999999821e-01 -1.576800000000000077e-02
2.000000000000000000e+01 1.010000000000000000e+02 7.000000000000000000e+00 0.000000000000000000e+00 1.600000000000000089e+00 -1.965000000000000167e-03 -5.208999999999999742e-02 9.986399999999999721e-01 8.809850000000000181e-01 4.724079999999999946e-01 2.637499999999999914e-02 -4.731389999999999763e-01 8.798399999999999554e-01 4.496200000000000196e-02
3.000000000000000000e+00 2.500000000000000000e+01 8.000000000000000000e+00 0.000000000000000000e+00 1.600000000000000089e+00 -2.000000000000000096e-04 -1.211999999999999970e-03 -9.999989999999999712e-01 4.536439999999999917e-01 8.911820000000000297e-01 -1.170000000000000033e-03 8.911829999999999474e-01 -4.536439999999999917e-01 3.719999999999999891e-04
9.000000000000000000e+00 2.500000000000000000e+01 8.000000000000000000e+00 0.000000000000000000e+00 1.600000000000000089e+00 -9.810000000000001011e-04 6.701999999999999624e-03 -9.999770000000000048e-01 4.530980000000000008e-01 8.914440000000000142e-01 5.530000000000000193e-03 8.914600000000000302e-01 -4.530819999999999848e-01 -3.911000000000000414e-03
1.200000000000000000e+01 2.500000000000000000e+01 8.000000000000000000e+00 0.000000000000000000e+00 1.600000000000000089e+00 -1.054000000000000032e-03 -2.191999999999999938e-03 -9.999970000000000248e-01 4.544039999999999746e-01 8.907929999999999460e-01 -2.432000000000000134e-03 8.907950000000000035e-01 -4.544050000000000034e-01 5.700000000000000314e-05
1.600000000000000000e+01 2.500000000000000000e+01 8.000000000000000000e+00 0.000000000000000000e+00 1.600000000000000089e+00 -8.750000000000000182e-04 1.257000000000000088e-03 -9.999989999999999712e-01 4.554230000000000222e-01 8.902750000000000385e-01 7.209999999999999612e-04 8.902750000000000385e-01 -4.554219999999999935e-01 -1.350999999999999987e-03
2.500000000000000000e+01 2.500000000000000000e+01 8.000000000000000000e+00 0.000000000000000000e+00 1.600000000000000089e+00 4.840000000000000010e-04 -1.199199999999999919e-02 -9.999280000000000390e-01 4.527360000000000273e-01 8.915830000000000144e-01 -1.047400000000000067e-02 8.916450000000000209e-01 -4.526979999999999893e-01 5.860999999999999890e-03
3.000000000000000000e+00 2.400000000000000000e+01 9.000000000000000000e+00 0.000000000000000000e+00 1.600000000000000089e+00 -2.300000000000000070e-04 -2.667000000000000100e-03 -9.999959999999999960e-01 4.552689999999999793e-01 8.903499999999999748e-01 -2.480000000000000000e-03 8.903539999999999788e-01 -4.552680000000000060e-01 1.010000000000000047e-03
1.200000000000000000e+01 2.400000000000000000e+01 9.000000000000000000e+00 0.000000000000000000e+00 1.600000000000000089e+00 -1.250000000000000026e-03 -2.076000000000000154e-03 -9.999970000000000248e-01 4.559810000000000252e-01 8.899860000000000548e-01 -2.418000000000000010e-03 8.899890000000000301e-01 -4.559819999999999984e-01 -1.659999999999999963e-04
2.000000000000000000e+01 2.400000000000000000e+01 9.000000000000000000e+00 0.000000000000000000e+00 1.600000000000000089e+00 7.150000000000000322e-04 -3.649999999999999816e-04 -1.000000000000000000e+00 4.580500000000000127e-01 8.889259999999999939e-01 3.000000000000000076e-06 8.889259999999999939e-01 -4.580500000000000127e-01 8.030000000000000028e-04
2.600000000000000000e+01 2.400000000000000000e+01 9.000000000000000000e+00 0.000000000000000000e+00 1.600000000000000089e+00 9.349999999999999587e-04 -7.779999999999999589e-03 -9.999689999999999968e-01 4.567350000000000021e-01 8.895790000000000086e-01 -6.493999999999999773e-03 8.896020000000000039e-01 -4.567149999999999821e-01 4.385000000000000009e-03
2.000000000000000000e+01 1.200000000000000000e+01 1.000000000000000000e+01 0.000000000000000000e+00 1.600000000000000089e+00 -4.360000000000000269e-04 -5.109999999999999959e-03 -9.999869999999999592e-01 -5.512559999999999683e-01 -8.343239999999999545e-01 4.504000000000000191e-03 -8.343359999999999665e-01 5.512510000000000465e-01 -2.452999999999999885e-03
2.000000000000000000e+00 3.500000000000000000e+01 1.200000000000000000e+01 0.000000000000000000e+00 1.600000000000000089e+00 2.341999999999999898e-03 9.669999999999999776e-04 -9.999970000000000248e-01 4.476330000000000031e-01 -8.942170000000000396e-01 1.840000000000000001e-04 -8.942139999999999533e-01 -4.476319999999999744e-01 -2.527999999999999865e-03
1.200000000000000000e+01 3.500000000000000000e+01 1.200000000000000000e+01 0.000000000000000000e+00 1.600000000000000089e+00 -5.890000000000000053e-04 -8.140000000000000534e-04 -1.000000000000000000e+00 4.166880000000000028e-01 -9.090489999999999959e-01 4.939999999999999730e-04 -9.090489999999999959e-01 -4.166869999999999741e-01 8.750000000000000182e-04
1.600000000000000000e+01 3.500000000000000000e+01 1.200000000000000000e+01 0.000000000000000000e+00 1.600000000000000089e+00 2.455999999999999850e-03 -6.039000000000000097e-03 -9.999789999999999512e-01 4.027569999999999761e-01 -9.152839999999999865e-01 6.517000000000000223e-03 -9.153040000000000065e-01 -4.027640000000000109e-01 1.849999999999999973e-04
2.200000000000000000e+01 3.200000000000000000e+01 1.400000000000000000e+01 0.000000000000000000e+00 1.600000000000000089e+00 8.109999999999999805e-04 2.471000000000000106e-03 -9.999970000000000248e-01 1.054559999999999942e-01 9.944209999999999994e-01 2.543000000000000121e-03 9.944239999999999746e-01 -1.054569999999999952e-01 5.460000000000000443e-04
3.000000000000000000e+00 1.200000000000000000e+01 1.500000000000000000e+01 0.000000000000000000e+00 1.600000000000000089e+00 3.209999999999999963e-04 -1.665000000000000030e-03 -9.999989999999999712e-01 -4.623380000000000267e-01 -8.867030000000000189e-01 1.327999999999999970e-03 -8.867040000000000477e-01 4.623369999999999980e-01 -1.054000000000000032e-03
1.200000000000000000e+01 1.200000000000000000e+01 1.500000000000000000e+01 0.000000000000000000e+00 1.600000000000000089e+00 -1.512000000000000106e-03 -3.926999999999999935e-03 -9.999909999999999632e-01 -4.636460000000000026e-01 -8.860109999999999930e-01 4.179999999999999688e-03 -8.860190000000000010e-01 4.636480000000000046e-01 -4.809999999999999823e-04
2.800000000000000000e+01 1.200000000000000000e+01 1.500000000000000000e+01 0.000000000000000000e+00 1.600000000000000089e+00 2.305999999999999890e-03 -4.113000000000000336e-03 -9.999890000000000168e-01 -4.606430000000000247e-01 -8.875819999999999821e-01 2.588000000000000023e-03 -8.875830000000000108e-01 4.606319999999999859e-01 -3.941000000000000059e-03
2.000000000000000000e+00 1.160000000000000000e+02 1.600000000000000000e+01 0.000000000000000000e+00 1.600000000000000089e+00 5.607000000000000005e-03 8.996999999999999789e-03 9.999440000000000550e-01 7.446390000000000509e-01 6.673900000000000388e-01 -1.017999999999999981e-02 -6.674440000000000373e-01 7.446540000000000381e-01 -2.958000000000000126e-03
1.700000000000000000e+01 1.160000000000000000e+02 1.600000000000000000e+01 0.000000000000000000e+00 1.600000000000000089e+00 -8.500000000000000611e-05 1.750999999999999952e-03 9.999980000000000535e-01 7.591320000000000290e-01 6.509359999999999591e-01 -1.075000000000000001e-03 -6.509359999999999591e-01 7.591310000000000002e-01 -1.384999999999999946e-03
2.200000000000000000e+01 1.160000000000000000e+02 1.600000000000000000e+01 0.000000000000000000e+00 1.600000000000000089e+00 -3.021999999999999947e-03 -4.420000000000000101e-04 9.999949999999999672e-01 7.668439999999999701e-01 6.418289999999999829e-01 2.602000000000000146e-03 -6.418270000000000364e-01 7.668479999999999741e-01 -1.600999999999999993e-03
2.000000000000000000e+00 2.000000000000000000e+00 1.900000000000000000e+01 0.000000000000000000e+00 1.600000000000000089e+00 -6.799999999999999946e-05 6.926999999999999998e-03 -9.999759999999999760e-01 1.666600000000000026e-01 -9.859909999999999508e-01 -6.841999999999999992e-03 -9.860139999999999461e-01 -1.666569999999999996e-01 -1.087000000000000076e-03
1.200000000000000000e+01 2.000000000000000000e+00 1.900000000000000000e+01 0.000000000000000000e+00 1.600000000000000089e+00 -1.230000000000000082e-04 -4.772000000000000200e-03 -9.999890000000000168e-01 1.611720000000000097e-01 -9.869149999999999867e-01 4.689999999999999725e-03 -9.869259999999999700e-01 -1.611700000000000077e-01 8.909999999999999734e-04
1.600000000000000000e+01 2.000000000000000000e+00 1.900000000000000000e+01 0.000000000000000000e+00 1.600000000000000089e+00 -1.430000000000000064e-03 -1.821800000000000155e-02 -9.998329999999999718e-01 1.595560000000000034e-01 -9.870290000000000452e-01 1.775600000000000095e-02 -9.871879999999999544e-01 -1.595040000000000069e-01 4.317999999999999790e-03
2.100000000000000000e+01 2.000000000000000000e+00 1.900000000000000000e+01 0.000000000000000000e+00 1.600000000000000089e+00 1.679999999999999907e-04 -1.704000000000000003e-03 -9.999989999999999712e-01 1.532910000000000106e-01 -9.881799999999999473e-01 1.709999999999999932e-03 -9.881809999999999761e-01 -1.532910000000000106e-01 9.600000000000000243e-05
2.400000000000000000e+01 2.000000000000000000e+00 1.900000000000000000e+01 0.000000000000000000e+00 1.600000000000000089e+00 1.528999999999999977e-03 7.797000000000000111e-03 -9.999679999999999680e-01 1.519379999999999897e-01 -9.883619999999999628e-01 -7.473999999999999741e-03 -9.883889999999999620e-01 -1.519220000000000015e-01 -2.694999999999999913e-03
2.000000000000000000e+00 1.300000000000000000e+01 2.000000000000000000e+01 0.000000000000000000e+00 1.600000000000000089e+00 1.296999999999999976e-03 -9.810000000000001011e-04 9.999989999999999712e-01 2.506729999999999792e-01 9.680720000000000436e-01 6.239999999999999887e-04 -9.680710000000000148e-01 2.506709999999999772e-01 1.500999999999999947e-03
6.000000000000000000e+00 1.300000000000000000e+01 2.000000000000000000e+01 0.000000000000000000e+00 1.600000000000000089e+00 5.469999999999999602e-04 -3.059999999999999786e-03 9.999949999999999672e-01 2.499129999999999963e-01 9.682640000000000136e-01 2.825999999999999953e-03 -9.682680000000000176e-01 2.499099999999999933e-01 1.294000000000000011e-03
1.300000000000000000e+01 1.300000000000000000e+01 2.000000000000000000e+01 0.000000000000000000e+00 1.600000000000000089e+00 3.100000000000000135e-05 -8.980000000000000352e-04 1.000000000000000000e+00 2.514109999999999956e-01 9.678799999999999626e-01 8.610000000000000032e-04 -9.678799999999999626e-01 2.514109999999999956e-01 2.550000000000000183e-04
2.500000000000000000e+01 1.300000000000000000e+01 2.000000000000000000e+01 0.000000000000000000e+00 1.600000000000000089e+00 1.840999999999999972e-03 -3.536000000000000081e-03 9.999919999999999920e-01 2.453690000000000038e-01 9.694249999999999812e-01 2.975999999999999913e-03 -9.694279999999999564e-01 2.453609999999999958e-01 2.651999999999999844e-03
4.000000000000000000e+00 1.600000000000000000e+01 2.100000000000000000e+01 0.000000000000000000e+00 1.600000000000000089e+00 4.640000000000000027e-04 -1.314000000000000064e-03 9.999989999999999712e-01 2.979049999999999754e-01 9.545949999999999713e-01 1.116000000000000021e-03 -9.545960000000000001e-01 2.979040000000000021e-01 8.350000000000000217e-04
9.000000000000000000e+00 1.600000000000000000e+01 2.100000000000000000e+01 0.000000000000000000e+00 1.600000000000000089e+00 7.399999999999999623e-05 -6.712000000000000084e-03 9.999770000000000048e-01 2.973500000000000032e-01 9.547470000000000123e-01 6.387000000000000316e-03 -9.547689999999999788e-01 2.973430000000000240e-01 2.066999999999999827e-03
1.800000000000000000e+01 1.600000000000000000e+01 2.100000000000000000e+01 0.000000000000000000e+00 1.600000000000000089e+00 2.183000000000000045e-03 1.089399999999999917e-02 9.999379999999999935e-01 2.990389999999999993e-01 9.541770000000000529e-01 -1.104800000000000053e-02 -9.542380000000000306e-01 2.990439999999999765e-01 -1.173999999999999913e-03
2.100000000000000000e+01 1.600000000000000000e+01 2.100000000000000000e+01 0.000000000000000000e+00 1.600000000000000089e+00 1.930999999999999991e-03 1.198199999999999960e-02 9.999259999999999815e-01 2.975090000000000234e-01 9.546430000000000193e-01 -1.201400000000000037e-02 -9.547170000000000378e-01 2.975099999999999967e-01 -1.721000000000000090e-03
2.200000000000000000e+01 3.000000000000000000e+00 2.500000000000000000e+01 0.000000000000000000e+00 1.600000000000000089e+00 -2.279999999999999909e-03 1.177199999999999948e-02 9.999280000000000390e-01 -4.172100000000000114e-02 -9.990609999999999769e-01 1.166599999999999929e-02 9.991269999999999873e-01 -4.169099999999999889e-02 2.769000000000000194e-03
2.600000000000000000e+01 4.900000000000000000e+01 2.500000000000000000e+01 0.000000000000000000e+00 1.600000000000000089e+00 8.559999999999999901e-03 7.177600000000000646e-02 9.973840000000000483e-01 6.703789999999999472e-01 7.396709999999999674e-01 -5.898400000000000171e-02 -7.419700000000000184e-01 6.691300000000000026e-01 -4.178599999999999676e-02
2.400000000000000000e+01 4.500000000000000000e+01 2.600000000000000000e+01 0.000000000000000000e+00 1.600000000000000089e+00 2.131900000000000114e-02 3.167500000000000177e-02 9.992710000000000203e-01 4.832940000000000014e-01 8.746319999999999650e-01 -3.803499999999999936e-02 -8.751989999999999492e-01 4.837520000000000153e-01 3.337999999999999821e-03
1.200000000000000000e+01 4.600000000000000000e+01 2.700000000000000000e+01 0.000000000000000000e+00 1.600000000000000089e+00 2.062000000000000031e-03 -2.762000000000000132e-03 -9.999940000000000495e-01 6.730570000000000164e-01 7.395899999999999697e-01 -6.539999999999999590e-04 7.395880000000000232e-01 -6.730519999999999836e-01 3.383999999999999855e-03
2.200000000000000000e+01 5.000000000000000000e+01 3.000000000000000000e+01 0.000000000000000000e+00 1.600000000000000089e+00 -6.470800000000000163e-02 -3.589950000000000085e-01 -9.310939999999999772e-01 5.978059999999999485e-01 -7.610400000000000498e-01 2.518830000000000235e-01 -7.990249999999999853e-01 -5.403149999999999897e-01 2.638550000000000062e-01
9.000000000000000000e+00 5.800000000000000000e+01 3.100000000000000000e+01 0.000000000000000000e+00 1.600000000000000089e+00 2.639800000000000132e-02 -8.891699999999999604e-02 9.956890000000000462e-01 -7.646990000000000176e-01 -6.433149999999999702e-01 -3.717600000000000071e-02 6.438469999999999471e-01 -7.604210000000000136e-01 -8.497699999999999698e-02
1.300000000000000000e+01 5.600000000000000000e+01 3.300000000000000000e+01 0.000000000000000000e+00 1.600000000000000089e+00 -2.587729999999999753e-01 -3.136340000000000239e-01 -9.136030000000000539e-01 4.600380000000000025e-01 -8.716789999999999816e-01 1.689380000000000048e-01 -8.493540000000000534e-01 -3.765749999999999931e-01 3.698500000000000121e-01
2.000000000000000000e+00 4.600000000000000000e+01 3.500000000000000000e+01 0.000000000000000000e+00 1.600000000000000089e+00 -6.310000000000000504e-04 2.054999999999999969e-03 -9.999980000000000535e-01 3.934500000000000219e-01 -9.193430000000000213e-01 -2.138000000000000143e-03 -9.193459999999999965e-01 -3.934509999999999952e-01 -2.280000000000000126e-04
5.000000000000000000e+00 4.600000000000000000e+01 3.500000000000000000e+01 0.000000000000000000e+00 1.600000000000000089e+00 3.460000000000000076e-04 -9.867000000000000770e-03 -9.999510000000000343e-01 3.953510000000000080e-01 -9.184839999999999671e-01 9.199999999999999845e-03 -9.185299999999999576e-01 -3.953349999999999920e-01 3.582999999999999814e-03
1.200000000000000000e+01 4.600000000000000000e+01 3.500000000000000000e+01 0.000000000000000000e+00 1.600000000000000089e+00 -3.089499999999999885e-02 -1.700329999999999897e-01 -9.849539999999999962e-01 3.606969999999999898e-01 -9.209190000000000431e-01 1.476639999999999897e-01 -9.321709999999999718e-01 -3.507080000000000197e-01 8.978200000000000069e-02
7.000000000000000000e+00 9.500000000000000000e+01 3.600000000000000000e+01 0.000000000000000000e+00 1.600000000000000089e+00 -2.451199999999999907e-02 5.443100000000000022e-02 9.982170000000000210e-01 9.957890000000000352e-01 8.956000000000000072e-02 1.956899999999999959e-02 -8.833499999999999686e-02 9.944929999999999604e-01 -5.639700000000000268e-02
1.200000000000000000e+01 9.500000000000000000e+01 3.600000000000000000e+01 0.000000000000000000e+00 1.600000000000000089e+00 -3.299999999999999982e-04 2.860700000000000048e-02 9.995910000000000073e-01 9.976030000000000175e-01 6.917900000000000438e-02 -1.650999999999999907e-03 -6.919799999999999562e-02 9.971940000000000248e-01 -2.856099999999999958e-02
1.800000000000000000e+01 9.500000000000000000e+01 3.600000000000000000e+01 0.000000000000000000e+00 1.600000000000000089e+00 9.724000000000000005e-03 6.140999999999999757e-03 9.999339999999999895e-01 9.970020000000000548e-01 7.670399999999999441e-02 -1.016599999999999969e-02 -7.676199999999999690e-02 9.970350000000000046e-01 -5.376999999999999835e-03
2.000000000000000000e+00 2.900000000000000000e+01 4.400000000000000000e+01 0.000000000000000000e+00 1.600000000000000089e+00 2.367000000000000180e-03 5.060000000000000478e-04 -9.999970000000000248e-01 6.676830000000000265e-01 7.444429999999999659e-01 1.956999999999999972e-03 7.444420000000000481e-01 -6.676849999999999730e-01 1.423999999999999919e-03
8.000000000000000000e+00 2.900000000000000000e+01 4.400000000000000000e+01 0.000000000000000000e+00 1.600000000000000089e+00 2.559999999999999884e-04 8.199999999999999824e-04 -1.000000000000000000e+00 6.622620000000000173e-01 7.492720000000000491e-01 7.839999999999999747e-04 7.492720000000000491e-01 -6.622620000000000173e-01 -3.510000000000000208e-04
1.400000000000000000e+01 2.900000000000000000e+01 4.400000000000000000e+01 0.000000000000000000e+00 1.600000000000000089e+00 -3.177999999999999835e-03 -1.520000000000000084e-04 -9.999949999999999672e-01 6.580850000000000311e-01 7.529400000000000537e-01 -2.206000000000000062e-03 7.529369999999999674e-01 -6.580890000000000351e-01 -2.292999999999999899e-03
1.900000000000000000e+01 2.900000000000000000e+01 4.400000000000000000e+01 0.000000000000000000e+00 1.600000000000000089e+00 6.130000000000000466e-04 2.233000000000000176e-03 -9.999970000000000248e-01 6.594700000000000006e-01 7.517279999999999518e-01 2.083000000000000216e-03 7.517300000000000093e-01 -6.594700000000000006e-01 -1.012000000000000096e-03
2.300000000000000000e+01 2.900000000000000000e+01 4.400000000000000000e+01 0.000000000000000000e+00 1.600000000000000089e+00 6.509999999999999945e-04 5.270000000000000162e-04 -1.000000000000000000e+00 6.576170000000000071e-01 7.533520000000000216e-01 8.249999999999999955e-04 7.533520000000000216e-01 -6.576170000000000071e-01 1.440000000000000036e-04
2.700000000000000000e+01 2.900000000000000000e+01 4.400000000000000000e+01 0.000000000000000000e+00 1.600000000000000089e+00 -4.409999999999999858e-04 -2.657000000000000074e-03 -9.999959999999999960e-01 6.602059999999999595e-01 7.510809999999999986e-01 -2.285999999999999838e-03 7.510839999999999739e-01 -6.602050000000000418e-01 1.423000000000000003e-03
2.000000000000000000e+01 6.000000000000000000e+01 4.600000000000000000e+01 0.000000000000000000e+00 1.600000000000000089e+00 -4.266699999999999937e-01 -2.650049999999999906e-01 8.647110000000000074e-01 2.092799999999999938e-01 9.012280000000000291e-01 3.794600000000000195e-01 -8.798599999999999755e-01 3.428709999999999813e-01 -3.290669999999999984e-01
4.000000000000000000e+00 5.000000000000000000e+00 5.100000000000000000e+01 0.000000000000000000e+00 1.600000000000000089e+00 5.419999999999999471e-04 4.632999999999999965e-03 -9.999890000000000168e-01 4.904439999999999911e-01 -8.714640000000000164e-01 -3.771000000000000046e-03 -8.714720000000000244e-01 -4.904370000000000118e-01 -2.743999999999999911e-03
7.000000000000000000e+00 5.000000000000000000e+00 5.100000000000000000e+01 0.000000000000000000e+00 1.600000000000000089e+00 -1.890000000000000133e-04 6.819000000000000408e-03 -9.999770000000000048e-01 4.883660000000000223e-01 -8.726180000000000048e-01 -6.042999999999999761e-03 -8.726390000000000535e-01 -4.883560000000000123e-01 -3.164999999999999845e-03
1.200000000000000000e+01 5.000000000000000000e+00 5.100000000000000000e+01 0.000000000000000000e+00 1.600000000000000089e+00 -5.689999999999999529e-04 6.394999999999999643e-03 -9.999789999999999512e-01 4.829249999999999932e-01 -8.756420000000000314e-01 -5.873999999999999881e-03 -8.756610000000000227e-01 -4.829189999999999872e-01 -2.589999999999999854e-03
1.600000000000000000e+01 5.000000000000000000e+00 5.100000000000000000e+01 0.000000000000000000e+00 1.600000000000000089e+00 -1.923999999999999929e-03 -4.037999999999999923e-03 -9.999900000000000455e-01 4.845999999999999752e-01 -8.747319999999999540e-01 2.599999999999999881e-03 -8.747340000000000115e-01 -4.845900000000000207e-01 3.638999999999999874e-03
2.300000000000000000e+01 5.000000000000000000e+00 5.100000000000000000e+01 0.000000000000000000e+00 1.600000000000000089e+00 3.716000000000000119e-03 3.305000000000000212e-03 -9.999879999999999880e-01 4.891750000000000265e-01 -8.721849999999999881e-01 -1.064000000000000059e-03 -8.721780000000000088e-01 -4.891650000000000165e-01 -4.858000000000000339e-03
2.700000000000000000e+01 5.000000000000000000e+00 5.100000000000000000e+01 0.000000000000000000e+00 1.600000000000000089e+00 4.694000000000000256e-03 8.073999999999999580e-03 -9.999559999999999560e-01 4.851079999999999837e-01 -8.744410000000000238e-01 -4.782999999999999925e-03 -8.744420000000000526e-01 -4.850639999999999952e-01 -8.021999999999999617e-03
1.800000000000000000e+01 1.150000000000000000e+02 5.100000000000000000e+01 0.000000000000000000e+00 1.600000000000000089e+00 1.981000000000000122e-03 8.450000000000000479e-04 9.999980000000000535e-01 8.473330000000000028e-01 -5.310610000000000053e-01 -1.229999999999999974e-03 5.310580000000000300e-01 8.473330000000000028e-01 -1.768000000000000040e-03
1.800000000000000000e+01 7.000000000000000000e+00 5.200000000000000000e+01 0.000000000000000000e+00 1.600000000000000089e+00 -1.490000000000000005e-03 -5.066000000000000190e-03 -9.999860000000000415e-01 9.939499999999999724e-02 -9.950360000000000316e-01 4.892999999999999780e-03 -9.950470000000000148e-01 -9.938600000000000212e-02 1.985999999999999918e-03
3.000000000000000000e+00 6.300000000000000000e+01 5.400000000000000000e+01 0.000000000000000000e+00 1.600000000000000089e+00 -6.499999999999999702e-04 -4.125000000000000194e-03 9.999909999999999632e-01 -3.350949999999999762e-01 9.421770000000000422e-01 3.668999999999999952e-03 -9.421840000000000215e-01 -3.350899999999999990e-01 -1.994999999999999812e-03
3.000000000000000000e+01 2.500000000000000000e+01 5.500000000000000000e+01 0.000000000000000000e+00 1.600000000000000089e+00 -1.923999999999999929e-03 4.810000000000000039e-03 -9.999869999999999592e-01 -1.468799999999999967e-02 -9.998810000000000198e-01 -4.780999999999999660e-03 -9.998899999999999455e-01 1.467800000000000007e-02 1.994999999999999812e-03
3.000000000000000000e+00 4.700000000000000000e+01 5.500000000000000000e+01 0.000000000000000000e+00 1.600000000000000089e+00 -7.989300000000000568e-02 1.797239999999999949e-01 -9.804669999999999774e-01 -8.768650000000000055e-01 -4.804490000000000149e-01 -1.661699999999999983e-02 -4.740510000000000002e-01 8.584100000000000064e-01 1.959780000000000133e-01
2.000000000000000000e+00 4.700000000000000000e+01 5.600000000000000000e+01 0.000000000000000000e+00 1.600000000000000089e+00 -6.840499999999999359e-02 1.545189999999999897e-01 -9.856190000000000229e-01 -8.672499999999999654e-01 -4.975550000000000250e-01 -1.781399999999999997e-02 -4.931519999999999793e-01 8.535589999999999566e-01 1.680419999999999969e-01
7.000000000000000000e+00 5.200000000000000000e+01 5.700000000000000000e+01 0.000000000000000000e+00 1.600000000000000089e+00 8.949799999999999423e-02 4.628349999999999964e-01 8.819150000000000045e-01 3.191189999999999860e-01 -8.521130000000000093e-01 4.148100000000000120e-01 9.434789999999999566e-01 2.443110000000000004e-01 -2.239619999999999944e-01
1.700000000000000000e+01 6.800000000000000000e+01 5.700000000000000000e+01 0.000000000000000000e+00 1.600000000000000089e+00 -4.904999999999999638e-03 9.726000000000000270e-03 -9.999409999999999688e-01 -2.357829999999999926e-01 -9.717700000000000227e-01 -8.295999999999999555e-03 -9.717930000000000179e-01 2.357279999999999931e-01 7.060000000000000303e-03
7.000000000000000000e+00 2.100000000000000000e+01 6.000000000000000000e+01 0.000000000000000000e+00 1.600000000000000089e+00 3.930000000000000117e-04 -1.023800000000000057e-02 9.999470000000000303e-01 -9.641399999999999970e-02 9.952889999999999793e-01 1.022799999999999924e-02 -9.953410000000000313e-01 -9.641299999999999870e-02 -5.959999999999999586e-04
1.200000000000000000e+01 2.100000000000000000e+01 6.000000000000000000e+01 0.000000000000000000e+00 1.600000000000000089e+00 3.000000000000000076e-05 9.229999999999999923e-04 1.000000000000000000e+00 -9.734900000000000497e-02 9.952499999999999680e-01 -9.160000000000000390e-04 -9.952499999999999680e-01 -9.734900000000000497e-02 1.190000000000000058e-04
1.900000000000000000e+01 2.100000000000000000e+01 6.000000000000000000e+01 0.000000000000000000e+00 1.600000000000000089e+00 -8.379999999999999862e-04 8.004000000000000697e-03 9.999679999999999680e-01 -9.614799999999999736e-02 9.953349999999999698e-01 -8.047000000000000333e-03 -9.953670000000000018e-01 -9.615100000000000036e-02 -6.499999999999999431e-05
2.400000000000000000e+01 2.100000000000000000e+01 6.000000000000000000e+01 0.000000000000000000e+00 1.600000000000000089e+00 -4.840000000000000010e-04 -1.049500000000000086e-02 9.999449999999999728e-01 -9.777700000000000280e-02 9.951539999999999830e-01 1.039799999999999926e-02 -9.952079999999999815e-01 -9.776600000000000568e-02 -1.508000000000000009e-03
9.000000000000000000e+00 3.000000000000000000e+00 6.300000000000000000e+01 0.000000000000000000e+00 1.600000000000000089e+00 -7.069999999999999462e-04 6.999999999999999929e-04 9.999989999999999712e-01 -6.149149999999999894e-01 7.885929999999999884e-01 -9.870000000000000301e-04 -7.885929999999999884e-01 -6.149149999999999894e-01 -1.269999999999999970e-04
5.000000000000000000e+00 2.700000000000000000e+01 6.300000000000000000e+01 0.000000000000000000e+00 1.600000000000000089e+00 7.529999999999999801e-04 -1.482000000000000027e-03 9.999989999999999712e-01 -2.791730000000000045e-01 9.602389999999999537e-01 1.632999999999999903e-03 -9.602410000000000112e-01 -2.791739999999999777e-01 3.089999999999999756e-04
7.000000000000000000e+00 2.700000000000000000e+01 6.300000000000000000e+01 0.000000000000000000e+00 1.600000000000000089e+00 3.229999999999999907e-04 -2.098000000000000038e-03 9.999980000000000535e-01 -2.787689999999999890e-01 9.603559999999999874e-01 2.105000000000000100e-03 -9.603580000000000449e-01 -2.787689999999999890e-01 -2.739999999999999923e-04
1.100000000000000000e+01 2.700000000000000000e+01 6.300000000000000000e+01 0.000000000000000000e+00 1.600000000000000089e+00 6.319999999999999663e-04 -2.635000000000000189e-03 9.999959999999999960e-01 -2.781270000000000131e-01 9.605409999999999782e-01 2.707000000000000205e-03 -9.605439999999999534e-01 -2.781279999999999863e-01 -1.259999999999999998e-04
1.600000000000000000e+01 2.700000000000000000e+01 6.300000000000000000e+01 0.000000000000000000e+00 1.600000000000000089e+00 1.402000000000000034e-03 -4.342000000000000373e-03 9.999900000000000455e-01 -2.788050000000000250e-01 9.603369999999999962e-01 4.559999999999999817e-03 -9.603469999999999507e-01 -2.788089999999999735e-01 1.359999999999999989e-04
2.100000000000000000e+01 2.700000000000000000e+01 6.300000000000000000e+01 0.000000000000000000e+00 1.600000000000000089e+00 -4.730000000000000046e-04 -1.456999999999999962e-03 9.999989999999999712e-01 -2.710400000000000031e-01 9.625669999999999504e-01 1.273999999999999959e-03 -9.625679999999999792e-01 -2.710389999999999744e-01 -8.499999999999999526e-04
2.700000000000000000e+01 2.700000000000000000e+01 6.300000000000000000e+01 0.000000000000000000e+00 1.600000000000000089e+00 1.182000000000000108e-03 -4.433000000000000308e-03 9.999890000000000168e-01 -2.650759999999999783e-01 9.642169999999999908e-01 4.588000000000000064e-03 -9.642269999999999452e-01 -2.650779999999999803e-01 -3.499999999999999693e-05
6.000000000000000000e+00 2.600000000000000000e+01 6.400000000000000000e+01 0.000000000000000000e+00 1.600000000000000089e+00 8.400000000000000348e-04 -2.079999999999999818e-03 9.999970000000000248e-01 -3.625519999999999854e-01 9.319610000000000394e-01 2.243000000000000202e-03 -9.319629999999999859e-01 -3.625530000000000141e-01 2.900000000000000017e-05
1.200000000000000000e+01 2.600000000000000000e+01 6.400000000000000000e+01 0.000000000000000000e+00 1.600000000000000089e+00 1.503999999999999912e-03 -2.663000000000000003e-03 9.999949999999999672e-01 -3.642360000000000042e-01 9.313019999999999632e-01 3.027999999999999876e-03 -9.313050000000000495e-01 -3.642389999999999795e-01 4.299999999999999894e-04
1.600000000000000000e+01 2.600000000000000000e+01 6.400000000000000000e+01 0.000000000000000000e+00 1.600000000000000089e+00 1.900999999999999912e-03 -4.524000000000000243e-03 9.999879999999999880e-01 -3.642250000000000210e-01 9.312979999999999592e-01 4.904999999999999638e-03 -9.313090000000000535e-01 -3.642299999999999982e-01 1.219999999999999974e-04
2.400000000000000000e+01 2.600000000000000000e+01 6.400000000000000000e+01 0.000000000000000000e+00 1.600000000000000089e+00 -4.220000000000000118e-04 -4.547999999999999959e-03 9.999900000000000455e-01 -3.461659999999999737e-01 9.381639999999999979e-01 4.120999999999999663e-03 -9.381730000000000347e-01 -3.461609999999999965e-01 -1.971000000000000096e-03
2.400000000000000000e+01 5.400000000000000000e+01 6.400000000000000000e+01 0.000000000000000000e+00 1.600000000000000089e+00 3.937379999999999769e-01 -7.558199999999999641e-02 -9.161099999999999799e-01 -7.825619999999999798e-01 4.952929999999999833e-01 -3.772030000000000105e-01 4.822529999999999872e-01 8.654319999999999791e-01 1.358679999999999888e-01
2.200000000000000000e+01 5.300000000000000000e+01 6.500000000000000000e+01 0.000000000000000000e+00 1.600000000000000089e+00 4.624610000000000110e-01 -1.083540000000000059e-01 -8.799940000000000540e-01 -7.664250000000000229e-01 4.501569999999999738e-01 -4.582049999999999734e-01 4.457840000000000136e-01 8.863510000000000000e-01 1.251349999999999962e-01
1.000000000000000000e+00 6.900000000000000000e+01 6.600000000000000000e+01 0.000000000000000000e+00 1.600000000000000089e+00 3.439999999999999915e-03 1.862799999999999873e-02 9.998209999999999598e-01 -9.565209999999999546e-01 2.916560000000000263e-01 -2.142999999999999940e-03 -2.916429999999999856e-01 -9.563420000000000254e-01 1.882100000000000092e-02
4.000000000000000000e+00 2.500000000000000000e+01 7.300000000000000000e+01 0.000000000000000000e+00 1.600000000000000089e+00 -1.330000000000000073e-04 4.754000000000000413e-03 9.999890000000000168e-01 7.459630000000000427e-01 -6.659800000000000164e-01 3.265999999999999806e-03 6.659880000000000244e-01 7.459550000000000347e-01 -3.458000000000000136e-03
1.200000000000000000e+01 2.500000000000000000e+01 7.300000000000000000e+01 0.000000000000000000e+00 1.600000000000000089e+00 -6.729999999999999871e-04 -4.669000000000000407e-03 9.999890000000000168e-01 7.457489999999999952e-01 -6.662219999999999809e-01 -2.608000000000000075e-03 6.662270000000000136e-01 7.457390000000000407e-01 3.930000000000000333e-03
2.100000000000000000e+01 2.500000000000000000e+01 7.300000000000000000e+01 0.000000000000000000e+00 1.600000000000000089e+00 -9.810000000000001011e-04 -1.410499999999999948e-02 9.999000000000000110e-01 7.446989999999999998e-01 -6.673440000000000483e-01 -8.684000000000000746e-03 6.673999999999999932e-01 7.446159999999999446e-01 1.115900000000000052e-02
1.600000000000000000e+01 4.400000000000000000e+01 7.300000000000000000e+01 0.000000000000000000e+00 1.600000000000000089e+00 2.185099999999999890e-02 1.400389999999999968e-01 9.899050000000000349e-01 3.185999999999999943e-02 -9.897359999999999491e-01 1.393119999999999914e-01 9.992529999999999468e-01 2.849399999999999850e-02 -2.608900000000000108e-02
2.400000000000000000e+01 4.400000000000000000e+01 7.300000000000000000e+01 0.000000000000000000e+00 1.600000000000000089e+00 1.972999999999999927e-03 1.505000000000000044e-03 9.999970000000000248e-01 5.324700000000000266e-02 -9.985800000000000232e-01 1.397999999999999937e-03 9.985789999999999944e-01 5.324399999999999966e-02 -2.050000000000000173e-03
5.000000000000000000e+00 2.500000000000000000e+01 7.400000000000000000e+01 0.000000000000000000e+00 1.600000000000000089e+00 -5.550000000000000462e-04 1.706999999999999967e-03 9.999980000000000535e-01 8.220039999999999569e-01 -5.694799999999999862e-01 1.428999999999999932e-03 5.694820000000000437e-01 8.220030000000000392e-01 -1.087000000000000076e-03
9.000000000000000000e+00 2.500000000000000000e+01 7.400000000000000000e+01 0.000000000000000000e+00 1.600000000000000089e+00 1.720000000000000066e-04 -6.001000000000000258e-03 9.999820000000000375e-01 8.222190000000000332e-01 -5.691610000000000280e-01 -3.556999999999999832e-03 5.691720000000000113e-01 8.222040000000000459e-01 4.836000000000000021e-03
1.100000000000000000e+01 2.500000000000000000e+01 7.400000000000000000e+01 0.000000000000000000e+00 1.600000000000000089e+00 -6.499999999999999431e-05 -4.774999999999999731e-03 9.999890000000000168e-01 8.228220000000000534e-01 -5.682930000000000481e-01 -2.660000000000000038e-03 5.682989999999999986e-01 8.228119999999999878e-01 3.965999999999999907e-03
1.800000000000000000e+01 2.500000000000000000e+01 7.400000000000000000e+01 0.000000000000000000e+00 1.600000000000000089e+00 1.592000000000000099e-03 -6.821999999999999939e-03 9.999749999999999472e-01 8.224289999999999656e-01 -5.688440000000000163e-01 -5.190000000000000169e-03 5.688649999999999540e-01 8.224169999999999536e-01 4.704999999999999981e-03
2.200000000000000000e+01 5.100000000000000000e+01 7.600000000000000000e+01 0.000000000000000000e+00 1.600000000000000089e+00 -1.178999999999999927e-03 -7.893000000000000710e-03 -9.999679999999999680e-01 -4.048559999999999937e-01 -9.143480000000000496e-01 7.694999999999999583e-03 -9.143799999999999706e-01 4.048519999999999897e-01 -2.116999999999999958e-03
2.000000000000000000e+00 9.100000000000000000e+01 7.600000000000000000e+01 0.000000000000000000e+00 1.600000000000000089e+00 1.494000000000000102e-03 -1.644999999999999978e-03 9.999980000000000535e-01 3.757579999999999809e-01 -9.267149999999999554e-01 -2.086000000000000180e-03 9.267170000000000130e-01 3.757599999999999829e-01 -7.659999999999999708e-04
6.000000000000000000e+00 9.100000000000000000e+01 7.600000000000000000e+01 0.000000000000000000e+00 1.600000000000000089e+00 -7.860000000000000233e-04 -1.266999999999999897e-03 9.999989999999999712e-01 3.547969999999999735e-01 -9.349429999999999685e-01 -9.060000000000000128e-04 9.349429999999999685e-01 3.547960000000000003e-01 1.183999999999999940e-03
1.500000000000000000e+01 9.100000000000000000e+01 7.600000000000000000e+01 0.000000000000000000e+00 1.600000000000000089e+00 1.998000000000000210e-03 -2.017000000000000130e-03 9.999959999999999960e-01 3.137210000000000276e-01 -9.495120000000000227e-01 -2.541999999999999989e-03 9.495130000000000514e-01 3.137249999999999761e-01 -1.265000000000000065e-03
2.000000000000000000e+01 9.100000000000000000e+01 7.600000000000000000e+01 0.000000000000000000e+00 1.600000000000000089e+00 1.227000000000000009e-03 -3.020999999999999814e-03 9.999949999999999672e-01 2.911020000000000274e-01 -9.566869999999999541e-01 -3.246999999999999886e-03 9.566909999999999581e-01 2.911039999999999739e-01 -2.939999999999999905e-04
2.700000000000000000e+01 9.100000000000000000e+01 7.600000000000000000e+01 0.000000000000000000e+00 1.600000000000000089e+00 -2.520999999999999804e-03 -2.765999999999999796e-03 9.999930000000000208e-01 2.770259999999999945e-01 -9.608600000000000474e-01 -1.958999999999999804e-03 9.608590000000000186e-01 2.770190000000000152e-01 3.188999999999999994e-03
9.000000000000000000e+00 4.400000000000000000e+01 8.300000000000000000e+01 0.000000000000000000e+00 1.600000000000000089e+00 1.503900000000000028e-02 6.364699999999999525e-02 9.978590000000000515e-01 5.613510000000000444e-01 -8.263939999999999619e-01 4.424999999999999767e-02 8.274409999999999821e-01 5.594839999999999813e-01 -4.815699999999999842e-02
2.400000000000000000e+01 4.400000000000000000e+01 8.300000000000000000e+01 0.000000000000000000e+00 1.600000000000000089e+00 1.859999999999999945e-04 -4.277999999999999685e-03 9.999909999999999632e-01 5.904009999999999536e-01 -8.071019999999999861e-01 -3.562000000000000062e-03 8.071099999999999941e-01 5.903960000000000319e-01 2.376000000000000074e-03
5.000000000000000000e+00 4.200000000000000000e+01 8.400000000000000000e+01 0.000000000000000000e+00 1.600000000000000089e+00 1.439400000000000054e-02 1.611430000000000085e-01 9.868259999999999810e-01 7.425720000000000098e-01 -6.626499999999999613e-01 9.737600000000000422e-02 6.696119999999999850e-01 7.313880000000000381e-01 -1.291980000000000073e-01
