9.000000000000000000e+00 1.600000000000000000e+01 4.000000000000000000e+00 0.000000000000000000e+00 1.600000000000000089e+00 -1.938999999999999968e-03 -1.175900000000000035e-02 9.999289999999999567e-01 3.150510000000000255e-01 -9.490159999999999707e-01 -1.054899999999999935e-02 9.490730000000000555e-01 3.150089999999999835e-01 5.544999999999999582e-03
1.400000000000000000e+01 1.600000000000000000e+01 4.000000000000000000e+00 0.000000000000000000e+00 1.600000000000000089e+00 2.785000000000000149e-03 -1.399199999999999923e-02 9.998979999999999535e-01 3.130749999999999922e-01 -9.496229999999999949e-01 -1.416099999999999998e-02 9.497240000000000126e-01 3.130830000000000002e-01 1.735999999999999913e-03
1.700000000000000000e+01 1.600000000000000000e+01 4.000000000000000000e+00 0.000000000000000000e+00 1.600000000000000089e+00 2.570999999999999935e-03 -1.941299999999999970e-02 9.998080000000000300e-01 3.147380000000000178e-01 -9.489830000000000210e-01 -1.923599999999999963e-02 9.491749999999999909e-01 3.147280000000000078e-01 3.670999999999999784e-03
2.200000000000000000e+01 1.600000000000000000e+01 4.000000000000000000e+00 0.000000000000000000e+00 1.600000000000000089e+00 3.001999999999999894e-03 -2.052100000000000105e-02 9.997850000000000348e-01 3.214969999999999772e-01 -9.466909999999999492e-01 -2.039699999999999847e-02 9.469060000000000255e-01 3.214890000000000247e-01 3.755000000000000091e-03
5.000000000000000000e+00 1.010000000000000000e+02 7.000000000000000000e+00 0.000000000000000000e+00 1.600000000000000089e+00 7.200000000000000182e-05 -8.035999999999999741e-03 9.999679999999999680e-01 8.861369999999999525e-01 4.634099999999999886e-01 3.660000000000000059e-03 -4.634240000000000026e-01 8.861080000000000068e-01 7.153999999999999769e-03
1.000000000000000000e+01 1.010000000000000000e+02 7.000000000000000000e+00 0.000000000000000000e+00 1.600000000000000089e+00 2.870000000000000155e-03 4.028999999999999596e-03 9.999879999999999880e-01 8.856880000000000308e-01 4.642600000000000060e-01 -4.412000000000000123e-03 -4.642729999999999912e-01 8.856899999999999773e-01 -2.236000000000000140e-03
2.800000000000000000e+01 1.010000000000000000e+02 7.000000000000000000e+00 0.000000000000000000e+00 1.600000000000000089e+00 -9.160000000000000390e-04 -3.059999999999999786e-03 9.999949999999999672e-01 8.846460000000000434e-01 4.662580000000000058e-01 2.236999999999999839e-03 -4.662620000000000098e-01 8.846439999999999859e-01 2.279999999999999909e-03
7.000000000000000000e+00 1.500000000000000000e+01 8.000000000000000000e+00 0.000000000000000000e+00 1.600000000000000089e+00 -3.543000000000000142e-03 -1.033300000000000017e-02 -9.999400000000000510e-01 -5.663859999999999451e-01 -8.240730000000000555e-01 1.052299999999999937e-02 -8.241330000000000044e-01 5.663890000000000313e-01 -2.932999999999999843e-03
1.100000000000000000e+01 1.500000000000000000e+01 8.000000000000000000e+00 0.000000000000000000e+00 1.600000000000000089e+00 -4.498000000000000262e-03 -9.315999999999999628e-03 -9.999460000000000015e-01 -5.655480000000000507e-01 -8.246520000000000516e-01 1.022699999999999998e-02 -8.247029999999999639e-01 5.655639999999999556e-01 -1.559999999999999972e-03
1.400000000000000000e+01 1.500000000000000000e+01 8.000000000000000000e+00 0.000000000000000000e+00 1.600000000000000089e+00 -7.599999999999999985e-03 -1.155100000000000050e-02 -9.999040000000000150e-01 -5.656400000000000317e-01 -8.245360000000000467e-01 1.382500000000000048e-02 -8.246170000000000444e-01 5.656910000000000549e-01 -2.669999999999999847e-04
1.800000000000000000e+01 1.500000000000000000e+01 8.000000000000000000e+00 0.000000000000000000e+00 1.600000000000000089e+00 -7.979999999999999247e-03 -1.845099999999999865e-02 -9.997979999999999645e-01 -5.680720000000000214e-01 -8.227430000000000021e-01 1.971799999999999942e-02 -8.229400000000000048e-01 5.681150000000000366e-01 -3.915000000000000077e-03
2.200000000000000000e+01 1.500000000000000000e+01 8.000000000000000000e+00 0.000000000000000000e+00 1.600000000000000089e+00 -7.540999999999999960e-03 -2.197899999999999854e-02 -9.997300000000000075e-01 -5.715820000000000345e-01 -8.202409999999999979e-01 2.234399999999999928e-02 -8.205099999999999616e-01 5.715959999999999930e-01 -6.376999999999999856e-03
2.500000000000000000e+01 1.500000000000000000e+01 8.000000000000000000e+00 0.000000000000000000e+00 1.600000000000000089e+00 -7.033000000000000189e-03 -2.142600000000000060e-02 -9.997460000000000235e-01 -5.749589999999999979e-01 -8.178980000000000139e-01 2.157299999999999843e-02 -8.181519999999999904e-01 5.749649999999999483e-01 -6.566999999999999921e-03
4.000000000000000000e+00 2.600000000000000000e+01 8.000000000000000000e+00 0.000000000000000000e+00 1.600000000000000089e+00 1.866000000000000037e-03 5.976999999999999674e-03 -9.999799999999999800e-01 4.249459999999999904e-01 9.051970000000000294e-01 6.204000000000000313e-03 9.052170000000000494e-01 -4.249490000000000212e-01 -8.509999999999999769e-04
1.100000000000000000e+01 2.600000000000000000e+01 8.000000000000000000e+00 0.000000000000000000e+00 1.600000000000000089e+00 1.905999999999999925e-03 8.281000000000000166e-03 -9.999639999999999640e-01 4.237199999999999855e-01 9.057549999999999768e-01 8.309000000000000413e-03 9.057910000000000128e-01 -4.237210000000000143e-01 -1.781999999999999947e-03
1.600000000000000000e+01 2.600000000000000000e+01 8.000000000000000000e+00 0.000000000000000000e+00 1.600000000000000089e+00 5.781999999999999813e-03 2.561199999999999935e-02 -9.996549999999999603e-01 4.206389999999999851e-01 9.068650000000000322e-01 2.566699999999999884e-02 9.072099999999999609e-01 -4.206420000000000159e-01 -5.530000000000000193e-03
1.900000000000000000e+01 2.600000000000000000e+01 8.000000000000000000e+00 0.000000000000000000e+00 1.600000000000000089e+00 6.945999999999999917e-03 2.131200000000000108e-02 -9.997489999999999988e-01 4.174390000000000045e-01 9.084320000000000173e-01 2.226600000000000107e-02 9.086779999999999857e-01 -4.174889999999999990e-01 -2.586999999999999890e-03
2.500000000000000000e+01 2.600000000000000000e+01 8.000000000000000000e+00 0.000000000000000000e+00 1.600000000000000089e+00 6.729999999999999871e-03 2.295499999999999971e-02 -9.997139999999999915e-01 4.125280000000000058e-01 9.106370000000000298e-01 2.368699999999999972e-02 9.109199999999999520e-01 -4.125699999999999923e-01 -3.340999999999999786e-03
5.000000000000000000e+00 1.400000000000000000e+01 9.000000000000000000e+00 0.000000000000000000e+00 1.600000000000000089e+00 -2.938000000000000073e-03 -5.786999999999999610e-03 -9.999789999999999512e-01 -5.607440000000000202e-01 -8.279640000000000333e-01 6.438000000000000146e-03 -8.279840000000000533e-01 5.607509999999999994e-01 -8.120000000000000048e-04
1.100000000000000000e+01 1.400000000000000000e+01 9.000000000000000000e+00 0.000000000000000000e+00 1.600000000000000089e+00 -5.107000000000000428e-03 -1.135199999999999924e-02 -9.999230000000000063e-01 -5.616090000000000249e-01 -8.273120000000000474e-01 1.226099999999999933e-02 -8.273869999999999836e-01 5.616280000000000161e-01 -2.150000000000000001e-03
2.600000000000000000e+01 2.400000000000000000e+01 9.000000000000000000e+00 0.000000000000000000e+00 1.600000000000000089e+00 7.382999999999999806e-03 2.478199999999999847e-02 -9.996660000000000545e-01 4.667580000000000062e-01 8.840219999999999745e-01 2.536300000000000013e-02 8.843539999999999734e-01 -4.667890000000000095e-01 -5.041000000000000342e-03
3.000000000000000000e+01 2.400000000000000000e+01 9.000000000000000000e+00 0.000000000000000000e+00 1.600000000000000089e+00 6.514999999999999958e-03 2.094199999999999881e-02 -9.997589999999999533e-01 4.641819999999999835e-01 8.854769999999999586e-01 2.157299999999999843e-02 8.857159999999999478e-01 -4.642109999999999848e-01 -3.951999999999999784e-03
1.500000000000000000e+01 3.100000000000000000e+01 1.200000000000000000e+01 0.000000000000000000e+00 1.600000000000000089e+00 1.641000000000000097e-03 2.004999999999999838e-03 9.999970000000000248e-01 -1.483300000000000070e-02 9.998879999999999990e-01 -1.981000000000000122e-03 -9.998890000000000278e-01 -1.482999999999999943e-02 1.670000000000000043e-03
2.100000000000000000e+01 3.100000000000000000e+01 1.200000000000000000e+01 0.000000000000000000e+00 1.600000000000000089e+00 1.030000000000000100e-03 1.374999999999999920e-03 9.999989999999999712e-01 -1.338499999999999933e-02 9.999090000000000478e-01 -1.361000000000000014e-03 -9.999099999999999655e-01 -1.338400000000000006e-02 1.048000000000000103e-03
2.800000000000000000e+01 3.100000000000000000e+01 1.200000000000000000e+01 0.000000000000000000e+00 1.600000000000000089e+00 1.103999999999999947e-03 5.797000000000000069e-03 9.999829999999999552e-01 -9.556000000000000258e-03 9.999379999999999935e-01 -5.786000000000000344e-03 -9.999540000000000095e-01 -9.549000000000000196e-03 1.159000000000000091e-03
7.000000000000000000e+00 1.200000000000000000e+01 1.500000000000000000e+01 0.000000000000000000e+00 1.600000000000000089e+00 -8.279999999999999600e-04 -5.131000000000000144e-03 -9.999869999999999592e-01 -4.652810000000000001e-01 -8.851489999999999636e-01 4.926999999999999956e-03 -8.851630000000000331e-01 4.652789999999999981e-01 -1.654000000000000088e-03
1.300000000000000000e+01 1.200000000000000000e+01 1.500000000000000000e+01 0.000000000000000000e+00 1.600000000000000089e+00 -4.044999999999999984e-03 -6.620000000000000016e-03 -9.999700000000000255e-01 -4.690309999999999757e-01 -8.831480000000000441e-01 7.742999999999999883e-03 -8.831719999999999571e-01 4.690480000000000205e-01 4.670000000000000214e-04
2.300000000000000000e+01 1.200000000000000000e+01 1.500000000000000000e+01 0.000000000000000000e+00 1.600000000000000089e+00 -4.270999999999999623e-03 -6.040000000000000230e-03 -9.999730000000000008e-01 -4.737450000000000272e-01 -8.806319999999999704e-01 7.342999999999999701e-03 -8.806519999999999904e-01 4.737629999999999897e-01 8.989999999999999511e-04
2.800000000000000000e+01 1.200000000000000000e+01 1.500000000000000000e+01 0.000000000000000000e+00 1.600000000000000089e+00 -1.948000000000000079e-03 -4.248000000000000040e-03 -9.999890000000000168e-01 -4.719929999999999959e-01 -8.815899999999999848e-01 4.664999999999999876e-03 -8.816000000000000503e-01 4.719969999999999999e-01 -2.880000000000000073e-04
5.000000000000000000e+00 2.000000000000000000e+00 1.900000000000000000e+01 0.000000000000000000e+00 1.600000000000000089e+00 -3.289999999999999739e-04 -3.869999999999999742e-04 -1.000000000000000000e+00 1.369579999999999964e-01 -9.905770000000000408e-01 3.390000000000000001e-04 -9.905770000000000408e-01 -1.369579999999999964e-01 3.780000000000000265e-04
7.000000000000000000e+00 2.000000000000000000e+00 1.900000000000000000e+01 0.000000000000000000e+00 1.600000000000000089e+00 -6.449999999999999570e-04 -1.660000000000000017e-03 -9.999980000000000535e-01 1.414759999999999907e-01 -9.899400000000000421e-01 1.551999999999999994e-03 -9.899409999999999599e-01 -1.414749999999999897e-01 8.739999999999999939e-04
1.000000000000000000e+01 2.000000000000000000e+00 1.900000000000000000e+01 0.000000000000000000e+00 1.600000000000000089e+00 -1.415000000000000025e-03 -1.183000000000000024e-03 -9.999980000000000535e-01 1.458359999999999934e-01 -9.893079999999999652e-01 9.640000000000000131e-04 -9.893079999999999652e-01 -1.458339999999999914e-01 1.572000000000000047e-03
2.000000000000000000e+01 2.000000000000000000e+00 1.900000000000000000e+01 0.000000000000000000e+00 1.600000000000000089e+00 2.286999999999999970e-03 -3.569999999999999823e-03 -9.999909999999999632e-01 1.546269999999999867e-01 -9.879649999999999821e-01 3.880999999999999901e-03 -9.879700000000000149e-01 -1.546349999999999947e-01 -1.706999999999999967e-03
2.400000000000000000e+01 2.000000000000000000e+00 1.900000000000000000e+01 0.000000000000000000e+00 1.600000000000000089e+00 2.942000000000000171e-03 -1.200700000000000031e-02 -9.999240000000000350e-01 1.605890000000000095e-01 -9.869440000000000435e-01 1.232399999999999989e-02 -9.870170000000000332e-01 -1.606130000000000058e-01 -9.749999999999999552e-04
2.700000000000000000e+01 2.000000000000000000e+00 1.900000000000000000e+01 0.000000000000000000e+00 1.600000000000000089e+00 3.043000000000000132e-03 -5.422999999999999869e-03 -9.999810000000000088e-01 1.634319999999999939e-01 -9.865369999999999973e-01 5.847999999999999900e-03 -9.865500000000000380e-01 -1.634470000000000089e-01 -2.115999999999999825e-03
2.700000000000000000e+01 4.000000000000000000e+00 2.000000000000000000e+01 0.000000000000000000e+00 1.600000000000000089e+00 4.264000000000000429e-03 -6.310999999999999770e-03 -9.999710000000000543e-01 2.548099999999999810e-01 -9.669640000000000457e-01 7.190000000000000210e-03 -9.669820000000000082e-01 -2.548329999999999762e-01 -2.514999999999999875e-03
2.000000000000000000e+00 1.300000000000000000e+01 2.000000000000000000e+01 0.000000000000000000e+00 1.600000000000000089e+00 -1.273999999999999959e-03 -5.250999999999999591e-03 9.999850000000000128e-01 2.518420000000000103e-01 9.677529999999999744e-01 5.402999999999999817e-03 -9.677670000000000439e-01 2.518460000000000143e-01 8.899999999999999491e-05
8.000000000000000000e+00 1.300000000000000000e+01 2.000000000000000000e+01 0.000000000000000000e+00 1.600000000000000089e+00 4.479999999999999933e-04 -1.340999999999999961e-03 9.999989999999999712e-01 2.518650000000000055e-01 9.677620000000000111e-01 1.185000000000000072e-03 -9.677620000000000111e-01 2.518650000000000055e-01 7.709999999999999840e-04
1.400000000000000000e+01 1.300000000000000000e+01 2.000000000000000000e+01 0.000000000000000000e+00 1.600000000000000089e+00 1.142999999999999919e-03 5.124000000000000082e-03 9.999860000000000415e-01 2.531180000000000097e-01 9.674209999999999754e-01 -5.245999999999999795e-03 -9.674350000000000449e-01 2.531209999999999849e-01 -1.910000000000000077e-04
2.000000000000000000e+01 1.300000000000000000e+01 2.000000000000000000e+01 0.000000000000000000e+00 1.600000000000000089e+00 2.699999999999999899e-05 3.602000000000000167e-03 9.999940000000000495e-01 2.521510000000000140e-01 9.676820000000000421e-01 -3.493000000000000011e-03 -9.676879999999999926e-01 2.521490000000000120e-01 -8.819999999999999715e-04
2.700000000000000000e+01 1.300000000000000000e+01 2.000000000000000000e+01 0.000000000000000000e+00 1.600000000000000089e+00 -7.720000000000000083e-04 1.309000000000000051e-03 9.999989999999999712e-01 2.552849999999999842e-01 9.668649999999999745e-01 -1.069000000000000072e-03 -9.668660000000000032e-01 2.552840000000000109e-01 -1.080000000000000014e-03
5.000000000000000000e+00 1.600000000000000000e+01 2.100000000000000000e+01 0.000000000000000000e+00 1.600000000000000089e+00 -3.510000000000000208e-04 -5.491000000000000221e-03 9.999850000000000128e-01 2.995650000000000257e-01 9.540610000000000479e-01 5.343999999999999792e-03 -9.540760000000000352e-01 2.995630000000000237e-01 1.309999999999999967e-03
2.000000000000000000e+01 1.600000000000000000e+01 2.100000000000000000e+01 0.000000000000000000e+00 1.600000000000000089e+00 -5.789999999999999791e-04 -1.126999999999999964e-03 9.999989999999999712e-01 2.979430000000000134e-01 9.545829999999999593e-01 1.247999999999999977e-03 -9.545829999999999593e-01 2.979439999999999866e-01 -2.169999999999999891e-04
9.000000000000000000e+00 4.600000000000000000e+01 2.700000000000000000e+01 0.000000000000000000e+00 1.600000000000000089e+00 1.804000000000000048e-03 4.949999999999999973e-04 -9.999980000000000535e-01 6.654679999999999485e-01 7.464250000000000052e-01 1.569999999999999998e-03 7.464239999999999764e-01 -6.654689999999999772e-01 1.016999999999999892e-03
1.600000000000000000e+01 4.600000000000000000e+01 2.700000000000000000e+01 0.000000000000000000e+00 1.600000000000000089e+00 1.226000000000000093e-03 2.150000000000000001e-03 -9.999970000000000248e-01 6.776269999999999794e-01 7.354020000000000001e-01 2.412000000000000081e-03 7.354039999999999466e-01 -6.776280000000000081e-01 -5.559999999999999621e-04
2.000000000000000000e+01 4.600000000000000000e+01 2.700000000000000000e+01 0.000000000000000000e+00 1.600000000000000089e+00 1.905000000000000009e-03 1.309000000000000051e-03 -9.999970000000000248e-01 6.852190000000000225e-01 7.283340000000000369e-01 2.259000000000000157e-03 7.283349999999999547e-01 -6.852209999999999690e-01 4.899999999999999842e-04
2.300000000000000000e+01 4.600000000000000000e+01 2.700000000000000000e+01 0.000000000000000000e+00 1.600000000000000089e+00 1.773000000000000053e-03 3.009999999999999980e-04 -9.999980000000000535e-01 6.846149999999999736e-01 7.289029999999999676e-01 1.433000000000000029e-03 7.289029999999999676e-01 -6.846170000000000311e-01 1.085999999999999943e-03
1.000000000000000000e+00 4.600000000000000000e+01 3.000000000000000000e+01 0.000000000000000000e+00 1.600000000000000089e+00 -1.526999999999999929e-03 -1.204999999999999908e-03 -9.999980000000000535e-01 3.215999999999999970e-01 9.468739999999999934e-01 -1.631999999999999987e-03 9.468739999999999934e-01 -3.216019999999999990e-01 -1.057999999999999913e-03
1.100000000000000000e+01 4.600000000000000000e+01 3.000000000000000000e+01 0.000000000000000000e+00 1.600000000000000089e+00 8.030000000000000028e-04 1.190000000000000058e-04 -1.000000000000000000e+00 3.241049999999999764e-01 9.460210000000000008e-01 3.730000000000000134e-04 9.460210000000000008e-01 -3.241049999999999764e-01 7.209999999999999612e-04
1.500000000000000000e+01 4.600000000000000000e+01 3.000000000000000000e+01 0.000000000000000000e+00 1.600000000000000089e+00 -6.030000000000000204e-04 6.589999999999999721e-04 -1.000000000000000000e+00 3.314810000000000256e-01 9.434620000000000228e-01 4.220000000000000118e-04 9.434620000000000228e-01 -3.314810000000000256e-01 -7.870000000000000476e-04
2.200000000000000000e+01 4.600000000000000000e+01 3.000000000000000000e+01 0.000000000000000000e+00 1.600000000000000089e+00 1.737999999999999962e-03 1.574000000000000095e-03 -9.999970000000000248e-01 3.372680000000000122e-01 9.414059999999999651e-01 2.067999999999999960e-03 9.414069999999999938e-01 -3.372709999999999875e-01 1.105000000000000079e-03
2.600000000000000000e+01 4.600000000000000000e+01 3.000000000000000000e+01 0.000000000000000000e+00 1.600000000000000089e+00 -2.020000000000000040e-04 6.099999999999999872e-05 -1.000000000000000000e+00 3.340879999999999961e-01 9.425419999999999909e-01 -1.000000000000000082e-05 9.425419999999999909e-01 -3.340879999999999961e-01 -2.110000000000000059e-04
1.000000000000000000e+00 5.800000000000000000e+01 3.100000000000000000e+01 0.000000000000000000e+00 1.600000000000000089e+00 -3.670000000000000085e-03 -1.574000000000000095e-03 9.999919999999999920e-01 -7.696359999999999868e-01 -6.384710000000000107e-01 -3.828999999999999938e-03 6.384720000000000395e-01 -7.696439999999999948e-01 1.131999999999999977e-03
4.000000000000000000e+00 5.800000000000000000e+01 3.100000000000000000e+01 0.000000000000000000e+00 1.600000000000000089e+00 -5.467999999999999770e-03 -3.501999999999999905e-03 9.999789999999999512e-01 -7.677929999999999477e-01 -6.406650000000000400e-01 -6.441999999999999810e-03 6.406739999999999657e-01 -7.678120000000000500e-01 8.149999999999999693e-04
8.000000000000000000e+00 5.800000000000000000e+01 3.100000000000000000e+01 0.000000000000000000e+00 1.600000000000000089e+00 -4.576000000000000206e-03 -5.398000000000000020e-03 9.999749999999999472e-01 -7.713299999999999601e-01 -6.363969999999999905e-01 -6.964999999999999837e-03 6.364189999999999570e-01 -7.713419999999999721e-01 -1.250999999999999942e-03
1.100000000000000000e+01 5.800000000000000000e+01 3.100000000000000000e+01 0.000000000000000000e+00 1.600000000000000089e+00 -2.226000000000000114e-03 -5.091000000000000039e-03 9.999850000000000128e-01 -7.726950000000000207e-01 -6.347580000000000444e-01 -4.951999999999999805e-03 6.347730000000000317e-01 -7.726939999999999920e-01 -2.520999999999999804e-03
1.900000000000000000e+01 5.800000000000000000e+01 3.100000000000000000e+01 0.000000000000000000e+00 1.600000000000000089e+00 -2.467000000000000009e-03 -5.320000000000000293e-04 9.999970000000000248e-01 -7.780679999999999819e-01 -6.281759999999999566e-01 -2.252999999999999794e-03 6.281750000000000389e-01 -7.780709999999999571e-01 1.136000000000000074e-03
2.500000000000000000e+01 5.800000000000000000e+01 3.100000000000000000e+01 0.000000000000000000e+00 1.600000000000000089e+00 -1.005000000000000034e-03 1.502999999999999996e-03 9.999980000000000535e-01 -7.839779999999999527e-01 -6.207880000000000065e-01 1.450000000000000009e-04 6.207869999999999777e-01 -7.839770000000000350e-01 1.801999999999999999e-03
3.000000000000000000e+01 5.800000000000000000e+01 3.100000000000000000e+01 0.000000000000000000e+00 1.600000000000000089e+00 -3.171000000000000207e-03 -7.939999999999999142e-03 9.999630000000000463e-01 -7.846379999999999466e-01 -6.199099999999999611e-01 -7.411000000000000053e-03 6.199459999999999971e-01 -7.846330000000000249e-01 -4.264000000000000429e-03
4.000000000000000000e+00 6.000000000000000000e+00 3.200000000000000000e+01 0.000000000000000000e+00 1.600000000000000089e+00 1.618000000000000081e-03 2.701999999999999975e-03 -9.999949999999999672e-01 2.265939999999999899e-01 9.739849999999999897e-01 2.997999999999999797e-03 9.739879999999999649e-01 -2.265979999999999939e-01 9.640000000000000131e-04
1.400000000000000000e+01 6.000000000000000000e+00 3.200000000000000000e+01 0.000000000000000000e+00 1.600000000000000089e+00 -3.150000000000000131e-04 3.911999999999999679e-03 -9.999919999999999920e-01 1.996729999999999894e-01 9.798550000000000315e-01 3.771000000000000046e-03 9.798630000000000395e-01 -1.996699999999999864e-01 -1.090000000000000040e-03
1.000000000000000000e+00 4.600000000000000000e+01 3.500000000000000000e+01 0.000000000000000000e+00 1.600000000000000089e+00 -7.600000000000000418e-05 8.249999999999999955e-04 -1.000000000000000000e+00 3.841840000000000255e-01 -9.232559999999999656e-01 -7.910000000000000364e-04 -9.232559999999999656e-01 -3.841840000000000255e-01 -2.469999999999999865e-04
6.000000000000000000e+00 4.600000000000000000e+01 3.500000000000000000e+01 0.000000000000000000e+00 1.600000000000000089e+00 -8.339999999999999974e-04 1.224000000000000045e-03 -9.999989999999999712e-01 3.853539999999999743e-01 -9.227680000000000327e-01 -1.449999999999999900e-03 -9.227680000000000327e-01 -3.853550000000000031e-01 2.979999999999999793e-04
9.000000000000000000e+00 4.600000000000000000e+01 3.500000000000000000e+01 0.000000000000000000e+00 1.600000000000000089e+00 6.049999999999999606e-04 -2.115000000000000126e-03 -9.999980000000000535e-01 3.869179999999999842e-01 -9.221110000000000140e-01 2.184000000000000177e-03 -9.221139999999999892e-01 -3.869190000000000129e-01 2.599999999999999772e-04
1.600000000000000000e+01 4.600000000000000000e+01 3.500000000000000000e+01 0.000000000000000000e+00 1.600000000000000089e+00 -1.810000000000000085e-04 5.141999999999999869e-03 -9.999869999999999592e-01 3.875549999999999828e-01 -9.218340000000000423e-01 -4.810000000000000039e-03 -9.218469999999999720e-01 -3.875509999999999788e-01 -1.825999999999999932e-03
2.100000000000000000e+01 4.600000000000000000e+01 3.500000000000000000e+01 0.000000000000000000e+00 1.600000000000000089e+00 -6.790000000000000245e-04 -6.220000000000000485e-04 -1.000000000000000000e+00 3.876749999999999918e-01 -9.217959999999999487e-01 3.099999999999999999e-04 -9.217959999999999487e-01 -3.876749999999999918e-01 8.670000000000000406e-04
2.600000000000000000e+01 4.600000000000000000e+01 3.500000000000000000e+01 0.000000000000000000e+00 1.600000000000000089e+00 3.000000000000000076e-06 -2.919999999999999961e-04 -1.000000000000000000e+00 3.873530000000000029e-01 -9.219309999999999450e-01 2.700000000000000035e-04 -9.219309999999999450e-01 -3.873530000000000029e-01 1.100000000000000039e-04
2.000000000000000000e+00 9.500000000000000000e+01 3.600000000000000000e+01 0.000000000000000000e+00 1.600000000000000089e+00 4.486000000000000404e-03 8.569999999999999493e-03 9.999529999999999808e-01 9.964190000000000547e-01 8.439399999999999680e-02 -5.192999999999999700e-03 -8.443399999999999517e-02 9.963959999999999484e-01 -8.160000000000000586e-03
6.000000000000000000e+00 9.500000000000000000e+01 3.600000000000000000e+01 0.000000000000000000e+00 1.600000000000000089e+00 3.009999999999999980e-04 -7.084000000000000019e-03 9.999749999999999472e-01 9.961780000000000079e-01 8.734999999999999709e-02 3.190000000000000019e-04 -8.734999999999999709e-02 9.961520000000000374e-01 7.082999999999999886e-03
1.300000000000000000e+01 9.500000000000000000e+01 3.600000000000000000e+01 0.000000000000000000e+00 1.600000000000000089e+00 6.206999999999999844e-03 1.001600000000000060e-02 9.999310000000000143e-01 9.965509999999999646e-01 8.268100000000000449e-02 -7.015000000000000402e-03 -8.274600000000000011e-02 9.965260000000000229e-01 -9.468000000000000721e-03
1.600000000000000000e+01 9.500000000000000000e+01 3.600000000000000000e+01 0.000000000000000000e+00 1.600000000000000089e+00 3.556999999999999832e-03 2.776999999999999955e-03 9.999900000000000455e-01 9.961170000000000302e-01 8.795699999999999352e-02 -3.787000000000000002e-03 -8.796700000000000352e-02 9.961200000000000054e-01 -2.452999999999999885e-03
2.100000000000000000e+01 9.500000000000000000e+01 3.600000000000000000e+01 0.000000000000000000e+00 1.600000000000000089e+00 -2.491999999999999858e-03 -4.974000000000000123e-03 9.999850000000000128e-01 9.960550000000000237e-01 8.869199999999999307e-02 2.922999999999999817e-03 -8.870500000000000607e-02 9.960470000000000157e-01 4.734000000000000360e-03
2.900000000000000000e+01 9.500000000000000000e+01 3.600000000000000000e+01 0.000000000000000000e+00 1.600000000000000089e+00 -1.596999999999999895e-03 1.024500000000000063e-02 9.999460000000000015e-01 9.963419999999999499e-01 8.544899999999999718e-02 7.159999999999999481e-04 -8.543699999999999906e-02 9.962900000000000089e-01 -1.034400000000000076e-02
8.000000000000000000e+00 3.000000000000000000e+00 4.300000000000000000e+01 0.000000000000000000e+00 1.600000000000000089e+00 2.120000000000000031e-04 1.147899999999999962e-02 -9.999339999999999895e-01 7.372239999999999904e-01 -6.756050000000000111e-01 -7.598999999999999852e-03 -6.756480000000000263e-01 -7.371739999999999959e-01 -8.606000000000000802e-03
1.500000000000000000e+01 3.000000000000000000e+00 4.300000000000000000e+01 0.000000000000000000e+00 1.600000000000000089e+00 3.880999999999999901e-03 1.363999999999999935e-02 -9.998989999999999823e-01 7.298350000000000115e-01 -6.835919999999999774e-01 -6.492999999999999640e-03 -6.836119999999999974e-01 -7.297360000000000513e-01 -1.260799999999999942e-02
1.800000000000000000e+01 3.000000000000000000e+00 4.300000000000000000e+01 0.000000000000000000e+00 1.600000000000000089e+00 -1.858000000000000059e-03 -7.440000000000000432e-03 -9.999710000000000543e-01 7.302939999999999987e-01 -6.831230000000000357e-01 3.726000000000000145e-03 -6.831300000000000150e-01 -7.302659999999999707e-01 6.702999999999999757e-03
8.000000000000000000e+00 8.000000000000000000e+00 4.400000000000000000e+01 0.000000000000000000e+00 1.600000000000000089e+00 8.909999999999999734e-04 4.747000000000000351e-03 9.999879999999999880e-01 -7.683999999999999719e-01 -6.399589999999999446e-01 3.723000000000000181e-03 6.399700000000000388e-01 -7.683940000000000214e-01 3.076999999999999874e-03
2.000000000000000000e+01 8.000000000000000000e+00 4.400000000000000000e+01 0.000000000000000000e+00 1.600000000000000089e+00 2.488000000000000194e-03 -2.790000000000000054e-04 9.999970000000000248e-01 -7.779730000000000256e-01 -6.282950000000000479e-01 1.760000000000000063e-03 6.282929999999999904e-01 -7.779749999999999721e-01 -1.779999999999999898e-03
3.000000000000000000e+00 2.900000000000000000e+01 4.400000000000000000e+01 0.000000000000000000e+00 1.600000000000000089e+00 -1.250999999999999942e-03 -8.259000000000000716e-03 -9.999649999999999928e-01 6.582689999999999930e-01 7.527500000000000302e-01 -7.041000000000000383e-03 7.527810000000000334e-01 -6.582550000000000345e-01 4.493999999999999731e-03
7.000000000000000000e+00 2.900000000000000000e+01 4.400000000000000000e+01 0.000000000000000000e+00 1.600000000000000089e+00 -6.999999999999999387e-05 -4.862000000000000002e-03 -9.999879999999999880e-01 6.594780000000000086e-01 7.517150000000000221e-01 -3.700999999999999863e-03 7.517239999999999478e-01 -6.594700000000000006e-01 3.154000000000000119e-03
1.700000000000000000e+01 2.900000000000000000e+01 4.400000000000000000e+01 0.000000000000000000e+00 1.600000000000000089e+00 3.861999999999999982e-03 3.572000000000000088e-03 -9.999860000000000415e-01 6.714409999999999545e-01 7.410390000000000033e-01 5.239999999999999866e-03 7.410480000000000400e-01 -6.714520000000000488e-01 4.629999999999999784e-04
2.300000000000000000e+01 2.900000000000000000e+01 4.400000000000000000e+01 0.000000000000000000e+00 1.600000000000000089e+00 8.180000000000000422e-04 5.398000000000000020e-03 -9.999850000000000128e-01 6.758939999999999948e-01 7.369850000000000012e-01 4.531000000000000305e-03 7.369980000000000420e-01 -6.758880000000000443e-01 -3.046000000000000096e-03
2.900000000000000000e+01 2.900000000000000000e+01 4.400000000000000000e+01 0.000000000000000000e+00 1.600000000000000089e+00 -1.747999999999999988e-03 -7.399999999999999623e-05 -9.999989999999999712e-01 6.800850000000000506e-01 7.331320000000000059e-01 -1.242999999999999964e-03 7.331309999999999771e-01 -6.800859999999999683e-01 -1.231000000000000106e-03
2.000000000000000000e+01 6.500000000000000000e+01 4.600000000000000000e+01 0.000000000000000000e+00 1.600000000000000089e+00 -2.407999999999999984e-03 1.788000000000000093e-03 9.999959999999999960e-01 6.843069999999999986e-01 -7.291879999999999473e-01 2.952000000000000197e-03 7.291900000000000048e-01 6.843110000000000026e-01 5.320000000000000293e-04
1.100000000000000000e+01 5.000000000000000000e+00 5.100000000000000000e+01 0.000000000000000000e+00 1.600000000000000089e+00 4.049999999999999781e-04 6.956999999999999643e-03 -9.999759999999999760e-01 4.735369999999999857e-01 -8.807540000000000369e-01 -5.936000000000000304e-03 -8.807739999999999458e-01 -4.735230000000000272e-01 -3.651999999999999864e-03
2.100000000000000000e+01 5.000000000000000000e+00 5.100000000000000000e+01 0.000000000000000000e+00 1.600000000000000089e+00 -2.171999999999999886e-03 8.838999999999999635e-03 -9.999590000000000423e-01 4.771730000000000138e-01 -8.787650000000000183e-01 -8.803999999999999326e-03 -8.788059999999999761e-01 -4.771730000000000138e-01 -2.308999999999999855e-03
6.000000000000000000e+00 6.300000000000000000e+01 5.400000000000000000e+01 0.000000000000000000e+00 1.600000000000000089e+00 -1.541000000000000052e-03 -2.595000000000000084e-03 9.999949999999999672e-01 -3.531869999999999732e-01 9.355510000000000215e-01 1.884000000000000041e-03 -9.355510000000000215e-01 -3.531830000000000247e-01 -2.357999999999999853e-03
1.100000000000000000e+01 6.300000000000000000e+01 5.400000000000000000e+01 0.000000000000000000e+00 1.600000000000000089e+00 -2.829999999999999942e-04 5.500000000000000196e-05 1.000000000000000000e+00 -3.524269999999999903e-01 9.358389999999999764e-01 -1.510000000000000112e-04 -9.358389999999999764e-01 -3.524269999999999903e-01 -2.449999999999999921e-04
1.500000000000000000e+01 6.300000000000000000e+01 5.400000000000000000e+01 0.000000000000000000e+00 1.600000000000000089e+00 -7.010000000000000172e-04 1.026000000000000002e-03 9.999989999999999712e-01 -3.516589999999999994e-01 9.361270000000000424e-01 -1.206999999999999957e-03 -9.361279999999999601e-01 -3.516599999999999726e-01 -2.950000000000000148e-04
2.000000000000000000e+01 6.300000000000000000e+01 5.400000000000000000e+01 0.000000000000000000e+00 1.600000000000000089e+00 2.359999999999999902e-04 -1.567999999999999949e-03 9.999989999999999712e-01 -3.490800000000000014e-01 9.370920000000000361e-01 1.551999999999999994e-03 -9.370929999999999538e-01 -3.490800000000000014e-01 -3.260000000000000094e-04
2.600000000000000000e+01 6.300000000000000000e+01 5.400000000000000000e+01 0.000000000000000000e+00 1.600000000000000089e+00 1.650999999999999907e-03 -1.469999999999999953e-03 9.999980000000000535e-01 -3.449479999999999769e-01 9.386200000000000099e-01 1.949999999999999910e-03 -9.386200000000000099e-01 -3.449499999999999789e-01 1.043000000000000090e-03
3.000000000000000000e+01 6.300000000000000000e+01 5.400000000000000000e+01 0.000000000000000000e+00 1.600000000000000089e+00 -2.276999999999999944e-03 -1.649999999999999991e-04 9.999970000000000248e-01 -3.456899999999999973e-01 9.383479999999999599e-01 -6.329999999999999906e-04 -9.383460000000000134e-01 -3.456910000000000260e-01 -2.194000000000000204e-03
2.000000000000000000e+00 2.500000000000000000e+01 5.500000000000000000e+01 0.000000000000000000e+00 1.600000000000000089e+00 -9.280000000000000054e-04 4.560999999999999950e-03 -9.999890000000000168e-01 -8.836999999999999370e-03 -9.999510000000000343e-01 -4.551999999999999623e-03 -9.999609999999999888e-01 8.831999999999999573e-03 9.680000000000000019e-04
9.000000000000000000e+00 2.500000000000000000e+01 5.500000000000000000e+01 0.000000000000000000e+00 1.600000000000000089e+00 -3.530000000000000152e-04 -4.000000000000000083e-03 -9.999919999999999920e-01 -1.111099999999999935e-02 -9.999299999999999855e-01 4.003999999999999747e-03 -9.999379999999999935e-01 1.111200000000000035e-02 3.080000000000000055e-04
1.300000000000000000e+01 2.500000000000000000e+01 5.500000000000000000e+01 0.000000000000000000e+00 1.600000000000000089e+00 -4.000000000000000192e-04 3.784000000000000037e-03 -9.999930000000000208e-01 -1.198100000000000033e-02 -9.999209999999999487e-01 -3.778999999999999807e-03 -9.999280000000000390e-01 1.197900000000000006e-02 4.449999999999999746e-04
1.600000000000000000e+01 2.500000000000000000e+01 5.500000000000000000e+01 0.000000000000000000e+00 1.600000000000000089e+00 -3.759999999999999779e-04 3.246999999999999886e-03 -9.999949999999999672e-01 -1.213499999999999995e-02 -9.999209999999999487e-01 -3.242000000000000090e-03 -9.999259999999999815e-01 1.213400000000000069e-02 4.150000000000000043e-04
2.200000000000000000e+01 2.500000000000000000e+01 5.500000000000000000e+01 0.000000000000000000e+00 1.600000000000000089e+00 1.415000000000000025e-03 -4.399999999999999886e-05 -9.999989999999999712e-01 -1.081499999999999996e-02 -9.999419999999999975e-01 2.900000000000000017e-05 -9.999409999999999688e-01 1.081499999999999996e-02 -1.415999999999999941e-03
2.900000000000000000e+01 2.500000000000000000e+01 5.500000000000000000e+01 0.000000000000000000e+00 1.600000000000000089e+00 -1.699999999999999987e-05 -2.341000000000000199e-03 -9.999970000000000248e-01 -9.743999999999999190e-03 -9.999500000000000055e-01 2.341000000000000199e-03 -9.999529999999999808e-01 9.743999999999999190e-03 -6.000000000000000152e-06
2.300000000000000000e+01 5.800000000000000000e+01 5.900000000000000000e+01 0.000000000000000000e+00 1.600000000000000089e+00 1.020999999999999989e-03 4.899999999999999842e-04 -9.999989999999999712e-01 3.878469999999999973e-01 9.217229999999999590e-01 8.469999999999999881e-04 9.217229999999999590e-01 -3.878480000000000261e-01 7.510000000000000399e-04
1.900000000000000000e+01 7.000000000000000000e+00 6.000000000000000000e+01 0.000000000000000000e+00 1.600000000000000089e+00 -3.870999999999999875e-03 3.442000000000000181e-03 9.999869999999999592e-01 5.659560000000000146e-01 -8.244200000000000417e-01 5.028999999999999616e-03 8.244270000000000209e-01 5.659680000000000266e-01 1.242999999999999964e-03
2.000000000000000000e+00 2.100000000000000000e+01 6.000000000000000000e+01 0.000000000000000000e+00 1.600000000000000089e+00 4.199999999999999768e-05 -3.683000000000000076e-03 9.999930000000000208e-01 -9.647300000000000320e-02 9.953290000000000193e-01 3.670000000000000085e-03 -9.953359999999999985e-01 -9.647300000000000320e-02 -3.139999999999999888e-04
1.800000000000000000e+01 2.100000000000000000e+01 6.000000000000000000e+01 0.000000000000000000e+00 1.600000000000000089e+00 -1.918000000000000000e-03 -1.477700000000000020e-02 9.998890000000000278e-01 -9.442300000000000693e-02 9.954260000000000330e-01 1.452900000000000025e-02 -9.955300000000000260e-01 -9.438499999999999668e-02 -3.304000000000000079e-03
2.400000000000000000e+01 2.100000000000000000e+01 6.000000000000000000e+01 0.000000000000000000e+00 1.600000000000000089e+00 4.090000000000000211e-04 6.558999999999999726e-03 9.999780000000000335e-01 -9.512099999999999722e-02 9.954450000000000243e-01 -6.490000000000000109e-03 -9.954659999999999620e-01 -9.511600000000000610e-02 1.031000000000000015e-03
2.900000000000000000e+01 2.100000000000000000e+01 6.000000000000000000e+01 0.000000000000000000e+00 1.600000000000000089e+00 2.820000000000000241e-04 -5.389999999999999826e-04 1.000000000000000000e+00 -9.658999999999999531e-02 9.953239999999999865e-01 5.640000000000000482e-04 -9.953239999999999865e-01 -9.658999999999999531e-02 2.280000000000000126e-04
7.000000000000000000e+00 4.000000000000000000e+00 6.200000000000000000e+01 0.000000000000000000e+00 1.600000000000000089e+00 -2.700000000000000035e-04 8.129000000000000808e-03 9.999670000000000503e-01 -6.167780000000000484e-01 7.871089999999999476e-01 -6.564999999999999655e-03 -7.871369999999999756e-01 -6.167599999999999749e-01 4.800999999999999712e-03
2.000000000000000000e+00 2.700000000000000000e+01 6.300000000000000000e+01 0.000000000000000000e+00 1.600000000000000089e+00 3.452999999999999906e-03 -3.080000000000000055e-04 9.999940000000000495e-01 -2.699170000000000180e-01 9.628830000000000444e-01 1.229000000000000058e-03 -9.628780000000000117e-01 -2.699190000000000200e-01 3.242000000000000090e-03
8.000000000000000000e+00 2.700000000000000000e+01 6.300000000000000000e+01 0.000000000000000000e+00 1.600000000000000089e+00 1.783000000000000080e-03 -8.063000000000000722e-03 9.999660000000000215e-01 -2.766710000000000003e-01 9.609290000000000331e-01 8.241999999999999327e-03 -9.609630000000000116e-01 -2.766759999999999775e-01 -5.180000000000000143e-04
1.300000000000000000e+01 2.700000000000000000e+01 6.300000000000000000e+01 0.000000000000000000e+00 1.600000000000000089e+00 -1.090000000000000067e-04 1.987000000000000051e-03 9.999980000000000535e-01 -2.748570000000000180e-01 9.614829999999999766e-01 -1.940000000000000101e-03 -9.614850000000000341e-01 -2.748570000000000180e-01 4.409999999999999858e-04
1.900000000000000000e+01 2.700000000000000000e+01 6.300000000000000000e+01 0.000000000000000000e+00 1.600000000000000089e+00 -1.273000000000000043e-03 -8.238000000000000531e-03 9.999649999999999928e-01 -2.717849999999999988e-01 9.623279999999999612e-01 7.582000000000000198e-03 -9.623570000000000180e-01 -2.717660000000000076e-01 -3.464000000000000065e-03
2.300000000000000000e+01 2.700000000000000000e+01 6.300000000000000000e+01 0.000000000000000000e+00 1.600000000000000089e+00 5.199999999999999680e-05 -8.184999999999999568e-03 9.999670000000000503e-01 -2.711939999999999906e-01 9.624920000000000142e-01 7.893000000000000710e-03 -9.625249999999999639e-01 -2.711859999999999826e-01 -2.170000000000000054e-03
2.700000000000000000e+01 2.700000000000000000e+01 6.300000000000000000e+01 0.000000000000000000e+00 1.600000000000000089e+00 -8.940000000000000464e-04 -3.393000000000000183e-03 9.999940000000000495e-01 -2.728070000000000217e-01 9.620640000000000303e-01 3.020000000000000115e-03 -9.620680000000000343e-01 -2.728019999999999889e-01 -1.786000000000000044e-03
2.000000000000000000e+00 2.600000000000000000e+01 6.400000000000000000e+01 0.000000000000000000e+00 1.600000000000000089e+00 3.667999999999999820e-03 -3.661999999999999891e-03 9.999869999999999592e-01 -3.392709999999999892e-01 9.406769999999999854e-01 4.688999999999999592e-03 -9.406820000000000181e-01 -3.392830000000000013e-01 2.207999999999999893e-03
