2.500000000000000000e+01 1.500000000000000000e+01 4.000000000000000000e+00 0.000000000000000000e+00 1.600000000000000089e+00 3.346000000000000016e-03 7.707000000000000309e-03 9.999649999999999928e-01 2.698909999999999920e-01 -9.628689999999999749e-01 6.518000000000000356e-03 9.628849999999999909e-01 2.698590000000000155e-01 -5.302000000000000289e-03
2.900000000000000000e+01 1.500000000000000000e+01 4.000000000000000000e+00 0.000000000000000000e+00 1.600000000000000089e+00 2.216000000000000088e-03 1.165399999999999943e-02 9.999299999999999855e-01 2.741009999999999835e-01 -9.616430000000000256e-01 1.060000000000000005e-02 9.616980000000000528e-01 2.740580000000000238e-01 -5.326000000000000005e-03
5.000000000000000000e+00 1.600000000000000000e+01 4.000000000000000000e+00 0.000000000000000000e+00 1.600000000000000089e+00 3.310000000000000008e-03 -1.318800000000000007e-02 9.999080000000000190e-01 3.145499999999999963e-01 -9.491439999999999877e-01 -1.355999999999999914e-02 9.492350000000000509e-01 3.145660000000000123e-01 1.005999999999999950e-03
8.000000000000000000e+00 1.600000000000000000e+01 4.000000000000000000e+00 0.000000000000000000e+00 1.600000000000000089e+00 2.585000000000000058e-03 -1.938899999999999998e-02 9.998089999999999478e-01 3.147360000000000158e-01 -9.489849999999999675e-01 -1.921700000000000144e-02 9.491760000000000197e-01 3.147249999999999770e-01 3.648999999999999900e-03
1.300000000000000000e+01 1.600000000000000000e+01 4.000000000000000000e+00 0.000000000000000000e+00 1.600000000000000089e+00 3.003000000000000027e-03 -2.052000000000000005e-02 9.997850000000000348e-01 3.214969999999999772e-01 -9.466909999999999492e-01 -2.039600000000000093e-02 9.469060000000000255e-01 3.214890000000000247e-01 3.753999999999999958e-03
2.300000000000000000e+01 1.600000000000000000e+01 4.000000000000000000e+00 0.000000000000000000e+00 1.600000000000000089e+00 2.988000000000000204e-03 -6.780000000000000002e-04 9.999949999999999672e-01 3.294690000000000119e-01 -9.441650000000000320e-01 -1.624000000000000010e-03 9.441610000000000280e-01 3.294730000000000159e-01 -2.598000000000000049e-03
1.900000000000000000e+01 1.010000000000000000e+02 7.000000000000000000e+00 0.000000000000000000e+00 1.600000000000000089e+00 -7.100000000000000462e-05 7.499999999999999343e-05 1.000000000000000000e+00 8.848620000000000374e-01 4.658530000000000171e-01 2.799999999999999958e-05 -4.658530000000000171e-01 8.848620000000000374e-01 -1.000000000000000048e-04
2.200000000000000000e+01 1.010000000000000000e+02 7.000000000000000000e+00 0.000000000000000000e+00 1.600000000000000089e+00 9.240000000000000166e-04 2.475999999999999902e-03 9.999970000000000248e-01 8.844840000000000479e-01 4.665670000000000095e-01 -1.971999999999999795e-03 -4.665699999999999847e-01 8.844830000000000192e-01 -1.758999999999999930e-03
2.000000000000000000e+00 1.500000000000000000e+01 8.000000000000000000e+00 0.000000000000000000e+00 1.600000000000000089e+00 -4.634000000000000098e-03 -5.893999999999999934e-03 -9.999719999999999720e-01 -5.652760000000000007e-01 -8.248680000000000456e-01 7.481999999999999935e-03 -8.248889999999999834e-01 5.652949999999999919e-01 4.910000000000000085e-04
5.000000000000000000e+00 1.500000000000000000e+01 8.000000000000000000e+00 0.000000000000000000e+00 1.600000000000000089e+00 -7.669999999999999735e-03 -1.110399999999999929e-02 -9.999090000000000478e-01 -5.656069999999999709e-01 -8.245639999999999636e-01 1.349599999999999932e-02 -8.246390000000000109e-01 5.656600000000000517e-01 4.399999999999999886e-05
9.000000000000000000e+00 1.500000000000000000e+01 8.000000000000000000e+00 0.000000000000000000e+00 1.600000000000000089e+00 -7.979999999999999247e-03 -1.844799999999999912e-02 -9.997979999999999645e-01 -5.680720000000000214e-01 -8.227430000000000021e-01 1.971499999999999989e-02 -8.229400000000000048e-01 5.681140000000000079e-01 -3.913999999999999944e-03
1.300000000000000000e+01 1.500000000000000000e+01 8.000000000000000000e+00 0.000000000000000000e+00 1.600000000000000089e+00 -7.542000000000000093e-03 -2.197999999999999954e-02 -9.997300000000000075e-01 -5.715820000000000345e-01 -8.202409999999999979e-01 2.234600000000000128e-02 -8.205099999999999616e-01 5.715959999999999930e-01 -6.377999999999999989e-03
1.600000000000000000e+01 1.500000000000000000e+01 8.000000000000000000e+00 0.000000000000000000e+00 1.600000000000000089e+00 -7.078000000000000090e-03 -2.132300000000000167e-02 -9.997479999999999700e-01 -5.750530000000000364e-01 -8.178339999999999499e-01 2.151399999999999840e-02 -8.180859999999999799e-01 5.750600000000000156e-01 -6.472999999999999587e-03
2.100000000000000000e+01 1.500000000000000000e+01 8.000000000000000000e+00 0.000000000000000000e+00 1.600000000000000089e+00 -2.827999999999999785e-03 -5.483000000000000027e-03 -9.999810000000000088e-01 -5.790520000000000111e-01 -8.152679999999999927e-01 6.107999999999999714e-03 -8.152859999999999552e-01 5.790579999999999616e-01 -8.700000000000000051e-04
2.500000000000000000e+01 1.500000000000000000e+01 8.000000000000000000e+00 0.000000000000000000e+00 1.600000000000000089e+00 -4.510000000000000120e-04 6.943999999999999652e-03 -9.999759999999999760e-01 -5.799090000000000078e-01 -8.146630000000000260e-01 -5.395999999999999755e-03 -8.146809999999999885e-01 5.798919999999999630e-01 4.394000000000000336e-03
2.800000000000000000e+01 1.500000000000000000e+01 8.000000000000000000e+00 0.000000000000000000e+00 1.600000000000000089e+00 8.959999999999999866e-04 7.858999999999999667e-03 -9.999689999999999968e-01 -5.796280000000000321e-01 -8.148520000000000207e-01 -6.923999999999999599e-03 -8.148809999999999665e-01 5.796160000000000201e-01 3.824999999999999841e-03
2.000000000000000000e+00 2.600000000000000000e+01 8.000000000000000000e+00 0.000000000000000000e+00 1.600000000000000089e+00 2.232000000000000043e-03 1.065299999999999928e-02 -9.999409999999999688e-01 4.234269999999999978e-01 9.058680000000000065e-01 1.059599999999999952e-02 9.059279999999999555e-01 -4.234249999999999958e-01 -2.488000000000000194e-03
7.000000000000000000e+00 2.600000000000000000e+01 8.000000000000000000e+00 0.000000000000000000e+00 1.600000000000000089e+00 5.793999999999999671e-03 2.563000000000000000e-02 -9.996549999999999603e-01 4.205929999999999946e-01 9.068859999999999699e-01 2.568900000000000003e-02 9.072310000000000096e-01 -4.205969999999999986e-01 -5.525000000000000397e-03
1.000000000000000000e+01 2.600000000000000000e+01 8.000000000000000000e+00 0.000000000000000000e+00 1.600000000000000089e+00 6.945999999999999917e-03 2.131200000000000108e-02 -9.997489999999999988e-01 4.174390000000000045e-01 9.084320000000000173e-01 2.226600000000000107e-02 9.086779999999999857e-01 -4.174889999999999990e-01 -2.586999999999999890e-03
1.600000000000000000e+01 2.600000000000000000e+01 8.000000000000000000e+00 0.000000000000000000e+00 1.600000000000000089e+00 6.747999999999999658e-03 2.270600000000000049e-02 -9.997190000000000243e-01 4.125889999999999835e-01 9.106149999999999523e-01 2.346699999999999828e-02 9.108920000000000350e-01 -4.126319999999999988e-01 -3.223000000000000170e-03
2.400000000000000000e+01 2.600000000000000000e+01 8.000000000000000000e+00 0.000000000000000000e+00 1.600000000000000089e+00 7.320000000000000118e-04 -1.574000000000000095e-03 -9.999980000000000535e-01 4.094409999999999994e-01 9.123360000000000358e-01 -1.136999999999999990e-03 9.123360000000000358e-01 -4.094400000000000261e-01 1.312000000000000015e-03
1.700000000000000000e+01 2.400000000000000000e+01 9.000000000000000000e+00 0.000000000000000000e+00 1.600000000000000089e+00 7.335000000000000374e-03 2.423499999999999960e-02 -9.996789999999999843e-01 4.667979999999999907e-01 8.840139999999999665e-01 2.485599999999999962e-02 8.843330000000000357e-01 -4.668309999999999960e-01 -4.828999999999999959e-03
2.100000000000000000e+01 2.400000000000000000e+01 9.000000000000000000e+00 0.000000000000000000e+00 1.600000000000000089e+00 4.545999999999999694e-03 1.332400000000000077e-02 -9.999010000000000398e-01 4.636440000000000006e-01 8.859120000000000328e-01 1.391300000000000002e-02 8.860099999999999643e-01 -4.636609999999999898e-01 -2.150000000000000001e-03
2.900000000000000000e+01 2.400000000000000000e+01 9.000000000000000000e+00 0.000000000000000000e+00 1.600000000000000089e+00 -1.310000000000000129e-04 -1.137200000000000016e-02 -9.999350000000000183e-01 4.618990000000000040e-01 8.868740000000000512e-01 -1.014699999999999977e-02 8.869329999999999714e-01 -4.618700000000000028e-01 5.137000000000000073e-03
6.000000000000000000e+00 3.100000000000000000e+01 1.200000000000000000e+01 0.000000000000000000e+00 1.600000000000000089e+00 1.608999999999999970e-03 2.098000000000000038e-03 9.999959999999999960e-01 -1.519200000000000064e-02 9.998820000000000485e-01 -2.073000000000000190e-03 -9.998829999999999663e-01 -1.518800000000000011e-02 1.641000000000000097e-03
1.200000000000000000e+01 3.100000000000000000e+01 1.200000000000000000e+01 0.000000000000000000e+00 1.600000000000000089e+00 1.028999999999999967e-03 1.374000000000000004e-03 9.999989999999999712e-01 -1.338499999999999933e-02 9.999090000000000478e-01 -1.360000000000000098e-03 -9.999099999999999655e-01 -1.338400000000000006e-02 1.048000000000000103e-03
1.900000000000000000e+01 3.100000000000000000e+01 1.200000000000000000e+01 0.000000000000000000e+00 1.600000000000000089e+00 -4.949999999999999973e-04 5.237000000000000335e-03 9.999860000000000415e-01 -8.942000000000000295e-03 9.999460000000000015e-01 -5.242000000000000132e-03 -9.999599999999999600e-01 -8.944999999999999826e-03 -4.490000000000000176e-04
2.500000000000000000e+01 3.100000000000000000e+01 1.200000000000000000e+01 0.000000000000000000e+00 1.600000000000000089e+00 -2.950000000000000148e-04 8.019999999999999785e-04 1.000000000000000000e+00 -6.185999999999999659e-03 9.999810000000000088e-01 -8.040000000000000271e-04 -9.999810000000000088e-01 -6.185999999999999659e-03 -2.900000000000000017e-04
2.900000000000000000e+01 3.100000000000000000e+01 1.200000000000000000e+01 0.000000000000000000e+00 1.600000000000000089e+00 -4.569999999999999952e-04 3.628000000000000148e-03 9.999930000000000208e-01 -2.766999999999999928e-03 9.999900000000000455e-01 -3.628999999999999847e-03 -9.999959999999999960e-01 -2.768000000000000061e-03 -4.470000000000000232e-04
4.000000000000000000e+00 1.200000000000000000e+01 1.500000000000000000e+01 0.000000000000000000e+00 1.600000000000000089e+00 -4.284999999999999747e-03 -7.097000000000000010e-03 -9.999660000000000215e-01 -4.683030000000000248e-01 -8.835290000000000088e-01 8.276999999999999635e-03 -8.835570000000000368e-01 4.683229999999999893e-01 4.629999999999999784e-04
1.400000000000000000e+01 1.200000000000000000e+01 1.500000000000000000e+01 0.000000000000000000e+00 1.600000000000000089e+00 -4.276000000000000287e-03 -6.048000000000000424e-03 -9.999730000000000008e-01 -4.737439999999999984e-01 -8.806319999999999704e-01 7.352000000000000028e-03 -8.806519999999999904e-01 4.737629999999999897e-01 8.999999999999999754e-04
1.900000000000000000e+01 1.200000000000000000e+01 1.500000000000000000e+01 0.000000000000000000e+00 1.600000000000000089e+00 -2.102000000000000136e-03 -4.225999999999999722e-03 -9.999890000000000168e-01 -4.733319999999999750e-01 -8.808709999999999596e-01 4.717999999999999972e-03 -8.808810000000000251e-01 4.733370000000000077e-01 -1.489999999999999897e-04
2.400000000000000000e+01 1.200000000000000000e+01 1.500000000000000000e+01 0.000000000000000000e+00 1.600000000000000089e+00 -8.249999999999999955e-04 2.939999999999999905e-03 -9.999949999999999672e-01 -4.744499999999999829e-01 -8.802799999999999514e-01 -2.196000000000000035e-03 -8.802820000000000089e-01 4.744459999999999789e-01 2.121000000000000055e-03
3.000000000000000000e+01 1.200000000000000000e+01 1.500000000000000000e+01 0.000000000000000000e+00 1.600000000000000089e+00 2.347000000000000128e-03 9.510000000000000224e-04 -9.999970000000000248e-01 -4.732500000000000040e-01 -8.809259999999999868e-01 -1.948999999999999995e-03 -8.809249999999999581e-01 4.732529999999999792e-01 -1.618000000000000081e-03
1.000000000000000000e+00 2.000000000000000000e+00 1.900000000000000000e+01 0.000000000000000000e+00 1.600000000000000089e+00 -3.663000000000000023e-03 6.709999999999999819e-03 -9.999710000000000543e-01 1.473599999999999910e-01 -9.890569999999999640e-01 -7.177000000000000220e-03 -9.890759999999999552e-01 -1.473820000000000130e-01 2.634000000000000057e-03
1.100000000000000000e+01 2.000000000000000000e+00 1.900000000000000000e+01 0.000000000000000000e+00 1.600000000000000089e+00 2.286999999999999970e-03 -3.569999999999999823e-03 -9.999909999999999632e-01 1.546269999999999867e-01 -9.879649999999999821e-01 3.880999999999999901e-03 -9.879700000000000149e-01 -1.546349999999999947e-01 -1.706999999999999967e-03
1.500000000000000000e+01 2.000000000000000000e+00 1.900000000000000000e+01 0.000000000000000000e+00 1.600000000000000089e+00 2.968999999999999851e-03 -1.206699999999999960e-02 -9.999230000000000063e-01 1.606539999999999913e-01 -9.869329999999999492e-01 1.238700000000000044e-02 -9.870060000000000500e-01 -1.606779999999999875e-01 -9.920000000000000432e-04
1.800000000000000000e+01 2.000000000000000000e+00 1.900000000000000000e+01 0.000000000000000000e+00 1.600000000000000089e+00 3.173000000000000039e-03 -5.028999999999999616e-03 -9.999820000000000375e-01 1.642510000000000081e-01 -9.864030000000000298e-01 5.481999999999999894e-03 -9.864129999999999843e-01 -1.642659999999999954e-01 -2.304000000000000058e-03
2.300000000000000000e+01 2.000000000000000000e+00 1.900000000000000000e+01 0.000000000000000000e+00 1.600000000000000089e+00 -5.320000000000000293e-04 9.398000000000000104e-03 -9.999559999999999560e-01 1.663340000000000096e-01 -9.860250000000000403e-01 -9.355000000000000468e-03 -9.860689999999999733e-01 -1.663320000000000076e-01 -1.038000000000000077e-03
2.700000000000000000e+01 2.000000000000000000e+00 1.900000000000000000e+01 0.000000000000000000e+00 1.600000000000000089e+00 1.075999999999999917e-03 5.623000000000000394e-03 -9.999839999999999840e-01 1.653270000000000017e-01 -9.862239999999999895e-01 -5.367000000000000243e-03 -9.862379999999999480e-01 -1.653179999999999927e-01 -1.991000000000000148e-03
3.000000000000000000e+01 2.000000000000000000e+00 1.900000000000000000e+01 0.000000000000000000e+00 1.600000000000000089e+00 2.605000000000000111e-03 -3.000000000000000076e-06 -9.999970000000000248e-01 1.653940000000000132e-01 -9.862269999999999648e-01 4.339999999999999782e-04 -9.862239999999999895e-01 -1.653949999999999865e-01 -2.569000000000000103e-03
1.800000000000000000e+01 4.000000000000000000e+00 2.000000000000000000e+01 0.000000000000000000e+00 1.600000000000000089e+00 4.542000000000000030e-03 -5.499000000000000415e-03 -9.999749999999999472e-01 2.569790000000000130e-01 -9.663950000000000040e-01 6.480999999999999782e-03 -9.664059999999999873e-01 -2.570020000000000082e-01 -2.975999999999999913e-03
2.600000000000000000e+01 4.000000000000000000e+00 2.000000000000000000e+01 0.000000000000000000e+00 1.600000000000000089e+00 2.099999999999999884e-05 5.854999999999999961e-03 -9.999829999999999552e-01 2.537690000000000223e-01 -9.672479999999999967e-01 -5.657999999999999835e-03 -9.672650000000000414e-01 -2.537650000000000183e-01 -1.505999999999999960e-03
5.000000000000000000e+00 1.300000000000000000e+01 2.000000000000000000e+01 0.000000000000000000e+00 1.600000000000000089e+00 1.288000000000000082e-03 5.688999999999999613e-03 9.999829999999999552e-01 2.528619999999999757e-01 9.674850000000000394e-01 -5.830000000000000113e-03 -9.675010000000000554e-01 2.528650000000000064e-01 -1.930000000000000021e-04
1.100000000000000000e+01 1.300000000000000000e+01 2.000000000000000000e+01 0.000000000000000000e+00 1.600000000000000089e+00 2.699999999999999899e-05 3.602999999999999866e-03 9.999940000000000495e-01 2.521510000000000140e-01 9.676820000000000421e-01 -3.493000000000000011e-03 -9.676879999999999926e-01 2.521490000000000120e-01 -8.819999999999999715e-04
1.800000000000000000e+01 1.300000000000000000e+01 2.000000000000000000e+01 0.000000000000000000e+00 1.600000000000000089e+00 -8.570000000000000144e-04 8.379999999999999862e-04 9.999989999999999712e-01 2.557590000000000141e-01 9.667400000000000437e-01 -5.910000000000000539e-04 -9.667400000000000437e-01 2.557579999999999854e-01 -1.043000000000000090e-03
2.100000000000000000e+01 1.300000000000000000e+01 2.000000000000000000e+01 0.000000000000000000e+00 1.600000000000000089e+00 -1.178999999999999927e-03 -5.749999999999999903e-04 9.999989999999999712e-01 2.569270000000000165e-01 9.664300000000000113e-01 8.589999999999999546e-04 -9.664300000000000113e-01 2.569279999999999897e-01 -9.909999999999999105e-04
2.900000000000000000e+01 1.300000000000000000e+01 2.000000000000000000e+01 0.000000000000000000e+00 1.600000000000000089e+00 2.036000000000000049e-03 4.612999999999999913e-03 9.999869999999999592e-01 2.550799999999999734e-01 9.669069999999999609e-01 -4.980000000000000052e-03 -9.669180000000000552e-01 2.550870000000000082e-01 7.919999999999999523e-04
1.100000000000000000e+01 1.600000000000000000e+01 2.100000000000000000e+01 0.000000000000000000e+00 1.600000000000000089e+00 -5.789999999999999791e-04 -1.126999999999999964e-03 9.999989999999999712e-01 2.979430000000000134e-01 9.545829999999999593e-01 1.247999999999999977e-03 -9.545829999999999593e-01 2.979439999999999866e-01 -2.169999999999999891e-04
2.300000000000000000e+01 1.600000000000000000e+01 2.100000000000000000e+01 0.000000000000000000e+00 1.600000000000000089e+00 -1.832999999999999994e-03 -6.099999999999999737e-04 9.999980000000000535e-01 2.997969999999999802e-01 9.540020000000000167e-01 1.131999999999999977e-03 -9.540009999999999879e-01 2.997989999999999822e-01 -1.564999999999999985e-03
2.900000000000000000e+01 1.600000000000000000e+01 2.100000000000000000e+01 0.000000000000000000e+00 1.600000000000000089e+00 7.839999999999999747e-04 7.056999999999999905e-03 9.999749999999999472e-01 2.972580000000000222e-01 9.547719999999999541e-01 -6.970999999999999766e-03 -9.547970000000000068e-01 2.972560000000000202e-01 -1.348999999999999939e-03
7.000000000000000000e+00 4.600000000000000000e+01 2.700000000000000000e+01 0.000000000000000000e+00 1.600000000000000089e+00 1.191999999999999917e-03 2.178999999999999947e-03 -9.999970000000000248e-01 6.776010000000000089e-01 7.354260000000000241e-01 2.409999999999999816e-03 7.354289999999999994e-01 -6.776020000000000376e-01 -5.999999999999999474e-04
1.100000000000000000e+01 4.600000000000000000e+01 2.700000000000000000e+01 0.000000000000000000e+00 1.600000000000000089e+00 1.905000000000000009e-03 1.309000000000000051e-03 -9.999970000000000248e-01 6.852190000000000225e-01 7.283340000000000369e-01 2.259000000000000157e-03 7.283349999999999547e-01 -6.852209999999999690e-01 4.899999999999999842e-04
1.400000000000000000e+01 4.600000000000000000e+01 2.700000000000000000e+01 0.000000000000000000e+00 1.600000000000000089e+00 1.763000000000000027e-03 3.119999999999999944e-04 -9.999980000000000535e-01 6.846179999999999488e-01 7.289010000000000211e-01 1.435000000000000078e-03 7.288999999999999924e-01 -6.846189999999999776e-01 1.072000000000000036e-03
2.000000000000000000e+00 4.600000000000000000e+01 3.000000000000000000e+01 0.000000000000000000e+00 1.600000000000000089e+00 -1.169999999999999979e-04 -1.703000000000000087e-03 -9.999989999999999712e-01 3.231229999999999936e-01 9.463559999999999750e-01 -1.649999999999999991e-03 9.463570000000000038e-01 -3.231220000000000203e-01 4.400000000000000157e-04
6.000000000000000000e+00 4.600000000000000000e+01 3.000000000000000000e+01 0.000000000000000000e+00 1.600000000000000089e+00 -7.050000000000000060e-04 6.019999999999999961e-04 -1.000000000000000000e+00 3.308130000000000237e-01 9.436959999999999793e-01 3.350000000000000113e-04 9.436959999999999793e-01 -3.308130000000000237e-01 -8.639999999999999677e-04
1.300000000000000000e+01 4.600000000000000000e+01 3.000000000000000000e+01 0.000000000000000000e+00 1.600000000000000089e+00 1.735999999999999913e-03 1.572999999999999962e-03 -9.999970000000000248e-01 3.372680000000000122e-01 9.414059999999999651e-01 2.066000000000000128e-03 9.414069999999999938e-01 -3.372709999999999875e-01 1.103999999999999947e-03
1.700000000000000000e+01 4.600000000000000000e+01 3.000000000000000000e+01 0.000000000000000000e+00 1.600000000000000089e+00 -4.650000000000000270e-04 2.599999999999999840e-05 -1.000000000000000000e+00 3.349869999999999792e-01 9.422230000000000327e-01 -1.310000000000000129e-04 9.422230000000000327e-01 -3.349869999999999792e-01 -4.470000000000000232e-04
2.000000000000000000e+00 5.800000000000000000e+01 3.100000000000000000e+01 0.000000000000000000e+00 1.600000000000000089e+00 -2.059000000000000066e-03 -5.673000000000000091e-03 9.999820000000000375e-01 -7.714670000000000138e-01 -6.362480000000000357e-01 -5.198999999999999629e-03 6.362659999999999982e-01 -7.714640000000000386e-01 -3.066999999999999848e-03
1.000000000000000000e+01 5.800000000000000000e+01 3.100000000000000000e+01 0.000000000000000000e+00 1.600000000000000089e+00 -2.467000000000000009e-03 -5.320000000000000293e-04 9.999970000000000248e-01 -7.780679999999999819e-01 -6.281759999999999566e-01 -2.253999999999999927e-03 6.281750000000000389e-01 -7.780709999999999571e-01 1.136000000000000074e-03
1.600000000000000000e+01 5.800000000000000000e+01 3.100000000000000000e+01 0.000000000000000000e+00 1.600000000000000089e+00 -9.730000000000000151e-04 1.706000000000000051e-03 9.999980000000000535e-01 -7.848789999999999933e-01 -6.196490000000000054e-01 2.939999999999999905e-04 6.196479999999999766e-01 -7.848779999999999646e-01 1.941999999999999933e-03
2.100000000000000000e+01 5.800000000000000000e+01 3.100000000000000000e+01 0.000000000000000000e+00 1.600000000000000089e+00 -2.396999999999999825e-03 -2.351999999999999924e-03 9.999940000000000495e-01 -7.875029999999999530e-01 -6.163020000000000165e-01 -3.337000000000000122e-03 6.163070000000000492e-01 -7.875060000000000393e-01 -3.750000000000000078e-04
2.700000000000000000e+01 5.800000000000000000e+01 3.100000000000000000e+01 0.000000000000000000e+00 1.600000000000000089e+00 -2.670000000000000064e-03 1.139000000000000038e-03 9.999959999999999960e-01 -7.901219999999999910e-01 -6.129480000000000484e-01 -1.410999999999999928e-03 6.129440000000000444e-01 -7.901219999999999910e-01 2.537000000000000192e-03
5.000000000000000000e+00 6.000000000000000000e+00 3.200000000000000000e+01 0.000000000000000000e+00 1.600000000000000089e+00 -2.590000000000000071e-04 4.244999999999999642e-03 -9.999909999999999632e-01 1.970449999999999979e-01 9.803859999999999797e-01 4.111000000000000071e-03 9.803939999999999877e-01 -1.970419999999999949e-01 -1.090000000000000040e-03
2.600000000000000000e+01 2.200000000000000000e+01 3.400000000000000000e+01 0.000000000000000000e+00 1.600000000000000089e+00 1.422000000000000087e-03 2.085000000000000048e-03 9.999970000000000248e-01 3.799679999999999724e-01 -9.249990000000000157e-01 1.387999999999999911e-03 9.249990000000000157e-01 3.799649999999999972e-01 -2.106999999999999932e-03
2.600000000000000000e+01 4.300000000000000000e+01 3.400000000000000000e+01 0.000000000000000000e+00 1.600000000000000089e+00 1.307000000000000002e-03 -3.553999999999999868e-03 -9.999930000000000208e-01 -3.312350000000000017e-01 9.435409999999999631e-01 -3.785999999999999869e-03 9.435470000000000246e-01 3.312370000000000037e-01 5.599999999999999916e-05
7.000000000000000000e+00 4.600000000000000000e+01 3.500000000000000000e+01 0.000000000000000000e+00 1.600000000000000089e+00 -1.659999999999999963e-04 5.178999999999999576e-03 -9.999869999999999592e-01 3.875700000000000256e-01 -9.218269999999999520e-01 -4.838000000000000286e-03 -9.218399999999999928e-01 -3.875660000000000216e-01 -1.853999999999999962e-03
1.200000000000000000e+01 4.600000000000000000e+01 3.500000000000000000e+01 0.000000000000000000e+00 1.600000000000000089e+00 -6.790000000000000245e-04 -6.220000000000000485e-04 -1.000000000000000000e+00 3.876749999999999918e-01 -9.217959999999999487e-01 3.099999999999999999e-04 -9.217959999999999487e-01 -3.876749999999999918e-01 8.670000000000000406e-04
1.700000000000000000e+01 4.600000000000000000e+01 3.500000000000000000e+01 0.000000000000000000e+00 1.600000000000000089e+00 1.150000000000000035e-04 -1.100000000000000039e-04 -1.000000000000000000e+00 3.877519999999999856e-01 -9.217640000000000278e-01 1.459999999999999981e-04 -9.217640000000000278e-01 -3.877519999999999856e-01 -6.299999999999999990e-05
2.200000000000000000e+01 4.600000000000000000e+01 3.500000000000000000e+01 0.000000000000000000e+00 1.600000000000000089e+00 4.169999999999999987e-04 1.794999999999999938e-03 -9.999980000000000535e-01 3.875910000000000188e-01 -9.218300000000000383e-01 -1.492999999999999969e-03 -9.218319999999999848e-01 -3.875890000000000168e-01 -1.080000000000000014e-03
2.900000000000000000e+01 4.600000000000000000e+01 3.500000000000000000e+01 0.000000000000000000e+00 1.600000000000000089e+00 -1.711000000000000064e-03 1.095000000000000053e-03 -9.999980000000000535e-01 3.883869999999999822e-01 -9.214949999999999530e-01 -1.673999999999999924e-03 -9.214949999999999530e-01 -3.883889999999999842e-01 1.150999999999999896e-03
4.000000000000000000e+00 9.500000000000000000e+01 3.600000000000000000e+01 0.000000000000000000e+00 1.600000000000000089e+00 6.330999999999999822e-03 7.707999999999999574e-03 9.999500000000000055e-01 9.965580000000000549e-01 8.260599999999999887e-02 -6.945999999999999917e-03 -8.265500000000000624e-02 9.965519999999999934e-01 -7.159000000000000433e-03
7.000000000000000000e+00 9.500000000000000000e+01 3.600000000000000000e+01 0.000000000000000000e+00 1.600000000000000089e+00 3.537999999999999912e-03 2.546999999999999785e-03 9.999909999999999632e-01 9.961210000000000342e-01 8.791400000000000603e-02 -3.748000000000000029e-03 -8.792300000000000115e-02 9.961250000000000382e-01 -2.226999999999999813e-03
1.200000000000000000e+01 9.500000000000000000e+01 3.600000000000000000e+01 0.000000000000000000e+00 1.600000000000000089e+00 -2.491999999999999858e-03 -4.974000000000000123e-03 9.999850000000000128e-01 9.960550000000000237e-01 8.869199999999999307e-02 2.922999999999999817e-03 -8.870500000000000607e-02 9.960470000000000157e-01 4.734000000000000360e-03
2.000000000000000000e+01 9.500000000000000000e+01 3.600000000000000000e+01 0.000000000000000000e+00 1.600000000000000089e+00 -2.184000000000000177e-03 1.889999999999999970e-03 9.999959999999999960e-01 9.964129999999999932e-01 8.459999999999999465e-02 2.017000000000000130e-03 -8.459600000000000453e-02 9.964129999999999932e-01 -2.067999999999999960e-03
2.400000000000000000e+01 9.500000000000000000e+01 3.600000000000000000e+01 0.000000000000000000e+00 1.600000000000000089e+00 -8.789999999999999203e-03 -1.741799999999999946e-02 9.998099999999999765e-01 9.967219999999999969e-01 8.026099999999999901e-02 1.016099999999999989e-02 -8.042299999999999449e-02 9.966220000000000079e-01 1.665499999999999967e-02
8.000000000000000000e+00 2.900000000000000000e+01 4.400000000000000000e+01 0.000000000000000000e+00 1.600000000000000089e+00 3.867999999999999911e-03 3.563999999999999894e-03 -9.999860000000000415e-01 6.714419999999999833e-01 7.410379999999999745e-01 5.237999999999999601e-03 7.410470000000000113e-01 -6.714529999999999665e-01 4.730000000000000046e-04
1.400000000000000000e+01 2.900000000000000000e+01 4.400000000000000000e+01 0.000000000000000000e+00 1.600000000000000089e+00 8.099999999999999561e-04 5.394000000000000357e-03 -9.999850000000000128e-01 6.758950000000000236e-01 7.369839999999999725e-01 4.523000000000000111e-03 7.369970000000000132e-01 -6.758889999999999620e-01 -3.049000000000000061e-03
2.000000000000000000e+01 2.900000000000000000e+01 4.400000000000000000e+01 0.000000000000000000e+00 1.600000000000000089e+00 -2.394999999999999993e-03 2.610000000000000015e-04 -9.999970000000000248e-01 6.813719999999999777e-01 7.319360000000000310e-01 -1.441000000000000007e-03 7.319329999999999448e-01 -6.813740000000000352e-01 -1.930999999999999991e-03
2.400000000000000000e+01 2.900000000000000000e+01 4.400000000000000000e+01 0.000000000000000000e+00 1.600000000000000089e+00 -6.629999999999999609e-04 2.390000000000000197e-03 -9.999970000000000248e-01 6.792030000000000012e-01 7.339489999999999625e-01 1.304000000000000038e-03 7.339499999999999913e-01 -6.792000000000000259e-01 -2.109999999999999896e-03
2.800000000000000000e+01 2.900000000000000000e+01 4.400000000000000000e+01 0.000000000000000000e+00 1.600000000000000089e+00 1.815999999999999906e-03 2.380000000000000171e-03 -9.999949999999999672e-01 6.731040000000000356e-01 7.395420000000000327e-01 2.981999999999999842e-03 7.395460000000000367e-01 -6.731059999999999821e-01 -2.590000000000000071e-04
1.100000000000000000e+01 6.500000000000000000e+01 4.600000000000000000e+01 0.000000000000000000e+00 1.600000000000000089e+00 -2.407999999999999984e-03 1.788000000000000093e-03 9.999959999999999960e-01 6.843069999999999986e-01 -7.291879999999999473e-01 2.952000000000000197e-03 7.291900000000000048e-01 6.843110000000000026e-01 5.320000000000000293e-04
2.900000000000000000e+01 7.000000000000000000e+01 4.700000000000000000e+01 0.000000000000000000e+00 1.600000000000000089e+00 1.250000000000000026e-03 1.294000000000000011e-03 -9.999980000000000535e-01 -8.364559999999999773e-01 -5.480310000000000459e-01 -1.755000000000000050e-03 -5.480319999999999636e-01 8.364570000000000061e-01 3.970000000000000005e-04
2.000000000000000000e+00 5.000000000000000000e+00 5.100000000000000000e+01 0.000000000000000000e+00 1.600000000000000089e+00 -6.970000000000000284e-04 8.142999999999999197e-03 -9.999670000000000503e-01 4.739800000000000124e-01 -8.805039999999999534e-01 -7.499999999999999722e-03 -8.805349999999999566e-01 -4.739700000000000024e-01 -3.246000000000000187e-03
1.200000000000000000e+01 5.000000000000000000e+00 5.100000000000000000e+01 0.000000000000000000e+00 1.600000000000000089e+00 -2.171999999999999886e-03 8.838999999999999635e-03 -9.999590000000000423e-01 4.771730000000000138e-01 -8.787650000000000183e-01 -8.803999999999999326e-03 -8.788059999999999761e-01 -4.771730000000000138e-01 -2.308999999999999855e-03
2.200000000000000000e+01 5.000000000000000000e+00 5.100000000000000000e+01 0.000000000000000000e+00 1.600000000000000089e+00 1.789999999999999925e-03 2.056000000000000102e-03 -9.999959999999999960e-01 4.893919999999999937e-01 -8.720639999999999503e-01 -9.169999999999999549e-04 -8.720620000000000038e-01 -4.893879999999999897e-01 -2.566999999999999837e-03
2.000000000000000000e+00 6.300000000000000000e+01 5.400000000000000000e+01 0.000000000000000000e+00 1.600000000000000089e+00 4.459999999999999989e-04 1.023999999999999954e-03 9.999989999999999712e-01 -3.557629999999999959e-01 9.345759999999999623e-01 -7.990000000000000140e-04 -9.345759999999999623e-01 -3.557620000000000227e-01 7.810000000000000102e-04
6.000000000000000000e+00 6.300000000000000000e+01 5.400000000000000000e+01 0.000000000000000000e+00 1.600000000000000089e+00 -6.480000000000000300e-04 1.066000000000000107e-03 9.999989999999999712e-01 -3.527480000000000060e-01 9.357170000000000210e-01 -1.226000000000000093e-03 -9.357180000000000497e-01 -3.527489999999999792e-01 -2.310000000000000042e-04
1.100000000000000000e+01 6.300000000000000000e+01 5.400000000000000000e+01 0.000000000000000000e+00 1.600000000000000089e+00 2.359999999999999902e-04 -1.567999999999999949e-03 9.999989999999999712e-01 -3.490800000000000014e-01 9.370920000000000361e-01 1.551999999999999994e-03 -9.370929999999999538e-01 -3.490800000000000014e-01 -3.260000000000000094e-04
1.700000000000000000e+01 6.300000000000000000e+01 5.400000000000000000e+01 0.000000000000000000e+00 1.600000000000000089e+00 1.242999999999999964e-03 -1.404999999999999999e-03 9.999980000000000535e-01 -3.433740000000000125e-01 9.391969999999999485e-01 1.745999999999999939e-03 -9.391979999999999773e-01 -3.433749999999999858e-01 6.859999999999999779e-04
2.100000000000000000e+01 6.300000000000000000e+01 5.400000000000000000e+01 0.000000000000000000e+00 1.600000000000000089e+00 -2.870000000000000155e-03 -8.799999999999999771e-05 9.999959999999999960e-01 -3.451089999999999991e-01 9.385620000000000074e-01 -9.079999999999999530e-04 -9.385580000000000034e-01 -3.451110000000000011e-01 -2.723999999999999859e-03
2.700000000000000000e+01 6.300000000000000000e+01 5.400000000000000000e+01 0.000000000000000000e+00 1.600000000000000089e+00 1.876000000000000063e-03 2.477000000000000035e-03 9.999949999999999672e-01 -3.521480000000000166e-01 9.359429999999999694e-01 -1.657000000000000053e-03 -9.359429999999999694e-01 -3.521429999999999838e-01 2.626999999999999995e-03
3.000000000000000000e+01 6.300000000000000000e+01 5.400000000000000000e+01 0.000000000000000000e+00 1.600000000000000089e+00 1.159000000000000091e-03 1.263999999999999933e-03 9.999989999999999712e-01 -3.509300000000000197e-01 9.364010000000000389e-01 -7.770000000000000214e-04 -9.364010000000000389e-01 -3.509289999999999909e-01 1.528999999999999977e-03
4.000000000000000000e+00 2.500000000000000000e+01 5.500000000000000000e+01 0.000000000000000000e+00 1.600000000000000089e+00 -4.650000000000000270e-04 5.006000000000000033e-03 -9.999869999999999592e-01 -1.199199999999999919e-02 -9.999160000000000270e-01 -5.000000000000000104e-03 -9.999280000000000390e-01 1.199000000000000066e-02 5.249999999999999676e-04
7.000000000000000000e+00 2.500000000000000000e+01 5.500000000000000000e+01 0.000000000000000000e+00 1.600000000000000089e+00 -3.759999999999999779e-04 3.284000000000000027e-03 -9.999949999999999672e-01 -1.213700000000000022e-02 -9.999209999999999487e-01 -3.278999999999999797e-03 -9.999259999999999815e-01 1.213599999999999922e-02 4.159999999999999744e-04
1.300000000000000000e+01 2.500000000000000000e+01 5.500000000000000000e+01 0.000000000000000000e+00 1.600000000000000089e+00 1.415000000000000025e-03 -4.100000000000000047e-05 -9.999989999999999712e-01 -1.081499999999999996e-02 -9.999419999999999975e-01 2.500000000000000120e-05 -9.999409999999999688e-01 1.081499999999999996e-02 -1.415000000000000025e-03
2.000000000000000000e+01 2.500000000000000000e+01 5.500000000000000000e+01 0.000000000000000000e+00 1.600000000000000089e+00 1.029999999999999964e-04 -5.270000000000000162e-04 -1.000000000000000000e+00 -9.955000000000000307e-03 -9.999500000000000055e-01 5.259999999999999919e-04 -9.999500000000000055e-01 9.955000000000000307e-03 -1.090000000000000067e-04
2.200000000000000000e+01 2.500000000000000000e+01 5.500000000000000000e+01 0.000000000000000000e+00 1.600000000000000089e+00 2.689999999999999791e-04 -3.499999999999999693e-05 -1.000000000000000000e+00 -1.028199999999999947e-02 -9.999470000000000303e-01 3.199999999999999855e-05 -9.999470000000000303e-01 1.028199999999999947e-02 -2.689999999999999791e-04
1.400000000000000000e+01 5.800000000000000000e+01 5.900000000000000000e+01 0.000000000000000000e+00 1.600000000000000089e+00 1.008999999999999914e-03 4.989999999999999861e-04 -9.999989999999999712e-01 3.878469999999999973e-01 9.217229999999999590e-01 8.520000000000000013e-04 9.217229999999999590e-01 -3.878480000000000261e-01 7.370000000000000249e-04
1.000000000000000000e+01 7.000000000000000000e+00 6.000000000000000000e+01 0.000000000000000000e+00 1.600000000000000089e+00 -3.870999999999999875e-03 3.442999999999999880e-03 9.999869999999999592e-01 5.659560000000000146e-01 -8.244200000000000417e-01 5.028999999999999616e-03 8.244270000000000209e-01 5.659680000000000266e-01 1.242999999999999964e-03
9.000000000000000000e+00 2.100000000000000000e+01 6.000000000000000000e+01 0.000000000000000000e+00 1.600000000000000089e+00 -1.918000000000000000e-03 -1.477799999999999947e-02 9.998890000000000278e-01 -9.442300000000000693e-02 9.954260000000000330e-01 1.453100000000000051e-02 -9.955300000000000260e-01 -9.438499999999999668e-02 -3.304000000000000079e-03
1.500000000000000000e+01 2.100000000000000000e+01 6.000000000000000000e+01 0.000000000000000000e+00 1.600000000000000089e+00 4.270000000000000249e-04 6.464000000000000128e-03 9.999789999999999512e-01 -9.513900000000000134e-02 9.954429999999999668e-01 -6.394000000000000378e-03 -9.954640000000000155e-01 -9.513399999999999634e-02 1.039999999999999909e-03
2.000000000000000000e+01 2.100000000000000000e+01 6.000000000000000000e+01 0.000000000000000000e+00 1.600000000000000089e+00 3.190000000000000019e-04 -3.838999999999999965e-03 9.999930000000000208e-01 -9.685599999999999765e-02 9.952910000000000368e-01 3.851999999999999955e-03 -9.952980000000000160e-01 -9.685599999999999765e-02 -5.399999999999999798e-05
2.600000000000000000e+01 3.000000000000000000e+00 6.300000000000000000e+01 0.000000000000000000e+00 1.600000000000000089e+00 1.252000000000000075e-03 -5.459999999999999576e-03 9.999839999999999840e-01 -6.149599999999999511e-01 7.885419999999999652e-01 5.074999999999999650e-03 -7.885579999999999812e-01 -6.149559999999999471e-01 -2.370000000000000145e-03
4.000000000000000000e+00 2.700000000000000000e+01 6.300000000000000000e+01 0.000000000000000000e+00 1.600000000000000089e+00 -7.619999999999999820e-04 3.603999999999999999e-03 9.999930000000000208e-01 -2.740090000000000026e-01 9.617200000000000193e-01 -3.674999999999999881e-03 -9.617269999999999985e-01 -2.740099999999999758e-01 2.550000000000000183e-04
1.000000000000000000e+01 2.700000000000000000e+01 6.300000000000000000e+01 0.000000000000000000e+00 1.600000000000000089e+00 -1.273000000000000043e-03 -8.238000000000000531e-03 9.999649999999999928e-01 -2.717849999999999988e-01 9.623279999999999612e-01 7.582000000000000198e-03 -9.623570000000000180e-01 -2.717660000000000076e-01 -3.464000000000000065e-03
1.400000000000000000e+01 2.700000000000000000e+01 6.300000000000000000e+01 0.000000000000000000e+00 1.600000000000000089e+00 4.500000000000000283e-05 -8.184000000000000302e-03 9.999670000000000503e-01 -2.711939999999999906e-01 9.624920000000000142e-01 7.889000000000000179e-03 -9.625249999999999639e-01 -2.711859999999999826e-01 -2.175999999999999983e-03
1.800000000000000000e+01 2.700000000000000000e+01 6.300000000000000000e+01 0.000000000000000000e+00 1.600000000000000089e+00 -1.268999999999999946e-03 -3.543999999999999841e-03 9.999930000000000208e-01 -2.733999999999999764e-01 9.618959999999999733e-01 3.062000000000000052e-03 -9.618999999999999773e-01 -2.733940000000000259e-01 -2.190000000000000106e-03
2.300000000000000000e+01 2.700000000000000000e+01 6.300000000000000000e+01 0.000000000000000000e+00 1.600000000000000089e+00 -4.009999999999999893e-04 -5.428999999999999798e-03 9.999850000000000128e-01 -2.776290000000000147e-01 9.606749999999999456e-01 5.104000000000000030e-03 -9.606879999999999864e-01 -2.776230000000000087e-01 -1.892999999999999934e-03
2.700000000000000000e+01 2.700000000000000000e+01 6.300000000000000000e+01 0.000000000000000000e+00 1.600000000000000089e+00 7.209999999999999612e-04 -3.697999999999999898e-03 9.999930000000000208e-01 -2.802990000000000204e-01 9.599050000000000082e-01 3.752000000000000127e-03 -9.599119999999999875e-01 -2.802999999999999936e-01 -3.449999999999999833e-04
5.000000000000000000e+00 2.600000000000000000e+01 6.400000000000000000e+01 0.000000000000000000e+00 1.600000000000000089e+00 -1.930999999999999991e-03 1.946999999999999946e-03 9.999959999999999960e-01 -3.443080000000000029e-01 9.388530000000000486e-01 -2.492999999999999990e-03 -9.388549999999999951e-01 -3.443120000000000069e-01 -1.142999999999999919e-03
1.400000000000000000e+01 2.600000000000000000e+01 6.400000000000000000e+01 0.000000000000000000e+00 1.600000000000000089e+00 1.088999999999999907e-03 -1.251500000000000008e-02 9.999209999999999487e-01 -3.499459999999999793e-01 9.366919999999999691e-01 1.210499999999999944e-02 -9.367689999999999628e-01 -3.499320000000000208e-01 -3.360000000000000139e-03
