6.000000000000000000e+00 1.500000000000000000e+01 4.000000000000000000e+00 0.000000000000000000e+00 1.600000000000000089e+00 -1.590000000000000050e-03 -6.623000000000000415e-03 9.999770000000000048e-01 2.878519999999999968e-01 -9.576569999999999805e-01 -5.884999999999999606e-03 9.576729999999999965e-01 2.878359999999999808e-01 3.429000000000000190e-03
1.000000000000000000e+01 1.500000000000000000e+01 4.000000000000000000e+00 0.000000000000000000e+00 1.600000000000000089e+00 -5.211999999999999619e-03 -3.491999999999999878e-03 9.999799999999999800e-01 2.887560000000000127e-01 -9.574009999999999465e-01 -1.838000000000000007e-03 9.573890000000000455e-01 2.887399999999999967e-01 5.998999999999999992e-03
1.600000000000000000e+01 1.500000000000000000e+01 4.000000000000000000e+00 0.000000000000000000e+00 1.600000000000000089e+00 -6.808999999999999948e-03 1.134699999999999945e-02 9.999120000000000230e-01 2.867700000000000249e-01 -9.579140000000000432e-01 1.282299999999999933e-02 9.579750000000000210e-01 2.868319999999999759e-01 3.268000000000000071e-03
2.000000000000000000e+00 1.010000000000000000e+02 7.000000000000000000e+00 0.000000000000000000e+00 1.600000000000000089e+00 -2.168999999999999921e-03 -1.655200000000000074e-02 9.998609999999999998e-01 8.862839999999999607e-01 4.630429999999999824e-01 9.587999999999999301e-03 -4.631370000000000209e-01 8.861809999999999965e-01 1.366500000000000006e-02
1.000000000000000000e+01 1.010000000000000000e+02 7.000000000000000000e+00 0.000000000000000000e+00 1.600000000000000089e+00 1.394000000000000057e-03 1.412199999999999914e-02 9.998989999999999823e-01 8.855480000000000018e-01 4.644820000000000060e-01 -7.793999999999999713e-03 -4.645449999999999857e-01 8.854699999999999793e-01 -1.185800000000000048e-02
2.200000000000000000e+01 1.010000000000000000e+02 7.000000000000000000e+00 0.000000000000000000e+00 1.600000000000000089e+00 2.595999999999999783e-03 -4.845999999999999613e-03 9.999850000000000128e-01 8.882870000000000488e-01 4.592890000000000028e-01 -8.000000000000000654e-05 -4.592820000000000236e-01 8.882729999999999793e-01 5.497000000000000150e-03
3.000000000000000000e+00 1.500000000000000000e+01 8.000000000000000000e+00 0.000000000000000000e+00 1.600000000000000089e+00 2.539999999999999940e-04 4.854999999999999941e-03 -9.999879999999999880e-01 -5.842000000000000526e-01 -8.115989999999999593e-01 -4.088999999999999753e-03 -8.116090000000000249e-01 5.841939999999999911e-01 2.629999999999999959e-03
1.000000000000000000e+01 1.500000000000000000e+01 8.000000000000000000e+00 0.000000000000000000e+00 1.600000000000000089e+00 1.472999999999999917e-03 -3.471000000000000127e-03 -9.999930000000000208e-01 -5.822920000000000318e-01 -8.129769999999999497e-01 1.965000000000000167e-03 -8.129779999999999784e-01 5.822850000000000525e-01 -3.219000000000000073e-03
1.600000000000000000e+01 1.500000000000000000e+01 8.000000000000000000e+00 0.000000000000000000e+00 1.600000000000000089e+00 1.012599999999999958e-02 9.494000000000000702e-03 -9.999040000000000150e-01 -5.783420000000000227e-01 -8.156809999999999894e-01 -1.360100000000000024e-02 -8.157320000000000126e-01 5.784240000000000492e-01 -2.769000000000000194e-03
2.100000000000000000e+01 1.500000000000000000e+01 8.000000000000000000e+00 0.000000000000000000e+00 1.600000000000000089e+00 1.138699999999999955e-02 2.253900000000000001e-02 -9.996810000000000418e-01 -5.751509999999999678e-01 -8.176660000000000039e-01 -2.498699999999999879e-02 -8.179680000000000284e-01 5.752519999999999856e-01 3.652999999999999997e-03
2.900000000000000000e+01 1.500000000000000000e+01 8.000000000000000000e+00 0.000000000000000000e+00 1.600000000000000089e+00 4.895000000000000046e-03 2.399000000000000091e-02 -9.997000000000000330e-01 -5.682660000000000489e-01 -8.225360000000000449e-01 -2.252099999999999935e-02 -8.228299999999999503e-01 5.682059999999999889e-01 9.606999999999999221e-03
1.000000000000000000e+00 2.600000000000000000e+01 8.000000000000000000e+00 0.000000000000000000e+00 1.600000000000000089e+00 -4.970000000000000459e-04 1.023000000000000038e-03 -9.999989999999999712e-01 4.045230000000000214e-01 9.145280000000000076e-01 7.349999999999999763e-04 9.145280000000000076e-01 -4.045219999999999927e-01 -8.679999999999999565e-04
5.000000000000000000e+00 2.600000000000000000e+01 8.000000000000000000e+00 0.000000000000000000e+00 1.600000000000000089e+00 1.165999999999999936e-03 -5.199999999999999544e-04 -9.999989999999999712e-01 4.045799999999999952e-01 9.145029999999999548e-01 -3.999999999999999819e-06 9.145020000000000371e-01 -4.045799999999999952e-01 1.276999999999999923e-03
2.700000000000000000e+01 2.600000000000000000e+01 8.000000000000000000e+00 0.000000000000000000e+00 1.600000000000000089e+00 -7.308000000000000260e-03 -2.071800000000000030e-02 -9.997589999999999533e-01 4.122299999999999853e-01 9.108169999999999877e-01 -2.188899999999999874e-02 9.110510000000000552e-01 -4.122899999999999898e-01 1.884000000000000041e-03
1.000000000000000000e+00 2.400000000000000000e+01 9.000000000000000000e+00 0.000000000000000000e+00 1.600000000000000089e+00 1.100000000000000039e-04 -1.123999999999999999e-03 -9.999989999999999712e-01 4.572049999999999725e-01 8.893609999999999571e-01 -9.489999999999999738e-04 8.893609999999999571e-01 -4.572049999999999725e-01 6.109999999999999980e-04
8.000000000000000000e+00 2.400000000000000000e+01 9.000000000000000000e+00 0.000000000000000000e+00 1.600000000000000089e+00 1.173999999999999913e-03 1.049000000000000019e-03 -9.999989999999999712e-01 4.580170000000000075e-01 8.889420000000000099e-01 1.469999999999999953e-03 8.889430000000000387e-01 -4.580179999999999807e-01 5.630000000000000239e-04
1.200000000000000000e+01 2.400000000000000000e+01 9.000000000000000000e+00 0.000000000000000000e+00 1.600000000000000089e+00 -1.853000000000000046e-03 -8.151999999999999524e-03 -9.999649999999999928e-01 4.583519999999999817e-01 8.887340000000000240e-01 -8.094000000000000500e-03 8.887690000000000312e-01 -4.583510000000000084e-01 2.089999999999999844e-03
2.100000000000000000e+01 2.400000000000000000e+01 9.000000000000000000e+00 0.000000000000000000e+00 1.600000000000000089e+00 -9.532000000000000542e-03 -2.487999999999999934e-02 -9.996450000000000058e-01 4.642310000000000048e-01 8.853189999999999671e-01 -2.646099999999999841e-02 8.856629999999999781e-01 -4.643189999999999817e-01 3.112000000000000183e-03
2.600000000000000000e+01 2.400000000000000000e+01 9.000000000000000000e+00 0.000000000000000000e+00 1.600000000000000089e+00 -7.976999999999999716e-03 -2.531299999999999870e-02 -9.996479999999999810e-01 4.659659999999999913e-01 8.844170000000000087e-01 -2.611399999999999832e-02 8.847669999999999702e-01 -4.660099999999999798e-01 4.740000000000000289e-03
1.600000000000000000e+01 3.100000000000000000e+01 1.200000000000000000e+01 0.000000000000000000e+00 1.600000000000000089e+00 -6.819999999999999890e-04 9.210000000000000521e-04 9.999989999999999712e-01 1.899599999999999900e-02 9.998190000000000133e-01 -9.079999999999999530e-04 -9.998190000000000133e-01 1.899500000000000147e-02 -6.989999999999999686e-04
2.600000000000000000e+01 3.100000000000000000e+01 1.200000000000000000e+01 0.000000000000000000e+00 1.600000000000000089e+00 7.900000000000000121e-04 -1.021999999999999905e-03 9.999989999999999712e-01 9.103999999999999246e-03 9.999580000000000135e-01 1.013999999999999927e-03 -9.999580000000000135e-01 9.102999999999999980e-03 8.000000000000000383e-04
7.000000000000000000e+00 1.200000000000000000e+01 1.500000000000000000e+01 0.000000000000000000e+00 1.600000000000000089e+00 -1.727000000000000019e-03 -1.951000000000000043e-03 -9.999970000000000248e-01 -4.673749999999999849e-01 -8.840559999999999530e-01 2.531999999999999963e-03 -8.840580000000000105e-01 4.673780000000000157e-01 6.139999999999999625e-04
1.100000000000000000e+01 1.200000000000000000e+01 1.500000000000000000e+01 0.000000000000000000e+00 1.600000000000000089e+00 1.309000000000000051e-03 3.782000000000000205e-03 -9.999919999999999920e-01 -4.657689999999999886e-01 -8.848970000000000447e-01 -3.956000000000000315e-03 -8.849050000000000527e-01 4.657709999999999906e-01 6.030000000000000204e-04
1.400000000000000000e+01 1.200000000000000000e+01 1.500000000000000000e+01 0.000000000000000000e+00 1.600000000000000089e+00 5.962000000000000285e-03 9.098000000000000184e-03 -9.999409999999999688e-01 -4.662529999999999730e-01 -8.845849999999999547e-01 -1.082800000000000082e-02 -8.846309999999999452e-01 4.662899999999999823e-01 -1.033000000000000064e-03
2.200000000000000000e+01 1.200000000000000000e+01 1.500000000000000000e+01 0.000000000000000000e+00 1.600000000000000089e+00 7.656999999999999744e-03 1.235799999999999919e-02 -9.998939999999999495e-01 -4.683249999999999913e-01 -8.834370000000000278e-01 -1.450500000000000053e-02 -8.835229999999999473e-01 4.683860000000000245e-01 -9.770000000000000039e-04
4.000000000000000000e+00 1.160000000000000000e+02 1.600000000000000000e+01 0.000000000000000000e+00 1.600000000000000089e+00 1.031000000000000015e-03 -2.799999999999999958e-05 1.000000000000000000e+00 6.858990000000000364e-01 7.276970000000000383e-01 -6.870000000000000022e-04 -7.276960000000000095e-01 6.858990000000000364e-01 7.690000000000000438e-04
1.500000000000000000e+01 1.160000000000000000e+02 1.600000000000000000e+01 0.000000000000000000e+00 1.600000000000000089e+00 8.260000000000000198e-04 2.566999999999999837e-03 9.999959999999999960e-01 7.019870000000000276e-01 7.121859999999999857e-01 -2.407999999999999984e-03 -7.121889999999999610e-01 7.019859999999999989e-01 -1.214000000000000018e-03
2.000000000000000000e+01 1.160000000000000000e+02 1.600000000000000000e+01 0.000000000000000000e+00 1.600000000000000089e+00 -2.249999999999999938e-04 -2.840000000000000076e-03 9.999959999999999960e-01 7.048769999999999758e-01 7.093270000000000408e-01 2.173000000000000018e-03 -7.093300000000000161e-01 7.048740000000000006e-01 1.842000000000000104e-03
2.900000000000000000e+01 1.160000000000000000e+02 1.600000000000000000e+01 0.000000000000000000e+00 1.600000000000000089e+00 1.245999999999999929e-03 5.706000000000000134e-03 9.999829999999999552e-01 6.783630000000000493e-01 7.347099999999999742e-01 -5.036999999999999811e-03 -7.347259999999999902e-01 6.783569999999999878e-01 -2.955999999999999860e-03
2.000000000000000000e+00 2.000000000000000000e+00 1.900000000000000000e+01 0.000000000000000000e+00 1.600000000000000089e+00 4.400000000000000157e-04 1.360000000000000098e-03 -9.999989999999999712e-01 1.824169999999999958e-01 -9.832210000000000116e-01 -1.257000000000000088e-03 -9.832210000000000116e-01 -1.824159999999999948e-01 -6.809999999999999647e-04
8.000000000000000000e+00 2.000000000000000000e+00 1.900000000000000000e+01 0.000000000000000000e+00 1.600000000000000089e+00 -1.330999999999999935e-03 -1.245000000000000013e-03 -9.999980000000000535e-01 1.800609999999999988e-01 -9.836549999999999461e-01 9.849999999999999815e-04 -9.836540000000000283e-01 -1.800599999999999978e-01 1.533000000000000074e-03
1.300000000000000000e+01 2.000000000000000000e+00 1.900000000000000000e+01 0.000000000000000000e+00 1.600000000000000089e+00 -5.599999999999999509e-04 -1.689999999999999879e-04 -1.000000000000000000e+00 1.774969999999999881e-01 -9.841210000000000235e-01 6.700000000000000226e-05 -9.841210000000000235e-01 -1.774969999999999881e-01 5.810000000000000277e-04
2.300000000000000000e+01 2.000000000000000000e+00 1.900000000000000000e+01 0.000000000000000000e+00 1.600000000000000089e+00 -5.190000000000000386e-04 4.833999999999999755e-03 -9.999879999999999880e-01 1.725510000000000099e-01 -9.849890000000000034e-01 -4.851000000000000277e-03 -9.849999999999999867e-01 -1.725510000000000099e-01 -3.229999999999999907e-04
2.800000000000000000e+01 2.000000000000000000e+00 1.900000000000000000e+01 0.000000000000000000e+00 1.600000000000000089e+00 2.500000000000000120e-05 -1.405999999999999915e-03 -9.999989999999999712e-01 1.684990000000000099e-01 -9.857010000000000494e-01 1.389999999999999960e-03 -9.857019999999999671e-01 -1.684990000000000099e-01 2.130000000000000003e-04
9.000000000000000000e+00 4.000000000000000000e+00 2.000000000000000000e+01 0.000000000000000000e+00 1.600000000000000089e+00 9.190000000000000035e-04 -4.461999999999999821e-03 -9.999900000000000455e-01 2.728700000000000014e-01 -9.620400000000000063e-01 4.543000000000000163e-03 -9.620499999999999607e-01 -2.728709999999999747e-01 3.339999999999999870e-04
1.500000000000000000e+01 4.000000000000000000e+00 2.000000000000000000e+01 0.000000000000000000e+00 1.600000000000000089e+00 -3.510000000000000099e-03 2.005999999999999971e-03 -9.999919999999999920e-01 2.746709999999999985e-01 -9.615339999999999998e-01 -2.893000000000000172e-03 -9.615320000000000533e-01 -2.746779999999999777e-01 2.824000000000000121e-03
1.900000000000000000e+01 4.000000000000000000e+00 2.000000000000000000e+01 0.000000000000000000e+00 1.600000000000000089e+00 -1.427000000000000100e-03 2.390000000000000197e-03 -9.999959999999999960e-01 2.781089999999999951e-01 -9.605460000000000109e-01 -2.691999999999999948e-03 -9.605479999999999574e-01 -2.781120000000000259e-01 7.060000000000000303e-04
2.300000000000000000e+01 4.000000000000000000e+00 2.000000000000000000e+01 0.000000000000000000e+00 1.600000000000000089e+00 -1.441000000000000007e-03 6.812000000000000347e-03 -9.999759999999999760e-01 2.727029999999999732e-01 -9.620729999999999560e-01 -6.947000000000000050e-03 -9.620969999999999800e-01 -2.727069999999999772e-01 -4.710000000000000102e-04
6.000000000000000000e+00 1.300000000000000000e+01 2.000000000000000000e+01 0.000000000000000000e+00 1.600000000000000089e+00 -1.820000000000000057e-04 7.122999999999999991e-03 9.999749999999999472e-01 2.597900000000000209e-01 9.656409999999999716e-01 -6.831000000000000266e-03 -9.656649999999999956e-01 2.597820000000000129e-01 -2.027000000000000156e-03
1.000000000000000000e+01 1.300000000000000000e+01 2.000000000000000000e+01 0.000000000000000000e+00 1.600000000000000089e+00 -7.150000000000000322e-04 2.664999999999999834e-03 9.999959999999999960e-01 2.579029999999999934e-01 9.661680000000000268e-01 -2.390999999999999896e-03 -9.661710000000000020e-01 2.579000000000000181e-01 -1.378000000000000102e-03
1.400000000000000000e+01 1.300000000000000000e+01 2.000000000000000000e+01 0.000000000000000000e+00 1.600000000000000089e+00 6.350000000000000392e-04 -3.350000000000000113e-03 9.999940000000000495e-01 2.579089999999999994e-01 9.661640000000000228e-01 3.072000000000000078e-03 -9.661689999999999445e-01 2.579060000000000241e-01 1.477000000000000014e-03
1.800000000000000000e+01 1.300000000000000000e+01 2.000000000000000000e+01 0.000000000000000000e+00 1.600000000000000089e+00 1.529999999999999893e-03 -7.643999999999999753e-03 9.999700000000000255e-01 2.589199999999999835e-01 9.658740000000000103e-01 6.987000000000000155e-03 -9.658980000000000343e-01 2.589009999999999923e-01 3.457000000000000003e-03
2.200000000000000000e+01 1.300000000000000000e+01 2.000000000000000000e+01 0.000000000000000000e+00 1.600000000000000089e+00 3.060000000000000111e-04 -1.025900000000000076e-02 9.999470000000000303e-01 2.583239999999999981e-01 9.660079999999999778e-01 9.832000000000000461e-03 -9.660579999999999723e-01 2.583070000000000088e-01 2.945999999999999834e-03
2.700000000000000000e+01 1.300000000000000000e+01 2.000000000000000000e+01 0.000000000000000000e+00 1.600000000000000089e+00 -4.769999999999999934e-04 2.959999999999999849e-04 1.000000000000000000e+00 2.587289999999999868e-01 9.659499999999999753e-01 -1.630000000000000047e-04 -9.659499999999999753e-01 2.587280000000000135e-01 -5.379999999999999583e-04
4.000000000000000000e+00 1.600000000000000000e+01 2.100000000000000000e+01 0.000000000000000000e+00 1.600000000000000089e+00 -1.188999999999999953e-03 1.570999999999999914e-03 9.999980000000000535e-01 2.979169999999999874e-01 9.545909999999999673e-01 -1.146000000000000100e-03 -9.545909999999999673e-01 2.979149999999999854e-01 -1.603000000000000041e-03
8.000000000000000000e+00 1.600000000000000000e+01 2.100000000000000000e+01 0.000000000000000000e+00 1.600000000000000089e+00 -1.770000000000000089e-03 3.079000000000000140e-03 9.999940000000000495e-01 2.955740000000000034e-01 9.553169999999999717e-01 -2.418000000000000010e-03 -9.553180000000000005e-01 2.955679999999999974e-01 -2.601000000000000013e-03
1.900000000000000000e+01 1.600000000000000000e+01 2.100000000000000000e+01 0.000000000000000000e+00 1.600000000000000089e+00 1.516999999999999902e-03 -3.850000000000000124e-03 9.999909999999999632e-01 2.954809999999999937e-01 9.553430000000000533e-01 3.229999999999999798e-03 -9.553469999999999462e-01 2.954729999999999857e-01 2.586999999999999890e-03
2.700000000000000000e+01 1.600000000000000000e+01 2.100000000000000000e+01 0.000000000000000000e+00 1.600000000000000089e+00 3.899999999999999929e-05 6.471000000000000189e-03 9.999789999999999512e-01 2.961670000000000136e-01 9.551159999999999650e-01 -6.191999999999999588e-03 -9.551359999999999850e-01 2.961610000000000076e-01 -1.879000000000000028e-03
2.100000000000000000e+01 3.000000000000000000e+00 2.500000000000000000e+01 0.000000000000000000e+00 1.600000000000000089e+00 -4.804000000000000110e-03 8.137999999999999401e-03 9.999550000000000383e-01 -1.603999999999999870e-02 -9.998390000000000333e-01 8.059999999999999457e-03 9.998599999999999710e-01 -1.600000000000000033e-02 4.932999999999999885e-03
6.000000000000000000e+00 4.600000000000000000e+01 2.700000000000000000e+01 0.000000000000000000e+00 1.600000000000000089e+00 -1.500999999999999947e-03 -7.380000000000000492e-04 -9.999989999999999712e-01 6.824609999999999843e-01 7.309200000000000141e-01 -1.562999999999999936e-03 7.309210000000000429e-01 -6.824620000000000131e-01 -5.929999999999999941e-04
1.800000000000000000e+01 4.600000000000000000e+01 2.700000000000000000e+01 0.000000000000000000e+00 1.600000000000000089e+00 9.300000000000000541e-04 1.577999999999999976e-03 -9.999980000000000535e-01 6.812279999999999447e-01 7.320689999999999698e-01 1.789000000000000009e-03 7.320710000000000273e-01 -6.812279999999999447e-01 -3.939999999999999817e-04
2.400000000000000000e+01 4.600000000000000000e+01 2.700000000000000000e+01 0.000000000000000000e+00 1.600000000000000089e+00 5.900000000000000296e-04 -6.210000000000000242e-04 -1.000000000000000000e+00 6.847649999999999570e-01 7.287639999999999674e-01 -4.899999999999999842e-05 7.287639999999999674e-01 -6.847649999999999570e-01 8.549999999999999658e-04
2.000000000000000000e+00 5.800000000000000000e+01 3.100000000000000000e+01 0.000000000000000000e+00 1.600000000000000089e+00 3.690000000000000138e-03 2.429999999999999977e-04 9.999930000000000208e-01 -8.010650000000000270e-01 -5.985690000000000177e-01 3.102000000000000157e-03 5.985660000000000425e-01 -8.010709999999999775e-01 -2.014000000000000165e-03
9.000000000000000000e+00 5.800000000000000000e+01 3.100000000000000000e+01 0.000000000000000000e+00 1.600000000000000089e+00 -2.930000000000000204e-04 2.628999999999999827e-03 9.999970000000000248e-01 -8.013660000000000228e-01 -5.981729999999999547e-01 1.337999999999999997e-03 5.981750000000000123e-01 -8.013620000000000188e-01 2.282000000000000174e-03
1.700000000000000000e+01 5.800000000000000000e+01 3.100000000000000000e+01 0.000000000000000000e+00 1.600000000000000089e+00 2.416999999999999878e-03 7.863000000000000198e-03 9.999660000000000215e-01 -8.014740000000000197e-01 -5.979919999999999680e-01 6.640000000000000069e-03 5.980240000000000000e-01 -8.014630000000000365e-01 4.856000000000000073e-03
2.500000000000000000e+01 5.800000000000000000e+01 3.100000000000000000e+01 0.000000000000000000e+00 1.600000000000000089e+00 6.560000000000000076e-04 4.840000000000000010e-04 1.000000000000000000e+00 -8.006020000000000358e-01 -5.991950000000000331e-01 8.159999999999999936e-04 5.991950000000000331e-01 -8.006029999999999536e-01 -6.000000000000000152e-06
3.000000000000000000e+00 4.600000000000000000e+01 3.500000000000000000e+01 0.000000000000000000e+00 1.600000000000000089e+00 1.319000000000000077e-03 3.969999999999999571e-03 -9.999909999999999632e-01 3.852749999999999786e-01 -9.227959999999999496e-01 -3.154999999999999818e-03 -9.228009999999999824e-01 -3.852679999999999993e-01 -2.746000000000000177e-03
1.200000000000000000e+01 4.600000000000000000e+01 3.500000000000000000e+01 0.000000000000000000e+00 1.600000000000000089e+00 -9.870000000000000301e-04 1.118999999999999986e-03 -9.999989999999999712e-01 3.844509999999999872e-01 -9.231439999999999646e-01 -1.412000000000000061e-03 -9.231449999999999934e-01 -3.844520000000000159e-01 4.809999999999999823e-04
2.100000000000000000e+01 4.600000000000000000e+01 3.500000000000000000e+01 0.000000000000000000e+00 1.600000000000000089e+00 -4.389999999999999914e-04 -5.289999999999999564e-04 -1.000000000000000000e+00 3.866160000000000152e-01 -9.222409999999999775e-01 3.179999999999999776e-04 -9.222409999999999775e-01 -3.866149999999999864e-01 6.089999999999999494e-04
2.400000000000000000e+01 4.600000000000000000e+01 3.500000000000000000e+01 0.000000000000000000e+00 1.600000000000000089e+00 -6.750000000000000357e-04 1.325999999999999922e-03 -9.999989999999999712e-01 3.860210000000000030e-01 -9.224890000000000034e-01 -1.484000000000000076e-03 -9.224900000000000322e-01 -3.860219999999999763e-01 1.110000000000000011e-04
2.800000000000000000e+01 4.600000000000000000e+01 3.500000000000000000e+01 0.000000000000000000e+00 1.600000000000000089e+00 -9.219999999999999680e-04 1.301000000000000073e-03 -9.999989999999999712e-01 3.852880000000000194e-01 -9.227950000000000319e-01 -1.556000000000000091e-03 -9.227959999999999496e-01 -3.852889999999999926e-01 3.499999999999999964e-04
9.000000000000000000e+00 9.500000000000000000e+01 3.600000000000000000e+01 0.000000000000000000e+00 1.600000000000000089e+00 -8.534999999999999185e-03 -2.270600000000000049e-02 9.997059999999999835e-01 9.971569999999999601e-01 7.465099999999999514e-02 1.020800000000000006e-02 -7.486099999999999699e-02 9.969510000000000316e-01 2.200399999999999925e-02
1.600000000000000000e+01 9.500000000000000000e+01 3.600000000000000000e+01 0.000000000000000000e+00 1.600000000000000089e+00 -9.280000000000000054e-04 9.476999999999999313e-03 9.999550000000000383e-01 9.971360000000000223e-01 7.563000000000000278e-02 2.079999999999999872e-04 -7.562499999999999778e-02 9.970909999999999496e-01 -9.520000000000000684e-03
2.200000000000000000e+01 9.500000000000000000e+01 3.600000000000000000e+01 0.000000000000000000e+00 1.600000000000000089e+00 5.488999999999999956e-03 -1.496800000000000040e-02 9.998730000000000118e-01 9.975549999999999695e-01 6.974800000000000444e-02 -4.432000000000000176e-03 -6.967299999999999882e-02 9.974520000000000053e-01 1.531399999999999949e-02
9.000000000000000000e+00 2.900000000000000000e+01 4.400000000000000000e+01 0.000000000000000000e+00 1.600000000000000089e+00 -3.154999999999999818e-03 -1.270000000000000078e-03 -9.999940000000000495e-01 6.698039999999999550e-01 7.425319999999999698e-01 -3.056000000000000123e-03 7.425310000000000521e-01 -6.698100000000000165e-01 -1.492000000000000054e-03
1.500000000000000000e+01 2.900000000000000000e+01 4.400000000000000000e+01 0.000000000000000000e+00 1.600000000000000089e+00 -2.083999999999999915e-03 8.509999999999999769e-04 -9.999970000000000248e-01 6.668509999999999716e-01 7.451910000000000478e-01 -7.560000000000000530e-04 7.451879999999999615e-01 -6.668509999999999716e-01 -2.119999999999999923e-03
1.900000000000000000e+01 2.900000000000000000e+01 4.400000000000000000e+01 0.000000000000000000e+00 1.600000000000000089e+00 -1.423999999999999919e-03 2.550999999999999882e-03 -9.999959999999999960e-01 6.654660000000000020e-01 7.464269999999999516e-01 9.569999999999999514e-04 7.464260000000000339e-01 -6.654619999999999980e-01 -2.760999999999999999e-03
2.500000000000000000e+01 2.900000000000000000e+01 4.400000000000000000e+01 0.000000000000000000e+00 1.600000000000000089e+00 -6.073000000000000273e-03 -1.877999999999999895e-03 -9.999799999999999800e-01 6.442780000000000173e-01 7.647720000000000073e-01 -5.348999999999999588e-03 7.647669999999999746e-01 -6.442980000000000373e-01 -3.435000000000000119e-03
4.000000000000000000e+00 5.400000000000000000e+01 4.600000000000000000e+01 0.000000000000000000e+00 1.600000000000000089e+00 -2.180000000000000134e-04 8.186000000000000568e-03 9.999660000000000215e-01 3.405030000000000001e-01 -9.402110000000000190e-01 7.771000000000000130e-03 9.402430000000000510e-01 3.404940000000000189e-01 -2.582999999999999793e-03
6.000000000000000000e+00 6.500000000000000000e+01 4.600000000000000000e+01 0.000000000000000000e+00 1.600000000000000089e+00 -2.596999999999999916e-03 1.943999999999999981e-03 9.999949999999999672e-01 6.813310000000000199e-01 -7.319689999999999808e-01 3.193000000000000092e-03 7.319710000000000383e-01 6.813350000000000239e-01 5.760000000000000146e-04
7.000000000000000000e+00 7.000000000000000000e+00 5.200000000000000000e+01 0.000000000000000000e+00 1.600000000000000089e+00 -1.997000000000000077e-03 -2.482999999999999964e-03 -9.999949999999999672e-01 8.434400000000000230e-02 -9.964340000000000419e-01 2.305999999999999890e-03 -9.964349999999999596e-01 -8.433899999999999730e-02 2.199000000000000000e-03
6.000000000000000000e+00 1.500000000000000000e+01 5.300000000000000000e+01 0.000000000000000000e+00 1.600000000000000089e+00 2.559999999999999884e-04 1.157000000000000042e-03 -9.999989999999999712e-01 6.792869999999999742e-01 7.338719999999999688e-01 1.023999999999999954e-03 7.338729999999999976e-01 -6.792859999999999454e-01 -5.980000000000000072e-04
2.000000000000000000e+01 1.500000000000000000e+01 5.300000000000000000e+01 0.000000000000000000e+00 1.600000000000000089e+00 1.170999999999999949e-03 8.299999999999999815e-05 -9.999989999999999712e-01 6.774360000000000381e-01 7.355810000000000404e-01 8.540000000000000499e-04 7.355810000000000404e-01 -6.774369999999999559e-01 8.050000000000000515e-04
5.000000000000000000e+00 6.300000000000000000e+01 5.400000000000000000e+01 0.000000000000000000e+00 1.600000000000000089e+00 1.023999999999999954e-03 -1.193000000000000050e-03 9.999989999999999712e-01 -3.509599999999999942e-01 9.363890000000000269e-01 1.477000000000000014e-03 -9.363899999999999446e-01 -3.509610000000000229e-01 5.400000000000000069e-04
1.000000000000000000e+01 6.300000000000000000e+01 5.400000000000000000e+01 0.000000000000000000e+00 1.600000000000000089e+00 2.500000000000000120e-05 -7.799999999999999859e-04 1.000000000000000000e+00 -3.511130000000000084e-01 9.363329999999999709e-01 7.389999999999999651e-04 -9.363329999999999709e-01 -3.511130000000000084e-01 -2.509999999999999753e-04
1.400000000000000000e+01 6.300000000000000000e+01 5.400000000000000000e+01 0.000000000000000000e+00 1.600000000000000089e+00 3.009999999999999980e-04 -1.949999999999999965e-04 1.000000000000000000e+00 -3.498939999999999828e-01 9.367889999999999828e-01 2.880000000000000073e-04 -9.367889999999999828e-01 -3.498939999999999828e-01 2.139999999999999975e-04
1.600000000000000000e+01 6.300000000000000000e+01 5.400000000000000000e+01 0.000000000000000000e+00 1.600000000000000089e+00 7.529999999999999801e-04 1.210000000000000002e-04 1.000000000000000000e+00 -3.495969999999999911e-01 9.368999999999999551e-01 1.489999999999999897e-04 -9.368999999999999551e-01 -3.495969999999999911e-01 7.479999999999999670e-04
2.000000000000000000e+01 6.300000000000000000e+01 5.400000000000000000e+01 0.000000000000000000e+00 1.600000000000000089e+00 -5.029999999999999749e-04 4.569999999999999952e-04 1.000000000000000000e+00 -3.487979999999999969e-01 9.371979999999999755e-01 -6.040000000000000447e-04 -9.371979999999999755e-01 -3.487979999999999969e-01 -3.119999999999999944e-04
2.900000000000000000e+01 6.300000000000000000e+01 5.400000000000000000e+01 0.000000000000000000e+00 1.600000000000000089e+00 1.350999999999999987e-03 1.796000000000000070e-03 9.999970000000000248e-01 -3.536779999999999924e-01 9.353660000000000307e-01 -1.201999999999999943e-03 -9.353660000000000307e-01 -3.536759999999999904e-01 1.897999999999999948e-03
7.000000000000000000e+00 2.500000000000000000e+01 5.500000000000000000e+01 0.000000000000000000e+00 1.600000000000000089e+00 -1.779999999999999898e-04 -1.144999999999999967e-03 -9.999989999999999712e-01 -1.249300000000000063e-02 -9.999209999999999487e-01 1.147000000000000016e-03 -9.999219999999999775e-01 1.249399999999999990e-02 1.640000000000000019e-04
1.200000000000000000e+01 2.500000000000000000e+01 5.500000000000000000e+01 0.000000000000000000e+00 1.600000000000000089e+00 -9.420000000000000205e-04 -2.083000000000000216e-03 -9.999970000000000248e-01 -1.111900000000000041e-02 -9.999360000000000470e-01 2.092999999999999809e-03 -9.999379999999999935e-01 1.112100000000000068e-02 9.190000000000000035e-04
1.600000000000000000e+01 2.500000000000000000e+01 5.500000000000000000e+01 0.000000000000000000e+00 1.600000000000000089e+00 7.420000000000000380e-04 4.299999999999999894e-04 -1.000000000000000000e+00 -1.127399999999999930e-02 -9.999360000000000470e-01 -4.380000000000000213e-04 -9.999360000000000470e-01 1.127399999999999930e-02 -7.370000000000000249e-04
1.800000000000000000e+01 2.500000000000000000e+01 5.500000000000000000e+01 0.000000000000000000e+00 1.600000000000000089e+00 1.196999999999999930e-03 2.978000000000000178e-03 -9.999949999999999672e-01 -1.139899999999999941e-02 -9.999310000000000143e-01 -2.991000000000000169e-03 -9.999339999999999895e-01 1.140299999999999994e-02 -1.162999999999999971e-03
2.900000000000000000e+01 2.500000000000000000e+01 5.500000000000000000e+01 0.000000000000000000e+00 1.600000000000000089e+00 1.838000000000000007e-03 -6.512000000000000427e-03 -9.999770000000000048e-01 -1.257600000000000037e-02 -9.999000000000000110e-01 6.488999999999999976e-03 -9.999190000000000023e-01 1.256400000000000051e-02 -1.920000000000000049e-03
1.700000000000000000e+01 5.800000000000000000e+01 5.900000000000000000e+01 0.000000000000000000e+00 1.600000000000000089e+00 -4.341000000000000240e-03 5.394000000000000357e-03 -9.999759999999999760e-01 3.868610000000000104e-01 9.221319999999999517e-01 3.295000000000000186e-03 9.221279999999999477e-01 -3.868369999999999864e-01 -6.088999999999999795e-03
2.400000000000000000e+01 3.000000000000000000e+00 6.300000000000000000e+01 0.000000000000000000e+00 1.600000000000000089e+00 3.517000000000000161e-03 -7.054000000000000374e-03 9.999689999999999968e-01 -6.167240000000000499e-01 7.871409999999999796e-01 7.721999999999999698e-03 -7.871709999999999541e-01 -6.167319999999999469e-01 -1.582000000000000073e-03
2.700000000000000000e+01 3.000000000000000000e+00 6.300000000000000000e+01 0.000000000000000000e+00 1.600000000000000089e+00 1.528999999999999977e-03 -5.285999999999999900e-03 9.999850000000000128e-01 -6.163189999999999502e-01 7.874799999999999578e-01 5.105000000000000163e-03 -7.874949999999999450e-01 -6.163170000000000037e-01 -2.053000000000000137e-03
4.000000000000000000e+00 2.700000000000000000e+01 6.300000000000000000e+01 0.000000000000000000e+00 1.600000000000000089e+00 2.469999999999999973e-03 9.150000000000000147e-03 9.999550000000000383e-01 -2.729159999999999919e-01 9.620030000000000525e-01 -8.129000000000000808e-03 -9.620349999999999735e-01 -2.728840000000000154e-01 4.872999999999999728e-03
1.200000000000000000e+01 2.700000000000000000e+01 6.300000000000000000e+01 0.000000000000000000e+00 1.600000000000000089e+00 -1.693999999999999976e-03 -5.928000000000000110e-03 9.999810000000000088e-01 -2.775340000000000029e-01 9.607019999999999449e-01 5.224999999999999610e-03 -9.607139999999999569e-01 -2.775199999999999889e-01 -3.272999999999999868e-03
1.600000000000000000e+01 2.700000000000000000e+01 6.300000000000000000e+01 0.000000000000000000e+00 1.600000000000000089e+00 7.100000000000000462e-05 -9.145999999999999616e-03 9.999580000000000135e-01 -2.796580000000000177e-01 9.600589999999999957e-01 8.800999999999999795e-03 -9.600999999999999535e-01 -2.796469999999999789e-01 -2.490000000000000026e-03
2.400000000000000000e+01 2.700000000000000000e+01 6.300000000000000000e+01 0.000000000000000000e+00 1.600000000000000089e+00 2.439999999999999949e-04 1.286999999999999950e-03 9.999989999999999712e-01 -2.829269999999999841e-01 9.591410000000000213e-01 -1.165000000000000020e-03 -9.591410000000000213e-01 -2.829269999999999841e-01 5.980000000000000072e-04
2.800000000000000000e+01 2.700000000000000000e+01 6.300000000000000000e+01 0.000000000000000000e+00 1.600000000000000089e+00 2.579999999999999828e-04 1.667999999999999995e-03 9.999989999999999712e-01 -2.830230000000000246e-01 9.591119999999999646e-01 -1.526999999999999929e-03 -9.591129999999999933e-01 -2.830219999999999958e-01 7.190000000000000210e-04
7.000000000000000000e+00 2.600000000000000000e+01 6.400000000000000000e+01 0.000000000000000000e+00 1.600000000000000089e+00 -3.122000000000000209e-03 7.524000000000000306e-03 9.999670000000000503e-01 -3.504809999999999870e-01 9.365339999999999776e-01 -8.141000000000000666e-03 -9.365649999999999809e-01 -3.504950000000000010e-01 -2.869999999999999830e-04
1.200000000000000000e+01 2.600000000000000000e+01 6.400000000000000000e+01 0.000000000000000000e+00 1.600000000000000089e+00 -8.840000000000000201e-04 -5.956999999999999622e-03 9.999820000000000375e-01 -3.590119999999999978e-01 9.333179999999999810e-01 5.242000000000000132e-03 -9.333329999999999682e-01 -3.589999999999999858e-01 -2.964000000000000055e-03
1.600000000000000000e+01 2.600000000000000000e+01 6.400000000000000000e+01 0.000000000000000000e+00 1.600000000000000089e+00 1.141000000000000087e-03 -8.845000000000000431e-03 9.999599999999999600e-01 -3.601239999999999997e-01 9.328640000000000265e-01 8.661999999999999561e-03 -9.329039999999999555e-01 -3.601190000000000224e-01 -2.121000000000000055e-03
2.100000000000000000e+01 2.600000000000000000e+01 6.400000000000000000e+01 0.000000000000000000e+00 1.600000000000000089e+00 4.000000000000000192e-04 1.761999999999999894e-03 9.999980000000000535e-01 -3.627059999999999729e-01 9.319020000000000081e-01 -1.497000000000000067e-03 -9.319030000000000369e-01 -3.627049999999999996e-01 1.012000000000000096e-03
2.800000000000000000e+01 2.600000000000000000e+01 6.400000000000000000e+01 0.000000000000000000e+00 1.600000000000000089e+00 3.289999999999999739e-04 2.345999999999999995e-03 9.999970000000000248e-01 -3.626599999999999824e-01 9.319190000000000529e-01 -2.066999999999999827e-03 -9.319220000000000281e-01 -3.626579999999999804e-01 1.157000000000000042e-03
5.000000000000000000e+00 2.500000000000000000e+01 7.300000000000000000e+01 0.000000000000000000e+00 1.600000000000000089e+00 5.479999999999999845e-04 -1.476000000000000098e-03 9.999989999999999712e-01 7.485800000000000232e-01 -6.630430000000000490e-01 -1.387999999999999911e-03 6.630439999999999667e-01 7.485800000000000232e-01 7.420000000000000380e-04
1.400000000000000000e+01 2.500000000000000000e+01 7.300000000000000000e+01 0.000000000000000000e+00 1.600000000000000089e+00 1.332000000000000068e-03 2.265000000000000086e-03 9.999970000000000248e-01 7.564570000000000460e-01 -6.540430000000000410e-01 4.739999999999999747e-04 6.540420000000000122e-01 7.564539999999999598e-01 -2.585000000000000058e-03
1.900000000000000000e+01 2.500000000000000000e+01 7.300000000000000000e+01 0.000000000000000000e+00 1.600000000000000089e+00 -1.570999999999999914e-03 -3.250999999999999984e-03 9.999930000000000208e-01 7.560700000000000198e-01 -6.544900000000000162e-01 -9.399999999999999719e-04 6.544889999999999874e-01 7.560639999999999583e-01 3.485999999999999949e-03
2.500000000000000000e+01 2.500000000000000000e+01 7.300000000000000000e+01 0.000000000000000000e+00 1.600000000000000089e+00 2.000000000000000096e-04 8.930000000000000221e-04 1.000000000000000000e+00 7.543429999999999858e-01 -6.564809999999999812e-01 4.350000000000000026e-04 6.564809999999999812e-01 7.543419999999999570e-01 -8.050000000000000515e-04
6.000000000000000000e+00 4.400000000000000000e+01 7.300000000000000000e+01 0.000000000000000000e+00 1.600000000000000089e+00 3.980000000000000248e-04 -2.255000000000000060e-03 9.999970000000000248e-01 4.815900000000000042e-02 -9.988369999999999749e-01 -2.271000000000000015e-03 9.988399999999999501e-01 4.816000000000000142e-02 -2.889999999999999774e-04
1.600000000000000000e+01 4.400000000000000000e+01 7.300000000000000000e+01 0.000000000000000000e+00 1.600000000000000089e+00 -1.779999999999999898e-04 -2.344999999999999862e-03 9.999970000000000248e-01 4.848800000000000332e-02 -9.988209999999999589e-01 -2.333000000000000004e-03 9.988240000000000451e-01 4.848700000000000232e-02 2.910000000000000260e-04
2.200000000000000000e+01 4.400000000000000000e+01 7.300000000000000000e+01 0.000000000000000000e+00 1.600000000000000089e+00 5.330000000000000536e-04 2.119999999999999923e-03 9.999980000000000535e-01 5.017400000000000332e-02 -9.987380000000000146e-01 2.090999999999999977e-03 9.987399999999999611e-01 5.017300000000000232e-02 -6.390000000000000280e-04
2.600000000000000000e+01 4.400000000000000000e+01 7.300000000000000000e+01 0.000000000000000000e+00 1.600000000000000089e+00 3.559999999999999797e-04 -2.003000000000000006e-03 9.999980000000000535e-01 5.176300000000000345e-02 -9.986570000000000169e-01 -2.017999999999999829e-03 9.986589999999999634e-01 5.176300000000000345e-02 -2.519999999999999996e-04
3.000000000000000000e+01 4.400000000000000000e+01 7.300000000000000000e+01 0.000000000000000000e+00 1.600000000000000089e+00 -8.589999999999999546e-04 -3.910000000000000281e-03 9.999919999999999920e-01 5.142499999999999849e-02 -9.986690000000000289e-01 -3.860000000000000150e-03 9.986760000000000081e-01 5.142100000000000143e-02 1.059000000000000045e-03
1.000000000000000000e+00 5.100000000000000000e+01 7.600000000000000000e+01 0.000000000000000000e+00 1.600000000000000089e+00 -6.019999999999999961e-04 1.123999999999999999e-03 -9.999989999999999712e-01 -4.164410000000000056e-01 -9.091630000000000544e-01 -7.709999999999999840e-04 -9.091630000000000544e-01 4.164399999999999769e-01 1.015000000000000060e-03
7.000000000000000000e+00 5.100000000000000000e+01 7.600000000000000000e+01 0.000000000000000000e+00 1.600000000000000089e+00 -6.880000000000000265e-04 4.669000000000000407e-03 -9.999890000000000168e-01 -4.138769999999999949e-01 -9.103240000000000220e-01 -3.964999999999999775e-03 -9.103329999999999478e-01 4.138700000000000156e-01 2.559000000000000077e-03
6.000000000000000000e+00 9.100000000000000000e+01 7.600000000000000000e+01 0.000000000000000000e+00 1.600000000000000089e+00 1.579999999999999916e-04 1.348000000000000023e-03 9.999989999999999712e-01 3.169239999999999835e-01 -9.484500000000000153e-01 1.227999999999999925e-03 9.484510000000000440e-01 3.169239999999999835e-01 -5.770000000000000389e-04
1.200000000000000000e+01 9.100000000000000000e+01 7.600000000000000000e+01 0.000000000000000000e+00 1.600000000000000089e+00 5.810000000000000277e-04 3.490000000000000263e-04 1.000000000000000000e+00 3.159179999999999766e-01 -9.487870000000000470e-01 1.479999999999999925e-04 9.487860000000000182e-01 3.159170000000000034e-01 -6.620000000000000450e-04
2.100000000000000000e+01 9.100000000000000000e+01 7.600000000000000000e+01 0.000000000000000000e+00 1.600000000000000089e+00 -2.023000000000000059e-03 -7.140000000000000079e-04 9.999980000000000535e-01 3.182840000000000114e-01 -9.479950000000000321e-01 -3.300000000000000253e-05 9.479929999999999746e-01 3.182829999999999826e-01 2.145000000000000205e-03
9.000000000000000000e+00 9.000000000000000000e+00 8.200000000000000000e+01 0.000000000000000000e+00 1.600000000000000089e+00 2.384999999999999967e-03 -1.051999999999999984e-03 -9.999970000000000248e-01 5.743749999999999689e-01 8.185919999999999863e-01 5.090000000000000123e-04 8.185890000000000111e-01 -5.743740000000000512e-01 2.556000000000000112e-03
