2.600000000000000000e+01 2.500000000000000000e+01 1.000000000000000000e+00 0.000000000000000000e+00 1.600000000000000089e+00 -5.598299999999999804e-02 -1.139599999999999988e-02 -9.983670000000000044e-01 -5.384970000000000034e-01 -8.416869999999999630e-01 3.980399999999999910e-02 -8.407660000000000133e-01 5.398460000000000480e-01 4.098299999999999860e-02
2.000000000000000000e+00 1.600000000000000000e+01 4.000000000000000000e+00 0.000000000000000000e+00 1.600000000000000089e+00 -1.954000000000000008e-03 1.194399999999999976e-02 9.999270000000000103e-01 3.247220000000000106e-01 -9.457339999999999636e-01 1.193100000000000063e-02 9.458069999999999533e-01 3.247220000000000106e-01 -2.030000000000000120e-03
5.000000000000000000e+00 1.600000000000000000e+01 4.000000000000000000e+00 0.000000000000000000e+00 1.600000000000000089e+00 -3.330000000000000169e-04 8.574999999999999289e-03 9.999630000000000463e-01 3.237160000000000037e-01 -9.461180000000000145e-01 8.220999999999999142e-03 9.461540000000000505e-01 3.237070000000000225e-01 -2.461000000000000080e-03
1.400000000000000000e+01 1.600000000000000000e+01 4.000000000000000000e+00 0.000000000000000000e+00 1.600000000000000089e+00 -2.271000000000000015e-03 5.465000000000000240e-03 9.999820000000000375e-01 3.230979999999999963e-01 -9.463470000000000493e-01 5.905999999999999792e-03 9.463629999999999542e-01 3.231060000000000043e-01 3.829999999999999854e-04
1.800000000000000000e+01 1.600000000000000000e+01 4.000000000000000000e+00 0.000000000000000000e+00 1.600000000000000089e+00 2.397999999999999958e-03 6.346000000000000078e-03 9.999770000000000048e-01 3.248019999999999796e-01 -9.457680000000000531e-01 5.223000000000000212e-03 9.457790000000000363e-01 3.247820000000000151e-01 -4.329000000000000382e-03
2.300000000000000000e+01 1.600000000000000000e+01 4.000000000000000000e+00 0.000000000000000000e+00 1.600000000000000089e+00 3.372100000000000097e-02 -1.019290000000000057e-01 9.942199999999999926e-01 3.396339999999999915e-01 -9.344149999999999956e-01 -1.073169999999999957e-01 9.399530000000000385e-01 3.412899999999999823e-01 3.108999999999999785e-03
2.000000000000000000e+01 1.010000000000000000e+02 7.000000000000000000e+00 0.000000000000000000e+00 1.600000000000000089e+00 2.824999999999999820e-03 1.237100000000000005e-02 9.999190000000000023e-01 8.902919999999999723e-01 4.553170000000000273e-01 -8.148999999999999994e-03 -4.553820000000000090e-01 8.902430000000000065e-01 -9.726999999999999535e-03
2.500000000000000000e+01 1.010000000000000000e+02 7.000000000000000000e+00 0.000000000000000000e+00 1.600000000000000089e+00 -1.569999999999999944e-04 4.102999999999999703e-02 9.991579999999999906e-01 8.874800000000000466e-01 4.604639999999999844e-01 -1.876900000000000096e-02 -4.608459999999999779e-01 8.867300000000000182e-01 -3.648599999999999760e-02
2.600000000000000000e+01 2.500000000000000000e+01 8.000000000000000000e+00 0.000000000000000000e+00 1.600000000000000089e+00 5.513599999999999751e-02 1.784779999999999978e-01 -9.823979999999999935e-01 4.554989999999999872e-01 8.710529999999999662e-01 1.838130000000000042e-01 8.885269999999999557e-01 -4.576160000000000228e-01 -3.327000000000000096e-02
3.000000000000000000e+00 2.600000000000000000e+01 8.000000000000000000e+00 0.000000000000000000e+00 1.600000000000000089e+00 -3.089999999999999865e-03 3.465000000000000198e-03 -9.999890000000000168e-01 4.287290000000000267e-01 9.034309999999999841e-01 1.806000000000000097e-03 9.034280000000000088e-01 -4.287190000000000167e-01 -4.277000000000000419e-03
8.000000000000000000e+00 2.600000000000000000e+01 8.000000000000000000e+00 0.000000000000000000e+00 1.600000000000000089e+00 -2.263999999999999953e-03 -9.860000000000000708e-03 -9.999489999999999768e-01 4.272029999999999994e-01 9.041019999999999612e-01 -9.882000000000000159e-03 9.041529999999999845e-01 -4.272039999999999726e-01 2.164999999999999824e-03
1.200000000000000000e+01 2.600000000000000000e+01 8.000000000000000000e+00 0.000000000000000000e+00 1.600000000000000089e+00 -3.102000000000000157e-03 -1.488300000000000040e-02 -9.998839999999999950e-01 4.272699999999999831e-01 9.040030000000000010e-01 -1.478100000000000074e-02 9.041190000000000060e-01 -4.272670000000000079e-01 3.555000000000000000e-03
1.800000000000000000e+01 2.600000000000000000e+01 8.000000000000000000e+00 0.000000000000000000e+00 1.600000000000000089e+00 7.240000000000000342e-04 1.275000000000000092e-03 -9.999989999999999712e-01 4.289109999999999867e-01 9.033449999999999536e-01 1.463000000000000108e-03 9.033459999999999823e-01 -4.289120000000000155e-01 1.069999999999999988e-04
4.000000000000000000e+00 1.400000000000000000e+01 9.000000000000000000e+00 0.000000000000000000e+00 1.600000000000000089e+00 4.976999999999999653e-03 1.007300000000000036e-02 -9.999369999999999647e-01 -5.543890000000000207e-01 -8.321830000000000060e-01 -1.114200000000000086e-02 -8.322420000000000373e-01 5.544099999999999584e-01 1.441999999999999922e-03
8.000000000000000000e+00 1.400000000000000000e+01 9.000000000000000000e+00 0.000000000000000000e+00 1.600000000000000089e+00 2.445000000000000125e-03 3.079000000000000140e-03 -9.999919999999999920e-01 -5.551300000000000123e-01 -8.317550000000000221e-01 -3.917999999999999608e-03 -8.317600000000000549e-01 5.551350000000000451e-01 -3.240000000000000150e-04
2.600000000000000000e+01 2.400000000000000000e+01 9.000000000000000000e+00 0.000000000000000000e+00 1.600000000000000089e+00 5.031900000000000261e-02 1.870269999999999988e-01 -9.810649999999999649e-01 4.608360000000000234e-01 8.671389999999999931e-01 1.889450000000000018e-01 8.860580000000000123e-01 -4.616179999999999728e-01 -4.255500000000000255e-02
3.000000000000000000e+01 1.020000000000000000e+02 9.000000000000000000e+00 0.000000000000000000e+00 1.600000000000000089e+00 3.788000000000000134e-03 1.435000000000000078e-03 9.999919999999999920e-01 9.228720000000000256e-01 3.850859999999999839e-01 -4.048000000000000383e-03 -3.850890000000000146e-01 9.228800000000000336e-01 1.350000000000000017e-04
2.300000000000000000e+01 4.000000000000000000e+00 1.100000000000000000e+01 0.000000000000000000e+00 1.600000000000000089e+00 -6.201799999999999674e-02 -6.636750000000000149e-01 -7.454450000000000243e-01 1.730780000000000096e-01 7.284159999999999524e-01 -6.629129999999999745e-01 9.829539999999999944e-01 -1.701320000000000054e-01 6.969200000000000395e-02
2.000000000000000000e+00 3.100000000000000000e+01 1.200000000000000000e+01 0.000000000000000000e+00 1.600000000000000089e+00 8.490000000000000368e-04 1.090999999999999956e-03 9.999989999999999712e-01 1.421900000000000074e-02 9.998979999999999535e-01 -1.103000000000000031e-03 -9.998989999999999823e-01 1.422000000000000000e-02 8.329999999999999731e-04
1.500000000000000000e+01 3.100000000000000000e+01 1.200000000000000000e+01 0.000000000000000000e+00 1.600000000000000089e+00 2.799999999999999755e-04 -4.100000000000000047e-05 1.000000000000000000e+00 1.740399999999999933e-02 9.998489999999999878e-01 3.600000000000000091e-05 -9.998479999999999590e-01 1.740399999999999933e-02 2.799999999999999755e-04
2.300000000000000000e+01 3.100000000000000000e+01 1.200000000000000000e+01 0.000000000000000000e+00 1.600000000000000089e+00 2.494999999999999822e-03 3.690000000000000138e-03 9.999900000000000455e-01 1.062899999999999956e-02 9.999369999999999647e-01 -3.716999999999999818e-03 -9.999400000000000510e-01 1.063799999999999989e-02 2.455000000000000151e-03
2.800000000000000000e+01 3.500000000000000000e+01 1.200000000000000000e+01 0.000000000000000000e+00 1.600000000000000089e+00 8.094000000000000500e-03 -2.756899999999999976e-02 -9.995870000000000033e-01 5.362449999999999717e-01 -8.436109999999999998e-01 2.760900000000000160e-02 -8.440239999999999965e-01 -5.362470000000000292e-01 7.955999999999999531e-03
1.800000000000000000e+01 3.200000000000000000e+01 1.400000000000000000e+01 0.000000000000000000e+00 1.600000000000000089e+00 1.670999999999999959e-03 1.936999999999999920e-03 -9.999970000000000248e-01 1.270380000000000120e-01 9.918959999999999999e-01 2.134000000000000046e-03 9.918959999999999999e-01 -1.270409999999999873e-01 1.410999999999999928e-03
2.600000000000000000e+01 1.200000000000000000e+01 1.500000000000000000e+01 0.000000000000000000e+00 1.600000000000000089e+00 -4.265700000000000047e-02 -5.996400000000000341e-02 -9.972889999999999810e-01 -4.634539999999999771e-01 -8.831149999999999833e-01 7.292200000000000071e-02 -8.850930000000000186e-01 4.653079999999999994e-01 9.879999999999999893e-03
5.000000000000000000e+00 1.160000000000000000e+02 1.600000000000000000e+01 0.000000000000000000e+00 1.600000000000000089e+00 -1.758999999999999930e-03 -2.033999999999999784e-03 9.999959999999999960e-01 7.040960000000000552e-01 7.100999999999999535e-01 2.683000000000000055e-03 -7.101030000000000397e-01 7.040980000000000016e-01 1.840000000000000001e-04
9.000000000000000000e+00 1.160000000000000000e+02 1.600000000000000000e+01 0.000000000000000000e+00 1.600000000000000089e+00 -8.970000000000000109e-04 -6.599999999999999964e-04 9.999989999999999712e-01 6.774850000000000039e-01 7.355359999999999676e-01 1.093000000000000005e-03 -7.355359999999999676e-01 6.774860000000000326e-01 -2.130000000000000003e-04
1.200000000000000000e+01 1.160000000000000000e+02 1.600000000000000000e+01 0.000000000000000000e+00 1.600000000000000089e+00 7.169999999999999724e-04 8.940000000000000464e-04 9.999989999999999712e-01 6.721089999999999565e-01 7.404509999999999703e-01 -1.144000000000000052e-03 -7.404519999999999991e-01 6.721089999999999565e-01 -6.999999999999999387e-05
2.000000000000000000e+01 1.160000000000000000e+02 1.600000000000000000e+01 0.000000000000000000e+00 1.600000000000000089e+00 5.369999999999999774e-03 6.231999999999999693e-03 9.999660000000000215e-01 6.857410000000000450e-01 7.277989999999999737e-01 -8.219000000000000611e-03 -7.278259999999999730e-01 6.857619999999999827e-01 -3.660000000000000059e-04
2.300000000000000000e+01 1.160000000000000000e+02 1.600000000000000000e+01 0.000000000000000000e+00 1.600000000000000089e+00 1.552899999999999940e-02 2.568399999999999850e-02 9.995500000000000496e-01 7.016139999999999599e-01 7.119590000000000085e-01 -2.919499999999999873e-02 -7.123880000000000212e-01 7.017510000000000137e-01 -6.963999999999999704e-03
3.000000000000000000e+01 1.160000000000000000e+02 1.600000000000000000e+01 0.000000000000000000e+00 1.600000000000000089e+00 4.249999999999999763e-04 3.602999999999999866e-03 9.999930000000000208e-01 7.550310000000000077e-01 6.556840000000000446e-01 -2.683000000000000055e-03 -6.556889999999999663e-01 7.550270000000000037e-01 -2.442000000000000160e-03
3.000000000000000000e+00 2.000000000000000000e+00 1.900000000000000000e+01 0.000000000000000000e+00 1.600000000000000089e+00 -2.840000000000000185e-04 8.118999999999999481e-03 -9.999670000000000503e-01 1.584180000000000033e-01 -9.873389999999999667e-01 -8.061000000000000457e-03 -9.873720000000000274e-01 -1.584150000000000003e-01 -1.005000000000000034e-03
8.000000000000000000e+00 2.000000000000000000e+00 1.900000000000000000e+01 0.000000000000000000e+00 1.600000000000000089e+00 3.289999999999999956e-03 2.120000000000000031e-04 -9.999949999999999672e-01 1.601819999999999911e-01 -9.870870000000000477e-01 3.179999999999999776e-04 -9.870820000000000149e-01 -1.601819999999999911e-01 -3.282000000000000195e-03
1.100000000000000000e+01 2.000000000000000000e+00 1.900000000000000000e+01 0.000000000000000000e+00 1.600000000000000089e+00 2.910999999999999959e-03 -1.804999999999999964e-03 -9.999940000000000495e-01 1.613860000000000017e-01 -9.868890000000000162e-01 2.250999999999999963e-03 -9.868869999999999587e-01 -1.613920000000000077e-01 -2.580999999999999961e-03
1.600000000000000000e+01 2.000000000000000000e+00 1.900000000000000000e+01 0.000000000000000000e+00 1.600000000000000089e+00 -7.110000000000000434e-04 -8.770000000000000018e-03 -9.999609999999999888e-01 1.622190000000000021e-01 -9.867179999999999840e-01 8.538000000000000450e-03 -9.867550000000000487e-01 -1.622069999999999901e-01 2.124000000000000020e-03
2.300000000000000000e+01 2.000000000000000000e+00 1.900000000000000000e+01 0.000000000000000000e+00 1.600000000000000089e+00 -1.355499999999999934e-02 3.483900000000000191e-02 -9.993009999999999948e-01 1.820469999999999866e-01 -9.826040000000000330e-01 -3.672600000000000170e-02 -9.831959999999999589e-01 -1.824169999999999958e-01 6.976999999999999695e-03
4.000000000000000000e+00 1.300000000000000000e+01 2.000000000000000000e+01 0.000000000000000000e+00 1.600000000000000089e+00 2.199999999999999943e-05 -7.060000000000000303e-04 1.000000000000000000e+00 2.603960000000000163e-01 9.655019999999999714e-01 6.750000000000000357e-04 -9.655019999999999714e-01 2.603960000000000163e-01 2.049999999999999956e-04
1.000000000000000000e+01 1.300000000000000000e+01 2.000000000000000000e+01 0.000000000000000000e+00 1.600000000000000089e+00 1.077999999999999965e-03 -2.609000000000000208e-03 9.999959999999999960e-01 2.620580000000000132e-01 9.650499999999999634e-01 2.236000000000000140e-03 -9.650520000000000209e-01 2.620540000000000092e-01 1.724000000000000055e-03
1.500000000000000000e+01 1.300000000000000000e+01 2.000000000000000000e+01 0.000000000000000000e+00 1.600000000000000089e+00 9.759999999999999796e-04 9.340000000000000429e-04 9.999989999999999712e-01 2.622289999999999899e-01 9.650050000000000017e-01 -1.157000000000000042e-03 -9.650050000000000017e-01 2.622300000000000186e-01 6.970000000000000284e-04
1.900000000000000000e+01 1.300000000000000000e+01 2.000000000000000000e+01 0.000000000000000000e+00 1.600000000000000089e+00 1.129999999999999928e-03 1.087399999999999999e-02 9.999400000000000510e-01 2.614699999999999802e-01 9.651509999999999811e-01 -1.079100000000000024e-02 -9.652110000000000412e-01 2.614670000000000050e-01 -1.752000000000000085e-03
2.600000000000000000e+01 1.300000000000000000e+01 2.000000000000000000e+01 0.000000000000000000e+00 1.600000000000000089e+00 3.975000000000000235e-03 6.028399999999999731e-02 9.981729999999999769e-01 2.600520000000000054e-01 9.637759999999999661e-01 -5.924200000000000299e-02 -9.655869999999999731e-01 2.598119999999999874e-01 -1.184600000000000063e-02
4.000000000000000000e+00 1.600000000000000000e+01 2.100000000000000000e+01 0.000000000000000000e+00 1.600000000000000089e+00 1.020999999999999989e-03 2.526000000000000034e-03 9.999959999999999960e-01 2.984299999999999731e-01 9.544280000000000541e-01 -2.716000000000000098e-03 -9.544310000000000294e-01 2.984310000000000018e-01 2.200000000000000078e-04
1.200000000000000000e+01 1.600000000000000000e+01 2.100000000000000000e+01 0.000000000000000000e+00 1.600000000000000089e+00 6.359999999999999551e-04 -1.461999999999999975e-03 9.999989999999999712e-01 2.978390000000000204e-01 9.546160000000000201e-01 1.206000000000000041e-03 -9.546160000000000201e-01 2.978370000000000184e-01 1.043000000000000090e-03
1.600000000000000000e+01 1.600000000000000000e+01 2.100000000000000000e+01 0.000000000000000000e+00 1.600000000000000089e+00 2.030000000000000012e-04 2.027999999999999855e-03 9.999980000000000535e-01 2.956239999999999979e-01 9.553019999999999845e-01 -1.997000000000000077e-03 -9.553040000000000420e-01 2.956230000000000246e-01 -4.049999999999999781e-04
1.900000000000000000e+01 1.600000000000000000e+01 2.100000000000000000e+01 0.000000000000000000e+00 1.600000000000000089e+00 1.137999999999999906e-03 1.013099999999999938e-02 9.999479999999999480e-01 2.948620000000000130e-01 9.554869999999999752e-01 -1.001600000000000060e-02 -9.555390000000000272e-01 2.948580000000000090e-01 -1.899999999999999996e-03
2.600000000000000000e+01 1.600000000000000000e+01 2.100000000000000000e+01 0.000000000000000000e+00 1.600000000000000089e+00 6.911999999999999741e-03 6.489000000000000323e-02 9.978679999999999772e-01 2.974800000000000222e-01 9.525799999999999823e-01 -6.400599999999999346e-02 -9.547029999999999683e-01 2.972890000000000255e-01 -1.272000000000000040e-02
3.000000000000000000e+01 3.000000000000000000e+00 2.500000000000000000e+01 0.000000000000000000e+00 1.600000000000000089e+00 4.438000000000000105e-03 -5.395999999999999755e-03 9.999759999999999760e-01 -3.336599999999999983e-02 -9.994290000000000118e-01 -5.244999999999999662e-03 9.994330000000000158e-01 -3.334199999999999664e-02 -4.616000000000000311e-03
1.600000000000000000e+01 4.600000000000000000e+01 2.700000000000000000e+01 0.000000000000000000e+00 1.600000000000000089e+00 1.152999999999999945e-03 1.619999999999999912e-03 -9.999980000000000535e-01 6.885750000000000481e-01 7.251630000000000020e-01 1.968999999999999830e-03 7.251640000000000308e-01 -6.885759999999999659e-01 -2.790000000000000054e-04
2.000000000000000000e+00 5.800000000000000000e+01 3.100000000000000000e+01 0.000000000000000000e+00 1.600000000000000089e+00 -3.817000000000000080e-03 5.899999999999999754e-05 9.999930000000000208e-01 -7.967109999999999470e-01 -6.043530000000000291e-01 -3.005999999999999991e-03 6.043479999999999963e-01 -7.967170000000000085e-01 2.354000000000000190e-03
7.000000000000000000e+00 5.800000000000000000e+01 3.100000000000000000e+01 0.000000000000000000e+00 1.600000000000000089e+00 1.279999999999999942e-04 5.439999999999999957e-04 1.000000000000000000e+00 -7.967400000000000038e-01 -6.043220000000000258e-01 4.310000000000000137e-04 6.043220000000000258e-01 -7.967400000000000038e-01 3.559999999999999797e-04
1.300000000000000000e+01 5.800000000000000000e+01 3.100000000000000000e+01 0.000000000000000000e+00 1.600000000000000089e+00 -1.023000000000000038e-03 -8.399999999999999535e-05 1.000000000000000000e+00 -7.980620000000000491e-01 -6.025749999999999718e-01 -8.670000000000000406e-04 6.025749999999999718e-01 -7.980620000000000491e-01 5.490000000000000088e-04
1.800000000000000000e+01 5.800000000000000000e+01 3.100000000000000000e+01 0.000000000000000000e+00 1.600000000000000089e+00 9.150000000000000147e-04 -1.502999999999999996e-03 9.999980000000000535e-01 -7.980570000000000164e-01 -6.025819999999999510e-01 -1.749999999999999982e-04 6.025810000000000333e-01 -7.980549999999999589e-01 -1.750000000000000036e-03
2.300000000000000000e+01 5.800000000000000000e+01 3.100000000000000000e+01 0.000000000000000000e+00 1.600000000000000089e+00 2.007300000000000056e-02 3.831099999999999783e-02 9.990639999999999521e-01 -7.895790000000000308e-01 -6.123859999999999859e-01 3.934700000000000003e-02 6.133210000000000051e-01 -7.896300000000000541e-01 1.795700000000000074e-02
2.900000000000000000e+01 5.800000000000000000e+01 3.100000000000000000e+01 0.000000000000000000e+00 1.600000000000000089e+00 6.082999999999999866e-03 1.358000000000000006e-02 9.998890000000000278e-01 -7.692560000000000509e-01 -6.388019999999999810e-01 1.335599999999999982e-02 6.389120000000000354e-01 -7.692520000000000469e-01 6.560999999999999992e-03
9.000000000000000000e+00 3.200000000000000000e+01 3.300000000000000000e+01 0.000000000000000000e+00 1.600000000000000089e+00 2.001000000000000174e-03 1.998000000000000210e-03 9.999959999999999960e-01 -2.691890000000000116e-01 9.630859999999999976e-01 -1.386000000000000079e-03 -9.630849999999999689e-01 -2.691850000000000076e-01 2.465000000000000177e-03
2.000000000000000000e+00 4.600000000000000000e+01 3.500000000000000000e+01 0.000000000000000000e+00 1.600000000000000089e+00 5.739999999999999660e-04 3.252000000000000116e-03 -9.999949999999999672e-01 3.901270000000000016e-01 -9.207570000000000476e-01 -2.769999999999999893e-03 -9.207610000000000516e-01 -3.901229999999999976e-01 -1.796999999999999986e-03
1.000000000000000000e+01 4.600000000000000000e+01 3.500000000000000000e+01 0.000000000000000000e+00 1.600000000000000089e+00 9.179999999999999792e-04 -5.733000000000000249e-03 -9.999829999999999552e-01 3.901680000000000148e-01 -9.207269999999999621e-01 5.636000000000000384e-03 -9.207429999999999781e-01 -3.901660000000000128e-01 1.392000000000000008e-03
1.400000000000000000e+01 4.600000000000000000e+01 3.500000000000000000e+01 0.000000000000000000e+00 1.600000000000000089e+00 2.239999999999999966e-04 -6.710000000000000469e-04 -1.000000000000000000e+00 3.893880000000000119e-01 -9.210739999999999483e-01 7.050000000000000060e-04 -9.210739999999999483e-01 -3.893880000000000119e-01 5.500000000000000196e-05
2.300000000000000000e+01 4.600000000000000000e+01 3.500000000000000000e+01 0.000000000000000000e+00 1.600000000000000089e+00 -8.819999999999999715e-04 2.607699999999999949e-02 -9.996599999999999930e-01 3.899659999999999793e-01 -9.205069999999999641e-01 -2.435700000000000018e-02 -9.208290000000000086e-01 -3.898550000000000071e-01 -9.357000000000000733e-03
2.800000000000000000e+01 4.600000000000000000e+01 3.500000000000000000e+01 0.000000000000000000e+00 1.600000000000000089e+00 -6.419999999999999925e-04 1.553200000000000067e-02 -9.998789999999999623e-01 3.939619999999999789e-01 -9.190120000000000511e-01 -1.452900000000000025e-02 -9.191270000000000273e-01 -3.939230000000000231e-01 -5.529000000000000060e-03
3.000000000000000000e+00 9.500000000000000000e+01 3.600000000000000000e+01 0.000000000000000000e+00 1.600000000000000089e+00 -4.301000000000000136e-03 -2.400700000000000056e-02 9.997030000000000083e-01 9.972499999999999698e-01 7.385999999999999510e-02 6.063999999999999946e-03 -7.398399999999999421e-02 9.969799999999999773e-01 2.362399999999999917e-02
6.000000000000000000e+00 9.500000000000000000e+01 3.600000000000000000e+01 0.000000000000000000e+00 1.600000000000000089e+00 -2.278000000000000077e-03 -1.783099999999999963e-02 9.998380000000000045e-01 9.973070000000000546e-01 7.325800000000000367e-02 3.579000000000000150e-03 -7.331000000000000016e-02 9.971539999999999848e-01 1.761599999999999971e-02
1.100000000000000000e+01 9.500000000000000000e+01 3.600000000000000000e+01 0.000000000000000000e+00 1.600000000000000089e+00 -1.257000000000000088e-03 3.980000000000000031e-03 9.999909999999999632e-01 9.970390000000000086e-01 7.688599999999999601e-02 9.470000000000000336e-04 -7.688100000000000489e-02 9.970320000000000293e-01 -4.065000000000000037e-03
1.400000000000000000e+01 9.500000000000000000e+01 3.600000000000000000e+01 0.000000000000000000e+00 1.600000000000000089e+00 -2.099999999999999884e-05 6.598999999999999831e-03 9.999780000000000335e-01 9.968390000000000306e-01 7.945000000000000673e-02 -5.029999999999999749e-04 -7.945199999999999485e-02 9.968169999999999531e-01 -6.579999999999999911e-03
2.900000000000000000e+01 9.500000000000000000e+01 3.600000000000000000e+01 0.000000000000000000e+00 1.600000000000000089e+00 9.553999999999999992e-03 8.307100000000000595e-02 9.964979999999999949e-01 9.971529999999999561e-01 7.375500000000000111e-02 -1.570900000000000074e-02 -7.480199999999999350e-02 9.938109999999999999e-01 -8.212999999999999468e-02
2.600000000000000000e+01 3.000000000000000000e+00 4.300000000000000000e+01 0.000000000000000000e+00 1.600000000000000089e+00 3.227200000000000207e-02 1.820229999999999904e-01 -9.827639999999999709e-01 7.315350000000000463e-01 -6.743010000000000392e-01 -1.008690000000000003e-01 -6.810399999999999787e-01 -7.156709999999999461e-01 -1.549169999999999991e-01
3.000000000000000000e+00 2.900000000000000000e+01 4.400000000000000000e+01 0.000000000000000000e+00 1.600000000000000089e+00 -4.520999999999999845e-03 -1.912000000000000071e-03 -9.999879999999999880e-01 6.762930000000000330e-01 7.366190000000000238e-01 -4.466000000000000351e-03 7.366190000000000238e-01 -6.763050000000000450e-01 -2.037000000000000182e-03
1.400000000000000000e+01 2.900000000000000000e+01 4.400000000000000000e+01 0.000000000000000000e+00 1.600000000000000089e+00 -1.833999999999999910e-03 3.710000000000000190e-04 -9.999980000000000535e-01 6.561139999999999750e-01 7.546610000000000262e-01 -9.240000000000000166e-04 7.546599999999999975e-01 -6.561139999999999750e-01 -1.628000000000000107e-03
2.000000000000000000e+01 2.900000000000000000e+01 4.400000000000000000e+01 0.000000000000000000e+00 1.600000000000000089e+00 2.439999999999999949e-04 4.508999999999999987e-03 -9.999900000000000455e-01 6.544889999999999874e-01 7.560630000000000406e-01 3.569000000000000124e-03 7.560719999999999663e-01 -6.544830000000000370e-01 -2.766999999999999928e-03
2.600000000000000000e+01 2.900000000000000000e+01 4.400000000000000000e+01 0.000000000000000000e+00 1.600000000000000089e+00 1.545499999999999999e-02 2.577899999999999983e-02 -9.995479999999999920e-01 6.485859999999999959e-01 7.605640000000000178e-01 2.964400000000000021e-02 7.609850000000000225e-01 -6.487509999999999666e-01 -4.964999999999999795e-03
7.000000000000000000e+00 7.000000000000000000e+01 4.700000000000000000e+01 0.000000000000000000e+00 1.600000000000000089e+00 -5.379999999999999583e-04 -3.860000000000000041e-04 -1.000000000000000000e+00 -8.422979999999999912e-01 -5.390110000000000179e-01 6.610000000000000207e-04 -5.390110000000000179e-01 8.422990000000000199e-01 -3.499999999999999693e-05
2.900000000000000000e+01 5.000000000000000000e+00 5.100000000000000000e+01 0.000000000000000000e+00 1.600000000000000089e+00 2.328000000000000208e-03 1.802099999999999883e-02 -9.998350000000000293e-01 4.827210000000000112e-01 -8.756519999999999859e-01 -1.465900000000000016e-02 -8.757709999999999662e-01 -4.826070000000000082e-01 -1.073799999999999928e-02
8.000000000000000000e+00 6.000000000000000000e+00 5.100000000000000000e+01 0.000000000000000000e+00 1.600000000000000089e+00 -1.449999999999999900e-03 -2.120000000000000031e-04 -9.999989999999999712e-01 3.236010000000000275e-01 -9.461939999999999795e-01 -2.689999999999999791e-04 -9.461929999999999508e-01 -3.236010000000000275e-01 1.441000000000000007e-03
3.000000000000000000e+00 1.150000000000000000e+02 5.100000000000000000e+01 0.000000000000000000e+00 1.600000000000000089e+00 -2.981999999999999842e-03 -6.769999999999999976e-03 9.999730000000000008e-01 8.445230000000000237e-01 -5.355189999999999673e-01 -1.106999999999999911e-03 5.355119999999999880e-01 8.444960000000000244e-01 7.314000000000000189e-03
1.100000000000000000e+01 7.000000000000000000e+00 5.200000000000000000e+01 0.000000000000000000e+00 1.600000000000000089e+00 3.563000000000000195e-03 -2.521999999999999936e-03 -9.999900000000000455e-01 8.889099999999999779e-02 -9.960369999999999502e-01 2.827999999999999785e-03 -9.960350000000000037e-01 -8.890000000000000679e-02 -3.324999999999999831e-03
2.000000000000000000e+00 6.300000000000000000e+01 5.400000000000000000e+01 0.000000000000000000e+00 1.600000000000000089e+00 -6.849999999999999535e-04 -1.769999999999999926e-04 1.000000000000000000e+00 -3.505719999999999947e-01 9.365360000000000351e-01 -7.399999999999999623e-05 -9.365350000000000064e-01 -3.505719999999999947e-01 -7.039999999999999817e-04
8.000000000000000000e+00 6.300000000000000000e+01 5.400000000000000000e+01 0.000000000000000000e+00 1.600000000000000089e+00 -7.089999999999999948e-04 -1.069999999999999988e-04 1.000000000000000000e+00 -3.534539999999999904e-01 9.354519999999999502e-01 -1.510000000000000112e-04 -9.354519999999999502e-01 -3.534539999999999904e-01 -7.010000000000000172e-04
1.400000000000000000e+01 6.300000000000000000e+01 5.400000000000000000e+01 0.000000000000000000e+00 1.600000000000000089e+00 4.789999999999999879e-04 3.930999999999999599e-03 9.999919999999999920e-01 -3.556400000000000117e-01 9.346170000000000311e-01 -3.504000000000000170e-03 -9.346229999999999816e-01 -3.556349999999999789e-01 1.845999999999999985e-03
1.700000000000000000e+01 6.300000000000000000e+01 5.400000000000000000e+01 0.000000000000000000e+00 1.600000000000000089e+00 -5.569999999999999864e-04 2.693000000000000081e-03 9.999959999999999960e-01 -3.553669999999999884e-01 9.347229999999999706e-01 -2.716000000000000098e-03 -9.347269999999999746e-01 -3.553680000000000172e-01 4.369999999999999970e-04
1.900000000000000000e+01 6.300000000000000000e+01 5.400000000000000000e+01 0.000000000000000000e+00 1.600000000000000089e+00 3.499999999999999693e-05 3.109999999999999917e-03 9.999949999999999672e-01 -3.548839999999999772e-01 9.349060000000000148e-01 -2.896000000000000137e-03 -9.349100000000000188e-01 -3.548819999999999752e-01 1.136000000000000074e-03
2.600000000000000000e+01 6.300000000000000000e+01 5.400000000000000000e+01 0.000000000000000000e+00 1.600000000000000089e+00 5.265999999999999848e-03 2.602099999999999899e-02 9.996469999999999523e-01 -3.526599999999999735e-01 9.354810000000000070e-01 -2.249299999999999911e-02 -9.357370000000000410e-01 -3.524180000000000090e-01 1.410299999999999922e-02
3.000000000000000000e+01 6.300000000000000000e+01 5.400000000000000000e+01 0.000000000000000000e+00 1.600000000000000089e+00 4.337999999999999842e-03 8.390000000000000105e-04 9.999900000000000455e-01 -3.512279999999999847e-01 9.362890000000000379e-01 7.380000000000000492e-04 -9.362800000000000011e-01 -3.512279999999999847e-01 4.355999999999999629e-03
3.000000000000000000e+00 2.500000000000000000e+01 5.500000000000000000e+01 0.000000000000000000e+00 1.600000000000000089e+00 1.115000000000000106e-03 6.290000000000000018e-04 -9.999989999999999712e-01 -1.147300000000000056e-02 -9.999339999999999895e-01 -6.419999999999999925e-04 -9.999339999999999895e-01 1.147399999999999982e-02 -1.108000000000000044e-03
8.000000000000000000e+00 2.500000000000000000e+01 5.500000000000000000e+01 0.000000000000000000e+00 1.600000000000000089e+00 -4.440000000000000045e-04 -1.525000000000000097e-03 -9.999989999999999712e-01 -1.206499999999999934e-02 -9.999259999999999815e-01 1.529999999999999893e-03 -9.999270000000000103e-01 1.206600000000000034e-02 4.260000000000000006e-04
1.200000000000000000e+01 2.500000000000000000e+01 5.500000000000000000e+01 0.000000000000000000e+00 1.600000000000000089e+00 1.479000000000000063e-03 -2.329999999999999986e-04 -9.999989999999999712e-01 -1.240400000000000010e-02 -9.999230000000000063e-01 2.149999999999999947e-04 -9.999219999999999775e-01 1.240300000000000083e-02 -1.482000000000000027e-03
1.800000000000000000e+01 2.500000000000000000e+01 5.500000000000000000e+01 0.000000000000000000e+00 1.600000000000000089e+00 -3.370000000000000057e-04 -2.500000000000000120e-05 -1.000000000000000000e+00 -1.221399999999999916e-02 -9.999249999999999527e-01 3.000000000000000076e-05 -9.999249999999999527e-01 1.221399999999999916e-02 3.359999999999999814e-04
2.400000000000000000e+01 2.500000000000000000e+01 5.500000000000000000e+01 0.000000000000000000e+00 1.600000000000000089e+00 9.899999999999999946e-04 8.798000000000000265e-03 -9.999609999999999888e-01 -1.247400000000000071e-02 -9.998829999999999663e-01 -8.810000000000000123e-03 -9.999219999999999775e-01 1.248200000000000004e-02 -8.800000000000000313e-04
2.700000000000000000e+01 2.500000000000000000e+01 5.500000000000000000e+01 0.000000000000000000e+00 1.600000000000000089e+00 2.360000000000000119e-03 7.884999999999999648e-03 -9.999660000000000215e-01 -1.291300000000000087e-02 -9.998850000000000238e-01 -7.915000000000000160e-03 -9.999139999999999695e-01 1.293200000000000079e-02 -2.258000000000000024e-03
2.700000000000000000e+01 2.100000000000000000e+01 6.000000000000000000e+01 0.000000000000000000e+00 1.600000000000000089e+00 -3.263999999999999974e-03 3.701700000000000129e-02 9.993090000000000028e-01 -9.294600000000000084e-02 9.949770000000000003e-01 -3.715999999999999859e-02 -9.956660000000000510e-01 -9.300300000000000233e-02 1.930000000000000021e-04
2.900000000000000000e+01 3.000000000000000000e+00 6.300000000000000000e+01 0.000000000000000000e+00 1.600000000000000089e+00 1.579000000000000108e-03 2.814600000000000088e-02 9.996030000000000193e-01 -6.177869999999999751e-01 7.860610000000000097e-01 -2.115699999999999872e-02 -7.863440000000000429e-01 -6.175079999999999458e-01 1.862899999999999973e-02
5.000000000000000000e+00 2.700000000000000000e+01 6.300000000000000000e+01 0.000000000000000000e+00 1.600000000000000089e+00 2.052000000000000005e-03 2.328000000000000208e-03 9.999949999999999672e-01 -2.844570000000000154e-01 9.586869999999999559e-01 -1.647999999999999942e-03 -9.586869999999999559e-01 -2.844519999999999826e-01 2.628999999999999827e-03
1.300000000000000000e+01 2.700000000000000000e+01 6.300000000000000000e+01 0.000000000000000000e+00 1.600000000000000089e+00 1.817000000000000039e-03 -6.610000000000000207e-04 9.999980000000000535e-01 -2.876819999999999933e-01 9.577250000000000485e-01 1.155999999999999910e-03 -9.577240000000000197e-01 -2.876830000000000220e-01 1.549999999999999946e-03
1.700000000000000000e+01 2.700000000000000000e+01 6.300000000000000000e+01 0.000000000000000000e+00 1.600000000000000089e+00 -5.919999999999999698e-04 5.930000000000000375e-03 9.999820000000000375e-01 -2.908129999999999882e-01 9.567620000000000013e-01 -5.845999999999999634e-03 -9.567799999999999638e-01 -2.908109999999999862e-01 1.157999999999999958e-03
2.200000000000000000e+01 2.700000000000000000e+01 6.300000000000000000e+01 0.000000000000000000e+00 1.600000000000000089e+00 -3.148000000000000190e-03 2.619799999999999907e-02 9.996519999999999850e-01 -2.862319999999999864e-01 9.578069999999999640e-01 -2.600200000000000081e-02 -9.581549999999999789e-01 -2.862140000000000239e-01 4.484000000000000138e-03
2.800000000000000000e+01 2.700000000000000000e+01 6.300000000000000000e+01 0.000000000000000000e+00 1.600000000000000089e+00 -2.014000000000000165e-03 1.786899999999999947e-02 9.998380000000000045e-01 -2.798269999999999924e-01 9.598870000000000458e-01 -1.771899999999999864e-02 -9.600480000000000125e-01 -2.798169999999999824e-01 3.066999999999999848e-03
5.000000000000000000e+00 2.600000000000000000e+01 6.400000000000000000e+01 0.000000000000000000e+00 1.600000000000000089e+00 2.337000000000000102e-03 1.763999999999999943e-03 9.999959999999999960e-01 -3.686329999999999885e-01 9.295740000000000114e-01 -7.780000000000000457e-04 -9.295719999999999539e-01 -3.686300000000000132e-01 2.822999999999999989e-03
1.300000000000000000e+01 2.600000000000000000e+01 6.400000000000000000e+01 0.000000000000000000e+00 1.600000000000000089e+00 3.720000000000000216e-03 1.356999999999999916e-03 9.999919999999999920e-01 -3.709180000000000255e-01 9.286659999999999915e-01 1.190000000000000058e-04 -9.286579999999999835e-01 -3.709149999999999947e-01 3.957999999999999713e-03
1.700000000000000000e+01 2.600000000000000000e+01 6.400000000000000000e+01 0.000000000000000000e+00 1.600000000000000089e+00 -9.139999999999999904e-04 8.439000000000000321e-03 9.999639999999999640e-01 -3.719259999999999788e-01 9.282270000000000243e-01 -8.174000000000000710e-03 -9.282620000000000315e-01 -3.719199999999999728e-01 2.289999999999999935e-03
2.100000000000000000e+01 2.600000000000000000e+01 6.400000000000000000e+01 0.000000000000000000e+00 1.600000000000000089e+00 -5.392000000000000091e-03 2.335900000000000129e-02 9.997129999999999628e-01 -3.685919999999999752e-01 9.292890000000000317e-01 -2.370200000000000085e-02 -9.295759999999999579e-01 -3.686139999999999972e-01 3.599000000000000202e-03
4.000000000000000000e+00 2.500000000000000000e+01 7.300000000000000000e+01 0.000000000000000000e+00 1.600000000000000089e+00 2.069999999999999900e-04 -2.418000000000000010e-03 9.999970000000000248e-01 7.505420000000000424e-01 -6.608199999999999630e-01 -1.753000000000000001e-03 6.608230000000000492e-01 7.505399999999999849e-01 1.678999999999999937e-03
8.000000000000000000e+00 2.500000000000000000e+01 7.300000000000000000e+01 0.000000000000000000e+00 1.600000000000000089e+00 -3.886000000000000131e-03 -2.599999999999999881e-03 9.999890000000000168e-01 7.518949999999999800e-01 -6.592810000000000059e-01 1.206999999999999957e-03 6.592710000000000514e-01 7.518920000000000048e-01 4.517000000000000182e-03
2.000000000000000000e+01 2.500000000000000000e+01 7.300000000000000000e+01 0.000000000000000000e+00 1.600000000000000089e+00 6.749999999999999924e-03 6.891000000000000424e-03 9.999540000000000095e-01 7.571670000000000345e-01 -6.532210000000000516e-01 -6.089999999999999494e-04 6.531860000000000444e-01 7.571360000000000312e-01 -9.627000000000000141e-03
2.600000000000000000e+01 2.500000000000000000e+01 7.300000000000000000e+01 0.000000000000000000e+00 1.600000000000000089e+00 1.189699999999999959e-02 1.089700000000000044e-02 9.998700000000000365e-01 7.489909999999999624e-01 -6.625780000000000003e-01 -1.690000000000000096e-03 6.624729999999999785e-01 7.489139999999999686e-01 -1.604500000000000023e-02
7.000000000000000000e+00 4.400000000000000000e+01 7.300000000000000000e+01 0.000000000000000000e+00 1.600000000000000089e+00 1.116000000000000021e-03 4.264999999999999694e-03 9.999900000000000455e-01 5.515899999999999970e-02 -9.984690000000000509e-01 4.197000000000000210e-03 9.984769999999999479e-01 5.515400000000000164e-02 -1.348999999999999939e-03
1.400000000000000000e+01 4.400000000000000000e+01 7.300000000000000000e+01 0.000000000000000000e+00 1.600000000000000089e+00 8.379999999999999862e-04 2.527000000000000166e-03 9.999959999999999960e-01 5.483699999999999686e-02 -9.984920000000000462e-01 2.478000000000000168e-03 9.984950000000000214e-01 5.483500000000000180e-02 -9.749999999999999552e-04
1.800000000000000000e+01 4.400000000000000000e+01 7.300000000000000000e+01 0.000000000000000000e+00 1.600000000000000089e+00 -2.351999999999999924e-03 -7.399999999999999894e-04 9.999970000000000248e-01 5.357499999999999762e-02 -9.985640000000000072e-01 -6.130000000000000466e-04 9.985610000000000319e-01 5.357300000000000256e-02 2.387999999999999932e-03
2.700000000000000000e+01 4.400000000000000000e+01 7.300000000000000000e+01 0.000000000000000000e+00 1.600000000000000089e+00 -4.466999999999999617e-03 -2.877999999999999916e-03 9.999860000000000415e-01 4.718300000000000272e-02 -9.988829999999999654e-01 -2.664000000000000135e-03 9.988759999999999861e-01 4.717099999999999765e-02 4.597000000000000391e-03
1.800000000000000000e+01 2.500000000000000000e+01 7.400000000000000000e+01 0.000000000000000000e+00 1.600000000000000089e+00 2.543000000000000121e-03 6.832999999999999664e-03 9.999730000000000008e-01 8.301570000000000338e-01 -5.575269999999999948e-01 1.698999999999999989e-03 5.575240000000000196e-01 8.301300000000000345e-01 -7.089999999999999948e-03
1.400000000000000000e+01 5.100000000000000000e+01 7.600000000000000000e+01 0.000000000000000000e+00 1.600000000000000089e+00 -7.200000000000000453e-04 -3.110000000000000243e-04 -1.000000000000000000e+00 -4.145690000000000208e-01 -9.100179999999999936e-01 5.810000000000000277e-04 -9.100179999999999936e-01 4.145690000000000208e-01 5.259999999999999919e-04
2.300000000000000000e+01 5.100000000000000000e+01 7.600000000000000000e+01 0.000000000000000000e+00 1.600000000000000089e+00 9.790999999999999356e-03 1.921799999999999897e-02 -9.997669999999999613e-01 -4.124860000000000193e-01 -9.107089999999999907e-01 -2.154599999999999918e-02 -9.109110000000000262e-01 4.126009999999999955e-01 -9.899999999999999946e-04
5.000000000000000000e+00 9.100000000000000000e+01 7.600000000000000000e+01 0.000000000000000000e+00 1.600000000000000089e+00 7.600000000000000418e-04 -2.295000000000000165e-03 9.999970000000000248e-01 3.169109999999999983e-01 -9.484519999999999618e-01 -2.416999999999999878e-03 9.484550000000000480e-01 3.169120000000000270e-01 6.000000000000000152e-06
1.200000000000000000e+01 9.100000000000000000e+01 7.600000000000000000e+01 0.000000000000000000e+00 1.600000000000000089e+00 -6.470000000000000057e-04 -3.849999999999999798e-04 1.000000000000000000e+00 3.103819999999999912e-01 -9.506120000000000125e-01 -1.649999999999999991e-04 9.506120000000000125e-01 3.103819999999999912e-01 7.339999999999999520e-04
1.700000000000000000e+01 9.100000000000000000e+01 7.600000000000000000e+01 0.000000000000000000e+00 1.600000000000000089e+00 6.170000000000000354e-04 5.500000000000000331e-04 1.000000000000000000e+00 3.135839999999999739e-01 -9.495599999999999596e-01 3.289999999999999739e-04 9.495599999999999596e-01 3.135839999999999739e-01 -7.579999999999999932e-04
