2.200000000000000000e+01 2.500000000000000000e+01 1.000000000000000000e+00 0.000000000000000000e+00 1.600000000000000089e+00 -2.550000000000000183e-03 -1.163600000000000051e-02 -9.999289999999999567e-01 -5.298500000000000432e-01 -8.480170000000000208e-01 1.122000000000000081e-02 -8.480879999999999530e-01 5.298410000000000064e-01 -4.002999999999999614e-03
2.600000000000000000e+01 2.500000000000000000e+01 1.000000000000000000e+00 0.000000000000000000e+00 1.600000000000000089e+00 -2.328999999999999907e-03 -2.694000000000000214e-03 -9.999940000000000495e-01 -5.321360000000000534e-01 -8.466519999999999602e-01 3.520000000000000125e-03 -8.466559999999999642e-01 5.321409999999999751e-01 5.379999999999999583e-04
3.000000000000000000e+01 2.500000000000000000e+01 1.000000000000000000e+00 0.000000000000000000e+00 1.600000000000000089e+00 -3.700999999999999863e-03 2.015999999999999997e-03 -9.999909999999999632e-01 -5.316319999999999935e-01 -8.469759999999999511e-01 2.599999999999999772e-04 -8.469680000000000542e-01 5.316279999999999895e-01 4.205999999999999669e-03
3.000000000000000000e+00 1.500000000000000000e+01 4.000000000000000000e+00 0.000000000000000000e+00 1.600000000000000089e+00 3.854999999999999920e-03 1.174799999999999976e-02 9.999240000000000350e-01 3.220359999999999889e-01 -9.466759999999999620e-01 9.879999999999999893e-03 9.467200000000000060e-01 3.219730000000000092e-01 -7.433000000000000371e-03
1.000000000000000000e+01 1.500000000000000000e+01 4.000000000000000000e+00 0.000000000000000000e+00 1.600000000000000089e+00 -6.780000000000000002e-04 -2.722000000000000027e-03 9.999959999999999960e-01 3.266169999999999907e-01 -9.451540000000000497e-01 -2.350999999999999791e-03 9.451570000000000249e-01 3.266140000000000154e-01 1.529999999999999893e-03
1.500000000000000000e+01 1.500000000000000000e+01 4.000000000000000000e+00 0.000000000000000000e+00 1.600000000000000089e+00 -1.050000000000000044e-04 -6.583999999999999575e-03 9.999780000000000335e-01 3.198170000000000179e-01 -9.474590000000000511e-01 -6.204999999999999578e-03 9.474789999999999601e-01 3.198099999999999832e-01 2.204999999999999929e-03
2.000000000000000000e+01 1.500000000000000000e+01 4.000000000000000000e+00 0.000000000000000000e+00 1.600000000000000089e+00 1.079000000000000098e-03 -3.533999999999999815e-03 9.999930000000000208e-01 3.121740000000000070e-01 -9.500180000000000291e-01 -3.693999999999999801e-03 9.500239999999999796e-01 3.121760000000000090e-01 7.799999999999999859e-05
2.600000000000000000e+01 1.500000000000000000e+01 4.000000000000000000e+00 0.000000000000000000e+00 1.600000000000000089e+00 -2.291000000000000068e-03 -3.018999999999999982e-03 9.999930000000000208e-01 3.141309999999999936e-01 -9.493770000000000264e-01 -2.147000000000000037e-03 9.493770000000000264e-01 3.141240000000000143e-01 3.122999999999999908e-03
2.900000000000000000e+01 1.500000000000000000e+01 4.000000000000000000e+00 0.000000000000000000e+00 1.600000000000000089e+00 5.370000000000000424e-04 1.155999999999999910e-03 9.999989999999999712e-01 3.136970000000000036e-01 -9.495230000000000059e-01 9.290000000000000297e-04 9.495230000000000059e-01 3.136959999999999749e-01 -8.729999999999999696e-04
2.200000000000000000e+01 1.600000000000000000e+01 4.000000000000000000e+00 0.000000000000000000e+00 1.600000000000000089e+00 2.239999999999999966e-04 -3.214999999999999976e-03 9.999949999999999672e-01 3.877559999999999896e-01 -9.217570000000000485e-01 -3.050999999999999893e-03 9.217619999999999703e-01 3.877539999999999876e-01 1.039999999999999909e-03
2.000000000000000000e+00 1.010000000000000000e+02 7.000000000000000000e+00 0.000000000000000000e+00 1.600000000000000089e+00 -3.665999999999999988e-03 1.711599999999999927e-02 9.998470000000000413e-01 8.913050000000000139e-01 4.533820000000000072e-01 -4.492999999999999598e-03 -4.533900000000000152e-01 8.911520000000000552e-01 -1.691799999999999901e-02
1.700000000000000000e+01 1.010000000000000000e+02 7.000000000000000000e+00 0.000000000000000000e+00 1.600000000000000089e+00 1.268400000000000083e-02 -1.552800000000000014e-02 9.997989999999999933e-01 8.710520000000000485e-01 4.911789999999999767e-01 -3.422000000000000128e-03 -4.910269999999999913e-01 8.709200000000000275e-01 1.975599999999999926e-02
4.000000000000000000e+00 2.500000000000000000e+01 8.000000000000000000e+00 0.000000000000000000e+00 1.600000000000000089e+00 -1.489000000000000089e-03 -1.503999999999999912e-03 -9.999980000000000535e-01 4.514270000000000227e-01 8.923060000000000436e-01 -2.014999999999999864e-03 8.923069999999999613e-01 -4.514290000000000247e-01 -6.499999999999999702e-04
1.200000000000000000e+01 2.500000000000000000e+01 8.000000000000000000e+00 0.000000000000000000e+00 1.600000000000000089e+00 2.086999999999999880e-03 8.640999999999999376e-03 -9.999599999999999600e-01 4.512880000000000225e-01 8.923360000000000181e-01 8.652999999999999234e-03 8.923759999999999470e-01 -4.512880000000000225e-01 -2.037999999999999881e-03
2.200000000000000000e+01 2.500000000000000000e+01 8.000000000000000000e+00 0.000000000000000000e+00 1.600000000000000089e+00 -1.200000000000000030e-04 3.106999999999999953e-03 -9.999949999999999672e-01 4.526350000000000096e-01 8.916920000000000401e-01 2.716000000000000098e-03 8.916960000000000441e-01 -4.526330000000000076e-01 -1.513000000000000022e-03
3.000000000000000000e+00 2.400000000000000000e+01 9.000000000000000000e+00 0.000000000000000000e+00 1.600000000000000089e+00 -1.291000000000000047e-03 4.067000000000000302e-03 -9.999909999999999632e-01 4.549210000000000198e-01 8.905269999999999575e-01 3.033999999999999805e-03 8.905309999999999615e-01 -4.549130000000000118e-01 -3.000000000000000062e-03
1.200000000000000000e+01 2.400000000000000000e+01 9.000000000000000000e+00 0.000000000000000000e+00 1.600000000000000089e+00 1.935000000000000088e-03 7.400000000000000328e-03 -9.999710000000000543e-01 4.551709999999999923e-01 8.903729999999999700e-01 7.470000000000000077e-03 8.904020000000000268e-01 -4.551720000000000210e-01 -1.644999999999999978e-03
1.600000000000000000e+01 2.400000000000000000e+01 9.000000000000000000e+00 0.000000000000000000e+00 1.600000000000000089e+00 1.469999999999999953e-04 7.782999999999999988e-03 -9.999700000000000255e-01 4.551439999999999930e-01 8.903900000000000148e-01 6.997999999999999880e-03 8.904180000000000428e-01 -4.551310000000000078e-01 -3.410999999999999970e-03
2.200000000000000000e+01 2.400000000000000000e+01 9.000000000000000000e+00 0.000000000000000000e+00 1.600000000000000089e+00 2.900000000000000017e-05 2.651999999999999844e-03 -9.999959999999999960e-01 4.565040000000000209e-01 8.897180000000000089e-01 2.373000000000000109e-03 8.897209999999999841e-01 -4.565020000000000189e-01 -1.185000000000000072e-03
2.500000000000000000e+01 2.400000000000000000e+01 9.000000000000000000e+00 0.000000000000000000e+00 1.600000000000000089e+00 1.827999999999999981e-03 -2.915000000000000056e-03 -9.999940000000000495e-01 4.549070000000000058e-01 8.905370000000000230e-01 -1.763999999999999943e-03 8.905370000000000230e-01 -4.549009999999999998e-01 2.952999999999999896e-03
2.800000000000000000e+01 2.400000000000000000e+01 9.000000000000000000e+00 0.000000000000000000e+00 1.600000000000000089e+00 1.476000000000000098e-03 5.875000000000000014e-03 -9.999820000000000375e-01 4.534810000000000230e-01 8.912459999999999827e-01 5.904999999999999659e-03 8.912649999999999739e-01 -4.534819999999999962e-01 -1.348999999999999939e-03
2.000000000000000000e+00 4.000000000000000000e+00 1.100000000000000000e+01 0.000000000000000000e+00 1.600000000000000089e+00 -4.318199999999999816e-02 3.512300000000000144e-02 -9.984499999999999487e-01 1.937010000000000121e-01 9.807129999999999459e-01 2.612199999999999939e-02 9.801100000000000367e-01 -1.922719999999999985e-01 -4.915300000000000225e-02
8.000000000000000000e+00 4.000000000000000000e+00 1.100000000000000000e+01 0.000000000000000000e+00 1.600000000000000089e+00 -6.211999999999999640e-03 -2.492700000000000124e-02 -9.996699999999999475e-01 2.400509999999999866e-01 9.704199999999999493e-01 -2.568900000000000003e-02 9.707400000000000473e-01 -2.401320000000000121e-01 -4.500000000000000283e-05
1.500000000000000000e+01 4.000000000000000000e+00 1.100000000000000000e+01 0.000000000000000000e+00 1.600000000000000089e+00 7.367000000000000284e-03 3.798599999999999893e-02 -9.992510000000000003e-01 2.370420000000000027e-01 9.707299999999999818e-01 3.864900000000000280e-02 9.714709999999999734e-01 -2.371499999999999997e-01 -1.853000000000000046e-03
2.100000000000000000e+01 4.000000000000000000e+00 1.100000000000000000e+01 0.000000000000000000e+00 1.600000000000000089e+00 7.931999999999999815e-03 7.081899999999999307e-02 -9.974579999999999558e-01 1.984509999999999885e-01 9.775369999999999893e-01 7.098300000000000443e-02 9.800790000000000335e-01 -1.985089999999999910e-01 -6.300000000000000044e-03
2.000000000000000000e+00 3.100000000000000000e+01 1.200000000000000000e+01 0.000000000000000000e+00 1.600000000000000089e+00 2.429999999999999977e-04 -3.508100000000000107e-02 9.993840000000000501e-01 -1.355800000000000061e-02 9.992919999999999581e-01 3.508100000000000107e-02 -9.999080000000000190e-01 -1.355800000000000061e-02 -2.329999999999999986e-04
1.400000000000000000e+01 3.500000000000000000e+01 1.200000000000000000e+01 0.000000000000000000e+00 1.600000000000000089e+00 -8.120000000000000048e-04 6.882000000000000096e-03 -9.999759999999999760e-01 4.488099999999999867e-01 -8.936030000000000362e-01 -6.513999999999999825e-03 -8.936269999999999492e-01 -4.488050000000000095e-01 -2.364000000000000216e-03
2.700000000000000000e+01 3.500000000000000000e+01 1.200000000000000000e+01 0.000000000000000000e+00 1.600000000000000089e+00 4.472000000000000280e-03 6.930000000000000396e-03 -9.999660000000000215e-01 5.057679999999999954e-01 -8.626610000000000111e-01 -3.716999999999999818e-03 -8.626580000000000359e-01 -5.057350000000000456e-01 -7.362999999999999753e-03
3.000000000000000000e+00 3.200000000000000000e+01 1.400000000000000000e+01 0.000000000000000000e+00 1.600000000000000089e+00 -4.558999999999999685e-03 -3.523500000000000243e-02 -9.993689999999999518e-01 1.065129999999999966e-01 9.936770000000000325e-01 -3.552000000000000296e-02 9.943009999999999904e-01 -1.066069999999999934e-01 -7.770000000000000214e-04
2.800000000000000000e+01 3.200000000000000000e+01 1.400000000000000000e+01 0.000000000000000000e+00 1.600000000000000089e+00 -3.093999999999999962e-03 2.296999999999999997e-03 -9.999930000000000208e-01 1.102029999999999954e-01 9.939069999999999849e-01 1.941999999999999933e-03 9.939040000000000097e-01 -1.101960000000000023e-01 -3.327999999999999795e-03
3.000000000000000000e+00 1.200000000000000000e+01 1.500000000000000000e+01 0.000000000000000000e+00 1.600000000000000089e+00 2.281000000000000041e-03 6.748999999999999791e-03 -9.999749999999999472e-01 -4.797230000000000105e-01 -8.773919999999999497e-01 -7.015999999999999667e-03 -8.774170000000000025e-01 4.797270000000000145e-01 1.235999999999999903e-03
2.400000000000000000e+01 1.160000000000000000e+02 1.600000000000000000e+01 0.000000000000000000e+00 1.600000000000000089e+00 -1.890000000000000133e-04 6.870000000000000022e-04 1.000000000000000000e+00 7.114310000000000356e-01 7.027560000000000473e-01 -3.490000000000000263e-04 -7.027560000000000473e-01 7.114300000000000068e-01 -6.210000000000000242e-04
5.000000000000000000e+00 2.000000000000000000e+00 1.900000000000000000e+01 0.000000000000000000e+00 1.600000000000000089e+00 -1.840500000000000122e-02 2.639499999999999832e-02 -9.994819999999999816e-01 2.298459999999999948e-01 -9.727670000000000483e-01 -2.992200000000000068e-02 -9.730529999999999458e-01 -2.302780000000000105e-01 1.183700000000000030e-02
1.000000000000000000e+01 2.000000000000000000e+00 1.900000000000000000e+01 0.000000000000000000e+00 1.600000000000000089e+00 -3.235000000000000028e-03 2.837000000000000112e-03 -9.999909999999999632e-01 2.155030000000000001e-01 -9.764969999999999484e-01 -3.467000000000000030e-03 -9.764979999999999771e-01 -2.155120000000000091e-01 2.546999999999999785e-03
1.300000000000000000e+01 2.000000000000000000e+00 1.900000000000000000e+01 0.000000000000000000e+00 1.600000000000000089e+00 -7.200000000000000182e-05 5.206999999999999823e-03 -9.999860000000000415e-01 2.146260000000000112e-01 -9.766829999999999679e-01 -5.100999999999999632e-03 -9.766960000000000086e-01 -2.146240000000000092e-01 -1.046999999999999971e-03
2.100000000000000000e+01 2.000000000000000000e+00 1.900000000000000000e+01 0.000000000000000000e+00 1.600000000000000089e+00 6.282000000000000257e-03 -1.731399999999999953e-02 -9.998299999999999965e-01 1.993139999999999912e-01 -9.797660000000000258e-01 1.821899999999999908e-02 -9.799149999999999805e-01 -1.993949999999999889e-01 -2.703999999999999806e-03
2.500000000000000000e+01 2.000000000000000000e+00 1.900000000000000000e+01 0.000000000000000000e+00 1.600000000000000089e+00 8.212999999999999814e-03 -2.526099999999999873e-02 -9.996469999999999523e-01 1.913070000000000048e-01 -9.811760000000000481e-01 2.636600000000000055e-02 -9.814960000000000351e-01 -1.914559999999999873e-01 -3.226000000000000135e-03
2.900000000000000000e+01 2.000000000000000000e+00 1.900000000000000000e+01 0.000000000000000000e+00 1.600000000000000089e+00 6.484000000000000180e-03 -2.231899999999999856e-02 -9.997300000000000075e-01 1.831230000000000080e-01 -9.828179999999999694e-01 2.312900000000000025e-02 -9.830689999999999706e-01 -1.832229999999999970e-01 -2.285999999999999838e-03
1.000000000000000000e+00 3.000000000000000000e+00 1.900000000000000000e+01 0.000000000000000000e+00 1.600000000000000089e+00 6.553999999999999930e-03 5.019900000000000057e-02 -9.987179999999999946e-01 2.316320000000000046e-01 -9.716519999999999602e-01 -4.731899999999999995e-02 -9.727810000000000068e-01 -2.310250000000000081e-01 -1.799600000000000158e-02
2.000000000000000000e+00 4.000000000000000000e+00 2.000000000000000000e+01 0.000000000000000000e+00 1.600000000000000089e+00 -1.531399999999999949e-02 3.027699999999999836e-02 -9.994239999999999791e-01 2.835790000000000255e-01 -9.583679999999999977e-01 -3.337899999999999895e-02 -9.588269999999999849e-01 -2.839269999999999849e-01 6.091000000000000060e-03
1.500000000000000000e+01 4.000000000000000000e+00 2.000000000000000000e+01 0.000000000000000000e+00 1.600000000000000089e+00 -2.321000000000000146e-03 3.552000000000000036e-03 -9.999909999999999632e-01 2.775279999999999969e-01 -9.607090000000000352e-01 -4.056999999999999842e-03 -9.607149999999999856e-01 -2.775349999999999762e-01 1.244000000000000097e-03
2.000000000000000000e+01 4.000000000000000000e+00 2.000000000000000000e+01 0.000000000000000000e+00 1.600000000000000089e+00 3.419000000000000164e-03 -6.203000000000000180e-03 -9.999749999999999472e-01 2.699360000000000093e-01 -9.628539999999999877e-01 6.896000000000000220e-03 -9.628719999999999501e-01 -2.699529999999999985e-01 -1.618000000000000081e-03
2.600000000000000000e+01 4.000000000000000000e+00 2.000000000000000000e+01 0.000000000000000000e+00 1.600000000000000089e+00 6.375999999999999723e-03 -1.478400000000000027e-02 -9.998700000000000365e-01 2.640930000000000222e-01 -9.643650000000000277e-01 1.594399999999999984e-02 -9.644760000000000000e-01 -2.641609999999999792e-01 -2.245000000000000034e-03
3.000000000000000000e+00 1.300000000000000000e+01 2.000000000000000000e+01 0.000000000000000000e+00 1.600000000000000089e+00 -3.154000000000000119e-03 -2.572299999999999934e-02 9.996639999999999970e-01 2.567389999999999950e-01 9.661399999999999988e-01 2.566999999999999837e-02 -9.664760000000000018e-01 2.567340000000000177e-01 3.556999999999999832e-03
1.200000000000000000e+01 1.300000000000000000e+01 2.000000000000000000e+01 0.000000000000000000e+00 1.600000000000000089e+00 1.644000000000000062e-03 1.872800000000000159e-02 9.998230000000000173e-01 2.564069999999999960e-01 9.663920000000000288e-01 -1.852399999999999880e-02 -9.665679999999999827e-01 2.563920000000000088e-01 -3.213000000000000144e-03
1.800000000000000000e+01 1.300000000000000000e+01 2.000000000000000000e+01 0.000000000000000000e+00 1.600000000000000089e+00 1.477000000000000014e-03 2.791000000000000078e-03 9.999949999999999672e-01 2.520060000000000078e-01 9.677210000000000534e-01 -3.073000000000000211e-03 -9.677249999999999464e-01 2.520089999999999830e-01 7.259999999999999743e-04
2.300000000000000000e+01 1.300000000000000000e+01 2.000000000000000000e+01 0.000000000000000000e+00 1.600000000000000089e+00 1.183000000000000024e-03 1.255999999999999955e-03 9.999989999999999712e-01 2.509759999999999769e-01 9.679919999999999636e-01 -1.513000000000000022e-03 -9.679929999999999923e-01 2.509770000000000056e-01 8.289999999999999843e-04
2.900000000000000000e+01 1.300000000000000000e+01 2.000000000000000000e+01 0.000000000000000000e+00 1.600000000000000089e+00 2.870000000000000155e-03 7.594000000000000056e-03 9.999670000000000503e-01 2.503670000000000062e-01 9.681170000000000053e-01 -8.070000000000000784e-03 -9.681469999999999798e-01 2.503819999999999935e-01 8.769999999999999584e-04
8.000000000000000000e+00 1.600000000000000000e+01 2.100000000000000000e+01 0.000000000000000000e+00 1.600000000000000089e+00 -6.560000000000000076e-04 -4.852000000000000410e-03 9.999879999999999880e-01 3.026730000000000254e-01 9.530819999999999848e-01 4.823000000000000030e-03 -9.530939999999999968e-01 3.026719999999999966e-01 8.429999999999999993e-04
1.200000000000000000e+01 1.600000000000000000e+01 2.100000000000000000e+01 0.000000000000000000e+00 1.600000000000000089e+00 -1.213000000000000102e-03 4.229000000000000120e-03 9.999900000000000455e-01 3.009080000000000088e-01 9.536459999999999937e-01 -3.667999999999999820e-03 -9.536520000000000552e-01 3.009009999999999740e-01 -2.429000000000000169e-03
1.900000000000000000e+01 1.600000000000000000e+01 2.100000000000000000e+01 0.000000000000000000e+00 1.600000000000000089e+00 1.624999999999999925e-03 1.033000000000000064e-03 9.999980000000000535e-01 2.985499999999999821e-01 9.543930000000000469e-01 -1.471000000000000085e-03 -9.543930000000000469e-01 2.985519999999999841e-01 1.242999999999999964e-03
2.400000000000000000e+01 1.600000000000000000e+01 2.100000000000000000e+01 0.000000000000000000e+00 1.600000000000000089e+00 1.270000000000000078e-03 2.553999999999999847e-03 9.999959999999999960e-01 2.985530000000000128e-01 9.543890000000000429e-01 -2.817000000000000060e-03 -9.543920000000000181e-01 2.985550000000000148e-01 4.490000000000000176e-04
9.000000000000000000e+00 3.000000000000000000e+00 2.500000000000000000e+01 0.000000000000000000e+00 1.600000000000000089e+00 3.095900000000000041e-02 9.707999999999999616e-03 9.994739999999999736e-01 -3.108299999999999952e-02 -9.994600000000000151e-01 1.067099999999999993e-02 9.990369999999999528e-01 -3.139700000000000130e-02 -3.064100000000000157e-02
1.600000000000000000e+01 3.000000000000000000e+00 2.500000000000000000e+01 0.000000000000000000e+00 1.600000000000000089e+00 1.564499999999999919e-02 3.703000000000000128e-03 9.998709999999999543e-01 -1.869200000000000028e-02 -9.998169999999999558e-01 3.996000000000000420e-03 9.997030000000000083e-01 -1.875200000000000131e-02 -1.557300000000000004e-02
1.400000000000000000e+01 4.600000000000000000e+01 2.700000000000000000e+01 0.000000000000000000e+00 1.600000000000000089e+00 -2.086999999999999880e-03 -2.413999999999999913e-03 -9.999949999999999672e-01 6.584349999999999925e-01 7.526310000000000500e-01 -3.190999999999999826e-03 7.526350000000000540e-01 -6.584379999999999677e-01 1.800000000000000046e-05
2.000000000000000000e+01 4.600000000000000000e+01 2.700000000000000000e+01 0.000000000000000000e+00 1.600000000000000089e+00 1.314999999999999980e-03 5.742999999999999841e-03 -9.999829999999999552e-01 6.604299999999999615e-01 7.508700000000000374e-01 5.180999999999999842e-03 7.508869999999999711e-01 -6.604250000000000398e-01 -2.805000000000000202e-03
9.000000000000000000e+00 1.100000000000000000e+01 3.000000000000000000e+01 0.000000000000000000e+00 1.600000000000000089e+00 6.746499999999999719e-02 8.324540000000000273e-01 5.499720000000000164e-01 -2.730400000000000049e-01 -5.147800000000000153e-01 8.126809999999999867e-01 9.596339999999999870e-01 -2.049920000000000075e-01 1.925640000000000129e-01
6.000000000000000000e+00 5.800000000000000000e+01 3.100000000000000000e+01 0.000000000000000000e+00 1.600000000000000089e+00 -5.967000000000000082e-03 -8.514000000000000734e-03 9.999460000000000015e-01 -7.710259999999999891e-01 -6.367249999999999854e-01 -1.002199999999999966e-02 6.367760000000000087e-01 -7.710439999999999516e-01 -2.765000000000000097e-03
1.000000000000000000e+01 5.800000000000000000e+01 3.100000000000000000e+01 0.000000000000000000e+00 1.600000000000000089e+00 -3.690999999999999837e-03 -3.200000000000000153e-03 9.999879999999999880e-01 -7.708460000000000312e-01 -6.370029999999999859e-01 -4.884000000000000320e-03 6.370109999999999939e-01 -7.708549999999999569e-01 -1.160000000000000007e-04
1.700000000000000000e+01 5.800000000000000000e+01 3.100000000000000000e+01 0.000000000000000000e+00 1.600000000000000089e+00 5.266999999999999980e-03 3.275999999999999832e-03 9.999810000000000088e-01 -7.731550000000000367e-01 -6.341869999999999452e-01 6.150000000000000085e-03 6.341949999999999532e-01 -7.731729999999999992e-01 -8.069999999999999916e-04
2.200000000000000000e+01 5.800000000000000000e+01 3.100000000000000000e+01 0.000000000000000000e+00 1.600000000000000089e+00 3.402000000000000076e-03 4.597000000000000391e-03 9.999839999999999840e-01 -7.729139999999999899e-01 -6.344870000000000232e-01 5.545999999999999715e-03 6.345020000000000104e-01 -7.729200000000000514e-01 1.394999999999999973e-03
2.600000000000000000e+01 5.800000000000000000e+01 3.100000000000000000e+01 0.000000000000000000e+00 1.600000000000000089e+00 2.651999999999999844e-03 2.511999999999999910e-03 9.999930000000000208e-01 -7.731390000000000207e-01 -6.342259999999999565e-01 3.644000000000000104e-03 6.342309999999999892e-01 -7.731430000000000247e-01 2.599999999999999772e-04
2.900000000000000000e+01 5.800000000000000000e+01 3.100000000000000000e+01 0.000000000000000000e+00 1.600000000000000089e+00 -4.075999999999999762e-03 1.482000000000000027e-03 9.999909999999999632e-01 -7.749880000000000102e-01 -6.319730000000000070e-01 -2.222000000000000017e-03 6.319630000000000525e-01 -7.749890000000000390e-01 3.725000000000000012e-03
1.300000000000000000e+01 1.800000000000000000e+01 3.200000000000000000e+01 0.000000000000000000e+00 1.600000000000000089e+00 -8.790299999999999503e-02 6.698720000000000230e-01 7.372539999999999649e-01 -3.894199999999999884e-01 -7.043289999999999829e-01 5.935259999999999980e-01 9.168560000000000043e-01 -2.349289999999999989e-01 3.227749999999999786e-01
1.400000000000000000e+01 1.900000000000000000e+01 3.300000000000000000e+01 0.000000000000000000e+00 1.600000000000000089e+00 -1.275409999999999877e-01 6.351560000000000539e-01 7.617810000000000414e-01 -5.165830000000000144e-01 -6.981929999999999525e-01 4.956490000000000062e-01 8.466850000000000209e-01 -3.303079999999999905e-01 4.171590000000000020e-01
4.000000000000000000e+00 4.200000000000000000e+01 3.400000000000000000e+01 0.000000000000000000e+00 1.600000000000000089e+00 5.080999999999999579e-03 1.907000000000000058e-03 -9.999850000000000128e-01 -2.935309999999999864e-01 9.559490000000000487e-01 3.310000000000000225e-04 9.559360000000000079e-01 2.935249999999999804e-01 5.416999999999999940e-03
3.000000000000000000e+00 4.600000000000000000e+01 3.500000000000000000e+01 0.000000000000000000e+00 1.600000000000000089e+00 -1.329000000000000103e-03 4.096999999999999947e-03 -9.999909999999999632e-01 3.856979999999999853e-01 -9.226149999999999629e-01 -4.292999999999999941e-03 -9.226239999999999997e-01 -3.856999999999999873e-01 -3.539999999999999853e-04
9.000000000000000000e+00 4.600000000000000000e+01 3.500000000000000000e+01 0.000000000000000000e+00 1.600000000000000089e+00 -6.290000000000000018e-04 3.938999999999999793e-03 -9.999919999999999920e-01 3.891560000000000019e-01 -9.211629999999999541e-01 -3.873000000000000140e-03 -9.211709999999999621e-01 -3.891560000000000019e-01 -9.529999999999999626e-04
1.700000000000000000e+01 4.600000000000000000e+01 3.500000000000000000e+01 0.000000000000000000e+00 1.600000000000000089e+00 4.960000000000000216e-04 8.369999999999999619e-04 -1.000000000000000000e+00 3.903499999999999748e-01 -9.206659999999999844e-01 -5.770000000000000389e-04 -9.206659999999999844e-01 -3.903499999999999748e-01 -7.829999999999999504e-04
2.100000000000000000e+01 4.600000000000000000e+01 3.500000000000000000e+01 0.000000000000000000e+00 1.600000000000000089e+00 2.014999999999999864e-03 5.060000000000000478e-04 -9.999980000000000535e-01 3.899489999999999901e-01 -9.208359999999999879e-01 3.200000000000000262e-04 -9.208340000000000414e-01 -3.899489999999999901e-01 -2.053000000000000137e-03
2.700000000000000000e+01 4.600000000000000000e+01 3.500000000000000000e+01 0.000000000000000000e+00 1.600000000000000089e+00 7.129999999999999836e-04 3.812999999999999983e-03 -9.999919999999999920e-01 3.902939999999999743e-01 -9.206849999999999756e-01 -3.232000000000000064e-03 -9.206900000000000084e-01 -3.902880000000000238e-01 -2.144000000000000072e-03
9.000000000000000000e+00 9.500000000000000000e+01 3.600000000000000000e+01 0.000000000000000000e+00 1.600000000000000089e+00 -5.970199999999999813e-02 5.099299999999999666e-02 9.969130000000000491e-01 9.958010000000000472e-01 7.246900000000000563e-02 5.592799999999999855e-02 -6.939399999999999735e-02 9.960660000000000069e-01 -5.510600000000000220e-02
2.400000000000000000e+01 9.500000000000000000e+01 3.600000000000000000e+01 0.000000000000000000e+00 1.600000000000000089e+00 2.240899999999999836e-02 1.312600000000000051e-02 9.996629999999999683e-01 9.968550000000000466e-01 7.573000000000000564e-02 -2.333999999999999964e-02 -7.601099999999999524e-02 9.970419999999999838e-01 -1.138800000000000055e-02
1.000000000000000000e+01 2.200000000000000000e+01 3.700000000000000000e+01 0.000000000000000000e+00 1.600000000000000089e+00 -1.559299999999999922e-02 6.317549999999999555e-01 -7.750110000000000054e-01 6.674790000000000445e-01 -5.705329999999999568e-01 -4.785019999999999829e-01 -7.444659999999999611e-01 -5.247650000000000370e-01 -4.127870000000000150e-01
1.500000000000000000e+01 2.800000000000000000e+01 3.700000000000000000e+01 0.000000000000000000e+00 1.600000000000000089e+00 -2.416199999999999945e-02 -1.672240000000000115e-01 -9.856230000000000269e-01 -7.197329999999999561e-01 -6.813449999999999784e-01 1.332430000000000003e-01 -6.938299999999999468e-01 7.126050000000000439e-01 -1.038940000000000002e-01
2.900000000000000000e+01 9.500000000000000000e+01 3.700000000000000000e+01 0.000000000000000000e+00 1.600000000000000089e+00 3.523999999999999789e-03 -8.940000000000000030e-03 9.999540000000000095e-01 9.961680000000000534e-01 8.741999999999999771e-02 -2.729000000000000089e-03 -8.739099999999999646e-02 9.961309999999999887e-01 9.213999999999999968e-03
3.000000000000000000e+00 3.700000000000000000e+01 3.800000000000000000e+01 0.000000000000000000e+00 1.600000000000000089e+00 4.287400000000000239e-02 -6.434999999999999748e-03 9.990599999999999481e-01 6.599270000000000413e-01 7.509620000000000184e-01 -2.348400000000000140e-02 -7.501050000000000217e-01 6.603139999999999565e-01 3.644300000000000317e-02
1.000000000000000000e+00 2.700000000000000000e+01 4.000000000000000000e+01 0.000000000000000000e+00 1.600000000000000089e+00 -1.268990000000000118e-01 -7.381039999999999823e-01 6.626459999999999573e-01 7.324530000000000207e-01 3.807610000000000161e-01 5.643880000000000008e-01 -6.688870000000000093e-01 5.569770000000000554e-01 4.923080000000000234e-01
1.200000000000000000e+01 3.400000000000000000e+01 4.000000000000000000e+01 0.000000000000000000e+00 1.600000000000000089e+00 -1.393870000000000109e-01 3.820180000000000242e-01 -9.135830000000000339e-01 5.409890000000000532e-01 8.021150000000000224e-01 2.528670000000000084e-01 8.293989999999999974e-01 -4.589920000000000111e-01 -3.184719999999999773e-01
1.700000000000000000e+01 1.300000000000000000e+01 4.100000000000000000e+01 0.000000000000000000e+00 1.600000000000000089e+00 -4.605299999999999672e-02 1.380139999999999978e-01 9.893589999999999884e-01 -7.061910000000000132e-01 -7.049870000000000303e-01 6.547200000000000242e-02 7.065219999999999834e-01 -6.956620000000000026e-01 1.299309999999999909e-01
1.800000000000000000e+01 1.400000000000000000e+01 4.200000000000000000e+01 0.000000000000000000e+00 1.600000000000000089e+00 -5.937699999999999922e-02 1.250219999999999942e-01 9.903760000000000341e-01 -6.229510000000000325e-01 -7.798709999999999809e-01 6.110000000000000153e-02 7.800040000000000306e-01 -6.133269999999999555e-01 1.241889999999999938e-01
5.000000000000000000e+00 3.000000000000000000e+00 4.300000000000000000e+01 0.000000000000000000e+00 1.600000000000000089e+00 -1.250000000000000026e-04 2.520999999999999804e-03 -9.999970000000000248e-01 7.438690000000000024e-01 -6.683240000000000292e-01 -1.778000000000000067e-03 -6.683259999999999756e-01 -7.438660000000000272e-01 -1.791999999999999973e-03
1.900000000000000000e+01 3.000000000000000000e+00 4.300000000000000000e+01 0.000000000000000000e+00 1.600000000000000089e+00 4.670000000000000214e-04 1.027699999999999968e-02 -9.999470000000000303e-01 7.435869999999999980e-01 -6.686079999999999801e-01 -6.524000000000000285e-03 -6.686389999999999834e-01 -7.435439999999999827e-01 -7.955000000000000265e-03
2.300000000000000000e+01 3.000000000000000000e+00 4.300000000000000000e+01 0.000000000000000000e+00 1.600000000000000089e+00 -9.100000000000000287e-05 1.028999999999999967e-03 -1.000000000000000000e+00 7.411750000000000282e-01 -6.713120000000000198e-01 -7.579999999999999932e-04 -6.713120000000000198e-01 -7.411739999999999995e-01 -7.020000000000000415e-04
9.000000000000000000e+00 8.000000000000000000e+00 4.400000000000000000e+01 0.000000000000000000e+00 1.600000000000000089e+00 3.346000000000000016e-03 3.778999999999999807e-03 9.999869999999999592e-01 -7.923350000000000115e-01 -6.100659999999999972e-01 4.956000000000000336e-03 6.100769999999999804e-01 -7.923419999999999908e-01 9.529999999999999626e-04
1.400000000000000000e+01 8.000000000000000000e+00 4.400000000000000000e+01 0.000000000000000000e+00 1.600000000000000089e+00 6.145000000000000288e-03 1.257199999999999984e-02 9.999019999999999575e-01 -7.901129999999999542e-01 -6.128320000000000434e-01 1.256099999999999925e-02 6.129299999999999748e-01 -7.901129999999999542e-01 6.166999999999999739e-03
4.000000000000000000e+00 2.400000000000000000e+01 4.500000000000000000e+01 0.000000000000000000e+00 1.600000000000000089e+00 1.122530000000000056e-01 -3.126789999999999847e-01 -9.432019999999999849e-01 -6.019240000000000146e-01 7.338390000000000191e-01 -3.149100000000000232e-01 7.906250000000000222e-01 6.030849999999999822e-01 -1.058339999999999975e-01
2.200000000000000000e+01 6.500000000000000000e+01 4.600000000000000000e+01 0.000000000000000000e+00 1.600000000000000089e+00 -2.566999999999999837e-03 -1.119999999999999902e-03 9.999959999999999960e-01 6.798300000000000454e-01 -7.333690000000000486e-01 9.240000000000000166e-04 7.333659999999999624e-01 6.798290000000000166e-01 2.644000000000000083e-03
2.600000000000000000e+01 2.100000000000000000e+01 4.800000000000000000e+01 0.000000000000000000e+00 1.600000000000000089e+00 -3.402000000000000076e-03 1.399999999999999877e-04 -9.999940000000000495e-01 3.042679999999999829e-01 9.525860000000000438e-01 -9.020000000000000240e-04 9.525810000000000111e-01 -3.042690000000000117e-01 -3.282999999999999894e-03
1.400000000000000000e+01 6.000000000000000000e+00 5.100000000000000000e+01 0.000000000000000000e+00 1.600000000000000089e+00 1.689999999999999879e-04 4.244000000000000376e-03 -9.999909999999999632e-01 3.186450000000000116e-01 -9.478659999999999863e-01 -3.969000000000000306e-03 -9.478739999999999943e-01 -3.186419999999999808e-01 -1.512000000000000106e-03
8.000000000000000000e+00 4.800000000000000000e+01 5.100000000000000000e+01 0.000000000000000000e+00 1.600000000000000089e+00 1.727400000000000116e-02 -9.433009999999999451e-01 3.314889999999999781e-01 6.282130000000000214e-01 2.681649999999999867e-01 7.303669999999999884e-01 -7.778500000000000414e-01 1.956299999999999983e-01 5.972260000000000346e-01
2.000000000000000000e+01 7.000000000000000000e+00 5.200000000000000000e+01 0.000000000000000000e+00 1.600000000000000089e+00 4.800000000000000122e-04 -3.939999999999999817e-04 -1.000000000000000000e+00 9.365400000000000114e-02 -9.956049999999999622e-01 4.380000000000000213e-04 -9.956049999999999622e-01 -9.365500000000000214e-02 -4.409999999999999858e-04
9.000000000000000000e+00 4.900000000000000000e+01 5.200000000000000000e+01 0.000000000000000000e+00 1.600000000000000089e+00 -2.735200000000000131e-02 -9.574730000000000185e-01 2.872239999999999793e-01 6.379810000000000203e-01 2.044829999999999981e-01 7.424060000000000104e-01 -7.695659999999999723e-01 2.035500000000000087e-01 6.052560000000000162e-01
9.000000000000000000e+00 5.000000000000000000e+01 5.300000000000000000e+01 0.000000000000000000e+00 1.600000000000000089e+00 -8.443699999999999817e-02 -9.561020000000000074e-01 2.806049999999999933e-01 6.266859999999999653e-01 1.679849999999999954e-01 7.609510000000000440e-01 -7.746840000000000392e-01 2.401030000000000109e-01 5.849919999999999565e-01
1.300000000000000000e+01 6.300000000000000000e+01 5.400000000000000000e+01 0.000000000000000000e+00 1.600000000000000089e+00 1.221999999999999996e-03 2.056300000000000142e-02 9.997880000000000100e-01 -3.580630000000000202e-01 9.335090000000000332e-01 -1.876200000000000090e-02 -9.336969999999999992e-01 -3.579640000000000044e-01 8.503000000000000141e-03
2.400000000000000000e+01 6.300000000000000000e+01 5.400000000000000000e+01 0.000000000000000000e+00 1.600000000000000089e+00 3.135000000000000200e-03 -4.270000000000000249e-04 9.999949999999999672e-01 -3.833469999999999933e-01 9.236029999999999518e-01 1.595999999999999979e-03 -9.235989999999999478e-01 -3.833500000000000241e-01 2.732000000000000053e-03
1.100000000000000000e+01 2.400000000000000000e+01 5.500000000000000000e+01 0.000000000000000000e+00 1.600000000000000089e+00 -3.821999999999999703e-02 1.407049999999999967e-01 -9.893140000000000267e-01 1.832400000000000001e-02 9.899689999999999879e-01 1.400899999999999923e-01 9.991010000000000169e-01 -1.277400000000000063e-02 -4.041499999999999954e-02
2.200000000000000000e+01 2.500000000000000000e+01 5.500000000000000000e+01 0.000000000000000000e+00 1.600000000000000089e+00 -1.519799999999999970e-02 -2.208019999999999983e-01 9.751999999999999558e-01 4.183100000000000013e-02 9.743190000000000461e-01 2.212540000000000062e-01 -9.990090000000000359e-01 4.415600000000000080e-02 -5.571000000000000431e-03
1.000000000000000000e+00 2.600000000000000000e+01 5.500000000000000000e+01 0.000000000000000000e+00 1.600000000000000089e+00 1.773999999999999883e-02 9.303000000000000505e-03 -9.997989999999999933e-01 -1.131090000000000012e-01 9.935559999999999947e-01 7.237999999999999642e-03 9.934239999999999737e-01 1.129580000000000028e-01 1.867800000000000016e-02
4.000000000000000000e+00 2.600000000000000000e+01 5.500000000000000000e+01 0.000000000000000000e+00 1.600000000000000089e+00 2.748499999999999902e-02 2.126099999999999865e-02 -9.993959999999999511e-01 -1.103490000000000026e-01 9.937279999999999447e-01 1.810600000000000057e-02 9.935129999999999795e-01 1.097840000000000066e-01 2.965900000000000133e-02
2.400000000000000000e+01 2.600000000000000000e+01 5.500000000000000000e+01 0.000000000000000000e+00 1.600000000000000089e+00 -1.578399999999999942e-02 -2.917460000000000053e-01 9.563660000000000494e-01 9.119999999999999635e-03 9.564030000000000031e-01 2.919080000000000008e-01 -9.998340000000000005e-01 1.332900000000000057e-02 -1.243599999999999914e-02
3.000000000000000000e+01 2.900000000000000000e+01 5.500000000000000000e+01 0.000000000000000000e+00 1.600000000000000089e+00 -2.800199999999999911e-02 -3.336219999999999741e-01 -9.422909999999999897e-01 1.126100000000000018e-01 9.356069999999999665e-01 -3.346020000000000105e-01 9.932450000000000445e-01 -1.154810000000000003e-01 1.136999999999999990e-02
1.200000000000000000e+01 5.300000000000000000e+01 5.500000000000000000e+01 0.000000000000000000e+00 1.600000000000000089e+00 4.996300000000000047e-02 -5.964990000000000014e-01 8.010570000000000190e-01 9.445999999999999536e-03 8.023050000000000459e-01 5.968390000000000084e-01 -9.987059999999999826e-01 -2.225399999999999948e-02 4.571999999999999675e-02
1.100000000000000000e+01 2.600000000000000000e+01 5.600000000000000000e+01 0.000000000000000000e+00 1.600000000000000089e+00 -1.220199999999999931e-02 1.112439999999999957e-01 -9.937179999999999902e-01 8.186999999999999833e-03 9.937700000000000422e-01 1.111489999999999978e-01 9.998920000000000030e-01 -6.779000000000000303e-03 -1.303600000000000071e-02
8.000000000000000000e+00 4.200000000000000000e+01 5.800000000000000000e+01 0.000000000000000000e+00 1.600000000000000089e+00 -5.122010000000000174e-01 -4.636959999999999971e-01 7.229360000000000230e-01 -3.527000000000000274e-02 -8.296679999999999611e-01 -5.571420000000000261e-01 8.581410000000000426e-01 -3.108659999999999757e-01 4.086020000000000207e-01
6.000000000000000000e+00 2.000000000000000000e+01 6.000000000000000000e+01 0.000000000000000000e+00 1.600000000000000089e+00 4.079999999999999968e-04 4.924000000000000425e-03 9.999879999999999880e-01 -6.347200000000000064e-02 9.979719999999999702e-01 -4.887999999999999984e-03 -9.979839999999999822e-01 -6.346899999999999764e-02 7.200000000000000453e-04
1.400000000000000000e+01 2.000000000000000000e+01 6.000000000000000000e+01 0.000000000000000000e+00 1.600000000000000089e+00 4.939999999999999730e-04 -4.387000000000000274e-03 9.999900000000000455e-01 -6.498800000000000410e-02 9.978759999999999852e-01 4.408999999999999725e-03 -9.978860000000000507e-01 -6.498900000000000510e-02 2.079999999999999872e-04
1.900000000000000000e+01 2.000000000000000000e+01 6.000000000000000000e+01 0.000000000000000000e+00 1.600000000000000089e+00 1.453000000000000081e-03 9.970000000000000563e-04 9.999980000000000535e-01 -6.478299999999999337e-02 9.978989999999999805e-01 -9.009999999999999997e-04 -9.978979999999999517e-01 -6.478100000000000525e-02 1.513999999999999938e-03
9.000000000000000000e+00 2.100000000000000000e+01 6.000000000000000000e+01 0.000000000000000000e+00 1.600000000000000089e+00 -1.061000000000000094e-03 -1.216999999999999983e-03 9.999989999999999712e-01 -9.768300000000000594e-02 9.952170000000000183e-01 1.108000000000000044e-03 -9.952170000000000183e-01 -9.768200000000000494e-02 -1.173999999999999913e-03
2.600000000000000000e+01 2.100000000000000000e+01 6.000000000000000000e+01 0.000000000000000000e+00 1.600000000000000089e+00 8.149999999999999693e-04 2.181000000000000213e-03 9.999970000000000248e-01 -9.546699999999999631e-02 9.954300000000000370e-01 -2.092999999999999809e-03 -9.954319999999999835e-01 -9.546499999999999431e-02 1.020000000000000073e-03
5.000000000000000000e+00 5.600000000000000000e+01 6.000000000000000000e+01 0.000000000000000000e+00 1.600000000000000089e+00 8.040329999999999977e-01 -4.766529999999999934e-01 -3.554340000000000277e-01 -5.328650000000000331e-01 -8.428630000000000289e-01 -7.508499999999999897e-02 -2.637929999999999997e-01 2.497689999999999910e-01 -9.316809999999999814e-01
1.900000000000000000e+01 3.000000000000000000e+00 6.300000000000000000e+01 0.000000000000000000e+00 1.600000000000000089e+00 8.329999999999999731e-04 2.906000000000000163e-03 9.999949999999999672e-01 -6.178059999999999663e-01 7.863280000000000269e-01 -1.770000000000000089e-03 -7.863299999999999734e-01 -6.178019999999999623e-01 2.449999999999999921e-03
