1.300000000000000000e+01 2.500000000000000000e+01 1.000000000000000000e+00 0.000000000000000000e+00 1.600000000000000089e+00 7.853000000000000605e-03 2.243900000000000061e-02 -9.997169999999999668e-01 -5.168340000000000156e-01 -8.557690000000000019e-01 -2.326800000000000049e-02 -8.560499999999999776e-01 5.168709999999999694e-01 4.877000000000000259e-03
9.000000000000000000e+00 1.700000000000000000e+01 3.000000000000000000e+00 0.000000000000000000e+00 1.600000000000000089e+00 2.466199999999999989e-02 2.241200000000000137e-02 -9.994450000000000278e-01 -7.069079999999999808e-01 -7.065209999999999546e-01 -3.328699999999999715e-02 -7.068750000000000311e-01 7.073369999999999935e-01 -1.580999999999999940e-03
2.300000000000000000e+01 1.800000000000000000e+01 3.000000000000000000e+00 0.000000000000000000e+00 1.600000000000000089e+00 9.287000000000000116e-03 7.967000000000000123e-03 -9.999249999999999527e-01 -7.769610000000000127e-01 -6.294300000000000450e-01 -1.223100000000000055e-02 -6.294809999999999572e-01 7.770160000000000400e-01 3.440000000000000132e-04
7.000000000000000000e+00 4.200000000000000000e+01 3.000000000000000000e+00 0.000000000000000000e+00 1.600000000000000089e+00 -5.518779999999999797e-01 -5.978940000000000365e-01 5.813369999999999926e-01 -7.232229999999999492e-01 6.902209999999999734e-01 2.330499999999999933e-02 -4.151850000000000263e-01 -4.075750000000000206e-01 -8.133289999999999687e-01
2.700000000000000000e+01 2.100000000000000000e+01 4.000000000000000000e+00 0.000000000000000000e+00 1.600000000000000089e+00 -6.220000000000000485e-04 -1.678000000000000021e-03 -9.999980000000000535e-01 -6.560099999999999820e-01 -7.547509999999999497e-01 1.673999999999999924e-03 -7.547519999999999785e-01 6.560099999999999820e-01 -6.319999999999999663e-04
2.000000000000000000e+00 1.900000000000000000e+01 5.000000000000000000e+00 0.000000000000000000e+00 1.600000000000000089e+00 -1.304000000000000038e-03 -8.066999999999999518e-03 -9.999670000000000503e-01 -7.038170000000000259e-01 -7.103500000000000369e-01 6.648000000000000263e-03 -7.103800000000000114e-01 7.038029999999999564e-01 -4.751000000000000015e-03
2.600000000000000000e+01 1.010000000000000000e+02 7.000000000000000000e+00 0.000000000000000000e+00 1.600000000000000089e+00 6.441999999999999810e-03 3.075299999999999909e-02 9.995060000000000056e-01 8.850080000000000169e-01 4.651449999999999751e-01 -2.001599999999999907e-02 -4.655299999999999994e-01 8.847000000000000419e-01 -2.422099999999999947e-02
3.000000000000000000e+01 1.010000000000000000e+02 7.000000000000000000e+00 0.000000000000000000e+00 1.600000000000000089e+00 1.222999999999999912e-03 8.012999999999999290e-03 9.999670000000000503e-01 8.868019999999999792e-01 4.621239999999999792e-01 -4.787999999999999722e-03 -4.621469999999999745e-01 8.867789999999999839e-01 -6.540999999999999939e-03
1.000000000000000000e+00 2.500000000000000000e+01 8.000000000000000000e+00 0.000000000000000000e+00 1.600000000000000089e+00 -6.499999999999999431e-05 -7.370000000000000249e-04 -1.000000000000000000e+00 4.397559999999999802e-01 8.981170000000000542e-01 -6.909999999999999910e-04 8.981170000000000542e-01 -4.397559999999999802e-01 2.660000000000000146e-04
5.000000000000000000e+00 2.500000000000000000e+01 8.000000000000000000e+00 0.000000000000000000e+00 1.600000000000000089e+00 2.010000000000000068e-03 3.177000000000000136e-03 -9.999930000000000208e-01 4.387969999999999926e-01 8.985779999999999879e-01 3.736999999999999870e-03 8.985840000000000494e-01 -4.388020000000000254e-01 4.119999999999999856e-04
1.100000000000000000e+01 2.500000000000000000e+01 8.000000000000000000e+00 0.000000000000000000e+00 1.600000000000000089e+00 -1.397999999999999937e-03 4.734999999999999626e-03 -9.999879999999999880e-01 4.381349999999999967e-01 8.989019999999999788e-01 3.644000000000000104e-03 8.989080000000000403e-01 -4.381240000000000134e-01 -3.331000000000000193e-03
1.500000000000000000e+01 2.500000000000000000e+01 8.000000000000000000e+00 0.000000000000000000e+00 1.600000000000000089e+00 -5.785000000000000211e-03 1.375099999999999933e-02 -9.998890000000000278e-01 4.390780000000000238e-01 8.983950000000000546e-01 9.815000000000000807e-03 8.984299999999999509e-01 -4.389719999999999733e-01 -1.123500000000000019e-02
2.000000000000000000e+01 2.500000000000000000e+01 8.000000000000000000e+00 0.000000000000000000e+00 1.600000000000000089e+00 3.916000000000000210e-03 -2.024099999999999858e-02 -9.997869999999999813e-01 4.417460000000000275e-01 8.969899999999999540e-01 -1.643000000000000016e-02 8.971320000000000405e-01 -4.415870000000000073e-01 1.245399999999999979e-02
2.400000000000000000e+01 2.500000000000000000e+01 8.000000000000000000e+00 0.000000000000000000e+00 1.600000000000000089e+00 1.536999999999999955e-03 -2.096999999999999906e-02 -9.997789999999999733e-01 4.406379999999999741e-01 8.975020000000000220e-01 -1.814800000000000094e-02 8.976840000000000375e-01 -4.405120000000000147e-01 1.061899999999999997e-02
2.000000000000000000e+00 2.400000000000000000e+01 9.000000000000000000e+00 0.000000000000000000e+00 1.600000000000000089e+00 6.849999999999999535e-04 2.354000000000000190e-03 -9.999970000000000248e-01 4.461149999999999838e-01 8.949719999999999898e-01 2.413000000000000214e-03 8.949749999999999650e-01 -4.461149999999999838e-01 -4.369999999999999970e-04
6.000000000000000000e+00 2.400000000000000000e+01 9.000000000000000000e+00 0.000000000000000000e+00 1.600000000000000089e+00 1.938999999999999968e-03 5.777000000000000017e-03 -9.999810000000000088e-01 4.450919999999999876e-01 8.954649999999999554e-01 6.035999999999999699e-03 8.954830000000000290e-01 -4.450950000000000184e-01 -8.350000000000000217e-04
1.100000000000000000e+01 2.400000000000000000e+01 9.000000000000000000e+00 0.000000000000000000e+00 1.600000000000000089e+00 -7.230000000000000098e-04 3.788000000000000134e-03 -9.999930000000000208e-01 4.452610000000000179e-01 8.953959999999999697e-01 3.069999999999999812e-03 8.954010000000000025e-01 -4.452559999999999851e-01 -2.334000000000000137e-03
1.500000000000000000e+01 2.400000000000000000e+01 9.000000000000000000e+00 0.000000000000000000e+00 1.600000000000000089e+00 -3.338999999999999954e-03 3.595999999999999804e-03 -9.999879999999999880e-01 4.446160000000000112e-01 8.957199999999999607e-01 1.737000000000000046e-03 8.957150000000000389e-01 -4.446049999999999724e-01 -4.590000000000000330e-03
1.900000000000000000e+01 2.400000000000000000e+01 9.000000000000000000e+00 0.000000000000000000e+00 1.600000000000000089e+00 1.195000000000000099e-03 -4.859999999999999737e-03 -9.999869999999999592e-01 4.448799999999999977e-01 8.955819999999999892e-01 -3.821000000000000178e-03 8.955889999999999684e-01 -4.448699999999999877e-01 3.233000000000000197e-03
2.500000000000000000e+01 2.400000000000000000e+01 9.000000000000000000e+00 0.000000000000000000e+00 1.600000000000000089e+00 5.360000000000000181e-04 -1.411100000000000028e-02 -9.999000000000000110e-01 4.457369999999999943e-01 8.950780000000000403e-01 -1.239200000000000024e-02 8.951639999999999597e-01 -4.456860000000000266e-01 6.768999999999999843e-03
4.000000000000000000e+00 8.000000000000000000e+00 1.000000000000000000e+01 0.000000000000000000e+00 1.600000000000000089e+00 5.998900000000000066e-02 8.035999999999999741e-03 -9.981670000000000265e-01 -9.973090000000000011e-01 -4.172599999999999920e-02 -6.027300000000000019e-02 -4.213299999999999684e-02 9.990970000000000129e-01 5.512000000000000406e-03
1.000000000000000000e+01 4.900000000000000000e+01 1.000000000000000000e+01 0.000000000000000000e+00 1.600000000000000089e+00 8.165599999999999525e-01 -2.567519999999999802e-01 5.170179999999999776e-01 -4.229060000000000041e-01 -8.756920000000000259e-01 2.330530000000000102e-01 3.929119999999999835e-01 -4.089519999999999822e-01 -8.236369999999999525e-01
5.000000000000000000e+00 4.000000000000000000e+00 1.100000000000000000e+01 0.000000000000000000e+00 1.600000000000000089e+00 -2.896999999999999836e-03 5.669099999999999834e-02 9.983880000000000532e-01 1.731860000000000066e-01 -9.832769999999999566e-01 5.633599999999999719e-02 9.848850000000000104e-01 1.730700000000000016e-01 -6.969000000000000368e-03
9.000000000000000000e+00 4.000000000000000000e+00 1.100000000000000000e+01 0.000000000000000000e+00 1.600000000000000089e+00 -6.800000000000000488e-04 6.321300000000000530e-02 9.979999999999999982e-01 1.646430000000000116e-01 -9.843739999999999712e-01 6.246199999999999669e-02 9.863530000000000353e-01 1.643560000000000021e-01 -9.738000000000000128e-03
2.900000000000000000e+01 3.500000000000000000e+01 1.200000000000000000e+01 0.000000000000000000e+00 1.600000000000000089e+00 -2.811999999999999830e-03 -1.632999999999999903e-03 -9.999949999999999672e-01 4.021879999999999900e-01 -9.155569999999999542e-01 3.640000000000000115e-04 -9.155529999999999502e-01 -4.021850000000000147e-01 3.230999999999999931e-03
1.400000000000000000e+01 3.200000000000000000e+01 1.300000000000000000e+01 0.000000000000000000e+00 1.600000000000000089e+00 1.803700000000000095e-02 1.129359999999999947e-01 9.934380000000000432e-01 6.099999999999999737e-04 9.935990000000000100e-01 -1.129649999999999960e-01 -9.998369999999999758e-01 2.644000000000000083e-03 1.785300000000000081e-02
8.000000000000000000e+00 4.800000000000000000e+01 1.300000000000000000e+01 0.000000000000000000e+00 1.600000000000000089e+00 8.632400000000000073e-01 -1.230949999999999961e-01 4.895550000000000179e-01 -2.380990000000000051e-01 -9.544430000000000414e-01 1.798559999999999881e-01 4.451129999999999809e-01 -2.718209999999999793e-01 -8.532220000000000359e-01
4.000000000000000000e+00 3.200000000000000000e+01 1.400000000000000000e+01 0.000000000000000000e+00 1.600000000000000089e+00 -2.193000000000000071e-03 8.446999999999999648e-03 -9.999620000000000175e-01 1.148060000000000053e-01 9.933549999999999880e-01 8.139000000000000401e-03 9.933849999999999625e-01 -1.147839999999999971e-01 -3.148999999999999889e-03
7.000000000000000000e+00 4.800000000000000000e+01 1.500000000000000000e+01 0.000000000000000000e+00 1.600000000000000089e+00 8.488189999999999902e-01 -2.176869999999999916e-01 4.817859999999999920e-01 -3.223670000000000146e-01 -9.353949999999999765e-01 1.453099999999999947e-01 4.190280000000000116e-01 -2.786540000000000128e-01 -8.641569999999999530e-01
1.100000000000000000e+01 1.200000000000000000e+01 1.600000000000000000e+01 0.000000000000000000e+00 1.600000000000000089e+00 -1.022799999999999924e-02 7.122699999999999865e-02 9.974079999999999613e-01 2.356520000000000004e-01 -9.691940000000000000e-01 7.162899999999999823e-02 9.717839999999999812e-01 2.357740000000000113e-01 -6.871999999999999637e-03
1.700000000000000000e+01 1.300000000000000000e+01 1.600000000000000000e+01 0.000000000000000000e+00 1.600000000000000089e+00 -3.252999999999999815e-03 7.283199999999999397e-02 9.973389999999999755e-01 1.560529999999999973e-01 -9.850879999999999637e-01 7.244599999999999651e-02 9.877430000000000376e-01 1.558740000000000125e-01 -8.160999999999999852e-03
2.200000000000000000e+01 1.300000000000000000e+01 1.600000000000000000e+01 0.000000000000000000e+00 1.600000000000000089e+00 7.470000000000000511e-04 5.346499999999999864e-02 9.985690000000000399e-01 1.223329999999999973e-01 -9.910740000000000105e-01 5.297199999999999825e-02 9.924889999999999546e-01 1.221190000000000053e-01 -7.281000000000000145e-03
2.600000000000000000e+01 1.300000000000000000e+01 1.600000000000000000e+01 0.000000000000000000e+00 1.600000000000000089e+00 8.559999999999999901e-04 3.822799999999999809e-02 9.992689999999999628e-01 1.104590000000000016e-01 -9.931579999999999853e-01 3.790000000000000313e-02 9.938799999999999857e-01 1.103459999999999996e-01 -5.073000000000000252e-03
1.300000000000000000e+01 4.800000000000000000e+01 1.600000000000000000e+01 0.000000000000000000e+00 1.600000000000000089e+00 -4.244330000000000047e-01 -7.804809999999999803e-01 -4.590279999999999916e-01 9.054069999999999618e-01 -3.712909999999999822e-01 -2.058669999999999944e-01 -9.757999999999999313e-03 -5.029839999999999867e-01 8.642410000000000370e-01
7.000000000000000000e+00 1.160000000000000000e+02 1.600000000000000000e+01 0.000000000000000000e+00 1.600000000000000089e+00 -2.485999999999999929e-03 1.092000000000000089e-03 9.999959999999999960e-01 8.286080000000000112e-01 5.598269999999999635e-01 1.448000000000000068e-03 -5.598229999999999595e-01 8.286090000000000400e-01 -2.295999999999999864e-03
7.000000000000000000e+00 3.500000000000000000e+01 1.700000000000000000e+01 0.000000000000000000e+00 1.600000000000000089e+00 -3.371910000000000185e-01 -1.872080000000000133e-01 -9.226349999999999829e-01 -8.599029999999999729e-01 -3.377009999999999734e-01 3.827849999999999864e-01 -3.832349999999999923e-01 9.224489999999999634e-01 -4.711100000000000010e-02
5.000000000000000000e+00 3.600000000000000000e+01 1.800000000000000000e+01 0.000000000000000000e+00 1.600000000000000089e+00 -4.521689999999999876e-01 1.677599999999999925e-02 -8.917739999999999556e-01 -8.807160000000000544e-01 -1.664549999999999919e-01 4.434310000000000196e-01 -1.410019999999999885e-01 9.859059999999999491e-01 9.004099999999999604e-02
1.600000000000000000e+01 2.000000000000000000e+00 1.900000000000000000e+01 0.000000000000000000e+00 1.600000000000000089e+00 -9.438999999999999474e-03 3.899099999999999788e-02 -9.991950000000000554e-01 3.151590000000000225e-01 -9.481960000000000388e-01 -3.997799999999999965e-02 -9.489919999999999467e-01 -3.152829999999999799e-01 -3.338999999999999954e-03
2.800000000000000000e+01 2.000000000000000000e+00 1.900000000000000000e+01 0.000000000000000000e+00 1.600000000000000089e+00 -6.640000000000000069e-03 5.598999999999999810e-03 -9.999620000000000175e-01 2.833939999999999793e-01 -9.589760000000000506e-01 -7.251999999999999766e-03 -9.589809999999999723e-01 -2.834320000000000173e-01 4.780999999999999660e-03
5.000000000000000000e+00 3.000000000000000000e+00 1.900000000000000000e+01 0.000000000000000000e+00 1.600000000000000089e+00 -8.437999999999999320e-03 4.166099999999999665e-02 -9.990959999999999841e-01 3.342080000000000051e-01 -9.415590000000000348e-01 -4.208499999999999741e-02 -9.424609999999999932e-01 -3.342609999999999748e-01 -5.978999999999999940e-03
1.200000000000000000e+01 3.000000000000000000e+00 1.900000000000000000e+01 0.000000000000000000e+00 1.600000000000000089e+00 -1.195500000000000035e-02 4.592000000000000248e-02 -9.988740000000000396e-01 3.322330000000000005e-01 -9.420110000000000428e-01 -4.728299999999999864e-02 -9.431220000000000159e-01 -3.324239999999999973e-01 -3.994000000000000154e-03
1.500000000000000000e+01 3.000000000000000000e+00 1.900000000000000000e+01 0.000000000000000000e+00 1.600000000000000089e+00 -1.045699999999999928e-02 3.953500000000000070e-02 -9.991630000000000233e-01 3.281470000000000220e-01 -9.437459999999999738e-01 -4.077599999999999975e-02 -9.445689999999999920e-01 -3.282990000000000075e-01 -3.105000000000000121e-03
2.000000000000000000e+01 3.000000000000000000e+00 1.900000000000000000e+01 0.000000000000000000e+00 1.600000000000000089e+00 -7.512999999999999713e-03 2.442300000000000026e-02 -9.996730000000000338e-01 3.205359999999999876e-01 -9.468919999999999559e-01 -2.554299999999999973e-02 -9.472070000000000212e-01 -3.206229999999999913e-01 -7.150000000000000322e-04
2.300000000000000000e+01 3.000000000000000000e+00 1.900000000000000000e+01 0.000000000000000000e+00 1.600000000000000089e+00 -4.329000000000000382e-03 1.999400000000000135e-02 -9.997909999999999853e-01 3.133360000000000034e-01 -9.494240000000000457e-01 -2.034400000000000097e-02 -9.496320000000000316e-01 -3.133589999999999987e-01 -2.154999999999999798e-03
6.000000000000000000e+00 4.000000000000000000e+00 2.000000000000000000e+01 0.000000000000000000e+00 1.600000000000000089e+00 -5.805000000000000264e-03 3.754500000000000198e-02 -9.992779999999999996e-01 3.867610000000000214e-01 -9.214430000000000121e-01 -3.686699999999999700e-02 -9.221620000000000372e-01 -3.866959999999999842e-01 -9.171999999999999598e-03
9.000000000000000000e+00 4.000000000000000000e+00 2.000000000000000000e+01 0.000000000000000000e+00 1.600000000000000089e+00 -8.295000000000000290e-03 3.953099999999999670e-02 -9.991839999999999611e-01 3.981810000000000072e-01 -9.164529999999999621e-01 -3.956400000000000194e-02 -9.172690000000000010e-01 -3.981839999999999824e-01 -8.137999999999999401e-03
1.200000000000000000e+01 4.000000000000000000e+00 2.000000000000000000e+01 0.000000000000000000e+00 1.600000000000000089e+00 -9.088999999999999857e-03 4.287699999999999845e-02 -9.990390000000000104e-01 4.091549999999999909e-01 -9.114579999999999904e-01 -4.284000000000000308e-02 -9.124189999999999801e-01 -4.091520000000000157e-01 -9.258999999999999869e-03
2.100000000000000000e+01 4.000000000000000000e+00 2.000000000000000000e+01 0.000000000000000000e+00 1.600000000000000089e+00 -6.164000000000000208e-03 2.223199999999999829e-02 -9.997340000000000115e-01 4.255860000000000198e-01 -9.046319999999999917e-01 -2.274100000000000080e-02 -9.048969999999999514e-01 -4.256130000000000191e-01 -3.886000000000000131e-03
2.400000000000000000e+01 4.000000000000000000e+00 2.000000000000000000e+01 0.000000000000000000e+00 1.600000000000000089e+00 -4.558000000000000419e-03 1.818000000000000171e-02 -9.998240000000000460e-01 4.245269999999999877e-01 -9.052280000000000326e-01 -1.839500000000000163e-02 -9.054039999999999866e-01 -4.245369999999999977e-01 -3.592000000000000141e-03
3.000000000000000000e+00 1.300000000000000000e+01 2.000000000000000000e+01 0.000000000000000000e+00 1.600000000000000089e+00 9.139999999999999904e-04 7.839999999999999747e-04 9.999989999999999712e-01 2.610379999999999923e-01 9.653279999999999639e-01 -9.959999999999999236e-04 -9.653279999999999639e-01 2.610379999999999923e-01 6.780000000000000002e-04
9.000000000000000000e+00 1.300000000000000000e+01 2.000000000000000000e+01 0.000000000000000000e+00 1.600000000000000089e+00 1.499999999999999869e-04 -3.226999999999999834e-03 9.999949999999999672e-01 2.670310000000000183e-01 9.636829999999999563e-01 3.069999999999999812e-03 -9.636879999999999891e-01 2.670290000000000163e-01 1.005999999999999950e-03
1.500000000000000000e+01 1.300000000000000000e+01 2.000000000000000000e+01 0.000000000000000000e+00 1.600000000000000089e+00 -2.431000000000000001e-03 -3.860000000000000150e-03 9.999900000000000455e-01 2.827850000000000086e-01 9.591730000000000533e-01 4.389999999999999805e-03 -9.591800000000000326e-01 2.827930000000000166e-01 -1.240999999999999916e-03
1.900000000000000000e+01 1.300000000000000000e+01 2.000000000000000000e+01 0.000000000000000000e+00 1.600000000000000089e+00 -1.644999999999999978e-03 -4.289000000000000278e-03 9.999890000000000168e-01 2.953200000000000269e-01 9.553869999999999862e-01 4.584000000000000401e-03 -9.553970000000000518e-01 2.953250000000000042e-01 -3.049999999999999868e-04
2.300000000000000000e+01 1.300000000000000000e+01 2.000000000000000000e+01 0.000000000000000000e+00 1.600000000000000089e+00 -9.920000000000000432e-04 2.122999999999999887e-03 9.999970000000000248e-01 3.042599999999999749e-01 9.525879999999999903e-01 -1.719999999999999958e-03 -9.525890000000000191e-01 3.042569999999999997e-01 -1.590000000000000050e-03
2.700000000000000000e+01 1.400000000000000000e+01 2.000000000000000000e+01 0.000000000000000000e+00 1.600000000000000089e+00 -4.600000000000000139e-04 4.809999999999999823e-04 1.000000000000000000e+00 2.668690000000000229e-01 9.637329999999999508e-01 -3.409999999999999945e-04 -9.637329999999999508e-01 2.668690000000000229e-01 -5.720000000000000258e-04
2.700000000000000000e+01 1.600000000000000000e+01 2.100000000000000000e+01 0.000000000000000000e+00 1.600000000000000089e+00 -5.500000000000000196e-05 5.870000000000000218e-03 9.999829999999999552e-01 3.032369999999999788e-01 9.528990000000000515e-01 -5.577000000000000360e-03 -9.529149999999999565e-01 3.032309999999999728e-01 -1.832000000000000078e-03
6.000000000000000000e+00 3.900000000000000000e+01 2.300000000000000000e+01 0.000000000000000000e+00 1.600000000000000089e+00 -4.673340000000000272e-01 -7.931859999999999467e-01 3.904549999999999965e-01 -8.273479999999999723e-01 5.480420000000000291e-01 1.230659999999999948e-01 -3.115999999999999881e-01 -2.655290000000000150e-01 -9.123599999999999488e-01
1.700000000000000000e+01 4.200000000000000000e+01 2.300000000000000000e+01 0.000000000000000000e+00 1.600000000000000089e+00 -9.786989999999999856e-01 -1.833130000000000037e-01 9.243400000000000227e-02 -1.507149999999999879e-01 9.472620000000000484e-01 2.828049999999999731e-01 -1.394009999999999971e-01 2.628499999999999726e-01 -9.547130000000000338e-01
8.000000000000000000e+00 3.000000000000000000e+00 2.500000000000000000e+01 0.000000000000000000e+00 1.600000000000000089e+00 -1.160500000000000073e-02 3.403500000000000275e-02 9.993530000000000468e-01 3.291299999999999781e-02 -9.988660000000000316e-01 3.440100000000000102e-02 9.993910000000000293e-01 3.329100000000000115e-02 1.047099999999999941e-02
1.100000000000000000e+01 3.000000000000000000e+00 2.500000000000000000e+01 0.000000000000000000e+00 1.600000000000000089e+00 -8.959999999999999215e-03 3.976199999999999873e-02 9.991689999999999738e-01 2.266699999999999965e-02 -9.989440000000000541e-01 3.995599999999999846e-02 9.997030000000000083e-01 2.300699999999999967e-02 8.049999999999999864e-03
1.900000000000000000e+01 3.000000000000000000e+00 2.500000000000000000e+01 0.000000000000000000e+00 1.600000000000000089e+00 -6.190000000000000190e-03 2.615900000000000170e-02 9.996390000000000553e-01 -1.188400000000000047e-02 -9.995889999999999498e-01 2.608500000000000055e-02 9.999099999999999655e-01 -1.171900000000000025e-02 6.498000000000000304e-03
2.600000000000000000e+01 4.200000000000000000e+01 2.500000000000000000e+01 0.000000000000000000e+00 1.600000000000000089e+00 1.574000000000000052e-02 -6.999950000000000339e-01 7.139739999999999975e-01 -4.537970000000000059e-01 6.312830000000000386e-01 6.289280000000000426e-01 -8.909660000000000357e-01 -3.338990000000000014e-01 -3.077190000000000203e-01
2.700000000000000000e+01 3.600000000000000000e+01 2.800000000000000000e+01 0.000000000000000000e+00 1.600000000000000089e+00 -3.205500000000000016e-02 -9.311979999999999702e-01 -3.631030000000000091e-01 -5.098219999999999974e-01 -2.972400000000000042e-01 8.072979999999999601e-01 -8.596829999999999750e-01 2.109959999999999891e-01 -4.652169999999999916e-01
5.000000000000000000e+00 3.800000000000000000e+01 2.900000000000000000e+01 0.000000000000000000e+00 1.600000000000000089e+00 3.277300000000000213e-01 1.136940000000000034e-01 -9.379060000000000175e-01 8.720329999999999471e-01 3.455779999999999963e-01 3.466029999999999944e-01 3.635260000000000158e-01 -9.314769999999999994e-01 1.411100000000000028e-02
2.700000000000000000e+01 3.900000000000000000e+01 2.900000000000000000e+01 0.000000000000000000e+00 1.600000000000000089e+00 -1.829639999999999878e-01 -9.314580000000000082e-01 3.144989999999999730e-01 5.347079999999999611e-01 -3.627290000000000236e-01 -7.632269999999999888e-01 8.249919999999999476e-01 2.852199999999999874e-02 5.644240000000000368e-01
3.000000000000000000e+00 5.800000000000000000e+01 3.100000000000000000e+01 0.000000000000000000e+00 1.600000000000000089e+00 -1.900000000000000105e-05 -1.903699999999999837e-02 9.998190000000000133e-01 -7.953090000000000437e-01 -6.060940000000000216e-01 -1.155499999999999930e-02 6.062039999999999651e-01 -7.951650000000000107e-01 -1.512900000000000009e-02
8.000000000000000000e+00 5.800000000000000000e+01 3.100000000000000000e+01 0.000000000000000000e+00 1.600000000000000089e+00 1.490999999999999921e-03 1.764500000000000096e-02 9.998430000000000373e-01 -7.915520000000000334e-01 -6.109850000000000003e-01 1.196299999999999968e-02 6.110999999999999766e-01 -7.914459999999999829e-01 1.305599999999999990e-02
2.100000000000000000e+01 5.800000000000000000e+01 3.100000000000000000e+01 0.000000000000000000e+00 1.600000000000000089e+00 7.190000000000000210e-03 8.888000000000000067e-03 9.999350000000000183e-01 -7.970709999999999740e-01 -6.037839999999999874e-01 1.109800000000000023e-02 6.038430000000000186e-01 -7.970979999999999732e-01 2.743000000000000212e-03
2.800000000000000000e+01 5.800000000000000000e+01 3.100000000000000000e+01 0.000000000000000000e+00 1.600000000000000089e+00 4.989999999999999861e-04 1.578500000000000042e-02 9.998749999999999583e-01 -8.004200000000000204e-01 -5.993579999999999464e-01 9.860999999999999974e-03 5.994390000000000551e-01 -8.003249999999999531e-01 1.233599999999999974e-02
4.000000000000000000e+00 1.800000000000000000e+01 3.400000000000000000e+01 0.000000000000000000e+00 1.600000000000000089e+00 1.900000000000000105e-04 -2.785000000000000149e-03 -9.999959999999999960e-01 -3.109790000000000054e-01 -9.504129999999999523e-01 2.588000000000000023e-03 -9.504169999999999563e-01 3.109779999999999767e-01 -1.046000000000000055e-03
2.200000000000000000e+01 2.300000000000000000e+01 3.400000000000000000e+01 0.000000000000000000e+00 1.600000000000000089e+00 7.259999999999999743e-04 8.675999999999999684e-03 9.999620000000000175e-01 3.968670000000000253e-01 -9.178439999999999932e-01 7.675000000000000398e-03 9.178760000000000252e-01 3.968470000000000053e-01 -4.109999999999999938e-03
2.600000000000000000e+01 2.300000000000000000e+01 3.400000000000000000e+01 0.000000000000000000e+00 1.600000000000000089e+00 3.520000000000000125e-03 1.139000000000000038e-03 9.999930000000000208e-01 3.984730000000000216e-01 -9.171799999999999953e-01 -3.579999999999999741e-04 9.171730000000000160e-01 3.984719999999999929e-01 -3.681999999999999943e-03
3.000000000000000000e+00 3.800000000000000000e+01 3.400000000000000000e+01 0.000000000000000000e+00 1.600000000000000089e+00 4.395720000000000183e-01 -8.013230000000000075e-01 -4.057819999999999760e-01 8.814290000000000180e-01 4.717450000000000254e-01 2.324299999999999977e-02 1.728010000000000101e-01 -3.678839999999999888e-01 9.136739999999999862e-01
2.800000000000000000e+01 4.600000000000000000e+01 3.500000000000000000e+01 0.000000000000000000e+00 1.600000000000000089e+00 -7.791000000000000182e-03 -1.914800000000000113e-01 -9.814659999999999496e-01 3.812050000000000161e-01 -9.079469999999999485e-01 1.741109999999999880e-01 -9.244580000000000020e-01 -3.727829999999999755e-01 8.006699999999999928e-02
7.000000000000000000e+00 2.900000000000000000e+01 3.600000000000000000e+01 0.000000000000000000e+00 1.600000000000000089e+00 5.165929999999999689e-01 5.291700000000000292e-01 -6.731350000000000389e-01 7.841069999999999984e-01 2.343599999999999850e-02 6.201820000000000110e-01 3.439579999999999860e-01 -8.481919999999999460e-01 -4.028189999999999826e-01
5.000000000000000000e+00 3.000000000000000000e+01 3.600000000000000000e+01 0.000000000000000000e+00 1.600000000000000089e+00 3.706889999999999907e-01 4.255550000000000166e-01 -8.255249999999999533e-01 8.244879999999999987e-01 2.584089999999999998e-01 5.034319999999999906e-01 4.275610000000000244e-01 -8.672530000000000516e-01 -2.550760000000000249e-01
1.400000000000000000e+01 5.000000000000000000e+01 3.600000000000000000e+01 0.000000000000000000e+00 1.600000000000000089e+00 -9.993999999999999412e-03 -1.760539999999999883e-01 -9.843300000000000383e-01 1.764459999999999917e-01 -9.692429999999999657e-01 1.715649999999999953e-01 -9.842600000000000238e-01 -1.719670000000000087e-01 4.075100000000000250e-02
2.200000000000000000e+01 9.500000000000000000e+01 3.600000000000000000e+01 0.000000000000000000e+00 1.600000000000000089e+00 -2.294000000000000032e-03 -4.595899999999999985e-02 9.989409999999999679e-01 9.984380000000000477e-01 5.565500000000000308e-02 4.852999999999999675e-03 -5.581900000000000056e-02 9.973919999999999453e-01 4.576000000000000206e-02
1.700000000000000000e+01 3.100000000000000000e+01 3.700000000000000000e+01 0.000000000000000000e+00 1.600000000000000089e+00 1.764259999999999995e-01 -9.746540000000000203e-01 -1.375599999999999878e-01 6.615560000000000329e-01 2.208930000000000060e-01 -7.166240000000000387e-01 7.288459999999999939e-01 3.542800000000000116e-02 6.837600000000000344e-01
2.000000000000000000e+00 3.800000000000000000e+01 3.700000000000000000e+01 0.000000000000000000e+00 1.600000000000000089e+00 4.878919999999999924e-01 -4.875579999999999914e-01 7.240499999999999714e-01 8.587249999999999606e-01 1.191849999999999993e-01 -4.983839999999999937e-01 1.566950000000000010e-01 8.649170000000000469e-01 4.768279999999999741e-01
2.300000000000000000e+01 9.500000000000000000e+01 3.700000000000000000e+01 0.000000000000000000e+00 1.600000000000000089e+00 9.309999999999999699e-04 -2.522200000000000136e-02 9.996810000000000418e-01 9.972680000000000433e-01 7.386900000000000410e-02 9.349999999999999587e-04 -7.386900000000000410e-02 9.969489999999999741e-01 2.522200000000000136e-02
1.100000000000000000e+01 5.000000000000000000e+01 3.800000000000000000e+01 0.000000000000000000e+00 1.600000000000000089e+00 -1.906000000000000055e-02 -3.334849999999999759e-01 9.425630000000000397e-01 -3.292450000000000099e-01 -8.880580000000000140e-01 -3.208590000000000053e-01 9.440520000000000023e-01 -3.164500000000000091e-01 -9.287199999999999622e-02
7.000000000000000000e+00 2.000000000000000000e+01 3.900000000000000000e+01 0.000000000000000000e+00 1.600000000000000089e+00 9.081999999999999795e-03 -1.472900000000000077e-02 9.998500000000000165e-01 -4.799550000000000205e-01 8.771229999999999860e-01 1.728000000000000022e-02 -8.772459999999999702e-01 -4.800400000000000222e-01 8.970000000000000109e-04
1.600000000000000000e+01 2.800000000000000000e+01 4.000000000000000000e+01 0.000000000000000000e+00 1.600000000000000089e+00 -4.974800000000000055e-02 -8.643279999999999852e-01 -5.004619999999999624e-01 7.548270000000000257e-01 2.955940000000000234e-01 -5.855430000000000357e-01 6.540350000000000330e-01 -4.068919999999999759e-01 6.377119999999999456e-01
1.400000000000000000e+01 2.400000000000000000e+01 4.100000000000000000e+01 0.000000000000000000e+00 1.600000000000000089e+00 -2.597000000000000003e-02 -5.360970000000000457e-01 8.437569999999999792e-01 -6.972599999999999909e-01 6.145450000000000079e-01 3.690019999999999967e-01 -7.163469999999999560e-01 -5.787349999999999994e-01 -3.897590000000000221e-01
1.600000000000000000e+01 2.700000000000000000e+01 4.100000000000000000e+01 0.000000000000000000e+00 1.600000000000000089e+00 -4.505800000000000083e-02 -6.286260000000000181e-01 -7.764010000000000078e-01 7.892940000000000511e-01 4.540020000000000167e-01 -4.133970000000000145e-01 6.123600000000000154e-01 -6.314359999999999973e-01 4.757149999999999990e-01
1.100000000000000000e+01 4.700000000000000000e+01 4.100000000000000000e+01 0.000000000000000000e+00 1.600000000000000089e+00 -1.392819999999999891e-01 6.513139999999999485e-01 -7.459160000000000235e-01 -5.861499999999999488e-01 5.528980000000000006e-01 5.922260000000000302e-01 7.981399999999999606e-01 5.197049999999999725e-01 3.047590000000000021e-01
1.500000000000000000e+01 2.600000000000000000e+01 4.200000000000000000e+01 0.000000000000000000e+00 1.600000000000000089e+00 -6.747300000000000519e-02 -4.118640000000000079e-01 -9.087439999999999962e-01 8.455209999999999670e-01 4.599239999999999995e-01 -2.712269999999999959e-01 5.296610000000000484e-01 -7.866630000000000011e-01 3.172070000000000167e-01
2.200000000000000000e+01 5.000000000000000000e+01 4.200000000000000000e+01 0.000000000000000000e+00 1.600000000000000089e+00 -3.983979999999999744e-01 8.527799999999999825e-01 -3.377049999999999774e-01 -5.363569999999999727e-01 8.206800000000000206e-02 8.399910000000000432e-01 7.440430000000000099e-01 5.157819999999999627e-01 4.246989999999999932e-01
5.000000000000000000e+00 2.500000000000000000e+01 4.300000000000000000e+01 0.000000000000000000e+00 1.600000000000000089e+00 1.148529999999999968e-01 1.898920000000000052e-01 -9.750640000000000418e-01 8.158149999999999569e-01 5.420169999999999710e-01 2.016519999999999979e-01 5.667929999999999913e-01 -8.186320000000000263e-01 -9.266399999999999637e-02
1.400000000000000000e+01 2.500000000000000000e+01 4.300000000000000000e+01 0.000000000000000000e+00 1.600000000000000089e+00 -8.930899999999999950e-02 -2.938370000000000148e-01 -9.516740000000000199e-01 8.844750000000000112e-01 4.159349999999999992e-01 -2.114260000000000028e-01 4.579599999999999782e-01 -8.606150000000000189e-01 2.227449999999999986e-01
4.000000000000000000e+00 5.100000000000000000e+01 4.300000000000000000e+01 0.000000000000000000e+00 1.600000000000000089e+00 -1.248449999999999976e-01 4.316590000000000149e-01 -8.933560000000000390e-01 -6.220449999999999591e-01 6.674120000000000053e-01 4.094149999999999734e-01 7.729639999999999844e-01 6.068210000000000548e-01 1.851889999999999925e-01
2.200000000000000000e+01 5.100000000000000000e+01 4.300000000000000000e+01 0.000000000000000000e+00 1.600000000000000089e+00 -2.997949999999999782e-01 8.436019999999999630e-01 -4.454870000000000219e-01 -5.033659999999999801e-01 2.567969999999999975e-01 8.250319999999999876e-01 8.103989999999999805e-01 4.715829999999999744e-01 3.476540000000000186e-01
1.700000000000000000e+01 2.900000000000000000e+01 4.400000000000000000e+01 0.000000000000000000e+00 1.600000000000000089e+00 -4.750900000000000262e-02 -1.842000000000000104e-03 -9.988690000000000069e-01 7.656519999999999992e-01 6.421559999999999491e-01 -3.760000000000000148e-02 6.414990000000000414e-01 -7.665720000000000312e-01 -2.909799999999999887e-02
3.000000000000000000e+01 2.900000000000000000e+01 4.400000000000000000e+01 0.000000000000000000e+00 1.600000000000000089e+00 1.326199999999999948e-02 1.364100000000000035e-02 -9.998190000000000133e-01 7.181229999999999558e-01 6.956560000000000521e-01 1.901699999999999918e-02 6.957900000000000196e-01 -7.182450000000000223e-01 -5.710000000000000015e-04
1.700000000000000000e+01 6.500000000000000000e+01 4.600000000000000000e+01 0.000000000000000000e+00 1.600000000000000089e+00 6.960000000000000041e-04 3.116999999999999979e-03 9.999949999999999672e-01 6.789129999999999887e-01 -7.342170000000000085e-01 1.815999999999999906e-03 7.342189999999999550e-01 6.789079999999999560e-01 -2.626999999999999995e-03
2.000000000000000000e+01 2.900000000000000000e+01 4.800000000000000000e+01 0.000000000000000000e+00 1.600000000000000089e+00 1.222700000000000002e-02 5.530600000000000099e-02 9.983950000000000324e-01 3.553560000000000052e-01 9.330500000000000460e-01 -5.603799999999999754e-02 -9.346510000000000096e-01 3.554709999999999814e-01 -8.245000000000000592e-03
2.500000000000000000e+01 2.900000000000000000e+01 4.800000000000000000e+01 0.000000000000000000e+00 1.600000000000000089e+00 3.239999999999999825e-03 -5.939999999999999968e-03 9.999770000000000048e-01 3.744560000000000111e-01 9.272350000000000314e-01 4.295000000000000207e-03 -9.272390000000000354e-01 3.744330000000000158e-01 5.229000000000000141e-03
1.000000000000000000e+00 3.000000000000000000e+01 4.800000000000000000e+01 0.000000000000000000e+00 1.600000000000000089e+00 4.603199999999999653e-02 4.509710000000000107e-01 8.913510000000000044e-01 4.743809999999999971e-01 7.753949999999999454e-01 -4.168029999999999791e-01 -8.791149999999999798e-01 4.420270000000000032e-01 -1.782390000000000085e-01
1.700000000000000000e+01 4.800000000000000000e+01 4.900000000000000000e+01 0.000000000000000000e+00 1.600000000000000089e+00 6.906189999999999829e-01 -4.656040000000000179e-01 5.534059999999999535e-01 2.069269999999999998e-01 8.604220000000000201e-01 4.656770000000000076e-01 -6.929840000000000444e-01 -2.070909999999999973e-01 6.905689999999999884e-01
6.000000000000000000e+00 6.000000000000000000e+00 5.100000000000000000e+01 0.000000000000000000e+00 1.600000000000000089e+00 -5.590000000000000351e-04 -5.557999999999999573e-03 -9.999839999999999840e-01 2.973890000000000144e-01 -9.547430000000000083e-01 5.139999999999999604e-03 -9.547560000000000491e-01 -2.973810000000000064e-01 2.186000000000000009e-03
4.000000000000000000e+00 1.150000000000000000e+02 5.100000000000000000e+01 0.000000000000000000e+00 1.600000000000000089e+00 -6.577000000000000381e-03 -1.085299999999999980e-02 9.999200000000000310e-01 8.444439999999999724e-01 -5.356440000000000090e-01 -2.590000000000000071e-04 5.356039999999999690e-01 8.443739999999999579e-01 1.268799999999999963e-02
1.000000000000000000e+01 1.150000000000000000e+02 5.100000000000000000e+01 0.000000000000000000e+00 1.600000000000000089e+00 -6.267000000000000001e-03 1.118800000000000003e-02 9.999179999999999735e-01 8.537679999999999714e-01 -5.205340000000000522e-01 1.117499999999999917e-02 5.206169999999999964e-01 8.537670000000000536e-01 -6.289999999999999584e-03
1.600000000000000000e+01 1.150000000000000000e+02 5.100000000000000000e+01 0.000000000000000000e+00 1.600000000000000089e+00 -2.750999999999999973e-03 1.765900000000000108e-02 9.998399999999999510e-01 8.579090000000000327e-01 -5.136749999999999927e-01 1.143300000000000045e-02 5.137950000000000017e-01 8.578029999999999822e-01 -1.373699999999999921e-02
1.400000000000000000e+01 7.000000000000000000e+00 5.200000000000000000e+01 0.000000000000000000e+00 1.600000000000000089e+00 7.494999999999999926e-03 4.832000000000000357e-03 -9.999599999999999600e-01 6.671699999999999853e-02 -9.977629999999999555e-01 -4.321000000000000188e-03 -9.977439999999999642e-01 -6.668200000000000516e-02 -7.800999999999999775e-03
2.200000000000000000e+01 7.000000000000000000e+00 5.200000000000000000e+01 0.000000000000000000e+00 1.600000000000000089e+00 6.430000000000000169e-04 -3.946999999999999988e-03 -9.999919999999999920e-01 7.401299999999999546e-02 -9.972490000000000521e-01 3.983999999999999694e-03 -9.972569999999999490e-01 -7.401499999999999746e-02 -3.490000000000000263e-04
1.100000000000000000e+01 4.400000000000000000e+01 5.300000000000000000e+01 0.000000000000000000e+00 1.600000000000000089e+00 -2.779499999999999749e-01 -9.091439999999999522e-01 3.101630000000000220e-01 -8.572079999999999700e-01 3.804679999999999729e-01 3.470440000000000191e-01 -4.335200000000000164e-01 -1.694130000000000080e-01 -8.850759999999999739e-01
1.000000000000000000e+00 6.300000000000000000e+01 5.400000000000000000e+01 0.000000000000000000e+00 1.600000000000000089e+00 2.913999999999999924e-03 5.610000000000000403e-03 9.999799999999999800e-01 -3.715760000000000174e-01 9.283930000000000238e-01 -4.126000000000000327e-03 -9.283979999999999455e-01 -3.715570000000000261e-01 4.789999999999999987e-03
5.000000000000000000e+00 6.300000000000000000e+01 5.400000000000000000e+01 0.000000000000000000e+00 1.600000000000000089e+00 8.249999999999999955e-04 5.192999999999999700e-03 9.999860000000000415e-01 -3.653660000000000241e-01 9.308530000000000415e-01 -4.531999999999999570e-03 -9.308640000000000247e-01 -3.653569999999999873e-01 2.665999999999999967e-03
9.000000000000000000e+00 6.300000000000000000e+01 5.400000000000000000e+01 0.000000000000000000e+00 1.600000000000000089e+00 8.580000000000000387e-04 3.523000000000000090e-03 9.999930000000000208e-01 -3.584890000000000021e-01 9.335290000000000532e-01 -2.981999999999999842e-03 -9.335329999999999462e-01 -3.584840000000000249e-01 2.063999999999999863e-03
1.500000000000000000e+01 6.300000000000000000e+01 5.400000000000000000e+01 0.000000000000000000e+00 1.600000000000000089e+00 1.319000000000000077e-03 2.955999999999999860e-03 9.999949999999999672e-01 -3.655660000000000021e-01 9.307830000000000270e-01 -2.269000000000000183e-03 -9.307839999999999447e-01 -3.655610000000000248e-01 2.308000000000000156e-03
2.000000000000000000e+01 6.300000000000000000e+01 5.400000000000000000e+01 0.000000000000000000e+00 1.600000000000000089e+00 -1.394999999999999973e-03 -1.886000000000000090e-03 9.999970000000000248e-01 -3.651039999999999841e-01 9.309659999999999602e-01 1.247000000000000062e-03 -9.309659999999999602e-01 -3.651010000000000089e-01 -1.987000000000000051e-03
