5.000000000000000000e+00 2.500000000000000000e+01 1.000000000000000000e+00 0.000000000000000000e+00 1.600000000000000089e+00 2.407999999999999984e-03 6.260000000000000373e-04 -9.999970000000000248e-01 -5.363839999999999719e-01 -8.439720000000000555e-01 -1.820000000000000003e-03 -8.439699999999999980e-01 5.363869999999999472e-01 -1.696000000000000025e-03
1.200000000000000000e+01 2.500000000000000000e+01 1.000000000000000000e+00 0.000000000000000000e+00 1.600000000000000089e+00 -1.281999999999999936e-03 -1.557999999999999923e-03 -9.999980000000000535e-01 -5.350470000000000503e-01 -8.448200000000000154e-01 2.001999999999999873e-03 -8.448219999999999619e-01 5.350479999999999681e-01 2.489999999999999809e-04
1.800000000000000000e+01 2.500000000000000000e+01 1.000000000000000000e+00 0.000000000000000000e+00 1.600000000000000089e+00 -9.210000000000000521e-04 -1.513000000000000022e-03 -9.999980000000000535e-01 -5.301270000000000149e-01 -8.479170000000000318e-01 1.771000000000000005e-03 -8.479179999999999495e-01 5.301270000000000149e-01 -2.099999999999999884e-05
2.500000000000000000e+01 2.500000000000000000e+01 1.000000000000000000e+00 0.000000000000000000e+00 1.600000000000000089e+00 -1.640000000000000019e-04 -2.095000000000000074e-03 -9.999980000000000535e-01 -5.298410000000000064e-01 -8.480950000000000433e-01 1.863000000000000073e-03 -8.480969999999999898e-01 5.298399999999999777e-01 -9.709999999999999664e-04
2.900000000000000000e+01 3.000000000000000000e+00 4.000000000000000000e+00 0.000000000000000000e+00 1.600000000000000089e+00 -1.081970000000000015e-01 -1.725499999999999950e-02 -9.939799999999999747e-01 -8.690309999999999979e-01 -4.839180000000000148e-01 1.029970000000000052e-01 -4.827819999999999889e-01 8.749430000000000263e-01 3.736300000000000038e-02
4.000000000000000000e+00 1.500000000000000000e+01 4.000000000000000000e+00 0.000000000000000000e+00 1.600000000000000089e+00 -3.899999999999999821e-03 -4.762999999999999873e-03 9.999810000000000088e-01 3.243269999999999764e-01 -9.459400000000000031e-01 -3.240999999999999957e-03 9.459370000000000278e-01 3.243079999999999852e-01 5.233999999999999937e-03
1.000000000000000000e+01 1.500000000000000000e+01 4.000000000000000000e+00 0.000000000000000000e+00 1.600000000000000089e+00 2.442000000000000160e-03 7.015999999999999667e-03 9.999719999999999720e-01 3.214469999999999827e-01 -9.469100000000000295e-01 5.858999999999999625e-03 9.469250000000000167e-01 3.214230000000000143e-01 -4.566999999999999879e-03
1.800000000000000000e+01 1.500000000000000000e+01 4.000000000000000000e+00 0.000000000000000000e+00 1.600000000000000089e+00 -4.270999999999999623e-03 -9.627000000000000141e-03 9.999449999999999728e-01 3.200790000000000024e-01 -9.473589999999999511e-01 -7.753999999999999608e-03 9.473810000000000286e-01 3.200290000000000079e-01 7.127999999999999788e-03
2.300000000000000000e+01 1.500000000000000000e+01 4.000000000000000000e+00 0.000000000000000000e+00 1.600000000000000089e+00 2.030000000000000012e-04 -1.015800000000000036e-02 9.999479999999999480e-01 3.156129999999999769e-01 -9.488379999999999592e-01 -9.702999999999999819e-03 9.488879999999999537e-01 3.155990000000000184e-01 3.014000000000000186e-03
9.000000000000000000e+00 1.600000000000000000e+01 4.000000000000000000e+00 0.000000000000000000e+00 1.600000000000000089e+00 1.304999999999999953e-03 5.729999999999999850e-03 9.999829999999999552e-01 3.936459999999999959e-01 -9.192500000000000115e-01 4.754000000000000413e-03 9.192609999999999948e-01 3.936330000000000107e-01 -3.455999999999999871e-03
2.800000000000000000e+01 1.600000000000000000e+01 4.000000000000000000e+00 0.000000000000000000e+00 1.600000000000000089e+00 4.643999999999999691e-03 -5.513999999999999804e-03 9.999740000000000295e-01 3.963659999999999961e-01 -9.180669999999999664e-01 -6.903000000000000282e-03 9.180810000000000359e-01 3.963880000000000181e-01 -2.077999999999999986e-03
3.000000000000000000e+00 1.010000000000000000e+02 7.000000000000000000e+00 0.000000000000000000e+00 1.600000000000000089e+00 2.206000000000000062e-03 -2.928000000000000047e-03 9.999930000000000208e-01 8.859359999999999458e-01 4.638079999999999981e-01 -5.959999999999999586e-04 -4.638030000000000208e-01 8.859310000000000240e-01 3.616999999999999989e-03
8.000000000000000000e+00 1.010000000000000000e+02 7.000000000000000000e+00 0.000000000000000000e+00 1.600000000000000089e+00 2.533000000000000095e-03 -1.533299999999999941e-02 9.998789999999999623e-01 8.866370000000000084e-01 4.624400000000000177e-01 4.845000000000000348e-03 -4.624590000000000090e-01 8.865180000000000282e-01 1.476599999999999961e-02
1.400000000000000000e+01 1.010000000000000000e+02 7.000000000000000000e+00 0.000000000000000000e+00 1.600000000000000089e+00 -6.170000000000000354e-04 -1.479899999999999965e-02 9.998899999999999455e-01 8.894440000000000124e-01 4.569860000000000033e-01 7.313000000000000056e-03 -4.570449999999999791e-01 8.893510000000000026e-01 1.288100000000000009e-02
1.800000000000000000e+01 1.010000000000000000e+02 7.000000000000000000e+00 0.000000000000000000e+00 1.600000000000000089e+00 1.134000000000000025e-03 -1.461299999999999925e-02 9.998930000000000318e-01 8.890400000000000524e-01 4.577950000000000075e-01 5.682000000000000418e-03 -4.578280000000000127e-01 8.889380000000000059e-01 1.350999999999999944e-02
3.000000000000000000e+01 1.500000000000000000e+01 8.000000000000000000e+00 0.000000000000000000e+00 1.600000000000000089e+00 -4.335999999999999577e-03 -7.406000000000000257e-03 -9.999630000000000463e-01 -5.973559999999999981e-01 -8.019309999999999494e-01 8.529000000000000123e-03 -8.019640000000000102e-01 5.973709999999999853e-01 -9.470000000000000336e-04
3.000000000000000000e+00 2.500000000000000000e+01 8.000000000000000000e+00 0.000000000000000000e+00 1.600000000000000089e+00 -1.889000000000000054e-03 -7.828999999999999154e-03 -9.999679999999999680e-01 4.490950000000000220e-01 8.934490000000000487e-01 -7.842999999999999278e-03 8.934819999999999984e-01 -4.490959999999999952e-01 1.827999999999999981e-03
1.000000000000000000e+01 2.500000000000000000e+01 8.000000000000000000e+00 0.000000000000000000e+00 1.600000000000000089e+00 2.669999999999999847e-04 1.342000000000000094e-03 -9.999989999999999712e-01 4.499489999999999879e-01 8.930529999999999857e-01 1.319000000000000077e-03 8.930540000000000145e-01 -4.499489999999999879e-01 -3.649999999999999816e-04
1.500000000000000000e+01 2.500000000000000000e+01 8.000000000000000000e+00 0.000000000000000000e+00 1.600000000000000089e+00 2.760999999999999999e-03 1.108000000000000044e-03 -9.999959999999999960e-01 4.499750000000000139e-01 8.930390000000000272e-01 2.232000000000000043e-03 8.930369999999999697e-01 -4.499790000000000179e-01 1.966999999999999998e-03
2.100000000000000000e+01 2.500000000000000000e+01 8.000000000000000000e+00 0.000000000000000000e+00 1.600000000000000089e+00 -4.499999999999999877e-04 5.671999999999999958e-03 -9.999839999999999840e-01 4.445569999999999800e-01 8.957370000000000054e-01 4.880999999999999922e-03 8.957500000000000462e-01 -4.445479999999999987e-01 -2.923999999999999950e-03
2.800000000000000000e+01 2.500000000000000000e+01 8.000000000000000000e+00 0.000000000000000000e+00 1.600000000000000089e+00 1.348999999999999939e-03 -5.670000000000000127e-04 -9.999989999999999712e-01 4.446169999999999844e-01 8.957209999999999894e-01 9.200000000000000007e-05 8.957199999999999607e-01 -4.446169999999999844e-01 1.461000000000000059e-03
2.000000000000000000e+00 2.400000000000000000e+01 9.000000000000000000e+00 0.000000000000000000e+00 1.600000000000000089e+00 -1.484999999999999992e-03 -6.964999999999999837e-03 -9.999749999999999472e-01 4.547889999999999988e-01 8.905729999999999480e-01 -6.878000000000000433e-03 8.905980000000000008e-01 -4.547869999999999968e-01 1.845000000000000069e-03
1.000000000000000000e+01 2.400000000000000000e+01 9.000000000000000000e+00 0.000000000000000000e+00 1.600000000000000089e+00 3.029999999999999924e-04 4.600000000000000139e-04 -1.000000000000000000e+00 4.548280000000000101e-01 8.905790000000000095e-01 5.469999999999999602e-04 8.905790000000000095e-01 -4.548280000000000101e-01 6.099999999999999872e-05
1.300000000000000000e+01 2.400000000000000000e+01 9.000000000000000000e+00 0.000000000000000000e+00 1.600000000000000089e+00 1.199999999999999895e-03 1.923999999999999929e-03 -9.999970000000000248e-01 4.554279999999999995e-01 8.902700000000000058e-01 2.259999999999999856e-03 8.902719999999999523e-01 -4.554300000000000015e-01 1.920000000000000049e-04
1.600000000000000000e+01 2.400000000000000000e+01 9.000000000000000000e+00 0.000000000000000000e+00 1.600000000000000089e+00 2.736000000000000151e-03 4.899999999999999842e-04 -9.999959999999999960e-01 4.550150000000000028e-01 8.904819999999999958e-01 1.681999999999999901e-03 8.904790000000000205e-01 -4.550179999999999780e-01 2.213999999999999822e-03
2.200000000000000000e+01 2.400000000000000000e+01 9.000000000000000000e+00 0.000000000000000000e+00 1.600000000000000089e+00 -1.129999999999999955e-04 6.825000000000000337e-03 -9.999770000000000048e-01 4.498360000000000136e-01 8.930909999999999682e-01 6.043999999999999893e-03 8.931109999999999882e-01 -4.498249999999999749e-01 -3.171000000000000207e-03
2.700000000000000000e+01 2.400000000000000000e+01 9.000000000000000000e+00 0.000000000000000000e+00 1.600000000000000089e+00 1.070999999999999903e-03 -2.553000000000000148e-03 -9.999959999999999960e-01 4.506399999999999850e-01 8.927040000000000530e-01 -1.796999999999999986e-03 8.927049999999999708e-01 -4.506370000000000098e-01 2.106999999999999932e-03
7.000000000000000000e+00 3.100000000000000000e+01 1.200000000000000000e+01 0.000000000000000000e+00 1.600000000000000089e+00 4.110000000000000155e-04 -9.659999999999999533e-04 9.999989999999999712e-01 -1.050599999999999971e-02 9.999440000000000550e-01 9.700000000000000505e-04 -9.999449999999999728e-01 -1.050599999999999971e-02 4.009999999999999893e-04
2.400000000000000000e+01 3.100000000000000000e+01 1.200000000000000000e+01 0.000000000000000000e+00 1.600000000000000089e+00 2.412000000000000081e-03 -3.201999999999999985e-03 9.999919999999999920e-01 -5.935000000000000171e-03 9.999770000000000048e-01 3.216999999999999808e-03 -9.999789999999999512e-01 -5.943000000000000366e-03 2.393000000000000162e-03
2.000000000000000000e+00 3.500000000000000000e+01 1.200000000000000000e+01 0.000000000000000000e+00 1.600000000000000089e+00 -1.860000000000000108e-03 2.910999999999999959e-03 -9.999940000000000495e-01 5.102240000000000109e-01 -8.600349999999999939e-01 -3.452999999999999906e-03 -8.600400000000000267e-01 -5.102269999999999861e-01 1.140000000000000063e-04
6.000000000000000000e+00 3.500000000000000000e+01 1.200000000000000000e+01 0.000000000000000000e+00 1.600000000000000089e+00 -4.859999999999999954e-04 -1.922000000000000097e-03 -9.999980000000000535e-01 5.012039999999999829e-01 -8.653279999999999861e-01 1.420000000000000038e-03 -8.653290000000000148e-01 -5.012020000000000364e-01 1.384000000000000031e-03
1.000000000000000000e+01 3.500000000000000000e+01 1.200000000000000000e+01 0.000000000000000000e+00 1.600000000000000089e+00 6.067999999999999609e-03 -4.834999999999999888e-03 -9.999700000000000255e-01 4.968790000000000151e-01 -8.677899999999999503e-01 7.211000000000000396e-03 -8.677989999999999871e-01 -4.969080000000000163e-01 -2.863999999999999792e-03
1.500000000000000000e+01 3.500000000000000000e+01 1.200000000000000000e+01 0.000000000000000000e+00 1.600000000000000089e+00 6.650000000000000095e-04 -1.810000000000000085e-04 -1.000000000000000000e+00 5.104239999999999888e-01 -8.599229999999999929e-01 4.949999999999999973e-04 -8.599229999999999929e-01 -5.104239999999999888e-01 -4.789999999999999879e-04
1.900000000000000000e+01 3.500000000000000000e+01 1.200000000000000000e+01 0.000000000000000000e+00 1.600000000000000089e+00 -1.851999999999999914e-03 -3.699999999999999947e-04 -9.999980000000000535e-01 5.262790000000000523e-01 -8.503119999999999568e-01 -6.599999999999999964e-04 -8.503100000000000103e-01 -5.262799999999999701e-01 1.768999999999999956e-03
2.600000000000000000e+01 3.500000000000000000e+01 1.200000000000000000e+01 0.000000000000000000e+00 1.600000000000000089e+00 2.690000000000000117e-03 6.657999999999999856e-03 -9.999740000000000295e-01 5.342860000000000387e-01 -8.452929999999999611e-01 -4.191000000000000281e-03 -8.452990000000000226e-01 -5.342609999999999859e-01 -5.831000000000000245e-03
2.900000000000000000e+01 3.500000000000000000e+01 1.200000000000000000e+01 0.000000000000000000e+00 1.600000000000000089e+00 3.772999999999999878e-03 5.799999999999999600e-03 -9.999759999999999760e-01 5.404790000000000427e-01 -8.413530000000000175e-01 -2.841000000000000209e-03 -8.413490000000000135e-01 -5.404550000000000187e-01 -6.309999999999999637e-03
2.900000000000000000e+01 3.200000000000000000e+01 1.400000000000000000e+01 0.000000000000000000e+00 1.600000000000000089e+00 -3.092999999999999829e-03 3.468000000000000162e-03 -9.999890000000000168e-01 9.882100000000000606e-02 9.950999999999999845e-01 3.144999999999999792e-03 9.950999999999999845e-01 -9.880999999999999506e-02 -3.420999999999999996e-03
8.000000000000000000e+00 1.200000000000000000e+01 1.500000000000000000e+01 0.000000000000000000e+00 1.600000000000000089e+00 3.640000000000000115e-04 2.785999999999999848e-03 -9.999959999999999960e-01 -4.688459999999999850e-01 -8.832759999999999501e-01 -2.631000000000000092e-03 -8.832799999999999541e-01 4.688450000000000117e-01 9.849999999999999815e-04
1.400000000000000000e+01 1.200000000000000000e+01 1.500000000000000000e+01 0.000000000000000000e+00 1.600000000000000089e+00 3.440000000000000132e-04 -4.670999999999999805e-03 -9.999890000000000168e-01 -4.679099999999999926e-01 -8.837669999999999693e-01 3.967000000000000040e-03 -8.837760000000000060e-01 4.679030000000000133e-01 -2.488999999999999893e-03
1.900000000000000000e+01 1.200000000000000000e+01 1.500000000000000000e+01 0.000000000000000000e+00 1.600000000000000089e+00 -9.070000000000000371e-04 -2.779999999999999919e-03 -9.999959999999999960e-01 -4.666609999999999925e-01 -8.844309999999999672e-01 2.882000000000000013e-03 -8.844359999999999999e-01 4.666620000000000212e-01 -4.949999999999999973e-04
2.500000000000000000e+01 1.200000000000000000e+01 1.500000000000000000e+01 0.000000000000000000e+00 1.600000000000000089e+00 1.232999999999999938e-03 -2.115999999999999825e-03 -9.999970000000000248e-01 -4.666669999999999985e-01 -8.844319999999999959e-01 1.296000000000000060e-03 -8.844319999999999959e-01 4.666640000000000232e-01 -2.077999999999999986e-03
1.900000000000000000e+01 1.100000000000000000e+01 1.600000000000000000e+01 0.000000000000000000e+00 1.600000000000000089e+00 -4.220000000000000118e-04 -3.487000000000000082e-03 -9.999940000000000495e-01 -4.082799999999999763e-01 -9.128500000000000503e-01 3.356000000000000042e-03 -9.128570000000000295e-01 4.082790000000000030e-01 -1.038000000000000077e-03
2.300000000000000000e+01 1.100000000000000000e+01 1.600000000000000000e+01 0.000000000000000000e+00 1.600000000000000089e+00 1.195000000000000099e-03 -4.845000000000000348e-03 -9.999869999999999592e-01 -4.086770000000000125e-01 -9.126710000000000100e-01 3.933999999999999997e-03 -9.126779999999999893e-01 4.086670000000000025e-01 -3.069999999999999812e-03
8.000000000000000000e+00 1.160000000000000000e+02 1.600000000000000000e+01 0.000000000000000000e+00 1.600000000000000089e+00 -2.151000000000000134e-03 -5.800000000000000034e-04 9.999970000000000248e-01 7.059809999999999697e-01 7.082289999999999974e-01 1.928999999999999942e-03 -7.082279999999999687e-01 7.059830000000000272e-01 -1.113999999999999973e-03
1.900000000000000000e+01 1.160000000000000000e+02 1.600000000000000000e+01 0.000000000000000000e+00 1.600000000000000089e+00 -2.820000000000000241e-04 4.939999999999999730e-04 1.000000000000000000e+00 7.600949999999999651e-01 6.498129999999999740e-01 -1.060000000000000016e-04 -6.498119999999999452e-01 7.600940000000000474e-01 -5.590000000000000351e-04
2.300000000000000000e+01 1.160000000000000000e+02 1.600000000000000000e+01 0.000000000000000000e+00 1.600000000000000089e+00 3.049999999999999868e-04 -1.013999999999999927e-03 9.999989999999999712e-01 7.617230000000000389e-01 6.479030000000000067e-01 4.240000000000000062e-04 -6.479030000000000067e-01 7.617220000000000102e-01 9.700000000000000505e-04
2.000000000000000000e+00 2.000000000000000000e+00 1.900000000000000000e+01 0.000000000000000000e+00 1.600000000000000089e+00 7.192999999999999741e-03 1.706399999999999931e-02 -9.998289999999999678e-01 2.515109999999999846e-01 -9.677430000000000199e-01 -1.470699999999999959e-02 -9.678280000000000216e-01 -2.513619999999999743e-01 -1.125300000000000085e-02
1.100000000000000000e+01 2.000000000000000000e+00 1.900000000000000000e+01 0.000000000000000000e+00 1.600000000000000089e+00 5.399000000000000153e-03 1.605399999999999883e-02 -9.998569999999999958e-01 2.537650000000000183e-01 -9.671619999999999662e-01 -1.415899999999999971e-02 -9.672509999999999719e-01 -2.536519999999999886e-01 -9.296000000000000443e-03
1.900000000000000000e+01 2.000000000000000000e+00 1.900000000000000000e+01 0.000000000000000000e+00 1.600000000000000089e+00 -6.415999999999999828e-03 -2.566799999999999984e-02 -9.996500000000000385e-01 2.713169999999999749e-01 -9.622159999999999602e-01 2.296600000000000030e-02 -9.624690000000000190e-01 -2.710739999999999816e-01 1.313800000000000037e-02
2.700000000000000000e+01 2.000000000000000000e+00 1.900000000000000000e+01 0.000000000000000000e+00 1.600000000000000089e+00 6.939999999999999988e-03 -3.031500000000000167e-02 -9.995159999999999600e-01 2.615520000000000067e-01 -9.646890000000000187e-01 3.107499999999999846e-02 -9.651640000000000219e-01 -2.616410000000000124e-01 1.234000000000000071e-03
5.000000000000000000e+00 4.000000000000000000e+00 2.000000000000000000e+01 0.000000000000000000e+00 1.600000000000000089e+00 1.363999999999999978e-03 6.058000000000000017e-03 -9.999810000000000088e-01 4.528059999999999863e-01 -8.915960000000000552e-01 -4.782999999999999925e-03 -8.916079999999999561e-01 -4.527900000000000258e-01 -3.958999999999999846e-03
4.000000000000000000e+00 1.300000000000000000e+01 2.000000000000000000e+01 0.000000000000000000e+00 1.600000000000000089e+00 -4.350000000000000026e-04 6.721999999999999677e-03 9.999770000000000048e-01 2.586209999999999898e-01 9.659579999999999833e-01 -6.381000000000000387e-03 -9.659790000000000321e-01 2.586120000000000085e-01 -2.158999999999999895e-03
8.000000000000000000e+00 1.300000000000000000e+01 2.000000000000000000e+01 0.000000000000000000e+00 1.600000000000000089e+00 -2.910000000000000260e-04 -1.397000000000000021e-03 9.999989999999999712e-01 2.617650000000000254e-01 9.651309999999999611e-01 1.425000000000000051e-03 -9.651319999999999899e-01 2.617650000000000254e-01 8.500000000000000611e-05
1.500000000000000000e+01 1.300000000000000000e+01 2.000000000000000000e+01 0.000000000000000000e+00 1.600000000000000089e+00 5.699999999999999772e-04 -4.910000000000000085e-04 1.000000000000000000e+00 2.590439999999999965e-01 9.658649999999999736e-01 3.269999999999999795e-04 -9.658649999999999736e-01 2.590439999999999965e-01 6.780000000000000002e-04
2.000000000000000000e+01 1.300000000000000000e+01 2.000000000000000000e+01 0.000000000000000000e+00 1.600000000000000089e+00 7.900000000000000121e-04 1.312999999999999931e-03 9.999989999999999712e-01 2.597249999999999837e-01 9.656820000000000404e-01 -1.472999999999999917e-03 -9.656820000000000404e-01 2.597260000000000124e-01 4.220000000000000118e-04
2.600000000000000000e+01 1.300000000000000000e+01 2.000000000000000000e+01 0.000000000000000000e+00 1.600000000000000089e+00 -8.440000000000000236e-04 -1.477999999999999930e-03 9.999989999999999712e-01 2.588210000000000233e-01 9.659240000000000048e-01 1.645999999999999894e-03 -9.659250000000000336e-01 2.588219999999999965e-01 -4.330000000000000081e-04
8.000000000000000000e+00 3.000000000000000000e+00 2.500000000000000000e+01 0.000000000000000000e+00 1.600000000000000089e+00 -9.344999999999999141e-03 -2.559000000000000077e-03 9.999529999999999808e-01 -3.682900000000000063e-02 -9.993170000000000108e-01 -2.900999999999999933e-03 9.992779999999999996e-01 -3.685399999999999787e-02 9.244000000000000480e-03
1.400000000000000000e+01 3.000000000000000000e+00 2.500000000000000000e+01 0.000000000000000000e+00 1.600000000000000089e+00 -2.380000000000000117e-04 6.616000000000000353e-03 9.999780000000000335e-01 -3.330500000000000127e-02 -9.994229999999999503e-01 6.603999999999999627e-03 9.994450000000000278e-01 -3.330299999999999927e-02 4.580000000000000195e-04
2.400000000000000000e+01 3.000000000000000000e+00 2.500000000000000000e+01 0.000000000000000000e+00 1.600000000000000089e+00 -8.589999999999999546e-04 -5.016999999999999758e-03 9.999869999999999592e-01 -4.792699999999999738e-02 -9.988380000000000036e-01 -5.053000000000000200e-03 9.988500000000000156e-01 -4.793000000000000038e-02 6.170000000000000354e-04
3.000000000000000000e+01 3.000000000000000000e+00 2.500000000000000000e+01 0.000000000000000000e+00 1.600000000000000089e+00 1.185999999999999988e-03 -6.080000000000000335e-03 9.999810000000000088e-01 -3.771999999999999659e-02 -9.992699999999999916e-01 -6.030999999999999903e-03 9.992879999999999541e-01 -3.771200000000000246e-02 -1.413999999999999892e-03
1.800000000000000000e+01 4.600000000000000000e+01 3.000000000000000000e+01 0.000000000000000000e+00 1.600000000000000089e+00 -9.349999999999999587e-04 -1.054999999999999948e-03 -9.999989999999999712e-01 3.285179999999999767e-01 9.444970000000000310e-01 -1.302999999999999905e-03 9.444970000000000310e-01 -3.285190000000000055e-01 -5.360000000000000181e-04
2.400000000000000000e+01 4.600000000000000000e+01 3.000000000000000000e+01 0.000000000000000000e+00 1.600000000000000089e+00 2.170000000000000054e-03 1.340000000000000045e-03 -9.999970000000000248e-01 3.301470000000000238e-01 9.439269999999999605e-01 1.981999999999999821e-03 9.439269999999999605e-01 -3.301499999999999990e-01 1.606000000000000006e-03
2.000000000000000000e+00 5.800000000000000000e+01 3.100000000000000000e+01 0.000000000000000000e+00 1.600000000000000089e+00 8.000000000000000654e-05 -2.098000000000000038e-03 9.999980000000000535e-01 -7.676439999999999930e-01 -6.408749999999999725e-01 -1.283000000000000069e-03 6.408760000000000012e-01 -7.676420000000000465e-01 -1.662000000000000066e-03
1.100000000000000000e+01 5.800000000000000000e+01 3.100000000000000000e+01 0.000000000000000000e+00 1.600000000000000089e+00 4.310000000000000137e-04 4.921000000000000027e-03 9.999879999999999880e-01 -7.706349999999999589e-01 -6.372679999999999456e-01 3.468000000000000162e-03 6.372769999999999824e-01 -7.706269999999999509e-01 3.517999999999999860e-03
1.900000000000000000e+01 5.800000000000000000e+01 3.100000000000000000e+01 0.000000000000000000e+00 1.600000000000000089e+00 -1.536999999999999955e-03 -3.278999999999999797e-03 9.999930000000000208e-01 -7.669399999999999551e-01 -6.417100000000000026e-01 -3.282999999999999894e-03 6.417169999999999819e-01 -7.669399999999999551e-01 -1.528000000000000061e-03
2.300000000000000000e+01 5.800000000000000000e+01 3.100000000000000000e+01 0.000000000000000000e+00 1.600000000000000089e+00 -1.603000000000000041e-03 -3.889000000000000096e-03 9.999909999999999632e-01 -7.688859999999999584e-01 -6.393750000000000266e-01 -3.719000000000000083e-03 6.393839999999999524e-01 -7.688850000000000406e-01 -1.965000000000000167e-03
2.500000000000000000e+01 5.800000000000000000e+01 3.100000000000000000e+01 0.000000000000000000e+00 1.600000000000000089e+00 -1.079000000000000098e-03 -3.889000000000000096e-03 9.999919999999999920e-01 -7.684839999999999449e-01 -6.398599999999999843e-01 -3.317000000000000070e-03 6.398679999999999923e-01 -7.684809999999999697e-01 -2.298999999999999828e-03
2.000000000000000000e+00 4.600000000000000000e+01 3.500000000000000000e+01 0.000000000000000000e+00 1.600000000000000089e+00 -6.689999999999999983e-04 -3.122000000000000209e-03 -9.999949999999999672e-01 3.913579999999999837e-01 -9.202350000000000252e-01 2.612000000000000172e-03 -9.202380000000000004e-01 -3.913539999999999797e-01 1.837000000000000091e-03
5.000000000000000000e+00 4.600000000000000000e+01 3.500000000000000000e+01 0.000000000000000000e+00 1.600000000000000089e+00 2.820000000000000241e-04 -3.272999999999999868e-03 -9.999949999999999672e-01 3.924349999999999783e-01 -9.197750000000000092e-01 3.121000000000000076e-03 -9.197800000000000420e-01 -3.924340000000000050e-01 1.026000000000000002e-03
1.100000000000000000e+01 4.600000000000000000e+01 3.500000000000000000e+01 0.000000000000000000e+00 1.600000000000000089e+00 1.825000000000000016e-03 -1.222999999999999912e-03 -9.999980000000000535e-01 3.933530000000000082e-01 -9.193860000000000365e-01 1.842000000000000104e-03 -9.193860000000000365e-01 -3.933550000000000102e-01 -1.196000000000000014e-03
1.900000000000000000e+01 4.600000000000000000e+01 3.500000000000000000e+01 0.000000000000000000e+00 1.600000000000000089e+00 3.750000000000000078e-04 -1.041999999999999958e-03 -9.999989999999999712e-01 3.926950000000000163e-01 -9.196680000000000410e-01 1.105999999999999995e-03 -9.196689999999999587e-01 -3.926950000000000163e-01 6.499999999999999431e-05
2.300000000000000000e+01 4.600000000000000000e+01 3.500000000000000000e+01 0.000000000000000000e+00 1.600000000000000089e+00 -1.689999999999999879e-04 -1.051000000000000068e-03 -9.999989999999999712e-01 3.912479999999999847e-01 -9.202850000000000197e-01 9.009999999999999997e-04 -9.202850000000000197e-01 -3.912479999999999847e-01 5.659999999999999884e-04
3.000000000000000000e+01 4.600000000000000000e+01 3.500000000000000000e+01 0.000000000000000000e+00 1.600000000000000089e+00 -1.307000000000000002e-03 -9.010999999999999913e-03 -9.999590000000000423e-01 3.899679999999999813e-01 -9.207959999999999479e-01 7.787999999999999784e-03 -9.208279999999999799e-01 -3.899409999999999821e-01 4.716999999999999839e-03
3.000000000000000000e+00 9.500000000000000000e+01 3.600000000000000000e+01 0.000000000000000000e+00 1.600000000000000089e+00 4.850000000000000253e-04 -1.101899999999999928e-02 9.999390000000000223e-01 9.971959999999999713e-01 7.484000000000000374e-02 3.409999999999999945e-04 -7.483900000000000274e-02 9.971349999999999936e-01 1.102400000000000081e-02
5.000000000000000000e+00 3.000000000000000000e+00 4.300000000000000000e+01 0.000000000000000000e+00 1.600000000000000089e+00 2.298999999999999828e-03 -1.217000000000000026e-02 -9.999230000000000063e-01 7.357420000000000071e-01 -6.771890000000000409e-01 9.934000000000000122e-03 -6.772580000000000267e-01 -7.357080000000000286e-01 7.396999999999999929e-03
9.000000000000000000e+00 3.000000000000000000e+00 4.300000000000000000e+01 0.000000000000000000e+00 1.600000000000000089e+00 -1.210000000000000002e-04 -3.180399999999999894e-02 -9.994939999999999936e-01 7.441429999999999989e-01 -6.676860000000000017e-01 2.115600000000000119e-02 -6.680209999999999759e-01 -7.437639999999999807e-01 2.374799999999999828e-02
1.100000000000000000e+01 3.000000000000000000e+00 4.300000000000000000e+01 0.000000000000000000e+00 1.600000000000000089e+00 -4.031999999999999994e-03 -2.844500000000000153e-02 -9.995870000000000033e-01 7.481179999999999497e-01 -6.633759999999999657e-01 1.585999999999999910e-02 -6.635539999999999772e-01 -7.477449999999999930e-01 2.395500000000000060e-02
1.800000000000000000e+01 3.000000000000000000e+00 4.300000000000000000e+01 0.000000000000000000e+00 1.600000000000000089e+00 -9.990000000000001049e-04 2.320099999999999940e-02 -9.997300000000000075e-01 7.539280000000000426e-01 -6.567619999999999569e-01 -1.599599999999999980e-02 -6.569559999999999844e-01 -7.537409999999999943e-01 -1.683600000000000027e-02
2.500000000000000000e+01 3.000000000000000000e+00 4.300000000000000000e+01 0.000000000000000000e+00 1.600000000000000089e+00 -6.409999999999999682e-04 6.006000000000000054e-03 -9.999820000000000375e-01 7.411280000000000090e-01 -6.713489999999999736e-01 -4.507999999999999854e-03 -6.713639999999999608e-01 -7.411170000000000258e-01 -4.021000000000000268e-03
1.100000000000000000e+01 8.000000000000000000e+00 4.400000000000000000e+01 0.000000000000000000e+00 1.600000000000000089e+00 -4.976999999999999653e-03 -1.159999999999999920e-02 9.999200000000000310e-01 -7.839850000000000430e-01 -6.206810000000000382e-01 -1.110300000000000002e-02 6.207599999999999785e-01 -7.839770000000000350e-01 -6.004999999999999921e-03
1.800000000000000000e+01 8.000000000000000000e+00 4.400000000000000000e+01 0.000000000000000000e+00 1.600000000000000089e+00 2.344999999999999862e-03 5.292999999999999962e-03 9.999829999999999552e-01 -7.894039999999999946e-01 -6.138529999999999820e-01 5.100000000000000366e-03 6.138700000000000268e-01 -7.894029999999999658e-01 2.737999999999999982e-03
2.200000000000000000e+01 8.000000000000000000e+00 4.400000000000000000e+01 0.000000000000000000e+00 1.600000000000000089e+00 3.896000000000000157e-03 5.126000000000000348e-03 9.999789999999999512e-01 -7.897830000000000128e-01 -6.133539999999999548e-01 6.222000000000000100e-03 6.133739999999999748e-01 -7.897910000000000208e-01 1.659000000000000101e-03
2.600000000000000000e+01 8.000000000000000000e+00 4.400000000000000000e+01 0.000000000000000000e+00 1.600000000000000089e+00 1.820999999999999919e-03 3.615999999999999857e-03 9.999919999999999920e-01 -7.895349999999999868e-01 -6.136949999999999905e-01 3.657000000000000094e-03 6.137029999999999985e-01 -7.895349999999999868e-01 1.737000000000000046e-03
2.000000000000000000e+00 2.900000000000000000e+01 4.400000000000000000e+01 0.000000000000000000e+00 1.600000000000000089e+00 -3.939999999999999817e-04 8.440000000000000236e-04 -1.000000000000000000e+00 6.498420000000000307e-01 7.600689999999999946e-01 3.849999999999999798e-04 7.600689999999999946e-01 -6.498410000000000020e-01 -8.480000000000000124e-04
7.000000000000000000e+00 2.900000000000000000e+01 4.400000000000000000e+01 0.000000000000000000e+00 1.600000000000000089e+00 -2.347999999999999827e-03 3.130000000000000187e-04 -9.999970000000000248e-01 6.483600000000000474e-01 7.613320000000000087e-01 -1.283999999999999985e-03 7.613299999999999512e-01 -6.483619999999999939e-01 -1.991000000000000148e-03
1.200000000000000000e+01 2.900000000000000000e+01 4.400000000000000000e+01 0.000000000000000000e+00 1.600000000000000089e+00 1.056999999999999997e-03 -4.490000000000000176e-04 -9.999989999999999712e-01 6.517060000000000075e-01 7.584720000000000351e-01 3.480000000000000020e-04 7.584710000000000063e-01 -6.517049999999999788e-01 1.093999999999999920e-03
2.100000000000000000e+01 2.900000000000000000e+01 4.400000000000000000e+01 0.000000000000000000e+00 1.600000000000000089e+00 8.549999999999999658e-04 5.580000000000000107e-04 -1.000000000000000000e+00 6.568950000000000067e-01 7.539810000000000123e-01 9.820000000000000170e-04 7.539820000000000411e-01 -6.568960000000000354e-01 2.779999999999999811e-04
2.500000000000000000e+01 2.900000000000000000e+01 4.400000000000000000e+01 0.000000000000000000e+00 1.600000000000000089e+00 1.269999999999999970e-04 -8.170000000000000179e-04 -1.000000000000000000e+00 6.556480000000000086e-01 7.550670000000000437e-01 -5.339999999999999695e-04 7.550670000000000437e-01 -6.556480000000000086e-01 6.310000000000000504e-04
2.800000000000000000e+01 2.900000000000000000e+01 4.400000000000000000e+01 0.000000000000000000e+00 1.600000000000000089e+00 -1.062999999999999926e-03 -2.020000000000000094e-03 -9.999970000000000248e-01 6.536870000000000180e-01 7.567610000000000170e-01 -2.223999999999999849e-03 7.567639999999999922e-01 -6.536880000000000468e-01 5.159999999999999656e-04
1.400000000000000000e+01 7.000000000000000000e+01 4.700000000000000000e+01 0.000000000000000000e+00 1.600000000000000089e+00 1.843999999999999936e-03 -5.932999999999999906e-03 -9.999810000000000088e-01 -8.427639999999999576e-01 -5.382810000000000095e-01 1.639999999999999965e-03 -5.382799999999999807e-01 8.427449999999999664e-01 -5.993000000000000063e-03
5.000000000000000000e+00 5.000000000000000000e+00 5.100000000000000000e+01 0.000000000000000000e+00 1.600000000000000089e+00 4.127999999999999725e-03 -3.134000000000000067e-03 -9.999869999999999592e-01 4.795570000000000110e-01 -8.774980000000000002e-01 4.728999999999999697e-03 -8.775009999999999755e-01 -4.795699999999999963e-01 -2.119999999999999923e-03
9.000000000000000000e+00 5.000000000000000000e+00 5.100000000000000000e+01 0.000000000000000000e+00 1.600000000000000089e+00 -2.601000000000000013e-03 -1.465699999999999989e-02 -9.998890000000000278e-01 4.785690000000000222e-01 -8.779730000000000034e-01 1.162499999999999992e-02 -8.780459999999999932e-01 -4.784860000000000224e-01 9.298000000000000709e-03
1.500000000000000000e+01 5.000000000000000000e+00 5.100000000000000000e+01 0.000000000000000000e+00 1.600000000000000089e+00 1.925999999999999978e-03 5.086000000000000243e-03 -9.999850000000000128e-01 4.727899999999999880e-01 -8.811679999999999513e-01 -3.570999999999999956e-03 -8.811729999999999841e-01 -4.727759999999999740e-01 -4.101999999999999744e-03
2.600000000000000000e+01 5.000000000000000000e+00 5.100000000000000000e+01 0.000000000000000000e+00 1.600000000000000089e+00 1.085000000000000027e-03 7.049999999999999843e-03 -9.999749999999999472e-01 4.669119999999999937e-01 -8.842849999999999877e-01 -5.727999999999999585e-03 -8.843029999999999502e-01 -4.668939999999999757e-01 -4.250999999999999571e-03
1.700000000000000000e+01 1.150000000000000000e+02 5.100000000000000000e+01 0.000000000000000000e+00 1.600000000000000089e+00 6.560000000000000076e-04 2.320000000000000014e-04 1.000000000000000000e+00 8.484099999999999975e-01 -5.293400000000000327e-01 -4.339999999999999782e-04 5.293390000000000040e-01 8.484099999999999975e-01 -5.450000000000000200e-04
3.000000000000000000e+00 6.300000000000000000e+01 5.400000000000000000e+01 0.000000000000000000e+00 1.600000000000000089e+00 -1.041999999999999958e-03 5.607000000000000005e-03 9.999839999999999840e-01 -3.427279999999999771e-01 9.394179999999999753e-01 -5.624999999999999792e-03 -9.394339999999999913e-01 -3.427279999999999771e-01 9.430000000000000448e-04
1.000000000000000000e+01 6.300000000000000000e+01 5.400000000000000000e+01 0.000000000000000000e+00 1.600000000000000089e+00 9.849999999999999815e-04 -4.719999999999999803e-04 9.999989999999999712e-01 -3.351790000000000047e-01 9.421540000000000470e-01 7.749999999999999728e-04 -9.421540000000000470e-01 -3.351790000000000047e-01 7.699999999999999597e-04
1.500000000000000000e+01 6.300000000000000000e+01 5.400000000000000000e+01 0.000000000000000000e+00 1.600000000000000089e+00 1.698000000000000074e-03 -9.049999999999999885e-04 9.999980000000000535e-01 -3.400460000000000149e-01 9.404080000000000217e-01 1.428999999999999932e-03 -9.404069999999999929e-01 -3.400480000000000169e-01 1.288999999999999998e-03
2.000000000000000000e+01 6.300000000000000000e+01 5.400000000000000000e+01 0.000000000000000000e+00 1.600000000000000089e+00 1.776000000000000018e-03 1.044999999999999922e-03 9.999980000000000535e-01 -3.463109999999999800e-01 9.381199999999999539e-01 -3.660000000000000059e-04 -9.381180000000000074e-01 -3.463089999999999780e-01 2.027999999999999855e-03
2.900000000000000000e+01 6.300000000000000000e+01 5.400000000000000000e+01 0.000000000000000000e+00 1.600000000000000089e+00 -2.284000000000000006e-03 1.588000000000000002e-03 9.999959999999999960e-01 -3.504820000000000157e-01 9.365670000000000384e-01 -2.288000000000000103e-03 -9.365670000000000384e-01 -3.504860000000000197e-01 -1.582999999999999989e-03
1.000000000000000000e+00 2.500000000000000000e+01 5.500000000000000000e+01 0.000000000000000000e+00 1.600000000000000089e+00 3.159999999999999832e-04 -1.312999999999999931e-03 -9.999989999999999712e-01 -1.156500000000000063e-02 -9.999320000000000430e-01 1.309000000000000051e-03 -9.999329999999999607e-01 1.156500000000000063e-02 -3.310000000000000225e-04
5.000000000000000000e+00 2.500000000000000000e+01 5.500000000000000000e+01 0.000000000000000000e+00 1.600000000000000089e+00 1.680999999999999986e-03 -2.566999999999999837e-03 -9.999949999999999672e-01 -1.178300000000000007e-02 -9.999270000000000103e-01 2.546999999999999785e-03 -9.999289999999999567e-01 1.177800000000000027e-02 -1.711000000000000064e-03
8.000000000000000000e+00 2.500000000000000000e+01 5.500000000000000000e+01 0.000000000000000000e+00 1.600000000000000089e+00 1.634000000000000036e-03 6.819999999999999890e-04 -9.999980000000000535e-01 -1.269400000000000042e-02 -9.999190000000000023e-01 -7.020000000000000415e-04 -9.999179999999999735e-01 1.269499999999999969e-02 -1.624999999999999925e-03
1.400000000000000000e+01 2.500000000000000000e+01 5.500000000000000000e+01 0.000000000000000000e+00 1.600000000000000089e+00 9.950000000000000077e-04 4.457000000000000024e-03 -9.999900000000000455e-01 -9.990999999999999881e-03 -9.999400000000000510e-01 -4.466999999999999617e-03 -9.999500000000000055e-01 9.995000000000000412e-03 -9.510000000000000224e-04
3.000000000000000000e+00 2.100000000000000000e+01 6.000000000000000000e+01 0.000000000000000000e+00 1.600000000000000089e+00 3.310000000000000225e-04 -1.204099999999999962e-02 9.999270000000000103e-01 -9.348599999999999965e-02 9.955479999999999885e-01 1.201900000000000017e-02 -9.956199999999999495e-01 -9.348399999999999765e-02 -7.960000000000000495e-04
1.200000000000000000e+01 2.100000000000000000e+01 6.000000000000000000e+01 0.000000000000000000e+00 1.600000000000000089e+00 1.930000000000000021e-04 -1.628000000000000107e-03 9.999989999999999712e-01 -9.524100000000000621e-02 9.954530000000000323e-01 1.639000000000000049e-03 -9.954539999999999500e-01 -9.524100000000000621e-02 3.699999999999999811e-05
1.600000000000000000e+01 2.100000000000000000e+01 6.000000000000000000e+01 0.000000000000000000e+00 1.600000000000000089e+00 -7.730000000000000326e-04 -5.749999999999999903e-04 1.000000000000000000e+00 -9.469500000000000139e-02 9.955060000000000020e-01 4.989999999999999861e-04 -9.955060000000000020e-01 -9.469400000000000039e-02 -8.239999999999999712e-04
1.900000000000000000e+01 2.100000000000000000e+01 6.000000000000000000e+01 0.000000000000000000e+00 1.600000000000000089e+00 -1.739000000000000094e-03 -3.642999999999999971e-03 9.999919999999999920e-01 -9.550200000000000355e-02 9.954229999999999468e-01 3.459999999999999968e-03 -9.954279999999999795e-01 -9.549499999999999655e-02 -2.079000000000000119e-03
2.300000000000000000e+01 2.100000000000000000e+01 6.000000000000000000e+01 0.000000000000000000e+00 1.600000000000000089e+00 -3.409999999999999945e-04 2.213000000000000123e-03 9.999970000000000248e-01 -9.551800000000000568e-02 9.954250000000000043e-01 -2.236000000000000140e-03 -9.954279999999999795e-01 -9.551800000000000568e-02 -1.279999999999999942e-04
2.500000000000000000e+01 2.100000000000000000e+01 6.000000000000000000e+01 0.000000000000000000e+00 1.600000000000000089e+00 8.149999999999999693e-04 5.765000000000000159e-03 9.999829999999999552e-01 -9.445000000000000617e-02 9.955129999999999812e-01 -5.662999999999999631e-03 -9.955289999999999973e-01 -9.444400000000000017e-02 1.356000000000000000e-03
8.000000000000000000e+00 6.700000000000000000e+01 6.000000000000000000e+01 0.000000000000000000e+00 1.600000000000000089e+00 -1.407999999999999963e-03 -3.180999999999999800e-03 9.999940000000000495e-01 1.744650000000000090e-01 -9.846589999999999510e-01 -2.886999999999999809e-03 9.846620000000000372e-01 1.744600000000000040e-01 1.941000000000000017e-03
1.300000000000000000e+01 6.000000000000000000e+00 6.100000000000000000e+01 0.000000000000000000e+00 1.600000000000000089e+00 1.634999999999999952e-03 -9.499999999999999764e-03 9.999540000000000095e-01 5.661869999999999958e-01 -8.242300000000000182e-01 -8.755999999999999894e-03 8.242749999999999799e-01 5.661749999999999838e-01 4.030999999999999861e-03
