5.000000000000000000e+00 2.500000000000000000e+01 1.000000000000000000e+00 0.000000000000000000e+00 1.600000000000000089e+00 1.340000000000000045e-04 -3.663000000000000023e-03 -9.999930000000000208e-01 -5.222580000000000000e-01 -8.527820000000000400e-01 3.053999999999999857e-03 -8.527879999999999905e-01 5.222539999999999960e-01 -2.027000000000000156e-03
7.000000000000000000e+00 1.500000000000000000e+01 4.000000000000000000e+00 0.000000000000000000e+00 1.600000000000000089e+00 5.710000000000000015e-04 1.603000000000000041e-03 9.999989999999999712e-01 3.072739999999999916e-01 -9.516200000000000214e-01 1.350000000000000071e-03 9.516210000000000502e-01 3.072730000000000183e-01 -1.036000000000000029e-03
1.100000000000000000e+01 1.500000000000000000e+01 4.000000000000000000e+00 0.000000000000000000e+00 1.600000000000000089e+00 -7.640000000000000306e-04 -1.445000000000000104e-03 9.999989999999999712e-01 3.091369999999999951e-01 -9.510170000000000012e-01 -1.137999999999999906e-03 9.510170000000000012e-01 3.091360000000000219e-01 1.172999999999999998e-03
1.800000000000000000e+01 1.500000000000000000e+01 4.000000000000000000e+00 0.000000000000000000e+00 1.600000000000000089e+00 -6.780999999999999701e-03 -1.375499999999999987e-02 9.998820000000000485e-01 2.990760000000000085e-01 -9.541650000000000409e-01 -1.109800000000000023e-02 9.542049999999999699e-01 2.989649999999999808e-01 1.058300000000000039e-02
2.300000000000000000e+01 1.500000000000000000e+01 4.000000000000000000e+00 0.000000000000000000e+00 1.600000000000000089e+00 -4.760000000000000234e-04 -1.252000000000000075e-03 9.999989999999999712e-01 2.961159999999999903e-01 -9.551509999999999723e-01 -1.054999999999999948e-03 9.551520000000000010e-01 2.961150000000000171e-01 8.260000000000000198e-04
2.400000000000000000e+01 4.000000000000000000e+00 5.000000000000000000e+00 0.000000000000000000e+00 1.600000000000000089e+00 -6.647000000000000131e-03 -2.231999999999999956e-02 9.997289999999999788e-01 2.279750000000000110e-01 -9.734570000000000167e-01 -2.021799999999999986e-02 9.736439999999999539e-01 2.277780000000000082e-01 1.155899999999999983e-02
1.600000000000000000e+01 1.010000000000000000e+02 7.000000000000000000e+00 0.000000000000000000e+00 1.600000000000000089e+00 -7.477000000000000139e-03 -4.479999999999999933e-04 9.999719999999999720e-01 8.792600000000000415e-01 4.762930000000000219e-01 6.787999999999999763e-03 -4.762830000000000119e-01 8.792860000000000120e-01 -3.167999999999999809e-03
2.300000000000000000e+01 1.010000000000000000e+02 7.000000000000000000e+00 0.000000000000000000e+00 1.600000000000000089e+00 4.239999999999999845e-03 -9.617000000000000548e-03 9.999449999999999728e-01 8.787319999999999576e-01 4.773149999999999893e-01 8.649999999999999920e-04 -4.772970000000000268e-01 8.786800000000000166e-01 1.047499999999999994e-02
2.000000000000000000e+00 2.500000000000000000e+01 8.000000000000000000e+00 0.000000000000000000e+00 1.600000000000000089e+00 8.429999999999999993e-04 5.893999999999999934e-03 -9.999820000000000375e-01 4.452679999999999971e-01 8.953790000000000360e-01 5.653000000000000039e-03 8.953969999999999985e-01 -4.452650000000000219e-01 -1.869999999999999917e-03
6.000000000000000000e+00 2.500000000000000000e+01 8.000000000000000000e+00 0.000000000000000000e+00 1.600000000000000089e+00 7.269999999999999987e-04 5.096999999999999968e-03 -9.999869999999999592e-01 4.442929999999999935e-01 8.958679999999999977e-01 4.889000000000000117e-03 8.958810000000000384e-01 -4.442909999999999915e-01 -1.613000000000000067e-03
1.100000000000000000e+01 2.500000000000000000e+01 8.000000000000000000e+00 0.000000000000000000e+00 1.600000000000000089e+00 1.822999999999999968e-03 1.229999999999999974e-03 -9.999980000000000535e-01 4.452400000000000246e-01 8.954090000000000105e-01 1.912999999999999987e-03 8.954090000000000105e-01 -4.452429999999999999e-01 1.083999999999999894e-03
1.600000000000000000e+01 2.500000000000000000e+01 8.000000000000000000e+00 0.000000000000000000e+00 1.600000000000000089e+00 1.113999999999999973e-03 3.030000000000000141e-03 -9.999949999999999672e-01 4.439270000000000160e-01 8.960569999999999924e-01 3.210000000000000180e-03 8.960620000000000251e-01 -4.439279999999999893e-01 -3.469999999999999777e-04
2.000000000000000000e+01 2.500000000000000000e+01 8.000000000000000000e+00 0.000000000000000000e+00 1.600000000000000089e+00 -1.121000000000000035e-03 2.239999999999999804e-03 -9.999970000000000248e-01 4.433250000000000246e-01 8.963600000000000456e-01 1.510999999999999973e-03 8.963600000000000456e-01 -4.433219999999999938e-01 -1.998000000000000210e-03
2.700000000000000000e+01 2.500000000000000000e+01 8.000000000000000000e+00 0.000000000000000000e+00 1.600000000000000089e+00 2.390000000000000089e-04 -1.827999999999999981e-03 -9.999980000000000535e-01 4.424609999999999932e-01 8.967870000000000008e-01 -1.533999999999999990e-03 8.967880000000000296e-01 -4.424589999999999912e-01 1.023000000000000038e-03
6.000000000000000000e+00 2.400000000000000000e+01 9.000000000000000000e+00 0.000000000000000000e+00 1.600000000000000089e+00 4.809999999999999823e-04 5.727000000000000320e-03 -9.999829999999999552e-01 4.465439999999999965e-01 8.947460000000000413e-01 5.338999999999999996e-03 8.947610000000000285e-01 -4.465399999999999925e-01 -2.126999999999999984e-03
1.100000000000000000e+01 2.400000000000000000e+01 9.000000000000000000e+00 0.000000000000000000e+00 1.600000000000000089e+00 1.575000000000000011e-03 2.776999999999999955e-03 -9.999949999999999672e-01 4.472709999999999742e-01 8.943929999999999936e-01 3.187999999999999862e-03 8.943969999999999976e-01 -4.472740000000000049e-01 1.659999999999999963e-04
1.600000000000000000e+01 2.400000000000000000e+01 9.000000000000000000e+00 0.000000000000000000e+00 1.600000000000000089e+00 1.317999999999999944e-03 2.948000000000000100e-03 -9.999949999999999672e-01 4.466269999999999962e-01 8.947140000000000093e-01 3.226999999999999834e-03 8.947190000000000420e-01 -4.466289999999999982e-01 -1.369999999999999961e-04
2.000000000000000000e+01 2.400000000000000000e+01 9.000000000000000000e+00 0.000000000000000000e+00 1.600000000000000089e+00 -8.890000000000000333e-04 3.060999999999999919e-03 -9.999949999999999672e-01 4.456499999999999906e-01 8.952039999999999997e-01 2.344000000000000163e-03 8.952069999999999750e-01 -4.456450000000000133e-01 -2.160000000000000028e-03
2.700000000000000000e+01 2.400000000000000000e+01 9.000000000000000000e+00 0.000000000000000000e+00 1.600000000000000089e+00 3.040000000000000167e-04 -3.118000000000000112e-03 -9.999949999999999672e-01 4.445589999999999820e-01 8.957450000000000134e-01 -2.658000000000000206e-03 8.957490000000000174e-01 -4.445569999999999800e-01 1.657999999999999969e-03
4.000000000000000000e+00 3.100000000000000000e+01 1.200000000000000000e+01 0.000000000000000000e+00 1.600000000000000089e+00 3.310000000000000008e-03 5.655000000000000304e-03 9.999789999999999512e-01 -6.146999999999999686e-03 9.999649999999999928e-01 -5.634000000000000119e-03 -9.999759999999999760e-01 -6.127999999999999767e-03 3.344999999999999883e-03
6.000000000000000000e+00 1.160000000000000000e+02 1.600000000000000000e+01 0.000000000000000000e+00 1.600000000000000089e+00 1.213000000000000102e-03 2.674999999999999861e-03 9.999959999999999960e-01 6.891279999999999628e-01 7.246340000000000003e-01 -2.775000000000000123e-03 -7.246390000000000331e-01 6.891289999999999916e-01 -9.640000000000000131e-04
1.700000000000000000e+01 1.160000000000000000e+02 1.600000000000000000e+01 0.000000000000000000e+00 1.600000000000000089e+00 7.759999999999999971e-04 -1.467999999999999904e-03 9.999989999999999712e-01 7.035740000000000327e-01 7.106219999999999759e-01 4.979999999999999618e-04 -7.106219999999999759e-01 7.035730000000000040e-01 1.583999999999999905e-03
2.400000000000000000e+01 1.160000000000000000e+02 1.600000000000000000e+01 0.000000000000000000e+00 1.600000000000000089e+00 -1.162999999999999971e-03 -3.989999999999999949e-04 9.999989999999999712e-01 6.935059999999999558e-01 7.204500000000000348e-01 1.093999999999999920e-03 -7.204500000000000348e-01 6.935069999999999846e-01 -5.609999999999999752e-04
8.000000000000000000e+00 2.000000000000000000e+00 1.900000000000000000e+01 0.000000000000000000e+00 1.600000000000000089e+00 2.517999999999999839e-03 -2.170000000000000054e-03 -9.999949999999999672e-01 1.814669999999999894e-01 -9.833939999999999904e-01 2.590999999999999987e-03 -9.833939999999999904e-01 -1.814729999999999954e-01 -2.082000000000000083e-03
1.500000000000000000e+01 2.000000000000000000e+00 1.900000000000000000e+01 0.000000000000000000e+00 1.600000000000000089e+00 -1.832000000000000078e-03 8.576999999999999555e-03 -9.999620000000000175e-01 1.856180000000000052e-01 -9.825829999999999842e-01 -8.767999999999999752e-03 -9.826200000000000490e-01 -1.856269999999999865e-01 2.079999999999999872e-04
2.000000000000000000e+01 2.000000000000000000e+00 1.900000000000000000e+01 0.000000000000000000e+00 1.600000000000000089e+00 9.200000000000000007e-05 9.627000000000000141e-03 -9.999540000000000095e-01 1.904740000000000044e-01 -9.816470000000000473e-01 -9.433000000000000412e-03 -9.816920000000000091e-01 -1.904639999999999944e-01 -1.923999999999999929e-03
2.400000000000000000e+01 2.000000000000000000e+00 1.900000000000000000e+01 0.000000000000000000e+00 1.600000000000000089e+00 3.289999999999999956e-03 -1.041500000000000065e-02 -9.999400000000000510e-01 1.930709999999999926e-01 -9.811250000000000249e-01 1.085400000000000080e-02 -9.811790000000000234e-01 -1.930949999999999889e-01 -1.216999999999999983e-03
2.800000000000000000e+01 2.000000000000000000e+00 1.900000000000000000e+01 0.000000000000000000e+00 1.600000000000000089e+00 8.710000000000000294e-04 -1.523999999999999964e-03 -9.999980000000000535e-01 1.925800000000000012e-01 -9.812800000000000411e-01 1.662999999999999982e-03 -9.812809999999999588e-01 -1.925810000000000022e-01 -5.609999999999999752e-04
1.500000000000000000e+01 1.300000000000000000e+01 2.000000000000000000e+01 0.000000000000000000e+00 1.600000000000000089e+00 -1.358000000000000049e-03 -2.661000000000000171e-03 9.999959999999999960e-01 2.497640000000000138e-01 9.683019999999999960e-01 2.915000000000000056e-03 -9.683060000000000000e-01 2.497669999999999890e-01 -6.509999999999999945e-04
1.900000000000000000e+01 1.300000000000000000e+01 2.000000000000000000e+01 0.000000000000000000e+00 1.600000000000000089e+00 -2.580999999999999961e-03 -1.137799999999999923e-02 9.999320000000000430e-01 2.510240000000000249e-01 9.679109999999999658e-01 1.166099999999999949e-02 -9.679769999999999763e-01 2.510370000000000101e-01 3.579999999999999741e-04
5.000000000000000000e+00 1.600000000000000000e+01 2.100000000000000000e+01 0.000000000000000000e+00 1.600000000000000089e+00 6.035000000000000434e-03 1.233500000000000048e-02 9.999059999999999615e-01 2.987299999999999955e-01 9.542410000000000059e-01 -1.357500000000000026e-02 -9.543190000000000284e-01 2.987839999999999940e-01 2.073999999999999889e-03
9.000000000000000000e+00 1.600000000000000000e+01 2.100000000000000000e+01 0.000000000000000000e+00 1.600000000000000089e+00 5.283999999999999635e-03 1.251000000000000029e-02 9.999080000000000190e-01 2.974700000000000122e-01 9.546350000000000113e-01 -1.351499999999999924e-02 -9.547160000000000091e-01 2.975140000000000007e-01 1.322999999999999957e-03
2.000000000000000000e+01 1.600000000000000000e+01 2.100000000000000000e+01 0.000000000000000000e+00 1.600000000000000089e+00 -1.105000000000000079e-03 -9.658999999999999184e-03 9.999529999999999808e-01 2.966170000000000195e-01 9.549490000000000478e-01 9.551999999999999727e-03 -9.549959999999999560e-01 2.966139999999999888e-01 1.809000000000000061e-03
2.400000000000000000e+01 1.600000000000000000e+01 2.100000000000000000e+01 0.000000000000000000e+00 1.600000000000000089e+00 7.922999999999999488e-03 2.049499999999999933e-02 9.997589999999999533e-01 2.956110000000000126e-01 9.550570000000000448e-01 -2.192099999999999951e-02 -9.552760000000000140e-01 2.957130000000000036e-01 1.508999999999999925e-03
1.400000000000000000e+01 3.000000000000000000e+00 2.500000000000000000e+01 0.000000000000000000e+00 1.600000000000000089e+00 3.706999999999999792e-03 1.142999999999999919e-03 9.999919999999999920e-01 -5.600200000000000317e-02 -9.984300000000000397e-01 1.348999999999999939e-03 9.984239999999999782e-01 -5.600700000000000123e-02 -3.638000000000000175e-03
1.700000000000000000e+01 3.000000000000000000e+00 2.500000000000000000e+01 0.000000000000000000e+00 1.600000000000000089e+00 4.649000000000000354e-03 1.502000000000000036e-02 9.998759999999999870e-01 -5.224899999999999683e-02 -9.985180000000000167e-01 1.524299999999999961e-02 9.986230000000000384e-01 -5.231299999999999839e-02 -3.857000000000000185e-03
2.100000000000000000e+01 3.000000000000000000e+00 2.500000000000000000e+01 0.000000000000000000e+00 1.600000000000000089e+00 -1.730999999999999900e-03 7.695999999999999716e-03 9.999689999999999968e-01 -4.954000000000000070e-02 -9.987430000000000474e-01 7.601000000000000117e-03 9.987709999999999644e-01 -4.952600000000000058e-02 2.109999999999999896e-03
2.800000000000000000e+01 3.000000000000000000e+00 2.500000000000000000e+01 0.000000000000000000e+00 1.600000000000000089e+00 -2.329999999999999986e-04 -8.580000000000000387e-04 1.000000000000000000e+00 -5.653600000000000292e-02 -9.983999999999999542e-01 -8.700000000000000051e-04 9.984009999999999829e-01 -5.653600000000000292e-02 1.840000000000000001e-04
1.800000000000000000e+01 4.600000000000000000e+01 2.700000000000000000e+01 0.000000000000000000e+00 1.600000000000000089e+00 -5.379999999999999583e-04 -3.395000000000000014e-03 -9.999940000000000495e-01 6.625039999999999818e-01 7.490529999999999688e-01 -2.899999999999999800e-03 7.490590000000000304e-01 -6.625010000000000066e-01 1.846999999999999901e-03
3.000000000000000000e+01 4.600000000000000000e+01 2.700000000000000000e+01 0.000000000000000000e+00 1.600000000000000089e+00 -1.095000000000000053e-03 -3.263999999999999974e-03 -9.999940000000000495e-01 6.619080000000000519e-01 7.495789999999999953e-01 -3.171999999999999906e-03 7.495849999999999458e-01 -6.619070000000000231e-01 1.340000000000000045e-03
3.000000000000000000e+00 4.600000000000000000e+01 3.000000000000000000e+01 0.000000000000000000e+00 1.600000000000000089e+00 -1.410000000000000120e-04 4.644999999999999823e-03 -9.999890000000000168e-01 3.331589999999999829e-01 9.428609999999999491e-01 4.333000000000000046e-03 9.428710000000000147e-01 -3.331549999999999789e-01 -1.680000000000000070e-03
5.000000000000000000e+00 4.600000000000000000e+01 3.500000000000000000e+01 0.000000000000000000e+00 1.600000000000000089e+00 2.252000000000000095e-03 -2.726999999999999823e-03 -9.999940000000000495e-01 3.883340000000000125e-01 -9.215130000000000265e-01 3.386999999999999820e-03 -9.215160000000000018e-01 -3.883389999999999898e-01 -1.016999999999999892e-03
8.000000000000000000e+00 4.600000000000000000e+01 3.500000000000000000e+01 0.000000000000000000e+00 1.600000000000000089e+00 7.820000000000000345e-04 -3.452000000000000207e-03 -9.999940000000000495e-01 3.891649999999999832e-01 -9.211610000000000076e-01 3.484999999999999817e-03 -9.211679999999999868e-01 -3.891660000000000119e-01 6.229999999999999644e-04
1.100000000000000000e+01 4.600000000000000000e+01 3.500000000000000000e+01 0.000000000000000000e+00 1.600000000000000089e+00 -1.820000000000000057e-04 -4.444000000000000034e-03 -9.999900000000000455e-01 3.892590000000000217e-01 -9.211200000000000498e-01 4.022999999999999667e-03 -9.211289999999999756e-01 -3.892539999999999889e-01 1.897999999999999948e-03
1.800000000000000000e+01 4.600000000000000000e+01 3.500000000000000000e+01 0.000000000000000000e+00 1.600000000000000089e+00 -2.082000000000000083e-03 1.590000000000000050e-03 -9.999970000000000248e-01 3.908929999999999905e-01 -9.204329999999999457e-01 -2.276999999999999944e-03 -9.204339999999999744e-01 -3.908969999999999945e-01 1.294999999999999927e-03
2.400000000000000000e+01 4.600000000000000000e+01 3.500000000000000000e+01 0.000000000000000000e+00 1.600000000000000089e+00 5.359000000000000048e-03 -5.320000000000000076e-03 -9.999719999999999720e-01 3.872399999999999731e-01 -9.219530000000000225e-01 6.980000000000000093e-03 -9.219640000000000057e-01 -3.872659999999999991e-01 -2.880999999999999880e-03
2.800000000000000000e+01 4.600000000000000000e+01 3.500000000000000000e+01 0.000000000000000000e+00 1.600000000000000089e+00 2.063000000000000164e-03 -2.158000000000000196e-03 -9.999949999999999672e-01 3.835520000000000040e-01 -9.235149999999999748e-01 2.785000000000000149e-03 -9.235170000000000323e-01 -3.835560000000000080e-01 -1.077999999999999965e-03
1.900000000000000000e+01 9.500000000000000000e+01 3.600000000000000000e+01 0.000000000000000000e+00 1.600000000000000089e+00 -7.440999999999999698e-03 -1.290499999999999980e-02 9.998890000000000278e-01 9.979479999999999462e-01 6.349299999999999389e-02 8.245999999999999858e-03 -6.359299999999999675e-02 9.978989999999999805e-01 1.240600000000000036e-02
2.900000000000000000e+01 9.500000000000000000e+01 3.600000000000000000e+01 0.000000000000000000e+00 1.600000000000000089e+00 1.557399999999999930e-02 3.704500000000000154e-02 9.991919999999999691e-01 9.974359999999999893e-01 6.923100000000000087e-02 -1.811400000000000163e-02 -6.984700000000000630e-02 9.969130000000000491e-01 -3.587200000000000111e-02
1.200000000000000000e+01 2.900000000000000000e+01 4.400000000000000000e+01 0.000000000000000000e+00 1.600000000000000089e+00 -5.559999999999999621e-04 -1.539300000000000043e-02 -9.998810000000000198e-01 6.756619999999999848e-01 7.371180000000000510e-01 -1.172300000000000078e-02 7.372109999999999497e-01 -6.755879999999999663e-01 9.990000000000000616e-03
2.200000000000000000e+01 2.900000000000000000e+01 4.400000000000000000e+01 0.000000000000000000e+00 1.600000000000000089e+00 3.226999999999999834e-03 5.638999999999999915e-03 -9.999789999999999512e-01 6.404900000000000038e-01 7.679399999999999560e-01 6.396999999999999909e-03 7.679599999999999760e-01 -6.404969999999999830e-01 -1.134000000000000025e-03
2.900000000000000000e+01 6.500000000000000000e+01 4.600000000000000000e+01 0.000000000000000000e+00 1.600000000000000089e+00 -9.250000000000000409e-04 -7.249999999999999500e-04 9.999989999999999712e-01 6.794120000000000159e-01 -7.337569999999999926e-01 9.699999999999999963e-05 7.337569999999999926e-01 6.794109999999999872e-01 1.172000000000000082e-03
5.000000000000000000e+00 2.600000000000000000e+01 4.800000000000000000e+01 0.000000000000000000e+00 1.600000000000000089e+00 -2.723000000000000160e-03 -8.687100000000000377e-02 -9.962159999999999904e-01 -8.609700000000000686e-02 9.925410000000000066e-01 -8.631600000000000383e-02 9.962830000000000297e-01 8.553600000000000092e-02 -1.018200000000000008e-02
1.000000000000000000e+01 2.900000000000000000e+01 4.800000000000000000e+01 0.000000000000000000e+00 1.600000000000000089e+00 -9.780000000000000498e-03 -8.643599999999999894e-02 9.962090000000000112e-01 3.780930000000000124e-01 9.219749999999999890e-01 8.370700000000000363e-02 -9.257159999999999833e-01 3.774790000000000090e-01 2.366400000000000101e-02
1.800000000000000000e+01 5.000000000000000000e+00 5.100000000000000000e+01 0.000000000000000000e+00 1.600000000000000089e+00 1.219000000000000031e-03 -8.340000000000000191e-03 -9.999639999999999640e-01 4.879000000000000004e-01 -8.728639999999999732e-01 7.875000000000000056e-03 -8.728989999999999805e-01 -4.878919999999999924e-01 3.005999999999999991e-03
2.400000000000000000e+01 5.000000000000000000e+00 5.100000000000000000e+01 0.000000000000000000e+00 1.600000000000000089e+00 -2.739000000000000115e-03 -5.000000000000000409e-06 -9.999959999999999960e-01 4.877489999999999881e-01 -8.729829999999999535e-01 -1.332000000000000068e-03 -8.729799999999999782e-01 -4.877509999999999901e-01 2.393000000000000162e-03
1.700000000000000000e+01 3.900000000000000000e+01 5.100000000000000000e+01 0.000000000000000000e+00 1.600000000000000089e+00 -1.027800000000000068e-02 -3.279429999999999845e-01 9.446419999999999817e-01 3.330290000000000195e-01 8.896370000000000111e-01 3.124709999999999988e-01 -9.428600000000000314e-01 3.178050000000000042e-01 1.000709999999999933e-01
1.100000000000000000e+01 1.150000000000000000e+02 5.100000000000000000e+01 0.000000000000000000e+00 1.600000000000000089e+00 2.128999999999999816e-03 1.449499999999999920e-02 9.998930000000000318e-01 8.455899999999999528e-01 -5.337990000000000235e-01 5.937999999999999702e-03 5.338279999999999692e-01 8.454869999999999886e-01 -1.339300000000000039e-02
1.600000000000000000e+01 7.000000000000000000e+00 5.200000000000000000e+01 0.000000000000000000e+00 1.600000000000000089e+00 -2.680999999999999790e-03 -6.507999999999999896e-03 -9.999749999999999472e-01 1.068759999999999988e-01 -9.942530000000000534e-01 6.184000000000000261e-03 -9.942689999999999584e-01 -1.068569999999999937e-01 3.360999999999999838e-03
1.800000000000000000e+01 4.000000000000000000e+01 5.200000000000000000e+01 0.000000000000000000e+00 1.600000000000000089e+00 2.435000000000000098e-03 -2.116449999999999998e-01 9.773429999999999618e-01 1.693580000000000085e-01 9.633150000000000324e-01 2.081860000000000099e-01 -9.855519999999999836e-01 1.650139999999999940e-01 3.819000000000000172e-02
2.500000000000000000e+01 4.200000000000000000e+01 5.200000000000000000e+01 0.000000000000000000e+00 1.600000000000000089e+00 3.304499999999999799e-02 -6.770019999999999927e-01 7.352389999999999759e-01 8.238499999999999990e-02 7.349830000000000529e-01 6.730629999999999669e-01 -9.960529999999999662e-01 3.833199999999999802e-02 8.006299999999999528e-02
2.900000000000000000e+01 4.600000000000000000e+01 5.300000000000000000e+01 0.000000000000000000e+00 1.600000000000000089e+00 1.364660000000000040e-01 -7.530649999999999844e-01 -6.436380000000000434e-01 1.230289999999999995e-01 -6.318030000000000035e-01 7.653029999999999555e-01 -9.829750000000000432e-01 -1.836240000000000094e-01 6.428999999999999819e-03
2.800000000000000000e+01 3.800000000000000000e+01 5.400000000000000000e+01 0.000000000000000000e+00 1.600000000000000089e+00 -2.196809999999999874e-01 -7.139550000000000063e-01 -6.648370000000000113e-01 5.518499999999999794e-02 6.712989999999999791e-01 -7.391290000000000360e-01 9.740100000000000424e-01 -1.990619999999999890e-01 -1.080720000000000014e-01
1.000000000000000000e+00 6.300000000000000000e+01 5.400000000000000000e+01 0.000000000000000000e+00 1.600000000000000089e+00 1.551999999999999994e-03 4.160999999999999768e-03 9.999900000000000455e-01 -3.652270000000000238e-01 9.309129999999999905e-01 -3.307000000000000044e-03 -9.309169999999999945e-01 -3.652179999999999871e-01 2.964000000000000055e-03
4.000000000000000000e+00 6.300000000000000000e+01 5.400000000000000000e+01 0.000000000000000000e+00 1.600000000000000089e+00 9.399999999999999719e-04 2.014000000000000165e-03 9.999980000000000535e-01 -3.695899999999999741e-01 9.291939999999999644e-01 -1.523999999999999964e-03 -9.291949999999999932e-01 -3.695869999999999989e-01 1.618000000000000081e-03
9.000000000000000000e+00 6.300000000000000000e+01 5.400000000000000000e+01 0.000000000000000000e+00 1.600000000000000089e+00 4.020000000000000136e-04 -4.540999999999999898e-03 9.999900000000000455e-01 -3.691030000000000144e-01 9.293780000000000374e-01 4.368999999999999620e-03 -9.293879999999999919e-01 -3.691010000000000124e-01 -1.302999999999999905e-03
1.500000000000000000e+01 6.300000000000000000e+01 5.400000000000000000e+01 0.000000000000000000e+00 1.600000000000000089e+00 -1.000000000000000048e-04 -5.199999999999999680e-05 1.000000000000000000e+00 -3.636110000000000175e-01 9.315510000000000179e-01 1.200000000000000030e-05 -9.315510000000000179e-01 -3.636110000000000175e-01 -1.119999999999999983e-04
1.800000000000000000e+01 6.300000000000000000e+01 5.400000000000000000e+01 0.000000000000000000e+00 1.600000000000000089e+00 -6.329999999999999906e-04 1.275000000000000092e-03 9.999989999999999712e-01 -3.637199999999999878e-01 9.315069999999999739e-01 -1.417999999999999990e-03 -9.315080000000000027e-01 -3.637199999999999878e-01 -1.259999999999999998e-04
2.200000000000000000e+01 6.300000000000000000e+01 5.400000000000000000e+01 0.000000000000000000e+00 1.600000000000000089e+00 -4.040000000000000080e-04 2.184999999999999876e-03 9.999970000000000248e-01 -3.621670000000000167e-01 9.321110000000000229e-01 -2.183000000000000045e-03 -9.321129999999999693e-01 -3.621670000000000167e-01 4.150000000000000043e-04
2.600000000000000000e+01 6.300000000000000000e+01 5.400000000000000000e+01 0.000000000000000000e+00 1.600000000000000089e+00 -6.780000000000000002e-04 4.151000000000000176e-03 9.999909999999999632e-01 -3.621240000000000014e-01 9.321209999999999773e-01 -4.114999999999999734e-03 -9.321300000000000141e-01 -3.621240000000000014e-01 8.710000000000000294e-04
2.300000000000000000e+01 2.500000000000000000e+01 5.500000000000000000e+01 0.000000000000000000e+00 1.600000000000000089e+00 3.269999999999999795e-04 -4.244000000000000376e-03 -9.999909999999999632e-01 -1.219899999999999977e-02 -9.999169999999999447e-01 4.239999999999999845e-03 -9.999259999999999815e-01 1.219699999999999951e-02 -3.789999999999999966e-04
2.800000000000000000e+01 2.500000000000000000e+01 5.500000000000000000e+01 0.000000000000000000e+00 1.600000000000000089e+00 4.180000000000000230e-04 -3.409000000000000138e-03 -9.999940000000000495e-01 -1.104300000000000073e-02 -9.999329999999999607e-01 3.403999999999999908e-03 -9.999390000000000223e-01 1.104199999999999973e-02 -4.550000000000000008e-04
2.000000000000000000e+01 7.600000000000000000e+01 5.600000000000000000e+01 0.000000000000000000e+00 1.600000000000000089e+00 1.330000000000000019e-03 -2.831999999999999882e-03 -9.999949999999999672e-01 -1.389890000000000014e-01 9.902889999999999748e-01 -2.988999999999999903e-03 9.902929999999999788e-01 1.389920000000000044e-01 9.229999999999999923e-04
2.500000000000000000e+01 4.600000000000000000e+01 5.700000000000000000e+01 0.000000000000000000e+00 1.600000000000000089e+00 3.870000000000000176e-03 -5.540040000000000520e-01 -8.325050000000000505e-01 -1.913620000000000043e-01 -8.175360000000000404e-01 5.431540000000000257e-01 -9.815120000000000511e-01 1.572079999999999866e-01 -1.091799999999999993e-01
2.600000000000000000e+01 6.800000000000000000e+01 5.700000000000000000e+01 0.000000000000000000e+00 1.600000000000000089e+00 1.845999999999999985e-03 3.428000000000000057e-03 -9.999919999999999920e-01 -2.509600000000000164e-01 -9.679900000000000171e-01 -3.781000000000000073e-03 -9.679959999999999676e-01 2.509649999999999936e-01 -9.269999999999999811e-04
5.000000000000000000e+00 2.100000000000000000e+01 6.000000000000000000e+01 0.000000000000000000e+00 1.600000000000000089e+00 1.098000000000000018e-03 7.818000000000000296e-03 9.999689999999999968e-01 -9.437800000000000356e-02 9.955070000000000308e-01 -7.679000000000000062e-03 -9.955359999999999765e-01 -9.436600000000000543e-02 1.830999999999999945e-03
1.200000000000000000e+01 2.100000000000000000e+01 6.000000000000000000e+01 0.000000000000000000e+00 1.600000000000000089e+00 5.910000000000000539e-04 -6.049999999999999606e-04 1.000000000000000000e+00 -9.644300000000000095e-02 9.953379999999999450e-01 6.589999999999999721e-04 -9.953379999999999450e-01 -9.644300000000000095e-02 5.299999999999999807e-04
1.500000000000000000e+01 2.100000000000000000e+01 6.000000000000000000e+01 0.000000000000000000e+00 1.600000000000000089e+00 8.970000000000000109e-04 -3.518999999999999993e-03 9.999930000000000208e-01 -9.804300000000000515e-02 9.951759999999999495e-01 3.589999999999999875e-03 -9.951820000000000110e-01 -9.804499999999999327e-02 5.479999999999999845e-04
2.100000000000000000e+01 2.100000000000000000e+01 6.000000000000000000e+01 0.000000000000000000e+00 1.600000000000000089e+00 -7.110000000000000434e-04 4.891999999999999647e-03 9.999879999999999880e-01 -9.944100000000000161e-02 9.950309999999999988e-01 -4.938999999999999814e-03 -9.950430000000000108e-01 -9.944400000000000461e-02 -2.210000000000000050e-04
2.500000000000000000e+01 2.100000000000000000e+01 6.000000000000000000e+01 0.000000000000000000e+00 1.600000000000000089e+00 -1.899000000000000080e-03 -8.419999999999999750e-04 9.999980000000000535e-01 -9.929300000000000626e-02 9.950579999999999981e-01 6.489999999999999459e-04 -9.950560000000000516e-01 -9.929200000000000526e-02 -1.974000000000000060e-03
7.000000000000000000e+00 2.700000000000000000e+01 6.300000000000000000e+01 0.000000000000000000e+00 1.600000000000000089e+00 -1.213000000000000102e-03 -2.236999999999999839e-03 9.999970000000000248e-01 -2.737609999999999766e-01 9.617959999999999843e-01 1.819000000000000087e-03 -9.617970000000000130e-01 -2.737569999999999726e-01 -1.778999999999999982e-03
1.300000000000000000e+01 2.700000000000000000e+01 6.300000000000000000e+01 0.000000000000000000e+00 1.600000000000000089e+00 -1.270000000000000078e-03 -2.949999999999999931e-03 9.999949999999999672e-01 -2.794380000000000197e-01 9.601600000000000135e-01 2.478000000000000168e-03 -9.601629999999999887e-01 -2.794340000000000157e-01 -2.043999999999999810e-03
1.600000000000000000e+01 2.700000000000000000e+01 6.300000000000000000e+01 0.000000000000000000e+00 1.600000000000000089e+00 1.116999999999999937e-03 -2.539999999999999940e-04 9.999989999999999712e-01 -2.789940000000000198e-01 9.602929999999999522e-01 5.550000000000000462e-04 -9.602920000000000345e-01 -2.789940000000000198e-01 1.002000000000000069e-03
2.000000000000000000e+01 2.700000000000000000e+01 6.300000000000000000e+01 0.000000000000000000e+00 1.600000000000000089e+00 3.039000000000000035e-03 1.832999999999999994e-03 9.999940000000000495e-01 -2.750040000000000262e-01 9.614430000000000476e-01 -9.259999999999999568e-04 -9.614380000000000148e-01 -2.749989999999999934e-01 3.425999999999999792e-03
2.600000000000000000e+01 2.700000000000000000e+01 6.300000000000000000e+01 0.000000000000000000e+00 1.600000000000000089e+00 -9.299999999999999727e-05 6.157000000000000146e-03 9.999810000000000088e-01 -2.727299999999999724e-01 9.620720000000000383e-01 -5.949000000000000295e-03 -9.620910000000000295e-01 -2.727249999999999952e-01 1.590000000000000050e-03
4.000000000000000000e+00 4.400000000000000000e+01 6.300000000000000000e+01 0.000000000000000000e+00 1.600000000000000089e+00 1.022999999999999951e-02 2.471299999999999886e-02 -9.996420000000000305e-01 -6.753050000000000441e-01 -7.371100000000000430e-01 -2.513400000000000009e-02 -7.374680000000000124e-01 6.753200000000000314e-01 9.148999999999999147e-03
1.200000000000000000e+01 4.400000000000000000e+01 6.300000000000000000e+01 0.000000000000000000e+00 1.600000000000000089e+00 9.809999999999999276e-03 -2.874799999999999925e-02 -9.995389999999999553e-01 -7.163709999999999800e-01 -6.975980000000000514e-01 1.303299999999999945e-02 -6.976510000000000211e-01 7.159130000000000216e-01 -2.743800000000000058e-02
1.000000000000000000e+00 2.600000000000000000e+01 6.400000000000000000e+01 0.000000000000000000e+00 1.600000000000000089e+00 1.229999999999999974e-03 3.836000000000000000e-03 9.999919999999999920e-01 -3.652969999999999828e-01 9.308859999999999912e-01 -3.121000000000000076e-03 -9.308899999999999952e-01 -3.652900000000000036e-01 2.546000000000000086e-03
7.000000000000000000e+00 2.600000000000000000e+01 6.400000000000000000e+01 0.000000000000000000e+00 1.600000000000000089e+00 -7.910000000000000364e-04 -1.703000000000000087e-03 9.999980000000000535e-01 -3.625619999999999954e-01 9.319589999999999819e-01 1.301000000000000073e-03 -9.319589999999999819e-01 -3.625610000000000221e-01 -1.353999999999999952e-03
1.300000000000000000e+01 2.600000000000000000e+01 6.400000000000000000e+01 0.000000000000000000e+00 1.600000000000000089e+00 -1.020999999999999989e-03 -2.729000000000000089e-03 9.999959999999999960e-01 -3.693850000000000189e-01 9.292740000000000444e-01 2.158999999999999895e-03 -9.292759999999999909e-01 -3.693810000000000149e-01 -1.956999999999999972e-03
1.600000000000000000e+01 2.600000000000000000e+01 6.400000000000000000e+01 0.000000000000000000e+00 1.600000000000000089e+00 7.100000000000000191e-04 7.169999999999999724e-04 9.999989999999999712e-01 -3.692460000000000186e-01 9.293310000000000182e-01 -4.049999999999999781e-04 -9.293310000000000182e-01 -3.692460000000000186e-01 9.250000000000000409e-04
2.000000000000000000e+01 2.600000000000000000e+01 6.400000000000000000e+01 0.000000000000000000e+00 1.600000000000000089e+00 2.407999999999999984e-03 2.128999999999999816e-03 9.999949999999999672e-01 -3.634129999999999860e-01 9.316269999999999829e-01 -1.108999999999999960e-03 -9.316250000000000364e-01 -3.634089999999999820e-01 3.017000000000000150e-03
2.600000000000000000e+01 2.600000000000000000e+01 6.400000000000000000e+01 0.000000000000000000e+00 1.600000000000000089e+00 -7.630000000000000063e-04 1.113999999999999973e-03 9.999989999999999712e-01 -3.597540000000000182e-01 9.330460000000000420e-01 -1.314000000000000064e-03 -9.330469999999999597e-01 -3.597549999999999915e-01 -3.110000000000000243e-04
1.500000000000000000e+01 5.600000000000000000e+01 6.400000000000000000e+01 0.000000000000000000e+00 1.600000000000000089e+00 -1.450450000000000073e-01 2.622380000000000266e-01 -9.540410000000000279e-01 1.317499999999999921e-02 9.646639999999999660e-01 2.631549999999999723e-01 9.893370000000000219e-01 2.559900000000000023e-02 -1.433740000000000014e-01
2.500000000000000000e+01 5.100000000000000000e+01 6.600000000000000000e+01 0.000000000000000000e+00 1.600000000000000089e+00 2.223299999999999998e-01 9.708300000000000263e-02 9.701260000000000439e-01 4.341450000000000031e-01 8.810780000000000278e-01 -1.876680000000000015e-01 -8.729759999999999742e-01 4.628999999999999782e-01 1.537419999999999898e-01
8.000000000000000000e+00 4.300000000000000000e+01 7.300000000000000000e+01 0.000000000000000000e+00 1.600000000000000089e+00 -4.793399999999999744e-02 -1.119939999999999963e-01 9.925519999999999898e-01 5.148599999999999705e-02 -9.926500000000000323e-01 -1.095190000000000052e-01 9.975230000000000485e-01 4.585299999999999793e-02 5.334699999999999859e-02
5.000000000000000000e+00 4.400000000000000000e+01 7.300000000000000000e+01 0.000000000000000000e+00 1.600000000000000089e+00 -3.763099999999999778e-02 -1.143669999999999964e-01 9.927259999999999973e-01 2.137100000000000111e-02 -9.932940000000000103e-01 -1.136220000000000008e-01 9.990630000000000344e-01 1.694000000000000020e-02 3.982299999999999729e-02
8.000000000000000000e+00 2.500000000000000000e+01 7.400000000000000000e+01 0.000000000000000000e+00 1.600000000000000089e+00 9.669999999999999776e-04 -5.490000000000000088e-04 9.999989999999999712e-01 8.279309999999999725e-01 -5.608290000000000219e-01 -1.108000000000000044e-03 5.608290000000000219e-01 8.279320000000000013e-01 -8.799999999999999771e-05
1.300000000000000000e+01 2.500000000000000000e+01 7.400000000000000000e+01 0.000000000000000000e+00 1.600000000000000089e+00 -3.445999999999999844e-03 -9.105000000000000246e-03 9.999529999999999808e-01 8.202129999999999699e-01 -5.720530000000000337e-01 -2.383000000000000135e-03 5.720480000000000009e-01 8.201659999999999506e-01 9.438999999999999474e-03
2.000000000000000000e+01 2.500000000000000000e+01 7.400000000000000000e+01 0.000000000000000000e+00 1.600000000000000089e+00 -2.939999999999999905e-04 2.569000000000000103e-03 9.999970000000000248e-01 8.212439999999999740e-01 -5.705750000000000544e-01 1.706999999999999967e-03 5.705780000000000296e-01 8.212409999999999988e-01 -1.941999999999999933e-03
2.400000000000000000e+01 2.500000000000000000e+01 7.400000000000000000e+01 0.000000000000000000e+00 1.600000000000000089e+00 6.499999999999999431e-05 5.389999999999999826e-04 1.000000000000000000e+00 8.245590000000000419e-01 -5.657759999999999456e-01 2.509999999999999753e-04 5.657759999999999456e-01 8.245590000000000419e-01 -4.809999999999999823e-04
2.600000000000000000e+01 2.500000000000000000e+01 7.400000000000000000e+01 0.000000000000000000e+00 1.600000000000000089e+00 1.036999999999999944e-03 -1.301000000000000073e-03 9.999989999999999712e-01 8.253960000000000186e-01 -5.645529999999999715e-01 -1.590000000000000050e-03 5.645540000000000003e-01 8.253960000000000186e-01 4.889999999999999599e-04
2.800000000000000000e+01 8.200000000000000000e+01 7.600000000000000000e+01 0.000000000000000000e+00 1.600000000000000089e+00 -1.617700000000000041e-02 7.315999999999999587e-03 9.998420000000000085e-01 2.375879999999999936e-01 -9.713039999999999452e-01 1.095100000000000066e-02 9.712309999999999555e-01 2.377269999999999939e-01 1.397499999999999958e-02
7.000000000000000000e+00 9.100000000000000000e+01 7.600000000000000000e+01 0.000000000000000000e+00 1.600000000000000089e+00 1.242000000000000048e-03 1.229000000000000058e-03 9.999980000000000535e-01 3.959639999999999826e-01 -9.182660000000000267e-01 6.369999999999999794e-04 9.182649999999999979e-01 3.959619999999999806e-01 -1.626999999999999974e-03
1.300000000000000000e+01 9.100000000000000000e+01 7.600000000000000000e+01 0.000000000000000000e+00 1.600000000000000089e+00 -1.479999999999999979e-03 -2.374999999999999941e-03 9.999959999999999960e-01 3.958130000000000259e-01 -9.183299999999999796e-01 -1.595999999999999979e-03 9.183299999999999796e-01 3.958099999999999952e-01 2.298999999999999828e-03
1.800000000000000000e+01 9.100000000000000000e+01 7.600000000000000000e+01 0.000000000000000000e+00 1.600000000000000089e+00 -6.157000000000000146e-03 8.299999999999999815e-05 9.999810000000000088e-01 3.892459999999999809e-01 -9.211310000000000331e-01 2.472999999999999938e-03 9.211129999999999596e-01 3.892539999999999889e-01 5.638999999999999915e-03
3.000000000000000000e+01 9.200000000000000000e+01 7.900000000000000000e+01 0.000000000000000000e+00 1.600000000000000089e+00 -9.764659999999999451e-01 6.766900000000000692e-02 -2.047799999999999898e-01 2.145440000000000125e-01 2.078339999999999910e-01 -9.543460000000000276e-01 -2.202000000000000138e-02 -9.758210000000000495e-01 -2.174609999999999876e-01
1.000000000000000000e+01 9.000000000000000000e+00 8.200000000000000000e+01 0.000000000000000000e+00 1.600000000000000089e+00 -2.979999999999999793e-04 4.500999999999999793e-03 -9.999900000000000455e-01 5.708710000000000173e-01 8.210319999999999840e-01 3.524999999999999922e-03 8.210399999999999920e-01 -5.708640000000000381e-01 -2.814999999999999794e-03
2.100000000000000000e+01 9.000000000000000000e+00 8.200000000000000000e+01 0.000000000000000000e+00 1.600000000000000089e+00 3.420000000000000188e-04 -5.660000000000000100e-03 -9.999839999999999840e-01 5.724169999999999536e-01 8.199509999999999854e-01 -4.445000000000000166e-03 8.199629999999999974e-01 -5.724059999999999704e-01 3.520000000000000125e-03
3.000000000000000000e+00 1.010000000000000000e+02 8.300000000000000000e+01 0.000000000000000000e+00 1.600000000000000089e+00 -1.500000000000000038e-05 4.046000000000000117e-03 9.999919999999999920e-01 9.954290000000000083e-01 9.550500000000000655e-02 -3.719999999999999891e-04 -9.550500000000000655e-02 9.954210000000000003e-01 -4.028999999999999596e-03
1.500000000000000000e+01 4.800000000000000000e+01 8.400000000000000000e+01 0.000000000000000000e+00 1.600000000000000089e+00 -4.747999999999999617e-03 -4.061000000000000373e-03 -9.999799999999999800e-01 -9.465750000000000552e-01 -3.224330000000000251e-01 5.804000000000000131e-03 -3.224500000000000144e-01 9.465839999999999810e-01 -2.312999999999999952e-03
2.700000000000000000e+01 4.800000000000000000e+01 8.400000000000000000e+01 0.000000000000000000e+00 1.600000000000000089e+00 -2.860000000000000129e-04 -2.039999999999999984e-04 -1.000000000000000000e+00 -9.502909999999999968e-01 -3.113639999999999741e-01 3.359999999999999814e-04 -3.113639999999999741e-01 9.502909999999999968e-01 -1.050000000000000044e-04
