1.200000000000000000e+01 3.000000000000000000e+00 4.000000000000000000e+00 0.000000000000000000e+00 1.600000000000000089e+00 -2.029489999999999905e-01 -1.010149999999999937e-01 -9.739649999999999697e-01 -8.797939999999999650e-01 -4.178370000000000140e-01 2.266620000000000024e-01 -4.298549999999999871e-01 9.028890000000000526e-01 -4.073000000000000231e-03
6.000000000000000000e+00 1.500000000000000000e+01 4.000000000000000000e+00 0.000000000000000000e+00 1.600000000000000089e+00 -5.760000000000000146e-04 -2.372200000000000003e-02 9.997179999999999955e-01 3.173599999999999755e-01 -9.480429999999999691e-01 -2.231299999999999950e-02 9.483049999999999535e-01 3.172570000000000112e-01 8.075000000000000580e-03
1.400000000000000000e+01 1.500000000000000000e+01 4.000000000000000000e+00 0.000000000000000000e+00 1.600000000000000089e+00 -6.430000000000000169e-04 -6.068999999999999742e-03 9.999810000000000088e-01 3.099740000000000273e-01 -9.507290000000000463e-01 -5.571000000000000431e-03 9.507449999999999513e-01 3.099649999999999905e-01 2.492999999999999990e-03
2.000000000000000000e+01 1.500000000000000000e+01 4.000000000000000000e+00 0.000000000000000000e+00 1.600000000000000089e+00 -2.054999999999999969e-03 -2.772000000000000158e-03 9.999940000000000495e-01 3.079399999999999915e-01 -9.514040000000000274e-01 -2.004000000000000139e-03 9.514040000000000274e-01 3.079339999999999855e-01 2.808999999999999865e-03
2.600000000000000000e+01 1.500000000000000000e+01 4.000000000000000000e+00 0.000000000000000000e+00 1.600000000000000089e+00 7.640000000000000306e-04 6.080000000000000335e-04 1.000000000000000000e+00 3.110269999999999979e-01 -9.504010000000000513e-01 3.400000000000000244e-04 9.504010000000000513e-01 3.110269999999999979e-01 -9.150000000000000147e-04
9.000000000000000000e+00 1.600000000000000000e+01 4.000000000000000000e+00 0.000000000000000000e+00 1.600000000000000089e+00 -6.710000000000000469e-04 -4.578999999999999737e-03 9.999890000000000168e-01 3.815290000000000070e-01 -9.243479999999999475e-01 -3.976999999999999633e-03 9.243569999999999842e-01 3.815219999999999723e-01 2.367000000000000180e-03
5.000000000000000000e+00 1.010000000000000000e+02 7.000000000000000000e+00 0.000000000000000000e+00 1.600000000000000089e+00 -2.706000000000000072e-03 -8.475999999999999160e-03 9.999599999999999600e-01 8.858819999999999473e-01 4.638669999999999738e-01 6.329000000000000424e-03 -4.639019999999999810e-01 8.858639999999999848e-01 6.254000000000000010e-03
1.300000000000000000e+01 1.010000000000000000e+02 7.000000000000000000e+00 0.000000000000000000e+00 1.600000000000000089e+00 3.797000000000000028e-03 1.595999999999999979e-03 9.999919999999999920e-01 8.850940000000000474e-01 4.653939999999999744e-01 -4.102999999999999876e-03 -4.653970000000000051e-01 8.851020000000000554e-01 3.539999999999999853e-04
1.900000000000000000e+01 1.010000000000000000e+02 7.000000000000000000e+00 0.000000000000000000e+00 1.600000000000000089e+00 3.903999999999999918e-03 -2.116300000000000125e-02 9.997679999999999900e-01 8.910470000000000335e-01 4.538710000000000244e-01 6.127999999999999767e-03 -4.538949999999999929e-01 8.908160000000000522e-01 2.062900000000000150e-02
2.500000000000000000e+01 1.010000000000000000e+02 7.000000000000000000e+00 0.000000000000000000e+00 1.600000000000000089e+00 -1.180000000000000059e-03 -4.978999999999999919e-03 9.999869999999999592e-01 8.914450000000000429e-01 4.531180000000000208e-01 3.308000000000000176e-03 -4.531279999999999752e-01 8.914370000000000349e-01 3.903999999999999918e-03
6.000000000000000000e+00 2.500000000000000000e+01 8.000000000000000000e+00 0.000000000000000000e+00 1.600000000000000089e+00 -2.197999999999999867e-03 -1.335000000000000032e-03 -9.999970000000000248e-01 4.404540000000000122e-01 8.977730000000000432e-01 -2.167000000000000089e-03 8.977730000000000432e-01 -4.404569999999999874e-01 -1.386000000000000079e-03
1.300000000000000000e+01 2.500000000000000000e+01 8.000000000000000000e+00 0.000000000000000000e+00 1.600000000000000089e+00 -1.268999999999999946e-03 -6.180999999999999862e-03 -9.999799999999999800e-01 4.438409999999999855e-01 8.960850000000000204e-01 -6.101999999999999785e-03 8.961050000000000404e-01 -4.438400000000000123e-01 1.606000000000000006e-03
2.100000000000000000e+01 2.500000000000000000e+01 8.000000000000000000e+00 0.000000000000000000e+00 1.600000000000000089e+00 -8.109999999999999805e-04 1.949999999999999910e-03 -9.999980000000000535e-01 4.444739999999999802e-01 8.957899999999999752e-01 1.386000000000000079e-03 8.957910000000000039e-01 -4.444719999999999782e-01 -1.593000000000000015e-03
2.500000000000000000e+01 2.500000000000000000e+01 8.000000000000000000e+00 0.000000000000000000e+00 1.600000000000000089e+00 -9.899999999999999404e-05 3.220000000000000206e-04 -1.000000000000000000e+00 4.435299999999999798e-01 8.962599999999999456e-01 2.449999999999999921e-04 8.962599999999999456e-01 -4.435299999999999798e-01 -2.320000000000000014e-04
6.000000000000000000e+00 2.400000000000000000e+01 9.000000000000000000e+00 0.000000000000000000e+00 1.600000000000000089e+00 -1.533999999999999990e-03 -2.595000000000000084e-03 -9.999949999999999672e-01 4.457550000000000123e-01 8.951500000000000012e-01 -3.007000000000000124e-03 8.951529999999999765e-01 -4.457579999999999876e-01 -2.169999999999999891e-04
1.400000000000000000e+01 2.400000000000000000e+01 9.000000000000000000e+00 0.000000000000000000e+00 1.600000000000000089e+00 -1.392000000000000008e-03 -7.394000000000000399e-03 -9.999719999999999720e-01 4.498130000000000184e-01 8.930940000000000545e-01 -7.230000000000000315e-03 8.931219999999999715e-01 -4.498099999999999876e-01 2.083000000000000216e-03
2.200000000000000000e+01 2.400000000000000000e+01 9.000000000000000000e+00 0.000000000000000000e+00 1.600000000000000089e+00 -2.210000000000000050e-04 2.070999999999999924e-03 -9.999980000000000535e-01 4.498079999999999856e-01 8.931230000000000002e-01 1.750999999999999952e-03 8.931249999999999467e-01 -4.498070000000000124e-01 -1.129000000000000012e-03
2.800000000000000000e+01 2.400000000000000000e+01 9.000000000000000000e+00 0.000000000000000000e+00 1.600000000000000089e+00 1.999999999999999909e-06 7.110000000000000434e-04 -1.000000000000000000e+00 4.485199999999999743e-01 8.937720000000000109e-01 6.369999999999999794e-04 8.937730000000000397e-01 -4.485199999999999743e-01 -3.170000000000000075e-04
1.600000000000000000e+01 3.100000000000000000e+01 1.200000000000000000e+01 0.000000000000000000e+00 1.600000000000000089e+00 -1.820000000000000057e-04 2.260999999999999989e-03 9.999970000000000248e-01 -5.082999999999999845e-03 9.999850000000000128e-01 -2.262000000000000122e-03 -9.999869999999999592e-01 -5.082999999999999845e-03 -1.710000000000000094e-04
3.000000000000000000e+01 3.100000000000000000e+01 1.200000000000000000e+01 0.000000000000000000e+00 1.600000000000000089e+00 -4.180000000000000230e-04 -7.231999999999999713e-03 9.999740000000000295e-01 -4.140999999999999716e-03 9.999649999999999928e-01 7.230000000000000315e-03 -9.999909999999999632e-01 -4.138000000000000185e-03 -4.479999999999999933e-04
2.600000000000000000e+01 3.000000000000000000e+00 1.300000000000000000e+01 0.000000000000000000e+00 1.600000000000000089e+00 2.861999999999999961e-03 1.369930000000000037e-01 9.905680000000000041e-01 -2.277699999999999864e-02 9.903239999999999821e-01 -1.368939999999999879e-01 -9.997359999999999580e-01 -2.216999999999999874e-02 5.954000000000000091e-03
3.000000000000000000e+00 3.200000000000000000e+01 1.400000000000000000e+01 0.000000000000000000e+00 1.600000000000000089e+00 -3.240000000000000150e-04 2.429999999999999977e-04 -1.000000000000000000e+00 1.148320000000000035e-01 9.933849999999999625e-01 2.039999999999999984e-04 9.933849999999999625e-01 -1.148320000000000035e-01 -3.490000000000000263e-04
7.000000000000000000e+00 3.200000000000000000e+01 1.400000000000000000e+01 0.000000000000000000e+00 1.600000000000000089e+00 -2.979999999999999793e-04 1.332999999999999984e-03 -9.999989999999999712e-01 1.169990000000000058e-01 9.931309999999999860e-01 1.288999999999999998e-03 9.931320000000000148e-01 -1.169990000000000058e-01 -4.519999999999999821e-04
1.300000000000000000e+01 3.200000000000000000e+01 1.400000000000000000e+01 0.000000000000000000e+00 1.600000000000000089e+00 7.339999999999999520e-04 2.468999999999999841e-03 -9.999970000000000248e-01 1.127760000000000012e-01 9.936169999999999725e-01 2.536000000000000060e-03 9.936199999999999477e-01 -1.127780000000000032e-01 4.510000000000000120e-04
1.000000000000000000e+01 1.200000000000000000e+01 1.500000000000000000e+01 0.000000000000000000e+00 1.600000000000000089e+00 -1.010000000000000020e-04 -2.951000000000000064e-03 -9.999959999999999960e-01 -4.612240000000000228e-01 -8.872799999999999576e-01 2.664999999999999834e-03 -8.872839999999999616e-01 4.612229999999999941e-01 -1.270999999999999994e-03
1.600000000000000000e+01 1.200000000000000000e+01 1.500000000000000000e+01 0.000000000000000000e+00 1.600000000000000089e+00 -1.164000000000000104e-03 -4.053000000000000179e-03 -9.999909999999999632e-01 -4.665199999999999902e-01 -8.845009999999999817e-01 4.127999999999999725e-03 -8.845100000000000184e-01 4.665210000000000190e-01 -8.620000000000000275e-04
2.100000000000000000e+01 1.200000000000000000e+01 1.500000000000000000e+01 0.000000000000000000e+00 1.600000000000000089e+00 -3.608999999999999795e-03 -2.948999999999999799e-03 -9.999890000000000168e-01 -4.692359999999999864e-01 -8.830620000000000136e-01 4.297999999999999737e-03 -8.830660000000000176e-01 4.692459999999999964e-01 1.804000000000000048e-03
2.500000000000000000e+01 1.200000000000000000e+01 1.500000000000000000e+01 0.000000000000000000e+00 1.600000000000000089e+00 -3.331999999999999892e-03 -2.060999999999999898e-03 -9.999919999999999920e-01 -4.675039999999999751e-01 -8.839850000000000207e-01 3.379000000000000059e-03 -8.839850000000000207e-01 4.675110000000000099e-01 1.981999999999999821e-03
2.900000000000000000e+01 1.200000000000000000e+01 1.500000000000000000e+01 0.000000000000000000e+00 1.600000000000000089e+00 2.629999999999999959e-04 -5.394000000000000357e-03 -9.999850000000000128e-01 -4.654900000000000149e-01 -8.850409999999999666e-01 4.651999999999999885e-03 -8.850529999999999786e-01 4.654820000000000069e-01 -2.743000000000000212e-03
9.000000000000000000e+00 1.160000000000000000e+02 1.600000000000000000e+01 0.000000000000000000e+00 1.600000000000000089e+00 4.719999999999999803e-04 4.060000000000000024e-04 1.000000000000000000e+00 7.101840000000000375e-01 7.040159999999999751e-01 -6.220000000000000485e-04 -7.040159999999999751e-01 7.101840000000000375e-01 4.399999999999999886e-05
1.300000000000000000e+01 1.160000000000000000e+02 1.600000000000000000e+01 0.000000000000000000e+00 1.600000000000000089e+00 1.446999999999999936e-03 -1.786999999999999960e-03 9.999970000000000248e-01 7.095129999999999493e-01 7.046919999999999851e-01 2.320000000000000014e-04 -7.046909999999999563e-01 7.095110000000000028e-01 2.288000000000000103e-03
1.800000000000000000e+01 1.160000000000000000e+02 1.600000000000000000e+01 0.000000000000000000e+00 1.600000000000000089e+00 3.499999999999999964e-04 1.056000000000000081e-03 9.999989999999999712e-01 7.249830000000000441e-01 6.887659999999999894e-01 -9.810000000000001011e-04 -6.887659999999999894e-01 7.249830000000000441e-01 -5.249999999999999676e-04
2.200000000000000000e+01 1.160000000000000000e+02 1.600000000000000000e+01 0.000000000000000000e+00 1.600000000000000089e+00 -1.382999999999999898e-03 -1.814000000000000074e-03 9.999970000000000248e-01 7.267010000000000414e-01 6.869499999999999496e-01 2.250999999999999963e-03 -6.869530000000000358e-01 7.267019999999999591e-01 3.680000000000000003e-04
2.500000000000000000e+01 1.160000000000000000e+02 1.600000000000000000e+01 0.000000000000000000e+00 1.600000000000000089e+00 -1.051999999999999984e-03 -8.840000000000000201e-04 9.999989999999999712e-01 6.969739999999999824e-01 7.170950000000000379e-01 1.366999999999999943e-03 -7.170959999999999557e-01 6.969750000000000112e-01 -1.379999999999999933e-04
1.000000000000000000e+00 2.000000000000000000e+00 1.900000000000000000e+01 0.000000000000000000e+00 1.600000000000000089e+00 -2.722799999999999873e-02 -5.845100000000000295e-02 -9.979190000000000005e-01 2.149480000000000002e-01 -9.752790000000000070e-01 5.126000000000000001e-02 -9.762459999999999471e-01 -2.131049999999999889e-01 3.911900000000000099e-02
5.000000000000000000e+00 2.000000000000000000e+00 1.900000000000000000e+01 0.000000000000000000e+00 1.600000000000000089e+00 -2.445699999999999957e-02 -5.825899999999999829e-02 -9.980019999999999447e-01 2.044020000000000004e-01 -9.775019999999999820e-01 5.205400000000000305e-02 -9.785810000000000342e-01 -2.027200000000000113e-01 3.581499999999999961e-02
1.400000000000000000e+01 2.000000000000000000e+00 1.900000000000000000e+01 0.000000000000000000e+00 1.600000000000000089e+00 1.522800000000000022e-02 -1.745899999999999883e-02 -9.997319999999999540e-01 2.331959999999999866e-01 -9.722129999999999939e-01 2.053100000000000064e-02 -9.723100000000000076e-01 -2.334459999999999869e-01 -1.073299999999999949e-02
1.800000000000000000e+01 2.000000000000000000e+00 1.900000000000000000e+01 0.000000000000000000e+00 1.600000000000000089e+00 1.233300000000000021e-02 -4.303999999999999666e-03 -9.999149999999999983e-01 2.342779999999999863e-01 -9.721440000000000081e-01 7.074999999999999692e-03 -9.720910000000000384e-01 -2.343449999999999978e-01 -1.098099999999999944e-02
2.200000000000000000e+01 2.000000000000000000e+00 1.900000000000000000e+01 0.000000000000000000e+00 1.600000000000000089e+00 6.740000000000000331e-03 -1.062600000000000003e-02 -9.999209999999999487e-01 2.262550000000000117e-01 -9.739959999999999729e-01 1.187500000000000014e-02 -9.740450000000000497e-01 -2.263179999999999914e-01 -4.160999999999999768e-03
2.000000000000000000e+00 1.300000000000000000e+01 2.000000000000000000e+01 0.000000000000000000e+00 1.600000000000000089e+00 -3.710000000000000190e-04 -4.930000000000000354e-03 9.999879999999999880e-01 2.651089999999999836e-01 9.642060000000000075e-01 4.852000000000000410e-03 -9.642180000000000195e-01 2.651080000000000103e-01 9.489999999999999738e-04
7.000000000000000000e+00 1.300000000000000000e+01 2.000000000000000000e+01 0.000000000000000000e+00 1.600000000000000089e+00 -1.119999999999999983e-04 3.800000000000000209e-04 1.000000000000000000e+00 2.650549999999999851e-01 9.642330000000000068e-01 -3.359999999999999814e-04 -9.642330000000000068e-01 2.650540000000000118e-01 -2.090000000000000115e-04
1.600000000000000000e+01 1.300000000000000000e+01 2.000000000000000000e+01 0.000000000000000000e+00 1.600000000000000089e+00 1.734999999999999997e-03 1.379000000000000017e-03 9.999980000000000535e-01 2.633050000000000113e-01 9.647109999999999852e-01 -1.786999999999999960e-03 -9.647109999999999852e-01 2.633070000000000133e-01 1.311000000000000099e-03
2.500000000000000000e+01 1.300000000000000000e+01 2.000000000000000000e+01 0.000000000000000000e+00 1.600000000000000089e+00 -8.930000000000000221e-04 3.268000000000000071e-03 9.999940000000000495e-01 2.631240000000000245e-01 9.647580000000000044e-01 -2.918000000000000021e-03 -9.647620000000000084e-01 2.631189999999999918e-01 -1.721000000000000090e-03
7.000000000000000000e+00 3.000000000000000000e+00 2.500000000000000000e+01 0.000000000000000000e+00 1.600000000000000089e+00 -2.020999999999999793e-03 -8.300000000000000086e-03 9.999630000000000463e-01 -4.015699999999999825e-02 -9.991579999999999906e-01 -8.375000000000000500e-03 9.991910000000000514e-01 -4.017199999999999938e-02 1.685999999999999999e-03
1.400000000000000000e+01 3.000000000000000000e+00 2.500000000000000000e+01 0.000000000000000000e+00 1.600000000000000089e+00 -2.955000000000000161e-03 -4.086000000000000222e-03 9.999869999999999592e-01 -3.607599999999999696e-02 -9.993400000000000061e-01 -4.190000000000000148e-03 9.993450000000000388e-01 -3.608800000000000202e-02 2.805000000000000202e-03
1.700000000000000000e+01 3.000000000000000000e+00 2.500000000000000000e+01 0.000000000000000000e+00 1.600000000000000089e+00 -1.649000000000000075e-03 7.522000000000000040e-03 9.999700000000000255e-01 -3.702899999999999942e-02 -9.992860000000000076e-01 7.454999999999999821e-03 9.993130000000000068e-01 -3.701600000000000029e-02 1.925999999999999978e-03
2.600000000000000000e+01 3.000000000000000000e+00 2.500000000000000000e+01 0.000000000000000000e+00 1.600000000000000089e+00 2.736999999999999850e-03 -5.169999999999999899e-04 9.999959999999999960e-01 -4.523100000000000037e-02 -9.989759999999999751e-01 -3.919999999999999873e-04 9.989729999999999999e-01 -4.522999999999999937e-02 -2.758000000000000035e-03
2.900000000000000000e+01 3.000000000000000000e+00 2.500000000000000000e+01 0.000000000000000000e+00 1.600000000000000089e+00 2.547999999999999918e-03 -7.799999999999999859e-04 9.999959999999999960e-01 -4.817400000000000154e-02 -9.988390000000000324e-01 -6.560000000000000076e-04 9.988359999999999461e-01 -4.817199999999999954e-02 -2.582000000000000094e-03
1.000000000000000000e+00 4.600000000000000000e+01 2.700000000000000000e+01 0.000000000000000000e+00 1.600000000000000089e+00 -1.247000000000000062e-03 1.399999999999999877e-04 -9.999989999999999712e-01 6.814750000000000529e-01 7.318409999999999638e-01 -7.479999999999999670e-04 7.318400000000000460e-01 -6.814750000000000529e-01 -1.007999999999999998e-03
6.000000000000000000e+00 4.600000000000000000e+01 2.700000000000000000e+01 0.000000000000000000e+00 1.600000000000000089e+00 -2.005999999999999971e-03 -7.209999999999999612e-04 -9.999980000000000535e-01 6.769140000000000157e-01 7.360600000000000476e-01 -1.889000000000000054e-03 7.360600000000000476e-01 -6.769159999999999622e-01 -9.879999999999999460e-04
1.300000000000000000e+01 4.600000000000000000e+01 2.700000000000000000e+01 0.000000000000000000e+00 1.600000000000000089e+00 -3.159999999999999832e-04 1.480999999999999895e-03 -9.999989999999999712e-01 6.733540000000000081e-01 7.393189999999999484e-01 8.819999999999999715e-04 7.393199999999999772e-01 -6.733529999999999793e-01 -1.231000000000000106e-03
2.200000000000000000e+01 4.600000000000000000e+01 2.700000000000000000e+01 0.000000000000000000e+00 1.600000000000000089e+00 -5.060000000000000478e-04 2.220000000000000185e-03 -9.999970000000000248e-01 6.828959999999999475e-01 7.305139999999999967e-01 1.276000000000000007e-03 7.305150000000000254e-01 -6.828940000000000010e-01 -1.886000000000000090e-03
2.700000000000000000e+01 4.600000000000000000e+01 2.700000000000000000e+01 0.000000000000000000e+00 1.600000000000000089e+00 -2.530000000000000239e-04 -7.129999999999999836e-04 -1.000000000000000000e+00 6.781740000000000546e-01 7.349010000000000264e-01 -6.960000000000000041e-04 7.349010000000000264e-01 -6.781740000000000546e-01 2.970000000000000092e-04
2.200000000000000000e+01 4.600000000000000000e+01 3.000000000000000000e+01 0.000000000000000000e+00 1.600000000000000089e+00 -6.970000000000000284e-04 -6.570000000000000319e-04 -1.000000000000000000e+00 3.333139999999999992e-01 9.428149999999999586e-01 -8.509999999999999769e-04 9.428159999999999874e-01 -3.333149999999999724e-01 -4.380000000000000213e-04
3.000000000000000000e+00 5.800000000000000000e+01 3.100000000000000000e+01 0.000000000000000000e+00 1.600000000000000089e+00 -1.672000000000000092e-03 -4.540999999999999898e-03 9.999879999999999880e-01 -8.138530000000000486e-01 -5.810570000000000457e-01 -3.998999999999999951e-03 5.810680000000000289e-01 -8.138499999999999623e-01 -2.724999999999999992e-03
1.000000000000000000e+01 5.800000000000000000e+01 3.100000000000000000e+01 0.000000000000000000e+00 1.600000000000000089e+00 4.558000000000000419e-03 5.714999999999999594e-03 9.999730000000000008e-01 -8.143029999999999990e-01 -5.803979999999999695e-01 7.028999999999999658e-03 5.804219999999999935e-01 -8.143129999999999535e-01 2.008999999999999935e-03
1.400000000000000000e+01 5.800000000000000000e+01 3.100000000000000000e+01 0.000000000000000000e+00 1.600000000000000089e+00 4.793000000000000385e-03 1.312600000000000051e-02 9.999019999999999575e-01 -8.154280000000000417e-01 -5.787440000000000362e-01 1.150600000000000060e-02 5.788389999999999924e-01 -8.154040000000000177e-01 7.929000000000000284e-03
2.100000000000000000e+01 5.800000000000000000e+01 3.100000000000000000e+01 0.000000000000000000e+00 1.600000000000000089e+00 -1.631000000000000071e-03 -3.683000000000000076e-03 9.999919999999999920e-01 -8.147229999999999750e-01 -5.798410000000000508e-01 -3.465000000000000198e-03 5.798489999999999478e-01 -8.147219999999999462e-01 -2.054999999999999969e-03
2.600000000000000000e+01 5.800000000000000000e+01 3.100000000000000000e+01 0.000000000000000000e+00 1.600000000000000089e+00 7.550000000000000287e-04 -5.327000000000000138e-03 9.999860000000000415e-01 -8.107499999999999707e-01 -5.853869999999999907e-01 -2.507000000000000114e-03 5.853920000000000234e-01 -8.107370000000000410e-01 -4.760999999999999607e-03
2.300000000000000000e+01 6.000000000000000000e+00 3.200000000000000000e+01 0.000000000000000000e+00 1.600000000000000089e+00 -3.829999999999999854e-04 -4.242000000000000111e-03 -9.999909999999999632e-01 9.667299999999999505e-02 9.953070000000000528e-01 -4.258999999999999765e-03 9.953159999999999785e-01 -9.667399999999999605e-02 2.900000000000000017e-05
2.200000000000000000e+01 5.900000000000000000e+01 3.200000000000000000e+01 0.000000000000000000e+00 1.600000000000000089e+00 2.640000000000000202e-04 -3.750000000000000078e-04 1.000000000000000000e+00 -7.257390000000000230e-01 -6.879699999999999704e-01 -6.700000000000000226e-05 6.879699999999999704e-01 -7.257390000000000230e-01 -4.539999999999999765e-04
4.000000000000000000e+00 4.600000000000000000e+01 3.500000000000000000e+01 0.000000000000000000e+00 1.600000000000000089e+00 2.210000000000000050e-04 3.390000000000000001e-04 -1.000000000000000000e+00 3.919940000000000091e-01 -9.199680000000000080e-01 -2.249999999999999938e-04 -9.199680000000000080e-01 -3.919940000000000091e-01 -3.359999999999999814e-04
1.000000000000000000e+01 4.600000000000000000e+01 3.500000000000000000e+01 0.000000000000000000e+00 1.600000000000000089e+00 -2.020000000000000040e-04 3.319999999999999926e-04 -1.000000000000000000e+00 3.926490000000000258e-01 -9.196879999999999500e-01 -3.849999999999999798e-04 -9.196879999999999500e-01 -3.926499999999999990e-01 5.599999999999999916e-05
1.400000000000000000e+01 4.600000000000000000e+01 3.500000000000000000e+01 0.000000000000000000e+00 1.600000000000000089e+00 1.681999999999999901e-03 2.674999999999999861e-03 -9.999949999999999672e-01 3.924730000000000163e-01 -9.197619999999999685e-01 -1.799999999999999951e-03 -9.197619999999999685e-01 -3.924679999999999835e-01 -2.596999999999999916e-03
1.900000000000000000e+01 4.600000000000000000e+01 3.500000000000000000e+01 0.000000000000000000e+00 1.600000000000000089e+00 1.423000000000000003e-03 -7.829999999999999504e-04 -9.999989999999999712e-01 3.919309999999999738e-01 -9.199939999999999785e-01 1.278000000000000056e-03 -9.199929999999999497e-01 -3.919329999999999758e-01 -1.002000000000000069e-03
2.400000000000000000e+01 4.600000000000000000e+01 3.500000000000000000e+01 0.000000000000000000e+00 1.600000000000000089e+00 -8.540000000000000499e-04 3.252000000000000116e-03 -9.999940000000000495e-01 3.905270000000000130e-01 -9.205849999999999866e-01 -3.327999999999999795e-03 -9.205910000000000482e-01 -3.905279999999999863e-01 -4.840000000000000010e-04
1.000000000000000000e+01 9.500000000000000000e+01 3.600000000000000000e+01 0.000000000000000000e+00 1.600000000000000089e+00 6.368999999999999662e-03 1.936200000000000074e-02 9.997920000000000140e-01 9.968209999999999571e-01 7.927800000000000125e-02 -7.886000000000000648e-03 -7.941399999999999848e-02 9.966639999999999944e-01 -1.879600000000000021e-02
1.500000000000000000e+01 9.500000000000000000e+01 3.700000000000000000e+01 0.000000000000000000e+00 1.600000000000000089e+00 1.060499999999999984e-02 -4.399999999999999886e-05 9.999440000000000550e-01 9.947190000000000198e-01 1.020940000000000042e-01 -1.054500000000000055e-02 -1.020879999999999982e-01 9.947749999999999648e-01 1.126999999999999964e-03
9.000000000000000000e+00 2.900000000000000000e+01 4.400000000000000000e+01 0.000000000000000000e+00 1.600000000000000089e+00 -3.896999999999999856e-03 -3.312999999999999973e-03 -9.999869999999999592e-01 6.796699999999999964e-01 7.335000000000000409e-01 -5.079000000000000181e-03 7.335080000000000489e-01 -6.796809999999999796e-01 -6.070000000000000092e-04
1.600000000000000000e+01 2.900000000000000000e+01 4.400000000000000000e+01 0.000000000000000000e+00 1.600000000000000089e+00 -1.099999999999999971e-05 -1.405999999999999915e-03 -9.999989999999999712e-01 6.759739999999999638e-01 7.369250000000000522e-01 -1.043000000000000090e-03 7.369250000000000522e-01 -6.759730000000000461e-01 9.420000000000000205e-04
1.900000000000000000e+01 2.900000000000000000e+01 4.400000000000000000e+01 0.000000000000000000e+00 1.600000000000000089e+00 -2.699999999999999899e-05 1.905000000000000009e-03 -9.999980000000000535e-01 6.715400000000000258e-01 7.409670000000000423e-01 1.392999999999999924e-03 7.409679999999999600e-01 -6.715389999999999970e-01 -1.299000000000000024e-03
2.100000000000000000e+01 2.900000000000000000e+01 4.400000000000000000e+01 0.000000000000000000e+00 1.600000000000000089e+00 -6.679999999999999740e-04 3.030999999999999840e-03 -9.999949999999999672e-01 6.686389999999999834e-01 7.435850000000000515e-01 1.807999999999999928e-03 7.435869999999999980e-01 -6.686349999999999794e-01 -2.523000000000000069e-03
1.200000000000000000e+01 5.000000000000000000e+00 5.100000000000000000e+01 0.000000000000000000e+00 1.600000000000000089e+00 7.225999999999999784e-03 3.789999999999999966e-04 -9.999740000000000295e-01 4.823310000000000097e-01 -8.759839999999999849e-01 3.152999999999999987e-03 -8.759590000000000432e-01 -4.823410000000000197e-01 -6.512999999999999692e-03
2.000000000000000000e+01 5.000000000000000000e+00 5.100000000000000000e+01 0.000000000000000000e+00 1.600000000000000089e+00 -3.337000000000000122e-03 1.508999999999999925e-03 -9.999930000000000208e-01 4.840110000000000245e-01 -8.750569999999999737e-01 -2.935999999999999808e-03 -8.750550000000000272e-01 -4.840180000000000038e-01 2.190000000000000106e-03
2.500000000000000000e+01 5.000000000000000000e+00 5.100000000000000000e+01 0.000000000000000000e+00 1.600000000000000089e+00 -6.840000000000000377e-04 7.499999999999999343e-05 -1.000000000000000000e+00 4.862099999999999755e-01 -8.738420000000000076e-01 -3.980000000000000248e-04 -8.738420000000000076e-01 -4.862099999999999755e-01 5.619999999999999996e-04
2.800000000000000000e+01 6.000000000000000000e+00 5.100000000000000000e+01 0.000000000000000000e+00 1.600000000000000089e+00 -2.739999999999999923e-04 1.825000000000000016e-03 -9.999980000000000535e-01 3.210819999999999785e-01 -9.470499999999999474e-01 -1.815999999999999906e-03 -9.470509999999999762e-01 -3.210819999999999785e-01 -3.269999999999999795e-04
1.900000000000000000e+01 1.150000000000000000e+02 5.100000000000000000e+01 0.000000000000000000e+00 1.600000000000000089e+00 -2.239999999999999966e-04 -6.551000000000000399e-03 9.999780000000000335e-01 8.454099999999999948e-01 -5.341080000000000272e-01 -3.310000000000000008e-03 5.341179999999999817e-01 8.453910000000000036e-01 5.657999999999999835e-03
3.000000000000000000e+00 6.300000000000000000e+01 5.400000000000000000e+01 0.000000000000000000e+00 1.600000000000000089e+00 5.760000000000000146e-04 2.082000000000000083e-03 9.999980000000000535e-01 -3.504530000000000145e-01 9.365790000000000504e-01 -1.747999999999999988e-03 -9.365799999999999681e-01 -3.504510000000000125e-01 1.268999999999999946e-03
1.300000000000000000e+01 6.300000000000000000e+01 5.400000000000000000e+01 0.000000000000000000e+00 1.600000000000000089e+00 1.613999999999999983e-03 4.169999999999999987e-04 9.999989999999999712e-01 -3.400679999999999814e-01 9.404010000000000424e-01 1.569999999999999944e-04 -9.404000000000000137e-01 -3.400679999999999814e-01 1.660000000000000017e-03
2.000000000000000000e+01 6.300000000000000000e+01 5.400000000000000000e+01 0.000000000000000000e+00 1.600000000000000089e+00 2.770000000000000110e-04 -1.720000000000000066e-04 1.000000000000000000e+00 -3.530249999999999777e-01 9.356139999999999457e-01 2.579999999999999828e-04 -9.356139999999999457e-01 -3.530249999999999777e-01 1.979999999999999881e-04
2.000000000000000000e+00 2.500000000000000000e+01 5.500000000000000000e+01 0.000000000000000000e+00 1.600000000000000089e+00 5.820000000000000520e-04 3.118999999999999811e-03 -9.999949999999999672e-01 -1.234900000000000060e-02 -9.999190000000000023e-01 -3.125999999999999873e-03 -9.999240000000000350e-01 1.235100000000000087e-02 -5.429999999999999714e-04
9.000000000000000000e+00 2.500000000000000000e+01 5.500000000000000000e+01 0.000000000000000000e+00 1.600000000000000089e+00 1.569999999999999944e-04 2.095000000000000074e-03 -9.999980000000000535e-01 -1.022900000000000025e-02 -9.999449999999999728e-01 -2.096999999999999906e-03 -9.999479999999999480e-01 1.022900000000000025e-02 -1.359999999999999989e-04
1.800000000000000000e+01 2.500000000000000000e+01 5.500000000000000000e+01 0.000000000000000000e+00 1.600000000000000089e+00 7.309999999999999875e-04 7.600000000000000418e-05 -1.000000000000000000e+00 -1.385400000000000000e-02 -9.999040000000000150e-01 -8.600000000000000331e-05 -9.999040000000000150e-01 1.385400000000000000e-02 -7.299999999999999632e-04
2.300000000000000000e+01 2.500000000000000000e+01 5.500000000000000000e+01 0.000000000000000000e+00 1.600000000000000089e+00 1.583999999999999905e-03 2.870999999999999854e-03 -9.999949999999999672e-01 -1.227499999999999945e-02 -9.999200000000000310e-01 -2.890999999999999907e-03 -9.999230000000000063e-01 1.227999999999999925e-02 -1.549000000000000030e-03
1.600000000000000000e+01 2.100000000000000000e+01 6.000000000000000000e+01 0.000000000000000000e+00 1.600000000000000089e+00 8.319999999999999488e-04 7.558999999999999747e-03 9.999710000000000543e-01 -9.639399999999999358e-02 9.953149999999999498e-01 -7.444000000000000096e-03 -9.953429999999999778e-01 -9.638499999999999845e-02 1.557000000000000007e-03
2.500000000000000000e+01 2.100000000000000000e+01 6.000000000000000000e+01 0.000000000000000000e+00 1.600000000000000089e+00 -6.880000000000000265e-04 -1.005999999999999950e-03 9.999989999999999712e-01 -9.772699999999999443e-02 9.952130000000000143e-01 9.340000000000000429e-04 -9.952130000000000143e-01 -9.772699999999999443e-02 -7.829999999999999504e-04
3.000000000000000000e+01 2.100000000000000000e+01 6.000000000000000000e+01 0.000000000000000000e+00 1.600000000000000089e+00 -8.790000000000000070e-04 -2.145000000000000205e-03 9.999970000000000248e-01 -9.812800000000000689e-02 9.951719999999999455e-01 2.047999999999999907e-03 -9.951729999999999743e-01 -9.812600000000000489e-02 -1.085000000000000027e-03
2.300000000000000000e+01 3.000000000000000000e+00 6.300000000000000000e+01 0.000000000000000000e+00 1.600000000000000089e+00 -5.100000000000000366e-04 2.135000000000000179e-03 9.999980000000000535e-01 -6.157219999999999915e-01 7.879610000000000225e-01 -1.995999999999999944e-03 -7.879629999999999690e-01 -6.157219999999999915e-01 9.120000000000000502e-04
8.000000000000000000e+00 2.700000000000000000e+01 6.300000000000000000e+01 0.000000000000000000e+00 1.600000000000000089e+00 3.660000000000000059e-04 -3.410999999999999970e-03 9.999940000000000495e-01 -2.718110000000000248e-01 9.623450000000000060e-01 3.382000000000000024e-03 -9.623509999999999565e-01 -2.718110000000000248e-01 -5.749999999999999903e-04
1.200000000000000000e+01 2.700000000000000000e+01 6.300000000000000000e+01 0.000000000000000000e+00 1.600000000000000089e+00 -9.529999999999999626e-04 2.919999999999999961e-04 9.999989999999999712e-01 -2.742859999999999743e-01 9.616479999999999473e-01 -5.419999999999999471e-04 -9.616479999999999473e-01 -2.742870000000000030e-01 -8.360000000000000460e-04
2.000000000000000000e+01 2.700000000000000000e+01 6.300000000000000000e+01 0.000000000000000000e+00 1.600000000000000089e+00 5.609999999999999752e-04 -1.144000000000000052e-03 9.999989999999999712e-01 -2.713729999999999754e-01 9.624730000000000230e-01 1.253999999999999906e-03 -9.624740000000000517e-01 -2.713729999999999754e-01 2.290000000000000098e-04
2.500000000000000000e+01 2.700000000000000000e+01 6.300000000000000000e+01 0.000000000000000000e+00 1.600000000000000089e+00 -1.121999999999999950e-03 5.619999999999999996e-04 9.999989999999999712e-01 -2.700529999999999875e-01 9.628449999999999509e-01 -8.440000000000000236e-04 -9.628449999999999509e-01 -2.700540000000000163e-01 -9.290000000000000297e-04
3.000000000000000000e+01 2.700000000000000000e+01 6.300000000000000000e+01 0.000000000000000000e+00 1.600000000000000089e+00 -2.044999999999999943e-03 -5.385000000000000030e-03 9.999829999999999552e-01 -2.693860000000000143e-01 9.630210000000000159e-01 4.635000000000000231e-03 -9.630300000000000527e-01 -2.693720000000000003e-01 -3.419999999999999863e-03
1.000000000000000000e+00 2.600000000000000000e+01 6.400000000000000000e+01 0.000000000000000000e+00 1.600000000000000089e+00 -2.194999999999999903e-03 -5.623000000000000394e-03 9.999820000000000375e-01 -3.540269999999999806e-01 9.352240000000000553e-01 4.481999999999999873e-03 -9.352329999999999810e-01 -3.540110000000000201e-01 -4.042999999999999719e-03
1.100000000000000000e+01 2.600000000000000000e+01 6.400000000000000000e+01 0.000000000000000000e+00 1.600000000000000089e+00 -2.959999999999999849e-04 1.070999999999999903e-03 9.999989999999999712e-01 -3.602600000000000247e-01 9.328509999999999858e-01 -1.105999999999999995e-03 -9.328520000000000145e-01 -3.602600000000000247e-01 1.100000000000000039e-04
1.600000000000000000e+01 2.600000000000000000e+01 6.400000000000000000e+01 0.000000000000000000e+00 1.600000000000000089e+00 4.739999999999999747e-04 5.150000000000000498e-04 1.000000000000000000e+00 -3.593000000000000083e-01 9.332219999999999960e-01 -3.099999999999999999e-04 -9.332219999999999960e-01 -3.593000000000000083e-01 6.269999999999999532e-04
1.900000000000000000e+01 2.600000000000000000e+01 6.400000000000000000e+01 0.000000000000000000e+00 1.600000000000000089e+00 6.329999999999999906e-04 -1.508000000000000009e-03 9.999989999999999712e-01 -3.559519999999999906e-01 9.345029999999999726e-01 1.634000000000000036e-03 -9.345040000000000013e-01 -3.559530000000000194e-01 5.500000000000000196e-05
2.200000000000000000e+01 2.600000000000000000e+01 6.400000000000000000e+01 0.000000000000000000e+00 1.600000000000000089e+00 -6.999999999999999387e-05 -1.988999999999999883e-03 9.999980000000000535e-01 -3.549629999999999730e-01 9.348790000000000155e-01 1.835000000000000043e-03 -9.348800000000000443e-01 -3.549619999999999997e-01 -7.720000000000000083e-04
1.500000000000000000e+01 6.900000000000000000e+01 6.600000000000000000e+01 0.000000000000000000e+00 1.600000000000000089e+00 -8.850000000000000444e-04 2.330000000000000040e-03 9.999970000000000248e-01 -9.517529999999999601e-01 3.068629999999999969e-01 -1.557999999999999923e-03 -3.068649999999999989e-01 -9.517510000000000137e-01 1.946000000000000030e-03
2.400000000000000000e+01 6.900000000000000000e+01 6.600000000000000000e+01 0.000000000000000000e+00 1.600000000000000089e+00 -1.245000000000000013e-03 4.589999999999999896e-04 9.999989999999999712e-01 -9.512450000000000072e-01 3.084339999999999860e-01 -1.325999999999999922e-03 -3.084350000000000147e-01 -9.512460000000000360e-01 5.199999999999999680e-05
1.500000000000000000e+01 2.500000000000000000e+01 7.300000000000000000e+01 0.000000000000000000e+00 1.600000000000000089e+00 -3.216999999999999808e-03 -7.207999999999999997e-03 9.999689999999999968e-01 7.380219999999999558e-01 -6.747720000000000384e-01 -2.488999999999999893e-03 6.747689999999999522e-01 7.379909999999999526e-01 7.490000000000000130e-03
2.100000000000000000e+01 2.500000000000000000e+01 7.300000000000000000e+01 0.000000000000000000e+00 1.600000000000000089e+00 -1.876000000000000063e-03 -4.403999999999999929e-03 9.999890000000000168e-01 7.349670000000000369e-01 -6.781009999999999538e-01 -1.606999999999999922e-03 6.781009999999999538e-01 7.349550000000000249e-01 4.508999999999999987e-03
3.000000000000000000e+01 2.500000000000000000e+01 7.300000000000000000e+01 0.000000000000000000e+00 1.600000000000000089e+00 -1.961000000000000069e-03 2.713000000000000134e-03 9.999940000000000495e-01 7.430379999999999763e-01 -6.692420000000000035e-01 3.272999999999999868e-03 6.692470000000000363e-01 7.430400000000000338e-01 -7.029999999999999574e-04
7.000000000000000000e+00 4.400000000000000000e+01 7.300000000000000000e+01 0.000000000000000000e+00 1.600000000000000089e+00 2.847999999999999837e-03 3.371999999999999997e-03 9.999900000000000455e-01 5.427499999999999686e-02 -9.985209999999999919e-01 3.212000000000000011e-03 9.985220000000000207e-01 5.426600000000000174e-02 -3.026000000000000044e-03
1.000000000000000000e+01 4.400000000000000000e+01 7.300000000000000000e+01 0.000000000000000000e+00 1.600000000000000089e+00 1.665000000000000030e-03 2.507999999999999813e-03 9.999949999999999672e-01 5.442299999999999915e-02 -9.985150000000000414e-01 2.413999999999999913e-03 9.985169999999999879e-01 5.441900000000000209e-02 -1.799000000000000035e-03
1.500000000000000000e+01 4.400000000000000000e+01 7.300000000000000000e+01 0.000000000000000000e+00 1.600000000000000089e+00 -4.699999999999999859e-04 2.167000000000000089e-03 9.999980000000000535e-01 5.349799999999999695e-02 -9.985659999999999537e-01 2.188999999999999974e-03 9.985680000000000112e-01 5.349899999999999795e-02 3.530000000000000152e-04
1.900000000000000000e+01 4.400000000000000000e+01 7.300000000000000000e+01 0.000000000000000000e+00 1.600000000000000089e+00 -5.969999999999999829e-04 3.096999999999999927e-03 9.999949999999999672e-01 5.337299999999999683e-02 -9.985699999999999577e-01 3.124000000000000041e-03 9.985739999999999617e-01 5.337499999999999883e-02 4.310000000000000137e-04
2.200000000000000000e+01 4.400000000000000000e+01 7.300000000000000000e+01 0.000000000000000000e+00 1.600000000000000089e+00 -1.649999999999999991e-04 -1.877999999999999895e-03 9.999980000000000535e-01 5.434400000000000341e-02 -9.985209999999999919e-01 -1.866999999999999953e-03 9.985220000000000207e-01 5.434300000000000241e-02 2.660000000000000146e-04
2.800000000000000000e+01 4.400000000000000000e+01 7.300000000000000000e+01 0.000000000000000000e+00 1.600000000000000089e+00 -2.527000000000000166e-03 -9.700000000000000505e-04 9.999959999999999960e-01 5.368699999999999861e-02 -9.985579999999999457e-01 -8.329999999999999731e-04 9.985549999999999704e-01 5.368400000000000255e-02 2.576000000000000165e-03
7.000000000000000000e+00 2.500000000000000000e+01 7.400000000000000000e+01 0.000000000000000000e+00 1.600000000000000089e+00 2.005999999999999971e-03 1.190000000000000058e-04 9.999980000000000535e-01 8.346280000000000365e-01 -5.508110000000000506e-01 -1.608999999999999970e-03 5.508100000000000218e-01 8.346299999999999830e-01 -1.204999999999999908e-03
1.200000000000000000e+01 2.500000000000000000e+01 7.400000000000000000e+01 0.000000000000000000e+00 1.600000000000000089e+00 1.477999999999999930e-03 -6.029999999999999770e-03 9.999810000000000088e-01 8.276390000000000136e-01 -5.612420000000000186e-01 -4.608000000000000117e-03 5.612589999999999524e-01 8.276299999999999768e-01 4.160999999999999768e-03
1.600000000000000000e+01 2.500000000000000000e+01 7.400000000000000000e+01 0.000000000000000000e+00 1.600000000000000089e+00 -2.892000000000000039e-03 -7.137000000000000115e-03 9.999700000000000255e-01 8.222350000000000492e-01 -5.691460000000000408e-01 -1.683999999999999950e-03 5.691410000000000080e-01 8.222049999999999637e-01 7.513999999999999846e-03
