8.000000000000000000e+00 1.500000000000000000e+01 4.000000000000000000e+00 0.000000000000000000e+00 1.600000000000000089e+00 -6.774999999999999772e-03 -1.373500000000000068e-02 9.998829999999999663e-01 2.990749999999999797e-01 -9.541650000000000409e-01 -1.107999999999999957e-02 9.542059999999999986e-01 2.989649999999999808e-01 1.057199999999999980e-02
1.300000000000000000e+01 1.500000000000000000e+01 4.000000000000000000e+00 0.000000000000000000e+00 1.600000000000000089e+00 -4.910000000000000085e-04 -1.258000000000000004e-03 9.999989999999999712e-01 2.961119999999999863e-01 -9.551530000000000298e-01 -1.056000000000000081e-03 9.551530000000000298e-01 2.961119999999999863e-01 8.419999999999999750e-04
2.200000000000000000e+01 1.500000000000000000e+01 4.000000000000000000e+00 0.000000000000000000e+00 1.600000000000000089e+00 -2.625999999999999862e-03 -9.810000000000001011e-04 9.999959999999999960e-01 3.044499999999999984e-01 -9.525280000000000413e-01 -1.350000000000000017e-04 9.525249999999999551e-01 3.044490000000000252e-01 2.799999999999999972e-03
3.000000000000000000e+01 1.500000000000000000e+01 4.000000000000000000e+00 0.000000000000000000e+00 1.600000000000000089e+00 2.651000000000000145e-03 1.250999999999999942e-03 9.999959999999999960e-01 3.065359999999999752e-01 -9.518590000000000106e-01 3.780000000000000265e-04 9.518550000000000066e-01 3.065329999999999999e-01 -2.906999999999999862e-03
1.400000000000000000e+01 4.000000000000000000e+00 5.000000000000000000e+00 0.000000000000000000e+00 1.600000000000000089e+00 -6.670999999999999847e-03 -2.230199999999999891e-02 9.997289999999999788e-01 2.280469999999999997e-01 -9.734410000000000007e-01 -2.019400000000000014e-02 9.736270000000000202e-01 2.278499999999999970e-01 1.158000000000000002e-02
6.000000000000000000e+00 1.010000000000000000e+02 7.000000000000000000e+00 0.000000000000000000e+00 1.600000000000000089e+00 -7.380000000000000275e-03 -1.136999999999999990e-03 9.999719999999999720e-01 8.790170000000000483e-01 4.767379999999999951e-01 7.028999999999999658e-03 -4.767330000000000179e-01 8.790449999999999653e-01 -2.518999999999999972e-03
1.300000000000000000e+01 1.010000000000000000e+02 7.000000000000000000e+00 0.000000000000000000e+00 1.600000000000000089e+00 4.248000000000000040e-03 -9.664999999999999980e-03 9.999440000000000550e-01 8.787329999999999863e-01 4.773129999999999873e-01 8.800000000000000313e-04 -4.772950000000000248e-01 8.786800000000000166e-01 1.052100000000000084e-02
2.700000000000000000e+01 1.010000000000000000e+02 7.000000000000000000e+00 0.000000000000000000e+00 1.600000000000000089e+00 -2.339999999999999958e-04 -8.049000000000000599e-03 9.999679999999999680e-01 8.840540000000000065e-01 4.673689999999999789e-01 3.969000000000000306e-03 -4.673860000000000237e-01 8.840259999999999785e-01 7.007000000000000207e-03
2.000000000000000000e+00 2.500000000000000000e+01 8.000000000000000000e+00 0.000000000000000000e+00 1.600000000000000089e+00 4.780000000000000178e-04 -2.363000000000000083e-03 -9.999970000000000248e-01 4.450649999999999884e-01 8.954959999999999587e-01 -1.902999999999999961e-03 8.954980000000000162e-01 -4.450629999999999864e-01 1.479999999999999979e-03
6.000000000000000000e+00 2.500000000000000000e+01 8.000000000000000000e+00 0.000000000000000000e+00 1.600000000000000089e+00 1.003999999999999901e-03 2.720999999999999894e-03 -9.999959999999999960e-01 4.437499999999999778e-01 8.961459999999999981e-01 2.883999999999999845e-03 8.961500000000000021e-01 -4.437510000000000066e-01 -3.080000000000000055e-04
1.000000000000000000e+01 2.500000000000000000e+01 8.000000000000000000e+00 0.000000000000000000e+00 1.600000000000000089e+00 -1.121000000000000035e-03 2.239999999999999804e-03 -9.999970000000000248e-01 4.433250000000000246e-01 8.963600000000000456e-01 1.510999999999999973e-03 8.963600000000000456e-01 -4.433219999999999938e-01 -1.998000000000000210e-03
1.700000000000000000e+01 2.500000000000000000e+01 8.000000000000000000e+00 0.000000000000000000e+00 1.600000000000000089e+00 3.499999999999999964e-04 -1.376999999999999969e-03 -9.999989999999999712e-01 4.425620000000000109e-01 8.967370000000000063e-01 -1.080000000000000014e-03 8.967380000000000351e-01 -4.425620000000000109e-01 9.240000000000000166e-04
2.200000000000000000e+01 2.500000000000000000e+01 8.000000000000000000e+00 0.000000000000000000e+00 1.600000000000000089e+00 2.256000000000000193e-03 4.319999999999999838e-04 -9.999970000000000248e-01 4.419799999999999840e-01 8.970240000000000435e-01 1.384000000000000031e-03 8.970219999999999860e-01 -4.419819999999999860e-01 1.832999999999999994e-03
2.600000000000000000e+01 2.500000000000000000e+01 8.000000000000000000e+00 0.000000000000000000e+00 1.600000000000000089e+00 1.231000000000000106e-03 1.059999999999999961e-03 -9.999989999999999712e-01 4.425600000000000089e-01 8.967380000000000351e-01 1.495999999999999934e-03 8.967380000000000351e-01 -4.425609999999999822e-01 6.350000000000000392e-04
6.000000000000000000e+00 2.400000000000000000e+01 9.000000000000000000e+00 0.000000000000000000e+00 1.600000000000000089e+00 1.226000000000000093e-03 2.539000000000000024e-03 -9.999959999999999960e-01 4.464949999999999752e-01 8.947810000000000485e-01 2.820000000000000024e-03 8.947850000000000525e-01 -4.464969999999999772e-01 -3.699999999999999811e-05
1.000000000000000000e+01 2.400000000000000000e+01 9.000000000000000000e+00 0.000000000000000000e+00 1.600000000000000089e+00 -8.890000000000000333e-04 3.060999999999999919e-03 -9.999949999999999672e-01 4.456499999999999906e-01 8.952039999999999997e-01 2.344000000000000163e-03 8.952069999999999750e-01 -4.456450000000000133e-01 -2.160000000000000028e-03
1.700000000000000000e+01 2.400000000000000000e+01 9.000000000000000000e+00 0.000000000000000000e+00 1.600000000000000089e+00 3.759999999999999779e-04 -2.811999999999999830e-03 -9.999959999999999960e-01 4.446760000000000157e-01 8.956880000000000397e-01 -2.350999999999999791e-03 8.956910000000000149e-01 -4.446740000000000137e-01 1.587000000000000086e-03
2.600000000000000000e+01 2.400000000000000000e+01 9.000000000000000000e+00 0.000000000000000000e+00 1.600000000000000089e+00 1.018999999999999941e-03 2.866000000000000058e-03 -9.999949999999999672e-01 4.443130000000000135e-01 8.958660000000000512e-01 3.020000000000000115e-03 8.958709999999999729e-01 -4.443139999999999867e-01 -3.609999999999999928e-04
2.600000000000000000e+01 3.100000000000000000e+01 1.200000000000000000e+01 0.000000000000000000e+00 1.600000000000000089e+00 1.420000000000000092e-04 -4.100999999999999611e-03 9.999919999999999920e-01 8.292000000000000759e-03 9.999569999999999848e-01 4.100000000000000346e-03 -9.999660000000000215e-01 8.290999999999999759e-03 1.759999999999999954e-04
7.000000000000000000e+00 1.160000000000000000e+02 1.600000000000000000e+01 0.000000000000000000e+00 1.600000000000000089e+00 7.709999999999999840e-04 -1.474000000000000050e-03 9.999989999999999712e-01 7.031859999999999777e-01 7.110060000000000269e-01 5.060000000000000478e-04 -7.110060000000000269e-01 7.031840000000000312e-01 1.585000000000000037e-03
1.400000000000000000e+01 1.160000000000000000e+02 1.600000000000000000e+01 0.000000000000000000e+00 1.600000000000000089e+00 -1.232000000000000022e-03 -4.440000000000000045e-04 9.999989999999999712e-01 6.937919999999999643e-01 7.201739999999999808e-01 1.175000000000000046e-03 -7.201739999999999808e-01 6.937929999999999930e-01 -5.789999999999999791e-04
2.700000000000000000e+01 1.160000000000000000e+02 1.600000000000000000e+01 0.000000000000000000e+00 1.600000000000000089e+00 1.915999999999999951e-03 2.350000000000000092e-03 9.999949999999999672e-01 6.800699999999999523e-01 7.331410000000000426e-01 -3.026000000000000044e-03 -7.331450000000000466e-01 6.800720000000000098e-01 -1.930000000000000021e-04
5.000000000000000000e+00 2.000000000000000000e+00 1.900000000000000000e+01 0.000000000000000000e+00 1.600000000000000089e+00 -1.968000000000000131e-03 8.786999999999999672e-03 -9.999590000000000423e-01 1.847989999999999911e-01 -9.827350000000000252e-01 -8.999000000000000055e-03 -9.827740000000000364e-01 -1.848090000000000011e-01 3.099999999999999999e-04
1.000000000000000000e+01 2.000000000000000000e+00 1.900000000000000000e+01 0.000000000000000000e+00 1.600000000000000089e+00 9.200000000000000007e-05 9.627000000000000141e-03 -9.999540000000000095e-01 1.904740000000000044e-01 -9.816470000000000473e-01 -9.433000000000000412e-03 -9.816920000000000091e-01 -1.904639999999999944e-01 -1.923999999999999929e-03
1.400000000000000000e+01 2.000000000000000000e+00 1.900000000000000000e+01 0.000000000000000000e+00 1.600000000000000089e+00 3.298999999999999849e-03 -1.045500000000000075e-02 -9.999400000000000510e-01 1.931249999999999911e-01 -9.811140000000000416e-01 1.089599999999999944e-02 -9.811689999999999579e-01 -1.931489999999999874e-01 -1.217999999999999899e-03
2.400000000000000000e+01 2.000000000000000000e+00 1.900000000000000000e+01 0.000000000000000000e+00 1.600000000000000089e+00 -2.005999999999999971e-03 3.301000000000000115e-03 -9.999930000000000208e-01 1.920240000000000002e-01 -9.813840000000000341e-01 -3.624000000000000051e-03 -9.813880000000000381e-01 -1.920290000000000052e-01 1.335000000000000032e-03
2.800000000000000000e+01 2.000000000000000000e+00 1.900000000000000000e+01 0.000000000000000000e+00 1.600000000000000089e+00 -5.823000000000000051e-03 2.133200000000000027e-02 -9.997559999999999780e-01 1.927449999999999997e-01 -9.810010000000000119e-01 -2.205500000000000169e-02 -9.812319999999999931e-01 -1.928269999999999984e-01 1.600000000000000077e-03
5.000000000000000000e+00 1.300000000000000000e+01 2.000000000000000000e+01 0.000000000000000000e+00 1.600000000000000089e+00 -1.389000000000000044e-03 -3.340999999999999786e-03 9.999930000000000208e-01 2.495920000000000083e-01 9.683450000000000113e-01 3.582000000000000114e-03 -9.683500000000000441e-01 2.495950000000000113e-01 -5.109999999999999525e-04
9.000000000000000000e+00 1.300000000000000000e+01 2.000000000000000000e+01 0.000000000000000000e+00 1.600000000000000089e+00 -2.580999999999999961e-03 -1.137999999999999949e-02 9.999320000000000430e-01 2.510240000000000249e-01 9.679109999999999658e-01 1.166400000000000076e-02 -9.679769999999999763e-01 2.510370000000000101e-01 3.589999999999999984e-04
2.200000000000000000e+01 1.300000000000000000e+01 2.000000000000000000e+01 0.000000000000000000e+00 1.600000000000000089e+00 -2.106999999999999932e-03 -5.376999999999999835e-03 9.999829999999999552e-01 2.478970000000000062e-01 9.687689999999999912e-01 5.730999999999999983e-03 -9.687839999999999785e-01 2.479049999999999865e-01 -7.089999999999999948e-04
2.500000000000000000e+01 1.300000000000000000e+01 2.000000000000000000e+01 0.000000000000000000e+00 1.600000000000000089e+00 -8.403000000000000747e-03 -1.488100000000000013e-02 9.998540000000000205e-01 2.490239999999999954e-01 9.683570000000000233e-01 1.650499999999999884e-02 -9.684610000000000163e-01 2.491259999999999863e-01 -4.431000000000000043e-03
1.000000000000000000e+01 1.600000000000000000e+01 2.100000000000000000e+01 0.000000000000000000e+00 1.600000000000000089e+00 -1.105000000000000079e-03 -9.658999999999999184e-03 9.999529999999999808e-01 2.966170000000000195e-01 9.549490000000000478e-01 9.551999999999999727e-03 -9.549959999999999560e-01 2.966139999999999888e-01 1.809000000000000061e-03
1.400000000000000000e+01 1.600000000000000000e+01 2.100000000000000000e+01 0.000000000000000000e+00 1.600000000000000089e+00 7.955999999999999531e-03 2.052999999999999964e-02 9.997580000000000355e-01 2.956679999999999864e-01 9.550380000000000535e-01 -2.196499999999999841e-02 -9.552580000000000515e-01 2.957710000000000061e-01 1.528000000000000061e-03
2.900000000000000000e+01 1.600000000000000000e+01 2.100000000000000000e+01 0.000000000000000000e+00 1.600000000000000089e+00 -1.383200000000000054e-02 -2.651799999999999990e-02 9.995530000000000248e-01 2.984850000000000003e-01 9.539600000000000302e-01 2.943899999999999989e-02 -9.543139999999999956e-01 2.987580000000000235e-01 -5.279999999999999971e-03
4.000000000000000000e+00 3.000000000000000000e+00 2.500000000000000000e+01 0.000000000000000000e+00 1.600000000000000089e+00 4.529000000000000040e-03 1.146000000000000100e-03 9.999890000000000168e-01 -5.610199999999999909e-02 -9.984239999999999782e-01 1.397999999999999937e-03 9.984150000000000524e-01 -5.610699999999999715e-02 -4.458000000000000157e-03
7.000000000000000000e+00 3.000000000000000000e+00 2.500000000000000000e+01 0.000000000000000000e+00 1.600000000000000089e+00 4.675000000000000336e-03 1.506300000000000000e-02 9.998759999999999870e-01 -5.222500000000000059e-02 -9.985180000000000167e-01 1.528700000000000024e-02 9.986239999999999561e-01 -5.229000000000000314e-02 -3.882000000000000034e-03
1.100000000000000000e+01 3.000000000000000000e+00 2.500000000000000000e+01 0.000000000000000000e+00 1.600000000000000089e+00 -1.730999999999999900e-03 7.695999999999999716e-03 9.999689999999999968e-01 -4.954000000000000070e-02 -9.987430000000000474e-01 7.601000000000000117e-03 9.987709999999999644e-01 -4.952600000000000058e-02 2.109999999999999896e-03
1.800000000000000000e+01 3.000000000000000000e+00 2.500000000000000000e+01 0.000000000000000000e+00 1.600000000000000089e+00 1.289999999999999914e-04 -1.822000000000000052e-03 9.999980000000000535e-01 -5.716600000000000154e-02 -9.983630000000000004e-01 -1.810999999999999893e-03 9.983649999999999469e-01 -5.716600000000000154e-02 -2.329999999999999986e-04
2.300000000000000000e+01 3.000000000000000000e+00 2.500000000000000000e+01 0.000000000000000000e+00 1.600000000000000089e+00 6.453000000000000402e-03 -3.514999999999999895e-03 9.999730000000000008e-01 -6.527199999999999669e-02 -9.978630000000000555e-01 -3.086000000000000201e-03 9.978470000000000395e-01 -6.525100000000000344e-02 -6.668000000000000316e-03
2.700000000000000000e+01 3.000000000000000000e+00 2.500000000000000000e+01 0.000000000000000000e+00 1.600000000000000089e+00 1.765500000000000055e-02 -2.090000000000000115e-04 9.998439999999999550e-01 -6.260899999999999799e-02 -9.980379999999999807e-01 8.970000000000000109e-04 9.978820000000000467e-01 -6.261500000000000399e-02 -1.763400000000000037e-02
8.000000000000000000e+00 4.600000000000000000e+01 2.700000000000000000e+01 0.000000000000000000e+00 1.600000000000000089e+00 -5.500000000000000331e-04 -3.400999999999999943e-03 -9.999940000000000495e-01 6.625039999999999818e-01 7.490520000000000511e-01 -2.912000000000000092e-03 7.490580000000000016e-01 -6.625020000000000353e-01 1.840999999999999972e-03
2.000000000000000000e+01 4.600000000000000000e+01 2.700000000000000000e+01 0.000000000000000000e+00 1.600000000000000089e+00 -1.244000000000000097e-03 -3.919999999999999873e-04 -9.999989999999999712e-01 6.597159999999999691e-01 7.515140000000000153e-01 -1.115000000000000106e-03 7.515140000000000153e-01 -6.597169999999999979e-01 -6.759999999999999516e-04
2.500000000000000000e+01 4.600000000000000000e+01 2.700000000000000000e+01 0.000000000000000000e+00 1.600000000000000089e+00 -4.569999999999999952e-04 -2.919000000000000154e-03 -9.999959999999999960e-01 6.547990000000000199e-01 7.557989999999999986e-01 -2.505999999999999981e-03 7.558030000000000026e-01 -6.547969999999999624e-01 1.565999999999999901e-03
2.100000000000000000e+01 4.600000000000000000e+01 3.000000000000000000e+01 0.000000000000000000e+00 1.600000000000000089e+00 -7.209999999999999612e-04 6.139999999999999625e-04 -1.000000000000000000e+00 3.327490000000000170e-01 9.430150000000000476e-01 3.400000000000000244e-04 9.430150000000000476e-01 -3.327490000000000170e-01 -8.840000000000000201e-04
2.000000000000000000e+00 5.800000000000000000e+01 3.100000000000000000e+01 0.000000000000000000e+00 1.600000000000000089e+00 -4.320000000000000055e-03 -1.441000000000000007e-03 9.999900000000000455e-01 -7.909669999999999757e-01 -6.118430000000000257e-01 -4.297999999999999737e-03 6.118430000000000257e-01 -7.909779999999999589e-01 1.502999999999999996e-03
8.000000000000000000e+00 5.800000000000000000e+01 3.100000000000000000e+01 0.000000000000000000e+00 1.600000000000000089e+00 -1.433999999999999945e-03 -8.153000000000000524e-03 9.999660000000000215e-01 -7.942339999999999955e-01 -6.075810000000000377e-01 -6.093000000000000325e-03 6.076099999999999834e-01 -7.942160000000000331e-01 -5.603999999999999607e-03
1.400000000000000000e+01 5.800000000000000000e+01 3.100000000000000000e+01 0.000000000000000000e+00 1.600000000000000089e+00 -1.758000000000000014e-03 4.178000000000000290e-03 9.999900000000000455e-01 -7.967549999999999910e-01 -6.043020000000000058e-01 1.124999999999999915e-03 6.042999999999999483e-01 -7.967450000000000365e-01 4.390999999999999938e-03
1.900000000000000000e+01 5.800000000000000000e+01 3.100000000000000000e+01 0.000000000000000000e+00 1.600000000000000089e+00 -2.818000000000000192e-03 -4.504000000000000191e-03 9.999860000000000415e-01 -7.960760000000000058e-01 -6.051760000000000472e-01 -4.969000000000000326e-03 6.051900000000000057e-01 -7.960789999999999811e-01 -1.881000000000000076e-03
2.300000000000000000e+01 5.800000000000000000e+01 3.100000000000000000e+01 0.000000000000000000e+00 1.600000000000000089e+00 -5.099999999999999960e-05 -2.975999999999999913e-03 9.999959999999999960e-01 -7.956609999999999516e-01 -6.057399999999999451e-01 -1.843000000000000020e-03 6.057420000000000027e-01 -7.956569999999999476e-01 -2.337000000000000102e-03
2.900000000000000000e+01 5.800000000000000000e+01 3.100000000000000000e+01 0.000000000000000000e+00 1.600000000000000089e+00 -2.732000000000000053e-03 -6.656999999999999723e-03 9.999740000000000295e-01 -7.975579999999999892e-01 -6.032110000000000527e-01 -6.194999999999999986e-03 6.032370000000000232e-01 -7.975539999999999852e-01 -3.661000000000000192e-03
2.100000000000000000e+01 2.300000000000000000e+01 3.400000000000000000e+01 0.000000000000000000e+00 1.600000000000000089e+00 -6.870000000000000022e-04 2.704999999999999939e-03 9.999959999999999960e-01 4.006410000000000249e-01 -9.162310000000000176e-01 2.753999999999999938e-03 9.162350000000000216e-01 4.006419999999999981e-01 -4.539999999999999765e-04
2.100000000000000000e+01 4.200000000000000000e+01 3.400000000000000000e+01 0.000000000000000000e+00 1.600000000000000089e+00 6.329999999999999906e-04 -2.219000000000000052e-03 -9.999970000000000248e-01 -2.918620000000000103e-01 9.564580000000000304e-01 -2.308000000000000156e-03 9.564599999999999769e-01 2.918620000000000103e-01 -4.199999999999999768e-05
8.000000000000000000e+00 4.600000000000000000e+01 3.500000000000000000e+01 0.000000000000000000e+00 1.600000000000000089e+00 -2.083000000000000216e-03 1.598000000000000028e-03 -9.999970000000000248e-01 3.908929999999999905e-01 -9.204329999999999457e-01 -2.285000000000000139e-03 -9.204339999999999744e-01 -3.908969999999999945e-01 1.291999999999999963e-03
1.400000000000000000e+01 4.600000000000000000e+01 3.500000000000000000e+01 0.000000000000000000e+00 1.600000000000000089e+00 5.372000000000000039e-03 -5.363999999999999845e-03 -9.999710000000000543e-01 3.872209999999999819e-01 -9.219600000000000017e-01 7.024999999999999994e-03 -9.219709999999999850e-01 -3.872470000000000079e-01 -2.874999999999999951e-03
1.700000000000000000e+01 4.600000000000000000e+01 3.500000000000000000e+01 0.000000000000000000e+00 1.600000000000000089e+00 3.531999999999999983e-03 -3.848999999999999991e-03 -9.999860000000000415e-01 3.847700000000000009e-01 -9.229990000000000139e-01 4.911999999999999700e-03 -9.230059999999999931e-01 -3.847820000000000129e-01 -1.778999999999999982e-03
2.200000000000000000e+01 4.600000000000000000e+01 3.500000000000000000e+01 0.000000000000000000e+00 1.600000000000000089e+00 -4.690000000000000158e-04 2.359999999999999902e-04 -1.000000000000000000e+00 3.839920000000000000e-01 -9.233360000000000456e-01 -3.980000000000000248e-04 -9.233360000000000456e-01 -3.839920000000000000e-01 3.429999999999999889e-04
2.800000000000000000e+01 4.600000000000000000e+01 3.500000000000000000e+01 0.000000000000000000e+00 1.600000000000000089e+00 -5.165999999999999585e-03 3.530999999999999851e-03 -9.999799999999999800e-01 3.882149999999999768e-01 -9.215539999999999843e-01 -5.258999999999999786e-03 -9.215539999999999843e-01 -3.882349999999999968e-01 3.389999999999999784e-03
9.000000000000000000e+00 9.500000000000000000e+01 3.600000000000000000e+01 0.000000000000000000e+00 1.600000000000000089e+00 -7.437000000000000034e-03 -1.290499999999999980e-02 9.998890000000000278e-01 9.979479999999999462e-01 6.349299999999999389e-02 8.241999999999999327e-03 -6.359299999999999675e-02 9.978989999999999805e-01 1.240699999999999963e-02
1.900000000000000000e+01 9.500000000000000000e+01 3.600000000000000000e+01 0.000000000000000000e+00 1.600000000000000089e+00 1.544099999999999986e-02 2.340800000000000172e-02 9.996070000000000233e-01 9.973710000000000075e-01 7.043399999999999661e-02 -1.705600000000000172e-02 -7.080599999999999394e-02 9.972419999999999618e-01 -2.225900000000000101e-02
2.400000000000000000e+01 9.500000000000000000e+01 3.600000000000000000e+01 0.000000000000000000e+00 1.600000000000000089e+00 -1.193999999999999966e-03 -3.321999999999999866e-03 9.999940000000000495e-01 9.976709999999999745e-01 6.819200000000000261e-02 1.417999999999999990e-03 -6.819600000000000661e-02 9.976669999999999705e-01 3.233000000000000197e-03
2.700000000000000000e+01 9.500000000000000000e+01 3.600000000000000000e+01 0.000000000000000000e+00 1.600000000000000089e+00 -8.897999999999999660e-03 -9.948000000000000245e-03 9.999109999999999943e-01 9.979259999999999797e-01 6.367200000000000637e-02 9.513999999999999888e-03 -6.376099999999999823e-02 9.979209999999999470e-01 9.360999999999999530e-03
2.300000000000000000e+01 9.500000000000000000e+01 3.700000000000000000e+01 0.000000000000000000e+00 1.600000000000000089e+00 3.337999999999999821e-03 -1.147000000000000016e-03 9.999940000000000495e-01 9.959209999999999452e-01 9.017400000000000415e-02 -3.220999999999999905e-03 -9.017000000000000015e-02 9.959249999999999492e-01 1.443000000000000055e-03
1.100000000000000000e+01 3.000000000000000000e+00 4.300000000000000000e+01 0.000000000000000000e+00 1.600000000000000089e+00 -1.131000000000000061e-03 3.651999999999999864e-03 -9.999930000000000208e-01 7.380179999999999518e-01 -6.747729999999999562e-01 -3.298999999999999849e-03 -6.747800000000000464e-01 -7.380160000000000053e-01 -1.931999999999999907e-03
2.000000000000000000e+00 2.900000000000000000e+01 4.400000000000000000e+01 0.000000000000000000e+00 1.600000000000000089e+00 2.765999999999999796e-03 -1.655099999999999974e-02 -9.998590000000000533e-01 6.591219999999999857e-01 7.519609999999999905e-01 -1.062399999999999976e-02 7.520310000000000050e-01 -6.590000000000000302e-01 1.298900000000000055e-02
1.200000000000000000e+01 2.900000000000000000e+01 4.400000000000000000e+01 0.000000000000000000e+00 1.600000000000000089e+00 3.226000000000000135e-03 5.636999999999999650e-03 -9.999789999999999512e-01 6.404900000000000038e-01 7.679399999999999560e-01 6.394999999999999643e-03 7.679599999999999760e-01 -6.404969999999999830e-01 -1.132999999999999893e-03
2.000000000000000000e+01 2.900000000000000000e+01 4.400000000000000000e+01 0.000000000000000000e+00 1.600000000000000089e+00 -5.429999999999999714e-04 -4.049999999999999781e-04 -1.000000000000000000e+00 6.441459999999999964e-01 7.649019999999999708e-01 -6.599999999999999964e-04 7.649019999999999708e-01 -6.441470000000000251e-01 -1.540000000000000028e-04
2.600000000000000000e+01 2.900000000000000000e+01 4.400000000000000000e+01 0.000000000000000000e+00 1.600000000000000089e+00 -1.170000000000000033e-03 4.519999999999999821e-04 -9.999989999999999712e-01 6.502590000000000314e-01 7.597129999999999717e-01 -4.180000000000000230e-04 7.597120000000000539e-01 -6.502590000000000314e-01 -1.183000000000000024e-03
1.900000000000000000e+01 6.500000000000000000e+01 4.600000000000000000e+01 0.000000000000000000e+00 1.600000000000000089e+00 -0.000000000000000000e+00 -1.378000000000000102e-03 9.999989999999999712e-01 6.798490000000000366e-01 -7.333509999999999751e-01 -1.010000000000000047e-03 7.333520000000000039e-01 6.798490000000000366e-01 9.370000000000000074e-04
2.000000000000000000e+00 2.900000000000000000e+01 4.800000000000000000e+01 0.000000000000000000e+00 1.600000000000000089e+00 -2.230700000000000044e-02 -3.634199999999999930e-02 9.990900000000000336e-01 3.783079999999999776e-01 9.247229999999999617e-01 4.208400000000000335e-02 -9.254109999999999836e-01 3.789029999999999898e-01 -6.878999999999999698e-03
8.000000000000000000e+00 5.000000000000000000e+00 5.100000000000000000e+01 0.000000000000000000e+00 1.600000000000000089e+00 1.222999999999999912e-03 -8.347999999999999518e-03 -9.999639999999999640e-01 4.879029999999999756e-01 -8.728620000000000267e-01 7.884000000000000383e-03 -8.728970000000000340e-01 -4.878950000000000231e-01 3.005999999999999991e-03
1.400000000000000000e+01 5.000000000000000000e+00 5.100000000000000000e+01 0.000000000000000000e+00 1.600000000000000089e+00 -2.703999999999999806e-03 3.999999999999999819e-06 -9.999959999999999960e-01 4.876460000000000239e-01 -8.730400000000000382e-01 -1.322000000000000041e-03 -8.730369999999999520e-01 -4.876480000000000259e-01 2.358999999999999986e-03
7.000000000000000000e+00 3.900000000000000000e+01 5.100000000000000000e+01 0.000000000000000000e+00 1.600000000000000089e+00 -1.022699999999999998e-02 -3.275620000000000198e-01 9.447750000000000314e-01 3.329679999999999862e-01 8.897890000000000521e-01 3.121019999999999905e-01 -9.428830000000000267e-01 3.177710000000000257e-01 9.996800000000000130e-02
6.000000000000000000e+00 7.000000000000000000e+00 5.200000000000000000e+01 0.000000000000000000e+00 1.600000000000000089e+00 -2.883000000000000146e-03 -6.756999999999999985e-03 -9.999730000000000008e-01 1.068400000000000044e-01 -9.942560000000000286e-01 6.411000000000000032e-03 -9.942720000000000447e-01 -1.068189999999999973e-01 3.589000000000000176e-03
8.000000000000000000e+00 4.000000000000000000e+01 5.200000000000000000e+01 0.000000000000000000e+00 1.600000000000000089e+00 2.423999999999999939e-03 -2.115329999999999988e-01 9.773680000000000145e-01 1.693669999999999898e-01 9.633380000000000276e-01 2.080760000000000109e-01 -9.855500000000000371e-01 1.650290000000000090e-01 3.816200000000000148e-02
1.500000000000000000e+01 4.200000000000000000e+01 5.200000000000000000e+01 0.000000000000000000e+00 1.600000000000000089e+00 3.333499999999999658e-02 -6.811120000000000507e-01 7.314199999999999591e-01 8.296499999999999708e-02 7.311860000000000026e-01 6.771139999999999937e-01 -9.959949999999999637e-01 3.811099999999999904e-02 8.088299999999999657e-02
2.100000000000000000e+01 4.400000000000000000e+01 5.300000000000000000e+01 0.000000000000000000e+00 1.600000000000000089e+00 5.498399999999999815e-02 -4.651689999999999992e-01 -8.835129999999999928e-01 8.635700000000000320e-02 -8.793199999999999905e-01 4.683359999999999745e-01 -9.947460000000000191e-01 -1.020490000000000008e-01 -8.177999999999999506e-03
2.000000000000000000e+01 4.500000000000000000e+01 5.300000000000000000e+01 0.000000000000000000e+00 1.600000000000000089e+00 7.834099999999999397e-02 -6.609589999999999632e-01 -7.463220000000000409e-01 8.175799999999999734e-02 -7.418409999999999727e-01 6.655729999999999702e-01 -9.935680000000000067e-01 -1.131589999999999957e-01 -4.079000000000000160e-03
1.900000000000000000e+01 4.600000000000000000e+01 5.300000000000000000e+01 0.000000000000000000e+00 1.600000000000000089e+00 1.022740000000000038e-01 -7.293859999999999788e-01 -6.764139999999999597e-01 1.062260000000000010e-01 -6.680840000000000112e-01 7.364640000000000075e-01 -9.890679999999999472e-01 -1.471739999999999993e-01 9.152000000000000413e-03
5.000000000000000000e+00 6.300000000000000000e+01 5.400000000000000000e+01 0.000000000000000000e+00 1.600000000000000089e+00 2.400000000000000061e-05 5.169999999999999899e-04 1.000000000000000000e+00 -3.647489999999999899e-01 9.311059999999999892e-01 -4.730000000000000046e-04 -9.311059999999999892e-01 -3.647489999999999899e-01 2.110000000000000059e-04
8.000000000000000000e+00 6.300000000000000000e+01 5.400000000000000000e+01 0.000000000000000000e+00 1.600000000000000089e+00 -6.279999999999999775e-04 1.288999999999999998e-03 9.999989999999999712e-01 -3.637179999999999858e-01 9.315080000000000027e-01 -1.428999999999999932e-03 -9.315090000000000314e-01 -3.637190000000000145e-01 -1.160000000000000007e-04
1.200000000000000000e+01 6.300000000000000000e+01 5.400000000000000000e+01 0.000000000000000000e+00 1.600000000000000089e+00 -4.040000000000000080e-04 2.187000000000000142e-03 9.999980000000000535e-01 -3.621670000000000167e-01 9.321110000000000229e-01 -2.184999999999999876e-03 -9.321129999999999693e-01 -3.621670000000000167e-01 4.159999999999999744e-04
1.600000000000000000e+01 6.300000000000000000e+01 5.400000000000000000e+01 0.000000000000000000e+00 1.600000000000000089e+00 -7.990000000000000140e-04 4.427000000000000379e-03 9.999900000000000455e-01 -3.602719999999999811e-01 9.328370000000000273e-01 -4.418000000000000052e-03 -9.328469999999999818e-01 -3.602719999999999811e-01 8.490000000000000368e-04
2.300000000000000000e+01 6.300000000000000000e+01 5.400000000000000000e+01 0.000000000000000000e+00 1.600000000000000089e+00 -4.119999999999999856e-04 2.489999999999999809e-04 1.000000000000000000e+00 -3.479900000000000215e-01 9.374980000000000535e-01 -3.770000000000000022e-04 -9.374980000000000535e-01 -3.479909999999999948e-01 -2.999999999999999737e-04
1.300000000000000000e+01 2.500000000000000000e+01 5.500000000000000000e+01 0.000000000000000000e+00 1.600000000000000089e+00 3.209999999999999963e-04 -4.262000000000000163e-03 -9.999909999999999632e-01 -1.220000000000000077e-02 -9.999160000000000270e-01 4.257999999999999632e-03 -9.999259999999999815e-01 1.219800000000000051e-02 -3.730000000000000134e-04
1.800000000000000000e+01 2.500000000000000000e+01 5.500000000000000000e+01 0.000000000000000000e+00 1.600000000000000089e+00 -4.569999999999999952e-04 -2.958999999999999825e-03 -9.999959999999999960e-01 -1.130800000000000034e-02 -9.999320000000000430e-01 2.964000000000000055e-03 -9.999360000000000470e-01 1.131000000000000061e-02 4.229999999999999819e-04
2.600000000000000000e+01 2.600000000000000000e+01 5.500000000000000000e+01 0.000000000000000000e+00 1.600000000000000089e+00 3.173000000000000039e-03 2.173500000000000085e-02 -9.997589999999999533e-01 -3.246199999999999780e-02 -9.992349999999999843e-01 -2.182699999999999918e-02 -9.994680000000000231e-01 3.252399999999999736e-02 -2.465000000000000177e-03
1.000000000000000000e+01 7.600000000000000000e+01 5.600000000000000000e+01 0.000000000000000000e+00 1.600000000000000089e+00 1.330000000000000019e-03 -2.831999999999999882e-03 -9.999949999999999672e-01 -1.389890000000000014e-01 9.902889999999999748e-01 -2.988999999999999903e-03 9.902929999999999788e-01 1.389920000000000044e-01 9.240000000000000166e-04
1.500000000000000000e+01 4.600000000000000000e+01 5.700000000000000000e+01 0.000000000000000000e+00 1.600000000000000089e+00 3.769999999999999914e-03 -5.572740000000000471e-01 -8.303199999999999470e-01 -1.910900000000000098e-01 -8.154270000000000129e-01 5.464099999999999513e-01 -9.815650000000000208e-01 1.566059999999999952e-01 -1.095629999999999937e-01
1.600000000000000000e+01 6.800000000000000000e+01 5.700000000000000000e+01 0.000000000000000000e+00 1.600000000000000089e+00 1.479000000000000063e-03 2.102999999999999835e-03 -9.999970000000000248e-01 -2.506829999999999892e-01 -9.680659999999999821e-01 -2.406000000000000152e-03 -9.680680000000000396e-01 2.506860000000000199e-01 -9.049999999999999885e-04
2.300000000000000000e+01 6.800000000000000000e+01 5.700000000000000000e+01 0.000000000000000000e+00 1.600000000000000089e+00 -1.118000000000000070e-03 -1.124400000000000052e-02 -9.999360000000000470e-01 -2.494790000000000063e-01 -9.683159999999999545e-01 1.116699999999999984e-02 -9.683800000000000185e-01 2.494750000000000023e-01 -1.722000000000000006e-03
2.000000000000000000e+00 2.100000000000000000e+01 6.000000000000000000e+01 0.000000000000000000e+00 1.600000000000000089e+00 9.389999999999999476e-04 1.807000000000000012e-03 9.999980000000000535e-01 -9.654200000000000281e-02 9.953269999999999618e-01 -1.708000000000000100e-03 -9.953279999999999905e-01 -9.654000000000000081e-02 1.110000000000000092e-03
5.000000000000000000e+00 2.100000000000000000e+01 6.000000000000000000e+01 0.000000000000000000e+00 1.600000000000000089e+00 8.689999999999999808e-04 -3.037999999999999902e-03 9.999949999999999672e-01 -9.789000000000000479e-02 9.951919999999999655e-01 3.108999999999999785e-03 -9.951969999999999983e-01 -9.789200000000000679e-02 5.680000000000000370e-04
1.100000000000000000e+01 2.100000000000000000e+01 6.000000000000000000e+01 0.000000000000000000e+00 1.600000000000000089e+00 -7.110000000000000434e-04 4.891999999999999647e-03 9.999879999999999880e-01 -9.944100000000000161e-02 9.950309999999999988e-01 -4.937999999999999681e-03 -9.950430000000000108e-01 -9.944400000000000461e-02 -2.210000000000000050e-04
1.500000000000000000e+01 2.100000000000000000e+01 6.000000000000000000e+01 0.000000000000000000e+00 1.600000000000000089e+00 -1.797999999999999902e-03 -7.690000000000000438e-04 9.999980000000000535e-01 -9.942600000000000049e-02 9.950449999999999573e-01 5.869999999999999567e-04 -9.950430000000000108e-01 -9.942499999999999949e-02 -1.864999999999999904e-03
2.100000000000000000e+01 2.100000000000000000e+01 6.000000000000000000e+01 0.000000000000000000e+00 1.600000000000000089e+00 2.923999999999999950e-03 3.115999999999999846e-03 9.999909999999999632e-01 -9.823099999999999887e-02 9.951600000000000446e-01 -2.814000000000000095e-03 -9.951590000000000158e-01 -9.822200000000000375e-02 3.216000000000000109e-03
2.800000000000000000e+01 2.100000000000000000e+01 6.000000000000000000e+01 0.000000000000000000e+00 1.600000000000000089e+00 -1.748999999999999904e-03 -6.102999999999999918e-03 9.999799999999999800e-01 -9.571300000000000641e-02 9.953910000000000258e-01 5.906999999999999924e-03 -9.954070000000000418e-01 -9.570099999999999441e-02 -2.324999999999999810e-03
2.400000000000000000e+01 3.000000000000000000e+00 6.300000000000000000e+01 0.000000000000000000e+00 1.600000000000000089e+00 -2.699999999999999899e-05 6.217999999999999569e-03 9.999810000000000088e-01 -6.152119999999999811e-01 7.883470000000000200e-01 -4.917999999999999629e-03 -7.883620000000000072e-01 -6.151999999999999691e-01 3.804000000000000090e-03
3.000000000000000000e+00 2.700000000000000000e+01 6.300000000000000000e+01 0.000000000000000000e+00 1.600000000000000089e+00 -7.050000000000000060e-04 -1.525000000000000097e-03 9.999989999999999712e-01 -2.798829999999999929e-01 9.600330000000000252e-01 1.266999999999999897e-03 -9.600340000000000540e-01 -2.798820000000000197e-01 -1.103999999999999947e-03
6.000000000000000000e+00 2.700000000000000000e+01 6.300000000000000000e+01 0.000000000000000000e+00 1.600000000000000089e+00 1.188999999999999953e-03 -1.999999999999999909e-06 9.999989999999999712e-01 -2.789840000000000098e-01 9.602960000000000385e-01 3.330000000000000169e-04 -9.602950000000000097e-01 -2.789840000000000098e-01 1.141000000000000087e-03
1.000000000000000000e+01 2.700000000000000000e+01 6.300000000000000000e+01 0.000000000000000000e+00 1.600000000000000089e+00 3.039000000000000035e-03 1.832999999999999994e-03 9.999940000000000495e-01 -2.750040000000000262e-01 9.614430000000000476e-01 -9.269999999999999811e-04 -9.614380000000000148e-01 -2.749989999999999934e-01 3.425999999999999792e-03
1.600000000000000000e+01 2.700000000000000000e+01 6.300000000000000000e+01 0.000000000000000000e+00 1.600000000000000089e+00 1.740000000000000010e-04 6.649000000000000396e-03 9.999780000000000335e-01 -2.728180000000000049e-01 9.620450000000000390e-01 -6.349999999999999742e-03 -9.620659999999999767e-01 -2.728110000000000257e-01 1.981000000000000122e-03
2.300000000000000000e+01 2.700000000000000000e+01 6.300000000000000000e+01 0.000000000000000000e+00 1.600000000000000089e+00 2.896999999999999836e-03 2.460000000000000164e-04 9.999959999999999960e-01 -2.693099999999999938e-01 9.630530000000000479e-01 5.429999999999999714e-04 -9.630490000000000439e-01 -2.693110000000000226e-01 2.856000000000000032e-03
2.000000000000000000e+00 4.400000000000000000e+01 6.300000000000000000e+01 0.000000000000000000e+00 1.600000000000000089e+00 5.147999999999999798e-03 -4.411999999999999950e-02 -9.990130000000000399e-01 -7.162180000000000213e-01 -6.973500000000000254e-01 2.710699999999999915e-02 -6.978569999999999496e-01 7.153720000000000079e-01 -3.518999999999999906e-02
2.900000000000000000e+01 4.400000000000000000e+01 6.300000000000000000e+01 0.000000000000000000e+00 1.600000000000000089e+00 -5.176000000000000045e-03 1.177399999999999974e-02 -9.999169999999999447e-01 -7.167259999999999742e-01 -6.973409999999999886e-01 -4.500999999999999793e-03 -6.973359999999999559e-01 7.166430000000000300e-01 1.204799999999999968e-02
3.000000000000000000e+00 2.600000000000000000e+01 6.400000000000000000e+01 0.000000000000000000e+00 1.600000000000000089e+00 -6.930000000000000396e-04 -1.209000000000000005e-03 9.999989999999999712e-01 -3.695599999999999996e-01 9.292059999999999764e-01 8.670000000000000406e-04 -9.292070000000000052e-01 -3.695590000000000264e-01 -1.090999999999999956e-03
6.000000000000000000e+00 2.600000000000000000e+01 6.400000000000000000e+01 0.000000000000000000e+00 1.600000000000000089e+00 7.320000000000000118e-04 1.007999999999999998e-03 9.999989999999999712e-01 -3.690919999999999757e-01 9.293930000000000247e-01 -6.660000000000000338e-04 -9.293930000000000247e-01 -3.690910000000000024e-01 1.051999999999999984e-03
1.000000000000000000e+01 2.600000000000000000e+01 6.400000000000000000e+01 0.000000000000000000e+00 1.600000000000000089e+00 2.407999999999999984e-03 2.128999999999999816e-03 9.999949999999999672e-01 -3.634129999999999860e-01 9.316269999999999829e-01 -1.108999999999999960e-03 -9.316250000000000364e-01 -3.634089999999999820e-01 3.017000000000000150e-03
1.600000000000000000e+01 2.600000000000000000e+01 6.400000000000000000e+01 0.000000000000000000e+00 1.600000000000000089e+00 -4.380000000000000213e-04 1.141000000000000087e-03 9.999989999999999712e-01 -3.600720000000000032e-01 9.329239999999999755e-01 -1.222999999999999912e-03 -9.329250000000000043e-01 -3.600720000000000032e-01 1.999999999999999909e-06
2.200000000000000000e+01 2.600000000000000000e+01 6.400000000000000000e+01 0.000000000000000000e+00 1.600000000000000089e+00 2.837999999999999811e-03 5.915000000000000119e-03 9.999789999999999512e-01 -3.572960000000000025e-01 9.339800000000000324e-01 -4.511000000000000253e-03 -9.339870000000000116e-01 -3.572750000000000092e-01 4.764000000000000005e-03
2.800000000000000000e+01 2.600000000000000000e+01 6.400000000000000000e+01 0.000000000000000000e+00 1.600000000000000089e+00 -6.049999999999999606e-04 1.510399999999999937e-02 9.998860000000000525e-01 -3.509189999999999809e-01 9.362960000000000171e-01 -1.435600000000000070e-02 -9.364059999999999606e-01 -3.508870000000000045e-01 4.734000000000000360e-03
5.000000000000000000e+00 5.600000000000000000e+01 6.400000000000000000e+01 0.000000000000000000e+00 1.600000000000000089e+00 -1.453500000000000070e-01 2.614810000000000190e-01 -9.542019999999999946e-01 1.124400000000000052e-02 9.648179999999999534e-01 2.626769999999999938e-01 9.893159999999999732e-01 2.745200000000000071e-02 -1.431769999999999987e-01
2.700000000000000000e+01 8.900000000000000000e+01 6.400000000000000000e+01 0.000000000000000000e+00 1.600000000000000089e+00 1.057999999999999913e-03 -3.258000000000000045e-03 -9.999940000000000495e-01 8.406780000000000364e-01 5.415339999999999598e-01 -8.750000000000000182e-04 5.415339999999999598e-01 -8.406719999999999748e-01 3.311999999999999840e-03
