2.200000000000000000e+01 2.500000000000000000e+01 1.000000000000000000e+00 0.000000000000000000e+00 1.600000000000000089e+00 3.873999999999999840e-03 -1.448000000000000068e-03 -9.999909999999999632e-01 -5.188869999999999871e-01 -8.548419999999999908e-01 -7.720000000000000083e-04 -8.548339999999999828e-01 5.188859999999999584e-01 -4.062999999999999771e-03
2.600000000000000000e+01 2.500000000000000000e+01 1.000000000000000000e+00 0.000000000000000000e+00 1.600000000000000089e+00 5.540000000000000219e-04 4.595000000000000126e-03 -9.999890000000000168e-01 -5.177110000000000323e-01 -8.555449999999999999e-01 -4.218999999999999660e-03 -8.555549999999999544e-01 5.177079999999999460e-01 1.905000000000000009e-03
1.800000000000000000e+01 4.200000000000000000e+01 2.000000000000000000e+00 0.000000000000000000e+00 1.600000000000000089e+00 -5.049999999999999802e-03 4.222599999999999965e-02 -9.990949999999999553e-01 9.816500000000000226e-01 -1.902490000000000014e-01 -1.300199999999999967e-02 -1.906259999999999899e-01 -9.808270000000000044e-01 -4.048999999999999821e-02
3.000000000000000000e+00 1.500000000000000000e+01 4.000000000000000000e+00 0.000000000000000000e+00 1.600000000000000089e+00 -3.053999999999999857e-03 -9.539999999999999869e-04 9.999949999999999672e-01 3.056590000000000140e-01 -9.521410000000000151e-01 2.500000000000000120e-05 9.521359999999999824e-01 3.056570000000000120e-01 3.200000000000000153e-03
1.100000000000000000e+01 1.500000000000000000e+01 4.000000000000000000e+00 0.000000000000000000e+00 1.600000000000000089e+00 4.722999999999999768e-03 2.105999999999999799e-03 9.999869999999999592e-01 3.059479999999999977e-01 -9.520480000000000054e-01 5.599999999999999509e-04 9.520359999999999934e-01 3.059419999999999917e-01 -5.140999999999999737e-03
1.600000000000000000e+01 1.500000000000000000e+01 4.000000000000000000e+00 0.000000000000000000e+00 1.600000000000000089e+00 1.611000000000000019e-03 3.752999999999999826e-03 9.999919999999999920e-01 3.047079999999999789e-01 -9.524409999999999821e-01 3.083999999999999936e-03 9.524439999999999573e-01 3.047009999999999996e-01 -2.677999999999999825e-03
2.100000000000000000e+01 1.500000000000000000e+01 4.000000000000000000e+00 0.000000000000000000e+00 1.600000000000000089e+00 1.066000000000000107e-03 4.429999999999999910e-03 9.999900000000000455e-01 3.085319999999999729e-01 -9.512059999999999960e-01 3.884999999999999998e-03 9.512129999999999752e-01 3.085249999999999937e-01 -2.380000000000000171e-03
2.400000000000000000e+01 1.500000000000000000e+01 4.000000000000000000e+00 0.000000000000000000e+00 1.600000000000000089e+00 4.780000000000000178e-04 6.081999999999999733e-03 9.999810000000000088e-01 3.099720000000000253e-01 -9.507290000000000463e-01 5.634000000000000119e-03 9.507459999999999800e-01 3.099629999999999885e-01 -2.340000000000000066e-03
8.000000000000000000e+00 1.010000000000000000e+02 7.000000000000000000e+00 0.000000000000000000e+00 1.600000000000000089e+00 -1.159000000000000091e-03 -6.427000000000000421e-03 9.999789999999999512e-01 8.843670000000000142e-01 4.667740000000000222e-01 4.024999999999999932e-03 -4.667899999999999827e-01 8.843529999999999447e-01 5.143000000000000002e-03
1.100000000000000000e+01 1.010000000000000000e+02 7.000000000000000000e+00 0.000000000000000000e+00 1.600000000000000089e+00 -3.380000000000000192e-03 2.370999999999999844e-03 9.999909999999999632e-01 8.832200000000000051e-01 4.689550000000000107e-01 1.873000000000000099e-03 -4.689470000000000027e-01 8.832189999999999763e-01 -3.678999999999999979e-03
3.000000000000000000e+00 2.500000000000000000e+01 8.000000000000000000e+00 0.000000000000000000e+00 1.600000000000000089e+00 2.736000000000000151e-03 5.839999999999999705e-03 -9.999789999999999512e-01 4.417599999999999860e-01 8.971099999999999630e-01 6.447999999999999739e-03 8.971289999999999543e-01 -4.417690000000000228e-01 -1.250000000000000026e-04
7.000000000000000000e+00 2.500000000000000000e+01 8.000000000000000000e+00 0.000000000000000000e+00 1.600000000000000089e+00 1.150999999999999896e-03 1.134999999999999941e-03 -9.999989999999999712e-01 4.427150000000000252e-01 8.966610000000000413e-01 1.526999999999999929e-03 8.966619999999999591e-01 -4.427159999999999984e-01 5.289999999999999564e-04
1.500000000000000000e+01 2.500000000000000000e+01 8.000000000000000000e+00 0.000000000000000000e+00 1.600000000000000089e+00 6.899999999999999667e-05 -1.621999999999999961e-03 -9.999989999999999712e-01 4.425220000000000264e-01 8.967559999999999976e-01 -1.423999999999999919e-03 8.967580000000000551e-01 -4.425209999999999977e-01 7.799999999999999859e-04
1.900000000000000000e+01 2.500000000000000000e+01 8.000000000000000000e+00 0.000000000000000000e+00 1.600000000000000089e+00 -3.184000000000000198e-03 -5.069999999999999854e-03 -9.999820000000000375e-01 4.431999999999999829e-01 8.964029999999999498e-01 -5.956000000000000356e-03 8.964170000000000194e-01 -4.432119999999999949e-01 -6.070000000000000092e-04
2.200000000000000000e+01 2.500000000000000000e+01 8.000000000000000000e+00 0.000000000000000000e+00 1.600000000000000089e+00 -1.806000000000000097e-03 -6.516000000000000091e-03 -9.999770000000000048e-01 4.443039999999999767e-01 8.958509999999999529e-01 -6.640000000000000069e-03 8.958739999999999482e-01 -4.443059999999999787e-01 1.276999999999999923e-03
2.500000000000000000e+01 2.500000000000000000e+01 8.000000000000000000e+00 0.000000000000000000e+00 1.600000000000000089e+00 2.190000000000000106e-04 -4.704999999999999981e-03 -9.999890000000000168e-01 4.443110000000000115e-01 8.958629999999999649e-01 -4.118000000000000133e-03 8.958720000000000017e-01 -4.443050000000000055e-01 2.286999999999999970e-03
2.800000000000000000e+01 2.500000000000000000e+01 8.000000000000000000e+00 0.000000000000000000e+00 1.600000000000000089e+00 6.189999999999999756e-04 -6.558999999999999726e-03 -9.999780000000000335e-01 4.435839999999999783e-01 8.962149999999999839e-01 -5.603999999999999607e-03 8.962329999999999464e-01 -4.435709999999999931e-01 3.464000000000000065e-03
7.000000000000000000e+00 2.400000000000000000e+01 9.000000000000000000e+00 0.000000000000000000e+00 1.600000000000000089e+00 9.600000000000000243e-04 3.246000000000000187e-03 -9.999940000000000495e-01 4.444540000000000157e-01 8.957960000000000367e-01 3.334000000000000158e-03 8.958009999999999584e-01 -4.444540000000000157e-01 -5.829999999999999679e-04
1.500000000000000000e+01 2.400000000000000000e+01 9.000000000000000000e+00 0.000000000000000000e+00 1.600000000000000089e+00 5.399999999999999798e-05 -2.258000000000000024e-03 -9.999970000000000248e-01 4.455450000000000244e-01 8.952569999999999695e-01 -1.998000000000000210e-03 8.952590000000000270e-01 -4.455439999999999956e-01 1.054000000000000032e-03
1.800000000000000000e+01 2.400000000000000000e+01 9.000000000000000000e+00 0.000000000000000000e+00 1.600000000000000089e+00 -2.554999999999999979e-03 -5.338999999999999996e-03 -9.999820000000000375e-01 4.458210000000000228e-01 8.951029999999999820e-01 -5.917999999999999650e-03 8.951179999999999692e-01 -4.458280000000000021e-01 9.399999999999999448e-05
2.400000000000000000e+01 2.400000000000000000e+01 9.000000000000000000e+00 0.000000000000000000e+00 1.600000000000000089e+00 -1.879999999999999890e-04 -5.258999999999999786e-03 -9.999860000000000415e-01 4.480120000000000213e-01 8.940150000000000041e-01 -4.786000000000000323e-03 8.940280000000000449e-01 -4.480069999999999886e-01 2.187999999999999841e-03
2.800000000000000000e+01 2.400000000000000000e+01 9.000000000000000000e+00 0.000000000000000000e+00 1.600000000000000089e+00 9.439999999999999607e-04 -7.213999999999999926e-03 -9.999740000000000295e-01 4.479420000000000068e-01 8.940420000000000034e-01 -6.027000000000000239e-03 8.940620000000000234e-01 -4.479250000000000176e-01 4.074999999999999629e-03
7.000000000000000000e+00 3.100000000000000000e+01 1.200000000000000000e+01 0.000000000000000000e+00 1.600000000000000089e+00 -1.759999999999999954e-04 -3.690999999999999837e-03 9.999930000000000208e-01 8.959999999999999215e-03 9.999529999999999808e-01 3.691999999999999969e-03 -9.999599999999999600e-01 8.959999999999999215e-03 -1.430000000000000064e-04
1.500000000000000000e+01 3.100000000000000000e+01 1.200000000000000000e+01 0.000000000000000000e+00 1.600000000000000089e+00 -1.720000000000000066e-04 2.950000000000000148e-04 1.000000000000000000e+00 1.915499999999999842e-02 9.998160000000000380e-01 -2.919999999999999961e-04 -9.998169999999999558e-01 1.915499999999999842e-02 -1.779999999999999898e-04
2.000000000000000000e+01 3.100000000000000000e+01 1.200000000000000000e+01 0.000000000000000000e+00 1.600000000000000089e+00 9.810000000000001011e-04 8.019999999999999785e-04 9.999989999999999712e-01 1.878600000000000061e-02 9.998230000000000173e-01 -8.199999999999999824e-04 -9.998230000000000173e-01 1.878700000000000161e-02 9.659999999999999533e-04
2.600000000000000000e+01 3.100000000000000000e+01 1.200000000000000000e+01 0.000000000000000000e+00 1.600000000000000089e+00 -2.067999999999999960e-03 1.020999999999999989e-03 9.999970000000000248e-01 1.883500000000000105e-02 9.998219999999999885e-01 -9.820000000000000170e-04 -9.998200000000000420e-01 1.883299999999999905e-02 -2.086999999999999880e-03
8.000000000000000000e+00 1.160000000000000000e+02 1.600000000000000000e+01 0.000000000000000000e+00 1.600000000000000089e+00 1.400999999999999902e-03 2.154999999999999798e-03 9.999970000000000248e-01 6.751700000000000479e-01 7.376570000000000071e-01 -2.536000000000000060e-03 -7.376610000000000111e-01 6.751719999999999944e-01 -4.209999999999999875e-04
1.800000000000000000e+01 1.160000000000000000e+02 1.600000000000000000e+01 0.000000000000000000e+00 1.600000000000000089e+00 3.669999999999999760e-04 -1.600000000000000077e-03 9.999989999999999712e-01 6.919859999999999900e-01 7.219109999999999694e-01 9.009999999999999997e-04 -7.219109999999999694e-01 6.919840000000000435e-01 1.371999999999999956e-03
2.100000000000000000e+01 1.160000000000000000e+02 1.600000000000000000e+01 0.000000000000000000e+00 1.600000000000000089e+00 4.203000000000000139e-03 3.272999999999999868e-03 9.999860000000000415e-01 6.963310000000000333e-01 7.177019999999999511e-01 -5.276000000000000308e-03 -7.177090000000000414e-01 6.963430000000000453e-01 7.380000000000000492e-04
2.700000000000000000e+01 1.160000000000000000e+02 1.600000000000000000e+01 0.000000000000000000e+00 1.600000000000000089e+00 -4.192999999999999679e-03 -3.736999999999999870e-03 9.999839999999999840e-01 6.860389999999999544e-01 7.275430000000000508e-01 5.595000000000000147e-03 -7.275519999999999765e-01 6.860519999999999952e-01 -4.870000000000000197e-04
5.000000000000000000e+00 2.000000000000000000e+00 1.900000000000000000e+01 0.000000000000000000e+00 1.600000000000000089e+00 -1.941000000000000017e-03 3.089000000000000166e-03 -9.999930000000000208e-01 1.911839999999999928e-01 -9.815479999999999761e-01 -3.403000000000000209e-03 -9.815519999999999801e-01 -1.911899999999999988e-01 1.314999999999999980e-03
9.000000000000000000e+00 2.000000000000000000e+00 1.900000000000000000e+01 0.000000000000000000e+00 1.600000000000000089e+00 -4.250999999999999571e-03 1.604399999999999923e-02 -9.998620000000000285e-01 1.943860000000000032e-01 -9.807850000000000179e-01 -1.656399999999999886e-02 -9.809160000000000101e-01 -1.944299999999999917e-01 1.051000000000000068e-03
1.500000000000000000e+01 2.000000000000000000e+00 1.900000000000000000e+01 0.000000000000000000e+00 1.600000000000000089e+00 4.538000000000000367e-03 -6.440999999999999677e-03 -9.999689999999999968e-01 1.996199999999999919e-01 -9.798470000000000235e-01 7.217000000000000325e-03 -9.798630000000000395e-01 -1.996469999999999911e-01 -3.161000000000000181e-03
1.900000000000000000e+01 2.000000000000000000e+00 1.900000000000000000e+01 0.000000000000000000e+00 1.600000000000000089e+00 2.710000000000000169e-03 -3.320000000000000034e-03 -9.999909999999999632e-01 1.980679999999999941e-01 -9.801809999999999690e-01 3.791000000000000099e-03 -9.801849999999999730e-01 -1.980760000000000021e-01 -1.998999999999999909e-03
2.300000000000000000e+01 2.000000000000000000e+00 1.900000000000000000e+01 0.000000000000000000e+00 1.600000000000000089e+00 2.730999999999999921e-03 1.314000000000000064e-03 -9.999949999999999672e-01 1.964200000000000113e-01 -9.805199999999999472e-01 -7.519999999999999558e-04 -9.805160000000000542e-01 -1.964170000000000083e-01 -2.935000000000000109e-03
2.800000000000000000e+01 2.000000000000000000e+00 1.900000000000000000e+01 0.000000000000000000e+00 1.600000000000000089e+00 -1.541000000000000052e-03 7.392000000000000133e-03 -9.999710000000000543e-01 1.898729999999999862e-01 -9.817799999999999860e-01 -7.551000000000000420e-03 -9.818080000000000140e-01 -1.898789999999999922e-01 1.100000000000000039e-04
1.600000000000000000e+01 4.000000000000000000e+00 2.000000000000000000e+01 0.000000000000000000e+00 1.600000000000000089e+00 6.706000000000000155e-03 -2.347999999999999827e-03 -9.999749999999999472e-01 2.832950000000000190e-01 -9.590239999999999876e-01 4.152000000000000308e-03 -9.590090000000000003e-01 -2.833149999999999835e-01 -5.766000000000000292e-03
2.300000000000000000e+01 4.000000000000000000e+00 2.000000000000000000e+01 0.000000000000000000e+00 1.600000000000000089e+00 2.301999999999999793e-03 1.851999999999999914e-03 -9.999959999999999960e-01 2.879700000000000037e-01 -9.576390000000000180e-01 -1.111000000000000008e-03 -9.576369999999999605e-01 -2.879669999999999730e-01 -2.737999999999999982e-03
3.000000000000000000e+00 1.300000000000000000e+01 2.000000000000000000e+01 0.000000000000000000e+00 1.600000000000000089e+00 -6.599999999999999964e-04 -3.289999999999999956e-03 9.999940000000000495e-01 2.479379999999999917e-01 9.687700000000000200e-01 3.350999999999999812e-03 -9.687759999999999705e-01 2.479389999999999927e-01 1.769999999999999926e-04
6.000000000000000000e+00 1.300000000000000000e+01 2.000000000000000000e+01 0.000000000000000000e+00 1.600000000000000089e+00 -8.267999999999999308e-03 -1.461199999999999999e-02 9.998590000000000533e-01 2.491500000000000103e-01 9.683289999999999953e-01 1.621099999999999972e-02 -9.684300000000000130e-01 2.492489999999999983e-01 -4.364999999999999956e-03
1.200000000000000000e+01 1.300000000000000000e+01 2.000000000000000000e+01 0.000000000000000000e+00 1.600000000000000089e+00 -4.807999999999999774e-03 -6.117000000000000041e-03 9.999700000000000255e-01 2.563699999999999868e-01 9.665519999999999667e-01 7.145999999999999575e-03 -9.665669999999999540e-01 2.563969999999999860e-01 -3.078000000000000007e-03
1.700000000000000000e+01 1.300000000000000000e+01 2.000000000000000000e+01 0.000000000000000000e+00 1.600000000000000089e+00 6.132000000000000298e-03 8.240000000000000796e-03 9.999470000000000303e-01 2.513210000000000166e-01 9.678569999999999673e-01 -9.516999999999999418e-03 -9.678839999999999666e-01 2.513670000000000071e-01 3.863999999999999813e-03
2.500000000000000000e+01 1.300000000000000000e+01 2.000000000000000000e+01 0.000000000000000000e+00 1.600000000000000089e+00 -2.300000000000000002e-05 -1.487000000000000040e-03 9.999989999999999712e-01 2.520270000000000010e-01 9.677189999999999959e-01 1.445000000000000104e-03 -9.677200000000000246e-01 2.520270000000000010e-01 3.519999999999999908e-04
2.800000000000000000e+01 1.300000000000000000e+01 2.000000000000000000e+01 0.000000000000000000e+00 1.600000000000000089e+00 -1.565999999999999901e-03 -1.672000000000000092e-03 9.999970000000000248e-01 2.527349999999999874e-01 9.675340000000000051e-01 2.014000000000000165e-03 -9.675340000000000051e-01 2.527369999999999894e-01 -1.093000000000000005e-03
1.000000000000000000e+01 1.600000000000000000e+01 2.100000000000000000e+01 0.000000000000000000e+00 1.600000000000000089e+00 -1.097300000000000011e-02 -1.915899999999999895e-02 9.997559999999999780e-01 2.996050000000000102e-01 9.538189999999999724e-01 2.156800000000000037e-02 -9.539999999999999591e-01 2.997690000000000077e-01 -4.726000000000000166e-03
1.300000000000000000e+01 1.600000000000000000e+01 2.100000000000000000e+01 0.000000000000000000e+00 1.600000000000000089e+00 -2.516000000000000007e-03 -2.779999999999999811e-04 9.999970000000000248e-01 3.011320000000000108e-01 9.535820000000000407e-01 1.023000000000000038e-03 -9.535789999999999544e-01 3.011340000000000128e-01 -2.314999999999999784e-03
2.400000000000000000e+01 1.600000000000000000e+01 2.100000000000000000e+01 0.000000000000000000e+00 1.600000000000000089e+00 1.941999999999999933e-03 1.330000000000000019e-03 9.999970000000000248e-01 2.977460000000000107e-01 9.546430000000000193e-01 -1.848000000000000033e-03 -9.546430000000000193e-01 2.977489999999999859e-01 1.456999999999999962e-03
1.300000000000000000e+01 4.800000000000000000e+01 2.400000000000000000e+01 0.000000000000000000e+00 1.600000000000000089e+00 -2.912000000000000092e-03 -1.487999999999999956e-03 9.999949999999999672e-01 8.595099999999999962e-01 5.111080000000000068e-01 3.263999999999999974e-03 -5.111099999999999532e-01 8.595150000000000290e-01 -2.090000000000000115e-04
4.000000000000000000e+00 3.000000000000000000e+00 2.500000000000000000e+01 0.000000000000000000e+00 1.600000000000000089e+00 6.127999999999999767e-03 -4.179999999999999688e-03 9.999730000000000008e-01 -6.588299999999999712e-02 -9.978200000000000403e-01 -3.766999999999999949e-03 9.978089999999999460e-01 -6.585799999999999987e-02 -6.389999999999999847e-03
8.000000000000000000e+00 3.000000000000000000e+00 2.500000000000000000e+01 0.000000000000000000e+00 1.600000000000000089e+00 1.609400000000000067e-02 4.989999999999999861e-04 9.998700000000000365e-01 -6.213300000000000073e-02 -9.980670000000000375e-01 1.497999999999999983e-03 9.979379999999999917e-01 -6.214900000000000285e-02 -1.603200000000000111e-02
1.900000000000000000e+01 3.000000000000000000e+00 2.500000000000000000e+01 0.000000000000000000e+00 1.600000000000000089e+00 -1.270899999999999981e-02 -2.954000000000000029e-03 9.999149999999999983e-01 -5.699599999999999805e-02 -9.983680000000000332e-01 -3.674000000000000182e-03 9.982940000000000147e-01 -5.703799999999999842e-02 1.251999999999999988e-02
2.200000000000000000e+01 3.000000000000000000e+00 2.500000000000000000e+01 0.000000000000000000e+00 1.600000000000000089e+00 -9.327999999999999486e-03 -8.459999999999999638e-04 9.999559999999999560e-01 -5.165899999999999659e-02 -9.986639999999999961e-01 -1.327000000000000055e-03 9.986209999999999809e-01 -5.166899999999999965e-02 9.272000000000000727e-03
2.900000000000000000e+01 3.000000000000000000e+00 2.500000000000000000e+01 0.000000000000000000e+00 1.600000000000000089e+00 4.630999999999999700e-03 3.716999999999999818e-03 9.999820000000000375e-01 -4.767799999999999816e-02 -9.988550000000000484e-01 3.932999999999999864e-03 9.988519999999999621e-01 -4.769500000000000128e-02 -4.448999999999999830e-03
6.000000000000000000e+00 4.600000000000000000e+01 2.700000000000000000e+01 0.000000000000000000e+00 1.600000000000000089e+00 -3.400000000000000244e-04 -2.918000000000000021e-03 -9.999959999999999960e-01 6.546889999999999654e-01 7.558939999999999548e-01 -2.429000000000000169e-03 7.558979999999999588e-01 -6.546870000000000189e-01 1.652999999999999955e-03
1.900000000000000000e+01 4.600000000000000000e+01 2.700000000000000000e+01 0.000000000000000000e+00 1.600000000000000089e+00 -1.438999999999999958e-03 2.454000000000000018e-03 -9.999959999999999960e-01 6.500310000000000255e-01 7.599069999999999991e-01 9.290000000000000297e-04 7.599059999999999704e-01 -6.500270000000000215e-01 -2.688999999999999984e-03
2.300000000000000000e+01 4.600000000000000000e+01 2.700000000000000000e+01 0.000000000000000000e+00 1.600000000000000089e+00 -1.146000000000000100e-03 7.450000000000000025e-04 -9.999989999999999712e-01 6.491689999999999960e-01 7.606439999999999868e-01 -1.769999999999999926e-04 7.606439999999999868e-01 -6.491679999999999673e-01 -1.355000000000000085e-03
2.800000000000000000e+01 4.600000000000000000e+01 2.700000000000000000e+01 0.000000000000000000e+00 1.600000000000000089e+00 -8.360000000000000460e-04 -2.348999999999999960e-03 -9.999970000000000248e-01 6.426159999999999650e-01 7.661850000000000049e-01 -2.337000000000000102e-03 7.661879999999999802e-01 -6.426159999999999650e-01 8.689999999999999808e-04
2.000000000000000000e+00 4.600000000000000000e+01 3.000000000000000000e+01 0.000000000000000000e+00 1.600000000000000089e+00 -1.020000000000000073e-03 1.472999999999999917e-03 -9.999980000000000535e-01 3.309250000000000247e-01 9.436569999999999681e-01 1.051999999999999984e-03 9.436569999999999681e-01 -3.309230000000000227e-01 -1.449999999999999900e-03
4.000000000000000000e+00 5.800000000000000000e+01 3.100000000000000000e+01 0.000000000000000000e+00 1.600000000000000089e+00 4.800000000000000122e-04 -1.322000000000000041e-03 9.999989999999999712e-01 -7.938190000000000524e-01 -6.081530000000000546e-01 -4.229999999999999819e-04 6.081530000000000546e-01 -7.938180000000000236e-01 -1.342000000000000094e-03
1.000000000000000000e+01 5.800000000000000000e+01 3.100000000000000000e+01 0.000000000000000000e+00 1.600000000000000089e+00 5.280000000000000405e-04 -1.201000000000000028e-03 9.999989999999999712e-01 -7.984620000000000051e-01 -6.020450000000000523e-01 -3.020000000000000223e-04 6.020450000000000523e-01 -7.984609999999999763e-01 -1.276999999999999923e-03
1.600000000000000000e+01 5.800000000000000000e+01 3.100000000000000000e+01 0.000000000000000000e+00 1.600000000000000089e+00 -1.265999999999999981e-03 1.399999999999999877e-04 9.999989999999999712e-01 -7.991390000000000438e-01 -6.011450000000000404e-01 -9.280000000000000054e-04 6.011450000000000404e-01 -7.991399999999999615e-01 8.720000000000000537e-04
2.300000000000000000e+01 5.800000000000000000e+01 3.100000000000000000e+01 0.000000000000000000e+00 1.600000000000000089e+00 -8.140000000000000534e-04 1.861000000000000024e-03 9.999980000000000535e-01 -8.017170000000000130e-01 -5.977040000000000131e-01 4.600000000000000139e-04 5.977029999999999843e-01 -8.017149999999999554e-01 1.978000000000000157e-03
2.900000000000000000e+01 5.800000000000000000e+01 3.100000000000000000e+01 0.000000000000000000e+00 1.600000000000000089e+00 2.999999999999999737e-04 -6.769999999999999976e-03 9.999770000000000048e-01 -7.993609999999999882e-01 -6.008390000000000120e-01 -3.827999999999999806e-03 6.008510000000000240e-01 -7.993409999999999682e-01 -5.591999999999999749e-03
2.000000000000000000e+00 2.300000000000000000e+01 3.400000000000000000e+01 0.000000000000000000e+00 1.600000000000000089e+00 -2.480000000000000108e-04 1.630000000000000047e-04 1.000000000000000000e+00 4.008189999999999809e-01 -9.161569999999999991e-01 2.480000000000000108e-04 9.161569999999999991e-01 4.008189999999999809e-01 1.620000000000000075e-04
2.000000000000000000e+00 4.200000000000000000e+01 3.400000000000000000e+01 0.000000000000000000e+00 1.600000000000000089e+00 5.289999999999999564e-04 -2.645999999999999915e-03 -9.999959999999999960e-01 -2.907469999999999777e-01 9.567959999999999798e-01 -2.684999999999999887e-03 9.567999999999999838e-01 2.907469999999999777e-01 -2.629999999999999959e-04
3.000000000000000000e+00 4.600000000000000000e+01 3.500000000000000000e+01 0.000000000000000000e+00 1.600000000000000089e+00 -5.199999999999999680e-05 -3.390000000000000001e-04 -1.000000000000000000e+00 3.831809999999999938e-01 -9.236729999999999663e-01 2.939999999999999905e-04 -9.236729999999999663e-01 -3.831809999999999938e-01 1.779999999999999898e-04
9.000000000000000000e+00 4.600000000000000000e+01 3.500000000000000000e+01 0.000000000000000000e+00 1.600000000000000089e+00 -4.129999999999999991e-03 2.073000000000000190e-03 -9.999890000000000168e-01 3.887749999999999817e-01 -9.213259999999999783e-01 -3.514999999999999895e-03 -9.213230000000000031e-01 -3.887860000000000205e-01 2.998999999999999930e-03
1.500000000000000000e+01 4.600000000000000000e+01 3.500000000000000000e+01 0.000000000000000000e+00 1.600000000000000089e+00 1.853999999999999962e-03 2.699999999999999899e-05 -9.999980000000000535e-01 3.861609999999999765e-01 -9.224310000000000009e-01 6.909999999999999910e-04 -9.224290000000000544e-01 -3.861620000000000053e-01 -1.721000000000000090e-03
1.800000000000000000e+01 4.600000000000000000e+01 3.500000000000000000e+01 0.000000000000000000e+00 1.600000000000000089e+00 1.962999999999999901e-03 4.416999999999999919e-03 -9.999879999999999880e-01 3.855310000000000126e-01 -9.226889999999999814e-01 -3.318999999999999902e-03 -9.226929999999999854e-01 -3.855199999999999738e-01 -3.514000000000000196e-03
2.800000000000000000e+01 4.600000000000000000e+01 3.500000000000000000e+01 0.000000000000000000e+00 1.600000000000000089e+00 2.159999999999999919e-04 -5.707000000000000267e-03 -9.999839999999999840e-01 3.863119999999999887e-01 -9.223529999999999784e-01 5.347000000000000190e-03 -9.223679999999999657e-01 -3.863070000000000115e-01 2.004999999999999838e-03
5.000000000000000000e+00 9.500000000000000000e+01 3.600000000000000000e+01 0.000000000000000000e+00 1.600000000000000089e+00 -1.998000000000000210e-03 -5.589000000000000218e-03 9.999820000000000375e-01 9.976650000000000240e-01 6.825299999999999423e-02 2.374999999999999941e-03 -6.826500000000000623e-02 9.976519999999999833e-01 5.440000000000000391e-03
8.000000000000000000e+00 9.500000000000000000e+01 3.600000000000000000e+01 0.000000000000000000e+00 1.600000000000000089e+00 -1.029500000000000033e-02 -9.365999999999999326e-03 9.999029999999999863e-01 9.979299999999999837e-01 6.338599999999999790e-02 1.086900000000000019e-02 -6.348199999999999676e-02 9.979449999999999710e-01 8.694000000000000339e-03
1.800000000000000000e+01 9.500000000000000000e+01 3.600000000000000000e+01 0.000000000000000000e+00 1.600000000000000089e+00 -2.883999999999999845e-03 -1.355699999999999961e-02 9.999040000000000150e-01 9.984979999999999967e-01 5.467299999999999938e-02 3.621000000000000087e-03 -5.471700000000000175e-02 9.984119999999999662e-01 1.337900000000000027e-02
2.500000000000000000e+01 9.500000000000000000e+01 3.600000000000000000e+01 0.000000000000000000e+00 1.600000000000000089e+00 -1.253999999999999906e-03 5.152000000000000329e-03 9.999860000000000415e-01 9.983020000000000227e-01 5.823699999999999710e-02 9.520000000000000467e-04 -5.823199999999999904e-02 9.982889999999999819e-01 -5.216000000000000150e-03
2.800000000000000000e+01 9.500000000000000000e+01 3.600000000000000000e+01 0.000000000000000000e+00 1.600000000000000089e+00 -4.435999999999999839e-03 7.223000000000000254e-03 9.999639999999999640e-01 9.982969999999999899e-01 5.819200000000000067e-02 4.008000000000000278e-03 -5.816099999999999742e-02 9.982790000000000274e-01 -7.468999999999999945e-03
4.000000000000000000e+00 9.500000000000000000e+01 3.700000000000000000e+01 0.000000000000000000e+00 1.600000000000000089e+00 2.147000000000000037e-03 -4.771000000000000067e-03 9.999860000000000415e-01 9.959310000000000107e-01 9.010400000000000353e-02 -1.709000000000000016e-03 -9.009399999999999353e-02 9.959209999999999452e-01 4.944999999999999743e-03
1.400000000000000000e+01 3.000000000000000000e+00 4.300000000000000000e+01 0.000000000000000000e+00 1.600000000000000089e+00 1.491100000000000064e-02 -1.329400000000000026e-02 -9.998000000000000220e-01 7.317829999999999613e-01 -6.812449999999999894e-01 1.997200000000000017e-02 -6.813749999999999529e-01 -7.319350000000000023e-01 -4.290000000000000193e-04
2.000000000000000000e+00 2.900000000000000000e+01 4.400000000000000000e+01 0.000000000000000000e+00 1.600000000000000089e+00 -9.389999999999999476e-04 -6.170000000000000354e-04 -9.999989999999999712e-01 6.475959999999999495e-01 7.619829999999999659e-01 -1.077999999999999965e-03 7.619829999999999659e-01 -6.475969999999999782e-01 -3.159999999999999832e-04
7.000000000000000000e+00 2.900000000000000000e+01 4.400000000000000000e+01 0.000000000000000000e+00 1.600000000000000089e+00 -8.459999999999999638e-04 1.080999999999999930e-03 -9.999989999999999712e-01 6.512369999999999548e-01 7.588740000000000485e-01 2.700000000000000035e-04 7.588740000000000485e-01 -6.512369999999999548e-01 -1.345999999999999974e-03
1.200000000000000000e+01 2.900000000000000000e+01 4.400000000000000000e+01 0.000000000000000000e+00 1.600000000000000089e+00 7.659999999999999708e-04 5.176000000000000045e-03 -9.999860000000000415e-01 6.595910000000000384e-01 7.516119999999999468e-01 4.395999999999999734e-03 7.516239999999999588e-01 -6.595860000000000056e-01 -2.837999999999999811e-03
1.600000000000000000e+01 2.900000000000000000e+01 4.400000000000000000e+01 0.000000000000000000e+00 1.600000000000000089e+00 1.649999999999999991e-04 -2.337999999999999801e-03 -9.999970000000000248e-01 6.682090000000000529e-01 7.439719999999999667e-01 -1.629000000000000023e-03 7.439740000000000242e-01 -6.682069999999999954e-01 1.685000000000000083e-03
2.000000000000000000e+01 2.900000000000000000e+01 4.400000000000000000e+01 0.000000000000000000e+00 1.600000000000000089e+00 -1.289999999999999914e-04 -2.090999999999999977e-03 -9.999980000000000535e-01 6.657469999999999777e-01 7.461750000000000327e-01 -1.645999999999999894e-03 7.461769999999999792e-01 -6.657459999999999489e-01 1.296000000000000060e-03
2.500000000000000000e+01 2.900000000000000000e+01 4.400000000000000000e+01 0.000000000000000000e+00 1.600000000000000089e+00 5.670000000000000127e-04 -3.353000000000000078e-03 -9.999940000000000495e-01 6.654860000000000220e-01 7.464070000000000427e-01 -2.125999999999999852e-03 7.464100000000000179e-01 -6.654809999999999892e-01 2.654999999999999808e-03
3.000000000000000000e+01 7.000000000000000000e+01 4.700000000000000000e+01 0.000000000000000000e+00 1.600000000000000089e+00 -7.630999999999999762e-03 -6.333000000000000088e-03 -9.999510000000000343e-01 -8.443880000000000274e-01 -5.356419999999999515e-01 9.835999999999999258e-03 -5.356779999999999875e-01 8.444220000000000059e-01 -1.260000000000000052e-03
4.000000000000000000e+00 5.000000000000000000e+00 5.100000000000000000e+01 0.000000000000000000e+00 1.600000000000000089e+00 -1.155999999999999910e-03 2.152999999999999966e-03 -9.999970000000000248e-01 4.921449999999999991e-01 -8.705100000000000060e-01 -2.442999999999999859e-03 -8.705119999999999525e-01 -4.921459999999999724e-01 -5.300000000000000078e-05
1.900000000000000000e+01 5.000000000000000000e+00 5.100000000000000000e+01 0.000000000000000000e+00 1.600000000000000089e+00 -2.258000000000000024e-03 -5.738000000000000045e-03 -9.999810000000000088e-01 4.851849999999999774e-01 -8.744020000000000126e-01 3.922000000000000139e-03 -8.744079999999999631e-01 -4.851670000000000149e-01 4.758000000000000076e-03
2.700000000000000000e+01 5.000000000000000000e+00 5.100000000000000000e+01 0.000000000000000000e+00 1.600000000000000089e+00 1.077999999999999965e-03 -1.055599999999999941e-02 -9.999440000000000550e-01 4.865769999999999817e-01 -8.735829999999999984e-01 9.745999999999999455e-03 -8.736369999999999969e-01 -4.865599999999999925e-01 4.194999999999999944e-03
2.300000000000000000e+01 6.000000000000000000e+00 5.100000000000000000e+01 0.000000000000000000e+00 1.600000000000000089e+00 -3.667999999999999820e-03 -9.908999999999999406e-03 -9.999440000000000550e-01 3.111559999999999881e-01 -9.503230000000000288e-01 8.276000000000000370e-03 -9.503519999999999746e-01 -3.111079999999999957e-01 6.569000000000000186e-03
3.000000000000000000e+00 4.400000000000000000e+01 5.300000000000000000e+01 0.000000000000000000e+00 1.600000000000000089e+00 1.876999999999999849e-02 -1.101990000000000053e-01 -9.937319999999999487e-01 9.486600000000000588e-02 -9.892269999999999675e-01 1.114919999999999939e-01 -9.953130000000000033e-01 -9.636400000000000521e-02 -8.113999999999999685e-03
4.000000000000000000e+00 6.300000000000000000e+01 5.400000000000000000e+01 0.000000000000000000e+00 1.600000000000000089e+00 -3.469999999999999777e-04 3.249999999999999851e-04 1.000000000000000000e+00 -3.493629999999999791e-01 9.369870000000000143e-01 -4.260000000000000006e-04 -9.369870000000000143e-01 -3.493640000000000079e-01 -2.110000000000000059e-04
1.300000000000000000e+01 6.300000000000000000e+01 5.400000000000000000e+01 0.000000000000000000e+00 1.600000000000000089e+00 -6.819999999999999890e-04 -1.397000000000000021e-03 9.999989999999999712e-01 -3.515340000000000131e-01 9.361749999999999794e-01 1.067999999999999939e-03 -9.361749999999999794e-01 -3.515329999999999844e-01 -1.129000000000000012e-03
1.800000000000000000e+01 6.300000000000000000e+01 5.400000000000000000e+01 0.000000000000000000e+00 1.600000000000000089e+00 1.776999999999999934e-03 -2.310000000000000042e-04 9.999980000000000535e-01 -3.531670000000000087e-01 9.355599999999999472e-01 8.429999999999999993e-04 -9.355590000000000295e-01 -3.531670000000000087e-01 1.580999999999999940e-03
2.200000000000000000e+01 6.300000000000000000e+01 5.400000000000000000e+01 0.000000000000000000e+00 1.600000000000000089e+00 1.132999999999999893e-03 -1.144999999999999967e-03 9.999989999999999712e-01 -3.537680000000000269e-01 9.353320000000000523e-01 1.472000000000000001e-03 -9.353320000000000523e-01 -3.537699999999999734e-01 6.549999999999999833e-04
2.600000000000000000e+01 6.300000000000000000e+01 5.400000000000000000e+01 0.000000000000000000e+00 1.600000000000000089e+00 -1.157999999999999958e-03 -5.659999999999999884e-04 9.999989999999999712e-01 -3.532259999999999844e-01 9.355379999999999807e-01 1.200000000000000030e-04 -9.355369999999999520e-01 -3.532250000000000112e-01 -1.283999999999999985e-03
7.000000000000000000e+00 2.600000000000000000e+01 5.500000000000000000e+01 0.000000000000000000e+00 1.600000000000000089e+00 2.884999999999999978e-03 2.152400000000000146e-02 -9.997639999999999860e-01 -3.262099999999999722e-02 -9.992339999999999556e-01 -2.160700000000000121e-02 -9.994640000000000191e-01 3.267500000000000265e-02 -2.180000000000000080e-03
1.600000000000000000e+01 7.600000000000000000e+01 5.600000000000000000e+01 0.000000000000000000e+00 1.600000000000000089e+00 -1.779999999999999898e-04 -4.126000000000000327e-03 -9.999909999999999632e-01 -1.191470000000000029e-01 9.928679999999999728e-01 -4.074999999999999629e-03 9.928770000000000095e-01 1.191450000000000009e-01 -6.689999999999999983e-04
4.000000000000000000e+00 6.800000000000000000e+01 5.700000000000000000e+01 0.000000000000000000e+00 1.600000000000000089e+00 -1.521000000000000000e-03 -1.490400000000000058e-02 -9.998879999999999990e-01 -2.495259999999999978e-01 -9.682549999999999768e-01 1.481200000000000051e-02 -9.683669999999999778e-01 2.495209999999999928e-01 -2.246000000000000166e-03
1.800000000000000000e+01 2.000000000000000000e+01 6.000000000000000000e+01 0.000000000000000000e+00 1.600000000000000089e+00 -1.423000000000000003e-03 5.240999999999999999e-03 9.999850000000000128e-01 -6.400999999999999746e-02 9.979350000000000165e-01 -5.321000000000000209e-03 -9.979479999999999462e-01 -6.401700000000000446e-02 -1.083999999999999894e-03
2.000000000000000000e+00 2.100000000000000000e+01 6.000000000000000000e+01 0.000000000000000000e+00 1.600000000000000089e+00 3.877999999999999937e-03 4.808999999999999907e-03 9.999810000000000088e-01 -9.768200000000000494e-02 9.952079999999999815e-01 -4.407999999999999592e-03 -9.952100000000000390e-01 -9.766299999999999981e-02 4.329000000000000382e-03
9.000000000000000000e+00 2.100000000000000000e+01 6.000000000000000000e+01 0.000000000000000000e+00 1.600000000000000089e+00 -9.229999999999999923e-04 -4.570000000000000277e-03 9.999890000000000168e-01 -9.582799999999999652e-02 9.953880000000000505e-01 4.460999999999999688e-03 -9.953969999999999763e-01 -9.582300000000000539e-02 -1.356999999999999916e-03
1.400000000000000000e+01 2.100000000000000000e+01 6.000000000000000000e+01 0.000000000000000000e+00 1.600000000000000089e+00 -1.230000000000000082e-04 4.310999999999999728e-03 9.999909999999999632e-01 -9.470900000000000152e-02 9.954960000000000475e-01 -4.303000000000000401e-03 -9.955049999999999732e-01 -9.470900000000000152e-02 2.860000000000000129e-04
2.300000000000000000e+01 2.100000000000000000e+01 6.000000000000000000e+01 0.000000000000000000e+00 1.600000000000000089e+00 -1.779999999999999898e-04 7.389999999999999868e-03 9.999730000000000008e-01 -9.503799999999999748e-02 9.954460000000000530e-01 -7.374000000000000346e-03 -9.954739999999999700e-01 -9.503699999999999648e-02 5.249999999999999676e-04
2.600000000000000000e+01 2.100000000000000000e+01 6.000000000000000000e+01 0.000000000000000000e+00 1.600000000000000089e+00 9.240000000000000166e-04 8.559000000000000635e-03 9.999630000000000463e-01 -9.643300000000000483e-02 9.953039999999999665e-01 -8.429999999999999993e-03 -9.953389999999999738e-01 -9.642199999999999382e-02 1.745000000000000023e-03
3.000000000000000000e+01 2.100000000000000000e+01 6.000000000000000000e+01 0.000000000000000000e+00 1.600000000000000089e+00 1.781999999999999947e-03 9.629999999999999671e-03 9.999519999999999520e-01 -9.817499999999999838e-02 9.951250000000000373e-01 -9.409000000000000696e-03 -9.951680000000000526e-01 -9.815400000000000513e-02 2.719000000000000063e-03
1.200000000000000000e+01 4.500000000000000000e+01 6.200000000000000000e+01 0.000000000000000000e+00 1.600000000000000089e+00 -1.715399999999999911e-02 2.337300000000000141e-02 -9.995800000000000241e-01 -6.102760000000000407e-01 -7.921479999999999633e-01 -8.049000000000000599e-03 -7.920030000000000125e-01 6.098820000000000352e-01 2.785299999999999929e-02
5.000000000000000000e+00 3.000000000000000000e+00 6.300000000000000000e+01 0.000000000000000000e+00 1.600000000000000089e+00 7.399999999999999623e-05 5.745000000000000107e-03 9.999839999999999840e-01 -6.145709999999999784e-01 7.888490000000000224e-01 -4.486999999999999669e-03 -7.888610000000000344e-01 -6.145610000000000239e-01 3.589000000000000176e-03
4.000000000000000000e+00 2.700000000000000000e+01 6.300000000000000000e+01 0.000000000000000000e+00 1.600000000000000089e+00 3.056999999999999822e-03 -4.706000000000000114e-03 9.999839999999999840e-01 -2.688639999999999919e-01 9.631629999999999914e-01 5.355000000000000385e-03 -9.631729999999999459e-01 -2.688760000000000039e-01 1.678999999999999937e-03
1.200000000000000000e+01 2.700000000000000000e+01 6.300000000000000000e+01 0.000000000000000000e+00 1.600000000000000089e+00 -1.719000000000000042e-03 1.094200000000000034e-02 9.999390000000000223e-01 -2.519440000000000013e-01 9.676789999999999559e-01 -1.102200000000000055e-02 -9.677400000000000446e-01 -2.519480000000000053e-01 1.093000000000000005e-03
1.800000000000000000e+01 2.700000000000000000e+01 6.300000000000000000e+01 0.000000000000000000e+00 1.600000000000000089e+00 3.600000000000000227e-04 -1.873199999999999865e-02 9.998240000000000460e-01 -2.662080000000000002e-01 9.637449999999999628e-01 1.815200000000000147e-02 -9.639149999999999663e-01 -2.661680000000000157e-01 -4.640000000000000027e-03
2.100000000000000000e+01 2.700000000000000000e+01 6.300000000000000000e+01 0.000000000000000000e+00 1.600000000000000089e+00 1.144000000000000052e-03 -5.544000000000000317e-03 9.999839999999999840e-01 -2.662740000000000107e-01 9.638809999999999878e-01 5.648000000000000242e-03 -9.638970000000000038e-01 -2.662760000000000127e-01 -3.730000000000000134e-04
2.800000000000000000e+01 2.700000000000000000e+01 6.300000000000000000e+01 0.000000000000000000e+00 1.600000000000000089e+00 7.450000000000000025e-04 4.725000000000000033e-03 9.999890000000000168e-01 -2.661689999999999889e-01 9.639159999999999950e-01 -4.355999999999999629e-03 -9.639259999999999495e-01 -2.661629999999999829e-01 1.975999999999999892e-03
1.300000000000000000e+01 4.400000000000000000e+01 6.300000000000000000e+01 0.000000000000000000e+00 1.600000000000000089e+00 -1.368600000000000025e-02 3.631800000000000306e-02 -9.992469999999999963e-01 -6.813909999999999689e-01 -7.317160000000000331e-01 -1.726199999999999957e-02 -7.317919999999999980e-01 6.806410000000000515e-01 3.476100000000000023e-02
