3.000000000000000000e+00 1.500000000000000000e+01 4.000000000000000000e+00 0.000000000000000000e+00 1.600000000000000089e+00 7.550000000000000287e-04 5.392000000000000091e-03 9.999850000000000128e-01 3.084250000000000047e-01 -9.512359999999999705e-01 4.896000000000000178e-03 9.512479999999999825e-01 3.084169999999999967e-01 -2.380999999999999870e-03
7.000000000000000000e+00 1.500000000000000000e+01 4.000000000000000000e+00 0.000000000000000000e+00 1.600000000000000089e+00 -7.579999999999999932e-04 -1.410000000000000012e-03 9.999989999999999712e-01 3.092570000000000041e-01 -9.509779999999999900e-01 -1.106999999999999911e-03 9.509779999999999900e-01 3.092550000000000021e-01 1.157000000000000042e-03
1.400000000000000000e+01 1.500000000000000000e+01 4.000000000000000000e+00 0.000000000000000000e+00 1.600000000000000089e+00 -6.780999999999999701e-03 -1.375499999999999987e-02 9.998820000000000485e-01 2.990760000000000085e-01 -9.541650000000000409e-01 -1.109800000000000023e-02 9.542049999999999699e-01 2.989649999999999808e-01 1.058300000000000039e-02
1.900000000000000000e+01 1.500000000000000000e+01 4.000000000000000000e+00 0.000000000000000000e+00 1.600000000000000089e+00 -4.910000000000000085e-04 -1.258000000000000004e-03 9.999989999999999712e-01 2.961119999999999863e-01 -9.551530000000000298e-01 -1.056000000000000081e-03 9.551530000000000298e-01 2.961119999999999863e-01 8.419999999999999750e-04
2.800000000000000000e+01 1.500000000000000000e+01 4.000000000000000000e+00 0.000000000000000000e+00 1.600000000000000089e+00 -2.517999999999999839e-03 5.935000000000000171e-03 9.999789999999999512e-01 3.066969999999999974e-01 -9.517860000000000209e-01 6.420999999999999625e-03 9.518039999999999834e-01 3.067070000000000074e-01 5.760000000000000146e-04
2.000000000000000000e+01 4.000000000000000000e+00 5.000000000000000000e+00 0.000000000000000000e+00 1.600000000000000089e+00 -6.670999999999999847e-03 -2.230199999999999891e-02 9.997289999999999788e-01 2.280469999999999997e-01 -9.734410000000000007e-01 -2.019400000000000014e-02 9.736270000000000202e-01 2.278499999999999970e-01 1.158000000000000002e-02
1.200000000000000000e+01 1.010000000000000000e+02 7.000000000000000000e+00 0.000000000000000000e+00 1.600000000000000089e+00 -7.477000000000000139e-03 -4.479999999999999933e-04 9.999719999999999720e-01 8.792600000000000415e-01 4.762930000000000219e-01 6.787999999999999763e-03 -4.762830000000000119e-01 8.792860000000000120e-01 -3.167999999999999809e-03
1.900000000000000000e+01 1.010000000000000000e+02 7.000000000000000000e+00 0.000000000000000000e+00 1.600000000000000089e+00 4.248000000000000040e-03 -9.664999999999999980e-03 9.999440000000000550e-01 8.787329999999999863e-01 4.773129999999999873e-01 8.800000000000000313e-04 -4.772950000000000248e-01 8.786800000000000166e-01 1.052100000000000084e-02
2.000000000000000000e+00 2.500000000000000000e+01 8.000000000000000000e+00 0.000000000000000000e+00 1.600000000000000089e+00 4.040000000000000080e-04 6.281000000000000125e-03 -9.999799999999999800e-01 4.440729999999999955e-01 8.959719999999999906e-01 5.806999999999999662e-03 8.959899999999999531e-01 -4.440669999999999895e-01 -2.426999999999999904e-03
7.000000000000000000e+00 2.500000000000000000e+01 8.000000000000000000e+00 0.000000000000000000e+00 1.600000000000000089e+00 1.817999999999999955e-03 1.266999999999999897e-03 -9.999980000000000535e-01 4.451860000000000261e-01 8.954360000000000097e-01 1.943999999999999981e-03 8.954360000000000097e-01 -4.451879999999999726e-01 1.064000000000000059e-03
1.200000000000000000e+01 2.500000000000000000e+01 8.000000000000000000e+00 0.000000000000000000e+00 1.600000000000000089e+00 1.113999999999999973e-03 3.030000000000000141e-03 -9.999949999999999672e-01 4.439270000000000160e-01 8.960569999999999924e-01 3.210000000000000180e-03 8.960620000000000251e-01 -4.439279999999999893e-01 -3.469999999999999777e-04
1.600000000000000000e+01 2.500000000000000000e+01 8.000000000000000000e+00 0.000000000000000000e+00 1.600000000000000089e+00 -1.121000000000000035e-03 2.239999999999999804e-03 -9.999970000000000248e-01 4.433250000000000246e-01 8.963600000000000456e-01 1.510999999999999973e-03 8.963600000000000456e-01 -4.433219999999999938e-01 -1.998000000000000210e-03
2.300000000000000000e+01 2.500000000000000000e+01 8.000000000000000000e+00 0.000000000000000000e+00 1.600000000000000089e+00 3.310000000000000225e-04 -1.410000000000000012e-03 -9.999989999999999712e-01 4.425620000000000109e-01 8.967370000000000063e-01 -1.118000000000000070e-03 8.967380000000000351e-01 -4.425609999999999822e-01 9.210000000000000521e-04
2.800000000000000000e+01 2.500000000000000000e+01 8.000000000000000000e+00 0.000000000000000000e+00 1.600000000000000089e+00 1.222999999999999912e-03 -1.330000000000000019e-03 -9.999980000000000535e-01 4.415450000000000208e-01 8.972390000000000088e-01 -6.530000000000000431e-04 8.972379999999999800e-01 -4.415439999999999920e-01 1.683999999999999950e-03
2.000000000000000000e+00 2.400000000000000000e+01 9.000000000000000000e+00 0.000000000000000000e+00 1.600000000000000089e+00 -4.490000000000000176e-04 6.667000000000000183e-03 -9.999780000000000335e-01 4.459890000000000243e-01 8.950200000000000378e-01 5.767000000000000424e-03 8.950380000000000003e-01 -4.459759999999999835e-01 -3.374999999999999962e-03
7.000000000000000000e+00 2.400000000000000000e+01 9.000000000000000000e+00 0.000000000000000000e+00 1.600000000000000089e+00 1.561000000000000104e-03 2.821000000000000157e-03 -9.999949999999999672e-01 4.472260000000000124e-01 8.944149999999999601e-01 3.222000000000000038e-03 8.944199999999999928e-01 -4.472280000000000144e-01 1.340000000000000045e-04
1.200000000000000000e+01 2.400000000000000000e+01 9.000000000000000000e+00 0.000000000000000000e+00 1.600000000000000089e+00 1.317999999999999944e-03 2.948000000000000100e-03 -9.999949999999999672e-01 4.466269999999999962e-01 8.947140000000000093e-01 3.226999999999999834e-03 8.947190000000000420e-01 -4.466289999999999982e-01 -1.369999999999999961e-04
1.600000000000000000e+01 2.400000000000000000e+01 9.000000000000000000e+00 0.000000000000000000e+00 1.600000000000000089e+00 -8.890000000000000333e-04 3.060999999999999919e-03 -9.999949999999999672e-01 4.456499999999999906e-01 8.952039999999999997e-01 2.344000000000000163e-03 8.952069999999999750e-01 -4.456450000000000133e-01 -2.160000000000000028e-03
2.300000000000000000e+01 2.400000000000000000e+01 9.000000000000000000e+00 0.000000000000000000e+00 1.600000000000000089e+00 3.640000000000000115e-04 -2.848999999999999970e-03 -9.999959999999999960e-01 4.446760000000000157e-01 8.956880000000000397e-01 -2.389000000000000064e-03 8.956910000000000149e-01 -4.446729999999999849e-01 1.593000000000000015e-03
2.000000000000000000e+00 1.160000000000000000e+02 1.600000000000000000e+01 0.000000000000000000e+00 1.600000000000000089e+00 1.526000000000000013e-03 3.225000000000000002e-03 9.999940000000000495e-01 6.907980000000000231e-01 7.230400000000000160e-01 -3.386000000000000121e-03 -7.230459999999999665e-01 6.907990000000000519e-01 -1.123999999999999999e-03
1.300000000000000000e+01 1.160000000000000000e+02 1.600000000000000000e+01 0.000000000000000000e+00 1.600000000000000089e+00 7.759999999999999971e-04 -1.467999999999999904e-03 9.999989999999999712e-01 7.035740000000000327e-01 7.106219999999999759e-01 4.979999999999999618e-04 -7.106219999999999759e-01 7.035730000000000040e-01 1.583999999999999905e-03
2.000000000000000000e+01 1.160000000000000000e+02 1.600000000000000000e+01 0.000000000000000000e+00 1.600000000000000089e+00 -1.232000000000000022e-03 -4.440000000000000045e-04 9.999989999999999712e-01 6.937919999999999643e-01 7.201739999999999808e-01 1.175000000000000046e-03 -7.201739999999999808e-01 6.937929999999999930e-01 -5.789999999999999791e-04
4.000000000000000000e+00 2.000000000000000000e+00 1.900000000000000000e+01 0.000000000000000000e+00 1.600000000000000089e+00 2.428000000000000037e-03 -1.348000000000000023e-03 -9.999959999999999960e-01 1.808019999999999905e-01 -9.835180000000000033e-01 1.765000000000000076e-03 -9.835159999999999458e-01 -1.808059999999999945e-01 -2.144000000000000072e-03
1.100000000000000000e+01 2.000000000000000000e+00 1.900000000000000000e+01 0.000000000000000000e+00 1.600000000000000089e+00 -1.832000000000000078e-03 8.576999999999999555e-03 -9.999620000000000175e-01 1.856180000000000052e-01 -9.825829999999999842e-01 -8.767999999999999752e-03 -9.826200000000000490e-01 -1.856269999999999865e-01 2.079999999999999872e-04
1.600000000000000000e+01 2.000000000000000000e+00 1.900000000000000000e+01 0.000000000000000000e+00 1.600000000000000089e+00 9.200000000000000007e-05 9.627000000000000141e-03 -9.999540000000000095e-01 1.904740000000000044e-01 -9.816470000000000473e-01 -9.433000000000000412e-03 -9.816920000000000091e-01 -1.904639999999999944e-01 -1.923999999999999929e-03
2.000000000000000000e+01 2.000000000000000000e+00 1.900000000000000000e+01 0.000000000000000000e+00 1.600000000000000089e+00 3.298999999999999849e-03 -1.045500000000000075e-02 -9.999400000000000510e-01 1.931249999999999911e-01 -9.811140000000000416e-01 1.089599999999999944e-02 -9.811689999999999579e-01 -1.931489999999999874e-01 -1.217999999999999899e-03
3.000000000000000000e+01 2.000000000000000000e+00 1.900000000000000000e+01 0.000000000000000000e+00 1.600000000000000089e+00 1.182000000000000108e-03 -1.082100000000000076e-02 -9.999409999999999688e-01 1.912030000000000118e-01 -9.814899999999999736e-01 1.084700000000000074e-02 -9.815500000000000336e-01 -1.912050000000000138e-01 9.089999999999999773e-04
1.100000000000000000e+01 1.300000000000000000e+01 2.000000000000000000e+01 0.000000000000000000e+00 1.600000000000000089e+00 -1.358000000000000049e-03 -2.661000000000000171e-03 9.999959999999999960e-01 2.497640000000000138e-01 9.683019999999999960e-01 2.915000000000000056e-03 -9.683060000000000000e-01 2.497669999999999890e-01 -6.509999999999999945e-04
1.500000000000000000e+01 1.300000000000000000e+01 2.000000000000000000e+01 0.000000000000000000e+00 1.600000000000000089e+00 -2.580999999999999961e-03 -1.137799999999999923e-02 9.999320000000000430e-01 2.510240000000000249e-01 9.679109999999999658e-01 1.166099999999999949e-02 -9.679769999999999763e-01 2.510370000000000101e-01 3.579999999999999741e-04
2.800000000000000000e+01 1.300000000000000000e+01 2.000000000000000000e+01 0.000000000000000000e+00 1.600000000000000089e+00 2.420000000000000005e-04 -1.433000000000000029e-03 9.999989999999999712e-01 2.474570000000000103e-01 9.688980000000000370e-01 1.329000000000000103e-03 -9.688989999999999547e-01 2.474560000000000093e-01 5.890000000000000053e-04
1.000000000000000000e+00 1.600000000000000000e+01 2.100000000000000000e+01 0.000000000000000000e+00 1.600000000000000089e+00 4.323999999999999719e-03 6.760999999999999649e-03 9.999679999999999680e-01 2.982949999999999768e-01 9.544420000000000126e-01 -7.742999999999999883e-03 -9.544639999999999791e-01 2.983190000000000008e-01 2.109999999999999896e-03
5.000000000000000000e+00 1.600000000000000000e+01 2.100000000000000000e+01 0.000000000000000000e+00 1.600000000000000089e+00 4.921000000000000027e-03 1.182700000000000071e-02 9.999179999999999735e-01 2.970130000000000270e-01 9.547879999999999701e-01 -1.275500000000000071e-02 -9.548609999999999598e-01 2.970519999999999827e-01 1.185999999999999988e-03
1.600000000000000000e+01 1.600000000000000000e+01 2.100000000000000000e+01 0.000000000000000000e+00 1.600000000000000089e+00 -1.105000000000000079e-03 -9.658999999999999184e-03 9.999529999999999808e-01 2.966170000000000195e-01 9.549490000000000478e-01 9.551999999999999727e-03 -9.549959999999999560e-01 2.966139999999999888e-01 1.809000000000000061e-03
2.000000000000000000e+01 1.600000000000000000e+01 2.100000000000000000e+01 0.000000000000000000e+00 1.600000000000000089e+00 7.955999999999999531e-03 2.052999999999999964e-02 9.997580000000000355e-01 2.956679999999999864e-01 9.550380000000000535e-01 -2.196499999999999841e-02 -9.552580000000000515e-01 2.957710000000000061e-01 1.528000000000000061e-03
1.000000000000000000e+01 3.000000000000000000e+00 2.500000000000000000e+01 0.000000000000000000e+00 1.600000000000000089e+00 3.706999999999999792e-03 1.142999999999999919e-03 9.999919999999999920e-01 -5.600200000000000317e-02 -9.984300000000000397e-01 1.348999999999999939e-03 9.984239999999999782e-01 -5.600700000000000123e-02 -3.637000000000000042e-03
1.300000000000000000e+01 3.000000000000000000e+00 2.500000000000000000e+01 0.000000000000000000e+00 1.600000000000000089e+00 4.649000000000000354e-03 1.502000000000000036e-02 9.998759999999999870e-01 -5.224899999999999683e-02 -9.985180000000000167e-01 1.524299999999999961e-02 9.986230000000000384e-01 -5.231299999999999839e-02 -3.857000000000000185e-03
1.700000000000000000e+01 3.000000000000000000e+00 2.500000000000000000e+01 0.000000000000000000e+00 1.600000000000000089e+00 -1.730999999999999900e-03 7.695999999999999716e-03 9.999689999999999968e-01 -4.954000000000000070e-02 -9.987430000000000474e-01 7.601000000000000117e-03 9.987709999999999644e-01 -4.952600000000000058e-02 2.109999999999999896e-03
2.400000000000000000e+01 3.000000000000000000e+00 2.500000000000000000e+01 0.000000000000000000e+00 1.600000000000000089e+00 9.299999999999999727e-05 -1.719999999999999958e-03 9.999989999999999712e-01 -5.715100000000000041e-02 -9.983640000000000292e-01 -1.711999999999999980e-03 9.983659999999999757e-01 -5.715100000000000041e-02 -1.910000000000000077e-04
2.900000000000000000e+01 3.000000000000000000e+00 2.500000000000000000e+01 0.000000000000000000e+00 1.600000000000000089e+00 1.879000000000000028e-03 -1.423999999999999919e-03 9.999970000000000248e-01 -6.518300000000000483e-02 -9.978730000000000100e-01 -1.299000000000000024e-03 9.978719999999999812e-01 -6.518000000000000183e-02 -1.968000000000000131e-03
1.400000000000000000e+01 4.600000000000000000e+01 2.700000000000000000e+01 0.000000000000000000e+00 1.600000000000000089e+00 -5.379999999999999583e-04 -3.395000000000000014e-03 -9.999940000000000495e-01 6.625039999999999818e-01 7.490529999999999688e-01 -2.899999999999999800e-03 7.490590000000000304e-01 -6.625010000000000066e-01 1.846999999999999901e-03
2.600000000000000000e+01 4.600000000000000000e+01 2.700000000000000000e+01 0.000000000000000000e+00 1.600000000000000089e+00 -1.080000000000000014e-03 9.299999999999999727e-05 -9.999989999999999712e-01 6.590089999999999559e-01 7.521349999999999980e-01 -6.419999999999999925e-04 7.521339999999999693e-01 -6.590099999999999847e-01 -8.739999999999999939e-04
2.700000000000000000e+01 4.600000000000000000e+01 3.000000000000000000e+01 0.000000000000000000e+00 1.600000000000000089e+00 -7.860000000000000233e-04 2.024000000000000191e-03 -9.999980000000000535e-01 3.315520000000000134e-01 9.434350000000000236e-01 1.649000000000000075e-03 9.434369999999999701e-01 -3.315500000000000114e-01 -1.412999999999999977e-03
2.700000000000000000e+01 2.300000000000000000e+01 3.400000000000000000e+01 0.000000000000000000e+00 1.600000000000000089e+00 -6.579999999999999478e-04 1.943999999999999981e-03 9.999980000000000535e-01 4.016879999999999895e-01 -9.157739999999999769e-01 2.044999999999999943e-03 9.157760000000000344e-01 4.016890000000000183e-01 -1.779999999999999898e-04
2.700000000000000000e+01 4.200000000000000000e+01 3.400000000000000000e+01 0.000000000000000000e+00 1.600000000000000089e+00 -2.900000000000000017e-04 -1.404000000000000083e-03 -9.999989999999999712e-01 -2.910099999999999909e-01 9.567189999999999861e-01 -1.258999999999999920e-03 9.567200000000000149e-01 2.910099999999999909e-01 -6.859999999999999779e-04
4.000000000000000000e+00 4.600000000000000000e+01 3.500000000000000000e+01 0.000000000000000000e+00 1.600000000000000089e+00 1.430000000000000064e-04 -4.035999999999999657e-03 -9.999919999999999920e-01 3.884790000000000187e-01 -9.214499999999999913e-01 3.774000000000000011e-03 -9.214569999999999705e-01 -3.884770000000000167e-01 1.436999999999999909e-03
7.000000000000000000e+00 4.600000000000000000e+01 3.500000000000000000e+01 0.000000000000000000e+00 1.600000000000000089e+00 -2.210000000000000050e-04 -4.486000000000000404e-03 -9.999900000000000455e-01 3.892780000000000129e-01 -9.211110000000000131e-01 4.046000000000000117e-03 -9.211200000000000498e-01 -3.892729999999999801e-01 1.949999999999999910e-03
1.400000000000000000e+01 4.600000000000000000e+01 3.500000000000000000e+01 0.000000000000000000e+00 1.600000000000000089e+00 -2.082000000000000083e-03 1.590000000000000050e-03 -9.999970000000000248e-01 3.908929999999999905e-01 -9.204329999999999457e-01 -2.276999999999999944e-03 -9.204339999999999744e-01 -3.908969999999999945e-01 1.294999999999999927e-03
2.000000000000000000e+01 4.600000000000000000e+01 3.500000000000000000e+01 0.000000000000000000e+00 1.600000000000000089e+00 5.372000000000000039e-03 -5.363999999999999845e-03 -9.999710000000000543e-01 3.872209999999999819e-01 -9.219600000000000017e-01 7.024999999999999994e-03 -9.219709999999999850e-01 -3.872470000000000079e-01 -2.874999999999999951e-03
2.300000000000000000e+01 4.600000000000000000e+01 3.500000000000000000e+01 0.000000000000000000e+00 1.600000000000000089e+00 3.537999999999999912e-03 -3.847000000000000159e-03 -9.999860000000000415e-01 3.847690000000000277e-01 -9.230000000000000426e-01 4.911999999999999700e-03 -9.230059999999999931e-01 -3.847809999999999842e-01 -1.784999999999999911e-03
2.800000000000000000e+01 4.600000000000000000e+01 3.500000000000000000e+01 0.000000000000000000e+00 1.600000000000000089e+00 7.560000000000000530e-04 -8.989999999999999511e-04 -9.999989999999999712e-01 3.824480000000000102e-01 -9.239760000000000195e-01 1.119999999999999902e-03 -9.239770000000000483e-01 -3.824489999999999834e-01 -3.539999999999999853e-04
1.500000000000000000e+01 9.500000000000000000e+01 3.600000000000000000e+01 0.000000000000000000e+00 1.600000000000000089e+00 -7.440999999999999698e-03 -1.290499999999999980e-02 9.998890000000000278e-01 9.979479999999999462e-01 6.349299999999999389e-02 8.245999999999999858e-03 -6.359299999999999675e-02 9.978989999999999805e-01 1.240600000000000036e-02
2.500000000000000000e+01 9.500000000000000000e+01 3.600000000000000000e+01 0.000000000000000000e+00 1.600000000000000089e+00 1.593800000000000078e-02 2.347499999999999934e-02 9.995969999999999578e-01 9.973480000000000123e-01 7.062699999999999534e-02 -1.756100000000000022e-02 -7.101100000000000467e-02 9.972269999999999746e-01 -2.228700000000000125e-02
2.900000000000000000e+01 9.500000000000000000e+01 3.700000000000000000e+01 0.000000000000000000e+00 1.600000000000000089e+00 9.891999999999999751e-03 1.920999999999999965e-03 9.999489999999999768e-01 9.955669999999999797e-01 9.352399999999999602e-02 -1.002800000000000046e-02 -9.353799999999999615e-02 9.956150000000000277e-01 -9.870000000000000301e-04
8.000000000000000000e+00 2.900000000000000000e+01 4.400000000000000000e+01 0.000000000000000000e+00 1.600000000000000089e+00 -5.469999999999999602e-04 -1.527300000000000012e-02 -9.998829999999999663e-01 6.756550000000000056e-01 7.371269999999999767e-01 -1.162900000000000045e-02 7.372180000000000399e-01 -6.755820000000000158e-01 9.915999999999999467e-03
1.800000000000000000e+01 2.900000000000000000e+01 4.400000000000000000e+01 0.000000000000000000e+00 1.600000000000000089e+00 3.226000000000000135e-03 5.636999999999999650e-03 -9.999789999999999512e-01 6.404900000000000038e-01 7.679399999999999560e-01 6.394999999999999643e-03 7.679599999999999760e-01 -6.404969999999999830e-01 -1.132999999999999893e-03
2.600000000000000000e+01 2.900000000000000000e+01 4.400000000000000000e+01 0.000000000000000000e+00 1.600000000000000089e+00 -6.849999999999999535e-04 -5.289999999999999564e-04 -1.000000000000000000e+00 6.430289999999999617e-01 7.658409999999999940e-01 -8.459999999999999638e-04 7.658409999999999940e-01 -6.430289999999999617e-01 -1.849999999999999973e-04
3.000000000000000000e+01 2.900000000000000000e+01 4.400000000000000000e+01 0.000000000000000000e+00 1.600000000000000089e+00 -2.809999999999999998e-04 4.769999999999999934e-04 -1.000000000000000000e+00 6.499340000000000117e-01 7.599900000000000544e-01 1.800000000000000113e-04 7.599900000000000544e-01 -6.499340000000000117e-01 -5.230000000000000274e-04
2.500000000000000000e+01 6.500000000000000000e+01 4.600000000000000000e+01 0.000000000000000000e+00 1.600000000000000089e+00 1.010000000000000020e-04 -1.490000000000000005e-03 9.999989999999999712e-01 6.795179999999999554e-01 -7.336580000000000323e-01 -1.162000000000000055e-03 7.336589999999999501e-01 6.795179999999999554e-01 9.389999999999999476e-04
3.000000000000000000e+00 2.700000000000000000e+01 4.800000000000000000e+01 0.000000000000000000e+00 1.600000000000000089e+00 -3.510999999999999798e-03 -7.039199999999999624e-02 -9.975129999999999830e-01 -2.377559999999999951e-01 9.689740000000000020e-01 -6.754100000000000381e-02 9.713190000000000435e-01 2.369279999999999997e-01 -2.013799999999999965e-02
6.000000000000000000e+00 2.900000000000000000e+01 4.800000000000000000e+01 0.000000000000000000e+00 1.600000000000000089e+00 -8.521000000000000796e-03 -8.256299999999999750e-02 9.965490000000000181e-01 3.774000000000000132e-01 9.226170000000000204e-01 7.966399999999999870e-02 -9.260110000000000285e-01 3.767759999999999998e-01 2.329799999999999927e-02
1.400000000000000000e+01 5.000000000000000000e+00 5.100000000000000000e+01 0.000000000000000000e+00 1.600000000000000089e+00 1.219000000000000031e-03 -8.340000000000000191e-03 -9.999639999999999640e-01 4.879000000000000004e-01 -8.728639999999999732e-01 7.875000000000000056e-03 -8.728989999999999805e-01 -4.878919999999999924e-01 3.005999999999999991e-03
2.000000000000000000e+01 5.000000000000000000e+00 5.100000000000000000e+01 0.000000000000000000e+00 1.600000000000000089e+00 -2.703999999999999806e-03 3.999999999999999819e-06 -9.999959999999999960e-01 4.876460000000000239e-01 -8.730400000000000382e-01 -1.322000000000000041e-03 -8.730369999999999520e-01 -4.876480000000000259e-01 2.358999999999999986e-03
1.300000000000000000e+01 3.900000000000000000e+01 5.100000000000000000e+01 0.000000000000000000e+00 1.600000000000000089e+00 -1.027800000000000068e-02 -3.279429999999999845e-01 9.446419999999999817e-01 3.330290000000000195e-01 8.896370000000000111e-01 3.124709999999999988e-01 -9.428600000000000314e-01 3.178050000000000042e-01 1.000709999999999933e-01
7.000000000000000000e+00 1.150000000000000000e+02 5.100000000000000000e+01 0.000000000000000000e+00 1.600000000000000089e+00 2.122000000000000188e-03 1.456900000000000035e-02 9.998920000000000030e-01 8.456129999999999480e-01 -5.337640000000000162e-01 5.982999999999999603e-03 5.337929999999999620e-01 8.455080000000000373e-01 -1.345299999999999968e-02
1.200000000000000000e+01 7.000000000000000000e+00 5.200000000000000000e+01 0.000000000000000000e+00 1.600000000000000089e+00 -2.680999999999999790e-03 -6.507999999999999896e-03 -9.999749999999999472e-01 1.068759999999999988e-01 -9.942530000000000534e-01 6.184000000000000261e-03 -9.942689999999999584e-01 -1.068569999999999937e-01 3.360999999999999838e-03
1.400000000000000000e+01 4.000000000000000000e+01 5.200000000000000000e+01 0.000000000000000000e+00 1.600000000000000089e+00 2.435000000000000098e-03 -2.116449999999999998e-01 9.773429999999999618e-01 1.693580000000000085e-01 9.633150000000000324e-01 2.081860000000000099e-01 -9.855519999999999836e-01 1.650139999999999940e-01 3.819000000000000172e-02
2.100000000000000000e+01 4.200000000000000000e+01 5.200000000000000000e+01 0.000000000000000000e+00 1.600000000000000089e+00 3.333499999999999658e-02 -6.811089999999999645e-01 7.314230000000000453e-01 8.296499999999999708e-02 7.311900000000000066e-01 6.771099999999999897e-01 -9.959949999999999637e-01 3.811099999999999904e-02 8.088199999999999557e-02
2.700000000000000000e+01 4.400000000000000000e+01 5.300000000000000000e+01 0.000000000000000000e+00 1.600000000000000089e+00 6.183999999999999914e-02 -5.127859999999999641e-01 -8.562859999999999916e-01 8.682700000000000140e-02 -8.519120000000000026e-01 5.164370000000000349e-01 -9.943020000000000191e-01 -1.062850000000000045e-01 -8.158000000000000321e-03
2.600000000000000000e+01 4.500000000000000000e+01 5.300000000000000000e+01 0.000000000000000000e+00 1.600000000000000089e+00 8.199800000000000144e-02 -6.697490000000000387e-01 -7.380470000000000086e-01 8.233899999999999553e-02 -7.334559999999999969e-01 6.747309999999999697e-01 -9.932250000000000245e-01 -1.160960000000000047e-01 -4.995999999999999573e-03
2.500000000000000000e+01 4.600000000000000000e+01 5.300000000000000000e+01 0.000000000000000000e+00 1.600000000000000089e+00 1.037099999999999966e-01 -7.297230000000000105e-01 -6.758319999999999883e-01 1.066239999999999966e-01 -6.674229999999999885e-01 7.370060000000000500e-01 -9.888759999999999772e-01 -1.484949999999999881e-01 8.588000000000000148e-03
5.000000000000000000e+00 6.300000000000000000e+01 5.400000000000000000e+01 0.000000000000000000e+00 1.600000000000000089e+00 4.139999999999999800e-04 -4.949000000000000274e-03 9.999879999999999880e-01 -3.704069999999999863e-01 9.288579999999999615e-01 4.749999999999999882e-03 -9.288699999999999735e-01 -3.704040000000000110e-01 -1.448000000000000068e-03
1.100000000000000000e+01 6.300000000000000000e+01 5.400000000000000000e+01 0.000000000000000000e+00 1.600000000000000089e+00 -1.000000000000000048e-04 -5.199999999999999680e-05 1.000000000000000000e+00 -3.636110000000000175e-01 9.315510000000000179e-01 1.200000000000000030e-05 -9.315510000000000179e-01 -3.636110000000000175e-01 -1.119999999999999983e-04
1.400000000000000000e+01 6.300000000000000000e+01 5.400000000000000000e+01 0.000000000000000000e+00 1.600000000000000089e+00 -6.329999999999999906e-04 1.275000000000000092e-03 9.999989999999999712e-01 -3.637199999999999878e-01 9.315069999999999739e-01 -1.417999999999999990e-03 -9.315080000000000027e-01 -3.637199999999999878e-01 -1.259999999999999998e-04
1.800000000000000000e+01 6.300000000000000000e+01 5.400000000000000000e+01 0.000000000000000000e+00 1.600000000000000089e+00 -4.040000000000000080e-04 2.187000000000000142e-03 9.999980000000000535e-01 -3.621670000000000167e-01 9.321110000000000229e-01 -2.184999999999999876e-03 -9.321129999999999693e-01 -3.621670000000000167e-01 4.159999999999999744e-04
2.200000000000000000e+01 6.300000000000000000e+01 5.400000000000000000e+01 0.000000000000000000e+00 1.600000000000000089e+00 -7.990000000000000140e-04 4.428999999999999777e-03 9.999900000000000455e-01 -3.602719999999999811e-01 9.328370000000000273e-01 -4.419000000000000185e-03 -9.328469999999999818e-01 -3.602719999999999811e-01 8.499999999999999526e-04
2.900000000000000000e+01 6.300000000000000000e+01 5.400000000000000000e+01 0.000000000000000000e+00 1.600000000000000089e+00 -5.739999999999999660e-04 3.135999999999999899e-03 9.999949999999999672e-01 -3.474470000000000058e-01 9.376940000000000275e-01 -3.139999999999999996e-03 -9.376989999999999492e-01 -3.474470000000000058e-01 5.519999999999999733e-04
1.900000000000000000e+01 2.500000000000000000e+01 5.500000000000000000e+01 0.000000000000000000e+00 1.600000000000000089e+00 3.209999999999999963e-04 -4.262000000000000163e-03 -9.999909999999999632e-01 -1.220000000000000077e-02 -9.999160000000000270e-01 4.257999999999999632e-03 -9.999259999999999815e-01 1.219800000000000051e-02 -3.730000000000000134e-04
2.400000000000000000e+01 2.500000000000000000e+01 5.500000000000000000e+01 0.000000000000000000e+00 1.600000000000000089e+00 -5.330000000000000536e-04 -3.030000000000000141e-03 -9.999949999999999672e-01 -1.132700000000000026e-02 -9.999310000000000143e-01 3.036000000000000070e-03 -9.999360000000000470e-01 1.132799999999999953e-02 4.979999999999999618e-04
1.600000000000000000e+01 7.600000000000000000e+01 5.600000000000000000e+01 0.000000000000000000e+00 1.600000000000000089e+00 1.330000000000000019e-03 -2.831999999999999882e-03 -9.999949999999999672e-01 -1.389890000000000014e-01 9.902889999999999748e-01 -2.988999999999999903e-03 9.902929999999999788e-01 1.389920000000000044e-01 9.229999999999999923e-04
2.100000000000000000e+01 4.600000000000000000e+01 5.700000000000000000e+01 0.000000000000000000e+00 1.600000000000000089e+00 3.769999999999999914e-03 -5.572740000000000471e-01 -8.303199999999999470e-01 -1.910900000000000098e-01 -8.154259999999999842e-01 5.464109999999999800e-01 -9.815650000000000208e-01 1.566059999999999952e-01 -1.095629999999999937e-01
2.200000000000000000e+01 6.800000000000000000e+01 5.700000000000000000e+01 0.000000000000000000e+00 1.600000000000000089e+00 1.482000000000000027e-03 2.103999999999999967e-03 -9.999970000000000248e-01 -2.506829999999999892e-01 -9.680659999999999821e-01 -2.407999999999999984e-03 -9.680680000000000396e-01 2.506860000000000199e-01 -9.079999999999999530e-04
2.900000000000000000e+01 6.800000000000000000e+01 5.700000000000000000e+01 0.000000000000000000e+00 1.600000000000000089e+00 -1.150000000000000035e-04 -1.013099999999999938e-02 -9.999489999999999768e-01 -2.501539999999999875e-01 -9.681560000000000166e-01 9.837999999999999523e-03 -9.682060000000000111e-01 2.501430000000000042e-01 -2.422999999999999807e-03
1.000000000000000000e+00 2.100000000000000000e+01 6.000000000000000000e+01 0.000000000000000000e+00 1.600000000000000089e+00 -3.719999999999999891e-04 1.791999999999999973e-03 9.999980000000000535e-01 -9.431000000000000494e-02 9.955410000000000093e-01 -1.819000000000000087e-03 -9.955429999999999557e-01 -9.431100000000000594e-02 -2.010000000000000068e-04
8.000000000000000000e+00 2.100000000000000000e+01 6.000000000000000000e+01 0.000000000000000000e+00 1.600000000000000089e+00 5.829999999999999679e-04 -6.480000000000000300e-04 1.000000000000000000e+00 -9.644300000000000095e-02 9.953379999999999450e-01 7.010000000000000172e-04 -9.953379999999999450e-01 -9.644300000000000095e-02 5.180000000000000143e-04
1.100000000000000000e+01 2.100000000000000000e+01 6.000000000000000000e+01 0.000000000000000000e+00 1.600000000000000089e+00 8.970000000000000109e-04 -3.518999999999999993e-03 9.999930000000000208e-01 -9.804300000000000515e-02 9.951759999999999495e-01 3.589999999999999875e-03 -9.951820000000000110e-01 -9.804499999999999327e-02 5.479999999999999845e-04
1.700000000000000000e+01 2.100000000000000000e+01 6.000000000000000000e+01 0.000000000000000000e+00 1.600000000000000089e+00 -7.110000000000000434e-04 4.891999999999999647e-03 9.999879999999999880e-01 -9.944100000000000161e-02 9.950309999999999988e-01 -4.937999999999999681e-03 -9.950430000000000108e-01 -9.944400000000000461e-02 -2.210000000000000050e-04
2.100000000000000000e+01 2.100000000000000000e+01 6.000000000000000000e+01 0.000000000000000000e+00 1.600000000000000089e+00 -1.797999999999999902e-03 -7.690000000000000438e-04 9.999980000000000535e-01 -9.942600000000000049e-02 9.950449999999999573e-01 5.860000000000000408e-04 -9.950430000000000108e-01 -9.942499999999999949e-02 -1.864999999999999904e-03
2.700000000000000000e+01 2.100000000000000000e+01 6.000000000000000000e+01 0.000000000000000000e+00 1.600000000000000089e+00 3.144000000000000093e-03 5.689999999999999745e-03 9.999789999999999512e-01 -9.785900000000000154e-02 9.951860000000000150e-01 -5.355000000000000385e-03 -9.951950000000000518e-01 -9.783999999999999642e-02 3.686000000000000040e-03
3.000000000000000000e+00 2.700000000000000000e+01 6.300000000000000000e+01 0.000000000000000000e+00 1.600000000000000089e+00 -2.879000000000000049e-03 -3.965999999999999907e-03 9.999879999999999880e-01 -2.736640000000000184e-01 9.618210000000000370e-01 3.027000000000000177e-03 -9.618210000000000370e-01 -2.736520000000000064e-01 -3.854999999999999920e-03
9.000000000000000000e+00 2.700000000000000000e+01 6.300000000000000000e+01 0.000000000000000000e+00 1.600000000000000089e+00 -1.270999999999999994e-03 -2.951000000000000064e-03 9.999949999999999672e-01 -2.794380000000000197e-01 9.601600000000000135e-01 2.478999999999999867e-03 -9.601629999999999887e-01 -2.794340000000000157e-01 -2.044999999999999943e-03
1.200000000000000000e+01 2.700000000000000000e+01 6.300000000000000000e+01 0.000000000000000000e+00 1.600000000000000089e+00 1.116999999999999937e-03 -2.539999999999999940e-04 9.999989999999999712e-01 -2.789940000000000198e-01 9.602929999999999522e-01 5.550000000000000462e-04 -9.602920000000000345e-01 -2.789940000000000198e-01 1.002000000000000069e-03
1.600000000000000000e+01 2.700000000000000000e+01 6.300000000000000000e+01 0.000000000000000000e+00 1.600000000000000089e+00 3.039000000000000035e-03 1.832999999999999994e-03 9.999940000000000495e-01 -2.750040000000000262e-01 9.614430000000000476e-01 -9.259999999999999568e-04 -9.614380000000000148e-01 -2.749989999999999934e-01 3.425999999999999792e-03
2.200000000000000000e+01 2.700000000000000000e+01 6.300000000000000000e+01 0.000000000000000000e+00 1.600000000000000089e+00 1.749999999999999982e-04 6.648000000000000263e-03 9.999780000000000335e-01 -2.728180000000000049e-01 9.620450000000000390e-01 -6.348000000000000344e-03 -9.620659999999999767e-01 -2.728110000000000257e-01 1.981999999999999821e-03
2.900000000000000000e+01 2.700000000000000000e+01 6.300000000000000000e+01 0.000000000000000000e+00 1.600000000000000089e+00 4.147999999999999778e-03 -4.629000000000000302e-03 9.999810000000000088e-01 -2.702899999999999747e-01 9.627630000000000354e-01 5.577999999999999625e-03 -9.627700000000000147e-01 -2.703079999999999927e-01 2.742000000000000080e-03
8.000000000000000000e+00 4.400000000000000000e+01 6.300000000000000000e+01 0.000000000000000000e+00 1.600000000000000089e+00 9.809999999999999276e-03 -2.874700000000000172e-02 -9.995389999999999553e-01 -7.163720000000000088e-01 -6.975970000000000226e-01 1.303200000000000018e-02 -6.976489999999999636e-01 7.159140000000000503e-01 -2.743699999999999958e-02
3.000000000000000000e+00 2.600000000000000000e+01 6.400000000000000000e+01 0.000000000000000000e+00 1.600000000000000089e+00 -2.645000000000000216e-03 -3.791000000000000099e-03 9.999890000000000168e-01 -3.617400000000000060e-01 9.322759999999999936e-01 2.576999999999999864e-03 -9.322749999999999648e-01 -3.617290000000000227e-01 -3.837000000000000133e-03
9.000000000000000000e+00 2.600000000000000000e+01 6.400000000000000000e+01 0.000000000000000000e+00 1.600000000000000089e+00 -1.020999999999999989e-03 -2.730999999999999921e-03 9.999959999999999960e-01 -3.693850000000000189e-01 9.292740000000000444e-01 2.161000000000000160e-03 -9.292759999999999909e-01 -3.693810000000000149e-01 -1.958000000000000105e-03
1.200000000000000000e+01 2.600000000000000000e+01 6.400000000000000000e+01 0.000000000000000000e+00 1.600000000000000089e+00 7.100000000000000191e-04 7.169999999999999724e-04 9.999989999999999712e-01 -3.692460000000000186e-01 9.293310000000000182e-01 -4.049999999999999781e-04 -9.293310000000000182e-01 -3.692460000000000186e-01 9.250000000000000409e-04
1.600000000000000000e+01 2.600000000000000000e+01 6.400000000000000000e+01 0.000000000000000000e+00 1.600000000000000089e+00 2.407999999999999984e-03 2.128999999999999816e-03 9.999949999999999672e-01 -3.634129999999999860e-01 9.316269999999999829e-01 -1.108000000000000044e-03 -9.316250000000000364e-01 -3.634089999999999820e-01 3.017000000000000150e-03
2.200000000000000000e+01 2.600000000000000000e+01 6.400000000000000000e+01 0.000000000000000000e+00 1.600000000000000089e+00 -4.380000000000000213e-04 1.141000000000000087e-03 9.999989999999999712e-01 -3.600720000000000032e-01 9.329239999999999755e-01 -1.222999999999999912e-03 -9.329250000000000043e-01 -3.600720000000000032e-01 1.999999999999999909e-06
2.800000000000000000e+01 2.600000000000000000e+01 6.400000000000000000e+01 0.000000000000000000e+00 1.600000000000000089e+00 3.899000000000000122e-03 5.780000000000000415e-03 9.999759999999999760e-01 -3.574970000000000092e-01 9.339060000000000139e-01 -4.003999999999999747e-03 -9.339060000000000139e-01 -3.574720000000000120e-01 5.707000000000000267e-03
1.100000000000000000e+01 5.600000000000000000e+01 6.400000000000000000e+01 0.000000000000000000e+00 1.600000000000000089e+00 -1.450450000000000073e-01 2.622380000000000266e-01 -9.540410000000000279e-01 1.317499999999999921e-02 9.646639999999999660e-01 2.631539999999999990e-01 9.893370000000000219e-01 2.559900000000000023e-02 -1.433740000000000014e-01
2.700000000000000000e+01 4.800000000000000000e+01 6.500000000000000000e+01 0.000000000000000000e+00 1.600000000000000089e+00 -1.528239999999999876e-01 2.075059999999999960e-01 -9.662230000000000540e-01 -1.037949999999999984e-01 9.689290000000000402e-01 2.245040000000000091e-01 9.827879999999999949e-01 1.345989999999999964e-01 -1.265380000000000116e-01
2.800000000000000000e+01 4.900000000000000000e+01 6.600000000000000000e+01 0.000000000000000000e+00 1.600000000000000089e+00 -1.601400000000000046e-01 1.644940000000000013e-01 -9.732920000000000460e-01 -2.275689999999999935e-01 9.533030000000000115e-01 1.985590000000000133e-01 9.605040000000000244e-01 2.532880000000000131e-01 -1.152279999999999971e-01
2.100000000000000000e+01 5.100000000000000000e+01 6.600000000000000000e+01 0.000000000000000000e+00 1.600000000000000089e+00 2.218610000000000027e-01 9.706099999999999450e-02 9.702349999999999586e-01 4.330049999999999732e-01 8.817340000000000177e-01 -1.872209999999999985e-01 -8.736610000000000209e-01 4.616540000000000088e-01 1.535950000000000093e-01
3.000000000000000000e+00 6.900000000000000000e+01 6.600000000000000000e+01 0.000000000000000000e+00 1.600000000000000089e+00 7.269999999999999987e-04 4.184000000000000219e-03 9.999909999999999632e-01 -9.504730000000000123e-01 3.108079999999999732e-01 -6.089999999999999494e-04 -3.108069999999999999e-01 -9.504639999999999755e-01 4.203000000000000139e-03
4.000000000000000000e+00 4.300000000000000000e+01 7.300000000000000000e+01 0.000000000000000000e+00 1.600000000000000089e+00 -4.853899999999999881e-02 -1.123090000000000060e-01 9.924870000000000081e-01 4.824200000000000016e-02 -9.927620000000000333e-01 -1.099809999999999954e-01 9.976559999999999873e-01 4.254100000000000242e-02 5.360499999999999987e-02
2.800000000000000000e+01 4.300000000000000000e+01 7.300000000000000000e+01 0.000000000000000000e+00 1.600000000000000089e+00 -2.281599999999999948e-02 -6.013399999999999995e-02 9.979289999999999550e-01 2.776700000000000002e-02 -9.978420000000000067e-01 -5.949399999999999827e-02 9.993539999999999646e-01 2.635200000000000042e-02 2.443700000000000039e-02
4.000000000000000000e+00 2.500000000000000000e+01 7.400000000000000000e+01 0.000000000000000000e+00 1.600000000000000089e+00 7.529999999999999801e-04 -1.376999999999999969e-03 9.999989999999999712e-01 8.280199999999999783e-01 -5.606970000000000010e-01 -1.394999999999999973e-03 5.606989999999999474e-01 8.280199999999999783e-01 7.179999999999999967e-04
9.000000000000000000e+00 2.500000000000000000e+01 7.400000000000000000e+01 0.000000000000000000e+00 1.600000000000000089e+00 -3.445999999999999844e-03 -9.105999999999999511e-03 9.999529999999999808e-01 8.202129999999999699e-01 -5.720530000000000337e-01 -2.383000000000000135e-03 5.720480000000000009e-01 8.201659999999999506e-01 9.440000000000000474e-03
1.600000000000000000e+01 2.500000000000000000e+01 7.400000000000000000e+01 0.000000000000000000e+00 1.600000000000000089e+00 -2.939999999999999905e-04 2.569000000000000103e-03 9.999970000000000248e-01 8.212439999999999740e-01 -5.705750000000000544e-01 1.706999999999999967e-03 5.705780000000000296e-01 8.212409999999999988e-01 -1.941999999999999933e-03
2.000000000000000000e+01 2.500000000000000000e+01 7.400000000000000000e+01 0.000000000000000000e+00 1.600000000000000089e+00 6.799999999999999946e-05 6.459999999999999814e-04 1.000000000000000000e+00 8.245810000000000084e-01 -5.657440000000000246e-01 3.089999999999999756e-04 5.657440000000000246e-01 8.245810000000000084e-01 -5.720000000000000258e-04
